# Joint_B_Angle(deg), Cam_X(mm), Cam_Y(mm), Cam_Z(mm), Torso_X(mm), Torso_Y(mm), Torso_Z(mm), EE_X(mm), EE_Y(mm), EE_Z(mm), T_cam2marker_flat(16), T_torso2marker_flat(16), T_ee2marker_flat(16)
-19.9994, 74.9089, 106.7589, 492.9314, 561.9284, -65.9092, 150.2830, 86.9747, 4.3194, -13.5035, -0.374186, -0.781320, -0.499523, 0.074909, 0.877884, -0.124863, -0.462308, 0.106759, 0.298839, -0.611513, 0.732631, 0.492931, 0.000000, 0.000000, 0.000000, 1.000000, 0.298788, -0.611505, 0.732658, 0.561928, 0.374185, 0.781321, 0.499523, -0.065909, -0.877902, 0.124898, 0.462265, 0.150283, 0.000000, 0.000000, 0.000000, 1.000000, 0.009233, 0.088221, -0.996058, 0.086975, -0.998819, -0.046702, -0.013395, 0.004319, -0.047700, 0.995005, 0.087686, -0.013504, 0.000000, 0.000000, 0.000000, 1.000000
-19.9994, 74.9089, 106.7619, 492.9317, 561.9287, -65.9092, 150.2797, 86.9747, 4.3194, -13.5035, -0.374187, -0.781320, -0.499523, 0.074909, 0.877885, -0.124868, -0.462305, 0.106762, 0.298834, -0.611512, 0.732633, 0.492932, 0.000000, 0.000000, 0.000000, 1.000000, 0.298782, -0.611504, 0.732661, 0.561929, 0.374187, 0.781320, 0.499522, -0.065909, -0.877903, 0.124904, 0.462262, 0.150280, 0.000000, 0.000000, 0.000000, 1.000000, 0.009233, 0.088221, -0.996058, 0.086975, -0.998819, -0.046702, -0.013395, 0.004319, -0.047700, 0.995005, 0.087686, -0.013504, 0.000000, 0.000000, 0.000000, 1.000000
-19.9994, 74.9089, 106.7626, 492.9317, 561.9287, -65.9092, 150.2790, 86.9747, 4.3194, -13.5035, -0.374188, -0.781320, -0.499522, 0.074909, 0.877885, -0.124869, -0.462304, 0.106763, 0.298833, -0.611512, 0.732634, 0.492932, 0.000000, 0.000000, 0.000000, 1.000000, 0.298781, -0.611504, 0.732661, 0.561929, 0.374188, 0.781320, 0.499522, -0.065909, -0.877903, 0.124905, 0.462261, 0.150279, 0.000000, 0.000000, 0.000000, 1.000000, 0.009233, 0.088221, -0.996058, 0.086975, -0.998819, -0.046702, -0.013396, 0.004319, -0.047700, 0.995005, 0.087686, -0.013504, 0.000000, 0.000000, 0.000000, 1.000000
-19.9994, 74.9089, 106.7627, 492.9317, 561.9287, -65.9092, 150.2788, 86.9747, 4.3194, -13.5035, -0.374188, -0.781320, -0.499522, 0.074909, 0.877885, -0.124870, -0.462304, 0.106763, 0.298832, -0.611512, 0.732634, 0.492932, 0.000000, 0.000000, 0.000000, 1.000000, 0.298780, -0.611504, 0.732661, 0.561929, 0.374188, 0.781320, 0.499522, -0.065909, -0.877903, 0.124906, 0.462261, 0.150279, 0.000000, 0.000000, 0.000000, 1.000000, 0.009234, 0.088221, -0.996058, 0.086975, -0.998819, -0.046702, -0.013396, 0.004319, -0.047700, 0.995005, 0.087686, -0.013504, 0.000000, 0.000000, 0.000000, 1.000000
-19.9994, 74.9090, 106.7600, 492.9313, 561.9283, -65.9092, 150.2813, 86.9747, 4.3194, -13.5035, -0.374188, -0.781320, -0.499522, 0.074909, 0.877884, -0.124867, -0.462308, 0.106760, 0.298836, -0.611512, 0.732632, 0.492931, 0.000000, 0.000000, 0.000000, 1.000000, 0.298784, -0.611504, 0.732660, 0.561928, 0.374188, 0.781320, 0.499522, -0.065909, -0.877902, 0.124903, 0.462264, 0.150281, 0.000000, 0.000000, 0.000000, 1.000000, 0.009234, 0.088221, -0.996058, 0.086975, -0.998819, -0.046702, -0.013396, 0.004319, -0.047700, 0.995005, 0.087686, -0.013504, 0.000000, 0.000000, 0.000000, 1.000000
-19.9994, 74.9091, 106.7581, 492.9311, 561.9281, -65.9093, 150.2830, 86.9747, 4.3194, -13.5035, -0.374188, -0.781320, -0.499522, 0.074909, 0.877883, -0.124865, -0.462310, 0.106758, 0.298839, -0.611512, 0.732631, 0.492931, 0.000000, 0.000000, 0.000000, 1.000000, 0.298787, -0.611505, 0.732659, 0.561928, 0.374188, 0.781321, 0.499521, -0.065909, -0.877901, 0.124901, 0.462266, 0.150283, 0.000000, 0.000000, 0.000000, 1.000000, 0.009234, 0.088221, -0.996058, 0.086975, -0.998819, -0.046702, -0.013396, 0.004319, -0.047700, 0.995005, 0.087686, -0.013504, 0.000000, 0.000000, 0.000000, 1.000000
-19.9994, 74.9092, 106.7531, 492.9305, 561.9275, -65.9094, 150.2879, 86.9747, 4.3194, -13.5035, -0.374186, -0.781321, -0.499522, 0.074909, 0.877881, -0.124858, -0.462315, 0.106753, 0.298847, -0.611513, 0.732627, 0.492931, 0.000000, 0.000000, 0.000000, 1.000000, 0.298795, -0.611505, 0.732655, 0.561927, 0.374186, 0.781321, 0.499522, -0.065909, -0.877899, 0.124895, 0.462271, 0.150288, 0.000000, 0.000000, 0.000000, 1.000000, 0.009234, 0.088221, -0.996058, 0.086975, -0.998819, -0.046702, -0.013396, 0.004319, -0.047700, 0.995005, 0.087686, -0.013504, 0.000000, 0.000000, 0.000000, 1.000000
-19.9992, 74.9094, 106.7464, 492.9297, 561.9266, -65.9097, 150.2945, 86.9747, 4.3194, -13.5035, -0.374182, -0.781322, -0.499523, 0.074909, 0.877879, -0.124848, -0.462321, 0.106746, 0.298857, -0.611513, 0.732623, 0.492930, 0.000000, 0.000000, 0.000000, 1.000000, 0.298805, -0.611505, 0.732651, 0.561927, 0.374182, 0.781323, 0.499522, -0.065910, -0.877897, 0.124885, 0.462277, 0.150294, 0.000000, 0.000000, 0.000000, 1.000000, 0.009234, 0.088221, -0.996058, 0.086975, -0.998819, -0.046702, -0.013396, 0.004319, -0.047700, 0.995005, 0.087686, -0.013504, 0.000000, 0.000000, 0.000000, 1.000000
-19.9990, 74.9098, 106.7381, 492.9286, 561.9255, -65.9101, 150.3026, 86.9747, 4.3194, -13.5035, -0.374176, -0.781324, -0.499524, 0.074910, 0.877878, -0.124836, -0.462328, 0.106738, 0.298869, -0.611513, 0.732618, 0.492929, 0.000000, 0.000000, 0.000000, 1.000000, 0.298816, -0.611505, 0.732646, 0.561926, 0.374176, 0.781325, 0.499524, -0.065910, -0.877896, 0.124873, 0.462283, 0.150303, 0.000000, 0.000000, 0.000000, 1.000000, 0.009234, 0.088221, -0.996058, 0.086975, -0.998819, -0.046702, -0.013396, 0.004319, -0.047700, 0.995005, 0.087686, -0.013504, 0.000000, 0.000000, 0.000000, 1.000000
-19.9981, 74.9109, 106.7226, 492.9264, 561.9233, -65.9111, 150.3180, 86.9746, 4.3194, -13.5035, -0.374159, -0.781330, -0.499529, 0.074911, 0.877878, -0.124809, -0.462334, 0.106723, 0.298890, -0.611512, 0.732610, 0.492926, 0.000000, 0.000000, 0.000000, 1.000000, 0.298837, -0.611504, 0.732639, 0.561923, 0.374159, 0.781330, 0.499529, -0.065911, -0.877896, 0.124846, 0.462290, 0.150318, 0.000000, 0.000000, 0.000000, 1.000000, 0.009234, 0.088222, -0.996058, 0.086975, -0.998819, -0.046702, -0.013396, 0.004319, -0.047700, 0.995005, 0.087686, -0.013503, 0.000000, 0.000000, 0.000000, 1.000000
-19.9977, 74.9114, 106.7166, 492.9255, 561.9224, -65.9116, 150.3239, 86.9746, 4.3194, -13.5035, -0.374151, -0.781332, -0.499531, 0.074911, 0.877879, -0.124797, -0.462335, 0.106717, 0.298897, -0.611511, 0.732608, 0.492926, 0.000000, 0.000000, 0.000000, 1.000000, 0.298844, -0.611503, 0.732636, 0.561922, 0.374151, 0.781332, 0.499531, -0.065912, -0.877897, 0.124835, 0.462291, 0.150324, 0.000000, 0.000000, 0.000000, 1.000000, 0.009234, 0.088222, -0.996058, 0.086975, -0.998819, -0.046702, -0.013396, 0.004319, -0.047700, 0.995005, 0.087686, -0.013503, 0.000000, 0.000000, 0.000000, 1.000000
-19.9971, 74.9120, 106.7103, 492.9245, 561.9215, -65.9122, 150.3302, 86.9746, 4.3194, -13.5035, -0.374141, -0.781335, -0.499534, 0.074912, 0.877881, -0.124785, -0.462336, 0.106710, 0.298905, -0.611510, 0.732606, 0.492925, 0.000000, 0.000000, 0.000000, 1.000000, 0.298851, -0.611502, 0.732634, 0.561921, 0.374141, 0.781335, 0.499534, -0.065912, -0.877899, 0.124822, 0.462291, 0.150330, 0.000000, 0.000000, 0.000000, 1.000000, 0.009234, 0.088222, -0.996058, 0.086975, -0.998819, -0.046702, -0.013396, 0.004319, -0.047700, 0.995005, 0.087686, -0.013503, 0.000000, 0.000000, 0.000000, 1.000000
-19.9949, 74.9145, 106.6889, 492.9210, 561.9179, -65.9147, 150.3514, 86.9744, 4.3194, -13.5034, -0.374102, -0.781346, -0.499545, 0.074914, 0.877890, -0.124740, -0.462330, 0.106689, 0.298927, -0.611504, 0.732602, 0.492921, 0.000000, 0.000000, 0.000000, 1.000000, 0.298873, -0.611496, 0.732630, 0.561918, 0.374102, 0.781347, 0.499545, -0.065915, -0.877908, 0.124778, 0.462285, 0.150351, 0.000000, 0.000000, 0.000000, 1.000000, 0.009234, 0.088222, -0.996058, 0.086974, -0.998819, -0.046702, -0.013396, 0.004319, -0.047700, 0.995005, 0.087687, -0.013503, 0.000000, 0.000000, 0.000000, 1.000000
-19.9939, 74.9155, 106.6811, 492.9196, 561.9165, -65.9158, 150.3592, 86.9743, 4.3194, -13.5034, -0.374085, -0.781351, -0.499550, 0.074916, 0.877895, -0.124722, -0.462326, 0.106681, 0.298934, -0.611502, 0.732601, 0.492920, 0.000000, 0.000000, 0.000000, 1.000000, 0.298880, -0.611494, 0.732630, 0.561916, 0.374085, 0.781352, 0.499550, -0.065916, -0.877913, 0.124760, 0.462281, 0.150359, 0.000000, 0.000000, 0.000000, 1.000000, 0.009234, 0.088223, -0.996058, 0.086974, -0.998819, -0.046702, -0.013396, 0.004319, -0.047700, 0.995005, 0.087687, -0.013503, 0.000000, 0.000000, 0.000000, 1.000000
-19.9916, 74.9180, 106.6643, 492.9165, 561.9134, -65.9183, 150.3759, 86.9742, 4.3194, -13.5033, -0.374045, -0.781363, -0.499562, 0.074918, 0.877907, -0.124683, -0.462314, 0.106664, 0.298948, -0.611495, 0.732601, 0.492916, 0.000000, 0.000000, 0.000000, 1.000000, 0.298894, -0.611487, 0.732630, 0.561913, 0.374045, 0.781363, 0.499562, -0.065918, -0.877925, 0.124721, 0.462268, 0.150376, 0.000000, 0.000000, 0.000000, 1.000000, 0.009234, 0.088223, -0.996058, 0.086974, -0.998819, -0.046702, -0.013396, 0.004319, -0.047700, 0.995005, 0.087688, -0.013503, 0.000000, 0.000000, 0.000000, 1.000000
-19.9888, 74.9210, 106.6462, 492.9130, 561.9099, -65.9213, 150.3939, 86.9739, 4.3194, -13.5032, -0.373997, -0.781377, -0.499576, 0.074921, 0.877923, -0.124638, -0.462295, 0.106646, 0.298961, -0.611487, 0.732603, 0.492913, 0.000000, 0.000000, 0.000000, 1.000000, 0.298907, -0.611479, 0.732631, 0.561910, 0.373997, 0.781377, 0.499576, -0.065921, -0.877941, 0.124676, 0.462250, 0.150394, 0.000000, 0.000000, 0.000000, 1.000000, 0.009234, 0.088224, -0.996058, 0.086974, -0.998819, -0.046702, -0.013396, 0.004319, -0.047700, 0.995005, 0.087688, -0.013503, 0.000000, 0.000000, 0.000000, 1.000000
-19.9872, 74.9228, 106.6366, 492.9110, 561.9079, -65.9230, 150.4034, 86.9738, 4.3194, -13.5032, -0.373970, -0.781384, -0.499585, 0.074923, 0.877932, -0.124613, -0.462284, 0.106637, 0.298967, -0.611482, 0.732604, 0.492911, 0.000000, 0.000000, 0.000000, 1.000000, 0.298912, -0.611474, 0.732633, 0.561908, 0.373970, 0.781385, 0.499584, -0.065923, -0.877951, 0.124651, 0.462238, 0.150403, 0.000000, 0.000000, 0.000000, 1.000000, 0.009234, 0.088224, -0.996058, 0.086974, -0.998819, -0.046702, -0.013396, 0.004319, -0.047700, 0.995005, 0.087689, -0.013503, 0.000000, 0.000000, 0.000000, 1.000000
-19.9854, 74.9246, 106.6268, 492.9090, 561.9059, -65.9249, 150.4132, 86.9737, 4.3194, -13.5031, -0.373941, -0.781393, -0.499593, 0.074925, 0.877943, -0.124587, -0.462271, 0.106627, 0.298972, -0.611476, 0.732607, 0.492909, 0.000000, 0.000000, 0.000000, 1.000000, 0.298918, -0.611468, 0.732635, 0.561906, 0.373941, 0.781393, 0.499593, -0.065925, -0.877962, 0.124625, 0.462225, 0.150413, 0.000000, 0.000000, 0.000000, 1.000000, 0.009234, 0.088224, -0.996058, 0.086974, -0.998819, -0.046702, -0.013396, 0.004319, -0.047700, 0.995005, 0.087689, -0.013503, 0.000000, 0.000000, 0.000000, 1.000000
-19.9793, 74.9311, 106.5955, 492.9022, 561.8991, -65.9314, 150.4444, 86.9732, 4.3193, -13.5029, -0.373839, -0.781422, -0.499624, 0.074931, 0.877981, -0.124500, -0.462221, 0.106595, 0.298987, -0.611457, 0.732617, 0.492902, 0.000000, 0.000000, 0.000000, 1.000000, 0.298932, -0.611449, 0.732646, 0.561899, 0.373839, 0.781422, 0.499624, -0.065931, -0.878000, 0.124538, 0.462176, 0.150444, 0.000000, 0.000000, 0.000000, 1.000000, 0.009234, 0.088226, -0.996058, 0.086973, -0.998819, -0.046702, -0.013396, 0.004319, -0.047700, 0.995005, 0.087690, -0.013503, 0.000000, 0.000000, 0.000000, 1.000000
-19.9793, 74.9311, 106.5955, 492.9022, 561.8991, -65.9314, 150.4444, 86.9732, 4.3193, -13.5029, -0.373839, -0.781422, -0.499624, 0.074931, 0.877981, -0.124500, -0.462221, 0.106595, 0.298987, -0.611457, 0.732617, 0.492902, 0.000000, 0.000000, 0.000000, 1.000000, 0.298932, -0.611449, 0.732646, 0.561899, 0.373839, 0.781422, 0.499624, -0.065931, -0.878000, 0.124538, 0.462176, 0.150444, 0.000000, 0.000000, 0.000000, 1.000000, 0.009234, 0.088226, -0.996058, 0.086973, -0.998819, -0.046702, -0.013396, 0.004319, -0.047700, 0.995005, 0.087690, -0.013503, 0.000000, 0.000000, 0.000000, 1.000000
-19.9718, 74.9389, 106.5620, 492.8945, 561.8913, -65.9392, 150.4778, 86.9727, 4.3193, -13.5027, -0.373717, -0.781457, -0.499661, 0.074939, 0.878030, -0.124400, -0.462156, 0.106562, 0.298997, -0.611433, 0.732633, 0.492894, 0.000000, 0.000000, 0.000000, 1.000000, 0.298942, -0.611425, 0.732662, 0.561891, 0.373717, 0.781457, 0.499661, -0.065939, -0.878048, 0.124438, 0.462110, 0.150478, 0.000000, 0.000000, 0.000000, 1.000000, 0.009234, 0.088227, -0.996058, 0.086973, -0.998819, -0.046702, -0.013396, 0.004319, -0.047700, 0.995005, 0.087692, -0.013503, 0.000000, 0.000000, 0.000000, 1.000000
-19.9661, 74.9448, 106.5386, 492.8888, 561.8857, -65.9451, 150.5012, 86.9723, 4.3192, -13.5025, -0.373625, -0.781483, -0.499689, 0.074945, 0.878068, -0.124327, -0.462104, 0.106539, 0.299001, -0.611414, 0.732647, 0.492889, 0.000000, 0.000000, 0.000000, 1.000000, 0.298947, -0.611406, 0.732676, 0.561886, 0.373625, 0.781483, 0.499688, -0.065945, -0.878086, 0.124366, 0.462058, 0.150501, 0.000000, 0.000000, 0.000000, 1.000000, 0.009234, 0.088228, -0.996057, 0.086972, -0.998819, -0.046702, -0.013396, 0.004319, -0.047700, 0.995005, 0.087693, -0.013503, 0.000000, 0.000000, 0.000000, 1.000000
-19.9631, 74.9480, 106.5266, 492.8858, 561.8827, -65.9483, 150.5131, 86.9720, 4.3192, -13.5024, -0.373576, -0.781497, -0.499704, 0.074948, 0.878088, -0.124289, -0.462075, 0.106527, 0.299003, -0.611404, 0.732654, 0.492886, 0.000000, 0.000000, 0.000000, 1.000000, 0.298948, -0.611396, 0.732684, 0.561883, 0.373575, 0.781497, 0.499703, -0.065948, -0.878107, 0.124327, 0.462030, 0.150513, 0.000000, 0.000000, 0.000000, 1.000000, 0.009234, 0.088229, -0.996057, 0.086972, -0.998819, -0.046702, -0.013396, 0.004319, -0.047700, 0.995005, 0.087694, -0.013502, 0.000000, 0.000000, 0.000000, 1.000000
-19.9566, 74.9547, 106.5021, 492.8796, 561.8764, -65.9550, 150.5375, 86.9716, 4.3192, -13.5022, -0.373471, -0.781527, -0.499735, 0.074955, 0.878132, -0.124209, -0.462013, 0.106502, 0.299004, -0.611382, 0.732672, 0.492880, 0.000000, 0.000000, 0.000000, 1.000000, 0.298949, -0.611374, 0.732701, 0.561876, 0.373471, 0.781527, 0.499735, -0.065955, -0.878151, 0.124247, 0.461967, 0.150538, 0.000000, 0.000000, 0.000000, 1.000000, 0.009234, 0.088231, -0.996057, 0.086972, -0.998819, -0.046702, -0.013396, 0.004319, -0.047699, 0.995005, 0.087695, -0.013502, 0.000000, 0.000000, 0.000000, 1.000000
-19.9532, 74.9583, 106.4897, 492.8763, 561.8732, -65.9586, 150.5499, 86.9713, 4.3191, -13.5021, -0.373416, -0.781542, -0.499752, 0.074958, 0.878156, -0.124167, -0.461979, 0.106490, 0.299004, -0.611371, 0.732682, 0.492876, 0.000000, 0.000000, 0.000000, 1.000000, 0.298949, -0.611363, 0.732711, 0.561873, 0.373416, 0.781543, 0.499752, -0.065959, -0.878174, 0.124206, 0.461934, 0.150550, 0.000000, 0.000000, 0.000000, 1.000000, 0.009234, 0.088231, -0.996057, 0.086971, -0.998819, -0.046702, -0.013396, 0.004319, -0.047699, 0.995005, 0.087696, -0.013502, 0.000000, 0.000000, 0.000000, 1.000000
-19.9497, 74.9620, 106.4772, 492.8730, 561.8699, -65.9623, 150.5625, 86.9711, 4.3191, -13.5020, -0.373359, -0.781558, -0.499770, 0.074962, 0.878180, -0.124125, -0.461944, 0.106477, 0.299003, -0.611359, 0.732692, 0.492873, 0.000000, 0.000000, 0.000000, 1.000000, 0.298948, -0.611351, 0.732721, 0.561870, 0.373359, 0.781559, 0.499769, -0.065962, -0.878199, 0.124163, 0.461898, 0.150562, 0.000000, 0.000000, 0.000000, 1.000000, 0.009234, 0.088232, -0.996057, 0.086971, -0.998819, -0.046702, -0.013396, 0.004319, -0.047699, 0.995005, 0.087697, -0.013502, 0.000000, 0.000000, 0.000000, 1.000000
-19.9384, 74.9738, 106.4390, 492.8625, 561.8594, -65.9741, 150.6006, 86.9702, 4.3190, -13.5016, -0.373177, -0.781610, -0.499825, 0.074974, 0.878259, -0.123991, -0.461830, 0.106439, 0.298997, -0.611320, 0.732727, 0.492863, 0.000000, 0.000000, 0.000000, 1.000000, 0.298942, -0.611312, 0.732756, 0.561859, 0.373177, 0.781610, 0.499824, -0.065974, -0.878278, 0.124029, 0.461784, 0.150601, 0.000000, 0.000000, 0.000000, 1.000000, 0.009234, 0.088234, -0.996057, 0.086970, -0.998819, -0.046702, -0.013396, 0.004319, -0.047699, 0.995004, 0.087699, -0.013502, 0.000000, 0.000000, 0.000000, 1.000000
-19.9303, 74.9822, 106.4133, 492.8553, 561.8521, -65.9825, 150.6263, 86.9696, 4.3190, -13.5014, -0.373049, -0.781646, -0.499864, 0.074982, 0.878316, -0.123898, -0.461747, 0.106413, 0.298991, -0.611292, 0.732752, 0.492855, 0.000000, 0.000000, 0.000000, 1.000000, 0.298936, -0.611284, 0.732782, 0.561852, 0.373049, 0.781647, 0.499863, -0.065982, -0.878335, 0.123936, 0.461701, 0.150626, 0.000000, 0.000000, 0.000000, 1.000000, 0.009234, 0.088236, -0.996057, 0.086970, -0.998819, -0.046701, -0.013396, 0.004319, -0.047699, 0.995004, 0.087701, -0.013501, 0.000000, 0.000000, 0.000000, 1.000000
-19.9220, 74.9909, 106.3875, 492.8478, 561.8447, -65.9912, 150.6520, 86.9690, 4.3189, -13.5011, -0.372915, -0.781684, -0.499904, 0.074991, 0.878376, -0.123802, -0.461659, 0.106388, 0.298982, -0.611263, 0.732780, 0.492848, 0.000000, 0.000000, 0.000000, 1.000000, 0.298927, -0.611255, 0.732809, 0.561845, 0.372915, 0.781684, 0.499904, -0.065991, -0.878394, 0.123841, 0.461613, 0.150652, 0.000000, 0.000000, 0.000000, 1.000000, 0.009234, 0.088238, -0.996057, 0.086969, -0.998819, -0.046701, -0.013396, 0.004319, -0.047699, 0.995004, 0.087702, -0.013501, 0.000000, 0.000000, 0.000000, 1.000000
-19.9133, 74.9999, 106.3618, 492.8402, 561.8370, -66.0002, 150.6777, 86.9684, 4.3189, -13.5009, -0.372777, -0.781723, -0.499946, 0.075000, 0.878438, -0.123704, -0.461567, 0.106362, 0.298972, -0.611233, 0.732810, 0.492840, 0.000000, 0.000000, 0.000000, 1.000000, 0.298917, -0.611225, 0.732839, 0.561837, 0.372777, 0.781724, 0.499946, -0.066000, -0.878457, 0.123743, 0.461521, 0.150678, 0.000000, 0.000000, 0.000000, 1.000000, 0.009234, 0.088240, -0.996056, 0.086968, -0.998819, -0.046701, -0.013396, 0.004319, -0.047699, 0.995004, 0.087704, -0.013501, 0.000000, 0.000000, 0.000000, 1.000000
-19.9088, 75.0046, 106.3489, 492.8363, 561.8331, -66.0049, 150.6906, 86.9680, 4.3188, -13.5007, -0.372706, -0.781743, -0.499968, 0.075005, 0.878470, -0.123655, -0.461519, 0.106349, 0.298966, -0.611218, 0.732825, 0.492836, 0.000000, 0.000000, 0.000000, 1.000000, 0.298911, -0.611209, 0.732854, 0.561833, 0.372706, 0.781744, 0.499967, -0.066005, -0.878489, 0.123693, 0.461473, 0.150691, 0.000000, 0.000000, 0.000000, 1.000000, 0.009234, 0.088241, -0.996056, 0.086968, -0.998819, -0.046701, -0.013396, 0.004319, -0.047699, 0.995004, 0.087705, -0.013501, 0.000000, 0.000000, 0.000000, 1.000000
-19.9043, 75.0093, 106.3360, 492.8323, 561.8292, -66.0096, 150.7034, 86.9677, 4.3188, -13.5006, -0.372634, -0.781764, -0.499990, 0.075009, 0.878503, -0.123605, -0.461470, 0.106336, 0.298960, -0.611202, 0.732841, 0.492832, 0.000000, 0.000000, 0.000000, 1.000000, 0.298904, -0.611194, 0.732870, 0.561829, 0.372634, 0.781764, 0.499989, -0.066010, -0.878522, 0.123643, 0.461424, 0.150703, 0.000000, 0.000000, 0.000000, 1.000000, 0.009234, 0.088242, -0.996056, 0.086968, -0.998819, -0.046701, -0.013396, 0.004319, -0.047699, 0.995004, 0.087706, -0.013501, 0.000000, 0.000000, 0.000000, 1.000000
-19.8997, 75.0141, 106.3232, 492.8283, 561.8252, -66.0144, 150.7163, 86.9674, 4.3188, -13.5005, -0.372561, -0.781784, -0.500012, 0.075014, 0.878536, -0.123554, -0.461420, 0.106323, 0.298953, -0.611186, 0.732857, 0.492828, 0.000000, 0.000000, 0.000000, 1.000000, 0.298898, -0.611177, 0.732886, 0.561825, 0.372561, 0.781785, 0.500011, -0.066014, -0.878555, 0.123592, 0.461374, 0.150716, 0.000000, 0.000000, 0.000000, 1.000000, 0.009234, 0.088243, -0.996056, 0.086967, -0.998819, -0.046701, -0.013397, 0.004319, -0.047699, 0.995004, 0.087707, -0.013500, 0.000000, 0.000000, 0.000000, 1.000000
-19.8856, 75.0288, 106.2850, 492.8163, 561.8131, -66.0291, 150.7545, 86.9663, 4.3187, -13.5000, -0.372337, -0.781847, -0.500080, 0.075029, 0.878639, -0.123400, -0.461266, 0.106285, 0.298930, -0.611136, 0.732908, 0.492816, 0.000000, 0.000000, 0.000000, 1.000000, 0.298875, -0.611128, 0.732937, 0.561813, 0.372337, 0.781848, 0.500079, -0.066029, -0.878657, 0.123439, 0.461220, 0.150754, 0.000000, 0.000000, 0.000000, 1.000000, 0.009234, 0.088246, -0.996056, 0.086966, -0.998819, -0.046701, -0.013397, 0.004319, -0.047699, 0.995003, 0.087710, -0.013500, 0.000000, 0.000000, 0.000000, 1.000000
-19.8760, 75.0388, 106.2598, 492.8081, 561.8049, -66.0391, 150.7796, 86.9656, 4.3186, -13.4997, -0.372185, -0.781890, -0.500126, 0.075039, 0.878709, -0.123297, -0.461160, 0.106260, 0.298913, -0.611102, 0.732943, 0.492808, 0.000000, 0.000000, 0.000000, 1.000000, 0.298858, -0.611094, 0.732973, 0.561805, 0.372185, 0.781891, 0.500125, -0.066039, -0.878728, 0.123335, 0.461114, 0.150780, 0.000000, 0.000000, 0.000000, 1.000000, 0.009234, 0.088248, -0.996056, 0.086966, -0.998819, -0.046701, -0.013397, 0.004319, -0.047699, 0.995003, 0.087712, -0.013500, 0.000000, 0.000000, 0.000000, 1.000000
-19.8711, 75.0439, 106.2474, 492.8040, 561.8008, -66.0442, 150.7921, 86.9653, 4.3186, -13.4996, -0.372108, -0.781912, -0.500149, 0.075044, 0.878745, -0.123245, -0.461106, 0.106247, 0.298904, -0.611085, 0.732961, 0.492804, 0.000000, 0.000000, 0.000000, 1.000000, 0.298849, -0.611076, 0.732991, 0.561801, 0.372108, 0.781912, 0.500149, -0.066044, -0.878763, 0.123283, 0.461060, 0.150792, 0.000000, 0.000000, 0.000000, 1.000000, 0.009234, 0.088249, -0.996056, 0.086965, -0.998819, -0.046701, -0.013397, 0.004319, -0.047699, 0.995003, 0.087713, -0.013500, 0.000000, 0.000000, 0.000000, 1.000000
-19.8613, 75.0541, 106.2227, 492.7958, 561.7926, -66.0544, 150.8168, 86.9646, 4.3186, -13.4993, -0.371954, -0.781956, -0.500196, 0.075054, 0.878817, -0.123140, -0.460997, 0.106223, 0.298885, -0.611050, 0.732998, 0.492796, 0.000000, 0.000000, 0.000000, 1.000000, 0.298829, -0.611041, 0.733027, 0.561793, 0.371953, 0.781956, 0.500195, -0.066054, -0.878835, 0.123179, 0.460950, 0.150817, 0.000000, 0.000000, 0.000000, 1.000000, 0.009234, 0.088251, -0.996055, 0.086965, -0.998819, -0.046701, -0.013397, 0.004319, -0.047699, 0.995003, 0.087715, -0.013499, 0.000000, 0.000000, 0.000000, 1.000000
-19.8514, 75.0643, 106.1984, 492.7875, 561.7844, -66.0647, 150.8410, 86.9638, 4.3185, -13.4990, -0.371798, -0.782000, -0.500243, 0.075064, 0.878889, -0.123036, -0.460886, 0.106198, 0.298864, -0.611014, 0.733036, 0.492788, 0.000000, 0.000000, 0.000000, 1.000000, 0.298809, -0.611006, 0.733065, 0.561784, 0.371798, 0.782000, 0.500242, -0.066065, -0.878908, 0.123075, 0.460840, 0.150841, 0.000000, 0.000000, 0.000000, 1.000000, 0.009234, 0.088253, -0.996055, 0.086964, -0.998819, -0.046701, -0.013397, 0.004318, -0.047699, 0.995003, 0.087718, -0.013499, 0.000000, 0.000000, 0.000000, 1.000000
-19.8465, 75.0695, 106.1865, 492.7834, 561.7803, -66.0698, 150.8530, 86.9635, 4.3185, -13.4988, -0.371720, -0.782022, -0.500266, 0.075070, 0.878926, -0.122985, -0.460830, 0.106186, 0.298854, -0.610997, 0.733055, 0.492783, 0.000000, 0.000000, 0.000000, 1.000000, 0.298799, -0.610989, 0.733084, 0.561780, 0.371720, 0.782022, 0.500266, -0.066070, -0.878945, 0.123023, 0.460784, 0.150853, 0.000000, 0.000000, 0.000000, 1.000000, 0.009234, 0.088254, -0.996055, 0.086963, -0.998819, -0.046701, -0.013397, 0.004318, -0.047699, 0.995003, 0.087719, -0.013499, 0.000000, 0.000000, 0.000000, 1.000000
-19.8366, 75.0798, 106.1629, 492.7752, 561.7721, -66.0802, 150.8767, 86.9627, 4.3184, -13.4985, -0.371564, -0.782065, -0.500313, 0.075080, 0.878999, -0.122881, -0.460718, 0.106163, 0.298832, -0.610961, 0.733093, 0.492775, 0.000000, 0.000000, 0.000000, 1.000000, 0.298777, -0.610953, 0.733122, 0.561772, 0.371564, 0.782066, 0.500313, -0.066080, -0.879018, 0.122920, 0.460672, 0.150877, 0.000000, 0.000000, 0.000000, 1.000000, 0.009234, 0.088256, -0.996055, 0.086963, -0.998819, -0.046701, -0.013397, 0.004318, -0.047699, 0.995002, 0.087721, -0.013499, 0.000000, 0.000000, 0.000000, 1.000000
-19.8317, 75.0850, 106.1512, 492.7712, 561.7680, -66.0853, 150.8883, 86.9624, 4.3184, -13.4984, -0.371486, -0.782087, -0.500337, 0.075085, 0.879036, -0.122830, -0.460662, 0.106151, 0.298821, -0.610944, 0.733112, 0.492771, 0.000000, 0.000000, 0.000000, 1.000000, 0.298766, -0.610935, 0.733142, 0.561768, 0.371486, 0.782088, 0.500337, -0.066085, -0.879054, 0.122868, 0.460616, 0.150888, 0.000000, 0.000000, 0.000000, 1.000000, 0.009234, 0.088257, -0.996055, 0.086962, -0.998819, -0.046700, -0.013397, 0.004318, -0.047699, 0.995002, 0.087722, -0.013498, 0.000000, 0.000000, 0.000000, 1.000000
-19.8218, 75.0953, 106.1283, 492.7631, 561.7599, -66.0956, 150.9112, 86.9616, 4.3183, -13.4981, -0.371331, -0.782131, -0.500384, 0.075095, 0.879109, -0.122728, -0.460549, 0.106128, 0.298799, -0.610908, 0.733151, 0.492763, 0.000000, 0.000000, 0.000000, 1.000000, 0.298744, -0.610900, 0.733180, 0.561760, 0.371331, 0.782132, 0.500383, -0.066096, -0.879128, 0.122766, 0.460503, 0.150911, 0.000000, 0.000000, 0.000000, 1.000000, 0.009234, 0.088259, -0.996055, 0.086962, -0.998819, -0.046700, -0.013397, 0.004318, -0.047699, 0.995002, 0.087724, -0.013498, 0.000000, 0.000000, 0.000000, 1.000000
-19.8120, 75.1055, 106.1059, 492.7550, 561.7519, -66.1058, 150.9337, 86.9609, 4.3183, -13.4978, -0.371177, -0.782175, -0.500430, 0.075106, 0.879182, -0.122627, -0.460437, 0.106106, 0.298776, -0.610873, 0.733190, 0.492755, 0.000000, 0.000000, 0.000000, 1.000000, 0.298721, -0.610865, 0.733219, 0.561752, 0.371177, 0.782175, 0.500430, -0.066106, -0.879200, 0.122665, 0.460391, 0.150934, 0.000000, 0.000000, 0.000000, 1.000000, 0.009234, 0.088261, -0.996055, 0.086961, -0.998819, -0.046700, -0.013398, 0.004318, -0.047699, 0.995002, 0.087726, -0.013498, 0.000000, 0.000000, 0.000000, 1.000000
-19.8071, 75.1106, 106.0949, 492.7510, 561.7479, -66.1109, 150.9447, 86.9606, 4.3182, -13.4976, -0.371101, -0.782196, -0.500453, 0.075111, 0.879218, -0.122577, -0.460381, 0.106095, 0.298764, -0.610855, 0.733209, 0.492751, 0.000000, 0.000000, 0.000000, 1.000000, 0.298709, -0.610847, 0.733239, 0.561748, 0.371100, 0.782197, 0.500453, -0.066111, -0.879237, 0.122615, 0.460335, 0.150945, 0.000000, 0.000000, 0.000000, 1.000000, 0.009234, 0.088262, -0.996054, 0.086961, -0.998819, -0.046700, -0.013398, 0.004318, -0.047698, 0.995002, 0.087727, -0.013498, 0.000000, 0.000000, 0.000000, 1.000000
-19.8023, 75.1157, 106.0840, 492.7471, 561.7439, -66.1160, 150.9556, 86.9602, 4.3182, -13.4975, -0.371024, -0.782218, -0.500476, 0.075116, 0.879254, -0.122527, -0.460325, 0.106084, 0.298752, -0.610838, 0.733229, 0.492747, 0.000000, 0.000000, 0.000000, 1.000000, 0.298698, -0.610829, 0.733258, 0.561744, 0.371024, 0.782218, 0.500476, -0.066116, -0.879273, 0.122566, 0.460279, 0.150956, 0.000000, 0.000000, 0.000000, 1.000000, 0.009234, 0.088263, -0.996054, 0.086960, -0.998819, -0.046700, -0.013398, 0.004318, -0.047698, 0.995002, 0.087728, -0.013497, 0.000000, 0.000000, 0.000000, 1.000000
-19.7878, 75.1307, 106.0520, 492.7353, 561.7322, -66.1311, 150.9877, 86.9591, 4.3181, -13.4970, -0.370798, -0.782281, -0.500544, 0.075131, 0.879362, -0.122381, -0.460159, 0.106052, 0.298717, -0.610786, 0.733287, 0.492735, 0.000000, 0.000000, 0.000000, 1.000000, 0.298662, -0.610777, 0.733316, 0.561732, 0.370798, 0.782282, 0.500544, -0.066131, -0.879380, 0.122419, 0.460113, 0.150988, 0.000000, 0.000000, 0.000000, 1.000000, 0.009234, 0.088266, -0.996054, 0.086959, -0.998819, -0.046700, -0.013398, 0.004318, -0.047698, 0.995002, 0.087731, -0.013497, 0.000000, 0.000000, 0.000000, 1.000000
-19.7831, 75.1357, 106.0416, 492.7315, 561.7284, -66.1360, 150.9981, 86.9588, 4.3181, -13.4969, -0.370724, -0.782302, -0.500566, 0.075136, 0.879397, -0.122333, -0.460104, 0.106042, 0.298705, -0.610768, 0.733306, 0.492731, 0.000000, 0.000000, 0.000000, 1.000000, 0.298650, -0.610760, 0.733335, 0.561728, 0.370724, 0.782303, 0.500566, -0.066136, -0.879416, 0.122371, 0.460058, 0.150998, 0.000000, 0.000000, 0.000000, 1.000000, 0.009234, 0.088267, -0.996054, 0.086959, -0.998819, -0.046700, -0.013398, 0.004318, -0.047698, 0.995001, 0.087732, -0.013497, 0.000000, 0.000000, 0.000000, 1.000000
-19.7784, 75.1406, 106.0313, 492.7276, 561.7245, -66.1409, 151.0085, 86.9585, 4.3181, -13.4967, -0.370651, -0.782323, -0.500589, 0.075141, 0.879432, -0.122285, -0.460050, 0.106031, 0.298693, -0.610751, 0.733325, 0.492728, 0.000000, 0.000000, 0.000000, 1.000000, 0.298638, -0.610743, 0.733354, 0.561725, 0.370650, 0.782323, 0.500588, -0.066141, -0.879451, 0.122323, 0.460004, 0.151008, 0.000000, 0.000000, 0.000000, 1.000000, 0.009234, 0.088268, -0.996054, 0.086958, -0.998819, -0.046700, -0.013398, 0.004318, -0.047698, 0.995001, 0.087733, -0.013497, 0.000000, 0.000000, 0.000000, 1.000000
-19.7646, 75.1545, 106.0210, 492.7188, 561.7156, -66.1549, 151.0185, 86.9574, 4.3180, -13.4963, -0.370442, -0.782381, -0.500652, 0.075155, 0.879543, -0.122173, -0.459867, 0.106021, 0.298625, -0.610699, 0.733396, 0.492719, 0.000000, 0.000000, 0.000000, 1.000000, 0.298570, -0.610691, 0.733425, 0.561716, 0.370441, 0.782382, 0.500652, -0.066155, -0.879562, 0.122212, 0.459821, 0.151019, 0.000000, 0.000000, 0.000000, 1.000000, 0.009234, 0.088271, -0.996054, 0.086957, -0.998819, -0.046700, -0.013398, 0.004318, -0.047698, 0.995001, 0.087736, -0.013496, 0.000000, 0.000000, 0.000000, 1.000000
-19.7557, 75.1636, 106.0134, 492.7128, 561.7097, -66.1639, 151.0260, 86.9568, 4.3179, -13.4961, -0.370305, -0.782419, -0.500694, 0.075164, 0.879615, -0.122100, -0.459749, 0.106013, 0.298582, -0.610665, 0.733442, 0.492713, 0.000000, 0.000000, 0.000000, 1.000000, 0.298526, -0.610657, 0.733471, 0.561710, 0.370305, 0.782420, 0.500693, -0.066164, -0.879634, 0.122138, 0.459702, 0.151026, 0.000000, 0.000000, 0.000000, 1.000000, 0.009234, 0.088273, -0.996053, 0.086957, -0.998819, -0.046700, -0.013398, 0.004318, -0.047698, 0.995001, 0.087738, -0.013496, 0.000000, 0.000000, 0.000000, 1.000000
-19.7513, 75.1681, 106.0093, 492.7099, 561.7068, -66.1684, 151.0300, 86.9565, 4.3179, -13.4959, -0.370238, -0.782438, -0.500714, 0.075168, 0.879650, -0.122063, -0.459691, 0.106009, 0.298561, -0.610648, 0.733464, 0.492710, 0.000000, 0.000000, 0.000000, 1.000000, 0.298506, -0.610640, 0.733494, 0.561707, 0.370238, 0.782438, 0.500713, -0.066168, -0.879669, 0.122102, 0.459645, 0.151030, 0.000000, 0.000000, 0.000000, 1.000000, 0.009234, 0.088274, -0.996053, 0.086956, -0.998819, -0.046700, -0.013399, 0.004318, -0.047698, 0.995001, 0.087739, -0.013496, 0.000000, 0.000000, 0.000000, 1.000000
-19.7470, 75.1726, 106.0049, 492.7069, 561.7038, -66.1729, 151.0343, 86.9561, 4.3179, -13.4958, -0.370172, -0.782457, -0.500734, 0.075173, 0.879685, -0.122026, -0.459634, 0.106005, 0.298541, -0.610632, 0.733486, 0.492707, 0.000000, 0.000000, 0.000000, 1.000000, 0.298486, -0.610624, 0.733515, 0.561704, 0.370172, 0.782457, 0.500733, -0.066173, -0.879704, 0.122065, 0.459588, 0.151034, 0.000000, 0.000000, 0.000000, 1.000000, 0.009234, 0.088275, -0.996053, 0.086956, -0.998819, -0.046700, -0.013399, 0.004318, -0.047698, 0.995001, 0.087740, -0.013496, 0.000000, 0.000000, 0.000000, 1.000000
-19.7341, 75.1857, 105.9905, 492.6980, 561.6949, -66.1860, 151.0486, 86.9552, 4.3178, -13.4954, -0.369976, -0.782511, -0.500793, 0.075186, 0.879786, -0.121916, -0.459470, 0.105990, 0.298486, -0.610584, 0.733549, 0.492698, 0.000000, 0.000000, 0.000000, 1.000000, 0.298430, -0.610575, 0.733578, 0.561695, 0.369976, 0.782512, 0.500792, -0.066186, -0.879805, 0.121955, 0.459423, 0.151049, 0.000000, 0.000000, 0.000000, 1.000000, 0.009234, 0.088278, -0.996053, 0.086955, -0.998819, -0.046700, -0.013399, 0.004318, -0.047698, 0.995001, 0.087742, -0.013495, 0.000000, 0.000000, 0.000000, 1.000000
-19.7341, 75.1857, 105.9905, 492.6980, 561.6949, -66.1860, 151.0486, 86.9552, 4.3178, -13.4954, -0.369976, -0.782511, -0.500793, 0.075186, 0.879786, -0.121916, -0.459470, 0.105990, 0.298486, -0.610584, 0.733549, 0.492698, 0.000000, 0.000000, 0.000000, 1.000000, 0.298430, -0.610575, 0.733578, 0.561695, 0.369976, 0.782512, 0.500792, -0.066186, -0.879805, 0.121955, 0.459423, 0.151049, 0.000000, 0.000000, 0.000000, 1.000000, 0.009234, 0.088278, -0.996053, 0.086955, -0.998819, -0.046700, -0.013399, 0.004318, -0.047698, 0.995001, 0.087742, -0.013495, 0.000000, 0.000000, 0.000000, 1.000000
-19.7217, 75.1985, 105.9736, 492.6890, 561.6858, -66.1988, 151.0653, 86.9543, 4.3178, -13.4950, -0.369786, -0.782565, -0.500850, 0.075198, 0.879883, -0.121806, -0.459314, 0.105974, 0.298436, -0.610537, 0.733608, 0.492689, 0.000000, 0.000000, 0.000000, 1.000000, 0.298380, -0.610529, 0.733637, 0.561686, 0.369785, 0.782565, 0.500850, -0.066199, -0.879902, 0.121845, 0.459267, 0.151065, 0.000000, 0.000000, 0.000000, 1.000000, 0.009235, 0.088280, -0.996053, 0.086954, -0.998819, -0.046699, -0.013399, 0.004318, -0.047698, 0.995000, 0.087745, -0.013495, 0.000000, 0.000000, 0.000000, 1.000000
-19.7176, 75.2027, 105.9674, 492.6860, 561.6828, -66.2030, 151.0715, 86.9540, 4.3178, -13.4949, -0.369723, -0.782582, -0.500869, 0.075203, 0.879915, -0.121769, -0.459263, 0.105967, 0.298421, -0.610522, 0.733626, 0.492686, 0.000000, 0.000000, 0.000000, 1.000000, 0.298365, -0.610514, 0.733656, 0.561683, 0.369723, 0.782583, 0.500869, -0.066203, -0.879934, 0.121808, 0.459216, 0.151071, 0.000000, 0.000000, 0.000000, 1.000000, 0.009235, 0.088281, -0.996053, 0.086954, -0.998819, -0.046699, -0.013399, 0.004318, -0.047698, 0.995000, 0.087746, -0.013495, 0.000000, 0.000000, 0.000000, 1.000000
-19.7096, 75.2110, 105.9542, 492.6799, 561.6767, -66.2113, 151.0846, 86.9534, 4.3177, -13.4947, -0.369599, -0.782617, -0.500906, 0.075211, 0.879976, -0.121694, -0.459165, 0.105954, 0.298393, -0.610492, 0.733662, 0.492680, 0.000000, 0.000000, 0.000000, 1.000000, 0.298337, -0.610484, 0.733692, 0.561677, 0.369599, 0.782617, 0.500906, -0.066211, -0.879995, 0.121733, 0.459118, 0.151085, 0.000000, 0.000000, 0.000000, 1.000000, 0.009235, 0.088283, -0.996053, 0.086953, -0.998819, -0.046699, -0.013400, 0.004318, -0.047698, 0.995000, 0.087748, -0.013495, 0.000000, 0.000000, 0.000000, 1.000000
-19.7017, 75.2191, 105.9399, 492.6738, 561.6706, -66.2194, 151.0988, 86.9528, 4.3177, -13.4944, -0.369477, -0.782651, -0.500942, 0.075219, 0.880036, -0.121619, -0.459070, 0.105940, 0.298368, -0.610463, 0.733697, 0.492674, 0.000000, 0.000000, 0.000000, 1.000000, 0.298311, -0.610455, 0.733727, 0.561671, 0.369477, 0.782652, 0.500942, -0.066219, -0.880055, 0.121659, 0.459023, 0.151099, 0.000000, 0.000000, 0.000000, 1.000000, 0.009235, 0.088285, -0.996052, 0.086953, -0.998819, -0.046699, -0.013400, 0.004318, -0.047698, 0.995000, 0.087749, -0.013494, 0.000000, 0.000000, 0.000000, 1.000000
-19.7017, 75.2191, 105.9399, 492.6738, 561.6706, -66.2194, 151.0988, 86.9528, 4.3177, -13.4944, -0.369477, -0.782651, -0.500942, 0.075219, 0.880036, -0.121619, -0.459070, 0.105940, 0.298368, -0.610463, 0.733697, 0.492674, 0.000000, 0.000000, 0.000000, 1.000000, 0.298311, -0.610455, 0.733727, 0.561671, 0.369477, 0.782652, 0.500942, -0.066219, -0.880055, 0.121659, 0.459023, 0.151099, 0.000000, 0.000000, 0.000000, 1.000000, 0.009235, 0.088285, -0.996052, 0.086953, -0.998819, -0.046699, -0.013400, 0.004318, -0.047698, 0.995000, 0.087749, -0.013494, 0.000000, 0.000000, 0.000000, 1.000000
-19.6901, 75.2311, 105.9163, 492.6645, 561.6613, -66.2314, 151.1223, 86.9520, 4.3176, -13.4941, -0.369296, -0.782702, -0.500996, 0.075231, 0.880123, -0.121505, -0.458933, 0.105916, 0.298334, -0.610421, 0.733746, 0.492664, 0.000000, 0.000000, 0.000000, 1.000000, 0.298278, -0.610412, 0.733776, 0.561661, 0.369296, 0.782703, 0.500996, -0.066231, -0.880142, 0.121545, 0.458886, 0.151122, 0.000000, 0.000000, 0.000000, 1.000000, 0.009235, 0.088287, -0.996052, 0.086952, -0.998819, -0.046699, -0.013400, 0.004318, -0.047698, 0.995000, 0.087752, -0.013494, 0.000000, 0.000000, 0.000000, 1.000000
-19.6862, 75.2351, 105.9079, 492.6613, 561.6581, -66.2354, 151.1306, 86.9517, 4.3176, -13.4940, -0.369237, -0.782719, -0.501014, 0.075235, 0.880152, -0.121467, -0.458889, 0.105908, 0.298324, -0.610407, 0.733762, 0.492661, 0.000000, 0.000000, 0.000000, 1.000000, 0.298268, -0.610399, 0.733792, 0.561658, 0.369237, 0.782719, 0.501014, -0.066235, -0.880171, 0.121507, 0.458841, 0.151131, 0.000000, 0.000000, 0.000000, 1.000000, 0.009235, 0.088288, -0.996052, 0.086952, -0.998819, -0.046699, -0.013400, 0.004318, -0.047698, 0.995000, 0.087752, -0.013494, 0.000000, 0.000000, 0.000000, 1.000000
-19.6824, 75.2390, 105.8992, 492.6582, 561.6550, -66.2393, 151.1392, 86.9514, 4.3176, -13.4938, -0.369177, -0.782736, -0.501032, 0.075239, 0.880180, -0.121429, -0.458845, 0.105899, 0.298315, -0.610393, 0.733777, 0.492658, 0.000000, 0.000000, 0.000000, 1.000000, 0.298258, -0.610385, 0.733807, 0.561655, 0.369177, 0.782736, 0.501031, -0.066239, -0.880199, 0.121468, 0.458798, 0.151139, 0.000000, 0.000000, 0.000000, 1.000000, 0.009235, 0.088289, -0.996052, 0.086951, -0.998819, -0.046699, -0.013400, 0.004318, -0.047698, 0.995000, 0.087753, -0.013494, 0.000000, 0.000000, 0.000000, 1.000000
-19.6711, 75.2507, 105.8718, 492.6486, 561.6454, -66.2510, 151.1666, 86.9506, 4.3175, -13.4935, -0.369000, -0.782786, -0.501084, 0.075251, 0.880262, -0.121312, -0.458717, 0.105872, 0.298290, -0.610352, 0.733821, 0.492649, 0.000000, 0.000000, 0.000000, 1.000000, 0.298233, -0.610344, 0.733851, 0.561645, 0.369000, 0.782786, 0.501084, -0.066251, -0.880282, 0.121352, 0.458670, 0.151167, 0.000000, 0.000000, 0.000000, 1.000000, 0.009235, 0.088291, -0.996052, 0.086951, -0.998819, -0.046699, -0.013400, 0.004318, -0.047698, 0.994999, 0.087756, -0.013494, 0.000000, 0.000000, 0.000000, 1.000000
-19.6674, 75.2546, 105.8622, 492.6454, 561.6422, -66.2549, 151.1762, 86.9503, 4.3175, -13.4934, -0.368942, -0.782802, -0.501102, 0.075255, 0.880289, -0.121273, -0.458676, 0.105862, 0.298283, -0.610339, 0.733835, 0.492645, 0.000000, 0.000000, 0.000000, 1.000000, 0.298226, -0.610331, 0.733865, 0.561642, 0.368942, 0.782802, 0.501101, -0.066255, -0.880309, 0.121312, 0.458628, 0.151176, 0.000000, 0.000000, 0.000000, 1.000000, 0.009235, 0.088292, -0.996052, 0.086950, -0.998819, -0.046699, -0.013401, 0.004318, -0.047698, 0.994999, 0.087756, -0.013493, 0.000000, 0.000000, 0.000000, 1.000000
-19.6562, 75.2661, 105.8321, 492.6357, 561.6324, -66.2664, 151.2062, 86.9495, 4.3175, -13.4931, -0.368767, -0.782851, -0.501153, 0.075266, 0.880369, -0.121153, -0.458554, 0.105832, 0.298263, -0.610299, 0.733876, 0.492636, 0.000000, 0.000000, 0.000000, 1.000000, 0.298206, -0.610291, 0.733906, 0.561632, 0.368767, 0.782852, 0.501153, -0.066266, -0.880389, 0.121193, 0.458506, 0.151206, 0.000000, 0.000000, 0.000000, 1.000000, 0.009236, 0.088294, -0.996052, 0.086949, -0.998819, -0.046699, -0.013401, 0.004317, -0.047698, 0.994999, 0.087759, -0.013493, 0.000000, 0.000000, 0.000000, 1.000000
-19.6525, 75.2699, 105.8217, 492.6324, 561.6292, -66.2702, 151.2166, 86.9492, 4.3175, -13.4929, -0.368709, -0.782868, -0.501170, 0.075270, 0.880395, -0.121113, -0.458514, 0.105822, 0.298258, -0.610287, 0.733889, 0.492632, 0.000000, 0.000000, 0.000000, 1.000000, 0.298200, -0.610278, 0.733919, 0.561629, 0.368709, 0.782868, 0.501170, -0.066270, -0.880415, 0.121153, 0.458466, 0.151217, 0.000000, 0.000000, 0.000000, 1.000000, 0.009236, 0.088295, -0.996052, 0.086949, -0.998819, -0.046699, -0.013401, 0.004317, -0.047698, 0.994999, 0.087760, -0.013493, 0.000000, 0.000000, 0.000000, 1.000000
-19.6489, 75.2737, 105.8112, 492.6292, 561.6259, -66.2740, 151.2271, 86.9490, 4.3174, -13.4928, -0.368651, -0.782884, -0.501187, 0.075274, 0.880421, -0.121074, -0.458475, 0.105811, 0.298252, -0.610274, 0.733902, 0.492629, 0.000000, 0.000000, 0.000000, 1.000000, 0.298195, -0.610265, 0.733932, 0.561626, 0.368651, 0.782884, 0.501187, -0.066274, -0.880441, 0.121113, 0.458427, 0.151227, 0.000000, 0.000000, 0.000000, 1.000000, 0.009236, 0.088296, -0.996051, 0.086949, -0.998819, -0.046699, -0.013401, 0.004317, -0.047698, 0.994999, 0.087760, -0.013493, 0.000000, 0.000000, 0.000000, 1.000000
