# Joint_B_Angle(deg), Cam_X(mm), Cam_Y(mm), Cam_Z(mm), Torso_X(mm), Torso_Y(mm), Torso_Z(mm), EE_X(mm), EE_Y(mm), EE_Z(mm), T_cam2marker_flat(16), T_torso2marker_flat(16), T_ee2marker_flat(16)
-19.9992, 91.6567, 110.6978, 487.1981, 556.1921, -82.6570, 146.3168, 105.0535, 10.6661, -21.3370, -0.371536, -0.794110, -0.480990, 0.091657, 0.876154, -0.128526, -0.464581, 0.110698, 0.307108, -0.594030, 0.743514, 0.487198, 0.000000, 0.000000, 0.000000, 1.000000, 0.307012, -0.594015, 0.743566, 0.556192, 0.371536, 0.794110, 0.480989, -0.082657, -0.876188, 0.128592, 0.464499, 0.146317, 0.000000, 0.000000, 0.000000, 1.000000, 0.003377, 0.036390, -0.999332, 0.105054, -0.997933, -0.064010, -0.005703, 0.010666, -0.064175, 0.997286, 0.036098, -0.021337, 0.000000, 0.000000, 0.000000, 1.000000
-19.9992, 91.6568, 110.6914, 487.1973, 556.1914, -82.6571, 146.3233, 105.0535, 10.6661, -21.3370, -0.371534, -0.794110, -0.480990, 0.091657, 0.876151, -0.128518, -0.464589, 0.110691, 0.307119, -0.594030, 0.743509, 0.487197, 0.000000, 0.000000, 0.000000, 1.000000, 0.307023, -0.594016, 0.743561, 0.556191, 0.371534, 0.794111, 0.480990, -0.082657, -0.876185, 0.128583, 0.464507, 0.146323, 0.000000, 0.000000, 0.000000, 1.000000, 0.003377, 0.036390, -0.999332, 0.105054, -0.997933, -0.064010, -0.005703, 0.010666, -0.064175, 0.997286, 0.036098, -0.021337, 0.000000, 0.000000, 0.000000, 1.000000
-19.9992, 91.6568, 110.6892, 487.1971, 556.1911, -82.6572, 146.3256, 105.0535, 10.6661, -21.3370, -0.371533, -0.794111, -0.480990, 0.091657, 0.876150, -0.128515, -0.464591, 0.110689, 0.307123, -0.594031, 0.743507, 0.487197, 0.000000, 0.000000, 0.000000, 1.000000, 0.307027, -0.594016, 0.743559, 0.556191, 0.371533, 0.794111, 0.480990, -0.082657, -0.876184, 0.128580, 0.464510, 0.146326, 0.000000, 0.000000, 0.000000, 1.000000, 0.003377, 0.036390, -0.999332, 0.105054, -0.997933, -0.064010, -0.005703, 0.010666, -0.064175, 0.997286, 0.036098, -0.021337, 0.000000, 0.000000, 0.000000, 1.000000
-19.9992, 91.6570, 110.6823, 487.1963, 556.1903, -82.6573, 146.3326, 105.0536, 10.6661, -21.3370, -0.371531, -0.794112, -0.480990, 0.091657, 0.876147, -0.128505, -0.464600, 0.110682, 0.307134, -0.594031, 0.743502, 0.487196, 0.000000, 0.000000, 0.000000, 1.000000, 0.307038, -0.594017, 0.743553, 0.556190, 0.371531, 0.794112, 0.480990, -0.082657, -0.876181, 0.128570, 0.464518, 0.146333, 0.000000, 0.000000, 0.000000, 1.000000, 0.003377, 0.036390, -0.999332, 0.105054, -0.997933, -0.064010, -0.005703, 0.010666, -0.064175, 0.997286, 0.036098, -0.021337, 0.000000, 0.000000, 0.000000, 1.000000
-19.9992, 91.6571, 110.6776, 487.1958, 556.1898, -82.6574, 146.3374, 105.0536, 10.6662, -21.3370, -0.371529, -0.794112, -0.480991, 0.091657, 0.876145, -0.128499, -0.464605, 0.110678, 0.307142, -0.594032, 0.743498, 0.487196, 0.000000, 0.000000, 0.000000, 1.000000, 0.307046, -0.594017, 0.743550, 0.556190, 0.371529, 0.794113, 0.480990, -0.082657, -0.876179, 0.128564, 0.464524, 0.146337, 0.000000, 0.000000, 0.000000, 1.000000, 0.003377, 0.036390, -0.999332, 0.105054, -0.997933, -0.064010, -0.005703, 0.010666, -0.064175, 0.997286, 0.036098, -0.021337, 0.000000, 0.000000, 0.000000, 1.000000
-19.9992, 91.6571, 110.6776, 487.1958, 556.1898, -82.6574, 146.3374, 105.0536, 10.6662, -21.3370, -0.371529, -0.794112, -0.480991, 0.091657, 0.876145, -0.128499, -0.464605, 0.110678, 0.307142, -0.594032, 0.743498, 0.487196, 0.000000, 0.000000, 0.000000, 1.000000, 0.307046, -0.594017, 0.743550, 0.556190, 0.371529, 0.794113, 0.480990, -0.082657, -0.876179, 0.128564, 0.464524, 0.146337, 0.000000, 0.000000, 0.000000, 1.000000, 0.003377, 0.036390, -0.999332, 0.105054, -0.997933, -0.064010, -0.005703, 0.010666, -0.064175, 0.997286, 0.036098, -0.021337, 0.000000, 0.000000, 0.000000, 1.000000
-19.9991, 91.6572, 110.6706, 487.1950, 556.1890, -82.6576, 146.3446, 105.0536, 10.6662, -21.3370, -0.371526, -0.794113, -0.480991, 0.091657, 0.876142, -0.128489, -0.464613, 0.110671, 0.307153, -0.594033, 0.743493, 0.487195, 0.000000, 0.000000, 0.000000, 1.000000, 0.307058, -0.594018, 0.743544, 0.556189, 0.371526, 0.794114, 0.480991, -0.082658, -0.876176, 0.128554, 0.464532, 0.146345, 0.000000, 0.000000, 0.000000, 1.000000, 0.003377, 0.036389, -0.999332, 0.105054, -0.997933, -0.064011, -0.005703, 0.010666, -0.064175, 0.997286, 0.036098, -0.021337, 0.000000, 0.000000, 0.000000, 1.000000
-19.9991, 91.6572, 110.6706, 487.1950, 556.1890, -82.6576, 146.3446, 105.0536, 10.6662, -21.3370, -0.371526, -0.794113, -0.480991, 0.091657, 0.876142, -0.128489, -0.464613, 0.110671, 0.307153, -0.594033, 0.743493, 0.487195, 0.000000, 0.000000, 0.000000, 1.000000, 0.307058, -0.594018, 0.743544, 0.556189, 0.371526, 0.794114, 0.480991, -0.082658, -0.876176, 0.128554, 0.464532, 0.146345, 0.000000, 0.000000, 0.000000, 1.000000, 0.003377, 0.036389, -0.999332, 0.105054, -0.997933, -0.064011, -0.005703, 0.010666, -0.064175, 0.997286, 0.036098, -0.021337, 0.000000, 0.000000, 0.000000, 1.000000
-19.9989, 91.6575, 110.6634, 487.1941, 556.1882, -82.6579, 146.3519, 105.0536, 10.6661, -21.3371, -0.371521, -0.794115, -0.480993, 0.091658, 0.876141, -0.128478, -0.464619, 0.110663, 0.307164, -0.594033, 0.743488, 0.487194, 0.000000, 0.000000, 0.000000, 1.000000, 0.307069, -0.594018, 0.743539, 0.556188, 0.371521, 0.794115, 0.480992, -0.082658, -0.876174, 0.128542, 0.464538, 0.146352, 0.000000, 0.000000, 0.000000, 1.000000, 0.003377, 0.036389, -0.999332, 0.105054, -0.997933, -0.064011, -0.005703, 0.010666, -0.064175, 0.997286, 0.036098, -0.021337, 0.000000, 0.000000, 0.000000, 1.000000
-19.9986, 91.6579, 110.6584, 487.1933, 556.1875, -82.6583, 146.3569, 105.0536, 10.6660, -21.3371, -0.371515, -0.794117, -0.480994, 0.091658, 0.876141, -0.128469, -0.464621, 0.110658, 0.307171, -0.594032, 0.743486, 0.487193, 0.000000, 0.000000, 0.000000, 1.000000, 0.307076, -0.594018, 0.743537, 0.556187, 0.371514, 0.794117, 0.480994, -0.082658, -0.876174, 0.128533, 0.464540, 0.146357, 0.000000, 0.000000, 0.000000, 1.000000, 0.003377, 0.036389, -0.999332, 0.105054, -0.997933, -0.064010, -0.005704, 0.010666, -0.064175, 0.997286, 0.036098, -0.021337, 0.000000, 0.000000, 0.000000, 1.000000
-19.9984, 91.6582, 110.6559, 487.1929, 556.1870, -82.6585, 146.3596, 105.0537, 10.6660, -21.3371, -0.371510, -0.794118, -0.480996, 0.091658, 0.876142, -0.128464, -0.464621, 0.110656, 0.307173, -0.594032, 0.743486, 0.487193, 0.000000, 0.000000, 0.000000, 1.000000, 0.307079, -0.594017, 0.743536, 0.556187, 0.371510, 0.794118, 0.480995, -0.082659, -0.876175, 0.128528, 0.464540, 0.146360, 0.000000, 0.000000, 0.000000, 1.000000, 0.003378, 0.036389, -0.999332, 0.105054, -0.997933, -0.064010, -0.005704, 0.010666, -0.064175, 0.997286, 0.036098, -0.021337, 0.000000, 0.000000, 0.000000, 1.000000
-19.9977, 91.6589, 110.6504, 487.1919, 556.1861, -82.6593, 146.3652, 105.0537, 10.6658, -21.3371, -0.371499, -0.794121, -0.480999, 0.091659, 0.876145, -0.128451, -0.464618, 0.110650, 0.307178, -0.594030, 0.743485, 0.487192, 0.000000, 0.000000, 0.000000, 1.000000, 0.307084, -0.594015, 0.743536, 0.556186, 0.371498, 0.794122, 0.480998, -0.082659, -0.876178, 0.128516, 0.464538, 0.146365, 0.000000, 0.000000, 0.000000, 1.000000, 0.003378, 0.036389, -0.999332, 0.105054, -0.997933, -0.064010, -0.005704, 0.010666, -0.064175, 0.997286, 0.036098, -0.021337, 0.000000, 0.000000, 0.000000, 1.000000
-19.9973, 91.6594, 110.6474, 487.1914, 556.1855, -82.6598, 146.3682, 105.0537, 10.6657, -21.3371, -0.371491, -0.794124, -0.481001, 0.091659, 0.876148, -0.128444, -0.464615, 0.110647, 0.307180, -0.594029, 0.743485, 0.487191, 0.000000, 0.000000, 0.000000, 1.000000, 0.307086, -0.594014, 0.743536, 0.556185, 0.371491, 0.794124, 0.481001, -0.082660, -0.876181, 0.128508, 0.464535, 0.146368, 0.000000, 0.000000, 0.000000, 1.000000, 0.003378, 0.036389, -0.999332, 0.105054, -0.997933, -0.064010, -0.005704, 0.010666, -0.064175, 0.997286, 0.036098, -0.021337, 0.000000, 0.000000, 0.000000, 1.000000
-19.9961, 91.6607, 110.6412, 487.1900, 556.1841, -82.6611, 146.3746, 105.0537, 10.6653, -21.3372, -0.371471, -0.794129, -0.481007, 0.091661, 0.876155, -0.128427, -0.464606, 0.110641, 0.307183, -0.594025, 0.743487, 0.487190, 0.000000, 0.000000, 0.000000, 1.000000, 0.307089, -0.594010, 0.743538, 0.556184, 0.371471, 0.794130, 0.481007, -0.082661, -0.876188, 0.128491, 0.464526, 0.146375, 0.000000, 0.000000, 0.000000, 1.000000, 0.003378, 0.036389, -0.999332, 0.105054, -0.997933, -0.064010, -0.005705, 0.010665, -0.064175, 0.997286, 0.036098, -0.021337, 0.000000, 0.000000, 0.000000, 1.000000
-19.9954, 91.6615, 110.6377, 487.1892, 556.1833, -82.6618, 146.3781, 105.0537, 10.6651, -21.3372, -0.371459, -0.794133, -0.481011, 0.091661, 0.876160, -0.128417, -0.464600, 0.110638, 0.307184, -0.594022, 0.743489, 0.487189, 0.000000, 0.000000, 0.000000, 1.000000, 0.307090, -0.594008, 0.743539, 0.556183, 0.371459, 0.794133, 0.481010, -0.082662, -0.876193, 0.128481, 0.464520, 0.146378, 0.000000, 0.000000, 0.000000, 1.000000, 0.003379, 0.036389, -0.999332, 0.105054, -0.997933, -0.064009, -0.005705, 0.010665, -0.064174, 0.997286, 0.036098, -0.021337, 0.000000, 0.000000, 0.000000, 1.000000
-19.9924, 91.6645, 110.6264, 487.1862, 556.1804, -82.6649, 146.3897, 105.0537, 10.6642, -21.3373, -0.371413, -0.794146, -0.481025, 0.091665, 0.876180, -0.128381, -0.464572, 0.110626, 0.307184, -0.594012, 0.743497, 0.487186, 0.000000, 0.000000, 0.000000, 1.000000, 0.307090, -0.593998, 0.743547, 0.556180, 0.371412, 0.794146, 0.481025, -0.082665, -0.876213, 0.128445, 0.464493, 0.146390, 0.000000, 0.000000, 0.000000, 1.000000, 0.003380, 0.036390, -0.999332, 0.105054, -0.997933, -0.064009, -0.005706, 0.010664, -0.064173, 0.997286, 0.036098, -0.021337, 0.000000, 0.000000, 0.000000, 1.000000
-19.9899, 91.6672, 110.6177, 487.1838, 556.1780, -82.6676, 146.3984, 105.0538, 10.6635, -21.3375, -0.371372, -0.794157, -0.481038, 0.091667, 0.876198, -0.128351, -0.464547, 0.110618, 0.307182, -0.594004, 0.743505, 0.487184, 0.000000, 0.000000, 0.000000, 1.000000, 0.307088, -0.593989, 0.743555, 0.556178, 0.371372, 0.794158, 0.481037, -0.082668, -0.876231, 0.128415, 0.464467, 0.146398, 0.000000, 0.000000, 0.000000, 1.000000, 0.003381, 0.036390, -0.999332, 0.105054, -0.997933, -0.064008, -0.005707, 0.010663, -0.064173, 0.997286, 0.036098, -0.021337, 0.000000, 0.000000, 0.000000, 1.000000
-19.9899, 91.6672, 110.6177, 487.1838, 556.1780, -82.6676, 146.3984, 105.0538, 10.6635, -21.3375, -0.371372, -0.794157, -0.481038, 0.091667, 0.876198, -0.128351, -0.464547, 0.110618, 0.307182, -0.594004, 0.743505, 0.487184, 0.000000, 0.000000, 0.000000, 1.000000, 0.307088, -0.593989, 0.743555, 0.556178, 0.371372, 0.794158, 0.481037, -0.082668, -0.876231, 0.128415, 0.464467, 0.146398, 0.000000, 0.000000, 0.000000, 1.000000, 0.003381, 0.036390, -0.999332, 0.105054, -0.997933, -0.064008, -0.005707, 0.010663, -0.064173, 0.997286, 0.036098, -0.021337, 0.000000, 0.000000, 0.000000, 1.000000
-19.9852, 91.6716, 110.6228, 487.1817, 556.1759, -82.6719, 146.3933, 105.0537, 10.6621, -21.3376, -0.371305, -0.794175, -0.481059, 0.091672, 0.876240, -0.128325, -0.464474, 0.110623, 0.307141, -0.593985, 0.743536, 0.487182, 0.000000, 0.000000, 0.000000, 1.000000, 0.307048, -0.593971, 0.743586, 0.556176, 0.371305, 0.794176, 0.481059, -0.082672, -0.876273, 0.128389, 0.464394, 0.146393, 0.000000, 0.000000, 0.000000, 1.000000, 0.003382, 0.036390, -0.999332, 0.105054, -0.997933, -0.064006, -0.005708, 0.010662, -0.064171, 0.997286, 0.036099, -0.021338, 0.000000, 0.000000, 0.000000, 1.000000
-19.9852, 91.6716, 110.6228, 487.1817, 556.1759, -82.6719, 146.3933, 105.0537, 10.6621, -21.3376, -0.371305, -0.794175, -0.481059, 0.091672, 0.876240, -0.128325, -0.464474, 0.110623, 0.307141, -0.593985, 0.743536, 0.487182, 0.000000, 0.000000, 0.000000, 1.000000, 0.307048, -0.593971, 0.743586, 0.556176, 0.371305, 0.794176, 0.481059, -0.082672, -0.876273, 0.128389, 0.464394, 0.146393, 0.000000, 0.000000, 0.000000, 1.000000, 0.003382, 0.036390, -0.999332, 0.105054, -0.997933, -0.064006, -0.005708, 0.010662, -0.064171, 0.997286, 0.036099, -0.021338, 0.000000, 0.000000, 0.000000, 1.000000
-19.9815, 91.6752, 110.6237, 487.1796, 556.1738, -82.6755, 146.3924, 105.0537, 10.6609, -21.3377, -0.371249, -0.794191, -0.481077, 0.091675, 0.876273, -0.128300, -0.464419, 0.110624, 0.307115, -0.593970, 0.743559, 0.487180, 0.000000, 0.000000, 0.000000, 1.000000, 0.307021, -0.593956, 0.743609, 0.556174, 0.371249, 0.794191, 0.481077, -0.082676, -0.876306, 0.128364, 0.464339, 0.146392, 0.000000, 0.000000, 0.000000, 1.000000, 0.003383, 0.036391, -0.999332, 0.105054, -0.997933, -0.064004, -0.005709, 0.010661, -0.064169, 0.997286, 0.036099, -0.021338, 0.000000, 0.000000, 0.000000, 1.000000
-19.9794, 91.6772, 110.6232, 487.1783, 556.1725, -82.6776, 146.3929, 105.0537, 10.6603, -21.3378, -0.371218, -0.794199, -0.481087, 0.091677, 0.876291, -0.128285, -0.464389, 0.110623, 0.307101, -0.593962, 0.743571, 0.487178, 0.000000, 0.000000, 0.000000, 1.000000, 0.307008, -0.593948, 0.743621, 0.556173, 0.371218, 0.794200, 0.481086, -0.082678, -0.876324, 0.128349, 0.464309, 0.146393, 0.000000, 0.000000, 0.000000, 1.000000, 0.003384, 0.036391, -0.999332, 0.105054, -0.997933, -0.064004, -0.005710, 0.010660, -0.064169, 0.997286, 0.036099, -0.021338, 0.000000, 0.000000, 0.000000, 1.000000
-19.9723, 91.6843, 110.6184, 487.1736, 556.1678, -82.6846, 146.3977, 105.0537, 10.6582, -21.3381, -0.371112, -0.794229, -0.481120, 0.091684, 0.876350, -0.128229, -0.464294, 0.110618, 0.307062, -0.593935, 0.743609, 0.487174, 0.000000, 0.000000, 0.000000, 1.000000, 0.306968, -0.593920, 0.743659, 0.556168, 0.371112, 0.794229, 0.481120, -0.082685, -0.876383, 0.128293, 0.464214, 0.146398, 0.000000, 0.000000, 0.000000, 1.000000, 0.003386, 0.036391, -0.999332, 0.105054, -0.997933, -0.064001, -0.005712, 0.010658, -0.064166, 0.997286, 0.036099, -0.021338, 0.000000, 0.000000, 0.000000, 1.000000
-19.9669, 91.6897, 110.6122, 487.1698, 556.1640, -82.6900, 146.4038, 105.0537, 10.6566, -21.3383, -0.371031, -0.794251, -0.481146, 0.091690, 0.876393, -0.128183, -0.464225, 0.110612, 0.307036, -0.593914, 0.743636, 0.487170, 0.000000, 0.000000, 0.000000, 1.000000, 0.306942, -0.593900, 0.743686, 0.556164, 0.371031, 0.794252, 0.481145, -0.082690, -0.876426, 0.128247, 0.464145, 0.146404, 0.000000, 0.000000, 0.000000, 1.000000, 0.003388, 0.036392, -0.999332, 0.105054, -0.997934, -0.063999, -0.005714, 0.010657, -0.064164, 0.997286, 0.036100, -0.021338, 0.000000, 0.000000, 0.000000, 1.000000
-19.9669, 91.6897, 110.6122, 487.1698, 556.1640, -82.6900, 146.4038, 105.0537, 10.6566, -21.3383, -0.371031, -0.794251, -0.481146, 0.091690, 0.876393, -0.128183, -0.464225, 0.110612, 0.307036, -0.593914, 0.743636, 0.487170, 0.000000, 0.000000, 0.000000, 1.000000, 0.306942, -0.593900, 0.743686, 0.556164, 0.371031, 0.794252, 0.481145, -0.082690, -0.876426, 0.128247, 0.464145, 0.146404, 0.000000, 0.000000, 0.000000, 1.000000, 0.003388, 0.036392, -0.999332, 0.105054, -0.997934, -0.063999, -0.005714, 0.010657, -0.064164, 0.997286, 0.036100, -0.021338, 0.000000, 0.000000, 0.000000, 1.000000
-19.9578, 91.6990, 110.5985, 487.1629, 556.1571, -82.6993, 146.4176, 105.0537, 10.6538, -21.3386, -0.370893, -0.794290, -0.481188, 0.091699, 0.876465, -0.128101, -0.464112, 0.110598, 0.306999, -0.593880, 0.743679, 0.487163, 0.000000, 0.000000, 0.000000, 1.000000, 0.306905, -0.593866, 0.743729, 0.556157, 0.370892, 0.794290, 0.481188, -0.082699, -0.876498, 0.128164, 0.464032, 0.146418, 0.000000, 0.000000, 0.000000, 1.000000, 0.003391, 0.036392, -0.999332, 0.105054, -0.997934, -0.063996, -0.005717, 0.010654, -0.064161, 0.997286, 0.036100, -0.021339, 0.000000, 0.000000, 0.000000, 1.000000
-19.9578, 91.6990, 110.5985, 487.1629, 556.1571, -82.6993, 146.4176, 105.0537, 10.6538, -21.3386, -0.370893, -0.794290, -0.481188, 0.091699, 0.876465, -0.128101, -0.464112, 0.110598, 0.306999, -0.593880, 0.743679, 0.487163, 0.000000, 0.000000, 0.000000, 1.000000, 0.306905, -0.593866, 0.743729, 0.556157, 0.370892, 0.794290, 0.481188, -0.082699, -0.876498, 0.128164, 0.464032, 0.146418, 0.000000, 0.000000, 0.000000, 1.000000, 0.003391, 0.036392, -0.999332, 0.105054, -0.997934, -0.063996, -0.005717, 0.010654, -0.064161, 0.997286, 0.036100, -0.021339, 0.000000, 0.000000, 0.000000, 1.000000
-19.9512, 91.7058, 110.5864, 487.1576, 556.1518, -82.7062, 146.4296, 105.0537, 10.6519, -21.3389, -0.370790, -0.794318, -0.481220, 0.091706, 0.876517, -0.128038, -0.464031, 0.110586, 0.306974, -0.593856, 0.743708, 0.487158, 0.000000, 0.000000, 0.000000, 1.000000, 0.306881, -0.593841, 0.743759, 0.556152, 0.370790, 0.794319, 0.481220, -0.082706, -0.876550, 0.128101, 0.463951, 0.146430, 0.000000, 0.000000, 0.000000, 1.000000, 0.003394, 0.036393, -0.999332, 0.105054, -0.997934, -0.063993, -0.005719, 0.010652, -0.064158, 0.997287, 0.036101, -0.021339, 0.000000, 0.000000, 0.000000, 1.000000
-19.9403, 91.7171, 110.5643, 487.1487, 556.1429, -82.7174, 146.4518, 105.0537, 10.6486, -21.3393, -0.370623, -0.794365, -0.481271, 0.091717, 0.876600, -0.127932, -0.463904, 0.110564, 0.306939, -0.593816, 0.743755, 0.487149, 0.000000, 0.000000, 0.000000, 1.000000, 0.306845, -0.593801, 0.743805, 0.556143, 0.370623, 0.794366, 0.481271, -0.082717, -0.876633, 0.127995, 0.463824, 0.146452, 0.000000, 0.000000, 0.000000, 1.000000, 0.003397, 0.036394, -0.999332, 0.105054, -0.997934, -0.063989, -0.005723, 0.010649, -0.064155, 0.997287, 0.036101, -0.021339, 0.000000, 0.000000, 0.000000, 1.000000
-19.9403, 91.7171, 110.5643, 487.1487, 556.1429, -82.7174, 146.4518, 105.0537, 10.6486, -21.3393, -0.370623, -0.794365, -0.481271, 0.091717, 0.876600, -0.127932, -0.463904, 0.110564, 0.306939, -0.593816, 0.743755, 0.487149, 0.000000, 0.000000, 0.000000, 1.000000, 0.306845, -0.593801, 0.743805, 0.556143, 0.370623, 0.794366, 0.481271, -0.082717, -0.876633, 0.127995, 0.463824, 0.146452, 0.000000, 0.000000, 0.000000, 1.000000, 0.003397, 0.036394, -0.999332, 0.105054, -0.997934, -0.063989, -0.005723, 0.010649, -0.064155, 0.997287, 0.036101, -0.021339, 0.000000, 0.000000, 0.000000, 1.000000
-19.9285, 91.7293, 110.5377, 487.1388, 556.1330, -82.7297, 146.4784, 105.0538, 10.6451, -21.3398, -0.370441, -0.794417, -0.481327, 0.091729, 0.876689, -0.127813, -0.463768, 0.110538, 0.306905, -0.593773, 0.743803, 0.487139, 0.000000, 0.000000, 0.000000, 1.000000, 0.306811, -0.593758, 0.743853, 0.556133, 0.370440, 0.794417, 0.481327, -0.082730, -0.876722, 0.127877, 0.463688, 0.146478, 0.000000, 0.000000, 0.000000, 1.000000, 0.003402, 0.036395, -0.999332, 0.105054, -0.997934, -0.063985, -0.005727, 0.010645, -0.064151, 0.997287, 0.036102, -0.021340, 0.000000, 0.000000, 0.000000, 1.000000
-19.9244, 91.7336, 110.5280, 487.1353, 556.1295, -82.7340, 146.4882, 105.0538, 10.6439, -21.3399, -0.370377, -0.794435, -0.481347, 0.091734, 0.876720, -0.127771, -0.463721, 0.110528, 0.306894, -0.593758, 0.743820, 0.487135, 0.000000, 0.000000, 0.000000, 1.000000, 0.306800, -0.593743, 0.743870, 0.556129, 0.370377, 0.794435, 0.481346, -0.082734, -0.876752, 0.127835, 0.463641, 0.146488, 0.000000, 0.000000, 0.000000, 1.000000, 0.003403, 0.036395, -0.999332, 0.105054, -0.997935, -0.063983, -0.005728, 0.010644, -0.064149, 0.997287, 0.036102, -0.021340, 0.000000, 0.000000, 0.000000, 1.000000
-19.9159, 91.7425, 110.5072, 487.1279, 556.1221, -82.7428, 146.5091, 105.0538, 10.6414, -21.3403, -0.370245, -0.794472, -0.481387, 0.091742, 0.876783, -0.127684, -0.463626, 0.110507, 0.306872, -0.593727, 0.743853, 0.487128, 0.000000, 0.000000, 0.000000, 1.000000, 0.306779, -0.593713, 0.743903, 0.556122, 0.370245, 0.794472, 0.481386, -0.082743, -0.876816, 0.127747, 0.463546, 0.146509, 0.000000, 0.000000, 0.000000, 1.000000, 0.003406, 0.036395, -0.999332, 0.105054, -0.997935, -0.063980, -0.005731, 0.010641, -0.064146, 0.997287, 0.036102, -0.021340, 0.000000, 0.000000, 0.000000, 1.000000
-19.9116, 91.7470, 110.4962, 487.1241, 556.1183, -82.7474, 146.5201, 105.0538, 10.6401, -21.3404, -0.370177, -0.794491, -0.481408, 0.091747, 0.876815, -0.127638, -0.463577, 0.110496, 0.306862, -0.593711, 0.743870, 0.487124, 0.000000, 0.000000, 0.000000, 1.000000, 0.306768, -0.593697, 0.743920, 0.556118, 0.370177, 0.794491, 0.481407, -0.082747, -0.876848, 0.127702, 0.463498, 0.146520, 0.000000, 0.000000, 0.000000, 1.000000, 0.003407, 0.036396, -0.999332, 0.105054, -0.997935, -0.063979, -0.005733, 0.010640, -0.064145, 0.997287, 0.036103, -0.021340, 0.000000, 0.000000, 0.000000, 1.000000
-19.9027, 91.7564, 110.4731, 487.1163, 556.1105, -82.7567, 146.5432, 105.0539, 10.6375, -21.3408, -0.370038, -0.794530, -0.481450, 0.091756, 0.876881, -0.127544, -0.463478, 0.110473, 0.306841, -0.593679, 0.743904, 0.487116, 0.000000, 0.000000, 0.000000, 1.000000, 0.306748, -0.593665, 0.743954, 0.556111, 0.370038, 0.794530, 0.481449, -0.082757, -0.876914, 0.127608, 0.463399, 0.146543, 0.000000, 0.000000, 0.000000, 1.000000, 0.003411, 0.036396, -0.999332, 0.105054, -0.997935, -0.063976, -0.005736, 0.010637, -0.064142, 0.997288, 0.036103, -0.021341, 0.000000, 0.000000, 0.000000, 1.000000
-19.8936, 91.7659, 110.4488, 487.1082, 556.1024, -82.7663, 146.5676, 105.0539, 10.6348, -21.3412, -0.369896, -0.794570, -0.481493, 0.091766, 0.876948, -0.127447, -0.463378, 0.110449, 0.306821, -0.593646, 0.743939, 0.487108, 0.000000, 0.000000, 0.000000, 1.000000, 0.306728, -0.593632, 0.743989, 0.556102, 0.369895, 0.794570, 0.481493, -0.082766, -0.876981, 0.127511, 0.463298, 0.146568, 0.000000, 0.000000, 0.000000, 1.000000, 0.003414, 0.036397, -0.999332, 0.105054, -0.997935, -0.063972, -0.005739, 0.010635, -0.064139, 0.997288, 0.036103, -0.021341, 0.000000, 0.000000, 0.000000, 1.000000
-19.8843, 91.7758, 110.4234, 487.0998, 556.0941, -82.7761, 146.5930, 105.0539, 10.6320, -21.3415, -0.369750, -0.794611, -0.481537, 0.091776, 0.877016, -0.127348, -0.463276, 0.110423, 0.306802, -0.593612, 0.743974, 0.487100, 0.000000, 0.000000, 0.000000, 1.000000, 0.306708, -0.593598, 0.744024, 0.556094, 0.369750, 0.794611, 0.481537, -0.082776, -0.877049, 0.127411, 0.463197, 0.146593, 0.000000, 0.000000, 0.000000, 1.000000, 0.003417, 0.036398, -0.999332, 0.105054, -0.997935, -0.063969, -0.005742, 0.010632, -0.064135, 0.997288, 0.036104, -0.021342, 0.000000, 0.000000, 0.000000, 1.000000
-19.8748, 91.7857, 110.3971, 487.0913, 556.0855, -82.7861, 146.6194, 105.0540, 10.6292, -21.3419, -0.369601, -0.794653, -0.481583, 0.091786, 0.877086, -0.127245, -0.463173, 0.110397, 0.306783, -0.593578, 0.744009, 0.487091, 0.000000, 0.000000, 0.000000, 1.000000, 0.306689, -0.593564, 0.744059, 0.556086, 0.369601, 0.794653, 0.481582, -0.082786, -0.877119, 0.127309, 0.463093, 0.146619, 0.000000, 0.000000, 0.000000, 1.000000, 0.003420, 0.036398, -0.999332, 0.105054, -0.997936, -0.063966, -0.005746, 0.010629, -0.064132, 0.997288, 0.036104, -0.021342, 0.000000, 0.000000, 0.000000, 1.000000
-19.8748, 91.7857, 110.3971, 487.0913, 556.0855, -82.7861, 146.6194, 105.0540, 10.6292, -21.3419, -0.369601, -0.794653, -0.481583, 0.091786, 0.877086, -0.127245, -0.463173, 0.110397, 0.306783, -0.593578, 0.744009, 0.487091, 0.000000, 0.000000, 0.000000, 1.000000, 0.306689, -0.593564, 0.744059, 0.556086, 0.369601, 0.794653, 0.481582, -0.082786, -0.877119, 0.127309, 0.463093, 0.146619, 0.000000, 0.000000, 0.000000, 1.000000, 0.003420, 0.036398, -0.999332, 0.105054, -0.997936, -0.063966, -0.005746, 0.010629, -0.064132, 0.997288, 0.036104, -0.021342, 0.000000, 0.000000, 0.000000, 1.000000
-19.8603, 91.8010, 110.3563, 487.0781, 556.0724, -82.8013, 146.6603, 105.0541, 10.6249, -21.3425, -0.369374, -0.794717, -0.481651, 0.091801, 0.877191, -0.127088, -0.463017, 0.110356, 0.306755, -0.593527, 0.744062, 0.487078, 0.000000, 0.000000, 0.000000, 1.000000, 0.306662, -0.593512, 0.744111, 0.556072, 0.369374, 0.794717, 0.481651, -0.082801, -0.877224, 0.127152, 0.462937, 0.146660, 0.000000, 0.000000, 0.000000, 1.000000, 0.003426, 0.036399, -0.999331, 0.105054, -0.997936, -0.063961, -0.005751, 0.010625, -0.064127, 0.997288, 0.036105, -0.021342, 0.000000, 0.000000, 0.000000, 1.000000
-19.8506, 91.8112, 110.3284, 487.0693, 556.0636, -82.8116, 146.6883, 105.0541, 10.6221, -21.3429, -0.369221, -0.794760, -0.481697, 0.091811, 0.877262, -0.126982, -0.462912, 0.110328, 0.306737, -0.593492, 0.744097, 0.487069, 0.000000, 0.000000, 0.000000, 1.000000, 0.306644, -0.593478, 0.744146, 0.556064, 0.369221, 0.794760, 0.481697, -0.082812, -0.877294, 0.127045, 0.462833, 0.146688, 0.000000, 0.000000, 0.000000, 1.000000, 0.003429, 0.036400, -0.999331, 0.105054, -0.997936, -0.063957, -0.005754, 0.010622, -0.064124, 0.997289, 0.036105, -0.021343, 0.000000, 0.000000, 0.000000, 1.000000
-19.8506, 91.8112, 110.3284, 487.0693, 556.0636, -82.8116, 146.6883, 105.0541, 10.6221, -21.3429, -0.369221, -0.794760, -0.481697, 0.091811, 0.877262, -0.126982, -0.462912, 0.110328, 0.306737, -0.593492, 0.744097, 0.487069, 0.000000, 0.000000, 0.000000, 1.000000, 0.306644, -0.593478, 0.744146, 0.556064, 0.369221, 0.794760, 0.481697, -0.082812, -0.877294, 0.127045, 0.462833, 0.146688, 0.000000, 0.000000, 0.000000, 1.000000, 0.003429, 0.036400, -0.999331, 0.105054, -0.997936, -0.063957, -0.005754, 0.010622, -0.064124, 0.997289, 0.036105, -0.021343, 0.000000, 0.000000, 0.000000, 1.000000
-19.8408, 91.8216, 110.3002, 487.0603, 556.0546, -82.8219, 146.7167, 105.0541, 10.6192, -21.3433, -0.369068, -0.794803, -0.481744, 0.091822, 0.877332, -0.126875, -0.462807, 0.110300, 0.306719, -0.593457, 0.744132, 0.487060, 0.000000, 0.000000, 0.000000, 1.000000, 0.306626, -0.593443, 0.744181, 0.556055, 0.369068, 0.794803, 0.481743, -0.082822, -0.877365, 0.126938, 0.462728, 0.146717, 0.000000, 0.000000, 0.000000, 1.000000, 0.003433, 0.036400, -0.999331, 0.105054, -0.997936, -0.063954, -0.005757, 0.010619, -0.064121, 0.997289, 0.036106, -0.021343, 0.000000, 0.000000, 0.000000, 1.000000
-19.8311, 91.8319, 110.2717, 487.0514, 556.0457, -82.8322, 146.7452, 105.0542, 10.6163, -21.3437, -0.368914, -0.794846, -0.481790, 0.091832, 0.877403, -0.126768, -0.462702, 0.110272, 0.306702, -0.593422, 0.744167, 0.487051, 0.000000, 0.000000, 0.000000, 1.000000, 0.306609, -0.593408, 0.744216, 0.556046, 0.368914, 0.794847, 0.481790, -0.082832, -0.877436, 0.126831, 0.462624, 0.146745, 0.000000, 0.000000, 0.000000, 1.000000, 0.003436, 0.036401, -0.999331, 0.105054, -0.997936, -0.063951, -0.005761, 0.010616, -0.064117, 0.997289, 0.036106, -0.021344, 0.000000, 0.000000, 0.000000, 1.000000
-19.8213, 91.8422, 110.2432, 487.0424, 556.0367, -82.8426, 146.7738, 105.0542, 10.6134, -21.3441, -0.368760, -0.794890, -0.481836, 0.091842, 0.877474, -0.126660, -0.462598, 0.110243, 0.306685, -0.593387, 0.744202, 0.487042, 0.000000, 0.000000, 0.000000, 1.000000, 0.306592, -0.593373, 0.744251, 0.556037, 0.368760, 0.794890, 0.481836, -0.082843, -0.877506, 0.126723, 0.462519, 0.146774, 0.000000, 0.000000, 0.000000, 1.000000, 0.003440, 0.036402, -0.999331, 0.105054, -0.997937, -0.063947, -0.005764, 0.010613, -0.064114, 0.997289, 0.036106, -0.021344, 0.000000, 0.000000, 0.000000, 1.000000
-19.8116, 91.8525, 110.2148, 487.0335, 556.0278, -82.8528, 146.8024, 105.0543, 10.6105, -21.3445, -0.368607, -0.794933, -0.481883, 0.091852, 0.877544, -0.126553, -0.462494, 0.110215, 0.306668, -0.593352, 0.744237, 0.487033, 0.000000, 0.000000, 0.000000, 1.000000, 0.306575, -0.593338, 0.744286, 0.556028, 0.368607, 0.794933, 0.481882, -0.082853, -0.877576, 0.126616, 0.462416, 0.146802, 0.000000, 0.000000, 0.000000, 1.000000, 0.003443, 0.036402, -0.999331, 0.105054, -0.997937, -0.063944, -0.005767, 0.010611, -0.064111, 0.997289, 0.036107, -0.021344, 0.000000, 0.000000, 0.000000, 1.000000
-19.8068, 91.8576, 110.2007, 487.0290, 556.0234, -82.8579, 146.8166, 105.0543, 10.6091, -21.3447, -0.368531, -0.794954, -0.481905, 0.091858, 0.877579, -0.126500, -0.462442, 0.110201, 0.306659, -0.593335, 0.744254, 0.487029, 0.000000, 0.000000, 0.000000, 1.000000, 0.306567, -0.593321, 0.744303, 0.556023, 0.368531, 0.794954, 0.481905, -0.082858, -0.877611, 0.126563, 0.462364, 0.146817, 0.000000, 0.000000, 0.000000, 1.000000, 0.003445, 0.036402, -0.999331, 0.105054, -0.997937, -0.063942, -0.005769, 0.010609, -0.064109, 0.997289, 0.036107, -0.021345, 0.000000, 0.000000, 0.000000, 1.000000
-19.7972, 91.8677, 110.1726, 487.0202, 556.0146, -82.8681, 146.8448, 105.0544, 10.6063, -21.3450, -0.368380, -0.794996, -0.481951, 0.091868, 0.877648, -0.126394, -0.462340, 0.110173, 0.306643, -0.593300, 0.744288, 0.487020, 0.000000, 0.000000, 0.000000, 1.000000, 0.306551, -0.593286, 0.744337, 0.556015, 0.368380, 0.794997, 0.481950, -0.082868, -0.877680, 0.126457, 0.462262, 0.146845, 0.000000, 0.000000, 0.000000, 1.000000, 0.003448, 0.036403, -0.999331, 0.105054, -0.997937, -0.063939, -0.005772, 0.010606, -0.064106, 0.997290, 0.036108, -0.021345, 0.000000, 0.000000, 0.000000, 1.000000
-19.7925, 91.8727, 110.1587, 487.0158, 556.0102, -82.8731, 146.8587, 105.0544, 10.6049, -21.3452, -0.368305, -0.795017, -0.481973, 0.091873, 0.877682, -0.126342, -0.462289, 0.110159, 0.306634, -0.593283, 0.744305, 0.487016, 0.000000, 0.000000, 0.000000, 1.000000, 0.306543, -0.593269, 0.744354, 0.556010, 0.368305, 0.795018, 0.481973, -0.082873, -0.877715, 0.126404, 0.462211, 0.146859, 0.000000, 0.000000, 0.000000, 1.000000, 0.003450, 0.036403, -0.999331, 0.105054, -0.997937, -0.063937, -0.005774, 0.010605, -0.064104, 0.997290, 0.036108, -0.021345, 0.000000, 0.000000, 0.000000, 1.000000
-19.7830, 91.8827, 110.1311, 487.0072, 556.0015, -82.8831, 146.8864, 105.0544, 10.6021, -21.3456, -0.368157, -0.795059, -0.482018, 0.091883, 0.877751, -0.126238, -0.462188, 0.110131, 0.306618, -0.593249, 0.744339, 0.487007, 0.000000, 0.000000, 0.000000, 1.000000, 0.306526, -0.593236, 0.744388, 0.556002, 0.368157, 0.795060, 0.482018, -0.082883, -0.877783, 0.126300, 0.462110, 0.146886, 0.000000, 0.000000, 0.000000, 1.000000, 0.003453, 0.036404, -0.999331, 0.105054, -0.997937, -0.063934, -0.005777, 0.010602, -0.064101, 0.997290, 0.036108, -0.021346, 0.000000, 0.000000, 0.000000, 1.000000
-19.7784, 91.8877, 110.1176, 487.0029, 555.9973, -82.8880, 146.9001, 105.0545, 10.6007, -21.3458, -0.368083, -0.795080, -0.482040, 0.091888, 0.877784, -0.126187, -0.462138, 0.110118, 0.306610, -0.593233, 0.744356, 0.487003, 0.000000, 0.000000, 0.000000, 1.000000, 0.306518, -0.593219, 0.744405, 0.555997, 0.368083, 0.795080, 0.482040, -0.082888, -0.877816, 0.126249, 0.462060, 0.146900, 0.000000, 0.000000, 0.000000, 1.000000, 0.003455, 0.036404, -0.999331, 0.105054, -0.997938, -0.063932, -0.005779, 0.010601, -0.064100, 0.997290, 0.036108, -0.021346, 0.000000, 0.000000, 0.000000, 1.000000
-19.7691, 91.8975, 110.0907, 486.9944, 555.9888, -82.8978, 146.9270, 105.0545, 10.5979, -21.3462, -0.367937, -0.795121, -0.482084, 0.091897, 0.877851, -0.126085, -0.462039, 0.110091, 0.306593, -0.593199, 0.744389, 0.486994, 0.000000, 0.000000, 0.000000, 1.000000, 0.306502, -0.593186, 0.744438, 0.555989, 0.367937, 0.795121, 0.482084, -0.082898, -0.877883, 0.126147, 0.461961, 0.146927, 0.000000, 0.000000, 0.000000, 1.000000, 0.003458, 0.036405, -0.999331, 0.105054, -0.997938, -0.063929, -0.005782, 0.010598, -0.064097, 0.997290, 0.036109, -0.021346, 0.000000, 0.000000, 0.000000, 1.000000
-19.7600, 91.9071, 110.0645, 486.9860, 555.9805, -82.9075, 146.9534, 105.0545, 10.5952, -21.3465, -0.367794, -0.795161, -0.482127, 0.091907, 0.877917, -0.125985, -0.461940, 0.110064, 0.306576, -0.593167, 0.744422, 0.486986, 0.000000, 0.000000, 0.000000, 1.000000, 0.306485, -0.593153, 0.744471, 0.555980, 0.367793, 0.795162, 0.482127, -0.082907, -0.877949, 0.126046, 0.461863, 0.146953, 0.000000, 0.000000, 0.000000, 1.000000, 0.003461, 0.036405, -0.999331, 0.105055, -0.997938, -0.063926, -0.005785, 0.010595, -0.064093, 0.997290, 0.036109, -0.021347, 0.000000, 0.000000, 0.000000, 1.000000
-19.7600, 91.9071, 110.0645, 486.9860, 555.9805, -82.9075, 146.9534, 105.0545, 10.5952, -21.3465, -0.367794, -0.795161, -0.482127, 0.091907, 0.877917, -0.125985, -0.461940, 0.110064, 0.306576, -0.593167, 0.744422, 0.486986, 0.000000, 0.000000, 0.000000, 1.000000, 0.306485, -0.593153, 0.744471, 0.555980, 0.367793, 0.795162, 0.482127, -0.082907, -0.877949, 0.126046, 0.461863, 0.146953, 0.000000, 0.000000, 0.000000, 1.000000, 0.003461, 0.036405, -0.999331, 0.105055, -0.997938, -0.063926, -0.005785, 0.010595, -0.064093, 0.997290, 0.036109, -0.021347, 0.000000, 0.000000, 0.000000, 1.000000
-19.7466, 91.9213, 110.0262, 486.9738, 555.9682, -82.9217, 146.9919, 105.0546, 10.5913, -21.3471, -0.367582, -0.795220, -0.482191, 0.091921, 0.878015, -0.125838, -0.461795, 0.110026, 0.306551, -0.593118, 0.744471, 0.486974, 0.000000, 0.000000, 0.000000, 1.000000, 0.306461, -0.593105, 0.744519, 0.555968, 0.367582, 0.795221, 0.482190, -0.082922, -0.878046, 0.125899, 0.461718, 0.146992, 0.000000, 0.000000, 0.000000, 1.000000, 0.003466, 0.036406, -0.999331, 0.105055, -0.997938, -0.063921, -0.005790, 0.010591, -0.064089, 0.997291, 0.036110, -0.021347, 0.000000, 0.000000, 0.000000, 1.000000
-19.7378, 91.9306, 110.0016, 486.9658, 555.9603, -82.9309, 147.0167, 105.0546, 10.5887, -21.3474, -0.367444, -0.795259, -0.482232, 0.091931, 0.878078, -0.125743, -0.461701, 0.110002, 0.306535, -0.593087, 0.744503, 0.486966, 0.000000, 0.000000, 0.000000, 1.000000, 0.306444, -0.593073, 0.744551, 0.555960, 0.367444, 0.795259, 0.482232, -0.082931, -0.878110, 0.125804, 0.461624, 0.147017, 0.000000, 0.000000, 0.000000, 1.000000, 0.003469, 0.036407, -0.999331, 0.105055, -0.997938, -0.063918, -0.005793, 0.010589, -0.064086, 0.997291, 0.036110, -0.021347, 0.000000, 0.000000, 0.000000, 1.000000
-19.7293, 91.9396, 109.9777, 486.9581, 555.9526, -82.9399, 147.0407, 105.0547, 10.5861, -21.3478, -0.367310, -0.795297, -0.482272, 0.091940, 0.878140, -0.125650, -0.461608, 0.109978, 0.306518, -0.593056, 0.744534, 0.486958, 0.000000, 0.000000, 0.000000, 1.000000, 0.306428, -0.593042, 0.744582, 0.555953, 0.367310, 0.795297, 0.482272, -0.082940, -0.878172, 0.125711, 0.461531, 0.147041, 0.000000, 0.000000, 0.000000, 1.000000, 0.003472, 0.036407, -0.999331, 0.105055, -0.997939, -0.063915, -0.005796, 0.010586, -0.064083, 0.997291, 0.036111, -0.021348, 0.000000, 0.000000, 0.000000, 1.000000
-19.7209, 91.9484, 109.9547, 486.9505, 555.9450, -82.9488, 147.0639, 105.0547, 10.5837, -21.3481, -0.367178, -0.795333, -0.482312, 0.091948, 0.878201, -0.125559, -0.461517, 0.109955, 0.306501, -0.593026, 0.744565, 0.486951, 0.000000, 0.000000, 0.000000, 1.000000, 0.306411, -0.593012, 0.744613, 0.555945, 0.367178, 0.795334, 0.482311, -0.082949, -0.878233, 0.125620, 0.461440, 0.147064, 0.000000, 0.000000, 0.000000, 1.000000, 0.003475, 0.036408, -0.999331, 0.105055, -0.997939, -0.063912, -0.005799, 0.010584, -0.064080, 0.997291, 0.036111, -0.021348, 0.000000, 0.000000, 0.000000, 1.000000
-19.7209, 91.9484, 109.9547, 486.9505, 555.9450, -82.9488, 147.0639, 105.0547, 10.5837, -21.3481, -0.367178, -0.795333, -0.482312, 0.091948, 0.878201, -0.125559, -0.461517, 0.109955, 0.306501, -0.593026, 0.744565, 0.486951, 0.000000, 0.000000, 0.000000, 1.000000, 0.306411, -0.593012, 0.744613, 0.555945, 0.367178, 0.795334, 0.482311, -0.082949, -0.878233, 0.125620, 0.461440, 0.147064, 0.000000, 0.000000, 0.000000, 1.000000, 0.003475, 0.036408, -0.999331, 0.105055, -0.997939, -0.063912, -0.005799, 0.010584, -0.064080, 0.997291, 0.036111, -0.021348, 0.000000, 0.000000, 0.000000, 1.000000
-19.7128, 91.9571, 109.9323, 486.9432, 555.9377, -82.9574, 147.0864, 105.0547, 10.5812, -21.3484, -0.367050, -0.795370, -0.482350, 0.091957, 0.878261, -0.125471, -0.461427, 0.109932, 0.306484, -0.592996, 0.744596, 0.486943, 0.000000, 0.000000, 0.000000, 1.000000, 0.306394, -0.592983, 0.744644, 0.555938, 0.367049, 0.795370, 0.482350, -0.082957, -0.878292, 0.125532, 0.461351, 0.147086, 0.000000, 0.000000, 0.000000, 1.000000, 0.003478, 0.036409, -0.999331, 0.105055, -0.997939, -0.063909, -0.005802, 0.010581, -0.064077, 0.997291, 0.036111, -0.021348, 0.000000, 0.000000, 0.000000, 1.000000
-19.7087, 91.9613, 109.9215, 486.9395, 555.9341, -82.9617, 147.0974, 105.0548, 10.5800, -21.3486, -0.366986, -0.795387, -0.482369, 0.091961, 0.878290, -0.125428, -0.461383, 0.109921, 0.306475, -0.592981, 0.744611, 0.486940, 0.000000, 0.000000, 0.000000, 1.000000, 0.306386, -0.592968, 0.744659, 0.555934, 0.366986, 0.795388, 0.482369, -0.082962, -0.878322, 0.125488, 0.461306, 0.147097, 0.000000, 0.000000, 0.000000, 1.000000, 0.003479, 0.036409, -0.999331, 0.105055, -0.997939, -0.063908, -0.005803, 0.010580, -0.064076, 0.997291, 0.036111, -0.021349, 0.000000, 0.000000, 0.000000, 1.000000
-19.6969, 91.9738, 109.8900, 486.9290, 555.9235, -82.9741, 147.1291, 105.0548, 10.5765, -21.3490, -0.366801, -0.795439, -0.482425, 0.091974, 0.878377, -0.125301, -0.461252, 0.109890, 0.306450, -0.592939, 0.744656, 0.486929, 0.000000, 0.000000, 0.000000, 1.000000, 0.306360, -0.592925, 0.744703, 0.555924, 0.366800, 0.795439, 0.482425, -0.082974, -0.878408, 0.125361, 0.461176, 0.147129, 0.000000, 0.000000, 0.000000, 1.000000, 0.003484, 0.036410, -0.999331, 0.105055, -0.997939, -0.063903, -0.005807, 0.010577, -0.064072, 0.997292, 0.036112, -0.021349, 0.000000, 0.000000, 0.000000, 1.000000
-19.6892, 91.9819, 109.8698, 486.9221, 555.9167, -82.9822, 147.1495, 105.0548, 10.5742, -21.3493, -0.366679, -0.795473, -0.482461, 0.091982, 0.878434, -0.125219, -0.461167, 0.109870, 0.306432, -0.592911, 0.744685, 0.486922, 0.000000, 0.000000, 0.000000, 1.000000, 0.306343, -0.592897, 0.744732, 0.555917, 0.366679, 0.795473, 0.482461, -0.082982, -0.878465, 0.125279, 0.461091, 0.147149, 0.000000, 0.000000, 0.000000, 1.000000, 0.003486, 0.036410, -0.999331, 0.105055, -0.997939, -0.063901, -0.005810, 0.010574, -0.064069, 0.997292, 0.036112, -0.021349, 0.000000, 0.000000, 0.000000, 1.000000
-19.6892, 91.9819, 109.8698, 486.9221, 555.9167, -82.9822, 147.1495, 105.0548, 10.5742, -21.3493, -0.366679, -0.795473, -0.482461, 0.091982, 0.878434, -0.125219, -0.461167, 0.109870, 0.306432, -0.592911, 0.744685, 0.486922, 0.000000, 0.000000, 0.000000, 1.000000, 0.306343, -0.592897, 0.744732, 0.555917, 0.366679, 0.795473, 0.482461, -0.082982, -0.878465, 0.125279, 0.461091, 0.147149, 0.000000, 0.000000, 0.000000, 1.000000, 0.003486, 0.036410, -0.999331, 0.105055, -0.997939, -0.063901, -0.005810, 0.010574, -0.064069, 0.997292, 0.036112, -0.021349, 0.000000, 0.000000, 0.000000, 1.000000
-19.6778, 91.9938, 109.8406, 486.9121, 555.9067, -82.9942, 147.1790, 105.0549, 10.5709, -21.3498, -0.366501, -0.795523, -0.482515, 0.091994, 0.878517, -0.125099, -0.461040, 0.109841, 0.306405, -0.592869, 0.744729, 0.486912, 0.000000, 0.000000, 0.000000, 1.000000, 0.306317, -0.592856, 0.744776, 0.555907, 0.366501, 0.795523, 0.482515, -0.082994, -0.878548, 0.125159, 0.460964, 0.147179, 0.000000, 0.000000, 0.000000, 1.000000, 0.003490, 0.036411, -0.999331, 0.105055, -0.997940, -0.063897, -0.005814, 0.010571, -0.064066, 0.997292, 0.036113, -0.021350, 0.000000, 0.000000, 0.000000, 1.000000
-19.6703, 92.0017, 109.8217, 486.9055, 555.9002, -83.0020, 147.1980, 105.0549, 10.5686, -21.3501, -0.366384, -0.795555, -0.482550, 0.092002, 0.878573, -0.125020, -0.460956, 0.109822, 0.306387, -0.592842, 0.744758, 0.486906, 0.000000, 0.000000, 0.000000, 1.000000, 0.306299, -0.592829, 0.744805, 0.555900, 0.366384, 0.795556, 0.482550, -0.083002, -0.878603, 0.125080, 0.460881, 0.147198, 0.000000, 0.000000, 0.000000, 1.000000, 0.003493, 0.036411, -0.999331, 0.105055, -0.997940, -0.063894, -0.005816, 0.010569, -0.064063, 0.997292, 0.036113, -0.021350, 0.000000, 0.000000, 0.000000, 1.000000
-19.6703, 92.0017, 109.8217, 486.9055, 555.9002, -83.0020, 147.1980, 105.0549, 10.5686, -21.3501, -0.366384, -0.795555, -0.482550, 0.092002, 0.878573, -0.125020, -0.460956, 0.109822, 0.306387, -0.592842, 0.744758, 0.486906, 0.000000, 0.000000, 0.000000, 1.000000, 0.306299, -0.592829, 0.744805, 0.555900, 0.366384, 0.795556, 0.482550, -0.083002, -0.878603, 0.125080, 0.460881, 0.147198, 0.000000, 0.000000, 0.000000, 1.000000, 0.003493, 0.036411, -0.999331, 0.105055, -0.997940, -0.063894, -0.005816, 0.010569, -0.064063, 0.997292, 0.036113, -0.021350, 0.000000, 0.000000, 0.000000, 1.000000
