# Joint_5_Angle(deg), Cam_X(mm), Cam_Y(mm), Cam_Z(mm), Torso_X(mm), Torso_Y(mm), Torso_Z(mm), EE_X(mm), EE_Y(mm), EE_Z(mm), T_cam2marker_flat(16), T_torso2marker_flat(16), T_ee2marker_flat(16)
-29.9996, 75.5688, 10.6864, 221.9145, 243.9103, -75.5692, 189.3034, 53.2955, 99.3013, -2.8245, 0.799924, -0.596732, -0.063492, 0.075569, 0.599984, 0.793195, 0.104212, 0.010686, -0.011825, -0.121456, 0.992526, 0.221914, 0.000000, 0.000000, 0.000000, 1.000000, -0.012052, -0.121754, 0.992487, 0.243910, -0.799924, 0.596733, 0.063491, -0.075569, -0.599980, -0.793150, -0.104586, 0.189303, 0.000000, 0.000000, 0.000000, 1.000000, 0.994123, -0.066824, 0.085176, 0.053296, 0.086153, 0.011876, -0.996211, 0.099301, 0.065559, 0.997694, 0.017563, -0.002824, 0.000000, 0.000000, 0.000000, 1.000000
-29.9997, 75.5693, 10.6879, 221.9150, 243.9108, -75.5697, 189.3019, 53.2958, 99.3011, -2.8245, 0.799922, -0.596735, -0.063493, 0.075569, 0.599987, 0.793193, 0.104215, 0.010688, -0.011827, -0.121458, 0.992526, 0.221915, 0.000000, 0.000000, 0.000000, 1.000000, -0.012054, -0.121756, 0.992487, 0.243911, -0.799922, 0.596735, 0.063491, -0.075570, -0.599983, -0.793147, -0.104589, 0.189302, 0.000000, 0.000000, 0.000000, 1.000000, 0.994123, -0.066824, 0.085176, 0.053296, 0.086153, 0.011876, -0.996211, 0.099301, 0.065559, 0.997694, 0.017563, -0.002825, 0.000000, 0.000000, 0.000000, 1.000000
-30.0000, 75.5708, 10.6939, 221.9171, 243.9129, -75.5712, 189.2959, 53.2966, 99.3004, -2.8246, 0.799916, -0.596744, -0.063493, 0.075571, 0.599995, 0.793185, 0.104228, 0.010694, -0.011835, -0.121469, 0.992525, 0.221917, 0.000000, 0.000000, 0.000000, 1.000000, -0.012063, -0.121767, 0.992485, 0.243913, -0.799916, 0.596744, 0.063491, -0.075571, -0.599991, -0.793139, -0.104602, 0.189296, 0.000000, 0.000000, 0.000000, 1.000000, 0.994123, -0.066824, 0.085176, 0.053297, 0.086153, 0.011875, -0.996211, 0.099300, 0.065559, 0.997694, 0.017563, -0.002825, 0.000000, 0.000000, 0.000000, 1.000000
-30.0001, 75.5717, 10.6982, 221.9188, 243.9146, -75.5721, 189.2915, 53.2973, 99.2999, -2.8245, 0.799912, -0.596749, -0.063494, 0.075572, 0.600001, 0.793180, 0.104237, 0.010698, -0.011842, -0.121477, 0.992524, 0.221919, 0.000000, 0.000000, 0.000000, 1.000000, -0.012069, -0.121775, 0.992484, 0.243915, -0.799912, 0.596749, 0.063492, -0.075572, -0.599996, -0.793134, -0.104612, 0.189291, 0.000000, 0.000000, 0.000000, 1.000000, 0.994123, -0.066824, 0.085176, 0.053297, 0.086153, 0.011875, -0.996211, 0.099300, 0.065559, 0.997694, 0.017562, -0.002825, 0.000000, 0.000000, 0.000000, 1.000000
-30.0004, 75.5733, 10.7061, 221.9217, 243.9175, -75.5737, 189.2836, 53.2984, 99.2990, -2.8245, 0.799904, -0.596759, -0.063495, 0.075573, 0.600011, 0.793170, 0.104255, 0.010706, -0.011853, -0.121491, 0.992522, 0.221922, 0.000000, 0.000000, 0.000000, 1.000000, -0.012081, -0.121790, 0.992482, 0.243917, -0.799904, 0.596759, 0.063493, -0.075574, -0.600006, -0.793124, -0.104629, 0.189284, 0.000000, 0.000000, 0.000000, 1.000000, 0.994123, -0.066824, 0.085176, 0.053298, 0.086153, 0.011875, -0.996211, 0.099299, 0.065559, 0.997694, 0.017562, -0.002824, 0.000000, 0.000000, 0.000000, 1.000000
-30.0006, 75.5741, 10.7096, 221.9230, 243.9188, -75.5745, 189.2800, 53.2989, 99.2986, -2.8245, 0.799901, -0.596764, -0.063495, 0.075574, 0.600015, 0.793165, 0.104262, 0.010710, -0.011858, -0.121498, 0.992521, 0.221923, 0.000000, 0.000000, 0.000000, 1.000000, -0.012086, -0.121796, 0.992482, 0.243919, -0.799901, 0.596764, 0.063493, -0.075575, -0.600011, -0.793119, -0.104637, 0.189280, 0.000000, 0.000000, 0.000000, 1.000000, 0.994123, -0.066824, 0.085176, 0.053299, 0.086153, 0.011875, -0.996211, 0.099299, 0.065560, 0.997694, 0.017562, -0.002824, 0.000000, 0.000000, 0.000000, 1.000000
-30.0008, 75.5755, 10.7157, 221.9252, 243.9210, -75.5759, 189.2739, 53.2997, 99.2979, -2.8245, 0.799894, -0.596772, -0.063496, 0.075576, 0.600023, 0.793157, 0.104276, 0.010716, -0.011867, -0.121508, 0.992519, 0.221925, 0.000000, 0.000000, 0.000000, 1.000000, -0.012095, -0.121807, 0.992480, 0.243921, -0.799894, 0.596772, 0.063494, -0.075576, -0.600019, -0.793111, -0.104651, 0.189274, 0.000000, 0.000000, 0.000000, 1.000000, 0.994123, -0.066824, 0.085176, 0.053300, 0.086153, 0.011874, -0.996211, 0.099298, 0.065560, 0.997694, 0.017562, -0.002824, 0.000000, 0.000000, 0.000000, 1.000000
-30.0011, 75.5767, 10.7205, 221.9270, 243.9228, -75.5771, 189.2690, 53.3004, 99.2973, -2.8245, 0.799889, -0.596779, -0.063497, 0.075577, 0.600030, 0.793151, 0.104286, 0.010721, -0.011873, -0.121517, 0.992518, 0.221927, 0.000000, 0.000000, 0.000000, 1.000000, -0.012102, -0.121816, 0.992479, 0.243923, -0.799889, 0.596779, 0.063495, -0.075577, -0.600026, -0.793105, -0.104661, 0.189269, 0.000000, 0.000000, 0.000000, 1.000000, 0.994122, -0.066824, 0.085176, 0.053300, 0.086153, 0.011874, -0.996211, 0.099297, 0.065560, 0.997694, 0.017562, -0.002824, 0.000000, 0.000000, 0.000000, 1.000000
-30.0012, 75.5772, 10.7224, 221.9277, 243.9235, -75.5776, 189.2671, 53.3007, 99.2971, -2.8245, 0.799887, -0.596782, -0.063497, 0.075577, 0.600033, 0.793148, 0.104290, 0.010722, -0.011876, -0.121521, 0.992518, 0.221928, 0.000000, 0.000000, 0.000000, 1.000000, -0.012105, -0.121820, 0.992478, 0.243924, -0.799887, 0.596782, 0.063495, -0.075578, -0.600028, -0.793102, -0.104666, 0.189267, 0.000000, 0.000000, 0.000000, 1.000000, 0.994122, -0.066824, 0.085176, 0.053301, 0.086153, 0.011874, -0.996211, 0.099297, 0.065560, 0.997694, 0.017561, -0.002824, 0.000000, 0.000000, 0.000000, 1.000000
-30.0012, 75.5777, 10.7253, 221.9289, 243.9246, -75.5781, 189.2641, 53.3011, 99.2967, -2.8244, 0.799885, -0.596785, -0.063497, 0.075578, 0.600036, 0.793145, 0.104297, 0.010725, -0.011880, -0.121526, 0.992517, 0.221929, 0.000000, 0.000000, 0.000000, 1.000000, -0.012109, -0.121825, 0.992478, 0.243925, -0.799885, 0.596785, 0.063495, -0.075578, -0.600031, -0.793099, -0.104672, 0.189264, 0.000000, 0.000000, 0.000000, 1.000000, 0.994122, -0.066824, 0.085176, 0.053301, 0.086153, 0.011874, -0.996211, 0.099297, 0.065560, 0.997694, 0.017561, -0.002824, 0.000000, 0.000000, 0.000000, 1.000000
-30.0011, 75.5777, 10.7268, 221.9296, 243.9253, -75.5781, 189.2626, 53.3012, 99.2965, -2.8243, 0.799885, -0.596785, -0.063497, 0.075578, 0.600036, 0.793145, 0.104300, 0.010727, -0.011882, -0.121529, 0.992517, 0.221930, 0.000000, 0.000000, 0.000000, 1.000000, -0.012111, -0.121828, 0.992477, 0.243925, -0.799885, 0.596785, 0.063496, -0.075578, -0.600031, -0.793099, -0.104676, 0.189263, 0.000000, 0.000000, 0.000000, 1.000000, 0.994123, -0.066824, 0.085176, 0.053301, 0.086153, 0.011874, -0.996211, 0.099297, 0.065560, 0.997694, 0.017561, -0.002824, 0.000000, 0.000000, 0.000000, 1.000000
-30.0011, 75.5777, 10.7268, 221.9296, 243.9253, -75.5781, 189.2626, 53.3012, 99.2965, -2.8243, 0.799885, -0.596785, -0.063497, 0.075578, 0.600036, 0.793145, 0.104300, 0.010727, -0.011882, -0.121529, 0.992517, 0.221930, 0.000000, 0.000000, 0.000000, 1.000000, -0.012111, -0.121828, 0.992477, 0.243925, -0.799885, 0.596785, 0.063496, -0.075578, -0.600031, -0.793099, -0.104676, 0.189263, 0.000000, 0.000000, 0.000000, 1.000000, 0.994123, -0.066824, 0.085176, 0.053301, 0.086153, 0.011874, -0.996211, 0.099297, 0.065560, 0.997694, 0.017561, -0.002824, 0.000000, 0.000000, 0.000000, 1.000000
-30.0004, 75.5761, 10.7264, 221.9298, 243.9256, -75.5765, 189.2630, 53.3007, 99.2964, -2.8237, 0.799892, -0.596776, -0.063497, 0.075576, 0.600027, 0.793151, 0.104302, 0.010726, -0.011882, -0.121530, 0.992517, 0.221930, 0.000000, 0.000000, 0.000000, 1.000000, -0.012111, -0.121830, 0.992477, 0.243926, -0.799892, 0.596776, 0.063495, -0.075577, -0.600022, -0.793105, -0.104678, 0.189263, 0.000000, 0.000000, 0.000000, 1.000000, 0.994123, -0.066824, 0.085176, 0.053301, 0.086153, 0.011874, -0.996211, 0.099296, 0.065560, 0.997694, 0.017562, -0.002824, 0.000000, 0.000000, 0.000000, 1.000000
-30.0000, 75.5751, 10.7255, 221.9297, 243.9255, -75.5755, 189.2639, 53.3004, 99.2964, -2.8234, 0.799896, -0.596770, -0.063497, 0.075575, 0.600021, 0.793156, 0.104301, 0.010725, -0.011881, -0.121529, 0.992517, 0.221930, 0.000000, 0.000000, 0.000000, 1.000000, -0.012110, -0.121829, 0.992477, 0.243925, -0.799896, 0.596770, 0.063495, -0.075576, -0.600016, -0.793110, -0.104677, 0.189264, 0.000000, 0.000000, 0.000000, 1.000000, 0.994123, -0.066824, 0.085176, 0.053300, 0.086153, 0.011875, -0.996211, 0.099296, 0.065560, 0.997694, 0.017562, -0.002823, 0.000000, 0.000000, 0.000000, 1.000000
-29.9988, 75.5723, 10.7225, 221.9292, 243.9250, -75.5727, 189.2668, 53.2994, 99.2964, -2.8226, 0.799908, -0.596754, -0.063496, 0.075572, 0.600005, 0.793168, 0.104298, 0.010723, -0.011877, -0.121527, 0.992517, 0.221929, 0.000000, 0.000000, 0.000000, 1.000000, -0.012106, -0.121826, 0.992478, 0.243925, -0.799908, 0.596754, 0.063494, -0.075573, -0.600000, -0.793122, -0.104674, 0.189267, 0.000000, 0.000000, 0.000000, 1.000000, 0.994123, -0.066824, 0.085175, 0.053299, 0.086153, 0.011875, -0.996211, 0.099296, 0.065560, 0.997694, 0.017562, -0.002823, 0.000000, 0.000000, 0.000000, 1.000000
-29.9981, 75.5704, 10.7204, 221.9288, 243.9246, -75.5708, 189.2689, 53.2987, 99.2964, -2.8221, 0.799916, -0.596743, -0.063496, 0.075570, 0.599994, 0.793177, 0.104295, 0.010720, -0.011874, -0.121525, 0.992517, 0.221929, 0.000000, 0.000000, 0.000000, 1.000000, -0.012103, -0.121824, 0.992478, 0.243925, -0.799916, 0.596743, 0.063494, -0.075571, -0.599989, -0.793131, -0.104672, 0.189269, 0.000000, 0.000000, 0.000000, 1.000000, 0.994123, -0.066824, 0.085175, 0.053299, 0.086152, 0.011875, -0.996211, 0.099296, 0.065560, 0.997694, 0.017563, -0.002822, 0.000000, 0.000000, 0.000000, 1.000000
-29.9962, 75.5656, 10.7151, 221.9278, 243.9236, -75.5660, 189.2742, 53.2969, 99.2966, -2.8207, 0.799937, -0.596716, -0.063494, 0.075566, 0.599967, 0.793198, 0.104289, 0.010715, -0.011867, -0.121519, 0.992518, 0.221928, 0.000000, 0.000000, 0.000000, 1.000000, -0.012096, -0.121819, 0.992479, 0.243924, -0.799937, 0.596716, 0.063493, -0.075566, -0.599962, -0.793152, -0.104665, 0.189274, 0.000000, 0.000000, 0.000000, 1.000000, 0.994123, -0.066824, 0.085175, 0.053297, 0.086152, 0.011876, -0.996211, 0.099297, 0.065560, 0.997694, 0.017563, -0.002821, 0.000000, 0.000000, 0.000000, 1.000000
-29.9938, 75.5594, 10.7081, 221.9264, 243.9222, -75.5598, 189.2812, 53.2946, 99.2967, -2.8190, 0.799963, -0.596680, -0.063493, 0.075559, 0.599932, 0.793226, 0.104281, 0.010708, -0.011858, -0.121512, 0.992519, 0.221926, 0.000000, 0.000000, 0.000000, 1.000000, -0.012087, -0.121812, 0.992480, 0.243922, -0.799963, 0.596680, 0.063491, -0.075560, -0.599927, -0.793180, -0.104657, 0.189281, 0.000000, 0.000000, 0.000000, 1.000000, 0.994123, -0.066824, 0.085174, 0.053295, 0.086152, 0.011877, -0.996211, 0.099297, 0.065560, 0.997694, 0.017565, -0.002819, 0.000000, 0.000000, 0.000000, 1.000000
-29.9924, 75.5557, 10.7040, 221.9256, 243.9214, -75.5561, 189.2852, 53.2933, 99.2968, -2.8180, 0.799979, -0.596659, -0.063492, 0.075556, 0.599911, 0.793242, 0.104276, 0.010704, -0.011853, -0.121508, 0.992520, 0.221926, 0.000000, 0.000000, 0.000000, 1.000000, -0.012082, -0.121808, 0.992480, 0.243921, -0.799979, 0.596659, 0.063490, -0.075556, -0.599906, -0.793196, -0.104653, 0.189285, 0.000000, 0.000000, 0.000000, 1.000000, 0.994123, -0.066824, 0.085174, 0.053293, 0.086151, 0.011878, -0.996211, 0.099297, 0.065559, 0.997694, 0.017565, -0.002818, 0.000000, 0.000000, 0.000000, 1.000000
-29.9908, 75.5516, 10.6996, 221.9248, 243.9206, -75.5520, 189.2897, 53.2918, 99.2969, -2.8168, 0.799997, -0.596636, -0.063491, 0.075552, 0.599887, 0.793261, 0.104271, 0.010700, -0.011847, -0.121504, 0.992520, 0.221925, 0.000000, 0.000000, 0.000000, 1.000000, -0.012076, -0.121804, 0.992481, 0.243921, -0.799997, 0.596636, 0.063489, -0.075552, -0.599883, -0.793215, -0.104648, 0.189290, 0.000000, 0.000000, 0.000000, 1.000000, 0.994123, -0.066824, 0.085173, 0.053292, 0.086151, 0.011879, -0.996211, 0.099297, 0.065559, 0.997694, 0.017566, -0.002817, 0.000000, 0.000000, 0.000000, 1.000000
-29.9849, 75.5365, 10.6836, 221.9218, 243.9176, -75.5369, 189.3057, 53.2864, 99.2971, -2.8126, 0.800061, -0.596550, -0.063486, 0.075537, 0.599802, 0.793327, 0.104254, 0.010684, -0.011827, -0.121489, 0.992522, 0.221922, 0.000000, 0.000000, 0.000000, 1.000000, -0.012056, -0.121788, 0.992483, 0.243918, -0.800061, 0.596550, 0.063485, -0.075537, -0.599798, -0.793281, -0.104630, 0.189306, 0.000000, 0.000000, 0.000000, 1.000000, 0.994123, -0.066824, 0.085172, 0.053286, 0.086150, 0.011881, -0.996211, 0.099297, 0.065559, 0.997694, 0.017568, -0.002813, 0.000000, 0.000000, 0.000000, 1.000000
-29.9826, 75.5306, 10.6774, 221.9207, 243.9165, -75.5310, 189.3119, 53.2843, 99.2972, -2.8109, 0.800086, -0.596516, -0.063485, 0.075531, 0.599769, 0.793354, 0.104247, 0.010677, -0.011819, -0.121483, 0.992523, 0.221921, 0.000000, 0.000000, 0.000000, 1.000000, -0.012048, -0.121783, 0.992484, 0.243916, -0.800086, 0.596517, 0.063483, -0.075531, -0.599764, -0.793308, -0.104623, 0.189312, 0.000000, 0.000000, 0.000000, 1.000000, 0.994123, -0.066824, 0.085171, 0.053284, 0.086149, 0.011882, -0.996211, 0.099297, 0.065559, 0.997694, 0.017570, -0.002811, 0.000000, 0.000000, 0.000000, 1.000000
-29.9774, 75.5173, 10.6639, 221.9183, 243.9141, -75.5177, 189.3254, 53.2795, 99.2973, -2.8071, 0.800143, -0.596441, -0.063481, 0.075517, 0.599694, 0.793412, 0.104233, 0.010664, -0.011802, -0.121471, 0.992525, 0.221918, 0.000000, 0.000000, 0.000000, 1.000000, -0.012031, -0.121770, 0.992485, 0.243914, -0.800143, 0.596441, 0.063479, -0.075518, -0.599689, -0.793366, -0.104610, 0.189325, 0.000000, 0.000000, 0.000000, 1.000000, 0.994123, -0.066824, 0.085170, 0.053280, 0.086148, 0.011885, -0.996211, 0.099297, 0.065559, 0.997694, 0.017572, -0.002807, 0.000000, 0.000000, 0.000000, 1.000000
-29.9745, 75.5100, 10.6566, 221.9170, 243.9128, -75.5104, 189.3327, 53.2769, 99.2974, -2.8049, 0.800174, -0.596399, -0.063479, 0.075510, 0.599652, 0.793445, 0.104226, 0.010657, -0.011793, -0.121464, 0.992526, 0.221917, 0.000000, 0.000000, 0.000000, 1.000000, -0.012022, -0.121764, 0.992486, 0.243913, -0.800174, 0.596400, 0.063477, -0.075510, -0.599648, -0.793398, -0.104602, 0.189333, 0.000000, 0.000000, 0.000000, 1.000000, 0.994123, -0.066824, 0.085169, 0.053277, 0.086147, 0.011886, -0.996212, 0.099297, 0.065559, 0.997694, 0.017573, -0.002805, 0.000000, 0.000000, 0.000000, 1.000000
-29.9681, 75.4938, 10.6407, 221.9143, 243.9101, -75.4942, 189.3486, 53.2712, 99.2974, -2.8003, 0.800243, -0.596307, -0.063475, 0.075494, 0.599561, 0.793516, 0.104211, 0.010641, -0.011774, -0.121451, 0.992528, 0.221914, 0.000000, 0.000000, 0.000000, 1.000000, -0.012002, -0.121750, 0.992488, 0.243910, -0.800243, 0.596308, 0.063473, -0.075494, -0.599556, -0.793470, -0.104587, 0.189349, 0.000000, 0.000000, 0.000000, 1.000000, 0.994123, -0.066824, 0.085168, 0.053271, 0.086146, 0.011889, -0.996212, 0.099297, 0.065558, 0.997694, 0.017576, -0.002800, 0.000000, 0.000000, 0.000000, 1.000000
-29.9646, 75.4849, 10.6322, 221.9129, 243.9088, -75.4853, 189.3571, 53.2681, 99.2974, -2.7977, 0.800280, -0.596257, -0.063472, 0.075485, 0.599511, 0.793554, 0.104203, 0.010632, -0.011763, -0.121444, 0.992529, 0.221913, 0.000000, 0.000000, 0.000000, 1.000000, -0.011992, -0.121743, 0.992489, 0.243909, -0.800280, 0.596258, 0.063470, -0.075485, -0.599506, -0.793508, -0.104579, 0.189357, 0.000000, 0.000000, 0.000000, 1.000000, 0.994123, -0.066824, 0.085167, 0.053268, 0.086145, 0.011891, -0.996212, 0.099297, 0.065558, 0.997694, 0.017577, -0.002798, 0.000000, 0.000000, 0.000000, 1.000000
-29.9570, 75.4657, 10.6141, 221.9100, 243.9059, -75.4661, 189.3752, 53.2614, 99.2974, -2.7921, 0.800362, -0.596148, -0.063467, 0.075466, 0.599402, 0.793638, 0.104186, 0.010614, -0.011741, -0.121429, 0.992531, 0.221910, 0.000000, 0.000000, 0.000000, 1.000000, -0.011969, -0.121728, 0.992491, 0.243906, -0.800362, 0.596149, 0.063465, -0.075466, -0.599398, -0.793592, -0.104562, 0.189375, 0.000000, 0.000000, 0.000000, 1.000000, 0.994123, -0.066824, 0.085165, 0.053261, 0.086143, 0.011894, -0.996212, 0.099297, 0.065558, 0.997694, 0.017581, -0.002792, 0.000000, 0.000000, 0.000000, 1.000000
-29.9486, 75.4444, 10.5945, 221.9070, 243.9029, -75.4449, 189.3949, 53.2540, 99.2973, -2.7858, 0.800452, -0.596028, -0.063461, 0.075444, 0.599282, 0.793731, 0.104169, 0.010595, -0.011717, -0.121413, 0.992533, 0.221907, 0.000000, 0.000000, 0.000000, 1.000000, -0.011945, -0.121713, 0.992493, 0.243903, -0.800452, 0.596028, 0.063459, -0.075445, -0.599278, -0.793685, -0.104545, 0.189395, 0.000000, 0.000000, 0.000000, 1.000000, 0.994124, -0.066824, 0.085163, 0.053254, 0.086141, 0.011898, -0.996212, 0.099297, 0.065558, 0.997694, 0.017584, -0.002786, 0.000000, 0.000000, 0.000000, 1.000000
-29.9440, 75.4330, 10.5842, 221.9055, 243.9013, -75.4334, 189.4052, 53.2501, 99.2972, -2.7825, 0.800500, -0.595963, -0.063458, 0.075433, 0.599218, 0.793781, 0.104160, 0.010584, -0.011704, -0.121406, 0.992534, 0.221905, 0.000000, 0.000000, 0.000000, 1.000000, -0.011932, -0.121705, 0.992495, 0.243901, -0.800500, 0.595964, 0.063456, -0.075433, -0.599214, -0.793735, -0.104536, 0.189405, 0.000000, 0.000000, 0.000000, 1.000000, 0.994124, -0.066824, 0.085161, 0.053250, 0.086140, 0.011900, -0.996212, 0.099297, 0.065558, 0.997694, 0.017586, -0.002782, 0.000000, 0.000000, 0.000000, 1.000000
-29.9393, 75.4211, 10.5735, 221.9039, 243.8997, -75.4215, 189.4160, 53.2459, 99.2971, -2.7789, 0.800551, -0.595896, -0.063455, 0.075421, 0.599151, 0.793833, 0.104152, 0.010573, -0.011691, -0.121398, 0.992535, 0.221904, 0.000000, 0.000000, 0.000000, 1.000000, -0.011919, -0.121697, 0.992496, 0.243900, -0.800551, 0.595896, 0.063453, -0.075421, -0.599146, -0.793787, -0.104527, 0.189416, 0.000000, 0.000000, 0.000000, 1.000000, 0.994124, -0.066824, 0.085160, 0.053246, 0.086139, 0.011902, -0.996212, 0.099297, 0.065557, 0.997694, 0.017588, -0.002779, 0.000000, 0.000000, 0.000000, 1.000000
-29.9181, 75.3680, 10.5272, 221.8974, 243.8933, -75.3684, 189.4623, 53.2277, 99.2965, -2.7631, 0.800775, -0.595596, -0.063440, 0.075368, 0.598852, 0.794063, 0.104116, 0.010527, -0.011635, -0.121365, 0.992540, 0.221897, 0.000000, 0.000000, 0.000000, 1.000000, -0.011863, -0.121664, 0.992500, 0.243893, -0.800775, 0.595596, 0.063439, -0.075368, -0.598848, -0.794017, -0.104491, 0.189462, 0.000000, 0.000000, 0.000000, 1.000000, 0.994124, -0.066824, 0.085155, 0.053228, 0.086134, 0.011912, -0.996212, 0.099296, 0.065557, 0.997694, 0.017597, -0.002763, 0.000000, 0.000000, 0.000000, 1.000000
-29.9123, 75.3535, 10.5149, 221.8958, 243.8917, -75.3539, 189.4747, 53.2228, 99.2963, -2.7588, 0.800836, -0.595514, -0.063436, 0.075354, 0.598770, 0.794126, 0.104106, 0.010515, -0.011620, -0.121356, 0.992541, 0.221896, 0.000000, 0.000000, 0.000000, 1.000000, -0.011848, -0.121655, 0.992502, 0.243892, -0.800836, 0.595514, 0.063435, -0.075354, -0.598766, -0.794080, -0.104482, 0.189475, 0.000000, 0.000000, 0.000000, 1.000000, 0.994124, -0.066824, 0.085153, 0.053223, 0.086133, 0.011914, -0.996212, 0.099296, 0.065556, 0.997694, 0.017600, -0.002759, 0.000000, 0.000000, 0.000000, 1.000000
-29.9001, 75.3231, 10.4892, 221.8925, 243.8884, -75.3235, 189.5004, 53.2124, 99.2958, -2.7497, 0.800965, -0.595342, -0.063428, 0.075323, 0.598599, 0.794258, 0.104088, 0.010489, -0.011590, -0.121339, 0.992543, 0.221892, 0.000000, 0.000000, 0.000000, 1.000000, -0.011817, -0.121638, 0.992504, 0.243888, -0.800965, 0.595342, 0.063427, -0.075323, -0.598594, -0.794212, -0.104463, 0.189500, 0.000000, 0.000000, 0.000000, 1.000000, 0.994125, -0.066824, 0.085150, 0.053212, 0.086130, 0.011920, -0.996213, 0.099296, 0.065556, 0.997694, 0.017605, -0.002750, 0.000000, 0.000000, 0.000000, 1.000000
-29.8937, 75.3076, 10.4794, 221.8921, 243.8880, -75.3081, 189.5101, 53.2074, 99.2950, -2.7448, 0.801030, -0.595255, -0.063424, 0.075308, 0.598512, 0.794323, 0.104087, 0.010479, -0.011579, -0.121337, 0.992544, 0.221892, 0.000000, 0.000000, 0.000000, 1.000000, -0.011806, -0.121636, 0.992505, 0.243888, -0.801030, 0.595255, 0.063423, -0.075308, -0.598508, -0.794277, -0.104462, 0.189510, 0.000000, 0.000000, 0.000000, 1.000000, 0.994125, -0.066824, 0.085148, 0.053207, 0.086129, 0.011922, -0.996213, 0.099295, 0.065556, 0.997694, 0.017608, -0.002745, 0.000000, 0.000000, 0.000000, 1.000000
-29.8804, 75.2754, 10.4586, 221.8913, 243.8872, -75.2758, 189.5309, 53.1970, 99.2936, -2.7346, 0.801165, -0.595073, -0.063416, 0.075275, 0.598331, 0.794460, 0.104083, 0.010459, -0.011556, -0.121332, 0.992545, 0.221891, 0.000000, 0.000000, 0.000000, 1.000000, -0.011783, -0.121631, 0.992505, 0.243887, -0.801165, 0.595074, 0.063414, -0.075276, -0.598327, -0.794414, -0.104459, 0.189531, 0.000000, 0.000000, 0.000000, 1.000000, 0.994125, -0.066824, 0.085145, 0.053197, 0.086125, 0.011928, -0.996213, 0.099294, 0.065556, 0.997693, 0.017613, -0.002735, 0.000000, 0.000000, 0.000000, 1.000000
-29.8735, 75.2586, 10.4476, 221.8908, 243.8867, -75.2590, 189.5420, 53.1915, 99.2928, -2.7293, 0.801236, -0.594979, -0.063412, 0.075259, 0.598237, 0.794531, 0.104081, 0.010448, -0.011543, -0.121329, 0.992545, 0.221891, 0.000000, 0.000000, 0.000000, 1.000000, -0.011771, -0.121628, 0.992506, 0.243887, -0.801236, 0.594979, 0.063410, -0.075259, -0.598233, -0.794485, -0.104456, 0.189542, 0.000000, 0.000000, 0.000000, 1.000000, 0.994125, -0.066824, 0.085143, 0.053191, 0.086124, 0.011931, -0.996213, 0.099293, 0.065555, 0.997693, 0.017616, -0.002729, 0.000000, 0.000000, 0.000000, 1.000000
-29.8592, 75.2237, 10.4243, 221.8896, 243.8855, -75.2241, 189.5652, 53.1801, 99.2914, -2.7183, 0.801383, -0.594782, -0.063403, 0.075224, 0.598041, 0.794679, 0.104075, 0.010424, -0.011517, -0.121322, 0.992546, 0.221890, 0.000000, 0.000000, 0.000000, 1.000000, -0.011745, -0.121622, 0.992507, 0.243886, -0.801383, 0.594782, 0.063401, -0.075224, -0.598037, -0.794633, -0.104451, 0.189565, 0.000000, 0.000000, 0.000000, 1.000000, 0.994126, -0.066824, 0.085139, 0.053180, 0.086120, 0.011937, -0.996213, 0.099291, 0.065555, 0.997693, 0.017622, -0.002718, 0.000000, 0.000000, 0.000000, 1.000000
-29.8442, 75.1870, 10.3993, 221.8881, 243.8841, -75.1874, 189.5902, 53.1681, 99.2899, -2.7069, 0.801536, -0.594576, -0.063394, 0.075187, 0.597835, 0.794835, 0.104068, 0.010399, -0.011489, -0.121314, 0.992548, 0.221888, 0.000000, 0.000000, 0.000000, 1.000000, -0.011716, -0.121613, 0.992508, 0.243884, -0.801536, 0.594576, 0.063392, -0.075187, -0.597831, -0.794789, -0.104444, 0.189590, 0.000000, 0.000000, 0.000000, 1.000000, 0.994126, -0.066824, 0.085135, 0.053168, 0.086117, 0.011944, -0.996213, 0.099290, 0.065555, 0.997693, 0.017628, -0.002707, 0.000000, 0.000000, 0.000000, 1.000000
-29.8365, 75.1681, 10.3863, 221.8873, 243.8832, -75.1685, 189.6032, 53.1619, 99.2892, -2.7010, 0.801616, -0.594469, -0.063389, 0.075168, 0.597729, 0.794915, 0.104064, 0.010386, -0.011474, -0.121309, 0.992548, 0.221887, 0.000000, 0.000000, 0.000000, 1.000000, -0.011701, -0.121609, 0.992509, 0.243883, -0.801616, 0.594470, 0.063388, -0.075168, -0.597725, -0.794869, -0.104439, 0.189603, 0.000000, 0.000000, 0.000000, 1.000000, 0.994126, -0.066825, 0.085133, 0.053162, 0.086115, 0.011947, -0.996214, 0.099289, 0.065554, 0.997693, 0.017632, -0.002701, 0.000000, 0.000000, 0.000000, 1.000000
-29.8286, 75.1488, 10.3729, 221.8864, 243.8824, -75.1492, 189.6166, 53.1555, 99.2884, -2.6950, 0.801697, -0.594361, -0.063385, 0.075149, 0.597621, 0.794997, 0.104059, 0.010373, -0.011458, -0.121304, 0.992549, 0.221886, 0.000000, 0.000000, 0.000000, 1.000000, -0.011686, -0.121604, 0.992510, 0.243882, -0.801697, 0.594361, 0.063383, -0.075149, -0.597617, -0.794951, -0.104435, 0.189617, 0.000000, 0.000000, 0.000000, 1.000000, 0.994126, -0.066825, 0.085131, 0.053156, 0.086113, 0.011951, -0.996214, 0.099288, 0.065554, 0.997693, 0.017635, -0.002695, 0.000000, 0.000000, 0.000000, 1.000000
-29.7957, 75.0679, 10.3156, 221.8823, 243.8782, -75.0683, 189.6739, 53.1289, 99.2855, -2.6699, 0.802036, -0.593905, -0.063364, 0.075068, 0.597167, 0.795341, 0.104038, 0.010316, -0.011392, -0.121281, 0.992553, 0.221882, 0.000000, 0.000000, 0.000000, 1.000000, -0.011620, -0.121581, 0.992514, 0.243878, -0.802036, 0.593905, 0.063363, -0.075068, -0.597163, -0.795295, -0.104413, 0.189674, 0.000000, 0.000000, 0.000000, 1.000000, 0.994127, -0.066825, 0.085122, 0.053129, 0.086105, 0.011965, -0.996214, 0.099286, 0.065553, 0.997693, 0.017649, -0.002670, 0.000000, 0.000000, 0.000000, 1.000000
-29.7872, 75.0474, 10.3040, 221.8825, 243.8784, -75.0478, 189.6855, 53.1224, 99.2844, -2.6633, 0.802121, -0.593790, -0.063359, 0.075047, 0.597052, 0.795427, 0.104039, 0.010304, -0.011380, -0.121281, 0.992553, 0.221882, 0.000000, 0.000000, 0.000000, 1.000000, -0.011607, -0.121581, 0.992514, 0.243878, -0.802121, 0.593790, 0.063358, -0.075048, -0.597048, -0.795381, -0.104415, 0.189685, 0.000000, 0.000000, 0.000000, 1.000000, 0.994127, -0.066825, 0.085120, 0.053122, 0.086103, 0.011969, -0.996214, 0.099284, 0.065553, 0.997693, 0.017652, -0.002663, 0.000000, 0.000000, 0.000000, 1.000000
-29.7698, 75.0055, 10.2794, 221.8825, 243.8784, -75.0059, 189.7100, 53.1090, 99.2821, -2.6499, 0.802296, -0.593555, -0.063349, 0.075006, 0.596818, 0.795603, 0.104041, 0.010279, -0.011353, -0.121279, 0.992553, 0.221882, 0.000000, 0.000000, 0.000000, 1.000000, -0.011580, -0.121580, 0.992514, 0.243878, -0.802296, 0.593555, 0.063348, -0.075006, -0.596814, -0.795557, -0.104417, 0.189710, 0.000000, 0.000000, 0.000000, 1.000000, 0.994128, -0.066825, 0.085115, 0.053109, 0.086099, 0.011976, -0.996215, 0.099282, 0.065553, 0.997693, 0.017659, -0.002650, 0.000000, 0.000000, 0.000000, 1.000000
-29.7610, 74.9842, 10.2664, 221.8823, 243.8783, -74.9846, 189.7229, 53.1021, 99.2810, -2.6432, 0.802385, -0.593435, -0.063344, 0.074984, 0.596698, 0.795693, 0.104040, 0.010266, -0.011338, -0.121278, 0.992554, 0.221882, 0.000000, 0.000000, 0.000000, 1.000000, -0.011566, -0.121578, 0.992514, 0.243878, -0.802385, 0.593435, 0.063343, -0.074985, -0.596694, -0.795647, -0.104416, 0.189723, 0.000000, 0.000000, 0.000000, 1.000000, 0.994128, -0.066825, 0.085113, 0.053102, 0.086097, 0.011980, -0.996215, 0.099281, 0.065552, 0.997693, 0.017663, -0.002643, 0.000000, 0.000000, 0.000000, 1.000000
-29.7432, 74.9407, 10.2392, 221.8817, 243.8776, -74.9411, 189.7500, 53.0881, 99.2790, -2.6294, 0.802567, -0.593191, -0.063334, 0.074941, 0.596455, 0.795875, 0.104037, 0.010239, -0.011308, -0.121273, 0.992555, 0.221882, 0.000000, 0.000000, 0.000000, 1.000000, -0.011536, -0.121574, 0.992515, 0.243878, -0.802567, 0.593191, 0.063332, -0.074941, -0.596451, -0.795829, -0.104414, 0.189750, 0.000000, 0.000000, 0.000000, 1.000000, 0.994128, -0.066825, 0.085108, 0.053088, 0.086092, 0.011988, -0.996215, 0.099279, 0.065552, 0.997693, 0.017670, -0.002629, 0.000000, 0.000000, 0.000000, 1.000000
-29.7341, 74.9186, 10.2251, 221.8812, 243.8771, -74.9190, 189.7642, 53.0809, 99.2780, -2.6225, 0.802659, -0.593067, -0.063329, 0.074919, 0.596331, 0.795968, 0.104035, 0.010225, -0.011292, -0.121269, 0.992555, 0.221881, 0.000000, 0.000000, 0.000000, 1.000000, -0.011520, -0.121570, 0.992516, 0.243877, -0.802659, 0.593067, 0.063327, -0.074919, -0.596327, -0.795922, -0.104412, 0.189764, 0.000000, 0.000000, 0.000000, 1.000000, 0.994128, -0.066825, 0.085106, 0.053081, 0.086090, 0.011991, -0.996215, 0.099278, 0.065552, 0.997693, 0.017674, -0.002622, 0.000000, 0.000000, 0.000000, 1.000000
-29.7158, 74.8739, 10.1956, 221.8799, 243.8759, -74.8743, 189.7936, 53.0663, 99.2761, -2.6085, 0.802846, -0.592815, -0.063318, 0.074874, 0.596081, 0.796157, 0.104028, 0.010196, -0.011258, -0.121261, 0.992557, 0.221880, 0.000000, 0.000000, 0.000000, 1.000000, -0.011486, -0.121562, 0.992517, 0.243876, -0.802846, 0.592815, 0.063316, -0.074874, -0.596076, -0.796111, -0.104405, 0.189794, 0.000000, 0.000000, 0.000000, 1.000000, 0.994129, -0.066825, 0.085101, 0.053066, 0.086086, 0.011999, -0.996215, 0.099276, 0.065551, 0.997693, 0.017682, -0.002608, 0.000000, 0.000000, 0.000000, 1.000000
-29.7066, 74.8512, 10.1803, 221.8791, 243.8751, -74.8516, 189.8088, 53.0589, 99.2751, -2.6014, 0.802940, -0.592688, -0.063313, 0.074851, 0.595954, 0.796253, 0.104024, 0.010180, -0.011241, -0.121256, 0.992558, 0.221879, 0.000000, 0.000000, 0.000000, 1.000000, -0.011469, -0.121558, 0.992518, 0.243875, -0.802940, 0.592688, 0.063311, -0.074852, -0.595949, -0.796207, -0.104401, 0.189809, 0.000000, 0.000000, 0.000000, 1.000000, 0.994129, -0.066825, 0.085098, 0.053059, 0.086084, 0.012003, -0.996216, 0.099275, 0.065551, 0.997692, 0.017686, -0.002601, 0.000000, 0.000000, 0.000000, 1.000000
-29.6973, 74.8284, 10.1647, 221.8782, 243.8742, -74.8288, 189.8244, 53.0514, 99.2743, -2.5943, 0.803035, -0.592559, -0.063307, 0.074828, 0.595826, 0.796349, 0.104019, 0.010165, -0.011223, -0.121251, 0.992558, 0.221878, 0.000000, 0.000000, 0.000000, 1.000000, -0.011451, -0.121552, 0.992519, 0.243874, -0.803035, 0.592559, 0.063305, -0.074829, -0.595821, -0.796303, -0.104396, 0.189824, 0.000000, 0.000000, 0.000000, 1.000000, 0.994129, -0.066825, 0.085096, 0.053051, 0.086081, 0.012007, -0.996216, 0.099274, 0.065551, 0.997692, 0.017689, -0.002594, 0.000000, 0.000000, 0.000000, 1.000000
-29.6597, 74.7358, 10.0993, 221.8736, 243.8696, -74.7362, 189.8898, 53.0208, 99.2710, -2.5658, 0.803421, -0.592038, -0.063285, 0.074736, 0.595307, 0.796740, 0.103993, 0.010099, -0.011146, -0.121224, 0.992563, 0.221874, 0.000000, 0.000000, 0.000000, 1.000000, -0.011374, -0.121526, 0.992523, 0.243870, -0.803421, 0.592039, 0.063283, -0.074736, -0.595303, -0.796694, -0.104371, 0.189890, 0.000000, 0.000000, 0.000000, 1.000000, 0.994130, -0.066826, 0.085086, 0.053021, 0.086072, 0.012024, -0.996216, 0.099271, 0.065550, 0.997692, 0.017705, -0.002566, 0.000000, 0.000000, 0.000000, 1.000000
-29.6597, 74.7358, 10.0993, 221.8736, 243.8696, -74.7362, 189.8898, 53.0208, 99.2710, -2.5658, 0.803421, -0.592038, -0.063285, 0.074736, 0.595307, 0.796740, 0.103993, 0.010099, -0.011146, -0.121224, 0.992563, 0.221874, 0.000000, 0.000000, 0.000000, 1.000000, -0.011374, -0.121526, 0.992523, 0.243870, -0.803421, 0.592039, 0.063283, -0.074736, -0.595303, -0.796694, -0.104371, 0.189890, 0.000000, 0.000000, 0.000000, 1.000000, 0.994130, -0.066826, 0.085086, 0.053021, 0.086072, 0.012024, -0.996216, 0.099271, 0.065550, 0.997692, 0.017705, -0.002566, 0.000000, 0.000000, 0.000000, 1.000000
-29.6314, 74.6658, 10.0478, 221.8693, 243.8653, -74.6661, 189.9412, 52.9975, 99.2688, -2.5444, 0.803713, -0.591644, -0.063268, 0.074666, 0.594914, 0.797037, 0.103968, 0.010048, -0.011085, -0.121200, 0.992566, 0.221869, 0.000000, 0.000000, 0.000000, 1.000000, -0.011313, -0.121502, 0.992527, 0.243865, -0.803713, 0.591645, 0.063266, -0.074666, -0.594910, -0.796991, -0.104346, 0.189941, 0.000000, 0.000000, 0.000000, 1.000000, 0.994131, -0.066826, 0.085078, 0.052998, 0.086066, 0.012036, -0.996217, 0.099269, 0.065549, 0.997692, 0.017717, -0.002544, 0.000000, 0.000000, 0.000000, 1.000000
-29.6220, 74.6424, 10.0303, 221.8677, 243.8638, -74.6428, 189.9587, 52.9897, 99.2682, -2.5373, 0.803810, -0.591513, -0.063263, 0.074642, 0.594783, 0.797136, 0.103959, 0.010030, -0.011064, -0.121191, 0.992568, 0.221868, 0.000000, 0.000000, 0.000000, 1.000000, -0.011292, -0.121493, 0.992528, 0.243864, -0.803810, 0.591513, 0.063261, -0.074643, -0.594779, -0.797089, -0.104337, 0.189959, 0.000000, 0.000000, 0.000000, 1.000000, 0.994131, -0.066826, 0.085076, 0.052990, 0.086063, 0.012040, -0.996217, 0.099268, 0.065549, 0.997692, 0.017721, -0.002537, 0.000000, 0.000000, 0.000000, 1.000000
-29.6032, 74.5957, 9.9949, 221.8644, 243.8605, -74.5961, 189.9941, 52.9741, 99.2669, -2.5232, 0.804004, -0.591250, -0.063251, 0.074596, 0.594522, 0.797333, 0.103940, 0.009995, -0.011022, -0.121173, 0.992570, 0.221864, 0.000000, 0.000000, 0.000000, 1.000000, -0.011250, -0.121475, 0.992531, 0.243860, -0.804004, 0.591250, 0.063250, -0.074596, -0.594518, -0.797287, -0.104318, 0.189994, 0.000000, 0.000000, 0.000000, 1.000000, 0.994131, -0.066826, 0.085071, 0.052974, 0.086059, 0.012049, -0.996217, 0.099267, 0.065548, 0.997692, 0.017729, -0.002523, 0.000000, 0.000000, 0.000000, 1.000000
-29.5939, 74.5724, 9.9770, 221.8627, 243.8587, -74.5728, 190.0120, 52.9663, 99.2663, -2.5162, 0.804101, -0.591119, -0.063246, 0.074572, 0.594391, 0.797432, 0.103930, 0.009977, -0.011001, -0.121163, 0.992572, 0.221863, 0.000000, 0.000000, 0.000000, 1.000000, -0.011228, -0.121465, 0.992532, 0.243859, -0.804101, 0.591119, 0.063244, -0.074573, -0.594387, -0.797386, -0.104308, 0.190012, 0.000000, 0.000000, 0.000000, 1.000000, 0.994132, -0.066826, 0.085068, 0.052966, 0.086057, 0.012053, -0.996217, 0.099266, 0.065548, 0.997692, 0.017733, -0.002516, 0.000000, 0.000000, 0.000000, 1.000000
-29.5753, 74.5259, 9.9410, 221.8590, 243.8551, -74.5263, 190.0480, 52.9507, 99.2652, -2.5022, 0.804294, -0.590858, -0.063235, 0.074526, 0.594131, 0.797629, 0.103908, 0.009941, -0.010957, -0.121143, 0.992575, 0.221859, 0.000000, 0.000000, 0.000000, 1.000000, -0.011185, -0.121445, 0.992535, 0.243855, -0.804294, 0.590858, 0.063233, -0.074526, -0.594126, -0.797583, -0.104286, 0.190048, 0.000000, 0.000000, 0.000000, 1.000000, 0.994132, -0.066826, 0.085063, 0.052951, 0.086052, 0.012061, -0.996218, 0.099265, 0.065547, 0.997692, 0.017741, -0.002502, 0.000000, 0.000000, 0.000000, 1.000000
-29.5660, 74.5028, 9.9229, 221.8571, 243.8532, -74.5032, 190.0661, 52.9429, 99.2646, -2.4952, 0.804390, -0.590727, -0.063229, 0.074503, 0.594001, 0.797727, 0.103897, 0.009923, -0.010935, -0.121132, 0.992576, 0.221857, 0.000000, 0.000000, 0.000000, 1.000000, -0.011163, -0.121435, 0.992537, 0.243853, -0.804390, 0.590728, 0.063227, -0.074503, -0.593997, -0.797681, -0.104275, 0.190066, 0.000000, 0.000000, 0.000000, 1.000000, 0.994132, -0.066826, 0.085061, 0.052943, 0.086050, 0.012065, -0.996218, 0.099265, 0.065547, 0.997692, 0.017745, -0.002495, 0.000000, 0.000000, 0.000000, 1.000000
-29.5568, 74.4797, 9.9047, 221.8552, 243.8513, -74.4801, 190.0842, 52.9351, 99.2641, -2.4883, 0.804486, -0.590598, -0.063224, 0.074480, 0.593872, 0.797824, 0.103886, 0.009905, -0.010913, -0.121122, 0.992578, 0.221855, 0.000000, 0.000000, 0.000000, 1.000000, -0.011141, -0.121424, 0.992538, 0.243851, -0.804486, 0.590598, 0.063222, -0.074480, -0.593868, -0.797778, -0.104264, 0.190084, 0.000000, 0.000000, 0.000000, 1.000000, 0.994132, -0.066826, 0.085058, 0.052935, 0.086048, 0.012069, -0.996218, 0.099264, 0.065547, 0.997692, 0.017749, -0.002488, 0.000000, 0.000000, 0.000000, 1.000000
-29.5205, 74.3887, 9.8322, 221.8472, 243.8433, -74.3891, 190.1567, 52.9044, 99.2622, -2.4612, 0.804863, -0.590085, -0.063202, 0.074389, 0.593362, 0.798210, 0.103839, 0.009832, -0.010826, -0.121078, 0.992584, 0.221847, 0.000000, 0.000000, 0.000000, 1.000000, -0.011053, -0.121381, 0.992544, 0.243843, -0.804863, 0.590086, 0.063200, -0.074389, -0.593358, -0.798164, -0.104217, 0.190157, 0.000000, 0.000000, 0.000000, 1.000000, 0.994133, -0.066826, 0.085049, 0.052904, 0.086039, 0.012085, -0.996218, 0.099262, 0.065545, 0.997691, 0.017764, -0.002461, 0.000000, 0.000000, 0.000000, 1.000000
-29.5116, 74.3664, 9.8143, 221.8451, 243.8413, -74.3668, 190.1747, 52.8968, 99.2618, -2.4545, 0.804956, -0.589960, -0.063197, 0.074366, 0.593237, 0.798305, 0.103827, 0.009814, -0.010804, -0.121067, 0.992586, 0.221845, 0.000000, 0.000000, 0.000000, 1.000000, -0.011031, -0.121370, 0.992546, 0.243841, -0.804956, 0.589960, 0.063195, -0.074367, -0.593232, -0.798258, -0.104205, 0.190175, 0.000000, 0.000000, 0.000000, 1.000000, 0.994133, -0.066826, 0.085046, 0.052897, 0.086037, 0.012089, -0.996219, 0.099262, 0.065545, 0.997691, 0.017768, -0.002455, 0.000000, 0.000000, 0.000000, 1.000000
-29.5028, 74.3442, 9.7964, 221.8431, 243.8392, -74.3446, 190.1926, 52.8893, 99.2613, -2.4480, 0.805048, -0.589835, -0.063191, 0.074344, 0.593112, 0.798399, 0.103815, 0.009796, -0.010782, -0.121056, 0.992587, 0.221843, 0.000000, 0.000000, 0.000000, 1.000000, -0.011009, -0.121359, 0.992548, 0.243839, -0.805048, 0.589835, 0.063189, -0.074345, -0.593108, -0.798352, -0.104193, 0.190193, 0.000000, 0.000000, 0.000000, 1.000000, 0.994134, -0.066826, 0.085044, 0.052889, 0.086035, 0.012093, -0.996219, 0.099261, 0.065545, 0.997691, 0.017771, -0.002448, 0.000000, 0.000000, 0.000000, 1.000000
-29.4854, 74.3014, 9.7677, 221.8416, 243.8377, -74.3018, 190.2213, 52.8753, 99.2597, -2.4347, 0.805224, -0.589595, -0.063181, 0.074301, 0.592873, 0.798577, 0.103806, 0.009768, -0.010748, -0.121046, 0.992589, 0.221842, 0.000000, 0.000000, 0.000000, 1.000000, -0.010976, -0.121349, 0.992549, 0.243838, -0.805224, 0.589595, 0.063180, -0.074302, -0.592869, -0.798531, -0.104185, 0.190221, 0.000000, 0.000000, 0.000000, 1.000000, 0.994134, -0.066826, 0.085039, 0.052875, 0.086031, 0.012101, -0.996219, 0.099260, 0.065544, 0.997691, 0.017779, -0.002435, 0.000000, 0.000000, 0.000000, 1.000000
-29.4684, 74.2593, 9.7388, 221.8398, 243.8360, -74.2597, 190.2500, 52.8615, 99.2581, -2.4218, 0.805398, -0.589359, -0.063172, 0.074259, 0.592638, 0.798753, 0.103796, 0.009739, -0.010715, -0.121035, 0.992590, 0.221840, 0.000000, 0.000000, 0.000000, 1.000000, -0.010942, -0.121339, 0.992551, 0.243836, -0.805398, 0.589359, 0.063170, -0.074260, -0.592634, -0.798707, -0.104175, 0.190250, 0.000000, 0.000000, 0.000000, 1.000000, 0.994134, -0.066826, 0.085035, 0.052861, 0.086027, 0.012108, -0.996219, 0.099258, 0.065544, 0.997691, 0.017786, -0.002422, 0.000000, 0.000000, 0.000000, 1.000000
-29.4600, 74.2386, 9.7244, 221.8389, 243.8350, -74.2390, 190.2644, 52.8547, 99.2574, -2.4155, 0.805483, -0.589242, -0.063167, 0.074239, 0.592522, 0.798840, 0.103791, 0.009724, -0.010698, -0.121030, 0.992591, 0.221839, 0.000000, 0.000000, 0.000000, 1.000000, -0.010925, -0.121333, 0.992552, 0.243835, -0.805483, 0.589243, 0.063165, -0.074239, -0.592518, -0.798794, -0.104170, 0.190264, 0.000000, 0.000000, 0.000000, 1.000000, 0.994135, -0.066826, 0.085033, 0.052855, 0.086025, 0.012112, -0.996219, 0.099257, 0.065544, 0.997691, 0.017789, -0.002416, 0.000000, 0.000000, 0.000000, 1.000000
-29.4436, 74.1978, 9.6955, 221.8368, 243.8330, -74.1982, 190.2933, 52.8412, 99.2560, -2.4031, 0.805652, -0.589013, -0.063158, 0.074198, 0.592294, 0.799011, 0.103779, 0.009695, -0.010663, -0.121017, 0.992593, 0.221837, 0.000000, 0.000000, 0.000000, 1.000000, -0.010891, -0.121321, 0.992554, 0.243833, -0.805652, 0.589013, 0.063156, -0.074198, -0.592289, -0.798965, -0.104158, 0.190293, 0.000000, 0.000000, 0.000000, 1.000000, 0.994135, -0.066826, 0.085028, 0.052841, 0.086021, 0.012119, -0.996220, 0.099256, 0.065543, 0.997691, 0.017796, -0.002403, 0.000000, 0.000000, 0.000000, 1.000000
-29.4355, 74.1777, 9.6810, 221.8357, 243.8318, -74.1781, 190.3077, 52.8345, 99.2553, -2.3970, 0.805734, -0.588900, -0.063153, 0.074178, 0.592181, 0.799095, 0.103772, 0.009681, -0.010646, -0.121011, 0.992594, 0.221836, 0.000000, 0.000000, 0.000000, 1.000000, -0.010874, -0.121315, 0.992555, 0.243832, -0.805734, 0.588901, 0.063151, -0.074178, -0.592177, -0.799049, -0.104151, 0.190308, 0.000000, 0.000000, 0.000000, 1.000000, 0.994135, -0.066826, 0.085026, 0.052835, 0.086019, 0.012122, -0.996220, 0.099255, 0.065543, 0.997691, 0.017799, -0.002397, 0.000000, 0.000000, 0.000000, 1.000000
-29.4196, 74.1382, 9.6522, 221.8333, 243.8295, -74.1386, 190.3365, 52.8214, 99.2542, -2.3850, 0.805897, -0.588678, -0.063144, 0.074138, 0.591960, 0.799261, 0.103758, 0.009652, -0.010612, -0.120997, 0.992596, 0.221833, 0.000000, 0.000000, 0.000000, 1.000000, -0.010839, -0.121301, 0.992557, 0.243829, -0.805897, 0.588679, 0.063142, -0.074139, -0.591956, -0.799214, -0.104137, 0.190337, 0.000000, 0.000000, 0.000000, 1.000000, 0.994136, -0.066826, 0.085022, 0.052821, 0.086015, 0.012129, -0.996220, 0.099254, 0.065543, 0.997691, 0.017806, -0.002385, 0.000000, 0.000000, 0.000000, 1.000000
