# Joint_4_Angle(deg), Cam_X(mm), Cam_Y(mm), Cam_Z(mm), Torso_X(mm), Torso_Y(mm), Torso_Z(mm), EE_X(mm), EE_Y(mm), EE_Z(mm), T_cam2marker_flat(16), T_torso2marker_flat(16), T_ee2marker_flat(16)
-29.9707, 28.0344, 24.7450, 233.6543, 255.6503, -28.0348, 175.2908, 142.3655, -15.2530, 23.8983, 0.412247, -0.702594, -0.580012, 0.028034, 0.719836, 0.641422, -0.265356, 0.024745, 0.558471, -0.308121, 0.770177, 0.233654, 0.000000, 0.000000, 0.000000, 1.000000, 0.558354, -0.308223, 0.770220, 0.255650, -0.412247, 0.702595, 0.580011, -0.028035, -0.719926, -0.641373, 0.265232, 0.175291, 0.000000, 0.000000, 0.000000, 1.000000, -0.003931, 0.099318, -0.995048, 0.142366, -0.998762, -0.049733, -0.001018, -0.015253, -0.049588, 0.993812, 0.099390, 0.023898, 0.000000, 0.000000, 0.000000, 1.000000
-29.9678, 28.0325, 24.7407, 233.6517, 255.6477, -28.0329, 175.2952, 142.3644, -15.2556, 23.8983, 0.412272, -0.702594, -0.579994, 0.028033, 0.719849, 0.641421, -0.265321, 0.024741, 0.558434, -0.308124, 0.770202, 0.233652, 0.000000, 0.000000, 0.000000, 1.000000, 0.558317, -0.308226, 0.770246, 0.255648, -0.412273, 0.702595, 0.579993, -0.028033, -0.719939, -0.641372, 0.265198, 0.175295, 0.000000, 0.000000, 0.000000, 1.000000, -0.003931, 0.099318, -0.995048, 0.142364, -0.998762, -0.049734, -0.001018, -0.015256, -0.049589, 0.993812, 0.099390, 0.023898, 0.000000, 0.000000, 0.000000, 1.000000
-29.9650, 28.0306, 24.7361, 233.6490, 255.6449, -28.0310, 175.2998, 142.3634, -15.2580, 23.8983, 0.412299, -0.702594, -0.579976, 0.028031, 0.719863, 0.641421, -0.265287, 0.024736, 0.558398, -0.308125, 0.770228, 0.233649, 0.000000, 0.000000, 0.000000, 1.000000, 0.558281, -0.308227, 0.770271, 0.255645, -0.412299, 0.702594, 0.579975, -0.028031, -0.719952, -0.641371, 0.265163, 0.175300, 0.000000, 0.000000, 0.000000, 1.000000, -0.003931, 0.099318, -0.995048, 0.142363, -0.998762, -0.049734, -0.001018, -0.015258, -0.049589, 0.993812, 0.099391, 0.023898, 0.000000, 0.000000, 0.000000, 1.000000
-29.9637, 28.0297, 24.7333, 233.6472, 255.6432, -28.0300, 175.3026, 142.3629, -15.2591, 23.8983, 0.412311, -0.702593, -0.579967, 0.028030, 0.719867, 0.641422, -0.265272, 0.024733, 0.558382, -0.308125, 0.770239, 0.233647, 0.000000, 0.000000, 0.000000, 1.000000, 0.558266, -0.308227, 0.770283, 0.255643, -0.412312, 0.702594, 0.579966, -0.028030, -0.719957, -0.641372, 0.265148, 0.175303, 0.000000, 0.000000, 0.000000, 1.000000, -0.003931, 0.099318, -0.995048, 0.142363, -0.998762, -0.049735, -0.001018, -0.015259, -0.049589, 0.993812, 0.099391, 0.023898, 0.000000, 0.000000, 0.000000, 1.000000
-29.9640, 28.0298, 24.7332, 233.6471, 255.6431, -28.0302, 175.3028, 142.3631, -15.2587, 23.8983, 0.412310, -0.702593, -0.579969, 0.028030, 0.719865, 0.641423, -0.265276, 0.024733, 0.558386, -0.308124, 0.770237, 0.233647, 0.000000, 0.000000, 0.000000, 1.000000, 0.558270, -0.308225, 0.770280, 0.255643, -0.412310, 0.702594, 0.579968, -0.028030, -0.719955, -0.641373, 0.265152, 0.175303, 0.000000, 0.000000, 0.000000, 1.000000, -0.003931, 0.099318, -0.995048, 0.142363, -0.998762, -0.049735, -0.001018, -0.015259, -0.049589, 0.993812, 0.099391, 0.023898, 0.000000, 0.000000, 0.000000, 1.000000
-29.9647, 28.0302, 24.7337, 233.6474, 255.6434, -28.0306, 175.3023, 142.3634, -15.2580, 23.8983, 0.412304, -0.702593, -0.579973, 0.028030, 0.719861, 0.641424, -0.265286, 0.024734, 0.558396, -0.308122, 0.770230, 0.233647, 0.000000, 0.000000, 0.000000, 1.000000, 0.558280, -0.308223, 0.770274, 0.255643, -0.412304, 0.702593, 0.579972, -0.028031, -0.719950, -0.641374, 0.265162, 0.175302, 0.000000, 0.000000, 0.000000, 1.000000, -0.003931, 0.099318, -0.995048, 0.142363, -0.998762, -0.049734, -0.001018, -0.015258, -0.049589, 0.993812, 0.099391, 0.023898, 0.000000, 0.000000, 0.000000, 1.000000
-29.9656, 28.0308, 24.7346, 233.6479, 255.6439, -28.0312, 175.3014, 142.3638, -15.2570, 23.8983, 0.412295, -0.702593, -0.579980, 0.028031, 0.719855, 0.641425, -0.265299, 0.024735, 0.558410, -0.308120, 0.770221, 0.233648, 0.000000, 0.000000, 0.000000, 1.000000, 0.558294, -0.308221, 0.770264, 0.255644, -0.412296, 0.702593, 0.579979, -0.028031, -0.719944, -0.641376, 0.265175, 0.175301, 0.000000, 0.000000, 0.000000, 1.000000, -0.003931, 0.099318, -0.995048, 0.142364, -0.998762, -0.049734, -0.001018, -0.015257, -0.049589, 0.993812, 0.099391, 0.023898, 0.000000, 0.000000, 0.000000, 1.000000
-29.9667, 28.0315, 24.7358, 233.6486, 255.6446, -28.0318, 175.3003, 142.3642, -15.2559, 23.8983, 0.412286, -0.702592, -0.579987, 0.028031, 0.719848, 0.641426, -0.265313, 0.024736, 0.558425, -0.308118, 0.770211, 0.233649, 0.000000, 0.000000, 0.000000, 1.000000, 0.558309, -0.308219, 0.770254, 0.255645, -0.412287, 0.702593, 0.579986, -0.028032, -0.719938, -0.641377, 0.265190, 0.175300, 0.000000, 0.000000, 0.000000, 1.000000, -0.003931, 0.099318, -0.995048, 0.142364, -0.998762, -0.049734, -0.001018, -0.015256, -0.049589, 0.993812, 0.099391, 0.023898, 0.000000, 0.000000, 0.000000, 1.000000
-29.9677, 28.0321, 24.7370, 233.6492, 255.6452, -28.0324, 175.2992, 142.3646, -15.2550, 23.8983, 0.412277, -0.702592, -0.579993, 0.028032, 0.719843, 0.641427, -0.265325, 0.024737, 0.558439, -0.308116, 0.770202, 0.233649, 0.000000, 0.000000, 0.000000, 1.000000, 0.558323, -0.308218, 0.770245, 0.255645, -0.412278, 0.702593, 0.579992, -0.028032, -0.719932, -0.641378, 0.265202, 0.175299, 0.000000, 0.000000, 0.000000, 1.000000, -0.003931, 0.099318, -0.995048, 0.142365, -0.998762, -0.049734, -0.001018, -0.015255, -0.049589, 0.993812, 0.099390, 0.023898, 0.000000, 0.000000, 0.000000, 1.000000
-29.9684, 28.0326, 24.7379, 233.6498, 255.6458, -28.0329, 175.2983, 142.3649, -15.2543, 23.8983, 0.412271, -0.702592, -0.579998, 0.028033, 0.719839, 0.641428, -0.265335, 0.024738, 0.558449, -0.308115, 0.770195, 0.233650, 0.000000, 0.000000, 0.000000, 1.000000, 0.558333, -0.308217, 0.770238, 0.255646, -0.412271, 0.702592, 0.579997, -0.028033, -0.719928, -0.641378, 0.265212, 0.175298, 0.000000, 0.000000, 0.000000, 1.000000, -0.003931, 0.099318, -0.995048, 0.142365, -0.998762, -0.049734, -0.001018, -0.015254, -0.049589, 0.993812, 0.099390, 0.023898, 0.000000, 0.000000, 0.000000, 1.000000
-29.9686, 28.0327, 24.7383, 233.6500, 255.6460, -28.0330, 175.2979, 142.3650, -15.2542, 23.8983, 0.412269, -0.702592, -0.579999, 0.028033, 0.719838, 0.641428, -0.265337, 0.024738, 0.558451, -0.308115, 0.770193, 0.233650, 0.000000, 0.000000, 0.000000, 1.000000, 0.558336, -0.308217, 0.770236, 0.255646, -0.412270, 0.702592, 0.579998, -0.028033, -0.719927, -0.641379, 0.265214, 0.175298, 0.000000, 0.000000, 0.000000, 1.000000, -0.003931, 0.099318, -0.995048, 0.142365, -0.998762, -0.049734, -0.001018, -0.015254, -0.049589, 0.993812, 0.099390, 0.023898, 0.000000, 0.000000, 0.000000, 1.000000
-29.9675, 28.0320, 24.7375, 233.6495, 255.6455, -28.0324, 175.2988, 142.3645, -15.2553, 23.8984, 0.412278, -0.702592, -0.579992, 0.028032, 0.719845, 0.641426, -0.265322, 0.024737, 0.558435, -0.308118, 0.770203, 0.233649, 0.000000, 0.000000, 0.000000, 1.000000, 0.558320, -0.308219, 0.770246, 0.255645, -0.412279, 0.702592, 0.579991, -0.028032, -0.719934, -0.641377, 0.265199, 0.175299, 0.000000, 0.000000, 0.000000, 1.000000, -0.003931, 0.099318, -0.995048, 0.142364, -0.998762, -0.049734, -0.001018, -0.015255, -0.049589, 0.993812, 0.099390, 0.023898, 0.000000, 0.000000, 0.000000, 1.000000
-29.9657, 28.0309, 24.7356, 233.6483, 255.6444, -28.0313, 175.3007, 142.3637, -15.2571, 23.8984, 0.412295, -0.702592, -0.579981, 0.028031, 0.719856, 0.641424, -0.265297, 0.024736, 0.558409, -0.308122, 0.770221, 0.233648, 0.000000, 0.000000, 0.000000, 1.000000, 0.558294, -0.308223, 0.770264, 0.255644, -0.412295, 0.702593, 0.579979, -0.028031, -0.719944, -0.641375, 0.265175, 0.175301, 0.000000, 0.000000, 0.000000, 1.000000, -0.003931, 0.099318, -0.995048, 0.142364, -0.998762, -0.049734, -0.001018, -0.015257, -0.049589, 0.993812, 0.099391, 0.023898, 0.000000, 0.000000, 0.000000, 1.000000
-29.9628, 28.0291, 24.7326, 233.6465, 255.6426, -28.0295, 175.3037, 142.3625, -15.2600, 23.8984, 0.412320, -0.702592, -0.579962, 0.028029, 0.719873, 0.641421, -0.265258, 0.024733, 0.558369, -0.308127, 0.770248, 0.233647, 0.000000, 0.000000, 0.000000, 1.000000, 0.558254, -0.308228, 0.770291, 0.255643, -0.412321, 0.702593, 0.579961, -0.028029, -0.719961, -0.641373, 0.265136, 0.175304, 0.000000, 0.000000, 0.000000, 1.000000, -0.003931, 0.099318, -0.995048, 0.142362, -0.998762, -0.049735, -0.001018, -0.015260, -0.049590, 0.993812, 0.099391, 0.023898, 0.000000, 0.000000, 0.000000, 1.000000
-29.9588, 28.0266, 24.7283, 233.6439, 255.6400, -28.0270, 175.3081, 142.3608, -15.2640, 23.8983, 0.412356, -0.702593, -0.579936, 0.028027, 0.719896, 0.641417, -0.265205, 0.024728, 0.558312, -0.308135, 0.770286, 0.233644, 0.000000, 0.000000, 0.000000, 1.000000, 0.558197, -0.308235, 0.770329, 0.255640, -0.412357, 0.702593, 0.579935, -0.028027, -0.719984, -0.641369, 0.265083, 0.175308, 0.000000, 0.000000, 0.000000, 1.000000, -0.003931, 0.099319, -0.995048, 0.142361, -0.998762, -0.049736, -0.001018, -0.015264, -0.049590, 0.993812, 0.099391, 0.023898, 0.000000, 0.000000, 0.000000, 1.000000
-29.9505, 28.0214, 24.7192, 233.6385, 255.6345, -28.0217, 175.3173, 142.3574, -15.2723, 23.8983, 0.412430, -0.702593, -0.579883, 0.028021, 0.719944, 0.641409, -0.265094, 0.024719, 0.558196, -0.308150, 0.770364, 0.233638, 0.000000, 0.000000, 0.000000, 1.000000, 0.558081, -0.308250, 0.770407, 0.255635, -0.412431, 0.702594, 0.579881, -0.028022, -0.720032, -0.641361, 0.264973, 0.175317, 0.000000, 0.000000, 0.000000, 1.000000, -0.003931, 0.099320, -0.995048, 0.142357, -0.998762, -0.049737, -0.001018, -0.015272, -0.049592, 0.993812, 0.099392, 0.023898, 0.000000, 0.000000, 0.000000, 1.000000
-29.9394, 28.0144, 24.7068, 233.6311, 255.6271, -28.0147, 175.3298, 142.3527, -15.2833, 23.8982, 0.412530, -0.702594, -0.579810, 0.028014, 0.720008, 0.641399, -0.264946, 0.024707, 0.558040, -0.308170, 0.770470, 0.233631, 0.000000, 0.000000, 0.000000, 1.000000, 0.557925, -0.308270, 0.770512, 0.255627, -0.412531, 0.702595, 0.579809, -0.028015, -0.720096, -0.641350, 0.264825, 0.175330, 0.000000, 0.000000, 0.000000, 1.000000, -0.003931, 0.099321, -0.995048, 0.142353, -0.998762, -0.049739, -0.001019, -0.015283, -0.049594, 0.993812, 0.099393, 0.023898, 0.000000, 0.000000, 0.000000, 1.000000
-29.9350, 28.0116, 24.7019, 233.6282, 255.6242, -28.0120, 175.3347, 142.3509, -15.2876, 23.8982, 0.412569, -0.702595, -0.579782, 0.028012, 0.720032, 0.641395, -0.264889, 0.024702, 0.557979, -0.308177, 0.770511, 0.233628, 0.000000, 0.000000, 0.000000, 1.000000, 0.557865, -0.308277, 0.770553, 0.255624, -0.412570, 0.702595, 0.579781, -0.028012, -0.720120, -0.641346, 0.264767, 0.175335, 0.000000, 0.000000, 0.000000, 1.000000, -0.003931, 0.099321, -0.995048, 0.142351, -0.998762, -0.049740, -0.001019, -0.015288, -0.049595, 0.993811, 0.099394, 0.023898, 0.000000, 0.000000, 0.000000, 1.000000
-29.9201, 28.0022, 24.6849, 233.6181, 255.6141, -28.0025, 175.3518, 142.3448, -15.3024, 23.8981, 0.412703, -0.702596, -0.579685, 0.028002, 0.720118, 0.641381, -0.264691, 0.024685, 0.557770, -0.308203, 0.770652, 0.233618, 0.000000, 0.000000, 0.000000, 1.000000, 0.557656, -0.308303, 0.770694, 0.255614, -0.412704, 0.702597, 0.579684, -0.028003, -0.720205, -0.641332, 0.264569, 0.175352, 0.000000, 0.000000, 0.000000, 1.000000, -0.003932, 0.099323, -0.995047, 0.142345, -0.998762, -0.049743, -0.001019, -0.015302, -0.049597, 0.993811, 0.099395, 0.023898, 0.000000, 0.000000, 0.000000, 1.000000
-29.9024, 27.9915, 24.6679, 233.6074, 255.6035, -27.9918, 175.3689, 142.3372, -15.3204, 23.8980, 0.412860, -0.702599, -0.579570, 0.027991, 0.720224, 0.641360, -0.264450, 0.024668, 0.557516, -0.308239, 0.770821, 0.233607, 0.000000, 0.000000, 0.000000, 1.000000, 0.557402, -0.308339, 0.770863, 0.255604, -0.412861, 0.702600, 0.579569, -0.027992, -0.720312, -0.641312, 0.264329, 0.175369, 0.000000, 0.000000, 0.000000, 1.000000, -0.003932, 0.099325, -0.995047, 0.142337, -0.998761, -0.049746, -0.001019, -0.015320, -0.049601, 0.993811, 0.099397, 0.023898, 0.000000, 0.000000, 0.000000, 1.000000
-29.8893, 27.9840, 24.6588, 233.6012, 255.5972, -27.9843, 175.3780, 142.3314, -15.3346, 23.8979, 0.412976, -0.702603, -0.579483, 0.027984, 0.720310, 0.641341, -0.264265, 0.024659, 0.557320, -0.308272, 0.770949, 0.233601, 0.000000, 0.000000, 0.000000, 1.000000, 0.557206, -0.308372, 0.770992, 0.255597, -0.412976, 0.702603, 0.579482, -0.027984, -0.720397, -0.641292, 0.264144, 0.175378, 0.000000, 0.000000, 0.000000, 1.000000, -0.003932, 0.099326, -0.995047, 0.142331, -0.998761, -0.049748, -0.001020, -0.015335, -0.049603, 0.993811, 0.099399, 0.023898, 0.000000, 0.000000, 0.000000, 1.000000
-29.8823, 27.9800, 24.6535, 233.5977, 255.5937, -27.9804, 175.3832, 142.3283, -15.3419, 23.8979, 0.413037, -0.702604, -0.579438, 0.027980, 0.720354, 0.641331, -0.264168, 0.024654, 0.557217, -0.308289, 0.771017, 0.233598, 0.000000, 0.000000, 0.000000, 1.000000, 0.557103, -0.308389, 0.771059, 0.255594, -0.413037, 0.702605, 0.579436, -0.027980, -0.720442, -0.641282, 0.264047, 0.175383, 0.000000, 0.000000, 0.000000, 1.000000, -0.003932, 0.099327, -0.995047, 0.142328, -0.998761, -0.049750, -0.001020, -0.015342, -0.049604, 0.993810, 0.099399, 0.023898, 0.000000, 0.000000, 0.000000, 1.000000
-29.8602, 27.9670, 24.6352, 233.5858, 255.5819, -27.9673, 175.4015, 142.3186, -15.3652, 23.8977, 0.413232, -0.702609, -0.579292, 0.027967, 0.720493, 0.641301, -0.263862, 0.024635, 0.556892, -0.308340, 0.771231, 0.233586, 0.000000, 0.000000, 0.000000, 1.000000, 0.556778, -0.308439, 0.771274, 0.255582, -0.413233, 0.702610, 0.579291, -0.027967, -0.720581, -0.641252, 0.263741, 0.175402, 0.000000, 0.000000, 0.000000, 1.000000, -0.003932, 0.099329, -0.995047, 0.142319, -0.998761, -0.049754, -0.001020, -0.015365, -0.049609, 0.993810, 0.099402, 0.023898, 0.000000, 0.000000, 0.000000, 1.000000
-29.8362, 27.9526, 24.6132, 233.5720, 255.5681, -27.9530, 175.4235, 142.3083, -15.3899, 23.8976, 0.413444, -0.702614, -0.579135, 0.027953, 0.720639, 0.641272, -0.263535, 0.024613, 0.556546, -0.308390, 0.771461, 0.233572, 0.000000, 0.000000, 0.000000, 1.000000, 0.556432, -0.308490, 0.771503, 0.255568, -0.413445, 0.702614, 0.579134, -0.027953, -0.720726, -0.641223, 0.263413, 0.175424, 0.000000, 0.000000, 0.000000, 1.000000, -0.003932, 0.099332, -0.995047, 0.142308, -0.998761, -0.049758, -0.001021, -0.015390, -0.049613, 0.993810, 0.099404, 0.023898, 0.000000, 0.000000, 0.000000, 1.000000
-29.8193, 27.9423, 24.5965, 233.5618, 255.5578, -27.9427, 175.4402, 142.3012, -15.4070, 23.8975, 0.413594, -0.702617, -0.579025, 0.027942, 0.720739, 0.641252, -0.263306, 0.024597, 0.556304, -0.308424, 0.771622, 0.233562, 0.000000, 0.000000, 0.000000, 1.000000, 0.556190, -0.308524, 0.771664, 0.255558, -0.413595, 0.702617, 0.579023, -0.027943, -0.720827, -0.641204, 0.263185, 0.175440, 0.000000, 0.000000, 0.000000, 1.000000, -0.003932, 0.099334, -0.995046, 0.142301, -0.998761, -0.049761, -0.001021, -0.015407, -0.049616, 0.993809, 0.099406, 0.023897, 0.000000, 0.000000, 0.000000, 1.000000
-29.8018, 27.9316, 24.5784, 233.5508, 255.5469, -27.9319, 175.4583, 142.2938, -15.4247, 23.8973, 0.413750, -0.702619, -0.578910, 0.027932, 0.720842, 0.641233, -0.263071, 0.024578, 0.556055, -0.308457, 0.771788, 0.233551, 0.000000, 0.000000, 0.000000, 1.000000, 0.555941, -0.308557, 0.771830, 0.255547, -0.413751, 0.702620, 0.578909, -0.027932, -0.720930, -0.641185, 0.262950, 0.175458, 0.000000, 0.000000, 0.000000, 1.000000, -0.003932, 0.099335, -0.995046, 0.142294, -0.998760, -0.049764, -0.001021, -0.015425, -0.049619, 0.993809, 0.099408, 0.023897, 0.000000, 0.000000, 0.000000, 1.000000
-29.7837, 27.9203, 24.5590, 233.5391, 255.5352, -27.9207, 175.4777, 142.2862, -15.4427, 23.8972, 0.413911, -0.702622, -0.578792, 0.027920, 0.720947, 0.641215, -0.262830, 0.024559, 0.555800, -0.308490, 0.771959, 0.233539, 0.000000, 0.000000, 0.000000, 1.000000, 0.555686, -0.308590, 0.772001, 0.255535, -0.413912, 0.702622, 0.578791, -0.027921, -0.721034, -0.641166, 0.262708, 0.175478, 0.000000, 0.000000, 0.000000, 1.000000, -0.003932, 0.099337, -0.995046, 0.142286, -0.998760, -0.049768, -0.001022, -0.015443, -0.049623, 0.993808, 0.099410, 0.023897, 0.000000, 0.000000, 0.000000, 1.000000
-29.7557, 27.9028, 24.5277, 233.5205, 255.5166, -27.9031, 175.5090, 142.2745, -15.4704, 23.8970, 0.414160, -0.702625, -0.578610, 0.027903, 0.721106, 0.641187, -0.262458, 0.024528, 0.555407, -0.308539, 0.772222, 0.233521, 0.000000, 0.000000, 0.000000, 1.000000, 0.555293, -0.308639, 0.772264, 0.255517, -0.414161, 0.702626, 0.578609, -0.027903, -0.721194, -0.641139, 0.262337, 0.175509, 0.000000, 0.000000, 0.000000, 1.000000, -0.003932, 0.099340, -0.995046, 0.142275, -0.998760, -0.049773, -0.001022, -0.015470, -0.049628, 0.993808, 0.099413, 0.023897, 0.000000, 0.000000, 0.000000, 1.000000
-29.7366, 27.8907, 24.5056, 233.5075, 255.5036, -27.8910, 175.5311, 142.2666, -15.4891, 23.8968, 0.414330, -0.702627, -0.578485, 0.027891, 0.721213, 0.641170, -0.262207, 0.024506, 0.555141, -0.308571, 0.772400, 0.233507, 0.000000, 0.000000, 0.000000, 1.000000, 0.555027, -0.308671, 0.772443, 0.255504, -0.414331, 0.702628, 0.578484, -0.027891, -0.721301, -0.641121, 0.262085, 0.175531, 0.000000, 0.000000, 0.000000, 1.000000, -0.003932, 0.099342, -0.995046, 0.142267, -0.998760, -0.049776, -0.001023, -0.015489, -0.049631, 0.993808, 0.099415, 0.023897, 0.000000, 0.000000, 0.000000, 1.000000
-29.7173, 27.8784, 24.4826, 233.4940, 255.4901, -27.8787, 175.5541, 142.2587, -15.5079, 23.8966, 0.414503, -0.702629, -0.578359, 0.027878, 0.721321, 0.641153, -0.261953, 0.024483, 0.554872, -0.308603, 0.772581, 0.233494, 0.000000, 0.000000, 0.000000, 1.000000, 0.554758, -0.308702, 0.772623, 0.255490, -0.414504, 0.702629, 0.578358, -0.027879, -0.721408, -0.641104, 0.261831, 0.175554, 0.000000, 0.000000, 0.000000, 1.000000, -0.003932, 0.099344, -0.995045, 0.142259, -0.998760, -0.049780, -0.001023, -0.015508, -0.049635, 0.993807, 0.099417, 0.023897, 0.000000, 0.000000, 0.000000, 1.000000
-29.6977, 27.8658, 24.4590, 233.4802, 255.4763, -27.8662, 175.5778, 142.2506, -15.5269, 23.8965, 0.414678, -0.702631, -0.578232, 0.027866, 0.721429, 0.641136, -0.261697, 0.024459, 0.554602, -0.308633, 0.772763, 0.233480, 0.000000, 0.000000, 0.000000, 1.000000, 0.554488, -0.308733, 0.772805, 0.255476, -0.414679, 0.702631, 0.578231, -0.027866, -0.721516, -0.641088, 0.261575, 0.175578, 0.000000, 0.000000, 0.000000, 1.000000, -0.003932, 0.099346, -0.995045, 0.142251, -0.998760, -0.049783, -0.001023, -0.015527, -0.049638, 0.993807, 0.099419, 0.023896, 0.000000, 0.000000, 0.000000, 1.000000
-29.6780, 27.8532, 24.4347, 233.4661, 255.4623, -27.8535, 175.6020, 142.2426, -15.5458, 23.8963, 0.414854, -0.702632, -0.578104, 0.027853, 0.721536, 0.641120, -0.261440, 0.024435, 0.554331, -0.308663, 0.772945, 0.233466, 0.000000, 0.000000, 0.000000, 1.000000, 0.554217, -0.308763, 0.772987, 0.255462, -0.414854, 0.702633, 0.578103, -0.027854, -0.721623, -0.641072, 0.261319, 0.175602, 0.000000, 0.000000, 0.000000, 1.000000, -0.003932, 0.099348, -0.995045, 0.142243, -0.998759, -0.049787, -0.001024, -0.015546, -0.049642, 0.993806, 0.099421, 0.023896, 0.000000, 0.000000, 0.000000, 1.000000
-29.6584, 27.8405, 24.4101, 233.4519, 255.4480, -27.8408, 175.6266, 142.2346, -15.5647, 23.8961, 0.415029, -0.702634, -0.577976, 0.027840, 0.721642, 0.641104, -0.261185, 0.024410, 0.554061, -0.308693, 0.773127, 0.233452, 0.000000, 0.000000, 0.000000, 1.000000, 0.553947, -0.308792, 0.773169, 0.255448, -0.415030, 0.702634, 0.577975, -0.027841, -0.721729, -0.641056, 0.261064, 0.175627, 0.000000, 0.000000, 0.000000, 1.000000, -0.003933, 0.099351, -0.995045, 0.142235, -0.998759, -0.049791, -0.001024, -0.015565, -0.049646, 0.993806, 0.099423, 0.023896, 0.000000, 0.000000, 0.000000, 1.000000
-29.6291, 27.8228, 24.3819, 233.4344, 255.4305, -27.8231, 175.6547, 142.2220, -15.5945, 23.8959, 0.415288, -0.702639, -0.577784, 0.027823, 0.721816, 0.641070, -0.260788, 0.024382, 0.553640, -0.308752, 0.773405, 0.233434, 0.000000, 0.000000, 0.000000, 1.000000, 0.553525, -0.308852, 0.773447, 0.255431, -0.415289, 0.702639, 0.577783, -0.027823, -0.721904, -0.641021, 0.260666, 0.175655, 0.000000, 0.000000, 0.000000, 1.000000, -0.003933, 0.099354, -0.995044, 0.142222, -0.998759, -0.049796, -0.001025, -0.015594, -0.049651, 0.993805, 0.099426, 0.023896, 0.000000, 0.000000, 0.000000, 1.000000
-29.6099, 27.8110, 24.3623, 233.4225, 255.4186, -27.8113, 175.6743, 142.2138, -15.6139, 23.8957, 0.415459, -0.702642, -0.577657, 0.027811, 0.721929, 0.641049, -0.260528, 0.024362, 0.553364, -0.308789, 0.773587, 0.233423, 0.000000, 0.000000, 0.000000, 1.000000, 0.553250, -0.308889, 0.773629, 0.255419, -0.415460, 0.702643, 0.577656, -0.027811, -0.722016, -0.641000, 0.260406, 0.175674, 0.000000, 0.000000, 0.000000, 1.000000, -0.003933, 0.099356, -0.995044, 0.142214, -0.998759, -0.049800, -0.001025, -0.015614, -0.049655, 0.993805, 0.099428, 0.023896, 0.000000, 0.000000, 0.000000, 1.000000
-29.5908, 27.7992, 24.3421, 233.4104, 255.4065, -27.7995, 175.6944, 142.2058, -15.6329, 23.8956, 0.415628, -0.702645, -0.577532, 0.027799, 0.722039, 0.641029, -0.260273, 0.024342, 0.553094, -0.308824, 0.773766, 0.233410, 0.000000, 0.000000, 0.000000, 1.000000, 0.552980, -0.308924, 0.773808, 0.255406, -0.415629, 0.702645, 0.577531, -0.027800, -0.722126, -0.640980, 0.260151, 0.175694, 0.000000, 0.000000, 0.000000, 1.000000, -0.003933, 0.099358, -0.995044, 0.142206, -0.998759, -0.049803, -0.001025, -0.015633, -0.049658, 0.993805, 0.099430, 0.023896, 0.000000, 0.000000, 0.000000, 1.000000
-29.5721, 27.7874, 24.3214, 233.3981, 255.3942, -27.7878, 175.7150, 142.1979, -15.6515, 23.8954, 0.415795, -0.702647, -0.577409, 0.027787, 0.722145, 0.641010, -0.260023, 0.024321, 0.552830, -0.308857, 0.773942, 0.233398, 0.000000, 0.000000, 0.000000, 1.000000, 0.552715, -0.308957, 0.773985, 0.255394, -0.415796, 0.702648, 0.577408, -0.027788, -0.722233, -0.640961, 0.259901, 0.175715, 0.000000, 0.000000, 0.000000, 1.000000, -0.003933, 0.099360, -0.995044, 0.142198, -0.998758, -0.049807, -0.001026, -0.015652, -0.049662, 0.993804, 0.099432, 0.023895, 0.000000, 0.000000, 0.000000, 1.000000
-29.5444, 27.7699, 24.2896, 233.3793, 255.3754, -27.7703, 175.7469, 142.1863, -15.6786, 23.8952, 0.416041, -0.702651, -0.577228, 0.027770, 0.722300, 0.640984, -0.259658, 0.024290, 0.552442, -0.308903, 0.774200, 0.233379, 0.000000, 0.000000, 0.000000, 1.000000, 0.552327, -0.309004, 0.774242, 0.255375, -0.416042, 0.702651, 0.577227, -0.027770, -0.722387, -0.640935, 0.259535, 0.175747, 0.000000, 0.000000, 0.000000, 1.000000, -0.003933, 0.099362, -0.995044, 0.142186, -0.998758, -0.049812, -0.001026, -0.015679, -0.049667, 0.993804, 0.099435, 0.023895, 0.000000, 0.000000, 0.000000, 1.000000
-29.5263, 27.7583, 24.2678, 233.3667, 255.3628, -27.7587, 175.7685, 142.1788, -15.6962, 23.8950, 0.416202, -0.702652, -0.577109, 0.027758, 0.722399, 0.640969, -0.259420, 0.024268, 0.552191, -0.308932, 0.774368, 0.233367, 0.000000, 0.000000, 0.000000, 1.000000, 0.552076, -0.309033, 0.774410, 0.255363, -0.416203, 0.702653, 0.577108, -0.027759, -0.722487, -0.640920, 0.259297, 0.175769, 0.000000, 0.000000, 0.000000, 1.000000, -0.003933, 0.099364, -0.995043, 0.142179, -0.998758, -0.049815, -0.001027, -0.015696, -0.049670, 0.993803, 0.099437, 0.023895, 0.000000, 0.000000, 0.000000, 1.000000
-29.5085, 27.7469, 24.2459, 233.3540, 255.3501, -27.7472, 175.7905, 142.1715, -15.7133, 23.8948, 0.416361, -0.702654, -0.576993, 0.027747, 0.722495, 0.640954, -0.259188, 0.024246, 0.551946, -0.308959, 0.774532, 0.233354, 0.000000, 0.000000, 0.000000, 1.000000, 0.551830, -0.309060, 0.774575, 0.255350, -0.416362, 0.702654, 0.576992, -0.027747, -0.722583, -0.640905, 0.259065, 0.175790, 0.000000, 0.000000, 0.000000, 1.000000, -0.003933, 0.099366, -0.995043, 0.142172, -0.998758, -0.049818, -0.001027, -0.015713, -0.049673, 0.993803, 0.099439, 0.023895, 0.000000, 0.000000, 0.000000, 1.000000
-29.4910, 27.7355, 24.2236, 233.3412, 255.3373, -27.7359, 175.8126, 142.1644, -15.7300, 23.8947, 0.416518, -0.702655, -0.576879, 0.027736, 0.722589, 0.640940, -0.258961, 0.024224, 0.551705, -0.308984, 0.774694, 0.233341, 0.000000, 0.000000, 0.000000, 1.000000, 0.551589, -0.309085, 0.774736, 0.255337, -0.416519, 0.702655, 0.576878, -0.027736, -0.722677, -0.640891, 0.258837, 0.175813, 0.000000, 0.000000, 0.000000, 1.000000, -0.003933, 0.099368, -0.995043, 0.142164, -0.998758, -0.049822, -0.001027, -0.015730, -0.049677, 0.993803, 0.099441, 0.023895, 0.000000, 0.000000, 0.000000, 1.000000
-29.4738, 27.7243, 24.2013, 233.3284, 255.3245, -27.7246, 175.8350, 142.1573, -15.7463, 23.8945, 0.416672, -0.702656, -0.576766, 0.027724, 0.722680, 0.640928, -0.258738, 0.024201, 0.551470, -0.309009, 0.774852, 0.233328, 0.000000, 0.000000, 0.000000, 1.000000, 0.551354, -0.309110, 0.774894, 0.255324, -0.416673, 0.702656, 0.576765, -0.027725, -0.722768, -0.640879, 0.258615, 0.175835, 0.000000, 0.000000, 0.000000, 1.000000, -0.003933, 0.099370, -0.995043, 0.142157, -0.998757, -0.049825, -0.001028, -0.015746, -0.049680, 0.993802, 0.099442, 0.023895, 0.000000, 0.000000, 0.000000, 1.000000
-29.4568, 27.7131, 24.1788, 233.3156, 255.3117, -27.7135, 175.8574, 142.1505, -15.7623, 23.8944, 0.416823, -0.702657, -0.576656, 0.027713, 0.722768, 0.640916, -0.258520, 0.024179, 0.551239, -0.309031, 0.775007, 0.233316, 0.000000, 0.000000, 0.000000, 1.000000, 0.551123, -0.309133, 0.775049, 0.255312, -0.416824, 0.702657, 0.576655, -0.027713, -0.722856, -0.640867, 0.258396, 0.175857, 0.000000, 0.000000, 0.000000, 1.000000, -0.003933, 0.099372, -0.995043, 0.142150, -0.998757, -0.049828, -0.001028, -0.015762, -0.049683, 0.993802, 0.099444, 0.023894, 0.000000, 0.000000, 0.000000, 1.000000
-29.4401, 27.7021, 24.1563, 233.3028, 255.2989, -27.7024, 175.8799, 142.1437, -15.7779, 23.8942, 0.416973, -0.702657, -0.576547, 0.027702, 0.722855, 0.640905, -0.258306, 0.024156, 0.551012, -0.309053, 0.775159, 0.233303, 0.000000, 0.000000, 0.000000, 1.000000, 0.550896, -0.309155, 0.775201, 0.255299, -0.416974, 0.702658, 0.576546, -0.027702, -0.722943, -0.640856, 0.258182, 0.175880, 0.000000, 0.000000, 0.000000, 1.000000, -0.003934, 0.099373, -0.995042, 0.142144, -0.998757, -0.049831, -0.001028, -0.015778, -0.049686, 0.993802, 0.099446, 0.023894, 0.000000, 0.000000, 0.000000, 1.000000
-29.4077, 27.6805, 24.1116, 233.2775, 255.2736, -27.6809, 175.9246, 142.1307, -15.8082, 23.8939, 0.417264, -0.702658, -0.576336, 0.027680, 0.723021, 0.640885, -0.257891, 0.024112, 0.550574, -0.309094, 0.775454, 0.233278, 0.000000, 0.000000, 0.000000, 1.000000, 0.550458, -0.309195, 0.775496, 0.255274, -0.417265, 0.702658, 0.576335, -0.027681, -0.723109, -0.640835, 0.257767, 0.175925, 0.000000, 0.000000, 0.000000, 1.000000, -0.003934, 0.099377, -0.995042, 0.142131, -0.998757, -0.049837, -0.001029, -0.015808, -0.049692, 0.993801, 0.099449, 0.023894, 0.000000, 0.000000, 0.000000, 1.000000
-29.3998, 27.6752, 24.1005, 233.2713, 255.2674, -27.6756, 175.9356, 142.1275, -15.8155, 23.8939, 0.417335, -0.702658, -0.576284, 0.027675, 0.723061, 0.640880, -0.257791, 0.024101, 0.550468, -0.309104, 0.775526, 0.233271, 0.000000, 0.000000, 0.000000, 1.000000, 0.550352, -0.309205, 0.775568, 0.255267, -0.417336, 0.702658, 0.576283, -0.027676, -0.723149, -0.640831, 0.257667, 0.175936, 0.000000, 0.000000, 0.000000, 1.000000, -0.003934, 0.099378, -0.995042, 0.142128, -0.998757, -0.049838, -0.001029, -0.015815, -0.049694, 0.993801, 0.099450, 0.023894, 0.000000, 0.000000, 0.000000, 1.000000
-29.3842, 27.6657, 24.0848, 233.2617, 255.2578, -27.6660, 175.9513, 142.1208, -15.8312, 23.8937, 0.417473, -0.702660, -0.576181, 0.027666, 0.723151, 0.640863, -0.257580, 0.024085, 0.550244, -0.309133, 0.775672, 0.233262, 0.000000, 0.000000, 0.000000, 1.000000, 0.550128, -0.309235, 0.775715, 0.255258, -0.417474, 0.702661, 0.576180, -0.027666, -0.723239, -0.640813, 0.257456, 0.175951, 0.000000, 0.000000, 0.000000, 1.000000, -0.003934, 0.099379, -0.995042, 0.142121, -0.998757, -0.049841, -0.001029, -0.015831, -0.049696, 0.993801, 0.099452, 0.023894, 0.000000, 0.000000, 0.000000, 1.000000
-29.3766, 27.6609, 24.0768, 233.2569, 255.2530, -27.6613, 175.9592, 142.1175, -15.8389, 23.8937, 0.417541, -0.702661, -0.576131, 0.027661, 0.723195, 0.640855, -0.257477, 0.024077, 0.550135, -0.309148, 0.775744, 0.233257, 0.000000, 0.000000, 0.000000, 1.000000, 0.550018, -0.309249, 0.775786, 0.255253, -0.417542, 0.702662, 0.576130, -0.027661, -0.723283, -0.640805, 0.257352, 0.175959, 0.000000, 0.000000, 0.000000, 1.000000, -0.003934, 0.099380, -0.995042, 0.142118, -0.998757, -0.049843, -0.001029, -0.015839, -0.049698, 0.993800, 0.099452, 0.023894, 0.000000, 0.000000, 0.000000, 1.000000
-29.3540, 27.6468, 24.0525, 233.2424, 255.2385, -27.6472, 175.9834, 142.1079, -15.8613, 23.8935, 0.417741, -0.702664, -0.575982, 0.027647, 0.723322, 0.640832, -0.257175, 0.024052, 0.549815, -0.309188, 0.775955, 0.233242, 0.000000, 0.000000, 0.000000, 1.000000, 0.549698, -0.309290, 0.775997, 0.255238, -0.417742, 0.702665, 0.575981, -0.027647, -0.723411, -0.640782, 0.257050, 0.175983, 0.000000, 0.000000, 0.000000, 1.000000, -0.003934, 0.099382, -0.995042, 0.142108, -0.998756, -0.049847, -0.001030, -0.015861, -0.049702, 0.993800, 0.099455, 0.023894, 0.000000, 0.000000, 0.000000, 1.000000
-29.3466, 27.6422, 24.0442, 233.2375, 255.2336, -27.6425, 175.9916, 142.1048, -15.8686, 23.8935, 0.417807, -0.702665, -0.575933, 0.027642, 0.723364, 0.640825, -0.257076, 0.024044, 0.549711, -0.309201, 0.776024, 0.233237, 0.000000, 0.000000, 0.000000, 1.000000, 0.549593, -0.309303, 0.776066, 0.255234, -0.417808, 0.702666, 0.575932, -0.027643, -0.723453, -0.640775, 0.256951, 0.175992, 0.000000, 0.000000, 0.000000, 1.000000, -0.003934, 0.099383, -0.995041, 0.142105, -0.998756, -0.049848, -0.001030, -0.015869, -0.049703, 0.993800, 0.099456, 0.023893, 0.000000, 0.000000, 0.000000, 1.000000
-29.3246, 27.6282, 24.0186, 233.2226, 255.2186, -27.6285, 176.0171, 142.0955, -15.8901, 23.8933, 0.418003, -0.702667, -0.575788, 0.027628, 0.723485, 0.640805, -0.256785, 0.024019, 0.549402, -0.309237, 0.776228, 0.233223, 0.000000, 0.000000, 0.000000, 1.000000, 0.549284, -0.309340, 0.776270, 0.255219, -0.418004, 0.702668, 0.575787, -0.027629, -0.723574, -0.640755, 0.256659, 0.176017, 0.000000, 0.000000, 0.000000, 1.000000, -0.003934, 0.099385, -0.995041, 0.142095, -0.998756, -0.049852, -0.001030, -0.015890, -0.049708, 0.993799, 0.099458, 0.023893, 0.000000, 0.000000, 0.000000, 1.000000
-29.3100, 27.6188, 24.0010, 233.2124, 255.2085, -27.6192, 176.0346, 142.0894, -15.9041, 23.8932, 0.418133, -0.702668, -0.575693, 0.027619, 0.723564, 0.640793, -0.256594, 0.024001, 0.549200, -0.309260, 0.776362, 0.233212, 0.000000, 0.000000, 0.000000, 1.000000, 0.549082, -0.309363, 0.776404, 0.255208, -0.418134, 0.702669, 0.575691, -0.027619, -0.723653, -0.640743, 0.256468, 0.176035, 0.000000, 0.000000, 0.000000, 1.000000, -0.003934, 0.099387, -0.995041, 0.142089, -0.998756, -0.049855, -0.001030, -0.015904, -0.049710, 0.993799, 0.099459, 0.023893, 0.000000, 0.000000, 0.000000, 1.000000
-29.2956, 27.6094, 23.9830, 233.2021, 255.1981, -27.6098, 176.0525, 142.0834, -15.9180, 23.8931, 0.418262, -0.702669, -0.575598, 0.027609, 0.723641, 0.640781, -0.256405, 0.023983, 0.549000, -0.309282, 0.776495, 0.233202, 0.000000, 0.000000, 0.000000, 1.000000, 0.548882, -0.309385, 0.776537, 0.255198, -0.418263, 0.702670, 0.575597, -0.027610, -0.723730, -0.640731, 0.256278, 0.176053, 0.000000, 0.000000, 0.000000, 1.000000, -0.003935, 0.099388, -0.995041, 0.142083, -0.998756, -0.049858, -0.001031, -0.015918, -0.049713, 0.993799, 0.099461, 0.023893, 0.000000, 0.000000, 0.000000, 1.000000
-29.2812, 27.6000, 23.9646, 233.1916, 255.1877, -27.6004, 176.0708, 142.0775, -15.9317, 23.8930, 0.418391, -0.702670, -0.575503, 0.027600, 0.723717, 0.640771, -0.256217, 0.023965, 0.548802, -0.309302, 0.776626, 0.233192, 0.000000, 0.000000, 0.000000, 1.000000, 0.548683, -0.309406, 0.776669, 0.255188, -0.418392, 0.702670, 0.575502, -0.027600, -0.723806, -0.640720, 0.256091, 0.176071, 0.000000, 0.000000, 0.000000, 1.000000, -0.003935, 0.099390, -0.995041, 0.142077, -0.998756, -0.049860, -0.001031, -0.015932, -0.049716, 0.993799, 0.099462, 0.023893, 0.000000, 0.000000, 0.000000, 1.000000
-29.2669, 27.5906, 23.9460, 233.1811, 255.1771, -27.5910, 176.0894, 142.0716, -15.9452, 23.8929, 0.418519, -0.702670, -0.575410, 0.027591, 0.723791, 0.640760, -0.256032, 0.023946, 0.548606, -0.309322, 0.776757, 0.233181, 0.000000, 0.000000, 0.000000, 1.000000, 0.548487, -0.309426, 0.776799, 0.255177, -0.418519, 0.702671, 0.575409, -0.027591, -0.723881, -0.640710, 0.255905, 0.176089, 0.000000, 0.000000, 0.000000, 1.000000, -0.003935, 0.099391, -0.995041, 0.142072, -0.998756, -0.049863, -0.001031, -0.015945, -0.049718, 0.993798, 0.099464, 0.023893, 0.000000, 0.000000, 0.000000, 1.000000
-29.2382, 27.5716, 23.9078, 233.1595, 255.1555, -27.5720, 176.1275, 142.0599, -15.9721, 23.8927, 0.418775, -0.702671, -0.575222, 0.027572, 0.723939, 0.640741, -0.255663, 0.023908, 0.548216, -0.309360, 0.777017, 0.233159, 0.000000, 0.000000, 0.000000, 1.000000, 0.548096, -0.309464, 0.777060, 0.255156, -0.418776, 0.702672, 0.575221, -0.027572, -0.724028, -0.640691, 0.255536, 0.176128, 0.000000, 0.000000, 0.000000, 1.000000, -0.003935, 0.099394, -0.995040, 0.142060, -0.998755, -0.049868, -0.001032, -0.015972, -0.049724, 0.993798, 0.099467, 0.023893, 0.000000, 0.000000, 0.000000, 1.000000
-29.2311, 27.5669, 23.8981, 233.1540, 255.1501, -27.5672, 176.1372, 142.0569, -15.9788, 23.8926, 0.418839, -0.702671, -0.575176, 0.027567, 0.723975, 0.640737, -0.255571, 0.023898, 0.548119, -0.309370, 0.777082, 0.233154, 0.000000, 0.000000, 0.000000, 1.000000, 0.547999, -0.309474, 0.777125, 0.255150, -0.418840, 0.702672, 0.575174, -0.027567, -0.724065, -0.640686, 0.255444, 0.176137, 0.000000, 0.000000, 0.000000, 1.000000, -0.003935, 0.099395, -0.995040, 0.142057, -0.998755, -0.049870, -0.001032, -0.015979, -0.049725, 0.993798, 0.099468, 0.023893, 0.000000, 0.000000, 0.000000, 1.000000
-29.2097, 27.5526, 23.8687, 233.1376, 255.1336, -27.5529, 176.1664, 142.0482, -15.9987, 23.8925, 0.419031, -0.702671, -0.575036, 0.027553, 0.724083, 0.640724, -0.255296, 0.023869, 0.547829, -0.309397, 0.777276, 0.233138, 0.000000, 0.000000, 0.000000, 1.000000, 0.547709, -0.309501, 0.777319, 0.255134, -0.419032, 0.702672, 0.575035, -0.027553, -0.724173, -0.640673, 0.255169, 0.176166, 0.000000, 0.000000, 0.000000, 1.000000, -0.003935, 0.099397, -0.995040, 0.142048, -0.998755, -0.049874, -0.001032, -0.015999, -0.049729, 0.993797, 0.099470, 0.023892, 0.000000, 0.000000, 0.000000, 1.000000
-29.1954, 27.5430, 23.8490, 233.1265, 255.1226, -27.5434, 176.1861, 142.0424, -16.0120, 23.8924, 0.419159, -0.702671, -0.574942, 0.027543, 0.724155, 0.640715, -0.255114, 0.023849, 0.547635, -0.309415, 0.777405, 0.233127, 0.000000, 0.000000, 0.000000, 1.000000, 0.547516, -0.309519, 0.777448, 0.255123, -0.419160, 0.702672, 0.574941, -0.027543, -0.724245, -0.640664, 0.254986, 0.176186, 0.000000, 0.000000, 0.000000, 1.000000, -0.003935, 0.099399, -0.995040, 0.142042, -0.998755, -0.049876, -0.001032, -0.016012, -0.049731, 0.993797, 0.099471, 0.023892, 0.000000, 0.000000, 0.000000, 1.000000
-29.1811, 27.5334, 23.8292, 233.1154, 255.1114, -27.5338, 176.2059, 142.0366, -16.0252, 23.8923, 0.419288, -0.702671, -0.574849, 0.027533, 0.724227, 0.640707, -0.254930, 0.023829, 0.547442, -0.309432, 0.777534, 0.233115, 0.000000, 0.000000, 0.000000, 1.000000, 0.547322, -0.309537, 0.777577, 0.255111, -0.419288, 0.702672, 0.574848, -0.027534, -0.724318, -0.640656, 0.254803, 0.176206, 0.000000, 0.000000, 0.000000, 1.000000, -0.003936, 0.099400, -0.995040, 0.142037, -0.998755, -0.049879, -0.001032, -0.016025, -0.049734, 0.993797, 0.099473, 0.023892, 0.000000, 0.000000, 0.000000, 1.000000
-29.1668, 27.5238, 23.8092, 233.1042, 255.1003, -27.5241, 176.2258, 142.0308, -16.0386, 23.8922, 0.419416, -0.702671, -0.574755, 0.027524, 0.724300, 0.640698, -0.254747, 0.023809, 0.547248, -0.309450, 0.777664, 0.233104, 0.000000, 0.000000, 0.000000, 1.000000, 0.547128, -0.309554, 0.777707, 0.255100, -0.419417, 0.702671, 0.574754, -0.027524, -0.724390, -0.640647, 0.254618, 0.176226, 0.000000, 0.000000, 0.000000, 1.000000, -0.003936, 0.099402, -0.995040, 0.142031, -0.998755, -0.049882, -0.001033, -0.016039, -0.049737, 0.993796, 0.099474, 0.023892, 0.000000, 0.000000, 0.000000, 1.000000
-29.1596, 27.5189, 23.7992, 233.0987, 255.0947, -27.5193, 176.2358, 142.0278, -16.0453, 23.8921, 0.419481, -0.702671, -0.574708, 0.027519, 0.724336, 0.640694, -0.254654, 0.023799, 0.547150, -0.309459, 0.777729, 0.233099, 0.000000, 0.000000, 0.000000, 1.000000, 0.547030, -0.309563, 0.777772, 0.255095, -0.419482, 0.702671, 0.574707, -0.027519, -0.724426, -0.640643, 0.254526, 0.176236, 0.000000, 0.000000, 0.000000, 1.000000, -0.003936, 0.099402, -0.995040, 0.142028, -0.998755, -0.049883, -0.001033, -0.016045, -0.049738, 0.993796, 0.099475, 0.023892, 0.000000, 0.000000, 0.000000, 1.000000
-29.1378, 27.5043, 23.7691, 233.0818, 255.0778, -27.5047, 176.2659, 142.0190, -16.0655, 23.8920, 0.419677, -0.702671, -0.574565, 0.027504, 0.724445, 0.640681, -0.254375, 0.023769, 0.546855, -0.309486, 0.777925, 0.233082, 0.000000, 0.000000, 0.000000, 1.000000, 0.546735, -0.309591, 0.777968, 0.255078, -0.419677, 0.702671, 0.574564, -0.027505, -0.724536, -0.640630, 0.254247, 0.176266, 0.000000, 0.000000, 0.000000, 1.000000, -0.003936, 0.099405, -0.995039, 0.142019, -0.998754, -0.049887, -0.001033, -0.016065, -0.049742, 0.993796, 0.099477, 0.023892, 0.000000, 0.000000, 0.000000, 1.000000
-29.1231, 27.4945, 23.7490, 233.0705, 255.0665, -27.4948, 176.2860, 142.0130, -16.0791, 23.8919, 0.419808, -0.702671, -0.574469, 0.027494, 0.724519, 0.640672, -0.254187, 0.023749, 0.546657, -0.309504, 0.778058, 0.233070, 0.000000, 0.000000, 0.000000, 1.000000, 0.546536, -0.309609, 0.778101, 0.255067, -0.419809, 0.702671, 0.574468, -0.027495, -0.724609, -0.640621, 0.254059, 0.176286, 0.000000, 0.000000, 0.000000, 1.000000, -0.003936, 0.099406, -0.995039, 0.142013, -0.998754, -0.049890, -0.001033, -0.016079, -0.049745, 0.993795, 0.099479, 0.023892, 0.000000, 0.000000, 0.000000, 1.000000
-29.1084, 27.4846, 23.7288, 233.0592, 255.0552, -27.4849, 176.3061, 142.0069, -16.0929, 23.8918, 0.419940, -0.702671, -0.574373, 0.027485, 0.724594, 0.640663, -0.253997, 0.023729, 0.546456, -0.309523, 0.778191, 0.233059, 0.000000, 0.000000, 0.000000, 1.000000, 0.546336, -0.309628, 0.778234, 0.255055, -0.419941, 0.702671, 0.574372, -0.027485, -0.724684, -0.640612, 0.253869, 0.176306, 0.000000, 0.000000, 0.000000, 1.000000, -0.003936, 0.099408, -0.995039, 0.142007, -0.998754, -0.049892, -0.001033, -0.016093, -0.049748, 0.993795, 0.099480, 0.023892, 0.000000, 0.000000, 0.000000, 1.000000
-29.0935, 27.4746, 23.7086, 233.0478, 255.0439, -27.4750, 176.3263, 142.0008, -16.1068, 23.8917, 0.420074, -0.702671, -0.574275, 0.027475, 0.724669, 0.640654, -0.253805, 0.023709, 0.546253, -0.309542, 0.778326, 0.233048, 0.000000, 0.000000, 0.000000, 1.000000, 0.546133, -0.309647, 0.778369, 0.255044, -0.420075, 0.702671, 0.574274, -0.027475, -0.724759, -0.640603, 0.253677, 0.176326, 0.000000, 0.000000, 0.000000, 1.000000, -0.003937, 0.099409, -0.995039, 0.142001, -0.998754, -0.049895, -0.001034, -0.016107, -0.049750, 0.993795, 0.099482, 0.023892, 0.000000, 0.000000, 0.000000, 1.000000
-29.0785, 27.4646, 23.6885, 233.0365, 255.0325, -27.4650, 176.3464, 141.9946, -16.1208, 23.8916, 0.420208, -0.702671, -0.574177, 0.027465, 0.724745, 0.640644, -0.253612, 0.023689, 0.546049, -0.309562, 0.778461, 0.233037, 0.000000, 0.000000, 0.000000, 1.000000, 0.545928, -0.309667, 0.778504, 0.255033, -0.420209, 0.702671, 0.574175, -0.027465, -0.724836, -0.640593, 0.253483, 0.176346, 0.000000, 0.000000, 0.000000, 1.000000, -0.003937, 0.099411, -0.995039, 0.141995, -0.998754, -0.049898, -0.001034, -0.016121, -0.049753, 0.993795, 0.099483, 0.023892, 0.000000, 0.000000, 0.000000, 1.000000
