# Joint_5_Angle(deg), Cam_X(mm), Cam_Y(mm), Cam_Z(mm), Torso_X(mm), Torso_Y(mm), Torso_Z(mm), EE_X(mm), EE_Y(mm), EE_Z(mm), T_cam2marker_flat(16), T_torso2marker_flat(16), T_ee2marker_flat(16)
-29.9984, 48.1997, 41.3891, 136.3658, 158.3587, -48.2000, 158.6610, 159.6576, 46.5869, 24.3193, 0.562916, 0.790340, -0.241843, 0.048200, -0.826443, 0.534385, -0.177273, 0.041389, -0.010869, 0.299660, 0.953984, 0.136366, 0.000000, 0.000000, 0.000000, 1.000000, -0.010728, 0.299566, 0.954015, 0.158359, -0.562916, -0.790341, 0.241842, -0.048200, 0.826444, -0.534436, 0.177109, 0.158661, 0.000000, 0.000000, 0.000000, 1.000000, -0.064204, -0.042596, -0.997027, 0.159658, -0.997932, -0.000322, 0.064276, 0.046587, -0.003059, 0.999092, -0.042488, 0.024319, 0.000000, 0.000000, 0.000000, 1.000000
-29.9985, 48.1998, 41.3902, 136.3661, 158.3590, -48.2000, 158.6598, 159.6575, 46.5871, 24.3193, 0.562915, 0.790340, -0.241846, 0.048200, -0.826443, 0.534384, -0.177271, 0.041390, -0.010866, 0.299660, 0.953984, 0.136366, 0.000000, 0.000000, 0.000000, 1.000000, -0.010725, 0.299567, 0.954015, 0.158359, -0.562915, -0.790340, 0.241844, -0.048200, 0.826445, -0.534436, 0.177107, 0.158660, 0.000000, 0.000000, 0.000000, 1.000000, -0.064204, -0.042597, -0.997027, 0.159657, -0.997932, -0.000321, 0.064276, 0.046587, -0.003058, 0.999092, -0.042488, 0.024319, 0.000000, 0.000000, 0.000000, 1.000000
-29.9988, 48.2000, 41.3921, 136.3666, 158.3594, -48.2002, 158.6579, 159.6573, 46.5874, 24.3191, 0.562914, 0.790340, -0.241850, 0.048200, -0.826444, 0.534384, -0.177267, 0.041392, -0.010861, 0.299661, 0.953984, 0.136367, 0.000000, 0.000000, 0.000000, 1.000000, -0.010720, 0.299568, 0.954015, 0.158359, -0.562914, -0.790340, 0.241848, -0.048200, 0.826446, -0.534436, 0.177103, 0.158658, 0.000000, 0.000000, 0.000000, 1.000000, -0.064204, -0.042597, -0.997027, 0.159657, -0.997932, -0.000321, 0.064276, 0.046587, -0.003058, 0.999092, -0.042488, 0.024319, 0.000000, 0.000000, 0.000000, 1.000000
-29.9991, 48.2003, 41.3936, 136.3668, 158.3596, -48.2005, 158.6565, 159.6572, 46.5877, 24.3190, 0.562913, 0.790339, -0.241853, 0.048200, -0.826445, 0.534384, -0.177265, 0.041394, -0.010857, 0.299663, 0.953983, 0.136367, 0.000000, 0.000000, 0.000000, 1.000000, -0.010716, 0.299570, 0.954014, 0.158360, -0.562913, -0.790340, 0.241852, -0.048200, 0.826447, -0.534435, 0.177102, 0.158656, 0.000000, 0.000000, 0.000000, 1.000000, -0.064204, -0.042597, -0.997027, 0.159657, -0.997932, -0.000321, 0.064276, 0.046588, -0.003058, 0.999092, -0.042488, 0.024319, 0.000000, 0.000000, 0.000000, 1.000000
-29.9992, 48.2004, 41.3942, 136.3668, 158.3596, -48.2006, 158.6559, 159.6572, 46.5877, 24.3189, 0.562913, 0.790339, -0.241855, 0.048200, -0.826445, 0.534383, -0.177265, 0.041394, -0.010856, 0.299665, 0.953983, 0.136367, 0.000000, 0.000000, 0.000000, 1.000000, -0.010715, 0.299572, 0.954014, 0.158360, -0.562912, -0.790339, 0.241854, -0.048201, 0.826447, -0.534435, 0.177101, 0.158656, 0.000000, 0.000000, 0.000000, 1.000000, -0.064204, -0.042597, -0.997027, 0.159657, -0.997932, -0.000321, 0.064276, 0.046588, -0.003058, 0.999092, -0.042488, 0.024319, 0.000000, 0.000000, 0.000000, 1.000000
-29.9995, 48.2008, 41.3951, 136.3667, 158.3596, -48.2010, 158.6550, 159.6572, 46.5878, 24.3187, 0.562912, 0.790338, -0.241859, 0.048201, -0.826446, 0.534382, -0.177265, 0.041395, -0.010854, 0.299668, 0.953982, 0.136367, 0.000000, 0.000000, 0.000000, 1.000000, -0.010714, 0.299575, 0.954013, 0.158360, -0.562912, -0.790339, 0.241857, -0.048201, 0.826447, -0.534434, 0.177102, 0.158655, 0.000000, 0.000000, 0.000000, 1.000000, -0.064203, -0.042597, -0.997027, 0.159657, -0.997932, -0.000321, 0.064275, 0.046588, -0.003057, 0.999092, -0.042488, 0.024319, 0.000000, 0.000000, 0.000000, 1.000000
-29.9997, 48.2012, 41.3956, 136.3665, 158.3593, -48.2014, 158.6545, 159.6573, 46.5879, 24.3184, 0.562911, 0.790338, -0.241862, 0.048201, -0.826446, 0.534382, -0.177267, 0.041396, -0.010854, 0.299671, 0.953981, 0.136366, 0.000000, 0.000000, 0.000000, 1.000000, -0.010714, 0.299578, 0.954012, 0.158359, -0.562911, -0.790338, 0.241860, -0.048201, 0.826448, -0.534433, 0.177103, 0.158654, 0.000000, 0.000000, 0.000000, 1.000000, -0.064203, -0.042597, -0.997027, 0.159657, -0.997932, -0.000320, 0.064275, 0.046588, -0.003057, 0.999092, -0.042488, 0.024318, 0.000000, 0.000000, 0.000000, 1.000000
-29.9998, 48.2013, 41.3957, 136.3663, 158.3592, -48.2016, 158.6544, 159.6574, 46.5878, 24.3183, 0.562911, 0.790337, -0.241863, 0.048201, -0.826446, 0.534381, -0.177268, 0.041396, -0.010854, 0.299673, 0.953980, 0.136366, 0.000000, 0.000000, 0.000000, 1.000000, -0.010714, 0.299580, 0.954011, 0.158359, -0.562911, -0.790338, 0.241861, -0.048202, 0.826448, -0.534432, 0.177105, 0.158654, 0.000000, 0.000000, 0.000000, 1.000000, -0.064203, -0.042597, -0.997027, 0.159657, -0.997932, -0.000320, 0.064275, 0.046588, -0.003057, 0.999092, -0.042488, 0.024318, 0.000000, 0.000000, 0.000000, 1.000000
-29.9999, 48.2015, 41.3957, 136.3662, 158.3590, -48.2018, 158.6544, 159.6574, 46.5878, 24.3182, 0.562911, 0.790337, -0.241864, 0.048202, -0.826446, 0.534381, -0.177269, 0.041396, -0.010855, 0.299675, 0.953980, 0.136366, 0.000000, 0.000000, 0.000000, 1.000000, -0.010715, 0.299582, 0.954010, 0.158359, -0.562911, -0.790338, 0.241862, -0.048202, 0.826448, -0.534432, 0.177106, 0.158654, 0.000000, 0.000000, 0.000000, 1.000000, -0.064203, -0.042597, -0.997027, 0.159657, -0.997932, -0.000320, 0.064275, 0.046588, -0.003057, 0.999092, -0.042488, 0.024318, 0.000000, 0.000000, 0.000000, 1.000000
-30.0000, 48.2017, 41.3954, 136.3658, 158.3587, -48.2020, 158.6547, 159.6575, 46.5877, 24.3181, 0.562911, 0.790337, -0.241865, 0.048202, -0.826446, 0.534380, -0.177272, 0.041395, -0.010857, 0.299677, 0.953979, 0.136366, 0.000000, 0.000000, 0.000000, 1.000000, -0.010716, 0.299584, 0.954010, 0.158359, -0.562911, -0.790337, 0.241863, -0.048202, 0.826448, -0.534431, 0.177109, 0.158655, 0.000000, 0.000000, 0.000000, 1.000000, -0.064203, -0.042597, -0.997027, 0.159658, -0.997932, -0.000320, 0.064275, 0.046588, -0.003057, 0.999092, -0.042488, 0.024318, 0.000000, 0.000000, 0.000000, 1.000000
-29.9999, 48.2017, 41.3946, 136.3656, 158.3585, -48.2019, 158.6556, 159.6576, 46.5876, 24.3181, 0.562912, 0.790337, -0.241863, 0.048202, -0.826446, 0.534379, -0.177274, 0.041395, -0.010859, 0.299676, 0.953979, 0.136366, 0.000000, 0.000000, 0.000000, 1.000000, -0.010719, 0.299584, 0.954010, 0.158358, -0.562912, -0.790338, 0.241861, -0.048202, 0.826448, -0.534431, 0.177111, 0.158656, 0.000000, 0.000000, 0.000000, 1.000000, -0.064203, -0.042597, -0.997027, 0.159658, -0.997932, -0.000320, 0.064275, 0.046588, -0.003057, 0.999092, -0.042488, 0.024318, 0.000000, 0.000000, 0.000000, 1.000000
-29.9995, 48.2012, 41.3932, 136.3657, 158.3586, -48.2014, 158.6570, 159.6576, 46.5874, 24.3184, 0.562912, 0.790339, -0.241858, 0.048201, -0.826446, 0.534380, -0.177274, 0.041393, -0.010863, 0.299672, 0.953980, 0.136366, 0.000000, 0.000000, 0.000000, 1.000000, -0.010722, 0.299579, 0.954011, 0.158359, -0.562912, -0.790339, 0.241856, -0.048201, 0.826447, -0.534431, 0.177111, 0.158657, 0.000000, 0.000000, 0.000000, 1.000000, -0.064203, -0.042597, -0.997027, 0.159658, -0.997932, -0.000320, 0.064275, 0.046587, -0.003057, 0.999092, -0.042488, 0.024318, 0.000000, 0.000000, 0.000000, 1.000000
-29.9992, 48.2007, 41.3922, 136.3660, 158.3588, -48.2009, 158.6580, 159.6576, 46.5873, 24.3186, 0.562912, 0.790340, -0.241853, 0.048201, -0.826445, 0.534380, -0.177273, 0.041392, -0.010864, 0.299668, 0.953982, 0.136366, 0.000000, 0.000000, 0.000000, 1.000000, -0.010724, 0.299575, 0.954012, 0.158359, -0.562912, -0.790340, 0.241852, -0.048201, 0.826447, -0.534431, 0.177110, 0.158658, 0.000000, 0.000000, 0.000000, 1.000000, -0.064204, -0.042597, -0.997027, 0.159658, -0.997932, -0.000321, 0.064276, 0.046587, -0.003058, 0.999092, -0.042488, 0.024319, 0.000000, 0.000000, 0.000000, 1.000000
-29.9983, 48.1992, 41.3898, 136.3668, 158.3597, -48.1994, 158.6604, 159.6574, 46.5872, 24.3194, 0.562913, 0.790343, -0.241840, 0.048199, -0.826445, 0.534382, -0.177269, 0.041390, -0.010868, 0.299655, 0.953986, 0.136367, 0.000000, 0.000000, 0.000000, 1.000000, -0.010728, 0.299562, 0.954017, 0.158360, -0.562913, -0.790344, 0.241839, -0.048199, 0.826447, -0.534433, 0.177106, 0.158660, 0.000000, 0.000000, 0.000000, 1.000000, -0.064204, -0.042597, -0.997027, 0.159657, -0.997932, -0.000322, 0.064276, 0.046587, -0.003059, 0.999092, -0.042488, 0.024319, 0.000000, 0.000000, 0.000000, 1.000000
-29.9968, 48.1968, 41.3865, 136.3684, 158.3612, -48.1970, 158.6637, 159.6571, 46.5870, 24.3207, 0.562913, 0.790349, -0.241821, 0.048197, -0.826445, 0.534386, -0.177260, 0.041386, -0.010872, 0.299634, 0.953992, 0.136368, 0.000000, 0.000000, 0.000000, 1.000000, -0.010732, 0.299541, 0.954023, 0.158361, -0.562913, -0.790350, 0.241819, -0.048197, 0.826446, -0.534437, 0.177098, 0.158664, 0.000000, 0.000000, 0.000000, 1.000000, -0.064205, -0.042597, -0.997027, 0.159657, -0.997932, -0.000323, 0.064277, 0.046587, -0.003060, 0.999092, -0.042488, 0.024321, 0.000000, 0.000000, 0.000000, 1.000000
-29.9948, 48.1934, 41.3823, 136.3708, 158.3637, -48.1936, 158.6680, 159.6566, 46.5868, 24.3225, 0.562914, 0.790357, -0.241793, 0.048193, -0.826444, 0.534391, -0.177247, 0.041382, -0.010876, 0.299603, 0.954002, 0.136371, 0.000000, 0.000000, 0.000000, 1.000000, -0.010736, 0.299511, 0.954033, 0.158364, -0.562914, -0.790358, 0.241792, -0.048194, 0.826446, -0.534442, 0.177084, 0.158668, 0.000000, 0.000000, 0.000000, 1.000000, -0.064206, -0.042597, -0.997027, 0.159657, -0.997932, -0.000326, 0.064279, 0.046587, -0.003063, 0.999092, -0.042488, 0.024323, 0.000000, 0.000000, 0.000000, 1.000000
-29.9936, 48.1912, 41.3798, 136.3724, 158.3652, -48.1915, 158.6704, 159.6562, 46.5868, 24.3237, 0.562914, 0.790362, -0.241776, 0.048191, -0.826444, 0.534394, -0.177238, 0.041380, -0.010878, 0.299584, 0.954008, 0.136372, 0.000000, 0.000000, 0.000000, 1.000000, -0.010738, 0.299492, 0.954038, 0.158365, -0.562914, -0.790363, 0.241775, -0.048191, 0.826446, -0.534445, 0.177075, 0.158670, 0.000000, 0.000000, 0.000000, 1.000000, -0.064207, -0.042597, -0.997027, 0.159656, -0.997932, -0.000327, 0.064279, 0.046587, -0.003064, 0.999092, -0.042488, 0.024324, 0.000000, 0.000000, 0.000000, 1.000000
-29.9922, 48.1888, 41.3771, 136.3742, 158.3671, -48.1890, 158.6731, 159.6558, 46.5867, 24.3250, 0.562914, 0.790368, -0.241757, 0.048189, -0.826444, 0.534398, -0.177227, 0.041377, -0.010880, 0.299562, 0.954015, 0.136374, 0.000000, 0.000000, 0.000000, 1.000000, -0.010740, 0.299470, 0.954045, 0.158367, -0.562914, -0.790368, 0.241755, -0.048189, 0.826446, -0.534449, 0.177064, 0.158673, 0.000000, 0.000000, 0.000000, 1.000000, -0.064208, -0.042597, -0.997027, 0.159656, -0.997932, -0.000329, 0.064280, 0.046587, -0.003066, 0.999092, -0.042487, 0.024325, 0.000000, 0.000000, 0.000000, 1.000000
-29.9888, 48.1828, 41.3709, 136.3788, 158.3717, -48.1830, 158.6794, 159.6547, 46.5867, 24.3282, 0.562915, 0.790381, -0.241711, 0.048183, -0.826443, 0.534408, -0.177200, 0.041371, -0.010883, 0.299509, 0.954031, 0.136379, 0.000000, 0.000000, 0.000000, 1.000000, -0.010744, 0.299417, 0.954062, 0.158372, -0.562915, -0.790382, 0.241709, -0.048183, 0.826445, -0.534459, 0.177038, 0.158679, 0.000000, 0.000000, 0.000000, 1.000000, -0.064210, -0.042597, -0.997027, 0.159655, -0.997932, -0.000333, 0.064283, 0.046587, -0.003070, 0.999092, -0.042487, 0.024328, 0.000000, 0.000000, 0.000000, 1.000000
-29.9868, 48.1793, 41.3674, 136.3815, 158.3744, -48.1795, 158.6829, 159.6540, 46.5867, 24.3301, 0.562915, 0.790390, -0.241684, 0.048179, -0.826443, 0.534413, -0.177183, 0.041367, -0.010885, 0.299477, 0.954041, 0.136382, 0.000000, 0.000000, 0.000000, 1.000000, -0.010745, 0.299385, 0.954072, 0.158374, -0.562915, -0.790390, 0.241682, -0.048180, 0.826445, -0.534464, 0.177021, 0.158683, 0.000000, 0.000000, 0.000000, 1.000000, -0.064211, -0.042597, -0.997027, 0.159654, -0.997932, -0.000335, 0.064284, 0.046587, -0.003072, 0.999092, -0.042487, 0.024330, 0.000000, 0.000000, 0.000000, 1.000000
-29.9795, 48.1663, 41.3550, 136.3918, 158.3847, -48.1666, 158.6953, 159.6515, 46.5867, 24.3371, 0.562915, 0.790419, -0.241586, 0.048166, -0.826443, 0.534435, -0.177122, 0.041355, -0.010889, 0.299361, 0.954078, 0.136392, 0.000000, 0.000000, 0.000000, 1.000000, -0.010749, 0.299269, 0.954108, 0.158385, -0.562915, -0.790420, 0.241584, -0.048167, 0.826445, -0.534485, 0.176960, 0.158695, 0.000000, 0.000000, 0.000000, 1.000000, -0.064216, -0.042597, -0.997026, 0.159652, -0.997931, -0.000343, 0.064289, 0.046587, -0.003081, 0.999092, -0.042487, 0.024337, 0.000000, 0.000000, 0.000000, 1.000000
-29.9735, 48.1556, 41.3453, 136.4005, 158.3934, -48.1558, 158.7050, 159.6494, 46.5869, 24.3429, 0.562916, 0.790444, -0.241505, 0.048156, -0.826443, 0.534452, -0.177069, 0.041345, -0.010890, 0.299265, 0.954108, 0.136401, 0.000000, 0.000000, 0.000000, 1.000000, -0.010751, 0.299173, 0.954138, 0.158393, -0.562916, -0.790444, 0.241504, -0.048156, 0.826444, -0.534503, 0.176908, 0.158705, 0.000000, 0.000000, 0.000000, 1.000000, -0.064220, -0.042597, -0.997026, 0.159649, -0.997931, -0.000350, 0.064293, 0.046587, -0.003087, 0.999092, -0.042486, 0.024343, 0.000000, 0.000000, 0.000000, 1.000000
-29.9701, 48.1496, 41.3400, 136.4055, 158.3984, -48.1498, 158.7104, 159.6482, 46.5870, 24.3461, 0.562916, 0.790457, -0.241460, 0.048150, -0.826443, 0.534462, -0.177039, 0.041340, -0.010891, 0.299211, 0.954125, 0.136405, 0.000000, 0.000000, 0.000000, 1.000000, -0.010752, 0.299119, 0.954155, 0.158398, -0.562916, -0.790458, 0.241458, -0.048150, 0.826444, -0.534513, 0.176878, 0.158710, 0.000000, 0.000000, 0.000000, 1.000000, -0.064222, -0.042597, -0.997026, 0.159648, -0.997931, -0.000354, 0.064295, 0.046587, -0.003091, 0.999092, -0.042486, 0.024346, 0.000000, 0.000000, 0.000000, 1.000000
-29.9627, 48.1361, 41.3283, 136.4166, 158.4095, -48.1364, 158.7221, 159.6455, 46.5872, 24.3534, 0.562916, 0.790488, -0.241360, 0.048136, -0.826443, 0.534484, -0.176972, 0.041328, -0.010891, 0.299090, 0.954163, 0.136417, 0.000000, 0.000000, 0.000000, 1.000000, -0.010752, 0.298999, 0.954193, 0.158410, -0.562916, -0.790489, 0.241358, -0.048136, 0.826444, -0.534535, 0.176811, 0.158722, 0.000000, 0.000000, 0.000000, 1.000000, -0.064226, -0.042597, -0.997026, 0.159645, -0.997931, -0.000362, 0.064300, 0.046587, -0.003100, 0.999092, -0.042486, 0.024353, 0.000000, 0.000000, 0.000000, 1.000000
-29.9585, 48.1287, 41.3220, 136.4228, 158.4157, -48.1289, 158.7284, 159.6439, 46.5874, 24.3574, 0.562916, 0.790505, -0.241305, 0.048129, -0.826443, 0.534497, -0.176935, 0.041322, -0.010891, 0.299024, 0.954183, 0.136423, 0.000000, 0.000000, 0.000000, 1.000000, -0.010752, 0.298932, 0.954214, 0.158416, -0.562915, -0.790505, 0.241303, -0.048129, 0.826445, -0.534547, 0.176773, 0.158728, 0.000000, 0.000000, 0.000000, 1.000000, -0.064229, -0.042598, -0.997026, 0.159644, -0.997930, -0.000367, 0.064303, 0.046587, -0.003105, 0.999092, -0.042486, 0.024357, 0.000000, 0.000000, 0.000000, 1.000000
-29.9496, 48.1124, 41.3084, 136.4364, 158.4293, -48.1127, 158.7421, 159.6406, 46.5878, 24.3662, 0.562915, 0.790542, -0.241184, 0.048112, -0.826443, 0.534524, -0.176852, 0.041308, -0.010890, 0.298878, 0.954229, 0.136436, 0.000000, 0.000000, 0.000000, 1.000000, -0.010752, 0.298786, 0.954260, 0.158429, -0.562915, -0.790543, 0.241183, -0.048113, 0.826445, -0.534574, 0.176691, 0.158742, 0.000000, 0.000000, 0.000000, 1.000000, -0.064234, -0.042598, -0.997025, 0.159641, -0.997930, -0.000377, 0.064309, 0.046588, -0.003115, 0.999092, -0.042485, 0.024366, 0.000000, 0.000000, 0.000000, 1.000000
-29.9447, 48.1035, 41.3010, 136.4439, 158.4368, -48.1038, 158.7494, 159.6387, 46.5881, 24.3710, 0.562915, 0.790562, -0.241119, 0.048104, -0.826443, 0.534538, -0.176806, 0.041301, -0.010889, 0.298798, 0.954254, 0.136444, 0.000000, 0.000000, 0.000000, 1.000000, -0.010751, 0.298706, 0.954285, 0.158437, -0.562915, -0.790563, 0.241117, -0.048104, 0.826445, -0.534589, 0.176645, 0.158749, 0.000000, 0.000000, 0.000000, 1.000000, -0.064237, -0.042598, -0.997025, 0.159639, -0.997930, -0.000382, 0.064312, 0.046588, -0.003121, 0.999092, -0.042485, 0.024371, 0.000000, 0.000000, 0.000000, 1.000000
-29.9341, 48.0843, 41.2854, 136.4601, 158.4531, -48.0846, 158.7650, 159.6347, 46.5887, 24.3813, 0.562914, 0.790606, -0.240977, 0.048084, -0.826444, 0.534570, -0.176707, 0.041285, -0.010887, 0.298625, 0.954308, 0.136460, 0.000000, 0.000000, 0.000000, 1.000000, -0.010748, 0.298534, 0.954339, 0.158453, -0.562914, -0.790606, 0.240975, -0.048085, 0.826445, -0.534621, 0.176546, 0.158765, 0.000000, 0.000000, 0.000000, 1.000000, -0.064244, -0.042598, -0.997025, 0.159635, -0.997929, -0.000394, 0.064319, 0.046589, -0.003133, 0.999092, -0.042485, 0.024381, 0.000000, 0.000000, 0.000000, 1.000000
-29.9225, 48.0632, 41.2685, 136.4782, 158.4711, -48.0634, 158.7820, 159.6302, 46.5893, 24.3928, 0.562913, 0.790654, -0.240821, 0.048063, -0.826444, 0.534606, -0.176597, 0.041268, -0.010883, 0.298435, 0.954368, 0.136478, 0.000000, 0.000000, 0.000000, 1.000000, -0.010745, 0.298343, 0.954398, 0.158471, -0.562913, -0.790654, 0.240820, -0.048063, 0.826446, -0.534656, 0.176437, 0.158782, 0.000000, 0.000000, 0.000000, 1.000000, -0.064251, -0.042599, -0.997024, 0.159630, -0.997929, -0.000408, 0.064327, 0.046589, -0.003147, 0.999092, -0.042485, 0.024393, 0.000000, 0.000000, 0.000000, 1.000000
-29.9163, 48.0519, 41.2595, 136.4879, 158.4808, -48.0521, 158.7910, 159.6278, 46.5897, 24.3989, 0.562913, 0.790680, -0.240738, 0.048052, -0.826445, 0.534625, -0.176538, 0.041260, -0.010881, 0.298333, 0.954400, 0.136488, 0.000000, 0.000000, 0.000000, 1.000000, -0.010743, 0.298241, 0.954430, 0.158481, -0.562913, -0.790680, 0.240737, -0.048052, 0.826446, -0.534675, 0.176378, 0.158791, 0.000000, 0.000000, 0.000000, 1.000000, -0.064255, -0.042599, -0.997024, 0.159628, -0.997929, -0.000415, 0.064331, 0.046590, -0.003154, 0.999092, -0.042484, 0.024399, 0.000000, 0.000000, 0.000000, 1.000000
-29.9098, 48.0400, 41.2502, 136.4980, 158.4910, -48.0403, 158.8003, 159.6252, 46.5901, 24.4053, 0.562912, 0.790706, -0.240652, 0.048040, -0.826445, 0.534644, -0.176477, 0.041250, -0.010878, 0.298226, 0.954433, 0.136498, 0.000000, 0.000000, 0.000000, 1.000000, -0.010740, 0.298135, 0.954463, 0.158491, -0.562912, -0.790707, 0.240650, -0.048040, 0.826447, -0.534694, 0.176316, 0.158800, 0.000000, 0.000000, 0.000000, 1.000000, -0.064259, -0.042599, -0.997024, 0.159625, -0.997928, -0.000422, 0.064335, 0.046590, -0.003161, 0.999092, -0.042484, 0.024405, 0.000000, 0.000000, 0.000000, 1.000000
-29.8888, 48.0017, 41.2204, 136.5310, 158.5240, -48.0020, 158.8301, 159.6170, 46.5915, 24.4260, 0.562910, 0.790793, -0.240371, 0.048002, -0.826447, 0.534708, -0.176275, 0.041220, -0.010869, 0.297881, 0.954541, 0.136531, 0.000000, 0.000000, 0.000000, 1.000000, -0.010731, 0.297790, 0.954571, 0.158524, -0.562910, -0.790794, 0.240369, -0.048002, 0.826448, -0.534758, 0.176115, 0.158830, 0.000000, 0.000000, 0.000000, 1.000000, -0.064272, -0.042600, -0.997023, 0.159617, -0.997927, -0.000446, 0.064349, 0.046592, -0.003186, 0.999092, -0.042483, 0.024426, 0.000000, 0.000000, 0.000000, 1.000000
-29.8736, 47.9739, 41.1990, 136.5552, 158.5482, -47.9741, 158.8516, 159.6109, 46.5926, 24.4411, 0.562908, 0.790856, -0.240167, 0.047974, -0.826448, 0.534755, -0.176128, 0.041199, -0.010861, 0.297629, 0.954620, 0.136555, 0.000000, 0.000000, 0.000000, 1.000000, -0.010724, 0.297538, 0.954650, 0.158548, -0.562908, -0.790857, 0.240165, -0.047974, 0.826450, -0.534805, 0.175968, 0.158852, 0.000000, 0.000000, 0.000000, 1.000000, -0.064281, -0.042601, -0.997022, 0.159611, -0.997927, -0.000463, 0.064359, 0.046593, -0.003203, 0.999092, -0.042483, 0.024441, 0.000000, 0.000000, 0.000000, 1.000000
-29.8574, 47.9442, 41.1765, 136.5810, 158.5740, -47.9445, 158.8742, 159.6045, 46.5938, 24.4571, 0.562906, 0.790924, -0.239950, 0.047944, -0.826449, 0.534804, -0.175971, 0.041176, -0.010853, 0.297362, 0.954703, 0.136581, 0.000000, 0.000000, 0.000000, 1.000000, -0.010716, 0.297271, 0.954733, 0.158574, -0.562906, -0.790924, 0.239949, -0.047944, 0.826451, -0.534854, 0.175811, 0.158874, 0.000000, 0.000000, 0.000000, 1.000000, -0.064291, -0.042602, -0.997021, 0.159604, -0.997926, -0.000481, 0.064370, 0.046594, -0.003222, 0.999092, -0.042482, 0.024457, 0.000000, 0.000000, 0.000000, 1.000000
-29.8490, 47.9288, 41.1647, 136.5945, 158.5875, -47.9290, 158.8859, 159.6011, 46.5944, 24.4655, 0.562905, 0.790959, -0.239837, 0.047929, -0.826450, 0.534830, -0.175888, 0.041165, -0.010848, 0.297222, 0.954747, 0.136594, 0.000000, 0.000000, 0.000000, 1.000000, -0.010711, 0.297131, 0.954777, 0.158587, -0.562905, -0.790959, 0.239836, -0.047929, 0.826452, -0.534880, 0.175729, 0.158886, 0.000000, 0.000000, 0.000000, 1.000000, -0.064296, -0.042602, -0.997021, 0.159601, -0.997926, -0.000491, 0.064375, 0.046594, -0.003232, 0.999092, -0.042482, 0.024466, 0.000000, 0.000000, 0.000000, 1.000000
-29.8314, 47.8965, 41.1405, 136.6227, 158.6157, -47.8968, 158.9102, 159.5941, 46.5958, 24.4830, 0.562903, 0.791032, -0.239602, 0.047897, -0.826452, 0.534884, -0.175716, 0.041140, -0.010838, 0.296931, 0.954838, 0.136623, 0.000000, 0.000000, 0.000000, 1.000000, -0.010701, 0.296840, 0.954867, 0.158616, -0.562903, -0.791032, 0.239600, -0.047897, 0.826454, -0.534934, 0.175557, 0.158910, 0.000000, 0.000000, 0.000000, 1.000000, -0.064307, -0.042603, -0.997020, 0.159594, -0.997925, -0.000511, 0.064387, 0.046596, -0.003252, 0.999092, -0.042482, 0.024483, 0.000000, 0.000000, 0.000000, 1.000000
-29.8314, 47.8965, 41.1405, 136.6227, 158.6157, -47.8968, 158.9102, 159.5941, 46.5958, 24.4830, 0.562903, 0.791032, -0.239602, 0.047897, -0.826452, 0.534884, -0.175716, 0.041140, -0.010838, 0.296931, 0.954838, 0.136623, 0.000000, 0.000000, 0.000000, 1.000000, -0.010701, 0.296840, 0.954867, 0.158616, -0.562903, -0.791032, 0.239600, -0.047897, 0.826454, -0.534934, 0.175557, 0.158910, 0.000000, 0.000000, 0.000000, 1.000000, -0.064307, -0.042603, -0.997020, 0.159594, -0.997925, -0.000511, 0.064387, 0.046596, -0.003252, 0.999092, -0.042482, 0.024483, 0.000000, 0.000000, 0.000000, 1.000000
-29.8034, 47.8451, 41.1021, 136.6678, 158.6609, -47.8454, 158.9486, 159.5827, 46.5979, 24.5108, 0.562899, 0.791148, -0.239227, 0.047845, -0.826455, 0.534970, -0.175441, 0.041102, -0.010821, 0.296466, 0.954982, 0.136668, 0.000000, 0.000000, 0.000000, 1.000000, -0.010684, 0.296375, 0.955012, 0.158661, -0.562899, -0.791148, 0.239225, -0.047845, 0.826456, -0.535019, 0.175282, 0.158949, 0.000000, 0.000000, 0.000000, 1.000000, -0.064324, -0.042604, -0.997019, 0.159583, -0.997924, -0.000543, 0.064406, 0.046598, -0.003285, 0.999092, -0.042481, 0.024511, 0.000000, 0.000000, 0.000000, 1.000000
-29.7837, 47.8090, 41.0752, 136.6997, 158.6927, -47.8092, 158.9755, 159.5747, 46.5995, 24.5304, 0.562896, 0.791230, -0.238963, 0.047809, -0.826457, 0.535030, -0.175247, 0.041075, -0.010808, 0.296139, 0.955084, 0.136700, 0.000000, 0.000000, 0.000000, 1.000000, -0.010672, 0.296048, 0.955113, 0.158693, -0.562896, -0.791230, 0.238961, -0.047809, 0.826459, -0.535080, 0.175089, 0.158975, 0.000000, 0.000000, 0.000000, 1.000000, -0.064336, -0.042605, -0.997018, 0.159575, -0.997923, -0.000565, 0.064419, 0.046600, -0.003308, 0.999092, -0.042480, 0.024530, 0.000000, 0.000000, 0.000000, 1.000000
-29.7736, 47.7904, 41.0615, 136.7161, 158.7092, -47.7906, 158.9893, 159.5706, 46.6003, 24.5404, 0.562895, 0.791272, -0.238827, 0.047790, -0.826458, 0.535061, -0.175147, 0.041061, -0.010802, 0.295970, 0.955136, 0.136716, 0.000000, 0.000000, 0.000000, 1.000000, -0.010665, 0.295880, 0.955166, 0.158709, -0.562895, -0.791272, 0.238826, -0.047791, 0.826460, -0.535111, 0.174989, 0.158989, 0.000000, 0.000000, 0.000000, 1.000000, -0.064342, -0.042606, -0.997018, 0.159571, -0.997922, -0.000577, 0.064425, 0.046600, -0.003320, 0.999092, -0.042480, 0.024540, 0.000000, 0.000000, 0.000000, 1.000000
-29.7528, 47.7522, 41.0333, 136.7499, 158.7430, -47.7524, 159.0175, 159.5621, 46.6020, 24.5611, 0.562892, 0.791358, -0.238549, 0.047752, -0.826460, 0.535125, -0.174942, 0.041033, -0.010788, 0.295624, 0.955243, 0.136750, 0.000000, 0.000000, 0.000000, 1.000000, -0.010652, 0.295534, 0.955273, 0.158743, -0.562892, -0.791358, 0.238547, -0.047752, 0.826462, -0.535174, 0.174783, 0.159017, 0.000000, 0.000000, 0.000000, 1.000000, -0.064355, -0.042607, -0.997017, 0.159562, -0.997921, -0.000600, 0.064439, 0.046602, -0.003344, 0.999092, -0.042480, 0.024561, 0.000000, 0.000000, 0.000000, 1.000000
-29.7422, 47.7326, 41.0189, 136.7672, 158.7603, -47.7329, 159.0319, 159.5578, 46.6029, 24.5717, 0.562890, 0.791402, -0.238406, 0.047733, -0.826461, 0.535158, -0.174836, 0.041019, -0.010781, 0.295447, 0.955298, 0.136767, 0.000000, 0.000000, 0.000000, 1.000000, -0.010645, 0.295357, 0.955328, 0.158760, -0.562890, -0.791403, 0.238404, -0.047733, 0.826463, -0.535207, 0.174678, 0.159032, 0.000000, 0.000000, 0.000000, 1.000000, -0.064361, -0.042607, -0.997017, 0.159558, -0.997921, -0.000612, 0.064446, 0.046603, -0.003356, 0.999092, -0.042479, 0.024572, 0.000000, 0.000000, 0.000000, 1.000000
-29.7205, 47.6927, 40.9896, 136.8027, 158.7959, -47.6929, 159.0612, 159.5489, 46.6047, 24.5934, 0.562887, 0.791492, -0.238115, 0.047693, -0.826464, 0.535224, -0.174621, 0.040990, -0.010766, 0.295085, 0.955410, 0.136803, 0.000000, 0.000000, 0.000000, 1.000000, -0.010630, 0.294995, 0.955440, 0.158796, -0.562887, -0.791493, 0.238113, -0.047693, 0.826466, -0.535273, 0.174462, 0.159061, 0.000000, 0.000000, 0.000000, 1.000000, -0.064375, -0.042608, -0.997016, 0.159549, -0.997920, -0.000637, 0.064460, 0.046605, -0.003382, 0.999092, -0.042479, 0.024593, 0.000000, 0.000000, 0.000000, 1.000000
-29.7094, 47.6723, 40.9747, 136.8209, 158.8140, -47.6725, 159.0761, 159.5443, 46.6057, 24.6044, 0.562885, 0.791538, -0.237966, 0.047672, -0.826465, 0.535258, -0.174510, 0.040975, -0.010758, 0.294900, 0.955468, 0.136821, 0.000000, 0.000000, 0.000000, 1.000000, -0.010623, 0.294810, 0.955497, 0.158814, -0.562885, -0.791539, 0.237964, -0.047673, 0.826467, -0.535307, 0.174352, 0.159076, 0.000000, 0.000000, 0.000000, 1.000000, -0.064381, -0.042609, -0.997015, 0.159544, -0.997920, -0.000650, 0.064468, 0.046606, -0.003395, 0.999092, -0.042478, 0.024604, 0.000000, 0.000000, 0.000000, 1.000000
-29.6982, 47.6517, 40.9596, 136.8392, 158.8324, -47.6519, 159.0912, 159.5397, 46.6066, 24.6156, 0.562883, 0.791585, -0.237816, 0.047652, -0.826467, 0.535292, -0.174399, 0.040960, -0.010751, 0.294713, 0.955525, 0.136839, 0.000000, 0.000000, 0.000000, 1.000000, -0.010615, 0.294623, 0.955555, 0.158832, -0.562883, -0.791585, 0.237814, -0.047652, 0.826468, -0.535341, 0.174241, 0.159091, 0.000000, 0.000000, 0.000000, 1.000000, -0.064388, -0.042609, -0.997015, 0.159540, -0.997919, -0.000662, 0.064475, 0.046607, -0.003408, 0.999092, -0.042478, 0.024616, 0.000000, 0.000000, 0.000000, 1.000000
-29.6638, 47.5886, 40.9136, 136.8956, 158.8887, -47.5888, 159.1373, 159.5256, 46.6095, 24.6498, 0.562877, 0.791727, -0.237355, 0.047589, -0.826471, 0.535397, -0.174057, 0.040914, -0.010727, 0.294140, 0.955702, 0.136896, 0.000000, 0.000000, 0.000000, 1.000000, -0.010591, 0.294050, 0.955731, 0.158889, -0.562877, -0.791728, 0.237353, -0.047589, 0.826473, -0.535446, 0.173899, 0.159137, 0.000000, 0.000000, 0.000000, 1.000000, -0.064409, -0.042611, -0.997013, 0.159526, -0.997918, -0.000702, 0.064497, 0.046610, -0.003448, 0.999091, -0.042477, 0.024650, 0.000000, 0.000000, 0.000000, 1.000000
-29.6522, 47.5672, 40.8980, 136.9147, 158.9079, -47.5674, 159.1529, 159.5208, 46.6105, 24.6614, 0.562875, 0.791775, -0.237199, 0.047567, -0.826472, 0.535433, -0.173941, 0.040898, -0.010718, 0.293945, 0.955762, 0.136915, 0.000000, 0.000000, 0.000000, 1.000000, -0.010583, 0.293855, 0.955791, 0.158908, -0.562875, -0.791776, 0.237197, -0.047567, 0.826474, -0.535481, 0.173783, 0.159153, 0.000000, 0.000000, 0.000000, 1.000000, -0.064416, -0.042612, -0.997013, 0.159521, -0.997917, -0.000715, 0.064505, 0.046611, -0.003461, 0.999091, -0.042477, 0.024661, 0.000000, 0.000000, 0.000000, 1.000000
-29.6286, 47.5239, 40.8666, 136.9535, 158.9467, -47.5241, 159.1844, 159.5110, 46.6126, 24.6849, 0.562871, 0.791873, -0.236882, 0.047524, -0.826475, 0.535504, -0.173706, 0.040867, -0.010701, 0.293552, 0.955883, 0.136953, 0.000000, 0.000000, 0.000000, 1.000000, -0.010566, 0.293462, 0.955912, 0.158947, -0.562871, -0.791873, 0.236881, -0.047524, 0.826477, -0.535553, 0.173549, 0.159184, 0.000000, 0.000000, 0.000000, 1.000000, -0.064430, -0.042613, -0.997012, 0.159511, -0.997916, -0.000742, 0.064521, 0.046613, -0.003489, 0.999091, -0.042476, 0.024685, 0.000000, 0.000000, 0.000000, 1.000000
-29.6167, 47.5020, 40.8507, 136.9731, 158.9663, -47.5023, 159.2002, 159.5061, 46.6136, 24.6968, 0.562869, 0.791922, -0.236723, 0.047502, -0.826477, 0.535541, -0.173587, 0.040851, -0.010693, 0.293353, 0.955944, 0.136973, 0.000000, 0.000000, 0.000000, 1.000000, -0.010558, 0.293264, 0.955973, 0.158966, -0.562869, -0.791922, 0.236721, -0.047502, 0.826478, -0.535589, 0.173430, 0.159200, 0.000000, 0.000000, 0.000000, 1.000000, -0.064438, -0.042614, -0.997011, 0.159506, -0.997916, -0.000755, 0.064528, 0.046614, -0.003503, 0.999091, -0.042476, 0.024697, 0.000000, 0.000000, 0.000000, 1.000000
-29.5928, 47.4581, 40.8188, 137.0126, 159.0058, -47.4583, 159.2322, 159.4962, 46.6157, 24.7206, 0.562865, 0.792021, -0.236402, 0.047458, -0.826480, 0.535613, -0.173348, 0.040819, -0.010676, 0.292953, 0.956067, 0.137013, 0.000000, 0.000000, 0.000000, 1.000000, -0.010541, 0.292864, 0.956096, 0.159006, -0.562865, -0.792021, 0.236400, -0.047458, 0.826481, -0.535661, 0.173191, 0.159232, 0.000000, 0.000000, 0.000000, 1.000000, -0.064452, -0.042615, -0.997010, 0.159496, -0.997915, -0.000783, 0.064544, 0.046616, -0.003531, 0.999091, -0.042475, 0.024721, 0.000000, 0.000000, 0.000000, 1.000000
-29.5687, 47.4138, 40.7867, 137.0524, 159.0456, -47.4140, 159.2643, 159.4862, 46.6178, 24.7446, 0.562861, 0.792120, -0.236078, 0.047414, -0.826483, 0.535686, -0.173107, 0.040787, -0.010658, 0.292550, 0.956191, 0.137052, 0.000000, 0.000000, 0.000000, 1.000000, -0.010524, 0.292461, 0.956220, 0.159046, -0.562861, -0.792121, 0.236076, -0.047414, 0.826485, -0.535734, 0.172951, 0.159264, 0.000000, 0.000000, 0.000000, 1.000000, -0.064467, -0.042616, -0.997009, 0.159486, -0.997914, -0.000810, 0.064560, 0.046618, -0.003559, 0.999091, -0.042475, 0.024745, 0.000000, 0.000000, 0.000000, 1.000000
-29.5445, 47.3693, 40.7546, 137.0925, 159.0857, -47.3696, 159.2965, 159.4761, 46.6199, 24.7688, 0.562857, 0.792220, -0.235753, 0.047369, -0.826486, 0.535760, -0.172865, 0.040755, -0.010640, 0.292145, 0.956315, 0.137092, 0.000000, 0.000000, 0.000000, 1.000000, -0.010506, 0.292056, 0.956344, 0.159086, -0.562857, -0.792221, 0.235751, -0.047370, 0.826488, -0.535808, 0.172709, 0.159296, 0.000000, 0.000000, 0.000000, 1.000000, -0.064481, -0.042617, -0.997008, 0.159476, -0.997912, -0.000838, 0.064576, 0.046620, -0.003587, 0.999091, -0.042474, 0.024769, 0.000000, 0.000000, 0.000000, 1.000000
-29.5203, 47.3249, 40.7224, 137.1326, 159.1258, -47.3251, 159.3287, 159.4661, 46.6220, 24.7929, 0.562852, 0.792320, -0.235428, 0.047325, -0.826489, 0.535833, -0.172623, 0.040722, -0.010623, 0.291740, 0.956439, 0.137133, 0.000000, 0.000000, 0.000000, 1.000000, -0.010489, 0.291651, 0.956467, 0.159126, -0.562852, -0.792320, 0.235426, -0.047325, 0.826491, -0.535880, 0.172467, 0.159329, 0.000000, 0.000000, 0.000000, 1.000000, -0.064496, -0.042618, -0.997007, 0.159466, -0.997911, -0.000865, 0.064591, 0.046622, -0.003615, 0.999091, -0.042474, 0.024793, 0.000000, 0.000000, 0.000000, 1.000000
-29.4962, 47.2807, 40.6904, 137.1725, 159.1658, -47.2809, 159.3607, 159.4560, 46.6242, 24.8169, 0.562848, 0.792419, -0.235104, 0.047281, -0.826492, 0.535906, -0.172382, 0.040690, -0.010605, 0.291337, 0.956562, 0.137173, 0.000000, 0.000000, 0.000000, 1.000000, -0.010472, 0.291248, 0.956590, 0.159166, -0.562848, -0.792420, 0.235102, -0.047281, 0.826494, -0.535953, 0.172226, 0.159361, 0.000000, 0.000000, 0.000000, 1.000000, -0.064511, -0.042620, -0.997006, 0.159456, -0.997910, -0.000893, 0.064607, 0.046624, -0.003644, 0.999091, -0.042473, 0.024817, 0.000000, 0.000000, 0.000000, 1.000000
-29.4723, 47.2367, 40.6587, 137.2123, 159.2056, -47.2370, 159.3925, 159.4460, 46.6263, 24.8407, 0.562844, 0.792518, -0.234782, 0.047237, -0.826496, 0.535978, -0.172143, 0.040659, -0.010588, 0.290936, 0.956684, 0.137212, 0.000000, 0.000000, 0.000000, 1.000000, -0.010454, 0.290847, 0.956712, 0.159206, -0.562844, -0.792518, 0.234781, -0.047237, 0.826497, -0.536025, 0.171987, 0.159392, 0.000000, 0.000000, 0.000000, 1.000000, -0.064525, -0.042621, -0.997006, 0.159446, -0.997909, -0.000920, 0.064623, 0.046626, -0.003672, 0.999091, -0.042472, 0.024841, 0.000000, 0.000000, 0.000000, 1.000000
-29.4604, 47.2149, 40.6429, 137.2321, 159.2254, -47.2151, 159.4083, 159.4411, 46.6273, 24.8526, 0.562842, 0.792567, -0.234622, 0.047215, -0.826497, 0.536014, -0.172023, 0.040643, -0.010579, 0.290737, 0.956745, 0.137232, 0.000000, 0.000000, 0.000000, 1.000000, -0.010446, 0.290648, 0.956773, 0.159225, -0.562842, -0.792567, 0.234621, -0.047215, 0.826499, -0.536061, 0.171868, 0.159408, 0.000000, 0.000000, 0.000000, 1.000000, -0.064532, -0.042622, -0.997005, 0.159441, -0.997909, -0.000934, 0.064631, 0.046627, -0.003686, 0.999091, -0.042472, 0.024853, 0.000000, 0.000000, 0.000000, 1.000000
-29.4368, 47.1716, 40.6116, 137.2713, 159.2646, -47.1718, 159.4396, 159.4312, 46.6294, 24.8761, 0.562837, 0.792663, -0.234305, 0.047172, -0.826500, 0.536084, -0.171787, 0.040612, -0.010562, 0.290341, 0.956865, 0.137271, 0.000000, 0.000000, 0.000000, 1.000000, -0.010429, 0.290253, 0.956893, 0.159265, -0.562837, -0.792664, 0.234303, -0.047172, 0.826502, -0.536131, 0.171632, 0.159440, 0.000000, 0.000000, 0.000000, 1.000000, -0.064546, -0.042623, -0.997004, 0.159431, -0.997908, -0.000961, 0.064646, 0.046629, -0.003713, 0.999091, -0.042472, 0.024876, 0.000000, 0.000000, 0.000000, 1.000000
-29.4251, 47.1501, 40.5961, 137.2908, 159.2841, -47.1504, 159.4551, 159.4263, 46.6305, 24.8878, 0.562835, 0.792711, -0.234148, 0.047150, -0.826502, 0.536120, -0.171670, 0.040596, -0.010554, 0.290146, 0.956924, 0.137291, 0.000000, 0.000000, 0.000000, 1.000000, -0.010421, 0.290057, 0.956953, 0.159284, -0.562835, -0.792712, 0.234146, -0.047150, 0.826504, -0.536167, 0.171515, 0.159455, 0.000000, 0.000000, 0.000000, 1.000000, -0.064553, -0.042623, -0.997004, 0.159426, -0.997907, -0.000974, 0.064654, 0.046630, -0.003727, 0.999091, -0.042471, 0.024888, 0.000000, 0.000000, 0.000000, 1.000000
-29.4020, 47.1077, 40.5654, 137.3293, 159.3227, -47.1079, 159.4859, 159.4166, 46.6325, 24.9108, 0.562831, 0.792806, -0.233836, 0.047108, -0.826505, 0.536189, -0.171438, 0.040565, -0.010537, 0.289758, 0.957042, 0.137329, 0.000000, 0.000000, 0.000000, 1.000000, -0.010404, 0.289670, 0.957070, 0.159323, -0.562831, -0.792807, 0.233835, -0.047108, 0.826507, -0.536236, 0.171283, 0.159486, 0.000000, 0.000000, 0.000000, 1.000000, -0.064567, -0.042625, -0.997003, 0.159417, -0.997906, -0.001001, 0.064669, 0.046633, -0.003754, 0.999091, -0.042471, 0.024911, 0.000000, 0.000000, 0.000000, 1.000000
-29.3905, 47.0867, 40.5502, 137.3484, 159.3417, -47.0869, 159.5011, 159.4119, 46.6335, 24.9222, 0.562829, 0.792853, -0.233682, 0.047087, -0.826507, 0.536223, -0.171324, 0.040550, -0.010529, 0.289566, 0.957100, 0.137348, 0.000000, 0.000000, 0.000000, 1.000000, -0.010396, 0.289478, 0.957128, 0.159342, -0.562829, -0.792854, 0.233681, -0.047087, 0.826508, -0.536270, 0.171169, 0.159501, 0.000000, 0.000000, 0.000000, 1.000000, -0.064574, -0.042625, -0.997002, 0.159412, -0.997906, -0.001014, 0.064676, 0.046634, -0.003767, 0.999091, -0.042471, 0.024922, 0.000000, 0.000000, 0.000000, 1.000000
-29.3679, 47.0453, 40.5202, 137.3860, 159.3794, -47.0455, 159.5311, 159.4024, 46.6355, 24.9447, 0.562824, 0.792946, -0.233378, 0.047045, -0.826510, 0.536291, -0.171097, 0.040520, -0.010512, 0.289187, 0.957215, 0.137386, 0.000000, 0.000000, 0.000000, 1.000000, -0.010380, 0.289099, 0.957243, 0.159379, -0.562824, -0.792946, 0.233377, -0.047046, 0.826511, -0.536337, 0.170943, 0.159531, 0.000000, 0.000000, 0.000000, 1.000000, -0.064588, -0.042626, -0.997001, 0.159402, -0.997905, -0.001039, 0.064691, 0.046636, -0.003794, 0.999091, -0.042470, 0.024945, 0.000000, 0.000000, 0.000000, 1.000000
-29.3568, 47.0248, 40.5054, 137.4046, 159.3980, -47.0251, 159.5459, 159.3977, 46.6365, 24.9558, 0.562822, 0.792991, -0.233228, 0.047025, -0.826511, 0.536324, -0.170986, 0.040505, -0.010504, 0.289001, 0.957271, 0.137405, 0.000000, 0.000000, 0.000000, 1.000000, -0.010372, 0.288913, 0.957299, 0.159398, -0.562822, -0.792992, 0.233227, -0.047025, 0.826513, -0.536370, 0.170832, 0.159546, 0.000000, 0.000000, 0.000000, 1.000000, -0.064595, -0.042627, -0.997001, 0.159398, -0.997904, -0.001052, 0.064698, 0.046637, -0.003807, 0.999091, -0.042470, 0.024956, 0.000000, 0.000000, 0.000000, 1.000000
-29.3348, 46.9846, 40.4763, 137.4412, 159.4346, -46.9849, 159.5750, 159.3885, 46.6385, 24.9776, 0.562818, 0.793081, -0.232933, 0.046985, -0.826514, 0.536389, -0.170766, 0.040476, -0.010489, 0.288633, 0.957383, 0.137441, 0.000000, 0.000000, 0.000000, 1.000000, -0.010357, 0.288545, 0.957410, 0.159435, -0.562818, -0.793082, 0.232931, -0.046985, 0.826516, -0.536436, 0.170612, 0.159575, 0.000000, 0.000000, 0.000000, 1.000000, -0.064608, -0.042628, -0.997000, 0.159389, -0.997903, -0.001077, 0.064712, 0.046638, -0.003833, 0.999090, -0.042469, 0.024978, 0.000000, 0.000000, 0.000000, 1.000000
-29.3134, 46.9452, 40.4478, 137.4771, 159.4705, -46.9455, 159.6036, 159.3795, 46.6404, 24.9990, 0.562814, 0.793169, -0.232644, 0.046945, -0.826517, 0.536453, -0.170551, 0.040448, -0.010473, 0.288272, 0.957491, 0.137477, 0.000000, 0.000000, 0.000000, 1.000000, -0.010342, 0.288185, 0.957519, 0.159471, -0.562814, -0.793170, 0.232642, -0.046945, 0.826519, -0.536499, 0.170397, 0.159604, 0.000000, 0.000000, 0.000000, 1.000000, -0.064621, -0.042629, -0.996999, 0.159380, -0.997902, -0.001102, 0.064726, 0.046640, -0.003858, 0.999090, -0.042469, 0.024999, 0.000000, 0.000000, 0.000000, 1.000000
-29.3028, 46.9259, 40.4338, 137.4947, 159.4882, -46.9261, 159.6176, 159.3751, 46.6413, 25.0095, 0.562812, 0.793212, -0.232501, 0.046926, -0.826518, 0.536485, -0.170445, 0.040434, -0.010466, 0.288095, 0.957545, 0.137495, 0.000000, 0.000000, 0.000000, 1.000000, -0.010334, 0.288008, 0.957572, 0.159488, -0.562812, -0.793213, 0.232500, -0.046926, 0.826520, -0.536531, 0.170292, 0.159618, 0.000000, 0.000000, 0.000000, 1.000000, -0.064627, -0.042630, -0.996999, 0.159375, -0.997902, -0.001114, 0.064733, 0.046641, -0.003870, 0.999090, -0.042468, 0.025010, 0.000000, 0.000000, 0.000000, 1.000000
-29.2821, 46.8879, 40.4062, 137.5293, 159.5228, -46.8882, 159.6452, 159.3664, 46.6431, 25.0302, 0.562808, 0.793297, -0.232222, 0.046888, -0.826521, 0.536546, -0.170238, 0.040406, -0.010451, 0.287748, 0.957649, 0.137529, 0.000000, 0.000000, 0.000000, 1.000000, -0.010320, 0.287660, 0.957677, 0.159523, -0.562808, -0.793297, 0.232220, -0.046888, 0.826523, -0.536592, 0.170084, 0.159645, 0.000000, 0.000000, 0.000000, 1.000000, -0.064639, -0.042631, -0.996998, 0.159366, -0.997901, -0.001138, 0.064747, 0.046643, -0.003895, 0.999090, -0.042468, 0.025030, 0.000000, 0.000000, 0.000000, 1.000000
-29.2719, 46.8693, 40.3927, 137.5463, 159.5398, -46.8695, 159.6588, 159.3621, 46.6440, 25.0403, 0.562807, 0.793338, -0.232085, 0.046869, -0.826523, 0.536576, -0.170136, 0.040393, -0.010444, 0.287577, 0.957701, 0.137546, 0.000000, 0.000000, 0.000000, 1.000000, -0.010313, 0.287490, 0.957728, 0.159540, -0.562806, -0.793339, 0.232083, -0.046870, 0.826524, -0.536622, 0.169983, 0.159659, 0.000000, 0.000000, 0.000000, 1.000000, -0.064646, -0.042631, -0.996997, 0.159362, -0.997901, -0.001149, 0.064753, 0.046644, -0.003906, 0.999090, -0.042468, 0.025040, 0.000000, 0.000000, 0.000000, 1.000000
