# Joint_B_Angle(deg), Cam_X(mm), Cam_Y(mm), Cam_Z(mm), Torso_X(mm), Torso_Y(mm), Torso_Z(mm), EE_X(mm), EE_Y(mm), EE_Z(mm), T_cam2marker_flat(16), T_torso2marker_flat(16), T_ee2marker_flat(16)
-19.9995, 14.6294, 17.1323, 168.6411, 237.6453, -5.6296, 239.9181, 7.3620, 58.9524, -53.9780, 0.560484, -0.795716, -0.229550, 0.014629, 0.768050, 0.603110, -0.215310, 0.017132, 0.309769, -0.055629, 0.949183, 0.168641, 0.000000, 0.000000, 0.000000, 1.000000, 0.309687, -0.055692, 0.949206, 0.237645, -0.560484, 0.795716, 0.229550, -0.005630, -0.768083, -0.603104, 0.215208, 0.239918, 0.000000, 0.000000, 0.000000, 1.000000, 0.994035, -0.018780, 0.107433, 0.007362, 0.106956, -0.024810, -0.993954, 0.058952, 0.021332, 0.999516, -0.022654, -0.053978, 0.000000, 0.000000, 0.000000, 1.000000
-19.9996, 14.6295, 17.1328, 168.6414, 237.6456, -5.6297, 239.9176, 7.3620, 58.9524, -53.9780, 0.560484, -0.795716, -0.229551, 0.014629, 0.768050, 0.603110, -0.215309, 0.017133, 0.309769, -0.055629, 0.949183, 0.168641, 0.000000, 0.000000, 0.000000, 1.000000, 0.309687, -0.055693, 0.949206, 0.237646, -0.560484, 0.795716, 0.229550, -0.005630, -0.768083, -0.603104, 0.215208, 0.239918, 0.000000, 0.000000, 0.000000, 1.000000, 0.994035, -0.018780, 0.107433, 0.007362, 0.106956, -0.024810, -0.993954, 0.058952, 0.021332, 0.999516, -0.022654, -0.053978, 0.000000, 0.000000, 0.000000, 1.000000
-19.9999, 14.6299, 17.1348, 168.6424, 237.6466, -5.6300, 239.9158, 7.3620, 58.9525, -53.9780, 0.560483, -0.795716, -0.229553, 0.014630, 0.768051, 0.603109, -0.215306, 0.017135, 0.309769, -0.055633, 0.949183, 0.168642, 0.000000, 0.000000, 0.000000, 1.000000, 0.309686, -0.055697, 0.949206, 0.237647, -0.560483, 0.795716, 0.229553, -0.005630, -0.768084, -0.603103, 0.215206, 0.239916, 0.000000, 0.000000, 0.000000, 1.000000, 0.994035, -0.018780, 0.107433, 0.007362, 0.106956, -0.024811, -0.993954, 0.058952, 0.021332, 0.999516, -0.022654, -0.053978, 0.000000, 0.000000, 0.000000, 1.000000
-20.0000, 14.6299, 17.1352, 168.6427, 237.6469, -5.6301, 239.9153, 7.3620, 58.9525, -53.9780, 0.560482, -0.795716, -0.229554, 0.014630, 0.768051, 0.603109, -0.215306, 0.017135, 0.309768, -0.055634, 0.949183, 0.168643, 0.000000, 0.000000, 0.000000, 1.000000, 0.309686, -0.055697, 0.949206, 0.237647, -0.560483, 0.795716, 0.229553, -0.005630, -0.768084, -0.603103, 0.215205, 0.239915, 0.000000, 0.000000, 0.000000, 1.000000, 0.994035, -0.018780, 0.107433, 0.007362, 0.106956, -0.024811, -0.993954, 0.058953, 0.021332, 0.999516, -0.022654, -0.053978, 0.000000, 0.000000, 0.000000, 1.000000
-20.0002, 14.6303, 17.1370, 168.6436, 237.6479, -5.6305, 239.9136, 7.3620, 58.9526, -53.9780, 0.560481, -0.795717, -0.229556, 0.014630, 0.768053, 0.603108, -0.215303, 0.017137, 0.309768, -0.055637, 0.949183, 0.168644, 0.000000, 0.000000, 0.000000, 1.000000, 0.309686, -0.055701, 0.949206, 0.237648, -0.560481, 0.795717, 0.229555, -0.005631, -0.768085, -0.603102, 0.215203, 0.239914, 0.000000, 0.000000, 0.000000, 1.000000, 0.994035, -0.018780, 0.107433, 0.007362, 0.106956, -0.024811, -0.993954, 0.058953, 0.021332, 0.999516, -0.022654, -0.053978, 0.000000, 0.000000, 0.000000, 1.000000
-20.0003, 14.6305, 17.1378, 168.6441, 237.6483, -5.6307, 239.9128, 7.3620, 58.9526, -53.9780, 0.560481, -0.795717, -0.229556, 0.014630, 0.768054, 0.603108, -0.215302, 0.017138, 0.309766, -0.055639, 0.949183, 0.168644, 0.000000, 0.000000, 0.000000, 1.000000, 0.309685, -0.055702, 0.949206, 0.237648, -0.560481, 0.795717, 0.229555, -0.005631, -0.768086, -0.603102, 0.215201, 0.239913, 0.000000, 0.000000, 0.000000, 1.000000, 0.994035, -0.018780, 0.107433, 0.007362, 0.106956, -0.024811, -0.993954, 0.058953, 0.021332, 0.999516, -0.022654, -0.053978, 0.000000, 0.000000, 0.000000, 1.000000
-20.0003, 14.6305, 17.1382, 168.6443, 237.6485, -5.6307, 239.9125, 7.3620, 58.9526, -53.9780, 0.560480, -0.795717, -0.229556, 0.014631, 0.768054, 0.603107, -0.215300, 0.017138, 0.309765, -0.055640, 0.949184, 0.168644, 0.000000, 0.000000, 0.000000, 1.000000, 0.309684, -0.055703, 0.949207, 0.237648, -0.560481, 0.795717, 0.229555, -0.005631, -0.768087, -0.603102, 0.215200, 0.239913, 0.000000, 0.000000, 0.000000, 1.000000, 0.994035, -0.018780, 0.107433, 0.007362, 0.106956, -0.024811, -0.993954, 0.058953, 0.021332, 0.999516, -0.022654, -0.053978, 0.000000, 0.000000, 0.000000, 1.000000
-19.9999, 14.6306, 17.1393, 168.6449, 237.6491, -5.6308, 239.9116, 7.3620, 58.9526, -53.9780, 0.560481, -0.795718, -0.229552, 0.014631, 0.768058, 0.603106, -0.215291, 0.017139, 0.309755, -0.055643, 0.949187, 0.168645, 0.000000, 0.000000, 0.000000, 1.000000, 0.309674, -0.055705, 0.949210, 0.237649, -0.560481, 0.795718, 0.229551, -0.005631, -0.768090, -0.603100, 0.215192, 0.239912, 0.000000, 0.000000, 0.000000, 1.000000, 0.994035, -0.018780, 0.107433, 0.007362, 0.106956, -0.024811, -0.993954, 0.058953, 0.021332, 0.999516, -0.022654, -0.053978, 0.000000, 0.000000, 0.000000, 1.000000
-19.9997, 14.6305, 17.1394, 168.6450, 237.6492, -5.6307, 239.9114, 7.3620, 58.9525, -53.9780, 0.560482, -0.795718, -0.229550, 0.014631, 0.768059, 0.603106, -0.215288, 0.017139, 0.309751, -0.055643, 0.949188, 0.168645, 0.000000, 0.000000, 0.000000, 1.000000, 0.309670, -0.055706, 0.949211, 0.237649, -0.560482, 0.795718, 0.229549, -0.005631, -0.768091, -0.603100, 0.215188, 0.239911, 0.000000, 0.000000, 0.000000, 1.000000, 0.994035, -0.018780, 0.107433, 0.007362, 0.106956, -0.024811, -0.993954, 0.058953, 0.021332, 0.999516, -0.022654, -0.053978, 0.000000, 0.000000, 0.000000, 1.000000
-19.9983, 14.6300, 17.1394, 168.6452, 237.6494, -5.6302, 239.9115, 7.3621, 58.9522, -53.9781, 0.560486, -0.795718, -0.229537, 0.014630, 0.768066, 0.603105, -0.215265, 0.017139, 0.309725, -0.055646, 0.949196, 0.168645, 0.000000, 0.000000, 0.000000, 1.000000, 0.309645, -0.055708, 0.949219, 0.237649, -0.560487, 0.795718, 0.229536, -0.005630, -0.768098, -0.603099, 0.215166, 0.239912, 0.000000, 0.000000, 0.000000, 1.000000, 0.994035, -0.018780, 0.107433, 0.007362, 0.106956, -0.024810, -0.993954, 0.058952, 0.021332, 0.999516, -0.022653, -0.053978, 0.000000, 0.000000, 0.000000, 1.000000
-19.9978, 14.6298, 17.1392, 168.6452, 237.6493, -5.6300, 239.9117, 7.3622, 58.9520, -53.9781, 0.560488, -0.795719, -0.229532, 0.014630, 0.768068, 0.603105, -0.215257, 0.017139, 0.309716, -0.055647, 0.949199, 0.168645, 0.000000, 0.000000, 0.000000, 1.000000, 0.309635, -0.055709, 0.949222, 0.237649, -0.560489, 0.795719, 0.229531, -0.005630, -0.768101, -0.603099, 0.215158, 0.239912, 0.000000, 0.000000, 0.000000, 1.000000, 0.994035, -0.018781, 0.107433, 0.007362, 0.106956, -0.024809, -0.993954, 0.058952, 0.021332, 0.999516, -0.022653, -0.053978, 0.000000, 0.000000, 0.000000, 1.000000
-19.9948, 14.6284, 17.1378, 168.6448, 237.6489, -5.6286, 239.9133, 7.3625, 58.9512, -53.9783, 0.560499, -0.795719, -0.229503, 0.014628, 0.768081, 0.603104, -0.215214, 0.017138, 0.309664, -0.055650, 0.949216, 0.168645, 0.000000, 0.000000, 0.000000, 1.000000, 0.309584, -0.055711, 0.949239, 0.237649, -0.560500, 0.795719, 0.229502, -0.005629, -0.768113, -0.603098, 0.215116, 0.239913, 0.000000, 0.000000, 0.000000, 1.000000, 0.994035, -0.018782, 0.107433, 0.007362, 0.106955, -0.024807, -0.993954, 0.058951, 0.021333, 0.999516, -0.022650, -0.053978, 0.000000, 0.000000, 0.000000, 1.000000
-19.9927, 14.6275, 17.1366, 168.6444, 237.6485, -5.6277, 239.9146, 7.3627, 58.9507, -53.9784, 0.560507, -0.795719, -0.229484, 0.014627, 0.768089, 0.603104, -0.215186, 0.017137, 0.309630, -0.055651, 0.949227, 0.168644, 0.000000, 0.000000, 0.000000, 1.000000, 0.309550, -0.055713, 0.949250, 0.237649, -0.560507, 0.795719, 0.229483, -0.005628, -0.768121, -0.603098, 0.215088, 0.239915, 0.000000, 0.000000, 0.000000, 1.000000, 0.994035, -0.018782, 0.107433, 0.007363, 0.106955, -0.024805, -0.993954, 0.058951, 0.021334, 0.999516, -0.022649, -0.053978, 0.000000, 0.000000, 0.000000, 1.000000
-19.9874, 14.6249, 17.1331, 168.6432, 237.6473, -5.6251, 239.9182, 7.3632, 58.9493, -53.9786, 0.560527, -0.795719, -0.229433, 0.014625, 0.768110, 0.603103, -0.215112, 0.017133, 0.309541, -0.055654, 0.949256, 0.168643, 0.000000, 0.000000, 0.000000, 1.000000, 0.309461, -0.055715, 0.949278, 0.237647, -0.560528, 0.795719, 0.229433, -0.005625, -0.768142, -0.603097, 0.215014, 0.239918, 0.000000, 0.000000, 0.000000, 1.000000, 0.994035, -0.018785, 0.107433, 0.007363, 0.106955, -0.024801, -0.993954, 0.058949, 0.021335, 0.999516, -0.022644, -0.053979, 0.000000, 0.000000, 0.000000, 1.000000
-19.9858, 14.6241, 17.1320, 168.6428, 237.6469, -5.6243, 239.9194, 7.3633, 58.9489, -53.9787, 0.560534, -0.795719, -0.229418, 0.014624, 0.768117, 0.603103, -0.215090, 0.017132, 0.309514, -0.055655, 0.949265, 0.168643, 0.000000, 0.000000, 0.000000, 1.000000, 0.309435, -0.055716, 0.949287, 0.237647, -0.560534, 0.795719, 0.229417, -0.005624, -0.768148, -0.603097, 0.214993, 0.239919, 0.000000, 0.000000, 0.000000, 1.000000, 0.994035, -0.018785, 0.107433, 0.007363, 0.106955, -0.024800, -0.993954, 0.058949, 0.021336, 0.999516, -0.022643, -0.053979, 0.000000, 0.000000, 0.000000, 1.000000
-19.9803, 14.6213, 17.1281, 168.6414, 237.6455, -5.6215, 239.9234, 7.3639, 58.9474, -53.9789, 0.560555, -0.795719, -0.229366, 0.014621, 0.768138, 0.603103, -0.215014, 0.017128, 0.309422, -0.055657, 0.949295, 0.168641, 0.000000, 0.000000, 0.000000, 1.000000, 0.309343, -0.055718, 0.949317, 0.237646, -0.560556, 0.795719, 0.229365, -0.005622, -0.768169, -0.603097, 0.214917, 0.239923, 0.000000, 0.000000, 0.000000, 1.000000, 0.994035, -0.018787, 0.107433, 0.007364, 0.106955, -0.024796, -0.993955, 0.058947, 0.021338, 0.999516, -0.022638, -0.053979, 0.000000, 0.000000, 0.000000, 1.000000
-19.9782, 14.6203, 17.1266, 168.6409, 237.6450, -5.6205, 239.9249, 7.3641, 58.9469, -53.9790, 0.560564, -0.795719, -0.229346, 0.014620, 0.768146, 0.603103, -0.214985, 0.017127, 0.309387, -0.055658, 0.949306, 0.168641, 0.000000, 0.000000, 0.000000, 1.000000, 0.309309, -0.055719, 0.949328, 0.237645, -0.560564, 0.795719, 0.229345, -0.005620, -0.768177, -0.603097, 0.214889, 0.239925, 0.000000, 0.000000, 0.000000, 1.000000, 0.994035, -0.018788, 0.107433, 0.007364, 0.106955, -0.024794, -0.993955, 0.058947, 0.021338, 0.999516, -0.022637, -0.053979, 0.000000, 0.000000, 0.000000, 1.000000
-19.9712, 14.6167, 17.1215, 168.6391, 237.6431, -5.6169, 239.9302, 7.3647, 58.9451, -53.9794, 0.560591, -0.795719, -0.229280, 0.014617, 0.768172, 0.603103, -0.214890, 0.017121, 0.309271, -0.055661, 0.949344, 0.168639, 0.000000, 0.000000, 0.000000, 1.000000, 0.309193, -0.055722, 0.949365, 0.237643, -0.560591, 0.795719, 0.229279, -0.005617, -0.768204, -0.603098, 0.214794, 0.239930, 0.000000, 0.000000, 0.000000, 1.000000, 0.994035, -0.018791, 0.107433, 0.007365, 0.106955, -0.024788, -0.993955, 0.058945, 0.021340, 0.999516, -0.022631, -0.053979, 0.000000, 0.000000, 0.000000, 1.000000
-19.9658, 14.6140, 17.1175, 168.6377, 237.6417, -5.6142, 239.9342, 7.3652, 58.9437, -53.9796, 0.560612, -0.795718, -0.229230, 0.014614, 0.768192, 0.603104, -0.214817, 0.017118, 0.309183, -0.055663, 0.949372, 0.168638, 0.000000, 0.000000, 0.000000, 1.000000, 0.309105, -0.055724, 0.949394, 0.237642, -0.560612, 0.795718, 0.229229, -0.005614, -0.768224, -0.603098, 0.214722, 0.239934, 0.000000, 0.000000, 0.000000, 1.000000, 0.994035, -0.018793, 0.107433, 0.007365, 0.106955, -0.024784, -0.993955, 0.058944, 0.021342, 0.999516, -0.022626, -0.053980, 0.000000, 0.000000, 0.000000, 1.000000
-19.9536, 14.6078, 17.1084, 168.6344, 237.6384, -5.6080, 239.9434, 7.3664, 58.9405, -53.9802, 0.560661, -0.795717, -0.229115, 0.014608, 0.768238, 0.603104, -0.214652, 0.017108, 0.308982, -0.055668, 0.949437, 0.168634, 0.000000, 0.000000, 0.000000, 1.000000, 0.308905, -0.055728, 0.949459, 0.237638, -0.560661, 0.795717, 0.229114, -0.005608, -0.768269, -0.603099, 0.214556, 0.239943, 0.000000, 0.000000, 0.000000, 1.000000, 0.994035, -0.018798, 0.107432, 0.007366, 0.106955, -0.024775, -0.993955, 0.058940, 0.021346, 0.999516, -0.022616, -0.053980, 0.000000, 0.000000, 0.000000, 1.000000
-19.9396, 14.6006, 17.0979, 168.6306, 237.6346, -5.6008, 239.9541, 7.3677, 58.9368, -53.9808, 0.560717, -0.795716, -0.228982, 0.014601, 0.768290, 0.603106, -0.214460, 0.017098, 0.308750, -0.055673, 0.949512, 0.168631, 0.000000, 0.000000, 0.000000, 1.000000, 0.308673, -0.055733, 0.949534, 0.237635, -0.560717, 0.795716, 0.228982, -0.005601, -0.768321, -0.603100, 0.214366, 0.239954, 0.000000, 0.000000, 0.000000, 1.000000, 0.994035, -0.018803, 0.107432, 0.007368, 0.106955, -0.024764, -0.993955, 0.058937, 0.021350, 0.999516, -0.022605, -0.053981, 0.000000, 0.000000, 0.000000, 1.000000
-19.9319, 14.5967, 17.0921, 168.6285, 237.6325, -5.5968, 239.9600, 7.3685, 58.9347, -53.9812, 0.560748, -0.795715, -0.228910, 0.014597, 0.768319, 0.603107, -0.214355, 0.017092, 0.308623, -0.055676, 0.949554, 0.168629, 0.000000, 0.000000, 0.000000, 1.000000, 0.308546, -0.055735, 0.949575, 0.237632, -0.560748, 0.795715, 0.228909, -0.005597, -0.768350, -0.603101, 0.214261, 0.239960, 0.000000, 0.000000, 0.000000, 1.000000, 0.994035, -0.018806, 0.107432, 0.007368, 0.106955, -0.024758, -0.993956, 0.058935, 0.021352, 0.999517, -0.022598, -0.053981, 0.000000, 0.000000, 0.000000, 1.000000
-19.9278, 14.5946, 17.0891, 168.6275, 237.6314, -5.5948, 239.9631, 7.3689, 58.9337, -53.9813, 0.560764, -0.795715, -0.228872, 0.014595, 0.768334, 0.603107, -0.214300, 0.017089, 0.308556, -0.055678, 0.949575, 0.168627, 0.000000, 0.000000, 0.000000, 1.000000, 0.308480, -0.055737, 0.949597, 0.237631, -0.560764, 0.795715, 0.228871, -0.005595, -0.768365, -0.603101, 0.214207, 0.239963, 0.000000, 0.000000, 0.000000, 1.000000, 0.994035, -0.018808, 0.107432, 0.007369, 0.106955, -0.024754, -0.993956, 0.058934, 0.021353, 0.999517, -0.022595, -0.053981, 0.000000, 0.000000, 0.000000, 1.000000
-19.9195, 14.5903, 17.0828, 168.6252, 237.6291, -5.5905, 239.9694, 7.3697, 58.9315, -53.9817, 0.560797, -0.795714, -0.228793, 0.014590, 0.768365, 0.603108, -0.214186, 0.017083, 0.308418, -0.055681, 0.949620, 0.168625, 0.000000, 0.000000, 0.000000, 1.000000, 0.308342, -0.055740, 0.949641, 0.237629, -0.560797, 0.795714, 0.228792, -0.005590, -0.768396, -0.603102, 0.214093, 0.239969, 0.000000, 0.000000, 0.000000, 1.000000, 0.994034, -0.018811, 0.107432, 0.007370, 0.106955, -0.024748, -0.993956, 0.058931, 0.021356, 0.999517, -0.022588, -0.053982, 0.000000, 0.000000, 0.000000, 1.000000
-19.9015, 14.5810, 17.0693, 168.6204, 237.6243, -5.5812, 239.9831, 7.3714, 58.9267, -53.9825, 0.560869, -0.795712, -0.228623, 0.014581, 0.768432, 0.603110, -0.213941, 0.017069, 0.308120, -0.055688, 0.949716, 0.168620, 0.000000, 0.000000, 0.000000, 1.000000, 0.308045, -0.055746, 0.949737, 0.237624, -0.560870, 0.795712, 0.228622, -0.005581, -0.768462, -0.603105, 0.213849, 0.239983, 0.000000, 0.000000, 0.000000, 1.000000, 0.994034, -0.018818, 0.107432, 0.007371, 0.106955, -0.024734, -0.993956, 0.058927, 0.021361, 0.999517, -0.022573, -0.053983, 0.000000, 0.000000, 0.000000, 1.000000
-19.8919, 14.5761, 17.0621, 168.6178, 237.6217, -5.5763, 239.9904, 7.3723, 58.9242, -53.9830, 0.560908, -0.795710, -0.228533, 0.014576, 0.768467, 0.603111, -0.213811, 0.017062, 0.307962, -0.055692, 0.949767, 0.168618, 0.000000, 0.000000, 0.000000, 1.000000, 0.307887, -0.055750, 0.949788, 0.237622, -0.560908, 0.795710, 0.228532, -0.005576, -0.768497, -0.603106, 0.213719, 0.239990, 0.000000, 0.000000, 0.000000, 1.000000, 0.994034, -0.018822, 0.107432, 0.007372, 0.106955, -0.024726, -0.993956, 0.058924, 0.021364, 0.999517, -0.022565, -0.053983, 0.000000, 0.000000, 0.000000, 1.000000
-19.8870, 14.5736, 17.0584, 168.6165, 237.6204, -5.5738, 239.9941, 7.3728, 58.9229, -53.9832, 0.560928, -0.795710, -0.228486, 0.014574, 0.768485, 0.603112, -0.213744, 0.017058, 0.307881, -0.055694, 0.949793, 0.168617, 0.000000, 0.000000, 0.000000, 1.000000, 0.307806, -0.055751, 0.949814, 0.237620, -0.560928, 0.795710, 0.228486, -0.005574, -0.768515, -0.603107, 0.213652, 0.239994, 0.000000, 0.000000, 0.000000, 1.000000, 0.994034, -0.018824, 0.107431, 0.007373, 0.106955, -0.024722, -0.993956, 0.058923, 0.021366, 0.999517, -0.022561, -0.053983, 0.000000, 0.000000, 0.000000, 1.000000
-19.8870, 14.5736, 17.0584, 168.6165, 237.6204, -5.5738, 239.9941, 7.3728, 58.9229, -53.9832, 0.560928, -0.795710, -0.228486, 0.014574, 0.768485, 0.603112, -0.213744, 0.017058, 0.307881, -0.055694, 0.949793, 0.168617, 0.000000, 0.000000, 0.000000, 1.000000, 0.307806, -0.055751, 0.949814, 0.237620, -0.560928, 0.795710, 0.228486, -0.005574, -0.768515, -0.603107, 0.213652, 0.239994, 0.000000, 0.000000, 0.000000, 1.000000, 0.994034, -0.018824, 0.107431, 0.007373, 0.106955, -0.024722, -0.993956, 0.058923, 0.021366, 0.999517, -0.022561, -0.053983, 0.000000, 0.000000, 0.000000, 1.000000
-19.8559, 14.5575, 17.0351, 168.6083, 237.6121, -5.5577, 240.0177, 7.3758, 58.9147, -53.9846, 0.561053, -0.795706, -0.228193, 0.014558, 0.768600, 0.603116, -0.213319, 0.017035, 0.307366, -0.055706, 0.949959, 0.168608, 0.000000, 0.000000, 0.000000, 1.000000, 0.307292, -0.055763, 0.949980, 0.237612, -0.561053, 0.795706, 0.228192, -0.005558, -0.768629, -0.603111, 0.213228, 0.240018, 0.000000, 0.000000, 0.000000, 1.000000, 0.994034, -0.018836, 0.107431, 0.007376, 0.106955, -0.024697, -0.993957, 0.058915, 0.021375, 0.999518, -0.022536, -0.053985, 0.000000, 0.000000, 0.000000, 1.000000
-19.8450, 14.5519, 17.0270, 168.6055, 237.6093, -5.5521, 240.0259, 7.3768, 58.9118, -53.9851, 0.561097, -0.795704, -0.228091, 0.014552, 0.768640, 0.603118, -0.213171, 0.017027, 0.307187, -0.055710, 0.950017, 0.168605, 0.000000, 0.000000, 0.000000, 1.000000, 0.307113, -0.055767, 0.950038, 0.237609, -0.561097, 0.795704, 0.228090, -0.005552, -0.768669, -0.603113, 0.213080, 0.240026, 0.000000, 0.000000, 0.000000, 1.000000, 0.994034, -0.018840, 0.107431, 0.007377, 0.106955, -0.024689, -0.993957, 0.058912, 0.021378, 0.999518, -0.022527, -0.053985, 0.000000, 0.000000, 0.000000, 1.000000
-19.8340, 14.5462, 17.0188, 168.6026, 237.6064, -5.5464, 240.0342, 7.3778, 58.9089, -53.9856, 0.561141, -0.795702, -0.227987, 0.014546, 0.768680, 0.603120, -0.213020, 0.017019, 0.307004, -0.055715, 0.950076, 0.168603, 0.000000, 0.000000, 0.000000, 1.000000, 0.306931, -0.055771, 0.950096, 0.237606, -0.561142, 0.795703, 0.227986, -0.005546, -0.768709, -0.603114, 0.212930, 0.240034, 0.000000, 0.000000, 0.000000, 1.000000, 0.994034, -0.018844, 0.107431, 0.007378, 0.106955, -0.024680, -0.993958, 0.058909, 0.021382, 0.999518, -0.022517, -0.053986, 0.000000, 0.000000, 0.000000, 1.000000
-19.8115, 14.5346, 17.0020, 168.5968, 237.6005, -5.5348, 240.0511, 7.3800, 58.9030, -53.9866, 0.561232, -0.795699, -0.227775, 0.014535, 0.768763, 0.603123, -0.212712, 0.017002, 0.306631, -0.055724, 0.950196, 0.168597, 0.000000, 0.000000, 0.000000, 1.000000, 0.306558, -0.055780, 0.950216, 0.237601, -0.561232, 0.795699, 0.227774, -0.005535, -0.768791, -0.603118, 0.212623, 0.240051, 0.000000, 0.000000, 0.000000, 1.000000, 0.994034, -0.018853, 0.107430, 0.007380, 0.106955, -0.024662, -0.993958, 0.058903, 0.021388, 0.999518, -0.022499, -0.053987, 0.000000, 0.000000, 0.000000, 1.000000
-19.8001, 14.5287, 16.9936, 168.5938, 237.5976, -5.5289, 240.0597, 7.3811, 58.9000, -53.9872, 0.561278, -0.795697, -0.227667, 0.014529, 0.768804, 0.603125, -0.212556, 0.016994, 0.306442, -0.055729, 0.950257, 0.168594, 0.000000, 0.000000, 0.000000, 1.000000, 0.306369, -0.055784, 0.950277, 0.237598, -0.561279, 0.795697, 0.227666, -0.005529, -0.768833, -0.603120, 0.212467, 0.240060, 0.000000, 0.000000, 0.000000, 1.000000, 0.994034, -0.018857, 0.107430, 0.007381, 0.106954, -0.024653, -0.993958, 0.058900, 0.021392, 0.999518, -0.022489, -0.053987, 0.000000, 0.000000, 0.000000, 1.000000
-19.7886, 14.5228, 16.9850, 168.5909, 237.5946, -5.5229, 240.0683, 7.3822, 58.8970, -53.9877, 0.561325, -0.795696, -0.227559, 0.014523, 0.768846, 0.603127, -0.212398, 0.016985, 0.306251, -0.055733, 0.950318, 0.168591, 0.000000, 0.000000, 0.000000, 1.000000, 0.306179, -0.055789, 0.950338, 0.237595, -0.561325, 0.795696, 0.227558, -0.005523, -0.768875, -0.603122, 0.212310, 0.240068, 0.000000, 0.000000, 0.000000, 1.000000, 0.994034, -0.018862, 0.107430, 0.007382, 0.106954, -0.024644, -0.993958, 0.058897, 0.021395, 0.999518, -0.022480, -0.053988, 0.000000, 0.000000, 0.000000, 1.000000
-19.7771, 14.5168, 16.9765, 168.5879, 237.5916, -5.5170, 240.0770, 7.3833, 58.8939, -53.9882, 0.561371, -0.795694, -0.227450, 0.014517, 0.768888, 0.603129, -0.212241, 0.016976, 0.306060, -0.055738, 0.950379, 0.168588, 0.000000, 0.000000, 0.000000, 1.000000, 0.305989, -0.055793, 0.950399, 0.237592, -0.561372, 0.795694, 0.227449, -0.005517, -0.768917, -0.603124, 0.212153, 0.240077, 0.000000, 0.000000, 0.000000, 1.000000, 0.994034, -0.018866, 0.107430, 0.007383, 0.106954, -0.024635, -0.993959, 0.058894, 0.021399, 0.999518, -0.022470, -0.053988, 0.000000, 0.000000, 0.000000, 1.000000
-19.7714, 14.5138, 16.9722, 168.5865, 237.5902, -5.5140, 240.0813, 7.3838, 58.8924, -53.9885, 0.561395, -0.795693, -0.227396, 0.014514, 0.768909, 0.603130, -0.212162, 0.016972, 0.305965, -0.055741, 0.950410, 0.168586, 0.000000, 0.000000, 0.000000, 1.000000, 0.305893, -0.055796, 0.950429, 0.237590, -0.561395, 0.795693, 0.227395, -0.005514, -0.768938, -0.603125, 0.212074, 0.240081, 0.000000, 0.000000, 0.000000, 1.000000, 0.994034, -0.018868, 0.107430, 0.007384, 0.106954, -0.024630, -0.993959, 0.058892, 0.021401, 0.999519, -0.022465, -0.053988, 0.000000, 0.000000, 0.000000, 1.000000
-19.7541, 14.5049, 16.9594, 168.5821, 237.5857, -5.5051, 240.0942, 7.3855, 58.8878, -53.9892, 0.561464, -0.795690, -0.227233, 0.014505, 0.768972, 0.603133, -0.211925, 0.016959, 0.305678, -0.055748, 0.950501, 0.168582, 0.000000, 0.000000, 0.000000, 1.000000, 0.305607, -0.055802, 0.950521, 0.237586, -0.561465, 0.795690, 0.227232, -0.005505, -0.769000, -0.603128, 0.211838, 0.240094, 0.000000, 0.000000, 0.000000, 1.000000, 0.994033, -0.018875, 0.107430, 0.007385, 0.106954, -0.024617, -0.993959, 0.058888, 0.021406, 0.999519, -0.022451, -0.053989, 0.000000, 0.000000, 0.000000, 1.000000
-19.7427, 14.4990, 16.9510, 168.5792, 237.5828, -5.4991, 240.1028, 7.3866, 58.8848, -53.9898, 0.561511, -0.795688, -0.227125, 0.014499, 0.769014, 0.603135, -0.211768, 0.016951, 0.305488, -0.055753, 0.950562, 0.168579, 0.000000, 0.000000, 0.000000, 1.000000, 0.305418, -0.055807, 0.950582, 0.237583, -0.561511, 0.795688, 0.227125, -0.005499, -0.769042, -0.603130, 0.211681, 0.240103, 0.000000, 0.000000, 0.000000, 1.000000, 0.994033, -0.018880, 0.107430, 0.007387, 0.106954, -0.024608, -0.993959, 0.058885, 0.021409, 0.999519, -0.022442, -0.053990, 0.000000, 0.000000, 0.000000, 1.000000
-19.7201, 14.4884, 16.9403, 168.5765, 237.5802, -5.4886, 240.1136, 7.3887, 58.8789, -53.9908, 0.561599, -0.795688, -0.226909, 0.014488, 0.769106, 0.603134, -0.211438, 0.016940, 0.305095, -0.055774, 0.950687, 0.168577, 0.000000, 0.000000, 0.000000, 1.000000, 0.305025, -0.055828, 0.950707, 0.237580, -0.561599, 0.795688, 0.226908, -0.005489, -0.769133, -0.603129, 0.211351, 0.240114, 0.000000, 0.000000, 0.000000, 1.000000, 0.994033, -0.018888, 0.107429, 0.007389, 0.106954, -0.024590, -0.993960, 0.058879, 0.021416, 0.999519, -0.022423, -0.053991, 0.000000, 0.000000, 0.000000, 1.000000
-19.7089, 14.4833, 16.9355, 168.5755, 237.5791, -5.4834, 240.1184, 7.3898, 58.8760, -53.9914, 0.561643, -0.795687, -0.226802, 0.014483, 0.769151, 0.603133, -0.211273, 0.016936, 0.304900, -0.055785, 0.950749, 0.168576, 0.000000, 0.000000, 0.000000, 1.000000, 0.304829, -0.055839, 0.950769, 0.237579, -0.561643, 0.795687, 0.226801, -0.005483, -0.769179, -0.603128, 0.211187, 0.240118, 0.000000, 0.000000, 0.000000, 1.000000, 0.994033, -0.018893, 0.107429, 0.007390, 0.106954, -0.024581, -0.993960, 0.058876, 0.021419, 0.999519, -0.022414, -0.053991, 0.000000, 0.000000, 0.000000, 1.000000
-19.6979, 14.4781, 16.9304, 168.5743, 237.5780, -5.4783, 240.1235, 7.3908, 58.8732, -53.9919, 0.561685, -0.795687, -0.226697, 0.014478, 0.769196, 0.603133, -0.211112, 0.016930, 0.304708, -0.055796, 0.950810, 0.168574, 0.000000, 0.000000, 0.000000, 1.000000, 0.304638, -0.055850, 0.950829, 0.237578, -0.561686, 0.795687, 0.226696, -0.005478, -0.769224, -0.603128, 0.211026, 0.240123, 0.000000, 0.000000, 0.000000, 1.000000, 0.994033, -0.018897, 0.107429, 0.007391, 0.106954, -0.024573, -0.993960, 0.058873, 0.021423, 0.999519, -0.022405, -0.053992, 0.000000, 0.000000, 0.000000, 1.000000
-19.6871, 14.4730, 16.9250, 168.5730, 237.5766, -5.4732, 240.1289, 7.3918, 58.8703, -53.9924, 0.561728, -0.795687, -0.226593, 0.014473, 0.769239, 0.603132, -0.210955, 0.016925, 0.304520, -0.055805, 0.950870, 0.168573, 0.000000, 0.000000, 0.000000, 1.000000, 0.304450, -0.055859, 0.950889, 0.237577, -0.561728, 0.795687, 0.226593, -0.005473, -0.769267, -0.603127, 0.210869, 0.240129, 0.000000, 0.000000, 0.000000, 1.000000, 0.994033, -0.018901, 0.107429, 0.007392, 0.106954, -0.024564, -0.993961, 0.058870, 0.021426, 0.999520, -0.022396, -0.053992, 0.000000, 0.000000, 0.000000, 1.000000
-19.6711, 14.4654, 16.9163, 168.5706, 237.5743, -5.4655, 240.1377, 7.3934, 58.8662, -53.9932, 0.561791, -0.795686, -0.226442, 0.014465, 0.769302, 0.603132, -0.210726, 0.016916, 0.304246, -0.055818, 0.950957, 0.168571, 0.000000, 0.000000, 0.000000, 1.000000, 0.304176, -0.055872, 0.950976, 0.237574, -0.561791, 0.795686, 0.226441, -0.005466, -0.769330, -0.603127, 0.210640, 0.240138, 0.000000, 0.000000, 0.000000, 1.000000, 0.994033, -0.018907, 0.107428, 0.007393, 0.106953, -0.024552, -0.993961, 0.058866, 0.021431, 0.999520, -0.022383, -0.053993, 0.000000, 0.000000, 0.000000, 1.000000
-19.6659, 14.4628, 16.9133, 168.5698, 237.5734, -5.4630, 240.1407, 7.3939, 58.8648, -53.9934, 0.561811, -0.795685, -0.226392, 0.014463, 0.769322, 0.603133, -0.210652, 0.016913, 0.304157, -0.055822, 0.950985, 0.168570, 0.000000, 0.000000, 0.000000, 1.000000, 0.304087, -0.055876, 0.951004, 0.237573, -0.561811, 0.795685, 0.226391, -0.005463, -0.769350, -0.603128, 0.210566, 0.240141, 0.000000, 0.000000, 0.000000, 1.000000, 0.994033, -0.018909, 0.107428, 0.007394, 0.106953, -0.024548, -0.993961, 0.058865, 0.021432, 0.999520, -0.022379, -0.053993, 0.000000, 0.000000, 0.000000, 1.000000
-19.6456, 14.4527, 16.9004, 168.5659, 237.5695, -5.4529, 240.1536, 7.3958, 58.8594, -53.9943, 0.561892, -0.795683, -0.226199, 0.014453, 0.769400, 0.603134, -0.210365, 0.016900, 0.303812, -0.055835, 0.951094, 0.168566, 0.000000, 0.000000, 0.000000, 1.000000, 0.303743, -0.055889, 0.951113, 0.237570, -0.561892, 0.795683, 0.226198, -0.005453, -0.769427, -0.603129, 0.210280, 0.240154, 0.000000, 0.000000, 0.000000, 1.000000, 0.994033, -0.018917, 0.107428, 0.007396, 0.106953, -0.024532, -0.993961, 0.058859, 0.021438, 0.999520, -0.022362, -0.053994, 0.000000, 0.000000, 0.000000, 1.000000
-19.6357, 14.4477, 16.8937, 168.5638, 237.5674, -5.4479, 240.1605, 7.3967, 58.8569, -53.9948, 0.561931, -0.795682, -0.226106, 0.014448, 0.769436, 0.603135, -0.210228, 0.016894, 0.303647, -0.055840, 0.951147, 0.168564, 0.000000, 0.000000, 0.000000, 1.000000, 0.303578, -0.055894, 0.951166, 0.237567, -0.561931, 0.795682, 0.226105, -0.005448, -0.769463, -0.603130, 0.210143, 0.240160, 0.000000, 0.000000, 0.000000, 1.000000, 0.994033, -0.018921, 0.107428, 0.007397, 0.106953, -0.024524, -0.993962, 0.058857, 0.021441, 0.999520, -0.022354, -0.053995, 0.000000, 0.000000, 0.000000, 1.000000
-19.6357, 14.4477, 16.8937, 168.5638, 237.5674, -5.4479, 240.1605, 7.3967, 58.8569, -53.9948, 0.561931, -0.795682, -0.226106, 0.014448, 0.769436, 0.603135, -0.210228, 0.016894, 0.303647, -0.055840, 0.951147, 0.168564, 0.000000, 0.000000, 0.000000, 1.000000, 0.303578, -0.055894, 0.951166, 0.237567, -0.561931, 0.795682, 0.226105, -0.005448, -0.769463, -0.603130, 0.210143, 0.240160, 0.000000, 0.000000, 0.000000, 1.000000, 0.994033, -0.018921, 0.107428, 0.007397, 0.106953, -0.024524, -0.993962, 0.058857, 0.021441, 0.999520, -0.022354, -0.053995, 0.000000, 0.000000, 0.000000, 1.000000
-19.6167, 14.4379, 16.8796, 168.5592, 237.5628, -5.4381, 240.1746, 7.3985, 58.8518, -53.9957, 0.562007, -0.795679, -0.225927, 0.014438, 0.769505, 0.603138, -0.209967, 0.016880, 0.303332, -0.055849, 0.951247, 0.168559, 0.000000, 0.000000, 0.000000, 1.000000, 0.303262, -0.055902, 0.951266, 0.237563, -0.562007, 0.795679, 0.225926, -0.005438, -0.769532, -0.603133, 0.209882, 0.240175, 0.000000, 0.000000, 0.000000, 1.000000, 0.994033, -0.018928, 0.107427, 0.007399, 0.106953, -0.024509, -0.993962, 0.058852, 0.021447, 0.999520, -0.022338, -0.053996, 0.000000, 0.000000, 0.000000, 1.000000
-19.6077, 14.4331, 16.8725, 168.5568, 237.5603, -5.4333, 240.1818, 7.3994, 58.8494, -53.9961, 0.562044, -0.795677, -0.225841, 0.014433, 0.769537, 0.603140, -0.209844, 0.016872, 0.303183, -0.055852, 0.951294, 0.168557, 0.000000, 0.000000, 0.000000, 1.000000, 0.303113, -0.055905, 0.951313, 0.237560, -0.562044, 0.795678, 0.225841, -0.005433, -0.769564, -0.603135, 0.209760, 0.240182, 0.000000, 0.000000, 0.000000, 1.000000, 0.994033, -0.018932, 0.107427, 0.007399, 0.106953, -0.024502, -0.993962, 0.058849, 0.021450, 0.999521, -0.022331, -0.053996, 0.000000, 0.000000, 0.000000, 1.000000
-19.5988, 14.4284, 16.8652, 168.5543, 237.5578, -5.4286, 240.1891, 7.4002, 58.8471, -53.9965, 0.562079, -0.795676, -0.225759, 0.014428, 0.769568, 0.603142, -0.209726, 0.016865, 0.303038, -0.055854, 0.951340, 0.168554, 0.000000, 0.000000, 0.000000, 1.000000, 0.302969, -0.055907, 0.951359, 0.237558, -0.562079, 0.795676, 0.225758, -0.005429, -0.769595, -0.603137, 0.209641, 0.240189, 0.000000, 0.000000, 0.000000, 1.000000, 0.994033, -0.018935, 0.107427, 0.007400, 0.106953, -0.024495, -0.993962, 0.058847, 0.021452, 0.999521, -0.022323, -0.053996, 0.000000, 0.000000, 0.000000, 1.000000
-19.5903, 14.4238, 16.8579, 168.5517, 237.5552, -5.4240, 240.1964, 7.4010, 58.8448, -53.9969, 0.562114, -0.795674, -0.225678, 0.014424, 0.769598, 0.603144, -0.209611, 0.016858, 0.302898, -0.055856, 0.951385, 0.168552, 0.000000, 0.000000, 0.000000, 1.000000, 0.302830, -0.055909, 0.951403, 0.237555, -0.562114, 0.795674, 0.225677, -0.005424, -0.769624, -0.603139, 0.209526, 0.240196, 0.000000, 0.000000, 0.000000, 1.000000, 0.994033, -0.018939, 0.107427, 0.007401, 0.106953, -0.024488, -0.993962, 0.058845, 0.021455, 0.999521, -0.022316, -0.053997, 0.000000, 0.000000, 0.000000, 1.000000
-19.5819, 14.4193, 16.8506, 168.5491, 237.5526, -5.4195, 240.2038, 7.4018, 58.8426, -53.9972, 0.562148, -0.795672, -0.225600, 0.014419, 0.769626, 0.603146, -0.209500, 0.016851, 0.302763, -0.055858, 0.951428, 0.168549, 0.000000, 0.000000, 0.000000, 1.000000, 0.302694, -0.055910, 0.951446, 0.237553, -0.562148, 0.795672, 0.225599, -0.005419, -0.769653, -0.603142, 0.209415, 0.240204, 0.000000, 0.000000, 0.000000, 1.000000, 0.994033, -0.018942, 0.107427, 0.007402, 0.106953, -0.024481, -0.993963, 0.058843, 0.021457, 0.999521, -0.022309, -0.053997, 0.000000, 0.000000, 0.000000, 1.000000
-19.5737, 14.4148, 16.8432, 168.5464, 237.5499, -5.4150, 240.2112, 7.4026, 58.8404, -53.9976, 0.562181, -0.795670, -0.225524, 0.014415, 0.769653, 0.603149, -0.209392, 0.016843, 0.302631, -0.055859, 0.951469, 0.168546, 0.000000, 0.000000, 0.000000, 1.000000, 0.302563, -0.055911, 0.951488, 0.237550, -0.562182, 0.795670, 0.225523, -0.005415, -0.769680, -0.603144, 0.209308, 0.240211, 0.000000, 0.000000, 0.000000, 1.000000, 0.994032, -0.018945, 0.107427, 0.007403, 0.106953, -0.024474, -0.993963, 0.058840, 0.021460, 0.999521, -0.022302, -0.053998, 0.000000, 0.000000, 0.000000, 1.000000
-19.5580, 14.4061, 16.8286, 168.5410, 237.5446, -5.4063, 240.2259, 7.4041, 58.8363, -53.9983, 0.562246, -0.795666, -0.225377, 0.014406, 0.769705, 0.603154, -0.209186, 0.016829, 0.302379, -0.055860, 0.951550, 0.168541, 0.000000, 0.000000, 0.000000, 1.000000, 0.302311, -0.055912, 0.951568, 0.237545, -0.562246, 0.795666, 0.225376, -0.005406, -0.769732, -0.603149, 0.209102, 0.240226, 0.000000, 0.000000, 0.000000, 1.000000, 0.994032, -0.018951, 0.107427, 0.007404, 0.106953, -0.024462, -0.993963, 0.058836, 0.021465, 0.999521, -0.022289, -0.053998, 0.000000, 0.000000, 0.000000, 1.000000
-19.5543, 14.4040, 16.8250, 168.5397, 237.5432, -5.4042, 240.2295, 7.4045, 58.8352, -53.9984, 0.562261, -0.795665, -0.225341, 0.014404, 0.769718, 0.603155, -0.209136, 0.016825, 0.302318, -0.055860, 0.951569, 0.168540, 0.000000, 0.000000, 0.000000, 1.000000, 0.302250, -0.055912, 0.951587, 0.237543, -0.562262, 0.795665, 0.225340, -0.005404, -0.769744, -0.603150, 0.209053, 0.240230, 0.000000, 0.000000, 0.000000, 1.000000, 0.994032, -0.018953, 0.107427, 0.007404, 0.106953, -0.024459, -0.993963, 0.058835, 0.021466, 0.999521, -0.022286, -0.053998, 0.000000, 0.000000, 0.000000, 1.000000
-19.5360, 14.3937, 16.8074, 168.5331, 237.5366, -5.3939, 240.2473, 7.4062, 58.8304, -53.9992, 0.562337, -0.795660, -0.225171, 0.014394, 0.769777, 0.603162, -0.208899, 0.016807, 0.302027, -0.055860, 0.951661, 0.168533, 0.000000, 0.000000, 0.000000, 1.000000, 0.301959, -0.055912, 0.951680, 0.237537, -0.562337, 0.795660, 0.225170, -0.005394, -0.769804, -0.603157, 0.208816, 0.240247, 0.000000, 0.000000, 0.000000, 1.000000, 0.994032, -0.018960, 0.107427, 0.007406, 0.106953, -0.024444, -0.993964, 0.058830, 0.021471, 0.999521, -0.022270, -0.053999, 0.000000, 0.000000, 0.000000, 1.000000
-19.5325, 14.3917, 16.8040, 168.5318, 237.5353, -5.3919, 240.2507, 7.4065, 58.8294, -53.9994, 0.562351, -0.795659, -0.225138, 0.014392, 0.769789, 0.603163, -0.208853, 0.016804, 0.301971, -0.055860, 0.951679, 0.168532, 0.000000, 0.000000, 0.000000, 1.000000, 0.301904, -0.055912, 0.951697, 0.237535, -0.562352, 0.795659, 0.225137, -0.005392, -0.769815, -0.603158, 0.208770, 0.240251, 0.000000, 0.000000, 0.000000, 1.000000, 0.994032, -0.018961, 0.107427, 0.007407, 0.106953, -0.024441, -0.993964, 0.058829, 0.021472, 0.999521, -0.022267, -0.053999, 0.000000, 0.000000, 0.000000, 1.000000
-19.5157, 14.3822, 16.7876, 168.5256, 237.5291, -5.3824, 240.2673, 7.4081, 58.8249, -54.0001, 0.562421, -0.795654, -0.224982, 0.014382, 0.769843, 0.603170, -0.208635, 0.016788, 0.301704, -0.055860, 0.951764, 0.168526, 0.000000, 0.000000, 0.000000, 1.000000, 0.301637, -0.055911, 0.951782, 0.237529, -0.562421, 0.795654, 0.224981, -0.005382, -0.769869, -0.603165, 0.208553, 0.240267, 0.000000, 0.000000, 0.000000, 1.000000, 0.994032, -0.018967, 0.107426, 0.007408, 0.106953, -0.024428, -0.993964, 0.058825, 0.021477, 0.999522, -0.022253, -0.054000, 0.000000, 0.000000, 0.000000, 1.000000
-19.5093, 14.3790, 16.7834, 168.5243, 237.5278, -5.3792, 240.2715, 7.4087, 58.8232, -54.0004, 0.562447, -0.795653, -0.224920, 0.014379, 0.769866, 0.603171, -0.208544, 0.016783, 0.301594, -0.055863, 0.951798, 0.168524, 0.000000, 0.000000, 0.000000, 1.000000, 0.301528, -0.055915, 0.951817, 0.237528, -0.562447, 0.795654, 0.224919, -0.005379, -0.769892, -0.603166, 0.208462, 0.240272, 0.000000, 0.000000, 0.000000, 1.000000, 0.994032, -0.018970, 0.107426, 0.007409, 0.106953, -0.024423, -0.993964, 0.058823, 0.021479, 0.999522, -0.022248, -0.054000, 0.000000, 0.000000, 0.000000, 1.000000
-19.4998, 14.3747, 16.7800, 168.5238, 237.5273, -5.3749, 240.2749, 7.4096, 58.8208, -54.0009, 0.562483, -0.795653, -0.224829, 0.014375, 0.769906, 0.603170, -0.208403, 0.016780, 0.301426, -0.055874, 0.951851, 0.168524, 0.000000, 0.000000, 0.000000, 1.000000, 0.301360, -0.055926, 0.951869, 0.237527, -0.562484, 0.795653, 0.224828, -0.005375, -0.769932, -0.603165, 0.208321, 0.240275, 0.000000, 0.000000, 0.000000, 1.000000, 0.994032, -0.018973, 0.107426, 0.007410, 0.106953, -0.024415, -0.993964, 0.058821, 0.021482, 0.999522, -0.022240, -0.054001, 0.000000, 0.000000, 0.000000, 1.000000
-19.4967, 14.3733, 16.7788, 168.5236, 237.5270, -5.3735, 240.2761, 7.4099, 58.8200, -54.0010, 0.562495, -0.795653, -0.224799, 0.014373, 0.769918, 0.603169, -0.208357, 0.016779, 0.301372, -0.055878, 0.951868, 0.168524, 0.000000, 0.000000, 0.000000, 1.000000, 0.301305, -0.055929, 0.951886, 0.237527, -0.562495, 0.795653, 0.224799, -0.005373, -0.769944, -0.603165, 0.208275, 0.240276, 0.000000, 0.000000, 0.000000, 1.000000, 0.994032, -0.018975, 0.107426, 0.007410, 0.106953, -0.024413, -0.993964, 0.058820, 0.021483, 0.999522, -0.022238, -0.054001, 0.000000, 0.000000, 0.000000, 1.000000
-19.4846, 14.3676, 16.7731, 168.5223, 237.5258, -5.3678, 240.2818, 7.4111, 58.8168, -54.0016, 0.562543, -0.795653, -0.224683, 0.014368, 0.769967, 0.603169, -0.208178, 0.016773, 0.301159, -0.055889, 0.951935, 0.168522, 0.000000, 0.000000, 0.000000, 1.000000, 0.301093, -0.055941, 0.951953, 0.237526, -0.562543, 0.795653, 0.224682, -0.005368, -0.769993, -0.603164, 0.208096, 0.240282, 0.000000, 0.000000, 0.000000, 1.000000, 0.994032, -0.018979, 0.107426, 0.007411, 0.106953, -0.024403, -0.993965, 0.058817, 0.021486, 0.999522, -0.022228, -0.054002, 0.000000, 0.000000, 0.000000, 1.000000
-19.4756, 14.3633, 16.7681, 168.5210, 237.5244, -5.3634, 240.2868, 7.4119, 58.8145, -54.0020, 0.562578, -0.795652, -0.224597, 0.014363, 0.770001, 0.603169, -0.208050, 0.016768, 0.301005, -0.055896, 0.951983, 0.168521, 0.000000, 0.000000, 0.000000, 1.000000, 0.300938, -0.055948, 0.952001, 0.237524, -0.562578, 0.795652, 0.224597, -0.005363, -0.770027, -0.603165, 0.207967, 0.240287, 0.000000, 0.000000, 0.000000, 1.000000, 0.994032, -0.018983, 0.107426, 0.007412, 0.106953, -0.024396, -0.993965, 0.058814, 0.021489, 0.999522, -0.022220, -0.054002, 0.000000, 0.000000, 0.000000, 1.000000
-19.4637, 14.3573, 16.7604, 168.5186, 237.5221, -5.3575, 240.2944, 7.4130, 58.8113, -54.0026, 0.562625, -0.795651, -0.224485, 0.014357, 0.770045, 0.603171, -0.207883, 0.016760, 0.300805, -0.055903, 0.952046, 0.168519, 0.000000, 0.000000, 0.000000, 1.000000, 0.300738, -0.055955, 0.952064, 0.237522, -0.562625, 0.795651, 0.224484, -0.005357, -0.770071, -0.603166, 0.207801, 0.240294, 0.000000, 0.000000, 0.000000, 1.000000, 0.994032, -0.018987, 0.107425, 0.007413, 0.106952, -0.024387, -0.993965, 0.058811, 0.021493, 0.999522, -0.022211, -0.054003, 0.000000, 0.000000, 0.000000, 1.000000
-19.4549, 14.3528, 16.7540, 168.5166, 237.5200, -5.3530, 240.3009, 7.4138, 58.8090, -54.0030, 0.562660, -0.795649, -0.224402, 0.014353, 0.770077, 0.603172, -0.207762, 0.016754, 0.300658, -0.055907, 0.952092, 0.168517, 0.000000, 0.000000, 0.000000, 1.000000, 0.300591, -0.055959, 0.952110, 0.237520, -0.562660, 0.795649, 0.224401, -0.005353, -0.770103, -0.603167, 0.207680, 0.240301, 0.000000, 0.000000, 0.000000, 1.000000, 0.994032, -0.018991, 0.107425, 0.007414, 0.106952, -0.024380, -0.993965, 0.058809, 0.021495, 0.999522, -0.022203, -0.054003, 0.000000, 0.000000, 0.000000, 1.000000
-19.4520, 14.3512, 16.7517, 168.5158, 237.5193, -5.3514, 240.3031, 7.4141, 58.8082, -54.0031, 0.562672, -0.795649, -0.224374, 0.014351, 0.770087, 0.603173, -0.207722, 0.016752, 0.300610, -0.055908, 0.952107, 0.168516, 0.000000, 0.000000, 0.000000, 1.000000, 0.300543, -0.055960, 0.952125, 0.237519, -0.562672, 0.795649, 0.224373, -0.005351, -0.770113, -0.603168, 0.207639, 0.240303, 0.000000, 0.000000, 0.000000, 1.000000, 0.994032, -0.018992, 0.107425, 0.007414, 0.106952, -0.024377, -0.993965, 0.058808, 0.021496, 0.999522, -0.022201, -0.054003, 0.000000, 0.000000, 0.000000, 1.000000
-19.4402, 14.3450, 16.7421, 168.5125, 237.5159, -5.3451, 240.3128, 7.4152, 58.8051, -54.0036, 0.562719, -0.795647, -0.224263, 0.014345, 0.770128, 0.603175, -0.207563, 0.016742, 0.300416, -0.055912, 0.952168, 0.168512, 0.000000, 0.000000, 0.000000, 1.000000, 0.300350, -0.055963, 0.952186, 0.237516, -0.562719, 0.795647, 0.224262, -0.005345, -0.770154, -0.603170, 0.207481, 0.240313, 0.000000, 0.000000, 0.000000, 1.000000, 0.994032, -0.018996, 0.107425, 0.007415, 0.106952, -0.024368, -0.993965, 0.058805, 0.021500, 0.999523, -0.022191, -0.054004, 0.000000, 0.000000, 0.000000, 1.000000
