# Joint_B_Angle(deg), Cam_X(mm), Cam_Y(mm), Cam_Z(mm), Torso_X(mm), Torso_Y(mm), Torso_Z(mm), EE_X(mm), EE_Y(mm), EE_Z(mm), T_cam2marker_flat(16), T_torso2marker_flat(16), T_ee2marker_flat(16)
-19.9993, 91.6418, 110.7994, 487.2516, 556.2468, -82.6421, 146.2270, 105.0557, 10.6654, -21.3342, -0.371557, -0.793980, -0.481187, 0.091642, 0.876212, -0.128555, -0.464462, 0.110799, 0.306915, -0.594197, 0.743461, 0.487252, 0.000000, 0.000000, 0.000000, 1.000000, 0.306838, -0.594185, 0.743502, 0.556247, 0.371557, 0.793980, 0.481187, -0.082642, -0.876239, 0.128607, 0.464397, 0.146227, 0.000000, 0.000000, 0.000000, 1.000000, 0.003375, 0.036391, -0.999332, 0.105056, -0.997933, -0.064009, -0.005701, 0.010665, -0.064173, 0.997286, 0.036100, -0.021334, 0.000000, 0.000000, 0.000000, 1.000000
-19.9993, 91.6416, 110.8030, 487.2520, 556.2472, -82.6419, 146.2232, 105.0557, 10.6654, -21.3342, -0.371559, -0.793979, -0.481187, 0.091642, 0.876214, -0.128560, -0.464458, 0.110803, 0.306909, -0.594196, 0.743463, 0.487252, 0.000000, 0.000000, 0.000000, 1.000000, 0.306832, -0.594185, 0.743505, 0.556247, 0.371559, 0.793980, 0.481187, -0.082642, -0.876241, 0.128612, 0.464392, 0.146223, 0.000000, 0.000000, 0.000000, 1.000000, 0.003374, 0.036391, -0.999332, 0.105056, -0.997933, -0.064009, -0.005701, 0.010665, -0.064173, 0.997286, 0.036100, -0.021334, 0.000000, 0.000000, 0.000000, 1.000000
-19.9993, 91.6415, 110.8054, 487.2523, 556.2475, -82.6418, 146.2207, 105.0557, 10.6653, -21.3342, -0.371560, -0.793979, -0.481187, 0.091642, 0.876215, -0.128563, -0.464455, 0.110805, 0.306905, -0.594196, 0.743465, 0.487252, 0.000000, 0.000000, 0.000000, 1.000000, 0.306827, -0.594184, 0.743507, 0.556248, 0.371560, 0.793979, 0.481186, -0.082642, -0.876242, 0.128616, 0.464389, 0.146221, 0.000000, 0.000000, 0.000000, 1.000000, 0.003374, 0.036391, -0.999332, 0.105056, -0.997933, -0.064008, -0.005701, 0.010665, -0.064173, 0.997286, 0.036100, -0.021334, 0.000000, 0.000000, 0.000000, 1.000000
-19.9993, 91.6415, 110.8065, 487.2525, 556.2477, -82.6418, 146.2193, 105.0557, 10.6653, -21.3342, -0.371561, -0.793979, -0.481187, 0.091641, 0.876215, -0.128565, -0.464454, 0.110807, 0.306903, -0.594196, 0.743466, 0.487253, 0.000000, 0.000000, 0.000000, 1.000000, 0.306825, -0.594184, 0.743508, 0.556248, 0.371560, 0.793979, 0.481186, -0.082642, -0.876243, 0.128618, 0.464388, 0.146219, 0.000000, 0.000000, 0.000000, 1.000000, 0.003374, 0.036391, -0.999332, 0.105056, -0.997933, -0.064008, -0.005701, 0.010665, -0.064173, 0.997286, 0.036100, -0.021334, 0.000000, 0.000000, 0.000000, 1.000000
-19.9993, 91.6415, 110.8065, 487.2525, 556.2477, -82.6418, 146.2193, 105.0557, 10.6653, -21.3342, -0.371561, -0.793979, -0.481187, 0.091641, 0.876215, -0.128565, -0.464454, 0.110807, 0.306903, -0.594196, 0.743466, 0.487253, 0.000000, 0.000000, 0.000000, 1.000000, 0.306825, -0.594184, 0.743508, 0.556248, 0.371560, 0.793979, 0.481186, -0.082642, -0.876243, 0.128618, 0.464388, 0.146219, 0.000000, 0.000000, 0.000000, 1.000000, 0.003374, 0.036391, -0.999332, 0.105056, -0.997933, -0.064008, -0.005701, 0.010665, -0.064173, 0.997286, 0.036100, -0.021334, 0.000000, 0.000000, 0.000000, 1.000000
-19.9993, 91.6415, 110.8063, 487.2526, 556.2477, -82.6417, 146.2193, 105.0557, 10.6653, -21.3342, -0.371560, -0.793979, -0.481187, 0.091641, 0.876215, -0.128565, -0.464454, 0.110806, 0.306903, -0.594196, 0.743466, 0.487253, 0.000000, 0.000000, 0.000000, 1.000000, 0.306825, -0.594184, 0.743508, 0.556248, 0.371560, 0.793979, 0.481186, -0.082642, -0.876243, 0.128618, 0.464388, 0.146219, 0.000000, 0.000000, 0.000000, 1.000000, 0.003374, 0.036391, -0.999332, 0.105056, -0.997933, -0.064008, -0.005701, 0.010665, -0.064173, 0.997286, 0.036100, -0.021334, 0.000000, 0.000000, 0.000000, 1.000000
-19.9993, 91.6415, 110.8057, 487.2525, 556.2476, -82.6418, 146.2198, 105.0557, 10.6653, -21.3342, -0.371560, -0.793979, -0.481187, 0.091641, 0.876215, -0.128564, -0.464455, 0.110806, 0.306904, -0.594196, 0.743465, 0.487253, 0.000000, 0.000000, 0.000000, 1.000000, 0.306826, -0.594184, 0.743507, 0.556248, 0.371560, 0.793979, 0.481187, -0.082642, -0.876243, 0.128617, 0.464388, 0.146220, 0.000000, 0.000000, 0.000000, 1.000000, 0.003374, 0.036391, -0.999332, 0.105056, -0.997933, -0.064008, -0.005701, 0.010665, -0.064173, 0.997286, 0.036100, -0.021334, 0.000000, 0.000000, 0.000000, 1.000000
-19.9992, 91.6416, 110.8037, 487.2523, 556.2474, -82.6419, 146.2217, 105.0557, 10.6653, -21.3342, -0.371558, -0.793979, -0.481187, 0.091642, 0.876215, -0.128560, -0.464456, 0.110804, 0.306907, -0.594196, 0.743464, 0.487252, 0.000000, 0.000000, 0.000000, 1.000000, 0.306828, -0.594184, 0.743506, 0.556247, 0.371558, 0.793980, 0.481187, -0.082642, -0.876243, 0.128614, 0.464389, 0.146222, 0.000000, 0.000000, 0.000000, 1.000000, 0.003374, 0.036391, -0.999332, 0.105056, -0.997933, -0.064008, -0.005701, 0.010665, -0.064173, 0.997286, 0.036100, -0.021334, 0.000000, 0.000000, 0.000000, 1.000000
-19.9990, 91.6419, 110.8005, 487.2519, 556.2470, -82.6422, 146.2247, 105.0557, 10.6653, -21.3342, -0.371554, -0.793980, -0.481189, 0.091642, 0.876215, -0.128555, -0.464457, 0.110801, 0.306911, -0.594196, 0.743463, 0.487252, 0.000000, 0.000000, 0.000000, 1.000000, 0.306832, -0.594184, 0.743505, 0.556247, 0.371554, 0.793981, 0.481188, -0.082642, -0.876243, 0.128608, 0.464390, 0.146225, 0.000000, 0.000000, 0.000000, 1.000000, 0.003375, 0.036391, -0.999332, 0.105056, -0.997933, -0.064008, -0.005701, 0.010665, -0.064173, 0.997286, 0.036100, -0.021334, 0.000000, 0.000000, 0.000000, 1.000000
-19.9988, 91.6421, 110.7985, 487.2516, 556.2467, -82.6424, 146.2267, 105.0557, 10.6652, -21.3342, -0.371551, -0.793981, -0.481190, 0.091642, 0.876216, -0.128551, -0.464458, 0.110798, 0.306913, -0.594195, 0.743462, 0.487252, 0.000000, 0.000000, 0.000000, 1.000000, 0.306834, -0.594183, 0.743504, 0.556247, 0.371551, 0.793982, 0.481189, -0.082642, -0.876243, 0.128604, 0.464390, 0.146227, 0.000000, 0.000000, 0.000000, 1.000000, 0.003375, 0.036391, -0.999332, 0.105056, -0.997933, -0.064008, -0.005701, 0.010665, -0.064173, 0.997286, 0.036100, -0.021334, 0.000000, 0.000000, 0.000000, 1.000000
-19.9983, 91.6427, 110.7935, 487.2508, 556.2459, -82.6430, 146.2315, 105.0557, 10.6651, -21.3343, -0.371542, -0.793984, -0.481192, 0.091643, 0.876218, -0.128540, -0.464456, 0.110794, 0.306919, -0.594194, 0.743461, 0.487251, 0.000000, 0.000000, 0.000000, 1.000000, 0.306839, -0.594182, 0.743503, 0.556246, 0.371542, 0.793984, 0.481192, -0.082643, -0.876246, 0.128594, 0.464389, 0.146232, 0.000000, 0.000000, 0.000000, 1.000000, 0.003375, 0.036391, -0.999332, 0.105056, -0.997933, -0.064008, -0.005701, 0.010665, -0.064173, 0.997286, 0.036100, -0.021334, 0.000000, 0.000000, 0.000000, 1.000000
-19.9979, 91.6431, 110.7905, 487.2503, 556.2453, -82.6434, 146.2344, 105.0557, 10.6650, -21.3343, -0.371535, -0.793986, -0.481194, 0.091643, 0.876220, -0.128533, -0.464455, 0.110791, 0.306921, -0.594193, 0.743461, 0.487250, 0.000000, 0.000000, 0.000000, 1.000000, 0.306842, -0.594181, 0.743503, 0.556245, 0.371535, 0.793986, 0.481194, -0.082643, -0.876247, 0.128587, 0.464387, 0.146234, 0.000000, 0.000000, 0.000000, 1.000000, 0.003375, 0.036391, -0.999332, 0.105056, -0.997933, -0.064008, -0.005701, 0.010665, -0.064173, 0.997286, 0.036100, -0.021334, 0.000000, 0.000000, 0.000000, 1.000000
-19.9970, 91.6443, 110.7836, 487.2490, 556.2440, -82.6446, 146.2412, 105.0557, 10.6647, -21.3343, -0.371519, -0.793991, -0.481199, 0.091644, 0.876225, -0.128517, -0.464450, 0.110784, 0.306926, -0.594190, 0.743461, 0.487249, 0.000000, 0.000000, 0.000000, 1.000000, 0.306847, -0.594178, 0.743503, 0.556244, 0.371519, 0.793991, 0.481199, -0.082645, -0.876253, 0.128571, 0.464382, 0.146241, 0.000000, 0.000000, 0.000000, 1.000000, 0.003375, 0.036391, -0.999332, 0.105056, -0.997933, -0.064008, -0.005702, 0.010665, -0.064173, 0.997286, 0.036100, -0.021334, 0.000000, 0.000000, 0.000000, 1.000000
-19.9963, 91.6450, 110.7796, 487.2482, 556.2433, -82.6453, 146.2452, 105.0558, 10.6645, -21.3344, -0.371508, -0.793994, -0.481202, 0.091645, 0.876228, -0.128507, -0.464445, 0.110780, 0.306929, -0.594188, 0.743461, 0.487248, 0.000000, 0.000000, 0.000000, 1.000000, 0.306849, -0.594176, 0.743504, 0.556243, 0.371508, 0.793994, 0.481202, -0.082645, -0.876256, 0.128561, 0.464378, 0.146245, 0.000000, 0.000000, 0.000000, 1.000000, 0.003376, 0.036391, -0.999332, 0.105056, -0.997933, -0.064008, -0.005702, 0.010665, -0.064172, 0.997286, 0.036100, -0.021334, 0.000000, 0.000000, 0.000000, 1.000000
-19.9948, 91.6468, 110.7706, 487.2463, 556.2414, -82.6471, 146.2541, 105.0558, 10.6640, -21.3344, -0.371481, -0.794001, -0.481210, 0.091647, 0.876238, -0.128483, -0.464434, 0.110771, 0.306934, -0.594183, 0.743463, 0.487246, 0.000000, 0.000000, 0.000000, 1.000000, 0.306854, -0.594171, 0.743506, 0.556241, 0.371481, 0.794002, 0.481210, -0.082647, -0.876266, 0.128537, 0.464366, 0.146254, 0.000000, 0.000000, 0.000000, 1.000000, 0.003376, 0.036391, -0.999332, 0.105056, -0.997933, -0.064007, -0.005702, 0.010664, -0.064172, 0.997286, 0.036100, -0.021334, 0.000000, 0.000000, 0.000000, 1.000000
-19.9927, 91.6490, 110.7602, 487.2440, 556.2391, -82.6493, 146.2644, 105.0558, 10.6634, -21.3345, -0.371448, -0.794011, -0.481220, 0.091649, 0.876251, -0.128454, -0.464418, 0.110760, 0.306938, -0.594177, 0.743467, 0.487244, 0.000000, 0.000000, 0.000000, 1.000000, 0.306858, -0.594164, 0.743510, 0.556239, 0.371447, 0.794011, 0.481220, -0.082649, -0.876279, 0.128509, 0.464350, 0.146264, 0.000000, 0.000000, 0.000000, 1.000000, 0.003377, 0.036391, -0.999332, 0.105056, -0.997933, -0.064006, -0.005703, 0.010663, -0.064171, 0.997286, 0.036100, -0.021335, 0.000000, 0.000000, 0.000000, 1.000000
-19.9887, 91.6533, 110.7420, 487.2398, 556.2348, -82.6536, 146.2825, 105.0559, 10.6623, -21.3347, -0.371383, -0.794030, -0.481240, 0.091653, 0.876277, -0.128401, -0.464383, 0.110742, 0.306942, -0.594163, 0.743476, 0.487240, 0.000000, 0.000000, 0.000000, 1.000000, 0.306862, -0.594151, 0.743519, 0.556235, 0.371382, 0.794030, 0.481240, -0.082654, -0.876305, 0.128455, 0.464315, 0.146282, 0.000000, 0.000000, 0.000000, 1.000000, 0.003378, 0.036391, -0.999332, 0.105056, -0.997933, -0.064005, -0.005705, 0.010662, -0.064170, 0.997286, 0.036100, -0.021335, 0.000000, 0.000000, 0.000000, 1.000000
-19.9872, 91.6548, 110.7421, 487.2389, 556.2340, -82.6551, 146.2823, 105.0558, 10.6618, -21.3347, -0.371359, -0.794036, -0.481248, 0.091655, 0.876291, -0.128390, -0.464361, 0.110742, 0.306932, -0.594157, 0.743485, 0.487239, 0.000000, 0.000000, 0.000000, 1.000000, 0.306851, -0.594145, 0.743528, 0.556234, 0.371359, 0.794036, 0.481247, -0.082655, -0.876319, 0.128445, 0.464292, 0.146282, 0.000000, 0.000000, 0.000000, 1.000000, 0.003379, 0.036391, -0.999332, 0.105056, -0.997933, -0.064005, -0.005705, 0.010662, -0.064169, 0.997286, 0.036100, -0.021335, 0.000000, 0.000000, 0.000000, 1.000000
-19.9837, 91.6583, 110.7405, 487.2368, 556.2318, -82.6586, 146.2835, 105.0558, 10.6607, -21.3349, -0.371307, -0.794050, -0.481264, 0.091658, 0.876320, -0.128363, -0.464312, 0.110741, 0.306911, -0.594144, 0.743504, 0.487237, 0.000000, 0.000000, 0.000000, 1.000000, 0.306830, -0.594132, 0.743547, 0.556232, 0.371307, 0.794051, 0.481264, -0.082659, -0.876348, 0.128418, 0.464244, 0.146284, 0.000000, 0.000000, 0.000000, 1.000000, 0.003380, 0.036392, -0.999332, 0.105056, -0.997933, -0.064003, -0.005706, 0.010661, -0.064168, 0.997286, 0.036100, -0.021335, 0.000000, 0.000000, 0.000000, 1.000000
-19.9817, 91.6602, 110.7389, 487.2355, 556.2305, -82.6605, 146.2851, 105.0558, 10.6601, -21.3349, -0.371278, -0.794058, -0.481274, 0.091660, 0.876336, -0.128347, -0.464287, 0.110739, 0.306901, -0.594137, 0.743514, 0.487236, 0.000000, 0.000000, 0.000000, 1.000000, 0.306820, -0.594124, 0.743558, 0.556231, 0.371277, 0.794059, 0.481273, -0.082660, -0.876365, 0.128402, 0.464218, 0.146285, 0.000000, 0.000000, 0.000000, 1.000000, 0.003381, 0.036392, -0.999332, 0.105056, -0.997933, -0.064002, -0.005707, 0.010660, -0.064167, 0.997286, 0.036100, -0.021335, 0.000000, 0.000000, 0.000000, 1.000000
-19.9774, 91.6645, 110.7337, 487.2325, 556.2275, -82.6648, 146.2900, 105.0558, 10.6589, -21.3351, -0.371212, -0.794077, -0.481294, 0.091665, 0.876371, -0.128310, -0.464231, 0.110734, 0.306880, -0.594120, 0.743536, 0.487233, 0.000000, 0.000000, 0.000000, 1.000000, 0.306799, -0.594108, 0.743579, 0.556227, 0.371212, 0.794077, 0.481294, -0.082665, -0.876399, 0.128365, 0.464162, 0.146290, 0.000000, 0.000000, 0.000000, 1.000000, 0.003382, 0.036392, -0.999332, 0.105056, -0.997934, -0.064001, -0.005708, 0.010659, -0.064166, 0.997286, 0.036100, -0.021335, 0.000000, 0.000000, 0.000000, 1.000000
-19.9726, 91.6694, 110.7261, 487.2289, 556.2238, -82.6697, 146.2974, 105.0558, 10.6574, -21.3353, -0.371138, -0.794097, -0.481317, 0.091669, 0.876409, -0.128265, -0.464172, 0.110726, 0.306861, -0.594102, 0.743558, 0.487229, 0.000000, 0.000000, 0.000000, 1.000000, 0.306779, -0.594090, 0.743602, 0.556224, 0.371138, 0.794097, 0.481317, -0.082670, -0.876438, 0.128321, 0.464102, 0.146297, 0.000000, 0.000000, 0.000000, 1.000000, 0.003384, 0.036393, -0.999332, 0.105056, -0.997934, -0.063999, -0.005710, 0.010657, -0.064164, 0.997286, 0.036101, -0.021335, 0.000000, 0.000000, 0.000000, 1.000000
-19.9699, 91.6721, 110.7213, 487.2269, 556.2218, -82.6724, 146.3021, 105.0559, 10.6566, -21.3354, -0.371098, -0.794108, -0.481330, 0.091672, 0.876429, -0.128240, -0.464140, 0.110721, 0.306852, -0.594093, 0.743570, 0.487227, 0.000000, 0.000000, 0.000000, 1.000000, 0.306770, -0.594080, 0.743613, 0.556222, 0.371098, 0.794109, 0.481329, -0.082672, -0.876458, 0.128296, 0.464070, 0.146302, 0.000000, 0.000000, 0.000000, 1.000000, 0.003385, 0.036393, -0.999332, 0.105056, -0.997934, -0.063998, -0.005711, 0.010657, -0.064163, 0.997286, 0.036101, -0.021335, 0.000000, 0.000000, 0.000000, 1.000000
-19.9643, 91.6779, 110.7099, 487.2224, 556.2173, -82.6782, 146.3132, 105.0559, 10.6549, -21.3356, -0.371011, -0.794133, -0.481357, 0.091678, 0.876473, -0.128185, -0.464073, 0.110710, 0.306833, -0.594072, 0.743594, 0.487222, 0.000000, 0.000000, 0.000000, 1.000000, 0.306751, -0.594060, 0.743638, 0.556217, 0.371010, 0.794133, 0.481356, -0.082678, -0.876502, 0.128241, 0.464003, 0.146313, 0.000000, 0.000000, 0.000000, 1.000000, 0.003387, 0.036393, -0.999332, 0.105056, -0.997934, -0.063996, -0.005712, 0.010655, -0.064161, 0.997286, 0.036101, -0.021336, 0.000000, 0.000000, 0.000000, 1.000000
-19.9613, 91.6810, 110.7034, 487.2199, 556.2148, -82.6813, 146.3197, 105.0559, 10.6540, -21.3357, -0.370964, -0.794146, -0.481371, 0.091681, 0.876496, -0.128155, -0.464038, 0.110703, 0.306824, -0.594061, 0.743606, 0.487220, 0.000000, 0.000000, 0.000000, 1.000000, 0.306741, -0.594049, 0.743650, 0.556215, 0.370964, 0.794146, 0.481371, -0.082681, -0.876525, 0.128211, 0.463968, 0.146320, 0.000000, 0.000000, 0.000000, 1.000000, 0.003388, 0.036393, -0.999332, 0.105056, -0.997934, -0.063995, -0.005714, 0.010654, -0.064160, 0.997286, 0.036101, -0.021336, 0.000000, 0.000000, 0.000000, 1.000000
-19.9581, 91.6843, 110.6962, 487.2173, 556.2122, -82.6846, 146.3267, 105.0559, 10.6531, -21.3358, -0.370915, -0.794160, -0.481386, 0.091684, 0.876520, -0.128123, -0.464002, 0.110696, 0.306815, -0.594050, 0.743619, 0.487217, 0.000000, 0.000000, 0.000000, 1.000000, 0.306732, -0.594037, 0.743663, 0.556212, 0.370915, 0.794160, 0.481386, -0.082685, -0.876549, 0.128179, 0.463932, 0.146327, 0.000000, 0.000000, 0.000000, 1.000000, 0.003389, 0.036394, -0.999332, 0.105056, -0.997934, -0.063994, -0.005715, 0.010653, -0.064159, 0.997286, 0.036102, -0.021336, 0.000000, 0.000000, 0.000000, 1.000000
-19.9480, 91.6949, 110.6714, 487.2086, 556.2035, -82.6952, 146.3512, 105.0559, 10.6501, -21.3362, -0.370757, -0.794204, -0.481435, 0.091695, 0.876596, -0.128018, -0.463888, 0.110671, 0.306789, -0.594013, 0.743659, 0.487209, 0.000000, 0.000000, 0.000000, 1.000000, 0.306706, -0.594000, 0.743704, 0.556203, 0.370757, 0.794204, 0.481434, -0.082695, -0.876625, 0.128074, 0.463817, 0.146351, 0.000000, 0.000000, 0.000000, 1.000000, 0.003392, 0.036394, -0.999332, 0.105056, -0.997934, -0.063990, -0.005718, 0.010650, -0.064156, 0.997287, 0.036102, -0.021336, 0.000000, 0.000000, 0.000000, 1.000000
-19.9444, 91.6987, 110.6621, 487.2055, 556.2004, -82.6990, 146.3604, 105.0559, 10.6490, -21.3364, -0.370701, -0.794220, -0.481452, 0.091699, 0.876622, -0.127980, -0.463847, 0.110662, 0.306781, -0.594000, 0.743673, 0.487206, 0.000000, 0.000000, 0.000000, 1.000000, 0.306697, -0.593987, 0.743717, 0.556200, 0.370700, 0.794220, 0.481452, -0.082699, -0.876652, 0.128036, 0.463777, 0.146360, 0.000000, 0.000000, 0.000000, 1.000000, 0.003394, 0.036394, -0.999332, 0.105056, -0.997934, -0.063989, -0.005719, 0.010649, -0.064154, 0.997287, 0.036102, -0.021336, 0.000000, 0.000000, 0.000000, 1.000000
-19.9407, 91.7026, 110.6524, 487.2023, 556.1971, -82.7029, 146.3701, 105.0560, 10.6479, -21.3365, -0.370642, -0.794236, -0.481470, 0.091703, 0.876650, -0.127940, -0.463806, 0.110652, 0.306772, -0.593987, 0.743687, 0.487202, 0.000000, 0.000000, 0.000000, 1.000000, 0.306689, -0.593974, 0.743732, 0.556197, 0.370642, 0.794237, 0.481469, -0.082703, -0.876679, 0.127997, 0.463735, 0.146370, 0.000000, 0.000000, 0.000000, 1.000000, 0.003395, 0.036395, -0.999332, 0.105056, -0.997934, -0.063988, -0.005721, 0.010648, -0.064153, 0.997287, 0.036102, -0.021337, 0.000000, 0.000000, 0.000000, 1.000000
-19.9329, 91.7107, 110.6314, 487.1954, 556.1902, -82.7110, 146.3909, 105.0560, 10.6456, -21.3368, -0.370521, -0.794270, -0.481507, 0.091711, 0.876707, -0.127857, -0.463721, 0.110631, 0.306756, -0.593959, 0.743716, 0.487195, 0.000000, 0.000000, 0.000000, 1.000000, 0.306672, -0.593946, 0.743761, 0.556190, 0.370521, 0.794271, 0.481506, -0.082711, -0.876736, 0.127914, 0.463650, 0.146391, 0.000000, 0.000000, 0.000000, 1.000000, 0.003398, 0.036395, -0.999332, 0.105056, -0.997934, -0.063985, -0.005723, 0.010646, -0.064150, 0.997287, 0.036103, -0.021337, 0.000000, 0.000000, 0.000000, 1.000000
-19.9248, 91.7193, 110.6087, 487.1882, 556.1830, -82.7196, 146.4135, 105.0560, 10.6432, -21.3372, -0.370393, -0.794306, -0.481546, 0.091719, 0.876767, -0.127769, -0.463633, 0.110609, 0.306740, -0.593930, 0.743746, 0.487188, 0.000000, 0.000000, 0.000000, 1.000000, 0.306656, -0.593917, 0.743791, 0.556183, 0.370393, 0.794307, 0.481545, -0.082720, -0.876796, 0.127826, 0.463562, 0.146413, 0.000000, 0.000000, 0.000000, 1.000000, 0.003400, 0.036396, -0.999332, 0.105056, -0.997935, -0.063982, -0.005726, 0.010643, -0.064148, 0.997287, 0.036103, -0.021337, 0.000000, 0.000000, 0.000000, 1.000000
-19.9206, 91.7237, 110.5968, 487.1844, 556.1792, -82.7240, 146.4253, 105.0561, 10.6419, -21.3373, -0.370327, -0.794325, -0.481566, 0.091724, 0.876797, -0.127723, -0.463588, 0.110597, 0.306732, -0.593915, 0.743761, 0.487184, 0.000000, 0.000000, 0.000000, 1.000000, 0.306648, -0.593902, 0.743806, 0.556179, 0.370327, 0.794325, 0.481565, -0.082724, -0.876827, 0.127781, 0.463516, 0.146425, 0.000000, 0.000000, 0.000000, 1.000000, 0.003402, 0.036396, -0.999332, 0.105056, -0.997935, -0.063981, -0.005727, 0.010642, -0.064146, 0.997287, 0.036103, -0.021337, 0.000000, 0.000000, 0.000000, 1.000000
-19.9119, 91.7328, 110.5720, 487.1766, 556.1714, -82.7331, 146.4500, 105.0561, 10.6394, -21.3377, -0.370192, -0.794363, -0.481607, 0.091733, 0.876860, -0.127629, -0.463495, 0.110572, 0.306716, -0.593884, 0.743792, 0.487177, 0.000000, 0.000000, 0.000000, 1.000000, 0.306632, -0.593871, 0.743837, 0.556171, 0.370191, 0.794363, 0.481607, -0.082733, -0.876889, 0.127686, 0.463423, 0.146450, 0.000000, 0.000000, 0.000000, 1.000000, 0.003405, 0.036397, -0.999332, 0.105056, -0.997935, -0.063978, -0.005730, 0.010639, -0.064143, 0.997287, 0.036104, -0.021338, 0.000000, 0.000000, 0.000000, 1.000000
-19.9030, 91.7422, 110.5459, 487.1685, 556.1633, -82.7425, 146.4760, 105.0562, 10.6367, -21.3380, -0.370051, -0.794403, -0.481650, 0.091742, 0.876925, -0.127531, -0.463400, 0.110546, 0.306701, -0.593852, 0.743824, 0.487168, 0.000000, 0.000000, 0.000000, 1.000000, 0.306616, -0.593839, 0.743869, 0.556163, 0.370051, 0.794403, 0.481649, -0.082743, -0.876954, 0.127588, 0.463328, 0.146476, 0.000000, 0.000000, 0.000000, 1.000000, 0.003408, 0.036397, -0.999332, 0.105056, -0.997935, -0.063974, -0.005733, 0.010637, -0.064140, 0.997288, 0.036104, -0.021338, 0.000000, 0.000000, 0.000000, 1.000000
-19.8892, 91.7568, 110.5049, 487.1559, 556.1506, -82.7571, 146.5168, 105.0562, 10.6327, -21.3386, -0.369834, -0.794464, -0.481716, 0.091757, 0.877024, -0.127378, -0.463253, 0.110505, 0.306678, -0.593803, 0.743873, 0.487156, 0.000000, 0.000000, 0.000000, 1.000000, 0.306593, -0.593790, 0.743918, 0.556151, 0.369833, 0.794464, 0.481715, -0.082757, -0.877054, 0.127435, 0.463181, 0.146517, 0.000000, 0.000000, 0.000000, 1.000000, 0.003413, 0.036398, -0.999332, 0.105056, -0.997935, -0.063970, -0.005738, 0.010633, -0.064136, 0.997288, 0.036105, -0.021339, 0.000000, 0.000000, 0.000000, 1.000000
-19.8845, 91.7618, 110.4908, 487.1515, 556.1463, -82.7621, 146.5308, 105.0563, 10.6313, -21.3388, -0.369760, -0.794485, -0.481738, 0.091762, 0.877058, -0.127325, -0.463203, 0.110491, 0.306670, -0.593786, 0.743889, 0.487152, 0.000000, 0.000000, 0.000000, 1.000000, 0.306585, -0.593773, 0.743935, 0.556146, 0.369759, 0.794485, 0.481738, -0.082762, -0.877088, 0.127383, 0.463131, 0.146531, 0.000000, 0.000000, 0.000000, 1.000000, 0.003415, 0.036398, -0.999332, 0.105056, -0.997935, -0.063968, -0.005740, 0.010631, -0.064134, 0.997288, 0.036105, -0.021339, 0.000000, 0.000000, 0.000000, 1.000000
-19.8750, 91.7718, 110.4622, 487.1428, 556.1375, -82.7722, 146.5593, 105.0563, 10.6285, -21.3392, -0.369610, -0.794527, -0.481784, 0.091772, 0.877127, -0.127220, -0.463102, 0.110462, 0.306655, -0.593752, 0.743923, 0.487143, 0.000000, 0.000000, 0.000000, 1.000000, 0.306570, -0.593740, 0.743968, 0.556138, 0.369609, 0.794527, 0.481783, -0.082772, -0.877157, 0.127277, 0.463030, 0.146559, 0.000000, 0.000000, 0.000000, 1.000000, 0.003418, 0.036399, -0.999331, 0.105056, -0.997936, -0.063965, -0.005743, 0.010628, -0.064131, 0.997288, 0.036105, -0.021339, 0.000000, 0.000000, 0.000000, 1.000000
-19.8702, 91.7769, 110.4477, 487.1384, 556.1331, -82.7773, 146.5738, 105.0563, 10.6270, -21.3394, -0.369534, -0.794548, -0.481807, 0.091777, 0.877161, -0.127166, -0.463051, 0.110448, 0.306647, -0.593735, 0.743939, 0.487138, 0.000000, 0.000000, 0.000000, 1.000000, 0.306562, -0.593722, 0.743985, 0.556133, 0.369534, 0.794549, 0.481806, -0.082777, -0.877191, 0.127224, 0.462979, 0.146574, 0.000000, 0.000000, 0.000000, 1.000000, 0.003420, 0.036399, -0.999331, 0.105056, -0.997936, -0.063963, -0.005745, 0.010627, -0.064129, 0.997288, 0.036105, -0.021339, 0.000000, 0.000000, 0.000000, 1.000000
-19.8557, 91.7923, 110.4038, 487.1249, 556.1197, -82.7927, 146.6176, 105.0564, 10.6227, -21.3400, -0.369304, -0.794613, -0.481876, 0.091792, 0.877266, -0.127004, -0.462897, 0.110404, 0.306624, -0.593684, 0.743990, 0.487125, 0.000000, 0.000000, 0.000000, 1.000000, 0.306539, -0.593671, 0.744036, 0.556120, 0.369304, 0.794613, 0.481876, -0.082793, -0.877296, 0.127062, 0.462825, 0.146618, 0.000000, 0.000000, 0.000000, 1.000000, 0.003425, 0.036400, -0.999331, 0.105056, -0.997936, -0.063958, -0.005750, 0.010623, -0.064124, 0.997289, 0.036106, -0.021340, 0.000000, 0.000000, 0.000000, 1.000000
-19.8508, 91.7975, 110.3890, 487.1204, 556.1152, -82.7978, 146.6323, 105.0564, 10.6213, -21.3402, -0.369227, -0.794635, -0.481899, 0.091798, 0.877301, -0.126949, -0.462846, 0.110389, 0.306617, -0.593666, 0.744007, 0.487120, 0.000000, 0.000000, 0.000000, 1.000000, 0.306531, -0.593653, 0.744053, 0.556115, 0.369227, 0.794635, 0.481899, -0.082798, -0.877331, 0.127007, 0.462773, 0.146632, 0.000000, 0.000000, 0.000000, 1.000000, 0.003427, 0.036400, -0.999331, 0.105056, -0.997936, -0.063956, -0.005752, 0.010621, -0.064123, 0.997289, 0.036106, -0.021340, 0.000000, 0.000000, 0.000000, 1.000000
-19.8410, 91.8079, 110.3595, 487.1114, 556.1061, -82.8082, 146.6618, 105.0565, 10.6184, -21.3405, -0.369073, -0.794678, -0.481946, 0.091808, 0.877372, -0.126840, -0.462742, 0.110359, 0.306601, -0.593631, 0.744041, 0.487111, 0.000000, 0.000000, 0.000000, 1.000000, 0.306516, -0.593618, 0.744087, 0.556106, 0.369073, 0.794679, 0.481946, -0.082808, -0.877402, 0.126898, 0.462670, 0.146662, 0.000000, 0.000000, 0.000000, 1.000000, 0.003430, 0.036401, -0.999331, 0.105056, -0.997936, -0.063953, -0.005755, 0.010618, -0.064119, 0.997289, 0.036107, -0.021341, 0.000000, 0.000000, 0.000000, 1.000000
-19.8361, 91.8130, 110.3447, 487.1069, 556.1016, -82.8134, 146.6765, 105.0565, 10.6169, -21.3407, -0.368995, -0.794700, -0.481969, 0.091813, 0.877407, -0.126786, -0.462691, 0.110345, 0.306593, -0.593614, 0.744058, 0.487107, 0.000000, 0.000000, 0.000000, 1.000000, 0.306508, -0.593601, 0.744104, 0.556102, 0.368995, 0.794700, 0.481969, -0.082813, -0.877437, 0.126844, 0.462618, 0.146677, 0.000000, 0.000000, 0.000000, 1.000000, 0.003432, 0.036401, -0.999331, 0.105057, -0.997936, -0.063951, -0.005757, 0.010617, -0.064118, 0.997289, 0.036107, -0.021341, 0.000000, 0.000000, 0.000000, 1.000000
-19.8312, 91.8182, 110.3300, 487.1024, 556.0971, -82.8185, 146.6912, 105.0565, 10.6155, -21.3409, -0.368918, -0.794722, -0.481993, 0.091818, 0.877442, -0.126731, -0.462639, 0.110330, 0.306586, -0.593596, 0.744076, 0.487102, 0.000000, 0.000000, 0.000000, 1.000000, 0.306500, -0.593584, 0.744121, 0.556097, 0.368918, 0.794722, 0.481992, -0.082819, -0.877472, 0.126789, 0.462566, 0.146691, 0.000000, 0.000000, 0.000000, 1.000000, 0.003434, 0.036402, -0.999331, 0.105057, -0.997937, -0.063949, -0.005758, 0.010616, -0.064116, 0.997289, 0.036107, -0.021341, 0.000000, 0.000000, 0.000000, 1.000000
-19.8166, 91.8337, 110.2862, 487.0889, 556.0836, -82.8340, 146.7349, 105.0566, 10.6112, -21.3415, -0.368688, -0.794787, -0.482062, 0.091834, 0.877547, -0.126568, -0.462484, 0.110286, 0.306562, -0.593544, 0.744127, 0.487089, 0.000000, 0.000000, 0.000000, 1.000000, 0.306476, -0.593531, 0.744173, 0.556084, 0.368687, 0.794787, 0.482062, -0.082834, -0.877577, 0.126627, 0.462411, 0.146735, 0.000000, 0.000000, 0.000000, 1.000000, 0.003439, 0.036403, -0.999331, 0.105057, -0.997937, -0.063944, -0.005763, 0.010611, -0.064111, 0.997289, 0.036108, -0.021342, 0.000000, 0.000000, 0.000000, 1.000000
-19.8118, 91.8388, 110.2718, 487.0844, 556.0792, -82.8392, 146.7493, 105.0566, 10.6097, -21.3417, -0.368611, -0.794808, -0.482085, 0.091839, 0.877582, -0.126515, -0.462432, 0.110272, 0.306554, -0.593527, 0.744144, 0.487084, 0.000000, 0.000000, 0.000000, 1.000000, 0.306468, -0.593514, 0.744190, 0.556079, 0.368611, 0.794808, 0.482085, -0.082839, -0.877612, 0.126573, 0.462359, 0.146749, 0.000000, 0.000000, 0.000000, 1.000000, 0.003441, 0.036403, -0.999331, 0.105057, -0.997937, -0.063942, -0.005765, 0.010610, -0.064110, 0.997289, 0.036108, -0.021342, 0.000000, 0.000000, 0.000000, 1.000000
-19.8022, 91.8490, 110.2433, 487.0756, 556.0703, -82.8494, 146.7778, 105.0567, 10.6069, -21.3421, -0.368459, -0.794851, -0.482131, 0.091849, 0.877652, -0.126408, -0.462330, 0.110243, 0.306538, -0.593493, 0.744178, 0.487076, 0.000000, 0.000000, 0.000000, 1.000000, 0.306452, -0.593480, 0.744224, 0.556070, 0.368459, 0.794851, 0.482130, -0.082849, -0.877682, 0.126466, 0.462257, 0.146778, 0.000000, 0.000000, 0.000000, 1.000000, 0.003444, 0.036404, -0.999331, 0.105057, -0.997937, -0.063939, -0.005768, 0.010607, -0.064106, 0.997290, 0.036108, -0.021342, 0.000000, 0.000000, 0.000000, 1.000000
-19.7926, 91.8592, 110.2152, 487.0668, 556.0616, -82.8595, 146.8059, 105.0567, 10.6041, -21.3425, -0.368308, -0.794893, -0.482176, 0.091859, 0.877721, -0.126302, -0.462227, 0.110215, 0.306521, -0.593458, 0.744212, 0.487067, 0.000000, 0.000000, 0.000000, 1.000000, 0.306436, -0.593445, 0.744258, 0.556062, 0.368308, 0.794893, 0.482176, -0.082860, -0.877751, 0.126360, 0.462154, 0.146806, 0.000000, 0.000000, 0.000000, 1.000000, 0.003447, 0.036404, -0.999331, 0.105057, -0.997937, -0.063936, -0.005772, 0.010604, -0.064103, 0.997290, 0.036109, -0.021342, 0.000000, 0.000000, 0.000000, 1.000000
-19.7879, 91.8642, 110.2014, 487.0625, 556.0572, -82.8645, 146.8197, 105.0568, 10.6027, -21.3427, -0.368234, -0.794914, -0.482199, 0.091864, 0.877755, -0.126250, -0.462177, 0.110201, 0.306513, -0.593441, 0.744229, 0.487063, 0.000000, 0.000000, 0.000000, 1.000000, 0.306427, -0.593428, 0.744275, 0.556057, 0.368234, 0.794914, 0.482198, -0.082865, -0.877785, 0.126308, 0.462104, 0.146820, 0.000000, 0.000000, 0.000000, 1.000000, 0.003449, 0.036404, -0.999331, 0.105057, -0.997937, -0.063934, -0.005773, 0.010603, -0.064102, 0.997290, 0.036109, -0.021343, 0.000000, 0.000000, 0.000000, 1.000000
-19.7832, 91.8692, 110.1877, 487.0582, 556.0529, -82.8695, 146.8333, 105.0568, 10.6013, -21.3429, -0.368160, -0.794935, -0.482221, 0.091869, 0.877789, -0.126198, -0.462126, 0.110188, 0.306505, -0.593424, 0.744246, 0.487058, 0.000000, 0.000000, 0.000000, 1.000000, 0.306419, -0.593412, 0.744292, 0.556053, 0.368159, 0.794935, 0.482221, -0.082870, -0.877819, 0.126256, 0.462053, 0.146833, 0.000000, 0.000000, 0.000000, 1.000000, 0.003451, 0.036405, -0.999331, 0.105057, -0.997938, -0.063932, -0.005775, 0.010601, -0.064100, 0.997290, 0.036109, -0.021343, 0.000000, 0.000000, 0.000000, 1.000000
-19.7692, 91.8839, 110.1477, 487.0455, 556.0402, -82.8843, 146.8733, 105.0569, 10.5971, -21.3434, -0.367940, -0.794996, -0.482287, 0.091884, 0.877890, -0.126045, -0.461976, 0.110148, 0.306479, -0.593374, 0.744297, 0.487045, 0.000000, 0.000000, 0.000000, 1.000000, 0.306393, -0.593361, 0.744342, 0.556040, 0.367940, 0.794997, 0.482287, -0.082884, -0.877920, 0.126104, 0.461903, 0.146873, 0.000000, 0.000000, 0.000000, 1.000000, 0.003456, 0.036406, -0.999331, 0.105057, -0.997938, -0.063928, -0.005780, 0.010597, -0.064095, 0.997290, 0.036110, -0.021343, 0.000000, 0.000000, 0.000000, 1.000000
-19.7647, 91.8888, 110.1347, 487.0413, 556.0361, -82.8891, 146.8863, 105.0569, 10.5958, -21.3436, -0.367868, -0.795017, -0.482309, 0.091889, 0.877923, -0.125995, -0.461926, 0.110135, 0.306471, -0.593358, 0.744313, 0.487041, 0.000000, 0.000000, 0.000000, 1.000000, 0.306385, -0.593345, 0.744359, 0.556036, 0.367868, 0.795017, 0.482308, -0.082889, -0.877953, 0.126054, 0.461853, 0.146886, 0.000000, 0.000000, 0.000000, 1.000000, 0.003457, 0.036406, -0.999331, 0.105057, -0.997938, -0.063926, -0.005781, 0.010596, -0.064094, 0.997290, 0.036110, -0.021344, 0.000000, 0.000000, 0.000000, 1.000000
-19.7601, 91.8936, 110.1219, 487.0372, 556.0319, -82.8940, 146.8992, 105.0569, 10.5944, -21.3438, -0.367796, -0.795037, -0.482330, 0.091894, 0.877956, -0.125946, -0.461877, 0.110122, 0.306462, -0.593342, 0.744330, 0.487037, 0.000000, 0.000000, 0.000000, 1.000000, 0.306376, -0.593329, 0.744375, 0.556032, 0.367796, 0.795037, 0.482330, -0.082894, -0.877986, 0.126004, 0.461804, 0.146899, 0.000000, 0.000000, 0.000000, 1.000000, 0.003459, 0.036406, -0.999331, 0.105057, -0.997938, -0.063924, -0.005783, 0.010594, -0.064092, 0.997290, 0.036110, -0.021344, 0.000000, 0.000000, 0.000000, 1.000000
-19.7511, 91.9031, 110.0968, 487.0291, 556.0238, -82.9035, 146.9243, 105.0569, 10.5918, -21.3442, -0.367654, -0.795076, -0.482373, 0.091903, 0.878022, -0.125848, -0.461779, 0.110097, 0.306444, -0.593309, 0.744363, 0.487029, 0.000000, 0.000000, 0.000000, 1.000000, 0.306358, -0.593296, 0.744409, 0.556024, 0.367654, 0.795077, 0.482372, -0.082903, -0.878052, 0.125906, 0.461706, 0.146924, 0.000000, 0.000000, 0.000000, 1.000000, 0.003462, 0.036407, -0.999331, 0.105057, -0.997938, -0.063921, -0.005786, 0.010592, -0.064089, 0.997291, 0.036110, -0.021344, 0.000000, 0.000000, 0.000000, 1.000000
-19.7467, 91.9078, 110.0845, 487.0251, 556.0198, -82.9082, 146.9366, 105.0570, 10.5904, -21.3443, -0.367585, -0.795096, -0.482394, 0.091908, 0.878054, -0.125800, -0.461731, 0.110084, 0.306435, -0.593293, 0.744380, 0.487025, 0.000000, 0.000000, 0.000000, 1.000000, 0.306349, -0.593280, 0.744425, 0.556020, 0.367584, 0.795096, 0.482393, -0.082908, -0.878084, 0.125858, 0.461658, 0.146937, 0.000000, 0.000000, 0.000000, 1.000000, 0.003464, 0.036407, -0.999331, 0.105057, -0.997938, -0.063920, -0.005788, 0.010590, -0.064088, 0.997291, 0.036111, -0.021344, 0.000000, 0.000000, 0.000000, 1.000000
-19.7293, 91.9262, 110.0373, 487.0095, 556.0042, -82.9266, 146.9839, 105.0570, 10.5853, -21.3450, -0.367311, -0.795173, -0.482476, 0.091926, 0.878181, -0.125613, -0.461540, 0.110037, 0.306399, -0.593230, 0.744445, 0.487009, 0.000000, 0.000000, 0.000000, 1.000000, 0.306313, -0.593217, 0.744490, 0.556004, 0.367311, 0.795173, 0.482475, -0.082927, -0.878211, 0.125671, 0.461467, 0.146984, 0.000000, 0.000000, 0.000000, 1.000000, 0.003470, 0.036408, -0.999331, 0.105057, -0.997939, -0.063913, -0.005794, 0.010585, -0.064082, 0.997291, 0.036111, -0.021345, 0.000000, 0.000000, 0.000000, 1.000000
-19.7208, 91.9351, 110.0148, 487.0019, 555.9967, -82.9355, 147.0064, 105.0571, 10.5828, -21.3454, -0.367178, -0.795210, -0.482516, 0.091935, 0.878243, -0.125522, -0.461446, 0.110015, 0.306380, -0.593199, 0.744477, 0.487002, 0.000000, 0.000000, 0.000000, 1.000000, 0.306294, -0.593186, 0.744522, 0.555997, 0.367178, 0.795210, 0.482515, -0.082936, -0.878273, 0.125580, 0.461373, 0.147006, 0.000000, 0.000000, 0.000000, 1.000000, 0.003473, 0.036409, -0.999331, 0.105057, -0.997939, -0.063910, -0.005796, 0.010583, -0.064079, 0.997291, 0.036112, -0.021345, 0.000000, 0.000000, 0.000000, 1.000000
-19.7208, 91.9351, 110.0148, 487.0019, 555.9967, -82.9355, 147.0064, 105.0571, 10.5828, -21.3454, -0.367178, -0.795210, -0.482516, 0.091935, 0.878243, -0.125522, -0.461446, 0.110015, 0.306380, -0.593199, 0.744477, 0.487002, 0.000000, 0.000000, 0.000000, 1.000000, 0.306294, -0.593186, 0.744522, 0.555997, 0.367178, 0.795210, 0.482515, -0.082936, -0.878273, 0.125580, 0.461373, 0.147006, 0.000000, 0.000000, 0.000000, 1.000000, 0.003473, 0.036409, -0.999331, 0.105057, -0.997939, -0.063910, -0.005796, 0.010583, -0.064079, 0.997291, 0.036112, -0.021345, 0.000000, 0.000000, 0.000000, 1.000000
-19.7083, 91.9483, 109.9823, 486.9909, 555.9857, -82.9486, 147.0390, 105.0571, 10.5790, -21.3459, -0.366983, -0.795265, -0.482575, 0.091948, 0.878335, -0.125390, -0.461308, 0.109982, 0.306351, -0.593154, 0.744525, 0.486991, 0.000000, 0.000000, 0.000000, 1.000000, 0.306266, -0.593141, 0.744570, 0.555986, 0.366982, 0.795265, 0.482574, -0.082949, -0.878365, 0.125448, 0.461235, 0.147039, 0.000000, 0.000000, 0.000000, 1.000000, 0.003477, 0.036410, -0.999331, 0.105057, -0.997939, -0.063906, -0.005801, 0.010579, -0.064074, 0.997292, 0.036112, -0.021346, 0.000000, 0.000000, 0.000000, 1.000000
-19.7002, 91.9569, 109.9614, 486.9837, 555.9785, -82.9572, 147.0599, 105.0571, 10.5766, -21.3462, -0.366854, -0.795300, -0.482613, 0.091957, 0.878395, -0.125304, -0.461216, 0.109961, 0.306332, -0.593124, 0.744556, 0.486984, 0.000000, 0.000000, 0.000000, 1.000000, 0.306247, -0.593111, 0.744602, 0.555978, 0.366854, 0.795301, 0.482612, -0.082957, -0.878425, 0.125362, 0.461144, 0.147060, 0.000000, 0.000000, 0.000000, 1.000000, 0.003480, 0.036410, -0.999331, 0.105057, -0.997939, -0.063903, -0.005804, 0.010577, -0.064072, 0.997292, 0.036113, -0.021346, 0.000000, 0.000000, 0.000000, 1.000000
-19.6961, 91.9611, 109.9512, 486.9802, 555.9749, -82.9615, 147.0702, 105.0571, 10.5754, -21.3463, -0.366791, -0.795318, -0.482632, 0.091961, 0.878425, -0.125262, -0.461171, 0.109951, 0.306322, -0.593110, 0.744572, 0.486980, 0.000000, 0.000000, 0.000000, 1.000000, 0.306237, -0.593097, 0.744618, 0.555975, 0.366791, 0.795318, 0.482631, -0.082961, -0.878455, 0.125319, 0.461098, 0.147070, 0.000000, 0.000000, 0.000000, 1.000000, 0.003481, 0.036411, -0.999331, 0.105057, -0.997939, -0.063902, -0.005805, 0.010575, -0.064070, 0.997292, 0.036113, -0.021346, 0.000000, 0.000000, 0.000000, 1.000000
-19.6881, 91.9695, 109.9312, 486.9732, 555.9679, -82.9699, 147.0903, 105.0572, 10.5730, -21.3467, -0.366666, -0.795353, -0.482670, 0.091970, 0.878485, -0.125178, -0.461081, 0.109931, 0.306302, -0.593080, 0.744604, 0.486973, 0.000000, 0.000000, 0.000000, 1.000000, 0.306217, -0.593068, 0.744649, 0.555968, 0.366665, 0.795353, 0.482669, -0.082970, -0.878514, 0.125236, 0.461008, 0.147090, 0.000000, 0.000000, 0.000000, 1.000000, 0.003484, 0.036411, -0.999331, 0.105057, -0.997939, -0.063899, -0.005808, 0.010573, -0.064068, 0.997292, 0.036113, -0.021347, 0.000000, 0.000000, 0.000000, 1.000000
-19.6801, 91.9778, 109.9116, 486.9663, 555.9610, -82.9782, 147.1099, 105.0572, 10.5707, -21.3470, -0.366542, -0.795388, -0.482707, 0.091978, 0.878543, -0.125095, -0.460991, 0.109912, 0.306282, -0.593051, 0.744635, 0.486966, 0.000000, 0.000000, 0.000000, 1.000000, 0.306197, -0.593039, 0.744680, 0.555961, 0.366541, 0.795388, 0.482706, -0.082978, -0.878573, 0.125153, 0.460918, 0.147110, 0.000000, 0.000000, 0.000000, 1.000000, 0.003487, 0.036412, -0.999331, 0.105057, -0.997940, -0.063896, -0.005810, 0.010571, -0.064065, 0.997292, 0.036114, -0.021347, 0.000000, 0.000000, 0.000000, 1.000000
-19.6801, 91.9778, 109.9116, 486.9663, 555.9610, -82.9782, 147.1099, 105.0572, 10.5707, -21.3470, -0.366542, -0.795388, -0.482707, 0.091978, 0.878543, -0.125095, -0.460991, 0.109912, 0.306282, -0.593051, 0.744635, 0.486966, 0.000000, 0.000000, 0.000000, 1.000000, 0.306197, -0.593039, 0.744680, 0.555961, 0.366541, 0.795388, 0.482706, -0.082978, -0.878573, 0.125153, 0.460918, 0.147110, 0.000000, 0.000000, 0.000000, 1.000000, 0.003487, 0.036412, -0.999331, 0.105057, -0.997940, -0.063896, -0.005810, 0.010571, -0.064065, 0.997292, 0.036114, -0.021347, 0.000000, 0.000000, 0.000000, 1.000000
-19.6723, 91.9860, 109.8926, 486.9595, 555.9543, -82.9864, 147.1290, 105.0572, 10.5683, -21.3473, -0.366419, -0.795422, -0.482744, 0.091986, 0.878602, -0.125014, -0.460902, 0.109893, 0.306262, -0.593023, 0.744666, 0.486959, 0.000000, 0.000000, 0.000000, 1.000000, 0.306177, -0.593010, 0.744711, 0.555954, 0.366419, 0.795422, 0.482743, -0.082986, -0.878631, 0.125072, 0.460829, 0.147129, 0.000000, 0.000000, 0.000000, 1.000000, 0.003490, 0.036412, -0.999331, 0.105057, -0.997940, -0.063893, -0.005813, 0.010568, -0.064062, 0.997292, 0.036114, -0.021347, 0.000000, 0.000000, 0.000000, 1.000000
-19.6645, 91.9942, 109.8739, 486.9527, 555.9476, -82.9945, 147.1477, 105.0572, 10.5660, -21.3476, -0.366297, -0.795455, -0.482780, 0.091994, 0.878660, -0.124934, -0.460813, 0.109874, 0.306241, -0.592994, 0.744698, 0.486953, 0.000000, 0.000000, 0.000000, 1.000000, 0.306156, -0.592982, 0.744743, 0.555948, 0.366297, 0.795456, 0.482780, -0.082995, -0.878689, 0.124991, 0.460741, 0.147148, 0.000000, 0.000000, 0.000000, 1.000000, 0.003493, 0.036413, -0.999331, 0.105057, -0.997940, -0.063890, -0.005816, 0.010566, -0.064059, 0.997292, 0.036115, -0.021348, 0.000000, 0.000000, 0.000000, 1.000000
-19.6606, 91.9982, 109.8648, 486.9494, 555.9442, -82.9986, 147.1570, 105.0572, 10.5649, -21.3477, -0.366237, -0.795472, -0.482798, 0.091998, 0.878688, -0.124894, -0.460769, 0.109865, 0.306230, -0.592980, 0.744713, 0.486949, 0.000000, 0.000000, 0.000000, 1.000000, 0.306146, -0.592967, 0.744758, 0.555944, 0.366237, 0.795473, 0.482798, -0.082999, -0.878718, 0.124951, 0.460697, 0.147157, 0.000000, 0.000000, 0.000000, 1.000000, 0.003494, 0.036413, -0.999331, 0.105057, -0.997940, -0.063889, -0.005817, 0.010565, -0.064058, 0.997292, 0.036115, -0.021348, 0.000000, 0.000000, 0.000000, 1.000000
-19.6491, 92.0102, 109.8377, 486.9395, 555.9344, -83.0106, 147.1842, 105.0573, 10.5614, -21.3482, -0.366057, -0.795522, -0.482852, 0.092010, 0.878774, -0.124776, -0.460637, 0.109838, 0.306199, -0.592938, 0.744760, 0.486940, 0.000000, 0.000000, 0.000000, 1.000000, 0.306114, -0.592925, 0.744805, 0.555934, 0.366057, 0.795523, 0.482852, -0.083011, -0.878804, 0.124833, 0.460565, 0.147184, 0.000000, 0.000000, 0.000000, 1.000000, 0.003498, 0.036414, -0.999331, 0.105057, -0.997940, -0.063885, -0.005821, 0.010561, -0.064054, 0.997293, 0.036115, -0.021348, 0.000000, 0.000000, 0.000000, 1.000000
