# Joint_6_Angle(deg), Cam_X(mm), Cam_Y(mm), Cam_Z(mm), Torso_X(mm), Torso_Y(mm), Torso_Z(mm), EE_X(mm), EE_Y(mm), EE_Z(mm), T_cam2marker_flat(16), T_torso2marker_flat(16), T_ee2marker_flat(16)
-29.9999, 9.4014, -21.7578, 220.1374, 242.1420, -9.4018, 221.7846, -9.1764, 102.7751, 14.3846, 0.809749, -0.054552, -0.584234, 0.009401, 0.078043, 0.996836, 0.015090, -0.021758, 0.581563, -0.057814, 0.811445, 0.220137, 0.000000, 0.000000, 0.000000, 1.000000, 0.581545, -0.058025, 0.811442, 0.242142, -0.809751, 0.054552, 0.584233, -0.009402, -0.078166, -0.996824, -0.015262, 0.221785, 0.000000, 0.000000, 0.000000, 1.000000, 0.996209, -0.044658, 0.074654, -0.009176, 0.073812, -0.020207, -0.997067, 0.102775, 0.046036, 0.998798, -0.016834, 0.014385, 0.000000, 0.000000, 0.000000, 1.000000
-30.0001, 9.4016, -21.7578, 220.1375, 242.1420, -9.4020, 221.7847, -9.1766, 102.7750, 14.3846, 0.809747, -0.054551, -0.584238, 0.009402, 0.078043, 0.996836, 0.015090, -0.021758, 0.581566, -0.057814, 0.811442, 0.220137, 0.000000, 0.000000, 0.000000, 1.000000, 0.581548, -0.058025, 0.811440, 0.242142, -0.809748, 0.054552, 0.584236, -0.009402, -0.078166, -0.996824, -0.015261, 0.221785, 0.000000, 0.000000, 0.000000, 1.000000, 0.996209, -0.044658, 0.074654, -0.009177, 0.073812, -0.020207, -0.997067, 0.102775, 0.046036, 0.998798, -0.016834, 0.014385, 0.000000, 0.000000, 0.000000, 1.000000
-30.0002, 9.4017, -21.7578, 220.1375, 242.1421, -9.4020, 221.7848, -9.1767, 102.7750, 14.3846, 0.809746, -0.054551, -0.584239, 0.009402, 0.078043, 0.996836, 0.015089, -0.021758, 0.581568, -0.057814, 0.811441, 0.220137, 0.000000, 0.000000, 0.000000, 1.000000, 0.581550, -0.058025, 0.811439, 0.242142, -0.809747, 0.054552, 0.584238, -0.009402, -0.078165, -0.996824, -0.015261, 0.221785, 0.000000, 0.000000, 0.000000, 1.000000, 0.996209, -0.044658, 0.074654, -0.009177, 0.073812, -0.020207, -0.997067, 0.102775, 0.046036, 0.998798, -0.016835, 0.014385, 0.000000, 0.000000, 0.000000, 1.000000
-30.0006, 9.4019, -21.7580, 220.1376, 242.1422, -9.4023, 221.7850, -9.1771, 102.7750, 14.3847, 0.809742, -0.054551, -0.584245, 0.009402, 0.078042, 0.996836, 0.015089, -0.021758, 0.581574, -0.057814, 0.811437, 0.220138, 0.000000, 0.000000, 0.000000, 1.000000, 0.581556, -0.058024, 0.811435, 0.242142, -0.809743, 0.054551, 0.584244, -0.009402, -0.078165, -0.996824, -0.015259, 0.221785, 0.000000, 0.000000, 0.000000, 1.000000, 0.996209, -0.044658, 0.074654, -0.009177, 0.073812, -0.020208, -0.997067, 0.102775, 0.046036, 0.998798, -0.016835, 0.014385, 0.000000, 0.000000, 0.000000, 1.000000
-30.0007, 9.4020, -21.7580, 220.1376, 242.1422, -9.4024, 221.7851, -9.1772, 102.7750, 14.3847, 0.809741, -0.054551, -0.584247, 0.009402, 0.078042, 0.996836, 0.015088, -0.021758, 0.581575, -0.057814, 0.811436, 0.220138, 0.000000, 0.000000, 0.000000, 1.000000, 0.581557, -0.058023, 0.811434, 0.242142, -0.809742, 0.054551, 0.584245, -0.009402, -0.078165, -0.996824, -0.015259, 0.221785, 0.000000, 0.000000, 0.000000, 1.000000, 0.996209, -0.044658, 0.074654, -0.009177, 0.073812, -0.020208, -0.997067, 0.102775, 0.046036, 0.998798, -0.016835, 0.014385, 0.000000, 0.000000, 0.000000, 1.000000
-30.0011, 9.4022, -21.7581, 220.1377, 242.1422, -9.4026, 221.7854, -9.1775, 102.7750, 14.3847, 0.809737, -0.054551, -0.584251, 0.009402, 0.078042, 0.996836, 0.015088, -0.021758, 0.581580, -0.057813, 0.811433, 0.220138, 0.000000, 0.000000, 0.000000, 1.000000, 0.581562, -0.058022, 0.811430, 0.242142, -0.809738, 0.054551, 0.584250, -0.009403, -0.078164, -0.996824, -0.015258, 0.221785, 0.000000, 0.000000, 0.000000, 1.000000, 0.996209, -0.044658, 0.074654, -0.009178, 0.073812, -0.020208, -0.997067, 0.102775, 0.046035, 0.998798, -0.016836, 0.014385, 0.000000, 0.000000, 0.000000, 1.000000
-30.0012, 9.4033, -21.7522, 220.1408, 242.1453, -9.4036, 221.7795, -9.1767, 102.7745, 14.3853, 0.809736, -0.054557, -0.584253, 0.009403, 0.078056, 0.996835, 0.015097, -0.021752, 0.581580, -0.057829, 0.811431, 0.220141, 0.000000, 0.000000, 0.000000, 1.000000, 0.581562, -0.058038, 0.811429, 0.242145, -0.809737, 0.054557, 0.584251, -0.009404, -0.078178, -0.996823, -0.015267, 0.221779, 0.000000, 0.000000, 0.000000, 1.000000, 0.996209, -0.044658, 0.074654, -0.009177, 0.073812, -0.020209, -0.997067, 0.102775, 0.046035, 0.998798, -0.016836, 0.014385, 0.000000, 0.000000, 0.000000, 1.000000
-30.0011, 9.4041, -21.7468, 220.1435, 242.1480, -9.4045, 221.7741, -9.1759, 102.7741, 14.3859, 0.809736, -0.054563, -0.584252, 0.009404, 0.078069, 0.996834, 0.015105, -0.021747, 0.581578, -0.057843, 0.811432, 0.220143, 0.000000, 0.000000, 0.000000, 1.000000, 0.581560, -0.058052, 0.811430, 0.242148, -0.809737, 0.054563, 0.584250, -0.009404, -0.078191, -0.996821, -0.015275, 0.221774, 0.000000, 0.000000, 0.000000, 1.000000, 0.996209, -0.044658, 0.074654, -0.009176, 0.073812, -0.020209, -0.997067, 0.102774, 0.046035, 0.998798, -0.016836, 0.014386, 0.000000, 0.000000, 0.000000, 1.000000
-30.0008, 9.4046, -21.7421, 220.1457, 242.1503, -9.4050, 221.7694, -9.1749, 102.7738, 14.3863, 0.809739, -0.054568, -0.584247, 0.009405, 0.078080, 0.996833, 0.015113, -0.021742, 0.581572, -0.057856, 0.811435, 0.220146, 0.000000, 0.000000, 0.000000, 1.000000, 0.581554, -0.058065, 0.811433, 0.242150, -0.809740, 0.054568, 0.584246, -0.009405, -0.078202, -0.996820, -0.015283, 0.221769, 0.000000, 0.000000, 0.000000, 1.000000, 0.996209, -0.044658, 0.074654, -0.009175, 0.073812, -0.020209, -0.997067, 0.102774, 0.046036, 0.998798, -0.016836, 0.014386, 0.000000, 0.000000, 0.000000, 1.000000
-30.0001, 9.4048, -21.7381, 220.1475, 242.1521, -9.4052, 221.7654, -9.1738, 102.7735, 14.3867, 0.809745, -0.054572, -0.584239, 0.009405, 0.078090, 0.996832, 0.015120, -0.021738, 0.581562, -0.057867, 0.811441, 0.220148, 0.000000, 0.000000, 0.000000, 1.000000, 0.581545, -0.058076, 0.811439, 0.242152, -0.809746, 0.054572, 0.584237, -0.009405, -0.078212, -0.996819, -0.015290, 0.221765, 0.000000, 0.000000, 0.000000, 1.000000, 0.996209, -0.044658, 0.074654, -0.009174, 0.073812, -0.020208, -0.997067, 0.102774, 0.046036, 0.998798, -0.016835, 0.014387, 0.000000, 0.000000, 0.000000, 1.000000
-29.9991, 9.4046, -21.7347, 220.1488, 242.1533, -9.4050, 221.7621, -9.1724, 102.7733, 14.3870, 0.809755, -0.054575, -0.584224, 0.009405, 0.078098, 0.996831, 0.015128, -0.021735, 0.581547, -0.057876, 0.811451, 0.220149, 0.000000, 0.000000, 0.000000, 1.000000, 0.581529, -0.058085, 0.811449, 0.242153, -0.809756, 0.054575, 0.584223, -0.009405, -0.078220, -0.996819, -0.015298, 0.221762, 0.000000, 0.000000, 0.000000, 1.000000, 0.996209, -0.044658, 0.074654, -0.009172, 0.073812, -0.020207, -0.997067, 0.102773, 0.046036, 0.998798, -0.016834, 0.014387, 0.000000, 0.000000, 0.000000, 1.000000
-29.9944, 9.4019, -21.7293, 220.1494, 242.1539, -9.4023, 221.7567, -9.1674, 102.7731, 14.3873, 0.809803, -0.054580, -0.584157, 0.009402, 0.078111, 0.996830, 0.015145, -0.021729, 0.581479, -0.057893, 0.811499, 0.220149, 0.000000, 0.000000, 0.000000, 1.000000, 0.581461, -0.058102, 0.811497, 0.242154, -0.809804, 0.054580, 0.584156, -0.009402, -0.078232, -0.996818, -0.015315, 0.221757, 0.000000, 0.000000, 0.000000, 1.000000, 0.996209, -0.044660, 0.074654, -0.009167, 0.073812, -0.020201, -0.997068, 0.102773, 0.046037, 0.998798, -0.016828, 0.014387, 0.000000, 0.000000, 0.000000, 1.000000
-29.9930, 9.4010, -21.7288, 220.1491, 242.1536, -9.4014, 221.7561, -9.1661, 102.7731, 14.3873, 0.809817, -0.054580, -0.584138, 0.009401, 0.078112, 0.996830, 0.015149, -0.021729, 0.581459, -0.057896, 0.811513, 0.220149, 0.000000, 0.000000, 0.000000, 1.000000, 0.581441, -0.058105, 0.811511, 0.242154, -0.809818, 0.054581, 0.584137, -0.009401, -0.078234, -0.996817, -0.015319, 0.221756, 0.000000, 0.000000, 0.000000, 1.000000, 0.996209, -0.044660, 0.074654, -0.009166, 0.073812, -0.020199, -0.997068, 0.102773, 0.046037, 0.998798, -0.016826, 0.014387, 0.000000, 0.000000, 0.000000, 1.000000
-29.9898, 9.3987, -21.7281, 220.1480, 242.1525, -9.3990, 221.7554, -9.1632, 102.7733, 14.3872, 0.809850, -0.054580, -0.584093, 0.009399, 0.078113, 0.996829, 0.015156, -0.021728, 0.581414, -0.057900, 0.811545, 0.220148, 0.000000, 0.000000, 0.000000, 1.000000, 0.581396, -0.058108, 0.811543, 0.242152, -0.809851, 0.054581, 0.584092, -0.009399, -0.078235, -0.996817, -0.015326, 0.221755, 0.000000, 0.000000, 0.000000, 1.000000, 0.996209, -0.044661, 0.074654, -0.009163, 0.073813, -0.020195, -0.997068, 0.102773, 0.046038, 0.998798, -0.016822, 0.014387, 0.000000, 0.000000, 0.000000, 1.000000
-29.9859, 9.3957, -21.7280, 220.1462, 242.1507, -9.3961, 221.7553, -9.1598, 102.7734, 14.3870, 0.809889, -0.054580, -0.584038, 0.009396, 0.078113, 0.996829, 0.015164, -0.021728, 0.581358, -0.057902, 0.811585, 0.220146, 0.000000, 0.000000, 0.000000, 1.000000, 0.581341, -0.058111, 0.811582, 0.242151, -0.809890, 0.054580, 0.584037, -0.009396, -0.078235, -0.996817, -0.015334, 0.221755, 0.000000, 0.000000, 0.000000, 1.000000, 0.996209, -0.044662, 0.074653, -0.009160, 0.073813, -0.020191, -0.997068, 0.102773, 0.046038, 0.998798, -0.016817, 0.014387, 0.000000, 0.000000, 0.000000, 1.000000
-29.9786, 9.3900, -21.7289, 220.1424, 242.1469, -9.3904, 221.7562, -9.1536, 102.7739, 14.3864, 0.809964, -0.054577, -0.583935, 0.009390, 0.078110, 0.996829, 0.015177, -0.021729, 0.581255, -0.057904, 0.811659, 0.220142, 0.000000, 0.000000, 0.000000, 1.000000, 0.581237, -0.058113, 0.811656, 0.242147, -0.809965, 0.054577, 0.583933, -0.009390, -0.078232, -0.996817, -0.015347, 0.221756, 0.000000, 0.000000, 0.000000, 1.000000, 0.996209, -0.044664, 0.074653, -0.009154, 0.073813, -0.020182, -0.997068, 0.102774, 0.046040, 0.998798, -0.016808, 0.014386, 0.000000, 0.000000, 0.000000, 1.000000
-29.9726, 9.3852, -21.7301, 220.1390, 242.1435, -9.3856, 221.7575, -9.1485, 102.7742, 14.3860, 0.810024, -0.054574, -0.583851, 0.009385, 0.078106, 0.996829, 0.015187, -0.021730, 0.581171, -0.057904, 0.811719, 0.220139, 0.000000, 0.000000, 0.000000, 1.000000, 0.581153, -0.058113, 0.811717, 0.242143, -0.810025, 0.054575, 0.583850, -0.009386, -0.078228, -0.996817, -0.015357, 0.221757, 0.000000, 0.000000, 0.000000, 1.000000, 0.996209, -0.044666, 0.074653, -0.009149, 0.073813, -0.020174, -0.997068, 0.102774, 0.046041, 0.998798, -0.016801, 0.014386, 0.000000, 0.000000, 0.000000, 1.000000
-29.9580, 9.3734, -21.7340, 220.1302, 242.1347, -9.3738, 221.7614, -9.1364, 102.7752, 14.3847, 0.810173, -0.054567, -0.583645, 0.009373, 0.078096, 0.996830, 0.015209, -0.021734, 0.580965, -0.057902, 0.811866, 0.220130, 0.000000, 0.000000, 0.000000, 1.000000, 0.580947, -0.058111, 0.811864, 0.242135, -0.810174, 0.054567, 0.583644, -0.009374, -0.078217, -0.996818, -0.015379, 0.221761, 0.000000, 0.000000, 0.000000, 1.000000, 0.996209, -0.044670, 0.074652, -0.009136, 0.073813, -0.020156, -0.997068, 0.102775, 0.046044, 0.998798, -0.016782, 0.014385, 0.000000, 0.000000, 0.000000, 1.000000
-29.9493, 9.3663, -21.7365, 220.1249, 242.1294, -9.3667, 221.7639, -9.1291, 102.7758, 14.3839, 0.810262, -0.054562, -0.583522, 0.009366, 0.078089, 0.996830, 0.015223, -0.021736, 0.580842, -0.057901, 0.811955, 0.220125, 0.000000, 0.000000, 0.000000, 1.000000, 0.580824, -0.058109, 0.811952, 0.242129, -0.810263, 0.054562, 0.583521, -0.009367, -0.078210, -0.996818, -0.015393, 0.221764, 0.000000, 0.000000, 0.000000, 1.000000, 0.996209, -0.044673, 0.074652, -0.009129, 0.073813, -0.020145, -0.997069, 0.102776, 0.046046, 0.998799, -0.016771, 0.014384, 0.000000, 0.000000, 0.000000, 1.000000
-29.9397, 9.3595, -21.7333, 220.1220, 242.1266, -9.3599, 221.7607, -9.1203, 102.7761, 14.3837, 0.810360, -0.054563, -0.583387, 0.009360, 0.078095, 0.996829, 0.015246, -0.021733, 0.580705, -0.057915, 0.812051, 0.220122, 0.000000, 0.000000, 0.000000, 1.000000, 0.580687, -0.058123, 0.812049, 0.242127, -0.810361, 0.054564, 0.583385, -0.009360, -0.078217, -0.996817, -0.015417, 0.221761, 0.000000, 0.000000, 0.000000, 1.000000, 0.996208, -0.044676, 0.074651, -0.009120, 0.073813, -0.020133, -0.997069, 0.102776, 0.046048, 0.998799, -0.016759, 0.014384, 0.000000, 0.000000, 0.000000, 1.000000
-29.9292, 9.3519, -21.7310, 220.1183, 242.1229, -9.3522, 221.7583, -9.1107, 102.7764, 14.3833, 0.810466, -0.054563, -0.583238, 0.009352, 0.078099, 0.996829, 0.015271, -0.021731, 0.580555, -0.057927, 0.812158, 0.220118, 0.000000, 0.000000, 0.000000, 1.000000, 0.580538, -0.058136, 0.812155, 0.242123, -0.810467, 0.054564, 0.583237, -0.009352, -0.078221, -0.996816, -0.015441, 0.221758, 0.000000, 0.000000, 0.000000, 1.000000, 0.996208, -0.044679, 0.074651, -0.009111, 0.073813, -0.020120, -0.997069, 0.102776, 0.046050, 0.998799, -0.016746, 0.014383, 0.000000, 0.000000, 0.000000, 1.000000
-29.9178, 9.3434, -21.7295, 220.1138, 242.1183, -9.3437, 221.7568, -9.1006, 102.7768, 14.3828, 0.810582, -0.054562, -0.583077, 0.009343, 0.078101, 0.996828, 0.015295, -0.021730, 0.580393, -0.057937, 0.812273, 0.220114, 0.000000, 0.000000, 0.000000, 1.000000, 0.580376, -0.058146, 0.812270, 0.242118, -0.810583, 0.054562, 0.583076, -0.009344, -0.078223, -0.996816, -0.015466, 0.221757, 0.000000, 0.000000, 0.000000, 1.000000, 0.996208, -0.044682, 0.074651, -0.009101, 0.073813, -0.020106, -0.997069, 0.102777, 0.046052, 0.998799, -0.016732, 0.014383, 0.000000, 0.000000, 0.000000, 1.000000
-29.9054, 9.3340, -21.7289, 220.1084, 242.1130, -9.3344, 221.7561, -9.0897, 102.7774, 14.3822, 0.810708, -0.054560, -0.582903, 0.009334, 0.078101, 0.996828, 0.015320, -0.021729, 0.580218, -0.057946, 0.812397, 0.220108, 0.000000, 0.000000, 0.000000, 1.000000, 0.580200, -0.058155, 0.812395, 0.242113, -0.810709, 0.054560, 0.582902, -0.009334, -0.078223, -0.996815, -0.015491, 0.221756, 0.000000, 0.000000, 0.000000, 1.000000, 0.996208, -0.044686, 0.074650, -0.009090, 0.073813, -0.020091, -0.997070, 0.102777, 0.046055, 0.998799, -0.016716, 0.014382, 0.000000, 0.000000, 0.000000, 1.000000
-29.8780, 9.3129, -21.7300, 220.0952, 242.0997, -9.3132, 221.7571, -9.0659, 102.7788, 14.3804, 0.810986, -0.054553, -0.582517, 0.009313, 0.078095, 0.996827, 0.015372, -0.021730, 0.579830, -0.057959, 0.812673, 0.220095, 0.000000, 0.000000, 0.000000, 1.000000, 0.579812, -0.058169, 0.812671, 0.242100, -0.810987, 0.054553, 0.582515, -0.009313, -0.078218, -0.996815, -0.015544, 0.221757, 0.000000, 0.000000, 0.000000, 1.000000, 0.996208, -0.044694, 0.074649, -0.009066, 0.073814, -0.020057, -0.997070, 0.102779, 0.046060, 0.998799, -0.016682, 0.014380, 0.000000, 0.000000, 0.000000, 1.000000
-29.8630, 9.3011, -21.7317, 220.0874, 242.0919, -9.3015, 221.7587, -9.0531, 102.7796, 14.3794, 0.811139, -0.054548, -0.582305, 0.009301, 0.078090, 0.996827, 0.015399, -0.021732, 0.579617, -0.057963, 0.812825, 0.220087, 0.000000, 0.000000, 0.000000, 1.000000, 0.579600, -0.058173, 0.812822, 0.242092, -0.811139, 0.054548, 0.582303, -0.009301, -0.078212, -0.996815, -0.015571, 0.221759, 0.000000, 0.000000, 0.000000, 1.000000, 0.996208, -0.044698, 0.074648, -0.009053, 0.073814, -0.020038, -0.997071, 0.102780, 0.046063, 0.998800, -0.016663, 0.014379, 0.000000, 0.000000, 0.000000, 1.000000
-29.8472, 9.2886, -21.7339, 220.0789, 242.0834, -9.2889, 221.7609, -9.0396, 102.7805, 14.3782, 0.811299, -0.054541, -0.582081, 0.009289, 0.078082, 0.996828, 0.015427, -0.021734, 0.579393, -0.057966, 0.812984, 0.220079, 0.000000, 0.000000, 0.000000, 1.000000, 0.579375, -0.058176, 0.812982, 0.242083, -0.811300, 0.054542, 0.582080, -0.009289, -0.078205, -0.996815, -0.015598, 0.221761, 0.000000, 0.000000, 0.000000, 1.000000, 0.996207, -0.044703, 0.074648, -0.009040, 0.073814, -0.020019, -0.997071, 0.102781, 0.046066, 0.998800, -0.016643, 0.014378, 0.000000, 0.000000, 0.000000, 1.000000
-29.8130, 9.2613, -21.7402, 220.0598, 242.0644, -9.2617, 221.7671, -9.0106, 102.7826, 14.3756, 0.811647, -0.054527, -0.581598, 0.009261, 0.078063, 0.996828, 0.015484, -0.021740, 0.578909, -0.057969, 0.813329, 0.220060, 0.000000, 0.000000, 0.000000, 1.000000, 0.578891, -0.058180, 0.813327, 0.242064, -0.811648, 0.054527, 0.581597, -0.009262, -0.078186, -0.996816, -0.015656, 0.221767, 0.000000, 0.000000, 0.000000, 1.000000, 0.996207, -0.044713, 0.074646, -0.009011, 0.073814, -0.019976, -0.997072, 0.102783, 0.046073, 0.998800, -0.016600, 0.014376, 0.000000, 0.000000, 0.000000, 1.000000
-29.7948, 9.2467, -21.7440, 220.0494, 242.0540, -9.2471, 221.7708, -8.9953, 102.7837, 14.3741, 0.811832, -0.054519, -0.581340, 0.009247, 0.078052, 0.996829, 0.015514, -0.021744, 0.578651, -0.057969, 0.813513, 0.220049, 0.000000, 0.000000, 0.000000, 1.000000, 0.578633, -0.058180, 0.813510, 0.242054, -0.811833, 0.054519, 0.581339, -0.009247, -0.078174, -0.996816, -0.015686, 0.221771, 0.000000, 0.000000, 0.000000, 1.000000, 0.996207, -0.044718, 0.074645, -0.008995, 0.073815, -0.019953, -0.997072, 0.102784, 0.046077, 0.998800, -0.016577, 0.014374, 0.000000, 0.000000, 0.000000, 1.000000
-29.7759, 9.2315, -21.7482, 220.0384, 242.0430, -9.2318, 221.7750, -8.9794, 102.7849, 14.3726, 0.812024, -0.054510, -0.581073, 0.009231, 0.078039, 0.996829, 0.015545, -0.021748, 0.578383, -0.057969, 0.813703, 0.220038, 0.000000, 0.000000, 0.000000, 1.000000, 0.578365, -0.058180, 0.813701, 0.242043, -0.812025, 0.054510, 0.581071, -0.009232, -0.078162, -0.996817, -0.015717, 0.221775, 0.000000, 0.000000, 0.000000, 1.000000, 0.996207, -0.044724, 0.074645, -0.008979, 0.073815, -0.019930, -0.997073, 0.102785, 0.046080, 0.998801, -0.016553, 0.014373, 0.000000, 0.000000, 0.000000, 1.000000
-29.7563, 9.2157, -21.7527, 220.0270, 242.0316, -9.2161, 221.7795, -8.9630, 102.7861, 14.3710, 0.812223, -0.054500, -0.580796, 0.009216, 0.078026, 0.996830, 0.015576, -0.021753, 0.578106, -0.057968, 0.813900, 0.220027, 0.000000, 0.000000, 0.000000, 1.000000, 0.578088, -0.058180, 0.813898, 0.242032, -0.812224, 0.054500, 0.580794, -0.009216, -0.078148, -0.996817, -0.015749, 0.221780, 0.000000, 0.000000, 0.000000, 1.000000, 0.996207, -0.044729, 0.074644, -0.008963, 0.073815, -0.019905, -0.997073, 0.102786, 0.046084, 0.998801, -0.016528, 0.014371, 0.000000, 0.000000, 0.000000, 1.000000
-29.7361, 9.1994, -21.7575, 220.0152, 242.0198, -9.1998, 221.7843, -8.9460, 102.7874, 14.3693, 0.812427, -0.054491, -0.580510, 0.009199, 0.078012, 0.996830, 0.015609, -0.021757, 0.577820, -0.057967, 0.814103, 0.220015, 0.000000, 0.000000, 0.000000, 1.000000, 0.577802, -0.058179, 0.814101, 0.242020, -0.812428, 0.054491, 0.580509, -0.009200, -0.078134, -0.996818, -0.015781, 0.221784, 0.000000, 0.000000, 0.000000, 1.000000, 0.996206, -0.044735, 0.074643, -0.008946, 0.073815, -0.019880, -0.997074, 0.102787, 0.046088, 0.998801, -0.016503, 0.014369, 0.000000, 0.000000, 0.000000, 1.000000
-29.6943, 9.1655, -21.7675, 219.9907, 241.9953, -9.1659, 221.7942, -8.9110, 102.7900, 14.3658, 0.812852, -0.054470, -0.579918, 0.009166, 0.077982, 0.996832, 0.015675, -0.021768, 0.577227, -0.057965, 0.814524, 0.219991, 0.000000, 0.000000, 0.000000, 1.000000, 0.577209, -0.058177, 0.814522, 0.241995, -0.812853, 0.054470, 0.579917, -0.009166, -0.078105, -0.996819, -0.015848, 0.221794, 0.000000, 0.000000, 0.000000, 1.000000, 0.996206, -0.044747, 0.074641, -0.008911, 0.073816, -0.019828, -0.997075, 0.102790, 0.046097, 0.998802, -0.016450, 0.014366, 0.000000, 0.000000, 0.000000, 1.000000
-29.6727, 9.1481, -21.7727, 219.9780, 241.9826, -9.1485, 221.7994, -8.8929, 102.7914, 14.3640, 0.813070, -0.054460, -0.579613, 0.009148, 0.077967, 0.996832, 0.015710, -0.021773, 0.576922, -0.057964, 0.814740, 0.219978, 0.000000, 0.000000, 0.000000, 1.000000, 0.576904, -0.058175, 0.814738, 0.241983, -0.813071, 0.054460, 0.579612, -0.009149, -0.078089, -0.996820, -0.015883, 0.221799, 0.000000, 0.000000, 0.000000, 1.000000, 0.996206, -0.044754, 0.074640, -0.008893, 0.073816, -0.019801, -0.997075, 0.102791, 0.046101, 0.998802, -0.016422, 0.014364, 0.000000, 0.000000, 0.000000, 1.000000
-29.6509, 9.1305, -21.7779, 219.9652, 241.9698, -9.1309, 221.8045, -8.8746, 102.7927, 14.3622, 0.813291, -0.054449, -0.579304, 0.009130, 0.077952, 0.996833, 0.015744, -0.021778, 0.576612, -0.057962, 0.814959, 0.219965, 0.000000, 0.000000, 0.000000, 1.000000, 0.576594, -0.058174, 0.814957, 0.241970, -0.813292, 0.054449, 0.579303, -0.009131, -0.078074, -0.996820, -0.015918, 0.221805, 0.000000, 0.000000, 0.000000, 1.000000, 0.996206, -0.044760, 0.074639, -0.008875, 0.073816, -0.019774, -0.997076, 0.102793, 0.046105, 0.998802, -0.016395, 0.014362, 0.000000, 0.000000, 0.000000, 1.000000
-29.6288, 9.1126, -21.7830, 219.9524, 241.9570, -9.1130, 221.8097, -8.8561, 102.7941, 14.3604, 0.813514, -0.054438, -0.578991, 0.009113, 0.077936, 0.996833, 0.015780, -0.021783, 0.576299, -0.057962, 0.815181, 0.219952, 0.000000, 0.000000, 0.000000, 1.000000, 0.576281, -0.058173, 0.815179, 0.241957, -0.813515, 0.054438, 0.578990, -0.009113, -0.078059, -0.996821, -0.015953, 0.221810, 0.000000, 0.000000, 0.000000, 1.000000, 0.996205, -0.044766, 0.074638, -0.008856, 0.073816, -0.019746, -0.997076, 0.102794, 0.046109, 0.998802, -0.016367, 0.014360, 0.000000, 0.000000, 0.000000, 1.000000
-29.5954, 9.0856, -21.7906, 219.9329, 241.9376, -9.0860, 221.8172, -8.8280, 102.7961, 14.3576, 0.813853, -0.054422, -0.578516, 0.009086, 0.077913, 0.996834, 0.015834, -0.021791, 0.575823, -0.057961, 0.815517, 0.219933, 0.000000, 0.000000, 0.000000, 1.000000, 0.575805, -0.058173, 0.815515, 0.241938, -0.813854, 0.054422, 0.578515, -0.009086, -0.078036, -0.996822, -0.016008, 0.221817, 0.000000, 0.000000, 0.000000, 1.000000, 0.996205, -0.044776, 0.074637, -0.008828, 0.073817, -0.019705, -0.997077, 0.102796, 0.046116, 0.998803, -0.016325, 0.014358, 0.000000, 0.000000, 0.000000, 1.000000
-29.5391, 9.0402, -21.8025, 219.9007, 241.9053, -9.0406, 221.8291, -8.7806, 102.7994, 14.3531, 0.814422, -0.054396, -0.577718, 0.009040, 0.077877, 0.996836, 0.015926, -0.021802, 0.575024, -0.057962, 0.816081, 0.219901, 0.000000, 0.000000, 0.000000, 1.000000, 0.575006, -0.058174, 0.816078, 0.241905, -0.814423, 0.054396, 0.577717, -0.009041, -0.078000, -0.996823, -0.016100, 0.221829, 0.000000, 0.000000, 0.000000, 1.000000, 0.996204, -0.044792, 0.074635, -0.008781, 0.073817, -0.019634, -0.997078, 0.102799, 0.046127, 0.998803, -0.016253, 0.014353, 0.000000, 0.000000, 0.000000, 1.000000
-29.5165, 9.0221, -21.8069, 219.8880, 241.8926, -9.0225, 221.8335, -8.7615, 102.8006, 14.3513, 0.814649, -0.054386, -0.577399, 0.009022, 0.077863, 0.996836, 0.015963, -0.021807, 0.574704, -0.057963, 0.816306, 0.219888, 0.000000, 0.000000, 0.000000, 1.000000, 0.574686, -0.058175, 0.816304, 0.241893, -0.814650, 0.054386, 0.577397, -0.009023, -0.077986, -0.996824, -0.016137, 0.221834, 0.000000, 0.000000, 0.000000, 1.000000, 0.996204, -0.044799, 0.074634, -0.008762, 0.073818, -0.019606, -0.997079, 0.102801, 0.046131, 0.998804, -0.016225, 0.014351, 0.000000, 0.000000, 0.000000, 1.000000
-29.4941, 9.0041, -21.8112, 219.8754, 241.8801, -9.0045, 221.8378, -8.7425, 102.8019, 14.3495, 0.814875, -0.054376, -0.577080, 0.009004, 0.077850, 0.996837, 0.016001, -0.021811, 0.574384, -0.057965, 0.816531, 0.219875, 0.000000, 0.000000, 0.000000, 1.000000, 0.574366, -0.058177, 0.816529, 0.241880, -0.814876, 0.054376, 0.577078, -0.009004, -0.077972, -0.996824, -0.016175, 0.221838, 0.000000, 0.000000, 0.000000, 1.000000, 0.996204, -0.044805, 0.074633, -0.008743, 0.073818, -0.019578, -0.997080, 0.102802, 0.046135, 0.998804, -0.016197, 0.014350, 0.000000, 0.000000, 0.000000, 1.000000
-29.4606, 8.9773, -21.8171, 219.8569, 241.8615, -8.9777, 221.8437, -8.7142, 102.8037, 14.3470, 0.815213, -0.054362, -0.576604, 0.008977, 0.077831, 0.996837, 0.016058, -0.021817, 0.573908, -0.057968, 0.816866, 0.219857, 0.000000, 0.000000, 0.000000, 1.000000, 0.573890, -0.058180, 0.816863, 0.241862, -0.815214, 0.054362, 0.576603, -0.008978, -0.077953, -0.996825, -0.016232, 0.221844, 0.000000, 0.000000, 0.000000, 1.000000, 0.996204, -0.044815, 0.074631, -0.008714, 0.073818, -0.019536, -0.997080, 0.102804, 0.046142, 0.998804, -0.016154, 0.014347, 0.000000, 0.000000, 0.000000, 1.000000
-29.4385, 8.9596, -21.8207, 219.8448, 241.8494, -8.9600, 221.8473, -8.6954, 102.8049, 14.3453, 0.815435, -0.054353, -0.576291, 0.008960, 0.077819, 0.996838, 0.016095, -0.021821, 0.573593, -0.057971, 0.817086, 0.219845, 0.000000, 0.000000, 0.000000, 1.000000, 0.573575, -0.058184, 0.817084, 0.241849, -0.815436, 0.054353, 0.576289, -0.008960, -0.077941, -0.996825, -0.016270, 0.221847, 0.000000, 0.000000, 0.000000, 1.000000, 0.996203, -0.044821, 0.074630, -0.008695, 0.073818, -0.019509, -0.997081, 0.102805, 0.046146, 0.998805, -0.016126, 0.014345, 0.000000, 0.000000, 0.000000, 1.000000
-29.4276, 8.9509, -21.8224, 219.8389, 241.8435, -8.9513, 221.8490, -8.6861, 102.8055, 14.3445, 0.815546, -0.054348, -0.576135, 0.008951, 0.077814, 0.996838, 0.016114, -0.021822, 0.573437, -0.057973, 0.817196, 0.219839, 0.000000, 0.000000, 0.000000, 1.000000, 0.573419, -0.058185, 0.817193, 0.241843, -0.815547, 0.054348, 0.576133, -0.008951, -0.077936, -0.996825, -0.016288, 0.221849, 0.000000, 0.000000, 0.000000, 1.000000, 0.996203, -0.044824, 0.074630, -0.008686, 0.073819, -0.019495, -0.997081, 0.102805, 0.046148, 0.998805, -0.016112, 0.014344, 0.000000, 0.000000, 0.000000, 1.000000
-29.3950, 8.9250, -21.8272, 219.8214, 241.8260, -8.9254, 221.8538, -8.6584, 102.8071, 14.3421, 0.815873, -0.054335, -0.575673, 0.008925, 0.077797, 0.996838, 0.016171, -0.021827, 0.572974, -0.057979, 0.817520, 0.219821, 0.000000, 0.000000, 0.000000, 1.000000, 0.572956, -0.058191, 0.817518, 0.241826, -0.815874, 0.054336, 0.575671, -0.008925, -0.077919, -0.996826, -0.016345, 0.221854, 0.000000, 0.000000, 0.000000, 1.000000, 0.996203, -0.044833, 0.074629, -0.008658, 0.073819, -0.019455, -0.997082, 0.102807, 0.046154, 0.998805, -0.016071, 0.014342, 0.000000, 0.000000, 0.000000, 1.000000
-29.3843, 8.9165, -21.8287, 219.8157, 241.8203, -8.9169, 221.8553, -8.6492, 102.8077, 14.3413, 0.815981, -0.054331, -0.575521, 0.008916, 0.077792, 0.996838, 0.016190, -0.021829, 0.572821, -0.057981, 0.817627, 0.219816, 0.000000, 0.000000, 0.000000, 1.000000, 0.572803, -0.058194, 0.817625, 0.241820, -0.815982, 0.054331, 0.575519, -0.008917, -0.077914, -0.996826, -0.016364, 0.221855, 0.000000, 0.000000, 0.000000, 1.000000, 0.996203, -0.044836, 0.074628, -0.008649, 0.073819, -0.019441, -0.997082, 0.102808, 0.046156, 0.998805, -0.016058, 0.014341, 0.000000, 0.000000, 0.000000, 1.000000
-29.3528, 8.8914, -21.8327, 219.7990, 241.8036, -8.8918, 221.8593, -8.6222, 102.8092, 14.3390, 0.816298, -0.054320, -0.575072, 0.008891, 0.077778, 0.996838, 0.016245, -0.021833, 0.572371, -0.057989, 0.817942, 0.219799, 0.000000, 0.000000, 0.000000, 1.000000, 0.572353, -0.058201, 0.817939, 0.241804, -0.816299, 0.054320, 0.575070, -0.008892, -0.077900, -0.996826, -0.016420, 0.221859, 0.000000, 0.000000, 0.000000, 1.000000, 0.996203, -0.044845, 0.074627, -0.008622, 0.073819, -0.019402, -0.997083, 0.102809, 0.046162, 0.998806, -0.016018, 0.014339, 0.000000, 0.000000, 0.000000, 1.000000
-29.3323, 8.8752, -21.8351, 219.7883, 241.7930, -8.8756, 221.8617, -8.6047, 102.8102, 14.3376, 0.816504, -0.054312, -0.574780, 0.008875, 0.077769, 0.996838, 0.016282, -0.021835, 0.572078, -0.057994, 0.818146, 0.219788, 0.000000, 0.000000, 0.000000, 1.000000, 0.572060, -0.058207, 0.818144, 0.241793, -0.816505, 0.054312, 0.574778, -0.008876, -0.077891, -0.996826, -0.016456, 0.221862, 0.000000, 0.000000, 0.000000, 1.000000, 0.996202, -0.044851, 0.074626, -0.008605, 0.073820, -0.019377, -0.997083, 0.102810, 0.046166, 0.998806, -0.015992, 0.014338, 0.000000, 0.000000, 0.000000, 1.000000
-29.3024, 8.8530, -21.8295, 219.7774, 241.7821, -8.8534, 221.8560, -8.5777, 102.8109, 14.3364, 0.816803, -0.054311, -0.574355, 0.008853, 0.077778, 0.996837, 0.016349, -0.021830, 0.571650, -0.058026, 0.818443, 0.219777, 0.000000, 0.000000, 0.000000, 1.000000, 0.571632, -0.058239, 0.818441, 0.241782, -0.816804, 0.054311, 0.574353, -0.008853, -0.077900, -0.996824, -0.016524, 0.221856, 0.000000, 0.000000, 0.000000, 1.000000, 0.996202, -0.044859, 0.074625, -0.008578, 0.073820, -0.019340, -0.997084, 0.102811, 0.046172, 0.998806, -0.015955, 0.014336, 0.000000, 0.000000, 0.000000, 1.000000
-29.2830, 8.8386, -21.8263, 219.7702, 241.7749, -8.8390, 221.8527, -8.5603, 102.8114, 14.3356, 0.816997, -0.054310, -0.574079, 0.008839, 0.077783, 0.996836, 0.016392, -0.021826, 0.571372, -0.058046, 0.818636, 0.219770, 0.000000, 0.000000, 0.000000, 1.000000, 0.571354, -0.058259, 0.818633, 0.241775, -0.816998, 0.054310, 0.574078, -0.008839, -0.077905, -0.996823, -0.016567, 0.221853, 0.000000, 0.000000, 0.000000, 1.000000, 0.996202, -0.044865, 0.074624, -0.008560, 0.073820, -0.019316, -0.997084, 0.102811, 0.046175, 0.998806, -0.015930, 0.014336, 0.000000, 0.000000, 0.000000, 1.000000
-29.2642, 8.8245, -21.8235, 219.7630, 241.7677, -8.8249, 221.8498, -8.5434, 102.8119, 14.3348, 0.817185, -0.054308, -0.573811, 0.008825, 0.077787, 0.996835, 0.016434, -0.021823, 0.571102, -0.058064, 0.818823, 0.219763, 0.000000, 0.000000, 0.000000, 1.000000, 0.571084, -0.058278, 0.818821, 0.241768, -0.817186, 0.054309, 0.573809, -0.008825, -0.077909, -0.996822, -0.016609, 0.221850, 0.000000, 0.000000, 0.000000, 1.000000, 0.996202, -0.044870, 0.074623, -0.008543, 0.073820, -0.019292, -0.997085, 0.102812, 0.046179, 0.998807, -0.015907, 0.014335, 0.000000, 0.000000, 0.000000, 1.000000
-29.2458, 8.8107, -21.8211, 219.7558, 241.7604, -8.8111, 221.8475, -8.5270, 102.8124, 14.3340, 0.817369, -0.054307, -0.573549, 0.008811, 0.077790, 0.996834, 0.016473, -0.021821, 0.570838, -0.058081, 0.819006, 0.219756, 0.000000, 0.000000, 0.000000, 1.000000, 0.570820, -0.058295, 0.819003, 0.241760, -0.817370, 0.054307, 0.573547, -0.008811, -0.077912, -0.996821, -0.016649, 0.221847, 0.000000, 0.000000, 0.000000, 1.000000, 0.996202, -0.044875, 0.074622, -0.008527, 0.073821, -0.019269, -0.997085, 0.102812, 0.046182, 0.998807, -0.015884, 0.014334, 0.000000, 0.000000, 0.000000, 1.000000
-29.2278, 8.7972, -21.8193, 219.7485, 241.7532, -8.7976, 221.8456, -8.5111, 102.8129, 14.3331, 0.817548, -0.054304, -0.573294, 0.008797, 0.077792, 0.996833, 0.016511, -0.021819, 0.570581, -0.058096, 0.819184, 0.219749, 0.000000, 0.000000, 0.000000, 1.000000, 0.570563, -0.058310, 0.819181, 0.241753, -0.817549, 0.054305, 0.573292, -0.008798, -0.077914, -0.996820, -0.016687, 0.221846, 0.000000, 0.000000, 0.000000, 1.000000, 0.996201, -0.044880, 0.074622, -0.008511, 0.073821, -0.019247, -0.997086, 0.102813, 0.046185, 0.998807, -0.015861, 0.014333, 0.000000, 0.000000, 0.000000, 1.000000
-29.2104, 8.7840, -21.8179, 219.7413, 241.7459, -8.7844, 221.8442, -8.4956, 102.8135, 14.3322, 0.817723, -0.054302, -0.573045, 0.008784, 0.077792, 0.996832, 0.016548, -0.021818, 0.570331, -0.058110, 0.819357, 0.219741, 0.000000, 0.000000, 0.000000, 1.000000, 0.570313, -0.058324, 0.819354, 0.241746, -0.817724, 0.054302, 0.573044, -0.008784, -0.077915, -0.996820, -0.016724, 0.221844, 0.000000, 0.000000, 0.000000, 1.000000, 0.996201, -0.044885, 0.074621, -0.008496, 0.073821, -0.019226, -0.997086, 0.102813, 0.046189, 0.998807, -0.015839, 0.014332, 0.000000, 0.000000, 0.000000, 1.000000
-29.1934, 8.7710, -21.8171, 219.7339, 241.7386, -8.7714, 221.8433, -8.4807, 102.8140, 14.3313, 0.817892, -0.054299, -0.572803, 0.008771, 0.077792, 0.996832, 0.016582, -0.021817, 0.570088, -0.058122, 0.819525, 0.219734, 0.000000, 0.000000, 0.000000, 1.000000, 0.570070, -0.058336, 0.819522, 0.241739, -0.817893, 0.054299, 0.572802, -0.008771, -0.077914, -0.996819, -0.016759, 0.221843, 0.000000, 0.000000, 0.000000, 1.000000, 0.996201, -0.044890, 0.074620, -0.008481, 0.073821, -0.019205, -0.997087, 0.102814, 0.046192, 0.998807, -0.015818, 0.014331, 0.000000, 0.000000, 0.000000, 1.000000
-29.1769, 8.7584, -21.8167, 219.7266, 241.7313, -8.7587, 221.8428, -8.4662, 102.8146, 14.3304, 0.818057, -0.054296, -0.572568, 0.008758, 0.077790, 0.996831, 0.016615, -0.021817, 0.569852, -0.058132, 0.819689, 0.219727, 0.000000, 0.000000, 0.000000, 1.000000, 0.569834, -0.058347, 0.819686, 0.241731, -0.818058, 0.054296, 0.572567, -0.008759, -0.077913, -0.996819, -0.016792, 0.221843, 0.000000, 0.000000, 0.000000, 1.000000, 0.996201, -0.044894, 0.074619, -0.008466, 0.073821, -0.019184, -0.997087, 0.102815, 0.046195, 0.998808, -0.015797, 0.014330, 0.000000, 0.000000, 0.000000, 1.000000
-29.1452, 8.7338, -21.8174, 219.7119, 241.7165, -8.7342, 221.8434, -8.4386, 102.8158, 14.3285, 0.818373, -0.054288, -0.572117, 0.008734, 0.077784, 0.996831, 0.016676, -0.021817, 0.569399, -0.058149, 0.820002, 0.219712, 0.000000, 0.000000, 0.000000, 1.000000, 0.569380, -0.058364, 0.820000, 0.241717, -0.818374, 0.054288, 0.572116, -0.008734, -0.077907, -0.996818, -0.016853, 0.221843, 0.000000, 0.000000, 0.000000, 1.000000, 0.996201, -0.044903, 0.074618, -0.008439, 0.073822, -0.019145, -0.997088, 0.102816, 0.046201, 0.998808, -0.015757, 0.014328, 0.000000, 0.000000, 0.000000, 1.000000
-29.1228, 8.7163, -21.8189, 219.7008, 241.7055, -8.7167, 221.8449, -8.4192, 102.8168, 14.3270, 0.818597, -0.054281, -0.571797, 0.008716, 0.077777, 0.996831, 0.016718, -0.021819, 0.569078, -0.058158, 0.820225, 0.219701, 0.000000, 0.000000, 0.000000, 1.000000, 0.569059, -0.058373, 0.820222, 0.241706, -0.818598, 0.054281, 0.571796, -0.008717, -0.077900, -0.996818, -0.016895, 0.221845, 0.000000, 0.000000, 0.000000, 1.000000, 0.996201, -0.044909, 0.074617, -0.008419, 0.073822, -0.019117, -0.997088, 0.102817, 0.046205, 0.998808, -0.015729, 0.014327, 0.000000, 0.000000, 0.000000, 1.000000
-29.1156, 8.7111, -21.8166, 219.6988, 241.7035, -8.7115, 221.8425, -8.4126, 102.8168, 14.3268, 0.818669, -0.054282, -0.571694, 0.008711, 0.077782, 0.996830, 0.016735, -0.021817, 0.568973, -0.058168, 0.820296, 0.219699, 0.000000, 0.000000, 0.000000, 1.000000, 0.568955, -0.058384, 0.820294, 0.241703, -0.818670, 0.054282, 0.571693, -0.008711, -0.077905, -0.996817, -0.016913, 0.221843, 0.000000, 0.000000, 0.000000, 1.000000, 0.996200, -0.044911, 0.074617, -0.008413, 0.073822, -0.019108, -0.997088, 0.102817, 0.046206, 0.998808, -0.015720, 0.014327, 0.000000, 0.000000, 0.000000, 1.000000
-29.1015, 8.7009, -21.8126, 219.6944, 241.6992, -8.7013, 221.8384, -8.3996, 102.8170, 14.3264, 0.818810, -0.054283, -0.571493, 0.008701, 0.077789, 0.996829, 0.016769, -0.021813, 0.568770, -0.058187, 0.820436, 0.219694, 0.000000, 0.000000, 0.000000, 1.000000, 0.568752, -0.058403, 0.820433, 0.241699, -0.818811, 0.054283, 0.571492, -0.008701, -0.077913, -0.996816, -0.016947, 0.221838, 0.000000, 0.000000, 0.000000, 1.000000, 0.996200, -0.044915, 0.074616, -0.008400, 0.073822, -0.019090, -0.997089, 0.102817, 0.046209, 0.998808, -0.015702, 0.014326, 0.000000, 0.000000, 0.000000, 1.000000
-29.0878, 8.6909, -21.8095, 219.6899, 241.6946, -8.6913, 221.8352, -8.3872, 102.8173, 14.3259, 0.818946, -0.054284, -0.571298, 0.008691, 0.077795, 0.996828, 0.016801, -0.021809, 0.568574, -0.058203, 0.820571, 0.219690, 0.000000, 0.000000, 0.000000, 1.000000, 0.568556, -0.058419, 0.820568, 0.241695, -0.818946, 0.054284, 0.571297, -0.008691, -0.077918, -0.996815, -0.016979, 0.221835, 0.000000, 0.000000, 0.000000, 1.000000, 0.996200, -0.044919, 0.074616, -0.008387, 0.073822, -0.019074, -0.997089, 0.102817, 0.046211, 0.998809, -0.015685, 0.014326, 0.000000, 0.000000, 0.000000, 1.000000
-29.0616, 8.6713, -21.8060, 219.6799, 241.6846, -8.6717, 221.8315, -8.3639, 102.8180, 14.3248, 0.819206, -0.054282, -0.570925, 0.008671, 0.077799, 0.996827, 0.016857, -0.021806, 0.568199, -0.058227, 0.820829, 0.219680, 0.000000, 0.000000, 0.000000, 1.000000, 0.568180, -0.058445, 0.820826, 0.241685, -0.819206, 0.054282, 0.570924, -0.008672, -0.077923, -0.996814, -0.017036, 0.221831, 0.000000, 0.000000, 0.000000, 1.000000, 0.996200, -0.044926, 0.074615, -0.008364, 0.073823, -0.019041, -0.997090, 0.102818, 0.046216, 0.998809, -0.015652, 0.014325, 0.000000, 0.000000, 0.000000, 1.000000
-29.0553, 8.6665, -21.8056, 219.6772, 241.6820, -8.6669, 221.8311, -8.3583, 102.8181, 14.3244, 0.819268, -0.054281, -0.570835, 0.008667, 0.077799, 0.996826, 0.016870, -0.021806, 0.568108, -0.058231, 0.820891, 0.219677, 0.000000, 0.000000, 0.000000, 1.000000, 0.568090, -0.058449, 0.820888, 0.241682, -0.819269, 0.054281, 0.570834, -0.008667, -0.077923, -0.996814, -0.017049, 0.221831, 0.000000, 0.000000, 0.000000, 1.000000, 0.996200, -0.044928, 0.074614, -0.008358, 0.073823, -0.019033, -0.997090, 0.102818, 0.046217, 0.998809, -0.015644, 0.014324, 0.000000, 0.000000, 0.000000, 1.000000
-29.0309, 8.6476, -21.8063, 219.6659, 241.6706, -8.6480, 221.8316, -8.3370, 102.8191, 14.3229, 0.819511, -0.054275, -0.570487, 0.008648, 0.077794, 0.996826, 0.016916, -0.021806, 0.567758, -0.058244, 0.821133, 0.219666, 0.000000, 0.000000, 0.000000, 1.000000, 0.567739, -0.058462, 0.821130, 0.241671, -0.819512, 0.054275, 0.570485, -0.008648, -0.077919, -0.996813, -0.017097, 0.221832, 0.000000, 0.000000, 0.000000, 1.000000, 0.996200, -0.044934, 0.074613, -0.008337, 0.073823, -0.019003, -0.997090, 0.102819, 0.046222, 0.998809, -0.015614, 0.014323, 0.000000, 0.000000, 0.000000, 1.000000
-29.0192, 8.6383, -21.8078, 219.6599, 241.6647, -8.6387, 221.8329, -8.3270, 102.8196, 14.3221, 0.819628, -0.054271, -0.570320, 0.008638, 0.077789, 0.996826, 0.016937, -0.021808, 0.567590, -0.058247, 0.821248, 0.219660, 0.000000, 0.000000, 0.000000, 1.000000, 0.567572, -0.058466, 0.821245, 0.241665, -0.819629, 0.054271, 0.570318, -0.008639, -0.077914, -0.996813, -0.017118, 0.221833, 0.000000, 0.000000, 0.000000, 1.000000, 0.996200, -0.044938, 0.074613, -0.008327, 0.073823, -0.018988, -0.997091, 0.102820, 0.046224, 0.998809, -0.015599, 0.014322, 0.000000, 0.000000, 0.000000, 1.000000
-28.9966, 8.6201, -21.8125, 219.6473, 241.6521, -8.6205, 221.8375, -8.3080, 102.8207, 14.3202, 0.819853, -0.054261, -0.569997, 0.008620, 0.077775, 0.996826, 0.016973, -0.021812, 0.567268, -0.058247, 0.821471, 0.219647, 0.000000, 0.000000, 0.000000, 1.000000, 0.567249, -0.058467, 0.821468, 0.241652, -0.819854, 0.054261, 0.569996, -0.008621, -0.077900, -0.996814, -0.017155, 0.221837, 0.000000, 0.000000, 0.000000, 1.000000, 0.996199, -0.044944, 0.074612, -0.008308, 0.073823, -0.018960, -0.997091, 0.102821, 0.046228, 0.998810, -0.015570, 0.014320, 0.000000, 0.000000, 0.000000, 1.000000
-28.9856, 8.6111, -21.8157, 219.6407, 241.6455, -8.6115, 221.8406, -8.2988, 102.8214, 14.3193, 0.819963, -0.054255, -0.569840, 0.008611, 0.077765, 0.996827, 0.016990, -0.021816, 0.567110, -0.058245, 0.821580, 0.219641, 0.000000, 0.000000, 0.000000, 1.000000, 0.567092, -0.058465, 0.821577, 0.241646, -0.819963, 0.054255, 0.569839, -0.008611, -0.077891, -0.996814, -0.017171, 0.221841, 0.000000, 0.000000, 0.000000, 1.000000, 0.996199, -0.044947, 0.074611, -0.008299, 0.073823, -0.018946, -0.997091, 0.102821, 0.046230, 0.998810, -0.015556, 0.014319, 0.000000, 0.000000, 0.000000, 1.000000
-28.9801, 8.6066, -21.8174, 219.6374, 241.6422, -8.6070, 221.8423, -8.2943, 102.8217, 14.3187, 0.820017, -0.054252, -0.569762, 0.008607, 0.077760, 0.996827, 0.016998, -0.021817, 0.567032, -0.058243, 0.821634, 0.219637, 0.000000, 0.000000, 0.000000, 1.000000, 0.567014, -0.058464, 0.821631, 0.241642, -0.820018, 0.054252, 0.569761, -0.008607, -0.077886, -0.996814, -0.017179, 0.221842, 0.000000, 0.000000, 0.000000, 1.000000, 0.996199, -0.044948, 0.074611, -0.008294, 0.073824, -0.018940, -0.997091, 0.102822, 0.046231, 0.998810, -0.015549, 0.014319, 0.000000, 0.000000, 0.000000, 1.000000
-28.9693, 8.5976, -21.8212, 219.6306, 241.6354, -8.5980, 221.8460, -8.2853, 102.8224, 14.3177, 0.820125, -0.054246, -0.569607, 0.008598, 0.077750, 0.996828, 0.017013, -0.021821, 0.566878, -0.058240, 0.821741, 0.219631, 0.000000, 0.000000, 0.000000, 1.000000, 0.566859, -0.058460, 0.821738, 0.241635, -0.820126, 0.054246, 0.569606, -0.008598, -0.077875, -0.996815, -0.017195, 0.221846, 0.000000, 0.000000, 0.000000, 1.000000, 0.996199, -0.044951, 0.074611, -0.008285, 0.073824, -0.018926, -0.997092, 0.102822, 0.046233, 0.998810, -0.015536, 0.014318, 0.000000, 0.000000, 0.000000, 1.000000
