# Joint_A_Angle(deg), Cam_X(mm), Cam_Y(mm), Cam_Z(mm), Torso_X(mm), Torso_Y(mm), Torso_Z(mm), EE_X(mm), EE_Y(mm), EE_Z(mm), T_cam2marker_flat(16), T_torso2marker_flat(16), T_ee2marker_flat(16)
-19.9988, 91.7030, 110.7138, 487.1607, 556.1545, -82.7034, 146.2989, 103.5365, 10.8002, -20.8225, -0.371532, -0.794196, -0.480850, 0.091703, 0.876149, -0.128594, -0.464572, 0.110714, 0.307127, -0.593899, 0.743611, 0.487161, 0.000000, 0.000000, 0.000000, 1.000000, 0.307027, -0.593884, 0.743664, 0.556155, 0.371532, 0.794196, 0.480849, -0.082703, -0.876184, 0.128661, 0.464487, 0.146299, 0.000000, 0.000000, 0.000000, 1.000000, 0.002993, 0.040599, -0.999171, 0.103537, -0.997912, -0.064350, -0.005604, 0.010800, -0.064524, 0.997101, 0.040321, -0.020822, 0.000000, 0.000000, 0.000000, 1.000000
-19.9988, 91.7032, 110.7095, 487.1601, 556.1540, -82.7035, 146.3032, 103.5366, 10.8002, -20.8225, -0.371531, -0.794197, -0.480850, 0.091703, 0.876147, -0.128588, -0.464577, 0.110710, 0.307134, -0.593899, 0.743608, 0.487160, 0.000000, 0.000000, 0.000000, 1.000000, 0.307034, -0.593884, 0.743661, 0.556154, 0.371531, 0.794197, 0.480849, -0.082704, -0.876182, 0.128656, 0.464492, 0.146303, 0.000000, 0.000000, 0.000000, 1.000000, 0.002993, 0.040599, -0.999171, 0.103537, -0.997912, -0.064350, -0.005604, 0.010800, -0.064524, 0.997101, 0.040321, -0.020822, 0.000000, 0.000000, 0.000000, 1.000000
-19.9988, 91.7033, 110.7074, 487.1599, 556.1537, -82.7036, 146.3052, 103.5366, 10.8002, -20.8225, -0.371530, -0.794197, -0.480849, 0.091703, 0.876146, -0.128585, -0.464579, 0.110707, 0.307137, -0.593900, 0.743606, 0.487160, 0.000000, 0.000000, 0.000000, 1.000000, 0.307038, -0.593884, 0.743659, 0.556154, 0.371530, 0.794198, 0.480849, -0.082704, -0.876181, 0.128653, 0.464495, 0.146305, 0.000000, 0.000000, 0.000000, 1.000000, 0.002993, 0.040599, -0.999171, 0.103537, -0.997912, -0.064350, -0.005604, 0.010800, -0.064524, 0.997101, 0.040321, -0.020823, 0.000000, 0.000000, 0.000000, 1.000000
-19.9988, 91.7034, 110.7034, 487.1593, 556.1531, -82.7038, 146.3093, 103.5366, 10.8002, -20.8225, -0.371529, -0.794198, -0.480849, 0.091703, 0.876144, -0.128580, -0.464584, 0.110703, 0.307144, -0.593900, 0.743603, 0.487159, 0.000000, 0.000000, 0.000000, 1.000000, 0.307045, -0.593885, 0.743656, 0.556153, 0.371528, 0.794198, 0.480849, -0.082704, -0.876179, 0.128647, 0.464499, 0.146309, 0.000000, 0.000000, 0.000000, 1.000000, 0.002993, 0.040599, -0.999171, 0.103537, -0.997912, -0.064350, -0.005604, 0.010800, -0.064524, 0.997101, 0.040321, -0.020823, 0.000000, 0.000000, 0.000000, 1.000000
-19.9988, 91.7035, 110.7014, 487.1590, 556.1529, -82.7039, 146.3113, 103.5366, 10.8002, -20.8225, -0.371528, -0.794198, -0.480849, 0.091704, 0.876144, -0.128577, -0.464586, 0.110701, 0.307147, -0.593900, 0.743602, 0.487159, 0.000000, 0.000000, 0.000000, 1.000000, 0.307048, -0.593885, 0.743655, 0.556153, 0.371528, 0.794199, 0.480849, -0.082704, -0.876178, 0.128645, 0.464502, 0.146311, 0.000000, 0.000000, 0.000000, 1.000000, 0.002993, 0.040599, -0.999171, 0.103537, -0.997912, -0.064350, -0.005604, 0.010800, -0.064524, 0.997101, 0.040321, -0.020823, 0.000000, 0.000000, 0.000000, 1.000000
-19.9988, 91.7037, 110.6976, 487.1585, 556.1524, -82.7041, 146.3152, 103.5366, 10.8002, -20.8225, -0.371526, -0.794199, -0.480849, 0.091704, 0.876142, -0.128572, -0.464591, 0.110698, 0.307154, -0.593900, 0.743599, 0.487159, 0.000000, 0.000000, 0.000000, 1.000000, 0.307054, -0.593885, 0.743652, 0.556152, 0.371526, 0.794199, 0.480849, -0.082704, -0.876177, 0.128639, 0.464506, 0.146315, 0.000000, 0.000000, 0.000000, 1.000000, 0.002993, 0.040599, -0.999171, 0.103537, -0.997912, -0.064350, -0.005604, 0.010800, -0.064524, 0.997101, 0.040321, -0.020823, 0.000000, 0.000000, 0.000000, 1.000000
-19.9987, 91.7038, 110.6958, 487.1583, 556.1521, -82.7041, 146.3170, 103.5366, 10.8002, -20.8225, -0.371525, -0.794199, -0.480849, 0.091704, 0.876141, -0.128569, -0.464593, 0.110696, 0.307157, -0.593900, 0.743598, 0.487158, 0.000000, 0.000000, 0.000000, 1.000000, 0.307057, -0.593885, 0.743651, 0.556152, 0.371525, 0.794200, 0.480849, -0.082704, -0.876176, 0.128637, 0.464508, 0.146317, 0.000000, 0.000000, 0.000000, 1.000000, 0.002993, 0.040599, -0.999171, 0.103537, -0.997912, -0.064350, -0.005604, 0.010800, -0.064524, 0.997101, 0.040321, -0.020823, 0.000000, 0.000000, 0.000000, 1.000000
-19.9986, 91.7041, 110.6904, 487.1575, 556.1513, -82.7045, 146.3225, 103.5366, 10.8001, -20.8226, -0.371521, -0.794201, -0.480850, 0.091704, 0.876140, -0.128561, -0.464597, 0.110690, 0.307165, -0.593900, 0.743595, 0.487157, 0.000000, 0.000000, 0.000000, 1.000000, 0.307066, -0.593885, 0.743648, 0.556151, 0.371521, 0.794201, 0.480850, -0.082705, -0.876175, 0.128628, 0.464512, 0.146323, 0.000000, 0.000000, 0.000000, 1.000000, 0.002993, 0.040599, -0.999171, 0.103537, -0.997912, -0.064350, -0.005604, 0.010800, -0.064524, 0.997101, 0.040321, -0.020823, 0.000000, 0.000000, 0.000000, 1.000000
-19.9983, 91.7045, 110.6868, 487.1568, 556.1507, -82.7049, 146.3262, 103.5366, 10.8001, -20.8226, -0.371516, -0.794203, -0.480851, 0.091705, 0.876141, -0.128554, -0.464597, 0.110687, 0.307169, -0.593899, 0.743593, 0.487157, 0.000000, 0.000000, 0.000000, 1.000000, 0.307070, -0.593884, 0.743646, 0.556151, 0.371516, 0.794203, 0.480851, -0.082705, -0.876176, 0.128622, 0.464513, 0.146326, 0.000000, 0.000000, 0.000000, 1.000000, 0.002993, 0.040598, -0.999171, 0.103537, -0.997912, -0.064350, -0.005604, 0.010800, -0.064524, 0.997101, 0.040321, -0.020823, 0.000000, 0.000000, 0.000000, 1.000000
-19.9979, 91.7051, 110.6830, 487.1561, 556.1500, -82.7054, 146.3301, 103.5367, 10.7999, -20.8226, -0.371508, -0.794205, -0.480853, 0.091705, 0.876143, -0.128546, -0.464596, 0.110683, 0.307172, -0.593898, 0.743593, 0.487156, 0.000000, 0.000000, 0.000000, 1.000000, 0.307074, -0.593883, 0.743646, 0.556150, 0.371508, 0.794205, 0.480853, -0.082705, -0.876178, 0.128613, 0.464512, 0.146330, 0.000000, 0.000000, 0.000000, 1.000000, 0.002994, 0.040598, -0.999171, 0.103537, -0.997912, -0.064349, -0.005605, 0.010800, -0.064524, 0.997101, 0.040321, -0.020823, 0.000000, 0.000000, 0.000000, 1.000000
-19.9976, 91.7054, 110.6811, 487.1557, 556.1495, -82.7058, 146.3321, 103.5367, 10.7998, -20.8226, -0.371503, -0.794207, -0.480855, 0.091705, 0.876145, -0.128541, -0.464594, 0.110681, 0.307174, -0.593897, 0.743593, 0.487156, 0.000000, 0.000000, 0.000000, 1.000000, 0.307075, -0.593881, 0.743646, 0.556150, 0.371503, 0.794207, 0.480854, -0.082706, -0.876179, 0.128608, 0.464510, 0.146332, 0.000000, 0.000000, 0.000000, 1.000000, 0.002994, 0.040598, -0.999171, 0.103537, -0.997912, -0.064349, -0.005605, 0.010800, -0.064524, 0.997101, 0.040321, -0.020823, 0.000000, 0.000000, 0.000000, 1.000000
-19.9976, 91.7054, 110.6811, 487.1557, 556.1495, -82.7058, 146.3321, 103.5367, 10.7998, -20.8226, -0.371503, -0.794207, -0.480855, 0.091705, 0.876145, -0.128541, -0.464594, 0.110681, 0.307174, -0.593897, 0.743593, 0.487156, 0.000000, 0.000000, 0.000000, 1.000000, 0.307075, -0.593881, 0.743646, 0.556150, 0.371503, 0.794207, 0.480854, -0.082706, -0.876179, 0.128608, 0.464510, 0.146332, 0.000000, 0.000000, 0.000000, 1.000000, 0.002994, 0.040598, -0.999171, 0.103537, -0.997912, -0.064349, -0.005605, 0.010800, -0.064524, 0.997101, 0.040321, -0.020823, 0.000000, 0.000000, 0.000000, 1.000000
-19.9956, 91.7077, 110.6720, 487.1534, 556.1473, -82.7081, 146.3413, 103.5369, 10.7993, -20.8228, -0.371470, -0.794216, -0.480864, 0.091708, 0.876158, -0.128515, -0.464576, 0.110672, 0.307176, -0.593889, 0.743598, 0.487153, 0.000000, 0.000000, 0.000000, 1.000000, 0.307077, -0.593874, 0.743651, 0.556147, 0.371470, 0.794217, 0.480864, -0.082708, -0.876193, 0.128582, 0.464492, 0.146341, 0.000000, 0.000000, 0.000000, 1.000000, 0.002995, 0.040598, -0.999171, 0.103537, -0.997912, -0.064349, -0.005605, 0.010799, -0.064523, 0.997101, 0.040321, -0.020823, 0.000000, 0.000000, 0.000000, 1.000000
-19.9956, 91.7077, 110.6720, 487.1534, 556.1473, -82.7081, 146.3413, 103.5369, 10.7993, -20.8228, -0.371470, -0.794216, -0.480864, 0.091708, 0.876158, -0.128515, -0.464576, 0.110672, 0.307176, -0.593889, 0.743598, 0.487153, 0.000000, 0.000000, 0.000000, 1.000000, 0.307077, -0.593874, 0.743651, 0.556147, 0.371470, 0.794217, 0.480864, -0.082708, -0.876193, 0.128582, 0.464492, 0.146341, 0.000000, 0.000000, 0.000000, 1.000000, 0.002995, 0.040598, -0.999171, 0.103537, -0.997912, -0.064349, -0.005605, 0.010799, -0.064523, 0.997101, 0.040321, -0.020823, 0.000000, 0.000000, 0.000000, 1.000000
-19.9940, 91.7095, 110.6666, 487.1518, 556.1457, -82.7098, 146.3469, 103.5370, 10.7988, -20.8229, -0.371445, -0.794223, -0.480872, 0.091709, 0.876169, -0.128496, -0.464560, 0.110667, 0.307174, -0.593884, 0.743603, 0.487152, 0.000000, 0.000000, 0.000000, 1.000000, 0.307076, -0.593869, 0.743656, 0.556146, 0.371445, 0.794224, 0.480871, -0.082710, -0.876204, 0.128563, 0.464476, 0.146347, 0.000000, 0.000000, 0.000000, 1.000000, 0.002995, 0.040598, -0.999171, 0.103537, -0.997912, -0.064348, -0.005606, 0.010799, -0.064522, 0.997101, 0.040320, -0.020823, 0.000000, 0.000000, 0.000000, 1.000000
-19.9919, 91.7117, 110.6603, 487.1498, 556.1437, -82.7120, 146.3533, 103.5372, 10.7982, -20.8230, -0.371412, -0.794233, -0.480882, 0.091712, 0.876184, -0.128473, -0.464538, 0.110660, 0.307171, -0.593876, 0.743611, 0.487150, 0.000000, 0.000000, 0.000000, 1.000000, 0.307073, -0.593861, 0.743663, 0.556144, 0.371412, 0.794233, 0.480881, -0.082712, -0.876219, 0.128540, 0.464455, 0.146353, 0.000000, 0.000000, 0.000000, 1.000000, 0.002996, 0.040597, -0.999171, 0.103537, -0.997912, -0.064347, -0.005607, 0.010798, -0.064522, 0.997101, 0.040320, -0.020823, 0.000000, 0.000000, 0.000000, 1.000000
-19.9894, 91.7144, 110.6531, 487.1474, 556.1414, -82.7148, 146.3606, 103.5374, 10.7975, -20.8232, -0.371372, -0.794244, -0.480894, 0.091714, 0.876203, -0.128445, -0.464511, 0.110653, 0.307166, -0.593867, 0.743620, 0.487147, 0.000000, 0.000000, 0.000000, 1.000000, 0.307069, -0.593852, 0.743672, 0.556141, 0.371372, 0.794245, 0.480894, -0.082715, -0.876237, 0.128512, 0.464427, 0.146361, 0.000000, 0.000000, 0.000000, 1.000000, 0.002997, 0.040597, -0.999171, 0.103537, -0.997912, -0.064347, -0.005607, 0.010797, -0.064521, 0.997101, 0.040319, -0.020823, 0.000000, 0.000000, 0.000000, 1.000000
-19.9863, 91.7177, 110.6449, 487.1447, 556.1386, -82.7180, 146.3690, 103.5376, 10.7966, -20.8234, -0.371324, -0.794258, -0.480909, 0.091718, 0.876226, -0.128412, -0.464477, 0.110645, 0.307159, -0.593856, 0.743632, 0.487145, 0.000000, 0.000000, 0.000000, 1.000000, 0.307062, -0.593841, 0.743684, 0.556139, 0.371323, 0.794258, 0.480908, -0.082718, -0.876260, 0.128479, 0.464394, 0.146369, 0.000000, 0.000000, 0.000000, 1.000000, 0.002998, 0.040597, -0.999171, 0.103538, -0.997912, -0.064345, -0.005608, 0.010797, -0.064520, 0.997102, 0.040319, -0.020823, 0.000000, 0.000000, 0.000000, 1.000000
-19.9863, 91.7177, 110.6449, 487.1447, 556.1386, -82.7180, 146.3690, 103.5376, 10.7966, -20.8234, -0.371324, -0.794258, -0.480909, 0.091718, 0.876226, -0.128412, -0.464477, 0.110645, 0.307159, -0.593856, 0.743632, 0.487145, 0.000000, 0.000000, 0.000000, 1.000000, 0.307062, -0.593841, 0.743684, 0.556139, 0.371323, 0.794258, 0.480908, -0.082718, -0.876260, 0.128479, 0.464394, 0.146369, 0.000000, 0.000000, 0.000000, 1.000000, 0.002998, 0.040597, -0.999171, 0.103538, -0.997912, -0.064345, -0.005608, 0.010797, -0.064520, 0.997102, 0.040319, -0.020823, 0.000000, 0.000000, 0.000000, 1.000000
-19.9826, 91.7215, 110.6356, 487.1415, 556.1354, -82.7219, 146.3784, 103.5379, 10.7955, -20.8236, -0.371267, -0.794274, -0.480926, 0.091721, 0.876253, -0.128374, -0.464436, 0.110636, 0.307151, -0.593843, 0.743646, 0.487141, 0.000000, 0.000000, 0.000000, 1.000000, 0.307054, -0.593828, 0.743698, 0.556135, 0.371266, 0.794274, 0.480926, -0.082722, -0.876287, 0.128440, 0.464353, 0.146378, 0.000000, 0.000000, 0.000000, 1.000000, 0.002999, 0.040596, -0.999171, 0.103538, -0.997912, -0.064344, -0.005610, 0.010795, -0.064519, 0.997102, 0.040318, -0.020824, 0.000000, 0.000000, 0.000000, 1.000000
-19.9761, 91.7283, 110.6195, 487.1358, 556.1298, -82.7287, 146.3947, 103.5385, 10.7936, -20.8241, -0.371165, -0.794303, -0.480957, 0.091728, 0.876302, -0.128306, -0.464362, 0.110619, 0.307134, -0.593819, 0.743672, 0.487136, 0.000000, 0.000000, 0.000000, 1.000000, 0.307037, -0.593804, 0.743724, 0.556130, 0.371165, 0.794303, 0.480957, -0.082729, -0.876336, 0.128372, 0.464280, 0.146395, 0.000000, 0.000000, 0.000000, 1.000000, 0.003001, 0.040595, -0.999171, 0.103538, -0.997912, -0.064342, -0.005612, 0.010794, -0.064516, 0.997102, 0.040317, -0.020824, 0.000000, 0.000000, 0.000000, 1.000000
-19.9761, 91.7283, 110.6195, 487.1358, 556.1298, -82.7287, 146.3947, 103.5385, 10.7936, -20.8241, -0.371165, -0.794303, -0.480957, 0.091728, 0.876302, -0.128306, -0.464362, 0.110619, 0.307134, -0.593819, 0.743672, 0.487136, 0.000000, 0.000000, 0.000000, 1.000000, 0.307037, -0.593804, 0.743724, 0.556130, 0.371165, 0.794303, 0.480957, -0.082729, -0.876336, 0.128372, 0.464280, 0.146395, 0.000000, 0.000000, 0.000000, 1.000000, 0.003001, 0.040595, -0.999171, 0.103538, -0.997912, -0.064342, -0.005612, 0.010794, -0.064516, 0.997102, 0.040317, -0.020824, 0.000000, 0.000000, 0.000000, 1.000000
-19.9710, 91.7336, 110.6073, 487.1314, 556.1254, -82.7340, 146.4070, 103.5389, 10.7921, -20.8244, -0.371086, -0.794325, -0.480982, 0.091734, 0.876340, -0.128254, -0.464305, 0.110607, 0.307121, -0.593801, 0.743692, 0.487131, 0.000000, 0.000000, 0.000000, 1.000000, 0.307024, -0.593786, 0.743744, 0.556125, 0.371086, 0.794325, 0.480981, -0.082734, -0.876374, 0.128320, 0.464223, 0.146407, 0.000000, 0.000000, 0.000000, 1.000000, 0.003003, 0.040594, -0.999171, 0.103539, -0.997912, -0.064340, -0.005613, 0.010792, -0.064515, 0.997102, 0.040316, -0.020824, 0.000000, 0.000000, 0.000000, 1.000000
-19.9683, 91.7365, 110.6008, 487.1291, 556.1231, -82.7368, 146.4136, 103.5391, 10.7913, -20.8246, -0.371043, -0.794337, -0.480995, 0.091736, 0.876361, -0.128226, -0.464274, 0.110601, 0.307114, -0.593791, 0.743703, 0.487129, 0.000000, 0.000000, 0.000000, 1.000000, 0.307017, -0.593776, 0.743754, 0.556123, 0.371043, 0.794337, 0.480994, -0.082737, -0.876395, 0.128291, 0.464192, 0.146414, 0.000000, 0.000000, 0.000000, 1.000000, 0.003004, 0.040594, -0.999171, 0.103539, -0.997912, -0.064339, -0.005614, 0.010791, -0.064514, 0.997102, 0.040316, -0.020825, 0.000000, 0.000000, 0.000000, 1.000000
-19.9592, 91.7458, 110.5796, 487.1214, 556.1154, -82.7462, 146.4351, 103.5398, 10.7887, -20.8252, -0.370903, -0.794376, -0.481038, 0.091746, 0.876429, -0.128133, -0.464171, 0.110580, 0.307089, -0.593758, 0.743739, 0.487121, 0.000000, 0.000000, 0.000000, 1.000000, 0.306993, -0.593743, 0.743791, 0.556115, 0.370903, 0.794377, 0.481037, -0.082746, -0.876463, 0.128199, 0.464089, 0.146435, 0.000000, 0.000000, 0.000000, 1.000000, 0.003007, 0.040593, -0.999171, 0.103540, -0.997912, -0.064336, -0.005617, 0.010789, -0.064511, 0.997102, 0.040314, -0.020825, 0.000000, 0.000000, 0.000000, 1.000000
-19.9592, 91.7458, 110.5796, 487.1214, 556.1154, -82.7462, 146.4351, 103.5398, 10.7887, -20.8252, -0.370903, -0.794376, -0.481038, 0.091746, 0.876429, -0.128133, -0.464171, 0.110580, 0.307089, -0.593758, 0.743739, 0.487121, 0.000000, 0.000000, 0.000000, 1.000000, 0.306993, -0.593743, 0.743791, 0.556115, 0.370903, 0.794377, 0.481037, -0.082746, -0.876463, 0.128199, 0.464089, 0.146435, 0.000000, 0.000000, 0.000000, 1.000000, 0.003007, 0.040593, -0.999171, 0.103540, -0.997912, -0.064336, -0.005617, 0.010789, -0.064511, 0.997102, 0.040314, -0.020825, 0.000000, 0.000000, 0.000000, 1.000000
-19.9592, 91.7458, 110.5796, 487.1214, 556.1154, -82.7462, 146.4351, 103.5398, 10.7887, -20.8252, -0.370903, -0.794376, -0.481038, 0.091746, 0.876429, -0.128133, -0.464171, 0.110580, 0.307089, -0.593758, 0.743739, 0.487121, 0.000000, 0.000000, 0.000000, 1.000000, 0.306993, -0.593743, 0.743791, 0.556115, 0.370903, 0.794377, 0.481037, -0.082746, -0.876463, 0.128199, 0.464089, 0.146435, 0.000000, 0.000000, 0.000000, 1.000000, 0.003007, 0.040593, -0.999171, 0.103540, -0.997912, -0.064336, -0.005617, 0.010789, -0.064511, 0.997102, 0.040314, -0.020825, 0.000000, 0.000000, 0.000000, 1.000000
-19.9418, 91.7640, 110.5390, 487.1066, 556.1007, -82.7644, 146.4761, 103.5412, 10.7836, -20.8263, -0.370632, -0.794452, -0.481121, 0.091764, 0.876560, -0.127955, -0.463971, 0.110539, 0.307041, -0.593694, 0.743810, 0.487107, 0.000000, 0.000000, 0.000000, 1.000000, 0.306945, -0.593680, 0.743861, 0.556101, 0.370631, 0.794453, 0.481121, -0.082764, -0.876594, 0.128020, 0.463890, 0.146476, 0.000000, 0.000000, 0.000000, 1.000000, 0.003013, 0.040590, -0.999171, 0.103541, -0.997913, -0.064330, -0.005623, 0.010784, -0.064505, 0.997103, 0.040312, -0.020826, 0.000000, 0.000000, 0.000000, 1.000000
-19.9342, 91.7713, 110.5340, 487.1019, 556.0960, -82.7717, 146.4810, 103.5418, 10.7814, -20.8268, -0.370518, -0.794483, -0.481158, 0.091771, 0.876623, -0.127895, -0.463869, 0.110534, 0.306999, -0.593666, 0.743850, 0.487102, 0.000000, 0.000000, 0.000000, 1.000000, 0.306903, -0.593651, 0.743901, 0.556096, 0.370518, 0.794484, 0.481157, -0.082772, -0.876657, 0.127960, 0.463788, 0.146481, 0.000000, 0.000000, 0.000000, 1.000000, 0.003016, 0.040589, -0.999171, 0.103542, -0.997913, -0.064327, -0.005625, 0.010781, -0.064502, 0.997103, 0.040310, -0.020827, 0.000000, 0.000000, 0.000000, 1.000000
-19.9302, 91.7751, 110.5309, 487.0994, 556.0935, -82.7755, 146.4842, 103.5421, 10.7802, -20.8270, -0.370459, -0.794499, -0.481177, 0.091775, 0.876656, -0.127863, -0.463817, 0.110531, 0.306978, -0.593651, 0.743870, 0.487099, 0.000000, 0.000000, 0.000000, 1.000000, 0.306882, -0.593637, 0.743921, 0.556093, 0.370458, 0.794500, 0.481176, -0.082775, -0.876689, 0.127928, 0.463735, 0.146484, 0.000000, 0.000000, 0.000000, 1.000000, 0.003017, 0.040589, -0.999171, 0.103542, -0.997913, -0.064326, -0.005626, 0.010780, -0.064501, 0.997103, 0.040310, -0.020827, 0.000000, 0.000000, 0.000000, 1.000000
-19.9262, 91.7790, 110.5272, 487.0968, 556.0908, -82.7794, 146.4878, 103.5424, 10.7791, -20.8272, -0.370398, -0.794516, -0.481196, 0.091779, 0.876689, -0.127829, -0.463764, 0.110527, 0.306957, -0.593636, 0.743891, 0.487097, 0.000000, 0.000000, 0.000000, 1.000000, 0.306861, -0.593622, 0.743942, 0.556091, 0.370398, 0.794516, 0.481196, -0.082779, -0.876722, 0.127894, 0.463683, 0.146488, 0.000000, 0.000000, 0.000000, 1.000000, 0.003018, 0.040588, -0.999171, 0.103542, -0.997913, -0.064324, -0.005627, 0.010779, -0.064500, 0.997103, 0.040309, -0.020827, 0.000000, 0.000000, 0.000000, 1.000000
-19.9180, 91.7871, 110.5185, 487.0912, 556.0853, -82.7875, 146.4965, 103.5431, 10.7766, -20.8278, -0.370273, -0.794550, -0.481236, 0.091787, 0.876756, -0.127759, -0.463656, 0.110519, 0.306916, -0.593606, 0.743932, 0.487091, 0.000000, 0.000000, 0.000000, 1.000000, 0.306820, -0.593591, 0.743983, 0.556085, 0.370273, 0.794550, 0.481235, -0.082787, -0.876789, 0.127824, 0.463575, 0.146497, 0.000000, 0.000000, 0.000000, 1.000000, 0.003021, 0.040587, -0.999171, 0.103543, -0.997913, -0.064321, -0.005630, 0.010777, -0.064497, 0.997104, 0.040308, -0.020828, 0.000000, 0.000000, 0.000000, 1.000000
-19.9137, 91.7913, 110.5134, 487.0882, 556.0823, -82.7917, 146.5016, 103.5434, 10.7754, -20.8280, -0.370209, -0.794568, -0.481256, 0.091791, 0.876790, -0.127722, -0.463602, 0.110513, 0.306896, -0.593590, 0.743953, 0.487088, 0.000000, 0.000000, 0.000000, 1.000000, 0.306801, -0.593576, 0.744004, 0.556082, 0.370209, 0.794568, 0.481256, -0.082792, -0.876823, 0.127787, 0.463521, 0.146502, 0.000000, 0.000000, 0.000000, 1.000000, 0.003022, 0.040586, -0.999171, 0.103543, -0.997913, -0.064320, -0.005631, 0.010775, -0.064495, 0.997104, 0.040307, -0.020828, 0.000000, 0.000000, 0.000000, 1.000000
-19.9006, 91.8044, 110.4953, 487.0787, 556.0728, -82.8048, 146.5198, 103.5444, 10.7716, -20.8289, -0.370009, -0.794623, -0.481319, 0.091804, 0.876894, -0.127605, -0.463437, 0.110495, 0.306839, -0.593541, 0.744015, 0.487079, 0.000000, 0.000000, 0.000000, 1.000000, 0.306743, -0.593527, 0.744066, 0.556073, 0.370009, 0.794623, 0.481318, -0.082805, -0.876928, 0.127670, 0.463356, 0.146520, 0.000000, 0.000000, 0.000000, 1.000000, 0.003027, 0.040585, -0.999172, 0.103544, -0.997914, -0.064315, -0.005635, 0.010772, -0.064491, 0.997104, 0.040305, -0.020829, 0.000000, 0.000000, 0.000000, 1.000000
-19.8915, 91.8135, 110.4808, 487.0719, 556.0660, -82.8139, 146.5343, 103.5451, 10.7689, -20.8294, -0.369871, -0.794661, -0.481362, 0.091814, 0.876965, -0.127522, -0.463326, 0.110481, 0.306803, -0.593508, 0.744057, 0.487072, 0.000000, 0.000000, 0.000000, 1.000000, 0.306707, -0.593494, 0.744107, 0.556066, 0.369871, 0.794661, 0.481361, -0.082814, -0.876998, 0.127587, 0.463244, 0.146534, 0.000000, 0.000000, 0.000000, 1.000000, 0.003030, 0.040583, -0.999172, 0.103545, -0.997914, -0.064312, -0.005638, 0.010769, -0.064488, 0.997104, 0.040304, -0.020829, 0.000000, 0.000000, 0.000000, 1.000000
-19.8915, 91.8135, 110.4808, 487.0719, 556.0660, -82.8139, 146.5343, 103.5451, 10.7689, -20.8294, -0.369871, -0.794661, -0.481362, 0.091814, 0.876965, -0.127522, -0.463326, 0.110481, 0.306803, -0.593508, 0.744057, 0.487072, 0.000000, 0.000000, 0.000000, 1.000000, 0.306707, -0.593494, 0.744107, 0.556066, 0.369871, 0.794661, 0.481361, -0.082814, -0.876998, 0.127587, 0.463244, 0.146534, 0.000000, 0.000000, 0.000000, 1.000000, 0.003030, 0.040583, -0.999172, 0.103545, -0.997914, -0.064312, -0.005638, 0.010769, -0.064488, 0.997104, 0.040304, -0.020829, 0.000000, 0.000000, 0.000000, 1.000000
-19.8777, 91.8276, 110.4559, 487.0611, 556.0552, -82.8280, 146.5593, 103.5462, 10.7649, -20.8303, -0.369658, -0.794720, -0.481428, 0.091828, 0.877072, -0.127391, -0.463158, 0.110456, 0.306752, -0.593457, 0.744118, 0.487061, 0.000000, 0.000000, 0.000000, 1.000000, 0.306656, -0.593443, 0.744169, 0.556055, 0.369658, 0.794720, 0.481427, -0.082828, -0.877106, 0.127456, 0.463077, 0.146559, 0.000000, 0.000000, 0.000000, 1.000000, 0.003035, 0.040581, -0.999172, 0.103546, -0.997914, -0.064307, -0.005643, 0.010765, -0.064483, 0.997105, 0.040302, -0.020830, 0.000000, 0.000000, 0.000000, 1.000000
-19.8777, 91.8276, 110.4559, 487.0611, 556.0552, -82.8280, 146.5593, 103.5462, 10.7649, -20.8303, -0.369658, -0.794720, -0.481428, 0.091828, 0.877072, -0.127391, -0.463158, 0.110456, 0.306752, -0.593457, 0.744118, 0.487061, 0.000000, 0.000000, 0.000000, 1.000000, 0.306656, -0.593443, 0.744169, 0.556055, 0.369658, 0.794720, 0.481427, -0.082828, -0.877106, 0.127456, 0.463077, 0.146559, 0.000000, 0.000000, 0.000000, 1.000000, 0.003035, 0.040581, -0.999172, 0.103546, -0.997914, -0.064307, -0.005643, 0.010765, -0.064483, 0.997105, 0.040302, -0.020830, 0.000000, 0.000000, 0.000000, 1.000000
-19.8683, 91.8373, 110.4372, 487.0535, 556.0477, -82.8376, 146.5780, 103.5470, 10.7622, -20.8309, -0.369514, -0.794760, -0.481472, 0.091837, 0.877145, -0.127300, -0.463047, 0.110437, 0.306720, -0.593423, 0.744159, 0.487054, 0.000000, 0.000000, 0.000000, 1.000000, 0.306625, -0.593408, 0.744210, 0.556048, 0.369513, 0.794761, 0.481472, -0.082838, -0.877178, 0.127364, 0.462965, 0.146578, 0.000000, 0.000000, 0.000000, 1.000000, 0.003038, 0.040580, -0.999172, 0.103547, -0.997914, -0.064304, -0.005646, 0.010762, -0.064480, 0.997105, 0.040300, -0.020831, 0.000000, 0.000000, 0.000000, 1.000000
-19.8540, 91.8520, 110.4065, 487.0417, 556.0359, -82.8524, 146.6088, 103.5481, 10.7580, -20.8318, -0.369293, -0.794822, -0.481540, 0.091852, 0.877253, -0.127158, -0.462880, 0.110407, 0.306676, -0.593371, 0.744219, 0.487042, 0.000000, 0.000000, 0.000000, 1.000000, 0.306581, -0.593356, 0.744269, 0.556036, 0.369293, 0.794822, 0.481539, -0.082852, -0.877286, 0.127223, 0.462799, 0.146609, 0.000000, 0.000000, 0.000000, 1.000000, 0.003043, 0.040578, -0.999172, 0.103548, -0.997915, -0.064299, -0.005650, 0.010758, -0.064475, 0.997105, 0.040298, -0.020832, 0.000000, 0.000000, 0.000000, 1.000000
-19.8540, 91.8520, 110.4065, 487.0417, 556.0359, -82.8524, 146.6088, 103.5481, 10.7580, -20.8318, -0.369293, -0.794822, -0.481540, 0.091852, 0.877253, -0.127158, -0.462880, 0.110407, 0.306676, -0.593371, 0.744219, 0.487042, 0.000000, 0.000000, 0.000000, 1.000000, 0.306581, -0.593356, 0.744269, 0.556036, 0.369293, 0.794822, 0.481539, -0.082852, -0.877286, 0.127223, 0.462799, 0.146609, 0.000000, 0.000000, 0.000000, 1.000000, 0.003043, 0.040578, -0.999172, 0.103548, -0.997915, -0.064299, -0.005650, 0.010758, -0.064475, 0.997105, 0.040298, -0.020832, 0.000000, 0.000000, 0.000000, 1.000000
-19.8444, 91.8620, 110.3844, 487.0336, 556.0277, -82.8623, 146.6310, 103.5489, 10.7552, -20.8325, -0.369144, -0.794864, -0.481585, 0.091862, 0.877325, -0.127061, -0.462771, 0.110384, 0.306649, -0.593336, 0.744258, 0.487034, 0.000000, 0.000000, 0.000000, 1.000000, 0.306554, -0.593321, 0.744308, 0.556028, 0.369144, 0.794864, 0.481585, -0.082862, -0.877358, 0.127126, 0.462690, 0.146631, 0.000000, 0.000000, 0.000000, 1.000000, 0.003046, 0.040577, -0.999172, 0.103549, -0.997915, -0.064296, -0.005653, 0.010755, -0.064472, 0.997106, 0.040296, -0.020832, 0.000000, 0.000000, 0.000000, 1.000000
-19.8348, 91.8720, 110.3612, 487.0253, 556.0194, -82.8723, 146.6542, 103.5496, 10.7524, -20.8331, -0.368995, -0.794905, -0.481630, 0.091872, 0.877396, -0.126962, -0.462662, 0.110361, 0.306624, -0.593301, 0.744296, 0.487025, 0.000000, 0.000000, 0.000000, 1.000000, 0.306528, -0.593286, 0.744346, 0.556019, 0.368995, 0.794906, 0.481630, -0.082872, -0.877430, 0.127027, 0.462581, 0.146654, 0.000000, 0.000000, 0.000000, 1.000000, 0.003049, 0.040575, -0.999172, 0.103550, -0.997915, -0.064292, -0.005656, 0.010752, -0.064469, 0.997106, 0.040295, -0.020833, 0.000000, 0.000000, 0.000000, 1.000000
-19.8252, 91.8820, 110.3370, 487.0169, 556.0110, -82.8823, 146.6785, 103.5504, 10.7497, -20.8337, -0.368846, -0.794947, -0.481675, 0.091882, 0.877467, -0.126863, -0.462555, 0.110337, 0.306600, -0.593266, 0.744333, 0.487017, 0.000000, 0.000000, 0.000000, 1.000000, 0.306505, -0.593252, 0.744384, 0.556011, 0.368846, 0.794948, 0.481675, -0.082882, -0.877501, 0.126927, 0.462474, 0.146678, 0.000000, 0.000000, 0.000000, 1.000000, 0.003053, 0.040574, -0.999172, 0.103550, -0.997915, -0.064289, -0.005659, 0.010750, -0.064465, 0.997106, 0.040293, -0.020834, 0.000000, 0.000000, 0.000000, 1.000000
-19.8204, 91.8870, 110.3246, 487.0127, 556.0068, -82.8873, 146.6909, 103.5508, 10.7483, -20.8340, -0.368771, -0.794968, -0.481698, 0.091887, 0.877503, -0.126812, -0.462502, 0.110325, 0.306589, -0.593249, 0.744352, 0.487013, 0.000000, 0.000000, 0.000000, 1.000000, 0.306494, -0.593234, 0.744402, 0.556007, 0.368771, 0.794969, 0.481697, -0.082887, -0.877536, 0.126877, 0.462421, 0.146691, 0.000000, 0.000000, 0.000000, 1.000000, 0.003054, 0.040573, -0.999172, 0.103551, -0.997915, -0.064287, -0.005661, 0.010748, -0.064464, 0.997106, 0.040292, -0.020834, 0.000000, 0.000000, 0.000000, 1.000000
-19.8014, 91.9070, 110.2733, 486.9955, 555.9897, -82.9073, 146.7424, 103.5523, 10.7428, -20.8353, -0.368475, -0.795052, -0.481787, 0.091907, 0.877642, -0.126610, -0.462293, 0.110273, 0.306548, -0.593180, 0.744423, 0.486996, 0.000000, 0.000000, 0.000000, 1.000000, 0.306453, -0.593166, 0.744474, 0.555990, 0.368475, 0.795052, 0.481787, -0.082907, -0.877675, 0.126674, 0.462213, 0.146742, 0.000000, 0.000000, 0.000000, 1.000000, 0.003061, 0.040570, -0.999172, 0.103552, -0.997916, -0.064281, -0.005667, 0.010743, -0.064457, 0.997107, 0.040289, -0.020835, 0.000000, 0.000000, 0.000000, 1.000000
-19.7921, 91.9168, 110.2469, 486.9870, 555.9812, -82.9172, 146.7689, 103.5530, 10.7400, -20.8359, -0.368328, -0.795093, -0.481831, 0.091917, 0.877709, -0.126509, -0.462192, 0.110247, 0.306530, -0.593146, 0.744458, 0.486987, 0.000000, 0.000000, 0.000000, 1.000000, 0.306435, -0.593132, 0.744508, 0.555981, 0.368328, 0.795094, 0.481831, -0.082917, -0.877743, 0.126573, 0.462112, 0.146769, 0.000000, 0.000000, 0.000000, 1.000000, 0.003064, 0.040569, -0.999172, 0.103553, -0.997916, -0.064278, -0.005670, 0.010740, -0.064454, 0.997107, 0.040287, -0.020836, 0.000000, 0.000000, 0.000000, 1.000000
-19.7829, 91.9260, 110.2328, 486.9802, 555.9744, -82.9264, 146.7829, 103.5537, 10.7374, -20.8365, -0.368188, -0.795132, -0.481875, 0.091926, 0.877782, -0.126425, -0.462077, 0.110233, 0.306491, -0.593112, 0.744501, 0.486980, 0.000000, 0.000000, 0.000000, 1.000000, 0.306397, -0.593098, 0.744551, 0.555974, 0.368187, 0.795132, 0.481874, -0.082926, -0.877815, 0.126490, 0.461997, 0.146783, 0.000000, 0.000000, 0.000000, 1.000000, 0.003067, 0.040568, -0.999172, 0.103554, -0.997916, -0.064274, -0.005673, 0.010737, -0.064451, 0.997107, 0.040286, -0.020836, 0.000000, 0.000000, 0.000000, 1.000000
-19.7829, 91.9260, 110.2328, 486.9802, 555.9744, -82.9264, 146.7829, 103.5537, 10.7374, -20.8365, -0.368188, -0.795132, -0.481875, 0.091926, 0.877782, -0.126425, -0.462077, 0.110233, 0.306491, -0.593112, 0.744501, 0.486980, 0.000000, 0.000000, 0.000000, 1.000000, 0.306397, -0.593098, 0.744551, 0.555974, 0.368187, 0.795132, 0.481874, -0.082926, -0.877815, 0.126490, 0.461997, 0.146783, 0.000000, 0.000000, 0.000000, 1.000000, 0.003067, 0.040568, -0.999172, 0.103554, -0.997916, -0.064274, -0.005673, 0.010737, -0.064451, 0.997107, 0.040286, -0.020836, 0.000000, 0.000000, 0.000000, 1.000000
-19.7692, 91.9397, 110.2094, 486.9698, 555.9639, -82.9401, 146.8062, 103.5548, 10.7334, -20.8373, -0.367978, -0.795190, -0.481939, 0.091940, 0.877888, -0.126298, -0.461911, 0.110209, 0.306439, -0.593062, 0.744562, 0.486970, 0.000000, 0.000000, 0.000000, 1.000000, 0.306344, -0.593048, 0.744612, 0.555964, 0.367978, 0.795190, 0.481939, -0.082940, -0.877921, 0.126362, 0.461830, 0.146806, 0.000000, 0.000000, 0.000000, 1.000000, 0.003072, 0.040566, -0.999172, 0.103555, -0.997916, -0.064269, -0.005677, 0.010733, -0.064447, 0.997108, 0.040284, -0.020837, 0.000000, 0.000000, 0.000000, 1.000000
-19.7647, 91.9443, 110.2009, 486.9662, 555.9604, -82.9446, 146.8147, 103.5552, 10.7321, -20.8376, -0.367909, -0.795209, -0.481961, 0.091944, 0.877922, -0.126255, -0.461857, 0.110201, 0.306423, -0.593046, 0.744582, 0.486966, 0.000000, 0.000000, 0.000000, 1.000000, 0.306328, -0.593031, 0.744632, 0.555960, 0.367909, 0.795209, 0.481960, -0.082945, -0.877956, 0.126319, 0.461776, 0.146815, 0.000000, 0.000000, 0.000000, 1.000000, 0.003074, 0.040565, -0.999172, 0.103555, -0.997917, -0.064268, -0.005679, 0.010732, -0.064445, 0.997108, 0.040283, -0.020838, 0.000000, 0.000000, 0.000000, 1.000000
-19.7558, 91.9534, 110.1830, 486.9591, 555.9532, -82.9537, 146.8325, 103.5559, 10.7295, -20.8382, -0.367772, -0.795247, -0.482003, 0.091953, 0.877990, -0.126168, -0.461752, 0.110183, 0.306393, -0.593013, 0.744620, 0.486959, 0.000000, 0.000000, 0.000000, 1.000000, 0.306298, -0.592999, 0.744670, 0.555953, 0.367772, 0.795247, 0.482002, -0.082954, -0.878024, 0.126232, 0.461671, 0.146832, 0.000000, 0.000000, 0.000000, 1.000000, 0.003077, 0.040564, -0.999172, 0.103556, -0.997917, -0.064265, -0.005682, 0.010729, -0.064442, 0.997108, 0.040282, -0.020838, 0.000000, 0.000000, 0.000000, 1.000000
-19.7470, 91.9624, 110.1639, 486.9518, 555.9460, -82.9627, 146.8515, 103.5566, 10.7269, -20.8387, -0.367636, -0.795285, -0.482044, 0.091962, 0.878057, -0.126080, -0.461649, 0.110164, 0.306366, -0.592981, 0.744657, 0.486952, 0.000000, 0.000000, 0.000000, 1.000000, 0.306271, -0.592967, 0.744707, 0.555946, 0.367636, 0.795285, 0.482044, -0.082963, -0.878090, 0.126145, 0.461568, 0.146852, 0.000000, 0.000000, 0.000000, 1.000000, 0.003080, 0.040563, -0.999172, 0.103557, -0.997917, -0.064262, -0.005685, 0.010727, -0.064439, 0.997108, 0.040280, -0.020839, 0.000000, 0.000000, 0.000000, 1.000000
-19.7470, 91.9624, 110.1639, 486.9518, 555.9460, -82.9627, 146.8515, 103.5566, 10.7269, -20.8387, -0.367636, -0.795285, -0.482044, 0.091962, 0.878057, -0.126080, -0.461649, 0.110164, 0.306366, -0.592981, 0.744657, 0.486952, 0.000000, 0.000000, 0.000000, 1.000000, 0.306271, -0.592967, 0.744707, 0.555946, 0.367636, 0.795285, 0.482044, -0.082963, -0.878090, 0.126145, 0.461568, 0.146852, 0.000000, 0.000000, 0.000000, 1.000000, 0.003080, 0.040563, -0.999172, 0.103557, -0.997917, -0.064262, -0.005685, 0.010727, -0.064439, 0.997108, 0.040280, -0.020839, 0.000000, 0.000000, 0.000000, 1.000000
-19.7340, 91.9759, 110.1332, 486.9407, 555.9349, -82.9762, 146.8822, 103.5576, 10.7231, -20.8396, -0.367434, -0.795341, -0.482105, 0.091976, 0.878154, -0.125948, -0.461501, 0.110133, 0.306331, -0.592934, 0.744709, 0.486941, 0.000000, 0.000000, 0.000000, 1.000000, 0.306235, -0.592919, 0.744759, 0.555935, 0.367434, 0.795341, 0.482105, -0.082976, -0.878187, 0.126012, 0.461420, 0.146882, 0.000000, 0.000000, 0.000000, 1.000000, 0.003084, 0.040561, -0.999172, 0.103558, -0.997917, -0.064257, -0.005689, 0.010723, -0.064435, 0.997109, 0.040278, -0.020840, 0.000000, 0.000000, 0.000000, 1.000000
-19.7255, 91.9847, 110.1114, 486.9332, 555.9274, -82.9851, 146.9039, 103.5583, 10.7207, -20.8401, -0.367301, -0.795378, -0.482145, 0.091985, 0.878216, -0.125859, -0.461406, 0.110111, 0.306310, -0.592903, 0.744742, 0.486933, 0.000000, 0.000000, 0.000000, 1.000000, 0.306215, -0.592889, 0.744792, 0.555927, 0.367301, 0.795378, 0.482144, -0.082985, -0.878250, 0.125923, 0.461325, 0.146904, 0.000000, 0.000000, 0.000000, 1.000000, 0.003087, 0.040560, -0.999172, 0.103558, -0.997917, -0.064254, -0.005691, 0.010721, -0.064432, 0.997109, 0.040277, -0.020840, 0.000000, 0.000000, 0.000000, 1.000000
-19.7255, 91.9847, 110.1114, 486.9332, 555.9274, -82.9851, 146.9039, 103.5583, 10.7207, -20.8401, -0.367301, -0.795378, -0.482145, 0.091985, 0.878216, -0.125859, -0.461406, 0.110111, 0.306310, -0.592903, 0.744742, 0.486933, 0.000000, 0.000000, 0.000000, 1.000000, 0.306215, -0.592889, 0.744792, 0.555927, 0.367301, 0.795378, 0.482144, -0.082985, -0.878250, 0.125923, 0.461325, 0.146904, 0.000000, 0.000000, 0.000000, 1.000000, 0.003087, 0.040560, -0.999172, 0.103558, -0.997917, -0.064254, -0.005691, 0.010721, -0.064432, 0.997109, 0.040277, -0.020840, 0.000000, 0.000000, 0.000000, 1.000000
-19.7129, 91.9979, 110.0771, 486.9219, 555.9161, -82.9982, 146.9382, 103.5593, 10.7170, -20.8410, -0.367105, -0.795433, -0.482204, 0.091998, 0.878308, -0.125724, -0.461269, 0.110077, 0.306283, -0.592857, 0.744789, 0.486922, 0.000000, 0.000000, 0.000000, 1.000000, 0.306188, -0.592843, 0.744840, 0.555916, 0.367104, 0.795433, 0.482203, -0.082998, -0.878341, 0.125789, 0.461188, 0.146938, 0.000000, 0.000000, 0.000000, 1.000000, 0.003091, 0.040558, -0.999172, 0.103559, -0.997918, -0.064250, -0.005696, 0.010717, -0.064428, 0.997109, 0.040275, -0.020841, 0.000000, 0.000000, 0.000000, 1.000000
-19.7088, 92.0023, 110.0653, 486.9181, 555.9123, -83.0026, 146.9500, 103.5596, 10.7158, -20.8412, -0.367040, -0.795451, -0.482223, 0.092002, 0.878338, -0.125680, -0.461224, 0.110065, 0.306276, -0.592842, 0.744804, 0.486918, 0.000000, 0.000000, 0.000000, 1.000000, 0.306180, -0.592828, 0.744855, 0.555912, 0.367040, 0.795452, 0.482223, -0.083003, -0.878371, 0.125744, 0.461143, 0.146950, 0.000000, 0.000000, 0.000000, 1.000000, 0.003093, 0.040557, -0.999172, 0.103560, -0.997918, -0.064248, -0.005697, 0.010716, -0.064426, 0.997109, 0.040274, -0.020841, 0.000000, 0.000000, 0.000000, 1.000000
-19.7047, 92.0066, 110.0533, 486.9143, 555.9085, -83.0069, 146.9620, 103.5599, 10.7146, -20.8415, -0.366975, -0.795469, -0.482242, 0.092007, 0.878367, -0.125635, -0.461180, 0.110053, 0.306268, -0.592827, 0.744819, 0.486914, 0.000000, 0.000000, 0.000000, 1.000000, 0.306173, -0.592813, 0.744870, 0.555908, 0.366975, 0.795470, 0.482242, -0.083007, -0.878401, 0.125699, 0.461099, 0.146962, 0.000000, 0.000000, 0.000000, 1.000000, 0.003094, 0.040557, -0.999172, 0.103560, -0.997918, -0.064247, -0.005698, 0.010715, -0.064425, 0.997110, 0.040273, -0.020841, 0.000000, 0.000000, 0.000000, 1.000000
-19.6965, 92.0153, 110.0289, 486.9067, 555.9008, -83.0156, 146.9864, 103.5606, 10.7122, -20.8420, -0.366847, -0.795505, -0.482281, 0.092015, 0.878426, -0.125544, -0.461093, 0.110029, 0.306255, -0.592798, 0.744848, 0.486907, 0.000000, 0.000000, 0.000000, 1.000000, 0.306159, -0.592784, 0.744898, 0.555901, 0.366847, 0.795506, 0.482280, -0.083016, -0.878459, 0.125609, 0.461012, 0.146986, 0.000000, 0.000000, 0.000000, 1.000000, 0.003097, 0.040555, -0.999172, 0.103561, -0.997918, -0.064244, -0.005701, 0.010712, -0.064422, 0.997110, 0.040272, -0.020842, 0.000000, 0.000000, 0.000000, 1.000000
-19.6885, 92.0238, 110.0040, 486.8990, 555.8932, -83.0241, 147.0113, 103.5612, 10.7099, -20.8426, -0.366719, -0.795541, -0.482318, 0.092024, 0.878483, -0.125454, -0.461008, 0.110004, 0.306242, -0.592769, 0.744876, 0.486899, 0.000000, 0.000000, 0.000000, 1.000000, 0.306147, -0.592755, 0.744926, 0.555893, 0.366719, 0.795542, 0.482318, -0.083024, -0.878516, 0.125519, 0.460927, 0.147011, 0.000000, 0.000000, 0.000000, 1.000000, 0.003100, 0.040554, -0.999173, 0.103561, -0.997918, -0.064241, -0.005704, 0.010710, -0.064420, 0.997110, 0.040271, -0.020843, 0.000000, 0.000000, 0.000000, 1.000000
-19.6805, 92.0323, 109.9787, 486.8914, 555.8856, -83.0327, 147.0367, 103.5619, 10.7076, -20.8431, -0.366593, -0.795577, -0.482356, 0.092032, 0.878539, -0.125364, -0.460925, 0.109979, 0.306232, -0.592741, 0.744903, 0.486891, 0.000000, 0.000000, 0.000000, 1.000000, 0.306136, -0.592726, 0.744954, 0.555886, 0.366593, 0.795577, 0.482355, -0.083033, -0.878573, 0.125429, 0.460844, 0.147037, 0.000000, 0.000000, 0.000000, 1.000000, 0.003103, 0.040553, -0.999173, 0.103562, -0.997918, -0.064239, -0.005706, 0.010708, -0.064417, 0.997110, 0.040269, -0.020843, 0.000000, 0.000000, 0.000000, 1.000000
-19.6805, 92.0323, 109.9787, 486.8914, 555.8856, -83.0327, 147.0367, 103.5619, 10.7076, -20.8431, -0.366593, -0.795577, -0.482356, 0.092032, 0.878539, -0.125364, -0.460925, 0.109979, 0.306232, -0.592741, 0.744903, 0.486891, 0.000000, 0.000000, 0.000000, 1.000000, 0.306136, -0.592726, 0.744954, 0.555886, 0.366593, 0.795577, 0.482355, -0.083033, -0.878573, 0.125429, 0.460844, 0.147037, 0.000000, 0.000000, 0.000000, 1.000000, 0.003103, 0.040553, -0.999173, 0.103562, -0.997918, -0.064239, -0.005706, 0.010708, -0.064417, 0.997110, 0.040269, -0.020843, 0.000000, 0.000000, 0.000000, 1.000000
-19.6687, 92.0450, 109.9401, 486.8799, 555.8741, -83.0453, 147.0752, 103.5628, 10.7041, -20.8439, -0.366406, -0.795630, -0.482411, 0.092045, 0.878623, -0.125229, -0.460803, 0.109940, 0.306217, -0.592698, 0.744943, 0.486880, 0.000000, 0.000000, 0.000000, 1.000000, 0.306122, -0.592684, 0.744993, 0.555874, 0.366405, 0.795630, 0.482411, -0.083045, -0.878656, 0.125293, 0.460722, 0.147075, 0.000000, 0.000000, 0.000000, 1.000000, 0.003107, 0.040551, -0.999173, 0.103563, -0.997918, -0.064235, -0.005710, 0.010704, -0.064413, 0.997111, 0.040267, -0.020844, 0.000000, 0.000000, 0.000000, 1.000000
-19.6571, 92.0574, 109.9015, 486.8686, 555.8628, -83.0577, 147.1139, 103.5637, 10.7008, -20.8447, -0.366221, -0.795682, -0.482465, 0.092057, 0.878704, -0.125095, -0.460685, 0.109901, 0.306204, -0.592657, 0.744981, 0.486869, 0.000000, 0.000000, 0.000000, 1.000000, 0.306109, -0.592643, 0.745032, 0.555863, 0.366221, 0.795682, 0.482465, -0.083058, -0.878737, 0.125159, 0.460604, 0.147114, 0.000000, 0.000000, 0.000000, 1.000000, 0.003111, 0.040550, -0.999173, 0.103564, -0.997919, -0.064231, -0.005714, 0.010701, -0.064409, 0.997111, 0.040265, -0.020845, 0.000000, 0.000000, 0.000000, 1.000000
-19.6532, 92.0615, 109.8886, 486.8648, 555.8590, -83.0618, 147.1268, 103.5641, 10.6997, -20.8449, -0.366161, -0.795699, -0.482483, 0.092061, 0.878731, -0.125051, -0.460646, 0.109889, 0.306200, -0.592643, 0.744994, 0.486865, 0.000000, 0.000000, 0.000000, 1.000000, 0.306105, -0.592629, 0.745044, 0.555859, 0.366160, 0.795699, 0.482483, -0.083062, -0.878764, 0.125115, 0.460565, 0.147127, 0.000000, 0.000000, 0.000000, 1.000000, 0.003113, 0.040549, -0.999173, 0.103564, -0.997919, -0.064229, -0.005715, 0.010700, -0.064408, 0.997111, 0.040265, -0.020845, 0.000000, 0.000000, 0.000000, 1.000000
