# Joint_4_Angle(deg), Cam_X(mm), Cam_Y(mm), Cam_Z(mm), Torso_X(mm), Torso_Y(mm), Torso_Z(mm), EE_X(mm), EE_Y(mm), EE_Z(mm), T_cam2marker_flat(16), T_torso2marker_flat(16), T_ee2marker_flat(16)
-30.0000, 38.4707, -30.1265, 211.5086, 233.5209, -38.4711, 230.1128, 108.8502, 62.4356, 49.6510, 0.589919, 0.793439, -0.149832, 0.038471, -0.640367, 0.572749, 0.511751, -0.030126, 0.491859, -0.205944, 0.845968, 0.211509, 0.000000, 0.000000, 0.000000, 1.000000, 0.492122, -0.206182, 0.845757, 0.233521, -0.589920, -0.793439, 0.149830, -0.038471, 0.640164, -0.572664, -0.512100, 0.230113, 0.000000, 0.000000, 0.000000, 1.000000, -0.073181, -0.042075, -0.996431, 0.108850, -0.996637, -0.033852, 0.074625, 0.062436, -0.036871, 0.998541, -0.039457, 0.049651, 0.000000, 0.000000, 0.000000, 1.000000
-30.0000, 38.4710, -30.1279, 211.5076, 233.5199, -38.4715, 230.1143, 108.8505, 62.4355, 49.6510, 0.589920, 0.793439, -0.149832, 0.038471, -0.640369, 0.572750, 0.511747, -0.030128, 0.491856, -0.205942, 0.845970, 0.211508, 0.000000, 0.000000, 0.000000, 1.000000, 0.492118, -0.206180, 0.845760, 0.233520, -0.589921, -0.793438, 0.149830, -0.038471, 0.640166, -0.572666, -0.512095, 0.230114, 0.000000, 0.000000, 0.000000, 1.000000, -0.073181, -0.042075, -0.996431, 0.108850, -0.996637, -0.033852, 0.074625, 0.062436, -0.036871, 0.998541, -0.039457, 0.049651, 0.000000, 0.000000, 0.000000, 1.000000
-30.0000, 38.4713, -30.1295, 211.5066, 233.5189, -38.4718, 230.1159, 108.8508, 62.4354, 49.6510, 0.589921, 0.793438, -0.149832, 0.038471, -0.640371, 0.572752, 0.511742, -0.030130, 0.491852, -0.205939, 0.845973, 0.211507, 0.000000, 0.000000, 0.000000, 1.000000, 0.492115, -0.206177, 0.845762, 0.233519, -0.589922, -0.793437, 0.149830, -0.038472, 0.640168, -0.572668, -0.512091, 0.230116, 0.000000, 0.000000, 0.000000, 1.000000, -0.073181, -0.042075, -0.996431, 0.108851, -0.996637, -0.033851, 0.074625, 0.062435, -0.036871, 0.998541, -0.039457, 0.049651, 0.000000, 0.000000, 0.000000, 1.000000
-30.0000, 38.4715, -30.1303, 211.5060, 233.5183, -38.4720, 230.1167, 108.8510, 62.4354, 49.6510, 0.589921, 0.793437, -0.149832, 0.038471, -0.640371, 0.572753, 0.511740, -0.030130, 0.491851, -0.205938, 0.845974, 0.211506, 0.000000, 0.000000, 0.000000, 1.000000, 0.492113, -0.206176, 0.845764, 0.233518, -0.589923, -0.793437, 0.149830, -0.038472, 0.640169, -0.572669, -0.512088, 0.230117, 0.000000, 0.000000, 0.000000, 1.000000, -0.073181, -0.042075, -0.996431, 0.108851, -0.996637, -0.033851, 0.074625, 0.062435, -0.036870, 0.998541, -0.039456, 0.049651, 0.000000, 0.000000, 0.000000, 1.000000
-30.0000, 38.4717, -30.1311, 211.5055, 233.5178, -38.4722, 230.1175, 108.8512, 62.4353, 49.6510, 0.589922, 0.793437, -0.149832, 0.038472, -0.640372, 0.572754, 0.511738, -0.030131, 0.491849, -0.205937, 0.845976, 0.211505, 0.000000, 0.000000, 0.000000, 1.000000, 0.492111, -0.206174, 0.845765, 0.233518, -0.589923, -0.793437, 0.149830, -0.038472, 0.640170, -0.572670, -0.512086, 0.230118, 0.000000, 0.000000, 0.000000, 1.000000, -0.073181, -0.042075, -0.996431, 0.108851, -0.996637, -0.033851, 0.074625, 0.062435, -0.036870, 0.998541, -0.039456, 0.049651, 0.000000, 0.000000, 0.000000, 1.000000
-30.0000, 38.4722, -30.1337, 211.5038, 233.5161, -38.4727, 230.1202, 108.8518, 62.4351, 49.6510, 0.589923, 0.793436, -0.149833, 0.038472, -0.640375, 0.572758, 0.511730, -0.030134, 0.491843, -0.205932, 0.845980, 0.211504, 0.000000, 0.000000, 0.000000, 1.000000, 0.492105, -0.206170, 0.845770, 0.233516, -0.589925, -0.793435, 0.149831, -0.038473, 0.640173, -0.572673, -0.512078, 0.230120, 0.000000, 0.000000, 0.000000, 1.000000, -0.073181, -0.042075, -0.996431, 0.108852, -0.996637, -0.033851, 0.074625, 0.062435, -0.036870, 0.998541, -0.039456, 0.049651, 0.000000, 0.000000, 0.000000, 1.000000
-30.0000, 38.4724, -30.1345, 211.5032, 233.5155, -38.4729, 230.1210, 108.8520, 62.4351, 49.6510, 0.589924, 0.793436, -0.149833, 0.038472, -0.640377, 0.572759, 0.511728, -0.030135, 0.491841, -0.205931, 0.845982, 0.211503, 0.000000, 0.000000, 0.000000, 1.000000, 0.492103, -0.206168, 0.845772, 0.233515, -0.589925, -0.793435, 0.149831, -0.038473, 0.640174, -0.572674, -0.512075, 0.230121, 0.000000, 0.000000, 0.000000, 1.000000, -0.073181, -0.042075, -0.996431, 0.108852, -0.996637, -0.033851, 0.074625, 0.062435, -0.036870, 0.998541, -0.039456, 0.049651, 0.000000, 0.000000, 0.000000, 1.000000
-29.9999, 38.4727, -30.1361, 211.5020, 233.5142, -38.4732, 230.1227, 108.8525, 62.4349, 49.6511, 0.589925, 0.793435, -0.149832, 0.038473, -0.640379, 0.572761, 0.511722, -0.030136, 0.491836, -0.205928, 0.845985, 0.211502, 0.000000, 0.000000, 0.000000, 1.000000, 0.492098, -0.206165, 0.845775, 0.233514, -0.589926, -0.793434, 0.149830, -0.038473, 0.640177, -0.572676, -0.512069, 0.230123, 0.000000, 0.000000, 0.000000, 1.000000, -0.073181, -0.042075, -0.996431, 0.108852, -0.996637, -0.033851, 0.074625, 0.062435, -0.036870, 0.998541, -0.039456, 0.049651, 0.000000, 0.000000, 0.000000, 1.000000
-29.9996, 38.4727, -30.1374, 211.5006, 233.5129, -38.4732, 230.1241, 108.8532, 62.4348, 49.6511, 0.589927, 0.793434, -0.149830, 0.038473, -0.640384, 0.572763, 0.511714, -0.030137, 0.491828, -0.205925, 0.845990, 0.211501, 0.000000, 0.000000, 0.000000, 1.000000, 0.492090, -0.206162, 0.845781, 0.233513, -0.589928, -0.793434, 0.149828, -0.038473, 0.640182, -0.572678, -0.512061, 0.230124, 0.000000, 0.000000, 0.000000, 1.000000, -0.073181, -0.042075, -0.996431, 0.108853, -0.996637, -0.033851, 0.074625, 0.062435, -0.036870, 0.998541, -0.039456, 0.049651, 0.000000, 0.000000, 0.000000, 1.000000
-29.9996, 38.4727, -30.1374, 211.5006, 233.5129, -38.4732, 230.1241, 108.8532, 62.4348, 49.6511, 0.589927, 0.793434, -0.149830, 0.038473, -0.640384, 0.572763, 0.511714, -0.030137, 0.491828, -0.205925, 0.845990, 0.211501, 0.000000, 0.000000, 0.000000, 1.000000, 0.492090, -0.206162, 0.845781, 0.233513, -0.589928, -0.793434, 0.149828, -0.038473, 0.640182, -0.572678, -0.512061, 0.230124, 0.000000, 0.000000, 0.000000, 1.000000, -0.073181, -0.042075, -0.996431, 0.108853, -0.996637, -0.033851, 0.074625, 0.062435, -0.036870, 0.998541, -0.039456, 0.049651, 0.000000, 0.000000, 0.000000, 1.000000
-29.9986, 38.4721, -30.1386, 211.4981, 233.5104, -38.4726, 230.1253, 108.8549, 62.4345, 49.6511, 0.589930, 0.793433, -0.149819, 0.038472, -0.640397, 0.572765, 0.511696, -0.030139, 0.491807, -0.205921, 0.846004, 0.211498, 0.000000, 0.000000, 0.000000, 1.000000, 0.492068, -0.206158, 0.845794, 0.233510, -0.589932, -0.793433, 0.149817, -0.038473, 0.640195, -0.572681, -0.512042, 0.230125, 0.000000, 0.000000, 0.000000, 1.000000, -0.073181, -0.042075, -0.996431, 0.108855, -0.996637, -0.033851, 0.074625, 0.062434, -0.036870, 0.998541, -0.039456, 0.049651, 0.000000, 0.000000, 0.000000, 1.000000
-29.9986, 38.4721, -30.1386, 211.4981, 233.5104, -38.4726, 230.1253, 108.8549, 62.4345, 49.6511, 0.589930, 0.793433, -0.149819, 0.038472, -0.640397, 0.572765, 0.511696, -0.030139, 0.491807, -0.205921, 0.846004, 0.211498, 0.000000, 0.000000, 0.000000, 1.000000, 0.492068, -0.206158, 0.845794, 0.233510, -0.589932, -0.793433, 0.149817, -0.038473, 0.640195, -0.572681, -0.512042, 0.230125, 0.000000, 0.000000, 0.000000, 1.000000, -0.073181, -0.042075, -0.996431, 0.108855, -0.996637, -0.033851, 0.074625, 0.062434, -0.036870, 0.998541, -0.039456, 0.049651, 0.000000, 0.000000, 0.000000, 1.000000
-29.9972, 38.4709, -30.1385, 211.4960, 233.5082, -38.4714, 230.1253, 108.8568, 62.4342, 49.6511, 0.589934, 0.793433, -0.149804, 0.038471, -0.640411, 0.572766, 0.511676, -0.030138, 0.491784, -0.205919, 0.846018, 0.211496, 0.000000, 0.000000, 0.000000, 1.000000, 0.492045, -0.206156, 0.845808, 0.233508, -0.589935, -0.793433, 0.149802, -0.038471, 0.640209, -0.572682, -0.512023, 0.230125, 0.000000, 0.000000, 0.000000, 1.000000, -0.073181, -0.042075, -0.996431, 0.108857, -0.996637, -0.033851, 0.074625, 0.062434, -0.036870, 0.998541, -0.039456, 0.049651, 0.000000, 0.000000, 0.000000, 1.000000
-29.9963, 38.4701, -30.1381, 211.4947, 233.5070, -38.4705, 230.1250, 108.8580, 62.4341, 49.6511, 0.589937, 0.793433, -0.149795, 0.038470, -0.640420, 0.572766, 0.511664, -0.030138, 0.491769, -0.205918, 0.846027, 0.211495, 0.000000, 0.000000, 0.000000, 1.000000, 0.492030, -0.206154, 0.845817, 0.233507, -0.589938, -0.793433, 0.149793, -0.038471, 0.640219, -0.572682, -0.512011, 0.230125, 0.000000, 0.000000, 0.000000, 1.000000, -0.073181, -0.042075, -0.996431, 0.108858, -0.996637, -0.033851, 0.074625, 0.062434, -0.036870, 0.998541, -0.039456, 0.049651, 0.000000, 0.000000, 0.000000, 1.000000
-29.9923, 38.4661, -30.1355, 211.4902, 233.5024, -38.4666, 230.1224, 108.8630, 62.4334, 49.6512, 0.589946, 0.793434, -0.149752, 0.038466, -0.640460, 0.572766, 0.511615, -0.030135, 0.491706, -0.205915, 0.846064, 0.211490, 0.000000, 0.000000, 0.000000, 1.000000, 0.491967, -0.206151, 0.845855, 0.233502, -0.589947, -0.793434, 0.149750, -0.038467, 0.640258, -0.572682, -0.511961, 0.230122, 0.000000, 0.000000, 0.000000, 1.000000, -0.073181, -0.042075, -0.996431, 0.108863, -0.996637, -0.033851, 0.074626, 0.062433, -0.036870, 0.998541, -0.039456, 0.049651, 0.000000, 0.000000, 0.000000, 1.000000
-29.9885, 38.4622, -30.1323, 211.4864, 233.4986, -38.4627, 230.1193, 108.8675, 62.4329, 49.6512, 0.589955, 0.793435, -0.149713, 0.038462, -0.640496, 0.572765, 0.511571, -0.030132, 0.491649, -0.205914, 0.846097, 0.211486, 0.000000, 0.000000, 0.000000, 1.000000, 0.491909, -0.206150, 0.845889, 0.233499, -0.589956, -0.793435, 0.149711, -0.038463, 0.640295, -0.572681, -0.511917, 0.230119, 0.000000, 0.000000, 0.000000, 1.000000, -0.073181, -0.042075, -0.996431, 0.108868, -0.996637, -0.033850, 0.074626, 0.062433, -0.036869, 0.998541, -0.039456, 0.049651, 0.000000, 0.000000, 0.000000, 1.000000
-29.9838, 38.4573, -30.1280, 211.4819, 233.4941, -38.4577, 230.1150, 108.8731, 62.4323, 49.6513, 0.589965, 0.793437, -0.149662, 0.038457, -0.640541, 0.572763, 0.511517, -0.030128, 0.491578, -0.205912, 0.846139, 0.211482, 0.000000, 0.000000, 0.000000, 1.000000, 0.491838, -0.206148, 0.845930, 0.233494, -0.589966, -0.793437, 0.149660, -0.038458, 0.640340, -0.572679, -0.511863, 0.230115, 0.000000, 0.000000, 0.000000, 1.000000, -0.073181, -0.042075, -0.996431, 0.108873, -0.996637, -0.033850, 0.074626, 0.062432, -0.036869, 0.998541, -0.039457, 0.049651, 0.000000, 0.000000, 0.000000, 1.000000
-29.9781, 38.4511, -30.1222, 211.4766, 233.4888, -38.4516, 230.1094, 108.8799, 62.4315, 49.6513, 0.589978, 0.793439, -0.149601, 0.038451, -0.640595, 0.572760, 0.511452, -0.030122, 0.491492, -0.205912, 0.846189, 0.211477, 0.000000, 0.000000, 0.000000, 1.000000, 0.491752, -0.206147, 0.845981, 0.233489, -0.589979, -0.793439, 0.149599, -0.038452, 0.640395, -0.572676, -0.511797, 0.230109, 0.000000, 0.000000, 0.000000, 1.000000, -0.073181, -0.042076, -0.996431, 0.108880, -0.996637, -0.033850, 0.074626, 0.062432, -0.036869, 0.998541, -0.039457, 0.049651, 0.000000, 0.000000, 0.000000, 1.000000
-29.9713, 38.4438, -30.1152, 211.4707, 233.4829, -38.4443, 230.1024, 108.8877, 62.4307, 49.6514, 0.589992, 0.793442, -0.149529, 0.038444, -0.640659, 0.572757, 0.511377, -0.030115, 0.491391, -0.205911, 0.846248, 0.211471, 0.000000, 0.000000, 0.000000, 1.000000, 0.491651, -0.206147, 0.846039, 0.233483, -0.589994, -0.793441, 0.149527, -0.038444, 0.640458, -0.572673, -0.511722, 0.230102, 0.000000, 0.000000, 0.000000, 1.000000, -0.073181, -0.042076, -0.996431, 0.108888, -0.996637, -0.033850, 0.074626, 0.062431, -0.036869, 0.998541, -0.039457, 0.049651, 0.000000, 0.000000, 0.000000, 1.000000
-29.9635, 38.4354, -30.1069, 211.4640, 233.4762, -38.4359, 230.0942, 108.8967, 62.4297, 49.6514, 0.590009, 0.793445, -0.149446, 0.038435, -0.640732, 0.572752, 0.511290, -0.030107, 0.491276, -0.205911, 0.846314, 0.211464, 0.000000, 0.000000, 0.000000, 1.000000, 0.491536, -0.206147, 0.846106, 0.233476, -0.590010, -0.793445, 0.149444, -0.038436, 0.640531, -0.572668, -0.511635, 0.230094, 0.000000, 0.000000, 0.000000, 1.000000, -0.073181, -0.042076, -0.996431, 0.108897, -0.996637, -0.033850, 0.074626, 0.062430, -0.036869, 0.998541, -0.039458, 0.049651, 0.000000, 0.000000, 0.000000, 1.000000
-29.9547, 38.4258, -30.0972, 211.4567, 233.4688, -38.4262, 230.0846, 108.9068, 62.4286, 49.6515, 0.590028, 0.793449, -0.149351, 0.038426, -0.640814, 0.572747, 0.511193, -0.030097, 0.491147, -0.205912, 0.846390, 0.211457, 0.000000, 0.000000, 0.000000, 1.000000, 0.491406, -0.206147, 0.846182, 0.233469, -0.590029, -0.793449, 0.149349, -0.038426, 0.640614, -0.572663, -0.511538, 0.230085, 0.000000, 0.000000, 0.000000, 1.000000, -0.073181, -0.042077, -0.996431, 0.108907, -0.996637, -0.033849, 0.074626, 0.062429, -0.036869, 0.998541, -0.039458, 0.049652, 0.000000, 0.000000, 0.000000, 1.000000
-29.9499, 38.4205, -30.0919, 211.4527, 233.4648, -38.4210, 230.0793, 108.9123, 62.4281, 49.6516, 0.590038, 0.793451, -0.149300, 0.038420, -0.640859, 0.572744, 0.511141, -0.030092, 0.491076, -0.205912, 0.846430, 0.211453, 0.000000, 0.000000, 0.000000, 1.000000, 0.491335, -0.206147, 0.846223, 0.233465, -0.590039, -0.793451, 0.149298, -0.038421, 0.640659, -0.572660, -0.511485, 0.230079, 0.000000, 0.000000, 0.000000, 1.000000, -0.073181, -0.042077, -0.996431, 0.108912, -0.996637, -0.033849, 0.074626, 0.062428, -0.036868, 0.998541, -0.039459, 0.049652, 0.000000, 0.000000, 0.000000, 1.000000
-29.9449, 38.4149, -30.0862, 211.4485, 233.4607, -38.4154, 230.0737, 108.9181, 62.4274, 49.6516, 0.590049, 0.793453, -0.149246, 0.038415, -0.640906, 0.572740, 0.511085, -0.030086, 0.491002, -0.205913, 0.846473, 0.211449, 0.000000, 0.000000, 0.000000, 1.000000, 0.491261, -0.206147, 0.846266, 0.233461, -0.590050, -0.793453, 0.149244, -0.038415, 0.640706, -0.572657, -0.511430, 0.230074, 0.000000, 0.000000, 0.000000, 1.000000, -0.073181, -0.042078, -0.996431, 0.108918, -0.996637, -0.033849, 0.074626, 0.062427, -0.036868, 0.998541, -0.039459, 0.049652, 0.000000, 0.000000, 0.000000, 1.000000
-29.9340, 38.4030, -30.0739, 211.4397, 233.4518, -38.4035, 230.0615, 108.9305, 62.4261, 49.6517, 0.590071, 0.793458, -0.149129, 0.038403, -0.641007, 0.572733, 0.510967, -0.030074, 0.490842, -0.205914, 0.846566, 0.211440, 0.000000, 0.000000, 0.000000, 1.000000, 0.491101, -0.206148, 0.846359, 0.233452, -0.590073, -0.793458, 0.149127, -0.038403, 0.640808, -0.572649, -0.511310, 0.230061, 0.000000, 0.000000, 0.000000, 1.000000, -0.073181, -0.042078, -0.996431, 0.108930, -0.996637, -0.033849, 0.074626, 0.062426, -0.036868, 0.998541, -0.039460, 0.049652, 0.000000, 0.000000, 0.000000, 1.000000
-29.9281, 38.3965, -30.0673, 211.4350, 233.4471, -38.3970, 230.0549, 108.9371, 62.4254, 49.6517, 0.590084, 0.793461, -0.149067, 0.038397, -0.641061, 0.572729, 0.510903, -0.030067, 0.490757, -0.205915, 0.846615, 0.211435, 0.000000, 0.000000, 0.000000, 1.000000, 0.491015, -0.206149, 0.846408, 0.233447, -0.590085, -0.793461, 0.149065, -0.038397, 0.640862, -0.572645, -0.511247, 0.230055, 0.000000, 0.000000, 0.000000, 1.000000, -0.073181, -0.042079, -0.996431, 0.108937, -0.996637, -0.033849, 0.074626, 0.062425, -0.036868, 0.998541, -0.039460, 0.049652, 0.000000, 0.000000, 0.000000, 1.000000
-29.9157, 38.3829, -30.0530, 211.4251, 233.4372, -38.3833, 230.0407, 108.9512, 62.4240, 49.6518, 0.590109, 0.793467, -0.148934, 0.038383, -0.641176, 0.572721, 0.510768, -0.030053, 0.490575, -0.205916, 0.846720, 0.211425, 0.000000, 0.000000, 0.000000, 1.000000, 0.490834, -0.206150, 0.846513, 0.233437, -0.590111, -0.793466, 0.148932, -0.038383, 0.640977, -0.572637, -0.511112, 0.230041, 0.000000, 0.000000, 0.000000, 1.000000, -0.073181, -0.042079, -0.996431, 0.108951, -0.996637, -0.033848, 0.074626, 0.062424, -0.036868, 0.998541, -0.039461, 0.049652, 0.000000, 0.000000, 0.000000, 1.000000
-29.9023, 38.3680, -30.0375, 211.4145, 233.4265, -38.3685, 230.0253, 108.9664, 62.4224, 49.6519, 0.590137, 0.793473, -0.148790, 0.038368, -0.641300, 0.572711, 0.510623, -0.030038, 0.490379, -0.205918, 0.846833, 0.211414, 0.000000, 0.000000, 0.000000, 1.000000, 0.490638, -0.206152, 0.846626, 0.233427, -0.590138, -0.793473, 0.148788, -0.038369, 0.641102, -0.572628, -0.510966, 0.230025, 0.000000, 0.000000, 0.000000, 1.000000, -0.073181, -0.042080, -0.996431, 0.108966, -0.996637, -0.033848, 0.074626, 0.062422, -0.036867, 0.998541, -0.039462, 0.049652, 0.000000, 0.000000, 0.000000, 1.000000
-29.8953, 38.3602, -30.0293, 211.4089, 233.4209, -38.3607, 230.0172, 108.9744, 62.4215, 49.6520, 0.590152, 0.793476, -0.148714, 0.038360, -0.641366, 0.572706, 0.510547, -0.030029, 0.490276, -0.205920, 0.846892, 0.211409, 0.000000, 0.000000, 0.000000, 1.000000, 0.490535, -0.206153, 0.846686, 0.233421, -0.590153, -0.793476, 0.148712, -0.038361, 0.641167, -0.572623, -0.510889, 0.230017, 0.000000, 0.000000, 0.000000, 1.000000, -0.073181, -0.042081, -0.996431, 0.108974, -0.996637, -0.033848, 0.074626, 0.062422, -0.036867, 0.998541, -0.039462, 0.049652, 0.000000, 0.000000, 0.000000, 1.000000
-29.8805, 38.3439, -30.0121, 211.3973, 233.4093, -38.3444, 230.0001, 108.9911, 62.4198, 49.6521, 0.590182, 0.793483, -0.148556, 0.038344, -0.641502, 0.572695, 0.510387, -0.030012, 0.490061, -0.205922, 0.847016, 0.211397, 0.000000, 0.000000, 0.000000, 1.000000, 0.490319, -0.206156, 0.846810, 0.233409, -0.590183, -0.793483, 0.148554, -0.038344, 0.641304, -0.572612, -0.510730, 0.230000, 0.000000, 0.000000, 0.000000, 1.000000, -0.073181, -0.042082, -0.996430, 0.108991, -0.996637, -0.033848, 0.074626, 0.062420, -0.036867, 0.998541, -0.039463, 0.049652, 0.000000, 0.000000, 0.000000, 1.000000
-29.8729, 38.3354, -30.0031, 211.3913, 233.4033, -38.3359, 229.9911, 108.9998, 62.4189, 49.6521, 0.590198, 0.793487, -0.148474, 0.038335, -0.641573, 0.572690, 0.510304, -0.030003, 0.489949, -0.205924, 0.847081, 0.211391, 0.000000, 0.000000, 0.000000, 1.000000, 0.490207, -0.206157, 0.846875, 0.233403, -0.590199, -0.793487, 0.148472, -0.038336, 0.641375, -0.572606, -0.510646, 0.229991, 0.000000, 0.000000, 0.000000, 1.000000, -0.073181, -0.042082, -0.996430, 0.109000, -0.996637, -0.033847, 0.074626, 0.062419, -0.036867, 0.998541, -0.039464, 0.049652, 0.000000, 0.000000, 0.000000, 1.000000
-29.8569, 38.3177, -29.9844, 211.3789, 233.3909, -38.3182, 229.9725, 109.0178, 62.4170, 49.6523, 0.590231, 0.793495, -0.148303, 0.038318, -0.641721, 0.572678, 0.510132, -0.029984, 0.489717, -0.205927, 0.847214, 0.211379, 0.000000, 0.000000, 0.000000, 1.000000, 0.489974, -0.206160, 0.847008, 0.233391, -0.590232, -0.793494, 0.148301, -0.038318, 0.641523, -0.572595, -0.510474, 0.229973, 0.000000, 0.000000, 0.000000, 1.000000, -0.073181, -0.042083, -0.996430, 0.109018, -0.996637, -0.033847, 0.074626, 0.062417, -0.036867, 0.998541, -0.039465, 0.049652, 0.000000, 0.000000, 0.000000, 1.000000
-29.8403, 38.2992, -29.9648, 211.3660, 233.3780, -38.2997, 229.9530, 109.0366, 62.4150, 49.6524, 0.590265, 0.793503, -0.148124, 0.038299, -0.641874, 0.572666, 0.509952, -0.029965, 0.489474, -0.205930, 0.847353, 0.211366, 0.000000, 0.000000, 0.000000, 1.000000, 0.489732, -0.206163, 0.847148, 0.233378, -0.590266, -0.793502, 0.148122, -0.038300, 0.641677, -0.572583, -0.510294, 0.229953, 0.000000, 0.000000, 0.000000, 1.000000, -0.073181, -0.042084, -0.996430, 0.109037, -0.996637, -0.033847, 0.074626, 0.062415, -0.036866, 0.998541, -0.039466, 0.049652, 0.000000, 0.000000, 0.000000, 1.000000
-29.8318, 38.2897, -29.9547, 211.3594, 233.3714, -38.2902, 229.9430, 109.0462, 62.4140, 49.6524, 0.590282, 0.793507, -0.148032, 0.038290, -0.641953, 0.572659, 0.509860, -0.029955, 0.489350, -0.205932, 0.847425, 0.211359, 0.000000, 0.000000, 0.000000, 1.000000, 0.489607, -0.206164, 0.847220, 0.233371, -0.590283, -0.793506, 0.148030, -0.038290, 0.641756, -0.572576, -0.510202, 0.229943, 0.000000, 0.000000, 0.000000, 1.000000, -0.073181, -0.042085, -0.996430, 0.109046, -0.996637, -0.033846, 0.074626, 0.062414, -0.036866, 0.998541, -0.039466, 0.049652, 0.000000, 0.000000, 0.000000, 1.000000
-29.8142, 38.2702, -29.9340, 211.3459, 233.3578, -38.2707, 229.9224, 109.0660, 62.4120, 49.6526, 0.590318, 0.793515, -0.147844, 0.038270, -0.642115, 0.572646, 0.509671, -0.029934, 0.489094, -0.205935, 0.847572, 0.211346, 0.000000, 0.000000, 0.000000, 1.000000, 0.489351, -0.206168, 0.847367, 0.233358, -0.590319, -0.793515, 0.147842, -0.038271, 0.641918, -0.572563, -0.510012, 0.229922, 0.000000, 0.000000, 0.000000, 1.000000, -0.073181, -0.042086, -0.996430, 0.109066, -0.996637, -0.033846, 0.074626, 0.062412, -0.036866, 0.998541, -0.039467, 0.049653, 0.000000, 0.000000, 0.000000, 1.000000
-29.7962, 38.2502, -29.9126, 211.3320, 233.3439, -38.2506, 229.9011, 109.0863, 62.4098, 49.6527, 0.590355, 0.793524, -0.147650, 0.038250, -0.642281, 0.572633, 0.509477, -0.029913, 0.488832, -0.205939, 0.847722, 0.211332, 0.000000, 0.000000, 0.000000, 1.000000, 0.489089, -0.206171, 0.847517, 0.233344, -0.590356, -0.793524, 0.147648, -0.038251, 0.642084, -0.572550, -0.509818, 0.229901, 0.000000, 0.000000, 0.000000, 1.000000, -0.073181, -0.042087, -0.996430, 0.109086, -0.996637, -0.033846, 0.074626, 0.062410, -0.036866, 0.998541, -0.039469, 0.049653, 0.000000, 0.000000, 0.000000, 1.000000
-29.7962, 38.2502, -29.9126, 211.3320, 233.3439, -38.2506, 229.9011, 109.0863, 62.4098, 49.6527, 0.590355, 0.793524, -0.147650, 0.038250, -0.642281, 0.572633, 0.509477, -0.029913, 0.488832, -0.205939, 0.847722, 0.211332, 0.000000, 0.000000, 0.000000, 1.000000, 0.489089, -0.206171, 0.847517, 0.233344, -0.590356, -0.793524, 0.147648, -0.038251, 0.642084, -0.572550, -0.509818, 0.229901, 0.000000, 0.000000, 0.000000, 1.000000, -0.073181, -0.042087, -0.996430, 0.109086, -0.996637, -0.033846, 0.074626, 0.062410, -0.036866, 0.998541, -0.039469, 0.049653, 0.000000, 0.000000, 0.000000, 1.000000
-29.7589, 38.2086, -29.8683, 211.3033, 233.3152, -38.2091, 229.8570, 109.1284, 62.4054, 49.6530, 0.590430, 0.793542, -0.147249, 0.038209, -0.642625, 0.572605, 0.509074, -0.029868, 0.488288, -0.205947, 0.848034, 0.211303, 0.000000, 0.000000, 0.000000, 1.000000, 0.488544, -0.206179, 0.847830, 0.233315, -0.590432, -0.793542, 0.147247, -0.038209, 0.642429, -0.572522, -0.509415, 0.229857, 0.000000, 0.000000, 0.000000, 1.000000, -0.073181, -0.042089, -0.996430, 0.109128, -0.996637, -0.033845, 0.074626, 0.062405, -0.036865, 0.998540, -0.039471, 0.049653, 0.000000, 0.000000, 0.000000, 1.000000
-29.7494, 38.1980, -29.8571, 211.2960, 233.3079, -38.1985, 229.8458, 109.1391, 62.4043, 49.6530, 0.590450, 0.793547, -0.147147, 0.038198, -0.642713, 0.572598, 0.508972, -0.029857, 0.488149, -0.205949, 0.848113, 0.211296, 0.000000, 0.000000, 0.000000, 1.000000, 0.488406, -0.206180, 0.847909, 0.233308, -0.590451, -0.793547, 0.147145, -0.038199, 0.642517, -0.572515, -0.509312, 0.229846, 0.000000, 0.000000, 0.000000, 1.000000, -0.073181, -0.042090, -0.996430, 0.109139, -0.996637, -0.033845, 0.074626, 0.062404, -0.036865, 0.998540, -0.039472, 0.049653, 0.000000, 0.000000, 0.000000, 1.000000
-29.7303, 38.1761, -29.8315, 211.2833, 233.2951, -38.1766, 229.8203, 109.1600, 62.4022, 49.6531, 0.590487, 0.793558, -0.146941, 0.038176, -0.642885, 0.572580, 0.508774, -0.029832, 0.487877, -0.205958, 0.848267, 0.211283, 0.000000, 0.000000, 0.000000, 1.000000, 0.488133, -0.206189, 0.848064, 0.233295, -0.590488, -0.793557, 0.146939, -0.038177, 0.642690, -0.572497, -0.509114, 0.229820, 0.000000, 0.000000, 0.000000, 1.000000, -0.073181, -0.042091, -0.996430, 0.109160, -0.996637, -0.033844, 0.074625, 0.062402, -0.036864, 0.998540, -0.039473, 0.049653, 0.000000, 0.000000, 0.000000, 1.000000
-29.7015, 38.1425, -29.7896, 211.2664, 233.2783, -38.1430, 229.7785, 109.1906, 62.3993, 49.6533, 0.590540, 0.793575, -0.146631, 0.038142, -0.643140, 0.572549, 0.508486, -0.029790, 0.487476, -0.205977, 0.848493, 0.211266, 0.000000, 0.000000, 0.000000, 1.000000, 0.487732, -0.206208, 0.848290, 0.233278, -0.590542, -0.793575, 0.146629, -0.038143, 0.642945, -0.572466, -0.508826, 0.229778, 0.000000, 0.000000, 0.000000, 1.000000, -0.073180, -0.042094, -0.996430, 0.109191, -0.996637, -0.033844, 0.074625, 0.062399, -0.036864, 0.998540, -0.039475, 0.049653, 0.000000, 0.000000, 0.000000, 1.000000
-29.6920, 38.1314, -29.7760, 211.2607, 233.2725, -38.1318, 229.7648, 109.2008, 62.3983, 49.6534, 0.590558, 0.793581, -0.146528, 0.038131, -0.643226, 0.572539, 0.508390, -0.029776, 0.487341, -0.205983, 0.848569, 0.211261, 0.000000, 0.000000, 0.000000, 1.000000, 0.487597, -0.206214, 0.848366, 0.233272, -0.590560, -0.793580, 0.146526, -0.038132, 0.643031, -0.572456, -0.508729, 0.229765, 0.000000, 0.000000, 0.000000, 1.000000, -0.073180, -0.042094, -0.996430, 0.109201, -0.996637, -0.033844, 0.074625, 0.062398, -0.036864, 0.998540, -0.039476, 0.049653, 0.000000, 0.000000, 0.000000, 1.000000
-29.6729, 38.1092, -29.7491, 211.2489, 233.2607, -38.1097, 229.7380, 109.2214, 62.3963, 49.6535, 0.590594, 0.793592, -0.146322, 0.038109, -0.643396, 0.572519, 0.508196, -0.029749, 0.487072, -0.205995, 0.848721, 0.211249, 0.000000, 0.000000, 0.000000, 1.000000, 0.487328, -0.206226, 0.848518, 0.233261, -0.590596, -0.793591, 0.146320, -0.038110, 0.643201, -0.572437, -0.508535, 0.229738, 0.000000, 0.000000, 0.000000, 1.000000, -0.073180, -0.042096, -0.996430, 0.109221, -0.996637, -0.033843, 0.074625, 0.062396, -0.036864, 0.998540, -0.039478, 0.049653, 0.000000, 0.000000, 0.000000, 1.000000
-29.6539, 38.0873, -29.7230, 211.2369, 233.2486, -38.0878, 229.7119, 109.2420, 62.3942, 49.6536, 0.590630, 0.793603, -0.146117, 0.038087, -0.643567, 0.572500, 0.508001, -0.029723, 0.486803, -0.206005, 0.848873, 0.211237, 0.000000, 0.000000, 0.000000, 1.000000, 0.487059, -0.206236, 0.848670, 0.233249, -0.590632, -0.793602, 0.146115, -0.038088, 0.643372, -0.572418, -0.508341, 0.229712, 0.000000, 0.000000, 0.000000, 1.000000, -0.073180, -0.042097, -0.996430, 0.109242, -0.996637, -0.033843, 0.074625, 0.062394, -0.036864, 0.998540, -0.039479, 0.049654, 0.000000, 0.000000, 0.000000, 1.000000
-29.6539, 38.0873, -29.7230, 211.2369, 233.2486, -38.0878, 229.7119, 109.2420, 62.3942, 49.6536, 0.590630, 0.793603, -0.146117, 0.038087, -0.643567, 0.572500, 0.508001, -0.029723, 0.486803, -0.206005, 0.848873, 0.211237, 0.000000, 0.000000, 0.000000, 1.000000, 0.487059, -0.206236, 0.848670, 0.233249, -0.590632, -0.793602, 0.146115, -0.038088, 0.643372, -0.572418, -0.508341, 0.229712, 0.000000, 0.000000, 0.000000, 1.000000, -0.073180, -0.042097, -0.996430, 0.109242, -0.996637, -0.033843, 0.074625, 0.062394, -0.036864, 0.998540, -0.039479, 0.049654, 0.000000, 0.000000, 0.000000, 1.000000
-29.6257, 38.0550, -29.6853, 211.2183, 233.2300, -38.0555, 229.6743, 109.2728, 62.3911, 49.6538, 0.590684, 0.793619, -0.145812, 0.038055, -0.643822, 0.572473, 0.507709, -0.029685, 0.486401, -0.206018, 0.849100, 0.211218, 0.000000, 0.000000, 0.000000, 1.000000, 0.486657, -0.206249, 0.848897, 0.233230, -0.590686, -0.793618, 0.145810, -0.038055, 0.643627, -0.572391, -0.508048, 0.229674, 0.000000, 0.000000, 0.000000, 1.000000, -0.073180, -0.042100, -0.996430, 0.109273, -0.996637, -0.033843, 0.074625, 0.062391, -0.036864, 0.998540, -0.039481, 0.049654, 0.000000, 0.000000, 0.000000, 1.000000
-29.6164, 38.0444, -29.6731, 211.2120, 233.2237, -38.0449, 229.6621, 109.2830, 62.3901, 49.6538, 0.590702, 0.793624, -0.145712, 0.038044, -0.643906, 0.572465, 0.507611, -0.029673, 0.486267, -0.206022, 0.849175, 0.211212, 0.000000, 0.000000, 0.000000, 1.000000, 0.486523, -0.206253, 0.848973, 0.233224, -0.590703, -0.793623, 0.145710, -0.038045, 0.643712, -0.572382, -0.507951, 0.229662, 0.000000, 0.000000, 0.000000, 1.000000, -0.073180, -0.042100, -0.996430, 0.109283, -0.996637, -0.033843, 0.074625, 0.062390, -0.036864, 0.998540, -0.039482, 0.049654, 0.000000, 0.000000, 0.000000, 1.000000
-29.6071, 38.0338, -29.6611, 211.2056, 233.2173, -38.0343, 229.6502, 109.2932, 62.3890, 49.6539, 0.590720, 0.793629, -0.145612, 0.038034, -0.643990, 0.572456, 0.507514, -0.029661, 0.486134, -0.206026, 0.849251, 0.211206, 0.000000, 0.000000, 0.000000, 1.000000, 0.486390, -0.206257, 0.849048, 0.233217, -0.590721, -0.793628, 0.145610, -0.038034, 0.643796, -0.572374, -0.507853, 0.229650, 0.000000, 0.000000, 0.000000, 1.000000, -0.073180, -0.042101, -0.996430, 0.109293, -0.996637, -0.033842, 0.074625, 0.062389, -0.036863, 0.998540, -0.039483, 0.049654, 0.000000, 0.000000, 0.000000, 1.000000
-29.5979, 38.0234, -29.6494, 211.1991, 233.2109, -38.0239, 229.6384, 109.3034, 62.3879, 49.6539, 0.590738, 0.793634, -0.145512, 0.038023, -0.644074, 0.572448, 0.507417, -0.029649, 0.486001, -0.206030, 0.849326, 0.211199, 0.000000, 0.000000, 0.000000, 1.000000, 0.486257, -0.206260, 0.849123, 0.233211, -0.590739, -0.793633, 0.145510, -0.038024, 0.643880, -0.572366, -0.507756, 0.229638, 0.000000, 0.000000, 0.000000, 1.000000, -0.073180, -0.042102, -0.996430, 0.109303, -0.996637, -0.033842, 0.074625, 0.062388, -0.036863, 0.998540, -0.039483, 0.049654, 0.000000, 0.000000, 0.000000, 1.000000
-29.5705, 37.9925, -29.6152, 211.1795, 233.1912, -37.9930, 229.6044, 109.3339, 62.3847, 49.6541, 0.590791, 0.793648, -0.145217, 0.037992, -0.644324, 0.572425, 0.507125, -0.029615, 0.485605, -0.206039, 0.849550, 0.211179, 0.000000, 0.000000, 0.000000, 1.000000, 0.485861, -0.206269, 0.849348, 0.233191, -0.590792, -0.793648, 0.145215, -0.037993, 0.644130, -0.572343, -0.507464, 0.229604, 0.000000, 0.000000, 0.000000, 1.000000, -0.073179, -0.042103, -0.996430, 0.109334, -0.996637, -0.033842, 0.074625, 0.062385, -0.036863, 0.998540, -0.039485, 0.049654, 0.000000, 0.000000, 0.000000, 1.000000
-29.5705, 37.9925, -29.6152, 211.1795, 233.1912, -37.9930, 229.6044, 109.3339, 62.3847, 49.6541, 0.590791, 0.793648, -0.145217, 0.037992, -0.644324, 0.572425, 0.507125, -0.029615, 0.485605, -0.206039, 0.849550, 0.211179, 0.000000, 0.000000, 0.000000, 1.000000, 0.485861, -0.206269, 0.849348, 0.233191, -0.590792, -0.793648, 0.145215, -0.037993, 0.644130, -0.572343, -0.507464, 0.229604, 0.000000, 0.000000, 0.000000, 1.000000, -0.073179, -0.042103, -0.996430, 0.109334, -0.996637, -0.033842, 0.074625, 0.062385, -0.036863, 0.998540, -0.039485, 0.049654, 0.000000, 0.000000, 0.000000, 1.000000
-29.5525, 37.9723, -29.5935, 211.1662, 233.1779, -37.9728, 229.5827, 109.3541, 62.3826, 49.6542, 0.590827, 0.793658, -0.145023, 0.037972, -0.644489, 0.572410, 0.506932, -0.029593, 0.485343, -0.206043, 0.849699, 0.211166, 0.000000, 0.000000, 0.000000, 1.000000, 0.485599, -0.206274, 0.849497, 0.233178, -0.590828, -0.793657, 0.145021, -0.037973, 0.644295, -0.572328, -0.507271, 0.229583, 0.000000, 0.000000, 0.000000, 1.000000, -0.073179, -0.042105, -0.996430, 0.109354, -0.996637, -0.033841, 0.074625, 0.062383, -0.036863, 0.998540, -0.039487, 0.049654, 0.000000, 0.000000, 0.000000, 1.000000
-29.5260, 37.9428, -29.5623, 211.1460, 233.1576, -37.9433, 229.5516, 109.3840, 62.3793, 49.6544, 0.590879, 0.793671, -0.144737, 0.037943, -0.644733, 0.572390, 0.506645, -0.029562, 0.484955, -0.206049, 0.849919, 0.211146, 0.000000, 0.000000, 0.000000, 1.000000, 0.485210, -0.206279, 0.849717, 0.233158, -0.590880, -0.793670, 0.144735, -0.037943, 0.644540, -0.572308, -0.506983, 0.229552, 0.000000, 0.000000, 0.000000, 1.000000, -0.073179, -0.042106, -0.996430, 0.109384, -0.996637, -0.033841, 0.074625, 0.062379, -0.036862, 0.998540, -0.039488, 0.049654, 0.000000, 0.000000, 0.000000, 1.000000
-29.5260, 37.9428, -29.5623, 211.1460, 233.1576, -37.9433, 229.5516, 109.3840, 62.3793, 49.6544, 0.590879, 0.793671, -0.144737, 0.037943, -0.644733, 0.572390, 0.506645, -0.029562, 0.484955, -0.206049, 0.849919, 0.211146, 0.000000, 0.000000, 0.000000, 1.000000, 0.485210, -0.206279, 0.849717, 0.233158, -0.590880, -0.793670, 0.144735, -0.037943, 0.644540, -0.572308, -0.506983, 0.229552, 0.000000, 0.000000, 0.000000, 1.000000, -0.073179, -0.042106, -0.996430, 0.109384, -0.996637, -0.033841, 0.074625, 0.062379, -0.036862, 0.998540, -0.039488, 0.049654, 0.000000, 0.000000, 0.000000, 1.000000
-29.5087, 37.9236, -29.5424, 211.1324, 233.1440, -37.9240, 229.5317, 109.4037, 62.3772, 49.6545, 0.590913, 0.793679, -0.144549, 0.037924, -0.644894, 0.572377, 0.506455, -0.029542, 0.484699, -0.206052, 0.850064, 0.211132, 0.000000, 0.000000, 0.000000, 1.000000, 0.484955, -0.206281, 0.849863, 0.233144, -0.590914, -0.793679, 0.144547, -0.037924, 0.644701, -0.572295, -0.506793, 0.229532, 0.000000, 0.000000, 0.000000, 1.000000, -0.073179, -0.042108, -0.996430, 0.109404, -0.996637, -0.033841, 0.074625, 0.062377, -0.036862, 0.998540, -0.039489, 0.049654, 0.000000, 0.000000, 0.000000, 1.000000
-29.4916, 37.9047, -29.5232, 211.1187, 233.1303, -37.9052, 229.5126, 109.4233, 62.3750, 49.6545, 0.590947, 0.793688, -0.144365, 0.037905, -0.645053, 0.572365, 0.506266, -0.029523, 0.484447, -0.206054, 0.850208, 0.211119, 0.000000, 0.000000, 0.000000, 1.000000, 0.484702, -0.206283, 0.850007, 0.233130, -0.590948, -0.793687, 0.144363, -0.037905, 0.644860, -0.572283, -0.506605, 0.229513, 0.000000, 0.000000, 0.000000, 1.000000, -0.073179, -0.042109, -0.996429, 0.109423, -0.996637, -0.033840, 0.074625, 0.062375, -0.036862, 0.998540, -0.039491, 0.049655, 0.000000, 0.000000, 0.000000, 1.000000
-29.4664, 37.8770, -29.4955, 211.0981, 233.1098, -37.8775, 229.4850, 109.4522, 62.3718, 49.6547, 0.590998, 0.793700, -0.144093, 0.037877, -0.645287, 0.572348, 0.505987, -0.029496, 0.484073, -0.206055, 0.850420, 0.211098, 0.000000, 0.000000, 0.000000, 1.000000, 0.484328, -0.206285, 0.850219, 0.233110, -0.590999, -0.793699, 0.144091, -0.037877, 0.645094, -0.572266, -0.506325, 0.229485, 0.000000, 0.000000, 0.000000, 1.000000, -0.073179, -0.042110, -0.996429, 0.109452, -0.996637, -0.033840, 0.074625, 0.062372, -0.036861, 0.998540, -0.039492, 0.049655, 0.000000, 0.000000, 0.000000, 1.000000
-29.4664, 37.8770, -29.4955, 211.0981, 233.1098, -37.8775, 229.4850, 109.4522, 62.3718, 49.6547, 0.590998, 0.793700, -0.144093, 0.037877, -0.645287, 0.572348, 0.505987, -0.029496, 0.484073, -0.206055, 0.850420, 0.211098, 0.000000, 0.000000, 0.000000, 1.000000, 0.484328, -0.206285, 0.850219, 0.233110, -0.590999, -0.793699, 0.144091, -0.037877, 0.645094, -0.572266, -0.506325, 0.229485, 0.000000, 0.000000, 0.000000, 1.000000, -0.073179, -0.042110, -0.996429, 0.109452, -0.996637, -0.033840, 0.074625, 0.062372, -0.036861, 0.998540, -0.039492, 0.049655, 0.000000, 0.000000, 0.000000, 1.000000
-29.4420, 37.8503, -29.4694, 211.0777, 233.0893, -37.8508, 229.4590, 109.4804, 62.3685, 49.6548, 0.591047, 0.793711, -0.143830, 0.037850, -0.645515, 0.572332, 0.505714, -0.029469, 0.483709, -0.206056, 0.850627, 0.211078, 0.000000, 0.000000, 0.000000, 1.000000, 0.483964, -0.206285, 0.850427, 0.233089, -0.591048, -0.793710, 0.143828, -0.037851, 0.645323, -0.572250, -0.506051, 0.229459, 0.000000, 0.000000, 0.000000, 1.000000, -0.073179, -0.042112, -0.996429, 0.109480, -0.996637, -0.033839, 0.074625, 0.062369, -0.036861, 0.998540, -0.039494, 0.049655, 0.000000, 0.000000, 0.000000, 1.000000
-29.4420, 37.8503, -29.4694, 211.0777, 233.0893, -37.8508, 229.4590, 109.4804, 62.3685, 49.6548, 0.591047, 0.793711, -0.143830, 0.037850, -0.645515, 0.572332, 0.505714, -0.029469, 0.483709, -0.206056, 0.850627, 0.211078, 0.000000, 0.000000, 0.000000, 1.000000, 0.483964, -0.206285, 0.850427, 0.233089, -0.591048, -0.793710, 0.143828, -0.037851, 0.645323, -0.572250, -0.506051, 0.229459, 0.000000, 0.000000, 0.000000, 1.000000, -0.073179, -0.042112, -0.996429, 0.109480, -0.996637, -0.033839, 0.074625, 0.062369, -0.036861, 0.998540, -0.039494, 0.049655, 0.000000, 0.000000, 0.000000, 1.000000
-29.4260, 37.8329, -29.4526, 211.0642, 233.0758, -37.8334, 229.4423, 109.4988, 62.3664, 49.6549, 0.591079, 0.793718, -0.143658, 0.037833, -0.645664, 0.572322, 0.505534, -0.029453, 0.483470, -0.206056, 0.850763, 0.211064, 0.000000, 0.000000, 0.000000, 1.000000, 0.483725, -0.206285, 0.850562, 0.233076, -0.591080, -0.793717, 0.143656, -0.037833, 0.645472, -0.572241, -0.505872, 0.229442, 0.000000, 0.000000, 0.000000, 1.000000, -0.073179, -0.042113, -0.996429, 0.109499, -0.996637, -0.033838, 0.074625, 0.062366, -0.036860, 0.998540, -0.039495, 0.049655, 0.000000, 0.000000, 0.000000, 1.000000
-29.4025, 37.8075, -29.4283, 211.0441, 233.0556, -37.8079, 229.4181, 109.5261, 62.3633, 49.6551, 0.591126, 0.793728, -0.143406, 0.037807, -0.645884, 0.572308, 0.505270, -0.029428, 0.483119, -0.206055, 0.850963, 0.211044, 0.000000, 0.000000, 0.000000, 1.000000, 0.483374, -0.206283, 0.850763, 0.233056, -0.591127, -0.793728, 0.143404, -0.037808, 0.645692, -0.572227, -0.505607, 0.229418, 0.000000, 0.000000, 0.000000, 1.000000, -0.073179, -0.042114, -0.996429, 0.109526, -0.996637, -0.033838, 0.074625, 0.062363, -0.036860, 0.998540, -0.039496, 0.049655, 0.000000, 0.000000, 0.000000, 1.000000
-29.4025, 37.8075, -29.4283, 211.0441, 233.0556, -37.8079, 229.4181, 109.5261, 62.3633, 49.6551, 0.591126, 0.793728, -0.143406, 0.037807, -0.645884, 0.572308, 0.505270, -0.029428, 0.483119, -0.206055, 0.850963, 0.211044, 0.000000, 0.000000, 0.000000, 1.000000, 0.483374, -0.206283, 0.850763, 0.233056, -0.591127, -0.793728, 0.143404, -0.037808, 0.645692, -0.572227, -0.505607, 0.229418, 0.000000, 0.000000, 0.000000, 1.000000, -0.073179, -0.042114, -0.996429, 0.109526, -0.996637, -0.033838, 0.074625, 0.062363, -0.036860, 0.998540, -0.039496, 0.049655, 0.000000, 0.000000, 0.000000, 1.000000
-29.3872, 37.7909, -29.4126, 211.0308, 233.0423, -37.7914, 229.4024, 109.5439, 62.3612, 49.6552, 0.591157, 0.793735, -0.143241, 0.037791, -0.646027, 0.572299, 0.505096, -0.029413, 0.482889, -0.206054, 0.851093, 0.211031, 0.000000, 0.000000, 0.000000, 1.000000, 0.483144, -0.206282, 0.850894, 0.233042, -0.591158, -0.793734, 0.143239, -0.037791, 0.645836, -0.572218, -0.505433, 0.229402, 0.000000, 0.000000, 0.000000, 1.000000, -0.073179, -0.042115, -0.996429, 0.109544, -0.996637, -0.033837, 0.074625, 0.062361, -0.036859, 0.998540, -0.039497, 0.049655, 0.000000, 0.000000, 0.000000, 1.000000
-29.3721, 37.7733, -29.3916, 211.0212, 233.0328, -37.7738, 229.3815, 109.5603, 62.3595, 49.6552, 0.591185, 0.793744, -0.143077, 0.037773, -0.646163, 0.572284, 0.504940, -0.029392, 0.482674, -0.206062, 0.851213, 0.211021, 0.000000, 0.000000, 0.000000, 1.000000, 0.482929, -0.206290, 0.851014, 0.233033, -0.591186, -0.793743, 0.143075, -0.037774, 0.645971, -0.572203, -0.505277, 0.229381, 0.000000, 0.000000, 0.000000, 1.000000, -0.073179, -0.042116, -0.996429, 0.109560, -0.996637, -0.033837, 0.074625, 0.062359, -0.036859, 0.998540, -0.039498, 0.049655, 0.000000, 0.000000, 0.000000, 1.000000
-29.3571, 37.7561, -29.3714, 211.0115, 233.0230, -37.7566, 229.3613, 109.5767, 62.3578, 49.6553, 0.591213, 0.793752, -0.142915, 0.037756, -0.646297, 0.572270, 0.504784, -0.029371, 0.482460, -0.206069, 0.851333, 0.211011, 0.000000, 0.000000, 0.000000, 1.000000, 0.482715, -0.206298, 0.851133, 0.233023, -0.591214, -0.793752, 0.142913, -0.037757, 0.646106, -0.572188, -0.505122, 0.229361, 0.000000, 0.000000, 0.000000, 1.000000, -0.073179, -0.042117, -0.996429, 0.109577, -0.996637, -0.033837, 0.074624, 0.062358, -0.036859, 0.998540, -0.039499, 0.049655, 0.000000, 0.000000, 0.000000, 1.000000
-29.3571, 37.7561, -29.3714, 211.0115, 233.0230, -37.7566, 229.3613, 109.5767, 62.3578, 49.6553, 0.591213, 0.793752, -0.142915, 0.037756, -0.646297, 0.572270, 0.504784, -0.029371, 0.482460, -0.206069, 0.851333, 0.211011, 0.000000, 0.000000, 0.000000, 1.000000, 0.482715, -0.206298, 0.851133, 0.233023, -0.591214, -0.793752, 0.142913, -0.037757, 0.646106, -0.572188, -0.505122, 0.229361, 0.000000, 0.000000, 0.000000, 1.000000, -0.073179, -0.042117, -0.996429, 0.109577, -0.996637, -0.033837, 0.074624, 0.062358, -0.036859, 0.998540, -0.039499, 0.049655, 0.000000, 0.000000, 0.000000, 1.000000
-29.3348, 37.7307, -29.3424, 210.9964, 233.0079, -37.7312, 229.3322, 109.6012, 62.3551, 49.6554, 0.591254, 0.793764, -0.142675, 0.037731, -0.646498, 0.572250, 0.504550, -0.029342, 0.482140, -0.206078, 0.851512, 0.210996, 0.000000, 0.000000, 0.000000, 1.000000, 0.482395, -0.206307, 0.851312, 0.233008, -0.591256, -0.793764, 0.142673, -0.037731, 0.646307, -0.572168, -0.504888, 0.229332, 0.000000, 0.000000, 0.000000, 1.000000, -0.073179, -0.042119, -0.996429, 0.109601, -0.996637, -0.033837, 0.074624, 0.062355, -0.036859, 0.998539, -0.039501, 0.049655, 0.000000, 0.000000, 0.000000, 1.000000
