# Joint_4_Angle(deg), Cam_X(mm), Cam_Y(mm), Cam_Z(mm), Torso_X(mm), Torso_Y(mm), Torso_Z(mm), EE_X(mm), EE_Y(mm), EE_Z(mm), T_cam2marker_flat(16), T_torso2marker_flat(16), T_ee2marker_flat(16)
-29.9995, -3.2991, 22.0204, 130.6953, 152.6898, 3.2989, 178.0205, 22.1069, 122.9892, -19.5777, 0.986049, -0.166435, -0.002627, -0.003299, 0.149068, 0.889964, -0.430978, 0.022020, 0.074068, 0.424574, 0.902359, 0.130695, 0.000000, 0.000000, 0.000000, 1.000000, 0.074029, 0.424352, 0.902466, 0.152690, -0.986049, 0.166434, 0.002626, 0.003299, -0.149087, -0.890070, 0.430753, 0.178020, 0.000000, 0.000000, 0.000000, 1.000000, 0.995046, -0.057937, 0.080791, 0.022107, 0.082201, 0.022389, -0.996364, 0.122989, 0.055917, 0.998069, 0.027040, -0.019578, 0.000000, 0.000000, 0.000000, 1.000000
-29.9995, -3.2991, 22.0205, 130.6953, 152.6899, 3.2989, 178.0205, 22.1069, 122.9892, -19.5776, 0.986049, -0.166435, -0.002628, -0.003299, 0.149068, 0.889965, -0.430978, 0.022021, 0.074068, 0.424573, 0.902359, 0.130695, 0.000000, 0.000000, 0.000000, 1.000000, 0.074029, 0.424352, 0.902466, 0.152690, -0.986049, 0.166434, 0.002626, 0.003299, -0.149087, -0.890070, 0.430753, 0.178020, 0.000000, 0.000000, 0.000000, 1.000000, 0.995046, -0.057937, 0.080791, 0.022107, 0.082201, 0.022389, -0.996364, 0.122989, 0.055917, 0.998069, 0.027040, -0.019578, 0.000000, 0.000000, 0.000000, 1.000000
-29.9995, -3.2991, 22.0205, 130.6954, 152.6899, 3.2989, 178.0205, 22.1069, 122.9891, -19.5776, 0.986049, -0.166435, -0.002628, -0.003299, 0.149068, 0.889965, -0.430977, 0.022021, 0.074068, 0.424573, 0.902359, 0.130695, 0.000000, 0.000000, 0.000000, 1.000000, 0.074029, 0.424352, 0.902466, 0.152690, -0.986049, 0.166434, 0.002626, 0.003299, -0.149087, -0.890070, 0.430753, 0.178020, 0.000000, 0.000000, 0.000000, 1.000000, 0.995046, -0.057937, 0.080791, 0.022107, 0.082201, 0.022389, -0.996364, 0.122989, 0.055917, 0.998069, 0.027040, -0.019578, 0.000000, 0.000000, 0.000000, 1.000000
-29.9995, -3.2991, 22.0206, 130.6954, 152.6899, 3.2989, 178.0205, 22.1069, 122.9891, -19.5776, 0.986049, -0.166435, -0.002628, -0.003299, 0.149068, 0.889965, -0.430977, 0.022021, 0.074068, 0.424573, 0.902359, 0.130695, 0.000000, 0.000000, 0.000000, 1.000000, 0.074029, 0.424352, 0.902466, 0.152690, -0.986049, 0.166434, 0.002626, 0.003299, -0.149087, -0.890070, 0.430753, 0.178020, 0.000000, 0.000000, 0.000000, 1.000000, 0.995046, -0.057937, 0.080791, 0.022107, 0.082201, 0.022389, -0.996364, 0.122989, 0.055917, 0.998069, 0.027040, -0.019578, 0.000000, 0.000000, 0.000000, 1.000000
-29.9995, -3.2992, 22.0207, 130.6954, 152.6899, 3.2989, 178.0205, 22.1069, 122.9891, -19.5776, 0.986049, -0.166435, -0.002628, -0.003299, 0.149068, 0.889965, -0.430976, 0.022021, 0.074068, 0.424572, 0.902359, 0.130695, 0.000000, 0.000000, 0.000000, 1.000000, 0.074029, 0.424353, 0.902466, 0.152690, -0.986049, 0.166434, 0.002626, 0.003299, -0.149087, -0.890070, 0.430754, 0.178021, 0.000000, 0.000000, 0.000000, 1.000000, 0.995046, -0.057937, 0.080791, 0.022107, 0.082201, 0.022389, -0.996364, 0.122989, 0.055917, 0.998069, 0.027040, -0.019578, 0.000000, 0.000000, 0.000000, 1.000000
-29.9995, -3.2992, 22.0207, 130.6954, 152.6899, 3.2989, 178.0206, 22.1069, 122.9891, -19.5775, 0.986049, -0.166435, -0.002628, -0.003299, 0.149068, 0.889965, -0.430976, 0.022021, 0.074068, 0.424572, 0.902360, 0.130695, 0.000000, 0.000000, 0.000000, 1.000000, 0.074029, 0.424353, 0.902466, 0.152690, -0.986049, 0.166434, 0.002626, 0.003299, -0.149086, -0.890070, 0.430754, 0.178021, 0.000000, 0.000000, 0.000000, 1.000000, 0.995046, -0.057937, 0.080791, 0.022107, 0.082201, 0.022389, -0.996364, 0.122989, 0.055917, 0.998069, 0.027040, -0.019578, 0.000000, 0.000000, 0.000000, 1.000000
-29.9994, -3.2992, 22.0205, 130.6955, 152.6901, 3.2989, 178.0208, 22.1069, 122.9891, -19.5774, 0.986049, -0.166434, -0.002628, -0.003299, 0.149068, 0.889966, -0.430975, 0.022021, 0.074068, 0.424571, 0.902360, 0.130695, 0.000000, 0.000000, 0.000000, 1.000000, 0.074029, 0.424352, 0.902466, 0.152690, -0.986049, 0.166433, 0.002626, 0.003299, -0.149086, -0.890070, 0.430753, 0.178021, 0.000000, 0.000000, 0.000000, 1.000000, 0.995046, -0.057937, 0.080790, 0.022107, 0.082201, 0.022389, -0.996364, 0.122989, 0.055917, 0.998069, 0.027040, -0.019577, 0.000000, 0.000000, 0.000000, 1.000000
-29.9993, -3.2992, 22.0203, 130.6957, 152.6903, 3.2989, 178.0210, 22.1069, 122.9890, -19.5773, 0.986049, -0.166434, -0.002628, -0.003299, 0.149068, 0.889967, -0.430973, 0.022020, 0.074068, 0.424569, 0.902361, 0.130696, 0.000000, 0.000000, 0.000000, 1.000000, 0.074029, 0.424351, 0.902467, 0.152690, -0.986049, 0.166433, 0.002626, 0.003299, -0.149086, -0.890071, 0.430752, 0.178021, 0.000000, 0.000000, 0.000000, 1.000000, 0.995046, -0.057937, 0.080790, 0.022107, 0.082201, 0.022389, -0.996364, 0.122989, 0.055917, 0.998069, 0.027040, -0.019577, 0.000000, 0.000000, 0.000000, 1.000000
-29.9990, -3.2992, 22.0195, 130.6965, 152.6911, 3.2990, 178.0220, 22.1070, 122.9888, -19.5768, 0.986049, -0.166434, -0.002629, -0.003299, 0.149068, 0.889970, -0.430967, 0.022019, 0.074067, 0.424563, 0.902364, 0.130697, 0.000000, 0.000000, 0.000000, 1.000000, 0.074029, 0.424345, 0.902469, 0.152691, -0.986049, 0.166433, 0.002627, 0.003299, -0.149086, -0.890074, 0.430746, 0.178022, 0.000000, 0.000000, 0.000000, 1.000000, 0.995046, -0.057937, 0.080790, 0.022107, 0.082201, 0.022389, -0.996364, 0.122989, 0.055918, 0.998069, 0.027041, -0.019577, 0.000000, 0.000000, 0.000000, 1.000000
-29.9987, -3.2993, 22.0188, 130.6972, 152.6918, 3.2990, 178.0227, 22.1070, 122.9886, -19.5764, 0.986049, -0.166433, -0.002630, -0.003299, 0.149067, 0.889972, -0.430962, 0.022019, 0.074067, 0.424558, 0.902366, 0.130697, 0.000000, 0.000000, 0.000000, 1.000000, 0.074028, 0.424341, 0.902472, 0.152692, -0.986049, 0.166432, 0.002628, 0.003299, -0.149085, -0.890076, 0.430742, 0.178023, 0.000000, 0.000000, 0.000000, 1.000000, 0.995046, -0.057937, 0.080790, 0.022107, 0.082201, 0.022389, -0.996364, 0.122989, 0.055918, 0.998069, 0.027041, -0.019576, 0.000000, 0.000000, 0.000000, 1.000000
-29.9982, -3.2993, 22.0179, 130.6982, 152.6928, 3.2991, 178.0237, 22.1070, 122.9884, -19.5758, 0.986049, -0.166433, -0.002630, -0.003299, 0.149067, 0.889976, -0.430955, 0.022018, 0.074066, 0.424551, 0.902369, 0.130698, 0.000000, 0.000000, 0.000000, 1.000000, 0.074028, 0.424334, 0.902475, 0.152693, -0.986049, 0.166432, 0.002629, 0.003299, -0.149085, -0.890079, 0.430735, 0.178024, 0.000000, 0.000000, 0.000000, 1.000000, 0.995046, -0.057937, 0.080790, 0.022107, 0.082201, 0.022389, -0.996364, 0.122988, 0.055918, 0.998069, 0.027041, -0.019576, 0.000000, 0.000000, 0.000000, 1.000000
-29.9962, -3.2995, 22.0133, 130.7029, 152.6976, 3.2992, 178.0284, 22.1071, 122.9872, -19.5732, 0.986050, -0.166430, -0.002635, -0.003300, 0.149066, 0.889992, -0.430923, 0.022013, 0.074063, 0.424519, 0.902385, 0.130703, 0.000000, 0.000000, 0.000000, 1.000000, 0.074025, 0.424303, 0.902490, 0.152698, -0.986050, 0.166429, 0.002633, 0.003299, -0.149084, -0.890095, 0.430703, 0.178028, 0.000000, 0.000000, 0.000000, 1.000000, 0.995046, -0.057938, 0.080790, 0.022107, 0.082201, 0.022389, -0.996364, 0.122987, 0.055919, 0.998069, 0.027041, -0.019573, 0.000000, 0.000000, 0.000000, 1.000000
-29.9951, -3.2996, 22.0111, 130.7052, 152.6999, 3.2993, 178.0306, 22.1072, 122.9867, -19.5719, 0.986050, -0.166429, -0.002637, -0.003300, 0.149065, 0.889999, -0.430907, 0.022011, 0.074062, 0.424503, 0.902392, 0.130705, 0.000000, 0.000000, 0.000000, 1.000000, 0.074024, 0.424287, 0.902497, 0.152700, -0.986050, 0.166428, 0.002635, 0.003299, -0.149083, -0.890102, 0.430688, 0.178031, 0.000000, 0.000000, 0.000000, 1.000000, 0.995046, -0.057938, 0.080790, 0.022107, 0.082201, 0.022389, -0.996364, 0.122987, 0.055919, 0.998069, 0.027041, -0.019572, 0.000000, 0.000000, 0.000000, 1.000000
-29.9926, -3.2998, 22.0054, 130.7112, 152.7059, 3.2995, 178.0364, 22.1074, 122.9852, -19.5686, 0.986050, -0.166426, -0.002642, -0.003300, 0.149063, 0.890019, -0.430867, 0.022005, 0.074058, 0.424462, 0.902412, 0.130711, 0.000000, 0.000000, 0.000000, 1.000000, 0.074020, 0.424247, 0.902516, 0.152706, -0.986051, 0.166425, 0.002640, 0.003300, -0.149081, -0.890122, 0.430648, 0.178036, 0.000000, 0.000000, 0.000000, 1.000000, 0.995046, -0.057939, 0.080790, 0.022107, 0.082200, 0.022389, -0.996364, 0.122985, 0.055920, 0.998069, 0.027041, -0.019569, 0.000000, 0.000000, 0.000000, 1.000000
-29.9891, -3.3001, 21.9978, 130.7192, 152.7139, 3.2998, 178.0441, 22.1076, 122.9833, -19.5642, 0.986051, -0.166422, -0.002649, -0.003300, 0.149061, 0.890046, -0.430813, 0.021998, 0.074054, 0.424408, 0.902438, 0.130719, 0.000000, 0.000000, 0.000000, 1.000000, 0.074016, 0.424194, 0.902542, 0.152714, -0.986051, 0.166421, 0.002647, 0.003300, -0.149079, -0.890148, 0.430595, 0.178044, 0.000000, 0.000000, 0.000000, 1.000000, 0.995046, -0.057940, 0.080789, 0.022108, 0.082200, 0.022389, -0.996364, 0.122983, 0.055921, 0.998069, 0.027041, -0.019564, 0.000000, 0.000000, 0.000000, 1.000000
-29.9870, -3.3002, 21.9932, 130.7240, 152.7187, 3.3000, 178.0487, 22.1078, 122.9822, -19.5615, 0.986052, -0.166419, -0.002653, -0.003300, 0.149060, 0.890062, -0.430780, 0.021993, 0.074051, 0.424376, 0.902453, 0.130724, 0.000000, 0.000000, 0.000000, 1.000000, 0.074013, 0.424161, 0.902557, 0.152719, -0.986052, 0.166418, 0.002651, 0.003300, -0.149078, -0.890164, 0.430562, 0.178049, 0.000000, 0.000000, 0.000000, 1.000000, 0.995046, -0.057941, 0.080789, 0.022108, 0.082200, 0.022389, -0.996364, 0.122982, 0.055922, 0.998069, 0.027041, -0.019562, 0.000000, 0.000000, 0.000000, 1.000000
-29.9820, -3.3006, 21.9822, 130.7356, 152.7303, 3.3004, 178.0598, 22.1081, 122.9794, -19.5551, 0.986052, -0.166414, -0.002662, -0.003301, 0.149057, 0.890100, -0.430701, 0.021982, 0.074044, 0.424297, 0.902491, 0.130736, 0.000000, 0.000000, 0.000000, 1.000000, 0.074007, 0.424083, 0.902594, 0.152730, -0.986053, 0.166413, 0.002661, 0.003300, -0.149075, -0.890202, 0.430484, 0.178060, 0.000000, 0.000000, 0.000000, 1.000000, 0.995046, -0.057943, 0.080788, 0.022108, 0.082199, 0.022389, -0.996364, 0.122979, 0.055923, 0.998069, 0.027041, -0.019555, 0.000000, 0.000000, 0.000000, 1.000000
-29.9791, -3.3009, 21.9759, 130.7423, 152.7370, 3.3006, 178.0661, 22.1083, 122.9778, -19.5514, 0.986053, -0.166410, -0.002668, -0.003301, 0.149055, 0.890122, -0.430656, 0.021976, 0.074041, 0.424252, 0.902512, 0.130742, 0.000000, 0.000000, 0.000000, 1.000000, 0.074003, 0.424039, 0.902616, 0.152737, -0.986053, 0.166409, 0.002666, 0.003301, -0.149073, -0.890224, 0.430439, 0.178066, 0.000000, 0.000000, 0.000000, 1.000000, 0.995046, -0.057944, 0.080788, 0.022108, 0.082199, 0.022389, -0.996364, 0.122978, 0.055924, 0.998069, 0.027041, -0.019551, 0.000000, 0.000000, 0.000000, 1.000000
-29.9725, -3.3014, 21.9614, 130.7577, 152.7524, 3.3011, 178.0807, 22.1088, 122.9741, -19.5430, 0.986054, -0.166403, -0.002681, -0.003301, 0.149051, 0.890173, -0.430553, 0.021961, 0.074032, 0.424149, 0.902561, 0.130758, 0.000000, 0.000000, 0.000000, 1.000000, 0.073994, 0.423936, 0.902665, 0.152752, -0.986054, 0.166402, 0.002679, 0.003301, -0.149069, -0.890275, 0.430336, 0.178081, 0.000000, 0.000000, 0.000000, 1.000000, 0.995046, -0.057946, 0.080787, 0.022109, 0.082198, 0.022389, -0.996365, 0.122974, 0.055927, 0.998069, 0.027041, -0.019543, 0.000000, 0.000000, 0.000000, 1.000000
-29.9688, -3.3017, 21.9531, 130.7664, 152.7611, 3.3014, 178.0890, 22.1091, 122.9721, -19.5382, 0.986055, -0.166398, -0.002689, -0.003302, 0.149049, 0.890202, -0.430494, 0.021953, 0.074027, 0.424090, 0.902589, 0.130766, 0.000000, 0.000000, 0.000000, 1.000000, 0.073989, 0.423877, 0.902692, 0.152761, -0.986055, 0.166398, 0.002687, 0.003301, -0.149067, -0.890303, 0.430278, 0.178089, 0.000000, 0.000000, 0.000000, 1.000000, 0.995046, -0.057947, 0.080786, 0.022109, 0.082197, 0.022389, -0.996365, 0.122972, 0.055928, 0.998069, 0.027041, -0.019538, 0.000000, 0.000000, 0.000000, 1.000000
-29.9604, -3.3024, 21.9348, 130.7858, 152.7806, 3.3021, 178.1074, 22.1097, 122.9674, -19.5275, 0.986056, -0.166389, -0.002705, -0.003302, 0.149045, 0.890266, -0.430363, 0.021935, 0.074016, 0.423959, 0.902652, 0.130786, 0.000000, 0.000000, 0.000000, 1.000000, 0.073978, 0.423747, 0.902755, 0.152781, -0.986057, 0.166388, 0.002703, 0.003302, -0.149062, -0.890367, 0.430148, 0.178107, 0.000000, 0.000000, 0.000000, 1.000000, 0.995045, -0.057950, 0.080785, 0.022110, 0.082196, 0.022389, -0.996365, 0.122967, 0.055931, 0.998068, 0.027042, -0.019528, 0.000000, 0.000000, 0.000000, 1.000000
-29.9510, -3.3031, 21.9142, 130.8078, 152.8025, 3.3029, 178.1281, 22.1103, 122.9622, -19.5155, 0.986058, -0.166378, -0.002724, -0.003303, 0.149039, 0.890338, -0.430216, 0.021914, 0.074004, 0.423812, 0.902722, 0.130808, 0.000000, 0.000000, 0.000000, 1.000000, 0.073966, 0.423600, 0.902824, 0.152803, -0.986058, 0.166378, 0.002722, 0.003303, -0.149057, -0.890439, 0.430001, 0.178128, 0.000000, 0.000000, 0.000000, 1.000000, 0.995045, -0.057954, 0.080784, 0.022110, 0.082195, 0.022389, -0.996365, 0.122962, 0.055934, 0.998068, 0.027042, -0.019516, 0.000000, 0.000000, 0.000000, 1.000000
-29.9510, -3.3031, 21.9142, 130.8078, 152.8025, 3.3029, 178.1281, 22.1103, 122.9622, -19.5155, 0.986058, -0.166378, -0.002724, -0.003303, 0.149039, 0.890338, -0.430216, 0.021914, 0.074004, 0.423812, 0.902722, 0.130808, 0.000000, 0.000000, 0.000000, 1.000000, 0.073966, 0.423600, 0.902824, 0.152803, -0.986058, 0.166378, 0.002722, 0.003303, -0.149057, -0.890439, 0.430001, 0.178128, 0.000000, 0.000000, 0.000000, 1.000000, 0.995045, -0.057954, 0.080784, 0.022110, 0.082195, 0.022389, -0.996365, 0.122962, 0.055934, 0.998068, 0.027042, -0.019516, 0.000000, 0.000000, 0.000000, 1.000000
-29.9510, -3.3031, 21.9142, 130.8078, 152.8025, 3.3029, 178.1281, 22.1103, 122.9622, -19.5155, 0.986058, -0.166378, -0.002724, -0.003303, 0.149039, 0.890338, -0.430216, 0.021914, 0.074004, 0.423812, 0.902722, 0.130808, 0.000000, 0.000000, 0.000000, 1.000000, 0.073966, 0.423600, 0.902824, 0.152803, -0.986058, 0.166378, 0.002722, 0.003303, -0.149057, -0.890439, 0.430001, 0.178128, 0.000000, 0.000000, 0.000000, 1.000000, 0.995045, -0.057954, 0.080784, 0.022110, 0.082195, 0.022389, -0.996365, 0.122962, 0.055934, 0.998068, 0.027042, -0.019516, 0.000000, 0.000000, 0.000000, 1.000000
-29.9160, -3.3059, 21.8376, 130.8894, 152.8843, 3.3057, 178.2050, 22.1128, 122.9428, -19.4709, 0.986065, -0.166339, -0.002793, -0.003306, 0.149019, 0.890606, -0.429668, 0.021838, 0.073958, 0.423264, 0.902983, 0.130889, 0.000000, 0.000000, 0.000000, 1.000000, 0.073921, 0.423054, 0.903084, 0.152884, -0.986065, 0.166338, 0.002791, 0.003306, -0.149037, -0.890706, 0.429455, 0.178205, 0.000000, 0.000000, 0.000000, 1.000000, 0.995045, -0.057966, 0.080780, 0.022113, 0.082191, 0.022389, -0.996365, 0.122943, 0.055946, 0.998067, 0.027043, -0.019471, 0.000000, 0.000000, 0.000000, 1.000000
-29.9160, -3.3059, 21.8376, 130.8894, 152.8843, 3.3057, 178.2050, 22.1128, 122.9428, -19.4709, 0.986065, -0.166339, -0.002793, -0.003306, 0.149019, 0.890606, -0.429668, 0.021838, 0.073958, 0.423264, 0.902983, 0.130889, 0.000000, 0.000000, 0.000000, 1.000000, 0.073921, 0.423054, 0.903084, 0.152884, -0.986065, 0.166338, 0.002791, 0.003306, -0.149037, -0.890706, 0.429455, 0.178205, 0.000000, 0.000000, 0.000000, 1.000000, 0.995045, -0.057966, 0.080780, 0.022113, 0.082191, 0.022389, -0.996365, 0.122943, 0.055946, 0.998067, 0.027043, -0.019471, 0.000000, 0.000000, 0.000000, 1.000000
-29.8952, -3.3076, 21.7922, 130.9379, 152.9328, 3.3073, 178.2505, 22.1142, 122.9313, -19.4444, 0.986068, -0.166316, -0.002834, -0.003308, 0.149007, 0.890764, -0.429343, 0.021792, 0.073931, 0.422939, 0.903137, 0.130938, 0.000000, 0.000000, 0.000000, 1.000000, 0.073894, 0.422730, 0.903238, 0.152933, -0.986069, 0.166315, 0.002833, 0.003307, -0.149025, -0.890864, 0.429131, 0.178250, 0.000000, 0.000000, 0.000000, 1.000000, 0.995045, -0.057973, 0.080777, 0.022114, 0.082188, 0.022389, -0.996365, 0.122931, 0.055954, 0.998067, 0.027043, -0.019444, 0.000000, 0.000000, 0.000000, 1.000000
-29.8879, -3.3082, 21.7761, 130.9552, 152.9500, 3.3079, 178.2666, 22.1147, 122.9273, -19.4351, 0.986070, -0.166308, -0.002849, -0.003308, 0.149003, 0.890821, -0.429228, 0.021776, 0.073922, 0.422824, 0.903192, 0.130955, 0.000000, 0.000000, 0.000000, 1.000000, 0.073885, 0.422615, 0.903292, 0.152950, -0.986070, 0.166307, 0.002847, 0.003308, -0.149020, -0.890920, 0.429016, 0.178267, 0.000000, 0.000000, 0.000000, 1.000000, 0.995045, -0.057975, 0.080776, 0.022115, 0.082188, 0.022389, -0.996365, 0.122927, 0.055956, 0.998067, 0.027043, -0.019435, 0.000000, 0.000000, 0.000000, 1.000000
-29.8726, -3.3094, 21.7427, 130.9910, 152.9859, 3.3092, 178.3001, 22.1158, 122.9188, -19.4156, 0.986073, -0.166291, -0.002880, -0.003309, 0.148994, 0.890937, -0.428989, 0.021743, 0.073903, 0.422585, 0.903305, 0.130991, 0.000000, 0.000000, 0.000000, 1.000000, 0.073866, 0.422376, 0.903406, 0.152986, -0.986073, 0.166290, 0.002878, 0.003309, -0.149012, -0.891036, 0.428777, 0.178300, 0.000000, 0.000000, 0.000000, 1.000000, 0.995045, -0.057981, 0.080774, 0.022116, 0.082186, 0.022389, -0.996366, 0.122919, 0.055961, 0.998067, 0.027044, -0.019416, 0.000000, 0.000000, 0.000000, 1.000000
-29.8566, -3.3107, 21.7077, 131.0285, 153.0235, 3.3105, 178.3352, 22.1169, 122.9099, -19.3952, 0.986075, -0.166273, -0.002912, -0.003311, 0.148985, 0.891060, -0.428738, 0.021708, 0.073882, 0.422334, 0.903424, 0.131029, 0.000000, 0.000000, 0.000000, 1.000000, 0.073845, 0.422126, 0.903524, 0.153023, -0.986076, 0.166272, 0.002910, 0.003310, -0.149002, -0.891158, 0.428527, 0.178335, 0.000000, 0.000000, 0.000000, 1.000000, 0.995044, -0.057986, 0.080772, 0.022117, 0.082184, 0.022389, -0.996366, 0.122910, 0.055967, 0.998066, 0.027044, -0.019395, 0.000000, 0.000000, 0.000000, 1.000000
-29.8483, -3.3114, 21.6896, 131.0479, 153.0429, 3.3112, 178.3533, 22.1175, 122.9053, -19.3846, 0.986077, -0.166264, -0.002929, -0.003311, 0.148980, 0.891123, -0.428608, 0.021690, 0.073872, 0.422204, 0.903486, 0.131048, 0.000000, 0.000000, 0.000000, 1.000000, 0.073835, 0.421997, 0.903586, 0.153043, -0.986077, 0.166263, 0.002927, 0.003311, -0.148998, -0.891221, 0.428397, 0.178353, 0.000000, 0.000000, 0.000000, 1.000000, 0.995044, -0.057989, 0.080771, 0.022117, 0.082183, 0.022390, -0.996366, 0.122905, 0.055970, 0.998066, 0.027044, -0.019385, 0.000000, 0.000000, 0.000000, 1.000000
-29.8313, -3.3128, 21.6526, 131.0878, 153.0827, 3.3126, 178.3904, 22.1186, 122.8959, -19.3630, 0.986080, -0.166245, -0.002963, -0.003313, 0.148971, 0.891252, -0.428343, 0.021653, 0.073850, 0.421939, 0.903612, 0.131088, 0.000000, 0.000000, 0.000000, 1.000000, 0.073814, 0.421732, 0.903711, 0.153083, -0.986080, 0.166244, 0.002961, 0.003313, -0.148988, -0.891350, 0.428132, 0.178390, 0.000000, 0.000000, 0.000000, 1.000000, 0.995044, -0.057995, 0.080768, 0.022119, 0.082181, 0.022390, -0.996366, 0.122896, 0.055976, 0.998066, 0.027045, -0.019363, 0.000000, 0.000000, 0.000000, 1.000000
-29.8226, -3.3135, 21.6336, 131.1082, 153.1032, 3.3133, 178.4094, 22.1192, 122.8910, -19.3519, 0.986082, -0.166235, -0.002980, -0.003314, 0.148966, 0.891318, -0.428206, 0.021634, 0.073839, 0.421802, 0.903676, 0.131108, 0.000000, 0.000000, 0.000000, 1.000000, 0.073803, 0.421596, 0.903776, 0.153103, -0.986082, 0.166234, 0.002979, 0.003313, -0.148983, -0.891416, 0.427996, 0.178409, 0.000000, 0.000000, 0.000000, 1.000000, 0.995044, -0.057998, 0.080767, 0.022119, 0.082180, 0.022390, -0.996366, 0.122891, 0.055979, 0.998066, 0.027045, -0.019352, 0.000000, 0.000000, 0.000000, 1.000000
-29.8049, -3.3150, 21.5948, 131.1499, 153.1449, 3.3148, 178.4482, 22.1204, 122.8812, -19.3293, 0.986085, -0.166216, -0.003016, -0.003315, 0.148955, 0.891454, -0.427928, 0.021595, 0.073817, 0.421524, 0.903808, 0.131150, 0.000000, 0.000000, 0.000000, 1.000000, 0.073781, 0.421318, 0.903907, 0.153145, -0.986085, 0.166215, 0.003014, 0.003315, -0.148973, -0.891551, 0.427719, 0.178448, 0.000000, 0.000000, 0.000000, 1.000000, 0.995044, -0.058004, 0.080765, 0.022120, 0.082177, 0.022390, -0.996366, 0.122881, 0.055985, 0.998065, 0.027045, -0.019329, 0.000000, 0.000000, 0.000000, 1.000000
-29.7867, -3.3165, 21.5552, 131.1927, 153.1877, 3.3163, 178.4879, 22.1217, 122.8711, -19.3062, 0.986088, -0.166195, -0.003053, -0.003317, 0.148945, 0.891592, -0.427644, 0.021555, 0.073795, 0.421240, 0.903942, 0.131193, 0.000000, 0.000000, 0.000000, 1.000000, 0.073758, 0.421034, 0.904041, 0.153188, -0.986088, 0.166195, 0.003051, 0.003316, -0.148962, -0.891689, 0.427435, 0.178488, 0.000000, 0.000000, 0.000000, 1.000000, 0.995044, -0.058010, 0.080762, 0.022122, 0.082175, 0.022390, -0.996366, 0.122871, 0.055991, 0.998065, 0.027046, -0.019306, 0.000000, 0.000000, 0.000000, 1.000000
-29.7683, -3.3181, 21.5150, 131.2361, 153.2312, 3.3178, 178.5282, 22.1229, 122.8608, -19.2827, 0.986091, -0.166175, -0.003091, -0.003318, 0.148934, 0.891732, -0.427355, 0.021515, 0.073772, 0.420951, 0.904079, 0.131236, 0.000000, 0.000000, 0.000000, 1.000000, 0.073735, 0.420745, 0.904177, 0.153231, -0.986092, 0.166174, 0.003089, 0.003318, -0.148951, -0.891829, 0.427146, 0.178528, 0.000000, 0.000000, 0.000000, 1.000000, 0.995044, -0.058017, 0.080760, 0.022123, 0.082173, 0.022390, -0.996367, 0.122861, 0.055998, 0.998065, 0.027046, -0.019283, 0.000000, 0.000000, 0.000000, 1.000000
-29.7590, -3.3189, 21.4946, 131.2581, 153.2532, 3.3186, 178.5486, 22.1235, 122.8556, -19.2708, 0.986093, -0.166165, -0.003110, -0.003319, 0.148929, 0.891803, -0.427208, 0.021495, 0.073760, 0.420804, 0.904148, 0.131258, 0.000000, 0.000000, 0.000000, 1.000000, 0.073724, 0.420599, 0.904246, 0.153253, -0.986093, 0.166164, 0.003108, 0.003319, -0.148946, -0.891900, 0.427000, 0.178549, 0.000000, 0.000000, 0.000000, 1.000000, 0.995044, -0.058020, 0.080759, 0.022124, 0.082172, 0.022390, -0.996367, 0.122856, 0.056001, 0.998064, 0.027046, -0.019271, 0.000000, 0.000000, 0.000000, 1.000000
-29.7401, -3.3205, 21.4535, 131.3027, 153.2978, 3.3202, 178.5898, 22.1248, 122.8451, -19.2468, 0.986096, -0.166144, -0.003148, -0.003320, 0.148918, 0.891947, -0.426913, 0.021453, 0.073737, 0.420508, 0.904287, 0.131303, 0.000000, 0.000000, 0.000000, 1.000000, 0.073701, 0.420304, 0.904385, 0.153298, -0.986097, 0.166143, 0.003146, 0.003320, -0.148935, -0.892043, 0.426705, 0.178590, 0.000000, 0.000000, 0.000000, 1.000000, 0.995043, -0.058026, 0.080756, 0.022125, 0.082169, 0.022390, -0.996367, 0.122845, 0.056007, 0.998064, 0.027047, -0.019247, 0.000000, 0.000000, 0.000000, 1.000000
-29.7306, -3.3213, 21.4327, 131.3252, 153.3202, 3.3210, 178.6106, 22.1254, 122.8398, -19.2346, 0.986098, -0.166133, -0.003167, -0.003321, 0.148913, 0.892019, -0.426763, 0.021433, 0.073725, 0.420359, 0.904358, 0.131325, 0.000000, 0.000000, 0.000000, 1.000000, 0.073689, 0.420154, 0.904456, 0.153320, -0.986098, 0.166133, 0.003166, 0.003321, -0.148930, -0.892116, 0.426556, 0.178611, 0.000000, 0.000000, 0.000000, 1.000000, 0.995043, -0.058030, 0.080755, 0.022125, 0.082168, 0.022390, -0.996367, 0.122840, 0.056011, 0.998064, 0.027047, -0.019235, 0.000000, 0.000000, 0.000000, 1.000000
-29.7115, -3.3229, 21.3911, 131.3703, 153.3654, 3.3227, 178.6523, 22.1267, 122.8291, -19.2103, 0.986102, -0.166112, -0.003207, -0.003323, 0.148902, 0.892164, -0.426464, 0.021391, 0.073702, 0.420059, 0.904499, 0.131370, 0.000000, 0.000000, 0.000000, 1.000000, 0.073666, 0.419855, 0.904596, 0.153365, -0.986102, 0.166112, 0.003205, 0.003323, -0.148918, -0.892260, 0.426257, 0.178652, 0.000000, 0.000000, 0.000000, 1.000000, 0.995043, -0.058036, 0.080752, 0.022127, 0.082166, 0.022390, -0.996367, 0.122829, 0.056017, 0.998063, 0.027048, -0.019210, 0.000000, 0.000000, 0.000000, 1.000000
-29.7019, -3.3237, 21.3703, 131.3929, 153.3880, 3.3235, 178.6732, 22.1274, 122.8238, -19.1981, 0.986103, -0.166102, -0.003226, -0.003324, 0.148896, 0.892237, -0.426314, 0.021370, 0.073690, 0.419909, 0.904570, 0.131393, 0.000000, 0.000000, 0.000000, 1.000000, 0.073654, 0.419705, 0.904667, 0.153388, -0.986103, 0.166101, 0.003224, 0.003323, -0.148913, -0.892333, 0.426107, 0.178673, 0.000000, 0.000000, 0.000000, 1.000000, 0.995043, -0.058040, 0.080751, 0.022127, 0.082165, 0.022390, -0.996367, 0.122824, 0.056021, 0.998063, 0.027048, -0.019198, 0.000000, 0.000000, 0.000000, 1.000000
-29.6827, -3.3254, 21.3285, 131.4383, 153.4334, 3.3251, 178.7151, 22.1286, 122.8130, -19.1737, 0.986107, -0.166081, -0.003266, -0.003325, 0.148885, 0.892383, -0.426012, 0.021328, 0.073667, 0.419608, 0.904711, 0.131438, 0.000000, 0.000000, 0.000000, 1.000000, 0.073631, 0.419405, 0.904808, 0.153433, -0.986107, 0.166080, 0.003264, 0.003325, -0.148902, -0.892478, 0.425806, 0.178715, 0.000000, 0.000000, 0.000000, 1.000000, 0.995043, -0.058046, 0.080749, 0.022129, 0.082162, 0.022390, -0.996367, 0.122813, 0.056027, 0.998063, 0.027048, -0.019174, 0.000000, 0.000000, 0.000000, 1.000000
-29.6731, -3.3262, 21.3075, 131.4610, 153.4562, 3.3260, 178.7360, 22.1293, 122.8077, -19.1614, 0.986108, -0.166070, -0.003285, -0.003326, 0.148879, 0.892455, -0.425862, 0.021308, 0.073655, 0.419457, 0.904782, 0.131461, 0.000000, 0.000000, 0.000000, 1.000000, 0.073619, 0.419254, 0.904879, 0.153456, -0.986109, 0.166069, 0.003283, 0.003326, -0.148896, -0.892551, 0.425656, 0.178736, 0.000000, 0.000000, 0.000000, 1.000000, 0.995043, -0.058049, 0.080747, 0.022129, 0.082161, 0.022390, -0.996368, 0.122808, 0.056031, 0.998063, 0.027049, -0.019161, 0.000000, 0.000000, 0.000000, 1.000000
-29.6635, -3.3271, 21.2866, 131.4838, 153.4789, 3.3268, 178.7569, 22.1299, 122.8023, -19.1492, 0.986110, -0.166060, -0.003305, -0.003327, 0.148874, 0.892528, -0.425711, 0.021287, 0.073643, 0.419306, 0.904853, 0.131484, 0.000000, 0.000000, 0.000000, 1.000000, 0.073607, 0.419103, 0.904950, 0.153479, -0.986110, 0.166059, 0.003303, 0.003327, -0.148890, -0.892624, 0.425505, 0.178757, 0.000000, 0.000000, 0.000000, 1.000000, 0.995043, -0.058053, 0.080746, 0.022130, 0.082160, 0.022390, -0.996368, 0.122802, 0.056034, 0.998062, 0.027049, -0.019149, 0.000000, 0.000000, 0.000000, 1.000000
-29.6254, -3.3304, 21.2037, 131.5741, 153.5693, 3.3301, 178.8400, 22.1324, 122.7810, -19.1007, 0.986117, -0.166018, -0.003384, -0.003330, 0.148852, 0.892817, -0.425113, 0.021204, 0.073597, 0.418707, 0.905134, 0.131574, 0.000000, 0.000000, 0.000000, 1.000000, 0.073561, 0.418506, 0.905230, 0.153569, -0.986117, 0.166017, 0.003382, 0.003330, -0.148868, -0.892912, 0.424908, 0.178840, 0.000000, 0.000000, 0.000000, 1.000000, 0.995042, -0.058066, 0.080741, 0.022132, 0.082155, 0.022390, -0.996368, 0.122781, 0.056047, 0.998062, 0.027050, -0.019101, 0.000000, 0.000000, 0.000000, 1.000000
-29.6160, -3.3312, 21.1833, 131.5963, 153.5915, 3.3309, 178.8604, 22.1330, 122.7757, -19.0888, 0.986119, -0.166007, -0.003403, -0.003331, 0.148846, 0.892888, -0.424966, 0.021183, 0.073586, 0.418560, 0.905203, 0.131596, 0.000000, 0.000000, 0.000000, 1.000000, 0.073550, 0.418359, 0.905299, 0.153592, -0.986119, 0.166007, 0.003401, 0.003331, -0.148863, -0.892982, 0.424761, 0.178860, 0.000000, 0.000000, 0.000000, 1.000000, 0.995042, -0.058069, 0.080740, 0.022133, 0.082154, 0.022390, -0.996368, 0.122776, 0.056050, 0.998061, 0.027050, -0.019089, 0.000000, 0.000000, 0.000000, 1.000000
-29.5975, -3.3328, 21.1431, 131.6403, 153.6355, 3.3326, 178.9007, 22.1342, 122.7653, -19.0652, 0.986122, -0.165987, -0.003441, -0.003333, 0.148835, 0.893028, -0.424675, 0.021143, 0.073564, 0.418269, 0.905339, 0.131640, 0.000000, 0.000000, 0.000000, 1.000000, 0.073528, 0.418068, 0.905435, 0.153636, -0.986122, 0.165986, 0.003439, 0.003333, -0.148852, -0.893122, 0.424471, 0.178901, 0.000000, 0.000000, 0.000000, 1.000000, 0.995042, -0.058076, 0.080737, 0.022134, 0.082152, 0.022390, -0.996368, 0.122765, 0.056057, 0.998061, 0.027050, -0.019065, 0.000000, 0.000000, 0.000000, 1.000000
-29.5883, -3.3336, 21.1232, 131.6620, 153.6572, 3.3334, 178.9207, 22.1348, 122.7602, -19.0536, 0.986124, -0.165977, -0.003460, -0.003334, 0.148830, 0.893097, -0.424531, 0.021123, 0.073553, 0.418125, 0.905407, 0.131662, 0.000000, 0.000000, 0.000000, 1.000000, 0.073517, 0.417925, 0.905502, 0.153657, -0.986124, 0.165976, 0.003458, 0.003333, -0.148846, -0.893191, 0.424328, 0.178921, 0.000000, 0.000000, 0.000000, 1.000000, 0.995042, -0.058079, 0.080736, 0.022135, 0.082151, 0.022390, -0.996368, 0.122760, 0.056060, 0.998061, 0.027051, -0.019054, 0.000000, 0.000000, 0.000000, 1.000000
-29.5702, -3.3352, 21.0838, 131.7051, 153.7003, 3.3350, 178.9601, 22.1360, 122.7500, -19.0305, 0.986127, -0.165957, -0.003498, -0.003335, 0.148819, 0.893234, -0.424247, 0.021084, 0.073531, 0.417840, 0.905540, 0.131705, 0.000000, 0.000000, 0.000000, 1.000000, 0.073496, 0.417641, 0.905635, 0.153700, -0.986127, 0.165956, 0.003496, 0.003335, -0.148836, -0.893328, 0.424044, 0.178960, 0.000000, 0.000000, 0.000000, 1.000000, 0.995042, -0.058085, 0.080734, 0.022136, 0.082148, 0.022390, -0.996369, 0.122750, 0.056066, 0.998061, 0.027051, -0.019030, 0.000000, 0.000000, 0.000000, 1.000000
-29.5612, -3.3360, 21.0643, 131.7264, 153.7217, 3.3358, 178.9797, 22.1366, 122.7450, -19.0191, 0.986128, -0.165947, -0.003516, -0.003336, 0.148814, 0.893302, -0.424106, 0.021064, 0.073520, 0.417699, 0.905606, 0.131726, 0.000000, 0.000000, 0.000000, 1.000000, 0.073485, 0.417500, 0.905701, 0.153722, -0.986129, 0.165946, 0.003514, 0.003336, -0.148830, -0.893396, 0.423903, 0.178980, 0.000000, 0.000000, 0.000000, 1.000000, 0.995042, -0.058088, 0.080732, 0.022137, 0.082147, 0.022390, -0.996369, 0.122745, 0.056069, 0.998060, 0.027051, -0.019019, 0.000000, 0.000000, 0.000000, 1.000000
-29.5435, -3.3376, 21.0257, 131.7686, 153.7639, 3.3373, 179.0183, 22.1378, 122.7350, -18.9965, 0.986132, -0.165928, -0.003553, -0.003338, 0.148804, 0.893436, -0.423827, 0.021026, 0.073499, 0.417420, 0.905736, 0.131769, 0.000000, 0.000000, 0.000000, 1.000000, 0.073464, 0.417221, 0.905831, 0.153764, -0.986132, 0.165927, 0.003551, 0.003337, -0.148820, -0.893529, 0.423624, 0.179018, 0.000000, 0.000000, 0.000000, 1.000000, 0.995042, -0.058094, 0.080730, 0.022138, 0.082145, 0.022390, -0.996369, 0.122735, 0.056076, 0.998060, 0.027052, -0.018996, 0.000000, 0.000000, 0.000000, 1.000000
-29.5347, -3.3384, 21.0067, 131.7894, 153.7847, 3.3381, 179.0373, 22.1383, 122.7301, -18.9854, 0.986133, -0.165918, -0.003571, -0.003338, 0.148799, 0.893502, -0.423689, 0.021007, 0.073488, 0.417283, 0.905801, 0.131789, 0.000000, 0.000000, 0.000000, 1.000000, 0.073453, 0.417084, 0.905895, 0.153785, -0.986133, 0.165917, 0.003569, 0.003338, -0.148815, -0.893595, 0.423487, 0.179037, 0.000000, 0.000000, 0.000000, 1.000000, 0.995041, -0.058097, 0.080729, 0.022138, 0.082144, 0.022391, -0.996369, 0.122730, 0.056079, 0.998060, 0.027052, -0.018985, 0.000000, 0.000000, 0.000000, 1.000000
-29.5089, -3.3407, 20.9506, 131.8509, 153.8462, 3.3404, 179.0935, 22.1400, 122.7156, -18.9525, 0.986138, -0.165890, -0.003625, -0.003341, 0.148783, 0.893697, -0.423283, 0.020951, 0.073458, 0.416876, 0.905990, 0.131851, 0.000000, 0.000000, 0.000000, 1.000000, 0.073423, 0.416678, 0.906084, 0.153846, -0.986138, 0.165889, 0.003623, 0.003340, -0.148800, -0.893790, 0.423082, 0.179094, 0.000000, 0.000000, 0.000000, 1.000000, 0.995041, -0.058106, 0.080725, 0.022140, 0.082141, 0.022391, -0.996369, 0.122716, 0.056088, 0.998059, 0.027052, -0.018952, 0.000000, 0.000000, 0.000000, 1.000000
-29.4921, -3.3422, 20.9143, 131.8907, 153.8861, 3.3419, 179.1299, 22.1411, 122.7062, -18.9312, 0.986141, -0.165871, -0.003659, -0.003342, 0.148774, 0.893824, -0.423020, 0.020914, 0.073438, 0.416613, 0.906113, 0.131891, 0.000000, 0.000000, 0.000000, 1.000000, 0.073403, 0.416415, 0.906207, 0.153886, -0.986141, 0.165870, 0.003658, 0.003342, -0.148790, -0.893916, 0.422819, 0.179130, 0.000000, 0.000000, 0.000000, 1.000000, 0.995041, -0.058112, 0.080723, 0.022141, 0.082139, 0.022391, -0.996369, 0.122706, 0.056093, 0.998059, 0.027053, -0.018931, 0.000000, 0.000000, 0.000000, 1.000000
-29.4839, -3.3429, 20.8965, 131.9103, 153.9057, 3.3427, 179.1478, 22.1416, 122.7015, -18.9207, 0.986142, -0.165862, -0.003676, -0.003343, 0.148769, 0.893886, -0.422890, 0.020896, 0.073428, 0.416483, 0.906173, 0.131910, 0.000000, 0.000000, 0.000000, 1.000000, 0.073393, 0.416286, 0.906267, 0.153906, -0.986142, 0.165861, 0.003675, 0.003343, -0.148785, -0.893978, 0.422690, 0.179148, 0.000000, 0.000000, 0.000000, 1.000000, 0.995041, -0.058115, 0.080722, 0.022142, 0.082138, 0.022391, -0.996369, 0.122702, 0.056096, 0.998059, 0.027053, -0.018921, 0.000000, 0.000000, 0.000000, 1.000000
-29.4757, -3.3436, 20.8788, 131.9298, 153.9252, 3.3434, 179.1656, 22.1422, 122.6969, -18.9103, 0.986144, -0.165853, -0.003693, -0.003344, 0.148764, 0.893947, -0.422762, 0.020879, 0.073418, 0.416355, 0.906233, 0.131930, 0.000000, 0.000000, 0.000000, 1.000000, 0.073383, 0.416157, 0.906327, 0.153925, -0.986144, 0.165852, 0.003692, 0.003343, -0.148780, -0.894039, 0.422562, 0.179166, 0.000000, 0.000000, 0.000000, 1.000000, 0.995041, -0.058118, 0.080721, 0.022142, 0.082137, 0.022391, -0.996370, 0.122697, 0.056099, 0.998059, 0.027053, -0.018910, 0.000000, 0.000000, 0.000000, 1.000000
-29.4596, -3.3451, 20.8438, 131.9681, 153.9635, 3.3448, 179.2005, 22.1432, 122.6878, -18.8898, 0.986146, -0.165835, -0.003727, -0.003345, 0.148754, 0.894069, -0.422509, 0.020844, 0.073399, 0.416101, 0.906351, 0.131968, 0.000000, 0.000000, 0.000000, 1.000000, 0.073364, 0.415904, 0.906444, 0.153964, -0.986147, 0.165835, 0.003725, 0.003345, -0.148771, -0.894160, 0.422309, 0.179201, 0.000000, 0.000000, 0.000000, 1.000000, 0.995041, -0.058123, 0.080719, 0.022143, 0.082135, 0.022391, -0.996370, 0.122688, 0.056105, 0.998058, 0.027054, -0.018890, 0.000000, 0.000000, 0.000000, 1.000000
-29.4438, -3.3465, 20.8095, 132.0058, 154.0012, 3.3462, 179.2349, 22.1442, 122.6789, -18.8697, 0.986149, -0.165818, -0.003760, -0.003347, 0.148745, 0.894188, -0.422260, 0.020810, 0.073380, 0.415852, 0.906467, 0.132006, 0.000000, 0.000000, 0.000000, 1.000000, 0.073345, 0.415656, 0.906560, 0.154001, -0.986149, 0.165817, 0.003758, 0.003346, -0.148761, -0.894279, 0.422061, 0.179235, 0.000000, 0.000000, 0.000000, 1.000000, 0.995041, -0.058129, 0.080717, 0.022144, 0.082133, 0.022391, -0.996370, 0.122679, 0.056110, 0.998058, 0.027054, -0.018870, 0.000000, 0.000000, 0.000000, 1.000000
-29.4360, -3.3472, 20.7926, 132.0244, 154.0199, 3.3469, 179.2519, 22.1448, 122.6745, -18.8598, 0.986151, -0.165809, -0.003776, -0.003347, 0.148741, 0.894246, -0.422137, 0.020793, 0.073371, 0.415729, 0.906524, 0.132024, 0.000000, 0.000000, 0.000000, 1.000000, 0.073336, 0.415533, 0.906617, 0.154020, -0.986151, 0.165809, 0.003774, 0.003347, -0.148757, -0.894338, 0.421938, 0.179252, 0.000000, 0.000000, 0.000000, 1.000000, 0.995041, -0.058131, 0.080716, 0.022145, 0.082132, 0.022391, -0.996370, 0.122674, 0.056113, 0.998058, 0.027054, -0.018860, 0.000000, 0.000000, 0.000000, 1.000000
-29.4206, -3.3486, 20.7593, 132.0610, 154.0565, 3.3483, 179.2852, 22.1458, 122.6658, -18.8402, 0.986153, -0.165792, -0.003807, -0.003349, 0.148732, 0.894362, -0.421895, 0.020759, 0.073352, 0.415487, 0.906637, 0.132061, 0.000000, 0.000000, 0.000000, 1.000000, 0.073318, 0.415292, 0.906729, 0.154056, -0.986153, 0.165792, 0.003806, 0.003348, -0.148748, -0.894453, 0.421697, 0.179285, 0.000000, 0.000000, 0.000000, 1.000000, 0.995040, -0.058137, 0.080714, 0.022146, 0.082130, 0.022391, -0.996370, 0.122666, 0.056118, 0.998058, 0.027055, -0.018840, 0.000000, 0.000000, 0.000000, 1.000000
-29.4130, -3.3493, 20.7429, 132.0791, 154.0746, 3.3490, 179.3017, 22.1463, 122.6615, -18.8306, 0.986155, -0.165784, -0.003823, -0.003349, 0.148727, 0.894419, -0.421775, 0.020743, 0.073343, 0.415367, 0.906692, 0.132079, 0.000000, 0.000000, 0.000000, 1.000000, 0.073309, 0.415172, 0.906784, 0.154075, -0.986155, 0.165783, 0.003821, 0.003349, -0.148743, -0.894510, 0.421577, 0.179302, 0.000000, 0.000000, 0.000000, 1.000000, 0.995040, -0.058139, 0.080713, 0.022146, 0.082129, 0.022391, -0.996370, 0.122662, 0.056121, 0.998057, 0.027055, -0.018831, 0.000000, 0.000000, 0.000000, 1.000000
-29.4054, -3.3499, 20.7265, 132.0971, 154.0926, 3.3497, 179.3181, 22.1468, 122.6572, -18.8209, 0.986156, -0.165776, -0.003839, -0.003350, 0.148723, 0.894476, -0.421656, 0.020726, 0.073334, 0.415248, 0.906748, 0.132097, 0.000000, 0.000000, 0.000000, 1.000000, 0.073300, 0.415053, 0.906840, 0.154093, -0.986156, 0.165775, 0.003837, 0.003350, -0.148739, -0.894567, 0.421458, 0.179318, 0.000000, 0.000000, 0.000000, 1.000000, 0.995040, -0.058142, 0.080712, 0.022147, 0.082128, 0.022391, -0.996370, 0.122657, 0.056123, 0.998057, 0.027055, -0.018821, 0.000000, 0.000000, 0.000000, 1.000000
-29.3829, -3.3519, 20.6778, 132.1507, 154.1462, 3.3517, 179.3669, 22.1482, 122.6445, -18.7923, 0.986160, -0.165751, -0.003885, -0.003352, 0.148709, 0.894645, -0.421302, 0.020678, 0.073307, 0.414894, 0.906912, 0.132151, 0.000000, 0.000000, 0.000000, 1.000000, 0.073273, 0.414700, 0.907004, 0.154146, -0.986160, 0.165750, 0.003883, 0.003352, -0.148725, -0.894735, 0.421105, 0.179367, 0.000000, 0.000000, 0.000000, 1.000000, 0.995040, -0.058149, 0.080708, 0.022148, 0.082125, 0.022391, -0.996370, 0.122645, 0.056131, 0.998057, 0.027055, -0.018792, 0.000000, 0.000000, 0.000000, 1.000000
-29.3681, -3.3532, 20.6458, 132.1859, 154.1814, 3.3530, 179.3990, 22.1492, 122.6362, -18.7735, 0.986163, -0.165734, -0.003915, -0.003353, 0.148701, 0.894756, -0.421070, 0.020646, 0.073289, 0.414661, 0.907020, 0.132186, 0.000000, 0.000000, 0.000000, 1.000000, 0.073255, 0.414467, 0.907111, 0.154181, -0.986163, 0.165733, 0.003914, 0.003353, -0.148717, -0.894846, 0.420873, 0.179399, 0.000000, 0.000000, 0.000000, 1.000000, 0.995040, -0.058155, 0.080706, 0.022149, 0.082123, 0.022391, -0.996371, 0.122636, 0.056136, 0.998056, 0.027056, -0.018774, 0.000000, 0.000000, 0.000000, 1.000000
-29.3608, -3.3539, 20.6300, 132.2032, 154.1988, 3.3536, 179.4148, 22.1497, 122.6320, -18.7643, 0.986164, -0.165726, -0.003930, -0.003354, 0.148696, 0.894811, -0.420955, 0.020630, 0.073280, 0.414546, 0.907073, 0.132203, 0.000000, 0.000000, 0.000000, 1.000000, 0.073246, 0.414353, 0.907164, 0.154199, -0.986164, 0.165725, 0.003928, 0.003354, -0.148712, -0.894901, 0.420758, 0.179415, 0.000000, 0.000000, 0.000000, 1.000000, 0.995040, -0.058157, 0.080705, 0.022150, 0.082122, 0.022391, -0.996371, 0.122632, 0.056139, 0.998056, 0.027056, -0.018764, 0.000000, 0.000000, 0.000000, 1.000000
-29.3464, -3.3552, 20.5988, 132.2376, 154.2332, 3.3549, 179.4461, 22.1507, 122.6238, -18.7459, 0.986167, -0.165710, -0.003960, -0.003355, 0.148688, 0.894919, -0.420727, 0.020599, 0.073262, 0.414318, 0.907179, 0.132238, 0.000000, 0.000000, 0.000000, 1.000000, 0.073228, 0.414125, 0.907269, 0.154233, -0.986167, 0.165709, 0.003958, 0.003355, -0.148704, -0.895009, 0.420531, 0.179446, 0.000000, 0.000000, 0.000000, 1.000000, 0.995040, -0.058162, 0.080704, 0.022151, 0.082120, 0.022391, -0.996371, 0.122624, 0.056144, 0.998056, 0.027056, -0.018746, 0.000000, 0.000000, 0.000000, 1.000000
-29.3392, -3.3558, 20.5832, 132.2547, 154.2503, 3.3555, 179.4617, 22.1511, 122.6198, -18.7368, 0.986168, -0.165702, -0.003975, -0.003356, 0.148684, 0.894973, -0.420614, 0.020583, 0.073254, 0.414205, 0.907231, 0.132255, 0.000000, 0.000000, 0.000000, 1.000000, 0.073220, 0.414012, 0.907322, 0.154250, -0.986168, 0.165701, 0.003973, 0.003356, -0.148700, -0.895063, 0.420418, 0.179462, 0.000000, 0.000000, 0.000000, 1.000000, 0.995040, -0.058165, 0.080703, 0.022151, 0.082119, 0.022391, -0.996371, 0.122620, 0.056146, 0.998056, 0.027056, -0.018737, 0.000000, 0.000000, 0.000000, 1.000000
-29.3249, -3.3571, 20.5523, 132.2887, 154.2843, 3.3568, 179.4927, 22.1521, 122.6116, -18.7186, 0.986170, -0.165686, -0.004004, -0.003357, 0.148675, 0.895080, -0.420389, 0.020552, 0.073236, 0.413980, 0.907335, 0.132289, 0.000000, 0.000000, 0.000000, 1.000000, 0.073202, 0.413787, 0.907426, 0.154284, -0.986171, 0.165685, 0.004002, 0.003357, -0.148691, -0.895169, 0.420194, 0.179493, 0.000000, 0.000000, 0.000000, 1.000000, 0.995040, -0.058169, 0.080701, 0.022152, 0.082118, 0.022391, -0.996371, 0.122612, 0.056151, 0.998056, 0.027057, -0.018719, 0.000000, 0.000000, 0.000000, 1.000000
