# Joint_B_Angle(deg), Cam_X(mm), Cam_Y(mm), Cam_Z(mm), Torso_X(mm), Torso_Y(mm), Torso_Z(mm), EE_X(mm), EE_Y(mm), EE_Z(mm), T_cam2marker_flat(16), T_torso2marker_flat(16), T_ee2marker_flat(16)
-10.0001, 19.2801, -1.1055, 128.0730, 197.0785, -10.2802, 258.1623, 89.3593, 6.9090, -16.6362, 0.583743, -0.805732, -0.100198, 0.019280, 0.811507, 0.582996, 0.039649, -0.001105, 0.026469, -0.104456, 0.994177, 0.128073, 0.000000, 0.000000, 0.000000, 1.000000, 0.026391, -0.104511, 0.994174, 0.197078, -0.583743, 0.805732, 0.100197, -0.010280, -0.811509, -0.582986, -0.039743, 0.258162, 0.000000, 0.000000, 0.000000, 1.000000, 0.045832, 0.058972, -0.997207, 0.089359, -0.996541, -0.066571, -0.049738, 0.006909, -0.069318, 0.996037, 0.055717, -0.016636, 0.000000, 0.000000, 0.000000, 1.000000
-10.0000, 19.2805, -1.1032, 128.0742, 197.0797, -10.2806, 258.1599, 89.3593, 6.9091, -16.6362, 0.583740, -0.805734, -0.100196, 0.019280, 0.811509, 0.582993, 0.039656, -0.001103, 0.026461, -0.104458, 0.994177, 0.128074, 0.000000, 0.000000, 0.000000, 1.000000, 0.026384, -0.104513, 0.994173, 0.197080, -0.583740, 0.805734, 0.100195, -0.010281, -0.811512, -0.582983, -0.039750, 0.258160, 0.000000, 0.000000, 0.000000, 1.000000, 0.045832, 0.058972, -0.997207, 0.089359, -0.996541, -0.066571, -0.049738, 0.006909, -0.069318, 0.996037, 0.055717, -0.016636, 0.000000, 0.000000, 0.000000, 1.000000
-10.0000, 19.2805, -1.1032, 128.0742, 197.0797, -10.2806, 258.1599, 89.3593, 6.9091, -16.6362, 0.583740, -0.805734, -0.100196, 0.019280, 0.811509, 0.582993, 0.039656, -0.001103, 0.026461, -0.104458, 0.994177, 0.128074, 0.000000, 0.000000, 0.000000, 1.000000, 0.026384, -0.104513, 0.994173, 0.197080, -0.583740, 0.805734, 0.100195, -0.010281, -0.811512, -0.582983, -0.039750, 0.258160, 0.000000, 0.000000, 0.000000, 1.000000, 0.045832, 0.058972, -0.997207, 0.089359, -0.996541, -0.066571, -0.049738, 0.006909, -0.069318, 0.996037, 0.055717, -0.016636, 0.000000, 0.000000, 0.000000, 1.000000
-10.0000, 19.2807, -1.1017, 128.0749, 197.0804, -10.2809, 258.1584, 89.3593, 6.9091, -16.6362, 0.583738, -0.805736, -0.100194, 0.019281, 0.811511, 0.582990, 0.039659, -0.001102, 0.026457, -0.104459, 0.994177, 0.128075, 0.000000, 0.000000, 0.000000, 1.000000, 0.026379, -0.104514, 0.994174, 0.197080, -0.583739, 0.805736, 0.100193, -0.010281, -0.811513, -0.582980, -0.039754, 0.258158, 0.000000, 0.000000, 0.000000, 1.000000, 0.045832, 0.058972, -0.997207, 0.089359, -0.996541, -0.066571, -0.049738, 0.006909, -0.069318, 0.996037, 0.055717, -0.016636, 0.000000, 0.000000, 0.000000, 1.000000
-10.0000, 19.2808, -1.1008, 128.0751, 197.0806, -10.2809, 258.1574, 89.3593, 6.9091, -16.6362, 0.583736, -0.805738, -0.100191, 0.019281, 0.811512, 0.582988, 0.039659, -0.001101, 0.026455, -0.104457, 0.994177, 0.128075, 0.000000, 0.000000, 0.000000, 1.000000, 0.026377, -0.104512, 0.994174, 0.197081, -0.583736, 0.805738, 0.100190, -0.010281, -0.811515, -0.582978, -0.039755, 0.258157, 0.000000, 0.000000, 0.000000, 1.000000, 0.045832, 0.058972, -0.997207, 0.089359, -0.996541, -0.066571, -0.049739, 0.006909, -0.069319, 0.996037, 0.055717, -0.016636, 0.000000, 0.000000, 0.000000, 1.000000
-10.0000, 19.2808, -1.1008, 128.0751, 197.0806, -10.2809, 258.1574, 89.3593, 6.9091, -16.6362, 0.583736, -0.805738, -0.100191, 0.019281, 0.811512, 0.582988, 0.039659, -0.001101, 0.026455, -0.104457, 0.994177, 0.128075, 0.000000, 0.000000, 0.000000, 1.000000, 0.026377, -0.104512, 0.994174, 0.197081, -0.583736, 0.805738, 0.100190, -0.010281, -0.811515, -0.582978, -0.039755, 0.258157, 0.000000, 0.000000, 0.000000, 1.000000, 0.045832, 0.058972, -0.997207, 0.089359, -0.996541, -0.066571, -0.049739, 0.006909, -0.069319, 0.996037, 0.055717, -0.016636, 0.000000, 0.000000, 0.000000, 1.000000
-9.9999, 19.2806, -1.1014, 128.0744, 197.0799, -10.2807, 258.1579, 89.3593, 6.9091, -16.6362, 0.583736, -0.805739, -0.100190, 0.019281, 0.811513, 0.582988, 0.039654, -0.001101, 0.026459, -0.104453, 0.994178, 0.128074, 0.000000, 0.000000, 0.000000, 1.000000, 0.026380, -0.104508, 0.994174, 0.197080, -0.583736, 0.805739, 0.100189, -0.010281, -0.811515, -0.582978, -0.039750, 0.258158, 0.000000, 0.000000, 0.000000, 1.000000, 0.045832, 0.058972, -0.997207, 0.089359, -0.996541, -0.066571, -0.049739, 0.006909, -0.069319, 0.996037, 0.055717, -0.016636, 0.000000, 0.000000, 0.000000, 1.000000
-9.9998, 19.2803, -1.1025, 128.0737, 197.0793, -10.2804, 258.1590, 89.3593, 6.9091, -16.6362, 0.583735, -0.805739, -0.100189, 0.019280, 0.811513, 0.582988, 0.039648, -0.001102, 0.026463, -0.104449, 0.994178, 0.128074, 0.000000, 0.000000, 0.000000, 1.000000, 0.026384, -0.104504, 0.994174, 0.197079, -0.583736, 0.805739, 0.100189, -0.010280, -0.811515, -0.582978, -0.039744, 0.258159, 0.000000, 0.000000, 0.000000, 1.000000, 0.045832, 0.058972, -0.997207, 0.089359, -0.996541, -0.066572, -0.049739, 0.006909, -0.069319, 0.996037, 0.055717, -0.016636, 0.000000, 0.000000, 0.000000, 1.000000
-9.9998, 19.2803, -1.1025, 128.0737, 197.0793, -10.2804, 258.1590, 89.3593, 6.9091, -16.6362, 0.583735, -0.805739, -0.100189, 0.019280, 0.811513, 0.582988, 0.039648, -0.001102, 0.026463, -0.104449, 0.994178, 0.128074, 0.000000, 0.000000, 0.000000, 1.000000, 0.026384, -0.104504, 0.994174, 0.197079, -0.583736, 0.805739, 0.100189, -0.010280, -0.811515, -0.582978, -0.039744, 0.258159, 0.000000, 0.000000, 0.000000, 1.000000, 0.045832, 0.058972, -0.997207, 0.089359, -0.996541, -0.066572, -0.049739, 0.006909, -0.069319, 0.996037, 0.055717, -0.016636, 0.000000, 0.000000, 0.000000, 1.000000
-9.9996, 19.2797, -1.1052, 128.0732, 197.0788, -10.2798, 258.1617, 89.3593, 6.9091, -16.6362, 0.583736, -0.805738, -0.100191, 0.019280, 0.811512, 0.582990, 0.039637, -0.001105, 0.026474, -0.104444, 0.994178, 0.128073, 0.000000, 0.000000, 0.000000, 1.000000, 0.026395, -0.104499, 0.994175, 0.197079, -0.583736, 0.805738, 0.100190, -0.010280, -0.811514, -0.582980, -0.039733, 0.258162, 0.000000, 0.000000, 0.000000, 1.000000, 0.045833, 0.058972, -0.997207, 0.089359, -0.996541, -0.066572, -0.049739, 0.006909, -0.069319, 0.996037, 0.055717, -0.016636, 0.000000, 0.000000, 0.000000, 1.000000
-9.9992, 19.2789, -1.1089, 128.0738, 197.0795, -10.2791, 258.1654, 89.3592, 6.9091, -16.6362, 0.583738, -0.805736, -0.100196, 0.019279, 0.811510, 0.582993, 0.039625, -0.001109, 0.026487, -0.104441, 0.994178, 0.128074, 0.000000, 0.000000, 0.000000, 1.000000, 0.026408, -0.104497, 0.994175, 0.197079, -0.583738, 0.805736, 0.100196, -0.010279, -0.811513, -0.582983, -0.039721, 0.258165, 0.000000, 0.000000, 0.000000, 1.000000, 0.045833, 0.058972, -0.997207, 0.089359, -0.996541, -0.066572, -0.049739, 0.006909, -0.069319, 0.996037, 0.055717, -0.016636, 0.000000, 0.000000, 0.000000, 1.000000
-9.9990, 19.2791, -1.1083, 128.0758, 197.0815, -10.2792, 258.1647, 89.3593, 6.9091, -16.6362, 0.583737, -0.805737, -0.100198, 0.019279, 0.811511, 0.582992, 0.039629, -0.001108, 0.026485, -0.104445, 0.994178, 0.128076, 0.000000, 0.000000, 0.000000, 1.000000, 0.026405, -0.104501, 0.994174, 0.197081, -0.583737, 0.805737, 0.100198, -0.010279, -0.811513, -0.582982, -0.039725, 0.258165, 0.000000, 0.000000, 0.000000, 1.000000, 0.045833, 0.058972, -0.997207, 0.089359, -0.996541, -0.066572, -0.049739, 0.006909, -0.069319, 0.996037, 0.055717, -0.016636, 0.000000, 0.000000, 0.000000, 1.000000
-9.9984, 19.2794, -1.1077, 128.0804, 197.0861, -10.2796, 258.1640, 89.3593, 6.9090, -16.6363, 0.583735, -0.805737, -0.100204, 0.019279, 0.811512, 0.582990, 0.039636, -0.001108, 0.026482, -0.104454, 0.994177, 0.128080, 0.000000, 0.000000, 0.000000, 1.000000, 0.026402, -0.104511, 0.994173, 0.197086, -0.583736, 0.805737, 0.100204, -0.010280, -0.811515, -0.582980, -0.039733, 0.258164, 0.000000, 0.000000, 0.000000, 1.000000, 0.045833, 0.058972, -0.997207, 0.089359, -0.996541, -0.066571, -0.049739, 0.006909, -0.069319, 0.996037, 0.055717, -0.016636, 0.000000, 0.000000, 0.000000, 1.000000
-9.9977, 19.2797, -1.1078, 128.0862, 197.0919, -10.2798, 258.1640, 89.3594, 6.9088, -16.6363, 0.583735, -0.805736, -0.100214, 0.019280, 0.811513, 0.582989, 0.039643, -0.001108, 0.026481, -0.104466, 0.994176, 0.128086, 0.000000, 0.000000, 0.000000, 1.000000, 0.026401, -0.104522, 0.994172, 0.197092, -0.583735, 0.805736, 0.100213, -0.010280, -0.811515, -0.582978, -0.039741, 0.258164, 0.000000, 0.000000, 0.000000, 1.000000, 0.045833, 0.058972, -0.997207, 0.089359, -0.996541, -0.066571, -0.049739, 0.006909, -0.069318, 0.996037, 0.055717, -0.016636, 0.000000, 0.000000, 0.000000, 1.000000
-9.9972, 19.2798, -1.1081, 128.0895, 197.0952, -10.2799, 258.1643, 89.3594, 6.9087, -16.6363, 0.583734, -0.805736, -0.100219, 0.019280, 0.811513, 0.582988, 0.039647, -0.001108, 0.026482, -0.104472, 0.994175, 0.128090, 0.000000, 0.000000, 0.000000, 1.000000, 0.026401, -0.104529, 0.994171, 0.197095, -0.583734, 0.805736, 0.100219, -0.010280, -0.811515, -0.582978, -0.039745, 0.258164, 0.000000, 0.000000, 0.000000, 1.000000, 0.045833, 0.058972, -0.997207, 0.089359, -0.996541, -0.066571, -0.049739, 0.006909, -0.069318, 0.996037, 0.055717, -0.016636, 0.000000, 0.000000, 0.000000, 1.000000
-9.9961, 19.2799, -1.1093, 128.0973, 197.1030, -10.2800, 258.1654, 89.3595, 6.9085, -16.6364, 0.583734, -0.805734, -0.100233, 0.019280, 0.811513, 0.582988, 0.039654, -0.001109, 0.026484, -0.104488, 0.994173, 0.128097, 0.000000, 0.000000, 0.000000, 1.000000, 0.026403, -0.104545, 0.994170, 0.197103, -0.583734, 0.805734, 0.100233, -0.010280, -0.811515, -0.582978, -0.039753, 0.258165, 0.000000, 0.000000, 0.000000, 1.000000, 0.045833, 0.058972, -0.997207, 0.089359, -0.996541, -0.066570, -0.049739, 0.006909, -0.069318, 0.996038, 0.055716, -0.016636, 0.000000, 0.000000, 0.000000, 1.000000
-9.9955, 19.2800, -1.1101, 128.1018, 197.1076, -10.2801, 258.1662, 89.3595, 6.9084, -16.6364, 0.583735, -0.805733, -0.100242, 0.019280, 0.811512, 0.582988, 0.039658, -0.001110, 0.026486, -0.104497, 0.994172, 0.128102, 0.000000, 0.000000, 0.000000, 1.000000, 0.026405, -0.104555, 0.994169, 0.197108, -0.583735, 0.805733, 0.100241, -0.010280, -0.811515, -0.582977, -0.039757, 0.258166, 0.000000, 0.000000, 0.000000, 1.000000, 0.045833, 0.058972, -0.997207, 0.089360, -0.996541, -0.066570, -0.049739, 0.006908, -0.069317, 0.996038, 0.055717, -0.016636, 0.000000, 0.000000, 0.000000, 1.000000
-9.9940, 19.2801, -1.1122, 128.1121, 197.1179, -10.2802, 258.1682, 89.3596, 6.9081, -16.6365, 0.583735, -0.805730, -0.100261, 0.019280, 0.811512, 0.582988, 0.039667, -0.001112, 0.026490, -0.104518, 0.994170, 0.128112, 0.000000, 0.000000, 0.000000, 1.000000, 0.026409, -0.104576, 0.994166, 0.197118, -0.583735, 0.805730, 0.100261, -0.010280, -0.811514, -0.582978, -0.039766, 0.258168, 0.000000, 0.000000, 0.000000, 1.000000, 0.045833, 0.058972, -0.997207, 0.089360, -0.996541, -0.066570, -0.049739, 0.006908, -0.069317, 0.996038, 0.055717, -0.016637, 0.000000, 0.000000, 0.000000, 1.000000
-9.9940, 19.2801, -1.1122, 128.1121, 197.1179, -10.2802, 258.1682, 89.3596, 6.9081, -16.6365, 0.583735, -0.805730, -0.100261, 0.019280, 0.811512, 0.582988, 0.039667, -0.001112, 0.026490, -0.104518, 0.994170, 0.128112, 0.000000, 0.000000, 0.000000, 1.000000, 0.026409, -0.104576, 0.994166, 0.197118, -0.583735, 0.805730, 0.100261, -0.010280, -0.811514, -0.582978, -0.039766, 0.258168, 0.000000, 0.000000, 0.000000, 1.000000, 0.045833, 0.058972, -0.997207, 0.089360, -0.996541, -0.066570, -0.049739, 0.006908, -0.069317, 0.996038, 0.055717, -0.016637, 0.000000, 0.000000, 0.000000, 1.000000
-9.9923, 19.2802, -1.1149, 128.1242, 197.1300, -10.2803, 258.1708, 89.3597, 6.9078, -16.6366, 0.583737, -0.805726, -0.100285, 0.019280, 0.811511, 0.582989, 0.039677, -0.001115, 0.026496, -0.104543, 0.994167, 0.128124, 0.000000, 0.000000, 0.000000, 1.000000, 0.026415, -0.104601, 0.994163, 0.197130, -0.583737, 0.805726, 0.100284, -0.010280, -0.811513, -0.582979, -0.039776, 0.258171, 0.000000, 0.000000, 0.000000, 1.000000, 0.045833, 0.058972, -0.997207, 0.089360, -0.996541, -0.066569, -0.049739, 0.006908, -0.069316, 0.996038, 0.055717, -0.016637, 0.000000, 0.000000, 0.000000, 1.000000
-9.9892, 19.2803, -1.1198, 128.1460, 197.1518, -10.2804, 258.1757, 89.3599, 6.9072, -16.6368, 0.583739, -0.805719, -0.100328, 0.019280, 0.811508, 0.582991, 0.039695, -0.001120, 0.026508, -0.104588, 0.994162, 0.128146, 0.000000, 0.000000, 0.000000, 1.000000, 0.026426, -0.104646, 0.994158, 0.197152, -0.583739, 0.805719, 0.100327, -0.010280, -0.811511, -0.582980, -0.039794, 0.258176, 0.000000, 0.000000, 0.000000, 1.000000, 0.045834, 0.058972, -0.997207, 0.089360, -0.996541, -0.066568, -0.049740, 0.006907, -0.069315, 0.996038, 0.055717, -0.016637, 0.000000, 0.000000, 0.000000, 1.000000
-9.9881, 19.2803, -1.1217, 128.1543, 197.1601, -10.2805, 258.1776, 89.3600, 6.9070, -16.6368, 0.583740, -0.805716, -0.100345, 0.019280, 0.811508, 0.582992, 0.039701, -0.001122, 0.026512, -0.104606, 0.994160, 0.128154, 0.000000, 0.000000, 0.000000, 1.000000, 0.026430, -0.104664, 0.994156, 0.197160, -0.583740, 0.805716, 0.100344, -0.010280, -0.811510, -0.582981, -0.039802, 0.258178, 0.000000, 0.000000, 0.000000, 1.000000, 0.045834, 0.058972, -0.997207, 0.089360, -0.996541, -0.066567, -0.049740, 0.006907, -0.069314, 0.996038, 0.055717, -0.016637, 0.000000, 0.000000, 0.000000, 1.000000
-9.9855, 19.2804, -1.1258, 128.1724, 197.1782, -10.2806, 258.1816, 89.3601, 6.9065, -16.6369, 0.583742, -0.805710, -0.100380, 0.019280, 0.811506, 0.582993, 0.039717, -0.001126, 0.026521, -0.104644, 0.994156, 0.128172, 0.000000, 0.000000, 0.000000, 1.000000, 0.026439, -0.104702, 0.994152, 0.197178, -0.583742, 0.805710, 0.100380, -0.010281, -0.811508, -0.582983, -0.039817, 0.258182, 0.000000, 0.000000, 0.000000, 1.000000, 0.045834, 0.058972, -0.997207, 0.089360, -0.996541, -0.066566, -0.049740, 0.006906, -0.069313, 0.996038, 0.055717, -0.016637, 0.000000, 0.000000, 0.000000, 1.000000
-9.9841, 19.2805, -1.1280, 128.1822, 197.1880, -10.2806, 258.1837, 89.3602, 6.9062, -16.6370, 0.583744, -0.805707, -0.100400, 0.019281, 0.811505, 0.582994, 0.039725, -0.001128, 0.026526, -0.104664, 0.994154, 0.128182, 0.000000, 0.000000, 0.000000, 1.000000, 0.026443, -0.104723, 0.994150, 0.197188, -0.583744, 0.805707, 0.100399, -0.010281, -0.811507, -0.582984, -0.039826, 0.258184, 0.000000, 0.000000, 0.000000, 1.000000, 0.045834, 0.058972, -0.997207, 0.089360, -0.996542, -0.066565, -0.049740, 0.006906, -0.069313, 0.996038, 0.055717, -0.016637, 0.000000, 0.000000, 0.000000, 1.000000
-9.9812, 19.2807, -1.1326, 128.2033, 197.2092, -10.2808, 258.1883, 89.3604, 6.9056, -16.6372, 0.583746, -0.805699, -0.100442, 0.019281, 0.811502, 0.582996, 0.039744, -0.001133, 0.026535, -0.104709, 0.994149, 0.128203, 0.000000, 0.000000, 0.000000, 1.000000, 0.026453, -0.104767, 0.994145, 0.197209, -0.583746, 0.805700, 0.100441, -0.010281, -0.811505, -0.582986, -0.039845, 0.258188, 0.000000, 0.000000, 0.000000, 1.000000, 0.045834, 0.058972, -0.997207, 0.089360, -0.996542, -0.066564, -0.049740, 0.006906, -0.069311, 0.996038, 0.055717, -0.016637, 0.000000, 0.000000, 0.000000, 1.000000
-9.9796, 19.2808, -1.1350, 128.2146, 197.2205, -10.2809, 258.1907, 89.3605, 6.9053, -16.6373, 0.583748, -0.805696, -0.100464, 0.019281, 0.811501, 0.582997, 0.039754, -0.001135, 0.026540, -0.104733, 0.994146, 0.128215, 0.000000, 0.000000, 0.000000, 1.000000, 0.026458, -0.104791, 0.994142, 0.197220, -0.583748, 0.805696, 0.100463, -0.010281, -0.811504, -0.582987, -0.039855, 0.258191, 0.000000, 0.000000, 0.000000, 1.000000, 0.045834, 0.058972, -0.997207, 0.089361, -0.996542, -0.066563, -0.049740, 0.006905, -0.069311, 0.996038, 0.055717, -0.016637, 0.000000, 0.000000, 0.000000, 1.000000
-9.9763, 19.2810, -1.1399, 128.2386, 197.2445, -10.2811, 258.1956, 89.3607, 6.9046, -16.6374, 0.583751, -0.805687, -0.100511, 0.019281, 0.811498, 0.582999, 0.039776, -0.001140, 0.026551, -0.104784, 0.994141, 0.128239, 0.000000, 0.000000, 0.000000, 1.000000, 0.026468, -0.104843, 0.994137, 0.197245, -0.583751, 0.805688, 0.100510, -0.010281, -0.811501, -0.582989, -0.039877, 0.258196, 0.000000, 0.000000, 0.000000, 1.000000, 0.045834, 0.058972, -0.997207, 0.089361, -0.996542, -0.066562, -0.049740, 0.006905, -0.069309, 0.996038, 0.055717, -0.016637, 0.000000, 0.000000, 0.000000, 1.000000
-9.9727, 19.2812, -1.1451, 128.2645, 197.2705, -10.2814, 258.2007, 89.3610, 6.9039, -16.6376, 0.583754, -0.805679, -0.100562, 0.019281, 0.811496, 0.583001, 0.039801, -0.001145, 0.026561, -0.104840, 0.994134, 0.128265, 0.000000, 0.000000, 0.000000, 1.000000, 0.026478, -0.104898, 0.994130, 0.197270, -0.583754, 0.805679, 0.100561, -0.010281, -0.811498, -0.582991, -0.039902, 0.258201, 0.000000, 0.000000, 0.000000, 1.000000, 0.045835, 0.058972, -0.997207, 0.089361, -0.996542, -0.066560, -0.049740, 0.006904, -0.069308, 0.996038, 0.055718, -0.016638, 0.000000, 0.000000, 0.000000, 1.000000
-9.9709, 19.2814, -1.1477, 128.2782, 197.2841, -10.2815, 258.2033, 89.3611, 6.9035, -16.6377, 0.583756, -0.805674, -0.100589, 0.019281, 0.811494, 0.583002, 0.039814, -0.001148, 0.026566, -0.104869, 0.994131, 0.128278, 0.000000, 0.000000, 0.000000, 1.000000, 0.026483, -0.104928, 0.994127, 0.197284, -0.583756, 0.805674, 0.100588, -0.010282, -0.811497, -0.582992, -0.039916, 0.258203, 0.000000, 0.000000, 0.000000, 1.000000, 0.045835, 0.058972, -0.997207, 0.089361, -0.996542, -0.066559, -0.049740, 0.006904, -0.069307, 0.996038, 0.055718, -0.016638, 0.000000, 0.000000, 0.000000, 1.000000
-9.9650, 19.2819, -1.1557, 128.3215, 197.3275, -10.2821, 258.2112, 89.3615, 6.9023, -16.6380, 0.583761, -0.805660, -0.100673, 0.019282, 0.811490, 0.583005, 0.039858, -0.001156, 0.026581, -0.104962, 0.994121, 0.128322, 0.000000, 0.000000, 0.000000, 1.000000, 0.026498, -0.105021, 0.994117, 0.197327, -0.583761, 0.805660, 0.100672, -0.010282, -0.811493, -0.582995, -0.039959, 0.258211, 0.000000, 0.000000, 0.000000, 1.000000, 0.045835, 0.058973, -0.997207, 0.089361, -0.996542, -0.066557, -0.049740, 0.006902, -0.069304, 0.996038, 0.055718, -0.016638, 0.000000, 0.000000, 0.000000, 1.000000
-9.9608, 19.2824, -1.1610, 128.3521, 197.3581, -10.2825, 258.2165, 89.3617, 6.9015, -16.6383, 0.583765, -0.805650, -0.100732, 0.019282, 0.811487, 0.583007, 0.039889, -0.001161, 0.026591, -0.105029, 0.994114, 0.128352, 0.000000, 0.000000, 0.000000, 1.000000, 0.026507, -0.105088, 0.994110, 0.197358, -0.583765, 0.805650, 0.100731, -0.010282, -0.811490, -0.582996, -0.039991, 0.258216, 0.000000, 0.000000, 0.000000, 1.000000, 0.045835, 0.058973, -0.997207, 0.089362, -0.996542, -0.066555, -0.049741, 0.006902, -0.069302, 0.996038, 0.055718, -0.016638, 0.000000, 0.000000, 0.000000, 1.000000
-9.9608, 19.2824, -1.1610, 128.3521, 197.3581, -10.2825, 258.2165, 89.3617, 6.9015, -16.6383, 0.583765, -0.805650, -0.100732, 0.019282, 0.811487, 0.583007, 0.039889, -0.001161, 0.026591, -0.105029, 0.994114, 0.128352, 0.000000, 0.000000, 0.000000, 1.000000, 0.026507, -0.105088, 0.994110, 0.197358, -0.583765, 0.805650, 0.100731, -0.010282, -0.811490, -0.582996, -0.039991, 0.258216, 0.000000, 0.000000, 0.000000, 1.000000, 0.045835, 0.058973, -0.997207, 0.089362, -0.996542, -0.066555, -0.049741, 0.006902, -0.069302, 0.996038, 0.055718, -0.016638, 0.000000, 0.000000, 0.000000, 1.000000
-9.9543, 19.2831, -1.1689, 128.4004, 197.4063, -10.2832, 258.2243, 89.3622, 6.9002, -16.6386, 0.583770, -0.805634, -0.100825, 0.019283, 0.811483, 0.583010, 0.039941, -0.001169, 0.026604, -0.105134, 0.994102, 0.128400, 0.000000, 0.000000, 0.000000, 1.000000, 0.026520, -0.105193, 0.994098, 0.197406, -0.583770, 0.805634, 0.100824, -0.010283, -0.811486, -0.582999, -0.040043, 0.258224, 0.000000, 0.000000, 0.000000, 1.000000, 0.045835, 0.058973, -0.997207, 0.089362, -0.996542, -0.066552, -0.049741, 0.006900, -0.069299, 0.996039, 0.055719, -0.016639, 0.000000, 0.000000, 0.000000, 1.000000
-9.9543, 19.2831, -1.1689, 128.4004, 197.4063, -10.2832, 258.2243, 89.3622, 6.9002, -16.6386, 0.583770, -0.805634, -0.100825, 0.019283, 0.811483, 0.583010, 0.039941, -0.001169, 0.026604, -0.105134, 0.994102, 0.128400, 0.000000, 0.000000, 0.000000, 1.000000, 0.026520, -0.105193, 0.994098, 0.197406, -0.583770, 0.805634, 0.100824, -0.010283, -0.811486, -0.582999, -0.040043, 0.258224, 0.000000, 0.000000, 0.000000, 1.000000, 0.045835, 0.058973, -0.997207, 0.089362, -0.996542, -0.066552, -0.049741, 0.006900, -0.069299, 0.996039, 0.055719, -0.016639, 0.000000, 0.000000, 0.000000, 1.000000
-9.9476, 19.2839, -1.1766, 128.4511, 197.4570, -10.2841, 258.2320, 89.3626, 6.8988, -16.6390, 0.583776, -0.805618, -0.100921, 0.019284, 0.811479, 0.583012, 0.039997, -0.001177, 0.026616, -0.105245, 0.994090, 0.128451, 0.000000, 0.000000, 0.000000, 1.000000, 0.026532, -0.105304, 0.994086, 0.197457, -0.583776, 0.805618, 0.100921, -0.010284, -0.811481, -0.583001, -0.040099, 0.258232, 0.000000, 0.000000, 0.000000, 1.000000, 0.045836, 0.058973, -0.997207, 0.089363, -0.996543, -0.066549, -0.049741, 0.006899, -0.069296, 0.996039, 0.055719, -0.016639, 0.000000, 0.000000, 0.000000, 1.000000
-9.9430, 19.2846, -1.1816, 128.4859, 197.4919, -10.2847, 258.2370, 89.3630, 6.8979, -16.6392, 0.583779, -0.805607, -0.100987, 0.019285, 0.811476, 0.583013, 0.040036, -0.001182, 0.026624, -0.105321, 0.994082, 0.128486, 0.000000, 0.000000, 0.000000, 1.000000, 0.026540, -0.105381, 0.994078, 0.197492, -0.583779, 0.805607, 0.100987, -0.010285, -0.811478, -0.583002, -0.040138, 0.258237, 0.000000, 0.000000, 0.000000, 1.000000, 0.045836, 0.058973, -0.997207, 0.089363, -0.996543, -0.066547, -0.049741, 0.006898, -0.069294, 0.996039, 0.055719, -0.016639, 0.000000, 0.000000, 0.000000, 1.000000
-9.9406, 19.2849, -1.1841, 128.5036, 197.5096, -10.2851, 258.2394, 89.3631, 6.8974, -16.6394, 0.583781, -0.805602, -0.101021, 0.019285, 0.811474, 0.583014, 0.040056, -0.001184, 0.026627, -0.105360, 0.994078, 0.128504, 0.000000, 0.000000, 0.000000, 1.000000, 0.026543, -0.105419, 0.994074, 0.197510, -0.583781, 0.805602, 0.101020, -0.010285, -0.811477, -0.583003, -0.040159, 0.258239, 0.000000, 0.000000, 0.000000, 1.000000, 0.045836, 0.058973, -0.997207, 0.089363, -0.996543, -0.066546, -0.049741, 0.006897, -0.069293, 0.996039, 0.055719, -0.016639, 0.000000, 0.000000, 0.000000, 1.000000
-9.9359, 19.2856, -1.1888, 128.5394, 197.5454, -10.2858, 258.2442, 89.3635, 6.8964, -16.6396, 0.583784, -0.805591, -0.101088, 0.019286, 0.811472, 0.583014, 0.040098, -0.001189, 0.026633, -0.105439, 0.994069, 0.128539, 0.000000, 0.000000, 0.000000, 1.000000, 0.026549, -0.105499, 0.994065, 0.197545, -0.583784, 0.805591, 0.101088, -0.010286, -0.811474, -0.583004, -0.040201, 0.258244, 0.000000, 0.000000, 0.000000, 1.000000, 0.045836, 0.058973, -0.997207, 0.089363, -0.996543, -0.066543, -0.049741, 0.006896, -0.069291, 0.996039, 0.055719, -0.016640, 0.000000, 0.000000, 0.000000, 1.000000
-9.9312, 19.2864, -1.1934, 128.5757, 197.5817, -10.2865, 258.2487, 89.3638, 6.8955, -16.6399, 0.583788, -0.805580, -0.101157, 0.019286, 0.811469, 0.583015, 0.040141, -0.001193, 0.026639, -0.105519, 0.994060, 0.128576, 0.000000, 0.000000, 0.000000, 1.000000, 0.026555, -0.105579, 0.994056, 0.197582, -0.583788, 0.805580, 0.101156, -0.010287, -0.811472, -0.583004, -0.040244, 0.258249, 0.000000, 0.000000, 0.000000, 1.000000, 0.045836, 0.058973, -0.997207, 0.089364, -0.996543, -0.066541, -0.049741, 0.006895, -0.069289, 0.996039, 0.055720, -0.016640, 0.000000, 0.000000, 0.000000, 1.000000
-9.9288, 19.2868, -1.1956, 128.5940, 197.6000, -10.2869, 258.2509, 89.3640, 6.8950, -16.6400, 0.583789, -0.805575, -0.101191, 0.019287, 0.811468, 0.583015, 0.040163, -0.001196, 0.026641, -0.105560, 0.994056, 0.128594, 0.000000, 0.000000, 0.000000, 1.000000, 0.026557, -0.105620, 0.994052, 0.197600, -0.583789, 0.805575, 0.101190, -0.010287, -0.811471, -0.583004, -0.040266, 0.258251, 0.000000, 0.000000, 0.000000, 1.000000, 0.045836, 0.058974, -0.997207, 0.089364, -0.996543, -0.066540, -0.049741, 0.006895, -0.069288, 0.996039, 0.055720, -0.016640, 0.000000, 0.000000, 0.000000, 1.000000
-9.9240, 19.2876, -1.1998, 128.6309, 197.6369, -10.2877, 258.2551, 89.3643, 6.8940, -16.6403, 0.583793, -0.805564, -0.101260, 0.019288, 0.811466, 0.583015, 0.040208, -0.001200, 0.026646, -0.105642, 0.994047, 0.128631, 0.000000, 0.000000, 0.000000, 1.000000, 0.026561, -0.105701, 0.994043, 0.197637, -0.583793, 0.805564, 0.101259, -0.010288, -0.811468, -0.583005, -0.040311, 0.258255, 0.000000, 0.000000, 0.000000, 1.000000, 0.045837, 0.058974, -0.997207, 0.089364, -0.996543, -0.066538, -0.049741, 0.006894, -0.069285, 0.996040, 0.055720, -0.016640, 0.000000, 0.000000, 0.000000, 1.000000
-9.9240, 19.2876, -1.1998, 128.6309, 197.6369, -10.2877, 258.2551, 89.3643, 6.8940, -16.6403, 0.583793, -0.805564, -0.101260, 0.019288, 0.811466, 0.583015, 0.040208, -0.001200, 0.026646, -0.105642, 0.994047, 0.128631, 0.000000, 0.000000, 0.000000, 1.000000, 0.026561, -0.105701, 0.994043, 0.197637, -0.583793, 0.805564, 0.101259, -0.010288, -0.811468, -0.583005, -0.040311, 0.258255, 0.000000, 0.000000, 0.000000, 1.000000, 0.045837, 0.058974, -0.997207, 0.089364, -0.996543, -0.066538, -0.049741, 0.006894, -0.069285, 0.996040, 0.055720, -0.016640, 0.000000, 0.000000, 0.000000, 1.000000
-9.9168, 19.2889, -1.2058, 128.6865, 197.6925, -10.2891, 258.2611, 89.3648, 6.8925, -16.6407, 0.583797, -0.805547, -0.101363, 0.019289, 0.811462, 0.583015, 0.040277, -0.001206, 0.026651, -0.105766, 0.994034, 0.128686, 0.000000, 0.000000, 0.000000, 1.000000, 0.026567, -0.105825, 0.994030, 0.197692, -0.583797, 0.805548, 0.101362, -0.010289, -0.811465, -0.583004, -0.040380, 0.258261, 0.000000, 0.000000, 0.000000, 1.000000, 0.045837, 0.058974, -0.997207, 0.089365, -0.996544, -0.066534, -0.049741, 0.006893, -0.069282, 0.996040, 0.055720, -0.016641, 0.000000, 0.000000, 0.000000, 1.000000
-9.9121, 19.2898, -1.2095, 128.7236, 197.7296, -10.2900, 258.2648, 89.3652, 6.8915, -16.6410, 0.583800, -0.805537, -0.101431, 0.019290, 0.811460, 0.583015, 0.040324, -0.001209, 0.026653, -0.105849, 0.994025, 0.128724, 0.000000, 0.000000, 0.000000, 1.000000, 0.026569, -0.105908, 0.994021, 0.197730, -0.583800, 0.805537, 0.101430, -0.010290, -0.811463, -0.583004, -0.040427, 0.258265, 0.000000, 0.000000, 0.000000, 1.000000, 0.045837, 0.058974, -0.997207, 0.089365, -0.996544, -0.066532, -0.049741, 0.006892, -0.069280, 0.996040, 0.055720, -0.016641, 0.000000, 0.000000, 0.000000, 1.000000
-9.9121, 19.2898, -1.2095, 128.7236, 197.7296, -10.2900, 258.2648, 89.3652, 6.8915, -16.6410, 0.583800, -0.805537, -0.101431, 0.019290, 0.811460, 0.583015, 0.040324, -0.001209, 0.026653, -0.105849, 0.994025, 0.128724, 0.000000, 0.000000, 0.000000, 1.000000, 0.026569, -0.105908, 0.994021, 0.197730, -0.583800, 0.805537, 0.101430, -0.010290, -0.811463, -0.583004, -0.040427, 0.258265, 0.000000, 0.000000, 0.000000, 1.000000, 0.045837, 0.058974, -0.997207, 0.089365, -0.996544, -0.066532, -0.049741, 0.006892, -0.069280, 0.996040, 0.055720, -0.016641, 0.000000, 0.000000, 0.000000, 1.000000
-9.9073, 19.2908, -1.2130, 128.7608, 197.7668, -10.2909, 258.2683, 89.3655, 6.8905, -16.6413, 0.583802, -0.805526, -0.101500, 0.019291, 0.811458, 0.583014, 0.040372, -0.001213, 0.026655, -0.105932, 0.994016, 0.128761, 0.000000, 0.000000, 0.000000, 1.000000, 0.026571, -0.105991, 0.994012, 0.197767, -0.583802, 0.805526, 0.101499, -0.010291, -0.811461, -0.583003, -0.040474, 0.258268, 0.000000, 0.000000, 0.000000, 1.000000, 0.045837, 0.058974, -0.997207, 0.089366, -0.996544, -0.066530, -0.049741, 0.006891, -0.069277, 0.996040, 0.055720, -0.016641, 0.000000, 0.000000, 0.000000, 1.000000
-9.9026, 19.2918, -1.2162, 128.7979, 197.8039, -10.2919, 258.2715, 89.3659, 6.8896, -16.6416, 0.583805, -0.805516, -0.101568, 0.019292, 0.811456, 0.583014, 0.040420, -0.001216, 0.026656, -0.106015, 0.994007, 0.128798, 0.000000, 0.000000, 0.000000, 1.000000, 0.026572, -0.106075, 0.994003, 0.197804, -0.583805, 0.805516, 0.101567, -0.010292, -0.811459, -0.583003, -0.040523, 0.258272, 0.000000, 0.000000, 0.000000, 1.000000, 0.045837, 0.058974, -0.997207, 0.089366, -0.996544, -0.066528, -0.049741, 0.006890, -0.069275, 0.996040, 0.055721, -0.016642, 0.000000, 0.000000, 0.000000, 1.000000
-9.8932, 19.2938, -1.2222, 128.8715, 197.8774, -10.2939, 258.2775, 89.3666, 6.8877, -16.6421, 0.583809, -0.805496, -0.101701, 0.019294, 0.811453, 0.583011, 0.040517, -0.001222, 0.026657, -0.106180, 0.993990, 0.128871, 0.000000, 0.000000, 0.000000, 1.000000, 0.026573, -0.106240, 0.993985, 0.197877, -0.583809, 0.805496, 0.101701, -0.010294, -0.811456, -0.583000, -0.040620, 0.258277, 0.000000, 0.000000, 0.000000, 1.000000, 0.045838, 0.058974, -0.997207, 0.089367, -0.996544, -0.066523, -0.049741, 0.006888, -0.069271, 0.996041, 0.055721, -0.016642, 0.000000, 0.000000, 0.000000, 1.000000
-9.8932, 19.2938, -1.2222, 128.8715, 197.8774, -10.2939, 258.2775, 89.3666, 6.8877, -16.6421, 0.583809, -0.805496, -0.101701, 0.019294, 0.811453, 0.583011, 0.040517, -0.001222, 0.026657, -0.106180, 0.993990, 0.128871, 0.000000, 0.000000, 0.000000, 1.000000, 0.026573, -0.106240, 0.993985, 0.197877, -0.583809, 0.805496, 0.101701, -0.010294, -0.811456, -0.583000, -0.040620, 0.258277, 0.000000, 0.000000, 0.000000, 1.000000, 0.045838, 0.058974, -0.997207, 0.089367, -0.996544, -0.066523, -0.049741, 0.006888, -0.069271, 0.996041, 0.055721, -0.016642, 0.000000, 0.000000, 0.000000, 1.000000
-9.8887, 19.2948, -1.2248, 128.9075, 197.9135, -10.2950, 258.2802, 89.3669, 6.8867, -16.6424, 0.583811, -0.805486, -0.101767, 0.019295, 0.811452, 0.583010, 0.040566, -0.001225, 0.026656, -0.106261, 0.993981, 0.128908, 0.000000, 0.000000, 0.000000, 1.000000, 0.026572, -0.106321, 0.993977, 0.197913, -0.583811, 0.805486, 0.101766, -0.010295, -0.811455, -0.582999, -0.040668, 0.258280, 0.000000, 0.000000, 0.000000, 1.000000, 0.045838, 0.058974, -0.997207, 0.089367, -0.996544, -0.066521, -0.049741, 0.006887, -0.069269, 0.996041, 0.055721, -0.016642, 0.000000, 0.000000, 0.000000, 1.000000
-9.8864, 19.2954, -1.2261, 128.9253, 197.9313, -10.2955, 258.2814, 89.3671, 6.8862, -16.6425, 0.583812, -0.805482, -0.101799, 0.019295, 0.811451, 0.583009, 0.040590, -0.001226, 0.026656, -0.106302, 0.993977, 0.128925, 0.000000, 0.000000, 0.000000, 1.000000, 0.026572, -0.106361, 0.993972, 0.197931, -0.583812, 0.805482, 0.101798, -0.010295, -0.811454, -0.582998, -0.040692, 0.258281, 0.000000, 0.000000, 0.000000, 1.000000, 0.045838, 0.058974, -0.997207, 0.089367, -0.996544, -0.066520, -0.049741, 0.006886, -0.069267, 0.996041, 0.055721, -0.016643, 0.000000, 0.000000, 0.000000, 1.000000
-9.8820, 19.2964, -1.2284, 128.9605, 197.9665, -10.2965, 258.2838, 89.3674, 6.8853, -16.6428, 0.583814, -0.805472, -0.101863, 0.019296, 0.811450, 0.583007, 0.040637, -0.001228, 0.026654, -0.106381, 0.993968, 0.128961, 0.000000, 0.000000, 0.000000, 1.000000, 0.026571, -0.106440, 0.993964, 0.197967, -0.583814, 0.805472, 0.101862, -0.010297, -0.811453, -0.582996, -0.040739, 0.258284, 0.000000, 0.000000, 0.000000, 1.000000, 0.045838, 0.058974, -0.997207, 0.089367, -0.996545, -0.066518, -0.049741, 0.006885, -0.069265, 0.996041, 0.055721, -0.016643, 0.000000, 0.000000, 0.000000, 1.000000
-9.8776, 19.2974, -1.2306, 128.9952, 198.0012, -10.2976, 258.2860, 89.3678, 6.8844, -16.6431, 0.583815, -0.805463, -0.101925, 0.019297, 0.811449, 0.583005, 0.040685, -0.001231, 0.026653, -0.106459, 0.993960, 0.128995, 0.000000, 0.000000, 0.000000, 1.000000, 0.026569, -0.106518, 0.993956, 0.198001, -0.583815, 0.805463, 0.101924, -0.010298, -0.811452, -0.582994, -0.040787, 0.258286, 0.000000, 0.000000, 0.000000, 1.000000, 0.045838, 0.058974, -0.997207, 0.089368, -0.996545, -0.066516, -0.049741, 0.006884, -0.069263, 0.996041, 0.055721, -0.016643, 0.000000, 0.000000, 0.000000, 1.000000
-9.8733, 19.2985, -1.2327, 129.0293, 198.0352, -10.2986, 258.2881, 89.3681, 6.8836, -16.6433, 0.583817, -0.805455, -0.101986, 0.019299, 0.811448, 0.583003, 0.040732, -0.001233, 0.026651, -0.106536, 0.993952, 0.129029, 0.000000, 0.000000, 0.000000, 1.000000, 0.026567, -0.106595, 0.993947, 0.198035, -0.583817, 0.805455, 0.101985, -0.010299, -0.811451, -0.582993, -0.040833, 0.258288, 0.000000, 0.000000, 0.000000, 1.000000, 0.045838, 0.058974, -0.997207, 0.089368, -0.996545, -0.066514, -0.049741, 0.006884, -0.069261, 0.996041, 0.055721, -0.016643, 0.000000, 0.000000, 0.000000, 1.000000
-9.8712, 19.2990, -1.2337, 129.0461, 198.0521, -10.2992, 258.2891, 89.3683, 6.8831, -16.6434, 0.583817, -0.805450, -0.102016, 0.019299, 0.811448, 0.583002, 0.040755, -0.001234, 0.026650, -0.106574, 0.993948, 0.129046, 0.000000, 0.000000, 0.000000, 1.000000, 0.026566, -0.106633, 0.993943, 0.198052, -0.583817, 0.805450, 0.102016, -0.010299, -0.811450, -0.582992, -0.040857, 0.258289, 0.000000, 0.000000, 0.000000, 1.000000, 0.045838, 0.058974, -0.997207, 0.089368, -0.996545, -0.066513, -0.049741, 0.006883, -0.069260, 0.996041, 0.055721, -0.016643, 0.000000, 0.000000, 0.000000, 1.000000
-9.8691, 19.2996, -1.2346, 129.0628, 198.0688, -10.2997, 258.2901, 89.3684, 6.8827, -16.6436, 0.583818, -0.805446, -0.102046, 0.019300, 0.811447, 0.583001, 0.040778, -0.001235, 0.026649, -0.106612, 0.993944, 0.129063, 0.000000, 0.000000, 0.000000, 1.000000, 0.026565, -0.106671, 0.993939, 0.198069, -0.583818, 0.805446, 0.102046, -0.010300, -0.811450, -0.582990, -0.040880, 0.258290, 0.000000, 0.000000, 0.000000, 1.000000, 0.045838, 0.058974, -0.997207, 0.089368, -0.996545, -0.066512, -0.049741, 0.006883, -0.069259, 0.996041, 0.055721, -0.016644, 0.000000, 0.000000, 0.000000, 1.000000
-9.8630, 19.3011, -1.2373, 129.1121, 198.1181, -10.3013, 258.2928, 89.3689, 6.8814, -16.6439, 0.583820, -0.805434, -0.102134, 0.019301, 0.811446, 0.582998, 0.040847, -0.001237, 0.026645, -0.106724, 0.993932, 0.129112, 0.000000, 0.000000, 0.000000, 1.000000, 0.026562, -0.106782, 0.993928, 0.198118, -0.583820, 0.805434, 0.102134, -0.010301, -0.811449, -0.582987, -0.040948, 0.258293, 0.000000, 0.000000, 0.000000, 1.000000, 0.045839, 0.058974, -0.997207, 0.089369, -0.996545, -0.066509, -0.049741, 0.006881, -0.069256, 0.996042, 0.055721, -0.016644, 0.000000, 0.000000, 0.000000, 1.000000
-9.8589, 19.3022, -1.2390, 129.1444, 198.1503, -10.3023, 258.2945, 89.3692, 6.8806, -16.6442, 0.583820, -0.805426, -0.102192, 0.019302, 0.811446, 0.582996, 0.040892, -0.001239, 0.026642, -0.106797, 0.993924, 0.129144, 0.000000, 0.000000, 0.000000, 1.000000, 0.026559, -0.106855, 0.993920, 0.198150, -0.583820, 0.805426, 0.102191, -0.010302, -0.811448, -0.582985, -0.040993, 0.258295, 0.000000, 0.000000, 0.000000, 1.000000, 0.045839, 0.058974, -0.997207, 0.089369, -0.996545, -0.066507, -0.049741, 0.006881, -0.069254, 0.996042, 0.055722, -0.016644, 0.000000, 0.000000, 0.000000, 1.000000
-9.8589, 19.3022, -1.2390, 129.1444, 198.1503, -10.3023, 258.2945, 89.3692, 6.8806, -16.6442, 0.583820, -0.805426, -0.102192, 0.019302, 0.811446, 0.582996, 0.040892, -0.001239, 0.026642, -0.106797, 0.993924, 0.129144, 0.000000, 0.000000, 0.000000, 1.000000, 0.026559, -0.106855, 0.993920, 0.198150, -0.583820, 0.805426, 0.102191, -0.010302, -0.811448, -0.582985, -0.040993, 0.258295, 0.000000, 0.000000, 0.000000, 1.000000, 0.045839, 0.058974, -0.997207, 0.089369, -0.996545, -0.066507, -0.049741, 0.006881, -0.069254, 0.996042, 0.055722, -0.016644, 0.000000, 0.000000, 0.000000, 1.000000
-9.8530, 19.3038, -1.2414, 129.1919, 198.1978, -10.3039, 258.2970, 89.3697, 6.8794, -16.6445, 0.583822, -0.805414, -0.102276, 0.019304, 0.811445, 0.582992, 0.040958, -0.001241, 0.026638, -0.106904, 0.993912, 0.129192, 0.000000, 0.000000, 0.000000, 1.000000, 0.026555, -0.106962, 0.993908, 0.198198, -0.583822, 0.805414, 0.102276, -0.010304, -0.811447, -0.582981, -0.041059, 0.258297, 0.000000, 0.000000, 0.000000, 1.000000, 0.045839, 0.058974, -0.997207, 0.089370, -0.996546, -0.066504, -0.049742, 0.006879, -0.069251, 0.996042, 0.055722, -0.016645, 0.000000, 0.000000, 0.000000, 1.000000
-9.8510, 19.3043, -1.2422, 129.2075, 198.2134, -10.3044, 258.2978, 89.3698, 6.8790, -16.6447, 0.583822, -0.805410, -0.102304, 0.019304, 0.811445, 0.582991, 0.040980, -0.001242, 0.026637, -0.106939, 0.993909, 0.129208, 0.000000, 0.000000, 0.000000, 1.000000, 0.026554, -0.106998, 0.993905, 0.198213, -0.583822, 0.805410, 0.102303, -0.010304, -0.811447, -0.582980, -0.041081, 0.258298, 0.000000, 0.000000, 0.000000, 1.000000, 0.045839, 0.058974, -0.997207, 0.089370, -0.996546, -0.066503, -0.049742, 0.006879, -0.069251, 0.996042, 0.055722, -0.016645, 0.000000, 0.000000, 0.000000, 1.000000
-9.8491, 19.3048, -1.2430, 129.2231, 198.2290, -10.3049, 258.2985, 89.3700, 6.8786, -16.6448, 0.583822, -0.805406, -0.102332, 0.019305, 0.811444, 0.582990, 0.041002, -0.001243, 0.026635, -0.106974, 0.993905, 0.129223, 0.000000, 0.000000, 0.000000, 1.000000, 0.026553, -0.107033, 0.993901, 0.198229, -0.583822, 0.805407, 0.102331, -0.010305, -0.811447, -0.582979, -0.041102, 0.258299, 0.000000, 0.000000, 0.000000, 1.000000, 0.045839, 0.058974, -0.997207, 0.089370, -0.996546, -0.066502, -0.049742, 0.006879, -0.069250, 0.996042, 0.055722, -0.016645, 0.000000, 0.000000, 0.000000, 1.000000
-9.8472, 19.3053, -1.2437, 129.2385, 198.2444, -10.3055, 258.2993, 89.3702, 6.8782, -16.6449, 0.583823, -0.805403, -0.102359, 0.019305, 0.811444, 0.582988, 0.041023, -0.001244, 0.026634, -0.107009, 0.993901, 0.129239, 0.000000, 0.000000, 0.000000, 1.000000, 0.026551, -0.107067, 0.993897, 0.198244, -0.583823, 0.805403, 0.102358, -0.010305, -0.811447, -0.582978, -0.041124, 0.258299, 0.000000, 0.000000, 0.000000, 1.000000, 0.045839, 0.058974, -0.997207, 0.089370, -0.996546, -0.066501, -0.049742, 0.006878, -0.069249, 0.996042, 0.055722, -0.016645, 0.000000, 0.000000, 0.000000, 1.000000
-9.8414, 19.3069, -1.2460, 129.2845, 198.2904, -10.3070, 258.3017, 89.3706, 6.8770, -16.6453, 0.583824, -0.805392, -0.102441, 0.019307, 0.811444, 0.582985, 0.041087, -0.001246, 0.026630, -0.107113, 0.993890, 0.129285, 0.000000, 0.000000, 0.000000, 1.000000, 0.026548, -0.107171, 0.993886, 0.198290, -0.583824, 0.805392, 0.102440, -0.010307, -0.811446, -0.582974, -0.041188, 0.258302, 0.000000, 0.000000, 0.000000, 1.000000, 0.045839, 0.058974, -0.997207, 0.089371, -0.996546, -0.066498, -0.049742, 0.006877, -0.069246, 0.996042, 0.055722, -0.016645, 0.000000, 0.000000, 0.000000, 1.000000
-9.8414, 19.3069, -1.2460, 129.2845, 198.2904, -10.3070, 258.3017, 89.3706, 6.8770, -16.6453, 0.583824, -0.805392, -0.102441, 0.019307, 0.811444, 0.582985, 0.041087, -0.001246, 0.026630, -0.107113, 0.993890, 0.129285, 0.000000, 0.000000, 0.000000, 1.000000, 0.026548, -0.107171, 0.993886, 0.198290, -0.583824, 0.805392, 0.102440, -0.010307, -0.811446, -0.582974, -0.041188, 0.258302, 0.000000, 0.000000, 0.000000, 1.000000, 0.045839, 0.058974, -0.997207, 0.089371, -0.996546, -0.066498, -0.049742, 0.006877, -0.069246, 0.996042, 0.055722, -0.016645, 0.000000, 0.000000, 0.000000, 1.000000
-9.8357, 19.3084, -1.2483, 129.3298, 198.3357, -10.3085, 258.3040, 89.3711, 6.8759, -16.6456, 0.583824, -0.805381, -0.102521, 0.019308, 0.811443, 0.582981, 0.041150, -0.001248, 0.026626, -0.107215, 0.993879, 0.129330, 0.000000, 0.000000, 0.000000, 1.000000, 0.026544, -0.107273, 0.993875, 0.198336, -0.583824, 0.805381, 0.102520, -0.010309, -0.811446, -0.582970, -0.041250, 0.258304, 0.000000, 0.000000, 0.000000, 1.000000, 0.045840, 0.058974, -0.997207, 0.089371, -0.996546, -0.066496, -0.049742, 0.006876, -0.069243, 0.996042, 0.055722, -0.016646, 0.000000, 0.000000, 0.000000, 1.000000
-9.8357, 19.3084, -1.2483, 129.3298, 198.3357, -10.3085, 258.3040, 89.3711, 6.8759, -16.6456, 0.583824, -0.805381, -0.102521, 0.019308, 0.811443, 0.582981, 0.041150, -0.001248, 0.026626, -0.107215, 0.993879, 0.129330, 0.000000, 0.000000, 0.000000, 1.000000, 0.026544, -0.107273, 0.993875, 0.198336, -0.583824, 0.805381, 0.102520, -0.010309, -0.811446, -0.582970, -0.041250, 0.258304, 0.000000, 0.000000, 0.000000, 1.000000, 0.045840, 0.058974, -0.997207, 0.089371, -0.996546, -0.066496, -0.049742, 0.006876, -0.069243, 0.996042, 0.055722, -0.016646, 0.000000, 0.000000, 0.000000, 1.000000
