# Joint_A_Angle(deg), Cam_X(mm), Cam_Y(mm), Cam_Z(mm), Torso_X(mm), Torso_Y(mm), Torso_Z(mm), EE_X(mm), EE_Y(mm), EE_Z(mm), T_cam2marker_flat(16), T_torso2marker_flat(16), T_ee2marker_flat(16)
-14.9992, 25.5245, 19.3615, 162.0749, 231.0778, -16.5247, 237.6956, 101.5342, 10.2512, -1.7363, 0.593147, 0.804160, -0.038775, 0.025525, -0.805094, 0.592504, -0.027640, 0.019361, 0.000748, 0.047612, 0.998866, 0.162075, 0.000000, 0.000000, 0.000000, 1.000000, 0.000810, 0.047565, 0.998868, 0.231078, -0.593147, -0.804160, 0.038774, -0.016525, 0.805093, -0.592507, 0.027562, 0.237696, 0.000000, 0.000000, 0.000000, 1.000000, -0.072592, -0.040562, -0.996537, 0.101534, -0.997232, -0.013152, 0.073178, 0.010251, -0.016075, 0.999090, -0.039495, -0.001736, 0.000000, 0.000000, 0.000000, 1.000000
-14.9994, 25.5245, 19.3627, 162.0753, 231.0782, -16.5247, 237.6944, 101.5343, 10.2512, -1.7363, 0.593147, 0.804160, -0.038777, 0.025525, -0.805094, 0.592503, -0.027637, 0.019363, 0.000751, 0.047612, 0.998866, 0.162075, 0.000000, 0.000000, 0.000000, 1.000000, 0.000814, 0.047565, 0.998868, 0.231078, -0.593147, -0.804160, 0.038777, -0.016525, 0.805094, -0.592507, 0.027559, 0.237694, 0.000000, 0.000000, 0.000000, 1.000000, -0.072592, -0.040562, -0.996537, 0.101534, -0.997232, -0.013152, 0.073178, 0.010251, -0.016074, 0.999090, -0.039495, -0.001736, 0.000000, 0.000000, 0.000000, 1.000000
-14.9994, 25.5245, 19.3632, 162.0754, 231.0784, -16.5247, 237.6939, 101.5343, 10.2512, -1.7363, 0.593146, 0.804160, -0.038778, 0.025525, -0.805094, 0.592503, -0.027636, 0.019363, 0.000752, 0.047612, 0.998866, 0.162075, 0.000000, 0.000000, 0.000000, 1.000000, 0.000815, 0.047565, 0.998868, 0.231078, -0.593146, -0.804160, 0.038777, -0.016525, 0.805094, -0.592507, 0.027558, 0.237694, 0.000000, 0.000000, 0.000000, 1.000000, -0.072592, -0.040562, -0.996537, 0.101534, -0.997232, -0.013152, 0.073178, 0.010251, -0.016074, 0.999090, -0.039495, -0.001736, 0.000000, 0.000000, 0.000000, 1.000000
-14.9996, 25.5246, 19.3640, 162.0756, 231.0785, -16.5248, 237.6931, 101.5343, 10.2512, -1.7363, 0.593146, 0.804160, -0.038780, 0.025525, -0.805095, 0.592502, -0.027635, 0.019364, 0.000754, 0.047613, 0.998866, 0.162076, 0.000000, 0.000000, 0.000000, 1.000000, 0.000817, 0.047566, 0.998868, 0.231078, -0.593146, -0.804160, 0.038779, -0.016525, 0.805094, -0.592506, 0.027557, 0.237693, 0.000000, 0.000000, 0.000000, 1.000000, -0.072592, -0.040562, -0.996537, 0.101534, -0.997232, -0.013152, 0.073178, 0.010251, -0.016074, 0.999090, -0.039495, -0.001736, 0.000000, 0.000000, 0.000000, 1.000000
-14.9997, 25.5247, 19.3643, 162.0755, 231.0784, -16.5249, 237.6927, 101.5343, 10.2512, -1.7363, 0.593146, 0.804160, -0.038782, 0.025525, -0.805095, 0.592502, -0.027636, 0.019364, 0.000755, 0.047615, 0.998865, 0.162075, 0.000000, 0.000000, 0.000000, 1.000000, 0.000817, 0.047568, 0.998868, 0.231078, -0.593146, -0.804161, 0.038781, -0.016525, 0.805095, -0.592506, 0.027557, 0.237693, 0.000000, 0.000000, 0.000000, 1.000000, -0.072592, -0.040562, -0.996537, 0.101534, -0.997232, -0.013151, 0.073178, 0.010251, -0.016074, 0.999090, -0.039495, -0.001736, 0.000000, 0.000000, 0.000000, 1.000000
-14.9998, 25.5248, 19.3644, 162.0754, 231.0783, -16.5250, 237.6927, 101.5343, 10.2512, -1.7363, 0.593146, 0.804160, -0.038783, 0.025525, -0.805095, 0.592502, -0.027636, 0.019364, 0.000755, 0.047616, 0.998865, 0.162075, 0.000000, 0.000000, 0.000000, 1.000000, 0.000817, 0.047569, 0.998868, 0.231078, -0.593146, -0.804161, 0.038782, -0.016525, 0.805095, -0.592506, 0.027558, 0.237693, 0.000000, 0.000000, 0.000000, 1.000000, -0.072592, -0.040562, -0.996537, 0.101534, -0.997232, -0.013151, 0.073178, 0.010251, -0.016074, 0.999090, -0.039495, -0.001736, 0.000000, 0.000000, 0.000000, 1.000000
-14.9998, 25.5249, 19.3644, 162.0753, 231.0782, -16.5251, 237.6927, 101.5343, 10.2511, -1.7363, 0.593146, 0.804160, -0.038783, 0.025525, -0.805095, 0.592502, -0.027637, 0.019364, 0.000755, 0.047617, 0.998865, 0.162075, 0.000000, 0.000000, 0.000000, 1.000000, 0.000817, 0.047570, 0.998868, 0.231078, -0.593146, -0.804161, 0.038782, -0.016525, 0.805095, -0.592506, 0.027559, 0.237693, 0.000000, 0.000000, 0.000000, 1.000000, -0.072592, -0.040562, -0.996537, 0.101534, -0.997232, -0.013151, 0.073178, 0.010251, -0.016074, 0.999090, -0.039495, -0.001736, 0.000000, 0.000000, 0.000000, 1.000000
-14.9999, 25.5252, 19.3639, 162.0748, 231.0777, -16.5254, 237.6931, 101.5343, 10.2511, -1.7363, 0.593146, 0.804160, -0.038784, 0.025525, -0.805095, 0.592502, -0.027641, 0.019364, 0.000752, 0.047620, 0.998865, 0.162075, 0.000000, 0.000000, 0.000000, 1.000000, 0.000815, 0.047573, 0.998867, 0.231078, -0.593146, -0.804160, 0.038784, -0.016525, 0.805095, -0.592506, 0.027562, 0.237693, 0.000000, 0.000000, 0.000000, 1.000000, -0.072592, -0.040562, -0.996537, 0.101534, -0.997232, -0.013151, 0.073178, 0.010251, -0.016074, 0.999090, -0.039495, -0.001736, 0.000000, 0.000000, 0.000000, 1.000000
-14.9999, 25.5253, 19.3632, 162.0744, 231.0773, -16.5255, 237.6938, 101.5342, 10.2511, -1.7363, 0.593146, 0.804160, -0.038784, 0.025525, -0.805095, 0.592502, -0.027643, 0.019363, 0.000750, 0.047621, 0.998865, 0.162074, 0.000000, 0.000000, 0.000000, 1.000000, 0.000813, 0.047574, 0.998867, 0.231077, -0.593146, -0.804160, 0.038783, -0.016526, 0.805095, -0.592506, 0.027565, 0.237694, 0.000000, 0.000000, 0.000000, 1.000000, -0.072592, -0.040562, -0.996537, 0.101534, -0.997232, -0.013151, 0.073178, 0.010251, -0.016074, 0.999090, -0.039495, -0.001736, 0.000000, 0.000000, 0.000000, 1.000000
-14.9999, 25.5254, 19.3623, 162.0741, 231.0771, -16.5256, 237.6948, 101.5342, 10.2512, -1.7363, 0.593146, 0.804160, -0.038783, 0.025525, -0.805094, 0.592502, -0.027646, 0.019362, 0.000747, 0.047622, 0.998865, 0.162074, 0.000000, 0.000000, 0.000000, 1.000000, 0.000810, 0.047575, 0.998867, 0.231077, -0.593146, -0.804160, 0.038782, -0.016526, 0.805094, -0.592506, 0.027568, 0.237695, 0.000000, 0.000000, 0.000000, 1.000000, -0.072592, -0.040562, -0.996537, 0.101534, -0.997232, -0.013151, 0.073178, 0.010251, -0.016074, 0.999090, -0.039495, -0.001736, 0.000000, 0.000000, 0.000000, 1.000000
-14.9996, 25.5253, 19.3610, 162.0740, 231.0769, -16.5254, 237.6961, 101.5342, 10.2512, -1.7363, 0.593147, 0.804160, -0.038779, 0.025525, -0.805094, 0.592502, -0.027648, 0.019361, 0.000744, 0.047620, 0.998865, 0.162074, 0.000000, 0.000000, 0.000000, 1.000000, 0.000806, 0.047573, 0.998867, 0.231077, -0.593147, -0.804160, 0.038778, -0.016525, 0.805094, -0.592506, 0.027570, 0.237696, 0.000000, 0.000000, 0.000000, 1.000000, -0.072592, -0.040562, -0.996537, 0.101534, -0.997232, -0.013151, 0.073178, 0.010251, -0.016074, 0.999090, -0.039495, -0.001736, 0.000000, 0.000000, 0.000000, 1.000000
-14.9995, 25.5251, 19.3602, 162.0741, 231.0770, -16.5253, 237.6969, 101.5342, 10.2512, -1.7363, 0.593147, 0.804160, -0.038777, 0.025525, -0.805094, 0.592503, -0.027648, 0.019360, 0.000742, 0.047618, 0.998865, 0.162074, 0.000000, 0.000000, 0.000000, 1.000000, 0.000804, 0.047571, 0.998868, 0.231077, -0.593147, -0.804160, 0.038776, -0.016525, 0.805094, -0.592506, 0.027570, 0.237697, 0.000000, 0.000000, 0.000000, 1.000000, -0.072592, -0.040562, -0.996537, 0.101534, -0.997232, -0.013152, 0.073178, 0.010251, -0.016074, 0.999090, -0.039495, -0.001736, 0.000000, 0.000000, 0.000000, 1.000000
-14.9990, 25.5247, 19.3584, 162.0744, 231.0773, -16.5248, 237.6987, 101.5342, 10.2513, -1.7363, 0.593148, 0.804160, -0.038769, 0.025525, -0.805093, 0.592503, -0.027648, 0.019358, 0.000738, 0.047612, 0.998866, 0.162074, 0.000000, 0.000000, 0.000000, 1.000000, 0.000800, 0.047565, 0.998868, 0.231077, -0.593148, -0.804160, 0.038768, -0.016525, 0.805093, -0.592507, 0.027570, 0.237699, 0.000000, 0.000000, 0.000000, 1.000000, -0.072592, -0.040562, -0.996537, 0.101534, -0.997232, -0.013152, 0.073178, 0.010251, -0.016075, 0.999090, -0.039494, -0.001736, 0.000000, 0.000000, 0.000000, 1.000000
-14.9990, 25.5247, 19.3584, 162.0744, 231.0773, -16.5248, 237.6987, 101.5342, 10.2513, -1.7363, 0.593148, 0.804160, -0.038769, 0.025525, -0.805093, 0.592503, -0.027648, 0.019358, 0.000738, 0.047612, 0.998866, 0.162074, 0.000000, 0.000000, 0.000000, 1.000000, 0.000800, 0.047565, 0.998868, 0.231077, -0.593148, -0.804160, 0.038768, -0.016525, 0.805093, -0.592507, 0.027570, 0.237699, 0.000000, 0.000000, 0.000000, 1.000000, -0.072592, -0.040562, -0.996537, 0.101534, -0.997232, -0.013152, 0.073178, 0.010251, -0.016075, 0.999090, -0.039494, -0.001736, 0.000000, 0.000000, 0.000000, 1.000000
-14.9983, 25.5239, 19.3563, 162.0751, 231.0781, -16.5241, 237.7008, 101.5342, 10.2514, -1.7363, 0.593148, 0.804160, -0.038759, 0.025524, -0.805093, 0.592504, -0.027646, 0.019356, 0.000733, 0.047603, 0.998866, 0.162075, 0.000000, 0.000000, 0.000000, 1.000000, 0.000796, 0.047556, 0.998868, 0.231078, -0.593148, -0.804160, 0.038758, -0.016524, 0.805093, -0.592508, 0.027568, 0.237701, 0.000000, 0.000000, 0.000000, 1.000000, -0.072592, -0.040561, -0.996537, 0.101534, -0.997232, -0.013153, 0.073178, 0.010251, -0.016076, 0.999090, -0.039494, -0.001736, 0.000000, 0.000000, 0.000000, 1.000000
-14.9967, 25.5207, 19.3593, 162.0810, 231.0840, -16.5209, 237.6977, 101.5344, 10.2516, -1.7364, 0.593145, 0.804163, -0.038739, 0.025521, -0.805095, 0.592502, -0.027613, 0.019359, 0.000748, 0.047567, 0.998868, 0.162081, 0.000000, 0.000000, 0.000000, 1.000000, 0.000810, 0.047520, 0.998870, 0.231084, -0.593145, -0.804163, 0.038738, -0.016521, 0.805095, -0.592506, 0.027534, 0.237698, 0.000000, 0.000000, 0.000000, 1.000000, -0.072592, -0.040562, -0.996537, 0.101534, -0.997232, -0.013155, 0.073179, 0.010252, -0.016078, 0.999090, -0.039495, -0.001736, 0.000000, 0.000000, 0.000000, 1.000000
-14.9961, 25.5195, 19.3599, 162.0832, 231.0861, -16.5196, 237.6971, 101.5345, 10.2516, -1.7364, 0.593144, 0.804164, -0.038730, 0.025519, -0.805096, 0.592502, -0.027601, 0.019360, 0.000752, 0.047553, 0.998868, 0.162083, 0.000000, 0.000000, 0.000000, 1.000000, 0.000814, 0.047506, 0.998871, 0.231086, -0.593144, -0.804164, 0.038729, -0.016520, 0.805096, -0.592506, 0.027523, 0.237697, 0.000000, 0.000000, 0.000000, 1.000000, -0.072593, -0.040562, -0.996537, 0.101534, -0.997232, -0.013156, 0.073179, 0.010252, -0.016079, 0.999090, -0.039495, -0.001736, 0.000000, 0.000000, 0.000000, 1.000000
-14.9945, 25.5167, 19.3605, 162.0878, 231.0907, -16.5169, 237.6965, 101.5346, 10.2518, -1.7365, 0.593142, 0.804167, -0.038709, 0.025517, -0.805097, 0.592501, -0.027577, 0.019360, 0.000758, 0.047522, 0.998870, 0.162088, 0.000000, 0.000000, 0.000000, 1.000000, 0.000822, 0.047474, 0.998872, 0.231091, -0.593142, -0.804167, 0.038708, -0.016517, 0.805097, -0.592505, 0.027498, 0.237696, 0.000000, 0.000000, 0.000000, 1.000000, -0.072593, -0.040562, -0.996536, 0.101535, -0.997232, -0.013158, 0.073179, 0.010252, -0.016081, 0.999090, -0.039495, -0.001736, 0.000000, 0.000000, 0.000000, 1.000000
-14.9936, 25.5152, 19.3604, 162.0902, 231.0932, -16.5154, 237.6965, 101.5347, 10.2520, -1.7365, 0.593141, 0.804168, -0.038697, 0.025515, -0.805098, 0.592501, -0.027565, 0.019360, 0.000761, 0.047504, 0.998871, 0.162090, 0.000000, 0.000000, 0.000000, 1.000000, 0.000824, 0.047457, 0.998873, 0.231093, -0.593141, -0.804168, 0.038696, -0.016515, 0.805098, -0.592505, 0.027485, 0.237696, 0.000000, 0.000000, 0.000000, 1.000000, -0.072593, -0.040562, -0.996536, 0.101535, -0.997232, -0.013159, 0.073180, 0.010252, -0.016082, 0.999090, -0.039495, -0.001736, 0.000000, 0.000000, 0.000000, 1.000000
-14.9916, 25.5119, 19.3597, 162.0955, 231.0984, -16.5121, 237.6971, 101.5348, 10.2522, -1.7365, 0.593140, 0.804170, -0.038668, 0.025512, -0.805099, 0.592501, -0.027538, 0.019360, 0.000766, 0.047466, 0.998873, 0.162095, 0.000000, 0.000000, 0.000000, 1.000000, 0.000829, 0.047418, 0.998875, 0.231098, -0.593140, -0.804170, 0.038667, -0.016512, 0.805099, -0.592505, 0.027459, 0.237697, 0.000000, 0.000000, 0.000000, 1.000000, -0.072594, -0.040563, -0.996536, 0.101535, -0.997232, -0.013162, 0.073180, 0.010252, -0.016085, 0.999090, -0.039495, -0.001737, 0.000000, 0.000000, 0.000000, 1.000000
-14.9904, 25.5101, 19.3591, 162.0983, 231.1013, -16.5103, 237.6977, 101.5349, 10.2524, -1.7366, 0.593140, 0.804171, -0.038652, 0.025510, -0.805099, 0.592501, -0.027524, 0.019359, 0.000767, 0.047444, 0.998874, 0.162098, 0.000000, 0.000000, 0.000000, 1.000000, 0.000831, 0.047396, 0.998876, 0.231101, -0.593140, -0.804171, 0.038651, -0.016510, 0.805099, -0.592505, 0.027444, 0.237698, 0.000000, 0.000000, 0.000000, 1.000000, -0.072594, -0.040563, -0.996536, 0.101535, -0.997232, -0.013163, 0.073181, 0.010252, -0.016086, 0.999090, -0.039495, -0.001737, 0.000000, 0.000000, 0.000000, 1.000000
-14.9878, 25.5062, 19.3571, 162.1043, 231.1073, -16.5063, 237.6997, 101.5351, 10.2527, -1.7366, 0.593139, 0.804174, -0.038616, 0.025506, -0.805100, 0.592502, -0.027494, 0.019357, 0.000770, 0.047398, 0.998876, 0.162104, 0.000000, 0.000000, 0.000000, 1.000000, 0.000833, 0.047350, 0.998878, 0.231107, -0.593139, -0.804174, 0.038615, -0.016506, 0.805100, -0.592505, 0.027415, 0.237700, 0.000000, 0.000000, 0.000000, 1.000000, -0.072595, -0.040563, -0.996536, 0.101535, -0.997232, -0.013166, 0.073181, 0.010253, -0.016089, 0.999090, -0.039495, -0.001737, 0.000000, 0.000000, 0.000000, 1.000000
-14.9849, 25.5017, 19.3543, 162.1109, 231.1139, -16.5019, 237.7024, 101.5353, 10.2531, -1.7367, 0.593138, 0.804176, -0.038574, 0.025502, -0.805100, 0.592502, -0.027462, 0.019354, 0.000771, 0.047345, 0.998878, 0.162111, 0.000000, 0.000000, 0.000000, 1.000000, 0.000835, 0.047297, 0.998881, 0.231114, -0.593138, -0.804176, 0.038573, -0.016502, 0.805100, -0.592506, 0.027383, 0.237702, 0.000000, 0.000000, 0.000000, 1.000000, -0.072596, -0.040563, -0.996536, 0.101535, -0.997232, -0.013170, 0.073182, 0.010253, -0.016093, 0.999090, -0.039495, -0.001737, 0.000000, 0.000000, 0.000000, 1.000000
-14.9832, 25.4993, 19.3526, 162.1145, 231.1175, -16.4995, 237.7041, 101.5354, 10.2533, -1.7367, 0.593138, 0.804177, -0.038551, 0.025499, -0.805101, 0.592503, -0.027446, 0.019353, 0.000771, 0.047317, 0.998880, 0.162114, 0.000000, 0.000000, 0.000000, 1.000000, 0.000835, 0.047269, 0.998882, 0.231117, -0.593138, -0.804177, 0.038550, -0.016500, 0.805100, -0.592507, 0.027366, 0.237704, 0.000000, 0.000000, 0.000000, 1.000000, -0.072596, -0.040563, -0.996536, 0.101535, -0.997232, -0.013172, 0.073183, 0.010253, -0.016095, 0.999090, -0.039495, -0.001737, 0.000000, 0.000000, 0.000000, 1.000000
-14.9797, 25.4942, 19.3486, 162.1220, 231.1250, -16.4943, 237.7081, 101.5356, 10.2538, -1.7367, 0.593138, 0.804180, -0.038501, 0.025494, -0.805101, 0.592504, -0.027410, 0.019349, 0.000770, 0.047255, 0.998883, 0.162122, 0.000000, 0.000000, 0.000000, 1.000000, 0.000834, 0.047207, 0.998885, 0.231125, -0.593138, -0.804180, 0.038500, -0.016494, 0.805101, -0.592508, 0.027330, 0.237708, 0.000000, 0.000000, 0.000000, 1.000000, -0.072597, -0.040563, -0.996536, 0.101536, -0.997231, -0.013177, 0.073184, 0.010254, -0.016100, 0.999090, -0.039495, -0.001737, 0.000000, 0.000000, 0.000000, 1.000000
-14.9757, 25.4885, 19.3438, 162.1302, 231.1332, -16.4887, 237.7128, 101.5358, 10.2543, -1.7368, 0.593137, 0.804183, -0.038445, 0.025488, -0.805101, 0.592506, -0.027371, 0.019344, 0.000768, 0.047187, 0.998886, 0.162130, 0.000000, 0.000000, 0.000000, 1.000000, 0.000832, 0.047139, 0.998888, 0.231133, -0.593137, -0.804183, 0.038445, -0.016489, 0.805101, -0.592510, 0.027291, 0.237713, 0.000000, 0.000000, 0.000000, 1.000000, -0.072598, -0.040564, -0.996536, 0.101536, -0.997231, -0.013182, 0.073186, 0.010254, -0.016105, 0.999090, -0.039494, -0.001737, 0.000000, 0.000000, 0.000000, 1.000000
-14.9757, 25.4885, 19.3438, 162.1302, 231.1332, -16.4887, 237.7128, 101.5358, 10.2543, -1.7368, 0.593137, 0.804183, -0.038445, 0.025488, -0.805101, 0.592506, -0.027371, 0.019344, 0.000768, 0.047187, 0.998886, 0.162130, 0.000000, 0.000000, 0.000000, 1.000000, 0.000832, 0.047139, 0.998888, 0.231133, -0.593137, -0.804183, 0.038445, -0.016489, 0.805101, -0.592510, 0.027291, 0.237713, 0.000000, 0.000000, 0.000000, 1.000000, -0.072598, -0.040564, -0.996536, 0.101536, -0.997231, -0.013182, 0.073186, 0.010254, -0.016105, 0.999090, -0.039494, -0.001737, 0.000000, 0.000000, 0.000000, 1.000000
-14.9690, 25.4790, 19.3352, 162.1437, 231.1468, -16.4792, 237.7213, 101.5361, 10.2551, -1.7369, 0.593138, 0.804187, -0.038351, 0.025479, -0.805101, 0.592509, -0.027308, 0.019335, 0.000763, 0.047074, 0.998891, 0.162144, 0.000000, 0.000000, 0.000000, 1.000000, 0.000827, 0.047025, 0.998893, 0.231147, -0.593138, -0.804187, 0.038350, -0.016479, 0.805101, -0.592513, 0.027227, 0.237721, 0.000000, 0.000000, 0.000000, 1.000000, -0.072600, -0.040564, -0.996536, 0.101536, -0.997231, -0.013190, 0.073188, 0.010255, -0.016113, 0.999090, -0.039494, -0.001737, 0.000000, 0.000000, 0.000000, 1.000000
-14.9666, 25.4756, 19.3321, 162.1486, 231.1516, -16.4757, 237.7245, 101.5363, 10.2555, -1.7369, 0.593138, 0.804189, -0.038317, 0.025476, -0.805101, 0.592510, -0.027285, 0.019332, 0.000761, 0.047033, 0.998893, 0.162149, 0.000000, 0.000000, 0.000000, 1.000000, 0.000826, 0.046984, 0.998895, 0.231152, -0.593138, -0.804189, 0.038316, -0.016476, 0.805100, -0.592514, 0.027204, 0.237725, 0.000000, 0.000000, 0.000000, 1.000000, -0.072601, -0.040564, -0.996536, 0.101536, -0.997231, -0.013193, 0.073189, 0.010255, -0.016117, 0.999090, -0.039494, -0.001737, 0.000000, 0.000000, 0.000000, 1.000000
-14.9587, 25.4641, 19.3239, 162.1655, 231.1686, -16.4642, 237.7325, 101.5367, 10.2565, -1.7370, 0.593137, 0.804194, -0.038207, 0.025464, -0.805101, 0.592513, -0.027203, 0.019324, 0.000762, 0.046896, 0.998899, 0.162166, 0.000000, 0.000000, 0.000000, 1.000000, 0.000826, 0.046847, 0.998902, 0.231169, -0.593137, -0.804194, 0.038206, -0.016464, 0.805101, -0.592517, 0.027122, 0.237733, 0.000000, 0.000000, 0.000000, 1.000000, -0.072603, -0.040564, -0.996536, 0.101537, -0.997231, -0.013203, 0.073191, 0.010256, -0.016127, 0.999090, -0.039493, -0.001737, 0.000000, 0.000000, 0.000000, 1.000000
-14.9560, 25.4597, 19.3224, 162.1724, 231.1754, -16.4599, 237.7340, 101.5369, 10.2568, -1.7371, 0.593136, 0.804197, -0.038169, 0.025460, -0.805102, 0.592514, -0.027169, 0.019322, 0.000766, 0.046845, 0.998902, 0.162172, 0.000000, 0.000000, 0.000000, 1.000000, 0.000831, 0.046796, 0.998904, 0.231175, -0.593136, -0.804197, 0.038168, -0.016460, 0.805102, -0.592518, 0.027088, 0.237734, 0.000000, 0.000000, 0.000000, 1.000000, -0.072604, -0.040565, -0.996536, 0.101537, -0.997230, -0.013207, 0.073192, 0.010257, -0.016130, 0.999090, -0.039493, -0.001737, 0.000000, 0.000000, 0.000000, 1.000000
-14.9501, 25.4506, 19.3187, 162.1864, 231.1894, -16.4508, 237.7377, 101.5373, 10.2576, -1.7372, 0.593134, 0.804202, -0.038087, 0.025451, -0.805103, 0.592515, -0.027099, 0.019319, 0.000774, 0.046738, 0.998907, 0.162186, 0.000000, 0.000000, 0.000000, 1.000000, 0.000839, 0.046689, 0.998909, 0.231189, -0.593134, -0.804202, 0.038086, -0.016451, 0.805103, -0.592519, 0.027018, 0.237738, 0.000000, 0.000000, 0.000000, 1.000000, -0.072606, -0.040565, -0.996535, 0.101537, -0.997230, -0.013214, 0.073194, 0.010258, -0.016138, 0.999090, -0.039493, -0.001737, 0.000000, 0.000000, 0.000000, 1.000000
-14.9439, 25.4412, 19.3140, 162.2008, 231.2039, -16.4414, 237.7423, 101.5377, 10.2584, -1.7373, 0.593133, 0.804208, -0.038001, 0.025441, -0.805104, 0.592517, -0.027028, 0.019314, 0.000780, 0.046626, 0.998912, 0.162201, 0.000000, 0.000000, 0.000000, 1.000000, 0.000845, 0.046576, 0.998914, 0.231204, -0.593133, -0.804208, 0.038000, -0.016441, 0.805104, -0.592521, 0.026946, 0.237742, 0.000000, 0.000000, 0.000000, 1.000000, -0.072608, -0.040566, -0.996535, 0.101538, -0.997230, -0.013222, 0.073196, 0.010258, -0.016146, 0.999089, -0.039493, -0.001737, 0.000000, 0.000000, 0.000000, 1.000000
-14.9407, 25.4364, 19.3113, 162.2082, 231.2113, -16.4365, 237.7449, 101.5379, 10.2588, -1.7374, 0.593132, 0.804210, -0.037956, 0.025436, -0.805105, 0.592518, -0.026992, 0.019311, 0.000782, 0.046568, 0.998915, 0.162208, 0.000000, 0.000000, 0.000000, 1.000000, 0.000848, 0.046519, 0.998917, 0.231211, -0.593132, -0.804210, 0.037955, -0.016437, 0.805105, -0.592522, 0.026910, 0.237745, 0.000000, 0.000000, 0.000000, 1.000000, -0.072609, -0.040566, -0.996535, 0.101538, -0.997230, -0.013226, 0.073198, 0.010259, -0.016150, 0.999089, -0.039493, -0.001737, 0.000000, 0.000000, 0.000000, 1.000000
-14.9340, 25.4264, 19.3052, 162.2232, 231.2263, -16.4266, 237.7509, 101.5383, 10.2597, -1.7375, 0.593131, 0.804215, -0.037862, 0.025426, -0.805106, 0.592520, -0.026919, 0.019305, 0.000785, 0.046450, 0.998920, 0.162223, 0.000000, 0.000000, 0.000000, 1.000000, 0.000851, 0.046400, 0.998923, 0.231226, -0.593131, -0.804215, 0.037861, -0.016427, 0.805106, -0.592524, 0.026837, 0.237751, 0.000000, 0.000000, 0.000000, 1.000000, -0.072610, -0.040566, -0.996535, 0.101538, -0.997229, -0.013235, 0.073200, 0.010260, -0.016158, 0.999089, -0.039493, -0.001737, 0.000000, 0.000000, 0.000000, 1.000000
-14.9270, 25.4161, 19.2982, 162.2386, 231.2417, -16.4163, 237.7578, 101.5387, 10.2606, -1.7376, 0.593130, 0.804220, -0.037764, 0.025416, -0.805106, 0.592523, -0.026845, 0.019298, 0.000786, 0.046327, 0.998926, 0.162239, 0.000000, 0.000000, 0.000000, 1.000000, 0.000853, 0.046277, 0.998928, 0.231242, -0.593130, -0.804221, 0.037763, -0.016416, 0.805106, -0.592527, 0.026762, 0.237758, 0.000000, 0.000000, 0.000000, 1.000000, -0.072613, -0.040566, -0.996535, 0.101539, -0.997229, -0.013244, 0.073202, 0.010261, -0.016167, 0.999089, -0.039492, -0.001738, 0.000000, 0.000000, 0.000000, 1.000000
-14.9234, 25.4108, 19.2944, 162.2464, 231.2495, -16.4110, 237.7615, 101.5389, 10.2610, -1.7376, 0.593130, 0.804223, -0.037713, 0.025411, -0.805106, 0.592524, -0.026808, 0.019294, 0.000786, 0.046264, 0.998929, 0.162246, 0.000000, 0.000000, 0.000000, 1.000000, 0.000853, 0.046214, 0.998931, 0.231250, -0.593130, -0.804223, 0.037712, -0.016411, 0.805106, -0.592528, 0.026724, 0.237762, 0.000000, 0.000000, 0.000000, 1.000000, -0.072614, -0.040567, -0.996535, 0.101539, -0.997229, -0.013248, 0.073203, 0.010261, -0.016172, 0.999089, -0.039492, -0.001738, 0.000000, 0.000000, 0.000000, 1.000000
-14.9159, 25.4001, 19.2863, 162.2623, 231.2655, -16.4002, 237.7696, 101.5393, 10.2620, -1.7377, 0.593130, 0.804228, -0.037609, 0.025400, -0.805107, 0.592527, -0.026732, 0.019286, 0.000785, 0.046135, 0.998935, 0.162262, 0.000000, 0.000000, 0.000000, 1.000000, 0.000853, 0.046084, 0.998937, 0.231265, -0.593130, -0.804228, 0.037608, -0.016400, 0.805107, -0.592531, 0.026648, 0.237770, 0.000000, 0.000000, 0.000000, 1.000000, -0.072616, -0.040567, -0.996535, 0.101539, -0.997229, -0.013258, 0.073206, 0.010262, -0.016182, 0.999089, -0.039492, -0.001738, 0.000000, 0.000000, 0.000000, 1.000000
-14.9159, 25.4001, 19.2863, 162.2623, 231.2655, -16.4002, 237.7696, 101.5393, 10.2620, -1.7377, 0.593130, 0.804228, -0.037609, 0.025400, -0.805107, 0.592527, -0.026732, 0.019286, 0.000785, 0.046135, 0.998935, 0.162262, 0.000000, 0.000000, 0.000000, 1.000000, 0.000853, 0.046084, 0.998937, 0.231265, -0.593130, -0.804228, 0.037608, -0.016400, 0.805107, -0.592531, 0.026648, 0.237770, 0.000000, 0.000000, 0.000000, 1.000000, -0.072616, -0.040567, -0.996535, 0.101539, -0.997229, -0.013258, 0.073206, 0.010262, -0.016182, 0.999089, -0.039492, -0.001738, 0.000000, 0.000000, 0.000000, 1.000000
-14.9043, 25.3834, 19.2728, 162.2868, 231.2899, -16.3836, 237.7830, 101.5400, 10.2635, -1.7379, 0.593130, 0.804236, -0.037445, 0.025383, -0.805107, 0.592533, -0.026617, 0.019273, 0.000782, 0.045935, 0.998944, 0.162287, 0.000000, 0.000000, 0.000000, 1.000000, 0.000849, 0.045884, 0.998946, 0.231290, -0.593130, -0.804236, 0.037445, -0.016384, 0.805106, -0.592537, 0.026532, 0.237783, 0.000000, 0.000000, 0.000000, 1.000000, -0.072619, -0.040567, -0.996534, 0.101540, -0.997228, -0.013273, 0.073210, 0.010264, -0.016196, 0.999089, -0.039491, -0.001738, 0.000000, 0.000000, 0.000000, 1.000000
-14.8963, 25.3720, 19.2630, 162.3034, 231.3066, -16.3721, 237.7927, 101.5404, 10.2646, -1.7379, 0.593130, 0.804241, -0.037332, 0.025372, -0.805106, 0.592537, -0.026538, 0.019263, 0.000778, 0.045797, 0.998950, 0.162303, 0.000000, 0.000000, 0.000000, 1.000000, 0.000845, 0.045746, 0.998953, 0.231307, -0.593130, -0.804241, 0.037332, -0.016372, 0.805106, -0.592541, 0.026454, 0.237793, 0.000000, 0.000000, 0.000000, 1.000000, -0.072622, -0.040568, -0.996534, 0.101540, -0.997228, -0.013283, 0.073213, 0.010265, -0.016207, 0.999088, -0.039491, -0.001738, 0.000000, 0.000000, 0.000000, 1.000000
-14.8922, 25.3662, 19.2580, 162.3118, 231.3150, -16.3664, 237.7977, 101.5406, 10.2651, -1.7380, 0.593130, 0.804243, -0.037275, 0.025366, -0.805106, 0.592539, -0.026499, 0.019258, 0.000775, 0.045727, 0.998954, 0.162312, 0.000000, 0.000000, 0.000000, 1.000000, 0.000843, 0.045676, 0.998956, 0.231315, -0.593130, -0.804243, 0.037274, -0.016366, 0.805106, -0.592543, 0.026414, 0.237798, 0.000000, 0.000000, 0.000000, 1.000000, -0.072623, -0.040568, -0.996534, 0.101541, -0.997228, -0.013288, 0.073214, 0.010265, -0.016212, 0.999088, -0.039490, -0.001738, 0.000000, 0.000000, 0.000000, 1.000000
-14.8839, 25.3544, 19.2474, 162.3289, 231.3321, -16.3546, 237.8082, 101.5410, 10.2662, -1.7381, 0.593131, 0.804248, -0.037158, 0.025354, -0.805105, 0.592543, -0.026419, 0.019247, 0.000770, 0.045586, 0.998960, 0.162329, 0.000000, 0.000000, 0.000000, 1.000000, 0.000838, 0.045535, 0.998962, 0.231332, -0.593131, -0.804248, 0.037157, -0.016355, 0.805105, -0.592547, 0.026334, 0.237808, 0.000000, 0.000000, 0.000000, 1.000000, -0.072625, -0.040568, -0.996534, 0.101541, -0.997227, -0.013298, 0.073217, 0.010266, -0.016223, 0.999088, -0.039490, -0.001738, 0.000000, 0.000000, 0.000000, 1.000000
-14.8797, 25.3485, 19.2420, 162.3375, 231.3407, -16.3487, 237.8136, 101.5413, 10.2667, -1.7381, 0.593132, 0.804250, -0.037098, 0.025348, -0.805105, 0.592545, -0.026379, 0.019242, 0.000767, 0.045514, 0.998963, 0.162337, 0.000000, 0.000000, 0.000000, 1.000000, 0.000835, 0.045463, 0.998966, 0.231341, -0.593132, -0.804250, 0.037097, -0.016349, 0.805105, -0.592549, 0.026294, 0.237814, 0.000000, 0.000000, 0.000000, 1.000000, -0.072626, -0.040568, -0.996534, 0.101541, -0.997227, -0.013304, 0.073219, 0.010267, -0.016228, 0.999088, -0.039490, -0.001738, 0.000000, 0.000000, 0.000000, 1.000000
-14.8711, 25.3365, 19.2309, 162.3548, 231.3580, -16.3367, 237.8246, 101.5417, 10.2678, -1.7382, 0.593133, 0.804255, -0.036977, 0.025336, -0.805104, 0.592550, -0.026298, 0.019231, 0.000760, 0.045369, 0.998970, 0.162355, 0.000000, 0.000000, 0.000000, 1.000000, 0.000829, 0.045318, 0.998972, 0.231358, -0.593133, -0.804255, 0.036977, -0.016337, 0.805104, -0.592554, 0.026213, 0.237825, 0.000000, 0.000000, 0.000000, 1.000000, -0.072629, -0.040569, -0.996534, 0.101542, -0.997227, -0.013315, 0.073222, 0.010268, -0.016239, 0.999088, -0.039489, -0.001738, 0.000000, 0.000000, 0.000000, 1.000000
-14.8711, 25.3365, 19.2309, 162.3548, 231.3580, -16.3367, 237.8246, 101.5417, 10.2678, -1.7382, 0.593133, 0.804255, -0.036977, 0.025336, -0.805104, 0.592550, -0.026298, 0.019231, 0.000760, 0.045369, 0.998970, 0.162355, 0.000000, 0.000000, 0.000000, 1.000000, 0.000829, 0.045318, 0.998972, 0.231358, -0.593133, -0.804255, 0.036977, -0.016337, 0.805104, -0.592554, 0.026213, 0.237825, 0.000000, 0.000000, 0.000000, 1.000000, -0.072629, -0.040569, -0.996534, 0.101542, -0.997227, -0.013315, 0.073222, 0.010268, -0.016239, 0.999088, -0.039489, -0.001738, 0.000000, 0.000000, 0.000000, 1.000000
-14.8537, 25.3121, 19.2078, 162.3899, 231.3932, -16.3122, 237.8476, 101.5426, 10.2701, -1.7384, 0.593135, 0.804265, -0.036731, 0.025312, -0.805103, 0.592559, -0.026135, 0.019208, 0.000746, 0.045074, 0.998983, 0.162390, 0.000000, 0.000000, 0.000000, 1.000000, 0.000815, 0.045022, 0.998986, 0.231393, -0.593135, -0.804265, 0.036731, -0.016312, 0.805103, -0.592563, 0.026049, 0.237848, 0.000000, 0.000000, 0.000000, 1.000000, -0.072634, -0.040569, -0.996533, 0.101543, -0.997226, -0.013337, 0.073228, 0.010270, -0.016261, 0.999088, -0.039488, -0.001738, 0.000000, 0.000000, 0.000000, 1.000000
-14.8448, 25.2998, 19.1961, 162.4076, 231.4109, -16.2999, 237.8593, 101.5431, 10.2712, -1.7384, 0.593136, 0.804269, -0.036607, 0.025300, -0.805102, 0.592564, -0.026053, 0.019196, 0.000739, 0.044925, 0.998990, 0.162408, 0.000000, 0.000000, 0.000000, 1.000000, 0.000808, 0.044873, 0.998992, 0.231411, -0.593136, -0.804269, 0.036606, -0.016300, 0.805102, -0.592568, 0.025967, 0.237859, 0.000000, 0.000000, 0.000000, 1.000000, -0.072637, -0.040569, -0.996533, 0.101543, -0.997226, -0.013348, 0.073231, 0.010271, -0.016273, 0.999088, -0.039487, -0.001738, 0.000000, 0.000000, 0.000000, 1.000000
-14.8448, 25.2998, 19.1961, 162.4076, 231.4109, -16.2999, 237.8593, 101.5431, 10.2712, -1.7384, 0.593136, 0.804269, -0.036607, 0.025300, -0.805102, 0.592564, -0.026053, 0.019196, 0.000739, 0.044925, 0.998990, 0.162408, 0.000000, 0.000000, 0.000000, 1.000000, 0.000808, 0.044873, 0.998992, 0.231411, -0.593136, -0.804269, 0.036606, -0.016300, 0.805102, -0.592568, 0.025967, 0.237859, 0.000000, 0.000000, 0.000000, 1.000000, -0.072637, -0.040569, -0.996533, 0.101543, -0.997226, -0.013348, 0.073231, 0.010271, -0.016273, 0.999088, -0.039487, -0.001738, 0.000000, 0.000000, 0.000000, 1.000000
-14.8316, 25.2813, 19.1783, 162.4342, 231.4374, -16.2815, 237.8770, 101.5438, 10.2729, -1.7386, 0.593139, 0.804276, -0.036420, 0.025281, -0.805100, 0.592572, -0.025930, 0.019178, 0.000727, 0.044702, 0.999000, 0.162434, 0.000000, 0.000000, 0.000000, 1.000000, 0.000796, 0.044650, 0.999002, 0.231437, -0.593139, -0.804276, 0.036419, -0.016282, 0.805100, -0.592576, 0.025843, 0.237877, 0.000000, 0.000000, 0.000000, 1.000000, -0.072641, -0.040569, -0.996533, 0.101544, -0.997225, -0.013365, 0.073235, 0.010273, -0.016289, 0.999087, -0.039486, -0.001739, 0.000000, 0.000000, 0.000000, 1.000000
-14.8272, 25.2752, 19.1724, 162.4430, 231.4463, -16.2754, 237.8829, 101.5440, 10.2735, -1.7386, 0.593139, 0.804278, -0.036358, 0.025275, -0.805099, 0.592575, -0.025889, 0.019172, 0.000723, 0.044627, 0.999003, 0.162443, 0.000000, 0.000000, 0.000000, 1.000000, 0.000792, 0.044575, 0.999006, 0.231446, -0.593139, -0.804278, 0.036357, -0.016275, 0.805099, -0.592579, 0.025802, 0.237883, 0.000000, 0.000000, 0.000000, 1.000000, -0.072642, -0.040570, -0.996533, 0.101544, -0.997225, -0.013370, 0.073237, 0.010274, -0.016295, 0.999087, -0.039486, -0.001739, 0.000000, 0.000000, 0.000000, 1.000000
-14.8140, 25.2568, 19.1548, 162.4695, 231.4728, -16.2570, 237.9005, 101.5447, 10.2752, -1.7387, 0.593142, 0.804285, -0.036172, 0.025257, -0.805098, 0.592582, -0.025765, 0.019155, 0.000712, 0.044404, 0.999013, 0.162470, 0.000000, 0.000000, 0.000000, 1.000000, 0.000781, 0.044352, 0.999016, 0.231473, -0.593142, -0.804285, 0.036171, -0.016257, 0.805098, -0.592586, 0.025679, 0.237901, 0.000000, 0.000000, 0.000000, 1.000000, -0.072646, -0.040570, -0.996532, 0.101545, -0.997224, -0.013387, 0.073242, 0.010275, -0.016312, 0.999087, -0.039485, -0.001739, 0.000000, 0.000000, 0.000000, 1.000000
-14.8096, 25.2507, 19.1489, 162.4784, 231.4816, -16.2509, 237.9063, 101.5449, 10.2758, -1.7387, 0.593143, 0.804287, -0.036110, 0.025251, -0.805097, 0.592585, -0.025724, 0.019149, 0.000708, 0.044330, 0.999017, 0.162478, 0.000000, 0.000000, 0.000000, 1.000000, 0.000778, 0.044278, 0.999019, 0.231482, -0.593143, -0.804287, 0.036109, -0.016251, 0.805097, -0.592589, 0.025638, 0.237906, 0.000000, 0.000000, 0.000000, 1.000000, -0.072647, -0.040570, -0.996532, 0.101545, -0.997224, -0.013393, 0.073243, 0.010276, -0.016318, 0.999087, -0.039484, -0.001739, 0.000000, 0.000000, 0.000000, 1.000000
-14.8009, 25.2386, 19.1374, 162.4959, 231.4992, -16.2387, 237.9178, 101.5453, 10.2769, -1.7388, 0.593144, 0.804291, -0.035987, 0.025239, -0.805096, 0.592590, -0.025643, 0.019137, 0.000701, 0.044183, 0.999023, 0.162496, 0.000000, 0.000000, 0.000000, 1.000000, 0.000771, 0.044131, 0.999025, 0.231499, -0.593144, -0.804292, 0.035986, -0.016239, 0.805096, -0.592594, 0.025556, 0.237918, 0.000000, 0.000000, 0.000000, 1.000000, -0.072650, -0.040570, -0.996532, 0.101545, -0.997224, -0.013404, 0.073246, 0.010277, -0.016329, 0.999087, -0.039484, -0.001739, 0.000000, 0.000000, 0.000000, 1.000000
-14.7965, 25.2325, 19.1317, 162.5047, 231.5079, -16.2327, 237.9235, 101.5455, 10.2775, -1.7389, 0.593145, 0.804294, -0.035926, 0.025233, -0.805095, 0.592593, -0.025602, 0.019132, 0.000698, 0.044110, 0.999026, 0.162505, 0.000000, 0.000000, 0.000000, 1.000000, 0.000768, 0.044057, 0.999029, 0.231508, -0.593145, -0.804294, 0.035925, -0.016233, 0.805095, -0.592597, 0.025515, 0.237924, 0.000000, 0.000000, 0.000000, 1.000000, -0.072651, -0.040570, -0.996532, 0.101546, -0.997224, -0.013409, 0.073248, 0.010277, -0.016334, 0.999087, -0.039483, -0.001739, 0.000000, 0.000000, 0.000000, 1.000000
-14.7922, 25.2265, 19.1261, 162.5134, 231.5167, -16.2267, 237.9291, 101.5458, 10.2780, -1.7389, 0.593146, 0.804296, -0.035865, 0.025227, -0.805095, 0.592595, -0.025561, 0.019126, 0.000695, 0.044037, 0.999030, 0.162513, 0.000000, 0.000000, 0.000000, 1.000000, 0.000764, 0.043984, 0.999032, 0.231517, -0.593146, -0.804296, 0.035864, -0.016227, 0.805095, -0.592599, 0.025474, 0.237929, 0.000000, 0.000000, 0.000000, 1.000000, -0.072653, -0.040570, -0.996532, 0.101546, -0.997223, -0.013415, 0.073249, 0.010278, -0.016340, 0.999087, -0.039483, -0.001739, 0.000000, 0.000000, 0.000000, 1.000000
-14.7795, 25.2087, 19.1095, 162.5393, 231.5426, -16.2089, 237.9457, 101.5464, 10.2797, -1.7390, 0.593148, 0.804302, -0.035685, 0.025209, -0.805093, 0.592603, -0.025440, 0.019109, 0.000686, 0.043820, 0.999039, 0.162539, 0.000000, 0.000000, 0.000000, 1.000000, 0.000755, 0.043767, 0.999041, 0.231543, -0.593148, -0.804302, 0.035685, -0.016209, 0.805093, -0.592607, 0.025353, 0.237946, 0.000000, 0.000000, 0.000000, 1.000000, -0.072656, -0.040571, -0.996532, 0.101546, -0.997223, -0.013431, 0.073254, 0.010280, -0.016356, 0.999086, -0.039482, -0.001739, 0.000000, 0.000000, 0.000000, 1.000000
-14.7753, 25.2028, 19.1041, 162.5479, 231.5511, -16.2030, 237.9510, 101.5466, 10.2802, -1.7390, 0.593149, 0.804304, -0.035626, 0.025203, -0.805093, 0.592605, -0.025400, 0.019104, 0.000683, 0.043748, 0.999042, 0.162548, 0.000000, 0.000000, 0.000000, 1.000000, 0.000753, 0.043696, 0.999045, 0.231551, -0.593149, -0.804304, 0.035625, -0.016203, 0.805092, -0.592609, 0.025313, 0.237951, 0.000000, 0.000000, 0.000000, 1.000000, -0.072658, -0.040571, -0.996531, 0.101547, -0.997223, -0.013436, 0.073255, 0.010280, -0.016361, 0.999086, -0.039482, -0.001739, 0.000000, 0.000000, 0.000000, 1.000000
-14.7670, 25.1912, 19.0936, 162.5648, 231.5681, -16.1914, 237.9616, 101.5471, 10.2813, -1.7391, 0.593150, 0.804308, -0.035509, 0.025191, -0.805091, 0.592610, -0.025321, 0.019094, 0.000678, 0.043607, 0.999049, 0.162565, 0.000000, 0.000000, 0.000000, 1.000000, 0.000747, 0.043555, 0.999051, 0.231568, -0.593150, -0.804308, 0.035509, -0.016191, 0.805091, -0.592614, 0.025233, 0.237962, 0.000000, 0.000000, 0.000000, 1.000000, -0.072660, -0.040571, -0.996531, 0.101547, -0.997222, -0.013447, 0.073258, 0.010281, -0.016372, 0.999086, -0.039481, -0.001739, 0.000000, 0.000000, 0.000000, 1.000000
-14.7629, 25.1855, 19.0884, 162.5732, 231.5765, -16.1856, 237.9667, 101.5473, 10.2818, -1.7392, 0.593151, 0.804310, -0.035452, 0.025185, -0.805091, 0.592612, -0.025281, 0.019088, 0.000675, 0.043537, 0.999052, 0.162573, 0.000000, 0.000000, 0.000000, 1.000000, 0.000745, 0.043485, 0.999054, 0.231577, -0.593151, -0.804310, 0.035451, -0.016186, 0.805091, -0.592616, 0.025194, 0.237967, 0.000000, 0.000000, 0.000000, 1.000000, -0.072661, -0.040571, -0.996531, 0.101547, -0.997222, -0.013452, 0.073259, 0.010282, -0.016377, 0.999086, -0.039481, -0.001739, 0.000000, 0.000000, 0.000000, 1.000000
-14.7548, 25.1741, 19.0784, 162.5899, 231.5932, -16.1743, 237.9767, 101.5477, 10.2829, -1.7392, 0.593152, 0.804314, -0.035338, 0.025174, -0.805090, 0.592617, -0.025203, 0.019078, 0.000671, 0.043399, 0.999058, 0.162590, 0.000000, 0.000000, 0.000000, 1.000000, 0.000741, 0.043347, 0.999060, 0.231593, -0.593152, -0.804314, 0.035337, -0.016174, 0.805090, -0.592621, 0.025115, 0.237977, 0.000000, 0.000000, 0.000000, 1.000000, -0.072664, -0.040571, -0.996531, 0.101548, -0.997222, -0.013462, 0.073262, 0.010283, -0.016388, 0.999086, -0.039480, -0.001739, 0.000000, 0.000000, 0.000000, 1.000000
-14.7469, 25.1630, 19.0687, 162.6063, 231.6096, -16.1631, 237.9864, 101.5481, 10.2839, -1.7393, 0.593154, 0.804318, -0.035226, 0.025163, -0.805089, 0.592622, -0.025125, 0.019069, 0.000667, 0.043264, 0.999063, 0.162606, 0.000000, 0.000000, 0.000000, 1.000000, 0.000737, 0.043211, 0.999066, 0.231610, -0.593154, -0.804318, 0.035226, -0.016163, 0.805089, -0.592625, 0.025038, 0.237986, 0.000000, 0.000000, 0.000000, 1.000000, -0.072666, -0.040571, -0.996531, 0.101548, -0.997222, -0.013472, 0.073265, 0.010284, -0.016398, 0.999086, -0.039480, -0.001739, 0.000000, 0.000000, 0.000000, 1.000000
-14.7430, 25.1575, 19.0640, 162.6144, 231.6177, -16.1576, 237.9911, 101.5483, 10.2844, -1.7394, 0.593154, 0.804320, -0.035172, 0.025157, -0.805089, 0.592624, -0.025087, 0.019064, 0.000665, 0.043197, 0.999066, 0.162614, 0.000000, 0.000000, 0.000000, 1.000000, 0.000735, 0.043144, 0.999069, 0.231618, -0.593154, -0.804320, 0.035171, -0.016158, 0.805089, -0.592628, 0.025000, 0.237991, 0.000000, 0.000000, 0.000000, 1.000000, -0.072667, -0.040571, -0.996531, 0.101548, -0.997221, -0.013477, 0.073266, 0.010284, -0.016403, 0.999086, -0.039479, -0.001739, 0.000000, 0.000000, 0.000000, 1.000000
-14.7353, 25.1466, 19.0548, 162.6304, 231.6337, -16.1468, 238.0003, 101.5488, 10.2854, -1.7394, 0.593155, 0.804324, -0.035064, 0.025147, -0.805088, 0.592628, -0.025011, 0.019055, 0.000663, 0.043065, 0.999072, 0.162630, 0.000000, 0.000000, 0.000000, 1.000000, 0.000732, 0.043012, 0.999074, 0.231634, -0.593155, -0.804324, 0.035063, -0.016147, 0.805088, -0.592632, 0.024924, 0.238000, 0.000000, 0.000000, 0.000000, 1.000000, -0.072670, -0.040572, -0.996531, 0.101549, -0.997221, -0.013487, 0.073269, 0.010285, -0.016413, 0.999086, -0.039479, -0.001739, 0.000000, 0.000000, 0.000000, 1.000000
-14.7315, 25.1413, 19.0504, 162.6383, 231.6416, -16.1415, 238.0047, 101.5490, 10.2859, -1.7395, 0.593156, 0.804326, -0.035011, 0.025141, -0.805087, 0.592630, -0.024974, 0.019050, 0.000661, 0.043000, 0.999075, 0.162638, 0.000000, 0.000000, 0.000000, 1.000000, 0.000731, 0.042948, 0.999077, 0.231642, -0.593156, -0.804326, 0.035010, -0.016141, 0.805087, -0.592634, 0.024886, 0.238005, 0.000000, 0.000000, 0.000000, 1.000000, -0.072671, -0.040572, -0.996530, 0.101549, -0.997221, -0.013492, 0.073270, 0.010286, -0.016417, 0.999086, -0.039479, -0.001739, 0.000000, 0.000000, 0.000000, 1.000000
-14.7205, 25.1257, 19.0376, 162.6616, 231.6649, -16.1258, 238.0175, 101.5495, 10.2873, -1.7396, 0.593157, 0.804332, -0.034856, 0.025126, -0.805086, 0.592636, -0.024864, 0.019038, 0.000658, 0.042810, 0.999083, 0.162662, 0.000000, 0.000000, 0.000000, 1.000000, 0.000728, 0.042757, 0.999085, 0.231665, -0.593157, -0.804332, 0.034855, -0.016126, 0.805086, -0.592640, 0.024776, 0.238018, 0.000000, 0.000000, 0.000000, 1.000000, -0.072674, -0.040572, -0.996530, 0.101550, -0.997220, -0.013506, 0.073274, 0.010287, -0.016432, 0.999085, -0.039478, -0.001740, 0.000000, 0.000000, 0.000000, 1.000000
-14.7134, 25.1156, 19.0296, 162.6766, 231.6800, -16.1158, 238.0255, 101.5499, 10.2883, -1.7397, 0.593158, 0.804336, -0.034756, 0.025116, -0.805086, 0.592640, -0.024792, 0.019030, 0.000657, 0.042687, 0.999088, 0.162677, 0.000000, 0.000000, 0.000000, 1.000000, 0.000727, 0.042635, 0.999090, 0.231680, -0.593158, -0.804336, 0.034756, -0.016116, 0.805086, -0.592644, 0.024704, 0.238026, 0.000000, 0.000000, 0.000000, 1.000000, -0.072676, -0.040572, -0.996530, 0.101550, -0.997220, -0.013515, 0.073277, 0.010288, -0.016441, 0.999085, -0.039477, -0.001740, 0.000000, 0.000000, 0.000000, 1.000000
