# Joint_B_Angle(deg), Cam_X(mm), Cam_Y(mm), Cam_Z(mm), Torso_X(mm), Torso_Y(mm), Torso_Z(mm), EE_X(mm), EE_Y(mm), EE_Z(mm), T_cam2marker_flat(16), T_torso2marker_flat(16), T_ee2marker_flat(16)
-10.0001, 13.5539, -1.4678, 133.3417, 202.3480, -4.5540, 258.5217, 81.0053, 8.4620, -13.9085, 0.578249, -0.802814, -0.145318, 0.013554, 0.812675, 0.582504, 0.015730, -0.001468, 0.072020, -0.127192, 0.989260, 0.133342, 0.000000, 0.000000, 0.000000, 1.000000, 0.071931, -0.127254, 0.989258, 0.202348, -0.578249, 0.802814, 0.145317, -0.004554, -0.812683, -0.582491, -0.015837, 0.258522, 0.000000, 0.000000, 0.000000, 1.000000, 0.000148, 0.101056, -0.994881, 0.081005, -0.998440, -0.055528, -0.005789, 0.008462, -0.055828, 0.993330, 0.100890, -0.013909, 0.000000, 0.000000, 0.000000, 1.000000
-10.0001, 13.5540, -1.4665, 133.3423, 202.3486, -4.5542, 258.5204, 81.0053, 8.4620, -13.9085, 0.578248, -0.802815, -0.145316, 0.013554, 0.812676, 0.582503, 0.015734, -0.001467, 0.072016, -0.127193, 0.989260, 0.133342, 0.000000, 0.000000, 0.000000, 1.000000, 0.071927, -0.127256, 0.989259, 0.202349, -0.578248, 0.802815, 0.145315, -0.004554, -0.812684, -0.582489, -0.015841, 0.258520, 0.000000, 0.000000, 0.000000, 1.000000, 0.000148, 0.101056, -0.994881, 0.081005, -0.998440, -0.055528, -0.005789, 0.008462, -0.055828, 0.993330, 0.100890, -0.013909, 0.000000, 0.000000, 0.000000, 1.000000
-10.0001, 13.5543, -1.4643, 133.3434, 202.3497, -4.5545, 258.5182, 81.0053, 8.4620, -13.9085, 0.578247, -0.802816, -0.145314, 0.013554, 0.812678, 0.582501, 0.015741, -0.001464, 0.072008, -0.127195, 0.989260, 0.133343, 0.000000, 0.000000, 0.000000, 1.000000, 0.071920, -0.127258, 0.989259, 0.202350, -0.578247, 0.802817, 0.145313, -0.004554, -0.812686, -0.582487, -0.015848, 0.258518, 0.000000, 0.000000, 0.000000, 1.000000, 0.000148, 0.101056, -0.994881, 0.081005, -0.998440, -0.055528, -0.005789, 0.008462, -0.055828, 0.993330, 0.100890, -0.013908, 0.000000, 0.000000, 0.000000, 1.000000
-10.0001, 13.5545, -1.4624, 133.3442, 202.3506, -4.5547, 258.5163, 81.0053, 8.4620, -13.9085, 0.578246, -0.802818, -0.145311, 0.013555, 0.812679, 0.582499, 0.015746, -0.001462, 0.072002, -0.127197, 0.989261, 0.133344, 0.000000, 0.000000, 0.000000, 1.000000, 0.071914, -0.127259, 0.989259, 0.202351, -0.578246, 0.802818, 0.145311, -0.004555, -0.812687, -0.582485, -0.015854, 0.258516, 0.000000, 0.000000, 0.000000, 1.000000, 0.000148, 0.101056, -0.994881, 0.081005, -0.998440, -0.055528, -0.005789, 0.008462, -0.055828, 0.993330, 0.100890, -0.013908, 0.000000, 0.000000, 0.000000, 1.000000
-10.0001, 13.5546, -1.4616, 133.3446, 202.3509, -4.5548, 258.5155, 81.0053, 8.4620, -13.9085, 0.578245, -0.802818, -0.145310, 0.013555, 0.812680, 0.582498, 0.015749, -0.001462, 0.072000, -0.127197, 0.989261, 0.133345, 0.000000, 0.000000, 0.000000, 1.000000, 0.071911, -0.127260, 0.989259, 0.202351, -0.578246, 0.802818, 0.145309, -0.004555, -0.812687, -0.582484, -0.015856, 0.258516, 0.000000, 0.000000, 0.000000, 1.000000, 0.000148, 0.101056, -0.994881, 0.081005, -0.998440, -0.055528, -0.005789, 0.008462, -0.055828, 0.993330, 0.100890, -0.013908, 0.000000, 0.000000, 0.000000, 1.000000
-10.0001, 13.5547, -1.4603, 133.3451, 202.3515, -4.5549, 258.5141, 81.0053, 8.4620, -13.9085, 0.578245, -0.802819, -0.145308, 0.013555, 0.812681, 0.582496, 0.015752, -0.001460, 0.071995, -0.127198, 0.989261, 0.133345, 0.000000, 0.000000, 0.000000, 1.000000, 0.071907, -0.127260, 0.989259, 0.202351, -0.578245, 0.802819, 0.145307, -0.004555, -0.812688, -0.582483, -0.015860, 0.258514, 0.000000, 0.000000, 0.000000, 1.000000, 0.000148, 0.101056, -0.994881, 0.081005, -0.998440, -0.055528, -0.005789, 0.008462, -0.055828, 0.993330, 0.100890, -0.013908, 0.000000, 0.000000, 0.000000, 1.000000
-10.0001, 13.5548, -1.4597, 133.3454, 202.3517, -4.5549, 258.5136, 81.0053, 8.4620, -13.9085, 0.578244, -0.802820, -0.145307, 0.013555, 0.812681, 0.582496, 0.015754, -0.001460, 0.071993, -0.127198, 0.989261, 0.133345, 0.000000, 0.000000, 0.000000, 1.000000, 0.071905, -0.127261, 0.989260, 0.202352, -0.578244, 0.802820, 0.145306, -0.004555, -0.812689, -0.582482, -0.015861, 0.258514, 0.000000, 0.000000, 0.000000, 1.000000, 0.000148, 0.101056, -0.994881, 0.081005, -0.998440, -0.055528, -0.005789, 0.008462, -0.055828, 0.993330, 0.100890, -0.013908, 0.000000, 0.000000, 0.000000, 1.000000
-10.0000, 13.5548, -1.4589, 133.3460, 202.3523, -4.5550, 258.5127, 81.0053, 8.4620, -13.9085, 0.578244, -0.802820, -0.145306, 0.013555, 0.812682, 0.582495, 0.015756, -0.001459, 0.071991, -0.127198, 0.989261, 0.133346, 0.000000, 0.000000, 0.000000, 1.000000, 0.071902, -0.127261, 0.989260, 0.202352, -0.578244, 0.802820, 0.145305, -0.004555, -0.812689, -0.582481, -0.015863, 0.258513, 0.000000, 0.000000, 0.000000, 1.000000, 0.000148, 0.101056, -0.994881, 0.081005, -0.998440, -0.055528, -0.005789, 0.008462, -0.055828, 0.993330, 0.100890, -0.013908, 0.000000, 0.000000, 0.000000, 1.000000
-10.0000, 13.5548, -1.4586, 133.3464, 202.3527, -4.5550, 258.5125, 81.0053, 8.4620, -13.9085, 0.578244, -0.802820, -0.145306, 0.013555, 0.812682, 0.582495, 0.015757, -0.001459, 0.071990, -0.127199, 0.989261, 0.133346, 0.000000, 0.000000, 0.000000, 1.000000, 0.071901, -0.127261, 0.989260, 0.202353, -0.578244, 0.802820, 0.145305, -0.004555, -0.812690, -0.582481, -0.015864, 0.258512, 0.000000, 0.000000, 0.000000, 1.000000, 0.000148, 0.101056, -0.994881, 0.081005, -0.998440, -0.055528, -0.005789, 0.008462, -0.055828, 0.993330, 0.100890, -0.013908, 0.000000, 0.000000, 0.000000, 1.000000
-9.9998, 13.5548, -1.4583, 133.3475, 202.3539, -4.5549, 258.5122, 81.0053, 8.4620, -13.9085, 0.578243, -0.802820, -0.145306, 0.013555, 0.812682, 0.582494, 0.015759, -0.001458, 0.071989, -0.127200, 0.989261, 0.133348, 0.000000, 0.000000, 0.000000, 1.000000, 0.071900, -0.127263, 0.989260, 0.202354, -0.578243, 0.802821, 0.145305, -0.004555, -0.812690, -0.582480, -0.015866, 0.258512, 0.000000, 0.000000, 0.000000, 1.000000, 0.000148, 0.101056, -0.994881, 0.081005, -0.998440, -0.055528, -0.005789, 0.008462, -0.055828, 0.993330, 0.100890, -0.013908, 0.000000, 0.000000, 0.000000, 1.000000
-9.9995, 13.5547, -1.4583, 133.3494, 202.3558, -4.5548, 258.5122, 81.0053, 8.4620, -13.9084, 0.578243, -0.802820, -0.145308, 0.013555, 0.812682, 0.582494, 0.015760, -0.001458, 0.071989, -0.127203, 0.989261, 0.133349, 0.000000, 0.000000, 0.000000, 1.000000, 0.071900, -0.127265, 0.989259, 0.202356, -0.578243, 0.802820, 0.145308, -0.004555, -0.812690, -0.582480, -0.015867, 0.258512, 0.000000, 0.000000, 0.000000, 1.000000, 0.000148, 0.101056, -0.994881, 0.081005, -0.998440, -0.055528, -0.005789, 0.008462, -0.055828, 0.993330, 0.100890, -0.013908, 0.000000, 0.000000, 0.000000, 1.000000
-9.9994, 13.5546, -1.4585, 133.3507, 202.3571, -4.5548, 258.5124, 81.0053, 8.4620, -13.9084, 0.578243, -0.802820, -0.145310, 0.013555, 0.812682, 0.582494, 0.015761, -0.001458, 0.071989, -0.127205, 0.989261, 0.133351, 0.000000, 0.000000, 0.000000, 1.000000, 0.071900, -0.127268, 0.989259, 0.202357, -0.578243, 0.802820, 0.145310, -0.004555, -0.812690, -0.582480, -0.015869, 0.258512, 0.000000, 0.000000, 0.000000, 1.000000, 0.000148, 0.101056, -0.994881, 0.081005, -0.998440, -0.055528, -0.005789, 0.008462, -0.055828, 0.993330, 0.100890, -0.013908, 0.000000, 0.000000, 0.000000, 1.000000
-9.9991, 13.5545, -1.4587, 133.3523, 202.3586, -4.5547, 258.5126, 81.0053, 8.4620, -13.9084, 0.578243, -0.802819, -0.145313, 0.013555, 0.812682, 0.582494, 0.015763, -0.001459, 0.071989, -0.127208, 0.989260, 0.133352, 0.000000, 0.000000, 0.000000, 1.000000, 0.071901, -0.127270, 0.989259, 0.202359, -0.578244, 0.802819, 0.145312, -0.004555, -0.812690, -0.582480, -0.015870, 0.258513, 0.000000, 0.000000, 0.000000, 1.000000, 0.000148, 0.101056, -0.994881, 0.081005, -0.998440, -0.055528, -0.005789, 0.008462, -0.055828, 0.993330, 0.100890, -0.013908, 0.000000, 0.000000, 0.000000, 1.000000
-9.9977, 13.5542, -1.4606, 133.3621, 202.3684, -4.5543, 258.5145, 81.0053, 8.4620, -13.9084, 0.578244, -0.802816, -0.145330, 0.013554, 0.812681, 0.582495, 0.015771, -0.001461, 0.071993, -0.127226, 0.989258, 0.133362, 0.000000, 0.000000, 0.000000, 1.000000, 0.071905, -0.127289, 0.989256, 0.202368, -0.578244, 0.802816, 0.145329, -0.004554, -0.812689, -0.582481, -0.015878, 0.258515, 0.000000, 0.000000, 0.000000, 1.000000, 0.000148, 0.101056, -0.994881, 0.081005, -0.998440, -0.055528, -0.005789, 0.008462, -0.055828, 0.993330, 0.100890, -0.013908, 0.000000, 0.000000, 0.000000, 1.000000
-9.9972, 13.5541, -1.4613, 133.3655, 202.3718, -4.5542, 258.5152, 81.0053, 8.4620, -13.9084, 0.578244, -0.802814, -0.145336, 0.013554, 0.812681, 0.582495, 0.015774, -0.001461, 0.071994, -0.127233, 0.989257, 0.133365, 0.000000, 0.000000, 0.000000, 1.000000, 0.071906, -0.127295, 0.989255, 0.202372, -0.578244, 0.802814, 0.145336, -0.004554, -0.812689, -0.582482, -0.015881, 0.258515, 0.000000, 0.000000, 0.000000, 1.000000, 0.000148, 0.101056, -0.994881, 0.081005, -0.998440, -0.055528, -0.005789, 0.008462, -0.055828, 0.993330, 0.100890, -0.013908, 0.000000, 0.000000, 0.000000, 1.000000
-9.9961, 13.5538, -1.4629, 133.3736, 202.3799, -4.5540, 258.5169, 81.0053, 8.4620, -13.9084, 0.578245, -0.802811, -0.145351, 0.013554, 0.812680, 0.582496, 0.015781, -0.001463, 0.071998, -0.127249, 0.989254, 0.133374, 0.000000, 0.000000, 0.000000, 1.000000, 0.071909, -0.127312, 0.989253, 0.202380, -0.578245, 0.802811, 0.145351, -0.004554, -0.812688, -0.582482, -0.015888, 0.258517, 0.000000, 0.000000, 0.000000, 1.000000, 0.000148, 0.101056, -0.994881, 0.081005, -0.998440, -0.055528, -0.005789, 0.008462, -0.055828, 0.993330, 0.100890, -0.013908, 0.000000, 0.000000, 0.000000, 1.000000
-9.9954, 13.5537, -1.4638, 133.3784, 202.3847, -4.5539, 258.5178, 81.0053, 8.4620, -13.9084, 0.578245, -0.802809, -0.145360, 0.013554, 0.812680, 0.582496, 0.015785, -0.001464, 0.071999, -0.127259, 0.989253, 0.133378, 0.000000, 0.000000, 0.000000, 1.000000, 0.071911, -0.127321, 0.989251, 0.202385, -0.578245, 0.802809, 0.145360, -0.004554, -0.812688, -0.582483, -0.015892, 0.258518, 0.000000, 0.000000, 0.000000, 1.000000, 0.000148, 0.101056, -0.994881, 0.081005, -0.998440, -0.055528, -0.005789, 0.008462, -0.055828, 0.993330, 0.100890, -0.013908, 0.000000, 0.000000, 0.000000, 1.000000
-9.9938, 13.5535, -1.4659, 133.3895, 202.3958, -4.5536, 258.5199, 81.0053, 8.4620, -13.9084, 0.578246, -0.802805, -0.145381, 0.013553, 0.812679, 0.582497, 0.015796, -0.001466, 0.072003, -0.127282, 0.989250, 0.133390, 0.000000, 0.000000, 0.000000, 1.000000, 0.071915, -0.127344, 0.989248, 0.202396, -0.578246, 0.802805, 0.145380, -0.004554, -0.812687, -0.582484, -0.015903, 0.258520, 0.000000, 0.000000, 0.000000, 1.000000, 0.000148, 0.101056, -0.994881, 0.081005, -0.998440, -0.055528, -0.005789, 0.008462, -0.055828, 0.993330, 0.100890, -0.013908, 0.000000, 0.000000, 0.000000, 1.000000
-9.9930, 13.5534, -1.4671, 133.3959, 202.4022, -4.5535, 258.5211, 81.0053, 8.4620, -13.9084, 0.578246, -0.802803, -0.145393, 0.013553, 0.812679, 0.582498, 0.015802, -0.001467, 0.072005, -0.127296, 0.989248, 0.133396, 0.000000, 0.000000, 0.000000, 1.000000, 0.071917, -0.127358, 0.989246, 0.202402, -0.578246, 0.802803, 0.145392, -0.004554, -0.812686, -0.582484, -0.015909, 0.258521, 0.000000, 0.000000, 0.000000, 1.000000, 0.000148, 0.101056, -0.994881, 0.081005, -0.998440, -0.055528, -0.005789, 0.008462, -0.055828, 0.993330, 0.100890, -0.013908, 0.000000, 0.000000, 0.000000, 1.000000
-9.9910, 13.5531, -1.4696, 133.4102, 202.4165, -4.5532, 258.5237, 81.0053, 8.4620, -13.9084, 0.578247, -0.802797, -0.145420, 0.013553, 0.812678, 0.582499, 0.015817, -0.001470, 0.072009, -0.127326, 0.989244, 0.133410, 0.000000, 0.000000, 0.000000, 1.000000, 0.071921, -0.127388, 0.989242, 0.202417, -0.578247, 0.802797, 0.145419, -0.004553, -0.812685, -0.582485, -0.015923, 0.258524, 0.000000, 0.000000, 0.000000, 1.000000, 0.000148, 0.101056, -0.994881, 0.081005, -0.998440, -0.055528, -0.005789, 0.008462, -0.055828, 0.993330, 0.100890, -0.013908, 0.000000, 0.000000, 0.000000, 1.000000
-9.9887, 13.5528, -1.4724, 133.4268, 202.4331, -4.5530, 258.5265, 81.0053, 8.4620, -13.9084, 0.578248, -0.802791, -0.145451, 0.013553, 0.812677, 0.582500, 0.015834, -0.001472, 0.072013, -0.127361, 0.989239, 0.133427, 0.000000, 0.000000, 0.000000, 1.000000, 0.071926, -0.127423, 0.989237, 0.202433, -0.578248, 0.802791, 0.145450, -0.004553, -0.812684, -0.582486, -0.015941, 0.258526, 0.000000, 0.000000, 0.000000, 1.000000, 0.000148, 0.101056, -0.994881, 0.081005, -0.998440, -0.055528, -0.005789, 0.008462, -0.055828, 0.993330, 0.100890, -0.013908, 0.000000, 0.000000, 0.000000, 1.000000
-9.9875, 13.5527, -1.4739, 133.4359, 202.4422, -4.5529, 258.5280, 81.0053, 8.4620, -13.9084, 0.578248, -0.802788, -0.145468, 0.013553, 0.812676, 0.582500, 0.015844, -0.001474, 0.072016, -0.127380, 0.989236, 0.133436, 0.000000, 0.000000, 0.000000, 1.000000, 0.071928, -0.127442, 0.989234, 0.202442, -0.578248, 0.802788, 0.145467, -0.004553, -0.812684, -0.582486, -0.015950, 0.258528, 0.000000, 0.000000, 0.000000, 1.000000, 0.000148, 0.101056, -0.994881, 0.081005, -0.998440, -0.055528, -0.005789, 0.008462, -0.055828, 0.993330, 0.100890, -0.013908, 0.000000, 0.000000, 0.000000, 1.000000
-9.9848, 13.5525, -1.4771, 133.4558, 202.4620, -4.5526, 258.5312, 81.0053, 8.4620, -13.9084, 0.578249, -0.802780, -0.145505, 0.013552, 0.812675, 0.582501, 0.015866, -0.001477, 0.072020, -0.127423, 0.989230, 0.133456, 0.000000, 0.000000, 0.000000, 1.000000, 0.071933, -0.127485, 0.989229, 0.202462, -0.578249, 0.802780, 0.145504, -0.004553, -0.812683, -0.582487, -0.015972, 0.258531, 0.000000, 0.000000, 0.000000, 1.000000, 0.000148, 0.101056, -0.994881, 0.081005, -0.998440, -0.055528, -0.005789, 0.008462, -0.055828, 0.993330, 0.100890, -0.013908, 0.000000, 0.000000, 0.000000, 1.000000
-9.9818, 13.5522, -1.4804, 133.4778, 202.4841, -4.5524, 258.5346, 81.0053, 8.4620, -13.9084, 0.578250, -0.802772, -0.145546, 0.013552, 0.812674, 0.582502, 0.015891, -0.001480, 0.072024, -0.127470, 0.989224, 0.133478, 0.000000, 0.000000, 0.000000, 1.000000, 0.071937, -0.127532, 0.989222, 0.202484, -0.578250, 0.802772, 0.145546, -0.004552, -0.812682, -0.582488, -0.015996, 0.258535, 0.000000, 0.000000, 0.000000, 1.000000, 0.000148, 0.101056, -0.994881, 0.081005, -0.998440, -0.055528, -0.005789, 0.008462, -0.055828, 0.993330, 0.100890, -0.013908, 0.000000, 0.000000, 0.000000, 1.000000
-9.9802, 13.5521, -1.4822, 133.4896, 202.4959, -4.5522, 258.5363, 81.0053, 8.4620, -13.9084, 0.578251, -0.802768, -0.145568, 0.013552, 0.812674, 0.582502, 0.015904, -0.001482, 0.072027, -0.127496, 0.989220, 0.133490, 0.000000, 0.000000, 0.000000, 1.000000, 0.071939, -0.127558, 0.989219, 0.202496, -0.578251, 0.802768, 0.145568, -0.004552, -0.812681, -0.582488, -0.016010, 0.258536, 0.000000, 0.000000, 0.000000, 1.000000, 0.000148, 0.101056, -0.994881, 0.081005, -0.998440, -0.055528, -0.005789, 0.008462, -0.055828, 0.993330, 0.100890, -0.013908, 0.000000, 0.000000, 0.000000, 1.000000
-9.9769, 13.5519, -1.4858, 133.5148, 202.5210, -4.5520, 258.5400, 81.0053, 8.4620, -13.9084, 0.578252, -0.802759, -0.145615, 0.013552, 0.812673, 0.582503, 0.015933, -0.001486, 0.072031, -0.127551, 0.989213, 0.133515, 0.000000, 0.000000, 0.000000, 1.000000, 0.071944, -0.127612, 0.989211, 0.202521, -0.578252, 0.802759, 0.145614, -0.004552, -0.812680, -0.582489, -0.016038, 0.258540, 0.000000, 0.000000, 0.000000, 1.000000, 0.000148, 0.101056, -0.994881, 0.081005, -0.998440, -0.055528, -0.005789, 0.008462, -0.055828, 0.993330, 0.100890, -0.013908, 0.000000, 0.000000, 0.000000, 1.000000
-9.9751, 13.5518, -1.4876, 133.5281, 202.5343, -4.5519, 258.5419, 81.0053, 8.4620, -13.9084, 0.578252, -0.802754, -0.145640, 0.013552, 0.812672, 0.582503, 0.015948, -0.001488, 0.072033, -0.127580, 0.989209, 0.133528, 0.000000, 0.000000, 0.000000, 1.000000, 0.071946, -0.127641, 0.989208, 0.202534, -0.578252, 0.802754, 0.145639, -0.004552, -0.812680, -0.582489, -0.016054, 0.258542, 0.000000, 0.000000, 0.000000, 1.000000, 0.000148, 0.101056, -0.994881, 0.081005, -0.998440, -0.055528, -0.005789, 0.008462, -0.055828, 0.993330, 0.100890, -0.013908, 0.000000, 0.000000, 0.000000, 1.000000
-9.9714, 13.5516, -1.4914, 133.5561, 202.5623, -4.5517, 258.5457, 81.0053, 8.4620, -13.9084, 0.578253, -0.802744, -0.145692, 0.013552, 0.812671, 0.582504, 0.015981, -0.001491, 0.072037, -0.127641, 0.989201, 0.133556, 0.000000, 0.000000, 0.000000, 1.000000, 0.071950, -0.127702, 0.989199, 0.202562, -0.578253, 0.802744, 0.145691, -0.004552, -0.812679, -0.582490, -0.016086, 0.258546, 0.000000, 0.000000, 0.000000, 1.000000, 0.000148, 0.101056, -0.994881, 0.081005, -0.998440, -0.055528, -0.005789, 0.008462, -0.055828, 0.993330, 0.100890, -0.013908, 0.000000, 0.000000, 0.000000, 1.000000
-9.9695, 13.5515, -1.4934, 133.5708, 202.5770, -4.5516, 258.5476, 81.0053, 8.4620, -13.9084, 0.578253, -0.802738, -0.145719, 0.013551, 0.812671, 0.582504, 0.015999, -0.001493, 0.072039, -0.127673, 0.989197, 0.133571, 0.000000, 0.000000, 0.000000, 1.000000, 0.071952, -0.127734, 0.989195, 0.202577, -0.578253, 0.802739, 0.145718, -0.004552, -0.812678, -0.582490, -0.016104, 0.258548, 0.000000, 0.000000, 0.000000, 1.000000, 0.000148, 0.101056, -0.994881, 0.081005, -0.998440, -0.055528, -0.005789, 0.008462, -0.055828, 0.993330, 0.100890, -0.013908, 0.000000, 0.000000, 0.000000, 1.000000
-9.9654, 13.5513, -1.4973, 133.6014, 202.6076, -4.5514, 258.5516, 81.0053, 8.4620, -13.9084, 0.578254, -0.802728, -0.145776, 0.013551, 0.812670, 0.582504, 0.016035, -0.001497, 0.072043, -0.127740, 0.989188, 0.133601, 0.000000, 0.000000, 0.000000, 1.000000, 0.071956, -0.127801, 0.989186, 0.202608, -0.578254, 0.802728, 0.145775, -0.004551, -0.812677, -0.582491, -0.016140, 0.258552, 0.000000, 0.000000, 0.000000, 1.000000, 0.000148, 0.101056, -0.994881, 0.081005, -0.998440, -0.055528, -0.005789, 0.008462, -0.055828, 0.993330, 0.100890, -0.013908, 0.000000, 0.000000, 0.000000, 1.000000
-9.9634, 13.5512, -1.4993, 133.6173, 202.6235, -4.5513, 258.5536, 81.0053, 8.4620, -13.9084, 0.578255, -0.802722, -0.145805, 0.013551, 0.812669, 0.582504, 0.016055, -0.001499, 0.072045, -0.127775, 0.989183, 0.133617, 0.000000, 0.000000, 0.000000, 1.000000, 0.071958, -0.127836, 0.989181, 0.202623, -0.578255, 0.802722, 0.145804, -0.004551, -0.812677, -0.582491, -0.016159, 0.258554, 0.000000, 0.000000, 0.000000, 1.000000, 0.000148, 0.101056, -0.994881, 0.081005, -0.998440, -0.055528, -0.005789, 0.008462, -0.055828, 0.993330, 0.100890, -0.013908, 0.000000, 0.000000, 0.000000, 1.000000
-9.9568, 13.5509, -1.5052, 133.6671, 202.6733, -4.5511, 258.5597, 81.0053, 8.4620, -13.9084, 0.578256, -0.802704, -0.145897, 0.013551, 0.812668, 0.582504, 0.016116, -0.001505, 0.072049, -0.127885, 0.989169, 0.133667, 0.000000, 0.000000, 0.000000, 1.000000, 0.071963, -0.127945, 0.989167, 0.202673, -0.578256, 0.802705, 0.145896, -0.004551, -0.812676, -0.582491, -0.016220, 0.258560, 0.000000, 0.000000, 0.000000, 1.000000, 0.000148, 0.101056, -0.994881, 0.081005, -0.998440, -0.055528, -0.005789, 0.008462, -0.055828, 0.993330, 0.100890, -0.013908, 0.000000, 0.000000, 0.000000, 1.000000
-9.9568, 13.5509, -1.5052, 133.6671, 202.6733, -4.5511, 258.5597, 81.0053, 8.4620, -13.9084, 0.578256, -0.802704, -0.145897, 0.013551, 0.812668, 0.582504, 0.016116, -0.001505, 0.072049, -0.127885, 0.989169, 0.133667, 0.000000, 0.000000, 0.000000, 1.000000, 0.071963, -0.127945, 0.989167, 0.202673, -0.578256, 0.802705, 0.145896, -0.004551, -0.812676, -0.582491, -0.016220, 0.258560, 0.000000, 0.000000, 0.000000, 1.000000, 0.000148, 0.101056, -0.994881, 0.081005, -0.998440, -0.055528, -0.005789, 0.008462, -0.055828, 0.993330, 0.100890, -0.013908, 0.000000, 0.000000, 0.000000, 1.000000
-9.9477, 13.5507, -1.5132, 133.7376, 202.7437, -4.5508, 258.5677, 81.0053, 8.4620, -13.9084, 0.578257, -0.802680, -0.146026, 0.013551, 0.812667, 0.582504, 0.016203, -0.001513, 0.072055, -0.128040, 0.989148, 0.133738, 0.000000, 0.000000, 0.000000, 1.000000, 0.071969, -0.128101, 0.989146, 0.202744, -0.578257, 0.802680, 0.146025, -0.004551, -0.812674, -0.582490, -0.016307, 0.258568, 0.000000, 0.000000, 0.000000, 1.000000, 0.000148, 0.101056, -0.994881, 0.081005, -0.998440, -0.055528, -0.005789, 0.008462, -0.055828, 0.993330, 0.100890, -0.013908, 0.000000, 0.000000, 0.000000, 1.000000
-9.9430, 13.5506, -1.5171, 133.7739, 202.7800, -4.5507, 258.5717, 81.0053, 8.4620, -13.9084, 0.578258, -0.802667, -0.146093, 0.013551, 0.812666, 0.582503, 0.016249, -0.001517, 0.072057, -0.128121, 0.989137, 0.133774, 0.000000, 0.000000, 0.000000, 1.000000, 0.071971, -0.128181, 0.989136, 0.202780, -0.578258, 0.802668, 0.146092, -0.004551, -0.812674, -0.582490, -0.016353, 0.258572, 0.000000, 0.000000, 0.000000, 1.000000, 0.000148, 0.101056, -0.994881, 0.081005, -0.998440, -0.055528, -0.005789, 0.008462, -0.055828, 0.993330, 0.100890, -0.013908, 0.000000, 0.000000, 0.000000, 1.000000
-9.9406, 13.5505, -1.5190, 133.7923, 202.7984, -4.5507, 258.5736, 81.0053, 8.4620, -13.9084, 0.578258, -0.802661, -0.146126, 0.013551, 0.812666, 0.582503, 0.016273, -0.001519, 0.072058, -0.128162, 0.989132, 0.133792, 0.000000, 0.000000, 0.000000, 1.000000, 0.071972, -0.128222, 0.989130, 0.202798, -0.578258, 0.802661, 0.146126, -0.004551, -0.812673, -0.582489, -0.016376, 0.258574, 0.000000, 0.000000, 0.000000, 1.000000, 0.000148, 0.101056, -0.994881, 0.081005, -0.998440, -0.055528, -0.005789, 0.008462, -0.055828, 0.993330, 0.100890, -0.013908, 0.000000, 0.000000, 0.000000, 1.000000
-9.9358, 13.5504, -1.5228, 133.8294, 202.8355, -4.5506, 258.5775, 81.0053, 8.4620, -13.9084, 0.578258, -0.802648, -0.146194, 0.013550, 0.812665, 0.582502, 0.016320, -0.001523, 0.072059, -0.128244, 0.989121, 0.133829, 0.000000, 0.000000, 0.000000, 1.000000, 0.071974, -0.128304, 0.989120, 0.202836, -0.578258, 0.802649, 0.146194, -0.004551, -0.812673, -0.582489, -0.016423, 0.258577, 0.000000, 0.000000, 0.000000, 1.000000, 0.000148, 0.101056, -0.994881, 0.081005, -0.998440, -0.055528, -0.005789, 0.008462, -0.055828, 0.993330, 0.100890, -0.013908, 0.000000, 0.000000, 0.000000, 1.000000
-9.9310, 13.5504, -1.5266, 133.8669, 202.8730, -4.5505, 258.5812, 81.0053, 8.4620, -13.9084, 0.578259, -0.802636, -0.146263, 0.013550, 0.812665, 0.582501, 0.016369, -0.001527, 0.072060, -0.128328, 0.989110, 0.133867, 0.000000, 0.000000, 0.000000, 1.000000, 0.071975, -0.128388, 0.989109, 0.202873, -0.578259, 0.802636, 0.146262, -0.004551, -0.812672, -0.582488, -0.016471, 0.258581, 0.000000, 0.000000, 0.000000, 1.000000, 0.000148, 0.101056, -0.994881, 0.081005, -0.998440, -0.055528, -0.005789, 0.008462, -0.055828, 0.993330, 0.100890, -0.013908, 0.000000, 0.000000, 0.000000, 1.000000
-9.9286, 13.5503, -1.5284, 133.8857, 202.8918, -4.5505, 258.5831, 81.0053, 8.4620, -13.9084, 0.578259, -0.802629, -0.146297, 0.013550, 0.812665, 0.582501, 0.016393, -0.001528, 0.072061, -0.128370, 0.989105, 0.133886, 0.000000, 0.000000, 0.000000, 1.000000, 0.071976, -0.128430, 0.989103, 0.202892, -0.578259, 0.802629, 0.146296, -0.004550, -0.812672, -0.582488, -0.016496, 0.258583, 0.000000, 0.000000, 0.000000, 1.000000, 0.000148, 0.101056, -0.994881, 0.081005, -0.998440, -0.055528, -0.005789, 0.008462, -0.055828, 0.993330, 0.100890, -0.013908, 0.000000, 0.000000, 0.000000, 1.000000
-9.9237, 13.5503, -1.5320, 133.9235, 202.9295, -4.5504, 258.5867, 81.0053, 8.4620, -13.9084, 0.578259, -0.802617, -0.146366, 0.013550, 0.812665, 0.582500, 0.016442, -0.001532, 0.072061, -0.128454, 0.989094, 0.133924, 0.000000, 0.000000, 0.000000, 1.000000, 0.071977, -0.128514, 0.989092, 0.202930, -0.578259, 0.802617, 0.146365, -0.004550, -0.812672, -0.582486, -0.016544, 0.258587, 0.000000, 0.000000, 0.000000, 1.000000, 0.000148, 0.101056, -0.994881, 0.081005, -0.998440, -0.055528, -0.005789, 0.008462, -0.055828, 0.993330, 0.100890, -0.013908, 0.000000, 0.000000, 0.000000, 1.000000
-9.9213, 13.5503, -1.5337, 133.9424, 202.9484, -4.5504, 258.5885, 81.0053, 8.4620, -13.9084, 0.578259, -0.802610, -0.146401, 0.013550, 0.812664, 0.582499, 0.016467, -0.001534, 0.072062, -0.128497, 0.989088, 0.133942, 0.000000, 0.000000, 0.000000, 1.000000, 0.071977, -0.128556, 0.989087, 0.202948, -0.578259, 0.802610, 0.146400, -0.004550, -0.812672, -0.582486, -0.016569, 0.258589, 0.000000, 0.000000, 0.000000, 1.000000, 0.000148, 0.101056, -0.994881, 0.081005, -0.998440, -0.055528, -0.005789, 0.008462, -0.055828, 0.993330, 0.100890, -0.013908, 0.000000, 0.000000, 0.000000, 1.000000
-9.9165, 13.5503, -1.5371, 133.9802, 202.9862, -4.5504, 258.5920, 81.0053, 8.4620, -13.9084, 0.578259, -0.802598, -0.146469, 0.013550, 0.812664, 0.582498, 0.016517, -0.001537, 0.072062, -0.128581, 0.989077, 0.133980, 0.000000, 0.000000, 0.000000, 1.000000, 0.071978, -0.128641, 0.989076, 0.202986, -0.578259, 0.802598, 0.146469, -0.004550, -0.812672, -0.582485, -0.016618, 0.258592, 0.000000, 0.000000, 0.000000, 1.000000, 0.000148, 0.101056, -0.994881, 0.081005, -0.998440, -0.055528, -0.005789, 0.008462, -0.055828, 0.993330, 0.100890, -0.013908, 0.000000, 0.000000, 0.000000, 1.000000
-9.9141, 13.5502, -1.5388, 133.9991, 203.0051, -4.5504, 258.5937, 81.0053, 8.4620, -13.9084, 0.578259, -0.802591, -0.146504, 0.013550, 0.812664, 0.582497, 0.016542, -0.001539, 0.072062, -0.128624, 0.989072, 0.133999, 0.000000, 0.000000, 0.000000, 1.000000, 0.071978, -0.128683, 0.989070, 0.203005, -0.578259, 0.802591, 0.146503, -0.004550, -0.812672, -0.582484, -0.016643, 0.258594, 0.000000, 0.000000, 0.000000, 1.000000, 0.000148, 0.101056, -0.994881, 0.081005, -0.998440, -0.055528, -0.005789, 0.008462, -0.055828, 0.993330, 0.100890, -0.013908, 0.000000, 0.000000, 0.000000, 1.000000
-9.9093, 13.5502, -1.5421, 134.0368, 203.0428, -4.5504, 258.5970, 81.0053, 8.4620, -13.9084, 0.578259, -0.802579, -0.146572, 0.013550, 0.812664, 0.582496, 0.016592, -0.001542, 0.072062, -0.128708, 0.989061, 0.134037, 0.000000, 0.000000, 0.000000, 1.000000, 0.071978, -0.128767, 0.989059, 0.203043, -0.578259, 0.802579, 0.146571, -0.004550, -0.812672, -0.582483, -0.016693, 0.258597, 0.000000, 0.000000, 0.000000, 1.000000, 0.000148, 0.101056, -0.994881, 0.081005, -0.998440, -0.055528, -0.005789, 0.008462, -0.055828, 0.993330, 0.100890, -0.013908, 0.000000, 0.000000, 0.000000, 1.000000
-9.9045, 13.5502, -1.5452, 134.0742, 203.0802, -4.5504, 258.6002, 81.0053, 8.4620, -13.9084, 0.578259, -0.802566, -0.146640, 0.013550, 0.812664, 0.582494, 0.016642, -0.001545, 0.072061, -0.128792, 0.989050, 0.134074, 0.000000, 0.000000, 0.000000, 1.000000, 0.071978, -0.128851, 0.989048, 0.203080, -0.578259, 0.802567, 0.146639, -0.004550, -0.812672, -0.582481, -0.016742, 0.258600, 0.000000, 0.000000, 0.000000, 1.000000, 0.000148, 0.101056, -0.994881, 0.081005, -0.998440, -0.055528, -0.005788, 0.008462, -0.055828, 0.993330, 0.100890, -0.013908, 0.000000, 0.000000, 0.000000, 1.000000
-9.9021, 13.5503, -1.5468, 134.0928, 203.0988, -4.5504, 258.6018, 81.0053, 8.4620, -13.9084, 0.578259, -0.802560, -0.146674, 0.013550, 0.812664, 0.582494, 0.016667, -0.001547, 0.072061, -0.128834, 0.989044, 0.134093, 0.000000, 0.000000, 0.000000, 1.000000, 0.071978, -0.128893, 0.989043, 0.203099, -0.578259, 0.802560, 0.146673, -0.004550, -0.812672, -0.582480, -0.016767, 0.258602, 0.000000, 0.000000, 0.000000, 1.000000, 0.000148, 0.101056, -0.994881, 0.081005, -0.998440, -0.055528, -0.005788, 0.008462, -0.055828, 0.993330, 0.100890, -0.013908, 0.000000, 0.000000, 0.000000, 1.000000
-9.8974, 13.5503, -1.5498, 134.1298, 203.1358, -4.5504, 258.6049, 81.0053, 8.4620, -13.9084, 0.578259, -0.802548, -0.146741, 0.013550, 0.812665, 0.582492, 0.016716, -0.001550, 0.072060, -0.128918, 0.989034, 0.134130, 0.000000, 0.000000, 0.000000, 1.000000, 0.071977, -0.128976, 0.989032, 0.203136, -0.578259, 0.802548, 0.146740, -0.004550, -0.812672, -0.582479, -0.016816, 0.258605, 0.000000, 0.000000, 0.000000, 1.000000, 0.000148, 0.101056, -0.994881, 0.081005, -0.998440, -0.055528, -0.005788, 0.008462, -0.055828, 0.993330, 0.100890, -0.013908, 0.000000, 0.000000, 0.000000, 1.000000
-9.8951, 13.5503, -1.5512, 134.1482, 203.1541, -4.5504, 258.6064, 81.0053, 8.4620, -13.9084, 0.578259, -0.802542, -0.146774, 0.013550, 0.812665, 0.582491, 0.016741, -0.001551, 0.072059, -0.128959, 0.989028, 0.134148, 0.000000, 0.000000, 0.000000, 1.000000, 0.071977, -0.129017, 0.989027, 0.203154, -0.578259, 0.802542, 0.146773, -0.004550, -0.812672, -0.582478, -0.016841, 0.258606, 0.000000, 0.000000, 0.000000, 1.000000, 0.000148, 0.101056, -0.994881, 0.081005, -0.998440, -0.055528, -0.005788, 0.008462, -0.055828, 0.993330, 0.100890, -0.013908, 0.000000, 0.000000, 0.000000, 1.000000
-9.8905, 13.5503, -1.5541, 134.1846, 203.1905, -4.5505, 258.6093, 81.0053, 8.4620, -13.9084, 0.578259, -0.802530, -0.146840, 0.013550, 0.812665, 0.582489, 0.016790, -0.001554, 0.072058, -0.129041, 0.989018, 0.134185, 0.000000, 0.000000, 0.000000, 1.000000, 0.071976, -0.129099, 0.989016, 0.203191, -0.578259, 0.802530, 0.146839, -0.004550, -0.812672, -0.582476, -0.016890, 0.258609, 0.000000, 0.000000, 0.000000, 1.000000, 0.000148, 0.101056, -0.994881, 0.081005, -0.998440, -0.055528, -0.005788, 0.008462, -0.055828, 0.993330, 0.100890, -0.013908, 0.000000, 0.000000, 0.000000, 1.000000
-9.8882, 13.5503, -1.5555, 134.2027, 203.2086, -4.5505, 258.6107, 81.0053, 8.4620, -13.9084, 0.578259, -0.802524, -0.146873, 0.013550, 0.812665, 0.582488, 0.016815, -0.001556, 0.072058, -0.129082, 0.989012, 0.134203, 0.000000, 0.000000, 0.000000, 1.000000, 0.071975, -0.129140, 0.989011, 0.203209, -0.578259, 0.802524, 0.146872, -0.004550, -0.812672, -0.582475, -0.016914, 0.258611, 0.000000, 0.000000, 0.000000, 1.000000, 0.000148, 0.101056, -0.994881, 0.081005, -0.998440, -0.055528, -0.005788, 0.008462, -0.055828, 0.993330, 0.100890, -0.013908, 0.000000, 0.000000, 0.000000, 1.000000
-9.8837, 13.5504, -1.5582, 134.2385, 203.2443, -4.5505, 258.6135, 81.0053, 8.4620, -13.9084, 0.578259, -0.802513, -0.146938, 0.013550, 0.812665, 0.582487, 0.016863, -0.001558, 0.072056, -0.129162, 0.989002, 0.134238, 0.000000, 0.000000, 0.000000, 1.000000, 0.071974, -0.129220, 0.989000, 0.203244, -0.578259, 0.802513, 0.146937, -0.004551, -0.812673, -0.582474, -0.016962, 0.258614, 0.000000, 0.000000, 0.000000, 1.000000, 0.000148, 0.101056, -0.994881, 0.081005, -0.998440, -0.055528, -0.005788, 0.008462, -0.055828, 0.993330, 0.100890, -0.013908, 0.000000, 0.000000, 0.000000, 1.000000
-9.8748, 13.5505, -1.5635, 134.3086, 203.3144, -4.5506, 258.6189, 81.0053, 8.4620, -13.9085, 0.578258, -0.802490, -0.147064, 0.013550, 0.812666, 0.582483, 0.016959, -0.001563, 0.072053, -0.129320, 0.988982, 0.134309, 0.000000, 0.000000, 0.000000, 1.000000, 0.071972, -0.129378, 0.988980, 0.203314, -0.578258, 0.802490, 0.147063, -0.004551, -0.812673, -0.582470, -0.017057, 0.258619, 0.000000, 0.000000, 0.000000, 1.000000, 0.000148, 0.101056, -0.994881, 0.081005, -0.998440, -0.055528, -0.005788, 0.008462, -0.055828, 0.993330, 0.100890, -0.013908, 0.000000, 0.000000, 0.000000, 1.000000
-9.8748, 13.5505, -1.5635, 134.3086, 203.3144, -4.5506, 258.6189, 81.0053, 8.4620, -13.9085, 0.578258, -0.802490, -0.147064, 0.013550, 0.812666, 0.582483, 0.016959, -0.001563, 0.072053, -0.129320, 0.988982, 0.134309, 0.000000, 0.000000, 0.000000, 1.000000, 0.071972, -0.129378, 0.988980, 0.203314, -0.578258, 0.802490, 0.147063, -0.004551, -0.812673, -0.582470, -0.017057, 0.258619, 0.000000, 0.000000, 0.000000, 1.000000, 0.000148, 0.101056, -0.994881, 0.081005, -0.998440, -0.055528, -0.005788, 0.008462, -0.055828, 0.993330, 0.100890, -0.013908, 0.000000, 0.000000, 0.000000, 1.000000
-9.8727, 13.5505, -1.5647, 134.3257, 203.3315, -4.5506, 258.6202, 81.0053, 8.4620, -13.9085, 0.578258, -0.802484, -0.147095, 0.013551, 0.812666, 0.582482, 0.016982, -0.001565, 0.072053, -0.129359, 0.988977, 0.134326, 0.000000, 0.000000, 0.000000, 1.000000, 0.071971, -0.129416, 0.988975, 0.203332, -0.578258, 0.802484, 0.147094, -0.004551, -0.812673, -0.582469, -0.017080, 0.258620, 0.000000, 0.000000, 0.000000, 1.000000, 0.000148, 0.101056, -0.994881, 0.081005, -0.998440, -0.055528, -0.005788, 0.008462, -0.055828, 0.993330, 0.100890, -0.013908, 0.000000, 0.000000, 0.000000, 1.000000
-9.8684, 13.5510, -1.5651, 134.3610, 203.3668, -4.5511, 258.6206, 81.0053, 8.4620, -13.9085, 0.578256, -0.802474, -0.147155, 0.013551, 0.812668, 0.582478, 0.017036, -0.001565, 0.072044, -0.129440, 0.988967, 0.134361, 0.000000, 0.000000, 0.000000, 1.000000, 0.071963, -0.129497, 0.988965, 0.203367, -0.578256, 0.802475, 0.147155, -0.004551, -0.812675, -0.582465, -0.017134, 0.258621, 0.000000, 0.000000, 0.000000, 1.000000, 0.000148, 0.101056, -0.994881, 0.081005, -0.998440, -0.055528, -0.005788, 0.008462, -0.055828, 0.993330, 0.100890, -0.013908, 0.000000, 0.000000, 0.000000, 1.000000
-9.8642, 13.5519, -1.5637, 134.3967, 203.4025, -4.5520, 258.6192, 81.0053, 8.4620, -13.9085, 0.578253, -0.802466, -0.147214, 0.013552, 0.812672, 0.582471, 0.017096, -0.001564, 0.072029, -0.129523, 0.988957, 0.134397, 0.000000, 0.000000, 0.000000, 1.000000, 0.071948, -0.129580, 0.988955, 0.203403, -0.578253, 0.802466, 0.147213, -0.004552, -0.812679, -0.582458, -0.017194, 0.258619, 0.000000, 0.000000, 0.000000, 1.000000, 0.000148, 0.101056, -0.994881, 0.081005, -0.998440, -0.055528, -0.005789, 0.008462, -0.055828, 0.993330, 0.100890, -0.013908, 0.000000, 0.000000, 0.000000, 1.000000
-9.8601, 13.5526, -1.5625, 134.4315, 203.4373, -4.5528, 258.6181, 81.0053, 8.4620, -13.9085, 0.578250, -0.802457, -0.147272, 0.013553, 0.812675, 0.582465, 0.017154, -0.001563, 0.072015, -0.129603, 0.988947, 0.134432, 0.000000, 0.000000, 0.000000, 1.000000, 0.071934, -0.129660, 0.988946, 0.203437, -0.578250, 0.802458, 0.147271, -0.004553, -0.812682, -0.582452, -0.017252, 0.258618, 0.000000, 0.000000, 0.000000, 1.000000, 0.000148, 0.101056, -0.994881, 0.081005, -0.998440, -0.055528, -0.005789, 0.008462, -0.055828, 0.993330, 0.100890, -0.013908, 0.000000, 0.000000, 0.000000, 1.000000
-9.8581, 13.5530, -1.5621, 134.4486, 203.4544, -4.5532, 258.6177, 81.0053, 8.4620, -13.9085, 0.578249, -0.802453, -0.147300, 0.013553, 0.812677, 0.582462, 0.017182, -0.001562, 0.072009, -0.129643, 0.988943, 0.134449, 0.000000, 0.000000, 0.000000, 1.000000, 0.071928, -0.129700, 0.988941, 0.203454, -0.578249, 0.802453, 0.147299, -0.004553, -0.812684, -0.582449, -0.017280, 0.258618, 0.000000, 0.000000, 0.000000, 1.000000, 0.000148, 0.101056, -0.994881, 0.081005, -0.998440, -0.055528, -0.005789, 0.008462, -0.055828, 0.993330, 0.100890, -0.013908, 0.000000, 0.000000, 0.000000, 1.000000
-9.8541, 13.5537, -1.5616, 134.4821, 203.4879, -4.5538, 258.6171, 81.0053, 8.4620, -13.9085, 0.578246, -0.802445, -0.147356, 0.013554, 0.812679, 0.582456, 0.017236, -0.001562, 0.071998, -0.129720, 0.988933, 0.134482, 0.000000, 0.000000, 0.000000, 1.000000, 0.071917, -0.129777, 0.988932, 0.203488, -0.578246, 0.802445, 0.147355, -0.004554, -0.812686, -0.582443, -0.017333, 0.258617, 0.000000, 0.000000, 0.000000, 1.000000, 0.000148, 0.101056, -0.994881, 0.081005, -0.998440, -0.055528, -0.005789, 0.008462, -0.055828, 0.993330, 0.100890, -0.013908, 0.000000, 0.000000, 0.000000, 1.000000
-9.8521, 13.5540, -1.5615, 134.4986, 203.5043, -4.5541, 258.6170, 81.0053, 8.4620, -13.9085, 0.578245, -0.802440, -0.147384, 0.013554, 0.812681, 0.582454, 0.017262, -0.001561, 0.071993, -0.129758, 0.988929, 0.134499, 0.000000, 0.000000, 0.000000, 1.000000, 0.071912, -0.129814, 0.988927, 0.203504, -0.578245, 0.802441, 0.147383, -0.004554, -0.812688, -0.582441, -0.017359, 0.258617, 0.000000, 0.000000, 0.000000, 1.000000, 0.000148, 0.101056, -0.994881, 0.081005, -0.998440, -0.055528, -0.005789, 0.008462, -0.055828, 0.993330, 0.100890, -0.013908, 0.000000, 0.000000, 0.000000, 1.000000
-9.8482, 13.5545, -1.5616, 134.5308, 203.5366, -4.5546, 258.6171, 81.0053, 8.4620, -13.9085, 0.578243, -0.802432, -0.147439, 0.013554, 0.812683, 0.582449, 0.017312, -0.001562, 0.071984, -0.129831, 0.988920, 0.134531, 0.000000, 0.000000, 0.000000, 1.000000, 0.071903, -0.129888, 0.988918, 0.203537, -0.578243, 0.802432, 0.147438, -0.004555, -0.812690, -0.582436, -0.017409, 0.258617, 0.000000, 0.000000, 0.000000, 1.000000, 0.000148, 0.101056, -0.994881, 0.081005, -0.998440, -0.055528, -0.005789, 0.008462, -0.055828, 0.993330, 0.100890, -0.013908, 0.000000, 0.000000, 0.000000, 1.000000
-9.8443, 13.5549, -1.5621, 134.5624, 203.5682, -4.5551, 258.6176, 81.0053, 8.4620, -13.9085, 0.578241, -0.802423, -0.147493, 0.013555, 0.812685, 0.582445, 0.017360, -0.001562, 0.071977, -0.129903, 0.988911, 0.134562, 0.000000, 0.000000, 0.000000, 1.000000, 0.071896, -0.129960, 0.988909, 0.203568, -0.578241, 0.802423, 0.147492, -0.004555, -0.812692, -0.582432, -0.017457, 0.258618, 0.000000, 0.000000, 0.000000, 1.000000, 0.000148, 0.101056, -0.994881, 0.081005, -0.998440, -0.055528, -0.005789, 0.008462, -0.055828, 0.993330, 0.100890, -0.013908, 0.000000, 0.000000, 0.000000, 1.000000
-9.8424, 13.5551, -1.5625, 134.5779, 203.5837, -4.5552, 258.6181, 81.0053, 8.4620, -13.9085, 0.578240, -0.802419, -0.147520, 0.013555, 0.812686, 0.582443, 0.017383, -0.001562, 0.071974, -0.129939, 0.988906, 0.134578, 0.000000, 0.000000, 0.000000, 1.000000, 0.071893, -0.129995, 0.988905, 0.203584, -0.578240, 0.802419, 0.147519, -0.004555, -0.812693, -0.582430, -0.017480, 0.258618, 0.000000, 0.000000, 0.000000, 1.000000, 0.000148, 0.101056, -0.994881, 0.081005, -0.998440, -0.055528, -0.005789, 0.008462, -0.055828, 0.993330, 0.100890, -0.013908, 0.000000, 0.000000, 0.000000, 1.000000
-9.8386, 13.5554, -1.5636, 134.6084, 203.6142, -4.5555, 258.6192, 81.0053, 8.4620, -13.9085, 0.578239, -0.802410, -0.147573, 0.013555, 0.812687, 0.582440, 0.017427, -0.001564, 0.071969, -0.130008, 0.988898, 0.134608, 0.000000, 0.000000, 0.000000, 1.000000, 0.071888, -0.130064, 0.988896, 0.203614, -0.578239, 0.802410, 0.147572, -0.004556, -0.812694, -0.582427, -0.017524, 0.258619, 0.000000, 0.000000, 0.000000, 1.000000, 0.000148, 0.101056, -0.994881, 0.081005, -0.998440, -0.055528, -0.005789, 0.008462, -0.055828, 0.993330, 0.100890, -0.013908, 0.000000, 0.000000, 0.000000, 1.000000
-9.8368, 13.5555, -1.5643, 134.6235, 203.6292, -4.5557, 258.6199, 81.0053, 8.4620, -13.9085, 0.578238, -0.802406, -0.147599, 0.013556, 0.812688, 0.582438, 0.017449, -0.001564, 0.071967, -0.130042, 0.988893, 0.134623, 0.000000, 0.000000, 0.000000, 1.000000, 0.071886, -0.130098, 0.988892, 0.203629, -0.578238, 0.802406, 0.147599, -0.004556, -0.812695, -0.582425, -0.017546, 0.258620, 0.000000, 0.000000, 0.000000, 1.000000, 0.000148, 0.101056, -0.994881, 0.081005, -0.998440, -0.055528, -0.005789, 0.008462, -0.055828, 0.993330, 0.100890, -0.013908, 0.000000, 0.000000, 0.000000, 1.000000
-9.8330, 13.5557, -1.5660, 134.6532, 203.6589, -4.5558, 258.6216, 81.0053, 8.4620, -13.9085, 0.578237, -0.802397, -0.147652, 0.013556, 0.812689, 0.582436, 0.017490, -0.001566, 0.071964, -0.130108, 0.988885, 0.134653, 0.000000, 0.000000, 0.000000, 1.000000, 0.071884, -0.130165, 0.988883, 0.203659, -0.578237, 0.802397, 0.147651, -0.004556, -0.812696, -0.582423, -0.017587, 0.258622, 0.000000, 0.000000, 0.000000, 1.000000, 0.000148, 0.101056, -0.994881, 0.081005, -0.998440, -0.055528, -0.005789, 0.008462, -0.055828, 0.993330, 0.100890, -0.013908, 0.000000, 0.000000, 0.000000, 1.000000
-9.8312, 13.5557, -1.5670, 134.6679, 203.6736, -4.5559, 258.6226, 81.0053, 8.4621, -13.9085, 0.578237, -0.802392, -0.147678, 0.013556, 0.812689, 0.582435, 0.017510, -0.001567, 0.071963, -0.130141, 0.988880, 0.134668, 0.000000, 0.000000, 0.000000, 1.000000, 0.071883, -0.130198, 0.988879, 0.203674, -0.578237, 0.802392, 0.147677, -0.004556, -0.812696, -0.582422, -0.017607, 0.258623, 0.000000, 0.000000, 0.000000, 1.000000, 0.000148, 0.101056, -0.994881, 0.081005, -0.998440, -0.055528, -0.005789, 0.008462, -0.055828, 0.993330, 0.100890, -0.013908, 0.000000, 0.000000, 0.000000, 1.000000
