# Joint_5_Angle(deg), Cam_X(mm), Cam_Y(mm), Cam_Z(mm), Torso_X(mm), Torso_Y(mm), Torso_Z(mm), EE_X(mm), EE_Y(mm), EE_Z(mm), T_cam2marker_flat(16), T_torso2marker_flat(16), T_ee2marker_flat(16)
-29.9983, 54.0264, 42.7001, 140.3559, 162.3470, -54.0267, 157.3445, 157.3345, 44.7751, 30.6423, 0.552526, 0.813520, -0.181384, 0.054026, -0.829434, 0.515197, -0.215898, 0.042700, -0.082188, 0.269735, 0.959421, 0.140356, 0.000000, 0.000000, 0.000000, 1.000000, -0.082019, 0.269628, 0.959465, 0.162347, -0.552526, -0.813521, 0.181383, -0.054027, 0.829451, -0.515252, 0.215701, 0.157344, 0.000000, 0.000000, 0.000000, 1.000000, 0.002762, -0.013960, -0.999899, 0.157334, -0.999449, -0.033127, -0.002298, 0.044775, -0.033091, 0.999354, -0.014043, 0.030642, 0.000000, 0.000000, 0.000000, 1.000000
-29.9987, 54.0279, 42.6961, 140.3528, 162.3439, -54.0282, 157.3485, 157.3356, 44.7742, 30.6413, 0.552528, 0.813518, -0.181388, 0.054028, -0.829431, 0.515192, -0.215921, 0.042696, -0.082206, 0.269751, 0.959415, 0.140353, 0.000000, 0.000000, 0.000000, 1.000000, -0.082036, 0.269644, 0.959459, 0.162344, -0.552527, -0.813519, 0.181386, -0.054028, 0.829448, -0.515247, 0.215723, 0.157349, 0.000000, 0.000000, 0.000000, 1.000000, 0.002762, -0.013960, -0.999899, 0.157336, -0.999449, -0.033127, -0.002298, 0.044774, -0.033091, 0.999354, -0.014043, 0.030641, 0.000000, 0.000000, 0.000000, 1.000000
-29.9988, 54.0284, 42.6946, 140.3517, 162.3428, -54.0287, 157.3499, 157.3360, 44.7738, 30.6409, 0.552528, 0.813517, -0.181389, 0.054028, -0.829430, 0.515190, -0.215929, 0.042695, -0.082212, 0.269757, 0.959413, 0.140352, 0.000000, 0.000000, 0.000000, 1.000000, -0.082042, 0.269649, 0.959457, 0.162343, -0.552528, -0.813518, 0.181388, -0.054029, 0.829447, -0.515246, 0.215731, 0.157350, 0.000000, 0.000000, 0.000000, 1.000000, 0.002762, -0.013960, -0.999899, 0.157336, -0.999449, -0.033127, -0.002298, 0.044774, -0.033091, 0.999354, -0.014043, 0.030641, 0.000000, 0.000000, 0.000000, 1.000000
-29.9991, 54.0294, 42.6916, 140.3494, 162.3405, -54.0297, 157.3529, 157.3368, 44.7731, 30.6402, 0.552530, 0.813516, -0.181392, 0.054029, -0.829427, 0.515187, -0.215946, 0.042692, -0.082225, 0.269768, 0.959408, 0.140349, 0.000000, 0.000000, 0.000000, 1.000000, -0.082055, 0.269660, 0.959453, 0.162341, -0.552530, -0.813516, 0.181390, -0.054030, 0.829444, -0.515243, 0.215748, 0.157353, 0.000000, 0.000000, 0.000000, 1.000000, 0.002762, -0.013960, -0.999899, 0.157337, -0.999449, -0.033127, -0.002298, 0.044773, -0.033091, 0.999354, -0.014043, 0.030640, 0.000000, 0.000000, 0.000000, 1.000000
-29.9992, 54.0300, 42.6900, 140.3483, 162.3394, -54.0302, 157.3545, 157.3372, 44.7728, 30.6398, 0.552531, 0.813515, -0.181393, 0.054030, -0.829426, 0.515185, -0.215954, 0.042690, -0.082231, 0.269773, 0.959406, 0.140348, 0.000000, 0.000000, 0.000000, 1.000000, -0.082061, 0.269666, 0.959451, 0.162339, -0.552531, -0.813515, 0.181391, -0.054030, 0.829443, -0.515241, 0.215756, 0.157354, 0.000000, 0.000000, 0.000000, 1.000000, 0.002762, -0.013960, -0.999899, 0.157337, -0.999449, -0.033127, -0.002298, 0.044773, -0.033091, 0.999354, -0.014043, 0.030640, 0.000000, 0.000000, 0.000000, 1.000000
-29.9995, 54.0310, 42.6869, 140.3459, 162.3370, -54.0313, 157.3576, 157.3380, 44.7720, 30.6391, 0.552533, 0.813513, -0.181395, 0.054031, -0.829424, 0.515182, -0.215971, 0.042687, -0.082244, 0.269784, 0.959402, 0.140346, 0.000000, 0.000000, 0.000000, 1.000000, -0.082074, 0.269677, 0.959447, 0.162337, -0.552532, -0.813514, 0.181393, -0.054031, 0.829441, -0.515238, 0.215773, 0.157358, 0.000000, 0.000000, 0.000000, 1.000000, 0.002762, -0.013960, -0.999899, 0.157338, -0.999449, -0.033127, -0.002298, 0.044772, -0.033091, 0.999354, -0.014043, 0.030639, 0.000000, 0.000000, 0.000000, 1.000000
-29.9997, 54.0320, 42.6837, 140.3436, 162.3347, -54.0323, 157.3608, 157.3387, 44.7713, 30.6384, 0.552535, 0.813511, -0.181397, 0.054032, -0.829421, 0.515179, -0.215987, 0.042684, -0.082256, 0.269795, 0.959398, 0.140344, 0.000000, 0.000000, 0.000000, 1.000000, -0.082086, 0.269687, 0.959443, 0.162335, -0.552534, -0.813512, 0.181395, -0.054032, 0.829438, -0.515235, 0.215790, 0.157361, 0.000000, 0.000000, 0.000000, 1.000000, 0.002762, -0.013960, -0.999899, 0.157339, -0.999449, -0.033127, -0.002298, 0.044771, -0.033091, 0.999354, -0.014043, 0.030638, 0.000000, 0.000000, 0.000000, 1.000000
-29.9998, 54.0325, 42.6821, 140.3425, 162.3336, -54.0327, 157.3624, 157.3391, 44.7709, 30.6381, 0.552536, 0.813511, -0.181398, 0.054032, -0.829420, 0.515178, -0.215995, 0.042682, -0.082263, 0.269800, 0.959396, 0.140343, 0.000000, 0.000000, 0.000000, 1.000000, -0.082092, 0.269692, 0.959441, 0.162334, -0.552535, -0.813511, 0.181396, -0.054033, 0.829437, -0.515234, 0.215797, 0.157362, 0.000000, 0.000000, 0.000000, 1.000000, 0.002762, -0.013960, -0.999899, 0.157339, -0.999449, -0.033127, -0.002298, 0.044771, -0.033091, 0.999354, -0.014043, 0.030638, 0.000000, 0.000000, 0.000000, 1.000000
-29.9998, 54.0332, 42.6788, 140.3404, 162.3315, -54.0335, 157.3657, 157.3398, 44.7702, 30.6376, 0.552538, 0.813509, -0.181398, 0.054033, -0.829417, 0.515176, -0.216010, 0.042679, -0.082275, 0.269808, 0.959393, 0.140340, 0.000000, 0.000000, 0.000000, 1.000000, -0.082104, 0.269700, 0.959438, 0.162332, -0.552538, -0.813510, 0.181396, -0.054033, 0.829434, -0.515232, 0.215812, 0.157366, 0.000000, 0.000000, 0.000000, 1.000000, 0.002762, -0.013960, -0.999899, 0.157340, -0.999449, -0.033127, -0.002298, 0.044770, -0.033091, 0.999354, -0.014043, 0.030638, 0.000000, 0.000000, 0.000000, 1.000000
-29.9998, 54.0335, 42.6771, 140.3395, 162.3306, -54.0337, 157.3674, 157.3401, 44.7699, 30.6374, 0.552539, 0.813509, -0.181397, 0.054033, -0.829416, 0.515175, -0.216017, 0.042677, -0.082281, 0.269811, 0.959391, 0.140340, 0.000000, 0.000000, 0.000000, 1.000000, -0.082110, 0.269703, 0.959436, 0.162331, -0.552539, -0.813509, 0.181395, -0.054034, 0.829433, -0.515231, 0.215819, 0.157367, 0.000000, 0.000000, 0.000000, 1.000000, 0.002762, -0.013960, -0.999899, 0.157340, -0.999449, -0.033127, -0.002298, 0.044770, -0.033091, 0.999354, -0.014043, 0.030637, 0.000000, 0.000000, 0.000000, 1.000000
-29.9996, 54.0337, 42.6735, 140.3380, 162.3291, -54.0339, 157.3710, 157.3407, 44.7692, 30.6372, 0.552541, 0.813508, -0.181393, 0.054034, -0.829413, 0.515175, -0.216028, 0.042673, -0.082292, 0.269814, 0.959390, 0.140338, 0.000000, 0.000000, 0.000000, 1.000000, -0.082121, 0.269706, 0.959435, 0.162329, -0.552541, -0.813508, 0.181391, -0.054034, 0.829430, -0.515231, 0.215830, 0.157371, 0.000000, 0.000000, 0.000000, 1.000000, 0.002762, -0.013960, -0.999899, 0.157341, -0.999449, -0.033127, -0.002298, 0.044769, -0.033091, 0.999354, -0.014043, 0.030637, 0.000000, 0.000000, 0.000000, 1.000000
-29.9990, 54.0333, 42.6697, 140.3370, 162.3281, -54.0335, 157.3748, 157.3410, 44.7685, 30.6373, 0.552543, 0.813508, -0.181385, 0.054033, -0.829411, 0.515176, -0.216036, 0.042670, -0.082302, 0.269812, 0.959389, 0.140337, 0.000000, 0.000000, 0.000000, 1.000000, -0.082132, 0.269704, 0.959434, 0.162328, -0.552543, -0.813509, 0.181383, -0.054034, 0.829428, -0.515231, 0.215838, 0.157375, 0.000000, 0.000000, 0.000000, 1.000000, 0.002762, -0.013960, -0.999899, 0.157341, -0.999449, -0.033127, -0.002298, 0.044769, -0.033091, 0.999354, -0.014043, 0.030637, 0.000000, 0.000000, 0.000000, 1.000000
-29.9986, 54.0328, 42.6676, 140.3368, 162.3279, -54.0331, 157.3769, 157.3411, 44.7682, 30.6375, 0.552544, 0.813509, -0.181379, 0.054033, -0.829410, 0.515177, -0.216038, 0.042668, -0.082307, 0.269808, 0.959390, 0.140337, 0.000000, 0.000000, 0.000000, 1.000000, -0.082137, 0.269700, 0.959435, 0.162328, -0.552544, -0.813509, 0.181377, -0.054033, 0.829427, -0.515232, 0.215840, 0.157377, 0.000000, 0.000000, 0.000000, 1.000000, 0.002762, -0.013960, -0.999899, 0.157341, -0.999449, -0.033127, -0.002298, 0.044768, -0.033091, 0.999354, -0.014043, 0.030638, 0.000000, 0.000000, 0.000000, 1.000000
-29.9975, 54.0313, 42.6632, 140.3370, 162.3281, -54.0315, 157.3813, 157.3411, 44.7676, 30.6383, 0.552546, 0.813511, -0.181362, 0.054031, -0.829408, 0.515180, -0.216038, 0.042663, -0.082316, 0.269794, 0.959393, 0.140337, 0.000000, 0.000000, 0.000000, 1.000000, -0.082146, 0.269686, 0.959438, 0.162328, -0.552546, -0.813512, 0.181360, -0.054032, 0.829425, -0.515236, 0.215840, 0.157381, 0.000000, 0.000000, 0.000000, 1.000000, 0.002762, -0.013960, -0.999899, 0.157341, -0.999449, -0.033127, -0.002298, 0.044768, -0.033091, 0.999354, -0.014043, 0.030638, 0.000000, 0.000000, 0.000000, 1.000000
-29.9975, 54.0313, 42.6632, 140.3370, 162.3281, -54.0315, 157.3813, 157.3411, 44.7676, 30.6383, 0.552546, 0.813511, -0.181362, 0.054031, -0.829408, 0.515180, -0.216038, 0.042663, -0.082316, 0.269794, 0.959393, 0.140337, 0.000000, 0.000000, 0.000000, 1.000000, -0.082146, 0.269686, 0.959438, 0.162328, -0.552546, -0.813512, 0.181360, -0.054032, 0.829425, -0.515236, 0.215840, 0.157381, 0.000000, 0.000000, 0.000000, 1.000000, 0.002762, -0.013960, -0.999899, 0.157341, -0.999449, -0.033127, -0.002298, 0.044768, -0.033091, 0.999354, -0.014043, 0.030638, 0.000000, 0.000000, 0.000000, 1.000000
-29.9967, 54.0301, 42.6608, 140.3374, 162.3285, -54.0304, 157.3837, 157.3409, 44.7673, 30.6389, 0.552547, 0.813513, -0.181351, 0.054030, -0.829407, 0.515182, -0.216036, 0.042661, -0.082320, 0.269784, 0.959396, 0.140337, 0.000000, 0.000000, 0.000000, 1.000000, -0.082150, 0.269676, 0.959441, 0.162329, -0.552547, -0.813514, 0.181349, -0.054030, 0.829424, -0.515238, 0.215838, 0.157384, 0.000000, 0.000000, 0.000000, 1.000000, 0.002762, -0.013960, -0.999899, 0.157341, -0.999449, -0.033127, -0.002298, 0.044767, -0.033091, 0.999354, -0.014043, 0.030639, 0.000000, 0.000000, 0.000000, 1.000000
-29.9934, 54.0251, 42.6526, 140.3404, 162.3315, -54.0254, 157.3919, 157.3401, 44.7666, 30.6417, 0.552550, 0.813521, -0.181306, 0.054025, -0.829404, 0.515194, -0.216021, 0.042653, -0.082330, 0.269738, 0.959408, 0.140340, 0.000000, 0.000000, 0.000000, 1.000000, -0.082160, 0.269630, 0.959453, 0.162331, -0.552550, -0.813522, 0.181304, -0.054025, 0.829421, -0.515249, 0.215823, 0.157392, 0.000000, 0.000000, 0.000000, 1.000000, 0.002762, -0.013960, -0.999899, 0.157340, -0.999449, -0.033127, -0.002298, 0.044767, -0.033091, 0.999354, -0.014043, 0.030642, 0.000000, 0.000000, 0.000000, 1.000000
-29.9905, 54.0199, 42.6486, 140.3448, 162.3359, -54.0202, 157.3959, 157.3386, 44.7666, 30.6445, 0.552550, 0.813530, -0.181266, 0.054020, -0.829404, 0.515205, -0.215993, 0.042649, -0.082328, 0.269689, 0.959422, 0.140345, 0.000000, 0.000000, 0.000000, 1.000000, -0.082157, 0.269581, 0.959467, 0.162336, -0.552550, -0.813531, 0.181264, -0.054020, 0.829421, -0.515261, 0.215795, 0.157396, 0.000000, 0.000000, 0.000000, 1.000000, 0.002762, -0.013960, -0.999899, 0.157339, -0.999449, -0.033127, -0.002298, 0.044767, -0.033091, 0.999354, -0.014043, 0.030645, 0.000000, 0.000000, 0.000000, 1.000000
-29.9869, 54.0131, 42.6457, 140.3516, 162.3427, -54.0134, 157.3987, 157.3365, 44.7670, 30.6484, 0.552549, 0.813542, -0.181217, 0.054013, -0.829406, 0.515220, -0.215950, 0.042646, -0.082318, 0.269625, 0.959441, 0.140352, 0.000000, 0.000000, 0.000000, 1.000000, -0.082147, 0.269517, 0.959485, 0.162343, -0.552549, -0.813542, 0.181215, -0.054013, 0.829423, -0.515276, 0.215751, 0.157399, 0.000000, 0.000000, 0.000000, 1.000000, 0.002762, -0.013960, -0.999899, 0.157336, -0.999449, -0.033127, -0.002298, 0.044767, -0.033091, 0.999354, -0.014043, 0.030648, 0.000000, 0.000000, 0.000000, 1.000000
-29.9848, 54.0092, 42.6438, 140.3554, 162.3465, -54.0095, 157.4006, 157.3353, 44.7672, 30.6506, 0.552548, 0.813549, -0.181188, 0.054009, -0.829407, 0.515229, -0.215926, 0.042644, -0.082313, 0.269588, 0.959451, 0.140355, 0.000000, 0.000000, 0.000000, 1.000000, -0.082142, 0.269480, 0.959496, 0.162346, -0.552548, -0.813549, 0.181187, -0.054009, 0.829424, -0.515285, 0.215727, 0.157401, 0.000000, 0.000000, 0.000000, 1.000000, 0.002762, -0.013960, -0.999899, 0.157335, -0.999449, -0.033127, -0.002298, 0.044767, -0.033091, 0.999354, -0.014043, 0.030651, 0.000000, 0.000000, 0.000000, 1.000000
-29.9800, 54.0004, 42.6389, 140.3639, 162.3550, -54.0006, 157.4054, 157.3326, 44.7676, 30.6555, 0.552547, 0.813564, -0.181123, 0.054000, -0.829408, 0.515248, -0.215873, 0.042639, -0.082303, 0.269505, 0.959476, 0.140364, 0.000000, 0.000000, 0.000000, 1.000000, -0.082132, 0.269396, 0.959521, 0.162355, -0.552547, -0.813565, 0.181121, -0.054001, 0.829425, -0.515304, 0.215674, 0.157405, 0.000000, 0.000000, 0.000000, 1.000000, 0.002762, -0.013960, -0.999899, 0.157333, -0.999449, -0.033127, -0.002298, 0.044768, -0.033091, 0.999354, -0.014043, 0.030656, 0.000000, 0.000000, 0.000000, 1.000000
-29.9743, 53.9900, 42.6327, 140.3738, 162.3648, -53.9903, 157.4117, 157.3295, 44.7680, 30.6614, 0.552546, 0.813582, -0.181045, 0.053990, -0.829410, 0.515271, -0.215812, 0.042633, -0.082293, 0.269407, 0.959504, 0.140374, 0.000000, 0.000000, 0.000000, 1.000000, -0.082122, 0.269298, 0.959549, 0.162365, -0.552545, -0.813583, 0.181043, -0.053990, 0.829427, -0.515327, 0.215613, 0.157412, 0.000000, 0.000000, 0.000000, 1.000000, 0.002762, -0.013960, -0.999899, 0.157330, -0.999449, -0.033127, -0.002298, 0.044768, -0.033091, 0.999354, -0.014043, 0.030661, 0.000000, 0.000000, 0.000000, 1.000000
-29.9743, 53.9900, 42.6327, 140.3738, 162.3648, -53.9903, 157.4117, 157.3295, 44.7680, 30.6614, 0.552546, 0.813582, -0.181045, 0.053990, -0.829410, 0.515271, -0.215812, 0.042633, -0.082293, 0.269407, 0.959504, 0.140374, 0.000000, 0.000000, 0.000000, 1.000000, -0.082122, 0.269298, 0.959549, 0.162365, -0.552545, -0.813583, 0.181043, -0.053990, 0.829427, -0.515327, 0.215613, 0.157412, 0.000000, 0.000000, 0.000000, 1.000000, 0.002762, -0.013960, -0.999899, 0.157330, -0.999449, -0.033127, -0.002298, 0.044768, -0.033091, 0.999354, -0.014043, 0.030661, 0.000000, 0.000000, 0.000000, 1.000000
-29.9640, 53.9715, 42.6205, 140.3911, 162.3822, -53.9717, 157.4238, 157.3241, 44.7684, 30.6718, 0.552544, 0.813615, -0.180904, 0.053971, -0.829413, 0.515311, -0.215706, 0.042620, -0.082279, 0.269231, 0.959554, 0.140391, 0.000000, 0.000000, 0.000000, 1.000000, -0.082108, 0.269123, 0.959600, 0.162382, -0.552544, -0.813615, 0.180902, -0.053972, 0.829430, -0.515367, 0.215506, 0.157424, 0.000000, 0.000000, 0.000000, 1.000000, 0.002762, -0.013960, -0.999899, 0.157324, -0.999449, -0.033127, -0.002298, 0.044768, -0.033091, 0.999354, -0.014043, 0.030672, 0.000000, 0.000000, 0.000000, 1.000000
-29.9601, 53.9645, 42.6156, 140.3976, 162.3887, -53.9647, 157.4287, 157.3221, 44.7685, 30.6757, 0.552543, 0.813627, -0.180850, 0.053964, -0.829414, 0.515326, -0.215666, 0.042616, -0.082275, 0.269165, 0.959573, 0.140398, 0.000000, 0.000000, 0.000000, 1.000000, -0.082104, 0.269056, 0.959619, 0.162389, -0.552543, -0.813628, 0.180849, -0.053965, 0.829431, -0.515382, 0.215467, 0.157429, 0.000000, 0.000000, 0.000000, 1.000000, 0.002762, -0.013960, -0.999899, 0.157322, -0.999449, -0.033127, -0.002298, 0.044769, -0.033091, 0.999354, -0.014043, 0.030676, 0.000000, 0.000000, 0.000000, 1.000000
-29.9516, 53.9491, 42.6047, 140.4117, 162.4028, -53.9494, 157.4396, 157.3178, 44.7687, 30.6842, 0.552542, 0.813654, -0.180733, 0.053949, -0.829415, 0.515359, -0.215581, 0.042605, -0.082266, 0.269020, 0.959615, 0.140412, 0.000000, 0.000000, 0.000000, 1.000000, -0.082095, 0.268911, 0.959660, 0.162403, -0.552542, -0.813655, 0.180731, -0.053949, 0.829432, -0.515415, 0.215381, 0.157440, 0.000000, 0.000000, 0.000000, 1.000000, 0.002762, -0.013960, -0.999899, 0.157318, -0.999449, -0.033127, -0.002298, 0.044769, -0.033091, 0.999354, -0.014043, 0.030684, 0.000000, 0.000000, 0.000000, 1.000000
-29.9516, 53.9491, 42.6047, 140.4117, 162.4028, -53.9494, 157.4396, 157.3178, 44.7687, 30.6842, 0.552542, 0.813654, -0.180733, 0.053949, -0.829415, 0.515359, -0.215581, 0.042605, -0.082266, 0.269020, 0.959615, 0.140412, 0.000000, 0.000000, 0.000000, 1.000000, -0.082095, 0.268911, 0.959660, 0.162403, -0.552542, -0.813655, 0.180731, -0.053949, 0.829432, -0.515415, 0.215381, 0.157440, 0.000000, 0.000000, 0.000000, 1.000000, 0.002762, -0.013960, -0.999899, 0.157318, -0.999449, -0.033127, -0.002298, 0.044769, -0.033091, 0.999354, -0.014043, 0.030684, 0.000000, 0.000000, 0.000000, 1.000000
-29.9368, 53.9229, 42.5852, 140.4357, 162.4268, -53.9231, 157.4590, 157.3104, 44.7690, 30.6989, 0.552540, 0.813700, -0.180529, 0.053923, -0.829418, 0.515416, -0.215436, 0.042585, -0.082253, 0.268771, 0.959686, 0.140436, 0.000000, 0.000000, 0.000000, 1.000000, -0.082081, 0.268663, 0.959731, 0.162427, -0.552540, -0.813701, 0.180527, -0.053923, 0.829435, -0.515472, 0.215237, 0.157459, 0.000000, 0.000000, 0.000000, 1.000000, 0.002762, -0.013960, -0.999899, 0.157310, -0.999449, -0.033127, -0.002298, 0.044769, -0.033091, 0.999354, -0.014043, 0.030699, 0.000000, 0.000000, 0.000000, 1.000000
-29.9257, 53.9031, 42.5702, 140.4537, 162.4447, -53.9034, 157.4740, 157.3049, 44.7691, 30.7099, 0.552539, 0.813735, -0.180375, 0.053903, -0.829419, 0.515458, -0.215329, 0.042570, -0.082245, 0.268584, 0.959739, 0.140454, 0.000000, 0.000000, 0.000000, 1.000000, -0.082073, 0.268476, 0.959784, 0.162445, -0.552539, -0.813736, 0.180374, -0.053903, 0.829436, -0.515514, 0.215129, 0.157474, 0.000000, 0.000000, 0.000000, 1.000000, 0.002762, -0.013960, -0.999899, 0.157305, -0.999449, -0.033127, -0.002298, 0.044769, -0.033091, 0.999354, -0.014043, 0.030710, 0.000000, 0.000000, 0.000000, 1.000000
-29.9198, 53.8926, 42.5621, 140.4632, 162.4543, -53.8928, 157.4821, 157.3020, 44.7691, 30.7158, 0.552539, 0.813754, -0.180293, 0.053893, -0.829420, 0.515481, -0.215272, 0.042562, -0.082240, 0.268485, 0.959767, 0.140463, 0.000000, 0.000000, 0.000000, 1.000000, -0.082069, 0.268376, 0.959812, 0.162454, -0.552538, -0.813754, 0.180291, -0.053893, 0.829437, -0.515537, 0.215072, 0.157482, 0.000000, 0.000000, 0.000000, 1.000000, 0.002762, -0.013960, -0.999899, 0.157302, -0.999449, -0.033127, -0.002298, 0.044769, -0.033091, 0.999354, -0.014043, 0.030716, 0.000000, 0.000000, 0.000000, 1.000000
-29.9071, 53.8701, 42.5446, 140.4835, 162.4745, -53.8704, 157.4996, 157.2958, 44.7692, 30.7283, 0.552537, 0.813794, -0.180118, 0.053870, -0.829422, 0.515529, -0.215151, 0.042545, -0.082232, 0.268272, 0.959827, 0.140483, 0.000000, 0.000000, 0.000000, 1.000000, -0.082060, 0.268163, 0.959872, 0.162475, -0.552537, -0.813794, 0.180116, -0.053870, 0.829439, -0.515585, 0.214951, 0.157500, 0.000000, 0.000000, 0.000000, 1.000000, 0.002762, -0.013960, -0.999899, 0.157296, -0.999449, -0.033127, -0.002298, 0.044769, -0.033091, 0.999354, -0.014043, 0.030728, 0.000000, 0.000000, 0.000000, 1.000000
-29.9004, 53.8583, 42.5352, 140.4942, 162.4853, -53.8585, 157.5089, 157.2925, 44.7692, 30.7350, 0.552537, 0.813815, -0.180025, 0.053858, -0.829422, 0.515554, -0.215087, 0.042535, -0.082228, 0.268160, 0.959859, 0.140494, 0.000000, 0.000000, 0.000000, 1.000000, -0.082056, 0.268051, 0.959904, 0.162485, -0.552537, -0.813815, 0.180023, -0.053859, 0.829440, -0.515610, 0.214887, 0.157509, 0.000000, 0.000000, 0.000000, 1.000000, 0.002762, -0.013960, -0.999899, 0.157293, -0.999449, -0.033127, -0.002298, 0.044769, -0.033091, 0.999354, -0.014043, 0.030735, 0.000000, 0.000000, 0.000000, 1.000000
-29.8862, 53.8332, 42.5154, 140.5168, 162.5079, -53.8334, 157.5288, 157.2857, 44.7691, 30.7489, 0.552535, 0.813859, -0.179828, 0.053833, -0.829424, 0.515608, -0.214952, 0.042515, -0.082220, 0.267922, 0.959926, 0.140517, 0.000000, 0.000000, 0.000000, 1.000000, -0.082048, 0.267814, 0.959971, 0.162508, -0.552535, -0.813859, 0.179826, -0.053833, 0.829441, -0.515663, 0.214752, 0.157529, 0.000000, 0.000000, 0.000000, 1.000000, 0.002762, -0.013960, -0.999899, 0.157286, -0.999449, -0.033127, -0.002298, 0.044769, -0.033091, 0.999354, -0.014043, 0.030749, 0.000000, 0.000000, 0.000000, 1.000000
-29.8787, 53.8200, 42.5049, 140.5287, 162.5197, -53.8203, 157.5393, 157.2820, 44.7691, 30.7563, 0.552535, 0.813882, -0.179725, 0.053820, -0.829425, 0.515636, -0.214882, 0.042505, -0.082216, 0.267798, 0.959961, 0.140529, 0.000000, 0.000000, 0.000000, 1.000000, -0.082044, 0.267689, 0.960006, 0.162520, -0.552535, -0.813883, 0.179723, -0.053820, 0.829442, -0.515691, 0.214682, 0.157539, 0.000000, 0.000000, 0.000000, 1.000000, 0.002762, -0.013960, -0.999899, 0.157282, -0.999449, -0.033127, -0.002298, 0.044769, -0.033091, 0.999354, -0.014043, 0.030756, 0.000000, 0.000000, 0.000000, 1.000000
-29.8630, 53.7924, 42.4827, 140.5536, 162.5446, -53.7926, 157.5615, 157.2745, 44.7691, 30.7717, 0.552533, 0.813931, -0.179507, 0.053792, -0.829427, 0.515694, -0.214734, 0.042483, -0.082208, 0.267536, 0.960035, 0.140554, 0.000000, 0.000000, 0.000000, 1.000000, -0.082036, 0.267427, 0.960080, 0.162545, -0.552533, -0.813932, 0.179505, -0.053793, 0.829444, -0.515750, 0.214534, 0.157561, 0.000000, 0.000000, 0.000000, 1.000000, 0.002762, -0.013960, -0.999899, 0.157274, -0.999449, -0.033127, -0.002298, 0.044769, -0.033091, 0.999354, -0.014043, 0.030772, 0.000000, 0.000000, 0.000000, 1.000000
-29.8548, 53.7779, 42.4710, 140.5665, 162.5576, -53.7782, 157.5731, 157.2705, 44.7690, 30.7797, 0.552533, 0.813957, -0.179394, 0.053778, -0.829428, 0.515725, -0.214657, 0.042471, -0.082204, 0.267399, 0.960073, 0.140567, 0.000000, 0.000000, 0.000000, 1.000000, -0.082032, 0.267290, 0.960118, 0.162558, -0.552533, -0.813957, 0.179392, -0.053778, 0.829445, -0.515781, 0.214457, 0.157573, 0.000000, 0.000000, 0.000000, 1.000000, 0.002762, -0.013960, -0.999899, 0.157271, -0.999449, -0.033127, -0.002298, 0.044769, -0.033091, 0.999354, -0.014043, 0.030780, 0.000000, 0.000000, 0.000000, 1.000000
-29.8378, 53.7479, 42.4467, 140.5936, 162.5847, -53.7481, 157.5974, 157.2623, 44.7689, 30.7965, 0.552531, 0.814010, -0.179157, 0.053748, -0.829429, 0.515789, -0.214497, 0.042447, -0.082196, 0.267114, 0.960153, 0.140594, 0.000000, 0.000000, 0.000000, 1.000000, -0.082024, 0.267005, 0.960198, 0.162585, -0.552531, -0.814010, 0.179155, -0.053748, 0.829446, -0.515844, 0.214297, 0.157597, 0.000000, 0.000000, 0.000000, 1.000000, 0.002762, -0.013960, -0.999899, 0.157262, -0.999449, -0.033127, -0.002298, 0.044769, -0.033091, 0.999354, -0.014043, 0.030796, 0.000000, 0.000000, 0.000000, 1.000000
-29.8289, 53.7322, 42.4341, 140.6076, 162.5987, -53.7325, 157.6101, 157.2580, 44.7689, 30.8052, 0.552531, 0.814037, -0.179033, 0.053732, -0.829430, 0.515822, -0.214414, 0.042434, -0.082191, 0.266966, 0.960195, 0.140608, 0.000000, 0.000000, 0.000000, 1.000000, -0.082020, 0.266857, 0.960240, 0.162599, -0.552530, -0.814038, 0.179032, -0.053733, 0.829447, -0.515878, 0.214214, 0.157610, 0.000000, 0.000000, 0.000000, 1.000000, 0.002762, -0.013960, -0.999899, 0.157258, -0.999449, -0.033127, -0.002298, 0.044769, -0.033091, 0.999354, -0.014043, 0.030805, 0.000000, 0.000000, 0.000000, 1.000000
-29.8105, 53.6999, 42.4078, 140.6368, 162.6278, -53.7002, 157.6364, 157.2492, 44.7687, 30.8232, 0.552529, 0.814095, -0.178778, 0.053700, -0.829432, 0.515890, -0.214242, 0.042408, -0.082183, 0.266659, 0.960281, 0.140637, 0.000000, 0.000000, 0.000000, 1.000000, -0.082011, 0.266550, 0.960326, 0.162628, -0.552529, -0.814095, 0.178776, -0.053700, 0.829449, -0.515946, 0.214042, 0.157636, 0.000000, 0.000000, 0.000000, 1.000000, 0.002762, -0.013960, -0.999899, 0.157249, -0.999449, -0.033127, -0.002298, 0.044769, -0.033091, 0.999354, -0.014043, 0.030823, 0.000000, 0.000000, 0.000000, 1.000000
-29.7913, 53.6661, 42.3802, 140.6671, 162.6582, -53.6664, 157.6639, 157.2400, 44.7686, 30.8420, 0.552527, 0.814154, -0.178511, 0.053666, -0.829434, 0.515962, -0.214062, 0.042380, -0.082175, 0.266339, 0.960370, 0.140667, 0.000000, 0.000000, 0.000000, 1.000000, -0.082003, 0.266230, 0.960415, 0.162658, -0.552527, -0.814155, 0.178509, -0.053666, 0.829451, -0.516017, 0.213862, 0.157664, 0.000000, 0.000000, 0.000000, 1.000000, 0.002762, -0.013960, -0.999899, 0.157240, -0.999449, -0.033127, -0.002298, 0.044769, -0.033091, 0.999354, -0.014043, 0.030842, 0.000000, 0.000000, 0.000000, 1.000000
-29.7913, 53.6661, 42.3802, 140.6671, 162.6582, -53.6664, 157.6639, 157.2400, 44.7686, 30.8420, 0.552527, 0.814154, -0.178511, 0.053666, -0.829434, 0.515962, -0.214062, 0.042380, -0.082175, 0.266339, 0.960370, 0.140667, 0.000000, 0.000000, 0.000000, 1.000000, -0.082003, 0.266230, 0.960415, 0.162658, -0.552527, -0.814155, 0.178509, -0.053666, 0.829451, -0.516017, 0.213862, 0.157664, 0.000000, 0.000000, 0.000000, 1.000000, 0.002762, -0.013960, -0.999899, 0.157240, -0.999449, -0.033127, -0.002298, 0.044769, -0.033091, 0.999354, -0.014043, 0.030842, 0.000000, 0.000000, 0.000000, 1.000000
-29.7611, 53.6131, 42.3369, 140.7150, 162.7060, -53.6133, 157.7073, 157.2255, 44.7683, 30.8716, 0.552525, 0.814248, -0.178092, 0.053613, -0.829437, 0.516074, -0.213780, 0.042337, -0.082162, 0.265835, 0.960511, 0.140715, 0.000000, 0.000000, 0.000000, 1.000000, -0.081990, 0.265726, 0.960556, 0.162706, -0.552525, -0.814248, 0.178090, -0.053613, 0.829454, -0.516129, 0.213580, 0.157707, 0.000000, 0.000000, 0.000000, 1.000000, 0.002761, -0.013960, -0.999899, 0.157225, -0.999449, -0.033127, -0.002298, 0.044768, -0.033091, 0.999354, -0.014043, 0.030872, 0.000000, 0.000000, 0.000000, 1.000000
-29.7402, 53.5756, 42.3111, 140.7504, 162.7415, -53.5758, 157.7330, 157.2146, 44.7690, 30.8926, 0.552520, 0.814314, -0.177803, 0.053576, -0.829443, 0.516153, -0.213568, 0.042311, -0.082138, 0.265478, 0.960612, 0.140750, 0.000000, 0.000000, 0.000000, 1.000000, -0.081966, 0.265369, 0.960657, 0.162741, -0.552520, -0.814315, 0.177801, -0.053576, 0.829460, -0.516208, 0.213368, 0.157733, 0.000000, 0.000000, 0.000000, 1.000000, 0.002761, -0.013960, -0.999899, 0.157215, -0.999449, -0.033127, -0.002298, 0.044769, -0.033091, 0.999354, -0.014043, 0.030893, 0.000000, 0.000000, 0.000000, 1.000000
-29.7187, 53.5372, 42.2841, 140.7865, 162.7776, -53.5374, 157.7600, 157.2036, 44.7696, 30.9140, 0.552515, 0.814382, -0.177505, 0.053537, -0.829448, 0.516234, -0.213352, 0.042284, -0.082116, 0.265112, 0.960715, 0.140787, 0.000000, 0.000000, 0.000000, 1.000000, -0.081944, 0.265003, 0.960759, 0.162778, -0.552515, -0.814383, 0.177504, -0.053537, 0.829465, -0.516289, 0.213152, 0.157760, 0.000000, 0.000000, 0.000000, 1.000000, 0.002761, -0.013960, -0.999899, 0.157204, -0.999449, -0.033127, -0.002298, 0.044770, -0.033091, 0.999354, -0.014043, 0.030914, 0.000000, 0.000000, 0.000000, 1.000000
-29.7187, 53.5372, 42.2841, 140.7865, 162.7776, -53.5374, 157.7600, 157.2036, 44.7696, 30.9140, 0.552515, 0.814382, -0.177505, 0.053537, -0.829448, 0.516234, -0.213352, 0.042284, -0.082116, 0.265112, 0.960715, 0.140787, 0.000000, 0.000000, 0.000000, 1.000000, -0.081944, 0.265003, 0.960759, 0.162778, -0.552515, -0.814383, 0.177504, -0.053537, 0.829465, -0.516289, 0.213152, 0.157760, 0.000000, 0.000000, 0.000000, 1.000000, 0.002761, -0.013960, -0.999899, 0.157204, -0.999449, -0.033127, -0.002298, 0.044770, -0.033091, 0.999354, -0.014043, 0.030914, 0.000000, 0.000000, 0.000000, 1.000000
-29.6967, 53.4980, 42.2560, 140.8233, 162.8143, -53.4983, 157.7881, 157.1924, 44.7702, 30.9359, 0.552511, 0.814451, -0.177201, 0.053498, -0.829453, 0.516316, -0.213134, 0.042256, -0.082095, 0.264739, 0.960819, 0.140823, 0.000000, 0.000000, 0.000000, 1.000000, -0.081923, 0.264630, 0.960864, 0.162814, -0.552511, -0.814452, 0.177200, -0.053498, 0.829470, -0.516371, 0.212933, 0.157788, 0.000000, 0.000000, 0.000000, 1.000000, 0.002762, -0.013960, -0.999899, 0.157192, -0.999449, -0.033127, -0.002298, 0.044770, -0.033091, 0.999354, -0.014043, 0.030936, 0.000000, 0.000000, 0.000000, 1.000000
-29.6856, 53.4782, 42.2415, 140.8418, 162.8329, -53.4785, 157.8025, 157.1867, 44.7704, 30.9470, 0.552509, 0.814487, -0.177047, 0.053478, -0.829455, 0.516357, -0.213024, 0.042241, -0.082085, 0.264550, 0.960872, 0.140842, 0.000000, 0.000000, 0.000000, 1.000000, -0.081913, 0.264441, 0.960917, 0.162833, -0.552509, -0.814487, 0.177045, -0.053478, 0.829472, -0.516413, 0.212823, 0.157803, 0.000000, 0.000000, 0.000000, 1.000000, 0.002762, -0.013960, -0.999899, 0.157187, -0.999449, -0.033127, -0.002298, 0.044770, -0.033091, 0.999354, -0.014043, 0.030947, 0.000000, 0.000000, 0.000000, 1.000000
-29.6517, 53.4180, 42.1968, 140.8980, 162.8890, -53.4183, 157.8472, 157.1697, 44.7709, 30.9806, 0.552503, 0.814593, -0.176577, 0.053418, -0.829462, 0.516483, -0.212691, 0.042197, -0.082058, 0.263976, 0.961032, 0.140898, 0.000000, 0.000000, 0.000000, 1.000000, -0.081885, 0.263867, 0.961077, 0.162889, -0.552503, -0.814593, 0.176575, -0.053418, 0.829479, -0.516539, 0.212490, 0.157847, 0.000000, 0.000000, 0.000000, 1.000000, 0.002762, -0.013960, -0.999899, 0.157170, -0.999449, -0.033127, -0.002298, 0.044771, -0.033091, 0.999354, -0.014043, 0.030981, 0.000000, 0.000000, 0.000000, 1.000000
-29.6287, 53.3773, 42.1659, 140.9358, 162.9268, -53.3776, 157.8780, 157.1582, 44.7712, 31.0033, 0.552499, 0.814665, -0.176257, 0.053377, -0.829466, 0.516568, -0.212468, 0.042166, -0.082041, 0.263588, 0.961140, 0.140936, 0.000000, 0.000000, 0.000000, 1.000000, -0.081869, 0.263478, 0.961185, 0.162927, -0.552499, -0.814665, 0.176256, -0.053378, 0.829483, -0.516624, 0.212267, 0.157878, 0.000000, 0.000000, 0.000000, 1.000000, 0.002762, -0.013960, -0.999899, 0.157158, -0.999449, -0.033127, -0.002298, 0.044771, -0.033091, 0.999354, -0.014043, 0.031003, 0.000000, 0.000000, 0.000000, 1.000000
-29.6287, 53.3773, 42.1659, 140.9358, 162.9268, -53.3776, 157.8780, 157.1582, 44.7712, 31.0033, 0.552499, 0.814665, -0.176257, 0.053377, -0.829466, 0.516568, -0.212468, 0.042166, -0.082041, 0.263588, 0.961140, 0.140936, 0.000000, 0.000000, 0.000000, 1.000000, -0.081869, 0.263478, 0.961185, 0.162927, -0.552499, -0.814665, 0.176256, -0.053378, 0.829483, -0.516624, 0.212267, 0.157878, 0.000000, 0.000000, 0.000000, 1.000000, 0.002762, -0.013960, -0.999899, 0.157158, -0.999449, -0.033127, -0.002298, 0.044771, -0.033091, 0.999354, -0.014043, 0.031003, 0.000000, 0.000000, 0.000000, 1.000000
-29.5939, 53.3157, 42.1183, 140.9928, 162.9839, -53.3160, 157.9256, 157.1409, 44.7714, 31.0377, 0.552493, 0.814773, -0.175773, 0.053316, -0.829472, 0.516697, -0.212133, 0.042118, -0.082019, 0.263000, 0.961303, 0.140993, 0.000000, 0.000000, 0.000000, 1.000000, -0.081846, 0.262891, 0.961348, 0.162984, -0.552493, -0.814773, 0.175771, -0.053316, 0.829489, -0.516752, 0.211931, 0.157926, 0.000000, 0.000000, 0.000000, 1.000000, 0.002762, -0.013960, -0.999899, 0.157141, -0.999449, -0.033127, -0.002298, 0.044771, -0.033091, 0.999354, -0.014043, 0.031038, 0.000000, 0.000000, 0.000000, 1.000000
-29.5939, 53.3157, 42.1183, 140.9928, 162.9839, -53.3160, 157.9256, 157.1409, 44.7714, 31.0377, 0.552493, 0.814773, -0.175773, 0.053316, -0.829472, 0.516697, -0.212133, 0.042118, -0.082019, 0.263000, 0.961303, 0.140993, 0.000000, 0.000000, 0.000000, 1.000000, -0.081846, 0.262891, 0.961348, 0.162984, -0.552493, -0.814773, 0.175771, -0.053316, 0.829489, -0.516752, 0.211931, 0.157926, 0.000000, 0.000000, 0.000000, 1.000000, 0.002762, -0.013960, -0.999899, 0.157141, -0.999449, -0.033127, -0.002298, 0.044771, -0.033091, 0.999354, -0.014043, 0.031038, 0.000000, 0.000000, 0.000000, 1.000000
-29.5587, 53.2538, 42.0695, 141.0499, 163.0410, -53.2541, 157.9744, 157.1236, 44.7714, 31.0723, 0.552488, 0.814882, -0.175283, 0.053254, -0.829477, 0.516826, -0.211798, 0.042069, -0.081999, 0.262409, 0.961466, 0.141050, 0.000000, 0.000000, 0.000000, 1.000000, -0.081826, 0.262299, 0.961511, 0.163041, -0.552488, -0.814882, 0.175281, -0.053254, 0.829495, -0.516881, 0.211596, 0.157974, 0.000000, 0.000000, 0.000000, 1.000000, 0.002762, -0.013960, -0.999899, 0.157124, -0.999449, -0.033127, -0.002298, 0.044771, -0.033091, 0.999354, -0.014043, 0.031072, 0.000000, 0.000000, 0.000000, 1.000000
-29.5469, 53.2331, 42.0530, 141.0690, 163.0600, -53.2334, 157.9909, 157.1178, 44.7714, 31.0838, 0.552487, 0.814918, -0.175119, 0.053233, -0.829479, 0.516869, -0.211686, 0.042053, -0.081993, 0.262212, 0.961521, 0.141069, 0.000000, 0.000000, 0.000000, 1.000000, -0.081820, 0.262102, 0.961565, 0.163060, -0.552487, -0.814919, 0.175118, -0.053233, 0.829496, -0.516924, 0.211485, 0.157991, 0.000000, 0.000000, 0.000000, 1.000000, 0.002762, -0.013960, -0.999899, 0.157118, -0.999449, -0.033127, -0.002298, 0.044771, -0.033091, 0.999354, -0.014043, 0.031084, 0.000000, 0.000000, 0.000000, 1.000000
-29.5234, 53.1918, 42.0198, 141.1069, 163.0980, -53.1921, 158.0241, 157.1063, 44.7713, 31.1068, 0.552484, 0.814991, -0.174792, 0.053192, -0.829482, 0.516954, -0.211465, 0.042020, -0.081982, 0.261817, 0.961629, 0.141107, 0.000000, 0.000000, 0.000000, 1.000000, -0.081809, 0.261708, 0.961674, 0.163098, -0.552483, -0.814991, 0.174790, -0.053192, 0.829499, -0.517009, 0.211263, 0.158024, 0.000000, 0.000000, 0.000000, 1.000000, 0.002762, -0.013960, -0.999899, 0.157106, -0.999449, -0.033127, -0.002298, 0.044771, -0.033091, 0.999354, -0.014043, 0.031107, 0.000000, 0.000000, 0.000000, 1.000000
-29.5117, 53.1713, 42.0031, 141.1258, 163.1169, -53.1715, 158.0408, 157.1006, 44.7712, 31.1183, 0.552482, 0.815027, -0.174628, 0.053171, -0.829484, 0.516997, -0.211354, 0.042003, -0.081977, 0.261621, 0.961683, 0.141126, 0.000000, 0.000000, 0.000000, 1.000000, -0.081804, 0.261511, 0.961728, 0.163117, -0.552482, -0.815027, 0.174626, -0.053172, 0.829501, -0.517052, 0.211153, 0.158041, 0.000000, 0.000000, 0.000000, 1.000000, 0.002762, -0.013960, -0.999899, 0.157101, -0.999449, -0.033127, -0.002298, 0.044771, -0.033091, 0.999354, -0.014043, 0.031118, 0.000000, 0.000000, 0.000000, 1.000000
-29.4882, 53.1302, 41.9696, 141.1634, 163.1545, -53.1305, 158.0742, 157.0893, 44.7711, 31.1412, 0.552479, 0.815099, -0.174302, 0.053130, -0.829487, 0.517082, -0.211135, 0.041970, -0.081968, 0.261229, 0.961790, 0.141163, 0.000000, 0.000000, 0.000000, 1.000000, -0.081795, 0.261119, 0.961835, 0.163154, -0.552479, -0.815099, 0.174300, -0.053130, 0.829504, -0.517137, 0.210933, 0.158074, 0.000000, 0.000000, 0.000000, 1.000000, 0.002762, -0.013960, -0.999899, 0.157089, -0.999449, -0.033127, -0.002298, 0.044771, -0.033091, 0.999354, -0.014043, 0.031141, 0.000000, 0.000000, 0.000000, 1.000000
-29.4766, 53.1098, 41.9529, 141.1821, 163.1732, -53.1101, 158.0910, 157.0836, 44.7710, 31.1525, 0.552478, 0.815134, -0.174139, 0.053110, -0.829488, 0.517124, -0.211026, 0.041953, -0.081963, 0.261034, 0.961844, 0.141182, 0.000000, 0.000000, 0.000000, 1.000000, -0.081790, 0.260924, 0.961888, 0.163173, -0.552478, -0.815135, 0.174137, -0.053110, 0.829505, -0.517179, 0.210824, 0.158091, 0.000000, 0.000000, 0.000000, 1.000000, 0.002762, -0.013960, -0.999899, 0.157084, -0.999449, -0.033127, -0.002298, 0.044771, -0.033091, 0.999354, -0.014043, 0.031153, 0.000000, 0.000000, 0.000000, 1.000000
-29.4533, 53.0692, 41.9194, 141.2192, 163.2103, -53.0695, 158.1244, 157.0724, 44.7707, 31.1752, 0.552475, 0.815205, -0.173815, 0.053069, -0.829491, 0.517208, -0.210810, 0.041919, -0.081955, 0.260646, 0.961950, 0.141219, 0.000000, 0.000000, 0.000000, 1.000000, -0.081782, 0.260536, 0.961994, 0.163210, -0.552475, -0.815206, 0.173814, -0.053069, 0.829508, -0.517263, 0.210608, 0.158124, 0.000000, 0.000000, 0.000000, 1.000000, 0.002762, -0.013960, -0.999899, 0.157072, -0.999449, -0.033127, -0.002298, 0.044771, -0.033091, 0.999354, -0.014043, 0.031175, 0.000000, 0.000000, 0.000000, 1.000000
-29.4418, 53.0491, 41.9027, 141.2376, 163.2287, -53.0494, 158.1411, 157.0668, 44.7706, 31.1864, 0.552474, 0.815240, -0.173655, 0.053049, -0.829492, 0.517250, -0.210703, 0.041903, -0.081951, 0.260453, 0.962002, 0.141238, 0.000000, 0.000000, 0.000000, 1.000000, -0.081778, 0.260343, 0.962047, 0.163229, -0.552474, -0.815241, 0.173653, -0.053049, 0.829509, -0.517305, 0.210501, 0.158141, 0.000000, 0.000000, 0.000000, 1.000000, 0.002762, -0.013960, -0.999899, 0.157067, -0.999449, -0.033127, -0.002298, 0.044771, -0.033091, 0.999354, -0.014043, 0.031186, 0.000000, 0.000000, 0.000000, 1.000000
-29.4076, 52.9894, 41.8530, 141.2921, 163.2832, -52.9897, 158.1909, 157.0504, 44.7701, 31.2196, 0.552470, 0.815344, -0.173178, 0.052989, -0.829495, 0.517373, -0.210387, 0.041853, -0.081940, 0.259882, 0.962157, 0.141292, 0.000000, 0.000000, 0.000000, 1.000000, -0.081767, 0.259772, 0.962202, 0.163283, -0.552470, -0.815345, 0.173176, -0.052990, 0.829512, -0.517428, 0.210185, 0.158191, 0.000000, 0.000000, 0.000000, 1.000000, 0.002762, -0.013960, -0.999899, 0.157050, -0.999449, -0.033127, -0.002298, 0.044770, -0.033091, 0.999354, -0.014043, 0.031220, 0.000000, 0.000000, 0.000000, 1.000000
-29.3964, 52.9699, 41.8366, 141.3099, 163.3011, -52.9701, 158.2073, 157.0450, 44.7700, 31.2306, 0.552469, 0.815378, -0.173021, 0.052970, -0.829496, 0.517414, -0.210283, 0.041837, -0.081937, 0.259695, 0.962208, 0.141310, 0.000000, 0.000000, 0.000000, 1.000000, -0.081764, 0.259585, 0.962253, 0.163301, -0.552469, -0.815379, 0.173019, -0.052970, 0.829513, -0.517468, 0.210081, 0.158207, 0.000000, 0.000000, 0.000000, 1.000000, 0.002762, -0.013960, -0.999899, 0.157045, -0.999449, -0.033127, -0.002298, 0.044770, -0.033091, 0.999354, -0.014043, 0.031231, 0.000000, 0.000000, 0.000000, 1.000000
-29.3742, 52.9312, 41.8040, 141.3452, 163.3364, -52.9314, 158.2398, 157.0343, 44.7696, 31.2521, 0.552467, 0.815445, -0.172711, 0.052931, -0.829498, 0.517494, -0.210078, 0.041804, -0.081930, 0.259325, 0.962309, 0.141345, 0.000000, 0.000000, 0.000000, 1.000000, -0.081758, 0.259215, 0.962353, 0.163336, -0.552467, -0.815446, 0.172709, -0.052931, 0.829516, -0.517548, 0.209876, 0.158240, 0.000000, 0.000000, 0.000000, 1.000000, 0.002762, -0.013960, -0.999899, 0.157034, -0.999449, -0.033127, -0.002298, 0.044770, -0.033091, 0.999354, -0.014043, 0.031252, 0.000000, 0.000000, 0.000000, 1.000000
-29.3632, 52.9121, 41.7879, 141.3627, 163.3538, -52.9123, 158.2559, 157.0290, 44.7694, 31.2628, 0.552466, 0.815478, -0.172558, 0.052912, -0.829499, 0.517533, -0.209977, 0.041788, -0.081927, 0.259142, 0.962358, 0.141363, 0.000000, 0.000000, 0.000000, 1.000000, -0.081755, 0.259032, 0.962403, 0.163354, -0.552466, -0.815479, 0.172556, -0.052912, 0.829517, -0.517587, 0.209775, 0.158256, 0.000000, 0.000000, 0.000000, 1.000000, 0.002762, -0.013960, -0.999899, 0.157029, -0.999449, -0.033127, -0.002298, 0.044769, -0.033091, 0.999354, -0.014043, 0.031263, 0.000000, 0.000000, 0.000000, 1.000000
-29.3415, 52.8744, 41.7561, 141.3971, 163.3882, -52.8746, 158.2877, 157.0186, 44.7691, 31.2838, 0.552464, 0.815544, -0.172255, 0.052874, -0.829501, 0.517611, -0.209778, 0.041756, -0.081922, 0.258781, 0.962456, 0.141397, 0.000000, 0.000000, 0.000000, 1.000000, -0.081749, 0.258671, 0.962500, 0.163388, -0.552464, -0.815544, 0.172254, -0.052875, 0.829518, -0.517665, 0.209576, 0.158288, 0.000000, 0.000000, 0.000000, 1.000000, 0.002762, -0.013960, -0.999899, 0.157019, -0.999449, -0.033127, -0.002298, 0.044769, -0.033091, 0.999354, -0.014043, 0.031284, 0.000000, 0.000000, 0.000000, 1.000000
-29.3202, 52.8374, 41.7248, 141.4308, 163.4220, -52.8376, 158.3190, 157.0084, 44.7687, 31.3044, 0.552462, 0.815608, -0.171958, 0.052837, -0.829503, 0.517687, -0.209582, 0.041725, -0.081916, 0.258426, 0.962552, 0.141431, 0.000000, 0.000000, 0.000000, 1.000000, -0.081744, 0.258316, 0.962596, 0.163422, -0.552462, -0.815608, 0.171957, -0.052838, 0.829520, -0.517741, 0.209381, 0.158319, 0.000000, 0.000000, 0.000000, 1.000000, 0.002762, -0.013960, -0.999899, 0.157008, -0.999449, -0.033127, -0.002298, 0.044769, -0.033091, 0.999354, -0.014043, 0.031304, 0.000000, 0.000000, 0.000000, 1.000000
-29.3098, 52.8192, 41.7094, 141.4474, 163.4386, -52.8194, 158.3344, 157.0034, 44.7686, 31.3146, 0.552461, 0.815639, -0.171812, 0.052819, -0.829504, 0.517725, -0.209486, 0.041709, -0.081913, 0.258252, 0.962599, 0.141447, 0.000000, 0.000000, 0.000000, 1.000000, -0.081741, 0.258142, 0.962643, 0.163439, -0.552461, -0.815640, 0.171810, -0.052819, 0.829521, -0.517779, 0.209284, 0.158334, 0.000000, 0.000000, 0.000000, 1.000000, 0.002762, -0.013960, -0.999899, 0.157003, -0.999449, -0.033127, -0.002298, 0.044769, -0.033091, 0.999354, -0.014043, 0.031315, 0.000000, 0.000000, 0.000000, 1.000000
