# Joint_4_Angle(deg), Cam_X(mm), Cam_Y(mm), Cam_Z(mm), Torso_X(mm), Torso_Y(mm), Torso_Z(mm), EE_X(mm), EE_Y(mm), EE_Z(mm), T_cam2marker_flat(16), T_torso2marker_flat(16), T_ee2marker_flat(16)
-29.9682, 46.6365, -32.5104, 209.3118, 231.3248, -46.6369, 232.4997, 112.5684, 56.6791, 55.2015, 0.603804, 0.792837, -0.082637, 0.046637, -0.674825, 0.563587, 0.476426, -0.032510, 0.424302, -0.231903, 0.875322, 0.209312, 0.000000, 0.000000, 0.000000, 1.000000, 0.424572, -0.232131, 0.875131, 0.231325, -0.603805, -0.792837, 0.082636, -0.046637, 0.674654, -0.563493, -0.476778, 0.232500, 0.000000, 0.000000, 0.000000, 1.000000, 0.002821, -0.015125, -0.999882, 0.112568, -0.999583, -0.028771, -0.002385, 0.056679, -0.028731, 0.999472, -0.015200, 0.055202, 0.000000, 0.000000, 0.000000, 1.000000
-29.9659, 46.6329, -32.5030, 209.3137, 231.3267, -46.6334, 232.4920, 112.5692, 56.6789, 55.2015, 0.603804, 0.792840, -0.082612, 0.046633, -0.674839, 0.563579, 0.476414, -0.032503, 0.424279, -0.231911, 0.875331, 0.209314, 0.000000, 0.000000, 0.000000, 1.000000, 0.424550, -0.232140, 0.875139, 0.231327, -0.603805, -0.792840, 0.082610, -0.046633, 0.674668, -0.563485, -0.476767, 0.232492, 0.000000, 0.000000, 0.000000, 1.000000, 0.002821, -0.015125, -0.999882, 0.112569, -0.999583, -0.028771, -0.002385, 0.056679, -0.028732, 0.999472, -0.015200, 0.055202, 0.000000, 0.000000, 0.000000, 1.000000
-29.9652, 46.6311, -32.4977, 209.3163, 231.3293, -46.6315, 232.4865, 112.5688, 56.6791, 55.2015, 0.603802, 0.792843, -0.082602, 0.046631, -0.674842, 0.563572, 0.476418, -0.032498, 0.424277, -0.231919, 0.875330, 0.209316, 0.000000, 0.000000, 0.000000, 1.000000, 0.424549, -0.232148, 0.875137, 0.231329, -0.603803, -0.792843, 0.082600, -0.046632, 0.674671, -0.563478, -0.476773, 0.232486, 0.000000, 0.000000, 0.000000, 1.000000, 0.002821, -0.015125, -0.999882, 0.112569, -0.999583, -0.028771, -0.002385, 0.056679, -0.028732, 0.999472, -0.015200, 0.055202, 0.000000, 0.000000, 0.000000, 1.000000
-29.9656, 46.6308, -32.4942, 209.3195, 231.3325, -46.6312, 232.4828, 112.5674, 56.6795, 55.2015, 0.603799, 0.792845, -0.082606, 0.046631, -0.674835, 0.563566, 0.476436, -0.032494, 0.424294, -0.231926, 0.875320, 0.209319, 0.000000, 0.000000, 0.000000, 1.000000, 0.424566, -0.232156, 0.875127, 0.231333, -0.603800, -0.792845, 0.082605, -0.046631, 0.674662, -0.563472, -0.476791, 0.232483, 0.000000, 0.000000, 0.000000, 1.000000, 0.002821, -0.015125, -0.999882, 0.112567, -0.999583, -0.028771, -0.002385, 0.056679, -0.028732, 0.999472, -0.015200, 0.055202, 0.000000, 0.000000, 0.000000, 1.000000
-29.9666, 46.6306, -32.4893, 209.3244, 231.3375, -46.6310, 232.4777, 112.5651, 56.6800, 55.2016, 0.603794, 0.792848, -0.082615, 0.046631, -0.674821, 0.563559, 0.476465, -0.032489, 0.424323, -0.231936, 0.875303, 0.209324, 0.000000, 0.000000, 0.000000, 1.000000, 0.424596, -0.232166, 0.875110, 0.231337, -0.603795, -0.792847, 0.082614, -0.046631, 0.674648, -0.563464, -0.476820, 0.232478, 0.000000, 0.000000, 0.000000, 1.000000, 0.002821, -0.015125, -0.999882, 0.112565, -0.999583, -0.028771, -0.002385, 0.056680, -0.028731, 0.999472, -0.015200, 0.055202, 0.000000, 0.000000, 0.000000, 1.000000
-29.9678, 46.6309, -32.4859, 209.3288, 231.3419, -46.6313, 232.4741, 112.5627, 56.6806, 55.2016, 0.603790, 0.792850, -0.082628, 0.046631, -0.674805, 0.563552, 0.476494, -0.032486, 0.424354, -0.231944, 0.875286, 0.209329, 0.000000, 0.000000, 0.000000, 1.000000, 0.424627, -0.232175, 0.875092, 0.231342, -0.603790, -0.792849, 0.082627, -0.046631, 0.674632, -0.563458, -0.476851, 0.232474, 0.000000, 0.000000, 0.000000, 1.000000, 0.002821, -0.015125, -0.999882, 0.112563, -0.999583, -0.028771, -0.002385, 0.056681, -0.028731, 0.999472, -0.015200, 0.055202, 0.000000, 0.000000, 0.000000, 1.000000
-29.9693, 46.6318, -32.4838, 209.3327, 231.3458, -46.6322, 232.4718, 112.5604, 56.6811, 55.2016, 0.603785, 0.792851, -0.082643, 0.046632, -0.674789, 0.563547, 0.476523, -0.032484, 0.424386, -0.231951, 0.875269, 0.209333, 0.000000, 0.000000, 0.000000, 1.000000, 0.424660, -0.232182, 0.875074, 0.231346, -0.603786, -0.792851, 0.082642, -0.046632, 0.674616, -0.563452, -0.476881, 0.232472, 0.000000, 0.000000, 0.000000, 1.000000, 0.002821, -0.015125, -0.999882, 0.112560, -0.999583, -0.028771, -0.002385, 0.056681, -0.028731, 0.999472, -0.015200, 0.055202, 0.000000, 0.000000, 0.000000, 1.000000
-29.9708, 46.6328, -32.4826, 209.3358, 231.3490, -46.6332, 232.4704, 112.5584, 56.6816, 55.2016, 0.603781, 0.792853, -0.082659, 0.046633, -0.674774, 0.563543, 0.476549, -0.032483, 0.424415, -0.231956, 0.875253, 0.209336, 0.000000, 0.000000, 0.000000, 1.000000, 0.424690, -0.232188, 0.875059, 0.231349, -0.603782, -0.792852, 0.082657, -0.046633, 0.674600, -0.563448, -0.476907, 0.232470, 0.000000, 0.000000, 0.000000, 1.000000, 0.002821, -0.015125, -0.999882, 0.112558, -0.999583, -0.028770, -0.002385, 0.056682, -0.028731, 0.999472, -0.015200, 0.055202, 0.000000, 0.000000, 0.000000, 1.000000
-29.9726, 46.6341, -32.4822, 209.3391, 231.3523, -46.6345, 232.4698, 112.5562, 56.6821, 55.2016, 0.603777, 0.792854, -0.082677, 0.046634, -0.674757, 0.563540, 0.476578, -0.032482, 0.424448, -0.231960, 0.875236, 0.209339, 0.000000, 0.000000, 0.000000, 1.000000, 0.424724, -0.232193, 0.875041, 0.231352, -0.603778, -0.792854, 0.082675, -0.046635, 0.674583, -0.563444, -0.476937, 0.232470, 0.000000, 0.000000, 0.000000, 1.000000, 0.002821, -0.015125, -0.999882, 0.112556, -0.999583, -0.028770, -0.002385, 0.056682, -0.028731, 0.999472, -0.015200, 0.055202, 0.000000, 0.000000, 0.000000, 1.000000
-29.9732, 46.6346, -32.4823, 209.3402, 231.3534, -46.6350, 232.4697, 112.5555, 56.6823, 55.2016, 0.603775, 0.792855, -0.082682, 0.046635, -0.674752, 0.563538, 0.476587, -0.032482, 0.424459, -0.231961, 0.875231, 0.209340, 0.000000, 0.000000, 0.000000, 1.000000, 0.424735, -0.232194, 0.875035, 0.231353, -0.603776, -0.792854, 0.082681, -0.046635, 0.674577, -0.563443, -0.476947, 0.232470, 0.000000, 0.000000, 0.000000, 1.000000, 0.002821, -0.015125, -0.999882, 0.112555, -0.999583, -0.028770, -0.002385, 0.056682, -0.028731, 0.999472, -0.015200, 0.055202, 0.000000, 0.000000, 0.000000, 1.000000
-29.9731, 46.6344, -32.4823, 209.3402, 231.3534, -46.6348, 232.4696, 112.5556, 56.6823, 55.2015, 0.603775, 0.792855, -0.082681, 0.046634, -0.674753, 0.563537, 0.476585, -0.032482, 0.424457, -0.231961, 0.875232, 0.209340, 0.000000, 0.000000, 0.000000, 1.000000, 0.424734, -0.232195, 0.875035, 0.231353, -0.603776, -0.792855, 0.082679, -0.046635, 0.674579, -0.563442, -0.476946, 0.232470, 0.000000, 0.000000, 0.000000, 1.000000, 0.002821, -0.015125, -0.999882, 0.112556, -0.999583, -0.028770, -0.002385, 0.056682, -0.028731, 0.999472, -0.015200, 0.055202, 0.000000, 0.000000, 0.000000, 1.000000
-29.9722, 46.6334, -32.4821, 209.3391, 231.3524, -46.6338, 232.4692, 112.5566, 56.6821, 55.2015, 0.603776, 0.792856, -0.082669, 0.046633, -0.674763, 0.563537, 0.476572, -0.032482, 0.424440, -0.231960, 0.875240, 0.209339, 0.000000, 0.000000, 0.000000, 1.000000, 0.424717, -0.232194, 0.875043, 0.231352, -0.603777, -0.792856, 0.082668, -0.046634, 0.674588, -0.563441, -0.476933, 0.232469, 0.000000, 0.000000, 0.000000, 1.000000, 0.002821, -0.015125, -0.999882, 0.112557, -0.999583, -0.028770, -0.002385, 0.056682, -0.028731, 0.999472, -0.015200, 0.055201, 0.000000, 0.000000, 0.000000, 1.000000
-29.9703, 46.6314, -32.4813, 209.3370, 231.3503, -46.6318, 232.4683, 112.5586, 56.6817, 55.2014, 0.603778, 0.792857, -0.082648, 0.046631, -0.674782, 0.563537, 0.476545, -0.032481, 0.424407, -0.231959, 0.875256, 0.209337, 0.000000, 0.000000, 0.000000, 1.000000, 0.424684, -0.232193, 0.875060, 0.231350, -0.603779, -0.792856, 0.082646, -0.046632, 0.674607, -0.563441, -0.476907, 0.232468, 0.000000, 0.000000, 0.000000, 1.000000, 0.002821, -0.015125, -0.999882, 0.112559, -0.999583, -0.028770, -0.002385, 0.056682, -0.028731, 0.999472, -0.015200, 0.055201, 0.000000, 0.000000, 0.000000, 1.000000
-29.9673, 46.6284, -32.4799, 209.3338, 231.3471, -46.6288, 232.4667, 112.5617, 56.6811, 55.2013, 0.603782, 0.792857, -0.082615, 0.046628, -0.674810, 0.563537, 0.476505, -0.032480, 0.424357, -0.231956, 0.875281, 0.209334, 0.000000, 0.000000, 0.000000, 1.000000, 0.424635, -0.232191, 0.875084, 0.231347, -0.603783, -0.792857, 0.082613, -0.046629, 0.674635, -0.563441, -0.476867, 0.232467, 0.000000, 0.000000, 0.000000, 1.000000, 0.002821, -0.015125, -0.999882, 0.112562, -0.999583, -0.028771, -0.002385, 0.056681, -0.028731, 0.999472, -0.015200, 0.055201, 0.000000, 0.000000, 0.000000, 1.000000
-29.9632, 46.6241, -32.4775, 209.3294, 231.3428, -46.6245, 232.4642, 112.5659, 56.6803, 55.2013, 0.603787, 0.792858, -0.082569, 0.046624, -0.674849, 0.563537, 0.476450, -0.032477, 0.424288, -0.231953, 0.875316, 0.209329, 0.000000, 0.000000, 0.000000, 1.000000, 0.424566, -0.232188, 0.875118, 0.231343, -0.603788, -0.792857, 0.082567, -0.046625, 0.674673, -0.563441, -0.476813, 0.232464, 0.000000, 0.000000, 0.000000, 1.000000, 0.002821, -0.015125, -0.999882, 0.112566, -0.999583, -0.028771, -0.002385, 0.056680, -0.028732, 0.999472, -0.015199, 0.055201, 0.000000, 0.000000, 0.000000, 1.000000
-29.9579, 46.6186, -32.4741, 209.3241, 231.3374, -46.6190, 232.4607, 112.5713, 56.6791, 55.2012, 0.603794, 0.792859, -0.082511, 0.046619, -0.674898, 0.563538, 0.476381, -0.032474, 0.424200, -0.231950, 0.875359, 0.209324, 0.000000, 0.000000, 0.000000, 1.000000, 0.424479, -0.232185, 0.875162, 0.231337, -0.603795, -0.792858, 0.082509, -0.046619, 0.674722, -0.563441, -0.476744, 0.232461, 0.000000, 0.000000, 0.000000, 1.000000, 0.002821, -0.015124, -0.999882, 0.112571, -0.999583, -0.028772, -0.002385, 0.056679, -0.028733, 0.999472, -0.015199, 0.055201, 0.000000, 0.000000, 0.000000, 1.000000
-29.9514, 46.6118, -32.4696, 209.3176, 231.3310, -46.6123, 232.4561, 112.5778, 56.6778, 55.2010, 0.603802, 0.792860, -0.082439, 0.046612, -0.674957, 0.563538, 0.476296, -0.032470, 0.424093, -0.231946, 0.875412, 0.209318, 0.000000, 0.000000, 0.000000, 1.000000, 0.424372, -0.232181, 0.875214, 0.231331, -0.603803, -0.792859, 0.082437, -0.046612, 0.674781, -0.563441, -0.476659, 0.232456, 0.000000, 0.000000, 0.000000, 1.000000, 0.002821, -0.015124, -0.999882, 0.112578, -0.999583, -0.028773, -0.002385, 0.056678, -0.028733, 0.999472, -0.015198, 0.055201, 0.000000, 0.000000, 0.000000, 1.000000
-29.9436, 46.6037, -32.4638, 209.3102, 231.3236, -46.6041, 232.4502, 112.5854, 56.6762, 55.2009, 0.603813, 0.792861, -0.082353, 0.046604, -0.675028, 0.563537, 0.476196, -0.032464, 0.423966, -0.231942, 0.875474, 0.209310, 0.000000, 0.000000, 0.000000, 1.000000, 0.424246, -0.232178, 0.875276, 0.231324, -0.603813, -0.792860, 0.082352, -0.046604, 0.674852, -0.563441, -0.476560, 0.232450, 0.000000, 0.000000, 0.000000, 1.000000, 0.002821, -0.015123, -0.999882, 0.112585, -0.999583, -0.028774, -0.002385, 0.056676, -0.028734, 0.999472, -0.015198, 0.055201, 0.000000, 0.000000, 0.000000, 1.000000
-29.9345, 46.5940, -32.4565, 209.3017, 231.3151, -46.5944, 232.4428, 112.5943, 56.6743, 55.2008, 0.603824, 0.792862, -0.082253, 0.046594, -0.675111, 0.563537, 0.476080, -0.032456, 0.423818, -0.231938, 0.875547, 0.209302, 0.000000, 0.000000, 0.000000, 1.000000, 0.424098, -0.232175, 0.875349, 0.231315, -0.603825, -0.792862, 0.082252, -0.046594, 0.674934, -0.563440, -0.476444, 0.232443, 0.000000, 0.000000, 0.000000, 1.000000, 0.002821, -0.015122, -0.999882, 0.112594, -0.999583, -0.028775, -0.002385, 0.056674, -0.028736, 0.999472, -0.015197, 0.055201, 0.000000, 0.000000, 0.000000, 1.000000
-29.9183, 46.5768, -32.4428, 209.2873, 231.3007, -46.5773, 232.4289, 112.6098, 56.6710, 55.2006, 0.603845, 0.792865, -0.082076, 0.046577, -0.675255, 0.563535, 0.475877, -0.032443, 0.423559, -0.231933, 0.875674, 0.209287, 0.000000, 0.000000, 0.000000, 1.000000, 0.423839, -0.232170, 0.875476, 0.231301, -0.603846, -0.792865, 0.082074, -0.046577, 0.675078, -0.563438, -0.476242, 0.232429, 0.000000, 0.000000, 0.000000, 1.000000, 0.002821, -0.015121, -0.999882, 0.112610, -0.999583, -0.028777, -0.002385, 0.056671, -0.028738, 0.999471, -0.015196, 0.055201, 0.000000, 0.000000, 0.000000, 1.000000
-29.8995, 46.5567, -32.4258, 209.2711, 231.2845, -46.5571, 232.4119, 112.6276, 56.6672, 55.2003, 0.603868, 0.792868, -0.081870, 0.046557, -0.675422, 0.563532, 0.475643, -0.032426, 0.423259, -0.231929, 0.875820, 0.209271, 0.000000, 0.000000, 0.000000, 1.000000, 0.423539, -0.232166, 0.875622, 0.231285, -0.603869, -0.792868, 0.081868, -0.046557, 0.675246, -0.563435, -0.476008, 0.232412, 0.000000, 0.000000, 0.000000, 1.000000, 0.002821, -0.015120, -0.999882, 0.112628, -0.999583, -0.028780, -0.002385, 0.056667, -0.028740, 0.999471, -0.015195, 0.055200, 0.000000, 0.000000, 0.000000, 1.000000
-29.8856, 46.5417, -32.4128, 209.2595, 231.2729, -46.5421, 232.3988, 112.6406, 56.6644, 55.2002, 0.603885, 0.792871, -0.081718, 0.046542, -0.675545, 0.563530, 0.475472, -0.032413, 0.423038, -0.231926, 0.875927, 0.209259, 0.000000, 0.000000, 0.000000, 1.000000, 0.423319, -0.232163, 0.875729, 0.231273, -0.603886, -0.792871, 0.081716, -0.046542, 0.675368, -0.563433, -0.475838, 0.232399, 0.000000, 0.000000, 0.000000, 1.000000, 0.002821, -0.015119, -0.999882, 0.112641, -0.999583, -0.028782, -0.002385, 0.056664, -0.028742, 0.999471, -0.015194, 0.055200, 0.000000, 0.000000, 0.000000, 1.000000
-29.8707, 46.5256, -32.3984, 209.2472, 231.2607, -46.5260, 232.3844, 112.6545, 56.6615, 55.2000, 0.603904, 0.792874, -0.081555, 0.046526, -0.675676, 0.563526, 0.475289, -0.032398, 0.422803, -0.231924, 0.876042, 0.209247, 0.000000, 0.000000, 0.000000, 1.000000, 0.423084, -0.232162, 0.875843, 0.231261, -0.603905, -0.792873, 0.081553, -0.046526, 0.675499, -0.563429, -0.475656, 0.232384, 0.000000, 0.000000, 0.000000, 1.000000, 0.002821, -0.015117, -0.999882, 0.112655, -0.999583, -0.028784, -0.002385, 0.056661, -0.028744, 0.999471, -0.015192, 0.055200, 0.000000, 0.000000, 0.000000, 1.000000
-29.8549, 46.5085, -32.3828, 209.2345, 231.2480, -46.5089, 232.3687, 112.6691, 56.6583, 55.1999, 0.603923, 0.792877, -0.081382, 0.046508, -0.675814, 0.563523, 0.475097, -0.032383, 0.422554, -0.231923, 0.876162, 0.209235, 0.000000, 0.000000, 0.000000, 1.000000, 0.422836, -0.232160, 0.875963, 0.231248, -0.603924, -0.792877, 0.081380, -0.046509, 0.675637, -0.563426, -0.475464, 0.232369, 0.000000, 0.000000, 0.000000, 1.000000, 0.002821, -0.015116, -0.999882, 0.112669, -0.999583, -0.028786, -0.002385, 0.056658, -0.028746, 0.999471, -0.015191, 0.055200, 0.000000, 0.000000, 0.000000, 1.000000
-29.8467, 46.4995, -32.3745, 209.2280, 231.2415, -46.4999, 232.3604, 112.6767, 56.6567, 55.1998, 0.603933, 0.792879, -0.081292, 0.046499, -0.675886, 0.563521, 0.474997, -0.032375, 0.422425, -0.231922, 0.876224, 0.209228, 0.000000, 0.000000, 0.000000, 1.000000, 0.422707, -0.232160, 0.876026, 0.231241, -0.603934, -0.792878, 0.081290, -0.046500, 0.675709, -0.563423, -0.475364, 0.232360, 0.000000, 0.000000, 0.000000, 1.000000, 0.002821, -0.015116, -0.999882, 0.112677, -0.999583, -0.028787, -0.002385, 0.056657, -0.028747, 0.999471, -0.015191, 0.055200, 0.000000, 0.000000, 0.000000, 1.000000
-29.8207, 46.4712, -32.3478, 209.2079, 231.2214, -46.4716, 232.3336, 112.7005, 56.6516, 55.1996, 0.603964, 0.792884, -0.081008, 0.046471, -0.676112, 0.563513, 0.474685, -0.032348, 0.422019, -0.231922, 0.876420, 0.209208, 0.000000, 0.000000, 0.000000, 1.000000, 0.422301, -0.232160, 0.876221, 0.231221, -0.603965, -0.792884, 0.081006, -0.046472, 0.675935, -0.563416, -0.475052, 0.232334, 0.000000, 0.000000, 0.000000, 1.000000, 0.002821, -0.015114, -0.999882, 0.112700, -0.999583, -0.028790, -0.002385, 0.056652, -0.028751, 0.999471, -0.015189, 0.055200, 0.000000, 0.000000, 0.000000, 1.000000
-29.8026, 46.4513, -32.3287, 209.1942, 231.2076, -46.4517, 232.3144, 112.7170, 56.6480, 55.1994, 0.603986, 0.792888, -0.080810, 0.046451, -0.676269, 0.563508, 0.474467, -0.032329, 0.421736, -0.231922, 0.876556, 0.209194, 0.000000, 0.000000, 0.000000, 1.000000, 0.422019, -0.232160, 0.876357, 0.231208, -0.603986, -0.792887, 0.080808, -0.046452, 0.676092, -0.563410, -0.474835, 0.232314, 0.000000, 0.000000, 0.000000, 1.000000, 0.002821, -0.015112, -0.999882, 0.112717, -0.999583, -0.028793, -0.002385, 0.056648, -0.028753, 0.999471, -0.015187, 0.055199, 0.000000, 0.000000, 0.000000, 1.000000
-29.7840, 46.4297, -32.3031, 209.1841, 231.1976, -46.4301, 232.2887, 112.7325, 56.6447, 55.1993, 0.604005, 0.792894, -0.080605, 0.046430, -0.676425, 0.563495, 0.474261, -0.032303, 0.421459, -0.231933, 0.876686, 0.209184, 0.000000, 0.000000, 0.000000, 1.000000, 0.421742, -0.232171, 0.876487, 0.231198, -0.604006, -0.792894, 0.080603, -0.046430, 0.676248, -0.563397, -0.474629, 0.232289, 0.000000, 0.000000, 0.000000, 1.000000, 0.002821, -0.015111, -0.999882, 0.112732, -0.999582, -0.028795, -0.002385, 0.056645, -0.028756, 0.999471, -0.015186, 0.055199, 0.000000, 0.000000, 0.000000, 1.000000
-29.7649, 46.4077, -32.2773, 209.1736, 231.1871, -46.4081, 232.2627, 112.7484, 56.6412, 55.1992, 0.604024, 0.792900, -0.080396, 0.046408, -0.676584, 0.563482, 0.474049, -0.032277, 0.421175, -0.231943, 0.876820, 0.209174, 0.000000, 0.000000, 0.000000, 1.000000, 0.421459, -0.232182, 0.876621, 0.231187, -0.604025, -0.792900, 0.080394, -0.046408, 0.676407, -0.563384, -0.474418, 0.232263, 0.000000, 0.000000, 0.000000, 1.000000, 0.002821, -0.015109, -0.999882, 0.112748, -0.999582, -0.028798, -0.002385, 0.056641, -0.028758, 0.999471, -0.015184, 0.055199, 0.000000, 0.000000, 0.000000, 1.000000
-29.7357, 46.3741, -32.2382, 209.1573, 231.1707, -46.3746, 232.2236, 112.7730, 56.6359, 55.1991, 0.604055, 0.792910, -0.080075, 0.046374, -0.676828, 0.563462, 0.473723, -0.032238, 0.420739, -0.231958, 0.877026, 0.209157, 0.000000, 0.000000, 0.000000, 1.000000, 0.421023, -0.232197, 0.876826, 0.231171, -0.604056, -0.792909, 0.080073, -0.046375, 0.676651, -0.563365, -0.474093, 0.232224, 0.000000, 0.000000, 0.000000, 1.000000, 0.002821, -0.015107, -0.999882, 0.112773, -0.999582, -0.028801, -0.002385, 0.056636, -0.028762, 0.999471, -0.015182, 0.055199, 0.000000, 0.000000, 0.000000, 1.000000
-29.7159, 46.3515, -32.2123, 209.1459, 231.1594, -46.3520, 232.1975, 112.7897, 56.6322, 55.1990, 0.604076, 0.792916, -0.079858, 0.046352, -0.676994, 0.563450, 0.473502, -0.032212, 0.420443, -0.231967, 0.877165, 0.209146, 0.000000, 0.000000, 0.000000, 1.000000, 0.420727, -0.232207, 0.876966, 0.231159, -0.604076, -0.792915, 0.079856, -0.046352, 0.676816, -0.563352, -0.473871, 0.232198, 0.000000, 0.000000, 0.000000, 1.000000, 0.002821, -0.015106, -0.999882, 0.112790, -0.999582, -0.028804, -0.002384, 0.056632, -0.028765, 0.999471, -0.015181, 0.055199, 0.000000, 0.000000, 0.000000, 1.000000
-29.6961, 46.3289, -32.1864, 209.1343, 231.1478, -46.3293, 232.1716, 112.8065, 56.6286, 55.1989, 0.604097, 0.792922, -0.079640, 0.046329, -0.677160, 0.563438, 0.473277, -0.032186, 0.420144, -0.231976, 0.877306, 0.209134, 0.000000, 0.000000, 0.000000, 1.000000, 0.420429, -0.232216, 0.877106, 0.231148, -0.604097, -0.792921, 0.079638, -0.046329, 0.676983, -0.563340, -0.473648, 0.232172, 0.000000, 0.000000, 0.000000, 1.000000, 0.002820, -0.015104, -0.999882, 0.112807, -0.999582, -0.028807, -0.002384, 0.056629, -0.028767, 0.999471, -0.015179, 0.055199, 0.000000, 0.000000, 0.000000, 1.000000
-29.6761, 46.3062, -32.1608, 209.1225, 231.1360, -46.3066, 232.1459, 112.8235, 56.6249, 55.1987, 0.604118, 0.792928, -0.079421, 0.046306, -0.677328, 0.563426, 0.473052, -0.032161, 0.419844, -0.231985, 0.877448, 0.209123, 0.000000, 0.000000, 0.000000, 1.000000, 0.420129, -0.232225, 0.877248, 0.231136, -0.604119, -0.792927, 0.079419, -0.046307, 0.677150, -0.563328, -0.473423, 0.232146, 0.000000, 0.000000, 0.000000, 1.000000, 0.002820, -0.015103, -0.999882, 0.112824, -0.999582, -0.028809, -0.002384, 0.056625, -0.028770, 0.999471, -0.015178, 0.055199, 0.000000, 0.000000, 0.000000, 1.000000
-29.6563, 46.2836, -32.1356, 209.1106, 231.1241, -46.2840, 232.1206, 112.8405, 56.6211, 55.1986, 0.604139, 0.792933, -0.079203, 0.046284, -0.677495, 0.563415, 0.472826, -0.032136, 0.419544, -0.231993, 0.877589, 0.209111, 0.000000, 0.000000, 0.000000, 1.000000, 0.419829, -0.232233, 0.877389, 0.231124, -0.604140, -0.792933, 0.079201, -0.046284, 0.677318, -0.563316, -0.473197, 0.232121, 0.000000, 0.000000, 0.000000, 1.000000, 0.002820, -0.015101, -0.999882, 0.112841, -0.999582, -0.028812, -0.002384, 0.056621, -0.028772, 0.999471, -0.015176, 0.055199, 0.000000, 0.000000, 0.000000, 1.000000
-29.6365, 46.2612, -32.1107, 209.0985, 231.1120, -46.2616, 232.0956, 112.8575, 56.6174, 55.1985, 0.604160, 0.792939, -0.078986, 0.046261, -0.677662, 0.563404, 0.472600, -0.032111, 0.419244, -0.232000, 0.877730, 0.209099, 0.000000, 0.000000, 0.000000, 1.000000, 0.419529, -0.232241, 0.877530, 0.231112, -0.604161, -0.792938, 0.078984, -0.046262, 0.677484, -0.563305, -0.472972, 0.232096, 0.000000, 0.000000, 0.000000, 1.000000, 0.002820, -0.015100, -0.999882, 0.112858, -0.999582, -0.028815, -0.002384, 0.056617, -0.028775, 0.999471, -0.015175, 0.055199, 0.000000, 0.000000, 0.000000, 1.000000
-29.6168, 46.2390, -32.0862, 209.0863, 231.0998, -46.2394, 232.0711, 112.8745, 56.6137, 55.1984, 0.604181, 0.792944, -0.078770, 0.046239, -0.677828, 0.563393, 0.472375, -0.032086, 0.418945, -0.232008, 0.877871, 0.209086, 0.000000, 0.000000, 0.000000, 1.000000, 0.419231, -0.232248, 0.877671, 0.231100, -0.604182, -0.792944, 0.078768, -0.046239, 0.677650, -0.563295, -0.472747, 0.232071, 0.000000, 0.000000, 0.000000, 1.000000, 0.002820, -0.015098, -0.999882, 0.112874, -0.999582, -0.028817, -0.002384, 0.056614, -0.028778, 0.999471, -0.015173, 0.055198, 0.000000, 0.000000, 0.000000, 1.000000
-29.5975, 46.2172, -32.0623, 209.0742, 231.0877, -46.2176, 232.0471, 112.8913, 56.6100, 55.1983, 0.604202, 0.792950, -0.078557, 0.046217, -0.677991, 0.563383, 0.472152, -0.032062, 0.418651, -0.232014, 0.878010, 0.209074, 0.000000, 0.000000, 0.000000, 1.000000, 0.418937, -0.232255, 0.877810, 0.231088, -0.604203, -0.792949, 0.078556, -0.046218, 0.677813, -0.563285, -0.472525, 0.232047, 0.000000, 0.000000, 0.000000, 1.000000, 0.002820, -0.015097, -0.999882, 0.112891, -0.999582, -0.028820, -0.002384, 0.056610, -0.028780, 0.999471, -0.015172, 0.055198, 0.000000, 0.000000, 0.000000, 1.000000
-29.5784, 46.1957, -32.0390, 209.0621, 231.0756, -46.1961, 232.0238, 112.9078, 56.6063, 55.1982, 0.604222, 0.792955, -0.078348, 0.046196, -0.678152, 0.563373, 0.471932, -0.032039, 0.418360, -0.232020, 0.878147, 0.209062, 0.000000, 0.000000, 0.000000, 1.000000, 0.418646, -0.232261, 0.877947, 0.231076, -0.604223, -0.792954, 0.078346, -0.046196, 0.677975, -0.563275, -0.472305, 0.232024, 0.000000, 0.000000, 0.000000, 1.000000, 0.002820, -0.015095, -0.999882, 0.112908, -0.999582, -0.028822, -0.002384, 0.056606, -0.028783, 0.999471, -0.015170, 0.055198, 0.000000, 0.000000, 0.000000, 1.000000
-29.5595, 46.1745, -32.0162, 209.0500, 231.0635, -46.1749, 232.0009, 112.9243, 56.6027, 55.1981, 0.604243, 0.792960, -0.078140, 0.046174, -0.678312, 0.563364, 0.471713, -0.032016, 0.418071, -0.232026, 0.878283, 0.209050, 0.000000, 0.000000, 0.000000, 1.000000, 0.418358, -0.232267, 0.878082, 0.231063, -0.604243, -0.792959, 0.078139, -0.046175, 0.678135, -0.563265, -0.472086, 0.232001, 0.000000, 0.000000, 0.000000, 1.000000, 0.002820, -0.015094, -0.999882, 0.112924, -0.999582, -0.028825, -0.002384, 0.056603, -0.028785, 0.999471, -0.015169, 0.055198, 0.000000, 0.000000, 0.000000, 1.000000
-29.5408, 46.1535, -31.9938, 209.0379, 231.0514, -46.1540, 231.9784, 112.9406, 56.5990, 55.1980, 0.604263, 0.792964, -0.077936, 0.046154, -0.678470, 0.563355, 0.471497, -0.031994, 0.417786, -0.232031, 0.878417, 0.209038, 0.000000, 0.000000, 0.000000, 1.000000, 0.418073, -0.232272, 0.878217, 0.231051, -0.604264, -0.792964, 0.077934, -0.046154, 0.678293, -0.563256, -0.471870, 0.231978, 0.000000, 0.000000, 0.000000, 1.000000, 0.002820, -0.015093, -0.999882, 0.112941, -0.999582, -0.028827, -0.002384, 0.056599, -0.028788, 0.999470, -0.015168, 0.055198, 0.000000, 0.000000, 0.000000, 1.000000
-29.5225, 46.1330, -31.9719, 209.0259, 231.0394, -46.1334, 231.9565, 112.9567, 56.5955, 55.1978, 0.604283, 0.792969, -0.077734, 0.046133, -0.678626, 0.563347, 0.471283, -0.031972, 0.417504, -0.232036, 0.878550, 0.209026, 0.000000, 0.000000, 0.000000, 1.000000, 0.417792, -0.232277, 0.878349, 0.231039, -0.604283, -0.792969, 0.077732, -0.046133, 0.678448, -0.563248, -0.471657, 0.231956, 0.000000, 0.000000, 0.000000, 1.000000, 0.002820, -0.015091, -0.999882, 0.112957, -0.999581, -0.028830, -0.002384, 0.056595, -0.028790, 0.999470, -0.015166, 0.055198, 0.000000, 0.000000, 0.000000, 1.000000
-29.4954, 46.1028, -31.9399, 209.0081, 231.0216, -46.1032, 231.9245, 112.9804, 56.5902, 55.1977, 0.604312, 0.792976, -0.077437, 0.046103, -0.678855, 0.563334, 0.470968, -0.031940, 0.417089, -0.232043, 0.878745, 0.209008, 0.000000, 0.000000, 0.000000, 1.000000, 0.417377, -0.232284, 0.878545, 0.231022, -0.604313, -0.792975, 0.077435, -0.046103, 0.678677, -0.563235, -0.471342, 0.231924, 0.000000, 0.000000, 0.000000, 1.000000, 0.002820, -0.015089, -0.999882, 0.112980, -0.999581, -0.028833, -0.002384, 0.056590, -0.028794, 0.999470, -0.015164, 0.055198, 0.000000, 0.000000, 0.000000, 1.000000
-29.4777, 46.0830, -31.9191, 208.9963, 231.0098, -46.0834, 231.9036, 112.9960, 56.5867, 55.1976, 0.604331, 0.792980, -0.077243, 0.046083, -0.679005, 0.563326, 0.470761, -0.031919, 0.416817, -0.232047, 0.878873, 0.208996, 0.000000, 0.000000, 0.000000, 1.000000, 0.417105, -0.232288, 0.878673, 0.231010, -0.604332, -0.792980, 0.077241, -0.046083, 0.678828, -0.563228, -0.471135, 0.231904, 0.000000, 0.000000, 0.000000, 1.000000, 0.002820, -0.015088, -0.999882, 0.112996, -0.999581, -0.028836, -0.002384, 0.056587, -0.028796, 0.999470, -0.015163, 0.055198, 0.000000, 0.000000, 0.000000, 1.000000
-29.4603, 46.0636, -31.8987, 208.9847, 230.9981, -46.0640, 231.8832, 113.0114, 56.5833, 55.1974, 0.604350, 0.792985, -0.077052, 0.046064, -0.679153, 0.563319, 0.470556, -0.031899, 0.416548, -0.232051, 0.878999, 0.208985, 0.000000, 0.000000, 0.000000, 1.000000, 0.416836, -0.232292, 0.878799, 0.230998, -0.604351, -0.792984, 0.077050, -0.046064, 0.678976, -0.563220, -0.470930, 0.231883, 0.000000, 0.000000, 0.000000, 1.000000, 0.002820, -0.015087, -0.999882, 0.113011, -0.999581, -0.028838, -0.002384, 0.056583, -0.028798, 0.999470, -0.015162, 0.055197, 0.000000, 0.000000, 0.000000, 1.000000
-29.4431, 46.0444, -31.8787, 208.9731, 230.9866, -46.0449, 231.8632, 113.0266, 56.5799, 55.1973, 0.604368, 0.792989, -0.076863, 0.046044, -0.679299, 0.563311, 0.470355, -0.031879, 0.416284, -0.232055, 0.879124, 0.208973, 0.000000, 0.000000, 0.000000, 1.000000, 0.416572, -0.232296, 0.878923, 0.230987, -0.604369, -0.792988, 0.076861, -0.046045, 0.679121, -0.563212, -0.470729, 0.231863, 0.000000, 0.000000, 0.000000, 1.000000, 0.002820, -0.015085, -0.999882, 0.113027, -0.999581, -0.028840, -0.002384, 0.056580, -0.028801, 0.999470, -0.015160, 0.055197, 0.000000, 0.000000, 0.000000, 1.000000
-29.4263, 46.0257, -31.8591, 208.9618, 230.9753, -46.0261, 231.8436, 113.0414, 56.5766, 55.1972, 0.604386, 0.792993, -0.076678, 0.046026, -0.679442, 0.563304, 0.470157, -0.031859, 0.416024, -0.232058, 0.879246, 0.208962, 0.000000, 0.000000, 0.000000, 1.000000, 0.416312, -0.232300, 0.879045, 0.230975, -0.604387, -0.792992, 0.076676, -0.046026, 0.679264, -0.563205, -0.470532, 0.231844, 0.000000, 0.000000, 0.000000, 1.000000, 0.002819, -0.015084, -0.999882, 0.113041, -0.999581, -0.028842, -0.002383, 0.056577, -0.028803, 0.999470, -0.015159, 0.055197, 0.000000, 0.000000, 0.000000, 1.000000
-29.4098, 46.0073, -31.8400, 208.9507, 230.9641, -46.0078, 231.8244, 113.0560, 56.5733, 55.1971, 0.604404, 0.792997, -0.076497, 0.046007, -0.679582, 0.563297, 0.469963, -0.031840, 0.415770, -0.232062, 0.879365, 0.208951, 0.000000, 0.000000, 0.000000, 1.000000, 0.416058, -0.232303, 0.879165, 0.230964, -0.604405, -0.792996, 0.076495, -0.046008, 0.679404, -0.563198, -0.470338, 0.231824, 0.000000, 0.000000, 0.000000, 1.000000, 0.002819, -0.015083, -0.999882, 0.113056, -0.999581, -0.028845, -0.002383, 0.056573, -0.028805, 0.999470, -0.015158, 0.055197, 0.000000, 0.000000, 0.000000, 1.000000
-29.3774, 45.9714, -31.8025, 208.9289, 230.9423, -45.9718, 231.7870, 113.0846, 56.5669, 55.1969, 0.604439, 0.793005, -0.076142, 0.045971, -0.679856, 0.563283, 0.469583, -0.031803, 0.415271, -0.232068, 0.879599, 0.208929, 0.000000, 0.000000, 0.000000, 1.000000, 0.415560, -0.232310, 0.879399, 0.230942, -0.604440, -0.793004, 0.076141, -0.045972, 0.679679, -0.563184, -0.469958, 0.231787, 0.000000, 0.000000, 0.000000, 1.000000, 0.002819, -0.015080, -0.999882, 0.113085, -0.999581, -0.028849, -0.002383, 0.056567, -0.028809, 0.999470, -0.015155, 0.055197, 0.000000, 0.000000, 0.000000, 1.000000
-29.3617, 45.9533, -31.7814, 208.9202, 230.9336, -45.9537, 231.7658, 113.0978, 56.5639, 55.1968, 0.604454, 0.793009, -0.075969, 0.045953, -0.679986, 0.563273, 0.469406, -0.031781, 0.415035, -0.232076, 0.879708, 0.208920, 0.000000, 0.000000, 0.000000, 1.000000, 0.415323, -0.232318, 0.879508, 0.230934, -0.604455, -0.793009, 0.075967, -0.045954, 0.679809, -0.563174, -0.469781, 0.231766, 0.000000, 0.000000, 0.000000, 1.000000, 0.002819, -0.015079, -0.999882, 0.113098, -0.999581, -0.028851, -0.002383, 0.056564, -0.028812, 0.999470, -0.015154, 0.055197, 0.000000, 0.000000, 0.000000, 1.000000
-29.3461, 45.9350, -31.7581, 208.9134, 230.9268, -45.9354, 231.7424, 113.1103, 56.5611, 55.1968, 0.604468, 0.793015, -0.075798, 0.045935, -0.680113, 0.563260, 0.469239, -0.031758, 0.414808, -0.232089, 0.879812, 0.208913, 0.000000, 0.000000, 0.000000, 1.000000, 0.415097, -0.232331, 0.879612, 0.230927, -0.604469, -0.793015, 0.075796, -0.045935, 0.679936, -0.563161, -0.469614, 0.231742, 0.000000, 0.000000, 0.000000, 1.000000, 0.002819, -0.015078, -0.999882, 0.113110, -0.999581, -0.028853, -0.002383, 0.056561, -0.028814, 0.999470, -0.015153, 0.055197, 0.000000, 0.000000, 0.000000, 1.000000
-29.3308, 45.9170, -31.7356, 208.9064, 230.9199, -45.9174, 231.7198, 113.1226, 56.5584, 55.1967, 0.604482, 0.793021, -0.075629, 0.045917, -0.680237, 0.563247, 0.469074, -0.031736, 0.414583, -0.232100, 0.879915, 0.208906, 0.000000, 0.000000, 0.000000, 1.000000, 0.414872, -0.232342, 0.879715, 0.230920, -0.604482, -0.793020, 0.075628, -0.045917, 0.680060, -0.563148, -0.469449, 0.231720, 0.000000, 0.000000, 0.000000, 1.000000, 0.002819, -0.015077, -0.999882, 0.113123, -0.999581, -0.028855, -0.002383, 0.056558, -0.028816, 0.999470, -0.015152, 0.055197, 0.000000, 0.000000, 0.000000, 1.000000
-29.3157, 45.8994, -31.7138, 208.8993, 230.9127, -45.8998, 231.6980, 113.1349, 56.5556, 55.1967, 0.604495, 0.793026, -0.075463, 0.045899, -0.680361, 0.563235, 0.468909, -0.031714, 0.414360, -0.232111, 0.880017, 0.208899, 0.000000, 0.000000, 0.000000, 1.000000, 0.414650, -0.232353, 0.879817, 0.230913, -0.604496, -0.793026, 0.075461, -0.045900, 0.680184, -0.563136, -0.469285, 0.231698, 0.000000, 0.000000, 0.000000, 1.000000, 0.002819, -0.015076, -0.999882, 0.113135, -0.999581, -0.028857, -0.002383, 0.056556, -0.028818, 0.999470, -0.015151, 0.055197, 0.000000, 0.000000, 0.000000, 1.000000
-29.3008, 45.8820, -31.6927, 208.8919, 230.9053, -45.8824, 231.6769, 113.1471, 56.5529, 55.1966, 0.604509, 0.793032, -0.075299, 0.045882, -0.680484, 0.563224, 0.468744, -0.031693, 0.414139, -0.232121, 0.880119, 0.208892, 0.000000, 0.000000, 0.000000, 1.000000, 0.414428, -0.232363, 0.879919, 0.230905, -0.604510, -0.793031, 0.075297, -0.045882, 0.680307, -0.563124, -0.469120, 0.231677, 0.000000, 0.000000, 0.000000, 1.000000, 0.002819, -0.015075, -0.999882, 0.113147, -0.999581, -0.028859, -0.002383, 0.056553, -0.028820, 0.999470, -0.015150, 0.055197, 0.000000, 0.000000, 0.000000, 1.000000
-29.2860, 45.8649, -31.6724, 208.8842, 230.8977, -45.8654, 231.6565, 113.1594, 56.5501, 55.1965, 0.604523, 0.793037, -0.075136, 0.045865, -0.680606, 0.563213, 0.468580, -0.031672, 0.413918, -0.232129, 0.880220, 0.208884, 0.000000, 0.000000, 0.000000, 1.000000, 0.414208, -0.232372, 0.880020, 0.230898, -0.604523, -0.793036, 0.075134, -0.045865, 0.680428, -0.563114, -0.468956, 0.231657, 0.000000, 0.000000, 0.000000, 1.000000, 0.002819, -0.015074, -0.999882, 0.113159, -0.999581, -0.028861, -0.002383, 0.056550, -0.028822, 0.999470, -0.015149, 0.055197, 0.000000, 0.000000, 0.000000, 1.000000
-29.2714, 45.8481, -31.6527, 208.8763, 230.8898, -45.8485, 231.6368, 113.1716, 56.5473, 55.1964, 0.604536, 0.793041, -0.074974, 0.045848, -0.680727, 0.563203, 0.468416, -0.031653, 0.413699, -0.232137, 0.880321, 0.208876, 0.000000, 0.000000, 0.000000, 1.000000, 0.413989, -0.232380, 0.880121, 0.230890, -0.604537, -0.793041, 0.074973, -0.045849, 0.680550, -0.563104, -0.468792, 0.231637, 0.000000, 0.000000, 0.000000, 1.000000, 0.002819, -0.015072, -0.999882, 0.113172, -0.999581, -0.028863, -0.002383, 0.056547, -0.028824, 0.999470, -0.015148, 0.055196, 0.000000, 0.000000, 0.000000, 1.000000
-29.2569, 45.8315, -31.6337, 208.8682, 230.8816, -45.8319, 231.6177, 113.1839, 56.5446, 55.1964, 0.604550, 0.793046, -0.074814, 0.045831, -0.680848, 0.563194, 0.468251, -0.031634, 0.413480, -0.232144, 0.880422, 0.208868, 0.000000, 0.000000, 0.000000, 1.000000, 0.413770, -0.232387, 0.880222, 0.230882, -0.604551, -0.793045, 0.074813, -0.045832, 0.680670, -0.563094, -0.468628, 0.231618, 0.000000, 0.000000, 0.000000, 1.000000, 0.002819, -0.015071, -0.999882, 0.113184, -0.999580, -0.028865, -0.002383, 0.056545, -0.028826, 0.999470, -0.015146, 0.055196, 0.000000, 0.000000, 0.000000, 1.000000
-29.2424, 45.8150, -31.6151, 208.8598, 230.8732, -45.8154, 231.5991, 113.1963, 56.5418, 55.1963, 0.604564, 0.793050, -0.074655, 0.045815, -0.680969, 0.563185, 0.468086, -0.031615, 0.413260, -0.232150, 0.880524, 0.208860, 0.000000, 0.000000, 0.000000, 1.000000, 0.413551, -0.232393, 0.880323, 0.230873, -0.604565, -0.793050, 0.074653, -0.045815, 0.680791, -0.563085, -0.468463, 0.231599, 0.000000, 0.000000, 0.000000, 1.000000, 0.002819, -0.015070, -0.999882, 0.113196, -0.999580, -0.028867, -0.002383, 0.056542, -0.028827, 0.999470, -0.015145, 0.055196, 0.000000, 0.000000, 0.000000, 1.000000
-29.2280, 45.7986, -31.5970, 208.8511, 230.8645, -45.7991, 231.5810, 113.2087, 56.5390, 55.1962, 0.604578, 0.793055, -0.074496, 0.045799, -0.681090, 0.563177, 0.467920, -0.031597, 0.413040, -0.232156, 0.880626, 0.208851, 0.000000, 0.000000, 0.000000, 1.000000, 0.413331, -0.232399, 0.880425, 0.230864, -0.604579, -0.793054, 0.074494, -0.045799, 0.680913, -0.563077, -0.468297, 0.231581, 0.000000, 0.000000, 0.000000, 1.000000, 0.002819, -0.015069, -0.999882, 0.113209, -0.999580, -0.028869, -0.002383, 0.056539, -0.028829, 0.999470, -0.015144, 0.055196, 0.000000, 0.000000, 0.000000, 1.000000
-29.2207, 45.7905, -31.5881, 208.8466, 230.8600, -45.7909, 231.5721, 113.2149, 56.5376, 55.1961, 0.604585, 0.793057, -0.074416, 0.045790, -0.681150, 0.563173, 0.467837, -0.031588, 0.412930, -0.232158, 0.880677, 0.208847, 0.000000, 0.000000, 0.000000, 1.000000, 0.413221, -0.232401, 0.880476, 0.230860, -0.604586, -0.793056, 0.074414, -0.045791, 0.680973, -0.563073, -0.468214, 0.231572, 0.000000, 0.000000, 0.000000, 1.000000, 0.002819, -0.015069, -0.999882, 0.113215, -0.999580, -0.028870, -0.002383, 0.056538, -0.028830, 0.999470, -0.015144, 0.055196, 0.000000, 0.000000, 0.000000, 1.000000
-29.1991, 45.7661, -31.5620, 208.8329, 230.8463, -45.7666, 231.5459, 113.2338, 56.5333, 55.1959, 0.604606, 0.793063, -0.074178, 0.045766, -0.681332, 0.563161, 0.467585, -0.031562, 0.412598, -0.232165, 0.880830, 0.208833, 0.000000, 0.000000, 0.000000, 1.000000, 0.412889, -0.232408, 0.880630, 0.230846, -0.604607, -0.793062, 0.074176, -0.045767, 0.681155, -0.563062, -0.467962, 0.231546, 0.000000, 0.000000, 0.000000, 1.000000, 0.002819, -0.015067, -0.999883, 0.113234, -0.999580, -0.028872, -0.002383, 0.056533, -0.028833, 0.999470, -0.015142, 0.055196, 0.000000, 0.000000, 0.000000, 1.000000
-29.1773, 45.7417, -31.5364, 208.8186, 230.8320, -45.7422, 231.5203, 113.2530, 56.5290, 55.1958, 0.604628, 0.793069, -0.073938, 0.045742, -0.681517, 0.563151, 0.467329, -0.031536, 0.412262, -0.232170, 0.880986, 0.208819, 0.000000, 0.000000, 0.000000, 1.000000, 0.412553, -0.232413, 0.880786, 0.230832, -0.604629, -0.793068, 0.073936, -0.045742, 0.681340, -0.563051, -0.467706, 0.231520, 0.000000, 0.000000, 0.000000, 1.000000, 0.002819, -0.015066, -0.999883, 0.113253, -0.999580, -0.028875, -0.002383, 0.056529, -0.028836, 0.999469, -0.015141, 0.055196, 0.000000, 0.000000, 0.000000, 1.000000
-29.1700, 45.7336, -31.5280, 208.8137, 230.8271, -45.7340, 231.5119, 113.2594, 56.5275, 55.1957, 0.604635, 0.793071, -0.073857, 0.045734, -0.681579, 0.563147, 0.467242, -0.031528, 0.412149, -0.232172, 0.881039, 0.208814, 0.000000, 0.000000, 0.000000, 1.000000, 0.412440, -0.232415, 0.880839, 0.230827, -0.604636, -0.793070, 0.073855, -0.045734, 0.681402, -0.563048, -0.467620, 0.231512, 0.000000, 0.000000, 0.000000, 1.000000, 0.002819, -0.015065, -0.999883, 0.113259, -0.999580, -0.028876, -0.002383, 0.056528, -0.028837, 0.999469, -0.015140, 0.055196, 0.000000, 0.000000, 0.000000, 1.000000
-29.1480, 45.7091, -31.5028, 208.7988, 230.8122, -45.7095, 231.4867, 113.2789, 56.5231, 55.1955, 0.604657, 0.793076, -0.073615, 0.045709, -0.681765, 0.563138, 0.466982, -0.031503, 0.411808, -0.232176, 0.881197, 0.208799, 0.000000, 0.000000, 0.000000, 1.000000, 0.412099, -0.232419, 0.880997, 0.230812, -0.604658, -0.793076, 0.073613, -0.045710, 0.681589, -0.563038, -0.467360, 0.231487, 0.000000, 0.000000, 0.000000, 1.000000, 0.002819, -0.015063, -0.999883, 0.113279, -0.999580, -0.028879, -0.002383, 0.056523, -0.028840, 0.999469, -0.015138, 0.055196, 0.000000, 0.000000, 0.000000, 1.000000
-29.1332, 45.6926, -31.4861, 208.7886, 230.8020, -45.6930, 231.4700, 113.2922, 56.5201, 55.1954, 0.604672, 0.793080, -0.073452, 0.045693, -0.681891, 0.563132, 0.466805, -0.031486, 0.411577, -0.232178, 0.881304, 0.208789, 0.000000, 0.000000, 0.000000, 1.000000, 0.411868, -0.232421, 0.881104, 0.230802, -0.604673, -0.793080, 0.073450, -0.045693, 0.681715, -0.563032, -0.467183, 0.231470, 0.000000, 0.000000, 0.000000, 1.000000, 0.002819, -0.015062, -0.999883, 0.113292, -0.999580, -0.028881, -0.002383, 0.056520, -0.028842, 0.999469, -0.015137, 0.055195, 0.000000, 0.000000, 0.000000, 1.000000
-29.1108, 45.6678, -31.4611, 208.7730, 230.7864, -45.6683, 231.4450, 113.3121, 56.5156, 55.1952, 0.604695, 0.793086, -0.073206, 0.045668, -0.682081, 0.563122, 0.466539, -0.031461, 0.411229, -0.232181, 0.881466, 0.208773, 0.000000, 0.000000, 0.000000, 1.000000, 0.411520, -0.232424, 0.881266, 0.230786, -0.604696, -0.793085, 0.073204, -0.045668, 0.681905, -0.563023, -0.466917, 0.231445, 0.000000, 0.000000, 0.000000, 1.000000, 0.002819, -0.015061, -0.999883, 0.113312, -0.999580, -0.028884, -0.002383, 0.056516, -0.028845, 0.999469, -0.015136, 0.055195, 0.000000, 0.000000, 0.000000, 1.000000
-29.0958, 45.6513, -31.4445, 208.7625, 230.7759, -45.6517, 231.4284, 113.3255, 56.5125, 55.1951, 0.604710, 0.793089, -0.073041, 0.045651, -0.682208, 0.563116, 0.466360, -0.031444, 0.410996, -0.232183, 0.881574, 0.208762, 0.000000, 0.000000, 0.000000, 1.000000, 0.411287, -0.232426, 0.881374, 0.230776, -0.604711, -0.793089, 0.073039, -0.045652, 0.682032, -0.563017, -0.466738, 0.231428, 0.000000, 0.000000, 0.000000, 1.000000, 0.002819, -0.015059, -0.999883, 0.113326, -0.999580, -0.028886, -0.002383, 0.056513, -0.028847, 0.999469, -0.015135, 0.055195, 0.000000, 0.000000, 0.000000, 1.000000
-29.0808, 45.6340, -31.4250, 208.7538, 230.7672, -45.6345, 231.4088, 113.3383, 56.5096, 55.1950, 0.604724, 0.793094, -0.072875, 0.045634, -0.682334, 0.563107, 0.466188, -0.031425, 0.410768, -0.232190, 0.881679, 0.208754, 0.000000, 0.000000, 0.000000, 1.000000, 0.411059, -0.232433, 0.881479, 0.230767, -0.604725, -0.793094, 0.072874, -0.045634, 0.682157, -0.563007, -0.466567, 0.231409, 0.000000, 0.000000, 0.000000, 1.000000, 0.002819, -0.015058, -0.999883, 0.113338, -0.999580, -0.028888, -0.002383, 0.056510, -0.028849, 0.999469, -0.015133, 0.055195, 0.000000, 0.000000, 0.000000, 1.000000
