# Joint_B_Angle(deg), Cam_X(mm), Cam_Y(mm), Cam_Z(mm), Torso_X(mm), Torso_Y(mm), Torso_Z(mm), EE_X(mm), EE_Y(mm), EE_Z(mm), T_cam2marker_flat(16), T_torso2marker_flat(16), T_ee2marker_flat(16)
-9.9935, 16.1601, -4.2938, 145.0136, 214.0184, -7.1603, 261.3522, 80.9820, 8.4750, -14.0862, 0.578144, -0.793161, -0.191430, 0.016160, 0.812810, 0.580369, 0.050122, -0.004294, 0.071345, -0.184574, 0.980226, 0.145014, 0.000000, 0.000000, 0.000000, 1.000000, 0.071281, -0.184619, 0.980222, 0.214018, -0.578144, 0.793161, 0.191429, -0.007160, -0.812815, -0.580354, -0.050199, 0.261352, 0.000000, 0.000000, 0.000000, 1.000000, 0.000153, 0.101056, -0.994881, 0.080982, -0.998440, -0.055533, -0.005794, 0.008475, -0.055834, 0.993330, 0.100890, -0.014086, 0.000000, 0.000000, 0.000000, 1.000000
-9.9917, 16.1739, -4.3079, 145.0681, 214.0728, -7.1741, 261.3663, 80.9819, 8.4750, -14.0872, 0.578142, -0.793104, -0.191671, 0.016174, 0.812811, 0.580352, 0.050299, -0.004308, 0.071345, -0.184872, 0.980170, 0.145068, 0.000000, 0.000000, 0.000000, 1.000000, 0.071280, -0.184917, 0.980166, 0.214073, -0.578142, 0.793104, 0.191670, -0.007174, -0.812816, -0.580338, -0.050375, 0.261366, 0.000000, 0.000000, 0.000000, 1.000000, 0.000153, 0.101056, -0.994881, 0.080982, -0.998440, -0.055533, -0.005794, 0.008475, -0.055834, 0.993330, 0.100890, -0.014087, 0.000000, 0.000000, 0.000000, 1.000000
-9.9895, 16.1941, -4.3281, 145.1435, 214.1482, -7.1942, 261.3866, 80.9817, 8.4751, -14.0887, 0.578140, -0.793022, -0.192015, 0.016194, 0.812812, 0.580328, 0.050551, -0.004328, 0.071344, -0.185297, 0.980089, 0.145143, 0.000000, 0.000000, 0.000000, 1.000000, 0.071280, -0.185342, 0.980085, 0.214148, -0.578140, 0.793022, 0.192014, -0.007194, -0.812818, -0.580314, -0.050627, 0.261387, 0.000000, 0.000000, 0.000000, 1.000000, 0.000153, 0.101056, -0.994881, 0.080982, -0.998440, -0.055533, -0.005794, 0.008475, -0.055834, 0.993330, 0.100890, -0.014089, 0.000000, 0.000000, 0.000000, 1.000000
-9.9885, 16.2069, -4.3408, 145.1893, 214.1940, -7.2071, 261.3993, 80.9816, 8.4752, -14.0896, 0.578139, -0.792971, -0.192230, 0.016207, 0.812813, 0.580313, 0.050708, -0.004341, 0.071344, -0.185564, 0.980039, 0.145189, 0.000000, 0.000000, 0.000000, 1.000000, 0.071280, -0.185608, 0.980035, 0.214194, -0.578139, 0.792971, 0.192230, -0.007207, -0.812819, -0.580299, -0.050785, 0.261399, 0.000000, 0.000000, 0.000000, 1.000000, 0.000153, 0.101056, -0.994881, 0.080982, -0.998440, -0.055533, -0.005795, 0.008475, -0.055834, 0.993330, 0.100890, -0.014090, 0.000000, 0.000000, 0.000000, 1.000000
-9.9876, 16.2193, -4.3529, 145.2313, 214.2361, -7.2194, 261.4115, 80.9815, 8.4752, -14.0905, 0.578138, -0.792922, -0.192434, 0.016219, 0.812814, 0.580299, 0.050857, -0.004353, 0.071343, -0.185815, 0.979991, 0.145231, 0.000000, 0.000000, 0.000000, 1.000000, 0.071280, -0.185860, 0.979987, 0.214236, -0.578138, 0.792922, 0.192433, -0.007219, -0.812820, -0.580285, -0.050933, 0.261411, 0.000000, 0.000000, 0.000000, 1.000000, 0.000153, 0.101056, -0.994881, 0.080982, -0.998440, -0.055533, -0.005795, 0.008475, -0.055834, 0.993330, 0.100890, -0.014091, 0.000000, 0.000000, 0.000000, 1.000000
-9.9871, 16.2310, -4.3643, 145.2697, 214.2744, -7.2312, 261.4229, 80.9814, 8.4753, -14.0914, 0.578137, -0.792877, -0.192624, 0.016231, 0.812815, 0.580286, 0.050996, -0.004364, 0.071343, -0.186050, 0.979947, 0.145270, 0.000000, 0.000000, 0.000000, 1.000000, 0.071280, -0.186094, 0.979943, 0.214274, -0.578137, 0.792877, 0.192623, -0.007231, -0.812820, -0.580271, -0.051072, 0.261423, 0.000000, 0.000000, 0.000000, 1.000000, 0.000153, 0.101056, -0.994881, 0.080981, -0.998440, -0.055533, -0.005795, 0.008475, -0.055834, 0.993330, 0.100890, -0.014091, 0.000000, 0.000000, 0.000000, 1.000000
-9.9867, 16.2421, -4.3749, 145.3045, 214.3092, -7.2423, 261.4336, 80.9813, 8.4754, -14.0922, 0.578136, -0.792835, -0.192800, 0.016242, 0.812816, 0.580273, 0.051125, -0.004375, 0.071343, -0.186268, 0.979905, 0.145304, 0.000000, 0.000000, 0.000000, 1.000000, 0.071280, -0.186312, 0.979901, 0.214309, -0.578136, 0.792835, 0.192799, -0.007242, -0.812821, -0.580259, -0.051200, 0.261434, 0.000000, 0.000000, 0.000000, 1.000000, 0.000153, 0.101056, -0.994881, 0.080981, -0.998440, -0.055533, -0.005795, 0.008475, -0.055834, 0.993330, 0.100890, -0.014092, 0.000000, 0.000000, 0.000000, 1.000000
-9.9864, 16.2524, -4.3848, 145.3359, 214.3406, -7.2526, 261.4435, 80.9812, 8.4754, -14.0929, 0.578135, -0.792796, -0.192963, 0.016252, 0.812816, 0.580262, 0.051244, -0.004385, 0.071343, -0.186469, 0.979867, 0.145336, 0.000000, 0.000000, 0.000000, 1.000000, 0.071280, -0.186513, 0.979863, 0.214341, -0.578135, 0.792796, 0.192962, -0.007253, -0.812822, -0.580248, -0.051319, 0.261444, 0.000000, 0.000000, 0.000000, 1.000000, 0.000153, 0.101056, -0.994881, 0.080981, -0.998440, -0.055533, -0.005795, 0.008475, -0.055834, 0.993330, 0.100890, -0.014093, 0.000000, 0.000000, 0.000000, 1.000000
-9.9863, 16.2619, -4.3938, 145.3642, 214.3689, -7.2621, 261.4526, 80.9812, 8.4754, -14.0936, 0.578134, -0.792760, -0.193111, 0.016262, 0.812817, 0.580251, 0.051352, -0.004394, 0.071343, -0.186653, 0.979832, 0.145364, 0.000000, 0.000000, 0.000000, 1.000000, 0.071281, -0.186696, 0.979828, 0.214369, -0.578134, 0.792761, 0.193111, -0.007262, -0.812822, -0.580237, -0.051427, 0.261453, 0.000000, 0.000000, 0.000000, 1.000000, 0.000153, 0.101056, -0.994881, 0.080981, -0.998440, -0.055533, -0.005795, 0.008475, -0.055834, 0.993330, 0.100890, -0.014094, 0.000000, 0.000000, 0.000000, 1.000000
-9.9862, 16.2706, -4.4021, 145.3897, 214.3943, -7.2707, 261.4609, 80.9811, 8.4755, -14.0943, 0.578133, -0.792728, -0.193246, 0.016271, 0.812817, 0.580242, 0.051450, -0.004402, 0.071343, -0.186819, 0.979800, 0.145390, 0.000000, 0.000000, 0.000000, 1.000000, 0.071281, -0.186862, 0.979797, 0.214394, -0.578133, 0.792728, 0.193245, -0.007271, -0.812823, -0.580228, -0.051525, 0.261461, 0.000000, 0.000000, 0.000000, 1.000000, 0.000153, 0.101056, -0.994881, 0.080981, -0.998440, -0.055533, -0.005795, 0.008475, -0.055834, 0.993330, 0.100890, -0.014094, 0.000000, 0.000000, 0.000000, 1.000000
-9.9860, 16.2818, -4.4129, 145.4230, 214.4276, -7.2820, 261.4718, 80.9810, 8.4755, -14.0951, 0.578132, -0.792686, -0.193421, 0.016282, 0.812818, 0.580230, 0.051578, -0.004413, 0.071343, -0.187035, 0.979759, 0.145423, 0.000000, 0.000000, 0.000000, 1.000000, 0.071281, -0.187079, 0.979755, 0.214428, -0.578132, 0.792686, 0.193420, -0.007282, -0.812823, -0.580216, -0.051652, 0.261472, 0.000000, 0.000000, 0.000000, 1.000000, 0.000154, 0.101056, -0.994881, 0.080981, -0.998440, -0.055533, -0.005795, 0.008476, -0.055834, 0.993330, 0.100890, -0.014095, 0.000000, 0.000000, 0.000000, 1.000000
-9.9858, 16.2882, -4.4190, 145.4425, 214.4471, -7.2883, 261.4780, 80.9810, 8.4756, -14.0955, 0.578132, -0.792662, -0.193521, 0.016288, 0.812818, 0.580223, 0.051651, -0.004419, 0.071343, -0.187159, 0.979736, 0.145443, 0.000000, 0.000000, 0.000000, 1.000000, 0.071282, -0.187202, 0.979732, 0.214447, -0.578132, 0.792662, 0.193520, -0.007288, -0.812824, -0.580209, -0.051725, 0.261478, 0.000000, 0.000000, 0.000000, 1.000000, 0.000154, 0.101056, -0.994881, 0.080981, -0.998440, -0.055533, -0.005795, 0.008476, -0.055834, 0.993330, 0.100890, -0.014096, 0.000000, 0.000000, 0.000000, 1.000000
-9.9855, 16.2935, -4.4244, 145.4603, 214.4649, -7.2937, 261.4834, 80.9809, 8.4756, -14.0959, 0.578131, -0.792641, -0.193608, 0.016294, 0.812819, 0.580217, 0.051715, -0.004424, 0.071343, -0.187266, 0.979715, 0.145460, 0.000000, 0.000000, 0.000000, 1.000000, 0.071282, -0.187309, 0.979711, 0.214465, -0.578131, 0.792641, 0.193607, -0.007294, -0.812824, -0.580203, -0.051788, 0.261483, 0.000000, 0.000000, 0.000000, 1.000000, 0.000154, 0.101056, -0.994881, 0.080981, -0.998440, -0.055533, -0.005795, 0.008476, -0.055834, 0.993330, 0.100890, -0.014096, 0.000000, 0.000000, 0.000000, 1.000000
-9.9850, 16.2979, -4.4289, 145.4765, 214.4811, -7.2980, 261.4880, 80.9809, 8.4756, -14.0962, 0.578131, -0.792623, -0.193682, 0.016298, 0.812819, 0.580212, 0.051769, -0.004429, 0.071344, -0.187358, 0.979698, 0.145476, 0.000000, 0.000000, 0.000000, 1.000000, 0.071283, -0.187400, 0.979694, 0.214481, -0.578131, 0.792623, 0.193681, -0.007298, -0.812824, -0.580198, -0.051842, 0.261488, 0.000000, 0.000000, 0.000000, 1.000000, 0.000154, 0.101056, -0.994881, 0.080981, -0.998440, -0.055533, -0.005795, 0.008476, -0.055834, 0.993330, 0.100890, -0.014096, 0.000000, 0.000000, 0.000000, 1.000000
-9.9839, 16.3026, -4.4344, 145.4988, 214.5034, -7.3027, 261.4935, 80.9809, 8.4756, -14.0966, 0.578131, -0.792602, -0.193771, 0.016303, 0.812819, 0.580206, 0.051833, -0.004434, 0.071344, -0.187467, 0.979677, 0.145499, 0.000000, 0.000000, 0.000000, 1.000000, 0.071283, -0.187509, 0.979673, 0.214503, -0.578131, 0.792602, 0.193770, -0.007303, -0.812824, -0.580192, -0.051906, 0.261494, 0.000000, 0.000000, 0.000000, 1.000000, 0.000154, 0.101056, -0.994881, 0.080981, -0.998440, -0.055533, -0.005795, 0.008476, -0.055834, 0.993330, 0.100890, -0.014097, 0.000000, 0.000000, 0.000000, 1.000000
-9.9828, 16.3044, -4.4370, 145.5127, 214.5173, -7.3046, 261.4963, 80.9808, 8.4756, -14.0967, 0.578131, -0.792591, -0.193816, 0.016304, 0.812819, 0.580203, 0.051866, -0.004437, 0.071344, -0.187522, 0.979666, 0.145513, 0.000000, 0.000000, 0.000000, 1.000000, 0.071283, -0.187565, 0.979662, 0.214517, -0.578131, 0.792591, 0.193815, -0.007305, -0.812824, -0.580189, -0.051938, 0.261496, 0.000000, 0.000000, 0.000000, 1.000000, 0.000154, 0.101056, -0.994881, 0.080981, -0.998440, -0.055533, -0.005795, 0.008476, -0.055834, 0.993330, 0.100890, -0.014097, 0.000000, 0.000000, 0.000000, 1.000000
-9.9814, 16.3053, -4.4390, 145.5261, 214.5306, -7.3055, 261.4983, 80.9808, 8.4756, -14.0968, 0.578131, -0.792582, -0.193850, 0.016305, 0.812819, 0.580201, 0.051891, -0.004439, 0.071344, -0.187565, 0.979658, 0.145526, 0.000000, 0.000000, 0.000000, 1.000000, 0.071284, -0.187607, 0.979654, 0.214531, -0.578131, 0.792583, 0.193849, -0.007305, -0.812824, -0.580187, -0.051963, 0.261498, 0.000000, 0.000000, 0.000000, 1.000000, 0.000154, 0.101056, -0.994881, 0.080981, -0.998440, -0.055533, -0.005795, 0.008476, -0.055834, 0.993330, 0.100890, -0.014097, 0.000000, 0.000000, 0.000000, 1.000000
-9.9798, 16.3052, -4.4402, 145.5391, 214.5436, -7.3054, 261.4996, 80.9808, 8.4757, -14.0968, 0.578131, -0.792576, -0.193874, 0.016305, 0.812819, 0.580199, 0.051908, -0.004440, 0.071344, -0.187594, 0.979652, 0.145539, 0.000000, 0.000000, 0.000000, 1.000000, 0.071284, -0.187636, 0.979648, 0.214544, -0.578131, 0.792577, 0.193873, -0.007305, -0.812824, -0.580185, -0.051980, 0.261500, 0.000000, 0.000000, 0.000000, 1.000000, 0.000154, 0.101056, -0.994881, 0.080981, -0.998440, -0.055533, -0.005795, 0.008476, -0.055834, 0.993330, 0.100890, -0.014097, 0.000000, 0.000000, 0.000000, 1.000000
-9.9779, 16.3042, -4.4408, 145.5518, 214.5562, -7.3044, 261.5002, 80.9808, 8.4756, -14.0968, 0.578131, -0.792573, -0.193889, 0.016304, 0.812819, 0.580198, 0.051919, -0.004441, 0.071344, -0.187612, 0.979649, 0.145552, 0.000000, 0.000000, 0.000000, 1.000000, 0.071285, -0.187654, 0.979645, 0.214556, -0.578131, 0.792573, 0.193888, -0.007304, -0.812824, -0.580185, -0.051990, 0.261500, 0.000000, 0.000000, 0.000000, 1.000000, 0.000154, 0.101056, -0.994881, 0.080981, -0.998440, -0.055533, -0.005795, 0.008476, -0.055834, 0.993330, 0.100890, -0.014097, 0.000000, 0.000000, 0.000000, 1.000000
-9.9756, 16.3023, -4.4408, 145.5644, 214.5689, -7.3025, 261.5003, 80.9809, 8.4756, -14.0967, 0.578132, -0.792571, -0.193894, 0.016302, 0.812818, 0.580198, 0.051923, -0.004441, 0.071345, -0.187619, 0.979647, 0.145564, 0.000000, 0.000000, 0.000000, 1.000000, 0.071285, -0.187661, 0.979644, 0.214569, -0.578132, 0.792571, 0.193893, -0.007302, -0.812824, -0.580185, -0.051994, 0.261500, 0.000000, 0.000000, 0.000000, 1.000000, 0.000154, 0.101056, -0.994881, 0.080981, -0.998440, -0.055533, -0.005795, 0.008476, -0.055834, 0.993330, 0.100890, -0.014097, 0.000000, 0.000000, 0.000000, 1.000000
-9.9731, 16.2996, -4.4401, 145.5769, 214.5814, -7.2997, 261.4997, 80.9809, 8.4756, -14.0965, 0.578132, -0.792572, -0.193891, 0.016300, 0.812818, 0.580199, 0.051921, -0.004440, 0.071345, -0.187615, 0.979648, 0.145577, 0.000000, 0.000000, 0.000000, 1.000000, 0.071285, -0.187657, 0.979645, 0.214581, -0.578132, 0.792572, 0.193890, -0.007300, -0.812823, -0.580185, -0.051992, 0.261500, 0.000000, 0.000000, 0.000000, 1.000000, 0.000154, 0.101056, -0.994881, 0.080981, -0.998440, -0.055533, -0.005795, 0.008476, -0.055834, 0.993330, 0.100890, -0.014096, 0.000000, 0.000000, 0.000000, 1.000000
-9.9704, 16.2960, -4.4389, 145.5895, 214.5940, -7.2962, 261.4985, 80.9809, 8.4756, -14.0962, 0.578132, -0.792574, -0.193881, 0.016296, 0.812818, 0.580200, 0.051913, -0.004439, 0.071345, -0.187602, 0.979651, 0.145590, 0.000000, 0.000000, 0.000000, 1.000000, 0.071286, -0.187643, 0.979647, 0.214594, -0.578132, 0.792574, 0.193880, -0.007296, -0.812823, -0.580187, -0.051983, 0.261499, 0.000000, 0.000000, 0.000000, 1.000000, 0.000154, 0.101056, -0.994881, 0.080981, -0.998440, -0.055533, -0.005795, 0.008476, -0.055834, 0.993330, 0.100890, -0.014096, 0.000000, 0.000000, 0.000000, 1.000000
-9.9657, 16.2893, -4.4362, 145.6087, 214.6131, -7.2894, 261.4958, 80.9809, 8.4756, -14.0958, 0.578133, -0.792580, -0.193852, 0.016289, 0.812817, 0.580203, 0.051892, -0.004436, 0.071345, -0.187566, 0.979658, 0.145609, 0.000000, 0.000000, 0.000000, 1.000000, 0.071286, -0.187607, 0.979654, 0.214613, -0.578133, 0.792581, 0.193851, -0.007289, -0.812822, -0.580189, -0.051962, 0.261496, 0.000000, 0.000000, 0.000000, 1.000000, 0.000154, 0.101056, -0.994881, 0.080981, -0.998440, -0.055533, -0.005795, 0.008476, -0.055834, 0.993330, 0.100890, -0.014096, 0.000000, 0.000000, 0.000000, 1.000000
-9.9622, 16.2839, -4.4337, 145.6217, 214.6261, -7.2841, 261.4935, 80.9810, 8.4756, -14.0955, 0.578134, -0.792587, -0.193824, 0.016284, 0.812817, 0.580205, 0.051872, -0.004434, 0.071345, -0.187533, 0.979664, 0.145622, 0.000000, 0.000000, 0.000000, 1.000000, 0.071287, -0.187573, 0.979660, 0.214626, -0.578134, 0.792587, 0.193824, -0.007284, -0.812822, -0.580192, -0.051942, 0.261493, 0.000000, 0.000000, 0.000000, 1.000000, 0.000154, 0.101056, -0.994881, 0.080981, -0.998440, -0.055533, -0.005795, 0.008476, -0.055834, 0.993330, 0.100890, -0.014095, 0.000000, 0.000000, 0.000000, 1.000000
-9.9586, 16.2779, -4.4309, 145.6352, 214.6395, -7.2781, 261.4907, 80.9810, 8.4756, -14.0951, 0.578134, -0.792594, -0.193792, 0.016278, 0.812817, 0.580208, 0.051849, -0.004431, 0.071345, -0.187493, 0.979671, 0.145635, 0.000000, 0.000000, 0.000000, 1.000000, 0.071287, -0.187534, 0.979668, 0.214640, -0.578134, 0.792594, 0.193792, -0.007278, -0.812822, -0.580194, -0.051918, 0.261491, 0.000000, 0.000000, 0.000000, 1.000000, 0.000154, 0.101056, -0.994881, 0.080981, -0.998440, -0.055533, -0.005795, 0.008476, -0.055834, 0.993330, 0.100890, -0.014095, 0.000000, 0.000000, 0.000000, 1.000000
-9.9546, 16.2714, -4.4277, 145.6490, 214.6533, -7.2716, 261.4875, 80.9811, 8.4755, -14.0946, 0.578135, -0.792603, -0.193756, 0.016271, 0.812816, 0.580211, 0.051822, -0.004428, 0.071345, -0.187448, 0.979680, 0.145649, 0.000000, 0.000000, 0.000000, 1.000000, 0.071287, -0.187488, 0.979677, 0.214653, -0.578135, 0.792603, 0.193755, -0.007272, -0.812821, -0.580197, -0.051891, 0.261488, 0.000000, 0.000000, 0.000000, 1.000000, 0.000154, 0.101056, -0.994881, 0.080981, -0.998440, -0.055533, -0.005795, 0.008476, -0.055834, 0.993330, 0.100890, -0.014095, 0.000000, 0.000000, 0.000000, 1.000000
-9.9505, 16.2644, -4.4241, 145.6632, 214.6675, -7.2645, 261.4841, 80.9811, 8.4755, -14.0942, 0.578135, -0.792612, -0.193715, 0.016264, 0.812816, 0.580214, 0.051793, -0.004424, 0.071345, -0.187398, 0.979690, 0.145663, 0.000000, 0.000000, 0.000000, 1.000000, 0.071287, -0.187438, 0.979686, 0.214668, -0.578135, 0.792612, 0.193715, -0.007265, -0.812821, -0.580201, -0.051861, 0.261484, 0.000000, 0.000000, 0.000000, 1.000000, 0.000154, 0.101056, -0.994881, 0.080981, -0.998440, -0.055533, -0.005795, 0.008475, -0.055834, 0.993330, 0.100890, -0.014094, 0.000000, 0.000000, 0.000000, 1.000000
-9.9462, 16.2570, -4.4203, 145.6778, 214.6821, -7.2571, 261.4803, 80.9812, 8.4755, -14.0937, 0.578136, -0.792622, -0.193672, 0.016257, 0.812815, 0.580217, 0.051761, -0.004420, 0.071345, -0.187344, 0.979700, 0.145678, 0.000000, 0.000000, 0.000000, 1.000000, 0.071288, -0.187384, 0.979697, 0.214682, -0.578136, 0.792622, 0.193671, -0.007257, -0.812820, -0.580204, -0.051829, 0.261480, 0.000000, 0.000000, 0.000000, 1.000000, 0.000154, 0.101056, -0.994881, 0.080981, -0.998440, -0.055533, -0.005795, 0.008475, -0.055834, 0.993330, 0.100890, -0.014094, 0.000000, 0.000000, 0.000000, 1.000000
-9.9418, 16.2492, -4.4163, 145.6929, 214.6972, -7.2493, 261.4763, 80.9812, 8.4754, -14.0932, 0.578137, -0.792633, -0.193626, 0.016249, 0.812815, 0.580221, 0.051728, -0.004416, 0.071345, -0.187288, 0.979711, 0.145693, 0.000000, 0.000000, 0.000000, 1.000000, 0.071288, -0.187327, 0.979707, 0.214697, -0.578137, 0.792633, 0.193625, -0.007249, -0.812820, -0.580208, -0.051796, 0.261476, 0.000000, 0.000000, 0.000000, 1.000000, 0.000154, 0.101056, -0.994881, 0.080981, -0.998440, -0.055533, -0.005795, 0.008475, -0.055834, 0.993330, 0.100890, -0.014093, 0.000000, 0.000000, 0.000000, 1.000000
-9.9372, 16.2411, -4.4121, 145.7084, 214.7127, -7.2413, 261.4722, 80.9813, 8.4754, -14.0927, 0.578137, -0.792644, -0.193578, 0.016241, 0.812815, 0.580224, 0.051693, -0.004412, 0.071345, -0.187229, 0.979722, 0.145708, 0.000000, 0.000000, 0.000000, 1.000000, 0.071288, -0.187269, 0.979719, 0.214713, -0.578137, 0.792644, 0.193578, -0.007241, -0.812819, -0.580211, -0.051761, 0.261472, 0.000000, 0.000000, 0.000000, 1.000000, 0.000154, 0.101056, -0.994881, 0.080981, -0.998440, -0.055533, -0.005795, 0.008475, -0.055834, 0.993330, 0.100890, -0.014093, 0.000000, 0.000000, 0.000000, 1.000000
-9.9348, 16.2370, -4.4099, 145.7164, 214.7206, -7.2372, 261.4701, 80.9813, 8.4754, -14.0924, 0.578137, -0.792650, -0.193554, 0.016237, 0.812814, 0.580226, 0.051676, -0.004410, 0.071345, -0.187199, 0.979728, 0.145716, 0.000000, 0.000000, 0.000000, 1.000000, 0.071288, -0.187239, 0.979724, 0.214721, -0.578137, 0.792650, 0.193554, -0.007237, -0.812819, -0.580213, -0.051743, 0.261470, 0.000000, 0.000000, 0.000000, 1.000000, 0.000154, 0.101056, -0.994881, 0.080981, -0.998440, -0.055533, -0.005795, 0.008475, -0.055834, 0.993330, 0.100890, -0.014092, 0.000000, 0.000000, 0.000000, 1.000000
-9.9276, 16.2244, -4.4033, 145.7412, 214.7454, -7.2246, 261.4636, 80.9814, 8.4753, -14.0916, 0.578138, -0.792667, -0.193482, 0.016224, 0.812814, 0.580232, 0.051623, -0.004403, 0.071344, -0.187110, 0.979745, 0.145741, 0.000000, 0.000000, 0.000000, 1.000000, 0.071288, -0.187149, 0.979741, 0.214745, -0.578138, 0.792667, 0.193481, -0.007225, -0.812819, -0.580219, -0.051690, 0.261464, 0.000000, 0.000000, 0.000000, 1.000000, 0.000154, 0.101056, -0.994881, 0.080981, -0.998440, -0.055533, -0.005795, 0.008475, -0.055834, 0.993330, 0.100890, -0.014092, 0.000000, 0.000000, 0.000000, 1.000000
-9.9251, 16.2202, -4.4011, 145.7497, 214.7539, -7.2203, 261.4614, 80.9814, 8.4753, -14.0913, 0.578138, -0.792673, -0.193458, 0.016220, 0.812814, 0.580234, 0.051606, -0.004401, 0.071344, -0.187080, 0.979750, 0.145750, 0.000000, 0.000000, 0.000000, 1.000000, 0.071288, -0.187119, 0.979747, 0.214754, -0.578139, 0.792673, 0.193457, -0.007220, -0.812818, -0.580221, -0.051672, 0.261461, 0.000000, 0.000000, 0.000000, 1.000000, 0.000154, 0.101056, -0.994881, 0.080981, -0.998440, -0.055533, -0.005795, 0.008475, -0.055834, 0.993330, 0.100890, -0.014091, 0.000000, 0.000000, 0.000000, 1.000000
-9.9152, 16.2032, -4.3923, 145.7852, 214.7894, -7.2033, 261.4527, 80.9815, 8.4753, -14.0902, 0.578139, -0.792695, -0.193364, 0.016203, 0.812813, 0.580241, 0.051538, -0.004392, 0.071344, -0.186965, 0.979772, 0.145785, 0.000000, 0.000000, 0.000000, 1.000000, 0.071289, -0.187004, 0.979769, 0.214789, -0.578140, 0.792695, 0.193363, -0.007203, -0.812818, -0.580228, -0.051604, 0.261453, 0.000000, 0.000000, 0.000000, 1.000000, 0.000153, 0.101056, -0.994881, 0.080982, -0.998440, -0.055533, -0.005795, 0.008475, -0.055834, 0.993330, 0.100890, -0.014090, 0.000000, 0.000000, 0.000000, 1.000000
-9.9102, 16.1948, -4.3880, 145.8036, 214.8078, -7.1949, 261.4485, 80.9816, 8.4752, -14.0897, 0.578140, -0.792705, -0.193320, 0.016195, 0.812813, 0.580244, 0.051506, -0.004388, 0.071344, -0.186910, 0.979783, 0.145804, 0.000000, 0.000000, 0.000000, 1.000000, 0.071289, -0.186949, 0.979780, 0.214808, -0.578140, 0.792705, 0.193319, -0.007195, -0.812817, -0.580231, -0.051572, 0.261448, 0.000000, 0.000000, 0.000000, 1.000000, 0.000153, 0.101056, -0.994881, 0.080982, -0.998440, -0.055533, -0.005795, 0.008475, -0.055834, 0.993330, 0.100890, -0.014090, 0.000000, 0.000000, 0.000000, 1.000000
-9.9052, 16.1870, -4.3816, 145.8238, 214.8279, -7.1871, 261.4421, 80.9817, 8.4752, -14.0891, 0.578139, -0.792716, -0.193277, 0.016187, 0.812814, 0.580244, 0.051483, -0.004382, 0.071336, -0.186863, 0.979792, 0.145824, 0.000000, 0.000000, 0.000000, 1.000000, 0.071281, -0.186901, 0.979789, 0.214828, -0.578139, 0.792717, 0.193277, -0.007187, -0.812819, -0.580231, -0.051549, 0.261442, 0.000000, 0.000000, 0.000000, 1.000000, 0.000153, 0.101056, -0.994881, 0.080982, -0.998440, -0.055533, -0.005795, 0.008475, -0.055834, 0.993330, 0.100890, -0.014089, 0.000000, 0.000000, 0.000000, 1.000000
-9.9002, 16.1798, -4.3735, 145.8454, 214.8496, -7.1799, 261.4340, 80.9817, 8.4752, -14.0886, 0.578137, -0.792728, -0.193237, 0.016180, 0.812817, 0.580241, 0.051470, -0.004373, 0.071322, -0.186823, 0.979801, 0.145845, 0.000000, 0.000000, 0.000000, 1.000000, 0.071267, -0.186861, 0.979798, 0.214850, -0.578137, 0.792728, 0.193236, -0.007180, -0.812822, -0.580228, -0.051536, 0.261434, 0.000000, 0.000000, 0.000000, 1.000000, 0.000153, 0.101056, -0.994881, 0.080982, -0.998440, -0.055533, -0.005795, 0.008475, -0.055834, 0.993330, 0.100890, -0.014089, 0.000000, 0.000000, 0.000000, 1.000000
-9.8953, 16.1727, -4.3660, 145.8673, 214.8714, -7.1729, 261.4265, 80.9818, 8.4751, -14.0881, 0.578134, -0.792739, -0.193200, 0.016173, 0.812820, 0.580238, 0.051457, -0.004366, 0.071310, -0.186786, 0.979809, 0.145867, 0.000000, 0.000000, 0.000000, 1.000000, 0.071255, -0.186824, 0.979806, 0.214871, -0.578134, 0.792739, 0.193199, -0.007173, -0.812824, -0.580226, -0.051523, 0.261426, 0.000000, 0.000000, 0.000000, 1.000000, 0.000153, 0.101056, -0.994881, 0.080982, -0.998440, -0.055533, -0.005795, 0.008475, -0.055834, 0.993330, 0.100890, -0.014088, 0.000000, 0.000000, 0.000000, 1.000000
-9.8904, 16.1659, -4.3592, 145.8893, 214.8934, -7.1660, 261.4197, 80.9818, 8.4751, -14.0877, 0.578132, -0.792748, -0.193167, 0.016166, 0.812822, 0.580236, 0.051446, -0.004359, 0.071299, -0.186753, 0.979816, 0.145889, 0.000000, 0.000000, 0.000000, 1.000000, 0.071244, -0.186791, 0.979813, 0.214893, -0.578132, 0.792748, 0.193166, -0.007166, -0.812827, -0.580224, -0.051511, 0.261420, 0.000000, 0.000000, 0.000000, 1.000000, 0.000154, 0.101056, -0.994881, 0.080982, -0.998440, -0.055533, -0.005795, 0.008475, -0.055834, 0.993330, 0.100890, -0.014088, 0.000000, 0.000000, 0.000000, 1.000000
-9.8856, 16.1593, -4.3531, 145.9116, 214.9158, -7.1594, 261.4136, 80.9819, 8.4751, -14.0872, 0.578131, -0.792756, -0.193139, 0.016159, 0.812824, 0.580234, 0.051436, -0.004353, 0.071290, -0.186725, 0.979822, 0.145912, 0.000000, 0.000000, 0.000000, 1.000000, 0.071235, -0.186763, 0.979819, 0.214916, -0.578131, 0.792756, 0.193138, -0.007159, -0.812829, -0.580222, -0.051501, 0.261414, 0.000000, 0.000000, 0.000000, 1.000000, 0.000154, 0.101056, -0.994881, 0.080982, -0.998440, -0.055533, -0.005795, 0.008475, -0.055834, 0.993330, 0.100890, -0.014087, 0.000000, 0.000000, 0.000000, 1.000000
-9.8785, 16.1500, -4.3455, 145.9457, 214.9498, -7.1501, 261.4060, 80.9819, 8.4751, -14.0866, 0.578128, -0.792766, -0.193107, 0.016150, 0.812826, 0.580232, 0.051424, -0.004346, 0.071279, -0.186692, 0.979829, 0.145946, 0.000000, 0.000000, 0.000000, 1.000000, 0.071224, -0.186730, 0.979826, 0.214950, -0.578128, 0.792766, 0.193106, -0.007150, -0.812831, -0.580219, -0.051490, 0.261406, 0.000000, 0.000000, 0.000000, 1.000000, 0.000154, 0.101056, -0.994881, 0.080982, -0.998440, -0.055533, -0.005795, 0.008475, -0.055834, 0.993330, 0.100890, -0.014087, 0.000000, 0.000000, 0.000000, 1.000000
-9.8761, 16.1470, -4.3434, 145.9572, 214.9613, -7.1472, 261.4039, 80.9819, 8.4751, -14.0864, 0.578128, -0.792768, -0.193099, 0.016147, 0.812827, 0.580231, 0.051422, -0.004343, 0.071276, -0.186684, 0.979831, 0.145957, 0.000000, 0.000000, 0.000000, 1.000000, 0.071221, -0.186722, 0.979828, 0.214961, -0.578128, 0.792768, 0.193098, -0.007147, -0.812832, -0.580218, -0.051488, 0.261404, 0.000000, 0.000000, 0.000000, 1.000000, 0.000154, 0.101056, -0.994881, 0.080982, -0.998440, -0.055533, -0.005795, 0.008475, -0.055834, 0.993330, 0.100890, -0.014086, 0.000000, 0.000000, 0.000000, 1.000000
-9.8692, 16.1388, -4.3382, 145.9924, 214.9965, -7.1389, 261.3987, 80.9820, 8.4750, -14.0859, 0.578126, -0.792773, -0.193083, 0.016139, 0.812829, 0.580229, 0.051418, -0.004338, 0.071270, -0.186670, 0.979834, 0.145992, 0.000000, 0.000000, 0.000000, 1.000000, 0.071215, -0.186708, 0.979831, 0.214997, -0.578126, 0.792773, 0.193083, -0.007139, -0.812834, -0.580216, -0.051484, 0.261399, 0.000000, 0.000000, 0.000000, 1.000000, 0.000154, 0.101056, -0.994881, 0.080982, -0.998440, -0.055533, -0.005795, 0.008475, -0.055834, 0.993330, 0.100890, -0.014086, 0.000000, 0.000000, 0.000000, 1.000000
-9.8647, 16.1338, -4.3358, 146.0164, 215.0205, -7.1339, 261.3963, 80.9820, 8.4750, -14.0856, 0.578126, -0.792774, -0.193081, 0.016134, 0.812829, 0.580228, 0.051419, -0.004336, 0.071267, -0.186669, 0.979835, 0.146016, 0.000000, 0.000000, 0.000000, 1.000000, 0.071212, -0.186707, 0.979831, 0.215021, -0.578126, 0.792774, 0.193080, -0.007134, -0.812834, -0.580215, -0.051485, 0.261396, 0.000000, 0.000000, 0.000000, 1.000000, 0.000154, 0.101056, -0.994881, 0.080982, -0.998440, -0.055533, -0.005795, 0.008475, -0.055834, 0.993330, 0.100890, -0.014086, 0.000000, 0.000000, 0.000000, 1.000000
-9.8603, 16.1292, -4.3341, 146.0410, 215.0451, -7.1294, 261.3946, 80.9821, 8.4750, -14.0853, 0.578125, -0.792773, -0.193085, 0.016129, 0.812830, 0.580227, 0.051423, -0.004334, 0.071266, -0.186675, 0.979834, 0.146041, 0.000000, 0.000000, 0.000000, 1.000000, 0.071211, -0.186713, 0.979830, 0.215045, -0.578125, 0.792773, 0.193084, -0.007129, -0.812835, -0.580214, -0.051489, 0.261395, 0.000000, 0.000000, 0.000000, 1.000000, 0.000154, 0.101056, -0.994881, 0.080982, -0.998440, -0.055533, -0.005795, 0.008475, -0.055834, 0.993330, 0.100890, -0.014085, 0.000000, 0.000000, 0.000000, 1.000000
-9.8538, 16.1232, -4.3332, 146.0789, 215.0830, -7.1233, 261.3937, 80.9821, 8.4750, -14.0849, 0.578125, -0.792769, -0.193104, 0.016123, 0.812830, 0.580225, 0.051437, -0.004333, 0.071266, -0.186697, 0.979829, 0.146079, 0.000000, 0.000000, 0.000000, 1.000000, 0.071212, -0.186736, 0.979826, 0.215083, -0.578125, 0.792769, 0.193103, -0.007123, -0.812835, -0.580213, -0.051502, 0.261394, 0.000000, 0.000000, 0.000000, 1.000000, 0.000154, 0.101056, -0.994881, 0.080982, -0.998440, -0.055533, -0.005795, 0.008475, -0.055834, 0.993330, 0.100890, -0.014085, 0.000000, 0.000000, 0.000000, 1.000000
-9.8496, 16.1202, -4.3313, 146.1062, 215.1103, -7.1204, 261.3918, 80.9821, 8.4750, -14.0848, 0.578123, -0.792765, -0.193124, 0.016120, 0.812832, 0.580221, 0.051458, -0.004331, 0.071261, -0.186726, 0.979824, 0.146106, 0.000000, 0.000000, 0.000000, 1.000000, 0.071206, -0.186764, 0.979821, 0.215110, -0.578123, 0.792765, 0.193123, -0.007120, -0.812836, -0.580209, -0.051523, 0.261392, 0.000000, 0.000000, 0.000000, 1.000000, 0.000154, 0.101056, -0.994881, 0.080982, -0.998440, -0.055533, -0.005795, 0.008475, -0.055834, 0.993330, 0.100890, -0.014085, 0.000000, 0.000000, 0.000000, 1.000000
-9.8455, 16.1181, -4.3282, 146.1352, 215.1393, -7.1183, 261.3886, 80.9821, 8.4750, -14.0846, 0.578121, -0.792761, -0.193150, 0.016118, 0.812834, 0.580215, 0.051489, -0.004328, 0.071249, -0.186766, 0.979817, 0.146135, 0.000000, 0.000000, 0.000000, 1.000000, 0.071194, -0.186804, 0.979814, 0.215139, -0.578121, 0.792761, 0.193149, -0.007118, -0.812839, -0.580202, -0.051555, 0.261389, 0.000000, 0.000000, 0.000000, 1.000000, 0.000154, 0.101056, -0.994881, 0.080982, -0.998440, -0.055533, -0.005795, 0.008475, -0.055834, 0.993330, 0.100890, -0.014085, 0.000000, 0.000000, 0.000000, 1.000000
-9.8415, 16.1164, -4.3262, 146.1645, 215.1686, -7.1165, 261.3866, 80.9821, 8.4750, -14.0845, 0.578119, -0.792754, -0.193182, 0.016116, 0.812837, 0.580208, 0.051523, -0.004326, 0.071241, -0.186812, 0.979809, 0.146164, 0.000000, 0.000000, 0.000000, 1.000000, 0.071185, -0.186851, 0.979806, 0.215169, -0.578119, 0.792754, 0.193182, -0.007117, -0.812842, -0.580196, -0.051590, 0.261387, 0.000000, 0.000000, 0.000000, 1.000000, 0.000154, 0.101056, -0.994881, 0.080982, -0.998440, -0.055533, -0.005795, 0.008475, -0.055834, 0.993330, 0.100890, -0.014085, 0.000000, 0.000000, 0.000000, 1.000000
-9.8375, 16.1151, -4.3254, 146.1942, 215.1983, -7.1152, 261.3857, 80.9822, 8.4750, -14.0844, 0.578117, -0.792746, -0.193222, 0.016115, 0.812839, 0.580203, 0.051560, -0.004325, 0.071234, -0.186866, 0.979799, 0.146194, 0.000000, 0.000000, 0.000000, 1.000000, 0.071178, -0.186905, 0.979796, 0.215198, -0.578117, 0.792746, 0.193221, -0.007115, -0.812843, -0.580190, -0.051626, 0.261386, 0.000000, 0.000000, 0.000000, 1.000000, 0.000154, 0.101056, -0.994881, 0.080982, -0.998440, -0.055533, -0.005795, 0.008475, -0.055834, 0.993330, 0.100890, -0.014084, 0.000000, 0.000000, 0.000000, 1.000000
-9.8336, 16.1142, -4.3256, 146.2242, 215.2283, -7.1143, 261.3859, 80.9822, 8.4750, -14.0844, 0.578115, -0.792736, -0.193268, 0.016114, 0.812840, 0.580197, 0.051599, -0.004326, 0.071230, -0.186926, 0.979788, 0.146224, 0.000000, 0.000000, 0.000000, 1.000000, 0.071174, -0.186965, 0.979785, 0.215228, -0.578115, 0.792736, 0.193267, -0.007114, -0.812845, -0.580184, -0.051665, 0.261386, 0.000000, 0.000000, 0.000000, 1.000000, 0.000154, 0.101056, -0.994881, 0.080982, -0.998440, -0.055533, -0.005795, 0.008475, -0.055834, 0.993330, 0.100890, -0.014084, 0.000000, 0.000000, 0.000000, 1.000000
-9.8298, 16.1136, -4.3269, 146.2545, 215.2587, -7.1138, 261.3871, 80.9822, 8.4750, -14.0844, 0.578114, -0.792724, -0.193320, 0.016114, 0.812841, 0.580192, 0.051640, -0.004327, 0.071227, -0.186992, 0.979776, 0.146255, 0.000000, 0.000000, 0.000000, 1.000000, 0.071171, -0.187031, 0.979772, 0.215259, -0.578114, 0.792724, 0.193320, -0.007114, -0.812846, -0.580179, -0.051707, 0.261387, 0.000000, 0.000000, 0.000000, 1.000000, 0.000154, 0.101056, -0.994881, 0.080982, -0.998440, -0.055533, -0.005795, 0.008475, -0.055834, 0.993330, 0.100890, -0.014084, 0.000000, 0.000000, 0.000000, 1.000000
-9.8261, 16.1134, -4.3291, 146.2852, 215.2894, -7.1136, 261.3893, 80.9822, 8.4750, -14.0844, 0.578114, -0.792710, -0.193379, 0.016113, 0.812841, 0.580188, 0.051683, -0.004329, 0.071227, -0.187065, 0.979762, 0.146285, 0.000000, 0.000000, 0.000000, 1.000000, 0.071170, -0.187104, 0.979759, 0.215289, -0.578114, 0.792710, 0.193378, -0.007114, -0.812846, -0.580175, -0.051750, 0.261389, 0.000000, 0.000000, 0.000000, 1.000000, 0.000154, 0.101056, -0.994881, 0.080982, -0.998440, -0.055533, -0.005795, 0.008475, -0.055834, 0.993330, 0.100890, -0.014084, 0.000000, 0.000000, 0.000000, 1.000000
-9.8225, 16.1136, -4.3322, 146.3165, 215.3207, -7.1138, 261.3924, 80.9821, 8.4750, -14.0845, 0.578113, -0.792694, -0.193444, 0.016114, 0.812842, 0.580183, 0.051729, -0.004332, 0.071228, -0.187144, 0.979747, 0.146316, 0.000000, 0.000000, 0.000000, 1.000000, 0.071171, -0.187184, 0.979743, 0.215321, -0.578113, 0.792694, 0.193443, -0.007114, -0.812847, -0.580170, -0.051796, 0.261392, 0.000000, 0.000000, 0.000000, 1.000000, 0.000154, 0.101056, -0.994881, 0.080982, -0.998440, -0.055533, -0.005795, 0.008475, -0.055834, 0.993330, 0.100890, -0.014084, 0.000000, 0.000000, 0.000000, 1.000000
-9.8171, 16.1145, -4.3385, 146.3642, 215.3685, -7.1147, 261.3986, 80.9821, 8.4750, -14.0847, 0.578114, -0.792668, -0.193552, 0.016115, 0.812841, 0.580177, 0.051802, -0.004339, 0.071232, -0.187274, 0.979722, 0.146364, 0.000000, 0.000000, 0.000000, 1.000000, 0.071176, -0.187314, 0.979718, 0.215368, -0.578114, 0.792668, 0.193551, -0.007115, -0.812846, -0.580164, -0.051870, 0.261399, 0.000000, 0.000000, 0.000000, 1.000000, 0.000154, 0.101056, -0.994881, 0.080982, -0.998440, -0.055533, -0.005795, 0.008475, -0.055834, 0.993330, 0.100890, -0.014085, 0.000000, 0.000000, 0.000000, 1.000000
-9.8118, 16.1162, -4.3465, 146.4130, 215.4172, -7.1163, 261.4065, 80.9821, 8.4750, -14.0849, 0.578114, -0.792638, -0.193671, 0.016116, 0.812840, 0.580172, 0.051881, -0.004346, 0.071240, -0.187417, 0.979694, 0.146413, 0.000000, 0.000000, 0.000000, 1.000000, 0.071183, -0.187457, 0.979690, 0.215417, -0.578114, 0.792638, 0.193671, -0.007116, -0.812845, -0.580159, -0.051949, 0.261407, 0.000000, 0.000000, 0.000000, 1.000000, 0.000154, 0.101056, -0.994881, 0.080982, -0.998440, -0.055533, -0.005795, 0.008475, -0.055834, 0.993330, 0.100890, -0.014085, 0.000000, 0.000000, 0.000000, 1.000000
-9.8083, 16.1176, -4.3526, 146.4460, 215.4502, -7.1178, 261.4126, 80.9821, 8.4750, -14.0850, 0.578115, -0.792617, -0.193757, 0.016118, 0.812839, 0.580169, 0.051936, -0.004353, 0.071246, -0.187518, 0.979674, 0.146446, 0.000000, 0.000000, 0.000000, 1.000000, 0.071189, -0.187558, 0.979670, 0.215450, -0.578115, 0.792617, 0.193756, -0.007118, -0.812844, -0.580156, -0.052005, 0.261413, 0.000000, 0.000000, 0.000000, 1.000000, 0.000154, 0.101056, -0.994881, 0.080982, -0.998440, -0.055533, -0.005795, 0.008475, -0.055834, 0.993330, 0.100890, -0.014085, 0.000000, 0.000000, 0.000000, 1.000000
-9.8049, 16.1193, -4.3592, 146.4793, 215.4836, -7.1195, 261.4192, 80.9821, 8.4750, -14.0852, 0.578116, -0.792594, -0.193847, 0.016119, 0.812837, 0.580165, 0.051994, -0.004359, 0.071253, -0.187624, 0.979653, 0.146479, 0.000000, 0.000000, 0.000000, 1.000000, 0.071196, -0.187664, 0.979650, 0.215484, -0.578116, 0.792594, 0.193846, -0.007119, -0.812842, -0.580152, -0.052062, 0.261419, 0.000000, 0.000000, 0.000000, 1.000000, 0.000154, 0.101056, -0.994881, 0.080982, -0.998440, -0.055533, -0.005795, 0.008475, -0.055834, 0.993330, 0.100890, -0.014085, 0.000000, 0.000000, 0.000000, 1.000000
-9.8031, 16.1203, -4.3627, 146.4962, 215.5004, -7.1204, 261.4227, 80.9821, 8.4750, -14.0853, 0.578117, -0.792582, -0.193893, 0.016120, 0.812837, 0.580164, 0.052023, -0.004363, 0.071257, -0.187679, 0.979642, 0.146496, 0.000000, 0.000000, 0.000000, 1.000000, 0.071200, -0.187719, 0.979639, 0.215500, -0.578117, 0.792582, 0.193892, -0.007120, -0.812842, -0.580151, -0.052092, 0.261423, 0.000000, 0.000000, 0.000000, 1.000000, 0.000154, 0.101056, -0.994881, 0.080982, -0.998440, -0.055533, -0.005795, 0.008475, -0.055834, 0.993330, 0.100890, -0.014085, 0.000000, 0.000000, 0.000000, 1.000000
-9.7997, 16.1224, -4.3700, 146.5303, 215.5346, -7.1225, 261.4299, 80.9820, 8.4750, -14.0856, 0.578118, -0.792558, -0.193989, 0.016122, 0.812835, 0.580161, 0.052084, -0.004370, 0.071265, -0.187791, 0.979620, 0.146530, 0.000000, 0.000000, 0.000000, 1.000000, 0.071208, -0.187831, 0.979617, 0.215535, -0.578118, 0.792558, 0.193988, -0.007122, -0.812840, -0.580148, -0.052152, 0.261430, 0.000000, 0.000000, 0.000000, 1.000000, 0.000154, 0.101056, -0.994881, 0.080982, -0.998440, -0.055533, -0.005795, 0.008475, -0.055834, 0.993330, 0.100890, -0.014086, 0.000000, 0.000000, 0.000000, 1.000000
-9.7929, 16.1270, -4.3856, 146.6004, 215.6047, -7.1272, 261.4455, 80.9820, 8.4751, -14.0861, 0.578121, -0.792506, -0.194190, 0.016127, 0.812831, 0.580154, 0.052212, -0.004386, 0.071282, -0.188028, 0.979573, 0.146600, 0.000000, 0.000000, 0.000000, 1.000000, 0.071225, -0.188068, 0.979570, 0.215605, -0.578121, 0.792506, 0.194189, -0.007127, -0.812836, -0.580141, -0.052280, 0.261445, 0.000000, 0.000000, 0.000000, 1.000000, 0.000154, 0.101056, -0.994881, 0.080982, -0.998440, -0.055533, -0.005795, 0.008475, -0.055834, 0.993330, 0.100890, -0.014086, 0.000000, 0.000000, 0.000000, 1.000000
-9.7894, 16.1296, -4.3937, 146.6362, 215.6405, -7.1298, 261.4536, 80.9819, 8.4751, -14.0863, 0.578123, -0.792479, -0.194295, 0.016130, 0.812829, 0.580151, 0.052278, -0.004394, 0.071291, -0.188152, 0.979549, 0.146636, 0.000000, 0.000000, 0.000000, 1.000000, 0.071233, -0.188192, 0.979546, 0.215641, -0.578123, 0.792480, 0.194294, -0.007130, -0.812834, -0.580138, -0.052347, 0.261454, 0.000000, 0.000000, 0.000000, 1.000000, 0.000154, 0.101056, -0.994881, 0.080982, -0.998440, -0.055533, -0.005795, 0.008475, -0.055834, 0.993330, 0.100890, -0.014086, 0.000000, 0.000000, 0.000000, 1.000000
-9.7859, 16.1323, -4.4020, 146.6727, 215.6770, -7.1325, 261.4619, 80.9819, 8.4751, -14.0866, 0.578124, -0.792452, -0.194402, 0.016132, 0.812827, 0.580148, 0.052346, -0.004402, 0.071300, -0.188278, 0.979524, 0.146673, 0.000000, 0.000000, 0.000000, 1.000000, 0.071242, -0.188318, 0.979521, 0.215677, -0.578124, 0.792452, 0.194401, -0.007132, -0.812832, -0.580134, -0.052415, 0.261462, 0.000000, 0.000000, 0.000000, 1.000000, 0.000154, 0.101056, -0.994881, 0.080982, -0.998440, -0.055533, -0.005795, 0.008475, -0.055834, 0.993330, 0.100890, -0.014087, 0.000000, 0.000000, 0.000000, 1.000000
-9.7824, 16.1351, -4.4104, 146.7097, 215.7141, -7.1352, 261.4702, 80.9819, 8.4751, -14.0869, 0.578126, -0.792424, -0.194511, 0.016135, 0.812825, 0.580144, 0.052416, -0.004410, 0.071308, -0.188406, 0.979499, 0.146710, 0.000000, 0.000000, 0.000000, 1.000000, 0.071251, -0.188446, 0.979495, 0.215714, -0.578126, 0.792424, 0.194510, -0.007135, -0.812830, -0.580131, -0.052485, 0.261470, 0.000000, 0.000000, 0.000000, 1.000000, 0.000154, 0.101056, -0.994881, 0.080982, -0.998440, -0.055533, -0.005795, 0.008475, -0.055834, 0.993330, 0.100890, -0.014087, 0.000000, 0.000000, 0.000000, 1.000000
-9.7789, 16.1379, -4.4187, 146.7473, 215.7516, -7.1381, 261.4786, 80.9819, 8.4751, -14.0872, 0.578128, -0.792396, -0.194621, 0.016138, 0.812823, 0.580141, 0.052487, -0.004419, 0.071317, -0.188537, 0.979473, 0.146747, 0.000000, 0.000000, 0.000000, 1.000000, 0.071259, -0.188577, 0.979470, 0.215752, -0.578128, 0.792396, 0.194620, -0.007138, -0.812828, -0.580127, -0.052556, 0.261479, 0.000000, 0.000000, 0.000000, 1.000000, 0.000154, 0.101056, -0.994881, 0.080982, -0.998440, -0.055533, -0.005795, 0.008475, -0.055834, 0.993330, 0.100890, -0.014087, 0.000000, 0.000000, 0.000000, 1.000000
-9.7753, 16.1408, -4.4270, 146.7851, 215.7895, -7.1409, 261.4868, 80.9818, 8.4751, -14.0875, 0.578130, -0.792367, -0.194731, 0.016141, 0.812821, 0.580137, 0.052559, -0.004427, 0.071325, -0.188668, 0.979447, 0.146785, 0.000000, 0.000000, 0.000000, 1.000000, 0.071267, -0.188708, 0.979444, 0.215789, -0.578130, 0.792367, 0.194731, -0.007141, -0.812827, -0.580124, -0.052628, 0.261487, 0.000000, 0.000000, 0.000000, 1.000000, 0.000154, 0.101056, -0.994881, 0.080982, -0.998440, -0.055533, -0.005795, 0.008475, -0.055834, 0.993330, 0.100890, -0.014087, 0.000000, 0.000000, 0.000000, 1.000000
-9.7698, 16.1451, -4.4392, 146.8425, 215.8469, -7.1452, 261.4991, 80.9818, 8.4752, -14.0879, 0.578132, -0.792324, -0.194898, 0.016145, 0.812819, 0.580131, 0.052669, -0.004439, 0.071336, -0.188866, 0.979408, 0.146843, 0.000000, 0.000000, 0.000000, 1.000000, 0.071278, -0.188906, 0.979405, 0.215847, -0.578132, 0.792324, 0.194897, -0.007145, -0.812824, -0.580118, -0.052738, 0.261499, 0.000000, 0.000000, 0.000000, 1.000000, 0.000154, 0.101056, -0.994881, 0.080982, -0.998440, -0.055533, -0.005795, 0.008475, -0.055834, 0.993330, 0.100890, -0.014088, 0.000000, 0.000000, 0.000000, 1.000000
