# Joint_4_Angle(deg), Cam_X(mm), Cam_Y(mm), Cam_Z(mm), Torso_X(mm), Torso_Y(mm), Torso_Z(mm), EE_X(mm), EE_Y(mm), EE_Z(mm), T_cam2marker_flat(16), T_torso2marker_flat(16), T_ee2marker_flat(16)
-30.0000, 28.0588, 24.7747, 233.6606, 255.6562, -28.0592, 175.2575, 142.3803, -15.2218, 23.8954, 0.411967, -0.702622, -0.580177, 0.028059, 0.719657, 0.641438, -0.265803, 0.024775, 0.558906, -0.308027, 0.769898, 0.233661, 0.000000, 0.000000, 0.000000, 1.000000, 0.558779, -0.308139, 0.769946, 0.255656, -0.411968, 0.702622, 0.580176, -0.028059, -0.719756, -0.641383, 0.265667, 0.175258, 0.000000, 0.000000, 0.000000, 1.000000, -0.003930, 0.099315, -0.995048, 0.142380, -0.998762, -0.049728, -0.001018, -0.015222, -0.049583, 0.993813, 0.099387, 0.023895, 0.000000, 0.000000, 0.000000, 1.000000
-30.0000, 28.0586, 24.7732, 233.6598, 255.6554, -28.0590, 175.2590, 142.3804, -15.2215, 23.8954, 0.411968, -0.702621, -0.580178, 0.028059, 0.719654, 0.641440, -0.265805, 0.024773, 0.558910, -0.308024, 0.769897, 0.233660, 0.000000, 0.000000, 0.000000, 1.000000, 0.558782, -0.308136, 0.769945, 0.255655, -0.411969, 0.702621, 0.580176, -0.028059, -0.719753, -0.641386, 0.265670, 0.175259, 0.000000, 0.000000, 0.000000, 1.000000, -0.003930, 0.099315, -0.995048, 0.142380, -0.998762, -0.049728, -0.001018, -0.015222, -0.049583, 0.993813, 0.099387, 0.023895, 0.000000, 0.000000, 0.000000, 1.000000
-30.0000, 28.0584, 24.7719, 233.6592, 255.6548, -28.0588, 175.2603, 142.3805, -15.2212, 23.8954, 0.411969, -0.702620, -0.580178, 0.028058, 0.719652, 0.641442, -0.265808, 0.024772, 0.558912, -0.308021, 0.769896, 0.233659, 0.000000, 0.000000, 0.000000, 1.000000, 0.558785, -0.308133, 0.769944, 0.255655, -0.411970, 0.702621, 0.580177, -0.028059, -0.719750, -0.641388, 0.265672, 0.175260, 0.000000, 0.000000, 0.000000, 1.000000, -0.003930, 0.099315, -0.995048, 0.142381, -0.998762, -0.049728, -0.001018, -0.015221, -0.049583, 0.993813, 0.099387, 0.023895, 0.000000, 0.000000, 0.000000, 1.000000
-30.0000, 28.0582, 24.7704, 233.6584, 255.6540, -28.0586, 175.2618, 142.3806, -15.2209, 23.8954, 0.411970, -0.702619, -0.580178, 0.028058, 0.719648, 0.641445, -0.265810, 0.024770, 0.558916, -0.308018, 0.769895, 0.233658, 0.000000, 0.000000, 0.000000, 1.000000, 0.558788, -0.308130, 0.769943, 0.255654, -0.411971, 0.702619, 0.580177, -0.028059, -0.719747, -0.641390, 0.265674, 0.175262, 0.000000, 0.000000, 0.000000, 1.000000, -0.003931, 0.099315, -0.995048, 0.142381, -0.998762, -0.049728, -0.001018, -0.015221, -0.049583, 0.993813, 0.099387, 0.023895, 0.000000, 0.000000, 0.000000, 1.000000
-30.0000, 28.0581, 24.7700, 233.6582, 255.6538, -28.0585, 175.2622, 142.3806, -15.2208, 23.8954, 0.411971, -0.702619, -0.580178, 0.028058, 0.719647, 0.641445, -0.265811, 0.024770, 0.558917, -0.308018, 0.769894, 0.233658, 0.000000, 0.000000, 0.000000, 1.000000, 0.558789, -0.308130, 0.769942, 0.255654, -0.411972, 0.702619, 0.580177, -0.028059, -0.719746, -0.641391, 0.265675, 0.175262, 0.000000, 0.000000, 0.000000, 1.000000, -0.003931, 0.099315, -0.995048, 0.142381, -0.998762, -0.049728, -0.001018, -0.015221, -0.049583, 0.993813, 0.099387, 0.023895, 0.000000, 0.000000, 0.000000, 1.000000
-30.0000, 28.0580, 24.7694, 233.6579, 255.6534, -28.0584, 175.2628, 142.3807, -15.2207, 23.8954, 0.411972, -0.702618, -0.580179, 0.028058, 0.719646, 0.641447, -0.265812, 0.024769, 0.558918, -0.308016, 0.769894, 0.233658, 0.000000, 0.000000, 0.000000, 1.000000, 0.558790, -0.308128, 0.769942, 0.255653, -0.411973, 0.702619, 0.580177, -0.028058, -0.719744, -0.641392, 0.265676, 0.175263, 0.000000, 0.000000, 0.000000, 1.000000, -0.003931, 0.099315, -0.995048, 0.142381, -0.998762, -0.049728, -0.001018, -0.015221, -0.049583, 0.993813, 0.099387, 0.023895, 0.000000, 0.000000, 0.000000, 1.000000
-29.9999, 28.0579, 24.7689, 233.6576, 255.6532, -28.0583, 175.2633, 142.3807, -15.2207, 23.8955, 0.411973, -0.702618, -0.580178, 0.028058, 0.719645, 0.641448, -0.265812, 0.024769, 0.558918, -0.308015, 0.769894, 0.233658, 0.000000, 0.000000, 0.000000, 1.000000, 0.558791, -0.308127, 0.769942, 0.255653, -0.411974, 0.702618, 0.580177, -0.028058, -0.719744, -0.641393, 0.265676, 0.175263, 0.000000, 0.000000, 0.000000, 1.000000, -0.003931, 0.099315, -0.995048, 0.142381, -0.998762, -0.049728, -0.001018, -0.015221, -0.049583, 0.993813, 0.099387, 0.023895, 0.000000, 0.000000, 0.000000, 1.000000
-29.9999, 28.0579, 24.7687, 233.6574, 255.6530, -28.0582, 175.2636, 142.3806, -15.2207, 23.8955, 0.411974, -0.702617, -0.580178, 0.028058, 0.719645, 0.641448, -0.265811, 0.024769, 0.558918, -0.308015, 0.769895, 0.233657, 0.000000, 0.000000, 0.000000, 1.000000, 0.558790, -0.308127, 0.769942, 0.255653, -0.411975, 0.702618, 0.580177, -0.028058, -0.719744, -0.641394, 0.265675, 0.175264, 0.000000, 0.000000, 0.000000, 1.000000, -0.003931, 0.099315, -0.995048, 0.142381, -0.998762, -0.049728, -0.001018, -0.015221, -0.049583, 0.993813, 0.099387, 0.023895, 0.000000, 0.000000, 0.000000, 1.000000
-29.9996, 28.0576, 24.7682, 233.6571, 255.6527, -28.0580, 175.2641, 142.3805, -15.2209, 23.8955, 0.411977, -0.702617, -0.580176, 0.028058, 0.719646, 0.641448, -0.265807, 0.024768, 0.558914, -0.308015, 0.769897, 0.233657, 0.000000, 0.000000, 0.000000, 1.000000, 0.558787, -0.308127, 0.769945, 0.255653, -0.411978, 0.702617, 0.580175, -0.028058, -0.719744, -0.641394, 0.265672, 0.175264, 0.000000, 0.000000, 0.000000, 1.000000, -0.003931, 0.099315, -0.995048, 0.142381, -0.998762, -0.049728, -0.001018, -0.015221, -0.049583, 0.993813, 0.099387, 0.023895, 0.000000, 0.000000, 0.000000, 1.000000
-29.9993, 28.0575, 24.7679, 233.6569, 255.6525, -28.0579, 175.2644, 142.3804, -15.2212, 23.8955, 0.411979, -0.702617, -0.580175, 0.028057, 0.719647, 0.641449, -0.265804, 0.024768, 0.558911, -0.308016, 0.769900, 0.233657, 0.000000, 0.000000, 0.000000, 1.000000, 0.558783, -0.308127, 0.769947, 0.255652, -0.411980, 0.702617, 0.580174, -0.028058, -0.719746, -0.641394, 0.265668, 0.175264, 0.000000, 0.000000, 0.000000, 1.000000, -0.003931, 0.099315, -0.995048, 0.142380, -0.998762, -0.049728, -0.001018, -0.015221, -0.049583, 0.993813, 0.099387, 0.023896, 0.000000, 0.000000, 0.000000, 1.000000
-29.9985, 28.0570, 24.7670, 233.6563, 255.6519, -28.0573, 175.2653, 142.3801, -15.2220, 23.8955, 0.411987, -0.702616, -0.580170, 0.028057, 0.719652, 0.641448, -0.265793, 0.024767, 0.558899, -0.308017, 0.769907, 0.233656, 0.000000, 0.000000, 0.000000, 1.000000, 0.558772, -0.308129, 0.769955, 0.255652, -0.411988, 0.702617, 0.580169, -0.028057, -0.719750, -0.641394, 0.265657, 0.175265, 0.000000, 0.000000, 0.000000, 1.000000, -0.003931, 0.099315, -0.995048, 0.142380, -0.998762, -0.049728, -0.001018, -0.015222, -0.049583, 0.993813, 0.099387, 0.023896, 0.000000, 0.000000, 0.000000, 1.000000
-29.9972, 28.0561, 24.7657, 233.6555, 255.6511, -28.0565, 175.2666, 142.3795, -15.2233, 23.8955, 0.411999, -0.702616, -0.580161, 0.028056, 0.719659, 0.641447, -0.265775, 0.024766, 0.558880, -0.308019, 0.769920, 0.233655, 0.000000, 0.000000, 0.000000, 1.000000, 0.558753, -0.308131, 0.769968, 0.255651, -0.412000, 0.702617, 0.580160, -0.028057, -0.719758, -0.641393, 0.265639, 0.175267, 0.000000, 0.000000, 0.000000, 1.000000, -0.003931, 0.099315, -0.995048, 0.142380, -0.998762, -0.049728, -0.001018, -0.015223, -0.049583, 0.993813, 0.099387, 0.023896, 0.000000, 0.000000, 0.000000, 1.000000
-29.9963, 28.0556, 24.7648, 233.6549, 255.6505, -28.0560, 175.2675, 142.3791, -15.2242, 23.8956, 0.412008, -0.702616, -0.580155, 0.028056, 0.719664, 0.641446, -0.265762, 0.024765, 0.558868, -0.308021, 0.769929, 0.233655, 0.000000, 0.000000, 0.000000, 1.000000, 0.558740, -0.308133, 0.769976, 0.255650, -0.412008, 0.702617, 0.580154, -0.028056, -0.719763, -0.641392, 0.265627, 0.175268, 0.000000, 0.000000, 0.000000, 1.000000, -0.003931, 0.099315, -0.995048, 0.142379, -0.998762, -0.049729, -0.001018, -0.015224, -0.049583, 0.993813, 0.099387, 0.023896, 0.000000, 0.000000, 0.000000, 1.000000
-29.9952, 28.0549, 24.7637, 233.6542, 255.6498, -28.0553, 175.2686, 142.3787, -15.2253, 23.8956, 0.412017, -0.702616, -0.580148, 0.028055, 0.719671, 0.641445, -0.265748, 0.024764, 0.558852, -0.308023, 0.769939, 0.233654, 0.000000, 0.000000, 0.000000, 1.000000, 0.558725, -0.308135, 0.769987, 0.255650, -0.412018, 0.702617, 0.580147, -0.028055, -0.719769, -0.641391, 0.265612, 0.175269, 0.000000, 0.000000, 0.000000, 1.000000, -0.003931, 0.099315, -0.995048, 0.142379, -0.998762, -0.049729, -0.001018, -0.015225, -0.049584, 0.993813, 0.099388, 0.023896, 0.000000, 0.000000, 0.000000, 1.000000
-29.9924, 28.0532, 24.7609, 233.6524, 255.6480, -28.0536, 175.2715, 142.3775, -15.2281, 23.8956, 0.412043, -0.702616, -0.580130, 0.028053, 0.719687, 0.641443, -0.265710, 0.024761, 0.558813, -0.308028, 0.769965, 0.233652, 0.000000, 0.000000, 0.000000, 1.000000, 0.558685, -0.308140, 0.770013, 0.255648, -0.412044, 0.702617, 0.580129, -0.028054, -0.719785, -0.641389, 0.265575, 0.175271, 0.000000, 0.000000, 0.000000, 1.000000, -0.003931, 0.099315, -0.995048, 0.142377, -0.998762, -0.049729, -0.001018, -0.015228, -0.049584, 0.993813, 0.099388, 0.023896, 0.000000, 0.000000, 0.000000, 1.000000
-29.9888, 28.0509, 24.7571, 233.6501, 255.6457, -28.0513, 175.2753, 142.3759, -15.2318, 23.8956, 0.412076, -0.702616, -0.580107, 0.028051, 0.719708, 0.641439, -0.265661, 0.024757, 0.558761, -0.308035, 0.770000, 0.233650, 0.000000, 0.000000, 0.000000, 1.000000, 0.558634, -0.308147, 0.770048, 0.255646, -0.412077, 0.702617, 0.580105, -0.028051, -0.719806, -0.641385, 0.265525, 0.175275, 0.000000, 0.000000, 0.000000, 1.000000, -0.003931, 0.099316, -0.995048, 0.142376, -0.998762, -0.049730, -0.001018, -0.015232, -0.049585, 0.993813, 0.099388, 0.023896, 0.000000, 0.000000, 0.000000, 1.000000
-29.9841, 28.0480, 24.7522, 233.6471, 255.6427, -28.0484, 175.2802, 142.3740, -15.2365, 23.8956, 0.412118, -0.702617, -0.580077, 0.028048, 0.719735, 0.641435, -0.265598, 0.024752, 0.558695, -0.308044, 0.770045, 0.233647, 0.000000, 0.000000, 0.000000, 1.000000, 0.558568, -0.308155, 0.770092, 0.255643, -0.412119, 0.702617, 0.580075, -0.028048, -0.719833, -0.641381, 0.265463, 0.175280, 0.000000, 0.000000, 0.000000, 1.000000, -0.003931, 0.099316, -0.995048, 0.142374, -0.998762, -0.049731, -0.001018, -0.015236, -0.049586, 0.993812, 0.099389, 0.023896, 0.000000, 0.000000, 0.000000, 1.000000
-29.9814, 28.0464, 24.7494, 233.6453, 255.6409, -28.0467, 175.2831, 142.3728, -15.2392, 23.8955, 0.412142, -0.702617, -0.580059, 0.028046, 0.719751, 0.641432, -0.265561, 0.024749, 0.558656, -0.308049, 0.770071, 0.233645, 0.000000, 0.000000, 0.000000, 1.000000, 0.558529, -0.308160, 0.770118, 0.255641, -0.412143, 0.702617, 0.580058, -0.028047, -0.719849, -0.641378, 0.265426, 0.175283, 0.000000, 0.000000, 0.000000, 1.000000, -0.003931, 0.099316, -0.995048, 0.142373, -0.998762, -0.049731, -0.001018, -0.015239, -0.049586, 0.993812, 0.099389, 0.023896, 0.000000, 0.000000, 0.000000, 1.000000
-29.9752, 28.0425, 24.7427, 233.6412, 255.6368, -28.0429, 175.2898, 142.3702, -15.2455, 23.8955, 0.412198, -0.702617, -0.580018, 0.028042, 0.719787, 0.641426, -0.265478, 0.024743, 0.558568, -0.308060, 0.770130, 0.233641, 0.000000, 0.000000, 0.000000, 1.000000, 0.558441, -0.308172, 0.770178, 0.255637, -0.412199, 0.702618, 0.580017, -0.028043, -0.719885, -0.641372, 0.265343, 0.175290, 0.000000, 0.000000, 0.000000, 1.000000, -0.003931, 0.099317, -0.995048, 0.142370, -0.998762, -0.049733, -0.001018, -0.015245, -0.049587, 0.993812, 0.099390, 0.023896, 0.000000, 0.000000, 0.000000, 1.000000
-29.9716, 28.0403, 24.7389, 233.6389, 255.6345, -28.0406, 175.2936, 142.3687, -15.2490, 23.8955, 0.412230, -0.702618, -0.579995, 0.028040, 0.719808, 0.641423, -0.265430, 0.024739, 0.558518, -0.308067, 0.770164, 0.233639, 0.000000, 0.000000, 0.000000, 1.000000, 0.558391, -0.308178, 0.770211, 0.255634, -0.412231, 0.702618, 0.579994, -0.028041, -0.719906, -0.641369, 0.265295, 0.175294, 0.000000, 0.000000, 0.000000, 1.000000, -0.003931, 0.099317, -0.995048, 0.142369, -0.998762, -0.049733, -0.001018, -0.015249, -0.049588, 0.993812, 0.099390, 0.023896, 0.000000, 0.000000, 0.000000, 1.000000
-29.9637, 28.0353, 24.7303, 233.6336, 255.6293, -28.0357, 175.3022, 142.3654, -15.2569, 23.8955, 0.412302, -0.702618, -0.579944, 0.028035, 0.719854, 0.641415, -0.265324, 0.024730, 0.558407, -0.308081, 0.770239, 0.233634, 0.000000, 0.000000, 0.000000, 1.000000, 0.558280, -0.308192, 0.770286, 0.255629, -0.412303, 0.702619, 0.579943, -0.028036, -0.719952, -0.641361, 0.265189, 0.175302, 0.000000, 0.000000, 0.000000, 1.000000, -0.003931, 0.099318, -0.995048, 0.142365, -0.998762, -0.049735, -0.001018, -0.015257, -0.049589, 0.993812, 0.099391, 0.023895, 0.000000, 0.000000, 0.000000, 1.000000
-29.9593, 28.0326, 24.7255, 233.6307, 255.6263, -28.0330, 175.3071, 142.3636, -15.2613, 23.8955, 0.412341, -0.702619, -0.579915, 0.028033, 0.719879, 0.641411, -0.265266, 0.024725, 0.558345, -0.308089, 0.770281, 0.233631, 0.000000, 0.000000, 0.000000, 1.000000, 0.558218, -0.308200, 0.770328, 0.255626, -0.412342, 0.702619, 0.579914, -0.028033, -0.719977, -0.641357, 0.265131, 0.175307, 0.000000, 0.000000, 0.000000, 1.000000, -0.003931, 0.099319, -0.995048, 0.142364, -0.998762, -0.049735, -0.001018, -0.015261, -0.049590, 0.993812, 0.099391, 0.023895, 0.000000, 0.000000, 0.000000, 1.000000
-29.9388, 28.0198, 24.7029, 233.6171, 255.6127, -28.0202, 175.3297, 142.3551, -15.2816, 23.8953, 0.412524, -0.702620, -0.579783, 0.028020, 0.719996, 0.641392, -0.264994, 0.024703, 0.558058, -0.308125, 0.770474, 0.233617, 0.000000, 0.000000, 0.000000, 1.000000, 0.557932, -0.308236, 0.770521, 0.255613, -0.412525, 0.702621, 0.579782, -0.028020, -0.720094, -0.641338, 0.264859, 0.175330, 0.000000, 0.000000, 0.000000, 1.000000, -0.003932, 0.099321, -0.995048, 0.142355, -0.998762, -0.049739, -0.001019, -0.015282, -0.049594, 0.993812, 0.099394, 0.023895, 0.000000, 0.000000, 0.000000, 1.000000
-29.9331, 28.0162, 24.6966, 233.6133, 255.6089, -28.0166, 175.3361, 142.3527, -15.2872, 23.8953, 0.412576, -0.702621, -0.579746, 0.028016, 0.720029, 0.641387, -0.264918, 0.024697, 0.557978, -0.308135, 0.770528, 0.233613, 0.000000, 0.000000, 0.000000, 1.000000, 0.557852, -0.308246, 0.770575, 0.255609, -0.412577, 0.702621, 0.579745, -0.028017, -0.720126, -0.641333, 0.264783, 0.175336, 0.000000, 0.000000, 0.000000, 1.000000, -0.003932, 0.099322, -0.995048, 0.142353, -0.998762, -0.049740, -0.001019, -0.015287, -0.049595, 0.993811, 0.099394, 0.023895, 0.000000, 0.000000, 0.000000, 1.000000
-29.9271, 28.0125, 24.6899, 233.6092, 255.6049, -28.0128, 175.3428, 142.3503, -15.2931, 23.8953, 0.412629, -0.702621, -0.579707, 0.028012, 0.720063, 0.641381, -0.264838, 0.024690, 0.557894, -0.308145, 0.770585, 0.233609, 0.000000, 0.000000, 0.000000, 1.000000, 0.557768, -0.308256, 0.770632, 0.255605, -0.412630, 0.702622, 0.579706, -0.028013, -0.720161, -0.641327, 0.264704, 0.175343, 0.000000, 0.000000, 0.000000, 1.000000, -0.003932, 0.099322, -0.995048, 0.142350, -0.998762, -0.049741, -0.001019, -0.015293, -0.049596, 0.993811, 0.099395, 0.023895, 0.000000, 0.000000, 0.000000, 1.000000
-29.9075, 28.0002, 24.6679, 233.5960, 255.5917, -28.0005, 175.3648, 142.3422, -15.3125, 23.8951, 0.412805, -0.702623, -0.579580, 0.028000, 0.720175, 0.641363, -0.264579, 0.024668, 0.557620, -0.308179, 0.770769, 0.233596, 0.000000, 0.000000, 0.000000, 1.000000, 0.557494, -0.308290, 0.770816, 0.255592, -0.412806, 0.702624, 0.579579, -0.028001, -0.720272, -0.641309, 0.264445, 0.175365, 0.000000, 0.000000, 0.000000, 1.000000, -0.003932, 0.099324, -0.995047, 0.142342, -0.998761, -0.049745, -0.001019, -0.015312, -0.049600, 0.993811, 0.099397, 0.023895, 0.000000, 0.000000, 0.000000, 1.000000
-29.9005, 27.9957, 24.6599, 233.5912, 255.5869, -27.9961, 175.3728, 142.3392, -15.3194, 23.8951, 0.412868, -0.702624, -0.579534, 0.027996, 0.720215, 0.641356, -0.264486, 0.024660, 0.557522, -0.308191, 0.770835, 0.233591, 0.000000, 0.000000, 0.000000, 1.000000, 0.557396, -0.308302, 0.770882, 0.255587, -0.412869, 0.702624, 0.579533, -0.027996, -0.720312, -0.641303, 0.264352, 0.175373, 0.000000, 0.000000, 0.000000, 1.000000, -0.003932, 0.099325, -0.995047, 0.142339, -0.998761, -0.049746, -0.001019, -0.015319, -0.049601, 0.993811, 0.099398, 0.023895, 0.000000, 0.000000, 0.000000, 1.000000
-29.8932, 27.9912, 24.6517, 233.5863, 255.5820, -27.9916, 175.3811, 142.3362, -15.3266, 23.8950, 0.412933, -0.702624, -0.579487, 0.027991, 0.720256, 0.641350, -0.264390, 0.024652, 0.557421, -0.308204, 0.770904, 0.233586, 0.000000, 0.000000, 0.000000, 1.000000, 0.557295, -0.308314, 0.770951, 0.255582, -0.412934, 0.702625, 0.579486, -0.027992, -0.720353, -0.641296, 0.264256, 0.175381, 0.000000, 0.000000, 0.000000, 1.000000, -0.003932, 0.099326, -0.995047, 0.142336, -0.998761, -0.049748, -0.001019, -0.015327, -0.049602, 0.993811, 0.099398, 0.023895, 0.000000, 0.000000, 0.000000, 1.000000
-29.8701, 27.9766, 24.6253, 233.5705, 255.5662, -27.9770, 175.4075, 142.3267, -15.3494, 23.8949, 0.413140, -0.702627, -0.579337, 0.027977, 0.720387, 0.641328, -0.264084, 0.024625, 0.557097, -0.308243, 0.771122, 0.233571, 0.000000, 0.000000, 0.000000, 1.000000, 0.556972, -0.308354, 0.771169, 0.255566, -0.413141, 0.702627, 0.579336, -0.027977, -0.720484, -0.641275, 0.263950, 0.175408, 0.000000, 0.000000, 0.000000, 1.000000, -0.003932, 0.099328, -0.995047, 0.142327, -0.998761, -0.049752, -0.001020, -0.015349, -0.049607, 0.993810, 0.099401, 0.023895, 0.000000, 0.000000, 0.000000, 1.000000
-29.8620, 27.9715, 24.6160, 233.5650, 255.5607, -27.9718, 175.4168, 142.3233, -15.3574, 23.8948, 0.413213, -0.702627, -0.579284, 0.027971, 0.720433, 0.641321, -0.263976, 0.024616, 0.556984, -0.308257, 0.771198, 0.233565, 0.000000, 0.000000, 0.000000, 1.000000, 0.556858, -0.308367, 0.771245, 0.255561, -0.413214, 0.702628, 0.579283, -0.027972, -0.720530, -0.641267, 0.263842, 0.175417, 0.000000, 0.000000, 0.000000, 1.000000, -0.003932, 0.099329, -0.995047, 0.142323, -0.998761, -0.049753, -0.001020, -0.015357, -0.049608, 0.993810, 0.099402, 0.023895, 0.000000, 0.000000, 0.000000, 1.000000
-29.8451, 27.9608, 24.5967, 233.5535, 255.5491, -27.9612, 175.4362, 142.3164, -15.3739, 23.8947, 0.413364, -0.702629, -0.579175, 0.027961, 0.720528, 0.641306, -0.263754, 0.024597, 0.556749, -0.308285, 0.771356, 0.233553, 0.000000, 0.000000, 0.000000, 1.000000, 0.556624, -0.308395, 0.771403, 0.255549, -0.413365, 0.702629, 0.579173, -0.027961, -0.720625, -0.641252, 0.263620, 0.175436, 0.000000, 0.000000, 0.000000, 1.000000, -0.003932, 0.099331, -0.995047, 0.142316, -0.998761, -0.049756, -0.001020, -0.015374, -0.049611, 0.993810, 0.099403, 0.023895, 0.000000, 0.000000, 0.000000, 1.000000
-29.8365, 27.9554, 24.5868, 233.5475, 255.5432, -27.9557, 175.4462, 142.3128, -15.3824, 23.8946, 0.413441, -0.702630, -0.579118, 0.027955, 0.720577, 0.641298, -0.263640, 0.024587, 0.556628, -0.308300, 0.771438, 0.233548, 0.000000, 0.000000, 0.000000, 1.000000, 0.556503, -0.308410, 0.771484, 0.255543, -0.413442, 0.702630, 0.579117, -0.027956, -0.720674, -0.641244, 0.263506, 0.175446, 0.000000, 0.000000, 0.000000, 1.000000, -0.003932, 0.099332, -0.995047, 0.142313, -0.998761, -0.049758, -0.001020, -0.015382, -0.049613, 0.993810, 0.099404, 0.023895, 0.000000, 0.000000, 0.000000, 1.000000
-29.8187, 27.9441, 24.5662, 233.5353, 255.5310, -27.9445, 175.4668, 142.3054, -15.3999, 23.8945, 0.413601, -0.702631, -0.579003, 0.027944, 0.720677, 0.641282, -0.263405, 0.024566, 0.556380, -0.308330, 0.771605, 0.233535, 0.000000, 0.000000, 0.000000, 1.000000, 0.556255, -0.308440, 0.771651, 0.255531, -0.413601, 0.702632, 0.579001, -0.027944, -0.720774, -0.641228, 0.263271, 0.175467, 0.000000, 0.000000, 0.000000, 1.000000, -0.003932, 0.099334, -0.995046, 0.142305, -0.998761, -0.049761, -0.001021, -0.015400, -0.049616, 0.993809, 0.099406, 0.023895, 0.000000, 0.000000, 0.000000, 1.000000
-29.8095, 27.9384, 24.5557, 233.5290, 255.5247, -27.9387, 175.4774, 142.3017, -15.4088, 23.8944, 0.413682, -0.702632, -0.578943, 0.027938, 0.720728, 0.641274, -0.263285, 0.024556, 0.556253, -0.308345, 0.771690, 0.233529, 0.000000, 0.000000, 0.000000, 1.000000, 0.556128, -0.308455, 0.771737, 0.255525, -0.413683, 0.702633, 0.578942, -0.027939, -0.720825, -0.641220, 0.263151, 0.175477, 0.000000, 0.000000, 0.000000, 1.000000, -0.003932, 0.099335, -0.995046, 0.142302, -0.998761, -0.049763, -0.001021, -0.015409, -0.049618, 0.993809, 0.099407, 0.023894, 0.000000, 0.000000, 0.000000, 1.000000
-29.7910, 27.9266, 24.5341, 233.5162, 255.5119, -27.9270, 175.4990, 142.2940, -15.4270, 23.8943, 0.413848, -0.702634, -0.578823, 0.027927, 0.720833, 0.641257, -0.263040, 0.024534, 0.555994, -0.308376, 0.771864, 0.233516, 0.000000, 0.000000, 0.000000, 1.000000, 0.555869, -0.308485, 0.771911, 0.255512, -0.413849, 0.702634, 0.578821, -0.027927, -0.720929, -0.641204, 0.262906, 0.175499, 0.000000, 0.000000, 0.000000, 1.000000, -0.003933, 0.099337, -0.995046, 0.142294, -0.998760, -0.049766, -0.001021, -0.015427, -0.049621, 0.993809, 0.099409, 0.023894, 0.000000, 0.000000, 0.000000, 1.000000
-29.7815, 27.9206, 24.5232, 233.5097, 255.5054, -27.9210, 175.5100, 142.2901, -15.4363, 23.8942, 0.413933, -0.702635, -0.578761, 0.027921, 0.720886, 0.641248, -0.262915, 0.024523, 0.555863, -0.308391, 0.771953, 0.233510, 0.000000, 0.000000, 0.000000, 1.000000, 0.555738, -0.308501, 0.771999, 0.255505, -0.413934, 0.702635, 0.578760, -0.027921, -0.720982, -0.641195, 0.262782, 0.175510, 0.000000, 0.000000, 0.000000, 1.000000, -0.003933, 0.099338, -0.995046, 0.142290, -0.998760, -0.049768, -0.001021, -0.015436, -0.049623, 0.993808, 0.099410, 0.023894, 0.000000, 0.000000, 0.000000, 1.000000
-29.7623, 27.9085, 24.5008, 233.4964, 255.4922, -27.9088, 175.5323, 142.2822, -15.4550, 23.8941, 0.414104, -0.702636, -0.578636, 0.027908, 0.720993, 0.641231, -0.262663, 0.024501, 0.555596, -0.308423, 0.772132, 0.233496, 0.000000, 0.000000, 0.000000, 1.000000, 0.555471, -0.308532, 0.772179, 0.255492, -0.414105, 0.702637, 0.578635, -0.027909, -0.721089, -0.641178, 0.262529, 0.175532, 0.000000, 0.000000, 0.000000, 1.000000, -0.003933, 0.099340, -0.995046, 0.142282, -0.998760, -0.049772, -0.001022, -0.015455, -0.049627, 0.993808, 0.099412, 0.023894, 0.000000, 0.000000, 0.000000, 1.000000
-29.7429, 27.8961, 24.4781, 233.4830, 255.4787, -27.8965, 175.5551, 142.2742, -15.4740, 23.8939, 0.414278, -0.702638, -0.578510, 0.027896, 0.721102, 0.641214, -0.262406, 0.024478, 0.555325, -0.308455, 0.772314, 0.233483, 0.000000, 0.000000, 0.000000, 1.000000, 0.555200, -0.308564, 0.772360, 0.255479, -0.414279, 0.702639, 0.578508, -0.027897, -0.721197, -0.641161, 0.262273, 0.175555, 0.000000, 0.000000, 0.000000, 1.000000, -0.003933, 0.099342, -0.995046, 0.142274, -0.998760, -0.049775, -0.001022, -0.015474, -0.049630, 0.993808, 0.099414, 0.023894, 0.000000, 0.000000, 0.000000, 1.000000
-29.7331, 27.8899, 24.4667, 233.4762, 255.4719, -27.8903, 175.5666, 142.2701, -15.4836, 23.8938, 0.414366, -0.702639, -0.578446, 0.027890, 0.721156, 0.641205, -0.262277, 0.024467, 0.555189, -0.308471, 0.772406, 0.233476, 0.000000, 0.000000, 0.000000, 1.000000, 0.555064, -0.308580, 0.772452, 0.255472, -0.414367, 0.702640, 0.578445, -0.027890, -0.721252, -0.641152, 0.262144, 0.175567, 0.000000, 0.000000, 0.000000, 1.000000, -0.003933, 0.099343, -0.995046, 0.142270, -0.998760, -0.049777, -0.001022, -0.015484, -0.049632, 0.993807, 0.099415, 0.023894, 0.000000, 0.000000, 0.000000, 1.000000
-29.7134, 27.8774, 24.4435, 233.4625, 255.4582, -27.8778, 175.5898, 142.2620, -15.5029, 23.8937, 0.414542, -0.702641, -0.578317, 0.027877, 0.721266, 0.641188, -0.262018, 0.024444, 0.554914, -0.308504, 0.772590, 0.233462, 0.000000, 0.000000, 0.000000, 1.000000, 0.554790, -0.308613, 0.772636, 0.255458, -0.414543, 0.702641, 0.578316, -0.027878, -0.721362, -0.641135, 0.261885, 0.175590, 0.000000, 0.000000, 0.000000, 1.000000, -0.003933, 0.099345, -0.995045, 0.142262, -0.998760, -0.049781, -0.001022, -0.015503, -0.049636, 0.993807, 0.099417, 0.023894, 0.000000, 0.000000, 0.000000, 1.000000
-29.7034, 27.8711, 24.4319, 233.4556, 255.4514, -27.8715, 175.6014, 142.2579, -15.5125, 23.8936, 0.414630, -0.702642, -0.578253, 0.027871, 0.721322, 0.641179, -0.261887, 0.024432, 0.554776, -0.308520, 0.772683, 0.233456, 0.000000, 0.000000, 0.000000, 1.000000, 0.554652, -0.308629, 0.772729, 0.255451, -0.414631, 0.702642, 0.578251, -0.027871, -0.721417, -0.641126, 0.261755, 0.175601, 0.000000, 0.000000, 0.000000, 1.000000, -0.003933, 0.099346, -0.995045, 0.142258, -0.998760, -0.049782, -0.001023, -0.015513, -0.049637, 0.993807, 0.099418, 0.023894, 0.000000, 0.000000, 0.000000, 1.000000
-29.6737, 27.8522, 24.3969, 233.4349, 255.4307, -27.8525, 175.6365, 142.2456, -15.5416, 23.8934, 0.414896, -0.702644, -0.578059, 0.027852, 0.721487, 0.641152, -0.261496, 0.024397, 0.554362, -0.308568, 0.772961, 0.233435, 0.000000, 0.000000, 0.000000, 1.000000, 0.554238, -0.308677, 0.773006, 0.255431, -0.414897, 0.702645, 0.578057, -0.027853, -0.721582, -0.641100, 0.261364, 0.175637, 0.000000, 0.000000, 0.000000, 1.000000, -0.003933, 0.099349, -0.995045, 0.142246, -0.998759, -0.049788, -0.001023, -0.015542, -0.049643, 0.993806, 0.099421, 0.023893, 0.000000, 0.000000, 0.000000, 1.000000
-29.6540, 27.8396, 24.3737, 233.4212, 255.4170, -27.8400, 175.6599, 142.2375, -15.5608, 23.8932, 0.415072, -0.702646, -0.577930, 0.027840, 0.721596, 0.641135, -0.261237, 0.024374, 0.554088, -0.308600, 0.773144, 0.233421, 0.000000, 0.000000, 0.000000, 1.000000, 0.553964, -0.308709, 0.773190, 0.255417, -0.415073, 0.702647, 0.577929, -0.027840, -0.721691, -0.641082, 0.261104, 0.175660, 0.000000, 0.000000, 0.000000, 1.000000, -0.003933, 0.099351, -0.995045, 0.142237, -0.998759, -0.049792, -0.001023, -0.015561, -0.049647, 0.993806, 0.099423, 0.023893, 0.000000, 0.000000, 0.000000, 1.000000
-29.6343, 27.8275, 24.3536, 233.4089, 255.4047, -27.8279, 175.6799, 142.2291, -15.5806, 23.8930, 0.415247, -0.702649, -0.577801, 0.027828, 0.721711, 0.641114, -0.260972, 0.024354, 0.553808, -0.308638, 0.773330, 0.233409, 0.000000, 0.000000, 0.000000, 1.000000, 0.553684, -0.308746, 0.773376, 0.255405, -0.415248, 0.702650, 0.577800, -0.027828, -0.721806, -0.641061, 0.260840, 0.175680, 0.000000, 0.000000, 0.000000, 1.000000, -0.003933, 0.099353, -0.995044, 0.142229, -0.998759, -0.049795, -0.001024, -0.015581, -0.049650, 0.993806, 0.099426, 0.023893, 0.000000, 0.000000, 0.000000, 1.000000
-29.6246, 27.8217, 24.3451, 233.4034, 255.3992, -27.8221, 175.6885, 142.2248, -15.5907, 23.8930, 0.415333, -0.702651, -0.577736, 0.027822, 0.721771, 0.641101, -0.260837, 0.024345, 0.553665, -0.308659, 0.773424, 0.233403, 0.000000, 0.000000, 0.000000, 1.000000, 0.553541, -0.308767, 0.773470, 0.255399, -0.415334, 0.702652, 0.577735, -0.027822, -0.721866, -0.641048, 0.260705, 0.175688, 0.000000, 0.000000, 0.000000, 1.000000, -0.003933, 0.099354, -0.995044, 0.142225, -0.998759, -0.049797, -0.001024, -0.015591, -0.049652, 0.993805, 0.099427, 0.023893, 0.000000, 0.000000, 0.000000, 1.000000
-29.6051, 27.8101, 24.3276, 233.3924, 255.3882, -27.8105, 175.7059, 142.2164, -15.6108, 23.8928, 0.415505, -0.702656, -0.577608, 0.027810, 0.721889, 0.641077, -0.260570, 0.024328, 0.553382, -0.308701, 0.773610, 0.233392, 0.000000, 0.000000, 0.000000, 1.000000, 0.553258, -0.308809, 0.773655, 0.255388, -0.415506, 0.702656, 0.577607, -0.027811, -0.721984, -0.641024, 0.260438, 0.175706, 0.000000, 0.000000, 0.000000, 1.000000, -0.003933, 0.099356, -0.995044, 0.142216, -0.998759, -0.049801, -0.001024, -0.015611, -0.049656, 0.993805, 0.099429, 0.023893, 0.000000, 0.000000, 0.000000, 1.000000
-29.5859, 27.7986, 24.3098, 233.3812, 255.3770, -27.7989, 175.7237, 142.2080, -15.6306, 23.8927, 0.415675, -0.702659, -0.577481, 0.027799, 0.722005, 0.641053, -0.260308, 0.024310, 0.553103, -0.308741, 0.773793, 0.233381, 0.000000, 0.000000, 0.000000, 1.000000, 0.552979, -0.308849, 0.773839, 0.255377, -0.415676, 0.702660, 0.577480, -0.027799, -0.722100, -0.641000, 0.260175, 0.175724, 0.000000, 0.000000, 0.000000, 1.000000, -0.003934, 0.099358, -0.995044, 0.142208, -0.998758, -0.049804, -0.001025, -0.015631, -0.049659, 0.993805, 0.099431, 0.023893, 0.000000, 0.000000, 0.000000, 1.000000
-29.5763, 27.7928, 24.3007, 233.3756, 255.3714, -27.7932, 175.7328, 142.2039, -15.6403, 23.8926, 0.415759, -0.702661, -0.577418, 0.027793, 0.722062, 0.641042, -0.260178, 0.024301, 0.552966, -0.308760, 0.773884, 0.233376, 0.000000, 0.000000, 0.000000, 1.000000, 0.552841, -0.308869, 0.773929, 0.255371, -0.415760, 0.702662, 0.577417, -0.027793, -0.722156, -0.640989, 0.260045, 0.175733, 0.000000, 0.000000, 0.000000, 1.000000, -0.003934, 0.099359, -0.995044, 0.142204, -0.998758, -0.049806, -0.001025, -0.015640, -0.049661, 0.993804, 0.099432, 0.023893, 0.000000, 0.000000, 0.000000, 1.000000
-29.5574, 27.7813, 24.2822, 233.3642, 255.3600, -27.7817, 175.7513, 142.1958, -15.6595, 23.8925, 0.415926, -0.702665, -0.577293, 0.027781, 0.722174, 0.641020, -0.259921, 0.024282, 0.552694, -0.308798, 0.774063, 0.233364, 0.000000, 0.000000, 0.000000, 1.000000, 0.552570, -0.308906, 0.774108, 0.255360, -0.415927, 0.702665, 0.577292, -0.027782, -0.722268, -0.640967, 0.259789, 0.175751, 0.000000, 0.000000, 0.000000, 1.000000, -0.003934, 0.099361, -0.995044, 0.142196, -0.998758, -0.049809, -0.001026, -0.015660, -0.049664, 0.993804, 0.099434, 0.023892, 0.000000, 0.000000, 0.000000, 1.000000
-29.5481, 27.7756, 24.2728, 233.3585, 255.3543, -27.7759, 175.7607, 142.1918, -15.6690, 23.8924, 0.416009, -0.702666, -0.577232, 0.027776, 0.722228, 0.641009, -0.259795, 0.024273, 0.552560, -0.308816, 0.774151, 0.233359, 0.000000, 0.000000, 0.000000, 1.000000, 0.552436, -0.308925, 0.774197, 0.255354, -0.416010, 0.702667, 0.577230, -0.027776, -0.722323, -0.640956, 0.259662, 0.175761, 0.000000, 0.000000, 0.000000, 1.000000, -0.003934, 0.099362, -0.995044, 0.142192, -0.998758, -0.049811, -0.001026, -0.015669, -0.049666, 0.993804, 0.099435, 0.023892, 0.000000, 0.000000, 0.000000, 1.000000
-29.5296, 27.7642, 24.2537, 233.3470, 255.3428, -27.7645, 175.7797, 142.1839, -15.6876, 23.8922, 0.416173, -0.702669, -0.577110, 0.027764, 0.722336, 0.640989, -0.259546, 0.024254, 0.552296, -0.308851, 0.774326, 0.233347, 0.000000, 0.000000, 0.000000, 1.000000, 0.552172, -0.308960, 0.774371, 0.255343, -0.416174, 0.702670, 0.577109, -0.027765, -0.722431, -0.640936, 0.259413, 0.175780, 0.000000, 0.000000, 0.000000, 1.000000, -0.003934, 0.099364, -0.995043, 0.142184, -0.998758, -0.049815, -0.001026, -0.015688, -0.049670, 0.993803, 0.099437, 0.023892, 0.000000, 0.000000, 0.000000, 1.000000
-29.5114, 27.7528, 24.2344, 233.3354, 255.3312, -27.7532, 175.7991, 142.1761, -15.7058, 23.8921, 0.416334, -0.702672, -0.576990, 0.027753, 0.722441, 0.640970, -0.259302, 0.024234, 0.552037, -0.308885, 0.774497, 0.233335, 0.000000, 0.000000, 0.000000, 1.000000, 0.551913, -0.308993, 0.774542, 0.255331, -0.416335, 0.702673, 0.576989, -0.027753, -0.722535, -0.640917, 0.259169, 0.175799, 0.000000, 0.000000, 0.000000, 1.000000, -0.003934, 0.099366, -0.995043, 0.142176, -0.998758, -0.049818, -0.001026, -0.015706, -0.049673, 0.993803, 0.099438, 0.023892, 0.000000, 0.000000, 0.000000, 1.000000
-29.5024, 27.7472, 24.2246, 233.3296, 255.3254, -27.7476, 175.8089, 142.1723, -15.7147, 23.8920, 0.416414, -0.702673, -0.576931, 0.027747, 0.722492, 0.640960, -0.259182, 0.024225, 0.551910, -0.308901, 0.774581, 0.233330, 0.000000, 0.000000, 0.000000, 1.000000, 0.551786, -0.309010, 0.774626, 0.255325, -0.416415, 0.702674, 0.576930, -0.027748, -0.722586, -0.640907, 0.259049, 0.175809, 0.000000, 0.000000, 0.000000, 1.000000, -0.003934, 0.099367, -0.995043, 0.142172, -0.998758, -0.049820, -0.001027, -0.015715, -0.049675, 0.993803, 0.099439, 0.023892, 0.000000, 0.000000, 0.000000, 1.000000
-29.4846, 27.7360, 24.2047, 233.3178, 255.3137, -27.7364, 175.8287, 142.1649, -15.7323, 23.8918, 0.416572, -0.702676, -0.576814, 0.027736, 0.722592, 0.640943, -0.258945, 0.024205, 0.551659, -0.308932, 0.774747, 0.233318, 0.000000, 0.000000, 0.000000, 1.000000, 0.551535, -0.309041, 0.774792, 0.255314, -0.416573, 0.702676, 0.576813, -0.027736, -0.722687, -0.640890, 0.258813, 0.175829, 0.000000, 0.000000, 0.000000, 1.000000, -0.003934, 0.099369, -0.995043, 0.142165, -0.998758, -0.049823, -0.001027, -0.015732, -0.049678, 0.993803, 0.099441, 0.023892, 0.000000, 0.000000, 0.000000, 1.000000
-29.4758, 27.7305, 24.1947, 233.3120, 255.3078, -27.7309, 175.8387, 142.1612, -15.7409, 23.8918, 0.416650, -0.702677, -0.576756, 0.027730, 0.722641, 0.640934, -0.258829, 0.024195, 0.551536, -0.308947, 0.774829, 0.233312, 0.000000, 0.000000, 0.000000, 1.000000, 0.551412, -0.309056, 0.774874, 0.255308, -0.416651, 0.702677, 0.576755, -0.027731, -0.722736, -0.640881, 0.258696, 0.175839, 0.000000, 0.000000, 0.000000, 1.000000, -0.003934, 0.099370, -0.995043, 0.142161, -0.998757, -0.049824, -0.001027, -0.015741, -0.049680, 0.993802, 0.099442, 0.023892, 0.000000, 0.000000, 0.000000, 1.000000
-29.4584, 27.7195, 24.1746, 233.3002, 255.2960, -27.7198, 175.8589, 142.1539, -15.7579, 23.8916, 0.416804, -0.702679, -0.576642, 0.027719, 0.722738, 0.640918, -0.258600, 0.024175, 0.551293, -0.308976, 0.774990, 0.233300, 0.000000, 0.000000, 0.000000, 1.000000, 0.551169, -0.309084, 0.775035, 0.255296, -0.416805, 0.702680, 0.576641, -0.027720, -0.722832, -0.640865, 0.258467, 0.175859, 0.000000, 0.000000, 0.000000, 1.000000, -0.003934, 0.099371, -0.995043, 0.142154, -0.998757, -0.049828, -0.001028, -0.015758, -0.049683, 0.993802, 0.099444, 0.023892, 0.000000, 0.000000, 0.000000, 1.000000
-29.4498, 27.7140, 24.1644, 233.2942, 255.2901, -27.7144, 175.8691, 142.1503, -15.7662, 23.8915, 0.416880, -0.702680, -0.576586, 0.027714, 0.722785, 0.640911, -0.258487, 0.024164, 0.551174, -0.308990, 0.775069, 0.233294, 0.000000, 0.000000, 0.000000, 1.000000, 0.551049, -0.309098, 0.775115, 0.255290, -0.416881, 0.702680, 0.576585, -0.027714, -0.722879, -0.640858, 0.258354, 0.175869, 0.000000, 0.000000, 0.000000, 1.000000, -0.003934, 0.099372, -0.995043, 0.142150, -0.998757, -0.049829, -0.001028, -0.015766, -0.049684, 0.993802, 0.099445, 0.023892, 0.000000, 0.000000, 0.000000, 1.000000
-29.4413, 27.7086, 24.1542, 233.2883, 255.2841, -27.7089, 175.8793, 142.1468, -15.7744, 23.8915, 0.416956, -0.702681, -0.576531, 0.027709, 0.722831, 0.640903, -0.258376, 0.024154, 0.551056, -0.309003, 0.775148, 0.233288, 0.000000, 0.000000, 0.000000, 1.000000, 0.550931, -0.309112, 0.775193, 0.255284, -0.416957, 0.702681, 0.576529, -0.027709, -0.722926, -0.640850, 0.258243, 0.175879, 0.000000, 0.000000, 0.000000, 1.000000, -0.003934, 0.099373, -0.995042, 0.142147, -0.998757, -0.049831, -0.001028, -0.015774, -0.049686, 0.993802, 0.099446, 0.023891, 0.000000, 0.000000, 0.000000, 1.000000
-29.4245, 27.6977, 24.1337, 233.2765, 255.2723, -27.6981, 175.8998, 142.1399, -15.7907, 23.8913, 0.417105, -0.702682, -0.576420, 0.027698, 0.722923, 0.640889, -0.258156, 0.024134, 0.550823, -0.309029, 0.775303, 0.233276, 0.000000, 0.000000, 0.000000, 1.000000, 0.550698, -0.309138, 0.775348, 0.255272, -0.417106, 0.702683, 0.576419, -0.027698, -0.723017, -0.640836, 0.258023, 0.175900, 0.000000, 0.000000, 0.000000, 1.000000, -0.003934, 0.099375, -0.995042, 0.142140, -0.998757, -0.049834, -0.001028, -0.015791, -0.049689, 0.993801, 0.099447, 0.023891, 0.000000, 0.000000, 0.000000, 1.000000
-29.4080, 27.6870, 24.1130, 233.2646, 255.2604, -27.6874, 175.9205, 142.1330, -15.8065, 23.8911, 0.417253, -0.702684, -0.576312, 0.027687, 0.723012, 0.640875, -0.257940, 0.024113, 0.550594, -0.309054, 0.775456, 0.233265, 0.000000, 0.000000, 0.000000, 1.000000, 0.550470, -0.309163, 0.775501, 0.255260, -0.417254, 0.702684, 0.576311, -0.027687, -0.723106, -0.640822, 0.257807, 0.175920, 0.000000, 0.000000, 0.000000, 1.000000, -0.003934, 0.099377, -0.995042, 0.142133, -0.998757, -0.049837, -0.001029, -0.015807, -0.049692, 0.993801, 0.099449, 0.023891, 0.000000, 0.000000, 0.000000, 1.000000
-29.3998, 27.6817, 24.1027, 233.2587, 255.2545, -27.6821, 175.9308, 142.1297, -15.8144, 23.8911, 0.417326, -0.702684, -0.576259, 0.027682, 0.723055, 0.640869, -0.257834, 0.024103, 0.550482, -0.309066, 0.775531, 0.233259, 0.000000, 0.000000, 0.000000, 1.000000, 0.550357, -0.309175, 0.775576, 0.255254, -0.417327, 0.702685, 0.576257, -0.027682, -0.723150, -0.640816, 0.257701, 0.175931, 0.000000, 0.000000, 0.000000, 1.000000, -0.003934, 0.099378, -0.995042, 0.142130, -0.998757, -0.049838, -0.001029, -0.015814, -0.049694, 0.993801, 0.099450, 0.023891, 0.000000, 0.000000, 0.000000, 1.000000
-29.3756, 27.6659, 24.0715, 233.2409, 255.2367, -27.6662, 175.9620, 142.1198, -15.8374, 23.8908, 0.417542, -0.702686, -0.576100, 0.027666, 0.723184, 0.640850, -0.257520, 0.024072, 0.550149, -0.309101, 0.775753, 0.233241, 0.000000, 0.000000, 0.000000, 1.000000, 0.550025, -0.309210, 0.775798, 0.255237, -0.417543, 0.702686, 0.576099, -0.027666, -0.723278, -0.640797, 0.257387, 0.175962, 0.000000, 0.000000, 0.000000, 1.000000, -0.003934, 0.099380, -0.995042, 0.142120, -0.998757, -0.049843, -0.001029, -0.015837, -0.049698, 0.993800, 0.099453, 0.023891, 0.000000, 0.000000, 0.000000, 1.000000
-29.3598, 27.6555, 24.0508, 233.2291, 255.2249, -27.6558, 175.9828, 142.1133, -15.8523, 23.8907, 0.417683, -0.702687, -0.575997, 0.027655, 0.723267, 0.640839, -0.257315, 0.024051, 0.549933, -0.309123, 0.775897, 0.233229, 0.000000, 0.000000, 0.000000, 1.000000, 0.549809, -0.309231, 0.775942, 0.255225, -0.417684, 0.702687, 0.575995, -0.027656, -0.723361, -0.640786, 0.257183, 0.175983, 0.000000, 0.000000, 0.000000, 1.000000, -0.003934, 0.099382, -0.995042, 0.142113, -0.998756, -0.049846, -0.001029, -0.015852, -0.049701, 0.993800, 0.099454, 0.023891, 0.000000, 0.000000, 0.000000, 1.000000
-29.3519, 27.6508, 24.0436, 233.2246, 255.2204, -27.6511, 175.9899, 142.1099, -15.8604, 23.8906, 0.417752, -0.702689, -0.575945, 0.027651, 0.723313, 0.640829, -0.257208, 0.024044, 0.549819, -0.309139, 0.775971, 0.233225, 0.000000, 0.000000, 0.000000, 1.000000, 0.549695, -0.309248, 0.776016, 0.255220, -0.417753, 0.702689, 0.575943, -0.027651, -0.723407, -0.640776, 0.257075, 0.175990, 0.000000, 0.000000, 0.000000, 1.000000, -0.003934, 0.099382, -0.995042, 0.142110, -0.998756, -0.049847, -0.001030, -0.015860, -0.049702, 0.993800, 0.099455, 0.023891, 0.000000, 0.000000, 0.000000, 1.000000
-29.3442, 27.6461, 24.0363, 233.2201, 255.2159, -27.6465, 175.9972, 142.1065, -15.8683, 23.8906, 0.417820, -0.702690, -0.575893, 0.027646, 0.723359, 0.640820, -0.257102, 0.024036, 0.549707, -0.309155, 0.776045, 0.233220, 0.000000, 0.000000, 0.000000, 1.000000, 0.549582, -0.309264, 0.776090, 0.255216, -0.417821, 0.702691, 0.575892, -0.027646, -0.723453, -0.640767, 0.256969, 0.175997, 0.000000, 0.000000, 0.000000, 1.000000, -0.003934, 0.099383, -0.995041, 0.142106, -0.998756, -0.049849, -0.001030, -0.015868, -0.049704, 0.993800, 0.099456, 0.023891, 0.000000, 0.000000, 0.000000, 1.000000
-29.3289, 27.6368, 24.0214, 233.2110, 255.2068, -27.6371, 176.0120, 142.0998, -15.8838, 23.8904, 0.417955, -0.702693, -0.575792, 0.027637, 0.723449, 0.640802, -0.256895, 0.024021, 0.549486, -0.309186, 0.776189, 0.233211, 0.000000, 0.000000, 0.000000, 1.000000, 0.549361, -0.309295, 0.776234, 0.255207, -0.417956, 0.702694, 0.575791, -0.027637, -0.723543, -0.640749, 0.256761, 0.176012, 0.000000, 0.000000, 0.000000, 1.000000, -0.003934, 0.099385, -0.995041, 0.142100, -0.998756, -0.049852, -0.001030, -0.015884, -0.049707, 0.993800, 0.099457, 0.023890, 0.000000, 0.000000, 0.000000, 1.000000
-29.3138, 27.6275, 24.0060, 233.2018, 255.1976, -27.6278, 176.0274, 142.0933, -15.8990, 23.8903, 0.418088, -0.702696, -0.575692, 0.027627, 0.723536, 0.640785, -0.256691, 0.024006, 0.549270, -0.309215, 0.776330, 0.233202, 0.000000, 0.000000, 0.000000, 1.000000, 0.549145, -0.309324, 0.776375, 0.255198, -0.418089, 0.702696, 0.575691, -0.027628, -0.723631, -0.640732, 0.256558, 0.176027, 0.000000, 0.000000, 0.000000, 1.000000, -0.003934, 0.099386, -0.995041, 0.142093, -0.998756, -0.049854, -0.001030, -0.015899, -0.049710, 0.993799, 0.099459, 0.023890, 0.000000, 0.000000, 0.000000, 1.000000
