# Joint_B_Angle(deg), Cam_X(mm), Cam_Y(mm), Cam_Z(mm), Torso_X(mm), Torso_Y(mm), Torso_Z(mm), EE_X(mm), EE_Y(mm), EE_Z(mm), T_cam2marker_flat(16), T_torso2marker_flat(16), T_ee2marker_flat(16)
-10.0001, 19.2758, -1.1015, 128.0663, 197.0693, -10.2759, 258.1660, 89.3588, 6.9091, -16.6360, 0.583753, -0.805726, -0.100190, 0.019276, 0.811501, 0.583002, 0.039691, -0.001102, 0.026431, -0.104474, 0.994176, 0.128066, 0.000000, 0.000000, 0.000000, 1.000000, 0.026389, -0.104504, 0.994174, 0.197069, -0.583753, 0.805726, 0.100190, -0.010276, -0.811502, -0.582997, -0.039742, 0.258166, 0.000000, 0.000000, 0.000000, 1.000000, 0.045831, 0.058973, -0.997207, 0.089359, -0.996541, -0.066571, -0.049737, 0.006909, -0.069318, 0.996037, 0.055718, -0.016636, 0.000000, 0.000000, 0.000000, 1.000000
-10.0001, 19.2760, -1.1001, 128.0670, 197.0700, -10.2761, 258.1646, 89.3588, 6.9091, -16.6360, 0.583752, -0.805727, -0.100189, 0.019276, 0.811502, 0.583000, 0.039696, -0.001100, 0.026426, -0.104476, 0.994176, 0.128067, 0.000000, 0.000000, 0.000000, 1.000000, 0.026384, -0.104505, 0.994174, 0.197070, -0.583752, 0.805727, 0.100188, -0.010276, -0.811503, -0.582995, -0.039747, 0.258165, 0.000000, 0.000000, 0.000000, 1.000000, 0.045831, 0.058973, -0.997207, 0.089359, -0.996541, -0.066571, -0.049737, 0.006909, -0.069318, 0.996037, 0.055718, -0.016636, 0.000000, 0.000000, 0.000000, 1.000000
-10.0001, 19.2765, -1.0967, 128.0687, 197.0717, -10.2767, 258.1611, 89.3589, 6.9091, -16.6361, 0.583749, -0.805729, -0.100185, 0.019277, 0.811504, 0.582996, 0.039706, -0.001097, 0.026415, -0.104480, 0.994176, 0.128069, 0.000000, 0.000000, 0.000000, 1.000000, 0.026373, -0.104509, 0.994174, 0.197072, -0.583749, 0.805729, 0.100185, -0.010277, -0.811505, -0.582991, -0.039758, 0.258161, 0.000000, 0.000000, 0.000000, 1.000000, 0.045831, 0.058973, -0.997207, 0.089359, -0.996541, -0.066571, -0.049737, 0.006909, -0.069319, 0.996037, 0.055718, -0.016636, 0.000000, 0.000000, 0.000000, 1.000000
-10.0001, 19.2767, -1.0957, 128.0692, 197.0722, -10.2768, 258.1601, 89.3589, 6.9091, -16.6361, 0.583749, -0.805730, -0.100184, 0.019277, 0.811505, 0.582995, 0.039709, -0.001096, 0.026412, -0.104480, 0.994176, 0.128069, 0.000000, 0.000000, 0.000000, 1.000000, 0.026370, -0.104510, 0.994174, 0.197072, -0.583749, 0.805730, 0.100184, -0.010277, -0.811506, -0.582990, -0.039761, 0.258160, 0.000000, 0.000000, 0.000000, 1.000000, 0.045831, 0.058973, -0.997207, 0.089359, -0.996541, -0.066571, -0.049737, 0.006909, -0.069319, 0.996037, 0.055718, -0.016636, 0.000000, 0.000000, 0.000000, 1.000000
-10.0001, 19.2769, -1.0942, 128.0698, 197.0729, -10.2770, 258.1586, 89.3589, 6.9091, -16.6361, 0.583747, -0.805731, -0.100182, 0.019277, 0.811506, 0.582993, 0.039713, -0.001094, 0.026407, -0.104481, 0.994176, 0.128070, 0.000000, 0.000000, 0.000000, 1.000000, 0.026365, -0.104511, 0.994174, 0.197073, -0.583747, 0.805731, 0.100181, -0.010277, -0.811507, -0.582988, -0.039765, 0.258159, 0.000000, 0.000000, 0.000000, 1.000000, 0.045831, 0.058973, -0.997207, 0.089359, -0.996541, -0.066571, -0.049737, 0.006909, -0.069319, 0.996037, 0.055718, -0.016636, 0.000000, 0.000000, 0.000000, 1.000000
-10.0001, 19.2769, -1.0936, 128.0701, 197.0731, -10.2771, 258.1579, 89.3589, 6.9091, -16.6361, 0.583746, -0.805732, -0.100181, 0.019277, 0.811506, 0.582992, 0.039715, -0.001094, 0.026405, -0.104481, 0.994176, 0.128070, 0.000000, 0.000000, 0.000000, 1.000000, 0.026363, -0.104511, 0.994174, 0.197073, -0.583747, 0.805732, 0.100180, -0.010277, -0.811508, -0.582987, -0.039767, 0.258158, 0.000000, 0.000000, 0.000000, 1.000000, 0.045831, 0.058973, -0.997207, 0.089359, -0.996541, -0.066571, -0.049737, 0.006909, -0.069319, 0.996037, 0.055718, -0.016636, 0.000000, 0.000000, 0.000000, 1.000000
-10.0000, 19.2770, -1.0931, 128.0703, 197.0733, -10.2771, 258.1574, 89.3589, 6.9092, -16.6361, 0.583746, -0.805732, -0.100180, 0.019277, 0.811507, 0.582992, 0.039716, -0.001093, 0.026404, -0.104481, 0.994176, 0.128070, 0.000000, 0.000000, 0.000000, 1.000000, 0.026361, -0.104511, 0.994174, 0.197073, -0.583746, 0.805732, 0.100179, -0.010277, -0.811508, -0.582986, -0.039768, 0.258157, 0.000000, 0.000000, 0.000000, 1.000000, 0.045831, 0.058973, -0.997207, 0.089359, -0.996541, -0.066572, -0.049737, 0.006909, -0.069319, 0.996037, 0.055718, -0.016636, 0.000000, 0.000000, 0.000000, 1.000000
-10.0000, 19.2770, -1.0927, 128.0704, 197.0735, -10.2771, 258.1570, 89.3589, 6.9092, -16.6361, 0.583746, -0.805733, -0.100179, 0.019277, 0.811507, 0.582991, 0.039717, -0.001093, 0.026403, -0.104481, 0.994176, 0.128070, 0.000000, 0.000000, 0.000000, 1.000000, 0.026360, -0.104511, 0.994174, 0.197073, -0.583746, 0.805733, 0.100179, -0.010277, -0.811509, -0.582986, -0.039769, 0.258157, 0.000000, 0.000000, 0.000000, 1.000000, 0.045831, 0.058973, -0.997207, 0.089359, -0.996541, -0.066572, -0.049737, 0.006909, -0.069319, 0.996037, 0.055718, -0.016636, 0.000000, 0.000000, 0.000000, 1.000000
-9.9999, 19.2770, -1.0920, 128.0711, 197.0741, -10.2771, 258.1563, 89.3589, 6.9092, -16.6361, 0.583745, -0.805734, -0.100178, 0.019277, 0.811508, 0.582990, 0.039718, -0.001092, 0.026401, -0.104480, 0.994176, 0.128071, 0.000000, 0.000000, 0.000000, 1.000000, 0.026358, -0.104510, 0.994174, 0.197074, -0.583745, 0.805734, 0.100177, -0.010277, -0.811509, -0.582984, -0.039770, 0.258156, 0.000000, 0.000000, 0.000000, 1.000000, 0.045831, 0.058973, -0.997207, 0.089359, -0.996541, -0.066572, -0.049737, 0.006909, -0.069319, 0.996037, 0.055718, -0.016636, 0.000000, 0.000000, 0.000000, 1.000000
-9.9998, 19.2769, -1.0921, 128.0720, 197.0750, -10.2770, 258.1564, 89.3589, 6.9092, -16.6361, 0.583744, -0.805734, -0.100179, 0.019277, 0.811508, 0.582990, 0.039717, -0.001092, 0.026401, -0.104481, 0.994176, 0.128072, 0.000000, 0.000000, 0.000000, 1.000000, 0.026359, -0.104511, 0.994174, 0.197075, -0.583744, 0.805734, 0.100178, -0.010277, -0.811510, -0.582984, -0.039769, 0.258156, 0.000000, 0.000000, 0.000000, 1.000000, 0.045831, 0.058973, -0.997207, 0.089359, -0.996541, -0.066572, -0.049737, 0.006909, -0.069319, 0.996037, 0.055718, -0.016636, 0.000000, 0.000000, 0.000000, 1.000000
-9.9996, 19.2769, -1.0923, 128.0727, 197.0757, -10.2770, 258.1566, 89.3589, 6.9091, -16.6361, 0.583744, -0.805734, -0.100180, 0.019277, 0.811508, 0.582990, 0.039717, -0.001092, 0.026402, -0.104481, 0.994176, 0.128073, 0.000000, 0.000000, 0.000000, 1.000000, 0.026359, -0.104511, 0.994174, 0.197076, -0.583744, 0.805734, 0.100179, -0.010277, -0.811510, -0.582984, -0.039769, 0.258157, 0.000000, 0.000000, 0.000000, 1.000000, 0.045831, 0.058973, -0.997207, 0.089359, -0.996541, -0.066572, -0.049737, 0.006909, -0.069319, 0.996037, 0.055718, -0.016636, 0.000000, 0.000000, 0.000000, 1.000000
-9.9993, 19.2767, -1.0930, 128.0747, 197.0778, -10.2769, 258.1572, 89.3589, 6.9091, -16.6361, 0.583744, -0.805733, -0.100183, 0.019277, 0.811508, 0.582990, 0.039717, -0.001093, 0.026404, -0.104484, 0.994176, 0.128075, 0.000000, 0.000000, 0.000000, 1.000000, 0.026361, -0.104514, 0.994174, 0.197078, -0.583744, 0.805733, 0.100182, -0.010277, -0.811509, -0.582984, -0.039769, 0.258157, 0.000000, 0.000000, 0.000000, 1.000000, 0.045831, 0.058973, -0.997207, 0.089359, -0.996541, -0.066572, -0.049737, 0.006909, -0.069319, 0.996037, 0.055718, -0.016636, 0.000000, 0.000000, 0.000000, 1.000000
-9.9991, 19.2767, -1.0934, 128.0762, 197.0792, -10.2768, 258.1577, 89.3589, 6.9090, -16.6361, 0.583745, -0.805733, -0.100186, 0.019277, 0.811508, 0.582990, 0.039718, -0.001093, 0.026406, -0.104486, 0.994176, 0.128076, 0.000000, 0.000000, 0.000000, 1.000000, 0.026363, -0.104516, 0.994174, 0.197079, -0.583745, 0.805733, 0.100185, -0.010277, -0.811509, -0.582985, -0.039770, 0.258158, 0.000000, 0.000000, 0.000000, 1.000000, 0.045831, 0.058973, -0.997207, 0.089359, -0.996541, -0.066572, -0.049737, 0.006909, -0.069319, 0.996037, 0.055718, -0.016636, 0.000000, 0.000000, 0.000000, 1.000000
-9.9976, 19.2765, -1.0962, 128.0853, 197.0884, -10.2766, 258.1604, 89.3590, 6.9088, -16.6362, 0.583746, -0.805729, -0.100203, 0.019276, 0.811507, 0.582992, 0.039721, -0.001096, 0.026413, -0.104503, 0.994174, 0.128085, 0.000000, 0.000000, 0.000000, 1.000000, 0.026370, -0.104533, 0.994172, 0.197088, -0.583746, 0.805730, 0.100203, -0.010277, -0.811508, -0.582986, -0.039774, 0.258160, 0.000000, 0.000000, 0.000000, 1.000000, 0.045831, 0.058973, -0.997207, 0.089359, -0.996541, -0.066571, -0.049737, 0.006909, -0.069318, 0.996037, 0.055718, -0.016636, 0.000000, 0.000000, 0.000000, 1.000000
-9.9972, 19.2764, -1.0971, 128.0885, 197.0916, -10.2765, 258.1613, 89.3590, 6.9087, -16.6362, 0.583746, -0.805728, -0.100210, 0.019276, 0.811506, 0.582992, 0.039723, -0.001097, 0.026415, -0.104509, 0.994173, 0.128089, 0.000000, 0.000000, 0.000000, 1.000000, 0.026372, -0.104539, 0.994171, 0.197092, -0.583746, 0.805728, 0.100209, -0.010277, -0.811508, -0.582987, -0.039776, 0.258161, 0.000000, 0.000000, 0.000000, 1.000000, 0.045831, 0.058973, -0.997207, 0.089359, -0.996541, -0.066571, -0.049737, 0.006909, -0.069318, 0.996037, 0.055718, -0.016636, 0.000000, 0.000000, 0.000000, 1.000000
-9.9960, 19.2763, -1.0991, 128.0963, 197.0994, -10.2765, 258.1633, 89.3591, 6.9085, -16.6363, 0.583748, -0.805726, -0.100225, 0.019276, 0.811505, 0.582993, 0.039728, -0.001099, 0.026420, -0.104524, 0.994171, 0.128096, 0.000000, 0.000000, 0.000000, 1.000000, 0.026377, -0.104554, 0.994169, 0.197099, -0.583748, 0.805726, 0.100224, -0.010276, -0.811507, -0.582988, -0.039781, 0.258163, 0.000000, 0.000000, 0.000000, 1.000000, 0.045831, 0.058973, -0.997207, 0.089359, -0.996541, -0.066570, -0.049737, 0.006908, -0.069318, 0.996037, 0.055718, -0.016636, 0.000000, 0.000000, 0.000000, 1.000000
-9.9953, 19.2763, -1.1002, 128.1010, 197.1040, -10.2764, 258.1644, 89.3591, 6.9083, -16.6363, 0.583748, -0.805724, -0.100234, 0.019276, 0.811505, 0.582994, 0.039732, -0.001100, 0.026423, -0.104534, 0.994170, 0.128101, 0.000000, 0.000000, 0.000000, 1.000000, 0.026380, -0.104564, 0.994168, 0.197104, -0.583748, 0.805724, 0.100233, -0.010276, -0.811506, -0.582988, -0.039784, 0.258164, 0.000000, 0.000000, 0.000000, 1.000000, 0.045831, 0.058973, -0.997207, 0.089359, -0.996541, -0.066570, -0.049737, 0.006908, -0.069317, 0.996037, 0.055718, -0.016636, 0.000000, 0.000000, 0.000000, 1.000000
-9.9938, 19.2763, -1.1027, 128.1118, 197.1149, -10.2765, 258.1669, 89.3592, 6.9080, -16.6364, 0.583750, -0.805720, -0.100255, 0.019276, 0.811503, 0.582995, 0.039740, -0.001103, 0.026428, -0.104556, 0.994168, 0.128112, 0.000000, 0.000000, 0.000000, 1.000000, 0.026385, -0.104586, 0.994166, 0.197115, -0.583750, 0.805720, 0.100254, -0.010276, -0.811505, -0.582989, -0.039793, 0.258167, 0.000000, 0.000000, 0.000000, 1.000000, 0.045831, 0.058973, -0.997207, 0.089359, -0.996541, -0.066570, -0.049737, 0.006908, -0.069317, 0.996037, 0.055718, -0.016636, 0.000000, 0.000000, 0.000000, 1.000000
-9.9920, 19.2764, -1.1054, 128.1248, 197.1278, -10.2765, 258.1696, 89.3593, 6.9077, -16.6365, 0.583751, -0.805716, -0.100280, 0.019276, 0.811502, 0.582996, 0.039752, -0.001105, 0.026434, -0.104582, 0.994165, 0.128125, 0.000000, 0.000000, 0.000000, 1.000000, 0.026391, -0.104613, 0.994163, 0.197128, -0.583751, 0.805716, 0.100279, -0.010277, -0.811503, -0.582990, -0.039804, 0.258170, 0.000000, 0.000000, 0.000000, 1.000000, 0.045831, 0.058973, -0.997207, 0.089359, -0.996541, -0.066569, -0.049737, 0.006908, -0.069316, 0.996038, 0.055718, -0.016636, 0.000000, 0.000000, 0.000000, 1.000000
-9.9909, 19.2764, -1.1069, 128.1321, 197.1351, -10.2766, 258.1711, 89.3594, 6.9075, -16.6365, 0.583752, -0.805714, -0.100294, 0.019276, 0.811501, 0.582996, 0.039758, -0.001107, 0.026437, -0.104598, 0.994163, 0.128132, 0.000000, 0.000000, 0.000000, 1.000000, 0.026394, -0.104628, 0.994161, 0.197135, -0.583752, 0.805714, 0.100293, -0.010277, -0.811503, -0.582991, -0.039811, 0.258171, 0.000000, 0.000000, 0.000000, 1.000000, 0.045831, 0.058973, -0.997207, 0.089359, -0.996541, -0.066568, -0.049737, 0.006907, -0.069316, 0.996038, 0.055718, -0.016637, 0.000000, 0.000000, 0.000000, 1.000000
-9.9898, 19.2765, -1.1084, 128.1400, 197.1430, -10.2766, 258.1726, 89.3595, 6.9073, -16.6366, 0.583753, -0.805711, -0.100309, 0.019277, 0.811501, 0.582997, 0.039766, -0.001108, 0.026440, -0.104614, 0.994161, 0.128140, 0.000000, 0.000000, 0.000000, 1.000000, 0.026397, -0.104644, 0.994159, 0.197143, -0.583753, 0.805711, 0.100308, -0.010277, -0.811502, -0.582992, -0.039818, 0.258173, 0.000000, 0.000000, 0.000000, 1.000000, 0.045831, 0.058973, -0.997207, 0.089359, -0.996541, -0.066568, -0.049737, 0.006907, -0.069315, 0.996038, 0.055718, -0.016637, 0.000000, 0.000000, 0.000000, 1.000000
-9.9887, 19.2766, -1.1099, 128.1484, 197.1515, -10.2767, 258.1741, 89.3595, 6.9070, -16.6366, 0.583754, -0.805708, -0.100325, 0.019277, 0.811500, 0.582998, 0.039774, -0.001110, 0.026443, -0.104632, 0.994159, 0.128148, 0.000000, 0.000000, 0.000000, 1.000000, 0.026400, -0.104662, 0.994157, 0.197151, -0.583754, 0.805708, 0.100324, -0.010277, -0.811501, -0.582992, -0.039826, 0.258174, 0.000000, 0.000000, 0.000000, 1.000000, 0.045831, 0.058973, -0.997207, 0.089360, -0.996542, -0.066567, -0.049737, 0.006907, -0.069315, 0.996038, 0.055718, -0.016637, 0.000000, 0.000000, 0.000000, 1.000000
-9.9862, 19.2777, -1.1092, 128.1693, 197.1724, -10.2778, 258.1733, 89.3598, 6.9065, -16.6368, 0.583753, -0.805705, -0.100359, 0.019278, 0.811501, 0.582994, 0.039808, -0.001109, 0.026435, -0.104679, 0.994155, 0.128169, 0.000000, 0.000000, 0.000000, 1.000000, 0.026392, -0.104709, 0.994153, 0.197172, -0.583753, 0.805705, 0.100358, -0.010278, -0.811502, -0.582988, -0.039861, 0.258173, 0.000000, 0.000000, 0.000000, 1.000000, 0.045831, 0.058973, -0.997207, 0.089360, -0.996542, -0.066566, -0.049737, 0.006907, -0.069313, 0.996038, 0.055718, -0.016637, 0.000000, 0.000000, 0.000000, 1.000000
-9.9848, 19.2783, -1.1091, 128.1804, 197.1835, -10.2784, 258.1731, 89.3599, 6.9063, -16.6369, 0.583753, -0.805703, -0.100377, 0.019278, 0.811501, 0.582992, 0.039825, -0.001109, 0.026432, -0.104704, 0.994152, 0.128180, 0.000000, 0.000000, 0.000000, 1.000000, 0.026388, -0.104734, 0.994150, 0.197184, -0.583753, 0.805703, 0.100376, -0.010278, -0.811503, -0.582987, -0.039878, 0.258173, 0.000000, 0.000000, 0.000000, 1.000000, 0.045831, 0.058973, -0.997207, 0.089360, -0.996542, -0.066566, -0.049737, 0.006906, -0.069313, 0.996038, 0.055718, -0.016637, 0.000000, 0.000000, 0.000000, 1.000000
-9.9804, 19.2799, -1.1094, 128.2164, 197.2196, -10.2800, 258.1734, 89.3602, 6.9054, -16.6372, 0.583752, -0.805696, -0.100437, 0.019280, 0.811502, 0.582987, 0.039879, -0.001109, 0.026423, -0.104784, 0.994144, 0.128216, 0.000000, 0.000000, 0.000000, 1.000000, 0.026379, -0.104815, 0.994142, 0.197220, -0.583752, 0.805696, 0.100436, -0.010280, -0.811503, -0.582982, -0.039933, 0.258173, 0.000000, 0.000000, 0.000000, 1.000000, 0.045832, 0.058973, -0.997207, 0.089360, -0.996542, -0.066563, -0.049738, 0.006905, -0.069311, 0.996038, 0.055718, -0.016637, 0.000000, 0.000000, 0.000000, 1.000000
-9.9771, 19.2810, -1.1102, 128.2425, 197.2457, -10.2811, 258.1742, 89.3605, 6.9047, -16.6374, 0.583752, -0.805690, -0.100482, 0.019281, 0.811502, 0.582985, 0.039916, -0.001110, 0.026419, -0.104843, 0.994138, 0.128243, 0.000000, 0.000000, 0.000000, 1.000000, 0.026375, -0.104874, 0.994136, 0.197246, -0.583752, 0.805690, 0.100481, -0.010281, -0.811503, -0.582979, -0.039970, 0.258174, 0.000000, 0.000000, 0.000000, 1.000000, 0.045832, 0.058973, -0.997207, 0.089361, -0.996542, -0.066562, -0.049738, 0.006905, -0.069309, 0.996038, 0.055718, -0.016637, 0.000000, 0.000000, 0.000000, 1.000000
-9.9754, 19.2815, -1.1109, 128.2561, 197.2593, -10.2816, 258.1748, 89.3606, 6.9044, -16.6375, 0.583752, -0.805687, -0.100506, 0.019281, 0.811502, 0.582983, 0.039935, -0.001111, 0.026418, -0.104873, 0.994135, 0.128256, 0.000000, 0.000000, 0.000000, 1.000000, 0.026373, -0.104904, 0.994133, 0.197259, -0.583752, 0.805687, 0.100505, -0.010282, -0.811503, -0.582978, -0.039989, 0.258175, 0.000000, 0.000000, 0.000000, 1.000000, 0.045832, 0.058973, -0.997207, 0.089361, -0.996542, -0.066561, -0.049738, 0.006904, -0.069308, 0.996038, 0.055718, -0.016638, 0.000000, 0.000000, 0.000000, 1.000000
-9.9718, 19.2825, -1.1125, 128.2845, 197.2877, -10.2827, 258.1763, 89.3609, 6.9036, -16.6377, 0.583753, -0.805681, -0.100556, 0.019283, 0.811502, 0.582981, 0.039974, -0.001112, 0.026416, -0.104936, 0.994128, 0.128285, 0.000000, 0.000000, 0.000000, 1.000000, 0.026371, -0.104967, 0.994126, 0.197288, -0.583753, 0.805681, 0.100555, -0.010283, -0.811503, -0.582975, -0.040028, 0.258176, 0.000000, 0.000000, 0.000000, 1.000000, 0.045832, 0.058973, -0.997207, 0.089361, -0.996542, -0.066559, -0.049738, 0.006904, -0.069307, 0.996038, 0.055718, -0.016638, 0.000000, 0.000000, 0.000000, 1.000000
-9.9699, 19.2831, -1.1135, 128.2993, 197.3025, -10.2832, 258.1773, 89.3611, 6.9033, -16.6378, 0.583753, -0.805677, -0.100582, 0.019283, 0.811501, 0.582980, 0.039994, -0.001113, 0.026415, -0.104969, 0.994125, 0.128299, 0.000000, 0.000000, 0.000000, 1.000000, 0.026370, -0.105000, 0.994123, 0.197302, -0.583753, 0.805677, 0.100581, -0.010283, -0.811503, -0.582974, -0.040048, 0.258177, 0.000000, 0.000000, 0.000000, 1.000000, 0.045832, 0.058973, -0.997207, 0.089361, -0.996542, -0.066559, -0.049738, 0.006903, -0.069306, 0.996038, 0.055718, -0.016638, 0.000000, 0.000000, 0.000000, 1.000000
-9.9660, 19.2841, -1.1157, 128.3298, 197.3330, -10.2842, 258.1795, 89.3614, 6.9025, -16.6381, 0.583754, -0.805670, -0.100636, 0.019284, 0.811501, 0.582978, 0.040034, -0.001116, 0.026415, -0.105036, 0.994118, 0.128330, 0.000000, 0.000000, 0.000000, 1.000000, 0.026370, -0.105068, 0.994115, 0.197333, -0.583754, 0.805670, 0.100636, -0.010284, -0.811502, -0.582973, -0.040089, 0.258180, 0.000000, 0.000000, 0.000000, 1.000000, 0.045832, 0.058973, -0.997207, 0.089361, -0.996542, -0.066557, -0.049738, 0.006902, -0.069304, 0.996038, 0.055718, -0.016638, 0.000000, 0.000000, 0.000000, 1.000000
-9.9619, 19.2851, -1.1184, 128.3615, 197.3648, -10.2852, 258.1821, 89.3617, 6.9017, -16.6383, 0.583755, -0.805662, -0.100694, 0.019285, 0.811500, 0.582977, 0.040075, -0.001118, 0.026416, -0.105107, 0.994110, 0.128362, 0.000000, 0.000000, 0.000000, 1.000000, 0.026370, -0.105138, 0.994108, 0.197365, -0.583755, 0.805662, 0.100693, -0.010285, -0.811501, -0.582971, -0.040130, 0.258182, 0.000000, 0.000000, 0.000000, 1.000000, 0.045833, 0.058973, -0.997207, 0.089362, -0.996542, -0.066555, -0.049738, 0.006902, -0.069302, 0.996038, 0.055718, -0.016638, 0.000000, 0.000000, 0.000000, 1.000000
-9.9619, 19.2851, -1.1184, 128.3615, 197.3648, -10.2852, 258.1821, 89.3617, 6.9017, -16.6383, 0.583755, -0.805662, -0.100694, 0.019285, 0.811500, 0.582977, 0.040075, -0.001118, 0.026416, -0.105107, 0.994110, 0.128362, 0.000000, 0.000000, 0.000000, 1.000000, 0.026370, -0.105138, 0.994108, 0.197365, -0.583755, 0.805662, 0.100693, -0.010285, -0.811501, -0.582971, -0.040130, 0.258182, 0.000000, 0.000000, 0.000000, 1.000000, 0.045833, 0.058973, -0.997207, 0.089362, -0.996542, -0.066555, -0.049738, 0.006902, -0.069302, 0.996038, 0.055718, -0.016638, 0.000000, 0.000000, 0.000000, 1.000000
-9.9555, 19.2865, -1.1231, 128.4112, 197.4145, -10.2866, 258.1868, 89.3622, 6.9004, -16.6387, 0.583758, -0.805649, -0.100784, 0.019287, 0.811498, 0.582975, 0.040137, -0.001123, 0.026418, -0.105216, 0.994098, 0.128411, 0.000000, 0.000000, 0.000000, 1.000000, 0.026372, -0.105249, 0.994096, 0.197414, -0.583758, 0.805649, 0.100783, -0.010287, -0.811500, -0.582969, -0.040193, 0.258187, 0.000000, 0.000000, 0.000000, 1.000000, 0.045833, 0.058973, -0.997207, 0.089362, -0.996543, -0.066552, -0.049738, 0.006900, -0.069299, 0.996039, 0.055718, -0.016639, 0.000000, 0.000000, 0.000000, 1.000000
-9.9533, 19.2870, -1.1249, 128.4283, 197.4315, -10.2871, 258.1885, 89.3623, 6.8999, -16.6388, 0.583758, -0.805644, -0.100815, 0.019287, 0.811497, 0.582975, 0.040158, -0.001125, 0.026420, -0.105254, 0.994094, 0.128428, 0.000000, 0.000000, 0.000000, 1.000000, 0.026374, -0.105286, 0.994092, 0.197432, -0.583758, 0.805644, 0.100815, -0.010287, -0.811499, -0.582969, -0.040214, 0.258188, 0.000000, 0.000000, 0.000000, 1.000000, 0.045833, 0.058973, -0.997207, 0.089362, -0.996543, -0.066551, -0.049738, 0.006900, -0.069298, 0.996039, 0.055718, -0.016639, 0.000000, 0.000000, 0.000000, 1.000000
-9.9465, 19.2888, -1.1284, 128.4819, 197.4852, -10.2890, 258.1919, 89.3628, 6.8985, -16.6392, 0.583760, -0.805631, -0.100911, 0.019289, 0.811496, 0.582971, 0.040230, -0.001128, 0.026418, -0.105374, 0.994082, 0.128482, 0.000000, 0.000000, 0.000000, 1.000000, 0.026371, -0.105406, 0.994079, 0.197485, -0.583760, 0.805631, 0.100911, -0.010289, -0.811498, -0.582965, -0.040287, 0.258192, 0.000000, 0.000000, 0.000000, 1.000000, 0.045833, 0.058972, -0.997207, 0.089363, -0.996543, -0.066548, -0.049738, 0.006899, -0.069295, 0.996039, 0.055718, -0.016639, 0.000000, 0.000000, 0.000000, 1.000000
-9.9419, 19.2906, -1.1286, 128.5200, 197.5234, -10.2907, 258.1920, 89.3632, 6.8976, -16.6395, 0.583759, -0.805623, -0.100976, 0.019291, 0.811497, 0.582966, 0.040288, -0.001129, 0.026408, -0.105461, 0.994073, 0.128520, 0.000000, 0.000000, 0.000000, 1.000000, 0.026361, -0.105493, 0.994071, 0.197523, -0.583759, 0.805624, 0.100975, -0.010291, -0.811499, -0.582960, -0.040345, 0.258192, 0.000000, 0.000000, 0.000000, 1.000000, 0.045833, 0.058972, -0.997207, 0.089363, -0.996543, -0.066545, -0.049738, 0.006898, -0.069293, 0.996039, 0.055718, -0.016640, 0.000000, 0.000000, 0.000000, 1.000000
-9.9419, 19.2906, -1.1286, 128.5200, 197.5234, -10.2907, 258.1920, 89.3632, 6.8976, -16.6395, 0.583759, -0.805623, -0.100976, 0.019291, 0.811497, 0.582966, 0.040288, -0.001129, 0.026408, -0.105461, 0.994073, 0.128520, 0.000000, 0.000000, 0.000000, 1.000000, 0.026361, -0.105493, 0.994071, 0.197523, -0.583759, 0.805624, 0.100975, -0.010291, -0.811499, -0.582960, -0.040345, 0.258192, 0.000000, 0.000000, 0.000000, 1.000000, 0.045833, 0.058972, -0.997207, 0.089363, -0.996543, -0.066545, -0.049738, 0.006898, -0.069293, 0.996039, 0.055718, -0.016640, 0.000000, 0.000000, 0.000000, 1.000000
-9.9347, 19.2930, -1.1300, 128.5778, 197.5812, -10.2932, 258.1932, 89.3638, 6.8961, -16.6400, 0.583759, -0.805611, -0.101076, 0.019293, 0.811498, 0.582959, 0.040373, -0.001130, 0.026398, -0.105591, 0.994059, 0.128578, 0.000000, 0.000000, 0.000000, 1.000000, 0.026350, -0.105625, 0.994057, 0.197581, -0.583759, 0.805611, 0.101075, -0.010293, -0.811500, -0.582953, -0.040431, 0.258193, 0.000000, 0.000000, 0.000000, 1.000000, 0.045834, 0.058972, -0.997207, 0.089364, -0.996543, -0.066542, -0.049738, 0.006896, -0.069289, 0.996039, 0.055718, -0.016640, 0.000000, 0.000000, 0.000000, 1.000000
-9.9323, 19.2938, -1.1307, 128.5971, 197.6005, -10.2939, 258.1939, 89.3640, 6.8957, -16.6401, 0.583759, -0.805607, -0.101110, 0.019294, 0.811498, 0.582957, 0.040401, -0.001131, 0.026396, -0.105635, 0.994055, 0.128597, 0.000000, 0.000000, 0.000000, 1.000000, 0.026348, -0.105668, 0.994052, 0.197601, -0.583759, 0.805607, 0.101109, -0.010294, -0.811500, -0.582951, -0.040459, 0.258194, 0.000000, 0.000000, 0.000000, 1.000000, 0.045834, 0.058972, -0.997207, 0.089364, -0.996543, -0.066541, -0.049738, 0.006896, -0.069288, 0.996039, 0.055718, -0.016640, 0.000000, 0.000000, 0.000000, 1.000000
-9.9275, 19.2952, -1.1326, 128.6358, 197.6392, -10.2954, 258.1957, 89.3644, 6.8947, -16.6404, 0.583759, -0.805598, -0.101178, 0.019295, 0.811498, 0.582953, 0.040455, -0.001133, 0.026392, -0.105722, 0.994045, 0.128636, 0.000000, 0.000000, 0.000000, 1.000000, 0.026344, -0.105756, 0.994043, 0.197639, -0.583759, 0.805598, 0.101178, -0.010295, -0.811499, -0.582947, -0.040513, 0.258196, 0.000000, 0.000000, 0.000000, 1.000000, 0.045834, 0.058972, -0.997207, 0.089364, -0.996543, -0.066538, -0.049738, 0.006895, -0.069286, 0.996040, 0.055718, -0.016640, 0.000000, 0.000000, 0.000000, 1.000000
-9.9226, 19.2966, -1.1349, 128.6744, 197.6778, -10.2967, 258.1979, 89.3648, 6.8937, -16.6407, 0.583760, -0.805589, -0.101248, 0.019297, 0.811497, 0.582950, 0.040507, -0.001135, 0.026390, -0.105809, 0.994036, 0.128674, 0.000000, 0.000000, 0.000000, 1.000000, 0.026341, -0.105843, 0.994034, 0.197678, -0.583760, 0.805589, 0.101247, -0.010297, -0.811499, -0.582944, -0.040566, 0.258198, 0.000000, 0.000000, 0.000000, 1.000000, 0.045834, 0.058972, -0.997207, 0.089365, -0.996544, -0.066536, -0.049739, 0.006894, -0.069283, 0.996040, 0.055718, -0.016641, 0.000000, 0.000000, 0.000000, 1.000000
-9.9202, 19.2972, -1.1363, 128.6936, 197.6971, -10.2973, 258.1992, 89.3650, 6.8932, -16.6409, 0.583760, -0.805584, -0.101282, 0.019297, 0.811497, 0.582949, 0.040533, -0.001136, 0.026390, -0.105852, 0.994032, 0.128694, 0.000000, 0.000000, 0.000000, 1.000000, 0.026341, -0.105886, 0.994029, 0.197697, -0.583760, 0.805584, 0.101282, -0.010297, -0.811499, -0.582943, -0.040592, 0.258199, 0.000000, 0.000000, 0.000000, 1.000000, 0.045834, 0.058972, -0.997207, 0.089365, -0.996544, -0.066535, -0.049739, 0.006893, -0.069282, 0.996040, 0.055718, -0.016641, 0.000000, 0.000000, 0.000000, 1.000000
-9.9153, 19.2984, -1.1393, 128.7319, 197.7354, -10.2985, 258.2022, 89.3654, 6.8922, -16.6412, 0.583761, -0.805575, -0.101352, 0.019298, 0.811496, 0.582947, 0.040583, -0.001139, 0.026390, -0.105937, 0.994023, 0.128732, 0.000000, 0.000000, 0.000000, 1.000000, 0.026341, -0.105972, 0.994020, 0.197735, -0.583761, 0.805575, 0.101351, -0.010299, -0.811498, -0.582940, -0.040643, 0.258202, 0.000000, 0.000000, 0.000000, 1.000000, 0.045835, 0.058972, -0.997207, 0.089365, -0.996544, -0.066533, -0.049739, 0.006892, -0.069280, 0.996040, 0.055718, -0.016641, 0.000000, 0.000000, 0.000000, 1.000000
-9.9129, 19.2990, -1.1410, 128.7509, 197.7544, -10.2991, 258.2038, 89.3655, 6.8917, -16.6413, 0.583762, -0.805570, -0.101387, 0.019299, 0.811496, 0.582946, 0.040607, -0.001141, 0.026391, -0.105980, 0.994018, 0.128751, 0.000000, 0.000000, 0.000000, 1.000000, 0.026342, -0.106014, 0.994016, 0.197754, -0.583762, 0.805570, 0.101386, -0.010299, -0.811497, -0.582939, -0.040667, 0.258204, 0.000000, 0.000000, 0.000000, 1.000000, 0.045835, 0.058972, -0.997207, 0.089366, -0.996544, -0.066531, -0.049739, 0.006892, -0.069279, 0.996040, 0.055719, -0.016641, 0.000000, 0.000000, 0.000000, 1.000000
-9.9080, 19.3000, -1.1445, 128.7887, 197.7923, -10.3001, 258.2073, 89.3659, 6.8907, -16.6416, 0.583764, -0.805560, -0.101456, 0.019300, 0.811494, 0.582944, 0.040655, -0.001145, 0.026394, -0.106064, 0.994009, 0.128789, 0.000000, 0.000000, 0.000000, 1.000000, 0.026344, -0.106099, 0.994007, 0.197792, -0.583764, 0.805560, 0.101456, -0.010300, -0.811496, -0.582938, -0.040715, 0.258207, 0.000000, 0.000000, 0.000000, 1.000000, 0.045835, 0.058972, -0.997207, 0.089366, -0.996544, -0.066529, -0.049739, 0.006891, -0.069276, 0.996040, 0.055719, -0.016642, 0.000000, 0.000000, 0.000000, 1.000000
-9.9032, 19.3010, -1.1484, 128.8261, 197.8297, -10.3011, 258.2111, 89.3663, 6.8897, -16.6419, 0.583766, -0.805550, -0.101526, 0.019301, 0.811493, 0.582943, 0.040701, -0.001148, 0.026397, -0.106147, 0.994000, 0.128826, 0.000000, 0.000000, 0.000000, 1.000000, 0.026347, -0.106182, 0.993998, 0.197830, -0.583766, 0.805550, 0.101525, -0.010301, -0.811495, -0.582937, -0.040762, 0.258211, 0.000000, 0.000000, 0.000000, 1.000000, 0.045835, 0.058972, -0.997207, 0.089366, -0.996544, -0.066527, -0.049739, 0.006890, -0.069274, 0.996040, 0.055719, -0.016642, 0.000000, 0.000000, 0.000000, 1.000000
-9.9008, 19.3014, -1.1505, 128.8446, 197.8482, -10.3016, 258.2131, 89.3664, 6.8893, -16.6420, 0.583767, -0.805545, -0.101560, 0.019301, 0.811492, 0.582943, 0.040723, -0.001150, 0.026399, -0.106188, 0.993996, 0.128845, 0.000000, 0.000000, 0.000000, 1.000000, 0.026349, -0.106224, 0.993993, 0.197848, -0.583767, 0.805545, 0.101560, -0.010302, -0.811494, -0.582936, -0.040784, 0.258213, 0.000000, 0.000000, 0.000000, 1.000000, 0.045835, 0.058972, -0.997207, 0.089366, -0.996544, -0.066526, -0.049739, 0.006889, -0.069273, 0.996040, 0.055719, -0.016642, 0.000000, 0.000000, 0.000000, 1.000000
-9.8960, 19.3023, -1.1547, 128.8813, 197.8849, -10.3024, 258.2173, 89.3668, 6.8883, -16.6423, 0.583769, -0.805534, -0.101629, 0.019302, 0.811490, 0.582942, 0.040767, -0.001155, 0.026405, -0.106270, 0.993987, 0.128881, 0.000000, 0.000000, 0.000000, 1.000000, 0.026354, -0.106305, 0.993984, 0.197885, -0.583769, 0.805534, 0.101629, -0.010302, -0.811492, -0.582935, -0.040829, 0.258217, 0.000000, 0.000000, 0.000000, 1.000000, 0.045836, 0.058972, -0.997207, 0.089367, -0.996544, -0.066523, -0.049739, 0.006888, -0.069271, 0.996041, 0.055719, -0.016642, 0.000000, 0.000000, 0.000000, 1.000000
-9.8937, 19.3027, -1.1569, 128.8995, 197.9031, -10.3028, 258.2194, 89.3670, 6.8878, -16.6424, 0.583770, -0.805529, -0.101663, 0.019303, 0.811490, 0.582942, 0.040789, -0.001157, 0.026407, -0.106310, 0.993982, 0.128899, 0.000000, 0.000000, 0.000000, 1.000000, 0.026357, -0.106346, 0.993980, 0.197903, -0.583770, 0.805529, 0.101663, -0.010303, -0.811491, -0.582935, -0.040850, 0.258219, 0.000000, 0.000000, 0.000000, 1.000000, 0.045836, 0.058972, -0.997207, 0.089367, -0.996544, -0.066522, -0.049739, 0.006888, -0.069270, 0.996041, 0.055719, -0.016642, 0.000000, 0.000000, 0.000000, 1.000000
-9.8890, 19.3035, -1.1615, 128.9354, 197.9390, -10.3036, 258.2239, 89.3673, 6.8869, -16.6427, 0.583772, -0.805519, -0.101731, 0.019303, 0.811488, 0.582942, 0.040830, -0.001161, 0.026414, -0.106389, 0.993974, 0.128935, 0.000000, 0.000000, 0.000000, 1.000000, 0.026363, -0.106425, 0.993971, 0.197939, -0.583772, 0.805519, 0.101731, -0.010304, -0.811489, -0.582935, -0.040893, 0.258224, 0.000000, 0.000000, 0.000000, 1.000000, 0.045836, 0.058972, -0.997207, 0.089367, -0.996545, -0.066520, -0.049739, 0.006887, -0.069268, 0.996041, 0.055719, -0.016643, 0.000000, 0.000000, 0.000000, 1.000000
-9.8844, 19.3042, -1.1661, 128.9707, 197.9743, -10.3043, 258.2285, 89.3676, 6.8859, -16.6430, 0.583775, -0.805508, -0.101799, 0.019304, 0.811485, 0.582942, 0.040871, -0.001166, 0.026421, -0.106468, 0.993965, 0.128971, 0.000000, 0.000000, 0.000000, 1.000000, 0.026369, -0.106504, 0.993963, 0.197974, -0.583775, 0.805508, 0.101798, -0.010304, -0.811487, -0.582935, -0.040934, 0.258229, 0.000000, 0.000000, 0.000000, 1.000000, 0.045836, 0.058972, -0.997207, 0.089368, -0.996545, -0.066518, -0.049739, 0.006886, -0.069265, 0.996041, 0.055719, -0.016643, 0.000000, 0.000000, 0.000000, 1.000000
-9.8821, 19.3045, -1.1685, 128.9882, 197.9918, -10.3046, 258.2308, 89.3678, 6.8855, -16.6431, 0.583776, -0.805503, -0.101832, 0.019305, 0.811484, 0.582942, 0.040891, -0.001168, 0.026424, -0.106506, 0.993961, 0.128988, 0.000000, 0.000000, 0.000000, 1.000000, 0.026373, -0.106542, 0.993958, 0.197992, -0.583776, 0.805503, 0.101831, -0.010305, -0.811486, -0.582935, -0.040954, 0.258231, 0.000000, 0.000000, 0.000000, 1.000000, 0.045836, 0.058972, -0.997207, 0.089368, -0.996545, -0.066517, -0.049739, 0.006885, -0.069264, 0.996041, 0.055719, -0.016643, 0.000000, 0.000000, 0.000000, 1.000000
-9.8775, 19.3051, -1.1733, 129.0226, 198.0263, -10.3053, 258.2355, 89.3681, 6.8845, -16.6433, 0.583779, -0.805493, -0.101898, 0.019305, 0.811482, 0.582942, 0.040930, -0.001173, 0.026432, -0.106582, 0.993953, 0.129023, 0.000000, 0.000000, 0.000000, 1.000000, 0.026380, -0.106619, 0.993950, 0.198026, -0.583779, 0.805493, 0.101897, -0.010305, -0.811484, -0.582935, -0.040993, 0.258236, 0.000000, 0.000000, 0.000000, 1.000000, 0.045836, 0.058972, -0.997207, 0.089368, -0.996545, -0.066515, -0.049739, 0.006885, -0.069262, 0.996041, 0.055720, -0.016643, 0.000000, 0.000000, 0.000000, 1.000000
-9.8753, 19.3054, -1.1756, 129.0396, 198.0433, -10.3056, 258.2379, 89.3683, 6.8841, -16.6435, 0.583780, -0.805488, -0.101930, 0.019305, 0.811481, 0.582942, 0.040949, -0.001176, 0.026435, -0.106620, 0.993948, 0.129040, 0.000000, 0.000000, 0.000000, 1.000000, 0.026383, -0.106656, 0.993946, 0.198043, -0.583781, 0.805488, 0.101929, -0.010306, -0.811483, -0.582935, -0.041012, 0.258238, 0.000000, 0.000000, 0.000000, 1.000000, 0.045837, 0.058972, -0.997207, 0.089368, -0.996545, -0.066514, -0.049740, 0.006884, -0.069261, 0.996041, 0.055720, -0.016643, 0.000000, 0.000000, 0.000000, 1.000000
-9.8709, 19.3060, -1.1804, 129.0731, 198.0768, -10.3062, 258.2426, 89.3686, 6.8832, -16.6437, 0.583783, -0.805478, -0.101994, 0.019306, 0.811479, 0.582943, 0.040987, -0.001180, 0.026443, -0.106693, 0.993940, 0.129073, 0.000000, 0.000000, 0.000000, 1.000000, 0.026391, -0.106730, 0.993938, 0.198077, -0.583783, 0.805478, 0.101993, -0.010306, -0.811480, -0.582936, -0.041050, 0.258243, 0.000000, 0.000000, 0.000000, 1.000000, 0.045837, 0.058972, -0.997207, 0.089369, -0.996545, -0.066512, -0.049740, 0.006883, -0.069259, 0.996041, 0.055720, -0.016644, 0.000000, 0.000000, 0.000000, 1.000000
-9.8644, 19.3081, -1.1817, 129.1257, 198.1294, -10.3083, 258.2437, 89.3691, 6.8819, -16.6441, 0.583783, -0.805466, -0.102086, 0.019308, 0.811479, 0.582937, 0.041064, -0.001182, 0.026434, -0.106813, 0.993928, 0.129126, 0.000000, 0.000000, 0.000000, 1.000000, 0.026381, -0.106850, 0.993925, 0.198129, -0.583783, 0.805466, 0.102085, -0.010308, -0.811481, -0.582930, -0.041128, 0.258244, 0.000000, 0.000000, 0.000000, 1.000000, 0.045837, 0.058972, -0.997207, 0.089369, -0.996545, -0.066508, -0.049740, 0.006882, -0.069256, 0.996042, 0.055720, -0.016644, 0.000000, 0.000000, 0.000000, 1.000000
-9.8623, 19.3088, -1.1822, 129.1427, 198.1465, -10.3089, 258.2442, 89.3693, 6.8814, -16.6442, 0.583783, -0.805462, -0.102116, 0.019309, 0.811479, 0.582935, 0.041089, -0.001182, 0.026432, -0.106852, 0.993924, 0.129143, 0.000000, 0.000000, 0.000000, 1.000000, 0.026378, -0.106889, 0.993921, 0.198147, -0.583783, 0.805462, 0.102115, -0.010309, -0.811481, -0.582928, -0.041153, 0.258244, 0.000000, 0.000000, 0.000000, 1.000000, 0.045837, 0.058972, -0.997207, 0.089369, -0.996545, -0.066507, -0.049740, 0.006881, -0.069255, 0.996042, 0.055720, -0.016644, 0.000000, 0.000000, 0.000000, 1.000000
-9.8582, 19.3100, -1.1836, 129.1762, 198.1800, -10.3101, 258.2455, 89.3696, 6.8806, -16.6445, 0.583783, -0.805455, -0.102175, 0.019310, 0.811479, 0.582932, 0.041136, -0.001184, 0.026428, -0.106927, 0.993916, 0.129176, 0.000000, 0.000000, 0.000000, 1.000000, 0.026374, -0.106965, 0.993913, 0.198180, -0.583783, 0.805455, 0.102174, -0.010310, -0.811481, -0.582925, -0.041201, 0.258245, 0.000000, 0.000000, 0.000000, 1.000000, 0.045837, 0.058972, -0.997207, 0.089370, -0.996546, -0.066505, -0.049740, 0.006881, -0.069253, 0.996042, 0.055720, -0.016645, 0.000000, 0.000000, 0.000000, 1.000000
-9.8582, 19.3100, -1.1836, 129.1762, 198.1800, -10.3101, 258.2455, 89.3696, 6.8806, -16.6445, 0.583783, -0.805455, -0.102175, 0.019310, 0.811479, 0.582932, 0.041136, -0.001184, 0.026428, -0.106927, 0.993916, 0.129176, 0.000000, 0.000000, 0.000000, 1.000000, 0.026374, -0.106965, 0.993913, 0.198180, -0.583783, 0.805455, 0.102174, -0.010310, -0.811481, -0.582925, -0.041201, 0.258245, 0.000000, 0.000000, 0.000000, 1.000000, 0.045837, 0.058972, -0.997207, 0.089370, -0.996546, -0.066505, -0.049740, 0.006881, -0.069253, 0.996042, 0.055720, -0.016645, 0.000000, 0.000000, 0.000000, 1.000000
-9.8521, 19.3116, -1.1863, 129.2248, 198.2287, -10.3118, 258.2480, 89.3701, 6.8793, -16.6449, 0.583784, -0.805443, -0.102262, 0.019312, 0.811479, 0.582928, 0.041203, -0.001186, 0.026425, -0.107037, 0.993904, 0.129225, 0.000000, 0.000000, 0.000000, 1.000000, 0.026370, -0.107075, 0.993901, 0.198229, -0.583784, 0.805443, 0.102261, -0.010312, -0.811480, -0.582921, -0.041269, 0.258248, 0.000000, 0.000000, 0.000000, 1.000000, 0.045837, 0.058972, -0.997207, 0.089370, -0.996546, -0.066503, -0.049740, 0.006879, -0.069250, 0.996042, 0.055720, -0.016645, 0.000000, 0.000000, 0.000000, 1.000000
-9.8481, 19.3126, -1.1884, 129.2563, 198.2602, -10.3127, 258.2500, 89.3704, 6.8785, -16.6451, 0.583785, -0.805435, -0.102319, 0.019313, 0.811478, 0.582926, 0.041245, -0.001188, 0.026424, -0.107107, 0.993896, 0.129256, 0.000000, 0.000000, 0.000000, 1.000000, 0.026369, -0.107146, 0.993894, 0.198260, -0.583785, 0.805435, 0.102318, -0.010313, -0.811480, -0.582918, -0.041312, 0.258250, 0.000000, 0.000000, 0.000000, 1.000000, 0.045838, 0.058972, -0.997207, 0.089370, -0.996546, -0.066501, -0.049740, 0.006879, -0.069248, 0.996042, 0.055720, -0.016645, 0.000000, 0.000000, 0.000000, 1.000000
-9.8461, 19.3131, -1.1896, 129.2717, 198.2757, -10.3132, 258.2511, 89.3706, 6.8781, -16.6452, 0.583786, -0.805431, -0.102347, 0.019313, 0.811478, 0.582925, 0.041265, -0.001190, 0.026424, -0.107142, 0.993893, 0.129272, 0.000000, 0.000000, 0.000000, 1.000000, 0.026369, -0.107181, 0.993890, 0.198276, -0.583786, 0.805431, 0.102346, -0.010313, -0.811479, -0.582917, -0.041332, 0.258251, 0.000000, 0.000000, 0.000000, 1.000000, 0.045838, 0.058972, -0.997207, 0.089371, -0.996546, -0.066500, -0.049740, 0.006878, -0.069247, 0.996042, 0.055720, -0.016645, 0.000000, 0.000000, 0.000000, 1.000000
-9.8423, 19.3139, -1.1922, 129.3021, 198.3061, -10.3141, 258.2536, 89.3708, 6.8774, -16.6455, 0.583787, -0.805423, -0.102402, 0.019314, 0.811477, 0.582923, 0.041304, -0.001192, 0.026425, -0.107210, 0.993885, 0.129302, 0.000000, 0.000000, 0.000000, 1.000000, 0.026370, -0.107249, 0.993882, 0.198306, -0.583787, 0.805423, 0.102401, -0.010314, -0.811479, -0.582916, -0.041372, 0.258254, 0.000000, 0.000000, 0.000000, 1.000000, 0.045838, 0.058972, -0.997207, 0.089371, -0.996546, -0.066498, -0.049740, 0.006877, -0.069245, 0.996042, 0.055720, -0.016645, 0.000000, 0.000000, 0.000000, 1.000000
-9.8384, 19.3147, -1.1950, 129.3319, 198.3359, -10.3149, 258.2563, 89.3711, 6.8766, -16.6457, 0.583788, -0.805415, -0.102457, 0.019315, 0.811476, 0.582922, 0.041341, -0.001195, 0.026427, -0.107276, 0.993878, 0.129332, 0.000000, 0.000000, 0.000000, 1.000000, 0.026371, -0.107315, 0.993875, 0.198336, -0.583788, 0.805415, 0.102456, -0.010315, -0.811478, -0.582915, -0.041410, 0.258256, 0.000000, 0.000000, 0.000000, 1.000000, 0.045838, 0.058972, -0.997207, 0.089371, -0.996546, -0.066496, -0.049740, 0.006877, -0.069244, 0.996042, 0.055720, -0.016646, 0.000000, 0.000000, 0.000000, 1.000000
-9.8365, 19.3151, -1.1964, 129.3466, 198.3506, -10.3152, 258.2577, 89.3713, 6.8762, -16.6458, 0.583789, -0.805411, -0.102484, 0.019315, 0.811475, 0.582921, 0.041360, -0.001196, 0.026429, -0.107308, 0.993874, 0.129347, 0.000000, 0.000000, 0.000000, 1.000000, 0.026372, -0.107348, 0.993872, 0.198351, -0.583789, 0.805411, 0.102483, -0.010315, -0.811477, -0.582914, -0.041428, 0.258258, 0.000000, 0.000000, 0.000000, 1.000000, 0.045838, 0.058972, -0.997207, 0.089371, -0.996546, -0.066495, -0.049740, 0.006876, -0.069243, 0.996043, 0.055720, -0.016646, 0.000000, 0.000000, 0.000000, 1.000000
-9.8328, 19.3158, -1.1995, 129.3757, 198.3797, -10.3159, 258.2608, 89.3716, 6.8754, -16.6460, 0.583791, -0.805403, -0.102538, 0.019316, 0.811474, 0.582921, 0.041395, -0.001200, 0.026432, -0.107373, 0.993867, 0.129376, 0.000000, 0.000000, 0.000000, 1.000000, 0.026375, -0.107412, 0.993865, 0.198380, -0.583791, 0.805403, 0.102537, -0.010316, -0.811476, -0.582913, -0.041464, 0.258261, 0.000000, 0.000000, 0.000000, 1.000000, 0.045838, 0.058972, -0.997207, 0.089372, -0.996546, -0.066493, -0.049740, 0.006875, -0.069241, 0.996043, 0.055720, -0.016646, 0.000000, 0.000000, 0.000000, 1.000000
-9.8309, 19.3161, -1.2012, 129.3900, 198.3941, -10.3162, 258.2623, 89.3717, 6.8750, -16.6461, 0.583792, -0.805399, -0.102564, 0.019316, 0.811473, 0.582921, 0.041412, -0.001201, 0.026434, -0.107404, 0.993864, 0.129390, 0.000000, 0.000000, 0.000000, 1.000000, 0.026377, -0.107444, 0.993861, 0.198394, -0.583792, 0.805399, 0.102564, -0.010316, -0.811475, -0.582913, -0.041481, 0.258262, 0.000000, 0.000000, 0.000000, 1.000000, 0.045838, 0.058972, -0.997207, 0.089372, -0.996546, -0.066493, -0.049740, 0.006875, -0.069240, 0.996043, 0.055720, -0.016646, 0.000000, 0.000000, 0.000000, 1.000000
