# Joint_5_Angle(deg), Cam_X(mm), Cam_Y(mm), Cam_Z(mm), Torso_X(mm), Torso_Y(mm), Torso_Z(mm), EE_X(mm), EE_Y(mm), EE_Z(mm), T_cam2marker_flat(16), T_torso2marker_flat(16), T_ee2marker_flat(16)
-29.9985, -25.5348, 17.9803, 144.7879, 166.7855, 25.5346, 182.0737, 143.0487, -41.5366, -4.3769, 0.638445, -0.755135, 0.148859, -0.025535, 0.769561, 0.623080, -0.139814, 0.017980, 0.012827, 0.203820, 0.978924, 0.144788, 0.000000, 0.000000, 0.000000, 1.000000, 0.012723, 0.203738, 0.978943, 0.166785, -0.638445, 0.755135, -0.148861, 0.025535, -0.769562, -0.623107, 0.139683, 0.182074, 0.000000, 0.000000, 0.000000, 1.000000, 0.037310, 0.062000, -0.997379, 0.143049, -0.995574, -0.083850, -0.042455, -0.041537, -0.086263, 0.994548, 0.058597, -0.004377, 0.000000, 0.000000, 0.000000, 1.000000
-29.9988, -25.5348, 17.9826, 144.7886, 166.7862, 25.5346, 182.0714, 143.0484, -41.5370, -4.3770, 0.638443, -0.755136, 0.148864, -0.025535, 0.769562, 0.623079, -0.139809, 0.017983, 0.012821, 0.203820, 0.978924, 0.144789, 0.000000, 0.000000, 0.000000, 1.000000, 0.012717, 0.203738, 0.978943, 0.166786, -0.638443, 0.755135, -0.148865, 0.025535, -0.769564, -0.623106, 0.139678, 0.182071, 0.000000, 0.000000, 0.000000, 1.000000, 0.037310, 0.062000, -0.997379, 0.143048, -0.995574, -0.083851, -0.042455, -0.041537, -0.086263, 0.994548, 0.058597, -0.004377, 0.000000, 0.000000, 0.000000, 1.000000
-29.9989, -25.5349, 17.9836, 144.7889, 166.7865, 25.5346, 182.0705, 143.0482, -41.5371, -4.3771, 0.638443, -0.755136, 0.148866, -0.025535, 0.769563, 0.623079, -0.139807, 0.017984, 0.012818, 0.203820, 0.978924, 0.144789, 0.000000, 0.000000, 0.000000, 1.000000, 0.012714, 0.203738, 0.978943, 0.166787, -0.638443, 0.755136, -0.148867, 0.025535, -0.769564, -0.623106, 0.139676, 0.182070, 0.000000, 0.000000, 0.000000, 1.000000, 0.037310, 0.062000, -0.997379, 0.143048, -0.995574, -0.083851, -0.042455, -0.041537, -0.086263, 0.994548, 0.058597, -0.004377, 0.000000, 0.000000, 0.000000, 1.000000
-29.9992, -25.5350, 17.9852, 144.7892, 166.7868, 25.5348, 182.0689, 143.0481, -41.5373, -4.3772, 0.638441, -0.755136, 0.148869, -0.025535, 0.769564, 0.623078, -0.139805, 0.017985, 0.012814, 0.203822, 0.978924, 0.144789, 0.000000, 0.000000, 0.000000, 1.000000, 0.012710, 0.203739, 0.978943, 0.166787, -0.638441, 0.755136, -0.148871, 0.025535, -0.769566, -0.623105, 0.139674, 0.182069, 0.000000, 0.000000, 0.000000, 1.000000, 0.037310, 0.062000, -0.997379, 0.143048, -0.995574, -0.083851, -0.042455, -0.041537, -0.086263, 0.994548, 0.058597, -0.004377, 0.000000, 0.000000, 0.000000, 1.000000
-29.9993, -25.5351, 17.9858, 144.7893, 166.7869, 25.5349, 182.0683, 143.0480, -41.5374, -4.3773, 0.638441, -0.755136, 0.148871, -0.025535, 0.769564, 0.623077, -0.139804, 0.017986, 0.012813, 0.203823, 0.978924, 0.144789, 0.000000, 0.000000, 0.000000, 1.000000, 0.012709, 0.203741, 0.978942, 0.166787, -0.638441, 0.755136, -0.148873, 0.025535, -0.769566, -0.623105, 0.139673, 0.182068, 0.000000, 0.000000, 0.000000, 1.000000, 0.037310, 0.062000, -0.997379, 0.143048, -0.995574, -0.083851, -0.042455, -0.041537, -0.086263, 0.994548, 0.058597, -0.004377, 0.000000, 0.000000, 0.000000, 1.000000
-29.9995, -25.5354, 17.9867, 144.7892, 166.7869, 25.5351, 182.0674, 143.0479, -41.5375, -4.3775, 0.638440, -0.755136, 0.148875, -0.025535, 0.769565, 0.623076, -0.139805, 0.017987, 0.012811, 0.203826, 0.978923, 0.144789, 0.000000, 0.000000, 0.000000, 1.000000, 0.012707, 0.203743, 0.978942, 0.166787, -0.638440, 0.755136, -0.148876, 0.025535, -0.769567, -0.623104, 0.139674, 0.182067, 0.000000, 0.000000, 0.000000, 1.000000, 0.037310, 0.062000, -0.997379, 0.143048, -0.995574, -0.083851, -0.042455, -0.041538, -0.086263, 0.994548, 0.058597, -0.004377, 0.000000, 0.000000, 0.000000, 1.000000
-29.9997, -25.5355, 17.9870, 144.7891, 166.7868, 25.5353, 182.0671, 143.0479, -41.5375, -4.3776, 0.638440, -0.755136, 0.148876, -0.025536, 0.769565, 0.623076, -0.139805, 0.017987, 0.012811, 0.203827, 0.978923, 0.144789, 0.000000, 0.000000, 0.000000, 1.000000, 0.012707, 0.203745, 0.978942, 0.166787, -0.638440, 0.755136, -0.148878, 0.025535, -0.769567, -0.623103, 0.139674, 0.182067, 0.000000, 0.000000, 0.000000, 1.000000, 0.037310, 0.062000, -0.997379, 0.143048, -0.995574, -0.083851, -0.042455, -0.041538, -0.086263, 0.994548, 0.058597, -0.004378, 0.000000, 0.000000, 0.000000, 1.000000
-29.9998, -25.5358, 17.9873, 144.7888, 166.7865, 25.5356, 182.0668, 143.0480, -41.5375, -4.3778, 0.638439, -0.755136, 0.148879, -0.025536, 0.769566, 0.623075, -0.139807, 0.017987, 0.012811, 0.203830, 0.978922, 0.144789, 0.000000, 0.000000, 0.000000, 1.000000, 0.012707, 0.203748, 0.978941, 0.166786, -0.638439, 0.755136, -0.148880, 0.025536, -0.769567, -0.623102, 0.139676, 0.182067, 0.000000, 0.000000, 0.000000, 1.000000, 0.037310, 0.062000, -0.997379, 0.143048, -0.995573, -0.083851, -0.042455, -0.041538, -0.086264, 0.994548, 0.058597, -0.004378, 0.000000, 0.000000, 0.000000, 1.000000
-29.9999, -25.5360, 17.9870, 144.7885, 166.7861, 25.5357, 182.0671, 143.0480, -41.5374, -4.3779, 0.638439, -0.755136, 0.148879, -0.025536, 0.769566, 0.623074, -0.139809, 0.017987, 0.012812, 0.203832, 0.978922, 0.144789, 0.000000, 0.000000, 0.000000, 1.000000, 0.012708, 0.203750, 0.978940, 0.166786, -0.638439, 0.755136, -0.148881, 0.025536, -0.769568, -0.623102, 0.139679, 0.182067, 0.000000, 0.000000, 0.000000, 1.000000, 0.037310, 0.062000, -0.997379, 0.143048, -0.995573, -0.083851, -0.042455, -0.041537, -0.086264, 0.994548, 0.058597, -0.004378, 0.000000, 0.000000, 0.000000, 1.000000
-29.9999, -25.5360, 17.9867, 144.7884, 166.7860, 25.5357, 182.0674, 143.0481, -41.5374, -4.3780, 0.638439, -0.755136, 0.148879, -0.025536, 0.769566, 0.623074, -0.139810, 0.017987, 0.012813, 0.203833, 0.978922, 0.144788, 0.000000, 0.000000, 0.000000, 1.000000, 0.012710, 0.203751, 0.978940, 0.166786, -0.638439, 0.755136, -0.148880, 0.025536, -0.769568, -0.623101, 0.139680, 0.182067, 0.000000, 0.000000, 0.000000, 1.000000, 0.037310, 0.062000, -0.997379, 0.143048, -0.995573, -0.083851, -0.042455, -0.041537, -0.086264, 0.994548, 0.058597, -0.004378, 0.000000, 0.000000, 0.000000, 1.000000
-29.9997, -25.5357, 17.9856, 144.7883, 166.7860, 25.5355, 182.0685, 143.0482, -41.5372, -4.3779, 0.638439, -0.755137, 0.148875, -0.025536, 0.769566, 0.623074, -0.139811, 0.017986, 0.012816, 0.203830, 0.978922, 0.144788, 0.000000, 0.000000, 0.000000, 1.000000, 0.012713, 0.203749, 0.978941, 0.166786, -0.638439, 0.755137, -0.148877, 0.025535, -0.769568, -0.623101, 0.139681, 0.182068, 0.000000, 0.000000, 0.000000, 1.000000, 0.037310, 0.062000, -0.997379, 0.143048, -0.995573, -0.083851, -0.042455, -0.041537, -0.086264, 0.994548, 0.058597, -0.004378, 0.000000, 0.000000, 0.000000, 1.000000
-29.9995, -25.5354, 17.9849, 144.7885, 166.7861, 25.5352, 182.0693, 143.0483, -41.5371, -4.3777, 0.638439, -0.755138, 0.148872, -0.025535, 0.769566, 0.623074, -0.139811, 0.017985, 0.012818, 0.203828, 0.978923, 0.144788, 0.000000, 0.000000, 0.000000, 1.000000, 0.012715, 0.203746, 0.978941, 0.166786, -0.638439, 0.755137, -0.148874, 0.025535, -0.769567, -0.623101, 0.139681, 0.182069, 0.000000, 0.000000, 0.000000, 1.000000, 0.037310, 0.062000, -0.997379, 0.143048, -0.995574, -0.083851, -0.042455, -0.041537, -0.086263, 0.994548, 0.058597, -0.004378, 0.000000, 0.000000, 0.000000, 1.000000
-29.9991, -25.5350, 17.9839, 144.7887, 166.7864, 25.5347, 182.0702, 143.0484, -41.5370, -4.3775, 0.638439, -0.755138, 0.148867, -0.025535, 0.769565, 0.623075, -0.139810, 0.017984, 0.012821, 0.203824, 0.978924, 0.144789, 0.000000, 0.000000, 0.000000, 1.000000, 0.012717, 0.203742, 0.978942, 0.166786, -0.638439, 0.755138, -0.148869, 0.025535, -0.769567, -0.623102, 0.139680, 0.182070, 0.000000, 0.000000, 0.000000, 1.000000, 0.037310, 0.062000, -0.997379, 0.143048, -0.995574, -0.083851, -0.042455, -0.041537, -0.086263, 0.994548, 0.058597, -0.004378, 0.000000, 0.000000, 0.000000, 1.000000
-29.9976, -25.5326, 17.9799, 144.7905, 166.7881, 25.5324, 182.0742, 143.0485, -41.5368, -4.3763, 0.638440, -0.755142, 0.148845, -0.025533, 0.769565, 0.623078, -0.139803, 0.017980, 0.012829, 0.203802, 0.978928, 0.144790, 0.000000, 0.000000, 0.000000, 1.000000, 0.012726, 0.203720, 0.978947, 0.166788, -0.638440, 0.755142, -0.148847, 0.025532, -0.769566, -0.623105, 0.139672, 0.182074, 0.000000, 0.000000, 0.000000, 1.000000, 0.037311, 0.062000, -0.997379, 0.143049, -0.995574, -0.083850, -0.042456, -0.041537, -0.086262, 0.994548, 0.058597, -0.004376, 0.000000, 0.000000, 0.000000, 1.000000
-29.9959, -25.5301, 17.9763, 144.7926, 166.7903, 25.5298, 182.0779, 143.0486, -41.5366, -4.3750, 0.638441, -0.755146, 0.148822, -0.025530, 0.769564, 0.623081, -0.139793, 0.017976, 0.012836, 0.203777, 0.978933, 0.144793, 0.000000, 0.000000, 0.000000, 1.000000, 0.012732, 0.203695, 0.978952, 0.166790, -0.638441, 0.755145, -0.148823, 0.025530, -0.769565, -0.623108, 0.139662, 0.182078, 0.000000, 0.000000, 0.000000, 1.000000, 0.037311, 0.062000, -0.997378, 0.143049, -0.995574, -0.083848, -0.042456, -0.041537, -0.086261, 0.994548, 0.058597, -0.004375, 0.000000, 0.000000, 0.000000, 1.000000
-29.9949, -25.5284, 17.9741, 144.7941, 166.7917, 25.5282, 182.0801, 143.0486, -41.5365, -4.3741, 0.638442, -0.755148, 0.148807, -0.025528, 0.769563, 0.623083, -0.139786, 0.017974, 0.012840, 0.203761, 0.978936, 0.144794, 0.000000, 0.000000, 0.000000, 1.000000, 0.012736, 0.203679, 0.978955, 0.166792, -0.638442, 0.755148, -0.148808, 0.025528, -0.769565, -0.623110, 0.139655, 0.182080, 0.000000, 0.000000, 0.000000, 1.000000, 0.037312, 0.062000, -0.997378, 0.143049, -0.995574, -0.083848, -0.042456, -0.041536, -0.086260, 0.994548, 0.058597, -0.004374, 0.000000, 0.000000, 0.000000, 1.000000
-29.9923, -25.5243, 17.9690, 144.7979, 166.7956, 25.5241, 182.0852, 143.0486, -41.5363, -4.3719, 0.638443, -0.755154, 0.148770, -0.025524, 0.769562, 0.623089, -0.139766, 0.017969, 0.012848, 0.203721, 0.978945, 0.144798, 0.000000, 0.000000, 0.000000, 1.000000, 0.012745, 0.203639, 0.978963, 0.166796, -0.638443, 0.755154, -0.148772, 0.025524, -0.769564, -0.623116, 0.139636, 0.182085, 0.000000, 0.000000, 0.000000, 1.000000, 0.037313, 0.062000, -0.997378, 0.143049, -0.995574, -0.083846, -0.042457, -0.041536, -0.086258, 0.994548, 0.058597, -0.004372, 0.000000, 0.000000, 0.000000, 1.000000
-29.9907, -25.5218, 17.9661, 144.8003, 166.7980, 25.5215, 182.0881, 143.0485, -41.5362, -4.3706, 0.638444, -0.755158, 0.148748, -0.025522, 0.769561, 0.623092, -0.139754, 0.017966, 0.012853, 0.203696, 0.978950, 0.144800, 0.000000, 0.000000, 0.000000, 1.000000, 0.012750, 0.203614, 0.978968, 0.166798, -0.638444, 0.755158, -0.148750, 0.025522, -0.769563, -0.623120, 0.139624, 0.182088, 0.000000, 0.000000, 0.000000, 1.000000, 0.037313, 0.062000, -0.997378, 0.143049, -0.995574, -0.083845, -0.042458, -0.041536, -0.086257, 0.994548, 0.058597, -0.004371, 0.000000, 0.000000, 0.000000, 1.000000
-29.9869, -25.5157, 17.9595, 144.8063, 166.8039, 25.5155, 182.0948, 143.0483, -41.5361, -4.3673, 0.638445, -0.755167, 0.148695, -0.025516, 0.769560, 0.623101, -0.139724, 0.017959, 0.012863, 0.203636, 0.978962, 0.144806, 0.000000, 0.000000, 0.000000, 1.000000, 0.012760, 0.203555, 0.978980, 0.166804, -0.638445, 0.755167, -0.148697, 0.025515, -0.769561, -0.623128, 0.139594, 0.182095, 0.000000, 0.000000, 0.000000, 1.000000, 0.037314, 0.062000, -0.997378, 0.143048, -0.995574, -0.083842, -0.042459, -0.041536, -0.086255, 0.994548, 0.058598, -0.004367, 0.000000, 0.000000, 0.000000, 1.000000
-29.9869, -25.5157, 17.9595, 144.8063, 166.8039, 25.5155, 182.0948, 143.0483, -41.5361, -4.3673, 0.638445, -0.755167, 0.148695, -0.025516, 0.769560, 0.623101, -0.139724, 0.017959, 0.012863, 0.203636, 0.978962, 0.144806, 0.000000, 0.000000, 0.000000, 1.000000, 0.012760, 0.203555, 0.978980, 0.166804, -0.638445, 0.755167, -0.148697, 0.025515, -0.769561, -0.623128, 0.139594, 0.182095, 0.000000, 0.000000, 0.000000, 1.000000, 0.037314, 0.062000, -0.997378, 0.143048, -0.995574, -0.083842, -0.042459, -0.041536, -0.086255, 0.994548, 0.058598, -0.004367, 0.000000, 0.000000, 0.000000, 1.000000
-29.9823, -25.5082, 17.9517, 144.8137, 166.8114, 25.5080, 182.1026, 143.0481, -41.5361, -4.3633, 0.638447, -0.755178, 0.148631, -0.025508, 0.769558, 0.623112, -0.139686, 0.017952, 0.012874, 0.203563, 0.978977, 0.144814, 0.000000, 0.000000, 0.000000, 1.000000, 0.012771, 0.203481, 0.978996, 0.166811, -0.638447, 0.755178, -0.148633, 0.025508, -0.769560, -0.623139, 0.139556, 0.182103, 0.000000, 0.000000, 0.000000, 1.000000, 0.037316, 0.062001, -0.997378, 0.143048, -0.995574, -0.083839, -0.042460, -0.041536, -0.086251, 0.994549, 0.058598, -0.004363, 0.000000, 0.000000, 0.000000, 1.000000
-29.9738, -25.4941, 17.9378, 144.8281, 166.8258, 25.4939, 182.1165, 143.0474, -41.5361, -4.3557, 0.638450, -0.755199, 0.148512, -0.025494, 0.769555, 0.623132, -0.139612, 0.017938, 0.012892, 0.203423, 0.979006, 0.144828, 0.000000, 0.000000, 0.000000, 1.000000, 0.012789, 0.203342, 0.979024, 0.166826, -0.638450, 0.755199, -0.148513, 0.025494, -0.769557, -0.623159, 0.139482, 0.182116, 0.000000, 0.000000, 0.000000, 1.000000, 0.037319, 0.062001, -0.997378, 0.143047, -0.995575, -0.083832, -0.042463, -0.041536, -0.086245, 0.994549, 0.058598, -0.004356, 0.000000, 0.000000, 0.000000, 1.000000
-29.9704, -25.4886, 17.9326, 144.8338, 166.8315, 25.4884, 182.1217, 143.0471, -41.5362, -4.3528, 0.638451, -0.755207, 0.148465, -0.025489, 0.769554, 0.623140, -0.139582, 0.017933, 0.012899, 0.203369, 0.979017, 0.144834, 0.000000, 0.000000, 0.000000, 1.000000, 0.012796, 0.203287, 0.979035, 0.166831, -0.638451, 0.755207, -0.148467, 0.025488, -0.769556, -0.623167, 0.139453, 0.182122, 0.000000, 0.000000, 0.000000, 1.000000, 0.037320, 0.062001, -0.997378, 0.143047, -0.995575, -0.083830, -0.042464, -0.041536, -0.086243, 0.994549, 0.058598, -0.004353, 0.000000, 0.000000, 0.000000, 1.000000
-29.9630, -25.4763, 17.9212, 144.8467, 166.8443, 25.4761, 182.1331, 143.0465, -41.5363, -4.3461, 0.638454, -0.755225, 0.148362, -0.025476, 0.769552, 0.623158, -0.139515, 0.017921, 0.012913, 0.203246, 0.979042, 0.144847, 0.000000, 0.000000, 0.000000, 1.000000, 0.012810, 0.203166, 0.979061, 0.166844, -0.638454, 0.755225, -0.148364, 0.025476, -0.769554, -0.623184, 0.139386, 0.182133, 0.000000, 0.000000, 0.000000, 1.000000, 0.037323, 0.062001, -0.997378, 0.143046, -0.995575, -0.083825, -0.042466, -0.041536, -0.086238, 0.994550, 0.058598, -0.004346, 0.000000, 0.000000, 0.000000, 1.000000
-29.9589, -25.4695, 17.9151, 144.8538, 166.8515, 25.4693, 182.1393, 143.0461, -41.5364, -4.3425, 0.638455, -0.755236, 0.148305, -0.025470, 0.769551, 0.623167, -0.139478, 0.017915, 0.012920, 0.203179, 0.979056, 0.144854, 0.000000, 0.000000, 0.000000, 1.000000, 0.012817, 0.203098, 0.979075, 0.166852, -0.638455, 0.755235, -0.148307, 0.025469, -0.769552, -0.623194, 0.139349, 0.182139, 0.000000, 0.000000, 0.000000, 1.000000, 0.037324, 0.062001, -0.997378, 0.143046, -0.995575, -0.083822, -0.042468, -0.041536, -0.086235, 0.994550, 0.058598, -0.004342, 0.000000, 0.000000, 0.000000, 1.000000
-29.9499, -25.4546, 17.9018, 144.8697, 166.8673, 25.4543, 182.1526, 143.0452, -41.5367, -4.3344, 0.638458, -0.755258, 0.148181, -0.025455, 0.769548, 0.623189, -0.139396, 0.017902, 0.012935, 0.203030, 0.979087, 0.144870, 0.000000, 0.000000, 0.000000, 1.000000, 0.012833, 0.202950, 0.979105, 0.166867, -0.638458, 0.755257, -0.148182, 0.025454, -0.769550, -0.623216, 0.139267, 0.182153, 0.000000, 0.000000, 0.000000, 1.000000, 0.037327, 0.062001, -0.997378, 0.143045, -0.995576, -0.083815, -0.042470, -0.041537, -0.086229, 0.994551, 0.058598, -0.004334, 0.000000, 0.000000, 0.000000, 1.000000
-29.9451, -25.4464, 17.8947, 144.8783, 166.8760, 25.4462, 182.1597, 143.0447, -41.5369, -4.3300, 0.638459, -0.755270, 0.148113, -0.025446, 0.769547, 0.623201, -0.139350, 0.017895, 0.012943, 0.202949, 0.979104, 0.144878, 0.000000, 0.000000, 0.000000, 1.000000, 0.012841, 0.202869, 0.979122, 0.166876, -0.638459, 0.755269, -0.148115, 0.025446, -0.769549, -0.623227, 0.139222, 0.182160, 0.000000, 0.000000, 0.000000, 1.000000, 0.037329, 0.062001, -0.997378, 0.143045, -0.995576, -0.083812, -0.042472, -0.041537, -0.086225, 0.994551, 0.058599, -0.004330, 0.000000, 0.000000, 0.000000, 1.000000
-29.9345, -25.4288, 17.8796, 144.8972, 166.8949, 25.4285, 182.1749, 143.0435, -41.5373, -4.3205, 0.638462, -0.755296, 0.147967, -0.025429, 0.769544, 0.623226, -0.139251, 0.017880, 0.012959, 0.202774, 0.979140, 0.144897, 0.000000, 0.000000, 0.000000, 1.000000, 0.012857, 0.202693, 0.979158, 0.166895, -0.638462, 0.755296, -0.147968, 0.025429, -0.769546, -0.623253, 0.139123, 0.182175, 0.000000, 0.000000, 0.000000, 1.000000, 0.037333, 0.062002, -0.997378, 0.143044, -0.995577, -0.083804, -0.042475, -0.041537, -0.086218, 0.994552, 0.058599, -0.004320, 0.000000, 0.000000, 0.000000, 1.000000
-29.9229, -25.4093, 17.8631, 144.9182, 166.9159, 25.4091, 182.1913, 143.0422, -41.5378, -4.3099, 0.638465, -0.755325, 0.147805, -0.025409, 0.769541, 0.623254, -0.139141, 0.017863, 0.012977, 0.202579, 0.979180, 0.144918, 0.000000, 0.000000, 0.000000, 1.000000, 0.012875, 0.202499, 0.979198, 0.166916, -0.638465, 0.755325, -0.147807, 0.025409, -0.769543, -0.623281, 0.139013, 0.182191, 0.000000, 0.000000, 0.000000, 1.000000, 0.037337, 0.062002, -0.997377, 0.143042, -0.995577, -0.083795, -0.042479, -0.041538, -0.086209, 0.994552, 0.058599, -0.004310, 0.000000, 0.000000, 0.000000, 1.000000
-29.9167, -25.3989, 17.8545, 144.9295, 166.9272, 25.3986, 182.2000, 143.0415, -41.5381, -4.3043, 0.638467, -0.755340, 0.147719, -0.025399, 0.769540, 0.623269, -0.139082, 0.017854, 0.012986, 0.202475, 0.979201, 0.144930, 0.000000, 0.000000, 0.000000, 1.000000, 0.012884, 0.202395, 0.979219, 0.166927, -0.638467, 0.755340, -0.147721, 0.025399, -0.769541, -0.623296, 0.138954, 0.182200, 0.000000, 0.000000, 0.000000, 1.000000, 0.037339, 0.062002, -0.997377, 0.143041, -0.995577, -0.083791, -0.042481, -0.041538, -0.086205, 0.994553, 0.058599, -0.004304, 0.000000, 0.000000, 0.000000, 1.000000
-29.9167, -25.3989, 17.8545, 144.9295, 166.9272, 25.3986, 182.2000, 143.0415, -41.5381, -4.3043, 0.638467, -0.755340, 0.147719, -0.025399, 0.769540, 0.623269, -0.139082, 0.017854, 0.012986, 0.202475, 0.979201, 0.144930, 0.000000, 0.000000, 0.000000, 1.000000, 0.012884, 0.202395, 0.979219, 0.166927, -0.638467, 0.755340, -0.147721, 0.025399, -0.769541, -0.623296, 0.138954, 0.182200, 0.000000, 0.000000, 0.000000, 1.000000, 0.037339, 0.062002, -0.997377, 0.143041, -0.995577, -0.083791, -0.042481, -0.041538, -0.086205, 0.994553, 0.058599, -0.004304, 0.000000, 0.000000, 0.000000, 1.000000
-29.9035, -25.3767, 17.8362, 144.9537, 166.9514, 25.3764, 182.2184, 143.0399, -41.5388, -4.2923, 0.638470, -0.755373, 0.147536, -0.025377, 0.769537, 0.623301, -0.138956, 0.017836, 0.013004, 0.202254, 0.979247, 0.144954, 0.000000, 0.000000, 0.000000, 1.000000, 0.012902, 0.202174, 0.979265, 0.166951, -0.638470, 0.755373, -0.147538, 0.025376, -0.769538, -0.623328, 0.138828, 0.182218, 0.000000, 0.000000, 0.000000, 1.000000, 0.037344, 0.062002, -0.997377, 0.143040, -0.995578, -0.083781, -0.042485, -0.041539, -0.086195, 0.994553, 0.058599, -0.004292, 0.000000, 0.000000, 0.000000, 1.000000
-29.8741, -25.3270, 17.7960, 145.0080, 167.0058, 25.3268, 182.2585, 143.0363, -41.5403, -4.2654, 0.638477, -0.755447, 0.147128, -0.025327, 0.769530, 0.623373, -0.138671, 0.017796, 0.013043, 0.201758, 0.979349, 0.145008, 0.000000, 0.000000, 0.000000, 1.000000, 0.012942, 0.201678, 0.979366, 0.167006, -0.638477, 0.755447, -0.147130, 0.025327, -0.769532, -0.623399, 0.138543, 0.182259, 0.000000, 0.000000, 0.000000, 1.000000, 0.037354, 0.062003, -0.997377, 0.143036, -0.995580, -0.083759, -0.042494, -0.041540, -0.086174, 0.994555, 0.058600, -0.004265, 0.000000, 0.000000, 0.000000, 1.000000
-29.8741, -25.3270, 17.7960, 145.0080, 167.0058, 25.3268, 182.2585, 143.0363, -41.5403, -4.2654, 0.638477, -0.755447, 0.147128, -0.025327, 0.769530, 0.623373, -0.138671, 0.017796, 0.013043, 0.201758, 0.979349, 0.145008, 0.000000, 0.000000, 0.000000, 1.000000, 0.012942, 0.201678, 0.979366, 0.167006, -0.638477, 0.755447, -0.147130, 0.025327, -0.769532, -0.623399, 0.138543, 0.182259, 0.000000, 0.000000, 0.000000, 1.000000, 0.037354, 0.062003, -0.997377, 0.143036, -0.995580, -0.083759, -0.042494, -0.041540, -0.086174, 0.994555, 0.058600, -0.004265, 0.000000, 0.000000, 0.000000, 1.000000
-29.8496, -25.2856, 17.7631, 145.0537, 167.0515, 25.2853, 182.2915, 143.0331, -41.5418, -4.2430, 0.638483, -0.755509, 0.146788, -0.025286, 0.769525, 0.623432, -0.138431, 0.017763, 0.013074, 0.201343, 0.979434, 0.145054, 0.000000, 0.000000, 0.000000, 1.000000, 0.012973, 0.201263, 0.979451, 0.167051, -0.638483, 0.755508, -0.146789, 0.025285, -0.769527, -0.623458, 0.138304, 0.182292, 0.000000, 0.000000, 0.000000, 1.000000, 0.037362, 0.062003, -0.997376, 0.143033, -0.995581, -0.083741, -0.042501, -0.041542, -0.086157, 0.994557, 0.058600, -0.004243, 0.000000, 0.000000, 0.000000, 1.000000
-29.8410, -25.2710, 17.7517, 145.0699, 167.0676, 25.2708, 182.3030, 143.0320, -41.5423, -4.2351, 0.638485, -0.755530, 0.146668, -0.025271, 0.769523, 0.623453, -0.138347, 0.017752, 0.013084, 0.201197, 0.979463, 0.145070, 0.000000, 0.000000, 0.000000, 1.000000, 0.012984, 0.201117, 0.979481, 0.167068, -0.638485, 0.755530, -0.146670, 0.025271, -0.769525, -0.623479, 0.138220, 0.182303, 0.000000, 0.000000, 0.000000, 1.000000, 0.037365, 0.062003, -0.997376, 0.143032, -0.995581, -0.083735, -0.042504, -0.041542, -0.086151, 0.994557, 0.058600, -0.004235, 0.000000, 0.000000, 0.000000, 1.000000
-29.8231, -25.2408, 17.7280, 145.1034, 167.1012, 25.2405, 182.3267, 143.0297, -41.5434, -4.2187, 0.638488, -0.755575, 0.146420, -0.025241, 0.769520, 0.623497, -0.138171, 0.017728, 0.013106, 0.200893, 0.979525, 0.145103, 0.000000, 0.000000, 0.000000, 1.000000, 0.013005, 0.200814, 0.979543, 0.167101, -0.638488, 0.755575, -0.146422, 0.025241, -0.769522, -0.623523, 0.138044, 0.182327, 0.000000, 0.000000, 0.000000, 1.000000, 0.037372, 0.062003, -0.997376, 0.143030, -0.995582, -0.083722, -0.042509, -0.041543, -0.086138, 0.994558, 0.058601, -0.004219, 0.000000, 0.000000, 0.000000, 1.000000
-29.8045, -25.2091, 17.7034, 145.1387, 167.1364, 25.2089, 182.3513, 143.0272, -41.5446, -4.2015, 0.638492, -0.755622, 0.146161, -0.025209, 0.769516, 0.623542, -0.137986, 0.017703, 0.013128, 0.200576, 0.979590, 0.145139, 0.000000, 0.000000, 0.000000, 1.000000, 0.013028, 0.200497, 0.979608, 0.167136, -0.638492, 0.755622, -0.146162, 0.025209, -0.769518, -0.623568, 0.137860, 0.182351, 0.000000, 0.000000, 0.000000, 1.000000, 0.037378, 0.062004, -0.997376, 0.143027, -0.995583, -0.083708, -0.042515, -0.041545, -0.086124, 0.994559, 0.058601, -0.004202, 0.000000, 0.000000, 0.000000, 1.000000
-29.7948, -25.1928, 17.6908, 145.1569, 167.1546, 25.1926, 182.3639, 143.0259, -41.5452, -4.1927, 0.638494, -0.755646, 0.146027, -0.025193, 0.769514, 0.623565, -0.137891, 0.017691, 0.013139, 0.200412, 0.979624, 0.145157, 0.000000, 0.000000, 0.000000, 1.000000, 0.013039, 0.200333, 0.979641, 0.167155, -0.638494, 0.755646, -0.146029, 0.025193, -0.769516, -0.623591, 0.137764, 0.182364, 0.000000, 0.000000, 0.000000, 1.000000, 0.037381, 0.062004, -0.997376, 0.143026, -0.995583, -0.083701, -0.042518, -0.041545, -0.086118, 0.994560, 0.058601, -0.004193, 0.000000, 0.000000, 0.000000, 1.000000
-29.7751, -25.1593, 17.6650, 145.1944, 167.1922, 25.1590, 182.3898, 143.0232, -41.5465, -4.1745, 0.638498, -0.755696, 0.145752, -0.025159, 0.769511, 0.623613, -0.137694, 0.017665, 0.013162, 0.200075, 0.979692, 0.145194, 0.000000, 0.000000, 0.000000, 1.000000, 0.013062, 0.199997, 0.979710, 0.167192, -0.638498, 0.755696, -0.145754, 0.025159, -0.769512, -0.623639, 0.137568, 0.182390, 0.000000, 0.000000, 0.000000, 1.000000, 0.037388, 0.062004, -0.997375, 0.143023, -0.995584, -0.083686, -0.042524, -0.041547, -0.086103, 0.994561, 0.058601, -0.004174, 0.000000, 0.000000, 0.000000, 1.000000
-29.7649, -25.1420, 17.6518, 145.2137, 167.2114, 25.1418, 182.4030, 143.0218, -41.5472, -4.1651, 0.638500, -0.755721, 0.145611, -0.025142, 0.769509, 0.623638, -0.137593, 0.017652, 0.013173, 0.199902, 0.979727, 0.145214, 0.000000, 0.000000, 0.000000, 1.000000, 0.013074, 0.199824, 0.979745, 0.167211, -0.638500, 0.755721, -0.145613, 0.025142, -0.769511, -0.623664, 0.137467, 0.182403, 0.000000, 0.000000, 0.000000, 1.000000, 0.037392, 0.062004, -0.997375, 0.143022, -0.995585, -0.083679, -0.042527, -0.041547, -0.086096, 0.994562, 0.058601, -0.004165, 0.000000, 0.000000, 0.000000, 1.000000
-29.7441, -25.1068, 17.6248, 145.2532, 167.2510, 25.1065, 182.4300, 143.0189, -41.5486, -4.1460, 0.638504, -0.755774, 0.145323, -0.025107, 0.769505, 0.623688, -0.137386, 0.017625, 0.013197, 0.199548, 0.979799, 0.145253, 0.000000, 0.000000, 0.000000, 1.000000, 0.013097, 0.199469, 0.979817, 0.167251, -0.638504, 0.755773, -0.145324, 0.025107, -0.769507, -0.623714, 0.137260, 0.182430, 0.000000, 0.000000, 0.000000, 1.000000, 0.037399, 0.062004, -0.997375, 0.143019, -0.995586, -0.083664, -0.042533, -0.041549, -0.086081, 0.994563, 0.058602, -0.004146, 0.000000, 0.000000, 0.000000, 1.000000
-29.7335, -25.0888, 17.6111, 145.2735, 167.2713, 25.0885, 182.4437, 143.0175, -41.5493, -4.1362, 0.638506, -0.755800, 0.145175, -0.025089, 0.769503, 0.623714, -0.137280, 0.017611, 0.013208, 0.199367, 0.979836, 0.145273, 0.000000, 0.000000, 0.000000, 1.000000, 0.013109, 0.199288, 0.979853, 0.167271, -0.638506, 0.755800, -0.145177, 0.025089, -0.769505, -0.623739, 0.137155, 0.182444, 0.000000, 0.000000, 0.000000, 1.000000, 0.037403, 0.062004, -0.997375, 0.143017, -0.995586, -0.083656, -0.042536, -0.041549, -0.086074, 0.994564, 0.058602, -0.004136, 0.000000, 0.000000, 0.000000, 1.000000
-29.7119, -25.0520, 17.5832, 145.3149, 167.3126, 25.0518, 182.4717, 143.0144, -41.5508, -4.1163, 0.638510, -0.755854, 0.144874, -0.025052, 0.769500, 0.623766, -0.137064, 0.017583, 0.013232, 0.198997, 0.979911, 0.145315, 0.000000, 0.000000, 0.000000, 1.000000, 0.013133, 0.198919, 0.979928, 0.167313, -0.638510, 0.755854, -0.144876, 0.025052, -0.769501, -0.623791, 0.136939, 0.182472, 0.000000, 0.000000, 0.000000, 1.000000, 0.037410, 0.062005, -0.997375, 0.143014, -0.995588, -0.083640, -0.042543, -0.041551, -0.086058, 0.994565, 0.058602, -0.004116, 0.000000, 0.000000, 0.000000, 1.000000
-29.6897, -25.0145, 17.5548, 145.3572, 167.3551, 25.0142, 182.5002, 143.0113, -41.5523, -4.0959, 0.638514, -0.755910, 0.144567, -0.025014, 0.769496, 0.623819, -0.136842, 0.017555, 0.013256, 0.198619, 0.979987, 0.145357, 0.000000, 0.000000, 0.000000, 1.000000, 0.013158, 0.198541, 0.980004, 0.167355, -0.638514, 0.755910, -0.144568, 0.025014, -0.769497, -0.623845, 0.136717, 0.182500, 0.000000, 0.000000, 0.000000, 1.000000, 0.037418, 0.062005, -0.997374, 0.143011, -0.995589, -0.083623, -0.042550, -0.041552, -0.086042, 0.994567, 0.058602, -0.004096, 0.000000, 0.000000, 0.000000, 1.000000
-29.6785, -24.9954, 17.5404, 145.3788, 167.3766, 24.9952, 182.5146, 143.0097, -41.5531, -4.0855, 0.638516, -0.755938, 0.144411, -0.024995, 0.769494, 0.623846, -0.136729, 0.017540, 0.013269, 0.198427, 0.980026, 0.145379, 0.000000, 0.000000, 0.000000, 1.000000, 0.013170, 0.198349, 0.980043, 0.167377, -0.638516, 0.755938, -0.144412, 0.024995, -0.769496, -0.623872, 0.136605, 0.182515, 0.000000, 0.000000, 0.000000, 1.000000, 0.037422, 0.062005, -0.997374, 0.143010, -0.995589, -0.083615, -0.042553, -0.041553, -0.086034, 0.994567, 0.058603, -0.004086, 0.000000, 0.000000, 0.000000, 1.000000
-29.6558, -24.9568, 17.5113, 145.4225, 167.4203, 24.9566, 182.5437, 143.0065, -41.5547, -4.0645, 0.638520, -0.755995, 0.144095, -0.024957, 0.769490, 0.623901, -0.136501, 0.017511, 0.013293, 0.198038, 0.980104, 0.145423, 0.000000, 0.000000, 0.000000, 1.000000, 0.013195, 0.197960, 0.980121, 0.167420, -0.638520, 0.755995, -0.144096, 0.024957, -0.769492, -0.623926, 0.136377, 0.182544, 0.000000, 0.000000, 0.000000, 1.000000, 0.037430, 0.062005, -0.997374, 0.143007, -0.995590, -0.083598, -0.042560, -0.041555, -0.086018, 0.994569, 0.058603, -0.004065, 0.000000, 0.000000, 0.000000, 1.000000
-29.6443, -24.9373, 17.4966, 145.4446, 167.4425, 24.9370, 182.5584, 143.0049, -41.5555, -4.0539, 0.638522, -0.756024, 0.143935, -0.024937, 0.769488, 0.623929, -0.136385, 0.017497, 0.013306, 0.197841, 0.980144, 0.145445, 0.000000, 0.000000, 0.000000, 1.000000, 0.013207, 0.197763, 0.980161, 0.167442, -0.638523, 0.756023, -0.143936, 0.024937, -0.769490, -0.623954, 0.136261, 0.182558, 0.000000, 0.000000, 0.000000, 1.000000, 0.037434, 0.062005, -0.997374, 0.143005, -0.995591, -0.083590, -0.042563, -0.041556, -0.086009, 0.994569, 0.058603, -0.004054, 0.000000, 0.000000, 0.000000, 1.000000
-29.6211, -24.8979, 17.4670, 145.4894, 167.4872, 24.8976, 182.5881, 143.0015, -41.5572, -4.0325, 0.638527, -0.756082, 0.143612, -0.024898, 0.769484, 0.623984, -0.136152, 0.017467, 0.013330, 0.197444, 0.980224, 0.145489, 0.000000, 0.000000, 0.000000, 1.000000, 0.013232, 0.197366, 0.980241, 0.167487, -0.638527, 0.756081, -0.143613, 0.024898, -0.769486, -0.624009, 0.136028, 0.182588, 0.000000, 0.000000, 0.000000, 1.000000, 0.037442, 0.062006, -0.997373, 0.143002, -0.995592, -0.083573, -0.042570, -0.041557, -0.085993, 0.994571, 0.058603, -0.004032, 0.000000, 0.000000, 0.000000, 1.000000
-29.6094, -24.8780, 17.4521, 145.5119, 167.5098, 24.8778, 182.6030, 142.9999, -41.5580, -4.0217, 0.638529, -0.756111, 0.143449, -0.024878, 0.769482, 0.624012, -0.136034, 0.017452, 0.013343, 0.197243, 0.980264, 0.145512, 0.000000, 0.000000, 0.000000, 1.000000, 0.013245, 0.197166, 0.980281, 0.167510, -0.638529, 0.756111, -0.143451, 0.024878, -0.769484, -0.624037, 0.135911, 0.182603, 0.000000, 0.000000, 0.000000, 1.000000, 0.037446, 0.062006, -0.997373, 0.143000, -0.995593, -0.083564, -0.042574, -0.041558, -0.085984, 0.994571, 0.058603, -0.004022, 0.000000, 0.000000, 0.000000, 1.000000
-29.5740, -24.8181, 17.4072, 145.5802, 167.5780, 24.8178, 182.6480, 142.9948, -41.5606, -3.9891, 0.638535, -0.756199, 0.142957, -0.024818, 0.769477, 0.624097, -0.135678, 0.017407, 0.013380, 0.196638, 0.980385, 0.145580, 0.000000, 0.000000, 0.000000, 1.000000, 0.013283, 0.196561, 0.980402, 0.167578, -0.638535, 0.756199, -0.142959, 0.024818, -0.769479, -0.624121, 0.135555, 0.182648, 0.000000, 0.000000, 0.000000, 1.000000, 0.037458, 0.062006, -0.997373, 0.142995, -0.995594, -0.083538, -0.042585, -0.041561, -0.085959, 0.994574, 0.058604, -0.003989, 0.000000, 0.000000, 0.000000, 1.000000
-29.5503, -24.7779, 17.3771, 145.6260, 167.6239, 24.7776, 182.6781, 142.9913, -41.5623, -3.9672, 0.638538, -0.756258, 0.142628, -0.024778, 0.769473, 0.624153, -0.135439, 0.017377, 0.013406, 0.196231, 0.980466, 0.145626, 0.000000, 0.000000, 0.000000, 1.000000, 0.013308, 0.196155, 0.980483, 0.167624, -0.638539, 0.756258, -0.142629, 0.024778, -0.769475, -0.624178, 0.135317, 0.182678, 0.000000, 0.000000, 0.000000, 1.000000, 0.037466, 0.062006, -0.997372, 0.142991, -0.995595, -0.083520, -0.042592, -0.041562, -0.085942, 0.994575, 0.058604, -0.003967, 0.000000, 0.000000, 0.000000, 1.000000
-29.5385, -24.7578, 17.3621, 145.6490, 167.6469, 24.7575, 182.6932, 142.9896, -41.5631, -3.9562, 0.638540, -0.756287, 0.142463, -0.024758, 0.769471, 0.624181, -0.135320, 0.017362, 0.013418, 0.196028, 0.980506, 0.145649, 0.000000, 0.000000, 0.000000, 1.000000, 0.013321, 0.195951, 0.980523, 0.167647, -0.638540, 0.756287, -0.142464, 0.024758, -0.769473, -0.624206, 0.135197, 0.182693, 0.000000, 0.000000, 0.000000, 1.000000, 0.037470, 0.062007, -0.997372, 0.142990, -0.995596, -0.083511, -0.042595, -0.041563, -0.085933, 0.994576, 0.058604, -0.003956, 0.000000, 0.000000, 0.000000, 1.000000
-29.5148, -24.7167, 17.3364, 145.6975, 167.6954, 24.7165, 182.7189, 142.9853, -41.5657, -3.9340, 0.638542, -0.756348, 0.142135, -0.024717, 0.769470, 0.624238, -0.135064, 0.017336, 0.013429, 0.195612, 0.980589, 0.145698, 0.000000, 0.000000, 0.000000, 1.000000, 0.013332, 0.195536, 0.980606, 0.167695, -0.638542, 0.756348, -0.142136, 0.024716, -0.769472, -0.624263, 0.134941, 0.182719, 0.000000, 0.000000, 0.000000, 1.000000, 0.037478, 0.062007, -0.997372, 0.142985, -0.995597, -0.083494, -0.042603, -0.041566, -0.085916, 0.994577, 0.058604, -0.003934, 0.000000, 0.000000, 0.000000, 1.000000
-29.4913, -24.6760, 17.3105, 145.7457, 167.7435, 24.6758, 182.7448, 142.9812, -41.5682, -3.9118, 0.638543, -0.756408, 0.141808, -0.024676, 0.769469, 0.624294, -0.134811, 0.017310, 0.013442, 0.195199, 0.980671, 0.145746, 0.000000, 0.000000, 0.000000, 1.000000, 0.013345, 0.195123, 0.980688, 0.167744, -0.638543, 0.756408, -0.141810, 0.024676, -0.769471, -0.624319, 0.134688, 0.182745, 0.000000, 0.000000, 0.000000, 1.000000, 0.037487, 0.062007, -0.997372, 0.142981, -0.995598, -0.083476, -0.042610, -0.041568, -0.085899, 0.994579, 0.058604, -0.003912, 0.000000, 0.000000, 0.000000, 1.000000
-29.4796, -24.6558, 17.2974, 145.7695, 167.7674, 24.6556, 182.7578, 142.9791, -41.5694, -3.9009, 0.638543, -0.756438, 0.141646, -0.024656, 0.769468, 0.624322, -0.134686, 0.017297, 0.013449, 0.194994, 0.980712, 0.145770, 0.000000, 0.000000, 0.000000, 1.000000, 0.013352, 0.194918, 0.980729, 0.167767, -0.638543, 0.756438, -0.141647, 0.024656, -0.769470, -0.624347, 0.134563, 0.182758, 0.000000, 0.000000, 0.000000, 1.000000, 0.037491, 0.062007, -0.997371, 0.142979, -0.995599, -0.083467, -0.042613, -0.041569, -0.085890, 0.994579, 0.058605, -0.003901, 0.000000, 0.000000, 0.000000, 1.000000
-29.4563, -24.6157, 17.2712, 145.8168, 167.8147, 24.6155, 182.7840, 142.9751, -41.5717, -3.8791, 0.638545, -0.756497, 0.141322, -0.024616, 0.769467, 0.624377, -0.134438, 0.017271, 0.013464, 0.194588, 0.980793, 0.145817, 0.000000, 0.000000, 0.000000, 1.000000, 0.013366, 0.194511, 0.980809, 0.167815, -0.638545, 0.756497, -0.141324, 0.024615, -0.769468, -0.624402, 0.134316, 0.182784, 0.000000, 0.000000, 0.000000, 1.000000, 0.037499, 0.062007, -0.997371, 0.142975, -0.995600, -0.083450, -0.042620, -0.041572, -0.085873, 0.994581, 0.058605, -0.003879, 0.000000, 0.000000, 0.000000, 1.000000
-29.4448, -24.5959, 17.2580, 145.8401, 167.8380, 24.5956, 182.7972, 142.9732, -41.5728, -3.8683, 0.638546, -0.756527, 0.141162, -0.024596, 0.769466, 0.624405, -0.134316, 0.017258, 0.013471, 0.194386, 0.980833, 0.145840, 0.000000, 0.000000, 0.000000, 1.000000, 0.013374, 0.194310, 0.980849, 0.167838, -0.638546, 0.756526, -0.141164, 0.024596, -0.769468, -0.624429, 0.134193, 0.182797, 0.000000, 0.000000, 0.000000, 1.000000, 0.037503, 0.062007, -0.997371, 0.142973, -0.995601, -0.083441, -0.042624, -0.041573, -0.085865, 0.994582, 0.058605, -0.003868, 0.000000, 0.000000, 0.000000, 1.000000
-29.4219, -24.5566, 17.2316, 145.8862, 167.8841, 24.5564, 182.8236, 142.9694, -41.5750, -3.8469, 0.638547, -0.756584, 0.140844, -0.024557, 0.769464, 0.624459, -0.134075, 0.017232, 0.013488, 0.193988, 0.980911, 0.145886, 0.000000, 0.000000, 0.000000, 1.000000, 0.013391, 0.193911, 0.980928, 0.167884, -0.638547, 0.756584, -0.140846, 0.024556, -0.769466, -0.624483, 0.133953, 0.182824, 0.000000, 0.000000, 0.000000, 1.000000, 0.037511, 0.062007, -0.997371, 0.142969, -0.995602, -0.083424, -0.042631, -0.041575, -0.085848, 0.994583, 0.058605, -0.003847, 0.000000, 0.000000, 0.000000, 1.000000
-29.4106, -24.5372, 17.2184, 145.9089, 167.9068, 24.5370, 182.8368, 142.9675, -41.5760, -3.8364, 0.638548, -0.756613, 0.140687, -0.024537, 0.769463, 0.624485, -0.133957, 0.017218, 0.013497, 0.193791, 0.980950, 0.145909, 0.000000, 0.000000, 0.000000, 1.000000, 0.013399, 0.193714, 0.980966, 0.167907, -0.638548, 0.756613, -0.140688, 0.024537, -0.769465, -0.624509, 0.133834, 0.182837, 0.000000, 0.000000, 0.000000, 1.000000, 0.037514, 0.062007, -0.997370, 0.142967, -0.995602, -0.083416, -0.042634, -0.041576, -0.085840, 0.994584, 0.058605, -0.003836, 0.000000, 0.000000, 0.000000, 1.000000
-29.3882, -24.4989, 17.1919, 145.9537, 167.9516, 24.4987, 182.8633, 142.9639, -41.5780, -3.8156, 0.638550, -0.756669, 0.140375, -0.024499, 0.769461, 0.624538, -0.133724, 0.017192, 0.013515, 0.193403, 0.981026, 0.145954, 0.000000, 0.000000, 0.000000, 1.000000, 0.013418, 0.193326, 0.981043, 0.167952, -0.638550, 0.756669, -0.140377, 0.024499, -0.769463, -0.624562, 0.133601, 0.182863, 0.000000, 0.000000, 0.000000, 1.000000, 0.037522, 0.062007, -0.997370, 0.142964, -0.995604, -0.083399, -0.042641, -0.041578, -0.085824, 0.994585, 0.058605, -0.003816, 0.000000, 0.000000, 0.000000, 1.000000
-29.3662, -24.4614, 17.1655, 145.9974, 167.9953, 24.4612, 182.8898, 142.9604, -41.5798, -3.7952, 0.638553, -0.756724, 0.140069, -0.024461, 0.769459, 0.624589, -0.133496, 0.017165, 0.013534, 0.193022, 0.981101, 0.145997, 0.000000, 0.000000, 0.000000, 1.000000, 0.013437, 0.192945, 0.981118, 0.167995, -0.638553, 0.756724, -0.140071, 0.024461, -0.769461, -0.624613, 0.133374, 0.182890, 0.000000, 0.000000, 0.000000, 1.000000, 0.037530, 0.062007, -0.997370, 0.142960, -0.995605, -0.083383, -0.042647, -0.041580, -0.085808, 0.994587, 0.058605, -0.003795, 0.000000, 0.000000, 0.000000, 1.000000
-29.3554, -24.4429, 17.1522, 146.0189, 168.0168, 24.4427, 182.9030, 142.9587, -41.5807, -3.7851, 0.638554, -0.756751, 0.139918, -0.024443, 0.769458, 0.624614, -0.133385, 0.017152, 0.013544, 0.192834, 0.981138, 0.146019, 0.000000, 0.000000, 0.000000, 1.000000, 0.013447, 0.192758, 0.981154, 0.168017, -0.638554, 0.756751, -0.139920, 0.024443, -0.769460, -0.624638, 0.133263, 0.182903, 0.000000, 0.000000, 0.000000, 1.000000, 0.037534, 0.062007, -0.997370, 0.142959, -0.995605, -0.083375, -0.042651, -0.041581, -0.085800, 0.994587, 0.058605, -0.003785, 0.000000, 0.000000, 0.000000, 1.000000
-29.3340, -24.4066, 17.1259, 146.0611, 168.0590, 24.4064, 182.9293, 142.9554, -41.5824, -3.7654, 0.638556, -0.756804, 0.139620, -0.024407, 0.769456, 0.624664, -0.133167, 0.017126, 0.013565, 0.192466, 0.981210, 0.146061, 0.000000, 0.000000, 0.000000, 1.000000, 0.013468, 0.192389, 0.981226, 0.168059, -0.638556, 0.756804, -0.139622, 0.024406, -0.769457, -0.624688, 0.133044, 0.182929, 0.000000, 0.000000, 0.000000, 1.000000, 0.037541, 0.062007, -0.997369, 0.142955, -0.995606, -0.083359, -0.042657, -0.041582, -0.085785, 0.994589, 0.058606, -0.003765, 0.000000, 0.000000, 0.000000, 1.000000
-29.3235, -24.3887, 17.1128, 146.0817, 168.0796, 24.3885, 182.9424, 142.9538, -41.5832, -3.7556, 0.638557, -0.756830, 0.139473, -0.024389, 0.769454, 0.624688, -0.133060, 0.017113, 0.013576, 0.192285, 0.981245, 0.146082, 0.000000, 0.000000, 0.000000, 1.000000, 0.013479, 0.192208, 0.981262, 0.168080, -0.638557, 0.756830, -0.139475, 0.024389, -0.769456, -0.624712, 0.132937, 0.182942, 0.000000, 0.000000, 0.000000, 1.000000, 0.037545, 0.062007, -0.997369, 0.142954, -0.995607, -0.083351, -0.042660, -0.041583, -0.085777, 0.994589, 0.058606, -0.003756, 0.000000, 0.000000, 0.000000, 1.000000
-29.3028, -24.3537, 17.0868, 146.1222, 168.1201, 24.3535, 182.9685, 142.9507, -41.5847, -3.7366, 0.638560, -0.756881, 0.139185, -0.024354, 0.769452, 0.624736, -0.132851, 0.017087, 0.013598, 0.191929, 0.981315, 0.146122, 0.000000, 0.000000, 0.000000, 1.000000, 0.013501, 0.191853, 0.981331, 0.168120, -0.638560, 0.756880, -0.139187, 0.024353, -0.769454, -0.624760, 0.132728, 0.182968, 0.000000, 0.000000, 0.000000, 1.000000, 0.037552, 0.062008, -0.997369, 0.142951, -0.995608, -0.083336, -0.042666, -0.041585, -0.085762, 0.994590, 0.058606, -0.003737, 0.000000, 0.000000, 0.000000, 1.000000
-29.2926, -24.3365, 17.0738, 146.1420, 168.1399, 24.3363, 182.9814, 142.9492, -41.5854, -3.7272, 0.638561, -0.756906, 0.139043, -0.024337, 0.769450, 0.624759, -0.132748, 0.017074, 0.013610, 0.191755, 0.981348, 0.146142, 0.000000, 0.000000, 0.000000, 1.000000, 0.013513, 0.191678, 0.981365, 0.168140, -0.638561, 0.756905, -0.139045, 0.024336, -0.769452, -0.624783, 0.132626, 0.182981, 0.000000, 0.000000, 0.000000, 1.000000, 0.037555, 0.062008, -0.997369, 0.142949, -0.995608, -0.083328, -0.042670, -0.041585, -0.085755, 0.994591, 0.058606, -0.003727, 0.000000, 0.000000, 0.000000, 1.000000
