# Joint_5_Angle(deg), Cam_X(mm), Cam_Y(mm), Cam_Z(mm), Torso_X(mm), Torso_Y(mm), Torso_Z(mm), EE_X(mm), EE_Y(mm), EE_Z(mm), T_cam2marker_flat(16), T_torso2marker_flat(16), T_ee2marker_flat(16)
-29.9982, -28.4563, 17.6363, 151.2583, 173.2554, 28.4561, 182.4113, 137.2286, -40.0389, -0.5474, 0.622792, -0.777078, 0.090994, -0.028456, 0.780015, 0.607639, -0.149506, 0.017636, 0.060886, 0.164088, 0.984565, 0.151258, 0.000000, 0.000000, 0.000000, 1.000000, 0.060752, 0.163985, 0.984590, 0.173255, -0.622792, 0.777078, -0.090996, 0.028456, -0.780025, -0.607667, 0.149338, 0.182411, 0.000000, 0.000000, 0.000000, 1.000000, -0.004065, 0.100938, -0.994884, 0.137229, -0.998441, -0.055802, -0.001582, -0.040039, -0.055676, 0.993327, 0.101008, -0.000547, 0.000000, 0.000000, 0.000000, 1.000000
-29.9985, -28.4567, 17.6370, 151.2580, 173.2551, 28.4564, 182.4106, 137.2286, -40.0390, -0.5476, 0.622792, -0.777078, 0.090998, -0.028457, 0.780015, 0.607638, -0.149507, 0.017637, 0.060885, 0.164092, 0.984564, 0.151258, 0.000000, 0.000000, 0.000000, 1.000000, 0.060750, 0.163989, 0.984590, 0.173255, -0.622792, 0.777077, -0.091000, 0.028456, -0.780025, -0.607666, 0.149339, 0.182411, 0.000000, 0.000000, 0.000000, 1.000000, -0.004065, 0.100938, -0.994884, 0.137229, -0.998441, -0.055802, -0.001582, -0.040039, -0.055676, 0.993327, 0.101008, -0.000548, 0.000000, 0.000000, 0.000000, 1.000000
-29.9987, -28.4570, 17.6378, 151.2577, 173.2548, 28.4568, 182.4099, 137.2286, -40.0391, -0.5478, 0.622792, -0.777077, 0.091002, -0.028457, 0.780015, 0.607638, -0.149508, 0.017638, 0.060883, 0.164095, 0.984564, 0.151258, 0.000000, 0.000000, 0.000000, 1.000000, 0.060749, 0.163993, 0.984589, 0.173255, -0.622792, 0.777077, -0.091004, 0.028457, -0.780026, -0.607666, 0.149340, 0.182410, 0.000000, 0.000000, 0.000000, 1.000000, -0.004065, 0.100938, -0.994884, 0.137229, -0.998441, -0.055802, -0.001582, -0.040039, -0.055676, 0.993327, 0.101008, -0.000548, 0.000000, 0.000000, 0.000000, 1.000000
-29.9989, -28.4572, 17.6381, 151.2576, 173.2546, 28.4569, 182.4096, 137.2286, -40.0391, -0.5479, 0.622791, -0.777077, 0.091004, -0.028457, 0.780016, 0.607637, -0.149508, 0.017638, 0.060882, 0.164097, 0.984564, 0.151258, 0.000000, 0.000000, 0.000000, 1.000000, 0.060748, 0.163995, 0.984589, 0.173255, -0.622792, 0.777077, -0.091005, 0.028457, -0.780026, -0.607665, 0.149341, 0.182410, 0.000000, 0.000000, 0.000000, 1.000000, -0.004065, 0.100938, -0.994884, 0.137229, -0.998441, -0.055802, -0.001582, -0.040039, -0.055676, 0.993327, 0.101008, -0.000548, 0.000000, 0.000000, 0.000000, 1.000000
-29.9990, -28.4574, 17.6385, 151.2575, 173.2545, 28.4571, 182.4092, 137.2286, -40.0391, -0.5480, 0.622791, -0.777077, 0.091006, -0.028457, 0.780016, 0.607637, -0.149509, 0.017639, 0.060882, 0.164099, 0.984563, 0.151257, 0.000000, 0.000000, 0.000000, 1.000000, 0.060748, 0.163997, 0.984589, 0.173255, -0.622791, 0.777077, -0.091007, 0.028457, -0.780026, -0.607665, 0.149341, 0.182409, 0.000000, 0.000000, 0.000000, 1.000000, -0.004065, 0.100938, -0.994884, 0.137229, -0.998441, -0.055802, -0.001582, -0.040039, -0.055676, 0.993327, 0.101008, -0.000548, 0.000000, 0.000000, 0.000000, 1.000000
-29.9993, -28.4577, 17.6392, 151.2572, 173.2542, 28.4574, 182.4085, 137.2286, -40.0392, -0.5482, 0.622791, -0.777077, 0.091009, -0.028458, 0.780016, 0.607636, -0.149510, 0.017639, 0.060880, 0.164102, 0.984563, 0.151257, 0.000000, 0.000000, 0.000000, 1.000000, 0.060747, 0.164000, 0.984588, 0.173254, -0.622791, 0.777077, -0.091011, 0.028457, -0.780026, -0.607664, 0.149343, 0.182409, 0.000000, 0.000000, 0.000000, 1.000000, -0.004065, 0.100938, -0.994884, 0.137229, -0.998441, -0.055802, -0.001582, -0.040039, -0.055676, 0.993327, 0.101008, -0.000548, 0.000000, 0.000000, 0.000000, 1.000000
-29.9995, -28.4580, 17.6399, 151.2570, 173.2540, 28.4577, 182.4079, 137.2286, -40.0393, -0.5483, 0.622791, -0.777077, 0.091013, -0.028458, 0.780016, 0.607636, -0.149511, 0.017640, 0.060879, 0.164105, 0.984562, 0.151257, 0.000000, 0.000000, 0.000000, 1.000000, 0.060745, 0.164003, 0.984588, 0.173254, -0.622791, 0.777077, -0.091014, 0.028458, -0.780027, -0.607663, 0.149344, 0.182408, 0.000000, 0.000000, 0.000000, 1.000000, -0.004065, 0.100938, -0.994884, 0.137229, -0.998441, -0.055802, -0.001582, -0.040039, -0.055676, 0.993327, 0.101008, -0.000548, 0.000000, 0.000000, 0.000000, 1.000000
-29.9996, -28.4581, 17.6404, 151.2569, 173.2539, 28.4579, 182.4074, 137.2285, -40.0393, -0.5484, 0.622790, -0.777077, 0.091015, -0.028458, 0.780017, 0.607635, -0.149511, 0.017640, 0.060878, 0.164107, 0.984562, 0.151257, 0.000000, 0.000000, 0.000000, 1.000000, 0.060744, 0.164005, 0.984587, 0.173254, -0.622790, 0.777077, -0.091016, 0.028458, -0.780027, -0.607663, 0.149344, 0.182407, 0.000000, 0.000000, 0.000000, 1.000000, -0.004065, 0.100938, -0.994884, 0.137229, -0.998441, -0.055802, -0.001582, -0.040039, -0.055676, 0.993327, 0.101008, -0.000548, 0.000000, 0.000000, 0.000000, 1.000000
-29.9997, -28.4581, 17.6406, 151.2569, 173.2540, 28.4579, 182.4072, 137.2285, -40.0394, -0.5485, 0.622790, -0.777077, 0.091015, -0.028458, 0.780017, 0.607635, -0.149510, 0.017641, 0.060877, 0.164107, 0.984562, 0.151257, 0.000000, 0.000000, 0.000000, 1.000000, 0.060744, 0.164005, 0.984587, 0.173254, -0.622790, 0.777077, -0.091017, 0.028458, -0.780027, -0.607663, 0.149344, 0.182407, 0.000000, 0.000000, 0.000000, 1.000000, -0.004065, 0.100938, -0.994884, 0.137229, -0.998441, -0.055802, -0.001582, -0.040039, -0.055676, 0.993327, 0.101008, -0.000548, 0.000000, 0.000000, 0.000000, 1.000000
-29.9996, -28.4579, 17.6408, 151.2572, 173.2543, 28.4577, 182.4071, 137.2284, -40.0394, -0.5483, 0.622790, -0.777077, 0.091014, -0.028458, 0.780017, 0.607635, -0.149508, 0.017641, 0.060876, 0.164105, 0.984563, 0.151257, 0.000000, 0.000000, 0.000000, 1.000000, 0.060743, 0.164003, 0.984588, 0.173254, -0.622790, 0.777077, -0.091015, 0.028458, -0.780028, -0.607663, 0.149342, 0.182407, 0.000000, 0.000000, 0.000000, 1.000000, -0.004065, 0.100938, -0.994884, 0.137228, -0.998441, -0.055802, -0.001582, -0.040039, -0.055676, 0.993327, 0.101008, -0.000548, 0.000000, 0.000000, 0.000000, 1.000000
-29.9994, -28.4577, 17.6408, 151.2576, 173.2547, 28.4574, 182.4071, 137.2284, -40.0395, -0.5482, 0.622790, -0.777078, 0.091012, -0.028458, 0.780017, 0.607635, -0.149506, 0.017641, 0.060876, 0.164102, 0.984563, 0.151258, 0.000000, 0.000000, 0.000000, 1.000000, 0.060743, 0.164000, 0.984588, 0.173255, -0.622790, 0.777077, -0.091013, 0.028457, -0.780028, -0.607663, 0.149340, 0.182407, 0.000000, 0.000000, 0.000000, 1.000000, -0.004065, 0.100938, -0.994884, 0.137228, -0.998441, -0.055802, -0.001582, -0.040039, -0.055676, 0.993327, 0.101008, -0.000548, 0.000000, 0.000000, 0.000000, 1.000000
-29.9989, -28.4568, 17.6404, 151.2588, 173.2558, 28.4565, 182.4075, 137.2282, -40.0395, -0.5477, 0.622789, -0.777079, 0.091005, -0.028457, 0.780018, 0.607637, -0.149500, 0.017640, 0.060876, 0.164092, 0.984565, 0.151259, 0.000000, 0.000000, 0.000000, 1.000000, 0.060743, 0.163991, 0.984590, 0.173256, -0.622790, 0.777079, -0.091006, 0.028457, -0.780028, -0.607664, 0.149334, 0.182408, 0.000000, 0.000000, 0.000000, 1.000000, -0.004065, 0.100938, -0.994884, 0.137228, -0.998441, -0.055802, -0.001582, -0.040040, -0.055676, 0.993327, 0.101008, -0.000548, 0.000000, 0.000000, 0.000000, 1.000000
-29.9985, -28.4561, 17.6400, 151.2596, 173.2567, 28.4558, 182.4080, 137.2281, -40.0395, -0.5473, 0.622789, -0.777080, 0.090999, -0.028456, 0.780018, 0.607638, -0.149496, 0.017640, 0.060876, 0.164085, 0.984566, 0.151260, 0.000000, 0.000000, 0.000000, 1.000000, 0.060743, 0.163984, 0.984591, 0.173257, -0.622789, 0.777079, -0.091000, 0.028456, -0.780028, -0.607665, 0.149329, 0.182408, 0.000000, 0.000000, 0.000000, 1.000000, -0.004065, 0.100938, -0.994884, 0.137228, -0.998441, -0.055802, -0.001582, -0.040040, -0.055676, 0.993327, 0.101008, -0.000547, 0.000000, 0.000000, 0.000000, 1.000000
-29.9973, -28.4542, 17.6387, 151.2620, 173.2591, 28.4539, 182.4093, 137.2278, -40.0396, -0.5462, 0.622789, -0.777082, 0.090982, -0.028454, 0.780018, 0.607641, -0.149483, 0.017639, 0.060876, 0.164065, 0.984569, 0.151262, 0.000000, 0.000000, 0.000000, 1.000000, 0.060744, 0.163963, 0.984594, 0.173259, -0.622789, 0.777081, -0.090984, 0.028454, -0.780028, -0.607668, 0.149317, 0.182409, 0.000000, 0.000000, 0.000000, 1.000000, -0.004065, 0.100938, -0.994884, 0.137228, -0.998441, -0.055802, -0.001582, -0.040040, -0.055676, 0.993327, 0.101008, -0.000546, 0.000000, 0.000000, 0.000000, 1.000000
-29.9973, -28.4542, 17.6387, 151.2620, 173.2591, 28.4539, 182.4093, 137.2278, -40.0396, -0.5462, 0.622789, -0.777082, 0.090982, -0.028454, 0.780018, 0.607641, -0.149483, 0.017639, 0.060876, 0.164065, 0.984569, 0.151262, 0.000000, 0.000000, 0.000000, 1.000000, 0.060744, 0.163963, 0.984594, 0.173259, -0.622789, 0.777081, -0.090984, 0.028454, -0.780028, -0.607668, 0.149317, 0.182409, 0.000000, 0.000000, 0.000000, 1.000000, -0.004065, 0.100938, -0.994884, 0.137228, -0.998441, -0.055802, -0.001582, -0.040040, -0.055676, 0.993327, 0.101008, -0.000546, 0.000000, 0.000000, 0.000000, 1.000000
-29.9933, -28.4477, 17.6339, 151.2699, 173.2670, 28.4474, 182.4142, 137.2267, -40.0397, -0.5426, 0.622789, -0.777088, 0.090926, -0.028448, 0.780018, 0.607651, -0.149443, 0.017634, 0.060879, 0.163995, 0.984581, 0.151270, 0.000000, 0.000000, 0.000000, 1.000000, 0.060747, 0.163894, 0.984606, 0.173267, -0.622789, 0.777088, -0.090928, 0.028447, -0.780028, -0.607678, 0.149277, 0.182414, 0.000000, 0.000000, 0.000000, 1.000000, -0.004065, 0.100938, -0.994884, 0.137227, -0.998441, -0.055802, -0.001582, -0.040040, -0.055676, 0.993327, 0.101008, -0.000543, 0.000000, 0.000000, 0.000000, 1.000000
-29.9903, -28.4428, 17.6301, 151.2759, 173.2729, 28.4426, 182.4180, 137.2260, -40.0397, -0.5398, 0.622789, -0.777093, 0.090884, -0.028443, 0.780017, 0.607658, -0.149413, 0.017630, 0.060881, 0.163943, 0.984589, 0.151276, 0.000000, 0.000000, 0.000000, 1.000000, 0.060749, 0.163843, 0.984614, 0.173273, -0.622789, 0.777093, -0.090885, 0.028443, -0.780028, -0.607686, 0.149247, 0.182418, 0.000000, 0.000000, 0.000000, 1.000000, -0.004065, 0.100938, -0.994884, 0.137226, -0.998441, -0.055802, -0.001582, -0.040040, -0.055676, 0.993327, 0.101008, -0.000540, 0.000000, 0.000000, 0.000000, 1.000000
-29.9866, -28.4364, 17.6276, 151.2845, 173.2816, 28.4361, 182.4205, 137.2246, -40.0401, -0.5362, 0.622788, -0.777100, 0.090832, -0.028436, 0.780019, 0.607668, -0.149367, 0.017628, 0.060877, 0.163874, 0.984601, 0.151285, 0.000000, 0.000000, 0.000000, 1.000000, 0.060746, 0.163774, 0.984626, 0.173282, -0.622788, 0.777100, -0.090833, 0.028436, -0.780029, -0.607696, 0.149202, 0.182420, 0.000000, 0.000000, 0.000000, 1.000000, -0.004065, 0.100938, -0.994884, 0.137225, -0.998441, -0.055802, -0.001582, -0.040040, -0.055676, 0.993327, 0.101008, -0.000536, 0.000000, 0.000000, 0.000000, 1.000000
-29.9845, -28.4321, 17.6293, 151.2914, 173.2885, 28.4319, 182.4188, 137.2233, -40.0410, -0.5337, 0.622786, -0.777106, 0.090803, -0.028432, 0.780022, 0.607674, -0.149329, 0.017629, 0.060865, 0.163828, 0.984609, 0.151291, 0.000000, 0.000000, 0.000000, 1.000000, 0.060733, 0.163727, 0.984634, 0.173289, -0.622786, 0.777105, -0.090805, 0.028432, -0.780032, -0.607701, 0.149163, 0.182419, 0.000000, 0.000000, 0.000000, 1.000000, -0.004065, 0.100938, -0.994884, 0.137223, -0.998441, -0.055802, -0.001582, -0.040041, -0.055676, 0.993327, 0.101008, -0.000534, 0.000000, 0.000000, 0.000000, 1.000000
-29.9796, -28.4227, 17.6312, 151.3061, 173.3031, 28.4225, 182.4168, 137.2205, -40.0425, -0.5284, 0.622781, -0.777117, 0.090737, -0.028423, 0.780027, 0.607686, -0.149249, 0.017631, 0.060844, 0.163726, 0.984628, 0.151306, 0.000000, 0.000000, 0.000000, 1.000000, 0.060712, 0.163625, 0.984653, 0.173303, -0.622781, 0.777117, -0.090738, 0.028422, -0.780037, -0.607714, 0.149083, 0.182417, 0.000000, 0.000000, 0.000000, 1.000000, -0.004065, 0.100938, -0.994884, 0.137221, -0.998441, -0.055802, -0.001582, -0.040043, -0.055676, 0.993327, 0.101008, -0.000528, 0.000000, 0.000000, 0.000000, 1.000000
-29.9739, -28.4121, 17.6311, 151.3219, 173.3189, 28.4119, 182.4168, 137.2178, -40.0439, -0.5223, 0.622777, -0.777130, 0.090658, -0.028412, 0.780032, 0.607701, -0.149164, 0.017631, 0.060827, 0.163612, 0.984648, 0.151322, 0.000000, 0.000000, 0.000000, 1.000000, 0.060694, 0.163510, 0.984673, 0.173319, -0.622777, 0.777129, -0.090659, 0.028412, -0.780042, -0.607729, 0.148998, 0.182417, 0.000000, 0.000000, 0.000000, 1.000000, -0.004065, 0.100938, -0.994884, 0.137218, -0.998441, -0.055802, -0.001582, -0.040044, -0.055676, 0.993327, 0.101008, -0.000522, 0.000000, 0.000000, 0.000000, 1.000000
-29.9707, -28.4063, 17.6302, 151.3302, 173.3273, 28.4061, 182.4176, 137.2164, -40.0445, -0.5191, 0.622775, -0.777136, 0.090613, -0.028406, 0.780034, 0.607709, -0.149119, 0.017630, 0.060820, 0.163549, 0.984659, 0.151330, 0.000000, 0.000000, 0.000000, 1.000000, 0.060687, 0.163448, 0.984684, 0.173327, -0.622775, 0.777136, -0.090615, 0.028406, -0.780044, -0.607737, 0.148953, 0.182418, 0.000000, 0.000000, 0.000000, 1.000000, -0.004065, 0.100938, -0.994884, 0.137216, -0.998441, -0.055802, -0.001582, -0.040045, -0.055676, 0.993327, 0.101008, -0.000519, 0.000000, 0.000000, 0.000000, 1.000000
-29.9636, -28.3937, 17.6268, 151.3478, 173.3449, 28.3935, 182.4210, 137.2135, -40.0456, -0.5119, 0.622771, -0.777151, 0.090514, -0.028394, 0.780037, 0.607728, -0.149027, 0.017627, 0.060808, 0.163414, 0.984682, 0.151348, 0.000000, 0.000000, 0.000000, 1.000000, 0.060675, 0.163312, 0.984707, 0.173345, -0.622771, 0.777150, -0.090516, 0.028393, -0.780048, -0.607755, 0.148860, 0.182421, 0.000000, 0.000000, 0.000000, 1.000000, -0.004064, 0.100938, -0.994884, 0.137214, -0.998441, -0.055802, -0.001583, -0.040046, -0.055676, 0.993327, 0.101008, -0.000512, 0.000000, 0.000000, 0.000000, 1.000000
-29.9597, -28.3869, 17.6243, 151.3571, 173.3542, 28.3867, 182.4235, 137.2121, -40.0461, -0.5081, 0.622770, -0.777158, 0.090459, -0.028387, 0.780039, 0.607738, -0.148978, 0.017624, 0.060804, 0.163341, 0.984694, 0.151357, 0.000000, 0.000000, 0.000000, 1.000000, 0.060671, 0.163239, 0.984719, 0.173354, -0.622770, 0.777158, -0.090461, 0.028387, -0.780049, -0.607765, 0.148811, 0.182423, 0.000000, 0.000000, 0.000000, 1.000000, -0.004064, 0.100938, -0.994884, 0.137212, -0.998441, -0.055802, -0.001583, -0.040046, -0.055676, 0.993327, 0.101008, -0.000508, 0.000000, 0.000000, 0.000000, 1.000000
-29.9511, -28.3723, 17.6175, 151.3768, 173.3738, 28.3721, 182.4302, 137.2092, -40.0469, -0.4998, 0.622768, -0.777174, 0.090339, -0.028372, 0.780041, 0.607760, -0.148877, 0.017617, 0.060799, 0.163184, 0.984721, 0.151377, 0.000000, 0.000000, 0.000000, 1.000000, 0.060665, 0.163082, 0.984746, 0.173374, -0.622768, 0.777174, -0.090341, 0.028372, -0.780051, -0.607787, 0.148709, 0.182430, 0.000000, 0.000000, 0.000000, 1.000000, -0.004064, 0.100938, -0.994884, 0.137209, -0.998441, -0.055802, -0.001583, -0.040047, -0.055676, 0.993327, 0.101008, -0.000500, 0.000000, 0.000000, 0.000000, 1.000000
-29.9415, -28.3562, 17.6084, 151.3978, 173.3948, 28.3560, 182.4392, 137.2062, -40.0476, -0.4906, 0.622766, -0.777191, 0.090204, -0.028356, 0.780042, 0.607784, -0.148769, 0.017608, 0.060798, 0.163011, 0.984749, 0.151398, 0.000000, 0.000000, 0.000000, 1.000000, 0.060664, 0.162909, 0.984774, 0.173395, -0.622766, 0.777191, -0.090206, 0.028356, -0.780053, -0.607812, 0.148601, 0.182439, 0.000000, 0.000000, 0.000000, 1.000000, -0.004064, 0.100938, -0.994884, 0.137206, -0.998441, -0.055802, -0.001583, -0.040048, -0.055676, 0.993327, 0.101008, -0.000491, 0.000000, 0.000000, 0.000000, 1.000000
-29.9363, -28.3476, 17.6030, 151.4088, 173.4059, 28.3474, 182.4446, 137.2047, -40.0478, -0.4858, 0.622765, -0.777200, 0.090131, -0.028348, 0.780043, 0.607797, -0.148713, 0.017603, 0.060798, 0.162919, 0.984764, 0.151409, 0.000000, 0.000000, 0.000000, 1.000000, 0.060664, 0.162817, 0.984790, 0.173406, -0.622765, 0.777200, -0.090133, 0.028347, -0.780053, -0.607825, 0.148545, 0.182445, 0.000000, 0.000000, 0.000000, 1.000000, -0.004064, 0.100938, -0.994884, 0.137205, -0.998441, -0.055802, -0.001583, -0.040048, -0.055676, 0.993327, 0.101008, -0.000486, 0.000000, 0.000000, 0.000000, 1.000000
-29.9252, -28.3294, 17.5906, 151.4320, 173.4291, 28.3291, 182.4570, 137.2016, -40.0482, -0.4754, 0.622764, -0.777219, 0.089974, -0.028329, 0.780043, 0.607826, -0.148596, 0.017591, 0.060803, 0.162724, 0.984796, 0.151432, 0.000000, 0.000000, 0.000000, 1.000000, 0.060669, 0.162621, 0.984822, 0.173429, -0.622765, 0.777219, -0.089976, 0.028329, -0.780054, -0.607853, 0.148427, 0.182457, 0.000000, 0.000000, 0.000000, 1.000000, -0.004064, 0.100938, -0.994884, 0.137202, -0.998441, -0.055802, -0.001583, -0.040048, -0.055676, 0.993327, 0.101008, -0.000475, 0.000000, 0.000000, 0.000000, 1.000000
-29.9192, -28.3197, 17.5835, 151.4442, 173.4412, 28.3194, 182.4640, 137.2000, -40.0484, -0.4699, 0.622764, -0.777229, 0.089890, -0.028320, 0.780043, 0.607841, -0.148535, 0.017584, 0.060807, 0.162620, 0.984813, 0.151444, 0.000000, 0.000000, 0.000000, 1.000000, 0.060672, 0.162517, 0.984839, 0.173441, -0.622764, 0.777228, -0.089891, 0.028319, -0.780053, -0.607869, 0.148366, 0.182464, 0.000000, 0.000000, 0.000000, 1.000000, -0.004064, 0.100938, -0.994884, 0.137200, -0.998441, -0.055802, -0.001583, -0.040048, -0.055676, 0.993327, 0.101008, -0.000470, 0.000000, 0.000000, 0.000000, 1.000000
-29.9065, -28.2992, 17.5678, 151.4696, 173.4667, 28.2990, 182.4797, 137.1967, -40.0485, -0.4583, 0.622764, -0.777249, 0.089711, -0.028299, 0.780042, 0.607873, -0.148407, 0.017568, 0.060817, 0.162401, 0.984849, 0.151470, 0.000000, 0.000000, 0.000000, 1.000000, 0.060682, 0.162298, 0.984874, 0.173467, -0.622765, 0.777249, -0.089712, 0.028299, -0.780053, -0.607901, 0.148238, 0.182480, 0.000000, 0.000000, 0.000000, 1.000000, -0.004064, 0.100938, -0.994884, 0.137197, -0.998441, -0.055802, -0.001583, -0.040049, -0.055676, 0.993327, 0.101008, -0.000458, 0.000000, 0.000000, 0.000000, 1.000000
-29.8928, -28.2772, 17.5500, 151.4966, 173.4936, 28.2770, 182.4974, 137.1934, -40.0485, -0.4458, 0.622765, -0.777271, 0.089517, -0.028277, 0.780041, 0.607908, -0.148273, 0.017550, 0.060830, 0.162166, 0.984887, 0.151497, 0.000000, 0.000000, 0.000000, 1.000000, 0.060695, 0.162063, 0.984912, 0.173494, -0.622765, 0.777271, -0.089518, 0.028277, -0.780051, -0.607936, 0.148103, 0.182497, 0.000000, 0.000000, 0.000000, 1.000000, -0.004064, 0.100938, -0.994884, 0.137193, -0.998441, -0.055802, -0.001583, -0.040049, -0.055676, 0.993327, 0.101008, -0.000446, 0.000000, 0.000000, 0.000000, 1.000000
-29.8856, -28.2657, 17.5403, 151.5107, 173.5077, 28.2655, 182.5071, 137.1917, -40.0485, -0.4393, 0.622766, -0.777282, 0.089414, -0.028266, 0.780040, 0.607926, -0.148203, 0.017540, 0.060838, 0.162042, 0.984907, 0.151511, 0.000000, 0.000000, 0.000000, 1.000000, 0.060703, 0.161939, 0.984932, 0.173508, -0.622766, 0.777282, -0.089416, 0.028265, -0.780050, -0.607954, 0.148033, 0.182507, 0.000000, 0.000000, 0.000000, 1.000000, -0.004064, 0.100938, -0.994884, 0.137192, -0.998441, -0.055802, -0.001583, -0.040048, -0.055676, 0.993327, 0.101008, -0.000439, 0.000000, 0.000000, 0.000000, 1.000000
-29.8704, -28.2416, 17.5195, 151.5399, 173.5369, 28.2414, 182.5278, 137.1881, -40.0483, -0.4255, 0.622767, -0.777306, 0.089199, -0.028242, 0.780037, 0.607965, -0.148058, 0.017520, 0.060856, 0.161784, 0.984948, 0.151540, 0.000000, 0.000000, 0.000000, 1.000000, 0.060721, 0.161681, 0.984973, 0.173537, -0.622767, 0.777306, -0.089201, 0.028241, -0.780047, -0.607993, 0.147888, 0.182528, 0.000000, 0.000000, 0.000000, 1.000000, -0.004064, 0.100938, -0.994884, 0.137188, -0.998441, -0.055802, -0.001583, -0.040048, -0.055676, 0.993327, 0.101008, -0.000426, 0.000000, 0.000000, 0.000000, 1.000000
-29.8625, -28.2290, 17.5084, 151.5551, 173.5522, 28.2288, 182.5389, 137.1863, -40.0481, -0.4184, 0.622768, -0.777318, 0.089086, -0.028229, 0.780035, 0.607985, -0.147982, 0.017508, 0.060866, 0.161649, 0.984969, 0.151555, 0.000000, 0.000000, 0.000000, 1.000000, 0.060731, 0.161546, 0.984995, 0.173552, -0.622768, 0.777318, -0.089088, 0.028229, -0.780046, -0.608013, 0.147812, 0.182539, 0.000000, 0.000000, 0.000000, 1.000000, -0.004064, 0.100938, -0.994884, 0.137186, -0.998441, -0.055802, -0.001583, -0.040048, -0.055676, 0.993327, 0.101008, -0.000418, 0.000000, 0.000000, 0.000000, 1.000000
-29.8543, -28.2161, 17.4969, 151.5707, 173.5677, 28.2158, 182.5504, 137.1845, -40.0480, -0.4110, 0.622769, -0.777331, 0.088970, -0.028216, 0.780034, 0.608006, -0.147905, 0.017497, 0.060877, 0.161511, 0.984992, 0.151571, 0.000000, 0.000000, 0.000000, 1.000000, 0.060741, 0.161407, 0.985017, 0.173568, -0.622769, 0.777330, -0.088972, 0.028216, -0.780044, -0.608034, 0.147735, 0.182550, 0.000000, 0.000000, 0.000000, 1.000000, -0.004064, 0.100938, -0.994884, 0.137184, -0.998441, -0.055802, -0.001583, -0.040048, -0.055676, 0.993327, 0.101008, -0.000411, 0.000000, 0.000000, 0.000000, 1.000000
-29.8193, -28.1610, 17.4466, 151.6368, 173.6338, 28.1608, 182.6006, 137.1768, -40.0471, -0.3796, 0.622774, -0.777383, 0.088473, -0.028161, 0.780026, 0.608096, -0.147580, 0.017447, 0.060926, 0.160920, 0.985085, 0.151637, 0.000000, 0.000000, 0.000000, 1.000000, 0.060789, 0.160816, 0.985111, 0.173634, -0.622775, 0.777383, -0.088475, 0.028161, -0.780036, -0.608123, 0.147409, 0.182601, 0.000000, 0.000000, 0.000000, 1.000000, -0.004064, 0.100938, -0.994884, 0.137177, -0.998441, -0.055802, -0.001583, -0.040047, -0.055676, 0.993327, 0.101008, -0.000380, 0.000000, 0.000000, 0.000000, 1.000000
-29.8005, -28.1316, 17.4193, 151.6719, 173.6689, 28.1314, 182.6279, 137.1727, -40.0465, -0.3628, 0.622778, -0.777411, 0.088207, -0.028132, 0.780021, 0.608143, -0.147407, 0.017419, 0.060953, 0.160605, 0.985135, 0.151672, 0.000000, 0.000000, 0.000000, 1.000000, 0.060817, 0.160501, 0.985160, 0.173669, -0.622778, 0.777410, -0.088209, 0.028131, -0.780032, -0.608171, 0.147236, 0.182628, 0.000000, 0.000000, 0.000000, 1.000000, -0.004064, 0.100938, -0.994884, 0.137173, -0.998441, -0.055802, -0.001583, -0.040047, -0.055676, 0.993327, 0.101008, -0.000363, 0.000000, 0.000000, 0.000000, 1.000000
-29.8005, -28.1316, 17.4193, 151.6719, 173.6689, 28.1314, 182.6279, 137.1727, -40.0465, -0.3628, 0.622778, -0.777411, 0.088207, -0.028132, 0.780021, 0.608143, -0.147407, 0.017419, 0.060953, 0.160605, 0.985135, 0.151672, 0.000000, 0.000000, 0.000000, 1.000000, 0.060817, 0.160501, 0.985160, 0.173669, -0.622778, 0.777410, -0.088209, 0.028131, -0.780032, -0.608171, 0.147236, 0.182628, 0.000000, 0.000000, 0.000000, 1.000000, -0.004064, 0.100938, -0.994884, 0.137173, -0.998441, -0.055802, -0.001583, -0.040047, -0.055676, 0.993327, 0.101008, -0.000363, 0.000000, 0.000000, 0.000000, 1.000000
-29.7711, -28.0856, 17.3760, 151.7268, 173.7239, 28.0854, 182.6711, 137.1664, -40.0456, -0.3365, 0.622783, -0.777454, 0.087789, -0.028086, 0.780013, 0.608219, -0.147136, 0.017376, 0.060997, 0.160111, 0.985213, 0.151727, 0.000000, 0.000000, 0.000000, 1.000000, 0.060860, 0.160006, 0.985238, 0.173724, -0.622783, 0.777453, -0.087791, 0.028085, -0.780024, -0.608247, 0.146965, 0.182671, 0.000000, 0.000000, 0.000000, 1.000000, -0.004064, 0.100938, -0.994884, 0.137166, -0.998441, -0.055802, -0.001583, -0.040046, -0.055676, 0.993327, 0.101008, -0.000336, 0.000000, 0.000000, 0.000000, 1.000000
-29.7609, -28.0698, 17.3610, 151.7458, 173.7428, 28.0695, 182.6861, 137.1642, -40.0453, -0.3274, 0.622785, -0.777468, 0.087645, -0.028070, 0.780010, 0.608245, -0.147044, 0.017361, 0.061012, 0.159940, 0.985239, 0.151746, 0.000000, 0.000000, 0.000000, 1.000000, 0.060876, 0.159836, 0.985265, 0.173743, -0.622785, 0.777468, -0.087647, 0.028070, -0.780021, -0.608273, 0.146872, 0.182686, 0.000000, 0.000000, 0.000000, 1.000000, -0.004064, 0.100938, -0.994884, 0.137164, -0.998441, -0.055802, -0.001583, -0.040045, -0.055676, 0.993327, 0.101008, -0.000327, 0.000000, 0.000000, 0.000000, 1.000000
-29.7401, -28.0374, 17.3303, 151.7844, 173.7815, 28.0372, 182.7167, 137.1597, -40.0446, -0.3089, 0.622789, -0.777498, 0.087350, -0.028037, 0.780005, 0.608298, -0.146854, 0.017330, 0.061043, 0.159592, 0.985294, 0.151784, 0.000000, 0.000000, 0.000000, 1.000000, 0.060907, 0.159488, 0.985319, 0.173781, -0.622789, 0.777498, -0.087352, 0.028037, -0.780015, -0.608326, 0.146682, 0.182717, 0.000000, 0.000000, 0.000000, 1.000000, -0.004064, 0.100938, -0.994884, 0.137160, -0.998441, -0.055802, -0.001583, -0.040045, -0.055676, 0.993327, 0.101008, -0.000309, 0.000000, 0.000000, 0.000000, 1.000000
-29.7188, -28.0042, 17.2989, 151.8242, 173.8212, 28.0040, 182.7481, 137.1551, -40.0439, -0.2898, 0.622793, -0.777529, 0.087048, -0.028004, 0.779999, 0.608353, -0.146658, 0.017299, 0.061075, 0.159235, 0.985350, 0.151824, 0.000000, 0.000000, 0.000000, 1.000000, 0.060939, 0.159130, 0.985375, 0.173821, -0.622794, 0.777529, -0.087049, 0.028004, -0.780009, -0.608381, 0.146487, 0.182748, 0.000000, 0.000000, 0.000000, 1.000000, -0.004064, 0.100938, -0.994884, 0.137155, -0.998441, -0.055802, -0.001583, -0.040044, -0.055676, 0.993327, 0.101008, -0.000290, 0.000000, 0.000000, 0.000000, 1.000000
-29.7188, -28.0042, 17.2989, 151.8242, 173.8212, 28.0040, 182.7481, 137.1551, -40.0439, -0.2898, 0.622793, -0.777529, 0.087048, -0.028004, 0.779999, 0.608353, -0.146658, 0.017299, 0.061075, 0.159235, 0.985350, 0.151824, 0.000000, 0.000000, 0.000000, 1.000000, 0.060939, 0.159130, 0.985375, 0.173821, -0.622794, 0.777529, -0.087049, 0.028004, -0.780009, -0.608381, 0.146487, 0.182748, 0.000000, 0.000000, 0.000000, 1.000000, -0.004064, 0.100938, -0.994884, 0.137155, -0.998441, -0.055802, -0.001583, -0.040044, -0.055676, 0.993327, 0.101008, -0.000290, 0.000000, 0.000000, 0.000000, 1.000000
-29.6970, -27.9703, 17.2667, 151.8649, 173.8619, 27.9700, 182.7803, 137.1504, -40.0432, -0.2703, 0.622798, -0.777560, 0.086738, -0.027970, 0.779993, 0.608409, -0.146458, 0.017267, 0.061108, 0.158869, 0.985407, 0.151865, 0.000000, 0.000000, 0.000000, 1.000000, 0.060971, 0.158764, 0.985432, 0.173862, -0.622798, 0.777560, -0.086739, 0.027970, -0.780003, -0.608437, 0.146287, 0.182780, 0.000000, 0.000000, 0.000000, 1.000000, -0.004064, 0.100938, -0.994884, 0.137150, -0.998441, -0.055802, -0.001583, -0.040043, -0.055676, 0.993327, 0.101008, -0.000270, 0.000000, 0.000000, 0.000000, 1.000000
-29.6635, -27.9181, 17.2175, 151.9276, 173.9246, 27.9179, 182.8294, 137.1431, -40.0422, -0.2403, 0.622805, -0.777607, 0.086262, -0.027918, 0.779983, 0.608495, -0.146150, 0.017218, 0.061157, 0.158306, 0.985494, 0.151928, 0.000000, 0.000000, 0.000000, 1.000000, 0.061020, 0.158201, 0.985520, 0.173925, -0.622805, 0.777607, -0.086264, 0.027918, -0.779994, -0.608523, 0.145978, 0.182829, 0.000000, 0.000000, 0.000000, 1.000000, -0.004064, 0.100938, -0.994884, 0.137143, -0.998441, -0.055802, -0.001583, -0.040042, -0.055676, 0.993327, 0.101008, -0.000240, 0.000000, 0.000000, 0.000000, 1.000000
-29.6522, -27.9005, 17.2009, 151.9489, 173.9459, 27.9002, 182.8460, 137.1406, -40.0418, -0.2301, 0.622807, -0.777623, 0.086101, -0.027900, 0.779980, 0.608524, -0.146046, 0.017201, 0.061174, 0.158115, 0.985524, 0.151949, 0.000000, 0.000000, 0.000000, 1.000000, 0.061037, 0.158010, 0.985549, 0.173946, -0.622807, 0.777623, -0.086103, 0.027900, -0.779991, -0.608552, 0.145873, 0.182846, 0.000000, 0.000000, 0.000000, 1.000000, -0.004064, 0.100938, -0.994884, 0.137141, -0.998441, -0.055802, -0.001583, -0.040042, -0.055676, 0.993327, 0.101008, -0.000230, 0.000000, 0.000000, 0.000000, 1.000000
-29.6293, -27.8648, 17.1676, 151.9920, 173.9890, 27.8645, 182.8793, 137.1356, -40.0412, -0.2096, 0.622812, -0.777655, 0.085776, -0.027865, 0.779974, 0.608583, -0.145834, 0.017168, 0.061207, 0.157730, 0.985584, 0.151992, 0.000000, 0.000000, 0.000000, 1.000000, 0.061069, 0.157625, 0.985609, 0.173989, -0.622812, 0.777655, -0.085777, 0.027865, -0.779985, -0.608611, 0.145661, 0.182879, 0.000000, 0.000000, 0.000000, 1.000000, -0.004064, 0.100938, -0.994884, 0.137136, -0.998441, -0.055802, -0.001583, -0.040041, -0.055676, 0.993327, 0.101008, -0.000210, 0.000000, 0.000000, 0.000000, 1.000000
-29.6177, -27.8468, 17.1508, 152.0137, 174.0108, 27.8466, 182.8961, 137.1330, -40.0408, -0.1992, 0.622814, -0.777672, 0.085612, -0.027847, 0.779971, 0.608613, -0.145726, 0.017151, 0.061223, 0.157535, 0.985614, 0.152014, 0.000000, 0.000000, 0.000000, 1.000000, 0.061086, 0.157430, 0.985639, 0.174011, -0.622814, 0.777671, -0.085613, 0.027847, -0.779981, -0.608640, 0.145554, 0.182896, 0.000000, 0.000000, 0.000000, 1.000000, -0.004064, 0.100938, -0.994884, 0.137133, -0.998441, -0.055802, -0.001583, -0.040041, -0.055676, 0.993327, 0.101008, -0.000199, 0.000000, 0.000000, 0.000000, 1.000000
-29.5945, -27.8106, 17.1173, 152.0577, 174.0547, 27.8103, 182.9296, 137.1278, -40.0402, -0.1783, 0.622819, -0.777704, 0.085282, -0.027811, 0.779964, 0.608673, -0.145510, 0.017117, 0.061255, 0.157143, 0.985674, 0.152058, 0.000000, 0.000000, 0.000000, 1.000000, 0.061118, 0.157038, 0.985700, 0.174055, -0.622819, 0.777704, -0.085283, 0.027810, -0.779975, -0.608700, 0.145338, 0.182930, 0.000000, 0.000000, 0.000000, 1.000000, -0.004064, 0.100938, -0.994884, 0.137128, -0.998441, -0.055802, -0.001583, -0.040040, -0.055676, 0.993327, 0.101008, -0.000178, 0.000000, 0.000000, 0.000000, 1.000000
-29.5828, -27.7924, 17.1005, 152.0798, 174.0769, 27.7922, 182.9463, 137.1252, -40.0399, -0.1678, 0.622821, -0.777720, 0.085116, -0.027792, 0.779961, 0.608703, -0.145401, 0.017100, 0.061271, 0.156946, 0.985705, 0.152080, 0.000000, 0.000000, 0.000000, 1.000000, 0.061134, 0.156841, 0.985730, 0.174077, -0.622821, 0.777720, -0.085117, 0.027792, -0.779972, -0.608730, 0.145229, 0.182946, 0.000000, 0.000000, 0.000000, 1.000000, -0.004064, 0.100938, -0.994884, 0.137125, -0.998441, -0.055802, -0.001583, -0.040040, -0.055676, 0.993327, 0.101008, -0.000168, 0.000000, 0.000000, 0.000000, 1.000000
-29.5593, -27.7559, 17.0670, 152.1244, 174.1214, 27.7556, 182.9798, 137.1199, -40.0394, -0.1467, 0.622826, -0.777753, 0.084783, -0.027756, 0.779955, 0.608763, -0.145182, 0.017067, 0.061303, 0.156550, 0.985766, 0.152124, 0.000000, 0.000000, 0.000000, 1.000000, 0.061165, 0.156445, 0.985791, 0.174121, -0.622826, 0.777753, -0.084785, 0.027756, -0.779966, -0.608790, 0.145009, 0.182980, 0.000000, 0.000000, 0.000000, 1.000000, -0.004064, 0.100938, -0.994884, 0.137120, -0.998441, -0.055802, -0.001583, -0.040039, -0.055676, 0.993327, 0.101008, -0.000147, 0.000000, 0.000000, 0.000000, 1.000000
-29.5476, -27.7376, 17.0503, 152.1467, 174.1438, 27.7373, 182.9965, 137.1172, -40.0391, -0.1361, 0.622828, -0.777769, 0.084616, -0.027738, 0.779952, 0.608793, -0.145071, 0.017050, 0.061318, 0.156351, 0.985796, 0.152147, 0.000000, 0.000000, 0.000000, 1.000000, 0.061181, 0.156246, 0.985822, 0.174144, -0.622828, 0.777769, -0.084618, 0.027737, -0.779963, -0.608821, 0.144899, 0.182996, 0.000000, 0.000000, 0.000000, 1.000000, -0.004064, 0.100938, -0.994884, 0.137117, -0.998441, -0.055802, -0.001583, -0.040039, -0.055676, 0.993327, 0.101008, -0.000136, 0.000000, 0.000000, 0.000000, 1.000000
-29.5241, -27.7009, 17.0171, 152.1916, 174.1887, 27.7007, 183.0296, 137.1118, -40.0386, -0.1148, 0.622833, -0.777802, 0.084283, -0.027701, 0.779946, 0.608854, -0.144850, 0.017017, 0.061349, 0.155954, 0.985857, 0.152192, 0.000000, 0.000000, 0.000000, 1.000000, 0.061211, 0.155848, 0.985883, 0.174189, -0.622833, 0.777802, -0.084285, 0.027701, -0.779957, -0.608881, 0.144677, 0.183030, 0.000000, 0.000000, 0.000000, 1.000000, -0.004064, 0.100938, -0.994884, 0.137112, -0.998441, -0.055802, -0.001583, -0.040039, -0.055676, 0.993327, 0.101008, -0.000115, 0.000000, 0.000000, 0.000000, 1.000000
-29.5007, -27.6643, 16.9843, 152.2367, 174.2337, 27.6641, 183.0625, 137.1063, -40.0382, -0.0936, 0.622837, -0.777834, 0.083950, -0.027664, 0.779940, 0.608914, -0.144628, 0.016984, 0.061378, 0.155556, 0.985918, 0.152237, 0.000000, 0.000000, 0.000000, 1.000000, 0.061240, 0.155450, 0.985944, 0.174234, -0.622837, 0.777834, -0.083952, 0.027664, -0.779951, -0.608941, 0.144455, 0.183062, 0.000000, 0.000000, 0.000000, 1.000000, -0.004064, 0.100938, -0.994884, 0.137106, -0.998441, -0.055802, -0.001583, -0.040038, -0.055676, 0.993327, 0.101008, -0.000094, 0.000000, 0.000000, 0.000000, 1.000000
-29.4657, -27.6097, 16.9358, 152.3041, 174.3012, 27.6095, 183.1110, 137.0981, -40.0376, -0.0620, 0.622844, -0.777882, 0.083454, -0.027610, 0.779932, 0.609004, -0.144295, 0.016936, 0.061420, 0.154962, 0.986009, 0.152304, 0.000000, 0.000000, 0.000000, 1.000000, 0.061283, 0.154856, 0.986034, 0.174301, -0.622844, 0.777882, -0.083456, 0.027609, -0.779942, -0.609031, 0.144122, 0.183111, 0.000000, 0.000000, 0.000000, 1.000000, -0.004064, 0.100938, -0.994884, 0.137098, -0.998441, -0.055802, -0.001583, -0.040038, -0.055676, 0.993327, 0.101008, -0.000062, 0.000000, 0.000000, 0.000000, 1.000000
-29.4541, -27.5917, 16.9199, 152.3265, 174.3236, 27.5914, 183.1268, 137.0953, -40.0375, -0.0515, 0.622846, -0.777898, 0.083291, -0.027592, 0.779929, 0.609034, -0.144184, 0.016920, 0.061434, 0.154765, 0.986039, 0.152327, 0.000000, 0.000000, 0.000000, 1.000000, 0.061296, 0.154660, 0.986064, 0.174324, -0.622846, 0.777898, -0.083292, 0.027591, -0.779940, -0.609061, 0.144011, 0.183127, 0.000000, 0.000000, 0.000000, 1.000000, -0.004064, 0.100938, -0.994884, 0.137095, -0.998441, -0.055802, -0.001582, -0.040037, -0.055676, 0.993327, 0.101008, -0.000051, 0.000000, 0.000000, 0.000000, 1.000000
-29.4313, -27.5559, 16.8886, 152.3710, 174.3681, 27.5556, 183.1581, 137.0898, -40.0372, -0.0307, 0.622850, -0.777930, 0.082966, -0.027556, 0.779923, 0.609093, -0.143964, 0.016889, 0.061460, 0.154375, 0.986099, 0.152371, 0.000000, 0.000000, 0.000000, 1.000000, 0.061322, 0.154270, 0.986124, 0.174368, -0.622850, 0.777929, -0.082968, 0.027556, -0.779934, -0.609120, 0.143791, 0.183158, 0.000000, 0.000000, 0.000000, 1.000000, -0.004065, 0.100938, -0.994884, 0.137090, -0.998441, -0.055802, -0.001582, -0.040037, -0.055676, 0.993327, 0.101008, -0.000031, 0.000000, 0.000000, 0.000000, 1.000000
-29.4199, -27.5381, 16.8732, 152.3931, 174.3902, 27.5379, 183.1735, 137.0871, -40.0371, -0.0204, 0.622852, -0.777945, 0.082805, -0.027538, 0.779921, 0.609122, -0.143855, 0.016873, 0.061473, 0.154182, 0.986128, 0.152393, 0.000000, 0.000000, 0.000000, 1.000000, 0.061335, 0.154076, 0.986153, 0.174390, -0.622852, 0.777945, -0.082807, 0.027538, -0.779932, -0.609149, 0.143682, 0.183174, 0.000000, 0.000000, 0.000000, 1.000000, -0.004065, 0.100938, -0.994884, 0.137087, -0.998441, -0.055802, -0.001582, -0.040037, -0.055676, 0.993327, 0.101008, -0.000020, 0.000000, 0.000000, 0.000000, 1.000000
-29.3975, -27.5030, 16.8430, 152.4369, 174.4340, 27.5028, 183.2038, 137.0816, -40.0369, 0.0000, 0.622856, -0.777976, 0.082487, -0.027503, 0.779916, 0.609179, -0.143638, 0.016843, 0.061497, 0.153799, 0.986187, 0.152437, 0.000000, 0.000000, 0.000000, 1.000000, 0.061359, 0.153693, 0.986212, 0.174434, -0.622856, 0.777976, -0.082489, 0.027503, -0.779927, -0.609206, 0.143465, 0.183204, 0.000000, 0.000000, 0.000000, 1.000000, -0.004065, 0.100938, -0.994884, 0.137082, -0.998441, -0.055802, -0.001582, -0.040037, -0.055676, 0.993327, 0.101008, 0.000000, 0.000000, 0.000000, 0.000000, 1.000000
-29.3755, -27.4685, 16.8134, 152.4802, 174.4773, 27.4682, 183.2333, 137.0762, -40.0367, 0.0201, 0.622859, -0.778006, 0.082175, -0.027468, 0.779911, 0.609236, -0.143424, 0.016813, 0.061521, 0.153422, 0.986244, 0.152480, 0.000000, 0.000000, 0.000000, 1.000000, 0.061383, 0.153316, 0.986269, 0.174477, -0.622859, 0.778006, -0.082176, 0.027468, -0.779922, -0.609263, 0.143251, 0.183233, 0.000000, 0.000000, 0.000000, 1.000000, -0.004065, 0.100938, -0.994884, 0.137076, -0.998441, -0.055802, -0.001582, -0.040037, -0.055676, 0.993327, 0.101008, 0.000020, 0.000000, 0.000000, 0.000000, 1.000000
-29.3646, -27.4514, 16.7990, 152.5017, 174.4988, 27.4512, 183.2477, 137.0735, -40.0366, 0.0301, 0.622861, -0.778021, 0.082021, -0.027451, 0.779909, 0.609264, -0.143317, 0.016799, 0.061532, 0.153235, 0.986272, 0.152502, 0.000000, 0.000000, 0.000000, 1.000000, 0.061394, 0.153130, 0.986297, 0.174499, -0.622861, 0.778021, -0.082022, 0.027451, -0.779920, -0.609290, 0.143145, 0.183248, 0.000000, 0.000000, 0.000000, 1.000000, -0.004065, 0.100938, -0.994884, 0.137073, -0.998441, -0.055802, -0.001582, -0.040037, -0.055676, 0.993327, 0.101008, 0.000030, 0.000000, 0.000000, 0.000000, 1.000000
-29.3432, -27.4178, 16.7706, 152.5440, 174.5411, 27.4176, 183.2761, 137.0681, -40.0366, 0.0497, 0.622864, -0.778050, 0.081717, -0.027418, 0.779905, 0.609319, -0.143108, 0.016771, 0.061553, 0.152868, 0.986328, 0.152544, 0.000000, 0.000000, 0.000000, 1.000000, 0.061416, 0.152762, 0.986353, 0.174541, -0.622864, 0.778050, -0.081718, 0.027418, -0.779915, -0.609345, 0.142935, 0.183276, 0.000000, 0.000000, 0.000000, 1.000000, -0.004065, 0.100938, -0.994884, 0.137068, -0.998441, -0.055802, -0.001582, -0.040037, -0.055676, 0.993327, 0.101008, 0.000050, 0.000000, 0.000000, 0.000000, 1.000000
-29.3326, -27.4012, 16.7568, 152.5649, 174.5620, 27.4010, 183.2899, 137.0654, -40.0365, 0.0593, 0.622866, -0.778065, 0.081567, -0.027401, 0.779902, 0.609346, -0.143004, 0.016757, 0.061564, 0.152687, 0.986355, 0.152565, 0.000000, 0.000000, 0.000000, 1.000000, 0.061426, 0.152581, 0.986380, 0.174562, -0.622866, 0.778065, -0.081569, 0.027401, -0.779913, -0.609372, 0.142831, 0.183290, 0.000000, 0.000000, 0.000000, 1.000000, -0.004065, 0.100938, -0.994884, 0.137065, -0.998441, -0.055802, -0.001582, -0.040037, -0.055676, 0.993327, 0.101008, 0.000059, 0.000000, 0.000000, 0.000000, 1.000000
-29.3119, -27.3686, 16.7297, 152.6062, 174.6033, 27.3684, 183.3171, 137.0602, -40.0365, 0.0783, 0.622869, -0.778093, 0.081273, -0.027369, 0.779898, 0.609399, -0.142800, 0.016730, 0.061584, 0.152330, 0.986409, 0.152606, 0.000000, 0.000000, 0.000000, 1.000000, 0.061446, 0.152225, 0.986434, 0.174603, -0.622869, 0.778093, -0.081275, 0.027368, -0.779909, -0.609425, 0.142627, 0.183317, 0.000000, 0.000000, 0.000000, 1.000000, -0.004065, 0.100938, -0.994884, 0.137060, -0.998441, -0.055802, -0.001582, -0.040037, -0.055676, 0.993327, 0.101008, 0.000078, 0.000000, 0.000000, 0.000000, 1.000000
-29.2916, -27.3368, 16.7034, 152.6466, 174.6437, 27.3365, 183.3433, 137.0550, -40.0365, 0.0969, 0.622872, -0.778121, 0.080986, -0.027337, 0.779895, 0.609450, -0.142599, 0.016703, 0.061603, 0.151981, 0.986462, 0.152647, 0.000000, 0.000000, 0.000000, 1.000000, 0.061465, 0.151876, 0.986487, 0.174644, -0.622872, 0.778121, -0.080987, 0.027337, -0.779906, -0.609477, 0.142426, 0.183343, 0.000000, 0.000000, 0.000000, 1.000000, -0.004065, 0.100938, -0.994884, 0.137055, -0.998441, -0.055802, -0.001582, -0.040037, -0.055676, 0.993327, 0.101008, 0.000097, 0.000000, 0.000000, 0.000000, 1.000000
-29.2816, -27.3211, 16.6905, 152.6665, 174.6636, 27.3208, 183.3562, 137.0524, -40.0365, 0.1060, 0.622873, -0.778134, 0.080845, -0.027321, 0.779893, 0.609476, -0.142500, 0.016691, 0.061612, 0.151810, 0.986488, 0.152666, 0.000000, 0.000000, 0.000000, 1.000000, 0.061474, 0.151704, 0.986512, 0.174664, -0.622873, 0.778134, -0.080846, 0.027321, -0.779904, -0.609502, 0.142327, 0.183356, 0.000000, 0.000000, 0.000000, 1.000000, -0.004065, 0.100938, -0.994884, 0.137052, -0.998441, -0.055802, -0.001582, -0.040037, -0.055676, 0.993327, 0.101008, 0.000106, 0.000000, 0.000000, 0.000000, 1.000000
-29.2621, -27.2904, 16.6655, 152.7056, 174.7027, 27.2901, 183.3812, 137.0474, -40.0366, 0.1239, 0.622876, -0.778161, 0.080568, -0.027290, 0.779890, 0.609526, -0.142306, 0.016665, 0.061629, 0.151473, 0.986538, 0.152706, 0.000000, 0.000000, 0.000000, 1.000000, 0.061491, 0.151367, 0.986563, 0.174703, -0.622876, 0.778161, -0.080569, 0.027290, -0.779900, -0.609552, 0.142133, 0.183381, 0.000000, 0.000000, 0.000000, 1.000000, -0.004065, 0.100938, -0.994884, 0.137047, -0.998441, -0.055802, -0.001582, -0.040037, -0.055676, 0.993327, 0.101008, 0.000124, 0.000000, 0.000000, 0.000000, 1.000000
