# Joint_A_Angle(deg), Cam_X(mm), Cam_Y(mm), Cam_Z(mm), Torso_X(mm), Torso_Y(mm), Torso_Z(mm), EE_X(mm), EE_Y(mm), EE_Z(mm), T_cam2marker_flat(16), T_torso2marker_flat(16), T_ee2marker_flat(16)
-20.0000, -26.6528, 1.1934, 374.4828, 443.4905, 35.6525, 255.8221, 16.7036, -37.2468, -60.9633, 0.298623, 0.948910, -0.101949, -0.026653, -0.950679, 0.305153, 0.055605, 0.001193, 0.083874, 0.080316, 0.993234, 0.374483, 0.000000, 0.000000, 0.000000, 1.000000, 0.084004, 0.080273, 0.993227, 0.443490, -0.298623, -0.948910, 0.101948, 0.035653, 0.950667, -0.305164, -0.055741, 0.255822, 0.000000, 0.000000, 0.000000, 1.000000, -0.999457, 0.032939, 0.000572, 0.016704, -0.001324, -0.057499, 0.998345, -0.037247, 0.032917, 0.997802, 0.057512, -0.060963, 0.000000, 0.000000, 0.000000, 1.000000
-20.0000, -26.6532, 1.1978, 374.4843, 443.4920, 35.6529, 255.8175, 16.7035, -37.2468, -60.9633, 0.298620, 0.948911, -0.101949, -0.026653, -0.950678, 0.305151, 0.055615, 0.001198, 0.083884, 0.080313, 0.993234, 0.374484, 0.000000, 0.000000, 0.000000, 1.000000, 0.084014, 0.080270, 0.993226, 0.443492, -0.298620, -0.948911, 0.101948, 0.035653, 0.950667, -0.305163, -0.055752, 0.255818, 0.000000, 0.000000, 0.000000, 1.000000, -0.999457, 0.032939, 0.000572, 0.016704, -0.001324, -0.057499, 0.998345, -0.037247, 0.032917, 0.997802, 0.057512, -0.060963, 0.000000, 0.000000, 0.000000, 1.000000
-20.0000, -26.6533, 1.1991, 374.4847, 443.4924, 35.6530, 255.8160, 16.7035, -37.2467, -60.9633, 0.298619, 0.948911, -0.101949, -0.026653, -0.950679, 0.305151, 0.055618, 0.001199, 0.083886, 0.080313, 0.993234, 0.374485, 0.000000, 0.000000, 0.000000, 1.000000, 0.084018, 0.080270, 0.993226, 0.443492, -0.298619, -0.948911, 0.101949, 0.035653, 0.950667, -0.305162, -0.055755, 0.255816, 0.000000, 0.000000, 0.000000, 1.000000, -0.999457, 0.032939, 0.000572, 0.016704, -0.001324, -0.057499, 0.998345, -0.037247, 0.032917, 0.997802, 0.057512, -0.060963, 0.000000, 0.000000, 0.000000, 1.000000
-20.0000, -26.6533, 1.1986, 374.4845, 443.4923, 35.6530, 255.8164, 16.7035, -37.2467, -60.9633, 0.298619, 0.948911, -0.101950, -0.026653, -0.950679, 0.305151, 0.055617, 0.001199, 0.083885, 0.080313, 0.993234, 0.374485, 0.000000, 0.000000, 0.000000, 1.000000, 0.084017, 0.080270, 0.993226, 0.443492, -0.298619, -0.948911, 0.101949, 0.035653, 0.950667, -0.305162, -0.055754, 0.255816, 0.000000, 0.000000, 0.000000, 1.000000, -0.999457, 0.032939, 0.000572, 0.016704, -0.001324, -0.057499, 0.998345, -0.037247, 0.032917, 0.997802, 0.057512, -0.060963, 0.000000, 0.000000, 0.000000, 1.000000
-20.0000, -26.6532, 1.1970, 374.4839, 443.4917, 35.6529, 255.8180, 16.7035, -37.2467, -60.9633, 0.298620, 0.948911, -0.101950, -0.026653, -0.950679, 0.305151, 0.055613, 0.001197, 0.083882, 0.080314, 0.993234, 0.374484, 0.000000, 0.000000, 0.000000, 1.000000, 0.084013, 0.080271, 0.993226, 0.443492, -0.298620, -0.948911, 0.101949, 0.035653, 0.950667, -0.305162, -0.055750, 0.255818, 0.000000, 0.000000, 0.000000, 1.000000, -0.999457, 0.032939, 0.000572, 0.016704, -0.001324, -0.057499, 0.998345, -0.037247, 0.032917, 0.997802, 0.057512, -0.060963, 0.000000, 0.000000, 0.000000, 1.000000
-19.9999, -26.6531, 1.1946, 374.4830, 443.4908, 35.6527, 255.8204, 16.7035, -37.2468, -60.9633, 0.298620, 0.948911, -0.101949, -0.026653, -0.950679, 0.305150, 0.055606, 0.001195, 0.083875, 0.080316, 0.993234, 0.374483, 0.000000, 0.000000, 0.000000, 1.000000, 0.084007, 0.080273, 0.993227, 0.443491, -0.298620, -0.948911, 0.101949, 0.035653, 0.950668, -0.305161, -0.055744, 0.255820, 0.000000, 0.000000, 0.000000, 1.000000, -0.999457, 0.032939, 0.000572, 0.016704, -0.001324, -0.057499, 0.998345, -0.037247, 0.032917, 0.997802, 0.057512, -0.060963, 0.000000, 0.000000, 0.000000, 1.000000
-19.9998, -26.6530, 1.1916, 374.4819, 443.4896, 35.6527, 255.8233, 16.7035, -37.2468, -60.9634, 0.298618, 0.948912, -0.101949, -0.026653, -0.950681, 0.305148, 0.055598, 0.001192, 0.083867, 0.080318, 0.993235, 0.374482, 0.000000, 0.000000, 0.000000, 1.000000, 0.083999, 0.080275, 0.993227, 0.443490, -0.298618, -0.948912, 0.101948, 0.035653, 0.950669, -0.305159, -0.055736, 0.255823, 0.000000, 0.000000, 0.000000, 1.000000, -0.999457, 0.032939, 0.000572, 0.016703, -0.001324, -0.057499, 0.998345, -0.037247, 0.032917, 0.997802, 0.057512, -0.060963, 0.000000, 0.000000, 0.000000, 1.000000
-19.9994, -26.6531, 1.1884, 374.4805, 443.4883, 35.6528, 255.8264, 16.7034, -37.2469, -60.9635, 0.298614, 0.948913, -0.101947, -0.026653, -0.950683, 0.305143, 0.055587, 0.001188, 0.083856, 0.080320, 0.993236, 0.374481, 0.000000, 0.000000, 0.000000, 1.000000, 0.083988, 0.080277, 0.993228, 0.443488, -0.298614, -0.948913, 0.101946, 0.035653, 0.950671, -0.305154, -0.055726, 0.255826, 0.000000, 0.000000, 0.000000, 1.000000, -0.999457, 0.032939, 0.000572, 0.016703, -0.001324, -0.057499, 0.998345, -0.037247, 0.032917, 0.997802, 0.057511, -0.060963, 0.000000, 0.000000, 0.000000, 1.000000
-19.9979, -26.6540, 1.1825, 374.4777, 443.4855, 35.6537, 255.8322, 16.7031, -37.2473, -60.9639, 0.298595, 0.948920, -0.101939, -0.026654, -0.950691, 0.305121, 0.055561, 0.001183, 0.083827, 0.080323, 0.993238, 0.374478, 0.000000, 0.000000, 0.000000, 1.000000, 0.083959, 0.080280, 0.993230, 0.443485, -0.298595, -0.948920, 0.101939, 0.035654, 0.950680, -0.305132, -0.055699, 0.255832, 0.000000, 0.000000, 0.000000, 1.000000, -0.999457, 0.032939, 0.000571, 0.016703, -0.001325, -0.057498, 0.998345, -0.037247, 0.032917, 0.997802, 0.057510, -0.060964, 0.000000, 0.000000, 0.000000, 1.000000
-19.9959, -26.6555, 1.1794, 374.4756, 443.4834, 35.6552, 255.8353, 16.7027, -37.2477, -60.9645, 0.298568, 0.948930, -0.101929, -0.026656, -0.950702, 0.305091, 0.055537, 0.001179, 0.083799, 0.080323, 0.993240, 0.374476, 0.000000, 0.000000, 0.000000, 1.000000, 0.083931, 0.080280, 0.993232, 0.443483, -0.298568, -0.948930, 0.101929, 0.035655, 0.950691, -0.305102, -0.055676, 0.255835, 0.000000, 0.000000, 0.000000, 1.000000, -0.999457, 0.032939, 0.000570, 0.016703, -0.001326, -0.057497, 0.998345, -0.037248, 0.032917, 0.997802, 0.057509, -0.060964, 0.000000, 0.000000, 0.000000, 1.000000
-19.9951, -26.6562, 1.1787, 374.4749, 443.4827, 35.6559, 255.8360, 16.7025, -37.2479, -60.9647, 0.298556, 0.948934, -0.101925, -0.026656, -0.950707, 0.305078, 0.055529, 0.001179, 0.083788, 0.080323, 0.993241, 0.374475, 0.000000, 0.000000, 0.000000, 1.000000, 0.083921, 0.080279, 0.993233, 0.443483, -0.298556, -0.948934, 0.101925, 0.035656, 0.950695, -0.305089, -0.055667, 0.255836, 0.000000, 0.000000, 0.000000, 1.000000, -0.999457, 0.032939, 0.000570, 0.016703, -0.001326, -0.057496, 0.998345, -0.037248, 0.032917, 0.997802, 0.057509, -0.060965, 0.000000, 0.000000, 0.000000, 1.000000
-19.9907, -26.6601, 1.1785, 374.4726, 443.4804, 35.6598, 255.8361, 16.7016, -37.2488, -60.9659, 0.298493, 0.948956, -0.101903, -0.026660, -0.950731, 0.305011, 0.055493, 0.001179, 0.083741, 0.080318, 0.993245, 0.374473, 0.000000, 0.000000, 0.000000, 1.000000, 0.083874, 0.080275, 0.993238, 0.443480, -0.298493, -0.948956, 0.101902, 0.035660, 0.950719, -0.305022, -0.055631, 0.255836, 0.000000, 0.000000, 0.000000, 1.000000, -0.999457, 0.032938, 0.000567, 0.016702, -0.001328, -0.057493, 0.998345, -0.037249, 0.032916, 0.997802, 0.057506, -0.060966, 0.000000, 0.000000, 0.000000, 1.000000
-19.9878, -26.6629, 1.1804, 374.4718, 443.4796, 35.6626, 255.8343, 16.7010, -37.2494, -60.9668, 0.298451, 0.948971, -0.101889, -0.026663, -0.950746, 0.304965, 0.055473, 0.001180, 0.083715, 0.080314, 0.993248, 0.374472, 0.000000, 0.000000, 0.000000, 1.000000, 0.083847, 0.080271, 0.993240, 0.443480, -0.298451, -0.948971, 0.101888, 0.035663, 0.950735, -0.304977, -0.055612, 0.255834, 0.000000, 0.000000, 0.000000, 1.000000, -0.999457, 0.032938, 0.000566, 0.016701, -0.001329, -0.057492, 0.998345, -0.037249, 0.032916, 0.997802, 0.057504, -0.060967, 0.000000, 0.000000, 0.000000, 1.000000
-19.9844, -26.6662, 1.1838, 374.4713, 443.4791, 35.6659, 255.8309, 16.7002, -37.2502, -60.9677, 0.298401, 0.948988, -0.101871, -0.026666, -0.950765, 0.304912, 0.055453, 0.001184, 0.083686, 0.080308, 0.993251, 0.374471, 0.000000, 0.000000, 0.000000, 1.000000, 0.083819, 0.080265, 0.993243, 0.443479, -0.298401, -0.948989, 0.101871, 0.035666, 0.950753, -0.304923, -0.055592, 0.255831, 0.000000, 0.000000, 0.000000, 1.000000, -0.999457, 0.032938, 0.000564, 0.016700, -0.001331, -0.057490, 0.998345, -0.037250, 0.032916, 0.997803, 0.057502, -0.060968, 0.000000, 0.000000, 0.000000, 1.000000
-19.9737, -26.6769, 1.1993, 374.4713, 443.4791, 35.6766, 255.8155, 16.6980, -37.2524, -60.9708, 0.298242, 0.949044, -0.101818, -0.026677, -0.950822, 0.304744, 0.055402, 0.001199, 0.083608, 0.080287, 0.993259, 0.374471, 0.000000, 0.000000, 0.000000, 1.000000, 0.083740, 0.080244, 0.993252, 0.443479, -0.298242, -0.949044, 0.101817, 0.035677, 0.950810, -0.304755, -0.055541, 0.255816, 0.000000, 0.000000, 0.000000, 1.000000, -0.999457, 0.032937, 0.000559, 0.016698, -0.001336, -0.057483, 0.998346, -0.037252, 0.032915, 0.997803, 0.057496, -0.060971, 0.000000, 0.000000, 0.000000, 1.000000
-19.9686, -26.6825, 1.2129, 374.4735, 443.4813, 35.6822, 255.8019, 16.6969, -37.2534, -60.9722, 0.298163, 0.949072, -0.101792, -0.026682, -0.950848, 0.304662, 0.055393, 0.001213, 0.083584, 0.080273, 0.993262, 0.374473, 0.000000, 0.000000, 0.000000, 1.000000, 0.083716, 0.080230, 0.993255, 0.443481, -0.298163, -0.949072, 0.101791, 0.035682, 0.950837, -0.304673, -0.055531, 0.255802, 0.000000, 0.000000, 0.000000, 1.000000, -0.999457, 0.032937, 0.000556, 0.016697, -0.001339, -0.057480, 0.998346, -0.037253, 0.032914, 0.997803, 0.057493, -0.060972, 0.000000, 0.000000, 0.000000, 1.000000
-19.9630, -26.6889, 1.2321, 374.4775, 443.4853, 35.6886, 255.7825, 16.6956, -37.2545, -60.9738, 0.298076, 0.949102, -0.101764, -0.026689, -0.950877, 0.304572, 0.055393, 0.001232, 0.083568, 0.080254, 0.993265, 0.374477, 0.000000, 0.000000, 0.000000, 1.000000, 0.083700, 0.080211, 0.993257, 0.443485, -0.298076, -0.949102, 0.101764, 0.035689, 0.950865, -0.304584, -0.055531, 0.255783, 0.000000, 0.000000, 0.000000, 1.000000, -0.999457, 0.032936, 0.000553, 0.016696, -0.001341, -0.057477, 0.998346, -0.037255, 0.032914, 0.997803, 0.057490, -0.060974, 0.000000, 0.000000, 0.000000, 1.000000
-19.9601, -26.6923, 1.2420, 374.4795, 443.4873, 35.6920, 255.7726, 16.6950, -37.2551, -60.9746, 0.298030, 0.949118, -0.101750, -0.026692, -0.950892, 0.304525, 0.055392, 0.001242, 0.083559, 0.080244, 0.993267, 0.374479, 0.000000, 0.000000, 0.000000, 1.000000, 0.083692, 0.080201, 0.993259, 0.443487, -0.298030, -0.949118, 0.101749, 0.035692, 0.950881, -0.304536, -0.055531, 0.255773, 0.000000, 0.000000, 0.000000, 1.000000, -0.999457, 0.032936, 0.000552, 0.016695, -0.001343, -0.057475, 0.998346, -0.037255, 0.032913, 0.997803, 0.057488, -0.060975, 0.000000, 0.000000, 0.000000, 1.000000
-19.9507, -26.7030, 1.2728, 374.4855, 443.4933, 35.7027, 255.7417, 16.6930, -37.2570, -60.9773, 0.297882, 0.949170, -0.101703, -0.026703, -0.950941, 0.304373, 0.055388, 0.001273, 0.083528, 0.080214, 0.993272, 0.374485, 0.000000, 0.000000, 0.000000, 1.000000, 0.083661, 0.080171, 0.993264, 0.443493, -0.297882, -0.949170, 0.101702, 0.035703, 0.950930, -0.304384, -0.055527, 0.255742, 0.000000, 0.000000, 0.000000, 1.000000, -0.999457, 0.032935, 0.000547, 0.016693, -0.001348, -0.057470, 0.998346, -0.037257, 0.032912, 0.997804, 0.057483, -0.060977, 0.000000, 0.000000, 0.000000, 1.000000
-19.9439, -26.7107, 1.2941, 374.4895, 443.4973, 35.7104, 255.7203, 16.6915, -37.2583, -60.9792, 0.297776, 0.949206, -0.101669, -0.026711, -0.950977, 0.304263, 0.055382, 0.001294, 0.083503, 0.080193, 0.993276, 0.374490, 0.000000, 0.000000, 0.000000, 1.000000, 0.083636, 0.080150, 0.993268, 0.443497, -0.297776, -0.949206, 0.101668, 0.035710, 0.950965, -0.304275, -0.055522, 0.255720, 0.000000, 0.000000, 0.000000, 1.000000, -0.999457, 0.032935, 0.000543, 0.016691, -0.001351, -0.057466, 0.998347, -0.037258, 0.032912, 0.997804, 0.057479, -0.060979, 0.000000, 0.000000, 0.000000, 1.000000
-19.9330, -26.7230, 1.3271, 374.4955, 443.5034, 35.7227, 255.6872, 16.6891, -37.2605, -60.9823, 0.297607, 0.949265, -0.101615, -0.026723, -0.951033, 0.304088, 0.055371, 0.001327, 0.083462, 0.080160, 0.993282, 0.374496, 0.000000, 0.000000, 0.000000, 1.000000, 0.083595, 0.080117, 0.993274, 0.443503, -0.297607, -0.949265, 0.101614, 0.035723, 0.951022, -0.304100, -0.055511, 0.255687, 0.000000, 0.000000, 0.000000, 1.000000, -0.999457, 0.032934, 0.000538, 0.016689, -0.001356, -0.057459, 0.998347, -0.037261, 0.032910, 0.997804, 0.057473, -0.060982, 0.000000, 0.000000, 0.000000, 1.000000
-19.9292, -26.7273, 1.3383, 374.4975, 443.5054, 35.7270, 255.6760, 16.6883, -37.2613, -60.9834, 0.297548, 0.949286, -0.101596, -0.026727, -0.951053, 0.304027, 0.055367, 0.001338, 0.083447, 0.080149, 0.993284, 0.374498, 0.000000, 0.000000, 0.000000, 1.000000, 0.083580, 0.080105, 0.993276, 0.443505, -0.297548, -0.949286, 0.101595, 0.035727, 0.951041, -0.304039, -0.055506, 0.255676, 0.000000, 0.000000, 0.000000, 1.000000, -0.999457, 0.032934, 0.000536, 0.016688, -0.001358, -0.057457, 0.998347, -0.037261, 0.032910, 0.997805, 0.057471, -0.060983, 0.000000, 0.000000, 0.000000, 1.000000
-19.9214, -26.7362, 1.3612, 374.5015, 443.5094, 35.7359, 255.6530, 16.6866, -37.2628, -60.9856, 0.297426, 0.949328, -0.101557, -0.026736, -0.951094, 0.303901, 0.055357, 0.001361, 0.083415, 0.080125, 0.993288, 0.374502, 0.000000, 0.000000, 0.000000, 1.000000, 0.083548, 0.080082, 0.993281, 0.443509, -0.297426, -0.949328, 0.101556, 0.035736, 0.951082, -0.303912, -0.055496, 0.255653, 0.000000, 0.000000, 0.000000, 1.000000, -0.999457, 0.032933, 0.000532, 0.016687, -0.001362, -0.057453, 0.998347, -0.037263, 0.032909, 0.997805, 0.057466, -0.060986, 0.000000, 0.000000, 0.000000, 1.000000
-19.9132, -26.7453, 1.3846, 374.5055, 443.5134, 35.7450, 255.6296, 16.6848, -37.2645, -60.9879, 0.297299, 0.949372, -0.101516, -0.026745, -0.951137, 0.303770, 0.055345, 0.001385, 0.083381, 0.080101, 0.993293, 0.374506, 0.000000, 0.000000, 0.000000, 1.000000, 0.083514, 0.080058, 0.993286, 0.443513, -0.297299, -0.949372, 0.101515, 0.035745, 0.951125, -0.303781, -0.055485, 0.255630, 0.000000, 0.000000, 0.000000, 1.000000, -0.999457, 0.032932, 0.000527, 0.016685, -0.001366, -0.057448, 0.998348, -0.037264, 0.032908, 0.997805, 0.057462, -0.060988, 0.000000, 0.000000, 0.000000, 1.000000
-19.8961, -26.7645, 1.4323, 374.5135, 443.5213, 35.7642, 255.5819, 16.6811, -37.2679, -60.9928, 0.297035, 0.949464, -0.101431, -0.026764, -0.951226, 0.303496, 0.055318, 0.001432, 0.083306, 0.080052, 0.993303, 0.374513, 0.000000, 0.000000, 0.000000, 1.000000, 0.083440, 0.080009, 0.993296, 0.443521, -0.297035, -0.949464, 0.101430, 0.035764, 0.951214, -0.303507, -0.055458, 0.255582, 0.000000, 0.000000, 0.000000, 1.000000, -0.999457, 0.032931, 0.000518, 0.016681, -0.001375, -0.057438, 0.998348, -0.037268, 0.032906, 0.997806, 0.057452, -0.060993, 0.000000, 0.000000, 0.000000, 1.000000
-19.8873, -26.7744, 1.4565, 374.5174, 443.5252, 35.7741, 255.5577, 16.6792, -37.2697, -60.9953, 0.296898, 0.949512, -0.101387, -0.026774, -0.951272, 0.303353, 0.055303, 0.001456, 0.083267, 0.080027, 0.993309, 0.374517, 0.000000, 0.000000, 0.000000, 1.000000, 0.083400, 0.079984, 0.993301, 0.443525, -0.296898, -0.949512, 0.101386, 0.035774, 0.951260, -0.303365, -0.055442, 0.255558, 0.000000, 0.000000, 0.000000, 1.000000, -0.999458, 0.032930, 0.000514, 0.016679, -0.001379, -0.057433, 0.998348, -0.037270, 0.032905, 0.997806, 0.057447, -0.060995, 0.000000, 0.000000, 0.000000, 1.000000
-19.8783, -26.7844, 1.4809, 374.5213, 443.5291, 35.7841, 255.5333, 16.6772, -37.2715, -60.9978, 0.296758, 0.949560, -0.101342, -0.026784, -0.951319, 0.303209, 0.055286, 0.001481, 0.083226, 0.080002, 0.993314, 0.374521, 0.000000, 0.000000, 0.000000, 1.000000, 0.083359, 0.079959, 0.993307, 0.443529, -0.296759, -0.949560, 0.101341, 0.035784, 0.951307, -0.303220, -0.055426, 0.255533, 0.000000, 0.000000, 0.000000, 1.000000, -0.999458, 0.032930, 0.000509, 0.016677, -0.001383, -0.057427, 0.998349, -0.037272, 0.032904, 0.997806, 0.057442, -0.060998, 0.000000, 0.000000, 0.000000, 1.000000
-19.8691, -26.7946, 1.5055, 374.5251, 443.5329, 35.7943, 255.5087, 16.6753, -37.2734, -61.0004, 0.296617, 0.949609, -0.101297, -0.026795, -0.951367, 0.303062, 0.055269, 0.001505, 0.083184, 0.079976, 0.993320, 0.374525, 0.000000, 0.000000, 0.000000, 1.000000, 0.083317, 0.079933, 0.993312, 0.443533, -0.296617, -0.949609, 0.101296, 0.035794, 0.951355, -0.303073, -0.055409, 0.255509, 0.000000, 0.000000, 0.000000, 1.000000, -0.999458, 0.032929, 0.000504, 0.016675, -0.001388, -0.057422, 0.998349, -0.037273, 0.032903, 0.997807, 0.057437, -0.061000, 0.000000, 0.000000, 0.000000, 1.000000
-19.8506, -26.8153, 1.5546, 374.5327, 443.5405, 35.8150, 255.4596, 16.6712, -37.2771, -61.0057, 0.296331, 0.949708, -0.101205, -0.026815, -0.951464, 0.302765, 0.055234, 0.001555, 0.083097, 0.079925, 0.993331, 0.374533, 0.000000, 0.000000, 0.000000, 1.000000, 0.083231, 0.079882, 0.993323, 0.443541, -0.296331, -0.949708, 0.101204, 0.035815, 0.951452, -0.302776, -0.055373, 0.255460, 0.000000, 0.000000, 0.000000, 1.000000, -0.999458, 0.032927, 0.000495, 0.016671, -0.001397, -0.057411, 0.998350, -0.037277, 0.032901, 0.997807, 0.057426, -0.061006, 0.000000, 0.000000, 0.000000, 1.000000
-19.8368, -26.8307, 1.5910, 374.5382, 443.5460, 35.8304, 255.4233, 16.6682, -37.2799, -61.0096, 0.296118, 0.949782, -0.101136, -0.026831, -0.951536, 0.302543, 0.055206, 0.001591, 0.083032, 0.079887, 0.993340, 0.374538, 0.000000, 0.000000, 0.000000, 1.000000, 0.083165, 0.079844, 0.993332, 0.443546, -0.296118, -0.949782, 0.101136, 0.035830, 0.951524, -0.302554, -0.055346, 0.255423, 0.000000, 0.000000, 0.000000, 1.000000, -0.999458, 0.032926, 0.000488, 0.016668, -0.001404, -0.057403, 0.998350, -0.037280, 0.032900, 0.997808, 0.057418, -0.061010, 0.000000, 0.000000, 0.000000, 1.000000
-19.8322, -26.8358, 1.6030, 374.5401, 443.5479, 35.8355, 255.4113, 16.6672, -37.2809, -61.0109, 0.296047, 0.949807, -0.101113, -0.026836, -0.951560, 0.302469, 0.055197, 0.001603, 0.083010, 0.079875, 0.993343, 0.374540, 0.000000, 0.000000, 0.000000, 1.000000, 0.083144, 0.079831, 0.993335, 0.443548, -0.296047, -0.949807, 0.101113, 0.035836, 0.951548, -0.302480, -0.055336, 0.255411, 0.000000, 0.000000, 0.000000, 1.000000, -0.999458, 0.032926, 0.000485, 0.016667, -0.001406, -0.057400, 0.998350, -0.037281, 0.032899, 0.997808, 0.057415, -0.061011, 0.000000, 0.000000, 0.000000, 1.000000
-19.8185, -26.8511, 1.6389, 374.5455, 443.5533, 35.8508, 255.3755, 16.6643, -37.2836, -61.0148, 0.295835, 0.949880, -0.101045, -0.026851, -0.951631, 0.302249, 0.055169, 0.001639, 0.082945, 0.079837, 0.993351, 0.374545, 0.000000, 0.000000, 0.000000, 1.000000, 0.083078, 0.079794, 0.993343, 0.443553, -0.295835, -0.949880, 0.101045, 0.035851, 0.951620, -0.302260, -0.055308, 0.255375, 0.000000, 0.000000, 0.000000, 1.000000, -0.999458, 0.032925, 0.000478, 0.016664, -0.001413, -0.057392, 0.998351, -0.037284, 0.032898, 0.997809, 0.057408, -0.061015, 0.000000, 0.000000, 0.000000, 1.000000
-19.8139, -26.8562, 1.6508, 374.5473, 443.5550, 35.8559, 255.3636, 16.6633, -37.2846, -61.0161, 0.295765, 0.949904, -0.101023, -0.026856, -0.951655, 0.302176, 0.055160, 0.001651, 0.082924, 0.079825, 0.993354, 0.374547, 0.000000, 0.000000, 0.000000, 1.000000, 0.083057, 0.079782, 0.993346, 0.443555, -0.295765, -0.949904, 0.101022, 0.035856, 0.951643, -0.302187, -0.055299, 0.255364, 0.000000, 0.000000, 0.000000, 1.000000, -0.999458, 0.032925, 0.000476, 0.016663, -0.001415, -0.057390, 0.998351, -0.037285, 0.032898, 0.997809, 0.057405, -0.061016, 0.000000, 0.000000, 0.000000, 1.000000
-19.8049, -26.8663, 1.6744, 374.5508, 443.5586, 35.8660, 255.3400, 16.6613, -37.2864, -61.0187, 0.295625, 0.949952, -0.100978, -0.026866, -0.951702, 0.302031, 0.055142, 0.001674, 0.082881, 0.079800, 0.993359, 0.374551, 0.000000, 0.000000, 0.000000, 1.000000, 0.083013, 0.079757, 0.993352, 0.443559, -0.295625, -0.949952, 0.100977, 0.035866, 0.951690, -0.302042, -0.055281, 0.255340, 0.000000, 0.000000, 0.000000, 1.000000, -0.999458, 0.032924, 0.000471, 0.016661, -0.001420, -0.057384, 0.998351, -0.037286, 0.032897, 0.997809, 0.057400, -0.061019, 0.000000, 0.000000, 0.000000, 1.000000
-19.7871, -26.8862, 1.7212, 374.5578, 443.5655, 35.8859, 255.2934, 16.6574, -37.2900, -61.0237, 0.295349, 0.950047, -0.100890, -0.026886, -0.951795, 0.301744, 0.055106, 0.001721, 0.082796, 0.079751, 0.993370, 0.374558, 0.000000, 0.000000, 0.000000, 1.000000, 0.082928, 0.079708, 0.993363, 0.443566, -0.295349, -0.950047, 0.100889, 0.035886, 0.951783, -0.301756, -0.055244, 0.255293, 0.000000, 0.000000, 0.000000, 1.000000, -0.999458, 0.032922, 0.000462, 0.016657, -0.001429, -0.057374, 0.998352, -0.037290, 0.032895, 0.997810, 0.057390, -0.061024, 0.000000, 0.000000, 0.000000, 1.000000
-19.7783, -26.8960, 1.7442, 374.5613, 443.5690, 35.8957, 255.2705, 16.6555, -37.2918, -61.0262, 0.295214, 0.950094, -0.100847, -0.026896, -0.951841, 0.301604, 0.055088, 0.001744, 0.082755, 0.079727, 0.993376, 0.374561, 0.000000, 0.000000, 0.000000, 1.000000, 0.082887, 0.079684, 0.993368, 0.443569, -0.295214, -0.950094, 0.100846, 0.035896, 0.951829, -0.301615, -0.055226, 0.255271, 0.000000, 0.000000, 0.000000, 1.000000, -0.999458, 0.032922, 0.000457, 0.016656, -0.001433, -0.057369, 0.998352, -0.037292, 0.032894, 0.997810, 0.057385, -0.061026, 0.000000, 0.000000, 0.000000, 1.000000
-19.7696, -26.9060, 1.7716, 374.5663, 443.5740, 35.9057, 255.2431, 16.6536, -37.2935, -61.0286, 0.295078, 0.950141, -0.100804, -0.026906, -0.951885, 0.301464, 0.055082, 0.001772, 0.082724, 0.079700, 0.993380, 0.374566, 0.000000, 0.000000, 0.000000, 1.000000, 0.082856, 0.079658, 0.993373, 0.443574, -0.295078, -0.950141, 0.100803, 0.035906, 0.951874, -0.301475, -0.055220, 0.255243, 0.000000, 0.000000, 0.000000, 1.000000, -0.999458, 0.032921, 0.000453, 0.016654, -0.001437, -0.057364, 0.998352, -0.037294, 0.032893, 0.997810, 0.057380, -0.061029, 0.000000, 0.000000, 0.000000, 1.000000
-19.7569, -26.9211, 1.8180, 374.5759, 443.5836, 35.9208, 255.1967, 16.6508, -37.2960, -61.0323, 0.294876, 0.950210, -0.100741, -0.026921, -0.951951, 0.301256, 0.055086, 0.001818, 0.082693, 0.079657, 0.993387, 0.374576, 0.000000, 0.000000, 0.000000, 1.000000, 0.082825, 0.079614, 0.993379, 0.443584, -0.294876, -0.950210, 0.100740, 0.035921, 0.951939, -0.301267, -0.055225, 0.255197, 0.000000, 0.000000, 0.000000, 1.000000, -0.999458, 0.032920, 0.000446, 0.016651, -0.001444, -0.057356, 0.998353, -0.037296, 0.032891, 0.997811, 0.057373, -0.061032, 0.000000, 0.000000, 0.000000, 1.000000
-19.7445, -26.9358, 1.8618, 374.5847, 443.5924, 35.9355, 255.1528, 16.6481, -37.2985, -61.0358, 0.294679, 0.950278, -0.100680, -0.026936, -0.952015, 0.301054, 0.055088, 0.001862, 0.082659, 0.079615, 0.993393, 0.374585, 0.000000, 0.000000, 0.000000, 1.000000, 0.082791, 0.079573, 0.993385, 0.443592, -0.294679, -0.950278, 0.100679, 0.035936, 0.952003, -0.301065, -0.055226, 0.255153, 0.000000, 0.000000, 0.000000, 1.000000, -0.999458, 0.032919, 0.000439, 0.016648, -0.001450, -0.057349, 0.998353, -0.037298, 0.032890, 0.997811, 0.057366, -0.061036, 0.000000, 0.000000, 0.000000, 1.000000
-19.7363, -26.9453, 1.8895, 374.5901, 443.5979, 35.9450, 255.1251, 16.6463, -37.3001, -61.0381, 0.294551, 0.950322, -0.100640, -0.026945, -0.952056, 0.300922, 0.055086, 0.001890, 0.082635, 0.079589, 0.993397, 0.374590, 0.000000, 0.000000, 0.000000, 1.000000, 0.082767, 0.079546, 0.993389, 0.443598, -0.294551, -0.950322, 0.100639, 0.035945, 0.952045, -0.300933, -0.055225, 0.255125, 0.000000, 0.000000, 0.000000, 1.000000, -0.999458, 0.032918, 0.000435, 0.016646, -0.001454, -0.057344, 0.998353, -0.037300, 0.032889, 0.997812, 0.057361, -0.061038, 0.000000, 0.000000, 0.000000, 1.000000
-19.7323, -26.9500, 1.9030, 374.5927, 443.6005, 35.9497, 255.1116, 16.6454, -37.3009, -61.0392, 0.294487, 0.950344, -0.100620, -0.026950, -0.952077, 0.300857, 0.055085, 0.001903, 0.082622, 0.079576, 0.993399, 0.374593, 0.000000, 0.000000, 0.000000, 1.000000, 0.082755, 0.079533, 0.993391, 0.443600, -0.294487, -0.950344, 0.100619, 0.035950, 0.952066, -0.300868, -0.055224, 0.255112, 0.000000, 0.000000, 0.000000, 1.000000, -0.999458, 0.032918, 0.000433, 0.016645, -0.001456, -0.057342, 0.998354, -0.037301, 0.032888, 0.997812, 0.057359, -0.061039, 0.000000, 0.000000, 0.000000, 1.000000
-19.7165, -26.9683, 1.9539, 374.6023, 443.6100, 35.9680, 255.0606, 16.6420, -37.3040, -61.0437, 0.294239, 0.950429, -0.100542, -0.026968, -0.952158, 0.300601, 0.055076, 0.001954, 0.082568, 0.079527, 0.993407, 0.374602, 0.000000, 0.000000, 0.000000, 1.000000, 0.082701, 0.079484, 0.993400, 0.443610, -0.294239, -0.950429, 0.100541, 0.035968, 0.952147, -0.300612, -0.055214, 0.255061, 0.000000, 0.000000, 0.000000, 1.000000, -0.999458, 0.032917, 0.000425, 0.016642, -0.001464, -0.057333, 0.998354, -0.037304, 0.032887, 0.997812, 0.057350, -0.061044, 0.000000, 0.000000, 0.000000, 1.000000
-19.7051, -26.9814, 1.9890, 374.6085, 443.6162, 35.9811, 255.0256, 16.6395, -37.3063, -61.0469, 0.294060, 0.950490, -0.100486, -0.026981, -0.952217, 0.300416, 0.055064, 0.001989, 0.082526, 0.079492, 0.993414, 0.374609, 0.000000, 0.000000, 0.000000, 1.000000, 0.082658, 0.079450, 0.993406, 0.443616, -0.294060, -0.950490, 0.100485, 0.035981, 0.952206, -0.300427, -0.055203, 0.255026, 0.000000, 0.000000, 0.000000, 1.000000, -0.999458, 0.032916, 0.000419, 0.016639, -0.001470, -0.057326, 0.998354, -0.037306, 0.032885, 0.997813, 0.057343, -0.061047, 0.000000, 0.000000, 0.000000, 1.000000
-19.6975, -26.9899, 2.0112, 374.6123, 443.6200, 35.9896, 255.0034, 16.6378, -37.3078, -61.0491, 0.293943, 0.950530, -0.100449, -0.026990, -0.952256, 0.300295, 0.055055, 0.002011, 0.082495, 0.079470, 0.993418, 0.374612, 0.000000, 0.000000, 0.000000, 1.000000, 0.082628, 0.079428, 0.993410, 0.443620, -0.293943, -0.950530, 0.100448, 0.035990, 0.952245, -0.300306, -0.055193, 0.255003, 0.000000, 0.000000, 0.000000, 1.000000, -0.999458, 0.032915, 0.000415, 0.016638, -0.001474, -0.057322, 0.998355, -0.037308, 0.032885, 0.997813, 0.057339, -0.061049, 0.000000, 0.000000, 0.000000, 1.000000
-19.6900, -26.9983, 2.0326, 374.6159, 443.6236, 35.9980, 254.9820, 16.6362, -37.3093, -61.0512, 0.293826, 0.950570, -0.100412, -0.026998, -0.952295, 0.300174, 0.055044, 0.002033, 0.082464, 0.079449, 0.993422, 0.374616, 0.000000, 0.000000, 0.000000, 1.000000, 0.082597, 0.079406, 0.993415, 0.443624, -0.293826, -0.950570, 0.100411, 0.035998, 0.952284, -0.300185, -0.055182, 0.254982, 0.000000, 0.000000, 0.000000, 1.000000, -0.999458, 0.032914, 0.000411, 0.016636, -0.001477, -0.057317, 0.998355, -0.037309, 0.032884, 0.997813, 0.057335, -0.061051, 0.000000, 0.000000, 0.000000, 1.000000
-19.6826, -27.0067, 2.0534, 374.6192, 443.6269, 36.0064, 254.9613, 16.6345, -37.3108, -61.0533, 0.293710, 0.950610, -0.100375, -0.027007, -0.952334, 0.300054, 0.055031, 0.002053, 0.082431, 0.079427, 0.993427, 0.374619, 0.000000, 0.000000, 0.000000, 1.000000, 0.082564, 0.079385, 0.993419, 0.443627, -0.293710, -0.950610, 0.100375, 0.036006, 0.952322, -0.300065, -0.055170, 0.254961, 0.000000, 0.000000, 0.000000, 1.000000, -0.999458, 0.032914, 0.000407, 0.016635, -0.001481, -0.057313, 0.998355, -0.037311, 0.032883, 0.997814, 0.057331, -0.061053, 0.000000, 0.000000, 0.000000, 1.000000
-19.6751, -27.0150, 2.0735, 374.6224, 443.6301, 36.0147, 254.9412, 16.6329, -37.3123, -61.0554, 0.293595, 0.950649, -0.100339, -0.027015, -0.952372, 0.299934, 0.055018, 0.002074, 0.082397, 0.079407, 0.993431, 0.374622, 0.000000, 0.000000, 0.000000, 1.000000, 0.082530, 0.079364, 0.993423, 0.443630, -0.293595, -0.950649, 0.100338, 0.036015, 0.952361, -0.299945, -0.055156, 0.254941, 0.000000, 0.000000, 0.000000, 1.000000, -0.999458, 0.032913, 0.000403, 0.016633, -0.001485, -0.057308, 0.998355, -0.037312, 0.032882, 0.997814, 0.057326, -0.061055, 0.000000, 0.000000, 0.000000, 1.000000
-19.6528, -27.0395, 2.1311, 374.6309, 443.6385, 36.0391, 254.8838, 16.6281, -37.3169, -61.0617, 0.293251, 0.950767, -0.100228, -0.027039, -0.952488, 0.299576, 0.054970, 0.002131, 0.082290, 0.079346, 0.993445, 0.374631, 0.000000, 0.000000, 0.000000, 1.000000, 0.082422, 0.079304, 0.993437, 0.443639, -0.293251, -0.950767, 0.100228, 0.036039, 0.952476, -0.299587, -0.055108, 0.254884, 0.000000, 0.000000, 0.000000, 1.000000, -0.999458, 0.032912, 0.000391, 0.016628, -0.001496, -0.057295, 0.998356, -0.037317, 0.032880, 0.997815, 0.057314, -0.061062, 0.000000, 0.000000, 0.000000, 1.000000
-19.6491, -27.0435, 2.1403, 374.6322, 443.6398, 36.0432, 254.8746, 16.6273, -37.3176, -61.0627, 0.293194, 0.950787, -0.100210, -0.027043, -0.952507, 0.299517, 0.054961, 0.002140, 0.082271, 0.079337, 0.993447, 0.374632, 0.000000, 0.000000, 0.000000, 1.000000, 0.082403, 0.079294, 0.993440, 0.443640, -0.293194, -0.950787, 0.100210, 0.036043, 0.952495, -0.299528, -0.055099, 0.254875, 0.000000, 0.000000, 0.000000, 1.000000, -0.999458, 0.032911, 0.000390, 0.016627, -0.001498, -0.057293, 0.998356, -0.037318, 0.032880, 0.997815, 0.057311, -0.061063, 0.000000, 0.000000, 0.000000, 1.000000
-19.6382, -27.0553, 2.1672, 374.6359, 443.6435, 36.0550, 254.8478, 16.6249, -37.3198, -61.0658, 0.293025, 0.950844, -0.100156, -0.027055, -0.952563, 0.299342, 0.054935, 0.002167, 0.082215, 0.079308, 0.993454, 0.374636, 0.000000, 0.000000, 0.000000, 1.000000, 0.082347, 0.079266, 0.993446, 0.443643, -0.293025, -0.950844, 0.100155, 0.036055, 0.952552, -0.299353, -0.055072, 0.254848, 0.000000, 0.000000, 0.000000, 1.000000, -0.999458, 0.032911, 0.000384, 0.016625, -0.001503, -0.057287, 0.998357, -0.037320, 0.032878, 0.997815, 0.057305, -0.061066, 0.000000, 0.000000, 0.000000, 1.000000
-19.6310, -27.0631, 2.1846, 374.6382, 443.6458, 36.0628, 254.8305, 16.6233, -37.3213, -61.0679, 0.292914, 0.950882, -0.100120, -0.027063, -0.952601, 0.299226, 0.054917, 0.002185, 0.082178, 0.079289, 0.993459, 0.374638, 0.000000, 0.000000, 0.000000, 1.000000, 0.082309, 0.079247, 0.993451, 0.443646, -0.292914, -0.950882, 0.100120, 0.036063, 0.952589, -0.299237, -0.055054, 0.254830, 0.000000, 0.000000, 0.000000, 1.000000, -0.999458, 0.032910, 0.000380, 0.016623, -0.001507, -0.057283, 0.998357, -0.037321, 0.032878, 0.997815, 0.057301, -0.061068, 0.000000, 0.000000, 0.000000, 1.000000
-19.6238, -27.0708, 2.2018, 374.6405, 443.6481, 36.0705, 254.8134, 16.6217, -37.3227, -61.0699, 0.292804, 0.950920, -0.100085, -0.027071, -0.952638, 0.299111, 0.054898, 0.002202, 0.082140, 0.079270, 0.993463, 0.374641, 0.000000, 0.000000, 0.000000, 1.000000, 0.082272, 0.079228, 0.993456, 0.443648, -0.292804, -0.950920, 0.100084, 0.036071, 0.952626, -0.299122, -0.055035, 0.254813, 0.000000, 0.000000, 0.000000, 1.000000, -0.999458, 0.032909, 0.000376, 0.016622, -0.001510, -0.057278, 0.998357, -0.037323, 0.032877, 0.997816, 0.057297, -0.061070, 0.000000, 0.000000, 0.000000, 1.000000
-19.6167, -27.0785, 2.2188, 374.6428, 443.6504, 36.0782, 254.7964, 16.6202, -37.3242, -61.0719, 0.292695, 0.950957, -0.100050, -0.027079, -0.952675, 0.298997, 0.054880, 0.002219, 0.082103, 0.079252, 0.993468, 0.374643, 0.000000, 0.000000, 0.000000, 1.000000, 0.082234, 0.079210, 0.993460, 0.443650, -0.292695, -0.950957, 0.100049, 0.036078, 0.952663, -0.299008, -0.055017, 0.254796, 0.000000, 0.000000, 0.000000, 1.000000, -0.999458, 0.032909, 0.000373, 0.016620, -0.001514, -0.057274, 0.998357, -0.037324, 0.032876, 0.997816, 0.057293, -0.061072, 0.000000, 0.000000, 0.000000, 1.000000
-19.6096, -27.0861, 2.2358, 374.6450, 443.6526, 36.0858, 254.7796, 16.6186, -37.3256, -61.0739, 0.292586, 0.950995, -0.100014, -0.027086, -0.952711, 0.298883, 0.054861, 0.002236, 0.082065, 0.079233, 0.993472, 0.374645, 0.000000, 0.000000, 0.000000, 1.000000, 0.082196, 0.079191, 0.993465, 0.443653, -0.292586, -0.950995, 0.100014, 0.036086, 0.952700, -0.298894, -0.054998, 0.254780, 0.000000, 0.000000, 0.000000, 1.000000, -0.999458, 0.032908, 0.000369, 0.016619, -0.001517, -0.057270, 0.998358, -0.037326, 0.032876, 0.997816, 0.057289, -0.061074, 0.000000, 0.000000, 0.000000, 1.000000
-19.5919, -27.1051, 2.2779, 374.6506, 443.6581, 36.1048, 254.7377, 16.6148, -37.3292, -61.0789, 0.292314, 0.951087, -0.099927, -0.027105, -0.952803, 0.298601, 0.054815, 0.002278, 0.081972, 0.079187, 0.993484, 0.374651, 0.000000, 0.000000, 0.000000, 1.000000, 0.082102, 0.079146, 0.993476, 0.443658, -0.292314, -0.951087, 0.099926, 0.036105, 0.952791, -0.298611, -0.054951, 0.254738, 0.000000, 0.000000, 0.000000, 1.000000, -0.999458, 0.032907, 0.000360, 0.016615, -0.001526, -0.057260, 0.998358, -0.037329, 0.032874, 0.997817, 0.057279, -0.061079, 0.000000, 0.000000, 0.000000, 1.000000
-19.5849, -27.1125, 2.2946, 374.6529, 443.6604, 36.1122, 254.7212, 16.6133, -37.3306, -61.0809, 0.292208, 0.951124, -0.099892, -0.027113, -0.952839, 0.298490, 0.054797, 0.002295, 0.081936, 0.079169, 0.993488, 0.374653, 0.000000, 0.000000, 0.000000, 1.000000, 0.082066, 0.079127, 0.993481, 0.443660, -0.292208, -0.951124, 0.099891, 0.036112, 0.952827, -0.298500, -0.054933, 0.254721, 0.000000, 0.000000, 0.000000, 1.000000, -0.999458, 0.032907, 0.000356, 0.016613, -0.001529, -0.057255, 0.998358, -0.037331, 0.032873, 0.997817, 0.057275, -0.061081, 0.000000, 0.000000, 0.000000, 1.000000
-19.5815, -27.1162, 2.3030, 374.6540, 443.6615, 36.1159, 254.7129, 16.6125, -37.3313, -61.0819, 0.292155, 0.951142, -0.099875, -0.027116, -0.952856, 0.298434, 0.054788, 0.002303, 0.081918, 0.079160, 0.993490, 0.374654, 0.000000, 0.000000, 0.000000, 1.000000, 0.082048, 0.079118, 0.993483, 0.443662, -0.292155, -0.951142, 0.099874, 0.036116, 0.952845, -0.298445, -0.054924, 0.254713, 0.000000, 0.000000, 0.000000, 1.000000, -0.999458, 0.032906, 0.000354, 0.016613, -0.001531, -0.057253, 0.998359, -0.037331, 0.032873, 0.997817, 0.057273, -0.061082, 0.000000, 0.000000, 0.000000, 1.000000
-19.5746, -27.1236, 2.3197, 374.6563, 443.6638, 36.1233, 254.6963, 16.6110, -37.3327, -61.0838, 0.292049, 0.951178, -0.099841, -0.027124, -0.952892, 0.298325, 0.054771, 0.002320, 0.081882, 0.079142, 0.993495, 0.374656, 0.000000, 0.000000, 0.000000, 1.000000, 0.082012, 0.079100, 0.993487, 0.443664, -0.292049, -0.951178, 0.099840, 0.036123, 0.952881, -0.298335, -0.054907, 0.254696, 0.000000, 0.000000, 0.000000, 1.000000, -0.999458, 0.032906, 0.000351, 0.016611, -0.001534, -0.057249, 0.998359, -0.037333, 0.032872, 0.997817, 0.057269, -0.061084, 0.000000, 0.000000, 0.000000, 1.000000
-19.5678, -27.1309, 2.3365, 374.6587, 443.6661, 36.1306, 254.6796, 16.6095, -37.3341, -61.0857, 0.291944, 0.951214, -0.099807, -0.027131, -0.952927, 0.298215, 0.054755, 0.002337, 0.081847, 0.079123, 0.993499, 0.374659, 0.000000, 0.000000, 0.000000, 1.000000, 0.081977, 0.079082, 0.993492, 0.443666, -0.291944, -0.951214, 0.099806, 0.036131, 0.952916, -0.298226, -0.054890, 0.254680, 0.000000, 0.000000, 0.000000, 1.000000, -0.999458, 0.032905, 0.000347, 0.016610, -0.001538, -0.057245, 0.998359, -0.037334, 0.032871, 0.997818, 0.057265, -0.061086, 0.000000, 0.000000, 0.000000, 1.000000
-19.5609, -27.1383, 2.3535, 374.6611, 443.6685, 36.1380, 254.6627, 16.6080, -37.3355, -61.0877, 0.291839, 0.951249, -0.099773, -0.027138, -0.952962, 0.298105, 0.054739, 0.002354, 0.081813, 0.079105, 0.993503, 0.374661, 0.000000, 0.000000, 0.000000, 1.000000, 0.081942, 0.079064, 0.993496, 0.443669, -0.291839, -0.951250, 0.099772, 0.036138, 0.952951, -0.298116, -0.054873, 0.254663, 0.000000, 0.000000, 0.000000, 1.000000, -0.999458, 0.032905, 0.000344, 0.016608, -0.001541, -0.057241, 0.998359, -0.037336, 0.032871, 0.997818, 0.057261, -0.061088, 0.000000, 0.000000, 0.000000, 1.000000
-19.5541, -27.1457, 2.3708, 374.6636, 443.6710, 36.1454, 254.6456, 16.6065, -37.3369, -61.0896, 0.291733, 0.951285, -0.099739, -0.027146, -0.952997, 0.297996, 0.054723, 0.002371, 0.081779, 0.079087, 0.993508, 0.374664, 0.000000, 0.000000, 0.000000, 1.000000, 0.081908, 0.079046, 0.993500, 0.443671, -0.291733, -0.951285, 0.099738, 0.036145, 0.952986, -0.298006, -0.054857, 0.254646, 0.000000, 0.000000, 0.000000, 1.000000, -0.999458, 0.032904, 0.000340, 0.016607, -0.001545, -0.057237, 0.998359, -0.037337, 0.032870, 0.997818, 0.057257, -0.061090, 0.000000, 0.000000, 0.000000, 1.000000
-19.5403, -27.1607, 2.4064, 374.6690, 443.6763, 36.1603, 254.6103, 16.6035, -37.3397, -61.0935, 0.291520, 0.951358, -0.099670, -0.027161, -0.953068, 0.297774, 0.054693, 0.002406, 0.081712, 0.079049, 0.993516, 0.374669, 0.000000, 0.000000, 0.000000, 1.000000, 0.081840, 0.079008, 0.993509, 0.443676, -0.291520, -0.951358, 0.099670, 0.036160, 0.953057, -0.297785, -0.054827, 0.254610, 0.000000, 0.000000, 0.000000, 1.000000, -0.999458, 0.032903, 0.000333, 0.016604, -0.001551, -0.057229, 0.998360, -0.037340, 0.032868, 0.997819, 0.057249, -0.061093, 0.000000, 0.000000, 0.000000, 1.000000
-19.5368, -27.1644, 2.4156, 374.6704, 443.6777, 36.1641, 254.6012, 16.6027, -37.3404, -61.0945, 0.291466, 0.951376, -0.099653, -0.027164, -0.953086, 0.297718, 0.054686, 0.002416, 0.081695, 0.079039, 0.993518, 0.374670, 0.000000, 0.000000, 0.000000, 1.000000, 0.081823, 0.078998, 0.993511, 0.443678, -0.291466, -0.951376, 0.099652, 0.036164, 0.953075, -0.297729, -0.054819, 0.254601, 0.000000, 0.000000, 0.000000, 1.000000, -0.999458, 0.032903, 0.000331, 0.016603, -0.001553, -0.057227, 0.998360, -0.037340, 0.032868, 0.997819, 0.057247, -0.061094, 0.000000, 0.000000, 0.000000, 1.000000
-19.5262, -27.1759, 2.4436, 374.6747, 443.6820, 36.1756, 254.5734, 16.6004, -37.3425, -61.0975, 0.291303, 0.951432, -0.099601, -0.027176, -0.953140, 0.297549, 0.054665, 0.002444, 0.081646, 0.079009, 0.993525, 0.374675, 0.000000, 0.000000, 0.000000, 1.000000, 0.081773, 0.078969, 0.993518, 0.443682, -0.291303, -0.951432, 0.099600, 0.036176, 0.953129, -0.297559, -0.054798, 0.254573, 0.000000, 0.000000, 0.000000, 1.000000, -0.999459, 0.032902, 0.000326, 0.016600, -0.001558, -0.057221, 0.998360, -0.037343, 0.032867, 0.997819, 0.057241, -0.061097, 0.000000, 0.000000, 0.000000, 1.000000
-19.5155, -27.1876, 2.4727, 374.6794, 443.6866, 36.1873, 254.5447, 16.5981, -37.3447, -61.1005, 0.291137, 0.951488, -0.099547, -0.027188, -0.953195, 0.297376, 0.054645, 0.002473, 0.081597, 0.078979, 0.993531, 0.374679, 0.000000, 0.000000, 0.000000, 1.000000, 0.081724, 0.078939, 0.993524, 0.443687, -0.291137, -0.951488, 0.099547, 0.036187, 0.953184, -0.297387, -0.054778, 0.254545, 0.000000, 0.000000, 0.000000, 1.000000, -0.999459, 0.032901, 0.000320, 0.016598, -0.001564, -0.057215, 0.998361, -0.037345, 0.032866, 0.997820, 0.057235, -0.061100, 0.000000, 0.000000, 0.000000, 1.000000
-19.5045, -27.1996, 2.5028, 374.6843, 443.6915, 36.1993, 254.5148, 16.5957, -37.3469, -61.1036, 0.290967, 0.951546, -0.099493, -0.027200, -0.953251, 0.297200, 0.054626, 0.002503, 0.081549, 0.078947, 0.993538, 0.374684, 0.000000, 0.000000, 0.000000, 1.000000, 0.081675, 0.078907, 0.993531, 0.443691, -0.290967, -0.951546, 0.099492, 0.036199, 0.953241, -0.297210, -0.054758, 0.254515, 0.000000, 0.000000, 0.000000, 1.000000, -0.999459, 0.032901, 0.000314, 0.016596, -0.001569, -0.057208, 0.998361, -0.037347, 0.032865, 0.997820, 0.057229, -0.061104, 0.000000, 0.000000, 0.000000, 1.000000
-19.4971, -27.2077, 2.5236, 374.6877, 443.6949, 36.2074, 254.4942, 16.5941, -37.3484, -61.1057, 0.290852, 0.951585, -0.099456, -0.027208, -0.953289, 0.297081, 0.054614, 0.002524, 0.081516, 0.078926, 0.993542, 0.374688, 0.000000, 0.000000, 0.000000, 1.000000, 0.081642, 0.078886, 0.993535, 0.443695, -0.290852, -0.951585, 0.099455, 0.036207, 0.953278, -0.297091, -0.054745, 0.254494, 0.000000, 0.000000, 0.000000, 1.000000, -0.999459, 0.032900, 0.000310, 0.016594, -0.001573, -0.057204, 0.998361, -0.037348, 0.032864, 0.997820, 0.057225, -0.061106, 0.000000, 0.000000, 0.000000, 1.000000
