# Joint_5_Angle(deg), Cam_X(mm), Cam_Y(mm), Cam_Z(mm), Torso_X(mm), Torso_Y(mm), Torso_Z(mm), EE_X(mm), EE_Y(mm), EE_Z(mm), T_cam2marker_flat(16), T_torso2marker_flat(16), T_ee2marker_flat(16)
-29.9924, -28.4358, 17.6971, 151.3259, 173.3230, 28.4355, 182.3509, 137.2134, -40.0522, -0.5318, 0.622752, -0.777121, 0.090902, -0.028436, 0.780064, 0.607664, -0.149146, 0.017697, 0.060667, 0.163790, 0.984628, 0.151326, 0.000000, 0.000000, 0.000000, 1.000000, 0.060534, 0.163689, 0.984653, 0.173323, -0.622752, 0.777120, -0.090904, 0.028436, -0.780074, -0.607692, 0.148980, 0.182351, 0.000000, 0.000000, 0.000000, 1.000000, -0.004062, 0.100938, -0.994884, 0.137213, -0.998441, -0.055801, -0.001585, -0.040052, -0.055676, 0.993327, 0.101008, -0.000532, 0.000000, 0.000000, 0.000000, 1.000000
-29.9714, -28.4023, 17.6696, 151.3677, 173.3647, 28.4021, 182.3783, 137.2082, -40.0522, -0.5126, 0.622754, -0.777154, 0.090604, -0.028402, 0.780060, 0.607719, -0.148940, 0.017670, 0.060687, 0.163430, 0.984687, 0.151368, 0.000000, 0.000000, 0.000000, 1.000000, 0.060554, 0.163328, 0.984712, 0.173365, -0.622754, 0.777154, -0.090606, 0.028402, -0.780071, -0.607747, 0.148773, 0.182378, 0.000000, 0.000000, 0.000000, 1.000000, -0.004062, 0.100938, -0.994884, 0.137208, -0.998441, -0.055801, -0.001585, -0.040052, -0.055676, 0.993327, 0.101008, -0.000513, 0.000000, 0.000000, 0.000000, 1.000000
-29.9514, -28.3705, 17.6431, 151.4074, 173.4044, 28.3703, 182.4047, 137.2034, -40.0521, -0.4943, 0.622756, -0.777185, 0.090320, -0.028371, 0.780057, 0.607771, -0.148744, 0.017643, 0.060708, 0.163086, 0.984742, 0.151407, 0.000000, 0.000000, 0.000000, 1.000000, 0.060575, 0.162984, 0.984767, 0.173404, -0.622756, 0.777185, -0.090321, 0.028370, -0.780067, -0.607799, 0.148577, 0.182405, 0.000000, 0.000000, 0.000000, 1.000000, -0.004062, 0.100938, -0.994884, 0.137203, -0.998441, -0.055801, -0.001585, -0.040052, -0.055676, 0.993327, 0.101008, -0.000494, 0.000000, 0.000000, 0.000000, 1.000000
-29.9325, -28.3405, 17.6178, 151.4448, 173.4419, 28.3403, 182.4300, 137.1989, -40.0520, -0.4769, 0.622758, -0.777215, 0.090051, -0.028340, 0.780054, 0.607821, -0.148559, 0.017618, 0.060728, 0.162761, 0.984795, 0.151445, 0.000000, 0.000000, 0.000000, 1.000000, 0.060595, 0.162659, 0.984820, 0.173442, -0.622758, 0.777215, -0.090052, 0.028340, -0.780064, -0.607848, 0.148392, 0.182430, 0.000000, 0.000000, 0.000000, 1.000000, -0.004062, 0.100938, -0.994884, 0.137199, -0.998441, -0.055801, -0.001585, -0.040052, -0.055676, 0.993327, 0.101008, -0.000477, 0.000000, 0.000000, 0.000000, 1.000000
-29.9064, -28.2991, 17.5825, 151.4963, 173.4934, 28.2989, 182.4653, 137.1927, -40.0518, -0.4531, 0.622761, -0.777255, 0.089679, -0.028299, 0.780049, 0.607889, -0.148306, 0.017582, 0.060757, 0.162313, 0.984867, 0.151496, 0.000000, 0.000000, 0.000000, 1.000000, 0.060624, 0.162211, 0.984892, 0.173493, -0.622762, 0.777255, -0.089680, 0.028299, -0.780060, -0.607916, 0.148139, 0.182465, 0.000000, 0.000000, 0.000000, 1.000000, -0.004062, 0.100938, -0.994884, 0.137193, -0.998441, -0.055802, -0.001585, -0.040052, -0.055676, 0.993327, 0.101008, -0.000453, 0.000000, 0.000000, 0.000000, 1.000000
-29.8906, -28.2742, 17.5608, 151.5274, 173.5244, 28.2740, 182.4869, 137.1890, -40.0516, -0.4387, 0.622763, -0.777280, 0.089454, -0.028274, 0.780046, 0.607930, -0.148154, 0.017561, 0.060776, 0.162043, 0.984910, 0.151527, 0.000000, 0.000000, 0.000000, 1.000000, 0.060642, 0.161941, 0.984935, 0.173524, -0.622764, 0.777279, -0.089455, 0.028274, -0.780056, -0.607957, 0.147987, 0.182487, 0.000000, 0.000000, 0.000000, 1.000000, -0.004062, 0.100938, -0.994884, 0.137189, -0.998441, -0.055802, -0.001585, -0.040052, -0.055676, 0.993327, 0.101008, -0.000439, 0.000000, 0.000000, 0.000000, 1.000000
-29.8631, -28.2309, 17.5223, 151.5812, 173.5782, 28.2307, 182.5253, 137.1827, -40.0511, -0.4137, 0.622767, -0.777322, 0.089061, -0.028231, 0.780040, 0.608001, -0.147892, 0.017522, 0.060810, 0.161573, 0.984985, 0.151581, 0.000000, 0.000000, 0.000000, 1.000000, 0.060677, 0.161471, 0.985010, 0.173578, -0.622768, 0.777321, -0.089062, 0.028231, -0.780051, -0.608029, 0.147724, 0.182525, 0.000000, 0.000000, 0.000000, 1.000000, -0.004062, 0.100938, -0.994884, 0.137183, -0.998441, -0.055802, -0.001585, -0.040051, -0.055676, 0.993327, 0.101008, -0.000414, 0.000000, 0.000000, 0.000000, 1.000000
-29.8571, -28.2214, 17.5138, 151.5929, 173.5900, 28.2212, 182.5339, 137.1813, -40.0510, -0.4082, 0.622768, -0.777331, 0.088974, -0.028221, 0.780039, 0.608017, -0.147834, 0.017514, 0.060818, 0.161470, 0.985002, 0.151593, 0.000000, 0.000000, 0.000000, 1.000000, 0.060685, 0.161368, 0.985027, 0.173590, -0.622769, 0.777330, -0.088976, 0.028221, -0.780049, -0.608044, 0.147667, 0.182534, 0.000000, 0.000000, 0.000000, 1.000000, -0.004062, 0.100938, -0.994884, 0.137181, -0.998441, -0.055802, -0.001585, -0.040051, -0.055676, 0.993327, 0.101008, -0.000408, 0.000000, 0.000000, 0.000000, 1.000000
-29.8460, -28.2040, 17.4979, 151.6144, 173.6115, 28.2038, 182.5497, 137.1788, -40.0507, -0.3981, 0.622770, -0.777347, 0.088816, -0.028204, 0.780036, 0.608046, -0.147730, 0.017498, 0.060834, 0.161281, 0.985032, 0.151614, 0.000000, 0.000000, 0.000000, 1.000000, 0.060700, 0.161179, 0.985057, 0.173612, -0.622770, 0.777347, -0.088817, 0.028204, -0.780047, -0.608073, 0.147562, 0.182550, 0.000000, 0.000000, 0.000000, 1.000000, -0.004062, 0.100938, -0.994884, 0.137179, -0.998441, -0.055802, -0.001585, -0.040051, -0.055676, 0.993327, 0.101008, -0.000398, 0.000000, 0.000000, 0.000000, 1.000000
-29.8361, -28.1886, 17.4835, 151.6335, 173.6305, 28.1884, 182.5641, 137.1767, -40.0504, -0.3892, 0.622772, -0.777362, 0.088674, -0.028189, 0.780034, 0.608071, -0.147638, 0.017484, 0.060848, 0.161114, 0.985058, 0.151633, 0.000000, 0.000000, 0.000000, 1.000000, 0.060714, 0.161011, 0.985083, 0.173631, -0.622772, 0.777362, -0.088676, 0.028188, -0.780044, -0.608099, 0.147470, 0.182564, 0.000000, 0.000000, 0.000000, 1.000000, -0.004062, 0.100938, -0.994884, 0.137177, -0.998441, -0.055802, -0.001585, -0.040050, -0.055676, 0.993327, 0.101008, -0.000389, 0.000000, 0.000000, 0.000000, 1.000000
-29.8273, -28.1751, 17.4707, 151.6502, 173.6473, 28.1748, 182.5769, 137.1748, -40.0501, -0.3813, 0.622774, -0.777375, 0.088549, -0.028175, 0.780031, 0.608094, -0.147557, 0.017471, 0.060861, 0.160966, 0.985082, 0.151650, 0.000000, 0.000000, 0.000000, 1.000000, 0.060727, 0.160863, 0.985107, 0.173647, -0.622774, 0.777375, -0.088551, 0.028175, -0.780042, -0.608121, 0.147389, 0.182577, 0.000000, 0.000000, 0.000000, 1.000000, -0.004062, 0.100938, -0.994884, 0.137175, -0.998441, -0.055802, -0.001585, -0.040050, -0.055676, 0.993327, 0.101008, -0.000381, 0.000000, 0.000000, 0.000000, 1.000000
-29.8197, -28.1632, 17.4592, 151.6648, 173.6618, 28.1629, 182.5883, 137.1731, -40.0499, -0.3744, 0.622776, -0.777386, 0.088440, -0.028163, 0.780029, 0.608114, -0.147487, 0.017459, 0.060873, 0.160837, 0.985102, 0.151665, 0.000000, 0.000000, 0.000000, 1.000000, 0.060739, 0.160734, 0.985127, 0.173662, -0.622776, 0.777386, -0.088441, 0.028163, -0.780039, -0.608141, 0.147319, 0.182588, 0.000000, 0.000000, 0.000000, 1.000000, -0.004062, 0.100938, -0.994884, 0.137173, -0.998441, -0.055802, -0.001585, -0.040050, -0.055676, 0.993327, 0.101008, -0.000374, 0.000000, 0.000000, 0.000000, 1.000000
-29.8100, -28.1482, 17.4444, 151.6830, 173.6800, 28.1480, 182.6031, 137.1711, -40.0495, -0.3657, 0.622778, -0.777400, 0.088301, -0.028148, 0.780026, 0.608139, -0.147399, 0.017444, 0.060889, 0.160674, 0.985128, 0.151683, 0.000000, 0.000000, 0.000000, 1.000000, 0.060755, 0.160571, 0.985153, 0.173680, -0.622778, 0.777400, -0.088303, 0.028148, -0.780036, -0.608167, 0.147231, 0.182603, 0.000000, 0.000000, 0.000000, 1.000000, -0.004062, 0.100938, -0.994884, 0.137171, -0.998441, -0.055802, -0.001585, -0.040049, -0.055676, 0.993327, 0.101008, -0.000366, 0.000000, 0.000000, 0.000000, 1.000000
-29.8047, -28.1392, 17.4405, 151.6956, 173.6927, 28.1389, 182.6070, 137.1693, -40.0500, -0.3605, 0.622777, -0.777409, 0.088226, -0.028139, 0.780027, 0.608153, -0.147335, 0.017440, 0.060884, 0.160575, 0.985144, 0.151696, 0.000000, 0.000000, 0.000000, 1.000000, 0.060750, 0.160472, 0.985169, 0.173693, -0.622777, 0.777409, -0.088228, 0.028139, -0.780038, -0.608181, 0.147166, 0.182607, 0.000000, 0.000000, 0.000000, 1.000000, -0.004062, 0.100938, -0.994884, 0.137169, -0.998441, -0.055802, -0.001585, -0.040050, -0.055676, 0.993327, 0.101008, -0.000360, 0.000000, 0.000000, 0.000000, 1.000000
-29.8001, -28.1314, 17.4372, 151.7065, 173.7036, 28.1312, 182.6102, 137.1676, -40.0505, -0.3560, 0.622775, -0.777418, 0.088162, -0.028131, 0.780028, 0.608165, -0.147279, 0.017437, 0.060880, 0.160490, 0.985158, 0.151707, 0.000000, 0.000000, 0.000000, 1.000000, 0.060745, 0.160387, 0.985183, 0.173704, -0.622776, 0.777417, -0.088163, 0.028131, -0.780039, -0.608193, 0.147110, 0.182610, 0.000000, 0.000000, 0.000000, 1.000000, -0.004062, 0.100938, -0.994884, 0.137168, -0.998441, -0.055802, -0.001585, -0.040051, -0.055676, 0.993327, 0.101008, -0.000356, 0.000000, 0.000000, 0.000000, 1.000000
-29.7962, -28.1248, 17.4344, 151.7158, 173.7128, 28.1245, 182.6129, 137.1662, -40.0510, -0.3521, 0.622775, -0.777425, 0.088107, -0.028125, 0.780029, 0.608175, -0.147231, 0.017434, 0.060877, 0.160418, 0.985170, 0.151716, 0.000000, 0.000000, 0.000000, 1.000000, 0.060742, 0.160314, 0.985195, 0.173713, -0.622775, 0.777424, -0.088108, 0.028125, -0.780040, -0.608203, 0.147062, 0.182613, 0.000000, 0.000000, 0.000000, 1.000000, -0.004062, 0.100938, -0.994884, 0.137166, -0.998441, -0.055802, -0.001585, -0.040051, -0.055676, 0.993327, 0.101008, -0.000352, 0.000000, 0.000000, 0.000000, 1.000000
-29.7914, -28.1166, 17.4309, 151.7271, 173.7241, 28.1164, 182.6163, 137.1645, -40.0515, -0.3474, 0.622773, -0.777433, 0.088039, -0.028117, 0.780031, 0.608188, -0.147173, 0.017431, 0.060873, 0.160329, 0.985185, 0.151727, 0.000000, 0.000000, 0.000000, 1.000000, 0.060737, 0.160225, 0.985210, 0.173724, -0.622773, 0.777433, -0.088041, 0.028116, -0.780041, -0.608215, 0.147003, 0.182616, 0.000000, 0.000000, 0.000000, 1.000000, -0.004062, 0.100938, -0.994884, 0.137165, -0.998441, -0.055802, -0.001585, -0.040051, -0.055676, 0.993327, 0.101008, -0.000347, 0.000000, 0.000000, 0.000000, 1.000000
-29.7887, -28.1121, 17.4287, 151.7332, 173.7303, 28.1119, 182.6184, 137.1636, -40.0517, -0.3448, 0.622773, -0.777438, 0.088002, -0.028112, 0.780031, 0.608195, -0.147142, 0.017429, 0.060871, 0.160280, 0.985193, 0.151733, 0.000000, 0.000000, 0.000000, 1.000000, 0.060735, 0.160176, 0.985218, 0.173730, -0.622773, 0.777438, -0.088003, 0.028112, -0.780042, -0.608222, 0.146971, 0.182618, 0.000000, 0.000000, 0.000000, 1.000000, -0.004062, 0.100938, -0.994884, 0.137164, -0.998441, -0.055802, -0.001585, -0.040052, -0.055676, 0.993327, 0.101008, -0.000345, 0.000000, 0.000000, 0.000000, 1.000000
-29.7864, -28.1081, 17.4266, 151.7385, 173.7355, 28.1079, 182.6205, 137.1628, -40.0519, -0.3426, 0.622773, -0.777442, 0.087969, -0.028108, 0.780032, 0.608201, -0.147115, 0.017427, 0.060871, 0.160238, 0.985200, 0.151739, 0.000000, 0.000000, 0.000000, 1.000000, 0.060734, 0.160133, 0.985225, 0.173736, -0.622773, 0.777442, -0.087970, 0.028108, -0.780042, -0.608228, 0.146944, 0.182621, 0.000000, 0.000000, 0.000000, 1.000000, -0.004062, 0.100938, -0.994884, 0.137163, -0.998441, -0.055802, -0.001585, -0.040052, -0.055676, 0.993327, 0.101008, -0.000343, 0.000000, 0.000000, 0.000000, 1.000000
-29.7841, -28.1044, 17.4242, 151.7433, 173.7403, 28.1042, 182.6228, 137.1622, -40.0520, -0.3405, 0.622772, -0.777446, 0.087937, -0.028104, 0.780032, 0.608206, -0.147091, 0.017424, 0.060871, 0.160198, 0.985206, 0.151743, 0.000000, 0.000000, 0.000000, 1.000000, 0.060734, 0.160093, 0.985232, 0.173740, -0.622772, 0.777445, -0.087939, 0.028104, -0.780042, -0.608234, 0.146919, 0.182623, 0.000000, 0.000000, 0.000000, 1.000000, -0.004062, 0.100938, -0.994884, 0.137162, -0.998441, -0.055802, -0.001585, -0.040052, -0.055676, 0.993327, 0.101008, -0.000340, 0.000000, 0.000000, 0.000000, 1.000000
-29.7819, -28.1007, 17.4216, 151.7478, 173.7448, 28.1005, 182.6254, 137.1616, -40.0521, -0.3384, 0.622772, -0.777449, 0.087906, -0.028101, 0.780031, 0.608212, -0.147068, 0.017422, 0.060872, 0.160159, 0.985212, 0.151748, 0.000000, 0.000000, 0.000000, 1.000000, 0.060736, 0.160054, 0.985238, 0.173745, -0.622773, 0.777449, -0.087907, 0.028101, -0.780042, -0.608240, 0.146896, 0.182625, 0.000000, 0.000000, 0.000000, 1.000000, -0.004062, 0.100938, -0.994884, 0.137162, -0.998441, -0.055801, -0.001585, -0.040052, -0.055676, 0.993327, 0.101008, -0.000338, 0.000000, 0.000000, 0.000000, 1.000000
-29.7795, -28.0970, 17.4185, 151.7522, 173.7492, 28.0967, 182.6285, 137.1610, -40.0521, -0.3363, 0.622773, -0.777453, 0.087873, -0.028097, 0.780031, 0.608218, -0.147045, 0.017418, 0.060875, 0.160120, 0.985219, 0.151752, 0.000000, 0.000000, 0.000000, 1.000000, 0.060738, 0.160015, 0.985244, 0.173749, -0.622773, 0.777452, -0.087875, 0.028097, -0.780042, -0.608246, 0.146873, 0.182628, 0.000000, 0.000000, 0.000000, 1.000000, -0.004062, 0.100938, -0.994884, 0.137161, -0.998441, -0.055801, -0.001585, -0.040052, -0.055676, 0.993327, 0.101008, -0.000336, 0.000000, 0.000000, 0.000000, 1.000000
-29.7770, -28.0930, 17.4149, 151.7568, 173.7538, 28.0927, 182.6321, 137.1605, -40.0520, -0.3341, 0.622773, -0.777456, 0.087838, -0.028093, 0.780030, 0.608225, -0.147022, 0.017415, 0.060878, 0.160077, 0.985225, 0.151757, 0.000000, 0.000000, 0.000000, 1.000000, 0.060741, 0.159972, 0.985251, 0.173754, -0.622773, 0.777456, -0.087839, 0.028093, -0.780041, -0.608252, 0.146850, 0.182632, 0.000000, 0.000000, 0.000000, 1.000000, -0.004062, 0.100938, -0.994884, 0.137160, -0.998441, -0.055801, -0.001585, -0.040052, -0.055676, 0.993327, 0.101008, -0.000334, 0.000000, 0.000000, 0.000000, 1.000000
-29.7742, -28.0885, 17.4106, 151.7618, 173.7588, 28.0883, 182.6363, 137.1599, -40.0519, -0.3316, 0.622774, -0.777460, 0.087798, -0.028089, 0.780030, 0.608232, -0.146997, 0.017411, 0.060883, 0.160031, 0.985233, 0.151762, 0.000000, 0.000000, 0.000000, 1.000000, 0.060745, 0.159926, 0.985258, 0.173759, -0.622774, 0.777460, -0.087800, 0.028088, -0.780040, -0.608260, 0.146824, 0.182636, 0.000000, 0.000000, 0.000000, 1.000000, -0.004062, 0.100938, -0.994884, 0.137160, -0.998441, -0.055802, -0.001585, -0.040052, -0.055676, 0.993327, 0.101008, -0.000332, 0.000000, 0.000000, 0.000000, 1.000000
-29.7673, -28.0778, 17.3998, 151.7735, 173.7705, 28.0776, 182.6470, 137.1586, -40.0515, -0.3256, 0.622776, -0.777469, 0.087702, -0.028078, 0.780027, 0.608249, -0.146938, 0.017400, 0.060895, 0.159919, 0.985250, 0.151774, 0.000000, 0.000000, 0.000000, 1.000000, 0.060757, 0.159814, 0.985276, 0.173771, -0.622776, 0.777469, -0.087704, 0.028078, -0.780038, -0.608277, 0.146765, 0.182647, 0.000000, 0.000000, 0.000000, 1.000000, -0.004062, 0.100938, -0.994884, 0.137159, -0.998441, -0.055802, -0.001585, -0.040052, -0.055676, 0.993327, 0.101008, -0.000326, 0.000000, 0.000000, 0.000000, 1.000000
-29.7631, -28.0713, 17.3932, 151.7807, 173.7777, 28.0711, 182.6536, 137.1577, -40.0513, -0.3220, 0.622777, -0.777475, 0.087643, -0.028071, 0.780026, 0.608260, -0.146901, 0.017393, 0.060902, 0.159851, 0.985261, 0.151781, 0.000000, 0.000000, 0.000000, 1.000000, 0.060764, 0.159745, 0.985286, 0.173778, -0.622777, 0.777475, -0.087645, 0.028071, -0.780036, -0.608288, 0.146728, 0.182654, 0.000000, 0.000000, 0.000000, 1.000000, -0.004062, 0.100938, -0.994884, 0.137158, -0.998441, -0.055802, -0.001585, -0.040051, -0.055676, 0.993327, 0.101008, -0.000322, 0.000000, 0.000000, 0.000000, 1.000000
-29.7583, -28.0638, 17.3856, 151.7891, 173.7861, 28.0636, 182.6612, 137.1568, -40.0511, -0.3177, 0.622778, -0.777482, 0.087575, -0.028064, 0.780024, 0.608272, -0.146860, 0.017386, 0.060911, 0.159772, 0.985273, 0.151789, 0.000000, 0.000000, 0.000000, 1.000000, 0.060773, 0.159666, 0.985299, 0.173786, -0.622778, 0.777481, -0.087577, 0.028064, -0.780034, -0.608300, 0.146686, 0.182661, 0.000000, 0.000000, 0.000000, 1.000000, -0.004062, 0.100938, -0.994884, 0.137157, -0.998441, -0.055802, -0.001585, -0.040051, -0.055676, 0.993327, 0.101008, -0.000318, 0.000000, 0.000000, 0.000000, 1.000000
-29.7528, -28.0553, 17.3769, 151.7987, 173.7957, 28.0550, 182.6698, 137.1557, -40.0508, -0.3129, 0.622780, -0.777489, 0.087498, -0.028055, 0.780022, 0.608286, -0.146811, 0.017377, 0.060921, 0.159681, 0.985287, 0.151799, 0.000000, 0.000000, 0.000000, 1.000000, 0.060782, 0.159575, 0.985313, 0.173796, -0.622780, 0.777489, -0.087499, 0.028055, -0.780033, -0.608315, 0.146638, 0.182670, 0.000000, 0.000000, 0.000000, 1.000000, -0.004062, 0.100938, -0.994884, 0.137156, -0.998441, -0.055802, -0.001585, -0.040051, -0.055676, 0.993327, 0.101008, -0.000313, 0.000000, 0.000000, 0.000000, 1.000000
-29.7497, -28.0505, 17.3722, 151.8041, 173.8010, 28.0503, 182.6745, 137.1551, -40.0507, -0.3102, 0.622781, -0.777493, 0.087455, -0.028051, 0.780021, 0.608294, -0.146785, 0.017372, 0.060926, 0.159631, 0.985295, 0.151804, 0.000000, 0.000000, 0.000000, 1.000000, 0.060787, 0.159525, 0.985321, 0.173801, -0.622781, 0.777493, -0.087456, 0.028050, -0.780031, -0.608322, 0.146611, 0.182674, 0.000000, 0.000000, 0.000000, 1.000000, -0.004062, 0.100938, -0.994884, 0.137155, -0.998441, -0.055802, -0.001585, -0.040051, -0.055676, 0.993327, 0.101008, -0.000310, 0.000000, 0.000000, 0.000000, 1.000000
-29.7394, -28.0345, 17.3565, 151.8224, 173.8194, 28.0343, 182.6902, 137.1530, -40.0502, -0.3011, 0.622783, -0.777508, 0.087310, -0.028034, 0.780017, 0.608321, -0.146693, 0.017356, 0.060943, 0.159461, 0.985321, 0.151822, 0.000000, 0.000000, 0.000000, 1.000000, 0.060804, 0.159355, 0.985347, 0.173819, -0.622783, 0.777507, -0.087311, 0.028034, -0.780028, -0.608349, 0.146519, 0.182690, 0.000000, 0.000000, 0.000000, 1.000000, -0.004062, 0.100938, -0.994884, 0.137153, -0.998441, -0.055802, -0.001585, -0.040050, -0.055676, 0.993327, 0.101008, -0.000301, 0.000000, 0.000000, 0.000000, 1.000000
-29.7315, -28.0221, 17.3446, 151.8366, 173.8336, 28.0219, 182.7021, 137.1513, -40.0500, -0.2941, 0.622785, -0.777519, 0.087198, -0.028022, 0.780015, 0.608341, -0.146622, 0.017345, 0.060955, 0.159330, 0.985342, 0.151837, 0.000000, 0.000000, 0.000000, 1.000000, 0.060816, 0.159223, 0.985368, 0.173834, -0.622785, 0.777518, -0.087200, 0.028022, -0.780026, -0.608369, 0.146448, 0.182702, 0.000000, 0.000000, 0.000000, 1.000000, -0.004062, 0.100938, -0.994884, 0.137151, -0.998441, -0.055802, -0.001585, -0.040050, -0.055676, 0.993327, 0.101008, -0.000294, 0.000000, 0.000000, 0.000000, 1.000000
-29.7179, -28.0010, 17.3245, 151.8613, 173.8583, 28.0007, 182.7221, 137.1484, -40.0495, -0.2821, 0.622788, -0.777537, 0.087007, -0.028001, 0.780011, 0.608376, -0.146498, 0.017325, 0.060975, 0.159104, 0.985377, 0.151861, 0.000000, 0.000000, 0.000000, 1.000000, 0.060836, 0.158998, 0.985403, 0.173858, -0.622788, 0.777537, -0.087009, 0.028001, -0.780021, -0.608404, 0.146324, 0.182722, 0.000000, 0.000000, 0.000000, 1.000000, -0.004062, 0.100938, -0.994884, 0.137148, -0.998441, -0.055802, -0.001585, -0.040050, -0.055676, 0.993327, 0.101008, -0.000282, 0.000000, 0.000000, 0.000000, 1.000000
-29.7077, -27.9851, 17.3098, 151.8800, 173.8770, 27.9848, 182.7369, 137.1462, -40.0492, -0.2730, 0.622791, -0.777552, 0.086864, -0.027985, 0.780008, 0.608402, -0.146405, 0.017310, 0.060989, 0.158934, 0.985404, 0.151880, 0.000000, 0.000000, 0.000000, 1.000000, 0.060850, 0.158827, 0.985429, 0.173877, -0.622791, 0.777551, -0.086865, 0.027985, -0.780019, -0.608430, 0.146231, 0.182737, 0.000000, 0.000000, 0.000000, 1.000000, -0.004062, 0.100938, -0.994884, 0.137146, -0.998441, -0.055802, -0.001585, -0.040049, -0.055676, 0.993327, 0.101008, -0.000273, 0.000000, 0.000000, 0.000000, 1.000000
-29.7023, -27.9766, 17.3019, 151.8901, 173.8870, 27.9763, 182.7447, 137.1450, -40.0491, -0.2681, 0.622792, -0.777559, 0.086787, -0.027977, 0.780006, 0.608416, -0.146354, 0.017302, 0.060997, 0.158843, 0.985418, 0.151890, 0.000000, 0.000000, 0.000000, 1.000000, 0.060858, 0.158736, 0.985444, 0.173887, -0.622792, 0.777559, -0.086788, 0.027976, -0.780017, -0.608444, 0.146180, 0.182745, 0.000000, 0.000000, 0.000000, 1.000000, -0.004062, 0.100938, -0.994884, 0.137145, -0.998441, -0.055802, -0.001585, -0.040049, -0.055676, 0.993327, 0.101008, -0.000268, 0.000000, 0.000000, 0.000000, 1.000000
-29.6847, -27.9489, 17.2768, 151.9230, 173.9200, 27.9486, 182.7698, 137.1410, -40.0487, -0.2523, 0.622795, -0.777584, 0.086538, -0.027949, 0.780002, 0.608462, -0.146190, 0.017277, 0.061020, 0.158546, 0.985464, 0.151923, 0.000000, 0.000000, 0.000000, 1.000000, 0.060881, 0.158440, 0.985490, 0.173920, -0.622795, 0.777584, -0.086539, 0.027949, -0.780012, -0.608490, 0.146016, 0.182770, 0.000000, 0.000000, 0.000000, 1.000000, -0.004062, 0.100938, -0.994884, 0.137141, -0.998441, -0.055802, -0.001584, -0.040049, -0.055676, 0.993327, 0.101008, -0.000252, 0.000000, 0.000000, 0.000000, 1.000000
-29.6718, -27.9287, 17.2587, 151.9471, 173.9441, 27.9285, 182.7879, 137.1381, -40.0484, -0.2408, 0.622798, -0.777602, 0.086357, -0.027929, 0.779998, 0.608495, -0.146069, 0.017259, 0.061036, 0.158330, 0.985498, 0.151947, 0.000000, 0.000000, 0.000000, 1.000000, 0.060897, 0.158223, 0.985524, 0.173944, -0.622798, 0.777602, -0.086358, 0.027929, -0.780009, -0.608523, 0.145895, 0.182788, 0.000000, 0.000000, 0.000000, 1.000000, -0.004063, 0.100938, -0.994884, 0.137138, -0.998441, -0.055802, -0.001584, -0.040048, -0.055676, 0.993327, 0.101008, -0.000241, 0.000000, 0.000000, 0.000000, 1.000000
-29.6510, -27.8960, 17.2297, 151.9867, 173.9837, 27.8957, 182.8169, 137.1333, -40.0481, -0.2220, 0.622801, -0.777632, 0.086062, -0.027896, 0.779993, 0.608549, -0.145872, 0.017230, 0.061062, 0.157977, 0.985553, 0.151987, 0.000000, 0.000000, 0.000000, 1.000000, 0.060923, 0.157871, 0.985579, 0.173984, -0.622802, 0.777632, -0.086064, 0.027896, -0.780004, -0.608577, 0.145697, 0.182817, 0.000000, 0.000000, 0.000000, 1.000000, -0.004063, 0.100938, -0.994884, 0.137133, -0.998441, -0.055802, -0.001584, -0.040048, -0.055676, 0.993327, 0.101008, -0.000222, 0.000000, 0.000000, 0.000000, 1.000000
-29.6360, -27.8725, 17.2091, 152.0152, 174.0122, 27.8722, 182.8374, 137.1298, -40.0479, -0.2085, 0.622804, -0.777653, 0.085851, -0.027872, 0.779990, 0.608587, -0.145729, 0.017209, 0.061079, 0.157724, 0.985592, 0.152015, 0.000000, 0.000000, 0.000000, 1.000000, 0.060940, 0.157617, 0.985618, 0.174012, -0.622804, 0.777653, -0.085853, 0.027872, -0.780001, -0.608615, 0.145555, 0.182837, 0.000000, 0.000000, 0.000000, 1.000000, -0.004063, 0.100938, -0.994884, 0.137130, -0.998441, -0.055802, -0.001584, -0.040048, -0.055676, 0.993327, 0.101008, -0.000208, 0.000000, 0.000000, 0.000000, 1.000000
-29.6203, -27.8476, 17.1876, 152.0455, 174.0425, 27.8474, 182.8589, 137.1260, -40.0477, -0.1942, 0.622807, -0.777676, 0.085628, -0.027848, 0.779987, 0.608628, -0.145578, 0.017188, 0.061097, 0.157456, 0.985634, 0.152045, 0.000000, 0.000000, 0.000000, 1.000000, 0.060958, 0.157350, 0.985660, 0.174042, -0.622807, 0.777676, -0.085630, 0.027847, -0.779997, -0.608656, 0.145404, 0.182859, 0.000000, 0.000000, 0.000000, 1.000000, -0.004063, 0.100938, -0.994884, 0.137126, -0.998441, -0.055802, -0.001584, -0.040048, -0.055676, 0.993327, 0.101008, -0.000194, 0.000000, 0.000000, 0.000000, 1.000000
-29.6037, -27.8216, 17.1652, 152.0774, 174.0744, 27.8213, 182.8814, 137.1220, -40.0475, -0.1792, 0.622809, -0.777700, 0.085394, -0.027822, 0.779983, 0.608670, -0.145419, 0.017165, 0.061116, 0.157174, 0.985678, 0.152077, 0.000000, 0.000000, 0.000000, 1.000000, 0.060977, 0.157068, 0.985704, 0.174074, -0.622809, 0.777699, -0.085396, 0.027821, -0.779994, -0.608698, 0.145245, 0.182881, 0.000000, 0.000000, 0.000000, 1.000000, -0.004063, 0.100938, -0.994884, 0.137122, -0.998441, -0.055802, -0.001584, -0.040048, -0.055676, 0.993327, 0.101008, -0.000179, 0.000000, 0.000000, 0.000000, 1.000000
-29.5864, -27.7942, 17.1418, 152.1110, 174.1080, 27.7940, 182.9047, 137.1179, -40.0474, -0.1634, 0.622812, -0.777724, 0.085149, -0.027794, 0.779980, 0.608715, -0.145252, 0.017142, 0.061134, 0.156879, 0.985724, 0.152111, 0.000000, 0.000000, 0.000000, 1.000000, 0.060995, 0.156773, 0.985749, 0.174108, -0.622812, 0.777724, -0.085151, 0.027794, -0.779990, -0.608743, 0.145077, 0.182905, 0.000000, 0.000000, 0.000000, 1.000000, -0.004063, 0.100938, -0.994884, 0.137118, -0.998441, -0.055802, -0.001584, -0.040047, -0.055676, 0.993327, 0.101008, -0.000163, 0.000000, 0.000000, 0.000000, 1.000000
-29.5684, -27.7658, 17.1177, 152.1461, 174.1431, 27.7655, 182.9288, 137.1135, -40.0473, -0.1470, 0.622814, -0.777750, 0.084894, -0.027766, 0.779976, 0.608761, -0.145077, 0.017118, 0.061153, 0.156571, 0.985772, 0.152146, 0.000000, 0.000000, 0.000000, 1.000000, 0.061014, 0.156464, 0.985797, 0.174143, -0.622814, 0.777750, -0.084895, 0.027766, -0.779987, -0.608789, 0.144902, 0.182929, 0.000000, 0.000000, 0.000000, 1.000000, -0.004063, 0.100938, -0.994884, 0.137113, -0.998441, -0.055802, -0.001584, -0.040047, -0.055676, 0.993327, 0.101008, -0.000147, 0.000000, 0.000000, 0.000000, 1.000000
-29.5496, -27.7362, 17.0928, 152.1827, 174.1797, 27.7360, 182.9537, 137.1089, -40.0472, -0.1300, 0.622817, -0.777777, 0.084629, -0.027736, 0.779973, 0.608809, -0.144894, 0.017093, 0.061173, 0.156251, 0.985821, 0.152183, 0.000000, 0.000000, 0.000000, 1.000000, 0.061034, 0.156144, 0.985847, 0.174180, -0.622817, 0.777777, -0.084630, 0.027736, -0.779983, -0.608837, 0.144720, 0.182954, 0.000000, 0.000000, 0.000000, 1.000000, -0.004063, 0.100938, -0.994884, 0.137109, -0.998441, -0.055802, -0.001584, -0.040047, -0.055676, 0.993327, 0.101008, -0.000130, 0.000000, 0.000000, 0.000000, 1.000000
-29.5303, -27.7056, 17.0672, 152.2207, 174.2177, 27.7054, 182.9794, 137.1041, -40.0471, -0.1123, 0.622819, -0.777805, 0.084354, -0.027706, 0.779969, 0.608859, -0.144705, 0.017067, 0.061192, 0.155919, 0.985873, 0.152221, 0.000000, 0.000000, 0.000000, 1.000000, 0.061054, 0.155813, 0.985898, 0.174218, -0.622819, 0.777805, -0.084356, 0.027705, -0.779980, -0.608886, 0.144531, 0.182979, 0.000000, 0.000000, 0.000000, 1.000000, -0.004063, 0.100938, -0.994884, 0.137104, -0.998441, -0.055802, -0.001584, -0.040047, -0.055676, 0.993327, 0.101008, -0.000112, 0.000000, 0.000000, 0.000000, 1.000000
-29.5103, -27.6741, 17.0409, 152.2599, 174.2570, 27.6739, 183.0057, 137.0991, -40.0470, -0.0941, 0.622822, -0.777833, 0.084072, -0.027674, 0.779965, 0.608910, -0.144510, 0.017041, 0.061212, 0.155577, 0.985925, 0.152260, 0.000000, 0.000000, 0.000000, 1.000000, 0.061074, 0.155470, 0.985951, 0.174257, -0.622822, 0.777833, -0.084073, 0.027674, -0.779976, -0.608937, 0.144335, 0.183006, 0.000000, 0.000000, 0.000000, 1.000000, -0.004063, 0.100938, -0.994884, 0.137099, -0.998441, -0.055802, -0.001584, -0.040047, -0.055676, 0.993327, 0.101008, -0.000094, 0.000000, 0.000000, 0.000000, 1.000000
-29.5001, -27.6580, 17.0275, 152.2800, 174.2770, 27.6578, 183.0190, 137.0966, -40.0470, -0.0848, 0.622823, -0.777848, 0.083927, -0.027658, 0.779964, 0.608936, -0.144410, 0.017028, 0.061222, 0.155402, 0.985952, 0.152280, 0.000000, 0.000000, 0.000000, 1.000000, 0.061084, 0.155296, 0.985978, 0.174277, -0.622823, 0.777848, -0.083929, 0.027658, -0.779974, -0.608963, 0.144236, 0.183019, 0.000000, 0.000000, 0.000000, 1.000000, -0.004063, 0.100938, -0.994884, 0.137097, -0.998441, -0.055802, -0.001584, -0.040047, -0.055676, 0.993327, 0.101008, -0.000085, 0.000000, 0.000000, 0.000000, 1.000000
-29.4688, -27.6085, 16.9866, 152.3419, 174.3389, 27.6083, 183.0599, 137.0887, -40.0470, -0.0562, 0.622827, -0.777893, 0.083484, -0.027609, 0.779958, 0.609016, -0.144102, 0.016987, 0.061253, 0.154865, 0.986035, 0.152342, 0.000000, 0.000000, 0.000000, 1.000000, 0.061114, 0.154758, 0.986060, 0.174339, -0.622827, 0.777892, -0.083486, 0.027608, -0.779969, -0.609043, 0.143928, 0.183060, 0.000000, 0.000000, 0.000000, 1.000000, -0.004063, 0.100938, -0.994884, 0.137089, -0.998441, -0.055802, -0.001584, -0.040047, -0.055676, 0.993327, 0.101008, -0.000056, 0.000000, 0.000000, 0.000000, 1.000000
-29.4366, -27.5577, 16.9448, 152.4057, 174.4028, 27.5575, 183.1018, 137.0806, -40.0470, -0.0268, 0.622831, -0.777939, 0.083028, -0.027558, 0.779953, 0.609097, -0.143784, 0.016945, 0.061283, 0.154311, 0.986120, 0.152406, 0.000000, 0.000000, 0.000000, 1.000000, 0.061145, 0.154205, 0.986145, 0.174403, -0.622831, 0.777938, -0.083029, 0.027557, -0.779964, -0.609125, 0.143611, 0.183102, 0.000000, 0.000000, 0.000000, 1.000000, -0.004063, 0.100938, -0.994884, 0.137081, -0.998441, -0.055802, -0.001584, -0.040047, -0.055676, 0.993327, 0.101008, -0.000027, 0.000000, 0.000000, 0.000000, 1.000000
-29.4147, -27.5231, 16.9164, 152.4493, 174.4463, 27.5229, 183.1302, 137.0750, -40.0470, -0.0068, 0.622833, -0.777970, 0.082718, -0.027523, 0.779949, 0.609153, -0.143568, 0.016916, 0.061304, 0.153934, 0.986177, 0.152449, 0.000000, 0.000000, 0.000000, 1.000000, 0.061166, 0.153828, 0.986203, 0.174446, -0.622833, 0.777969, -0.082719, 0.027523, -0.779960, -0.609180, 0.143394, 0.183130, 0.000000, 0.000000, 0.000000, 1.000000, -0.004063, 0.100938, -0.994884, 0.137075, -0.998441, -0.055802, -0.001584, -0.040047, -0.055676, 0.993327, 0.101008, -0.000007, 0.000000, 0.000000, 0.000000, 1.000000
-29.3926, -27.4881, 16.8878, 152.4934, 174.4905, 27.4879, 183.1588, 137.0694, -40.0470, 0.0135, 0.622835, -0.778001, 0.082404, -0.027488, 0.779946, 0.609209, -0.143349, 0.016888, 0.061325, 0.153553, 0.986236, 0.152493, 0.000000, 0.000000, 0.000000, 1.000000, 0.061186, 0.153447, 0.986261, 0.174490, -0.622835, 0.778001, -0.082405, 0.027488, -0.779957, -0.609236, 0.143175, 0.183159, 0.000000, 0.000000, 0.000000, 1.000000, -0.004063, 0.100938, -0.994884, 0.137069, -0.998441, -0.055802, -0.001584, -0.040047, -0.055676, 0.993327, 0.101008, 0.000013, 0.000000, 0.000000, 0.000000, 1.000000
-29.3702, -27.4528, 16.8590, 152.5380, 174.5351, 27.4526, 183.1875, 137.0637, -40.0471, 0.0340, 0.622838, -0.778033, 0.082087, -0.027453, 0.779942, 0.609265, -0.143128, 0.016859, 0.061345, 0.153168, 0.986294, 0.152538, 0.000000, 0.000000, 0.000000, 1.000000, 0.061207, 0.153062, 0.986319, 0.174535, -0.622838, 0.778033, -0.082088, 0.027453, -0.779953, -0.609292, 0.142954, 0.183188, 0.000000, 0.000000, 0.000000, 1.000000, -0.004063, 0.100938, -0.994884, 0.137064, -0.998441, -0.055802, -0.001584, -0.040047, -0.055676, 0.993327, 0.101008, 0.000034, 0.000000, 0.000000, 0.000000, 1.000000
-29.3364, -27.3995, 16.8157, 152.6056, 174.6027, 27.3992, 183.2310, 137.0550, -40.0472, 0.0649, 0.622841, -0.778081, 0.081608, -0.027399, 0.779937, 0.609351, -0.142792, 0.016816, 0.061376, 0.152586, 0.986383, 0.152606, 0.000000, 0.000000, 0.000000, 1.000000, 0.061238, 0.152480, 0.986408, 0.174603, -0.622841, 0.778080, -0.081609, 0.027399, -0.779948, -0.609378, 0.142619, 0.183231, 0.000000, 0.000000, 0.000000, 1.000000, -0.004063, 0.100938, -0.994884, 0.137055, -0.998441, -0.055802, -0.001584, -0.040047, -0.055676, 0.993327, 0.101008, 0.000065, 0.000000, 0.000000, 0.000000, 1.000000
-29.3138, -27.3638, 16.7866, 152.6510, 174.6480, 27.3635, 183.2600, 137.0492, -40.0472, 0.0856, 0.622843, -0.778112, 0.081287, -0.027364, 0.779934, 0.609408, -0.142567, 0.016787, 0.061397, 0.152195, 0.986442, 0.152651, 0.000000, 0.000000, 0.000000, 1.000000, 0.061259, 0.152090, 0.986466, 0.174648, -0.622843, 0.778112, -0.081288, 0.027364, -0.779945, -0.609434, 0.142394, 0.183260, 0.000000, 0.000000, 0.000000, 1.000000, -0.004063, 0.100938, -0.994884, 0.137049, -0.998441, -0.055802, -0.001584, -0.040047, -0.055676, 0.993327, 0.101008, 0.000086, 0.000000, 0.000000, 0.000000, 1.000000
-29.2912, -27.3281, 16.7577, 152.6963, 174.6934, 27.3278, 183.2889, 137.0433, -40.0473, 0.1063, 0.622845, -0.778144, 0.080966, -0.027328, 0.779931, 0.609464, -0.142343, 0.016758, 0.061417, 0.151805, 0.986500, 0.152696, 0.000000, 0.000000, 0.000000, 1.000000, 0.061279, 0.151699, 0.986525, 0.174693, -0.622845, 0.778144, -0.080967, 0.027328, -0.779941, -0.609491, 0.142169, 0.183289, 0.000000, 0.000000, 0.000000, 1.000000, -0.004063, 0.100938, -0.994884, 0.137043, -0.998441, -0.055802, -0.001584, -0.040047, -0.055676, 0.993327, 0.101008, 0.000106, 0.000000, 0.000000, 0.000000, 1.000000
-29.2686, -27.2924, 16.7289, 152.7417, 174.7388, 27.2922, 183.3178, 137.0375, -40.0474, 0.1270, 0.622847, -0.778176, 0.080646, -0.027292, 0.779927, 0.609521, -0.142118, 0.016729, 0.061438, 0.151416, 0.986559, 0.152742, 0.000000, 0.000000, 0.000000, 1.000000, 0.061300, 0.151310, 0.986584, 0.174739, -0.622847, 0.778175, -0.080647, 0.027292, -0.779938, -0.609548, 0.141945, 0.183318, 0.000000, 0.000000, 0.000000, 1.000000, -0.004063, 0.100938, -0.994884, 0.137037, -0.998441, -0.055802, -0.001584, -0.040047, -0.055676, 0.993327, 0.101008, 0.000127, 0.000000, 0.000000, 0.000000, 1.000000
-29.2686, -27.2924, 16.7289, 152.7417, 174.7388, 27.2922, 183.3178, 137.0375, -40.0474, 0.1270, 0.622847, -0.778176, 0.080646, -0.027292, 0.779927, 0.609521, -0.142118, 0.016729, 0.061438, 0.151416, 0.986559, 0.152742, 0.000000, 0.000000, 0.000000, 1.000000, 0.061300, 0.151310, 0.986584, 0.174739, -0.622847, 0.778175, -0.080647, 0.027292, -0.779938, -0.609548, 0.141945, 0.183318, 0.000000, 0.000000, 0.000000, 1.000000, -0.004063, 0.100938, -0.994884, 0.137037, -0.998441, -0.055802, -0.001584, -0.040047, -0.055676, 0.993327, 0.101008, 0.000127, 0.000000, 0.000000, 0.000000, 1.000000
-29.2349, -27.2392, 16.6858, 152.8094, 174.8066, 27.2390, 183.3609, 137.0287, -40.0475, 0.1579, 0.622850, -0.778223, 0.080167, -0.027239, 0.779923, 0.609605, -0.141782, 0.016686, 0.061468, 0.150834, 0.986646, 0.152809, 0.000000, 0.000000, 0.000000, 1.000000, 0.061330, 0.150728, 0.986671, 0.174807, -0.622850, 0.778222, -0.080169, 0.027239, -0.779933, -0.609632, 0.141610, 0.183361, 0.000000, 0.000000, 0.000000, 1.000000, -0.004063, 0.100938, -0.994884, 0.137029, -0.998441, -0.055802, -0.001584, -0.040047, -0.055676, 0.993327, 0.101008, 0.000158, 0.000000, 0.000000, 0.000000, 1.000000
-29.2015, -27.1866, 16.6433, 152.8766, 174.8737, 27.1864, 183.4034, 137.0201, -40.0476, 0.1884, 0.622853, -0.778269, 0.079694, -0.027187, 0.779918, 0.609688, -0.141450, 0.016643, 0.061498, 0.150257, 0.986732, 0.152877, 0.000000, 0.000000, 0.000000, 1.000000, 0.061361, 0.150152, 0.986757, 0.174874, -0.622853, 0.778269, -0.079695, 0.027186, -0.779929, -0.609715, 0.141278, 0.183403, 0.000000, 0.000000, 0.000000, 1.000000, -0.004063, 0.100938, -0.994884, 0.137020, -0.998441, -0.055802, -0.001584, -0.040048, -0.055676, 0.993327, 0.101008, 0.000188, 0.000000, 0.000000, 0.000000, 1.000000
-29.1796, -27.1521, 16.6154, 152.9207, 174.9179, 27.1519, 183.4314, 137.0143, -40.0477, 0.2085, 0.622855, -0.778299, 0.079383, -0.027152, 0.779915, 0.609743, -0.141232, 0.016615, 0.061517, 0.149879, 0.986789, 0.152921, 0.000000, 0.000000, 0.000000, 1.000000, 0.061380, 0.149774, 0.986813, 0.174918, -0.622855, 0.778299, -0.079384, 0.027152, -0.779926, -0.609769, 0.141060, 0.183431, 0.000000, 0.000000, 0.000000, 1.000000, -0.004063, 0.100938, -0.994884, 0.137014, -0.998441, -0.055802, -0.001584, -0.040048, -0.055676, 0.993327, 0.101008, 0.000209, 0.000000, 0.000000, 0.000000, 1.000000
-29.1580, -27.1180, 16.5878, 152.9643, 174.9614, 27.1178, 183.4590, 137.0087, -40.0478, 0.2283, 0.622857, -0.778329, 0.079076, -0.027118, 0.779912, 0.609797, -0.141016, 0.016588, 0.061537, 0.149505, 0.986844, 0.152964, 0.000000, 0.000000, 0.000000, 1.000000, 0.061400, 0.149400, 0.986869, 0.174961, -0.622857, 0.778329, -0.079078, 0.027118, -0.779923, -0.609823, 0.140844, 0.183459, 0.000000, 0.000000, 0.000000, 1.000000, -0.004063, 0.100938, -0.994884, 0.137009, -0.998441, -0.055802, -0.001584, -0.040048, -0.055676, 0.993327, 0.101008, 0.000228, 0.000000, 0.000000, 0.000000, 1.000000
-29.1367, -27.0846, 16.5608, 153.0072, 175.0043, 27.0843, 183.4861, 137.0031, -40.0478, 0.2478, 0.622859, -0.778358, 0.078774, -0.027085, 0.779909, 0.609849, -0.140805, 0.016561, 0.061556, 0.149138, 0.986899, 0.153007, 0.000000, 0.000000, 0.000000, 1.000000, 0.061419, 0.149033, 0.986923, 0.175004, -0.622859, 0.778358, -0.078776, 0.027084, -0.779920, -0.609875, 0.140633, 0.183486, 0.000000, 0.000000, 0.000000, 1.000000, -0.004063, 0.100938, -0.994884, 0.137003, -0.998441, -0.055802, -0.001584, -0.040048, -0.055676, 0.993327, 0.101008, 0.000248, 0.000000, 0.000000, 0.000000, 1.000000
-29.1158, -27.0517, 16.5342, 153.0493, 175.0464, 27.0514, 183.5127, 136.9977, -40.0479, 0.2669, 0.622860, -0.778387, 0.078478, -0.027052, 0.779906, 0.609901, -0.140597, 0.016534, 0.061575, 0.148777, 0.986952, 0.153049, 0.000000, 0.000000, 0.000000, 1.000000, 0.061438, 0.148672, 0.986976, 0.175046, -0.622860, 0.778387, -0.078479, 0.027051, -0.779917, -0.609927, 0.140425, 0.183513, 0.000000, 0.000000, 0.000000, 1.000000, -0.004063, 0.100938, -0.994884, 0.136998, -0.998441, -0.055802, -0.001584, -0.040048, -0.055676, 0.993327, 0.101008, 0.000267, 0.000000, 0.000000, 0.000000, 1.000000
-29.0953, -27.0194, 16.5081, 153.0906, 175.0878, 27.0192, 183.5388, 136.9923, -40.0480, 0.2856, 0.622862, -0.778415, 0.078187, -0.027019, 0.779903, 0.609952, -0.140392, 0.016508, 0.061593, 0.148423, 0.987004, 0.153091, 0.000000, 0.000000, 0.000000, 1.000000, 0.061457, 0.148318, 0.987028, 0.175088, -0.622862, 0.778415, -0.078188, 0.027019, -0.779914, -0.609977, 0.140221, 0.183539, 0.000000, 0.000000, 0.000000, 1.000000, -0.004063, 0.100938, -0.994884, 0.136992, -0.998441, -0.055802, -0.001584, -0.040048, -0.055676, 0.993327, 0.101008, 0.000286, 0.000000, 0.000000, 0.000000, 1.000000
-29.0654, -26.9723, 16.4699, 153.1511, 175.1482, 26.9720, 183.5770, 136.9845, -40.0481, 0.3130, 0.622864, -0.778456, 0.077761, -0.026972, 0.779899, 0.610025, -0.140094, 0.016470, 0.061621, 0.147905, 0.987080, 0.153151, 0.000000, 0.000000, 0.000000, 1.000000, 0.061484, 0.147801, 0.987104, 0.175148, -0.622865, 0.778455, -0.077763, 0.026972, -0.779910, -0.610051, 0.139923, 0.183577, 0.000000, 0.000000, 0.000000, 1.000000, -0.004063, 0.100938, -0.994884, 0.136984, -0.998441, -0.055802, -0.001584, -0.040048, -0.055676, 0.993327, 0.101008, 0.000313, 0.000000, 0.000000, 0.000000, 1.000000
-29.0459, -26.9417, 16.4451, 153.1903, 175.1875, 26.9415, 183.6018, 136.9794, -40.0482, 0.3308, 0.622866, -0.778482, 0.077485, -0.026942, 0.779897, 0.610073, -0.139900, 0.016445, 0.061638, 0.147570, 0.987129, 0.153190, 0.000000, 0.000000, 0.000000, 1.000000, 0.061502, 0.147465, 0.987153, 0.175187, -0.622866, 0.778482, -0.077487, 0.026941, -0.779907, -0.610099, 0.139730, 0.183602, 0.000000, 0.000000, 0.000000, 1.000000, -0.004063, 0.100938, -0.994884, 0.136979, -0.998441, -0.055802, -0.001584, -0.040048, -0.055676, 0.993327, 0.101008, 0.000331, 0.000000, 0.000000, 0.000000, 1.000000
-29.0269, -26.9119, 16.4209, 153.2286, 175.2258, 26.9116, 183.6261, 136.9744, -40.0482, 0.3482, 0.622867, -0.778507, 0.077216, -0.026912, 0.779894, 0.610120, -0.139711, 0.016421, 0.061656, 0.147242, 0.987177, 0.153229, 0.000000, 0.000000, 0.000000, 1.000000, 0.061520, 0.147137, 0.987201, 0.175226, -0.622868, 0.778507, -0.077217, 0.026912, -0.779905, -0.610145, 0.139541, 0.183626, 0.000000, 0.000000, 0.000000, 1.000000, -0.004063, 0.100938, -0.994884, 0.136974, -0.998441, -0.055802, -0.001584, -0.040048, -0.055676, 0.993327, 0.101008, 0.000348, 0.000000, 0.000000, 0.000000, 1.000000
-29.0084, -26.8828, 16.3973, 153.2659, 175.2631, 26.8826, 183.6497, 136.9695, -40.0483, 0.3651, 0.622869, -0.778532, 0.076953, -0.026883, 0.779892, 0.610165, -0.139527, 0.016397, 0.061673, 0.146922, 0.987224, 0.153266, 0.000000, 0.000000, 0.000000, 1.000000, 0.061537, 0.146818, 0.987248, 0.175263, -0.622869, 0.778532, -0.076954, 0.026883, -0.779902, -0.610190, 0.139357, 0.183650, 0.000000, 0.000000, 0.000000, 1.000000, -0.004063, 0.100938, -0.994884, 0.136970, -0.998441, -0.055802, -0.001584, -0.040048, -0.055676, 0.993327, 0.101008, 0.000365, 0.000000, 0.000000, 0.000000, 1.000000
