# Joint_6_Angle(deg), Cam_X(mm), Cam_Y(mm), Cam_Z(mm), Torso_X(mm), Torso_Y(mm), Torso_Z(mm), EE_X(mm), EE_Y(mm), EE_Z(mm), T_cam2marker_flat(16), T_torso2marker_flat(16), T_ee2marker_flat(16)
-29.9968, 40.3973, 50.7595, 213.2875, 235.2788, -40.3976, 149.2779, 136.0069, -51.0500, -8.9434, 0.186059, -0.944891, -0.269374, 0.040397, 0.975758, 0.145541, 0.163444, 0.050760, -0.115232, -0.293254, 0.949065, 0.213287, 0.000000, 0.000000, 0.000000, 1.000000, -0.115397, -0.293277, 0.949037, 0.235279, -0.186059, 0.944892, 0.269373, -0.040398, -0.975739, -0.145492, -0.163604, 0.149278, 0.000000, 0.000000, 0.000000, 1.000000, 0.066420, 0.032576, -0.997260, 0.136007, -0.996033, -0.057147, -0.068205, -0.051050, -0.059212, 0.997834, 0.028651, -0.008943, 0.000000, 0.000000, 0.000000, 1.000000
-29.9972, 40.3970, 50.7568, 213.2861, 235.2775, -40.3973, 149.2804, 136.0076, -51.0495, -8.9435, 0.186054, -0.944892, -0.269374, 0.040397, 0.975760, 0.145540, 0.163434, 0.050757, -0.115223, -0.293252, 0.949066, 0.213286, 0.000000, 0.000000, 0.000000, 1.000000, -0.115389, -0.293276, 0.949039, 0.235277, -0.186054, 0.944893, 0.269373, -0.040397, -0.975740, -0.145490, -0.163595, 0.149280, 0.000000, 0.000000, 0.000000, 1.000000, 0.066420, 0.032576, -0.997260, 0.136008, -0.996033, -0.057147, -0.068205, -0.051050, -0.059212, 0.997834, 0.028651, -0.008944, 0.000000, 0.000000, 0.000000, 1.000000
-29.9973, 40.3969, 50.7556, 213.2856, 235.2769, -40.3972, 149.2815, 136.0078, -51.0493, -8.9435, 0.186053, -0.944892, -0.269374, 0.040397, 0.975761, 0.145540, 0.163430, 0.050756, -0.115219, -0.293252, 0.949067, 0.213286, 0.000000, 0.000000, 0.000000, 1.000000, -0.115385, -0.293275, 0.949040, 0.235277, -0.186053, 0.944893, 0.269373, -0.040397, -0.975741, -0.145490, -0.163591, 0.149282, 0.000000, 0.000000, 0.000000, 1.000000, 0.066420, 0.032575, -0.997260, 0.136008, -0.996033, -0.057147, -0.068205, -0.051049, -0.059212, 0.997834, 0.028651, -0.008944, 0.000000, 0.000000, 0.000000, 1.000000
-29.9975, 40.3965, 50.7530, 213.2844, 235.2757, -40.3969, 149.2841, 136.0084, -51.0489, -8.9436, 0.186051, -0.944893, -0.269375, 0.040397, 0.975762, 0.145540, 0.163421, 0.050753, -0.115210, -0.293250, 0.949068, 0.213284, 0.000000, 0.000000, 0.000000, 1.000000, -0.115377, -0.293274, 0.949041, 0.235276, -0.186051, 0.944893, 0.269373, -0.040397, -0.975742, -0.145490, -0.163583, 0.149284, 0.000000, 0.000000, 0.000000, 1.000000, 0.066420, 0.032575, -0.997260, 0.136008, -0.996033, -0.057147, -0.068205, -0.051049, -0.059212, 0.997834, 0.028650, -0.008944, 0.000000, 0.000000, 0.000000, 1.000000
-29.9978, 40.3962, 50.7500, 213.2830, 235.2743, -40.3965, 149.2869, 136.0090, -51.0484, -8.9435, 0.186049, -0.944893, -0.269375, 0.040396, 0.975764, 0.145542, 0.163410, 0.050750, -0.115200, -0.293249, 0.949070, 0.213283, 0.000000, 0.000000, 0.000000, 1.000000, -0.115368, -0.293272, 0.949043, 0.235274, -0.186049, 0.944894, 0.269373, -0.040397, -0.975744, -0.145491, -0.163573, 0.149287, 0.000000, 0.000000, 0.000000, 1.000000, 0.066420, 0.032575, -0.997260, 0.136009, -0.996033, -0.057147, -0.068205, -0.051048, -0.059212, 0.997834, 0.028650, -0.008944, 0.000000, 0.000000, 0.000000, 1.000000
-29.9979, 40.3960, 50.7484, 213.2823, 235.2736, -40.3963, 149.2885, 136.0094, -51.0481, -8.9435, 0.186048, -0.944893, -0.269375, 0.040396, 0.975764, 0.145542, 0.163405, 0.050748, -0.115195, -0.293248, 0.949071, 0.213282, 0.000000, 0.000000, 0.000000, 1.000000, -0.115363, -0.293271, 0.949043, 0.235274, -0.186048, 0.944894, 0.269373, -0.040396, -0.975745, -0.145492, -0.163568, 0.149289, 0.000000, 0.000000, 0.000000, 1.000000, 0.066421, 0.032575, -0.997260, 0.136009, -0.996033, -0.057147, -0.068205, -0.051048, -0.059212, 0.997834, 0.028650, -0.008944, 0.000000, 0.000000, 0.000000, 1.000000
-29.9980, 40.3956, 50.7449, 213.2808, 235.2720, -40.3959, 149.2918, 136.0101, -51.0476, -8.9434, 0.186047, -0.944893, -0.269375, 0.040396, 0.975766, 0.145545, 0.163394, 0.050745, -0.115184, -0.293246, 0.949073, 0.213281, 0.000000, 0.000000, 0.000000, 1.000000, -0.115352, -0.293270, 0.949045, 0.235272, -0.186047, 0.944894, 0.269374, -0.040396, -0.975746, -0.145494, -0.163557, 0.149292, 0.000000, 0.000000, 0.000000, 1.000000, 0.066421, 0.032575, -0.997260, 0.136010, -0.996033, -0.057147, -0.068206, -0.051048, -0.059212, 0.997834, 0.028650, -0.008943, 0.000000, 0.000000, 0.000000, 1.000000
-29.9981, 40.3953, 50.7431, 213.2800, 235.2712, -40.3957, 149.2936, 136.0104, -51.0473, -8.9434, 0.186047, -0.944893, -0.269375, 0.040395, 0.975767, 0.145546, 0.163388, 0.050743, -0.115178, -0.293245, 0.949074, 0.213280, 0.000000, 0.000000, 0.000000, 1.000000, -0.115346, -0.293269, 0.949046, 0.235271, -0.186047, 0.944894, 0.269374, -0.040396, -0.975747, -0.145496, -0.163552, 0.149294, 0.000000, 0.000000, 0.000000, 1.000000, 0.066421, 0.032575, -0.997260, 0.136010, -0.996033, -0.057147, -0.068206, -0.051047, -0.059212, 0.997834, 0.028650, -0.008943, 0.000000, 0.000000, 0.000000, 1.000000
-29.9982, 40.3946, 50.7372, 213.2777, 235.2688, -40.3949, 149.2993, 136.0115, -51.0465, -8.9430, 0.186048, -0.944893, -0.269375, 0.040395, 0.975769, 0.145553, 0.163371, 0.050737, -0.115159, -0.293243, 0.949077, 0.213278, 0.000000, 0.000000, 0.000000, 1.000000, -0.115328, -0.293267, 0.949049, 0.235269, -0.186048, 0.944893, 0.269374, -0.040395, -0.975749, -0.145502, -0.163535, 0.149299, 0.000000, 0.000000, 0.000000, 1.000000, 0.066421, 0.032575, -0.997260, 0.136012, -0.996033, -0.057147, -0.068206, -0.051046, -0.059212, 0.997834, 0.028650, -0.008943, 0.000000, 0.000000, 0.000000, 1.000000
-29.9982, 40.3946, 50.7372, 213.2777, 235.2688, -40.3949, 149.2993, 136.0115, -51.0465, -8.9430, 0.186048, -0.944893, -0.269375, 0.040395, 0.975769, 0.145553, 0.163371, 0.050737, -0.115159, -0.293243, 0.949077, 0.213278, 0.000000, 0.000000, 0.000000, 1.000000, -0.115328, -0.293267, 0.949049, 0.235269, -0.186048, 0.944893, 0.269374, -0.040395, -0.975749, -0.145502, -0.163535, 0.149299, 0.000000, 0.000000, 0.000000, 1.000000, 0.066421, 0.032575, -0.997260, 0.136012, -0.996033, -0.057147, -0.068206, -0.051046, -0.059212, 0.997834, 0.028650, -0.008943, 0.000000, 0.000000, 0.000000, 1.000000
-29.9979, 40.3936, 50.7303, 213.2754, 235.2665, -40.3940, 149.3061, 136.0125, -51.0456, -8.9423, 0.186057, -0.944891, -0.269376, 0.040394, 0.975769, 0.145568, 0.163353, 0.050730, -0.115138, -0.293241, 0.949080, 0.213275, 0.000000, 0.000000, 0.000000, 1.000000, -0.115308, -0.293265, 0.949052, 0.235266, -0.186057, 0.944892, 0.269374, -0.040394, -0.975749, -0.145517, -0.163518, 0.149306, 0.000000, 0.000000, 0.000000, 1.000000, 0.066421, 0.032575, -0.997260, 0.136013, -0.996033, -0.057147, -0.068206, -0.051046, -0.059213, 0.997834, 0.028650, -0.008942, 0.000000, 0.000000, 0.000000, 1.000000
-29.9976, 40.3933, 50.7277, 213.2746, 235.2657, -40.3936, 149.3086, 136.0128, -51.0454, -8.9418, 0.186062, -0.944890, -0.269376, 0.040393, 0.975769, 0.145575, 0.163347, 0.050728, -0.115131, -0.293241, 0.949081, 0.213275, 0.000000, 0.000000, 0.000000, 1.000000, -0.115301, -0.293265, 0.949053, 0.235266, -0.186062, 0.944891, 0.269374, -0.040394, -0.975749, -0.145524, -0.163512, 0.149309, 0.000000, 0.000000, 0.000000, 1.000000, 0.066421, 0.032576, -0.997260, 0.136013, -0.996033, -0.057147, -0.068206, -0.051045, -0.059213, 0.997834, 0.028651, -0.008942, 0.000000, 0.000000, 0.000000, 1.000000
-29.9968, 40.3924, 50.7220, 213.2733, 235.2644, -40.3927, 149.3143, 136.0134, -51.0449, -8.9408, 0.186077, -0.944887, -0.269376, 0.040392, 0.975768, 0.145594, 0.163335, 0.050722, -0.115114, -0.293241, 0.949083, 0.213273, 0.000000, 0.000000, 0.000000, 1.000000, -0.115285, -0.293265, 0.949055, 0.235264, -0.186077, 0.944888, 0.269374, -0.040393, -0.975748, -0.145543, -0.163501, 0.149314, 0.000000, 0.000000, 0.000000, 1.000000, 0.066421, 0.032577, -0.997260, 0.136013, -0.996033, -0.057147, -0.068206, -0.051045, -0.059213, 0.997834, 0.028652, -0.008941, 0.000000, 0.000000, 0.000000, 1.000000
-29.9963, 40.3919, 50.7188, 213.2727, 235.2637, -40.3923, 149.3174, 136.0137, -51.0446, -8.9401, 0.186087, -0.944885, -0.269376, 0.040392, 0.975768, 0.145606, 0.163330, 0.050719, -0.115105, -0.293242, 0.949084, 0.213273, 0.000000, 0.000000, 0.000000, 1.000000, -0.115276, -0.293266, 0.949056, 0.235264, -0.186087, 0.944886, 0.269374, -0.040392, -0.975747, -0.145555, -0.163496, 0.149317, 0.000000, 0.000000, 0.000000, 1.000000, 0.066420, 0.032577, -0.997260, 0.136014, -0.996033, -0.057147, -0.068206, -0.051045, -0.059213, 0.997834, 0.028652, -0.008940, 0.000000, 0.000000, 0.000000, 1.000000
-29.9948, 40.3908, 50.7118, 213.2716, 235.2626, -40.3911, 149.3244, 136.0141, -51.0442, -8.9383, 0.186114, -0.944880, -0.269376, 0.040391, 0.975765, 0.145636, 0.163319, 0.050712, -0.115086, -0.293243, 0.949086, 0.213272, 0.000000, 0.000000, 0.000000, 1.000000, -0.115257, -0.293267, 0.949058, 0.235263, -0.186113, 0.944881, 0.269374, -0.040391, -0.975745, -0.145585, -0.163485, 0.149324, 0.000000, 0.000000, 0.000000, 1.000000, 0.066420, 0.032579, -0.997260, 0.136014, -0.996033, -0.057147, -0.068205, -0.051044, -0.059213, 0.997834, 0.028654, -0.008938, 0.000000, 0.000000, 0.000000, 1.000000
-29.9927, 40.3894, 50.7036, 213.2707, 235.2617, -40.3898, 149.3324, 136.0144, -51.0438, -8.9359, 0.186150, -0.944873, -0.269376, 0.040389, 0.975760, 0.145677, 0.163309, 0.050704, -0.115065, -0.293246, 0.949087, 0.213271, 0.000000, 0.000000, 0.000000, 1.000000, -0.115236, -0.293270, 0.949059, 0.235262, -0.186149, 0.944874, 0.269374, -0.040390, -0.975740, -0.145625, -0.163476, 0.149332, 0.000000, 0.000000, 0.000000, 1.000000, 0.066419, 0.032582, -0.997260, 0.136014, -0.996033, -0.057147, -0.068204, -0.051044, -0.059213, 0.997834, 0.028657, -0.008936, 0.000000, 0.000000, 0.000000, 1.000000
-29.9914, 40.3887, 50.6991, 213.2703, 235.2614, -40.3890, 149.3369, 136.0145, -51.0436, -8.9345, 0.186171, -0.944869, -0.269375, 0.040389, 0.975758, 0.145701, 0.163304, 0.050699, -0.115053, -0.293248, 0.949088, 0.213270, 0.000000, 0.000000, 0.000000, 1.000000, -0.115225, -0.293272, 0.949060, 0.235261, -0.186171, 0.944869, 0.269374, -0.040389, -0.975737, -0.145649, -0.163471, 0.149337, 0.000000, 0.000000, 0.000000, 1.000000, 0.066418, 0.032583, -0.997260, 0.136014, -0.996033, -0.057147, -0.068204, -0.051044, -0.059213, 0.997834, 0.028658, -0.008934, 0.000000, 0.000000, 0.000000, 1.000000
-29.9884, 40.3869, 50.6890, 213.2698, 235.2609, -40.3873, 149.3469, 136.0145, -51.0433, -8.9311, 0.186224, -0.944859, -0.269375, 0.040387, 0.975751, 0.145758, 0.163295, 0.050689, -0.115027, -0.293253, 0.949090, 0.213270, 0.000000, 0.000000, 0.000000, 1.000000, -0.115199, -0.293277, 0.949062, 0.235261, -0.186224, 0.944859, 0.269374, -0.040387, -0.975730, -0.145706, -0.163462, 0.149347, 0.000000, 0.000000, 0.000000, 1.000000, 0.066417, 0.032587, -0.997260, 0.136015, -0.996033, -0.057147, -0.068202, -0.051043, -0.059213, 0.997834, 0.028662, -0.008931, 0.000000, 0.000000, 0.000000, 1.000000
-29.9865, 40.3860, 50.6835, 213.2697, 235.2607, -40.3863, 149.3524, 136.0145, -51.0432, -8.9291, 0.186255, -0.944852, -0.269375, 0.040386, 0.975746, 0.145791, 0.163291, 0.050683, -0.115013, -0.293256, 0.949091, 0.213270, 0.000000, 0.000000, 0.000000, 1.000000, -0.115186, -0.293280, 0.949062, 0.235261, -0.186254, 0.944853, 0.269374, -0.040386, -0.975726, -0.145739, -0.163458, 0.149352, 0.000000, 0.000000, 0.000000, 1.000000, 0.066416, 0.032589, -0.997260, 0.136015, -0.996034, -0.057147, -0.068201, -0.051043, -0.059213, 0.997834, 0.028664, -0.008929, 0.000000, 0.000000, 0.000000, 1.000000
-29.9845, 40.3849, 50.6775, 213.2697, 235.2607, -40.3853, 149.3583, 136.0144, -51.0431, -8.9269, 0.186289, -0.944846, -0.269375, 0.040385, 0.975742, 0.145827, 0.163287, 0.050678, -0.114999, -0.293259, 0.949091, 0.213270, 0.000000, 0.000000, 0.000000, 1.000000, -0.115171, -0.293283, 0.949063, 0.235261, -0.186289, 0.944846, 0.269374, -0.040385, -0.975721, -0.145776, -0.163454, 0.149358, 0.000000, 0.000000, 0.000000, 1.000000, 0.066415, 0.032591, -0.997260, 0.136014, -0.996034, -0.057147, -0.068201, -0.051043, -0.059213, 0.997834, 0.028666, -0.008927, 0.000000, 0.000000, 0.000000, 1.000000
-29.9771, 40.3813, 50.6573, 213.2700, 235.2610, -40.3816, 149.3784, 136.0140, -51.0429, -8.9190, 0.186412, -0.944822, -0.269375, 0.040381, 0.975724, 0.145958, 0.163276, 0.050657, -0.114949, -0.293272, 0.949093, 0.213270, 0.000000, 0.000000, 0.000000, 1.000000, -0.115122, -0.293297, 0.949065, 0.235261, -0.186412, 0.944822, 0.269373, -0.040382, -0.975704, -0.145906, -0.163444, 0.149378, 0.000000, 0.000000, 0.000000, 1.000000, 0.066411, 0.032600, -0.997260, 0.136014, -0.996034, -0.057147, -0.068197, -0.051043, -0.059214, 0.997833, 0.028675, -0.008919, 0.000000, 0.000000, 0.000000, 1.000000
-29.9711, 40.3784, 50.6417, 213.2707, 235.2616, -40.3787, 149.3939, 136.0134, -51.0428, -8.9127, 0.186512, -0.944802, -0.269375, 0.040378, 0.975709, 0.146063, 0.163270, 0.050642, -0.114912, -0.293283, 0.949094, 0.213271, 0.000000, 0.000000, 0.000000, 1.000000, -0.115085, -0.293308, 0.949066, 0.235262, -0.186512, 0.944802, 0.269373, -0.040379, -0.975689, -0.146011, -0.163438, 0.149394, 0.000000, 0.000000, 0.000000, 1.000000, 0.066408, 0.032607, -0.997260, 0.136013, -0.996034, -0.057147, -0.068194, -0.051043, -0.059214, 0.997833, 0.028682, -0.008913, 0.000000, 0.000000, 0.000000, 1.000000
-29.9642, 40.3756, 50.6273, 213.2729, 235.2638, -40.3759, 149.4083, 136.0122, -51.0433, -8.9056, 0.186626, -0.944779, -0.269374, 0.040376, 0.975691, 0.146180, 0.163274, 0.050627, -0.114880, -0.293297, 0.949094, 0.213273, 0.000000, 0.000000, 0.000000, 1.000000, -0.115054, -0.293322, 0.949065, 0.235264, -0.186626, 0.944780, 0.269373, -0.040376, -0.975671, -0.146128, -0.163442, 0.149408, 0.000000, 0.000000, 0.000000, 1.000000, 0.066404, 0.032615, -0.997260, 0.136012, -0.996034, -0.057147, -0.068191, -0.051043, -0.059214, 0.997833, 0.028691, -0.008906, 0.000000, 0.000000, 0.000000, 1.000000
-29.9604, 40.3742, 50.6207, 213.2746, 235.2655, -40.3745, 149.4148, 136.0113, -51.0437, -8.9018, 0.186688, -0.944767, -0.269374, 0.040374, 0.975681, 0.146242, 0.163279, 0.050621, -0.114867, -0.293305, 0.949093, 0.213275, 0.000000, 0.000000, 0.000000, 1.000000, -0.115041, -0.293330, 0.949064, 0.235266, -0.186688, 0.944768, 0.269372, -0.040375, -0.975660, -0.146190, -0.163448, 0.149415, 0.000000, 0.000000, 0.000000, 1.000000, 0.066402, 0.032619, -0.997260, 0.136011, -0.996034, -0.057147, -0.068189, -0.051044, -0.059214, 0.997833, 0.028695, -0.008902, 0.000000, 0.000000, 0.000000, 1.000000
-29.9519, 40.3711, 50.6057, 213.2783, 235.2692, -40.3715, 149.4297, 136.0093, -51.0446, -8.8934, 0.186825, -0.944740, -0.269373, 0.040371, 0.975658, 0.146380, 0.163291, 0.050606, -0.114836, -0.293323, 0.949091, 0.213278, 0.000000, 0.000000, 0.000000, 1.000000, -0.115011, -0.293348, 0.949062, 0.235269, -0.186825, 0.944741, 0.269372, -0.040371, -0.975638, -0.146328, -0.163460, 0.149430, 0.000000, 0.000000, 0.000000, 1.000000, 0.066397, 0.032629, -0.997260, 0.136009, -0.996035, -0.057146, -0.068185, -0.051045, -0.059215, 0.997832, 0.028705, -0.008893, 0.000000, 0.000000, 0.000000, 1.000000
-29.9424, 40.3675, 50.5881, 213.2821, 235.2730, -40.3679, 149.4472, 136.0073, -51.0455, -8.8839, 0.186979, -0.944710, -0.269373, 0.040368, 0.975633, 0.146536, 0.163301, 0.050588, -0.114799, -0.293343, 0.949090, 0.213282, 0.000000, 0.000000, 0.000000, 1.000000, -0.114974, -0.293368, 0.949061, 0.235273, -0.186979, 0.944710, 0.269371, -0.040368, -0.975612, -0.146484, -0.163471, 0.149447, 0.000000, 0.000000, 0.000000, 1.000000, 0.066392, 0.032640, -0.997260, 0.136007, -0.996035, -0.057146, -0.068181, -0.051045, -0.059215, 0.997832, 0.028716, -0.008884, 0.000000, 0.000000, 0.000000, 1.000000
-29.9373, 40.3655, 50.5782, 213.2841, 235.2750, -40.3659, 149.4570, 136.0062, -51.0459, -8.8788, 0.187063, -0.944693, -0.269373, 0.040366, 0.975620, 0.146621, 0.163306, 0.050578, -0.114778, -0.293354, 0.949089, 0.213284, 0.000000, 0.000000, 0.000000, 1.000000, -0.114953, -0.293379, 0.949060, 0.235275, -0.187063, 0.944694, 0.269371, -0.040366, -0.975599, -0.146569, -0.163476, 0.149457, 0.000000, 0.000000, 0.000000, 1.000000, 0.066389, 0.032646, -0.997260, 0.136006, -0.996035, -0.057146, -0.068178, -0.051046, -0.059215, 0.997832, 0.028722, -0.008879, 0.000000, 0.000000, 0.000000, 1.000000
-29.9263, 40.3612, 50.5565, 213.2882, 235.2791, -40.3615, 149.4786, 136.0040, -51.0468, -8.8676, 0.187244, -0.944658, -0.269372, 0.040361, 0.975590, 0.146805, 0.163315, 0.050557, -0.114731, -0.293377, 0.949087, 0.213288, 0.000000, 0.000000, 0.000000, 1.000000, -0.114907, -0.293402, 0.949058, 0.235279, -0.187243, 0.944658, 0.269371, -0.040362, -0.975570, -0.146752, -0.163485, 0.149479, 0.000000, 0.000000, 0.000000, 1.000000, 0.066383, 0.032658, -0.997260, 0.136004, -0.996036, -0.057145, -0.068173, -0.051047, -0.059215, 0.997832, 0.028736, -0.008868, 0.000000, 0.000000, 0.000000, 1.000000
-29.9203, 40.3588, 50.5446, 213.2903, 235.2811, -40.3591, 149.4904, 136.0029, -51.0472, -8.8616, 0.187341, -0.944639, -0.269372, 0.040359, 0.975575, 0.146904, 0.163319, 0.050545, -0.114705, -0.293389, 0.949087, 0.213290, 0.000000, 0.000000, 0.000000, 1.000000, -0.114881, -0.293414, 0.949058, 0.235281, -0.187340, 0.944639, 0.269371, -0.040359, -0.975554, -0.146851, -0.163490, 0.149490, 0.000000, 0.000000, 0.000000, 1.000000, 0.066380, 0.032665, -0.997260, 0.136003, -0.996036, -0.057145, -0.068170, -0.051047, -0.059215, 0.997831, 0.028743, -0.008862, 0.000000, 0.000000, 0.000000, 1.000000
-29.9077, 40.3537, 50.5188, 213.2946, 235.2854, -40.3540, 149.5161, 136.0005, -51.0481, -8.8488, 0.187548, -0.944598, -0.269372, 0.040354, 0.975542, 0.147116, 0.163326, 0.050519, -0.114649, -0.293415, 0.949086, 0.213295, 0.000000, 0.000000, 0.000000, 1.000000, -0.114825, -0.293440, 0.949056, 0.235285, -0.187547, 0.944598, 0.269371, -0.040354, -0.975521, -0.147062, -0.163498, 0.149516, 0.000000, 0.000000, 0.000000, 1.000000, 0.066373, 0.032680, -0.997260, 0.136001, -0.996036, -0.057145, -0.068164, -0.051048, -0.059216, 0.997831, 0.028758, -0.008849, 0.000000, 0.000000, 0.000000, 1.000000
-29.9010, 40.3509, 50.5048, 213.2968, 235.2876, -40.3513, 149.5300, 135.9993, -51.0485, -8.8419, 0.187658, -0.944576, -0.269372, 0.040351, 0.975524, 0.147228, 0.163329, 0.050505, -0.114618, -0.293429, 0.949085, 0.213297, 0.000000, 0.000000, 0.000000, 1.000000, -0.114795, -0.293454, 0.949056, 0.235288, -0.187657, 0.944576, 0.269370, -0.040351, -0.975503, -0.147175, -0.163501, 0.149530, 0.000000, 0.000000, 0.000000, 1.000000, 0.066369, 0.032688, -0.997260, 0.135999, -0.996036, -0.057145, -0.068161, -0.051049, -0.059216, 0.997831, 0.028765, -0.008842, 0.000000, 0.000000, 0.000000, 1.000000
-29.8868, 40.3450, 50.4749, 213.3014, 235.2921, -40.3453, 149.5598, 135.9968, -51.0493, -8.8274, 0.187891, -0.944530, -0.269372, 0.040345, 0.975487, 0.147467, 0.163335, 0.050475, -0.114551, -0.293458, 0.949084, 0.213301, 0.000000, 0.000000, 0.000000, 1.000000, -0.114729, -0.293483, 0.949055, 0.235292, -0.187890, 0.944530, 0.269370, -0.040345, -0.975466, -0.147414, -0.163507, 0.149560, 0.000000, 0.000000, 0.000000, 1.000000, 0.066361, 0.032704, -0.997260, 0.135997, -0.996037, -0.057144, -0.068154, -0.051049, -0.059216, 0.997830, 0.028782, -0.008827, 0.000000, 0.000000, 0.000000, 1.000000
-29.8716, 40.3386, 50.4423, 213.3060, 235.2967, -40.3389, 149.5923, 135.9942, -51.0502, -8.8118, 0.188141, -0.944480, -0.269372, 0.040339, 0.975447, 0.147724, 0.163340, 0.050442, -0.114479, -0.293489, 0.949083, 0.213306, 0.000000, 0.000000, 0.000000, 1.000000, -0.114656, -0.293514, 0.949054, 0.235297, -0.188140, 0.944480, 0.269370, -0.040339, -0.975427, -0.147670, -0.163513, 0.149592, 0.000000, 0.000000, 0.000000, 1.000000, 0.066353, 0.032722, -0.997260, 0.135994, -0.996037, -0.057144, -0.068147, -0.051050, -0.059217, 0.997830, 0.028800, -0.008812, 0.000000, 0.000000, 0.000000, 1.000000
-29.8636, 40.3352, 50.4250, 213.3084, 235.2991, -40.3355, 149.6095, 135.9929, -51.0506, -8.8036, 0.188272, -0.944454, -0.269371, 0.040335, 0.975427, 0.147859, 0.163342, 0.050425, -0.114440, -0.293505, 0.949083, 0.213308, 0.000000, 0.000000, 0.000000, 1.000000, -0.114618, -0.293530, 0.949054, 0.235299, -0.188272, 0.944454, 0.269370, -0.040336, -0.975406, -0.147805, -0.163515, 0.149610, 0.000000, 0.000000, 0.000000, 1.000000, 0.066349, 0.032731, -0.997260, 0.135993, -0.996038, -0.057143, -0.068143, -0.051051, -0.059217, 0.997829, 0.028810, -0.008804, 0.000000, 0.000000, 0.000000, 1.000000
-29.8469, 40.3281, 50.3886, 213.3132, 235.3039, -40.3284, 149.6459, 135.9902, -51.0514, -8.7865, 0.188546, -0.944399, -0.269371, 0.040328, 0.975383, 0.148141, 0.163345, 0.050389, -0.114358, -0.293538, 0.949082, 0.213313, 0.000000, 0.000000, 0.000000, 1.000000, -0.114536, -0.293564, 0.949053, 0.235304, -0.188546, 0.944399, 0.269370, -0.040328, -0.975362, -0.148087, -0.163518, 0.149646, 0.000000, 0.000000, 0.000000, 1.000000, 0.066340, 0.032750, -0.997259, 0.135990, -0.996038, -0.057143, -0.068135, -0.051051, -0.059218, 0.997829, 0.028830, -0.008787, 0.000000, 0.000000, 0.000000, 1.000000
-29.8382, 40.3243, 50.3694, 213.3156, 235.3063, -40.3246, 149.6650, 135.9888, -51.0518, -8.7776, 0.188689, -0.944370, -0.269371, 0.040324, 0.975361, 0.148288, 0.163346, 0.050369, -0.114315, -0.293556, 0.949082, 0.213316, 0.000000, 0.000000, 0.000000, 1.000000, -0.114493, -0.293581, 0.949053, 0.235306, -0.188689, 0.944371, 0.269370, -0.040325, -0.975340, -0.148235, -0.163520, 0.149665, 0.000000, 0.000000, 0.000000, 1.000000, 0.066335, 0.032760, -0.997259, 0.135989, -0.996039, -0.057142, -0.068131, -0.051052, -0.059218, 0.997828, 0.028840, -0.008778, 0.000000, 0.000000, 0.000000, 1.000000
-29.8201, 40.3165, 50.3294, 213.3206, 235.3113, -40.3168, 149.7049, 135.9860, -51.0526, -8.7590, 0.188986, -0.944311, -0.269371, 0.040316, 0.975314, 0.148595, 0.163348, 0.050329, -0.114224, -0.293592, 0.949082, 0.213321, 0.000000, 0.000000, 0.000000, 1.000000, -0.114403, -0.293618, 0.949052, 0.235311, -0.188986, 0.944312, 0.269370, -0.040317, -0.975293, -0.148541, -0.163522, 0.149705, 0.000000, 0.000000, 0.000000, 1.000000, 0.066325, 0.032781, -0.997259, 0.135986, -0.996039, -0.057142, -0.068122, -0.051053, -0.059218, 0.997828, 0.028861, -0.008759, 0.000000, 0.000000, 0.000000, 1.000000
-29.8108, 40.3124, 50.3085, 213.3231, 235.3138, -40.3127, 149.7258, 135.9846, -51.0530, -8.7494, 0.189140, -0.944280, -0.269371, 0.040312, 0.975289, 0.148754, 0.163348, 0.050309, -0.114177, -0.293611, 0.949082, 0.213323, 0.000000, 0.000000, 0.000000, 1.000000, -0.114356, -0.293636, 0.949052, 0.235314, -0.189140, 0.944281, 0.269370, -0.040313, -0.975269, -0.148700, -0.163523, 0.149726, 0.000000, 0.000000, 0.000000, 1.000000, 0.066320, 0.032792, -0.997259, 0.135985, -0.996040, -0.057142, -0.068118, -0.051053, -0.059219, 0.997827, 0.028872, -0.008749, 0.000000, 0.000000, 0.000000, 1.000000
-29.7915, 40.3039, 50.2652, 213.3282, 235.3189, -40.3042, 149.7690, 135.9816, -51.0537, -8.7294, 0.189459, -0.944216, -0.269371, 0.040304, 0.975239, 0.149082, 0.163349, 0.050265, -0.114078, -0.293649, 0.949082, 0.213328, 0.000000, 0.000000, 0.000000, 1.000000, -0.114258, -0.293675, 0.949052, 0.235319, -0.189459, 0.944217, 0.269370, -0.040304, -0.975218, -0.149028, -0.163524, 0.149769, 0.000000, 0.000000, 0.000000, 1.000000, 0.066310, 0.032814, -0.997259, 0.135982, -0.996040, -0.057141, -0.068109, -0.051054, -0.059219, 0.997827, 0.028895, -0.008729, 0.000000, 0.000000, 0.000000, 1.000000
-29.7815, 40.2995, 50.2427, 213.3308, 235.3215, -40.2998, 149.7914, 135.9801, -51.0541, -8.7191, 0.189623, -0.944183, -0.269371, 0.040299, 0.975213, 0.149252, 0.163349, 0.050243, -0.114027, -0.293669, 0.949082, 0.213331, 0.000000, 0.000000, 0.000000, 1.000000, -0.114207, -0.293695, 0.949052, 0.235321, -0.189623, 0.944184, 0.269370, -0.040300, -0.975192, -0.149198, -0.163524, 0.149791, 0.000000, 0.000000, 0.000000, 1.000000, 0.066304, 0.032826, -0.997259, 0.135980, -0.996041, -0.057141, -0.068104, -0.051054, -0.059220, 0.997826, 0.028907, -0.008719, 0.000000, 0.000000, 0.000000, 1.000000
-29.7611, 40.2904, 50.1964, 213.3361, 235.3267, -40.2908, 149.8377, 135.9771, -51.0549, -8.6980, 0.189960, -0.944116, -0.269371, 0.040290, 0.975160, 0.149601, 0.163348, 0.050196, -0.113921, -0.293710, 0.949082, 0.213336, 0.000000, 0.000000, 0.000000, 1.000000, -0.114102, -0.293736, 0.949052, 0.235327, -0.189960, 0.944116, 0.269370, -0.040291, -0.975139, -0.149547, -0.163523, 0.149838, 0.000000, 0.000000, 0.000000, 1.000000, 0.066293, 0.032850, -0.997259, 0.135977, -0.996041, -0.057140, -0.068094, -0.051055, -0.059220, 0.997826, 0.028931, -0.008698, 0.000000, 0.000000, 0.000000, 1.000000
-29.7399, 40.2810, 50.1483, 213.3414, 235.3320, -40.2814, 149.8857, 135.9740, -51.0556, -8.6762, 0.190309, -0.944045, -0.269371, 0.040281, 0.975105, 0.149961, 0.163347, 0.050148, -0.113812, -0.293751, 0.949082, 0.213341, 0.000000, 0.000000, 0.000000, 1.000000, -0.113992, -0.293778, 0.949052, 0.235332, -0.190308, 0.944046, 0.269370, -0.040281, -0.975084, -0.149907, -0.163522, 0.149886, 0.000000, 0.000000, 0.000000, 1.000000, 0.066282, 0.032874, -0.997259, 0.135974, -0.996042, -0.057139, -0.068084, -0.051056, -0.059221, 0.997825, 0.028957, -0.008676, 0.000000, 0.000000, 0.000000, 1.000000
-29.7183, 40.2721, 50.1046, 213.3490, 235.3396, -40.2725, 149.9292, 135.9698, -51.0571, -8.6542, 0.190663, -0.943974, -0.269371, 0.040272, 0.975047, 0.150322, 0.163361, 0.050105, -0.113717, -0.293796, 0.949080, 0.213349, 0.000000, 0.000000, 0.000000, 1.000000, -0.113898, -0.293822, 0.949050, 0.235340, -0.190662, 0.943975, 0.269369, -0.040272, -0.975026, -0.150268, -0.163537, 0.149929, 0.000000, 0.000000, 0.000000, 1.000000, 0.066270, 0.032899, -0.997259, 0.135970, -0.996043, -0.057139, -0.068074, -0.051057, -0.059222, 0.997824, 0.028982, -0.008654, 0.000000, 0.000000, 0.000000, 1.000000
-29.6962, 40.2629, 50.0591, 213.3565, 235.3471, -40.2632, 149.9746, 135.9658, -51.0585, -8.6316, 0.191025, -0.943901, -0.269370, 0.040263, 0.974988, 0.150693, 0.163374, 0.050059, -0.113617, -0.293841, 0.949078, 0.213356, 0.000000, 0.000000, 0.000000, 1.000000, -0.113798, -0.293868, 0.949048, 0.235347, -0.191025, 0.943901, 0.269369, -0.040263, -0.974966, -0.150638, -0.163551, 0.149975, 0.000000, 0.000000, 0.000000, 1.000000, 0.066257, 0.032924, -0.997259, 0.135966, -0.996044, -0.057138, -0.068063, -0.051058, -0.059222, 0.997823, 0.029008, -0.008632, 0.000000, 0.000000, 0.000000, 1.000000
-29.6849, 40.2581, 50.0357, 213.3602, 235.3508, -40.2585, 149.9980, 135.9637, -51.0592, -8.6202, 0.191209, -0.943864, -0.269370, 0.040258, 0.974957, 0.150881, 0.163379, 0.050036, -0.113565, -0.293864, 0.949077, 0.213360, 0.000000, 0.000000, 0.000000, 1.000000, -0.113747, -0.293891, 0.949047, 0.235351, -0.191209, 0.943864, 0.269369, -0.040258, -0.974936, -0.150827, -0.163556, 0.149998, 0.000000, 0.000000, 0.000000, 1.000000, 0.066251, 0.032937, -0.997259, 0.135964, -0.996044, -0.057137, -0.068058, -0.051059, -0.059223, 0.997823, 0.029022, -0.008620, 0.000000, 0.000000, 0.000000, 1.000000
-29.6622, 40.2484, 49.9876, 213.3674, 235.3580, -40.2488, 150.0459, 135.9598, -51.0604, -8.5969, 0.191583, -0.943788, -0.269370, 0.040248, 0.974897, 0.151264, 0.163388, 0.049988, -0.113458, -0.293910, 0.949075, 0.213367, 0.000000, 0.000000, 0.000000, 1.000000, -0.113641, -0.293937, 0.949045, 0.235358, -0.191583, 0.943788, 0.269369, -0.040249, -0.974875, -0.151209, -0.163566, 0.150046, 0.000000, 0.000000, 0.000000, 1.000000, 0.066239, 0.032964, -0.997259, 0.135960, -0.996045, -0.057137, -0.068047, -0.051060, -0.059223, 0.997822, 0.029049, -0.008597, 0.000000, 0.000000, 0.000000, 1.000000
-29.6507, 40.2435, 49.9630, 213.3710, 235.3615, -40.2438, 150.0705, 135.9578, -51.0610, -8.5851, 0.191772, -0.943750, -0.269370, 0.040243, 0.974866, 0.151458, 0.163392, 0.049963, -0.113403, -0.293934, 0.949075, 0.213371, 0.000000, 0.000000, 0.000000, 1.000000, -0.113586, -0.293961, 0.949044, 0.235362, -0.191772, 0.943750, 0.269369, -0.040244, -0.974845, -0.151403, -0.163570, 0.150070, 0.000000, 0.000000, 0.000000, 1.000000, 0.066232, 0.032977, -0.997259, 0.135958, -0.996045, -0.057136, -0.068041, -0.051061, -0.059224, 0.997822, 0.029062, -0.008585, 0.000000, 0.000000, 0.000000, 1.000000
-29.6274, 40.2333, 49.9127, 213.3779, 235.3684, -40.2337, 150.1206, 135.9539, -51.0621, -8.5613, 0.192154, -0.943672, -0.269370, 0.040233, 0.974804, 0.151851, 0.163398, 0.049913, -0.113290, -0.293981, 0.949074, 0.213378, 0.000000, 0.000000, 0.000000, 1.000000, -0.113474, -0.294008, 0.949043, 0.235368, -0.192153, 0.943672, 0.269369, -0.040234, -0.974782, -0.151795, -0.163577, 0.150121, 0.000000, 0.000000, 0.000000, 1.000000, 0.066220, 0.033004, -0.997259, 0.135954, -0.996046, -0.057136, -0.068030, -0.051062, -0.059224, 0.997821, 0.029090, -0.008561, 0.000000, 0.000000, 0.000000, 1.000000
-29.6157, 40.2282, 49.8871, 213.3812, 235.3718, -40.2286, 150.1461, 135.9520, -51.0626, -8.5492, 0.192346, -0.943633, -0.269370, 0.040228, 0.974772, 0.152049, 0.163401, 0.049887, -0.113233, -0.294004, 0.949073, 0.213381, 0.000000, 0.000000, 0.000000, 1.000000, -0.113417, -0.294031, 0.949043, 0.235372, -0.192346, 0.943633, 0.269369, -0.040229, -0.974751, -0.151994, -0.163579, 0.150146, 0.000000, 0.000000, 0.000000, 1.000000, 0.066213, 0.033017, -0.997259, 0.135952, -0.996046, -0.057135, -0.068024, -0.051063, -0.059225, 0.997820, 0.029104, -0.008549, 0.000000, 0.000000, 0.000000, 1.000000
-29.5922, 40.2178, 49.8351, 213.3878, 235.3784, -40.2181, 150.1981, 135.9483, -51.0636, -8.5250, 0.192734, -0.943554, -0.269370, 0.040218, 0.974710, 0.152448, 0.163404, 0.049835, -0.113115, -0.294051, 0.949073, 0.213388, 0.000000, 0.000000, 0.000000, 1.000000, -0.113300, -0.294078, 0.949042, 0.235378, -0.192733, 0.943554, 0.269369, -0.040218, -0.974688, -0.152393, -0.163583, 0.150198, 0.000000, 0.000000, 0.000000, 1.000000, 0.066200, 0.033044, -0.997259, 0.135948, -0.996047, -0.057134, -0.068013, -0.051064, -0.059225, 0.997819, 0.029131, -0.008525, 0.000000, 0.000000, 0.000000, 1.000000
-29.5685, 40.2072, 49.7821, 213.3942, 235.3847, -40.2075, 150.2509, 135.9447, -51.0645, -8.5005, 0.193124, -0.943474, -0.269370, 0.040207, 0.974646, 0.152851, 0.163405, 0.049782, -0.112995, -0.294098, 0.949072, 0.213394, 0.000000, 0.000000, 0.000000, 1.000000, -0.113180, -0.294125, 0.949042, 0.235385, -0.193123, 0.943474, 0.269369, -0.040208, -0.974625, -0.152795, -0.163585, 0.150251, 0.000000, 0.000000, 0.000000, 1.000000, 0.066187, 0.033072, -0.997259, 0.135945, -0.996048, -0.057134, -0.068002, -0.051064, -0.059226, 0.997819, 0.029160, -0.008501, 0.000000, 0.000000, 0.000000, 1.000000
-29.5566, 40.2018, 49.7553, 213.3973, 235.3878, -40.2022, 150.2776, 135.9429, -51.0649, -8.4883, 0.193319, -0.943434, -0.269370, 0.040202, 0.974615, 0.153053, 0.163405, 0.049755, -0.112934, -0.294121, 0.949072, 0.213397, 0.000000, 0.000000, 0.000000, 1.000000, -0.113119, -0.294149, 0.949042, 0.235388, -0.193319, 0.943434, 0.269369, -0.040202, -0.974593, -0.152997, -0.163585, 0.150278, 0.000000, 0.000000, 0.000000, 1.000000, 0.066181, 0.033085, -0.997259, 0.135943, -0.996048, -0.057133, -0.067996, -0.051065, -0.059226, 0.997818, 0.029174, -0.008488, 0.000000, 0.000000, 0.000000, 1.000000
-29.5329, 40.1910, 49.7013, 213.4033, 235.3938, -40.1914, 150.3316, 135.9394, -51.0656, -8.4637, 0.193711, -0.943353, -0.269370, 0.040191, 0.974551, 0.153458, 0.163404, 0.049701, -0.112811, -0.294168, 0.949073, 0.213403, 0.000000, 0.000000, 0.000000, 1.000000, -0.112996, -0.294196, 0.949042, 0.235394, -0.193711, 0.943354, 0.269369, -0.040191, -0.974530, -0.153402, -0.163584, 0.150332, 0.000000, 0.000000, 0.000000, 1.000000, 0.066168, 0.033113, -0.997259, 0.135939, -0.996049, -0.057133, -0.067985, -0.051066, -0.059227, 0.997817, 0.029202, -0.008464, 0.000000, 0.000000, 0.000000, 1.000000
-29.5210, 40.1856, 49.6741, 213.4063, 235.3967, -40.1859, 150.3587, 135.9377, -51.0660, -8.4514, 0.193907, -0.943313, -0.269370, 0.040186, 0.974519, 0.153661, 0.163403, 0.049674, -0.112748, -0.294191, 0.949073, 0.213406, 0.000000, 0.000000, 0.000000, 1.000000, -0.112934, -0.294219, 0.949042, 0.235397, -0.193907, 0.943314, 0.269369, -0.040186, -0.974498, -0.153605, -0.163583, 0.150359, 0.000000, 0.000000, 0.000000, 1.000000, 0.066162, 0.033127, -0.997259, 0.135938, -0.996050, -0.057132, -0.067979, -0.051066, -0.059228, 0.997817, 0.029216, -0.008451, 0.000000, 0.000000, 0.000000, 1.000000
-29.4973, 40.1747, 49.6195, 213.4120, 235.4024, -40.1750, 150.4132, 135.9343, -51.0666, -8.4268, 0.194298, -0.943233, -0.269370, 0.040175, 0.974456, 0.154066, 0.163399, 0.049619, -0.112623, -0.294238, 0.949073, 0.213412, 0.000000, 0.000000, 0.000000, 1.000000, -0.112809, -0.294266, 0.949043, 0.235402, -0.194298, 0.943233, 0.269369, -0.040175, -0.974434, -0.154010, -0.163581, 0.150413, 0.000000, 0.000000, 0.000000, 1.000000, 0.066149, 0.033154, -0.997259, 0.135934, -0.996050, -0.057132, -0.067968, -0.051067, -0.059228, 0.997816, 0.029244, -0.008427, 0.000000, 0.000000, 0.000000, 1.000000
-29.4855, 40.1692, 49.5921, 213.4147, 235.4052, -40.1696, 150.4406, 135.9327, -51.0669, -8.4145, 0.194493, -0.943192, -0.269370, 0.040169, 0.974424, 0.154268, 0.163397, 0.049592, -0.112560, -0.294261, 0.949074, 0.213415, 0.000000, 0.000000, 0.000000, 1.000000, -0.112746, -0.294289, 0.949043, 0.235405, -0.194493, 0.943193, 0.269369, -0.040170, -0.974403, -0.154212, -0.163579, 0.150441, 0.000000, 0.000000, 0.000000, 1.000000, 0.066142, 0.033168, -0.997259, 0.135933, -0.996051, -0.057131, -0.067962, -0.051067, -0.059229, 0.997816, 0.029258, -0.008415, 0.000000, 0.000000, 0.000000, 1.000000
-29.4620, 40.1583, 49.5373, 213.4201, 235.4106, -40.1586, 150.4953, 135.9294, -51.0674, -8.3901, 0.194881, -0.943112, -0.269371, 0.040158, 0.974361, 0.154670, 0.163392, 0.049537, -0.112434, -0.294306, 0.949075, 0.213420, 0.000000, 0.000000, 0.000000, 1.000000, -0.112621, -0.294334, 0.949044, 0.235411, -0.194881, 0.943113, 0.269369, -0.040159, -0.974340, -0.154614, -0.163574, 0.150495, 0.000000, 0.000000, 0.000000, 1.000000, 0.066129, 0.033195, -0.997259, 0.135929, -0.996052, -0.057130, -0.067951, -0.051067, -0.059229, 0.997815, 0.029286, -0.008390, 0.000000, 0.000000, 0.000000, 1.000000
-29.4503, 40.1528, 49.5099, 213.4227, 235.4132, -40.1532, 150.5226, 135.9278, -51.0676, -8.3780, 0.195074, -0.943072, -0.269371, 0.040153, 0.974330, 0.154871, 0.163389, 0.049510, -0.112370, -0.294329, 0.949075, 0.213423, 0.000000, 0.000000, 0.000000, 1.000000, -0.112558, -0.294357, 0.949044, 0.235413, -0.195074, 0.943073, 0.269369, -0.040153, -0.974308, -0.154814, -0.163571, 0.150523, 0.000000, 0.000000, 0.000000, 1.000000, 0.066123, 0.033208, -0.997259, 0.135928, -0.996052, -0.057130, -0.067945, -0.051068, -0.059230, 0.997814, 0.029300, -0.008378, 0.000000, 0.000000, 0.000000, 1.000000
-29.4271, 40.1419, 49.4553, 213.4278, 235.4182, -40.1423, 150.5771, 135.9247, -51.0681, -8.3538, 0.195457, -0.942993, -0.269371, 0.040142, 0.974268, 0.155269, 0.163383, 0.049455, -0.112244, -0.294374, 0.949076, 0.213428, 0.000000, 0.000000, 0.000000, 1.000000, -0.112432, -0.294402, 0.949045, 0.235418, -0.195457, 0.942993, 0.269369, -0.040142, -0.974246, -0.155212, -0.163565, 0.150577, 0.000000, 0.000000, 0.000000, 1.000000, 0.066110, 0.033235, -0.997259, 0.135925, -0.996053, -0.057129, -0.067934, -0.051068, -0.059231, 0.997813, 0.029327, -0.008354, 0.000000, 0.000000, 0.000000, 1.000000
-29.3816, 40.1204, 49.3474, 213.4374, 235.4279, -40.1207, 150.6848, 135.9188, -51.0688, -8.3064, 0.196210, -0.942837, -0.269371, 0.040120, 0.974145, 0.156051, 0.163368, 0.049347, -0.111994, -0.294461, 0.949079, 0.213437, 0.000000, 0.000000, 0.000000, 1.000000, -0.112182, -0.294489, 0.949047, 0.235428, -0.196210, 0.942837, 0.269369, -0.040121, -0.974124, -0.155994, -0.163551, 0.150685, 0.000000, 0.000000, 0.000000, 1.000000, 0.066085, 0.033288, -0.997259, 0.135919, -0.996054, -0.057128, -0.067912, -0.051069, -0.059232, 0.997812, 0.029381, -0.008306, 0.000000, 0.000000, 0.000000, 1.000000
-29.3705, 40.1155, 49.3239, 213.4409, 235.4313, -40.1159, 150.7083, 135.9168, -51.0693, -8.2950, 0.196393, -0.942799, -0.269371, 0.040116, 0.974115, 0.156238, 0.163373, 0.049324, -0.111941, -0.294483, 0.949078, 0.213441, 0.000000, 0.000000, 0.000000, 1.000000, -0.112130, -0.294512, 0.949047, 0.235431, -0.196392, 0.942799, 0.269369, -0.040116, -0.974093, -0.156181, -0.163556, 0.150708, 0.000000, 0.000000, 0.000000, 1.000000, 0.066079, 0.033301, -0.997259, 0.135917, -0.996055, -0.057128, -0.067907, -0.051069, -0.059232, 0.997811, 0.029394, -0.008295, 0.000000, 0.000000, 0.000000, 1.000000
-29.3487, 40.1067, 49.2831, 213.4498, 235.4401, -40.1070, 150.7489, 135.9121, -51.0711, -8.2731, 0.196748, -0.942725, -0.269370, 0.040107, 0.974053, 0.156598, 0.163396, 0.049283, -0.111855, -0.294529, 0.949074, 0.213450, 0.000000, 0.000000, 0.000000, 1.000000, -0.112045, -0.294557, 0.949043, 0.235440, -0.196747, 0.942725, 0.269369, -0.040107, -0.974031, -0.156540, -0.163581, 0.150749, 0.000000, 0.000000, 0.000000, 1.000000, 0.066067, 0.033326, -0.997259, 0.135912, -0.996056, -0.057127, -0.067896, -0.051071, -0.059233, 0.997811, 0.029420, -0.008273, 0.000000, 0.000000, 0.000000, 1.000000
-29.3274, 40.0979, 49.2423, 213.4581, 235.4484, -40.0982, 150.7895, 135.9077, -51.0728, -8.2516, 0.197095, -0.942652, -0.269370, 0.040098, 0.973993, 0.156950, 0.163417, 0.049242, -0.111768, -0.294573, 0.949071, 0.213458, 0.000000, 0.000000, 0.000000, 1.000000, -0.111959, -0.294602, 0.949039, 0.235448, -0.197094, 0.942653, 0.269368, -0.040098, -0.973971, -0.156892, -0.163603, 0.150789, 0.000000, 0.000000, 0.000000, 1.000000, 0.066055, 0.033350, -0.997259, 0.135908, -0.996056, -0.057126, -0.067886, -0.051073, -0.059234, 0.997810, 0.029445, -0.008252, 0.000000, 0.000000, 0.000000, 1.000000
-29.3170, 40.0935, 49.2219, 213.4621, 235.4524, -40.0938, 150.8098, 135.9056, -51.0735, -8.2410, 0.197265, -0.942617, -0.269369, 0.040093, 0.973963, 0.157123, 0.163426, 0.049222, -0.111724, -0.294594, 0.949069, 0.213462, 0.000000, 0.000000, 0.000000, 1.000000, -0.111915, -0.294623, 0.949037, 0.235452, -0.197265, 0.942617, 0.269368, -0.040094, -0.973941, -0.157065, -0.163612, 0.150810, 0.000000, 0.000000, 0.000000, 1.000000, 0.066049, 0.033362, -0.997258, 0.135906, -0.996057, -0.057126, -0.067881, -0.051074, -0.059234, 0.997809, 0.029457, -0.008241, 0.000000, 0.000000, 0.000000, 1.000000
-29.2965, 40.0848, 49.1811, 213.4695, 235.4598, -40.0851, 150.8503, 135.9016, -51.0748, -8.2202, 0.197599, -0.942547, -0.269369, 0.040085, 0.973906, 0.157464, 0.163441, 0.049181, -0.111635, -0.294636, 0.949066, 0.213470, 0.000000, 0.000000, 0.000000, 1.000000, -0.111827, -0.294666, 0.949035, 0.235460, -0.197599, 0.942547, 0.269368, -0.040085, -0.973884, -0.157406, -0.163628, 0.150850, 0.000000, 0.000000, 0.000000, 1.000000, 0.066038, 0.033385, -0.997258, 0.135902, -0.996057, -0.057125, -0.067871, -0.051075, -0.059234, 0.997809, 0.029481, -0.008220, 0.000000, 0.000000, 0.000000, 1.000000
-29.2865, 40.0805, 49.1607, 213.4730, 235.4632, -40.0808, 150.8706, 135.8997, -51.0754, -8.2100, 0.197763, -0.942513, -0.269369, 0.040080, 0.973877, 0.157631, 0.163448, 0.049161, -0.111591, -0.294656, 0.949065, 0.213473, 0.000000, 0.000000, 0.000000, 1.000000, -0.111783, -0.294686, 0.949034, 0.235463, -0.197763, 0.942513, 0.269368, -0.040081, -0.973855, -0.157573, -0.163635, 0.150871, 0.000000, 0.000000, 0.000000, 1.000000, 0.066032, 0.033397, -0.997258, 0.135900, -0.996058, -0.057125, -0.067866, -0.051075, -0.059235, 0.997808, 0.029493, -0.008210, 0.000000, 0.000000, 0.000000, 1.000000
-29.2669, 40.0719, 49.1200, 213.4795, 235.4697, -40.0723, 150.9111, 135.8962, -51.0765, -8.1900, 0.198084, -0.942445, -0.269369, 0.040072, 0.973823, 0.157959, 0.163458, 0.049120, -0.111501, -0.294696, 0.949064, 0.213480, 0.000000, 0.000000, 0.000000, 1.000000, -0.111694, -0.294726, 0.949032, 0.235470, -0.198084, 0.942446, 0.269367, -0.040072, -0.973800, -0.157901, -0.163646, 0.150911, 0.000000, 0.000000, 0.000000, 1.000000, 0.066021, 0.033419, -0.997258, 0.135896, -0.996058, -0.057124, -0.067856, -0.051076, -0.059235, 0.997808, 0.029516, -0.008190, 0.000000, 0.000000, 0.000000, 1.000000
