# Joint_5_Angle(deg), Cam_X(mm), Cam_Y(mm), Cam_Z(mm), Torso_X(mm), Torso_Y(mm), Torso_Z(mm), EE_X(mm), EE_Y(mm), EE_Z(mm), T_cam2marker_flat(16), T_torso2marker_flat(16), T_ee2marker_flat(16)
-30.0003, -28.4191, 17.6077, 150.8103, 172.8066, 28.4189, 182.4335, 137.2560, -40.0259, -0.6249, 0.622625, -0.777123, 0.091747, -0.028419, 0.780125, 0.607273, -0.150414, 0.017608, 0.061174, 0.165226, 0.984357, 0.150810, 0.000000, 0.000000, 0.000000, 1.000000, 0.061006, 0.165097, 0.984389, 0.172807, -0.622625, 0.777123, -0.091749, 0.028419, -0.780138, -0.607308, 0.150203, 0.182433, 0.000000, 0.000000, 0.000000, 1.000000, -0.004065, 0.100938, -0.994884, 0.137256, -0.998441, -0.055802, -0.001582, -0.040026, -0.055676, 0.993327, 0.101008, -0.000625, 0.000000, 0.000000, 0.000000, 1.000000
-30.0002, -28.4189, 17.6085, 150.8110, 172.8073, 28.4186, 182.4327, 137.2558, -40.0261, -0.6248, 0.622625, -0.777124, 0.091747, -0.028419, 0.780126, 0.607273, -0.150410, 0.017608, 0.061172, 0.165223, 0.984357, 0.150811, 0.000000, 0.000000, 0.000000, 1.000000, 0.061004, 0.165094, 0.984389, 0.172807, -0.622625, 0.777123, -0.091748, 0.028419, -0.780139, -0.607308, 0.150199, 0.182433, 0.000000, 0.000000, 0.000000, 1.000000, -0.004065, 0.100938, -0.994884, 0.137256, -0.998441, -0.055802, -0.001582, -0.040026, -0.055676, 0.993327, 0.101008, -0.000625, 0.000000, 0.000000, 0.000000, 1.000000
-30.0002, -28.4188, 17.6087, 150.8113, 172.8076, 28.4185, 182.4324, 137.2558, -40.0261, -0.6247, 0.622624, -0.777124, 0.091746, -0.028419, 0.780126, 0.607273, -0.150408, 0.017609, 0.061171, 0.165222, 0.984358, 0.150811, 0.000000, 0.000000, 0.000000, 1.000000, 0.061003, 0.165093, 0.984390, 0.172808, -0.622624, 0.777124, -0.091748, 0.028419, -0.780139, -0.607308, 0.150198, 0.182432, 0.000000, 0.000000, 0.000000, 1.000000, -0.004065, 0.100938, -0.994884, 0.137256, -0.998441, -0.055802, -0.001582, -0.040026, -0.055676, 0.993327, 0.101008, -0.000625, 0.000000, 0.000000, 0.000000, 1.000000
-30.0001, -28.4186, 17.6090, 150.8117, 172.8079, 28.4183, 182.4322, 137.2557, -40.0262, -0.6246, 0.622624, -0.777124, 0.091745, -0.028419, 0.780127, 0.607273, -0.150407, 0.017609, 0.061170, 0.165220, 0.984358, 0.150812, 0.000000, 0.000000, 0.000000, 1.000000, 0.061002, 0.165091, 0.984390, 0.172808, -0.622624, 0.777124, -0.091747, 0.028418, -0.780140, -0.607308, 0.150196, 0.182432, 0.000000, 0.000000, 0.000000, 1.000000, -0.004065, 0.100938, -0.994884, 0.137256, -0.998441, -0.055802, -0.001582, -0.040026, -0.055676, 0.993327, 0.101008, -0.000625, 0.000000, 0.000000, 0.000000, 1.000000
-30.0001, -28.4185, 17.6089, 150.8119, 172.8081, 28.4182, 182.4322, 137.2557, -40.0262, -0.6246, 0.622624, -0.777125, 0.091744, -0.028418, 0.780127, 0.607273, -0.150406, 0.017609, 0.061170, 0.165218, 0.984358, 0.150812, 0.000000, 0.000000, 0.000000, 1.000000, 0.061002, 0.165090, 0.984390, 0.172808, -0.622624, 0.777124, -0.091746, 0.028418, -0.780140, -0.607308, 0.150195, 0.182432, 0.000000, 0.000000, 0.000000, 1.000000, -0.004065, 0.100938, -0.994884, 0.137256, -0.998441, -0.055802, -0.001582, -0.040026, -0.055676, 0.993327, 0.101008, -0.000625, 0.000000, 0.000000, 0.000000, 1.000000
-30.0000, -28.4184, 17.6088, 150.8119, 172.8082, 28.4182, 182.4324, 137.2557, -40.0262, -0.6246, 0.622624, -0.777125, 0.091744, -0.028418, 0.780127, 0.607273, -0.150406, 0.017609, 0.061171, 0.165218, 0.984358, 0.150812, 0.000000, 0.000000, 0.000000, 1.000000, 0.061003, 0.165089, 0.984390, 0.172808, -0.622624, 0.777125, -0.091745, 0.028418, -0.780140, -0.607308, 0.150195, 0.182432, 0.000000, 0.000000, 0.000000, 1.000000, -0.004065, 0.100938, -0.994884, 0.137256, -0.998441, -0.055802, -0.001582, -0.040026, -0.055676, 0.993327, 0.101008, -0.000625, 0.000000, 0.000000, 0.000000, 1.000000
-30.0000, -28.4184, 17.6088, 150.8119, 172.8082, 28.4182, 182.4324, 137.2557, -40.0262, -0.6246, 0.622624, -0.777125, 0.091744, -0.028418, 0.780127, 0.607273, -0.150406, 0.017609, 0.061171, 0.165218, 0.984358, 0.150812, 0.000000, 0.000000, 0.000000, 1.000000, 0.061003, 0.165089, 0.984390, 0.172808, -0.622624, 0.777125, -0.091745, 0.028418, -0.780140, -0.607308, 0.150195, 0.182432, 0.000000, 0.000000, 0.000000, 1.000000, -0.004065, 0.100938, -0.994884, 0.137256, -0.998441, -0.055802, -0.001582, -0.040026, -0.055676, 0.993327, 0.101008, -0.000625, 0.000000, 0.000000, 0.000000, 1.000000
-29.9999, -28.4183, 17.6079, 150.8118, 172.8081, 28.4180, 182.4332, 137.2558, -40.0260, -0.6245, 0.622624, -0.777125, 0.091741, -0.028418, 0.780127, 0.607273, -0.150407, 0.017608, 0.061173, 0.165217, 0.984358, 0.150812, 0.000000, 0.000000, 0.000000, 1.000000, 0.061005, 0.165088, 0.984390, 0.172808, -0.622624, 0.777125, -0.091743, 0.028418, -0.780140, -0.607308, 0.150197, 0.182433, 0.000000, 0.000000, 0.000000, 1.000000, -0.004065, 0.100938, -0.994884, 0.137256, -0.998441, -0.055802, -0.001582, -0.040026, -0.055676, 0.993327, 0.101008, -0.000625, 0.000000, 0.000000, 0.000000, 1.000000
-29.9998, -28.4182, 17.6071, 150.8116, 172.8079, 28.4180, 182.4341, 137.2559, -40.0259, -0.6245, 0.622624, -0.777125, 0.091739, -0.028418, 0.780126, 0.607273, -0.150409, 0.017607, 0.061176, 0.165217, 0.984358, 0.150812, 0.000000, 0.000000, 0.000000, 1.000000, 0.061008, 0.165088, 0.984390, 0.172808, -0.622624, 0.777125, -0.091741, 0.028418, -0.780139, -0.607308, 0.150199, 0.182434, 0.000000, 0.000000, 0.000000, 1.000000, -0.004065, 0.100938, -0.994884, 0.137256, -0.998441, -0.055802, -0.001582, -0.040026, -0.055676, 0.993327, 0.101008, -0.000625, 0.000000, 0.000000, 0.000000, 1.000000
-29.9996, -28.4181, 17.6059, 150.8114, 172.8076, 28.4179, 182.4353, 137.2560, -40.0257, -0.6245, 0.622624, -0.777125, 0.091737, -0.028418, 0.780126, 0.607273, -0.150411, 0.017606, 0.061179, 0.165216, 0.984358, 0.150811, 0.000000, 0.000000, 0.000000, 1.000000, 0.061011, 0.165087, 0.984390, 0.172808, -0.622624, 0.777125, -0.091738, 0.028418, -0.780139, -0.607308, 0.150201, 0.182435, 0.000000, 0.000000, 0.000000, 1.000000, -0.004065, 0.100938, -0.994884, 0.137256, -0.998441, -0.055802, -0.001582, -0.040026, -0.055676, 0.993327, 0.101008, -0.000624, 0.000000, 0.000000, 0.000000, 1.000000
-29.9995, -28.4180, 17.6053, 150.8113, 172.8075, 28.4178, 182.4360, 137.2561, -40.0256, -0.6245, 0.622624, -0.777125, 0.091735, -0.028418, 0.780126, 0.607273, -0.150412, 0.017605, 0.061181, 0.165215, 0.984358, 0.150811, 0.000000, 0.000000, 0.000000, 1.000000, 0.061013, 0.165087, 0.984390, 0.172808, -0.622624, 0.777125, -0.091737, 0.028418, -0.780139, -0.607308, 0.150202, 0.182436, 0.000000, 0.000000, 0.000000, 1.000000, -0.004065, 0.100938, -0.994884, 0.137256, -0.998441, -0.055802, -0.001582, -0.040026, -0.055676, 0.993327, 0.101008, -0.000624, 0.000000, 0.000000, 0.000000, 1.000000
-29.9992, -28.4178, 17.6037, 150.8111, 172.8074, 28.4175, 182.4375, 137.2563, -40.0254, -0.6244, 0.622625, -0.777125, 0.091731, -0.028418, 0.780125, 0.607273, -0.150414, 0.017604, 0.061185, 0.165213, 0.984358, 0.150811, 0.000000, 0.000000, 0.000000, 1.000000, 0.061017, 0.165085, 0.984390, 0.172807, -0.622625, 0.777125, -0.091732, 0.028418, -0.780138, -0.607309, 0.150204, 0.182437, 0.000000, 0.000000, 0.000000, 1.000000, -0.004065, 0.100938, -0.994884, 0.137256, -0.998441, -0.055802, -0.001582, -0.040025, -0.055676, 0.993327, 0.101008, -0.000624, 0.000000, 0.000000, 0.000000, 1.000000
-29.9991, -28.4176, 17.6029, 150.8111, 172.8074, 28.4173, 182.4384, 137.2563, -40.0253, -0.6243, 0.622625, -0.777126, 0.091728, -0.028418, 0.780124, 0.607274, -0.150415, 0.017603, 0.061187, 0.165211, 0.984358, 0.150811, 0.000000, 0.000000, 0.000000, 1.000000, 0.061020, 0.165083, 0.984390, 0.172807, -0.622625, 0.777125, -0.091729, 0.028417, -0.780138, -0.607309, 0.150204, 0.182438, 0.000000, 0.000000, 0.000000, 1.000000, -0.004065, 0.100938, -0.994884, 0.137256, -0.998441, -0.055802, -0.001582, -0.040025, -0.055676, 0.993327, 0.101008, -0.000624, 0.000000, 0.000000, 0.000000, 1.000000
-29.9986, -28.4170, 17.6009, 150.8113, 172.8075, 28.4168, 182.4404, 137.2565, -40.0250, -0.6240, 0.622626, -0.777126, 0.091720, -0.028417, 0.780124, 0.607275, -0.150415, 0.017601, 0.061192, 0.165206, 0.984359, 0.150811, 0.000000, 0.000000, 0.000000, 1.000000, 0.061025, 0.165077, 0.984391, 0.172808, -0.622626, 0.777126, -0.091722, 0.028417, -0.780137, -0.607310, 0.150205, 0.182440, 0.000000, 0.000000, 0.000000, 1.000000, -0.004065, 0.100938, -0.994884, 0.137256, -0.998441, -0.055802, -0.001582, -0.040025, -0.055676, 0.993327, 0.101008, -0.000624, 0.000000, 0.000000, 0.000000, 1.000000
-29.9978, -28.4161, 17.5986, 150.8118, 172.8081, 28.4159, 182.4427, 137.2566, -40.0247, -0.6235, 0.622626, -0.777127, 0.091710, -0.028416, 0.780123, 0.607276, -0.150414, 0.017599, 0.061197, 0.165196, 0.984360, 0.150812, 0.000000, 0.000000, 0.000000, 1.000000, 0.061030, 0.165068, 0.984392, 0.172808, -0.622626, 0.777126, -0.091711, 0.028416, -0.780136, -0.607311, 0.150204, 0.182443, 0.000000, 0.000000, 0.000000, 1.000000, -0.004065, 0.100938, -0.994884, 0.137257, -0.998441, -0.055802, -0.001582, -0.040025, -0.055676, 0.993327, 0.101008, -0.000623, 0.000000, 0.000000, 0.000000, 1.000000
-29.9974, -28.4155, 17.5973, 150.8122, 172.8085, 28.4153, 182.4440, 137.2566, -40.0246, -0.6232, 0.622627, -0.777127, 0.091703, -0.028416, 0.780122, 0.607277, -0.150412, 0.017597, 0.061200, 0.165190, 0.984361, 0.150812, 0.000000, 0.000000, 0.000000, 1.000000, 0.061033, 0.165062, 0.984393, 0.172808, -0.622627, 0.777127, -0.091705, 0.028415, -0.780135, -0.607312, 0.150202, 0.182444, 0.000000, 0.000000, 0.000000, 1.000000, -0.004065, 0.100938, -0.994884, 0.137257, -0.998441, -0.055802, -0.001582, -0.040025, -0.055676, 0.993327, 0.101008, -0.000623, 0.000000, 0.000000, 0.000000, 1.000000
-29.9969, -28.4148, 17.5959, 150.8128, 172.8091, 28.4146, 182.4455, 137.2566, -40.0245, -0.6228, 0.622627, -0.777128, 0.091696, -0.028415, 0.780122, 0.607278, -0.150410, 0.017596, 0.061203, 0.165183, 0.984362, 0.150813, 0.000000, 0.000000, 0.000000, 1.000000, 0.061036, 0.165055, 0.984394, 0.172809, -0.622627, 0.777127, -0.091697, 0.028415, -0.780135, -0.607314, 0.150200, 0.182445, 0.000000, 0.000000, 0.000000, 1.000000, -0.004065, 0.100938, -0.994884, 0.137257, -0.998441, -0.055802, -0.001582, -0.040024, -0.055676, 0.993327, 0.101008, -0.000623, 0.000000, 0.000000, 0.000000, 1.000000
-29.9956, -28.4130, 17.5927, 150.8144, 172.8107, 28.4127, 182.4486, 137.2566, -40.0242, -0.6218, 0.622628, -0.777129, 0.091677, -0.028413, 0.780120, 0.607282, -0.150403, 0.017593, 0.061209, 0.165164, 0.984365, 0.150814, 0.000000, 0.000000, 0.000000, 1.000000, 0.061042, 0.165036, 0.984397, 0.172811, -0.622628, 0.777129, -0.091678, 0.028413, -0.780134, -0.607317, 0.150193, 0.182449, 0.000000, 0.000000, 0.000000, 1.000000, -0.004065, 0.100938, -0.994884, 0.137257, -0.998441, -0.055802, -0.001582, -0.040024, -0.055676, 0.993327, 0.101008, -0.000622, 0.000000, 0.000000, 0.000000, 1.000000
-29.9939, -28.4106, 17.5890, 150.8167, 172.8130, 28.4103, 182.4524, 137.2564, -40.0239, -0.6204, 0.622629, -0.777131, 0.091652, -0.028411, 0.780119, 0.607286, -0.150392, 0.017589, 0.061215, 0.165138, 0.984369, 0.150817, 0.000000, 0.000000, 0.000000, 1.000000, 0.061048, 0.165010, 0.984401, 0.172813, -0.622629, 0.777131, -0.091654, 0.028410, -0.780132, -0.607321, 0.150183, 0.182452, 0.000000, 0.000000, 0.000000, 1.000000, -0.004065, 0.100938, -0.994884, 0.137256, -0.998441, -0.055802, -0.001582, -0.040024, -0.055676, 0.993327, 0.101008, -0.000620, 0.000000, 0.000000, 0.000000, 1.000000
-29.9928, -28.4091, 17.5870, 150.8182, 172.8145, 28.4088, 182.4544, 137.2563, -40.0238, -0.6196, 0.622629, -0.777133, 0.091638, -0.028409, 0.780119, 0.607288, -0.150385, 0.017587, 0.061218, 0.165123, 0.984371, 0.150818, 0.000000, 0.000000, 0.000000, 1.000000, 0.061051, 0.164995, 0.984403, 0.172815, -0.622629, 0.777132, -0.091640, 0.028409, -0.780132, -0.607324, 0.150176, 0.182454, 0.000000, 0.000000, 0.000000, 1.000000, -0.004065, 0.100938, -0.994884, 0.137256, -0.998441, -0.055802, -0.001582, -0.040024, -0.055676, 0.993327, 0.101008, -0.000620, 0.000000, 0.000000, 0.000000, 1.000000
-29.9905, -28.4055, 17.5824, 150.8219, 172.8182, 28.4053, 182.4590, 137.2560, -40.0235, -0.6176, 0.622630, -0.777136, 0.091604, -0.028406, 0.780117, 0.607295, -0.150367, 0.017582, 0.061225, 0.165085, 0.984377, 0.150822, 0.000000, 0.000000, 0.000000, 1.000000, 0.061058, 0.164957, 0.984409, 0.172818, -0.622630, 0.777136, -0.091606, 0.028405, -0.780130, -0.607330, 0.150158, 0.182459, 0.000000, 0.000000, 0.000000, 1.000000, -0.004065, 0.100938, -0.994884, 0.137256, -0.998441, -0.055802, -0.001582, -0.040024, -0.055676, 0.993327, 0.101008, -0.000618, 0.000000, 0.000000, 0.000000, 1.000000
-29.9876, -28.4011, 17.5772, 150.8266, 172.8230, 28.4009, 182.4642, 137.2556, -40.0233, -0.6151, 0.622631, -0.777140, 0.091563, -0.028401, 0.780116, 0.607302, -0.150344, 0.017577, 0.061232, 0.165039, 0.984385, 0.150827, 0.000000, 0.000000, 0.000000, 1.000000, 0.061066, 0.164911, 0.984416, 0.172823, -0.622631, 0.777140, -0.091564, 0.028401, -0.780129, -0.607337, 0.150135, 0.182464, 0.000000, 0.000000, 0.000000, 1.000000, -0.004065, 0.100938, -0.994884, 0.137256, -0.998441, -0.055802, -0.001582, -0.040023, -0.055676, 0.993327, 0.101008, -0.000615, 0.000000, 0.000000, 0.000000, 1.000000
-29.9859, -28.3986, 17.5744, 150.8294, 172.8258, 28.3983, 182.4671, 137.2553, -40.0231, -0.6136, 0.622632, -0.777142, 0.091539, -0.028399, 0.780115, 0.607306, -0.150331, 0.017574, 0.061236, 0.165011, 0.984389, 0.150829, 0.000000, 0.000000, 0.000000, 1.000000, 0.061069, 0.164884, 0.984421, 0.172826, -0.622632, 0.777142, -0.091541, 0.028398, -0.780128, -0.607341, 0.150122, 0.182467, 0.000000, 0.000000, 0.000000, 1.000000, -0.004065, 0.100938, -0.994884, 0.137255, -0.998441, -0.055802, -0.001582, -0.040023, -0.055676, 0.993327, 0.101008, -0.000614, 0.000000, 0.000000, 0.000000, 1.000000
-29.9821, -28.3927, 17.5681, 150.8360, 172.8323, 28.3925, 182.4733, 137.2546, -40.0229, -0.6103, 0.622633, -0.777148, 0.091485, -0.028393, 0.780114, 0.607316, -0.150298, 0.017568, 0.061244, 0.164949, 0.984399, 0.150836, 0.000000, 0.000000, 0.000000, 1.000000, 0.061077, 0.164822, 0.984430, 0.172832, -0.622633, 0.777147, -0.091487, 0.028392, -0.780127, -0.607351, 0.150090, 0.182473, 0.000000, 0.000000, 0.000000, 1.000000, -0.004065, 0.100938, -0.994884, 0.137255, -0.998441, -0.055802, -0.001582, -0.040023, -0.055676, 0.993327, 0.101008, -0.000610, 0.000000, 0.000000, 0.000000, 1.000000
-29.9800, -28.3894, 17.5648, 150.8397, 172.8360, 28.3892, 182.4767, 137.2542, -40.0228, -0.6084, 0.622634, -0.777151, 0.091455, -0.028389, 0.780113, 0.607322, -0.150280, 0.017565, 0.061248, 0.164914, 0.984404, 0.150840, 0.000000, 0.000000, 0.000000, 1.000000, 0.061081, 0.164787, 0.984436, 0.172836, -0.622634, 0.777151, -0.091456, 0.028389, -0.780126, -0.607357, 0.150071, 0.182477, 0.000000, 0.000000, 0.000000, 1.000000, -0.004065, 0.100938, -0.994884, 0.137254, -0.998441, -0.055802, -0.001582, -0.040023, -0.055676, 0.993327, 0.101008, -0.000608, 0.000000, 0.000000, 0.000000, 1.000000
-29.9752, -28.3821, 17.5574, 150.8482, 172.8445, 28.3818, 182.4841, 137.2533, -40.0226, -0.6042, 0.622635, -0.777158, 0.091387, -0.028382, 0.780111, 0.607334, -0.150238, 0.017557, 0.061256, 0.164836, 0.984417, 0.150848, 0.000000, 0.000000, 0.000000, 1.000000, 0.061090, 0.164708, 0.984449, 0.172845, -0.622635, 0.777157, -0.091389, 0.028382, -0.780124, -0.607369, 0.150029, 0.182484, 0.000000, 0.000000, 0.000000, 1.000000, -0.004065, 0.100938, -0.994884, 0.137253, -0.998441, -0.055802, -0.001582, -0.040023, -0.055676, 0.993327, 0.101008, -0.000604, 0.000000, 0.000000, 0.000000, 1.000000
-29.9697, -28.3735, 17.5492, 150.8581, 172.8544, 28.3732, 182.4924, 137.2522, -40.0224, -0.5993, 0.622636, -0.777166, 0.091310, -0.028374, 0.780110, 0.607349, -0.150188, 0.017549, 0.061264, 0.164744, 0.984432, 0.150858, 0.000000, 0.000000, 0.000000, 1.000000, 0.061098, 0.164617, 0.984463, 0.172854, -0.622636, 0.777166, -0.091312, 0.028373, -0.780123, -0.607384, 0.149980, 0.182492, 0.000000, 0.000000, 0.000000, 1.000000, -0.004065, 0.100938, -0.994884, 0.137252, -0.998441, -0.055802, -0.001582, -0.040022, -0.055676, 0.993327, 0.101008, -0.000599, 0.000000, 0.000000, 0.000000, 1.000000
-29.9601, -28.3584, 17.5352, 150.8759, 172.8722, 28.3581, 182.5065, 137.2501, -40.0221, -0.5907, 0.622638, -0.777180, 0.091174, -0.028358, 0.780107, 0.607374, -0.150099, 0.017535, 0.061278, 0.164583, 0.984458, 0.150876, 0.000000, 0.000000, 0.000000, 1.000000, 0.061112, 0.164456, 0.984490, 0.172872, -0.622638, 0.777180, -0.091175, 0.028358, -0.780120, -0.607409, 0.149891, 0.182506, 0.000000, 0.000000, 0.000000, 1.000000, -0.004065, 0.100938, -0.994884, 0.137250, -0.998441, -0.055802, -0.001582, -0.040022, -0.055676, 0.993327, 0.101008, -0.000591, 0.000000, 0.000000, 0.000000, 1.000000
-29.9565, -28.3527, 17.5301, 150.8826, 172.8790, 28.3524, 182.5116, 137.2493, -40.0220, -0.5874, 0.622639, -0.777186, 0.091123, -0.028353, 0.780106, 0.607384, -0.150065, 0.017530, 0.061282, 0.164522, 0.984468, 0.150883, 0.000000, 0.000000, 0.000000, 1.000000, 0.061117, 0.164395, 0.984499, 0.172879, -0.622639, 0.777185, -0.091125, 0.028352, -0.780119, -0.607418, 0.149858, 0.182512, 0.000000, 0.000000, 0.000000, 1.000000, -0.004065, 0.100938, -0.994884, 0.137249, -0.998441, -0.055802, -0.001582, -0.040022, -0.055676, 0.993327, 0.101008, -0.000587, 0.000000, 0.000000, 0.000000, 1.000000
-29.9487, -28.3405, 17.5192, 150.8972, 172.8935, 28.3402, 182.5225, 137.2475, -40.0219, -0.5804, 0.622640, -0.777197, 0.091013, -0.028340, 0.780104, 0.607404, -0.149992, 0.017519, 0.061292, 0.164391, 0.984489, 0.150897, 0.000000, 0.000000, 0.000000, 1.000000, 0.061126, 0.164265, 0.984521, 0.172894, -0.622640, 0.777197, -0.091015, 0.028340, -0.780117, -0.607439, 0.149785, 0.182522, 0.000000, 0.000000, 0.000000, 1.000000, -0.004065, 0.100938, -0.994884, 0.137248, -0.998441, -0.055802, -0.001582, -0.040022, -0.055676, 0.993327, 0.101008, -0.000580, 0.000000, 0.000000, 0.000000, 1.000000
-29.9446, -28.3339, 17.5134, 150.9050, 172.9014, 28.3336, 182.5283, 137.2466, -40.0218, -0.5767, 0.622641, -0.777204, 0.090955, -0.028334, 0.780103, 0.607415, -0.149953, 0.017513, 0.061297, 0.164321, 0.984501, 0.150905, 0.000000, 0.000000, 0.000000, 1.000000, 0.061131, 0.164194, 0.984532, 0.172901, -0.622641, 0.777203, -0.090956, 0.028334, -0.780116, -0.607450, 0.149746, 0.182528, 0.000000, 0.000000, 0.000000, 1.000000, -0.004065, 0.100938, -0.994884, 0.137247, -0.998441, -0.055802, -0.001582, -0.040022, -0.055676, 0.993327, 0.101008, -0.000577, 0.000000, 0.000000, 0.000000, 1.000000
-29.9402, -28.3270, 17.5074, 150.9133, 172.9097, 28.3267, 182.5343, 137.2456, -40.0218, -0.5727, 0.622642, -0.777210, 0.090893, -0.028327, 0.780102, 0.607427, -0.149911, 0.017507, 0.061302, 0.164247, 0.984513, 0.150913, 0.000000, 0.000000, 0.000000, 1.000000, 0.061137, 0.164120, 0.984544, 0.172910, -0.622642, 0.777210, -0.090895, 0.028327, -0.780115, -0.607461, 0.149704, 0.182534, 0.000000, 0.000000, 0.000000, 1.000000, -0.004065, 0.100938, -0.994884, 0.137246, -0.998441, -0.055802, -0.001582, -0.040022, -0.055676, 0.993327, 0.101008, -0.000573, 0.000000, 0.000000, 0.000000, 1.000000
-29.9259, -28.3042, 17.4880, 150.9407, 172.9371, 28.3040, 182.5538, 137.2422, -40.0216, -0.5597, 0.622644, -0.777232, 0.090691, -0.028304, 0.780099, 0.607465, -0.149773, 0.017488, 0.061317, 0.164003, 0.984552, 0.150941, 0.000000, 0.000000, 0.000000, 1.000000, 0.061153, 0.163877, 0.984583, 0.172937, -0.622644, 0.777232, -0.090692, 0.028304, -0.780112, -0.607499, 0.149567, 0.182554, 0.000000, 0.000000, 0.000000, 1.000000, -0.004065, 0.100938, -0.994884, 0.137242, -0.998441, -0.055802, -0.001582, -0.040022, -0.055676, 0.993327, 0.101008, -0.000560, 0.000000, 0.000000, 0.000000, 1.000000
-29.9153, -28.2874, 17.4738, 150.9610, 172.9574, 28.2872, 182.5680, 137.2397, -40.0216, -0.5501, 0.622646, -0.777248, 0.090541, -0.028287, 0.780097, 0.607493, -0.149671, 0.017474, 0.061328, 0.163823, 0.984582, 0.150961, 0.000000, 0.000000, 0.000000, 1.000000, 0.061164, 0.163697, 0.984613, 0.172957, -0.622646, 0.777248, -0.090543, 0.028287, -0.780110, -0.607527, 0.149465, 0.182568, 0.000000, 0.000000, 0.000000, 1.000000, -0.004065, 0.100938, -0.994884, 0.137240, -0.998441, -0.055802, -0.001582, -0.040022, -0.055676, 0.993327, 0.101008, -0.000550, 0.000000, 0.000000, 0.000000, 1.000000
-29.9097, -28.2785, 17.4663, 150.9718, 172.9682, 28.2783, 182.5755, 137.2384, -40.0216, -0.5450, 0.622646, -0.777257, 0.090462, -0.028279, 0.780096, 0.607507, -0.149617, 0.017466, 0.061334, 0.163728, 0.984597, 0.150972, 0.000000, 0.000000, 0.000000, 1.000000, 0.061170, 0.163602, 0.984628, 0.172968, -0.622646, 0.777257, -0.090464, 0.028278, -0.780109, -0.607542, 0.149411, 0.182576, 0.000000, 0.000000, 0.000000, 1.000000, -0.004065, 0.100938, -0.994884, 0.137238, -0.998441, -0.055802, -0.001582, -0.040022, -0.055676, 0.993327, 0.101008, -0.000545, 0.000000, 0.000000, 0.000000, 1.000000
-29.8979, -28.2597, 17.4507, 150.9948, 172.9912, 28.2595, 182.5912, 137.2355, -40.0215, -0.5342, 0.622648, -0.777275, 0.090295, -0.028260, 0.780094, 0.607539, -0.149501, 0.017451, 0.061346, 0.163526, 0.984630, 0.150995, 0.000000, 0.000000, 0.000000, 1.000000, 0.061182, 0.163400, 0.984661, 0.172991, -0.622648, 0.777275, -0.090297, 0.028259, -0.780107, -0.607573, 0.149296, 0.182591, 0.000000, 0.000000, 0.000000, 1.000000, -0.004065, 0.100938, -0.994884, 0.137236, -0.998441, -0.055802, -0.001582, -0.040022, -0.055676, 0.993327, 0.101008, -0.000534, 0.000000, 0.000000, 0.000000, 1.000000
-29.8917, -28.2498, 17.4425, 151.0068, 173.0032, 28.2496, 182.5994, 137.2340, -40.0215, -0.5285, 0.622649, -0.777284, 0.090208, -0.028250, 0.780093, 0.607555, -0.149440, 0.017442, 0.061352, 0.163419, 0.984647, 0.151007, 0.000000, 0.000000, 0.000000, 1.000000, 0.061188, 0.163294, 0.984678, 0.173003, -0.622649, 0.777284, -0.090209, 0.028250, -0.780105, -0.607589, 0.149235, 0.182599, 0.000000, 0.000000, 0.000000, 1.000000, -0.004065, 0.100938, -0.994884, 0.137234, -0.998441, -0.055802, -0.001582, -0.040022, -0.055676, 0.993327, 0.101008, -0.000528, 0.000000, 0.000000, 0.000000, 1.000000
-29.8787, -28.2290, 17.4253, 151.0323, 173.0287, 28.2287, 182.6166, 137.2309, -40.0215, -0.5165, 0.622650, -0.777304, 0.090023, -0.028229, 0.780090, 0.607589, -0.149312, 0.017425, 0.061364, 0.163196, 0.984684, 0.151032, 0.000000, 0.000000, 0.000000, 1.000000, 0.061200, 0.163070, 0.984714, 0.173029, -0.622651, 0.777304, -0.090025, 0.028229, -0.780103, -0.607623, 0.149107, 0.182617, 0.000000, 0.000000, 0.000000, 1.000000, -0.004065, 0.100938, -0.994884, 0.137231, -0.998441, -0.055802, -0.001582, -0.040022, -0.055676, 0.993327, 0.101008, -0.000517, 0.000000, 0.000000, 0.000000, 1.000000
-29.8718, -28.2181, 17.4164, 151.0456, 173.0420, 28.2179, 182.6256, 137.2292, -40.0215, -0.5103, 0.622651, -0.777315, 0.089927, -0.028218, 0.780089, 0.607607, -0.149245, 0.017416, 0.061370, 0.163079, 0.984702, 0.151046, 0.000000, 0.000000, 0.000000, 1.000000, 0.061207, 0.162954, 0.984733, 0.173042, -0.622651, 0.777315, -0.089929, 0.028218, -0.780102, -0.607641, 0.149040, 0.182626, 0.000000, 0.000000, 0.000000, 1.000000, -0.004065, 0.100938, -0.994884, 0.137229, -0.998441, -0.055802, -0.001582, -0.040022, -0.055676, 0.993327, 0.101008, -0.000510, 0.000000, 0.000000, 0.000000, 1.000000
-29.8576, -28.1955, 17.3979, 151.0734, 173.0698, 28.1952, 182.6441, 137.2257, -40.0215, -0.4973, 0.622653, -0.777337, 0.089726, -0.028195, 0.780087, 0.607645, -0.149106, 0.017398, 0.061384, 0.162835, 0.984742, 0.151073, 0.000000, 0.000000, 0.000000, 1.000000, 0.061220, 0.162710, 0.984773, 0.173070, -0.622653, 0.777336, -0.089728, 0.028195, -0.780099, -0.607679, 0.148901, 0.182644, 0.000000, 0.000000, 0.000000, 1.000000, -0.004065, 0.100938, -0.994884, 0.137226, -0.998441, -0.055802, -0.001582, -0.040022, -0.055676, 0.993327, 0.101008, -0.000497, 0.000000, 0.000000, 0.000000, 1.000000
-29.8502, -28.1837, 17.3883, 151.0879, 173.0843, 28.1834, 182.6537, 137.2239, -40.0216, -0.4905, 0.622654, -0.777348, 0.089622, -0.028184, 0.780085, 0.607664, -0.149033, 0.017388, 0.061390, 0.162708, 0.984763, 0.151088, 0.000000, 0.000000, 0.000000, 1.000000, 0.061227, 0.162583, 0.984793, 0.173084, -0.622654, 0.777348, -0.089623, 0.028183, -0.780098, -0.607698, 0.148828, 0.182654, 0.000000, 0.000000, 0.000000, 1.000000, -0.004065, 0.100938, -0.994884, 0.137224, -0.998441, -0.055802, -0.001582, -0.040022, -0.055676, 0.993327, 0.101008, -0.000490, 0.000000, 0.000000, 0.000000, 1.000000
-29.8349, -28.1592, 17.3684, 151.1181, 173.1145, 28.1589, 182.6737, 137.2201, -40.0216, -0.4764, 0.622656, -0.777372, 0.089404, -0.028159, 0.780083, 0.607705, -0.148881, 0.017368, 0.061404, 0.162444, 0.984805, 0.151118, 0.000000, 0.000000, 0.000000, 1.000000, 0.061241, 0.162320, 0.984836, 0.173114, -0.622656, 0.777371, -0.089406, 0.028159, -0.780096, -0.607738, 0.148677, 0.182674, 0.000000, 0.000000, 0.000000, 1.000000, -0.004065, 0.100938, -0.994884, 0.137220, -0.998441, -0.055802, -0.001582, -0.040022, -0.055676, 0.993327, 0.101008, -0.000476, 0.000000, 0.000000, 0.000000, 1.000000
-29.8269, -28.1465, 17.3581, 151.1337, 173.1302, 28.1462, 182.6840, 137.2181, -40.0216, -0.4691, 0.622657, -0.777384, 0.089292, -0.028146, 0.780082, 0.607726, -0.148802, 0.017358, 0.061411, 0.162308, 0.984827, 0.151134, 0.000000, 0.000000, 0.000000, 1.000000, 0.061249, 0.162183, 0.984858, 0.173130, -0.622657, 0.777384, -0.089294, 0.028146, -0.780094, -0.607759, 0.148598, 0.182684, 0.000000, 0.000000, 0.000000, 1.000000, -0.004065, 0.100938, -0.994884, 0.137218, -0.998441, -0.055802, -0.001582, -0.040022, -0.055676, 0.993327, 0.101008, -0.000469, 0.000000, 0.000000, 0.000000, 1.000000
-29.8105, -28.1202, 17.3368, 151.1661, 173.1626, 28.1199, 182.7053, 137.2140, -40.0217, -0.4540, 0.622659, -0.777409, 0.089059, -0.028120, 0.780079, 0.607769, -0.148639, 0.017337, 0.061426, 0.162025, 0.984873, 0.151166, 0.000000, 0.000000, 0.000000, 1.000000, 0.061264, 0.161900, 0.984904, 0.173163, -0.622659, 0.777409, -0.089061, 0.028120, -0.780092, -0.607803, 0.148435, 0.182705, 0.000000, 0.000000, 0.000000, 1.000000, -0.004065, 0.100938, -0.994884, 0.137214, -0.998441, -0.055802, -0.001582, -0.040022, -0.055676, 0.993327, 0.101008, -0.000454, 0.000000, 0.000000, 0.000000, 1.000000
-29.8020, -28.1066, 17.3259, 151.1829, 173.1794, 28.1064, 182.7163, 137.2119, -40.0217, -0.4462, 0.622659, -0.777422, 0.088939, -0.028107, 0.780078, 0.607791, -0.148555, 0.017326, 0.061434, 0.161878, 0.984897, 0.151183, 0.000000, 0.000000, 0.000000, 1.000000, 0.061271, 0.161754, 0.984927, 0.173179, -0.622660, 0.777422, -0.088941, 0.028106, -0.780090, -0.607825, 0.148351, 0.182716, 0.000000, 0.000000, 0.000000, 1.000000, -0.004065, 0.100938, -0.994884, 0.137212, -0.998441, -0.055802, -0.001582, -0.040022, -0.055676, 0.993327, 0.101008, -0.000446, 0.000000, 0.000000, 0.000000, 1.000000
-29.7845, -28.0787, 17.3034, 151.2174, 173.2139, 28.0785, 182.7389, 137.2076, -40.0218, -0.4301, 0.622661, -0.777449, 0.088692, -0.028079, 0.780075, 0.607837, -0.148382, 0.017303, 0.061449, 0.161578, 0.984945, 0.151217, 0.000000, 0.000000, 0.000000, 1.000000, 0.061287, 0.161454, 0.984975, 0.173214, -0.622661, 0.777448, -0.088693, 0.028078, -0.780088, -0.607871, 0.148179, 0.182739, 0.000000, 0.000000, 0.000000, 1.000000, -0.004065, 0.100938, -0.994884, 0.137208, -0.998441, -0.055802, -0.001582, -0.040022, -0.055676, 0.993327, 0.101008, -0.000430, 0.000000, 0.000000, 0.000000, 1.000000
-29.7571, -28.0350, 17.2682, 151.2716, 173.2681, 28.0348, 182.7742, 137.2007, -40.0219, -0.4050, 0.622664, -0.777491, 0.088304, -0.028035, 0.780071, 0.607909, -0.148110, 0.017268, 0.061473, 0.161106, 0.985021, 0.151272, 0.000000, 0.000000, 0.000000, 1.000000, 0.061312, 0.160983, 0.985051, 0.173268, -0.622664, 0.777490, -0.088306, 0.028035, -0.780083, -0.607942, 0.147907, 0.182774, 0.000000, 0.000000, 0.000000, 1.000000, -0.004065, 0.100938, -0.994884, 0.137201, -0.998441, -0.055802, -0.001582, -0.040022, -0.055676, 0.993327, 0.101008, -0.000405, 0.000000, 0.000000, 0.000000, 1.000000
-29.7382, -28.0048, 17.2439, 151.3090, 173.3055, 28.0046, 182.7985, 137.1960, -40.0220, -0.3876, 0.622666, -0.777519, 0.088036, -0.028005, 0.780068, 0.607958, -0.147922, 0.017244, 0.061490, 0.160780, 0.985073, 0.151309, 0.000000, 0.000000, 0.000000, 1.000000, 0.061329, 0.160657, 0.985103, 0.173306, -0.622666, 0.777519, -0.088038, 0.028005, -0.780080, -0.607991, 0.147720, 0.182799, 0.000000, 0.000000, 0.000000, 1.000000, -0.004065, 0.100938, -0.994884, 0.137196, -0.998441, -0.055802, -0.001582, -0.040022, -0.055676, 0.993327, 0.101008, -0.000388, 0.000000, 0.000000, 0.000000, 1.000000
-29.7285, -27.9895, 17.2315, 151.3281, 173.3246, 27.9892, 182.8109, 137.1935, -40.0220, -0.3788, 0.622667, -0.777534, 0.087900, -0.027989, 0.780066, 0.607984, -0.147826, 0.017231, 0.061498, 0.160615, 0.985099, 0.151328, 0.000000, 0.000000, 0.000000, 1.000000, 0.061337, 0.160491, 0.985130, 0.173325, -0.622667, 0.777534, -0.087902, 0.027989, -0.780079, -0.608016, 0.147624, 0.182811, 0.000000, 0.000000, 0.000000, 1.000000, -0.004065, 0.100938, -0.994884, 0.137194, -0.998441, -0.055802, -0.001582, -0.040022, -0.055676, 0.993327, 0.101008, -0.000379, 0.000000, 0.000000, 0.000000, 1.000000
-29.7089, -27.9582, 17.2063, 151.3670, 173.3635, 27.9580, 182.8361, 137.1886, -40.0221, -0.3608, 0.622669, -0.777564, 0.087623, -0.027958, 0.780063, 0.608035, -0.147632, 0.017206, 0.061515, 0.160277, 0.985153, 0.151367, 0.000000, 0.000000, 0.000000, 1.000000, 0.061355, 0.160154, 0.985183, 0.173364, -0.622669, 0.777563, -0.087624, 0.027958, -0.780076, -0.608067, 0.147430, 0.182836, 0.000000, 0.000000, 0.000000, 1.000000, -0.004065, 0.100938, -0.994884, 0.137189, -0.998441, -0.055802, -0.001582, -0.040022, -0.055676, 0.993327, 0.101008, -0.000361, 0.000000, 0.000000, 0.000000, 1.000000
-29.6990, -27.9424, 17.1936, 151.3867, 173.3833, 27.9421, 182.8489, 137.1861, -40.0221, -0.3516, 0.622670, -0.777579, 0.087482, -0.027942, 0.780062, 0.608061, -0.147533, 0.017194, 0.061524, 0.160106, 0.985181, 0.151387, 0.000000, 0.000000, 0.000000, 1.000000, 0.061364, 0.159983, 0.985211, 0.173383, -0.622670, 0.777578, -0.087483, 0.027942, -0.780074, -0.608093, 0.147331, 0.182849, 0.000000, 0.000000, 0.000000, 1.000000, -0.004065, 0.100938, -0.994884, 0.137186, -0.998441, -0.055802, -0.001582, -0.040022, -0.055676, 0.993327, 0.101008, -0.000352, 0.000000, 0.000000, 0.000000, 1.000000
-29.6788, -27.9102, 17.1677, 151.4268, 173.4234, 27.9100, 182.8749, 137.1810, -40.0222, -0.3331, 0.622672, -0.777609, 0.087196, -0.027910, 0.780059, 0.608113, -0.147332, 0.017168, 0.061542, 0.159758, 0.985236, 0.151427, 0.000000, 0.000000, 0.000000, 1.000000, 0.061382, 0.159635, 0.985266, 0.173423, -0.622673, 0.777609, -0.087198, 0.027910, -0.780071, -0.608146, 0.147131, 0.182875, 0.000000, 0.000000, 0.000000, 1.000000, -0.004065, 0.100938, -0.994884, 0.137181, -0.998441, -0.055802, -0.001582, -0.040022, -0.055676, 0.993327, 0.101008, -0.000333, 0.000000, 0.000000, 0.000000, 1.000000
-29.6583, -27.8775, 17.1414, 151.4676, 173.4641, 27.8773, 182.9013, 137.1759, -40.0223, -0.3142, 0.622674, -0.777640, 0.086905, -0.027878, 0.780056, 0.608166, -0.147128, 0.017141, 0.061560, 0.159404, 0.985292, 0.151468, 0.000000, 0.000000, 0.000000, 1.000000, 0.061400, 0.159282, 0.985322, 0.173464, -0.622675, 0.777640, -0.086907, 0.027877, -0.780068, -0.608199, 0.146928, 0.182901, 0.000000, 0.000000, 0.000000, 1.000000, -0.004065, 0.100938, -0.994884, 0.137176, -0.998441, -0.055802, -0.001582, -0.040022, -0.055676, 0.993327, 0.101008, -0.000314, 0.000000, 0.000000, 0.000000, 1.000000
-29.6479, -27.8610, 17.1281, 151.4882, 173.4847, 27.8608, 182.9146, 137.1733, -40.0224, -0.3047, 0.622676, -0.777656, 0.086759, -0.027861, 0.780054, 0.608193, -0.147025, 0.017128, 0.061569, 0.159226, 0.985320, 0.151488, 0.000000, 0.000000, 0.000000, 1.000000, 0.061409, 0.159103, 0.985350, 0.173485, -0.622676, 0.777655, -0.086760, 0.027861, -0.780067, -0.608226, 0.146825, 0.182915, 0.000000, 0.000000, 0.000000, 1.000000, -0.004065, 0.100938, -0.994884, 0.137173, -0.998441, -0.055802, -0.001582, -0.040022, -0.055676, 0.993327, 0.101008, -0.000305, 0.000000, 0.000000, 0.000000, 1.000000
-29.6270, -27.8278, 17.1012, 151.5298, 173.5264, 27.8275, 182.9415, 137.1680, -40.0224, -0.2855, 0.622678, -0.777687, 0.086462, -0.027828, 0.780051, 0.608247, -0.146818, 0.017101, 0.061588, 0.158865, 0.985378, 0.151530, 0.000000, 0.000000, 0.000000, 1.000000, 0.061428, 0.158743, 0.985407, 0.173526, -0.622678, 0.777687, -0.086464, 0.027828, -0.780063, -0.608280, 0.146618, 0.182941, 0.000000, 0.000000, 0.000000, 1.000000, -0.004065, 0.100938, -0.994884, 0.137168, -0.998441, -0.055802, -0.001582, -0.040022, -0.055676, 0.993327, 0.101008, -0.000286, 0.000000, 0.000000, 0.000000, 1.000000
-29.6164, -27.8110, 17.0877, 151.5507, 173.5473, 27.8107, 182.9550, 137.1653, -40.0225, -0.2758, 0.622679, -0.777703, 0.086313, -0.027811, 0.780049, 0.608275, -0.146713, 0.017088, 0.061597, 0.158683, 0.985406, 0.151551, 0.000000, 0.000000, 0.000000, 1.000000, 0.061438, 0.158561, 0.985436, 0.173547, -0.622679, 0.777702, -0.086315, 0.027811, -0.780062, -0.608307, 0.146513, 0.182955, 0.000000, 0.000000, 0.000000, 1.000000, -0.004065, 0.100938, -0.994884, 0.137165, -0.998441, -0.055802, -0.001582, -0.040022, -0.055676, 0.993327, 0.101008, -0.000276, 0.000000, 0.000000, 0.000000, 1.000000
-29.5952, -27.7773, 17.0605, 151.5930, 173.5896, 27.7770, 182.9823, 137.1600, -40.0226, -0.2564, 0.622681, -0.777734, 0.086012, -0.027777, 0.780046, 0.608330, -0.146502, 0.017060, 0.061616, 0.158318, 0.985464, 0.151593, 0.000000, 0.000000, 0.000000, 1.000000, 0.061457, 0.158196, 0.985493, 0.173590, -0.622681, 0.777734, -0.086014, 0.027777, -0.780059, -0.608362, 0.146303, 0.182982, 0.000000, 0.000000, 0.000000, 1.000000, -0.004065, 0.100938, -0.994884, 0.137160, -0.998441, -0.055802, -0.001582, -0.040023, -0.055676, 0.993327, 0.101008, -0.000256, 0.000000, 0.000000, 0.000000, 1.000000
-29.5846, -27.7603, 17.0468, 151.6142, 173.6108, 27.7601, 182.9961, 137.1573, -40.0226, -0.2466, 0.622682, -0.777750, 0.085861, -0.027760, 0.780045, 0.608357, -0.146396, 0.017047, 0.061625, 0.158134, 0.985493, 0.151614, 0.000000, 0.000000, 0.000000, 1.000000, 0.061467, 0.158012, 0.985522, 0.173611, -0.622682, 0.777750, -0.085863, 0.027760, -0.780057, -0.608389, 0.146197, 0.182996, 0.000000, 0.000000, 0.000000, 1.000000, -0.004065, 0.100938, -0.994884, 0.137157, -0.998441, -0.055802, -0.001582, -0.040023, -0.055676, 0.993327, 0.101008, -0.000247, 0.000000, 0.000000, 0.000000, 1.000000
-29.5632, -27.7263, 17.0193, 151.6568, 173.6534, 27.7261, 183.0236, 137.1519, -40.0227, -0.2269, 0.622684, -0.777782, 0.085558, -0.027726, 0.780042, 0.608412, -0.146184, 0.017019, 0.061645, 0.157765, 0.985551, 0.151657, 0.000000, 0.000000, 0.000000, 1.000000, 0.061486, 0.157644, 0.985580, 0.173653, -0.622684, 0.777782, -0.085560, 0.027726, -0.780054, -0.608444, 0.145985, 0.183024, 0.000000, 0.000000, 0.000000, 1.000000, -0.004065, 0.100938, -0.994884, 0.137152, -0.998441, -0.055802, -0.001582, -0.040023, -0.055676, 0.993327, 0.101008, -0.000227, 0.000000, 0.000000, 0.000000, 1.000000
-29.5525, -27.7093, 17.0055, 151.6781, 173.6747, 27.7090, 183.0374, 137.1491, -40.0227, -0.2171, 0.622685, -0.777798, 0.085406, -0.027709, 0.780040, 0.608440, -0.146078, 0.017006, 0.061654, 0.157581, 0.985580, 0.151678, 0.000000, 0.000000, 0.000000, 1.000000, 0.061496, 0.157459, 0.985609, 0.173675, -0.622685, 0.777797, -0.085408, 0.027709, -0.780052, -0.608472, 0.145879, 0.183037, 0.000000, 0.000000, 0.000000, 1.000000, -0.004065, 0.100938, -0.994884, 0.137149, -0.998441, -0.055802, -0.001582, -0.040023, -0.055676, 0.993327, 0.101008, -0.000217, 0.000000, 0.000000, 0.000000, 1.000000
-29.5310, -27.6753, 16.9780, 151.7208, 173.7174, 27.6750, 183.0650, 137.1437, -40.0228, -0.1975, 0.622687, -0.777829, 0.085103, -0.027675, 0.780037, 0.608495, -0.145865, 0.016978, 0.061674, 0.157212, 0.985637, 0.151721, 0.000000, 0.000000, 0.000000, 1.000000, 0.061516, 0.157091, 0.985666, 0.173717, -0.622687, 0.777829, -0.085104, 0.027675, -0.780049, -0.608527, 0.145667, 0.183065, 0.000000, 0.000000, 0.000000, 1.000000, -0.004065, 0.100938, -0.994884, 0.137144, -0.998441, -0.055802, -0.001582, -0.040023, -0.055676, 0.993327, 0.101008, -0.000197, 0.000000, 0.000000, 0.000000, 1.000000
-29.5096, -27.6413, 16.9504, 151.7634, 173.7601, 27.6411, 183.0926, 137.1383, -40.0228, -0.1778, 0.622689, -0.777861, 0.084799, -0.027641, 0.780034, 0.608550, -0.145653, 0.016950, 0.061693, 0.156842, 0.985695, 0.151763, 0.000000, 0.000000, 0.000000, 1.000000, 0.061536, 0.156722, 0.985724, 0.173760, -0.622689, 0.777861, -0.084801, 0.027641, -0.780046, -0.608581, 0.145455, 0.183093, 0.000000, 0.000000, 0.000000, 1.000000, -0.004065, 0.100938, -0.994884, 0.137138, -0.998441, -0.055802, -0.001582, -0.040023, -0.055676, 0.993327, 0.101008, -0.000178, 0.000000, 0.000000, 0.000000, 1.000000
-29.4989, -27.6244, 16.9367, 151.7847, 173.7814, 27.6241, 183.1064, 137.1356, -40.0229, -0.1680, 0.622690, -0.777877, 0.084648, -0.027624, 0.780032, 0.608577, -0.145546, 0.016937, 0.061703, 0.156658, 0.985724, 0.151785, 0.000000, 0.000000, 0.000000, 1.000000, 0.061545, 0.156538, 0.985753, 0.173781, -0.622690, 0.777876, -0.084649, 0.027624, -0.780044, -0.608609, 0.145349, 0.183106, 0.000000, 0.000000, 0.000000, 1.000000, -0.004065, 0.100938, -0.994884, 0.137136, -0.998441, -0.055802, -0.001582, -0.040023, -0.055676, 0.993327, 0.101008, -0.000168, 0.000000, 0.000000, 0.000000, 1.000000
-29.4776, -27.5905, 16.9092, 151.8273, 173.8239, 27.5903, 183.1339, 137.1302, -40.0229, -0.1485, 0.622692, -0.777908, 0.084345, -0.027591, 0.780029, 0.608632, -0.145335, 0.016909, 0.061722, 0.156290, 0.985781, 0.151827, 0.000000, 0.000000, 0.000000, 1.000000, 0.061565, 0.156170, 0.985810, 0.173824, -0.622692, 0.777907, -0.084347, 0.027590, -0.780041, -0.608663, 0.145138, 0.183134, 0.000000, 0.000000, 0.000000, 1.000000, -0.004065, 0.100938, -0.994884, 0.137130, -0.998441, -0.055802, -0.001582, -0.040023, -0.055676, 0.993327, 0.101008, -0.000148, 0.000000, 0.000000, 0.000000, 1.000000
-29.4670, -27.5737, 16.8955, 151.8484, 173.8451, 27.5734, 183.1476, 137.1275, -40.0230, -0.1387, 0.622693, -0.777923, 0.084194, -0.027574, 0.780027, 0.608659, -0.145230, 0.016896, 0.061732, 0.156107, 0.985809, 0.151848, 0.000000, 0.000000, 0.000000, 1.000000, 0.061575, 0.155987, 0.985838, 0.173845, -0.622693, 0.777923, -0.084196, 0.027573, -0.780039, -0.608690, 0.145033, 0.183148, 0.000000, 0.000000, 0.000000, 1.000000, -0.004065, 0.100938, -0.994884, 0.137127, -0.998441, -0.055802, -0.001582, -0.040023, -0.055676, 0.993327, 0.101008, -0.000139, 0.000000, 0.000000, 0.000000, 1.000000
-29.4670, -27.5737, 16.8955, 151.8484, 173.8451, 27.5734, 183.1476, 137.1275, -40.0230, -0.1387, 0.622693, -0.777923, 0.084194, -0.027574, 0.780027, 0.608659, -0.145230, 0.016896, 0.061732, 0.156107, 0.985809, 0.151848, 0.000000, 0.000000, 0.000000, 1.000000, 0.061575, 0.155987, 0.985838, 0.173845, -0.622693, 0.777923, -0.084196, 0.027573, -0.780039, -0.608690, 0.145033, 0.183148, 0.000000, 0.000000, 0.000000, 1.000000, -0.004065, 0.100938, -0.994884, 0.137127, -0.998441, -0.055802, -0.001582, -0.040023, -0.055676, 0.993327, 0.101008, -0.000139, 0.000000, 0.000000, 0.000000, 1.000000
-29.4248, -27.5069, 16.8412, 151.9325, 173.9292, 27.5067, 183.2021, 137.1168, -40.0231, -0.1001, 0.622697, -0.777984, 0.083596, -0.027507, 0.780021, 0.608767, -0.144812, 0.016841, 0.061771, 0.155381, 0.985922, 0.151932, 0.000000, 0.000000, 0.000000, 1.000000, 0.061615, 0.155261, 0.985950, 0.173929, -0.622697, 0.777984, -0.083598, 0.027507, -0.780033, -0.608798, 0.144616, 0.183202, 0.000000, 0.000000, 0.000000, 1.000000, -0.004065, 0.100938, -0.994884, 0.137117, -0.998441, -0.055802, -0.001582, -0.040023, -0.055676, 0.993327, 0.101008, -0.000100, 0.000000, 0.000000, 0.000000, 1.000000
