# Joint_6_Angle(deg), Cam_X(mm), Cam_Y(mm), Cam_Z(mm), Torso_X(mm), Torso_Y(mm), Torso_Z(mm), EE_X(mm), EE_Y(mm), EE_Z(mm), T_cam2marker_flat(16), T_torso2marker_flat(16), T_ee2marker_flat(16)
-29.9962, 40.3968, 50.7422, 213.2837, 235.2727, -40.3971, 149.2854, 136.0102, -51.0475, -8.9422, 0.189369, -0.944235, -0.269368, 0.040397, 0.975249, 0.148978, 0.163389, 0.050742, -0.114148, -0.293642, 0.949076, 0.213284, 0.000000, 0.000000, 0.000000, 1.000000, -0.114358, -0.293672, 0.949041, 0.235273, -0.189369, 0.944236, 0.269366, -0.040397, -0.975224, -0.148915, -0.163593, 0.149285, 0.000000, 0.000000, 0.000000, 1.000000, 0.066305, 0.032808, -0.997260, 0.136010, -0.995828, -0.060623, -0.068204, -0.051047, -0.062695, 0.997621, 0.028652, -0.008942, 0.000000, 0.000000, 0.000000, 1.000000
-29.9965, 40.3973, 50.7459, 213.2848, 235.2738, -40.3977, 149.2817, 136.0097, -51.0479, -8.9427, 0.189363, -0.944237, -0.269368, 0.040397, 0.975248, 0.148969, 0.163398, 0.050746, -0.114159, -0.293642, 0.949074, 0.213285, 0.000000, 0.000000, 0.000000, 1.000000, -0.114369, -0.293673, 0.949040, 0.235274, -0.189363, 0.944237, 0.269366, -0.040398, -0.975224, -0.148906, -0.163602, 0.149282, 0.000000, 0.000000, 0.000000, 1.000000, 0.066305, 0.032808, -0.997260, 0.136010, -0.995828, -0.060623, -0.068205, -0.051048, -0.062695, 0.997621, 0.028651, -0.008943, 0.000000, 0.000000, 0.000000, 1.000000
-29.9966, 40.3976, 50.7475, 213.2853, 235.2743, -40.3979, 149.2801, 136.0095, -51.0481, -8.9429, 0.189360, -0.944237, -0.269368, 0.040398, 0.975248, 0.148965, 0.163401, 0.050748, -0.114163, -0.293642, 0.949074, 0.213285, 0.000000, 0.000000, 0.000000, 1.000000, -0.114373, -0.293673, 0.949039, 0.235274, -0.189360, 0.944238, 0.269366, -0.040398, -0.975224, -0.148901, -0.163606, 0.149280, 0.000000, 0.000000, 0.000000, 1.000000, 0.066305, 0.032808, -0.997260, 0.136010, -0.995828, -0.060623, -0.068205, -0.051048, -0.062695, 0.997621, 0.028651, -0.008943, 0.000000, 0.000000, 0.000000, 1.000000
-29.9969, 40.3980, 50.7504, 213.2862, 235.2752, -40.3983, 149.2772, 136.0092, -51.0484, -8.9434, 0.189354, -0.944238, -0.269368, 0.040398, 0.975249, 0.148957, 0.163408, 0.050750, -0.114172, -0.293643, 0.949073, 0.213286, 0.000000, 0.000000, 0.000000, 1.000000, -0.114382, -0.293673, 0.949038, 0.235275, -0.189354, 0.944239, 0.269366, -0.040398, -0.975224, -0.148894, -0.163612, 0.149277, 0.000000, 0.000000, 0.000000, 1.000000, 0.066305, 0.032807, -0.997260, 0.136009, -0.995828, -0.060623, -0.068205, -0.051048, -0.062695, 0.997621, 0.028651, -0.008943, 0.000000, 0.000000, 0.000000, 1.000000
-29.9970, 40.3982, 50.7517, 213.2865, 235.2755, -40.3985, 149.2759, 136.0090, -51.0485, -8.9436, 0.189352, -0.944239, -0.269368, 0.040398, 0.975249, 0.148953, 0.163411, 0.050752, -0.114176, -0.293643, 0.949072, 0.213287, 0.000000, 0.000000, 0.000000, 1.000000, -0.114385, -0.293673, 0.949037, 0.235276, -0.189351, 0.944239, 0.269366, -0.040399, -0.975224, -0.148890, -0.163615, 0.149276, 0.000000, 0.000000, 0.000000, 1.000000, 0.066305, 0.032807, -0.997260, 0.136009, -0.995828, -0.060623, -0.068205, -0.051048, -0.062695, 0.997621, 0.028651, -0.008944, 0.000000, 0.000000, 0.000000, 1.000000
-29.9973, 40.3985, 50.7538, 213.2871, 235.2761, -40.3988, 149.2738, 136.0088, -51.0487, -8.9439, 0.189347, -0.944240, -0.269368, 0.040398, 0.975249, 0.148947, 0.163415, 0.050754, -0.114182, -0.293643, 0.949071, 0.213287, 0.000000, 0.000000, 0.000000, 1.000000, -0.114391, -0.293673, 0.949037, 0.235276, -0.189346, 0.944240, 0.269366, -0.040399, -0.975224, -0.148883, -0.163619, 0.149274, 0.000000, 0.000000, 0.000000, 1.000000, 0.066306, 0.032807, -0.997260, 0.136009, -0.995828, -0.060623, -0.068205, -0.051049, -0.062695, 0.997621, 0.028650, -0.008944, 0.000000, 0.000000, 0.000000, 1.000000
-29.9975, 40.3987, 50.7554, 213.2875, 235.2765, -40.3991, 149.2723, 136.0087, -51.0488, -8.9443, 0.189342, -0.944241, -0.269368, 0.040399, 0.975249, 0.148941, 0.163418, 0.050755, -0.114186, -0.293643, 0.949071, 0.213287, 0.000000, 0.000000, 0.000000, 1.000000, -0.114396, -0.293673, 0.949036, 0.235277, -0.189342, 0.944241, 0.269366, -0.040399, -0.975225, -0.148878, -0.163622, 0.149272, 0.000000, 0.000000, 0.000000, 1.000000, 0.066306, 0.032807, -0.997260, 0.136009, -0.995828, -0.060623, -0.068205, -0.051049, -0.062695, 0.997621, 0.028650, -0.008944, 0.000000, 0.000000, 0.000000, 1.000000
-29.9976, 40.3988, 50.7560, 213.2876, 235.2767, -40.3992, 149.2717, 136.0086, -51.0489, -8.9444, 0.189341, -0.944241, -0.269368, 0.040399, 0.975249, 0.148939, 0.163419, 0.050756, -0.114188, -0.293643, 0.949071, 0.213288, 0.000000, 0.000000, 0.000000, 1.000000, -0.114397, -0.293673, 0.949036, 0.235277, -0.189340, 0.944241, 0.269367, -0.040399, -0.975225, -0.148876, -0.163623, 0.149272, 0.000000, 0.000000, 0.000000, 1.000000, 0.066306, 0.032807, -0.997260, 0.136009, -0.995828, -0.060623, -0.068205, -0.051049, -0.062695, 0.997621, 0.028650, -0.008944, 0.000000, 0.000000, 0.000000, 1.000000
-29.9977, 40.3989, 50.7566, 213.2878, 235.2769, -40.3993, 149.2711, 136.0085, -51.0489, -8.9445, 0.189339, -0.944241, -0.269368, 0.040399, 0.975249, 0.148937, 0.163420, 0.050757, -0.114189, -0.293643, 0.949070, 0.213288, 0.000000, 0.000000, 0.000000, 1.000000, -0.114399, -0.293673, 0.949036, 0.235277, -0.189339, 0.944242, 0.269367, -0.040399, -0.975225, -0.148874, -0.163624, 0.149271, 0.000000, 0.000000, 0.000000, 1.000000, 0.066306, 0.032806, -0.997260, 0.136009, -0.995828, -0.060623, -0.068205, -0.051049, -0.062695, 0.997621, 0.028650, -0.008944, 0.000000, 0.000000, 0.000000, 1.000000
-29.9976, 40.3989, 50.7564, 213.2879, 235.2769, -40.3992, 149.2713, 136.0085, -51.0489, -8.9444, 0.189340, -0.944241, -0.269368, 0.040399, 0.975249, 0.148938, 0.163421, 0.050756, -0.114189, -0.293643, 0.949070, 0.213288, 0.000000, 0.000000, 0.000000, 1.000000, -0.114398, -0.293674, 0.949036, 0.235277, -0.189340, 0.944241, 0.269367, -0.040399, -0.975225, -0.148875, -0.163624, 0.149271, 0.000000, 0.000000, 0.000000, 1.000000, 0.066306, 0.032807, -0.997260, 0.136009, -0.995828, -0.060623, -0.068205, -0.051049, -0.062695, 0.997621, 0.028650, -0.008944, 0.000000, 0.000000, 0.000000, 1.000000
-29.9974, 40.3988, 50.7560, 213.2879, 235.2770, -40.3991, 149.2718, 136.0085, -51.0489, -8.9442, 0.189343, -0.944240, -0.269368, 0.040399, 0.975249, 0.148941, 0.163420, 0.050756, -0.114188, -0.293644, 0.949070, 0.213288, 0.000000, 0.000000, 0.000000, 1.000000, -0.114397, -0.293674, 0.949036, 0.235277, -0.189343, 0.944241, 0.269367, -0.040399, -0.975224, -0.148878, -0.163624, 0.149272, 0.000000, 0.000000, 0.000000, 1.000000, 0.066306, 0.032807, -0.997260, 0.136009, -0.995828, -0.060623, -0.068205, -0.051049, -0.062695, 0.997621, 0.028650, -0.008944, 0.000000, 0.000000, 0.000000, 1.000000
-29.9972, 40.3987, 50.7553, 213.2879, 235.2770, -40.3990, 149.2725, 136.0085, -51.0489, -8.9440, 0.189346, -0.944240, -0.269369, 0.040399, 0.975248, 0.148945, 0.163420, 0.050755, -0.114186, -0.293644, 0.949070, 0.213288, 0.000000, 0.000000, 0.000000, 1.000000, -0.114395, -0.293674, 0.949036, 0.235277, -0.189346, 0.944240, 0.269367, -0.040399, -0.975224, -0.148882, -0.163623, 0.149273, 0.000000, 0.000000, 0.000000, 1.000000, 0.066305, 0.032807, -0.997260, 0.136009, -0.995828, -0.060623, -0.068205, -0.051049, -0.062695, 0.997621, 0.028650, -0.008944, 0.000000, 0.000000, 0.000000, 1.000000
-29.9953, 40.3976, 50.7495, 213.2879, 235.2769, -40.3980, 149.2783, 136.0085, -51.0488, -8.9419, 0.189378, -0.944233, -0.269369, 0.040398, 0.975244, 0.148979, 0.163415, 0.050750, -0.114172, -0.293648, 0.949071, 0.213288, 0.000000, 0.000000, 0.000000, 1.000000, -0.114381, -0.293678, 0.949037, 0.235277, -0.189378, 0.944234, 0.269367, -0.040398, -0.975220, -0.148916, -0.163618, 0.149278, 0.000000, 0.000000, 0.000000, 1.000000, 0.066305, 0.032809, -0.997260, 0.136009, -0.995828, -0.060623, -0.068204, -0.051049, -0.062695, 0.997621, 0.028653, -0.008942, 0.000000, 0.000000, 0.000000, 1.000000
-29.9946, 40.3972, 50.7473, 213.2879, 235.2769, -40.3976, 149.2806, 136.0085, -51.0487, -8.9411, 0.189391, -0.944231, -0.269369, 0.040397, 0.975242, 0.148993, 0.163414, 0.050747, -0.114166, -0.293649, 0.949071, 0.213288, 0.000000, 0.000000, 0.000000, 1.000000, -0.114375, -0.293679, 0.949037, 0.235277, -0.189391, 0.944231, 0.269367, -0.040398, -0.975218, -0.148930, -0.163616, 0.149281, 0.000000, 0.000000, 0.000000, 1.000000, 0.066304, 0.032810, -0.997260, 0.136008, -0.995828, -0.060623, -0.068203, -0.051049, -0.062695, 0.997621, 0.028654, -0.008941, 0.000000, 0.000000, 0.000000, 1.000000
-29.9937, 40.3968, 50.7446, 213.2879, 235.2770, -40.3971, 149.2833, 136.0084, -51.0487, -8.9401, 0.189406, -0.944228, -0.269369, 0.040397, 0.975240, 0.149009, 0.163412, 0.050745, -0.114160, -0.293651, 0.949072, 0.213288, 0.000000, 0.000000, 0.000000, 1.000000, -0.114368, -0.293681, 0.949037, 0.235277, -0.189406, 0.944228, 0.269367, -0.040397, -0.975216, -0.148946, -0.163615, 0.149283, 0.000000, 0.000000, 0.000000, 1.000000, 0.066304, 0.032811, -0.997260, 0.136008, -0.995828, -0.060623, -0.068203, -0.051049, -0.062695, 0.997621, 0.028655, -0.008940, 0.000000, 0.000000, 0.000000, 1.000000
-29.9914, 40.3956, 50.7382, 213.2880, 235.2771, -40.3959, 149.2898, 136.0083, -51.0486, -8.9377, 0.189444, -0.944220, -0.269369, 0.040396, 0.975234, 0.149050, 0.163408, 0.050738, -0.114144, -0.293655, 0.949072, 0.213288, 0.000000, 0.000000, 0.000000, 1.000000, -0.114352, -0.293685, 0.949038, 0.235277, -0.189444, 0.944220, 0.269368, -0.040396, -0.975210, -0.148987, -0.163611, 0.149290, 0.000000, 0.000000, 0.000000, 1.000000, 0.066302, 0.032814, -0.997260, 0.136008, -0.995828, -0.060623, -0.068202, -0.051049, -0.062695, 0.997621, 0.028657, -0.008938, 0.000000, 0.000000, 0.000000, 1.000000
-29.9884, 40.3941, 50.7300, 213.2882, 235.2773, -40.3944, 149.2981, 136.0081, -51.0485, -8.9345, 0.189495, -0.944210, -0.269369, 0.040394, 0.975227, 0.149103, 0.163404, 0.050730, -0.114124, -0.293660, 0.949073, 0.213288, 0.000000, 0.000000, 0.000000, 1.000000, -0.114332, -0.293691, 0.949038, 0.235277, -0.189494, 0.944210, 0.269368, -0.040394, -0.975203, -0.149040, -0.163606, 0.149298, 0.000000, 0.000000, 0.000000, 1.000000, 0.066301, 0.032817, -0.997260, 0.136008, -0.995828, -0.060623, -0.068201, -0.051049, -0.062695, 0.997621, 0.028661, -0.008934, 0.000000, 0.000000, 0.000000, 1.000000
-29.9866, 40.3932, 50.7252, 213.2884, 235.2775, -40.3935, 149.3029, 136.0080, -51.0485, -8.9326, 0.189524, -0.944204, -0.269370, 0.040393, 0.975222, 0.149134, 0.163402, 0.050725, -0.114113, -0.293664, 0.949073, 0.213288, 0.000000, 0.000000, 0.000000, 1.000000, -0.114320, -0.293694, 0.949039, 0.235277, -0.189524, 0.944204, 0.269368, -0.040394, -0.975198, -0.149071, -0.163604, 0.149303, 0.000000, 0.000000, 0.000000, 1.000000, 0.066300, 0.032819, -0.997260, 0.136008, -0.995828, -0.060623, -0.068200, -0.051049, -0.062695, 0.997621, 0.028663, -0.008933, 0.000000, 0.000000, 0.000000, 1.000000
-29.9824, 40.3912, 50.7141, 213.2888, 235.2780, -40.3915, 149.3140, 136.0076, -51.0485, -8.9282, 0.189594, -0.944190, -0.269370, 0.040391, 0.975212, 0.149207, 0.163397, 0.050714, -0.114086, -0.293672, 0.949074, 0.213289, 0.000000, 0.000000, 0.000000, 1.000000, -0.114294, -0.293702, 0.949040, 0.235278, -0.189594, 0.944190, 0.269368, -0.040392, -0.975188, -0.149145, -0.163599, 0.149314, 0.000000, 0.000000, 0.000000, 1.000000, 0.066298, 0.032824, -0.997260, 0.136008, -0.995828, -0.060623, -0.068198, -0.051048, -0.062695, 0.997621, 0.028668, -0.008928, 0.000000, 0.000000, 0.000000, 1.000000
-29.9774, 40.3887, 50.7011, 213.2895, 235.2786, -40.3891, 149.3271, 136.0071, -51.0485, -8.9228, 0.189678, -0.944173, -0.269370, 0.040389, 0.975199, 0.149296, 0.163393, 0.050701, -0.114055, -0.293681, 0.949075, 0.213289, 0.000000, 0.000000, 0.000000, 1.000000, -0.114262, -0.293711, 0.949040, 0.235279, -0.189678, 0.944173, 0.269368, -0.040389, -0.975175, -0.149233, -0.163594, 0.149327, 0.000000, 0.000000, 0.000000, 1.000000, 0.066295, 0.032830, -0.997260, 0.136007, -0.995828, -0.060623, -0.068196, -0.051048, -0.062696, 0.997621, 0.028674, -0.008923, 0.000000, 0.000000, 0.000000, 1.000000
-29.9745, 40.3874, 50.6938, 213.2899, 235.2791, -40.3877, 149.3344, 136.0069, -51.0485, -8.9198, 0.189726, -0.944163, -0.269370, 0.040387, 0.975192, 0.149346, 0.163390, 0.050694, -0.114038, -0.293687, 0.949075, 0.213290, 0.000000, 0.000000, 0.000000, 1.000000, -0.114245, -0.293717, 0.949041, 0.235279, -0.189725, 0.944164, 0.269368, -0.040388, -0.975168, -0.149283, -0.163592, 0.149334, 0.000000, 0.000000, 0.000000, 1.000000, 0.066294, 0.032833, -0.997260, 0.136007, -0.995829, -0.060623, -0.068194, -0.051048, -0.062696, 0.997621, 0.028678, -0.008920, 0.000000, 0.000000, 0.000000, 1.000000
-29.9681, 40.3843, 50.6776, 213.2909, 235.2801, -40.3847, 149.3507, 136.0062, -51.0485, -8.9130, 0.189833, -0.944142, -0.269370, 0.040384, 0.975176, 0.149458, 0.163385, 0.050678, -0.114000, -0.293699, 0.949076, 0.213291, 0.000000, 0.000000, 0.000000, 1.000000, -0.114206, -0.293729, 0.949042, 0.235280, -0.189833, 0.944142, 0.269368, -0.040385, -0.975152, -0.149395, -0.163586, 0.149351, 0.000000, 0.000000, 0.000000, 1.000000, 0.066290, 0.032841, -0.997260, 0.136006, -0.995829, -0.060623, -0.068191, -0.051049, -0.062696, 0.997620, 0.028685, -0.008913, 0.000000, 0.000000, 0.000000, 1.000000
-29.9645, 40.3827, 50.6687, 213.2915, 235.2807, -40.3830, 149.3596, 136.0058, -51.0485, -8.9093, 0.189892, -0.944130, -0.269370, 0.040383, 0.975167, 0.149520, 0.163383, 0.050669, -0.113979, -0.293706, 0.949076, 0.213291, 0.000000, 0.000000, 0.000000, 1.000000, -0.114185, -0.293736, 0.949042, 0.235281, -0.189892, 0.944130, 0.269368, -0.040383, -0.975142, -0.149458, -0.163584, 0.149360, 0.000000, 0.000000, 0.000000, 1.000000, 0.066288, 0.032845, -0.997260, 0.136006, -0.995829, -0.060622, -0.068190, -0.051049, -0.062696, 0.997620, 0.028690, -0.008909, 0.000000, 0.000000, 0.000000, 1.000000
-29.9565, 40.3790, 50.6492, 213.2929, 235.2821, -40.3793, 149.3792, 136.0048, -51.0486, -8.9009, 0.190024, -0.944103, -0.269370, 0.040379, 0.975146, 0.149657, 0.163378, 0.050649, -0.113933, -0.293721, 0.949077, 0.213293, 0.000000, 0.000000, 0.000000, 1.000000, -0.114139, -0.293751, 0.949043, 0.235282, -0.190024, 0.944104, 0.269369, -0.040379, -0.975122, -0.149595, -0.163579, 0.149379, 0.000000, 0.000000, 0.000000, 1.000000, 0.066284, 0.032854, -0.997260, 0.136005, -0.995829, -0.060622, -0.068186, -0.051049, -0.062696, 0.997620, 0.028699, -0.008901, 0.000000, 0.000000, 0.000000, 1.000000
-29.9522, 40.3770, 50.6386, 213.2937, 235.2829, -40.3773, 149.3898, 136.0043, -51.0487, -8.8964, 0.190096, -0.944089, -0.269370, 0.040377, 0.975135, 0.149733, 0.163376, 0.050639, -0.113908, -0.293729, 0.949077, 0.213294, 0.000000, 0.000000, 0.000000, 1.000000, -0.114114, -0.293759, 0.949043, 0.235283, -0.190096, 0.944089, 0.269369, -0.040377, -0.975111, -0.149671, -0.163576, 0.149390, 0.000000, 0.000000, 0.000000, 1.000000, 0.066282, 0.032859, -0.997260, 0.136004, -0.995829, -0.060622, -0.068184, -0.051049, -0.062696, 0.997620, 0.028704, -0.008896, 0.000000, 0.000000, 0.000000, 1.000000
-29.9427, 40.3726, 50.6156, 213.2955, 235.2847, -40.3730, 149.4128, 136.0031, -51.0489, -8.8865, 0.190253, -0.944057, -0.269370, 0.040373, 0.975111, 0.149896, 0.163372, 0.050616, -0.113855, -0.293748, 0.949078, 0.213295, 0.000000, 0.000000, 0.000000, 1.000000, -0.114060, -0.293778, 0.949044, 0.235285, -0.190253, 0.944057, 0.269369, -0.040373, -0.975087, -0.149834, -0.163572, 0.149413, 0.000000, 0.000000, 0.000000, 1.000000, 0.066276, 0.032870, -0.997260, 0.136003, -0.995830, -0.060622, -0.068180, -0.051049, -0.062697, 0.997619, 0.028715, -0.008886, 0.000000, 0.000000, 0.000000, 1.000000
-29.9321, 40.3678, 50.5904, 213.2976, 235.2869, -40.3682, 149.4381, 136.0018, -51.0491, -8.8755, 0.190428, -0.944022, -0.269370, 0.040368, 0.975083, 0.150078, 0.163368, 0.050590, -0.113796, -0.293768, 0.949079, 0.213298, 0.000000, 0.000000, 0.000000, 1.000000, -0.114002, -0.293798, 0.949045, 0.235287, -0.190428, 0.944022, 0.269369, -0.040368, -0.975059, -0.150016, -0.163567, 0.149438, 0.000000, 0.000000, 0.000000, 1.000000, 0.066271, 0.032883, -0.997260, 0.136002, -0.995830, -0.060622, -0.068175, -0.051049, -0.062697, 0.997619, 0.028728, -0.008875, 0.000000, 0.000000, 0.000000, 1.000000
-29.9321, 40.3678, 50.5904, 213.2976, 235.2869, -40.3682, 149.4381, 136.0018, -51.0491, -8.8755, 0.190428, -0.944022, -0.269370, 0.040368, 0.975083, 0.150078, 0.163368, 0.050590, -0.113796, -0.293768, 0.949079, 0.213298, 0.000000, 0.000000, 0.000000, 1.000000, -0.114002, -0.293798, 0.949045, 0.235287, -0.190428, 0.944022, 0.269369, -0.040368, -0.975059, -0.150016, -0.163567, 0.149438, 0.000000, 0.000000, 0.000000, 1.000000, 0.066271, 0.032883, -0.997260, 0.136002, -0.995830, -0.060622, -0.068175, -0.051049, -0.062697, 0.997619, 0.028728, -0.008875, 0.000000, 0.000000, 0.000000, 1.000000
-29.9143, 40.3598, 50.5484, 213.3013, 235.2907, -40.3601, 149.4803, 135.9994, -51.0496, -8.8570, 0.190723, -0.943962, -0.269370, 0.040360, 0.975037, 0.150384, 0.163362, 0.050548, -0.113699, -0.293803, 0.949080, 0.213301, 0.000000, 0.000000, 0.000000, 1.000000, -0.113904, -0.293833, 0.949046, 0.235291, -0.190722, 0.943963, 0.269369, -0.040360, -0.975013, -0.150322, -0.163561, 0.149480, 0.000000, 0.000000, 0.000000, 1.000000, 0.066261, 0.032903, -0.997260, 0.135999, -0.995831, -0.060621, -0.068166, -0.051050, -0.062698, 0.997618, 0.028749, -0.008857, 0.000000, 0.000000, 0.000000, 1.000000
-29.9143, 40.3598, 50.5484, 213.3013, 235.2907, -40.3601, 149.4803, 135.9994, -51.0496, -8.8570, 0.190723, -0.943962, -0.269370, 0.040360, 0.975037, 0.150384, 0.163362, 0.050548, -0.113699, -0.293803, 0.949080, 0.213301, 0.000000, 0.000000, 0.000000, 1.000000, -0.113904, -0.293833, 0.949046, 0.235291, -0.190722, 0.943963, 0.269369, -0.040360, -0.975013, -0.150322, -0.163561, 0.149480, 0.000000, 0.000000, 0.000000, 1.000000, 0.066261, 0.032903, -0.997260, 0.135999, -0.995831, -0.060621, -0.068166, -0.051050, -0.062698, 0.997618, 0.028749, -0.008857, 0.000000, 0.000000, 0.000000, 1.000000
-29.8941, 40.3507, 50.5012, 213.3058, 235.2952, -40.3511, 149.5276, 135.9967, -51.0502, -8.8360, 0.191056, -0.943895, -0.269370, 0.040351, 0.974985, 0.150730, 0.163357, 0.050501, -0.113590, -0.293842, 0.949081, 0.213306, 0.000000, 0.000000, 0.000000, 1.000000, -0.113795, -0.293872, 0.949047, 0.235295, -0.191056, 0.943895, 0.269368, -0.040351, -0.974961, -0.150668, -0.163556, 0.149528, 0.000000, 0.000000, 0.000000, 1.000000, 0.066250, 0.032927, -0.997260, 0.135997, -0.995831, -0.060620, -0.068157, -0.051050, -0.062698, 0.997618, 0.028773, -0.008836, 0.000000, 0.000000, 0.000000, 1.000000
-29.8941, 40.3507, 50.5012, 213.3058, 235.2952, -40.3511, 149.5276, 135.9967, -51.0502, -8.8360, 0.191056, -0.943895, -0.269370, 0.040351, 0.974985, 0.150730, 0.163357, 0.050501, -0.113590, -0.293842, 0.949081, 0.213306, 0.000000, 0.000000, 0.000000, 1.000000, -0.113795, -0.293872, 0.949047, 0.235295, -0.191056, 0.943895, 0.269368, -0.040351, -0.974961, -0.150668, -0.163556, 0.149528, 0.000000, 0.000000, 0.000000, 1.000000, 0.066250, 0.032927, -0.997260, 0.135997, -0.995831, -0.060620, -0.068157, -0.051050, -0.062698, 0.997618, 0.028773, -0.008836, 0.000000, 0.000000, 0.000000, 1.000000
-29.8717, 40.3407, 50.4492, 213.3110, 235.3004, -40.3410, 149.5797, 135.9935, -51.0509, -8.8127, 0.191427, -0.943820, -0.269370, 0.040341, 0.974926, 0.151115, 0.163354, 0.050449, -0.113471, -0.293886, 0.949081, 0.213311, 0.000000, 0.000000, 0.000000, 1.000000, -0.113674, -0.293916, 0.949048, 0.235300, -0.191427, 0.943820, 0.269368, -0.040341, -0.974902, -0.151053, -0.163552, 0.149580, 0.000000, 0.000000, 0.000000, 1.000000, 0.066238, 0.032953, -0.997260, 0.135993, -0.995832, -0.060620, -0.068146, -0.051051, -0.062699, 0.997617, 0.028800, -0.008813, 0.000000, 0.000000, 0.000000, 1.000000
-29.8554, 40.3335, 50.4119, 213.3148, 235.3042, -40.3338, 149.6171, 135.9912, -51.0514, -8.7959, 0.191695, -0.943765, -0.269370, 0.040333, 0.974883, 0.151392, 0.163352, 0.050412, -0.113385, -0.293918, 0.949082, 0.213315, 0.000000, 0.000000, 0.000000, 1.000000, -0.113589, -0.293948, 0.949048, 0.235304, -0.191695, 0.943766, 0.269368, -0.040334, -0.974859, -0.151330, -0.163549, 0.149617, 0.000000, 0.000000, 0.000000, 1.000000, 0.066229, 0.032971, -0.997260, 0.135991, -0.995833, -0.060619, -0.068139, -0.051051, -0.062700, 0.997616, 0.028819, -0.008796, 0.000000, 0.000000, 0.000000, 1.000000
-29.8470, 40.3297, 50.3926, 213.3168, 235.3063, -40.3301, 149.6365, 135.9899, -51.0517, -8.7872, 0.191834, -0.943737, -0.269370, 0.040330, 0.974861, 0.151536, 0.163351, 0.050393, -0.113341, -0.293934, 0.949082, 0.213317, 0.000000, 0.000000, 0.000000, 1.000000, -0.113544, -0.293964, 0.949048, 0.235306, -0.191834, 0.943738, 0.269368, -0.040330, -0.974837, -0.151475, -0.163548, 0.149636, 0.000000, 0.000000, 0.000000, 1.000000, 0.066225, 0.032981, -0.997260, 0.135990, -0.995833, -0.060619, -0.068135, -0.051052, -0.062700, 0.997616, 0.028829, -0.008787, 0.000000, 0.000000, 0.000000, 1.000000
-29.8294, 40.3219, 50.3525, 213.3211, 235.3105, -40.3223, 149.6767, 135.9874, -51.0524, -8.7690, 0.192124, -0.943678, -0.269369, 0.040322, 0.974814, 0.151836, 0.163350, 0.050352, -0.113250, -0.293969, 0.949082, 0.213321, 0.000000, 0.000000, 0.000000, 1.000000, -0.113452, -0.293999, 0.949049, 0.235311, -0.192124, 0.943679, 0.269368, -0.040322, -0.974791, -0.151775, -0.163547, 0.149677, 0.000000, 0.000000, 0.000000, 1.000000, 0.066215, 0.033002, -0.997259, 0.135987, -0.995833, -0.060619, -0.068126, -0.051052, -0.062701, 0.997615, 0.028850, -0.008769, 0.000000, 0.000000, 0.000000, 1.000000
-29.8110, 40.3137, 50.3105, 213.3256, 235.3151, -40.3141, 149.7188, 135.9846, -51.0530, -8.7499, 0.192429, -0.943616, -0.269369, 0.040314, 0.974765, 0.152150, 0.163349, 0.050311, -0.113154, -0.294005, 0.949082, 0.213326, 0.000000, 0.000000, 0.000000, 1.000000, -0.113356, -0.294035, 0.949049, 0.235315, -0.192428, 0.943617, 0.269368, -0.040314, -0.974742, -0.152090, -0.163545, 0.149719, 0.000000, 0.000000, 0.000000, 1.000000, 0.066205, 0.033023, -0.997259, 0.135985, -0.995834, -0.060618, -0.068118, -0.051053, -0.062701, 0.997615, 0.028872, -0.008750, 0.000000, 0.000000, 0.000000, 1.000000
-29.8014, 40.3095, 50.2889, 213.3280, 235.3175, -40.3098, 149.7405, 135.9832, -51.0534, -8.7400, 0.192586, -0.943584, -0.269369, 0.040309, 0.974740, 0.152313, 0.163348, 0.050289, -0.113104, -0.294024, 0.949082, 0.213328, 0.000000, 0.000000, 0.000000, 1.000000, -0.113306, -0.294053, 0.949049, 0.235317, -0.192586, 0.943585, 0.269368, -0.040310, -0.974717, -0.152252, -0.163545, 0.149740, 0.000000, 0.000000, 0.000000, 1.000000, 0.066200, 0.033034, -0.997259, 0.135983, -0.995834, -0.060618, -0.068113, -0.051053, -0.062702, 0.997614, 0.028883, -0.008740, 0.000000, 0.000000, 0.000000, 1.000000
-29.7817, 40.3007, 50.2443, 213.3329, 235.3224, -40.3011, 149.7851, 135.9803, -51.0541, -8.7197, 0.192911, -0.943518, -0.269369, 0.040301, 0.974688, 0.152649, 0.163348, 0.050244, -0.113003, -0.294062, 0.949083, 0.213333, 0.000000, 0.000000, 0.000000, 1.000000, -0.113204, -0.294092, 0.949049, 0.235322, -0.192910, 0.943518, 0.269367, -0.040301, -0.974664, -0.152588, -0.163544, 0.149785, 0.000000, 0.000000, 0.000000, 1.000000, 0.066189, 0.033057, -0.997259, 0.135980, -0.995835, -0.060617, -0.068104, -0.051054, -0.062702, 0.997614, 0.028907, -0.008720, 0.000000, 0.000000, 0.000000, 1.000000
-29.7716, 40.2962, 50.2214, 213.3354, 235.3250, -40.2966, 149.8080, 135.9787, -51.0545, -8.7092, 0.193078, -0.943484, -0.269369, 0.040296, 0.974661, 0.152821, 0.163348, 0.050221, -0.112951, -0.294082, 0.949083, 0.213335, 0.000000, 0.000000, 0.000000, 1.000000, -0.113152, -0.294112, 0.949049, 0.235325, -0.193077, 0.943484, 0.269367, -0.040297, -0.974637, -0.152760, -0.163544, 0.149808, 0.000000, 0.000000, 0.000000, 1.000000, 0.066184, 0.033068, -0.997259, 0.135979, -0.995835, -0.060617, -0.068099, -0.051054, -0.062703, 0.997613, 0.028919, -0.008709, 0.000000, 0.000000, 0.000000, 1.000000
-29.7508, 40.2870, 50.1746, 213.3407, 235.3303, -40.2874, 149.8550, 135.9756, -51.0553, -8.6878, 0.193420, -0.943414, -0.269369, 0.040287, 0.974605, 0.153175, 0.163348, 0.050175, -0.112844, -0.294123, 0.949083, 0.213341, 0.000000, 0.000000, 0.000000, 1.000000, -0.113045, -0.294153, 0.949049, 0.235330, -0.193420, 0.943414, 0.269367, -0.040287, -0.974582, -0.153115, -0.163543, 0.149855, 0.000000, 0.000000, 0.000000, 1.000000, 0.066172, 0.033092, -0.997259, 0.135976, -0.995836, -0.060616, -0.068089, -0.051055, -0.062703, 0.997612, 0.028943, -0.008688, 0.000000, 0.000000, 0.000000, 1.000000
-29.7294, 40.2775, 50.1264, 213.3462, 235.3358, -40.2779, 149.9033, 135.9723, -51.0561, -8.6656, 0.193774, -0.943341, -0.269368, 0.040278, 0.974547, 0.153540, 0.163349, 0.050126, -0.112735, -0.294165, 0.949083, 0.213346, 0.000000, 0.000000, 0.000000, 1.000000, -0.112935, -0.294195, 0.949050, 0.235336, -0.193774, 0.943342, 0.269367, -0.040278, -0.974524, -0.153480, -0.163543, 0.149903, 0.000000, 0.000000, 0.000000, 1.000000, 0.066160, 0.033117, -0.997259, 0.135972, -0.995837, -0.060615, -0.068079, -0.051056, -0.062704, 0.997612, 0.028969, -0.008666, 0.000000, 0.000000, 0.000000, 1.000000
-29.7184, 40.2726, 50.1018, 213.3490, 235.3386, -40.2730, 149.9280, 135.9706, -51.0565, -8.6543, 0.193954, -0.943304, -0.269368, 0.040273, 0.974518, 0.153726, 0.163349, 0.050102, -0.112679, -0.294186, 0.949083, 0.213349, 0.000000, 0.000000, 0.000000, 1.000000, -0.112879, -0.294216, 0.949050, 0.235339, -0.193954, 0.943305, 0.269367, -0.040273, -0.974495, -0.153666, -0.163544, 0.149928, 0.000000, 0.000000, 0.000000, 1.000000, 0.066154, 0.033130, -0.997259, 0.135971, -0.995837, -0.060615, -0.068074, -0.051057, -0.062704, 0.997611, 0.028982, -0.008654, 0.000000, 0.000000, 0.000000, 1.000000
-29.6961, 40.2627, 50.0518, 213.3547, 235.3444, -40.2631, 149.9781, 135.9672, -51.0574, -8.6313, 0.194322, -0.943228, -0.269368, 0.040263, 0.974458, 0.154106, 0.163350, 0.050052, -0.112565, -0.294230, 0.949083, 0.213355, 0.000000, 0.000000, 0.000000, 1.000000, -0.112765, -0.294260, 0.949050, 0.235344, -0.194322, 0.943229, 0.269366, -0.040263, -0.974435, -0.154046, -0.163544, 0.149978, 0.000000, 0.000000, 0.000000, 1.000000, 0.066142, 0.033156, -0.997259, 0.135967, -0.995838, -0.060614, -0.068063, -0.051057, -0.062705, 0.997610, 0.029008, -0.008631, 0.000000, 0.000000, 0.000000, 1.000000
-29.6848, 40.2577, 50.0264, 213.3577, 235.3474, -40.2580, 150.0035, 135.9655, -51.0578, -8.6196, 0.194509, -0.943190, -0.269368, 0.040258, 0.974427, 0.154299, 0.163351, 0.050026, -0.112508, -0.294253, 0.949082, 0.213358, 0.000000, 0.000000, 0.000000, 1.000000, -0.112707, -0.294282, 0.949050, 0.235347, -0.194508, 0.943190, 0.269366, -0.040258, -0.974404, -0.154239, -0.163545, 0.150004, 0.000000, 0.000000, 0.000000, 1.000000, 0.066136, 0.033169, -0.997259, 0.135965, -0.995838, -0.060614, -0.068058, -0.051058, -0.062705, 0.997610, 0.029022, -0.008620, 0.000000, 0.000000, 0.000000, 1.000000
-29.6617, 40.2474, 49.9749, 213.3636, 235.3534, -40.2478, 150.0551, 135.9619, -51.0587, -8.5958, 0.194888, -0.943112, -0.269368, 0.040247, 0.974365, 0.154690, 0.163352, 0.049975, -0.112391, -0.294298, 0.949082, 0.213364, 0.000000, 0.000000, 0.000000, 1.000000, -0.112590, -0.294328, 0.949049, 0.235353, -0.194887, 0.943112, 0.269366, -0.040248, -0.974342, -0.154630, -0.163545, 0.150055, 0.000000, 0.000000, 0.000000, 1.000000, 0.066123, 0.033195, -0.997259, 0.135962, -0.995839, -0.060613, -0.068047, -0.051059, -0.062706, 0.997609, 0.029049, -0.008596, 0.000000, 0.000000, 0.000000, 1.000000
-29.6501, 40.2422, 49.9488, 213.3667, 235.3565, -40.2426, 150.0812, 135.9601, -51.0592, -8.5838, 0.195080, -0.943072, -0.269368, 0.040242, 0.974333, 0.154888, 0.163353, 0.049949, -0.112332, -0.294321, 0.949082, 0.213367, 0.000000, 0.000000, 0.000000, 1.000000, -0.112530, -0.294351, 0.949049, 0.235356, -0.195079, 0.943073, 0.269366, -0.040243, -0.974310, -0.154828, -0.163546, 0.150081, 0.000000, 0.000000, 0.000000, 1.000000, 0.066117, 0.033209, -0.997259, 0.135960, -0.995840, -0.060613, -0.068041, -0.051059, -0.062706, 0.997609, 0.029063, -0.008584, 0.000000, 0.000000, 0.000000, 1.000000
-29.6265, 40.2317, 49.8962, 213.3728, 235.3626, -40.2321, 150.1339, 135.9565, -51.0601, -8.5595, 0.195468, -0.942992, -0.269367, 0.040232, 0.974269, 0.155288, 0.163355, 0.049896, -0.112213, -0.294367, 0.949082, 0.213373, 0.000000, 0.000000, 0.000000, 1.000000, -0.112411, -0.294397, 0.949049, 0.235363, -0.195467, 0.942992, 0.269366, -0.040232, -0.974247, -0.155229, -0.163547, 0.150134, 0.000000, 0.000000, 0.000000, 1.000000, 0.066104, 0.033236, -0.997259, 0.135956, -0.995840, -0.060612, -0.068030, -0.051060, -0.062707, 0.997608, 0.029091, -0.008559, 0.000000, 0.000000, 0.000000, 1.000000
-29.6027, 40.2211, 49.8430, 213.3791, 235.3689, -40.2214, 150.1872, 135.9528, -51.0610, -8.5349, 0.195860, -0.942910, -0.269367, 0.040221, 0.974204, 0.155693, 0.163357, 0.049843, -0.112092, -0.294414, 0.949082, 0.213379, 0.000000, 0.000000, 0.000000, 1.000000, -0.112289, -0.294444, 0.949049, 0.235369, -0.195860, 0.942911, 0.269365, -0.040221, -0.974182, -0.155634, -0.163549, 0.150187, 0.000000, 0.000000, 0.000000, 1.000000, 0.066091, 0.033263, -0.997259, 0.135953, -0.995841, -0.060612, -0.068019, -0.051061, -0.062708, 0.997607, 0.029119, -0.008535, 0.000000, 0.000000, 0.000000, 1.000000
-29.5907, 40.2157, 49.8163, 213.3822, 235.3721, -40.2161, 150.2140, 135.9509, -51.0615, -8.5225, 0.196058, -0.942869, -0.269367, 0.040216, 0.974172, 0.155897, 0.163358, 0.049816, -0.112031, -0.294437, 0.949082, 0.213382, 0.000000, 0.000000, 0.000000, 1.000000, -0.112229, -0.294467, 0.949049, 0.235372, -0.196058, 0.942870, 0.269365, -0.040216, -0.974149, -0.155838, -0.163549, 0.150214, 0.000000, 0.000000, 0.000000, 1.000000, 0.066084, 0.033277, -0.997259, 0.135951, -0.995842, -0.060611, -0.068013, -0.051061, -0.062708, 0.997607, 0.029133, -0.008523, 0.000000, 0.000000, 0.000000, 1.000000
-29.5666, 40.2049, 49.7625, 213.3886, 235.3785, -40.2053, 150.2679, 135.9471, -51.0624, -8.4976, 0.196455, -0.942787, -0.269367, 0.040205, 0.974106, 0.156307, 0.163360, 0.049763, -0.111910, -0.294484, 0.949081, 0.213389, 0.000000, 0.000000, 0.000000, 1.000000, -0.112106, -0.294514, 0.949049, 0.235378, -0.196455, 0.942787, 0.269365, -0.040205, -0.974083, -0.156248, -0.163551, 0.150268, 0.000000, 0.000000, 0.000000, 1.000000, 0.066071, 0.033305, -0.997259, 0.135947, -0.995842, -0.060610, -0.068001, -0.051062, -0.062709, 0.997606, 0.029162, -0.008498, 0.000000, 0.000000, 0.000000, 1.000000
-29.5666, 40.2049, 49.7625, 213.3886, 235.3785, -40.2053, 150.2679, 135.9471, -51.0624, -8.4976, 0.196455, -0.942787, -0.269367, 0.040205, 0.974106, 0.156307, 0.163360, 0.049763, -0.111910, -0.294484, 0.949081, 0.213389, 0.000000, 0.000000, 0.000000, 1.000000, -0.112106, -0.294514, 0.949049, 0.235378, -0.196455, 0.942787, 0.269365, -0.040205, -0.974083, -0.156248, -0.163551, 0.150268, 0.000000, 0.000000, 0.000000, 1.000000, 0.066071, 0.033305, -0.997259, 0.135947, -0.995842, -0.060610, -0.068001, -0.051062, -0.062709, 0.997606, 0.029162, -0.008498, 0.000000, 0.000000, 0.000000, 1.000000
-29.5302, 40.1886, 49.6816, 213.3981, 235.3881, -40.1890, 150.3490, 135.9415, -51.0638, -8.4602, 0.197053, -0.942662, -0.269366, 0.040189, 0.974006, 0.156924, 0.163363, 0.049682, -0.111726, -0.294556, 0.949081, 0.213398, 0.000000, 0.000000, 0.000000, 1.000000, -0.111922, -0.294585, 0.949048, 0.235388, -0.197053, 0.942663, 0.269365, -0.040189, -0.973983, -0.156865, -0.163554, 0.150349, 0.000000, 0.000000, 0.000000, 1.000000, 0.066051, 0.033347, -0.997259, 0.135941, -0.995844, -0.060609, -0.067984, -0.051064, -0.062710, 0.997604, 0.029205, -0.008460, 0.000000, 0.000000, 0.000000, 1.000000
-29.5060, 40.1777, 49.6277, 213.4045, 235.3945, -40.1781, 150.4031, 135.9377, -51.0647, -8.4352, 0.197452, -0.942579, -0.269366, 0.040178, 0.973939, 0.157335, 0.163365, 0.049628, -0.111604, -0.294603, 0.949080, 0.213405, 0.000000, 0.000000, 0.000000, 1.000000, -0.111799, -0.294633, 0.949048, 0.235395, -0.197452, 0.942579, 0.269364, -0.040178, -0.973917, -0.157276, -0.163555, 0.150403, 0.000000, 0.000000, 0.000000, 1.000000, 0.066038, 0.033375, -0.997259, 0.135938, -0.995845, -0.060609, -0.067972, -0.051065, -0.062711, 0.997603, 0.029234, -0.008435, 0.000000, 0.000000, 0.000000, 1.000000
-29.4819, 40.1668, 49.5740, 213.4109, 235.4009, -40.1672, 150.4568, 135.9339, -51.0656, -8.4103, 0.197849, -0.942496, -0.269366, 0.040167, 0.973872, 0.157745, 0.163368, 0.049574, -0.111482, -0.294650, 0.949080, 0.213411, 0.000000, 0.000000, 0.000000, 1.000000, -0.111677, -0.294680, 0.949048, 0.235401, -0.197849, 0.942496, 0.269364, -0.040167, -0.973850, -0.157686, -0.163557, 0.150457, 0.000000, 0.000000, 0.000000, 1.000000, 0.066024, 0.033403, -0.997259, 0.135934, -0.995845, -0.060608, -0.067961, -0.051066, -0.062712, 0.997603, 0.029262, -0.008410, 0.000000, 0.000000, 0.000000, 1.000000
-29.4699, 40.1614, 49.5473, 213.4140, 235.4041, -40.1618, 150.4836, 135.9320, -51.0660, -8.3979, 0.198046, -0.942454, -0.269366, 0.040161, 0.973839, 0.157949, 0.163369, 0.049547, -0.111422, -0.294674, 0.949080, 0.213414, 0.000000, 0.000000, 0.000000, 1.000000, -0.111616, -0.294703, 0.949048, 0.235404, -0.198046, 0.942455, 0.269364, -0.040162, -0.973817, -0.157890, -0.163558, 0.150484, 0.000000, 0.000000, 0.000000, 1.000000, 0.066018, 0.033416, -0.997259, 0.135932, -0.995846, -0.060607, -0.067955, -0.051066, -0.062712, 0.997602, 0.029277, -0.008398, 0.000000, 0.000000, 0.000000, 1.000000
-29.4579, 40.1560, 49.5206, 213.4172, 235.4073, -40.1563, 150.5104, 135.9302, -51.0665, -8.3855, 0.198244, -0.942413, -0.269366, 0.040156, 0.973806, 0.158152, 0.163370, 0.049521, -0.111361, -0.294697, 0.949080, 0.213417, 0.000000, 0.000000, 0.000000, 1.000000, -0.111555, -0.294727, 0.949048, 0.235407, -0.198243, 0.942413, 0.269364, -0.040156, -0.973784, -0.158093, -0.163559, 0.150510, 0.000000, 0.000000, 0.000000, 1.000000, 0.066011, 0.033430, -0.997259, 0.135930, -0.995846, -0.060607, -0.067949, -0.051066, -0.062712, 0.997602, 0.029291, -0.008386, 0.000000, 0.000000, 0.000000, 1.000000
-29.4223, 40.1398, 49.4413, 213.4266, 235.4167, -40.1402, 150.5898, 135.9246, -51.0678, -8.3488, 0.198830, -0.942289, -0.269365, 0.040140, 0.973707, 0.158757, 0.163373, 0.049441, -0.111181, -0.294766, 0.949079, 0.213427, 0.000000, 0.000000, 0.000000, 1.000000, -0.111375, -0.294796, 0.949047, 0.235417, -0.198830, 0.942290, 0.269364, -0.040140, -0.973685, -0.158698, -0.163561, 0.150590, 0.000000, 0.000000, 0.000000, 1.000000, 0.065991, 0.033471, -0.997259, 0.135925, -0.995847, -0.060606, -0.067932, -0.051068, -0.062714, 0.997600, 0.029333, -0.008349, 0.000000, 0.000000, 0.000000, 1.000000
-29.4223, 40.1398, 49.4413, 213.4266, 235.4167, -40.1402, 150.5898, 135.9246, -51.0678, -8.3488, 0.198830, -0.942289, -0.269365, 0.040140, 0.973707, 0.158757, 0.163373, 0.049441, -0.111181, -0.294766, 0.949079, 0.213427, 0.000000, 0.000000, 0.000000, 1.000000, -0.111375, -0.294796, 0.949047, 0.235417, -0.198830, 0.942290, 0.269364, -0.040140, -0.973685, -0.158698, -0.163561, 0.150590, 0.000000, 0.000000, 0.000000, 1.000000, 0.065991, 0.033471, -0.997259, 0.135925, -0.995847, -0.060606, -0.067932, -0.051068, -0.062714, 0.997600, 0.029333, -0.008349, 0.000000, 0.000000, 0.000000, 1.000000
-29.3872, 40.1239, 49.3633, 213.4358, 235.4260, -40.1243, 150.6680, 135.9191, -51.0690, -8.3127, 0.199406, -0.942168, -0.269365, 0.040124, 0.973609, 0.159351, 0.163377, 0.049363, -0.111004, -0.294835, 0.949079, 0.213436, 0.000000, 0.000000, 0.000000, 1.000000, -0.111197, -0.294864, 0.949047, 0.235426, -0.199406, 0.942168, 0.269363, -0.040124, -0.973587, -0.159293, -0.163564, 0.150668, 0.000000, 0.000000, 0.000000, 1.000000, 0.065972, 0.033512, -0.997259, 0.135919, -0.995849, -0.060605, -0.067915, -0.051069, -0.062715, 0.997599, 0.029374, -0.008313, 0.000000, 0.000000, 0.000000, 1.000000
-29.3757, 40.1186, 49.3377, 213.4388, 235.4290, -40.1190, 150.6937, 135.9173, -51.0694, -8.3008, 0.199596, -0.942127, -0.269365, 0.040119, 0.973577, 0.159547, 0.163378, 0.049338, -0.110946, -0.294857, 0.949079, 0.213439, 0.000000, 0.000000, 0.000000, 1.000000, -0.111138, -0.294887, 0.949047, 0.235429, -0.199595, 0.942128, 0.269363, -0.040119, -0.973555, -0.159489, -0.163565, 0.150694, 0.000000, 0.000000, 0.000000, 1.000000, 0.065965, 0.033525, -0.997259, 0.135917, -0.995849, -0.060605, -0.067910, -0.051069, -0.062715, 0.997599, 0.029388, -0.008301, 0.000000, 0.000000, 0.000000, 1.000000
-29.3530, 40.1083, 49.2870, 213.4448, 235.4350, -40.1086, 150.7445, 135.9138, -51.0702, -8.2773, 0.199970, -0.942048, -0.269365, 0.040108, 0.973513, 0.159933, 0.163380, 0.049287, -0.110831, -0.294901, 0.949078, 0.213445, 0.000000, 0.000000, 0.000000, 1.000000, -0.111023, -0.294931, 0.949047, 0.235435, -0.199970, 0.942049, 0.269363, -0.040109, -0.973492, -0.159875, -0.163566, 0.150745, 0.000000, 0.000000, 0.000000, 1.000000, 0.065953, 0.033551, -0.997259, 0.135914, -0.995850, -0.060604, -0.067899, -0.051070, -0.062716, 0.997598, 0.029415, -0.008277, 0.000000, 0.000000, 0.000000, 1.000000
-29.3417, 40.1031, 49.2620, 213.4477, 235.4380, -40.1035, 150.7696, 135.9120, -51.0706, -8.2657, 0.200155, -0.942009, -0.269365, 0.040103, 0.973482, 0.160124, 0.163381, 0.049262, -0.110774, -0.294923, 0.949078, 0.213448, 0.000000, 0.000000, 0.000000, 1.000000, -0.110966, -0.294953, 0.949047, 0.235438, -0.200155, 0.942009, 0.269363, -0.040103, -0.973460, -0.160066, -0.163567, 0.150770, 0.000000, 0.000000, 0.000000, 1.000000, 0.065947, 0.033564, -0.997258, 0.135912, -0.995850, -0.060603, -0.067893, -0.051071, -0.062716, 0.997597, 0.029428, -0.008266, 0.000000, 0.000000, 0.000000, 1.000000
-29.3196, 40.0930, 49.2126, 213.4535, 235.4438, -40.0933, 150.8191, 135.9086, -51.0713, -8.2428, 0.200519, -0.941931, -0.269365, 0.040093, 0.973420, 0.160500, 0.163383, 0.049213, -0.110662, -0.294966, 0.949078, 0.213453, 0.000000, 0.000000, 0.000000, 1.000000, -0.110853, -0.294996, 0.949046, 0.235444, -0.200519, 0.941932, 0.269363, -0.040093, -0.973398, -0.160442, -0.163568, 0.150819, 0.000000, 0.000000, 0.000000, 1.000000, 0.065934, 0.033590, -0.997258, 0.135909, -0.995851, -0.060603, -0.067882, -0.051071, -0.062717, 0.997597, 0.029454, -0.008243, 0.000000, 0.000000, 0.000000, 1.000000
-29.3087, 40.0880, 49.1883, 213.4563, 235.4467, -40.0883, 150.8435, 135.9069, -51.0717, -8.2316, 0.200699, -0.941893, -0.269364, 0.040088, 0.973389, 0.160685, 0.163384, 0.049188, -0.110607, -0.294987, 0.949078, 0.213456, 0.000000, 0.000000, 0.000000, 1.000000, -0.110797, -0.295017, 0.949046, 0.235447, -0.200699, 0.941894, 0.269363, -0.040088, -0.973367, -0.160628, -0.163569, 0.150843, 0.000000, 0.000000, 0.000000, 1.000000, 0.065928, 0.033602, -0.997258, 0.135907, -0.995851, -0.060602, -0.067877, -0.051072, -0.062717, 0.997596, 0.029467, -0.008232, 0.000000, 0.000000, 0.000000, 1.000000
-29.2872, 40.0781, 49.1404, 213.4619, 235.4523, -40.0784, 150.8915, 135.9036, -51.0724, -8.2094, 0.201052, -0.941818, -0.269364, 0.040078, 0.973328, 0.161050, 0.163385, 0.049140, -0.110498, -0.295029, 0.949077, 0.213462, 0.000000, 0.000000, 0.000000, 1.000000, -0.110688, -0.295059, 0.949046, 0.235452, -0.201052, 0.941818, 0.269363, -0.040078, -0.973307, -0.160992, -0.163570, 0.150891, 0.000000, 0.000000, 0.000000, 1.000000, 0.065916, 0.033627, -0.997258, 0.135904, -0.995852, -0.060602, -0.067867, -0.051072, -0.062718, 0.997595, 0.029493, -0.008209, 0.000000, 0.000000, 0.000000, 1.000000
-29.2662, 40.0684, 49.0937, 213.4674, 235.4578, -40.0688, 150.9384, 135.9003, -51.0731, -8.1878, 0.201397, -0.941744, -0.269364, 0.040068, 0.973269, 0.161406, 0.163387, 0.049094, -0.110392, -0.295070, 0.949077, 0.213467, 0.000000, 0.000000, 0.000000, 1.000000, -0.110581, -0.295099, 0.949046, 0.235458, -0.201397, 0.941745, 0.269363, -0.040069, -0.973248, -0.161348, -0.163571, 0.150938, 0.000000, 0.000000, 0.000000, 1.000000, 0.065905, 0.033651, -0.997258, 0.135900, -0.995853, -0.060601, -0.067857, -0.051073, -0.062718, 0.997595, 0.029517, -0.008188, 0.000000, 0.000000, 0.000000, 1.000000
