# Joint_6_Angle(deg), Cam_X(mm), Cam_Y(mm), Cam_Z(mm), Torso_X(mm), Torso_Y(mm), Torso_Z(mm), EE_X(mm), EE_Y(mm), EE_Z(mm), T_cam2marker_flat(16), T_torso2marker_flat(16), T_ee2marker_flat(16)
-29.9998, 54.7629, -3.6866, 191.1827, 213.1549, -54.8626, 203.7164, 22.8534, -97.4868, 19.9562, 0.899999, 0.076398, -0.429145, 0.054763, -0.098811, 0.994649, -0.030154, -0.003687, 0.424545, 0.069543, 0.902732, 0.191183, 0.000000, 0.000000, 0.000000, 1.000000, 0.424098, 0.069276, 0.902963, 0.213155, -0.900220, -0.076434, 0.428674, -0.054863, 0.098714, -0.994665, 0.029948, 0.203716, 0.000000, 0.000000, 0.000000, 1.000000, -0.994383, 0.105442, -0.009243, 0.022853, -0.008929, 0.003448, 0.999954, -0.097487, 0.105469, 0.994420, -0.002487, 0.019956, 0.000000, 0.000000, 0.000000, 1.000000
-29.9999, 54.7630, -3.6865, 191.1828, 213.1550, -54.8627, 203.7162, 22.8535, -97.4867, 19.9562, 0.899998, 0.076398, -0.429147, 0.054763, -0.098811, 0.994649, -0.030154, -0.003686, 0.424547, 0.069543, 0.902731, 0.191183, 0.000000, 0.000000, 0.000000, 1.000000, 0.424100, 0.069276, 0.902962, 0.213155, -0.900219, -0.076434, 0.428676, -0.054863, 0.098714, -0.994665, 0.029947, 0.203716, 0.000000, 0.000000, 0.000000, 1.000000, -0.994383, 0.105442, -0.009243, 0.022854, -0.008929, 0.003448, 0.999954, -0.097487, 0.105469, 0.994420, -0.002487, 0.019956, 0.000000, 0.000000, 0.000000, 1.000000
-30.0003, 54.7634, -3.6865, 191.1829, 213.1552, -54.8631, 203.7162, 22.8539, -97.4866, 19.9563, 0.899994, 0.076398, -0.429154, 0.054763, -0.098811, 0.994649, -0.030153, -0.003686, 0.424554, 0.069543, 0.902728, 0.191183, 0.000000, 0.000000, 0.000000, 1.000000, 0.424107, 0.069275, 0.902958, 0.213155, -0.900216, -0.076434, 0.428683, -0.054863, 0.098714, -0.994665, 0.029947, 0.203716, 0.000000, 0.000000, 0.000000, 1.000000, -0.994383, 0.105442, -0.009243, 0.022854, -0.008929, 0.003449, 0.999954, -0.097487, 0.105469, 0.994420, -0.002488, 0.019956, 0.000000, 0.000000, 0.000000, 1.000000
-30.0007, 54.7634, -3.6847, 191.1840, 213.1562, -54.8631, 203.7143, 22.8542, -97.4861, 19.9565, 0.899991, 0.076400, -0.429161, 0.054763, -0.098811, 0.994649, -0.030147, -0.003685, 0.424562, 0.069538, 0.902725, 0.191184, 0.000000, 0.000000, 0.000000, 1.000000, 0.424114, 0.069270, 0.902955, 0.213156, -0.900213, -0.076436, 0.428690, -0.054863, 0.098713, -0.994665, 0.029940, 0.203714, 0.000000, 0.000000, 0.000000, 1.000000, -0.994383, 0.105442, -0.009243, 0.022854, -0.008929, 0.003449, 0.999954, -0.097486, 0.105469, 0.994420, -0.002489, 0.019957, 0.000000, 0.000000, 0.000000, 1.000000
-30.0009, 54.7627, -3.6804, 191.1862, 213.1584, -54.8625, 203.7099, 22.8545, -97.4853, 19.9572, 0.899989, 0.076405, -0.429165, 0.054763, -0.098810, 0.994650, -0.030133, -0.003680, 0.424566, 0.069525, 0.902724, 0.191186, 0.000000, 0.000000, 0.000000, 1.000000, 0.424119, 0.069257, 0.902954, 0.213158, -0.900210, -0.076441, 0.428693, -0.054862, 0.098713, -0.994666, 0.029925, 0.203710, 0.000000, 0.000000, 0.000000, 1.000000, -0.994383, 0.105442, -0.009243, 0.022855, -0.008929, 0.003450, 0.999954, -0.097485, 0.105469, 0.994420, -0.002489, 0.019957, 0.000000, 0.000000, 0.000000, 1.000000
-30.0010, 54.7621, -3.6769, 191.1881, 213.1603, -54.8619, 203.7063, 22.8548, -97.4846, 19.9577, 0.899987, 0.076409, -0.429167, 0.054762, -0.098810, 0.994650, -0.030121, -0.003677, 0.424570, 0.069515, 0.902723, 0.191188, 0.000000, 0.000000, 0.000000, 1.000000, 0.424123, 0.069246, 0.902953, 0.213160, -0.900209, -0.076446, 0.428696, -0.054862, 0.098712, -0.994666, 0.029913, 0.203706, 0.000000, 0.000000, 0.000000, 1.000000, -0.994383, 0.105441, -0.009243, 0.022855, -0.008929, 0.003450, 0.999954, -0.097485, 0.105469, 0.994420, -0.002489, 0.019958, 0.000000, 0.000000, 0.000000, 1.000000
-30.0011, 54.7616, -3.6740, 191.1896, 213.1618, -54.8614, 203.7033, 22.8549, -97.4841, 19.9581, 0.899986, 0.076413, -0.429169, 0.054762, -0.098810, 0.994651, -0.030112, -0.003674, 0.424572, 0.069507, 0.902722, 0.191190, 0.000000, 0.000000, 0.000000, 1.000000, 0.424125, 0.069237, 0.902953, 0.213162, -0.900208, -0.076449, 0.428697, -0.054861, 0.098712, -0.994667, 0.029904, 0.203703, 0.000000, 0.000000, 0.000000, 1.000000, -0.994383, 0.105441, -0.009243, 0.022855, -0.008929, 0.003451, 0.999954, -0.097484, 0.105468, 0.994420, -0.002490, 0.019958, 0.000000, 0.000000, 0.000000, 1.000000
-30.0010, 54.7611, -3.6717, 191.1907, 213.1629, -54.8609, 203.7009, 22.8549, -97.4837, 19.9584, 0.899986, 0.076416, -0.429168, 0.054761, -0.098810, 0.994651, -0.030105, -0.003672, 0.424572, 0.069500, 0.902723, 0.191191, 0.000000, 0.000000, 0.000000, 1.000000, 0.424124, 0.069230, 0.902954, 0.213163, -0.900208, -0.076452, 0.428696, -0.054861, 0.098711, -0.994667, 0.029896, 0.203701, 0.000000, 0.000000, 0.000000, 1.000000, -0.994383, 0.105441, -0.009243, 0.022855, -0.008929, 0.003450, 0.999954, -0.097484, 0.105468, 0.994420, -0.002490, 0.019958, 0.000000, 0.000000, 0.000000, 1.000000
-30.0009, 54.7608, -3.6708, 191.1911, 213.1634, -54.8607, 203.7000, 22.8549, -97.4836, 19.9585, 0.899987, 0.076417, -0.429166, 0.054761, -0.098809, 0.994651, -0.030103, -0.003671, 0.424570, 0.069498, 0.902724, 0.191191, 0.000000, 0.000000, 0.000000, 1.000000, 0.424123, 0.069227, 0.902955, 0.213163, -0.900209, -0.076453, 0.428695, -0.054861, 0.098711, -0.994667, 0.029894, 0.203700, 0.000000, 0.000000, 0.000000, 1.000000, -0.994383, 0.105441, -0.009243, 0.022855, -0.008929, 0.003450, 0.999954, -0.097484, 0.105468, 0.994420, -0.002489, 0.019958, 0.000000, 0.000000, 0.000000, 1.000000
-29.9991, 54.7589, -3.6685, 191.1916, 213.1638, -54.8588, 203.6975, 22.8536, -97.4840, 19.9586, 0.900000, 0.076420, -0.429139, 0.054759, -0.098809, 0.994651, -0.030100, -0.003668, 0.424543, 0.069492, 0.902737, 0.191192, 0.000000, 0.000000, 0.000000, 1.000000, 0.424096, 0.069221, 0.902968, 0.213164, -0.900222, -0.076456, 0.428667, -0.054859, 0.098710, -0.994667, 0.029890, 0.203697, 0.000000, 0.000000, 0.000000, 1.000000, -0.994383, 0.105441, -0.009243, 0.022854, -0.008929, 0.003448, 0.999954, -0.097484, 0.105468, 0.994420, -0.002487, 0.019959, 0.000000, 0.000000, 0.000000, 1.000000
-29.9978, 54.7578, -3.6684, 191.1911, 213.1633, -54.8577, 203.6973, 22.8525, -97.4845, 19.9585, 0.900010, 0.076419, -0.429117, 0.054758, -0.098808, 0.994651, -0.030103, -0.003668, 0.424521, 0.069493, 0.902747, 0.191191, 0.000000, 0.000000, 0.000000, 1.000000, 0.424074, 0.069221, 0.902978, 0.213163, -0.900232, -0.076456, 0.428645, -0.054858, 0.098709, -0.994667, 0.029892, 0.203697, 0.000000, 0.000000, 0.000000, 1.000000, -0.994383, 0.105441, -0.009242, 0.022852, -0.008929, 0.003445, 0.999954, -0.097485, 0.105468, 0.994420, -0.002485, 0.019958, 0.000000, 0.000000, 0.000000, 1.000000
-29.9958, 54.7563, -3.6688, 191.1901, 213.1623, -54.8562, 203.6977, 22.8509, -97.4854, 19.9582, 0.900025, 0.076419, -0.429086, 0.054756, -0.098807, 0.994651, -0.030109, -0.003669, 0.424490, 0.069495, 0.902762, 0.191190, 0.000000, 0.000000, 0.000000, 1.000000, 0.424043, 0.069223, 0.902993, 0.213162, -0.900247, -0.076455, 0.428615, -0.054856, 0.098708, -0.994667, 0.029898, 0.203698, 0.000000, 0.000000, 0.000000, 1.000000, -0.994383, 0.105441, -0.009242, 0.022851, -0.008929, 0.003442, 0.999954, -0.097485, 0.105468, 0.994420, -0.002481, 0.019958, 0.000000, 0.000000, 0.000000, 1.000000
-29.9932, 54.7543, -3.6696, 191.1886, 213.1608, -54.8543, 203.6983, 22.8487, -97.4866, 19.9579, 0.900045, 0.076417, -0.429045, 0.054754, -0.098806, 0.994651, -0.030117, -0.003670, 0.424449, 0.069499, 0.902781, 0.191189, 0.000000, 0.000000, 0.000000, 1.000000, 0.424001, 0.069227, 0.903012, 0.213161, -0.900267, -0.076454, 0.428573, -0.054854, 0.098707, -0.994667, 0.029906, 0.203698, 0.000000, 0.000000, 0.000000, 1.000000, -0.994383, 0.105441, -0.009242, 0.022849, -0.008929, 0.003438, 0.999954, -0.097487, 0.105468, 0.994420, -0.002477, 0.019958, 0.000000, 0.000000, 0.000000, 1.000000
-29.9916, 54.7532, -3.6701, 191.1877, 213.1599, -54.8531, 203.6988, 22.8475, -97.4873, 19.9576, 0.900057, 0.076417, -0.429020, 0.054753, -0.098806, 0.994651, -0.030122, -0.003670, 0.424423, 0.069502, 0.902793, 0.191188, 0.000000, 0.000000, 0.000000, 1.000000, 0.423976, 0.069229, 0.903024, 0.213160, -0.900279, -0.076453, 0.428548, -0.054853, 0.098707, -0.994667, 0.029911, 0.203699, 0.000000, 0.000000, 0.000000, 1.000000, -0.994383, 0.105441, -0.009242, 0.022847, -0.008930, 0.003435, 0.999954, -0.097487, 0.105468, 0.994420, -0.002475, 0.019958, 0.000000, 0.000000, 0.000000, 1.000000
-29.9856, 54.7487, -3.6719, 191.1842, 213.1564, -54.8487, 203.7006, 22.8426, -97.4900, 19.9568, 0.900102, 0.076413, -0.428926, 0.054749, -0.098804, 0.994650, -0.030142, -0.003672, 0.424329, 0.069511, 0.902836, 0.191184, 0.000000, 0.000000, 0.000000, 1.000000, 0.423881, 0.069238, 0.903068, 0.213156, -0.900323, -0.076450, 0.428454, -0.054849, 0.098704, -0.994667, 0.029931, 0.203701, 0.000000, 0.000000, 0.000000, 1.000000, -0.994383, 0.105440, -0.009242, 0.022843, -0.008930, 0.003426, 0.999954, -0.097490, 0.105467, 0.994420, -0.002465, 0.019957, 0.000000, 0.000000, 0.000000, 1.000000
-29.9832, 54.7469, -3.6726, 191.1828, 213.1550, -54.8469, 203.7013, 22.8407, -97.4911, 19.9565, 0.900120, 0.076412, -0.428889, 0.054747, -0.098803, 0.994650, -0.030150, -0.003673, 0.424290, 0.069514, 0.902854, 0.191183, 0.000000, 0.000000, 0.000000, 1.000000, 0.423843, 0.069241, 0.903085, 0.213155, -0.900342, -0.076448, 0.428416, -0.054847, 0.098703, -0.994666, 0.029938, 0.203701, 0.000000, 0.000000, 0.000000, 1.000000, -0.994383, 0.105440, -0.009241, 0.022841, -0.008930, 0.003422, 0.999954, -0.097491, 0.105467, 0.994420, -0.002461, 0.019956, 0.000000, 0.000000, 0.000000, 1.000000
-29.9777, 54.7428, -3.6742, 191.1797, 213.1519, -54.8428, 203.7028, 22.8362, -97.4936, 19.9557, 0.900161, 0.076410, -0.428802, 0.054743, -0.098801, 0.994650, -0.030168, -0.003674, 0.424203, 0.069522, 0.902895, 0.191180, 0.000000, 0.000000, 0.000000, 1.000000, 0.423755, 0.069249, 0.903126, 0.213152, -0.900383, -0.076446, 0.428330, -0.054843, 0.098701, -0.994666, 0.029956, 0.203703, 0.000000, 0.000000, 0.000000, 1.000000, -0.994383, 0.105440, -0.009241, 0.022836, -0.008931, 0.003413, 0.999954, -0.097494, 0.105467, 0.994420, -0.002452, 0.019956, 0.000000, 0.000000, 0.000000, 1.000000
-29.9676, 54.7352, -3.6766, 191.1741, 213.1463, -54.8352, 203.7052, 22.8281, -97.4981, 19.9544, 0.900237, 0.076405, -0.428644, 0.054735, -0.098797, 0.994649, -0.030199, -0.003677, 0.424043, 0.069535, 0.902969, 0.191174, 0.000000, 0.000000, 0.000000, 1.000000, 0.423595, 0.069261, 0.903200, 0.213146, -0.900459, -0.076441, 0.428172, -0.054835, 0.098698, -0.994666, 0.029987, 0.203705, 0.000000, 0.000000, 0.000000, 1.000000, -0.994383, 0.105439, -0.009241, 0.022828, -0.008932, 0.003397, 0.999954, -0.097498, 0.105466, 0.994420, -0.002436, 0.019954, 0.000000, 0.000000, 0.000000, 1.000000
-29.9638, 54.7323, -3.6775, 191.1720, 213.1442, -54.8323, 203.7060, 22.8250, -97.4998, 19.9539, 0.900266, 0.076404, -0.428583, 0.054732, -0.098796, 0.994649, -0.030211, -0.003677, 0.423982, 0.069540, 0.902997, 0.191172, 0.000000, 0.000000, 0.000000, 1.000000, 0.423534, 0.069266, 0.903228, 0.213144, -0.900488, -0.076440, 0.428111, -0.054832, 0.098696, -0.994665, 0.029998, 0.203706, 0.000000, 0.000000, 0.000000, 1.000000, -0.994383, 0.105439, -0.009240, 0.022825, -0.008933, 0.003391, 0.999954, -0.097500, 0.105466, 0.994420, -0.002430, 0.019954, 0.000000, 0.000000, 0.000000, 1.000000
-29.9553, 54.7258, -3.6792, 191.1675, 213.1398, -54.8258, 203.7077, 22.8181, -97.5035, 19.9528, 0.900330, 0.076400, -0.428450, 0.054726, -0.098793, 0.994649, -0.030235, -0.003679, 0.423847, 0.069550, 0.903059, 0.191168, 0.000000, 0.000000, 0.000000, 1.000000, 0.423400, 0.069276, 0.903290, 0.213140, -0.900551, -0.076437, 0.427978, -0.054826, 0.098693, -0.994665, 0.030023, 0.203708, 0.000000, 0.000000, 0.000000, 1.000000, -0.994383, 0.105439, -0.009240, 0.022818, -0.008933, 0.003377, 0.999954, -0.097503, 0.105465, 0.994420, -0.002416, 0.019953, 0.000000, 0.000000, 0.000000, 1.000000
-29.9352, 54.7104, -3.6823, 191.1573, 213.1295, -54.8104, 203.7108, 22.8019, -97.5121, 19.9504, 0.900480, 0.076394, -0.428135, 0.054710, -0.098785, 0.994648, -0.030292, -0.003682, 0.423529, 0.069570, 0.903207, 0.191157, 0.000000, 0.000000, 0.000000, 1.000000, 0.423081, 0.069296, 0.903438, 0.213130, -0.900702, -0.076430, 0.427662, -0.054810, 0.098685, -0.994664, 0.030079, 0.203711, 0.000000, 0.000000, 0.000000, 1.000000, -0.994383, 0.105438, -0.009238, 0.022802, -0.008935, 0.003345, 0.999954, -0.097512, 0.105464, 0.994420, -0.002384, 0.019950, 0.000000, 0.000000, 0.000000, 1.000000
-29.9176, 54.6966, -3.6844, 191.1487, 213.1209, -54.7966, 203.7128, 22.7877, -97.5195, 19.9484, 0.900612, 0.076389, -0.427857, 0.054697, -0.098778, 0.994647, -0.030339, -0.003684, 0.423250, 0.069587, 0.903337, 0.191149, 0.000000, 0.000000, 0.000000, 1.000000, 0.422802, 0.069312, 0.903568, 0.213121, -0.900834, -0.076425, 0.427385, -0.054797, 0.098678, -0.994663, 0.030126, 0.203713, 0.000000, 0.000000, 0.000000, 1.000000, -0.994383, 0.105437, -0.009237, 0.022788, -0.008937, 0.003316, 0.999955, -0.097520, 0.105462, 0.994421, -0.002355, 0.019948, 0.000000, 0.000000, 0.000000, 1.000000
-29.9046, 54.6865, -3.6855, 191.1425, 213.1147, -54.7865, 203.7139, 22.7773, -97.5249, 19.9469, 0.900709, 0.076386, -0.427654, 0.054686, -0.098773, 0.994646, -0.030373, -0.003686, 0.423045, 0.069598, 0.903432, 0.191143, 0.000000, 0.000000, 0.000000, 1.000000, 0.422596, 0.069323, 0.903663, 0.213115, -0.900931, -0.076422, 0.427181, -0.054786, 0.098673, -0.994663, 0.030160, 0.203714, 0.000000, 0.000000, 0.000000, 1.000000, -0.994383, 0.105436, -0.009236, 0.022777, -0.008939, 0.003296, 0.999955, -0.097525, 0.105461, 0.994421, -0.002335, 0.019947, 0.000000, 0.000000, 0.000000, 1.000000
-29.8908, 54.6756, -3.6865, 191.1361, 213.1083, -54.7756, 203.7149, 22.7661, -97.5306, 19.9454, 0.900813, 0.076383, -0.427436, 0.054676, -0.098768, 0.994646, -0.030408, -0.003686, 0.422825, 0.069608, 0.903534, 0.191136, 0.000000, 0.000000, 0.000000, 1.000000, 0.422377, 0.069334, 0.903765, 0.213108, -0.901034, -0.076419, 0.426963, -0.054776, 0.098668, -0.994662, 0.030194, 0.203715, 0.000000, 0.000000, 0.000000, 1.000000, -0.994383, 0.105435, -0.009235, 0.022766, -0.008940, 0.003273, 0.999955, -0.097531, 0.105460, 0.994421, -0.002312, 0.019945, 0.000000, 0.000000, 0.000000, 1.000000
-29.8760, 54.6639, -3.6872, 191.1293, 213.1016, -54.7639, 203.7156, 22.7542, -97.5367, 19.9439, 0.900923, 0.076380, -0.427204, 0.054664, -0.098762, 0.994645, -0.030444, -0.003687, 0.422591, 0.069619, 0.903643, 0.191129, 0.000000, 0.000000, 0.000000, 1.000000, 0.422143, 0.069344, 0.903873, 0.213102, -0.901144, -0.076416, 0.426731, -0.054764, 0.098662, -0.994662, 0.030231, 0.203716, 0.000000, 0.000000, 0.000000, 1.000000, -0.994383, 0.105434, -0.009234, 0.022754, -0.008941, 0.003250, 0.999955, -0.097537, 0.105459, 0.994421, -0.002289, 0.019944, 0.000000, 0.000000, 0.000000, 1.000000
-29.8603, 54.6514, -3.6877, 191.1223, 213.0946, -54.7515, 203.7161, 22.7416, -97.5430, 19.9423, 0.901040, 0.076377, -0.426958, 0.054651, -0.098755, 0.994645, -0.030482, -0.003688, 0.422343, 0.069630, 0.903758, 0.191122, 0.000000, 0.000000, 0.000000, 1.000000, 0.421895, 0.069355, 0.903988, 0.213095, -0.901261, -0.076413, 0.426485, -0.054751, 0.098656, -0.994661, 0.030268, 0.203716, 0.000000, 0.000000, 0.000000, 1.000000, -0.994384, 0.105433, -0.009233, 0.022742, -0.008943, 0.003224, 0.999955, -0.097543, 0.105458, 0.994421, -0.002263, 0.019942, 0.000000, 0.000000, 0.000000, 1.000000
-29.8521, 54.6449, -3.6879, 191.1188, 213.0910, -54.7450, 203.7162, 22.7351, -97.5463, 19.9415, 0.901101, 0.076376, -0.426830, 0.054645, -0.098752, 0.994645, -0.030501, -0.003688, 0.422214, 0.069635, 0.903818, 0.191119, 0.000000, 0.000000, 0.000000, 1.000000, 0.421766, 0.069360, 0.904048, 0.213091, -0.901322, -0.076412, 0.426356, -0.054745, 0.098652, -0.994661, 0.030288, 0.203716, 0.000000, 0.000000, 0.000000, 1.000000, -0.994384, 0.105432, -0.009233, 0.022735, -0.008944, 0.003211, 0.999955, -0.097546, 0.105457, 0.994421, -0.002250, 0.019941, 0.000000, 0.000000, 0.000000, 1.000000
-29.8175, 54.6172, -3.6879, 191.1039, 213.0761, -54.7172, 203.7162, 22.7073, -97.5601, 19.9381, 0.901359, 0.076371, -0.426285, 0.054617, -0.098738, 0.994643, -0.030580, -0.003688, 0.421667, 0.069654, 0.904072, 0.191104, 0.000000, 0.000000, 0.000000, 1.000000, 0.421218, 0.069380, 0.904302, 0.213076, -0.901580, -0.076408, 0.425812, -0.054717, 0.098638, -0.994660, 0.030367, 0.203716, 0.000000, 0.000000, 0.000000, 1.000000, -0.994384, 0.105430, -0.009230, 0.022707, -0.008947, 0.003156, 0.999955, -0.097560, 0.105455, 0.994422, -0.002195, 0.019938, 0.000000, 0.000000, 0.000000, 1.000000
-29.7991, 54.6024, -3.6875, 191.0962, 213.0685, -54.7025, 203.7158, 22.6925, -97.5674, 19.9363, 0.901496, 0.076370, -0.425997, 0.054602, -0.098730, 0.994643, -0.030621, -0.003687, 0.421376, 0.069664, 0.904206, 0.191096, 0.000000, 0.000000, 0.000000, 1.000000, 0.420927, 0.069389, 0.904437, 0.213068, -0.901716, -0.076406, 0.425523, -0.054702, 0.098631, -0.994659, 0.030408, 0.203716, 0.000000, 0.000000, 0.000000, 1.000000, -0.994384, 0.105429, -0.009229, 0.022693, -0.008949, 0.003126, 0.999955, -0.097567, 0.105453, 0.994422, -0.002165, 0.019936, 0.000000, 0.000000, 0.000000, 1.000000
-29.7704, 54.5777, -3.6788, 191.0883, 213.0606, -54.6778, 203.7070, 22.6698, -97.5773, 19.9348, 0.901708, 0.076377, -0.425547, 0.054578, -0.098718, 0.994643, -0.030660, -0.003679, 0.420925, 0.069655, 0.904417, 0.191088, 0.000000, 0.000000, 0.000000, 1.000000, 0.420476, 0.069380, 0.904647, 0.213061, -0.901928, -0.076413, 0.425073, -0.054678, 0.098618, -0.994659, 0.030446, 0.203707, 0.000000, 0.000000, 0.000000, 1.000000, -0.994384, 0.105427, -0.009227, 0.022670, -0.008952, 0.003081, 0.999955, -0.097577, 0.105451, 0.994422, -0.002120, 0.019935, 0.000000, 0.000000, 0.000000, 1.000000
-29.7506, 54.5608, -3.6734, 191.0826, 213.0549, -54.6609, 203.7015, 22.6541, -97.5843, 19.9336, 0.901854, 0.076381, -0.425236, 0.054561, -0.098710, 0.994643, -0.030688, -0.003673, 0.420614, 0.069651, 0.904562, 0.191083, 0.000000, 0.000000, 0.000000, 1.000000, 0.420165, 0.069375, 0.904792, 0.213055, -0.902074, -0.076418, 0.424762, -0.054661, 0.098610, -0.994659, 0.030473, 0.203702, 0.000000, 0.000000, 0.000000, 1.000000, -0.994384, 0.105425, -0.009225, 0.022654, -0.008953, 0.003049, 0.999955, -0.097584, 0.105449, 0.994423, -0.002088, 0.019934, 0.000000, 0.000000, 0.000000, 1.000000
-29.7303, 54.5436, -3.6683, 191.0766, 213.0489, -54.6437, 203.6964, 22.6380, -97.5914, 19.9323, 0.902004, 0.076385, -0.424917, 0.054544, -0.098701, 0.994643, -0.030718, -0.003668, 0.420295, 0.069647, 0.904711, 0.191077, 0.000000, 0.000000, 0.000000, 1.000000, 0.419845, 0.069371, 0.904941, 0.213049, -0.902224, -0.076422, 0.424443, -0.054644, 0.098601, -0.994659, 0.030503, 0.203696, 0.000000, 0.000000, 0.000000, 1.000000, -0.994385, 0.105424, -0.009223, 0.022638, -0.008955, 0.003017, 0.999955, -0.097591, 0.105447, 0.994423, -0.002056, 0.019932, 0.000000, 0.000000, 0.000000, 1.000000
-29.7096, 54.5260, -3.6635, 191.0702, 213.0425, -54.6261, 203.6916, 22.6216, -97.5988, 19.9310, 0.902157, 0.076389, -0.424592, 0.054526, -0.098692, 0.994643, -0.030750, -0.003663, 0.419968, 0.069645, 0.904863, 0.191070, 0.000000, 0.000000, 0.000000, 1.000000, 0.419519, 0.069369, 0.905092, 0.213042, -0.902376, -0.076425, 0.424118, -0.054626, 0.098592, -0.994659, 0.030535, 0.203692, 0.000000, 0.000000, 0.000000, 1.000000, -0.994385, 0.105422, -0.009222, 0.022622, -0.008957, 0.002984, 0.999955, -0.097599, 0.105445, 0.994423, -0.002023, 0.019931, 0.000000, 0.000000, 0.000000, 1.000000
-29.6885, 54.5083, -3.6591, 191.0635, 213.0358, -54.6084, 203.6871, 22.6048, -97.6064, 19.9295, 0.902312, 0.076392, -0.424260, 0.054508, -0.098683, 0.994643, -0.030784, -0.003659, 0.419636, 0.069644, 0.905017, 0.191063, 0.000000, 0.000000, 0.000000, 1.000000, 0.419187, 0.069368, 0.905246, 0.213036, -0.902532, -0.076428, 0.423786, -0.054608, 0.098584, -0.994659, 0.030569, 0.203687, 0.000000, 0.000000, 0.000000, 1.000000, -0.994385, 0.105421, -0.009220, 0.022605, -0.008959, 0.002950, 0.999956, -0.097606, 0.105443, 0.994423, -0.001989, 0.019930, 0.000000, 0.000000, 0.000000, 1.000000
-29.6455, 54.4722, -3.6513, 191.0492, 213.0215, -54.5723, 203.6792, 22.5705, -97.6222, 19.9264, 0.902630, 0.076397, -0.423584, 0.054472, -0.098665, 0.994642, -0.030858, -0.003651, 0.418957, 0.069646, 0.905331, 0.191049, 0.000000, 0.000000, 0.000000, 1.000000, 0.418507, 0.069369, 0.905560, 0.213021, -0.902849, -0.076433, 0.423109, -0.054572, 0.098566, -0.994659, 0.030642, 0.203679, 0.000000, 0.000000, 0.000000, 1.000000, -0.994385, 0.105418, -0.009217, 0.022570, -0.008963, 0.002882, 0.999956, -0.097622, 0.105439, 0.994424, -0.001921, 0.019926, 0.000000, 0.000000, 0.000000, 1.000000
-29.6128, 54.4451, -3.6464, 191.0378, 213.0101, -54.5452, 203.6743, 22.5444, -97.6343, 19.9239, 0.902870, 0.076399, -0.423070, 0.054445, -0.098652, 0.994642, -0.030917, -0.003646, 0.418441, 0.069651, 0.905569, 0.191038, 0.000000, 0.000000, 0.000000, 1.000000, 0.417992, 0.069373, 0.905798, 0.213010, -0.903089, -0.076436, 0.422596, -0.054545, 0.098552, -0.994658, 0.030701, 0.203674, 0.000000, 0.000000, 0.000000, 1.000000, -0.994386, 0.105415, -0.009215, 0.022544, -0.008966, 0.002830, 0.999956, -0.097634, 0.105437, 0.994424, -0.001869, 0.019924, 0.000000, 0.000000, 0.000000, 1.000000
-29.5909, 54.4269, -3.6436, 191.0300, 213.0023, -54.5271, 203.6715, 22.5269, -97.6424, 19.9222, 0.903031, 0.076400, -0.422726, 0.054427, -0.098643, 0.994641, -0.030958, -0.003644, 0.418095, 0.069655, 0.905729, 0.191030, 0.000000, 0.000000, 0.000000, 1.000000, 0.417646, 0.069377, 0.905957, 0.213002, -0.903250, -0.076437, 0.422251, -0.054527, 0.098543, -0.994658, 0.030742, 0.203671, 0.000000, 0.000000, 0.000000, 1.000000, -0.994386, 0.105413, -0.009213, 0.022527, -0.008968, 0.002795, 0.999956, -0.097642, 0.105435, 0.994425, -0.001834, 0.019922, 0.000000, 0.000000, 0.000000, 1.000000
-29.5690, 54.4089, -3.6411, 191.0220, 212.9943, -54.5090, 203.6689, 22.5094, -97.6506, 19.9204, 0.903193, 0.076401, -0.422381, 0.054409, -0.098634, 0.994641, -0.031000, -0.003641, 0.417749, 0.069660, 0.905888, 0.191022, 0.000000, 0.000000, 0.000000, 1.000000, 0.417299, 0.069382, 0.906117, 0.212994, -0.903412, -0.076437, 0.421906, -0.054509, 0.098534, -0.994657, 0.030784, 0.203669, 0.000000, 0.000000, 0.000000, 1.000000, -0.994386, 0.105412, -0.009211, 0.022509, -0.008970, 0.002760, 0.999956, -0.097651, 0.105433, 0.994425, -0.001799, 0.019920, 0.000000, 0.000000, 0.000000, 1.000000
-29.5471, 54.3908, -3.6389, 191.0139, 212.9862, -54.4910, 203.6667, 22.4919, -97.6589, 19.9186, 0.903354, 0.076401, -0.422036, 0.054391, -0.098625, 0.994640, -0.031043, -0.003639, 0.417403, 0.069666, 0.906047, 0.191014, 0.000000, 0.000000, 0.000000, 1.000000, 0.416952, 0.069388, 0.906276, 0.212986, -0.903573, -0.076438, 0.421561, -0.054491, 0.098525, -0.994657, 0.030827, 0.203667, 0.000000, 0.000000, 0.000000, 1.000000, -0.994386, 0.105410, -0.009210, 0.022492, -0.008972, 0.002725, 0.999956, -0.097659, 0.105431, 0.994425, -0.001764, 0.019919, 0.000000, 0.000000, 0.000000, 1.000000
-29.5144, 54.3640, -3.6361, 191.0015, 212.9739, -54.4641, 203.6639, 22.4657, -97.6713, 19.9158, 0.903595, 0.076401, -0.421521, 0.054364, -0.098611, 0.994640, -0.031109, -0.003636, 0.416885, 0.069677, 0.906285, 0.191002, 0.000000, 0.000000, 0.000000, 1.000000, 0.416434, 0.069399, 0.906513, 0.212974, -0.903813, -0.076437, 0.421046, -0.054464, 0.098512, -0.994656, 0.030892, 0.203664, 0.000000, 0.000000, 0.000000, 1.000000, -0.994386, 0.105408, -0.009207, 0.022466, -0.008976, 0.002673, 0.999956, -0.097671, 0.105428, 0.994426, -0.001712, 0.019916, 0.000000, 0.000000, 0.000000, 1.000000
-29.4714, 54.3288, -3.6333, 190.9848, 212.9572, -54.4290, 203.6610, 22.4312, -97.6878, 19.9120, 0.903911, 0.076400, -0.420842, 0.054329, -0.098594, 0.994639, -0.031198, -0.003633, 0.416203, 0.069693, 0.906597, 0.190985, 0.000000, 0.000000, 0.000000, 1.000000, 0.415752, 0.069415, 0.906825, 0.212957, -0.904129, -0.076436, 0.420367, -0.054429, 0.098494, -0.994655, 0.030981, 0.203661, 0.000000, 0.000000, 0.000000, 1.000000, -0.994387, 0.105404, -0.009204, 0.022431, -0.008980, 0.002604, 0.999956, -0.097688, 0.105424, 0.994426, -0.001643, 0.019912, 0.000000, 0.000000, 0.000000, 1.000000
-29.4503, 54.3106, -3.6270, 190.9792, 212.9515, -54.4108, 203.6546, 22.4144, -97.6950, 19.9108, 0.904065, 0.076405, -0.420511, 0.054311, -0.098585, 0.994639, -0.031226, -0.003627, 0.415870, 0.069686, 0.906750, 0.190979, 0.000000, 0.000000, 0.000000, 1.000000, 0.415420, 0.069408, 0.906978, 0.212952, -0.904283, -0.076442, 0.420035, -0.054411, 0.098485, -0.994655, 0.031009, 0.203655, 0.000000, 0.000000, 0.000000, 1.000000, -0.994387, 0.105403, -0.009202, 0.022414, -0.008982, 0.002570, 0.999956, -0.097695, 0.105422, 0.994426, -0.001609, 0.019911, 0.000000, 0.000000, 0.000000, 1.000000
-29.4295, 54.2929, -3.6213, 190.9733, 212.9457, -54.3930, 203.6489, 22.3979, -97.7022, 19.9096, 0.904216, 0.076410, -0.420184, 0.054293, -0.098576, 0.994639, -0.031256, -0.003621, 0.415543, 0.069682, 0.906900, 0.190973, 0.000000, 0.000000, 0.000000, 1.000000, 0.415092, 0.069403, 0.907128, 0.212946, -0.904434, -0.076447, 0.419708, -0.054393, 0.098476, -0.994655, 0.031038, 0.203649, 0.000000, 0.000000, 0.000000, 1.000000, -0.994387, 0.105401, -0.009201, 0.022398, -0.008983, 0.002537, 0.999956, -0.097702, 0.105420, 0.994427, -0.001576, 0.019910, 0.000000, 0.000000, 0.000000, 1.000000
-29.4092, 54.2755, -3.6164, 190.9673, 212.9397, -54.3757, 203.6439, 22.3817, -97.7094, 19.9083, 0.904365, 0.076414, -0.419863, 0.054276, -0.098567, 0.994638, -0.031287, -0.003616, 0.415221, 0.069679, 0.907048, 0.190967, 0.000000, 0.000000, 0.000000, 1.000000, 0.414771, 0.069400, 0.907276, 0.212940, -0.904582, -0.076451, 0.419387, -0.054376, 0.098467, -0.994655, 0.031068, 0.203644, 0.000000, 0.000000, 0.000000, 1.000000, -0.994387, 0.105399, -0.009199, 0.022382, -0.008985, 0.002505, 0.999956, -0.097709, 0.105418, 0.994427, -0.001544, 0.019908, 0.000000, 0.000000, 0.000000, 1.000000
-29.3892, 54.2586, -3.6122, 190.9611, 212.9335, -54.3588, 203.6396, 22.3658, -97.7165, 19.9069, 0.904511, 0.076418, -0.419549, 0.054259, -0.098559, 0.994638, -0.031319, -0.003612, 0.414906, 0.069678, 0.907192, 0.190961, 0.000000, 0.000000, 0.000000, 1.000000, 0.414455, 0.069399, 0.907420, 0.212933, -0.904728, -0.076454, 0.419073, -0.054359, 0.098459, -0.994655, 0.031100, 0.203640, 0.000000, 0.000000, 0.000000, 1.000000, -0.994388, 0.105398, -0.009198, 0.022366, -0.008987, 0.002473, 0.999957, -0.097716, 0.105416, 0.994427, -0.001512, 0.019907, 0.000000, 0.000000, 0.000000, 1.000000
-29.3697, 54.2422, -3.6086, 190.9548, 212.9271, -54.3423, 203.6360, 22.3502, -97.7235, 19.9055, 0.904653, 0.076420, -0.419240, 0.054242, -0.098551, 0.994638, -0.031352, -0.003609, 0.414597, 0.069679, 0.907334, 0.190955, 0.000000, 0.000000, 0.000000, 1.000000, 0.414146, 0.069399, 0.907561, 0.212927, -0.904871, -0.076457, 0.418764, -0.054342, 0.098451, -0.994655, 0.031133, 0.203636, 0.000000, 0.000000, 0.000000, 1.000000, -0.994388, 0.105396, -0.009196, 0.022350, -0.008989, 0.002442, 0.999957, -0.097724, 0.105414, 0.994427, -0.001481, 0.019906, 0.000000, 0.000000, 0.000000, 1.000000
-29.3226, 54.2030, -3.6025, 190.9383, 212.9107, -54.3032, 203.6297, 22.3126, -97.7409, 19.9018, 0.904996, 0.076423, -0.418498, 0.054203, -0.098531, 0.994637, -0.031439, -0.003602, 0.413851, 0.069688, 0.907673, 0.190938, 0.000000, 0.000000, 0.000000, 1.000000, 0.413400, 0.069407, 0.907900, 0.212911, -0.905213, -0.076460, 0.418022, -0.054303, 0.098431, -0.994654, 0.031220, 0.203630, 0.000000, 0.000000, 0.000000, 1.000000, -0.994388, 0.105392, -0.009193, 0.022313, -0.008993, 0.002367, 0.999957, -0.097741, 0.105409, 0.994428, -0.001406, 0.019902, 0.000000, 0.000000, 0.000000, 1.000000
-29.2958, 54.1810, -3.6004, 190.9282, 212.9006, -54.2812, 203.6276, 22.2911, -97.7510, 19.8995, 0.905192, 0.076423, -0.418075, 0.054181, -0.098520, 0.994637, -0.031494, -0.003600, 0.413426, 0.069697, 0.907866, 0.190928, 0.000000, 0.000000, 0.000000, 1.000000, 0.412975, 0.069416, 0.908093, 0.212901, -0.905409, -0.076459, 0.417599, -0.054281, 0.098420, -0.994653, 0.031274, 0.203628, 0.000000, 0.000000, 0.000000, 1.000000, -0.994389, 0.105390, -0.009191, 0.022291, -0.008996, 0.002324, 0.999957, -0.097751, 0.105407, 0.994428, -0.001363, 0.019899, 0.000000, 0.000000, 0.000000, 1.000000
-29.2871, 54.1739, -3.6000, 190.9247, 212.8972, -54.2741, 203.6271, 22.2841, -97.7544, 19.8987, 0.905256, 0.076423, -0.417938, 0.054174, -0.098517, 0.994636, -0.031513, -0.003600, 0.413288, 0.069701, 0.907929, 0.190925, 0.000000, 0.000000, 0.000000, 1.000000, 0.412837, 0.069419, 0.908156, 0.212897, -0.905472, -0.076459, 0.417461, -0.054274, 0.098417, -0.994653, 0.031292, 0.203627, 0.000000, 0.000000, 0.000000, 1.000000, -0.994389, 0.105389, -0.009190, 0.022284, -0.008997, 0.002310, 0.999957, -0.097754, 0.105406, 0.994428, -0.001349, 0.019899, 0.000000, 0.000000, 0.000000, 1.000000
-29.2616, 54.1532, -3.5993, 190.9145, 212.8869, -54.2534, 203.6263, 22.2635, -97.7642, 19.8963, 0.905442, 0.076421, -0.417535, 0.054153, -0.098506, 0.994636, -0.031569, -0.003599, 0.412882, 0.069713, 0.908112, 0.190914, 0.000000, 0.000000, 0.000000, 1.000000, 0.412431, 0.069432, 0.908339, 0.212887, -0.905658, -0.076457, 0.417058, -0.054253, 0.098406, -0.994652, 0.031348, 0.203626, 0.000000, 0.000000, 0.000000, 1.000000, -0.994389, 0.105387, -0.009188, 0.022264, -0.008999, 0.002269, 0.999957, -0.097764, 0.105403, 0.994429, -0.001308, 0.019896, 0.000000, 0.000000, 0.000000, 1.000000
-29.2451, 54.1399, -3.5993, 190.9076, 212.8800, -54.2401, 203.6263, 22.2502, -97.7707, 19.8947, 0.905562, 0.076419, -0.417274, 0.054140, -0.098500, 0.994635, -0.031606, -0.003599, 0.412620, 0.069723, 0.908231, 0.190908, 0.000000, 0.000000, 0.000000, 1.000000, 0.412169, 0.069441, 0.908457, 0.212880, -0.905778, -0.076456, 0.416797, -0.054240, 0.098399, -0.994652, 0.031386, 0.203626, 0.000000, 0.000000, 0.000000, 1.000000, -0.994389, 0.105386, -0.009187, 0.022250, -0.009001, 0.002243, 0.999957, -0.097771, 0.105402, 0.994429, -0.001282, 0.019895, 0.000000, 0.000000, 0.000000, 1.000000
-29.2290, 54.1270, -3.5996, 190.9008, 212.8732, -54.2272, 203.6266, 22.2373, -97.7770, 19.8931, 0.905679, 0.076417, -0.417020, 0.054127, -0.098493, 0.994634, -0.031644, -0.003600, 0.412364, 0.069733, 0.908346, 0.190901, 0.000000, 0.000000, 0.000000, 1.000000, 0.411913, 0.069451, 0.908573, 0.212873, -0.905895, -0.076453, 0.416543, -0.054227, 0.098393, -0.994651, 0.031423, 0.203627, 0.000000, 0.000000, 0.000000, 1.000000, -0.994389, 0.105384, -0.009186, 0.022237, -0.009002, 0.002217, 0.999957, -0.097777, 0.105400, 0.994429, -0.001256, 0.019893, 0.000000, 0.000000, 0.000000, 1.000000
-29.2133, 54.1144, -3.6001, 190.8939, 212.8664, -54.2146, 203.6271, 22.2246, -97.7832, 19.8915, 0.905793, 0.076415, -0.416772, 0.054114, -0.098487, 0.994634, -0.031682, -0.003600, 0.412115, 0.069744, 0.908459, 0.190894, 0.000000, 0.000000, 0.000000, 1.000000, 0.411663, 0.069461, 0.908685, 0.212866, -0.906010, -0.076451, 0.416295, -0.054215, 0.098386, -0.994651, 0.031460, 0.203627, 0.000000, 0.000000, 0.000000, 1.000000, -0.994389, 0.105383, -0.009185, 0.022225, -0.009004, 0.002192, 0.999957, -0.097783, 0.105399, 0.994429, -0.001231, 0.019891, 0.000000, 0.000000, 0.000000, 1.000000
-29.1980, 54.1022, -3.6009, 190.8872, 212.8596, -54.2024, 203.6278, 22.2123, -97.7893, 19.8899, 0.905905, 0.076412, -0.416531, 0.054102, -0.098480, 0.994633, -0.031719, -0.003601, 0.411872, 0.069754, 0.908568, 0.190887, 0.000000, 0.000000, 0.000000, 1.000000, 0.411420, 0.069472, 0.908794, 0.212860, -0.906121, -0.076448, 0.416054, -0.054202, 0.098380, -0.994650, 0.031498, 0.203628, 0.000000, 0.000000, 0.000000, 1.000000, -0.994389, 0.105382, -0.009184, 0.022212, -0.009005, 0.002168, 0.999957, -0.097789, 0.105397, 0.994429, -0.001206, 0.019890, 0.000000, 0.000000, 0.000000, 1.000000
-29.1905, 54.0963, -3.6013, 190.8838, 212.8563, -54.1965, 203.6283, 22.2062, -97.7923, 19.8891, 0.905959, 0.076411, -0.416412, 0.054096, -0.098477, 0.994633, -0.031738, -0.003601, 0.411752, 0.069760, 0.908622, 0.190884, 0.000000, 0.000000, 0.000000, 1.000000, 0.411300, 0.069478, 0.908848, 0.212856, -0.906175, -0.076447, 0.415935, -0.054196, 0.098377, -0.994650, 0.031516, 0.203628, 0.000000, 0.000000, 0.000000, 1.000000, -0.994390, 0.105381, -0.009183, 0.022206, -0.009006, 0.002156, 0.999957, -0.097792, 0.105396, 0.994430, -0.001194, 0.019889, 0.000000, 0.000000, 0.000000, 1.000000
-29.1685, 54.0788, -3.6028, 190.8739, 212.8463, -54.1790, 203.6297, 22.1884, -97.8012, 19.8867, 0.906120, 0.076406, -0.416064, 0.054079, -0.098468, 0.994632, -0.031793, -0.003603, 0.411402, 0.069777, 0.908779, 0.190874, 0.000000, 0.000000, 0.000000, 1.000000, 0.410950, 0.069494, 0.909005, 0.212846, -0.906335, -0.076443, 0.415587, -0.054179, 0.098368, -0.994649, 0.031571, 0.203630, 0.000000, 0.000000, 0.000000, 1.000000, -0.994390, 0.105379, -0.009182, 0.022188, -0.009008, 0.002120, 0.999957, -0.097801, 0.105394, 0.994430, -0.001159, 0.019887, 0.000000, 0.000000, 0.000000, 1.000000
-29.1543, 54.0675, -3.6039, 190.8674, 212.8398, -54.1678, 203.6308, 22.1769, -97.8069, 19.8852, 0.906223, 0.076403, -0.415839, 0.054068, -0.098462, 0.994632, -0.031829, -0.003604, 0.411175, 0.069788, 0.908881, 0.190867, 0.000000, 0.000000, 0.000000, 1.000000, 0.410723, 0.069506, 0.909107, 0.212840, -0.906439, -0.076440, 0.415362, -0.054168, 0.098362, -0.994649, 0.031607, 0.203631, 0.000000, 0.000000, 0.000000, 1.000000, -0.994390, 0.105378, -0.009181, 0.022177, -0.009010, 0.002097, 0.999957, -0.097807, 0.105393, 0.994430, -0.001136, 0.019885, 0.000000, 0.000000, 0.000000, 1.000000
-29.1267, 54.0457, -3.6061, 190.8547, 212.8272, -54.1460, 203.6330, 22.1545, -97.8180, 19.8822, 0.906424, 0.076397, -0.415403, 0.054046, -0.098450, 0.994631, -0.031899, -0.003606, 0.410735, 0.069811, 0.909078, 0.190855, 0.000000, 0.000000, 0.000000, 1.000000, 0.410283, 0.069528, 0.909304, 0.212827, -0.906639, -0.076434, 0.414925, -0.054146, 0.098350, -0.994648, 0.031677, 0.203633, 0.000000, 0.000000, 0.000000, 1.000000, -0.994390, 0.105376, -0.009179, 0.022155, -0.009013, 0.002053, 0.999957, -0.097818, 0.105390, 0.994430, -0.001092, 0.019882, 0.000000, 0.000000, 0.000000, 1.000000
-29.1134, 54.0353, -3.6072, 190.8487, 212.8211, -54.1355, 203.6340, 22.1438, -97.8234, 19.8807, 0.906520, 0.076394, -0.415193, 0.054035, -0.098445, 0.994630, -0.031933, -0.003607, 0.410524, 0.069821, 0.909173, 0.190849, 0.000000, 0.000000, 0.000000, 1.000000, 0.410072, 0.069539, 0.909398, 0.212821, -0.906735, -0.076431, 0.414716, -0.054135, 0.098345, -0.994647, 0.031711, 0.203634, 0.000000, 0.000000, 0.000000, 1.000000, -0.994390, 0.105375, -0.009178, 0.022144, -0.009014, 0.002032, 0.999957, -0.097823, 0.105389, 0.994431, -0.001071, 0.019881, 0.000000, 0.000000, 0.000000, 1.000000
-29.0941, 54.0199, -3.6086, 190.8398, 212.8123, -54.1202, 203.6355, 22.1281, -97.8311, 19.8786, 0.906661, 0.076390, -0.414887, 0.054020, -0.098436, 0.994629, -0.031982, -0.003609, 0.410216, 0.069837, 0.909311, 0.190840, 0.000000, 0.000000, 0.000000, 1.000000, 0.409763, 0.069554, 0.909536, 0.212812, -0.906876, -0.076426, 0.414409, -0.054120, 0.098336, -0.994646, 0.031760, 0.203635, 0.000000, 0.000000, 0.000000, 1.000000, -0.994390, 0.105373, -0.009177, 0.022128, -0.009016, 0.002001, 0.999957, -0.097831, 0.105387, 0.994431, -0.001040, 0.019879, 0.000000, 0.000000, 0.000000, 1.000000
-29.0877, 54.0149, -3.6090, 190.8369, 212.8094, -54.1152, 203.6359, 22.1230, -97.8337, 19.8780, 0.906707, 0.076388, -0.414787, 0.054015, -0.098434, 0.994629, -0.031998, -0.003609, 0.410115, 0.069841, 0.909356, 0.190837, 0.000000, 0.000000, 0.000000, 1.000000, 0.409662, 0.069559, 0.909581, 0.212809, -0.906922, -0.076425, 0.414309, -0.054115, 0.098334, -0.994646, 0.031776, 0.203636, 0.000000, 0.000000, 0.000000, 1.000000, -0.994390, 0.105373, -0.009176, 0.022123, -0.009017, 0.001991, 0.999957, -0.097834, 0.105386, 0.994431, -0.001029, 0.019878, 0.000000, 0.000000, 0.000000, 1.000000
-29.0752, 54.0050, -3.6098, 190.8313, 212.8038, -54.1052, 203.6367, 22.1128, -97.8387, 19.8766, 0.906797, 0.076386, -0.414588, 0.054005, -0.098428, 0.994629, -0.032029, -0.003610, 0.409915, 0.069851, 0.909445, 0.190831, 0.000000, 0.000000, 0.000000, 1.000000, 0.409463, 0.069568, 0.909671, 0.212804, -0.907013, -0.076422, 0.414111, -0.054105, 0.098328, -0.994646, 0.031807, 0.203637, 0.000000, 0.000000, 0.000000, 1.000000, -0.994391, 0.105372, -0.009175, 0.022113, -0.009018, 0.001971, 0.999957, -0.097839, 0.105385, 0.994431, -0.001009, 0.019877, 0.000000, 0.000000, 0.000000, 1.000000
-29.0628, 53.9951, -3.6104, 190.8258, 212.7983, -54.0954, 203.6373, 22.1028, -97.8436, 19.8753, 0.906887, 0.076383, -0.414393, 0.053995, -0.098423, 0.994628, -0.032059, -0.003610, 0.409718, 0.069860, 0.909533, 0.190826, 0.000000, 0.000000, 0.000000, 1.000000, 0.409265, 0.069577, 0.909759, 0.212798, -0.907102, -0.076420, 0.413915, -0.054095, 0.098323, -0.994645, 0.031837, 0.203637, 0.000000, 0.000000, 0.000000, 1.000000, -0.994391, 0.105371, -0.009174, 0.022103, -0.009019, 0.001951, 0.999957, -0.097844, 0.105384, 0.994431, -0.000989, 0.019875, 0.000000, 0.000000, 0.000000, 1.000000
-29.0264, 53.9660, -3.6112, 190.8101, 212.7826, -54.0663, 203.6381, 22.0733, -97.8579, 19.8717, 0.907150, 0.076377, -0.413817, 0.053966, -0.098406, 0.994627, -0.032145, -0.003611, 0.409138, 0.069883, 0.909792, 0.190810, 0.000000, 0.000000, 0.000000, 1.000000, 0.408686, 0.069600, 0.910017, 0.212783, -0.907365, -0.076414, 0.413339, -0.054066, 0.098307, -0.994644, 0.031924, 0.203638, 0.000000, 0.000000, 0.000000, 1.000000, -0.994391, 0.105367, -0.009172, 0.022073, -0.009023, 0.001892, 0.999958, -0.097858, 0.105380, 0.994432, -0.000931, 0.019872, 0.000000, 0.000000, 0.000000, 1.000000
-29.0145, 53.9565, -3.6111, 190.8052, 212.7777, -54.0567, 203.6380, 22.0637, -97.8625, 19.8705, 0.907236, 0.076376, -0.413629, 0.053956, -0.098401, 0.994627, -0.032172, -0.003611, 0.408949, 0.069889, 0.909877, 0.190805, 0.000000, 0.000000, 0.000000, 1.000000, 0.408497, 0.069607, 0.910102, 0.212778, -0.907451, -0.076412, 0.413151, -0.054057, 0.098301, -0.994644, 0.031951, 0.203638, 0.000000, 0.000000, 0.000000, 1.000000, -0.994391, 0.105366, -0.009171, 0.022064, -0.009024, 0.001873, 0.999958, -0.097862, 0.105379, 0.994432, -0.000912, 0.019871, 0.000000, 0.000000, 0.000000, 1.000000
-29.0027, 53.9469, -3.6108, 190.8003, 212.7728, -54.0472, 203.6378, 22.0541, -97.8670, 19.8694, 0.907322, 0.076374, -0.413442, 0.053947, -0.098395, 0.994626, -0.032199, -0.003611, 0.408762, 0.069895, 0.909961, 0.190800, 0.000000, 0.000000, 0.000000, 1.000000, 0.408309, 0.069613, 0.910186, 0.212773, -0.907536, -0.076411, 0.412964, -0.054047, 0.098296, -0.994643, 0.031977, 0.203638, 0.000000, 0.000000, 0.000000, 1.000000, -0.994391, 0.105365, -0.009170, 0.022054, -0.009025, 0.001855, 0.999958, -0.097867, 0.105378, 0.994432, -0.000893, 0.019869, 0.000000, 0.000000, 0.000000, 1.000000
-28.9968, 53.9421, -3.6106, 190.7980, 212.7705, -54.0424, 203.6376, 22.0494, -97.8693, 19.8689, 0.907364, 0.076374, -0.413349, 0.053942, -0.098393, 0.994626, -0.032212, -0.003611, 0.408668, 0.069898, 0.910003, 0.190798, 0.000000, 0.000000, 0.000000, 1.000000, 0.408215, 0.069616, 0.910228, 0.212770, -0.907579, -0.076410, 0.412871, -0.054042, 0.098293, -0.994643, 0.031990, 0.203638, 0.000000, 0.000000, 0.000000, 1.000000, -0.994391, 0.105365, -0.009170, 0.022049, -0.009026, 0.001845, 0.999958, -0.097869, 0.105377, 0.994432, -0.000884, 0.019869, 0.000000, 0.000000, 0.000000, 1.000000
