# Joint_6_Angle(deg), Cam_X(mm), Cam_Y(mm), Cam_Z(mm), Torso_X(mm), Torso_Y(mm), Torso_Z(mm), EE_X(mm), EE_Y(mm), EE_Z(mm), T_cam2marker_flat(16), T_torso2marker_flat(16), T_ee2marker_flat(16)
-29.9975, 33.0284, 50.6064, 223.6042, 245.5908, -33.0287, 149.4083, 124.2452, -49.3535, -4.5360, 0.175868, -0.926718, -0.332062, 0.033028, 0.980765, 0.135930, 0.140085, 0.050606, -0.084682, -0.350311, 0.932798, 0.223604, 0.000000, 0.000000, 0.000000, 1.000000, -0.084940, -0.350345, 0.932761, 0.245591, -0.175868, 0.926718, 0.332060, -0.033029, -0.980742, -0.135838, -0.140330, 0.149408, 0.000000, 0.000000, 0.000000, 1.000000, 0.033934, 0.093009, -0.995087, 0.124245, -0.997801, -0.053564, -0.039033, -0.049354, -0.056931, 0.994223, 0.090987, -0.004536, 0.000000, 0.000000, 0.000000, 1.000000
-29.9770, 33.0208, 50.5681, 223.6115, 245.5982, -33.0211, 149.4464, 124.2420, -49.3536, -4.5158, 0.176200, -0.926655, -0.332060, 0.033021, 0.980713, 0.136269, 0.140118, 0.050568, -0.084591, -0.350344, 0.932793, 0.223612, 0.000000, 0.000000, 0.000000, 1.000000, -0.084850, -0.350378, 0.932757, 0.245598, -0.176200, 0.926656, 0.332058, -0.033021, -0.980691, -0.136176, -0.140363, 0.149446, 0.000000, 0.000000, 0.000000, 1.000000, 0.033910, 0.093021, -0.995086, 0.124242, -0.997802, -0.053565, -0.039010, -0.049354, -0.056931, 0.994222, 0.091001, -0.004516, 0.000000, 0.000000, 0.000000, 1.000000
-29.9479, 33.0098, 50.5125, 223.6215, 245.6081, -33.0101, 149.5019, 124.2379, -49.3534, -4.4872, 0.176671, -0.926567, -0.332057, 0.033010, 0.980640, 0.136751, 0.140160, 0.050512, -0.084459, -0.350390, 0.932788, 0.223621, 0.000000, 0.000000, 0.000000, 1.000000, -0.084718, -0.350425, 0.932751, 0.245608, -0.176671, 0.926567, 0.332055, -0.033010, -0.980617, -0.136659, -0.140407, 0.149502, 0.000000, 0.000000, 0.000000, 1.000000, 0.033876, 0.093039, -0.995086, 0.124238, -0.997803, -0.053567, -0.038977, -0.049353, -0.056930, 0.994221, 0.091020, -0.004487, 0.000000, 0.000000, 0.000000, 1.000000
-29.9387, 33.0063, 50.4945, 223.6245, 245.6110, -33.0066, 149.5198, 124.2366, -49.3533, -4.4781, 0.176820, -0.926539, -0.332056, 0.033006, 0.980617, 0.136904, 0.140173, 0.050494, -0.084415, -0.350405, 0.932786, 0.223624, 0.000000, 0.000000, 0.000000, 1.000000, -0.084675, -0.350440, 0.932750, 0.245611, -0.176820, 0.926539, 0.332054, -0.033007, -0.980594, -0.136812, -0.140420, 0.149520, 0.000000, 0.000000, 0.000000, 1.000000, 0.033865, 0.093044, -0.995086, 0.124237, -0.997804, -0.053567, -0.038966, -0.049353, -0.056930, 0.994220, 0.091026, -0.004478, 0.000000, 0.000000, 0.000000, 1.000000
-29.9128, 32.9961, 50.4426, 223.6324, 245.6190, -32.9965, 149.5715, 124.2334, -49.3527, -4.4525, 0.177239, -0.926459, -0.332054, 0.032996, 0.980552, 0.137337, 0.140204, 0.050443, -0.084290, -0.350445, 0.932783, 0.223632, 0.000000, 0.000000, 0.000000, 1.000000, -0.084551, -0.350480, 0.932746, 0.245619, -0.177239, 0.926460, 0.332052, -0.032996, -0.980529, -0.137243, -0.140452, 0.149571, 0.000000, 0.000000, 0.000000, 1.000000, 0.033835, 0.093059, -0.995086, 0.124233, -0.997805, -0.053569, -0.038937, -0.049353, -0.056929, 0.994218, 0.091042, -0.004453, 0.000000, 0.000000, 0.000000, 1.000000
-29.8971, 32.9899, 50.4100, 223.6369, 245.6234, -32.9902, 149.6039, 124.2316, -49.3523, -4.4369, 0.177494, -0.926411, -0.332052, 0.032990, 0.980512, 0.137600, 0.140220, 0.050410, -0.084211, -0.350470, 0.932781, 0.223637, 0.000000, 0.000000, 0.000000, 1.000000, -0.084472, -0.350505, 0.932744, 0.245623, -0.177494, 0.926411, 0.332051, -0.032990, -0.980490, -0.137507, -0.140468, 0.149604, 0.000000, 0.000000, 0.000000, 1.000000, 0.033817, 0.093068, -0.995085, 0.124232, -0.997805, -0.053570, -0.038919, -0.049352, -0.056928, 0.994218, 0.091053, -0.004437, 0.000000, 0.000000, 0.000000, 1.000000
-29.8760, 32.9812, 50.3646, 223.6423, 245.6288, -32.9815, 149.6491, 124.2294, -49.3515, -4.4158, 0.177838, -0.926345, -0.332051, 0.032981, 0.980460, 0.137958, 0.140238, 0.050365, -0.084100, -0.350502, 0.932779, 0.223642, 0.000000, 0.000000, 0.000000, 1.000000, -0.084361, -0.350537, 0.932742, 0.245629, -0.177838, 0.926346, 0.332049, -0.032981, -0.980437, -0.137865, -0.140487, 0.149649, 0.000000, 0.000000, 0.000000, 1.000000, 0.033792, 0.093081, -0.995085, 0.124229, -0.997806, -0.053571, -0.038895, -0.049351, -0.056928, 0.994216, 0.091066, -0.004416, 0.000000, 0.000000, 0.000000, 1.000000
-29.8635, 32.9759, 50.3368, 223.6452, 245.6316, -32.9762, 149.6769, 124.2283, -49.3509, -4.4032, 0.178042, -0.926307, -0.332050, 0.032976, 0.980428, 0.138171, 0.140245, 0.050337, -0.084031, -0.350521, 0.932778, 0.223645, 0.000000, 0.000000, 0.000000, 1.000000, -0.084293, -0.350556, 0.932741, 0.245632, -0.178042, 0.926307, 0.332048, -0.032976, -0.980406, -0.138077, -0.140495, 0.149677, 0.000000, 0.000000, 0.000000, 1.000000, 0.033777, 0.093088, -0.995085, 0.124228, -0.997807, -0.053571, -0.038881, -0.049351, -0.056927, 0.994216, 0.091074, -0.004403, 0.000000, 0.000000, 0.000000, 1.000000
-29.8523, 32.9710, 50.3108, 223.6474, 245.6338, -32.9714, 149.7028, 124.2275, -49.3502, -4.3919, 0.178226, -0.926272, -0.332049, 0.032971, 0.980401, 0.138364, 0.140250, 0.050311, -0.083966, -0.350537, 0.932777, 0.223647, 0.000000, 0.000000, 0.000000, 1.000000, -0.084228, -0.350573, 0.932740, 0.245634, -0.178226, 0.926272, 0.332048, -0.032971, -0.980378, -0.138271, -0.140500, 0.149703, 0.000000, 0.000000, 0.000000, 1.000000, 0.033764, 0.093095, -0.995085, 0.124227, -0.997807, -0.053572, -0.038869, -0.049350, -0.056927, 0.994215, 0.091082, -0.004392, 0.000000, 0.000000, 0.000000, 1.000000
-29.8422, 32.9666, 50.2867, 223.6490, 245.6355, -32.9669, 149.7268, 124.2269, -49.3495, -4.3817, 0.178391, -0.926240, -0.332048, 0.032967, 0.980376, 0.138538, 0.140251, 0.050287, -0.083905, -0.350552, 0.932777, 0.223649, 0.000000, 0.000000, 0.000000, 1.000000, -0.084168, -0.350588, 0.932740, 0.245635, -0.178391, 0.926241, 0.332047, -0.032967, -0.980353, -0.138444, -0.140502, 0.149727, 0.000000, 0.000000, 0.000000, 1.000000, 0.033752, 0.093101, -0.995084, 0.124227, -0.997808, -0.053573, -0.038857, -0.049349, -0.056927, 0.994214, 0.091088, -0.004382, 0.000000, 0.000000, 0.000000, 1.000000
-29.8293, 32.9606, 50.2540, 223.6505, 245.6369, -32.9609, 149.7593, 124.2264, -49.3483, -4.3684, 0.178604, -0.926199, -0.332048, 0.032961, 0.980344, 0.138765, 0.140249, 0.050254, -0.083822, -0.350570, 0.932778, 0.223651, 0.000000, 0.000000, 0.000000, 1.000000, -0.084086, -0.350606, 0.932741, 0.245637, -0.178604, 0.926200, 0.332046, -0.032961, -0.980322, -0.138670, -0.140500, 0.149759, 0.000000, 0.000000, 0.000000, 1.000000, 0.033737, 0.093108, -0.995084, 0.124226, -0.997808, -0.053573, -0.038842, -0.049348, -0.056927, 0.994214, 0.091097, -0.004368, 0.000000, 0.000000, 0.000000, 1.000000
-29.8219, 32.9571, 50.2343, 223.6510, 245.6374, -32.9574, 149.7789, 124.2263, -49.3475, -4.3608, 0.178726, -0.926176, -0.332048, 0.032957, 0.980326, 0.138895, 0.140245, 0.050234, -0.083771, -0.350580, 0.932779, 0.223651, 0.000000, 0.000000, 0.000000, 1.000000, -0.084036, -0.350616, 0.932741, 0.245637, -0.178726, 0.926176, 0.332046, -0.032957, -0.980304, -0.138801, -0.140496, 0.149779, 0.000000, 0.000000, 0.000000, 1.000000, 0.033729, 0.093113, -0.995084, 0.124226, -0.997808, -0.053574, -0.038834, -0.049348, -0.056926, 0.994213, 0.091101, -0.004361, 0.000000, 0.000000, 0.000000, 1.000000
-29.8154, 32.9539, 50.2162, 223.6510, 245.6374, -32.9542, 149.7970, 124.2264, -49.3467, -4.3540, 0.178833, -0.926155, -0.332047, 0.032954, 0.980311, 0.139012, 0.140239, 0.050216, -0.083724, -0.350589, 0.932780, 0.223651, 0.000000, 0.000000, 0.000000, 1.000000, -0.083989, -0.350625, 0.932742, 0.245637, -0.178833, 0.926156, 0.332046, -0.032954, -0.980288, -0.138917, -0.140490, 0.149797, 0.000000, 0.000000, 0.000000, 1.000000, 0.033721, 0.093116, -0.995084, 0.124226, -0.997809, -0.053574, -0.038827, -0.049347, -0.056926, 0.994213, 0.091106, -0.004354, 0.000000, 0.000000, 0.000000, 1.000000
-29.8071, 32.9507, 50.2002, 223.6539, 245.6403, -32.9510, 149.8127, 124.2253, -49.3466, -4.3459, 0.178967, -0.926129, -0.332047, 0.032951, 0.980289, 0.139149, 0.140250, 0.050200, -0.083686, -0.350602, 0.932778, 0.223654, 0.000000, 0.000000, 0.000000, 1.000000, -0.083952, -0.350638, 0.932741, 0.245640, -0.178967, 0.926130, 0.332045, -0.032951, -0.980267, -0.139054, -0.140503, 0.149813, 0.000000, 0.000000, 0.000000, 1.000000, 0.033711, 0.093121, -0.995084, 0.124225, -0.997809, -0.053575, -0.038817, -0.049347, -0.056926, 0.994212, 0.091111, -0.004346, 0.000000, 0.000000, 0.000000, 1.000000
-29.8024, 32.9488, 50.1903, 223.6553, 245.6416, -32.9491, 149.8225, 124.2247, -49.3465, -4.3412, 0.179044, -0.926115, -0.332046, 0.032949, 0.980277, 0.139229, 0.140255, 0.050190, -0.083662, -0.350609, 0.932777, 0.223655, 0.000000, 0.000000, 0.000000, 1.000000, -0.083928, -0.350646, 0.932740, 0.245642, -0.179044, 0.926115, 0.332045, -0.032949, -0.980255, -0.139134, -0.140508, 0.149823, 0.000000, 0.000000, 0.000000, 1.000000, 0.033706, 0.093124, -0.995084, 0.124225, -0.997809, -0.053575, -0.038812, -0.049346, -0.056926, 0.994212, 0.091114, -0.004341, 0.000000, 0.000000, 0.000000, 1.000000
-29.7981, 32.9470, 50.1807, 223.6562, 245.6425, -32.9473, 149.8320, 124.2244, -49.3462, -4.3369, 0.179113, -0.926101, -0.332046, 0.032947, 0.980267, 0.139301, 0.140257, 0.050181, -0.083638, -0.350616, 0.932777, 0.223656, 0.000000, 0.000000, 0.000000, 1.000000, -0.083904, -0.350652, 0.932740, 0.245643, -0.179113, 0.926102, 0.332045, -0.032947, -0.980244, -0.139206, -0.140510, 0.149832, 0.000000, 0.000000, 0.000000, 1.000000, 0.033701, 0.093126, -0.995084, 0.124224, -0.997809, -0.053575, -0.038807, -0.049346, -0.056926, 0.994212, 0.091117, -0.004337, 0.000000, 0.000000, 0.000000, 1.000000
-29.7943, 32.9453, 50.1713, 223.6568, 245.6430, -32.9456, 149.8413, 124.2242, -49.3459, -4.3330, 0.179176, -0.926089, -0.332046, 0.032945, 0.980258, 0.139368, 0.140257, 0.050171, -0.083614, -0.350621, 0.932777, 0.223657, 0.000000, 0.000000, 0.000000, 1.000000, -0.083881, -0.350658, 0.932740, 0.245643, -0.179176, 0.926090, 0.332045, -0.032946, -0.980235, -0.139272, -0.140511, 0.149841, 0.000000, 0.000000, 0.000000, 1.000000, 0.033696, 0.093129, -0.995084, 0.124224, -0.997810, -0.053575, -0.038803, -0.049346, -0.056926, 0.994212, 0.091119, -0.004333, 0.000000, 0.000000, 0.000000, 1.000000
-29.7908, 32.9436, 50.1619, 223.6570, 245.6432, -32.9440, 149.8505, 124.2242, -49.3455, -4.3294, 0.179233, -0.926078, -0.332046, 0.032944, 0.980249, 0.139429, 0.140254, 0.050162, -0.083590, -0.350626, 0.932778, 0.223657, 0.000000, 0.000000, 0.000000, 1.000000, -0.083857, -0.350662, 0.932740, 0.245643, -0.179233, 0.926079, 0.332044, -0.032944, -0.980226, -0.139333, -0.140509, 0.149850, 0.000000, 0.000000, 0.000000, 1.000000, 0.033692, 0.093131, -0.995084, 0.124224, -0.997810, -0.053576, -0.038799, -0.049346, -0.056926, 0.994211, 0.091122, -0.004329, 0.000000, 0.000000, 0.000000, 1.000000
-29.7875, 32.9420, 50.1525, 223.6569, 245.6431, -32.9423, 149.8599, 124.2243, -49.3450, -4.3260, 0.179288, -0.926068, -0.332046, 0.032942, 0.980241, 0.139488, 0.140250, 0.050152, -0.083565, -0.350630, 0.932778, 0.223657, 0.000000, 0.000000, 0.000000, 1.000000, -0.083833, -0.350667, 0.932741, 0.245643, -0.179287, 0.926068, 0.332044, -0.032942, -0.980218, -0.139392, -0.140505, 0.149860, 0.000000, 0.000000, 0.000000, 1.000000, 0.033689, 0.093133, -0.995084, 0.124224, -0.997810, -0.053576, -0.038795, -0.049345, -0.056925, 0.994211, 0.091124, -0.004326, 0.000000, 0.000000, 0.000000, 1.000000
-29.7843, 32.9403, 50.1426, 223.6566, 245.6428, -32.9406, 149.8696, 124.2245, -49.3445, -4.3226, 0.179341, -0.926057, -0.332046, 0.032940, 0.980234, 0.139547, 0.140244, 0.050143, -0.083538, -0.350634, 0.932779, 0.223657, 0.000000, 0.000000, 0.000000, 1.000000, -0.083807, -0.350671, 0.932741, 0.245643, -0.179341, 0.926058, 0.332044, -0.032941, -0.980211, -0.139451, -0.140500, 0.149870, 0.000000, 0.000000, 0.000000, 1.000000, 0.033685, 0.093135, -0.995084, 0.124225, -0.997810, -0.053576, -0.038791, -0.049345, -0.056925, 0.994211, 0.091126, -0.004323, 0.000000, 0.000000, 0.000000, 1.000000
-29.7795, 32.9377, 50.1270, 223.6558, 245.6420, -32.9381, 149.8850, 124.2250, -49.3436, -4.3174, 0.179422, -0.926042, -0.332046, 0.032938, 0.980222, 0.139637, 0.140234, 0.050127, -0.083497, -0.350640, 0.932781, 0.223656, 0.000000, 0.000000, 0.000000, 1.000000, -0.083766, -0.350677, 0.932743, 0.245642, -0.179422, 0.926042, 0.332044, -0.032938, -0.980199, -0.139541, -0.140490, 0.149885, 0.000000, 0.000000, 0.000000, 1.000000, 0.033679, 0.093137, -0.995083, 0.124225, -0.997810, -0.053576, -0.038786, -0.049344, -0.056925, 0.994211, 0.091129, -0.004317, 0.000000, 0.000000, 0.000000, 1.000000
-29.7761, 32.9359, 50.1159, 223.6552, 245.6413, -32.9362, 149.8961, 124.2254, -49.3430, -4.3138, 0.179479, -0.926031, -0.332046, 0.032936, 0.980215, 0.139700, 0.140226, 0.050116, -0.083466, -0.350644, 0.932782, 0.223655, 0.000000, 0.000000, 0.000000, 1.000000, -0.083736, -0.350681, 0.932744, 0.245641, -0.179479, 0.926031, 0.332044, -0.032936, -0.980192, -0.139604, -0.140482, 0.149896, 0.000000, 0.000000, 0.000000, 1.000000, 0.033675, 0.093139, -0.995083, 0.124225, -0.997810, -0.053576, -0.038782, -0.049343, -0.056925, 0.994211, 0.091131, -0.004314, 0.000000, 0.000000, 0.000000, 1.000000
-29.7724, 32.9339, 50.1039, 223.6544, 245.6406, -32.9342, 149.9079, 124.2257, -49.3422, -4.3099, 0.179540, -0.926019, -0.332046, 0.032934, 0.980206, 0.139768, 0.140217, 0.050104, -0.083434, -0.350648, 0.932783, 0.223654, 0.000000, 0.000000, 0.000000, 1.000000, -0.083704, -0.350685, 0.932745, 0.245641, -0.179540, 0.926020, 0.332044, -0.032934, -0.980183, -0.139671, -0.140474, 0.149908, 0.000000, 0.000000, 0.000000, 1.000000, 0.033671, 0.093142, -0.995083, 0.124226, -0.997811, -0.053577, -0.038778, -0.049342, -0.056925, 0.994210, 0.091134, -0.004310, 0.000000, 0.000000, 0.000000, 1.000000
-29.7664, 32.9318, 50.0932, 223.6567, 245.6428, -32.9321, 149.9184, 124.2248, -49.3423, -4.3041, 0.179636, -0.926001, -0.332045, 0.032932, 0.980191, 0.139866, 0.140227, 0.050093, -0.083409, -0.350657, 0.932782, 0.223657, 0.000000, 0.000000, 0.000000, 1.000000, -0.083680, -0.350694, 0.932744, 0.245643, -0.179636, 0.926001, 0.332043, -0.032932, -0.980168, -0.139769, -0.140485, 0.149918, 0.000000, 0.000000, 0.000000, 1.000000, 0.033664, 0.093145, -0.995083, 0.124225, -0.997811, -0.053577, -0.038771, -0.049342, -0.056925, 0.994210, 0.091137, -0.004304, 0.000000, 0.000000, 0.000000, 1.000000
-29.7619, 32.9301, 50.0841, 223.6580, 245.6440, -32.9304, 149.9273, 124.2243, -49.3421, -4.2997, 0.179709, -0.925987, -0.332044, 0.032930, 0.980179, 0.139941, 0.140232, 0.050084, -0.083386, -0.350664, 0.932782, 0.223658, 0.000000, 0.000000, 0.000000, 1.000000, -0.083658, -0.350701, 0.932743, 0.245644, -0.179709, 0.925987, 0.332043, -0.032930, -0.980156, -0.139844, -0.140490, 0.149927, 0.000000, 0.000000, 0.000000, 1.000000, 0.033658, 0.093148, -0.995083, 0.124224, -0.997811, -0.053577, -0.038766, -0.049342, -0.056925, 0.994210, 0.091140, -0.004300, 0.000000, 0.000000, 0.000000, 1.000000
-29.7569, 32.9280, 50.0732, 223.6591, 245.6451, -32.9284, 149.9381, 124.2238, -49.3419, -4.2947, 0.179790, -0.925971, -0.332044, 0.032928, 0.980167, 0.140026, 0.140235, 0.050073, -0.083359, -0.350671, 0.932781, 0.223659, 0.000000, 0.000000, 0.000000, 1.000000, -0.083631, -0.350709, 0.932743, 0.245645, -0.179790, 0.925972, 0.332042, -0.032928, -0.980144, -0.139929, -0.140494, 0.149938, 0.000000, 0.000000, 0.000000, 1.000000, 0.033653, 0.093151, -0.995083, 0.124224, -0.997811, -0.053577, -0.038760, -0.049342, -0.056925, 0.994209, 0.091144, -0.004295, 0.000000, 0.000000, 0.000000, 1.000000
-29.7513, 32.9257, 50.0605, 223.6601, 245.6461, -32.9260, 149.9506, 124.2234, -49.3415, -4.2891, 0.179881, -0.925954, -0.332043, 0.032926, 0.980153, 0.140121, 0.140237, 0.050061, -0.083326, -0.350679, 0.932781, 0.223660, 0.000000, 0.000000, 0.000000, 1.000000, -0.083600, -0.350717, 0.932743, 0.245646, -0.179880, 0.925954, 0.332042, -0.032926, -0.980130, -0.140024, -0.140496, 0.149951, 0.000000, 0.000000, 0.000000, 1.000000, 0.033646, 0.093154, -0.995083, 0.124223, -0.997811, -0.053578, -0.038754, -0.049342, -0.056924, 0.994209, 0.091147, -0.004289, 0.000000, 0.000000, 0.000000, 1.000000
-29.7451, 32.9230, 50.0459, 223.6611, 245.6470, -32.9234, 149.9651, 124.2231, -49.3411, -4.2829, 0.179981, -0.925934, -0.332043, 0.032923, 0.980138, 0.140227, 0.140237, 0.050046, -0.083289, -0.350688, 0.932781, 0.223661, 0.000000, 0.000000, 0.000000, 1.000000, -0.083563, -0.350725, 0.932743, 0.245647, -0.179981, 0.925935, 0.332041, -0.032923, -0.980114, -0.140129, -0.140498, 0.149965, 0.000000, 0.000000, 0.000000, 1.000000, 0.033639, 0.093157, -0.995083, 0.124223, -0.997812, -0.053578, -0.038747, -0.049341, -0.056924, 0.994209, 0.091151, -0.004283, 0.000000, 0.000000, 0.000000, 1.000000
-29.7383, 32.9200, 50.0294, 223.6619, 245.6479, -32.9204, 149.9815, 124.2228, -49.3405, -4.2760, 0.180092, -0.925913, -0.332042, 0.032920, 0.980121, 0.140345, 0.140237, 0.050029, -0.083247, -0.350697, 0.932782, 0.223662, 0.000000, 0.000000, 0.000000, 1.000000, -0.083521, -0.350735, 0.932743, 0.245648, -0.180092, 0.925914, 0.332041, -0.032920, -0.980098, -0.140247, -0.140498, 0.149981, 0.000000, 0.000000, 0.000000, 1.000000, 0.033631, 0.093161, -0.995083, 0.124223, -0.997812, -0.053579, -0.038739, -0.049341, -0.056924, 0.994208, 0.091156, -0.004276, 0.000000, 0.000000, 0.000000, 1.000000
-29.7308, 32.9167, 50.0109, 223.6627, 245.6486, -32.9170, 149.9999, 124.2225, -49.3398, -4.2684, 0.180214, -0.925889, -0.332042, 0.032917, 0.980102, 0.140475, 0.140236, 0.050011, -0.083199, -0.350707, 0.932782, 0.223663, 0.000000, 0.000000, 0.000000, 1.000000, -0.083474, -0.350745, 0.932743, 0.245649, -0.180214, 0.925890, 0.332040, -0.032917, -0.980079, -0.140377, -0.140497, 0.150000, 0.000000, 0.000000, 0.000000, 1.000000, 0.033622, 0.093166, -0.995083, 0.124223, -0.997812, -0.053579, -0.038731, -0.049340, -0.056924, 0.994208, 0.091161, -0.004268, 0.000000, 0.000000, 0.000000, 1.000000
-29.7226, 32.9130, 49.9902, 223.6635, 245.6494, -32.9133, 150.0205, 124.2222, -49.3391, -4.2600, 0.180350, -0.925863, -0.332041, 0.032913, 0.980082, 0.140619, 0.140234, 0.049990, -0.083146, -0.350719, 0.932783, 0.223664, 0.000000, 0.000000, 0.000000, 1.000000, -0.083421, -0.350757, 0.932744, 0.245649, -0.180350, 0.925864, 0.332040, -0.032913, -0.980059, -0.140521, -0.140495, 0.150020, 0.000000, 0.000000, 0.000000, 1.000000, 0.033612, 0.093171, -0.995083, 0.124222, -0.997813, -0.053579, -0.038721, -0.049339, -0.056924, 0.994207, 0.091166, -0.004260, 0.000000, 0.000000, 0.000000, 1.000000
-29.7135, 32.9088, 49.9673, 223.6643, 245.6502, -32.9092, 150.0432, 124.2220, -49.3382, -4.2507, 0.180499, -0.925834, -0.332040, 0.032909, 0.980060, 0.140778, 0.140231, 0.049967, -0.083087, -0.350731, 0.932783, 0.223664, 0.000000, 0.000000, 0.000000, 1.000000, -0.083363, -0.350769, 0.932744, 0.245650, -0.180498, 0.925835, 0.332039, -0.032909, -0.980036, -0.140679, -0.140494, 0.150043, 0.000000, 0.000000, 0.000000, 1.000000, 0.033602, 0.093176, -0.995082, 0.124222, -0.997813, -0.053580, -0.038711, -0.049338, -0.056923, 0.994207, 0.091172, -0.004251, 0.000000, 0.000000, 0.000000, 1.000000
-29.7035, 32.9043, 49.9423, 223.6652, 245.6511, -32.9047, 150.0681, 124.2217, -49.3373, -4.2406, 0.180661, -0.925803, -0.332040, 0.032904, 0.980035, 0.140951, 0.140228, 0.049942, -0.083023, -0.350744, 0.932784, 0.223665, 0.000000, 0.000000, 0.000000, 1.000000, -0.083299, -0.350783, 0.932745, 0.245651, -0.180661, 0.925804, 0.332038, -0.032905, -0.980012, -0.140852, -0.140491, 0.150068, 0.000000, 0.000000, 0.000000, 1.000000, 0.033590, 0.093182, -0.995082, 0.124222, -0.997813, -0.053581, -0.038700, -0.049337, -0.056923, 0.994206, 0.091178, -0.004241, 0.000000, 0.000000, 0.000000, 1.000000
-29.6811, 32.8941, 49.8860, 223.6672, 245.6530, -32.8944, 150.1243, 124.2209, -49.3352, -4.2178, 0.181028, -0.925732, -0.332038, 0.032894, 0.979980, 0.141342, 0.140223, 0.049886, -0.082878, -0.350775, 0.932785, 0.223667, 0.000000, 0.000000, 0.000000, 1.000000, -0.083155, -0.350813, 0.932746, 0.245653, -0.181028, 0.925732, 0.332036, -0.032894, -0.979956, -0.141243, -0.140486, 0.150124, 0.000000, 0.000000, 0.000000, 1.000000, 0.033564, 0.093195, -0.995082, 0.124221, -0.997814, -0.053582, -0.038674, -0.049335, -0.056923, 0.994205, 0.091193, -0.004218, 0.000000, 0.000000, 0.000000, 1.000000
-29.6687, 32.8884, 49.8548, 223.6684, 245.6542, -32.8887, 150.1553, 124.2205, -49.3341, -4.2051, 0.181232, -0.925692, -0.332037, 0.032888, 0.979949, 0.141559, 0.140220, 0.049855, -0.082798, -0.350791, 0.932786, 0.223668, 0.000000, 0.000000, 0.000000, 1.000000, -0.083075, -0.350830, 0.932747, 0.245654, -0.181232, 0.925693, 0.332035, -0.032889, -0.979925, -0.141460, -0.140484, 0.150155, 0.000000, 0.000000, 0.000000, 1.000000, 0.033549, 0.093202, -0.995082, 0.124221, -0.997815, -0.053583, -0.038660, -0.049334, -0.056922, 0.994204, 0.091201, -0.004205, 0.000000, 0.000000, 0.000000, 1.000000
-29.6554, 32.8823, 49.8217, 223.6696, 245.6555, -32.8827, 150.1884, 124.2200, -49.3329, -4.1916, 0.181450, -0.925650, -0.332036, 0.032882, 0.979916, 0.141791, 0.140218, 0.049822, -0.082713, -0.350809, 0.932787, 0.223670, 0.000000, 0.000000, 0.000000, 1.000000, -0.082991, -0.350848, 0.932748, 0.245655, -0.181450, 0.925651, 0.332034, -0.032883, -0.979892, -0.141691, -0.140482, 0.150188, 0.000000, 0.000000, 0.000000, 1.000000, 0.033534, 0.093210, -0.995082, 0.124220, -0.997815, -0.053583, -0.038645, -0.049333, -0.056922, 0.994204, 0.091209, -0.004192, 0.000000, 0.000000, 0.000000, 1.000000
-29.6413, 32.8759, 49.7868, 223.6711, 245.6569, -32.8763, 150.2233, 124.2195, -49.3316, -4.1772, 0.181681, -0.925605, -0.332034, 0.032876, 0.979880, 0.142036, 0.140216, 0.049787, -0.082624, -0.350828, 0.932788, 0.223671, 0.000000, 0.000000, 0.000000, 1.000000, -0.082902, -0.350867, 0.932748, 0.245657, -0.181681, 0.925606, 0.332033, -0.032876, -0.979857, -0.141936, -0.140480, 0.150223, 0.000000, 0.000000, 0.000000, 1.000000, 0.033517, 0.093218, -0.995081, 0.124219, -0.997816, -0.053584, -0.038629, -0.049332, -0.056921, 0.994203, 0.091218, -0.004177, 0.000000, 0.000000, 0.000000, 1.000000
-29.6264, 32.8691, 49.7500, 223.6727, 245.6585, -32.8695, 150.2599, 124.2189, -49.3303, -4.1621, 0.181925, -0.925558, -0.332033, 0.032869, 0.979843, 0.142295, 0.140214, 0.049750, -0.082530, -0.350849, 0.932788, 0.223673, 0.000000, 0.000000, 0.000000, 1.000000, -0.082808, -0.350888, 0.932749, 0.245658, -0.181925, 0.925558, 0.332032, -0.032869, -0.979819, -0.142195, -0.140479, 0.150260, 0.000000, 0.000000, 0.000000, 1.000000, 0.033500, 0.093227, -0.995081, 0.124219, -0.997816, -0.053585, -0.038612, -0.049330, -0.056921, 0.994202, 0.091228, -0.004162, 0.000000, 0.000000, 0.000000, 1.000000
-29.6107, 32.8620, 49.7115, 223.6744, 245.6602, -32.8623, 150.2984, 124.2182, -49.3290, -4.1461, 0.182182, -0.925508, -0.332032, 0.032862, 0.979803, 0.142568, 0.140213, 0.049711, -0.082431, -0.350870, 0.932789, 0.223674, 0.000000, 0.000000, 0.000000, 1.000000, -0.082710, -0.350909, 0.932750, 0.245660, -0.182182, 0.925508, 0.332030, -0.032862, -0.979780, -0.142468, -0.140478, 0.150298, 0.000000, 0.000000, 0.000000, 1.000000, 0.033481, 0.093236, -0.995081, 0.124218, -0.997817, -0.053586, -0.038594, -0.049329, -0.056921, 0.994201, 0.091238, -0.004146, 0.000000, 0.000000, 0.000000, 1.000000
-29.6025, 32.8583, 49.6916, 223.6754, 245.6612, -32.8587, 150.3183, 124.2178, -49.3283, -4.1379, 0.182316, -0.925482, -0.332031, 0.032858, 0.979783, 0.142709, 0.140213, 0.049692, -0.082381, -0.350881, 0.932789, 0.223675, 0.000000, 0.000000, 0.000000, 1.000000, -0.082659, -0.350920, 0.932750, 0.245661, -0.182316, 0.925482, 0.332029, -0.032859, -0.979759, -0.142610, -0.140478, 0.150318, 0.000000, 0.000000, 0.000000, 1.000000, 0.033472, 0.093241, -0.995081, 0.124218, -0.997817, -0.053586, -0.038585, -0.049328, -0.056920, 0.994201, 0.091243, -0.004138, 0.000000, 0.000000, 0.000000, 1.000000
-29.5769, 32.8467, 49.6295, 223.6785, 245.6643, -32.8471, 150.3803, 124.2166, -49.3261, -4.1119, 0.182735, -0.925400, -0.332029, 0.032847, 0.979718, 0.143153, 0.140213, 0.049629, -0.082222, -0.350916, 0.932790, 0.223678, 0.000000, 0.000000, 0.000000, 1.000000, -0.082502, -0.350956, 0.932751, 0.245664, -0.182735, 0.925400, 0.332027, -0.032847, -0.979695, -0.143053, -0.140479, 0.150380, 0.000000, 0.000000, 0.000000, 1.000000, 0.033442, 0.093256, -0.995080, 0.124217, -0.997819, -0.053588, -0.038556, -0.049326, -0.056920, 0.994199, 0.091260, -0.004112, 0.000000, 0.000000, 0.000000, 1.000000
-29.5496, 32.8344, 49.5639, 223.6821, 245.6679, -32.8348, 150.4458, 124.2151, -49.3240, -4.0843, 0.183181, -0.925313, -0.332026, 0.032834, 0.979649, 0.143625, 0.140216, 0.049564, -0.082056, -0.350954, 0.932791, 0.223682, 0.000000, 0.000000, 0.000000, 1.000000, -0.082335, -0.350993, 0.932751, 0.245668, -0.183181, 0.925313, 0.332025, -0.032835, -0.979625, -0.143525, -0.140481, 0.150446, 0.000000, 0.000000, 0.000000, 1.000000, 0.033410, 0.093271, -0.995080, 0.124215, -0.997820, -0.053589, -0.038525, -0.049324, -0.056919, 0.994197, 0.091278, -0.004084, 0.000000, 0.000000, 0.000000, 1.000000
-29.5306, 32.8259, 49.5186, 223.6847, 245.6705, -32.8262, 150.4911, 124.2141, -49.3225, -4.0650, 0.183492, -0.925252, -0.332024, 0.032826, 0.979600, 0.143953, 0.140218, 0.049519, -0.081941, -0.350980, 0.932791, 0.223685, 0.000000, 0.000000, 0.000000, 1.000000, -0.082221, -0.351019, 0.932751, 0.245670, -0.183492, 0.925252, 0.332023, -0.032826, -0.979577, -0.143853, -0.140484, 0.150491, 0.000000, 0.000000, 0.000000, 1.000000, 0.033388, 0.093282, -0.995080, 0.124214, -0.997820, -0.053590, -0.038503, -0.049322, -0.056918, 0.994196, 0.091290, -0.004065, 0.000000, 0.000000, 0.000000, 1.000000
-29.5110, 32.8170, 49.4721, 223.6875, 245.6733, -32.8174, 150.5376, 124.2129, -49.3210, -4.0452, 0.183813, -0.925189, -0.332022, 0.032817, 0.979550, 0.144292, 0.140221, 0.049472, -0.081823, -0.351007, 0.932791, 0.223687, 0.000000, 0.000000, 0.000000, 1.000000, -0.082103, -0.351047, 0.932752, 0.245673, -0.183813, 0.925189, 0.332021, -0.032817, -0.979526, -0.144192, -0.140487, 0.150538, 0.000000, 0.000000, 0.000000, 1.000000, 0.033364, 0.093294, -0.995079, 0.124213, -0.997821, -0.053592, -0.038481, -0.049321, -0.056918, 0.994195, 0.091302, -0.004045, 0.000000, 0.000000, 0.000000, 1.000000
-29.4806, 32.8034, 49.4004, 223.6920, 245.6778, -32.8037, 150.6092, 124.2110, -49.3187, -4.0145, 0.184310, -0.925091, -0.332019, 0.032803, 0.979472, 0.144816, 0.140228, 0.049400, -0.081642, -0.351049, 0.932791, 0.223692, 0.000000, 0.000000, 0.000000, 1.000000, -0.081922, -0.351089, 0.932752, 0.245678, -0.184310, 0.925091, 0.332018, -0.032804, -0.979448, -0.144716, -0.140494, 0.150609, 0.000000, 0.000000, 0.000000, 1.000000, 0.033329, 0.093311, -0.995079, 0.124211, -0.997822, -0.053593, -0.038446, -0.049319, -0.056917, 0.994194, 0.091322, -0.004014, 0.000000, 0.000000, 0.000000, 1.000000
-29.4597, 32.7940, 49.3515, 223.6952, 245.6811, -32.7944, 150.6582, 124.2097, -49.3172, -3.9934, 0.184651, -0.925023, -0.332017, 0.032794, 0.979418, 0.145175, 0.140233, 0.049351, -0.081519, -0.351078, 0.932791, 0.223695, 0.000000, 0.000000, 0.000000, 1.000000, -0.081798, -0.351118, 0.932751, 0.245681, -0.184651, 0.925024, 0.332016, -0.032794, -0.979394, -0.145075, -0.140500, 0.150658, 0.000000, 0.000000, 0.000000, 1.000000, 0.033304, 0.093323, -0.995079, 0.124210, -0.997823, -0.053595, -0.038422, -0.049317, -0.056916, 0.994192, 0.091335, -0.003993, 0.000000, 0.000000, 0.000000, 1.000000
-29.4383, 32.7845, 49.3017, 223.6986, 245.6845, -32.7848, 150.7079, 124.2083, -49.3156, -3.9718, 0.184999, -0.924955, -0.332015, 0.032784, 0.979362, 0.145542, 0.140240, 0.049302, -0.081393, -0.351108, 0.932791, 0.223699, 0.000000, 0.000000, 0.000000, 1.000000, -0.081673, -0.351148, 0.932751, 0.245684, -0.184999, 0.924955, 0.332014, -0.032785, -0.979339, -0.145442, -0.140506, 0.150708, 0.000000, 0.000000, 0.000000, 1.000000, 0.033279, 0.093336, -0.995078, 0.124208, -0.997824, -0.053596, -0.038398, -0.049316, -0.056916, 0.994191, 0.091349, -0.003972, 0.000000, 0.000000, 0.000000, 1.000000
-29.4166, 32.7748, 49.2515, 223.7021, 245.6880, -32.7751, 150.7581, 124.2068, -49.3141, -3.9500, 0.185353, -0.924884, -0.332013, 0.032775, 0.979306, 0.145914, 0.140247, 0.049251, -0.081266, -0.351138, 0.932790, 0.223702, 0.000000, 0.000000, 0.000000, 1.000000, -0.081546, -0.351178, 0.932751, 0.245688, -0.185353, 0.924885, 0.332012, -0.032775, -0.979283, -0.145814, -0.140513, 0.150758, 0.000000, 0.000000, 0.000000, 1.000000, 0.033254, 0.093348, -0.995078, 0.124207, -0.997825, -0.053597, -0.038373, -0.049314, -0.056915, 0.994190, 0.091363, -0.003950, 0.000000, 0.000000, 0.000000, 1.000000
-29.3946, 32.7649, 49.2007, 223.7058, 245.6917, -32.7653, 150.8089, 124.2053, -49.3126, -3.9278, 0.185712, -0.924813, -0.332011, 0.032765, 0.979248, 0.146291, 0.140254, 0.049201, -0.081139, -0.351168, 0.932790, 0.223706, 0.000000, 0.000000, 0.000000, 1.000000, -0.081418, -0.351209, 0.932751, 0.245692, -0.185712, 0.924814, 0.332010, -0.032765, -0.979225, -0.146191, -0.140520, 0.150809, 0.000000, 0.000000, 0.000000, 1.000000, 0.033228, 0.093361, -0.995078, 0.124205, -0.997826, -0.053598, -0.038348, -0.049313, -0.056915, 0.994189, 0.091377, -0.003928, 0.000000, 0.000000, 0.000000, 1.000000
-29.3724, 32.7550, 49.1495, 223.7096, 245.6955, -32.7554, 150.8601, 124.2037, -49.3110, -3.9055, 0.186075, -0.924741, -0.332009, 0.032755, 0.979190, 0.146672, 0.140262, 0.049150, -0.081010, -0.351199, 0.932790, 0.223710, 0.000000, 0.000000, 0.000000, 1.000000, -0.081290, -0.351240, 0.932750, 0.245695, -0.186075, 0.924742, 0.332008, -0.032755, -0.979167, -0.146572, -0.140529, 0.150860, 0.000000, 0.000000, 0.000000, 1.000000, 0.033202, 0.093374, -0.995077, 0.124204, -0.997827, -0.053600, -0.038323, -0.049311, -0.056914, 0.994187, 0.091391, -0.003905, 0.000000, 0.000000, 0.000000, 1.000000
-29.3499, 32.7450, 49.0981, 223.7135, 245.6994, -32.7453, 150.9115, 124.2021, -49.3095, -3.8829, 0.186441, -0.924668, -0.332007, 0.032745, 0.979131, 0.147057, 0.140271, 0.049098, -0.080881, -0.351231, 0.932789, 0.223713, 0.000000, 0.000000, 0.000000, 1.000000, -0.081160, -0.351271, 0.932749, 0.245699, -0.186440, 0.924669, 0.332005, -0.032745, -0.979108, -0.146957, -0.140538, 0.150912, 0.000000, 0.000000, 0.000000, 1.000000, 0.033175, 0.093387, -0.995077, 0.124202, -0.997828, -0.053601, -0.038298, -0.049309, -0.056913, 0.994186, 0.091406, -0.003883, 0.000000, 0.000000, 0.000000, 1.000000
-29.3274, 32.7349, 49.0465, 223.7174, 245.7034, -32.7353, 150.9631, 124.2004, -49.3080, -3.8602, 0.186808, -0.924595, -0.332005, 0.032735, 0.979072, 0.147443, 0.140281, 0.049047, -0.080751, -0.351262, 0.932788, 0.223717, 0.000000, 0.000000, 0.000000, 1.000000, -0.081031, -0.351303, 0.932749, 0.245703, -0.186808, 0.924595, 0.332003, -0.032735, -0.979049, -0.147343, -0.140547, 0.150963, 0.000000, 0.000000, 0.000000, 1.000000, 0.033149, 0.093400, -0.995077, 0.124200, -0.997829, -0.053602, -0.038272, -0.049308, -0.056913, 0.994185, 0.091420, -0.003860, 0.000000, 0.000000, 0.000000, 1.000000
-29.3047, 32.7248, 48.9950, 223.7215, 245.7074, -32.7251, 151.0146, 124.1987, -49.3064, -3.8374, 0.187177, -0.924521, -0.332003, 0.032725, 0.979012, 0.147830, 0.140291, 0.048995, -0.080622, -0.351294, 0.932788, 0.223721, 0.000000, 0.000000, 0.000000, 1.000000, -0.080901, -0.351334, 0.932748, 0.245707, -0.187177, 0.924521, 0.332001, -0.032725, -0.978989, -0.147730, -0.140557, 0.151015, 0.000000, 0.000000, 0.000000, 1.000000, 0.033122, 0.093413, -0.995076, 0.124199, -0.997830, -0.053603, -0.038246, -0.049306, -0.056912, 0.994183, 0.091435, -0.003837, 0.000000, 0.000000, 0.000000, 1.000000
-29.2821, 32.7147, 48.9435, 223.7256, 245.7116, -32.7150, 151.0661, 124.1970, -49.3049, -3.8146, 0.187547, -0.924447, -0.332000, 0.032715, 0.978952, 0.148217, 0.140301, 0.048944, -0.080493, -0.351325, 0.932787, 0.223726, 0.000000, 0.000000, 0.000000, 1.000000, -0.080772, -0.351366, 0.932747, 0.245712, -0.187546, 0.924447, 0.331999, -0.032715, -0.978929, -0.148117, -0.140567, 0.151066, 0.000000, 0.000000, 0.000000, 1.000000, 0.033096, 0.093426, -0.995076, 0.124197, -0.997831, -0.053605, -0.038220, -0.049305, -0.056912, 0.994182, 0.091449, -0.003815, 0.000000, 0.000000, 0.000000, 1.000000
-29.2595, 32.7045, 48.8924, 223.7297, 245.7157, -32.7049, 151.1173, 124.1953, -49.3034, -3.7919, 0.187915, -0.924373, -0.331998, 0.032705, 0.978892, 0.148603, 0.140312, 0.048892, -0.080364, -0.351357, 0.932786, 0.223730, 0.000000, 0.000000, 0.000000, 1.000000, -0.080644, -0.351398, 0.932747, 0.245716, -0.187914, 0.924373, 0.331997, -0.032705, -0.978869, -0.148503, -0.140578, 0.151117, 0.000000, 0.000000, 0.000000, 1.000000, 0.033069, 0.093439, -0.995076, 0.124195, -0.997831, -0.053606, -0.038194, -0.049303, -0.056911, 0.994181, 0.091464, -0.003792, 0.000000, 0.000000, 0.000000, 1.000000
-29.2370, 32.6945, 48.8415, 223.7339, 245.7199, -32.6948, 151.1681, 124.1935, -49.3019, -3.7694, 0.188281, -0.924299, -0.331996, 0.032694, 0.978832, 0.148987, 0.140323, 0.048842, -0.080237, -0.351389, 0.932785, 0.223734, 0.000000, 0.000000, 0.000000, 1.000000, -0.080516, -0.351429, 0.932746, 0.245720, -0.188281, 0.924300, 0.331995, -0.032695, -0.978809, -0.148887, -0.140588, 0.151168, 0.000000, 0.000000, 0.000000, 1.000000, 0.033043, 0.093452, -0.995075, 0.124194, -0.997832, -0.053607, -0.038169, -0.049302, -0.056910, 0.994180, 0.091478, -0.003769, 0.000000, 0.000000, 0.000000, 1.000000
-29.2146, 32.6845, 48.7911, 223.7381, 245.7241, -32.6848, 151.2186, 124.1917, -49.3005, -3.7469, 0.188645, -0.924226, -0.331994, 0.032684, 0.978772, 0.149369, 0.140334, 0.048791, -0.080110, -0.351420, 0.932784, 0.223738, 0.000000, 0.000000, 0.000000, 1.000000, -0.080390, -0.351461, 0.932745, 0.245724, -0.188645, 0.924226, 0.331992, -0.032685, -0.978749, -0.149269, -0.140600, 0.151219, 0.000000, 0.000000, 0.000000, 1.000000, 0.033016, 0.093465, -0.995075, 0.124192, -0.997833, -0.053609, -0.038143, -0.049300, -0.056910, 0.994178, 0.091492, -0.003747, 0.000000, 0.000000, 0.000000, 1.000000
-29.2035, 32.6795, 48.7660, 223.7402, 245.7262, -32.6798, 151.2437, 124.1909, -49.2997, -3.7357, 0.188826, -0.924189, -0.331993, 0.032679, 0.978743, 0.149559, 0.140339, 0.048766, -0.080048, -0.351435, 0.932784, 0.223740, 0.000000, 0.000000, 0.000000, 1.000000, -0.080327, -0.351476, 0.932744, 0.245726, -0.188826, 0.924190, 0.331991, -0.032680, -0.978720, -0.149459, -0.140605, 0.151244, 0.000000, 0.000000, 0.000000, 1.000000, 0.033003, 0.093471, -0.995075, 0.124191, -0.997834, -0.053609, -0.038130, -0.049300, -0.056909, 0.994178, 0.091499, -0.003736, 0.000000, 0.000000, 0.000000, 1.000000
-29.1595, 32.6597, 48.6671, 223.7485, 245.7346, -32.6601, 151.3427, 124.1873, -49.2968, -3.6916, 0.189542, -0.924044, -0.331989, 0.032660, 0.978624, 0.150309, 0.140362, 0.048667, -0.079800, -0.351497, 0.932782, 0.223749, 0.000000, 0.000000, 0.000000, 1.000000, -0.080079, -0.351538, 0.932742, 0.245735, -0.189542, 0.924044, 0.331987, -0.032660, -0.978602, -0.150209, -0.140628, 0.151343, 0.000000, 0.000000, 0.000000, 1.000000, 0.032951, 0.093496, -0.995074, 0.124187, -0.997835, -0.053612, -0.038080, -0.049297, -0.056908, 0.994175, 0.091527, -0.003692, 0.000000, 0.000000, 0.000000, 1.000000
-29.1272, 32.6452, 48.5948, 223.7547, 245.7408, -32.6456, 151.4150, 124.1847, -49.2947, -3.6592, 0.190067, -0.923937, -0.331986, 0.032645, 0.978537, 0.150859, 0.140379, 0.048595, -0.079619, -0.351542, 0.932780, 0.223755, 0.000000, 0.000000, 0.000000, 1.000000, -0.079897, -0.351583, 0.932741, 0.245741, -0.190067, 0.923938, 0.331984, -0.032646, -0.978515, -0.150759, -0.140645, 0.151415, 0.000000, 0.000000, 0.000000, 1.000000, 0.032914, 0.093515, -0.995074, 0.124185, -0.997837, -0.053614, -0.038043, -0.049295, -0.056907, 0.994173, 0.091548, -0.003659, 0.000000, 0.000000, 0.000000, 1.000000
-29.1062, 32.6357, 48.5477, 223.7587, 245.7449, -32.6361, 151.4622, 124.1830, -49.2933, -3.6381, 0.190409, -0.923867, -0.331984, 0.032636, 0.978480, 0.151217, 0.140391, 0.048548, -0.079501, -0.351571, 0.932779, 0.223759, 0.000000, 0.000000, 0.000000, 1.000000, -0.079779, -0.351613, 0.932740, 0.245745, -0.190409, 0.923868, 0.331982, -0.032636, -0.978458, -0.151117, -0.140656, 0.151462, 0.000000, 0.000000, 0.000000, 1.000000, 0.032889, 0.093527, -0.995073, 0.124183, -0.997838, -0.053615, -0.038019, -0.049293, -0.056907, 0.994172, 0.091561, -0.003638, 0.000000, 0.000000, 0.000000, 1.000000
-29.0856, 32.6264, 48.5015, 223.7627, 245.7489, -32.6268, 151.5084, 124.1814, -49.2920, -3.6174, 0.190745, -0.923799, -0.331982, 0.032626, 0.978424, 0.151568, 0.140402, 0.048502, -0.079385, -0.351600, 0.932778, 0.223763, 0.000000, 0.000000, 0.000000, 1.000000, -0.079663, -0.351642, 0.932739, 0.245749, -0.190745, 0.923799, 0.331980, -0.032627, -0.978402, -0.151468, -0.140667, 0.151508, 0.000000, 0.000000, 0.000000, 1.000000, 0.032865, 0.093539, -0.995073, 0.124181, -0.997838, -0.053616, -0.037996, -0.049292, -0.056906, 0.994171, 0.091574, -0.003617, 0.000000, 0.000000, 0.000000, 1.000000
-29.0654, 32.6173, 48.4564, 223.7666, 245.7528, -32.6177, 151.5536, 124.1797, -49.2906, -3.5972, 0.191073, -0.923732, -0.331980, 0.032617, 0.978370, 0.151911, 0.140413, 0.048456, -0.079272, -0.351628, 0.932777, 0.223767, 0.000000, 0.000000, 0.000000, 1.000000, -0.079550, -0.351670, 0.932738, 0.245753, -0.191072, 0.923732, 0.331979, -0.032618, -0.978347, -0.151812, -0.140677, 0.151554, 0.000000, 0.000000, 0.000000, 1.000000, 0.032841, 0.093550, -0.995073, 0.124180, -0.997839, -0.053617, -0.037973, -0.049291, -0.056905, 0.994170, 0.091587, -0.003597, 0.000000, 0.000000, 0.000000, 1.000000
-29.0457, 32.6084, 48.4123, 223.7704, 245.7566, -32.6088, 151.5977, 124.1781, -49.2893, -3.5774, 0.191393, -0.923666, -0.331978, 0.032608, 0.978316, 0.152247, 0.140424, 0.048412, -0.079162, -0.351656, 0.932776, 0.223770, 0.000000, 0.000000, 0.000000, 1.000000, -0.079439, -0.351697, 0.932737, 0.245757, -0.191393, 0.923667, 0.331977, -0.032609, -0.978293, -0.152147, -0.140688, 0.151598, 0.000000, 0.000000, 0.000000, 1.000000, 0.032818, 0.093561, -0.995073, 0.124178, -0.997840, -0.053618, -0.037950, -0.049289, -0.056905, 0.994169, 0.091600, -0.003577, 0.000000, 0.000000, 0.000000, 1.000000
-29.0170, 32.5954, 48.3482, 223.7759, 245.7622, -32.5958, 151.6620, 124.1758, -49.2874, -3.5486, 0.191860, -0.923570, -0.331976, 0.032595, 0.978238, 0.152735, 0.140439, 0.048348, -0.079001, -0.351696, 0.932775, 0.223776, 0.000000, 0.000000, 0.000000, 1.000000, -0.079278, -0.351737, 0.932736, 0.245762, -0.191860, 0.923571, 0.331974, -0.032596, -0.978215, -0.152636, -0.140703, 0.151662, 0.000000, 0.000000, 0.000000, 1.000000, 0.032784, 0.093578, -0.995072, 0.124176, -0.997841, -0.053620, -0.037917, -0.049287, -0.056904, 0.994167, 0.091618, -0.003549, 0.000000, 0.000000, 0.000000, 1.000000
-28.9984, 32.5870, 48.3066, 223.7795, 245.7658, -32.5873, 151.7036, 124.1743, -49.2861, -3.5300, 0.192162, -0.923508, -0.331974, 0.032587, 0.978187, 0.153051, 0.140450, 0.048307, -0.078897, -0.351722, 0.932774, 0.223779, 0.000000, 0.000000, 0.000000, 1.000000, -0.079174, -0.351763, 0.932735, 0.245766, -0.192161, 0.923509, 0.331973, -0.032587, -0.978164, -0.152952, -0.140713, 0.151704, 0.000000, 0.000000, 0.000000, 1.000000, 0.032762, 0.093588, -0.995072, 0.124174, -0.997842, -0.053621, -0.037896, -0.049286, -0.056904, 0.994166, 0.091630, -0.003530, 0.000000, 0.000000, 0.000000, 1.000000
-28.9803, 32.5787, 48.2661, 223.7830, 245.7693, -32.5791, 151.7441, 124.1728, -49.2849, -3.5119, 0.192456, -0.923447, -0.331972, 0.032579, 0.978137, 0.153360, 0.140459, 0.048266, -0.078796, -0.351747, 0.932773, 0.223783, 0.000000, 0.000000, 0.000000, 1.000000, -0.079072, -0.351789, 0.932734, 0.245769, -0.192456, 0.923448, 0.331971, -0.032579, -0.978115, -0.153260, -0.140723, 0.151744, 0.000000, 0.000000, 0.000000, 1.000000, 0.032741, 0.093599, -0.995072, 0.124173, -0.997843, -0.053622, -0.037876, -0.049285, -0.056903, 0.994165, 0.091641, -0.003512, 0.000000, 0.000000, 0.000000, 1.000000
