# Joint_4_Angle(deg), Cam_X(mm), Cam_Y(mm), Cam_Z(mm), Torso_X(mm), Torso_Y(mm), Torso_Z(mm), EE_X(mm), EE_Y(mm), EE_Z(mm), T_cam2marker_flat(16), T_torso2marker_flat(16), T_ee2marker_flat(16)
-30.0001, 33.3743, -11.3711, 277.5255, 299.3210, -35.0919, 211.2621, 0.5116, -62.9138, 38.3757, 0.993726, 0.030140, 0.107700, 0.033374, -0.073322, 0.902738, 0.423897, -0.011371, -0.084449, -0.429134, 0.899284, 0.277526, 0.000000, 0.000000, 0.000000, 1.000000, -0.090552, -0.429906, 0.898321, 0.299321, -0.993185, -0.027479, -0.113264, -0.035092, 0.073377, -0.902455, -0.424488, 0.211262, 0.000000, 0.000000, 0.000000, 1.000000, -0.996680, 0.078755, -0.020638, 0.000512, -0.024018, -0.042215, 0.998820, -0.062914, 0.077791, 0.996000, 0.043966, 0.038376, 0.000000, 0.000000, 0.000000, 1.000000
-30.0001, 33.3743, -11.3722, 277.5251, 299.3205, -35.0920, 211.2632, 0.5116, -62.9140, 38.3757, 0.993727, 0.030139, 0.107700, 0.033374, -0.073321, 0.902739, 0.423895, -0.011372, -0.084449, -0.429132, 0.899285, 0.277525, 0.000000, 0.000000, 0.000000, 1.000000, -0.090552, -0.429904, 0.898322, 0.299321, -0.993185, -0.027478, -0.113264, -0.035092, 0.073376, -0.902457, -0.424486, 0.211263, 0.000000, 0.000000, 0.000000, 1.000000, -0.996680, 0.078755, -0.020638, 0.000512, -0.024018, -0.042215, 0.998820, -0.062914, 0.077791, 0.996000, 0.043966, 0.038376, 0.000000, 0.000000, 0.000000, 1.000000
-30.0001, 33.3747, -11.3799, 277.5217, 299.3171, -35.0931, 211.2712, 0.5110, -62.9152, 38.3753, 0.993727, 0.030133, 0.107694, 0.033375, -0.073312, 0.902747, 0.423879, -0.011380, -0.084448, -0.429115, 0.899293, 0.277522, 0.000000, 0.000000, 0.000000, 1.000000, -0.090554, -0.429886, 0.898331, 0.299317, -0.993185, -0.027471, -0.113261, -0.035093, 0.073367, -0.902465, -0.424469, 0.211271, 0.000000, 0.000000, 0.000000, 1.000000, -0.996680, 0.078755, -0.020638, 0.000511, -0.024018, -0.042215, 0.998820, -0.062915, 0.077791, 0.996000, 0.043966, 0.038375, 0.000000, 0.000000, 0.000000, 1.000000
-30.0001, 33.3748, -11.3813, 277.5211, 299.3165, -35.0933, 211.2726, 0.5109, -62.9154, 38.3753, 0.993727, 0.030132, 0.107693, 0.033375, -0.073310, 0.902748, 0.423876, -0.011381, -0.084448, -0.429112, 0.899295, 0.277521, 0.000000, 0.000000, 0.000000, 1.000000, -0.090554, -0.429883, 0.898332, 0.299316, -0.993186, -0.027469, -0.113260, -0.035093, 0.073365, -0.902467, -0.424466, 0.211273, 0.000000, 0.000000, 0.000000, 1.000000, -0.996680, 0.078755, -0.020638, 0.000511, -0.024018, -0.042215, 0.998820, -0.062915, 0.077791, 0.996000, 0.043967, 0.038375, 0.000000, 0.000000, 0.000000, 1.000000
-30.0001, 33.3738, -11.3773, 277.5228, 299.3181, -35.0926, 211.2686, 0.5113, -62.9148, 38.3754, 0.993727, 0.030136, 0.107694, 0.033374, -0.073315, 0.902744, 0.423884, -0.011377, -0.084446, -0.429121, 0.899291, 0.277523, 0.000000, 0.000000, 0.000000, 1.000000, -0.090553, -0.429892, 0.898328, 0.299318, -0.993185, -0.027473, -0.113262, -0.035093, 0.073370, -0.902462, -0.424474, 0.211269, 0.000000, 0.000000, 0.000000, 1.000000, -0.996680, 0.078755, -0.020638, 0.000511, -0.024018, -0.042215, 0.998820, -0.062915, 0.077791, 0.996000, 0.043966, 0.038375, 0.000000, 0.000000, 0.000000, 1.000000
-29.9999, 33.3726, -11.3727, 277.5244, 299.3197, -35.0918, 211.2639, 0.5118, -62.9143, 38.3756, 0.993727, 0.030141, 0.107694, 0.033373, -0.073320, 0.902740, 0.423891, -0.011373, -0.084443, -0.429128, 0.899288, 0.277524, 0.000000, 0.000000, 0.000000, 1.000000, -0.090552, -0.429900, 0.898324, 0.299320, -0.993185, -0.027478, -0.113263, -0.035092, 0.073376, -0.902458, -0.424482, 0.211264, 0.000000, 0.000000, 0.000000, 1.000000, -0.996680, 0.078755, -0.020638, 0.000512, -0.024018, -0.042215, 0.998820, -0.062914, 0.077791, 0.996000, 0.043966, 0.038376, 0.000000, 0.000000, 0.000000, 1.000000
-29.9996, 33.3718, -11.3705, 277.5244, 299.3197, -35.0912, 211.2617, 0.5120, -62.9145, 38.3756, 0.993727, 0.030144, 0.107694, 0.033372, -0.073323, 0.902740, 0.423891, -0.011371, -0.084442, -0.429128, 0.899288, 0.277524, 0.000000, 0.000000, 0.000000, 1.000000, -0.090551, -0.429900, 0.898324, 0.299320, -0.993185, -0.027481, -0.113264, -0.035091, 0.073379, -0.902458, -0.424481, 0.211262, 0.000000, 0.000000, 0.000000, 1.000000, -0.996680, 0.078755, -0.020637, 0.000512, -0.024017, -0.042215, 0.998820, -0.062914, 0.077791, 0.996000, 0.043966, 0.038376, 0.000000, 0.000000, 0.000000, 1.000000
-29.9990, 33.3711, -11.3692, 277.5233, 299.3185, -35.0908, 211.2603, 0.5122, -62.9151, 38.3754, 0.993727, 0.030147, 0.107694, 0.033371, -0.073325, 0.902743, 0.423884, -0.011369, -0.084441, -0.429122, 0.899291, 0.277523, 0.000000, 0.000000, 0.000000, 1.000000, -0.090550, -0.429893, 0.898328, 0.299318, -0.993185, -0.027483, -0.113264, -0.035091, 0.073380, -0.902461, -0.424475, 0.211260, 0.000000, 0.000000, 0.000000, 1.000000, -0.996680, 0.078755, -0.020637, 0.000512, -0.024017, -0.042215, 0.998820, -0.062915, 0.077791, 0.996000, 0.043966, 0.038375, 0.000000, 0.000000, 0.000000, 1.000000
-29.9979, 33.3704, -11.3686, 277.5204, 299.3156, -35.0902, 211.2598, 0.5122, -62.9166, 38.3751, 0.993727, 0.030151, 0.107693, 0.033370, -0.073326, 0.902750, 0.423869, -0.011369, -0.084440, -0.429107, 0.899298, 0.277520, 0.000000, 0.000000, 0.000000, 1.000000, -0.090550, -0.429878, 0.898335, 0.299316, -0.993185, -0.027486, -0.113264, -0.035090, 0.073382, -0.902468, -0.424459, 0.211260, 0.000000, 0.000000, 0.000000, 1.000000, -0.996680, 0.078756, -0.020636, 0.000512, -0.024016, -0.042215, 0.998820, -0.062917, 0.077792, 0.996000, 0.043966, 0.038375, 0.000000, 0.000000, 0.000000, 1.000000
-29.9937, 33.3687, -11.3701, 277.5079, 299.3031, -35.0889, 211.2613, 0.5121, -62.9228, 38.3737, 0.993727, 0.030160, 0.107689, 0.033369, -0.073326, 0.902781, 0.423804, -0.011370, -0.084437, -0.429042, 0.899330, 0.277508, 0.000000, 0.000000, 0.000000, 1.000000, -0.090550, -0.429813, 0.898366, 0.299303, -0.993185, -0.027495, -0.113261, -0.035089, 0.073382, -0.902499, -0.424394, 0.211261, 0.000000, 0.000000, 0.000000, 1.000000, -0.996680, 0.078757, -0.020634, 0.000512, -0.024014, -0.042215, 0.998820, -0.062923, 0.077793, 0.996000, 0.043966, 0.038374, 0.000000, 0.000000, 0.000000, 1.000000
-29.9922, 33.3682, -11.3710, 277.5034, 299.2985, -35.0885, 211.2622, 0.5121, -62.9250, 38.3732, 0.993727, 0.030162, 0.107687, 0.033368, -0.073326, 0.902792, 0.423780, -0.011371, -0.084437, -0.429018, 0.899341, 0.277503, 0.000000, 0.000000, 0.000000, 1.000000, -0.090550, -0.429789, 0.898377, 0.299299, -0.993185, -0.027498, -0.113260, -0.035089, 0.073382, -0.902510, -0.424370, 0.211262, 0.000000, 0.000000, 0.000000, 1.000000, -0.996680, 0.078757, -0.020633, 0.000512, -0.024013, -0.042215, 0.998820, -0.062925, 0.077793, 0.996000, 0.043966, 0.038373, 0.000000, 0.000000, 0.000000, 1.000000
-29.9863, 33.3665, -11.3750, 277.4850, 299.2801, -35.0870, 211.2662, 0.5117, -62.9339, 38.3711, 0.993727, 0.030173, 0.107682, 0.033367, -0.073324, 0.902838, 0.423684, -0.011375, -0.084435, -0.428922, 0.899387, 0.277485, 0.000000, 0.000000, 0.000000, 1.000000, -0.090549, -0.429694, 0.898423, 0.299280, -0.993185, -0.027508, -0.113256, -0.035087, 0.073379, -0.902556, -0.424274, 0.211266, 0.000000, 0.000000, 0.000000, 1.000000, -0.996680, 0.078759, -0.020630, 0.000512, -0.024010, -0.042214, 0.998820, -0.062934, 0.077795, 0.995999, 0.043965, 0.038371, 0.000000, 0.000000, 0.000000, 1.000000
-29.9811, 33.3651, -11.3787, 277.4687, 299.2638, -35.0857, 211.2700, 0.5113, -62.9417, 38.3693, 0.993728, 0.030181, 0.107677, 0.033365, -0.073322, 0.902877, 0.423599, -0.011379, -0.084434, -0.428838, 0.899427, 0.277469, 0.000000, 0.000000, 0.000000, 1.000000, -0.090549, -0.429609, 0.898464, 0.299264, -0.993185, -0.027517, -0.113253, -0.035086, 0.073377, -0.902596, -0.424190, 0.211270, 0.000000, 0.000000, 0.000000, 1.000000, -0.996680, 0.078761, -0.020627, 0.000511, -0.024008, -0.042214, 0.998820, -0.062942, 0.077797, 0.995999, 0.043965, 0.038369, 0.000000, 0.000000, 0.000000, 1.000000
-29.9781, 33.3643, -11.3808, 277.4593, 299.2544, -35.0850, 211.2721, 0.5111, -62.9463, 38.3683, 0.993728, 0.030186, 0.107675, 0.033364, -0.073321, 0.902900, 0.423551, -0.011381, -0.084434, -0.428789, 0.899450, 0.277459, 0.000000, 0.000000, 0.000000, 1.000000, -0.090549, -0.429561, 0.898487, 0.299254, -0.993185, -0.027522, -0.113251, -0.035085, 0.073376, -0.902619, -0.424141, 0.211272, 0.000000, 0.000000, 0.000000, 1.000000, -0.996680, 0.078762, -0.020626, 0.000511, -0.024006, -0.042214, 0.998820, -0.062946, 0.077798, 0.995999, 0.043965, 0.038368, 0.000000, 0.000000, 0.000000, 1.000000
-29.9674, 33.3616, -11.3884, 277.4260, 299.2211, -35.0823, 211.2798, 0.5104, -62.9624, 38.3645, 0.993728, 0.030204, 0.107665, 0.033362, -0.073317, 0.902982, 0.423377, -0.011388, -0.084432, -0.428616, 0.899533, 0.277426, 0.000000, 0.000000, 0.000000, 1.000000, -0.090548, -0.429387, 0.898570, 0.299221, -0.993186, -0.027540, -0.113243, -0.035082, 0.073372, -0.902700, -0.423968, 0.211280, 0.000000, 0.000000, 0.000000, 1.000000, -0.996680, 0.078765, -0.020620, 0.000510, -0.024000, -0.042214, 0.998820, -0.062962, 0.077801, 0.995999, 0.043965, 0.038365, 0.000000, 0.000000, 0.000000, 1.000000
-29.9589, 33.3594, -11.3944, 277.3994, 299.1944, -35.0802, 211.2858, 0.5098, -62.9752, 38.3616, 0.993729, 0.030218, 0.107658, 0.033359, -0.073313, 0.903047, 0.423239, -0.011394, -0.084431, -0.428478, 0.899599, 0.277399, 0.000000, 0.000000, 0.000000, 1.000000, -0.090548, -0.429249, 0.898636, 0.299194, -0.993186, -0.027555, -0.113237, -0.035080, 0.073369, -0.902766, -0.423829, 0.211286, 0.000000, 0.000000, 0.000000, 1.000000, -0.996680, 0.078767, -0.020615, 0.000510, -0.023996, -0.042214, 0.998820, -0.062975, 0.077804, 0.995999, 0.043964, 0.038362, 0.000000, 0.000000, 0.000000, 1.000000
-29.9589, 33.3594, -11.3944, 277.3994, 299.1944, -35.0802, 211.2858, 0.5098, -62.9752, 38.3616, 0.993729, 0.030218, 0.107658, 0.033359, -0.073313, 0.903047, 0.423239, -0.011394, -0.084431, -0.428478, 0.899599, 0.277399, 0.000000, 0.000000, 0.000000, 1.000000, -0.090548, -0.429249, 0.898636, 0.299194, -0.993186, -0.027555, -0.113237, -0.035080, 0.073369, -0.902766, -0.423829, 0.211286, 0.000000, 0.000000, 0.000000, 1.000000, -0.996680, 0.078767, -0.020615, 0.000510, -0.023996, -0.042214, 0.998820, -0.062975, 0.077804, 0.995999, 0.043964, 0.038362, 0.000000, 0.000000, 0.000000, 1.000000
-29.9385, 33.3543, -11.4082, 277.3356, 299.1307, -35.0751, 211.2998, 0.5084, -63.0059, 38.3544, 0.993729, 0.030252, 0.107641, 0.033354, -0.073306, 0.903203, 0.422908, -0.011408, -0.084428, -0.428147, 0.899757, 0.277336, 0.000000, 0.000000, 0.000000, 1.000000, -0.090546, -0.428919, 0.898794, 0.299131, -0.993187, -0.027590, -0.113222, -0.035075, 0.073361, -0.902922, -0.423498, 0.211300, 0.000000, 0.000000, 0.000000, 1.000000, -0.996680, 0.078773, -0.020604, 0.000508, -0.023985, -0.042214, 0.998821, -0.063006, 0.077811, 0.995998, 0.043964, 0.038354, 0.000000, 0.000000, 0.000000, 1.000000
-29.9266, 33.3513, -11.4160, 277.2986, 299.0937, -35.0720, 211.3076, 0.5076, -63.0238, 38.3503, 0.993730, 0.030272, 0.107632, 0.033351, -0.073302, 0.903293, 0.422716, -0.011416, -0.084426, -0.427955, 0.899848, 0.277299, 0.000000, 0.000000, 0.000000, 1.000000, -0.090545, -0.428727, 0.898885, 0.299094, -0.993187, -0.027611, -0.113214, -0.035072, 0.073357, -0.903012, -0.423306, 0.211308, 0.000000, 0.000000, 0.000000, 1.000000, -0.996679, 0.078777, -0.020598, 0.000508, -0.023979, -0.042214, 0.998821, -0.063024, 0.077815, 0.995998, 0.043963, 0.038350, 0.000000, 0.000000, 0.000000, 1.000000
-29.9137, 33.3480, -11.4243, 277.2584, 299.0535, -35.0687, 211.3160, 0.5067, -63.0431, 38.3458, 0.993730, 0.030294, 0.107621, 0.033348, -0.073297, 0.903391, 0.422508, -0.011424, -0.084424, -0.427747, 0.899947, 0.277258, 0.000000, 0.000000, 0.000000, 1.000000, -0.090544, -0.428519, 0.898984, 0.299053, -0.993187, -0.027634, -0.113204, -0.035069, 0.073353, -0.903110, -0.423098, 0.211316, 0.000000, 0.000000, 0.000000, 1.000000, -0.996679, 0.078781, -0.020591, 0.000507, -0.023972, -0.042214, 0.998821, -0.063043, 0.077819, 0.995998, 0.043963, 0.038346, 0.000000, 0.000000, 0.000000, 1.000000
-29.8850, 33.3400, -11.4385, 277.1709, 298.9660, -35.0606, 211.3304, 0.5052, -63.0855, 38.3360, 0.993731, 0.030346, 0.107599, 0.033340, -0.073293, 0.903603, 0.422054, -0.011439, -0.084419, -0.427294, 0.900163, 0.277171, 0.000000, 0.000000, 0.000000, 1.000000, -0.090540, -0.428066, 0.899201, 0.298966, -0.993188, -0.027688, -0.113185, -0.035061, 0.073348, -0.903323, -0.422643, 0.211330, 0.000000, 0.000000, 0.000000, 1.000000, -0.996679, 0.078789, -0.020576, 0.000505, -0.023957, -0.042214, 0.998821, -0.063085, 0.077828, 0.995997, 0.043961, 0.038336, 0.000000, 0.000000, 0.000000, 1.000000
-29.8774, 33.3369, -11.4363, 277.1502, 298.9453, -35.0574, 211.3281, 0.5053, -63.0958, 38.3336, 0.993731, 0.030366, 0.107595, 0.033337, -0.073299, 0.903653, 0.421945, -0.011436, -0.084416, -0.427187, 0.900214, 0.277150, 0.000000, 0.000000, 0.000000, 1.000000, -0.090538, -0.427959, 0.899252, 0.298945, -0.993188, -0.027709, -0.113182, -0.035057, 0.073354, -0.903373, -0.422535, 0.211328, 0.000000, 0.000000, 0.000000, 1.000000, -0.996679, 0.078791, -0.020572, 0.000505, -0.023953, -0.042214, 0.998821, -0.063096, 0.077830, 0.995997, 0.043961, 0.038334, 0.000000, 0.000000, 0.000000, 1.000000
-29.8537, 33.3277, -11.4319, 277.0847, 298.8798, -35.0481, 211.3235, 0.5054, -63.1283, 38.3262, 0.993731, 0.030424, 0.107583, 0.033328, -0.073314, 0.903812, 0.421602, -0.011432, -0.084408, -0.426846, 0.900377, 0.277085, 0.000000, 0.000000, 0.000000, 1.000000, -0.090530, -0.427620, 0.899414, 0.298880, -0.993187, -0.027769, -0.113171, -0.035048, 0.073370, -0.903532, -0.422192, 0.211323, 0.000000, 0.000000, 0.000000, 1.000000, -0.996679, 0.078798, -0.020559, 0.000505, -0.023940, -0.042213, 0.998822, -0.063128, 0.077838, 0.995996, 0.043959, 0.038326, 0.000000, 0.000000, 0.000000, 1.000000
-29.8372, 33.3216, -11.4308, 277.0383, 298.8334, -35.0419, 211.3224, 0.5053, -63.1512, 38.3209, 0.993730, 0.030463, 0.107573, 0.033322, -0.073323, 0.903925, 0.421359, -0.011431, -0.084402, -0.426605, 0.900491, 0.277038, 0.000000, 0.000000, 0.000000, 1.000000, -0.090525, -0.427379, 0.899529, 0.298833, -0.993187, -0.027809, -0.113163, -0.035042, 0.073378, -0.903645, -0.421950, 0.211322, 0.000000, 0.000000, 0.000000, 1.000000, -0.996678, 0.078803, -0.020549, 0.000505, -0.023931, -0.042212, 0.998822, -0.063151, 0.077843, 0.995996, 0.043958, 0.038321, 0.000000, 0.000000, 0.000000, 1.000000
-29.8288, 33.3186, -11.4309, 277.0143, 298.8094, -35.0388, 211.3224, 0.5052, -63.1630, 38.3182, 0.993730, 0.030482, 0.107568, 0.033319, -0.073326, 0.903983, 0.421234, -0.011431, -0.084399, -0.426480, 0.900550, 0.277014, 0.000000, 0.000000, 0.000000, 1.000000, -0.090523, -0.427255, 0.899588, 0.298809, -0.993187, -0.027829, -0.113158, -0.035039, 0.073382, -0.903703, -0.421825, 0.211322, 0.000000, 0.000000, 0.000000, 1.000000, -0.996678, 0.078806, -0.020545, 0.000505, -0.023927, -0.042212, 0.998822, -0.063163, 0.077845, 0.995996, 0.043957, 0.038318, 0.000000, 0.000000, 0.000000, 1.000000
-29.8116, 33.3126, -11.4322, 276.9649, 298.7600, -35.0327, 211.3236, 0.5049, -63.1873, 38.3126, 0.993730, 0.030521, 0.107557, 0.033313, -0.073332, 0.904103, 0.420976, -0.011432, -0.084394, -0.426224, 0.900672, 0.276965, 0.000000, 0.000000, 0.000000, 1.000000, -0.090518, -0.426999, 0.899710, 0.298760, -0.993187, -0.027868, -0.113149, -0.035033, 0.073388, -0.903822, -0.421568, 0.211324, 0.000000, 0.000000, 0.000000, 1.000000, -0.996678, 0.078811, -0.020536, 0.000505, -0.023918, -0.042212, 0.998822, -0.063187, 0.077851, 0.995996, 0.043956, 0.038313, 0.000000, 0.000000, 0.000000, 1.000000
-29.7670, 33.2980, -11.4418, 276.8337, 298.6289, -35.0177, 211.3331, 0.5036, -63.2513, 38.2977, 0.993731, 0.030614, 0.107526, 0.033298, -0.073341, 0.904420, 0.420293, -0.011442, -0.084382, -0.425544, 0.900995, 0.276834, 0.000000, 0.000000, 0.000000, 1.000000, -0.090508, -0.426321, 0.900032, 0.298629, -0.993187, -0.027966, -0.113122, -0.035018, 0.073396, -0.904139, -0.420886, 0.211333, 0.000000, 0.000000, 0.000000, 1.000000, -0.996678, 0.078824, -0.020511, 0.000504, -0.023894, -0.042211, 0.998823, -0.063251, 0.077865, 0.995995, 0.043954, 0.038298, 0.000000, 0.000000, 0.000000, 1.000000
-29.7488, 33.2923, -11.4480, 276.7789, 298.5741, -35.0119, 211.3392, 0.5029, -63.2778, 38.2915, 0.993731, 0.030651, 0.107513, 0.033292, -0.073341, 0.904552, 0.420009, -0.011448, -0.084377, -0.425261, 0.901129, 0.276779, 0.000000, 0.000000, 0.000000, 1.000000, -0.090504, -0.426039, 0.900167, 0.298574, -0.993188, -0.028003, -0.113110, -0.035012, 0.073397, -0.904271, -0.420602, 0.211339, 0.000000, 0.000000, 0.000000, 1.000000, -0.996677, 0.078829, -0.020501, 0.000503, -0.023884, -0.042211, 0.998823, -0.063278, 0.077871, 0.995994, 0.043953, 0.038291, 0.000000, 0.000000, 0.000000, 1.000000
-29.7303, 33.2868, -11.4553, 276.7232, 298.5184, -35.0062, 211.3465, 0.5021, -63.3048, 38.2851, 0.993732, 0.030686, 0.107499, 0.033287, -0.073341, 0.904686, 0.419719, -0.011455, -0.084373, -0.424973, 0.901266, 0.276723, 0.000000, 0.000000, 0.000000, 1.000000, -0.090500, -0.425751, 0.900303, 0.298518, -0.993188, -0.028041, -0.113097, -0.035006, 0.073396, -0.904406, -0.420313, 0.211346, 0.000000, 0.000000, 0.000000, 1.000000, -0.996677, 0.078835, -0.020491, 0.000502, -0.023874, -0.042210, 0.998823, -0.063305, 0.077877, 0.995994, 0.043952, 0.038285, 0.000000, 0.000000, 0.000000, 1.000000
-29.6931, 33.2760, -11.4731, 276.6091, 298.4044, -34.9951, 211.3643, 0.5002, -63.3597, 38.2722, 0.993733, 0.030756, 0.107469, 0.033276, -0.073336, 0.904960, 0.419129, -0.011473, -0.084364, -0.424383, 0.901544, 0.276609, 0.000000, 0.000000, 0.000000, 1.000000, -0.090492, -0.425163, 0.900582, 0.298404, -0.993189, -0.028113, -0.113070, -0.034995, 0.073391, -0.904680, -0.419723, 0.211364, 0.000000, 0.000000, 0.000000, 1.000000, -0.996677, 0.078846, -0.020471, 0.000500, -0.023855, -0.042210, 0.998824, -0.063360, 0.077889, 0.995993, 0.043950, 0.038272, 0.000000, 0.000000, 0.000000, 1.000000
-29.6744, 33.2709, -11.4834, 276.5514, 298.3467, -34.9897, 211.3745, 0.4991, -63.3875, 38.2657, 0.993733, 0.030790, 0.107453, 0.033271, -0.073332, 0.905099, 0.418830, -0.011483, -0.084360, -0.424085, 0.901685, 0.276551, 0.000000, 0.000000, 0.000000, 1.000000, -0.090489, -0.424865, 0.900723, 0.298347, -0.993190, -0.028148, -0.113056, -0.034990, 0.073387, -0.904819, -0.419425, 0.211374, 0.000000, 0.000000, 0.000000, 1.000000, -0.996676, 0.078851, -0.020461, 0.000499, -0.023845, -0.042210, 0.998824, -0.063387, 0.077895, 0.995992, 0.043950, 0.038266, 0.000000, 0.000000, 0.000000, 1.000000
-29.6558, 33.2658, -11.4943, 276.4935, 298.2888, -34.9845, 211.3854, 0.4980, -63.4152, 38.2591, 0.993734, 0.030822, 0.107437, 0.033266, -0.073327, 0.905238, 0.418531, -0.011494, -0.084356, -0.423786, 0.901826, 0.276494, 0.000000, 0.000000, 0.000000, 1.000000, -0.090485, -0.424567, 0.900864, 0.298289, -0.993191, -0.028183, -0.113041, -0.034984, 0.073383, -0.904958, -0.419125, 0.211385, 0.000000, 0.000000, 0.000000, 1.000000, -0.996676, 0.078857, -0.020451, 0.000498, -0.023835, -0.042210, 0.998824, -0.063415, 0.077901, 0.995992, 0.043949, 0.038259, 0.000000, 0.000000, 0.000000, 1.000000
-29.6558, 33.2658, -11.4943, 276.4935, 298.2888, -34.9845, 211.3854, 0.4980, -63.4152, 38.2591, 0.993734, 0.030822, 0.107437, 0.033266, -0.073327, 0.905238, 0.418531, -0.011494, -0.084356, -0.423786, 0.901826, 0.276494, 0.000000, 0.000000, 0.000000, 1.000000, -0.090485, -0.424567, 0.900864, 0.298289, -0.993191, -0.028183, -0.113041, -0.034984, 0.073383, -0.904958, -0.419125, 0.211385, 0.000000, 0.000000, 0.000000, 1.000000, -0.996676, 0.078857, -0.020451, 0.000498, -0.023835, -0.042210, 0.998824, -0.063415, 0.077901, 0.995992, 0.043949, 0.038259, 0.000000, 0.000000, 0.000000, 1.000000
-29.6006, 33.2508, -11.5267, 276.3216, 298.1170, -34.9688, 211.4177, 0.4947, -63.4976, 38.2395, 0.993736, 0.030920, 0.107390, 0.033251, -0.073312, 0.905649, 0.417642, -0.011527, -0.084344, -0.422899, 0.902243, 0.276322, 0.000000, 0.000000, 0.000000, 1.000000, -0.090475, -0.423681, 0.901282, 0.298117, -0.993193, -0.028285, -0.112998, -0.034969, 0.073368, -0.905370, -0.418238, 0.211418, 0.000000, 0.000000, 0.000000, 1.000000, -0.996675, 0.078874, -0.020422, 0.000495, -0.023806, -0.042209, 0.998825, -0.063498, 0.077919, 0.995991, 0.043947, 0.038240, 0.000000, 0.000000, 0.000000, 1.000000
-29.5827, 33.2451, -11.5327, 276.2677, 298.0631, -34.9630, 211.4237, 0.4940, -63.5236, 38.2333, 0.993736, 0.030956, 0.107376, 0.033245, -0.073313, 0.905778, 0.417363, -0.011533, -0.084339, -0.422621, 0.902374, 0.276268, 0.000000, 0.000000, 0.000000, 1.000000, -0.090470, -0.423403, 0.901413, 0.298063, -0.993193, -0.028322, -0.112985, -0.034963, 0.073368, -0.905498, -0.417959, 0.211424, 0.000000, 0.000000, 0.000000, 1.000000, -0.996675, 0.078879, -0.020412, 0.000494, -0.023797, -0.042209, 0.998825, -0.063524, 0.077925, 0.995990, 0.043946, 0.038233, 0.000000, 0.000000, 0.000000, 1.000000
-29.5651, 33.2397, -11.5395, 276.2141, 298.0095, -34.9574, 211.4304, 0.4932, -63.5494, 38.2272, 0.993737, 0.030990, 0.107361, 0.033240, -0.073312, 0.905906, 0.417085, -0.011540, -0.084334, -0.422344, 0.902504, 0.276214, 0.000000, 0.000000, 0.000000, 1.000000, -0.090466, -0.423127, 0.901543, 0.298010, -0.993193, -0.028358, -0.112972, -0.034957, 0.073368, -0.905626, -0.417682, 0.211430, 0.000000, 0.000000, 0.000000, 1.000000, -0.996675, 0.078884, -0.020402, 0.000493, -0.023787, -0.042209, 0.998826, -0.063549, 0.077930, 0.995990, 0.043945, 0.038227, 0.000000, 0.000000, 0.000000, 1.000000
-29.5477, 33.2345, -11.5471, 276.1610, 297.9565, -34.9521, 211.4379, 0.4924, -63.5750, 38.2211, 0.993737, 0.031023, 0.107347, 0.033235, -0.073311, 0.906032, 0.416811, -0.011547, -0.084329, -0.422070, 0.902633, 0.276161, 0.000000, 0.000000, 0.000000, 1.000000, -0.090461, -0.422854, 0.901671, 0.297956, -0.993194, -0.028393, -0.112959, -0.034952, 0.073366, -0.905753, -0.417407, 0.211438, 0.000000, 0.000000, 0.000000, 1.000000, -0.996675, 0.078889, -0.020393, 0.000492, -0.023778, -0.042209, 0.998826, -0.063575, 0.077936, 0.995989, 0.043944, 0.038221, 0.000000, 0.000000, 0.000000, 1.000000
-29.5306, 33.2296, -11.5554, 276.1083, 297.9038, -34.9469, 211.4461, 0.4915, -63.6002, 38.2151, 0.993738, 0.031055, 0.107333, 0.033230, -0.073308, 0.906158, 0.416538, -0.011555, -0.084325, -0.421798, 0.902760, 0.276108, 0.000000, 0.000000, 0.000000, 1.000000, -0.090457, -0.422583, 0.901799, 0.297904, -0.993194, -0.028426, -0.112946, -0.034947, 0.073364, -0.905878, -0.417136, 0.211446, 0.000000, 0.000000, 0.000000, 1.000000, -0.996675, 0.078895, -0.020384, 0.000492, -0.023769, -0.042209, 0.998826, -0.063600, 0.077942, 0.995989, 0.043943, 0.038215, 0.000000, 0.000000, 0.000000, 1.000000
-29.5137, 33.2248, -11.5642, 276.0561, 297.8517, -34.9419, 211.4549, 0.4906, -63.6253, 38.2091, 0.993739, 0.031086, 0.107318, 0.033225, -0.073305, 0.906282, 0.416268, -0.011564, -0.084320, -0.421529, 0.902886, 0.276056, 0.000000, 0.000000, 0.000000, 1.000000, -0.090454, -0.422314, 0.901925, 0.297852, -0.993195, -0.028459, -0.112932, -0.034942, 0.073361, -0.906003, -0.416866, 0.211455, 0.000000, 0.000000, 0.000000, 1.000000, -0.996674, 0.078900, -0.020375, 0.000491, -0.023760, -0.042208, 0.998826, -0.063625, 0.077947, 0.995989, 0.043943, 0.038209, 0.000000, 0.000000, 0.000000, 1.000000
-29.5053, 33.2224, -11.5689, 276.0302, 297.8257, -34.9395, 211.4595, 0.4901, -63.6377, 38.2061, 0.993739, 0.031101, 0.107311, 0.033222, -0.073303, 0.906344, 0.416134, -0.011569, -0.084318, -0.421395, 0.902949, 0.276030, 0.000000, 0.000000, 0.000000, 1.000000, -0.090452, -0.422181, 0.901988, 0.297826, -0.993195, -0.028474, -0.112926, -0.034940, 0.073359, -0.906064, -0.416732, 0.211460, 0.000000, 0.000000, 0.000000, 1.000000, -0.996674, 0.078902, -0.020370, 0.000490, -0.023756, -0.042208, 0.998826, -0.063638, 0.077950, 0.995988, 0.043942, 0.038206, 0.000000, 0.000000, 0.000000, 1.000000
-29.4726, 33.2136, -11.5885, 275.9278, 297.7234, -34.9303, 211.4791, 0.4881, -63.6866, 38.1943, 0.993740, 0.031158, 0.107282, 0.033214, -0.073293, 0.906587, 0.415605, -0.011588, -0.084311, -0.420867, 0.903196, 0.275928, 0.000000, 0.000000, 0.000000, 1.000000, -0.090445, -0.421653, 0.902235, 0.297723, -0.993197, -0.028534, -0.112899, -0.034930, 0.073349, -0.906308, -0.416204, 0.211479, 0.000000, 0.000000, 0.000000, 1.000000, -0.996674, 0.078912, -0.020353, 0.000488, -0.023739, -0.042208, 0.998827, -0.063687, 0.077960, 0.995988, 0.043941, 0.038194, 0.000000, 0.000000, 0.000000, 1.000000
-29.4490, 33.2074, -11.6039, 275.8534, 297.6489, -34.9238, 211.4945, 0.4865, -63.7221, 38.1858, 0.993741, 0.031198, 0.107260, 0.033207, -0.073285, 0.906764, 0.415221, -0.011604, -0.084305, -0.420483, 0.903375, 0.275853, 0.000000, 0.000000, 0.000000, 1.000000, -0.090441, -0.421270, 0.902415, 0.297649, -0.993198, -0.028577, -0.112879, -0.034924, 0.073341, -0.906485, -0.415820, 0.211494, 0.000000, 0.000000, 0.000000, 1.000000, -0.996673, 0.078919, -0.020340, 0.000486, -0.023726, -0.042208, 0.998827, -0.063722, 0.077968, 0.995987, 0.043940, 0.038186, 0.000000, 0.000000, 0.000000, 1.000000
-29.4262, 33.1999, -11.6097, 275.7854, 297.5810, -34.9162, 211.5001, 0.4857, -63.7550, 38.1779, 0.993742, 0.031245, 0.107243, 0.033200, -0.073287, 0.906925, 0.414868, -0.011610, -0.084298, -0.420131, 0.903539, 0.275785, 0.000000, 0.000000, 0.000000, 1.000000, -0.090434, -0.420920, 0.902579, 0.297581, -0.993198, -0.028626, -0.112864, -0.034916, 0.073343, -0.906646, -0.415468, 0.211500, 0.000000, 0.000000, 0.000000, 1.000000, -0.996673, 0.078926, -0.020328, 0.000486, -0.023714, -0.042208, 0.998827, -0.063755, 0.077976, 0.995987, 0.043939, 0.038178, 0.000000, 0.000000, 0.000000, 1.000000
-29.4114, 33.1953, -11.6145, 275.7409, 297.5365, -34.9114, 211.5047, 0.4851, -63.7764, 38.1727, 0.993742, 0.031275, 0.107231, 0.033195, -0.073288, 0.907031, 0.414637, -0.011614, -0.084294, -0.419901, 0.903647, 0.275741, 0.000000, 0.000000, 0.000000, 1.000000, -0.090430, -0.420690, 0.902686, 0.297537, -0.993198, -0.028656, -0.112853, -0.034911, 0.073344, -0.906752, -0.415238, 0.211505, 0.000000, 0.000000, 0.000000, 1.000000, -0.996673, 0.078931, -0.020320, 0.000485, -0.023706, -0.042207, 0.998828, -0.063776, 0.077980, 0.995986, 0.043938, 0.038173, 0.000000, 0.000000, 0.000000, 1.000000
-29.4041, 33.1930, -11.6171, 275.7188, 297.5145, -34.9091, 211.5073, 0.4848, -63.7871, 38.1702, 0.993742, 0.031289, 0.107225, 0.033193, -0.073288, 0.907083, 0.414523, -0.011617, -0.084292, -0.419787, 0.903700, 0.275719, 0.000000, 0.000000, 0.000000, 1.000000, -0.090429, -0.420577, 0.902739, 0.297514, -0.993199, -0.028671, -0.112848, -0.034909, 0.073344, -0.906804, -0.415123, 0.211507, 0.000000, 0.000000, 0.000000, 1.000000, -0.996673, 0.078933, -0.020316, 0.000485, -0.023702, -0.042207, 0.998828, -0.063787, 0.077983, 0.995986, 0.043938, 0.038170, 0.000000, 0.000000, 0.000000, 1.000000
-29.3754, 33.1846, -11.6294, 275.6313, 297.4270, -34.9003, 211.5194, 0.4834, -63.8292, 38.1600, 0.993743, 0.031344, 0.107201, 0.033185, -0.073285, 0.907291, 0.414069, -0.011629, -0.084284, -0.419334, 0.903911, 0.275631, 0.000000, 0.000000, 0.000000, 1.000000, -0.090422, -0.420125, 0.902950, 0.297427, -0.993199, -0.028728, -0.112826, -0.034900, 0.073341, -0.907011, -0.414670, 0.211519, 0.000000, 0.000000, 0.000000, 1.000000, -0.996673, 0.078941, -0.020300, 0.000483, -0.023687, -0.042207, 0.998828, -0.063829, 0.077992, 0.995985, 0.043937, 0.038160, 0.000000, 0.000000, 0.000000, 1.000000
-29.3474, 33.1767, -11.6441, 275.5445, 297.3402, -34.8922, 211.5339, 0.4818, -63.8708, 38.1499, 0.993744, 0.031394, 0.107178, 0.033177, -0.073279, 0.907496, 0.413619, -0.011644, -0.084278, -0.418885, 0.904120, 0.275544, 0.000000, 0.000000, 0.000000, 1.000000, -0.090416, -0.419677, 0.903159, 0.297340, -0.993200, -0.028781, -0.112805, -0.034892, 0.073335, -0.907217, -0.414221, 0.211534, 0.000000, 0.000000, 0.000000, 1.000000, -0.996672, 0.078950, -0.020285, 0.000482, -0.023673, -0.042207, 0.998828, -0.063871, 0.078001, 0.995985, 0.043935, 0.038150, 0.000000, 0.000000, 0.000000, 1.000000
-29.3337, 33.1725, -11.6486, 275.5032, 297.2990, -34.8879, 211.5383, 0.4812, -63.8907, 38.1451, 0.993744, 0.031421, 0.107167, 0.033173, -0.073280, 0.907594, 0.413404, -0.011649, -0.084274, -0.418671, 0.904219, 0.275503, 0.000000, 0.000000, 0.000000, 1.000000, -0.090413, -0.419464, 0.903258, 0.297299, -0.993201, -0.028809, -0.112795, -0.034888, 0.073336, -0.907315, -0.414007, 0.211538, 0.000000, 0.000000, 0.000000, 1.000000, -0.996672, 0.078954, -0.020278, 0.000481, -0.023665, -0.042207, 0.998829, -0.063891, 0.078006, 0.995984, 0.043935, 0.038145, 0.000000, 0.000000, 0.000000, 1.000000
-29.3202, 33.1680, -11.6505, 275.4638, 297.2596, -34.8832, 211.5400, 0.4809, -63.9099, 38.1405, 0.993745, 0.031450, 0.107157, 0.033168, -0.073283, 0.907687, 0.413199, -0.011650, -0.084270, -0.418467, 0.904314, 0.275464, 0.000000, 0.000000, 0.000000, 1.000000, -0.090409, -0.419261, 0.903353, 0.297260, -0.993201, -0.028839, -0.112786, -0.034883, 0.073339, -0.907408, -0.413803, 0.211540, 0.000000, 0.000000, 0.000000, 1.000000, -0.996672, 0.078958, -0.020271, 0.000481, -0.023658, -0.042206, 0.998829, -0.063910, 0.078010, 0.995984, 0.043934, 0.038140, 0.000000, 0.000000, 0.000000, 1.000000
-29.3069, 33.1637, -11.6533, 275.4246, 297.2204, -34.8788, 211.5427, 0.4805, -63.9289, 38.1359, 0.993745, 0.031478, 0.107148, 0.033164, -0.073285, 0.907780, 0.412994, -0.011653, -0.084266, -0.418263, 0.904409, 0.275425, 0.000000, 0.000000, 0.000000, 1.000000, -0.090406, -0.419058, 0.903447, 0.297220, -0.993201, -0.028868, -0.112778, -0.034879, 0.073341, -0.907500, -0.413599, 0.211543, 0.000000, 0.000000, 0.000000, 1.000000, -0.996672, 0.078962, -0.020264, 0.000480, -0.023651, -0.042206, 0.998829, -0.063929, 0.078014, 0.995984, 0.043933, 0.038136, 0.000000, 0.000000, 0.000000, 1.000000
-29.2938, 33.1596, -11.6571, 275.3853, 297.1811, -34.8746, 211.5463, 0.4800, -63.9480, 38.1313, 0.993745, 0.031505, 0.107138, 0.033160, -0.073286, 0.907873, 0.412790, -0.011657, -0.084263, -0.418059, 0.904503, 0.275385, 0.000000, 0.000000, 0.000000, 1.000000, -0.090403, -0.418855, 0.903542, 0.297181, -0.993201, -0.028896, -0.112769, -0.034875, 0.073342, -0.907593, -0.413395, 0.211546, 0.000000, 0.000000, 0.000000, 1.000000, -0.996671, 0.078966, -0.020256, 0.000480, -0.023644, -0.042206, 0.998829, -0.063948, 0.078019, 0.995983, 0.043933, 0.038131, 0.000000, 0.000000, 0.000000, 1.000000
-29.2872, 33.1576, -11.6594, 275.3656, 297.1614, -34.8725, 211.5485, 0.4797, -63.9575, 38.1290, 0.993745, 0.031517, 0.107133, 0.033158, -0.073286, 0.907920, 0.412687, -0.011659, -0.084261, -0.417957, 0.904551, 0.275366, 0.000000, 0.000000, 0.000000, 1.000000, -0.090402, -0.418753, 0.903589, 0.297161, -0.993201, -0.028909, -0.112764, -0.034873, 0.073342, -0.907640, -0.413292, 0.211549, 0.000000, 0.000000, 0.000000, 1.000000, -0.996671, 0.078968, -0.020253, 0.000480, -0.023641, -0.042206, 0.998829, -0.063957, 0.078021, 0.995983, 0.043932, 0.038129, 0.000000, 0.000000, 0.000000, 1.000000
-29.2742, 33.1538, -11.6646, 275.3260, 297.1218, -34.8686, 211.5536, 0.4790, -63.9766, 38.1243, 0.993745, 0.031542, 0.107123, 0.033154, -0.073285, 0.908014, 0.412481, -0.011665, -0.084258, -0.417751, 0.904646, 0.275326, 0.000000, 0.000000, 0.000000, 1.000000, -0.090399, -0.418548, 0.903685, 0.297122, -0.993201, -0.028935, -0.112755, -0.034869, 0.073342, -0.907734, -0.413086, 0.211554, 0.000000, 0.000000, 0.000000, 1.000000, -0.996671, 0.078972, -0.020246, 0.000479, -0.023634, -0.042206, 0.998829, -0.063977, 0.078025, 0.995983, 0.043932, 0.038124, 0.000000, 0.000000, 0.000000, 1.000000
-29.2611, 33.1501, -11.6706, 275.2860, 297.0819, -34.8648, 211.5595, 0.4783, -63.9959, 38.1196, 0.993746, 0.031566, 0.107112, 0.033150, -0.073284, 0.908109, 0.412272, -0.011671, -0.084256, -0.417543, 0.904742, 0.275286, 0.000000, 0.000000, 0.000000, 1.000000, -0.090397, -0.418341, 0.903781, 0.297082, -0.993202, -0.028960, -0.112746, -0.034865, 0.073340, -0.907828, -0.412879, 0.211559, 0.000000, 0.000000, 0.000000, 1.000000, -0.996671, 0.078976, -0.020239, 0.000478, -0.023627, -0.042206, 0.998830, -0.063996, 0.078029, 0.995983, 0.043931, 0.038120, 0.000000, 0.000000, 0.000000, 1.000000
-29.2348, 33.1431, -11.6849, 275.2045, 297.0004, -34.8575, 211.5736, 0.4767, -64.0350, 38.1100, 0.993747, 0.031613, 0.107091, 0.033143, -0.073277, 0.908302, 0.411848, -0.011685, -0.084251, -0.417120, 0.904938, 0.275205, 0.000000, 0.000000, 0.000000, 1.000000, -0.090393, -0.417919, 0.903976, 0.297000, -0.993203, -0.029009, -0.112726, -0.034858, 0.073334, -0.908021, -0.412456, 0.211574, 0.000000, 0.000000, 0.000000, 1.000000, -0.996671, 0.078984, -0.020225, 0.000477, -0.023613, -0.042205, 0.998830, -0.064035, 0.078038, 0.995982, 0.043930, 0.038110, 0.000000, 0.000000, 0.000000, 1.000000
-29.2215, 33.1398, -11.6931, 275.1628, 296.9588, -34.8540, 211.5816, 0.4758, -64.0550, 38.1052, 0.993747, 0.031635, 0.107079, 0.033140, -0.073273, 0.908400, 0.411631, -0.011693, -0.084249, -0.416903, 0.905038, 0.275163, 0.000000, 0.000000, 0.000000, 1.000000, -0.090391, -0.417703, 0.904076, 0.296959, -0.993203, -0.029033, -0.112716, -0.034854, 0.073330, -0.908120, -0.412239, 0.211582, 0.000000, 0.000000, 0.000000, 1.000000, -0.996671, 0.078988, -0.020218, 0.000476, -0.023606, -0.042205, 0.998830, -0.064055, 0.078042, 0.995982, 0.043929, 0.038105, 0.000000, 0.000000, 0.000000, 1.000000
-29.2147, 33.1381, -11.6974, 275.1418, 296.9377, -34.8523, 211.5859, 0.4753, -64.0651, 38.1027, 0.993747, 0.031647, 0.107074, 0.033138, -0.073271, 0.908450, 0.411522, -0.011697, -0.084248, -0.416794, 0.905088, 0.275142, 0.000000, 0.000000, 0.000000, 1.000000, -0.090390, -0.417593, 0.904127, 0.296938, -0.993203, -0.029045, -0.112711, -0.034852, 0.073327, -0.908170, -0.412130, 0.211586, 0.000000, 0.000000, 0.000000, 1.000000, -0.996670, 0.078990, -0.020214, 0.000475, -0.023603, -0.042205, 0.998830, -0.064065, 0.078044, 0.995982, 0.043929, 0.038103, 0.000000, 0.000000, 0.000000, 1.000000
-29.2011, 33.1348, -11.7063, 275.0990, 296.8950, -34.8488, 211.5948, 0.4743, -64.0855, 38.0977, 0.993748, 0.031669, 0.107062, 0.033135, -0.073266, 0.908551, 0.411299, -0.011706, -0.084246, -0.416572, 0.905191, 0.275099, 0.000000, 0.000000, 0.000000, 1.000000, -0.090389, -0.417372, 0.904229, 0.296895, -0.993204, -0.029068, -0.112700, -0.034849, 0.073322, -0.908271, -0.411908, 0.211595, 0.000000, 0.000000, 0.000000, 1.000000, -0.996670, 0.078994, -0.020207, 0.000474, -0.023596, -0.042205, 0.998830, -0.064085, 0.078049, 0.995981, 0.043929, 0.038098, 0.000000, 0.000000, 0.000000, 1.000000
-29.1804, 33.1299, -11.7206, 275.0336, 296.8296, -34.8437, 211.6089, 0.4727, -64.1168, 38.0900, 0.993749, 0.031702, 0.107044, 0.033130, -0.073257, 0.908706, 0.410959, -0.011721, -0.084243, -0.416232, 0.905347, 0.275034, 0.000000, 0.000000, 0.000000, 1.000000, -0.090387, -0.417033, 0.904386, 0.296830, -0.993205, -0.029103, -0.112684, -0.034844, 0.073314, -0.908425, -0.411568, 0.211609, 0.000000, 0.000000, 0.000000, 1.000000, -0.996670, 0.079000, -0.020196, 0.000473, -0.023585, -0.042205, 0.998831, -0.064117, 0.078056, 0.995981, 0.043928, 0.038090, 0.000000, 0.000000, 0.000000, 1.000000
-29.1734, 33.1283, -11.7255, 275.0114, 296.8074, -34.8420, 211.6138, 0.4722, -64.1274, 38.0874, 0.993749, 0.031714, 0.107038, 0.033128, -0.073254, 0.908758, 0.410844, -0.011725, -0.084242, -0.416117, 0.905401, 0.275011, 0.000000, 0.000000, 0.000000, 1.000000, -0.090386, -0.416918, 0.904439, 0.296807, -0.993205, -0.029115, -0.112678, -0.034842, 0.073311, -0.908478, -0.411453, 0.211614, 0.000000, 0.000000, 0.000000, 1.000000, -0.996670, 0.079003, -0.020192, 0.000472, -0.023581, -0.042205, 0.998831, -0.064127, 0.078058, 0.995981, 0.043928, 0.038087, 0.000000, 0.000000, 0.000000, 1.000000
-29.1448, 33.1217, -11.7458, 274.9209, 296.7169, -34.8350, 211.6340, 0.4700, -64.1706, 38.0767, 0.993750, 0.031759, 0.107013, 0.033122, -0.073241, 0.908972, 0.410373, -0.011746, -0.084239, -0.415646, 0.905617, 0.274921, 0.000000, 0.000000, 0.000000, 1.000000, -0.090383, -0.416449, 0.904655, 0.296717, -0.993206, -0.029163, -0.112655, -0.034835, 0.073298, -0.908691, -0.410983, 0.211634, 0.000000, 0.000000, 0.000000, 1.000000, -0.996670, 0.079011, -0.020177, 0.000470, -0.023567, -0.042205, 0.998831, -0.064171, 0.078067, 0.995980, 0.043927, 0.038077, 0.000000, 0.000000, 0.000000, 1.000000
-29.1231, 33.1167, -11.7613, 274.8519, 296.6480, -34.8298, 211.6495, 0.4682, -64.2034, 38.0686, 0.993751, 0.031793, 0.106994, 0.033117, -0.073231, 0.909134, 0.410015, -0.011761, -0.084236, -0.415288, 0.905781, 0.274852, 0.000000, 0.000000, 0.000000, 1.000000, -0.090381, -0.416091, 0.904820, 0.296648, -0.993207, -0.029199, -0.112638, -0.034830, 0.073288, -0.908854, -0.410625, 0.211650, 0.000000, 0.000000, 0.000000, 1.000000, -0.996669, 0.079018, -0.020165, 0.000468, -0.023555, -0.042205, 0.998831, -0.064203, 0.078075, 0.995979, 0.043926, 0.038069, 0.000000, 0.000000, 0.000000, 1.000000
-29.1084, 33.1133, -11.7717, 274.8054, 296.6015, -34.8262, 211.6599, 0.4671, -64.2256, 38.0631, 0.993752, 0.031816, 0.106981, 0.033113, -0.073224, 0.909244, 0.409773, -0.011772, -0.084235, -0.415047, 0.905892, 0.274805, 0.000000, 0.000000, 0.000000, 1.000000, -0.090380, -0.415850, 0.904931, 0.296601, -0.993208, -0.029224, -0.112626, -0.034826, 0.073281, -0.908964, -0.410384, 0.211660, 0.000000, 0.000000, 0.000000, 1.000000, -0.996669, 0.079023, -0.020158, 0.000467, -0.023548, -0.042205, 0.998831, -0.064226, 0.078079, 0.995979, 0.043925, 0.038063, 0.000000, 0.000000, 0.000000, 1.000000
-29.0936, 33.1099, -11.7820, 274.7585, 296.5546, -34.8226, 211.6701, 0.4659, -64.2480, 38.0575, 0.993752, 0.031840, 0.106968, 0.033110, -0.073218, 0.909354, 0.409530, -0.011782, -0.084233, -0.414803, 0.906004, 0.274759, 0.000000, 0.000000, 0.000000, 1.000000, -0.090378, -0.415607, 0.905043, 0.296555, -0.993208, -0.029249, -0.112614, -0.034823, 0.073275, -0.909074, -0.410141, 0.211670, 0.000000, 0.000000, 0.000000, 1.000000, -0.996669, 0.079027, -0.020150, 0.000466, -0.023540, -0.042205, 0.998832, -0.064248, 0.078084, 0.995979, 0.043925, 0.038058, 0.000000, 0.000000, 0.000000, 1.000000
-29.0786, 33.1064, -11.7922, 274.7113, 296.5074, -34.8189, 211.6803, 0.4648, -64.2705, 38.0519, 0.993753, 0.031864, 0.106955, 0.033106, -0.073212, 0.909465, 0.409284, -0.011792, -0.084231, -0.414558, 0.906117, 0.274711, 0.000000, 0.000000, 0.000000, 1.000000, -0.090377, -0.415362, 0.905156, 0.296507, -0.993209, -0.029274, -0.112602, -0.034819, 0.073268, -0.909185, -0.409895, 0.211680, 0.000000, 0.000000, 0.000000, 1.000000, -0.996669, 0.079032, -0.020142, 0.000465, -0.023532, -0.042205, 0.998832, -0.064271, 0.078089, 0.995978, 0.043924, 0.038052, 0.000000, 0.000000, 0.000000, 1.000000
-29.0559, 33.1010, -11.8072, 274.6397, 296.4358, -34.8132, 211.6954, 0.4631, -64.3047, 38.0435, 0.993754, 0.031901, 0.106936, 0.033101, -0.073202, 0.909633, 0.408912, -0.011807, -0.084228, -0.414186, 0.906287, 0.274640, 0.000000, 0.000000, 0.000000, 1.000000, -0.090374, -0.414991, 0.905326, 0.296436, -0.993210, -0.029313, -0.112584, -0.034813, 0.073259, -0.909353, -0.409524, 0.211695, 0.000000, 0.000000, 0.000000, 1.000000, -0.996668, 0.079039, -0.020130, 0.000463, -0.023520, -0.042205, 0.998832, -0.064305, 0.078097, 0.995978, 0.043923, 0.038043, 0.000000, 0.000000, 0.000000, 1.000000
-29.0483, 33.0992, -11.8121, 274.6157, 296.4118, -34.8113, 211.7003, 0.4625, -64.3161, 38.0406, 0.993754, 0.031913, 0.106929, 0.033099, -0.073199, 0.909689, 0.408787, -0.011812, -0.084227, -0.414061, 0.906344, 0.274616, 0.000000, 0.000000, 0.000000, 1.000000, -0.090373, -0.414866, 0.905383, 0.296412, -0.993210, -0.029326, -0.112578, -0.034811, 0.073256, -0.909410, -0.409399, 0.211700, 0.000000, 0.000000, 0.000000, 1.000000, -0.996668, 0.079041, -0.020126, 0.000462, -0.023516, -0.042205, 0.998832, -0.064316, 0.078099, 0.995978, 0.043923, 0.038041, 0.000000, 0.000000, 0.000000, 1.000000
