# Joint_4_Angle(deg), Cam_X(mm), Cam_Y(mm), Cam_Z(mm), Torso_X(mm), Torso_Y(mm), Torso_Z(mm), EE_X(mm), EE_Y(mm), EE_Z(mm), T_cam2marker_flat(16), T_torso2marker_flat(16), T_ee2marker_flat(16)
-30.0000, 38.2859, -30.1590, 211.1122, 233.1291, -38.2864, 230.1131, 108.9370, 62.4929, 49.5652, 0.584674, 0.797430, -0.149203, 0.038286, -0.644816, 0.568393, 0.511021, -0.030159, 0.492309, -0.202572, 0.846520, 0.211112, 0.000000, 0.000000, 0.000000, 1.000000, 0.492672, -0.202895, 0.846232, 0.233129, -0.584676, -0.797429, 0.149201, -0.038286, 0.644538, -0.568278, -0.511499, 0.230113, 0.000000, 0.000000, 0.000000, 1.000000, -0.072915, -0.042556, -0.996430, 0.108937, -0.996448, -0.039091, 0.074586, 0.062493, -0.042126, 0.998329, -0.039555, 0.049565, 0.000000, 0.000000, 0.000000, 1.000000
-30.0000, 38.2872, -30.1649, 211.1081, 233.1250, -38.2877, 230.1190, 108.9384, 62.4925, 49.5653, 0.584678, 0.797427, -0.149205, 0.038287, -0.644823, 0.568401, 0.511003, -0.030165, 0.492296, -0.202561, 0.846530, 0.211108, 0.000000, 0.000000, 0.000000, 1.000000, 0.492659, -0.202885, 0.846242, 0.233125, -0.584679, -0.797426, 0.149203, -0.038288, 0.644544, -0.568286, -0.511482, 0.230119, 0.000000, 0.000000, 0.000000, 1.000000, -0.072915, -0.042556, -0.996430, 0.108938, -0.996448, -0.039091, 0.074586, 0.062492, -0.042125, 0.998329, -0.039554, 0.049565, 0.000000, 0.000000, 0.000000, 1.000000
-30.0000, 38.2875, -30.1662, 211.1071, 233.1241, -38.2880, 230.1203, 108.9387, 62.4924, 49.5653, 0.584679, 0.797426, -0.149206, 0.038287, -0.644824, 0.568403, 0.510999, -0.030166, 0.492293, -0.202559, 0.846533, 0.211107, 0.000000, 0.000000, 0.000000, 1.000000, 0.492656, -0.202882, 0.846244, 0.233124, -0.584680, -0.797425, 0.149204, -0.038288, 0.644546, -0.568288, -0.511478, 0.230120, 0.000000, 0.000000, 0.000000, 1.000000, -0.072915, -0.042556, -0.996430, 0.108939, -0.996448, -0.039091, 0.074586, 0.062492, -0.042125, 0.998329, -0.039554, 0.049565, 0.000000, 0.000000, 0.000000, 1.000000
-30.0000, 38.2880, -30.1685, 211.1055, 233.1224, -38.2886, 230.1226, 108.9392, 62.4922, 49.5653, 0.584681, 0.797425, -0.149207, 0.038288, -0.644826, 0.568406, 0.510992, -0.030168, 0.492288, -0.202555, 0.846536, 0.211105, 0.000000, 0.000000, 0.000000, 1.000000, 0.492651, -0.202878, 0.846248, 0.233122, -0.584682, -0.797424, 0.149205, -0.038289, 0.644548, -0.568292, -0.511471, 0.230123, 0.000000, 0.000000, 0.000000, 1.000000, -0.072915, -0.042556, -0.996430, 0.108939, -0.996448, -0.039091, 0.074586, 0.062492, -0.042125, 0.998329, -0.039554, 0.049565, 0.000000, 0.000000, 0.000000, 1.000000
-30.0000, 38.2885, -30.1705, 211.1040, 233.1209, -38.2890, 230.1246, 108.9397, 62.4920, 49.5653, 0.584682, 0.797423, -0.149208, 0.038289, -0.644828, 0.568409, 0.510986, -0.030170, 0.492284, -0.202551, 0.846540, 0.211104, 0.000000, 0.000000, 0.000000, 1.000000, 0.492647, -0.202874, 0.846251, 0.233121, -0.584683, -0.797423, 0.149206, -0.038289, 0.644550, -0.568295, -0.511465, 0.230125, 0.000000, 0.000000, 0.000000, 1.000000, -0.072916, -0.042556, -0.996430, 0.108940, -0.996448, -0.039091, 0.074586, 0.062492, -0.042125, 0.998329, -0.039554, 0.049565, 0.000000, 0.000000, 0.000000, 1.000000
-30.0000, 38.2885, -30.1705, 211.1040, 233.1209, -38.2890, 230.1246, 108.9397, 62.4920, 49.5653, 0.584682, 0.797423, -0.149208, 0.038289, -0.644828, 0.568409, 0.510986, -0.030170, 0.492284, -0.202551, 0.846540, 0.211104, 0.000000, 0.000000, 0.000000, 1.000000, 0.492647, -0.202874, 0.846251, 0.233121, -0.584683, -0.797423, 0.149206, -0.038289, 0.644550, -0.568295, -0.511465, 0.230125, 0.000000, 0.000000, 0.000000, 1.000000, -0.072916, -0.042556, -0.996430, 0.108940, -0.996448, -0.039091, 0.074586, 0.062492, -0.042125, 0.998329, -0.039554, 0.049565, 0.000000, 0.000000, 0.000000, 1.000000
-30.0000, 38.2889, -30.1721, 211.1027, 233.1196, -38.2894, 230.1262, 108.9401, 62.4919, 49.5654, 0.584683, 0.797422, -0.149209, 0.038289, -0.644830, 0.568412, 0.510981, -0.030172, 0.492280, -0.202548, 0.846543, 0.211103, 0.000000, 0.000000, 0.000000, 1.000000, 0.492643, -0.202871, 0.846254, 0.233120, -0.584685, -0.797422, 0.149207, -0.038289, 0.644552, -0.568298, -0.511460, 0.230126, 0.000000, 0.000000, 0.000000, 1.000000, -0.072916, -0.042555, -0.996430, 0.108940, -0.996448, -0.039090, 0.074586, 0.062492, -0.042125, 0.998329, -0.039554, 0.049565, 0.000000, 0.000000, 0.000000, 1.000000
-29.9999, 38.2892, -30.1734, 211.1016, 233.1185, -38.2897, 230.1275, 108.9406, 62.4917, 49.5654, 0.584685, 0.797421, -0.149209, 0.038289, -0.644832, 0.568414, 0.510976, -0.030173, 0.492276, -0.202545, 0.846546, 0.211102, 0.000000, 0.000000, 0.000000, 1.000000, 0.492638, -0.202868, 0.846257, 0.233119, -0.584686, -0.797421, 0.149207, -0.038290, 0.644554, -0.568300, -0.511454, 0.230128, 0.000000, 0.000000, 0.000000, 1.000000, -0.072916, -0.042555, -0.996430, 0.108941, -0.996448, -0.039090, 0.074587, 0.062492, -0.042125, 0.998329, -0.039554, 0.049565, 0.000000, 0.000000, 0.000000, 1.000000
-29.9997, 38.2891, -30.1741, 211.1005, 233.1174, -38.2897, 230.1283, 108.9411, 62.4916, 49.5654, 0.584686, 0.797420, -0.149207, 0.038289, -0.644836, 0.568416, 0.510970, -0.030174, 0.492269, -0.202543, 0.846550, 0.211101, 0.000000, 0.000000, 0.000000, 1.000000, 0.492632, -0.202866, 0.846262, 0.233117, -0.584688, -0.797420, 0.149205, -0.038290, 0.644557, -0.568302, -0.511448, 0.230128, 0.000000, 0.000000, 0.000000, 1.000000, -0.072916, -0.042555, -0.996430, 0.108941, -0.996448, -0.039090, 0.074587, 0.062492, -0.042125, 0.998329, -0.039554, 0.049565, 0.000000, 0.000000, 0.000000, 1.000000
-29.9991, 38.2887, -30.1742, 211.0994, 233.1163, -38.2893, 230.1283, 108.9420, 62.4914, 49.5655, 0.584688, 0.797420, -0.149202, 0.038289, -0.644841, 0.568418, 0.510961, -0.030174, 0.492259, -0.202542, 0.846557, 0.211099, 0.000000, 0.000000, 0.000000, 1.000000, 0.492622, -0.202865, 0.846268, 0.233116, -0.584690, -0.797419, 0.149199, -0.038289, 0.644563, -0.568303, -0.511439, 0.230128, 0.000000, 0.000000, 0.000000, 1.000000, -0.072916, -0.042555, -0.996430, 0.108942, -0.996448, -0.039090, 0.074587, 0.062491, -0.042125, 0.998329, -0.039554, 0.049565, 0.000000, 0.000000, 0.000000, 1.000000
-29.9986, 38.2883, -30.1740, 211.0988, 233.1157, -38.2889, 230.1281, 108.9426, 62.4913, 49.5655, 0.584690, 0.797420, -0.149197, 0.038288, -0.644846, 0.568418, 0.510955, -0.030174, 0.492252, -0.202541, 0.846561, 0.211099, 0.000000, 0.000000, 0.000000, 1.000000, 0.492615, -0.202864, 0.846272, 0.233116, -0.584691, -0.797419, 0.149195, -0.038289, 0.644567, -0.568304, -0.511433, 0.230128, 0.000000, 0.000000, 0.000000, 1.000000, -0.072916, -0.042555, -0.996430, 0.108943, -0.996448, -0.039090, 0.074587, 0.062491, -0.042125, 0.998329, -0.039554, 0.049565, 0.000000, 0.000000, 0.000000, 1.000000
-29.9973, 38.2870, -30.1728, 211.0974, 233.1143, -38.2876, 230.1269, 108.9442, 62.4911, 49.5655, 0.584693, 0.797420, -0.149184, 0.038287, -0.644858, 0.568418, 0.510939, -0.030173, 0.492232, -0.202540, 0.846573, 0.211097, 0.000000, 0.000000, 0.000000, 1.000000, 0.492595, -0.202864, 0.846284, 0.233114, -0.584695, -0.797419, 0.149182, -0.038288, 0.644580, -0.568304, -0.511418, 0.230127, 0.000000, 0.000000, 0.000000, 1.000000, -0.072916, -0.042555, -0.996430, 0.108944, -0.996448, -0.039090, 0.074587, 0.062491, -0.042124, 0.998329, -0.039554, 0.049566, 0.000000, 0.000000, 0.000000, 1.000000
-29.9953, 38.2849, -30.1706, 211.0957, 233.1126, -38.2855, 230.1248, 108.9465, 62.4908, 49.5656, 0.584698, 0.797420, -0.149163, 0.038285, -0.644876, 0.568418, 0.510917, -0.030171, 0.492203, -0.202540, 0.846590, 0.211096, 0.000000, 0.000000, 0.000000, 1.000000, 0.492565, -0.202864, 0.846301, 0.233113, -0.584699, -0.797419, 0.149161, -0.038285, 0.644598, -0.568303, -0.511396, 0.230125, 0.000000, 0.000000, 0.000000, 1.000000, -0.072916, -0.042555, -0.996430, 0.108946, -0.996448, -0.039090, 0.074587, 0.062491, -0.042124, 0.998329, -0.039554, 0.049566, 0.000000, 0.000000, 0.000000, 1.000000
-29.9940, 38.2835, -30.1691, 211.0946, 233.1115, -38.2841, 230.1232, 108.9479, 62.4907, 49.5656, 0.584701, 0.797420, -0.149150, 0.038284, -0.644887, 0.568417, 0.510903, -0.030169, 0.492184, -0.202541, 0.846600, 0.211095, 0.000000, 0.000000, 0.000000, 1.000000, 0.492547, -0.202864, 0.846312, 0.233112, -0.584702, -0.797420, 0.149148, -0.038284, 0.644609, -0.568303, -0.511382, 0.230123, 0.000000, 0.000000, 0.000000, 1.000000, -0.072916, -0.042555, -0.996430, 0.108948, -0.996448, -0.039090, 0.074587, 0.062491, -0.042124, 0.998329, -0.039554, 0.049566, 0.000000, 0.000000, 0.000000, 1.000000
-29.9908, 38.2800, -30.1651, 211.0921, 233.1091, -38.2806, 230.1193, 108.9515, 62.4903, 49.5657, 0.584708, 0.797422, -0.149116, 0.038280, -0.644916, 0.568415, 0.510869, -0.030165, 0.492138, -0.202542, 0.846627, 0.211092, 0.000000, 0.000000, 0.000000, 1.000000, 0.492501, -0.202865, 0.846339, 0.233109, -0.584709, -0.797421, 0.149114, -0.038281, 0.644638, -0.568301, -0.511347, 0.230119, 0.000000, 0.000000, 0.000000, 1.000000, -0.072916, -0.042555, -0.996430, 0.108952, -0.996448, -0.039090, 0.074587, 0.062490, -0.042124, 0.998329, -0.039554, 0.049566, 0.000000, 0.000000, 0.000000, 1.000000
-29.9889, 38.2778, -30.1627, 211.0907, 233.1076, -38.2784, 230.1169, 108.9537, 62.4900, 49.5657, 0.584712, 0.797422, -0.149096, 0.038278, -0.644934, 0.568414, 0.510848, -0.030163, 0.492110, -0.202542, 0.846643, 0.211091, 0.000000, 0.000000, 0.000000, 1.000000, 0.492473, -0.202865, 0.846355, 0.233108, -0.584713, -0.797422, 0.149093, -0.038278, 0.644656, -0.568299, -0.511326, 0.230117, 0.000000, 0.000000, 0.000000, 1.000000, -0.072916, -0.042556, -0.996430, 0.108954, -0.996448, -0.039090, 0.074587, 0.062490, -0.042124, 0.998329, -0.039554, 0.049566, 0.000000, 0.000000, 0.000000, 1.000000
-29.9842, 38.2727, -30.1568, 211.0873, 233.1042, -38.2732, 230.1110, 108.9589, 62.4895, 49.5658, 0.584722, 0.797424, -0.149046, 0.038273, -0.644976, 0.568410, 0.510799, -0.030157, 0.492043, -0.202544, 0.846681, 0.211087, 0.000000, 0.000000, 0.000000, 1.000000, 0.492406, -0.202867, 0.846393, 0.233104, -0.584723, -0.797424, 0.149044, -0.038273, 0.644698, -0.568296, -0.511277, 0.230111, 0.000000, 0.000000, 0.000000, 1.000000, -0.072916, -0.042556, -0.996430, 0.108959, -0.996448, -0.039089, 0.074587, 0.062489, -0.042124, 0.998329, -0.039554, 0.049566, 0.000000, 0.000000, 0.000000, 1.000000
-29.9785, 38.2663, -30.1495, 211.0832, 233.1001, -38.2668, 230.1038, 108.9652, 62.4888, 49.5658, 0.584734, 0.797427, -0.148986, 0.038266, -0.645028, 0.568406, 0.510739, -0.030149, 0.491961, -0.202547, 0.846728, 0.211083, 0.000000, 0.000000, 0.000000, 1.000000, 0.492324, -0.202870, 0.846440, 0.233100, -0.584735, -0.797426, 0.148983, -0.038267, 0.644750, -0.568291, -0.511217, 0.230104, 0.000000, 0.000000, 0.000000, 1.000000, -0.072916, -0.042556, -0.996430, 0.108965, -0.996448, -0.039089, 0.074587, 0.062489, -0.042124, 0.998329, -0.039555, 0.049566, 0.000000, 0.000000, 0.000000, 1.000000
-29.9717, 38.2586, -30.1408, 211.0783, 233.0952, -38.2592, 230.0951, 108.9728, 62.4880, 49.5659, 0.584748, 0.797430, -0.148913, 0.038259, -0.645089, 0.568400, 0.510667, -0.030141, 0.491864, -0.202550, 0.846784, 0.211078, 0.000000, 0.000000, 0.000000, 1.000000, 0.492226, -0.202872, 0.846496, 0.233095, -0.584749, -0.797430, 0.148911, -0.038259, 0.644812, -0.568286, -0.511145, 0.230095, 0.000000, 0.000000, 0.000000, 1.000000, -0.072916, -0.042557, -0.996430, 0.108973, -0.996448, -0.039089, 0.074587, 0.062488, -0.042124, 0.998329, -0.039555, 0.049566, 0.000000, 0.000000, 0.000000, 1.000000
-29.9717, 38.2586, -30.1408, 211.0783, 233.0952, -38.2592, 230.0951, 108.9728, 62.4880, 49.5659, 0.584748, 0.797430, -0.148913, 0.038259, -0.645089, 0.568400, 0.510667, -0.030141, 0.491864, -0.202550, 0.846784, 0.211078, 0.000000, 0.000000, 0.000000, 1.000000, 0.492226, -0.202872, 0.846496, 0.233095, -0.584749, -0.797430, 0.148911, -0.038259, 0.644812, -0.568286, -0.511145, 0.230095, 0.000000, 0.000000, 0.000000, 1.000000, -0.072916, -0.042557, -0.996430, 0.108973, -0.996448, -0.039089, 0.074587, 0.062488, -0.042124, 0.998329, -0.039555, 0.049566, 0.000000, 0.000000, 0.000000, 1.000000
-29.9547, 38.2396, -30.1192, 211.0662, 233.0831, -38.2402, 230.0736, 108.9915, 62.4861, 49.5661, 0.584783, 0.797439, -0.148732, 0.038240, -0.645243, 0.568386, 0.510489, -0.030119, 0.491620, -0.202557, 0.846924, 0.211066, 0.000000, 0.000000, 0.000000, 1.000000, 0.491983, -0.202880, 0.846636, 0.233083, -0.584784, -0.797438, 0.148729, -0.038240, 0.644966, -0.568271, -0.510967, 0.230074, 0.000000, 0.000000, 0.000000, 1.000000, -0.072916, -0.042558, -0.996430, 0.108992, -0.996448, -0.039089, 0.074587, 0.062486, -0.042123, 0.998329, -0.039556, 0.049566, 0.000000, 0.000000, 0.000000, 1.000000
-29.9447, 38.2283, -30.1065, 211.0590, 233.0758, -38.2289, 230.0609, 109.0027, 62.4849, 49.5662, 0.584803, 0.797444, -0.148624, 0.038228, -0.645335, 0.568377, 0.510383, -0.030107, 0.491476, -0.202561, 0.847007, 0.211059, 0.000000, 0.000000, 0.000000, 1.000000, 0.491838, -0.202884, 0.846719, 0.233076, -0.584804, -0.797443, 0.148621, -0.038229, 0.645057, -0.568263, -0.510860, 0.230061, 0.000000, 0.000000, 0.000000, 1.000000, -0.072916, -0.042558, -0.996430, 0.109003, -0.996448, -0.039089, 0.074587, 0.062485, -0.042123, 0.998329, -0.039557, 0.049566, 0.000000, 0.000000, 0.000000, 1.000000
-29.9392, 38.2222, -30.0996, 211.0551, 233.0719, -38.2227, 230.0540, 109.0088, 62.4843, 49.5662, 0.584814, 0.797446, -0.148565, 0.038222, -0.645385, 0.568373, 0.510325, -0.030100, 0.491397, -0.202564, 0.847052, 0.211055, 0.000000, 0.000000, 0.000000, 1.000000, 0.491759, -0.202886, 0.846764, 0.233072, -0.584816, -0.797446, 0.148563, -0.038223, 0.645107, -0.568258, -0.510803, 0.230054, 0.000000, 0.000000, 0.000000, 1.000000, -0.072916, -0.042559, -0.996430, 0.109009, -0.996448, -0.039088, 0.074587, 0.062484, -0.042123, 0.998329, -0.039557, 0.049566, 0.000000, 0.000000, 0.000000, 1.000000
-29.9275, 38.2090, -30.0849, 211.0466, 233.0634, -38.2095, 230.0393, 109.0218, 62.4830, 49.5663, 0.584838, 0.797452, -0.148439, 0.038209, -0.645492, 0.568362, 0.510201, -0.030085, 0.491228, -0.202569, 0.847149, 0.211047, 0.000000, 0.000000, 0.000000, 1.000000, 0.491590, -0.202891, 0.846861, 0.233063, -0.584840, -0.797452, 0.148437, -0.038210, 0.645215, -0.568248, -0.510678, 0.230039, 0.000000, 0.000000, 0.000000, 1.000000, -0.072916, -0.042560, -0.996430, 0.109022, -0.996448, -0.039088, 0.074587, 0.062483, -0.042123, 0.998329, -0.039558, 0.049566, 0.000000, 0.000000, 0.000000, 1.000000
-29.9146, 38.1945, -30.0688, 211.0373, 233.0541, -38.1951, 230.0233, 109.0361, 62.4815, 49.5664, 0.584864, 0.797459, -0.148301, 0.038195, -0.645609, 0.568351, 0.510065, -0.030069, 0.491043, -0.202574, 0.847255, 0.211037, 0.000000, 0.000000, 0.000000, 1.000000, 0.491405, -0.202896, 0.846968, 0.233054, -0.584866, -0.797458, 0.148299, -0.038195, 0.645332, -0.568237, -0.510542, 0.230023, 0.000000, 0.000000, 0.000000, 1.000000, -0.072916, -0.042560, -0.996430, 0.109036, -0.996448, -0.039088, 0.074587, 0.062481, -0.042123, 0.998329, -0.039559, 0.049566, 0.000000, 0.000000, 0.000000, 1.000000
-29.9146, 38.1945, -30.0688, 211.0373, 233.0541, -38.1951, 230.0233, 109.0361, 62.4815, 49.5664, 0.584864, 0.797459, -0.148301, 0.038195, -0.645609, 0.568351, 0.510065, -0.030069, 0.491043, -0.202574, 0.847255, 0.211037, 0.000000, 0.000000, 0.000000, 1.000000, 0.491405, -0.202896, 0.846968, 0.233054, -0.584866, -0.797458, 0.148299, -0.038195, 0.645332, -0.568237, -0.510542, 0.230023, 0.000000, 0.000000, 0.000000, 1.000000, -0.072916, -0.042560, -0.996430, 0.109036, -0.996448, -0.039088, 0.074587, 0.062481, -0.042123, 0.998329, -0.039559, 0.049566, 0.000000, 0.000000, 0.000000, 1.000000
-29.8935, 38.1708, -30.0426, 211.0219, 233.0387, -38.1714, 229.9971, 109.0597, 62.4791, 49.5666, 0.584907, 0.797470, -0.148074, 0.038171, -0.645802, 0.568333, 0.509840, -0.030043, 0.490737, -0.202582, 0.847430, 0.211022, 0.000000, 0.000000, 0.000000, 1.000000, 0.491100, -0.202905, 0.847143, 0.233039, -0.584908, -0.797469, 0.148072, -0.038171, 0.645526, -0.568219, -0.510317, 0.229997, 0.000000, 0.000000, 0.000000, 1.000000, -0.072916, -0.042562, -0.996430, 0.109060, -0.996448, -0.039087, 0.074587, 0.062479, -0.042122, 0.998329, -0.039561, 0.049567, 0.000000, 0.000000, 0.000000, 1.000000
-29.8860, 38.1624, -30.0333, 211.0164, 233.0332, -38.1629, 229.9879, 109.0681, 62.4782, 49.5667, 0.584922, 0.797473, -0.147993, 0.038162, -0.645871, 0.568327, 0.509760, -0.030033, 0.490629, -0.202585, 0.847492, 0.211016, 0.000000, 0.000000, 0.000000, 1.000000, 0.490991, -0.202908, 0.847205, 0.233033, -0.584924, -0.797473, 0.147991, -0.038163, 0.645595, -0.568213, -0.510237, 0.229988, 0.000000, 0.000000, 0.000000, 1.000000, -0.072916, -0.042562, -0.996430, 0.109068, -0.996448, -0.039087, 0.074587, 0.062478, -0.042122, 0.998329, -0.039561, 0.049567, 0.000000, 0.000000, 0.000000, 1.000000
-29.8703, 38.1448, -30.0140, 211.0049, 233.0217, -38.1453, 229.9686, 109.0856, 62.4764, 49.5668, 0.584954, 0.797481, -0.147825, 0.038145, -0.646015, 0.568313, 0.509593, -0.030014, 0.490401, -0.202591, 0.847622, 0.211005, 0.000000, 0.000000, 0.000000, 1.000000, 0.490764, -0.202914, 0.847335, 0.233022, -0.584955, -0.797481, 0.147822, -0.038145, 0.645739, -0.568199, -0.510070, 0.229969, 0.000000, 0.000000, 0.000000, 1.000000, -0.072916, -0.042563, -0.996429, 0.109086, -0.996448, -0.039087, 0.074587, 0.062476, -0.042122, 0.998329, -0.039562, 0.049567, 0.000000, 0.000000, 0.000000, 1.000000
-29.8538, 38.1263, -29.9938, 210.9927, 233.0095, -38.1269, 229.9485, 109.1041, 62.4745, 49.5669, 0.584987, 0.797490, -0.147647, 0.038126, -0.646166, 0.568299, 0.509417, -0.029994, 0.490162, -0.202598, 0.847759, 0.210993, 0.000000, 0.000000, 0.000000, 1.000000, 0.490525, -0.202920, 0.847472, 0.233009, -0.584989, -0.797489, 0.147645, -0.038127, 0.645890, -0.568185, -0.509894, 0.229948, 0.000000, 0.000000, 0.000000, 1.000000, -0.072916, -0.042564, -0.996429, 0.109104, -0.996448, -0.039087, 0.074587, 0.062474, -0.042122, 0.998329, -0.039563, 0.049567, 0.000000, 0.000000, 0.000000, 1.000000
-29.8453, 38.1168, -29.9834, 210.9864, 233.0032, -38.1173, 229.9381, 109.1136, 62.4735, 49.5670, 0.585005, 0.797494, -0.147556, 0.038117, -0.646244, 0.568292, 0.509326, -0.029983, 0.490039, -0.202601, 0.847829, 0.210986, 0.000000, 0.000000, 0.000000, 1.000000, 0.490401, -0.202923, 0.847543, 0.233003, -0.585006, -0.797494, 0.147553, -0.038117, 0.645968, -0.568178, -0.509803, 0.229938, 0.000000, 0.000000, 0.000000, 1.000000, -0.072915, -0.042565, -0.996429, 0.109114, -0.996448, -0.039086, 0.074587, 0.062473, -0.042122, 0.998329, -0.039564, 0.049567, 0.000000, 0.000000, 0.000000, 1.000000
-29.8277, 38.0971, -29.9621, 210.9734, 232.9902, -38.0977, 229.9168, 109.1333, 62.4714, 49.5671, 0.585040, 0.797503, -0.147367, 0.038097, -0.646405, 0.568277, 0.509138, -0.029962, 0.489784, -0.202607, 0.847975, 0.210973, 0.000000, 0.000000, 0.000000, 1.000000, 0.490147, -0.202929, 0.847689, 0.232990, -0.585041, -0.797503, 0.147365, -0.038098, 0.646129, -0.568163, -0.509615, 0.229917, 0.000000, 0.000000, 0.000000, 1.000000, -0.072915, -0.042566, -0.996429, 0.109133, -0.996448, -0.039086, 0.074587, 0.062471, -0.042121, 0.998329, -0.039565, 0.049567, 0.000000, 0.000000, 0.000000, 1.000000
-29.8187, 38.0871, -29.9512, 210.9667, 232.9835, -38.0876, 229.9059, 109.1434, 62.4704, 49.5672, 0.585058, 0.797508, -0.147270, 0.038087, -0.646488, 0.568270, 0.509042, -0.029951, 0.489654, -0.202610, 0.848050, 0.210967, 0.000000, 0.000000, 0.000000, 1.000000, 0.490016, -0.202932, 0.847763, 0.232983, -0.585059, -0.797507, 0.147268, -0.038088, 0.646212, -0.568156, -0.509519, 0.229906, 0.000000, 0.000000, 0.000000, 1.000000, -0.072915, -0.042567, -0.996429, 0.109143, -0.996448, -0.039086, 0.074586, 0.062470, -0.042121, 0.998329, -0.039566, 0.049567, 0.000000, 0.000000, 0.000000, 1.000000
-29.8004, 38.0665, -29.9290, 210.9530, 232.9697, -38.0671, 229.8838, 109.1640, 62.4682, 49.5673, 0.585095, 0.797517, -0.147072, 0.038067, -0.646656, 0.568254, 0.508844, -0.029929, 0.489387, -0.202617, 0.848202, 0.210953, 0.000000, 0.000000, 0.000000, 1.000000, 0.489749, -0.202939, 0.847916, 0.232970, -0.585096, -0.797517, 0.147070, -0.038067, 0.646381, -0.568140, -0.509321, 0.229884, 0.000000, 0.000000, 0.000000, 1.000000, -0.072915, -0.042568, -0.996429, 0.109164, -0.996448, -0.039086, 0.074586, 0.062468, -0.042121, 0.998329, -0.039567, 0.049567, 0.000000, 0.000000, 0.000000, 1.000000
-29.7910, 38.0561, -29.9177, 210.9460, 232.9627, -38.0566, 229.8725, 109.1745, 62.4671, 49.5674, 0.585114, 0.797522, -0.146972, 0.038056, -0.646743, 0.568246, 0.508744, -0.029918, 0.489250, -0.202620, 0.848280, 0.210946, 0.000000, 0.000000, 0.000000, 1.000000, 0.489613, -0.202942, 0.847994, 0.232963, -0.585115, -0.797521, 0.146969, -0.038057, 0.646467, -0.568132, -0.509221, 0.229872, 0.000000, 0.000000, 0.000000, 1.000000, -0.072915, -0.042569, -0.996429, 0.109175, -0.996448, -0.039085, 0.074586, 0.062467, -0.042121, 0.998329, -0.039568, 0.049567, 0.000000, 0.000000, 0.000000, 1.000000
-29.7720, 38.0348, -29.8948, 210.9318, 232.9484, -38.0354, 229.8497, 109.1959, 62.4648, 49.5675, 0.585152, 0.797532, -0.146767, 0.038035, -0.646917, 0.568230, 0.508539, -0.029895, 0.488974, -0.202627, 0.848438, 0.210932, 0.000000, 0.000000, 0.000000, 1.000000, 0.489336, -0.202948, 0.848153, 0.232948, -0.585153, -0.797531, 0.146765, -0.038035, 0.646642, -0.568116, -0.509016, 0.229850, 0.000000, 0.000000, 0.000000, 1.000000, -0.072915, -0.042570, -0.996429, 0.109196, -0.996448, -0.039085, 0.074586, 0.062465, -0.042121, 0.998329, -0.039569, 0.049568, 0.000000, 0.000000, 0.000000, 1.000000
-29.7623, 38.0241, -29.8833, 210.9245, 232.9412, -38.0246, 229.8382, 109.2067, 62.4637, 49.5676, 0.585171, 0.797537, -0.146663, 0.038024, -0.647006, 0.568222, 0.508436, -0.029883, 0.488833, -0.202630, 0.848518, 0.210925, 0.000000, 0.000000, 0.000000, 1.000000, 0.489195, -0.202951, 0.848233, 0.232941, -0.585173, -0.797536, 0.146661, -0.038025, 0.646731, -0.568108, -0.508912, 0.229838, 0.000000, 0.000000, 0.000000, 1.000000, -0.072915, -0.042571, -0.996429, 0.109207, -0.996448, -0.039085, 0.074586, 0.062464, -0.042120, 0.998329, -0.039569, 0.049568, 0.000000, 0.000000, 0.000000, 1.000000
-29.7331, 37.9914, -29.8483, 210.9024, 232.9190, -37.9919, 229.8033, 109.2397, 62.4602, 49.5678, 0.585230, 0.797551, -0.146348, 0.037991, -0.647275, 0.568198, 0.508120, -0.029848, 0.488406, -0.202640, 0.848762, 0.210902, 0.000000, 0.000000, 0.000000, 1.000000, 0.488768, -0.202961, 0.848477, 0.232919, -0.585231, -0.797551, 0.146346, -0.037992, 0.647001, -0.568084, -0.508596, 0.229803, 0.000000, 0.000000, 0.000000, 1.000000, -0.072915, -0.042572, -0.996429, 0.109240, -0.996448, -0.039084, 0.074586, 0.062460, -0.042120, 0.998329, -0.039571, 0.049568, 0.000000, 0.000000, 0.000000, 1.000000
-29.7331, 37.9914, -29.8483, 210.9024, 232.9190, -37.9919, 229.8033, 109.2397, 62.4602, 49.5678, 0.585230, 0.797551, -0.146348, 0.037991, -0.647275, 0.568198, 0.508120, -0.029848, 0.488406, -0.202640, 0.848762, 0.210902, 0.000000, 0.000000, 0.000000, 1.000000, 0.488768, -0.202961, 0.848477, 0.232919, -0.585231, -0.797551, 0.146346, -0.037992, 0.647001, -0.568084, -0.508596, 0.229803, 0.000000, 0.000000, 0.000000, 1.000000, -0.072915, -0.042572, -0.996429, 0.109240, -0.996448, -0.039084, 0.074586, 0.062460, -0.042120, 0.998329, -0.039571, 0.049568, 0.000000, 0.000000, 0.000000, 1.000000
-29.6936, 37.9474, -29.8015, 210.8724, 232.8890, -37.9479, 229.7566, 109.2842, 62.4554, 49.5681, 0.585309, 0.797572, -0.145923, 0.037947, -0.647639, 0.568165, 0.507693, -0.029801, 0.487830, -0.202652, 0.849090, 0.210872, 0.000000, 0.000000, 0.000000, 1.000000, 0.488192, -0.202973, 0.848806, 0.232889, -0.585310, -0.797571, 0.145920, -0.037948, 0.647365, -0.568051, -0.508170, 0.229757, 0.000000, 0.000000, 0.000000, 1.000000, -0.072915, -0.042575, -0.996429, 0.109284, -0.996448, -0.039083, 0.074586, 0.062455, -0.042119, 0.998329, -0.039574, 0.049568, 0.000000, 0.000000, 0.000000, 1.000000
-29.6837, 37.9364, -29.7898, 210.8649, 232.8815, -37.9370, 229.7450, 109.2953, 62.4542, 49.5681, 0.585328, 0.797577, -0.145817, 0.037936, -0.647729, 0.568157, 0.507587, -0.029790, 0.487686, -0.202655, 0.849172, 0.210865, 0.000000, 0.000000, 0.000000, 1.000000, 0.488048, -0.202976, 0.848888, 0.232882, -0.585330, -0.797576, 0.145814, -0.037937, 0.647456, -0.568043, -0.508063, 0.229745, 0.000000, 0.000000, 0.000000, 1.000000, -0.072915, -0.042576, -0.996429, 0.109295, -0.996448, -0.039083, 0.074586, 0.062454, -0.042119, 0.998329, -0.039575, 0.049568, 0.000000, 0.000000, 0.000000, 1.000000
-29.6642, 37.9146, -29.7668, 210.8500, 232.8666, -37.9152, 229.7219, 109.3174, 62.4518, 49.5683, 0.585367, 0.797586, -0.145606, 0.037915, -0.647910, 0.568141, 0.507374, -0.029767, 0.487399, -0.202661, 0.849335, 0.210850, 0.000000, 0.000000, 0.000000, 1.000000, 0.487761, -0.202982, 0.849051, 0.232867, -0.585369, -0.797586, 0.145603, -0.037915, 0.647636, -0.568027, -0.507851, 0.229722, 0.000000, 0.000000, 0.000000, 1.000000, -0.072915, -0.042577, -0.996429, 0.109317, -0.996448, -0.039083, 0.074586, 0.062452, -0.042119, 0.998328, -0.039576, 0.049568, 0.000000, 0.000000, 0.000000, 1.000000
-29.6544, 37.9038, -29.7553, 210.8425, 232.8591, -37.9043, 229.7105, 109.3284, 62.4506, 49.5683, 0.585387, 0.797591, -0.145501, 0.037904, -0.647999, 0.568133, 0.507269, -0.029755, 0.487257, -0.202664, 0.849416, 0.210843, 0.000000, 0.000000, 0.000000, 1.000000, 0.487619, -0.202985, 0.849132, 0.232859, -0.585388, -0.797591, 0.145499, -0.037904, 0.647726, -0.568019, -0.507745, 0.229711, 0.000000, 0.000000, 0.000000, 1.000000, -0.072915, -0.042578, -0.996429, 0.109328, -0.996448, -0.039082, 0.074586, 0.062451, -0.042119, 0.998328, -0.039577, 0.049568, 0.000000, 0.000000, 0.000000, 1.000000
-29.6351, 37.8823, -29.7326, 210.8277, 232.8443, -37.8828, 229.6879, 109.3502, 62.4483, 49.5685, 0.585425, 0.797601, -0.145293, 0.037882, -0.648177, 0.568117, 0.507059, -0.029733, 0.486974, -0.202670, 0.849577, 0.210828, 0.000000, 0.000000, 0.000000, 1.000000, 0.487336, -0.202990, 0.849293, 0.232844, -0.585426, -0.797601, 0.145290, -0.037883, 0.647904, -0.568004, -0.507535, 0.229688, 0.000000, 0.000000, 0.000000, 1.000000, -0.072915, -0.042579, -0.996429, 0.109350, -0.996448, -0.039082, 0.074586, 0.062448, -0.042118, 0.998328, -0.039578, 0.049568, 0.000000, 0.000000, 0.000000, 1.000000
-29.6160, 37.8610, -29.7102, 210.8131, 232.8296, -37.8616, 229.6656, 109.3718, 62.4459, 49.5686, 0.585463, 0.797611, -0.145087, 0.037861, -0.648353, 0.568102, 0.506851, -0.029710, 0.486694, -0.202675, 0.849736, 0.210813, 0.000000, 0.000000, 0.000000, 1.000000, 0.487056, -0.202996, 0.849452, 0.232830, -0.585464, -0.797610, 0.145085, -0.037862, 0.648080, -0.567988, -0.507327, 0.229666, 0.000000, 0.000000, 0.000000, 1.000000, -0.072915, -0.042580, -0.996429, 0.109372, -0.996448, -0.039082, 0.074586, 0.062446, -0.042118, 0.998328, -0.039579, 0.049569, 0.000000, 0.000000, 0.000000, 1.000000
-29.5971, 37.8400, -29.6882, 210.7985, 232.8150, -37.8406, 229.6436, 109.3932, 62.4436, 49.5687, 0.585500, 0.797620, -0.144884, 0.037840, -0.648527, 0.568087, 0.506646, -0.029688, 0.486417, -0.202680, 0.849893, 0.210799, 0.000000, 0.000000, 0.000000, 1.000000, 0.486779, -0.203001, 0.849610, 0.232815, -0.585502, -0.797620, 0.144881, -0.037841, 0.648255, -0.567973, -0.507122, 0.229644, 0.000000, 0.000000, 0.000000, 1.000000, -0.072915, -0.042581, -0.996429, 0.109393, -0.996448, -0.039081, 0.074586, 0.062444, -0.042118, 0.998328, -0.039581, 0.049569, 0.000000, 0.000000, 0.000000, 1.000000
-29.5878, 37.8297, -29.6773, 210.7913, 232.8078, -37.8302, 229.6327, 109.4037, 62.4424, 49.5688, 0.585519, 0.797625, -0.144783, 0.037830, -0.648613, 0.568079, 0.506544, -0.029677, 0.486280, -0.202683, 0.849971, 0.210791, 0.000000, 0.000000, 0.000000, 1.000000, 0.486642, -0.203003, 0.849688, 0.232808, -0.585520, -0.797624, 0.144781, -0.037830, 0.648341, -0.567966, -0.507020, 0.229633, 0.000000, 0.000000, 0.000000, 1.000000, -0.072914, -0.042582, -0.996429, 0.109404, -0.996448, -0.039081, 0.074586, 0.062442, -0.042117, 0.998328, -0.039581, 0.049569, 0.000000, 0.000000, 0.000000, 1.000000
-29.5693, 37.8091, -29.6558, 210.7770, 232.7935, -37.8097, 229.6113, 109.4247, 62.4401, 49.5689, 0.585555, 0.797634, -0.144584, 0.037809, -0.648783, 0.568064, 0.506343, -0.029656, 0.486009, -0.202688, 0.850125, 0.210777, 0.000000, 0.000000, 0.000000, 1.000000, 0.486371, -0.203008, 0.849842, 0.232794, -0.585557, -0.797634, 0.144582, -0.037810, 0.648511, -0.567951, -0.506819, 0.229611, 0.000000, 0.000000, 0.000000, 1.000000, -0.072914, -0.042583, -0.996429, 0.109425, -0.996449, -0.039081, 0.074586, 0.062440, -0.042117, 0.998328, -0.039582, 0.049569, 0.000000, 0.000000, 0.000000, 1.000000
-29.5602, 37.7990, -29.6452, 210.7700, 232.7864, -37.7996, 229.6007, 109.4350, 62.4390, 49.5689, 0.585573, 0.797639, -0.144486, 0.037799, -0.648867, 0.568057, 0.506243, -0.029645, 0.485875, -0.202691, 0.850201, 0.210770, 0.000000, 0.000000, 0.000000, 1.000000, 0.486237, -0.203011, 0.849918, 0.232786, -0.585575, -0.797638, 0.144483, -0.037800, 0.648595, -0.567943, -0.506719, 0.229601, 0.000000, 0.000000, 0.000000, 1.000000, -0.072914, -0.042584, -0.996429, 0.109435, -0.996449, -0.039080, 0.074586, 0.062439, -0.042117, 0.998328, -0.039583, 0.049569, 0.000000, 0.000000, 0.000000, 1.000000
-29.5422, 37.7790, -29.6243, 210.7560, 232.7724, -37.7795, 229.5798, 109.4555, 62.4367, 49.5690, 0.585609, 0.797648, -0.144291, 0.037779, -0.649034, 0.568043, 0.506046, -0.029624, 0.485610, -0.202696, 0.850351, 0.210756, 0.000000, 0.000000, 0.000000, 1.000000, 0.485972, -0.203015, 0.850068, 0.232772, -0.585610, -0.797647, 0.144289, -0.037780, 0.648762, -0.567929, -0.506522, 0.229580, 0.000000, 0.000000, 0.000000, 1.000000, -0.072914, -0.042585, -0.996429, 0.109455, -0.996449, -0.039080, 0.074586, 0.062437, -0.042117, 0.998328, -0.039584, 0.049569, 0.000000, 0.000000, 0.000000, 1.000000
-29.5333, 37.7691, -29.6139, 210.7491, 232.7655, -37.7696, 229.5695, 109.4656, 62.4356, 49.5691, 0.585627, 0.797652, -0.144195, 0.037769, -0.649116, 0.568035, 0.505949, -0.029614, 0.485479, -0.202698, 0.850425, 0.210749, 0.000000, 0.000000, 0.000000, 1.000000, 0.485841, -0.203018, 0.850143, 0.232766, -0.585628, -0.797652, 0.144193, -0.037770, 0.648844, -0.567922, -0.506424, 0.229570, 0.000000, 0.000000, 0.000000, 1.000000, -0.072914, -0.042586, -0.996429, 0.109466, -0.996449, -0.039080, 0.074586, 0.062436, -0.042116, 0.998328, -0.039585, 0.049569, 0.000000, 0.000000, 0.000000, 1.000000
-29.5157, 37.7495, -29.5936, 210.7354, 232.7518, -37.7501, 229.5492, 109.4855, 62.4334, 49.5692, 0.585661, 0.797661, -0.144005, 0.037750, -0.649278, 0.568021, 0.505757, -0.029594, 0.485221, -0.202703, 0.850572, 0.210735, 0.000000, 0.000000, 0.000000, 1.000000, 0.485582, -0.203022, 0.850290, 0.232752, -0.585663, -0.797661, 0.144003, -0.037750, 0.649007, -0.567908, -0.506232, 0.229549, 0.000000, 0.000000, 0.000000, 1.000000, -0.072914, -0.042587, -0.996429, 0.109486, -0.996449, -0.039079, 0.074586, 0.062433, -0.042116, 0.998328, -0.039586, 0.049569, 0.000000, 0.000000, 0.000000, 1.000000
-29.5070, 37.7399, -29.5835, 210.7286, 232.7450, -37.7404, 229.5392, 109.4954, 62.4323, 49.5693, 0.585678, 0.797666, -0.143912, 0.037740, -0.649358, 0.568015, 0.505661, -0.029583, 0.485093, -0.202705, 0.850644, 0.210729, 0.000000, 0.000000, 0.000000, 1.000000, 0.485454, -0.203024, 0.850362, 0.232745, -0.585680, -0.797665, 0.143909, -0.037740, 0.649087, -0.567901, -0.506137, 0.229539, 0.000000, 0.000000, 0.000000, 1.000000, -0.072914, -0.042587, -0.996429, 0.109495, -0.996449, -0.039079, 0.074586, 0.062432, -0.042116, 0.998328, -0.039587, 0.049569, 0.000000, 0.000000, 0.000000, 1.000000
-29.4898, 37.7208, -29.5637, 210.7153, 232.7316, -37.7214, 229.5194, 109.5149, 62.4301, 49.5694, 0.585712, 0.797674, -0.143727, 0.037721, -0.649516, 0.568001, 0.505473, -0.029564, 0.484840, -0.202709, 0.850787, 0.210715, 0.000000, 0.000000, 0.000000, 1.000000, 0.485201, -0.203029, 0.850505, 0.232732, -0.585713, -0.797674, 0.143724, -0.037721, 0.649246, -0.567888, -0.505949, 0.229519, 0.000000, 0.000000, 0.000000, 1.000000, -0.072914, -0.042588, -0.996429, 0.109515, -0.996449, -0.039079, 0.074586, 0.062430, -0.042116, 0.998328, -0.039588, 0.049569, 0.000000, 0.000000, 0.000000, 1.000000
-29.4729, 37.7021, -29.5441, 210.7021, 232.7184, -37.7026, 229.5000, 109.5341, 62.4280, 49.5695, 0.585745, 0.797682, -0.143544, 0.037702, -0.649672, 0.567988, 0.505288, -0.029544, 0.484591, -0.202714, 0.850928, 0.210702, 0.000000, 0.000000, 0.000000, 1.000000, 0.484952, -0.203033, 0.850646, 0.232718, -0.585747, -0.797682, 0.143542, -0.037703, 0.649401, -0.567874, -0.505763, 0.229500, 0.000000, 0.000000, 0.000000, 1.000000, -0.072914, -0.042589, -0.996428, 0.109534, -0.996449, -0.039078, 0.074586, 0.062428, -0.042115, 0.998328, -0.039589, 0.049569, 0.000000, 0.000000, 0.000000, 1.000000
-29.4645, 37.6928, -29.5345, 210.6956, 232.7119, -37.6934, 229.4904, 109.5436, 62.4269, 49.5695, 0.585762, 0.797687, -0.143454, 0.037693, -0.649749, 0.567981, 0.505197, -0.029535, 0.484468, -0.202716, 0.850998, 0.210696, 0.000000, 0.000000, 0.000000, 1.000000, 0.484829, -0.203035, 0.850716, 0.232712, -0.585763, -0.797686, 0.143452, -0.037693, 0.649479, -0.567868, -0.505672, 0.229490, 0.000000, 0.000000, 0.000000, 1.000000, -0.072914, -0.042590, -0.996428, 0.109544, -0.996449, -0.039078, 0.074586, 0.062427, -0.042115, 0.998328, -0.039589, 0.049570, 0.000000, 0.000000, 0.000000, 1.000000
-29.4480, 37.6745, -29.5155, 210.6827, 232.6990, -37.6751, 229.4714, 109.5623, 62.4248, 49.5696, 0.585794, 0.797695, -0.143276, 0.037675, -0.649901, 0.567968, 0.505016, -0.029515, 0.484225, -0.202720, 0.851135, 0.210683, 0.000000, 0.000000, 0.000000, 1.000000, 0.484586, -0.203039, 0.850854, 0.232699, -0.585795, -0.797694, 0.143274, -0.037675, 0.649631, -0.567855, -0.505490, 0.229471, 0.000000, 0.000000, 0.000000, 1.000000, -0.072914, -0.042591, -0.996428, 0.109562, -0.996449, -0.039078, 0.074586, 0.062425, -0.042115, 0.998328, -0.039590, 0.049570, 0.000000, 0.000000, 0.000000, 1.000000
-29.4480, 37.6745, -29.5155, 210.6827, 232.6990, -37.6751, 229.4714, 109.5623, 62.4248, 49.5696, 0.585794, 0.797695, -0.143276, 0.037675, -0.649901, 0.567968, 0.505016, -0.029515, 0.484225, -0.202720, 0.851135, 0.210683, 0.000000, 0.000000, 0.000000, 1.000000, 0.484586, -0.203039, 0.850854, 0.232699, -0.585795, -0.797694, 0.143274, -0.037675, 0.649631, -0.567855, -0.505490, 0.229471, 0.000000, 0.000000, 0.000000, 1.000000, -0.072914, -0.042591, -0.996428, 0.109562, -0.996449, -0.039078, 0.074586, 0.062425, -0.042115, 0.998328, -0.039590, 0.049570, 0.000000, 0.000000, 0.000000, 1.000000
-29.4398, 37.6655, -29.5061, 210.6763, 232.6926, -37.6660, 229.4620, 109.5716, 62.4237, 49.5697, 0.585810, 0.797699, -0.143188, 0.037665, -0.649976, 0.567962, 0.504926, -0.029506, 0.484105, -0.202722, 0.851203, 0.210676, 0.000000, 0.000000, 0.000000, 1.000000, 0.484465, -0.203041, 0.850922, 0.232693, -0.585812, -0.797698, 0.143186, -0.037666, 0.649706, -0.567848, -0.505401, 0.229462, 0.000000, 0.000000, 0.000000, 1.000000, -0.072914, -0.042592, -0.996428, 0.109572, -0.996449, -0.039078, 0.074586, 0.062424, -0.042115, 0.998328, -0.039591, 0.049570, 0.000000, 0.000000, 0.000000, 1.000000
-29.4078, 37.6300, -29.4692, 210.6513, 232.6676, -37.6305, 229.4252, 109.6080, 62.4196, 49.5699, 0.585873, 0.797715, -0.142843, 0.037630, -0.650271, 0.567937, 0.504575, -0.029469, 0.483633, -0.202730, 0.851469, 0.210651, 0.000000, 0.000000, 0.000000, 1.000000, 0.483993, -0.203048, 0.851189, 0.232668, -0.585874, -0.797714, 0.142841, -0.037631, 0.650001, -0.567824, -0.505049, 0.229425, 0.000000, 0.000000, 0.000000, 1.000000, -0.072914, -0.042594, -0.996428, 0.109608, -0.996449, -0.039077, 0.074586, 0.062420, -0.042114, 0.998328, -0.039593, 0.049570, 0.000000, 0.000000, 0.000000, 1.000000
-29.4000, 37.6213, -29.4602, 210.6452, 232.6615, -37.6218, 229.4163, 109.6169, 62.4186, 49.5700, 0.585888, 0.797718, -0.142759, 0.037621, -0.650343, 0.567931, 0.504489, -0.029460, 0.483517, -0.202732, 0.851534, 0.210645, 0.000000, 0.000000, 0.000000, 1.000000, 0.483878, -0.203050, 0.851254, 0.232661, -0.585890, -0.797718, 0.142757, -0.037622, 0.650073, -0.567818, -0.504963, 0.229416, 0.000000, 0.000000, 0.000000, 1.000000, -0.072914, -0.042594, -0.996428, 0.109617, -0.996449, -0.039077, 0.074586, 0.062419, -0.042114, 0.998328, -0.039594, 0.049570, 0.000000, 0.000000, 0.000000, 1.000000
-29.3922, 37.6127, -29.4512, 210.6391, 232.6554, -37.6133, 229.4074, 109.6257, 62.4176, 49.5700, 0.585903, 0.797722, -0.142676, 0.037613, -0.650414, 0.567925, 0.504404, -0.029451, 0.483403, -0.202734, 0.851599, 0.210639, 0.000000, 0.000000, 0.000000, 1.000000, 0.483764, -0.203052, 0.851318, 0.232655, -0.585905, -0.797722, 0.142673, -0.037613, 0.650145, -0.567812, -0.504878, 0.229407, 0.000000, 0.000000, 0.000000, 1.000000, -0.072914, -0.042595, -0.996428, 0.109626, -0.996449, -0.039077, 0.074586, 0.062418, -0.042114, 0.998328, -0.039594, 0.049570, 0.000000, 0.000000, 0.000000, 1.000000
-29.3769, 37.5958, -29.4336, 210.6272, 232.6435, -37.5963, 229.3898, 109.6430, 62.4156, 49.5701, 0.585933, 0.797730, -0.142511, 0.037596, -0.650555, 0.567913, 0.504236, -0.029434, 0.483178, -0.202737, 0.851726, 0.210627, 0.000000, 0.000000, 0.000000, 1.000000, 0.483538, -0.203056, 0.851445, 0.232643, -0.585935, -0.797729, 0.142509, -0.037596, 0.650286, -0.567800, -0.504710, 0.229390, 0.000000, 0.000000, 0.000000, 1.000000, -0.072914, -0.042596, -0.996428, 0.109643, -0.996449, -0.039076, 0.074586, 0.062416, -0.042114, 0.998328, -0.039595, 0.049570, 0.000000, 0.000000, 0.000000, 1.000000
-29.3619, 37.5791, -29.4162, 210.6155, 232.6317, -37.5796, 229.3725, 109.6602, 62.4136, 49.5702, 0.585963, 0.797737, -0.142349, 0.037579, -0.650693, 0.567901, 0.504070, -0.029416, 0.482956, -0.202741, 0.851851, 0.210615, 0.000000, 0.000000, 0.000000, 1.000000, 0.483316, -0.203059, 0.851571, 0.232632, -0.585964, -0.797737, 0.142346, -0.037580, 0.650424, -0.567788, -0.504544, 0.229373, 0.000000, 0.000000, 0.000000, 1.000000, -0.072914, -0.042597, -0.996428, 0.109660, -0.996449, -0.039076, 0.074586, 0.062414, -0.042113, 0.998328, -0.039596, 0.049570, 0.000000, 0.000000, 0.000000, 1.000000
-29.3470, 37.5626, -29.3990, 210.6039, 232.6201, -37.5631, 229.3554, 109.6771, 62.4117, 49.5703, 0.585992, 0.797744, -0.142188, 0.037563, -0.650830, 0.567889, 0.503907, -0.029399, 0.482736, -0.202745, 0.851974, 0.210604, 0.000000, 0.000000, 0.000000, 1.000000, 0.483097, -0.203063, 0.851694, 0.232620, -0.585993, -0.797744, 0.142186, -0.037563, 0.650561, -0.567777, -0.504381, 0.229355, 0.000000, 0.000000, 0.000000, 1.000000, -0.072914, -0.042598, -0.996428, 0.109677, -0.996449, -0.039075, 0.074586, 0.062412, -0.042113, 0.998328, -0.039597, 0.049570, 0.000000, 0.000000, 0.000000, 1.000000
-29.3396, 37.5544, -29.3905, 210.5981, 232.6143, -37.5550, 229.3469, 109.6854, 62.4107, 49.5704, 0.586006, 0.797748, -0.142109, 0.037554, -0.650897, 0.567884, 0.503826, -0.029391, 0.482628, -0.202747, 0.852035, 0.210598, 0.000000, 0.000000, 0.000000, 1.000000, 0.482988, -0.203065, 0.851756, 0.232614, -0.586008, -0.797747, 0.142107, -0.037555, 0.650629, -0.567771, -0.504300, 0.229347, 0.000000, 0.000000, 0.000000, 1.000000, -0.072914, -0.042598, -0.996428, 0.109685, -0.996449, -0.039075, 0.074586, 0.062411, -0.042113, 0.998328, -0.039598, 0.049570, 0.000000, 0.000000, 0.000000, 1.000000
-29.3249, 37.5382, -29.3736, 210.5867, 232.6029, -37.5387, 229.3300, 109.7021, 62.4088, 49.5705, 0.586035, 0.797755, -0.141951, 0.037538, -0.651032, 0.567873, 0.503665, -0.029374, 0.482412, -0.202750, 0.852157, 0.210587, 0.000000, 0.000000, 0.000000, 1.000000, 0.482772, -0.203068, 0.851877, 0.232603, -0.586036, -0.797754, 0.141949, -0.037539, 0.650764, -0.567760, -0.504138, 0.229330, 0.000000, 0.000000, 0.000000, 1.000000, -0.072914, -0.042599, -0.996428, 0.109702, -0.996449, -0.039075, 0.074586, 0.062409, -0.042113, 0.998328, -0.039599, 0.049570, 0.000000, 0.000000, 0.000000, 1.000000
