# Joint_A_Angle(deg), Cam_X(mm), Cam_Y(mm), Cam_Z(mm), Torso_X(mm), Torso_Y(mm), Torso_Z(mm), EE_X(mm), EE_Y(mm), EE_Z(mm), T_cam2marker_flat(16), T_torso2marker_flat(16), T_ee2marker_flat(16)
-20.0009, -79.3896, 18.4647, 451.6064, 520.6098, 88.3893, 238.5654, 118.1286, 26.8540, -6.4540, 0.288432, 0.846106, 0.448231, -0.079390, -0.949841, 0.311930, 0.022397, 0.018465, -0.120867, -0.432209, 0.893637, 0.451606, 0.000000, 0.000000, 0.000000, 1.000000, -0.120785, -0.432236, 0.893635, 0.520610, -0.288432, -0.846106, -0.448232, 0.088389, 0.949852, -0.311893, -0.022474, 0.238565, 0.000000, 0.000000, 0.000000, 1.000000, -0.032447, -0.065745, -0.997309, 0.118129, -0.997741, -0.056593, 0.036191, 0.026854, -0.058820, 0.996230, -0.063760, -0.006454, 0.000000, 0.000000, 0.000000, 1.000000
-20.0009, -79.3896, 18.4625, 451.6059, 520.6093, 88.3892, 238.5672, 118.1286, 26.8540, -6.4540, 0.288432, 0.846106, 0.448231, -0.079390, -0.949841, 0.311932, 0.022393, 0.018462, -0.120871, -0.432207, 0.893637, 0.451606, 0.000000, 0.000000, 0.000000, 1.000000, -0.120788, -0.432235, 0.893635, 0.520609, -0.288432, -0.846106, -0.448232, 0.088389, 0.949851, -0.311894, -0.022471, 0.238567, 0.000000, 0.000000, 0.000000, 1.000000, -0.032447, -0.065745, -0.997309, 0.118129, -0.997741, -0.056593, 0.036191, 0.026854, -0.058820, 0.996230, -0.063760, -0.006454, 0.000000, 0.000000, 0.000000, 1.000000
-20.0010, -79.3895, 18.4604, 451.6053, 520.6088, 88.3891, 238.5690, 118.1286, 26.8540, -6.4540, 0.288432, 0.846106, 0.448232, -0.079389, -0.949840, 0.311933, 0.022389, 0.018460, -0.120875, -0.432206, 0.893637, 0.451605, 0.000000, 0.000000, 0.000000, 1.000000, -0.120791, -0.432234, 0.893635, 0.520609, -0.288432, -0.846106, -0.448232, 0.088389, 0.949851, -0.311895, -0.022468, 0.238569, 0.000000, 0.000000, 0.000000, 1.000000, -0.032447, -0.065745, -0.997309, 0.118129, -0.997741, -0.056593, 0.036191, 0.026854, -0.058820, 0.996230, -0.063761, -0.006454, 0.000000, 0.000000, 0.000000, 1.000000
-20.0010, -79.3891, 18.4544, 451.6039, 520.6074, 88.3888, 238.5745, 118.1287, 26.8540, -6.4540, 0.288433, 0.846106, 0.448232, -0.079389, -0.949838, 0.311939, 0.022380, 0.018454, -0.120886, -0.432203, 0.893637, 0.451604, 0.000000, 0.000000, 0.000000, 1.000000, -0.120801, -0.432231, 0.893635, 0.520607, -0.288433, -0.846105, -0.448232, 0.088389, 0.949849, -0.311901, -0.022459, 0.238575, 0.000000, 0.000000, 0.000000, 1.000000, -0.032447, -0.065745, -0.997309, 0.118129, -0.997741, -0.056593, 0.036191, 0.026854, -0.058820, 0.996230, -0.063761, -0.006454, 0.000000, 0.000000, 0.000000, 1.000000
-20.0010, -79.3889, 18.4507, 451.6029, 520.6065, 88.3885, 238.5781, 118.1287, 26.8540, -6.4540, 0.288434, 0.846105, 0.448232, -0.079389, -0.949837, 0.311944, 0.022374, 0.018451, -0.120893, -0.432200, 0.893637, 0.451603, 0.000000, 0.000000, 0.000000, 1.000000, -0.120808, -0.432229, 0.893635, 0.520606, -0.288434, -0.846105, -0.448232, 0.088389, 0.949848, -0.311905, -0.022454, 0.238578, 0.000000, 0.000000, 0.000000, 1.000000, -0.032447, -0.065745, -0.997309, 0.118129, -0.997741, -0.056593, 0.036191, 0.026854, -0.058820, 0.996230, -0.063761, -0.006454, 0.000000, 0.000000, 0.000000, 1.000000
-20.0010, -79.3883, 18.4417, 451.6007, 520.6043, 88.3879, 238.5866, 118.1287, 26.8540, -6.4540, 0.288437, 0.846104, 0.448232, -0.079388, -0.949834, 0.311953, 0.022359, 0.018442, -0.120909, -0.432195, 0.893638, 0.451601, 0.000000, 0.000000, 0.000000, 1.000000, -0.120823, -0.432224, 0.893635, 0.520604, -0.288437, -0.846104, -0.448233, 0.088388, 0.949845, -0.311914, -0.022440, 0.238587, 0.000000, 0.000000, 0.000000, 1.000000, -0.032447, -0.065745, -0.997309, 0.118129, -0.997741, -0.056593, 0.036192, 0.026854, -0.058820, 0.996230, -0.063761, -0.006454, 0.000000, 0.000000, 0.000000, 1.000000
-20.0010, -79.3880, 18.4366, 451.5994, 520.6030, 88.3876, 238.5915, 118.1288, 26.8540, -6.4540, 0.288438, 0.846104, 0.448232, -0.079388, -0.949833, 0.311959, 0.022351, 0.018437, -0.120919, -0.432192, 0.893638, 0.451599, 0.000000, 0.000000, 0.000000, 1.000000, -0.120833, -0.432221, 0.893635, 0.520603, -0.288438, -0.846103, -0.448233, 0.088388, 0.949844, -0.311920, -0.022432, 0.238592, 0.000000, 0.000000, 0.000000, 1.000000, -0.032447, -0.065745, -0.997309, 0.118129, -0.997741, -0.056593, 0.036192, 0.026854, -0.058820, 0.996230, -0.063761, -0.006454, 0.000000, 0.000000, 0.000000, 1.000000
-20.0010, -79.3876, 18.4311, 451.5980, 520.6016, 88.3873, 238.5968, 118.1288, 26.8540, -6.4540, 0.288440, 0.846103, 0.448232, -0.079388, -0.949831, 0.311965, 0.022342, 0.018431, -0.120929, -0.432189, 0.893638, 0.451598, 0.000000, 0.000000, 0.000000, 1.000000, -0.120843, -0.432218, 0.893636, 0.520602, -0.288439, -0.846103, -0.448233, 0.088387, 0.949842, -0.311926, -0.022423, 0.238597, 0.000000, 0.000000, 0.000000, 1.000000, -0.032447, -0.065746, -0.997309, 0.118129, -0.997741, -0.056593, 0.036192, 0.026854, -0.058820, 0.996230, -0.063761, -0.006454, 0.000000, 0.000000, 0.000000, 1.000000
-20.0008, -79.3865, 18.4130, 451.5934, 520.5971, 88.3862, 238.6143, 118.1289, 26.8540, -6.4540, 0.288442, 0.846102, 0.448233, -0.079387, -0.949825, 0.311984, 0.022309, 0.018413, -0.120966, -0.432178, 0.893638, 0.451593, 0.000000, 0.000000, 0.000000, 1.000000, -0.120878, -0.432208, 0.893636, 0.520597, -0.288442, -0.846101, -0.448234, 0.088386, 0.949837, -0.311944, -0.022392, 0.238614, 0.000000, 0.000000, 0.000000, 1.000000, -0.032447, -0.065746, -0.997309, 0.118129, -0.997741, -0.056593, 0.036192, 0.026854, -0.058820, 0.996230, -0.063761, -0.006454, 0.000000, 0.000000, 0.000000, 1.000000
-20.0008, -79.3865, 18.4130, 451.5934, 520.5971, 88.3862, 238.6143, 118.1289, 26.8540, -6.4540, 0.288442, 0.846102, 0.448233, -0.079387, -0.949825, 0.311984, 0.022309, 0.018413, -0.120966, -0.432178, 0.893638, 0.451593, 0.000000, 0.000000, 0.000000, 1.000000, -0.120878, -0.432208, 0.893636, 0.520597, -0.288442, -0.846101, -0.448234, 0.088386, 0.949837, -0.311944, -0.022392, 0.238614, 0.000000, 0.000000, 0.000000, 1.000000, -0.032447, -0.065746, -0.997309, 0.118129, -0.997741, -0.056593, 0.036192, 0.026854, -0.058820, 0.996230, -0.063761, -0.006454, 0.000000, 0.000000, 0.000000, 1.000000
-20.0004, -79.3859, 18.4002, 451.5901, 520.5938, 88.3855, 238.6267, 118.1291, 26.8539, -6.4540, 0.288441, 0.846101, 0.448235, -0.079386, -0.949822, 0.311995, 0.022283, 0.018400, -0.120994, -0.432171, 0.893638, 0.451590, 0.000000, 0.000000, 0.000000, 1.000000, -0.120905, -0.432201, 0.893636, 0.520594, -0.288441, -0.846101, -0.448236, 0.088386, 0.949834, -0.311955, -0.022366, 0.238627, 0.000000, 0.000000, 0.000000, 1.000000, -0.032447, -0.065746, -0.997309, 0.118129, -0.997741, -0.056593, 0.036192, 0.026854, -0.058820, 0.996230, -0.063761, -0.006454, 0.000000, 0.000000, 0.000000, 1.000000
-19.9998, -79.3854, 18.3873, 451.5867, 520.5904, 88.3850, 238.6392, 118.1294, 26.8537, -6.4541, 0.288436, 0.846102, 0.448237, -0.079385, -0.949820, 0.312005, 0.022252, 0.018387, -0.121025, -0.432163, 0.893638, 0.451587, 0.000000, 0.000000, 0.000000, 1.000000, -0.120936, -0.432193, 0.893635, 0.520590, -0.288436, -0.846101, -0.448238, 0.088385, 0.949831, -0.311964, -0.022336, 0.238639, 0.000000, 0.000000, 0.000000, 1.000000, -0.032447, -0.065747, -0.997309, 0.118129, -0.997741, -0.056592, 0.036192, 0.026854, -0.058819, 0.996230, -0.063762, -0.006454, 0.000000, 0.000000, 0.000000, 1.000000
-19.9988, -79.3851, 18.3748, 451.5832, 520.5869, 88.3847, 238.6515, 118.1298, 26.8534, -6.4543, 0.288426, 0.846103, 0.448241, -0.079385, -0.949819, 0.312011, 0.022217, 0.018375, -0.121058, -0.432156, 0.893637, 0.451583, 0.000000, 0.000000, 0.000000, 1.000000, -0.120969, -0.432186, 0.893634, 0.520587, -0.288426, -0.846103, -0.448242, 0.088385, 0.949830, -0.311970, -0.022302, 0.238651, 0.000000, 0.000000, 0.000000, 1.000000, -0.032447, -0.065747, -0.997309, 0.118130, -0.997741, -0.056592, 0.036192, 0.026853, -0.058819, 0.996230, -0.063762, -0.006454, 0.000000, 0.000000, 0.000000, 1.000000
-19.9975, -79.3850, 18.3629, 451.5798, 520.5835, 88.3847, 238.6630, 118.1303, 26.8530, -6.4545, 0.288410, 0.846106, 0.448246, -0.079385, -0.949819, 0.312014, 0.022177, 0.018363, -0.121095, -0.432149, 0.893635, 0.451580, 0.000000, 0.000000, 0.000000, 1.000000, -0.121005, -0.432179, 0.893633, 0.520584, -0.288410, -0.846105, -0.448247, 0.088385, 0.949830, -0.311973, -0.022262, 0.238663, 0.000000, 0.000000, 0.000000, 1.000000, -0.032447, -0.065748, -0.997309, 0.118130, -0.997741, -0.056591, 0.036192, 0.026853, -0.058818, 0.996230, -0.063763, -0.006454, 0.000000, 0.000000, 0.000000, 1.000000
-19.9947, -79.3856, 18.3472, 451.5750, 520.5787, 88.3852, 238.6782, 118.1313, 26.8521, -6.4549, 0.288373, 0.846113, 0.448257, -0.079386, -0.949822, 0.312008, 0.022107, 0.018347, -0.121155, -0.432139, 0.893631, 0.451575, 0.000000, 0.000000, 0.000000, 1.000000, -0.121063, -0.432170, 0.893629, 0.520579, -0.288373, -0.846112, -0.448257, 0.088385, 0.949834, -0.311966, -0.022193, 0.238678, 0.000000, 0.000000, 0.000000, 1.000000, -0.032446, -0.065750, -0.997308, 0.118131, -0.997741, -0.056590, 0.036191, 0.026852, -0.058817, 0.996230, -0.063765, -0.006455, 0.000000, 0.000000, 0.000000, 1.000000
-19.9935, -79.3859, 18.3426, 451.5734, 520.5772, 88.3856, 238.6826, 118.1317, 26.8518, -6.4551, 0.288358, 0.846116, 0.448261, -0.079386, -0.949824, 0.312003, 0.022081, 0.018343, -0.121176, -0.432137, 0.893630, 0.451573, 0.000000, 0.000000, 0.000000, 1.000000, -0.121084, -0.432167, 0.893627, 0.520577, -0.288358, -0.846115, -0.448262, 0.088386, 0.949836, -0.311962, -0.022168, 0.238683, 0.000000, 0.000000, 0.000000, 1.000000, -0.032446, -0.065751, -0.997308, 0.118132, -0.997741, -0.056589, 0.036191, 0.026852, -0.058817, 0.996230, -0.063766, -0.006455, 0.000000, 0.000000, 0.000000, 1.000000
-19.9908, -79.3869, 18.3347, 451.5706, 520.5744, 88.3866, 238.6903, 118.1326, 26.8509, -6.4556, 0.288320, 0.846123, 0.448271, -0.079387, -0.949830, 0.311990, 0.022026, 0.018335, -0.121219, -0.432132, 0.893626, 0.451571, 0.000000, 0.000000, 0.000000, 1.000000, -0.121127, -0.432163, 0.893624, 0.520574, -0.288320, -0.846123, -0.448272, 0.088387, 0.949842, -0.311948, -0.022113, 0.238690, 0.000000, 0.000000, 0.000000, 1.000000, -0.032445, -0.065752, -0.997308, 0.118133, -0.997741, -0.056588, 0.036190, 0.026851, -0.058816, 0.996230, -0.063768, -0.006456, 0.000000, 0.000000, 0.000000, 1.000000
-19.9908, -79.3869, 18.3347, 451.5706, 520.5744, 88.3866, 238.6903, 118.1326, 26.8509, -6.4556, 0.288320, 0.846123, 0.448271, -0.079387, -0.949830, 0.311990, 0.022026, 0.018335, -0.121219, -0.432132, 0.893626, 0.451571, 0.000000, 0.000000, 0.000000, 1.000000, -0.121127, -0.432163, 0.893624, 0.520574, -0.288320, -0.846123, -0.448272, 0.088387, 0.949842, -0.311948, -0.022113, 0.238690, 0.000000, 0.000000, 0.000000, 1.000000, -0.032445, -0.065752, -0.997308, 0.118133, -0.997741, -0.056588, 0.036190, 0.026851, -0.058816, 0.996230, -0.063768, -0.006456, 0.000000, 0.000000, 0.000000, 1.000000
-19.9857, -79.3894, 18.3267, 451.5669, 520.5708, 88.3890, 238.6979, 118.1343, 26.8493, -6.4565, 0.288246, 0.846139, 0.448290, -0.079389, -0.949844, 0.311955, 0.021932, 0.018327, -0.121289, -0.432127, 0.893619, 0.451567, 0.000000, 0.000000, 0.000000, 1.000000, -0.121196, -0.432158, 0.893617, 0.520571, -0.288246, -0.846138, -0.448290, 0.088389, 0.949856, -0.311913, -0.022019, 0.238698, 0.000000, 0.000000, 0.000000, 1.000000, -0.032444, -0.065755, -0.997308, 0.118134, -0.997742, -0.056586, 0.036189, 0.026849, -0.058814, 0.996230, -0.063771, -0.006456, 0.000000, 0.000000, 0.000000, 1.000000
-19.9857, -79.3894, 18.3267, 451.5669, 520.5708, 88.3890, 238.6979, 118.1343, 26.8493, -6.4565, 0.288246, 0.846139, 0.448290, -0.079389, -0.949844, 0.311955, 0.021932, 0.018327, -0.121289, -0.432127, 0.893619, 0.451567, 0.000000, 0.000000, 0.000000, 1.000000, -0.121196, -0.432158, 0.893617, 0.520571, -0.288246, -0.846138, -0.448290, 0.088389, 0.949856, -0.311913, -0.022019, 0.238698, 0.000000, 0.000000, 0.000000, 1.000000, -0.032444, -0.065755, -0.997308, 0.118134, -0.997742, -0.056586, 0.036189, 0.026849, -0.058814, 0.996230, -0.063771, -0.006456, 0.000000, 0.000000, 0.000000, 1.000000
-19.9815, -79.3917, 18.3241, 451.5650, 520.5688, 88.3913, 238.7002, 118.1357, 26.8481, -6.4572, 0.288185, 0.846152, 0.448305, -0.079392, -0.949856, 0.311922, 0.021861, 0.018324, -0.121338, -0.432125, 0.893613, 0.451565, 0.000000, 0.000000, 0.000000, 1.000000, -0.121245, -0.432156, 0.893611, 0.520569, -0.288185, -0.846151, -0.448305, 0.088391, 0.949868, -0.311880, -0.021949, 0.238700, 0.000000, 0.000000, 0.000000, 1.000000, -0.032443, -0.065758, -0.997308, 0.118136, -0.997742, -0.056585, 0.036188, 0.026848, -0.058812, 0.996230, -0.063773, -0.006457, 0.000000, 0.000000, 0.000000, 1.000000
-19.9740, -79.3961, 18.3248, 451.5628, 520.5667, 88.3957, 238.6992, 118.1381, 26.8458, -6.4585, 0.288074, 0.846175, 0.448331, -0.079396, -0.949880, 0.311858, 0.021745, 0.018325, -0.121415, -0.432125, 0.893603, 0.451563, 0.000000, 0.000000, 0.000000, 1.000000, -0.121321, -0.432157, 0.893601, 0.520567, -0.288074, -0.846175, -0.448332, 0.088396, 0.949892, -0.311815, -0.021834, 0.238699, 0.000000, 0.000000, 0.000000, 1.000000, -0.032440, -0.065762, -0.997308, 0.118138, -0.997742, -0.056582, 0.036186, 0.026846, -0.058809, 0.996230, -0.063778, -0.006458, 0.000000, 0.000000, 0.000000, 1.000000
-19.9740, -79.3961, 18.3248, 451.5628, 520.5667, 88.3957, 238.6992, 118.1381, 26.8458, -6.4585, 0.288074, 0.846175, 0.448331, -0.079396, -0.949880, 0.311858, 0.021745, 0.018325, -0.121415, -0.432125, 0.893603, 0.451563, 0.000000, 0.000000, 0.000000, 1.000000, -0.121321, -0.432157, 0.893601, 0.520567, -0.288074, -0.846175, -0.448332, 0.088396, 0.949892, -0.311815, -0.021834, 0.238699, 0.000000, 0.000000, 0.000000, 1.000000, -0.032440, -0.065762, -0.997308, 0.118138, -0.997742, -0.056582, 0.036186, 0.026846, -0.058809, 0.996230, -0.063778, -0.006458, 0.000000, 0.000000, 0.000000, 1.000000
-19.9653, -79.4016, 18.3308, 451.5616, 520.5655, 88.4012, 238.6928, 118.1409, 26.8431, -6.4600, 0.287942, 0.846204, 0.448362, -0.079402, -0.949909, 0.311777, 0.021618, 0.018331, -0.121495, -0.432128, 0.893591, 0.451562, 0.000000, 0.000000, 0.000000, 1.000000, -0.121401, -0.432160, 0.893588, 0.520565, -0.287942, -0.846203, -0.448363, 0.088401, 0.949922, -0.311733, -0.021707, 0.238693, 0.000000, 0.000000, 0.000000, 1.000000, -0.032438, -0.065767, -0.997308, 0.118141, -0.997742, -0.056578, 0.036183, 0.026843, -0.058806, 0.996230, -0.063783, -0.006460, 0.000000, 0.000000, 0.000000, 1.000000
-19.9653, -79.4016, 18.3308, 451.5616, 520.5655, 88.4012, 238.6928, 118.1409, 26.8431, -6.4600, 0.287942, 0.846204, 0.448362, -0.079402, -0.949909, 0.311777, 0.021618, 0.018331, -0.121495, -0.432128, 0.893591, 0.451562, 0.000000, 0.000000, 0.000000, 1.000000, -0.121401, -0.432160, 0.893588, 0.520565, -0.287942, -0.846203, -0.448363, 0.088401, 0.949922, -0.311733, -0.021707, 0.238693, 0.000000, 0.000000, 0.000000, 1.000000, -0.032438, -0.065767, -0.997308, 0.118141, -0.997742, -0.056578, 0.036183, 0.026843, -0.058806, 0.996230, -0.063783, -0.006460, 0.000000, 0.000000, 0.000000, 1.000000
-19.9555, -79.4082, 18.3423, 451.5613, 520.5653, 88.4078, 238.6810, 118.1440, 26.8401, -6.4618, 0.287791, 0.846237, 0.448397, -0.079408, -0.949945, 0.311678, 0.021481, 0.018342, -0.121578, -0.432134, 0.893576, 0.451561, 0.000000, 0.000000, 0.000000, 1.000000, -0.121482, -0.432166, 0.893574, 0.520565, -0.287791, -0.846236, -0.448397, 0.088408, 0.949957, -0.311635, -0.021571, 0.238681, 0.000000, 0.000000, 0.000000, 1.000000, -0.032435, -0.065773, -0.997307, 0.118144, -0.997743, -0.056575, 0.036180, 0.026840, -0.058802, 0.996230, -0.063789, -0.006462, 0.000000, 0.000000, 0.000000, 1.000000
-19.9519, -79.4106, 18.3473, 451.5614, 520.5654, 88.4103, 238.6759, 118.1452, 26.8390, -6.4624, 0.287736, 0.846249, 0.448409, -0.079411, -0.949958, 0.311642, 0.021433, 0.018347, -0.121605, -0.432137, 0.893571, 0.451561, 0.000000, 0.000000, 0.000000, 1.000000, -0.121510, -0.432169, 0.893569, 0.520565, -0.287736, -0.846248, -0.448410, 0.088410, 0.949970, -0.311599, -0.021523, 0.238676, 0.000000, 0.000000, 0.000000, 1.000000, -0.032433, -0.065775, -0.997307, 0.118145, -0.997743, -0.056573, 0.036179, 0.026839, -0.058801, 0.996229, -0.063791, -0.006462, 0.000000, 0.000000, 0.000000, 1.000000
-19.9445, -79.4159, 18.3591, 451.5620, 520.5660, 88.4155, 238.6639, 118.1475, 26.8367, -6.4637, 0.287622, 0.846274, 0.448435, -0.079416, -0.949985, 0.311564, 0.021335, 0.018359, -0.121661, -0.432143, 0.893561, 0.451562, 0.000000, 0.000000, 0.000000, 1.000000, -0.121565, -0.432176, 0.893558, 0.520566, -0.287621, -0.846274, -0.448436, 0.088416, 0.949998, -0.311521, -0.021425, 0.238664, 0.000000, 0.000000, 0.000000, 1.000000, -0.032431, -0.065779, -0.997307, 0.118148, -0.997743, -0.056571, 0.036176, 0.026837, -0.058798, 0.996229, -0.063796, -0.006464, 0.000000, 0.000000, 0.000000, 1.000000
-19.9366, -79.4215, 18.3731, 451.5630, 520.5670, 88.4212, 238.6497, 118.1500, 26.8343, -6.4652, 0.287499, 0.846301, 0.448463, -0.079422, -0.950015, 0.311480, 0.021234, 0.018373, -0.121717, -0.432151, 0.893549, 0.451563, 0.000000, 0.000000, 0.000000, 1.000000, -0.121621, -0.432183, 0.893547, 0.520567, -0.287499, -0.846301, -0.448463, 0.088421, 0.950028, -0.311437, -0.021324, 0.238650, 0.000000, 0.000000, 0.000000, 1.000000, -0.032428, -0.065783, -0.997307, 0.118150, -0.997743, -0.056568, 0.036174, 0.026834, -0.058795, 0.996229, -0.063800, -0.006465, 0.000000, 0.000000, 0.000000, 1.000000
-19.9366, -79.4215, 18.3731, 451.5630, 520.5670, 88.4212, 238.6497, 118.1500, 26.8343, -6.4652, 0.287499, 0.846301, 0.448463, -0.079422, -0.950015, 0.311480, 0.021234, 0.018373, -0.121717, -0.432151, 0.893549, 0.451563, 0.000000, 0.000000, 0.000000, 1.000000, -0.121621, -0.432183, 0.893547, 0.520567, -0.287499, -0.846301, -0.448463, 0.088421, 0.950028, -0.311437, -0.021324, 0.238650, 0.000000, 0.000000, 0.000000, 1.000000, -0.032428, -0.065783, -0.997307, 0.118150, -0.997743, -0.056568, 0.036174, 0.026834, -0.058795, 0.996229, -0.063800, -0.006465, 0.000000, 0.000000, 0.000000, 1.000000
-19.9241, -79.4307, 18.3982, 451.5653, 520.5693, 88.4304, 238.6244, 118.1539, 26.8304, -6.4674, 0.287303, 0.846344, 0.448507, -0.079431, -0.950064, 0.311343, 0.021076, 0.018398, -0.121802, -0.432165, 0.893531, 0.451565, 0.000000, 0.000000, 0.000000, 1.000000, -0.121705, -0.432198, 0.893529, 0.520569, -0.287303, -0.846344, -0.448507, 0.088430, 0.950076, -0.311299, -0.021168, 0.238624, 0.000000, 0.000000, 0.000000, 1.000000, -0.032424, -0.065790, -0.997307, 0.118154, -0.997744, -0.056563, 0.036170, 0.026830, -0.058790, 0.996229, -0.063808, -0.006467, 0.000000, 0.000000, 0.000000, 1.000000
-19.9198, -79.4340, 18.4076, 451.5663, 520.5703, 88.4336, 238.6150, 118.1553, 26.8291, -6.4682, 0.287235, 0.846359, 0.448522, -0.079434, -0.950081, 0.311295, 0.021023, 0.018408, -0.121830, -0.432170, 0.893525, 0.451566, 0.000000, 0.000000, 0.000000, 1.000000, -0.121733, -0.432203, 0.893522, 0.520570, -0.287235, -0.846359, -0.448522, 0.088434, 0.950093, -0.311251, -0.021114, 0.238615, 0.000000, 0.000000, 0.000000, 1.000000, -0.032423, -0.065793, -0.997306, 0.118155, -0.997744, -0.056561, 0.036168, 0.026829, -0.058789, 0.996229, -0.063810, -0.006468, 0.000000, 0.000000, 0.000000, 1.000000
-19.9153, -79.4373, 18.4174, 451.5673, 520.5713, 88.4370, 238.6051, 118.1567, 26.8277, -6.4690, 0.287165, 0.846375, 0.448537, -0.079437, -0.950098, 0.311245, 0.020969, 0.018417, -0.121857, -0.432176, 0.893518, 0.451567, 0.000000, 0.000000, 0.000000, 1.000000, -0.121761, -0.432208, 0.893516, 0.520571, -0.287165, -0.846375, -0.448538, 0.088437, 0.950111, -0.311201, -0.021060, 0.238605, 0.000000, 0.000000, 0.000000, 1.000000, -0.032421, -0.065795, -0.997306, 0.118157, -0.997744, -0.056560, 0.036167, 0.026828, -0.058787, 0.996229, -0.063813, -0.006469, 0.000000, 0.000000, 0.000000, 1.000000
-19.9063, -79.4442, 18.4383, 451.5697, 520.5737, 88.4439, 238.5840, 118.1595, 26.8249, -6.4706, 0.287022, 0.846407, 0.448569, -0.079444, -0.950134, 0.311142, 0.020860, 0.018438, -0.121913, -0.432188, 0.893505, 0.451570, 0.000000, 0.000000, 0.000000, 1.000000, -0.121816, -0.432220, 0.893502, 0.520574, -0.287022, -0.846406, -0.448569, 0.088444, 0.950147, -0.311098, -0.020951, 0.238584, 0.000000, 0.000000, 0.000000, 1.000000, -0.032418, -0.065800, -0.997306, 0.118160, -0.997744, -0.056556, 0.036164, 0.026825, -0.058784, 0.996229, -0.063818, -0.006471, 0.000000, 0.000000, 0.000000, 1.000000
-19.8922, -79.4551, 18.4727, 451.5738, 520.5778, 88.4547, 238.5495, 118.1639, 26.8206, -6.4732, 0.286800, 0.846456, 0.448617, -0.079455, -0.950191, 0.310981, 0.020694, 0.018473, -0.121995, -0.432207, 0.893484, 0.451574, 0.000000, 0.000000, 0.000000, 1.000000, -0.121897, -0.432239, 0.893482, 0.520578, -0.286800, -0.846456, -0.448618, 0.088455, 0.950203, -0.310936, -0.020785, 0.238549, 0.000000, 0.000000, 0.000000, 1.000000, -0.032414, -0.065808, -0.997306, 0.118164, -0.997745, -0.056551, 0.036159, 0.026821, -0.058778, 0.996229, -0.063827, -0.006473, 0.000000, 0.000000, 0.000000, 1.000000
-19.8875, -79.4588, 18.4848, 451.5753, 520.5793, 88.4584, 238.5373, 118.1654, 26.8191, -6.4741, 0.286725, 0.846473, 0.448634, -0.079459, -0.950210, 0.310925, 0.020638, 0.018485, -0.122022, -0.432214, 0.893477, 0.451575, 0.000000, 0.000000, 0.000000, 1.000000, -0.121924, -0.432246, 0.893475, 0.520579, -0.286725, -0.846473, -0.448634, 0.088458, 0.950223, -0.310881, -0.020730, 0.238537, 0.000000, 0.000000, 0.000000, 1.000000, -0.032412, -0.065811, -0.997306, 0.118165, -0.997745, -0.056549, 0.036158, 0.026819, -0.058777, 0.996228, -0.063830, -0.006474, 0.000000, 0.000000, 0.000000, 1.000000
-19.8827, -79.4625, 18.4972, 451.5769, 520.5809, 88.4622, 238.5248, 118.1669, 26.8177, -6.4749, 0.286649, 0.846490, 0.448650, -0.079463, -0.950230, 0.310869, 0.020583, 0.018497, -0.122049, -0.432221, 0.893470, 0.451577, 0.000000, 0.000000, 0.000000, 1.000000, -0.121951, -0.432253, 0.893468, 0.520581, -0.286649, -0.846490, -0.448651, 0.088462, 0.950242, -0.310825, -0.020675, 0.238525, 0.000000, 0.000000, 0.000000, 1.000000, -0.032410, -0.065814, -0.997305, 0.118167, -0.997745, -0.056548, 0.036156, 0.026818, -0.058775, 0.996228, -0.063832, -0.006475, 0.000000, 0.000000, 0.000000, 1.000000
-19.8683, -79.4740, 18.5359, 451.5819, 520.5859, 88.4736, 238.4860, 118.1713, 26.8132, -6.4776, 0.286419, 0.846542, 0.448700, -0.079474, -0.950289, 0.310699, 0.020417, 0.018536, -0.122127, -0.432242, 0.893449, 0.451582, 0.000000, 0.000000, 0.000000, 1.000000, -0.122029, -0.432275, 0.893447, 0.520586, -0.286419, -0.846541, -0.448700, 0.088474, 0.950302, -0.310654, -0.020510, 0.238486, 0.000000, 0.000000, 0.000000, 1.000000, -0.032405, -0.065822, -0.997305, 0.118171, -0.997745, -0.056542, 0.036151, 0.026813, -0.058770, 0.996228, -0.063841, -0.006478, 0.000000, 0.000000, 0.000000, 1.000000
-19.8586, -79.4817, 18.5628, 451.5855, 520.5895, 88.4813, 238.4591, 118.1743, 26.8102, -6.4793, 0.286264, 0.846576, 0.448733, -0.079482, -0.950329, 0.310584, 0.020308, 0.018563, -0.122177, -0.432257, 0.893435, 0.451585, 0.000000, 0.000000, 0.000000, 1.000000, -0.122079, -0.432290, 0.893433, 0.520590, -0.286264, -0.846576, -0.448734, 0.088481, 0.950342, -0.310539, -0.020400, 0.238459, 0.000000, 0.000000, 0.000000, 1.000000, -0.032402, -0.065827, -0.997305, 0.118174, -0.997746, -0.056539, 0.036148, 0.026810, -0.058766, 0.996228, -0.063847, -0.006479, 0.000000, 0.000000, 0.000000, 1.000000
-19.8586, -79.4817, 18.5628, 451.5855, 520.5895, 88.4813, 238.4591, 118.1743, 26.8102, -6.4793, 0.286264, 0.846576, 0.448733, -0.079482, -0.950329, 0.310584, 0.020308, 0.018563, -0.122177, -0.432257, 0.893435, 0.451585, 0.000000, 0.000000, 0.000000, 1.000000, -0.122079, -0.432290, 0.893433, 0.520590, -0.286264, -0.846576, -0.448734, 0.088481, 0.950342, -0.310539, -0.020400, 0.238459, 0.000000, 0.000000, 0.000000, 1.000000, -0.032402, -0.065827, -0.997305, 0.118174, -0.997746, -0.056539, 0.036148, 0.026810, -0.058766, 0.996228, -0.063847, -0.006479, 0.000000, 0.000000, 0.000000, 1.000000
-19.8490, -79.4895, 18.5902, 451.5892, 520.5933, 88.4891, 238.4315, 118.1773, 26.8073, -6.4811, 0.286110, 0.846611, 0.448766, -0.079490, -0.950369, 0.310467, 0.020199, 0.018590, -0.122226, -0.432273, 0.893421, 0.451589, 0.000000, 0.000000, 0.000000, 1.000000, -0.122128, -0.432306, 0.893418, 0.520593, -0.286110, -0.846611, -0.448767, 0.088489, 0.950382, -0.310423, -0.020292, 0.238431, 0.000000, 0.000000, 0.000000, 1.000000, -0.032398, -0.065833, -0.997305, 0.118177, -0.997746, -0.056535, 0.036145, 0.026807, -0.058762, 0.996228, -0.063852, -0.006481, 0.000000, 0.000000, 0.000000, 1.000000
-19.8345, -79.5013, 18.6324, 451.5950, 520.5991, 88.5009, 238.3893, 118.1818, 26.8028, -6.4838, 0.285878, 0.846663, 0.448816, -0.079501, -0.950430, 0.310292, 0.020039, 0.018632, -0.122298, -0.432297, 0.893400, 0.451595, 0.000000, 0.000000, 0.000000, 1.000000, -0.122199, -0.432329, 0.893397, 0.520599, -0.285878, -0.846663, -0.448816, 0.088501, 0.950443, -0.310247, -0.020132, 0.238389, 0.000000, 0.000000, 0.000000, 1.000000, -0.032393, -0.065841, -0.997304, 0.118182, -0.997747, -0.056530, 0.036140, 0.026803, -0.058757, 0.996228, -0.063861, -0.006484, 0.000000, 0.000000, 0.000000, 1.000000
-19.8345, -79.5013, 18.6324, 451.5950, 520.5991, 88.5009, 238.3893, 118.1818, 26.8028, -6.4838, 0.285878, 0.846663, 0.448816, -0.079501, -0.950430, 0.310292, 0.020039, 0.018632, -0.122298, -0.432297, 0.893400, 0.451595, 0.000000, 0.000000, 0.000000, 1.000000, -0.122199, -0.432329, 0.893397, 0.520599, -0.285878, -0.846663, -0.448816, 0.088501, 0.950443, -0.310247, -0.020132, 0.238389, 0.000000, 0.000000, 0.000000, 1.000000, -0.032393, -0.065841, -0.997304, 0.118182, -0.997747, -0.056530, 0.036140, 0.026803, -0.058757, 0.996228, -0.063861, -0.006484, 0.000000, 0.000000, 0.000000, 1.000000
-19.8250, -79.5091, 18.6609, 451.5991, 520.6031, 88.5087, 238.3607, 118.1847, 26.7998, -6.4855, 0.285724, 0.846698, 0.448848, -0.079509, -0.950470, 0.310175, 0.019934, 0.018661, -0.122344, -0.432313, 0.893386, 0.451599, 0.000000, 0.000000, 0.000000, 1.000000, -0.122245, -0.432345, 0.893383, 0.520603, -0.285724, -0.846697, -0.448849, 0.088509, 0.950483, -0.310131, -0.020027, 0.238361, 0.000000, 0.000000, 0.000000, 1.000000, -0.032390, -0.065846, -0.997304, 0.118185, -0.997747, -0.056527, 0.036136, 0.026800, -0.058754, 0.996227, -0.063867, -0.006486, 0.000000, 0.000000, 0.000000, 1.000000
-19.8202, -79.5130, 18.6752, 451.6011, 520.6051, 88.5126, 238.3464, 118.1862, 26.7984, -6.4864, 0.285647, 0.846715, 0.448864, -0.079513, -0.950490, 0.310117, 0.019882, 0.018675, -0.122366, -0.432321, 0.893379, 0.451601, 0.000000, 0.000000, 0.000000, 1.000000, -0.122268, -0.432353, 0.893376, 0.520605, -0.285647, -0.846715, -0.448865, 0.088513, 0.950503, -0.310072, -0.019975, 0.238346, 0.000000, 0.000000, 0.000000, 1.000000, -0.032388, -0.065849, -0.997304, 0.118186, -0.997747, -0.056525, 0.036135, 0.026798, -0.058752, 0.996227, -0.063870, -0.006486, 0.000000, 0.000000, 0.000000, 1.000000
-19.8061, -79.5246, 18.7183, 451.6072, 520.6113, 88.5243, 238.3033, 118.1906, 26.7940, -6.4890, 0.285420, 0.846766, 0.448913, -0.079525, -0.950550, 0.309943, 0.019728, 0.018718, -0.122432, -0.432345, 0.893358, 0.451607, 0.000000, 0.000000, 0.000000, 1.000000, -0.122334, -0.432378, 0.893355, 0.520611, -0.285419, -0.846766, -0.448913, 0.088524, 0.950563, -0.309898, -0.019821, 0.238303, 0.000000, 0.000000, 0.000000, 1.000000, -0.032383, -0.065857, -0.997303, 0.118191, -0.997748, -0.056520, 0.036130, 0.026794, -0.058747, 0.996227, -0.063878, -0.006489, 0.000000, 0.000000, 0.000000, 1.000000
-19.8061, -79.5246, 18.7183, 451.6072, 520.6113, 88.5243, 238.3033, 118.1906, 26.7940, -6.4890, 0.285420, 0.846766, 0.448913, -0.079525, -0.950550, 0.309943, 0.019728, 0.018718, -0.122432, -0.432345, 0.893358, 0.451607, 0.000000, 0.000000, 0.000000, 1.000000, -0.122334, -0.432378, 0.893355, 0.520611, -0.285419, -0.846766, -0.448913, 0.088524, 0.950563, -0.309898, -0.019821, 0.238303, 0.000000, 0.000000, 0.000000, 1.000000, -0.032383, -0.065857, -0.997303, 0.118191, -0.997748, -0.056520, 0.036130, 0.026794, -0.058747, 0.996227, -0.063878, -0.006489, 0.000000, 0.000000, 0.000000, 1.000000
-19.7968, -79.5323, 18.7469, 451.6113, 520.6154, 88.5320, 238.2746, 118.1934, 26.7911, -6.4907, 0.285269, 0.846800, 0.448944, -0.079532, -0.950590, 0.309828, 0.019627, 0.018747, -0.122475, -0.432361, 0.893344, 0.451611, 0.000000, 0.000000, 0.000000, 1.000000, -0.122376, -0.432394, 0.893342, 0.520615, -0.285269, -0.846800, -0.448945, 0.088532, 0.950603, -0.309783, -0.019720, 0.238275, 0.000000, 0.000000, 0.000000, 1.000000, -0.032380, -0.065862, -0.997303, 0.118193, -0.997748, -0.056516, 0.036127, 0.026791, -0.058743, 0.996227, -0.063883, -0.006491, 0.000000, 0.000000, 0.000000, 1.000000
-19.7922, -79.5362, 18.7612, 451.6134, 520.6174, 88.5358, 238.2603, 118.1949, 26.7897, -6.4916, 0.285195, 0.846817, 0.448960, -0.079536, -0.950610, 0.309771, 0.019578, 0.018761, -0.122496, -0.432369, 0.893337, 0.451613, 0.000000, 0.000000, 0.000000, 1.000000, -0.122397, -0.432402, 0.893335, 0.520617, -0.285195, -0.846817, -0.448961, 0.088536, 0.950622, -0.309726, -0.019671, 0.238260, 0.000000, 0.000000, 0.000000, 1.000000, -0.032378, -0.065864, -0.997303, 0.118195, -0.997748, -0.056515, 0.036125, 0.026790, -0.058742, 0.996227, -0.063886, -0.006492, 0.000000, 0.000000, 0.000000, 1.000000
-19.7785, -79.5476, 18.8039, 451.6196, 520.6236, 88.5472, 238.2176, 118.1991, 26.7855, -6.4941, 0.284973, 0.846867, 0.449007, -0.079548, -0.950668, 0.309601, 0.019430, 0.018804, -0.122559, -0.432393, 0.893317, 0.451620, 0.000000, 0.000000, 0.000000, 1.000000, -0.122460, -0.432426, 0.893315, 0.520624, -0.284973, -0.846867, -0.449007, 0.088547, 0.950681, -0.309556, -0.019523, 0.238218, 0.000000, 0.000000, 0.000000, 1.000000, -0.032373, -0.065872, -0.997303, 0.118199, -0.997748, -0.056510, 0.036120, 0.026785, -0.058737, 0.996227, -0.063894, -0.006494, 0.000000, 0.000000, 0.000000, 1.000000
-19.7785, -79.5476, 18.8039, 451.6196, 520.6236, 88.5472, 238.2176, 118.1991, 26.7855, -6.4941, 0.284973, 0.846867, 0.449007, -0.079548, -0.950668, 0.309601, 0.019430, 0.018804, -0.122559, -0.432393, 0.893317, 0.451620, 0.000000, 0.000000, 0.000000, 1.000000, -0.122460, -0.432426, 0.893315, 0.520624, -0.284973, -0.846867, -0.449007, 0.088547, 0.950681, -0.309556, -0.019523, 0.238218, 0.000000, 0.000000, 0.000000, 1.000000, -0.032373, -0.065872, -0.997303, 0.118199, -0.997748, -0.056510, 0.036120, 0.026785, -0.058737, 0.996227, -0.063894, -0.006494, 0.000000, 0.000000, 0.000000, 1.000000
-19.7651, -79.5587, 18.8460, 451.6256, 520.6297, 88.5584, 238.1755, 118.2032, 26.7813, -6.4966, 0.284755, 0.846916, 0.449052, -0.079559, -0.950726, 0.309434, 0.019285, 0.018846, -0.122619, -0.432417, 0.893297, 0.451626, 0.000000, 0.000000, 0.000000, 1.000000, -0.122520, -0.432450, 0.893295, 0.520630, -0.284755, -0.846916, -0.449053, 0.088558, 0.950738, -0.309388, -0.019378, 0.238176, 0.000000, 0.000000, 0.000000, 1.000000, -0.032368, -0.065880, -0.997302, 0.118203, -0.997749, -0.056505, 0.036115, 0.026781, -0.058732, 0.996226, -0.063902, -0.006497, 0.000000, 0.000000, 0.000000, 1.000000
-19.7651, -79.5587, 18.8460, 451.6256, 520.6297, 88.5584, 238.1755, 118.2032, 26.7813, -6.4966, 0.284755, 0.846916, 0.449052, -0.079559, -0.950726, 0.309434, 0.019285, 0.018846, -0.122619, -0.432417, 0.893297, 0.451626, 0.000000, 0.000000, 0.000000, 1.000000, -0.122520, -0.432450, 0.893295, 0.520630, -0.284755, -0.846916, -0.449053, 0.088558, 0.950738, -0.309388, -0.019378, 0.238176, 0.000000, 0.000000, 0.000000, 1.000000, -0.032368, -0.065880, -0.997302, 0.118203, -0.997749, -0.056505, 0.036115, 0.026781, -0.058732, 0.996226, -0.063902, -0.006497, 0.000000, 0.000000, 0.000000, 1.000000
-19.7563, -79.5661, 18.8735, 451.6296, 520.6337, 88.5657, 238.1480, 118.2059, 26.7786, -6.4983, 0.284613, 0.846948, 0.449082, -0.079566, -0.950763, 0.309324, 0.019190, 0.018873, -0.122659, -0.432432, 0.893285, 0.451630, 0.000000, 0.000000, 0.000000, 1.000000, -0.122560, -0.432465, 0.893282, 0.520634, -0.284613, -0.846948, -0.449083, 0.088566, 0.950776, -0.309279, -0.019283, 0.238148, 0.000000, 0.000000, 0.000000, 1.000000, -0.032365, -0.065884, -0.997302, 0.118206, -0.997749, -0.056502, 0.036112, 0.026779, -0.058728, 0.996226, -0.063908, -0.006498, 0.000000, 0.000000, 0.000000, 1.000000
-19.7434, -79.5768, 18.9139, 451.6355, 520.6395, 88.5765, 238.1076, 118.2099, 26.7746, -6.5007, 0.284403, 0.846995, 0.449126, -0.079577, -0.950818, 0.309162, 0.019051, 0.018914, -0.122717, -0.432455, 0.893265, 0.451635, 0.000000, 0.000000, 0.000000, 1.000000, -0.122618, -0.432488, 0.893263, 0.520639, -0.284402, -0.846995, -0.449126, 0.088576, 0.950831, -0.309117, -0.019144, 0.238108, 0.000000, 0.000000, 0.000000, 1.000000, -0.032360, -0.065892, -0.997302, 0.118210, -0.997750, -0.056497, 0.036108, 0.026775, -0.058724, 0.996226, -0.063915, -0.006501, 0.000000, 0.000000, 0.000000, 1.000000
-19.7434, -79.5768, 18.9139, 451.6355, 520.6395, 88.5765, 238.1076, 118.2099, 26.7746, -6.5007, 0.284403, 0.846995, 0.449126, -0.079577, -0.950818, 0.309162, 0.019051, 0.018914, -0.122717, -0.432455, 0.893265, 0.451635, 0.000000, 0.000000, 0.000000, 1.000000, -0.122618, -0.432488, 0.893263, 0.520639, -0.284402, -0.846995, -0.449126, 0.088576, 0.950831, -0.309117, -0.019144, 0.238108, 0.000000, 0.000000, 0.000000, 1.000000, -0.032360, -0.065892, -0.997302, 0.118210, -0.997750, -0.056497, 0.036108, 0.026775, -0.058724, 0.996226, -0.063915, -0.006501, 0.000000, 0.000000, 0.000000, 1.000000
-19.7307, -79.5874, 18.9533, 451.6411, 520.6451, 88.5870, 238.0683, 118.2138, 26.7707, -6.5031, 0.284196, 0.847042, 0.449169, -0.079587, -0.950873, 0.309004, 0.018914, 0.018953, -0.122774, -0.432477, 0.893247, 0.451641, 0.000000, 0.000000, 0.000000, 1.000000, -0.122676, -0.432510, 0.893244, 0.520645, -0.284196, -0.847042, -0.449169, 0.088587, 0.950885, -0.308959, -0.019006, 0.238068, 0.000000, 0.000000, 0.000000, 1.000000, -0.032356, -0.065899, -0.997302, 0.118214, -0.997750, -0.056492, 0.036103, 0.026771, -0.058719, 0.996226, -0.063923, -0.006503, 0.000000, 0.000000, 0.000000, 1.000000
-19.7266, -79.5908, 18.9662, 451.6429, 520.6469, 88.5904, 238.0555, 118.2151, 26.7694, -6.5038, 0.284129, 0.847057, 0.449183, -0.079591, -0.950890, 0.308952, 0.018868, 0.018966, -0.122793, -0.432485, 0.893241, 0.451643, 0.000000, 0.000000, 0.000000, 1.000000, -0.122695, -0.432517, 0.893238, 0.520647, -0.284129, -0.847057, -0.449183, 0.088590, 0.950903, -0.308907, -0.018961, 0.238055, 0.000000, 0.000000, 0.000000, 1.000000, -0.032354, -0.065901, -0.997301, 0.118215, -0.997750, -0.056491, 0.036102, 0.026769, -0.058717, 0.996226, -0.063925, -0.006504, 0.000000, 0.000000, 0.000000, 1.000000
-19.7143, -79.6009, 19.0039, 451.6483, 520.6523, 88.6006, 238.0179, 118.2189, 26.7656, -6.5061, 0.283929, 0.847102, 0.449224, -0.079601, -0.950943, 0.308799, 0.018734, 0.019004, -0.122850, -0.432506, 0.893222, 0.451648, 0.000000, 0.000000, 0.000000, 1.000000, -0.122752, -0.432539, 0.893220, 0.520652, -0.283929, -0.847102, -0.449225, 0.088601, 0.950956, -0.308754, -0.018827, 0.238018, 0.000000, 0.000000, 0.000000, 1.000000, -0.032350, -0.065908, -0.997301, 0.118219, -0.997751, -0.056486, 0.036097, 0.026766, -0.058713, 0.996226, -0.063933, -0.006506, 0.000000, 0.000000, 0.000000, 1.000000
-19.7102, -79.6042, 19.0161, 451.6500, 520.6540, 88.6039, 238.0057, 118.2201, 26.7643, -6.5069, 0.283863, 0.847117, 0.449238, -0.079604, -0.950960, 0.308749, 0.018690, 0.019016, -0.122869, -0.432513, 0.893217, 0.451650, 0.000000, 0.000000, 0.000000, 1.000000, -0.122770, -0.432546, 0.893214, 0.520654, -0.283863, -0.847116, -0.449239, 0.088604, 0.950973, -0.308704, -0.018783, 0.238006, 0.000000, 0.000000, 0.000000, 1.000000, -0.032348, -0.065910, -0.997301, 0.118220, -0.997751, -0.056485, 0.036096, 0.026764, -0.058711, 0.996226, -0.063935, -0.006507, 0.000000, 0.000000, 0.000000, 1.000000
-19.7023, -79.6107, 19.0400, 451.6534, 520.6574, 88.6104, 237.9818, 118.2226, 26.7619, -6.5084, 0.283734, 0.847146, 0.449265, -0.079611, -0.950994, 0.308650, 0.018604, 0.019040, -0.122906, -0.432527, 0.893205, 0.451653, 0.000000, 0.000000, 0.000000, 1.000000, -0.122808, -0.432559, 0.893203, 0.520657, -0.283734, -0.847145, -0.449266, 0.088610, 0.951006, -0.308605, -0.018696, 0.237982, 0.000000, 0.000000, 0.000000, 1.000000, -0.032345, -0.065915, -0.997301, 0.118223, -0.997751, -0.056482, 0.036093, 0.026762, -0.058709, 0.996225, -0.063940, -0.006508, 0.000000, 0.000000, 0.000000, 1.000000
-19.6946, -79.6171, 19.0633, 451.6566, 520.6606, 88.6167, 237.9586, 118.2250, 26.7594, -6.5098, 0.283608, 0.847174, 0.449291, -0.079617, -0.951027, 0.308554, 0.018518, 0.019063, -0.122943, -0.432540, 0.893193, 0.451657, 0.000000, 0.000000, 0.000000, 1.000000, -0.122845, -0.432572, 0.893191, 0.520661, -0.283608, -0.847174, -0.449292, 0.088617, 0.951039, -0.308509, -0.018610, 0.237959, 0.000000, 0.000000, 0.000000, 1.000000, -0.032342, -0.065919, -0.997301, 0.118225, -0.997751, -0.056479, 0.036090, 0.026759, -0.058706, 0.996225, -0.063944, -0.006510, 0.000000, 0.000000, 0.000000, 1.000000
-19.6946, -79.6171, 19.0633, 451.6566, 520.6606, 88.6167, 237.9586, 118.2250, 26.7594, -6.5098, 0.283608, 0.847174, 0.449291, -0.079617, -0.951027, 0.308554, 0.018518, 0.019063, -0.122943, -0.432540, 0.893193, 0.451657, 0.000000, 0.000000, 0.000000, 1.000000, -0.122845, -0.432572, 0.893191, 0.520661, -0.283608, -0.847174, -0.449292, 0.088617, 0.951039, -0.308509, -0.018610, 0.237959, 0.000000, 0.000000, 0.000000, 1.000000, -0.032342, -0.065919, -0.997301, 0.118225, -0.997751, -0.056479, 0.036090, 0.026759, -0.058706, 0.996225, -0.063944, -0.006510, 0.000000, 0.000000, 0.000000, 1.000000
-19.6869, -79.6233, 19.0860, 451.6598, 520.6638, 88.6230, 237.9360, 118.2273, 26.7571, -6.5113, 0.283483, 0.847202, 0.449317, -0.079623, -0.951059, 0.308459, 0.018433, 0.019086, -0.122979, -0.432553, 0.893182, 0.451660, 0.000000, 0.000000, 0.000000, 1.000000, -0.122881, -0.432585, 0.893180, 0.520664, -0.283483, -0.847202, -0.449318, 0.088623, 0.951072, -0.308414, -0.018525, 0.237936, 0.000000, 0.000000, 0.000000, 1.000000, -0.032339, -0.065924, -0.997300, 0.118227, -0.997752, -0.056476, 0.036087, 0.026757, -0.058703, 0.996225, -0.063949, -0.006511, 0.000000, 0.000000, 0.000000, 1.000000
-19.6831, -79.6264, 19.0972, 451.6613, 520.6653, 88.6260, 237.9249, 118.2285, 26.7559, -6.5120, 0.283421, 0.847216, 0.449330, -0.079626, -0.951075, 0.308412, 0.018391, 0.019097, -0.122998, -0.432559, 0.893176, 0.451661, 0.000000, 0.000000, 0.000000, 1.000000, -0.122900, -0.432592, 0.893174, 0.520665, -0.283421, -0.847215, -0.449331, 0.088626, 0.951088, -0.308367, -0.018483, 0.237925, 0.000000, 0.000000, 0.000000, 1.000000, -0.032338, -0.065926, -0.997300, 0.118229, -0.997752, -0.056475, 0.036086, 0.026756, -0.058701, 0.996225, -0.063951, -0.006512, 0.000000, 0.000000, 0.000000, 1.000000
-19.6719, -79.6355, 19.1297, 451.6657, 520.6697, 88.6351, 237.8924, 118.2320, 26.7524, -6.5141, 0.283238, 0.847257, 0.449368, -0.079635, -0.951122, 0.308273, 0.018265, 0.019130, -0.123053, -0.432578, 0.893160, 0.451666, 0.000000, 0.000000, 0.000000, 1.000000, -0.122956, -0.432610, 0.893158, 0.520670, -0.283238, -0.847256, -0.449369, 0.088635, 0.951135, -0.308229, -0.018357, 0.237892, 0.000000, 0.000000, 0.000000, 1.000000, -0.032334, -0.065932, -0.997300, 0.118232, -0.997752, -0.056471, 0.036082, 0.026752, -0.058697, 0.996225, -0.063958, -0.006514, 0.000000, 0.000000, 0.000000, 1.000000
-19.6682, -79.6385, 19.1404, 451.6672, 520.6711, 88.6381, 237.8818, 118.2332, 26.7512, -6.5148, 0.283178, 0.847270, 0.449381, -0.079638, -0.951138, 0.308228, 0.018223, 0.019140, -0.123072, -0.432584, 0.893154, 0.451667, 0.000000, 0.000000, 0.000000, 1.000000, -0.122974, -0.432616, 0.893152, 0.520671, -0.283178, -0.847270, -0.449382, 0.088638, 0.951151, -0.308183, -0.018315, 0.237882, 0.000000, 0.000000, 0.000000, 1.000000, -0.032332, -0.065934, -0.997300, 0.118233, -0.997752, -0.056469, 0.036080, 0.026751, -0.058696, 0.996225, -0.063960, -0.006515, 0.000000, 0.000000, 0.000000, 1.000000
