# Joint_6_Angle(deg), Cam_X(mm), Cam_Y(mm), Cam_Z(mm), Torso_X(mm), Torso_Y(mm), Torso_Z(mm), EE_X(mm), EE_Y(mm), EE_Z(mm), T_cam2marker_flat(16), T_torso2marker_flat(16), T_ee2marker_flat(16)
-29.9997, 55.3039, -33.7094, 197.6307, 219.6409, -55.3043, 233.7225, 135.0077, 18.2464, 65.3336, 0.893459, 0.413705, 0.174867, 0.055304, -0.437442, 0.889815, 0.129897, -0.033709, -0.101860, -0.192552, 0.975986, 0.197631, 0.000000, 0.000000, 0.000000, 1.000000, -0.101728, -0.192824, 0.975946, 0.219641, -0.893459, -0.413705, -0.174868, -0.055304, 0.437473, -0.889757, -0.130195, 0.233723, 0.000000, 0.000000, 0.000000, 1.000000, -0.084210, -0.001122, -0.996447, 0.135008, -0.995859, -0.034295, 0.084199, 0.018246, -0.034267, 0.999411, 0.001771, 0.065334, 0.000000, 0.000000, 0.000000, 1.000000
-29.9999, 55.3034, -33.7047, 197.6344, 219.6446, -55.3038, 233.7178, 135.0068, 18.2469, 65.3342, 0.893460, 0.413704, 0.174866, 0.055303, -0.437442, 0.889813, 0.129914, -0.033705, -0.101852, -0.192567, 0.975984, 0.197634, 0.000000, 0.000000, 0.000000, 1.000000, -0.101720, -0.192839, 0.975944, 0.219645, -0.893460, -0.413704, -0.174868, -0.055304, 0.437473, -0.889754, -0.130212, 0.233718, 0.000000, 0.000000, 0.000000, 1.000000, -0.084211, -0.001122, -0.996447, 0.135007, -0.995859, -0.034295, 0.084199, 0.018247, -0.034267, 0.999411, 0.001771, 0.065334, 0.000000, 0.000000, 0.000000, 1.000000
-30.0002, 55.3031, -33.7011, 197.6373, 219.6475, -55.3035, 233.7141, 135.0060, 18.2472, 65.3346, 0.893461, 0.413703, 0.174866, 0.055303, -0.437442, 0.889811, 0.129927, -0.033701, -0.101846, -0.192578, 0.975982, 0.197637, 0.000000, 0.000000, 0.000000, 1.000000, -0.101714, -0.192851, 0.975942, 0.219647, -0.893461, -0.413702, -0.174868, -0.055304, 0.437473, -0.889752, -0.130225, 0.233714, 0.000000, 0.000000, 0.000000, 1.000000, -0.084211, -0.001121, -0.996447, 0.135006, -0.995859, -0.034295, 0.084199, 0.018247, -0.034267, 0.999411, 0.001771, 0.065335, 0.000000, 0.000000, 0.000000, 1.000000
-30.0003, 55.3031, -33.6997, 197.6384, 219.6486, -55.3034, 233.7127, 135.0057, 18.2473, 65.3347, 0.893461, 0.413702, 0.174866, 0.055303, -0.437441, 0.889811, 0.129932, -0.033700, -0.101844, -0.192583, 0.975981, 0.197638, 0.000000, 0.000000, 0.000000, 1.000000, -0.101712, -0.192856, 0.975941, 0.219649, -0.893461, -0.413701, -0.174867, -0.055303, 0.437472, -0.889752, -0.130231, 0.233713, 0.000000, 0.000000, 0.000000, 1.000000, -0.084211, -0.001121, -0.996447, 0.135006, -0.995859, -0.034295, 0.084199, 0.018247, -0.034268, 0.999411, 0.001771, 0.065335, 0.000000, 0.000000, 0.000000, 1.000000
-30.0005, 55.3031, -33.6976, 197.6402, 219.6504, -55.3034, 233.7105, 135.0053, 18.2473, 65.3350, 0.893462, 0.413699, 0.174866, 0.055303, -0.437440, 0.889810, 0.129940, -0.033698, -0.101841, -0.192590, 0.975980, 0.197640, 0.000000, 0.000000, 0.000000, 1.000000, -0.101709, -0.192863, 0.975940, 0.219650, -0.893462, -0.413699, -0.174867, -0.055303, 0.437471, -0.889751, -0.130239, 0.233711, 0.000000, 0.000000, 0.000000, 1.000000, -0.084211, -0.001121, -0.996447, 0.135005, -0.995859, -0.034295, 0.084199, 0.018247, -0.034268, 0.999411, 0.001772, 0.065335, 0.000000, 0.000000, 0.000000, 1.000000
-30.0007, 55.3032, -33.6965, 197.6413, 219.6516, -55.3036, 233.7093, 135.0050, 18.2473, 65.3352, 0.893464, 0.413696, 0.174866, 0.055303, -0.437437, 0.889811, 0.129945, -0.033696, -0.101840, -0.192594, 0.975980, 0.197641, 0.000000, 0.000000, 0.000000, 1.000000, -0.101707, -0.192867, 0.975939, 0.219652, -0.893463, -0.413696, -0.174868, -0.055304, 0.437469, -0.889752, -0.130244, 0.233709, 0.000000, 0.000000, 0.000000, 1.000000, -0.084211, -0.001121, -0.996447, 0.135005, -0.995859, -0.034295, 0.084199, 0.018247, -0.034268, 0.999411, 0.001772, 0.065335, 0.000000, 0.000000, 0.000000, 1.000000
-30.0007, 55.3032, -33.6965, 197.6413, 219.6516, -55.3036, 233.7093, 135.0050, 18.2473, 65.3352, 0.893464, 0.413696, 0.174866, 0.055303, -0.437437, 0.889811, 0.129945, -0.033696, -0.101840, -0.192594, 0.975980, 0.197641, 0.000000, 0.000000, 0.000000, 1.000000, -0.101707, -0.192867, 0.975939, 0.219652, -0.893463, -0.413696, -0.174868, -0.055304, 0.437469, -0.889752, -0.130244, 0.233709, 0.000000, 0.000000, 0.000000, 1.000000, -0.084211, -0.001121, -0.996447, 0.135005, -0.995859, -0.034295, 0.084199, 0.018247, -0.034268, 0.999411, 0.001772, 0.065335, 0.000000, 0.000000, 0.000000, 1.000000
-30.0009, 55.3035, -33.6961, 197.6418, 219.6520, -55.3039, 233.7090, 135.0048, 18.2471, 65.3353, 0.893465, 0.413694, 0.174866, 0.055304, -0.437435, 0.889812, 0.129947, -0.033696, -0.101840, -0.192595, 0.975979, 0.197642, 0.000000, 0.000000, 0.000000, 1.000000, -0.101707, -0.192869, 0.975939, 0.219652, -0.893465, -0.413693, -0.174868, -0.055304, 0.437466, -0.889752, -0.130246, 0.233709, 0.000000, 0.000000, 0.000000, 1.000000, -0.084211, -0.001121, -0.996447, 0.135005, -0.995859, -0.034295, 0.084199, 0.018247, -0.034268, 0.999411, 0.001772, 0.065335, 0.000000, 0.000000, 0.000000, 1.000000
-30.0010, 55.3039, -33.6966, 197.6417, 219.6519, -55.3042, 233.7094, 135.0048, 18.2469, 65.3353, 0.893466, 0.413692, 0.174867, 0.055304, -0.437433, 0.889813, 0.129946, -0.033697, -0.101841, -0.192594, 0.975979, 0.197642, 0.000000, 0.000000, 0.000000, 1.000000, -0.101708, -0.192868, 0.975939, 0.219652, -0.893466, -0.413691, -0.174868, -0.055304, 0.437464, -0.889754, -0.130245, 0.233709, 0.000000, 0.000000, 0.000000, 1.000000, -0.084211, -0.001120, -0.996447, 0.135005, -0.995859, -0.034295, 0.084199, 0.018247, -0.034268, 0.999411, 0.001772, 0.065335, 0.000000, 0.000000, 0.000000, 1.000000
-30.0010, 55.3040, -33.6976, 197.6411, 219.6513, -55.3044, 233.7104, 135.0050, 18.2468, 65.3352, 0.893466, 0.413691, 0.174867, 0.055304, -0.437432, 0.889814, 0.129942, -0.033698, -0.101843, -0.192591, 0.975980, 0.197641, 0.000000, 0.000000, 0.000000, 1.000000, -0.101710, -0.192865, 0.975940, 0.219651, -0.893466, -0.413691, -0.174869, -0.055304, 0.437463, -0.889754, -0.130242, 0.233710, 0.000000, 0.000000, 0.000000, 1.000000, -0.084211, -0.001120, -0.996447, 0.135005, -0.995859, -0.034295, 0.084199, 0.018247, -0.034268, 0.999411, 0.001772, 0.065335, 0.000000, 0.000000, 0.000000, 1.000000
-30.0008, 55.3039, -33.6991, 197.6400, 219.6502, -55.3043, 233.7119, 135.0054, 18.2468, 65.3350, 0.893464, 0.413694, 0.174868, 0.055304, -0.437435, 0.889813, 0.129937, -0.033699, -0.101846, -0.192587, 0.975980, 0.197640, 0.000000, 0.000000, 0.000000, 1.000000, -0.101713, -0.192861, 0.975940, 0.219650, -0.893464, -0.413694, -0.174869, -0.055304, 0.437466, -0.889754, -0.130236, 0.233712, 0.000000, 0.000000, 0.000000, 1.000000, -0.084211, -0.001121, -0.996447, 0.135005, -0.995859, -0.034295, 0.084199, 0.018247, -0.034268, 0.999411, 0.001772, 0.065335, 0.000000, 0.000000, 0.000000, 1.000000
-30.0008, 55.3039, -33.6991, 197.6400, 219.6502, -55.3043, 233.7119, 135.0054, 18.2468, 65.3350, 0.893464, 0.413694, 0.174868, 0.055304, -0.437435, 0.889813, 0.129937, -0.033699, -0.101846, -0.192587, 0.975980, 0.197640, 0.000000, 0.000000, 0.000000, 1.000000, -0.101713, -0.192861, 0.975940, 0.219650, -0.893464, -0.413694, -0.174869, -0.055304, 0.437466, -0.889754, -0.130236, 0.233712, 0.000000, 0.000000, 0.000000, 1.000000, -0.084211, -0.001121, -0.996447, 0.135005, -0.995859, -0.034295, 0.084199, 0.018247, -0.034268, 0.999411, 0.001772, 0.065335, 0.000000, 0.000000, 0.000000, 1.000000
-29.9998, 55.3028, -33.7019, 197.6377, 219.6479, -55.3031, 233.7146, 135.0062, 18.2474, 65.3345, 0.893458, 0.413707, 0.174869, 0.055303, -0.437446, 0.889809, 0.129924, -0.033702, -0.101849, -0.192578, 0.975982, 0.197638, 0.000000, 0.000000, 0.000000, 1.000000, -0.101716, -0.192852, 0.975942, 0.219648, -0.893458, -0.413707, -0.174870, -0.055303, 0.437478, -0.889750, -0.130224, 0.233715, 0.000000, 0.000000, 0.000000, 1.000000, -0.084211, -0.001122, -0.996447, 0.135006, -0.995859, -0.034295, 0.084199, 0.018247, -0.034268, 0.999411, 0.001771, 0.065334, 0.000000, 0.000000, 0.000000, 1.000000
-29.9993, 55.3021, -33.7028, 197.6368, 219.6470, -55.3024, 233.7155, 135.0065, 18.2478, 65.3342, 0.893455, 0.413714, 0.174869, 0.055302, -0.437453, 0.889807, 0.129920, -0.033703, -0.101850, -0.192574, 0.975982, 0.197637, 0.000000, 0.000000, 0.000000, 1.000000, -0.101717, -0.192848, 0.975942, 0.219647, -0.893455, -0.413714, -0.174871, -0.055302, 0.437484, -0.889747, -0.130220, 0.233716, 0.000000, 0.000000, 0.000000, 1.000000, -0.084211, -0.001123, -0.996447, 0.135007, -0.995859, -0.034295, 0.084199, 0.018248, -0.034268, 0.999411, 0.001770, 0.065334, 0.000000, 0.000000, 0.000000, 1.000000
-29.9971, 55.2977, -33.7006, 197.6374, 219.6477, -55.2980, 233.7132, 135.0069, 18.2504, 65.3338, 0.893439, 0.413749, 0.174869, 0.055298, -0.437487, 0.889790, 0.129920, -0.033701, -0.101842, -0.192578, 0.975982, 0.197637, 0.000000, 0.000000, 0.000000, 1.000000, -0.101709, -0.192853, 0.975942, 0.219648, -0.893439, -0.413748, -0.174871, -0.055298, 0.437519, -0.889730, -0.130220, 0.233713, 0.000000, 0.000000, 0.000000, 1.000000, -0.084211, -0.001126, -0.996447, 0.135007, -0.995859, -0.034295, 0.084200, 0.018250, -0.034268, 0.999411, 0.001767, 0.065334, 0.000000, 0.000000, 0.000000, 1.000000
-29.9971, 55.2977, -33.7006, 197.6374, 219.6477, -55.2980, 233.7132, 135.0069, 18.2504, 65.3338, 0.893439, 0.413749, 0.174869, 0.055298, -0.437487, 0.889790, 0.129920, -0.033701, -0.101842, -0.192578, 0.975982, 0.197637, 0.000000, 0.000000, 0.000000, 1.000000, -0.101709, -0.192853, 0.975942, 0.219648, -0.893439, -0.413748, -0.174871, -0.055298, 0.437519, -0.889730, -0.130220, 0.233713, 0.000000, 0.000000, 0.000000, 1.000000, -0.084211, -0.001126, -0.996447, 0.135007, -0.995859, -0.034295, 0.084200, 0.018250, -0.034268, 0.999411, 0.001767, 0.065334, 0.000000, 0.000000, 0.000000, 1.000000
-29.9937, 55.2906, -33.6961, 197.6391, 219.6493, -55.2910, 233.7086, 135.0074, 18.2546, 65.3331, 0.893414, 0.413803, 0.174869, 0.055291, -0.437542, 0.889762, 0.129923, -0.033696, -0.101829, -0.192588, 0.975982, 0.197639, 0.000000, 0.000000, 0.000000, 1.000000, -0.101696, -0.192863, 0.975942, 0.219649, -0.893413, -0.413803, -0.174871, -0.055291, 0.437573, -0.889703, -0.130224, 0.233709, 0.000000, 0.000000, 0.000000, 1.000000, -0.084211, -0.001131, -0.996447, 0.135007, -0.995859, -0.034295, 0.084200, 0.018255, -0.034268, 0.999411, 0.001762, 0.065333, 0.000000, 0.000000, 0.000000, 1.000000
-29.9905, 55.2844, -33.6932, 197.6397, 219.6500, -55.2848, 233.7057, 135.0080, 18.2583, 65.3324, 0.893391, 0.413852, 0.174869, 0.055284, -0.437590, 0.889739, 0.129923, -0.033693, -0.101819, -0.192593, 0.975982, 0.197640, 0.000000, 0.000000, 0.000000, 1.000000, -0.101685, -0.192868, 0.975942, 0.219650, -0.893391, -0.413851, -0.174871, -0.055285, 0.437622, -0.889679, -0.130224, 0.233706, 0.000000, 0.000000, 0.000000, 1.000000, -0.084211, -0.001136, -0.996447, 0.135008, -0.995859, -0.034294, 0.084200, 0.018258, -0.034268, 0.999411, 0.001757, 0.065332, 0.000000, 0.000000, 0.000000, 1.000000
-29.9905, 55.2844, -33.6932, 197.6397, 219.6500, -55.2848, 233.7057, 135.0080, 18.2583, 65.3324, 0.893391, 0.413852, 0.174869, 0.055284, -0.437590, 0.889739, 0.129923, -0.033693, -0.101819, -0.192593, 0.975982, 0.197640, 0.000000, 0.000000, 0.000000, 1.000000, -0.101685, -0.192868, 0.975942, 0.219650, -0.893391, -0.413851, -0.174871, -0.055285, 0.437622, -0.889679, -0.130224, 0.233706, 0.000000, 0.000000, 0.000000, 1.000000, -0.084211, -0.001136, -0.996447, 0.135008, -0.995859, -0.034294, 0.084200, 0.018258, -0.034268, 0.999411, 0.001757, 0.065332, 0.000000, 0.000000, 0.000000, 1.000000
-29.9844, 55.2725, -33.6887, 197.6400, 219.6503, -55.2729, 233.7010, 135.0095, 18.2654, 65.3308, 0.893347, 0.413947, 0.174869, 0.055273, -0.437685, 0.889693, 0.129918, -0.033689, -0.101801, -0.192599, 0.975983, 0.197640, 0.000000, 0.000000, 0.000000, 1.000000, -0.101667, -0.192875, 0.975942, 0.219650, -0.893347, -0.413947, -0.174871, -0.055273, 0.437716, -0.889633, -0.130219, 0.233701, 0.000000, 0.000000, 0.000000, 1.000000, -0.084211, -0.001145, -0.996447, 0.135009, -0.995859, -0.034294, 0.084200, 0.018265, -0.034269, 0.999411, 0.001748, 0.065331, 0.000000, 0.000000, 0.000000, 1.000000
-29.9819, 55.2678, -33.6870, 197.6400, 219.6503, -55.2681, 233.6994, 135.0101, 18.2682, 65.3302, 0.893329, 0.413985, 0.174869, 0.055268, -0.437723, 0.889675, 0.129915, -0.033687, -0.101794, -0.192601, 0.975983, 0.197640, 0.000000, 0.000000, 0.000000, 1.000000, -0.101660, -0.192877, 0.975942, 0.219650, -0.893329, -0.413985, -0.174871, -0.055268, 0.437754, -0.889615, -0.130217, 0.233699, 0.000000, 0.000000, 0.000000, 1.000000, -0.084211, -0.001148, -0.996447, 0.135010, -0.995859, -0.034294, 0.084200, 0.018268, -0.034269, 0.999411, 0.001744, 0.065330, 0.000000, 0.000000, 0.000000, 1.000000
-29.9792, 55.2626, -33.6853, 197.6400, 219.6503, -55.2630, 233.6976, 135.0108, 18.2712, 65.3295, 0.893310, 0.414027, 0.174869, 0.055263, -0.437764, 0.889655, 0.129912, -0.033685, -0.101786, -0.192603, 0.975983, 0.197640, 0.000000, 0.000000, 0.000000, 1.000000, -0.101653, -0.192879, 0.975943, 0.219650, -0.893310, -0.414027, -0.174871, -0.055263, 0.437795, -0.889595, -0.130214, 0.233698, 0.000000, 0.000000, 0.000000, 1.000000, -0.084211, -0.001152, -0.996447, 0.135011, -0.995859, -0.034294, 0.084201, 0.018271, -0.034269, 0.999411, 0.001740, 0.065329, 0.000000, 0.000000, 0.000000, 1.000000
-29.9697, 55.2446, -33.6795, 197.6396, 219.6499, -55.2449, 233.6917, 135.0132, 18.2819, 65.3270, 0.893242, 0.414173, 0.174870, 0.055245, -0.437908, 0.889586, 0.129900, -0.033679, -0.101761, -0.192609, 0.975985, 0.197640, 0.000000, 0.000000, 0.000000, 1.000000, -0.101627, -0.192885, 0.975944, 0.219650, -0.893242, -0.414172, -0.174872, -0.055245, 0.437939, -0.889526, -0.130202, 0.233692, 0.000000, 0.000000, 0.000000, 1.000000, -0.084211, -0.001166, -0.996447, 0.135013, -0.995858, -0.034293, 0.084201, 0.018282, -0.034269, 0.999411, 0.001727, 0.065327, 0.000000, 0.000000, 0.000000, 1.000000
-29.9697, 55.2446, -33.6795, 197.6396, 219.6499, -55.2449, 233.6917, 135.0132, 18.2819, 65.3270, 0.893242, 0.414173, 0.174870, 0.055245, -0.437908, 0.889586, 0.129900, -0.033679, -0.101761, -0.192609, 0.975985, 0.197640, 0.000000, 0.000000, 0.000000, 1.000000, -0.101627, -0.192885, 0.975944, 0.219650, -0.893242, -0.414172, -0.174872, -0.055245, 0.437939, -0.889526, -0.130202, 0.233692, 0.000000, 0.000000, 0.000000, 1.000000, -0.084211, -0.001166, -0.996447, 0.135013, -0.995858, -0.034293, 0.084201, 0.018282, -0.034269, 0.999411, 0.001727, 0.065327, 0.000000, 0.000000, 0.000000, 1.000000
-29.9581, 55.2223, -33.6724, 197.6391, 219.6494, -55.2227, 233.6845, 135.0162, 18.2950, 65.3240, 0.893159, 0.414352, 0.174870, 0.055222, -0.438085, 0.889501, 0.129885, -0.033672, -0.101729, -0.192616, 0.975987, 0.197639, 0.000000, 0.000000, 0.000000, 1.000000, -0.101595, -0.192893, 0.975946, 0.219649, -0.893159, -0.414352, -0.174872, -0.055223, 0.438116, -0.889441, -0.130188, 0.233685, 0.000000, 0.000000, 0.000000, 1.000000, -0.084211, -0.001183, -0.996447, 0.135016, -0.995858, -0.034292, 0.084202, 0.018295, -0.034270, 0.999411, 0.001710, 0.065324, 0.000000, 0.000000, 0.000000, 1.000000
-29.9537, 55.2139, -33.6696, 197.6389, 219.6492, -55.2143, 233.6818, 135.0173, 18.2999, 65.3228, 0.893128, 0.414419, 0.174870, 0.055214, -0.438152, 0.889469, 0.129880, -0.033670, -0.101717, -0.192619, 0.975987, 0.197639, 0.000000, 0.000000, 0.000000, 1.000000, -0.101583, -0.192896, 0.975947, 0.219649, -0.893127, -0.414419, -0.174872, -0.055214, 0.438183, -0.889409, -0.130183, 0.233682, 0.000000, 0.000000, 0.000000, 1.000000, -0.084211, -0.001190, -0.996447, 0.135017, -0.995858, -0.034292, 0.084202, 0.018300, -0.034270, 0.999411, 0.001703, 0.065323, 0.000000, 0.000000, 0.000000, 1.000000
-29.9442, 55.1957, -33.6636, 197.6385, 219.6489, -55.1960, 233.6757, 135.0198, 18.3107, 65.3203, 0.893059, 0.414567, 0.174871, 0.055196, -0.438297, 0.889399, 0.129868, -0.033664, -0.101691, -0.192625, 0.975989, 0.197639, 0.000000, 0.000000, 0.000000, 1.000000, -0.101556, -0.192902, 0.975948, 0.219649, -0.893059, -0.414566, -0.174872, -0.055196, 0.438328, -0.889339, -0.130171, 0.233676, 0.000000, 0.000000, 0.000000, 1.000000, -0.084211, -0.001204, -0.996447, 0.135020, -0.995858, -0.034291, 0.084203, 0.018311, -0.034271, 0.999411, 0.001689, 0.065320, 0.000000, 0.000000, 0.000000, 1.000000
-29.9442, 55.1957, -33.6636, 197.6385, 219.6489, -55.1960, 233.6757, 135.0198, 18.3107, 65.3203, 0.893059, 0.414567, 0.174871, 0.055196, -0.438297, 0.889399, 0.129868, -0.033664, -0.101691, -0.192625, 0.975989, 0.197639, 0.000000, 0.000000, 0.000000, 1.000000, -0.101556, -0.192902, 0.975948, 0.219649, -0.893059, -0.414566, -0.174872, -0.055196, 0.438328, -0.889339, -0.130171, 0.233676, 0.000000, 0.000000, 0.000000, 1.000000, -0.084211, -0.001204, -0.996447, 0.135020, -0.995858, -0.034291, 0.084203, 0.018311, -0.034271, 0.999411, 0.001689, 0.065320, 0.000000, 0.000000, 0.000000, 1.000000
-29.9279, 55.1644, -33.6528, 197.6382, 219.6485, -55.1648, 233.6649, 135.0238, 18.3291, 65.3161, 0.892943, 0.414818, 0.174871, 0.055164, -0.438545, 0.889279, 0.129850, -0.033653, -0.101645, -0.192638, 0.975991, 0.197638, 0.000000, 0.000000, 0.000000, 1.000000, -0.101510, -0.192915, 0.975951, 0.219649, -0.892942, -0.414817, -0.174873, -0.055165, 0.438577, -0.889219, -0.130153, 0.233665, 0.000000, 0.000000, 0.000000, 1.000000, -0.084211, -0.001227, -0.996447, 0.135024, -0.995858, -0.034290, 0.084203, 0.018329, -0.034272, 0.999411, 0.001665, 0.065316, 0.000000, 0.000000, 0.000000, 1.000000
-29.9219, 55.1530, -33.6487, 197.6382, 219.6485, -55.1533, 233.6608, 135.0253, 18.3359, 65.3146, 0.892900, 0.414910, 0.174871, 0.055153, -0.438636, 0.889235, 0.129844, -0.033649, -0.101628, -0.192642, 0.975992, 0.197638, 0.000000, 0.000000, 0.000000, 1.000000, -0.101493, -0.192919, 0.975951, 0.219649, -0.892900, -0.414909, -0.174873, -0.055153, 0.438668, -0.889175, -0.130147, 0.233661, 0.000000, 0.000000, 0.000000, 1.000000, -0.084211, -0.001236, -0.996447, 0.135025, -0.995858, -0.034290, 0.084204, 0.018336, -0.034272, 0.999411, 0.001657, 0.065315, 0.000000, 0.000000, 0.000000, 1.000000
-29.9157, 55.1410, -33.6444, 197.6382, 219.6485, -55.1414, 233.6565, 135.0268, 18.3430, 65.3130, 0.892855, 0.415005, 0.174871, 0.055141, -0.438731, 0.889189, 0.129838, -0.033644, -0.101610, -0.192648, 0.975993, 0.197638, 0.000000, 0.000000, 0.000000, 1.000000, -0.101475, -0.192925, 0.975952, 0.219649, -0.892855, -0.415005, -0.174873, -0.055141, 0.438762, -0.889129, -0.130141, 0.233656, 0.000000, 0.000000, 0.000000, 1.000000, -0.084211, -0.001245, -0.996447, 0.135027, -0.995858, -0.034290, 0.084204, 0.018343, -0.034273, 0.999411, 0.001647, 0.065313, 0.000000, 0.000000, 0.000000, 1.000000
-29.8883, 55.0881, -33.6246, 197.6387, 219.6491, -55.0885, 233.6367, 135.0334, 18.3742, 65.3060, 0.892659, 0.415428, 0.174871, 0.055088, -0.439150, 0.888986, 0.129813, -0.033625, -0.101530, -0.192673, 0.975996, 0.197639, 0.000000, 0.000000, 0.000000, 1.000000, -0.101395, -0.192950, 0.975956, 0.219649, -0.892658, -0.415428, -0.174873, -0.055088, 0.439181, -0.888926, -0.130116, 0.233637, 0.000000, 0.000000, 0.000000, 1.000000, -0.084211, -0.001285, -0.996447, 0.135033, -0.995858, -0.034288, 0.084206, 0.018374, -0.034274, 0.999411, 0.001607, 0.065306, 0.000000, 0.000000, 0.000000, 1.000000
-29.8732, 55.0588, -33.6132, 197.6394, 219.6497, -55.0591, 233.6252, 135.0369, 18.3916, 65.3022, 0.892550, 0.415662, 0.174871, 0.055059, -0.439381, 0.888873, 0.129801, -0.033613, -0.101485, -0.192689, 0.975998, 0.197639, 0.000000, 0.000000, 0.000000, 1.000000, -0.101350, -0.192966, 0.975957, 0.219650, -0.892549, -0.415662, -0.174873, -0.055059, 0.439413, -0.888813, -0.130104, 0.233625, 0.000000, 0.000000, 0.000000, 1.000000, -0.084211, -0.001308, -0.996447, 0.135037, -0.995858, -0.034287, 0.084207, 0.018392, -0.034275, 0.999411, 0.001585, 0.065302, 0.000000, 0.000000, 0.000000, 1.000000
-29.8732, 55.0588, -33.6132, 197.6394, 219.6497, -55.0591, 233.6252, 135.0369, 18.3916, 65.3022, 0.892550, 0.415662, 0.174871, 0.055059, -0.439381, 0.888873, 0.129801, -0.033613, -0.101485, -0.192689, 0.975998, 0.197639, 0.000000, 0.000000, 0.000000, 1.000000, -0.101350, -0.192966, 0.975957, 0.219650, -0.892549, -0.415662, -0.174873, -0.055059, 0.439413, -0.888813, -0.130104, 0.233625, 0.000000, 0.000000, 0.000000, 1.000000, -0.084211, -0.001308, -0.996447, 0.135037, -0.995858, -0.034287, 0.084207, 0.018392, -0.034275, 0.999411, 0.001585, 0.065302, 0.000000, 0.000000, 0.000000, 1.000000
-29.8487, 55.0113, -33.5940, 197.6409, 219.6512, -55.0116, 233.6060, 135.0425, 18.4197, 65.2961, 0.892373, 0.416041, 0.174871, 0.055011, -0.439756, 0.888690, 0.129783, -0.033594, -0.101411, -0.192716, 0.976000, 0.197641, 0.000000, 0.000000, 0.000000, 1.000000, -0.101276, -0.192992, 0.975960, 0.219651, -0.892373, -0.416040, -0.174872, -0.055012, 0.439788, -0.888631, -0.130087, 0.233606, 0.000000, 0.000000, 0.000000, 1.000000, -0.084211, -0.001344, -0.996447, 0.135043, -0.995858, -0.034285, 0.084208, 0.018420, -0.034276, 0.999411, 0.001549, 0.065296, 0.000000, 0.000000, 0.000000, 1.000000
-29.8487, 55.0113, -33.5940, 197.6409, 219.6512, -55.0116, 233.6060, 135.0425, 18.4197, 65.2961, 0.892373, 0.416041, 0.174871, 0.055011, -0.439756, 0.888690, 0.129783, -0.033594, -0.101411, -0.192716, 0.976000, 0.197641, 0.000000, 0.000000, 0.000000, 1.000000, -0.101276, -0.192992, 0.975960, 0.219651, -0.892373, -0.416040, -0.174872, -0.055012, 0.439788, -0.888631, -0.130087, 0.233606, 0.000000, 0.000000, 0.000000, 1.000000, -0.084211, -0.001344, -0.996447, 0.135043, -0.995858, -0.034285, 0.084208, 0.018420, -0.034276, 0.999411, 0.001549, 0.065296, 0.000000, 0.000000, 0.000000, 1.000000
-29.8224, 54.9598, -33.5724, 197.6431, 219.6534, -54.9602, 233.5845, 135.0484, 18.4502, 65.2896, 0.892183, 0.416449, 0.174870, 0.054960, -0.440161, 0.888492, 0.129767, -0.033572, -0.101329, -0.192747, 0.976003, 0.197643, 0.000000, 0.000000, 0.000000, 1.000000, -0.101194, -0.193024, 0.975962, 0.219653, -0.892183, -0.416449, -0.174872, -0.054960, 0.440193, -0.888432, -0.130071, 0.233584, 0.000000, 0.000000, 0.000000, 1.000000, -0.084212, -0.001383, -0.996447, 0.135048, -0.995858, -0.034283, 0.084209, 0.018450, -0.034278, 0.999411, 0.001510, 0.065290, 0.000000, 0.000000, 0.000000, 1.000000
-29.8132, 54.9418, -33.5647, 197.6440, 219.6543, -54.9422, 233.5768, 135.0504, 18.4608, 65.2874, 0.892117, 0.416592, 0.174870, 0.054942, -0.440303, 0.888423, 0.129762, -0.033565, -0.101300, -0.192759, 0.976003, 0.197644, 0.000000, 0.000000, 0.000000, 1.000000, -0.101165, -0.193035, 0.975963, 0.219654, -0.892116, -0.416591, -0.174872, -0.054942, 0.440334, -0.888363, -0.130066, 0.233577, 0.000000, 0.000000, 0.000000, 1.000000, -0.084212, -0.001396, -0.996447, 0.135050, -0.995858, -0.034283, 0.084210, 0.018461, -0.034279, 0.999411, 0.001497, 0.065287, 0.000000, 0.000000, 0.000000, 1.000000
-29.7942, 54.9047, -33.5486, 197.6461, 219.6564, -54.9051, 233.5606, 135.0545, 18.4828, 65.2827, 0.891979, 0.416886, 0.174869, 0.054905, -0.440594, 0.888280, 0.129753, -0.033549, -0.101241, -0.192783, 0.976005, 0.197646, 0.000000, 0.000000, 0.000000, 1.000000, -0.101105, -0.193060, 0.975964, 0.219656, -0.891979, -0.416885, -0.174871, -0.054905, 0.440625, -0.888220, -0.130056, 0.233561, 0.000000, 0.000000, 0.000000, 1.000000, -0.084212, -0.001424, -0.996447, 0.135055, -0.995858, -0.034282, 0.084211, 0.018483, -0.034280, 0.999411, 0.001469, 0.065283, 0.000000, 0.000000, 0.000000, 1.000000
-29.7745, 54.8662, -33.5314, 197.6484, 219.6587, -54.8665, 233.5435, 135.0587, 18.5057, 65.2780, 0.891837, 0.417191, 0.174868, 0.054866, -0.440897, 0.888131, 0.129744, -0.033531, -0.101178, -0.192810, 0.976006, 0.197648, 0.000000, 0.000000, 0.000000, 1.000000, -0.101043, -0.193086, 0.975965, 0.219659, -0.891837, -0.417190, -0.174870, -0.054867, 0.440928, -0.888071, -0.130047, 0.233543, 0.000000, 0.000000, 0.000000, 1.000000, -0.084212, -0.001453, -0.996447, 0.135059, -0.995858, -0.034280, 0.084212, 0.018506, -0.034281, 0.999411, 0.001440, 0.065278, 0.000000, 0.000000, 0.000000, 1.000000
-29.7745, 54.8662, -33.5314, 197.6484, 219.6587, -54.8665, 233.5435, 135.0587, 18.5057, 65.2780, 0.891837, 0.417191, 0.174868, 0.054866, -0.440897, 0.888131, 0.129744, -0.033531, -0.101178, -0.192810, 0.976006, 0.197648, 0.000000, 0.000000, 0.000000, 1.000000, -0.101043, -0.193086, 0.975965, 0.219659, -0.891837, -0.417190, -0.174870, -0.054867, 0.440928, -0.888071, -0.130047, 0.233543, 0.000000, 0.000000, 0.000000, 1.000000, -0.084212, -0.001453, -0.996447, 0.135059, -0.995858, -0.034280, 0.084212, 0.018506, -0.034281, 0.999411, 0.001440, 0.065278, 0.000000, 0.000000, 0.000000, 1.000000
-29.7438, 54.8058, -33.5039, 197.6526, 219.6629, -54.8061, 233.5160, 135.0652, 18.5415, 65.2705, 0.891614, 0.417667, 0.174867, 0.054806, -0.441370, 0.887897, 0.129733, -0.033504, -0.101079, -0.192853, 0.976008, 0.197653, 0.000000, 0.000000, 0.000000, 1.000000, -0.100943, -0.193130, 0.975967, 0.219663, -0.891614, -0.417667, -0.174869, -0.054806, 0.441402, -0.887837, -0.130036, 0.233516, 0.000000, 0.000000, 0.000000, 1.000000, -0.084212, -0.001499, -0.996447, 0.135065, -0.995858, -0.034278, 0.084214, 0.018542, -0.034283, 0.999411, 0.001394, 0.065271, 0.000000, 0.000000, 0.000000, 1.000000
-29.7333, 54.7850, -33.4943, 197.6542, 219.6645, -54.7854, 233.5064, 135.0674, 18.5538, 65.2680, 0.891537, 0.417831, 0.174867, 0.054785, -0.441533, 0.887817, 0.129730, -0.033494, -0.101044, -0.192869, 0.976008, 0.197654, 0.000000, 0.000000, 0.000000, 1.000000, -0.100909, -0.193145, 0.975967, 0.219664, -0.891537, -0.417831, -0.174869, -0.054785, 0.441564, -0.887757, -0.130033, 0.233506, 0.000000, 0.000000, 0.000000, 1.000000, -0.084212, -0.001514, -0.996447, 0.135067, -0.995858, -0.034278, 0.084214, 0.018554, -0.034283, 0.999411, 0.001379, 0.065268, 0.000000, 0.000000, 0.000000, 1.000000
-29.7226, 54.7640, -33.4845, 197.6558, 219.6661, -54.7644, 233.4966, 135.0696, 18.5663, 65.2654, 0.891460, 0.417997, 0.174866, 0.054764, -0.441697, 0.887735, 0.129727, -0.033484, -0.101010, -0.192885, 0.976008, 0.197656, 0.000000, 0.000000, 0.000000, 1.000000, -0.100874, -0.193161, 0.975968, 0.219666, -0.891460, -0.417996, -0.174868, -0.054764, 0.441729, -0.887676, -0.130030, 0.233497, 0.000000, 0.000000, 0.000000, 1.000000, -0.084212, -0.001530, -0.996447, 0.135070, -0.995858, -0.034277, 0.084215, 0.018566, -0.034284, 0.999411, 0.001363, 0.065265, 0.000000, 0.000000, 0.000000, 1.000000
-29.7009, 54.7211, -33.4642, 197.6593, 219.6696, -54.7215, 233.4764, 135.0740, 18.5918, 65.2602, 0.891302, 0.418334, 0.174865, 0.054721, -0.442033, 0.887569, 0.129722, -0.033464, -0.100938, -0.192918, 0.976009, 0.197659, 0.000000, 0.000000, 0.000000, 1.000000, -0.100803, -0.193194, 0.975969, 0.219670, -0.891301, -0.418334, -0.174867, -0.054722, 0.442064, -0.887509, -0.130025, 0.233476, 0.000000, 0.000000, 0.000000, 1.000000, -0.084212, -0.001562, -0.996447, 0.135074, -0.995858, -0.034275, 0.084216, 0.018592, -0.034285, 0.999411, 0.001331, 0.065260, 0.000000, 0.000000, 0.000000, 1.000000
-29.6787, 54.6773, -33.4432, 197.6631, 219.6734, -54.6777, 233.4555, 135.0784, 18.6178, 65.2549, 0.891140, 0.418679, 0.174864, 0.054677, -0.442375, 0.887399, 0.129718, -0.033443, -0.100865, -0.192952, 0.976010, 0.197663, 0.000000, 0.000000, 0.000000, 1.000000, -0.100729, -0.193228, 0.975970, 0.219673, -0.891140, -0.418678, -0.174866, -0.054678, 0.442406, -0.887340, -0.130020, 0.233455, 0.000000, 0.000000, 0.000000, 1.000000, -0.084212, -0.001595, -0.996447, 0.135078, -0.995858, -0.034274, 0.084217, 0.018618, -0.034286, 0.999411, 0.001298, 0.065255, 0.000000, 0.000000, 0.000000, 1.000000
-29.6787, 54.6773, -33.4432, 197.6631, 219.6734, -54.6777, 233.4555, 135.0784, 18.6178, 65.2549, 0.891140, 0.418679, 0.174864, 0.054677, -0.442375, 0.887399, 0.129718, -0.033443, -0.100865, -0.192952, 0.976010, 0.197663, 0.000000, 0.000000, 0.000000, 1.000000, -0.100729, -0.193228, 0.975970, 0.219673, -0.891140, -0.418678, -0.174866, -0.054678, 0.442406, -0.887340, -0.130020, 0.233455, 0.000000, 0.000000, 0.000000, 1.000000, -0.084212, -0.001595, -0.996447, 0.135078, -0.995858, -0.034274, 0.084217, 0.018618, -0.034286, 0.999411, 0.001298, 0.065255, 0.000000, 0.000000, 0.000000, 1.000000
-29.6447, 54.6101, -33.4105, 197.6694, 219.6796, -54.6105, 233.4228, 135.0852, 18.6577, 65.2469, 0.890892, 0.419207, 0.174863, 0.054610, -0.442900, 0.887138, 0.129713, -0.033410, -0.100751, -0.193007, 0.976011, 0.197669, 0.000000, 0.000000, 0.000000, 1.000000, -0.100615, -0.193282, 0.975971, 0.219680, -0.890892, -0.419206, -0.174865, -0.054611, 0.442931, -0.887078, -0.130015, 0.233423, 0.000000, 0.000000, 0.000000, 1.000000, -0.084212, -0.001645, -0.996446, 0.135085, -0.995858, -0.034272, 0.084219, 0.018658, -0.034289, 0.999411, 0.001248, 0.065247, 0.000000, 0.000000, 0.000000, 1.000000
-29.6447, 54.6101, -33.4105, 197.6694, 219.6796, -54.6105, 233.4228, 135.0852, 18.6577, 65.2469, 0.890892, 0.419207, 0.174863, 0.054610, -0.442900, 0.887138, 0.129713, -0.033410, -0.100751, -0.193007, 0.976011, 0.197669, 0.000000, 0.000000, 0.000000, 1.000000, -0.100615, -0.193282, 0.975971, 0.219680, -0.890892, -0.419206, -0.174865, -0.054611, 0.442931, -0.887078, -0.130015, 0.233423, 0.000000, 0.000000, 0.000000, 1.000000, -0.084212, -0.001645, -0.996446, 0.135085, -0.995858, -0.034272, 0.084219, 0.018658, -0.034289, 0.999411, 0.001248, 0.065247, 0.000000, 0.000000, 0.000000, 1.000000
-29.6101, 54.5415, -33.3764, 197.6762, 219.6864, -54.5419, 233.3888, 135.0919, 18.6985, 65.2387, 0.890639, 0.419745, 0.174861, 0.054542, -0.443435, 0.886871, 0.129710, -0.033376, -0.100634, -0.193064, 0.976012, 0.197676, 0.000000, 0.000000, 0.000000, 1.000000, -0.100498, -0.193339, 0.975971, 0.219686, -0.890639, -0.419744, -0.174863, -0.054542, 0.443466, -0.886811, -0.130012, 0.233389, 0.000000, 0.000000, 0.000000, 1.000000, -0.084212, -0.001697, -0.996446, 0.135092, -0.995858, -0.034270, 0.084221, 0.018699, -0.034291, 0.999411, 0.001196, 0.065239, 0.000000, 0.000000, 0.000000, 1.000000
-29.5867, 54.4952, -33.3532, 197.6810, 219.6911, -54.4956, 233.3656, 135.0964, 18.7261, 65.2332, 0.890468, 0.420107, 0.174860, 0.054495, -0.443796, 0.886691, 0.129709, -0.033353, -0.100555, -0.193104, 0.976012, 0.197681, 0.000000, 0.000000, 0.000000, 1.000000, -0.100419, -0.193379, 0.975972, 0.219691, -0.890468, -0.420107, -0.174861, -0.054496, 0.443827, -0.886631, -0.130011, 0.233366, 0.000000, 0.000000, 0.000000, 1.000000, -0.084212, -0.001731, -0.996446, 0.135096, -0.995858, -0.034268, 0.084222, 0.018726, -0.034292, 0.999411, 0.001162, 0.065233, 0.000000, 0.000000, 0.000000, 1.000000
-29.5867, 54.4952, -33.3532, 197.6810, 219.6911, -54.4956, 233.3656, 135.0964, 18.7261, 65.2332, 0.890468, 0.420107, 0.174860, 0.054495, -0.443796, 0.886691, 0.129709, -0.033353, -0.100555, -0.193104, 0.976012, 0.197681, 0.000000, 0.000000, 0.000000, 1.000000, -0.100419, -0.193379, 0.975972, 0.219691, -0.890468, -0.420107, -0.174861, -0.054496, 0.443827, -0.886631, -0.130011, 0.233366, 0.000000, 0.000000, 0.000000, 1.000000, -0.084212, -0.001731, -0.996446, 0.135096, -0.995858, -0.034268, 0.084222, 0.018726, -0.034292, 0.999411, 0.001162, 0.065233, 0.000000, 0.000000, 0.000000, 1.000000
-29.5397, 54.4019, -33.3055, 197.6911, 219.7013, -54.4022, 233.3180, 135.1053, 18.7816, 65.2221, 0.890124, 0.420839, 0.174857, 0.054402, -0.444524, 0.886326, 0.129710, -0.033306, -0.100393, -0.193186, 0.976012, 0.197691, 0.000000, 0.000000, 0.000000, 1.000000, -0.100258, -0.193460, 0.975972, 0.219701, -0.890123, -0.420838, -0.174859, -0.054402, 0.444555, -0.886267, -0.130011, 0.233318, 0.000000, 0.000000, 0.000000, 1.000000, -0.084212, -0.001801, -0.996446, 0.135105, -0.995858, -0.034265, 0.084224, 0.018782, -0.034295, 0.999411, 0.001092, 0.065222, 0.000000, 0.000000, 0.000000, 1.000000
-29.5397, 54.4019, -33.3055, 197.6911, 219.7013, -54.4022, 233.3180, 135.1053, 18.7816, 65.2221, 0.890124, 0.420839, 0.174857, 0.054402, -0.444524, 0.886326, 0.129710, -0.033306, -0.100393, -0.193186, 0.976012, 0.197691, 0.000000, 0.000000, 0.000000, 1.000000, -0.100258, -0.193460, 0.975972, 0.219701, -0.890123, -0.420838, -0.174859, -0.054402, 0.444555, -0.886267, -0.130011, 0.233318, 0.000000, 0.000000, 0.000000, 1.000000, -0.084212, -0.001801, -0.996446, 0.135105, -0.995858, -0.034265, 0.084224, 0.018782, -0.034295, 0.999411, 0.001092, 0.065222, 0.000000, 0.000000, 0.000000, 1.000000
-29.5045, 54.3303, -33.2619, 197.7045, 219.7146, -54.3306, 233.2743, 135.1106, 18.8245, 65.2145, 0.889863, 0.421390, 0.174854, 0.054330, -0.445075, 0.886045, 0.129737, -0.033262, -0.100258, -0.193271, 0.976009, 0.197704, 0.000000, 0.000000, 0.000000, 1.000000, -0.100123, -0.193545, 0.975969, 0.219715, -0.889863, -0.421390, -0.174855, -0.054331, 0.445106, -0.885986, -0.130038, 0.233274, 0.000000, 0.000000, 0.000000, 1.000000, -0.084212, -0.001854, -0.996446, 0.135111, -0.995857, -0.034263, 0.084226, 0.018824, -0.034297, 0.999411, 0.001039, 0.065215, 0.000000, 0.000000, 0.000000, 1.000000
-29.4811, 54.2830, -33.2333, 197.7131, 219.7232, -54.2833, 233.2458, 135.1141, 18.8528, 65.2094, 0.889691, 0.421756, 0.174852, 0.054283, -0.445440, 0.885860, 0.129754, -0.033233, -0.100170, -0.193326, 0.976008, 0.197713, 0.000000, 0.000000, 0.000000, 1.000000, -0.100034, -0.193600, 0.975967, 0.219723, -0.889690, -0.421755, -0.174853, -0.054283, 0.445471, -0.885800, -0.130055, 0.233246, 0.000000, 0.000000, 0.000000, 1.000000, -0.084212, -0.001889, -0.996446, 0.135114, -0.995857, -0.034261, 0.084227, 0.018853, -0.034299, 0.999411, 0.001004, 0.065209, 0.000000, 0.000000, 0.000000, 1.000000
-29.4811, 54.2830, -33.2333, 197.7131, 219.7232, -54.2833, 233.2458, 135.1141, 18.8528, 65.2094, 0.889691, 0.421756, 0.174852, 0.054283, -0.445440, 0.885860, 0.129754, -0.033233, -0.100170, -0.193326, 0.976008, 0.197713, 0.000000, 0.000000, 0.000000, 1.000000, -0.100034, -0.193600, 0.975967, 0.219723, -0.889690, -0.421755, -0.174853, -0.054283, 0.445471, -0.885800, -0.130055, 0.233246, 0.000000, 0.000000, 0.000000, 1.000000, -0.084212, -0.001889, -0.996446, 0.135114, -0.995857, -0.034261, 0.084227, 0.018853, -0.034299, 0.999411, 0.001004, 0.065209, 0.000000, 0.000000, 0.000000, 1.000000
-29.4465, 54.2129, -33.1915, 197.7254, 219.7356, -54.2132, 233.2040, 135.1195, 18.8947, 65.2018, 0.889434, 0.422297, 0.174849, 0.054213, -0.445981, 0.885584, 0.129776, -0.033192, -0.100039, -0.193406, 0.976005, 0.197725, 0.000000, 0.000000, 0.000000, 1.000000, -0.099904, -0.193680, 0.975965, 0.219736, -0.889434, -0.422297, -0.174851, -0.054213, 0.446012, -0.885524, -0.130077, 0.233204, 0.000000, 0.000000, 0.000000, 1.000000, -0.084212, -0.001941, -0.996446, 0.135120, -0.995857, -0.034259, 0.084229, 0.018895, -0.034301, 0.999411, 0.000952, 0.065202, 0.000000, 0.000000, 0.000000, 1.000000
-29.4350, 54.1898, -33.1780, 197.7294, 219.7395, -54.1902, 233.1905, 135.1213, 18.9085, 65.1993, 0.889350, 0.422476, 0.174848, 0.054190, -0.446159, 0.885493, 0.129783, -0.033178, -0.099997, -0.193432, 0.976004, 0.197729, 0.000000, 0.000000, 0.000000, 1.000000, -0.099861, -0.193706, 0.975964, 0.219739, -0.889349, -0.422475, -0.174850, -0.054190, 0.446190, -0.885434, -0.130084, 0.233190, 0.000000, 0.000000, 0.000000, 1.000000, -0.084212, -0.001958, -0.996446, 0.135121, -0.995857, -0.034258, 0.084230, 0.018909, -0.034302, 0.999411, 0.000935, 0.065199, 0.000000, 0.000000, 0.000000, 1.000000
-29.4237, 54.1669, -33.1646, 197.7332, 219.7433, -54.1673, 233.1771, 135.1232, 18.9222, 65.1968, 0.889265, 0.422653, 0.174847, 0.054167, -0.446336, 0.885403, 0.129789, -0.033165, -0.099955, -0.193457, 0.976004, 0.197733, 0.000000, 0.000000, 0.000000, 1.000000, -0.099819, -0.193731, 0.975963, 0.219743, -0.889265, -0.422652, -0.174849, -0.054167, 0.446367, -0.885344, -0.130090, 0.233177, 0.000000, 0.000000, 0.000000, 1.000000, -0.084212, -0.001975, -0.996446, 0.135123, -0.995857, -0.034258, 0.084230, 0.018922, -0.034302, 0.999411, 0.000918, 0.065197, 0.000000, 0.000000, 0.000000, 1.000000
-29.4012, 54.1217, -33.1384, 197.7406, 219.7507, -54.1221, 233.1509, 135.1268, 18.9493, 65.1917, 0.889099, 0.423003, 0.174846, 0.054122, -0.446686, 0.885225, 0.129800, -0.033138, -0.099872, -0.193507, 0.976002, 0.197741, 0.000000, 0.000000, 0.000000, 1.000000, -0.099736, -0.193780, 0.975962, 0.219751, -0.889099, -0.423003, -0.174848, -0.054122, 0.446717, -0.885165, -0.130101, 0.233151, 0.000000, 0.000000, 0.000000, 1.000000, -0.084212, -0.002008, -0.996446, 0.135127, -0.995857, -0.034256, 0.084231, 0.018949, -0.034304, 0.999411, 0.000885, 0.065192, 0.000000, 0.000000, 0.000000, 1.000000
-29.3901, 54.0994, -33.1256, 197.7441, 219.7542, -54.0997, 233.1381, 135.1287, 18.9626, 65.1892, 0.889017, 0.423176, 0.174845, 0.054099, -0.446859, 0.885137, 0.129806, -0.033126, -0.099831, -0.193530, 0.976002, 0.197744, 0.000000, 0.000000, 0.000000, 1.000000, -0.099695, -0.193804, 0.975961, 0.219754, -0.889017, -0.423176, -0.174847, -0.054100, 0.446890, -0.885077, -0.130106, 0.233138, 0.000000, 0.000000, 0.000000, 1.000000, -0.084212, -0.002025, -0.996446, 0.135129, -0.995857, -0.034256, 0.084232, 0.018963, -0.034304, 0.999411, 0.000868, 0.065189, 0.000000, 0.000000, 0.000000, 1.000000
-29.3682, 54.0554, -33.1007, 197.7509, 219.7610, -54.0557, 233.1132, 135.1323, 18.9889, 65.1842, 0.888854, 0.423518, 0.174844, 0.054055, -0.447200, 0.884964, 0.129815, -0.033101, -0.099752, -0.193577, 0.976001, 0.197751, 0.000000, 0.000000, 0.000000, 1.000000, -0.099616, -0.193850, 0.975960, 0.219761, -0.888854, -0.423518, -0.174846, -0.054056, 0.447230, -0.884904, -0.130116, 0.233113, 0.000000, 0.000000, 0.000000, 1.000000, -0.084212, -0.002058, -0.996446, 0.135132, -0.995857, -0.034254, 0.084233, 0.018989, -0.034306, 0.999411, 0.000835, 0.065184, 0.000000, 0.000000, 0.000000, 1.000000
-29.3574, 54.0337, -33.0885, 197.7541, 219.7642, -54.0341, 233.1010, 135.1342, 19.0018, 65.1817, 0.888774, 0.423686, 0.174843, 0.054034, -0.447367, 0.884878, 0.129819, -0.033089, -0.099713, -0.193599, 0.976000, 0.197754, 0.000000, 0.000000, 0.000000, 1.000000, -0.099576, -0.193872, 0.975960, 0.219764, -0.888774, -0.423686, -0.174845, -0.054034, 0.447398, -0.884819, -0.130120, 0.233101, 0.000000, 0.000000, 0.000000, 1.000000, -0.084212, -0.002074, -0.996446, 0.135134, -0.995857, -0.034254, 0.084233, 0.019002, -0.034307, 0.999411, 0.000819, 0.065182, 0.000000, 0.000000, 0.000000, 1.000000
-29.3256, 53.9701, -33.0534, 197.7632, 219.7732, -53.9705, 233.0659, 135.1397, 19.0398, 65.1744, 0.888539, 0.424181, 0.174842, 0.053970, -0.447861, 0.884627, 0.129828, -0.033053, -0.099599, -0.193662, 0.975999, 0.197763, 0.000000, 0.000000, 0.000000, 1.000000, -0.099463, -0.193936, 0.975959, 0.219773, -0.888538, -0.424180, -0.174844, -0.053971, 0.447891, -0.884568, -0.130129, 0.233066, 0.000000, 0.000000, 0.000000, 1.000000, -0.084212, -0.002121, -0.996446, 0.135140, -0.995857, -0.034252, 0.084235, 0.019040, -0.034309, 0.999411, 0.000772, 0.065174, 0.000000, 0.000000, 0.000000, 1.000000
-29.3256, 53.9701, -33.0534, 197.7632, 219.7732, -53.9705, 233.0659, 135.1397, 19.0398, 65.1744, 0.888539, 0.424181, 0.174842, 0.053970, -0.447861, 0.884627, 0.129828, -0.033053, -0.099599, -0.193662, 0.975999, 0.197763, 0.000000, 0.000000, 0.000000, 1.000000, -0.099463, -0.193936, 0.975959, 0.219773, -0.888538, -0.424180, -0.174844, -0.053971, 0.447891, -0.884568, -0.130129, 0.233066, 0.000000, 0.000000, 0.000000, 1.000000, -0.084212, -0.002121, -0.996446, 0.135140, -0.995857, -0.034252, 0.084235, 0.019040, -0.034309, 0.999411, 0.000772, 0.065174, 0.000000, 0.000000, 0.000000, 1.000000
-29.2949, 53.9088, -33.0203, 197.7713, 219.7813, -53.9092, 233.0328, 135.1452, 19.0763, 65.1672, 0.888311, 0.424659, 0.174841, 0.053909, -0.448337, 0.884385, 0.129835, -0.033020, -0.099491, -0.193721, 0.975999, 0.197771, 0.000000, 0.000000, 0.000000, 1.000000, -0.099355, -0.193994, 0.975958, 0.219781, -0.888310, -0.424658, -0.174843, -0.053909, 0.448367, -0.884325, -0.130135, 0.233033, 0.000000, 0.000000, 0.000000, 1.000000, -0.084212, -0.002167, -0.996446, 0.135145, -0.995857, -0.034250, 0.084236, 0.019076, -0.034311, 0.999411, 0.000726, 0.065167, 0.000000, 0.000000, 0.000000, 1.000000
