# Joint_A_Angle(deg), Cam_X(mm), Cam_Y(mm), Cam_Z(mm), Torso_X(mm), Torso_Y(mm), Torso_Z(mm), EE_X(mm), EE_Y(mm), EE_Z(mm), T_cam2marker_flat(16), T_torso2marker_flat(16), T_ee2marker_flat(16)
-19.9990, 74.9375, 106.7369, 492.9060, 561.9034, -65.9377, 150.3088, 85.5214, 4.4564, -12.8875, -0.374172, -0.781378, -0.499444, 0.074937, 0.877868, -0.124856, -0.462341, 0.106737, 0.298905, -0.611441, 0.732664, 0.492906, 0.000000, 0.000000, 0.000000, 1.000000, 0.298860, -0.611434, 0.732688, 0.561903, 0.374172, 0.781378, 0.499444, -0.065938, -0.877883, 0.124887, 0.462304, 0.150309, 0.000000, 0.000000, 0.000000, 1.000000, 0.008864, 0.092419, -0.995681, 0.085521, -0.998805, -0.047043, -0.013258, 0.004456, -0.048065, 0.994608, 0.091891, -0.012888, 0.000000, 0.000000, 0.000000, 1.000000
-19.9990, 74.9375, 106.7349, 492.9057, 561.9031, -65.9377, 150.3106, 85.5214, 4.4564, -12.8875, -0.374172, -0.781378, -0.499444, 0.074937, 0.877867, -0.124854, -0.462344, 0.106735, 0.298908, -0.611441, 0.732662, 0.492906, 0.000000, 0.000000, 0.000000, 1.000000, 0.298862, -0.611434, 0.732687, 0.561903, 0.374171, 0.781378, 0.499444, -0.065938, -0.877882, 0.124885, 0.462306, 0.150311, 0.000000, 0.000000, 0.000000, 1.000000, 0.008864, 0.092419, -0.995681, 0.085521, -0.998805, -0.047043, -0.013258, 0.004456, -0.048065, 0.994608, 0.091891, -0.012888, 0.000000, 0.000000, 0.000000, 1.000000
-19.9990, 74.9375, 106.7335, 492.9055, 561.9029, -65.9378, 150.3120, 85.5214, 4.4564, -12.8875, -0.374171, -0.781378, -0.499444, 0.074938, 0.877866, -0.124852, -0.462345, 0.106733, 0.298910, -0.611441, 0.732661, 0.492906, 0.000000, 0.000000, 0.000000, 1.000000, 0.298865, -0.611434, 0.732686, 0.561903, 0.374171, 0.781378, 0.499443, -0.065938, -0.877882, 0.124884, 0.462307, 0.150312, 0.000000, 0.000000, 0.000000, 1.000000, 0.008864, 0.092419, -0.995681, 0.085521, -0.998805, -0.047043, -0.013258, 0.004456, -0.048065, 0.994608, 0.091891, -0.012888, 0.000000, 0.000000, 0.000000, 1.000000
-19.9990, 74.9376, 106.7299, 492.9051, 561.9024, -65.9379, 150.3154, 85.5214, 4.4564, -12.8875, -0.374171, -0.781379, -0.499443, 0.074938, 0.877864, -0.124848, -0.462350, 0.106730, 0.298916, -0.611441, 0.732659, 0.492905, 0.000000, 0.000000, 0.000000, 1.000000, 0.298870, -0.611434, 0.732683, 0.561902, 0.374170, 0.781379, 0.499443, -0.065938, -0.877880, 0.124880, 0.462311, 0.150315, 0.000000, 0.000000, 0.000000, 1.000000, 0.008864, 0.092419, -0.995681, 0.085521, -0.998805, -0.047043, -0.013258, 0.004456, -0.048065, 0.994608, 0.091891, -0.012888, 0.000000, 0.000000, 0.000000, 1.000000
-19.9990, 74.9378, 106.7253, 492.9045, 561.9018, -65.9380, 150.3198, 85.5214, 4.4564, -12.8875, -0.374169, -0.781379, -0.499443, 0.074938, 0.877862, -0.124842, -0.462355, 0.106725, 0.298923, -0.611441, 0.732656, 0.492904, 0.000000, 0.000000, 0.000000, 1.000000, 0.298877, -0.611435, 0.732680, 0.561902, 0.374169, 0.781380, 0.499443, -0.065938, -0.877878, 0.124874, 0.462316, 0.150320, 0.000000, 0.000000, 0.000000, 1.000000, 0.008864, 0.092419, -0.995681, 0.085521, -0.998805, -0.047043, -0.013258, 0.004456, -0.048065, 0.994608, 0.091891, -0.012888, 0.000000, 0.000000, 0.000000, 1.000000
-19.9990, 74.9378, 106.7228, 492.9041, 561.9015, -65.9381, 150.3223, 85.5214, 4.4564, -12.8875, -0.374169, -0.781380, -0.499443, 0.074938, 0.877861, -0.124839, -0.462358, 0.106723, 0.298927, -0.611442, 0.732654, 0.492904, 0.000000, 0.000000, 0.000000, 1.000000, 0.298881, -0.611435, 0.732678, 0.561901, 0.374169, 0.781380, 0.499443, -0.065938, -0.877877, 0.124871, 0.462319, 0.150322, 0.000000, 0.000000, 0.000000, 1.000000, 0.008864, 0.092419, -0.995681, 0.085521, -0.998805, -0.047043, -0.013258, 0.004456, -0.048065, 0.994608, 0.091891, -0.012888, 0.000000, 0.000000, 0.000000, 1.000000
-19.9989, 74.9381, 106.7171, 492.9033, 561.9007, -65.9383, 150.3278, 85.5214, 4.4564, -12.8875, -0.374166, -0.781381, -0.499443, 0.074938, 0.877859, -0.124831, -0.462364, 0.106717, 0.298936, -0.611442, 0.732650, 0.492903, 0.000000, 0.000000, 0.000000, 1.000000, 0.298890, -0.611435, 0.732675, 0.561901, 0.374166, 0.781381, 0.499443, -0.065938, -0.877875, 0.124864, 0.462325, 0.150328, 0.000000, 0.000000, 0.000000, 1.000000, 0.008864, 0.092419, -0.995681, 0.085521, -0.998805, -0.047043, -0.013258, 0.004456, -0.048065, 0.994608, 0.091891, -0.012888, 0.000000, 0.000000, 0.000000, 1.000000
-19.9988, 74.9384, 106.7106, 492.9024, 561.8998, -65.9386, 150.3342, 85.5214, 4.4564, -12.8875, -0.374163, -0.781382, -0.499444, 0.074938, 0.877857, -0.124822, -0.462370, 0.106711, 0.298946, -0.611442, 0.732646, 0.492902, 0.000000, 0.000000, 0.000000, 1.000000, 0.298900, -0.611435, 0.732671, 0.561900, 0.374163, 0.781383, 0.499443, -0.065939, -0.877873, 0.124855, 0.462331, 0.150334, 0.000000, 0.000000, 0.000000, 1.000000, 0.008864, 0.092419, -0.995681, 0.085521, -0.998805, -0.047043, -0.013258, 0.004456, -0.048065, 0.994608, 0.091891, -0.012888, 0.000000, 0.000000, 0.000000, 1.000000
-19.9983, 74.9392, 106.6994, 492.9007, 561.8980, -65.9395, 150.3452, 85.5214, 4.4564, -12.8875, -0.374152, -0.781386, -0.499446, 0.074939, 0.877857, -0.124804, -0.462376, 0.106699, 0.298961, -0.611441, 0.732641, 0.492901, 0.000000, 0.000000, 0.000000, 1.000000, 0.298915, -0.611434, 0.732666, 0.561898, 0.374152, 0.781386, 0.499445, -0.065939, -0.877873, 0.124837, 0.462337, 0.150345, 0.000000, 0.000000, 0.000000, 1.000000, 0.008864, 0.092419, -0.995681, 0.085521, -0.998805, -0.047043, -0.013258, 0.004456, -0.048065, 0.994608, 0.091891, -0.012888, 0.000000, 0.000000, 0.000000, 1.000000
-19.9977, 74.9401, 106.6909, 492.8993, 561.8966, -65.9403, 150.3536, 85.5214, 4.4564, -12.8875, -0.374141, -0.781390, -0.499448, 0.074940, 0.877858, -0.124788, -0.462378, 0.106691, 0.298972, -0.611439, 0.732638, 0.492899, 0.000000, 0.000000, 0.000000, 1.000000, 0.298925, -0.611432, 0.732663, 0.561897, 0.374140, 0.781390, 0.499448, -0.065940, -0.877874, 0.124821, 0.462338, 0.150354, 0.000000, 0.000000, 0.000000, 1.000000, 0.008864, 0.092419, -0.995681, 0.085521, -0.998805, -0.047043, -0.013258, 0.004456, -0.048065, 0.994608, 0.091891, -0.012888, 0.000000, 0.000000, 0.000000, 1.000000
-19.9973, 74.9406, 106.6864, 492.8985, 561.8958, -65.9409, 150.3581, 85.5214, 4.4564, -12.8875, -0.374133, -0.781392, -0.499450, 0.074941, 0.877859, -0.124780, -0.462378, 0.106686, 0.298977, -0.611438, 0.732637, 0.492898, 0.000000, 0.000000, 0.000000, 1.000000, 0.298930, -0.611431, 0.732662, 0.561896, 0.374133, 0.781392, 0.499450, -0.065941, -0.877875, 0.124812, 0.462338, 0.150358, 0.000000, 0.000000, 0.000000, 1.000000, 0.008864, 0.092419, -0.995681, 0.085521, -0.998805, -0.047043, -0.013258, 0.004456, -0.048065, 0.994608, 0.091891, -0.012888, 0.000000, 0.000000, 0.000000, 1.000000
-19.9962, 74.9419, 106.6766, 492.8967, 561.8940, -65.9422, 150.3677, 85.5214, 4.4564, -12.8875, -0.374115, -0.781398, -0.499455, 0.074942, 0.877864, -0.124759, -0.462374, 0.106677, 0.298987, -0.611435, 0.732635, 0.492897, 0.000000, 0.000000, 0.000000, 1.000000, 0.298940, -0.611428, 0.732660, 0.561894, 0.374115, 0.781398, 0.499455, -0.065942, -0.877880, 0.124792, 0.462335, 0.150368, 0.000000, 0.000000, 0.000000, 1.000000, 0.008864, 0.092419, -0.995681, 0.085521, -0.998805, -0.047043, -0.013258, 0.004456, -0.048065, 0.994608, 0.091891, -0.012888, 0.000000, 0.000000, 0.000000, 1.000000
-19.9948, 74.9437, 106.6660, 492.8946, 561.8919, -65.9439, 150.3782, 85.5214, 4.4564, -12.8875, -0.374090, -0.781405, -0.499462, 0.074944, 0.877871, -0.124735, -0.462367, 0.106666, 0.298996, -0.611430, 0.732635, 0.492895, 0.000000, 0.000000, 0.000000, 1.000000, 0.298948, -0.611423, 0.732661, 0.561892, 0.374090, 0.781406, 0.499462, -0.065944, -0.877887, 0.124768, 0.462327, 0.150378, 0.000000, 0.000000, 0.000000, 1.000000, 0.008864, 0.092419, -0.995681, 0.085521, -0.998805, -0.047043, -0.013258, 0.004456, -0.048065, 0.994608, 0.091891, -0.012888, 0.000000, 0.000000, 0.000000, 1.000000
-19.9939, 74.9447, 106.6603, 492.8934, 561.8907, -65.9449, 150.3839, 85.5214, 4.4564, -12.8875, -0.374075, -0.781410, -0.499466, 0.074945, 0.877876, -0.124721, -0.462361, 0.106660, 0.299000, -0.611427, 0.732636, 0.492893, 0.000000, 0.000000, 0.000000, 1.000000, 0.298953, -0.611420, 0.732661, 0.561891, 0.374075, 0.781410, 0.499466, -0.065945, -0.877892, 0.124754, 0.462322, 0.150384, 0.000000, 0.000000, 0.000000, 1.000000, 0.008864, 0.092419, -0.995681, 0.085521, -0.998805, -0.047043, -0.013258, 0.004456, -0.048065, 0.994608, 0.091891, -0.012888, 0.000000, 0.000000, 0.000000, 1.000000
-19.9918, 74.9471, 106.6482, 492.8908, 561.8880, -65.9473, 150.3959, 85.5214, 4.4564, -12.8875, -0.374040, -0.781420, -0.499476, 0.074947, 0.877889, -0.124690, -0.462346, 0.106648, 0.299007, -0.611421, 0.732639, 0.492891, 0.000000, 0.000000, 0.000000, 1.000000, 0.298960, -0.611413, 0.732664, 0.561888, 0.374040, 0.781420, 0.499476, -0.065947, -0.877905, 0.124723, 0.462306, 0.150396, 0.000000, 0.000000, 0.000000, 1.000000, 0.008864, 0.092419, -0.995681, 0.085521, -0.998805, -0.047043, -0.013258, 0.004456, -0.048065, 0.994608, 0.091891, -0.012888, 0.000000, 0.000000, 0.000000, 1.000000
-19.9892, 74.9500, 106.6351, 492.8878, 561.8850, -65.9503, 150.4089, 85.5214, 4.4564, -12.8875, -0.373998, -0.781433, -0.499488, 0.074950, 0.877905, -0.124653, -0.462325, 0.106635, 0.299013, -0.611412, 0.732644, 0.492888, 0.000000, 0.000000, 0.000000, 1.000000, 0.298966, -0.611405, 0.732669, 0.561885, 0.373998, 0.781433, 0.499488, -0.065950, -0.877921, 0.124687, 0.462285, 0.150409, 0.000000, 0.000000, 0.000000, 1.000000, 0.008863, 0.092419, -0.995681, 0.085521, -0.998805, -0.047043, -0.013258, 0.004456, -0.048065, 0.994608, 0.091891, -0.012888, 0.000000, 0.000000, 0.000000, 1.000000
-19.9878, 74.9516, 106.6282, 492.8861, 561.8834, -65.9519, 150.4157, 85.5214, 4.4564, -12.8875, -0.373973, -0.781440, -0.499495, 0.074952, 0.877914, -0.124633, -0.462313, 0.106628, 0.299016, -0.611407, 0.732647, 0.492886, 0.000000, 0.000000, 0.000000, 1.000000, 0.298968, -0.611400, 0.732672, 0.561883, 0.373973, 0.781440, 0.499495, -0.065952, -0.877931, 0.124667, 0.462272, 0.150416, 0.000000, 0.000000, 0.000000, 1.000000, 0.008863, 0.092419, -0.995681, 0.085521, -0.998805, -0.047043, -0.013258, 0.004456, -0.048065, 0.994608, 0.091891, -0.012888, 0.000000, 0.000000, 0.000000, 1.000000
-19.9844, 74.9554, 106.6136, 492.8825, 561.8797, -65.9557, 150.4303, 85.5214, 4.4564, -12.8875, -0.373918, -0.781456, -0.499512, 0.074955, 0.877937, -0.124589, -0.462282, 0.106614, 0.299019, -0.611395, 0.732655, 0.492882, 0.000000, 0.000000, 0.000000, 1.000000, 0.298971, -0.611388, 0.732681, 0.561880, 0.373918, 0.781456, 0.499511, -0.065956, -0.877953, 0.124623, 0.462242, 0.150430, 0.000000, 0.000000, 0.000000, 1.000000, 0.008863, 0.092419, -0.995681, 0.085521, -0.998805, -0.047043, -0.013258, 0.004456, -0.048065, 0.994608, 0.091891, -0.012888, 0.000000, 0.000000, 0.000000, 1.000000
-19.9825, 74.9575, 106.6059, 492.8805, 561.8778, -65.9577, 150.4379, 85.5214, 4.4564, -12.8875, -0.373887, -0.781465, -0.499521, 0.074957, 0.877950, -0.124565, -0.462264, 0.106606, 0.299020, -0.611389, 0.732660, 0.492881, 0.000000, 0.000000, 0.000000, 1.000000, 0.298972, -0.611381, 0.732686, 0.561878, 0.373887, 0.781465, 0.499520, -0.065958, -0.877966, 0.124599, 0.462224, 0.150438, 0.000000, 0.000000, 0.000000, 1.000000, 0.008863, 0.092419, -0.995681, 0.085521, -0.998805, -0.047043, -0.013258, 0.004456, -0.048065, 0.994608, 0.091891, -0.012888, 0.000000, 0.000000, 0.000000, 1.000000
-19.9804, 74.9597, 106.5980, 492.8784, 561.8757, -65.9600, 150.4458, 85.5214, 4.4564, -12.8875, -0.373854, -0.781475, -0.499531, 0.074960, 0.877963, -0.124540, -0.462245, 0.106598, 0.299021, -0.611382, 0.732666, 0.492878, 0.000000, 0.000000, 0.000000, 1.000000, 0.298973, -0.611374, 0.732691, 0.561876, 0.373854, 0.781475, 0.499530, -0.065960, -0.877980, 0.124573, 0.462204, 0.150446, 0.000000, 0.000000, 0.000000, 1.000000, 0.008863, 0.092419, -0.995681, 0.085521, -0.998805, -0.047043, -0.013258, 0.004456, -0.048065, 0.994608, 0.091891, -0.012888, 0.000000, 0.000000, 0.000000, 1.000000
-19.9759, 74.9645, 106.5815, 492.8740, 561.8712, -65.9648, 150.4623, 85.5214, 4.4564, -12.8875, -0.373781, -0.781495, -0.499552, 0.074965, 0.877994, -0.124485, -0.462201, 0.106581, 0.299021, -0.611366, 0.732679, 0.492874, 0.000000, 0.000000, 0.000000, 1.000000, 0.298973, -0.611359, 0.732704, 0.561871, 0.373781, 0.781496, 0.499552, -0.065965, -0.878011, 0.124518, 0.462160, 0.150462, 0.000000, 0.000000, 0.000000, 1.000000, 0.008863, 0.092419, -0.995681, 0.085521, -0.998805, -0.047043, -0.013258, 0.004456, -0.048065, 0.994608, 0.091891, -0.012888, 0.000000, 0.000000, 0.000000, 1.000000
-19.9708, 74.9700, 106.5640, 492.8692, 561.8664, -65.9703, 150.4797, 85.5214, 4.4563, -12.8875, -0.373700, -0.781519, -0.499577, 0.074970, 0.878030, -0.124425, -0.462150, 0.106564, 0.299019, -0.611348, 0.732694, 0.492869, 0.000000, 0.000000, 0.000000, 1.000000, 0.298971, -0.611341, 0.732720, 0.561866, 0.373699, 0.781519, 0.499576, -0.065970, -0.878046, 0.124458, 0.462109, 0.150480, 0.000000, 0.000000, 0.000000, 1.000000, 0.008863, 0.092419, -0.995681, 0.085521, -0.998805, -0.047043, -0.013258, 0.004456, -0.048065, 0.994608, 0.091891, -0.012888, 0.000000, 0.000000, 0.000000, 1.000000
-19.9652, 74.9760, 106.5456, 492.8639, 561.8611, -65.9763, 150.4980, 85.5214, 4.4563, -12.8875, -0.373610, -0.781545, -0.499604, 0.074976, 0.878069, -0.124359, -0.462092, 0.106546, 0.299015, -0.611329, 0.732712, 0.492864, 0.000000, 0.000000, 0.000000, 1.000000, 0.298967, -0.611321, 0.732738, 0.561861, 0.373609, 0.781545, 0.499603, -0.065976, -0.878086, 0.124393, 0.462051, 0.150498, 0.000000, 0.000000, 0.000000, 1.000000, 0.008863, 0.092419, -0.995681, 0.085521, -0.998805, -0.047043, -0.013257, 0.004456, -0.048065, 0.994608, 0.091891, -0.012888, 0.000000, 0.000000, 0.000000, 1.000000
-19.9622, 74.9792, 106.5361, 492.8611, 561.8584, -65.9795, 150.5075, 85.5214, 4.4563, -12.8875, -0.373561, -0.781558, -0.499618, 0.074979, 0.878091, -0.124325, -0.462061, 0.106536, 0.299013, -0.611318, 0.732722, 0.492861, 0.000000, 0.000000, 0.000000, 1.000000, 0.298964, -0.611311, 0.732748, 0.561858, 0.373561, 0.781559, 0.499618, -0.065979, -0.878107, 0.124358, 0.462020, 0.150507, 0.000000, 0.000000, 0.000000, 1.000000, 0.008863, 0.092419, -0.995681, 0.085521, -0.998805, -0.047043, -0.013257, 0.004456, -0.048065, 0.994608, 0.091891, -0.012888, 0.000000, 0.000000, 0.000000, 1.000000
-19.9557, 74.9860, 106.5165, 492.8553, 561.8525, -65.9863, 150.5270, 85.5214, 4.4563, -12.8875, -0.373459, -0.781588, -0.499649, 0.074986, 0.878137, -0.124252, -0.461993, 0.106517, 0.299006, -0.611296, 0.732744, 0.492855, 0.000000, 0.000000, 0.000000, 1.000000, 0.298957, -0.611288, 0.732770, 0.561853, 0.373459, 0.781588, 0.499649, -0.065986, -0.878153, 0.124286, 0.461952, 0.150527, 0.000000, 0.000000, 0.000000, 1.000000, 0.008863, 0.092419, -0.995681, 0.085521, -0.998805, -0.047043, -0.013257, 0.004456, -0.048065, 0.994608, 0.091891, -0.012888, 0.000000, 0.000000, 0.000000, 1.000000
-19.9523, 74.9896, 106.5064, 492.8523, 561.8495, -65.9899, 150.5371, 85.5214, 4.4563, -12.8875, -0.373405, -0.781603, -0.499665, 0.074990, 0.878161, -0.124214, -0.461957, 0.106506, 0.299002, -0.611284, 0.732755, 0.492852, 0.000000, 0.000000, 0.000000, 1.000000, 0.298953, -0.611276, 0.732781, 0.561850, 0.373405, 0.781603, 0.499665, -0.065990, -0.878178, 0.124248, 0.461916, 0.150537, 0.000000, 0.000000, 0.000000, 1.000000, 0.008863, 0.092419, -0.995681, 0.085521, -0.998805, -0.047043, -0.013257, 0.004456, -0.048065, 0.994608, 0.091891, -0.012888, 0.000000, 0.000000, 0.000000, 1.000000
-19.9452, 74.9971, 106.4858, 492.8460, 561.8432, -65.9974, 150.5577, 85.5214, 4.4563, -12.8875, -0.373291, -0.781635, -0.499700, 0.074997, 0.878213, -0.124134, -0.461880, 0.106486, 0.298992, -0.611258, 0.732780, 0.492846, 0.000000, 0.000000, 0.000000, 1.000000, 0.298944, -0.611251, 0.732806, 0.561843, 0.373291, 0.781636, 0.499699, -0.065997, -0.878229, 0.124168, 0.461840, 0.150558, 0.000000, 0.000000, 0.000000, 1.000000, 0.008863, 0.092419, -0.995681, 0.085521, -0.998805, -0.047043, -0.013257, 0.004456, -0.048065, 0.994608, 0.091891, -0.012888, 0.000000, 0.000000, 0.000000, 1.000000
-19.9376, 75.0051, 106.4645, 492.8393, 561.8365, -66.0054, 150.5789, 85.5214, 4.4563, -12.8875, -0.373171, -0.781670, -0.499736, 0.075005, 0.878268, -0.124050, -0.461798, 0.106465, 0.298981, -0.611232, 0.732807, 0.492839, 0.000000, 0.000000, 0.000000, 1.000000, 0.298932, -0.611224, 0.732833, 0.561837, 0.373170, 0.781670, 0.499736, -0.066005, -0.878284, 0.124084, 0.461757, 0.150579, 0.000000, 0.000000, 0.000000, 1.000000, 0.008863, 0.092419, -0.995681, 0.085521, -0.998805, -0.047043, -0.013257, 0.004456, -0.048065, 0.994608, 0.091891, -0.012888, 0.000000, 0.000000, 0.000000, 1.000000
-19.9255, 75.0176, 106.4382, 492.8298, 561.8270, -66.0179, 150.6051, 85.5214, 4.4563, -12.8875, -0.372981, -0.781723, -0.499795, 0.075018, 0.878359, -0.123927, -0.461658, 0.106438, 0.298950, -0.611188, 0.732856, 0.492830, 0.000000, 0.000000, 0.000000, 1.000000, 0.298901, -0.611181, 0.732882, 0.561827, 0.372980, 0.781723, 0.499794, -0.066018, -0.878376, 0.123961, 0.461617, 0.150605, 0.000000, 0.000000, 0.000000, 1.000000, 0.008863, 0.092419, -0.995681, 0.085521, -0.998805, -0.047043, -0.013257, 0.004456, -0.048065, 0.994608, 0.091891, -0.012888, 0.000000, 0.000000, 0.000000, 1.000000
-19.9170, 75.0259, 106.4281, 492.8243, 561.8215, -66.0262, 150.6149, 85.5214, 4.4563, -12.8875, -0.372851, -0.781759, -0.499835, 0.075026, 0.878426, -0.123853, -0.461550, 0.106428, 0.298915, -0.611158, 0.732896, 0.492824, 0.000000, 0.000000, 0.000000, 1.000000, 0.298866, -0.611150, 0.732922, 0.561821, 0.372851, 0.781759, 0.499835, -0.066026, -0.878443, 0.123887, 0.461509, 0.150615, 0.000000, 0.000000, 0.000000, 1.000000, 0.008863, 0.092419, -0.995681, 0.085521, -0.998805, -0.047043, -0.013257, 0.004456, -0.048065, 0.994608, 0.091891, -0.012888, 0.000000, 0.000000, 0.000000, 1.000000
-19.9127, 75.0302, 106.4226, 492.8214, 561.8186, -66.0305, 150.6203, 85.5214, 4.4563, -12.8875, -0.372784, -0.781777, -0.499856, 0.075030, 0.878460, -0.123814, -0.461495, 0.106423, 0.298897, -0.611142, 0.732916, 0.492821, 0.000000, 0.000000, 0.000000, 1.000000, 0.298848, -0.611135, 0.732942, 0.561819, 0.372784, 0.781778, 0.499856, -0.066030, -0.878477, 0.123849, 0.461454, 0.150620, 0.000000, 0.000000, 0.000000, 1.000000, 0.008863, 0.092419, -0.995681, 0.085521, -0.998805, -0.047043, -0.013257, 0.004456, -0.048065, 0.994608, 0.091891, -0.012888, 0.000000, 0.000000, 0.000000, 1.000000
-19.9039, 75.0390, 106.4106, 492.8154, 561.8126, -66.0393, 150.6321, 85.5214, 4.4563, -12.8875, -0.372649, -0.781815, -0.499899, 0.075039, 0.878529, -0.123734, -0.461385, 0.106411, 0.298863, -0.611110, 0.732957, 0.492815, 0.000000, 0.000000, 0.000000, 1.000000, 0.298813, -0.611103, 0.732983, 0.561813, 0.372649, 0.781815, 0.499898, -0.066039, -0.878546, 0.123769, 0.461343, 0.150632, 0.000000, 0.000000, 0.000000, 1.000000, 0.008863, 0.092419, -0.995681, 0.085521, -0.998805, -0.047043, -0.013257, 0.004456, -0.048065, 0.994608, 0.091891, -0.012888, 0.000000, 0.000000, 0.000000, 1.000000
-19.8994, 75.0435, 106.4041, 492.8123, 561.8095, -66.0437, 150.6386, 85.5214, 4.4563, -12.8875, -0.372579, -0.781834, -0.499920, 0.075043, 0.878565, -0.123693, -0.461329, 0.106404, 0.298846, -0.611094, 0.732977, 0.492812, 0.000000, 0.000000, 0.000000, 1.000000, 0.298796, -0.611086, 0.733004, 0.561809, 0.372579, 0.781834, 0.499920, -0.066044, -0.878582, 0.123728, 0.461287, 0.150639, 0.000000, 0.000000, 0.000000, 1.000000, 0.008863, 0.092419, -0.995681, 0.085521, -0.998805, -0.047043, -0.013257, 0.004456, -0.048065, 0.994608, 0.091891, -0.012888, 0.000000, 0.000000, 0.000000, 1.000000
-19.8903, 75.0526, 106.3899, 492.8059, 561.8030, -66.0529, 150.6525, 85.5214, 4.4563, -12.8875, -0.372439, -0.781873, -0.499964, 0.075053, 0.878635, -0.123608, -0.461217, 0.106390, 0.298813, -0.611061, 0.733018, 0.492806, 0.000000, 0.000000, 0.000000, 1.000000, 0.298763, -0.611053, 0.733045, 0.561803, 0.372439, 0.781874, 0.499963, -0.066053, -0.878652, 0.123644, 0.461175, 0.150653, 0.000000, 0.000000, 0.000000, 1.000000, 0.008863, 0.092419, -0.995681, 0.085521, -0.998805, -0.047043, -0.013257, 0.004456, -0.048065, 0.994608, 0.091891, -0.012888, 0.000000, 0.000000, 0.000000, 1.000000
-19.8810, 75.0620, 106.3744, 492.7992, 561.7963, -66.0623, 150.6678, 85.5214, 4.4563, -12.8875, -0.372295, -0.781913, -0.500008, 0.075062, 0.878707, -0.123521, -0.461104, 0.106374, 0.298782, -0.611027, 0.733059, 0.492799, 0.000000, 0.000000, 0.000000, 1.000000, 0.298731, -0.611020, 0.733086, 0.561796, 0.372295, 0.781913, 0.500008, -0.066062, -0.878724, 0.123556, 0.461062, 0.150668, 0.000000, 0.000000, 0.000000, 1.000000, 0.008863, 0.092419, -0.995681, 0.085521, -0.998805, -0.047043, -0.013257, 0.004456, -0.048065, 0.994608, 0.091891, -0.012888, 0.000000, 0.000000, 0.000000, 1.000000
-19.8763, 75.0667, 106.3662, 492.7957, 561.7928, -66.0670, 150.6760, 85.5214, 4.4563, -12.8875, -0.372223, -0.781933, -0.500030, 0.075067, 0.878743, -0.123476, -0.461048, 0.106366, 0.298767, -0.611010, 0.733079, 0.492796, 0.000000, 0.000000, 0.000000, 1.000000, 0.298716, -0.611003, 0.733106, 0.561793, 0.372223, 0.781934, 0.500030, -0.066067, -0.878760, 0.123512, 0.461005, 0.150676, 0.000000, 0.000000, 0.000000, 1.000000, 0.008863, 0.092419, -0.995681, 0.085521, -0.998805, -0.047043, -0.013257, 0.004456, -0.048065, 0.994608, 0.091891, -0.012888, 0.000000, 0.000000, 0.000000, 1.000000
-19.8716, 75.0715, 106.3576, 492.7922, 561.7893, -66.0718, 150.6845, 85.5214, 4.4563, -12.8875, -0.372150, -0.781954, -0.500053, 0.075072, 0.878779, -0.123431, -0.460991, 0.106358, 0.298752, -0.610993, 0.733099, 0.492792, 0.000000, 0.000000, 0.000000, 1.000000, 0.298701, -0.610986, 0.733126, 0.561789, 0.372150, 0.781954, 0.500052, -0.066072, -0.878796, 0.123466, 0.460949, 0.150684, 0.000000, 0.000000, 0.000000, 1.000000, 0.008863, 0.092419, -0.995681, 0.085521, -0.998805, -0.047043, -0.013257, 0.004456, -0.048065, 0.994608, 0.091891, -0.012888, 0.000000, 0.000000, 0.000000, 1.000000
-19.8574, 75.0861, 106.3301, 492.7813, 561.7784, -66.0864, 150.7117, 85.5214, 4.4563, -12.8875, -0.371928, -0.782016, -0.500120, 0.075086, 0.878887, -0.123292, -0.460823, 0.106330, 0.298710, -0.610942, 0.733159, 0.492781, 0.000000, 0.000000, 0.000000, 1.000000, 0.298659, -0.610935, 0.733186, 0.561778, 0.371928, 0.782016, 0.500120, -0.066086, -0.878904, 0.123327, 0.460780, 0.150712, 0.000000, 0.000000, 0.000000, 1.000000, 0.008863, 0.092419, -0.995681, 0.085521, -0.998805, -0.047043, -0.013257, 0.004456, -0.048065, 0.994608, 0.091891, -0.012888, 0.000000, 0.000000, 0.000000, 1.000000
-19.8526, 75.0910, 106.3203, 492.7776, 561.7747, -66.0913, 150.7214, 85.5214, 4.4563, -12.8875, -0.371854, -0.782037, -0.500143, 0.075091, 0.878923, -0.123244, -0.460767, 0.106320, 0.298697, -0.610925, 0.733179, 0.492778, 0.000000, 0.000000, 0.000000, 1.000000, 0.298645, -0.610917, 0.733206, 0.561775, 0.371854, 0.782037, 0.500143, -0.066091, -0.878940, 0.123280, 0.460724, 0.150721, 0.000000, 0.000000, 0.000000, 1.000000, 0.008863, 0.092419, -0.995681, 0.085521, -0.998805, -0.047043, -0.013257, 0.004456, -0.048065, 0.994608, 0.091891, -0.012888, 0.000000, 0.000000, 0.000000, 1.000000
-19.8431, 75.1008, 106.3001, 492.7701, 561.7671, -66.1011, 150.7415, 85.5214, 4.4563, -12.8875, -0.371705, -0.782079, -0.500188, 0.075101, 0.878994, -0.123149, -0.460656, 0.106300, 0.298671, -0.610891, 0.733217, 0.492770, 0.000000, 0.000000, 0.000000, 1.000000, 0.298620, -0.610883, 0.733245, 0.561767, 0.371705, 0.782079, 0.500188, -0.066101, -0.879012, 0.123185, 0.460612, 0.150742, 0.000000, 0.000000, 0.000000, 1.000000, 0.008863, 0.092419, -0.995681, 0.085521, -0.998805, -0.047043, -0.013257, 0.004456, -0.048065, 0.994608, 0.091891, -0.012888, 0.000000, 0.000000, 0.000000, 1.000000
-19.8383, 75.1057, 106.2896, 492.7663, 561.7633, -66.1060, 150.7520, 85.5214, 4.4563, -12.8875, -0.371630, -0.782100, -0.500211, 0.075106, 0.879030, -0.123100, -0.460601, 0.106290, 0.298659, -0.610874, 0.733237, 0.492766, 0.000000, 0.000000, 0.000000, 1.000000, 0.298608, -0.610866, 0.733264, 0.561763, 0.371630, 0.782100, 0.500211, -0.066106, -0.879047, 0.123136, 0.460557, 0.150752, 0.000000, 0.000000, 0.000000, 1.000000, 0.008863, 0.092419, -0.995681, 0.085521, -0.998805, -0.047043, -0.013257, 0.004456, -0.048065, 0.994608, 0.091891, -0.012888, 0.000000, 0.000000, 0.000000, 1.000000
-19.8288, 75.1156, 106.2679, 492.7585, 561.7556, -66.1159, 150.7735, 85.5214, 4.4563, -12.8875, -0.371481, -0.782142, -0.500256, 0.075116, 0.879101, -0.123003, -0.460491, 0.106268, 0.298637, -0.610839, 0.733274, 0.492759, 0.000000, 0.000000, 0.000000, 1.000000, 0.298585, -0.610832, 0.733302, 0.561756, 0.371481, 0.782142, 0.500256, -0.066116, -0.879118, 0.123039, 0.460448, 0.150774, 0.000000, 0.000000, 0.000000, 1.000000, 0.008863, 0.092419, -0.995681, 0.085521, -0.998805, -0.047043, -0.013257, 0.004456, -0.048065, 0.994608, 0.091891, -0.012888, 0.000000, 0.000000, 0.000000, 1.000000
-19.8240, 75.1206, 106.2567, 492.7546, 561.7517, -66.1208, 150.7846, 85.5214, 4.4563, -12.8875, -0.371407, -0.782163, -0.500279, 0.075121, 0.879136, -0.122954, -0.460437, 0.106257, 0.298626, -0.610822, 0.733293, 0.492755, 0.000000, 0.000000, 0.000000, 1.000000, 0.298574, -0.610815, 0.733321, 0.561752, 0.371406, 0.782163, 0.500278, -0.066121, -0.879154, 0.122990, 0.460394, 0.150785, 0.000000, 0.000000, 0.000000, 1.000000, 0.008863, 0.092419, -0.995681, 0.085521, -0.998805, -0.047043, -0.013257, 0.004456, -0.048065, 0.994608, 0.091891, -0.012888, 0.000000, 0.000000, 0.000000, 1.000000
-19.8145, 75.1304, 106.2339, 492.7468, 561.7438, -66.1307, 150.8073, 85.5214, 4.4563, -12.8875, -0.371258, -0.782205, -0.500324, 0.075130, 0.879206, -0.122855, -0.460330, 0.106234, 0.298605, -0.610789, 0.733330, 0.492747, 0.000000, 0.000000, 0.000000, 1.000000, 0.298553, -0.610781, 0.733357, 0.561744, 0.371258, 0.782205, 0.500323, -0.066131, -0.879224, 0.122892, 0.460287, 0.150807, 0.000000, 0.000000, 0.000000, 1.000000, 0.008863, 0.092419, -0.995681, 0.085521, -0.998805, -0.047043, -0.013257, 0.004456, -0.048065, 0.994608, 0.091891, -0.012888, 0.000000, 0.000000, 0.000000, 1.000000
-19.8051, 75.1402, 106.2103, 492.7388, 561.7358, -66.1405, 150.8307, 85.5214, 4.4563, -12.8875, -0.371110, -0.782246, -0.500368, 0.075140, 0.879275, -0.122756, -0.460225, 0.106210, 0.298586, -0.610755, 0.733365, 0.492739, 0.000000, 0.000000, 0.000000, 1.000000, 0.298534, -0.610747, 0.733393, 0.561736, 0.371110, 0.782247, 0.500368, -0.066140, -0.879293, 0.122793, 0.460181, 0.150831, 0.000000, 0.000000, 0.000000, 1.000000, 0.008863, 0.092419, -0.995681, 0.085521, -0.998805, -0.047043, -0.013257, 0.004456, -0.048065, 0.994608, 0.091891, -0.012888, 0.000000, 0.000000, 0.000000, 1.000000
-19.8051, 75.1402, 106.2103, 492.7388, 561.7358, -66.1405, 150.8307, 85.5214, 4.4563, -12.8875, -0.371110, -0.782246, -0.500368, 0.075140, 0.879275, -0.122756, -0.460225, 0.106210, 0.298586, -0.610755, 0.733365, 0.492739, 0.000000, 0.000000, 0.000000, 1.000000, 0.298534, -0.610747, 0.733393, 0.561736, 0.371110, 0.782247, 0.500368, -0.066140, -0.879293, 0.122793, 0.460181, 0.150831, 0.000000, 0.000000, 0.000000, 1.000000, 0.008863, 0.092419, -0.995681, 0.085521, -0.998805, -0.047043, -0.013257, 0.004456, -0.048065, 0.994608, 0.091891, -0.012888, 0.000000, 0.000000, 0.000000, 1.000000
-19.8004, 75.1450, 106.1984, 492.7349, 561.7319, -66.1453, 150.8427, 85.5214, 4.4563, -12.8875, -0.371036, -0.782267, -0.500390, 0.075145, 0.879309, -0.122707, -0.460173, 0.106198, 0.298577, -0.610738, 0.733383, 0.492735, 0.000000, 0.000000, 0.000000, 1.000000, 0.298524, -0.610730, 0.733411, 0.561732, 0.371036, 0.782267, 0.500390, -0.066145, -0.879327, 0.122743, 0.460129, 0.150843, 0.000000, 0.000000, 0.000000, 1.000000, 0.008863, 0.092419, -0.995681, 0.085521, -0.998805, -0.047043, -0.013257, 0.004456, -0.048065, 0.994608, 0.091891, -0.012888, 0.000000, 0.000000, 0.000000, 1.000000
-19.7820, 75.1643, 106.1495, 492.7189, 561.7159, -66.1646, 150.8913, 85.5214, 4.4563, -12.8875, -0.370746, -0.782349, -0.500477, 0.075164, 0.879442, -0.122509, -0.459970, 0.106149, 0.298544, -0.610673, 0.733451, 0.492719, 0.000000, 0.000000, 0.000000, 1.000000, 0.298491, -0.610665, 0.733479, 0.561716, 0.370746, 0.782350, 0.500477, -0.066165, -0.879460, 0.122546, 0.459926, 0.150891, 0.000000, 0.000000, 0.000000, 1.000000, 0.008863, 0.092419, -0.995681, 0.085521, -0.998805, -0.047043, -0.013257, 0.004456, -0.048065, 0.994608, 0.091891, -0.012888, 0.000000, 0.000000, 0.000000, 1.000000
-19.7775, 75.1687, 106.1436, 492.7159, 561.7129, -66.1690, 150.8970, 85.5214, 4.4563, -12.8875, -0.370677, -0.782368, -0.500498, 0.075169, 0.879477, -0.122469, -0.459914, 0.106144, 0.298526, -0.610656, 0.733472, 0.492716, 0.000000, 0.000000, 0.000000, 1.000000, 0.298473, -0.610649, 0.733500, 0.561713, 0.370677, 0.782369, 0.500498, -0.066169, -0.879496, 0.122506, 0.459869, 0.150897, 0.000000, 0.000000, 0.000000, 1.000000, 0.008863, 0.092419, -0.995681, 0.085521, -0.998805, -0.047043, -0.013257, 0.004456, -0.048065, 0.994608, 0.091891, -0.012888, 0.000000, 0.000000, 0.000000, 1.000000
-19.7687, 75.1774, 106.1312, 492.7098, 561.7068, -66.1777, 150.9092, 85.5214, 4.4563, -12.8875, -0.370541, -0.782406, -0.500540, 0.075177, 0.879546, -0.122390, -0.459803, 0.106131, 0.298492, -0.610624, 0.733512, 0.492710, 0.000000, 0.000000, 0.000000, 1.000000, 0.298438, -0.610616, 0.733541, 0.561707, 0.370541, 0.782406, 0.500540, -0.066178, -0.879565, 0.122427, 0.459758, 0.150909, 0.000000, 0.000000, 0.000000, 1.000000, 0.008863, 0.092419, -0.995681, 0.085521, -0.998805, -0.047043, -0.013257, 0.004456, -0.048065, 0.994608, 0.091891, -0.012888, 0.000000, 0.000000, 0.000000, 1.000000
-19.7600, 75.1861, 106.1176, 492.7037, 561.7006, -66.1864, 150.9225, 85.5214, 4.4563, -12.8875, -0.370408, -0.782443, -0.500581, 0.075186, 0.879613, -0.122309, -0.459697, 0.106118, 0.298461, -0.610593, 0.733551, 0.492704, 0.000000, 0.000000, 0.000000, 1.000000, 0.298406, -0.610585, 0.733580, 0.561701, 0.370408, 0.782443, 0.500581, -0.066186, -0.879632, 0.122347, 0.459651, 0.150923, 0.000000, 0.000000, 0.000000, 1.000000, 0.008863, 0.092419, -0.995681, 0.085521, -0.998805, -0.047043, -0.013257, 0.004456, -0.048065, 0.994608, 0.091891, -0.012888, 0.000000, 0.000000, 0.000000, 1.000000
-19.7600, 75.1861, 106.1176, 492.7037, 561.7006, -66.1864, 150.9225, 85.5214, 4.4563, -12.8875, -0.370408, -0.782443, -0.500581, 0.075186, 0.879613, -0.122309, -0.459697, 0.106118, 0.298461, -0.610593, 0.733551, 0.492704, 0.000000, 0.000000, 0.000000, 1.000000, 0.298406, -0.610585, 0.733580, 0.561701, 0.370408, 0.782443, 0.500581, -0.066186, -0.879632, 0.122347, 0.459651, 0.150923, 0.000000, 0.000000, 0.000000, 1.000000, 0.008863, 0.092419, -0.995681, 0.085521, -0.998805, -0.047043, -0.013257, 0.004456, -0.048065, 0.994608, 0.091891, -0.012888, 0.000000, 0.000000, 0.000000, 1.000000
-19.7431, 75.2031, 106.0866, 492.6910, 561.6879, -66.2034, 150.9529, 85.5214, 4.4563, -12.8875, -0.370146, -0.782516, -0.500661, 0.075203, 0.879742, -0.122147, -0.459494, 0.106087, 0.298407, -0.610532, 0.733624, 0.492691, 0.000000, 0.000000, 0.000000, 1.000000, 0.298352, -0.610524, 0.733653, 0.561688, 0.370146, 0.782516, 0.500660, -0.066203, -0.879760, 0.122186, 0.459448, 0.150953, 0.000000, 0.000000, 0.000000, 1.000000, 0.008863, 0.092419, -0.995681, 0.085521, -0.998805, -0.047043, -0.013257, 0.004456, -0.048065, 0.994608, 0.091891, -0.012888, 0.000000, 0.000000, 0.000000, 1.000000
-19.7390, 75.2073, 106.0781, 492.6878, 561.6847, -66.2076, 150.9613, 85.5214, 4.4563, -12.8875, -0.370081, -0.782534, -0.500680, 0.075207, 0.879773, -0.122107, -0.459445, 0.106078, 0.298395, -0.610517, 0.733641, 0.492688, 0.000000, 0.000000, 0.000000, 1.000000, 0.298340, -0.610509, 0.733670, 0.561685, 0.370081, 0.782534, 0.500680, -0.066208, -0.879792, 0.122145, 0.459399, 0.150961, 0.000000, 0.000000, 0.000000, 1.000000, 0.008863, 0.092419, -0.995681, 0.085521, -0.998805, -0.047043, -0.013257, 0.004456, -0.048065, 0.994608, 0.091891, -0.012888, 0.000000, 0.000000, 0.000000, 1.000000
-19.7308, 75.2157, 106.0603, 492.6813, 561.6781, -66.2159, 150.9789, 85.5214, 4.4563, -12.8875, -0.369954, -0.782569, -0.500719, 0.075216, 0.879834, -0.122024, -0.459350, 0.106060, 0.298374, -0.610488, 0.733674, 0.492681, 0.000000, 0.000000, 0.000000, 1.000000, 0.298318, -0.610480, 0.733704, 0.561678, 0.369954, 0.782570, 0.500718, -0.066216, -0.879853, 0.122063, 0.459304, 0.150979, 0.000000, 0.000000, 0.000000, 1.000000, 0.008863, 0.092419, -0.995681, 0.085521, -0.998805, -0.047043, -0.013257, 0.004456, -0.048065, 0.994608, 0.091891, -0.012888, 0.000000, 0.000000, 0.000000, 1.000000
-19.7267, 75.2198, 106.0509, 492.6780, 561.6748, -66.2201, 150.9882, 85.5214, 4.4563, -12.8875, -0.369891, -0.782587, -0.500738, 0.075220, 0.879863, -0.121983, -0.459304, 0.106051, 0.298364, -0.610473, 0.733690, 0.492678, 0.000000, 0.000000, 0.000000, 1.000000, 0.298308, -0.610465, 0.733720, 0.561675, 0.369891, 0.782587, 0.500737, -0.066220, -0.879882, 0.122022, 0.459258, 0.150988, 0.000000, 0.000000, 0.000000, 1.000000, 0.008863, 0.092419, -0.995681, 0.085521, -0.998805, -0.047043, -0.013257, 0.004456, -0.048065, 0.994608, 0.091891, -0.012888, 0.000000, 0.000000, 0.000000, 1.000000
-19.7187, 75.2280, 106.0314, 492.6713, 561.6681, -66.2283, 151.0075, 85.5214, 4.4563, -12.8875, -0.369765, -0.782622, -0.500775, 0.075228, 0.879922, -0.121900, -0.459214, 0.106031, 0.298347, -0.610445, 0.733721, 0.492671, 0.000000, 0.000000, 0.000000, 1.000000, 0.298291, -0.610436, 0.733751, 0.561668, 0.369765, 0.782623, 0.500775, -0.066228, -0.879941, 0.121939, 0.459167, 0.151007, 0.000000, 0.000000, 0.000000, 1.000000, 0.008863, 0.092419, -0.995681, 0.085521, -0.998805, -0.047043, -0.013257, 0.004456, -0.048065, 0.994608, 0.091891, -0.012888, 0.000000, 0.000000, 0.000000, 1.000000
-19.7108, 75.2362, 106.0108, 492.6646, 561.6614, -66.2364, 151.0278, 85.5214, 4.4563, -12.8875, -0.369641, -0.782657, -0.500812, 0.075236, 0.879979, -0.121816, -0.459127, 0.106011, 0.298332, -0.610417, 0.733751, 0.492665, 0.000000, 0.000000, 0.000000, 1.000000, 0.298275, -0.610408, 0.733780, 0.561661, 0.369641, 0.782658, 0.500812, -0.066236, -0.879999, 0.121856, 0.459079, 0.151028, 0.000000, 0.000000, 0.000000, 1.000000, 0.008863, 0.092419, -0.995681, 0.085521, -0.998805, -0.047043, -0.013257, 0.004456, -0.048065, 0.994608, 0.091891, -0.012888, 0.000000, 0.000000, 0.000000, 1.000000
-19.7069, 75.2402, 106.0002, 492.6612, 561.6580, -66.2405, 151.0383, 85.5214, 4.4563, -12.8875, -0.369580, -0.782675, -0.500831, 0.075240, 0.880007, -0.121774, -0.459084, 0.106000, 0.298325, -0.610403, 0.733765, 0.492661, 0.000000, 0.000000, 0.000000, 1.000000, 0.298268, -0.610394, 0.733795, 0.561658, 0.369579, 0.782675, 0.500830, -0.066241, -0.880027, 0.121814, 0.459036, 0.151038, 0.000000, 0.000000, 0.000000, 1.000000, 0.008863, 0.092419, -0.995681, 0.085521, -0.998805, -0.047043, -0.013257, 0.004456, -0.048065, 0.994608, 0.091891, -0.012888, 0.000000, 0.000000, 0.000000, 1.000000
-19.6991, 75.2483, 105.9784, 492.6543, 561.6511, -66.2486, 151.0599, 85.5214, 4.4563, -12.8875, -0.369457, -0.782709, -0.500867, 0.075248, 0.880063, -0.121690, -0.459000, 0.105978, 0.298313, -0.610375, 0.733793, 0.492654, 0.000000, 0.000000, 0.000000, 1.000000, 0.298256, -0.610367, 0.733823, 0.561651, 0.369457, 0.782710, 0.500866, -0.066249, -0.880082, 0.121730, 0.458952, 0.151060, 0.000000, 0.000000, 0.000000, 1.000000, 0.008863, 0.092419, -0.995681, 0.085521, -0.998805, -0.047043, -0.013257, 0.004456, -0.048065, 0.994608, 0.091891, -0.012888, 0.000000, 0.000000, 0.000000, 1.000000
-19.6953, 75.2523, 105.9671, 492.6509, 561.6476, -66.2526, 151.0711, 85.5214, 4.4563, -12.8875, -0.369396, -0.782727, -0.500885, 0.075252, 0.880090, -0.121647, -0.458959, 0.105967, 0.298308, -0.610361, 0.733806, 0.492651, 0.000000, 0.000000, 0.000000, 1.000000, 0.298250, -0.610353, 0.733836, 0.561648, 0.369396, 0.782727, 0.500884, -0.066253, -0.880110, 0.121687, 0.458911, 0.151071, 0.000000, 0.000000, 0.000000, 1.000000, 0.008863, 0.092419, -0.995681, 0.085521, -0.998805, -0.047043, -0.013257, 0.004456, -0.048065, 0.994608, 0.091891, -0.012888, 0.000000, 0.000000, 0.000000, 1.000000
-19.6876, 75.2603, 105.9441, 492.6439, 561.6406, -66.2606, 151.0939, 85.5214, 4.4563, -12.8875, -0.369275, -0.782761, -0.500921, 0.075260, 0.880144, -0.121562, -0.458877, 0.105944, 0.298298, -0.610334, 0.733832, 0.492644, 0.000000, 0.000000, 0.000000, 1.000000, 0.298241, -0.610326, 0.733863, 0.561641, 0.369275, 0.782761, 0.500920, -0.066261, -0.880164, 0.121602, 0.458829, 0.151094, 0.000000, 0.000000, 0.000000, 1.000000, 0.008863, 0.092419, -0.995681, 0.085521, -0.998805, -0.047043, -0.013258, 0.004456, -0.048065, 0.994608, 0.091891, -0.012888, 0.000000, 0.000000, 0.000000, 1.000000
-19.6838, 75.2643, 105.9324, 492.6404, 561.6371, -66.2646, 151.1056, 85.5214, 4.4563, -12.8875, -0.369215, -0.782778, -0.500938, 0.075264, 0.880171, -0.121519, -0.458837, 0.105932, 0.298294, -0.610321, 0.733845, 0.492640, 0.000000, 0.000000, 0.000000, 1.000000, 0.298236, -0.610313, 0.733876, 0.561637, 0.369214, 0.782778, 0.500938, -0.066265, -0.880191, 0.121559, 0.458789, 0.151106, 0.000000, 0.000000, 0.000000, 1.000000, 0.008863, 0.092419, -0.995681, 0.085521, -0.998805, -0.047043, -0.013258, 0.004456, -0.048065, 0.994608, 0.091891, -0.012888, 0.000000, 0.000000, 0.000000, 1.000000
-19.6762, 75.2722, 105.9084, 492.6334, 561.6301, -66.2725, 151.1293, 85.5214, 4.4563, -12.8875, -0.369094, -0.782812, -0.500974, 0.075272, 0.880224, -0.121433, -0.458759, 0.105908, 0.298287, -0.610294, 0.733870, 0.492633, 0.000000, 0.000000, 0.000000, 1.000000, 0.298229, -0.610286, 0.733901, 0.561630, 0.369094, 0.782812, 0.500973, -0.066273, -0.880244, 0.121474, 0.458710, 0.151129, 0.000000, 0.000000, 0.000000, 1.000000, 0.008863, 0.092419, -0.995681, 0.085521, -0.998805, -0.047043, -0.013258, 0.004456, -0.048065, 0.994608, 0.091891, -0.012888, 0.000000, 0.000000, 0.000000, 1.000000
-19.6724, 75.2762, 105.8963, 492.6298, 561.6266, -66.2765, 151.1414, 85.5214, 4.4563, -12.8875, -0.369034, -0.782829, -0.500991, 0.075276, 0.880250, -0.121390, -0.458720, 0.105896, 0.298284, -0.610281, 0.733883, 0.492630, 0.000000, 0.000000, 0.000000, 1.000000, 0.298225, -0.610273, 0.733913, 0.561627, 0.369034, 0.782829, 0.500991, -0.066276, -0.880270, 0.121431, 0.458671, 0.151141, 0.000000, 0.000000, 0.000000, 1.000000, 0.008863, 0.092419, -0.995681, 0.085521, -0.998805, -0.047043, -0.013258, 0.004456, -0.048065, 0.994608, 0.091891, -0.012888, 0.000000, 0.000000, 0.000000, 1.000000
-19.6574, 75.2919, 105.8467, 492.6156, 561.6123, -66.2922, 151.1906, 85.5214, 4.4563, -12.8875, -0.368795, -0.782897, -0.501061, 0.075292, 0.880354, -0.121217, -0.458566, 0.105847, 0.298273, -0.610228, 0.733931, 0.492616, 0.000000, 0.000000, 0.000000, 1.000000, 0.298214, -0.610220, 0.733962, 0.561612, 0.368795, 0.782897, 0.501061, -0.066292, -0.880374, 0.121258, 0.458517, 0.151191, 0.000000, 0.000000, 0.000000, 1.000000, 0.008863, 0.092419, -0.995681, 0.085521, -0.998805, -0.047043, -0.013258, 0.004456, -0.048065, 0.994608, 0.091891, -0.012888, 0.000000, 0.000000, 0.000000, 1.000000
-19.6537, 75.2958, 105.8342, 492.6121, 561.6088, -66.2961, 151.2031, 85.5214, 4.4563, -12.8875, -0.368736, -0.782914, -0.501079, 0.075296, 0.880380, -0.121174, -0.458528, 0.105834, 0.298270, -0.610215, 0.733943, 0.492612, 0.000000, 0.000000, 0.000000, 1.000000, 0.298212, -0.610207, 0.733974, 0.561609, 0.368736, 0.782914, 0.501078, -0.066296, -0.880400, 0.121215, 0.458479, 0.151203, 0.000000, 0.000000, 0.000000, 1.000000, 0.008863, 0.092419, -0.995681, 0.085521, -0.998805, -0.047043, -0.013258, 0.004456, -0.048065, 0.994608, 0.091891, -0.012888, 0.000000, 0.000000, 0.000000, 1.000000
