# Joint_5_Angle(deg), Cam_X(mm), Cam_Y(mm), Cam_Z(mm), Torso_X(mm), Torso_Y(mm), Torso_Z(mm), EE_X(mm), EE_Y(mm), EE_Z(mm), T_cam2marker_flat(16), T_torso2marker_flat(16), T_ee2marker_flat(16)
-29.9996, -43.2237, 18.8169, 194.9451, 216.9383, 43.2234, 181.1861, 18.7732, -107.0371, 7.0556, 0.859487, 0.496397, 0.121950, -0.043224, -0.487232, 0.867736, -0.098178, 0.018817, -0.154556, 0.024964, 0.987669, 0.194945, 0.000000, 0.000000, 0.000000, 1.000000, -0.154381, 0.024650, 0.987704, 0.216938, -0.859487, -0.496397, -0.121952, 0.043223, 0.487287, -0.867745, 0.097821, 0.181186, 0.000000, 0.000000, 0.000000, 1.000000, -0.997234, 0.073445, 0.011379, 0.018773, 0.008999, -0.032650, 0.999426, -0.107037, 0.073775, 0.996765, 0.031898, 0.007056, 0.000000, 0.000000, 0.000000, 1.000000
-29.9998, -43.2239, 18.8152, 194.9443, 216.9375, 43.2236, 181.1879, 18.7731, -107.0374, 7.0554, 0.859487, 0.496398, 0.121950, -0.043224, -0.487232, 0.867736, -0.098182, 0.018815, -0.154558, 0.024968, 0.987668, 0.194944, 0.000000, 0.000000, 0.000000, 1.000000, -0.154384, 0.024655, 0.987703, 0.216938, -0.859486, -0.496398, -0.121952, 0.043224, 0.487287, -0.867745, 0.097826, 0.181188, 0.000000, 0.000000, 0.000000, 1.000000, -0.997234, 0.073445, 0.011379, 0.018773, 0.008999, -0.032650, 0.999426, -0.107037, 0.073775, 0.996765, 0.031898, 0.007055, 0.000000, 0.000000, 0.000000, 1.000000
-29.9999, -43.2240, 18.8145, 194.9439, 216.9372, 43.2237, 181.1887, 18.7731, -107.0375, 7.0553, 0.859486, 0.496399, 0.121950, -0.043224, -0.487232, 0.867735, -0.098184, 0.018814, -0.154559, 0.024970, 0.987668, 0.194944, 0.000000, 0.000000, 0.000000, 1.000000, -0.154385, 0.024657, 0.987703, 0.216937, -0.859486, -0.496399, -0.121952, 0.043224, 0.487288, -0.867744, 0.097828, 0.181189, 0.000000, 0.000000, 0.000000, 1.000000, -0.997234, 0.073445, 0.011379, 0.018773, 0.008999, -0.032650, 0.999426, -0.107037, 0.073775, 0.996765, 0.031898, 0.007055, 0.000000, 0.000000, 0.000000, 1.000000
-30.0002, -43.2244, 18.8128, 194.9430, 216.9363, 43.2241, 181.1906, 18.7730, -107.0377, 7.0550, 0.859485, 0.496401, 0.121950, -0.043224, -0.487233, 0.867734, -0.098189, 0.018813, -0.154562, 0.024974, 0.987667, 0.194943, 0.000000, 0.000000, 0.000000, 1.000000, -0.154388, 0.024661, 0.987703, 0.216936, -0.859485, -0.496401, -0.121952, 0.043224, 0.487289, -0.867743, 0.097834, 0.181191, 0.000000, 0.000000, 0.000000, 1.000000, -0.997234, 0.073445, 0.011379, 0.018773, 0.008999, -0.032649, 0.999426, -0.107038, 0.073775, 0.996765, 0.031898, 0.007055, 0.000000, 0.000000, 0.000000, 1.000000
-30.0003, -43.2246, 18.8123, 194.9428, 216.9361, 43.2243, 181.1911, 18.7730, -107.0378, 7.0550, 0.859485, 0.496401, 0.121950, -0.043225, -0.487234, 0.867734, -0.098191, 0.018812, -0.154562, 0.024975, 0.987667, 0.194943, 0.000000, 0.000000, 0.000000, 1.000000, -0.154388, 0.024663, 0.987702, 0.216936, -0.859485, -0.496401, -0.121952, 0.043224, 0.487289, -0.867743, 0.097836, 0.181191, 0.000000, 0.000000, 0.000000, 1.000000, -0.997234, 0.073445, 0.011379, 0.018773, 0.008999, -0.032649, 0.999426, -0.107038, 0.073775, 0.996765, 0.031898, 0.007055, 0.000000, 0.000000, 0.000000, 1.000000
-30.0005, -43.2264, 18.8209, 194.9459, 216.9392, 43.2261, 181.1825, 18.7745, -107.0369, 7.0554, 0.859478, 0.496413, 0.121948, -0.043226, -0.487248, 0.867728, -0.098171, 0.018821, -0.154551, 0.024957, 0.987670, 0.194946, 0.000000, 0.000000, 0.000000, 1.000000, -0.154377, 0.024644, 0.987705, 0.216939, -0.859478, -0.496413, -0.121950, 0.043226, 0.487304, -0.867737, 0.097816, 0.181182, 0.000000, 0.000000, 0.000000, 1.000000, -0.997234, 0.073446, 0.011379, 0.018774, 0.009000, -0.032649, 0.999426, -0.107037, 0.073775, 0.996765, 0.031898, 0.007055, 0.000000, 0.000000, 0.000000, 1.000000
-30.0008, -43.2285, 18.8319, 194.9499, 216.9432, 43.2282, 181.1715, 18.7763, -107.0358, 7.0560, 0.859471, 0.496426, 0.121946, -0.043228, -0.487266, 0.867721, -0.098145, 0.018832, -0.154537, 0.024933, 0.987672, 0.194950, 0.000000, 0.000000, 0.000000, 1.000000, -0.154363, 0.024620, 0.987707, 0.216943, -0.859471, -0.496426, -0.121948, 0.043228, 0.487322, -0.867730, 0.097790, 0.181171, 0.000000, 0.000000, 0.000000, 1.000000, -0.997234, 0.073446, 0.011379, 0.018776, 0.009000, -0.032648, 0.999426, -0.107036, 0.073775, 0.996765, 0.031897, 0.007056, 0.000000, 0.000000, 0.000000, 1.000000
-30.0008, -43.2285, 18.8319, 194.9499, 216.9432, 43.2282, 181.1715, 18.7763, -107.0358, 7.0560, 0.859471, 0.496426, 0.121946, -0.043228, -0.487266, 0.867721, -0.098145, 0.018832, -0.154537, 0.024933, 0.987672, 0.194950, 0.000000, 0.000000, 0.000000, 1.000000, -0.154363, 0.024620, 0.987707, 0.216943, -0.859471, -0.496426, -0.121948, 0.043228, 0.487322, -0.867730, 0.097790, 0.181171, 0.000000, 0.000000, 0.000000, 1.000000, -0.997234, 0.073446, 0.011379, 0.018776, 0.009000, -0.032648, 0.999426, -0.107036, 0.073775, 0.996765, 0.031897, 0.007056, 0.000000, 0.000000, 0.000000, 1.000000
-30.0010, -43.2311, 18.8463, 194.9553, 216.9486, 43.2308, 181.1570, 18.7787, -107.0343, 7.0568, 0.859461, 0.496444, 0.121943, -0.043231, -0.487289, 0.867712, -0.098112, 0.018846, -0.154518, 0.024901, 0.987676, 0.194955, 0.000000, 0.000000, 0.000000, 1.000000, -0.154344, 0.024589, 0.987711, 0.216949, -0.859461, -0.496444, -0.121945, 0.043231, 0.487345, -0.867721, 0.097756, 0.181157, 0.000000, 0.000000, 0.000000, 1.000000, -0.997234, 0.073446, 0.011379, 0.018779, 0.009000, -0.032647, 0.999426, -0.107034, 0.073775, 0.996765, 0.031896, 0.007057, 0.000000, 0.000000, 0.000000, 1.000000
-30.0010, -43.2318, 18.8505, 194.9569, 216.9501, 43.2315, 181.1528, 18.7793, -107.0338, 7.0571, 0.859459, 0.496448, 0.121943, -0.043232, -0.487295, 0.867709, -0.098102, 0.018851, -0.154513, 0.024892, 0.987677, 0.194957, 0.000000, 0.000000, 0.000000, 1.000000, -0.154339, 0.024579, 0.987712, 0.216950, -0.859458, -0.496448, -0.121944, 0.043231, 0.487351, -0.867718, 0.097746, 0.181153, 0.000000, 0.000000, 0.000000, 1.000000, -0.997234, 0.073446, 0.011379, 0.018779, 0.009000, -0.032647, 0.999426, -0.107034, 0.073775, 0.996765, 0.031896, 0.007057, 0.000000, 0.000000, 0.000000, 1.000000
-30.0009, -43.2326, 18.8579, 194.9597, 216.9529, 43.2323, 181.1454, 18.7804, -107.0330, 7.0576, 0.859455, 0.496454, 0.121941, -0.043233, -0.487304, 0.867706, -0.098083, 0.018858, -0.154503, 0.024876, 0.987679, 0.194960, 0.000000, 0.000000, 0.000000, 1.000000, -0.154329, 0.024563, 0.987714, 0.216953, -0.859455, -0.496454, -0.121943, 0.043232, 0.487360, -0.867715, 0.097728, 0.181145, 0.000000, 0.000000, 0.000000, 1.000000, -0.997234, 0.073446, 0.011379, 0.018780, 0.009000, -0.032647, 0.999426, -0.107033, 0.073775, 0.996765, 0.031895, 0.007058, 0.000000, 0.000000, 0.000000, 1.000000
-30.0008, -43.2328, 18.8611, 194.9609, 216.9542, 43.2325, 181.1422, 18.7807, -107.0326, 7.0579, 0.859455, 0.496456, 0.121941, -0.043233, -0.487307, 0.867706, -0.098075, 0.018861, -0.154499, 0.024869, 0.987680, 0.194961, 0.000000, 0.000000, 0.000000, 1.000000, -0.154325, 0.024556, 0.987715, 0.216954, -0.859454, -0.496456, -0.121942, 0.043233, 0.487362, -0.867715, 0.097720, 0.181142, 0.000000, 0.000000, 0.000000, 1.000000, -0.997234, 0.073446, 0.011379, 0.018781, 0.009000, -0.032647, 0.999426, -0.107033, 0.073775, 0.996765, 0.031895, 0.007058, 0.000000, 0.000000, 0.000000, 1.000000
-30.0006, -43.2327, 18.8639, 194.9620, 216.9553, 43.2325, 181.1394, 18.7810, -107.0322, 7.0582, 0.859455, 0.496456, 0.121940, -0.043233, -0.487308, 0.867706, -0.098068, 0.018864, -0.154495, 0.024862, 0.987681, 0.194962, 0.000000, 0.000000, 0.000000, 1.000000, -0.154320, 0.024549, 0.987716, 0.216955, -0.859454, -0.496456, -0.121942, 0.043232, 0.487364, -0.867715, 0.097712, 0.181139, 0.000000, 0.000000, 0.000000, 1.000000, -0.997234, 0.073446, 0.011379, 0.018781, 0.009000, -0.032647, 0.999426, -0.107032, 0.073775, 0.996765, 0.031895, 0.007058, 0.000000, 0.000000, 0.000000, 1.000000
-29.9990, -43.2300, 18.8710, 194.9651, 216.9584, 43.2297, 181.1323, 18.7810, -107.0309, 7.0597, 0.859463, 0.496441, 0.121939, -0.043230, -0.487297, 0.867715, -0.098044, 0.018871, -0.154481, 0.024844, 0.987683, 0.194965, 0.000000, 0.000000, 0.000000, 1.000000, -0.154307, 0.024531, 0.987718, 0.216958, -0.859463, -0.496441, -0.121941, 0.043230, 0.487352, -0.867724, 0.097688, 0.181132, 0.000000, 0.000000, 0.000000, 1.000000, -0.997234, 0.073446, 0.011378, 0.018781, 0.008999, -0.032648, 0.999426, -0.107031, 0.073775, 0.996765, 0.031896, 0.007060, 0.000000, 0.000000, 0.000000, 1.000000
-29.9984, -43.2286, 18.8718, 194.9656, 216.9588, 43.2283, 181.1315, 18.7807, -107.0306, 7.0601, 0.859468, 0.496433, 0.121939, -0.043229, -0.487289, 0.867720, -0.098039, 0.018872, -0.154479, 0.024842, 0.987684, 0.194966, 0.000000, 0.000000, 0.000000, 1.000000, -0.154305, 0.024529, 0.987719, 0.216959, -0.859468, -0.496433, -0.121941, 0.043228, 0.487345, -0.867729, 0.097684, 0.181131, 0.000000, 0.000000, 0.000000, 1.000000, -0.997234, 0.073446, 0.011378, 0.018781, 0.008998, -0.032648, 0.999426, -0.107031, 0.073775, 0.996765, 0.031897, 0.007060, 0.000000, 0.000000, 0.000000, 1.000000
-29.9968, -43.2254, 18.8752, 194.9673, 216.9605, 43.2251, 181.1280, 18.7801, -107.0298, 7.0613, 0.859479, 0.496415, 0.121939, -0.043225, -0.487274, 0.867730, -0.098024, 0.018875, -0.154471, 0.024832, 0.987685, 0.194967, 0.000000, 0.000000, 0.000000, 1.000000, -0.154297, 0.024519, 0.987720, 0.216961, -0.859478, -0.496415, -0.121940, 0.043225, 0.487329, -0.867739, 0.097669, 0.181128, 0.000000, 0.000000, 0.000000, 1.000000, -0.997234, 0.073445, 0.011377, 0.018780, 0.008998, -0.032649, 0.999426, -0.107030, 0.073775, 0.996765, 0.031898, 0.007061, 0.000000, 0.000000, 0.000000, 1.000000
-29.9958, -43.2234, 18.8777, 194.9684, 216.9617, 43.2231, 181.1255, 18.7798, -107.0292, 7.0621, 0.859485, 0.496404, 0.121939, -0.043223, -0.487264, 0.867737, -0.098014, 0.018878, -0.154465, 0.024825, 0.987686, 0.194968, 0.000000, 0.000000, 0.000000, 1.000000, -0.154291, 0.024512, 0.987721, 0.216962, -0.859485, -0.496404, -0.121940, 0.043223, 0.487320, -0.867746, 0.097658, 0.181126, 0.000000, 0.000000, 0.000000, 1.000000, -0.997234, 0.073445, 0.011377, 0.018780, 0.008997, -0.032650, 0.999426, -0.107029, 0.073775, 0.996765, 0.031899, 0.007062, 0.000000, 0.000000, 0.000000, 1.000000
-29.9933, -43.2182, 18.8808, 194.9702, 216.9635, 43.2179, 181.1224, 18.7786, -107.0281, 7.0638, 0.859502, 0.496374, 0.121939, -0.043218, -0.487237, 0.867754, -0.097996, 0.018881, -0.154456, 0.024815, 0.987688, 0.194970, 0.000000, 0.000000, 0.000000, 1.000000, -0.154281, 0.024502, 0.987723, 0.216963, -0.859502, -0.496374, -0.121940, 0.043218, 0.487292, -0.867763, 0.097640, 0.181122, 0.000000, 0.000000, 0.000000, 1.000000, -0.997234, 0.073445, 0.011375, 0.018779, 0.008996, -0.032652, 0.999426, -0.107028, 0.073775, 0.996765, 0.031901, 0.007064, 0.000000, 0.000000, 0.000000, 1.000000
-29.9919, -43.2148, 18.8814, 194.9708, 216.9641, 43.2145, 181.1217, 18.7777, -107.0275, 7.0647, 0.859513, 0.496355, 0.121939, -0.043215, -0.487218, 0.867765, -0.097989, 0.018881, -0.154451, 0.024812, 0.987689, 0.194971, 0.000000, 0.000000, 0.000000, 1.000000, -0.154277, 0.024498, 0.987724, 0.216964, -0.859513, -0.496355, -0.121940, 0.043215, 0.487274, -0.867774, 0.097633, 0.181122, 0.000000, 0.000000, 0.000000, 1.000000, -0.997234, 0.073445, 0.011375, 0.018778, 0.008995, -0.032653, 0.999426, -0.107028, 0.073775, 0.996765, 0.031902, 0.007065, 0.000000, 0.000000, 0.000000, 1.000000
-29.9885, -43.2067, 18.8808, 194.9715, 216.9647, 43.2064, 181.1223, 18.7752, -107.0265, 7.0668, 0.859540, 0.496308, 0.121939, -0.043207, -0.487173, 0.867792, -0.097976, 0.018881, -0.154444, 0.024809, 0.987690, 0.194971, 0.000000, 0.000000, 0.000000, 1.000000, -0.154270, 0.024495, 0.987725, 0.216965, -0.859540, -0.496308, -0.121941, 0.043206, 0.487229, -0.867801, 0.097619, 0.181122, 0.000000, 0.000000, 0.000000, 1.000000, -0.997234, 0.073445, 0.011373, 0.018775, 0.008993, -0.032656, 0.999426, -0.107027, 0.073775, 0.996764, 0.031905, 0.007067, 0.000000, 0.000000, 0.000000, 1.000000
-29.9865, -43.2019, 18.8796, 194.9715, 216.9647, 43.2016, 181.1235, 18.7737, -107.0260, 7.0679, 0.859556, 0.496280, 0.121940, -0.043202, -0.487146, 0.867808, -0.097971, 0.018880, -0.154441, 0.024809, 0.987690, 0.194971, 0.000000, 0.000000, 0.000000, 1.000000, -0.154267, 0.024495, 0.987726, 0.216965, -0.859556, -0.496280, -0.121941, 0.043202, 0.487201, -0.867817, 0.097614, 0.181123, 0.000000, 0.000000, 0.000000, 1.000000, -0.997234, 0.073445, 0.011372, 0.018774, 0.008991, -0.032657, 0.999426, -0.107026, 0.073775, 0.996764, 0.031907, 0.007068, 0.000000, 0.000000, 0.000000, 1.000000
-29.9794, -43.1843, 18.8722, 194.9704, 216.9636, 43.1840, 181.1308, 18.7677, -107.0246, 7.0717, 0.859615, 0.496177, 0.121942, -0.043184, -0.487044, 0.867867, -0.097959, 0.018872, -0.154434, 0.024816, 0.987691, 0.194970, 0.000000, 0.000000, 0.000000, 1.000000, -0.154260, 0.024501, 0.987726, 0.216964, -0.859615, -0.496177, -0.121944, 0.043184, 0.487099, -0.867876, 0.097602, 0.181131, 0.000000, 0.000000, 0.000000, 1.000000, -0.997234, 0.073445, 0.011368, 0.018768, 0.008987, -0.032663, 0.999426, -0.107025, 0.073774, 0.996764, 0.031913, 0.007072, 0.000000, 0.000000, 0.000000, 1.000000
-29.9738, -43.1698, 18.8642, 194.9687, 216.9619, 43.1695, 181.1388, 18.7626, -107.0237, 7.0746, 0.859664, 0.496092, 0.121944, -0.043170, -0.486958, 0.867915, -0.097954, 0.018864, -0.154432, 0.024826, 0.987692, 0.194969, 0.000000, 0.000000, 0.000000, 1.000000, -0.154257, 0.024511, 0.987727, 0.216962, -0.859664, -0.496092, -0.121946, 0.043170, 0.487014, -0.867924, 0.097597, 0.181139, 0.000000, 0.000000, 0.000000, 1.000000, -0.997235, 0.073445, 0.011365, 0.018763, 0.008984, -0.032668, 0.999426, -0.107024, 0.073774, 0.996764, 0.031918, 0.007075, 0.000000, 0.000000, 0.000000, 1.000000
-29.9672, -43.1531, 18.8539, 194.9663, 216.9595, 43.1528, 181.1491, 18.7565, -107.0228, 7.0779, 0.859721, 0.495993, 0.121947, -0.043153, -0.486859, 0.867971, -0.097952, 0.018854, -0.154430, 0.024840, 0.987691, 0.194966, 0.000000, 0.000000, 0.000000, 1.000000, -0.154255, 0.024525, 0.987727, 0.216960, -0.859720, -0.495994, -0.121949, 0.043153, 0.486915, -0.867980, 0.097595, 0.181149, 0.000000, 0.000000, 0.000000, 1.000000, -0.997235, 0.073445, 0.011361, 0.018757, 0.008980, -0.032674, 0.999426, -0.107023, 0.073774, 0.996764, 0.031924, 0.007078, 0.000000, 0.000000, 0.000000, 1.000000
-29.9637, -43.1444, 18.8510, 194.9660, 216.9593, 43.1441, 181.1519, 18.7537, -107.0220, 7.0799, 0.859750, 0.495943, 0.121948, -0.043144, -0.486809, 0.868000, -0.097944, 0.018851, -0.154425, 0.024842, 0.987692, 0.194966, 0.000000, 0.000000, 0.000000, 1.000000, -0.154251, 0.024527, 0.987727, 0.216959, -0.859749, -0.495943, -0.121949, 0.043144, 0.486865, -0.868009, 0.097587, 0.181152, 0.000000, 0.000000, 0.000000, 1.000000, -0.997235, 0.073445, 0.011359, 0.018754, 0.008978, -0.032677, 0.999426, -0.107022, 0.073774, 0.996764, 0.031927, 0.007080, 0.000000, 0.000000, 0.000000, 1.000000
-29.9560, -43.1252, 18.8431, 194.9649, 216.9581, 43.1249, 181.1597, 18.7472, -107.0205, 7.0840, 0.859814, 0.495831, 0.121950, -0.043125, -0.486698, 0.868063, -0.097930, 0.018843, -0.154418, 0.024849, 0.987693, 0.194965, 0.000000, 0.000000, 0.000000, 1.000000, -0.154243, 0.024534, 0.987728, 0.216958, -0.859814, -0.495831, -0.121952, 0.043125, 0.486754, -0.868072, 0.097573, 0.181160, 0.000000, 0.000000, 0.000000, 1.000000, -0.997235, 0.073445, 0.011355, 0.018747, 0.008973, -0.032683, 0.999425, -0.107020, 0.073774, 0.996764, 0.031934, 0.007084, 0.000000, 0.000000, 0.000000, 1.000000
-29.9519, -43.1147, 18.8382, 194.9640, 216.9572, 43.1144, 181.1646, 18.7436, -107.0197, 7.0863, 0.859849, 0.495770, 0.121952, -0.043115, -0.486637, 0.868098, -0.097925, 0.018838, -0.154414, 0.024854, 0.987694, 0.194964, 0.000000, 0.000000, 0.000000, 1.000000, -0.154239, 0.024539, 0.987729, 0.216957, -0.859849, -0.495770, -0.121953, 0.043114, 0.486693, -0.868107, 0.097567, 0.181165, 0.000000, 0.000000, 0.000000, 1.000000, -0.997235, 0.073445, 0.011353, 0.018744, 0.008971, -0.032687, 0.999425, -0.107020, 0.073774, 0.996763, 0.031938, 0.007086, 0.000000, 0.000000, 0.000000, 1.000000
-29.9429, -43.0920, 18.8262, 194.9615, 216.9547, 43.0917, 181.1765, 18.7356, -107.0182, 7.0909, 0.859925, 0.495637, 0.121955, -0.043092, -0.486504, 0.868174, -0.097916, 0.018826, -0.154409, 0.024869, 0.987694, 0.194962, 0.000000, 0.000000, 0.000000, 1.000000, -0.154234, 0.024553, 0.987729, 0.216955, -0.859925, -0.495637, -0.121956, 0.043092, 0.486560, -0.868183, 0.097558, 0.181176, 0.000000, 0.000000, 0.000000, 1.000000, -0.997235, 0.073445, 0.011348, 0.018736, 0.008965, -0.032694, 0.999425, -0.107018, 0.073773, 0.996763, 0.031946, 0.007091, 0.000000, 0.000000, 0.000000, 1.000000
-29.9382, -43.0797, 18.8193, 194.9600, 216.9532, 43.0794, 181.1834, 18.7312, -107.0175, 7.0934, 0.859966, 0.495565, 0.121957, -0.043080, -0.486432, 0.868215, -0.097913, 0.018819, -0.154407, 0.024878, 0.987694, 0.194960, 0.000000, 0.000000, 0.000000, 1.000000, -0.154231, 0.024562, 0.987729, 0.216953, -0.859966, -0.495565, -0.121958, 0.043079, 0.486488, -0.868224, 0.097554, 0.181183, 0.000000, 0.000000, 0.000000, 1.000000, -0.997235, 0.073445, 0.011346, 0.018731, 0.008963, -0.032699, 0.999425, -0.107017, 0.073773, 0.996763, 0.031950, 0.007093, 0.000000, 0.000000, 0.000000, 1.000000
-29.9279, -43.0534, 18.8035, 194.9564, 216.9496, 43.0531, 181.1992, 18.7218, -107.0160, 7.0986, 0.860055, 0.495410, 0.121961, -0.043053, -0.486277, 0.868302, -0.097908, 0.018803, -0.154403, 0.024899, 0.987694, 0.194956, 0.000000, 0.000000, 0.000000, 1.000000, -0.154228, 0.024583, 0.987729, 0.216950, -0.860055, -0.495410, -0.121962, 0.043053, 0.486333, -0.868311, 0.097549, 0.181199, 0.000000, 0.000000, 0.000000, 1.000000, -0.997235, 0.073444, 0.011340, 0.018722, 0.008956, -0.032708, 0.999425, -0.107016, 0.073773, 0.996763, 0.031959, 0.007099, 0.000000, 0.000000, 0.000000, 1.000000
-29.9225, -43.0394, 18.7946, 194.9543, 216.9475, 43.0391, 181.2080, 18.7167, -107.0152, 7.1013, 0.860102, 0.495328, 0.121963, -0.043039, -0.486194, 0.868349, -0.097906, 0.018795, -0.154402, 0.024912, 0.987694, 0.194954, 0.000000, 0.000000, 0.000000, 1.000000, -0.154227, 0.024595, 0.987729, 0.216948, -0.860102, -0.495328, -0.121965, 0.043039, 0.486250, -0.868358, 0.097547, 0.181208, 0.000000, 0.000000, 0.000000, 1.000000, -0.997235, 0.073444, 0.011337, 0.018717, 0.008953, -0.032712, 0.999425, -0.107015, 0.073773, 0.996763, 0.031964, 0.007101, 0.000000, 0.000000, 0.000000, 1.000000
-29.9169, -43.0248, 18.7852, 194.9520, 216.9453, 43.0245, 181.2174, 18.7114, -107.0145, 7.1041, 0.860151, 0.495242, 0.121965, -0.043025, -0.486108, 0.868397, -0.097905, 0.018785, -0.154401, 0.024925, 0.987694, 0.194952, 0.000000, 0.000000, 0.000000, 1.000000, -0.154226, 0.024608, 0.987729, 0.216945, -0.860151, -0.495242, -0.121967, 0.043025, 0.486164, -0.868406, 0.097546, 0.181217, 0.000000, 0.000000, 0.000000, 1.000000, -0.997235, 0.073444, 0.011334, 0.018711, 0.008950, -0.032717, 0.999425, -0.107014, 0.073773, 0.996763, 0.031969, 0.007104, 0.000000, 0.000000, 0.000000, 1.000000
-29.8923, -42.9608, 18.7421, 194.9414, 216.9346, 42.9605, 181.2604, 18.6880, -107.0115, 7.1162, 0.860366, 0.494866, 0.121976, -0.042961, -0.485728, 0.868610, -0.097906, 0.018742, -0.154400, 0.024988, 0.987692, 0.194941, 0.000000, 0.000000, 0.000000, 1.000000, -0.154224, 0.024671, 0.987728, 0.216935, -0.860365, -0.494866, -0.121977, 0.042961, 0.485784, -0.868619, 0.097546, 0.181260, 0.000000, 0.000000, 0.000000, 1.000000, -0.997235, 0.073444, 0.011321, 0.018688, 0.008935, -0.032739, 0.999424, -0.107011, 0.073772, 0.996762, 0.031992, 0.007116, 0.000000, 0.000000, 0.000000, 1.000000
-29.8857, -42.9436, 18.7301, 194.9383, 216.9315, 42.9433, 181.2724, 18.6816, -107.0107, 7.1194, 0.860424, 0.494765, 0.121979, -0.042944, -0.485625, 0.868667, -0.097907, 0.018730, -0.154400, 0.025005, 0.987692, 0.194938, 0.000000, 0.000000, 0.000000, 1.000000, -0.154224, 0.024688, 0.987727, 0.216932, -0.860423, -0.494765, -0.121980, 0.042943, 0.485681, -0.868676, 0.097547, 0.181272, 0.000000, 0.000000, 0.000000, 1.000000, -0.997235, 0.073444, 0.011318, 0.018682, 0.008931, -0.032745, 0.999424, -0.107011, 0.073772, 0.996762, 0.031998, 0.007119, 0.000000, 0.000000, 0.000000, 1.000000
-29.8720, -42.9076, 18.7048, 194.9319, 216.9251, 42.9073, 181.2976, 18.6683, -107.0092, 7.1261, 0.860544, 0.494553, 0.121985, -0.042908, -0.485411, 0.868786, -0.097910, 0.018705, -0.154400, 0.025043, 0.987691, 0.194932, 0.000000, 0.000000, 0.000000, 1.000000, -0.154225, 0.024726, 0.987726, 0.216925, -0.860544, -0.494554, -0.121986, 0.042907, 0.485467, -0.868795, 0.097550, 0.181298, 0.000000, 0.000000, 0.000000, 1.000000, -0.997235, 0.073444, 0.011310, 0.018668, 0.008923, -0.032757, 0.999424, -0.107009, 0.073772, 0.996761, 0.032011, 0.007126, 0.000000, 0.000000, 0.000000, 1.000000
-29.8649, -42.8889, 18.6915, 194.9284, 216.9217, 42.8886, 181.3109, 18.6614, -107.0084, 7.1295, 0.860607, 0.494444, 0.121988, -0.042889, -0.485300, 0.868848, -0.097912, 0.018691, -0.154401, 0.025063, 0.987690, 0.194928, 0.000000, 0.000000, 0.000000, 1.000000, -0.154225, 0.024745, 0.987726, 0.216922, -0.860607, -0.494444, -0.121989, 0.042889, 0.485356, -0.868857, 0.097552, 0.181311, 0.000000, 0.000000, 0.000000, 1.000000, -0.997235, 0.073443, 0.011307, 0.018661, 0.008919, -0.032763, 0.999423, -0.107008, 0.073772, 0.996761, 0.032018, 0.007130, 0.000000, 0.000000, 0.000000, 1.000000
-29.8502, -42.8501, 18.6638, 194.9213, 216.9145, 42.8499, 181.3386, 18.6470, -107.0068, 7.1367, 0.860737, 0.494216, 0.121994, -0.042850, -0.485069, 0.868977, -0.097916, 0.018664, -0.154402, 0.025104, 0.987689, 0.194921, 0.000000, 0.000000, 0.000000, 1.000000, -0.154226, 0.024787, 0.987725, 0.216915, -0.860737, -0.494216, -0.121996, 0.042850, 0.485125, -0.868986, 0.097556, 0.181339, 0.000000, 0.000000, 0.000000, 1.000000, -0.997235, 0.073443, 0.011299, 0.018647, 0.008910, -0.032776, 0.999423, -0.107007, 0.073771, 0.996761, 0.032031, 0.007137, 0.000000, 0.000000, 0.000000, 1.000000
-29.8348, -42.8097, 18.6348, 194.9138, 216.9070, 42.8094, 181.3676, 18.6320, -107.0051, 7.1441, 0.860873, 0.493978, 0.122001, -0.042810, -0.484828, 0.869111, -0.097921, 0.018635, -0.154403, 0.025148, 0.987688, 0.194914, 0.000000, 0.000000, 0.000000, 1.000000, -0.154228, 0.024831, 0.987723, 0.216907, -0.860872, -0.493978, -0.122003, 0.042809, 0.484884, -0.869120, 0.097561, 0.181368, 0.000000, 0.000000, 0.000000, 1.000000, -0.997236, 0.073443, 0.011290, 0.018632, 0.008900, -0.032790, 0.999423, -0.107005, 0.073771, 0.996760, 0.032046, 0.007144, 0.000000, 0.000000, 0.000000, 1.000000
-29.8269, -42.7889, 18.6198, 194.9099, 216.9031, 42.7886, 181.3825, 18.6243, -107.0043, 7.1479, 0.860942, 0.493855, 0.122005, -0.042789, -0.484704, 0.869180, -0.097924, 0.018620, -0.154404, 0.025171, 0.987687, 0.194910, 0.000000, 0.000000, 0.000000, 1.000000, -0.154229, 0.024853, 0.987723, 0.216903, -0.860942, -0.493855, -0.122006, 0.042789, 0.484760, -0.869189, 0.097564, 0.181383, 0.000000, 0.000000, 0.000000, 1.000000, -0.997236, 0.073443, 0.011286, 0.018624, 0.008896, -0.032797, 0.999422, -0.107004, 0.073771, 0.996760, 0.032053, 0.007148, 0.000000, 0.000000, 0.000000, 1.000000
-29.8106, -42.7461, 18.5891, 194.9019, 216.8952, 42.7459, 181.4132, 18.6085, -107.0025, 7.1557, 0.861085, 0.493604, 0.122012, -0.042746, -0.484449, 0.869321, -0.097929, 0.018589, -0.154406, 0.025217, 0.987686, 0.194902, 0.000000, 0.000000, 0.000000, 1.000000, -0.154230, 0.024899, 0.987721, 0.216895, -0.861085, -0.493604, -0.122013, 0.042746, 0.484505, -0.869330, 0.097569, 0.181413, 0.000000, 0.000000, 0.000000, 1.000000, -0.997236, 0.073443, 0.011278, 0.018608, 0.008886, -0.032811, 0.999422, -0.107003, 0.073770, 0.996760, 0.032068, 0.007156, 0.000000, 0.000000, 0.000000, 1.000000
-29.8023, -42.7242, 18.5734, 194.8978, 216.8911, 42.7239, 181.4289, 18.6003, -107.0016, 7.1598, 0.861159, 0.493475, 0.122015, -0.042724, -0.484318, 0.869393, -0.097932, 0.018573, -0.154407, 0.025241, 0.987685, 0.194898, 0.000000, 0.000000, 0.000000, 1.000000, -0.154231, 0.024923, 0.987720, 0.216891, -0.861159, -0.493475, -0.122017, 0.042724, 0.484375, -0.869403, 0.097572, 0.181429, 0.000000, 0.000000, 0.000000, 1.000000, -0.997236, 0.073443, 0.011273, 0.018600, 0.008881, -0.032819, 0.999422, -0.107002, 0.073770, 0.996759, 0.032076, 0.007160, 0.000000, 0.000000, 0.000000, 1.000000
-29.7766, -42.6565, 18.5251, 194.8853, 216.8786, 42.6562, 181.4772, 18.5752, -106.9988, 7.1722, 0.861385, 0.493077, 0.122027, -0.042656, -0.483915, 0.869617, -0.097940, 0.018525, -0.154408, 0.025313, 0.987683, 0.194885, 0.000000, 0.000000, 0.000000, 1.000000, -0.154233, 0.024995, 0.987718, 0.216879, -0.861385, -0.493077, -0.122028, 0.042656, 0.483971, -0.869626, 0.097579, 0.181477, 0.000000, 0.000000, 0.000000, 1.000000, -0.997236, 0.073442, 0.011259, 0.018575, 0.008865, -0.032842, 0.999421, -0.106999, 0.073769, 0.996759, 0.032100, 0.007172, 0.000000, 0.000000, 0.000000, 1.000000
-29.7678, -42.6333, 18.5087, 194.8810, 216.8743, 42.6331, 181.4936, 18.5667, -106.9978, 7.1764, 0.861462, 0.492941, 0.122030, -0.042633, -0.483777, 0.869694, -0.097942, 0.018509, -0.154409, 0.025338, 0.987682, 0.194881, 0.000000, 0.000000, 0.000000, 1.000000, -0.154234, 0.025020, 0.987718, 0.216874, -0.861462, -0.492941, -0.122032, 0.042633, 0.483834, -0.869703, 0.097582, 0.181494, 0.000000, 0.000000, 0.000000, 1.000000, -0.997236, 0.073442, 0.011255, 0.018567, 0.008860, -0.032849, 0.999421, -0.106998, 0.073769, 0.996758, 0.032108, 0.007176, 0.000000, 0.000000, 0.000000, 1.000000
-29.7500, -42.5869, 18.4788, 194.8736, 216.8669, 42.5866, 181.5236, 18.5498, -106.9955, 7.1853, 0.861617, 0.492669, 0.122038, -0.042587, -0.483502, 0.869847, -0.097939, 0.018479, -0.154406, 0.025381, 0.987681, 0.194874, 0.000000, 0.000000, 0.000000, 1.000000, -0.154230, 0.025062, 0.987717, 0.216867, -0.861617, -0.492669, -0.122039, 0.042587, 0.483559, -0.869856, 0.097579, 0.181524, 0.000000, 0.000000, 0.000000, 1.000000, -0.997236, 0.073442, 0.011245, 0.018550, 0.008849, -0.032865, 0.999421, -0.106995, 0.073769, 0.996758, 0.032124, 0.007185, 0.000000, 0.000000, 0.000000, 1.000000
-29.7319, -42.5401, 18.4512, 194.8672, 216.8605, 42.5398, 181.5510, 18.5331, -106.9928, 7.1944, 0.861773, 0.492395, 0.122044, -0.042540, -0.483227, 0.870001, -0.097929, 0.018451, -0.154398, 0.025418, 0.987682, 0.194867, 0.000000, 0.000000, 0.000000, 1.000000, -0.154223, 0.025099, 0.987717, 0.216861, -0.861773, -0.492395, -0.122046, 0.042540, 0.483283, -0.870010, 0.097568, 0.181551, 0.000000, 0.000000, 0.000000, 1.000000, -0.997236, 0.073442, 0.011235, 0.018533, 0.008838, -0.032881, 0.999420, -0.106993, 0.073768, 0.996757, 0.032141, 0.007194, 0.000000, 0.000000, 0.000000, 1.000000
-29.7227, -42.5164, 18.4372, 194.8640, 216.8573, 42.5161, 181.5650, 18.5246, -106.9914, 7.1991, 0.861852, 0.492256, 0.122048, -0.042516, -0.483088, 0.870079, -0.097924, 0.018437, -0.154395, 0.025437, 0.987682, 0.194864, 0.000000, 0.000000, 0.000000, 1.000000, -0.154220, 0.025118, 0.987717, 0.216857, -0.861852, -0.492256, -0.122049, 0.042516, 0.483144, -0.870088, 0.097563, 0.181565, 0.000000, 0.000000, 0.000000, 1.000000, -0.997236, 0.073441, 0.011230, 0.018525, 0.008833, -0.032889, 0.999420, -0.106991, 0.073768, 0.996757, 0.032149, 0.007199, 0.000000, 0.000000, 0.000000, 1.000000
-29.7042, -42.4685, 18.4086, 194.8572, 216.8506, 42.4682, 181.5936, 18.5075, -106.9888, 7.2084, 0.862011, 0.491975, 0.122055, -0.042468, -0.482805, 0.870236, -0.097915, 0.018409, -0.154388, 0.025475, 0.987682, 0.194857, 0.000000, 0.000000, 0.000000, 1.000000, -0.154213, 0.025156, 0.987717, 0.216851, -0.862011, -0.491975, -0.122056, 0.042468, 0.482862, -0.870246, 0.097554, 0.181594, 0.000000, 0.000000, 0.000000, 1.000000, -0.997236, 0.073441, 0.011220, 0.018507, 0.008822, -0.032905, 0.999420, -0.106989, 0.073768, 0.996757, 0.032166, 0.007208, 0.000000, 0.000000, 0.000000, 1.000000
-29.6949, -42.4443, 18.3940, 194.8538, 216.8471, 42.4440, 181.6081, 18.4988, -106.9874, 7.2131, 0.862091, 0.491834, 0.122058, -0.042444, -0.482663, 0.870316, -0.097911, 0.018394, -0.154385, 0.025495, 0.987682, 0.194854, 0.000000, 0.000000, 0.000000, 1.000000, -0.154210, 0.025176, 0.987717, 0.216847, -0.862091, -0.491834, -0.122060, 0.042444, 0.482720, -0.870325, 0.097550, 0.181608, 0.000000, 0.000000, 0.000000, 1.000000, -0.997236, 0.073441, 0.011215, 0.018499, 0.008816, -0.032913, 0.999419, -0.106987, 0.073767, 0.996756, 0.032175, 0.007213, 0.000000, 0.000000, 0.000000, 1.000000
-29.6761, -42.3956, 18.3646, 194.8469, 216.8402, 42.3953, 181.6375, 18.4814, -106.9847, 7.2225, 0.862253, 0.491548, 0.122066, -0.042396, -0.482376, 0.870476, -0.097903, 0.018365, -0.154379, 0.025536, 0.987682, 0.194847, 0.000000, 0.000000, 0.000000, 1.000000, -0.154204, 0.025216, 0.987717, 0.216840, -0.862253, -0.491548, -0.122067, 0.042395, 0.482433, -0.870485, 0.097541, 0.181638, 0.000000, 0.000000, 0.000000, 1.000000, -0.997237, 0.073441, 0.011205, 0.018481, 0.008805, -0.032930, 0.999419, -0.106985, 0.073767, 0.996756, 0.032192, 0.007223, 0.000000, 0.000000, 0.000000, 1.000000
-29.6667, -42.3712, 18.3497, 194.8433, 216.8367, 42.3709, 181.6524, 18.4726, -106.9834, 7.2272, 0.862334, 0.491405, 0.122069, -0.042371, -0.482232, 0.870556, -0.097899, 0.018350, -0.154376, 0.025556, 0.987682, 0.194843, 0.000000, 0.000000, 0.000000, 1.000000, -0.154201, 0.025237, 0.987717, 0.216837, -0.862334, -0.491405, -0.122071, 0.042371, 0.482289, -0.870565, 0.097537, 0.181652, 0.000000, 0.000000, 0.000000, 1.000000, -0.997237, 0.073441, 0.011200, 0.018473, 0.008799, -0.032938, 0.999419, -0.106983, 0.073767, 0.996756, 0.032201, 0.007227, 0.000000, 0.000000, 0.000000, 1.000000
-29.6573, -42.3466, 18.3348, 194.8398, 216.8331, 42.3464, 181.6673, 18.4638, -106.9821, 7.2319, 0.862415, 0.491262, 0.122073, -0.042347, -0.482088, 0.870636, -0.097895, 0.018335, -0.154373, 0.025577, 0.987681, 0.194840, 0.000000, 0.000000, 0.000000, 1.000000, -0.154198, 0.025257, 0.987717, 0.216833, -0.862415, -0.491262, -0.122074, 0.042346, 0.482144, -0.870646, 0.097534, 0.181667, 0.000000, 0.000000, 0.000000, 1.000000, -0.997237, 0.073440, 0.011195, 0.018464, 0.008793, -0.032946, 0.999418, -0.106982, 0.073767, 0.996755, 0.032209, 0.007232, 0.000000, 0.000000, 0.000000, 1.000000
-29.6289, -42.2729, 18.2895, 194.8290, 216.8223, 42.2726, 181.7125, 18.4372, -106.9781, 7.2461, 0.862660, 0.490829, 0.122084, -0.042273, -0.481653, 0.870878, -0.097885, 0.018290, -0.154365, 0.025639, 0.987681, 0.194829, 0.000000, 0.000000, 0.000000, 1.000000, -0.154190, 0.025319, 0.987717, 0.216822, -0.862660, -0.490830, -0.122085, 0.042273, 0.481709, -0.870888, 0.097523, 0.181713, 0.000000, 0.000000, 0.000000, 1.000000, -0.997237, 0.073440, 0.011180, 0.018437, 0.008776, -0.032971, 0.999418, -0.106978, 0.073766, 0.996754, 0.032235, 0.007246, 0.000000, 0.000000, 0.000000, 1.000000
-29.6100, -42.2236, 18.2592, 194.8217, 216.8150, 42.2234, 181.7428, 18.4195, -106.9755, 7.2556, 0.862823, 0.490541, 0.122091, -0.042224, -0.481363, 0.871039, -0.097878, 0.018259, -0.154360, 0.025681, 0.987681, 0.194822, 0.000000, 0.000000, 0.000000, 1.000000, -0.154185, 0.025361, 0.987717, 0.216815, -0.862822, -0.490541, -0.122093, 0.042223, 0.481419, -0.871049, 0.097516, 0.181743, 0.000000, 0.000000, 0.000000, 1.000000, -0.997237, 0.073440, 0.011170, 0.018420, 0.008765, -0.032987, 0.999417, -0.106975, 0.073765, 0.996754, 0.032252, 0.007256, 0.000000, 0.000000, 0.000000, 1.000000
-29.6006, -42.1996, 18.2472, 194.8192, 216.8126, 42.1993, 181.7548, 18.4112, -106.9738, 7.2604, 0.862902, 0.490401, 0.122095, -0.042200, -0.481223, 0.871118, -0.097868, 0.018247, -0.154353, 0.025696, 0.987682, 0.194819, 0.000000, 0.000000, 0.000000, 1.000000, -0.154178, 0.025375, 0.987717, 0.216813, -0.862902, -0.490401, -0.122096, 0.042199, 0.481279, -0.871127, 0.097505, 0.181755, 0.000000, 0.000000, 0.000000, 1.000000, -0.997237, 0.073440, 0.011165, 0.018411, 0.008759, -0.032995, 0.999417, -0.106974, 0.073765, 0.996754, 0.032261, 0.007260, 0.000000, 0.000000, 0.000000, 1.000000
-29.5913, -42.1757, 18.2350, 194.8167, 216.8101, 42.1754, 181.7669, 18.4028, -106.9722, 7.2653, 0.862981, 0.490261, 0.122098, -0.042176, -0.481083, 0.871196, -0.097858, 0.018235, -0.154347, 0.025710, 0.987682, 0.194817, 0.000000, 0.000000, 0.000000, 1.000000, -0.154172, 0.025390, 0.987718, 0.216810, -0.862981, -0.490261, -0.122099, 0.042175, 0.481140, -0.871206, 0.097495, 0.181767, 0.000000, 0.000000, 0.000000, 1.000000, -0.997237, 0.073440, 0.011160, 0.018403, 0.008753, -0.033003, 0.999417, -0.106972, 0.073765, 0.996753, 0.032269, 0.007265, 0.000000, 0.000000, 0.000000, 1.000000
-29.5726, -42.1279, 18.2104, 194.8116, 216.8049, 42.1276, 181.7914, 18.3862, -106.9690, 7.2749, 0.863139, 0.489982, 0.122104, -0.042128, -0.480804, 0.871352, -0.097839, 0.018210, -0.154335, 0.025740, 0.987683, 0.194812, 0.000000, 0.000000, 0.000000, 1.000000, -0.154160, 0.025419, 0.987719, 0.216805, -0.863138, -0.489982, -0.122106, 0.042128, 0.480861, -0.871362, 0.097476, 0.181791, 0.000000, 0.000000, 0.000000, 1.000000, -0.997237, 0.073439, 0.011149, 0.018386, 0.008742, -0.033019, 0.999416, -0.106969, 0.073765, 0.996753, 0.032286, 0.007275, 0.000000, 0.000000, 0.000000, 1.000000
-29.5542, -42.0805, 18.1854, 194.8063, 216.7996, 42.0802, 181.8164, 18.3695, -106.9660, 7.2844, 0.863295, 0.489705, 0.122111, -0.042080, -0.480527, 0.871507, -0.097821, 0.018185, -0.154324, 0.025771, 0.987684, 0.194806, 0.000000, 0.000000, 0.000000, 1.000000, -0.154148, 0.025450, 0.987720, 0.216800, -0.863295, -0.489705, -0.122112, 0.042080, 0.480584, -0.871517, 0.097458, 0.181816, 0.000000, 0.000000, 0.000000, 1.000000, -0.997237, 0.073439, 0.011140, 0.018370, 0.008731, -0.033035, 0.999416, -0.106966, 0.073764, 0.996752, 0.032303, 0.007284, 0.000000, 0.000000, 0.000000, 1.000000
-29.5451, -42.0570, 18.1728, 194.8035, 216.7969, 42.0567, 181.8290, 18.3613, -106.9645, 7.2891, 0.863372, 0.489568, 0.122114, -0.042057, -0.480390, 0.871584, -0.097813, 0.018173, -0.154319, 0.025787, 0.987685, 0.194804, 0.000000, 0.000000, 0.000000, 1.000000, -0.154143, 0.025466, 0.987720, 0.216797, -0.863372, -0.489568, -0.122115, 0.042057, 0.480446, -0.871593, 0.097450, 0.181829, 0.000000, 0.000000, 0.000000, 1.000000, -0.997238, 0.073439, 0.011135, 0.018361, 0.008726, -0.033043, 0.999416, -0.106964, 0.073764, 0.996752, 0.032311, 0.007289, 0.000000, 0.000000, 0.000000, 1.000000
-29.5270, -42.0104, 18.1474, 194.7980, 216.7914, 42.0101, 181.8543, 18.3448, -106.9616, 7.2983, 0.863526, 0.489296, 0.122121, -0.042010, -0.480117, 0.871736, -0.097799, 0.018147, -0.154309, 0.025819, 0.987685, 0.194798, 0.000000, 0.000000, 0.000000, 1.000000, -0.154134, 0.025498, 0.987721, 0.216791, -0.863525, -0.489296, -0.122122, 0.042010, 0.480174, -0.871745, 0.097435, 0.181854, 0.000000, 0.000000, 0.000000, 1.000000, -0.997238, 0.073439, 0.011125, 0.018345, 0.008715, -0.033059, 0.999415, -0.106962, 0.073764, 0.996752, 0.032327, 0.007298, 0.000000, 0.000000, 0.000000, 1.000000
-29.5180, -41.9873, 18.1346, 194.7952, 216.7885, 41.9870, 181.8671, 18.3367, -106.9602, 7.3029, 0.863602, 0.489161, 0.122124, -0.041987, -0.479982, 0.871811, -0.097792, 0.018135, -0.154305, 0.025836, 0.987685, 0.194795, 0.000000, 0.000000, 0.000000, 1.000000, -0.154129, 0.025514, 0.987721, 0.216789, -0.863601, -0.489161, -0.122125, 0.041987, 0.480038, -0.871820, 0.097428, 0.181867, 0.000000, 0.000000, 0.000000, 1.000000, -0.997238, 0.073439, 0.011120, 0.018337, 0.008709, -0.033067, 0.999415, -0.106960, 0.073763, 0.996751, 0.032336, 0.007303, 0.000000, 0.000000, 0.000000, 1.000000
-29.5004, -41.9416, 18.1089, 194.7894, 216.7828, 41.9413, 181.8927, 18.3205, -106.9575, 7.3118, 0.863752, 0.488893, 0.122131, -0.041942, -0.479714, 0.871960, -0.097780, 0.018109, -0.154297, 0.025870, 0.987686, 0.194789, 0.000000, 0.000000, 0.000000, 1.000000, -0.154121, 0.025547, 0.987722, 0.216783, -0.863752, -0.488893, -0.122132, 0.041941, 0.479770, -0.871969, 0.097415, 0.181893, 0.000000, 0.000000, 0.000000, 1.000000, -0.997238, 0.073438, 0.011110, 0.018320, 0.008698, -0.033082, 0.999415, -0.106957, 0.073763, 0.996751, 0.032352, 0.007312, 0.000000, 0.000000, 0.000000, 1.000000
-29.4830, -41.8966, 18.0831, 194.7836, 216.7769, 41.8963, 181.9185, 18.3045, -106.9548, 7.3206, 0.863900, 0.488630, 0.122137, -0.041897, -0.479450, 0.872106, -0.097769, 0.018083, -0.154290, 0.025904, 0.987686, 0.194784, 0.000000, 0.000000, 0.000000, 1.000000, -0.154114, 0.025581, 0.987722, 0.216777, -0.863899, -0.488631, -0.122139, 0.041896, 0.479507, -0.872116, 0.097405, 0.181918, 0.000000, 0.000000, 0.000000, 1.000000, -0.997238, 0.073438, 0.011101, 0.018304, 0.008688, -0.033097, 0.999414, -0.106955, 0.073762, 0.996750, 0.032367, 0.007321, 0.000000, 0.000000, 0.000000, 1.000000
-29.4745, -41.8744, 18.0702, 194.7806, 216.7740, 41.8741, 181.9313, 18.2966, -106.9536, 7.3249, 0.863973, 0.488501, 0.122141, -0.041874, -0.479319, 0.872178, -0.097764, 0.018070, -0.154286, 0.025921, 0.987686, 0.194781, 0.000000, 0.000000, 0.000000, 1.000000, -0.154111, 0.025599, 0.987722, 0.216774, -0.863972, -0.488501, -0.122142, 0.041874, 0.479376, -0.872188, 0.097400, 0.181931, 0.000000, 0.000000, 0.000000, 1.000000, -0.997238, 0.073438, 0.011096, 0.018297, 0.008683, -0.033104, 0.999414, -0.106954, 0.073762, 0.996750, 0.032375, 0.007325, 0.000000, 0.000000, 0.000000, 1.000000
-29.4576, -41.8306, 18.0445, 194.7746, 216.7680, 41.8303, 181.9571, 18.2809, -106.9511, 7.3333, 0.864117, 0.488244, 0.122147, -0.041831, -0.479062, 0.872321, -0.097756, 0.018044, -0.154280, 0.025956, 0.987686, 0.194775, 0.000000, 0.000000, 0.000000, 1.000000, -0.154105, 0.025633, 0.987722, 0.216768, -0.864116, -0.488244, -0.122149, 0.041830, 0.479119, -0.872330, 0.097391, 0.181957, 0.000000, 0.000000, 0.000000, 1.000000, -0.997238, 0.073438, 0.011087, 0.018281, 0.008673, -0.033119, 0.999414, -0.106951, 0.073762, 0.996750, 0.032391, 0.007333, 0.000000, 0.000000, 0.000000, 1.000000
-29.4493, -41.8090, 18.0316, 194.7716, 216.7650, 41.8087, 181.9699, 18.2732, -106.9499, 7.3375, 0.864187, 0.488118, 0.122151, -0.041809, -0.478935, 0.872391, -0.097752, 0.018032, -0.154277, 0.025974, 0.987686, 0.194772, 0.000000, 0.000000, 0.000000, 1.000000, -0.154102, 0.025651, 0.987722, 0.216765, -0.864187, -0.488118, -0.122152, 0.041809, 0.478992, -0.872401, 0.097387, 0.181970, 0.000000, 0.000000, 0.000000, 1.000000, -0.997238, 0.073438, 0.011083, 0.018273, 0.008667, -0.033126, 0.999414, -0.106950, 0.073762, 0.996750, 0.032398, 0.007337, 0.000000, 0.000000, 0.000000, 1.000000
-29.4330, -41.7664, 18.0060, 194.7656, 216.7590, 41.7661, 181.9955, 18.2579, -106.9476, 7.3456, 0.864327, 0.487869, 0.122157, -0.041766, -0.478684, 0.872529, -0.097745, 0.018006, -0.154272, 0.026009, 0.987686, 0.194766, 0.000000, 0.000000, 0.000000, 1.000000, -0.154097, 0.025686, 0.987722, 0.216759, -0.864327, -0.487869, -0.122159, 0.041766, 0.478741, -0.872539, 0.097380, 0.181996, 0.000000, 0.000000, 0.000000, 1.000000, -0.997238, 0.073437, 0.011074, 0.018258, 0.008658, -0.033140, 0.999413, -0.106948, 0.073761, 0.996749, 0.032413, 0.007346, 0.000000, 0.000000, 0.000000, 1.000000
-29.4249, -41.7454, 17.9932, 194.7626, 216.7560, 41.7452, 182.0082, 18.2504, -106.9465, 7.3496, 0.864396, 0.487746, 0.122160, -0.041745, -0.478561, 0.872597, -0.097742, 0.017993, -0.154270, 0.026027, 0.987686, 0.194763, 0.000000, 0.000000, 0.000000, 1.000000, -0.154094, 0.025703, 0.987722, 0.216756, -0.864396, -0.487746, -0.122162, 0.041745, 0.478617, -0.872607, 0.097377, 0.182008, 0.000000, 0.000000, 0.000000, 1.000000, -0.997238, 0.073437, 0.011070, 0.018250, 0.008653, -0.033147, 0.999413, -0.106946, 0.073761, 0.996749, 0.032420, 0.007350, 0.000000, 0.000000, 0.000000, 1.000000
