# Joint_A_Angle(deg), Cam_X(mm), Cam_Y(mm), Cam_Z(mm), Torso_X(mm), Torso_Y(mm), Torso_Z(mm), EE_X(mm), EE_Y(mm), EE_Z(mm), T_cam2marker_flat(16), T_torso2marker_flat(16), T_ee2marker_flat(16)
-14.9992, -6.2435, 9.1340, 173.3870, 242.3913, 15.2433, 247.9199, 81.2840, 8.4090, -12.9579, 0.578162, -0.812487, -0.074792, -0.006243, 0.812744, 0.581568, -0.035011, 0.009134, 0.071942, -0.040545, 0.996584, 0.173387, 0.000000, 0.000000, 0.000000, 1.000000, 0.071870, -0.040596, 0.996588, 0.242391, -0.578162, 0.812487, 0.074791, 0.015243, -0.812751, -0.581564, 0.034923, 0.247920, 0.000000, 0.000000, 0.000000, 1.000000, 0.000150, 0.101056, -0.994881, 0.081284, -0.998440, -0.055528, -0.005791, 0.008409, -0.055829, 0.993330, 0.100890, -0.012958, 0.000000, 0.000000, 0.000000, 1.000000
-14.9993, -6.2435, 9.1348, 173.3871, 242.3914, 15.2433, 247.9191, 81.2840, 8.4090, -12.9579, 0.578161, -0.812488, -0.074790, -0.006243, 0.812745, 0.581567, -0.035010, 0.009135, 0.071941, -0.040544, 0.996585, 0.173387, 0.000000, 0.000000, 0.000000, 1.000000, 0.071868, -0.040595, 0.996588, 0.242391, -0.578161, 0.812488, 0.074789, 0.015243, -0.812751, -0.581563, 0.034922, 0.247919, 0.000000, 0.000000, 0.000000, 1.000000, 0.000150, 0.101056, -0.994881, 0.081284, -0.998440, -0.055528, -0.005791, 0.008409, -0.055829, 0.993330, 0.100890, -0.012958, 0.000000, 0.000000, 0.000000, 1.000000
-14.9994, -6.2435, 9.1350, 173.3871, 242.3913, 15.2434, 247.9189, 81.2840, 8.4090, -12.9579, 0.578161, -0.812488, -0.074789, -0.006244, 0.812745, 0.581566, -0.035010, 0.009135, 0.071940, -0.040543, 0.996585, 0.173387, 0.000000, 0.000000, 0.000000, 1.000000, 0.071868, -0.040594, 0.996588, 0.242391, -0.578161, 0.812488, 0.074788, 0.015243, -0.812752, -0.581563, 0.034922, 0.247919, 0.000000, 0.000000, 0.000000, 1.000000, 0.000150, 0.101056, -0.994881, 0.081284, -0.998440, -0.055528, -0.005791, 0.008409, -0.055829, 0.993330, 0.100890, -0.012958, 0.000000, 0.000000, 0.000000, 1.000000
-14.9994, -6.2436, 9.1352, 173.3870, 242.3912, 15.2434, 247.9188, 81.2840, 8.4090, -12.9579, 0.578161, -0.812488, -0.074788, -0.006244, 0.812745, 0.581566, -0.035011, 0.009135, 0.071940, -0.040542, 0.996585, 0.173387, 0.000000, 0.000000, 0.000000, 1.000000, 0.071868, -0.040593, 0.996588, 0.242391, -0.578161, 0.812488, 0.074788, 0.015243, -0.812752, -0.581563, 0.034923, 0.247919, 0.000000, 0.000000, 0.000000, 1.000000, 0.000150, 0.101056, -0.994881, 0.081284, -0.998440, -0.055528, -0.005791, 0.008409, -0.055829, 0.993330, 0.100890, -0.012958, 0.000000, 0.000000, 0.000000, 1.000000
-14.9996, -6.2438, 9.1351, 173.3866, 242.3909, 15.2436, 247.9189, 81.2840, 8.4090, -12.9579, 0.578160, -0.812488, -0.074787, -0.006244, 0.812745, 0.581566, -0.035013, 0.009135, 0.071941, -0.040540, 0.996585, 0.173387, 0.000000, 0.000000, 0.000000, 1.000000, 0.071869, -0.040590, 0.996588, 0.242391, -0.578160, 0.812489, 0.074786, 0.015244, -0.812752, -0.581562, 0.034925, 0.247919, 0.000000, 0.000000, 0.000000, 1.000000, 0.000150, 0.101056, -0.994881, 0.081284, -0.998440, -0.055528, -0.005791, 0.008409, -0.055829, 0.993330, 0.100890, -0.012958, 0.000000, 0.000000, 0.000000, 1.000000
-14.9997, -6.2440, 9.1347, 173.3861, 242.3903, 15.2438, 247.9194, 81.2840, 8.4090, -12.9579, 0.578160, -0.812489, -0.074785, -0.006244, 0.812745, 0.581566, -0.035016, 0.009135, 0.071943, -0.040537, 0.996585, 0.173386, 0.000000, 0.000000, 0.000000, 1.000000, 0.071871, -0.040587, 0.996588, 0.242390, -0.578160, 0.812489, 0.074785, 0.015244, -0.812752, -0.581562, 0.034928, 0.247919, 0.000000, 0.000000, 0.000000, 1.000000, 0.000150, 0.101056, -0.994881, 0.081284, -0.998440, -0.055528, -0.005791, 0.008409, -0.055829, 0.993330, 0.100890, -0.012958, 0.000000, 0.000000, 0.000000, 1.000000
-14.9998, -6.2442, 9.1339, 173.3853, 242.3895, 15.2441, 247.9202, 81.2840, 8.4090, -12.9579, 0.578161, -0.812489, -0.074784, -0.006244, 0.812745, 0.581566, -0.035020, 0.009134, 0.071945, -0.040533, 0.996585, 0.173385, 0.000000, 0.000000, 0.000000, 1.000000, 0.071874, -0.040584, 0.996588, 0.242390, -0.578161, 0.812489, 0.074784, 0.015244, -0.812751, -0.581563, 0.034933, 0.247920, 0.000000, 0.000000, 0.000000, 1.000000, 0.000150, 0.101056, -0.994881, 0.081284, -0.998440, -0.055528, -0.005791, 0.008409, -0.055829, 0.993330, 0.100890, -0.012958, 0.000000, 0.000000, 0.000000, 1.000000
-14.9998, -6.2442, 9.1339, 173.3853, 242.3895, 15.2441, 247.9202, 81.2840, 8.4090, -12.9579, 0.578161, -0.812489, -0.074784, -0.006244, 0.812745, 0.581566, -0.035020, 0.009134, 0.071945, -0.040533, 0.996585, 0.173385, 0.000000, 0.000000, 0.000000, 1.000000, 0.071874, -0.040584, 0.996588, 0.242390, -0.578161, 0.812489, 0.074784, 0.015244, -0.812751, -0.581563, 0.034933, 0.247920, 0.000000, 0.000000, 0.000000, 1.000000, 0.000150, 0.101056, -0.994881, 0.081284, -0.998440, -0.055528, -0.005791, 0.008409, -0.055829, 0.993330, 0.100890, -0.012958, 0.000000, 0.000000, 0.000000, 1.000000
-14.9998, -6.2447, 9.1314, 173.3837, 242.3879, 15.2446, 247.9227, 81.2840, 8.4090, -12.9579, 0.578161, -0.812488, -0.074784, -0.006245, 0.812744, 0.581568, -0.035030, 0.009131, 0.071953, -0.040528, 0.996584, 0.173384, 0.000000, 0.000000, 0.000000, 1.000000, 0.071882, -0.040578, 0.996587, 0.242388, -0.578161, 0.812488, 0.074783, 0.015245, -0.812750, -0.581564, 0.034943, 0.247923, 0.000000, 0.000000, 0.000000, 1.000000, 0.000150, 0.101056, -0.994881, 0.081284, -0.998440, -0.055528, -0.005791, 0.008409, -0.055829, 0.993330, 0.100890, -0.012958, 0.000000, 0.000000, 0.000000, 1.000000
-14.9998, -6.2444, 9.1323, 173.3844, 242.3886, 15.2443, 247.9219, 81.2840, 8.4090, -12.9579, 0.578161, -0.812488, -0.074785, -0.006244, 0.812744, 0.581567, -0.035026, 0.009132, 0.071951, -0.040531, 0.996584, 0.173384, 0.000000, 0.000000, 0.000000, 1.000000, 0.071879, -0.040581, 0.996587, 0.242389, -0.578161, 0.812488, 0.074784, 0.015244, -0.812751, -0.581563, 0.034939, 0.247922, 0.000000, 0.000000, 0.000000, 1.000000, 0.000150, 0.101056, -0.994881, 0.081284, -0.998440, -0.055528, -0.005791, 0.008409, -0.055829, 0.993330, 0.100890, -0.012958, 0.000000, 0.000000, 0.000000, 1.000000
-14.9997, -6.2441, 9.1337, 173.3855, 242.3897, 15.2439, 247.9204, 81.2840, 8.4090, -12.9579, 0.578160, -0.812489, -0.074786, -0.006244, 0.812745, 0.581566, -0.035020, 0.009134, 0.071946, -0.040535, 0.996585, 0.173386, 0.000000, 0.000000, 0.000000, 1.000000, 0.071874, -0.040585, 0.996588, 0.242390, -0.578160, 0.812489, 0.074785, 0.015244, -0.812752, -0.581562, 0.034932, 0.247920, 0.000000, 0.000000, 0.000000, 1.000000, 0.000150, 0.101056, -0.994881, 0.081284, -0.998440, -0.055528, -0.005791, 0.008409, -0.055829, 0.993330, 0.100890, -0.012958, 0.000000, 0.000000, 0.000000, 1.000000
-14.9994, -6.2432, 9.1361, 173.3877, 242.3919, 15.2431, 247.9180, 81.2840, 8.4090, -12.9579, 0.578158, -0.812490, -0.074789, -0.006243, 0.812747, 0.581564, -0.035008, 0.009136, 0.071938, -0.040545, 0.996585, 0.173388, 0.000000, 0.000000, 0.000000, 1.000000, 0.071866, -0.040595, 0.996588, 0.242392, -0.578158, 0.812490, 0.074789, 0.015243, -0.812754, -0.581560, 0.034920, 0.247918, 0.000000, 0.000000, 0.000000, 1.000000, 0.000150, 0.101056, -0.994881, 0.081284, -0.998440, -0.055528, -0.005791, 0.008409, -0.055829, 0.993330, 0.100890, -0.012958, 0.000000, 0.000000, 0.000000, 1.000000
-14.9990, -6.2423, 9.1376, 173.3900, 242.3942, 15.2422, 247.9165, 81.2840, 8.4090, -12.9579, 0.578157, -0.812490, -0.074795, -0.006242, 0.812749, 0.581562, -0.034996, 0.009138, 0.071932, -0.040556, 0.996585, 0.173390, 0.000000, 0.000000, 0.000000, 1.000000, 0.071860, -0.040607, 0.996588, 0.242394, -0.578157, 0.812490, 0.074794, 0.015242, -0.812755, -0.581559, 0.034909, 0.247916, 0.000000, 0.000000, 0.000000, 1.000000, 0.000150, 0.101056, -0.994881, 0.081284, -0.998440, -0.055528, -0.005791, 0.008409, -0.055829, 0.993330, 0.100890, -0.012958, 0.000000, 0.000000, 0.000000, 1.000000
-14.9984, -6.2413, 9.1384, 173.3923, 242.3965, 15.2411, 247.9157, 81.2840, 8.4090, -12.9580, 0.578155, -0.812490, -0.074804, -0.006241, 0.812750, 0.581561, -0.034985, 0.009138, 0.071928, -0.040570, 0.996584, 0.173392, 0.000000, 0.000000, 0.000000, 1.000000, 0.071856, -0.040621, 0.996588, 0.242397, -0.578155, 0.812490, 0.074803, 0.015241, -0.812756, -0.581558, 0.034897, 0.247916, 0.000000, 0.000000, 0.000000, 1.000000, 0.000150, 0.101056, -0.994881, 0.081284, -0.998440, -0.055528, -0.005791, 0.008409, -0.055829, 0.993330, 0.100890, -0.012958, 0.000000, 0.000000, 0.000000, 1.000000
-14.9980, -6.2407, 9.1385, 173.3936, 242.3978, 15.2405, 247.9156, 81.2840, 8.4090, -12.9580, 0.578155, -0.812490, -0.074809, -0.006241, 0.812750, 0.581561, -0.034979, 0.009138, 0.071927, -0.040578, 0.996584, 0.173394, 0.000000, 0.000000, 0.000000, 1.000000, 0.071855, -0.040629, 0.996587, 0.242398, -0.578155, 0.812490, 0.074809, 0.015240, -0.812757, -0.581557, 0.034891, 0.247916, 0.000000, 0.000000, 0.000000, 1.000000, 0.000150, 0.101056, -0.994881, 0.081284, -0.998440, -0.055528, -0.005791, 0.008409, -0.055829, 0.993330, 0.100890, -0.012958, 0.000000, 0.000000, 0.000000, 1.000000
-14.9970, -6.2393, 9.1380, 173.3963, 242.4005, 15.2391, 247.9160, 81.2840, 8.4090, -12.9580, 0.578154, -0.812489, -0.074824, -0.006239, 0.812751, 0.581561, -0.034967, 0.009138, 0.071925, -0.040597, 0.996584, 0.173396, 0.000000, 0.000000, 0.000000, 1.000000, 0.071853, -0.040647, 0.996587, 0.242401, -0.578154, 0.812489, 0.074823, 0.015239, -0.812757, -0.581557, 0.034879, 0.247916, 0.000000, 0.000000, 0.000000, 1.000000, 0.000150, 0.101056, -0.994881, 0.081284, -0.998440, -0.055528, -0.005791, 0.008409, -0.055829, 0.993330, 0.100890, -0.012958, 0.000000, 0.000000, 0.000000, 1.000000
-14.9964, -6.2385, 9.1374, 173.3977, 242.4020, 15.2384, 247.9166, 81.2839, 8.4090, -12.9581, 0.578154, -0.812489, -0.074832, -0.006239, 0.812751, 0.581561, -0.034961, 0.009137, 0.071925, -0.040607, 0.996583, 0.173398, 0.000000, 0.000000, 0.000000, 1.000000, 0.071852, -0.040658, 0.996586, 0.242402, -0.578154, 0.812489, 0.074831, 0.015238, -0.812758, -0.581557, 0.034873, 0.247917, 0.000000, 0.000000, 0.000000, 1.000000, 0.000150, 0.101056, -0.994881, 0.081284, -0.998440, -0.055528, -0.005791, 0.008409, -0.055829, 0.993330, 0.100890, -0.012958, 0.000000, 0.000000, 0.000000, 1.000000
-14.9949, -6.2368, 9.1357, 173.4010, 242.4052, 15.2366, 247.9182, 81.2839, 8.4090, -12.9582, 0.578154, -0.812487, -0.074852, -0.006237, 0.812751, 0.581562, -0.034947, 0.009136, 0.071925, -0.040632, 0.996582, 0.173401, 0.000000, 0.000000, 0.000000, 1.000000, 0.071853, -0.040682, 0.996585, 0.242405, -0.578154, 0.812487, 0.074851, 0.015237, -0.812758, -0.581558, 0.034859, 0.247918, 0.000000, 0.000000, 0.000000, 1.000000, 0.000150, 0.101056, -0.994881, 0.081284, -0.998440, -0.055528, -0.005791, 0.008409, -0.055829, 0.993330, 0.100890, -0.012958, 0.000000, 0.000000, 0.000000, 1.000000
-14.9932, -6.2348, 9.1333, 173.4047, 242.4089, 15.2346, 247.9207, 81.2839, 8.4090, -12.9583, 0.578154, -0.812484, -0.074877, -0.006235, 0.812751, 0.581563, -0.034931, 0.009133, 0.071927, -0.040661, 0.996581, 0.173405, 0.000000, 0.000000, 0.000000, 1.000000, 0.071855, -0.040711, 0.996584, 0.242409, -0.578154, 0.812485, 0.074876, 0.015235, -0.812757, -0.581560, 0.034843, 0.247921, 0.000000, 0.000000, 0.000000, 1.000000, 0.000150, 0.101056, -0.994881, 0.081284, -0.998440, -0.055528, -0.005791, 0.008409, -0.055829, 0.993330, 0.100890, -0.012958, 0.000000, 0.000000, 0.000000, 1.000000
-14.9922, -6.2336, 9.1317, 173.4067, 242.4110, 15.2334, 247.9222, 81.2838, 8.4090, -12.9583, 0.578154, -0.812483, -0.074891, -0.006234, 0.812751, 0.581564, -0.034923, 0.009132, 0.071928, -0.040677, 0.996580, 0.173407, 0.000000, 0.000000, 0.000000, 1.000000, 0.071856, -0.040728, 0.996583, 0.242411, -0.578155, 0.812483, 0.074890, 0.015233, -0.812757, -0.581560, 0.034835, 0.247922, 0.000000, 0.000000, 0.000000, 1.000000, 0.000150, 0.101056, -0.994881, 0.081284, -0.998440, -0.055528, -0.005791, 0.008409, -0.055829, 0.993330, 0.100890, -0.012958, 0.000000, 0.000000, 0.000000, 1.000000
-14.9900, -6.2310, 9.1281, 173.4113, 242.4155, 15.2309, 247.9258, 81.2838, 8.4090, -12.9585, 0.578155, -0.812480, -0.074923, -0.006231, 0.812750, 0.581566, -0.034904, 0.009128, 0.071932, -0.040714, 0.996578, 0.173411, 0.000000, 0.000000, 0.000000, 1.000000, 0.071860, -0.040765, 0.996581, 0.242416, -0.578155, 0.812480, 0.074922, 0.015231, -0.812756, -0.581562, 0.034816, 0.247926, 0.000000, 0.000000, 0.000000, 1.000000, 0.000150, 0.101056, -0.994881, 0.081284, -0.998440, -0.055528, -0.005791, 0.008409, -0.055829, 0.993330, 0.100890, -0.012958, 0.000000, 0.000000, 0.000000, 1.000000
-14.9873, -6.2281, 9.1238, 173.4165, 242.4207, 15.2279, 247.9301, 81.2837, 8.4090, -12.9586, 0.578156, -0.812476, -0.074961, -0.006228, 0.812749, 0.581569, -0.034883, 0.009124, 0.071937, -0.040756, 0.996576, 0.173416, 0.000000, 0.000000, 0.000000, 1.000000, 0.071864, -0.040807, 0.996579, 0.242421, -0.578156, 0.812476, 0.074960, 0.015228, -0.812755, -0.581565, 0.034795, 0.247930, 0.000000, 0.000000, 0.000000, 1.000000, 0.000150, 0.101056, -0.994881, 0.081284, -0.998440, -0.055528, -0.005791, 0.008409, -0.055829, 0.993330, 0.100890, -0.012959, 0.000000, 0.000000, 0.000000, 1.000000
-14.9859, -6.2264, 9.1214, 173.4193, 242.4236, 15.2263, 247.9325, 81.2837, 8.4090, -12.9587, 0.578156, -0.812474, -0.074981, -0.006226, 0.812749, 0.581570, -0.034872, 0.009121, 0.071939, -0.040780, 0.996575, 0.173419, 0.000000, 0.000000, 0.000000, 1.000000, 0.071867, -0.040830, 0.996578, 0.242424, -0.578156, 0.812474, 0.074980, 0.015226, -0.812755, -0.581567, 0.034783, 0.247933, 0.000000, 0.000000, 0.000000, 1.000000, 0.000150, 0.101056, -0.994881, 0.081284, -0.998440, -0.055528, -0.005791, 0.008409, -0.055829, 0.993330, 0.100890, -0.012959, 0.000000, 0.000000, 0.000000, 1.000000
-14.9827, -6.2229, 9.1161, 173.4256, 242.4298, 15.2227, 247.9378, 81.2836, 8.4090, -12.9589, 0.578157, -0.812469, -0.075027, -0.006223, 0.812747, 0.581573, -0.034846, 0.009116, 0.071945, -0.040831, 0.996573, 0.173426, 0.000000, 0.000000, 0.000000, 1.000000, 0.071872, -0.040882, 0.996576, 0.242430, -0.578157, 0.812469, 0.075026, 0.015223, -0.812754, -0.581570, 0.034758, 0.247938, 0.000000, 0.000000, 0.000000, 1.000000, 0.000150, 0.101056, -0.994881, 0.081284, -0.998440, -0.055528, -0.005791, 0.008409, -0.055829, 0.993330, 0.100890, -0.012959, 0.000000, 0.000000, 0.000000, 1.000000
-14.9810, -6.2209, 9.1132, 173.4290, 242.4333, 15.2208, 247.9407, 81.2835, 8.4090, -12.9590, 0.578158, -0.812466, -0.075051, -0.006221, 0.812747, 0.581575, -0.034832, 0.009113, 0.071948, -0.040859, 0.996571, 0.173429, 0.000000, 0.000000, 0.000000, 1.000000, 0.071876, -0.040910, 0.996574, 0.242433, -0.578158, 0.812466, 0.075051, 0.015221, -0.812753, -0.581572, 0.034744, 0.247941, 0.000000, 0.000000, 0.000000, 1.000000, 0.000150, 0.101056, -0.994881, 0.081284, -0.998440, -0.055528, -0.005791, 0.008409, -0.055829, 0.993330, 0.100890, -0.012959, 0.000000, 0.000000, 0.000000, 1.000000
-14.9772, -6.2167, 9.1069, 173.4364, 242.4407, 15.2165, 247.9470, 81.2834, 8.4091, -12.9592, 0.578159, -0.812460, -0.075105, -0.006217, 0.812745, 0.581579, -0.034802, 0.009107, 0.071955, -0.040920, 0.996568, 0.173436, 0.000000, 0.000000, 0.000000, 1.000000, 0.071882, -0.040971, 0.996571, 0.242441, -0.578159, 0.812460, 0.075104, 0.015217, -0.812751, -0.581576, 0.034713, 0.247947, 0.000000, 0.000000, 0.000000, 1.000000, 0.000150, 0.101056, -0.994881, 0.081283, -0.998440, -0.055528, -0.005791, 0.008409, -0.055829, 0.993330, 0.100890, -0.012959, 0.000000, 0.000000, 0.000000, 1.000000
-14.9708, -6.2095, 9.0965, 173.4492, 242.4535, 15.2093, 247.9574, 81.2833, 8.4091, -12.9596, 0.578161, -0.812450, -0.075196, -0.006209, 0.812743, 0.581586, -0.034749, 0.009097, 0.071965, -0.041024, 0.996563, 0.173449, 0.000000, 0.000000, 0.000000, 1.000000, 0.071893, -0.041075, 0.996566, 0.242453, -0.578161, 0.812450, 0.075195, 0.015209, -0.812749, -0.581582, 0.034661, 0.247957, 0.000000, 0.000000, 0.000000, 1.000000, 0.000150, 0.101056, -0.994881, 0.081283, -0.998440, -0.055528, -0.005791, 0.008409, -0.055829, 0.993330, 0.100890, -0.012960, 0.000000, 0.000000, 0.000000, 1.000000
-14.9708, -6.2095, 9.0965, 173.4492, 242.4535, 15.2093, 247.9574, 81.2833, 8.4091, -12.9596, 0.578161, -0.812450, -0.075196, -0.006209, 0.812743, 0.581586, -0.034749, 0.009097, 0.071965, -0.041024, 0.996563, 0.173449, 0.000000, 0.000000, 0.000000, 1.000000, 0.071893, -0.041075, 0.996566, 0.242453, -0.578161, 0.812450, 0.075195, 0.015209, -0.812749, -0.581582, 0.034661, 0.247957, 0.000000, 0.000000, 0.000000, 1.000000, 0.000150, 0.101056, -0.994881, 0.081283, -0.998440, -0.055528, -0.005791, 0.008409, -0.055829, 0.993330, 0.100890, -0.012960, 0.000000, 0.000000, 0.000000, 1.000000
-14.9635, -6.2012, 9.0850, 173.4639, 242.4681, 15.2011, 247.9689, 81.2831, 8.4091, -12.9601, 0.578164, -0.812439, -0.075299, -0.006201, 0.812740, 0.581593, -0.034689, 0.009085, 0.071976, -0.041143, 0.996557, 0.173464, 0.000000, 0.000000, 0.000000, 1.000000, 0.071904, -0.041194, 0.996561, 0.242468, -0.578164, 0.812439, 0.075299, 0.015201, -0.812746, -0.581590, 0.034600, 0.247969, 0.000000, 0.000000, 0.000000, 1.000000, 0.000150, 0.101056, -0.994881, 0.081283, -0.998440, -0.055528, -0.005791, 0.008409, -0.055829, 0.993330, 0.100890, -0.012960, 0.000000, 0.000000, 0.000000, 1.000000
-14.9582, -6.1952, 9.0768, 173.4748, 242.4790, 15.1950, 247.9771, 81.2829, 8.4091, -12.9604, 0.578165, -0.812430, -0.075375, -0.006195, 0.812738, 0.581598, -0.034643, 0.009077, 0.071983, -0.041231, 0.996553, 0.173475, 0.000000, 0.000000, 0.000000, 1.000000, 0.071911, -0.041281, 0.996556, 0.242479, -0.578166, 0.812431, 0.075374, 0.015195, -0.812744, -0.581595, 0.034555, 0.247977, 0.000000, 0.000000, 0.000000, 1.000000, 0.000150, 0.101056, -0.994881, 0.081283, -0.998440, -0.055528, -0.005791, 0.008409, -0.055829, 0.993330, 0.100890, -0.012960, 0.000000, 0.000000, 0.000000, 1.000000
-14.9554, -6.1920, 9.0725, 173.4806, 242.4848, 15.1918, 247.9814, 81.2829, 8.4091, -12.9606, 0.578166, -0.812426, -0.075415, -0.006192, 0.812737, 0.581601, -0.034619, 0.009073, 0.071987, -0.041277, 0.996551, 0.173481, 0.000000, 0.000000, 0.000000, 1.000000, 0.071915, -0.041328, 0.996554, 0.242485, -0.578166, 0.812426, 0.075414, 0.015192, -0.812743, -0.581598, 0.034531, 0.247981, 0.000000, 0.000000, 0.000000, 1.000000, 0.000150, 0.101056, -0.994881, 0.081283, -0.998440, -0.055528, -0.005791, 0.008409, -0.055829, 0.993330, 0.100890, -0.012961, 0.000000, 0.000000, 0.000000, 1.000000
-14.9495, -6.1852, 9.0638, 173.4928, 242.4971, 15.1850, 247.9902, 81.2827, 8.4091, -12.9609, 0.578168, -0.812417, -0.075499, -0.006185, 0.812735, 0.581607, -0.034568, 0.009064, 0.071994, -0.041374, 0.996547, 0.173493, 0.000000, 0.000000, 0.000000, 1.000000, 0.071922, -0.041425, 0.996550, 0.242497, -0.578168, 0.812417, 0.075498, 0.015185, -0.812742, -0.581603, 0.034480, 0.247990, 0.000000, 0.000000, 0.000000, 1.000000, 0.000150, 0.101056, -0.994881, 0.081283, -0.998440, -0.055528, -0.005791, 0.008409, -0.055829, 0.993330, 0.100890, -0.012961, 0.000000, 0.000000, 0.000000, 1.000000
-14.9464, -6.1816, 9.0593, 173.4993, 242.5035, 15.1815, 247.9947, 81.2826, 8.4091, -12.9611, 0.578169, -0.812412, -0.075543, -0.006182, 0.812734, 0.581610, -0.034541, 0.009059, 0.071997, -0.041426, 0.996544, 0.173499, 0.000000, 0.000000, 0.000000, 1.000000, 0.071925, -0.041476, 0.996547, 0.242504, -0.578169, 0.812413, 0.075542, 0.015181, -0.812741, -0.581606, 0.034452, 0.247995, 0.000000, 0.000000, 0.000000, 1.000000, 0.000150, 0.101056, -0.994881, 0.081283, -0.998440, -0.055528, -0.005791, 0.008409, -0.055829, 0.993330, 0.100890, -0.012961, 0.000000, 0.000000, 0.000000, 1.000000
-14.9400, -6.1742, 9.0500, 173.5129, 242.5171, 15.1740, 248.0039, 81.2824, 8.4092, -12.9615, 0.578171, -0.812403, -0.075634, -0.006174, 0.812733, 0.581616, -0.034483, 0.009050, 0.072004, -0.041533, 0.996539, 0.173513, 0.000000, 0.000000, 0.000000, 1.000000, 0.071932, -0.041584, 0.996542, 0.242517, -0.578171, 0.812403, 0.075633, 0.015174, -0.812739, -0.581612, 0.034395, 0.248004, 0.000000, 0.000000, 0.000000, 1.000000, 0.000150, 0.101056, -0.994881, 0.081282, -0.998440, -0.055528, -0.005791, 0.008409, -0.055829, 0.993330, 0.100890, -0.012961, 0.000000, 0.000000, 0.000000, 1.000000
-14.9332, -6.1663, 9.0405, 173.5273, 242.5316, 15.1662, 248.0134, 81.2823, 8.4092, -12.9619, 0.578172, -0.812393, -0.075730, -0.006166, 0.812731, 0.581622, -0.034422, 0.009041, 0.072011, -0.041646, 0.996534, 0.173527, 0.000000, 0.000000, 0.000000, 1.000000, 0.071938, -0.041697, 0.996537, 0.242532, -0.578172, 0.812393, 0.075729, 0.015166, -0.812737, -0.581618, 0.034334, 0.248013, 0.000000, 0.000000, 0.000000, 1.000000, 0.000150, 0.101056, -0.994881, 0.081282, -0.998440, -0.055528, -0.005791, 0.008409, -0.055829, 0.993330, 0.100890, -0.012962, 0.000000, 0.000000, 0.000000, 1.000000
-14.9332, -6.1663, 9.0405, 173.5273, 242.5316, 15.1662, 248.0134, 81.2823, 8.4092, -12.9619, 0.578172, -0.812393, -0.075730, -0.006166, 0.812731, 0.581622, -0.034422, 0.009041, 0.072011, -0.041646, 0.996534, 0.173527, 0.000000, 0.000000, 0.000000, 1.000000, 0.071938, -0.041697, 0.996537, 0.242532, -0.578172, 0.812393, 0.075729, 0.015166, -0.812737, -0.581618, 0.034334, 0.248013, 0.000000, 0.000000, 0.000000, 1.000000, 0.000150, 0.101056, -0.994881, 0.081282, -0.998440, -0.055528, -0.005791, 0.008409, -0.055829, 0.993330, 0.100890, -0.012962, 0.000000, 0.000000, 0.000000, 1.000000
-14.9225, -6.1529, 9.0308, 173.5534, 242.5577, 15.1527, 248.0231, 81.2820, 8.4092, -12.9626, 0.578172, -0.812379, -0.075881, -0.006153, 0.812732, 0.581627, -0.034306, 0.009031, 0.072005, -0.041836, 0.996527, 0.173553, 0.000000, 0.000000, 0.000000, 1.000000, 0.071932, -0.041887, 0.996530, 0.242558, -0.578172, 0.812379, 0.075881, 0.015153, -0.812738, -0.581624, 0.034218, 0.248023, 0.000000, 0.000000, 0.000000, 1.000000, 0.000150, 0.101056, -0.994881, 0.081282, -0.998440, -0.055528, -0.005791, 0.008409, -0.055829, 0.993330, 0.100890, -0.012963, 0.000000, 0.000000, 0.000000, 1.000000
-14.9150, -6.1432, 9.0253, 173.5725, 242.5768, 15.1431, 248.0285, 81.2818, 8.4092, -12.9630, 0.578171, -0.812370, -0.075987, -0.006143, 0.812733, 0.581630, -0.034221, 0.009025, 0.071996, -0.041972, 0.996521, 0.173573, 0.000000, 0.000000, 0.000000, 1.000000, 0.071924, -0.042023, 0.996524, 0.242577, -0.578171, 0.812370, 0.075987, 0.015143, -0.812739, -0.581627, 0.034132, 0.248029, 0.000000, 0.000000, 0.000000, 1.000000, 0.000150, 0.101056, -0.994881, 0.081282, -0.998440, -0.055528, -0.005791, 0.008409, -0.055829, 0.993330, 0.100890, -0.012963, 0.000000, 0.000000, 0.000000, 1.000000
-14.9111, -6.1383, 9.0224, 173.5823, 242.5865, 15.1381, 248.0315, 81.2817, 8.4092, -12.9632, 0.578170, -0.812365, -0.076042, -0.006138, 0.812734, 0.581632, -0.034177, 0.009022, 0.071993, -0.042041, 0.996519, 0.173582, 0.000000, 0.000000, 0.000000, 1.000000, 0.071920, -0.042093, 0.996522, 0.242587, -0.578170, 0.812365, 0.076041, 0.015138, -0.812740, -0.581628, 0.034089, 0.248031, 0.000000, 0.000000, 0.000000, 1.000000, 0.000150, 0.101056, -0.994881, 0.081282, -0.998440, -0.055528, -0.005791, 0.008409, -0.055829, 0.993330, 0.100890, -0.012963, 0.000000, 0.000000, 0.000000, 1.000000
-14.9032, -6.1283, 9.0159, 173.6020, 242.6063, 15.1281, 248.0379, 81.2815, 8.4093, -12.9637, 0.578170, -0.812355, -0.076154, -0.006128, 0.812735, 0.581636, -0.034089, 0.009016, 0.071986, -0.042183, 0.996513, 0.173602, 0.000000, 0.000000, 0.000000, 1.000000, 0.071913, -0.042234, 0.996516, 0.242606, -0.578170, 0.812355, 0.076153, 0.015128, -0.812741, -0.581632, 0.034001, 0.248038, 0.000000, 0.000000, 0.000000, 1.000000, 0.000150, 0.101056, -0.994881, 0.081281, -0.998440, -0.055528, -0.005790, 0.008409, -0.055829, 0.993330, 0.100890, -0.012964, 0.000000, 0.000000, 0.000000, 1.000000
-14.8991, -6.1232, 9.0125, 173.6121, 242.6164, 15.1230, 248.0413, 81.2814, 8.4093, -12.9640, 0.578169, -0.812350, -0.076211, -0.006123, 0.812735, 0.581638, -0.034045, 0.009012, 0.071983, -0.042255, 0.996510, 0.173612, 0.000000, 0.000000, 0.000000, 1.000000, 0.071910, -0.042307, 0.996513, 0.242616, -0.578169, 0.812350, 0.076210, 0.015123, -0.812742, -0.581634, 0.033956, 0.248041, 0.000000, 0.000000, 0.000000, 1.000000, 0.000150, 0.101056, -0.994881, 0.081281, -0.998440, -0.055528, -0.005790, 0.008409, -0.055829, 0.993330, 0.100890, -0.012964, 0.000000, 0.000000, 0.000000, 1.000000
-14.8909, -6.1128, 9.0051, 173.6324, 242.6367, 15.1126, 248.0486, 81.2811, 8.4093, -12.9645, 0.578169, -0.812339, -0.076327, -0.006113, 0.812736, 0.581642, -0.033955, 0.009005, 0.071979, -0.042402, 0.996504, 0.173632, 0.000000, 0.000000, 0.000000, 1.000000, 0.071905, -0.042454, 0.996508, 0.242637, -0.578169, 0.812339, 0.076327, 0.015113, -0.812743, -0.581638, 0.033866, 0.248049, 0.000000, 0.000000, 0.000000, 1.000000, 0.000150, 0.101056, -0.994881, 0.081281, -0.998440, -0.055528, -0.005790, 0.008409, -0.055829, 0.993330, 0.100890, -0.012964, 0.000000, 0.000000, 0.000000, 1.000000
-14.8824, -6.1023, 8.9972, 173.6529, 242.6572, 15.1021, 248.0564, 81.2809, 8.4093, -12.9650, 0.578168, -0.812328, -0.076447, -0.006102, 0.812737, 0.581646, -0.033865, 0.008997, 0.071975, -0.042552, 0.996498, 0.173653, 0.000000, 0.000000, 0.000000, 1.000000, 0.071901, -0.042603, 0.996501, 0.242657, -0.578168, 0.812328, 0.076446, 0.015102, -0.812743, -0.581642, 0.033776, 0.248056, 0.000000, 0.000000, 0.000000, 1.000000, 0.000150, 0.101056, -0.994881, 0.081281, -0.998440, -0.055528, -0.005790, 0.008409, -0.055829, 0.993330, 0.100890, -0.012965, 0.000000, 0.000000, 0.000000, 1.000000
-14.8781, -6.0969, 8.9931, 173.6633, 242.6676, 15.0968, 248.0606, 81.2808, 8.4094, -12.9652, 0.578168, -0.812323, -0.076508, -0.006097, 0.812737, 0.581648, -0.033820, 0.008993, 0.071973, -0.042627, 0.996495, 0.173663, 0.000000, 0.000000, 0.000000, 1.000000, 0.071900, -0.042679, 0.996498, 0.242668, -0.578168, 0.812323, 0.076507, 0.015097, -0.812743, -0.581645, 0.033730, 0.248061, 0.000000, 0.000000, 0.000000, 1.000000, 0.000150, 0.101056, -0.994881, 0.081281, -0.998440, -0.055528, -0.005790, 0.008409, -0.055829, 0.993330, 0.100890, -0.012965, 0.000000, 0.000000, 0.000000, 1.000000
-14.8738, -6.0916, 8.9888, 173.6737, 242.6780, 15.0914, 248.0648, 81.2807, 8.4094, -12.9655, 0.578168, -0.812317, -0.076569, -0.006092, 0.812737, 0.581651, -0.033774, 0.008989, 0.071972, -0.042704, 0.996492, 0.173674, 0.000000, 0.000000, 0.000000, 1.000000, 0.071899, -0.042755, 0.996495, 0.242678, -0.578168, 0.812317, 0.076568, 0.015091, -0.812744, -0.581647, 0.033685, 0.248065, 0.000000, 0.000000, 0.000000, 1.000000, 0.000150, 0.101056, -0.994881, 0.081281, -0.998440, -0.055528, -0.005790, 0.008409, -0.055829, 0.993330, 0.100890, -0.012966, 0.000000, 0.000000, 0.000000, 1.000000
-14.8606, -6.0754, 8.9753, 173.7051, 242.7094, 15.0752, 248.0782, 81.2803, 8.4094, -12.9663, 0.578168, -0.812299, -0.076756, -0.006075, 0.812737, 0.581658, -0.033637, 0.008975, 0.071970, -0.042935, 0.996482, 0.173705, 0.000000, 0.000000, 0.000000, 1.000000, 0.071896, -0.042986, 0.996485, 0.242709, -0.578168, 0.812299, 0.076756, 0.015075, -0.812744, -0.581655, 0.033548, 0.248078, 0.000000, 0.000000, 0.000000, 1.000000, 0.000150, 0.101056, -0.994881, 0.081280, -0.998440, -0.055528, -0.005790, 0.008409, -0.055829, 0.993330, 0.100890, -0.012966, 0.000000, 0.000000, 0.000000, 1.000000
-14.8561, -6.0699, 8.9706, 173.7156, 242.7200, 15.0698, 248.0829, 81.2802, 8.4094, -12.9666, 0.578168, -0.812293, -0.076819, -0.006070, 0.812737, 0.581661, -0.033592, 0.008971, 0.071969, -0.043012, 0.996479, 0.173716, 0.000000, 0.000000, 0.000000, 1.000000, 0.071896, -0.043064, 0.996482, 0.242720, -0.578168, 0.812293, 0.076819, 0.015070, -0.812744, -0.581657, 0.033502, 0.248083, 0.000000, 0.000000, 0.000000, 1.000000, 0.000150, 0.101056, -0.994881, 0.081280, -0.998440, -0.055528, -0.005790, 0.008409, -0.055829, 0.993330, 0.100890, -0.012967, 0.000000, 0.000000, 0.000000, 1.000000
-14.8427, -6.0536, 8.9560, 173.7472, 242.7515, 15.0534, 248.0975, 81.2798, 8.4095, -12.9674, 0.578169, -0.812275, -0.077010, -0.006054, 0.812737, 0.581669, -0.033455, 0.008956, 0.071970, -0.043246, 0.996469, 0.173747, 0.000000, 0.000000, 0.000000, 1.000000, 0.071896, -0.043298, 0.996472, 0.242751, -0.578169, 0.812275, 0.077009, 0.015053, -0.812744, -0.581665, 0.033366, 0.248097, 0.000000, 0.000000, 0.000000, 1.000000, 0.000150, 0.101056, -0.994881, 0.081280, -0.998440, -0.055528, -0.005790, 0.008409, -0.055829, 0.993330, 0.100890, -0.012967, 0.000000, 0.000000, 0.000000, 1.000000
-14.8337, -6.0427, 8.9460, 173.7681, 242.7724, 15.0425, 248.1075, 81.2796, 8.4095, -12.9679, 0.578169, -0.812262, -0.077138, -0.006043, 0.812737, 0.581675, -0.033365, 0.008946, 0.071971, -0.043402, 0.996462, 0.173768, 0.000000, 0.000000, 0.000000, 1.000000, 0.071897, -0.043454, 0.996465, 0.242772, -0.578169, 0.812263, 0.077137, 0.015043, -0.812743, -0.581671, 0.033275, 0.248108, 0.000000, 0.000000, 0.000000, 1.000000, 0.000150, 0.101056, -0.994881, 0.081280, -0.998440, -0.055528, -0.005790, 0.008409, -0.055829, 0.993330, 0.100890, -0.012968, 0.000000, 0.000000, 0.000000, 1.000000
-14.8292, -6.0372, 8.9408, 173.7785, 242.7829, 15.0371, 248.1126, 81.2795, 8.4095, -12.9682, 0.578169, -0.812256, -0.077202, -0.006037, 0.812736, 0.581678, -0.033320, 0.008941, 0.071971, -0.043480, 0.996459, 0.173779, 0.000000, 0.000000, 0.000000, 1.000000, 0.071898, -0.043532, 0.996462, 0.242783, -0.578169, 0.812256, 0.077201, 0.015037, -0.812743, -0.581674, 0.033230, 0.248113, 0.000000, 0.000000, 0.000000, 1.000000, 0.000150, 0.101056, -0.994881, 0.081279, -0.998440, -0.055528, -0.005790, 0.008410, -0.055829, 0.993330, 0.100890, -0.012968, 0.000000, 0.000000, 0.000000, 1.000000
-14.8247, -6.0318, 8.9357, 173.7889, 242.7933, 15.0316, 248.1178, 81.2794, 8.4095, -12.9685, 0.578170, -0.812250, -0.077266, -0.006032, 0.812736, 0.581681, -0.033276, 0.008936, 0.071972, -0.043558, 0.996455, 0.173789, 0.000000, 0.000000, 0.000000, 1.000000, 0.071898, -0.043610, 0.996458, 0.242793, -0.578170, 0.812250, 0.077265, 0.015032, -0.812743, -0.581677, 0.033186, 0.248118, 0.000000, 0.000000, 0.000000, 1.000000, 0.000150, 0.101056, -0.994881, 0.081279, -0.998440, -0.055528, -0.005790, 0.008410, -0.055829, 0.993330, 0.100890, -0.012968, 0.000000, 0.000000, 0.000000, 1.000000
-14.8157, -6.0210, 8.9252, 173.8096, 242.8140, 15.0208, 248.1282, 81.2791, 8.4096, -12.9690, 0.578170, -0.812237, -0.077394, -0.006021, 0.812735, 0.581687, -0.033187, 0.008925, 0.071975, -0.043713, 0.996448, 0.173810, 0.000000, 0.000000, 0.000000, 1.000000, 0.071901, -0.043765, 0.996451, 0.242814, -0.578170, 0.812237, 0.077393, 0.015021, -0.812742, -0.581683, 0.033097, 0.248128, 0.000000, 0.000000, 0.000000, 1.000000, 0.000149, 0.101056, -0.994881, 0.081279, -0.998440, -0.055528, -0.005790, 0.008410, -0.055829, 0.993330, 0.100890, -0.012969, 0.000000, 0.000000, 0.000000, 1.000000
-14.8112, -6.0157, 8.9199, 173.8199, 242.8242, 15.0155, 248.1335, 81.2790, 8.4096, -12.9693, 0.578170, -0.812231, -0.077457, -0.006016, 0.812735, 0.581690, -0.033143, 0.008920, 0.071976, -0.043790, 0.996445, 0.173820, 0.000000, 0.000000, 0.000000, 1.000000, 0.071902, -0.043842, 0.996448, 0.242824, -0.578171, 0.812231, 0.077457, 0.015015, -0.812742, -0.581686, 0.033053, 0.248134, 0.000000, 0.000000, 0.000000, 1.000000, 0.000149, 0.101056, -0.994881, 0.081279, -0.998440, -0.055528, -0.005790, 0.008410, -0.055829, 0.993330, 0.100890, -0.012969, 0.000000, 0.000000, 0.000000, 1.000000
-14.7978, -5.9997, 8.9040, 173.8504, 242.8547, 14.9995, 248.1494, 81.2787, 8.4096, -12.9701, 0.578172, -0.812212, -0.077647, -0.006000, 0.812734, 0.581699, -0.033013, 0.008904, 0.071981, -0.044019, 0.996434, 0.173850, 0.000000, 0.000000, 0.000000, 1.000000, 0.071907, -0.044071, 0.996437, 0.242855, -0.578172, 0.812212, 0.077646, 0.015000, -0.812740, -0.581695, 0.032923, 0.248149, 0.000000, 0.000000, 0.000000, 1.000000, 0.000149, 0.101056, -0.994881, 0.081279, -0.998440, -0.055528, -0.005790, 0.008410, -0.055829, 0.993330, 0.100890, -0.012970, 0.000000, 0.000000, 0.000000, 1.000000
-14.7934, -5.9944, 8.8987, 173.8604, 242.8648, 14.9943, 248.1547, 81.2785, 8.4096, -12.9704, 0.578172, -0.812206, -0.077710, -0.005994, 0.812733, 0.581702, -0.032970, 0.008899, 0.071983, -0.044095, 0.996431, 0.173860, 0.000000, 0.000000, 0.000000, 1.000000, 0.071908, -0.044147, 0.996434, 0.242865, -0.578172, 0.812206, 0.077709, 0.014994, -0.812740, -0.581698, 0.032880, 0.248155, 0.000000, 0.000000, 0.000000, 1.000000, 0.000149, 0.101056, -0.994881, 0.081279, -0.998440, -0.055528, -0.005790, 0.008410, -0.055829, 0.993330, 0.100890, -0.012970, 0.000000, 0.000000, 0.000000, 1.000000
-14.7847, -5.9840, 8.8881, 173.8803, 242.8847, 14.9839, 248.1654, 81.2783, 8.4097, -12.9709, 0.578173, -0.812193, -0.077834, -0.005984, 0.812733, 0.581708, -0.032886, 0.008888, 0.071986, -0.044245, 0.996424, 0.173880, 0.000000, 0.000000, 0.000000, 1.000000, 0.071912, -0.044297, 0.996427, 0.242885, -0.578173, 0.812193, 0.077833, 0.014984, -0.812739, -0.581704, 0.032795, 0.248165, 0.000000, 0.000000, 0.000000, 1.000000, 0.000149, 0.101056, -0.994881, 0.081278, -0.998440, -0.055528, -0.005790, 0.008410, -0.055829, 0.993330, 0.100890, -0.012971, 0.000000, 0.000000, 0.000000, 1.000000
-14.7803, -5.9789, 8.8828, 173.8901, 242.8945, 14.9787, 248.1707, 81.2782, 8.4097, -12.9712, 0.578173, -0.812187, -0.077896, -0.005979, 0.812732, 0.581711, -0.032844, 0.008883, 0.071988, -0.044319, 0.996420, 0.173890, 0.000000, 0.000000, 0.000000, 1.000000, 0.071914, -0.044371, 0.996423, 0.242894, -0.578173, 0.812187, 0.077895, 0.014979, -0.812739, -0.581707, 0.032753, 0.248171, 0.000000, 0.000000, 0.000000, 1.000000, 0.000149, 0.101056, -0.994881, 0.081278, -0.998440, -0.055528, -0.005790, 0.008410, -0.055829, 0.993330, 0.100890, -0.012971, 0.000000, 0.000000, 0.000000, 1.000000
-14.7718, -5.9687, 8.8722, 173.9095, 242.9139, 14.9685, 248.1812, 81.2780, 8.4097, -12.9717, 0.578174, -0.812175, -0.078018, -0.005969, 0.812731, 0.581717, -0.032761, 0.008872, 0.071992, -0.044466, 0.996414, 0.173910, 0.000000, 0.000000, 0.000000, 1.000000, 0.071918, -0.044518, 0.996417, 0.242914, -0.578174, 0.812175, 0.078017, 0.014969, -0.812738, -0.581713, 0.032671, 0.248181, 0.000000, 0.000000, 0.000000, 1.000000, 0.000149, 0.101056, -0.994881, 0.081278, -0.998440, -0.055528, -0.005790, 0.008410, -0.055829, 0.993330, 0.100890, -0.012972, 0.000000, 0.000000, 0.000000, 1.000000
-14.7675, -5.9637, 8.8670, 173.9191, 242.9235, 14.9635, 248.1864, 81.2778, 8.4097, -12.9720, 0.578175, -0.812169, -0.078078, -0.005964, 0.812731, 0.581720, -0.032720, 0.008867, 0.071994, -0.044538, 0.996410, 0.173919, 0.000000, 0.000000, 0.000000, 1.000000, 0.071920, -0.044590, 0.996413, 0.242923, -0.578175, 0.812169, 0.078077, 0.014964, -0.812737, -0.581716, 0.032630, 0.248186, 0.000000, 0.000000, 0.000000, 1.000000, 0.000149, 0.101056, -0.994881, 0.081278, -0.998440, -0.055528, -0.005790, 0.008410, -0.055829, 0.993330, 0.100890, -0.012972, 0.000000, 0.000000, 0.000000, 1.000000
-14.7592, -5.9538, 8.8567, 173.9380, 242.9424, 14.9536, 248.1968, 81.2776, 8.4097, -12.9725, 0.578175, -0.812157, -0.078197, -0.005954, 0.812730, 0.581726, -0.032640, 0.008857, 0.071998, -0.044681, 0.996403, 0.173938, 0.000000, 0.000000, 0.000000, 1.000000, 0.071924, -0.044733, 0.996406, 0.242942, -0.578176, 0.812157, 0.078196, 0.014954, -0.812736, -0.581722, 0.032550, 0.248197, 0.000000, 0.000000, 0.000000, 1.000000, 0.000149, 0.101056, -0.994881, 0.081278, -0.998440, -0.055528, -0.005790, 0.008410, -0.055829, 0.993330, 0.100890, -0.012972, 0.000000, 0.000000, 0.000000, 1.000000
-14.7510, -5.9441, 8.8465, 173.9565, 242.9609, 14.9439, 248.2070, 81.2774, 8.4098, -12.9730, 0.578176, -0.812145, -0.078314, -0.005944, 0.812729, 0.581732, -0.032561, 0.008846, 0.072002, -0.044822, 0.996397, 0.173957, 0.000000, 0.000000, 0.000000, 1.000000, 0.071928, -0.044874, 0.996400, 0.242961, -0.578176, 0.812145, 0.078313, 0.014944, -0.812735, -0.581728, 0.032471, 0.248207, 0.000000, 0.000000, 0.000000, 1.000000, 0.000149, 0.101056, -0.994881, 0.081277, -0.998440, -0.055528, -0.005790, 0.008410, -0.055829, 0.993330, 0.100890, -0.012973, 0.000000, 0.000000, 0.000000, 1.000000
-14.7469, -5.9393, 8.8415, 173.9657, 242.9700, 14.9391, 248.2120, 81.2773, 8.4098, -12.9732, 0.578177, -0.812139, -0.078371, -0.005939, 0.812728, 0.581735, -0.032523, 0.008841, 0.072004, -0.044891, 0.996394, 0.173966, 0.000000, 0.000000, 0.000000, 1.000000, 0.071930, -0.044943, 0.996397, 0.242970, -0.578177, 0.812139, 0.078371, 0.014939, -0.812735, -0.581731, 0.032432, 0.248212, 0.000000, 0.000000, 0.000000, 1.000000, 0.000149, 0.101056, -0.994881, 0.081277, -0.998440, -0.055528, -0.005790, 0.008410, -0.055829, 0.993330, 0.100890, -0.012973, 0.000000, 0.000000, 0.000000, 1.000000
-14.7390, -5.9299, 8.8316, 173.9836, 242.9880, 14.9297, 248.2218, 81.2771, 8.4098, -12.9737, 0.578178, -0.812127, -0.078484, -0.005930, 0.812727, 0.581740, -0.032446, 0.008832, 0.072008, -0.045027, 0.996387, 0.173984, 0.000000, 0.000000, 0.000000, 1.000000, 0.071934, -0.045079, 0.996390, 0.242988, -0.578178, 0.812127, 0.078484, 0.014930, -0.812734, -0.581736, 0.032356, 0.248222, 0.000000, 0.000000, 0.000000, 1.000000, 0.000149, 0.101056, -0.994881, 0.081277, -0.998440, -0.055528, -0.005790, 0.008410, -0.055829, 0.993330, 0.100890, -0.012974, 0.000000, 0.000000, 0.000000, 1.000000
-14.7312, -5.9207, 8.8220, 174.0011, 243.0055, 14.9205, 248.2315, 81.2769, 8.4098, -12.9742, 0.578179, -0.812116, -0.078595, -0.005921, 0.812726, 0.581746, -0.032372, 0.008822, 0.072012, -0.045159, 0.996381, 0.174001, 0.000000, 0.000000, 0.000000, 1.000000, 0.071938, -0.045211, 0.996384, 0.243005, -0.578179, 0.812116, 0.078594, 0.014921, -0.812733, -0.581742, 0.032282, 0.248231, 0.000000, 0.000000, 0.000000, 1.000000, 0.000149, 0.101056, -0.994881, 0.081277, -0.998440, -0.055528, -0.005790, 0.008410, -0.055829, 0.993330, 0.100890, -0.012974, 0.000000, 0.000000, 0.000000, 1.000000
-14.7312, -5.9207, 8.8220, 174.0011, 243.0055, 14.9205, 248.2315, 81.2769, 8.4098, -12.9742, 0.578179, -0.812116, -0.078595, -0.005921, 0.812726, 0.581746, -0.032372, 0.008822, 0.072012, -0.045159, 0.996381, 0.174001, 0.000000, 0.000000, 0.000000, 1.000000, 0.071938, -0.045211, 0.996384, 0.243005, -0.578179, 0.812116, 0.078594, 0.014921, -0.812733, -0.581742, 0.032282, 0.248231, 0.000000, 0.000000, 0.000000, 1.000000, 0.000149, 0.101056, -0.994881, 0.081277, -0.998440, -0.055528, -0.005790, 0.008410, -0.055829, 0.993330, 0.100890, -0.012974, 0.000000, 0.000000, 0.000000, 1.000000
-14.7163, -5.9030, 8.8036, 174.0349, 243.0392, 14.9028, 248.2499, 81.2765, 8.4099, -12.9751, 0.578180, -0.812094, -0.078807, -0.005903, 0.812724, 0.581756, -0.032228, 0.008804, 0.072019, -0.045415, 0.996369, 0.174035, 0.000000, 0.000000, 0.000000, 1.000000, 0.071945, -0.045467, 0.996372, 0.243039, -0.578180, 0.812094, 0.078807, 0.014903, -0.812731, -0.581752, 0.032138, 0.248250, 0.000000, 0.000000, 0.000000, 1.000000, 0.000149, 0.101056, -0.994881, 0.081276, -0.998440, -0.055528, -0.005790, 0.008410, -0.055829, 0.993330, 0.100890, -0.012975, 0.000000, 0.000000, 0.000000, 1.000000
-14.7091, -5.8945, 8.7949, 174.0511, 243.0554, 14.8943, 248.2587, 81.2763, 8.4099, -12.9755, 0.578181, -0.812084, -0.078909, -0.005895, 0.812724, 0.581761, -0.032159, 0.008795, 0.072022, -0.045537, 0.996363, 0.174051, 0.000000, 0.000000, 0.000000, 1.000000, 0.071948, -0.045589, 0.996366, 0.243055, -0.578181, 0.812084, 0.078908, 0.014894, -0.812730, -0.581757, 0.032069, 0.248259, 0.000000, 0.000000, 0.000000, 1.000000, 0.000149, 0.101056, -0.994881, 0.081276, -0.998440, -0.055528, -0.005790, 0.008410, -0.055829, 0.993330, 0.100890, -0.012976, 0.000000, 0.000000, 0.000000, 1.000000
