# Joint_6_Angle(deg), Cam_X(mm), Cam_Y(mm), Cam_Z(mm), Torso_X(mm), Torso_Y(mm), Torso_Z(mm), EE_X(mm), EE_Y(mm), EE_Z(mm), T_cam2marker_flat(16), T_torso2marker_flat(16), T_ee2marker_flat(16)
-29.9992, 69.9703, -4.7582, 189.0898, 211.0916, -69.9705, 204.7562, 15.0771, -103.1640, 17.0888, 0.922985, -0.002984, -0.384824, 0.069970, -0.027895, 0.996821, -0.074634, -0.004758, 0.383823, 0.079621, 0.919967, 0.189090, 0.000000, 0.000000, 0.000000, 1.000000, 0.383833, 0.079223, 0.919998, 0.211092, -0.922986, 0.002984, 0.384823, -0.069971, 0.027742, -0.996852, 0.074267, 0.204756, 0.000000, 0.000000, 0.000000, 1.000000, -0.995792, 0.090780, -0.012536, 0.015077, -0.013324, -0.008077, 0.999879, -0.103164, 0.090668, 0.995838, 0.009252, 0.017089, 0.000000, 0.000000, 0.000000, 1.000000
-29.9994, 69.9708, -4.7597, 189.0891, 211.0908, -69.9711, 204.7577, 15.0773, -103.1642, 17.0886, 0.922984, -0.002986, -0.384828, 0.069971, -0.027895, 0.996820, -0.074639, -0.004760, 0.383827, 0.079626, 0.919965, 0.189089, 0.000000, 0.000000, 0.000000, 1.000000, 0.383837, 0.079228, 0.919996, 0.211091, -0.922984, 0.002986, 0.384826, -0.069971, 0.027742, -0.996852, 0.074272, 0.204758, 0.000000, 0.000000, 0.000000, 1.000000, -0.995792, 0.090780, -0.012536, 0.015077, -0.013324, -0.008076, 0.999879, -0.103164, 0.090668, 0.995838, 0.009252, 0.017089, 0.000000, 0.000000, 0.000000, 1.000000
-29.9995, 69.9710, -4.7605, 189.0887, 211.0905, -69.9713, 204.7585, 15.0774, -103.1643, 17.0885, 0.922983, -0.002987, -0.384830, 0.069971, -0.027895, 0.996820, -0.074642, -0.004760, 0.383829, 0.079628, 0.919964, 0.189089, 0.000000, 0.000000, 0.000000, 1.000000, 0.383839, 0.079230, 0.919995, 0.211090, -0.922983, 0.002987, 0.384828, -0.069971, 0.027742, -0.996852, 0.074275, 0.204758, 0.000000, 0.000000, 0.000000, 1.000000, -0.995792, 0.090780, -0.012536, 0.015077, -0.013324, -0.008076, 0.999879, -0.103164, 0.090668, 0.995838, 0.009252, 0.017088, 0.000000, 0.000000, 0.000000, 1.000000
-29.9999, 69.9718, -4.7628, 189.0875, 211.0893, -69.9721, 204.7608, 15.0776, -103.1646, 17.0881, 0.922980, -0.002990, -0.384835, 0.069972, -0.027896, 0.996820, -0.074649, -0.004763, 0.383835, 0.079635, 0.919962, 0.189088, 0.000000, 0.000000, 0.000000, 1.000000, 0.383844, 0.079237, 0.919992, 0.211089, -0.922981, 0.002990, 0.384834, -0.069972, 0.027742, -0.996851, 0.074282, 0.204761, 0.000000, 0.000000, 0.000000, 1.000000, -0.995792, 0.090780, -0.012536, 0.015078, -0.013324, -0.008076, 0.999879, -0.103165, 0.090668, 0.995838, 0.009251, 0.017088, 0.000000, 0.000000, 0.000000, 1.000000
-30.0001, 69.9723, -4.7643, 189.0868, 211.0886, -69.9726, 204.7623, 15.0777, -103.1648, 17.0879, 0.922979, -0.002992, -0.384839, 0.069972, -0.027896, 0.996819, -0.074654, -0.004764, 0.383838, 0.079640, 0.919960, 0.189087, 0.000000, 0.000000, 0.000000, 1.000000, 0.383848, 0.079242, 0.919990, 0.211089, -0.922980, 0.002992, 0.384837, -0.069973, 0.027742, -0.996851, 0.074287, 0.204762, 0.000000, 0.000000, 0.000000, 1.000000, -0.995792, 0.090780, -0.012536, 0.015078, -0.013324, -0.008075, 0.999879, -0.103165, 0.090668, 0.995838, 0.009251, 0.017088, 0.000000, 0.000000, 0.000000, 1.000000
-30.0003, 69.9718, -4.7607, 189.0887, 211.0905, -69.9721, 204.7586, 15.0780, -103.1642, 17.0885, 0.922977, -0.002988, -0.384843, 0.069972, -0.027896, 0.996820, -0.074643, -0.004761, 0.383842, 0.079629, 0.919959, 0.189089, 0.000000, 0.000000, 0.000000, 1.000000, 0.383852, 0.079231, 0.919989, 0.211090, -0.922978, 0.002988, 0.384842, -0.069972, 0.027743, -0.996852, 0.074275, 0.204759, 0.000000, 0.000000, 0.000000, 1.000000, -0.995792, 0.090780, -0.012536, 0.015078, -0.013324, -0.008075, 0.999879, -0.103164, 0.090668, 0.995838, 0.009250, 0.017088, 0.000000, 0.000000, 0.000000, 1.000000
-30.0004, 69.9716, -4.7591, 189.0896, 211.0914, -69.9719, 204.7570, 15.0782, -103.1639, 17.0887, 0.922976, -0.002986, -0.384845, 0.069972, -0.027896, 0.996820, -0.074637, -0.004759, 0.383844, 0.079624, 0.919958, 0.189090, 0.000000, 0.000000, 0.000000, 1.000000, 0.383854, 0.079226, 0.919989, 0.211091, -0.922977, 0.002986, 0.384844, -0.069972, 0.027743, -0.996852, 0.074270, 0.204757, 0.000000, 0.000000, 0.000000, 1.000000, -0.995792, 0.090780, -0.012536, 0.015078, -0.013324, -0.008075, 0.999879, -0.103164, 0.090668, 0.995838, 0.009250, 0.017089, 0.000000, 0.000000, 0.000000, 1.000000
-30.0006, 69.9712, -4.7561, 189.0912, 211.0930, -69.9715, 204.7540, 15.0784, -103.1633, 17.0892, 0.922975, -0.002982, -0.384848, 0.069971, -0.027896, 0.996821, -0.074628, -0.004756, 0.383847, 0.079615, 0.919958, 0.189091, 0.000000, 0.000000, 0.000000, 1.000000, 0.383857, 0.079217, 0.919988, 0.211093, -0.922976, 0.002982, 0.384847, -0.069971, 0.027743, -0.996853, 0.074260, 0.204754, 0.000000, 0.000000, 0.000000, 1.000000, -0.995792, 0.090780, -0.012536, 0.015078, -0.013324, -0.008074, 0.999879, -0.103163, 0.090668, 0.995838, 0.009250, 0.017089, 0.000000, 0.000000, 0.000000, 1.000000
-30.0006, 69.9710, -4.7548, 189.0919, 211.0937, -69.9713, 204.7527, 15.0785, -103.1631, 17.0894, 0.922975, -0.002981, -0.384849, 0.069971, -0.027896, 0.996822, -0.074623, -0.004755, 0.383848, 0.079611, 0.919958, 0.189092, 0.000000, 0.000000, 0.000000, 1.000000, 0.383858, 0.079213, 0.919988, 0.211094, -0.922975, 0.002981, 0.384848, -0.069971, 0.027743, -0.996853, 0.074256, 0.204753, 0.000000, 0.000000, 0.000000, 1.000000, -0.995792, 0.090780, -0.012536, 0.015078, -0.013324, -0.008074, 0.999879, -0.103163, 0.090668, 0.995838, 0.009250, 0.017089, 0.000000, 0.000000, 0.000000, 1.000000
-30.0006, 69.9705, -4.7525, 189.0931, 211.0948, -69.9708, 204.7504, 15.0785, -103.1627, 17.0898, 0.922975, -0.002978, -0.384849, 0.069971, -0.027896, 0.996822, -0.074616, -0.004753, 0.383848, 0.079605, 0.919959, 0.189093, 0.000000, 0.000000, 0.000000, 1.000000, 0.383858, 0.079206, 0.919989, 0.211095, -0.922975, 0.002978, 0.384848, -0.069971, 0.027743, -0.996854, 0.074248, 0.204750, 0.000000, 0.000000, 0.000000, 1.000000, -0.995792, 0.090780, -0.012536, 0.015079, -0.013324, -0.008074, 0.999879, -0.103163, 0.090668, 0.995838, 0.009250, 0.017090, 0.000000, 0.000000, 0.000000, 1.000000
-30.0005, 69.9703, -4.7516, 189.0935, 211.0953, -69.9705, 204.7494, 15.0785, -103.1626, 17.0899, 0.922975, -0.002977, -0.384848, 0.069970, -0.027896, 0.996822, -0.074613, -0.004752, 0.383847, 0.079602, 0.919959, 0.189094, 0.000000, 0.000000, 0.000000, 1.000000, 0.383857, 0.079203, 0.919990, 0.211095, -0.922976, 0.002977, 0.384846, -0.069971, 0.027743, -0.996854, 0.074245, 0.204749, 0.000000, 0.000000, 0.000000, 1.000000, -0.995792, 0.090780, -0.012536, 0.015078, -0.013324, -0.008074, 0.999879, -0.103163, 0.090668, 0.995838, 0.009250, 0.017090, 0.000000, 0.000000, 0.000000, 1.000000
-30.0001, 69.9696, -4.7500, 189.0942, 211.0960, -69.9699, 204.7478, 15.0782, -103.1624, 17.0901, 0.922978, -0.002975, -0.384842, 0.069970, -0.027896, 0.996823, -0.074608, -0.004750, 0.383841, 0.079597, 0.919962, 0.189094, 0.000000, 0.000000, 0.000000, 1.000000, 0.383851, 0.079198, 0.919993, 0.211096, -0.922978, 0.002975, 0.384841, -0.069970, 0.027742, -0.996854, 0.074240, 0.204748, 0.000000, 0.000000, 0.000000, 1.000000, -0.995792, 0.090780, -0.012536, 0.015078, -0.013324, -0.008075, 0.999879, -0.103162, 0.090668, 0.995838, 0.009250, 0.017090, 0.000000, 0.000000, 0.000000, 1.000000
-29.9994, 69.9688, -4.7488, 189.0946, 211.0964, -69.9690, 204.7466, 15.0776, -103.1624, 17.0902, 0.922983, -0.002973, -0.384830, 0.069969, -0.027895, 0.996823, -0.074605, -0.004749, 0.383829, 0.079593, 0.919967, 0.189095, 0.000000, 0.000000, 0.000000, 1.000000, 0.383839, 0.079194, 0.919998, 0.211096, -0.922983, 0.002973, 0.384829, -0.069969, 0.027741, -0.996855, 0.074236, 0.204747, 0.000000, 0.000000, 0.000000, 1.000000, -0.995792, 0.090780, -0.012536, 0.015078, -0.013324, -0.008076, 0.999879, -0.103162, 0.090667, 0.995838, 0.009251, 0.017090, 0.000000, 0.000000, 0.000000, 1.000000
-29.9974, 69.9664, -4.7452, 189.0958, 211.0975, -69.9666, 204.7429, 15.0760, -103.1623, 17.0906, 0.922996, -0.002969, -0.384799, 0.069966, -0.027892, 0.996824, -0.074594, -0.004745, 0.383798, 0.079583, 0.919981, 0.189096, 0.000000, 0.000000, 0.000000, 1.000000, 0.383808, 0.079183, 0.920012, 0.211098, -0.922996, 0.002969, 0.384798, -0.069967, 0.027738, -0.996856, 0.074225, 0.204743, 0.000000, 0.000000, 0.000000, 1.000000, -0.995792, 0.090779, -0.012536, 0.015076, -0.013324, -0.008079, 0.999879, -0.103162, 0.090667, 0.995838, 0.009255, 0.017091, 0.000000, 0.000000, 0.000000, 1.000000
-29.9965, 69.9651, -4.7426, 189.0968, 211.0986, -69.9654, 204.7403, 15.0753, -103.1621, 17.0909, 0.923001, -0.002965, -0.384785, 0.069965, -0.027891, 0.996824, -0.074586, -0.004743, 0.383784, 0.079575, 0.919988, 0.189097, 0.000000, 0.000000, 0.000000, 1.000000, 0.383794, 0.079175, 0.920018, 0.211099, -0.923002, 0.002965, 0.384784, -0.069965, 0.027737, -0.996856, 0.074217, 0.204740, 0.000000, 0.000000, 0.000000, 1.000000, -0.995792, 0.090779, -0.012536, 0.015075, -0.013324, -0.008080, 0.999879, -0.103162, 0.090667, 0.995838, 0.009256, 0.017091, 0.000000, 0.000000, 0.000000, 1.000000
-29.9943, 69.9622, -4.7380, 189.0985, 211.1002, -69.9625, 204.7356, 15.0735, -103.1618, 17.0914, 0.923016, -0.002959, -0.384750, 0.069962, -0.027889, 0.996826, -0.074572, -0.004738, 0.383749, 0.079561, 0.920004, 0.189098, 0.000000, 0.000000, 0.000000, 1.000000, 0.383759, 0.079161, 0.920034, 0.211100, -0.923017, 0.002959, 0.384748, -0.069963, 0.027735, -0.996857, 0.074203, 0.204736, 0.000000, 0.000000, 0.000000, 1.000000, -0.995792, 0.090779, -0.012535, 0.015074, -0.013324, -0.008084, 0.999879, -0.103162, 0.090666, 0.995838, 0.009259, 0.017091, 0.000000, 0.000000, 0.000000, 1.000000
-29.9929, 69.9607, -4.7360, 189.0990, 211.1008, -69.9609, 204.7336, 15.0724, -103.1618, 17.0916, 0.923025, -0.002957, -0.384728, 0.069961, -0.027887, 0.996826, -0.074566, -0.004736, 0.383727, 0.079555, 0.920013, 0.189099, 0.000000, 0.000000, 0.000000, 1.000000, 0.383737, 0.079155, 0.920044, 0.211101, -0.923026, 0.002957, 0.384727, -0.069961, 0.027733, -0.996858, 0.074197, 0.204734, 0.000000, 0.000000, 0.000000, 1.000000, -0.995792, 0.090778, -0.012535, 0.015072, -0.013324, -0.008086, 0.999879, -0.103162, 0.090666, 0.995838, 0.009261, 0.017092, 0.000000, 0.000000, 0.000000, 1.000000
-29.9897, 69.9572, -4.7327, 189.0996, 211.1014, -69.9575, 204.7302, 15.0697, -103.1621, 17.0919, 0.923047, -0.002952, -0.384676, 0.069957, -0.027883, 0.996827, -0.074557, -0.004733, 0.383676, 0.079546, 0.920036, 0.189100, 0.000000, 0.000000, 0.000000, 1.000000, 0.383686, 0.079145, 0.920066, 0.211101, -0.923047, 0.002952, 0.384675, -0.069957, 0.027729, -0.996859, 0.074187, 0.204730, 0.000000, 0.000000, 0.000000, 1.000000, -0.995792, 0.090778, -0.012535, 0.015070, -0.013324, -0.008091, 0.999878, -0.103162, 0.090665, 0.995838, 0.009266, 0.017092, 0.000000, 0.000000, 0.000000, 1.000000
-29.9878, 69.9553, -4.7313, 189.0997, 211.1015, -69.9555, 204.7288, 15.0681, -103.1623, 17.0919, 0.923059, -0.002951, -0.384646, 0.069955, -0.027881, 0.996827, -0.074554, -0.004731, 0.383646, 0.079542, 0.920048, 0.189100, 0.000000, 0.000000, 0.000000, 1.000000, 0.383655, 0.079141, 0.920079, 0.211101, -0.923060, 0.002950, 0.384645, -0.069956, 0.027726, -0.996859, 0.074184, 0.204729, 0.000000, 0.000000, 0.000000, 1.000000, -0.995792, 0.090777, -0.012535, 0.015068, -0.013324, -0.008094, 0.999878, -0.103162, 0.090665, 0.995838, 0.009269, 0.017092, 0.000000, 0.000000, 0.000000, 1.000000
-29.9834, 69.9510, -4.7292, 189.0993, 211.1010, -69.9513, 204.7266, 15.0644, -103.1630, 17.0918, 0.923089, -0.002948, -0.384575, 0.069951, -0.027875, 0.996828, -0.074549, -0.004729, 0.383575, 0.079535, 0.920078, 0.189099, 0.000000, 0.000000, 0.000000, 1.000000, 0.383585, 0.079134, 0.920109, 0.211101, -0.923089, 0.002948, 0.384574, -0.069951, 0.027721, -0.996860, 0.074179, 0.204727, 0.000000, 0.000000, 0.000000, 1.000000, -0.995792, 0.090777, -0.012534, 0.015064, -0.013324, -0.008101, 0.999878, -0.103163, 0.090664, 0.995838, 0.009276, 0.017092, 0.000000, 0.000000, 0.000000, 1.000000
-29.9809, 69.9487, -4.7284, 189.0988, 211.1006, -69.9490, 204.7258, 15.0623, -103.1635, 17.0917, 0.923106, -0.002947, -0.384535, 0.069949, -0.027872, 0.996828, -0.074548, -0.004728, 0.383535, 0.079533, 0.920095, 0.189099, 0.000000, 0.000000, 0.000000, 1.000000, 0.383545, 0.079132, 0.920126, 0.211101, -0.923106, 0.002946, 0.384534, -0.069949, 0.027718, -0.996860, 0.074177, 0.204726, 0.000000, 0.000000, 0.000000, 1.000000, -0.995792, 0.090776, -0.012534, 0.015062, -0.013324, -0.008105, 0.999878, -0.103163, 0.090663, 0.995838, 0.009280, 0.017092, 0.000000, 0.000000, 0.000000, 1.000000
-29.9752, 69.9435, -4.7274, 189.0973, 211.0991, -69.9438, 204.7247, 15.0574, -103.1647, 17.0914, 0.923144, -0.002945, -0.384444, 0.069944, -0.027865, 0.996828, -0.074547, -0.004727, 0.383444, 0.079530, 0.920134, 0.189097, 0.000000, 0.000000, 0.000000, 1.000000, 0.383453, 0.079129, 0.920164, 0.211099, -0.923144, 0.002945, 0.384442, -0.069944, 0.027711, -0.996860, 0.074177, 0.204725, 0.000000, 0.000000, 0.000000, 1.000000, -0.995793, 0.090775, -0.012534, 0.015057, -0.013325, -0.008114, 0.999878, -0.103165, 0.090662, 0.995838, 0.009290, 0.017091, 0.000000, 0.000000, 0.000000, 1.000000
-29.9686, 69.9377, -4.7270, 189.0951, 211.0969, -69.9380, 204.7243, 15.0517, -103.1663, 17.0908, 0.923188, -0.002944, -0.384337, 0.069938, -0.027857, 0.996828, -0.074549, -0.004727, 0.383337, 0.079530, 0.920178, 0.189095, 0.000000, 0.000000, 0.000000, 1.000000, 0.383347, 0.079128, 0.920208, 0.211097, -0.923189, 0.002944, 0.384336, -0.069938, 0.027703, -0.996860, 0.074179, 0.204724, 0.000000, 0.000000, 0.000000, 1.000000, -0.995793, 0.090774, -0.012533, 0.015052, -0.013325, -0.008125, 0.999878, -0.103166, 0.090661, 0.995838, 0.009300, 0.017091, 0.000000, 0.000000, 0.000000, 1.000000
-29.9611, 69.9312, -4.7272, 189.0923, 211.0941, -69.9314, 204.7245, 15.0452, -103.1682, 17.0901, 0.923239, -0.002944, -0.384215, 0.069931, -0.027848, 0.996828, -0.074554, -0.004727, 0.383216, 0.079531, 0.920228, 0.189092, 0.000000, 0.000000, 0.000000, 1.000000, 0.383226, 0.079129, 0.920259, 0.211094, -0.923239, 0.002944, 0.384214, -0.069931, 0.027693, -0.996860, 0.074184, 0.204724, 0.000000, 0.000000, 0.000000, 1.000000, -0.995793, 0.090773, -0.012533, 0.015045, -0.013326, -0.008137, 0.999878, -0.103168, 0.090660, 0.995838, 0.009312, 0.017090, 0.000000, 0.000000, 0.000000, 1.000000
-29.9570, 69.9272, -4.7250, 189.0920, 211.0938, -69.9274, 204.7222, 15.0417, -103.1688, 17.0901, 0.923266, -0.002941, -0.384150, 0.069927, -0.027843, 0.996829, -0.074549, -0.004725, 0.383151, 0.079524, 0.920256, 0.189092, 0.000000, 0.000000, 0.000000, 1.000000, 0.383161, 0.079122, 0.920287, 0.211094, -0.923267, 0.002941, 0.384148, -0.069927, 0.027688, -0.996861, 0.074178, 0.204722, 0.000000, 0.000000, 0.000000, 1.000000, -0.995793, 0.090772, -0.012532, 0.015042, -0.013326, -0.008144, 0.999878, -0.103169, 0.090659, 0.995838, 0.009319, 0.017090, 0.000000, 0.000000, 0.000000, 1.000000
-29.9481, 69.9187, -4.7212, 189.0908, 211.0925, -69.9190, 204.7184, 15.0342, -103.1704, 17.0899, 0.923326, -0.002936, -0.384007, 0.069919, -0.027832, 0.996829, -0.074542, -0.004721, 0.383008, 0.079514, 0.920316, 0.189091, 0.000000, 0.000000, 0.000000, 1.000000, 0.383018, 0.079111, 0.920347, 0.211093, -0.923326, 0.002936, 0.384006, -0.069919, 0.027677, -0.996861, 0.074170, 0.204718, 0.000000, 0.000000, 0.000000, 1.000000, -0.995793, 0.090770, -0.012531, 0.015034, -0.013326, -0.008158, 0.999878, -0.103170, 0.090657, 0.995838, 0.009333, 0.017090, 0.000000, 0.000000, 0.000000, 1.000000
-29.9433, 69.9142, -4.7197, 189.0898, 211.0916, -69.9145, 204.7168, 15.0301, -103.1713, 17.0897, 0.923358, -0.002934, -0.383930, 0.069914, -0.027826, 0.996830, -0.074539, -0.004720, 0.382932, 0.079509, 0.920349, 0.189090, 0.000000, 0.000000, 0.000000, 1.000000, 0.382941, 0.079107, 0.920379, 0.211092, -0.923358, 0.002934, 0.383929, -0.069914, 0.027671, -0.996862, 0.074167, 0.204717, 0.000000, 0.000000, 0.000000, 1.000000, -0.995793, 0.090769, -0.012531, 0.015030, -0.013327, -0.008165, 0.999878, -0.103171, 0.090656, 0.995838, 0.009341, 0.017090, 0.000000, 0.000000, 0.000000, 1.000000
-29.9330, 69.9048, -4.7174, 189.0873, 211.0891, -69.9051, 204.7145, 15.0213, -103.1734, 17.0891, 0.923426, -0.002931, -0.383765, 0.069905, -0.027813, 0.996830, -0.074537, -0.004717, 0.382767, 0.079503, 0.920418, 0.189087, 0.000000, 0.000000, 0.000000, 1.000000, 0.382776, 0.079100, 0.920448, 0.211089, -0.923427, 0.002931, 0.383763, -0.069905, 0.027658, -0.996862, 0.074165, 0.204714, 0.000000, 0.000000, 0.000000, 1.000000, -0.995793, 0.090768, -0.012530, 0.015021, -0.013327, -0.008182, 0.999878, -0.103173, 0.090654, 0.995838, 0.009357, 0.017089, 0.000000, 0.000000, 0.000000, 1.000000
-29.9275, 69.8998, -4.7166, 189.0858, 211.0876, -69.9001, 204.7136, 15.0166, -103.1746, 17.0887, 0.923463, -0.002930, -0.383676, 0.069900, -0.027806, 0.996830, -0.074537, -0.004717, 0.382678, 0.079501, 0.920455, 0.189086, 0.000000, 0.000000, 0.000000, 1.000000, 0.382688, 0.079098, 0.920485, 0.211088, -0.923464, 0.002929, 0.383674, -0.069900, 0.027651, -0.996863, 0.074165, 0.204714, 0.000000, 0.000000, 0.000000, 1.000000, -0.995793, 0.090767, -0.012530, 0.015017, -0.013328, -0.008191, 0.999878, -0.103175, 0.090653, 0.995839, 0.009366, 0.017089, 0.000000, 0.000000, 0.000000, 1.000000
-29.9157, 69.8894, -4.7157, 189.0821, 211.0839, -69.8897, 204.7126, 15.0065, -103.1774, 17.0878, 0.923542, -0.002928, -0.383486, 0.069889, -0.027791, 0.996831, -0.074540, -0.004716, 0.382489, 0.079499, 0.920534, 0.189082, 0.000000, 0.000000, 0.000000, 1.000000, 0.382499, 0.079095, 0.920564, 0.211084, -0.923543, 0.002928, 0.383485, -0.069890, 0.027637, -0.996863, 0.074168, 0.204713, 0.000000, 0.000000, 0.000000, 1.000000, -0.995794, 0.090765, -0.012529, 0.015006, -0.013329, -0.008210, 0.999877, -0.103177, 0.090651, 0.995839, 0.009385, 0.017088, 0.000000, 0.000000, 0.000000, 1.000000
-29.9030, 69.8782, -4.7155, 189.0776, 211.0794, -69.8785, 204.7123, 14.9955, -103.1805, 17.0867, 0.923628, -0.002927, -0.383280, 0.069878, -0.027776, 0.996831, -0.074546, -0.004715, 0.382284, 0.079499, 0.920619, 0.189078, 0.000000, 0.000000, 0.000000, 1.000000, 0.382293, 0.079095, 0.920650, 0.211079, -0.923628, 0.002927, 0.383279, -0.069879, 0.027621, -0.996863, 0.074173, 0.204712, 0.000000, 0.000000, 0.000000, 1.000000, -0.995794, 0.090762, -0.012528, 0.014995, -0.013329, -0.008230, 0.999877, -0.103180, 0.090648, 0.995839, 0.009406, 0.017087, 0.000000, 0.000000, 0.000000, 1.000000
-29.8962, 69.8724, -4.7157, 189.0750, 211.0768, -69.8727, 204.7125, 14.9897, -103.1821, 17.0860, 0.923673, -0.002927, -0.383171, 0.069872, -0.027767, 0.996831, -0.074551, -0.004716, 0.382175, 0.079500, 0.920664, 0.189075, 0.000000, 0.000000, 0.000000, 1.000000, 0.382185, 0.079096, 0.920695, 0.211077, -0.923673, 0.002927, 0.383170, -0.069873, 0.027612, -0.996863, 0.074177, 0.204712, 0.000000, 0.000000, 0.000000, 1.000000, -0.995794, 0.090761, -0.012527, 0.014990, -0.013330, -0.008241, 0.999877, -0.103182, 0.090647, 0.995839, 0.009416, 0.017086, 0.000000, 0.000000, 0.000000, 1.000000
-29.8893, 69.8664, -4.7161, 189.0723, 211.0741, -69.8667, 204.7128, 14.9836, -103.1839, 17.0853, 0.923719, -0.002928, -0.383059, 0.069866, -0.027758, 0.996830, -0.074556, -0.004716, 0.382063, 0.079502, 0.920710, 0.189072, 0.000000, 0.000000, 0.000000, 1.000000, 0.382073, 0.079097, 0.920741, 0.211074, -0.923720, 0.002927, 0.383058, -0.069867, 0.027603, -0.996863, 0.074182, 0.204713, 0.000000, 0.000000, 0.000000, 1.000000, -0.995794, 0.090760, -0.012527, 0.014984, -0.013330, -0.008253, 0.999877, -0.103184, 0.090645, 0.995839, 0.009428, 0.017085, 0.000000, 0.000000, 0.000000, 1.000000
-29.8669, 69.8473, -4.7181, 189.0632, 211.0650, -69.8476, 204.7148, 14.9643, -103.1897, 17.0830, 0.923869, -0.002929, -0.382698, 0.069847, -0.027730, 0.996830, -0.074574, -0.004718, 0.381703, 0.079509, 0.920859, 0.189063, 0.000000, 0.000000, 0.000000, 1.000000, 0.381713, 0.079104, 0.920889, 0.211065, -0.923869, 0.002929, 0.382697, -0.069848, 0.027575, -0.996862, 0.074200, 0.204715, 0.000000, 0.000000, 0.000000, 1.000000, -0.995794, 0.090756, -0.012525, 0.014964, -0.013332, -0.008289, 0.999877, -0.103190, 0.090641, 0.995839, 0.009464, 0.017083, 0.000000, 0.000000, 0.000000, 1.000000
-29.8590, 69.8406, -4.7191, 189.0598, 211.0616, -69.8409, 204.7158, 14.9575, -103.1918, 17.0821, 0.923922, -0.002930, -0.382571, 0.069841, -0.027720, 0.996830, -0.074581, -0.004719, 0.381576, 0.079512, 0.920911, 0.189060, 0.000000, 0.000000, 0.000000, 1.000000, 0.381586, 0.079108, 0.920942, 0.211062, -0.923922, 0.002930, 0.382569, -0.069841, 0.027566, -0.996862, 0.074207, 0.204716, 0.000000, 0.000000, 0.000000, 1.000000, -0.995795, 0.090755, -0.012525, 0.014957, -0.013333, -0.008302, 0.999877, -0.103192, 0.090640, 0.995839, 0.009477, 0.017082, 0.000000, 0.000000, 0.000000, 1.000000
-29.8426, 69.8267, -4.7213, 189.0526, 211.0544, -69.8270, 204.7180, 14.9432, -103.1962, 17.0803, 0.924032, -0.002933, -0.382304, 0.069827, -0.027700, 0.996829, -0.074598, -0.004721, 0.381311, 0.079520, 0.921020, 0.189053, 0.000000, 0.000000, 0.000000, 1.000000, 0.381321, 0.079115, 0.921051, 0.211054, -0.924032, 0.002933, 0.382303, -0.069827, 0.027545, -0.996861, 0.074223, 0.204718, 0.000000, 0.000000, 0.000000, 1.000000, -0.995795, 0.090752, -0.012524, 0.014943, -0.013334, -0.008328, 0.999876, -0.103196, 0.090636, 0.995839, 0.009503, 0.017080, 0.000000, 0.000000, 0.000000, 1.000000
-29.8252, 69.8121, -4.7240, 189.0449, 211.0467, -69.8124, 204.7206, 14.9281, -103.2009, 17.0783, 0.924148, -0.002936, -0.382024, 0.069812, -0.027678, 0.996828, -0.074615, -0.004724, 0.381031, 0.079529, 0.921135, 0.189045, 0.000000, 0.000000, 0.000000, 1.000000, 0.381041, 0.079124, 0.921166, 0.211047, -0.924148, 0.002936, 0.382022, -0.069812, 0.027523, -0.996860, 0.074241, 0.204721, 0.000000, 0.000000, 0.000000, 1.000000, -0.995795, 0.090749, -0.012522, 0.014928, -0.013335, -0.008356, 0.999876, -0.103201, 0.090633, 0.995839, 0.009531, 0.017078, 0.000000, 0.000000, 0.000000, 1.000000
-29.8162, 69.8045, -4.7255, 189.0409, 211.0427, -69.8048, 204.7221, 14.9203, -103.2034, 17.0772, 0.924208, -0.002938, -0.381878, 0.069805, -0.027666, 0.996828, -0.074625, -0.004725, 0.380886, 0.079534, 0.921195, 0.189041, 0.000000, 0.000000, 0.000000, 1.000000, 0.380896, 0.079129, 0.921226, 0.211043, -0.924208, 0.002937, 0.381877, -0.069805, 0.027512, -0.996860, 0.074251, 0.204722, 0.000000, 0.000000, 0.000000, 1.000000, -0.995795, 0.090747, -0.012522, 0.014920, -0.013336, -0.008371, 0.999876, -0.103203, 0.090631, 0.995839, 0.009546, 0.017077, 0.000000, 0.000000, 0.000000, 1.000000
-29.7976, 69.7889, -4.7286, 189.0325, 211.0343, -69.7892, 204.7252, 14.9042, -103.2084, 17.0750, 0.924332, -0.002941, -0.381578, 0.069789, -0.027643, 0.996827, -0.074645, -0.004729, 0.380587, 0.079545, 0.921318, 0.189033, 0.000000, 0.000000, 0.000000, 1.000000, 0.380597, 0.079139, 0.921349, 0.211034, -0.924333, 0.002941, 0.381577, -0.069789, 0.027488, -0.996859, 0.074271, 0.204725, 0.000000, 0.000000, 0.000000, 1.000000, -0.995796, 0.090744, -0.012520, 0.014904, -0.013337, -0.008401, 0.999876, -0.103208, 0.090628, 0.995839, 0.009576, 0.017075, 0.000000, 0.000000, 0.000000, 1.000000
-29.7880, 69.7809, -4.7303, 189.0282, 211.0300, -69.7812, 204.7269, 14.8959, -103.2110, 17.0739, 0.924396, -0.002943, -0.381423, 0.069781, -0.027631, 0.996827, -0.074656, -0.004730, 0.380432, 0.079550, 0.921381, 0.189028, 0.000000, 0.000000, 0.000000, 1.000000, 0.380442, 0.079145, 0.921412, 0.211030, -0.924396, 0.002943, 0.381422, -0.069781, 0.027476, -0.996859, 0.074281, 0.204727, 0.000000, 0.000000, 0.000000, 1.000000, -0.995796, 0.090742, -0.012520, 0.014896, -0.013338, -0.008417, 0.999876, -0.103211, 0.090626, 0.995839, 0.009592, 0.017074, 0.000000, 0.000000, 0.000000, 1.000000
-29.7683, 69.7644, -4.7337, 189.0192, 211.0210, -69.7647, 204.7303, 14.8787, -103.2164, 17.0716, 0.924527, -0.002947, -0.381105, 0.069764, -0.027606, 0.996826, -0.074677, -0.004734, 0.380115, 0.079562, 0.921511, 0.189019, 0.000000, 0.000000, 0.000000, 1.000000, 0.380125, 0.079156, 0.921542, 0.211021, -0.924528, 0.002947, 0.381103, -0.069765, 0.027451, -0.996858, 0.074302, 0.204730, 0.000000, 0.000000, 0.000000, 1.000000, -0.995796, 0.090739, -0.012518, 0.014879, -0.013340, -0.008449, 0.999875, -0.103216, 0.090622, 0.995839, 0.009623, 0.017072, 0.000000, 0.000000, 0.000000, 1.000000
-29.7683, 69.7644, -4.7337, 189.0192, 211.0210, -69.7647, 204.7303, 14.8787, -103.2164, 17.0716, 0.924527, -0.002947, -0.381105, 0.069764, -0.027606, 0.996826, -0.074677, -0.004734, 0.380115, 0.079562, 0.921511, 0.189019, 0.000000, 0.000000, 0.000000, 1.000000, 0.380125, 0.079156, 0.921542, 0.211021, -0.924528, 0.002947, 0.381103, -0.069765, 0.027451, -0.996858, 0.074302, 0.204730, 0.000000, 0.000000, 0.000000, 1.000000, -0.995796, 0.090739, -0.012518, 0.014879, -0.013340, -0.008449, 0.999875, -0.103216, 0.090622, 0.995839, 0.009623, 0.017072, 0.000000, 0.000000, 0.000000, 1.000000
-29.7270, 69.7298, -4.7407, 189.0004, 211.0022, -69.7300, 204.7373, 14.8428, -103.2277, 17.0667, 0.924803, -0.002955, -0.380436, 0.069730, -0.027553, 0.996824, -0.074722, -0.004741, 0.379448, 0.079585, 0.921784, 0.189000, 0.000000, 0.000000, 0.000000, 1.000000, 0.379458, 0.079180, 0.921815, 0.211002, -0.924803, 0.002955, 0.380434, -0.069730, 0.027399, -0.996856, 0.074347, 0.204737, 0.000000, 0.000000, 0.000000, 1.000000, -0.995797, 0.090732, -0.012516, 0.014843, -0.013343, -0.008516, 0.999875, -0.103228, 0.090614, 0.995839, 0.009691, 0.017067, 0.000000, 0.000000, 0.000000, 1.000000
-29.7163, 69.7208, -4.7425, 188.9956, 210.9974, -69.7211, 204.7391, 14.8335, -103.2306, 17.0655, 0.924874, -0.002958, -0.380263, 0.069721, -0.027539, 0.996823, -0.074734, -0.004743, 0.379276, 0.079591, 0.921854, 0.188996, 0.000000, 0.000000, 0.000000, 1.000000, 0.379286, 0.079186, 0.921885, 0.210997, -0.924874, 0.002957, 0.380262, -0.069721, 0.027385, -0.996855, 0.074359, 0.204739, 0.000000, 0.000000, 0.000000, 1.000000, -0.995797, 0.090730, -0.012515, 0.014834, -0.013344, -0.008533, 0.999875, -0.103231, 0.090612, 0.995839, 0.009708, 0.017065, 0.000000, 0.000000, 0.000000, 1.000000
-29.6946, 69.7026, -4.7460, 188.9859, 210.9877, -69.7029, 204.7426, 14.8147, -103.2364, 17.0630, 0.925018, -0.002962, -0.379913, 0.069703, -0.027512, 0.996822, -0.074757, -0.004746, 0.378927, 0.079603, 0.921997, 0.188986, 0.000000, 0.000000, 0.000000, 1.000000, 0.378937, 0.079198, 0.922028, 0.210988, -0.925018, 0.002962, 0.379911, -0.069703, 0.027357, -0.996855, 0.074382, 0.204743, 0.000000, 0.000000, 0.000000, 1.000000, -0.995797, 0.090726, -0.012513, 0.014815, -0.013345, -0.008568, 0.999874, -0.103236, 0.090608, 0.995839, 0.009743, 0.017063, 0.000000, 0.000000, 0.000000, 1.000000
-29.6836, 69.6934, -4.7477, 188.9810, 210.9828, -69.6937, 204.7443, 14.8051, -103.2394, 17.0617, 0.925091, -0.002964, -0.379735, 0.069693, -0.027497, 0.996822, -0.074768, -0.004748, 0.378750, 0.079609, 0.922069, 0.188981, 0.000000, 0.000000, 0.000000, 1.000000, 0.378759, 0.079204, 0.922100, 0.210983, -0.925091, 0.002964, 0.379734, -0.069694, 0.027343, -0.996854, 0.074393, 0.204744, 0.000000, 0.000000, 0.000000, 1.000000, -0.995797, 0.090724, -0.012513, 0.014805, -0.013346, -0.008586, 0.999874, -0.103239, 0.090605, 0.995839, 0.009761, 0.017062, 0.000000, 0.000000, 0.000000, 1.000000
-29.6614, 69.6746, -4.7510, 188.9711, 210.9730, -69.6749, 204.7477, 14.7858, -103.2453, 17.0592, 0.925238, -0.002968, -0.379375, 0.069675, -0.027469, 0.996821, -0.074791, -0.004751, 0.378391, 0.079620, 0.922215, 0.188971, 0.000000, 0.000000, 0.000000, 1.000000, 0.378401, 0.079215, 0.922246, 0.210973, -0.925239, 0.002968, 0.379373, -0.069675, 0.027315, -0.996853, 0.074416, 0.204748, 0.000000, 0.000000, 0.000000, 1.000000, -0.995798, 0.090720, -0.012511, 0.014786, -0.013348, -0.008622, 0.999874, -0.103245, 0.090601, 0.995839, 0.009797, 0.017059, 0.000000, 0.000000, 0.000000, 1.000000
-29.6501, 69.6651, -4.7526, 188.9662, 210.9680, -69.6654, 204.7493, 14.7760, -103.2483, 17.0579, 0.925313, -0.002970, -0.379193, 0.069665, -0.027454, 0.996820, -0.074802, -0.004753, 0.378209, 0.079626, 0.922289, 0.188966, 0.000000, 0.000000, 0.000000, 1.000000, 0.378219, 0.079220, 0.922320, 0.210968, -0.925313, 0.002970, 0.379191, -0.069665, 0.027301, -0.996853, 0.074427, 0.204749, 0.000000, 0.000000, 0.000000, 1.000000, -0.995798, 0.090718, -0.012510, 0.014776, -0.013349, -0.008640, 0.999874, -0.103248, 0.090599, 0.995839, 0.009815, 0.017058, 0.000000, 0.000000, 0.000000, 1.000000
-29.6274, 69.6460, -4.7557, 188.9563, 210.9582, -69.6463, 204.7523, 14.7563, -103.2543, 17.0554, 0.925463, -0.002974, -0.378826, 0.069646, -0.027425, 0.996820, -0.074824, -0.004756, 0.377844, 0.079636, 0.922438, 0.188956, 0.000000, 0.000000, 0.000000, 1.000000, 0.377853, 0.079231, 0.922469, 0.210958, -0.925464, 0.002973, 0.378824, -0.069646, 0.027272, -0.996852, 0.074449, 0.204752, 0.000000, 0.000000, 0.000000, 1.000000, -0.995798, 0.090714, -0.012509, 0.014756, -0.013350, -0.008677, 0.999873, -0.103254, 0.090594, 0.995839, 0.009852, 0.017055, 0.000000, 0.000000, 0.000000, 1.000000
-29.6045, 69.6266, -4.7585, 188.9465, 210.9483, -69.6269, 204.7552, 14.7364, -103.2603, 17.0528, 0.925615, -0.002977, -0.378455, 0.069627, -0.027396, 0.996819, -0.074845, -0.004758, 0.377474, 0.079646, 0.922589, 0.188947, 0.000000, 0.000000, 0.000000, 1.000000, 0.377484, 0.079241, 0.922620, 0.210948, -0.925615, 0.002977, 0.378454, -0.069627, 0.027242, -0.996851, 0.074470, 0.204755, 0.000000, 0.000000, 0.000000, 1.000000, -0.995799, 0.090710, -0.012507, 0.014736, -0.013352, -0.008714, 0.999873, -0.103260, 0.090590, 0.995839, 0.009889, 0.017053, 0.000000, 0.000000, 0.000000, 1.000000
-29.6045, 69.6266, -4.7585, 188.9465, 210.9483, -69.6269, 204.7552, 14.7364, -103.2603, 17.0528, 0.925615, -0.002977, -0.378455, 0.069627, -0.027396, 0.996819, -0.074845, -0.004758, 0.377474, 0.079646, 0.922589, 0.188947, 0.000000, 0.000000, 0.000000, 1.000000, 0.377484, 0.079241, 0.922620, 0.210948, -0.925615, 0.002977, 0.378454, -0.069627, 0.027242, -0.996851, 0.074470, 0.204755, 0.000000, 0.000000, 0.000000, 1.000000, -0.995799, 0.090710, -0.012507, 0.014736, -0.013352, -0.008714, 0.999873, -0.103260, 0.090590, 0.995839, 0.009889, 0.017053, 0.000000, 0.000000, 0.000000, 1.000000
-29.5582, 69.5872, -4.7633, 188.9272, 210.9290, -69.5875, 204.7601, 14.6962, -103.2722, 17.0479, 0.925920, -0.002983, -0.377707, 0.069587, -0.027336, 0.996817, -0.074885, -0.004763, 0.376728, 0.079663, 0.922892, 0.188927, 0.000000, 0.000000, 0.000000, 1.000000, 0.376738, 0.079258, 0.922923, 0.210929, -0.925921, 0.002983, 0.377706, -0.069588, 0.027183, -0.996850, 0.074511, 0.204760, 0.000000, 0.000000, 0.000000, 1.000000, -0.995800, 0.090702, -0.012504, 0.014696, -0.013356, -0.008789, 0.999872, -0.103272, 0.090581, 0.995839, 0.009964, 0.017048, 0.000000, 0.000000, 0.000000, 1.000000
-29.5466, 69.5774, -4.7644, 188.9224, 210.9242, -69.5777, 204.7612, 14.6862, -103.2752, 17.0467, 0.925997, -0.002984, -0.377520, 0.069577, -0.027321, 0.996817, -0.074895, -0.004764, 0.376542, 0.079667, 0.922968, 0.188922, 0.000000, 0.000000, 0.000000, 1.000000, 0.376552, 0.079262, 0.922999, 0.210924, -0.925997, 0.002984, 0.377519, -0.069578, 0.027169, -0.996849, 0.074520, 0.204761, 0.000000, 0.000000, 0.000000, 1.000000, -0.995800, 0.090700, -0.012503, 0.014686, -0.013356, -0.008808, 0.999872, -0.103275, 0.090578, 0.995839, 0.009982, 0.017047, 0.000000, 0.000000, 0.000000, 1.000000
-29.5236, 69.5577, -4.7662, 188.9131, 210.9149, -69.5580, 204.7631, 14.6662, -103.2810, 17.0443, 0.926148, -0.002987, -0.377147, 0.069558, -0.027292, 0.996817, -0.074913, -0.004766, 0.376170, 0.079674, 0.923119, 0.188913, 0.000000, 0.000000, 0.000000, 1.000000, 0.376180, 0.079269, 0.923149, 0.210915, -0.926149, 0.002987, 0.377146, -0.069558, 0.027139, -0.996849, 0.074539, 0.204763, 0.000000, 0.000000, 0.000000, 1.000000, -0.995800, 0.090696, -0.012501, 0.014666, -0.013358, -0.008845, 0.999872, -0.103281, 0.090574, 0.995839, 0.010020, 0.017044, 0.000000, 0.000000, 0.000000, 1.000000
-29.5121, 69.5478, -4.7670, 188.9085, 210.9103, -69.5481, 204.7639, 14.6562, -103.2839, 17.0431, 0.926224, -0.002988, -0.376962, 0.069548, -0.027277, 0.996816, -0.074922, -0.004767, 0.375985, 0.079677, 0.923194, 0.188908, 0.000000, 0.000000, 0.000000, 1.000000, 0.375995, 0.079273, 0.923225, 0.210910, -0.926225, 0.002988, 0.376960, -0.069548, 0.027124, -0.996849, 0.074548, 0.204764, 0.000000, 0.000000, 0.000000, 1.000000, -0.995800, 0.090694, -0.012501, 0.014656, -0.013359, -0.008864, 0.999871, -0.103284, 0.090571, 0.995839, 0.010038, 0.017043, 0.000000, 0.000000, 0.000000, 1.000000
-29.4892, 69.5282, -4.7684, 188.8994, 210.9012, -69.5285, 204.7653, 14.6364, -103.2896, 17.0408, 0.926374, -0.002990, -0.376592, 0.069528, -0.027247, 0.996816, -0.074938, -0.004768, 0.375617, 0.079682, 0.923343, 0.188899, 0.000000, 0.000000, 0.000000, 1.000000, 0.375626, 0.079278, 0.923374, 0.210901, -0.926375, 0.002989, 0.376591, -0.069529, 0.027095, -0.996848, 0.074564, 0.204765, 0.000000, 0.000000, 0.000000, 1.000000, -0.995801, 0.090689, -0.012499, 0.014636, -0.013361, -0.008901, 0.999871, -0.103290, 0.090567, 0.995839, 0.010075, 0.017041, 0.000000, 0.000000, 0.000000, 1.000000
-29.4666, 69.5087, -4.7695, 188.8906, 210.8924, -69.5090, 204.7665, 14.6167, -103.2952, 17.0386, 0.926523, -0.002991, -0.376225, 0.069509, -0.027218, 0.996815, -0.074954, -0.004770, 0.375251, 0.079687, 0.923491, 0.188891, 0.000000, 0.000000, 0.000000, 1.000000, 0.375261, 0.079283, 0.923522, 0.210892, -0.926524, 0.002991, 0.376224, -0.069509, 0.027066, -0.996848, 0.074580, 0.204767, 0.000000, 0.000000, 0.000000, 1.000000, -0.995801, 0.090685, -0.012497, 0.014617, -0.013362, -0.008937, 0.999871, -0.103295, 0.090562, 0.995839, 0.010112, 0.017039, 0.000000, 0.000000, 0.000000, 1.000000
-29.4553, 69.4990, -4.7700, 188.8863, 210.8881, -69.4993, 204.7670, 14.6070, -103.2980, 17.0375, 0.926597, -0.002992, -0.376043, 0.069499, -0.027203, 0.996815, -0.074961, -0.004770, 0.375070, 0.079689, 0.923565, 0.188886, 0.000000, 0.000000, 0.000000, 1.000000, 0.375080, 0.079285, 0.923596, 0.210888, -0.926598, 0.002992, 0.376042, -0.069499, 0.027052, -0.996847, 0.074588, 0.204767, 0.000000, 0.000000, 0.000000, 1.000000, -0.995801, 0.090683, -0.012497, 0.014607, -0.013363, -0.008956, 0.999871, -0.103298, 0.090560, 0.995840, 0.010130, 0.017038, 0.000000, 0.000000, 0.000000, 1.000000
-29.4330, 69.4797, -4.7706, 188.8779, 210.8797, -69.4800, 204.7677, 14.5876, -103.3034, 17.0354, 0.926744, -0.002993, -0.375682, 0.069480, -0.027174, 0.996815, -0.074975, -0.004771, 0.374710, 0.079692, 0.923711, 0.188878, 0.000000, 0.000000, 0.000000, 1.000000, 0.374720, 0.079289, 0.923742, 0.210880, -0.926744, 0.002992, 0.375681, -0.069480, 0.027023, -0.996847, 0.074602, 0.204768, 0.000000, 0.000000, 0.000000, 1.000000, -0.995802, 0.090679, -0.012495, 0.014588, -0.013365, -0.008992, 0.999870, -0.103303, 0.090555, 0.995840, 0.010166, 0.017035, 0.000000, 0.000000, 0.000000, 1.000000
-29.4219, 69.4701, -4.7708, 188.8738, 210.8756, -69.4704, 204.7679, 14.5781, -103.3061, 17.0344, 0.926816, -0.002993, -0.375503, 0.069470, -0.027160, 0.996815, -0.074982, -0.004771, 0.374532, 0.079693, 0.923783, 0.188874, 0.000000, 0.000000, 0.000000, 1.000000, 0.374541, 0.079290, 0.923814, 0.210876, -0.926817, 0.002993, 0.375502, -0.069470, 0.027009, -0.996847, 0.074608, 0.204768, 0.000000, 0.000000, 0.000000, 1.000000, -0.995802, 0.090677, -0.012494, 0.014578, -0.013366, -0.009009, 0.999870, -0.103306, 0.090553, 0.995840, 0.010184, 0.017034, 0.000000, 0.000000, 0.000000, 1.000000
-29.4110, 69.4606, -4.7710, 188.8697, 210.8715, -69.4609, 204.7681, 14.5685, -103.3087, 17.0334, 0.926888, -0.002993, -0.375326, 0.069461, -0.027146, 0.996815, -0.074988, -0.004771, 0.374355, 0.079694, 0.923855, 0.188870, 0.000000, 0.000000, 0.000000, 1.000000, 0.374365, 0.079291, 0.923885, 0.210872, -0.926889, 0.002993, 0.375325, -0.069461, 0.026995, -0.996847, 0.074615, 0.204768, 0.000000, 0.000000, 0.000000, 1.000000, -0.995802, 0.090675, -0.012493, 0.014569, -0.013366, -0.009027, 0.999870, -0.103309, 0.090550, 0.995840, 0.010201, 0.017033, 0.000000, 0.000000, 0.000000, 1.000000
-29.3785, 69.4324, -4.7710, 188.8580, 210.8598, -69.4327, 204.7683, 14.5405, -103.3164, 17.0304, 0.927100, -0.002993, -0.374802, 0.069432, -0.027104, 0.996815, -0.075005, -0.004771, 0.373832, 0.079696, 0.924066, 0.188858, 0.000000, 0.000000, 0.000000, 1.000000, 0.373842, 0.079294, 0.924097, 0.210860, -0.927101, 0.002993, 0.374800, -0.069433, 0.026953, -0.996847, 0.074632, 0.204768, 0.000000, 0.000000, 0.000000, 1.000000, -0.995803, 0.090669, -0.012491, 0.014540, -0.013369, -0.009080, 0.999869, -0.103316, 0.090544, 0.995840, 0.010254, 0.017030, 0.000000, 0.000000, 0.000000, 1.000000
-29.3679, 69.4231, -4.7709, 188.8542, 210.8560, -69.4234, 204.7682, 14.5313, -103.3189, 17.0295, 0.927170, -0.002993, -0.374630, 0.069423, -0.027090, 0.996815, -0.075010, -0.004771, 0.373661, 0.079696, 0.924135, 0.188854, 0.000000, 0.000000, 0.000000, 1.000000, 0.373671, 0.079294, 0.924166, 0.210856, -0.927170, 0.002993, 0.374629, -0.069423, 0.026940, -0.996847, 0.074637, 0.204768, 0.000000, 0.000000, 0.000000, 1.000000, -0.995803, 0.090667, -0.012490, 0.014531, -0.013370, -0.009097, 0.999869, -0.103319, 0.090542, 0.995840, 0.010271, 0.017029, 0.000000, 0.000000, 0.000000, 1.000000
-29.3470, 69.4049, -4.7705, 188.8469, 210.8487, -69.4052, 204.7679, 14.5132, -103.3238, 17.0276, 0.927306, -0.002993, -0.374292, 0.069405, -0.027063, 0.996815, -0.075020, -0.004770, 0.373324, 0.079696, 0.924271, 0.188847, 0.000000, 0.000000, 0.000000, 1.000000, 0.373334, 0.079294, 0.924302, 0.210849, -0.927307, 0.002993, 0.374291, -0.069405, 0.026913, -0.996847, 0.074647, 0.204768, 0.000000, 0.000000, 0.000000, 1.000000, -0.995803, 0.090663, -0.012489, 0.014513, -0.013371, -0.009130, 0.999869, -0.103324, 0.090537, 0.995840, 0.010304, 0.017028, 0.000000, 0.000000, 0.000000, 1.000000
-29.3368, 69.3959, -4.7702, 188.8433, 210.8451, -69.3962, 204.7676, 14.5043, -103.3262, 17.0268, 0.927373, -0.002993, -0.374126, 0.069396, -0.027050, 0.996815, -0.075024, -0.004770, 0.373159, 0.079695, 0.924338, 0.188843, 0.000000, 0.000000, 0.000000, 1.000000, 0.373168, 0.079294, 0.924369, 0.210845, -0.927374, 0.002993, 0.374124, -0.069396, 0.026900, -0.996847, 0.074652, 0.204768, 0.000000, 0.000000, 0.000000, 1.000000, -0.995804, 0.090661, -0.012488, 0.014504, -0.013372, -0.009147, 0.999869, -0.103326, 0.090535, 0.995840, 0.010321, 0.017027, 0.000000, 0.000000, 0.000000, 1.000000
-29.3165, 69.3781, -4.7695, 188.8364, 210.8382, -69.3784, 204.7670, 14.4867, -103.3309, 17.0250, 0.927505, -0.002992, -0.373798, 0.069378, -0.027024, 0.996815, -0.075032, -0.004769, 0.372832, 0.079694, 0.924470, 0.188836, 0.000000, 0.000000, 0.000000, 1.000000, 0.372841, 0.079293, 0.924501, 0.210838, -0.927506, 0.002992, 0.373796, -0.069378, 0.026874, -0.996847, 0.074661, 0.204767, 0.000000, 0.000000, 0.000000, 1.000000, -0.995804, 0.090657, -0.012487, 0.014487, -0.013373, -0.009180, 0.999868, -0.103331, 0.090531, 0.995840, 0.010354, 0.017025, 0.000000, 0.000000, 0.000000, 1.000000
-29.3065, 69.3693, -4.7690, 188.8330, 210.8348, -69.3696, 204.7666, 14.4781, -103.3331, 17.0242, 0.927570, -0.002991, -0.373636, 0.069369, -0.027011, 0.996815, -0.075036, -0.004769, 0.372671, 0.079693, 0.924535, 0.188833, 0.000000, 0.000000, 0.000000, 1.000000, 0.372680, 0.079293, 0.924566, 0.210835, -0.927571, 0.002991, 0.373635, -0.069370, 0.026861, -0.996847, 0.074664, 0.204767, 0.000000, 0.000000, 0.000000, 1.000000, -0.995804, 0.090655, -0.012486, 0.014478, -0.013374, -0.009196, 0.999868, -0.103333, 0.090529, 0.995840, 0.010370, 0.017024, 0.000000, 0.000000, 0.000000, 1.000000
