# Joint_A_Angle(deg), Cam_X(mm), Cam_Y(mm), Cam_Z(mm), Torso_X(mm), Torso_Y(mm), Torso_Z(mm), EE_X(mm), EE_Y(mm), EE_Z(mm), T_cam2marker_flat(16), T_torso2marker_flat(16), T_ee2marker_flat(16)
-20.0000, 26.4554, 1.8291, 172.2980, 241.3027, -17.4556, 255.2258, -6.8713, -47.9572, -45.7498, 0.592125, 0.795519, -0.128598, 0.026455, -0.746257, 0.601538, 0.285048, 0.001829, 0.304118, -0.072817, 0.949847, 0.172298, 0.000000, 0.000000, 0.000000, 1.000000, 0.304181, -0.072869, 0.949823, 0.241303, -0.592126, -0.795519, 0.128597, -0.017456, 0.746231, -0.601532, -0.285129, 0.255226, 0.000000, 0.000000, 0.000000, 1.000000, -0.993056, 0.113275, 0.031767, -0.006871, 0.033258, 0.011301, 0.999383, -0.047957, 0.112846, 0.993499, -0.014990, -0.045750, 0.000000, 0.000000, 0.000000, 1.000000
-20.0000, 26.4556, 1.8285, 172.2977, 241.3024, -17.4557, 255.2264, -6.8713, -47.9572, -45.7498, 0.592126, 0.795519, -0.128598, 0.026456, -0.746258, 0.601538, 0.285046, 0.001829, 0.304116, -0.072816, 0.949848, 0.172298, 0.000000, 0.000000, 0.000000, 1.000000, 0.304179, -0.072868, 0.949824, 0.241302, -0.592126, -0.795518, 0.128597, -0.017456, 0.746232, -0.601532, -0.285127, 0.255226, 0.000000, 0.000000, 0.000000, 1.000000, -0.993056, 0.113275, 0.031767, -0.006871, 0.033258, 0.011301, 0.999383, -0.047957, 0.112846, 0.993499, -0.014990, -0.045750, 0.000000, 0.000000, 0.000000, 1.000000
-20.0000, 26.4559, 1.8267, 172.2967, 241.3014, -17.4561, 255.2283, -6.8713, -47.9571, -45.7498, 0.592127, 0.795518, -0.128597, 0.026456, -0.746259, 0.601539, 0.285040, 0.001827, 0.304111, -0.072813, 0.949850, 0.172297, 0.000000, 0.000000, 0.000000, 1.000000, 0.304173, -0.072864, 0.949826, 0.241301, -0.592127, -0.795518, 0.128597, -0.017456, 0.746233, -0.601533, -0.285120, 0.255228, 0.000000, 0.000000, 0.000000, 1.000000, -0.993056, 0.113275, 0.031767, -0.006871, 0.033258, 0.011301, 0.999383, -0.047957, 0.112846, 0.993499, -0.014990, -0.045750, 0.000000, 0.000000, 0.000000, 1.000000
-20.0000, 26.4560, 1.8261, 172.2964, 241.3010, -17.4562, 255.2289, -6.8713, -47.9571, -45.7498, 0.592127, 0.795518, -0.128597, 0.026456, -0.746259, 0.601540, 0.285038, 0.001826, 0.304109, -0.072812, 0.949851, 0.172296, 0.000000, 0.000000, 0.000000, 1.000000, 0.304172, -0.072863, 0.949827, 0.241301, -0.592127, -0.795518, 0.128597, -0.017456, 0.746234, -0.601534, -0.285118, 0.255229, 0.000000, 0.000000, 0.000000, 1.000000, -0.993056, 0.113275, 0.031767, -0.006871, 0.033258, 0.011301, 0.999383, -0.047957, 0.112846, 0.993499, -0.014989, -0.045750, 0.000000, 0.000000, 0.000000, 1.000000
-20.0000, 26.4564, 1.8241, 172.2953, 241.2999, -17.4566, 255.2308, -6.8713, -47.9571, -45.7498, 0.592128, 0.795517, -0.128597, 0.026456, -0.746261, 0.601541, 0.285031, 0.001824, 0.304103, -0.072808, 0.949853, 0.172295, 0.000000, 0.000000, 0.000000, 1.000000, 0.304166, -0.072860, 0.949829, 0.241300, -0.592129, -0.795517, 0.128596, -0.017457, 0.746235, -0.601535, -0.285111, 0.255231, 0.000000, 0.000000, 0.000000, 1.000000, -0.993056, 0.113275, 0.031767, -0.006871, 0.033258, 0.011301, 0.999383, -0.047957, 0.112846, 0.993499, -0.014989, -0.045750, 0.000000, 0.000000, 0.000000, 1.000000
-20.0000, 26.4566, 1.8235, 172.2949, 241.2996, -17.4567, 255.2315, -6.8713, -47.9571, -45.7497, 0.592129, 0.795516, -0.128597, 0.026457, -0.746261, 0.601542, 0.285029, 0.001824, 0.304101, -0.072807, 0.949853, 0.172295, 0.000000, 0.000000, 0.000000, 1.000000, 0.304164, -0.072858, 0.949830, 0.241300, -0.592129, -0.795516, 0.128596, -0.017457, 0.746236, -0.601536, -0.285109, 0.255231, 0.000000, 0.000000, 0.000000, 1.000000, -0.993056, 0.113275, 0.031767, -0.006871, 0.033258, 0.011300, 0.999383, -0.047957, 0.112846, 0.993499, -0.014989, -0.045750, 0.000000, 0.000000, 0.000000, 1.000000
-19.9996, 26.4570, 1.8206, 172.2931, 241.2977, -17.4572, 255.2344, -6.8713, -47.9571, -45.7497, 0.592132, 0.795515, -0.128592, 0.026457, -0.746265, 0.601544, 0.285013, 0.001821, 0.304086, -0.072801, 0.949859, 0.172293, 0.000000, 0.000000, 0.000000, 1.000000, 0.304148, -0.072852, 0.949835, 0.241298, -0.592132, -0.795515, 0.128591, -0.017457, 0.746240, -0.601538, -0.285093, 0.255234, 0.000000, 0.000000, 0.000000, 1.000000, -0.993056, 0.113275, 0.031767, -0.006871, 0.033258, 0.011300, 0.999383, -0.047957, 0.112846, 0.993499, -0.014989, -0.045750, 0.000000, 0.000000, 0.000000, 1.000000
-19.9989, 26.4566, 1.8214, 172.2930, 241.2976, -17.4568, 255.2336, -6.8712, -47.9572, -45.7497, 0.592133, 0.795515, -0.128586, 0.026457, -0.746268, 0.601544, 0.285005, 0.001821, 0.304076, -0.072801, 0.949862, 0.172293, 0.000000, 0.000000, 0.000000, 1.000000, 0.304138, -0.072853, 0.949838, 0.241298, -0.592133, -0.795515, 0.128585, -0.017457, 0.746243, -0.601538, -0.285085, 0.255234, 0.000000, 0.000000, 0.000000, 1.000000, -0.993056, 0.113275, 0.031767, -0.006871, 0.033258, 0.011300, 0.999383, -0.047957, 0.112846, 0.993499, -0.014989, -0.045750, 0.000000, 0.000000, 0.000000, 1.000000
-19.9986, 26.4561, 1.8231, 172.2936, 241.2982, -17.4563, 255.2320, -6.8712, -47.9573, -45.7497, 0.592132, 0.795516, -0.128582, 0.026456, -0.746269, 0.601543, 0.285005, 0.001823, 0.304074, -0.072804, 0.949862, 0.172294, 0.000000, 0.000000, 0.000000, 1.000000, 0.304136, -0.072855, 0.949839, 0.241298, -0.592133, -0.795516, 0.128582, -0.017456, 0.746244, -0.601537, -0.285085, 0.255232, 0.000000, 0.000000, 0.000000, 1.000000, -0.993056, 0.113275, 0.031767, -0.006871, 0.033258, 0.011300, 0.999383, -0.047957, 0.112846, 0.993499, -0.014989, -0.045750, 0.000000, 0.000000, 0.000000, 1.000000
-19.9976, 26.4550, 1.8263, 172.2947, 241.2993, -17.4552, 255.2287, -6.8711, -47.9576, -45.7498, 0.592133, 0.795517, -0.128573, 0.026455, -0.746273, 0.601541, 0.285001, 0.001826, 0.304065, -0.072808, 0.949865, 0.172295, 0.000000, 0.000000, 0.000000, 1.000000, 0.304128, -0.072859, 0.949841, 0.241299, -0.592133, -0.795517, 0.128572, -0.017455, 0.746247, -0.601535, -0.285081, 0.255229, 0.000000, 0.000000, 0.000000, 1.000000, -0.993056, 0.113275, 0.031767, -0.006871, 0.033258, 0.011300, 0.999383, -0.047958, 0.112846, 0.993499, -0.014989, -0.045750, 0.000000, 0.000000, 0.000000, 1.000000
-19.9953, 26.4531, 1.8311, 172.2958, 241.3004, -17.4533, 255.2238, -6.8710, -47.9580, -45.7499, 0.592135, 0.795519, -0.128551, 0.026453, -0.746282, 0.601538, 0.284982, 0.001831, 0.304037, -0.072813, 0.949874, 0.172296, 0.000000, 0.000000, 0.000000, 1.000000, 0.304100, -0.072864, 0.949850, 0.241300, -0.592135, -0.795519, 0.128550, -0.017453, 0.746257, -0.601532, -0.285062, 0.255224, 0.000000, 0.000000, 0.000000, 1.000000, -0.993056, 0.113275, 0.031767, -0.006871, 0.033258, 0.011300, 0.999383, -0.047958, 0.112846, 0.993499, -0.014989, -0.045750, 0.000000, 0.000000, 0.000000, 1.000000
-19.9943, 26.4524, 1.8327, 172.2960, 241.3006, -17.4526, 255.2222, -6.8709, -47.9582, -45.7499, 0.592137, 0.795520, -0.128541, 0.026452, -0.746287, 0.601537, 0.284972, 0.001833, 0.304023, -0.072814, 0.949878, 0.172296, 0.000000, 0.000000, 0.000000, 1.000000, 0.304086, -0.072865, 0.949854, 0.241301, -0.592137, -0.795520, 0.128540, -0.017453, 0.746261, -0.601531, -0.285053, 0.255222, 0.000000, 0.000000, 0.000000, 1.000000, -0.993056, 0.113275, 0.031767, -0.006871, 0.033258, 0.011300, 0.999383, -0.047958, 0.112847, 0.993499, -0.014989, -0.045750, 0.000000, 0.000000, 0.000000, 1.000000
-19.9920, 26.4508, 1.8358, 172.2962, 241.3008, -17.4510, 255.2190, -6.8707, -47.9587, -45.7499, 0.592140, 0.795520, -0.128518, 0.026451, -0.746298, 0.601536, 0.284947, 0.001836, 0.303989, -0.072816, 0.949889, 0.172296, 0.000000, 0.000000, 0.000000, 1.000000, 0.304052, -0.072867, 0.949865, 0.241301, -0.592141, -0.795520, 0.128517, -0.017451, 0.746272, -0.601529, -0.285027, 0.255219, 0.000000, 0.000000, 0.000000, 1.000000, -0.993056, 0.113276, 0.031767, -0.006871, 0.033258, 0.011300, 0.999383, -0.047959, 0.112847, 0.993499, -0.014989, -0.045750, 0.000000, 0.000000, 0.000000, 1.000000
-19.9891, 26.4491, 1.8390, 172.2960, 241.3007, -17.4492, 255.2159, -6.8705, -47.9593, -45.7500, 0.592146, 0.795521, -0.128489, 0.026449, -0.746312, 0.601534, 0.284913, 0.001839, 0.303945, -0.072817, 0.949903, 0.172296, 0.000000, 0.000000, 0.000000, 1.000000, 0.304008, -0.072869, 0.949879, 0.241301, -0.592146, -0.795521, 0.128489, -0.017449, 0.746286, -0.601528, -0.284994, 0.255216, 0.000000, 0.000000, 0.000000, 1.000000, -0.993056, 0.113276, 0.031767, -0.006871, 0.033258, 0.011300, 0.999383, -0.047959, 0.112847, 0.993499, -0.014989, -0.045750, 0.000000, 0.000000, 0.000000, 1.000000
-19.9838, 26.4460, 1.8438, 172.2952, 241.2998, -17.4462, 255.2110, -6.8702, -47.9603, -45.7501, 0.592156, 0.795522, -0.128436, 0.026446, -0.746338, 0.601533, 0.284847, 0.001844, 0.303860, -0.072817, 0.949930, 0.172295, 0.000000, 0.000000, 0.000000, 1.000000, 0.303923, -0.072869, 0.949906, 0.241300, -0.592156, -0.795522, 0.128435, -0.017446, 0.746312, -0.601527, -0.284927, 0.255211, 0.000000, 0.000000, 0.000000, 1.000000, -0.993056, 0.113276, 0.031767, -0.006870, 0.033258, 0.011300, 0.999383, -0.047960, 0.112847, 0.993499, -0.014989, -0.045750, 0.000000, 0.000000, 0.000000, 1.000000
-19.9795, 26.4437, 1.8471, 172.2942, 241.2989, -17.4438, 255.2076, -6.8699, -47.9611, -45.7501, 0.592165, 0.795523, -0.128393, 0.026444, -0.746359, 0.601533, 0.284792, 0.001847, 0.303791, -0.072817, 0.949952, 0.172294, 0.000000, 0.000000, 0.000000, 1.000000, 0.303854, -0.072868, 0.949928, 0.241299, -0.592165, -0.795523, 0.128392, -0.017444, 0.746333, -0.601526, -0.284873, 0.255208, 0.000000, 0.000000, 0.000000, 1.000000, -0.993056, 0.113277, 0.031767, -0.006870, 0.033258, 0.011299, 0.999383, -0.047961, 0.112848, 0.993499, -0.014988, -0.045750, 0.000000, 0.000000, 0.000000, 1.000000
-19.9693, 26.4382, 1.8541, 172.2914, 241.2960, -17.4384, 255.2006, -6.8692, -47.9630, -45.7502, 0.592186, 0.795523, -0.128289, 0.026438, -0.746411, 0.601532, 0.284656, 0.001854, 0.303621, -0.072813, 0.950007, 0.172291, 0.000000, 0.000000, 0.000000, 1.000000, 0.303684, -0.072865, 0.949983, 0.241296, -0.592187, -0.795523, 0.128288, -0.017438, 0.746385, -0.601526, -0.284737, 0.255201, 0.000000, 0.000000, 0.000000, 1.000000, -0.993055, 0.113277, 0.031767, -0.006869, 0.033258, 0.011299, 0.999383, -0.047963, 0.112849, 0.993499, -0.014988, -0.045750, 0.000000, 0.000000, 0.000000, 1.000000
-19.9634, 26.4352, 1.8578, 172.2895, 241.2942, -17.4354, 255.1969, -6.8688, -47.9641, -45.7503, 0.592199, 0.795523, -0.128230, 0.026435, -0.746441, 0.601532, 0.284578, 0.001858, 0.303522, -0.072811, 0.950038, 0.172290, 0.000000, 0.000000, 0.000000, 1.000000, 0.303586, -0.072863, 0.950014, 0.241294, -0.592199, -0.795523, 0.128229, -0.017435, 0.746415, -0.601526, -0.284659, 0.255197, 0.000000, 0.000000, 0.000000, 1.000000, -0.993055, 0.113278, 0.031767, -0.006869, 0.033258, 0.011298, 0.999383, -0.047964, 0.112849, 0.993499, -0.014987, -0.045750, 0.000000, 0.000000, 0.000000, 1.000000
-19.9572, 26.4320, 1.8615, 172.2875, 241.2922, -17.4322, 255.1932, -6.8683, -47.9652, -45.7504, 0.592213, 0.795523, -0.128166, 0.026432, -0.746473, 0.601533, 0.284493, 0.001861, 0.303417, -0.072808, 0.950072, 0.172287, 0.000000, 0.000000, 0.000000, 1.000000, 0.303480, -0.072860, 0.950048, 0.241292, -0.592213, -0.795523, 0.128165, -0.017432, 0.746447, -0.601526, -0.284574, 0.255193, 0.000000, 0.000000, 0.000000, 1.000000, -0.993055, 0.113278, 0.031767, -0.006868, 0.033258, 0.011297, 0.999383, -0.047965, 0.112850, 0.993499, -0.014986, -0.045750, 0.000000, 0.000000, 0.000000, 1.000000
-19.9470, 26.4269, 1.8672, 172.2841, 241.2888, -17.4271, 255.1874, -6.8676, -47.9671, -45.7505, 0.592235, 0.795523, -0.128063, 0.026427, -0.746525, 0.601533, 0.284355, 0.001867, 0.303246, -0.072803, 0.950127, 0.172284, 0.000000, 0.000000, 0.000000, 1.000000, 0.303309, -0.072855, 0.950103, 0.241289, -0.592235, -0.795523, 0.128063, -0.017427, 0.746499, -0.601527, -0.284436, 0.255187, 0.000000, 0.000000, 0.000000, 1.000000, -0.993055, 0.113279, 0.031767, -0.006868, 0.033258, 0.011296, 0.999383, -0.047967, 0.112851, 0.993499, -0.014985, -0.045750, 0.000000, 0.000000, 0.000000, 1.000000
-19.9361, 26.4215, 1.8732, 172.2802, 241.2849, -17.4217, 255.1815, -6.8669, -47.9691, -45.7506, 0.592260, 0.795523, -0.127952, 0.026421, -0.746581, 0.601535, 0.284205, 0.001873, 0.303060, -0.072797, 0.950187, 0.172280, 0.000000, 0.000000, 0.000000, 1.000000, 0.303123, -0.072849, 0.950163, 0.241285, -0.592260, -0.795523, 0.127952, -0.017422, 0.746555, -0.601528, -0.284287, 0.255181, 0.000000, 0.000000, 0.000000, 1.000000, -0.993055, 0.113280, 0.031767, -0.006867, 0.033258, 0.011295, 0.999383, -0.047969, 0.112852, 0.993499, -0.014984, -0.045751, 0.000000, 0.000000, 0.000000, 1.000000
-19.9284, 26.4177, 1.8774, 172.2775, 241.2822, -17.4178, 255.1773, -6.8663, -47.9705, -45.7506, 0.592277, 0.795523, -0.127874, 0.026418, -0.746621, 0.601535, 0.284100, 0.001877, 0.302929, -0.072792, 0.950229, 0.172277, 0.000000, 0.000000, 0.000000, 1.000000, 0.302992, -0.072844, 0.950205, 0.241282, -0.592277, -0.795523, 0.127873, -0.017418, 0.746595, -0.601529, -0.284181, 0.255177, 0.000000, 0.000000, 0.000000, 1.000000, -0.993055, 0.113281, 0.031767, -0.006866, 0.033258, 0.011295, 0.999383, -0.047971, 0.112852, 0.993499, -0.014984, -0.045751, 0.000000, 0.000000, 0.000000, 1.000000
-19.9079, 26.4076, 1.8883, 172.2702, 241.2749, -17.4077, 255.1664, -6.8649, -47.9742, -45.7508, 0.592323, 0.795522, -0.127666, 0.026408, -0.746726, 0.601538, 0.283819, 0.001888, 0.302580, -0.072781, 0.950341, 0.172270, 0.000000, 0.000000, 0.000000, 1.000000, 0.302644, -0.072833, 0.950317, 0.241275, -0.592323, -0.795522, 0.127665, -0.017408, 0.746700, -0.601532, -0.283900, 0.255166, 0.000000, 0.000000, 0.000000, 1.000000, -0.993055, 0.113283, 0.031767, -0.006865, 0.033258, 0.011293, 0.999383, -0.047974, 0.112854, 0.993499, -0.014982, -0.045751, 0.000000, 0.000000, 0.000000, 1.000000
-19.8995, 26.4034, 1.8928, 172.2672, 241.2719, -17.4035, 255.1619, -6.8643, -47.9758, -45.7509, 0.592342, 0.795522, -0.127580, 0.026403, -0.746769, 0.601539, 0.283703, 0.001893, 0.302436, -0.072776, 0.950387, 0.172267, 0.000000, 0.000000, 0.000000, 1.000000, 0.302500, -0.072828, 0.950363, 0.241272, -0.592342, -0.795522, 0.127580, -0.017404, 0.746743, -0.601533, -0.283784, 0.255162, 0.000000, 0.000000, 0.000000, 1.000000, -0.993055, 0.113283, 0.031767, -0.006864, 0.033258, 0.011292, 0.999383, -0.047976, 0.112855, 0.993499, -0.014981, -0.045751, 0.000000, 0.000000, 0.000000, 1.000000
-19.8909, 26.3992, 1.8973, 172.2641, 241.2688, -17.3993, 255.1574, -6.8637, -47.9774, -45.7509, 0.592361, 0.795521, -0.127494, 0.026399, -0.746812, 0.601540, 0.283585, 0.001897, 0.302291, -0.072771, 0.950434, 0.172264, 0.000000, 0.000000, 0.000000, 1.000000, 0.302354, -0.072823, 0.950410, 0.241269, -0.592361, -0.795521, 0.127493, -0.017399, 0.746787, -0.601534, -0.283667, 0.255157, 0.000000, 0.000000, 0.000000, 1.000000, -0.993055, 0.113284, 0.031768, -0.006864, 0.033258, 0.011291, 0.999383, -0.047977, 0.112856, 0.993498, -0.014980, -0.045751, 0.000000, 0.000000, 0.000000, 1.000000
-19.8823, 26.3949, 1.9020, 172.2611, 241.2658, -17.3951, 255.1527, -6.8631, -47.9789, -45.7510, 0.592380, 0.795521, -0.127406, 0.026395, -0.746856, 0.601541, 0.283467, 0.001902, 0.302144, -0.072766, 0.950481, 0.172261, 0.000000, 0.000000, 0.000000, 1.000000, 0.302208, -0.072818, 0.950457, 0.241266, -0.592381, -0.795521, 0.127405, -0.017395, 0.746831, -0.601535, -0.283549, 0.255153, 0.000000, 0.000000, 0.000000, 1.000000, -0.993055, 0.113285, 0.031768, -0.006863, 0.033258, 0.011290, 0.999383, -0.047979, 0.112856, 0.993498, -0.014979, -0.045751, 0.000000, 0.000000, 0.000000, 1.000000
-19.8780, 26.3928, 1.9043, 172.2596, 241.2643, -17.3929, 255.1504, -6.8628, -47.9797, -45.7510, 0.592390, 0.795521, -0.127362, 0.026393, -0.746878, 0.601542, 0.283408, 0.001904, 0.302071, -0.072764, 0.950504, 0.172260, 0.000000, 0.000000, 0.000000, 1.000000, 0.302134, -0.072816, 0.950480, 0.241264, -0.592390, -0.795520, 0.127361, -0.017393, 0.746853, -0.601536, -0.283489, 0.255150, 0.000000, 0.000000, 0.000000, 1.000000, -0.993055, 0.113285, 0.031768, -0.006863, 0.033258, 0.011290, 0.999383, -0.047980, 0.112857, 0.993498, -0.014979, -0.045751, 0.000000, 0.000000, 0.000000, 1.000000
-19.8605, 26.3841, 1.9139, 172.2536, 241.2582, -17.3843, 255.1408, -6.8616, -47.9829, -45.7512, 0.592429, 0.795520, -0.127185, 0.026384, -0.746967, 0.601544, 0.283170, 0.001914, 0.301775, -0.072755, 0.950599, 0.172254, 0.000000, 0.000000, 0.000000, 1.000000, 0.301838, -0.072807, 0.950575, 0.241258, -0.592429, -0.795520, 0.127184, -0.017384, 0.746941, -0.601538, -0.283251, 0.255141, 0.000000, 0.000000, 0.000000, 1.000000, -0.993054, 0.113287, 0.031768, -0.006862, 0.033258, 0.011288, 0.999383, -0.047983, 0.112858, 0.993498, -0.014977, -0.045751, 0.000000, 0.000000, 0.000000, 1.000000
-19.8388, 26.3733, 1.9263, 172.2463, 241.2509, -17.3734, 255.1285, -6.8601, -47.9869, -45.7514, 0.592478, 0.795519, -0.126965, 0.026373, -0.747077, 0.601546, 0.282874, 0.001926, 0.301407, -0.072744, 0.950717, 0.172246, 0.000000, 0.000000, 0.000000, 1.000000, 0.301470, -0.072796, 0.950693, 0.241251, -0.592478, -0.795519, 0.126964, -0.017373, 0.747051, -0.601540, -0.282955, 0.255129, 0.000000, 0.000000, 0.000000, 1.000000, -0.993054, 0.113289, 0.031768, -0.006860, 0.033258, 0.011286, 0.999383, -0.047987, 0.112860, 0.993498, -0.014975, -0.045751, 0.000000, 0.000000, 0.000000, 1.000000
-19.8345, 26.3711, 1.9288, 172.2449, 241.2495, -17.3713, 255.1261, -6.8598, -47.9877, -45.7514, 0.592487, 0.795519, -0.126921, 0.026371, -0.747099, 0.601547, 0.282816, 0.001929, 0.301334, -0.072742, 0.950740, 0.172245, 0.000000, 0.000000, 0.000000, 1.000000, 0.301397, -0.072794, 0.950716, 0.241250, -0.592488, -0.795519, 0.126920, -0.017371, 0.747073, -0.601541, -0.282897, 0.255126, 0.000000, 0.000000, 0.000000, 1.000000, -0.993054, 0.113289, 0.031768, -0.006860, 0.033258, 0.011285, 0.999383, -0.047988, 0.112861, 0.993498, -0.014975, -0.045751, 0.000000, 0.000000, 0.000000, 1.000000
-19.8215, 26.3633, 1.9423, 172.2439, 241.2486, -17.3635, 255.1124, -6.8589, -47.9902, -45.7516, 0.592512, 0.795521, -0.126791, 0.026363, -0.747160, 0.601543, 0.282662, 0.001942, 0.301134, -0.072747, 0.950803, 0.172244, 0.000000, 0.000000, 0.000000, 1.000000, 0.301197, -0.072799, 0.950779, 0.241249, -0.592512, -0.795521, 0.126791, -0.017364, 0.747134, -0.601537, -0.282743, 0.255112, 0.000000, 0.000000, 0.000000, 1.000000, -0.993054, 0.113290, 0.031768, -0.006859, 0.033258, 0.011284, 0.999383, -0.047990, 0.112862, 0.993498, -0.014974, -0.045752, 0.000000, 0.000000, 0.000000, 1.000000
-19.8129, 26.3583, 1.9509, 172.2430, 241.2477, -17.3584, 255.1037, -6.8584, -47.9918, -45.7518, 0.592528, 0.795523, -0.126705, 0.026358, -0.747201, 0.601541, 0.282558, 0.001951, 0.300999, -0.072749, 0.950845, 0.172243, 0.000000, 0.000000, 0.000000, 1.000000, 0.301063, -0.072801, 0.950821, 0.241248, -0.592528, -0.795523, 0.126704, -0.017358, 0.747176, -0.601535, -0.282639, 0.255104, 0.000000, 0.000000, 0.000000, 1.000000, -0.993054, 0.113291, 0.031768, -0.006858, 0.033258, 0.011284, 0.999383, -0.047992, 0.112862, 0.993498, -0.014973, -0.045752, 0.000000, 0.000000, 0.000000, 1.000000
-19.8087, 26.3557, 1.9551, 172.2425, 241.2472, -17.3559, 255.0995, -6.8581, -47.9926, -45.7518, 0.592536, 0.795523, -0.126662, 0.026356, -0.747222, 0.601540, 0.282505, 0.001955, 0.300932, -0.072750, 0.950867, 0.172243, 0.000000, 0.000000, 0.000000, 1.000000, 0.300995, -0.072802, 0.950843, 0.241247, -0.592537, -0.795523, 0.126661, -0.017356, 0.747196, -0.601534, -0.282587, 0.255100, 0.000000, 0.000000, 0.000000, 1.000000, -0.993054, 0.113291, 0.031768, -0.006858, 0.033258, 0.011283, 0.999383, -0.047993, 0.112863, 0.993498, -0.014973, -0.045752, 0.000000, 0.000000, 0.000000, 1.000000
-19.7916, 26.3459, 1.9710, 172.2402, 241.2449, -17.3461, 255.0836, -6.8569, -47.9959, -45.7521, 0.592570, 0.795526, -0.126490, 0.026346, -0.747305, 0.601536, 0.282294, 0.001971, 0.300660, -0.072753, 0.950952, 0.172240, 0.000000, 0.000000, 0.000000, 1.000000, 0.300724, -0.072805, 0.950928, 0.241245, -0.592570, -0.795526, 0.126489, -0.017346, 0.747279, -0.601530, -0.282376, 0.255084, 0.000000, 0.000000, 0.000000, 1.000000, -0.993054, 0.113292, 0.031768, -0.006857, 0.033258, 0.011282, 0.999383, -0.047996, 0.112864, 0.993498, -0.014972, -0.045752, 0.000000, 0.000000, 0.000000, 1.000000
-19.7789, 26.3388, 1.9819, 172.2380, 241.2427, -17.3389, 255.0727, -6.8560, -47.9983, -45.7523, 0.592595, 0.795527, -0.126361, 0.026339, -0.747367, 0.601534, 0.282134, 0.001982, 0.300456, -0.072753, 0.951017, 0.172238, 0.000000, 0.000000, 0.000000, 1.000000, 0.300520, -0.072805, 0.950993, 0.241243, -0.592596, -0.795527, 0.126361, -0.017339, 0.747341, -0.601528, -0.282216, 0.255073, 0.000000, 0.000000, 0.000000, 1.000000, -0.993054, 0.113293, 0.031768, -0.006856, 0.033258, 0.011281, 0.999383, -0.047998, 0.112865, 0.993498, -0.014971, -0.045752, 0.000000, 0.000000, 0.000000, 1.000000
-19.7623, 26.3297, 1.9950, 172.2345, 241.2393, -17.3298, 255.0595, -6.8548, -48.0014, -45.7525, 0.592629, 0.795529, -0.126194, 0.026330, -0.747449, 0.601533, 0.281921, 0.001995, 0.300186, -0.072751, 0.951102, 0.172235, 0.000000, 0.000000, 0.000000, 1.000000, 0.300250, -0.072804, 0.951078, 0.241239, -0.592629, -0.795529, 0.126193, -0.017330, 0.747423, -0.601526, -0.282003, 0.255059, 0.000000, 0.000000, 0.000000, 1.000000, -0.993053, 0.113295, 0.031768, -0.006855, 0.033258, 0.011280, 0.999383, -0.048001, 0.112866, 0.993497, -0.014969, -0.045752, 0.000000, 0.000000, 0.000000, 1.000000
-19.7582, 26.3275, 1.9980, 172.2336, 241.2383, -17.3276, 255.0564, -6.8546, -48.0022, -45.7525, 0.592638, 0.795529, -0.126152, 0.026327, -0.747469, 0.601532, 0.281868, 0.001998, 0.300119, -0.072750, 0.951124, 0.172234, 0.000000, 0.000000, 0.000000, 1.000000, 0.300183, -0.072803, 0.951099, 0.241238, -0.592638, -0.795529, 0.126152, -0.017328, 0.747443, -0.601526, -0.281950, 0.255056, 0.000000, 0.000000, 0.000000, 1.000000, -0.993053, 0.113295, 0.031768, -0.006855, 0.033258, 0.011280, 0.999383, -0.048002, 0.112867, 0.993497, -0.014969, -0.045753, 0.000000, 0.000000, 0.000000, 1.000000
-19.7501, 26.3231, 2.0039, 172.2316, 241.2363, -17.3233, 255.0506, -6.8540, -48.0037, -45.7526, 0.592654, 0.795529, -0.126070, 0.026323, -0.747509, 0.601532, 0.281762, 0.002004, 0.299985, -0.072749, 0.951166, 0.172232, 0.000000, 0.000000, 0.000000, 1.000000, 0.300050, -0.072801, 0.951142, 0.241236, -0.592655, -0.795529, 0.126070, -0.017323, 0.747483, -0.601526, -0.281844, 0.255051, 0.000000, 0.000000, 0.000000, 1.000000, -0.993053, 0.113296, 0.031768, -0.006854, 0.033258, 0.011279, 0.999383, -0.048004, 0.112867, 0.993497, -0.014968, -0.045753, 0.000000, 0.000000, 0.000000, 1.000000
-19.7421, 26.3189, 2.0094, 172.2294, 241.2342, -17.3191, 255.0450, -6.8535, -48.0052, -45.7527, 0.592671, 0.795530, -0.125989, 0.026319, -0.747549, 0.601532, 0.281656, 0.002009, 0.299852, -0.072746, 0.951208, 0.172229, 0.000000, 0.000000, 0.000000, 1.000000, 0.299916, -0.072799, 0.951184, 0.241234, -0.592671, -0.795530, 0.125988, -0.017319, 0.747523, -0.601525, -0.281738, 0.255045, 0.000000, 0.000000, 0.000000, 1.000000, -0.993053, 0.113296, 0.031768, -0.006853, 0.033258, 0.011278, 0.999383, -0.048005, 0.112868, 0.993497, -0.014968, -0.045753, 0.000000, 0.000000, 0.000000, 1.000000
-19.7380, 26.3168, 2.0121, 172.2283, 241.2331, -17.3170, 255.0423, -6.8532, -48.0060, -45.7527, 0.592680, 0.795530, -0.125948, 0.026317, -0.747569, 0.601532, 0.281602, 0.002012, 0.299785, -0.072745, 0.951229, 0.172228, 0.000000, 0.000000, 0.000000, 1.000000, 0.299849, -0.072798, 0.951205, 0.241233, -0.592680, -0.795530, 0.125947, -0.017317, 0.747543, -0.601525, -0.281685, 0.255042, 0.000000, 0.000000, 0.000000, 1.000000, -0.993053, 0.113297, 0.031768, -0.006853, 0.033258, 0.011278, 0.999383, -0.048006, 0.112868, 0.993497, -0.014967, -0.045753, 0.000000, 0.000000, 0.000000, 1.000000
-19.7340, 26.3147, 2.0147, 172.2272, 241.2319, -17.3149, 255.0397, -6.8529, -48.0067, -45.7528, 0.592688, 0.795530, -0.125907, 0.026315, -0.747589, 0.601532, 0.281549, 0.002015, 0.299718, -0.072744, 0.951251, 0.172227, 0.000000, 0.000000, 0.000000, 1.000000, 0.299782, -0.072796, 0.951226, 0.241232, -0.592688, -0.795530, 0.125907, -0.017315, 0.747563, -0.601525, -0.281632, 0.255040, 0.000000, 0.000000, 0.000000, 1.000000, -0.993053, 0.113297, 0.031768, -0.006853, 0.033258, 0.011277, 0.999383, -0.048007, 0.112869, 0.993497, -0.014967, -0.045753, 0.000000, 0.000000, 0.000000, 1.000000
-19.7142, 26.3045, 2.0269, 172.2211, 241.2259, -17.3047, 255.0275, -6.8515, -48.0104, -45.7530, 0.592731, 0.795530, -0.125706, 0.026305, -0.747690, 0.601532, 0.281281, 0.002027, 0.299384, -0.072735, 0.951356, 0.172221, 0.000000, 0.000000, 0.000000, 1.000000, 0.299448, -0.072788, 0.951332, 0.241226, -0.592731, -0.795530, 0.125705, -0.017305, 0.747664, -0.601526, -0.281364, 0.255027, 0.000000, 0.000000, 0.000000, 1.000000, -0.993053, 0.113299, 0.031769, -0.006852, 0.033258, 0.011275, 0.999383, -0.048010, 0.112871, 0.993497, -0.014965, -0.045753, 0.000000, 0.000000, 0.000000, 1.000000
-19.7064, 26.3006, 2.0314, 172.2185, 241.2233, -17.3008, 255.0230, -6.8510, -48.0118, -45.7531, 0.592748, 0.795530, -0.125626, 0.026301, -0.747729, 0.601533, 0.281175, 0.002031, 0.299252, -0.072731, 0.951398, 0.172219, 0.000000, 0.000000, 0.000000, 1.000000, 0.299316, -0.072784, 0.951374, 0.241223, -0.592748, -0.795530, 0.125626, -0.017301, 0.747703, -0.601527, -0.281258, 0.255023, 0.000000, 0.000000, 0.000000, 1.000000, -0.993053, 0.113299, 0.031769, -0.006851, 0.033258, 0.011275, 0.999383, -0.048012, 0.112871, 0.993497, -0.014964, -0.045753, 0.000000, 0.000000, 0.000000, 1.000000
-19.6987, 26.2968, 2.0357, 172.2159, 241.2207, -17.2969, 255.0187, -6.8505, -48.0132, -45.7531, 0.592764, 0.795530, -0.125548, 0.026297, -0.747768, 0.601534, 0.281070, 0.002036, 0.299121, -0.072727, 0.951440, 0.172216, 0.000000, 0.000000, 0.000000, 1.000000, 0.299185, -0.072780, 0.951415, 0.241221, -0.592765, -0.795530, 0.125547, -0.017297, 0.747742, -0.601527, -0.281153, 0.255019, 0.000000, 0.000000, 0.000000, 1.000000, -0.993053, 0.113300, 0.031769, -0.006850, 0.033258, 0.011274, 0.999383, -0.048013, 0.112872, 0.993497, -0.014964, -0.045753, 0.000000, 0.000000, 0.000000, 1.000000
-19.6910, 26.2930, 2.0398, 172.2133, 241.2181, -17.2931, 255.0145, -6.8499, -48.0146, -45.7532, 0.592781, 0.795530, -0.125470, 0.026293, -0.747807, 0.601534, 0.280965, 0.002040, 0.298991, -0.072723, 0.951481, 0.172213, 0.000000, 0.000000, 0.000000, 1.000000, 0.299055, -0.072776, 0.951457, 0.241218, -0.592781, -0.795530, 0.125470, -0.017293, 0.747781, -0.601528, -0.281048, 0.255015, 0.000000, 0.000000, 0.000000, 1.000000, -0.993053, 0.113301, 0.031769, -0.006850, 0.033258, 0.011273, 0.999383, -0.048015, 0.112873, 0.993497, -0.014963, -0.045753, 0.000000, 0.000000, 0.000000, 1.000000
-19.6835, 26.2892, 2.0439, 172.2106, 241.2154, -17.2894, 255.0105, -6.8494, -48.0160, -45.7533, 0.592798, 0.795530, -0.125393, 0.026289, -0.747845, 0.601535, 0.280861, 0.002044, 0.298862, -0.072719, 0.951522, 0.172211, 0.000000, 0.000000, 0.000000, 1.000000, 0.298926, -0.072772, 0.951497, 0.241215, -0.592798, -0.795529, 0.125393, -0.017289, 0.747819, -0.601529, -0.280944, 0.255011, 0.000000, 0.000000, 0.000000, 1.000000, -0.993053, 0.113301, 0.031769, -0.006849, 0.033258, 0.011272, 0.999383, -0.048016, 0.112873, 0.993497, -0.014962, -0.045753, 0.000000, 0.000000, 0.000000, 1.000000
-19.6759, 26.2855, 2.0478, 172.2079, 241.2127, -17.2857, 255.0066, -6.8489, -48.0174, -45.7533, 0.592814, 0.795529, -0.125317, 0.026286, -0.747883, 0.601536, 0.280757, 0.002048, 0.298733, -0.072715, 0.951562, 0.172208, 0.000000, 0.000000, 0.000000, 1.000000, 0.298798, -0.072767, 0.951538, 0.241213, -0.592815, -0.795529, 0.125316, -0.017286, 0.747857, -0.601530, -0.280840, 0.255007, 0.000000, 0.000000, 0.000000, 1.000000, -0.993053, 0.113302, 0.031769, -0.006849, 0.033258, 0.011272, 0.999383, -0.048017, 0.112874, 0.993497, -0.014962, -0.045753, 0.000000, 0.000000, 0.000000, 1.000000
-19.6759, 26.2855, 2.0478, 172.2079, 241.2127, -17.2857, 255.0066, -6.8489, -48.0174, -45.7533, 0.592814, 0.795529, -0.125317, 0.026286, -0.747883, 0.601536, 0.280757, 0.002048, 0.298733, -0.072715, 0.951562, 0.172208, 0.000000, 0.000000, 0.000000, 1.000000, 0.298798, -0.072767, 0.951538, 0.241213, -0.592815, -0.795529, 0.125316, -0.017286, 0.747857, -0.601530, -0.280840, 0.255007, 0.000000, 0.000000, 0.000000, 1.000000, -0.993053, 0.113302, 0.031769, -0.006849, 0.033258, 0.011272, 0.999383, -0.048017, 0.112874, 0.993497, -0.014962, -0.045753, 0.000000, 0.000000, 0.000000, 1.000000
-19.6685, 26.2818, 2.0517, 172.2052, 241.2100, -17.2820, 255.0027, -6.8484, -48.0187, -45.7534, 0.592831, 0.795529, -0.125241, 0.026282, -0.747921, 0.601537, 0.280654, 0.002052, 0.298605, -0.072710, 0.951603, 0.172205, 0.000000, 0.000000, 0.000000, 1.000000, 0.298670, -0.072763, 0.951579, 0.241210, -0.592831, -0.795529, 0.125240, -0.017282, 0.747895, -0.601531, -0.280737, 0.255003, 0.000000, 0.000000, 0.000000, 1.000000, -0.993052, 0.113303, 0.031769, -0.006848, 0.033258, 0.011271, 0.999383, -0.048019, 0.112875, 0.993497, -0.014961, -0.045753, 0.000000, 0.000000, 0.000000, 1.000000
-19.6536, 26.2745, 2.0594, 172.1998, 241.2046, -17.2747, 254.9950, -6.8474, -48.0215, -45.7535, 0.592864, 0.795528, -0.125090, 0.026275, -0.747997, 0.601539, 0.280449, 0.002059, 0.298351, -0.072701, 0.951683, 0.172200, 0.000000, 0.000000, 0.000000, 1.000000, 0.298416, -0.072754, 0.951659, 0.241205, -0.592864, -0.795528, 0.125089, -0.017275, 0.747971, -0.601533, -0.280531, 0.254995, 0.000000, 0.000000, 0.000000, 1.000000, -0.993052, 0.113304, 0.031769, -0.006847, 0.033258, 0.011269, 0.999383, -0.048021, 0.112876, 0.993496, -0.014959, -0.045754, 0.000000, 0.000000, 0.000000, 1.000000
-19.6463, 26.2709, 2.0632, 172.1972, 241.2020, -17.2711, 254.9913, -6.8469, -48.0228, -45.7536, 0.592880, 0.795528, -0.125016, 0.026271, -0.748034, 0.601540, 0.280348, 0.002063, 0.298227, -0.072697, 0.951723, 0.172197, 0.000000, 0.000000, 0.000000, 1.000000, 0.298291, -0.072750, 0.951698, 0.241202, -0.592880, -0.795528, 0.125015, -0.017271, 0.748008, -0.601534, -0.280431, 0.254991, 0.000000, 0.000000, 0.000000, 1.000000, -0.993052, 0.113304, 0.031769, -0.006847, 0.033258, 0.011269, 0.999383, -0.048023, 0.112877, 0.993496, -0.014959, -0.045754, 0.000000, 0.000000, 0.000000, 1.000000
-19.6391, 26.2674, 2.0669, 172.1946, 241.1994, -17.2676, 254.9875, -6.8464, -48.0241, -45.7536, 0.592896, 0.795528, -0.124942, 0.026267, -0.748070, 0.601541, 0.280249, 0.002067, 0.298104, -0.072693, 0.951762, 0.172195, 0.000000, 0.000000, 0.000000, 1.000000, 0.298168, -0.072745, 0.951737, 0.241199, -0.592896, -0.795527, 0.124942, -0.017268, 0.748044, -0.601535, -0.280331, 0.254987, 0.000000, 0.000000, 0.000000, 1.000000, -0.993052, 0.113305, 0.031769, -0.006846, 0.033258, 0.011268, 0.999383, -0.048024, 0.112877, 0.993496, -0.014958, -0.045754, 0.000000, 0.000000, 0.000000, 1.000000
-19.6319, 26.2638, 2.0707, 172.1920, 241.1968, -17.2640, 254.9837, -6.8459, -48.0254, -45.7537, 0.592912, 0.795527, -0.124869, 0.026264, -0.748106, 0.601542, 0.280150, 0.002071, 0.297981, -0.072689, 0.951800, 0.172192, 0.000000, 0.000000, 0.000000, 1.000000, 0.298045, -0.072741, 0.951776, 0.241197, -0.592912, -0.795527, 0.124869, -0.017264, 0.748081, -0.601536, -0.280232, 0.254984, 0.000000, 0.000000, 0.000000, 1.000000, -0.993052, 0.113306, 0.031770, -0.006846, 0.033258, 0.011267, 0.999383, -0.048025, 0.112878, 0.993496, -0.014957, -0.045754, 0.000000, 0.000000, 0.000000, 1.000000
-19.6247, 26.2603, 2.0746, 172.1895, 241.1942, -17.2605, 254.9799, -6.8454, -48.0267, -45.7537, 0.592927, 0.795527, -0.124796, 0.026260, -0.748143, 0.601543, 0.280051, 0.002075, 0.297859, -0.072685, 0.951839, 0.172190, 0.000000, 0.000000, 0.000000, 1.000000, 0.297923, -0.072737, 0.951815, 0.241194, -0.592928, -0.795527, 0.124796, -0.017260, 0.748117, -0.601537, -0.280134, 0.254980, 0.000000, 0.000000, 0.000000, 1.000000, -0.993052, 0.113306, 0.031770, -0.006845, 0.033258, 0.011266, 0.999383, -0.048027, 0.112879, 0.993496, -0.014956, -0.045754, 0.000000, 0.000000, 0.000000, 1.000000
-19.6175, 26.2567, 2.0786, 172.1870, 241.1917, -17.2569, 254.9759, -6.8449, -48.0280, -45.7538, 0.592943, 0.795527, -0.124724, 0.026257, -0.748179, 0.601544, 0.279953, 0.002079, 0.297737, -0.072681, 0.951877, 0.172187, 0.000000, 0.000000, 0.000000, 1.000000, 0.297801, -0.072733, 0.951853, 0.241192, -0.592943, -0.795527, 0.124723, -0.017257, 0.748153, -0.601538, -0.280035, 0.254976, 0.000000, 0.000000, 0.000000, 1.000000, -0.993052, 0.113307, 0.031770, -0.006845, 0.033258, 0.011266, 0.999383, -0.048028, 0.112879, 0.993496, -0.014956, -0.045754, 0.000000, 0.000000, 0.000000, 1.000000
-19.6139, 26.2549, 2.0806, 172.1858, 241.1905, -17.2551, 254.9739, -6.8447, -48.0287, -45.7538, 0.592951, 0.795526, -0.124687, 0.026255, -0.748197, 0.601544, 0.279904, 0.002081, 0.297676, -0.072679, 0.951897, 0.172186, 0.000000, 0.000000, 0.000000, 1.000000, 0.297740, -0.072731, 0.951872, 0.241191, -0.592951, -0.795526, 0.124686, -0.017255, 0.748171, -0.601538, -0.279986, 0.254974, 0.000000, 0.000000, 0.000000, 1.000000, -0.993052, 0.113307, 0.031770, -0.006845, 0.033258, 0.011265, 0.999383, -0.048029, 0.112880, 0.993496, -0.014955, -0.045754, 0.000000, 0.000000, 0.000000, 1.000000
-19.5958, 26.2458, 2.0910, 172.1798, 241.1845, -17.2460, 254.9635, -6.8435, -48.0320, -45.7540, 0.592990, 0.795526, -0.124503, 0.026246, -0.748287, 0.601546, 0.279658, 0.002091, 0.297370, -0.072670, 0.951993, 0.172180, 0.000000, 0.000000, 0.000000, 1.000000, 0.297434, -0.072722, 0.951969, 0.241185, -0.592991, -0.795526, 0.124503, -0.017246, 0.748262, -0.601540, -0.279740, 0.254964, 0.000000, 0.000000, 0.000000, 1.000000, -0.993052, 0.113309, 0.031770, -0.006843, 0.033258, 0.011264, 0.999383, -0.048032, 0.112881, 0.993496, -0.014954, -0.045754, 0.000000, 0.000000, 0.000000, 1.000000
-19.5886, 26.2422, 2.0954, 172.1775, 241.1822, -17.2424, 254.9592, -6.8430, -48.0334, -45.7541, 0.593006, 0.795526, -0.124430, 0.026242, -0.748323, 0.601547, 0.279561, 0.002095, 0.297248, -0.072667, 0.952031, 0.172177, 0.000000, 0.000000, 0.000000, 1.000000, 0.297312, -0.072719, 0.952007, 0.241182, -0.593006, -0.795526, 0.124430, -0.017242, 0.748298, -0.601541, -0.279642, 0.254959, 0.000000, 0.000000, 0.000000, 1.000000, -0.993052, 0.113309, 0.031770, -0.006843, 0.033258, 0.011263, 0.999383, -0.048033, 0.112882, 0.993496, -0.014953, -0.045754, 0.000000, 0.000000, 0.000000, 1.000000
-19.5814, 26.2385, 2.0998, 172.1753, 241.1799, -17.2387, 254.9549, -6.8425, -48.0347, -45.7541, 0.593021, 0.795525, -0.124357, 0.026239, -0.748359, 0.601547, 0.279464, 0.002100, 0.297127, -0.072664, 0.952069, 0.172175, 0.000000, 0.000000, 0.000000, 1.000000, 0.297191, -0.072716, 0.952045, 0.241180, -0.593022, -0.795525, 0.124357, -0.017239, 0.748333, -0.601541, -0.279545, 0.254955, 0.000000, 0.000000, 0.000000, 1.000000, -0.993052, 0.113310, 0.031770, -0.006842, 0.033258, 0.011262, 0.999383, -0.048035, 0.112882, 0.993496, -0.014952, -0.045754, 0.000000, 0.000000, 0.000000, 1.000000
-19.5742, 26.2348, 2.1044, 172.1731, 241.1777, -17.2350, 254.9503, -6.8420, -48.0360, -45.7542, 0.593037, 0.795525, -0.124284, 0.026235, -0.748395, 0.601548, 0.279366, 0.002104, 0.297006, -0.072661, 0.952107, 0.172173, 0.000000, 0.000000, 0.000000, 1.000000, 0.297069, -0.072713, 0.952083, 0.241178, -0.593037, -0.795525, 0.124283, -0.017235, 0.748369, -0.601542, -0.279448, 0.254950, 0.000000, 0.000000, 0.000000, 1.000000, -0.993052, 0.113311, 0.031770, -0.006842, 0.033258, 0.011261, 0.999383, -0.048036, 0.112883, 0.993496, -0.014952, -0.045754, 0.000000, 0.000000, 0.000000, 1.000000
-19.5669, 26.2311, 2.1090, 172.1709, 241.1756, -17.2313, 254.9457, -6.8415, -48.0374, -45.7543, 0.593052, 0.795525, -0.124210, 0.026231, -0.748431, 0.601548, 0.279269, 0.002109, 0.296884, -0.072658, 0.952145, 0.172171, 0.000000, 0.000000, 0.000000, 1.000000, 0.296948, -0.072710, 0.952121, 0.241176, -0.593053, -0.795525, 0.124210, -0.017231, 0.748405, -0.601542, -0.279350, 0.254946, 0.000000, 0.000000, 0.000000, 1.000000, -0.993051, 0.113311, 0.031770, -0.006841, 0.033258, 0.011261, 0.999383, -0.048037, 0.112884, 0.993496, -0.014951, -0.045754, 0.000000, 0.000000, 0.000000, 1.000000
-19.5596, 26.2273, 2.1138, 172.1688, 241.1734, -17.2275, 254.9410, -6.8410, -48.0387, -45.7543, 0.593068, 0.795525, -0.124136, 0.026227, -0.748467, 0.601549, 0.279172, 0.002114, 0.296762, -0.072656, 0.952183, 0.172169, 0.000000, 0.000000, 0.000000, 1.000000, 0.296826, -0.072708, 0.952160, 0.241173, -0.593068, -0.795525, 0.124136, -0.017227, 0.748442, -0.601542, -0.279253, 0.254941, 0.000000, 0.000000, 0.000000, 1.000000, -0.993051, 0.113312, 0.031770, -0.006841, 0.033258, 0.011260, 0.999383, -0.048039, 0.112884, 0.993496, -0.014950, -0.045754, 0.000000, 0.000000, 0.000000, 1.000000
-19.5485, 26.2215, 2.1212, 172.1657, 241.1703, -17.2217, 254.9336, -6.8402, -48.0408, -45.7545, 0.593091, 0.795525, -0.124024, 0.026222, -0.748521, 0.601549, 0.279025, 0.002121, 0.296578, -0.072652, 0.952241, 0.172166, 0.000000, 0.000000, 0.000000, 1.000000, 0.296641, -0.072704, 0.952218, 0.241170, -0.593092, -0.795525, 0.124023, -0.017222, 0.748496, -0.601543, -0.279105, 0.254934, 0.000000, 0.000000, 0.000000, 1.000000, -0.993051, 0.113313, 0.031770, -0.006840, 0.033258, 0.011259, 0.999383, -0.048041, 0.112885, 0.993496, -0.014949, -0.045754, 0.000000, 0.000000, 0.000000, 1.000000
-19.5373, 26.2157, 2.1289, 172.1626, 241.1672, -17.2158, 254.9260, -6.8395, -48.0429, -45.7546, 0.593115, 0.795526, -0.123910, 0.026216, -0.748577, 0.601549, 0.278876, 0.002129, 0.296391, -0.072649, 0.952299, 0.172163, 0.000000, 0.000000, 0.000000, 1.000000, 0.296454, -0.072701, 0.952276, 0.241167, -0.593115, -0.795525, 0.123910, -0.017216, 0.748551, -0.601543, -0.278957, 0.254926, 0.000000, 0.000000, 0.000000, 1.000000, -0.993051, 0.113314, 0.031770, -0.006839, 0.033258, 0.011258, 0.999383, -0.048043, 0.112886, 0.993495, -0.014948, -0.045755, 0.000000, 0.000000, 0.000000, 1.000000
-19.5298, 26.2117, 2.1341, 172.1606, 241.1652, -17.2119, 254.9208, -6.8390, -48.0443, -45.7547, 0.593131, 0.795526, -0.123835, 0.026212, -0.748613, 0.601549, 0.278777, 0.002134, 0.296267, -0.072647, 0.952338, 0.172161, 0.000000, 0.000000, 0.000000, 1.000000, 0.296330, -0.072699, 0.952315, 0.241165, -0.593131, -0.795526, 0.123834, -0.017212, 0.748588, -0.601543, -0.278858, 0.254921, 0.000000, 0.000000, 0.000000, 1.000000, -0.993051, 0.113314, 0.031771, -0.006839, 0.033258, 0.011257, 0.999383, -0.048044, 0.112887, 0.993495, -0.014948, -0.045755, 0.000000, 0.000000, 0.000000, 1.000000
-19.5186, 26.2058, 2.1421, 172.1577, 241.1623, -17.2060, 254.9130, -6.8382, -48.0464, -45.7548, 0.593154, 0.795526, -0.123721, 0.026206, -0.748668, 0.601549, 0.278630, 0.002142, 0.296082, -0.072644, 0.952396, 0.172158, 0.000000, 0.000000, 0.000000, 1.000000, 0.296144, -0.072696, 0.952373, 0.241162, -0.593154, -0.795526, 0.123720, -0.017206, 0.748643, -0.601543, -0.278710, 0.254913, 0.000000, 0.000000, 0.000000, 1.000000, -0.993051, 0.113315, 0.031771, -0.006838, 0.033258, 0.011256, 0.999383, -0.048046, 0.112888, 0.993495, -0.014947, -0.045755, 0.000000, 0.000000, 0.000000, 1.000000
-19.5111, 26.2018, 2.1474, 172.1558, 241.1604, -17.2020, 254.9077, -6.8377, -48.0477, -45.7549, 0.593169, 0.795526, -0.123646, 0.026202, -0.748705, 0.601549, 0.278532, 0.002147, 0.295958, -0.072643, 0.952435, 0.172156, 0.000000, 0.000000, 0.000000, 1.000000, 0.296021, -0.072694, 0.952411, 0.241160, -0.593170, -0.795526, 0.123645, -0.017202, 0.748680, -0.601543, -0.278612, 0.254908, 0.000000, 0.000000, 0.000000, 1.000000, -0.993051, 0.113316, 0.031771, -0.006838, 0.033258, 0.011256, 0.999383, -0.048048, 0.112888, 0.993495, -0.014946, -0.045755, 0.000000, 0.000000, 0.000000, 1.000000
