# Joint_A_Angle(deg), Cam_X(mm), Cam_Y(mm), Cam_Z(mm), Torso_X(mm), Torso_Y(mm), Torso_Z(mm), EE_X(mm), EE_Y(mm), EE_Z(mm), T_cam2marker_flat(16), T_torso2marker_flat(16), T_ee2marker_flat(16)
-20.0013, -56.3901, 6.8854, 455.7075, 524.7130, 65.3897, 250.1335, 101.3548, 9.5855, 4.4371, 0.289899, 0.825709, 0.483905, -0.056390, -0.944383, 0.328813, 0.004694, 0.006885, -0.155239, -0.458353, 0.875108, 0.455707, 0.000000, 0.000000, 0.000000, 1.000000, -0.155136, -0.458389, 0.875107, 0.524713, -0.289899, -0.825708, -0.483906, 0.065390, 0.944400, -0.328764, -0.004789, 0.250134, 0.000000, 0.000000, 0.000000, 1.000000, -0.004002, -0.020163, -0.999789, 0.101355, -0.999230, -0.038949, 0.004785, 0.009585, -0.039037, 0.999038, -0.019992, 0.004437, 0.000000, 0.000000, 0.000000, 1.000000
-20.0013, -56.3900, 6.8844, 455.7072, 524.7127, 65.3896, 250.1344, 101.3548, 9.5855, 4.4371, 0.289899, 0.825708, 0.483905, -0.056390, -0.944383, 0.328815, 0.004692, 0.006884, -0.155240, -0.458352, 0.875108, 0.455707, 0.000000, 0.000000, 0.000000, 1.000000, -0.155138, -0.458388, 0.875107, 0.524713, -0.289899, -0.825708, -0.483906, 0.065390, 0.944400, -0.328765, -0.004788, 0.250134, 0.000000, 0.000000, 0.000000, 1.000000, -0.004002, -0.020163, -0.999789, 0.101355, -0.999230, -0.038949, 0.004785, 0.009585, -0.039037, 0.999038, -0.019992, 0.004437, 0.000000, 0.000000, 0.000000, 1.000000
-20.0013, -56.3899, 6.8831, 455.7069, 524.7124, 65.3895, 250.1355, 101.3548, 9.5855, 4.4371, 0.289900, 0.825708, 0.483905, -0.056390, -0.944382, 0.328816, 0.004691, 0.006883, -0.155243, -0.458351, 0.875108, 0.455707, 0.000000, 0.000000, 0.000000, 1.000000, -0.155140, -0.458388, 0.875107, 0.524712, -0.289899, -0.825708, -0.483906, 0.065390, 0.944399, -0.328766, -0.004786, 0.250136, 0.000000, 0.000000, 0.000000, 1.000000, -0.004002, -0.020163, -0.999789, 0.101355, -0.999230, -0.038949, 0.004785, 0.009585, -0.039037, 0.999038, -0.019992, 0.004437, 0.000000, 0.000000, 0.000000, 1.000000
-20.0013, -56.3896, 6.8783, 455.7056, 524.7112, 65.3892, 250.1400, 101.3548, 9.5855, 4.4371, 0.289902, 0.825707, 0.483905, -0.056390, -0.944380, 0.328823, 0.004683, 0.006878, -0.155252, -0.458348, 0.875108, 0.455706, 0.000000, 0.000000, 0.000000, 1.000000, -0.155149, -0.458385, 0.875107, 0.524711, -0.289902, -0.825707, -0.483906, 0.065389, 0.944397, -0.328772, -0.004779, 0.250140, 0.000000, 0.000000, 0.000000, 1.000000, -0.004002, -0.020163, -0.999789, 0.101355, -0.999230, -0.038949, 0.004785, 0.009585, -0.039037, 0.999038, -0.019992, 0.004437, 0.000000, 0.000000, 0.000000, 1.000000
-20.0013, -56.3893, 6.8741, 455.7045, 524.7101, 65.3890, 250.1440, 101.3548, 9.5855, 4.4371, 0.289903, 0.825707, 0.483905, -0.056389, -0.944378, 0.328828, 0.004677, 0.006874, -0.155260, -0.458345, 0.875108, 0.455704, 0.000000, 0.000000, 0.000000, 1.000000, -0.155156, -0.458382, 0.875107, 0.524710, -0.289903, -0.825706, -0.483906, 0.065389, 0.944395, -0.328777, -0.004773, 0.250144, 0.000000, 0.000000, 0.000000, 1.000000, -0.004002, -0.020163, -0.999789, 0.101355, -0.999230, -0.038949, 0.004785, 0.009585, -0.039037, 0.999038, -0.019992, 0.004437, 0.000000, 0.000000, 0.000000, 1.000000
-20.0013, -56.3892, 6.8718, 455.7039, 524.7094, 65.3888, 250.1462, 101.3548, 9.5855, 4.4371, 0.289904, 0.825706, 0.483905, -0.056389, -0.944377, 0.328831, 0.004673, 0.006872, -0.155264, -0.458344, 0.875108, 0.455704, 0.000000, 0.000000, 0.000000, 1.000000, -0.155160, -0.458381, 0.875107, 0.524709, -0.289904, -0.825706, -0.483906, 0.065389, 0.944394, -0.328780, -0.004770, 0.250146, 0.000000, 0.000000, 0.000000, 1.000000, -0.004002, -0.020163, -0.999789, 0.101355, -0.999230, -0.038949, 0.004785, 0.009585, -0.039037, 0.999038, -0.019992, 0.004437, 0.000000, 0.000000, 0.000000, 1.000000
-20.0013, -56.3889, 6.8669, 455.7025, 524.7081, 65.3885, 250.1509, 101.3547, 9.5855, 4.4371, 0.289906, 0.825706, 0.483905, -0.056389, -0.944375, 0.328837, 0.004665, 0.006867, -0.155274, -0.458341, 0.875108, 0.455703, 0.000000, 0.000000, 0.000000, 1.000000, -0.155170, -0.458378, 0.875107, 0.524708, -0.289906, -0.825705, -0.483906, 0.065388, 0.944392, -0.328786, -0.004762, 0.250151, 0.000000, 0.000000, 0.000000, 1.000000, -0.004002, -0.020163, -0.999789, 0.101355, -0.999230, -0.038949, 0.004785, 0.009585, -0.039037, 0.999038, -0.019992, 0.004437, 0.000000, 0.000000, 0.000000, 1.000000
-20.0012, -56.3887, 6.8643, 455.7018, 524.7074, 65.3883, 250.1533, 101.3547, 9.5855, 4.4371, 0.289906, 0.825706, 0.483906, -0.056389, -0.944374, 0.328840, 0.004660, 0.006864, -0.155279, -0.458339, 0.875108, 0.455702, 0.000000, 0.000000, 0.000000, 1.000000, -0.155175, -0.458376, 0.875107, 0.524707, -0.289906, -0.825705, -0.483906, 0.065388, 0.944391, -0.328789, -0.004758, 0.250153, 0.000000, 0.000000, 0.000000, 1.000000, -0.004002, -0.020163, -0.999789, 0.101355, -0.999230, -0.038949, 0.004785, 0.009585, -0.039037, 0.999038, -0.019992, 0.004437, 0.000000, 0.000000, 0.000000, 1.000000
-20.0012, -56.3886, 6.8618, 455.7011, 524.7067, 65.3882, 250.1558, 101.3547, 9.5855, 4.4371, 0.289906, 0.825705, 0.483906, -0.056389, -0.944373, 0.328843, 0.004655, 0.006862, -0.155285, -0.458337, 0.875108, 0.455701, 0.000000, 0.000000, 0.000000, 1.000000, -0.155180, -0.458375, 0.875107, 0.524707, -0.289906, -0.825705, -0.483907, 0.065388, 0.944391, -0.328792, -0.004753, 0.250156, 0.000000, 0.000000, 0.000000, 1.000000, -0.004002, -0.020163, -0.999789, 0.101355, -0.999230, -0.038949, 0.004785, 0.009585, -0.039037, 0.999038, -0.019992, 0.004437, 0.000000, 0.000000, 0.000000, 1.000000
-20.0009, -56.3884, 6.8567, 455.6997, 524.7053, 65.3880, 250.1606, 101.3547, 9.5855, 4.4371, 0.289904, 0.825705, 0.483907, -0.056388, -0.944372, 0.328847, 0.004643, 0.006857, -0.155297, -0.458334, 0.875107, 0.455700, 0.000000, 0.000000, 0.000000, 1.000000, -0.155192, -0.458372, 0.875106, 0.524705, -0.289904, -0.825705, -0.483908, 0.065388, 0.944389, -0.328796, -0.004741, 0.250161, 0.000000, 0.000000, 0.000000, 1.000000, -0.004002, -0.020163, -0.999789, 0.101355, -0.999230, -0.038949, 0.004785, 0.009585, -0.039037, 0.999038, -0.019992, 0.004437, 0.000000, 0.000000, 0.000000, 1.000000
-20.0007, -56.3883, 6.8543, 455.6990, 524.7046, 65.3879, 250.1630, 101.3547, 9.5855, 4.4371, 0.289902, 0.825706, 0.483908, -0.056388, -0.944371, 0.328848, 0.004636, 0.006854, -0.155304, -0.458333, 0.875107, 0.455699, 0.000000, 0.000000, 0.000000, 1.000000, -0.155199, -0.458370, 0.875106, 0.524705, -0.289902, -0.825705, -0.483909, 0.065388, 0.944389, -0.328797, -0.004734, 0.250163, 0.000000, 0.000000, 0.000000, 1.000000, -0.004002, -0.020163, -0.999789, 0.101355, -0.999230, -0.038949, 0.004785, 0.009585, -0.039037, 0.999038, -0.019992, 0.004437, 0.000000, 0.000000, 0.000000, 1.000000
-19.9996, -56.3884, 6.8479, 455.6970, 524.7026, 65.3881, 250.1691, 101.3547, 9.5855, 4.4371, 0.289889, 0.825708, 0.483912, -0.056388, -0.944372, 0.328848, 0.004610, 0.006848, -0.155327, -0.458329, 0.875105, 0.455697, 0.000000, 0.000000, 0.000000, 1.000000, -0.155221, -0.458367, 0.875104, 0.524703, -0.289889, -0.825708, -0.483912, 0.065388, 0.944389, -0.328796, -0.004708, 0.250169, 0.000000, 0.000000, 0.000000, 1.000000, -0.004002, -0.020163, -0.999789, 0.101355, -0.999230, -0.038949, 0.004785, 0.009585, -0.039037, 0.999038, -0.019992, 0.004437, 0.000000, 0.000000, 0.000000, 1.000000
-19.9985, -56.3888, 6.8446, 455.6958, 524.7014, 65.3884, 250.1723, 101.3547, 9.5855, 4.4371, 0.289874, 0.825711, 0.483916, -0.056389, -0.944374, 0.328843, 0.004588, 0.006845, -0.155344, -0.458327, 0.875103, 0.455696, 0.000000, 0.000000, 0.000000, 1.000000, -0.155238, -0.458365, 0.875102, 0.524701, -0.289874, -0.825711, -0.483916, 0.065388, 0.944391, -0.328791, -0.004686, 0.250172, 0.000000, 0.000000, 0.000000, 1.000000, -0.004002, -0.020163, -0.999789, 0.101355, -0.999230, -0.038949, 0.004785, 0.009585, -0.039037, 0.999038, -0.019992, 0.004437, 0.000000, 0.000000, 0.000000, 1.000000
-19.9979, -56.3891, 6.8433, 455.6952, 524.7009, 65.3887, 250.1735, 101.3547, 9.5855, 4.4371, 0.289864, 0.825713, 0.483918, -0.056389, -0.944375, 0.328839, 0.004575, 0.006843, -0.155353, -0.458327, 0.875101, 0.455695, 0.000000, 0.000000, 0.000000, 1.000000, -0.155247, -0.458364, 0.875100, 0.524701, -0.289864, -0.825713, -0.483919, 0.065389, 0.944392, -0.328787, -0.004674, 0.250174, 0.000000, 0.000000, 0.000000, 1.000000, -0.004002, -0.020163, -0.999789, 0.101355, -0.999230, -0.038949, 0.004785, 0.009585, -0.039037, 0.999038, -0.019992, 0.004437, 0.000000, 0.000000, 0.000000, 1.000000
-19.9962, -56.3899, 6.8415, 455.6943, 524.7000, 65.3895, 250.1752, 101.3547, 9.5855, 4.4371, 0.289840, 0.825718, 0.483924, -0.056390, -0.944379, 0.328827, 0.004547, 0.006842, -0.155373, -0.458326, 0.875098, 0.455694, 0.000000, 0.000000, 0.000000, 1.000000, -0.155267, -0.458364, 0.875097, 0.524700, -0.289840, -0.825718, -0.483925, 0.065390, 0.944397, -0.328776, -0.004645, 0.250175, 0.000000, 0.000000, 0.000000, 1.000000, -0.004002, -0.020163, -0.999789, 0.101355, -0.999230, -0.038949, 0.004785, 0.009585, -0.039037, 0.999038, -0.019992, 0.004437, 0.000000, 0.000000, 0.000000, 1.000000
-19.9941, -56.3910, 6.8410, 455.6936, 524.6993, 65.3907, 250.1755, 101.3547, 9.5854, 4.4371, 0.289808, 0.825725, 0.483932, -0.056391, -0.944385, 0.328810, 0.004513, 0.006841, -0.155395, -0.458326, 0.875094, 0.455694, 0.000000, 0.000000, 0.000000, 1.000000, -0.155289, -0.458364, 0.875093, 0.524699, -0.289808, -0.825724, -0.483933, 0.065391, 0.944403, -0.328758, -0.004612, 0.250176, 0.000000, 0.000000, 0.000000, 1.000000, -0.004002, -0.020163, -0.999789, 0.101355, -0.999230, -0.038949, 0.004785, 0.009585, -0.039037, 0.999038, -0.019992, 0.004437, 0.000000, 0.000000, 0.000000, 1.000000
-19.9929, -56.3917, 6.8413, 455.6933, 524.6991, 65.3914, 250.1752, 101.3547, 9.5854, 4.4371, 0.289790, 0.825728, 0.483936, -0.056392, -0.944389, 0.328800, 0.004494, 0.006841, -0.155407, -0.458327, 0.875092, 0.455693, 0.000000, 0.000000, 0.000000, 1.000000, -0.155300, -0.458364, 0.875091, 0.524699, -0.289789, -0.825728, -0.483937, 0.065391, 0.944407, -0.328748, -0.004593, 0.250175, 0.000000, 0.000000, 0.000000, 1.000000, -0.004002, -0.020163, -0.999789, 0.101355, -0.999230, -0.038949, 0.004785, 0.009585, -0.039037, 0.999038, -0.019992, 0.004437, 0.000000, 0.000000, 0.000000, 1.000000
-19.9900, -56.3934, 6.8431, 455.6931, 524.6988, 65.3931, 250.1733, 101.3547, 9.5854, 4.4372, 0.289746, 0.825738, 0.483947, -0.056393, -0.944398, 0.328773, 0.004453, 0.006843, -0.155432, -0.458328, 0.875086, 0.455693, 0.000000, 0.000000, 0.000000, 1.000000, -0.155325, -0.458366, 0.875085, 0.524699, -0.289746, -0.825738, -0.483947, 0.065393, 0.944416, -0.328721, -0.004552, 0.250173, 0.000000, 0.000000, 0.000000, 1.000000, -0.004002, -0.020163, -0.999789, 0.101355, -0.999230, -0.038949, 0.004785, 0.009585, -0.039037, 0.999038, -0.019992, 0.004437, 0.000000, 0.000000, 0.000000, 1.000000
-19.9884, -56.3944, 6.8446, 455.6930, 524.6988, 65.3941, 250.1718, 101.3547, 9.5854, 4.4372, 0.289721, 0.825743, 0.483952, -0.056394, -0.944404, 0.328758, 0.004430, 0.006845, -0.155446, -0.458330, 0.875083, 0.455693, 0.000000, 0.000000, 0.000000, 1.000000, -0.155339, -0.458368, 0.875082, 0.524699, -0.289721, -0.825743, -0.483953, 0.065394, 0.944421, -0.328706, -0.004529, 0.250172, 0.000000, 0.000000, 0.000000, 1.000000, -0.004002, -0.020163, -0.999789, 0.101355, -0.999230, -0.038949, 0.004785, 0.009585, -0.039037, 0.999038, -0.019992, 0.004437, 0.000000, 0.000000, 0.000000, 1.000000
-19.9847, -56.3968, 6.8489, 455.6932, 524.6989, 65.3964, 250.1674, 101.3547, 9.5854, 4.4372, 0.289664, 0.825756, 0.483965, -0.056397, -0.944417, 0.328722, 0.004379, 0.006849, -0.155474, -0.458334, 0.875076, 0.455693, 0.000000, 0.000000, 0.000000, 1.000000, -0.155367, -0.458371, 0.875075, 0.524699, -0.289664, -0.825755, -0.483966, 0.065396, 0.944434, -0.328670, -0.004479, 0.250167, 0.000000, 0.000000, 0.000000, 1.000000, -0.004002, -0.020163, -0.999789, 0.101355, -0.999230, -0.038949, 0.004785, 0.009585, -0.039037, 0.999038, -0.019992, 0.004437, 0.000000, 0.000000, 0.000000, 1.000000
-19.9805, -56.3996, 6.8550, 455.6937, 524.6995, 65.3992, 250.1613, 101.3547, 9.5854, 4.4372, 0.289598, 0.825770, 0.483980, -0.056400, -0.944432, 0.328679, 0.004323, 0.006855, -0.155504, -0.458338, 0.875068, 0.455694, 0.000000, 0.000000, 0.000000, 1.000000, -0.155397, -0.458376, 0.875067, 0.524699, -0.289598, -0.825770, -0.483981, 0.065399, 0.944450, -0.328627, -0.004423, 0.250161, 0.000000, 0.000000, 0.000000, 1.000000, -0.004002, -0.020163, -0.999789, 0.101355, -0.999230, -0.038949, 0.004785, 0.009585, -0.039037, 0.999038, -0.019992, 0.004437, 0.000000, 0.000000, 0.000000, 1.000000
-19.9782, -56.4011, 6.8587, 455.6941, 524.6998, 65.4007, 250.1575, 101.3547, 9.5854, 4.4372, 0.289561, 0.825778, 0.483989, -0.056401, -0.944440, 0.328655, 0.004293, 0.006859, -0.155520, -0.458341, 0.875064, 0.455694, 0.000000, 0.000000, 0.000000, 1.000000, -0.155413, -0.458379, 0.875063, 0.524700, -0.289561, -0.825778, -0.483989, 0.065401, 0.944458, -0.328603, -0.004393, 0.250158, 0.000000, 0.000000, 0.000000, 1.000000, -0.004002, -0.020163, -0.999789, 0.101355, -0.999230, -0.038949, 0.004785, 0.009585, -0.039037, 0.999038, -0.019992, 0.004437, 0.000000, 0.000000, 0.000000, 1.000000
-19.9731, -56.4046, 6.8675, 455.6951, 524.7009, 65.4042, 250.1487, 101.3547, 9.5854, 4.4372, 0.289482, 0.825795, 0.484006, -0.056405, -0.944459, 0.328601, 0.004228, 0.006867, -0.155554, -0.458348, 0.875054, 0.455695, 0.000000, 0.000000, 0.000000, 1.000000, -0.155446, -0.458386, 0.875053, 0.524701, -0.289482, -0.825795, -0.484007, 0.065404, 0.944477, -0.328549, -0.004328, 0.250149, 0.000000, 0.000000, 0.000000, 1.000000, -0.004002, -0.020163, -0.999789, 0.101355, -0.999230, -0.038949, 0.004785, 0.009585, -0.039037, 0.999038, -0.019992, 0.004437, 0.000000, 0.000000, 0.000000, 1.000000
-19.9704, -56.4064, 6.8726, 455.6958, 524.7015, 65.4061, 250.1435, 101.3547, 9.5854, 4.4372, 0.289439, 0.825805, 0.484016, -0.056406, -0.944470, 0.328572, 0.004194, 0.006873, -0.155571, -0.458352, 0.875049, 0.455696, 0.000000, 0.000000, 0.000000, 1.000000, -0.155463, -0.458390, 0.875048, 0.524702, -0.289438, -0.825805, -0.484017, 0.065406, 0.944487, -0.328519, -0.004293, 0.250144, 0.000000, 0.000000, 0.000000, 1.000000, -0.004002, -0.020163, -0.999789, 0.101355, -0.999230, -0.038949, 0.004785, 0.009585, -0.039037, 0.999038, -0.019992, 0.004437, 0.000000, 0.000000, 0.000000, 1.000000
-19.9645, -56.4105, 6.8841, 455.6973, 524.7031, 65.4102, 250.1319, 101.3547, 9.5854, 4.4372, 0.289345, 0.825825, 0.484037, -0.056411, -0.944492, 0.328508, 0.004120, 0.006884, -0.155607, -0.458361, 0.875038, 0.455697, 0.000000, 0.000000, 0.000000, 1.000000, -0.155500, -0.458399, 0.875037, 0.524703, -0.289345, -0.825825, -0.484037, 0.065410, 0.944510, -0.328455, -0.004220, 0.250132, 0.000000, 0.000000, 0.000000, 1.000000, -0.004002, -0.020163, -0.999789, 0.101355, -0.999230, -0.038949, 0.004785, 0.009585, -0.039037, 0.999038, -0.019992, 0.004437, 0.000000, 0.000000, 0.000000, 1.000000
-19.9614, -56.4127, 6.8906, 455.6982, 524.7040, 65.4124, 250.1255, 101.3547, 9.5854, 4.4372, 0.289296, 0.825836, 0.484048, -0.056413, -0.944504, 0.328473, 0.004082, 0.006891, -0.155626, -0.458366, 0.875032, 0.455698, 0.000000, 0.000000, 0.000000, 1.000000, -0.155518, -0.458404, 0.875031, 0.524704, -0.289295, -0.825836, -0.484048, 0.065412, 0.944522, -0.328421, -0.004182, 0.250125, 0.000000, 0.000000, 0.000000, 1.000000, -0.004002, -0.020163, -0.999789, 0.101355, -0.999230, -0.038949, 0.004785, 0.009585, -0.039037, 0.999038, -0.019992, 0.004437, 0.000000, 0.000000, 0.000000, 1.000000
-19.9548, -56.4175, 6.9048, 455.7003, 524.7061, 65.4171, 250.1112, 101.3547, 9.5854, 4.4372, 0.289190, 0.825860, 0.484071, -0.056417, -0.944530, 0.328399, 0.004000, 0.006905, -0.155665, -0.458377, 0.875019, 0.455700, 0.000000, 0.000000, 0.000000, 1.000000, -0.155557, -0.458415, 0.875019, 0.524706, -0.289190, -0.825860, -0.484072, 0.065417, 0.944548, -0.328347, -0.004100, 0.250111, 0.000000, 0.000000, 0.000000, 1.000000, -0.004002, -0.020163, -0.999789, 0.101355, -0.999230, -0.038949, 0.004785, 0.009585, -0.039037, 0.999038, -0.019992, 0.004437, 0.000000, 0.000000, 0.000000, 1.000000
-19.9513, -56.4200, 6.9125, 455.7015, 524.7072, 65.4196, 250.1035, 101.3547, 9.5854, 4.4372, 0.289134, 0.825872, 0.484083, -0.056420, -0.944544, 0.328360, 0.003958, 0.006913, -0.155685, -0.458383, 0.875013, 0.455701, 0.000000, 0.000000, 0.000000, 1.000000, -0.155577, -0.458421, 0.875012, 0.524707, -0.289134, -0.825872, -0.484084, 0.065420, 0.944562, -0.328308, -0.004058, 0.250103, 0.000000, 0.000000, 0.000000, 1.000000, -0.004002, -0.020163, -0.999789, 0.101355, -0.999230, -0.038949, 0.004785, 0.009585, -0.039037, 0.999038, -0.019992, 0.004437, 0.000000, 0.000000, 0.000000, 1.000000
-19.9439, -56.4253, 6.9292, 455.7040, 524.7098, 65.4249, 250.0868, 101.3547, 9.5854, 4.4372, 0.289016, 0.825898, 0.484109, -0.056425, -0.944574, 0.328277, 0.003870, 0.006929, -0.155726, -0.458395, 0.874999, 0.455704, 0.000000, 0.000000, 0.000000, 1.000000, -0.155618, -0.458433, 0.874998, 0.524710, -0.289016, -0.825898, -0.484110, 0.065425, 0.944591, -0.328225, -0.003970, 0.250087, 0.000000, 0.000000, 0.000000, 1.000000, -0.004002, -0.020163, -0.999789, 0.101355, -0.999230, -0.038949, 0.004785, 0.009585, -0.039037, 0.999038, -0.019992, 0.004437, 0.000000, 0.000000, 0.000000, 1.000000
-19.9361, -56.4309, 6.9475, 455.7069, 524.7127, 65.4305, 250.0685, 101.3547, 9.5854, 4.4372, 0.288891, 0.825926, 0.484137, -0.056431, -0.944605, 0.328188, 0.003777, 0.006948, -0.155768, -0.458409, 0.874984, 0.455707, 0.000000, 0.000000, 0.000000, 1.000000, -0.155660, -0.458447, 0.874984, 0.524713, -0.288891, -0.825926, -0.484137, 0.065431, 0.944623, -0.328136, -0.003877, 0.250068, 0.000000, 0.000000, 0.000000, 1.000000, -0.004002, -0.020163, -0.999789, 0.101355, -0.999230, -0.038949, 0.004786, 0.009585, -0.039037, 0.999038, -0.019992, 0.004437, 0.000000, 0.000000, 0.000000, 1.000000
-19.9321, -56.4339, 6.9572, 455.7084, 524.7142, 65.4335, 250.0588, 101.3547, 9.5854, 4.4372, 0.288826, 0.825940, 0.484151, -0.056434, -0.944621, 0.328142, 0.003730, 0.006957, -0.155790, -0.458416, 0.874977, 0.455708, 0.000000, 0.000000, 0.000000, 1.000000, -0.155682, -0.458454, 0.874976, 0.524714, -0.288826, -0.825940, -0.484151, 0.065433, 0.944639, -0.328090, -0.003830, 0.250059, 0.000000, 0.000000, 0.000000, 1.000000, -0.004002, -0.020163, -0.999789, 0.101355, -0.999230, -0.038949, 0.004786, 0.009585, -0.039037, 0.999038, -0.019992, 0.004437, 0.000000, 0.000000, 0.000000, 1.000000
-19.9280, -56.4369, 6.9672, 455.7100, 524.7158, 65.4365, 250.0487, 101.3547, 9.5854, 4.4372, 0.288760, 0.825955, 0.484165, -0.056437, -0.944638, 0.328095, 0.003681, 0.006967, -0.155812, -0.458424, 0.874969, 0.455710, 0.000000, 0.000000, 0.000000, 1.000000, -0.155704, -0.458462, 0.874968, 0.524716, -0.288760, -0.825955, -0.484166, 0.065437, 0.944656, -0.328042, -0.003781, 0.250049, 0.000000, 0.000000, 0.000000, 1.000000, -0.004002, -0.020163, -0.999789, 0.101355, -0.999230, -0.038949, 0.004786, 0.009585, -0.039037, 0.999038, -0.019992, 0.004437, 0.000000, 0.000000, 0.000000, 1.000000
-19.9195, -56.4432, 6.9883, 455.7135, 524.7192, 65.4428, 250.0277, 101.3547, 9.5854, 4.4372, 0.288623, 0.825986, 0.484195, -0.056443, -0.944672, 0.327996, 0.003581, 0.006988, -0.155856, -0.458439, 0.874953, 0.455713, 0.000000, 0.000000, 0.000000, 1.000000, -0.155748, -0.458477, 0.874952, 0.524719, -0.288623, -0.825985, -0.484196, 0.065443, 0.944690, -0.327944, -0.003681, 0.250028, 0.000000, 0.000000, 0.000000, 1.000000, -0.004002, -0.020163, -0.999789, 0.101355, -0.999230, -0.038949, 0.004786, 0.009585, -0.039037, 0.999038, -0.019992, 0.004437, 0.000000, 0.000000, 0.000000, 1.000000
-19.9106, -56.4497, 7.0106, 455.7171, 524.7229, 65.4493, 250.0054, 101.3547, 9.5854, 4.4372, 0.288480, 0.826017, 0.484226, -0.056450, -0.944708, 0.327893, 0.003478, 0.007011, -0.155901, -0.458456, 0.874936, 0.455717, 0.000000, 0.000000, 0.000000, 1.000000, -0.155793, -0.458494, 0.874935, 0.524723, -0.288480, -0.826017, -0.484226, 0.065449, 0.944726, -0.327841, -0.003578, 0.250005, 0.000000, 0.000000, 0.000000, 1.000000, -0.004002, -0.020163, -0.999789, 0.101355, -0.999230, -0.038949, 0.004786, 0.009585, -0.039037, 0.999038, -0.019992, 0.004437, 0.000000, 0.000000, 0.000000, 1.000000
-19.9061, -56.4531, 7.0221, 455.7190, 524.7248, 65.4527, 249.9939, 101.3547, 9.5854, 4.4372, 0.288407, 0.826034, 0.484241, -0.056453, -0.944727, 0.327840, 0.003426, 0.007022, -0.155924, -0.458464, 0.874928, 0.455719, 0.000000, 0.000000, 0.000000, 1.000000, -0.155816, -0.458502, 0.874927, 0.524725, -0.288407, -0.826033, -0.484242, 0.065453, 0.944745, -0.327788, -0.003526, 0.249994, 0.000000, 0.000000, 0.000000, 1.000000, -0.004002, -0.020163, -0.999789, 0.101355, -0.999230, -0.038949, 0.004786, 0.009585, -0.039037, 0.999038, -0.019992, 0.004437, 0.000000, 0.000000, 0.000000, 1.000000
-19.9061, -56.4531, 7.0221, 455.7190, 524.7248, 65.4527, 249.9939, 101.3547, 9.5854, 4.4372, 0.288407, 0.826034, 0.484241, -0.056453, -0.944727, 0.327840, 0.003426, 0.007022, -0.155924, -0.458464, 0.874928, 0.455719, 0.000000, 0.000000, 0.000000, 1.000000, -0.155816, -0.458502, 0.874927, 0.524725, -0.288407, -0.826033, -0.484242, 0.065453, 0.944745, -0.327788, -0.003526, 0.249994, 0.000000, 0.000000, 0.000000, 1.000000, -0.004002, -0.020163, -0.999789, 0.101355, -0.999230, -0.038949, 0.004786, 0.009585, -0.039037, 0.999038, -0.019992, 0.004437, 0.000000, 0.000000, 0.000000, 1.000000
-19.8875, -56.4670, 7.0707, 455.7271, 524.7329, 65.4667, 249.9454, 101.3547, 9.5854, 4.4372, 0.288106, 0.826101, 0.484306, -0.056467, -0.944804, 0.327621, 0.003212, 0.007071, -0.156016, -0.458500, 0.874893, 0.455727, 0.000000, 0.000000, 0.000000, 1.000000, -0.155908, -0.458538, 0.874892, 0.524733, -0.288106, -0.826100, -0.484307, 0.065467, 0.944821, -0.327569, -0.003312, 0.249945, 0.000000, 0.000000, 0.000000, 1.000000, -0.004002, -0.020163, -0.999789, 0.101355, -0.999230, -0.038949, 0.004786, 0.009585, -0.039037, 0.999038, -0.019992, 0.004437, 0.000000, 0.000000, 0.000000, 1.000000
-19.8780, -56.4742, 7.0960, 455.7314, 524.7372, 65.4739, 249.9201, 101.3547, 9.5854, 4.4372, 0.287952, 0.826135, 0.484339, -0.056474, -0.944843, 0.327509, 0.003103, 0.007096, -0.156062, -0.458518, 0.874875, 0.455731, 0.000000, 0.000000, 0.000000, 1.000000, -0.155954, -0.458556, 0.874874, 0.524737, -0.287952, -0.826135, -0.484340, 0.065474, 0.944861, -0.327456, -0.003203, 0.249920, 0.000000, 0.000000, 0.000000, 1.000000, -0.004002, -0.020163, -0.999789, 0.101355, -0.999230, -0.038949, 0.004786, 0.009585, -0.039037, 0.999038, -0.019992, 0.004437, 0.000000, 0.000000, 0.000000, 1.000000
-19.8684, -56.4815, 7.1218, 455.7358, 524.7415, 65.4811, 249.8944, 101.3547, 9.5854, 4.4372, 0.287796, 0.826170, 0.484373, -0.056481, -0.944883, 0.327395, 0.002994, 0.007122, -0.156108, -0.458537, 0.874857, 0.455736, 0.000000, 0.000000, 0.000000, 1.000000, -0.156000, -0.458575, 0.874856, 0.524742, -0.287796, -0.826169, -0.484373, 0.065481, 0.944901, -0.327343, -0.003093, 0.249894, 0.000000, 0.000000, 0.000000, 1.000000, -0.004002, -0.020163, -0.999789, 0.101355, -0.999230, -0.038949, 0.004786, 0.009585, -0.039037, 0.999038, -0.019992, 0.004437, 0.000000, 0.000000, 0.000000, 1.000000
-19.8636, -56.4852, 7.1349, 455.7380, 524.7437, 65.4848, 249.8813, 101.3547, 9.5854, 4.4372, 0.287718, 0.826187, 0.484389, -0.056485, -0.944903, 0.327338, 0.002939, 0.007135, -0.156131, -0.458547, 0.874848, 0.455738, 0.000000, 0.000000, 0.000000, 1.000000, -0.156023, -0.458584, 0.874847, 0.524744, -0.287718, -0.826187, -0.484390, 0.065485, 0.944921, -0.327285, -0.003039, 0.249881, 0.000000, 0.000000, 0.000000, 1.000000, -0.004002, -0.020163, -0.999789, 0.101355, -0.999230, -0.038949, 0.004786, 0.009585, -0.039037, 0.999038, -0.019992, 0.004437, 0.000000, 0.000000, 0.000000, 1.000000
-19.8539, -56.4925, 7.1612, 455.7425, 524.7482, 65.4921, 249.8551, 101.3547, 9.5854, 4.4372, 0.287562, 0.826222, 0.484423, -0.056492, -0.944943, 0.327223, 0.002830, 0.007161, -0.156176, -0.458566, 0.874829, 0.455743, 0.000000, 0.000000, 0.000000, 1.000000, -0.156069, -0.458604, 0.874829, 0.524748, -0.287561, -0.826222, -0.484423, 0.065492, 0.944961, -0.327170, -0.002929, 0.249855, 0.000000, 0.000000, 0.000000, 1.000000, -0.004002, -0.020163, -0.999789, 0.101355, -0.999230, -0.038949, 0.004786, 0.009585, -0.039037, 0.999038, -0.019992, 0.004437, 0.000000, 0.000000, 0.000000, 1.000000
-19.8491, -56.4962, 7.1744, 455.7448, 524.7505, 65.4958, 249.8419, 101.3547, 9.5854, 4.4372, 0.287483, 0.826240, 0.484439, -0.056496, -0.944963, 0.327165, 0.002775, 0.007174, -0.156198, -0.458575, 0.874820, 0.455745, 0.000000, 0.000000, 0.000000, 1.000000, -0.156091, -0.458613, 0.874820, 0.524750, -0.287483, -0.826239, -0.484440, 0.065496, 0.944981, -0.327113, -0.002875, 0.249842, 0.000000, 0.000000, 0.000000, 1.000000, -0.004002, -0.020163, -0.999789, 0.101355, -0.999230, -0.038949, 0.004786, 0.009585, -0.039037, 0.999038, -0.019992, 0.004437, 0.000000, 0.000000, 0.000000, 1.000000
-19.8395, -56.5035, 7.2009, 455.7493, 524.7550, 65.5031, 249.8155, 101.3547, 9.5854, 4.4372, 0.287327, 0.826274, 0.484473, -0.056504, -0.945003, 0.327050, 0.002667, 0.007201, -0.156243, -0.458595, 0.874802, 0.455749, 0.000000, 0.000000, 0.000000, 1.000000, -0.156136, -0.458632, 0.874802, 0.524755, -0.287327, -0.826274, -0.484473, 0.065503, 0.945021, -0.326998, -0.002766, 0.249815, 0.000000, 0.000000, 0.000000, 1.000000, -0.004002, -0.020163, -0.999789, 0.101355, -0.999230, -0.038949, 0.004786, 0.009585, -0.039037, 0.999038, -0.019992, 0.004437, 0.000000, 0.000000, 0.000000, 1.000000
-19.8299, -56.5109, 7.2275, 455.7539, 524.7596, 65.5105, 249.7890, 101.3547, 9.5854, 4.4372, 0.287171, 0.826309, 0.484506, -0.056511, -0.945043, 0.326935, 0.002559, 0.007228, -0.156287, -0.458614, 0.874784, 0.455754, 0.000000, 0.000000, 0.000000, 1.000000, -0.156180, -0.458652, 0.874784, 0.524760, -0.287171, -0.826309, -0.484506, 0.065510, 0.945061, -0.326883, -0.002658, 0.249789, 0.000000, 0.000000, 0.000000, 1.000000, -0.004002, -0.020163, -0.999789, 0.101355, -0.999230, -0.038949, 0.004786, 0.009585, -0.039037, 0.999038, -0.019992, 0.004437, 0.000000, 0.000000, 0.000000, 1.000000
-19.8252, -56.5145, 7.2408, 455.7562, 524.7619, 65.5142, 249.7757, 101.3547, 9.5854, 4.4372, 0.287093, 0.826327, 0.484522, -0.056515, -0.945063, 0.326877, 0.002506, 0.007241, -0.156309, -0.458624, 0.874775, 0.455756, 0.000000, 0.000000, 0.000000, 1.000000, -0.156202, -0.458661, 0.874775, 0.524762, -0.287093, -0.826326, -0.484523, 0.065514, 0.945081, -0.326825, -0.002605, 0.249776, 0.000000, 0.000000, 0.000000, 1.000000, -0.004002, -0.020163, -0.999789, 0.101355, -0.999230, -0.038949, 0.004786, 0.009585, -0.039037, 0.999038, -0.019992, 0.004437, 0.000000, 0.000000, 0.000000, 1.000000
-19.8157, -56.5218, 7.2674, 455.7608, 524.7664, 65.5215, 249.7493, 101.3547, 9.5854, 4.4372, 0.286939, 0.826361, 0.484555, -0.056522, -0.945103, 0.326763, 0.002399, 0.007267, -0.156352, -0.458643, 0.874758, 0.455761, 0.000000, 0.000000, 0.000000, 1.000000, -0.156245, -0.458680, 0.874757, 0.524766, -0.286939, -0.826361, -0.484556, 0.065521, 0.945121, -0.326711, -0.002498, 0.249749, 0.000000, 0.000000, 0.000000, 1.000000, -0.004002, -0.020163, -0.999789, 0.101355, -0.999230, -0.038949, 0.004786, 0.009585, -0.039037, 0.999038, -0.019992, 0.004437, 0.000000, 0.000000, 0.000000, 1.000000
-19.8110, -56.5255, 7.2806, 455.7631, 524.7687, 65.5251, 249.7361, 101.3547, 9.5854, 4.4372, 0.286862, 0.826378, 0.484571, -0.056525, -0.945123, 0.326706, 0.002347, 0.007281, -0.156373, -0.458652, 0.874749, 0.455763, 0.000000, 0.000000, 0.000000, 1.000000, -0.156267, -0.458690, 0.874748, 0.524769, -0.286862, -0.826378, -0.484572, 0.065525, 0.945141, -0.326655, -0.002445, 0.249736, 0.000000, 0.000000, 0.000000, 1.000000, -0.004002, -0.020163, -0.999789, 0.101355, -0.999230, -0.038949, 0.004786, 0.009585, -0.039037, 0.999038, -0.019992, 0.004437, 0.000000, 0.000000, 0.000000, 1.000000
-19.8017, -56.5327, 7.3069, 455.7676, 524.7732, 65.5323, 249.7099, 101.3547, 9.5854, 4.4372, 0.286710, 0.826412, 0.484603, -0.056533, -0.945162, 0.326594, 0.002242, 0.007307, -0.156416, -0.458671, 0.874731, 0.455768, 0.000000, 0.000000, 0.000000, 1.000000, -0.156309, -0.458709, 0.874731, 0.524773, -0.286710, -0.826412, -0.484604, 0.065532, 0.945180, -0.326542, -0.002341, 0.249710, 0.000000, 0.000000, 0.000000, 1.000000, -0.004002, -0.020163, -0.999789, 0.101355, -0.999230, -0.038949, 0.004786, 0.009585, -0.039037, 0.999038, -0.019992, 0.004437, 0.000000, 0.000000, 0.000000, 1.000000
-19.7970, -56.5362, 7.3200, 455.7698, 524.7755, 65.5359, 249.6969, 101.3547, 9.5854, 4.4372, 0.286634, 0.826429, 0.484619, -0.056536, -0.945182, 0.326538, 0.002190, 0.007320, -0.156436, -0.458681, 0.874723, 0.455770, 0.000000, 0.000000, 0.000000, 1.000000, -0.156330, -0.458718, 0.874722, 0.524775, -0.286634, -0.826429, -0.484620, 0.065536, 0.945199, -0.326486, -0.002289, 0.249697, 0.000000, 0.000000, 0.000000, 1.000000, -0.004002, -0.020163, -0.999789, 0.101355, -0.999230, -0.038949, 0.004786, 0.009585, -0.039037, 0.999038, -0.019992, 0.004437, 0.000000, 0.000000, 0.000000, 1.000000
-19.7924, -56.5398, 7.3330, 455.7721, 524.7777, 65.5394, 249.6839, 101.3547, 9.5854, 4.4372, 0.286559, 0.826446, 0.484635, -0.056540, -0.945201, 0.326482, 0.002139, 0.007333, -0.156457, -0.458690, 0.874714, 0.455772, 0.000000, 0.000000, 0.000000, 1.000000, -0.156351, -0.458728, 0.874713, 0.524778, -0.286559, -0.826445, -0.484636, 0.065539, 0.945219, -0.326430, -0.002237, 0.249684, 0.000000, 0.000000, 0.000000, 1.000000, -0.004002, -0.020163, -0.999789, 0.101355, -0.999230, -0.038949, 0.004786, 0.009585, -0.039037, 0.999038, -0.019992, 0.004437, 0.000000, 0.000000, 0.000000, 1.000000
-19.7833, -56.5468, 7.3588, 455.7766, 524.7822, 65.5465, 249.6583, 101.3547, 9.5854, 4.4372, 0.286410, 0.826479, 0.484666, -0.056547, -0.945239, 0.326372, 0.002037, 0.007359, -0.156498, -0.458709, 0.874697, 0.455777, 0.000000, 0.000000, 0.000000, 1.000000, -0.156392, -0.458746, 0.874696, 0.524782, -0.286410, -0.826479, -0.484667, 0.065546, 0.945257, -0.326320, -0.002135, 0.249658, 0.000000, 0.000000, 0.000000, 1.000000, -0.004002, -0.020163, -0.999789, 0.101355, -0.999230, -0.038949, 0.004786, 0.009585, -0.039037, 0.999038, -0.019992, 0.004437, 0.000000, 0.000000, 0.000000, 1.000000
-19.7743, -56.5538, 7.3842, 455.7810, 524.7866, 65.5534, 249.6329, 101.3547, 9.5854, 4.4372, 0.286263, 0.826512, 0.484697, -0.056554, -0.945277, 0.326263, 0.001936, 0.007384, -0.156539, -0.458727, 0.874680, 0.455781, 0.000000, 0.000000, 0.000000, 1.000000, -0.156433, -0.458765, 0.874679, 0.524787, -0.286263, -0.826511, -0.484698, 0.065553, 0.945295, -0.326211, -0.002034, 0.249633, 0.000000, 0.000000, 0.000000, 1.000000, -0.004002, -0.020163, -0.999789, 0.101355, -0.999230, -0.038949, 0.004786, 0.009585, -0.039037, 0.999038, -0.019992, 0.004437, 0.000000, 0.000000, 0.000000, 1.000000
-19.7655, -56.5607, 7.4094, 455.7853, 524.7909, 65.5603, 249.6079, 101.3547, 9.5854, 4.4372, 0.286118, 0.826544, 0.484728, -0.056561, -0.945314, 0.326155, 0.001837, 0.007409, -0.156578, -0.458746, 0.874663, 0.455785, 0.000000, 0.000000, 0.000000, 1.000000, -0.156473, -0.458783, 0.874663, 0.524791, -0.286118, -0.826544, -0.484728, 0.065560, 0.945332, -0.326104, -0.001934, 0.249608, 0.000000, 0.000000, 0.000000, 1.000000, -0.004002, -0.020163, -0.999789, 0.101355, -0.999230, -0.038949, 0.004786, 0.009585, -0.039037, 0.999038, -0.019992, 0.004437, 0.000000, 0.000000, 0.000000, 1.000000
-19.7611, -56.5641, 7.4218, 455.7874, 524.7930, 65.5637, 249.5956, 101.3547, 9.5854, 4.4372, 0.286047, 0.826560, 0.484743, -0.056564, -0.945333, 0.326102, 0.001788, 0.007422, -0.156598, -0.458755, 0.874655, 0.455787, 0.000000, 0.000000, 0.000000, 1.000000, -0.156493, -0.458792, 0.874654, 0.524793, -0.286047, -0.826560, -0.484743, 0.065564, 0.945350, -0.326051, -0.001885, 0.249596, 0.000000, 0.000000, 0.000000, 1.000000, -0.004002, -0.020163, -0.999789, 0.101355, -0.999230, -0.038949, 0.004786, 0.009585, -0.039037, 0.999038, -0.019992, 0.004437, 0.000000, 0.000000, 0.000000, 1.000000
-19.7524, -56.5708, 7.4463, 455.7917, 524.7972, 65.5704, 249.5711, 101.3547, 9.5854, 4.4372, 0.285905, 0.826592, 0.484773, -0.056571, -0.945369, 0.325997, 0.001690, 0.007446, -0.156637, -0.458772, 0.874639, 0.455792, 0.000000, 0.000000, 0.000000, 1.000000, -0.156532, -0.458809, 0.874638, 0.524797, -0.285905, -0.826591, -0.484773, 0.065570, 0.945387, -0.325946, -0.001788, 0.249571, 0.000000, 0.000000, 0.000000, 1.000000, -0.004002, -0.020163, -0.999789, 0.101355, -0.999230, -0.038949, 0.004786, 0.009585, -0.039037, 0.999038, -0.019992, 0.004437, 0.000000, 0.000000, 0.000000, 1.000000
-19.7481, -56.5741, 7.4585, 455.7938, 524.7993, 65.5737, 249.5591, 101.3547, 9.5854, 4.4372, 0.285834, 0.826607, 0.484787, -0.056574, -0.945387, 0.325945, 0.001642, 0.007458, -0.156656, -0.458781, 0.874631, 0.455794, 0.000000, 0.000000, 0.000000, 1.000000, -0.156551, -0.458818, 0.874630, 0.524799, -0.285834, -0.826607, -0.484788, 0.065574, 0.945405, -0.325894, -0.001739, 0.249559, 0.000000, 0.000000, 0.000000, 1.000000, -0.004002, -0.020163, -0.999789, 0.101355, -0.999230, -0.038949, 0.004786, 0.009585, -0.039037, 0.999038, -0.019992, 0.004437, 0.000000, 0.000000, 0.000000, 1.000000
-19.7396, -56.5807, 7.4824, 455.7979, 524.8034, 65.5803, 249.5353, 101.3547, 9.5854, 4.4372, 0.285695, 0.826638, 0.484816, -0.056581, -0.945423, 0.325842, 0.001547, 0.007482, -0.156695, -0.458799, 0.874615, 0.455798, 0.000000, 0.000000, 0.000000, 1.000000, -0.156590, -0.458835, 0.874614, 0.524803, -0.285695, -0.826638, -0.484817, 0.065580, 0.945440, -0.325791, -0.001644, 0.249535, 0.000000, 0.000000, 0.000000, 1.000000, -0.004002, -0.020163, -0.999789, 0.101355, -0.999230, -0.038949, 0.004786, 0.009585, -0.039037, 0.999038, -0.019992, 0.004437, 0.000000, 0.000000, 0.000000, 1.000000
-19.7354, -56.5839, 7.4943, 455.7999, 524.8054, 65.5835, 249.5235, 101.3547, 9.5854, 4.4372, 0.285627, 0.826654, 0.484831, -0.056584, -0.945441, 0.325791, 0.001500, 0.007494, -0.156714, -0.458807, 0.874607, 0.455800, 0.000000, 0.000000, 0.000000, 1.000000, -0.156609, -0.458844, 0.874606, 0.524805, -0.285627, -0.826653, -0.484832, 0.065584, 0.945458, -0.325740, -0.001597, 0.249524, 0.000000, 0.000000, 0.000000, 1.000000, -0.004002, -0.020163, -0.999789, 0.101355, -0.999230, -0.038949, 0.004786, 0.009585, -0.039037, 0.999038, -0.019992, 0.004437, 0.000000, 0.000000, 0.000000, 1.000000
-19.7271, -56.5903, 7.5176, 455.8039, 524.8094, 65.5899, 249.5003, 101.3547, 9.5854, 4.4372, 0.285491, 0.826684, 0.484859, -0.056590, -0.945476, 0.325690, 0.001406, 0.007518, -0.156751, -0.458824, 0.874591, 0.455804, 0.000000, 0.000000, 0.000000, 1.000000, -0.156647, -0.458861, 0.874590, 0.524809, -0.285490, -0.826684, -0.484860, 0.065590, 0.945493, -0.325639, -0.001503, 0.249500, 0.000000, 0.000000, 0.000000, 1.000000, -0.004002, -0.020163, -0.999789, 0.101355, -0.999230, -0.038949, 0.004786, 0.009585, -0.039037, 0.999038, -0.019992, 0.004437, 0.000000, 0.000000, 0.000000, 1.000000
-19.7229, -56.5935, 7.5291, 455.8059, 524.8114, 65.5931, 249.4889, 101.3547, 9.5854, 4.4372, 0.285423, 0.826699, 0.484874, -0.056593, -0.945493, 0.325640, 0.001360, 0.007529, -0.156770, -0.458833, 0.874583, 0.455806, 0.000000, 0.000000, 0.000000, 1.000000, -0.156666, -0.458869, 0.874583, 0.524811, -0.285423, -0.826699, -0.484874, 0.065593, 0.945510, -0.325589, -0.001456, 0.249489, 0.000000, 0.000000, 0.000000, 1.000000, -0.004002, -0.020163, -0.999789, 0.101355, -0.999230, -0.038949, 0.004786, 0.009585, -0.039037, 0.999038, -0.019992, 0.004437, 0.000000, 0.000000, 0.000000, 1.000000
-19.7148, -56.5997, 7.5519, 455.8098, 524.8153, 65.5994, 249.4662, 101.3547, 9.5854, 4.4372, 0.285290, 0.826729, 0.484902, -0.056600, -0.945527, 0.325541, 0.001268, 0.007552, -0.156807, -0.458849, 0.874568, 0.455810, 0.000000, 0.000000, 0.000000, 1.000000, -0.156704, -0.458886, 0.874567, 0.524815, -0.285290, -0.826728, -0.484902, 0.065599, 0.945544, -0.325491, -0.001364, 0.249466, 0.000000, 0.000000, 0.000000, 1.000000, -0.004002, -0.020163, -0.999789, 0.101355, -0.999230, -0.038949, 0.004786, 0.009585, -0.039037, 0.999038, -0.019992, 0.004437, 0.000000, 0.000000, 0.000000, 1.000000
-19.7027, -56.6090, 7.5854, 455.8155, 524.8210, 65.6086, 249.4330, 101.3547, 9.5854, 4.4372, 0.285092, 0.826772, 0.484943, -0.056609, -0.945577, 0.325396, 0.001132, 0.007585, -0.156863, -0.458874, 0.874545, 0.455815, 0.000000, 0.000000, 0.000000, 1.000000, -0.156759, -0.458910, 0.874545, 0.524821, -0.285092, -0.826772, -0.484944, 0.065609, 0.945594, -0.325345, -0.001227, 0.249433, 0.000000, 0.000000, 0.000000, 1.000000, -0.004002, -0.020163, -0.999789, 0.101355, -0.999230, -0.038949, 0.004785, 0.009585, -0.039037, 0.999038, -0.019992, 0.004437, 0.000000, 0.000000, 0.000000, 1.000000
-19.6948, -56.6154, 7.6136, 455.8210, 524.8265, 65.6151, 249.4049, 101.3547, 9.5854, 4.4372, 0.284961, 0.826802, 0.484970, -0.056615, -0.945613, 0.325292, 0.001052, 0.007614, -0.156887, -0.458894, 0.874530, 0.455821, 0.000000, 0.000000, 0.000000, 1.000000, -0.156784, -0.458930, 0.874530, 0.524826, -0.284961, -0.826802, -0.484970, 0.065615, 0.945630, -0.325242, -0.001148, 0.249405, 0.000000, 0.000000, 0.000000, 1.000000, -0.004002, -0.020163, -0.999789, 0.101355, -0.999230, -0.038949, 0.004785, 0.009585, -0.039037, 0.999038, -0.019992, 0.004437, 0.000000, 0.000000, 0.000000, 1.000000
-19.6909, -56.6188, 7.6306, 455.8246, 524.8300, 65.6185, 249.3879, 101.3547, 9.5854, 4.4372, 0.284895, 0.826817, 0.484983, -0.056619, -0.945632, 0.325237, 0.001018, 0.007631, -0.156893, -0.458905, 0.874523, 0.455825, 0.000000, 0.000000, 0.000000, 1.000000, -0.156790, -0.458942, 0.874522, 0.524830, -0.284894, -0.826817, -0.484984, 0.065618, 0.945649, -0.325187, -0.001113, 0.249388, 0.000000, 0.000000, 0.000000, 1.000000, -0.004002, -0.020163, -0.999789, 0.101355, -0.999230, -0.038949, 0.004785, 0.009585, -0.039037, 0.999038, -0.019992, 0.004437, 0.000000, 0.000000, 0.000000, 1.000000
-19.6832, -56.6255, 7.6634, 455.8314, 524.8369, 65.6252, 249.3550, 101.3547, 9.5854, 4.4372, 0.284764, 0.826847, 0.485009, -0.056626, -0.945669, 0.325130, 0.000948, 0.007663, -0.156907, -0.458928, 0.874509, 0.455831, 0.000000, 0.000000, 0.000000, 1.000000, -0.156804, -0.458964, 0.874508, 0.524837, -0.284764, -0.826846, -0.485010, 0.065625, 0.945686, -0.325079, -0.001044, 0.249355, 0.000000, 0.000000, 0.000000, 1.000000, -0.004002, -0.020163, -0.999789, 0.101355, -0.999230, -0.038949, 0.004785, 0.009585, -0.039037, 0.999038, -0.019992, 0.004437, 0.000000, 0.000000, 0.000000, 1.000000
-19.6794, -56.6288, 7.6793, 455.8347, 524.8401, 65.6284, 249.3392, 101.3547, 9.5854, 4.4372, 0.284699, 0.826861, 0.485022, -0.056629, -0.945687, 0.325077, 0.000913, 0.007679, -0.156914, -0.458939, 0.874501, 0.455835, 0.000000, 0.000000, 0.000000, 1.000000, -0.156811, -0.458975, 0.874501, 0.524840, -0.284699, -0.826861, -0.485023, 0.065628, 0.945704, -0.325027, -0.001009, 0.249339, 0.000000, 0.000000, 0.000000, 1.000000, -0.004002, -0.020163, -0.999789, 0.101355, -0.999230, -0.038949, 0.004785, 0.009585, -0.039037, 0.999038, -0.019992, 0.004437, 0.000000, 0.000000, 0.000000, 1.000000
-19.6718, -56.6353, 7.7097, 455.8409, 524.8464, 65.6349, 249.3088, 101.3547, 9.5854, 4.4372, 0.284572, 0.826890, 0.485048, -0.056635, -0.945723, 0.324974, 0.000843, 0.007710, -0.156931, -0.458960, 0.874487, 0.455841, 0.000000, 0.000000, 0.000000, 1.000000, -0.156828, -0.458997, 0.874487, 0.524846, -0.284572, -0.826890, -0.485048, 0.065635, 0.945740, -0.324923, -0.000938, 0.249309, 0.000000, 0.000000, 0.000000, 1.000000, -0.004002, -0.020163, -0.999789, 0.101355, -0.999230, -0.038949, 0.004785, 0.009585, -0.039037, 0.999038, -0.019992, 0.004437, 0.000000, 0.000000, 0.000000, 1.000000
