# Joint_A_Angle(deg), Cam_X(mm), Cam_Y(mm), Cam_Z(mm), Torso_X(mm), Torso_Y(mm), Torso_Z(mm), EE_X(mm), EE_Y(mm), EE_Z(mm), T_cam2marker_flat(16), T_torso2marker_flat(16), T_ee2marker_flat(16)
-19.9810, -56.9712, 8.7698, 460.6096, 529.6161, 65.9708, 248.2352, 101.3341, 9.6213, 4.4287, 0.287689, 0.812850, 0.506467, -0.056971, -0.946265, 0.322807, 0.019422, 0.008770, -0.147704, -0.484840, 0.862040, 0.460610, 0.000000, 0.000000, 0.000000, 1.000000, -0.147577, -0.484884, 0.862037, 0.529616, -0.287689, -0.812850, -0.506468, 0.065971, 0.946285, -0.322742, -0.019538, 0.248235, 0.000000, 0.000000, 0.000000, 1.000000, -0.003838, -0.020163, -0.999789, 0.101334, -0.999224, -0.039108, 0.004625, 0.009621, -0.039193, 0.999032, -0.019997, 0.004429, 0.000000, 0.000000, 0.000000, 1.000000
-19.9793, -56.9728, 8.7763, 460.6108, 529.6174, 65.9725, 248.2287, 101.3341, 9.6213, 4.4287, 0.287661, 0.812856, 0.506474, -0.056973, -0.946273, 0.322785, 0.019405, 0.008776, -0.147709, -0.484845, 0.862037, 0.460611, 0.000000, 0.000000, 0.000000, 1.000000, -0.147581, -0.484889, 0.862034, 0.529617, -0.287661, -0.812856, -0.506474, 0.065972, 0.946293, -0.322719, -0.019521, 0.248229, 0.000000, 0.000000, 0.000000, 1.000000, -0.003838, -0.020163, -0.999789, 0.101334, -0.999224, -0.039108, 0.004625, 0.009621, -0.039193, 0.999032, -0.019997, 0.004429, 0.000000, 0.000000, 0.000000, 1.000000
-19.9781, -56.9741, 8.7808, 460.6117, 529.6182, 65.9737, 248.2243, 101.3341, 9.6213, 4.4287, 0.287641, 0.812861, 0.506478, -0.056974, -0.946279, 0.322769, 0.019393, 0.008781, -0.147712, -0.484848, 0.862035, 0.460612, 0.000000, 0.000000, 0.000000, 1.000000, -0.147585, -0.484892, 0.862032, 0.529618, -0.287640, -0.812860, -0.506479, 0.065974, 0.946299, -0.322704, -0.019509, 0.248224, 0.000000, 0.000000, 0.000000, 1.000000, -0.003838, -0.020163, -0.999789, 0.101334, -0.999224, -0.039108, 0.004625, 0.009621, -0.039193, 0.999032, -0.019997, 0.004429, 0.000000, 0.000000, 0.000000, 1.000000
-19.9772, -56.9752, 8.7838, 460.6122, 529.6187, 65.9748, 248.2213, 101.3341, 9.6213, 4.4287, 0.287625, 0.812864, 0.506482, -0.056975, -0.946283, 0.322757, 0.019383, 0.008784, -0.147715, -0.484850, 0.862033, 0.460612, 0.000000, 0.000000, 0.000000, 1.000000, -0.147588, -0.484894, 0.862030, 0.529619, -0.287625, -0.812864, -0.506483, 0.065975, 0.946303, -0.322692, -0.019499, 0.248221, 0.000000, 0.000000, 0.000000, 1.000000, -0.003838, -0.020163, -0.999789, 0.101334, -0.999224, -0.039108, 0.004625, 0.009621, -0.039193, 0.999032, -0.019997, 0.004429, 0.000000, 0.000000, 0.000000, 1.000000
-19.9771, -56.9755, 8.7836, 460.6120, 529.6186, 65.9751, 248.2216, 101.3341, 9.6213, 4.4287, 0.287624, 0.812864, 0.506482, -0.056976, -0.946284, 0.322757, 0.019381, 0.008784, -0.147716, -0.484850, 0.862032, 0.460612, 0.000000, 0.000000, 0.000000, 1.000000, -0.147589, -0.484894, 0.862029, 0.529619, -0.287624, -0.812864, -0.506483, 0.065975, 0.946303, -0.322692, -0.019497, 0.248222, 0.000000, 0.000000, 0.000000, 1.000000, -0.003838, -0.020163, -0.999789, 0.101334, -0.999224, -0.039108, 0.004625, 0.009621, -0.039193, 0.999032, -0.019997, 0.004429, 0.000000, 0.000000, 0.000000, 1.000000
-19.9772, -56.9755, 8.7829, 460.6118, 529.6184, 65.9752, 248.2223, 101.3341, 9.6213, 4.4287, 0.287625, 0.812864, 0.506482, -0.056976, -0.946283, 0.322758, 0.019382, 0.008783, -0.147717, -0.484850, 0.862033, 0.460612, 0.000000, 0.000000, 0.000000, 1.000000, -0.147590, -0.484894, 0.862030, 0.529618, -0.287625, -0.812863, -0.506483, 0.065975, 0.946303, -0.322693, -0.019498, 0.248222, 0.000000, 0.000000, 0.000000, 1.000000, -0.003838, -0.020163, -0.999789, 0.101334, -0.999224, -0.039108, 0.004625, 0.009621, -0.039193, 0.999032, -0.019997, 0.004429, 0.000000, 0.000000, 0.000000, 1.000000
-19.9779, -56.9752, 8.7789, 460.6109, 529.6174, 65.9749, 248.2264, 101.3341, 9.6213, 4.4287, 0.287637, 0.812861, 0.506480, -0.056975, -0.946279, 0.322769, 0.019387, 0.008779, -0.147717, -0.484848, 0.862034, 0.460611, 0.000000, 0.000000, 0.000000, 1.000000, -0.147590, -0.484892, 0.862031, 0.529617, -0.287637, -0.812861, -0.506481, 0.065975, 0.946299, -0.322704, -0.019502, 0.248226, 0.000000, 0.000000, 0.000000, 1.000000, -0.003838, -0.020163, -0.999789, 0.101334, -0.999224, -0.039108, 0.004625, 0.009621, -0.039193, 0.999032, -0.019997, 0.004429, 0.000000, 0.000000, 0.000000, 1.000000
-19.9786, -56.9748, 8.7751, 460.6100, 529.6165, 65.9745, 248.2303, 101.3341, 9.6213, 4.4287, 0.287649, 0.812858, 0.506478, -0.056975, -0.946276, 0.322779, 0.019392, 0.008775, -0.147718, -0.484845, 0.862035, 0.460610, 0.000000, 0.000000, 0.000000, 1.000000, -0.147591, -0.484889, 0.862032, 0.529616, -0.287649, -0.812858, -0.506478, 0.065974, 0.946296, -0.322714, -0.019507, 0.248230, 0.000000, 0.000000, 0.000000, 1.000000, -0.003838, -0.020163, -0.999789, 0.101334, -0.999224, -0.039108, 0.004625, 0.009621, -0.039193, 0.999032, -0.019997, 0.004429, 0.000000, 0.000000, 0.000000, 1.000000
-19.9793, -56.9743, 8.7708, 460.6090, 529.6154, 65.9739, 248.2347, 101.3341, 9.6213, 4.4287, 0.287661, 0.812856, 0.506475, -0.056974, -0.946272, 0.322790, 0.019396, 0.008771, -0.147719, -0.484843, 0.862036, 0.460609, 0.000000, 0.000000, 0.000000, 1.000000, -0.147593, -0.484886, 0.862033, 0.529615, -0.287661, -0.812855, -0.506476, 0.065974, 0.946292, -0.322725, -0.019511, 0.248235, 0.000000, 0.000000, 0.000000, 1.000000, -0.003838, -0.020163, -0.999789, 0.101334, -0.999224, -0.039108, 0.004625, 0.009621, -0.039193, 0.999032, -0.019997, 0.004429, 0.000000, 0.000000, 0.000000, 1.000000
-19.9799, -56.9738, 8.7664, 460.6079, 529.6144, 65.9734, 248.2393, 101.3341, 9.6213, 4.4287, 0.287672, 0.812853, 0.506473, -0.056974, -0.946268, 0.322801, 0.019399, 0.008766, -0.147721, -0.484840, 0.862038, 0.460608, 0.000000, 0.000000, 0.000000, 1.000000, -0.147595, -0.484884, 0.862035, 0.529614, -0.287672, -0.812853, -0.506474, 0.065973, 0.946288, -0.322736, -0.019514, 0.248239, 0.000000, 0.000000, 0.000000, 1.000000, -0.003838, -0.020163, -0.999789, 0.101334, -0.999224, -0.039108, 0.004625, 0.009621, -0.039193, 0.999032, -0.019997, 0.004429, 0.000000, 0.000000, 0.000000, 1.000000
-19.9803, -56.9734, 8.7621, 460.6068, 529.6133, 65.9730, 248.2437, 101.3341, 9.6213, 4.4287, 0.287680, 0.812851, 0.506472, -0.056973, -0.946265, 0.322810, 0.019400, 0.008762, -0.147725, -0.484837, 0.862038, 0.460607, 0.000000, 0.000000, 0.000000, 1.000000, -0.147599, -0.484881, 0.862035, 0.529613, -0.287680, -0.812851, -0.506472, 0.065973, 0.946285, -0.322745, -0.019514, 0.248244, 0.000000, 0.000000, 0.000000, 1.000000, -0.003838, -0.020163, -0.999789, 0.101334, -0.999224, -0.039108, 0.004625, 0.009621, -0.039193, 0.999032, -0.019997, 0.004429, 0.000000, 0.000000, 0.000000, 1.000000
-19.9804, -56.9731, 8.7583, 460.6058, 529.6123, 65.9727, 248.2476, 101.3341, 9.6213, 4.4287, 0.287683, 0.812850, 0.506471, -0.056973, -0.946263, 0.322816, 0.019396, 0.008758, -0.147731, -0.484835, 0.862039, 0.460606, 0.000000, 0.000000, 0.000000, 1.000000, -0.147605, -0.484879, 0.862036, 0.529612, -0.287683, -0.812850, -0.506472, 0.065973, 0.946283, -0.322751, -0.019511, 0.248248, 0.000000, 0.000000, 0.000000, 1.000000, -0.003838, -0.020163, -0.999789, 0.101334, -0.999224, -0.039108, 0.004625, 0.009621, -0.039193, 0.999032, -0.019997, 0.004429, 0.000000, 0.000000, 0.000000, 1.000000
-19.9802, -56.9730, 8.7554, 460.6050, 529.6114, 65.9726, 248.2507, 101.3341, 9.6213, 4.4287, 0.287681, 0.812850, 0.506472, -0.056973, -0.946263, 0.322818, 0.019388, 0.008755, -0.147739, -0.484834, 0.862038, 0.460605, 0.000000, 0.000000, 0.000000, 1.000000, -0.147613, -0.484877, 0.862035, 0.529611, -0.287681, -0.812850, -0.506473, 0.065973, 0.946282, -0.322753, -0.019503, 0.248251, 0.000000, 0.000000, 0.000000, 1.000000, -0.003838, -0.020163, -0.999789, 0.101334, -0.999224, -0.039108, 0.004625, 0.009621, -0.039193, 0.999032, -0.019997, 0.004429, 0.000000, 0.000000, 0.000000, 1.000000
-19.9790, -56.9734, 8.7529, 460.6040, 529.6104, 65.9731, 248.2533, 101.3341, 9.6213, 4.4287, 0.287664, 0.812853, 0.506477, -0.056973, -0.946265, 0.322811, 0.019366, 0.008753, -0.147755, -0.484833, 0.862036, 0.460604, 0.000000, 0.000000, 0.000000, 1.000000, -0.147630, -0.484876, 0.862033, 0.529610, -0.287664, -0.812853, -0.506478, 0.065973, 0.946285, -0.322747, -0.019480, 0.248253, 0.000000, 0.000000, 0.000000, 1.000000, -0.003838, -0.020163, -0.999789, 0.101334, -0.999224, -0.039108, 0.004625, 0.009621, -0.039193, 0.999032, -0.019997, 0.004429, 0.000000, 0.000000, 0.000000, 1.000000
-19.9776, -56.9741, 8.7528, 460.6036, 529.6100, 65.9737, 248.2536, 101.3341, 9.6213, 4.4287, 0.287642, 0.812857, 0.506483, -0.056974, -0.946270, 0.322800, 0.019343, 0.008753, -0.147769, -0.484833, 0.862033, 0.460604, 0.000000, 0.000000, 0.000000, 1.000000, -0.147644, -0.484876, 0.862030, 0.529610, -0.287642, -0.812857, -0.506483, 0.065974, 0.946289, -0.322736, -0.019457, 0.248254, 0.000000, 0.000000, 0.000000, 1.000000, -0.003838, -0.020163, -0.999789, 0.101334, -0.999224, -0.039108, 0.004625, 0.009621, -0.039193, 0.999032, -0.019997, 0.004429, 0.000000, 0.000000, 0.000000, 1.000000
-19.9757, -56.9751, 8.7541, 460.6035, 529.6099, 65.9747, 248.2524, 101.3341, 9.6213, 4.4287, 0.287613, 0.812863, 0.506490, -0.056975, -0.946276, 0.322783, 0.019315, 0.008754, -0.147786, -0.484835, 0.862029, 0.460603, 0.000000, 0.000000, 0.000000, 1.000000, -0.147661, -0.484878, 0.862027, 0.529610, -0.287613, -0.812863, -0.506491, 0.065975, 0.946295, -0.322719, -0.019428, 0.248252, 0.000000, 0.000000, 0.000000, 1.000000, -0.003838, -0.020163, -0.999789, 0.101334, -0.999224, -0.039108, 0.004625, 0.009621, -0.039193, 0.999032, -0.019997, 0.004429, 0.000000, 0.000000, 0.000000, 1.000000
-19.9731, -56.9774, 8.7698, 460.6072, 529.6136, 65.9771, 248.2367, 101.3341, 9.6213, 4.4287, 0.287568, 0.812873, 0.506499, -0.056977, -0.946290, 0.322742, 0.019299, 0.008770, -0.147781, -0.484845, 0.862024, 0.460607, 0.000000, 0.000000, 0.000000, 1.000000, -0.147657, -0.484888, 0.862021, 0.529614, -0.287568, -0.812873, -0.506500, 0.065977, 0.946310, -0.322678, -0.019412, 0.248237, 0.000000, 0.000000, 0.000000, 1.000000, -0.003838, -0.020163, -0.999789, 0.101334, -0.999224, -0.039108, 0.004625, 0.009621, -0.039193, 0.999032, -0.019997, 0.004429, 0.000000, 0.000000, 0.000000, 1.000000
-19.9682, -56.9815, 8.7946, 460.6127, 529.6191, 65.9812, 248.2119, 101.3341, 9.6213, 4.4287, 0.287485, 0.812892, 0.506517, -0.056982, -0.946315, 0.322670, 0.019259, 0.008795, -0.147783, -0.484862, 0.862015, 0.460613, 0.000000, 0.000000, 0.000000, 1.000000, -0.147658, -0.484905, 0.862012, 0.529619, -0.287484, -0.812891, -0.506518, 0.065981, 0.946335, -0.322606, -0.019373, 0.248212, 0.000000, 0.000000, 0.000000, 1.000000, -0.003838, -0.020163, -0.999789, 0.101334, -0.999224, -0.039108, 0.004625, 0.009621, -0.039193, 0.999032, -0.019997, 0.004429, 0.000000, 0.000000, 0.000000, 1.000000
-19.9619, -56.9864, 8.8205, 460.6182, 529.6246, 65.9860, 248.1860, 101.3341, 9.6213, 4.4287, 0.287379, 0.812914, 0.506540, -0.056986, -0.946345, 0.322586, 0.019199, 0.008820, -0.147796, -0.484880, 0.862002, 0.460618, 0.000000, 0.000000, 0.000000, 1.000000, -0.147671, -0.484923, 0.861999, 0.529625, -0.287379, -0.812914, -0.506541, 0.065986, 0.946365, -0.322522, -0.019313, 0.248186, 0.000000, 0.000000, 0.000000, 1.000000, -0.003838, -0.020163, -0.999789, 0.101334, -0.999224, -0.039108, 0.004625, 0.009621, -0.039193, 0.999032, -0.019997, 0.004429, 0.000000, 0.000000, 0.000000, 1.000000
-19.9570, -56.9900, 8.8381, 460.6218, 529.6282, 65.9897, 248.1683, 101.3341, 9.6213, 4.4287, 0.287299, 0.812932, 0.506558, -0.056990, -0.946368, 0.322524, 0.019149, 0.008838, -0.147810, -0.484892, 0.861993, 0.460622, 0.000000, 0.000000, 0.000000, 1.000000, -0.147686, -0.484935, 0.861990, 0.529628, -0.287299, -0.812931, -0.506559, 0.065990, 0.946387, -0.322460, -0.019263, 0.248168, 0.000000, 0.000000, 0.000000, 1.000000, -0.003838, -0.020163, -0.999789, 0.101334, -0.999224, -0.039108, 0.004625, 0.009621, -0.039193, 0.999032, -0.019997, 0.004429, 0.000000, 0.000000, 0.000000, 1.000000
-19.9515, -56.9949, 8.8692, 460.6288, 529.6353, 65.9945, 248.1371, 101.3341, 9.6213, 4.4287, 0.287203, 0.812953, 0.506578, -0.056995, -0.946397, 0.322439, 0.019109, 0.008869, -0.147806, -0.484913, 0.861982, 0.460629, 0.000000, 0.000000, 0.000000, 1.000000, -0.147681, -0.484956, 0.861979, 0.529635, -0.287203, -0.812953, -0.506579, 0.065995, 0.946417, -0.322375, -0.019223, 0.248137, 0.000000, 0.000000, 0.000000, 1.000000, -0.003838, -0.020163, -0.999789, 0.101334, -0.999224, -0.039108, 0.004625, 0.009621, -0.039193, 0.999032, -0.019997, 0.004429, 0.000000, 0.000000, 0.000000, 1.000000
-19.9454, -57.0001, 8.8997, 460.6356, 529.6420, 65.9997, 248.1064, 101.3341, 9.6213, 4.4287, 0.287099, 0.812976, 0.506601, -0.057000, -0.946429, 0.322350, 0.019059, 0.008900, -0.147808, -0.484933, 0.861970, 0.460636, 0.000000, 0.000000, 0.000000, 1.000000, -0.147683, -0.484977, 0.861967, 0.529642, -0.287099, -0.812976, -0.506601, 0.066000, 0.946448, -0.322286, -0.019174, 0.248106, 0.000000, 0.000000, 0.000000, 1.000000, -0.003838, -0.020163, -0.999789, 0.101334, -0.999224, -0.039108, 0.004625, 0.009621, -0.039193, 0.999032, -0.019997, 0.004429, 0.000000, 0.000000, 0.000000, 1.000000
-19.9421, -57.0028, 8.9148, 460.6389, 529.6453, 66.0024, 248.0913, 101.3341, 9.6213, 4.4287, 0.287043, 0.812988, 0.506612, -0.057003, -0.946445, 0.322304, 0.019030, 0.008915, -0.147812, -0.484943, 0.861964, 0.460639, 0.000000, 0.000000, 0.000000, 1.000000, -0.147686, -0.484987, 0.861961, 0.529645, -0.287043, -0.812988, -0.506613, 0.066002, 0.946464, -0.322240, -0.019145, 0.248091, 0.000000, 0.000000, 0.000000, 1.000000, -0.003838, -0.020163, -0.999789, 0.101334, -0.999224, -0.039108, 0.004625, 0.009621, -0.039193, 0.999032, -0.019997, 0.004429, 0.000000, 0.000000, 0.000000, 1.000000
-19.9277, -57.0141, 8.9728, 460.6510, 529.6574, 66.0137, 248.0330, 101.3341, 9.6214, 4.4287, 0.286801, 0.813041, 0.506665, -0.057014, -0.946513, 0.322112, 0.018891, 0.008973, -0.147844, -0.484983, 0.861936, 0.460651, 0.000000, 0.000000, 0.000000, 1.000000, -0.147718, -0.485027, 0.861933, 0.529657, -0.286801, -0.813040, -0.506666, 0.066014, 0.946533, -0.322047, -0.019005, 0.248033, 0.000000, 0.000000, 0.000000, 1.000000, -0.003838, -0.020163, -0.999789, 0.101334, -0.999224, -0.039108, 0.004624, 0.009621, -0.039193, 0.999032, -0.019997, 0.004429, 0.000000, 0.000000, 0.000000, 1.000000
-19.9198, -57.0201, 9.0004, 460.6564, 529.6629, 66.0197, 248.0052, 101.3341, 9.6214, 4.4287, 0.286669, 0.813069, 0.506694, -0.057020, -0.946549, 0.322011, 0.018807, 0.009000, -0.147870, -0.485002, 0.861921, 0.460656, 0.000000, 0.000000, 0.000000, 1.000000, -0.147744, -0.485046, 0.861918, 0.529663, -0.286669, -0.813069, -0.506695, 0.066020, 0.946569, -0.321946, -0.018922, 0.248005, 0.000000, 0.000000, 0.000000, 1.000000, -0.003838, -0.020163, -0.999789, 0.101334, -0.999224, -0.039108, 0.004624, 0.009621, -0.039193, 0.999032, -0.019997, 0.004429, 0.000000, 0.000000, 0.000000, 1.000000
-19.9114, -57.0262, 9.0271, 460.6615, 529.6679, 66.0258, 247.9785, 101.3341, 9.6214, 4.4287, 0.286531, 0.813099, 0.506725, -0.057026, -0.946586, 0.321908, 0.018715, 0.009027, -0.147902, -0.485021, 0.861905, 0.460661, 0.000000, 0.000000, 0.000000, 1.000000, -0.147775, -0.485065, 0.861902, 0.529668, -0.286531, -0.813098, -0.506726, 0.066026, 0.946606, -0.321843, -0.018830, 0.247978, 0.000000, 0.000000, 0.000000, 1.000000, -0.003838, -0.020163, -0.999789, 0.101334, -0.999224, -0.039108, 0.004624, 0.009621, -0.039193, 0.999032, -0.019997, 0.004429, 0.000000, 0.000000, 0.000000, 1.000000
-19.9026, -57.0325, 9.0527, 460.6662, 529.6726, 66.0321, 247.9527, 101.3341, 9.6214, 4.4287, 0.286388, 0.813129, 0.506757, -0.057032, -0.946623, 0.321803, 0.018615, 0.009053, -0.147939, -0.485039, 0.861888, 0.460666, 0.000000, 0.000000, 0.000000, 1.000000, -0.147813, -0.485083, 0.861885, 0.529673, -0.286388, -0.813129, -0.506758, 0.066032, 0.946643, -0.321738, -0.018731, 0.247953, 0.000000, 0.000000, 0.000000, 1.000000, -0.003838, -0.020163, -0.999789, 0.101334, -0.999224, -0.039108, 0.004624, 0.009621, -0.039193, 0.999032, -0.019997, 0.004429, 0.000000, 0.000000, 0.000000, 1.000000
-19.8935, -57.0388, 9.0774, 460.6705, 529.6770, 66.0385, 247.9280, 101.3341, 9.6214, 4.4287, 0.286239, 0.813161, 0.506790, -0.057039, -0.946662, 0.321697, 0.018509, 0.009077, -0.147982, -0.485057, 0.861871, 0.460670, 0.000000, 0.000000, 0.000000, 1.000000, -0.147856, -0.485101, 0.861868, 0.529677, -0.286239, -0.813161, -0.506791, 0.066038, 0.946682, -0.321632, -0.018624, 0.247928, 0.000000, 0.000000, 0.000000, 1.000000, -0.003838, -0.020163, -0.999789, 0.101334, -0.999224, -0.039108, 0.004624, 0.009621, -0.039193, 0.999032, -0.019997, 0.004429, 0.000000, 0.000000, 0.000000, 1.000000
-19.8842, -57.0453, 9.1010, 460.6744, 529.6809, 66.0449, 247.9044, 101.3341, 9.6214, 4.4287, 0.286087, 0.813193, 0.506825, -0.057045, -0.946700, 0.321590, 0.018397, 0.009101, -0.148030, -0.485074, 0.861853, 0.460674, 0.000000, 0.000000, 0.000000, 1.000000, -0.147903, -0.485118, 0.861850, 0.529681, -0.286087, -0.813193, -0.506825, 0.066045, 0.946720, -0.321525, -0.018513, 0.247904, 0.000000, 0.000000, 0.000000, 1.000000, -0.003838, -0.020163, -0.999789, 0.101334, -0.999224, -0.039108, 0.004624, 0.009621, -0.039193, 0.999032, -0.019997, 0.004429, 0.000000, 0.000000, 0.000000, 1.000000
-19.8746, -57.0517, 9.1235, 460.6781, 529.6845, 66.0514, 247.8817, 101.3341, 9.6214, 4.4287, 0.285933, 0.813226, 0.506860, -0.057052, -0.946739, 0.321483, 0.018280, 0.009124, -0.148081, -0.485091, 0.861835, 0.460678, 0.000000, 0.000000, 0.000000, 1.000000, -0.147954, -0.485134, 0.861832, 0.529685, -0.285932, -0.813225, -0.506860, 0.066051, 0.946759, -0.321418, -0.018396, 0.247882, 0.000000, 0.000000, 0.000000, 1.000000, -0.003838, -0.020163, -0.999789, 0.101334, -0.999224, -0.039108, 0.004624, 0.009621, -0.039193, 0.999032, -0.019997, 0.004429, 0.000000, 0.000000, 0.000000, 1.000000
-19.8649, -57.0582, 9.1451, 460.6814, 529.6879, 66.0579, 247.8601, 101.3341, 9.6214, 4.4287, 0.285776, 0.813259, 0.506895, -0.057058, -0.946778, 0.321375, 0.018159, 0.009145, -0.148136, -0.485107, 0.861816, 0.460681, 0.000000, 0.000000, 0.000000, 1.000000, -0.148009, -0.485150, 0.861814, 0.529688, -0.285775, -0.813258, -0.506896, 0.066058, 0.946798, -0.321310, -0.018275, 0.247860, 0.000000, 0.000000, 0.000000, 1.000000, -0.003838, -0.020163, -0.999789, 0.101334, -0.999224, -0.039108, 0.004624, 0.009621, -0.039193, 0.999032, -0.019997, 0.004429, 0.000000, 0.000000, 0.000000, 1.000000
-19.8550, -57.0647, 9.1658, 460.6844, 529.6909, 66.0644, 247.8394, 101.3341, 9.6214, 4.4287, 0.285617, 0.813292, 0.506931, -0.057065, -0.946817, 0.321268, 0.018035, 0.009166, -0.148193, -0.485122, 0.861798, 0.460684, 0.000000, 0.000000, 0.000000, 1.000000, -0.148066, -0.485166, 0.861795, 0.529691, -0.285617, -0.813291, -0.506932, 0.066064, 0.946837, -0.321203, -0.018150, 0.247839, 0.000000, 0.000000, 0.000000, 1.000000, -0.003838, -0.020163, -0.999789, 0.101334, -0.999224, -0.039108, 0.004624, 0.009621, -0.039193, 0.999032, -0.019997, 0.004429, 0.000000, 0.000000, 0.000000, 1.000000
-19.8450, -57.0713, 9.1857, 460.6872, 529.6937, 66.0709, 247.8195, 101.3341, 9.6214, 4.4287, 0.285457, 0.813325, 0.506968, -0.057071, -0.946855, 0.321161, 0.017907, 0.009186, -0.148254, -0.485137, 0.861779, 0.460687, 0.000000, 0.000000, 0.000000, 1.000000, -0.148127, -0.485181, 0.861776, 0.529694, -0.285457, -0.813325, -0.506969, 0.066071, 0.946875, -0.321095, -0.018023, 0.247819, 0.000000, 0.000000, 0.000000, 1.000000, -0.003838, -0.020163, -0.999789, 0.101334, -0.999224, -0.039108, 0.004624, 0.009621, -0.039193, 0.999032, -0.019997, 0.004429, 0.000000, 0.000000, 0.000000, 1.000000
-19.8350, -57.0778, 9.2048, 460.6897, 529.6962, 66.0774, 247.8003, 101.3341, 9.6214, 4.4287, 0.285296, 0.813359, 0.507005, -0.057078, -0.946894, 0.321054, 0.017778, 0.009205, -0.148316, -0.485152, 0.861760, 0.460690, 0.000000, 0.000000, 0.000000, 1.000000, -0.148189, -0.485195, 0.861757, 0.529696, -0.285296, -0.813358, -0.507005, 0.066077, 0.946914, -0.320989, -0.017894, 0.247800, 0.000000, 0.000000, 0.000000, 1.000000, -0.003838, -0.020163, -0.999789, 0.101334, -0.999224, -0.039108, 0.004624, 0.009621, -0.039193, 0.999032, -0.019997, 0.004429, 0.000000, 0.000000, 0.000000, 1.000000
-19.8250, -57.0842, 9.2233, 460.6921, 529.6986, 66.0838, 247.7819, 101.3341, 9.6214, 4.4287, 0.285136, 0.813392, 0.507042, -0.057084, -0.946932, 0.320948, 0.017647, 0.009223, -0.148380, -0.485166, 0.861741, 0.460692, 0.000000, 0.000000, 0.000000, 1.000000, -0.148253, -0.485210, 0.861738, 0.529699, -0.285136, -0.813392, -0.507042, 0.066084, 0.946952, -0.320883, -0.017763, 0.247782, 0.000000, 0.000000, 0.000000, 1.000000, -0.003838, -0.020163, -0.999789, 0.101334, -0.999224, -0.039108, 0.004624, 0.009621, -0.039193, 0.999032, -0.019997, 0.004429, 0.000000, 0.000000, 0.000000, 1.000000
-19.8149, -57.0906, 9.2411, 460.6943, 529.7008, 66.0902, 247.7640, 101.3341, 9.6214, 4.4287, 0.284976, 0.813425, 0.507078, -0.057091, -0.946970, 0.320843, 0.017515, 0.009241, -0.148445, -0.485180, 0.861722, 0.460694, 0.000000, 0.000000, 0.000000, 1.000000, -0.148318, -0.485223, 0.861719, 0.529701, -0.284975, -0.813425, -0.507079, 0.066090, 0.946990, -0.320778, -0.017631, 0.247764, 0.000000, 0.000000, 0.000000, 1.000000, -0.003838, -0.020163, -0.999789, 0.101334, -0.999224, -0.039108, 0.004624, 0.009621, -0.039193, 0.999032, -0.019997, 0.004429, 0.000000, 0.000000, 0.000000, 1.000000
-19.8000, -57.1001, 9.2669, 460.6974, 529.7038, 66.0998, 247.7383, 101.3341, 9.6214, 4.4287, 0.284737, 0.813475, 0.507133, -0.057100, -0.947027, 0.320688, 0.017318, 0.009267, -0.148543, -0.485200, 0.861694, 0.460697, 0.000000, 0.000000, 0.000000, 1.000000, -0.148416, -0.485243, 0.861691, 0.529704, -0.284737, -0.813474, -0.507134, 0.066100, 0.947047, -0.320622, -0.017434, 0.247738, 0.000000, 0.000000, 0.000000, 1.000000, -0.003838, -0.020163, -0.999789, 0.101334, -0.999224, -0.039108, 0.004624, 0.009621, -0.039193, 0.999032, -0.019997, 0.004429, 0.000000, 0.000000, 0.000000, 1.000000
-19.7852, -57.1095, 9.2917, 460.7002, 529.7067, 66.1091, 247.7135, 101.3341, 9.6214, 4.4287, 0.284502, 0.813523, 0.507187, -0.057109, -0.947082, 0.320535, 0.017122, 0.009292, -0.148642, -0.485219, 0.861666, 0.460700, 0.000000, 0.000000, 0.000000, 1.000000, -0.148515, -0.485263, 0.861663, 0.529707, -0.284502, -0.813523, -0.507188, 0.066109, 0.947102, -0.320470, -0.017238, 0.247713, 0.000000, 0.000000, 0.000000, 1.000000, -0.003838, -0.020163, -0.999789, 0.101334, -0.999224, -0.039108, 0.004624, 0.009621, -0.039193, 0.999032, -0.019997, 0.004429, 0.000000, 0.000000, 0.000000, 1.000000
-19.7755, -57.1156, 9.3079, 460.7020, 529.7085, 66.1153, 247.6973, 101.3341, 9.6214, 4.4287, 0.284348, 0.813555, 0.507223, -0.057116, -0.947118, 0.320435, 0.016993, 0.009308, -0.148707, -0.485232, 0.861648, 0.460702, 0.000000, 0.000000, 0.000000, 1.000000, -0.148580, -0.485275, 0.861645, 0.529708, -0.284348, -0.813555, -0.507223, 0.066115, 0.947138, -0.320370, -0.017109, 0.247697, 0.000000, 0.000000, 0.000000, 1.000000, -0.003838, -0.020163, -0.999789, 0.101334, -0.999224, -0.039107, 0.004624, 0.009621, -0.039193, 0.999032, -0.019997, 0.004429, 0.000000, 0.000000, 0.000000, 1.000000
-19.7659, -57.1217, 9.3240, 460.7039, 529.7103, 66.1213, 247.6813, 101.3341, 9.6214, 4.4287, 0.284195, 0.813586, 0.507258, -0.057122, -0.947154, 0.320336, 0.016866, 0.009324, -0.148771, -0.485244, 0.861629, 0.460704, 0.000000, 0.000000, 0.000000, 1.000000, -0.148644, -0.485288, 0.861627, 0.529710, -0.284195, -0.813586, -0.507258, 0.066121, 0.947174, -0.320271, -0.016982, 0.247681, 0.000000, 0.000000, 0.000000, 1.000000, -0.003838, -0.020163, -0.999789, 0.101334, -0.999224, -0.039107, 0.004624, 0.009621, -0.039193, 0.999032, -0.019997, 0.004429, 0.000000, 0.000000, 0.000000, 1.000000
-19.7471, -57.1337, 9.3557, 460.7075, 529.7139, 66.1333, 247.6497, 101.3341, 9.6213, 4.4287, 0.283896, 0.813648, 0.507326, -0.057134, -0.947224, 0.320142, 0.016617, 0.009356, -0.148896, -0.485269, 0.861594, 0.460708, 0.000000, 0.000000, 0.000000, 1.000000, -0.148770, -0.485313, 0.861591, 0.529714, -0.283896, -0.813648, -0.507327, 0.066133, 0.947244, -0.320077, -0.016732, 0.247650, 0.000000, 0.000000, 0.000000, 1.000000, -0.003838, -0.020163, -0.999789, 0.101334, -0.999224, -0.039107, 0.004624, 0.009621, -0.039192, 0.999032, -0.019997, 0.004429, 0.000000, 0.000000, 0.000000, 1.000000
-19.7379, -57.1396, 9.3716, 460.7094, 529.7158, 66.1392, 247.6338, 101.3341, 9.6213, 4.4287, 0.283750, 0.813678, 0.507360, -0.057140, -0.947258, 0.320047, 0.016495, 0.009372, -0.148957, -0.485281, 0.861576, 0.460709, 0.000000, 0.000000, 0.000000, 1.000000, -0.148830, -0.485325, 0.861574, 0.529716, -0.283749, -0.813678, -0.507361, 0.066139, 0.947278, -0.319982, -0.016611, 0.247634, 0.000000, 0.000000, 0.000000, 1.000000, -0.003838, -0.020163, -0.999789, 0.101334, -0.999224, -0.039107, 0.004625, 0.009621, -0.039192, 0.999032, -0.019997, 0.004429, 0.000000, 0.000000, 0.000000, 1.000000
-19.7288, -57.1453, 9.3876, 460.7113, 529.7178, 66.1450, 247.6179, 101.3341, 9.6213, 4.4287, 0.283606, 0.813708, 0.507393, -0.057145, -0.947292, 0.319953, 0.016377, 0.009388, -0.149016, -0.485294, 0.861559, 0.460711, 0.000000, 0.000000, 0.000000, 1.000000, -0.148889, -0.485337, 0.861557, 0.529718, -0.283606, -0.813707, -0.507394, 0.066145, 0.947312, -0.319888, -0.016492, 0.247618, 0.000000, 0.000000, 0.000000, 1.000000, -0.003838, -0.020163, -0.999789, 0.101334, -0.999224, -0.039107, 0.004625, 0.009621, -0.039192, 0.999032, -0.019997, 0.004429, 0.000000, 0.000000, 0.000000, 1.000000
-19.7199, -57.1511, 9.4037, 460.7134, 529.7198, 66.1507, 247.6019, 101.3341, 9.6213, 4.4287, 0.283464, 0.813737, 0.507425, -0.057151, -0.947325, 0.319860, 0.016261, 0.009404, -0.149073, -0.485306, 0.861542, 0.460713, 0.000000, 0.000000, 0.000000, 1.000000, -0.148947, -0.485350, 0.861540, 0.529720, -0.283464, -0.813736, -0.507426, 0.066151, 0.947345, -0.319795, -0.016376, 0.247602, 0.000000, 0.000000, 0.000000, 1.000000, -0.003838, -0.020163, -0.999789, 0.101334, -0.999224, -0.039107, 0.004625, 0.009621, -0.039192, 0.999032, -0.019997, 0.004429, 0.000000, 0.000000, 0.000000, 1.000000
-19.7112, -57.1567, 9.4201, 460.7155, 529.7219, 66.1564, 247.5857, 101.3341, 9.6213, 4.4287, 0.283325, 0.813765, 0.507457, -0.057157, -0.947358, 0.319768, 0.016147, 0.009420, -0.149128, -0.485319, 0.861526, 0.460715, 0.000000, 0.000000, 0.000000, 1.000000, -0.149002, -0.485362, 0.861523, 0.529722, -0.283325, -0.813765, -0.507458, 0.066156, 0.947378, -0.319703, -0.016262, 0.247586, 0.000000, 0.000000, 0.000000, 1.000000, -0.003838, -0.020163, -0.999789, 0.101334, -0.999224, -0.039107, 0.004625, 0.009621, -0.039192, 0.999032, -0.019997, 0.004429, 0.000000, 0.000000, 0.000000, 1.000000
-19.6984, -57.1651, 9.4448, 460.7188, 529.7252, 66.1647, 247.5611, 101.3341, 9.6213, 4.4287, 0.283121, 0.813807, 0.507504, -0.057165, -0.947407, 0.319633, 0.015983, 0.009445, -0.149207, -0.485338, 0.861501, 0.460719, 0.000000, 0.000000, 0.000000, 1.000000, -0.149082, -0.485381, 0.861499, 0.529725, -0.283121, -0.813807, -0.507504, 0.066165, 0.947427, -0.319568, -0.016098, 0.247561, 0.000000, 0.000000, 0.000000, 1.000000, -0.003838, -0.020163, -0.999789, 0.101334, -0.999224, -0.039107, 0.004625, 0.009621, -0.039192, 0.999032, -0.019997, 0.004429, 0.000000, 0.000000, 0.000000, 1.000000
-19.6901, -57.1710, 9.4681, 460.7230, 529.7293, 66.1706, 247.5378, 101.3341, 9.6213, 4.4287, 0.282986, 0.813836, 0.507534, -0.057171, -0.947441, 0.319535, 0.015887, 0.009468, -0.149245, -0.485354, 0.861485, 0.460723, 0.000000, 0.000000, 0.000000, 1.000000, -0.149120, -0.485397, 0.861483, 0.529729, -0.282986, -0.813835, -0.507534, 0.066171, 0.947461, -0.319471, -0.016002, 0.247538, 0.000000, 0.000000, 0.000000, 1.000000, -0.003838, -0.020163, -0.999789, 0.101334, -0.999224, -0.039107, 0.004625, 0.009621, -0.039192, 0.999032, -0.019997, 0.004429, 0.000000, 0.000000, 0.000000, 1.000000
-19.6819, -57.1782, 9.5105, 460.7324, 529.7388, 66.1778, 247.4952, 101.3341, 9.6213, 4.4287, 0.282845, 0.813866, 0.507563, -0.057178, -0.947483, 0.319415, 0.015822, 0.009510, -0.149246, -0.485382, 0.861469, 0.460732, 0.000000, 0.000000, 0.000000, 1.000000, -0.149120, -0.485426, 0.861467, 0.529739, -0.282845, -0.813866, -0.507564, 0.066178, 0.947503, -0.319350, -0.015937, 0.247495, 0.000000, 0.000000, 0.000000, 1.000000, -0.003838, -0.020163, -0.999789, 0.101334, -0.999224, -0.039107, 0.004625, 0.009621, -0.039192, 0.999032, -0.019997, 0.004429, 0.000000, 0.000000, 0.000000, 1.000000
-19.6738, -57.1851, 9.5510, 460.7413, 529.7477, 66.1848, 247.4545, 101.3341, 9.6213, 4.4287, 0.282708, 0.813896, 0.507592, -0.057185, -0.947524, 0.319297, 0.015756, 0.009551, -0.149249, -0.485409, 0.861454, 0.460741, 0.000000, 0.000000, 0.000000, 1.000000, -0.149122, -0.485453, 0.861451, 0.529748, -0.282708, -0.813896, -0.507592, 0.066185, 0.947544, -0.319232, -0.015871, 0.247455, 0.000000, 0.000000, 0.000000, 1.000000, -0.003838, -0.020163, -0.999789, 0.101334, -0.999224, -0.039107, 0.004625, 0.009621, -0.039192, 0.999032, -0.019997, 0.004429, 0.000000, 0.000000, 0.000000, 1.000000
-19.6659, -57.1920, 9.5894, 460.7496, 529.7561, 66.1916, 247.4159, 101.3341, 9.6213, 4.4287, 0.282573, 0.813925, 0.507620, -0.057192, -0.947563, 0.319184, 0.015689, 0.009589, -0.149254, -0.485435, 0.861438, 0.460750, 0.000000, 0.000000, 0.000000, 1.000000, -0.149127, -0.485479, 0.861436, 0.529756, -0.282573, -0.813925, -0.507621, 0.066192, 0.947583, -0.319118, -0.015805, 0.247416, 0.000000, 0.000000, 0.000000, 1.000000, -0.003838, -0.020163, -0.999789, 0.101334, -0.999224, -0.039107, 0.004625, 0.009621, -0.039192, 0.999032, -0.019997, 0.004429, 0.000000, 0.000000, 0.000000, 1.000000
-19.6581, -57.1986, 9.6256, 460.7574, 529.7639, 66.1982, 247.3794, 101.3341, 9.6213, 4.4287, 0.282440, 0.813954, 0.507648, -0.057199, -0.947601, 0.319073, 0.015620, 0.009626, -0.149263, -0.485460, 0.861423, 0.460757, 0.000000, 0.000000, 0.000000, 1.000000, -0.149135, -0.485503, 0.861420, 0.529764, -0.282440, -0.813954, -0.507649, 0.066198, 0.947621, -0.319008, -0.015736, 0.247379, 0.000000, 0.000000, 0.000000, 1.000000, -0.003838, -0.020163, -0.999789, 0.101334, -0.999224, -0.039107, 0.004625, 0.009621, -0.039193, 0.999032, -0.019997, 0.004429, 0.000000, 0.000000, 0.000000, 1.000000
-19.6464, -57.2082, 9.6758, 460.7680, 529.7744, 66.2078, 247.3290, 101.3341, 9.6213, 4.4287, 0.282244, 0.813996, 0.507690, -0.057208, -0.947657, 0.318914, 0.015512, 0.009676, -0.149282, -0.485494, 0.861400, 0.460768, 0.000000, 0.000000, 0.000000, 1.000000, -0.149154, -0.485537, 0.861398, 0.529774, -0.282244, -0.813996, -0.507690, 0.066208, 0.947677, -0.318849, -0.015629, 0.247329, 0.000000, 0.000000, 0.000000, 1.000000, -0.003838, -0.020163, -0.999789, 0.101334, -0.999224, -0.039107, 0.004625, 0.009621, -0.039193, 0.999032, -0.019997, 0.004429, 0.000000, 0.000000, 0.000000, 1.000000
-19.6388, -57.2143, 9.7064, 460.7743, 529.7808, 66.2140, 247.2982, 101.3341, 9.6213, 4.4287, 0.282116, 0.814023, 0.507717, -0.057214, -0.947692, 0.318813, 0.015438, 0.009706, -0.149300, -0.485515, 0.861386, 0.460774, 0.000000, 0.000000, 0.000000, 1.000000, -0.149171, -0.485558, 0.861383, 0.529781, -0.282116, -0.814023, -0.507718, 0.066214, 0.947712, -0.318747, -0.015555, 0.247298, 0.000000, 0.000000, 0.000000, 1.000000, -0.003838, -0.020163, -0.999789, 0.101334, -0.999224, -0.039107, 0.004625, 0.009621, -0.039193, 0.999032, -0.019997, 0.004429, 0.000000, 0.000000, 0.000000, 1.000000
-19.6312, -57.2203, 9.7347, 460.7800, 529.7865, 66.2199, 247.2697, 101.3341, 9.6213, 4.4287, 0.281990, 0.814050, 0.507744, -0.057220, -0.947726, 0.318714, 0.015361, 0.009735, -0.149321, -0.485534, 0.861371, 0.460780, 0.000000, 0.000000, 0.000000, 1.000000, -0.149192, -0.485578, 0.861368, 0.529786, -0.281990, -0.814050, -0.507745, 0.066220, 0.947747, -0.318648, -0.015478, 0.247270, 0.000000, 0.000000, 0.000000, 1.000000, -0.003838, -0.020163, -0.999789, 0.101334, -0.999224, -0.039107, 0.004625, 0.009621, -0.039193, 0.999032, -0.019997, 0.004429, 0.000000, 0.000000, 0.000000, 1.000000
-19.6237, -57.2261, 9.7609, 460.7851, 529.7916, 66.2257, 247.2434, 101.3341, 9.6213, 4.4287, 0.281865, 0.814077, 0.507771, -0.057226, -0.947760, 0.318619, 0.015282, 0.009761, -0.149345, -0.485552, 0.861356, 0.460785, 0.000000, 0.000000, 0.000000, 1.000000, -0.149216, -0.485597, 0.861354, 0.529792, -0.281865, -0.814076, -0.507772, 0.066226, 0.947780, -0.318553, -0.015399, 0.247243, 0.000000, 0.000000, 0.000000, 1.000000, -0.003838, -0.020163, -0.999789, 0.101334, -0.999224, -0.039107, 0.004625, 0.009621, -0.039193, 0.999032, -0.019997, 0.004429, 0.000000, 0.000000, 0.000000, 1.000000
-19.6162, -57.2317, 9.7851, 460.7897, 529.7962, 66.2313, 247.2191, 101.3341, 9.6213, 4.4287, 0.281741, 0.814102, 0.507798, -0.057232, -0.947792, 0.318527, 0.015200, 0.009785, -0.149373, -0.485570, 0.861342, 0.460790, 0.000000, 0.000000, 0.000000, 1.000000, -0.149244, -0.485614, 0.861339, 0.529796, -0.281741, -0.814102, -0.507799, 0.066231, 0.947812, -0.318461, -0.015318, 0.247219, 0.000000, 0.000000, 0.000000, 1.000000, -0.003838, -0.020163, -0.999789, 0.101334, -0.999224, -0.039107, 0.004625, 0.009621, -0.039193, 0.999032, -0.019997, 0.004429, 0.000000, 0.000000, 0.000000, 1.000000
-19.6050, -57.2398, 9.8177, 460.7957, 529.8022, 66.2395, 247.1863, 101.3341, 9.6214, 4.4287, 0.281558, 0.814141, 0.507838, -0.057240, -0.947839, 0.318394, 0.015073, 0.009818, -0.149421, -0.485593, 0.861320, 0.460796, 0.000000, 0.000000, 0.000000, 1.000000, -0.149291, -0.485637, 0.861318, 0.529802, -0.281558, -0.814140, -0.507839, 0.066239, 0.947859, -0.318327, -0.015191, 0.247186, 0.000000, 0.000000, 0.000000, 1.000000, -0.003838, -0.020163, -0.999789, 0.101334, -0.999224, -0.039108, 0.004625, 0.009621, -0.039193, 0.999032, -0.019997, 0.004429, 0.000000, 0.000000, 0.000000, 1.000000
-19.5939, -57.2477, 9.8466, 460.8006, 529.8071, 66.2473, 247.1573, 101.3341, 9.6214, 4.4287, 0.281377, 0.814178, 0.507879, -0.057248, -0.947884, 0.318265, 0.014941, 0.009847, -0.149476, -0.485614, 0.861299, 0.460801, 0.000000, 0.000000, 0.000000, 1.000000, -0.149346, -0.485659, 0.861296, 0.529807, -0.281377, -0.814178, -0.507880, 0.066247, 0.947904, -0.318199, -0.015059, 0.247157, 0.000000, 0.000000, 0.000000, 1.000000, -0.003838, -0.020163, -0.999789, 0.101334, -0.999224, -0.039108, 0.004624, 0.009621, -0.039193, 0.999032, -0.019997, 0.004429, 0.000000, 0.000000, 0.000000, 1.000000
-19.5864, -57.2532, 9.8704, 460.8052, 529.8117, 66.2528, 247.1332, 101.3341, 9.6214, 4.4287, 0.281254, 0.814204, 0.507906, -0.057253, -0.947916, 0.318173, 0.014859, 0.009870, -0.149504, -0.485631, 0.861284, 0.460805, 0.000000, 0.000000, 0.000000, 1.000000, -0.149373, -0.485676, 0.861282, 0.529812, -0.281254, -0.814203, -0.507906, 0.066253, 0.947937, -0.318107, -0.014978, 0.247133, 0.000000, 0.000000, 0.000000, 1.000000, -0.003838, -0.020163, -0.999789, 0.101334, -0.999224, -0.039108, 0.004624, 0.009621, -0.039193, 0.999032, -0.019997, 0.004429, 0.000000, 0.000000, 0.000000, 1.000000
-19.5790, -57.2590, 9.8988, 460.8110, 529.8176, 66.2586, 247.1046, 101.3341, 9.6214, 4.4287, 0.281130, 0.814230, 0.507933, -0.057259, -0.947950, 0.318076, 0.014785, 0.009899, -0.149523, -0.485651, 0.861270, 0.460811, 0.000000, 0.000000, 0.000000, 1.000000, -0.149392, -0.485696, 0.861268, 0.529818, -0.281130, -0.814230, -0.507933, 0.066259, 0.947970, -0.318009, -0.014904, 0.247105, 0.000000, 0.000000, 0.000000, 1.000000, -0.003838, -0.020163, -0.999789, 0.101334, -0.999224, -0.039108, 0.004624, 0.009621, -0.039193, 0.999032, -0.019997, 0.004429, 0.000000, 0.000000, 0.000000, 1.000000
-19.5716, -57.2646, 9.9249, 460.8163, 529.8228, 66.2642, 247.0783, 101.3341, 9.6214, 4.4287, 0.281007, 0.814256, 0.507959, -0.057265, -0.947983, 0.317982, 0.014708, 0.009925, -0.149546, -0.485670, 0.861256, 0.460816, 0.000000, 0.000000, 0.000000, 1.000000, -0.149415, -0.485714, 0.861253, 0.529823, -0.281007, -0.814256, -0.507960, 0.066264, 0.948003, -0.317915, -0.014827, 0.247078, 0.000000, 0.000000, 0.000000, 1.000000, -0.003838, -0.020163, -0.999789, 0.101334, -0.999224, -0.039108, 0.004624, 0.009621, -0.039193, 0.999032, -0.019997, 0.004429, 0.000000, 0.000000, 0.000000, 1.000000
-19.5642, -57.2700, 9.9486, 460.8208, 529.8274, 66.2696, 247.0543, 101.3341, 9.6214, 4.4287, 0.280884, 0.814281, 0.507986, -0.057270, -0.948015, 0.317891, 0.014627, 0.009949, -0.149574, -0.485687, 0.861241, 0.460821, 0.000000, 0.000000, 0.000000, 1.000000, -0.149442, -0.485731, 0.861239, 0.529827, -0.280884, -0.814281, -0.507987, 0.066270, 0.948035, -0.317823, -0.014746, 0.247054, 0.000000, 0.000000, 0.000000, 1.000000, -0.003838, -0.020163, -0.999789, 0.101334, -0.999224, -0.039108, 0.004624, 0.009621, -0.039193, 0.999032, -0.019997, 0.004429, 0.000000, 0.000000, 0.000000, 1.000000
-19.5568, -57.2753, 9.9702, 460.8248, 529.8314, 66.2749, 247.0325, 101.3341, 9.6214, 4.4287, 0.280763, 0.814306, 0.508013, -0.057275, -0.948045, 0.317802, 0.014543, 0.009970, -0.149605, -0.485702, 0.861227, 0.460825, 0.000000, 0.000000, 0.000000, 1.000000, -0.149473, -0.485747, 0.861224, 0.529831, -0.280763, -0.814306, -0.508013, 0.066275, 0.948066, -0.317735, -0.014663, 0.247033, 0.000000, 0.000000, 0.000000, 1.000000, -0.003838, -0.020163, -0.999789, 0.101334, -0.999224, -0.039108, 0.004624, 0.009621, -0.039193, 0.999032, -0.019997, 0.004429, 0.000000, 0.000000, 0.000000, 1.000000
-19.5495, -57.2804, 9.9897, 460.8283, 529.8349, 66.2801, 247.0128, 101.3341, 9.6214, 4.4287, 0.280643, 0.814331, 0.508039, -0.057280, -0.948076, 0.317716, 0.014456, 0.009990, -0.149641, -0.485717, 0.861212, 0.460828, 0.000000, 0.000000, 0.000000, 1.000000, -0.149508, -0.485762, 0.861210, 0.529835, -0.280643, -0.814331, -0.508040, 0.066280, 0.948096, -0.317649, -0.014576, 0.247013, 0.000000, 0.000000, 0.000000, 1.000000, -0.003838, -0.020163, -0.999789, 0.101334, -0.999224, -0.039108, 0.004624, 0.009621, -0.039193, 0.999032, -0.019997, 0.004429, 0.000000, 0.000000, 0.000000, 1.000000
-19.5384, -57.2879, 10.0155, 460.8325, 529.8392, 66.2875, 246.9867, 101.3341, 9.6214, 4.4287, 0.280463, 0.814368, 0.508080, -0.057288, -0.948119, 0.317592, 0.014320, 0.010016, -0.149701, -0.485736, 0.861191, 0.460833, 0.000000, 0.000000, 0.000000, 1.000000, -0.149568, -0.485782, 0.861189, 0.529839, -0.280463, -0.814368, -0.508081, 0.066288, 0.948140, -0.317524, -0.014440, 0.246987, 0.000000, 0.000000, 0.000000, 1.000000, -0.003838, -0.020163, -0.999789, 0.101334, -0.999224, -0.039108, 0.004624, 0.009621, -0.039193, 0.999032, -0.019997, 0.004429, 0.000000, 0.000000, 0.000000, 1.000000
-19.5346, -57.2903, 10.0234, 460.8337, 529.8404, 66.2900, 246.9788, 101.3341, 9.6214, 4.4287, 0.280403, 0.814380, 0.508093, -0.057290, -0.948134, 0.317551, 0.014273, 0.010023, -0.149722, -0.485743, 0.861184, 0.460834, 0.000000, 0.000000, 0.000000, 1.000000, -0.149589, -0.485788, 0.861181, 0.529840, -0.280403, -0.814380, -0.508094, 0.066290, 0.948155, -0.317483, -0.014394, 0.246979, 0.000000, 0.000000, 0.000000, 1.000000, -0.003838, -0.020163, -0.999789, 0.101334, -0.999224, -0.039108, 0.004624, 0.009621, -0.039193, 0.999032, -0.019997, 0.004429, 0.000000, 0.000000, 0.000000, 1.000000
-19.5234, -57.2975, 10.0448, 460.8368, 529.8435, 66.2971, 246.9571, 101.3341, 9.6214, 4.4287, 0.280223, 0.814417, 0.508134, -0.057297, -0.948176, 0.317432, 0.014128, 0.010045, -0.149792, -0.485760, 0.861162, 0.460837, 0.000000, 0.000000, 0.000000, 1.000000, -0.149658, -0.485805, 0.861160, 0.529843, -0.280223, -0.814416, -0.508135, 0.066297, 0.948197, -0.317363, -0.014250, 0.246957, 0.000000, 0.000000, 0.000000, 1.000000, -0.003838, -0.020163, -0.999789, 0.101334, -0.999224, -0.039108, 0.004624, 0.009621, -0.039193, 0.999032, -0.019997, 0.004429, 0.000000, 0.000000, 0.000000, 1.000000
