# Joint_6_Angle(deg), Cam_X(mm), Cam_Y(mm), Cam_Z(mm), Torso_X(mm), Torso_Y(mm), Torso_Z(mm), EE_X(mm), EE_Y(mm), EE_Z(mm), T_cam2marker_flat(16), T_torso2marker_flat(16), T_ee2marker_flat(16)
-29.9999, 61.0268, -35.1268, 195.7655, 217.7724, -61.0271, 235.1615, 135.5772, 12.2467, 66.6341, 0.878796, 0.414875, 0.235788, 0.061027, -0.444689, 0.891228, 0.089244, -0.035127, -0.173115, -0.183280, 0.967698, 0.195766, 0.000000, 0.000000, 0.000000, 1.000000, -0.173029, -0.183457, 0.967680, 0.217772, -0.878796, -0.414875, -0.235789, -0.061027, 0.444723, -0.891192, -0.089436, 0.235162, 0.000000, 0.000000, 0.000000, 1.000000, -0.011312, -0.010682, -0.999879, 0.135577, -0.999382, -0.033150, 0.011661, 0.012247, -0.033270, 0.999393, -0.010300, 0.066634, 0.000000, 0.000000, 0.000000, 1.000000
-30.0002, 61.0274, -35.1277, 195.7650, 217.7719, -61.0278, 235.1625, 135.5773, 12.2463, 66.6341, 0.878798, 0.414870, 0.235788, 0.061027, -0.444684, 0.891231, 0.089242, -0.035128, -0.173117, -0.183277, 0.967698, 0.195765, 0.000000, 0.000000, 0.000000, 1.000000, -0.173031, -0.183454, 0.967680, 0.217772, -0.878798, -0.414870, -0.235790, -0.061028, 0.444718, -0.891194, -0.089433, 0.235162, 0.000000, 0.000000, 0.000000, 1.000000, -0.011312, -0.010682, -0.999879, 0.135577, -0.999382, -0.033150, 0.011661, 0.012246, -0.033270, 0.999393, -0.010300, 0.066634, 0.000000, 0.000000, 0.000000, 1.000000
-30.0002, 61.0274, -35.1277, 195.7650, 217.7719, -61.0278, 235.1625, 135.5773, 12.2463, 66.6341, 0.878798, 0.414870, 0.235788, 0.061027, -0.444684, 0.891231, 0.089242, -0.035128, -0.173117, -0.183277, 0.967698, 0.195765, 0.000000, 0.000000, 0.000000, 1.000000, -0.173031, -0.183454, 0.967680, 0.217772, -0.878798, -0.414870, -0.235790, -0.061028, 0.444718, -0.891194, -0.089433, 0.235162, 0.000000, 0.000000, 0.000000, 1.000000, -0.011312, -0.010682, -0.999879, 0.135577, -0.999382, -0.033150, 0.011661, 0.012246, -0.033270, 0.999393, -0.010300, 0.066634, 0.000000, 0.000000, 0.000000, 1.000000
-30.0007, 61.0288, -35.1305, 195.7633, 217.7701, -61.0292, 235.1653, 135.5777, 12.2454, 66.6339, 0.878803, 0.414861, 0.235789, 0.061029, -0.444673, 0.891237, 0.089235, -0.035130, -0.173123, -0.183269, 0.967699, 0.195763, 0.000000, 0.000000, 0.000000, 1.000000, -0.173037, -0.183446, 0.967681, 0.217770, -0.878802, -0.414861, -0.235790, -0.061029, 0.444708, -0.891200, -0.089426, 0.235165, 0.000000, 0.000000, 0.000000, 1.000000, -0.011312, -0.010682, -0.999879, 0.135578, -0.999382, -0.033150, 0.011661, 0.012245, -0.033270, 0.999393, -0.010300, 0.066634, 0.000000, 0.000000, 0.000000, 1.000000
-30.0007, 61.0288, -35.1305, 195.7633, 217.7701, -61.0292, 235.1653, 135.5777, 12.2454, 66.6339, 0.878803, 0.414861, 0.235789, 0.061029, -0.444673, 0.891237, 0.089235, -0.035130, -0.173123, -0.183269, 0.967699, 0.195763, 0.000000, 0.000000, 0.000000, 1.000000, -0.173037, -0.183446, 0.967681, 0.217770, -0.878802, -0.414861, -0.235790, -0.061029, 0.444708, -0.891200, -0.089426, 0.235165, 0.000000, 0.000000, 0.000000, 1.000000, -0.011312, -0.010682, -0.999879, 0.135578, -0.999382, -0.033150, 0.011661, 0.012245, -0.033270, 0.999393, -0.010300, 0.066634, 0.000000, 0.000000, 0.000000, 1.000000
-30.0011, 61.0295, -35.1305, 195.7635, 217.7703, -61.0299, 235.1653, 135.5776, 12.2450, 66.6340, 0.878805, 0.414856, 0.235789, 0.061030, -0.444668, 0.891239, 0.089236, -0.035131, -0.173124, -0.183269, 0.967699, 0.195763, 0.000000, 0.000000, 0.000000, 1.000000, -0.173038, -0.183445, 0.967681, 0.217770, -0.878805, -0.414855, -0.235790, -0.061030, 0.444702, -0.891203, -0.089427, 0.235165, 0.000000, 0.000000, 0.000000, 1.000000, -0.011313, -0.010682, -0.999879, 0.135578, -0.999382, -0.033150, 0.011661, 0.012245, -0.033270, 0.999393, -0.010300, 0.066634, 0.000000, 0.000000, 0.000000, 1.000000
-30.0012, 61.0294, -35.1290, 195.7647, 217.7715, -61.0298, 235.1638, 135.5773, 12.2451, 66.6342, 0.878806, 0.414855, 0.235788, 0.061029, -0.444668, 0.891239, 0.089242, -0.035129, -0.173121, -0.183274, 0.967698, 0.195765, 0.000000, 0.000000, 0.000000, 1.000000, -0.173035, -0.183450, 0.967680, 0.217771, -0.878805, -0.414854, -0.235790, -0.061030, 0.444702, -0.891202, -0.089433, 0.235164, 0.000000, 0.000000, 0.000000, 1.000000, -0.011313, -0.010682, -0.999879, 0.135577, -0.999382, -0.033150, 0.011661, 0.012245, -0.033270, 0.999393, -0.010300, 0.066634, 0.000000, 0.000000, 0.000000, 1.000000
-30.0014, 61.0293, -35.1264, 195.7668, 217.7736, -61.0296, 235.1612, 135.5767, 12.2453, 66.6345, 0.878806, 0.414853, 0.235788, 0.061029, -0.444668, 0.891238, 0.089251, -0.035126, -0.173117, -0.183282, 0.967697, 0.195767, 0.000000, 0.000000, 0.000000, 1.000000, -0.173031, -0.183459, 0.967679, 0.217774, -0.878806, -0.414853, -0.235790, -0.061030, 0.444702, -0.891201, -0.089442, 0.235161, 0.000000, 0.000000, 0.000000, 1.000000, -0.011313, -0.010682, -0.999879, 0.135577, -0.999382, -0.033150, 0.011661, 0.012245, -0.033270, 0.999393, -0.010300, 0.066635, 0.000000, 0.000000, 0.000000, 1.000000
-30.0014, 61.0290, -35.1243, 195.7684, 217.7753, -61.0294, 235.1590, 135.5762, 12.2455, 66.6347, 0.878807, 0.414853, 0.235788, 0.061029, -0.444669, 0.891236, 0.089258, -0.035124, -0.173113, -0.183288, 0.967697, 0.195768, 0.000000, 0.000000, 0.000000, 1.000000, -0.173027, -0.183465, 0.967679, 0.217775, -0.878806, -0.414853, -0.235789, -0.061029, 0.444704, -0.891200, -0.089450, 0.235159, 0.000000, 0.000000, 0.000000, 1.000000, -0.011313, -0.010682, -0.999879, 0.135576, -0.999382, -0.033150, 0.011661, 0.012245, -0.033270, 0.999393, -0.010300, 0.066635, 0.000000, 0.000000, 0.000000, 1.000000
-30.0013, 61.0285, -35.1226, 195.7697, 217.7766, -61.0289, 235.1574, 135.5759, 12.2458, 66.6349, 0.878805, 0.414856, 0.235788, 0.061029, -0.444673, 0.891234, 0.089264, -0.035123, -0.173111, -0.183294, 0.967696, 0.195770, 0.000000, 0.000000, 0.000000, 1.000000, -0.173024, -0.183471, 0.967678, 0.217777, -0.878805, -0.414855, -0.235789, -0.061029, 0.444707, -0.891198, -0.089455, 0.235157, 0.000000, 0.000000, 0.000000, 1.000000, -0.011313, -0.010682, -0.999879, 0.135576, -0.999382, -0.033150, 0.011661, 0.012246, -0.033270, 0.999393, -0.010300, 0.066635, 0.000000, 0.000000, 0.000000, 1.000000
-30.0012, 61.0282, -35.1220, 195.7702, 217.7771, -61.0285, 235.1567, 135.5758, 12.2461, 66.6349, 0.878804, 0.414858, 0.235788, 0.061028, -0.444676, 0.891232, 0.089265, -0.035122, -0.173109, -0.183296, 0.967696, 0.195770, 0.000000, 0.000000, 0.000000, 1.000000, -0.173023, -0.183473, 0.967678, 0.217777, -0.878804, -0.414858, -0.235789, -0.061029, 0.444710, -0.891196, -0.089457, 0.235157, 0.000000, 0.000000, 0.000000, 1.000000, -0.011313, -0.010682, -0.999879, 0.135576, -0.999382, -0.033150, 0.011661, 0.012246, -0.033270, 0.999393, -0.010300, 0.066635, 0.000000, 0.000000, 0.000000, 1.000000
-30.0006, 61.0270, -35.1208, 195.7710, 217.7778, -61.0274, 235.1554, 135.5757, 12.2468, 66.6350, 0.878800, 0.414867, 0.235788, 0.061027, -0.444685, 0.891228, 0.089268, -0.035121, -0.173107, -0.183300, 0.967696, 0.195771, 0.000000, 0.000000, 0.000000, 1.000000, -0.173020, -0.183477, 0.967678, 0.217778, -0.878800, -0.414866, -0.235790, -0.061027, 0.444719, -0.891191, -0.089459, 0.235155, 0.000000, 0.000000, 0.000000, 1.000000, -0.011312, -0.010682, -0.999879, 0.135576, -0.999382, -0.033150, 0.011661, 0.012247, -0.033270, 0.999393, -0.010300, 0.066635, 0.000000, 0.000000, 0.000000, 1.000000
-30.0002, 61.0262, -35.1202, 195.7713, 217.7781, -61.0266, 235.1549, 135.5757, 12.2473, 66.6349, 0.878797, 0.414873, 0.235788, 0.061026, -0.444691, 0.891224, 0.089268, -0.035120, -0.173105, -0.183301, 0.967696, 0.195771, 0.000000, 0.000000, 0.000000, 1.000000, -0.173019, -0.183479, 0.967678, 0.217778, -0.878797, -0.414873, -0.235790, -0.061027, 0.444726, -0.891188, -0.089460, 0.235155, 0.000000, 0.000000, 0.000000, 1.000000, -0.011312, -0.010682, -0.999879, 0.135576, -0.999382, -0.033150, 0.011661, 0.012247, -0.033270, 0.999393, -0.010300, 0.066635, 0.000000, 0.000000, 0.000000, 1.000000
-29.9991, 61.0241, -35.1192, 195.7717, 217.7786, -61.0244, 235.1538, 135.5757, 12.2486, 66.6348, 0.878789, 0.414891, 0.235789, 0.061024, -0.444709, 0.891215, 0.089268, -0.035119, -0.173102, -0.183305, 0.967696, 0.195772, 0.000000, 0.000000, 0.000000, 1.000000, -0.173016, -0.183482, 0.967678, 0.217779, -0.878788, -0.414891, -0.235790, -0.061024, 0.444744, -0.891179, -0.089459, 0.235154, 0.000000, 0.000000, 0.000000, 1.000000, -0.011312, -0.010682, -0.999879, 0.135576, -0.999382, -0.033150, 0.011660, 0.012249, -0.033270, 0.999393, -0.010301, 0.066635, 0.000000, 0.000000, 0.000000, 1.000000
-29.9983, 61.0227, -35.1186, 195.7719, 217.7787, -61.0230, 235.1532, 135.5758, 12.2495, 66.6347, 0.878783, 0.414903, 0.235789, 0.061023, -0.444721, 0.891210, 0.089267, -0.035119, -0.173100, -0.183306, 0.967696, 0.195772, 0.000000, 0.000000, 0.000000, 1.000000, -0.173014, -0.183484, 0.967678, 0.217779, -0.878783, -0.414902, -0.235791, -0.061023, 0.444756, -0.891173, -0.089459, 0.235153, 0.000000, 0.000000, 0.000000, 1.000000, -0.011311, -0.010682, -0.999879, 0.135576, -0.999382, -0.033150, 0.011660, 0.012249, -0.033270, 0.999393, -0.010301, 0.066635, 0.000000, 0.000000, 0.000000, 1.000000
-29.9963, 61.0190, -35.1174, 195.7721, 217.7789, -61.0194, 235.1520, 135.5760, 12.2517, 66.6345, 0.878768, 0.414933, 0.235790, 0.061019, -0.444752, 0.891195, 0.089264, -0.035117, -0.173096, -0.183310, 0.967696, 0.195772, 0.000000, 0.000000, 0.000000, 1.000000, -0.173009, -0.183487, 0.967678, 0.217779, -0.878768, -0.414933, -0.235791, -0.061019, 0.444786, -0.891158, -0.089456, 0.235152, 0.000000, 0.000000, 0.000000, 1.000000, -0.011310, -0.010683, -0.999879, 0.135576, -0.999382, -0.033150, 0.011659, 0.012252, -0.033270, 0.999393, -0.010301, 0.066634, 0.000000, 0.000000, 0.000000, 1.000000
-29.9936, 61.0143, -35.1159, 195.7722, 217.7791, -61.0146, 235.1505, 135.5763, 12.2546, 66.6341, 0.878749, 0.414973, 0.235791, 0.061014, -0.444792, 0.891175, 0.089259, -0.035116, -0.173090, -0.183314, 0.967696, 0.195772, 0.000000, 0.000000, 0.000000, 1.000000, -0.173004, -0.183492, 0.967678, 0.217779, -0.878749, -0.414973, -0.235792, -0.061015, 0.444826, -0.891139, -0.089451, 0.235151, 0.000000, 0.000000, 0.000000, 1.000000, -0.011309, -0.010683, -0.999879, 0.135576, -0.999382, -0.033150, 0.011658, 0.012255, -0.033270, 0.999393, -0.010302, 0.066634, 0.000000, 0.000000, 0.000000, 1.000000
-29.9920, 61.0114, -35.1151, 195.7723, 217.7791, -61.0117, 235.1497, 135.5765, 12.2563, 66.6339, 0.878738, 0.414997, 0.235791, 0.061011, -0.444816, 0.891163, 0.089257, -0.035115, -0.173087, -0.183317, 0.967696, 0.195772, 0.000000, 0.000000, 0.000000, 1.000000, -0.173000, -0.183494, 0.967678, 0.217779, -0.878737, -0.414997, -0.235793, -0.061012, 0.444850, -0.891127, -0.089449, 0.235150, 0.000000, 0.000000, 0.000000, 1.000000, -0.011309, -0.010684, -0.999879, 0.135577, -0.999382, -0.033150, 0.011657, 0.012256, -0.033270, 0.999393, -0.010302, 0.066634, 0.000000, 0.000000, 0.000000, 1.000000
-29.9882, 61.0046, -35.1130, 195.7724, 217.7793, -61.0049, 235.1475, 135.5769, 12.2605, 66.6334, 0.878710, 0.415054, 0.235792, 0.061005, -0.444873, 0.891136, 0.089250, -0.035113, -0.173079, -0.183323, 0.967696, 0.195772, 0.000000, 0.000000, 0.000000, 1.000000, -0.172992, -0.183501, 0.967678, 0.217779, -0.878710, -0.415054, -0.235794, -0.061005, 0.444907, -0.891099, -0.089443, 0.235148, 0.000000, 0.000000, 0.000000, 1.000000, -0.011307, -0.010685, -0.999879, 0.135577, -0.999382, -0.033150, 0.011656, 0.012260, -0.033270, 0.999393, -0.010303, 0.066633, 0.000000, 0.000000, 0.000000, 1.000000
-29.9860, 61.0006, -35.1117, 195.7725, 217.7794, -61.0010, 235.1463, 135.5772, 12.2629, 66.6331, 0.878694, 0.415088, 0.235793, 0.061001, -0.444906, 0.891119, 0.089247, -0.035112, -0.173074, -0.183327, 0.967697, 0.195773, 0.000000, 0.000000, 0.000000, 1.000000, -0.172988, -0.183504, 0.967678, 0.217779, -0.878694, -0.415087, -0.235795, -0.061001, 0.444940, -0.891083, -0.089439, 0.235146, 0.000000, 0.000000, 0.000000, 1.000000, -0.011306, -0.010685, -0.999879, 0.135577, -0.999382, -0.033150, 0.011655, 0.012263, -0.033270, 0.999393, -0.010304, 0.066633, 0.000000, 0.000000, 0.000000, 1.000000
-29.9810, 60.9914, -35.1087, 195.7728, 217.7797, -60.9918, 235.1433, 135.5778, 12.2684, 66.6324, 0.878658, 0.415164, 0.235794, 0.060991, -0.444983, 0.891082, 0.089239, -0.035109, -0.173063, -0.183335, 0.967697, 0.195773, 0.000000, 0.000000, 0.000000, 1.000000, -0.172976, -0.183513, 0.967679, 0.217780, -0.878658, -0.415164, -0.235796, -0.060992, 0.445017, -0.891045, -0.089432, 0.235143, 0.000000, 0.000000, 0.000000, 1.000000, -0.011304, -0.010686, -0.999879, 0.135578, -0.999382, -0.033150, 0.011653, 0.012268, -0.033270, 0.999393, -0.010305, 0.066632, 0.000000, 0.000000, 0.000000, 1.000000
-29.9781, 60.9862, -35.1069, 195.7730, 217.7799, -60.9866, 235.1415, 135.5781, 12.2716, 66.6320, 0.878637, 0.415208, 0.235795, 0.060986, -0.445026, 0.891061, 0.089235, -0.035107, -0.173057, -0.183340, 0.967697, 0.195773, 0.000000, 0.000000, 0.000000, 1.000000, -0.172970, -0.183518, 0.967679, 0.217780, -0.878637, -0.415207, -0.235797, -0.060987, 0.445060, -0.891024, -0.089427, 0.235141, 0.000000, 0.000000, 0.000000, 1.000000, -0.011303, -0.010687, -0.999879, 0.135578, -0.999382, -0.033150, 0.011651, 0.012272, -0.033270, 0.999393, -0.010306, 0.066632, 0.000000, 0.000000, 0.000000, 1.000000
-29.9750, 60.9806, -35.1050, 195.7733, 217.7802, -60.9809, 235.1395, 135.5784, 12.2750, 66.6316, 0.878615, 0.415255, 0.235796, 0.060981, -0.445073, 0.891037, 0.089231, -0.035105, -0.173050, -0.183346, 0.967697, 0.195773, 0.000000, 0.000000, 0.000000, 1.000000, -0.172963, -0.183524, 0.967679, 0.217780, -0.878614, -0.415254, -0.235798, -0.060981, 0.445108, -0.891001, -0.089423, 0.235140, 0.000000, 0.000000, 0.000000, 1.000000, -0.011301, -0.010688, -0.999879, 0.135578, -0.999382, -0.033150, 0.011650, 0.012275, -0.033270, 0.999393, -0.010307, 0.066632, 0.000000, 0.000000, 0.000000, 1.000000
-29.9717, 60.9745, -35.1028, 195.7736, 217.7805, -60.9748, 235.1373, 135.5787, 12.2787, 66.6312, 0.878590, 0.415305, 0.235797, 0.060974, -0.445124, 0.891013, 0.089226, -0.035103, -0.173042, -0.183352, 0.967697, 0.195774, 0.000000, 0.000000, 0.000000, 1.000000, -0.172955, -0.183530, 0.967679, 0.217781, -0.878590, -0.415305, -0.235799, -0.060975, 0.445158, -0.890976, -0.089419, 0.235137, 0.000000, 0.000000, 0.000000, 1.000000, -0.011300, -0.010689, -0.999879, 0.135579, -0.999383, -0.033150, 0.011649, 0.012279, -0.033270, 0.999393, -0.010307, 0.066631, 0.000000, 0.000000, 0.000000, 1.000000
-29.9602, 60.9534, -35.0949, 195.7750, 217.7819, -60.9538, 235.1295, 135.5798, 12.2915, 66.6297, 0.878507, 0.415480, 0.235800, 0.060953, -0.445299, 0.890926, 0.089212, -0.035095, -0.173015, -0.183375, 0.967698, 0.195775, 0.000000, 0.000000, 0.000000, 1.000000, -0.172928, -0.183553, 0.967680, 0.217782, -0.878507, -0.415480, -0.235802, -0.060954, 0.445334, -0.890890, -0.089404, 0.235129, 0.000000, 0.000000, 0.000000, 1.000000, -0.011295, -0.010691, -0.999879, 0.135580, -0.999383, -0.033150, 0.011644, 0.012292, -0.033270, 0.999393, -0.010310, 0.066630, 0.000000, 0.000000, 0.000000, 1.000000
-29.9513, 60.9371, -35.0885, 195.7763, 217.7832, -60.9374, 235.1230, 135.5805, 12.3014, 66.6287, 0.878443, 0.415615, 0.235802, 0.060937, -0.445435, 0.890860, 0.089202, -0.035088, -0.172993, -0.183394, 0.967698, 0.195776, 0.000000, 0.000000, 0.000000, 1.000000, -0.172906, -0.183571, 0.967680, 0.217783, -0.878442, -0.415615, -0.235804, -0.060937, 0.445469, -0.890823, -0.089395, 0.235123, 0.000000, 0.000000, 0.000000, 1.000000, -0.011291, -0.010693, -0.999879, 0.135581, -0.999383, -0.033150, 0.011640, 0.012301, -0.033270, 0.999393, -0.010312, 0.066629, 0.000000, 0.000000, 0.000000, 1.000000
-29.9464, 60.9282, -35.0849, 195.7771, 217.7840, -60.9285, 235.1194, 135.5809, 12.3069, 66.6281, 0.878407, 0.415689, 0.235803, 0.060928, -0.445509, 0.890823, 0.089197, -0.035085, -0.172981, -0.183404, 0.967699, 0.195777, 0.000000, 0.000000, 0.000000, 1.000000, -0.172894, -0.183582, 0.967680, 0.217784, -0.878407, -0.415689, -0.235805, -0.060929, 0.445543, -0.890787, -0.089390, 0.235119, 0.000000, 0.000000, 0.000000, 1.000000, -0.011289, -0.010694, -0.999879, 0.135581, -0.999383, -0.033150, 0.011638, 0.012307, -0.033270, 0.999393, -0.010313, 0.066628, 0.000000, 0.000000, 0.000000, 1.000000
-29.9359, 60.9089, -35.0769, 195.7789, 217.7858, -60.9092, 235.1114, 135.5818, 12.3186, 66.6268, 0.878331, 0.415848, 0.235806, 0.060909, -0.445669, 0.890744, 0.089187, -0.035077, -0.172954, -0.183427, 0.967699, 0.195779, 0.000000, 0.000000, 0.000000, 1.000000, -0.172867, -0.183605, 0.967681, 0.217786, -0.878331, -0.415848, -0.235808, -0.060909, 0.445703, -0.890707, -0.089379, 0.235111, 0.000000, 0.000000, 0.000000, 1.000000, -0.011285, -0.010697, -0.999879, 0.135582, -0.999383, -0.033150, 0.011634, 0.012319, -0.033270, 0.999393, -0.010316, 0.066627, 0.000000, 0.000000, 0.000000, 1.000000
-29.9244, 60.8875, -35.0677, 195.7812, 217.7880, -60.8879, 235.1023, 135.5826, 12.3316, 66.6255, 0.878247, 0.416024, 0.235809, 0.060888, -0.445846, 0.890656, 0.089177, -0.035068, -0.172925, -0.183454, 0.967699, 0.195781, 0.000000, 0.000000, 0.000000, 1.000000, -0.172838, -0.183631, 0.967681, 0.217788, -0.878247, -0.416023, -0.235810, -0.060888, 0.445880, -0.890620, -0.089369, 0.235102, 0.000000, 0.000000, 0.000000, 1.000000, -0.011280, -0.010699, -0.999879, 0.135583, -0.999383, -0.033150, 0.011629, 0.012332, -0.033270, 0.999393, -0.010319, 0.066626, 0.000000, 0.000000, 0.000000, 1.000000
-29.9182, 60.8761, -35.0627, 195.7825, 217.7893, -60.8765, 235.0973, 135.5830, 12.3386, 66.6248, 0.878203, 0.416118, 0.235810, 0.060876, -0.445940, 0.890610, 0.089172, -0.035063, -0.172909, -0.183468, 0.967699, 0.195782, 0.000000, 0.000000, 0.000000, 1.000000, -0.172822, -0.183646, 0.967681, 0.217789, -0.878202, -0.416117, -0.235812, -0.060876, 0.445975, -0.890573, -0.089364, 0.235097, 0.000000, 0.000000, 0.000000, 1.000000, -0.011277, -0.010701, -0.999879, 0.135583, -0.999383, -0.033150, 0.011626, 0.012339, -0.033270, 0.999393, -0.010320, 0.066625, 0.000000, 0.000000, 0.000000, 1.000000
-29.9051, 60.8517, -35.0519, 195.7854, 217.7922, -60.8521, 235.0864, 135.5839, 12.3534, 66.6233, 0.878107, 0.416318, 0.235813, 0.060852, -0.446142, 0.890510, 0.089162, -0.035052, -0.172874, -0.183500, 0.967700, 0.195785, 0.000000, 0.000000, 0.000000, 1.000000, -0.172787, -0.183677, 0.967681, 0.217792, -0.878107, -0.416317, -0.235815, -0.060852, 0.446176, -0.890473, -0.089354, 0.235086, 0.000000, 0.000000, 0.000000, 1.000000, -0.011271, -0.010704, -0.999879, 0.135584, -0.999383, -0.033150, 0.011621, 0.012353, -0.033270, 0.999393, -0.010324, 0.066623, 0.000000, 0.000000, 0.000000, 1.000000
-29.8910, 60.8254, -35.0398, 195.7887, 217.7956, -60.8258, 235.0744, 135.5847, 12.3695, 66.6218, 0.878004, 0.416533, 0.235816, 0.060825, -0.446360, 0.890402, 0.089152, -0.035040, -0.172836, -0.183535, 0.967700, 0.195789, 0.000000, 0.000000, 0.000000, 1.000000, -0.172749, -0.183712, 0.967682, 0.217796, -0.878004, -0.416533, -0.235818, -0.060826, 0.446394, -0.890365, -0.089344, 0.235074, 0.000000, 0.000000, 0.000000, 1.000000, -0.011265, -0.010707, -0.999879, 0.135585, -0.999383, -0.033150, 0.011615, 0.012370, -0.033270, 0.999393, -0.010327, 0.066622, 0.000000, 0.000000, 0.000000, 1.000000
-29.8835, 60.8115, -35.0333, 195.7906, 217.7974, -60.8118, 235.0679, 135.5852, 12.3780, 66.6210, 0.877949, 0.416647, 0.235818, 0.060811, -0.446474, 0.890345, 0.089147, -0.035033, -0.172816, -0.183553, 0.967700, 0.195791, 0.000000, 0.000000, 0.000000, 1.000000, -0.172729, -0.183731, 0.967682, 0.217797, -0.877949, -0.416647, -0.235819, -0.060812, 0.446509, -0.890308, -0.089339, 0.235068, 0.000000, 0.000000, 0.000000, 1.000000, -0.011262, -0.010709, -0.999879, 0.135585, -0.999383, -0.033149, 0.011611, 0.012378, -0.033270, 0.999393, -0.010329, 0.066621, 0.000000, 0.000000, 0.000000, 1.000000
-29.8678, 60.7823, -35.0195, 195.7946, 217.8015, -60.7826, 235.0541, 135.5860, 12.3959, 66.6193, 0.877835, 0.416886, 0.235821, 0.060782, -0.446716, 0.890224, 0.089138, -0.035019, -0.172773, -0.183594, 0.967700, 0.195795, 0.000000, 0.000000, 0.000000, 1.000000, -0.172686, -0.183771, 0.967682, 0.217801, -0.877835, -0.416886, -0.235823, -0.060783, 0.446750, -0.890188, -0.089330, 0.235054, 0.000000, 0.000000, 0.000000, 1.000000, -0.011255, -0.010712, -0.999879, 0.135586, -0.999383, -0.033149, 0.011605, 0.012396, -0.033270, 0.999393, -0.010333, 0.066619, 0.000000, 0.000000, 0.000000, 1.000000
-29.8512, 60.7511, -35.0045, 195.7991, 217.8060, -60.7515, 235.0391, 135.5869, 12.4149, 66.6175, 0.877714, 0.417140, 0.235824, 0.060751, -0.446972, 0.890096, 0.089129, -0.035004, -0.172727, -0.183637, 0.967700, 0.195799, 0.000000, 0.000000, 0.000000, 1.000000, -0.172640, -0.183814, 0.967682, 0.217806, -0.877713, -0.417140, -0.235826, -0.060751, 0.447007, -0.890060, -0.089321, 0.235039, 0.000000, 0.000000, 0.000000, 1.000000, -0.011248, -0.010716, -0.999879, 0.135587, -0.999383, -0.033149, 0.011598, 0.012415, -0.033270, 0.999393, -0.010337, 0.066618, 0.000000, 0.000000, 0.000000, 1.000000
-29.8425, 60.7349, -34.9966, 195.8016, 217.8084, -60.7353, 235.0312, 135.5873, 12.4248, 66.6166, 0.877650, 0.417272, 0.235826, 0.060735, -0.447106, 0.890030, 0.089125, -0.034997, -0.172703, -0.183660, 0.967700, 0.195802, 0.000000, 0.000000, 0.000000, 1.000000, -0.172616, -0.183837, 0.967682, 0.217808, -0.877650, -0.417272, -0.235828, -0.060735, 0.447141, -0.889993, -0.089317, 0.235031, 0.000000, 0.000000, 0.000000, 1.000000, -0.011244, -0.010718, -0.999879, 0.135587, -0.999383, -0.033149, 0.011594, 0.012425, -0.033270, 0.999393, -0.010339, 0.066617, 0.000000, 0.000000, 0.000000, 1.000000
-29.8245, 60.7011, -34.9799, 195.8068, 217.8136, -60.7015, 235.0145, 135.5881, 12.4454, 66.6147, 0.877518, 0.417548, 0.235830, 0.060701, -0.447385, 0.889891, 0.089117, -0.034980, -0.172652, -0.183708, 0.967700, 0.195807, 0.000000, 0.000000, 0.000000, 1.000000, -0.172565, -0.183885, 0.967681, 0.217814, -0.877518, -0.417547, -0.235832, -0.060701, 0.447419, -0.889854, -0.089309, 0.235015, 0.000000, 0.000000, 0.000000, 1.000000, -0.011237, -0.010722, -0.999879, 0.135588, -0.999383, -0.033149, 0.011587, 0.012445, -0.033270, 0.999393, -0.010343, 0.066615, 0.000000, 0.000000, 0.000000, 1.000000
-29.8152, 60.6836, -34.9711, 195.8096, 217.8164, -60.6840, 235.0058, 135.5885, 12.4561, 66.6138, 0.877450, 0.417690, 0.235832, 0.060684, -0.447529, 0.889818, 0.089113, -0.034971, -0.172626, -0.183734, 0.967699, 0.195810, 0.000000, 0.000000, 0.000000, 1.000000, -0.172539, -0.183911, 0.967681, 0.217816, -0.877450, -0.417690, -0.235833, -0.060684, 0.447563, -0.889782, -0.089305, 0.235006, 0.000000, 0.000000, 0.000000, 1.000000, -0.011233, -0.010724, -0.999879, 0.135589, -0.999383, -0.033149, 0.011583, 0.012456, -0.033270, 0.999393, -0.010345, 0.066614, 0.000000, 0.000000, 0.000000, 1.000000
-29.7959, 60.6474, -34.9528, 195.8154, 217.8222, -60.6477, 234.9875, 135.5893, 12.4783, 66.6118, 0.877308, 0.417985, 0.235836, 0.060647, -0.447827, 0.889669, 0.089106, -0.034953, -0.172571, -0.183787, 0.967699, 0.195815, 0.000000, 0.000000, 0.000000, 1.000000, -0.172484, -0.183964, 0.967681, 0.217822, -0.877308, -0.417985, -0.235837, -0.060648, 0.447861, -0.889633, -0.089297, 0.234988, 0.000000, 0.000000, 0.000000, 1.000000, -0.011224, -0.010729, -0.999879, 0.135589, -0.999383, -0.033149, 0.011574, 0.012478, -0.033269, 0.999393, -0.010350, 0.066612, 0.000000, 0.000000, 0.000000, 1.000000
-29.7860, 60.6287, -34.9433, 195.8185, 217.8253, -60.6290, 234.9780, 135.5897, 12.4897, 66.6108, 0.877236, 0.418137, 0.235838, 0.060629, -0.447981, 0.889592, 0.089102, -0.034943, -0.172542, -0.183814, 0.967699, 0.195819, 0.000000, 0.000000, 0.000000, 1.000000, -0.172455, -0.183991, 0.967681, 0.217825, -0.877235, -0.418137, -0.235839, -0.060629, 0.448015, -0.889556, -0.089294, 0.234978, 0.000000, 0.000000, 0.000000, 1.000000, -0.011220, -0.010731, -0.999879, 0.135590, -0.999383, -0.033149, 0.011570, 0.012490, -0.033269, 0.999393, -0.010352, 0.066611, 0.000000, 0.000000, 0.000000, 1.000000
-29.7655, 60.5902, -34.9235, 195.8250, 217.8318, -60.5906, 234.9582, 135.5905, 12.5133, 66.6087, 0.877086, 0.418449, 0.235842, 0.060590, -0.448297, 0.889433, 0.089096, -0.034923, -0.172483, -0.183872, 0.967699, 0.195825, 0.000000, 0.000000, 0.000000, 1.000000, -0.172396, -0.184048, 0.967681, 0.217832, -0.877085, -0.418449, -0.235843, -0.060591, 0.448331, -0.889397, -0.089287, 0.234958, 0.000000, 0.000000, 0.000000, 1.000000, -0.011211, -0.010736, -0.999880, 0.135591, -0.999384, -0.033149, 0.011562, 0.012513, -0.033269, 0.999393, -0.010357, 0.066609, 0.000000, 0.000000, 0.000000, 1.000000
-29.7551, 60.5705, -34.9132, 195.8284, 217.8352, -60.5708, 234.9480, 135.5909, 12.5253, 66.6077, 0.877008, 0.418610, 0.235844, 0.060570, -0.448460, 0.889352, 0.089093, -0.034913, -0.172453, -0.183901, 0.967698, 0.195828, 0.000000, 0.000000, 0.000000, 1.000000, -0.172366, -0.184078, 0.967680, 0.217835, -0.877008, -0.418609, -0.235845, -0.060571, 0.448494, -0.889315, -0.089284, 0.234948, 0.000000, 0.000000, 0.000000, 1.000000, -0.011207, -0.010738, -0.999880, 0.135591, -0.999384, -0.033149, 0.011557, 0.012525, -0.033269, 0.999393, -0.010360, 0.066608, 0.000000, 0.000000, 0.000000, 1.000000
-29.7336, 60.5300, -34.8921, 195.8355, 217.8423, -60.5304, 234.9269, 135.5917, 12.5501, 66.6055, 0.876851, 0.418937, 0.235848, 0.060530, -0.448792, 0.889185, 0.089087, -0.034892, -0.172390, -0.183963, 0.967698, 0.195836, 0.000000, 0.000000, 0.000000, 1.000000, -0.172303, -0.184139, 0.967680, 0.217842, -0.876850, -0.418937, -0.235849, -0.060530, 0.448826, -0.889148, -0.089278, 0.234927, 0.000000, 0.000000, 0.000000, 1.000000, -0.011197, -0.010743, -0.999880, 0.135592, -0.999384, -0.033149, 0.011548, 0.012550, -0.033269, 0.999393, -0.010365, 0.066606, 0.000000, 0.000000, 0.000000, 1.000000
-29.7227, 60.5094, -34.8812, 195.8392, 217.8460, -60.5097, 234.9160, 135.5920, 12.5627, 66.6044, 0.876770, 0.419105, 0.235850, 0.060509, -0.448962, 0.889099, 0.089084, -0.034881, -0.172358, -0.183994, 0.967698, 0.195839, 0.000000, 0.000000, 0.000000, 1.000000, -0.172271, -0.184170, 0.967680, 0.217846, -0.876770, -0.419105, -0.235852, -0.060510, 0.448996, -0.889063, -0.089275, 0.234916, 0.000000, 0.000000, 0.000000, 1.000000, -0.011193, -0.010745, -0.999880, 0.135592, -0.999384, -0.033149, 0.011543, 0.012563, -0.033269, 0.999393, -0.010368, 0.066604, 0.000000, 0.000000, 0.000000, 1.000000
-29.7116, 60.4884, -34.8701, 195.8430, 217.8497, -60.4888, 234.9049, 135.5924, 12.5755, 66.6033, 0.876689, 0.419274, 0.235852, 0.060488, -0.449134, 0.889013, 0.089082, -0.034870, -0.172326, -0.184026, 0.967697, 0.195843, 0.000000, 0.000000, 0.000000, 1.000000, -0.172238, -0.184202, 0.967679, 0.217850, -0.876688, -0.419274, -0.235854, -0.060489, 0.449168, -0.888976, -0.089273, 0.234905, 0.000000, 0.000000, 0.000000, 1.000000, -0.011188, -0.010748, -0.999880, 0.135592, -0.999384, -0.033149, 0.011539, 0.012576, -0.033269, 0.999393, -0.010370, 0.066603, 0.000000, 0.000000, 0.000000, 1.000000
-29.6776, 60.4242, -34.8358, 195.8547, 217.8615, -60.4245, 234.8706, 135.5934, 12.6149, 66.6000, 0.876438, 0.419795, 0.235858, 0.060424, -0.449661, 0.888746, 0.089075, -0.034836, -0.172225, -0.184125, 0.967696, 0.195855, 0.000000, 0.000000, 0.000000, 1.000000, -0.172138, -0.184301, 0.967678, 0.217862, -0.876437, -0.419794, -0.235860, -0.060425, 0.449695, -0.888710, -0.089266, 0.234871, 0.000000, 0.000000, 0.000000, 1.000000, -0.011173, -0.010756, -0.999880, 0.135593, -0.999384, -0.033149, 0.011524, 0.012615, -0.033269, 0.999393, -0.010379, 0.066600, 0.000000, 0.000000, 0.000000, 1.000000
-29.6660, 60.4023, -34.8240, 195.8588, 217.8656, -60.4027, 234.8589, 135.5938, 12.6283, 66.5988, 0.876352, 0.419972, 0.235861, 0.060402, -0.449841, 0.888656, 0.089073, -0.034824, -0.172191, -0.184159, 0.967696, 0.195859, 0.000000, 0.000000, 0.000000, 1.000000, -0.172104, -0.184335, 0.967678, 0.217866, -0.876352, -0.419971, -0.235862, -0.060403, 0.449875, -0.888620, -0.089264, 0.234859, 0.000000, 0.000000, 0.000000, 1.000000, -0.011168, -0.010758, -0.999880, 0.135594, -0.999384, -0.033149, 0.011519, 0.012628, -0.033269, 0.999393, -0.010381, 0.066599, 0.000000, 0.000000, 0.000000, 1.000000
-29.6544, 60.3803, -34.8121, 195.8629, 217.8697, -60.3806, 234.8470, 135.5941, 12.6418, 66.5977, 0.876266, 0.420150, 0.235863, 0.060380, -0.450022, 0.888564, 0.089072, -0.034812, -0.172156, -0.184194, 0.967696, 0.195863, 0.000000, 0.000000, 0.000000, 1.000000, -0.172069, -0.184369, 0.967678, 0.217870, -0.876266, -0.420150, -0.235864, -0.060381, 0.450056, -0.888528, -0.089262, 0.234847, 0.000000, 0.000000, 0.000000, 1.000000, -0.011163, -0.010761, -0.999880, 0.135594, -0.999384, -0.033149, 0.011515, 0.012642, -0.033269, 0.999392, -0.010384, 0.066598, 0.000000, 0.000000, 0.000000, 1.000000
-29.6426, 60.3581, -34.8001, 195.8671, 217.8739, -60.3584, 234.8350, 135.5944, 12.6554, 66.5965, 0.876180, 0.420330, 0.235865, 0.060358, -0.450204, 0.888472, 0.089070, -0.034800, -0.172121, -0.184229, 0.967695, 0.195867, 0.000000, 0.000000, 0.000000, 1.000000, -0.172034, -0.184404, 0.967677, 0.217874, -0.876179, -0.420329, -0.235867, -0.060358, 0.450238, -0.888436, -0.089260, 0.234835, 0.000000, 0.000000, 0.000000, 1.000000, -0.011158, -0.010764, -0.999880, 0.135594, -0.999384, -0.033149, 0.011510, 0.012655, -0.033269, 0.999392, -0.010387, 0.066597, 0.000000, 0.000000, 0.000000, 1.000000
-29.6070, 60.2906, -34.7632, 195.8800, 217.8868, -60.2909, 234.7982, 135.5954, 12.6967, 66.5930, 0.875916, 0.420875, 0.235872, 0.060291, -0.450758, 0.888192, 0.089065, -0.034763, -0.172014, -0.184335, 0.967694, 0.195880, 0.000000, 0.000000, 0.000000, 1.000000, -0.171927, -0.184510, 0.967676, 0.217887, -0.875916, -0.420875, -0.235873, -0.060291, 0.450791, -0.888156, -0.089256, 0.234798, 0.000000, 0.000000, 0.000000, 1.000000, -0.011143, -0.010772, -0.999880, 0.135595, -0.999384, -0.033149, 0.011494, 0.012697, -0.033269, 0.999392, -0.010396, 0.066593, 0.000000, 0.000000, 0.000000, 1.000000
-29.5830, 60.2442, -34.7332, 195.8926, 217.8993, -60.2446, 234.7681, 135.5950, 12.7253, 66.5912, 0.875738, 0.421244, 0.235875, 0.060244, -0.451135, 0.887999, 0.089080, -0.034733, -0.171932, -0.184422, 0.967692, 0.195893, 0.000000, 0.000000, 0.000000, 1.000000, -0.171845, -0.184598, 0.967674, 0.217899, -0.875737, -0.421244, -0.235877, -0.060245, 0.451169, -0.887962, -0.089270, 0.234768, 0.000000, 0.000000, 0.000000, 1.000000, -0.011132, -0.010777, -0.999880, 0.135595, -0.999384, -0.033149, 0.011484, 0.012725, -0.033269, 0.999392, -0.010401, 0.066591, 0.000000, 0.000000, 0.000000, 1.000000
-29.5710, 60.2210, -34.7183, 195.8988, 217.9056, -60.2214, 234.7532, 135.5948, 12.7396, 66.5902, 0.875648, 0.421429, 0.235877, 0.060221, -0.451324, 0.887902, 0.089087, -0.034718, -0.171892, -0.184466, 0.967691, 0.195899, 0.000000, 0.000000, 0.000000, 1.000000, -0.171805, -0.184641, 0.967673, 0.217906, -0.875648, -0.421429, -0.235879, -0.060221, 0.451358, -0.887866, -0.089277, 0.234753, 0.000000, 0.000000, 0.000000, 1.000000, -0.011127, -0.010780, -0.999880, 0.135595, -0.999385, -0.033149, 0.011479, 0.012740, -0.033269, 0.999392, -0.010404, 0.066590, 0.000000, 0.000000, 0.000000, 1.000000
-29.5469, 60.1746, -34.6887, 195.9111, 217.9178, -60.1749, 234.7235, 135.5945, 12.7682, 66.5883, 0.875469, 0.421800, 0.235881, 0.060175, -0.451703, 0.887708, 0.089099, -0.034689, -0.171811, -0.184552, 0.967689, 0.195911, 0.000000, 0.000000, 0.000000, 1.000000, -0.171724, -0.184727, 0.967671, 0.217918, -0.875468, -0.421799, -0.235882, -0.060175, 0.451737, -0.887672, -0.089290, 0.234724, 0.000000, 0.000000, 0.000000, 1.000000, -0.011117, -0.010785, -0.999880, 0.135594, -0.999385, -0.033149, 0.011469, 0.012768, -0.033268, 0.999392, -0.010410, 0.066588, 0.000000, 0.000000, 0.000000, 1.000000
-29.5228, 60.1283, -34.6595, 195.9230, 217.9297, -60.1286, 234.6943, 135.5943, 12.7967, 66.5863, 0.875289, 0.422169, 0.235885, 0.060128, -0.452080, 0.887515, 0.089110, -0.034659, -0.171731, -0.184636, 0.967687, 0.195923, 0.000000, 0.000000, 0.000000, 1.000000, -0.171644, -0.184812, 0.967669, 0.217930, -0.875289, -0.422169, -0.235886, -0.060129, 0.452114, -0.887478, -0.089301, 0.234694, 0.000000, 0.000000, 0.000000, 1.000000, -0.011107, -0.010791, -0.999880, 0.135594, -0.999385, -0.033149, 0.011459, 0.012797, -0.033268, 0.999392, -0.010416, 0.066586, 0.000000, 0.000000, 0.000000, 1.000000
-29.5109, 60.1053, -34.6451, 195.9289, 217.9356, -60.1056, 234.6800, 135.5942, 12.8109, 66.5853, 0.875200, 0.422353, 0.235887, 0.060105, -0.452268, 0.887419, 0.089115, -0.034645, -0.171692, -0.184678, 0.967686, 0.195929, 0.000000, 0.000000, 0.000000, 1.000000, -0.171604, -0.184853, 0.967668, 0.217936, -0.875200, -0.422353, -0.235888, -0.060106, 0.452302, -0.887382, -0.089306, 0.234680, 0.000000, 0.000000, 0.000000, 1.000000, -0.011101, -0.010793, -0.999880, 0.135594, -0.999385, -0.033149, 0.011454, 0.012811, -0.033268, 0.999392, -0.010419, 0.066585, 0.000000, 0.000000, 0.000000, 1.000000
-29.4870, 60.0589, -34.6142, 195.9422, 217.9489, -60.0592, 234.6490, 135.5936, 12.8395, 66.5836, 0.875021, 0.422722, 0.235890, 0.060059, -0.452646, 0.887224, 0.089133, -0.034614, -0.171609, -0.184768, 0.967683, 0.195942, 0.000000, 0.000000, 0.000000, 1.000000, -0.171522, -0.184944, 0.967665, 0.217949, -0.875021, -0.422721, -0.235892, -0.060059, 0.452679, -0.887188, -0.089324, 0.234649, 0.000000, 0.000000, 0.000000, 1.000000, -0.011091, -0.010799, -0.999880, 0.135594, -0.999385, -0.033149, 0.011444, 0.012840, -0.033268, 0.999392, -0.010425, 0.066584, 0.000000, 0.000000, 0.000000, 1.000000
-29.4751, 60.0356, -34.5978, 195.9495, 217.9563, -60.0360, 234.6325, 135.5931, 12.8539, 66.5828, 0.874932, 0.422905, 0.235892, 0.060036, -0.452834, 0.887127, 0.089145, -0.034598, -0.171566, -0.184816, 0.967682, 0.195950, 0.000000, 0.000000, 0.000000, 1.000000, -0.171478, -0.184992, 0.967664, 0.217956, -0.874932, -0.422905, -0.235894, -0.060036, 0.452868, -0.887090, -0.089336, 0.234633, 0.000000, 0.000000, 0.000000, 1.000000, -0.011086, -0.010802, -0.999880, 0.135593, -0.999385, -0.033149, 0.011439, 0.012854, -0.033268, 0.999392, -0.010427, 0.066583, 0.000000, 0.000000, 0.000000, 1.000000
-29.4514, 59.9896, -34.5659, 195.9638, 217.9705, -59.9899, 234.6005, 135.5922, 12.8824, 66.5811, 0.874755, 0.423270, 0.235895, 0.059990, -0.453209, 0.886934, 0.089166, -0.034566, -0.171482, -0.184909, 0.967679, 0.195964, 0.000000, 0.000000, 0.000000, 1.000000, -0.171394, -0.185085, 0.967661, 0.217970, -0.874754, -0.423270, -0.235897, -0.059990, 0.453243, -0.886897, -0.089358, 0.234601, 0.000000, 0.000000, 0.000000, 1.000000, -0.011076, -0.010807, -0.999880, 0.135592, -0.999385, -0.033149, 0.011428, 0.012882, -0.033268, 0.999392, -0.010433, 0.066581, 0.000000, 0.000000, 0.000000, 1.000000
-29.4280, 59.9441, -34.5352, 195.9771, 217.9839, -59.9445, 234.5698, 135.5916, 12.9104, 66.5794, 0.874579, 0.423630, 0.235899, 0.059944, -0.453578, 0.886743, 0.089185, -0.034535, -0.171401, -0.184998, 0.967676, 0.195977, 0.000000, 0.000000, 0.000000, 1.000000, -0.171312, -0.185175, 0.967658, 0.217984, -0.874579, -0.423630, -0.235901, -0.059944, 0.453612, -0.886706, -0.089377, 0.234570, 0.000000, 0.000000, 0.000000, 1.000000, -0.011066, -0.010812, -0.999880, 0.135592, -0.999385, -0.033148, 0.011419, 0.012910, -0.033268, 0.999392, -0.010439, 0.066579, 0.000000, 0.000000, 0.000000, 1.000000
-29.4164, 59.9217, -34.5204, 195.9835, 217.9903, -59.9221, 234.5549, 135.5913, 12.9242, 66.5785, 0.874492, 0.423809, 0.235901, 0.059922, -0.453761, 0.886649, 0.089193, -0.034520, -0.171361, -0.185041, 0.967675, 0.195984, 0.000000, 0.000000, 0.000000, 1.000000, -0.171272, -0.185218, 0.967657, 0.217990, -0.874492, -0.423808, -0.235903, -0.059922, 0.453795, -0.886612, -0.089385, 0.234555, 0.000000, 0.000000, 0.000000, 1.000000, -0.011061, -0.010815, -0.999880, 0.135591, -0.999385, -0.033148, 0.011414, 0.012924, -0.033268, 0.999392, -0.010441, 0.066578, 0.000000, 0.000000, 0.000000, 1.000000
-29.3935, 59.8775, -34.4917, 195.9956, 218.0024, -59.8778, 234.5261, 135.5909, 12.9515, 66.5766, 0.874320, 0.424161, 0.235905, 0.059877, -0.454121, 0.886463, 0.089206, -0.034492, -0.171283, -0.185124, 0.967673, 0.195996, 0.000000, 0.000000, 0.000000, 1.000000, -0.171195, -0.185301, 0.967655, 0.218002, -0.874320, -0.424161, -0.235907, -0.059878, 0.454155, -0.886426, -0.089399, 0.234526, 0.000000, 0.000000, 0.000000, 1.000000, -0.011051, -0.010820, -0.999880, 0.135591, -0.999385, -0.033148, 0.011404, 0.012952, -0.033268, 0.999392, -0.010447, 0.066577, 0.000000, 0.000000, 0.000000, 1.000000
-29.3822, 59.8557, -34.4779, 196.0013, 218.0081, -59.8561, 234.5123, 135.5908, 12.9649, 66.5757, 0.874235, 0.424335, 0.235907, 0.059856, -0.454299, 0.886371, 0.089211, -0.034478, -0.171246, -0.185164, 0.967672, 0.196001, 0.000000, 0.000000, 0.000000, 1.000000, -0.171157, -0.185341, 0.967654, 0.218008, -0.874235, -0.424335, -0.235909, -0.059856, 0.454333, -0.886334, -0.089404, 0.234512, 0.000000, 0.000000, 0.000000, 1.000000, -0.011046, -0.010822, -0.999880, 0.135591, -0.999385, -0.033148, 0.011399, 0.012965, -0.033268, 0.999392, -0.010450, 0.066576, 0.000000, 0.000000, 0.000000, 1.000000
-29.3599, 59.8128, -34.4513, 196.0121, 218.0189, -59.8132, 234.4856, 135.5907, 12.9913, 66.5737, 0.874068, 0.424678, 0.235911, 0.059813, -0.454649, 0.886191, 0.089220, -0.034451, -0.171173, -0.185241, 0.967670, 0.196012, 0.000000, 0.000000, 0.000000, 1.000000, -0.171084, -0.185419, 0.967652, 0.218019, -0.874068, -0.424678, -0.235913, -0.059813, 0.454683, -0.886154, -0.089413, 0.234486, 0.000000, 0.000000, 0.000000, 1.000000, -0.011036, -0.010827, -0.999880, 0.135591, -0.999386, -0.033148, 0.011390, 0.012991, -0.033268, 0.999392, -0.010455, 0.066574, 0.000000, 0.000000, 0.000000, 1.000000
-29.3488, 59.7918, -34.4385, 196.0172, 218.0240, -59.7921, 234.4728, 135.5907, 13.0043, 66.5727, 0.873985, 0.424847, 0.235913, 0.059792, -0.454821, 0.886102, 0.089223, -0.034438, -0.171137, -0.185278, 0.967669, 0.196017, 0.000000, 0.000000, 0.000000, 1.000000, -0.171048, -0.185455, 0.967651, 0.218024, -0.873985, -0.424846, -0.235915, -0.059792, 0.454855, -0.886065, -0.089416, 0.234473, 0.000000, 0.000000, 0.000000, 1.000000, -0.011031, -0.010830, -0.999881, 0.135591, -0.999386, -0.033148, 0.011385, 0.013004, -0.033268, 0.999392, -0.010458, 0.066573, 0.000000, 0.000000, 0.000000, 1.000000
-29.3271, 59.7504, -34.4140, 196.0267, 218.0335, -59.7507, 234.4482, 135.5909, 13.0297, 66.5706, 0.873822, 0.425179, 0.235918, 0.059750, -0.455159, 0.885928, 0.089227, -0.034414, -0.171069, -0.185348, 0.967668, 0.196027, 0.000000, 0.000000, 0.000000, 1.000000, -0.170979, -0.185526, 0.967650, 0.218034, -0.873822, -0.425179, -0.235919, -0.059751, 0.455193, -0.885891, -0.089420, 0.234448, 0.000000, 0.000000, 0.000000, 1.000000, -0.011022, -0.010835, -0.999881, 0.135591, -0.999386, -0.033148, 0.011376, 0.013030, -0.033268, 0.999392, -0.010463, 0.066571, 0.000000, 0.000000, 0.000000, 1.000000
-29.3165, 59.7301, -34.4022, 196.0312, 218.0380, -59.7304, 234.4364, 135.5910, 13.0422, 66.5696, 0.873742, 0.425342, 0.235920, 0.059730, -0.455325, 0.885843, 0.089227, -0.034402, -0.171036, -0.185382, 0.967667, 0.196031, 0.000000, 0.000000, 0.000000, 1.000000, -0.170946, -0.185560, 0.967649, 0.218038, -0.873742, -0.425342, -0.235922, -0.059730, 0.455360, -0.885806, -0.089421, 0.234436, 0.000000, 0.000000, 0.000000, 1.000000, -0.011017, -0.010837, -0.999881, 0.135591, -0.999386, -0.033148, 0.011371, 0.013042, -0.033267, 0.999392, -0.010465, 0.066570, 0.000000, 0.000000, 0.000000, 1.000000
