# Joint_B_Angle(deg), Cam_X(mm), Cam_Y(mm), Cam_Z(mm), Torso_X(mm), Torso_Y(mm), Torso_Z(mm), EE_X(mm), EE_Y(mm), EE_Z(mm), T_cam2marker_flat(16), T_torso2marker_flat(16), T_ee2marker_flat(16)
-19.9996, -26.6934, 1.2210, 374.4457, 443.4504, 35.6931, 255.8171, 16.2353, -36.7940, -60.3828, 0.298559, 0.948910, -0.102139, -0.026693, -0.950688, 0.305111, 0.055669, 0.001221, 0.083988, 0.080481, 0.993211, 0.374446, 0.000000, 0.000000, 0.000000, 1.000000, 0.084068, 0.080455, 0.993207, 0.443450, -0.298560, -0.948910, 0.102138, 0.035693, 0.950681, -0.305118, -0.055752, 0.255817, 0.000000, 0.000000, 0.000000, 1.000000, -0.999425, 0.033905, -0.000742, 0.016235, -0.002776, -0.060002, 0.998194, -0.036794, 0.033800, 0.997622, 0.060062, -0.060383, 0.000000, 0.000000, 0.000000, 1.000000
-19.9995, -26.6941, 1.2359, 374.4514, 443.4561, 35.6938, 255.8020, 16.2352, -36.7940, -60.3828, 0.298553, 0.948912, -0.102136, -0.026694, -0.950688, 0.305107, 0.055703, 0.001236, 0.084020, 0.080469, 0.993210, 0.374451, 0.000000, 0.000000, 0.000000, 1.000000, 0.084100, 0.080443, 0.993205, 0.443456, -0.298553, -0.948912, 0.102136, 0.035694, 0.950681, -0.305114, -0.055787, 0.255802, 0.000000, 0.000000, 0.000000, 1.000000, -0.999425, 0.033905, -0.000742, 0.016235, -0.002776, -0.060002, 0.998194, -0.036794, 0.033799, 0.997622, 0.060062, -0.060383, 0.000000, 0.000000, 0.000000, 1.000000
-19.9994, -26.6946, 1.2467, 374.4554, 443.4601, 35.6943, 255.7912, 16.2352, -36.7940, -60.3828, 0.298548, 0.948914, -0.102135, -0.026695, -0.950687, 0.305104, 0.055727, 0.001247, 0.084042, 0.080461, 0.993208, 0.374455, 0.000000, 0.000000, 0.000000, 1.000000, 0.084122, 0.080434, 0.993204, 0.443460, -0.298548, -0.948914, 0.102134, 0.035694, 0.950680, -0.305111, -0.055811, 0.255791, 0.000000, 0.000000, 0.000000, 1.000000, -0.999425, 0.033905, -0.000742, 0.016235, -0.002777, -0.060002, 0.998194, -0.036794, 0.033799, 0.997622, 0.060062, -0.060383, 0.000000, 0.000000, 0.000000, 1.000000
-19.9993, -26.6949, 1.2547, 374.4584, 443.4632, 35.6946, 255.7830, 16.2351, -36.7940, -60.3828, 0.298544, 0.948915, -0.102134, -0.026695, -0.950687, 0.305101, 0.055746, 0.001255, 0.084059, 0.080455, 0.993208, 0.374458, 0.000000, 0.000000, 0.000000, 1.000000, 0.084139, 0.080428, 0.993203, 0.443463, -0.298544, -0.948915, 0.102133, 0.035695, 0.950680, -0.305108, -0.055830, 0.255783, 0.000000, 0.000000, 0.000000, 1.000000, -0.999425, 0.033905, -0.000742, 0.016235, -0.002777, -0.060002, 0.998194, -0.036794, 0.033799, 0.997622, 0.060062, -0.060383, 0.000000, 0.000000, 0.000000, 1.000000
-19.9993, -26.6950, 1.2564, 374.4590, 443.4638, 35.6947, 255.7813, 16.2351, -36.7940, -60.3829, 0.298542, 0.948916, -0.102133, -0.026695, -0.950687, 0.305100, 0.055749, 0.001256, 0.084062, 0.080453, 0.993207, 0.374459, 0.000000, 0.000000, 0.000000, 1.000000, 0.084142, 0.080427, 0.993203, 0.443464, -0.298542, -0.948916, 0.102133, 0.035695, 0.950680, -0.305107, -0.055833, 0.255781, 0.000000, 0.000000, 0.000000, 1.000000, -0.999425, 0.033905, -0.000742, 0.016235, -0.002777, -0.060002, 0.998194, -0.036794, 0.033799, 0.997622, 0.060062, -0.060383, 0.000000, 0.000000, 0.000000, 1.000000
-19.9992, -26.6951, 1.2568, 374.4591, 443.4638, 35.6948, 255.7808, 16.2351, -36.7940, -60.3829, 0.298540, 0.948917, -0.102133, -0.026695, -0.950688, 0.305098, 0.055749, 0.001257, 0.084062, 0.080453, 0.993207, 0.374459, 0.000000, 0.000000, 0.000000, 1.000000, 0.084142, 0.080427, 0.993203, 0.443464, -0.298540, -0.948917, 0.102132, 0.035695, 0.950681, -0.305105, -0.055833, 0.255781, 0.000000, 0.000000, 0.000000, 1.000000, -0.999425, 0.033905, -0.000742, 0.016235, -0.002777, -0.060002, 0.998194, -0.036794, 0.033799, 0.997622, 0.060062, -0.060383, 0.000000, 0.000000, 0.000000, 1.000000
-19.9989, -26.6953, 1.2563, 374.4587, 443.4635, 35.6950, 255.7813, 16.2350, -36.7941, -60.3830, 0.298537, 0.948918, -0.102132, -0.026695, -0.950689, 0.305094, 0.055745, 0.001256, 0.084058, 0.080454, 0.993208, 0.374459, 0.000000, 0.000000, 0.000000, 1.000000, 0.084138, 0.080427, 0.993203, 0.443463, -0.298537, -0.948918, 0.102131, 0.035695, 0.950682, -0.305101, -0.055830, 0.255781, 0.000000, 0.000000, 0.000000, 1.000000, -0.999425, 0.033905, -0.000742, 0.016235, -0.002777, -0.060002, 0.998194, -0.036794, 0.033799, 0.997622, 0.060061, -0.060383, 0.000000, 0.000000, 0.000000, 1.000000
-19.9987, -26.6954, 1.2557, 374.4584, 443.4631, 35.6951, 255.7818, 16.2350, -36.7941, -60.3830, 0.298534, 0.948919, -0.102131, -0.026695, -0.950691, 0.305091, 0.055742, 0.001256, 0.084054, 0.080454, 0.993208, 0.374458, 0.000000, 0.000000, 0.000000, 1.000000, 0.084135, 0.080427, 0.993203, 0.443463, -0.298534, -0.948919, 0.102130, 0.035695, 0.950683, -0.305097, -0.055827, 0.255782, 0.000000, 0.000000, 0.000000, 1.000000, -0.999425, 0.033905, -0.000742, 0.016235, -0.002777, -0.060002, 0.998194, -0.036794, 0.033799, 0.997622, 0.060061, -0.060383, 0.000000, 0.000000, 0.000000, 1.000000
-19.9965, -26.6974, 1.2524, 374.4557, 443.4604, 35.6971, 255.7852, 16.2346, -36.7946, -60.3837, 0.298503, 0.948930, -0.102122, -0.026697, -0.950703, 0.305056, 0.055716, 0.001252, 0.084024, 0.080456, 0.993210, 0.374456, 0.000000, 0.000000, 0.000000, 1.000000, 0.084105, 0.080429, 0.993206, 0.443460, -0.298503, -0.948930, 0.102121, 0.035697, 0.950696, -0.305063, -0.055801, 0.255785, 0.000000, 0.000000, 0.000000, 1.000000, -0.999425, 0.033905, -0.000743, 0.016235, -0.002778, -0.060000, 0.998195, -0.036795, 0.033799, 0.997622, 0.060060, -0.060384, 0.000000, 0.000000, 0.000000, 1.000000
-19.9949, -26.6988, 1.2513, 374.4543, 443.4591, 35.6985, 255.7862, 16.2343, -36.7950, -60.3842, 0.298481, 0.948937, -0.102115, -0.026699, -0.950712, 0.305033, 0.055701, 0.001251, 0.084006, 0.080456, 0.993212, 0.374454, 0.000000, 0.000000, 0.000000, 1.000000, 0.084086, 0.080429, 0.993207, 0.443459, -0.298481, -0.948937, 0.102114, 0.035699, 0.950704, -0.305040, -0.055786, 0.255786, 0.000000, 0.000000, 0.000000, 1.000000, -0.999425, 0.033905, -0.000744, 0.016234, -0.002778, -0.059999, 0.998195, -0.036795, 0.033799, 0.997622, 0.060059, -0.060384, 0.000000, 0.000000, 0.000000, 1.000000
-19.9918, -26.7019, 1.2509, 374.4522, 443.4570, 35.7016, 255.7866, 16.2337, -36.7957, -60.3852, 0.298435, 0.948953, -0.102100, -0.026702, -0.950729, 0.304983, 0.055675, 0.001251, 0.083972, 0.080455, 0.993215, 0.374452, 0.000000, 0.000000, 0.000000, 1.000000, 0.084053, 0.080428, 0.993210, 0.443457, -0.298435, -0.948953, 0.102100, 0.035702, 0.950722, -0.304990, -0.055760, 0.255787, 0.000000, 0.000000, 0.000000, 1.000000, -0.999425, 0.033904, -0.000745, 0.016234, -0.002779, -0.059997, 0.998195, -0.036796, 0.033798, 0.997623, 0.060056, -0.060385, 0.000000, 0.000000, 0.000000, 1.000000
-19.9890, -26.7046, 1.2519, 374.4509, 443.4557, 35.7043, 255.7856, 16.2332, -36.7963, -60.3861, 0.298394, 0.948967, -0.102088, -0.026705, -0.950744, 0.304940, 0.055655, 0.001252, 0.083945, 0.080452, 0.993217, 0.374451, 0.000000, 0.000000, 0.000000, 1.000000, 0.084026, 0.080426, 0.993213, 0.443456, -0.298394, -0.948967, 0.102087, 0.035704, 0.950737, -0.304947, -0.055739, 0.255786, 0.000000, 0.000000, 0.000000, 1.000000, -0.999425, 0.033904, -0.000746, 0.016233, -0.002780, -0.059995, 0.998195, -0.036796, 0.033798, 0.997623, 0.060054, -0.060386, 0.000000, 0.000000, 0.000000, 1.000000
-19.9874, -26.7062, 1.2528, 374.4503, 443.4551, 35.7059, 255.7847, 16.2329, -36.7967, -60.3865, 0.298371, 0.948975, -0.102080, -0.026706, -0.950753, 0.304915, 0.055644, 0.001253, 0.083931, 0.080451, 0.993219, 0.374450, 0.000000, 0.000000, 0.000000, 1.000000, 0.084011, 0.080424, 0.993214, 0.443455, -0.298371, -0.948975, 0.102080, 0.035706, 0.950745, -0.304922, -0.055729, 0.255785, 0.000000, 0.000000, 0.000000, 1.000000, -0.999425, 0.033904, -0.000747, 0.016233, -0.002781, -0.059993, 0.998195, -0.036797, 0.033798, 0.997623, 0.060053, -0.060387, 0.000000, 0.000000, 0.000000, 1.000000
-19.9838, -26.7099, 1.2556, 374.4492, 443.4540, 35.7096, 255.7819, 16.2323, -36.7975, -60.3877, 0.298318, 0.948994, -0.102064, -0.026710, -0.950772, 0.304859, 0.055621, 0.001256, 0.083899, 0.080446, 0.993222, 0.374449, 0.000000, 0.000000, 0.000000, 1.000000, 0.083980, 0.080420, 0.993217, 0.443454, -0.298318, -0.948994, 0.102063, 0.035710, 0.950765, -0.304866, -0.055706, 0.255782, 0.000000, 0.000000, 0.000000, 1.000000, -0.999425, 0.033903, -0.000748, 0.016232, -0.002782, -0.059991, 0.998195, -0.036797, 0.033797, 0.997623, 0.060051, -0.060388, 0.000000, 0.000000, 0.000000, 1.000000
-19.9796, -26.7142, 1.2599, 374.4483, 443.4531, 35.7139, 255.7776, 16.2315, -36.7984, -60.3890, 0.298256, 0.949015, -0.102044, -0.026714, -0.950794, 0.304793, 0.055598, 0.001260, 0.083865, 0.080440, 0.993225, 0.374448, 0.000000, 0.000000, 0.000000, 1.000000, 0.083946, 0.080414, 0.993220, 0.443453, -0.298256, -0.949016, 0.102043, 0.035714, 0.950787, -0.304800, -0.055682, 0.255778, 0.000000, 0.000000, 0.000000, 1.000000, -0.999425, 0.033903, -0.000750, 0.016231, -0.002784, -0.059988, 0.998195, -0.036798, 0.033797, 0.997623, 0.060048, -0.060389, 0.000000, 0.000000, 0.000000, 1.000000
-19.9696, -26.7247, 1.2734, 374.4474, 443.4521, 35.7245, 255.7641, 16.2296, -36.8006, -60.3921, 0.298105, 0.949068, -0.101996, -0.026725, -0.950848, 0.304634, 0.055547, 0.001273, 0.083789, 0.080423, 0.993233, 0.374447, 0.000000, 0.000000, 0.000000, 1.000000, 0.083870, 0.080397, 0.993228, 0.443452, -0.298105, -0.949068, 0.101995, 0.035724, 0.950841, -0.304641, -0.055632, 0.255764, 0.000000, 0.000000, 0.000000, 1.000000, -0.999425, 0.033902, -0.000754, 0.016230, -0.002788, -0.059981, 0.998196, -0.036801, 0.033796, 0.997624, 0.060041, -0.060392, 0.000000, 0.000000, 0.000000, 1.000000
-19.9637, -26.7310, 1.2827, 374.4474, 443.4521, 35.7307, 255.7548, 16.2285, -36.8019, -60.3939, 0.298017, 0.949099, -0.101967, -0.026731, -0.950880, 0.304541, 0.055521, 0.001283, 0.083748, 0.080412, 0.993237, 0.374447, 0.000000, 0.000000, 0.000000, 1.000000, 0.083829, 0.080386, 0.993232, 0.443452, -0.298017, -0.949099, 0.101967, 0.035731, 0.950873, -0.304548, -0.055606, 0.255755, 0.000000, 0.000000, 0.000000, 1.000000, -0.999425, 0.033901, -0.000757, 0.016229, -0.002790, -0.059977, 0.998196, -0.036802, 0.033795, 0.997624, 0.060037, -0.060394, 0.000000, 0.000000, 0.000000, 1.000000
-19.9539, -26.7415, 1.2999, 374.4480, 443.4528, 35.7412, 255.7377, 16.2267, -36.8041, -60.3969, 0.297869, 0.949150, -0.101920, -0.026741, -0.950932, 0.304386, 0.055482, 0.001300, 0.083684, 0.080393, 0.993244, 0.374448, 0.000000, 0.000000, 0.000000, 1.000000, 0.083764, 0.080366, 0.993240, 0.443453, -0.297869, -0.949150, 0.101919, 0.035741, 0.950925, -0.304393, -0.055566, 0.255738, 0.000000, 0.000000, 0.000000, 1.000000, -0.999425, 0.033900, -0.000761, 0.016227, -0.002794, -0.059970, 0.998196, -0.036804, 0.033793, 0.997624, 0.060030, -0.060397, 0.000000, 0.000000, 0.000000, 1.000000
-19.9467, -26.7492, 1.3135, 374.4489, 443.4537, 35.7489, 255.7241, 16.2253, -36.8057, -60.3992, 0.297761, 0.949188, -0.101885, -0.026749, -0.950970, 0.304272, 0.055456, 0.001314, 0.083639, 0.080377, 0.993249, 0.374449, 0.000000, 0.000000, 0.000000, 1.000000, 0.083719, 0.080351, 0.993245, 0.443454, -0.297761, -0.949188, 0.101884, 0.035749, 0.950962, -0.304279, -0.055540, 0.255724, 0.000000, 0.000000, 0.000000, 1.000000, -0.999425, 0.033899, -0.000764, 0.016225, -0.002797, -0.059965, 0.998197, -0.036806, 0.033792, 0.997625, 0.060025, -0.060399, 0.000000, 0.000000, 0.000000, 1.000000
-19.9430, -26.7532, 1.3210, 374.4495, 443.4543, 35.7529, 255.7167, 16.2246, -36.8065, -60.4003, 0.297704, 0.949208, -0.101867, -0.026753, -0.950989, 0.304213, 0.055443, 0.001321, 0.083616, 0.080369, 0.993252, 0.374449, 0.000000, 0.000000, 0.000000, 1.000000, 0.083697, 0.080342, 0.993247, 0.443454, -0.297704, -0.949208, 0.101866, 0.035753, 0.950982, -0.304219, -0.055527, 0.255717, 0.000000, 0.000000, 0.000000, 1.000000, -0.999425, 0.033899, -0.000765, 0.016225, -0.002798, -0.059962, 0.998197, -0.036807, 0.033792, 0.997625, 0.060022, -0.060400, 0.000000, 0.000000, 0.000000, 1.000000
-19.9352, -26.7617, 1.3371, 374.4510, 443.4557, 35.7614, 255.7006, 16.2232, -36.8082, -60.4028, 0.297585, 0.949249, -0.101829, -0.026762, -0.951031, 0.304088, 0.055417, 0.001337, 0.083570, 0.080351, 0.993257, 0.374451, 0.000000, 0.000000, 0.000000, 1.000000, 0.083650, 0.080324, 0.993253, 0.443456, -0.297585, -0.949249, 0.101828, 0.035761, 0.951024, -0.304095, -0.055502, 0.255701, 0.000000, 0.000000, 0.000000, 1.000000, -0.999425, 0.033898, -0.000768, 0.016223, -0.002801, -0.059957, 0.998197, -0.036808, 0.033791, 0.997625, 0.060017, -0.060403, 0.000000, 0.000000, 0.000000, 1.000000
-19.9227, -26.7753, 1.3643, 374.4538, 443.4586, 35.7750, 255.6734, 16.2208, -36.8110, -60.4066, 0.297395, 0.949315, -0.101768, -0.026775, -0.951096, 0.303890, 0.055380, 0.001364, 0.083499, 0.080321, 0.993266, 0.374454, 0.000000, 0.000000, 0.000000, 1.000000, 0.083579, 0.080295, 0.993261, 0.443459, -0.297395, -0.949315, 0.101767, 0.035775, 0.951089, -0.303897, -0.055464, 0.255673, 0.000000, 0.000000, 0.000000, 1.000000, -0.999425, 0.033896, -0.000774, 0.016221, -0.002806, -0.059948, 0.998198, -0.036811, 0.033789, 0.997626, 0.060008, -0.060407, 0.000000, 0.000000, 0.000000, 1.000000
-19.9095, -26.7899, 1.3948, 374.4575, 443.4622, 35.7896, 255.6430, 16.2184, -36.8139, -60.4107, 0.297193, 0.949385, -0.101703, -0.026790, -0.951166, 0.303679, 0.055344, 0.001395, 0.083428, 0.080288, 0.993274, 0.374458, 0.000000, 0.000000, 0.000000, 1.000000, 0.083508, 0.080262, 0.993270, 0.443462, -0.297193, -0.949386, 0.101702, 0.035790, 0.951159, -0.303686, -0.055428, 0.255643, 0.000000, 0.000000, 0.000000, 1.000000, -0.999425, 0.033895, -0.000779, 0.016218, -0.002811, -0.059939, 0.998198, -0.036814, 0.033787, 0.997626, 0.059999, -0.060411, 0.000000, 0.000000, 0.000000, 1.000000
-19.9004, -26.8000, 1.4168, 374.4604, 443.4651, 35.7997, 255.6211, 16.2166, -36.8159, -60.4135, 0.297053, 0.949434, -0.101658, -0.026800, -0.951214, 0.303533, 0.055321, 0.001417, 0.083380, 0.080265, 0.993280, 0.374460, 0.000000, 0.000000, 0.000000, 1.000000, 0.083460, 0.080239, 0.993275, 0.443465, -0.297053, -0.949434, 0.101657, 0.035800, 0.951207, -0.303540, -0.055405, 0.255621, 0.000000, 0.000000, 0.000000, 1.000000, -0.999425, 0.033894, -0.000783, 0.016217, -0.002815, -0.059932, 0.998198, -0.036816, 0.033786, 0.997627, 0.059993, -0.060414, 0.000000, 0.000000, 0.000000, 1.000000
-19.8957, -26.8051, 1.4283, 374.4619, 443.4667, 35.8049, 255.6096, 16.2158, -36.8169, -60.4150, 0.296981, 0.949459, -0.101635, -0.026805, -0.951238, 0.303458, 0.055310, 0.001428, 0.083357, 0.080253, 0.993283, 0.374462, 0.000000, 0.000000, 0.000000, 1.000000, 0.083437, 0.080227, 0.993278, 0.443467, -0.296981, -0.949459, 0.101634, 0.035805, 0.951231, -0.303465, -0.055394, 0.255610, 0.000000, 0.000000, 0.000000, 1.000000, -0.999425, 0.033893, -0.000785, 0.016216, -0.002817, -0.059929, 0.998199, -0.036817, 0.033785, 0.997627, 0.059990, -0.060415, 0.000000, 0.000000, 0.000000, 1.000000
-19.8815, -26.8210, 1.4643, 374.4671, 443.4718, 35.8207, 255.5737, 16.2131, -36.8201, -60.4194, 0.296762, 0.949535, -0.101564, -0.026821, -0.951313, 0.303230, 0.055279, 0.001464, 0.083286, 0.080215, 0.993292, 0.374467, 0.000000, 0.000000, 0.000000, 1.000000, 0.083366, 0.080189, 0.993287, 0.443472, -0.296762, -0.949535, 0.101564, 0.035821, 0.951306, -0.303237, -0.055362, 0.255574, 0.000000, 0.000000, 0.000000, 1.000000, -0.999425, 0.033891, -0.000791, 0.016213, -0.002822, -0.059919, 0.998199, -0.036820, 0.033783, 0.997628, 0.059980, -0.060419, 0.000000, 0.000000, 0.000000, 1.000000
-19.8620, -26.8429, 1.5200, 374.4766, 443.4813, 35.8426, 255.5180, 16.2094, -36.8244, -60.4254, 0.296460, 0.949640, -0.101467, -0.026843, -0.951414, 0.302917, 0.055251, 0.001520, 0.083204, 0.080158, 0.993303, 0.374477, 0.000000, 0.000000, 0.000000, 1.000000, 0.083284, 0.080132, 0.993299, 0.443481, -0.296460, -0.949640, 0.101467, 0.035843, 0.951407, -0.302924, -0.055334, 0.255518, 0.000000, 0.000000, 0.000000, 1.000000, -0.999425, 0.033889, -0.000800, 0.016209, -0.002830, -0.059905, 0.998200, -0.036824, 0.033780, 0.997629, 0.059967, -0.060425, 0.000000, 0.000000, 0.000000, 1.000000
-19.8522, -26.8546, 1.5637, 374.4875, 443.4922, 35.8543, 255.4741, 16.2075, -36.8265, -60.4285, 0.296302, 0.949695, -0.101416, -0.026855, -0.951464, 0.302757, 0.055273, 0.001564, 0.083197, 0.080116, 0.993307, 0.374487, 0.000000, 0.000000, 0.000000, 1.000000, 0.083277, 0.080090, 0.993303, 0.443492, -0.296302, -0.949695, 0.101416, 0.035854, 0.951457, -0.302764, -0.055357, 0.255474, 0.000000, 0.000000, 0.000000, 1.000000, -0.999425, 0.033887, -0.000804, 0.016207, -0.002834, -0.059899, 0.998200, -0.036826, 0.033778, 0.997629, 0.059960, -0.060428, 0.000000, 0.000000, 0.000000, 1.000000
-19.8474, -26.8604, 1.5851, 374.4927, 443.4975, 35.8601, 255.4526, 16.2065, -36.8275, -60.4300, 0.296224, 0.949722, -0.101391, -0.026860, -0.951488, 0.302677, 0.055283, 0.001585, 0.083193, 0.080096, 0.993309, 0.374493, 0.000000, 0.000000, 0.000000, 1.000000, 0.083273, 0.080070, 0.993305, 0.443497, -0.296224, -0.949722, 0.101390, 0.035860, 0.951481, -0.302684, -0.055368, 0.255453, 0.000000, 0.000000, 0.000000, 1.000000, -0.999425, 0.033887, -0.000806, 0.016207, -0.002836, -0.059895, 0.998201, -0.036828, 0.033777, 0.997629, 0.059957, -0.060430, 0.000000, 0.000000, 0.000000, 1.000000
-19.8377, -26.8719, 1.6267, 374.5028, 443.5076, 35.8716, 255.4107, 16.2047, -36.8296, -60.4330, 0.296069, 0.949775, -0.101341, -0.026872, -0.951538, 0.302519, 0.055302, 0.001627, 0.083182, 0.080056, 0.993314, 0.374503, 0.000000, 0.000000, 0.000000, 1.000000, 0.083263, 0.080030, 0.993309, 0.443508, -0.296069, -0.949775, 0.101340, 0.035872, 0.951531, -0.302526, -0.055387, 0.255411, 0.000000, 0.000000, 0.000000, 1.000000, -0.999425, 0.033885, -0.000811, 0.016205, -0.002840, -0.059889, 0.998201, -0.036830, 0.033776, 0.997630, 0.059950, -0.060433, 0.000000, 0.000000, 0.000000, 1.000000
-19.8234, -26.8888, 1.6860, 374.5169, 443.5217, 35.8885, 255.3511, 16.2019, -36.8327, -60.4374, 0.295840, 0.949854, -0.101267, -0.026889, -0.951611, 0.302285, 0.055324, 0.001686, 0.083161, 0.080000, 0.993320, 0.374517, 0.000000, 0.000000, 0.000000, 1.000000, 0.083243, 0.079973, 0.993315, 0.443522, -0.295840, -0.949855, 0.101267, 0.035889, 0.951603, -0.302292, -0.055410, 0.255351, 0.000000, 0.000000, 0.000000, 1.000000, -0.999425, 0.033883, -0.000817, 0.016202, -0.002846, -0.059879, 0.998202, -0.036833, 0.033773, 0.997630, 0.059941, -0.060437, 0.000000, 0.000000, 0.000000, 1.000000
-19.8140, -26.8998, 1.7233, 374.5255, 443.5303, 35.8995, 255.3137, 16.2001, -36.8348, -60.4403, 0.295691, 0.949906, -0.101219, -0.026900, -0.951659, 0.302133, 0.055335, 0.001723, 0.083145, 0.079964, 0.993324, 0.374525, 0.000000, 0.000000, 0.000000, 1.000000, 0.083227, 0.079937, 0.993319, 0.443530, -0.295691, -0.949906, 0.101218, 0.035900, 0.951651, -0.302140, -0.055421, 0.255314, 0.000000, 0.000000, 0.000000, 1.000000, -0.999426, 0.033882, -0.000821, 0.016200, -0.002850, -0.059872, 0.998202, -0.036835, 0.033772, 0.997631, 0.059935, -0.060440, 0.000000, 0.000000, 0.000000, 1.000000
-19.8094, -26.9053, 1.7412, 374.5295, 443.5343, 35.9050, 255.2957, 16.1992, -36.8358, -60.4418, 0.295617, 0.949932, -0.101196, -0.026905, -0.951682, 0.302057, 0.055339, 0.001741, 0.083135, 0.079947, 0.993326, 0.374530, 0.000000, 0.000000, 0.000000, 1.000000, 0.083218, 0.079920, 0.993322, 0.443534, -0.295617, -0.949932, 0.101195, 0.035905, 0.951675, -0.302064, -0.055425, 0.255296, 0.000000, 0.000000, 0.000000, 1.000000, -0.999426, 0.033881, -0.000824, 0.016199, -0.002852, -0.059869, 0.998202, -0.036836, 0.033771, 0.997631, 0.059931, -0.060442, 0.000000, 0.000000, 0.000000, 1.000000
-19.7912, -26.9264, 1.8079, 374.5440, 443.5489, 35.9261, 255.2285, 16.1958, -36.8397, -60.4474, 0.295330, 0.950031, -0.101103, -0.026926, -0.951775, 0.301762, 0.055347, 0.001808, 0.083091, 0.079882, 0.993335, 0.374544, 0.000000, 0.000000, 0.000000, 1.000000, 0.083174, 0.079855, 0.993330, 0.443549, -0.295330, -0.950031, 0.101103, 0.035926, 0.951768, -0.301769, -0.055434, 0.255229, 0.000000, 0.000000, 0.000000, 1.000000, -0.999426, 0.033879, -0.000832, 0.016196, -0.002860, -0.059857, 0.998203, -0.036840, 0.033768, 0.997632, 0.059919, -0.060447, 0.000000, 0.000000, 0.000000, 1.000000
-19.7782, -26.9414, 1.8525, 374.5531, 443.5580, 35.9411, 255.1837, 16.1933, -36.8426, -60.4514, 0.295124, 0.950102, -0.101038, -0.026941, -0.951842, 0.301551, 0.055345, 0.001852, 0.083052, 0.079838, 0.993342, 0.374553, 0.000000, 0.000000, 0.000000, 1.000000, 0.083135, 0.079811, 0.993337, 0.443558, -0.295124, -0.950102, 0.101037, 0.035941, 0.951835, -0.301558, -0.055433, 0.255184, 0.000000, 0.000000, 0.000000, 1.000000, -0.999426, 0.033877, -0.000837, 0.016193, -0.002865, -0.059848, 0.998203, -0.036843, 0.033766, 0.997633, 0.059910, -0.060451, 0.000000, 0.000000, 0.000000, 1.000000
-19.7656, -26.9558, 1.8926, 374.5608, 443.5657, 35.9555, 255.1434, 16.1908, -36.8453, -60.4553, 0.294927, 0.950170, -0.100975, -0.026956, -0.951907, 0.301347, 0.055336, 0.001893, 0.083007, 0.079798, 0.993349, 0.374561, 0.000000, 0.000000, 0.000000, 1.000000, 0.083092, 0.079771, 0.993344, 0.443566, -0.294927, -0.950170, 0.100974, 0.035956, 0.951900, -0.301354, -0.055425, 0.255143, 0.000000, 0.000000, 0.000000, 1.000000, -0.999426, 0.033875, -0.000843, 0.016191, -0.002870, -0.059839, 0.998204, -0.036845, 0.033764, 0.997633, 0.059902, -0.060455, 0.000000, 0.000000, 0.000000, 1.000000
-19.7656, -26.9558, 1.8926, 374.5608, 443.5657, 35.9555, 255.1434, 16.1908, -36.8453, -60.4553, 0.294927, 0.950170, -0.100975, -0.026956, -0.951907, 0.301347, 0.055336, 0.001893, 0.083007, 0.079798, 0.993349, 0.374561, 0.000000, 0.000000, 0.000000, 1.000000, 0.083092, 0.079771, 0.993344, 0.443566, -0.294927, -0.950170, 0.100974, 0.035956, 0.951900, -0.301354, -0.055425, 0.255143, 0.000000, 0.000000, 0.000000, 1.000000, -0.999426, 0.033875, -0.000843, 0.016191, -0.002870, -0.059839, 0.998204, -0.036845, 0.033764, 0.997633, 0.059902, -0.060455, 0.000000, 0.000000, 0.000000, 1.000000
-19.7534, -26.9697, 1.9288, 374.5672, 443.5721, 35.9694, 255.1070, 16.1885, -36.8480, -60.4591, 0.294736, 0.950235, -0.100914, -0.026970, -0.951971, 0.301150, 0.055321, 0.001929, 0.082959, 0.079762, 0.993356, 0.374567, 0.000000, 0.000000, 0.000000, 1.000000, 0.083043, 0.079734, 0.993351, 0.443572, -0.294736, -0.950235, 0.100913, 0.035969, 0.951963, -0.301157, -0.055410, 0.255107, 0.000000, 0.000000, 0.000000, 1.000000, -0.999426, 0.033874, -0.000848, 0.016189, -0.002875, -0.059830, 0.998204, -0.036848, 0.033762, 0.997634, 0.059893, -0.060459, 0.000000, 0.000000, 0.000000, 1.000000
-19.7454, -26.9787, 1.9510, 374.5708, 443.5757, 35.9784, 255.0847, 16.1870, -36.8498, -60.4616, 0.294612, 0.950278, -0.100875, -0.026979, -0.952012, 0.301021, 0.055308, 0.001951, 0.082924, 0.079739, 0.993361, 0.374571, 0.000000, 0.000000, 0.000000, 1.000000, 0.083009, 0.079712, 0.993356, 0.443576, -0.294612, -0.950278, 0.100874, 0.035978, 0.952005, -0.301028, -0.055397, 0.255085, 0.000000, 0.000000, 0.000000, 1.000000, -0.999426, 0.033873, -0.000852, 0.016187, -0.002878, -0.059825, 0.998205, -0.036850, 0.033761, 0.997634, 0.059888, -0.060462, 0.000000, 0.000000, 0.000000, 1.000000
-19.7337, -26.9917, 1.9816, 374.5753, 443.5803, 35.9914, 255.0539, 16.1848, -36.8523, -60.4652, 0.294431, 0.950340, -0.100817, -0.026992, -0.952073, 0.300833, 0.055284, 0.001982, 0.082868, 0.079708, 0.993368, 0.374575, 0.000000, 0.000000, 0.000000, 1.000000, 0.082954, 0.079680, 0.993363, 0.443580, -0.294431, -0.950340, 0.100816, 0.035991, 0.952066, -0.300840, -0.055374, 0.255054, 0.000000, 0.000000, 0.000000, 1.000000, -0.999426, 0.033871, -0.000857, 0.016185, -0.002883, -0.059817, 0.998205, -0.036852, 0.033759, 0.997635, 0.059880, -0.060465, 0.000000, 0.000000, 0.000000, 1.000000
-19.7299, -26.9960, 1.9911, 374.5766, 443.5816, 35.9957, 255.0443, 16.1840, -36.8532, -60.4664, 0.294372, 0.950360, -0.100798, -0.026996, -0.952093, 0.300771, 0.055275, 0.001991, 0.082849, 0.079698, 0.993370, 0.374577, 0.000000, 0.000000, 0.000000, 1.000000, 0.082934, 0.079670, 0.993365, 0.443582, -0.294372, -0.950360, 0.100798, 0.035996, 0.952086, -0.300778, -0.055365, 0.255044, 0.000000, 0.000000, 0.000000, 1.000000, -0.999426, 0.033871, -0.000858, 0.016184, -0.002884, -0.059814, 0.998205, -0.036853, 0.033759, 0.997635, 0.059877, -0.060466, 0.000000, 0.000000, 0.000000, 1.000000
-19.7185, -27.0085, 2.0181, 374.5800, 443.5850, 36.0082, 255.0171, 16.1819, -36.8557, -60.4699, 0.294197, 0.950421, -0.100743, -0.027009, -0.952152, 0.300589, 0.055246, 0.002018, 0.082789, 0.079669, 0.993377, 0.374580, 0.000000, 0.000000, 0.000000, 1.000000, 0.082875, 0.079641, 0.993373, 0.443585, -0.294197, -0.950421, 0.100742, 0.036008, 0.952145, -0.300596, -0.055336, 0.255017, 0.000000, 0.000000, 0.000000, 1.000000, -0.999426, 0.033869, -0.000863, 0.016182, -0.002889, -0.059806, 0.998206, -0.036856, 0.033757, 0.997635, 0.059869, -0.060470, 0.000000, 0.000000, 0.000000, 1.000000
-19.7073, -27.0208, 2.0431, 374.5828, 443.5878, 36.0205, 254.9920, 16.1797, -36.8581, -60.4734, 0.294025, 0.950479, -0.100688, -0.027021, -0.952211, 0.300410, 0.055213, 0.002043, 0.082727, 0.079642, 0.993385, 0.374583, 0.000000, 0.000000, 0.000000, 1.000000, 0.082813, 0.079614, 0.993380, 0.443588, -0.294025, -0.950479, 0.100688, 0.036020, 0.952203, -0.300417, -0.055303, 0.254992, 0.000000, 0.000000, 0.000000, 1.000000, -0.999426, 0.033868, -0.000868, 0.016180, -0.002893, -0.059798, 0.998206, -0.036858, 0.033755, 0.997636, 0.059862, -0.060473, 0.000000, 0.000000, 0.000000, 1.000000
-19.6963, -27.0328, 2.0666, 374.5850, 443.5901, 36.0325, 254.9684, 16.1777, -36.8606, -60.4768, 0.293856, 0.950537, -0.100635, -0.027033, -0.952269, 0.300233, 0.055178, 0.002067, 0.082663, 0.079617, 0.993392, 0.374585, 0.000000, 0.000000, 0.000000, 1.000000, 0.082749, 0.079589, 0.993387, 0.443590, -0.293856, -0.950537, 0.100634, 0.036032, 0.952261, -0.300240, -0.055269, 0.254968, 0.000000, 0.000000, 0.000000, 1.000000, -0.999426, 0.033867, -0.000873, 0.016178, -0.002898, -0.059790, 0.998207, -0.036861, 0.033754, 0.997636, 0.059854, -0.060477, 0.000000, 0.000000, 0.000000, 1.000000
-19.6890, -27.0406, 2.0815, 374.5863, 443.5913, 36.0403, 254.9534, 16.1763, -36.8622, -60.4791, 0.293746, 0.950575, -0.100600, -0.027041, -0.952306, 0.300117, 0.055154, 0.002081, 0.082619, 0.079601, 0.993397, 0.374586, 0.000000, 0.000000, 0.000000, 1.000000, 0.082706, 0.079572, 0.993392, 0.443591, -0.293746, -0.950575, 0.100599, 0.036040, 0.952299, -0.300125, -0.055244, 0.254953, 0.000000, 0.000000, 0.000000, 1.000000, -0.999426, 0.033866, -0.000876, 0.016176, -0.002901, -0.059785, 0.998207, -0.036862, 0.033753, 0.997637, 0.059849, -0.060479, 0.000000, 0.000000, 0.000000, 1.000000
-19.6818, -27.0487, 2.1047, 374.5908, 443.5959, 36.0484, 254.9300, 16.1749, -36.8637, -60.4813, 0.293633, 0.950614, -0.100564, -0.027049, -0.952343, 0.300001, 0.055149, 0.002105, 0.082595, 0.079577, 0.993401, 0.374591, 0.000000, 0.000000, 0.000000, 1.000000, 0.082682, 0.079549, 0.993396, 0.443596, -0.293633, -0.950614, 0.100563, 0.036048, 0.952336, -0.300009, -0.055241, 0.254930, 0.000000, 0.000000, 0.000000, 1.000000, -0.999426, 0.033865, -0.000879, 0.016175, -0.002904, -0.059780, 0.998207, -0.036864, 0.033752, 0.997637, 0.059844, -0.060481, 0.000000, 0.000000, 0.000000, 1.000000
-19.6748, -27.0566, 2.1266, 374.5950, 443.6001, 36.0563, 254.9078, 16.1736, -36.8653, -60.4835, 0.293522, 0.950652, -0.100528, -0.027057, -0.952380, 0.299887, 0.055143, 0.002127, 0.082569, 0.079555, 0.993405, 0.374595, 0.000000, 0.000000, 0.000000, 1.000000, 0.082657, 0.079527, 0.993400, 0.443600, -0.293522, -0.950652, 0.100528, 0.036056, 0.952372, -0.299894, -0.055235, 0.254908, 0.000000, 0.000000, 0.000000, 1.000000, -0.999426, 0.033864, -0.000882, 0.016174, -0.002906, -0.059775, 0.998208, -0.036865, 0.033751, 0.997637, 0.059839, -0.060483, 0.000000, 0.000000, 0.000000, 1.000000
-19.6678, -27.0644, 2.1475, 374.5988, 443.6039, 36.0641, 254.8868, 16.1722, -36.8668, -60.4856, 0.293414, 0.950689, -0.100494, -0.027064, -0.952416, 0.299775, 0.055135, 0.002147, 0.082541, 0.079534, 0.993409, 0.374599, 0.000000, 0.000000, 0.000000, 1.000000, 0.082630, 0.079506, 0.993404, 0.443604, -0.293414, -0.950689, 0.100493, 0.036064, 0.952408, -0.299782, -0.055227, 0.254887, 0.000000, 0.000000, 0.000000, 1.000000, -0.999426, 0.033863, -0.000885, 0.016172, -0.002909, -0.059771, 0.998208, -0.036867, 0.033750, 0.997638, 0.059835, -0.060486, 0.000000, 0.000000, 0.000000, 1.000000
-19.6574, -27.0759, 2.1767, 374.6037, 443.6089, 36.0756, 254.8573, 16.1702, -36.8691, -60.4888, 0.293253, 0.950744, -0.100442, -0.027076, -0.952469, 0.299608, 0.055119, 0.002177, 0.082497, 0.079505, 0.993415, 0.374604, 0.000000, 0.000000, 0.000000, 1.000000, 0.082586, 0.079476, 0.993410, 0.443609, -0.293253, -0.950744, 0.100442, 0.036076, 0.952461, -0.299615, -0.055212, 0.254857, 0.000000, 0.000000, 0.000000, 1.000000, -0.999426, 0.033862, -0.000890, 0.016170, -0.002913, -0.059763, 0.998208, -0.036869, 0.033748, 0.997638, 0.059828, -0.060489, 0.000000, 0.000000, 0.000000, 1.000000
-19.6540, -27.0797, 2.1860, 374.6052, 443.6104, 36.0794, 254.8479, 16.1696, -36.8698, -60.4899, 0.293200, 0.950762, -0.100425, -0.027080, -0.952487, 0.299553, 0.055112, 0.002186, 0.082481, 0.079495, 0.993417, 0.374605, 0.000000, 0.000000, 0.000000, 1.000000, 0.082571, 0.079466, 0.993412, 0.443610, -0.293200, -0.950762, 0.100425, 0.036079, 0.952479, -0.299560, -0.055206, 0.254848, 0.000000, 0.000000, 0.000000, 1.000000, -0.999426, 0.033861, -0.000891, 0.016170, -0.002915, -0.059761, 0.998208, -0.036870, 0.033747, 0.997638, 0.059825, -0.060490, 0.000000, 0.000000, 0.000000, 1.000000
-19.6370, -27.0983, 2.2296, 374.6117, 443.6169, 36.0980, 254.8039, 16.1663, -36.8736, -60.4952, 0.292936, 0.950852, -0.100342, -0.027098, -0.952575, 0.299279, 0.055075, 0.002230, 0.082398, 0.079449, 0.993428, 0.374612, 0.000000, 0.000000, 0.000000, 1.000000, 0.082488, 0.079420, 0.993422, 0.443617, -0.292937, -0.950852, 0.100341, 0.036098, 0.952567, -0.299287, -0.055169, 0.254804, 0.000000, 0.000000, 0.000000, 1.000000, -0.999426, 0.033859, -0.000899, 0.016166, -0.002922, -0.059749, 0.998209, -0.036874, 0.033745, 0.997639, 0.059814, -0.060495, 0.000000, 0.000000, 0.000000, 1.000000
-19.6303, -27.1056, 2.2456, 374.6138, 443.6190, 36.1053, 254.7877, 16.1651, -36.8751, -60.4972, 0.292833, 0.950887, -0.100309, -0.027106, -0.952609, 0.299172, 0.055058, 0.002246, 0.082363, 0.079432, 0.993432, 0.374614, 0.000000, 0.000000, 0.000000, 1.000000, 0.082454, 0.079403, 0.993427, 0.443619, -0.292834, -0.950887, 0.100308, 0.036105, 0.952602, -0.299179, -0.055153, 0.254788, 0.000000, 0.000000, 0.000000, 1.000000, -0.999426, 0.033858, -0.000901, 0.016165, -0.002924, -0.059744, 0.998209, -0.036875, 0.033744, 0.997639, 0.059809, -0.060497, 0.000000, 0.000000, 0.000000, 1.000000
-19.6236, -27.1128, 2.2612, 374.6157, 443.6210, 36.1125, 254.7720, 16.1638, -36.8765, -60.4993, 0.292731, 0.950922, -0.100276, -0.027113, -0.952644, 0.299065, 0.055040, 0.002261, 0.082328, 0.079416, 0.993436, 0.374616, 0.000000, 0.000000, 0.000000, 1.000000, 0.082418, 0.079386, 0.993431, 0.443621, -0.292731, -0.950922, 0.100275, 0.036113, 0.952636, -0.299073, -0.055135, 0.254772, 0.000000, 0.000000, 0.000000, 1.000000, -0.999426, 0.033858, -0.000904, 0.016164, -0.002927, -0.059740, 0.998210, -0.036877, 0.033743, 0.997640, 0.059805, -0.060499, 0.000000, 0.000000, 0.000000, 1.000000
-19.6203, -27.1165, 2.2688, 374.6166, 443.6219, 36.1162, 254.7643, 16.1632, -36.8773, -60.5003, 0.292680, 0.950940, -0.100260, -0.027116, -0.952661, 0.299012, 0.055030, 0.002269, 0.082309, 0.079407, 0.993438, 0.374617, 0.000000, 0.000000, 0.000000, 1.000000, 0.082400, 0.079378, 0.993433, 0.443622, -0.292680, -0.950940, 0.100259, 0.036116, 0.952654, -0.299019, -0.055125, 0.254764, 0.000000, 0.000000, 0.000000, 1.000000, -0.999426, 0.033857, -0.000906, 0.016163, -0.002928, -0.059737, 0.998210, -0.036877, 0.033743, 0.997640, 0.059802, -0.060500, 0.000000, 0.000000, 0.000000, 1.000000
-19.6102, -27.1273, 2.2914, 374.6192, 443.6245, 36.1271, 254.7416, 16.1612, -36.8795, -60.5034, 0.292525, 0.950993, -0.100211, -0.027127, -0.952714, 0.298850, 0.055001, 0.002291, 0.082253, 0.079383, 0.993445, 0.374619, 0.000000, 0.000000, 0.000000, 1.000000, 0.082345, 0.079354, 0.993440, 0.443624, -0.292525, -0.950993, 0.100210, 0.036127, 0.952706, -0.298858, -0.055096, 0.254742, 0.000000, 0.000000, 0.000000, 1.000000, -0.999426, 0.033856, -0.000910, 0.016161, -0.002932, -0.059730, 0.998210, -0.036879, 0.033741, 0.997640, 0.059795, -0.060503, 0.000000, 0.000000, 0.000000, 1.000000
-19.6034, -27.1346, 2.3063, 374.6208, 443.6261, 36.1344, 254.7265, 16.1600, -36.8810, -60.5055, 0.292421, 0.951028, -0.100177, -0.027135, -0.952749, 0.298742, 0.054980, 0.002306, 0.082215, 0.079367, 0.993449, 0.374621, 0.000000, 0.000000, 0.000000, 1.000000, 0.082307, 0.079337, 0.993444, 0.443626, -0.292421, -0.951028, 0.100177, 0.036134, 0.952741, -0.298749, -0.055076, 0.254727, 0.000000, 0.000000, 0.000000, 1.000000, -0.999426, 0.033855, -0.000913, 0.016160, -0.002935, -0.059726, 0.998211, -0.036881, 0.033740, 0.997641, 0.059791, -0.060506, 0.000000, 0.000000, 0.000000, 1.000000
-19.5965, -27.1420, 2.3212, 374.6225, 443.6278, 36.1417, 254.7115, 16.1586, -36.8825, -60.5077, 0.292316, 0.951064, -0.100144, -0.027142, -0.952784, 0.298632, 0.054959, 0.002321, 0.082176, 0.079350, 0.993454, 0.374622, 0.000000, 0.000000, 0.000000, 1.000000, 0.082268, 0.079321, 0.993449, 0.443628, -0.292316, -0.951064, 0.100143, 0.036142, 0.952777, -0.298640, -0.055055, 0.254711, 0.000000, 0.000000, 0.000000, 1.000000, -0.999426, 0.033854, -0.000916, 0.016159, -0.002938, -0.059721, 0.998211, -0.036882, 0.033739, 0.997641, 0.059786, -0.060508, 0.000000, 0.000000, 0.000000, 1.000000
-19.5826, -27.1571, 2.3560, 374.6274, 443.6328, 36.1568, 254.6765, 16.1560, -36.8856, -60.5120, 0.292102, 0.951137, -0.100075, -0.027157, -0.952856, 0.298409, 0.054927, 0.002356, 0.082106, 0.079313, 0.993463, 0.374627, 0.000000, 0.000000, 0.000000, 1.000000, 0.082199, 0.079284, 0.993457, 0.443633, -0.292102, -0.951137, 0.100075, 0.036157, 0.952848, -0.298417, -0.055023, 0.254676, 0.000000, 0.000000, 0.000000, 1.000000, -0.999426, 0.033853, -0.000922, 0.016156, -0.002943, -0.059711, 0.998211, -0.036886, 0.033737, 0.997642, 0.059776, -0.060512, 0.000000, 0.000000, 0.000000, 1.000000
-19.5755, -27.1654, 2.3885, 374.6357, 443.6411, 36.1651, 254.6435, 16.1546, -36.8871, -60.5141, 0.291987, 0.951176, -0.100039, -0.027165, -0.952892, 0.298293, 0.054945, 0.002389, 0.082103, 0.079283, 0.993465, 0.374636, 0.000000, 0.000000, 0.000000, 1.000000, 0.082197, 0.079253, 0.993460, 0.443641, -0.291987, -0.951176, 0.100038, 0.036165, 0.952884, -0.298301, -0.055043, 0.254643, 0.000000, 0.000000, 0.000000, 1.000000, -0.999426, 0.033852, -0.000925, 0.016155, -0.002946, -0.059706, 0.998212, -0.036887, 0.033736, 0.997642, 0.059772, -0.060514, 0.000000, 0.000000, 0.000000, 1.000000
-19.5720, -27.1695, 2.4043, 374.6397, 443.6451, 36.1692, 254.6276, 16.1539, -36.8878, -60.5152, 0.291930, 0.951195, -0.100020, -0.027170, -0.952909, 0.298235, 0.054953, 0.002404, 0.082100, 0.079268, 0.993467, 0.374640, 0.000000, 0.000000, 0.000000, 1.000000, 0.082194, 0.079238, 0.993461, 0.443645, -0.291931, -0.951195, 0.100019, 0.036169, 0.952901, -0.298243, -0.055051, 0.254628, 0.000000, 0.000000, 0.000000, 1.000000, -0.999426, 0.033851, -0.000927, 0.016154, -0.002948, -0.059704, 0.998212, -0.036888, 0.033735, 0.997642, 0.059769, -0.060515, 0.000000, 0.000000, 0.000000, 1.000000
-19.5614, -27.1817, 2.4491, 374.6506, 443.6560, 36.1814, 254.5822, 16.1519, -36.8901, -60.5185, 0.291761, 0.951253, -0.099965, -0.027182, -0.952962, 0.298062, 0.054971, 0.002449, 0.082087, 0.079225, 0.993471, 0.374651, 0.000000, 0.000000, 0.000000, 1.000000, 0.082182, 0.079194, 0.993466, 0.443656, -0.291761, -0.951253, 0.099965, 0.036181, 0.952954, -0.298070, -0.055070, 0.254582, 0.000000, 0.000000, 0.000000, 1.000000, -0.999427, 0.033850, -0.000932, 0.016152, -0.002952, -0.059697, 0.998212, -0.036890, 0.033734, 0.997642, 0.059762, -0.060519, 0.000000, 0.000000, 0.000000, 1.000000
-19.5543, -27.1898, 2.4770, 374.6570, 443.6626, 36.1895, 254.5539, 16.1505, -36.8917, -60.5207, 0.291648, 0.951292, -0.099929, -0.027190, -0.952998, 0.297946, 0.054978, 0.002477, 0.082074, 0.079198, 0.993474, 0.374657, 0.000000, 0.000000, 0.000000, 1.000000, 0.082170, 0.079167, 0.993469, 0.443663, -0.291648, -0.951292, 0.099928, 0.036190, 0.952990, -0.297954, -0.055079, 0.254554, 0.000000, 0.000000, 0.000000, 1.000000, -0.999427, 0.033849, -0.000935, 0.016150, -0.002955, -0.059692, 0.998212, -0.036892, 0.033732, 0.997643, 0.059757, -0.060521, 0.000000, 0.000000, 0.000000, 1.000000
-19.5472, -27.1979, 2.5033, 374.6629, 443.6685, 36.1976, 254.5273, 16.1491, -36.8932, -60.5229, 0.291535, 0.951330, -0.099893, -0.027198, -0.953034, 0.297831, 0.054982, 0.002503, 0.082057, 0.079172, 0.993478, 0.374663, 0.000000, 0.000000, 0.000000, 1.000000, 0.082154, 0.079141, 0.993472, 0.443668, -0.291535, -0.951330, 0.099892, 0.036198, 0.953026, -0.297839, -0.055083, 0.254527, 0.000000, 0.000000, 0.000000, 1.000000, -0.999427, 0.033848, -0.000938, 0.016149, -0.002958, -0.059687, 0.998213, -0.036893, 0.033731, 0.997643, 0.059753, -0.060523, 0.000000, 0.000000, 0.000000, 1.000000
-19.5472, -27.1979, 2.5033, 374.6629, 443.6685, 36.1976, 254.5273, 16.1491, -36.8932, -60.5229, 0.291535, 0.951330, -0.099893, -0.027198, -0.953034, 0.297831, 0.054982, 0.002503, 0.082057, 0.079172, 0.993478, 0.374663, 0.000000, 0.000000, 0.000000, 1.000000, 0.082154, 0.079141, 0.993472, 0.443668, -0.291535, -0.951330, 0.099892, 0.036198, 0.953026, -0.297839, -0.055083, 0.254527, 0.000000, 0.000000, 0.000000, 1.000000, -0.999427, 0.033848, -0.000938, 0.016149, -0.002958, -0.059687, 0.998213, -0.036893, 0.033731, 0.997643, 0.059753, -0.060523, 0.000000, 0.000000, 0.000000, 1.000000
-19.5329, -27.2139, 2.5515, 374.6728, 443.6785, 36.2136, 254.4784, 16.1464, -36.8963, -60.5273, 0.291310, 0.951407, -0.099821, -0.027214, -0.953107, 0.297599, 0.054978, 0.002552, 0.082013, 0.079124, 0.993485, 0.374673, 0.000000, 0.000000, 0.000000, 1.000000, 0.082111, 0.079093, 0.993480, 0.443678, -0.291310, -0.951407, 0.099820, 0.036214, 0.953098, -0.297607, -0.055080, 0.254478, 0.000000, 0.000000, 0.000000, 1.000000, -0.999427, 0.033846, -0.000944, 0.016146, -0.002964, -0.059677, 0.998213, -0.036896, 0.033729, 0.997644, 0.059743, -0.060527, 0.000000, 0.000000, 0.000000, 1.000000
-19.5257, -27.2219, 2.5735, 374.6769, 443.6826, 36.2216, 254.4561, 16.1450, -36.8979, -60.5295, 0.291197, 0.951445, -0.099785, -0.027222, -0.953143, 0.297482, 0.054970, 0.002573, 0.081985, 0.079102, 0.993489, 0.374677, 0.000000, 0.000000, 0.000000, 1.000000, 0.082084, 0.079071, 0.993484, 0.443683, -0.291197, -0.951445, 0.099784, 0.036222, 0.953135, -0.297491, -0.055073, 0.254456, 0.000000, 0.000000, 0.000000, 1.000000, -0.999427, 0.033845, -0.000947, 0.016145, -0.002967, -0.059672, 0.998214, -0.036898, 0.033728, 0.997644, 0.059738, -0.060530, 0.000000, 0.000000, 0.000000, 1.000000
-19.5147, -27.2343, 2.6132, 374.6856, 443.6914, 36.2340, 254.4158, 16.1429, -36.9003, -60.5329, 0.291023, 0.951504, -0.099729, -0.027234, -0.953199, 0.297304, 0.054973, 0.002613, 0.081957, 0.079063, 0.993495, 0.374686, 0.000000, 0.000000, 0.000000, 1.000000, 0.082057, 0.079031, 0.993489, 0.443691, -0.291023, -0.951504, 0.099729, 0.036234, 0.953190, -0.297312, -0.055078, 0.254416, 0.000000, 0.000000, 0.000000, 1.000000, -0.999427, 0.033843, -0.000952, 0.016143, -0.002972, -0.059664, 0.998214, -0.036900, 0.033726, 0.997645, 0.059731, -0.060533, 0.000000, 0.000000, 0.000000, 1.000000
