# Joint_4_Angle(deg), Cam_X(mm), Cam_Y(mm), Cam_Z(mm), Torso_X(mm), Torso_Y(mm), Torso_Z(mm), EE_X(mm), EE_Y(mm), EE_Z(mm), T_cam2marker_flat(16), T_torso2marker_flat(16), T_ee2marker_flat(16)
-29.9995, -12.3846, 20.4167, 126.7183, 148.7142, 12.3843, 179.6313, 14.0315, 123.2234, -19.7881, 0.994741, -0.088209, -0.052057, -0.012385, 0.056300, 0.895473, -0.441541, 0.020417, 0.085563, 0.436288, 0.895730, 0.126718, 0.000000, 0.000000, 0.000000, 1.000000, 0.085550, 0.436108, 0.895819, 0.148714, -0.994741, 0.088208, 0.052055, 0.012384, -0.056317, -0.895561, 0.441361, 0.179631, 0.000000, 0.000000, 0.000000, 1.000000, 0.996221, -0.034695, 0.079621, 0.014031, 0.080292, 0.018380, -0.996602, 0.123223, 0.033113, 0.999229, 0.021096, -0.019788, 0.000000, 0.000000, 0.000000, 1.000000
-29.9995, -12.3846, 20.4166, 126.7182, 148.7141, 12.3844, 179.6314, 14.0314, 123.2234, -19.7881, 0.994741, -0.088209, -0.052057, -0.012385, 0.056300, 0.895473, -0.441541, 0.020417, 0.085563, 0.436288, 0.895730, 0.126718, 0.000000, 0.000000, 0.000000, 1.000000, 0.085550, 0.436109, 0.895818, 0.148714, -0.994741, 0.088208, 0.052055, 0.012384, -0.056317, -0.895561, 0.441361, 0.179631, 0.000000, 0.000000, 0.000000, 1.000000, 0.996221, -0.034695, 0.079621, 0.014031, 0.080292, 0.018380, -0.996602, 0.123223, 0.033113, 0.999229, 0.021096, -0.019788, 0.000000, 0.000000, 0.000000, 1.000000
-29.9995, -12.3846, 20.4165, 126.7181, 148.7141, 12.3844, 179.6315, 14.0314, 123.2234, -19.7881, 0.994741, -0.088209, -0.052057, -0.012385, 0.056300, 0.895473, -0.441541, 0.020417, 0.085563, 0.436288, 0.895730, 0.126718, 0.000000, 0.000000, 0.000000, 1.000000, 0.085550, 0.436109, 0.895818, 0.148714, -0.994741, 0.088208, 0.052055, 0.012384, -0.056317, -0.895560, 0.441362, 0.179632, 0.000000, 0.000000, 0.000000, 1.000000, 0.996221, -0.034695, 0.079621, 0.014031, 0.080292, 0.018380, -0.996602, 0.123223, 0.033113, 0.999229, 0.021096, -0.019788, 0.000000, 0.000000, 0.000000, 1.000000
-29.9995, -12.3846, 20.4165, 126.7181, 148.7141, 12.3844, 179.6316, 14.0314, 123.2234, -19.7881, 0.994741, -0.088209, -0.052057, -0.012385, 0.056299, 0.895473, -0.441541, 0.020417, 0.085563, 0.436288, 0.895730, 0.126718, 0.000000, 0.000000, 0.000000, 1.000000, 0.085550, 0.436109, 0.895818, 0.148714, -0.994741, 0.088208, 0.052055, 0.012384, -0.056317, -0.895560, 0.441362, 0.179632, 0.000000, 0.000000, 0.000000, 1.000000, 0.996221, -0.034695, 0.079621, 0.014031, 0.080292, 0.018380, -0.996602, 0.123223, 0.033113, 0.999229, 0.021096, -0.019788, 0.000000, 0.000000, 0.000000, 1.000000
-29.9995, -12.3846, 20.4165, 126.7181, 148.7140, 12.3844, 179.6317, 14.0314, 123.2234, -19.7881, 0.994741, -0.088209, -0.052057, -0.012385, 0.056299, 0.895473, -0.441541, 0.020416, 0.085563, 0.436288, 0.895730, 0.126718, 0.000000, 0.000000, 0.000000, 1.000000, 0.085550, 0.436109, 0.895818, 0.148714, -0.994741, 0.088208, 0.052055, 0.012384, -0.056316, -0.895560, 0.441362, 0.179632, 0.000000, 0.000000, 0.000000, 1.000000, 0.996221, -0.034695, 0.079621, 0.014031, 0.080292, 0.018380, -0.996602, 0.123223, 0.033113, 0.999229, 0.021096, -0.019788, 0.000000, 0.000000, 0.000000, 1.000000
-29.9995, -12.3846, 20.4164, 126.7181, 148.7141, 12.3844, 179.6318, 14.0314, 123.2234, -19.7880, 0.994741, -0.088209, -0.052057, -0.012385, 0.056299, 0.895473, -0.441541, 0.020416, 0.085563, 0.436288, 0.895730, 0.126718, 0.000000, 0.000000, 0.000000, 1.000000, 0.085550, 0.436109, 0.895818, 0.148714, -0.994741, 0.088208, 0.052055, 0.012384, -0.056316, -0.895560, 0.441362, 0.179632, 0.000000, 0.000000, 0.000000, 1.000000, 0.996221, -0.034695, 0.079621, 0.014031, 0.080292, 0.018380, -0.996602, 0.123223, 0.033113, 0.999229, 0.021096, -0.019788, 0.000000, 0.000000, 0.000000, 1.000000
-29.9994, -12.3847, 20.4161, 126.7183, 148.7143, 12.3844, 179.6321, 14.0314, 123.2234, -19.7879, 0.994741, -0.088208, -0.052057, -0.012385, 0.056299, 0.895474, -0.441539, 0.020416, 0.085563, 0.436286, 0.895731, 0.126718, 0.000000, 0.000000, 0.000000, 1.000000, 0.085550, 0.436108, 0.895819, 0.148714, -0.994741, 0.088208, 0.052056, 0.012384, -0.056316, -0.895561, 0.441361, 0.179632, 0.000000, 0.000000, 0.000000, 1.000000, 0.996221, -0.034695, 0.079621, 0.014031, 0.080292, 0.018380, -0.996602, 0.123223, 0.033113, 0.999229, 0.021096, -0.019788, 0.000000, 0.000000, 0.000000, 1.000000
-29.9988, -12.3847, 20.4149, 126.7195, 148.7154, 12.3844, 179.6334, 14.0314, 123.2231, -19.7872, 0.994741, -0.088208, -0.052058, -0.012385, 0.056299, 0.895478, -0.441531, 0.020415, 0.085564, 0.436278, 0.895735, 0.126719, 0.000000, 0.000000, 0.000000, 1.000000, 0.085550, 0.436100, 0.895822, 0.148715, -0.994741, 0.088207, 0.052057, 0.012384, -0.056316, -0.895565, 0.441353, 0.179633, 0.000000, 0.000000, 0.000000, 1.000000, 0.996221, -0.034695, 0.079621, 0.014031, 0.080292, 0.018380, -0.996602, 0.123223, 0.033114, 0.999229, 0.021096, -0.019787, 0.000000, 0.000000, 0.000000, 1.000000
-29.9959, -12.3849, 20.4084, 126.7262, 148.7222, 12.3846, 179.6400, 14.0315, 123.2215, -19.7835, 0.994741, -0.088205, -0.052064, -0.012385, 0.056298, 0.895501, -0.441485, 0.020408, 0.085565, 0.436232, 0.895757, 0.126726, 0.000000, 0.000000, 0.000000, 1.000000, 0.085551, 0.436055, 0.895844, 0.148722, -0.994741, 0.088204, 0.052062, 0.012385, -0.056315, -0.895587, 0.441308, 0.179640, 0.000000, 0.000000, 0.000000, 1.000000, 0.996221, -0.034696, 0.079621, 0.014032, 0.080291, 0.018380, -0.996602, 0.123221, 0.033115, 0.999229, 0.021096, -0.019784, 0.000000, 0.000000, 0.000000, 1.000000
-29.9949, -12.3849, 20.4061, 126.7287, 148.7247, 12.3847, 179.6423, 14.0316, 123.2209, -19.7822, 0.994741, -0.088204, -0.052066, -0.012385, 0.056298, 0.895509, -0.441469, 0.020406, 0.085565, 0.436216, 0.895765, 0.126729, 0.000000, 0.000000, 0.000000, 1.000000, 0.085552, 0.436039, 0.895852, 0.148725, -0.994741, 0.088203, 0.052064, 0.012385, -0.056315, -0.895595, 0.441292, 0.179642, 0.000000, 0.000000, 0.000000, 1.000000, 0.996221, -0.034696, 0.079621, 0.014032, 0.080291, 0.018380, -0.996602, 0.123221, 0.033115, 0.999229, 0.021096, -0.019782, 0.000000, 0.000000, 0.000000, 1.000000
-29.9922, -12.3843, 20.4045, 126.7372, 148.7332, 12.3841, 179.6439, 14.0322, 123.2190, -19.7779, 0.994740, -0.088207, -0.052068, -0.012384, 0.056305, 0.895535, -0.441414, 0.020404, 0.085565, 0.436161, 0.895791, 0.126737, 0.000000, 0.000000, 0.000000, 1.000000, 0.085552, 0.435984, 0.895879, 0.148733, -0.994741, 0.088206, 0.052066, 0.012384, -0.056322, -0.895621, 0.441237, 0.179644, 0.000000, 0.000000, 0.000000, 1.000000, 0.996221, -0.034697, 0.079620, 0.014032, 0.080291, 0.018380, -0.996602, 0.123219, 0.033116, 0.999229, 0.021096, -0.019778, 0.000000, 0.000000, 0.000000, 1.000000
-29.9865, -12.3837, 20.3975, 126.7537, 148.7497, 12.3834, 179.6508, 14.0330, 123.2154, -19.7694, 0.994740, -0.088209, -0.052075, -0.012384, 0.056314, 0.895587, -0.441308, 0.020398, 0.085565, 0.436054, 0.895844, 0.126754, 0.000000, 0.000000, 0.000000, 1.000000, 0.085552, 0.435877, 0.895931, 0.148750, -0.994740, 0.088208, 0.052074, 0.012383, -0.056331, -0.895673, 0.441130, 0.179651, 0.000000, 0.000000, 0.000000, 1.000000, 0.996221, -0.034699, 0.079620, 0.014033, 0.080290, 0.018379, -0.996602, 0.123215, 0.033118, 0.999229, 0.021096, -0.019769, 0.000000, 0.000000, 0.000000, 1.000000
-29.9814, -12.3834, 20.3895, 126.7674, 148.7633, 12.3831, 179.6588, 14.0336, 123.2123, -19.7622, 0.994739, -0.088208, -0.052083, -0.012383, 0.056318, 0.895631, -0.441218, 0.020390, 0.085566, 0.435964, 0.895887, 0.126767, 0.000000, 0.000000, 0.000000, 1.000000, 0.085553, 0.435787, 0.895975, 0.148763, -0.994740, 0.088208, 0.052081, 0.012383, -0.056335, -0.895717, 0.441041, 0.179659, 0.000000, 0.000000, 0.000000, 1.000000, 0.996221, -0.034701, 0.079619, 0.014034, 0.080290, 0.018379, -0.996602, 0.123212, 0.033120, 0.999229, 0.021096, -0.019762, 0.000000, 0.000000, 0.000000, 1.000000
-29.9679, -12.3832, 20.3648, 126.8018, 148.7978, 12.3829, 179.6835, 14.0347, 123.2044, -19.7440, 0.994739, -0.088203, -0.052106, -0.012383, 0.056325, 0.895742, -0.440992, 0.020365, 0.085570, 0.435737, 0.895997, 0.126802, 0.000000, 0.000000, 0.000000, 1.000000, 0.085557, 0.435560, 0.896084, 0.148798, -0.994739, 0.088202, 0.052104, 0.012383, -0.056342, -0.895828, 0.440815, 0.179684, 0.000000, 0.000000, 0.000000, 1.000000, 0.996221, -0.034706, 0.079617, 0.014035, 0.080288, 0.018378, -0.996602, 0.123204, 0.033125, 0.999229, 0.021095, -0.019744, 0.000000, 0.000000, 0.000000, 1.000000
-29.9548, -12.3834, 20.3386, 126.8341, 148.8301, 12.3831, 179.7097, 14.0355, 123.1969, -19.7268, 0.994738, -0.088194, -0.052129, -0.012383, 0.056327, 0.895846, -0.440780, 0.020339, 0.085574, 0.435524, 0.896100, 0.126834, 0.000000, 0.000000, 0.000000, 1.000000, 0.085561, 0.435347, 0.896188, 0.148830, -0.994739, 0.088193, 0.052127, 0.012383, -0.056344, -0.895932, 0.440602, 0.179710, 0.000000, 0.000000, 0.000000, 1.000000, 0.996221, -0.034710, 0.079616, 0.014036, 0.080287, 0.018378, -0.996602, 0.123197, 0.033129, 0.999228, 0.021095, -0.019727, 0.000000, 0.000000, 0.000000, 1.000000
-29.9448, -12.3837, 20.3177, 126.8585, 148.8545, 12.3834, 179.7307, 14.0360, 123.1912, -19.7138, 0.994738, -0.088186, -0.052148, -0.012384, 0.056327, 0.895925, -0.440619, 0.020318, 0.085577, 0.435364, 0.896178, 0.126858, 0.000000, 0.000000, 0.000000, 1.000000, 0.085564, 0.435186, 0.896265, 0.148854, -0.994738, 0.088185, 0.052146, 0.012383, -0.056344, -0.896011, 0.440442, 0.179731, 0.000000, 0.000000, 0.000000, 1.000000, 0.996221, -0.034714, 0.079614, 0.014036, 0.080285, 0.018378, -0.996602, 0.123191, 0.033133, 0.999228, 0.021095, -0.019714, 0.000000, 0.000000, 0.000000, 1.000000
-29.9338, -12.3834, 20.2986, 126.8871, 148.8831, 12.3831, 179.7497, 14.0370, 123.1847, -19.6987, 0.994737, -0.088183, -0.052166, -0.012383, 0.056334, 0.896017, -0.440433, 0.020299, 0.085580, 0.435176, 0.896269, 0.126887, 0.000000, 0.000000, 0.000000, 1.000000, 0.085567, 0.434998, 0.896356, 0.148883, -0.994738, 0.088182, 0.052164, 0.012383, -0.056351, -0.896103, 0.440255, 0.179750, 0.000000, 0.000000, 0.000000, 1.000000, 0.996221, -0.034718, 0.079613, 0.014037, 0.080284, 0.018377, -0.996603, 0.123185, 0.033137, 0.999228, 0.021095, -0.019699, 0.000000, 0.000000, 0.000000, 1.000000
-29.9092, -12.3833, 20.2521, 126.9496, 148.9456, 12.3831, 179.7961, 14.0389, 123.1704, -19.6658, 0.994736, -0.088170, -0.052208, -0.012383, 0.056343, 0.896217, -0.440024, 0.020252, 0.085587, 0.434766, 0.896467, 0.126950, 0.000000, 0.000000, 0.000000, 1.000000, 0.085574, 0.434588, 0.896555, 0.148946, -0.994736, 0.088169, 0.052207, 0.012383, -0.056360, -0.896303, 0.439846, 0.179796, 0.000000, 0.000000, 0.000000, 1.000000, 0.996221, -0.034726, 0.079610, 0.014039, 0.080281, 0.018376, -0.996603, 0.123170, 0.033145, 0.999228, 0.021094, -0.019666, 0.000000, 0.000000, 0.000000, 1.000000
-29.8956, -12.3836, 20.2249, 126.9832, 148.9792, 12.3833, 179.8232, 14.0397, 123.1627, -19.6480, 0.994736, -0.088161, -0.052233, -0.012384, 0.056346, 0.896324, -0.439804, 0.020225, 0.085592, 0.434546, 0.896574, 0.126983, 0.000000, 0.000000, 0.000000, 1.000000, 0.085578, 0.434367, 0.896661, 0.148979, -0.994736, 0.088161, 0.052231, 0.012383, -0.056363, -0.896411, 0.439625, 0.179823, 0.000000, 0.000000, 0.000000, 1.000000, 0.996221, -0.034731, 0.079608, 0.014040, 0.080280, 0.018376, -0.996603, 0.123163, 0.033150, 0.999228, 0.021094, -0.019648, 0.000000, 0.000000, 0.000000, 1.000000
-29.8812, -12.3840, 20.1953, 127.0182, 149.0142, 12.3837, 179.8528, 14.0404, 123.1546, -19.6293, 0.994735, -0.088151, -0.052260, -0.012384, 0.056346, 0.896437, -0.439574, 0.020195, 0.085597, 0.434315, 0.896685, 0.127018, 0.000000, 0.000000, 0.000000, 1.000000, 0.085584, 0.434136, 0.896773, 0.149014, -0.994735, 0.088150, 0.052258, 0.012384, -0.056363, -0.896524, 0.439395, 0.179853, 0.000000, 0.000000, 0.000000, 1.000000, 0.996221, -0.034736, 0.079607, 0.014040, 0.080278, 0.018375, -0.996603, 0.123155, 0.033155, 0.999228, 0.021094, -0.019629, 0.000000, 0.000000, 0.000000, 1.000000
-29.8583, -12.3849, 20.1465, 127.0734, 149.0694, 12.3846, 179.9015, 14.0415, 123.1418, -19.6000, 0.994735, -0.088132, -0.052304, -0.012385, 0.056345, 0.896615, -0.439212, 0.020147, 0.085605, 0.433952, 0.896860, 0.127073, 0.000000, 0.000000, 0.000000, 1.000000, 0.085592, 0.433773, 0.896947, 0.149069, -0.994735, 0.088131, 0.052302, 0.012385, -0.056362, -0.896702, 0.439033, 0.179902, 0.000000, 0.000000, 0.000000, 1.000000, 0.996221, -0.034744, 0.079604, 0.014041, 0.080275, 0.018374, -0.996603, 0.123142, 0.033163, 0.999227, 0.021094, -0.019600, 0.000000, 0.000000, 0.000000, 1.000000
-29.8259, -12.3866, 20.0753, 127.1501, 149.1461, 12.3864, 179.9727, 14.0427, 123.1239, -19.5590, 0.994734, -0.088103, -0.052368, -0.012387, 0.056338, 0.896862, -0.438708, 0.020075, 0.085618, 0.433447, 0.897103, 0.127150, 0.000000, 0.000000, 0.000000, 1.000000, 0.085605, 0.433267, 0.897191, 0.149146, -0.994734, 0.088102, 0.052366, 0.012386, -0.056356, -0.896949, 0.438528, 0.179973, 0.000000, 0.000000, 0.000000, 1.000000, 0.996221, -0.034755, 0.079599, 0.014043, 0.080271, 0.018374, -0.996604, 0.123124, 0.033175, 0.999227, 0.021094, -0.019559, 0.000000, 0.000000, 0.000000, 1.000000
-29.8176, -12.3871, 20.0567, 127.1696, 149.1656, 12.3869, 179.9912, 14.0429, 123.1193, -19.5486, 0.994734, -0.088095, -0.052385, -0.012387, 0.056336, 0.896925, -0.438579, 0.020057, 0.085622, 0.433318, 0.897164, 0.127170, 0.000000, 0.000000, 0.000000, 1.000000, 0.085608, 0.433139, 0.897253, 0.149166, -0.994734, 0.088094, 0.052383, 0.012387, -0.056353, -0.897012, 0.438399, 0.179991, 0.000000, 0.000000, 0.000000, 1.000000, 0.996221, -0.034758, 0.079598, 0.014043, 0.080270, 0.018373, -0.996604, 0.123119, 0.033177, 0.999227, 0.021094, -0.019549, 0.000000, 0.000000, 0.000000, 1.000000
-29.8007, -12.3883, 20.0186, 127.2091, 149.2051, 12.3880, 180.0293, 14.0434, 123.1101, -19.5275, 0.994733, -0.088078, -0.052419, -0.012388, 0.056331, 0.897052, -0.438320, 0.020019, 0.085629, 0.433059, 0.897289, 0.127209, 0.000000, 0.000000, 0.000000, 1.000000, 0.085615, 0.432879, 0.897377, 0.149205, -0.994734, 0.088077, 0.052417, 0.012388, -0.056348, -0.897139, 0.438140, 0.180029, 0.000000, 0.000000, 0.000000, 1.000000, 0.996221, -0.034764, 0.079596, 0.014043, 0.080268, 0.018373, -0.996604, 0.123110, 0.033183, 0.999227, 0.021094, -0.019528, 0.000000, 0.000000, 0.000000, 1.000000
-29.7750, -12.3901, 19.9596, 127.2690, 149.2650, 12.3899, 180.0882, 14.0441, 123.0961, -19.4955, 0.994733, -0.088051, -0.052472, -0.012390, 0.056321, 0.897245, -0.437926, 0.019960, 0.085640, 0.432664, 0.897478, 0.127269, 0.000000, 0.000000, 0.000000, 1.000000, 0.085627, 0.432484, 0.897567, 0.149265, -0.994733, 0.088050, 0.052470, 0.012390, -0.056339, -0.897332, 0.437746, 0.180088, 0.000000, 0.000000, 0.000000, 1.000000, 0.996221, -0.034773, 0.079593, 0.014044, 0.080265, 0.018372, -0.996604, 0.123096, 0.033192, 0.999226, 0.021094, -0.019496, 0.000000, 0.000000, 0.000000, 1.000000
-29.7576, -12.3915, 19.9194, 127.3092, 149.3052, 12.3912, 180.1284, 14.0444, 123.0867, -19.4740, 0.994733, -0.088033, -0.052508, -0.012391, 0.056314, 0.897375, -0.437661, 0.019919, 0.085648, 0.432399, 0.897605, 0.127309, 0.000000, 0.000000, 0.000000, 1.000000, 0.085634, 0.432219, 0.897694, 0.149305, -0.994733, 0.088032, 0.052506, 0.012391, -0.056332, -0.897462, 0.437480, 0.180128, 0.000000, 0.000000, 0.000000, 1.000000, 0.996221, -0.034779, 0.079591, 0.014044, 0.080263, 0.018372, -0.996604, 0.123087, 0.033198, 0.999226, 0.021094, -0.019474, 0.000000, 0.000000, 0.000000, 1.000000
-29.7576, -12.3915, 19.9194, 127.3092, 149.3052, 12.3912, 180.1284, 14.0444, 123.0867, -19.4740, 0.994733, -0.088033, -0.052508, -0.012391, 0.056314, 0.897375, -0.437661, 0.019919, 0.085648, 0.432399, 0.897605, 0.127309, 0.000000, 0.000000, 0.000000, 1.000000, 0.085634, 0.432219, 0.897694, 0.149305, -0.994733, 0.088032, 0.052506, 0.012391, -0.056332, -0.897462, 0.437480, 0.180128, 0.000000, 0.000000, 0.000000, 1.000000, 0.996221, -0.034779, 0.079591, 0.014044, 0.080263, 0.018372, -0.996604, 0.123087, 0.033198, 0.999226, 0.021094, -0.019474, 0.000000, 0.000000, 0.000000, 1.000000
-29.7048, -12.3958, 19.7960, 127.4308, 149.4268, 12.3956, 180.2517, 14.0454, 123.0581, -19.4089, 0.994732, -0.087974, -0.052618, -0.012396, 0.056290, 0.897766, -0.436862, 0.019796, 0.085672, 0.431599, 0.897988, 0.127431, 0.000000, 0.000000, 0.000000, 1.000000, 0.085658, 0.431418, 0.898077, 0.149427, -0.994732, 0.087974, 0.052617, 0.012396, -0.056307, -0.897853, 0.436681, 0.180252, 0.000000, 0.000000, 0.000000, 1.000000, 0.996221, -0.034797, 0.079584, 0.014045, 0.080256, 0.018371, -0.996605, 0.123058, 0.033216, 0.999226, 0.021094, -0.019409, 0.000000, 0.000000, 0.000000, 1.000000
-29.6874, -12.3974, 19.7550, 127.4708, 149.4668, 12.3971, 180.2927, 14.0457, 123.0487, -19.3875, 0.994732, -0.087955, -0.052655, -0.012397, 0.056281, 0.897894, -0.436599, 0.019755, 0.085680, 0.431335, 0.898114, 0.127471, 0.000000, 0.000000, 0.000000, 1.000000, 0.085666, 0.431154, 0.898202, 0.149467, -0.994732, 0.087954, 0.052653, 0.012397, -0.056299, -0.897981, 0.436418, 0.180293, 0.000000, 0.000000, 0.000000, 1.000000, 0.996221, -0.034803, 0.079581, 0.014046, 0.080254, 0.018370, -0.996605, 0.123049, 0.033222, 0.999225, 0.021094, -0.019388, 0.000000, 0.000000, 0.000000, 1.000000
-29.6699, -12.3982, 19.7181, 127.5132, 149.5092, 12.3980, 180.3295, 14.0464, 123.0389, -19.3652, 0.994731, -0.087941, -0.052689, -0.012398, 0.056280, 0.898029, -0.436322, 0.019718, 0.085687, 0.431058, 0.898247, 0.127513, 0.000000, 0.000000, 0.000000, 1.000000, 0.085674, 0.430876, 0.898335, 0.149509, -0.994731, 0.087940, 0.052688, 0.012398, -0.056298, -0.898116, 0.436140, 0.180330, 0.000000, 0.000000, 0.000000, 1.000000, 0.996221, -0.034809, 0.079579, 0.014046, 0.080252, 0.018370, -0.996605, 0.123039, 0.033229, 0.999225, 0.021094, -0.019365, 0.000000, 0.000000, 0.000000, 1.000000
-29.6612, -12.3986, 19.6995, 127.5344, 149.5304, 12.3984, 180.3481, 14.0468, 123.0340, -19.3540, 0.994731, -0.087933, -0.052707, -0.012399, 0.056279, 0.898096, -0.436184, 0.019699, 0.085691, 0.430920, 0.898313, 0.127534, 0.000000, 0.000000, 0.000000, 1.000000, 0.085677, 0.430738, 0.898401, 0.149530, -0.994731, 0.087933, 0.052705, 0.012398, -0.056297, -0.898183, 0.436002, 0.180348, 0.000000, 0.000000, 0.000000, 1.000000, 0.996221, -0.034812, 0.079578, 0.014047, 0.080251, 0.018370, -0.996605, 0.123034, 0.033232, 0.999225, 0.021094, -0.019354, 0.000000, 0.000000, 0.000000, 1.000000
-29.6349, -12.4001, 19.6429, 127.5977, 149.5937, 12.3998, 180.4046, 14.0478, 123.0193, -19.3206, 0.994730, -0.087911, -0.052759, -0.012400, 0.056276, 0.898297, -0.435771, 0.019643, 0.085702, 0.430506, 0.898510, 0.127598, 0.000000, 0.000000, 0.000000, 1.000000, 0.085689, 0.430323, 0.898599, 0.149594, -0.994730, 0.087910, 0.052757, 0.012400, -0.056293, -0.898384, 0.435588, 0.180405, 0.000000, 0.000000, 0.000000, 1.000000, 0.996221, -0.034821, 0.079575, 0.014048, 0.080247, 0.018369, -0.996606, 0.123019, 0.033241, 0.999225, 0.021094, -0.019321, 0.000000, 0.000000, 0.000000, 1.000000
-29.6262, -12.4006, 19.6239, 127.6186, 149.6147, 12.4004, 180.4236, 14.0481, 123.0144, -19.3095, 0.994730, -0.087903, -0.052776, -0.012401, 0.056274, 0.898363, -0.435634, 0.019624, 0.085706, 0.430368, 0.898575, 0.127619, 0.000000, 0.000000, 0.000000, 1.000000, 0.085693, 0.430186, 0.898664, 0.149615, -0.994730, 0.087902, 0.052775, 0.012400, -0.056292, -0.898451, 0.435451, 0.180424, 0.000000, 0.000000, 0.000000, 1.000000, 0.996221, -0.034824, 0.079574, 0.014048, 0.080246, 0.018369, -0.996606, 0.123014, 0.033244, 0.999225, 0.021094, -0.019310, 0.000000, 0.000000, 0.000000, 1.000000
-29.6000, -12.4022, 19.5664, 127.6811, 149.6772, 12.4020, 180.4810, 14.0490, 122.9998, -19.2765, 0.994729, -0.087879, -0.052829, -0.012402, 0.056268, 0.898561, -0.435226, 0.019566, 0.085717, 0.429959, 0.898770, 0.127681, 0.000000, 0.000000, 0.000000, 1.000000, 0.085704, 0.429776, 0.898859, 0.149677, -0.994729, 0.087878, 0.052828, 0.012402, -0.056286, -0.898649, 0.435042, 0.180481, 0.000000, 0.000000, 0.000000, 1.000000, 0.996220, -0.034833, 0.079570, 0.014049, 0.080243, 0.018368, -0.996606, 0.123000, 0.033253, 0.999224, 0.021094, -0.019276, 0.000000, 0.000000, 0.000000, 1.000000
-29.5826, -12.4034, 19.5279, 127.7224, 149.7184, 12.4032, 180.5195, 14.0495, 122.9902, -19.2547, 0.994729, -0.087862, -0.052865, -0.012403, 0.056264, 0.898692, -0.434956, 0.019528, 0.085725, 0.429689, 0.898898, 0.127722, 0.000000, 0.000000, 0.000000, 1.000000, 0.085712, 0.429506, 0.898987, 0.149718, -0.994729, 0.087861, 0.052863, 0.012403, -0.056281, -0.898780, 0.434772, 0.180519, 0.000000, 0.000000, 0.000000, 1.000000, 0.996220, -0.034839, 0.079568, 0.014050, 0.080241, 0.018367, -0.996606, 0.122990, 0.033259, 0.999224, 0.021094, -0.019255, 0.000000, 0.000000, 0.000000, 1.000000
-29.5740, -12.4040, 19.5086, 127.7429, 149.7389, 12.4038, 180.5387, 14.0498, 122.9854, -19.2438, 0.994729, -0.087854, -0.052882, -0.012404, 0.056261, 0.898757, -0.434822, 0.019509, 0.085729, 0.429555, 0.898962, 0.127743, 0.000000, 0.000000, 0.000000, 1.000000, 0.085716, 0.429371, 0.899051, 0.149739, -0.994729, 0.087853, 0.052881, 0.012404, -0.056279, -0.898845, 0.434638, 0.180539, 0.000000, 0.000000, 0.000000, 1.000000, 0.996220, -0.034842, 0.079567, 0.014050, 0.080240, 0.018367, -0.996606, 0.122985, 0.033262, 0.999224, 0.021094, -0.019244, 0.000000, 0.000000, 0.000000, 1.000000
-29.5481, -12.4059, 19.4506, 127.8038, 149.7998, 12.4056, 180.5966, 14.0505, 122.9712, -19.2116, 0.994728, -0.087828, -0.052935, -0.012406, 0.056253, 0.898950, -0.434424, 0.019451, 0.085741, 0.429156, 0.899152, 0.127804, 0.000000, 0.000000, 0.000000, 1.000000, 0.085727, 0.428972, 0.899241, 0.149800, -0.994728, 0.087827, 0.052933, 0.012406, -0.056271, -0.899038, 0.434239, 0.180597, 0.000000, 0.000000, 0.000000, 1.000000, 0.996220, -0.034850, 0.079563, 0.014051, 0.080237, 0.018367, -0.996607, 0.122971, 0.033271, 0.999224, 0.021094, -0.019212, 0.000000, 0.000000, 0.000000, 1.000000
-29.5311, -12.4071, 19.4120, 127.8439, 149.8400, 12.4069, 180.6352, 14.0509, 122.9618, -19.1903, 0.994728, -0.087811, -0.052970, -0.012407, 0.056247, 0.899077, -0.434161, 0.019412, 0.085748, 0.428893, 0.899276, 0.127844, 0.000000, 0.000000, 0.000000, 1.000000, 0.085735, 0.428708, 0.899366, 0.149840, -0.994728, 0.087810, 0.052969, 0.012407, -0.056265, -0.899166, 0.433976, 0.180635, 0.000000, 0.000000, 0.000000, 1.000000, 0.996220, -0.034856, 0.079561, 0.014051, 0.080235, 0.018366, -0.996607, 0.122962, 0.033277, 0.999224, 0.021093, -0.019190, 0.000000, 0.000000, 0.000000, 1.000000
-29.4974, -12.4098, 19.3353, 127.9230, 149.9190, 12.4095, 180.7117, 14.0518, 122.9432, -19.1484, 0.994727, -0.087776, -0.053040, -0.012410, 0.056235, 0.899328, -0.433644, 0.019335, 0.085764, 0.428375, 0.899522, 0.127923, 0.000000, 0.000000, 0.000000, 1.000000, 0.085750, 0.428189, 0.899611, 0.149919, -0.994727, 0.087775, 0.053038, 0.012410, -0.056253, -0.899416, 0.433458, 0.180712, 0.000000, 0.000000, 0.000000, 1.000000, 0.996220, -0.034868, 0.079557, 0.014052, 0.080230, 0.018365, -0.996607, 0.122943, 0.033288, 0.999223, 0.021093, -0.019148, 0.000000, 0.000000, 0.000000, 1.000000
-29.4809, -12.4107, 19.2999, 127.9627, 149.9587, 12.4105, 180.7471, 14.0524, 122.9339, -19.1275, 0.994727, -0.087761, -0.053073, -0.012411, 0.056233, 0.899453, -0.433385, 0.019300, 0.085771, 0.428115, 0.899645, 0.127963, 0.000000, 0.000000, 0.000000, 1.000000, 0.085757, 0.427929, 0.899735, 0.149959, -0.994727, 0.087760, 0.053071, 0.012410, -0.056250, -0.899541, 0.433199, 0.180747, 0.000000, 0.000000, 0.000000, 1.000000, 0.996220, -0.034874, 0.079554, 0.014052, 0.080228, 0.018365, -0.996607, 0.122934, 0.033294, 0.999223, 0.021093, -0.019128, 0.000000, 0.000000, 0.000000, 1.000000
-29.4648, -12.4113, 19.2670, 128.0026, 149.9986, 12.4111, 180.7799, 14.0532, 122.9247, -19.1067, 0.994726, -0.087749, -0.053104, -0.012411, 0.056233, 0.899578, -0.433125, 0.019267, 0.085777, 0.427855, 0.899768, 0.128003, 0.000000, 0.000000, 0.000000, 1.000000, 0.085764, 0.427669, 0.899858, 0.149999, -0.994726, 0.087748, 0.053102, 0.012411, -0.056251, -0.899666, 0.432939, 0.180780, 0.000000, 0.000000, 0.000000, 1.000000, 0.996220, -0.034879, 0.079552, 0.014053, 0.080226, 0.018364, -0.996607, 0.122925, 0.033300, 0.999223, 0.021093, -0.019107, 0.000000, 0.000000, 0.000000, 1.000000
-29.4489, -12.4120, 19.2343, 128.0415, 150.0375, 12.4118, 180.8125, 14.0540, 122.9156, -19.0863, 0.994726, -0.087737, -0.053134, -0.012412, 0.056233, 0.899700, -0.432872, 0.019234, 0.085784, 0.427601, 0.899888, 0.128041, 0.000000, 0.000000, 0.000000, 1.000000, 0.085770, 0.427414, 0.899978, 0.150037, -0.994726, 0.087736, 0.053132, 0.012412, -0.056251, -0.899788, 0.432685, 0.180813, 0.000000, 0.000000, 0.000000, 1.000000, 0.996220, -0.034885, 0.079550, 0.014054, 0.080224, 0.018364, -0.996608, 0.122916, 0.033305, 0.999223, 0.021093, -0.019086, 0.000000, 0.000000, 0.000000, 1.000000
-29.4411, -12.4124, 19.2180, 128.0606, 150.0566, 12.4121, 180.8288, 14.0543, 122.9112, -19.0763, 0.994725, -0.087731, -0.053149, -0.012412, 0.056233, 0.899759, -0.432748, 0.019218, 0.085787, 0.427477, 0.899947, 0.128061, 0.000000, 0.000000, 0.000000, 1.000000, 0.085773, 0.427289, 0.900037, 0.150057, -0.994725, 0.087730, 0.053148, 0.012412, -0.056251, -0.899848, 0.432561, 0.180829, 0.000000, 0.000000, 0.000000, 1.000000, 0.996220, -0.034887, 0.079549, 0.014054, 0.080223, 0.018364, -0.996608, 0.122911, 0.033308, 0.999223, 0.021093, -0.019076, 0.000000, 0.000000, 0.000000, 1.000000
-29.4181, -12.4135, 19.1693, 128.1167, 150.1127, 12.4133, 180.8774, 14.0553, 122.8981, -19.0469, 0.994725, -0.087712, -0.053194, -0.012414, 0.056231, 0.899935, -0.432383, 0.019169, 0.085797, 0.427110, 0.900120, 0.128117, 0.000000, 0.000000, 0.000000, 1.000000, 0.085783, 0.426922, 0.900210, 0.150113, -0.994725, 0.087711, 0.053193, 0.012413, -0.056249, -0.900024, 0.432194, 0.180877, 0.000000, 0.000000, 0.000000, 1.000000, 0.996220, -0.034895, 0.079546, 0.014055, 0.080221, 0.018363, -0.996608, 0.122898, 0.033316, 0.999222, 0.021093, -0.019047, 0.000000, 0.000000, 0.000000, 1.000000
-29.4105, -12.4140, 19.1531, 128.1350, 150.1310, 12.4137, 180.8935, 14.0556, 122.8938, -19.0372, 0.994724, -0.087705, -0.053209, -0.012414, 0.056230, 0.899993, -0.432263, 0.019153, 0.085800, 0.426991, 0.900176, 0.128135, 0.000000, 0.000000, 0.000000, 1.000000, 0.085786, 0.426802, 0.900267, 0.150131, -0.994725, 0.087704, 0.053208, 0.012414, -0.056248, -0.900082, 0.432075, 0.180894, 0.000000, 0.000000, 0.000000, 1.000000, 0.996220, -0.034898, 0.079545, 0.014056, 0.080220, 0.018363, -0.996608, 0.122894, 0.033319, 0.999222, 0.021093, -0.019037, 0.000000, 0.000000, 0.000000, 1.000000
-29.3733, -12.4162, 19.0721, 128.2241, 150.2201, 12.4160, 180.9743, 14.0569, 122.8729, -18.9903, 0.994723, -0.087671, -0.053284, -0.012416, 0.056223, 0.900272, -0.431681, 0.019072, 0.085816, 0.426408, 0.900451, 0.128224, 0.000000, 0.000000, 0.000000, 1.000000, 0.085802, 0.426218, 0.900542, 0.150220, -0.994724, 0.087670, 0.053282, 0.012416, -0.056241, -0.900362, 0.431492, 0.180974, 0.000000, 0.000000, 0.000000, 1.000000, 0.996220, -0.034911, 0.079540, 0.014057, 0.080215, 0.018362, -0.996608, 0.122873, 0.033332, 0.999222, 0.021093, -0.018990, 0.000000, 0.000000, 0.000000, 1.000000
-29.3661, -12.4167, 19.0561, 128.2414, 150.2374, 12.4165, 180.9903, 14.0572, 122.8689, -18.9812, 0.994723, -0.087664, -0.053298, -0.012417, 0.056221, 0.900327, -0.431568, 0.019056, 0.085819, 0.426295, 0.900504, 0.128241, 0.000000, 0.000000, 0.000000, 1.000000, 0.085805, 0.426105, 0.900595, 0.150237, -0.994723, 0.087663, 0.053296, 0.012416, -0.056239, -0.900416, 0.431379, 0.180990, 0.000000, 0.000000, 0.000000, 1.000000, 0.996220, -0.034913, 0.079539, 0.014057, 0.080214, 0.018362, -0.996609, 0.122869, 0.033334, 0.999222, 0.021093, -0.018981, 0.000000, 0.000000, 0.000000, 1.000000
-29.3445, -12.4182, 19.0080, 128.2924, 150.2884, 12.4180, 181.0383, 14.0578, 122.8569, -18.9544, 0.994723, -0.087642, -0.053342, -0.012418, 0.056215, 0.900487, -0.431235, 0.019008, 0.085828, 0.425961, 0.900661, 0.128292, 0.000000, 0.000000, 0.000000, 1.000000, 0.085814, 0.425771, 0.900753, 0.150288, -0.994723, 0.087641, 0.053340, 0.012418, -0.056233, -0.900577, 0.431045, 0.181038, 0.000000, 0.000000, 0.000000, 1.000000, 0.996220, -0.034920, 0.079537, 0.014058, 0.080211, 0.018361, -0.996609, 0.122857, 0.033342, 0.999221, 0.021093, -0.018954, 0.000000, 0.000000, 0.000000, 1.000000
-29.3303, -12.4193, 18.9760, 128.3257, 150.3217, 12.4190, 181.0702, 14.0582, 122.8490, -18.9367, 0.994723, -0.087628, -0.053370, -0.012419, 0.056210, 0.900591, -0.431017, 0.018976, 0.085834, 0.425742, 0.900764, 0.128326, 0.000000, 0.000000, 0.000000, 1.000000, 0.085820, 0.425551, 0.900856, 0.150322, -0.994723, 0.087627, 0.053369, 0.012419, -0.056228, -0.900682, 0.430826, 0.181070, 0.000000, 0.000000, 0.000000, 1.000000, 0.996220, -0.034925, 0.079535, 0.014058, 0.080209, 0.018361, -0.996609, 0.122849, 0.033347, 0.999221, 0.021093, -0.018937, 0.000000, 0.000000, 0.000000, 1.000000
-29.3162, -12.4204, 18.9441, 128.3588, 150.3548, 12.4201, 181.1021, 14.0586, 122.8412, -18.9192, 0.994722, -0.087613, -0.053399, -0.012420, 0.056205, 0.900695, -0.430800, 0.018944, 0.085840, 0.425525, 0.900866, 0.128359, 0.000000, 0.000000, 0.000000, 1.000000, 0.085826, 0.425334, 0.900958, 0.150355, -0.994723, 0.087612, 0.053397, 0.012420, -0.056223, -0.900786, 0.430609, 0.181102, 0.000000, 0.000000, 0.000000, 1.000000, 0.996220, -0.034930, 0.079533, 0.014059, 0.080208, 0.018360, -0.996609, 0.122841, 0.033351, 0.999221, 0.021093, -0.018919, 0.000000, 0.000000, 0.000000, 1.000000
-29.3092, -12.4209, 18.9281, 128.3752, 150.3712, 12.4207, 181.1181, 14.0588, 122.8373, -18.9106, 0.994722, -0.087605, -0.053414, -0.012421, 0.056202, 0.900747, -0.430693, 0.018928, 0.085843, 0.425418, 0.900917, 0.128375, 0.000000, 0.000000, 0.000000, 1.000000, 0.085829, 0.425226, 0.901008, 0.150371, -0.994722, 0.087604, 0.053412, 0.012421, -0.056220, -0.900837, 0.430501, 0.181118, 0.000000, 0.000000, 0.000000, 1.000000, 0.996220, -0.034933, 0.079532, 0.014059, 0.080207, 0.018360, -0.996609, 0.122837, 0.033354, 0.999221, 0.021093, -0.018911, 0.000000, 0.000000, 0.000000, 1.000000
-29.2882, -12.4226, 18.8800, 128.4242, 150.4202, 12.4223, 181.1661, 14.0593, 122.8256, -18.8846, 0.994722, -0.087582, -0.053456, -0.012423, 0.056194, 0.900901, -0.430371, 0.018880, 0.085852, 0.425095, 0.901068, 0.128424, 0.000000, 0.000000, 0.000000, 1.000000, 0.085838, 0.424903, 0.901160, 0.150420, -0.994722, 0.087582, 0.053455, 0.012422, -0.056212, -0.900992, 0.430179, 0.181166, 0.000000, 0.000000, 0.000000, 1.000000, 0.996220, -0.034940, 0.079529, 0.014059, 0.080204, 0.018360, -0.996609, 0.122826, 0.033361, 0.999221, 0.021093, -0.018885, 0.000000, 0.000000, 0.000000, 1.000000
-29.2533, -12.4255, 18.7997, 128.5054, 150.5014, 12.4252, 181.2462, 14.0601, 122.8064, -18.8415, 0.994721, -0.087544, -0.053528, -0.012425, 0.056179, 0.901157, -0.429838, 0.018800, 0.085867, 0.424562, 0.901318, 0.128505, 0.000000, 0.000000, 0.000000, 1.000000, 0.085853, 0.424369, 0.901410, 0.150501, -0.994722, 0.087543, 0.053526, 0.012425, -0.056197, -0.901248, 0.429645, 0.181246, 0.000000, 0.000000, 0.000000, 1.000000, 0.996220, -0.034952, 0.079524, 0.014060, 0.080200, 0.018359, -0.996610, 0.122806, 0.033373, 0.999220, 0.021093, -0.018842, 0.000000, 0.000000, 0.000000, 1.000000
-29.2395, -12.4263, 18.7702, 128.5386, 150.5346, 12.4260, 181.2757, 14.0607, 122.7985, -18.8241, 0.994721, -0.087532, -0.053555, -0.012426, 0.056177, 0.901260, -0.429621, 0.018770, 0.085872, 0.424344, 0.901420, 0.128539, 0.000000, 0.000000, 0.000000, 1.000000, 0.085858, 0.424151, 0.901512, 0.150535, -0.994721, 0.087531, 0.053553, 0.012426, -0.056196, -0.901351, 0.429427, 0.181276, 0.000000, 0.000000, 0.000000, 1.000000, 0.996220, -0.034956, 0.079523, 0.014061, 0.080198, 0.018359, -0.996610, 0.122799, 0.033378, 0.999220, 0.021093, -0.018824, 0.000000, 0.000000, 0.000000, 1.000000
-29.2326, -12.4265, 18.7565, 128.5556, 150.5516, 12.4262, 181.2893, 14.0610, 122.7945, -18.8152, 0.994721, -0.087527, -0.053567, -0.012426, 0.056178, 0.901313, -0.429510, 0.018757, 0.085874, 0.424233, 0.901472, 0.128556, 0.000000, 0.000000, 0.000000, 1.000000, 0.085860, 0.424040, 0.901564, 0.150552, -0.994721, 0.087526, 0.053565, 0.012426, -0.056196, -0.901404, 0.429316, 0.181289, 0.000000, 0.000000, 0.000000, 1.000000, 0.996220, -0.034959, 0.079522, 0.014061, 0.080197, 0.018358, -0.996610, 0.122795, 0.033380, 0.999220, 0.021093, -0.018815, 0.000000, 0.000000, 0.000000, 1.000000
-29.2190, -12.4269, 18.7290, 128.5895, 150.5855, 12.4267, 181.3168, 14.0618, 122.7866, -18.7976, 0.994720, -0.087517, -0.053593, -0.012427, 0.056179, 0.901418, -0.429289, 0.018729, 0.085879, 0.424012, 0.901576, 0.128589, 0.000000, 0.000000, 0.000000, 1.000000, 0.085865, 0.423818, 0.901668, 0.150585, -0.994721, 0.087516, 0.053591, 0.012427, -0.056197, -0.901510, 0.429095, 0.181317, 0.000000, 0.000000, 0.000000, 1.000000, 0.996220, -0.034963, 0.079520, 0.014062, 0.080195, 0.018358, -0.996610, 0.122787, 0.033385, 0.999220, 0.021092, -0.018798, 0.000000, 0.000000, 0.000000, 1.000000
-29.1984, -12.4278, 18.6867, 128.6400, 150.6360, 12.4275, 181.3589, 14.0629, 122.7747, -18.7711, 0.994720, -0.087500, -0.053631, -0.012428, 0.056179, 0.901575, -0.428960, 0.018687, 0.085887, 0.423682, 0.901730, 0.128640, 0.000000, 0.000000, 0.000000, 1.000000, 0.085873, 0.423487, 0.901823, 0.150636, -0.994720, 0.087500, 0.053629, 0.012428, -0.056198, -0.901667, 0.428764, 0.181359, 0.000000, 0.000000, 0.000000, 1.000000, 0.996220, -0.034971, 0.079517, 0.014063, 0.080193, 0.018357, -0.996610, 0.122775, 0.033392, 0.999220, 0.021092, -0.018771, 0.000000, 0.000000, 0.000000, 1.000000
-29.1915, -12.4281, 18.6724, 128.6568, 150.6528, 12.4278, 181.3732, 14.0632, 122.7708, -18.7624, 0.994720, -0.087495, -0.053644, -0.012428, 0.056179, 0.901627, -0.428850, 0.018672, 0.085889, 0.423572, 0.901781, 0.128657, 0.000000, 0.000000, 0.000000, 1.000000, 0.085875, 0.423377, 0.901875, 0.150653, -0.994720, 0.087494, 0.053642, 0.012428, -0.056198, -0.901719, 0.428655, 0.181373, 0.000000, 0.000000, 0.000000, 1.000000, 0.996220, -0.034973, 0.079516, 0.014063, 0.080192, 0.018357, -0.996610, 0.122771, 0.033395, 0.999220, 0.021092, -0.018762, 0.000000, 0.000000, 0.000000, 1.000000
-29.1708, -12.4291, 18.6286, 128.7071, 150.7031, 12.4289, 181.4168, 14.0641, 122.7589, -18.7360, 0.994719, -0.087477, -0.053684, -0.012429, 0.056177, 0.901784, -0.428521, 0.018629, 0.085897, 0.423243, 0.901935, 0.128707, 0.000000, 0.000000, 0.000000, 1.000000, 0.085883, 0.423047, 0.902029, 0.150703, -0.994719, 0.087476, 0.053682, 0.012429, -0.056196, -0.901876, 0.428325, 0.181417, 0.000000, 0.000000, 0.000000, 1.000000, 0.996220, -0.034980, 0.079514, 0.014064, 0.080189, 0.018356, -0.996611, 0.122759, 0.033402, 0.999219, 0.021092, -0.018736, 0.000000, 0.000000, 0.000000, 1.000000
-29.1569, -12.4299, 18.5988, 128.7407, 150.7366, 12.4296, 181.4466, 14.0647, 122.7510, -18.7184, 0.994719, -0.087464, -0.053711, -0.012430, 0.056175, 0.901888, -0.428302, 0.018599, 0.085902, 0.423023, 0.902038, 0.128741, 0.000000, 0.000000, 0.000000, 1.000000, 0.085888, 0.422826, 0.902131, 0.150737, -0.994719, 0.087463, 0.053709, 0.012430, -0.056194, -0.901980, 0.428105, 0.181447, 0.000000, 0.000000, 0.000000, 1.000000, 0.996220, -0.034985, 0.079512, 0.014065, 0.080188, 0.018356, -0.996611, 0.122751, 0.033407, 0.999219, 0.021092, -0.018718, 0.000000, 0.000000, 0.000000, 1.000000
-29.1358, -12.4311, 18.5530, 128.7912, 150.7872, 12.4309, 181.4923, 14.0655, 122.7390, -18.6918, 0.994718, -0.087444, -0.053752, -0.012431, 0.056171, 0.902045, -0.427971, 0.018553, 0.085910, 0.422691, 0.902193, 0.128791, 0.000000, 0.000000, 0.000000, 1.000000, 0.085896, 0.422494, 0.902286, 0.150787, -0.994718, 0.087443, 0.053750, 0.012431, -0.056190, -0.902138, 0.427774, 0.181492, 0.000000, 0.000000, 0.000000, 1.000000, 0.996220, -0.034992, 0.079509, 0.014066, 0.080185, 0.018355, -0.996611, 0.122739, 0.033414, 0.999219, 0.021092, -0.018692, 0.000000, 0.000000, 0.000000, 1.000000
-29.1215, -12.4321, 18.5217, 128.8252, 150.8212, 12.4318, 181.5235, 14.0660, 122.7310, -18.6740, 0.994718, -0.087430, -0.053780, -0.012432, 0.056168, 0.902151, -0.427749, 0.018522, 0.085916, 0.422469, 0.902296, 0.128825, 0.000000, 0.000000, 0.000000, 1.000000, 0.085902, 0.422271, 0.902390, 0.150821, -0.994718, 0.087429, 0.053778, 0.012432, -0.056187, -0.902244, 0.427551, 0.181524, 0.000000, 0.000000, 0.000000, 1.000000, 0.996220, -0.034997, 0.079507, 0.014066, 0.080183, 0.018355, -0.996611, 0.122731, 0.033419, 0.999219, 0.021092, -0.018674, 0.000000, 0.000000, 0.000000, 1.000000
-29.0999, -12.4335, 18.4738, 128.8765, 150.8724, 12.4333, 181.5713, 14.0667, 122.7188, -18.6470, 0.994717, -0.087409, -0.053823, -0.012434, 0.056162, 0.902310, -0.427413, 0.018474, 0.085924, 0.422132, 0.902453, 0.128876, 0.000000, 0.000000, 0.000000, 1.000000, 0.085910, 0.421934, 0.902547, 0.150872, -0.994718, 0.087408, 0.053821, 0.012433, -0.056181, -0.902403, 0.427214, 0.181571, 0.000000, 0.000000, 0.000000, 1.000000, 0.996220, -0.035004, 0.079504, 0.014067, 0.080180, 0.018355, -0.996611, 0.122719, 0.033426, 0.999219, 0.021092, -0.018647, 0.000000, 0.000000, 0.000000, 1.000000
-29.0781, -12.4351, 18.4253, 128.9277, 150.9237, 12.4348, 181.6197, 14.0674, 122.7066, -18.6200, 0.994717, -0.087386, -0.053866, -0.012435, 0.056155, 0.902470, -0.427077, 0.018425, 0.085933, 0.421796, 0.902609, 0.128928, 0.000000, 0.000000, 0.000000, 1.000000, 0.085919, 0.421597, 0.902704, 0.150924, -0.994717, 0.087385, 0.053864, 0.012435, -0.056174, -0.902563, 0.426878, 0.181620, 0.000000, 0.000000, 0.000000, 1.000000, 0.996220, -0.035012, 0.079501, 0.014067, 0.080178, 0.018354, -0.996612, 0.122707, 0.033434, 0.999218, 0.021092, -0.018620, 0.000000, 0.000000, 0.000000, 1.000000
-29.0636, -12.4362, 18.3926, 128.9620, 150.9579, 12.4359, 181.6524, 14.0678, 122.6984, -18.6019, 0.994717, -0.087371, -0.053895, -0.012436, 0.056150, 0.902576, -0.426852, 0.018393, 0.085939, 0.421571, 0.902714, 0.128962, 0.000000, 0.000000, 0.000000, 1.000000, 0.085925, 0.421372, 0.902808, 0.150958, -0.994717, 0.087370, 0.053893, 0.012436, -0.056169, -0.902670, 0.426653, 0.181652, 0.000000, 0.000000, 0.000000, 1.000000, 0.996220, -0.035017, 0.079499, 0.014068, 0.080176, 0.018354, -0.996612, 0.122698, 0.033439, 0.999218, 0.021092, -0.018602, 0.000000, 0.000000, 0.000000, 1.000000
-29.0489, -12.4373, 18.3596, 128.9964, 150.9924, 12.4370, 181.6853, 14.0682, 122.6902, -18.5838, 0.994717, -0.087355, -0.053925, -0.012437, 0.056145, 0.902683, -0.426627, 0.018360, 0.085945, 0.421345, 0.902819, 0.128996, 0.000000, 0.000000, 0.000000, 1.000000, 0.085931, 0.421145, 0.902913, 0.150992, -0.994717, 0.087354, 0.053923, 0.012437, -0.056164, -0.902777, 0.426427, 0.181685, 0.000000, 0.000000, 0.000000, 1.000000, 0.996220, -0.035022, 0.079497, 0.014068, 0.080174, 0.018353, -0.996612, 0.122690, 0.033444, 0.999218, 0.021092, -0.018584, 0.000000, 0.000000, 0.000000, 1.000000
-29.0342, -12.4384, 18.3263, 129.0310, 151.0270, 12.4382, 181.7186, 14.0687, 122.6819, -18.5656, 0.994716, -0.087339, -0.053954, -0.012438, 0.056140, 0.902791, -0.426400, 0.018326, 0.085951, 0.421118, 0.902924, 0.129031, 0.000000, 0.000000, 0.000000, 1.000000, 0.085937, 0.420918, 0.903019, 0.151027, -0.994717, 0.087339, 0.053952, 0.012438, -0.056159, -0.902884, 0.426200, 0.181719, 0.000000, 0.000000, 0.000000, 1.000000, 0.996220, -0.035027, 0.079495, 0.014069, 0.080172, 0.018353, -0.996612, 0.122682, 0.033449, 0.999218, 0.021092, -0.018566, 0.000000, 0.000000, 0.000000, 1.000000
