# Joint_A_Angle(deg), Cam_X(mm), Cam_Y(mm), Cam_Z(mm), Torso_X(mm), Torso_Y(mm), Torso_Z(mm), EE_X(mm), EE_Y(mm), EE_Z(mm), T_cam2marker_flat(16), T_torso2marker_flat(16), T_ee2marker_flat(16)
-20.0283, 39.8595, 26.0638, 157.3633, 226.3660, -30.8597, 230.9917, 98.5120, 6.8843, 4.1397, 0.578287, 0.814755, -0.041941, 0.039859, -0.812537, 0.570571, -0.119300, 0.026064, -0.073270, 0.103068, 0.991972, 0.157363, 0.000000, 0.000000, 0.000000, 1.000000, -0.073199, 0.103017, 0.991983, 0.226366, -0.578287, -0.814755, 0.041940, -0.030860, 0.812543, -0.570580, 0.119213, 0.230992, 0.000000, 0.000000, 0.000000, 1.000000, 0.001848, -0.013975, -0.999901, 0.098512, -0.999450, -0.033127, -0.001384, 0.006884, -0.033104, 0.999353, -0.014028, 0.004140, 0.000000, 0.000000, 0.000000, 1.000000
-20.0129, 39.8365, 26.0440, 157.3935, 226.3962, -30.8367, 231.0115, 98.5116, 6.8843, 4.1391, 0.578287, 0.814766, -0.041721, 0.039837, -0.812537, 0.570603, -0.119148, 0.026044, -0.073272, 0.102802, 0.992000, 0.157393, 0.000000, 0.000000, 0.000000, 1.000000, -0.073201, 0.102751, 0.992010, 0.226396, -0.578287, -0.814766, 0.041720, -0.030837, 0.812543, -0.570612, 0.119061, 0.231011, 0.000000, 0.000000, 0.000000, 1.000000, 0.001848, -0.013975, -0.999901, 0.098512, -0.999450, -0.033127, -0.001384, 0.006884, -0.033104, 0.999353, -0.014028, 0.004139, 0.000000, 0.000000, 0.000000, 1.000000
-19.9979, 39.8142, 26.0249, 157.4229, 226.4256, -30.8144, 231.0306, 98.5113, 6.8844, 4.1384, 0.578286, 0.814777, -0.041507, 0.039814, -0.812537, 0.570634, -0.119000, 0.026025, -0.073273, 0.102542, 0.992026, 0.157423, 0.000000, 0.000000, 0.000000, 1.000000, -0.073203, 0.102492, 0.992037, 0.226426, -0.578286, -0.814777, 0.041506, -0.030814, 0.812543, -0.570643, 0.118914, 0.231031, 0.000000, 0.000000, 0.000000, 1.000000, 0.001848, -0.013975, -0.999901, 0.098511, -0.999450, -0.033127, -0.001384, 0.006884, -0.033104, 0.999353, -0.014028, 0.004138, 0.000000, 0.000000, 0.000000, 1.000000
-19.9835, 39.7927, 26.0066, 157.4513, 226.4540, -30.7928, 231.0490, 98.5110, 6.8844, 4.1378, 0.578286, 0.814788, -0.041301, 0.039793, -0.812537, 0.570664, -0.118858, 0.026007, -0.073275, 0.102292, 0.992052, 0.157451, 0.000000, 0.000000, 0.000000, 1.000000, -0.073204, 0.102242, 0.992062, 0.226454, -0.578286, -0.814788, 0.041300, -0.030793, 0.812543, -0.570673, 0.118771, 0.231049, 0.000000, 0.000000, 0.000000, 1.000000, 0.001848, -0.013975, -0.999901, 0.098511, -0.999450, -0.033127, -0.001384, 0.006884, -0.033104, 0.999353, -0.014028, 0.004138, 0.000000, 0.000000, 0.000000, 1.000000
-19.9697, 39.7721, 25.9892, 157.4786, 226.4813, -30.7723, 231.0664, 98.5107, 6.8844, 4.1372, 0.578286, 0.814798, -0.041104, 0.039772, -0.812537, 0.570692, -0.118721, 0.025989, -0.073276, 0.102053, 0.992077, 0.157479, 0.000000, 0.000000, 0.000000, 1.000000, -0.073205, 0.102003, 0.992087, 0.226481, -0.578286, -0.814798, 0.041103, -0.030772, 0.812543, -0.570701, 0.118634, 0.231066, 0.000000, 0.000000, 0.000000, 1.000000, 0.001848, -0.013975, -0.999901, 0.098511, -0.999450, -0.033127, -0.001384, 0.006884, -0.033104, 0.999353, -0.014028, 0.004137, 0.000000, 0.000000, 0.000000, 1.000000
-19.9504, 39.7432, 25.9650, 157.5170, 226.5197, -30.7434, 231.0907, 98.5103, 6.8844, 4.1364, 0.578286, 0.814812, -0.040828, 0.039743, -0.812537, 0.570732, -0.118528, 0.025965, -0.073276, 0.101717, 0.992111, 0.157517, 0.000000, 0.000000, 0.000000, 1.000000, -0.073206, 0.101667, 0.992121, 0.226520, -0.578286, -0.814812, 0.040827, -0.030743, 0.812543, -0.570741, 0.118442, 0.231091, 0.000000, 0.000000, 0.000000, 1.000000, 0.001848, -0.013975, -0.999901, 0.098510, -0.999450, -0.033127, -0.001384, 0.006884, -0.033104, 0.999353, -0.014028, 0.004136, 0.000000, 0.000000, 0.000000, 1.000000
-19.9385, 39.7255, 25.9502, 157.5407, 226.5434, -30.7256, 231.1055, 98.5101, 6.8844, 4.1359, 0.578286, 0.814821, -0.040658, 0.039725, -0.812537, 0.570757, -0.118409, 0.025950, -0.073276, 0.101510, 0.992132, 0.157541, 0.000000, 0.000000, 0.000000, 1.000000, -0.073207, 0.101460, 0.992142, 0.226543, -0.578286, -0.814821, 0.040657, -0.030726, 0.812543, -0.570765, 0.118323, 0.231106, 0.000000, 0.000000, 0.000000, 1.000000, 0.001848, -0.013975, -0.999901, 0.098510, -0.999450, -0.033127, -0.001384, 0.006884, -0.033104, 0.999353, -0.014028, 0.004136, 0.000000, 0.000000, 0.000000, 1.000000
-19.9274, 39.7089, 25.9365, 157.5629, 226.5656, -30.7091, 231.1193, 98.5099, 6.8845, 4.1354, 0.578285, 0.814829, -0.040499, 0.039709, -0.812537, 0.570779, -0.118298, 0.025937, -0.073276, 0.101317, 0.992152, 0.157563, 0.000000, 0.000000, 0.000000, 1.000000, -0.073207, 0.101267, 0.992162, 0.226566, -0.578285, -0.814829, 0.040498, -0.030709, 0.812543, -0.570788, 0.118212, 0.231119, 0.000000, 0.000000, 0.000000, 1.000000, 0.001848, -0.013975, -0.999901, 0.098510, -0.999450, -0.033127, -0.001384, 0.006884, -0.033104, 0.999353, -0.014028, 0.004135, 0.000000, 0.000000, 0.000000, 1.000000
-19.9171, 39.6936, 25.9239, 157.5835, 226.5861, -30.6938, 231.1319, 98.5097, 6.8845, 4.1350, 0.578285, 0.814836, -0.040353, 0.039694, -0.812537, 0.570800, -0.118195, 0.025924, -0.073276, 0.101138, 0.992170, 0.157583, 0.000000, 0.000000, 0.000000, 1.000000, -0.073206, 0.101089, 0.992180, 0.226586, -0.578285, -0.814836, 0.040352, -0.030694, 0.812544, -0.570809, 0.118109, 0.231132, 0.000000, 0.000000, 0.000000, 1.000000, 0.001848, -0.013975, -0.999901, 0.098510, -0.999450, -0.033127, -0.001384, 0.006884, -0.033104, 0.999353, -0.014028, 0.004135, 0.000000, 0.000000, 0.000000, 1.000000
-19.9077, 39.6796, 25.9125, 157.6024, 226.6051, -30.6797, 231.1434, 98.5095, 6.8845, 4.1346, 0.578285, 0.814843, -0.040218, 0.039680, -0.812538, 0.570820, -0.118099, 0.025912, -0.073275, 0.100974, 0.992187, 0.157602, 0.000000, 0.000000, 0.000000, 1.000000, -0.073206, 0.100924, 0.992197, 0.226605, -0.578285, -0.814843, 0.040217, -0.030680, 0.812544, -0.570828, 0.118014, 0.231143, 0.000000, 0.000000, 0.000000, 1.000000, 0.001848, -0.013975, -0.999901, 0.098509, -0.999450, -0.033127, -0.001384, 0.006884, -0.033104, 0.999353, -0.014028, 0.004135, 0.000000, 0.000000, 0.000000, 1.000000
-19.8992, 39.6667, 25.9021, 157.6198, 226.6224, -30.6669, 231.1538, 98.5093, 6.8845, 4.1342, 0.578285, 0.814849, -0.040096, 0.039667, -0.812538, 0.570837, -0.118012, 0.025902, -0.073274, 0.100824, 0.992202, 0.157620, 0.000000, 0.000000, 0.000000, 1.000000, -0.073205, 0.100774, 0.992212, 0.226622, -0.578284, -0.814849, 0.040095, -0.030667, 0.812544, -0.570846, 0.117927, 0.231154, 0.000000, 0.000000, 0.000000, 1.000000, 0.001848, -0.013975, -0.999901, 0.098509, -0.999450, -0.033127, -0.001384, 0.006885, -0.033104, 0.999353, -0.014028, 0.004134, 0.000000, 0.000000, 0.000000, 1.000000
-19.8952, 39.6608, 25.8973, 157.6279, 226.6305, -30.6609, 231.1587, 98.5092, 6.8845, 4.1340, 0.578284, 0.814852, -0.040038, 0.039661, -0.812538, 0.570845, -0.117972, 0.025897, -0.073274, 0.100754, 0.992209, 0.157628, 0.000000, 0.000000, 0.000000, 1.000000, -0.073205, 0.100704, 0.992220, 0.226631, -0.578284, -0.814852, 0.040038, -0.030661, 0.812544, -0.570854, 0.117887, 0.231159, 0.000000, 0.000000, 0.000000, 1.000000, 0.001848, -0.013975, -0.999901, 0.098509, -0.999450, -0.033127, -0.001384, 0.006885, -0.033104, 0.999353, -0.014028, 0.004134, 0.000000, 0.000000, 0.000000, 1.000000
-19.8844, 39.6446, 25.8845, 157.6498, 226.6525, -30.6448, 231.1716, 98.5090, 6.8845, 4.1336, 0.578284, 0.814860, -0.039884, 0.039645, -0.812539, 0.570868, -0.117861, 0.025884, -0.073272, 0.100565, 0.992229, 0.157650, 0.000000, 0.000000, 0.000000, 1.000000, -0.073203, 0.100516, 0.992239, 0.226652, -0.578284, -0.814860, 0.039883, -0.030645, 0.812545, -0.570876, 0.117777, 0.231172, 0.000000, 0.000000, 0.000000, 1.000000, 0.001848, -0.013975, -0.999901, 0.098509, -0.999450, -0.033127, -0.001384, 0.006885, -0.033104, 0.999353, -0.014028, 0.004134, 0.000000, 0.000000, 0.000000, 1.000000
-19.8753, 39.6310, 25.8739, 157.6684, 226.6710, -30.6312, 231.1823, 98.5088, 6.8845, 4.1332, 0.578284, 0.814867, -0.039755, 0.039631, -0.812539, 0.570886, -0.117768, 0.025874, -0.073270, 0.100405, 0.992245, 0.157668, 0.000000, 0.000000, 0.000000, 1.000000, -0.073202, 0.100357, 0.992255, 0.226671, -0.578283, -0.814867, 0.039754, -0.030631, 0.812545, -0.570895, 0.117684, 0.231182, 0.000000, 0.000000, 0.000000, 1.000000, 0.001848, -0.013975, -0.999901, 0.098509, -0.999450, -0.033127, -0.001384, 0.006885, -0.033104, 0.999353, -0.014028, 0.004133, 0.000000, 0.000000, 0.000000, 1.000000
-19.8702, 39.6233, 25.8679, 157.6790, 226.6816, -30.6234, 231.1883, 98.5087, 6.8845, 4.1330, 0.578283, 0.814870, -0.039681, 0.039623, -0.812539, 0.570897, -0.117714, 0.025868, -0.073268, 0.100314, 0.992254, 0.157679, 0.000000, 0.000000, 0.000000, 1.000000, -0.073200, 0.100265, 0.992264, 0.226682, -0.578283, -0.814871, 0.039680, -0.030623, 0.812546, -0.570905, 0.117631, 0.231188, 0.000000, 0.000000, 0.000000, 1.000000, 0.001848, -0.013975, -0.999901, 0.098509, -0.999450, -0.033127, -0.001384, 0.006885, -0.033104, 0.999353, -0.014028, 0.004133, 0.000000, 0.000000, 0.000000, 1.000000
-19.8657, 39.6164, 25.8628, 157.6884, 226.6910, -30.6166, 231.1935, 98.5086, 6.8845, 4.1328, 0.578283, 0.814874, -0.039616, 0.039616, -0.812540, 0.570906, -0.117667, 0.025863, -0.073267, 0.100234, 0.992263, 0.157688, 0.000000, 0.000000, 0.000000, 1.000000, -0.073199, 0.100186, 0.992273, 0.226691, -0.578283, -0.814874, 0.039615, -0.030617, 0.812546, -0.570914, 0.117584, 0.231193, 0.000000, 0.000000, 0.000000, 1.000000, 0.001848, -0.013975, -0.999901, 0.098509, -0.999450, -0.033127, -0.001384, 0.006885, -0.033104, 0.999353, -0.014028, 0.004133, 0.000000, 0.000000, 0.000000, 1.000000
-19.8617, 39.6105, 25.8584, 157.6965, 226.6991, -30.6107, 231.1979, 98.5085, 6.8846, 4.1326, 0.578283, 0.814877, -0.039560, 0.039611, -0.812540, 0.570914, -0.117626, 0.025858, -0.073265, 0.100165, 0.992270, 0.157697, 0.000000, 0.000000, 0.000000, 1.000000, -0.073198, 0.100117, 0.992280, 0.226699, -0.578283, -0.814877, 0.039559, -0.030611, 0.812546, -0.570922, 0.117543, 0.231198, 0.000000, 0.000000, 0.000000, 1.000000, 0.001848, -0.013975, -0.999901, 0.098509, -0.999450, -0.033127, -0.001384, 0.006885, -0.033104, 0.999353, -0.014028, 0.004133, 0.000000, 0.000000, 0.000000, 1.000000
-19.8569, 39.6032, 25.8531, 157.7066, 226.7092, -30.6034, 231.2033, 98.5084, 6.8846, 4.1324, 0.578282, 0.814880, -0.039491, 0.039603, -0.812541, 0.570924, -0.117574, 0.025853, -0.073263, 0.100079, 0.992279, 0.157707, 0.000000, 0.000000, 0.000000, 1.000000, -0.073195, 0.100031, 0.992288, 0.226709, -0.578282, -0.814880, 0.039490, -0.030603, 0.812547, -0.570932, 0.117492, 0.231203, 0.000000, 0.000000, 0.000000, 1.000000, 0.001848, -0.013975, -0.999901, 0.098508, -0.999450, -0.033127, -0.001384, 0.006885, -0.033104, 0.999353, -0.014028, 0.004132, 0.000000, 0.000000, 0.000000, 1.000000
-19.8531, 39.5974, 25.8491, 157.7146, 226.7171, -30.5976, 231.2074, 98.5083, 6.8846, 4.1323, 0.578282, 0.814883, -0.039437, 0.039597, -0.812541, 0.570932, -0.117533, 0.025849, -0.073260, 0.100011, 0.992286, 0.157715, 0.000000, 0.000000, 0.000000, 1.000000, -0.073193, 0.099964, 0.992295, 0.226717, -0.578282, -0.814883, 0.039436, -0.030598, 0.812547, -0.570940, 0.117451, 0.231207, 0.000000, 0.000000, 0.000000, 1.000000, 0.001848, -0.013975, -0.999901, 0.098508, -0.999450, -0.033127, -0.001384, 0.006885, -0.033104, 0.999353, -0.014028, 0.004132, 0.000000, 0.000000, 0.000000, 1.000000
-19.8511, 39.5943, 25.8470, 157.7189, 226.7214, -30.5945, 231.2096, 98.5083, 6.8846, 4.1322, 0.578282, 0.814885, -0.039408, 0.039594, -0.812541, 0.570936, -0.117511, 0.025847, -0.073259, 0.099975, 0.992289, 0.157719, 0.000000, 0.000000, 0.000000, 1.000000, -0.073192, 0.099927, 0.992299, 0.226721, -0.578282, -0.814885, 0.039407, -0.030594, 0.812547, -0.570944, 0.117429, 0.231210, 0.000000, 0.000000, 0.000000, 1.000000, 0.001848, -0.013975, -0.999901, 0.098508, -0.999450, -0.033127, -0.001384, 0.006885, -0.033104, 0.999353, -0.014028, 0.004132, 0.000000, 0.000000, 0.000000, 1.000000
-19.8493, 39.5916, 25.8453, 157.7225, 226.7251, -30.5918, 231.2114, 98.5083, 6.8846, 4.1321, 0.578282, 0.814886, -0.039383, 0.039592, -0.812542, 0.570939, -0.117492, 0.025845, -0.073257, 0.099944, 0.992293, 0.157723, 0.000000, 0.000000, 0.000000, 1.000000, -0.073191, 0.099896, 0.992302, 0.226725, -0.578282, -0.814886, 0.039382, -0.030592, 0.812548, -0.570948, 0.117410, 0.231211, 0.000000, 0.000000, 0.000000, 1.000000, 0.001848, -0.013975, -0.999901, 0.098508, -0.999450, -0.033127, -0.001384, 0.006885, -0.033104, 0.999353, -0.014028, 0.004132, 0.000000, 0.000000, 0.000000, 1.000000
-19.8478, 39.5893, 25.8438, 157.7257, 226.7282, -30.5895, 231.2129, 98.5082, 6.8846, 4.1320, 0.578281, 0.814887, -0.039362, 0.039589, -0.812542, 0.570943, -0.117475, 0.025844, -0.073256, 0.099917, 0.992295, 0.157726, 0.000000, 0.000000, 0.000000, 1.000000, -0.073190, 0.099869, 0.992305, 0.226728, -0.578281, -0.814887, 0.039361, -0.030589, 0.812548, -0.570951, 0.117394, 0.231213, 0.000000, 0.000000, 0.000000, 1.000000, 0.001848, -0.013975, -0.999901, 0.098508, -0.999450, -0.033127, -0.001384, 0.006885, -0.033104, 0.999353, -0.014028, 0.004132, 0.000000, 0.000000, 0.000000, 1.000000
-19.8465, 39.5872, 25.8425, 157.7284, 226.7309, -30.5874, 231.2142, 98.5082, 6.8846, 4.1320, 0.578281, 0.814888, -0.039343, 0.039587, -0.812542, 0.570945, -0.117460, 0.025843, -0.073254, 0.099893, 0.992298, 0.157728, 0.000000, 0.000000, 0.000000, 1.000000, -0.073189, 0.099846, 0.992308, 0.226731, -0.578281, -0.814888, 0.039342, -0.030587, 0.812548, -0.570953, 0.117380, 0.231214, 0.000000, 0.000000, 0.000000, 1.000000, 0.001848, -0.013975, -0.999901, 0.098508, -0.999450, -0.033127, -0.001384, 0.006885, -0.033104, 0.999353, -0.014028, 0.004132, 0.000000, 0.000000, 0.000000, 1.000000
-19.8453, 39.5854, 25.8414, 157.7308, 226.7333, -30.5856, 231.2154, 98.5082, 6.8846, 4.1319, 0.578281, 0.814889, -0.039327, 0.039585, -0.812542, 0.570948, -0.117447, 0.025841, -0.073253, 0.099872, 0.992300, 0.157731, 0.000000, 0.000000, 0.000000, 1.000000, -0.073188, 0.099825, 0.992310, 0.226733, -0.578281, -0.814889, 0.039326, -0.030586, 0.812548, -0.570956, 0.117367, 0.231215, 0.000000, 0.000000, 0.000000, 1.000000, 0.001848, -0.013975, -0.999901, 0.098508, -0.999450, -0.033127, -0.001384, 0.006885, -0.033104, 0.999353, -0.014028, 0.004132, 0.000000, 0.000000, 0.000000, 1.000000
-19.8442, 39.5837, 25.8404, 157.7330, 226.7355, -30.5838, 231.2165, 98.5082, 6.8846, 4.1319, 0.578281, 0.814890, -0.039311, 0.039584, -0.812542, 0.570950, -0.117435, 0.025840, -0.073252, 0.099853, 0.992302, 0.157733, 0.000000, 0.000000, 0.000000, 1.000000, -0.073187, 0.099806, 0.992312, 0.226736, -0.578281, -0.814890, 0.039310, -0.030584, 0.812548, -0.570958, 0.117355, 0.231217, 0.000000, 0.000000, 0.000000, 1.000000, 0.001848, -0.013975, -0.999901, 0.098508, -0.999450, -0.033127, -0.001384, 0.006885, -0.033104, 0.999353, -0.014028, 0.004132, 0.000000, 0.000000, 0.000000, 1.000000
-19.8431, 39.5820, 25.8394, 157.7351, 226.7376, -30.5822, 231.2176, 98.5081, 6.8846, 4.1318, 0.578281, 0.814891, -0.039297, 0.039582, -0.812543, 0.570952, -0.117424, 0.025839, -0.073251, 0.099834, 0.992304, 0.157735, 0.000000, 0.000000, 0.000000, 1.000000, -0.073186, 0.099787, 0.992314, 0.226738, -0.578281, -0.814891, 0.039296, -0.030582, 0.812549, -0.570960, 0.117344, 0.231218, 0.000000, 0.000000, 0.000000, 1.000000, 0.001848, -0.013975, -0.999901, 0.098508, -0.999450, -0.033127, -0.001384, 0.006885, -0.033104, 0.999353, -0.014028, 0.004132, 0.000000, 0.000000, 0.000000, 1.000000
-19.8420, 39.5803, 25.8382, 157.7373, 226.7397, -30.5804, 231.2188, 98.5081, 6.8846, 4.1318, 0.578281, 0.814892, -0.039281, 0.039580, -0.812543, 0.570954, -0.117412, 0.025838, -0.073250, 0.099815, 0.992306, 0.157737, 0.000000, 0.000000, 0.000000, 1.000000, -0.073185, 0.099768, 0.992316, 0.226740, -0.578281, -0.814892, 0.039280, -0.030580, 0.812549, -0.570962, 0.117332, 0.231219, 0.000000, 0.000000, 0.000000, 1.000000, 0.001848, -0.013975, -0.999901, 0.098508, -0.999450, -0.033127, -0.001384, 0.006885, -0.033104, 0.999353, -0.014028, 0.004132, 0.000000, 0.000000, 0.000000, 1.000000
-19.8408, 39.5784, 25.8370, 157.7395, 226.7420, -30.5786, 231.2201, 98.5081, 6.8846, 4.1317, 0.578281, 0.814892, -0.039265, 0.039578, -0.812543, 0.570957, -0.117399, 0.025837, -0.073249, 0.099794, 0.992308, 0.157740, 0.000000, 0.000000, 0.000000, 1.000000, -0.073185, 0.099748, 0.992318, 0.226742, -0.578281, -0.814893, 0.039264, -0.030579, 0.812549, -0.570965, 0.117320, 0.231220, 0.000000, 0.000000, 0.000000, 1.000000, 0.001848, -0.013975, -0.999901, 0.098508, -0.999450, -0.033127, -0.001384, 0.006885, -0.033104, 0.999353, -0.014028, 0.004132, 0.000000, 0.000000, 0.000000, 1.000000
-19.8395, 39.5763, 25.8355, 157.7421, 226.7445, -30.5765, 231.2217, 98.5081, 6.8846, 4.1317, 0.578281, 0.814893, -0.039246, 0.039576, -0.812543, 0.570959, -0.117385, 0.025836, -0.073248, 0.099771, 0.992311, 0.157742, 0.000000, 0.000000, 0.000000, 1.000000, -0.073184, 0.099725, 0.992320, 0.226745, -0.578281, -0.814894, 0.039245, -0.030577, 0.812549, -0.570967, 0.117306, 0.231222, 0.000000, 0.000000, 0.000000, 1.000000, 0.001848, -0.013975, -0.999901, 0.098508, -0.999450, -0.033127, -0.001384, 0.006885, -0.033104, 0.999353, -0.014028, 0.004132, 0.000000, 0.000000, 0.000000, 1.000000
-19.8379, 39.5740, 25.8338, 157.7449, 226.7474, -30.5742, 231.2235, 98.5080, 6.8846, 4.1316, 0.578281, 0.814895, -0.039225, 0.039574, -0.812543, 0.570962, -0.117369, 0.025834, -0.073248, 0.099744, 0.992313, 0.157745, 0.000000, 0.000000, 0.000000, 1.000000, -0.073184, 0.099699, 0.992323, 0.226747, -0.578280, -0.814895, 0.039224, -0.030574, 0.812549, -0.570970, 0.117291, 0.231223, 0.000000, 0.000000, 0.000000, 1.000000, 0.001848, -0.013975, -0.999901, 0.098508, -0.999450, -0.033127, -0.001384, 0.006885, -0.033104, 0.999353, -0.014028, 0.004132, 0.000000, 0.000000, 0.000000, 1.000000
-19.8371, 39.5727, 25.8328, 157.7465, 226.7489, -30.5729, 231.2245, 98.5080, 6.8846, 4.1316, 0.578280, 0.814895, -0.039213, 0.039573, -0.812543, 0.570964, -0.117361, 0.025833, -0.073247, 0.099730, 0.992315, 0.157747, 0.000000, 0.000000, 0.000000, 1.000000, -0.073184, 0.099684, 0.992324, 0.226749, -0.578280, -0.814895, 0.039212, -0.030573, 0.812549, -0.570972, 0.117283, 0.231224, 0.000000, 0.000000, 0.000000, 1.000000, 0.001848, -0.013975, -0.999901, 0.098508, -0.999450, -0.033127, -0.001384, 0.006885, -0.033104, 0.999353, -0.014028, 0.004132, 0.000000, 0.000000, 0.000000, 1.000000
-19.8341, 39.5681, 25.8293, 157.7520, 226.7544, -30.5683, 231.2281, 98.5079, 6.8846, 4.1314, 0.578280, 0.814897, -0.039172, 0.039568, -0.812543, 0.570970, -0.117331, 0.025829, -0.073247, 0.099679, 0.992320, 0.157752, 0.000000, 0.000000, 0.000000, 1.000000, -0.073184, 0.099634, 0.992329, 0.226754, -0.578280, -0.814897, 0.039171, -0.030568, 0.812549, -0.570978, 0.117253, 0.231228, 0.000000, 0.000000, 0.000000, 1.000000, 0.001848, -0.013975, -0.999901, 0.098508, -0.999450, -0.033127, -0.001384, 0.006885, -0.033104, 0.999353, -0.014028, 0.004131, 0.000000, 0.000000, 0.000000, 1.000000
-19.8304, 39.5626, 25.8249, 157.7589, 226.7613, -30.5627, 231.2327, 98.5079, 6.8846, 4.1313, 0.578280, 0.814900, -0.039120, 0.039563, -0.812543, 0.570977, -0.117294, 0.025825, -0.073246, 0.099616, 0.992326, 0.157759, 0.000000, 0.000000, 0.000000, 1.000000, -0.073184, 0.099571, 0.992336, 0.226761, -0.578280, -0.814900, 0.039120, -0.030563, 0.812549, -0.570985, 0.117217, 0.231233, 0.000000, 0.000000, 0.000000, 1.000000, 0.001848, -0.013975, -0.999901, 0.098508, -0.999450, -0.033127, -0.001384, 0.006885, -0.033104, 0.999353, -0.014028, 0.004131, 0.000000, 0.000000, 0.000000, 1.000000
-19.8290, 39.5604, 25.8232, 157.7616, 226.7639, -30.5606, 231.2344, 98.5078, 6.8846, 4.1312, 0.578280, 0.814901, -0.039101, 0.039560, -0.812544, 0.570980, -0.117280, 0.025823, -0.073246, 0.099592, 0.992329, 0.157762, 0.000000, 0.000000, 0.000000, 1.000000, -0.073184, 0.099547, 0.992338, 0.226764, -0.578280, -0.814901, 0.039100, -0.030561, 0.812549, -0.570988, 0.117204, 0.231234, 0.000000, 0.000000, 0.000000, 1.000000, 0.001848, -0.013975, -0.999901, 0.098508, -0.999450, -0.033127, -0.001384, 0.006885, -0.033104, 0.999353, -0.014028, 0.004131, 0.000000, 0.000000, 0.000000, 1.000000
-19.8243, 39.5532, 25.8173, 157.7706, 226.7730, -30.5534, 231.2404, 98.5077, 6.8846, 4.1310, 0.578280, 0.814904, -0.039033, 0.039553, -0.812544, 0.570990, -0.117233, 0.025817, -0.073246, 0.099510, 0.992337, 0.157771, 0.000000, 0.000000, 0.000000, 1.000000, -0.073184, 0.099465, 0.992346, 0.226773, -0.578280, -0.814904, 0.039033, -0.030553, 0.812549, -0.570997, 0.117157, 0.231240, 0.000000, 0.000000, 0.000000, 1.000000, 0.001848, -0.013975, -0.999901, 0.098508, -0.999450, -0.033127, -0.001384, 0.006885, -0.033104, 0.999353, -0.014028, 0.004131, 0.000000, 0.000000, 0.000000, 1.000000
-19.8206, 39.5477, 25.8127, 157.7776, 226.7799, -30.5478, 231.2450, 98.5077, 6.8846, 4.1309, 0.578280, 0.814906, -0.038982, 0.039548, -0.812544, 0.570997, -0.117197, 0.025813, -0.073246, 0.099447, 0.992343, 0.157778, 0.000000, 0.000000, 0.000000, 1.000000, -0.073184, 0.099402, 0.992352, 0.226780, -0.578280, -0.814907, 0.038981, -0.030548, 0.812549, -0.571005, 0.117121, 0.231245, 0.000000, 0.000000, 0.000000, 1.000000, 0.001848, -0.013975, -0.999901, 0.098508, -0.999450, -0.033127, -0.001384, 0.006885, -0.033104, 0.999353, -0.014028, 0.004131, 0.000000, 0.000000, 0.000000, 1.000000
-19.8165, 39.5415, 25.8077, 157.7853, 226.7877, -30.5417, 231.2502, 98.5076, 6.8846, 4.1307, 0.578280, 0.814909, -0.038924, 0.039542, -0.812544, 0.571005, -0.117156, 0.025808, -0.073246, 0.099376, 0.992350, 0.157785, 0.000000, 0.000000, 0.000000, 1.000000, -0.073184, 0.099332, 0.992359, 0.226788, -0.578280, -0.814909, 0.038923, -0.030542, 0.812549, -0.571013, 0.117081, 0.231250, 0.000000, 0.000000, 0.000000, 1.000000, 0.001848, -0.013975, -0.999901, 0.098508, -0.999450, -0.033127, -0.001384, 0.006885, -0.033104, 0.999353, -0.014028, 0.004131, 0.000000, 0.000000, 0.000000, 1.000000
-19.8143, 39.5382, 25.8049, 157.7896, 226.7919, -30.5384, 231.2530, 98.5075, 6.8846, 4.1306, 0.578280, 0.814911, -0.038893, 0.039538, -0.812544, 0.571010, -0.117134, 0.025805, -0.073246, 0.099338, 0.992354, 0.157790, 0.000000, 0.000000, 0.000000, 1.000000, -0.073185, 0.099294, 0.992363, 0.226792, -0.578280, -0.814911, 0.038892, -0.030538, 0.812549, -0.571017, 0.117059, 0.231253, 0.000000, 0.000000, 0.000000, 1.000000, 0.001848, -0.013975, -0.999901, 0.098508, -0.999450, -0.033127, -0.001384, 0.006885, -0.033104, 0.999353, -0.014028, 0.004131, 0.000000, 0.000000, 0.000000, 1.000000
-19.8015, 39.5190, 25.7890, 157.8141, 226.8164, -30.5191, 231.2691, 98.5073, 6.8846, 4.1301, 0.578280, 0.814920, -0.038712, 0.039519, -0.812544, 0.571036, -0.117008, 0.025789, -0.073246, 0.099118, 0.992376, 0.157814, 0.000000, 0.000000, 0.000000, 1.000000, -0.073185, 0.099075, 0.992385, 0.226816, -0.578280, -0.814920, 0.038711, -0.030519, 0.812549, -0.571043, 0.116933, 0.231269, 0.000000, 0.000000, 0.000000, 1.000000, 0.001848, -0.013975, -0.999901, 0.098507, -0.999450, -0.033127, -0.001384, 0.006885, -0.033104, 0.999353, -0.014028, 0.004130, 0.000000, 0.000000, 0.000000, 1.000000
-19.7956, 39.5101, 25.7816, 157.8255, 226.8278, -30.5103, 231.2766, 98.5071, 6.8846, 4.1298, 0.578280, 0.814924, -0.038628, 0.039510, -0.812544, 0.571047, -0.116949, 0.025782, -0.073246, 0.099016, 0.992386, 0.157826, 0.000000, 0.000000, 0.000000, 1.000000, -0.073186, 0.098973, 0.992395, 0.226828, -0.578280, -0.814924, 0.038627, -0.030510, 0.812549, -0.571055, 0.116875, 0.231277, 0.000000, 0.000000, 0.000000, 1.000000, 0.001848, -0.013975, -0.999901, 0.098507, -0.999450, -0.033127, -0.001384, 0.006885, -0.033104, 0.999353, -0.014028, 0.004130, 0.000000, 0.000000, 0.000000, 1.000000
-19.7892, 39.4997, 25.7782, 157.8405, 226.8428, -30.4998, 231.2800, 98.5070, 6.8847, 4.1295, 0.578277, 0.814930, -0.038539, 0.039500, -0.812547, 0.571059, -0.116868, 0.025778, -0.073231, 0.098897, 0.992399, 0.157840, 0.000000, 0.000000, 0.000000, 1.000000, -0.073171, 0.098854, 0.992408, 0.226843, -0.578277, -0.814930, 0.038538, -0.030500, 0.812553, -0.571067, 0.116794, 0.231280, 0.000000, 0.000000, 0.000000, 1.000000, 0.001848, -0.013975, -0.999901, 0.098507, -0.999450, -0.033127, -0.001384, 0.006885, -0.033104, 0.999353, -0.014028, 0.004130, 0.000000, 0.000000, 0.000000, 1.000000
-19.7823, 39.4886, 25.7738, 157.8562, 226.8585, -30.4888, 231.2844, 98.5069, 6.8847, 4.1292, 0.578274, 0.814936, -0.038443, 0.039489, -0.812550, 0.571072, -0.116784, 0.025774, -0.073218, 0.098770, 0.992413, 0.157856, 0.000000, 0.000000, 0.000000, 1.000000, -0.073158, 0.098727, 0.992422, 0.226858, -0.578274, -0.814936, 0.038442, -0.030489, 0.812556, -0.571079, 0.116710, 0.231284, 0.000000, 0.000000, 0.000000, 1.000000, 0.001848, -0.013975, -0.999901, 0.098507, -0.999450, -0.033127, -0.001384, 0.006885, -0.033104, 0.999353, -0.014028, 0.004129, 0.000000, 0.000000, 0.000000, 1.000000
-19.7750, 39.4769, 25.7683, 157.8726, 226.8749, -30.4771, 231.2899, 98.5067, 6.8847, 4.1289, 0.578271, 0.814943, -0.038340, 0.039477, -0.812553, 0.571086, -0.116698, 0.025768, -0.073207, 0.098636, 0.992427, 0.157873, 0.000000, 0.000000, 0.000000, 1.000000, -0.073147, 0.098593, 0.992436, 0.226875, -0.578271, -0.814943, 0.038339, -0.030477, 0.812559, -0.571093, 0.116624, 0.231290, 0.000000, 0.000000, 0.000000, 1.000000, 0.001848, -0.013975, -0.999901, 0.098507, -0.999450, -0.033127, -0.001384, 0.006885, -0.033104, 0.999353, -0.014028, 0.004129, 0.000000, 0.000000, 0.000000, 1.000000
-19.7672, 39.4647, 25.7618, 157.8896, 226.8919, -30.4649, 231.2964, 98.5066, 6.8847, 4.1286, 0.578269, 0.814950, -0.038230, 0.039465, -0.812556, 0.571100, -0.116609, 0.025762, -0.073197, 0.098495, 0.992442, 0.157890, 0.000000, 0.000000, 0.000000, 1.000000, -0.073137, 0.098452, 0.992451, 0.226892, -0.578269, -0.814950, 0.038229, -0.030465, 0.812561, -0.571108, 0.116535, 0.231296, 0.000000, 0.000000, 0.000000, 1.000000, 0.001848, -0.013975, -0.999901, 0.098507, -0.999450, -0.033127, -0.001384, 0.006885, -0.033104, 0.999353, -0.014028, 0.004129, 0.000000, 0.000000, 0.000000, 1.000000
-19.7590, 39.4520, 25.7543, 157.9071, 226.9094, -30.4522, 231.3039, 98.5064, 6.8847, 4.1282, 0.578267, 0.814957, -0.038115, 0.039452, -0.812558, 0.571116, -0.116517, 0.025754, -0.073188, 0.098348, 0.992457, 0.157907, 0.000000, 0.000000, 0.000000, 1.000000, -0.073128, 0.098305, 0.992466, 0.226909, -0.578267, -0.814957, 0.038114, -0.030452, 0.812563, -0.571123, 0.116443, 0.231304, 0.000000, 0.000000, 0.000000, 1.000000, 0.001848, -0.013975, -0.999901, 0.098506, -0.999450, -0.033127, -0.001384, 0.006885, -0.033104, 0.999353, -0.014028, 0.004128, 0.000000, 0.000000, 0.000000, 1.000000
-19.7504, 39.4387, 25.7458, 157.9253, 226.9276, -30.4389, 231.3124, 98.5062, 6.8847, 4.1279, 0.578265, 0.814964, -0.037993, 0.039439, -0.812560, 0.571132, -0.116423, 0.025746, -0.073182, 0.098195, 0.992473, 0.157925, 0.000000, 0.000000, 0.000000, 1.000000, -0.073122, 0.098152, 0.992481, 0.226928, -0.578265, -0.814964, 0.037992, -0.030439, 0.812565, -0.571140, 0.116349, 0.231312, 0.000000, 0.000000, 0.000000, 1.000000, 0.001848, -0.013975, -0.999901, 0.098506, -0.999450, -0.033127, -0.001384, 0.006885, -0.033104, 0.999353, -0.014028, 0.004128, 0.000000, 0.000000, 0.000000, 1.000000
-19.7414, 39.4249, 25.7363, 157.9440, 226.9463, -30.4251, 231.3219, 98.5060, 6.8848, 4.1275, 0.578264, 0.814971, -0.037865, 0.039425, -0.812561, 0.571150, -0.116327, 0.025736, -0.073177, 0.098036, 0.992489, 0.157944, 0.000000, 0.000000, 0.000000, 1.000000, -0.073117, 0.097993, 0.992498, 0.226946, -0.578264, -0.814971, 0.037864, -0.030425, 0.812567, -0.571157, 0.116254, 0.231322, 0.000000, 0.000000, 0.000000, 1.000000, 0.001848, -0.013975, -0.999901, 0.098506, -0.999450, -0.033127, -0.001384, 0.006885, -0.033104, 0.999353, -0.014028, 0.004127, 0.000000, 0.000000, 0.000000, 1.000000
-19.7273, 39.4035, 25.7205, 157.9728, 226.9751, -30.4037, 231.3378, 98.5057, 6.8848, 4.1269, 0.578262, 0.814981, -0.037664, 0.039403, -0.812563, 0.571177, -0.116180, 0.025720, -0.073172, 0.097787, 0.992514, 0.157973, 0.000000, 0.000000, 0.000000, 1.000000, -0.073112, 0.097744, 0.992522, 0.226975, -0.578262, -0.814981, 0.037664, -0.030404, 0.812569, -0.571184, 0.116107, 0.231338, 0.000000, 0.000000, 0.000000, 1.000000, 0.001848, -0.013975, -0.999901, 0.098506, -0.999450, -0.033127, -0.001384, 0.006885, -0.033104, 0.999353, -0.014028, 0.004127, 0.000000, 0.000000, 0.000000, 1.000000
-19.7174, 39.3886, 25.7088, 157.9926, 226.9949, -30.3888, 231.3494, 98.5055, 6.8848, 4.1265, 0.578261, 0.814988, -0.037524, 0.039389, -0.812564, 0.571196, -0.116080, 0.025709, -0.073170, 0.097615, 0.992531, 0.157993, 0.000000, 0.000000, 0.000000, 1.000000, -0.073110, 0.097572, 0.992539, 0.226995, -0.578261, -0.814988, 0.037523, -0.030389, 0.812569, -0.571204, 0.116006, 0.231349, 0.000000, 0.000000, 0.000000, 1.000000, 0.001848, -0.013975, -0.999901, 0.098506, -0.999450, -0.033127, -0.001384, 0.006885, -0.033104, 0.999353, -0.014028, 0.004126, 0.000000, 0.000000, 0.000000, 1.000000
-19.7021, 39.3656, 25.6899, 158.0231, 227.0254, -30.3658, 231.3684, 98.5052, 6.8848, 4.1258, 0.578260, 0.814999, -0.037305, 0.039366, -0.812565, 0.571226, -0.115926, 0.025690, -0.073170, 0.097348, 0.992557, 0.158023, 0.000000, 0.000000, 0.000000, 1.000000, -0.073110, 0.097305, 0.992566, 0.227025, -0.578260, -0.814999, 0.037304, -0.030366, 0.812570, -0.571234, 0.115853, 0.231368, 0.000000, 0.000000, 0.000000, 1.000000, 0.001848, -0.013975, -0.999901, 0.098505, -0.999450, -0.033127, -0.001384, 0.006885, -0.033104, 0.999353, -0.014028, 0.004126, 0.000000, 0.000000, 0.000000, 1.000000
-19.6915, 39.3499, 25.6765, 158.0439, 227.0462, -30.3500, 231.3818, 98.5050, 6.8848, 4.1254, 0.578260, 0.815006, -0.037154, 0.039350, -0.812565, 0.571247, -0.115822, 0.025676, -0.073172, 0.097165, 0.992575, 0.158044, 0.000000, 0.000000, 0.000000, 1.000000, -0.073112, 0.097122, 0.992583, 0.227046, -0.578260, -0.815006, 0.037153, -0.030350, 0.812570, -0.571255, 0.115749, 0.231382, 0.000000, 0.000000, 0.000000, 1.000000, 0.001848, -0.013975, -0.999901, 0.098505, -0.999450, -0.033127, -0.001384, 0.006885, -0.033104, 0.999353, -0.014028, 0.004125, 0.000000, 0.000000, 0.000000, 1.000000
-19.6806, 39.3338, 25.6624, 158.0650, 227.0673, -30.3340, 231.3959, 98.5048, 6.8848, 4.1249, 0.578259, 0.815014, -0.036999, 0.039334, -0.812565, 0.571269, -0.115716, 0.025662, -0.073174, 0.096979, 0.992593, 0.158065, 0.000000, 0.000000, 0.000000, 1.000000, -0.073114, 0.096936, 0.992602, 0.227067, -0.578259, -0.815014, 0.036999, -0.030334, 0.812570, -0.571276, 0.115643, 0.231396, 0.000000, 0.000000, 0.000000, 1.000000, 0.001848, -0.013975, -0.999901, 0.098505, -0.999450, -0.033127, -0.001384, 0.006885, -0.033104, 0.999353, -0.014028, 0.004125, 0.000000, 0.000000, 0.000000, 1.000000
-19.6640, 39.3093, 25.6404, 158.0971, 227.0993, -30.3095, 231.4179, 98.5044, 6.8849, 4.1242, 0.578259, 0.815024, -0.036762, 0.039309, -0.812564, 0.571302, -0.115557, 0.025640, -0.073179, 0.096694, 0.992620, 0.158097, 0.000000, 0.000000, 0.000000, 1.000000, -0.073120, 0.096651, 0.992629, 0.227099, -0.578259, -0.815024, 0.036762, -0.030309, 0.812570, -0.571309, 0.115484, 0.231418, 0.000000, 0.000000, 0.000000, 1.000000, 0.001848, -0.013975, -0.999901, 0.098504, -0.999450, -0.033127, -0.001384, 0.006885, -0.033104, 0.999353, -0.014028, 0.004124, 0.000000, 0.000000, 0.000000, 1.000000
-19.6528, 39.2927, 25.6252, 158.1187, 227.1210, -30.2929, 231.4332, 98.5042, 6.8849, 4.1237, 0.578260, 0.815031, -0.036601, 0.039293, -0.812564, 0.571324, -0.115449, 0.025625, -0.073183, 0.096500, 0.992639, 0.158119, 0.000000, 0.000000, 0.000000, 1.000000, -0.073124, 0.096458, 0.992647, 0.227121, -0.578260, -0.815032, 0.036600, -0.030293, 0.812569, -0.571331, 0.115376, 0.231433, 0.000000, 0.000000, 0.000000, 1.000000, 0.001848, -0.013975, -0.999901, 0.098504, -0.999450, -0.033127, -0.001384, 0.006885, -0.033104, 0.999353, -0.014028, 0.004124, 0.000000, 0.000000, 0.000000, 1.000000
-19.6413, 39.2759, 25.6097, 158.1405, 227.1428, -30.2761, 231.4487, 98.5040, 6.8849, 4.1232, 0.578260, 0.815039, -0.036438, 0.039276, -0.812563, 0.571347, -0.115340, 0.025610, -0.073188, 0.096305, 0.992657, 0.158141, 0.000000, 0.000000, 0.000000, 1.000000, -0.073129, 0.096263, 0.992666, 0.227143, -0.578260, -0.815039, 0.036438, -0.030276, 0.812569, -0.571354, 0.115268, 0.231449, 0.000000, 0.000000, 0.000000, 1.000000, 0.001848, -0.013975, -0.999901, 0.098504, -0.999450, -0.033127, -0.001384, 0.006885, -0.033104, 0.999353, -0.014028, 0.004123, 0.000000, 0.000000, 0.000000, 1.000000
-19.6183, 39.2421, 25.5779, 158.1845, 227.1867, -30.2423, 231.4805, 98.5035, 6.8849, 4.1222, 0.578261, 0.815053, -0.036108, 0.039242, -0.812562, 0.571393, -0.115123, 0.025578, -0.073199, 0.095911, 0.992695, 0.158184, 0.000000, 0.000000, 0.000000, 1.000000, -0.073140, 0.095869, 0.992703, 0.227187, -0.578261, -0.815053, 0.036108, -0.030242, 0.812567, -0.571400, 0.115050, 0.231481, 0.000000, 0.000000, 0.000000, 1.000000, 0.001848, -0.013975, -0.999901, 0.098504, -0.999450, -0.033127, -0.001384, 0.006885, -0.033104, 0.999353, -0.014028, 0.004122, 0.000000, 0.000000, 0.000000, 1.000000
-19.6008, 39.2167, 25.5538, 158.2175, 227.2198, -30.2168, 231.5047, 98.5032, 6.8850, 4.1215, 0.578262, 0.815063, -0.035860, 0.039217, -0.812560, 0.571428, -0.114959, 0.025554, -0.073207, 0.095614, 0.992723, 0.158218, 0.000000, 0.000000, 0.000000, 1.000000, -0.073149, 0.095572, 0.992731, 0.227220, -0.578262, -0.815063, 0.035859, -0.030217, 0.812565, -0.571435, 0.114886, 0.231505, 0.000000, 0.000000, 0.000000, 1.000000, 0.001848, -0.013975, -0.999901, 0.098503, -0.999450, -0.033127, -0.001384, 0.006885, -0.033104, 0.999353, -0.014028, 0.004121, 0.000000, 0.000000, 0.000000, 1.000000
-19.5835, 39.1905, 25.5343, 158.2530, 227.2552, -30.1907, 231.5242, 98.5028, 6.8850, 4.1208, 0.578260, 0.815075, -0.035614, 0.039191, -0.812562, 0.571462, -0.114779, 0.025534, -0.073201, 0.095310, 0.992753, 0.158253, 0.000000, 0.000000, 0.000000, 1.000000, -0.073143, 0.095268, 0.992761, 0.227255, -0.578260, -0.815075, 0.035613, -0.030191, 0.812567, -0.571469, 0.114706, 0.231524, 0.000000, 0.000000, 0.000000, 1.000000, 0.001848, -0.013975, -0.999901, 0.098503, -0.999450, -0.033127, -0.001384, 0.006885, -0.033104, 0.999353, -0.014028, 0.004121, 0.000000, 0.000000, 0.000000, 1.000000
-19.5664, 39.1644, 25.5165, 158.2889, 227.2912, -30.1646, 231.5419, 98.5024, 6.8850, 4.1200, 0.578258, 0.815087, -0.035371, 0.039164, -0.812565, 0.571495, -0.114595, 0.025517, -0.073191, 0.095006, 0.992782, 0.158289, 0.000000, 0.000000, 0.000000, 1.000000, -0.073132, 0.094964, 0.992791, 0.227291, -0.578257, -0.815087, 0.035370, -0.030165, 0.812570, -0.571502, 0.114522, 0.231542, 0.000000, 0.000000, 0.000000, 1.000000, 0.001848, -0.013975, -0.999901, 0.098502, -0.999450, -0.033127, -0.001384, 0.006885, -0.033104, 0.999353, -0.014028, 0.004120, 0.000000, 0.000000, 0.000000, 1.000000
-19.5551, 39.1473, 25.5043, 158.3123, 227.3146, -30.1475, 231.5541, 98.5022, 6.8850, 4.1195, 0.578256, 0.815095, -0.035210, 0.039147, -0.812566, 0.571517, -0.114476, 0.025504, -0.073185, 0.094807, 0.992802, 0.158312, 0.000000, 0.000000, 0.000000, 1.000000, -0.073126, 0.094764, 0.992810, 0.227315, -0.578256, -0.815095, 0.035210, -0.030148, 0.812572, -0.571524, 0.114403, 0.231554, 0.000000, 0.000000, 0.000000, 1.000000, 0.001848, -0.013975, -0.999901, 0.098502, -0.999450, -0.033127, -0.001384, 0.006885, -0.033104, 0.999353, -0.014028, 0.004120, 0.000000, 0.000000, 0.000000, 1.000000
-19.5440, 39.1305, 25.4918, 158.3353, 227.3376, -30.1307, 231.5665, 98.5020, 6.8850, 4.1191, 0.578255, 0.815103, -0.035052, 0.039131, -0.812567, 0.571538, -0.114359, 0.025492, -0.073181, 0.094611, 0.992821, 0.158335, 0.000000, 0.000000, 0.000000, 1.000000, -0.073122, 0.094568, 0.992829, 0.227338, -0.578255, -0.815103, 0.035051, -0.030131, 0.812573, -0.571545, 0.114286, 0.231567, 0.000000, 0.000000, 0.000000, 1.000000, 0.001848, -0.013975, -0.999901, 0.098502, -0.999450, -0.033127, -0.001384, 0.006885, -0.033104, 0.999353, -0.014028, 0.004119, 0.000000, 0.000000, 0.000000, 1.000000
-19.5330, 39.1140, 25.4791, 158.3578, 227.3600, -30.1141, 231.5792, 98.5018, 6.8851, 4.1186, 0.578254, 0.815110, -0.034895, 0.039114, -0.812568, 0.571560, -0.114246, 0.025479, -0.073178, 0.094418, 0.992839, 0.158358, 0.000000, 0.000000, 0.000000, 1.000000, -0.073119, 0.094375, 0.992848, 0.227360, -0.578254, -0.815110, 0.034894, -0.030114, 0.812574, -0.571567, 0.114173, 0.231579, 0.000000, 0.000000, 0.000000, 1.000000, 0.001848, -0.013975, -0.999901, 0.098502, -0.999450, -0.033127, -0.001384, 0.006885, -0.033104, 0.999353, -0.014028, 0.004119, 0.000000, 0.000000, 0.000000, 1.000000
-19.5221, 39.0978, 25.4662, 158.3796, 227.3819, -30.0979, 231.5921, 98.5015, 6.8851, 4.1181, 0.578253, 0.815117, -0.034741, 0.039098, -0.812569, 0.571581, -0.114136, 0.025466, -0.073177, 0.094229, 0.992858, 0.158380, 0.000000, 0.000000, 0.000000, 1.000000, -0.073118, 0.094186, 0.992866, 0.227382, -0.578253, -0.815117, 0.034740, -0.030098, 0.812574, -0.571588, 0.114063, 0.231592, 0.000000, 0.000000, 0.000000, 1.000000, 0.001848, -0.013975, -0.999901, 0.098502, -0.999450, -0.033127, -0.001384, 0.006885, -0.033104, 0.999353, -0.014028, 0.004118, 0.000000, 0.000000, 0.000000, 1.000000
-19.5221, 39.0978, 25.4662, 158.3796, 227.3819, -30.0979, 231.5921, 98.5015, 6.8851, 4.1181, 0.578253, 0.815117, -0.034741, 0.039098, -0.812569, 0.571581, -0.114136, 0.025466, -0.073177, 0.094229, 0.992858, 0.158380, 0.000000, 0.000000, 0.000000, 1.000000, -0.073118, 0.094186, 0.992866, 0.227382, -0.578253, -0.815117, 0.034740, -0.030098, 0.812574, -0.571588, 0.114063, 0.231592, 0.000000, 0.000000, 0.000000, 1.000000, 0.001848, -0.013975, -0.999901, 0.098502, -0.999450, -0.033127, -0.001384, 0.006885, -0.033104, 0.999353, -0.014028, 0.004118, 0.000000, 0.000000, 0.000000, 1.000000
-19.4960, 39.0589, 25.4336, 158.4317, 227.4340, -30.0591, 231.6246, 98.5010, 6.8851, 4.1170, 0.578253, 0.815134, -0.034367, 0.039059, -0.812569, 0.571633, -0.113875, 0.025434, -0.073178, 0.093774, 0.992900, 0.158432, 0.000000, 0.000000, 0.000000, 1.000000, -0.073118, 0.093731, 0.992909, 0.227434, -0.578253, -0.815134, 0.034366, -0.030059, 0.812575, -0.571639, 0.113802, 0.231625, 0.000000, 0.000000, 0.000000, 1.000000, 0.001848, -0.013975, -0.999901, 0.098501, -0.999450, -0.033127, -0.001384, 0.006885, -0.033104, 0.999353, -0.014028, 0.004117, 0.000000, 0.000000, 0.000000, 1.000000
-19.4859, 39.0440, 25.4205, 158.4514, 227.4537, -30.0442, 231.6377, 98.5008, 6.8851, 4.1166, 0.578253, 0.815140, -0.034223, 0.039044, -0.812569, 0.571652, -0.113777, 0.025421, -0.073180, 0.093600, 0.992917, 0.158451, 0.000000, 0.000000, 0.000000, 1.000000, -0.073121, 0.093557, 0.992925, 0.227454, -0.578253, -0.815140, 0.034222, -0.030044, 0.812574, -0.571659, 0.113703, 0.231638, 0.000000, 0.000000, 0.000000, 1.000000, 0.001848, -0.013975, -0.999901, 0.098501, -0.999450, -0.033127, -0.001384, 0.006885, -0.033104, 0.999353, -0.014028, 0.004117, 0.000000, 0.000000, 0.000000, 1.000000
-19.4760, 39.0295, 25.4075, 158.4706, 227.4729, -30.0297, 231.6507, 98.5006, 6.8851, 4.1162, 0.578253, 0.815145, -0.034082, 0.039030, -0.812568, 0.571672, -0.113682, 0.025407, -0.073183, 0.093431, 0.992932, 0.158471, 0.000000, 0.000000, 0.000000, 1.000000, -0.073123, 0.093388, 0.992941, 0.227473, -0.578253, -0.815145, 0.034081, -0.030030, 0.812574, -0.571679, 0.113608, 0.231651, 0.000000, 0.000000, 0.000000, 1.000000, 0.001848, -0.013975, -0.999901, 0.098501, -0.999450, -0.033127, -0.001384, 0.006885, -0.033104, 0.999353, -0.014028, 0.004116, 0.000000, 0.000000, 0.000000, 1.000000
