# Joint_B_Angle(deg), Cam_X(mm), Cam_Y(mm), Cam_Z(mm), Torso_X(mm), Torso_Y(mm), Torso_Z(mm), EE_X(mm), EE_Y(mm), EE_Z(mm), T_cam2marker_flat(16), T_torso2marker_flat(16), T_ee2marker_flat(16)
-19.9997, 26.4865, 1.7950, 172.1897, 241.1985, -17.4867, 255.2433, -5.8243, -53.4710, -44.1510, 0.592081, 0.795480, -0.129039, 0.026487, -0.746331, 0.601664, 0.284589, 0.001795, 0.304023, -0.072194, 0.949925, 0.172190, 0.000000, 0.000000, 0.000000, 1.000000, 0.304142, -0.072292, 0.949880, 0.241199, -0.592082, -0.795480, 0.129038, -0.017487, 0.746282, -0.601652, -0.284741, 0.255243, 0.000000, 0.000000, 0.000000, 1.000000, -0.993728, 0.107602, 0.030423, -0.005824, 0.035271, 0.043444, 0.998433, -0.053471, 0.106111, 0.993244, -0.046967, -0.044151, 0.000000, 0.000000, 0.000000, 1.000000
-20.0000, 26.4864, 1.7962, 172.1905, 241.1992, -17.4866, 255.2424, -5.8243, -53.4710, -44.1510, 0.592080, 0.795481, -0.129042, 0.026486, -0.746328, 0.601662, 0.284599, 0.001796, 0.304033, -0.072197, 0.949922, 0.172190, 0.000000, 0.000000, 0.000000, 1.000000, 0.304151, -0.072294, 0.949877, 0.241199, -0.592080, -0.795481, 0.129041, -0.017487, 0.746280, -0.601651, -0.284750, 0.255242, 0.000000, 0.000000, 0.000000, 1.000000, -0.993729, 0.107601, 0.030423, -0.005824, 0.035271, 0.043444, 0.998433, -0.053471, 0.106111, 0.993244, -0.046967, -0.044151, 0.000000, 0.000000, 0.000000, 1.000000
-20.0002, 26.4859, 1.7988, 172.1920, 241.2007, -17.4861, 255.2399, -5.8243, -53.4711, -44.1510, 0.592077, 0.795482, -0.129044, 0.026486, -0.746326, 0.601660, 0.284610, 0.001799, 0.304043, -0.072202, 0.949918, 0.172192, 0.000000, 0.000000, 0.000000, 1.000000, 0.304161, -0.072299, 0.949873, 0.241201, -0.592078, -0.795482, 0.129043, -0.017486, 0.746278, -0.601649, -0.284761, 0.255240, 0.000000, 0.000000, 0.000000, 1.000000, -0.993729, 0.107601, 0.030423, -0.005824, 0.035271, 0.043445, 0.998433, -0.053471, 0.106111, 0.993244, -0.046968, -0.044151, 0.000000, 0.000000, 0.000000, 1.000000
-20.0003, 26.4842, 1.8072, 172.1966, 241.2054, -17.4843, 255.2315, -5.8243, -53.4713, -44.1512, 0.592071, 0.795487, -0.129046, 0.026484, -0.746320, 0.601652, 0.284641, 0.001807, 0.304069, -0.072218, 0.949909, 0.172197, 0.000000, 0.000000, 0.000000, 1.000000, 0.304187, -0.072314, 0.949864, 0.241205, -0.592071, -0.795486, 0.129045, -0.017484, 0.746272, -0.601641, -0.284792, 0.255231, 0.000000, 0.000000, 0.000000, 1.000000, -0.993729, 0.107601, 0.030423, -0.005824, 0.035271, 0.043446, 0.998433, -0.053471, 0.106110, 0.993244, -0.046968, -0.044151, 0.000000, 0.000000, 0.000000, 1.000000
-20.0004, 26.4825, 1.8148, 172.2009, 241.2096, -17.4827, 255.2239, -5.8242, -53.4715, -44.1513, 0.592065, 0.795491, -0.129048, 0.026483, -0.746315, 0.601645, 0.284670, 0.001815, 0.304093, -0.072232, 0.949900, 0.172201, 0.000000, 0.000000, 0.000000, 1.000000, 0.304211, -0.072328, 0.949855, 0.241210, -0.592066, -0.795491, 0.129047, -0.017483, 0.746267, -0.601634, -0.284820, 0.255224, 0.000000, 0.000000, 0.000000, 1.000000, -0.993729, 0.107600, 0.030423, -0.005824, 0.035271, 0.043447, 0.998433, -0.053471, 0.106110, 0.993244, -0.046969, -0.044151, 0.000000, 0.000000, 0.000000, 1.000000
-20.0005, 26.4811, 1.8215, 172.2047, 241.2134, -17.4813, 255.2171, -5.8242, -53.4716, -44.1514, 0.592060, 0.795494, -0.129050, 0.026481, -0.746311, 0.601639, 0.284694, 0.001822, 0.304114, -0.072245, 0.949892, 0.172205, 0.000000, 0.000000, 0.000000, 1.000000, 0.304232, -0.072341, 0.949847, 0.241213, -0.592060, -0.795494, 0.129049, -0.017481, 0.746262, -0.601628, -0.284845, 0.255217, 0.000000, 0.000000, 0.000000, 1.000000, -0.993729, 0.107600, 0.030423, -0.005824, 0.035271, 0.043447, 0.998433, -0.053472, 0.106110, 0.993244, -0.046970, -0.044151, 0.000000, 0.000000, 0.000000, 1.000000
-20.0005, 26.4798, 1.8274, 172.2080, 241.2167, -17.4800, 255.2113, -5.8242, -53.4718, -44.1515, 0.592055, 0.795498, -0.129050, 0.026480, -0.746307, 0.601633, 0.284715, 0.001827, 0.304131, -0.072256, 0.949886, 0.172208, 0.000000, 0.000000, 0.000000, 1.000000, 0.304249, -0.072352, 0.949841, 0.241217, -0.592056, -0.795498, 0.129049, -0.017480, 0.746259, -0.601622, -0.284866, 0.255211, 0.000000, 0.000000, 0.000000, 1.000000, -0.993729, 0.107600, 0.030422, -0.005824, 0.035271, 0.043448, 0.998433, -0.053472, 0.106110, 0.993244, -0.046970, -0.044151, 0.000000, 0.000000, 0.000000, 1.000000
-20.0005, 26.4792, 1.8300, 172.2094, 241.2182, -17.4794, 255.2087, -5.8242, -53.4718, -44.1515, 0.592053, 0.795499, -0.129050, 0.026479, -0.746306, 0.601631, 0.284724, 0.001830, 0.304138, -0.072261, 0.949883, 0.172209, 0.000000, 0.000000, 0.000000, 1.000000, 0.304256, -0.072357, 0.949838, 0.241218, -0.592054, -0.795499, 0.129049, -0.017479, 0.746258, -0.601619, -0.284874, 0.255209, 0.000000, 0.000000, 0.000000, 1.000000, -0.993729, 0.107600, 0.030422, -0.005824, 0.035271, 0.043448, 0.998433, -0.053472, 0.106110, 0.993244, -0.046971, -0.044152, 0.000000, 0.000000, 0.000000, 1.000000
-20.0002, 26.4776, 1.8366, 172.2130, 241.2217, -17.4778, 255.2021, -5.8242, -53.4720, -44.1516, 0.592049, 0.795503, -0.129047, 0.026478, -0.746305, 0.601624, 0.284742, 0.001837, 0.304151, -0.072273, 0.949878, 0.172213, 0.000000, 0.000000, 0.000000, 1.000000, 0.304269, -0.072369, 0.949833, 0.241222, -0.592049, -0.795503, 0.129046, -0.017478, 0.746256, -0.601612, -0.284892, 0.255202, 0.000000, 0.000000, 0.000000, 1.000000, -0.993729, 0.107600, 0.030422, -0.005824, 0.035271, 0.043448, 0.998433, -0.053472, 0.106109, 0.993244, -0.046971, -0.044152, 0.000000, 0.000000, 0.000000, 1.000000
-19.9991, 26.4757, 1.8428, 172.2159, 241.2246, -17.4759, 255.1959, -5.8242, -53.4720, -44.1518, 0.592046, 0.795507, -0.129035, 0.026476, -0.746308, 0.601617, 0.284746, 0.001843, 0.304148, -0.072283, 0.949879, 0.172216, 0.000000, 0.000000, 0.000000, 1.000000, 0.304266, -0.072379, 0.949834, 0.241225, -0.592046, -0.795507, 0.129035, -0.017476, 0.746260, -0.601606, -0.284897, 0.255196, 0.000000, 0.000000, 0.000000, 1.000000, -0.993729, 0.107600, 0.030422, -0.005824, 0.035271, 0.043447, 0.998433, -0.053472, 0.106110, 0.993244, -0.046969, -0.044152, 0.000000, 0.000000, 0.000000, 1.000000
-19.9982, 26.4748, 1.8449, 172.2165, 241.2252, -17.4750, 255.1938, -5.8242, -53.4720, -44.1519, 0.592046, 0.795509, -0.129026, 0.026475, -0.746313, 0.601615, 0.284740, 0.001845, 0.304137, -0.072285, 0.949882, 0.172217, 0.000000, 0.000000, 0.000000, 1.000000, 0.304255, -0.072381, 0.949837, 0.241225, -0.592046, -0.795509, 0.129025, -0.017475, 0.746264, -0.601604, -0.284890, 0.255194, 0.000000, 0.000000, 0.000000, 1.000000, -0.993729, 0.107601, 0.030422, -0.005824, 0.035270, 0.043445, 0.998433, -0.053472, 0.106111, 0.993244, -0.046968, -0.044152, 0.000000, 0.000000, 0.000000, 1.000000
-19.9971, 26.4731, 1.8505, 172.2189, 241.2276, -17.4733, 255.1882, -5.8242, -53.4720, -44.1521, 0.592044, 0.795512, -0.129014, 0.026473, -0.746316, 0.601610, 0.284742, 0.001851, 0.304132, -0.072294, 0.949883, 0.172219, 0.000000, 0.000000, 0.000000, 1.000000, 0.304250, -0.072390, 0.949838, 0.241228, -0.592044, -0.795512, 0.129014, -0.017473, 0.746268, -0.601598, -0.284892, 0.255188, 0.000000, 0.000000, 0.000000, 1.000000, -0.993729, 0.107601, 0.030422, -0.005824, 0.035270, 0.043444, 0.998433, -0.053472, 0.106111, 0.993244, -0.046967, -0.044152, 0.000000, 0.000000, 0.000000, 1.000000
-19.9957, 26.4714, 1.8552, 172.2206, 241.2294, -17.4716, 255.1834, -5.8242, -53.4720, -44.1523, 0.592044, 0.795515, -0.129000, 0.026471, -0.746322, 0.601605, 0.284735, 0.001855, 0.304118, -0.072300, 0.949887, 0.172221, 0.000000, 0.000000, 0.000000, 1.000000, 0.304236, -0.072397, 0.949842, 0.241229, -0.592044, -0.795515, 0.128999, -0.017472, 0.746274, -0.601594, -0.284886, 0.255183, 0.000000, 0.000000, 0.000000, 1.000000, -0.993728, 0.107602, 0.030422, -0.005824, 0.035270, 0.043442, 0.998433, -0.053472, 0.106112, 0.993244, -0.046965, -0.044152, 0.000000, 0.000000, 0.000000, 1.000000
-19.9939, 26.4698, 1.8591, 172.2217, 241.2305, -17.4700, 255.1795, -5.8243, -53.4719, -44.1525, 0.592045, 0.795517, -0.128981, 0.026470, -0.746330, 0.601602, 0.284721, 0.001859, 0.304096, -0.072305, 0.949894, 0.172222, 0.000000, 0.000000, 0.000000, 1.000000, 0.304214, -0.072401, 0.949848, 0.241230, -0.592045, -0.795517, 0.128981, -0.017470, 0.746282, -0.601590, -0.284872, 0.255180, 0.000000, 0.000000, 0.000000, 1.000000, -0.993728, 0.107603, 0.030422, -0.005824, 0.035270, 0.043439, 0.998433, -0.053472, 0.106113, 0.993244, -0.046962, -0.044152, 0.000000, 0.000000, 0.000000, 1.000000
-19.9917, 26.4682, 1.8622, 172.2221, 241.2309, -17.4684, 255.1763, -5.8243, -53.4718, -44.1527, 0.592047, 0.795519, -0.128959, 0.026468, -0.746341, 0.601599, 0.284698, 0.001862, 0.304064, -0.072307, 0.949903, 0.172222, 0.000000, 0.000000, 0.000000, 1.000000, 0.304183, -0.072404, 0.949858, 0.241231, -0.592047, -0.795519, 0.128958, -0.017468, 0.746293, -0.601588, -0.284849, 0.255176, 0.000000, 0.000000, 0.000000, 1.000000, -0.993728, 0.107604, 0.030422, -0.005824, 0.035270, 0.043436, 0.998433, -0.053472, 0.106114, 0.993244, -0.046959, -0.044153, 0.000000, 0.000000, 0.000000, 1.000000
-19.9845, 26.4640, 1.8673, 172.2204, 241.2291, -17.4642, 255.1711, -5.8245, -53.4713, -44.1534, 0.592060, 0.795521, -0.128883, 0.026464, -0.746380, 0.601596, 0.284602, 0.001867, 0.303943, -0.072306, 0.949942, 0.172220, 0.000000, 0.000000, 0.000000, 1.000000, 0.304062, -0.072402, 0.949897, 0.241229, -0.592060, -0.795521, 0.128883, -0.017464, 0.746332, -0.601585, -0.284754, 0.255171, 0.000000, 0.000000, 0.000000, 1.000000, -0.993728, 0.107609, 0.030423, -0.005825, 0.035269, 0.043425, 0.998434, -0.053471, 0.106119, 0.993244, -0.046948, -0.044153, 0.000000, 0.000000, 0.000000, 1.000000
-19.9827, 26.4627, 1.8701, 172.2207, 241.2295, -17.4629, 255.1684, -5.8246, -53.4712, -44.1535, 0.592062, 0.795522, -0.128865, 0.026463, -0.746389, 0.601594, 0.284584, 0.001870, 0.303918, -0.072308, 0.949950, 0.172221, 0.000000, 0.000000, 0.000000, 1.000000, 0.304036, -0.072405, 0.949905, 0.241230, -0.592063, -0.795522, 0.128865, -0.017463, 0.746340, -0.601583, -0.284736, 0.255168, 0.000000, 0.000000, 0.000000, 1.000000, -0.993728, 0.107610, 0.030423, -0.005825, 0.035269, 0.043422, 0.998434, -0.053471, 0.106121, 0.993244, -0.046945, -0.044154, 0.000000, 0.000000, 0.000000, 1.000000
-19.9789, 26.4601, 1.8749, 172.2209, 241.2298, -17.4602, 255.1634, -5.8247, -53.4710, -44.1539, 0.592068, 0.795525, -0.128826, 0.026460, -0.746408, 0.601591, 0.284541, 0.001875, 0.303859, -0.072311, 0.949969, 0.172221, 0.000000, 0.000000, 0.000000, 1.000000, 0.303978, -0.072408, 0.949923, 0.241230, -0.592068, -0.795525, 0.128825, -0.017460, 0.746359, -0.601579, -0.284693, 0.255163, 0.000000, 0.000000, 0.000000, 1.000000, -0.993727, 0.107612, 0.030423, -0.005825, 0.035269, 0.043416, 0.998434, -0.053471, 0.106123, 0.993244, -0.046939, -0.044154, 0.000000, 0.000000, 0.000000, 1.000000
-19.9745, 26.4574, 1.8791, 172.2205, 241.2293, -17.4576, 255.1592, -5.8248, -53.4707, -44.1543, 0.592076, 0.795526, -0.128781, 0.026457, -0.746430, 0.601589, 0.284487, 0.001879, 0.303790, -0.072312, 0.949991, 0.172220, 0.000000, 0.000000, 0.000000, 1.000000, 0.303910, -0.072409, 0.949945, 0.241229, -0.592076, -0.795526, 0.128781, -0.017458, 0.746381, -0.601577, -0.284640, 0.255159, 0.000000, 0.000000, 0.000000, 1.000000, -0.993727, 0.107615, 0.030423, -0.005825, 0.035268, 0.043409, 0.998435, -0.053471, 0.106126, 0.993244, -0.046932, -0.044154, 0.000000, 0.000000, 0.000000, 1.000000
-19.9697, 26.4547, 1.8826, 172.2193, 241.2282, -17.4549, 255.1556, -5.8249, -53.4703, -44.1547, 0.592085, 0.795527, -0.128732, 0.026455, -0.746455, 0.601587, 0.284424, 0.001883, 0.303711, -0.072311, 0.950016, 0.172219, 0.000000, 0.000000, 0.000000, 1.000000, 0.303830, -0.072408, 0.949971, 0.241228, -0.592085, -0.795527, 0.128731, -0.017455, 0.746406, -0.601576, -0.284577, 0.255156, 0.000000, 0.000000, 0.000000, 1.000000, -0.993727, 0.107618, 0.030423, -0.005825, 0.035268, 0.043401, 0.998435, -0.053470, 0.106129, 0.993245, -0.046924, -0.044155, 0.000000, 0.000000, 0.000000, 1.000000
-19.9645, 26.4519, 1.8855, 172.2176, 241.2264, -17.4521, 255.1526, -5.8251, -53.4699, -44.1552, 0.592096, 0.795528, -0.128678, 0.026452, -0.746483, 0.601587, 0.284352, 0.001885, 0.303621, -0.072308, 0.950045, 0.172218, 0.000000, 0.000000, 0.000000, 1.000000, 0.303741, -0.072406, 0.949999, 0.241226, -0.592096, -0.795528, 0.128677, -0.017452, 0.746434, -0.601575, -0.284505, 0.255153, 0.000000, 0.000000, 0.000000, 1.000000, -0.993726, 0.107622, 0.030424, -0.005825, 0.035267, 0.043393, 0.998435, -0.053470, 0.106133, 0.993245, -0.046916, -0.044155, 0.000000, 0.000000, 0.000000, 1.000000
-19.9616, 26.4505, 1.8868, 172.2165, 241.2254, -17.4507, 255.1513, -5.8252, -53.4697, -44.1554, 0.592102, 0.795528, -0.128649, 0.026451, -0.746498, 0.601587, 0.284313, 0.001887, 0.303572, -0.072306, 0.950061, 0.172216, 0.000000, 0.000000, 0.000000, 1.000000, 0.303692, -0.072404, 0.950015, 0.241225, -0.592102, -0.795528, 0.128648, -0.017451, 0.746449, -0.601575, -0.284466, 0.255151, 0.000000, 0.000000, 0.000000, 1.000000, -0.993726, 0.107623, 0.030424, -0.005825, 0.035267, 0.043388, 0.998436, -0.053470, 0.106135, 0.993245, -0.046911, -0.044155, 0.000000, 0.000000, 0.000000, 1.000000
-19.9556, 26.4477, 1.8890, 172.2139, 241.2228, -17.4478, 255.1490, -5.8253, -53.4692, -44.1559, 0.592115, 0.795528, -0.128587, 0.026448, -0.746530, 0.601588, 0.284227, 0.001889, 0.303467, -0.072301, 0.950095, 0.172214, 0.000000, 0.000000, 0.000000, 1.000000, 0.303587, -0.072399, 0.950049, 0.241223, -0.592115, -0.795528, 0.128587, -0.017448, 0.746481, -0.601576, -0.284380, 0.255149, 0.000000, 0.000000, 0.000000, 1.000000, -0.993726, 0.107627, 0.030424, -0.005825, 0.035267, 0.043378, 0.998436, -0.053469, 0.106139, 0.993245, -0.046902, -0.044156, 0.000000, 0.000000, 0.000000, 1.000000
-19.9385, 26.4400, 1.8934, 172.2052, 241.2142, -17.4402, 255.1444, -5.8259, -53.4678, -44.1572, 0.592155, 0.795527, -0.128412, 0.026440, -0.746623, 0.601592, 0.283975, 0.001893, 0.303161, -0.072282, 0.950194, 0.172205, 0.000000, 0.000000, 0.000000, 1.000000, 0.303282, -0.072381, 0.950148, 0.241214, -0.592156, -0.795527, 0.128411, -0.017440, 0.746573, -0.601580, -0.284129, 0.255144, 0.000000, 0.000000, 0.000000, 1.000000, -0.993724, 0.107638, 0.030425, -0.005826, 0.035265, 0.043350, 0.998437, -0.053468, 0.106151, 0.993245, -0.046874, -0.044157, 0.000000, 0.000000, 0.000000, 1.000000
-19.9310, 26.4367, 1.8949, 172.2011, 241.2100, -17.4369, 255.1429, -5.8261, -53.4671, -44.1578, 0.592174, 0.795525, -0.128334, 0.026437, -0.746664, 0.601595, 0.283862, 0.001895, 0.303024, -0.072273, 0.950238, 0.172201, 0.000000, 0.000000, 0.000000, 1.000000, 0.303145, -0.072371, 0.950192, 0.241210, -0.592174, -0.795525, 0.128333, -0.017437, 0.746614, -0.601583, -0.284016, 0.255143, 0.000000, 0.000000, 0.000000, 1.000000, -0.993724, 0.107643, 0.030426, -0.005826, 0.035265, 0.043337, 0.998438, -0.053467, 0.106157, 0.993245, -0.046861, -0.044158, 0.000000, 0.000000, 0.000000, 1.000000
-19.9270, 26.4351, 1.8955, 172.1989, 241.2079, -17.4352, 255.1422, -5.8262, -53.4668, -44.1581, 0.592183, 0.795525, -0.128294, 0.026435, -0.746685, 0.601596, 0.283803, 0.001896, 0.302953, -0.072268, 0.950261, 0.172199, 0.000000, 0.000000, 0.000000, 1.000000, 0.303074, -0.072367, 0.950215, 0.241208, -0.592184, -0.795525, 0.128293, -0.017435, 0.746636, -0.601584, -0.283957, 0.255142, 0.000000, 0.000000, 0.000000, 1.000000, -0.993724, 0.107646, 0.030426, -0.005826, 0.035264, 0.043331, 0.998438, -0.053467, 0.106159, 0.993245, -0.046855, -0.044158, 0.000000, 0.000000, 0.000000, 1.000000
-19.9188, 26.4316, 1.8969, 172.1943, 241.2033, -17.4318, 255.1408, -5.8265, -53.4660, -44.1587, 0.592204, 0.795523, -0.128210, 0.026432, -0.746729, 0.601599, 0.283680, 0.001897, 0.302805, -0.072258, 0.950309, 0.172194, 0.000000, 0.000000, 0.000000, 1.000000, 0.302926, -0.072357, 0.950263, 0.241203, -0.592204, -0.795523, 0.128209, -0.017432, 0.746680, -0.601588, -0.283835, 0.255141, 0.000000, 0.000000, 0.000000, 1.000000, -0.993723, 0.107651, 0.030427, -0.005826, 0.035264, 0.043317, 0.998439, -0.053466, 0.106165, 0.993245, -0.046841, -0.044159, 0.000000, 0.000000, 0.000000, 1.000000
-19.9102, 26.4280, 1.8984, 172.1895, 241.1985, -17.4281, 255.1393, -5.8267, -53.4653, -44.1594, 0.592225, 0.795521, -0.128122, 0.026428, -0.746775, 0.601603, 0.283551, 0.001898, 0.302649, -0.072247, 0.950360, 0.172190, 0.000000, 0.000000, 0.000000, 1.000000, 0.302771, -0.072346, 0.950314, 0.241198, -0.592225, -0.795521, 0.128122, -0.017428, 0.746726, -0.601591, -0.283706, 0.255139, 0.000000, 0.000000, 0.000000, 1.000000, -0.993722, 0.107657, 0.030427, -0.005827, 0.035263, 0.043303, 0.998439, -0.053465, 0.106171, 0.993245, -0.046827, -0.044159, 0.000000, 0.000000, 0.000000, 1.000000
-19.9012, 26.4242, 1.9000, 172.1845, 241.1935, -17.4244, 255.1377, -5.8270, -53.4645, -44.1601, 0.592247, 0.795519, -0.128031, 0.026424, -0.746823, 0.601607, 0.283416, 0.001900, 0.302487, -0.072236, 0.950412, 0.172185, 0.000000, 0.000000, 0.000000, 1.000000, 0.302608, -0.072335, 0.950366, 0.241194, -0.592248, -0.795519, 0.128030, -0.017424, 0.746774, -0.601595, -0.283571, 0.255138, 0.000000, 0.000000, 0.000000, 1.000000, -0.993722, 0.107663, 0.030428, -0.005827, 0.035262, 0.043288, 0.998440, -0.053464, 0.106178, 0.993245, -0.046812, -0.044160, 0.000000, 0.000000, 0.000000, 1.000000
-19.8772, 26.4140, 1.9050, 172.1716, 241.1806, -17.4142, 255.1327, -5.8278, -53.4624, -44.1619, 0.592307, 0.795514, -0.127786, 0.026414, -0.746950, 0.601617, 0.283059, 0.001905, 0.302055, -0.072208, 0.950552, 0.172172, 0.000000, 0.000000, 0.000000, 1.000000, 0.302177, -0.072307, 0.950506, 0.241181, -0.592308, -0.795514, 0.127785, -0.017414, 0.746901, -0.601605, -0.283214, 0.255133, 0.000000, 0.000000, 0.000000, 1.000000, -0.993720, 0.107679, 0.030430, -0.005828, 0.035261, 0.043248, 0.998442, -0.053462, 0.106195, 0.993245, -0.046773, -0.044162, 0.000000, 0.000000, 0.000000, 1.000000
-19.8721, 26.4119, 1.9062, 172.1689, 241.1779, -17.4120, 255.1315, -5.8279, -53.4619, -44.1623, 0.592320, 0.795513, -0.127735, 0.026412, -0.746977, 0.601619, 0.282984, 0.001906, 0.301965, -0.072202, 0.950581, 0.172169, 0.000000, 0.000000, 0.000000, 1.000000, 0.302087, -0.072301, 0.950535, 0.241178, -0.592320, -0.795513, 0.127734, -0.017412, 0.746927, -0.601608, -0.283140, 0.255131, 0.000000, 0.000000, 0.000000, 1.000000, -0.993720, 0.107682, 0.030430, -0.005828, 0.035260, 0.043239, 0.998442, -0.053462, 0.106199, 0.993245, -0.046764, -0.044162, 0.000000, 0.000000, 0.000000, 1.000000
-19.8618, 26.4074, 1.9089, 172.1637, 241.1727, -17.4076, 255.1288, -5.8282, -53.4610, -44.1631, 0.592346, 0.795511, -0.127630, 0.026407, -0.747030, 0.601624, 0.282833, 0.001909, 0.301782, -0.072191, 0.950640, 0.172164, 0.000000, 0.000000, 0.000000, 1.000000, 0.301903, -0.072290, 0.950594, 0.241173, -0.592346, -0.795511, 0.127629, -0.017408, 0.746981, -0.601612, -0.282988, 0.255129, 0.000000, 0.000000, 0.000000, 1.000000, -0.993719, 0.107689, 0.030431, -0.005828, 0.035259, 0.043222, 0.998443, -0.053461, 0.106206, 0.993245, -0.046747, -0.044163, 0.000000, 0.000000, 0.000000, 1.000000
-19.8512, 26.4028, 1.9119, 172.1584, 241.1674, -17.4030, 255.1257, -5.8286, -53.4601, -44.1639, 0.592372, 0.795508, -0.127522, 0.026403, -0.747085, 0.601628, 0.282679, 0.001912, 0.301594, -0.072181, 0.950700, 0.172158, 0.000000, 0.000000, 0.000000, 1.000000, 0.301716, -0.072280, 0.950654, 0.241167, -0.592372, -0.795508, 0.127522, -0.017403, 0.747036, -0.601616, -0.282834, 0.255126, 0.000000, 0.000000, 0.000000, 1.000000, -0.993718, 0.107696, 0.030431, -0.005829, 0.035259, 0.043204, 0.998444, -0.053460, 0.106213, 0.993245, -0.046730, -0.044164, 0.000000, 0.000000, 0.000000, 1.000000
-19.8404, 26.3980, 1.9153, 172.1533, 241.1622, -17.3982, 255.1223, -5.8289, -53.4592, -44.1648, 0.592398, 0.795506, -0.127413, 0.026398, -0.747141, 0.601632, 0.282522, 0.001915, 0.301404, -0.072170, 0.950761, 0.172153, 0.000000, 0.000000, 0.000000, 1.000000, 0.301526, -0.072269, 0.950715, 0.241162, -0.592399, -0.795506, 0.127412, -0.017398, 0.747092, -0.601621, -0.282678, 0.255122, 0.000000, 0.000000, 0.000000, 1.000000, -0.993717, 0.107703, 0.030432, -0.005829, 0.035258, 0.043186, 0.998445, -0.053459, 0.106221, 0.993245, -0.046712, -0.044165, 0.000000, 0.000000, 0.000000, 1.000000
-19.8294, 26.3932, 1.9191, 172.1482, 241.1572, -17.3933, 255.1185, -5.8293, -53.4582, -44.1656, 0.592425, 0.795504, -0.127302, 0.026393, -0.747197, 0.601636, 0.282365, 0.001919, 0.301212, -0.072160, 0.950823, 0.172148, 0.000000, 0.000000, 0.000000, 1.000000, 0.301333, -0.072259, 0.950777, 0.241157, -0.592426, -0.795504, 0.127301, -0.017393, 0.747148, -0.601625, -0.282520, 0.255119, 0.000000, 0.000000, 0.000000, 1.000000, -0.993716, 0.107710, 0.030433, -0.005829, 0.035257, 0.043168, 0.998446, -0.053458, 0.106229, 0.993245, -0.046694, -0.044166, 0.000000, 0.000000, 0.000000, 1.000000
-19.8182, 26.3881, 1.9233, 172.1432, 241.1522, -17.3883, 255.1144, -5.8296, -53.4573, -44.1665, 0.592452, 0.795502, -0.127189, 0.026388, -0.747254, 0.601641, 0.282206, 0.001923, 0.301017, -0.072151, 0.950885, 0.172143, 0.000000, 0.000000, 0.000000, 1.000000, 0.301139, -0.072250, 0.950839, 0.241152, -0.592453, -0.795502, 0.127188, -0.017388, 0.747205, -0.601629, -0.282361, 0.255114, 0.000000, 0.000000, 0.000000, 1.000000, -0.993716, 0.107717, 0.030434, -0.005830, 0.035256, 0.043149, 0.998446, -0.053457, 0.106237, 0.993245, -0.046676, -0.044166, 0.000000, 0.000000, 0.000000, 1.000000
-19.8126, 26.3856, 1.9256, 172.1408, 241.1498, -17.3857, 255.1121, -5.8298, -53.4568, -44.1669, 0.592466, 0.795501, -0.127132, 0.026386, -0.747283, 0.601642, 0.282126, 0.001926, 0.300920, -0.072146, 0.950916, 0.172141, 0.000000, 0.000000, 0.000000, 1.000000, 0.301041, -0.072245, 0.950871, 0.241150, -0.592466, -0.795501, 0.127132, -0.017386, 0.747233, -0.601631, -0.282281, 0.255112, 0.000000, 0.000000, 0.000000, 1.000000, -0.993715, 0.107721, 0.030434, -0.005830, 0.035255, 0.043140, 0.998447, -0.053457, 0.106241, 0.993245, -0.046667, -0.044167, 0.000000, 0.000000, 0.000000, 1.000000
-19.7898, 26.3750, 1.9356, 172.1315, 241.1405, -17.3752, 255.1022, -5.8305, -53.4549, -44.1687, 0.592521, 0.795497, -0.126903, 0.026375, -0.747397, 0.601650, 0.281807, 0.001936, 0.300527, -0.072130, 0.951042, 0.172132, 0.000000, 0.000000, 0.000000, 1.000000, 0.300649, -0.072229, 0.950996, 0.241140, -0.592521, -0.795497, 0.126902, -0.017375, 0.747348, -0.601638, -0.281962, 0.255102, 0.000000, 0.000000, 0.000000, 1.000000, -0.993714, 0.107736, 0.030436, -0.005830, 0.035254, 0.043102, 0.998448, -0.053455, 0.106257, 0.993245, -0.046629, -0.044169, 0.000000, 0.000000, 0.000000, 1.000000
-19.7784, 26.3696, 1.9412, 172.1271, 241.1361, -17.3698, 255.0966, -5.8308, -53.4539, -44.1697, 0.592548, 0.795495, -0.126787, 0.026370, -0.747454, 0.601653, 0.281648, 0.001941, 0.300331, -0.072123, 0.951104, 0.172127, 0.000000, 0.000000, 0.000000, 1.000000, 0.300452, -0.072221, 0.951059, 0.241136, -0.592548, -0.795495, 0.126786, -0.017370, 0.747405, -0.601641, -0.281803, 0.255097, 0.000000, 0.000000, 0.000000, 1.000000, -0.993713, 0.107743, 0.030436, -0.005831, 0.035253, 0.043083, 0.998449, -0.053454, 0.106265, 0.993245, -0.046611, -0.044170, 0.000000, 0.000000, 0.000000, 1.000000
-19.7669, 26.3637, 1.9491, 172.1241, 241.1330, -17.3639, 255.0887, -5.8312, -53.4530, -44.1706, 0.592573, 0.795494, -0.126672, 0.026364, -0.747510, 0.601654, 0.281498, 0.001949, 0.300143, -0.072120, 0.951164, 0.172124, 0.000000, 0.000000, 0.000000, 1.000000, 0.300264, -0.072218, 0.951118, 0.241133, -0.592574, -0.795494, 0.126671, -0.017364, 0.747461, -0.601642, -0.281653, 0.255089, 0.000000, 0.000000, 0.000000, 1.000000, -0.993712, 0.107751, 0.030437, -0.005831, 0.035252, 0.043064, 0.998450, -0.053453, 0.106273, 0.993245, -0.046592, -0.044171, 0.000000, 0.000000, 0.000000, 1.000000
-19.7556, 26.3574, 1.9592, 172.1223, 241.1312, -17.3576, 255.0786, -5.8315, -53.4522, -44.1716, 0.592597, 0.795495, -0.126558, 0.026357, -0.747564, 0.601654, 0.281356, 0.001959, 0.299961, -0.072121, 0.951221, 0.172122, 0.000000, 0.000000, 0.000000, 1.000000, 0.300082, -0.072219, 0.951176, 0.241131, -0.592598, -0.795494, 0.126557, -0.017358, 0.747515, -0.601642, -0.281511, 0.255079, 0.000000, 0.000000, 0.000000, 1.000000, -0.993711, 0.107758, 0.030438, -0.005832, 0.035251, 0.043046, 0.998451, -0.053452, 0.106281, 0.993245, -0.046574, -0.044172, 0.000000, 0.000000, 0.000000, 1.000000
-19.7443, 26.3511, 1.9691, 172.1204, 241.1294, -17.3513, 255.0687, -5.8319, -53.4513, -44.1725, 0.592621, 0.795495, -0.126445, 0.026351, -0.747617, 0.601653, 0.281215, 0.001969, 0.299781, -0.072122, 0.951278, 0.172120, 0.000000, 0.000000, 0.000000, 1.000000, 0.299902, -0.072220, 0.951232, 0.241129, -0.592621, -0.795495, 0.126444, -0.017351, 0.747569, -0.601641, -0.281370, 0.255069, 0.000000, 0.000000, 0.000000, 1.000000, -0.993710, 0.107765, 0.030438, -0.005832, 0.035250, 0.043028, 0.998452, -0.053451, 0.106289, 0.993245, -0.046556, -0.044173, 0.000000, 0.000000, 0.000000, 1.000000
-19.7276, 26.3419, 1.9835, 172.1176, 241.1266, -17.3421, 255.0542, -5.8324, -53.4501, -44.1740, 0.592656, 0.795495, -0.126277, 0.026342, -0.747697, 0.601652, 0.281005, 0.001984, 0.299513, -0.072123, 0.951362, 0.172118, 0.000000, 0.000000, 0.000000, 1.000000, 0.299635, -0.072222, 0.951317, 0.241127, -0.592656, -0.795495, 0.126276, -0.017342, 0.747648, -0.601640, -0.281161, 0.255054, 0.000000, 0.000000, 0.000000, 1.000000, -0.993709, 0.107776, 0.030439, -0.005832, 0.035248, 0.043000, 0.998453, -0.053450, 0.106300, 0.993245, -0.046529, -0.044174, 0.000000, 0.000000, 0.000000, 1.000000
-19.7166, 26.3358, 1.9928, 172.1157, 241.1247, -17.3360, 255.0448, -5.8327, -53.4492, -44.1749, 0.592679, 0.795496, -0.126166, 0.026336, -0.747749, 0.601652, 0.280867, 0.001993, 0.299337, -0.072123, 0.951418, 0.172116, 0.000000, 0.000000, 0.000000, 1.000000, 0.299458, -0.072222, 0.951372, 0.241125, -0.592679, -0.795496, 0.126165, -0.017336, 0.747700, -0.601640, -0.281022, 0.255045, 0.000000, 0.000000, 0.000000, 1.000000, -0.993708, 0.107783, 0.030440, -0.005833, 0.035247, 0.042982, 0.998454, -0.053449, 0.106308, 0.993245, -0.046511, -0.044175, 0.000000, 0.000000, 0.000000, 1.000000
-19.7004, 26.3270, 2.0063, 172.1128, 241.1218, -17.3272, 255.0314, -5.8332, -53.4480, -44.1763, 0.592713, 0.795496, -0.126003, 0.026327, -0.747827, 0.601651, 0.280663, 0.002006, 0.299076, -0.072124, 0.951500, 0.172113, 0.000000, 0.000000, 0.000000, 1.000000, 0.299198, -0.072223, 0.951454, 0.241122, -0.592713, -0.795496, 0.126003, -0.017327, 0.747778, -0.601639, -0.280818, 0.255031, 0.000000, 0.000000, 0.000000, 1.000000, -0.993707, 0.107793, 0.030441, -0.005833, 0.035246, 0.042956, 0.998455, -0.053448, 0.106319, 0.993245, -0.046485, -0.044176, 0.000000, 0.000000, 0.000000, 1.000000
-19.6899, 26.3213, 2.0149, 172.1108, 241.1198, -17.3215, 255.0228, -5.8335, -53.4472, -44.1772, 0.592735, 0.795496, -0.125897, 0.026321, -0.747877, 0.601651, 0.280529, 0.002015, 0.298906, -0.072124, 0.951553, 0.172111, 0.000000, 0.000000, 0.000000, 1.000000, 0.299028, -0.072223, 0.951507, 0.241120, -0.592736, -0.795496, 0.125897, -0.017321, 0.747828, -0.601639, -0.280685, 0.255023, 0.000000, 0.000000, 0.000000, 1.000000, -0.993706, 0.107800, 0.030441, -0.005833, 0.035245, 0.042939, 0.998456, -0.053447, 0.106326, 0.993245, -0.046468, -0.044177, 0.000000, 0.000000, 0.000000, 1.000000
-19.6796, 26.3157, 2.0231, 172.1088, 241.1178, -17.3159, 255.0145, -5.8338, -53.4464, -44.1781, 0.592757, 0.795497, -0.125793, 0.026316, -0.747926, 0.601650, 0.280398, 0.002023, 0.298739, -0.072123, 0.951606, 0.172109, 0.000000, 0.000000, 0.000000, 1.000000, 0.298861, -0.072222, 0.951560, 0.241118, -0.592757, -0.795497, 0.125793, -0.017316, 0.747878, -0.601639, -0.280553, 0.255015, 0.000000, 0.000000, 0.000000, 1.000000, -0.993706, 0.107806, 0.030442, -0.005834, 0.035244, 0.042922, 0.998457, -0.053446, 0.106333, 0.993245, -0.046451, -0.044178, 0.000000, 0.000000, 0.000000, 1.000000
-19.6696, 26.3103, 2.0311, 172.1068, 241.1157, -17.3105, 255.0066, -5.8341, -53.4456, -44.1789, 0.592779, 0.795497, -0.125692, 0.026310, -0.747975, 0.601650, 0.280268, 0.002031, 0.298575, -0.072123, 0.951657, 0.172107, 0.000000, 0.000000, 0.000000, 1.000000, 0.298697, -0.072222, 0.951611, 0.241116, -0.592779, -0.795497, 0.125691, -0.017310, 0.747926, -0.601639, -0.280424, 0.255007, 0.000000, 0.000000, 0.000000, 1.000000, -0.993705, 0.107813, 0.030442, -0.005834, 0.035243, 0.042905, 0.998457, -0.053446, 0.106340, 0.993245, -0.046435, -0.044179, 0.000000, 0.000000, 0.000000, 1.000000
-19.6597, 26.3050, 2.0386, 172.1047, 241.1136, -17.3052, 254.9991, -5.8344, -53.4449, -44.1797, 0.592799, 0.795497, -0.125592, 0.026305, -0.748022, 0.601650, 0.280142, 0.002039, 0.298415, -0.072122, 0.951708, 0.172105, 0.000000, 0.000000, 0.000000, 1.000000, 0.298536, -0.072221, 0.951662, 0.241114, -0.592800, -0.795497, 0.125592, -0.017305, 0.747974, -0.601638, -0.280297, 0.254999, 0.000000, 0.000000, 0.000000, 1.000000, -0.993704, 0.107819, 0.030443, -0.005834, 0.035242, 0.042889, 0.998458, -0.053445, 0.106347, 0.993245, -0.046419, -0.044180, 0.000000, 0.000000, 0.000000, 1.000000
-19.6501, 26.2999, 2.0458, 172.1025, 241.1115, -17.3001, 254.9919, -5.8346, -53.4441, -44.1806, 0.592820, 0.795497, -0.125495, 0.026300, -0.748069, 0.601650, 0.280018, 0.002046, 0.298257, -0.072121, 0.951757, 0.172103, 0.000000, 0.000000, 0.000000, 1.000000, 0.298379, -0.072220, 0.951711, 0.241111, -0.592820, -0.795497, 0.125495, -0.017300, 0.748020, -0.601638, -0.280173, 0.254992, 0.000000, 0.000000, 0.000000, 1.000000, -0.993704, 0.107825, 0.030443, -0.005835, 0.035241, 0.042874, 0.998459, -0.053444, 0.106353, 0.993245, -0.046404, -0.044181, 0.000000, 0.000000, 0.000000, 1.000000
-19.6408, 26.2950, 2.0527, 172.1004, 241.1093, -17.2952, 254.9850, -5.8349, -53.4434, -44.1813, 0.592840, 0.795497, -0.125401, 0.026295, -0.748114, 0.601650, 0.279896, 0.002053, 0.298104, -0.072119, 0.951805, 0.172100, 0.000000, 0.000000, 0.000000, 1.000000, 0.298226, -0.072218, 0.951759, 0.241109, -0.592840, -0.795497, 0.125400, -0.017295, 0.748066, -0.601638, -0.280051, 0.254985, 0.000000, 0.000000, 0.000000, 1.000000, -0.993703, 0.107831, 0.030444, -0.005835, 0.035241, 0.042858, 0.998459, -0.053443, 0.106360, 0.993245, -0.046389, -0.044181, 0.000000, 0.000000, 0.000000, 1.000000
-19.6362, 26.2926, 2.0560, 172.0993, 241.1082, -17.2927, 254.9817, -5.8350, -53.4431, -44.1817, 0.592849, 0.795497, -0.125355, 0.026293, -0.748137, 0.601650, 0.279837, 0.002056, 0.298029, -0.072119, 0.951829, 0.172099, 0.000000, 0.000000, 0.000000, 1.000000, 0.298150, -0.072217, 0.951783, 0.241108, -0.592850, -0.795497, 0.125354, -0.017293, 0.748088, -0.601638, -0.279992, 0.254982, 0.000000, 0.000000, 0.000000, 1.000000, -0.993703, 0.107834, 0.030444, -0.005835, 0.035240, 0.042851, 0.998460, -0.053443, 0.106363, 0.993245, -0.046381, -0.044182, 0.000000, 0.000000, 0.000000, 1.000000
-19.6186, 26.2833, 2.0685, 172.0949, 241.1038, -17.2835, 254.9693, -5.8356, -53.4417, -44.1832, 0.592887, 0.795497, -0.125176, 0.026283, -0.748223, 0.601650, 0.279605, 0.002068, 0.297737, -0.072115, 0.951920, 0.172095, 0.000000, 0.000000, 0.000000, 1.000000, 0.297858, -0.072213, 0.951875, 0.241104, -0.592887, -0.795497, 0.125175, -0.017283, 0.748175, -0.601639, -0.279760, 0.254969, 0.000000, 0.000000, 0.000000, 1.000000, -0.993701, 0.107845, 0.030445, -0.005836, 0.035239, 0.042822, 0.998461, -0.053442, 0.106375, 0.993245, -0.046353, -0.044183, 0.000000, 0.000000, 0.000000, 1.000000
-19.6144, 26.2811, 2.0714, 172.0938, 241.1027, -17.2813, 254.9665, -5.8357, -53.4414, -44.1836, 0.592896, 0.795497, -0.125133, 0.026281, -0.748244, 0.601651, 0.279549, 0.002071, 0.297667, -0.072114, 0.951942, 0.172094, 0.000000, 0.000000, 0.000000, 1.000000, 0.297788, -0.072212, 0.951897, 0.241103, -0.592896, -0.795497, 0.125132, -0.017281, 0.748195, -0.601639, -0.279704, 0.254966, 0.000000, 0.000000, 0.000000, 1.000000, -0.993701, 0.107848, 0.030446, -0.005836, 0.035238, 0.042815, 0.998461, -0.053441, 0.106378, 0.993245, -0.046346, -0.044184, 0.000000, 0.000000, 0.000000, 1.000000
-19.6061, 26.2768, 2.0770, 172.0916, 241.1005, -17.2770, 254.9609, -5.8359, -53.4407, -44.1843, 0.592914, 0.795498, -0.125049, 0.026277, -0.748285, 0.601651, 0.279440, 0.002077, 0.297529, -0.072112, 0.951985, 0.172092, 0.000000, 0.000000, 0.000000, 1.000000, 0.297650, -0.072210, 0.951940, 0.241101, -0.592914, -0.795497, 0.125048, -0.017277, 0.748236, -0.601639, -0.279594, 0.254961, 0.000000, 0.000000, 0.000000, 1.000000, -0.993701, 0.107853, 0.030446, -0.005836, 0.035238, 0.042802, 0.998462, -0.053441, 0.106384, 0.993245, -0.046332, -0.044184, 0.000000, 0.000000, 0.000000, 1.000000
-19.5981, 26.2726, 2.0822, 172.0894, 241.0983, -17.2728, 254.9557, -5.8362, -53.4401, -44.1849, 0.592931, 0.795498, -0.124967, 0.026273, -0.748324, 0.601651, 0.279333, 0.002082, 0.297396, -0.072109, 0.952027, 0.172089, 0.000000, 0.000000, 0.000000, 1.000000, 0.297516, -0.072207, 0.951982, 0.241098, -0.592931, -0.795498, 0.124966, -0.017273, 0.748276, -0.601639, -0.279488, 0.254956, 0.000000, 0.000000, 0.000000, 1.000000, -0.993700, 0.107858, 0.030447, -0.005836, 0.035237, 0.042788, 0.998463, -0.053440, 0.106389, 0.993245, -0.046319, -0.044185, 0.000000, 0.000000, 0.000000, 1.000000
-19.5903, 26.2686, 2.0873, 172.0872, 241.0961, -17.2688, 254.9507, -5.8364, -53.4395, -44.1856, 0.592947, 0.795498, -0.124888, 0.026269, -0.748363, 0.601651, 0.279230, 0.002087, 0.297266, -0.072107, 0.952068, 0.172087, 0.000000, 0.000000, 0.000000, 1.000000, 0.297387, -0.072205, 0.952023, 0.241096, -0.592947, -0.795498, 0.124888, -0.017269, 0.748314, -0.601639, -0.279384, 0.254951, 0.000000, 0.000000, 0.000000, 1.000000, -0.993699, 0.107863, 0.030447, -0.005836, 0.035236, 0.042776, 0.998463, -0.053439, 0.106395, 0.993245, -0.046307, -0.044186, 0.000000, 0.000000, 0.000000, 1.000000
-19.5828, 26.2648, 2.0920, 172.0850, 241.0939, -17.2649, 254.9460, -5.8366, -53.4389, -44.1862, 0.592963, 0.795498, -0.124812, 0.026265, -0.748400, 0.601651, 0.279129, 0.002092, 0.297140, -0.072104, 0.952108, 0.172085, 0.000000, 0.000000, 0.000000, 1.000000, 0.297261, -0.072202, 0.952063, 0.241094, -0.592963, -0.795498, 0.124811, -0.017265, 0.748352, -0.601640, -0.279283, 0.254946, 0.000000, 0.000000, 0.000000, 1.000000, -0.993699, 0.107868, 0.030447, -0.005837, 0.035236, 0.042763, 0.998464, -0.053439, 0.106400, 0.993245, -0.046295, -0.044186, 0.000000, 0.000000, 0.000000, 1.000000
-19.5755, 26.2610, 2.0966, 172.0829, 241.0917, -17.2612, 254.9415, -5.8368, -53.4383, -44.1868, 0.592979, 0.795498, -0.124738, 0.026261, -0.748436, 0.601651, 0.279032, 0.002097, 0.297018, -0.072101, 0.952146, 0.172083, 0.000000, 0.000000, 0.000000, 1.000000, 0.297138, -0.072199, 0.952101, 0.241092, -0.592979, -0.795498, 0.124737, -0.017261, 0.748388, -0.601640, -0.279185, 0.254942, 0.000000, 0.000000, 0.000000, 1.000000, -0.993698, 0.107872, 0.030448, -0.005837, 0.035235, 0.042751, 0.998464, -0.053438, 0.106405, 0.993245, -0.046283, -0.044187, 0.000000, 0.000000, 0.000000, 1.000000
-19.5550, 26.2505, 2.1090, 172.0765, 241.0853, -17.2507, 254.9292, -5.8374, -53.4367, -44.1885, 0.593022, 0.795498, -0.124529, 0.026250, -0.748539, 0.601652, 0.278755, 0.002109, 0.296672, -0.072093, 0.952254, 0.172077, 0.000000, 0.000000, 0.000000, 1.000000, 0.296792, -0.072190, 0.952210, 0.241085, -0.593022, -0.795498, 0.124528, -0.017251, 0.748491, -0.601640, -0.278908, 0.254929, 0.000000, 0.000000, 0.000000, 1.000000, -0.993697, 0.107885, 0.030449, -0.005837, 0.035233, 0.042718, 0.998466, -0.053437, 0.106419, 0.993245, -0.046250, -0.044189, 0.000000, 0.000000, 0.000000, 1.000000
-19.5486, 26.2468, 2.1149, 172.0756, 241.0844, -17.2470, 254.9234, -5.8376, -53.4362, -44.1891, 0.593034, 0.795500, -0.124464, 0.026247, -0.748570, 0.601650, 0.278676, 0.002115, 0.296570, -0.072094, 0.952286, 0.172076, 0.000000, 0.000000, 0.000000, 1.000000, 0.296690, -0.072191, 0.952241, 0.241084, -0.593034, -0.795499, 0.124463, -0.017247, 0.748522, -0.601639, -0.278828, 0.254923, 0.000000, 0.000000, 0.000000, 1.000000, -0.993697, 0.107889, 0.030450, -0.005838, 0.035233, 0.042708, 0.998466, -0.053436, 0.106423, 0.993245, -0.046240, -0.044189, 0.000000, 0.000000, 0.000000, 1.000000
-19.5425, 26.2428, 2.1224, 172.0758, 241.0845, -17.2430, 254.9159, -5.8378, -53.4358, -44.1896, 0.593044, 0.795502, -0.124402, 0.026243, -0.748599, 0.601647, 0.278606, 0.002122, 0.296477, -0.072098, 0.952315, 0.172076, 0.000000, 0.000000, 0.000000, 1.000000, 0.296597, -0.072195, 0.952270, 0.241085, -0.593044, -0.795502, 0.124401, -0.017243, 0.748551, -0.601635, -0.278758, 0.254916, 0.000000, 0.000000, 0.000000, 1.000000, -0.993696, 0.107893, 0.030450, -0.005838, 0.035232, 0.042698, 0.998467, -0.053436, 0.106427, 0.993245, -0.046230, -0.044190, 0.000000, 0.000000, 0.000000, 1.000000
-19.5395, 26.2408, 2.1260, 172.0758, 241.0846, -17.2410, 254.9124, -5.8379, -53.4356, -44.1899, 0.593049, 0.795503, -0.124372, 0.026241, -0.748613, 0.601645, 0.278571, 0.002126, 0.296432, -0.072100, 0.952329, 0.172076, 0.000000, 0.000000, 0.000000, 1.000000, 0.296551, -0.072197, 0.952284, 0.241085, -0.593049, -0.795503, 0.124371, -0.017241, 0.748565, -0.601634, -0.278724, 0.254912, 0.000000, 0.000000, 0.000000, 1.000000, -0.993696, 0.107895, 0.030450, -0.005838, 0.035232, 0.042693, 0.998467, -0.053436, 0.106429, 0.993245, -0.046225, -0.044190, 0.000000, 0.000000, 0.000000, 1.000000
-19.5308, 26.2353, 2.1358, 172.0756, 241.0843, -17.2355, 254.9025, -5.8381, -53.4350, -44.1907, 0.593064, 0.795506, -0.124283, 0.026235, -0.748655, 0.601641, 0.278469, 0.002136, 0.296297, -0.072105, 0.952370, 0.172076, 0.000000, 0.000000, 0.000000, 1.000000, 0.296417, -0.072202, 0.952326, 0.241084, -0.593064, -0.795506, 0.124282, -0.017235, 0.748607, -0.601629, -0.278622, 0.254903, 0.000000, 0.000000, 0.000000, 1.000000, -0.993695, 0.107900, 0.030450, -0.005838, 0.035231, 0.042679, 0.998467, -0.053435, 0.106435, 0.993245, -0.046211, -0.044191, 0.000000, 0.000000, 0.000000, 1.000000
-19.5224, 26.2301, 2.1445, 172.0749, 241.0837, -17.2303, 254.8939, -5.8383, -53.4345, -44.1915, 0.593078, 0.795508, -0.124198, 0.026230, -0.748695, 0.601637, 0.278368, 0.002144, 0.296166, -0.072108, 0.952411, 0.172075, 0.000000, 0.000000, 0.000000, 1.000000, 0.296285, -0.072205, 0.952366, 0.241084, -0.593078, -0.795508, 0.124197, -0.017230, 0.748648, -0.601625, -0.278520, 0.254894, 0.000000, 0.000000, 0.000000, 1.000000, -0.993695, 0.107905, 0.030451, -0.005838, 0.035230, 0.042666, 0.998468, -0.053434, 0.106441, 0.993245, -0.046198, -0.044191, 0.000000, 0.000000, 0.000000, 1.000000
-19.5196, 26.2285, 2.1471, 172.0746, 241.0834, -17.2287, 254.8912, -5.8384, -53.4343, -44.1917, 0.593083, 0.795509, -0.124170, 0.026228, -0.748709, 0.601636, 0.278334, 0.002147, 0.296122, -0.072108, 0.952424, 0.172075, 0.000000, 0.000000, 0.000000, 1.000000, 0.296242, -0.072205, 0.952380, 0.241083, -0.593083, -0.795509, 0.124169, -0.017229, 0.748661, -0.601624, -0.278487, 0.254891, 0.000000, 0.000000, 0.000000, 1.000000, -0.993695, 0.107907, 0.030451, -0.005838, 0.035230, 0.042661, 0.998468, -0.053434, 0.106443, 0.993245, -0.046194, -0.044192, 0.000000, 0.000000, 0.000000, 1.000000
-19.5116, 26.2237, 2.1543, 172.0734, 241.0821, -17.2239, 254.8840, -5.8386, -53.4337, -44.1924, 0.593097, 0.795511, -0.124088, 0.026224, -0.748748, 0.601633, 0.278234, 0.002154, 0.295993, -0.072109, 0.952464, 0.172073, 0.000000, 0.000000, 0.000000, 1.000000, 0.296112, -0.072206, 0.952420, 0.241082, -0.593097, -0.795511, 0.124087, -0.017224, 0.748701, -0.601621, -0.278386, 0.254884, 0.000000, 0.000000, 0.000000, 1.000000, -0.993694, 0.107912, 0.030451, -0.005839, 0.035229, 0.042648, 0.998469, -0.053434, 0.106448, 0.993245, -0.046181, -0.044192, 0.000000, 0.000000, 0.000000, 1.000000
