# Joint_A_Angle(deg), Cam_X(mm), Cam_Y(mm), Cam_Z(mm), Torso_X(mm), Torso_Y(mm), Torso_Z(mm), EE_X(mm), EE_Y(mm), EE_Z(mm), T_cam2marker_flat(16), T_torso2marker_flat(16), T_ee2marker_flat(16)
-15.0003, 32.8557, 20.8352, 163.4553, 232.4585, -23.8559, 236.2196, 98.4233, 6.8979, 3.9381, 0.576677, 0.816785, 0.017510, 0.032856, -0.813678, 0.576142, -0.077378, 0.020835, -0.073289, 0.030375, 0.996848, 0.163455, 0.000000, 0.000000, 0.000000, 1.000000, -0.073218, 0.030324, 0.996855, 0.232458, -0.576677, -0.816785, -0.017510, -0.023856, 0.813685, -0.576145, 0.077290, 0.236220, 0.000000, 0.000000, 0.000000, 1.000000, 0.001900, -0.013975, -0.999901, 0.098423, -0.999450, -0.033127, -0.001436, 0.006898, -0.033103, 0.999353, -0.014030, 0.003938, 0.000000, 0.000000, 0.000000, 1.000000
-15.0003, 32.8556, 20.8356, 163.4556, 232.4588, -23.8558, 236.2192, 98.4233, 6.8979, 3.9381, 0.576676, 0.816785, 0.017510, 0.032856, -0.813679, 0.576142, -0.077377, 0.020836, -0.073288, 0.030374, 0.996848, 0.163456, 0.000000, 0.000000, 0.000000, 1.000000, -0.073217, 0.030323, 0.996855, 0.232459, -0.576676, -0.816785, -0.017510, -0.023856, 0.813685, -0.576145, 0.077289, 0.236219, 0.000000, 0.000000, 0.000000, 1.000000, 0.001900, -0.013975, -0.999901, 0.098423, -0.999450, -0.033127, -0.001436, 0.006898, -0.033103, 0.999353, -0.014030, 0.003938, 0.000000, 0.000000, 0.000000, 1.000000
-15.0003, 32.8555, 20.8362, 163.4560, 232.4592, -23.8556, 236.2187, 98.4233, 6.8979, 3.9381, 0.576676, 0.816785, 0.017510, 0.032855, -0.813679, 0.576142, -0.077375, 0.020836, -0.073287, 0.030373, 0.996848, 0.163456, 0.000000, 0.000000, 0.000000, 1.000000, -0.073215, 0.030321, 0.996855, 0.232459, -0.576676, -0.816785, -0.017511, -0.023856, 0.813686, -0.576144, 0.077286, 0.236219, 0.000000, 0.000000, 0.000000, 1.000000, 0.001900, -0.013975, -0.999901, 0.098423, -0.999450, -0.033127, -0.001436, 0.006898, -0.033103, 0.999353, -0.014030, 0.003938, 0.000000, 0.000000, 0.000000, 1.000000
-15.0003, 32.8554, 20.8364, 163.4563, 232.4594, -23.8556, 236.2184, 98.4233, 6.8979, 3.9381, 0.576676, 0.816786, 0.017510, 0.032855, -0.813680, 0.576141, -0.077373, 0.020836, -0.073286, 0.030372, 0.996848, 0.163456, 0.000000, 0.000000, 0.000000, 1.000000, -0.073214, 0.030320, 0.996855, 0.232459, -0.576676, -0.816786, -0.017511, -0.023856, 0.813686, -0.576144, 0.077285, 0.236218, 0.000000, 0.000000, 0.000000, 1.000000, 0.001900, -0.013975, -0.999901, 0.098423, -0.999450, -0.033127, -0.001436, 0.006898, -0.033103, 0.999353, -0.014030, 0.003938, 0.000000, 0.000000, 0.000000, 1.000000
-15.0003, 32.8554, 20.8364, 163.4563, 232.4594, -23.8556, 236.2184, 98.4233, 6.8979, 3.9381, 0.576676, 0.816786, 0.017510, 0.032855, -0.813680, 0.576141, -0.077373, 0.020836, -0.073286, 0.030372, 0.996848, 0.163456, 0.000000, 0.000000, 0.000000, 1.000000, -0.073214, 0.030320, 0.996855, 0.232459, -0.576676, -0.816786, -0.017511, -0.023856, 0.813686, -0.576144, 0.077285, 0.236218, 0.000000, 0.000000, 0.000000, 1.000000, 0.001900, -0.013975, -0.999901, 0.098423, -0.999450, -0.033127, -0.001436, 0.006898, -0.033103, 0.999353, -0.014030, 0.003938, 0.000000, 0.000000, 0.000000, 1.000000
-15.0002, 32.8554, 20.8362, 163.4563, 232.4595, -23.8555, 236.2186, 98.4233, 6.8979, 3.9381, 0.576675, 0.816786, 0.017511, 0.032855, -0.813680, 0.576141, -0.077374, 0.020836, -0.073287, 0.030371, 0.996848, 0.163456, 0.000000, 0.000000, 0.000000, 1.000000, -0.073215, 0.030319, 0.996855, 0.232460, -0.576675, -0.816786, -0.017512, -0.023856, 0.813686, -0.576144, 0.077286, 0.236219, 0.000000, 0.000000, 0.000000, 1.000000, 0.001900, -0.013975, -0.999901, 0.098423, -0.999450, -0.033127, -0.001436, 0.006898, -0.033103, 0.999353, -0.014030, 0.003938, 0.000000, 0.000000, 0.000000, 1.000000
-15.0002, 32.8554, 20.8359, 163.4563, 232.4595, -23.8555, 236.2189, 98.4233, 6.8979, 3.9381, 0.576675, 0.816786, 0.017512, 0.032855, -0.813680, 0.576141, -0.077374, 0.020836, -0.073288, 0.030371, 0.996848, 0.163456, 0.000000, 0.000000, 0.000000, 1.000000, -0.073216, 0.030319, 0.996855, 0.232459, -0.576675, -0.816786, -0.017513, -0.023856, 0.813686, -0.576144, 0.077286, 0.236219, 0.000000, 0.000000, 0.000000, 1.000000, 0.001900, -0.013975, -0.999901, 0.098423, -0.999450, -0.033127, -0.001436, 0.006898, -0.033103, 0.999353, -0.014030, 0.003938, 0.000000, 0.000000, 0.000000, 1.000000
-15.0001, 32.8554, 20.8353, 163.4561, 232.4593, -23.8556, 236.2195, 98.4233, 6.8979, 3.9381, 0.576675, 0.816786, 0.017513, 0.032855, -0.813679, 0.576141, -0.077376, 0.020835, -0.073290, 0.030371, 0.996848, 0.163456, 0.000000, 0.000000, 0.000000, 1.000000, -0.073218, 0.030319, 0.996855, 0.232459, -0.576675, -0.816786, -0.017514, -0.023856, 0.813686, -0.576144, 0.077288, 0.236219, 0.000000, 0.000000, 0.000000, 1.000000, 0.001900, -0.013975, -0.999901, 0.098423, -0.999450, -0.033127, -0.001436, 0.006898, -0.033103, 0.999353, -0.014030, 0.003938, 0.000000, 0.000000, 0.000000, 1.000000
-15.0001, 32.8554, 20.8344, 163.4559, 232.4591, -23.8556, 236.2204, 98.4233, 6.8979, 3.9381, 0.576676, 0.816785, 0.017514, 0.032855, -0.813679, 0.576142, -0.077379, 0.020834, -0.073292, 0.030371, 0.996848, 0.163456, 0.000000, 0.000000, 0.000000, 1.000000, -0.073221, 0.030320, 0.996855, 0.232459, -0.576676, -0.816786, -0.017515, -0.023856, 0.813685, -0.576144, 0.077290, 0.236220, 0.000000, 0.000000, 0.000000, 1.000000, 0.001900, -0.013975, -0.999901, 0.098423, -0.999450, -0.033127, -0.001436, 0.006898, -0.033103, 0.999353, -0.014030, 0.003938, 0.000000, 0.000000, 0.000000, 1.000000
-15.0000, 32.8554, 20.8333, 163.4556, 232.4587, -23.8556, 236.2215, 98.4233, 6.8979, 3.9381, 0.576676, 0.816785, 0.017516, 0.032855, -0.813678, 0.576142, -0.077381, 0.020833, -0.073296, 0.030372, 0.996848, 0.163456, 0.000000, 0.000000, 0.000000, 1.000000, -0.073224, 0.030320, 0.996855, 0.232459, -0.576676, -0.816785, -0.017517, -0.023856, 0.813685, -0.576145, 0.077293, 0.236221, 0.000000, 0.000000, 0.000000, 1.000000, 0.001900, -0.013975, -0.999901, 0.098423, -0.999450, -0.033127, -0.001436, 0.006898, -0.033103, 0.999353, -0.014030, 0.003938, 0.000000, 0.000000, 0.000000, 1.000000
-14.9999, 32.8554, 20.8327, 163.4554, 232.4586, -23.8556, 236.2221, 98.4233, 6.8979, 3.9381, 0.576676, 0.816785, 0.017517, 0.032855, -0.813678, 0.576142, -0.077383, 0.020833, -0.073297, 0.030371, 0.996848, 0.163455, 0.000000, 0.000000, 0.000000, 1.000000, -0.073226, 0.030320, 0.996854, 0.232459, -0.576676, -0.816785, -0.017518, -0.023856, 0.813685, -0.576145, 0.077294, 0.236222, 0.000000, 0.000000, 0.000000, 1.000000, 0.001900, -0.013975, -0.999901, 0.098423, -0.999450, -0.033127, -0.001436, 0.006898, -0.033103, 0.999353, -0.014030, 0.003938, 0.000000, 0.000000, 0.000000, 1.000000
-14.9997, 32.8554, 20.8313, 163.4551, 232.4583, -23.8556, 236.2235, 98.4233, 6.8979, 3.9381, 0.576677, 0.816785, 0.017520, 0.032855, -0.813677, 0.576143, -0.077385, 0.020831, -0.073301, 0.030371, 0.996847, 0.163455, 0.000000, 0.000000, 0.000000, 1.000000, -0.073230, 0.030319, 0.996854, 0.232458, -0.576676, -0.816785, -0.017521, -0.023856, 0.813684, -0.576145, 0.077297, 0.236224, 0.000000, 0.000000, 0.000000, 1.000000, 0.001900, -0.013975, -0.999901, 0.098423, -0.999450, -0.033127, -0.001436, 0.006898, -0.033103, 0.999353, -0.014030, 0.003938, 0.000000, 0.000000, 0.000000, 1.000000
-14.9996, 32.8554, 20.8305, 163.4550, 232.4582, -23.8555, 236.2243, 98.4233, 6.8979, 3.9381, 0.576677, 0.816784, 0.017522, 0.032855, -0.813677, 0.576143, -0.077387, 0.020830, -0.073303, 0.030370, 0.996847, 0.163455, 0.000000, 0.000000, 0.000000, 1.000000, -0.073232, 0.030318, 0.996854, 0.232458, -0.576677, -0.816784, -0.017523, -0.023856, 0.813684, -0.576146, 0.077298, 0.236224, 0.000000, 0.000000, 0.000000, 1.000000, 0.001900, -0.013975, -0.999901, 0.098423, -0.999450, -0.033127, -0.001436, 0.006898, -0.033103, 0.999353, -0.014030, 0.003938, 0.000000, 0.000000, 0.000000, 1.000000
-14.9993, 32.8552, 20.8288, 163.4548, 232.4580, -23.8554, 236.2260, 98.4233, 6.8979, 3.9381, 0.576677, 0.816784, 0.017526, 0.032855, -0.813676, 0.576144, -0.077389, 0.020829, -0.073308, 0.030368, 0.996847, 0.163455, 0.000000, 0.000000, 0.000000, 1.000000, -0.073236, 0.030316, 0.996854, 0.232458, -0.576677, -0.816784, -0.017527, -0.023855, 0.813683, -0.576147, 0.077301, 0.236226, 0.000000, 0.000000, 0.000000, 1.000000, 0.001900, -0.013975, -0.999901, 0.098423, -0.999450, -0.033127, -0.001436, 0.006898, -0.033103, 0.999353, -0.014030, 0.003938, 0.000000, 0.000000, 0.000000, 1.000000
-14.9989, 32.8549, 20.8269, 163.4548, 232.4580, -23.8551, 236.2279, 98.4233, 6.8979, 3.9381, 0.576678, 0.816783, 0.017532, 0.032855, -0.813675, 0.576145, -0.077390, 0.020827, -0.073313, 0.030364, 0.996847, 0.163455, 0.000000, 0.000000, 0.000000, 1.000000, -0.073241, 0.030312, 0.996854, 0.232458, -0.576678, -0.816783, -0.017533, -0.023855, 0.813682, -0.576148, 0.077302, 0.236228, 0.000000, 0.000000, 0.000000, 1.000000, 0.001900, -0.013975, -0.999901, 0.098423, -0.999450, -0.033127, -0.001436, 0.006898, -0.033103, 0.999353, -0.014030, 0.003938, 0.000000, 0.000000, 0.000000, 1.000000
-14.9987, 32.8547, 20.8259, 163.4549, 232.4581, -23.8549, 236.2289, 98.4233, 6.8979, 3.9381, 0.576678, 0.816783, 0.017536, 0.032855, -0.813675, 0.576146, -0.077391, 0.020826, -0.073315, 0.030361, 0.996847, 0.163455, 0.000000, 0.000000, 0.000000, 1.000000, -0.073243, 0.030309, 0.996853, 0.232458, -0.576678, -0.816783, -0.017537, -0.023855, 0.813681, -0.576148, 0.077302, 0.236229, 0.000000, 0.000000, 0.000000, 1.000000, 0.001900, -0.013975, -0.999901, 0.098423, -0.999450, -0.033127, -0.001436, 0.006898, -0.033103, 0.999353, -0.014030, 0.003938, 0.000000, 0.000000, 0.000000, 1.000000
-14.9981, 32.8541, 20.8237, 163.4553, 232.4585, -23.8543, 236.2311, 98.4233, 6.8979, 3.9380, 0.576679, 0.816782, 0.017545, 0.032854, -0.813674, 0.576147, -0.077390, 0.020824, -0.073320, 0.030354, 0.996846, 0.163455, 0.000000, 0.000000, 0.000000, 1.000000, -0.073248, 0.030302, 0.996853, 0.232458, -0.576679, -0.816782, -0.017546, -0.023854, 0.813681, -0.576150, 0.077302, 0.236231, 0.000000, 0.000000, 0.000000, 1.000000, 0.001900, -0.013975, -0.999901, 0.098423, -0.999450, -0.033127, -0.001436, 0.006898, -0.033103, 0.999353, -0.014030, 0.003938, 0.000000, 0.000000, 0.000000, 1.000000
-14.9977, 32.8538, 20.8226, 163.4556, 232.4588, -23.8540, 236.2322, 98.4233, 6.8979, 3.9380, 0.576679, 0.816782, 0.017550, 0.032854, -0.813674, 0.576148, -0.077390, 0.020823, -0.073322, 0.030349, 0.996846, 0.163456, 0.000000, 0.000000, 0.000000, 1.000000, -0.073250, 0.030297, 0.996853, 0.232459, -0.576679, -0.816782, -0.017551, -0.023854, 0.813680, -0.576150, 0.077301, 0.236232, 0.000000, 0.000000, 0.000000, 1.000000, 0.001900, -0.013975, -0.999901, 0.098423, -0.999450, -0.033127, -0.001436, 0.006898, -0.033103, 0.999353, -0.014030, 0.003938, 0.000000, 0.000000, 0.000000, 1.000000
-14.9969, 32.8529, 20.8201, 163.4564, 232.4596, -23.8531, 236.2347, 98.4232, 6.8979, 3.9380, 0.576680, 0.816781, 0.017562, 0.032853, -0.813673, 0.576149, -0.077387, 0.020820, -0.073327, 0.030338, 0.996846, 0.163456, 0.000000, 0.000000, 0.000000, 1.000000, -0.073255, 0.030286, 0.996853, 0.232460, -0.576680, -0.816781, -0.017563, -0.023853, 0.813679, -0.576152, 0.077299, 0.236235, 0.000000, 0.000000, 0.000000, 1.000000, 0.001900, -0.013975, -0.999901, 0.098423, -0.999450, -0.033127, -0.001436, 0.006898, -0.033103, 0.999353, -0.014030, 0.003938, 0.000000, 0.000000, 0.000000, 1.000000
-14.9964, 32.8524, 20.8188, 163.4570, 232.4602, -23.8525, 236.2360, 98.4232, 6.8979, 3.9380, 0.576681, 0.816781, 0.017569, 0.032852, -0.813672, 0.576150, -0.077385, 0.020819, -0.073329, 0.030331, 0.996846, 0.163457, 0.000000, 0.000000, 0.000000, 1.000000, -0.073258, 0.030279, 0.996853, 0.232460, -0.576680, -0.816781, -0.017570, -0.023853, 0.813679, -0.576153, 0.077297, 0.236236, 0.000000, 0.000000, 0.000000, 1.000000, 0.001900, -0.013975, -0.999901, 0.098423, -0.999450, -0.033127, -0.001436, 0.006898, -0.033103, 0.999353, -0.014030, 0.003938, 0.000000, 0.000000, 0.000000, 1.000000
-14.9953, 32.8511, 20.8161, 163.4585, 232.4616, -23.8513, 236.2388, 98.4232, 6.8979, 3.9379, 0.576681, 0.816780, 0.017585, 0.032851, -0.813671, 0.576152, -0.077379, 0.020816, -0.073334, 0.030314, 0.996847, 0.163458, 0.000000, 0.000000, 0.000000, 1.000000, -0.073262, 0.030263, 0.996853, 0.232462, -0.576681, -0.816780, -0.017586, -0.023851, 0.813678, -0.576155, 0.077291, 0.236239, 0.000000, 0.000000, 0.000000, 1.000000, 0.001900, -0.013975, -0.999901, 0.098423, -0.999450, -0.033127, -0.001436, 0.006898, -0.033103, 0.999353, -0.014030, 0.003938, 0.000000, 0.000000, 0.000000, 1.000000
-14.9940, 32.8495, 20.8132, 163.4604, 232.4636, -23.8497, 236.2417, 98.4232, 6.8979, 3.9379, 0.576682, 0.816779, 0.017605, 0.032849, -0.813670, 0.576155, -0.077371, 0.020813, -0.073338, 0.030294, 0.996847, 0.163460, 0.000000, 0.000000, 0.000000, 1.000000, -0.073267, 0.030243, 0.996854, 0.232464, -0.576682, -0.816779, -0.017605, -0.023850, 0.813677, -0.576157, 0.077283, 0.236242, 0.000000, 0.000000, 0.000000, 1.000000, 0.001900, -0.013975, -0.999901, 0.098423, -0.999450, -0.033127, -0.001436, 0.006898, -0.033103, 0.999353, -0.014030, 0.003938, 0.000000, 0.000000, 0.000000, 1.000000
-14.9932, 32.8486, 20.8116, 163.4616, 232.4647, -23.8487, 236.2433, 98.4232, 6.8979, 3.9378, 0.576682, 0.816779, 0.017615, 0.032849, -0.813670, 0.576156, -0.077366, 0.020812, -0.073340, 0.030282, 0.996847, 0.163462, 0.000000, 0.000000, 0.000000, 1.000000, -0.073269, 0.030231, 0.996854, 0.232465, -0.576682, -0.816779, -0.017616, -0.023849, 0.813676, -0.576159, 0.077278, 0.236243, 0.000000, 0.000000, 0.000000, 1.000000, 0.001900, -0.013975, -0.999901, 0.098423, -0.999450, -0.033127, -0.001436, 0.006898, -0.033103, 0.999353, -0.014030, 0.003938, 0.000000, 0.000000, 0.000000, 1.000000
-14.9915, 32.8464, 20.8083, 163.4643, 232.4675, -23.8466, 236.2466, 98.4231, 6.8979, 3.9377, 0.576683, 0.816777, 0.017640, 0.032846, -0.813669, 0.576159, -0.077354, 0.020808, -0.073344, 0.030256, 0.996848, 0.163464, 0.000000, 0.000000, 0.000000, 1.000000, -0.073273, 0.030204, 0.996854, 0.232467, -0.576683, -0.816777, -0.017641, -0.023847, 0.813675, -0.576162, 0.077266, 0.236247, 0.000000, 0.000000, 0.000000, 1.000000, 0.001900, -0.013975, -0.999901, 0.098423, -0.999450, -0.033127, -0.001436, 0.006898, -0.033103, 0.999353, -0.014030, 0.003938, 0.000000, 0.000000, 0.000000, 1.000000
-14.9906, 32.8452, 20.8066, 163.4659, 232.4691, -23.8454, 236.2483, 98.4231, 6.8979, 3.9377, 0.576683, 0.816777, 0.017653, 0.032845, -0.813669, 0.576161, -0.077346, 0.020807, -0.073346, 0.030240, 0.996848, 0.163466, 0.000000, 0.000000, 0.000000, 1.000000, -0.073275, 0.030189, 0.996855, 0.232469, -0.576683, -0.816777, -0.017654, -0.023845, 0.813675, -0.576163, 0.077259, 0.236248, 0.000000, 0.000000, 0.000000, 1.000000, 0.001900, -0.013975, -0.999901, 0.098423, -0.999450, -0.033127, -0.001436, 0.006898, -0.033103, 0.999353, -0.014030, 0.003938, 0.000000, 0.000000, 0.000000, 1.000000
-14.9885, 32.8426, 20.8030, 163.4695, 232.4727, -23.8427, 236.2519, 98.4231, 6.8979, 3.9376, 0.576684, 0.816776, 0.017683, 0.032843, -0.813668, 0.576164, -0.077330, 0.020803, -0.073349, 0.030206, 0.996849, 0.163470, 0.000000, 0.000000, 0.000000, 1.000000, -0.073278, 0.030155, 0.996856, 0.232473, -0.576684, -0.816776, -0.017684, -0.023843, 0.813674, -0.576167, 0.077242, 0.236252, 0.000000, 0.000000, 0.000000, 1.000000, 0.001900, -0.013975, -0.999901, 0.098423, -0.999450, -0.033127, -0.001436, 0.006898, -0.033103, 0.999353, -0.014030, 0.003938, 0.000000, 0.000000, 0.000000, 1.000000
-14.9848, 32.8377, 20.7972, 163.4762, 232.4794, -23.8379, 236.2578, 98.4230, 6.8979, 3.9374, 0.576685, 0.816774, 0.017736, 0.032838, -0.813667, 0.576170, -0.077298, 0.020797, -0.073354, 0.030146, 0.996850, 0.163476, 0.000000, 0.000000, 0.000000, 1.000000, -0.073283, 0.030094, 0.996857, 0.232479, -0.576685, -0.816774, -0.017737, -0.023838, 0.813673, -0.576172, 0.077211, 0.236258, 0.000000, 0.000000, 0.000000, 1.000000, 0.001900, -0.013975, -0.999901, 0.098423, -0.999450, -0.033127, -0.001436, 0.006898, -0.033103, 0.999353, -0.014030, 0.003937, 0.000000, 0.000000, 0.000000, 1.000000
-14.9820, 32.8340, 20.7930, 163.4815, 232.4847, -23.8342, 236.2620, 98.4230, 6.8979, 3.9373, 0.576686, 0.816773, 0.017776, 0.032834, -0.813666, 0.576174, -0.077273, 0.020793, -0.073357, 0.030099, 0.996851, 0.163482, 0.000000, 0.000000, 0.000000, 1.000000, -0.073286, 0.030047, 0.996858, 0.232485, -0.576686, -0.816773, -0.017777, -0.023834, 0.813672, -0.576177, 0.077186, 0.236262, 0.000000, 0.000000, 0.000000, 1.000000, 0.001900, -0.013975, -0.999901, 0.098423, -0.999450, -0.033127, -0.001436, 0.006898, -0.033103, 0.999353, -0.014030, 0.003937, 0.000000, 0.000000, 0.000000, 1.000000
-14.9804, 32.8316, 20.7933, 163.4858, 232.4890, -23.8317, 236.2617, 98.4230, 6.8979, 3.9373, 0.576685, 0.816773, 0.017797, 0.032832, -0.813667, 0.576175, -0.077250, 0.020793, -0.073350, 0.030068, 0.996853, 0.163486, 0.000000, 0.000000, 0.000000, 1.000000, -0.073279, 0.030017, 0.996860, 0.232489, -0.576684, -0.816773, -0.017798, -0.023832, 0.813674, -0.576178, 0.077163, 0.236262, 0.000000, 0.000000, 0.000000, 1.000000, 0.001900, -0.013975, -0.999901, 0.098423, -0.999450, -0.033127, -0.001436, 0.006898, -0.033103, 0.999353, -0.014030, 0.003937, 0.000000, 0.000000, 0.000000, 1.000000
-14.9772, 32.8264, 20.7932, 163.4947, 232.4979, -23.8266, 236.2617, 98.4229, 6.8979, 3.9371, 0.576682, 0.816774, 0.017842, 0.032826, -0.813670, 0.576178, -0.077204, 0.020793, -0.073338, 0.030004, 0.996856, 0.163495, 0.000000, 0.000000, 0.000000, 1.000000, -0.073267, 0.029953, 0.996862, 0.232498, -0.576682, -0.816774, -0.017843, -0.023827, 0.813677, -0.576180, 0.077116, 0.236262, 0.000000, 0.000000, 0.000000, 1.000000, 0.001900, -0.013975, -0.999901, 0.098423, -0.999450, -0.033127, -0.001436, 0.006898, -0.033103, 0.999353, -0.014030, 0.003937, 0.000000, 0.000000, 0.000000, 1.000000
-14.9754, 32.8237, 20.7929, 163.4993, 232.5025, -23.8238, 236.2620, 98.4229, 6.8980, 3.9370, 0.576681, 0.816774, 0.017866, 0.032824, -0.813671, 0.576179, -0.077180, 0.020793, -0.073333, 0.029971, 0.996857, 0.163499, 0.000000, 0.000000, 0.000000, 1.000000, -0.073261, 0.029919, 0.996864, 0.232502, -0.576681, -0.816774, -0.017867, -0.023824, 0.813678, -0.576182, 0.077092, 0.236262, 0.000000, 0.000000, 0.000000, 1.000000, 0.001900, -0.013975, -0.999901, 0.098423, -0.999450, -0.033127, -0.001436, 0.006898, -0.033103, 0.999353, -0.014030, 0.003937, 0.000000, 0.000000, 0.000000, 1.000000
-14.9717, 32.8179, 20.7918, 163.5089, 232.5121, -23.8181, 236.2631, 98.4228, 6.8980, 3.9369, 0.576679, 0.816774, 0.017918, 0.032818, -0.813674, 0.576182, -0.077130, 0.020792, -0.073322, 0.029900, 0.996860, 0.163509, 0.000000, 0.000000, 0.000000, 1.000000, -0.073251, 0.029848, 0.996867, 0.232512, -0.576679, -0.816774, -0.017919, -0.023818, 0.813680, -0.576185, 0.077042, 0.236263, 0.000000, 0.000000, 0.000000, 1.000000, 0.001900, -0.013975, -0.999901, 0.098423, -0.999450, -0.033127, -0.001436, 0.006898, -0.033103, 0.999353, -0.014030, 0.003937, 0.000000, 0.000000, 0.000000, 1.000000
-14.9677, 32.8119, 20.7899, 163.5189, 232.5221, -23.8121, 236.2649, 98.4227, 6.8980, 3.9367, 0.576678, 0.816774, 0.017975, 0.032812, -0.813676, 0.576186, -0.077079, 0.020790, -0.073313, 0.029824, 0.996863, 0.163519, 0.000000, 0.000000, 0.000000, 1.000000, -0.073242, 0.029773, 0.996870, 0.232522, -0.576678, -0.816774, -0.017975, -0.023812, 0.813682, -0.576189, 0.076991, 0.236265, 0.000000, 0.000000, 0.000000, 1.000000, 0.001900, -0.013975, -0.999901, 0.098423, -0.999450, -0.033127, -0.001436, 0.006898, -0.033103, 0.999353, -0.014030, 0.003937, 0.000000, 0.000000, 0.000000, 1.000000
-14.9656, 32.8087, 20.7887, 163.5241, 232.5272, -23.8089, 236.2661, 98.4227, 6.8980, 3.9366, 0.576677, 0.816774, 0.018004, 0.032809, -0.813677, 0.576189, -0.077053, 0.020789, -0.073309, 0.029785, 0.996864, 0.163524, 0.000000, 0.000000, 0.000000, 1.000000, -0.073238, 0.029733, 0.996871, 0.232527, -0.576677, -0.816774, -0.018005, -0.023809, 0.813683, -0.576191, 0.076965, 0.236266, 0.000000, 0.000000, 0.000000, 1.000000, 0.001900, -0.013975, -0.999901, 0.098423, -0.999450, -0.033127, -0.001436, 0.006898, -0.033103, 0.999353, -0.014030, 0.003937, 0.000000, 0.000000, 0.000000, 1.000000
-14.9611, 32.8022, 20.7857, 163.5347, 232.5379, -23.8023, 236.2691, 98.4226, 6.8980, 3.9364, 0.576675, 0.816774, 0.018068, 0.032802, -0.813678, 0.576193, -0.077000, 0.020786, -0.073302, 0.029703, 0.996867, 0.163535, 0.000000, 0.000000, 0.000000, 1.000000, -0.073230, 0.029651, 0.996874, 0.232538, -0.576675, -0.816774, -0.018068, -0.023802, 0.813685, -0.576196, 0.076912, 0.236269, 0.000000, 0.000000, 0.000000, 1.000000, 0.001900, -0.013975, -0.999901, 0.098423, -0.999450, -0.033127, -0.001436, 0.006898, -0.033103, 0.999353, -0.014030, 0.003936, 0.000000, 0.000000, 0.000000, 1.000000
-14.9588, 32.7987, 20.7839, 163.5402, 232.5434, -23.7989, 236.2709, 98.4226, 6.8980, 3.9363, 0.576675, 0.816773, 0.018101, 0.032799, -0.813679, 0.576196, -0.076973, 0.020784, -0.073299, 0.029660, 0.996869, 0.163540, 0.000000, 0.000000, 0.000000, 1.000000, -0.073227, 0.029608, 0.996876, 0.232543, -0.576675, -0.816773, -0.018102, -0.023799, 0.813685, -0.576199, 0.076884, 0.236271, 0.000000, 0.000000, 0.000000, 1.000000, 0.001900, -0.013975, -0.999901, 0.098423, -0.999450, -0.033127, -0.001436, 0.006898, -0.033103, 0.999353, -0.014030, 0.003936, 0.000000, 0.000000, 0.000000, 1.000000
-14.9538, 32.7917, 20.7798, 163.5515, 232.5547, -23.7918, 236.2750, 98.4225, 6.8980, 3.9361, 0.576674, 0.816773, 0.018171, 0.032792, -0.813680, 0.576202, -0.076917, 0.020780, -0.073294, 0.029571, 0.996872, 0.163551, 0.000000, 0.000000, 0.000000, 1.000000, -0.073222, 0.029519, 0.996879, 0.232555, -0.576674, -0.816773, -0.018172, -0.023792, 0.813687, -0.576204, 0.076829, 0.236275, 0.000000, 0.000000, 0.000000, 1.000000, 0.001900, -0.013975, -0.999901, 0.098422, -0.999450, -0.033127, -0.001436, 0.006898, -0.033103, 0.999353, -0.014030, 0.003936, 0.000000, 0.000000, 0.000000, 1.000000
-14.9512, 32.7880, 20.7774, 163.5573, 232.5605, -23.7882, 236.2774, 98.4225, 6.8980, 3.9360, 0.576673, 0.816772, 0.018207, 0.032788, -0.813681, 0.576205, -0.076889, 0.020777, -0.073292, 0.029525, 0.996873, 0.163557, 0.000000, 0.000000, 0.000000, 1.000000, -0.073220, 0.029473, 0.996880, 0.232560, -0.576673, -0.816772, -0.018208, -0.023788, 0.813687, -0.576207, 0.076800, 0.236277, 0.000000, 0.000000, 0.000000, 1.000000, 0.001900, -0.013975, -0.999901, 0.098422, -0.999450, -0.033127, -0.001436, 0.006898, -0.033103, 0.999353, -0.014030, 0.003936, 0.000000, 0.000000, 0.000000, 1.000000
-14.9459, 32.7804, 20.7722, 163.5692, 232.5724, -23.7806, 236.2826, 98.4224, 6.8980, 3.9357, 0.576672, 0.816771, 0.018284, 0.032780, -0.813682, 0.576211, -0.076831, 0.020772, -0.073288, 0.029429, 0.996877, 0.163569, 0.000000, 0.000000, 0.000000, 1.000000, -0.073216, 0.029377, 0.996883, 0.232572, -0.576672, -0.816771, -0.018285, -0.023781, 0.813688, -0.576214, 0.076742, 0.236283, 0.000000, 0.000000, 0.000000, 1.000000, 0.001900, -0.013975, -0.999901, 0.098422, -0.999450, -0.033127, -0.001436, 0.006898, -0.033103, 0.999353, -0.014030, 0.003936, 0.000000, 0.000000, 0.000000, 1.000000
-14.9402, 32.7724, 20.7662, 163.5815, 232.5847, -23.7726, 236.2885, 98.4223, 6.8980, 3.9355, 0.576672, 0.816770, 0.018364, 0.032772, -0.813682, 0.576218, -0.076771, 0.020766, -0.073286, 0.029329, 0.996880, 0.163581, 0.000000, 0.000000, 0.000000, 1.000000, -0.073214, 0.029277, 0.996886, 0.232585, -0.576672, -0.816770, -0.018365, -0.023773, 0.813689, -0.576221, 0.076682, 0.236288, 0.000000, 0.000000, 0.000000, 1.000000, 0.001900, -0.013975, -0.999901, 0.098422, -0.999450, -0.033127, -0.001436, 0.006898, -0.033103, 0.999353, -0.014030, 0.003935, 0.000000, 0.000000, 0.000000, 1.000000
-14.9372, 32.7684, 20.7630, 163.5878, 232.5910, -23.7685, 236.2917, 98.4222, 6.8980, 3.9354, 0.576671, 0.816769, 0.018406, 0.032768, -0.813683, 0.576222, -0.076740, 0.020763, -0.073285, 0.029277, 0.996881, 0.163588, 0.000000, 0.000000, 0.000000, 1.000000, -0.073213, 0.029225, 0.996888, 0.232591, -0.576671, -0.816769, -0.018407, -0.023769, 0.813689, -0.576224, 0.076652, 0.236292, 0.000000, 0.000000, 0.000000, 1.000000, 0.001900, -0.013975, -0.999901, 0.098422, -0.999450, -0.033127, -0.001436, 0.006898, -0.033103, 0.999353, -0.014030, 0.003935, 0.000000, 0.000000, 0.000000, 1.000000
-14.9312, 32.7599, 20.7561, 163.6007, 232.6039, -23.7601, 236.2986, 98.4221, 6.8980, 3.9351, 0.576671, 0.816767, 0.018493, 0.032760, -0.813683, 0.576230, -0.076679, 0.020756, -0.073285, 0.029171, 0.996884, 0.163601, 0.000000, 0.000000, 0.000000, 1.000000, -0.073213, 0.029119, 0.996891, 0.232604, -0.576671, -0.816767, -0.018494, -0.023760, 0.813689, -0.576232, 0.076590, 0.236299, 0.000000, 0.000000, 0.000000, 1.000000, 0.001900, -0.013975, -0.999901, 0.098422, -0.999450, -0.033127, -0.001436, 0.006898, -0.033103, 0.999353, -0.014030, 0.003935, 0.000000, 0.000000, 0.000000, 1.000000
-14.9280, 32.7556, 20.7524, 163.6073, 232.6105, -23.7558, 236.3023, 98.4221, 6.8980, 3.9349, 0.576671, 0.816766, 0.018538, 0.032756, -0.813683, 0.576234, -0.076647, 0.020752, -0.073285, 0.029116, 0.996886, 0.163607, 0.000000, 0.000000, 0.000000, 1.000000, -0.073213, 0.029064, 0.996893, 0.232610, -0.576671, -0.816766, -0.018538, -0.023756, 0.813690, -0.576236, 0.076558, 0.236302, 0.000000, 0.000000, 0.000000, 1.000000, 0.001900, -0.013975, -0.999901, 0.098422, -0.999450, -0.033127, -0.001436, 0.006898, -0.033103, 0.999353, -0.014030, 0.003935, 0.000000, 0.000000, 0.000000, 1.000000
-14.9215, 32.7468, 20.7447, 163.6207, 232.6240, -23.7469, 236.3100, 98.4219, 6.8980, 3.9347, 0.576671, 0.816764, 0.018630, 0.032747, -0.813683, 0.576242, -0.076583, 0.020745, -0.073285, 0.029004, 0.996889, 0.163621, 0.000000, 0.000000, 0.000000, 1.000000, -0.073213, 0.028952, 0.996896, 0.232624, -0.576671, -0.816764, -0.018631, -0.023747, 0.813690, -0.576245, 0.076494, 0.236310, 0.000000, 0.000000, 0.000000, 1.000000, 0.001900, -0.013975, -0.999901, 0.098422, -0.999450, -0.033127, -0.001436, 0.006898, -0.033103, 0.999353, -0.014030, 0.003935, 0.000000, 0.000000, 0.000000, 1.000000
-14.9182, 32.7422, 20.7405, 163.6276, 232.6308, -23.7424, 236.3141, 98.4219, 6.8980, 3.9345, 0.576671, 0.816763, 0.018677, 0.032742, -0.813683, 0.576246, -0.076550, 0.020741, -0.073286, 0.028947, 0.996891, 0.163628, 0.000000, 0.000000, 0.000000, 1.000000, -0.073214, 0.028895, 0.996898, 0.232631, -0.576671, -0.816763, -0.018678, -0.023742, 0.813690, -0.576249, 0.076461, 0.236314, 0.000000, 0.000000, 0.000000, 1.000000, 0.001900, -0.013975, -0.999901, 0.098422, -0.999450, -0.033127, -0.001436, 0.006898, -0.033103, 0.999353, -0.014030, 0.003935, 0.000000, 0.000000, 0.000000, 1.000000
-14.9148, 32.7376, 20.7363, 163.6346, 232.6378, -23.7378, 236.3184, 98.4218, 6.8980, 3.9344, 0.576671, 0.816762, 0.018726, 0.032738, -0.813683, 0.576251, -0.076517, 0.020736, -0.073287, 0.028888, 0.996892, 0.163635, 0.000000, 0.000000, 0.000000, 1.000000, -0.073215, 0.028836, 0.996899, 0.232638, -0.576671, -0.816762, -0.018726, -0.023738, 0.813689, -0.576254, 0.076428, 0.236318, 0.000000, 0.000000, 0.000000, 1.000000, 0.001900, -0.013975, -0.999901, 0.098422, -0.999450, -0.033127, -0.001436, 0.006898, -0.033103, 0.999353, -0.014030, 0.003934, 0.000000, 0.000000, 0.000000, 1.000000
-14.9008, 32.7186, 20.7183, 163.6632, 232.6664, -23.7188, 236.3364, 98.4216, 6.8981, 3.9337, 0.576671, 0.816757, 0.018927, 0.032719, -0.813682, 0.576270, -0.076381, 0.020718, -0.073292, 0.028647, 0.996899, 0.163663, 0.000000, 0.000000, 0.000000, 1.000000, -0.073220, 0.028595, 0.996906, 0.232666, -0.576671, -0.816757, -0.018927, -0.023719, 0.813689, -0.576273, 0.076293, 0.236336, 0.000000, 0.000000, 0.000000, 1.000000, 0.001900, -0.013975, -0.999901, 0.098422, -0.999450, -0.033127, -0.001436, 0.006898, -0.033103, 0.999353, -0.014030, 0.003934, 0.000000, 0.000000, 0.000000, 1.000000
-14.8934, 32.7087, 20.7086, 163.6780, 232.6812, -23.7089, 236.3460, 98.4215, 6.8981, 3.9334, 0.576672, 0.816754, 0.019031, 0.032709, -0.813682, 0.576280, -0.076312, 0.020709, -0.073295, 0.028522, 0.996902, 0.163678, 0.000000, 0.000000, 0.000000, 1.000000, -0.073223, 0.028470, 0.996909, 0.232681, -0.576671, -0.816754, -0.019032, -0.023709, 0.813688, -0.576283, 0.076223, 0.236346, 0.000000, 0.000000, 0.000000, 1.000000, 0.001900, -0.013975, -0.999901, 0.098421, -0.999450, -0.033127, -0.001436, 0.006898, -0.033103, 0.999353, -0.014030, 0.003933, 0.000000, 0.000000, 0.000000, 1.000000
-14.8897, 32.7037, 20.7037, 163.6855, 232.6887, -23.7039, 236.3510, 98.4214, 6.8981, 3.9333, 0.576672, 0.816753, 0.019084, 0.032704, -0.813681, 0.576285, -0.076277, 0.020704, -0.073297, 0.028458, 0.996904, 0.163685, 0.000000, 0.000000, 0.000000, 1.000000, -0.073225, 0.028406, 0.996911, 0.232689, -0.576672, -0.816753, -0.019085, -0.023704, 0.813688, -0.576288, 0.076188, 0.236351, 0.000000, 0.000000, 0.000000, 1.000000, 0.001900, -0.013975, -0.999901, 0.098421, -0.999450, -0.033127, -0.001436, 0.006898, -0.033103, 0.999353, -0.014030, 0.003933, 0.000000, 0.000000, 0.000000, 1.000000
-14.8821, 32.6936, 20.6936, 163.7007, 232.7039, -23.6937, 236.3611, 98.4213, 6.8981, 3.9329, 0.576672, 0.816750, 0.019192, 0.032694, -0.813681, 0.576296, -0.076205, 0.020694, -0.073301, 0.028329, 0.996907, 0.163701, 0.000000, 0.000000, 0.000000, 1.000000, -0.073229, 0.028277, 0.996914, 0.232704, -0.576672, -0.816750, -0.019193, -0.023694, 0.813687, -0.576298, 0.076116, 0.236361, 0.000000, 0.000000, 0.000000, 1.000000, 0.001900, -0.013975, -0.999901, 0.098421, -0.999450, -0.033127, -0.001436, 0.006898, -0.033103, 0.999353, -0.014030, 0.003933, 0.000000, 0.000000, 0.000000, 1.000000
-14.8744, 32.6832, 20.6832, 163.7161, 232.7193, -23.6834, 236.3714, 98.4211, 6.8981, 3.9326, 0.576673, 0.816747, 0.019303, 0.032683, -0.813680, 0.576306, -0.076132, 0.020683, -0.073305, 0.028197, 0.996911, 0.163716, 0.000000, 0.000000, 0.000000, 1.000000, -0.073233, 0.028145, 0.996918, 0.232719, -0.576673, -0.816747, -0.019304, -0.023683, 0.813686, -0.576309, 0.076044, 0.236371, 0.000000, 0.000000, 0.000000, 1.000000, 0.001900, -0.013975, -0.999901, 0.098421, -0.999450, -0.033127, -0.001436, 0.006898, -0.033103, 0.999353, -0.014030, 0.003933, 0.000000, 0.000000, 0.000000, 1.000000
-14.8705, 32.6780, 20.6780, 163.7239, 232.7271, -23.6782, 236.3767, 98.4211, 6.8981, 3.9324, 0.576673, 0.816746, 0.019359, 0.032678, -0.813679, 0.576312, -0.076096, 0.020678, -0.073307, 0.028131, 0.996913, 0.163724, 0.000000, 0.000000, 0.000000, 1.000000, -0.073235, 0.028079, 0.996919, 0.232727, -0.576673, -0.816746, -0.019359, -0.023678, 0.813686, -0.576314, 0.076007, 0.236377, 0.000000, 0.000000, 0.000000, 1.000000, 0.001900, -0.013975, -0.999901, 0.098421, -0.999450, -0.033127, -0.001436, 0.006898, -0.033103, 0.999353, -0.014030, 0.003932, 0.000000, 0.000000, 0.000000, 1.000000
-14.8626, 32.6674, 20.6673, 163.7397, 232.7429, -23.6676, 236.3874, 98.4209, 6.8981, 3.9321, 0.576674, 0.816742, 0.019471, 0.032667, -0.813679, 0.576323, -0.076021, 0.020667, -0.073312, 0.027996, 0.996916, 0.163740, 0.000000, 0.000000, 0.000000, 1.000000, -0.073240, 0.027944, 0.996923, 0.232743, -0.576674, -0.816742, -0.019472, -0.023668, 0.813685, -0.576325, 0.075933, 0.236387, 0.000000, 0.000000, 0.000000, 1.000000, 0.001900, -0.013975, -0.999901, 0.098421, -0.999450, -0.033127, -0.001436, 0.006898, -0.033103, 0.999353, -0.014030, 0.003932, 0.000000, 0.000000, 0.000000, 1.000000
-14.8586, 32.6621, 20.6619, 163.7476, 232.7509, -23.6623, 236.3928, 98.4209, 6.8981, 3.9319, 0.576674, 0.816741, 0.019528, 0.032662, -0.813678, 0.576328, -0.075984, 0.020662, -0.073314, 0.027928, 0.996918, 0.163748, 0.000000, 0.000000, 0.000000, 1.000000, -0.073242, 0.027876, 0.996925, 0.232751, -0.576674, -0.816741, -0.019529, -0.023662, 0.813685, -0.576331, 0.075895, 0.236393, 0.000000, 0.000000, 0.000000, 1.000000, 0.001900, -0.013975, -0.999901, 0.098421, -0.999450, -0.033127, -0.001436, 0.006898, -0.033103, 0.999353, -0.014030, 0.003932, 0.000000, 0.000000, 0.000000, 1.000000
-14.8506, 32.6513, 20.6511, 163.7637, 232.7669, -23.6515, 236.4036, 98.4207, 6.8981, 3.9315, 0.576675, 0.816738, 0.019643, 0.032651, -0.813677, 0.576340, -0.075909, 0.020651, -0.073318, 0.027791, 0.996921, 0.163764, 0.000000, 0.000000, 0.000000, 1.000000, -0.073247, 0.027739, 0.996928, 0.232767, -0.576675, -0.816738, -0.019644, -0.023652, 0.813684, -0.576342, 0.075820, 0.236404, 0.000000, 0.000000, 0.000000, 1.000000, 0.001900, -0.013975, -0.999901, 0.098421, -0.999450, -0.033127, -0.001436, 0.006898, -0.033103, 0.999353, -0.014030, 0.003932, 0.000000, 0.000000, 0.000000, 1.000000
-14.8465, 32.6459, 20.6457, 163.7718, 232.7750, -23.6461, 236.4091, 98.4207, 6.8981, 3.9313, 0.576675, 0.816736, 0.019701, 0.032646, -0.813677, 0.576345, -0.075871, 0.020646, -0.073321, 0.027722, 0.996923, 0.163772, 0.000000, 0.000000, 0.000000, 1.000000, -0.073249, 0.027671, 0.996930, 0.232775, -0.576675, -0.816736, -0.019702, -0.023646, 0.813683, -0.576348, 0.075782, 0.236409, 0.000000, 0.000000, 0.000000, 1.000000, 0.001900, -0.013975, -0.999901, 0.098421, -0.999450, -0.033127, -0.001436, 0.006898, -0.033103, 0.999353, -0.014030, 0.003931, 0.000000, 0.000000, 0.000000, 1.000000
-14.8384, 32.6351, 20.6347, 163.7880, 232.7912, -23.6352, 236.4200, 98.4205, 6.8981, 3.9310, 0.576676, 0.816733, 0.019817, 0.032635, -0.813676, 0.576357, -0.075794, 0.020635, -0.073325, 0.027584, 0.996927, 0.163788, 0.000000, 0.000000, 0.000000, 1.000000, -0.073253, 0.027532, 0.996933, 0.232791, -0.576676, -0.816733, -0.019818, -0.023635, 0.813682, -0.576359, 0.075706, 0.236420, 0.000000, 0.000000, 0.000000, 1.000000, 0.001900, -0.013975, -0.999901, 0.098421, -0.999450, -0.033127, -0.001436, 0.006898, -0.033103, 0.999353, -0.014030, 0.003931, 0.000000, 0.000000, 0.000000, 1.000000
-14.8303, 32.6241, 20.6238, 163.8044, 232.8076, -23.6243, 236.4310, 98.4204, 6.8982, 3.9306, 0.576677, 0.816729, 0.019934, 0.032624, -0.813675, 0.576368, -0.075717, 0.020624, -0.073329, 0.027445, 0.996930, 0.163804, 0.000000, 0.000000, 0.000000, 1.000000, -0.073258, 0.027393, 0.996937, 0.232808, -0.576677, -0.816729, -0.019934, -0.023624, 0.813681, -0.576371, 0.075629, 0.236431, 0.000000, 0.000000, 0.000000, 1.000000, 0.001900, -0.013975, -0.999901, 0.098420, -0.999450, -0.033127, -0.001436, 0.006898, -0.033103, 0.999353, -0.014030, 0.003931, 0.000000, 0.000000, 0.000000, 1.000000
-14.8262, 32.6187, 20.6184, 163.8126, 232.8158, -23.6188, 236.4364, 98.4203, 6.8982, 3.9304, 0.576677, 0.816728, 0.019992, 0.032619, -0.813674, 0.576374, -0.075678, 0.020618, -0.073331, 0.027375, 0.996932, 0.163813, 0.000000, 0.000000, 0.000000, 1.000000, -0.073260, 0.027323, 0.996939, 0.232816, -0.576677, -0.816728, -0.019993, -0.023619, 0.813681, -0.576376, 0.075590, 0.236436, 0.000000, 0.000000, 0.000000, 1.000000, 0.001900, -0.013975, -0.999901, 0.098420, -0.999450, -0.033127, -0.001436, 0.006898, -0.033103, 0.999353, -0.014030, 0.003930, 0.000000, 0.000000, 0.000000, 1.000000
-14.8180, 32.6077, 20.6075, 163.8290, 232.8322, -23.6079, 236.4473, 98.4202, 6.8982, 3.9301, 0.576678, 0.816724, 0.020109, 0.032608, -0.813674, 0.576385, -0.075601, 0.020608, -0.073335, 0.027235, 0.996935, 0.163829, 0.000000, 0.000000, 0.000000, 1.000000, -0.073264, 0.027183, 0.996942, 0.232832, -0.576678, -0.816724, -0.020110, -0.023608, 0.813680, -0.576388, 0.075512, 0.236447, 0.000000, 0.000000, 0.000000, 1.000000, 0.001900, -0.013975, -0.999901, 0.098420, -0.999450, -0.033127, -0.001436, 0.006898, -0.033103, 0.999353, -0.014030, 0.003930, 0.000000, 0.000000, 0.000000, 1.000000
-14.8139, 32.6022, 20.6021, 163.8372, 232.8404, -23.6024, 236.4527, 98.4201, 6.8982, 3.9299, 0.576678, 0.816722, 0.020167, 0.032602, -0.813673, 0.576391, -0.075562, 0.020602, -0.073337, 0.027165, 0.996937, 0.163837, 0.000000, 0.000000, 0.000000, 1.000000, -0.073266, 0.027114, 0.996944, 0.232840, -0.576678, -0.816722, -0.020168, -0.023602, 0.813680, -0.576393, 0.075474, 0.236453, 0.000000, 0.000000, 0.000000, 1.000000, 0.001900, -0.013975, -0.999901, 0.098420, -0.999450, -0.033127, -0.001436, 0.006898, -0.033103, 0.999353, -0.014030, 0.003930, 0.000000, 0.000000, 0.000000, 1.000000
-14.8057, 32.5913, 20.5914, 163.8537, 232.8569, -23.5915, 236.4634, 98.4200, 6.8982, 3.9295, 0.576679, 0.816719, 0.020284, 0.032591, -0.813672, 0.576402, -0.075484, 0.020591, -0.073341, 0.027026, 0.996941, 0.163854, 0.000000, 0.000000, 0.000000, 1.000000, -0.073269, 0.026974, 0.996947, 0.232857, -0.576679, -0.816719, -0.020284, -0.023591, 0.813679, -0.576405, 0.075396, 0.236463, 0.000000, 0.000000, 0.000000, 1.000000, 0.001900, -0.013975, -0.999901, 0.098420, -0.999450, -0.033127, -0.001436, 0.006898, -0.033103, 0.999353, -0.014030, 0.003930, 0.000000, 0.000000, 0.000000, 1.000000
-14.8017, 32.5858, 20.5861, 163.8619, 232.8651, -23.5860, 236.4687, 98.4199, 6.8982, 3.9294, 0.576679, 0.816717, 0.020342, 0.032586, -0.813672, 0.576408, -0.075445, 0.020586, -0.073342, 0.026956, 0.996942, 0.163862, 0.000000, 0.000000, 0.000000, 1.000000, -0.073271, 0.026905, 0.996949, 0.232865, -0.576679, -0.816717, -0.020343, -0.023586, 0.813678, -0.576410, 0.075357, 0.236469, 0.000000, 0.000000, 0.000000, 1.000000, 0.001900, -0.013975, -0.999901, 0.098420, -0.999450, -0.033127, -0.001436, 0.006898, -0.033103, 0.999353, -0.014030, 0.003929, 0.000000, 0.000000, 0.000000, 1.000000
-14.7936, 32.5750, 20.5756, 163.8784, 232.8816, -23.5751, 236.4793, 98.4197, 6.8982, 3.9290, 0.576680, 0.816714, 0.020457, 0.032575, -0.813671, 0.576419, -0.075367, 0.020576, -0.073345, 0.026817, 0.996946, 0.163878, 0.000000, 0.000000, 0.000000, 1.000000, -0.073274, 0.026766, 0.996953, 0.232882, -0.576680, -0.816714, -0.020458, -0.023575, 0.813678, -0.576421, 0.075279, 0.236479, 0.000000, 0.000000, 0.000000, 1.000000, 0.001900, -0.013975, -0.999901, 0.098420, -0.999450, -0.033127, -0.001436, 0.006898, -0.033103, 0.999353, -0.014030, 0.003929, 0.000000, 0.000000, 0.000000, 1.000000
-14.7895, 32.5695, 20.5705, 163.8866, 232.8897, -23.5697, 236.4845, 98.4197, 6.8982, 3.9288, 0.576680, 0.816712, 0.020515, 0.032570, -0.813671, 0.576425, -0.075328, 0.020570, -0.073347, 0.026748, 0.996948, 0.163887, 0.000000, 0.000000, 0.000000, 1.000000, -0.073276, 0.026697, 0.996954, 0.232890, -0.576680, -0.816712, -0.020516, -0.023570, 0.813677, -0.576427, 0.075241, 0.236484, 0.000000, 0.000000, 0.000000, 1.000000, 0.001900, -0.013975, -0.999901, 0.098420, -0.999450, -0.033127, -0.001436, 0.006898, -0.033103, 0.999353, -0.014030, 0.003929, 0.000000, 0.000000, 0.000000, 1.000000
-14.7855, 32.5641, 20.5653, 163.8948, 232.8979, -23.5643, 236.4896, 98.4196, 6.8982, 3.9287, 0.576680, 0.816711, 0.020572, 0.032564, -0.813670, 0.576430, -0.075289, 0.020565, -0.073348, 0.026679, 0.996949, 0.163895, 0.000000, 0.000000, 0.000000, 1.000000, -0.073277, 0.026628, 0.996956, 0.232898, -0.576680, -0.816711, -0.020573, -0.023564, 0.813677, -0.576433, 0.075202, 0.236490, 0.000000, 0.000000, 0.000000, 1.000000, 0.001900, -0.013975, -0.999901, 0.098420, -0.999450, -0.033127, -0.001436, 0.006898, -0.033103, 0.999353, -0.014030, 0.003929, 0.000000, 0.000000, 0.000000, 1.000000
-14.7697, 32.5428, 20.5453, 163.9272, 232.9303, -23.5430, 236.5097, 98.4193, 6.8982, 3.9280, 0.576682, 0.816704, 0.020798, 0.032543, -0.813669, 0.576452, -0.075135, 0.020545, -0.073352, 0.026406, 0.996956, 0.163927, 0.000000, 0.000000, 0.000000, 1.000000, -0.073282, 0.026355, 0.996963, 0.232930, -0.576682, -0.816704, -0.020799, -0.023543, 0.813676, -0.576454, 0.075048, 0.236510, 0.000000, 0.000000, 0.000000, 1.000000, 0.001900, -0.013975, -0.999901, 0.098419, -0.999450, -0.033127, -0.001436, 0.006898, -0.033103, 0.999353, -0.014030, 0.003928, 0.000000, 0.000000, 0.000000, 1.000000
