# Joint_B_Angle(deg), Cam_X(mm), Cam_Y(mm), Cam_Z(mm), Torso_X(mm), Torso_Y(mm), Torso_Z(mm), EE_X(mm), EE_Y(mm), EE_Z(mm), T_cam2marker_flat(16), T_torso2marker_flat(16), T_ee2marker_flat(16)
-20.0010, -79.2644, 17.5549, 451.4587, 520.4620, 88.2640, 239.4783, 117.1222, 26.4280, -6.1127, 0.289321, 0.845749, 0.448332, -0.079264, -0.949489, 0.313009, 0.022261, 0.017555, -0.121505, -0.432127, 0.893590, 0.451459, 0.000000, 0.000000, 0.000000, 1.000000, -0.121428, -0.432153, 0.893588, 0.520462, -0.289321, -0.845749, -0.448333, 0.088264, 0.949499, -0.312974, -0.022333, 0.239478, 0.000000, 0.000000, 0.000000, 1.000000, -0.031606, -0.062988, -0.997514, 0.117122, -0.997514, -0.060908, 0.035452, 0.026428, -0.062989, 0.996154, -0.060906, -0.006113, 0.000000, 0.000000, 0.000000, 1.000000
-20.0010, -79.2644, 17.5557, 451.4589, 520.4622, 88.2640, 239.4776, 117.1222, 26.4280, -6.1127, 0.289321, 0.845749, 0.448332, -0.079264, -0.949489, 0.313008, 0.022262, 0.017556, -0.121503, -0.432128, 0.893590, 0.451459, 0.000000, 0.000000, 0.000000, 1.000000, -0.121427, -0.432154, 0.893588, 0.520462, -0.289321, -0.845749, -0.448333, 0.088264, 0.949499, -0.312973, -0.022334, 0.239478, 0.000000, 0.000000, 0.000000, 1.000000, -0.031606, -0.062988, -0.997514, 0.117122, -0.997514, -0.060908, 0.035452, 0.026428, -0.062989, 0.996154, -0.060906, -0.006113, 0.000000, 0.000000, 0.000000, 1.000000
-20.0010, -79.2644, 17.5565, 451.4591, 520.4624, 88.2640, 239.4769, 117.1222, 26.4280, -6.1127, 0.289321, 0.845749, 0.448333, -0.079264, -0.949490, 0.313007, 0.022264, 0.017557, -0.121502, -0.432128, 0.893590, 0.451459, 0.000000, 0.000000, 0.000000, 1.000000, -0.121426, -0.432154, 0.893587, 0.520462, -0.289321, -0.845749, -0.448333, 0.088264, 0.949499, -0.312973, -0.022335, 0.239477, 0.000000, 0.000000, 0.000000, 1.000000, -0.031606, -0.062988, -0.997514, 0.117122, -0.997514, -0.060908, 0.035452, 0.026428, -0.062989, 0.996154, -0.060906, -0.006113, 0.000000, 0.000000, 0.000000, 1.000000
-20.0010, -79.2645, 17.5588, 451.4598, 520.4630, 88.2641, 239.4749, 117.1222, 26.4280, -6.1127, 0.289320, 0.845749, 0.448333, -0.079264, -0.949490, 0.313005, 0.022267, 0.017559, -0.121498, -0.432130, 0.893589, 0.451460, 0.000000, 0.000000, 0.000000, 1.000000, -0.121422, -0.432156, 0.893587, 0.520463, -0.289320, -0.845749, -0.448333, 0.088264, 0.949500, -0.312970, -0.022339, 0.239475, 0.000000, 0.000000, 0.000000, 1.000000, -0.031606, -0.062988, -0.997514, 0.117122, -0.997514, -0.060908, 0.035452, 0.026428, -0.062990, 0.996154, -0.060906, -0.006113, 0.000000, 0.000000, 0.000000, 1.000000
-20.0010, -79.2645, 17.5588, 451.4598, 520.4630, 88.2641, 239.4749, 117.1222, 26.4280, -6.1127, 0.289320, 0.845749, 0.448333, -0.079264, -0.949490, 0.313005, 0.022267, 0.017559, -0.121498, -0.432130, 0.893589, 0.451460, 0.000000, 0.000000, 0.000000, 1.000000, -0.121422, -0.432156, 0.893587, 0.520463, -0.289320, -0.845749, -0.448333, 0.088264, 0.949500, -0.312970, -0.022339, 0.239475, 0.000000, 0.000000, 0.000000, 1.000000, -0.031606, -0.062988, -0.997514, 0.117122, -0.997514, -0.060908, 0.035452, 0.026428, -0.062990, 0.996154, -0.060906, -0.006113, 0.000000, 0.000000, 0.000000, 1.000000
-20.0009, -79.2645, 17.5603, 451.4601, 520.4633, 88.2642, 239.4736, 117.1222, 26.4280, -6.1127, 0.289320, 0.845749, 0.448333, -0.079265, -0.949491, 0.313003, 0.022270, 0.017560, -0.121495, -0.432131, 0.893589, 0.451460, 0.000000, 0.000000, 0.000000, 1.000000, -0.121420, -0.432156, 0.893587, 0.520463, -0.289320, -0.845749, -0.448334, 0.088264, 0.949501, -0.312969, -0.022341, 0.239474, 0.000000, 0.000000, 0.000000, 1.000000, -0.031606, -0.062988, -0.997514, 0.117122, -0.997514, -0.060908, 0.035452, 0.026428, -0.062990, 0.996154, -0.060906, -0.006113, 0.000000, 0.000000, 0.000000, 1.000000
-20.0009, -79.2646, 17.5617, 451.4605, 520.4637, 88.2642, 239.4723, 117.1222, 26.4280, -6.1127, 0.289319, 0.845749, 0.448333, -0.079265, -0.949491, 0.313002, 0.022272, 0.017562, -0.121493, -0.432132, 0.893589, 0.451461, 0.000000, 0.000000, 0.000000, 1.000000, -0.121418, -0.432157, 0.893587, 0.520464, -0.289319, -0.845749, -0.448334, 0.088264, 0.949501, -0.312967, -0.022342, 0.239472, 0.000000, 0.000000, 0.000000, 1.000000, -0.031606, -0.062988, -0.997514, 0.117122, -0.997514, -0.060908, 0.035452, 0.026428, -0.062990, 0.996154, -0.060906, -0.006113, 0.000000, 0.000000, 0.000000, 1.000000
-20.0008, -79.2647, 17.5632, 451.4609, 520.4640, 88.2643, 239.4710, 117.1222, 26.4280, -6.1127, 0.289317, 0.845750, 0.448333, -0.079265, -0.949492, 0.312999, 0.022273, 0.017563, -0.121491, -0.432133, 0.893589, 0.451461, 0.000000, 0.000000, 0.000000, 1.000000, -0.121416, -0.432158, 0.893587, 0.520464, -0.289317, -0.845749, -0.448334, 0.088264, 0.949502, -0.312965, -0.022343, 0.239471, 0.000000, 0.000000, 0.000000, 1.000000, -0.031606, -0.062988, -0.997514, 0.117122, -0.997514, -0.060908, 0.035452, 0.026428, -0.062989, 0.996154, -0.060906, -0.006113, 0.000000, 0.000000, 0.000000, 1.000000
-20.0007, -79.2649, 17.5650, 451.4613, 520.4644, 88.2645, 239.4695, 117.1223, 26.4279, -6.1127, 0.289314, 0.845751, 0.448334, -0.079265, -0.949493, 0.312995, 0.022273, 0.017565, -0.121489, -0.432134, 0.893588, 0.451461, 0.000000, 0.000000, 0.000000, 1.000000, -0.121415, -0.432159, 0.893586, 0.520464, -0.289314, -0.845750, -0.448335, 0.088265, 0.949503, -0.312962, -0.022343, 0.239469, 0.000000, 0.000000, 0.000000, 1.000000, -0.031606, -0.062988, -0.997514, 0.117122, -0.997514, -0.060908, 0.035452, 0.026428, -0.062989, 0.996154, -0.060907, -0.006113, 0.000000, 0.000000, 0.000000, 1.000000
-20.0005, -79.2650, 17.5660, 451.4615, 520.4646, 88.2646, 239.4686, 117.1223, 26.4279, -6.1128, 0.289311, 0.845751, 0.448335, -0.079265, -0.949494, 0.312993, 0.022272, 0.017566, -0.121489, -0.432135, 0.893588, 0.451461, 0.000000, 0.000000, 0.000000, 1.000000, -0.121415, -0.432160, 0.893586, 0.520465, -0.289311, -0.845751, -0.448336, 0.088265, 0.949504, -0.312959, -0.022341, 0.239469, 0.000000, 0.000000, 0.000000, 1.000000, -0.031606, -0.062988, -0.997514, 0.117122, -0.997514, -0.060908, 0.035452, 0.026428, -0.062989, 0.996154, -0.060907, -0.006113, 0.000000, 0.000000, 0.000000, 1.000000
-20.0000, -79.2654, 17.5684, 451.4619, 520.4650, 88.2651, 239.4663, 117.1225, 26.4277, -6.1129, 0.289303, 0.845753, 0.448337, -0.079265, -0.949497, 0.312986, 0.022268, 0.017568, -0.121490, -0.432136, 0.893587, 0.451462, 0.000000, 0.000000, 0.000000, 1.000000, -0.121416, -0.432161, 0.893585, 0.520465, -0.289302, -0.845753, -0.448337, 0.088265, 0.949506, -0.312952, -0.022337, 0.239466, 0.000000, 0.000000, 0.000000, 1.000000, -0.031606, -0.062989, -0.997514, 0.117122, -0.997514, -0.060908, 0.035452, 0.026428, -0.062989, 0.996154, -0.060907, -0.006113, 0.000000, 0.000000, 0.000000, 1.000000
-19.9996, -79.2657, 17.5698, 451.4622, 520.4653, 88.2654, 239.4650, 117.1226, 26.4276, -6.1129, 0.289297, 0.845754, 0.448338, -0.079266, -0.949498, 0.312981, 0.022264, 0.017570, -0.121491, -0.432137, 0.893587, 0.451462, 0.000000, 0.000000, 0.000000, 1.000000, -0.121418, -0.432162, 0.893585, 0.520465, -0.289297, -0.845754, -0.448339, 0.088265, 0.949508, -0.312947, -0.022334, 0.239465, 0.000000, 0.000000, 0.000000, 1.000000, -0.031606, -0.062989, -0.997514, 0.117123, -0.997514, -0.060908, 0.035452, 0.026428, -0.062989, 0.996154, -0.060907, -0.006113, 0.000000, 0.000000, 0.000000, 1.000000
-19.9980, -79.2670, 17.5753, 451.4630, 520.4661, 88.2666, 239.4598, 117.1232, 26.4272, -6.1132, 0.289271, 0.845760, 0.448344, -0.079267, -0.949506, 0.312960, 0.022248, 0.017575, -0.121497, -0.432141, 0.893584, 0.451463, 0.000000, 0.000000, 0.000000, 1.000000, -0.121424, -0.432165, 0.893582, 0.520466, -0.289271, -0.845760, -0.448344, 0.088267, 0.949515, -0.312927, -0.022317, 0.239460, 0.000000, 0.000000, 0.000000, 1.000000, -0.031605, -0.062990, -0.997514, 0.117123, -0.997514, -0.060907, 0.035451, 0.026427, -0.062989, 0.996154, -0.060908, -0.006113, 0.000000, 0.000000, 0.000000, 1.000000
-19.9980, -79.2670, 17.5753, 451.4630, 520.4661, 88.2666, 239.4598, 117.1232, 26.4272, -6.1132, 0.289271, 0.845760, 0.448344, -0.079267, -0.949506, 0.312960, 0.022248, 0.017575, -0.121497, -0.432141, 0.893584, 0.451463, 0.000000, 0.000000, 0.000000, 1.000000, -0.121424, -0.432165, 0.893582, 0.520466, -0.289271, -0.845760, -0.448344, 0.088267, 0.949515, -0.312927, -0.022317, 0.239460, 0.000000, 0.000000, 0.000000, 1.000000, -0.031605, -0.062990, -0.997514, 0.117123, -0.997514, -0.060907, 0.035451, 0.026427, -0.062989, 0.996154, -0.060908, -0.006113, 0.000000, 0.000000, 0.000000, 1.000000
-19.9955, -79.2690, 17.5830, 451.4641, 520.4672, 88.2686, 239.4524, 117.1241, 26.4265, -6.1137, 0.289230, 0.845769, 0.448353, -0.079269, -0.949517, 0.312929, 0.022221, 0.017583, -0.121509, -0.432145, 0.893580, 0.451464, 0.000000, 0.000000, 0.000000, 1.000000, -0.121436, -0.432170, 0.893578, 0.520467, -0.289230, -0.845769, -0.448353, 0.088269, 0.949526, -0.312896, -0.022289, 0.239452, 0.000000, 0.000000, 0.000000, 1.000000, -0.031604, -0.062992, -0.997514, 0.117124, -0.997514, -0.060906, 0.035450, 0.026426, -0.062988, 0.996154, -0.060910, -0.006114, 0.000000, 0.000000, 0.000000, 1.000000
-19.9919, -79.2721, 17.6056, 451.4693, 520.4723, 88.2718, 239.4299, 117.1253, 26.4255, -6.1145, 0.289167, 0.845783, 0.448367, -0.079272, -0.949536, 0.312871, 0.022201, 0.017606, -0.121504, -0.432160, 0.893574, 0.451469, 0.000000, 0.000000, 0.000000, 1.000000, -0.121432, -0.432185, 0.893572, 0.520472, -0.289167, -0.845783, -0.448368, 0.088272, 0.949545, -0.312838, -0.022269, 0.239430, 0.000000, 0.000000, 0.000000, 1.000000, -0.031603, -0.062994, -0.997513, 0.117125, -0.997514, -0.060905, 0.035449, 0.026425, -0.062987, 0.996154, -0.060913, -0.006114, 0.000000, 0.000000, 0.000000, 1.000000
-19.9919, -79.2721, 17.6056, 451.4693, 520.4723, 88.2718, 239.4299, 117.1253, 26.4255, -6.1145, 0.289167, 0.845783, 0.448367, -0.079272, -0.949536, 0.312871, 0.022201, 0.017606, -0.121504, -0.432160, 0.893574, 0.451469, 0.000000, 0.000000, 0.000000, 1.000000, -0.121432, -0.432185, 0.893572, 0.520472, -0.289167, -0.845783, -0.448368, 0.088272, 0.949545, -0.312838, -0.022269, 0.239430, 0.000000, 0.000000, 0.000000, 1.000000, -0.031603, -0.062994, -0.997513, 0.117125, -0.997514, -0.060905, 0.035449, 0.026425, -0.062987, 0.996154, -0.060913, -0.006114, 0.000000, 0.000000, 0.000000, 1.000000
-19.9889, -79.2748, 17.6253, 451.4738, 520.4769, 88.2744, 239.4103, 117.1264, 26.4246, -6.1151, 0.289115, 0.845795, 0.448379, -0.079275, -0.949553, 0.312821, 0.022185, 0.017625, -0.121499, -0.432173, 0.893568, 0.451474, 0.000000, 0.000000, 0.000000, 1.000000, -0.121426, -0.432198, 0.893566, 0.520477, -0.289115, -0.845795, -0.448380, 0.088274, 0.949562, -0.312788, -0.022253, 0.239410, 0.000000, 0.000000, 0.000000, 1.000000, -0.031602, -0.062996, -0.997513, 0.117126, -0.997514, -0.060904, 0.035448, 0.026425, -0.062986, 0.996154, -0.060915, -0.006115, 0.000000, 0.000000, 0.000000, 1.000000
-19.9835, -79.2795, 17.6550, 451.4802, 520.4833, 88.2791, 239.3806, 117.1283, 26.4231, -6.1162, 0.289021, 0.845816, 0.448400, -0.079280, -0.949581, 0.312738, 0.022146, 0.017655, -0.121500, -0.432193, 0.893559, 0.451480, 0.000000, 0.000000, 0.000000, 1.000000, -0.121428, -0.432217, 0.893557, 0.520483, -0.289021, -0.845815, -0.448401, 0.088279, 0.949591, -0.312705, -0.022214, 0.239381, 0.000000, 0.000000, 0.000000, 1.000000, -0.031600, -0.063000, -0.997513, 0.117128, -0.997514, -0.060903, 0.035446, 0.026423, -0.062985, 0.996154, -0.060919, -0.006116, 0.000000, 0.000000, 0.000000, 1.000000
-19.9814, -79.2813, 17.6649, 451.4822, 520.4853, 88.2809, 239.3707, 117.1290, 26.4225, -6.1166, 0.288986, 0.845824, 0.448408, -0.079281, -0.949592, 0.312708, 0.022129, 0.017665, -0.121503, -0.432199, 0.893555, 0.451482, 0.000000, 0.000000, 0.000000, 1.000000, -0.121431, -0.432224, 0.893553, 0.520485, -0.288986, -0.845823, -0.448409, 0.088281, 0.949601, -0.312675, -0.022197, 0.239371, 0.000000, 0.000000, 0.000000, 1.000000, -0.031599, -0.063001, -0.997513, 0.117129, -0.997514, -0.060902, 0.035446, 0.026423, -0.062984, 0.996153, -0.060920, -0.006117, 0.000000, 0.000000, 0.000000, 1.000000
-19.9768, -79.2851, 17.6848, 451.4861, 520.4892, 88.2847, 239.3508, 117.1306, 26.4212, -6.1176, 0.288909, 0.845841, 0.448425, -0.079285, -0.949614, 0.312644, 0.022089, 0.017685, -0.121513, -0.432212, 0.893547, 0.451486, 0.000000, 0.000000, 0.000000, 1.000000, -0.121442, -0.432237, 0.893545, 0.520489, -0.288909, -0.845840, -0.448426, 0.088285, 0.949623, -0.312611, -0.022157, 0.239351, 0.000000, 0.000000, 0.000000, 1.000000, -0.031597, -0.063005, -0.997513, 0.117131, -0.997514, -0.060901, 0.035444, 0.026421, -0.062983, 0.996153, -0.060924, -0.006118, 0.000000, 0.000000, 0.000000, 1.000000
-19.9743, -79.2871, 17.6948, 451.4880, 520.4910, 88.2868, 239.3408, 117.1315, 26.4205, -6.1181, 0.288868, 0.845850, 0.448434, -0.079287, -0.949625, 0.312610, 0.022066, 0.017695, -0.121521, -0.432218, 0.893543, 0.451488, 0.000000, 0.000000, 0.000000, 1.000000, -0.121449, -0.432243, 0.893541, 0.520491, -0.288868, -0.845850, -0.448435, 0.088287, 0.949635, -0.312577, -0.022134, 0.239341, 0.000000, 0.000000, 0.000000, 1.000000, -0.031597, -0.063006, -0.997513, 0.117132, -0.997514, -0.060900, 0.035443, 0.026421, -0.062982, 0.996153, -0.060925, -0.006118, 0.000000, 0.000000, 0.000000, 1.000000
-19.9689, -79.2916, 17.7148, 451.4916, 520.4946, 88.2912, 239.3208, 117.1334, 26.4190, -6.1191, 0.288779, 0.845870, 0.448454, -0.079292, -0.949650, 0.312539, 0.022013, 0.017715, -0.121539, -0.432231, 0.893535, 0.451492, 0.000000, 0.000000, 0.000000, 1.000000, -0.121467, -0.432255, 0.893533, 0.520495, -0.288779, -0.845870, -0.448454, 0.088291, 0.949659, -0.312506, -0.022081, 0.239321, 0.000000, 0.000000, 0.000000, 1.000000, -0.031595, -0.063010, -0.997513, 0.117133, -0.997515, -0.060899, 0.035442, 0.026419, -0.062980, 0.996153, -0.060929, -0.006119, 0.000000, 0.000000, 0.000000, 1.000000
-19.9661, -79.2939, 17.7249, 451.4933, 520.4963, 88.2936, 239.3108, 117.1344, 26.4182, -6.1197, 0.288731, 0.845881, 0.448464, -0.079294, -0.949663, 0.312501, 0.021983, 0.017725, -0.121550, -0.432237, 0.893530, 0.451493, 0.000000, 0.000000, 0.000000, 1.000000, -0.121478, -0.432261, 0.893528, 0.520496, -0.288731, -0.845880, -0.448465, 0.088294, 0.949672, -0.312468, -0.022051, 0.239311, 0.000000, 0.000000, 0.000000, 1.000000, -0.031594, -0.063012, -0.997513, 0.117134, -0.997515, -0.060898, 0.035441, 0.026418, -0.062979, 0.996153, -0.060931, -0.006120, 0.000000, 0.000000, 0.000000, 1.000000
-19.9599, -79.2989, 17.7450, 451.4965, 520.4995, 88.2986, 239.2907, 117.1366, 26.4165, -6.1209, 0.288631, 0.845903, 0.448486, -0.079299, -0.949690, 0.312423, 0.021918, 0.017745, -0.121576, -0.432249, 0.893521, 0.451496, 0.000000, 0.000000, 0.000000, 1.000000, -0.121505, -0.432274, 0.893519, 0.520500, -0.288631, -0.845903, -0.448487, 0.088299, 0.949699, -0.312390, -0.021986, 0.239291, 0.000000, 0.000000, 0.000000, 1.000000, -0.031592, -0.063016, -0.997512, 0.117137, -0.997515, -0.060896, 0.035439, 0.026417, -0.062978, 0.996153, -0.060936, -0.006121, 0.000000, 0.000000, 0.000000, 1.000000
-19.9533, -79.3043, 17.7652, 451.4995, 520.5025, 88.3039, 239.2706, 117.1390, 26.4147, -6.1223, 0.288522, 0.845928, 0.448510, -0.079304, -0.949719, 0.312340, 0.021846, 0.017765, -0.121608, -0.432261, 0.893511, 0.451499, 0.000000, 0.000000, 0.000000, 1.000000, -0.121536, -0.432286, 0.893509, 0.520503, -0.288522, -0.845927, -0.448511, 0.088304, 0.949728, -0.312308, -0.021913, 0.239271, 0.000000, 0.000000, 0.000000, 1.000000, -0.031590, -0.063021, -0.997512, 0.117139, -0.997515, -0.060894, 0.035437, 0.026415, -0.062976, 0.996153, -0.060941, -0.006122, 0.000000, 0.000000, 0.000000, 1.000000
-19.9497, -79.3071, 17.7753, 451.5009, 520.5040, 88.3067, 239.2605, 117.1402, 26.4137, -6.1230, 0.288466, 0.845941, 0.448522, -0.079307, -0.949734, 0.312297, 0.021807, 0.017775, -0.121625, -0.432267, 0.893506, 0.451501, 0.000000, 0.000000, 0.000000, 1.000000, -0.121554, -0.432292, 0.893504, 0.520504, -0.288466, -0.845940, -0.448523, 0.088307, 0.949743, -0.312265, -0.021874, 0.239261, 0.000000, 0.000000, 0.000000, 1.000000, -0.031589, -0.063023, -0.997512, 0.117140, -0.997515, -0.060893, 0.035436, 0.026414, -0.062975, 0.996153, -0.060943, -0.006123, 0.000000, 0.000000, 0.000000, 1.000000
-19.9424, -79.3130, 17.7956, 451.5037, 520.5067, 88.3126, 239.2403, 117.1429, 26.4117, -6.1244, 0.288347, 0.845967, 0.448548, -0.079313, -0.949765, 0.312208, 0.021723, 0.017796, -0.121663, -0.432279, 0.893495, 0.451504, 0.000000, 0.000000, 0.000000, 1.000000, -0.121592, -0.432303, 0.893493, 0.520507, -0.288347, -0.845967, -0.448549, 0.088313, 0.949774, -0.312176, -0.021791, 0.239240, 0.000000, 0.000000, 0.000000, 1.000000, -0.031587, -0.063028, -0.997512, 0.117143, -0.997515, -0.060891, 0.035434, 0.026412, -0.062972, 0.996152, -0.060948, -0.006124, 0.000000, 0.000000, 0.000000, 1.000000
-19.9386, -79.3160, 17.8058, 451.5050, 520.5080, 88.3156, 239.2301, 117.1442, 26.4106, -6.1252, 0.288285, 0.845981, 0.448561, -0.079316, -0.949781, 0.312163, 0.021679, 0.017806, -0.121684, -0.432285, 0.893489, 0.451505, 0.000000, 0.000000, 0.000000, 1.000000, -0.121612, -0.432309, 0.893487, 0.520508, -0.288285, -0.845981, -0.448562, 0.088316, 0.949790, -0.312130, -0.021747, 0.239230, 0.000000, 0.000000, 0.000000, 1.000000, -0.031585, -0.063031, -0.997512, 0.117144, -0.997515, -0.060889, 0.035433, 0.026411, -0.062971, 0.996152, -0.060951, -0.006125, 0.000000, 0.000000, 0.000000, 1.000000
-19.9306, -79.3223, 17.8261, 451.5075, 520.5105, 88.3219, 239.2098, 117.1471, 26.4084, -6.1268, 0.288158, 0.846010, 0.448589, -0.079322, -0.949814, 0.312068, 0.021586, 0.017826, -0.121728, -0.432297, 0.893477, 0.451507, 0.000000, 0.000000, 0.000000, 1.000000, -0.121657, -0.432321, 0.893475, 0.520510, -0.288158, -0.846010, -0.448590, 0.088322, 0.949824, -0.312036, -0.021654, 0.239210, 0.000000, 0.000000, 0.000000, 1.000000, -0.031583, -0.063037, -0.997511, 0.117147, -0.997516, -0.060887, 0.035431, 0.026408, -0.062969, 0.996152, -0.060957, -0.006127, 0.000000, 0.000000, 0.000000, 1.000000
-19.9265, -79.3256, 17.8363, 451.5087, 520.5117, 88.3252, 239.1996, 117.1485, 26.4073, -6.1276, 0.288092, 0.846025, 0.448603, -0.079326, -0.949831, 0.312020, 0.021538, 0.017836, -0.121752, -0.432303, 0.893471, 0.451509, 0.000000, 0.000000, 0.000000, 1.000000, -0.121680, -0.432327, 0.893469, 0.520512, -0.288092, -0.846025, -0.448604, 0.088325, 0.949841, -0.311987, -0.021605, 0.239200, 0.000000, 0.000000, 0.000000, 1.000000, -0.031582, -0.063039, -0.997511, 0.117149, -0.997516, -0.060886, 0.035430, 0.026407, -0.062968, 0.996152, -0.060960, -0.006128, 0.000000, 0.000000, 0.000000, 1.000000
-19.9093, -79.3392, 17.8773, 451.5131, 520.5161, 88.3388, 239.1588, 117.1547, 26.4025, -6.1310, 0.287816, 0.846087, 0.448663, -0.079339, -0.949902, 0.311819, 0.021331, 0.017877, -0.121854, -0.432325, 0.893446, 0.451513, 0.000000, 0.000000, 0.000000, 1.000000, -0.121783, -0.432349, 0.893444, 0.520516, -0.287816, -0.846087, -0.448664, 0.088339, 0.949911, -0.311787, -0.021398, 0.239159, 0.000000, 0.000000, 0.000000, 1.000000, -0.031577, -0.063051, -0.997511, 0.117155, -0.997516, -0.060881, 0.035425, 0.026402, -0.062963, 0.996152, -0.060972, -0.006131, 0.000000, 0.000000, 0.000000, 1.000000
-19.9048, -79.3427, 17.8875, 451.5141, 520.5171, 88.3423, 239.1487, 117.1563, 26.4012, -6.1319, 0.287745, 0.846103, 0.448678, -0.079343, -0.949920, 0.311768, 0.021277, 0.017887, -0.121881, -0.432331, 0.893440, 0.451514, 0.000000, 0.000000, 0.000000, 1.000000, -0.121810, -0.432355, 0.893438, 0.520517, -0.287745, -0.846103, -0.448679, 0.088342, 0.949929, -0.311735, -0.021344, 0.239149, 0.000000, 0.000000, 0.000000, 1.000000, -0.031575, -0.063055, -0.997510, 0.117156, -0.997516, -0.060879, 0.035424, 0.026401, -0.062961, 0.996152, -0.060976, -0.006132, 0.000000, 0.000000, 0.000000, 1.000000
-19.8957, -79.3498, 17.9079, 451.5161, 520.5191, 88.3495, 239.1284, 117.1596, 26.3987, -6.1337, 0.287600, 0.846136, 0.448710, -0.079350, -0.949957, 0.311663, 0.021166, 0.017908, -0.121937, -0.432342, 0.893427, 0.451516, 0.000000, 0.000000, 0.000000, 1.000000, -0.121866, -0.432366, 0.893425, 0.520519, -0.287599, -0.846136, -0.448710, 0.088349, 0.949966, -0.311631, -0.021233, 0.239128, 0.000000, 0.000000, 0.000000, 1.000000, -0.031573, -0.063061, -0.997510, 0.117160, -0.997517, -0.060876, 0.035421, 0.026399, -0.062958, 0.996151, -0.060982, -0.006134, 0.000000, 0.000000, 0.000000, 1.000000
-19.8864, -79.3571, 17.9283, 451.5180, 520.5209, 88.3568, 239.1080, 117.1629, 26.3961, -6.1355, 0.287451, 0.846169, 0.448741, -0.079357, -0.949994, 0.311557, 0.021052, 0.017928, -0.121995, -0.432353, 0.893414, 0.451518, 0.000000, 0.000000, 0.000000, 1.000000, -0.121924, -0.432377, 0.893412, 0.520521, -0.287451, -0.846169, -0.448742, 0.088357, 0.950003, -0.311525, -0.021119, 0.239108, 0.000000, 0.000000, 0.000000, 1.000000, -0.031570, -0.063067, -0.997510, 0.117163, -0.997517, -0.060873, 0.035419, 0.026396, -0.062956, 0.996151, -0.060989, -0.006135, 0.000000, 0.000000, 0.000000, 1.000000
-19.8817, -79.3608, 17.9385, 451.5189, 520.5218, 88.3605, 239.0978, 117.1646, 26.3948, -6.1364, 0.287376, 0.846186, 0.448758, -0.079361, -0.950013, 0.311504, 0.020994, 0.017939, -0.122025, -0.432359, 0.893407, 0.451519, 0.000000, 0.000000, 0.000000, 1.000000, -0.121954, -0.432383, 0.893405, 0.520522, -0.287376, -0.846186, -0.448758, 0.088360, 0.950022, -0.311471, -0.021061, 0.239098, 0.000000, 0.000000, 0.000000, 1.000000, -0.031569, -0.063071, -0.997510, 0.117165, -0.997517, -0.060872, 0.035418, 0.026395, -0.062954, 0.996151, -0.060992, -0.006136, 0.000000, 0.000000, 0.000000, 1.000000
-19.8770, -79.3646, 17.9488, 451.5198, 520.5227, 88.3642, 239.0876, 117.1663, 26.3935, -6.1374, 0.287301, 0.846203, 0.448774, -0.079365, -0.950032, 0.311450, 0.020935, 0.017949, -0.122055, -0.432364, 0.893400, 0.451520, 0.000000, 0.000000, 0.000000, 1.000000, -0.121984, -0.432388, 0.893398, 0.520523, -0.287301, -0.846203, -0.448774, 0.088364, 0.950041, -0.311417, -0.021002, 0.239088, 0.000000, 0.000000, 0.000000, 1.000000, -0.031567, -0.063074, -0.997509, 0.117166, -0.997517, -0.060871, 0.035416, 0.026394, -0.062953, 0.996151, -0.060996, -0.006137, 0.000000, 0.000000, 0.000000, 1.000000
-19.8626, -79.3759, 17.9796, 451.5224, 520.5254, 88.3755, 239.0569, 117.1715, 26.3895, -6.1402, 0.287072, 0.846255, 0.448823, -0.079376, -0.950090, 0.311286, 0.020757, 0.017980, -0.122147, -0.432381, 0.893380, 0.451522, 0.000000, 0.000000, 0.000000, 1.000000, -0.122076, -0.432404, 0.893378, 0.520525, -0.287071, -0.846255, -0.448824, 0.088376, 0.950099, -0.311254, -0.020823, 0.239057, 0.000000, 0.000000, 0.000000, 1.000000, -0.031563, -0.063084, -0.997509, 0.117171, -0.997518, -0.060866, 0.035413, 0.026390, -0.062948, 0.996150, -0.061006, -0.006140, 0.000000, 0.000000, 0.000000, 1.000000
-19.8577, -79.3797, 17.9898, 451.5233, 520.5262, 88.3793, 239.0467, 117.1732, 26.3882, -6.1411, 0.286994, 0.846273, 0.448839, -0.079380, -0.950109, 0.311231, 0.020697, 0.017990, -0.122178, -0.432386, 0.893373, 0.451523, 0.000000, 0.000000, 0.000000, 1.000000, -0.122108, -0.432410, 0.893371, 0.520526, -0.286994, -0.846272, -0.448840, 0.088379, 0.950118, -0.311199, -0.020763, 0.239047, 0.000000, 0.000000, 0.000000, 1.000000, -0.031562, -0.063087, -0.997509, 0.117173, -0.997518, -0.060865, 0.035411, 0.026388, -0.062947, 0.996150, -0.061010, -0.006141, 0.000000, 0.000000, 0.000000, 1.000000
-19.8480, -79.3873, 18.0104, 451.5250, 520.5280, 88.3869, 239.0262, 117.1767, 26.3855, -6.1431, 0.286840, 0.846307, 0.448873, -0.079387, -0.950147, 0.311121, 0.020576, 0.018010, -0.122240, -0.432397, 0.893359, 0.451525, 0.000000, 0.000000, 0.000000, 1.000000, -0.122170, -0.432421, 0.893357, 0.520528, -0.286840, -0.846307, -0.448873, 0.088387, 0.950157, -0.311089, -0.020642, 0.239026, 0.000000, 0.000000, 0.000000, 1.000000, -0.031559, -0.063094, -0.997508, 0.117177, -0.997518, -0.060862, 0.035409, 0.026385, -0.062944, 0.996150, -0.061017, -0.006143, 0.000000, 0.000000, 0.000000, 1.000000
-19.8382, -79.3949, 18.0310, 451.5267, 520.5297, 88.3946, 239.0057, 117.1802, 26.3828, -6.1450, 0.286685, 0.846342, 0.448906, -0.079395, -0.950186, 0.311011, 0.020455, 0.018031, -0.122303, -0.432408, 0.893345, 0.451527, 0.000000, 0.000000, 0.000000, 1.000000, -0.122233, -0.432432, 0.893343, 0.520530, -0.286685, -0.846342, -0.448906, 0.088395, 0.950195, -0.310979, -0.020521, 0.239006, 0.000000, 0.000000, 0.000000, 1.000000, -0.031556, -0.063101, -0.997508, 0.117180, -0.997518, -0.060859, 0.035406, 0.026383, -0.062941, 0.996150, -0.061024, -0.006145, 0.000000, 0.000000, 0.000000, 1.000000
-19.8333, -79.3988, 18.0413, 451.5276, 520.5305, 88.3984, 238.9955, 117.1819, 26.3814, -6.1459, 0.286607, 0.846360, 0.448922, -0.079399, -0.950205, 0.310956, 0.020394, 0.018041, -0.122334, -0.432414, 0.893338, 0.451528, 0.000000, 0.000000, 0.000000, 1.000000, -0.122265, -0.432437, 0.893336, 0.520531, -0.286607, -0.846359, -0.448923, 0.088398, 0.950214, -0.310924, -0.020460, 0.238995, 0.000000, 0.000000, 0.000000, 1.000000, -0.031555, -0.063104, -0.997508, 0.117182, -0.997518, -0.060857, 0.035405, 0.026381, -0.062940, 0.996150, -0.061027, -0.006146, 0.000000, 0.000000, 0.000000, 1.000000
-19.8236, -79.4064, 18.0619, 451.5293, 520.5322, 88.4060, 238.9750, 117.1854, 26.3787, -6.1478, 0.286453, 0.846395, 0.448956, -0.079406, -0.950244, 0.310846, 0.020273, 0.018062, -0.122397, -0.432425, 0.893324, 0.451529, 0.000000, 0.000000, 0.000000, 1.000000, -0.122327, -0.432448, 0.893322, 0.520532, -0.286453, -0.846394, -0.448956, 0.088406, 0.950253, -0.310814, -0.020339, 0.238975, 0.000000, 0.000000, 0.000000, 1.000000, -0.031552, -0.063111, -0.997508, 0.117185, -0.997519, -0.060854, 0.035402, 0.026379, -0.062937, 0.996149, -0.061034, -0.006148, 0.000000, 0.000000, 0.000000, 1.000000
-19.8187, -79.4102, 18.0722, 451.5302, 520.5331, 88.4098, 238.9647, 117.1871, 26.3774, -6.1488, 0.286376, 0.846412, 0.448972, -0.079410, -0.950263, 0.310791, 0.020213, 0.018072, -0.122428, -0.432430, 0.893317, 0.451530, 0.000000, 0.000000, 0.000000, 1.000000, -0.122358, -0.432454, 0.893315, 0.520533, -0.286376, -0.846412, -0.448973, 0.088410, 0.950272, -0.310759, -0.020279, 0.238965, 0.000000, 0.000000, 0.000000, 1.000000, -0.031551, -0.063114, -0.997507, 0.117187, -0.997519, -0.060853, 0.035401, 0.026377, -0.062935, 0.996149, -0.061038, -0.006149, 0.000000, 0.000000, 0.000000, 1.000000
-19.8091, -79.4178, 18.0928, 451.5320, 520.5349, 88.4174, 238.9442, 117.1906, 26.3747, -6.1507, 0.286222, 0.846446, 0.449005, -0.079418, -0.950302, 0.310682, 0.020093, 0.018093, -0.122490, -0.432441, 0.893303, 0.451532, 0.000000, 0.000000, 0.000000, 1.000000, -0.122420, -0.432464, 0.893302, 0.520535, -0.286222, -0.846446, -0.449005, 0.088417, 0.950310, -0.310650, -0.020159, 0.238944, 0.000000, 0.000000, 0.000000, 1.000000, -0.031548, -0.063121, -0.997507, 0.117191, -0.997519, -0.060850, 0.035399, 0.026375, -0.062932, 0.996149, -0.061045, -0.006151, 0.000000, 0.000000, 0.000000, 1.000000
-19.8043, -79.4215, 18.1031, 451.5328, 520.5358, 88.4212, 238.9339, 117.1923, 26.3733, -6.1516, 0.286146, 0.846463, 0.449021, -0.079422, -0.950321, 0.310628, 0.020034, 0.018103, -0.122520, -0.432447, 0.893297, 0.451533, 0.000000, 0.000000, 0.000000, 1.000000, -0.122451, -0.432470, 0.893295, 0.520536, -0.286146, -0.846463, -0.449022, 0.088421, 0.950329, -0.310596, -0.020099, 0.238934, 0.000000, 0.000000, 0.000000, 1.000000, -0.031546, -0.063124, -0.997507, 0.117192, -0.997519, -0.060848, 0.035397, 0.026373, -0.062931, 0.996149, -0.061048, -0.006152, 0.000000, 0.000000, 0.000000, 1.000000
-19.7947, -79.4290, 18.1238, 451.5347, 520.5376, 88.4286, 238.9134, 117.1957, 26.3707, -6.1535, 0.285995, 0.846497, 0.449054, -0.079429, -0.950358, 0.310519, 0.019916, 0.018124, -0.122581, -0.432458, 0.893283, 0.451535, 0.000000, 0.000000, 0.000000, 1.000000, -0.122512, -0.432481, 0.893281, 0.520538, -0.285995, -0.846497, -0.449054, 0.088429, 0.950367, -0.310488, -0.019981, 0.238913, 0.000000, 0.000000, 0.000000, 1.000000, -0.031544, -0.063131, -0.997507, 0.117196, -0.997519, -0.060845, 0.035395, 0.026371, -0.062928, 0.996149, -0.061055, -0.006153, 0.000000, 0.000000, 0.000000, 1.000000
-19.7853, -79.4364, 18.1444, 451.5365, 520.5394, 88.4361, 238.8929, 117.1991, 26.3681, -6.1553, 0.285845, 0.846531, 0.449086, -0.079436, -0.950396, 0.310412, 0.019800, 0.018144, -0.122640, -0.432469, 0.893269, 0.451537, 0.000000, 0.000000, 0.000000, 1.000000, -0.122571, -0.432492, 0.893268, 0.520539, -0.285845, -0.846531, -0.449086, 0.088436, 0.950405, -0.310381, -0.019865, 0.238893, 0.000000, 0.000000, 0.000000, 1.000000, -0.031541, -0.063137, -0.997506, 0.117199, -0.997520, -0.060842, 0.035392, 0.026368, -0.062925, 0.996149, -0.061062, -0.006155, 0.000000, 0.000000, 0.000000, 1.000000
-19.7806, -79.4401, 18.1547, 451.5375, 520.5404, 88.4397, 238.8826, 117.2008, 26.3668, -6.1563, 0.285770, 0.846548, 0.449101, -0.079440, -0.950414, 0.310359, 0.019743, 0.018155, -0.122669, -0.432474, 0.893263, 0.451537, 0.000000, 0.000000, 0.000000, 1.000000, -0.122601, -0.432497, 0.893261, 0.520540, -0.285770, -0.846547, -0.449102, 0.088440, 0.950423, -0.310328, -0.019808, 0.238883, 0.000000, 0.000000, 0.000000, 1.000000, -0.031540, -0.063141, -0.997506, 0.117201, -0.997520, -0.060841, 0.035391, 0.026367, -0.062924, 0.996148, -0.061065, -0.006156, 0.000000, 0.000000, 0.000000, 1.000000
-19.7713, -79.4474, 18.1754, 451.5394, 520.5423, 88.4470, 238.8620, 117.2041, 26.3642, -6.1581, 0.285623, 0.846581, 0.449133, -0.079447, -0.950451, 0.310253, 0.019630, 0.018175, -0.122727, -0.432486, 0.893249, 0.451539, 0.000000, 0.000000, 0.000000, 1.000000, -0.122659, -0.432509, 0.893248, 0.520542, -0.285623, -0.846581, -0.449133, 0.088447, 0.950460, -0.310222, -0.019694, 0.238862, 0.000000, 0.000000, 0.000000, 1.000000, -0.031537, -0.063147, -0.997506, 0.117204, -0.997520, -0.060838, 0.035389, 0.026364, -0.062921, 0.996148, -0.061072, -0.006158, 0.000000, 0.000000, 0.000000, 1.000000
-19.7713, -79.4474, 18.1754, 451.5394, 520.5423, 88.4470, 238.8620, 117.2041, 26.3642, -6.1581, 0.285623, 0.846581, 0.449133, -0.079447, -0.950451, 0.310253, 0.019630, 0.018175, -0.122727, -0.432486, 0.893249, 0.451539, 0.000000, 0.000000, 0.000000, 1.000000, -0.122659, -0.432509, 0.893248, 0.520542, -0.285623, -0.846581, -0.449133, 0.088447, 0.950460, -0.310222, -0.019694, 0.238862, 0.000000, 0.000000, 0.000000, 1.000000, -0.031537, -0.063147, -0.997506, 0.117204, -0.997520, -0.060838, 0.035389, 0.026364, -0.062921, 0.996148, -0.061072, -0.006158, 0.000000, 0.000000, 0.000000, 1.000000
-19.7532, -79.4617, 18.2168, 451.5435, 520.5464, 88.4613, 238.8208, 117.2106, 26.3591, -6.1616, 0.285335, 0.846645, 0.449194, -0.079462, -0.950524, 0.310046, 0.019409, 0.018217, -0.122838, -0.432508, 0.893223, 0.451544, 0.000000, 0.000000, 0.000000, 1.000000, -0.122770, -0.432531, 0.893221, 0.520546, -0.285334, -0.846645, -0.449195, 0.088461, 0.950532, -0.310015, -0.019473, 0.238821, 0.000000, 0.000000, 0.000000, 1.000000, -0.031532, -0.063160, -0.997505, 0.117211, -0.997521, -0.060832, 0.035384, 0.026359, -0.062915, 0.996148, -0.061085, -0.006162, 0.000000, 0.000000, 0.000000, 1.000000
-19.7488, -79.4652, 18.2272, 451.5446, 520.5474, 88.4648, 238.8106, 117.2122, 26.3579, -6.1625, 0.285264, 0.846661, 0.449210, -0.079465, -0.950541, 0.309995, 0.019356, 0.018227, -0.122865, -0.432514, 0.893217, 0.451545, 0.000000, 0.000000, 0.000000, 1.000000, -0.122797, -0.432536, 0.893215, 0.520547, -0.285264, -0.846661, -0.449210, 0.088465, 0.950550, -0.309964, -0.019420, 0.238811, 0.000000, 0.000000, 0.000000, 1.000000, -0.031530, -0.063163, -0.997505, 0.117212, -0.997521, -0.060831, 0.035383, 0.026358, -0.062914, 0.996148, -0.061088, -0.006162, 0.000000, 0.000000, 0.000000, 1.000000
-19.7400, -79.4721, 18.2478, 451.5467, 520.5496, 88.4717, 238.7901, 117.2153, 26.3555, -6.1642, 0.285125, 0.846692, 0.449239, -0.079472, -0.950576, 0.309894, 0.019250, 0.018248, -0.122917, -0.432525, 0.893204, 0.451547, 0.000000, 0.000000, 0.000000, 1.000000, -0.122850, -0.432548, 0.893202, 0.520550, -0.285125, -0.846692, -0.449240, 0.088472, 0.950585, -0.309863, -0.019314, 0.238790, 0.000000, 0.000000, 0.000000, 1.000000, -0.031528, -0.063169, -0.997505, 0.117215, -0.997521, -0.060828, 0.035380, 0.026355, -0.062911, 0.996147, -0.061094, -0.006164, 0.000000, 0.000000, 0.000000, 1.000000
-19.7314, -79.4789, 18.2684, 451.5489, 520.5518, 88.4786, 238.7695, 117.2184, 26.3531, -6.1659, 0.284987, 0.846723, 0.449269, -0.079479, -0.950611, 0.309794, 0.019147, 0.018268, -0.122968, -0.432536, 0.893192, 0.451549, 0.000000, 0.000000, 0.000000, 1.000000, -0.122901, -0.432559, 0.893190, 0.520552, -0.284987, -0.846723, -0.449269, 0.088479, 0.950620, -0.309763, -0.019211, 0.238770, 0.000000, 0.000000, 0.000000, 1.000000, -0.031525, -0.063175, -0.997504, 0.117218, -0.997521, -0.060826, 0.035378, 0.026353, -0.062909, 0.996147, -0.061100, -0.006166, 0.000000, 0.000000, 0.000000, 1.000000
-19.7271, -79.4823, 18.2788, 451.5501, 520.5529, 88.4819, 238.7592, 117.2199, 26.3519, -6.1667, 0.284919, 0.846738, 0.449283, -0.079482, -0.950628, 0.309745, 0.019097, 0.018279, -0.122993, -0.432542, 0.893185, 0.451550, 0.000000, 0.000000, 0.000000, 1.000000, -0.122926, -0.432565, 0.893184, 0.520553, -0.284919, -0.846738, -0.449284, 0.088482, 0.950637, -0.309714, -0.019160, 0.238759, 0.000000, 0.000000, 0.000000, 1.000000, -0.031524, -0.063178, -0.997504, 0.117220, -0.997521, -0.060824, 0.035377, 0.026352, -0.062907, 0.996147, -0.061104, -0.006167, 0.000000, 0.000000, 0.000000, 1.000000
-19.7187, -79.4890, 18.2995, 451.5524, 520.5552, 88.4886, 238.7386, 117.2229, 26.3495, -6.1684, 0.284785, 0.846768, 0.449312, -0.079489, -0.950662, 0.309647, 0.018997, 0.018300, -0.123042, -0.432554, 0.893173, 0.451552, 0.000000, 0.000000, 0.000000, 1.000000, -0.122975, -0.432576, 0.893171, 0.520555, -0.284785, -0.846768, -0.449312, 0.088489, 0.950671, -0.309616, -0.019060, 0.238739, 0.000000, 0.000000, 0.000000, 1.000000, -0.031522, -0.063183, -0.997504, 0.117223, -0.997522, -0.060822, 0.035375, 0.026350, -0.062905, 0.996147, -0.061110, -0.006168, 0.000000, 0.000000, 0.000000, 1.000000
-19.7104, -79.4956, 18.3203, 451.5548, 520.5576, 88.4952, 238.7179, 117.2259, 26.3472, -6.1700, 0.284652, 0.846798, 0.449340, -0.079496, -0.950696, 0.309549, 0.018899, 0.018320, -0.123090, -0.432565, 0.893161, 0.451555, 0.000000, 0.000000, 0.000000, 1.000000, -0.123023, -0.432588, 0.893159, 0.520558, -0.284652, -0.846798, -0.449341, 0.088495, 0.950704, -0.309519, -0.018962, 0.238718, 0.000000, 0.000000, 0.000000, 1.000000, -0.031519, -0.063189, -0.997504, 0.117226, -0.997522, -0.060819, 0.035373, 0.026347, -0.062902, 0.996147, -0.061116, -0.006170, 0.000000, 0.000000, 0.000000, 1.000000
-19.7063, -79.4988, 18.3308, 451.5560, 520.5588, 88.4985, 238.7076, 117.2273, 26.3461, -6.1708, 0.284587, 0.846813, 0.449354, -0.079499, -0.950712, 0.309501, 0.018850, 0.018331, -0.123113, -0.432571, 0.893155, 0.451556, 0.000000, 0.000000, 0.000000, 1.000000, -0.123046, -0.432593, 0.893153, 0.520559, -0.284586, -0.846812, -0.449355, 0.088498, 0.950721, -0.309471, -0.018913, 0.238708, 0.000000, 0.000000, 0.000000, 1.000000, -0.031518, -0.063192, -0.997504, 0.117227, -0.997522, -0.060818, 0.035371, 0.026346, -0.062901, 0.996147, -0.061118, -0.006171, 0.000000, 0.000000, 0.000000, 1.000000
-19.6981, -79.5053, 18.3517, 451.5585, 520.5613, 88.5050, 238.6868, 117.2302, 26.3438, -6.1724, 0.284456, 0.846842, 0.449382, -0.079505, -0.950745, 0.309405, 0.018755, 0.018352, -0.123159, -0.432583, 0.893143, 0.451559, 0.000000, 0.000000, 0.000000, 1.000000, -0.123092, -0.432605, 0.893141, 0.520561, -0.284456, -0.846841, -0.449383, 0.088505, 0.950754, -0.309375, -0.018818, 0.238687, 0.000000, 0.000000, 0.000000, 1.000000, -0.031516, -0.063198, -0.997503, 0.117230, -0.997522, -0.060815, 0.035369, 0.026344, -0.062899, 0.996146, -0.061124, -0.006172, 0.000000, 0.000000, 0.000000, 1.000000
-19.6941, -79.5085, 18.3621, 451.5598, 520.5626, 88.5082, 238.6764, 117.2317, 26.3427, -6.1732, 0.284392, 0.846856, 0.449396, -0.079509, -0.950762, 0.309358, 0.018708, 0.018362, -0.123181, -0.432589, 0.893137, 0.451560, 0.000000, 0.000000, 0.000000, 1.000000, -0.123115, -0.432611, 0.893135, 0.520563, -0.284392, -0.846856, -0.449396, 0.088508, 0.950770, -0.309328, -0.018770, 0.238676, 0.000000, 0.000000, 0.000000, 1.000000, -0.031515, -0.063200, -0.997503, 0.117232, -0.997522, -0.060814, 0.035368, 0.026343, -0.062898, 0.996146, -0.061127, -0.006173, 0.000000, 0.000000, 0.000000, 1.000000
-19.6861, -79.5149, 18.3831, 451.5624, 520.5652, 88.5145, 238.6555, 117.2345, 26.3404, -6.1747, 0.284264, 0.846884, 0.449423, -0.079515, -0.950794, 0.309263, 0.018615, 0.018383, -0.123225, -0.432600, 0.893125, 0.451562, 0.000000, 0.000000, 0.000000, 1.000000, -0.123159, -0.432623, 0.893123, 0.520565, -0.284264, -0.846884, -0.449424, 0.088515, 0.950803, -0.309233, -0.018677, 0.238656, 0.000000, 0.000000, 0.000000, 1.000000, -0.031512, -0.063206, -0.997503, 0.117235, -0.997523, -0.060812, 0.035366, 0.026340, -0.062895, 0.996146, -0.061133, -0.006175, 0.000000, 0.000000, 0.000000, 1.000000
-19.6821, -79.5180, 18.3936, 451.5637, 520.5665, 88.5177, 238.6451, 117.2359, 26.3393, -6.1755, 0.284200, 0.846899, 0.449437, -0.079518, -0.950810, 0.309216, 0.018569, 0.018394, -0.123247, -0.432606, 0.893119, 0.451564, 0.000000, 0.000000, 0.000000, 1.000000, -0.123181, -0.432628, 0.893118, 0.520566, -0.284200, -0.846898, -0.449437, 0.088518, 0.950819, -0.309186, -0.018631, 0.238645, 0.000000, 0.000000, 0.000000, 1.000000, -0.031511, -0.063209, -0.997503, 0.117236, -0.997523, -0.060810, 0.035365, 0.026339, -0.062894, 0.996146, -0.061136, -0.006175, 0.000000, 0.000000, 0.000000, 1.000000
-19.6742, -79.5243, 18.4147, 451.5664, 520.5692, 88.5239, 238.6241, 117.2387, 26.3371, -6.1770, 0.284074, 0.846927, 0.449463, -0.079524, -0.950843, 0.309123, 0.018479, 0.018415, -0.123289, -0.432618, 0.893108, 0.451566, 0.000000, 0.000000, 0.000000, 1.000000, -0.123224, -0.432640, 0.893106, 0.520569, -0.284074, -0.846926, -0.449464, 0.088524, 0.950851, -0.309093, -0.018541, 0.238624, 0.000000, 0.000000, 0.000000, 1.000000, -0.031509, -0.063214, -0.997502, 0.117239, -0.997523, -0.060808, 0.035363, 0.026337, -0.062892, 0.996146, -0.061141, -0.006177, 0.000000, 0.000000, 0.000000, 1.000000
-19.6703, -79.5274, 18.4253, 451.5678, 520.5705, 88.5270, 238.6136, 117.2401, 26.3360, -6.1778, 0.284011, 0.846940, 0.449477, -0.079527, -0.950859, 0.309076, 0.018434, 0.018425, -0.123310, -0.432624, 0.893102, 0.451568, 0.000000, 0.000000, 0.000000, 1.000000, -0.123245, -0.432646, 0.893100, 0.520571, -0.284011, -0.846940, -0.449478, 0.088527, 0.950867, -0.309046, -0.018496, 0.238614, 0.000000, 0.000000, 0.000000, 1.000000, -0.031508, -0.063217, -0.997502, 0.117240, -0.997523, -0.060807, 0.035362, 0.026336, -0.062890, 0.996146, -0.061144, -0.006178, 0.000000, 0.000000, 0.000000, 1.000000
-19.6625, -79.5336, 18.4465, 451.5706, 520.5733, 88.5332, 238.5925, 117.2429, 26.3339, -6.1793, 0.283886, 0.846968, 0.449503, -0.079534, -0.950891, 0.308983, 0.018345, 0.018447, -0.123351, -0.432636, 0.893090, 0.451571, 0.000000, 0.000000, 0.000000, 1.000000, -0.123286, -0.432658, 0.893089, 0.520573, -0.283886, -0.846968, -0.449504, 0.088533, 0.950899, -0.308953, -0.018407, 0.238593, 0.000000, 0.000000, 0.000000, 1.000000, -0.031505, -0.063222, -0.997502, 0.117243, -0.997523, -0.060804, 0.035360, 0.026334, -0.062888, 0.996145, -0.061150, -0.006179, 0.000000, 0.000000, 0.000000, 1.000000
-19.6548, -79.5397, 18.4678, 451.5734, 520.5761, 88.5394, 238.5714, 117.2456, 26.3317, -6.1808, 0.283763, 0.846996, 0.449530, -0.079540, -0.950922, 0.308891, 0.018257, 0.018468, -0.123392, -0.432649, 0.893079, 0.451573, 0.000000, 0.000000, 0.000000, 1.000000, -0.123327, -0.432671, 0.893077, 0.520576, -0.283763, -0.846995, -0.449531, 0.088539, 0.950931, -0.308861, -0.018318, 0.238571, 0.000000, 0.000000, 0.000000, 1.000000, -0.031503, -0.063227, -0.997502, 0.117246, -0.997523, -0.060802, 0.035358, 0.026332, -0.062886, 0.996145, -0.061155, -0.006181, 0.000000, 0.000000, 0.000000, 1.000000
