# Joint_B_Angle(deg), Cam_X(mm), Cam_Y(mm), Cam_Z(mm), Torso_X(mm), Torso_Y(mm), Torso_Z(mm), EE_X(mm), EE_Y(mm), EE_Z(mm), T_cam2marker_flat(16), T_torso2marker_flat(16), T_ee2marker_flat(16)
-9.9999, 6.2653, 7.5114, 120.9190, 189.9238, 2.7346, 249.5457, 101.8168, 8.7878, -1.7020, 0.589462, 0.807190, 0.031285, 0.006265, -0.807795, 0.588938, 0.024898, 0.007511, 0.001673, -0.039949, 0.999200, 0.120919, 0.000000, 0.000000, 0.000000, 1.000000, 0.001751, -0.040007, 0.999198, 0.189924, -0.589462, -0.807190, -0.031286, 0.002735, 0.807795, -0.588934, -0.024996, 0.249546, 0.000000, 0.000000, 0.000000, 1.000000, -0.074159, -0.041071, -0.996400, 0.101817, -0.996878, -0.024095, 0.075187, 0.008788, -0.027096, 0.998866, -0.039156, -0.001702, 0.000000, 0.000000, 0.000000, 1.000000
-9.9999, 6.2650, 7.5134, 120.9200, 189.9248, 2.7349, 249.5436, 101.8169, 8.7878, -1.7020, 0.589460, 0.807192, 0.031283, 0.006265, -0.807796, 0.588936, 0.024905, 0.007513, 0.001680, -0.039951, 0.999200, 0.120920, 0.000000, 0.000000, 0.000000, 1.000000, 0.001758, -0.040009, 0.999198, 0.189925, -0.589460, -0.807192, -0.031284, 0.002735, 0.807796, -0.588932, -0.025003, 0.249544, 0.000000, 0.000000, 0.000000, 1.000000, -0.074159, -0.041071, -0.996400, 0.101817, -0.996878, -0.024095, 0.075187, 0.008788, -0.027096, 0.998866, -0.039156, -0.001702, 0.000000, 0.000000, 0.000000, 1.000000
-9.9999, 6.2649, 7.5143, 120.9204, 189.9252, 2.7350, 249.5428, 101.8169, 8.7878, -1.7020, 0.589459, 0.807192, 0.031282, 0.006265, -0.807796, 0.588935, 0.024908, 0.007514, 0.001683, -0.039952, 0.999200, 0.120920, 0.000000, 0.000000, 0.000000, 1.000000, 0.001761, -0.040010, 0.999198, 0.189925, -0.589459, -0.807192, -0.031283, 0.002735, 0.807796, -0.588931, -0.025005, 0.249543, 0.000000, 0.000000, 0.000000, 1.000000, -0.074159, -0.041071, -0.996400, 0.101817, -0.996878, -0.024095, 0.075187, 0.008788, -0.027096, 0.998866, -0.039156, -0.001702, 0.000000, 0.000000, 0.000000, 1.000000
-9.9999, 6.2647, 7.5158, 120.9210, 189.9258, 2.7351, 249.5413, 101.8169, 8.7878, -1.7020, 0.589458, 0.807193, 0.031279, 0.006265, -0.807797, 0.588934, 0.024912, 0.007516, 0.001688, -0.039952, 0.999200, 0.120921, 0.000000, 0.000000, 0.000000, 1.000000, 0.001766, -0.040010, 0.999198, 0.189926, -0.589458, -0.807193, -0.031280, 0.002735, 0.807797, -0.588930, -0.025010, 0.249541, 0.000000, 0.000000, 0.000000, 1.000000, -0.074158, -0.041071, -0.996400, 0.101817, -0.996878, -0.024095, 0.075187, 0.008788, -0.027096, 0.998866, -0.039156, -0.001702, 0.000000, 0.000000, 0.000000, 1.000000
-9.9999, 6.2647, 7.5164, 120.9212, 189.9260, 2.7352, 249.5407, 101.8169, 8.7878, -1.7021, 0.589457, 0.807194, 0.031278, 0.006265, -0.807798, 0.588933, 0.024914, 0.007516, 0.001690, -0.039952, 0.999200, 0.120921, 0.000000, 0.000000, 0.000000, 1.000000, 0.001768, -0.040010, 0.999198, 0.189926, -0.589457, -0.807194, -0.031279, 0.002735, 0.807798, -0.588929, -0.025011, 0.249541, 0.000000, 0.000000, 0.000000, 1.000000, -0.074158, -0.041071, -0.996400, 0.101817, -0.996878, -0.024095, 0.075187, 0.008788, -0.027096, 0.998866, -0.039156, -0.001702, 0.000000, 0.000000, 0.000000, 1.000000
-9.9999, 6.2647, 7.5173, 120.9215, 189.9263, 2.7352, 249.5398, 101.8169, 8.7877, -1.7021, 0.589456, 0.807195, 0.031276, 0.006265, -0.807798, 0.588932, 0.024916, 0.007517, 0.001692, -0.039952, 0.999200, 0.120921, 0.000000, 0.000000, 0.000000, 1.000000, 0.001770, -0.040010, 0.999198, 0.189926, -0.589456, -0.807195, -0.031277, 0.002735, 0.807798, -0.588928, -0.025013, 0.249540, 0.000000, 0.000000, 0.000000, 1.000000, -0.074158, -0.041071, -0.996400, 0.101817, -0.996878, -0.024095, 0.075187, 0.008788, -0.027096, 0.998866, -0.039156, -0.001702, 0.000000, 0.000000, 0.000000, 1.000000
-9.9999, 6.2647, 7.5173, 120.9215, 189.9263, 2.7352, 249.5398, 101.8169, 8.7877, -1.7021, 0.589456, 0.807195, 0.031276, 0.006265, -0.807798, 0.588932, 0.024916, 0.007517, 0.001692, -0.039952, 0.999200, 0.120921, 0.000000, 0.000000, 0.000000, 1.000000, 0.001770, -0.040010, 0.999198, 0.189926, -0.589456, -0.807195, -0.031277, 0.002735, 0.807798, -0.588928, -0.025013, 0.249540, 0.000000, 0.000000, 0.000000, 1.000000, -0.074158, -0.041071, -0.996400, 0.101817, -0.996878, -0.024095, 0.075187, 0.008788, -0.027096, 0.998866, -0.039156, -0.001702, 0.000000, 0.000000, 0.000000, 1.000000
-9.9998, 6.2648, 7.5181, 120.9221, 189.9269, 2.7351, 249.5391, 101.8170, 8.7877, -1.7021, 0.589455, 0.807195, 0.031274, 0.006265, -0.807799, 0.588931, 0.024917, 0.007518, 0.001694, -0.039951, 0.999200, 0.120922, 0.000000, 0.000000, 0.000000, 1.000000, 0.001772, -0.040008, 0.999198, 0.189927, -0.589455, -0.807195, -0.031275, 0.002735, 0.807799, -0.588927, -0.025013, 0.249539, 0.000000, 0.000000, 0.000000, 1.000000, -0.074158, -0.041071, -0.996400, 0.101817, -0.996878, -0.024094, 0.075187, 0.008788, -0.027096, 0.998866, -0.039156, -0.001702, 0.000000, 0.000000, 0.000000, 1.000000
-9.9995, 6.2650, 7.5177, 120.9233, 189.9281, 2.7349, 249.5395, 101.8170, 8.7878, -1.7021, 0.589455, 0.807195, 0.031276, 0.006265, -0.807799, 0.588931, 0.024916, 0.007518, 0.001693, -0.039951, 0.999200, 0.120923, 0.000000, 0.000000, 0.000000, 1.000000, 0.001770, -0.040009, 0.999198, 0.189928, -0.589455, -0.807195, -0.031277, 0.002735, 0.807799, -0.588927, -0.025012, 0.249540, 0.000000, 0.000000, 0.000000, 1.000000, -0.074158, -0.041071, -0.996400, 0.101817, -0.996878, -0.024094, 0.075187, 0.008788, -0.027096, 0.998866, -0.039156, -0.001702, 0.000000, 0.000000, 0.000000, 1.000000
-9.9992, 6.2642, 7.5209, 120.9276, 189.9324, 2.7356, 249.5364, 101.8170, 8.7879, -1.7021, 0.589453, 0.807197, 0.031277, 0.006264, -0.807801, 0.588928, 0.024931, 0.007521, 0.001704, -0.039962, 0.999200, 0.120928, 0.000000, 0.000000, 0.000000, 1.000000, 0.001782, -0.040019, 0.999197, 0.189932, -0.589453, -0.807197, -0.031278, 0.002736, 0.807801, -0.588924, -0.025028, 0.249536, 0.000000, 0.000000, 0.000000, 1.000000, -0.074158, -0.041072, -0.996400, 0.101817, -0.996878, -0.024094, 0.075187, 0.008788, -0.027096, 0.998866, -0.039157, -0.001702, 0.000000, 0.000000, 0.000000, 1.000000
-9.9992, 6.2642, 7.5209, 120.9276, 189.9324, 2.7356, 249.5364, 101.8170, 8.7879, -1.7021, 0.589453, 0.807197, 0.031277, 0.006264, -0.807801, 0.588928, 0.024931, 0.007521, 0.001704, -0.039962, 0.999200, 0.120928, 0.000000, 0.000000, 0.000000, 1.000000, 0.001782, -0.040019, 0.999197, 0.189932, -0.589453, -0.807197, -0.031278, 0.002736, 0.807801, -0.588924, -0.025028, 0.249536, 0.000000, 0.000000, 0.000000, 1.000000, -0.074158, -0.041072, -0.996400, 0.101817, -0.996878, -0.024094, 0.075187, 0.008788, -0.027096, 0.998866, -0.039157, -0.001702, 0.000000, 0.000000, 0.000000, 1.000000
-9.9984, 6.2632, 7.5242, 120.9358, 189.9406, 2.7367, 249.5329, 101.8172, 8.7882, -1.7022, 0.589450, 0.807199, 0.031285, 0.006263, -0.807803, 0.588924, 0.024953, 0.007524, 0.001718, -0.039981, 0.999199, 0.120936, 0.000000, 0.000000, 0.000000, 1.000000, 0.001796, -0.040039, 0.999197, 0.189941, -0.589450, -0.807199, -0.031286, 0.002737, 0.807803, -0.588920, -0.025050, 0.249533, 0.000000, 0.000000, 0.000000, 1.000000, -0.074158, -0.041072, -0.996400, 0.101817, -0.996878, -0.024095, 0.075187, 0.008788, -0.027096, 0.998866, -0.039157, -0.001702, 0.000000, 0.000000, 0.000000, 1.000000
-9.9984, 6.2632, 7.5242, 120.9358, 189.9406, 2.7367, 249.5329, 101.8172, 8.7882, -1.7022, 0.589450, 0.807199, 0.031285, 0.006263, -0.807803, 0.588924, 0.024953, 0.007524, 0.001718, -0.039981, 0.999199, 0.120936, 0.000000, 0.000000, 0.000000, 1.000000, 0.001796, -0.040039, 0.999197, 0.189941, -0.589450, -0.807199, -0.031286, 0.002737, 0.807803, -0.588920, -0.025050, 0.249533, 0.000000, 0.000000, 0.000000, 1.000000, -0.074158, -0.041072, -0.996400, 0.101817, -0.996878, -0.024095, 0.075187, 0.008788, -0.027096, 0.998866, -0.039157, -0.001702, 0.000000, 0.000000, 0.000000, 1.000000
-9.9970, 6.2622, 7.5260, 120.9469, 189.9517, 2.7376, 249.5311, 101.8173, 8.7886, -1.7022, 0.589448, 0.807200, 0.031300, 0.006262, -0.807805, 0.588921, 0.024975, 0.007526, 0.001726, -0.040006, 0.999198, 0.120947, 0.000000, 0.000000, 0.000000, 1.000000, 0.001804, -0.040064, 0.999195, 0.189952, -0.589448, -0.807200, -0.031301, 0.002738, 0.807804, -0.588917, -0.025072, 0.249531, 0.000000, 0.000000, 0.000000, 1.000000, -0.074158, -0.041072, -0.996400, 0.101817, -0.996878, -0.024096, 0.075187, 0.008789, -0.027097, 0.998866, -0.039157, -0.001702, 0.000000, 0.000000, 0.000000, 1.000000
-9.9959, 6.2616, 7.5264, 120.9562, 189.9610, 2.7383, 249.5308, 101.8174, 8.7890, -1.7023, 0.589447, 0.807200, 0.031315, 0.006262, -0.807805, 0.588920, 0.024990, 0.007526, 0.001729, -0.040027, 0.999197, 0.120956, 0.000000, 0.000000, 0.000000, 1.000000, 0.001808, -0.040085, 0.999195, 0.189961, -0.589447, -0.807200, -0.031316, 0.002738, 0.807805, -0.588916, -0.025087, 0.249531, 0.000000, 0.000000, 0.000000, 1.000000, -0.074158, -0.041072, -0.996400, 0.101817, -0.996878, -0.024097, 0.075187, 0.008789, -0.027098, 0.998866, -0.039157, -0.001702, 0.000000, 0.000000, 0.000000, 1.000000
-9.9959, 6.2616, 7.5264, 120.9562, 189.9610, 2.7383, 249.5308, 101.8174, 8.7890, -1.7023, 0.589447, 0.807200, 0.031315, 0.006262, -0.807805, 0.588920, 0.024990, 0.007526, 0.001729, -0.040027, 0.999197, 0.120956, 0.000000, 0.000000, 0.000000, 1.000000, 0.001808, -0.040085, 0.999195, 0.189961, -0.589447, -0.807200, -0.031316, 0.002738, 0.807805, -0.588916, -0.025087, 0.249531, 0.000000, 0.000000, 0.000000, 1.000000, -0.074158, -0.041072, -0.996400, 0.101817, -0.996878, -0.024097, 0.075187, 0.008789, -0.027098, 0.998866, -0.039157, -0.001702, 0.000000, 0.000000, 0.000000, 1.000000
-9.9936, 6.2606, 7.5256, 120.9733, 189.9781, 2.7393, 249.5315, 101.8175, 8.7898, -1.7023, 0.589447, 0.807198, 0.031345, 0.006261, -0.807805, 0.588919, 0.025013, 0.007526, 0.001731, -0.040064, 0.999196, 0.120973, 0.000000, 0.000000, 0.000000, 1.000000, 0.001809, -0.040122, 0.999193, 0.189978, -0.589447, -0.807198, -0.031346, 0.002739, 0.807805, -0.588915, -0.025110, 0.249531, 0.000000, 0.000000, 0.000000, 1.000000, -0.074159, -0.041072, -0.996400, 0.101818, -0.996878, -0.024098, 0.075187, 0.008790, -0.027100, 0.998866, -0.039157, -0.001702, 0.000000, 0.000000, 0.000000, 1.000000
-9.9936, 6.2606, 7.5256, 120.9733, 189.9781, 2.7393, 249.5315, 101.8175, 8.7898, -1.7023, 0.589447, 0.807198, 0.031345, 0.006261, -0.807805, 0.588919, 0.025013, 0.007526, 0.001731, -0.040064, 0.999196, 0.120973, 0.000000, 0.000000, 0.000000, 1.000000, 0.001809, -0.040122, 0.999193, 0.189978, -0.589447, -0.807198, -0.031346, 0.002739, 0.807805, -0.588915, -0.025110, 0.249531, 0.000000, 0.000000, 0.000000, 1.000000, -0.074159, -0.041072, -0.996400, 0.101818, -0.996878, -0.024098, 0.075187, 0.008790, -0.027100, 0.998866, -0.039157, -0.001702, 0.000000, 0.000000, 0.000000, 1.000000
-9.9907, 6.2595, 7.5235, 120.9946, 189.9995, 2.7404, 249.5336, 101.8177, 8.7909, -1.7024, 0.589449, 0.807196, 0.031384, 0.006259, -0.807804, 0.588919, 0.025038, 0.007523, 0.001728, -0.040111, 0.999194, 0.120995, 0.000000, 0.000000, 0.000000, 1.000000, 0.001806, -0.040169, 0.999191, 0.189999, -0.589449, -0.807196, -0.031385, 0.002740, 0.807804, -0.588915, -0.025136, 0.249534, 0.000000, 0.000000, 0.000000, 1.000000, -0.074159, -0.041072, -0.996400, 0.101818, -0.996878, -0.024101, 0.075188, 0.008791, -0.027102, 0.998865, -0.039157, -0.001702, 0.000000, 0.000000, 0.000000, 1.000000
-9.9884, 6.2587, 7.5214, 121.0113, 190.0161, 2.7412, 249.5357, 101.8178, 8.7917, -1.7024, 0.589450, 0.807194, 0.031416, 0.006259, -0.807803, 0.588920, 0.025057, 0.007521, 0.001724, -0.040148, 0.999192, 0.121011, 0.000000, 0.000000, 0.000000, 1.000000, 0.001803, -0.040206, 0.999190, 0.190016, -0.589450, -0.807194, -0.031417, 0.002741, 0.807803, -0.588916, -0.025155, 0.249536, 0.000000, 0.000000, 0.000000, 1.000000, -0.074159, -0.041072, -0.996400, 0.101818, -0.996878, -0.024103, 0.075188, 0.008792, -0.027104, 0.998865, -0.039157, -0.001702, 0.000000, 0.000000, 0.000000, 1.000000
-9.9884, 6.2587, 7.5214, 121.0113, 190.0161, 2.7412, 249.5357, 101.8178, 8.7917, -1.7024, 0.589450, 0.807194, 0.031416, 0.006259, -0.807803, 0.588920, 0.025057, 0.007521, 0.001724, -0.040148, 0.999192, 0.121011, 0.000000, 0.000000, 0.000000, 1.000000, 0.001803, -0.040206, 0.999190, 0.190016, -0.589450, -0.807194, -0.031417, 0.002741, 0.807803, -0.588916, -0.025155, 0.249536, 0.000000, 0.000000, 0.000000, 1.000000, -0.074159, -0.041072, -0.996400, 0.101818, -0.996878, -0.024103, 0.075188, 0.008792, -0.027104, 0.998865, -0.039157, -0.001702, 0.000000, 0.000000, 0.000000, 1.000000
-9.9845, 6.2574, 7.5172, 121.0399, 190.0448, 2.7424, 249.5398, 101.8180, 8.7931, -1.7024, 0.589453, 0.807190, 0.031471, 0.006257, -0.807801, 0.588921, 0.025088, 0.007517, 0.001717, -0.040210, 0.999190, 0.121040, 0.000000, 0.000000, 0.000000, 1.000000, 0.001795, -0.040269, 0.999187, 0.190045, -0.589453, -0.807190, -0.031472, 0.002742, 0.807801, -0.588917, -0.025186, 0.249540, 0.000000, 0.000000, 0.000000, 1.000000, -0.074160, -0.041072, -0.996400, 0.101818, -0.996878, -0.024106, 0.075189, 0.008793, -0.027107, 0.998865, -0.039156, -0.001702, 0.000000, 0.000000, 0.000000, 1.000000
-9.9845, 6.2574, 7.5172, 121.0399, 190.0448, 2.7424, 249.5398, 101.8180, 8.7931, -1.7024, 0.589453, 0.807190, 0.031471, 0.006257, -0.807801, 0.588921, 0.025088, 0.007517, 0.001717, -0.040210, 0.999190, 0.121040, 0.000000, 0.000000, 0.000000, 1.000000, 0.001795, -0.040269, 0.999187, 0.190045, -0.589453, -0.807190, -0.031472, 0.002742, 0.807801, -0.588917, -0.025186, 0.249540, 0.000000, 0.000000, 0.000000, 1.000000, -0.074160, -0.041072, -0.996400, 0.101818, -0.996878, -0.024106, 0.075189, 0.008793, -0.027107, 0.998865, -0.039156, -0.001702, 0.000000, 0.000000, 0.000000, 1.000000
-9.9799, 6.2560, 7.5122, 121.0730, 190.0778, 2.7438, 249.5448, 101.8182, 8.7948, -1.7025, 0.589456, 0.807185, 0.031535, 0.006256, -0.807799, 0.588923, 0.025123, 0.007512, 0.001707, -0.040283, 0.999187, 0.121073, 0.000000, 0.000000, 0.000000, 1.000000, 0.001786, -0.040341, 0.999184, 0.190078, -0.589456, -0.807185, -0.031536, 0.002744, 0.807799, -0.588919, -0.025221, 0.249545, 0.000000, 0.000000, 0.000000, 1.000000, -0.074160, -0.041072, -0.996400, 0.101818, -0.996878, -0.024110, 0.075189, 0.008795, -0.027111, 0.998865, -0.039156, -0.001702, 0.000000, 0.000000, 0.000000, 1.000000
-9.9799, 6.2560, 7.5122, 121.0730, 190.0778, 2.7438, 249.5448, 101.8182, 8.7948, -1.7025, 0.589456, 0.807185, 0.031535, 0.006256, -0.807799, 0.588923, 0.025123, 0.007512, 0.001707, -0.040283, 0.999187, 0.121073, 0.000000, 0.000000, 0.000000, 1.000000, 0.001786, -0.040341, 0.999184, 0.190078, -0.589456, -0.807185, -0.031536, 0.002744, 0.807799, -0.588919, -0.025221, 0.249545, 0.000000, 0.000000, 0.000000, 1.000000, -0.074160, -0.041072, -0.996400, 0.101818, -0.996878, -0.024110, 0.075189, 0.008795, -0.027111, 0.998865, -0.039156, -0.001702, 0.000000, 0.000000, 0.000000, 1.000000
-9.9748, 6.2544, 7.5064, 121.1103, 190.1151, 2.7454, 249.5506, 101.8184, 8.7967, -1.7025, 0.589460, 0.807179, 0.031608, 0.006254, -0.807796, 0.588925, 0.025162, 0.007506, 0.001696, -0.040365, 0.999184, 0.121110, 0.000000, 0.000000, 0.000000, 1.000000, 0.001774, -0.040424, 0.999181, 0.190115, -0.589460, -0.807179, -0.031609, 0.002745, 0.807796, -0.588921, -0.025260, 0.249551, 0.000000, 0.000000, 0.000000, 1.000000, -0.074161, -0.041072, -0.996400, 0.101818, -0.996878, -0.024114, 0.075190, 0.008797, -0.027115, 0.998865, -0.039156, -0.001703, 0.000000, 0.000000, 0.000000, 1.000000
-9.9691, 6.2527, 7.5000, 121.1514, 190.1562, 2.7472, 249.5571, 101.8187, 8.7987, -1.7026, 0.589465, 0.807172, 0.031689, 0.006253, -0.807792, 0.588928, 0.025206, 0.007500, 0.001683, -0.040457, 0.999180, 0.121151, 0.000000, 0.000000, 0.000000, 1.000000, 0.001762, -0.040515, 0.999177, 0.190156, -0.589465, -0.807172, -0.031690, 0.002747, 0.807792, -0.588924, -0.025304, 0.249557, 0.000000, 0.000000, 0.000000, 1.000000, -0.074161, -0.041072, -0.996400, 0.101819, -0.996877, -0.024119, 0.075191, 0.008799, -0.027120, 0.998865, -0.039155, -0.001703, 0.000000, 0.000000, 0.000000, 1.000000
-9.9651, 6.2514, 7.4955, 121.1807, 190.1855, 2.7484, 249.5616, 101.8188, 8.8002, -1.7026, 0.589468, 0.807168, 0.031747, 0.006251, -0.807790, 0.588930, 0.025238, 0.007495, 0.001675, -0.040522, 0.999177, 0.121181, 0.000000, 0.000000, 0.000000, 1.000000, 0.001753, -0.040580, 0.999175, 0.190186, -0.589468, -0.807168, -0.031748, 0.002748, 0.807790, -0.588926, -0.025335, 0.249562, 0.000000, 0.000000, 0.000000, 1.000000, -0.074162, -0.041072, -0.996400, 0.101819, -0.996877, -0.024122, 0.075192, 0.008800, -0.027124, 0.998865, -0.039155, -0.001703, 0.000000, 0.000000, 0.000000, 1.000000
-9.9630, 6.2503, 7.4951, 121.1969, 190.2018, 2.7495, 249.5619, 101.8190, 8.8009, -1.7026, 0.589468, 0.807166, 0.031775, 0.006250, -0.807790, 0.588929, 0.025262, 0.007495, 0.001677, -0.040559, 0.999176, 0.121197, 0.000000, 0.000000, 0.000000, 1.000000, 0.001756, -0.040617, 0.999173, 0.190202, -0.589468, -0.807166, -0.031776, 0.002750, 0.807790, -0.588925, -0.025360, 0.249562, 0.000000, 0.000000, 0.000000, 1.000000, -0.074162, -0.041072, -0.996400, 0.101819, -0.996877, -0.024124, 0.075192, 0.008801, -0.027125, 0.998865, -0.039155, -0.001703, 0.000000, 0.000000, 0.000000, 1.000000
-9.9588, 6.2482, 7.4941, 121.2301, 190.2350, 2.7517, 249.5629, 101.8193, 8.8025, -1.7027, 0.589469, 0.807164, 0.031835, 0.006248, -0.807789, 0.588928, 0.025311, 0.007494, 0.001682, -0.040636, 0.999173, 0.121230, 0.000000, 0.000000, 0.000000, 1.000000, 0.001761, -0.040694, 0.999170, 0.190235, -0.589469, -0.807163, -0.031835, 0.002752, 0.807789, -0.588924, -0.025409, 0.249563, 0.000000, 0.000000, 0.000000, 1.000000, -0.074163, -0.041072, -0.996400, 0.101819, -0.996877, -0.024128, 0.075193, 0.008802, -0.027129, 0.998865, -0.039155, -0.001703, 0.000000, 0.000000, 0.000000, 1.000000
-9.9544, 6.2461, 7.4926, 121.2642, 190.2690, 2.7538, 249.5643, 101.8195, 8.8041, -1.7028, 0.589470, 0.807160, 0.031896, 0.006246, -0.807789, 0.588927, 0.025360, 0.007493, 0.001685, -0.040714, 0.999169, 0.121264, 0.000000, 0.000000, 0.000000, 1.000000, 0.001764, -0.040773, 0.999167, 0.190269, -0.589470, -0.807160, -0.031897, 0.002754, 0.807788, -0.588923, -0.025459, 0.249564, 0.000000, 0.000000, 0.000000, 1.000000, -0.074163, -0.041072, -0.996400, 0.101820, -0.996877, -0.024131, 0.075193, 0.008804, -0.027133, 0.998865, -0.039154, -0.001703, 0.000000, 0.000000, 0.000000, 1.000000
-9.9522, 6.2450, 7.4917, 121.2815, 190.2863, 2.7549, 249.5651, 101.8197, 8.8049, -1.7029, 0.589471, 0.807159, 0.031927, 0.006245, -0.807788, 0.588926, 0.025384, 0.007492, 0.001686, -0.040754, 0.999168, 0.121281, 0.000000, 0.000000, 0.000000, 1.000000, 0.001766, -0.040813, 0.999165, 0.190286, -0.589471, -0.807159, -0.031928, 0.002755, 0.807788, -0.588922, -0.025483, 0.249565, 0.000000, 0.000000, 0.000000, 1.000000, -0.074163, -0.041072, -0.996400, 0.101820, -0.996877, -0.024133, 0.075193, 0.008805, -0.027135, 0.998865, -0.039154, -0.001703, 0.000000, 0.000000, 0.000000, 1.000000
-9.9476, 6.2429, 7.4896, 121.3165, 190.3214, 2.7569, 249.5672, 101.8199, 8.8065, -1.7029, 0.589472, 0.807155, 0.031992, 0.006243, -0.807787, 0.588925, 0.025433, 0.007490, 0.001688, -0.040834, 0.999165, 0.121317, 0.000000, 0.000000, 0.000000, 1.000000, 0.001767, -0.040893, 0.999162, 0.190321, -0.589472, -0.807155, -0.031992, 0.002757, 0.807787, -0.588921, -0.025532, 0.249567, 0.000000, 0.000000, 0.000000, 1.000000, -0.074164, -0.041072, -0.996400, 0.101820, -0.996877, -0.024137, 0.075194, 0.008807, -0.027139, 0.998865, -0.039154, -0.001703, 0.000000, 0.000000, 0.000000, 1.000000
-9.9430, 6.2409, 7.4872, 121.3521, 190.3570, 2.7590, 249.5695, 101.8202, 8.8082, -1.7030, 0.589474, 0.807151, 0.032057, 0.006241, -0.807786, 0.588925, 0.025481, 0.007487, 0.001688, -0.040916, 0.999161, 0.121352, 0.000000, 0.000000, 0.000000, 1.000000, 0.001768, -0.040975, 0.999159, 0.190357, -0.589474, -0.807151, -0.032058, 0.002759, 0.807786, -0.588921, -0.025580, 0.249570, 0.000000, 0.000000, 0.000000, 1.000000, -0.074164, -0.041073, -0.996400, 0.101820, -0.996877, -0.024141, 0.075195, 0.008808, -0.027143, 0.998864, -0.039154, -0.001703, 0.000000, 0.000000, 0.000000, 1.000000
-9.9407, 6.2399, 7.4859, 121.3700, 190.3749, 2.7600, 249.5709, 101.8203, 8.8091, -1.7031, 0.589475, 0.807149, 0.032091, 0.006240, -0.807785, 0.588925, 0.025505, 0.007486, 0.001688, -0.040957, 0.999159, 0.121370, 0.000000, 0.000000, 0.000000, 1.000000, 0.001767, -0.041016, 0.999157, 0.190375, -0.589475, -0.807149, -0.032091, 0.002760, 0.807785, -0.588921, -0.025604, 0.249571, 0.000000, 0.000000, 0.000000, 1.000000, -0.074164, -0.041073, -0.996400, 0.101820, -0.996877, -0.024143, 0.075195, 0.008809, -0.027145, 0.998864, -0.039154, -0.001703, 0.000000, 0.000000, 0.000000, 1.000000
-9.9383, 6.2389, 7.4845, 121.3880, 190.3929, 2.7610, 249.5723, 101.8205, 8.8099, -1.7031, 0.589476, 0.807147, 0.032124, 0.006239, -0.807784, 0.588925, 0.025529, 0.007484, 0.001687, -0.040998, 0.999158, 0.121388, 0.000000, 0.000000, 0.000000, 1.000000, 0.001767, -0.041057, 0.999155, 0.190393, -0.589476, -0.807147, -0.032125, 0.002761, 0.807784, -0.588921, -0.025628, 0.249572, 0.000000, 0.000000, 0.000000, 1.000000, -0.074165, -0.041073, -0.996400, 0.101820, -0.996876, -0.024145, 0.075195, 0.008810, -0.027147, 0.998864, -0.039154, -0.001703, 0.000000, 0.000000, 0.000000, 1.000000
-9.9336, 6.2369, 7.4814, 121.4242, 190.4292, 2.7630, 249.5753, 101.8207, 8.8117, -1.7032, 0.589478, 0.807143, 0.032192, 0.006237, -0.807783, 0.588925, 0.025576, 0.007481, 0.001685, -0.041081, 0.999154, 0.121424, 0.000000, 0.000000, 0.000000, 1.000000, 0.001765, -0.041140, 0.999152, 0.190429, -0.589478, -0.807143, -0.032193, 0.002763, 0.807783, -0.588921, -0.025676, 0.249575, 0.000000, 0.000000, 0.000000, 1.000000, -0.074165, -0.041073, -0.996400, 0.101821, -0.996876, -0.024149, 0.075196, 0.008812, -0.027151, 0.998864, -0.039153, -0.001703, 0.000000, 0.000000, 0.000000, 1.000000
-9.9288, 6.2350, 7.4781, 121.4606, 190.4655, 2.7649, 249.5785, 101.8210, 8.8134, -1.7032, 0.589480, 0.807138, 0.032261, 0.006235, -0.807781, 0.588926, 0.025623, 0.007478, 0.001682, -0.041164, 0.999151, 0.121461, 0.000000, 0.000000, 0.000000, 1.000000, 0.001762, -0.041224, 0.999148, 0.190466, -0.589480, -0.807138, -0.032262, 0.002765, 0.807781, -0.588921, -0.025723, 0.249579, 0.000000, 0.000000, 0.000000, 1.000000, -0.074166, -0.041073, -0.996400, 0.101821, -0.996876, -0.024153, 0.075197, 0.008813, -0.027155, 0.998864, -0.039153, -0.001703, 0.000000, 0.000000, 0.000000, 1.000000
-9.9240, 6.2331, 7.4746, 121.4970, 190.5020, 2.7668, 249.5820, 101.8213, 8.8152, -1.7033, 0.589483, 0.807134, 0.032330, 0.006233, -0.807779, 0.588926, 0.025670, 0.007475, 0.001679, -0.041247, 0.999148, 0.121497, 0.000000, 0.000000, 0.000000, 1.000000, 0.001759, -0.041307, 0.999145, 0.190502, -0.589483, -0.807134, -0.032331, 0.002767, 0.807779, -0.588922, -0.025769, 0.249582, 0.000000, 0.000000, 0.000000, 1.000000, -0.074166, -0.041073, -0.996400, 0.101821, -0.996876, -0.024158, 0.075198, 0.008815, -0.027159, 0.998864, -0.039153, -0.001703, 0.000000, 0.000000, 0.000000, 1.000000
-9.9240, 6.2331, 7.4746, 121.4970, 190.5020, 2.7668, 249.5820, 101.8213, 8.8152, -1.7033, 0.589483, 0.807134, 0.032330, 0.006233, -0.807779, 0.588926, 0.025670, 0.007475, 0.001679, -0.041247, 0.999148, 0.121497, 0.000000, 0.000000, 0.000000, 1.000000, 0.001759, -0.041307, 0.999145, 0.190502, -0.589483, -0.807134, -0.032331, 0.002767, 0.807779, -0.588922, -0.025769, 0.249582, 0.000000, 0.000000, 0.000000, 1.000000, -0.074166, -0.041073, -0.996400, 0.101821, -0.996876, -0.024158, 0.075198, 0.008815, -0.027159, 0.998864, -0.039153, -0.001703, 0.000000, 0.000000, 0.000000, 1.000000
-9.9167, 6.2303, 7.4690, 121.5516, 190.5565, 2.7695, 249.5875, 101.8216, 8.8178, -1.7034, 0.589487, 0.807126, 0.032434, 0.006230, -0.807776, 0.588927, 0.025738, 0.007469, 0.001672, -0.041372, 0.999142, 0.121552, 0.000000, 0.000000, 0.000000, 1.000000, 0.001753, -0.041431, 0.999140, 0.190557, -0.589487, -0.807126, -0.032435, 0.002770, 0.807776, -0.588923, -0.025838, 0.249588, 0.000000, 0.000000, 0.000000, 1.000000, -0.074167, -0.041073, -0.996400, 0.101822, -0.996876, -0.024164, 0.075199, 0.008818, -0.027165, 0.998864, -0.039152, -0.001703, 0.000000, 0.000000, 0.000000, 1.000000
-9.9119, 6.2286, 7.4651, 121.5878, 190.5927, 2.7713, 249.5914, 101.8219, 8.8196, -1.7035, 0.589490, 0.807122, 0.032504, 0.006229, -0.807774, 0.588928, 0.025783, 0.007465, 0.001667, -0.041454, 0.999139, 0.121588, 0.000000, 0.000000, 0.000000, 1.000000, 0.001748, -0.041514, 0.999136, 0.190593, -0.589490, -0.807121, -0.032505, 0.002771, 0.807774, -0.588924, -0.025883, 0.249591, 0.000000, 0.000000, 0.000000, 1.000000, -0.074168, -0.041073, -0.996400, 0.101822, -0.996876, -0.024168, 0.075199, 0.008820, -0.027170, 0.998864, -0.039152, -0.001703, 0.000000, 0.000000, 0.000000, 1.000000
-9.9095, 6.2277, 7.4632, 121.6058, 190.6108, 2.7722, 249.5934, 101.8220, 8.8204, -1.7035, 0.589491, 0.807119, 0.032538, 0.006228, -0.807773, 0.588929, 0.025805, 0.007463, 0.001665, -0.041495, 0.999137, 0.121606, 0.000000, 0.000000, 0.000000, 1.000000, 0.001745, -0.041555, 0.999135, 0.190611, -0.589491, -0.807119, -0.032539, 0.002772, 0.807773, -0.588925, -0.025905, 0.249593, 0.000000, 0.000000, 0.000000, 1.000000, -0.074168, -0.041073, -0.996400, 0.101822, -0.996876, -0.024170, 0.075200, 0.008820, -0.027172, 0.998864, -0.039152, -0.001703, 0.000000, 0.000000, 0.000000, 1.000000
-9.9071, 6.2268, 7.4612, 121.6238, 190.6287, 2.7731, 249.5953, 101.8221, 8.8213, -1.7035, 0.589493, 0.807117, 0.032573, 0.006227, -0.807772, 0.588929, 0.025827, 0.007461, 0.001662, -0.041536, 0.999136, 0.121624, 0.000000, 0.000000, 0.000000, 1.000000, 0.001743, -0.041596, 0.999133, 0.190629, -0.589493, -0.807117, -0.032574, 0.002773, 0.807772, -0.588925, -0.025927, 0.249595, 0.000000, 0.000000, 0.000000, 1.000000, -0.074168, -0.041073, -0.996400, 0.101822, -0.996875, -0.024172, 0.075200, 0.008821, -0.027174, 0.998864, -0.039151, -0.001704, 0.000000, 0.000000, 0.000000, 1.000000
-9.9048, 6.2259, 7.4592, 121.6416, 190.6466, 2.7739, 249.5973, 101.8223, 8.8222, -1.7035, 0.589494, 0.807114, 0.032608, 0.006226, -0.807771, 0.588930, 0.025849, 0.007459, 0.001659, -0.041577, 0.999134, 0.121642, 0.000000, 0.000000, 0.000000, 1.000000, 0.001740, -0.041637, 0.999131, 0.190647, -0.589494, -0.807114, -0.032608, 0.002774, 0.807771, -0.588926, -0.025949, 0.249597, 0.000000, 0.000000, 0.000000, 1.000000, -0.074169, -0.041073, -0.996400, 0.101822, -0.996875, -0.024174, 0.075200, 0.008822, -0.027176, 0.998864, -0.039151, -0.001704, 0.000000, 0.000000, 0.000000, 1.000000
-9.8954, 6.2226, 7.4511, 121.7124, 190.7174, 2.7773, 249.6053, 101.8227, 8.8256, -1.7037, 0.589501, 0.807104, 0.032744, 0.006223, -0.807766, 0.588932, 0.025935, 0.007451, 0.001648, -0.041738, 0.999127, 0.121712, 0.000000, 0.000000, 0.000000, 1.000000, 0.001729, -0.041798, 0.999125, 0.190717, -0.589501, -0.807104, -0.032745, 0.002777, 0.807766, -0.588928, -0.026035, 0.249605, 0.000000, 0.000000, 0.000000, 1.000000, -0.074170, -0.041072, -0.996399, 0.101823, -0.996875, -0.024182, 0.075202, 0.008826, -0.027184, 0.998863, -0.039150, -0.001704, 0.000000, 0.000000, 0.000000, 1.000000
-9.8907, 6.2209, 7.4472, 121.7470, 190.7520, 2.7789, 249.6093, 101.8230, 8.8273, -1.7037, 0.589504, 0.807099, 0.032811, 0.006221, -0.807764, 0.588933, 0.025977, 0.007447, 0.001642, -0.041817, 0.999124, 0.121747, 0.000000, 0.000000, 0.000000, 1.000000, 0.001723, -0.041877, 0.999121, 0.190752, -0.589504, -0.807099, -0.032812, 0.002779, 0.807764, -0.588929, -0.026077, 0.249609, 0.000000, 0.000000, 0.000000, 1.000000, -0.074170, -0.041072, -0.996399, 0.101823, -0.996875, -0.024186, 0.075203, 0.008827, -0.027188, 0.998863, -0.039150, -0.001704, 0.000000, 0.000000, 0.000000, 1.000000
-9.8862, 6.2194, 7.4432, 121.7810, 190.7860, 2.7805, 249.6132, 101.8232, 8.8290, -1.7038, 0.589507, 0.807094, 0.032877, 0.006219, -0.807762, 0.588935, 0.026018, 0.007443, 0.001637, -0.041895, 0.999121, 0.121781, 0.000000, 0.000000, 0.000000, 1.000000, 0.001718, -0.041955, 0.999118, 0.190786, -0.589507, -0.807094, -0.032878, 0.002781, 0.807762, -0.588930, -0.026119, 0.249613, 0.000000, 0.000000, 0.000000, 1.000000, -0.074171, -0.041072, -0.996399, 0.101823, -0.996875, -0.024190, 0.075203, 0.008829, -0.027192, 0.998863, -0.039150, -0.001704, 0.000000, 0.000000, 0.000000, 1.000000
-9.8840, 6.2186, 7.4413, 121.7978, 190.8028, 2.7813, 249.6151, 101.8233, 8.8298, -1.7038, 0.589508, 0.807092, 0.032910, 0.006219, -0.807761, 0.588935, 0.026039, 0.007441, 0.001634, -0.041933, 0.999119, 0.121798, 0.000000, 0.000000, 0.000000, 1.000000, 0.001715, -0.041993, 0.999116, 0.190803, -0.589508, -0.807092, -0.032910, 0.002781, 0.807761, -0.588931, -0.026139, 0.249615, 0.000000, 0.000000, 0.000000, 1.000000, -0.074171, -0.041072, -0.996399, 0.101823, -0.996875, -0.024192, 0.075204, 0.008830, -0.027194, 0.998863, -0.039149, -0.001704, 0.000000, 0.000000, 0.000000, 1.000000
-9.8796, 6.2170, 7.4375, 121.8309, 190.8359, 2.7828, 249.6189, 101.8235, 8.8314, -1.7038, 0.589511, 0.807087, 0.032974, 0.006217, -0.807759, 0.588936, 0.026079, 0.007438, 0.001629, -0.042009, 0.999116, 0.121831, 0.000000, 0.000000, 0.000000, 1.000000, 0.001709, -0.042069, 0.999113, 0.190836, -0.589511, -0.807087, -0.032974, 0.002783, 0.807758, -0.588932, -0.026180, 0.249619, 0.000000, 0.000000, 0.000000, 1.000000, -0.074172, -0.041072, -0.996399, 0.101824, -0.996875, -0.024196, 0.075204, 0.008831, -0.027198, 0.998863, -0.039149, -0.001704, 0.000000, 0.000000, 0.000000, 1.000000
-9.8774, 6.2163, 7.4357, 121.8472, 190.8522, 2.7836, 249.6208, 101.8236, 8.8322, -1.7039, 0.589513, 0.807085, 0.033005, 0.006216, -0.807757, 0.588937, 0.026099, 0.007436, 0.001626, -0.042046, 0.999114, 0.121847, 0.000000, 0.000000, 0.000000, 1.000000, 0.001707, -0.042106, 0.999112, 0.190852, -0.589513, -0.807084, -0.033006, 0.002784, 0.807757, -0.588933, -0.026199, 0.249621, 0.000000, 0.000000, 0.000000, 1.000000, -0.074172, -0.041072, -0.996399, 0.101824, -0.996874, -0.024198, 0.075205, 0.008832, -0.027200, 0.998863, -0.039149, -0.001704, 0.000000, 0.000000, 0.000000, 1.000000
-9.8731, 6.2148, 7.4320, 121.8795, 190.8845, 2.7851, 249.6244, 101.8238, 8.8338, -1.7039, 0.589516, 0.807080, 0.033068, 0.006215, -0.807755, 0.588938, 0.026138, 0.007432, 0.001621, -0.042119, 0.999111, 0.121879, 0.000000, 0.000000, 0.000000, 1.000000, 0.001702, -0.042179, 0.999109, 0.190884, -0.589516, -0.807080, -0.033068, 0.002785, 0.807755, -0.588934, -0.026239, 0.249624, 0.000000, 0.000000, 0.000000, 1.000000, -0.074172, -0.041072, -0.996399, 0.101824, -0.996874, -0.024202, 0.075205, 0.008834, -0.027203, 0.998863, -0.039149, -0.001704, 0.000000, 0.000000, 0.000000, 1.000000
-9.8710, 6.2140, 7.4303, 121.8954, 190.9004, 2.7859, 249.6262, 101.8239, 8.8346, -1.7039, 0.589517, 0.807078, 0.033098, 0.006214, -0.807754, 0.588939, 0.026158, 0.007430, 0.001619, -0.042156, 0.999110, 0.121895, 0.000000, 0.000000, 0.000000, 1.000000, 0.001699, -0.042216, 0.999107, 0.190900, -0.589517, -0.807078, -0.033099, 0.002786, 0.807754, -0.588934, -0.026258, 0.249626, 0.000000, 0.000000, 0.000000, 1.000000, -0.074173, -0.041072, -0.996399, 0.101824, -0.996874, -0.024204, 0.075206, 0.008835, -0.027205, 0.998863, -0.039148, -0.001704, 0.000000, 0.000000, 0.000000, 1.000000
-9.8668, 6.2125, 7.4268, 121.9268, 190.9318, 2.7873, 249.6296, 101.8242, 8.8361, -1.7040, 0.589520, 0.807073, 0.033159, 0.006213, -0.807752, 0.588940, 0.026197, 0.007427, 0.001614, -0.042228, 0.999107, 0.121927, 0.000000, 0.000000, 0.000000, 1.000000, 0.001695, -0.042287, 0.999104, 0.190932, -0.589520, -0.807073, -0.033160, 0.002787, 0.807752, -0.588935, -0.026297, 0.249630, 0.000000, 0.000000, 0.000000, 1.000000, -0.074173, -0.041072, -0.996399, 0.101824, -0.996874, -0.024207, 0.075206, 0.008836, -0.027209, 0.998863, -0.039148, -0.001704, 0.000000, 0.000000, 0.000000, 1.000000
-9.8627, 6.2110, 7.4235, 121.9578, 190.9628, 2.7888, 249.6329, 101.8244, 8.8376, -1.7040, 0.589522, 0.807069, 0.033218, 0.006211, -0.807750, 0.588941, 0.026235, 0.007424, 0.001610, -0.042298, 0.999104, 0.121958, 0.000000, 0.000000, 0.000000, 1.000000, 0.001691, -0.042358, 0.999101, 0.190963, -0.589522, -0.807069, -0.033219, 0.002789, 0.807750, -0.588936, -0.026336, 0.249633, 0.000000, 0.000000, 0.000000, 1.000000, -0.074174, -0.041072, -0.996399, 0.101824, -0.996874, -0.024211, 0.075207, 0.008838, -0.027213, 0.998863, -0.039148, -0.001704, 0.000000, 0.000000, 0.000000, 1.000000
-9.8627, 6.2110, 7.4235, 121.9578, 190.9628, 2.7888, 249.6329, 101.8244, 8.8376, -1.7040, 0.589522, 0.807069, 0.033218, 0.006211, -0.807750, 0.588941, 0.026235, 0.007424, 0.001610, -0.042298, 0.999104, 0.121958, 0.000000, 0.000000, 0.000000, 1.000000, 0.001691, -0.042358, 0.999101, 0.190963, -0.589522, -0.807069, -0.033219, 0.002789, 0.807750, -0.588936, -0.026336, 0.249633, 0.000000, 0.000000, 0.000000, 1.000000, -0.074174, -0.041072, -0.996399, 0.101824, -0.996874, -0.024211, 0.075207, 0.008838, -0.027213, 0.998863, -0.039148, -0.001704, 0.000000, 0.000000, 0.000000, 1.000000
-9.8587, 6.2096, 7.4204, 121.9883, 190.9933, 2.7903, 249.6361, 101.8246, 8.8391, -1.7041, 0.589525, 0.807064, 0.033277, 0.006210, -0.807748, 0.588942, 0.026273, 0.007420, 0.001606, -0.042368, 0.999101, 0.121988, 0.000000, 0.000000, 0.000000, 1.000000, 0.001687, -0.042428, 0.999098, 0.190993, -0.589525, -0.807064, -0.033278, 0.002790, 0.807748, -0.588937, -0.026374, 0.249636, 0.000000, 0.000000, 0.000000, 1.000000, -0.074174, -0.041072, -0.996399, 0.101825, -0.996874, -0.024214, 0.075208, 0.008839, -0.027216, 0.998863, -0.039147, -0.001704, 0.000000, 0.000000, 0.000000, 1.000000
-9.8547, 6.2081, 7.4174, 122.0184, 191.0234, 2.7917, 249.6391, 101.8248, 8.8405, -1.7041, 0.589528, 0.807060, 0.033334, 0.006208, -0.807747, 0.588942, 0.026311, 0.007417, 0.001603, -0.042437, 0.999098, 0.122018, 0.000000, 0.000000, 0.000000, 1.000000, 0.001684, -0.042497, 0.999095, 0.191023, -0.589528, -0.807060, -0.033335, 0.002792, 0.807747, -0.588938, -0.026412, 0.249639, 0.000000, 0.000000, 0.000000, 1.000000, -0.074175, -0.041072, -0.996399, 0.101825, -0.996874, -0.024218, 0.075208, 0.008841, -0.027220, 0.998863, -0.039147, -0.001704, 0.000000, 0.000000, 0.000000, 1.000000
-9.8508, 6.2067, 7.4145, 122.0481, 191.0531, 2.7932, 249.6420, 101.8250, 8.8420, -1.7042, 0.589530, 0.807056, 0.033391, 0.006207, -0.807745, 0.588943, 0.026349, 0.007414, 0.001600, -0.042505, 0.999095, 0.122048, 0.000000, 0.000000, 0.000000, 1.000000, 0.001681, -0.042565, 0.999092, 0.191053, -0.589530, -0.807056, -0.033392, 0.002793, 0.807745, -0.588939, -0.026449, 0.249642, 0.000000, 0.000000, 0.000000, 1.000000, -0.074175, -0.041072, -0.996399, 0.101825, -0.996874, -0.024221, 0.075209, 0.008842, -0.027223, 0.998863, -0.039147, -0.001704, 0.000000, 0.000000, 0.000000, 1.000000
-9.8469, 6.2052, 7.4118, 122.0775, 191.0825, 2.7947, 249.6447, 101.8252, 8.8434, -1.7042, 0.589532, 0.807052, 0.033447, 0.006205, -0.807743, 0.588944, 0.026387, 0.007412, 0.001597, -0.042572, 0.999092, 0.122078, 0.000000, 0.000000, 0.000000, 1.000000, 0.001678, -0.042632, 0.999089, 0.191083, -0.589532, -0.807052, -0.033447, 0.002795, 0.807743, -0.588939, -0.026487, 0.249645, 0.000000, 0.000000, 0.000000, 1.000000, -0.074175, -0.041072, -0.996399, 0.101825, -0.996873, -0.024225, 0.075209, 0.008843, -0.027226, 0.998862, -0.039146, -0.001704, 0.000000, 0.000000, 0.000000, 1.000000
-9.8450, 6.2045, 7.4104, 122.0921, 191.0971, 2.7954, 249.6461, 101.8253, 8.8441, -1.7043, 0.589533, 0.807050, 0.033474, 0.006204, -0.807742, 0.588944, 0.026406, 0.007410, 0.001596, -0.042606, 0.999091, 0.122092, 0.000000, 0.000000, 0.000000, 1.000000, 0.001677, -0.042665, 0.999088, 0.191097, -0.589533, -0.807050, -0.033475, 0.002795, 0.807742, -0.588940, -0.026506, 0.249646, 0.000000, 0.000000, 0.000000, 1.000000, -0.074176, -0.041072, -0.996399, 0.101825, -0.996873, -0.024226, 0.075210, 0.008844, -0.027228, 0.998862, -0.039146, -0.001704, 0.000000, 0.000000, 0.000000, 1.000000
-9.8412, 6.2030, 7.4079, 122.1212, 191.1261, 2.7969, 249.6486, 101.8255, 8.8455, -1.7043, 0.589535, 0.807046, 0.033529, 0.006203, -0.807741, 0.588944, 0.026444, 0.007408, 0.001595, -0.042672, 0.999088, 0.122121, 0.000000, 0.000000, 0.000000, 1.000000, 0.001675, -0.042732, 0.999085, 0.191126, -0.589535, -0.807046, -0.033530, 0.002797, 0.807741, -0.588940, -0.026544, 0.249649, 0.000000, 0.000000, 0.000000, 1.000000, -0.074176, -0.041072, -0.996399, 0.101826, -0.996873, -0.024230, 0.075210, 0.008845, -0.027231, 0.998862, -0.039146, -0.001704, 0.000000, 0.000000, 0.000000, 1.000000
-9.8412, 6.2030, 7.4079, 122.1212, 191.1261, 2.7969, 249.6486, 101.8255, 8.8455, -1.7043, 0.589535, 0.807046, 0.033529, 0.006203, -0.807741, 0.588944, 0.026444, 0.007408, 0.001595, -0.042672, 0.999088, 0.122121, 0.000000, 0.000000, 0.000000, 1.000000, 0.001675, -0.042732, 0.999085, 0.191126, -0.589535, -0.807046, -0.033530, 0.002797, 0.807741, -0.588940, -0.026544, 0.249649, 0.000000, 0.000000, 0.000000, 1.000000, -0.074176, -0.041072, -0.996399, 0.101826, -0.996873, -0.024230, 0.075210, 0.008845, -0.027231, 0.998862, -0.039146, -0.001704, 0.000000, 0.000000, 0.000000, 1.000000
-9.8355, 6.2007, 7.4043, 122.1645, 191.1694, 2.7991, 249.6522, 101.8258, 8.8475, -1.7044, 0.589538, 0.807041, 0.033610, 0.006201, -0.807739, 0.588945, 0.026500, 0.007404, 0.001593, -0.042771, 0.999084, 0.122164, 0.000000, 0.000000, 0.000000, 1.000000, 0.001673, -0.042831, 0.999081, 0.191169, -0.589538, -0.807041, -0.033611, 0.002799, 0.807739, -0.588940, -0.026600, 0.249652, 0.000000, 0.000000, 0.000000, 1.000000, -0.074177, -0.041072, -0.996399, 0.101826, -0.996873, -0.024234, 0.075211, 0.008848, -0.027236, 0.998862, -0.039146, -0.001704, 0.000000, 0.000000, 0.000000, 1.000000
-9.8355, 6.2007, 7.4043, 122.1645, 191.1694, 2.7991, 249.6522, 101.8258, 8.8475, -1.7044, 0.589538, 0.807041, 0.033610, 0.006201, -0.807739, 0.588945, 0.026500, 0.007404, 0.001593, -0.042771, 0.999084, 0.122164, 0.000000, 0.000000, 0.000000, 1.000000, 0.001673, -0.042831, 0.999081, 0.191169, -0.589538, -0.807041, -0.033611, 0.002799, 0.807739, -0.588940, -0.026600, 0.249652, 0.000000, 0.000000, 0.000000, 1.000000, -0.074177, -0.041072, -0.996399, 0.101826, -0.996873, -0.024234, 0.075211, 0.008848, -0.027236, 0.998862, -0.039146, -0.001704, 0.000000, 0.000000, 0.000000, 1.000000
-9.8299, 6.1985, 7.4010, 122.2075, 191.2125, 2.8014, 249.6555, 101.8261, 8.8496, -1.7045, 0.589541, 0.807035, 0.033690, 0.006198, -0.807737, 0.588945, 0.026558, 0.007401, 0.001591, -0.042870, 0.999079, 0.122208, 0.000000, 0.000000, 0.000000, 1.000000, 0.001671, -0.042929, 0.999077, 0.191212, -0.589541, -0.807035, -0.033691, 0.002801, 0.807737, -0.588941, -0.026657, 0.249656, 0.000000, 0.000000, 0.000000, 1.000000, -0.074177, -0.041072, -0.996399, 0.101826, -0.996873, -0.024239, 0.075212, 0.008850, -0.027241, 0.998862, -0.039145, -0.001704, 0.000000, 0.000000, 0.000000, 1.000000
-9.8261, 6.1965, 7.4009, 122.2373, 191.2422, 2.8033, 249.6557, 101.8264, 8.8510, -1.7046, 0.589541, 0.807033, 0.033742, 0.006197, -0.807737, 0.588943, 0.026604, 0.007401, 0.001598, -0.042939, 0.999076, 0.122237, 0.000000, 0.000000, 0.000000, 1.000000, 0.001678, -0.042998, 0.999074, 0.191242, -0.589541, -0.807033, -0.033743, 0.002803, 0.807736, -0.588939, -0.026704, 0.249656, 0.000000, 0.000000, 0.000000, 1.000000, -0.074178, -0.041072, -0.996399, 0.101826, -0.996873, -0.024242, 0.075212, 0.008851, -0.027244, 0.998862, -0.039145, -0.001705, 0.000000, 0.000000, 0.000000, 1.000000
-9.8243, 6.1949, 7.4037, 122.2537, 191.2587, 2.8050, 249.6528, 101.8266, 8.8516, -1.7046, 0.589539, 0.807034, 0.033766, 0.006195, -0.807738, 0.588939, 0.026639, 0.007404, 0.001612, -0.042979, 0.999075, 0.122254, 0.000000, 0.000000, 0.000000, 1.000000, 0.001693, -0.043039, 0.999072, 0.191259, -0.589539, -0.807034, -0.033767, 0.002805, 0.807738, -0.588935, -0.026739, 0.249653, 0.000000, 0.000000, 0.000000, 1.000000, -0.074178, -0.041072, -0.996399, 0.101827, -0.996873, -0.024244, 0.075212, 0.008852, -0.027246, 0.998862, -0.039146, -0.001705, 0.000000, 0.000000, 0.000000, 1.000000
