# Joint_A_Angle(deg), Cam_X(mm), Cam_Y(mm), Cam_Z(mm), Torso_X(mm), Torso_Y(mm), Torso_Z(mm), EE_X(mm), EE_Y(mm), EE_Z(mm), T_cam2marker_flat(16), T_torso2marker_flat(16), T_ee2marker_flat(16)
-20.0013, -79.2091, 17.6048, 451.5204, 520.5228, 88.2087, 239.4382, 118.1060, 26.8800, -6.3326, 0.289319, 0.845653, 0.448515, -0.079209, -0.949495, 0.312984, 0.022366, 0.017605, -0.121464, -0.432334, 0.893495, 0.451520, 0.000000, 0.000000, 0.000000, 1.000000, -0.121406, -0.432354, 0.893493, 0.520523, -0.289319, -0.845652, -0.448516, 0.088209, 0.949502, -0.312958, -0.022421, 0.239438, 0.000000, 0.000000, 0.000000, 1.000000, -0.032495, -0.065705, -0.997310, 0.118106, -0.997417, -0.061822, 0.036571, 0.026880, -0.064059, 0.995922, -0.063526, -0.006333, 0.000000, 0.000000, 0.000000, 1.000000
-20.0013, -79.2091, 17.6044, 451.5202, 520.5227, 88.2087, 239.4387, 118.1060, 26.8800, -6.3326, 0.289319, 0.845652, 0.448515, -0.079209, -0.949495, 0.312984, 0.022366, 0.017604, -0.121465, -0.432334, 0.893495, 0.451520, 0.000000, 0.000000, 0.000000, 1.000000, -0.121407, -0.432354, 0.893493, 0.520523, -0.289319, -0.845652, -0.448516, 0.088209, 0.949502, -0.312958, -0.022420, 0.239439, 0.000000, 0.000000, 0.000000, 1.000000, -0.032495, -0.065705, -0.997310, 0.118106, -0.997417, -0.061822, 0.036571, 0.026880, -0.064059, 0.995922, -0.063526, -0.006333, 0.000000, 0.000000, 0.000000, 1.000000
-20.0013, -79.2090, 17.6030, 451.5199, 520.5223, 88.2087, 239.4400, 118.1060, 26.8800, -6.3326, 0.289320, 0.845652, 0.448515, -0.079209, -0.949494, 0.312986, 0.022363, 0.017603, -0.121467, -0.432333, 0.893495, 0.451520, 0.000000, 0.000000, 0.000000, 1.000000, -0.121410, -0.432353, 0.893494, 0.520522, -0.289320, -0.845652, -0.448516, 0.088209, 0.949502, -0.312960, -0.022418, 0.239440, 0.000000, 0.000000, 0.000000, 1.000000, -0.032495, -0.065705, -0.997310, 0.118106, -0.997417, -0.061822, 0.036571, 0.026880, -0.064059, 0.995922, -0.063526, -0.006333, 0.000000, 0.000000, 0.000000, 1.000000
-20.0013, -79.2094, 17.6076, 451.5211, 520.5235, 88.2090, 239.4354, 118.1060, 26.8800, -6.3326, 0.289318, 0.845653, 0.448515, -0.079209, -0.949496, 0.312980, 0.022371, 0.017608, -0.121459, -0.432336, 0.893495, 0.451521, 0.000000, 0.000000, 0.000000, 1.000000, -0.121401, -0.432356, 0.893493, 0.520524, -0.289318, -0.845653, -0.448516, 0.088209, 0.949504, -0.312954, -0.022425, 0.239435, 0.000000, 0.000000, 0.000000, 1.000000, -0.032495, -0.065705, -0.997310, 0.118106, -0.997417, -0.061822, 0.036571, 0.026880, -0.064059, 0.995922, -0.063526, -0.006333, 0.000000, 0.000000, 0.000000, 1.000000
-20.0013, -79.2101, 17.6174, 451.5236, 520.5261, 88.2097, 239.4253, 118.1060, 26.8800, -6.3326, 0.289314, 0.845655, 0.448515, -0.079210, -0.949500, 0.312968, 0.022386, 0.017617, -0.121440, -0.432342, 0.893495, 0.451524, 0.000000, 0.000000, 0.000000, 1.000000, -0.121382, -0.432362, 0.893493, 0.520526, -0.289313, -0.845654, -0.448516, 0.088210, 0.949507, -0.312941, -0.022441, 0.239425, 0.000000, 0.000000, 0.000000, 1.000000, -0.032494, -0.065704, -0.997310, 0.118106, -0.997417, -0.061822, 0.036571, 0.026880, -0.064059, 0.995922, -0.063526, -0.006333, 0.000000, 0.000000, 0.000000, 1.000000
-20.0013, -79.2104, 17.6217, 451.5248, 520.5273, 88.2100, 239.4209, 118.1059, 26.8800, -6.3326, 0.289312, 0.845655, 0.448515, -0.079210, -0.949501, 0.312962, 0.022393, 0.017622, -0.121432, -0.432344, 0.893495, 0.451525, 0.000000, 0.000000, 0.000000, 1.000000, -0.121374, -0.432364, 0.893493, 0.520527, -0.289312, -0.845655, -0.448516, 0.088210, 0.949509, -0.312936, -0.022448, 0.239421, 0.000000, 0.000000, 0.000000, 1.000000, -0.032494, -0.065704, -0.997310, 0.118106, -0.997417, -0.061822, 0.036571, 0.026880, -0.064059, 0.995922, -0.063526, -0.006333, 0.000000, 0.000000, 0.000000, 1.000000
-20.0013, -79.2106, 17.6257, 451.5258, 520.5283, 88.2103, 239.4168, 118.1059, 26.8800, -6.3327, 0.289310, 0.845656, 0.448515, -0.079211, -0.949503, 0.312957, 0.022399, 0.017626, -0.121425, -0.432347, 0.893494, 0.451526, 0.000000, 0.000000, 0.000000, 1.000000, -0.121366, -0.432367, 0.893493, 0.520528, -0.289310, -0.845656, -0.448516, 0.088210, 0.949511, -0.312931, -0.022454, 0.239417, 0.000000, 0.000000, 0.000000, 1.000000, -0.032494, -0.065704, -0.997310, 0.118106, -0.997417, -0.061822, 0.036571, 0.026880, -0.064059, 0.995922, -0.063526, -0.006333, 0.000000, 0.000000, 0.000000, 1.000000
-20.0012, -79.2111, 17.6326, 451.5276, 520.5301, 88.2108, 239.4098, 118.1059, 26.8800, -6.3327, 0.289306, 0.845657, 0.448515, -0.079211, -0.949506, 0.312948, 0.022409, 0.017633, -0.121412, -0.432351, 0.893494, 0.451528, 0.000000, 0.000000, 0.000000, 1.000000, -0.121353, -0.432371, 0.893492, 0.520530, -0.289306, -0.845657, -0.448516, 0.088211, 0.949513, -0.312921, -0.022464, 0.239410, 0.000000, 0.000000, 0.000000, 1.000000, -0.032494, -0.065704, -0.997310, 0.118106, -0.997417, -0.061822, 0.036570, 0.026880, -0.064059, 0.995922, -0.063526, -0.006333, 0.000000, 0.000000, 0.000000, 1.000000
-20.0010, -79.2119, 17.6403, 451.5296, 520.5321, 88.2115, 239.4018, 118.1060, 26.8799, -6.3328, 0.289299, 0.845659, 0.448516, -0.079212, -0.949510, 0.312936, 0.022417, 0.017640, -0.121400, -0.432356, 0.893494, 0.451530, 0.000000, 0.000000, 0.000000, 1.000000, -0.121340, -0.432376, 0.893492, 0.520532, -0.289299, -0.845659, -0.448517, 0.088211, 0.949517, -0.312909, -0.022473, 0.239402, 0.000000, 0.000000, 0.000000, 1.000000, -0.032494, -0.065705, -0.997310, 0.118106, -0.997417, -0.061822, 0.036570, 0.026880, -0.064059, 0.995922, -0.063526, -0.006333, 0.000000, 0.000000, 0.000000, 1.000000
-20.0008, -79.2126, 17.6488, 451.5318, 520.5343, 88.2122, 239.3932, 118.1060, 26.8799, -6.3328, 0.289293, 0.845661, 0.448517, -0.079213, -0.949513, 0.312924, 0.022428, 0.017649, -0.121385, -0.432361, 0.893493, 0.451532, 0.000000, 0.000000, 0.000000, 1.000000, -0.121326, -0.432381, 0.893491, 0.520534, -0.289292, -0.845661, -0.448517, 0.088212, 0.949521, -0.312897, -0.022484, 0.239393, 0.000000, 0.000000, 0.000000, 1.000000, -0.032493, -0.065705, -0.997310, 0.118106, -0.997417, -0.061822, 0.036570, 0.026880, -0.064059, 0.995922, -0.063526, -0.006333, 0.000000, 0.000000, 0.000000, 1.000000
-20.0002, -79.2140, 17.6646, 451.5357, 520.5383, 88.2136, 239.3771, 118.1061, 26.8797, -6.3330, 0.289278, 0.845665, 0.448518, -0.079214, -0.949521, 0.312900, 0.022445, 0.017665, -0.121361, -0.432370, 0.893492, 0.451536, 0.000000, 0.000000, 0.000000, 1.000000, -0.121300, -0.432391, 0.893490, 0.520538, -0.289278, -0.845665, -0.448519, 0.088214, 0.949529, -0.312872, -0.022501, 0.239377, 0.000000, 0.000000, 0.000000, 1.000000, -0.032493, -0.065705, -0.997310, 0.118106, -0.997417, -0.061822, 0.036569, 0.026880, -0.064059, 0.995922, -0.063526, -0.006333, 0.000000, 0.000000, 0.000000, 1.000000
-19.9999, -79.2147, 17.6718, 451.5375, 520.5401, 88.2143, 239.3697, 118.1062, 26.8796, -6.3331, 0.289269, 0.845668, 0.448519, -0.079215, -0.949525, 0.312888, 0.022450, 0.017672, -0.121351, -0.432374, 0.893491, 0.451537, 0.000000, 0.000000, 0.000000, 1.000000, -0.121290, -0.432395, 0.893489, 0.520540, -0.289269, -0.845667, -0.448520, 0.088214, 0.949533, -0.312860, -0.022507, 0.239370, 0.000000, 0.000000, 0.000000, 1.000000, -0.032493, -0.065705, -0.997310, 0.118106, -0.997417, -0.061822, 0.036569, 0.026880, -0.064059, 0.995922, -0.063527, -0.006333, 0.000000, 0.000000, 0.000000, 1.000000
-19.9989, -79.2162, 17.6850, 451.5406, 520.5432, 88.2159, 239.3562, 118.1064, 26.8793, -6.3333, 0.289249, 0.845673, 0.448523, -0.079216, -0.949533, 0.312863, 0.022456, 0.017685, -0.121336, -0.432382, 0.893489, 0.451541, 0.000000, 0.000000, 0.000000, 1.000000, -0.121275, -0.432403, 0.893487, 0.520543, -0.289249, -0.845672, -0.448523, 0.088216, 0.949541, -0.312835, -0.022513, 0.239356, 0.000000, 0.000000, 0.000000, 1.000000, -0.032492, -0.065706, -0.997310, 0.118106, -0.997417, -0.061822, 0.036569, 0.026879, -0.064058, 0.995922, -0.063527, -0.006333, 0.000000, 0.000000, 0.000000, 1.000000
-19.9975, -79.2179, 17.6967, 451.5433, 520.5459, 88.2175, 239.3442, 118.1068, 26.8788, -6.3336, 0.289223, 0.845679, 0.448528, -0.079218, -0.949542, 0.312836, 0.022452, 0.017697, -0.121328, -0.432389, 0.893487, 0.451543, 0.000000, 0.000000, 0.000000, 1.000000, -0.121266, -0.432410, 0.893485, 0.520546, -0.289223, -0.845679, -0.448528, 0.088218, 0.949550, -0.312808, -0.022511, 0.239344, 0.000000, 0.000000, 0.000000, 1.000000, -0.032491, -0.065706, -0.997310, 0.118107, -0.997417, -0.061822, 0.036568, 0.026879, -0.064058, 0.995922, -0.063528, -0.006334, 0.000000, 0.000000, 0.000000, 1.000000
-19.9967, -79.2188, 17.7021, 451.5444, 520.5470, 88.2184, 239.3387, 118.1071, 26.8786, -6.3338, 0.289208, 0.845683, 0.448530, -0.079219, -0.949547, 0.312822, 0.022448, 0.017702, -0.121326, -0.432393, 0.893486, 0.451544, 0.000000, 0.000000, 0.000000, 1.000000, -0.121264, -0.432414, 0.893484, 0.520547, -0.289208, -0.845682, -0.448531, 0.088218, 0.949555, -0.312793, -0.022506, 0.239339, 0.000000, 0.000000, 0.000000, 1.000000, -0.032491, -0.065707, -0.997310, 0.118107, -0.997417, -0.061821, 0.036568, 0.026879, -0.064058, 0.995922, -0.063528, -0.006334, 0.000000, 0.000000, 0.000000, 1.000000
-19.9946, -79.2208, 17.7119, 451.5463, 520.5489, 88.2204, 239.3285, 118.1077, 26.8779, -6.3342, 0.289172, 0.845691, 0.448538, -0.079221, -0.949557, 0.312791, 0.022431, 0.017712, -0.121329, -0.432398, 0.893482, 0.451546, 0.000000, 0.000000, 0.000000, 1.000000, -0.121266, -0.432420, 0.893481, 0.520549, -0.289172, -0.845691, -0.448538, 0.088220, 0.949565, -0.312763, -0.022490, 0.239329, 0.000000, 0.000000, 0.000000, 1.000000, -0.032490, -0.065708, -0.997310, 0.118108, -0.997417, -0.061821, 0.036567, 0.026878, -0.064057, 0.995922, -0.063530, -0.006334, 0.000000, 0.000000, 0.000000, 1.000000
-19.9934, -79.2219, 17.7165, 451.5470, 520.5497, 88.2215, 239.3238, 118.1080, 26.8776, -6.3344, 0.289152, 0.845696, 0.448542, -0.079222, -0.949563, 0.312775, 0.022419, 0.017717, -0.121333, -0.432401, 0.893481, 0.451547, 0.000000, 0.000000, 0.000000, 1.000000, -0.121270, -0.432422, 0.893479, 0.520550, -0.289152, -0.845695, -0.448542, 0.088221, 0.949571, -0.312746, -0.022478, 0.239324, 0.000000, 0.000000, 0.000000, 1.000000, -0.032490, -0.065709, -0.997310, 0.118108, -0.997417, -0.061820, 0.036566, 0.026878, -0.064057, 0.995922, -0.063530, -0.006334, 0.000000, 0.000000, 0.000000, 1.000000
-19.9906, -79.2242, 17.7251, 451.5483, 520.5510, 88.2239, 239.3149, 118.1089, 26.8767, -6.3350, 0.289106, 0.845706, 0.448552, -0.079224, -0.949575, 0.312739, 0.022388, 0.017725, -0.121346, -0.432406, 0.893476, 0.451548, 0.000000, 0.000000, 0.000000, 1.000000, -0.121282, -0.432428, 0.893475, 0.520551, -0.289106, -0.845706, -0.448552, 0.088224, 0.949583, -0.312710, -0.022448, 0.239315, 0.000000, 0.000000, 0.000000, 1.000000, -0.032489, -0.065710, -0.997310, 0.118109, -0.997417, -0.061819, 0.036565, 0.026877, -0.064056, 0.995922, -0.063532, -0.006335, 0.000000, 0.000000, 0.000000, 1.000000
-19.9872, -79.2269, 17.7331, 451.5493, 520.5520, 88.2265, 239.3067, 118.1100, 26.8757, -6.3356, 0.289051, 0.845719, 0.448563, -0.079227, -0.949589, 0.312699, 0.022348, 0.017733, -0.121366, -0.432411, 0.893472, 0.451549, 0.000000, 0.000000, 0.000000, 1.000000, -0.121302, -0.432432, 0.893470, 0.520552, -0.289051, -0.845718, -0.448564, 0.088227, 0.949597, -0.312670, -0.022408, 0.239307, 0.000000, 0.000000, 0.000000, 1.000000, -0.032487, -0.065712, -0.997310, 0.118110, -0.997417, -0.061818, 0.036564, 0.026876, -0.064054, 0.995922, -0.063534, -0.006336, 0.000000, 0.000000, 0.000000, 1.000000
-19.9853, -79.2283, 17.7369, 451.5496, 520.5524, 88.2280, 239.3027, 118.1106, 26.8751, -6.3360, 0.289021, 0.845725, 0.448570, -0.079228, -0.949597, 0.312678, 0.022324, 0.017737, -0.121378, -0.432413, 0.893469, 0.451550, 0.000000, 0.000000, 0.000000, 1.000000, -0.121314, -0.432435, 0.893467, 0.520552, -0.289021, -0.845725, -0.448571, 0.088228, 0.949605, -0.312649, -0.022385, 0.239303, 0.000000, 0.000000, 0.000000, 1.000000, -0.032487, -0.065713, -0.997310, 0.118111, -0.997418, -0.061817, 0.036563, 0.026875, -0.064054, 0.995922, -0.063535, -0.006336, 0.000000, 0.000000, 0.000000, 1.000000
-19.9811, -79.2315, 17.7445, 451.5502, 520.5529, 88.2311, 239.2949, 118.1119, 26.8738, -6.3368, 0.288954, 0.845740, 0.448585, -0.079231, -0.949613, 0.312632, 0.022269, 0.017744, -0.121408, -0.432417, 0.893463, 0.451550, 0.000000, 0.000000, 0.000000, 1.000000, -0.121343, -0.432439, 0.893461, 0.520553, -0.288954, -0.845740, -0.448586, 0.088231, 0.949622, -0.312602, -0.022330, 0.239295, 0.000000, 0.000000, 0.000000, 1.000000, -0.032485, -0.065716, -0.997309, 0.118112, -0.997418, -0.061816, 0.036562, 0.026874, -0.064052, 0.995922, -0.063538, -0.006337, 0.000000, 0.000000, 0.000000, 1.000000
-19.9737, -79.2368, 17.7556, 451.5505, 520.5533, 88.2364, 239.2834, 118.1143, 26.8715, -6.3381, 0.288838, 0.845766, 0.448611, -0.079237, -0.949642, 0.312553, 0.022171, 0.017756, -0.121464, -0.432423, 0.893452, 0.451551, 0.000000, 0.000000, 0.000000, 1.000000, -0.121398, -0.432446, 0.893450, 0.520553, -0.288838, -0.845766, -0.448612, 0.088236, 0.949650, -0.312523, -0.022232, 0.239283, 0.000000, 0.000000, 0.000000, 1.000000, -0.032483, -0.065720, -0.997309, 0.118114, -0.997418, -0.061813, 0.036559, 0.026872, -0.064049, 0.995922, -0.063542, -0.006338, 0.000000, 0.000000, 0.000000, 1.000000
-19.9681, -79.2408, 17.7631, 451.5506, 520.5534, 88.2404, 239.2757, 118.1160, 26.8698, -6.3392, 0.288751, 0.845786, 0.448631, -0.079241, -0.949662, 0.312495, 0.022095, 0.017763, -0.121508, -0.432427, 0.893444, 0.451551, 0.000000, 0.000000, 0.000000, 1.000000, -0.121442, -0.432450, 0.893442, 0.520553, -0.288751, -0.845785, -0.448631, 0.088240, 0.949671, -0.312465, -0.022157, 0.239276, 0.000000, 0.000000, 0.000000, 1.000000, -0.032481, -0.065723, -0.997309, 0.118116, -0.997418, -0.061811, 0.036558, 0.026870, -0.064047, 0.995922, -0.063546, -0.006339, 0.000000, 0.000000, 0.000000, 1.000000
-19.9621, -79.2459, 17.7835, 451.5539, 520.5567, 88.2455, 239.2549, 118.1179, 26.8679, -6.3403, 0.288652, 0.845808, 0.448652, -0.079246, -0.949690, 0.312417, 0.022032, 0.017783, -0.121532, -0.432439, 0.893435, 0.451554, 0.000000, 0.000000, 0.000000, 1.000000, -0.121466, -0.432462, 0.893433, 0.520557, -0.288652, -0.845808, -0.448652, 0.088245, 0.949698, -0.312387, -0.022094, 0.239255, 0.000000, 0.000000, 0.000000, 1.000000, -0.032478, -0.065727, -0.997309, 0.118118, -0.997418, -0.061809, 0.036555, 0.026868, -0.064045, 0.995922, -0.063550, -0.006340, 0.000000, 0.000000, 0.000000, 1.000000
-19.9589, -79.2485, 17.7935, 451.5554, 520.5582, 88.2481, 239.2448, 118.1189, 26.8670, -6.3409, 0.288599, 0.845820, 0.448663, -0.079249, -0.949704, 0.312377, 0.021997, 0.017793, -0.121547, -0.432445, 0.893430, 0.451555, 0.000000, 0.000000, 0.000000, 1.000000, -0.121480, -0.432468, 0.893428, 0.520558, -0.288599, -0.845820, -0.448664, 0.088248, 0.949712, -0.312346, -0.022060, 0.239245, 0.000000, 0.000000, 0.000000, 1.000000, -0.032477, -0.065728, -0.997309, 0.118119, -0.997418, -0.061807, 0.036554, 0.026867, -0.064044, 0.995921, -0.063551, -0.006341, 0.000000, 0.000000, 0.000000, 1.000000
-19.9521, -79.2540, 17.8128, 451.5582, 520.5610, 88.2536, 239.2250, 118.1210, 26.8649, -6.3422, 0.288490, 0.845845, 0.448687, -0.079254, -0.949732, 0.312294, 0.021921, 0.017813, -0.121580, -0.432456, 0.893420, 0.451558, 0.000000, 0.000000, 0.000000, 1.000000, -0.121513, -0.432479, 0.893418, 0.520561, -0.288490, -0.845845, -0.448687, 0.088254, 0.949741, -0.312263, -0.021985, 0.239225, 0.000000, 0.000000, 0.000000, 1.000000, -0.032475, -0.065732, -0.997309, 0.118121, -0.997419, -0.061805, 0.036552, 0.026865, -0.064041, 0.995921, -0.063556, -0.006342, 0.000000, 0.000000, 0.000000, 1.000000
-19.9486, -79.2568, 17.8223, 451.5594, 520.5623, 88.2564, 239.2154, 118.1221, 26.8638, -6.3429, 0.288433, 0.845858, 0.448699, -0.079257, -0.949747, 0.312252, 0.021881, 0.017822, -0.121599, -0.432462, 0.893415, 0.451559, 0.000000, 0.000000, 0.000000, 1.000000, -0.121531, -0.432485, 0.893413, 0.520562, -0.288433, -0.845858, -0.448700, 0.088256, 0.949756, -0.312221, -0.021945, 0.239215, 0.000000, 0.000000, 0.000000, 1.000000, -0.032474, -0.065734, -0.997309, 0.118122, -0.997419, -0.061804, 0.036551, 0.026864, -0.064040, 0.995921, -0.063558, -0.006343, 0.000000, 0.000000, 0.000000, 1.000000
-19.9412, -79.2626, 17.8407, 451.5617, 520.5646, 88.2622, 239.1967, 118.1244, 26.8615, -6.3443, 0.288314, 0.845885, 0.448725, -0.079263, -0.949778, 0.312165, 0.021793, 0.017841, -0.121642, -0.432472, 0.893404, 0.451562, 0.000000, 0.000000, 0.000000, 1.000000, -0.121573, -0.432496, 0.893402, 0.520565, -0.288314, -0.845884, -0.448726, 0.088262, 0.949787, -0.312134, -0.021858, 0.239197, 0.000000, 0.000000, 0.000000, 1.000000, -0.032471, -0.065739, -0.997308, 0.118124, -0.997419, -0.061801, 0.036548, 0.026862, -0.064037, 0.995921, -0.063562, -0.006344, 0.000000, 0.000000, 0.000000, 1.000000
-19.9334, -79.2686, 17.8584, 451.5637, 520.5666, 88.2683, 239.1786, 118.1269, 26.8591, -6.3457, 0.288190, 0.845912, 0.448752, -0.079269, -0.949809, 0.312075, 0.021699, 0.017858, -0.121689, -0.432482, 0.893393, 0.451564, 0.000000, 0.000000, 0.000000, 1.000000, -0.121620, -0.432506, 0.893391, 0.520567, -0.288190, -0.845912, -0.448753, 0.088268, 0.949818, -0.312044, -0.021764, 0.239179, 0.000000, 0.000000, 0.000000, 1.000000, -0.032468, -0.065743, -0.997308, 0.118127, -0.997419, -0.061798, 0.036545, 0.026859, -0.064034, 0.995921, -0.063567, -0.006346, 0.000000, 0.000000, 0.000000, 1.000000
-19.9253, -79.2748, 17.8756, 451.5654, 520.5683, 88.2745, 239.1611, 118.1294, 26.8566, -6.3472, 0.288061, 0.845941, 0.448780, -0.079275, -0.949842, 0.311984, 0.021598, 0.017876, -0.121741, -0.432492, 0.893381, 0.451565, 0.000000, 0.000000, 0.000000, 1.000000, -0.121671, -0.432516, 0.893379, 0.520568, -0.288061, -0.845941, -0.448781, 0.088274, 0.949851, -0.311952, -0.021664, 0.239161, 0.000000, 0.000000, 0.000000, 1.000000, -0.032465, -0.065748, -0.997308, 0.118129, -0.997420, -0.061795, 0.036543, 0.026857, -0.064031, 0.995921, -0.063572, -0.006347, 0.000000, 0.000000, 0.000000, 1.000000
-19.9211, -79.2780, 17.8840, 451.5661, 520.5691, 88.2776, 239.1525, 118.1307, 26.8554, -6.3480, 0.287995, 0.845956, 0.448795, -0.079278, -0.949858, 0.311937, 0.021546, 0.017884, -0.121769, -0.432497, 0.893375, 0.451566, 0.000000, 0.000000, 0.000000, 1.000000, -0.121699, -0.432521, 0.893373, 0.520569, -0.287995, -0.845956, -0.448796, 0.088278, 0.949868, -0.311905, -0.021612, 0.239153, 0.000000, 0.000000, 0.000000, 1.000000, -0.032464, -0.065750, -0.997308, 0.118131, -0.997420, -0.061794, 0.036541, 0.026855, -0.064030, 0.995921, -0.063574, -0.006348, 0.000000, 0.000000, 0.000000, 1.000000
-19.9126, -79.2844, 17.9004, 451.5675, 520.5704, 88.2841, 239.1357, 118.1334, 26.8527, -6.3496, 0.287859, 0.845986, 0.448825, -0.079284, -0.949892, 0.311842, 0.021437, 0.017900, -0.121828, -0.432506, 0.893362, 0.451567, 0.000000, 0.000000, 0.000000, 1.000000, -0.121757, -0.432530, 0.893361, 0.520570, -0.287859, -0.845986, -0.448826, 0.088284, 0.949901, -0.311810, -0.021503, 0.239136, 0.000000, 0.000000, 0.000000, 1.000000, -0.032461, -0.065755, -0.997308, 0.118133, -0.997420, -0.061790, 0.036538, 0.026853, -0.064027, 0.995921, -0.063580, -0.006350, 0.000000, 0.000000, 0.000000, 1.000000
-19.9082, -79.2877, 17.9085, 451.5681, 520.5711, 88.2873, 239.1274, 118.1348, 26.8514, -6.3504, 0.287790, 0.846002, 0.448840, -0.079288, -0.949909, 0.311794, 0.021380, 0.017909, -0.121858, -0.432511, 0.893356, 0.451568, 0.000000, 0.000000, 0.000000, 1.000000, -0.121787, -0.432535, 0.893354, 0.520571, -0.287790, -0.846002, -0.448841, 0.088287, 0.949918, -0.311761, -0.021447, 0.239127, 0.000000, 0.000000, 0.000000, 1.000000, -0.032459, -0.065757, -0.997308, 0.118135, -0.997420, -0.061789, 0.036537, 0.026851, -0.064025, 0.995921, -0.063582, -0.006350, 0.000000, 0.000000, 0.000000, 1.000000
-19.8992, -79.2943, 17.9245, 451.5691, 520.5722, 88.2940, 239.1112, 118.1377, 26.8486, -6.3521, 0.287649, 0.846033, 0.448872, -0.079294, -0.949944, 0.311696, 0.021264, 0.017924, -0.121921, -0.432520, 0.893343, 0.451569, 0.000000, 0.000000, 0.000000, 1.000000, -0.121850, -0.432544, 0.893341, 0.520572, -0.287649, -0.846033, -0.448872, 0.088294, 0.949953, -0.311664, -0.021332, 0.239111, 0.000000, 0.000000, 0.000000, 1.000000, -0.032456, -0.065763, -0.997307, 0.118138, -0.997421, -0.061785, 0.036534, 0.026849, -0.064022, 0.995921, -0.063588, -0.006352, 0.000000, 0.000000, 0.000000, 1.000000
-19.8901, -79.3011, 17.9402, 451.5701, 520.5731, 88.3007, 239.0952, 118.1406, 26.8458, -6.3538, 0.287505, 0.846065, 0.448904, -0.079301, -0.949979, 0.311598, 0.021145, 0.017940, -0.121987, -0.432528, 0.893330, 0.451570, 0.000000, 0.000000, 0.000000, 1.000000, -0.121915, -0.432553, 0.893328, 0.520573, -0.287505, -0.846065, -0.448904, 0.088301, 0.949988, -0.311565, -0.021213, 0.239095, 0.000000, 0.000000, 0.000000, 1.000000, -0.032453, -0.065768, -0.997307, 0.118141, -0.997421, -0.061782, 0.036531, 0.026846, -0.064018, 0.995920, -0.063593, -0.006354, 0.000000, 0.000000, 0.000000, 1.000000
-19.8854, -79.3045, 17.9480, 451.5705, 520.5735, 88.3041, 239.0873, 118.1420, 26.8444, -6.3546, 0.287432, 0.846081, 0.448920, -0.079304, -0.949997, 0.311548, 0.021084, 0.017948, -0.122021, -0.432533, 0.893323, 0.451570, 0.000000, 0.000000, 0.000000, 1.000000, -0.121949, -0.432557, 0.893321, 0.520574, -0.287432, -0.846081, -0.448921, 0.088304, 0.950006, -0.311515, -0.021152, 0.239087, 0.000000, 0.000000, 0.000000, 1.000000, -0.032452, -0.065771, -0.997307, 0.118142, -0.997421, -0.061780, 0.036530, 0.026844, -0.064016, 0.995920, -0.063596, -0.006355, 0.000000, 0.000000, 0.000000, 1.000000
-19.8807, -79.3079, 17.9557, 451.5709, 520.5739, 88.3076, 239.0794, 118.1435, 26.8429, -6.3555, 0.287359, 0.846098, 0.448936, -0.079308, -0.950014, 0.311498, 0.021022, 0.017956, -0.122056, -0.432537, 0.893316, 0.451571, 0.000000, 0.000000, 0.000000, 1.000000, -0.121983, -0.432561, 0.893315, 0.520574, -0.287359, -0.846097, -0.448937, 0.088308, 0.950024, -0.311464, -0.021091, 0.239079, 0.000000, 0.000000, 0.000000, 1.000000, -0.032450, -0.065773, -0.997307, 0.118144, -0.997421, -0.061779, 0.036528, 0.026843, -0.064015, 0.995920, -0.063599, -0.006355, 0.000000, 0.000000, 0.000000, 1.000000
-19.8713, -79.3148, 17.9711, 451.5716, 520.5747, 88.3145, 239.0638, 118.1465, 26.8400, -6.3572, 0.287211, 0.846130, 0.448969, -0.079315, -0.950050, 0.311397, 0.020898, 0.017971, -0.122125, -0.432545, 0.893303, 0.451572, 0.000000, 0.000000, 0.000000, 1.000000, -0.122052, -0.432570, 0.893301, 0.520575, -0.287211, -0.846130, -0.448970, 0.088314, 0.950060, -0.311363, -0.020967, 0.239064, 0.000000, 0.000000, 0.000000, 1.000000, -0.032447, -0.065779, -0.997307, 0.118147, -0.997422, -0.061775, 0.036525, 0.026840, -0.064011, 0.995920, -0.063605, -0.006357, 0.000000, 0.000000, 0.000000, 1.000000
-19.8617, -79.3218, 17.9864, 451.5723, 520.5754, 88.3214, 239.0481, 118.1495, 26.8371, -6.3590, 0.287062, 0.846163, 0.449002, -0.079322, -0.950086, 0.311295, 0.020772, 0.017986, -0.122196, -0.432554, 0.893289, 0.451572, 0.000000, 0.000000, 0.000000, 1.000000, -0.122122, -0.432579, 0.893287, 0.520575, -0.287061, -0.846163, -0.449003, 0.088321, 0.950096, -0.311262, -0.020841, 0.239048, 0.000000, 0.000000, 0.000000, 1.000000, -0.032444, -0.065784, -0.997306, 0.118150, -0.997422, -0.061771, 0.036522, 0.026837, -0.064008, 0.995920, -0.063610, -0.006359, 0.000000, 0.000000, 0.000000, 1.000000
-19.8570, -79.3253, 17.9941, 451.5726, 520.5757, 88.3249, 239.0403, 118.1511, 26.8356, -6.3599, 0.286987, 0.846180, 0.449019, -0.079325, -0.950104, 0.311244, 0.020708, 0.017994, -0.122232, -0.432558, 0.893282, 0.451573, 0.000000, 0.000000, 0.000000, 1.000000, -0.122158, -0.432583, 0.893280, 0.520576, -0.286986, -0.846180, -0.449020, 0.088325, 0.950114, -0.311211, -0.020778, 0.239040, 0.000000, 0.000000, 0.000000, 1.000000, -0.032442, -0.065787, -0.997306, 0.118151, -0.997422, -0.061770, 0.036520, 0.026836, -0.064006, 0.995920, -0.063613, -0.006360, 0.000000, 0.000000, 0.000000, 1.000000
-19.8473, -79.3323, 18.0095, 451.5733, 520.5764, 88.3320, 239.0247, 118.1541, 26.8327, -6.3616, 0.286836, 0.846213, 0.449053, -0.079332, -0.950141, 0.311142, 0.020581, 0.018010, -0.122303, -0.432566, 0.893268, 0.451573, 0.000000, 0.000000, 0.000000, 1.000000, -0.122229, -0.432591, 0.893266, 0.520576, -0.286836, -0.846213, -0.449053, 0.088332, 0.950150, -0.311108, -0.020651, 0.239025, 0.000000, 0.000000, 0.000000, 1.000000, -0.032439, -0.065792, -0.997306, 0.118154, -0.997422, -0.061766, 0.036517, 0.026833, -0.064002, 0.995920, -0.063619, -0.006362, 0.000000, 0.000000, 0.000000, 1.000000
-19.8377, -79.3393, 18.0250, 451.5740, 520.5771, 88.3390, 239.0089, 118.1572, 26.8297, -6.3634, 0.286685, 0.846247, 0.449086, -0.079339, -0.950177, 0.311040, 0.020453, 0.018025, -0.122375, -0.432575, 0.893254, 0.451574, 0.000000, 0.000000, 0.000000, 1.000000, -0.122300, -0.432600, 0.893252, 0.520577, -0.286685, -0.846246, -0.449087, 0.088339, 0.950186, -0.311006, -0.020524, 0.239009, 0.000000, 0.000000, 0.000000, 1.000000, -0.032435, -0.065798, -0.997306, 0.118157, -0.997423, -0.061762, 0.036514, 0.026830, -0.063998, 0.995920, -0.063625, -0.006363, 0.000000, 0.000000, 0.000000, 1.000000
-19.8281, -79.3472, 18.0533, 451.5781, 520.5812, 88.3468, 238.9803, 118.1601, 26.8267, -6.3652, 0.286530, 0.846282, 0.449119, -0.079347, -0.950218, 0.310922, 0.020347, 0.018053, -0.122422, -0.432591, 0.893240, 0.451578, 0.000000, 0.000000, 0.000000, 1.000000, -0.122346, -0.432616, 0.893238, 0.520581, -0.286530, -0.846281, -0.449120, 0.088347, 0.950227, -0.310888, -0.020418, 0.238980, 0.000000, 0.000000, 0.000000, 1.000000, -0.032432, -0.065803, -0.997305, 0.118160, -0.997423, -0.061759, 0.036511, 0.026827, -0.063995, 0.995920, -0.063631, -0.006365, 0.000000, 0.000000, 0.000000, 1.000000
-19.8186, -79.3549, 18.0807, 451.5819, 520.5851, 88.3546, 238.9525, 118.1631, 26.8238, -6.3670, 0.286377, 0.846316, 0.449152, -0.079355, -0.950258, 0.310807, 0.020240, 0.018081, -0.122470, -0.432607, 0.893226, 0.451582, 0.000000, 0.000000, 0.000000, 1.000000, -0.122393, -0.432632, 0.893224, 0.520585, -0.286377, -0.846316, -0.449153, 0.088355, 0.950268, -0.310772, -0.020312, 0.238953, 0.000000, 0.000000, 0.000000, 1.000000, -0.032429, -0.065809, -0.997305, 0.118163, -0.997423, -0.061755, 0.036507, 0.026824, -0.063991, 0.995919, -0.063636, -0.006367, 0.000000, 0.000000, 0.000000, 1.000000
-19.8138, -79.3588, 18.0939, 451.5837, 520.5869, 88.3584, 238.9391, 118.1646, 26.8223, -6.3679, 0.286301, 0.846333, 0.449168, -0.079359, -0.950277, 0.310750, 0.020187, 0.018094, -0.122494, -0.432614, 0.893219, 0.451584, 0.000000, 0.000000, 0.000000, 1.000000, -0.122417, -0.432640, 0.893217, 0.520587, -0.286301, -0.846333, -0.449169, 0.088358, 0.950287, -0.310715, -0.020259, 0.238939, 0.000000, 0.000000, 0.000000, 1.000000, -0.032427, -0.065811, -0.997305, 0.118165, -0.997424, -0.061754, 0.036506, 0.026822, -0.063990, 0.995919, -0.063639, -0.006368, 0.000000, 0.000000, 0.000000, 1.000000
-19.8045, -79.3663, 18.1197, 451.5872, 520.5904, 88.3660, 238.9130, 118.1675, 26.8195, -6.3696, 0.286150, 0.846367, 0.449201, -0.079366, -0.950316, 0.310637, 0.020081, 0.018120, -0.122543, -0.432629, 0.893205, 0.451587, 0.000000, 0.000000, 0.000000, 1.000000, -0.122465, -0.432655, 0.893203, 0.520590, -0.286150, -0.846366, -0.449201, 0.088366, 0.950326, -0.310602, -0.020154, 0.238913, 0.000000, 0.000000, 0.000000, 1.000000, -0.032424, -0.065817, -0.997305, 0.118167, -0.997424, -0.061750, 0.036503, 0.026819, -0.063986, 0.995919, -0.063645, -0.006370, 0.000000, 0.000000, 0.000000, 1.000000
-19.7953, -79.3738, 18.1443, 451.5904, 520.5937, 88.3734, 238.8880, 118.1703, 26.8166, -6.3713, 0.286002, 0.846400, 0.449232, -0.079374, -0.950354, 0.310528, 0.019974, 0.018144, -0.122593, -0.432643, 0.893192, 0.451590, 0.000000, 0.000000, 0.000000, 1.000000, -0.122515, -0.432669, 0.893190, 0.520594, -0.286002, -0.846400, -0.449233, 0.088373, 0.950365, -0.310492, -0.020048, 0.238888, 0.000000, 0.000000, 0.000000, 1.000000, -0.032420, -0.065822, -0.997305, 0.118170, -0.997424, -0.061747, 0.036499, 0.026817, -0.063983, 0.995919, -0.063650, -0.006371, 0.000000, 0.000000, 0.000000, 1.000000
-19.7907, -79.3774, 18.1562, 451.5919, 520.5952, 88.3771, 238.8759, 118.1718, 26.8152, -6.3722, 0.285929, 0.846416, 0.449248, -0.079377, -0.950373, 0.310474, 0.019921, 0.018156, -0.122618, -0.432649, 0.893185, 0.451592, 0.000000, 0.000000, 0.000000, 1.000000, -0.122539, -0.432676, 0.893183, 0.520595, -0.285929, -0.846416, -0.449249, 0.088377, 0.950383, -0.310438, -0.019995, 0.238876, 0.000000, 0.000000, 0.000000, 1.000000, -0.032419, -0.065824, -0.997304, 0.118172, -0.997424, -0.061745, 0.036498, 0.026815, -0.063981, 0.995919, -0.063653, -0.006372, 0.000000, 0.000000, 0.000000, 1.000000
-19.7817, -79.3846, 18.1792, 451.5947, 520.5980, 88.3843, 238.8526, 118.1746, 26.8124, -6.3738, 0.285785, 0.846449, 0.449279, -0.079385, -0.950410, 0.310368, 0.019815, 0.018179, -0.122669, -0.432662, 0.893172, 0.451595, 0.000000, 0.000000, 0.000000, 1.000000, -0.122590, -0.432689, 0.893170, 0.520598, -0.285785, -0.846448, -0.449280, 0.088384, 0.950420, -0.310331, -0.019890, 0.238853, 0.000000, 0.000000, 0.000000, 1.000000, -0.032416, -0.065829, -0.997304, 0.118175, -0.997425, -0.061742, 0.036495, 0.026812, -0.063978, 0.995919, -0.063659, -0.006374, 0.000000, 0.000000, 0.000000, 1.000000
-19.7772, -79.3882, 18.1903, 451.5960, 520.5994, 88.3878, 238.8413, 118.1760, 26.8110, -6.3747, 0.285714, 0.846465, 0.449294, -0.079388, -0.950428, 0.310315, 0.019763, 0.018190, -0.122695, -0.432668, 0.893165, 0.451596, 0.000000, 0.000000, 0.000000, 1.000000, -0.122615, -0.432695, 0.893163, 0.520599, -0.285714, -0.846464, -0.449295, 0.088388, 0.950438, -0.310279, -0.019838, 0.238841, 0.000000, 0.000000, 0.000000, 1.000000, -0.032414, -0.065832, -0.997304, 0.118176, -0.997425, -0.061740, 0.036493, 0.026811, -0.063976, 0.995919, -0.063661, -0.006375, 0.000000, 0.000000, 0.000000, 1.000000
-19.7684, -79.3952, 18.2118, 451.5985, 520.6019, 88.3948, 238.8195, 118.1787, 26.8083, -6.3763, 0.285573, 0.846496, 0.449325, -0.079395, -0.950464, 0.310213, 0.019658, 0.018212, -0.122746, -0.432680, 0.893152, 0.451599, 0.000000, 0.000000, 0.000000, 1.000000, -0.122666, -0.432707, 0.893150, 0.520602, -0.285573, -0.846496, -0.449325, 0.088395, 0.950474, -0.310176, -0.019733, 0.238819, 0.000000, 0.000000, 0.000000, 1.000000, -0.032411, -0.065837, -0.997304, 0.118179, -0.997425, -0.061737, 0.036490, 0.026808, -0.063973, 0.995919, -0.063667, -0.006376, 0.000000, 0.000000, 0.000000, 1.000000
-19.7597, -79.4020, 18.2324, 451.6008, 520.6042, 88.4017, 238.7986, 118.1814, 26.8056, -6.3779, 0.285435, 0.846527, 0.449354, -0.079402, -0.950499, 0.310113, 0.019553, 0.018232, -0.122798, -0.432692, 0.893140, 0.451601, 0.000000, 0.000000, 0.000000, 1.000000, -0.122717, -0.432719, 0.893138, 0.520604, -0.285435, -0.846527, -0.449355, 0.088402, 0.950509, -0.310076, -0.019629, 0.238799, 0.000000, 0.000000, 0.000000, 1.000000, -0.032408, -0.065842, -0.997304, 0.118181, -0.997425, -0.061734, 0.036487, 0.026806, -0.063970, 0.995919, -0.063672, -0.006378, 0.000000, 0.000000, 0.000000, 1.000000
-19.7554, -79.4054, 18.2424, 451.6019, 520.6053, 88.4050, 238.7884, 118.1828, 26.8043, -6.3787, 0.285366, 0.846542, 0.449369, -0.079405, -0.950516, 0.310064, 0.019502, 0.018242, -0.122824, -0.432697, 0.893133, 0.451602, 0.000000, 0.000000, 0.000000, 1.000000, -0.122743, -0.432725, 0.893131, 0.520605, -0.285366, -0.846542, -0.449370, 0.088405, 0.950526, -0.310027, -0.019578, 0.238788, 0.000000, 0.000000, 0.000000, 1.000000, -0.032406, -0.065844, -0.997304, 0.118183, -0.997426, -0.061732, 0.036486, 0.026804, -0.063968, 0.995919, -0.063674, -0.006379, 0.000000, 0.000000, 0.000000, 1.000000
-19.7469, -79.4120, 18.2618, 451.6040, 520.6074, 88.4117, 238.7688, 118.1854, 26.8017, -6.3803, 0.285232, 0.846572, 0.449398, -0.079412, -0.950550, 0.309967, 0.019398, 0.018262, -0.122876, -0.432708, 0.893121, 0.451604, 0.000000, 0.000000, 0.000000, 1.000000, -0.122795, -0.432735, 0.893119, 0.520607, -0.285231, -0.846572, -0.449399, 0.088412, 0.950560, -0.309929, -0.019475, 0.238769, 0.000000, 0.000000, 0.000000, 1.000000, -0.032403, -0.065849, -0.997303, 0.118185, -0.997426, -0.061729, 0.036483, 0.026802, -0.063965, 0.995918, -0.063679, -0.006380, 0.000000, 0.000000, 0.000000, 1.000000
-19.7427, -79.4153, 18.2712, 451.6049, 520.6084, 88.4150, 238.7592, 118.1868, 26.8004, -6.3810, 0.285165, 0.846587, 0.449412, -0.079415, -0.950566, 0.309919, 0.019347, 0.018271, -0.122902, -0.432713, 0.893115, 0.451605, 0.000000, 0.000000, 0.000000, 1.000000, -0.122820, -0.432741, 0.893113, 0.520608, -0.285165, -0.846587, -0.449413, 0.088415, 0.950577, -0.309882, -0.019424, 0.238759, 0.000000, 0.000000, 0.000000, 1.000000, -0.032402, -0.065852, -0.997303, 0.118187, -0.997426, -0.061727, 0.036482, 0.026800, -0.063963, 0.995918, -0.063682, -0.006381, 0.000000, 0.000000, 0.000000, 1.000000
-19.7344, -79.4218, 18.2895, 451.6068, 520.6102, 88.4214, 238.7407, 118.1894, 26.7979, -6.3826, 0.285033, 0.846616, 0.449441, -0.079422, -0.950599, 0.309825, 0.019245, 0.018289, -0.122954, -0.432724, 0.893103, 0.451607, 0.000000, 0.000000, 0.000000, 1.000000, -0.122872, -0.432751, 0.893101, 0.520610, -0.285033, -0.846616, -0.449441, 0.088421, 0.950610, -0.309787, -0.019323, 0.238741, 0.000000, 0.000000, 0.000000, 1.000000, -0.032399, -0.065856, -0.997303, 0.118189, -0.997426, -0.061724, 0.036479, 0.026798, -0.063960, 0.995918, -0.063687, -0.006383, 0.000000, 0.000000, 0.000000, 1.000000
-19.7303, -79.4250, 18.2984, 451.6076, 520.6111, 88.4246, 238.7316, 118.1906, 26.7966, -6.3833, 0.284968, 0.846631, 0.449455, -0.079425, -0.950615, 0.309778, 0.019195, 0.018298, -0.122980, -0.432728, 0.893097, 0.451608, 0.000000, 0.000000, 0.000000, 1.000000, -0.122898, -0.432756, 0.893095, 0.520611, -0.284968, -0.846630, -0.449455, 0.088425, 0.950626, -0.309741, -0.019273, 0.238732, 0.000000, 0.000000, 0.000000, 1.000000, -0.032398, -0.065859, -0.997303, 0.118191, -0.997427, -0.061723, 0.036478, 0.026797, -0.063959, 0.995918, -0.063689, -0.006383, 0.000000, 0.000000, 0.000000, 1.000000
-19.7222, -79.4313, 18.3159, 451.6093, 520.6128, 88.4309, 238.7139, 118.1932, 26.7941, -6.3848, 0.284840, 0.846659, 0.449483, -0.079431, -0.950647, 0.309687, 0.019094, 0.018316, -0.123032, -0.432738, 0.893085, 0.451609, 0.000000, 0.000000, 0.000000, 1.000000, -0.122949, -0.432766, 0.893083, 0.520613, -0.284840, -0.846659, -0.449483, 0.088431, 0.950658, -0.309649, -0.019173, 0.238714, 0.000000, 0.000000, 0.000000, 1.000000, -0.032395, -0.065863, -0.997303, 0.118193, -0.997427, -0.061720, 0.036475, 0.026794, -0.063956, 0.995918, -0.063694, -0.006385, 0.000000, 0.000000, 0.000000, 1.000000
-19.7142, -79.4375, 18.3329, 451.6109, 520.6144, 88.4371, 238.6966, 118.1957, 26.7916, -6.3863, 0.284713, 0.846687, 0.449510, -0.079437, -0.950678, 0.309597, 0.018995, 0.018333, -0.123084, -0.432747, 0.893073, 0.451611, 0.000000, 0.000000, 0.000000, 1.000000, -0.123001, -0.432775, 0.893071, 0.520614, -0.284713, -0.846687, -0.449511, 0.088437, 0.950689, -0.309559, -0.019074, 0.238697, 0.000000, 0.000000, 0.000000, 1.000000, -0.032392, -0.065868, -0.997302, 0.118196, -0.997427, -0.061717, 0.036472, 0.026792, -0.063953, 0.995918, -0.063699, -0.006386, 0.000000, 0.000000, 0.000000, 1.000000
-19.7062, -79.4436, 18.3496, 451.6124, 520.6159, 88.4432, 238.6797, 118.1982, 26.7892, -6.3878, 0.284587, 0.846715, 0.449537, -0.079444, -0.950709, 0.309508, 0.018896, 0.018350, -0.123136, -0.432757, 0.893062, 0.451612, 0.000000, 0.000000, 0.000000, 1.000000, -0.123052, -0.432785, 0.893060, 0.520616, -0.284587, -0.846715, -0.449538, 0.088443, 0.950720, -0.309470, -0.018975, 0.238680, 0.000000, 0.000000, 0.000000, 1.000000, -0.032389, -0.065872, -0.997302, 0.118198, -0.997427, -0.061714, 0.036470, 0.026789, -0.063950, 0.995918, -0.063704, -0.006388, 0.000000, 0.000000, 0.000000, 1.000000
-19.7023, -79.4466, 18.3578, 451.6132, 520.6167, 88.4462, 238.6714, 118.1994, 26.7880, -6.3885, 0.284525, 0.846729, 0.449550, -0.079447, -0.950724, 0.309464, 0.018848, 0.018358, -0.123161, -0.432761, 0.893056, 0.451613, 0.000000, 0.000000, 0.000000, 1.000000, -0.123077, -0.432789, 0.893054, 0.520617, -0.284525, -0.846729, -0.449551, 0.088446, 0.950735, -0.309426, -0.018927, 0.238671, 0.000000, 0.000000, 0.000000, 1.000000, -0.032388, -0.065874, -0.997302, 0.118199, -0.997428, -0.061712, 0.036468, 0.026788, -0.063948, 0.995918, -0.063706, -0.006388, 0.000000, 0.000000, 0.000000, 1.000000
-19.6908, -79.4555, 18.3819, 451.6154, 520.6189, 88.4551, 238.6470, 118.2030, 26.7844, -6.3906, 0.284343, 0.846769, 0.449590, -0.079455, -0.950769, 0.309335, 0.018703, 0.018382, -0.123236, -0.432774, 0.893039, 0.451615, 0.000000, 0.000000, 0.000000, 1.000000, -0.123152, -0.432803, 0.893037, 0.520619, -0.284343, -0.846769, -0.449591, 0.088455, 0.950780, -0.309296, -0.018783, 0.238647, 0.000000, 0.000000, 0.000000, 1.000000, -0.032384, -0.065881, -0.997302, 0.118203, -0.997428, -0.061708, 0.036465, 0.026784, -0.063944, 0.995918, -0.063713, -0.006391, 0.000000, 0.000000, 0.000000, 1.000000
-19.6831, -79.4613, 18.3978, 451.6168, 520.6204, 88.4609, 238.6309, 118.2054, 26.7820, -6.3920, 0.284222, 0.846796, 0.449616, -0.079461, -0.950799, 0.309250, 0.018608, 0.018398, -0.123286, -0.432783, 0.893028, 0.451617, 0.000000, 0.000000, 0.000000, 1.000000, -0.123201, -0.432811, 0.893026, 0.520620, -0.284222, -0.846796, -0.449617, 0.088461, 0.950810, -0.309211, -0.018688, 0.238631, 0.000000, 0.000000, 0.000000, 1.000000, -0.032381, -0.065885, -0.997302, 0.118205, -0.997428, -0.061705, 0.036462, 0.026782, -0.063941, 0.995917, -0.063718, -0.006392, 0.000000, 0.000000, 0.000000, 1.000000
-19.6793, -79.4642, 18.4057, 451.6176, 520.6211, 88.4638, 238.6229, 118.2066, 26.7809, -6.3927, 0.284162, 0.846809, 0.449629, -0.079464, -0.950814, 0.309207, 0.018561, 0.018406, -0.123311, -0.432787, 0.893023, 0.451618, 0.000000, 0.000000, 0.000000, 1.000000, -0.123226, -0.432816, 0.893021, 0.520621, -0.284162, -0.846809, -0.449629, 0.088464, 0.950825, -0.309168, -0.018641, 0.238623, 0.000000, 0.000000, 0.000000, 1.000000, -0.032380, -0.065887, -0.997302, 0.118207, -0.997428, -0.061704, 0.036461, 0.026781, -0.063940, 0.995917, -0.063720, -0.006393, 0.000000, 0.000000, 0.000000, 1.000000
-19.6717, -79.4700, 18.4217, 451.6190, 520.6226, 88.4696, 238.6068, 118.2090, 26.7785, -6.3941, 0.284042, 0.846836, 0.449655, -0.079470, -0.950843, 0.309122, 0.018467, 0.018422, -0.123360, -0.432796, 0.893012, 0.451619, 0.000000, 0.000000, 0.000000, 1.000000, -0.123274, -0.432825, 0.893010, 0.520623, -0.284042, -0.846835, -0.449655, 0.088470, 0.950854, -0.309083, -0.018547, 0.238607, 0.000000, 0.000000, 0.000000, 1.000000, -0.032378, -0.065892, -0.997301, 0.118209, -0.997429, -0.061701, 0.036458, 0.026779, -0.063937, 0.995917, -0.063725, -0.006394, 0.000000, 0.000000, 0.000000, 1.000000
-19.6680, -79.4729, 18.4297, 451.6198, 520.6233, 88.4725, 238.5987, 118.2102, 26.7773, -6.3948, 0.283982, 0.846849, 0.449668, -0.079473, -0.950858, 0.309080, 0.018420, 0.018430, -0.123384, -0.432801, 0.893006, 0.451620, 0.000000, 0.000000, 0.000000, 1.000000, -0.123299, -0.432829, 0.893004, 0.520623, -0.283982, -0.846849, -0.449668, 0.088472, 0.950869, -0.309041, -0.018501, 0.238599, 0.000000, 0.000000, 0.000000, 1.000000, -0.032376, -0.065894, -0.997301, 0.118210, -0.997429, -0.061700, 0.036457, 0.026777, -0.063935, 0.995917, -0.063727, -0.006395, 0.000000, 0.000000, 0.000000, 1.000000
-19.6604, -79.4786, 18.4458, 451.6213, 520.6249, 88.4783, 238.5824, 118.2125, 26.7750, -6.3962, 0.283863, 0.846875, 0.449693, -0.079479, -0.950887, 0.308995, 0.018327, 0.018446, -0.123433, -0.432810, 0.892995, 0.451621, 0.000000, 0.000000, 0.000000, 1.000000, -0.123347, -0.432838, 0.892993, 0.520625, -0.283863, -0.846875, -0.449694, 0.088478, 0.950898, -0.308956, -0.018408, 0.238582, 0.000000, 0.000000, 0.000000, 1.000000, -0.032374, -0.065898, -0.997301, 0.118213, -0.997429, -0.061697, 0.036455, 0.026775, -0.063932, 0.995917, -0.063731, -0.006396, 0.000000, 0.000000, 0.000000, 1.000000
