# Joint_A_Angle(deg), Cam_X(mm), Cam_Y(mm), Cam_Z(mm), Torso_X(mm), Torso_Y(mm), Torso_Z(mm), EE_X(mm), EE_Y(mm), EE_Z(mm), T_cam2marker_flat(16), T_torso2marker_flat(16), T_ee2marker_flat(16)
-14.9992, 0.3427, 9.5229, 168.4722, 237.4751, 8.6572, 247.5378, 88.8863, 6.3777, -16.8591, 0.586335, -0.809519, -0.029847, 0.000343, 0.809621, 0.586838, -0.011642, 0.009523, 0.026939, -0.017339, 0.999487, 0.168472, 0.000000, 0.000000, 0.000000, 1.000000, 0.026891, -0.017373, 0.999487, 0.237475, -0.586335, 0.809519, 0.029846, 0.008657, -0.809622, -0.586837, 0.011582, 0.247538, 0.000000, 0.000000, 0.000000, 1.000000, 0.044729, 0.059177, -0.997245, 0.088886, -0.996061, -0.073866, -0.049059, 0.006378, -0.076565, 0.995511, 0.055640, -0.016859, 0.000000, 0.000000, 0.000000, 1.000000
-14.9993, 0.3425, 9.5224, 168.4718, 237.4746, 8.6573, 247.5383, 88.8863, 6.3777, -16.8591, 0.586335, -0.809519, -0.029846, 0.000343, 0.809621, 0.586838, -0.011644, 0.009522, 0.026941, -0.017337, 0.999487, 0.168472, 0.000000, 0.000000, 0.000000, 1.000000, 0.026893, -0.017371, 0.999487, 0.237475, -0.586335, 0.809519, 0.029845, 0.008657, -0.809622, -0.586837, 0.011585, 0.247538, 0.000000, 0.000000, 0.000000, 1.000000, 0.044729, 0.059177, -0.997245, 0.088886, -0.996061, -0.073866, -0.049059, 0.006378, -0.076566, 0.995511, 0.055640, -0.016859, 0.000000, 0.000000, 0.000000, 1.000000
-14.9994, 0.3423, 9.5217, 168.4712, 237.4741, 8.6575, 247.5389, 88.8863, 6.3777, -16.8591, 0.586335, -0.809519, -0.029845, 0.000342, 0.809620, 0.586838, -0.011648, 0.009522, 0.026944, -0.017334, 0.999487, 0.168471, 0.000000, 0.000000, 0.000000, 1.000000, 0.026895, -0.017368, 0.999487, 0.237474, -0.586335, 0.809519, 0.029845, 0.008658, -0.809622, -0.586837, 0.011588, 0.247539, 0.000000, 0.000000, 0.000000, 1.000000, 0.044729, 0.059177, -0.997245, 0.088886, -0.996061, -0.073866, -0.049059, 0.006378, -0.076566, 0.995511, 0.055640, -0.016859, 0.000000, 0.000000, 0.000000, 1.000000
-14.9995, 0.3419, 9.5199, 168.4699, 237.4727, 8.6580, 247.5406, 88.8863, 6.3777, -16.8591, 0.586335, -0.809518, -0.029844, 0.000342, 0.809620, 0.586839, -0.011656, 0.009520, 0.026950, -0.017328, 0.999487, 0.168470, 0.000000, 0.000000, 0.000000, 1.000000, 0.026901, -0.017362, 0.999487, 0.237473, -0.586335, 0.809518, 0.029844, 0.008658, -0.809622, -0.586838, 0.011597, 0.247541, 0.000000, 0.000000, 0.000000, 1.000000, 0.044729, 0.059178, -0.997245, 0.088886, -0.996061, -0.073866, -0.049059, 0.006378, -0.076566, 0.995511, 0.055640, -0.016859, 0.000000, 0.000000, 0.000000, 1.000000
-14.9996, 0.3413, 9.5176, 168.4682, 237.4711, 8.6585, 247.5428, 88.8863, 6.3778, -16.8590, 0.586336, -0.809518, -0.029843, 0.000341, 0.809619, 0.586840, -0.011667, 0.009518, 0.026958, -0.017321, 0.999487, 0.168468, 0.000000, 0.000000, 0.000000, 1.000000, 0.026908, -0.017356, 0.999487, 0.237471, -0.586336, 0.809518, 0.029842, 0.008659, -0.809621, -0.586839, 0.011607, 0.247543, 0.000000, 0.000000, 0.000000, 1.000000, 0.044729, 0.059178, -0.997245, 0.088886, -0.996061, -0.073866, -0.049059, 0.006378, -0.076566, 0.995511, 0.055640, -0.016859, 0.000000, 0.000000, 0.000000, 1.000000
-14.9998, 0.3403, 9.5134, 168.4653, 237.4681, 8.6595, 247.5470, 88.8862, 6.3778, -16.8590, 0.586338, -0.809517, -0.029842, 0.000340, 0.809617, 0.586842, -0.011685, 0.009513, 0.026972, -0.017309, 0.999486, 0.168465, 0.000000, 0.000000, 0.000000, 1.000000, 0.026922, -0.017344, 0.999487, 0.237468, -0.586338, 0.809517, 0.029841, 0.008660, -0.809619, -0.586841, 0.011625, 0.247547, 0.000000, 0.000000, 0.000000, 1.000000, 0.044729, 0.059178, -0.997245, 0.088886, -0.996061, -0.073866, -0.049059, 0.006378, -0.076566, 0.995511, 0.055641, -0.016859, 0.000000, 0.000000, 0.000000, 1.000000
-14.9999, 0.3399, 9.5118, 168.4642, 237.4671, 8.6599, 247.5486, 88.8862, 6.3778, -16.8590, 0.586339, -0.809516, -0.029841, 0.000340, 0.809617, 0.586842, -0.011692, 0.009512, 0.026977, -0.017305, 0.999486, 0.168464, 0.000000, 0.000000, 0.000000, 1.000000, 0.026927, -0.017340, 0.999487, 0.237467, -0.586339, 0.809516, 0.029841, 0.008660, -0.809618, -0.586841, 0.011631, 0.247549, 0.000000, 0.000000, 0.000000, 1.000000, 0.044729, 0.059178, -0.997245, 0.088886, -0.996061, -0.073867, -0.049059, 0.006378, -0.076566, 0.995511, 0.055641, -0.016859, 0.000000, 0.000000, 0.000000, 1.000000
-15.0000, 0.3388, 9.5066, 168.4608, 237.4637, 8.6610, 247.5537, 88.8861, 6.3778, -16.8589, 0.586341, -0.809514, -0.029841, 0.000339, 0.809614, 0.586845, -0.011713, 0.009507, 0.026994, -0.017292, 0.999486, 0.168461, 0.000000, 0.000000, 0.000000, 1.000000, 0.026944, -0.017327, 0.999487, 0.237464, -0.586341, 0.809514, 0.029840, 0.008661, -0.809616, -0.586844, 0.011652, 0.247554, 0.000000, 0.000000, 0.000000, 1.000000, 0.044729, 0.059178, -0.997245, 0.088886, -0.996061, -0.073867, -0.049059, 0.006378, -0.076566, 0.995511, 0.055641, -0.016859, 0.000000, 0.000000, 0.000000, 1.000000
-15.0000, 0.3385, 9.5047, 168.4596, 237.4625, 8.6614, 247.5556, 88.8861, 6.3778, -16.8589, 0.586342, -0.809514, -0.029841, 0.000338, 0.809613, 0.586846, -0.011720, 0.009505, 0.026999, -0.017288, 0.999486, 0.168460, 0.000000, 0.000000, 0.000000, 1.000000, 0.026949, -0.017323, 0.999487, 0.237463, -0.586342, 0.809514, 0.029840, 0.008661, -0.809615, -0.586845, 0.011658, 0.247556, 0.000000, 0.000000, 0.000000, 1.000000, 0.044729, 0.059178, -0.997245, 0.088886, -0.996061, -0.073867, -0.049059, 0.006378, -0.076567, 0.995511, 0.055641, -0.016859, 0.000000, 0.000000, 0.000000, 1.000000
-14.9999, 0.3378, 9.5007, 168.4575, 237.4604, 8.6620, 247.5595, 88.8861, 6.3778, -16.8589, 0.586344, -0.809512, -0.029843, 0.000338, 0.809612, 0.586849, -0.011733, 0.009501, 0.027011, -0.017281, 0.999486, 0.168457, 0.000000, 0.000000, 0.000000, 1.000000, 0.026961, -0.017317, 0.999486, 0.237460, -0.586344, 0.809512, 0.029842, 0.008662, -0.809613, -0.586848, 0.011672, 0.247559, 0.000000, 0.000000, 0.000000, 1.000000, 0.044729, 0.059178, -0.997245, 0.088886, -0.996061, -0.073867, -0.049060, 0.006378, -0.076567, 0.995511, 0.055641, -0.016859, 0.000000, 0.000000, 0.000000, 1.000000
-14.9999, 0.3378, 9.5007, 168.4575, 237.4604, 8.6620, 247.5595, 88.8861, 6.3778, -16.8589, 0.586344, -0.809512, -0.029843, 0.000338, 0.809612, 0.586849, -0.011733, 0.009501, 0.027011, -0.017281, 0.999486, 0.168457, 0.000000, 0.000000, 0.000000, 1.000000, 0.026961, -0.017317, 0.999486, 0.237460, -0.586344, 0.809512, 0.029842, 0.008662, -0.809613, -0.586848, 0.011672, 0.247559, 0.000000, 0.000000, 0.000000, 1.000000, 0.044729, 0.059178, -0.997245, 0.088886, -0.996061, -0.073867, -0.049060, 0.006378, -0.076567, 0.995511, 0.055641, -0.016859, 0.000000, 0.000000, 0.000000, 1.000000
-14.9996, 0.3372, 9.4945, 168.4546, 237.4576, 8.6627, 247.5656, 88.8860, 6.3778, -16.8588, 0.586348, -0.809509, -0.029848, 0.000337, 0.809609, 0.586853, -0.011752, 0.009494, 0.027030, -0.017275, 0.999485, 0.168455, 0.000000, 0.000000, 0.000000, 1.000000, 0.026979, -0.017311, 0.999486, 0.237458, -0.586348, 0.809510, 0.029848, 0.008663, -0.809610, -0.586852, 0.011690, 0.247566, 0.000000, 0.000000, 0.000000, 1.000000, 0.044729, 0.059178, -0.997245, 0.088886, -0.996061, -0.073867, -0.049060, 0.006378, -0.076566, 0.995511, 0.055641, -0.016859, 0.000000, 0.000000, 0.000000, 1.000000
-14.9994, 0.3370, 9.4923, 168.4539, 237.4568, 8.6628, 247.5678, 88.8860, 6.3778, -16.8588, 0.586349, -0.809509, -0.029851, 0.000337, 0.809607, 0.586854, -0.011757, 0.009492, 0.027036, -0.017274, 0.999485, 0.168454, 0.000000, 0.000000, 0.000000, 1.000000, 0.026985, -0.017310, 0.999486, 0.237457, -0.586349, 0.809509, 0.029851, 0.008663, -0.809609, -0.586853, 0.011695, 0.247568, 0.000000, 0.000000, 0.000000, 1.000000, 0.044729, 0.059179, -0.997245, 0.088886, -0.996061, -0.073867, -0.049060, 0.006378, -0.076566, 0.995511, 0.055641, -0.016859, 0.000000, 0.000000, 0.000000, 1.000000
-14.9989, 0.3370, 9.4879, 168.4527, 237.4557, 8.6629, 247.5722, 88.8860, 6.3778, -16.8588, 0.586351, -0.809507, -0.029859, 0.000337, 0.809605, 0.586857, -0.011766, 0.009488, 0.027048, -0.017275, 0.999485, 0.168453, 0.000000, 0.000000, 0.000000, 1.000000, 0.026997, -0.017311, 0.999486, 0.237456, -0.586351, 0.809507, 0.029858, 0.008663, -0.809607, -0.586856, 0.011704, 0.247572, 0.000000, 0.000000, 0.000000, 1.000000, 0.044730, 0.059179, -0.997245, 0.088886, -0.996061, -0.073866, -0.049060, 0.006378, -0.076566, 0.995511, 0.055642, -0.016859, 0.000000, 0.000000, 0.000000, 1.000000
-14.9981, 0.3372, 9.4833, 168.4521, 237.4550, 8.6626, 247.5768, 88.8860, 6.3777, -16.8588, 0.586354, -0.809504, -0.029870, 0.000337, 0.809603, 0.586860, -0.011772, 0.009483, 0.027059, -0.017280, 0.999484, 0.168452, 0.000000, 0.000000, 0.000000, 1.000000, 0.027008, -0.017316, 0.999485, 0.237455, -0.586354, 0.809504, 0.029869, 0.008663, -0.809605, -0.586858, 0.011710, 0.247577, 0.000000, 0.000000, 0.000000, 1.000000, 0.044730, 0.059179, -0.997245, 0.088886, -0.996061, -0.073866, -0.049060, 0.006378, -0.076566, 0.995511, 0.055642, -0.016859, 0.000000, 0.000000, 0.000000, 1.000000
-14.9972, 0.3378, 9.4785, 168.4521, 237.4551, 8.6620, 247.5815, 88.8861, 6.3776, -16.8588, 0.586356, -0.809502, -0.029884, 0.000338, 0.809601, 0.586862, -0.011776, 0.009479, 0.027070, -0.017290, 0.999484, 0.168452, 0.000000, 0.000000, 0.000000, 1.000000, 0.027019, -0.017326, 0.999485, 0.237455, -0.586356, 0.809502, 0.029884, 0.008662, -0.809603, -0.586861, 0.011713, 0.247581, 0.000000, 0.000000, 0.000000, 1.000000, 0.044730, 0.059179, -0.997245, 0.088886, -0.996061, -0.073865, -0.049060, 0.006378, -0.076565, 0.995511, 0.055642, -0.016859, 0.000000, 0.000000, 0.000000, 1.000000
-14.9966, 0.3382, 9.4761, 168.4524, 237.4553, 8.6616, 247.5838, 88.8861, 6.3776, -16.8588, 0.586357, -0.809501, -0.029893, 0.000338, 0.809600, 0.586864, -0.011776, 0.009476, 0.027076, -0.017297, 0.999484, 0.168452, 0.000000, 0.000000, 0.000000, 1.000000, 0.027025, -0.017333, 0.999484, 0.237455, -0.586357, 0.809501, 0.029892, 0.008662, -0.809602, -0.586863, 0.011713, 0.247584, 0.000000, 0.000000, 0.000000, 1.000000, 0.044730, 0.059179, -0.997245, 0.088886, -0.996061, -0.073865, -0.049060, 0.006378, -0.076565, 0.995511, 0.055642, -0.016859, 0.000000, 0.000000, 0.000000, 1.000000
-14.9951, 0.3394, 9.4712, 168.4535, 237.4565, 8.6604, 247.5887, 88.8862, 6.3775, -16.8588, 0.586360, -0.809498, -0.029913, 0.000339, 0.809598, 0.586867, -0.011774, 0.009471, 0.027086, -0.017314, 0.999483, 0.168454, 0.000000, 0.000000, 0.000000, 1.000000, 0.027035, -0.017350, 0.999484, 0.237457, -0.586360, 0.809498, 0.029913, 0.008660, -0.809600, -0.586866, 0.011711, 0.247589, 0.000000, 0.000000, 0.000000, 1.000000, 0.044730, 0.059179, -0.997245, 0.088886, -0.996061, -0.073864, -0.049060, 0.006377, -0.076564, 0.995511, 0.055642, -0.016859, 0.000000, 0.000000, 0.000000, 1.000000
-14.9951, 0.3394, 9.4712, 168.4535, 237.4565, 8.6604, 247.5887, 88.8862, 6.3775, -16.8588, 0.586360, -0.809498, -0.029913, 0.000339, 0.809598, 0.586867, -0.011774, 0.009471, 0.027086, -0.017314, 0.999483, 0.168454, 0.000000, 0.000000, 0.000000, 1.000000, 0.027035, -0.017350, 0.999484, 0.237457, -0.586360, 0.809498, 0.029913, 0.008660, -0.809600, -0.586866, 0.011711, 0.247589, 0.000000, 0.000000, 0.000000, 1.000000, 0.044730, 0.059179, -0.997245, 0.088886, -0.996061, -0.073864, -0.049060, 0.006377, -0.076564, 0.995511, 0.055642, -0.016859, 0.000000, 0.000000, 0.000000, 1.000000
-14.9924, 0.3421, 9.4637, 168.4569, 237.4599, 8.6577, 247.5962, 88.8863, 6.3772, -16.8588, 0.586363, -0.809494, -0.029952, 0.000342, 0.809595, 0.586871, -0.011763, 0.009464, 0.027100, -0.017352, 0.999482, 0.168457, 0.000000, 0.000000, 0.000000, 1.000000, 0.027049, -0.017388, 0.999483, 0.237460, -0.586363, 0.809494, 0.029951, 0.008658, -0.809596, -0.586870, 0.011700, 0.247596, 0.000000, 0.000000, 0.000000, 1.000000, 0.044731, 0.059179, -0.997245, 0.088886, -0.996061, -0.073862, -0.049061, 0.006377, -0.076562, 0.995511, 0.055642, -0.016859, 0.000000, 0.000000, 0.000000, 1.000000
-14.9924, 0.3421, 9.4637, 168.4569, 237.4599, 8.6577, 247.5962, 88.8863, 6.3772, -16.8588, 0.586363, -0.809494, -0.029952, 0.000342, 0.809595, 0.586871, -0.011763, 0.009464, 0.027100, -0.017352, 0.999482, 0.168457, 0.000000, 0.000000, 0.000000, 1.000000, 0.027049, -0.017388, 0.999483, 0.237460, -0.586363, 0.809494, 0.029951, 0.008658, -0.809596, -0.586870, 0.011700, 0.247596, 0.000000, 0.000000, 0.000000, 1.000000, 0.044731, 0.059179, -0.997245, 0.088886, -0.996061, -0.073862, -0.049061, 0.006377, -0.076562, 0.995511, 0.055642, -0.016859, 0.000000, 0.000000, 0.000000, 1.000000
-14.9902, 0.3445, 9.4585, 168.4603, 237.4633, 8.6553, 247.6013, 88.8865, 6.3770, -16.8588, 0.586366, -0.809491, -0.029984, 0.000345, 0.809593, 0.586874, -0.011750, 0.009459, 0.027108, -0.017385, 0.999481, 0.168460, 0.000000, 0.000000, 0.000000, 1.000000, 0.027057, -0.017422, 0.999482, 0.237463, -0.586366, 0.809491, 0.029983, 0.008655, -0.809594, -0.586873, 0.011687, 0.247601, 0.000000, 0.000000, 0.000000, 1.000000, 0.044731, 0.059180, -0.997245, 0.088886, -0.996061, -0.073860, -0.049061, 0.006377, -0.076560, 0.995511, 0.055643, -0.016859, 0.000000, 0.000000, 0.000000, 1.000000
-14.9861, 0.3491, 9.4506, 168.4674, 237.4704, 8.6507, 247.6092, 88.8868, 6.3767, -16.8589, 0.586369, -0.809487, -0.030042, 0.000349, 0.809590, 0.586879, -0.011721, 0.009451, 0.027119, -0.017448, 0.999480, 0.168467, 0.000000, 0.000000, 0.000000, 1.000000, 0.027068, -0.017485, 0.999481, 0.237470, -0.586369, 0.809487, 0.030041, 0.008651, -0.809592, -0.586878, 0.011658, 0.247609, 0.000000, 0.000000, 0.000000, 1.000000, 0.044732, 0.059180, -0.997245, 0.088887, -0.996061, -0.073857, -0.049062, 0.006377, -0.076557, 0.995511, 0.055643, -0.016859, 0.000000, 0.000000, 0.000000, 1.000000
-14.9793, 0.3572, 9.4396, 168.4805, 237.4835, 8.6426, 247.6202, 88.8873, 6.3760, -16.8591, 0.586373, -0.809480, -0.030137, 0.000357, 0.809587, 0.586884, -0.011666, 0.009440, 0.027131, -0.017558, 0.999478, 0.168481, 0.000000, 0.000000, 0.000000, 1.000000, 0.027079, -0.017595, 0.999478, 0.237484, -0.586373, 0.809480, 0.030137, 0.008643, -0.809589, -0.586883, 0.011603, 0.247620, 0.000000, 0.000000, 0.000000, 1.000000, 0.044733, 0.059180, -0.997245, 0.088887, -0.996062, -0.073852, -0.049062, 0.006376, -0.076552, 0.995512, 0.055643, -0.016859, 0.000000, 0.000000, 0.000000, 1.000000
-14.9793, 0.3572, 9.4396, 168.4805, 237.4835, 8.6426, 247.6202, 88.8873, 6.3760, -16.8591, 0.586373, -0.809480, -0.030137, 0.000357, 0.809587, 0.586884, -0.011666, 0.009440, 0.027131, -0.017558, 0.999478, 0.168481, 0.000000, 0.000000, 0.000000, 1.000000, 0.027079, -0.017595, 0.999478, 0.237484, -0.586373, 0.809480, 0.030137, 0.008643, -0.809589, -0.586883, 0.011603, 0.247620, 0.000000, 0.000000, 0.000000, 1.000000, 0.044733, 0.059180, -0.997245, 0.088887, -0.996062, -0.073852, -0.049062, 0.006376, -0.076552, 0.995512, 0.055643, -0.016859, 0.000000, 0.000000, 0.000000, 1.000000
-14.9732, 0.3661, 9.4382, 168.4973, 237.5004, 8.6337, 247.6215, 88.8878, 6.3755, -16.8593, 0.586371, -0.809479, -0.030222, 0.000366, 0.809589, 0.586883, -0.011586, 0.009438, 0.027115, -0.017673, 0.999476, 0.168497, 0.000000, 0.000000, 0.000000, 1.000000, 0.027063, -0.017710, 0.999477, 0.237500, -0.586371, 0.809479, 0.030221, 0.008634, -0.809590, -0.586882, 0.011522, 0.247622, 0.000000, 0.000000, 0.000000, 1.000000, 0.044734, 0.059180, -0.997245, 0.088888, -0.996062, -0.073847, -0.049063, 0.006375, -0.076547, 0.995512, 0.055643, -0.016859, 0.000000, 0.000000, 0.000000, 1.000000
-14.9687, 0.3726, 9.4365, 168.5096, 237.5126, 8.6272, 247.6231, 88.8882, 6.3751, -16.8595, 0.586370, -0.809477, -0.030284, 0.000373, 0.809590, 0.586883, -0.011529, 0.009436, 0.027106, -0.017758, 0.999475, 0.168510, 0.000000, 0.000000, 0.000000, 1.000000, 0.027053, -0.017795, 0.999476, 0.237513, -0.586370, 0.809477, 0.030284, 0.008627, -0.809591, -0.586882, 0.011464, 0.247623, 0.000000, 0.000000, 0.000000, 1.000000, 0.044735, 0.059179, -0.997245, 0.088888, -0.996062, -0.073843, -0.049064, 0.006375, -0.076543, 0.995512, 0.055643, -0.016859, 0.000000, 0.000000, 0.000000, 1.000000
-14.9663, 0.3760, 9.4354, 168.5160, 237.5191, 8.6238, 247.6241, 88.8884, 6.3749, -16.8596, 0.586369, -0.809476, -0.030318, 0.000376, 0.809590, 0.586883, -0.011499, 0.009435, 0.027101, -0.017802, 0.999474, 0.168516, 0.000000, 0.000000, 0.000000, 1.000000, 0.027049, -0.017840, 0.999475, 0.237519, -0.586370, 0.809476, 0.030317, 0.008624, -0.809592, -0.586882, 0.011434, 0.247624, 0.000000, 0.000000, 0.000000, 1.000000, 0.044735, 0.059179, -0.997244, 0.088888, -0.996062, -0.073841, -0.049064, 0.006375, -0.076541, 0.995513, 0.055643, -0.016860, 0.000000, 0.000000, 0.000000, 1.000000
-14.9612, 0.3832, 9.4327, 168.5293, 237.5324, 8.6166, 247.6267, 88.8889, 6.3744, -16.8597, 0.586369, -0.809474, -0.030389, 0.000383, 0.809591, 0.586883, -0.011437, 0.009433, 0.027093, -0.017896, 0.999473, 0.168529, 0.000000, 0.000000, 0.000000, 1.000000, 0.027040, -0.017934, 0.999473, 0.237532, -0.586369, 0.809474, 0.030388, 0.008617, -0.809593, -0.586882, 0.011372, 0.247627, 0.000000, 0.000000, 0.000000, 1.000000, 0.044736, 0.059179, -0.997244, 0.088889, -0.996063, -0.073837, -0.049065, 0.006374, -0.076537, 0.995513, 0.055643, -0.016860, 0.000000, 0.000000, 0.000000, 1.000000
-14.9612, 0.3832, 9.4327, 168.5293, 237.5324, 8.6166, 247.6267, 88.8889, 6.3744, -16.8597, 0.586369, -0.809474, -0.030389, 0.000383, 0.809591, 0.586883, -0.011437, 0.009433, 0.027093, -0.017896, 0.999473, 0.168529, 0.000000, 0.000000, 0.000000, 1.000000, 0.027040, -0.017934, 0.999473, 0.237532, -0.586369, 0.809474, 0.030388, 0.008617, -0.809593, -0.586882, 0.011372, 0.247627, 0.000000, 0.000000, 0.000000, 1.000000, 0.044736, 0.059179, -0.997244, 0.088889, -0.996063, -0.073837, -0.049065, 0.006374, -0.076537, 0.995513, 0.055643, -0.016860, 0.000000, 0.000000, 0.000000, 1.000000
-14.9529, 0.3948, 9.4275, 168.5507, 237.5538, 8.6050, 247.6318, 88.8896, 6.3736, -16.8600, 0.586367, -0.809471, -0.030505, 0.000395, 0.809592, 0.586883, -0.011340, 0.009428, 0.027082, -0.018048, 0.999470, 0.168551, 0.000000, 0.000000, 0.000000, 1.000000, 0.027029, -0.018086, 0.999471, 0.237554, -0.586367, 0.809471, 0.030505, 0.008605, -0.809594, -0.586882, 0.011274, 0.247632, 0.000000, 0.000000, 0.000000, 1.000000, 0.044737, 0.059179, -0.997244, 0.088890, -0.996063, -0.073831, -0.049066, 0.006374, -0.076531, 0.995513, 0.055643, -0.016860, 0.000000, 0.000000, 0.000000, 1.000000
-14.9469, 0.4030, 9.4233, 168.5657, 237.5689, 8.5968, 247.6360, 88.8901, 6.3731, -16.8602, 0.586367, -0.809468, -0.030589, 0.000403, 0.809593, 0.586883, -0.011271, 0.009423, 0.027076, -0.018156, 0.999468, 0.168566, 0.000000, 0.000000, 0.000000, 1.000000, 0.027022, -0.018194, 0.999469, 0.237569, -0.586367, 0.809468, 0.030589, 0.008597, -0.809595, -0.586882, 0.011205, 0.247636, 0.000000, 0.000000, 0.000000, 1.000000, 0.044738, 0.059179, -0.997244, 0.088890, -0.996063, -0.073826, -0.049066, 0.006373, -0.076526, 0.995514, 0.055643, -0.016860, 0.000000, 0.000000, 0.000000, 1.000000
-14.9438, 0.4073, 9.4209, 168.5735, 237.5766, 8.5925, 247.6383, 88.8904, 6.3728, -16.8603, 0.586367, -0.809466, -0.030633, 0.000407, 0.809593, 0.586884, -0.011236, 0.009421, 0.027073, -0.018212, 0.999468, 0.168573, 0.000000, 0.000000, 0.000000, 1.000000, 0.027019, -0.018250, 0.999468, 0.237577, -0.586367, 0.809466, 0.030632, 0.008593, -0.809595, -0.586883, 0.011170, 0.247638, 0.000000, 0.000000, 0.000000, 1.000000, 0.044739, 0.059179, -0.997244, 0.088890, -0.996064, -0.073823, -0.049067, 0.006373, -0.076524, 0.995514, 0.055643, -0.016860, 0.000000, 0.000000, 0.000000, 1.000000
-14.9373, 0.4161, 9.4156, 168.5895, 237.5926, 8.5837, 247.6435, 88.8909, 6.3722, -16.8605, 0.586366, -0.809463, -0.030724, 0.000416, 0.809594, 0.586885, -0.011164, 0.009416, 0.027069, -0.018328, 0.999466, 0.168589, 0.000000, 0.000000, 0.000000, 1.000000, 0.027015, -0.018366, 0.999466, 0.237593, -0.586366, 0.809463, 0.030724, 0.008584, -0.809595, -0.586883, 0.011098, 0.247644, 0.000000, 0.000000, 0.000000, 1.000000, 0.044740, 0.059178, -0.997244, 0.088891, -0.996064, -0.073818, -0.049068, 0.006372, -0.076518, 0.995514, 0.055643, -0.016861, 0.000000, 0.000000, 0.000000, 1.000000
-14.9373, 0.4161, 9.4156, 168.5895, 237.5926, 8.5837, 247.6435, 88.8909, 6.3722, -16.8605, 0.586366, -0.809463, -0.030724, 0.000416, 0.809594, 0.586885, -0.011164, 0.009416, 0.027069, -0.018328, 0.999466, 0.168589, 0.000000, 0.000000, 0.000000, 1.000000, 0.027015, -0.018366, 0.999466, 0.237593, -0.586366, 0.809463, 0.030724, 0.008584, -0.809595, -0.586883, 0.011098, 0.247644, 0.000000, 0.000000, 0.000000, 1.000000, 0.044740, 0.059178, -0.997244, 0.088891, -0.996064, -0.073818, -0.049068, 0.006372, -0.076518, 0.995514, 0.055643, -0.016861, 0.000000, 0.000000, 0.000000, 1.000000
-14.9305, 0.4253, 9.4098, 168.6060, 237.6092, 8.5746, 247.6493, 88.8915, 6.3716, -16.8608, 0.586366, -0.809460, -0.030820, 0.000425, 0.809594, 0.586886, -0.011090, 0.009410, 0.027065, -0.018449, 0.999463, 0.168606, 0.000000, 0.000000, 0.000000, 1.000000, 0.027011, -0.018487, 0.999464, 0.237609, -0.586366, 0.809460, 0.030819, 0.008575, -0.809596, -0.586884, 0.011024, 0.247649, 0.000000, 0.000000, 0.000000, 1.000000, 0.044741, 0.059178, -0.997244, 0.088891, -0.996064, -0.073813, -0.049068, 0.006372, -0.076513, 0.995515, 0.055643, -0.016861, 0.000000, 0.000000, 0.000000, 1.000000
-14.9197, 0.4397, 9.3999, 168.6319, 237.6351, 8.5602, 247.6591, 88.8924, 6.3706, -16.8611, 0.586366, -0.809454, -0.030972, 0.000440, 0.809594, 0.586887, -0.010975, 0.009400, 0.027061, -0.018639, 0.999460, 0.168632, 0.000000, 0.000000, 0.000000, 1.000000, 0.027006, -0.018678, 0.999461, 0.237635, -0.586366, 0.809454, 0.030971, 0.008560, -0.809596, -0.586886, 0.010908, 0.247659, 0.000000, 0.000000, 0.000000, 1.000000, 0.044743, 0.059178, -0.997244, 0.088892, -0.996065, -0.073804, -0.049070, 0.006371, -0.076505, 0.995515, 0.055643, -0.016861, 0.000000, 0.000000, 0.000000, 1.000000
-14.9160, 0.4446, 9.3963, 168.6408, 237.6440, 8.5552, 247.6626, 88.8927, 6.3703, -16.8612, 0.586366, -0.809452, -0.031024, 0.000445, 0.809594, 0.586888, -0.010936, 0.009396, 0.027060, -0.018705, 0.999459, 0.168641, 0.000000, 0.000000, 0.000000, 1.000000, 0.027005, -0.018743, 0.999460, 0.237644, -0.586366, 0.809452, 0.031024, 0.008555, -0.809596, -0.586887, 0.010869, 0.247663, 0.000000, 0.000000, 0.000000, 1.000000, 0.044744, 0.059178, -0.997244, 0.088893, -0.996065, -0.073801, -0.049070, 0.006370, -0.076502, 0.995516, 0.055643, -0.016861, 0.000000, 0.000000, 0.000000, 1.000000
-14.9083, 0.4547, 9.3888, 168.6589, 237.6621, 8.5451, 247.6701, 88.8933, 6.3696, -16.8615, 0.586366, -0.809448, -0.031132, 0.000455, 0.809594, 0.586890, -0.010856, 0.009389, 0.027059, -0.018839, 0.999456, 0.168659, 0.000000, 0.000000, 0.000000, 1.000000, 0.027004, -0.018878, 0.999457, 0.237662, -0.586366, 0.809448, 0.031132, 0.008545, -0.809596, -0.586888, 0.010789, 0.247670, 0.000000, 0.000000, 0.000000, 1.000000, 0.044745, 0.059178, -0.997244, 0.088893, -0.996065, -0.073795, -0.049071, 0.006370, -0.076496, 0.995516, 0.055643, -0.016861, 0.000000, 0.000000, 0.000000, 1.000000
-14.9044, 0.4599, 9.3848, 168.6681, 237.6713, 8.5399, 247.6740, 88.8936, 6.3693, -16.8616, 0.586366, -0.809446, -0.031188, 0.000460, 0.809594, 0.586890, -0.010816, 0.009385, 0.027059, -0.018907, 0.999455, 0.168668, 0.000000, 0.000000, 0.000000, 1.000000, 0.027003, -0.018946, 0.999456, 0.237671, -0.586366, 0.809446, 0.031187, 0.008540, -0.809596, -0.586889, 0.010748, 0.247674, 0.000000, 0.000000, 0.000000, 1.000000, 0.044746, 0.059178, -0.997244, 0.088894, -0.996066, -0.073792, -0.049072, 0.006369, -0.076493, 0.995516, 0.055643, -0.016862, 0.000000, 0.000000, 0.000000, 1.000000
-14.8964, 0.4704, 9.3766, 168.6868, 237.6900, 8.5294, 247.6822, 88.8943, 6.3686, -16.8618, 0.586366, -0.809441, -0.031301, 0.000470, 0.809594, 0.586892, -0.010734, 0.009377, 0.027059, -0.019047, 0.999452, 0.168687, 0.000000, 0.000000, 0.000000, 1.000000, 0.027003, -0.019086, 0.999453, 0.237690, -0.586366, 0.809441, 0.031300, 0.008529, -0.809596, -0.586891, 0.010666, 0.247682, 0.000000, 0.000000, 0.000000, 1.000000, 0.044747, 0.059178, -0.997244, 0.088894, -0.996066, -0.073786, -0.049073, 0.006369, -0.076487, 0.995517, 0.055643, -0.016862, 0.000000, 0.000000, 0.000000, 1.000000
-14.8882, 0.4812, 9.3679, 168.7058, 237.7091, 8.5187, 247.6909, 88.8949, 6.3678, -16.8621, 0.586367, -0.809436, -0.031416, 0.000481, 0.809594, 0.586894, -0.010651, 0.009368, 0.027059, -0.019189, 0.999450, 0.168706, 0.000000, 0.000000, 0.000000, 1.000000, 0.027004, -0.019229, 0.999450, 0.237709, -0.586367, 0.809436, 0.031416, 0.008519, -0.809596, -0.586893, 0.010583, 0.247691, 0.000000, 0.000000, 0.000000, 1.000000, 0.044749, 0.059178, -0.997244, 0.088895, -0.996066, -0.073779, -0.049074, 0.006368, -0.076480, 0.995517, 0.055643, -0.016862, 0.000000, 0.000000, 0.000000, 1.000000
-14.8882, 0.4812, 9.3679, 168.7058, 237.7091, 8.5187, 247.6909, 88.8949, 6.3678, -16.8621, 0.586367, -0.809436, -0.031416, 0.000481, 0.809594, 0.586894, -0.010651, 0.009368, 0.027059, -0.019189, 0.999450, 0.168706, 0.000000, 0.000000, 0.000000, 1.000000, 0.027004, -0.019229, 0.999450, 0.237709, -0.586367, 0.809436, 0.031416, 0.008519, -0.809596, -0.586893, 0.010583, 0.247691, 0.000000, 0.000000, 0.000000, 1.000000, 0.044749, 0.059178, -0.997244, 0.088895, -0.996066, -0.073779, -0.049074, 0.006368, -0.076480, 0.995517, 0.055643, -0.016862, 0.000000, 0.000000, 0.000000, 1.000000
-14.8798, 0.4921, 9.3589, 168.7252, 237.7284, 8.5077, 247.6998, 88.8956, 6.3671, -16.8623, 0.586367, -0.809431, -0.031535, 0.000492, 0.809593, 0.586896, -0.010566, 0.009359, 0.027060, -0.019335, 0.999447, 0.168725, 0.000000, 0.000000, 0.000000, 1.000000, 0.027005, -0.019374, 0.999448, 0.237728, -0.586367, 0.809431, 0.031534, 0.008508, -0.809595, -0.586895, 0.010498, 0.247700, 0.000000, 0.000000, 0.000000, 1.000000, 0.044750, 0.059178, -0.997244, 0.088896, -0.996067, -0.073773, -0.049075, 0.006367, -0.076474, 0.995518, 0.055643, -0.016862, 0.000000, 0.000000, 0.000000, 1.000000
-14.8756, 0.4976, 9.3542, 168.7350, 237.7382, 8.5022, 247.7045, 88.8960, 6.3667, -16.8625, 0.586367, -0.809429, -0.031595, 0.000498, 0.809593, 0.586897, -0.010524, 0.009354, 0.027061, -0.019408, 0.999445, 0.168735, 0.000000, 0.000000, 0.000000, 1.000000, 0.027005, -0.019448, 0.999446, 0.237738, -0.586367, 0.809429, 0.031594, 0.008502, -0.809595, -0.586896, 0.010455, 0.247704, 0.000000, 0.000000, 0.000000, 1.000000, 0.044751, 0.059177, -0.997244, 0.088896, -0.996067, -0.073769, -0.049076, 0.006367, -0.076470, 0.995518, 0.055643, -0.016862, 0.000000, 0.000000, 0.000000, 1.000000
-14.8627, 0.5144, 9.3399, 168.7647, 237.7679, 8.4854, 247.7188, 88.8970, 6.3655, -16.8628, 0.586368, -0.809421, -0.031778, 0.000514, 0.809593, 0.586900, -0.010395, 0.009340, 0.027064, -0.019632, 0.999441, 0.168765, 0.000000, 0.000000, 0.000000, 1.000000, 0.027008, -0.019672, 0.999442, 0.237768, -0.586368, 0.809421, 0.031777, 0.008485, -0.809594, -0.586899, 0.010326, 0.247719, 0.000000, 0.000000, 0.000000, 1.000000, 0.044753, 0.059177, -0.997244, 0.088897, -0.996068, -0.073759, -0.049077, 0.006366, -0.076460, 0.995519, 0.055644, -0.016863, 0.000000, 0.000000, 0.000000, 1.000000
-14.8627, 0.5144, 9.3399, 168.7647, 237.7679, 8.4854, 247.7188, 88.8970, 6.3655, -16.8628, 0.586368, -0.809421, -0.031778, 0.000514, 0.809593, 0.586900, -0.010395, 0.009340, 0.027064, -0.019632, 0.999441, 0.168765, 0.000000, 0.000000, 0.000000, 1.000000, 0.027008, -0.019672, 0.999442, 0.237768, -0.586368, 0.809421, 0.031777, 0.008485, -0.809594, -0.586899, 0.010326, 0.247719, 0.000000, 0.000000, 0.000000, 1.000000, 0.044753, 0.059177, -0.997244, 0.088897, -0.996068, -0.073759, -0.049077, 0.006366, -0.076460, 0.995519, 0.055644, -0.016863, 0.000000, 0.000000, 0.000000, 1.000000
-14.8407, 0.5429, 9.3150, 168.8148, 237.8181, 8.4570, 247.7436, 88.8988, 6.3636, -16.8635, 0.586370, -0.809408, -0.032089, 0.000543, 0.809591, 0.586906, -0.010177, 0.009315, 0.027071, -0.020012, 0.999433, 0.168815, 0.000000, 0.000000, 0.000000, 1.000000, 0.027015, -0.020051, 0.999434, 0.237818, -0.586370, 0.809408, 0.032089, 0.008457, -0.809593, -0.586904, 0.010108, 0.247744, 0.000000, 0.000000, 0.000000, 1.000000, 0.044757, 0.059177, -0.997244, 0.088899, -0.996069, -0.073742, -0.049080, 0.006364, -0.076443, 0.995520, 0.055644, -0.016863, 0.000000, 0.000000, 0.000000, 1.000000
-14.8319, 0.5552, 9.3097, 168.8378, 237.8411, 8.4447, 247.7488, 88.8996, 6.3628, -16.8638, 0.586367, -0.809405, -0.032213, 0.000555, 0.809593, 0.586905, -0.010073, 0.009310, 0.027060, -0.020173, 0.999430, 0.168838, 0.000000, 0.000000, 0.000000, 1.000000, 0.027003, -0.020213, 0.999431, 0.237841, -0.586367, 0.809405, 0.032213, 0.008445, -0.809595, -0.586903, 0.010004, 0.247749, 0.000000, 0.000000, 0.000000, 1.000000, 0.044759, 0.059177, -0.997244, 0.088900, -0.996069, -0.073735, -0.049081, 0.006363, -0.076436, 0.995521, 0.055644, -0.016864, 0.000000, 0.000000, 0.000000, 1.000000
-14.8274, 0.5613, 9.3068, 168.8491, 237.8525, 8.4385, 247.7516, 88.8999, 6.3624, -16.8640, 0.586366, -0.809403, -0.032275, 0.000561, 0.809594, 0.586904, -0.010022, 0.009307, 0.027055, -0.020253, 0.999429, 0.168849, 0.000000, 0.000000, 0.000000, 1.000000, 0.026998, -0.020294, 0.999429, 0.237852, -0.586366, 0.809403, 0.032275, 0.008439, -0.809596, -0.586903, 0.009952, 0.247752, 0.000000, 0.000000, 0.000000, 1.000000, 0.044759, 0.059177, -0.997244, 0.088900, -0.996070, -0.073731, -0.049082, 0.006362, -0.076433, 0.995521, 0.055644, -0.016864, 0.000000, 0.000000, 0.000000, 1.000000
-14.8230, 0.5674, 9.3039, 168.8604, 237.8638, 8.4324, 247.7545, 88.9003, 6.3620, -16.8641, 0.586365, -0.809401, -0.032338, 0.000567, 0.809595, 0.586904, -0.009971, 0.009304, 0.027050, -0.020333, 0.999427, 0.168860, 0.000000, 0.000000, 0.000000, 1.000000, 0.026993, -0.020374, 0.999428, 0.237864, -0.586365, 0.809401, 0.032337, 0.008432, -0.809597, -0.586902, 0.009901, 0.247754, 0.000000, 0.000000, 0.000000, 1.000000, 0.044760, 0.059176, -0.997244, 0.088900, -0.996070, -0.073728, -0.049083, 0.006362, -0.076429, 0.995521, 0.055644, -0.016864, 0.000000, 0.000000, 0.000000, 1.000000
-14.8142, 0.5795, 9.2976, 168.8827, 237.8861, 8.4204, 247.7606, 88.9011, 6.3612, -16.8644, 0.586363, -0.809398, -0.032461, 0.000579, 0.809597, 0.586903, -0.009871, 0.009298, 0.027042, -0.020492, 0.999424, 0.168883, 0.000000, 0.000000, 0.000000, 1.000000, 0.026984, -0.020533, 0.999425, 0.237886, -0.586363, 0.809398, 0.032461, 0.008420, -0.809599, -0.586902, 0.009801, 0.247761, 0.000000, 0.000000, 0.000000, 1.000000, 0.044762, 0.059176, -0.997243, 0.088901, -0.996070, -0.073721, -0.049084, 0.006361, -0.076422, 0.995522, 0.055644, -0.016864, 0.000000, 0.000000, 0.000000, 1.000000
-14.8055, 0.5914, 9.2908, 168.9046, 237.9080, 8.4084, 247.7673, 88.9018, 6.3604, -16.8647, 0.586361, -0.809394, -0.032585, 0.000591, 0.809598, 0.586903, -0.009774, 0.009291, 0.027035, -0.020650, 0.999421, 0.168905, 0.000000, 0.000000, 0.000000, 1.000000, 0.026977, -0.020691, 0.999422, 0.237908, -0.586361, 0.809394, 0.032584, 0.008408, -0.809600, -0.586902, 0.009703, 0.247767, 0.000000, 0.000000, 0.000000, 1.000000, 0.044763, 0.059176, -0.997243, 0.088902, -0.996071, -0.073714, -0.049085, 0.006360, -0.076415, 0.995522, 0.055644, -0.016865, 0.000000, 0.000000, 0.000000, 1.000000
-14.7968, 0.6031, 9.2836, 168.9261, 237.9295, 8.3967, 247.7744, 88.9025, 6.3596, -16.8650, 0.586360, -0.809390, -0.032707, 0.000603, 0.809599, 0.586903, -0.009679, 0.009284, 0.027030, -0.020805, 0.999418, 0.168926, 0.000000, 0.000000, 0.000000, 1.000000, 0.026972, -0.020846, 0.999419, 0.237929, -0.586360, 0.809390, 0.032707, 0.008397, -0.809601, -0.586901, 0.009607, 0.247774, 0.000000, 0.000000, 0.000000, 1.000000, 0.044765, 0.059176, -0.997243, 0.088903, -0.996071, -0.073707, -0.049086, 0.006360, -0.076409, 0.995523, 0.055644, -0.016865, 0.000000, 0.000000, 0.000000, 1.000000
-14.7882, 0.6147, 9.2760, 168.9470, 237.9505, 8.3852, 247.7820, 88.9033, 6.3588, -16.8653, 0.586359, -0.809386, -0.032829, 0.000615, 0.809600, 0.586903, -0.009586, 0.009276, 0.027027, -0.020957, 0.999415, 0.168947, 0.000000, 0.000000, 0.000000, 1.000000, 0.026968, -0.020999, 0.999416, 0.237950, -0.586359, 0.809386, 0.032828, 0.008385, -0.809602, -0.586902, 0.009515, 0.247782, 0.000000, 0.000000, 0.000000, 1.000000, 0.044766, 0.059175, -0.997243, 0.088903, -0.996072, -0.073700, -0.049087, 0.006359, -0.076402, 0.995523, 0.055644, -0.016865, 0.000000, 0.000000, 0.000000, 1.000000
-14.7882, 0.6147, 9.2760, 168.9470, 237.9505, 8.3852, 247.7820, 88.9033, 6.3588, -16.8653, 0.586359, -0.809386, -0.032829, 0.000615, 0.809600, 0.586903, -0.009586, 0.009276, 0.027027, -0.020957, 0.999415, 0.168947, 0.000000, 0.000000, 0.000000, 1.000000, 0.026968, -0.020999, 0.999416, 0.237950, -0.586359, 0.809386, 0.032828, 0.008385, -0.809602, -0.586902, 0.009515, 0.247782, 0.000000, 0.000000, 0.000000, 1.000000, 0.044766, 0.059175, -0.997243, 0.088903, -0.996072, -0.073700, -0.049087, 0.006359, -0.076402, 0.995523, 0.055644, -0.016865, 0.000000, 0.000000, 0.000000, 1.000000
-14.7755, 0.6315, 9.2638, 168.9775, 237.9809, 8.3683, 247.7940, 88.9043, 6.3577, -16.8657, 0.586358, -0.809379, -0.033009, 0.000632, 0.809601, 0.586904, -0.009453, 0.009264, 0.027024, -0.021181, 0.999410, 0.168977, 0.000000, 0.000000, 0.000000, 1.000000, 0.026965, -0.021223, 0.999411, 0.237981, -0.586358, 0.809379, 0.033008, 0.008368, -0.809603, -0.586903, 0.009381, 0.247794, 0.000000, 0.000000, 0.000000, 1.000000, 0.044769, 0.059175, -0.997243, 0.088904, -0.996072, -0.073690, -0.049089, 0.006358, -0.076392, 0.995524, 0.055644, -0.016866, 0.000000, 0.000000, 0.000000, 1.000000
-14.7714, 0.6370, 9.2597, 168.9874, 237.9908, 8.3628, 247.7981, 88.9047, 6.3573, -16.8658, 0.586357, -0.809377, -0.033068, 0.000637, 0.809602, 0.586904, -0.009410, 0.009260, 0.027024, -0.021254, 0.999409, 0.168987, 0.000000, 0.000000, 0.000000, 1.000000, 0.026965, -0.021296, 0.999410, 0.237991, -0.586357, 0.809377, 0.033067, 0.008363, -0.809603, -0.586903, 0.009338, 0.247798, 0.000000, 0.000000, 0.000000, 1.000000, 0.044770, 0.059175, -0.997243, 0.088905, -0.996073, -0.073687, -0.049089, 0.006357, -0.076389, 0.995524, 0.055644, -0.016866, 0.000000, 0.000000, 0.000000, 1.000000
-14.7631, 0.6478, 9.2511, 169.0067, 238.0102, 8.3520, 247.8067, 88.9053, 6.3566, -16.8660, 0.586357, -0.809373, -0.033185, 0.000648, 0.809602, 0.586905, -0.009326, 0.009251, 0.027025, -0.021398, 0.999406, 0.169007, 0.000000, 0.000000, 0.000000, 1.000000, 0.026965, -0.021440, 0.999406, 0.238010, -0.586357, 0.809373, 0.033184, 0.008352, -0.809604, -0.586904, 0.009254, 0.247807, 0.000000, 0.000000, 0.000000, 1.000000, 0.044771, 0.059175, -0.997243, 0.088905, -0.996073, -0.073680, -0.049091, 0.006357, -0.076382, 0.995525, 0.055644, -0.016866, 0.000000, 0.000000, 0.000000, 1.000000
-14.7550, 0.6584, 9.2422, 169.0255, 238.0290, 8.3414, 247.8154, 88.9060, 6.3559, -16.8663, 0.586357, -0.809368, -0.033299, 0.000658, 0.809602, 0.586907, -0.009245, 0.009242, 0.027026, -0.021538, 0.999403, 0.169025, 0.000000, 0.000000, 0.000000, 1.000000, 0.026967, -0.021581, 0.999403, 0.238029, -0.586357, 0.809368, 0.033299, 0.008341, -0.809604, -0.586905, 0.009172, 0.247815, 0.000000, 0.000000, 0.000000, 1.000000, 0.044773, 0.059175, -0.997243, 0.088906, -0.996073, -0.073674, -0.049092, 0.006356, -0.076376, 0.995525, 0.055644, -0.016866, 0.000000, 0.000000, 0.000000, 1.000000
-14.7550, 0.6584, 9.2422, 169.0255, 238.0290, 8.3414, 247.8154, 88.9060, 6.3559, -16.8663, 0.586357, -0.809368, -0.033299, 0.000658, 0.809602, 0.586907, -0.009245, 0.009242, 0.027026, -0.021538, 0.999403, 0.169025, 0.000000, 0.000000, 0.000000, 1.000000, 0.026967, -0.021581, 0.999403, 0.238029, -0.586357, 0.809368, 0.033299, 0.008341, -0.809604, -0.586905, 0.009172, 0.247815, 0.000000, 0.000000, 0.000000, 1.000000, 0.044773, 0.059175, -0.997243, 0.088906, -0.996073, -0.073674, -0.049092, 0.006356, -0.076376, 0.995525, 0.055644, -0.016866, 0.000000, 0.000000, 0.000000, 1.000000
-14.7432, 0.6737, 9.2287, 169.0526, 238.0561, 8.3261, 247.8289, 88.9070, 6.3548, -16.8666, 0.586357, -0.809361, -0.033468, 0.000674, 0.809602, 0.586909, -0.009129, 0.009229, 0.027031, -0.021743, 0.999398, 0.169053, 0.000000, 0.000000, 0.000000, 1.000000, 0.026971, -0.021785, 0.999399, 0.238056, -0.586357, 0.809361, 0.033467, 0.008326, -0.809604, -0.586907, 0.009055, 0.247829, 0.000000, 0.000000, 0.000000, 1.000000, 0.044775, 0.059175, -0.997243, 0.088907, -0.996074, -0.073665, -0.049093, 0.006355, -0.076367, 0.995526, 0.055644, -0.016867, 0.000000, 0.000000, 0.000000, 1.000000
-14.7432, 0.6737, 9.2287, 169.0526, 238.0561, 8.3261, 247.8289, 88.9070, 6.3548, -16.8666, 0.586357, -0.809361, -0.033468, 0.000674, 0.809602, 0.586909, -0.009129, 0.009229, 0.027031, -0.021743, 0.999398, 0.169053, 0.000000, 0.000000, 0.000000, 1.000000, 0.026971, -0.021785, 0.999399, 0.238056, -0.586357, 0.809361, 0.033467, 0.008326, -0.809604, -0.586907, 0.009055, 0.247829, 0.000000, 0.000000, 0.000000, 1.000000, 0.044775, 0.059175, -0.997243, 0.088907, -0.996074, -0.073665, -0.049093, 0.006355, -0.076367, 0.995526, 0.055644, -0.016867, 0.000000, 0.000000, 0.000000, 1.000000
-14.7317, 0.6884, 9.2149, 169.0785, 238.0820, 8.3114, 247.8425, 88.9079, 6.3538, -16.8670, 0.586357, -0.809354, -0.033631, 0.000688, 0.809601, 0.586911, -0.009018, 0.009215, 0.027037, -0.021940, 0.999394, 0.169078, 0.000000, 0.000000, 0.000000, 1.000000, 0.026977, -0.021982, 0.999394, 0.238082, -0.586357, 0.809354, 0.033630, 0.008311, -0.809603, -0.586910, 0.008944, 0.247843, 0.000000, 0.000000, 0.000000, 1.000000, 0.044777, 0.059174, -0.997243, 0.088908, -0.996075, -0.073656, -0.049095, 0.006354, -0.076358, 0.995527, 0.055644, -0.016867, 0.000000, 0.000000, 0.000000, 1.000000
-14.7242, 0.6979, 9.2057, 169.0950, 238.0986, 8.3019, 247.8517, 88.9085, 6.3531, -16.8672, 0.586358, -0.809349, -0.033737, 0.000698, 0.809601, 0.586913, -0.008948, 0.009206, 0.027042, -0.022066, 0.999391, 0.169095, 0.000000, 0.000000, 0.000000, 1.000000, 0.026982, -0.022109, 0.999391, 0.238099, -0.586358, 0.809349, 0.033736, 0.008302, -0.809603, -0.586911, 0.008874, 0.247852, 0.000000, 0.000000, 0.000000, 1.000000, 0.044778, 0.059174, -0.997243, 0.088908, -0.996075, -0.073650, -0.049096, 0.006353, -0.076352, 0.995527, 0.055644, -0.016867, 0.000000, 0.000000, 0.000000, 1.000000
-14.7134, 0.7116, 9.1919, 169.1188, 238.1224, 8.2883, 247.8654, 88.9094, 6.3522, -16.8675, 0.586359, -0.809342, -0.033890, 0.000712, 0.809600, 0.586916, -0.008847, 0.009192, 0.027051, -0.022250, 0.999386, 0.169119, 0.000000, 0.000000, 0.000000, 1.000000, 0.026990, -0.022293, 0.999387, 0.238122, -0.586359, 0.809342, 0.033889, 0.008288, -0.809602, -0.586914, 0.008773, 0.247865, 0.000000, 0.000000, 0.000000, 1.000000, 0.044780, 0.059174, -0.997243, 0.088909, -0.996075, -0.073641, -0.049097, 0.006352, -0.076344, 0.995528, 0.055644, -0.016867, 0.000000, 0.000000, 0.000000, 1.000000
-14.7134, 0.7116, 9.1919, 169.1188, 238.1224, 8.2883, 247.8654, 88.9094, 6.3522, -16.8675, 0.586359, -0.809342, -0.033890, 0.000712, 0.809600, 0.586916, -0.008847, 0.009192, 0.027051, -0.022250, 0.999386, 0.169119, 0.000000, 0.000000, 0.000000, 1.000000, 0.026990, -0.022293, 0.999387, 0.238122, -0.586359, 0.809342, 0.033889, 0.008288, -0.809602, -0.586914, 0.008773, 0.247865, 0.000000, 0.000000, 0.000000, 1.000000, 0.044780, 0.059174, -0.997243, 0.088909, -0.996075, -0.073641, -0.049097, 0.006352, -0.076344, 0.995528, 0.055644, -0.016867, 0.000000, 0.000000, 0.000000, 1.000000
-14.7065, 0.7203, 9.1829, 169.1340, 238.1376, 8.2795, 247.8744, 88.9099, 6.3516, -16.8677, 0.586360, -0.809337, -0.033989, 0.000720, 0.809599, 0.586918, -0.008783, 0.009183, 0.027057, -0.022367, 0.999384, 0.169134, 0.000000, 0.000000, 0.000000, 1.000000, 0.026996, -0.022410, 0.999384, 0.238138, -0.586360, 0.809337, 0.033988, 0.008280, -0.809601, -0.586916, 0.008708, 0.247874, 0.000000, 0.000000, 0.000000, 1.000000, 0.044781, 0.059174, -0.997243, 0.088910, -0.996076, -0.073636, -0.049098, 0.006352, -0.076338, 0.995528, 0.055644, -0.016868, 0.000000, 0.000000, 0.000000, 1.000000
