# Joint_B_Angle(deg), Cam_X(mm), Cam_Y(mm), Cam_Z(mm), Torso_X(mm), Torso_Y(mm), Torso_Z(mm), EE_X(mm), EE_Y(mm), EE_Z(mm), T_cam2marker_flat(16), T_torso2marker_flat(16), T_ee2marker_flat(16)
-9.9917, 11.9249, 8.8870, 126.7141, 195.7168, -2.9251, 248.1765, 98.2521, 6.9142, 3.2334, 0.578019, 0.809812, 0.100490, 0.011925, -0.812732, 0.582355, -0.018147, 0.008887, -0.073216, -0.071182, 0.994773, 0.126714, 0.000000, 0.000000, 0.000000, 1.000000, -0.073170, -0.071216, 0.994774, 0.195717, -0.578019, -0.809812, -0.100490, -0.002925, 0.812736, -0.582351, 0.018090, 0.248177, 0.000000, 0.000000, 0.000000, 1.000000, 0.001848, -0.013975, -0.999901, 0.098252, -0.999450, -0.033127, -0.001384, 0.006914, -0.033104, 0.999353, -0.014028, 0.003233, 0.000000, 0.000000, 0.000000, 1.000000
-9.9903, 11.9066, 8.8723, 126.7615, 195.7643, -2.9068, 248.1911, 98.2520, 6.9143, 3.2327, 0.578017, 0.809784, 0.100726, 0.011907, -0.812734, 0.582358, -0.017968, 0.008872, -0.073209, -0.071477, 0.994752, 0.126762, 0.000000, 0.000000, 0.000000, 1.000000, -0.073162, -0.071512, 0.994753, 0.195764, -0.578017, -0.809784, -0.100727, -0.002907, 0.812738, -0.582353, 0.017911, 0.248191, 0.000000, 0.000000, 0.000000, 1.000000, 0.001848, -0.013975, -0.999901, 0.098252, -0.999450, -0.033127, -0.001384, 0.006914, -0.033104, 0.999353, -0.014028, 0.003233, 0.000000, 0.000000, 0.000000, 1.000000
-9.9891, 11.8890, 8.8582, 126.8055, 195.8083, -2.8892, 248.2052, 98.2519, 6.9143, 3.2320, 0.578015, 0.809758, 0.100951, 0.011889, -0.812736, 0.582360, -0.017799, 0.008858, -0.073203, -0.071758, 0.994732, 0.126805, 0.000000, 0.000000, 0.000000, 1.000000, -0.073156, -0.071793, 0.994733, 0.195808, -0.578015, -0.809757, -0.100951, -0.002889, 0.812740, -0.582356, 0.017741, 0.248205, 0.000000, 0.000000, 0.000000, 1.000000, 0.001848, -0.013975, -0.999901, 0.098252, -0.999450, -0.033127, -0.001384, 0.006914, -0.033104, 0.999353, -0.014028, 0.003232, 0.000000, 0.000000, 0.000000, 1.000000
-9.9878, 11.8642, 8.8382, 126.8645, 195.8674, -2.8644, 248.2251, 98.2518, 6.9143, 3.2310, 0.578013, 0.809720, 0.101263, 0.011864, -0.812738, 0.582364, -0.017564, 0.008838, -0.073194, -0.072148, 0.994705, 0.126865, 0.000000, 0.000000, 0.000000, 1.000000, -0.073147, -0.072183, 0.994706, 0.195867, -0.578013, -0.809720, -0.101264, -0.002864, 0.812743, -0.582360, 0.017506, 0.248225, 0.000000, 0.000000, 0.000000, 1.000000, 0.001848, -0.013975, -0.999901, 0.098252, -0.999450, -0.033127, -0.001384, 0.006914, -0.033104, 0.999353, -0.014028, 0.003231, 0.000000, 0.000000, 0.000000, 1.000000
-9.9873, 11.8489, 8.8258, 126.8992, 195.9020, -2.8490, 248.2374, 98.2518, 6.9143, 3.2304, 0.578012, 0.809697, 0.101454, 0.011849, -0.812740, 0.582367, -0.017422, 0.008826, -0.073190, -0.072386, 0.994688, 0.126899, 0.000000, 0.000000, 0.000000, 1.000000, -0.073142, -0.072421, 0.994689, 0.195902, -0.578012, -0.809697, -0.101455, -0.002849, 0.812744, -0.582362, 0.017363, 0.248237, 0.000000, 0.000000, 0.000000, 1.000000, 0.001848, -0.013975, -0.999901, 0.098252, -0.999450, -0.033127, -0.001384, 0.006914, -0.033104, 0.999353, -0.014028, 0.003230, 0.000000, 0.000000, 0.000000, 1.000000
-9.9870, 11.8346, 8.8141, 126.9301, 195.9330, -2.8347, 248.2490, 98.2517, 6.9144, 3.2298, 0.578011, 0.809676, 0.101630, 0.011835, -0.812741, 0.582369, -0.017291, 0.008814, -0.073186, -0.072605, 0.994672, 0.126930, 0.000000, 0.000000, 0.000000, 1.000000, -0.073139, -0.072640, 0.994673, 0.195933, -0.578011, -0.809676, -0.101631, -0.002835, 0.812745, -0.582365, 0.017232, 0.248249, 0.000000, 0.000000, 0.000000, 1.000000, 0.001848, -0.013975, -0.999901, 0.098252, -0.999450, -0.033127, -0.001384, 0.006914, -0.033104, 0.999353, -0.014028, 0.003230, 0.000000, 0.000000, 0.000000, 1.000000
-9.9868, 11.8214, 8.8034, 126.9575, 195.9604, -2.8215, 248.2597, 98.2517, 6.9144, 3.2293, 0.578010, 0.809656, 0.101791, 0.011821, -0.812741, 0.582371, -0.017172, 0.008803, -0.073184, -0.072804, 0.994658, 0.126958, 0.000000, 0.000000, 0.000000, 1.000000, -0.073136, -0.072839, 0.994659, 0.195960, -0.578010, -0.809656, -0.101792, -0.002822, 0.812746, -0.582367, 0.017113, 0.248260, 0.000000, 0.000000, 0.000000, 1.000000, 0.001848, -0.013975, -0.999901, 0.098252, -0.999450, -0.033127, -0.001384, 0.006914, -0.033104, 0.999353, -0.014028, 0.003229, 0.000000, 0.000000, 0.000000, 1.000000
-9.9868, 11.8094, 8.7934, 126.9816, 195.9845, -2.8095, 248.2696, 98.2516, 6.9144, 3.2288, 0.578009, 0.809638, 0.101936, 0.011809, -0.812742, 0.582374, -0.017065, 0.008793, -0.073182, -0.072984, 0.994645, 0.126982, 0.000000, 0.000000, 0.000000, 1.000000, -0.073133, -0.073020, 0.994645, 0.195984, -0.578009, -0.809638, -0.101937, -0.002810, 0.812746, -0.582369, 0.017006, 0.248270, 0.000000, 0.000000, 0.000000, 1.000000, 0.001848, -0.013975, -0.999901, 0.098252, -0.999450, -0.033127, -0.001384, 0.006914, -0.033104, 0.999353, -0.014028, 0.003229, 0.000000, 0.000000, 0.000000, 1.000000
-9.9869, 11.7890, 8.7761, 127.0212, 196.0241, -2.7892, 248.2868, 98.2515, 6.9144, 3.2280, 0.578009, 0.809608, 0.102182, 0.011789, -0.812743, 0.582378, -0.016887, 0.008776, -0.073180, -0.073287, 0.994622, 0.127021, 0.000000, 0.000000, 0.000000, 1.000000, -0.073131, -0.073323, 0.994623, 0.196024, -0.578009, -0.809608, -0.102182, -0.002789, 0.812747, -0.582374, 0.016827, 0.248287, 0.000000, 0.000000, 0.000000, 1.000000, 0.001848, -0.013975, -0.999901, 0.098252, -0.999450, -0.033127, -0.001384, 0.006914, -0.033104, 0.999353, -0.014028, 0.003228, 0.000000, 0.000000, 0.000000, 1.000000
-9.9869, 11.7808, 8.7688, 127.0375, 196.0404, -2.7809, 248.2941, 98.2515, 6.9144, 3.2277, 0.578008, 0.809595, 0.102282, 0.011781, -0.812743, 0.582380, -0.016814, 0.008769, -0.073180, -0.073410, 0.994613, 0.127037, 0.000000, 0.000000, 0.000000, 1.000000, -0.073131, -0.073446, 0.994614, 0.196040, -0.578008, -0.809595, -0.102283, -0.002781, 0.812747, -0.582375, 0.016754, 0.248294, 0.000000, 0.000000, 0.000000, 1.000000, 0.001848, -0.013975, -0.999901, 0.098251, -0.999450, -0.033127, -0.001384, 0.006914, -0.033104, 0.999353, -0.014028, 0.003228, 0.000000, 0.000000, 0.000000, 1.000000
-9.9868, 11.7734, 8.7644, 127.0530, 196.0560, -2.7735, 248.2985, 98.2515, 6.9144, 3.2274, 0.578007, 0.809585, 0.102368, 0.011773, -0.812744, 0.582380, -0.016745, 0.008764, -0.073173, -0.073520, 0.994606, 0.127053, 0.000000, 0.000000, 0.000000, 1.000000, -0.073124, -0.073556, 0.994607, 0.196056, -0.578007, -0.809585, -0.102369, -0.002773, 0.812749, -0.582375, 0.016684, 0.248298, 0.000000, 0.000000, 0.000000, 1.000000, 0.001848, -0.013975, -0.999901, 0.098251, -0.999450, -0.033127, -0.001384, 0.006914, -0.033104, 0.999353, -0.014028, 0.003227, 0.000000, 0.000000, 0.000000, 1.000000
-9.9866, 11.7660, 8.7664, 127.0703, 196.0732, -2.7662, 248.2963, 98.2514, 6.9144, 3.2271, 0.578002, 0.809580, 0.102437, 0.011766, -0.812750, 0.582374, -0.016663, 0.008766, -0.073147, -0.073624, 0.994600, 0.127070, 0.000000, 0.000000, 0.000000, 1.000000, -0.073097, -0.073661, 0.994601, 0.196073, -0.578002, -0.809580, -0.102438, -0.002766, 0.812755, -0.582369, 0.016602, 0.248296, 0.000000, 0.000000, 0.000000, 1.000000, 0.001848, -0.013975, -0.999901, 0.098251, -0.999450, -0.033127, -0.001384, 0.006914, -0.033104, 0.999353, -0.014028, 0.003227, 0.000000, 0.000000, 0.000000, 1.000000
-9.9863, 11.7602, 8.7686, 127.0855, 196.0886, -2.7603, 248.2939, 98.2514, 6.9145, 3.2270, 0.577997, 0.809577, 0.102493, 0.011760, -0.812756, 0.582368, -0.016595, 0.008769, -0.073124, -0.073710, 0.994595, 0.127086, 0.000000, 0.000000, 0.000000, 1.000000, -0.073073, -0.073747, 0.994596, 0.196089, -0.577997, -0.809577, -0.102494, -0.002760, 0.812760, -0.582363, 0.016533, 0.248294, 0.000000, 0.000000, 0.000000, 1.000000, 0.001848, -0.013975, -0.999901, 0.098251, -0.999450, -0.033127, -0.001384, 0.006914, -0.033104, 0.999353, -0.014028, 0.003227, 0.000000, 0.000000, 0.000000, 1.000000
-9.9857, 11.7557, 8.7708, 127.0992, 196.1023, -2.7559, 248.2916, 98.2514, 6.9145, 3.2268, 0.577993, 0.809574, 0.102537, 0.011756, -0.812761, 0.582363, -0.016540, 0.008771, -0.073104, -0.073778, 0.994592, 0.127099, 0.000000, 0.000000, 0.000000, 1.000000, -0.073053, -0.073815, 0.994593, 0.196102, -0.577993, -0.809574, -0.102538, -0.002756, 0.812765, -0.582358, 0.016477, 0.248292, 0.000000, 0.000000, 0.000000, 1.000000, 0.001848, -0.013975, -0.999901, 0.098251, -0.999450, -0.033127, -0.001384, 0.006914, -0.033104, 0.999353, -0.014028, 0.003227, 0.000000, 0.000000, 0.000000, 1.000000
-9.9850, 11.7527, 8.7729, 127.1115, 196.1146, -2.7528, 248.2893, 98.2514, 6.9145, 3.2268, 0.577990, 0.809572, 0.102569, 0.011753, -0.812764, 0.582359, -0.016498, 0.008773, -0.073088, -0.073829, 0.994589, 0.127111, 0.000000, 0.000000, 0.000000, 1.000000, -0.073036, -0.073867, 0.994590, 0.196115, -0.577990, -0.809572, -0.102570, -0.002753, 0.812769, -0.582354, 0.016434, 0.248289, 0.000000, 0.000000, 0.000000, 1.000000, 0.001848, -0.013975, -0.999901, 0.098251, -0.999450, -0.033127, -0.001384, 0.006914, -0.033104, 0.999353, -0.014028, 0.003227, 0.000000, 0.000000, 0.000000, 1.000000
-9.9834, 11.7507, 8.7760, 127.1279, 196.1310, -2.7508, 248.2860, 98.2514, 6.9145, 3.2267, 0.577986, 0.809572, 0.102597, 0.011751, -0.812769, 0.582354, -0.016457, 0.008776, -0.073071, -0.073875, 0.994587, 0.127128, 0.000000, 0.000000, 0.000000, 1.000000, -0.073018, -0.073914, 0.994588, 0.196131, -0.577986, -0.809572, -0.102597, -0.002751, 0.812774, -0.582349, 0.016392, 0.248286, 0.000000, 0.000000, 0.000000, 1.000000, 0.001848, -0.013975, -0.999901, 0.098251, -0.999450, -0.033127, -0.001384, 0.006914, -0.033104, 0.999353, -0.014028, 0.003227, 0.000000, 0.000000, 0.000000, 1.000000
-9.9820, 11.7510, 8.7780, 127.1377, 196.1409, -2.7512, 248.2838, 98.2514, 6.9145, 3.2268, 0.577984, 0.809572, 0.102602, 0.011751, -0.812771, 0.582351, -0.016444, 0.008778, -0.073063, -0.073888, 0.994587, 0.127138, 0.000000, 0.000000, 0.000000, 1.000000, -0.073009, -0.073927, 0.994588, 0.196141, -0.577984, -0.809572, -0.102603, -0.002751, 0.812776, -0.582346, 0.016378, 0.248284, 0.000000, 0.000000, 0.000000, 1.000000, 0.001848, -0.013975, -0.999901, 0.098251, -0.999450, -0.033127, -0.001384, 0.006914, -0.033104, 0.999353, -0.014028, 0.003227, 0.000000, 0.000000, 0.000000, 1.000000
-9.9803, 11.7526, 8.7799, 127.1469, 196.1501, -2.7527, 248.2818, 98.2514, 6.9145, 3.2269, 0.577982, 0.809574, 0.102599, 0.011753, -0.812772, 0.582350, -0.016441, 0.008780, -0.073059, -0.073887, 0.994587, 0.127147, 0.000000, 0.000000, 0.000000, 1.000000, -0.073004, -0.073927, 0.994588, 0.196150, -0.577982, -0.809574, -0.102600, -0.002753, 0.812777, -0.582345, 0.016374, 0.248282, 0.000000, 0.000000, 0.000000, 1.000000, 0.001848, -0.013975, -0.999901, 0.098251, -0.999450, -0.033127, -0.001384, 0.006914, -0.033104, 0.999353, -0.014028, 0.003227, 0.000000, 0.000000, 0.000000, 1.000000
-9.9784, 11.7554, 8.7818, 127.1555, 196.1587, -2.7555, 248.2798, 98.2514, 6.9145, 3.2270, 0.577982, 0.809576, 0.102586, 0.011755, -0.812773, 0.582348, -0.016448, 0.008782, -0.073057, -0.073873, 0.994588, 0.127155, 0.000000, 0.000000, 0.000000, 1.000000, -0.073002, -0.073913, 0.994589, 0.196159, -0.577982, -0.809576, -0.102587, -0.002756, 0.812778, -0.582343, 0.016380, 0.248280, 0.000000, 0.000000, 0.000000, 1.000000, 0.001848, -0.013975, -0.999901, 0.098251, -0.999450, -0.033127, -0.001384, 0.006914, -0.033104, 0.999353, -0.014028, 0.003227, 0.000000, 0.000000, 0.000000, 1.000000
-9.9761, 11.7593, 8.7836, 127.1638, 196.1671, -2.7594, 248.2779, 98.2514, 6.9145, 3.2272, 0.577981, 0.809579, 0.102566, 0.011759, -0.812773, 0.582348, -0.016464, 0.008784, -0.073058, -0.073847, 0.994590, 0.127164, 0.000000, 0.000000, 0.000000, 1.000000, -0.073002, -0.073888, 0.994591, 0.196167, -0.577981, -0.809579, -0.102567, -0.002759, 0.812778, -0.582343, 0.016395, 0.248278, 0.000000, 0.000000, 0.000000, 1.000000, 0.001848, -0.013975, -0.999901, 0.098251, -0.999450, -0.033127, -0.001384, 0.006914, -0.033104, 0.999353, -0.014028, 0.003227, 0.000000, 0.000000, 0.000000, 1.000000
-9.9736, 11.7642, 8.7853, 127.1719, 196.1753, -2.7643, 248.2760, 98.2515, 6.9145, 3.2274, 0.577982, 0.809582, 0.102539, 0.011764, -0.812773, 0.582348, -0.016487, 0.008785, -0.073061, -0.073811, 0.994592, 0.127172, 0.000000, 0.000000, 0.000000, 1.000000, -0.073005, -0.073852, 0.994593, 0.196175, -0.577982, -0.809582, -0.102540, -0.002764, 0.812778, -0.582343, 0.016418, 0.248276, 0.000000, 0.000000, 0.000000, 1.000000, 0.001848, -0.013975, -0.999901, 0.098251, -0.999450, -0.033127, -0.001384, 0.006914, -0.033104, 0.999353, -0.014028, 0.003227, 0.000000, 0.000000, 0.000000, 1.000000
-9.9708, 11.7700, 8.7870, 127.1802, 196.1836, -2.7701, 248.2742, 98.2515, 6.9145, 3.2276, 0.577982, 0.809586, 0.102505, 0.011770, -0.812772, 0.582348, -0.016518, 0.008787, -0.073067, -0.073766, 0.994595, 0.127180, 0.000000, 0.000000, 0.000000, 1.000000, -0.073010, -0.073808, 0.994596, 0.196184, -0.577982, -0.809586, -0.102506, -0.002770, 0.812777, -0.582343, 0.016448, 0.248274, 0.000000, 0.000000, 0.000000, 1.000000, 0.001848, -0.013975, -0.999901, 0.098251, -0.999450, -0.033127, -0.001384, 0.006914, -0.033104, 0.999353, -0.014028, 0.003228, 0.000000, 0.000000, 0.000000, 1.000000
-9.9662, 11.7804, 8.7895, 127.1929, 196.1963, -2.7805, 248.2716, 98.2515, 6.9144, 3.2280, 0.577984, 0.809592, 0.102445, 0.011780, -0.812769, 0.582350, -0.016576, 0.008789, -0.073078, -0.073684, 0.994601, 0.127193, 0.000000, 0.000000, 0.000000, 1.000000, -0.073021, -0.073726, 0.994602, 0.196196, -0.577984, -0.809592, -0.102446, -0.002781, 0.812774, -0.582345, 0.016505, 0.248272, 0.000000, 0.000000, 0.000000, 1.000000, 0.001848, -0.013975, -0.999901, 0.098252, -0.999450, -0.033127, -0.001384, 0.006914, -0.033104, 0.999353, -0.014028, 0.003228, 0.000000, 0.000000, 0.000000, 1.000000
-9.9628, 11.7882, 8.7911, 127.2016, 196.2050, -2.7884, 248.2698, 98.2516, 6.9144, 3.2283, 0.577986, 0.809597, 0.102399, 0.011788, -0.812767, 0.582351, -0.016621, 0.008791, -0.073088, -0.073620, 0.994605, 0.127202, 0.000000, 0.000000, 0.000000, 1.000000, -0.073030, -0.073662, 0.994606, 0.196205, -0.577986, -0.809597, -0.102400, -0.002788, 0.812773, -0.582346, 0.016549, 0.248270, 0.000000, 0.000000, 0.000000, 1.000000, 0.001848, -0.013975, -0.999901, 0.098252, -0.999450, -0.033127, -0.001384, 0.006914, -0.033104, 0.999353, -0.014028, 0.003228, 0.000000, 0.000000, 0.000000, 1.000000
-9.9592, 11.7967, 8.7928, 127.2106, 196.2141, -2.7969, 248.2681, 98.2516, 6.9144, 3.2287, 0.577988, 0.809602, 0.102349, 0.011797, -0.812765, 0.582353, -0.016670, 0.008793, -0.073099, -0.073551, 0.994609, 0.127211, 0.000000, 0.000000, 0.000000, 1.000000, -0.073041, -0.073594, 0.994610, 0.196214, -0.577988, -0.809602, -0.102350, -0.002797, 0.812770, -0.582348, 0.016598, 0.248268, 0.000000, 0.000000, 0.000000, 1.000000, 0.001848, -0.013975, -0.999901, 0.098252, -0.999450, -0.033127, -0.001384, 0.006914, -0.033104, 0.999353, -0.014028, 0.003229, 0.000000, 0.000000, 0.000000, 1.000000
-9.9554, 11.8057, 8.7945, 127.2201, 196.2236, -2.8059, 248.2663, 98.2516, 6.9144, 3.2290, 0.577990, 0.809607, 0.102297, 0.011806, -0.812762, 0.582355, -0.016722, 0.008794, -0.073111, -0.073478, 0.994613, 0.127220, 0.000000, 0.000000, 0.000000, 1.000000, -0.073052, -0.073521, 0.994615, 0.196224, -0.577990, -0.809607, -0.102297, -0.002806, 0.812768, -0.582350, 0.016649, 0.248266, 0.000000, 0.000000, 0.000000, 1.000000, 0.001848, -0.013975, -0.999901, 0.098252, -0.999450, -0.033127, -0.001384, 0.006914, -0.033104, 0.999353, -0.014028, 0.003229, 0.000000, 0.000000, 0.000000, 1.000000
-9.9513, 11.8152, 8.7962, 127.2302, 196.2337, -2.8153, 248.2645, 98.2517, 6.9144, 3.2294, 0.577992, 0.809612, 0.102242, 0.011815, -0.812760, 0.582358, -0.016776, 0.008796, -0.073124, -0.073402, 0.994618, 0.127230, 0.000000, 0.000000, 0.000000, 1.000000, -0.073065, -0.073445, 0.994619, 0.196234, -0.577992, -0.809612, -0.102243, -0.002815, 0.812765, -0.582352, 0.016703, 0.248265, 0.000000, 0.000000, 0.000000, 1.000000, 0.001848, -0.013975, -0.999901, 0.098252, -0.999450, -0.033127, -0.001384, 0.006914, -0.033104, 0.999353, -0.014028, 0.003229, 0.000000, 0.000000, 0.000000, 1.000000
-9.9472, 11.8250, 8.7979, 127.2409, 196.2445, -2.8251, 248.2627, 98.2517, 6.9144, 3.2298, 0.577994, 0.809617, 0.102187, 0.011825, -0.812757, 0.582360, -0.016832, 0.008798, -0.073137, -0.073324, 0.994623, 0.127241, 0.000000, 0.000000, 0.000000, 1.000000, -0.073077, -0.073368, 0.994624, 0.196244, -0.577994, -0.809617, -0.102187, -0.002825, 0.812762, -0.582355, 0.016758, 0.248263, 0.000000, 0.000000, 0.000000, 1.000000, 0.001848, -0.013975, -0.999901, 0.098252, -0.999450, -0.033127, -0.001384, 0.006914, -0.033104, 0.999353, -0.014028, 0.003230, 0.000000, 0.000000, 0.000000, 1.000000
-9.9428, 11.8350, 8.7996, 127.2525, 196.2560, -2.8351, 248.2609, 98.2518, 6.9144, 3.2302, 0.577997, 0.809623, 0.102131, 0.011835, -0.812754, 0.582363, -0.016888, 0.008800, -0.073150, -0.073246, 0.994628, 0.127252, 0.000000, 0.000000, 0.000000, 1.000000, -0.073090, -0.073290, 0.994629, 0.196256, -0.577997, -0.809623, -0.102131, -0.002835, 0.812759, -0.582357, 0.016814, 0.248261, 0.000000, 0.000000, 0.000000, 1.000000, 0.001848, -0.013975, -0.999901, 0.098252, -0.999450, -0.033127, -0.001384, 0.006914, -0.033104, 0.999353, -0.014028, 0.003230, 0.000000, 0.000000, 0.000000, 1.000000
-9.9383, 11.8452, 8.8013, 127.2648, 196.2684, -2.8453, 248.2591, 98.2518, 6.9144, 3.2306, 0.578000, 0.809628, 0.102075, 0.011845, -0.812751, 0.582365, -0.016944, 0.008801, -0.073164, -0.073168, 0.994632, 0.127265, 0.000000, 0.000000, 0.000000, 1.000000, -0.073103, -0.073212, 0.994634, 0.196268, -0.578000, -0.809628, -0.102076, -0.002845, 0.812756, -0.582360, 0.016870, 0.248259, 0.000000, 0.000000, 0.000000, 1.000000, 0.001848, -0.013975, -0.999901, 0.098252, -0.999450, -0.033127, -0.001384, 0.006914, -0.033104, 0.999353, -0.014028, 0.003231, 0.000000, 0.000000, 0.000000, 1.000000
-9.9313, 11.8605, 8.8040, 127.2849, 196.2885, -2.8607, 248.2563, 98.2519, 6.9143, 3.2312, 0.578004, 0.809635, 0.101994, 0.011861, -0.812746, 0.582369, -0.017026, 0.008804, -0.073183, -0.073054, 0.994639, 0.127285, 0.000000, 0.000000, 0.000000, 1.000000, -0.073122, -0.073098, 0.994641, 0.196289, -0.578003, -0.809635, -0.101995, -0.002861, 0.812752, -0.582364, 0.016951, 0.248256, 0.000000, 0.000000, 0.000000, 1.000000, 0.001848, -0.013975, -0.999901, 0.098252, -0.999450, -0.033127, -0.001384, 0.006914, -0.033104, 0.999353, -0.014028, 0.003231, 0.000000, 0.000000, 0.000000, 1.000000
-9.9266, 11.8707, 8.8057, 127.2992, 196.3028, -2.8708, 248.2545, 98.2519, 6.9143, 3.2316, 0.578006, 0.809640, 0.101942, 0.011871, -0.812743, 0.582372, -0.017079, 0.008806, -0.073196, -0.072980, 0.994644, 0.127299, 0.000000, 0.000000, 0.000000, 1.000000, -0.073135, -0.073025, 0.994645, 0.196303, -0.578006, -0.809640, -0.101942, -0.002871, 0.812749, -0.582366, 0.017004, 0.248254, 0.000000, 0.000000, 0.000000, 1.000000, 0.001848, -0.013975, -0.999901, 0.098252, -0.999450, -0.033127, -0.001384, 0.006914, -0.033104, 0.999353, -0.014028, 0.003232, 0.000000, 0.000000, 0.000000, 1.000000
-9.9194, 11.8848, 8.8123, 127.3245, 196.3283, -2.8849, 248.2477, 98.2520, 6.9143, 3.2322, 0.578007, 0.809649, 0.101866, 0.011885, -0.812742, 0.582372, -0.017138, 0.008812, -0.073200, -0.072885, 0.994650, 0.127325, 0.000000, 0.000000, 0.000000, 1.000000, -0.073138, -0.072931, 0.994652, 0.196328, -0.578007, -0.809649, -0.101867, -0.002885, 0.812748, -0.582366, 0.017061, 0.248248, 0.000000, 0.000000, 0.000000, 1.000000, 0.001848, -0.013975, -0.999901, 0.098252, -0.999450, -0.033127, -0.001384, 0.006914, -0.033104, 0.999353, -0.014028, 0.003232, 0.000000, 0.000000, 0.000000, 1.000000
-9.9146, 11.8937, 8.8176, 127.3430, 196.3467, -2.8938, 248.2423, 98.2520, 6.9143, 3.2326, 0.578007, 0.809655, 0.101820, 0.011894, -0.812742, 0.582370, -0.017169, 0.008818, -0.073198, -0.072829, 0.994655, 0.127343, 0.000000, 0.000000, 0.000000, 1.000000, -0.073135, -0.072875, 0.994656, 0.196347, -0.578007, -0.809655, -0.101821, -0.002894, 0.812748, -0.582365, 0.017092, 0.248242, 0.000000, 0.000000, 0.000000, 1.000000, 0.001848, -0.013975, -0.999901, 0.098252, -0.999450, -0.033127, -0.001384, 0.006914, -0.033104, 0.999353, -0.014028, 0.003233, 0.000000, 0.000000, 0.000000, 1.000000
-9.9098, 11.9024, 8.8224, 127.3620, 196.3658, -2.9025, 248.2374, 98.2520, 6.9143, 3.2329, 0.578007, 0.809660, 0.101777, 0.011902, -0.812742, 0.582369, -0.017199, 0.008822, -0.073197, -0.072778, 0.994659, 0.127362, 0.000000, 0.000000, 0.000000, 1.000000, -0.073134, -0.072824, 0.994660, 0.196366, -0.578007, -0.809660, -0.101778, -0.002902, 0.812748, -0.582364, 0.017121, 0.248237, 0.000000, 0.000000, 0.000000, 1.000000, 0.001848, -0.013975, -0.999901, 0.098252, -0.999450, -0.033127, -0.001384, 0.006914, -0.033104, 0.999353, -0.014028, 0.003233, 0.000000, 0.000000, 0.000000, 1.000000
-9.9074, 11.9066, 8.8246, 127.3717, 196.3755, -2.9067, 248.2351, 98.2521, 6.9143, 3.2331, 0.578007, 0.809662, 0.101758, 0.011907, -0.812742, 0.582369, -0.017213, 0.008825, -0.073197, -0.072754, 0.994660, 0.127372, 0.000000, 0.000000, 0.000000, 1.000000, -0.073133, -0.072800, 0.994662, 0.196375, -0.578007, -0.809662, -0.101758, -0.002907, 0.812748, -0.582363, 0.017134, 0.248235, 0.000000, 0.000000, 0.000000, 1.000000, 0.001848, -0.013975, -0.999901, 0.098252, -0.999450, -0.033127, -0.001384, 0.006914, -0.033104, 0.999353, -0.014028, 0.003233, 0.000000, 0.000000, 0.000000, 1.000000
-9.8978, 11.9225, 8.8322, 127.4117, 196.4156, -2.9226, 248.2273, 98.2521, 6.9142, 3.2338, 0.578008, 0.809670, 0.101691, 0.011922, -0.812742, 0.582368, -0.017261, 0.008832, -0.073197, -0.072671, 0.994666, 0.127412, 0.000000, 0.000000, 0.000000, 1.000000, -0.073133, -0.072719, 0.994668, 0.196416, -0.578008, -0.809670, -0.101692, -0.002923, 0.812748, -0.582362, 0.017181, 0.248227, 0.000000, 0.000000, 0.000000, 1.000000, 0.001848, -0.013975, -0.999901, 0.098252, -0.999450, -0.033127, -0.001384, 0.006914, -0.033104, 0.999353, -0.014028, 0.003234, 0.000000, 0.000000, 0.000000, 1.000000
-9.8931, 11.9297, 8.8352, 127.4325, 196.4364, -2.9299, 248.2242, 98.2522, 6.9142, 3.2341, 0.578008, 0.809673, 0.101666, 0.011930, -0.812742, 0.582368, -0.017281, 0.008835, -0.073199, -0.072640, 0.994669, 0.127433, 0.000000, 0.000000, 0.000000, 1.000000, -0.073133, -0.072687, 0.994670, 0.196436, -0.578008, -0.809673, -0.101666, -0.002930, 0.812747, -0.582362, 0.017200, 0.248224, 0.000000, 0.000000, 0.000000, 1.000000, 0.001848, -0.013975, -0.999901, 0.098252, -0.999450, -0.033127, -0.001384, 0.006914, -0.033104, 0.999353, -0.014028, 0.003234, 0.000000, 0.000000, 0.000000, 1.000000
-9.8884, 11.9365, 8.8376, 127.4540, 196.4579, -2.9367, 248.2217, 98.2522, 6.9142, 3.2344, 0.578008, 0.809675, 0.101646, 0.011937, -0.812741, 0.582368, -0.017297, 0.008838, -0.073200, -0.072615, 0.994670, 0.127454, 0.000000, 0.000000, 0.000000, 1.000000, -0.073135, -0.072663, 0.994672, 0.196458, -0.578008, -0.809675, -0.101647, -0.002937, 0.812747, -0.582362, 0.017216, 0.248222, 0.000000, 0.000000, 0.000000, 1.000000, 0.001848, -0.013975, -0.999901, 0.098252, -0.999450, -0.033127, -0.001384, 0.006914, -0.033104, 0.999353, -0.014028, 0.003234, 0.000000, 0.000000, 0.000000, 1.000000
-9.8838, 11.9428, 8.8394, 127.4760, 196.4799, -2.9429, 248.2197, 98.2522, 6.9142, 3.2346, 0.578009, 0.809677, 0.101633, 0.011943, -0.812740, 0.582369, -0.017309, 0.008839, -0.073203, -0.072597, 0.994671, 0.127476, 0.000000, 0.000000, 0.000000, 1.000000, -0.073136, -0.072645, 0.994673, 0.196480, -0.578009, -0.809677, -0.101634, -0.002943, 0.812746, -0.582363, 0.017227, 0.248220, 0.000000, 0.000000, 0.000000, 1.000000, 0.001848, -0.013975, -0.999901, 0.098252, -0.999450, -0.033127, -0.001384, 0.006914, -0.033104, 0.999353, -0.014028, 0.003235, 0.000000, 0.000000, 0.000000, 1.000000
-9.8793, 11.9485, 8.8407, 127.4986, 196.5026, -2.9486, 248.2184, 98.2522, 6.9142, 3.2349, 0.578010, 0.809677, 0.101627, 0.011948, -0.812740, 0.582370, -0.017317, 0.008841, -0.073205, -0.072587, 0.994672, 0.127499, 0.000000, 0.000000, 0.000000, 1.000000, -0.073138, -0.072636, 0.994673, 0.196503, -0.578010, -0.809677, -0.101627, -0.002949, 0.812746, -0.582364, 0.017234, 0.248218, 0.000000, 0.000000, 0.000000, 1.000000, 0.001848, -0.013975, -0.999901, 0.098252, -0.999450, -0.033127, -0.001384, 0.006914, -0.033104, 0.999353, -0.014028, 0.003235, 0.000000, 0.000000, 0.000000, 1.000000
-9.8726, 11.9558, 8.8414, 127.5339, 196.5379, -2.9560, 248.2175, 98.2523, 6.9142, 3.2352, 0.578011, 0.809676, 0.101630, 0.011956, -0.812739, 0.582371, -0.017320, 0.008841, -0.073209, -0.072587, 0.994672, 0.127534, 0.000000, 0.000000, 0.000000, 1.000000, -0.073142, -0.072637, 0.994673, 0.196538, -0.578011, -0.809676, -0.101630, -0.002956, 0.812745, -0.582365, 0.017237, 0.248218, 0.000000, 0.000000, 0.000000, 1.000000, 0.001848, -0.013975, -0.999901, 0.098252, -0.999450, -0.033127, -0.001384, 0.006914, -0.033104, 0.999353, -0.014028, 0.003235, 0.000000, 0.000000, 0.000000, 1.000000
-9.8682, 11.9600, 8.8411, 127.5585, 196.5625, -2.9601, 248.2177, 98.2523, 6.9142, 3.2353, 0.578012, 0.809674, 0.101641, 0.011960, -0.812738, 0.582372, -0.017316, 0.008841, -0.073213, -0.072599, 0.994670, 0.127558, 0.000000, 0.000000, 0.000000, 1.000000, -0.073145, -0.072648, 0.994672, 0.196563, -0.578011, -0.809674, -0.101641, -0.002960, 0.812744, -0.582366, 0.017232, 0.248218, 0.000000, 0.000000, 0.000000, 1.000000, 0.001848, -0.013975, -0.999901, 0.098252, -0.999450, -0.033127, -0.001384, 0.006914, -0.033104, 0.999353, -0.014028, 0.003235, 0.000000, 0.000000, 0.000000, 1.000000
-9.8639, 11.9634, 8.8403, 127.5840, 196.5880, -2.9635, 248.2185, 98.2523, 6.9142, 3.2355, 0.578012, 0.809671, 0.101659, 0.011963, -0.812737, 0.582374, -0.017306, 0.008840, -0.073216, -0.072619, 0.994669, 0.127584, 0.000000, 0.000000, 0.000000, 1.000000, -0.073148, -0.072668, 0.994670, 0.196588, -0.578012, -0.809671, -0.101660, -0.002964, 0.812743, -0.582368, 0.017222, 0.248218, 0.000000, 0.000000, 0.000000, 1.000000, 0.001848, -0.013975, -0.999901, 0.098252, -0.999450, -0.033127, -0.001384, 0.006914, -0.033104, 0.999353, -0.014028, 0.003235, 0.000000, 0.000000, 0.000000, 1.000000
-9.8596, 11.9662, 8.8388, 127.6104, 196.6145, -2.9663, 248.2199, 98.2523, 6.9142, 3.2356, 0.578013, 0.809667, 0.101685, 0.011966, -0.812736, 0.582376, -0.017292, 0.008839, -0.073219, -0.072648, 0.994666, 0.127610, 0.000000, 0.000000, 0.000000, 1.000000, -0.073151, -0.072698, 0.994668, 0.196614, -0.578013, -0.809667, -0.101686, -0.002966, 0.812742, -0.582369, 0.017208, 0.248220, 0.000000, 0.000000, 0.000000, 1.000000, 0.001848, -0.013975, -0.999901, 0.098252, -0.999450, -0.033127, -0.001384, 0.006914, -0.033104, 0.999353, -0.014028, 0.003236, 0.000000, 0.000000, 0.000000, 1.000000
-9.8554, 11.9683, 8.8368, 127.6377, 196.6418, -2.9685, 248.2218, 98.2523, 6.9142, 3.2357, 0.578014, 0.809662, 0.101718, 0.011968, -0.812735, 0.582377, -0.017272, 0.008837, -0.073223, -0.072687, 0.994663, 0.127638, 0.000000, 0.000000, 0.000000, 1.000000, -0.073154, -0.072737, 0.994665, 0.196642, -0.578014, -0.809662, -0.101719, -0.002968, 0.812741, -0.582371, 0.017187, 0.248222, 0.000000, 0.000000, 0.000000, 1.000000, 0.001848, -0.013975, -0.999901, 0.098252, -0.999450, -0.033127, -0.001384, 0.006914, -0.033104, 0.999353, -0.014028, 0.003236, 0.000000, 0.000000, 0.000000, 1.000000
-9.8512, 11.9698, 8.8342, 127.6658, 196.6700, -2.9699, 248.2243, 98.2523, 6.9142, 3.2358, 0.578015, 0.809657, 0.101759, 0.011970, -0.812734, 0.582379, -0.017247, 0.008834, -0.073226, -0.072734, 0.994660, 0.127666, 0.000000, 0.000000, 0.000000, 1.000000, -0.073157, -0.072784, 0.994661, 0.196670, -0.578015, -0.809657, -0.101760, -0.002970, 0.812740, -0.582373, 0.017162, 0.248224, 0.000000, 0.000000, 0.000000, 1.000000, 0.001848, -0.013975, -0.999901, 0.098252, -0.999450, -0.033127, -0.001384, 0.006914, -0.033104, 0.999353, -0.014028, 0.003236, 0.000000, 0.000000, 0.000000, 1.000000
-9.8471, 11.9706, 8.8311, 127.6948, 196.6989, -2.9707, 248.2274, 98.2523, 6.9142, 3.2358, 0.578016, 0.809650, 0.101806, 0.011971, -0.812733, 0.582382, -0.017217, 0.008831, -0.073230, -0.072790, 0.994655, 0.127695, 0.000000, 0.000000, 0.000000, 1.000000, -0.073161, -0.072840, 0.994657, 0.196699, -0.578016, -0.809650, -0.101807, -0.002971, 0.812739, -0.582375, 0.017132, 0.248227, 0.000000, 0.000000, 0.000000, 1.000000, 0.001848, -0.013975, -0.999901, 0.098252, -0.999450, -0.033127, -0.001384, 0.006914, -0.033104, 0.999353, -0.014028, 0.003236, 0.000000, 0.000000, 0.000000, 1.000000
-9.8430, 11.9707, 8.8275, 127.7245, 196.7287, -2.9709, 248.2309, 98.2523, 6.9142, 3.2358, 0.578017, 0.809643, 0.101861, 0.011971, -0.812732, 0.582384, -0.017182, 0.008827, -0.073233, -0.072854, 0.994650, 0.127725, 0.000000, 0.000000, 0.000000, 1.000000, -0.073164, -0.072905, 0.994652, 0.196729, -0.578016, -0.809643, -0.101861, -0.002971, 0.812739, -0.582378, 0.017096, 0.248231, 0.000000, 0.000000, 0.000000, 1.000000, 0.001848, -0.013975, -0.999901, 0.098252, -0.999450, -0.033127, -0.001384, 0.006914, -0.033104, 0.999353, -0.014028, 0.003236, 0.000000, 0.000000, 0.000000, 1.000000
-9.8390, 11.9703, 8.8234, 127.7553, 196.7594, -2.9704, 248.2350, 98.2523, 6.9142, 3.2358, 0.578017, 0.809634, 0.101922, 0.011970, -0.812731, 0.582386, -0.017142, 0.008823, -0.073236, -0.072927, 0.994645, 0.127755, 0.000000, 0.000000, 0.000000, 1.000000, -0.073166, -0.072978, 0.994646, 0.196759, -0.578017, -0.809634, -0.101923, -0.002970, 0.812738, -0.582380, 0.017055, 0.248235, 0.000000, 0.000000, 0.000000, 1.000000, 0.001848, -0.013975, -0.999901, 0.098252, -0.999450, -0.033127, -0.001384, 0.006914, -0.033104, 0.999353, -0.014028, 0.003236, 0.000000, 0.000000, 0.000000, 1.000000
-9.8350, 11.9692, 8.8188, 127.7868, 196.7910, -2.9693, 248.2395, 98.2523, 6.9142, 3.2358, 0.578018, 0.809625, 0.101990, 0.011969, -0.812731, 0.582389, -0.017096, 0.008819, -0.073239, -0.073008, 0.994639, 0.127787, 0.000000, 0.000000, 0.000000, 1.000000, -0.073169, -0.073060, 0.994640, 0.196791, -0.578018, -0.809625, -0.101991, -0.002969, 0.812737, -0.582382, 0.017010, 0.248239, 0.000000, 0.000000, 0.000000, 1.000000, 0.001848, -0.013975, -0.999901, 0.098252, -0.999450, -0.033127, -0.001384, 0.006914, -0.033104, 0.999353, -0.014028, 0.003236, 0.000000, 0.000000, 0.000000, 1.000000
-9.8311, 11.9675, 8.8138, 127.8192, 196.8234, -2.9676, 248.2444, 98.2523, 6.9142, 3.2357, 0.578019, 0.809615, 0.102064, 0.011968, -0.812730, 0.582391, -0.017046, 0.008814, -0.073242, -0.073097, 0.994632, 0.127819, 0.000000, 0.000000, 0.000000, 1.000000, -0.073172, -0.073149, 0.994633, 0.196823, -0.578019, -0.809615, -0.102065, -0.002968, 0.812736, -0.582385, 0.016960, 0.248244, 0.000000, 0.000000, 0.000000, 1.000000, 0.001848, -0.013975, -0.999901, 0.098252, -0.999450, -0.033127, -0.001384, 0.006914, -0.033104, 0.999353, -0.014028, 0.003236, 0.000000, 0.000000, 0.000000, 1.000000
-9.8232, 11.9625, 8.8026, 127.8867, 196.8910, -2.9627, 248.2555, 98.2523, 6.9142, 3.2355, 0.578020, 0.809594, 0.102230, 0.011963, -0.812728, 0.582397, -0.016933, 0.008803, -0.073247, -0.073298, 0.994617, 0.127887, 0.000000, 0.000000, 0.000000, 1.000000, -0.073177, -0.073350, 0.994618, 0.196891, -0.578020, -0.809593, -0.102231, -0.002963, 0.812735, -0.582390, 0.016846, 0.248256, 0.000000, 0.000000, 0.000000, 1.000000, 0.001848, -0.013975, -0.999901, 0.098252, -0.999450, -0.033127, -0.001384, 0.006914, -0.033104, 0.999353, -0.014028, 0.003236, 0.000000, 0.000000, 0.000000, 1.000000
-9.8213, 11.9610, 8.7996, 127.9041, 196.9083, -2.9611, 248.2585, 98.2523, 6.9142, 3.2355, 0.578020, 0.809588, 0.102275, 0.011961, -0.812728, 0.582398, -0.016902, 0.008800, -0.073248, -0.073352, 0.994613, 0.127904, 0.000000, 0.000000, 0.000000, 1.000000, -0.073178, -0.073404, 0.994614, 0.196908, -0.578020, -0.809588, -0.102276, -0.002961, 0.812735, -0.582391, 0.016814, 0.248259, 0.000000, 0.000000, 0.000000, 1.000000, 0.001848, -0.013975, -0.999901, 0.098252, -0.999450, -0.033127, -0.001384, 0.006914, -0.033104, 0.999353, -0.014028, 0.003235, 0.000000, 0.000000, 0.000000, 1.000000
-9.8155, 11.9553, 8.7921, 127.9583, 196.9625, -2.9554, 248.2659, 98.2523, 6.9142, 3.2353, 0.578020, 0.809570, 0.102416, 0.011955, -0.812729, 0.582400, -0.016795, 0.008792, -0.073244, -0.073529, 0.994600, 0.127958, 0.000000, 0.000000, 0.000000, 1.000000, -0.073173, -0.073581, 0.994601, 0.196963, -0.578020, -0.809570, -0.102417, -0.002955, 0.812735, -0.582393, 0.016707, 0.248266, 0.000000, 0.000000, 0.000000, 1.000000, 0.001848, -0.013975, -0.999901, 0.098252, -0.999450, -0.033127, -0.001384, 0.006914, -0.033104, 0.999353, -0.014028, 0.003235, 0.000000, 0.000000, 0.000000, 1.000000
-9.8117, 11.9496, 8.7931, 127.9990, 197.0033, -2.9497, 248.2647, 98.2523, 6.9142, 3.2351, 0.578015, 0.809562, 0.102513, 0.011950, -0.812735, 0.582394, -0.016694, 0.008793, -0.073218, -0.073666, 0.994592, 0.127999, 0.000000, 0.000000, 0.000000, 1.000000, -0.073146, -0.073719, 0.994593, 0.197003, -0.578015, -0.809562, -0.102514, -0.002950, 0.812741, -0.582388, 0.016606, 0.248265, 0.000000, 0.000000, 0.000000, 1.000000, 0.001848, -0.013975, -0.999901, 0.098252, -0.999450, -0.033127, -0.001384, 0.006914, -0.033104, 0.999353, -0.014028, 0.003235, 0.000000, 0.000000, 0.000000, 1.000000
-9.8079, 11.9437, 8.7932, 128.0400, 197.0443, -2.9439, 248.2645, 98.2523, 6.9142, 3.2349, 0.578010, 0.809552, 0.102614, 0.011944, -0.812740, 0.582390, -0.016594, 0.008793, -0.073195, -0.073807, 0.994583, 0.128040, 0.000000, 0.000000, 0.000000, 1.000000, -0.073122, -0.073860, 0.994584, 0.197044, -0.578010, -0.809552, -0.102615, -0.002944, 0.812747, -0.582383, 0.016504, 0.248264, 0.000000, 0.000000, 0.000000, 1.000000, 0.001848, -0.013975, -0.999901, 0.098252, -0.999450, -0.033127, -0.001384, 0.006914, -0.033104, 0.999353, -0.014028, 0.003235, 0.000000, 0.000000, 0.000000, 1.000000
-9.8023, 11.9347, 8.7913, 128.1014, 197.1058, -2.9348, 248.2661, 98.2522, 6.9142, 3.2347, 0.578004, 0.809537, 0.102772, 0.011935, -0.812747, 0.582384, -0.016444, 0.008791, -0.073165, -0.074023, 0.994569, 0.128101, 0.000000, 0.000000, 0.000000, 1.000000, -0.073091, -0.074077, 0.994570, 0.197106, -0.578004, -0.809536, -0.102773, -0.002935, 0.812754, -0.582377, 0.016353, 0.248266, 0.000000, 0.000000, 0.000000, 1.000000, 0.001848, -0.013975, -0.999901, 0.098252, -0.999450, -0.033127, -0.001384, 0.006914, -0.033104, 0.999353, -0.014028, 0.003235, 0.000000, 0.000000, 0.000000, 1.000000
-9.7966, 11.9255, 8.7872, 128.1626, 197.1671, -2.9256, 248.2700, 98.2522, 6.9142, 3.2344, 0.577999, 0.809519, 0.102937, 0.011926, -0.812753, 0.582380, -0.016298, 0.008787, -0.073142, -0.074243, 0.994554, 0.128163, 0.000000, 0.000000, 0.000000, 1.000000, -0.073067, -0.074297, 0.994556, 0.197167, -0.577999, -0.809519, -0.102938, -0.002926, 0.812760, -0.582373, 0.016206, 0.248270, 0.000000, 0.000000, 0.000000, 1.000000, 0.001848, -0.013975, -0.999901, 0.098252, -0.999450, -0.033127, -0.001384, 0.006914, -0.033104, 0.999353, -0.014028, 0.003234, 0.000000, 0.000000, 0.000000, 1.000000
-9.7928, 11.9194, 8.7833, 128.2031, 197.2076, -2.9195, 248.2738, 98.2522, 6.9142, 3.2342, 0.577996, 0.809507, 0.103050, 0.011919, -0.812756, 0.582378, -0.016202, 0.008783, -0.073130, -0.074390, 0.994544, 0.128203, 0.000000, 0.000000, 0.000000, 1.000000, -0.073055, -0.074445, 0.994546, 0.197208, -0.577996, -0.809507, -0.103051, -0.002919, 0.812763, -0.582371, 0.016109, 0.248274, 0.000000, 0.000000, 0.000000, 1.000000, 0.001848, -0.013975, -0.999901, 0.098252, -0.999450, -0.033127, -0.001384, 0.006914, -0.033104, 0.999353, -0.014028, 0.003234, 0.000000, 0.000000, 0.000000, 1.000000
-9.7890, 11.9133, 8.7785, 128.2434, 197.2479, -2.9134, 248.2784, 98.2522, 6.9142, 3.2340, 0.577993, 0.809494, 0.103165, 0.011913, -0.812759, 0.582377, -0.016109, 0.008779, -0.073121, -0.074537, 0.994534, 0.128243, 0.000000, 0.000000, 0.000000, 1.000000, -0.073045, -0.074592, 0.994535, 0.197248, -0.577993, -0.809494, -0.103165, -0.002913, 0.812766, -0.582370, 0.016016, 0.248278, 0.000000, 0.000000, 0.000000, 1.000000, 0.001848, -0.013975, -0.999901, 0.098252, -0.999450, -0.033127, -0.001384, 0.006914, -0.033104, 0.999353, -0.014028, 0.003234, 0.000000, 0.000000, 0.000000, 1.000000
-9.7852, 11.9072, 8.7730, 128.2836, 197.2882, -2.9074, 248.2838, 98.2521, 6.9142, 3.2338, 0.577991, 0.809481, 0.103281, 0.011907, -0.812761, 0.582377, -0.016018, 0.008773, -0.073115, -0.074684, 0.994523, 0.128284, 0.000000, 0.000000, 0.000000, 1.000000, -0.073038, -0.074740, 0.994525, 0.197288, -0.577991, -0.809481, -0.103281, -0.002907, 0.812768, -0.582370, 0.015924, 0.248284, 0.000000, 0.000000, 0.000000, 1.000000, 0.001848, -0.013975, -0.999901, 0.098252, -0.999450, -0.033127, -0.001384, 0.006914, -0.033104, 0.999353, -0.014028, 0.003234, 0.000000, 0.000000, 0.000000, 1.000000
-9.7814, 11.9013, 8.7666, 128.3235, 197.3281, -2.9014, 248.2900, 98.2521, 6.9142, 3.2336, 0.577990, 0.809467, 0.103398, 0.011901, -0.812762, 0.582378, -0.015930, 0.008767, -0.073111, -0.074830, 0.994513, 0.128323, 0.000000, 0.000000, 0.000000, 1.000000, -0.073034, -0.074887, 0.994514, 0.197328, -0.577990, -0.809467, -0.103398, -0.002901, 0.812769, -0.582371, 0.015835, 0.248290, 0.000000, 0.000000, 0.000000, 1.000000, 0.001848, -0.013975, -0.999901, 0.098252, -0.999450, -0.033127, -0.001384, 0.006914, -0.033104, 0.999353, -0.014028, 0.003234, 0.000000, 0.000000, 0.000000, 1.000000
-9.7776, 11.8955, 8.7597, 128.3630, 197.3676, -2.8957, 248.2969, 98.2521, 6.9143, 3.2333, 0.577989, 0.809453, 0.103515, 0.011896, -0.812763, 0.582379, -0.015844, 0.008760, -0.073110, -0.074975, 0.994502, 0.128363, 0.000000, 0.000000, 0.000000, 1.000000, -0.073032, -0.075032, 0.994503, 0.197368, -0.577989, -0.809453, -0.103515, -0.002896, 0.812770, -0.582372, 0.015748, 0.248297, 0.000000, 0.000000, 0.000000, 1.000000, 0.001848, -0.013975, -0.999901, 0.098252, -0.999450, -0.033127, -0.001384, 0.006914, -0.033104, 0.999353, -0.014028, 0.003233, 0.000000, 0.000000, 0.000000, 1.000000
-9.7737, 11.8899, 8.7521, 128.4023, 197.4069, -2.8901, 248.3043, 98.2521, 6.9143, 3.2331, 0.577988, 0.809438, 0.103632, 0.011890, -0.812764, 0.582380, -0.015761, 0.008752, -0.073111, -0.075118, 0.994491, 0.128402, 0.000000, 0.000000, 0.000000, 1.000000, -0.073032, -0.075175, 0.994492, 0.197407, -0.577988, -0.809438, -0.103632, -0.002890, 0.812771, -0.582373, 0.015665, 0.248304, 0.000000, 0.000000, 0.000000, 1.000000, 0.001848, -0.013975, -0.999901, 0.098252, -0.999450, -0.033127, -0.001384, 0.006914, -0.033104, 0.999353, -0.014028, 0.003233, 0.000000, 0.000000, 0.000000, 1.000000
-9.7698, 11.8846, 8.7441, 128.4413, 197.4460, -2.8847, 248.3122, 98.2520, 6.9143, 3.2329, 0.577988, 0.809423, 0.103748, 0.011885, -0.812764, 0.582383, -0.015681, 0.008744, -0.073113, -0.075260, 0.994480, 0.128441, 0.000000, 0.000000, 0.000000, 1.000000, -0.073034, -0.075317, 0.994481, 0.197446, -0.577988, -0.809423, -0.103749, -0.002885, 0.812771, -0.582375, 0.015583, 0.248312, 0.000000, 0.000000, 0.000000, 1.000000, 0.001848, -0.013975, -0.999901, 0.098252, -0.999450, -0.033127, -0.001384, 0.006914, -0.033104, 0.999353, -0.014028, 0.003233, 0.000000, 0.000000, 0.000000, 1.000000
-9.7639, 11.8769, 8.7313, 128.4990, 197.5037, -2.8771, 248.3248, 98.2520, 6.9143, 3.2326, 0.577988, 0.809401, 0.103921, 0.011877, -0.812763, 0.582387, -0.015565, 0.008731, -0.073121, -0.075466, 0.994464, 0.128499, 0.000000, 0.000000, 0.000000, 1.000000, -0.073041, -0.075524, 0.994465, 0.197504, -0.577988, -0.809401, -0.103922, -0.002877, 0.812770, -0.582379, 0.015468, 0.248325, 0.000000, 0.000000, 0.000000, 1.000000, 0.001848, -0.013975, -0.999901, 0.098252, -0.999450, -0.033127, -0.001384, 0.006914, -0.033104, 0.999353, -0.014028, 0.003233, 0.000000, 0.000000, 0.000000, 1.000000
