# Joint_A_Angle(deg), Cam_X(mm), Cam_Y(mm), Cam_Z(mm), Torso_X(mm), Torso_Y(mm), Torso_Z(mm), EE_X(mm), EE_Y(mm), EE_Z(mm), T_cam2marker_flat(16), T_torso2marker_flat(16), T_ee2marker_flat(16)
-14.9991, 32.7417, 20.4526, 164.1196, 233.1235, -23.7419, 236.5979, 98.4208, 6.8931, 3.9313, 0.578094, 0.815709, 0.020618, 0.032742, -0.812630, 0.577828, -0.075812, 0.020453, -0.073754, 0.027072, 0.996909, 0.164120, 0.000000, 0.000000, 0.000000, 1.000000, -0.073666, 0.027008, 0.996917, 0.233124, -0.578094, -0.815709, -0.020618, -0.023742, 0.812638, -0.577831, 0.075703, 0.236598, 0.000000, 0.000000, 0.000000, 1.000000, 0.001848, -0.013975, -0.999901, 0.098421, -0.999450, -0.033131, -0.001384, 0.006893, -0.033108, 0.999353, -0.014028, 0.003931, 0.000000, 0.000000, 0.000000, 1.000000
-14.9993, 32.7413, 20.4553, 164.1207, 233.1247, -23.7415, 236.5951, 98.4208, 6.8931, 3.9313, 0.578093, 0.815711, 0.020615, 0.032741, -0.812632, 0.577826, -0.075804, 0.020455, -0.073746, 0.027069, 0.996910, 0.164121, 0.000000, 0.000000, 0.000000, 1.000000, -0.073657, 0.027006, 0.996918, 0.233125, -0.578093, -0.815711, -0.020616, -0.023742, 0.812640, -0.577829, 0.075695, 0.236595, 0.000000, 0.000000, 0.000000, 1.000000, 0.001848, -0.013975, -0.999901, 0.098421, -0.999450, -0.033131, -0.001384, 0.006893, -0.033108, 0.999353, -0.014028, 0.003931, 0.000000, 0.000000, 0.000000, 1.000000
-14.9993, 32.7412, 20.4566, 164.1212, 233.1252, -23.7414, 236.5938, 98.4208, 6.8931, 3.9313, 0.578092, 0.815711, 0.020613, 0.032741, -0.812633, 0.577826, -0.075800, 0.020457, -0.073742, 0.027068, 0.996910, 0.164121, 0.000000, 0.000000, 0.000000, 1.000000, -0.073654, 0.027004, 0.996918, 0.233125, -0.578092, -0.815711, -0.020614, -0.023741, 0.812641, -0.577829, 0.075691, 0.236594, 0.000000, 0.000000, 0.000000, 1.000000, 0.001848, -0.013975, -0.999901, 0.098421, -0.999450, -0.033131, -0.001385, 0.006893, -0.033108, 0.999353, -0.014028, 0.003931, 0.000000, 0.000000, 0.000000, 1.000000
-14.9995, 32.7410, 20.4589, 164.1221, 233.1261, -23.7411, 236.5915, 98.4209, 6.8931, 3.9313, 0.578091, 0.815712, 0.020611, 0.032741, -0.812634, 0.577824, -0.075794, 0.020459, -0.073735, 0.027067, 0.996910, 0.164122, 0.000000, 0.000000, 0.000000, 1.000000, -0.073647, 0.027002, 0.996919, 0.233126, -0.578091, -0.815712, -0.020612, -0.023741, 0.812642, -0.577827, 0.075684, 0.236591, 0.000000, 0.000000, 0.000000, 1.000000, 0.001848, -0.013975, -0.999901, 0.098421, -0.999450, -0.033131, -0.001385, 0.006893, -0.033108, 0.999353, -0.014028, 0.003931, 0.000000, 0.000000, 0.000000, 1.000000
-14.9996, 32.7408, 20.4608, 164.1228, 233.1268, -23.7410, 236.5894, 98.4209, 6.8931, 3.9313, 0.578090, 0.815713, 0.020608, 0.032741, -0.812635, 0.577823, -0.075788, 0.020461, -0.073729, 0.027065, 0.996911, 0.164123, 0.000000, 0.000000, 0.000000, 1.000000, -0.073641, 0.027001, 0.996919, 0.233127, -0.578089, -0.815713, -0.020609, -0.023741, 0.812644, -0.577826, 0.075679, 0.236589, 0.000000, 0.000000, 0.000000, 1.000000, 0.001848, -0.013975, -0.999901, 0.098421, -0.999450, -0.033131, -0.001385, 0.006893, -0.033108, 0.999353, -0.014028, 0.003931, 0.000000, 0.000000, 0.000000, 1.000000
-14.9996, 32.7408, 20.4608, 164.1228, 233.1268, -23.7410, 236.5894, 98.4209, 6.8931, 3.9313, 0.578090, 0.815713, 0.020608, 0.032741, -0.812635, 0.577823, -0.075788, 0.020461, -0.073729, 0.027065, 0.996911, 0.164123, 0.000000, 0.000000, 0.000000, 1.000000, -0.073641, 0.027001, 0.996919, 0.233127, -0.578089, -0.815713, -0.020609, -0.023741, 0.812644, -0.577826, 0.075679, 0.236589, 0.000000, 0.000000, 0.000000, 1.000000, 0.001848, -0.013975, -0.999901, 0.098421, -0.999450, -0.033131, -0.001385, 0.006893, -0.033108, 0.999353, -0.014028, 0.003931, 0.000000, 0.000000, 0.000000, 1.000000
-14.9998, 32.7406, 20.4631, 164.1236, 233.1276, -23.7408, 236.5871, 98.4209, 6.8931, 3.9313, 0.578088, 0.815714, 0.020605, 0.032741, -0.812637, 0.577822, -0.075782, 0.020463, -0.073723, 0.027064, 0.996911, 0.164124, 0.000000, 0.000000, 0.000000, 1.000000, -0.073634, 0.027000, 0.996920, 0.233128, -0.578088, -0.815714, -0.020606, -0.023741, 0.812645, -0.577825, 0.075672, 0.236587, 0.000000, 0.000000, 0.000000, 1.000000, 0.001848, -0.013975, -0.999901, 0.098421, -0.999450, -0.033131, -0.001385, 0.006893, -0.033108, 0.999353, -0.014028, 0.003931, 0.000000, 0.000000, 0.000000, 1.000000
-14.9998, 32.7406, 20.4637, 164.1238, 233.1278, -23.7408, 236.5865, 98.4209, 6.8931, 3.9313, 0.578088, 0.815714, 0.020604, 0.032741, -0.812637, 0.577822, -0.075781, 0.020464, -0.073721, 0.027064, 0.996912, 0.164124, 0.000000, 0.000000, 0.000000, 1.000000, -0.073632, 0.027000, 0.996920, 0.233128, -0.578088, -0.815714, -0.020605, -0.023741, 0.812646, -0.577825, 0.075671, 0.236586, 0.000000, 0.000000, 0.000000, 1.000000, 0.001848, -0.013975, -0.999901, 0.098421, -0.999450, -0.033131, -0.001385, 0.006893, -0.033108, 0.999353, -0.014028, 0.003931, 0.000000, 0.000000, 0.000000, 1.000000
-14.9999, 32.7405, 20.4646, 164.1241, 233.1281, -23.7407, 236.5855, 98.4209, 6.8931, 3.9313, 0.578087, 0.815715, 0.020603, 0.032741, -0.812638, 0.577821, -0.075779, 0.020465, -0.073719, 0.027064, 0.996912, 0.164124, 0.000000, 0.000000, 0.000000, 1.000000, -0.073629, 0.026999, 0.996920, 0.233128, -0.578087, -0.815715, -0.020604, -0.023741, 0.812646, -0.577824, 0.075668, 0.236586, 0.000000, 0.000000, 0.000000, 1.000000, 0.001848, -0.013975, -0.999901, 0.098421, -0.999450, -0.033131, -0.001385, 0.006893, -0.033108, 0.999353, -0.014028, 0.003931, 0.000000, 0.000000, 0.000000, 1.000000
-14.9999, 32.7404, 20.4651, 164.1244, 233.1284, -23.7406, 236.5850, 98.4209, 6.8931, 3.9313, 0.578087, 0.815715, 0.020603, 0.032740, -0.812638, 0.577821, -0.075777, 0.020465, -0.073717, 0.027063, 0.996912, 0.164124, 0.000000, 0.000000, 0.000000, 1.000000, -0.073627, 0.026998, 0.996920, 0.233128, -0.578087, -0.815715, -0.020604, -0.023741, 0.812646, -0.577824, 0.075666, 0.236585, 0.000000, 0.000000, 0.000000, 1.000000, 0.001848, -0.013975, -0.999901, 0.098421, -0.999450, -0.033131, -0.001385, 0.006893, -0.033108, 0.999353, -0.014028, 0.003931, 0.000000, 0.000000, 0.000000, 1.000000
-14.9998, 32.7402, 20.4652, 164.1248, 233.1288, -23.7404, 236.5848, 98.4209, 6.8931, 3.9313, 0.578087, 0.815715, 0.020604, 0.032740, -0.812638, 0.577821, -0.075775, 0.020465, -0.073716, 0.027061, 0.996912, 0.164125, 0.000000, 0.000000, 0.000000, 1.000000, -0.073626, 0.026996, 0.996920, 0.233129, -0.578087, -0.815715, -0.020605, -0.023740, 0.812647, -0.577824, 0.075664, 0.236585, 0.000000, 0.000000, 0.000000, 1.000000, 0.001848, -0.013975, -0.999901, 0.098421, -0.999450, -0.033131, -0.001385, 0.006893, -0.033108, 0.999353, -0.014028, 0.003931, 0.000000, 0.000000, 0.000000, 1.000000
-14.9995, 32.7394, 20.4673, 164.1266, 233.1306, -23.7396, 236.5826, 98.4209, 6.8932, 3.9313, 0.578086, 0.815716, 0.020607, 0.032739, -0.812640, 0.577820, -0.075764, 0.020467, -0.073709, 0.027052, 0.996913, 0.164127, 0.000000, 0.000000, 0.000000, 1.000000, -0.073619, 0.026987, 0.996921, 0.233131, -0.578086, -0.815716, -0.020608, -0.023740, 0.812648, -0.577823, 0.075653, 0.236583, 0.000000, 0.000000, 0.000000, 1.000000, 0.001848, -0.013975, -0.999901, 0.098421, -0.999450, -0.033131, -0.001385, 0.006893, -0.033108, 0.999353, -0.014028, 0.003931, 0.000000, 0.000000, 0.000000, 1.000000
-14.9994, 32.7388, 20.4693, 164.1282, 233.1322, -23.7390, 236.5806, 98.4208, 6.8932, 3.9313, 0.578084, 0.815717, 0.020609, 0.032739, -0.812642, 0.577819, -0.075754, 0.020469, -0.073702, 0.027045, 0.996914, 0.164128, 0.000000, 0.000000, 0.000000, 1.000000, -0.073612, 0.026980, 0.996922, 0.233132, -0.578084, -0.815717, -0.020609, -0.023739, 0.812650, -0.577822, 0.075643, 0.236581, 0.000000, 0.000000, 0.000000, 1.000000, 0.001848, -0.013975, -0.999901, 0.098421, -0.999450, -0.033131, -0.001385, 0.006893, -0.033108, 0.999353, -0.014028, 0.003931, 0.000000, 0.000000, 0.000000, 1.000000
-14.9989, 32.7375, 20.4726, 164.1314, 233.1355, -23.7376, 236.5772, 98.4208, 6.8932, 3.9313, 0.578082, 0.815718, 0.020614, 0.032737, -0.812644, 0.577818, -0.075735, 0.020473, -0.073690, 0.027029, 0.996915, 0.164131, 0.000000, 0.000000, 0.000000, 1.000000, -0.073599, 0.026964, 0.996923, 0.233135, -0.578082, -0.815718, -0.020615, -0.023738, 0.812653, -0.577821, 0.075623, 0.236577, 0.000000, 0.000000, 0.000000, 1.000000, 0.001848, -0.013975, -0.999901, 0.098421, -0.999450, -0.033131, -0.001385, 0.006893, -0.033108, 0.999353, -0.014028, 0.003931, 0.000000, 0.000000, 0.000000, 1.000000
-14.9986, 32.7367, 20.4739, 164.1330, 233.1371, -23.7369, 236.5758, 98.4208, 6.8932, 3.9313, 0.578081, 0.815719, 0.020618, 0.032737, -0.812646, 0.577817, -0.075726, 0.020474, -0.073684, 0.027021, 0.996915, 0.164133, 0.000000, 0.000000, 0.000000, 1.000000, -0.073593, 0.026955, 0.996924, 0.233137, -0.578081, -0.815719, -0.020619, -0.023737, 0.812654, -0.577820, 0.075614, 0.236576, 0.000000, 0.000000, 0.000000, 1.000000, 0.001848, -0.013975, -0.999901, 0.098421, -0.999450, -0.033131, -0.001385, 0.006893, -0.033108, 0.999353, -0.014028, 0.003931, 0.000000, 0.000000, 0.000000, 1.000000
-14.9978, 32.7351, 20.4758, 164.1363, 233.1404, -23.7353, 236.5738, 98.4208, 6.8932, 3.9312, 0.578079, 0.815720, 0.020628, 0.032735, -0.812648, 0.577817, -0.075708, 0.020476, -0.073676, 0.027002, 0.996917, 0.164136, 0.000000, 0.000000, 0.000000, 1.000000, -0.073584, 0.026936, 0.996925, 0.233140, -0.578079, -0.815720, -0.020629, -0.023735, 0.812656, -0.577820, 0.075595, 0.236574, 0.000000, 0.000000, 0.000000, 1.000000, 0.001848, -0.013975, -0.999901, 0.098421, -0.999450, -0.033131, -0.001385, 0.006893, -0.033108, 0.999353, -0.014028, 0.003931, 0.000000, 0.000000, 0.000000, 1.000000
-14.9968, 32.7333, 20.4768, 164.1397, 233.1438, -23.7335, 236.5727, 98.4208, 6.8932, 3.9312, 0.578078, 0.815720, 0.020642, 0.032733, -0.812649, 0.577817, -0.075690, 0.020477, -0.073669, 0.026980, 0.996918, 0.164140, 0.000000, 0.000000, 0.000000, 1.000000, -0.073577, 0.026913, 0.996926, 0.233144, -0.578078, -0.815720, -0.020643, -0.023734, 0.812658, -0.577820, 0.075576, 0.236573, 0.000000, 0.000000, 0.000000, 1.000000, 0.001848, -0.013975, -0.999901, 0.098421, -0.999450, -0.033131, -0.001385, 0.006893, -0.033108, 0.999353, -0.014028, 0.003931, 0.000000, 0.000000, 0.000000, 1.000000
-14.9962, 32.7323, 20.4769, 164.1415, 233.1456, -23.7325, 236.5725, 98.4208, 6.8932, 3.9312, 0.578077, 0.815721, 0.020651, 0.032732, -0.812650, 0.577817, -0.075680, 0.020477, -0.073666, 0.026967, 0.996918, 0.164142, 0.000000, 0.000000, 0.000000, 1.000000, -0.073574, 0.026901, 0.996927, 0.233146, -0.578077, -0.815721, -0.020652, -0.023733, 0.812658, -0.577820, 0.075567, 0.236573, 0.000000, 0.000000, 0.000000, 1.000000, 0.001849, -0.013975, -0.999901, 0.098421, -0.999450, -0.033131, -0.001385, 0.006893, -0.033108, 0.999353, -0.014028, 0.003931, 0.000000, 0.000000, 0.000000, 1.000000
-14.9948, 32.7301, 20.4764, 164.1453, 233.1494, -23.7303, 236.5729, 98.4208, 6.8932, 3.9311, 0.578077, 0.815721, 0.020671, 0.032730, -0.812651, 0.577818, -0.075661, 0.020476, -0.073663, 0.026940, 0.996919, 0.164145, 0.000000, 0.000000, 0.000000, 1.000000, -0.073570, 0.026873, 0.996928, 0.233149, -0.578077, -0.815721, -0.020672, -0.023730, 0.812659, -0.577821, 0.075548, 0.236573, 0.000000, 0.000000, 0.000000, 1.000000, 0.001849, -0.013975, -0.999901, 0.098421, -0.999450, -0.033131, -0.001385, 0.006893, -0.033108, 0.999353, -0.014028, 0.003931, 0.000000, 0.000000, 0.000000, 1.000000
-14.9939, 32.7289, 20.4758, 164.1473, 233.1514, -23.7291, 236.5735, 98.4208, 6.8932, 3.9311, 0.578076, 0.815721, 0.020683, 0.032729, -0.812651, 0.577819, -0.075652, 0.020476, -0.073662, 0.026925, 0.996920, 0.164147, 0.000000, 0.000000, 0.000000, 1.000000, -0.073569, 0.026858, 0.996928, 0.233151, -0.578076, -0.815721, -0.020684, -0.023729, 0.812660, -0.577822, 0.075538, 0.236574, 0.000000, 0.000000, 0.000000, 1.000000, 0.001849, -0.013975, -0.999901, 0.098421, -0.999450, -0.033131, -0.001385, 0.006893, -0.033108, 0.999353, -0.014028, 0.003931, 0.000000, 0.000000, 0.000000, 1.000000
-14.9920, 32.7262, 20.4739, 164.1515, 233.1557, -23.7264, 236.5754, 98.4207, 6.8932, 3.9310, 0.578076, 0.815720, 0.020710, 0.032726, -0.812651, 0.577821, -0.075631, 0.020474, -0.073661, 0.026891, 0.996921, 0.164152, 0.000000, 0.000000, 0.000000, 1.000000, -0.073568, 0.026824, 0.996929, 0.233156, -0.578076, -0.815720, -0.020711, -0.023726, 0.812660, -0.577825, 0.075517, 0.236575, 0.000000, 0.000000, 0.000000, 1.000000, 0.001849, -0.013975, -0.999901, 0.098421, -0.999450, -0.033131, -0.001385, 0.006893, -0.033108, 0.999353, -0.014028, 0.003931, 0.000000, 0.000000, 0.000000, 1.000000
-14.9897, 32.7231, 20.4710, 164.1562, 233.1604, -23.7233, 236.5782, 98.4207, 6.8932, 3.9309, 0.578076, 0.815719, 0.020742, 0.032723, -0.812651, 0.577824, -0.075609, 0.020471, -0.073662, 0.026852, 0.996922, 0.164156, 0.000000, 0.000000, 0.000000, 1.000000, -0.073569, 0.026784, 0.996930, 0.233160, -0.578076, -0.815719, -0.020743, -0.023723, 0.812660, -0.577827, 0.075495, 0.236578, 0.000000, 0.000000, 0.000000, 1.000000, 0.001849, -0.013975, -0.999901, 0.098421, -0.999450, -0.033131, -0.001385, 0.006893, -0.033108, 0.999353, -0.014028, 0.003931, 0.000000, 0.000000, 0.000000, 1.000000
-14.9885, 32.7214, 20.4692, 164.1587, 233.1629, -23.7216, 236.5799, 98.4207, 6.8932, 3.9308, 0.578076, 0.815719, 0.020761, 0.032721, -0.812651, 0.577826, -0.075598, 0.020469, -0.073663, 0.026830, 0.996922, 0.164159, 0.000000, 0.000000, 0.000000, 1.000000, -0.073569, 0.026763, 0.996931, 0.233163, -0.578076, -0.815719, -0.020761, -0.023722, 0.812660, -0.577829, 0.075483, 0.236580, 0.000000, 0.000000, 0.000000, 1.000000, 0.001849, -0.013975, -0.999901, 0.098421, -0.999450, -0.033131, -0.001385, 0.006893, -0.033108, 0.999353, -0.014028, 0.003931, 0.000000, 0.000000, 0.000000, 1.000000
-14.9857, 32.7177, 20.4650, 164.1641, 233.1683, -23.7179, 236.5840, 98.4206, 6.8932, 3.9307, 0.578076, 0.815717, 0.020801, 0.032718, -0.812651, 0.577830, -0.075573, 0.020465, -0.073666, 0.026783, 0.996923, 0.164164, 0.000000, 0.000000, 0.000000, 1.000000, -0.073572, 0.026716, 0.996932, 0.233168, -0.578076, -0.815718, -0.020802, -0.023718, 0.812659, -0.577833, 0.075458, 0.236584, 0.000000, 0.000000, 0.000000, 1.000000, 0.001849, -0.013975, -0.999901, 0.098421, -0.999450, -0.033131, -0.001385, 0.006893, -0.033108, 0.999353, -0.014028, 0.003931, 0.000000, 0.000000, 0.000000, 1.000000
-14.9841, 32.7157, 20.4626, 164.1671, 233.1713, -23.7159, 236.5864, 98.4206, 6.8932, 3.9306, 0.578077, 0.815717, 0.020823, 0.032716, -0.812650, 0.577832, -0.075560, 0.020463, -0.073668, 0.026758, 0.996924, 0.164167, 0.000000, 0.000000, 0.000000, 1.000000, -0.073574, 0.026690, 0.996933, 0.233171, -0.578077, -0.815717, -0.020824, -0.023716, 0.812659, -0.577835, 0.075445, 0.236586, 0.000000, 0.000000, 0.000000, 1.000000, 0.001849, -0.013975, -0.999901, 0.098421, -0.999450, -0.033131, -0.001385, 0.006893, -0.033108, 0.999353, -0.014028, 0.003931, 0.000000, 0.000000, 0.000000, 1.000000
-14.9807, 32.7113, 20.4571, 164.1733, 233.1775, -23.7115, 236.5918, 98.4205, 6.8932, 3.9305, 0.578077, 0.815715, 0.020872, 0.032711, -0.812649, 0.577837, -0.075532, 0.020457, -0.073673, 0.026702, 0.996925, 0.164173, 0.000000, 0.000000, 0.000000, 1.000000, -0.073579, 0.026634, 0.996934, 0.233178, -0.578077, -0.815715, -0.020872, -0.023711, 0.812658, -0.577841, 0.075416, 0.236592, 0.000000, 0.000000, 0.000000, 1.000000, 0.001848, -0.013975, -0.999901, 0.098421, -0.999450, -0.033131, -0.001385, 0.006893, -0.033108, 0.999353, -0.014028, 0.003930, 0.000000, 0.000000, 0.000000, 1.000000
-14.9789, 32.7090, 20.4541, 164.1767, 233.1809, -23.7091, 236.5948, 98.4205, 6.8932, 3.9304, 0.578078, 0.815714, 0.020898, 0.032709, -0.812649, 0.577840, -0.075516, 0.020454, -0.073675, 0.026672, 0.996926, 0.164177, 0.000000, 0.000000, 0.000000, 1.000000, -0.073582, 0.026604, 0.996934, 0.233181, -0.578078, -0.815714, -0.020899, -0.023709, 0.812657, -0.577843, 0.075401, 0.236595, 0.000000, 0.000000, 0.000000, 1.000000, 0.001848, -0.013975, -0.999901, 0.098420, -0.999450, -0.033131, -0.001385, 0.006893, -0.033108, 0.999353, -0.014028, 0.003930, 0.000000, 0.000000, 0.000000, 1.000000
-14.9749, 32.7039, 20.4475, 164.1839, 233.1881, -23.7040, 236.6014, 98.4204, 6.8932, 3.9302, 0.578079, 0.815712, 0.020955, 0.032704, -0.812647, 0.577846, -0.075484, 0.020447, -0.073682, 0.026607, 0.996927, 0.164184, 0.000000, 0.000000, 0.000000, 1.000000, -0.073588, 0.026539, 0.996936, 0.233188, -0.578079, -0.815712, -0.020956, -0.023704, 0.812656, -0.577849, 0.075368, 0.236601, 0.000000, 0.000000, 0.000000, 1.000000, 0.001848, -0.013975, -0.999901, 0.098420, -0.999450, -0.033131, -0.001385, 0.006893, -0.033108, 0.999353, -0.014028, 0.003930, 0.000000, 0.000000, 0.000000, 1.000000
-14.9728, 32.7011, 20.4439, 164.1877, 233.1920, -23.7013, 236.6049, 98.4204, 6.8932, 3.9301, 0.578080, 0.815711, 0.020985, 0.032701, -0.812647, 0.577850, -0.075467, 0.020444, -0.073685, 0.026572, 0.996927, 0.164188, 0.000000, 0.000000, 0.000000, 1.000000, -0.073591, 0.026504, 0.996936, 0.233192, -0.578079, -0.815711, -0.020986, -0.023701, 0.812655, -0.577853, 0.075350, 0.236605, 0.000000, 0.000000, 0.000000, 1.000000, 0.001848, -0.013975, -0.999901, 0.098420, -0.999450, -0.033131, -0.001385, 0.006893, -0.033108, 0.999353, -0.014028, 0.003930, 0.000000, 0.000000, 0.000000, 1.000000
-14.9682, 32.6953, 20.4363, 164.1960, 233.2002, -23.6955, 236.6125, 98.4203, 6.8932, 3.9299, 0.578081, 0.815708, 0.021051, 0.032695, -0.812645, 0.577857, -0.075429, 0.020436, -0.073693, 0.026497, 0.996929, 0.164196, 0.000000, 0.000000, 0.000000, 1.000000, -0.073598, 0.026429, 0.996938, 0.233200, -0.578081, -0.815708, -0.021052, -0.023695, 0.812654, -0.577860, 0.075313, 0.236613, 0.000000, 0.000000, 0.000000, 1.000000, 0.001848, -0.013975, -0.999901, 0.098420, -0.999450, -0.033131, -0.001385, 0.006893, -0.033108, 0.999353, -0.014028, 0.003930, 0.000000, 0.000000, 0.000000, 1.000000
-14.9658, 32.6922, 20.4322, 164.2004, 233.2046, -23.6924, 236.6166, 98.4203, 6.8932, 3.9298, 0.578082, 0.815707, 0.021086, 0.032692, -0.812644, 0.577861, -0.075410, 0.020432, -0.073697, 0.026458, 0.996930, 0.164200, 0.000000, 0.000000, 0.000000, 1.000000, -0.073602, 0.026389, 0.996938, 0.233205, -0.578081, -0.815707, -0.021087, -0.023692, 0.812653, -0.577864, 0.075293, 0.236617, 0.000000, 0.000000, 0.000000, 1.000000, 0.001848, -0.013975, -0.999901, 0.098420, -0.999450, -0.033131, -0.001385, 0.006893, -0.033108, 0.999353, -0.014028, 0.003930, 0.000000, 0.000000, 0.000000, 1.000000
-14.9606, 32.6856, 20.4237, 164.2097, 233.2140, -23.6858, 236.6251, 98.4202, 6.8932, 3.9296, 0.578083, 0.815704, 0.021159, 0.032686, -0.812642, 0.577869, -0.075367, 0.020424, -0.073705, 0.026373, 0.996931, 0.164210, 0.000000, 0.000000, 0.000000, 1.000000, -0.073610, 0.026305, 0.996940, 0.233214, -0.578083, -0.815704, -0.021160, -0.023686, 0.812651, -0.577872, 0.075251, 0.236625, 0.000000, 0.000000, 0.000000, 1.000000, 0.001848, -0.013975, -0.999901, 0.098420, -0.999450, -0.033131, -0.001385, 0.006893, -0.033108, 0.999353, -0.014028, 0.003930, 0.000000, 0.000000, 0.000000, 1.000000
-14.9579, 32.6821, 20.4192, 164.2146, 233.2189, -23.6823, 236.6295, 98.4201, 6.8932, 3.9295, 0.578084, 0.815702, 0.021198, 0.032682, -0.812641, 0.577873, -0.075345, 0.020419, -0.073709, 0.026329, 0.996932, 0.164215, 0.000000, 0.000000, 0.000000, 1.000000, -0.073614, 0.026261, 0.996941, 0.233219, -0.578084, -0.815702, -0.021199, -0.023682, 0.812650, -0.577876, 0.075228, 0.236630, 0.000000, 0.000000, 0.000000, 1.000000, 0.001848, -0.013975, -0.999901, 0.098420, -0.999450, -0.033131, -0.001385, 0.006893, -0.033108, 0.999353, -0.014028, 0.003929, 0.000000, 0.000000, 0.000000, 1.000000
-14.9522, 32.6747, 20.4098, 164.2251, 233.2293, -23.6749, 236.6388, 98.4200, 6.8932, 3.9292, 0.578085, 0.815699, 0.021280, 0.032675, -0.812640, 0.577882, -0.075297, 0.020410, -0.073717, 0.026235, 0.996934, 0.164225, 0.000000, 0.000000, 0.000000, 1.000000, -0.073623, 0.026167, 0.996943, 0.233229, -0.578085, -0.815699, -0.021281, -0.023675, 0.812648, -0.577885, 0.075180, 0.236639, 0.000000, 0.000000, 0.000000, 1.000000, 0.001848, -0.013975, -0.999901, 0.098420, -0.999450, -0.033131, -0.001385, 0.006893, -0.033108, 0.999353, -0.014028, 0.003929, 0.000000, 0.000000, 0.000000, 1.000000
-14.9461, 32.6669, 20.4000, 164.2363, 233.2405, -23.6671, 236.6486, 98.4199, 6.8932, 3.9290, 0.578087, 0.815695, 0.021367, 0.032667, -0.812638, 0.577891, -0.075246, 0.020400, -0.073726, 0.026135, 0.996936, 0.164236, 0.000000, 0.000000, 0.000000, 1.000000, -0.073631, 0.026066, 0.996945, 0.233241, -0.578087, -0.815695, -0.021368, -0.023667, 0.812646, -0.577894, 0.075129, 0.236649, 0.000000, 0.000000, 0.000000, 1.000000, 0.001848, -0.013975, -0.999901, 0.098420, -0.999450, -0.033131, -0.001385, 0.006893, -0.033108, 0.999353, -0.014028, 0.003929, 0.000000, 0.000000, 0.000000, 1.000000
-14.9461, 32.6669, 20.4000, 164.2363, 233.2405, -23.6671, 236.6486, 98.4199, 6.8932, 3.9290, 0.578087, 0.815695, 0.021367, 0.032667, -0.812638, 0.577891, -0.075246, 0.020400, -0.073726, 0.026135, 0.996936, 0.164236, 0.000000, 0.000000, 0.000000, 1.000000, -0.073631, 0.026066, 0.996945, 0.233241, -0.578087, -0.815695, -0.021368, -0.023667, 0.812646, -0.577894, 0.075129, 0.236649, 0.000000, 0.000000, 0.000000, 1.000000, 0.001848, -0.013975, -0.999901, 0.098420, -0.999450, -0.033131, -0.001385, 0.006893, -0.033108, 0.999353, -0.014028, 0.003929, 0.000000, 0.000000, 0.000000, 1.000000
-14.9363, 32.6542, 20.3846, 164.2544, 233.2587, -23.6544, 236.6640, 98.4198, 6.8932, 3.9285, 0.578090, 0.815690, 0.021507, 0.032654, -0.812635, 0.577906, -0.075163, 0.020385, -0.073739, 0.025973, 0.996939, 0.164254, 0.000000, 0.000000, 0.000000, 1.000000, -0.073643, 0.025904, 0.996948, 0.233259, -0.578090, -0.815690, -0.021508, -0.023654, 0.812643, -0.577909, 0.075045, 0.236664, 0.000000, 0.000000, 0.000000, 1.000000, 0.001848, -0.013975, -0.999901, 0.098420, -0.999450, -0.033131, -0.001384, 0.006893, -0.033108, 0.999353, -0.014028, 0.003929, 0.000000, 0.000000, 0.000000, 1.000000
-14.9259, 32.6406, 20.3686, 164.2741, 233.2784, -23.6408, 236.6800, 98.4196, 6.8932, 3.9281, 0.578092, 0.815684, 0.021657, 0.032641, -0.812632, 0.577922, -0.075072, 0.020369, -0.073751, 0.025799, 0.996943, 0.164274, 0.000000, 0.000000, 0.000000, 1.000000, -0.073655, 0.025731, 0.996952, 0.233278, -0.578092, -0.815684, -0.021658, -0.023641, 0.812640, -0.577925, 0.074954, 0.236680, 0.000000, 0.000000, 0.000000, 1.000000, 0.001848, -0.013975, -0.999901, 0.098420, -0.999450, -0.033131, -0.001384, 0.006893, -0.033108, 0.999353, -0.014028, 0.003928, 0.000000, 0.000000, 0.000000, 1.000000
-14.9222, 32.6359, 20.3631, 164.2810, 233.2853, -23.6361, 236.6855, 98.4195, 6.8932, 3.9279, 0.578093, 0.815682, 0.021709, 0.032636, -0.812631, 0.577928, -0.075040, 0.020363, -0.073754, 0.025739, 0.996944, 0.164281, 0.000000, 0.000000, 0.000000, 1.000000, -0.073659, 0.025670, 0.996953, 0.233285, -0.578093, -0.815682, -0.021710, -0.023636, 0.812639, -0.577931, 0.074922, 0.236685, 0.000000, 0.000000, 0.000000, 1.000000, 0.001848, -0.013975, -0.999901, 0.098420, -0.999450, -0.033131, -0.001384, 0.006893, -0.033108, 0.999353, -0.014028, 0.003928, 0.000000, 0.000000, 0.000000, 1.000000
-14.9185, 32.6310, 20.3576, 164.2881, 233.2924, -23.6312, 236.6910, 98.4195, 6.8932, 3.9277, 0.578094, 0.815680, 0.021762, 0.032631, -0.812630, 0.577933, -0.075007, 0.020358, -0.073758, 0.025677, 0.996946, 0.164288, 0.000000, 0.000000, 0.000000, 1.000000, -0.073663, 0.025608, 0.996954, 0.233292, -0.578094, -0.815680, -0.021763, -0.023631, 0.812639, -0.577936, 0.074889, 0.236691, 0.000000, 0.000000, 0.000000, 1.000000, 0.001848, -0.013975, -0.999901, 0.098419, -0.999450, -0.033131, -0.001384, 0.006893, -0.033108, 0.999353, -0.014028, 0.003928, 0.000000, 0.000000, 0.000000, 1.000000
-14.9070, 32.6159, 20.3407, 164.3103, 233.3146, -23.6161, 236.7078, 98.4193, 6.8933, 3.9272, 0.578096, 0.815674, 0.021927, 0.032616, -0.812627, 0.577950, -0.074903, 0.020341, -0.073769, 0.025483, 0.996950, 0.164310, 0.000000, 0.000000, 0.000000, 1.000000, -0.073674, 0.025414, 0.996959, 0.233315, -0.578096, -0.815674, -0.021927, -0.023616, 0.812636, -0.577953, 0.074785, 0.236708, 0.000000, 0.000000, 0.000000, 1.000000, 0.001848, -0.013975, -0.999901, 0.098419, -0.999450, -0.033131, -0.001384, 0.006893, -0.033108, 0.999353, -0.014028, 0.003927, 0.000000, 0.000000, 0.000000, 1.000000
-14.9030, 32.6107, 20.3350, 164.3180, 233.3223, -23.6109, 236.7135, 98.4192, 6.8933, 3.9271, 0.578097, 0.815672, 0.021983, 0.032611, -0.812626, 0.577956, -0.074867, 0.020335, -0.073772, 0.025416, 0.996951, 0.164318, 0.000000, 0.000000, 0.000000, 1.000000, -0.073677, 0.025347, 0.996960, 0.233322, -0.578097, -0.815672, -0.021984, -0.023611, 0.812635, -0.577959, 0.074749, 0.236714, 0.000000, 0.000000, 0.000000, 1.000000, 0.001848, -0.013975, -0.999901, 0.098419, -0.999450, -0.033131, -0.001384, 0.006893, -0.033108, 0.999353, -0.014028, 0.003927, 0.000000, 0.000000, 0.000000, 1.000000
-14.8949, 32.5999, 20.3236, 164.3339, 233.3382, -23.6001, 236.7249, 98.4191, 6.8933, 3.9267, 0.578098, 0.815668, 0.022099, 0.032600, -0.812625, 0.577968, -0.074792, 0.020324, -0.073778, 0.025279, 0.996954, 0.164334, 0.000000, 0.000000, 0.000000, 1.000000, -0.073683, 0.025210, 0.996963, 0.233338, -0.578098, -0.815668, -0.022100, -0.023600, 0.812634, -0.577971, 0.074675, 0.236725, 0.000000, 0.000000, 0.000000, 1.000000, 0.001848, -0.013975, -0.999901, 0.098419, -0.999450, -0.033131, -0.001384, 0.006893, -0.033108, 0.999353, -0.014028, 0.003927, 0.000000, 0.000000, 0.000000, 1.000000
-14.8907, 32.5945, 20.3179, 164.3421, 233.3464, -23.5947, 236.7307, 98.4190, 6.8933, 3.9265, 0.578099, 0.815666, 0.022158, 0.032594, -0.812624, 0.577974, -0.074754, 0.020318, -0.073781, 0.025209, 0.996956, 0.164342, 0.000000, 0.000000, 0.000000, 1.000000, -0.073686, 0.025140, 0.996965, 0.233346, -0.578099, -0.815666, -0.022159, -0.023595, 0.812633, -0.577977, 0.074636, 0.236731, 0.000000, 0.000000, 0.000000, 1.000000, 0.001848, -0.013975, -0.999901, 0.098419, -0.999450, -0.033131, -0.001384, 0.006893, -0.033108, 0.999353, -0.014028, 0.003927, 0.000000, 0.000000, 0.000000, 1.000000
-14.8865, 32.5889, 20.3121, 164.3503, 233.3546, -23.5891, 236.7364, 98.4189, 6.8933, 3.9263, 0.578100, 0.815664, 0.022218, 0.032589, -0.812623, 0.577980, -0.074715, 0.020312, -0.073784, 0.025138, 0.996957, 0.164350, 0.000000, 0.000000, 0.000000, 1.000000, -0.073688, 0.025069, 0.996966, 0.233355, -0.578100, -0.815664, -0.022219, -0.023589, 0.812632, -0.577983, 0.074597, 0.236736, 0.000000, 0.000000, 0.000000, 1.000000, 0.001848, -0.013975, -0.999901, 0.098419, -0.999450, -0.033131, -0.001384, 0.006893, -0.033108, 0.999353, -0.014028, 0.003926, 0.000000, 0.000000, 0.000000, 1.000000
-14.8737, 32.5718, 20.2949, 164.3759, 233.3802, -23.5720, 236.7537, 98.4187, 6.8933, 3.9258, 0.578102, 0.815657, 0.022401, 0.032572, -0.812621, 0.577998, -0.074594, 0.020295, -0.073791, 0.024920, 0.996962, 0.164376, 0.000000, 0.000000, 0.000000, 1.000000, -0.073695, 0.024851, 0.996971, 0.233380, -0.578101, -0.815657, -0.022402, -0.023572, 0.812630, -0.578001, 0.074477, 0.236754, 0.000000, 0.000000, 0.000000, 1.000000, 0.001848, -0.013975, -0.999901, 0.098419, -0.999450, -0.033131, -0.001384, 0.006893, -0.033108, 0.999353, -0.014028, 0.003926, 0.000000, 0.000000, 0.000000, 1.000000
-14.8694, 32.5660, 20.2891, 164.3847, 233.3890, -23.5662, 236.7594, 98.4186, 6.8933, 3.9256, 0.578102, 0.815655, 0.022463, 0.032566, -0.812621, 0.578005, -0.074552, 0.020289, -0.073793, 0.024845, 0.996964, 0.164385, 0.000000, 0.000000, 0.000000, 1.000000, -0.073698, 0.024776, 0.996973, 0.233389, -0.578102, -0.815655, -0.022464, -0.023566, 0.812630, -0.578007, 0.074435, 0.236759, 0.000000, 0.000000, 0.000000, 1.000000, 0.001848, -0.013975, -0.999901, 0.098419, -0.999450, -0.033131, -0.001384, 0.006893, -0.033108, 0.999353, -0.014028, 0.003926, 0.000000, 0.000000, 0.000000, 1.000000
-14.8606, 32.5543, 20.2777, 164.4025, 233.4068, -23.5545, 236.7709, 98.4185, 6.8933, 3.9252, 0.578103, 0.815651, 0.022588, 0.032554, -0.812620, 0.578017, -0.074468, 0.020278, -0.073796, 0.024695, 0.996968, 0.164402, 0.000000, 0.000000, 0.000000, 1.000000, -0.073701, 0.024626, 0.996976, 0.233407, -0.578103, -0.815651, -0.022589, -0.023554, 0.812628, -0.578020, 0.074351, 0.236771, 0.000000, 0.000000, 0.000000, 1.000000, 0.001848, -0.013975, -0.999901, 0.098418, -0.999450, -0.033131, -0.001384, 0.006893, -0.033108, 0.999353, -0.014028, 0.003925, 0.000000, 0.000000, 0.000000, 1.000000
-14.8561, 32.5483, 20.2720, 164.4115, 233.4158, -23.5485, 236.7766, 98.4184, 6.8933, 3.9250, 0.578104, 0.815649, 0.022651, 0.032548, -0.812619, 0.578023, -0.074425, 0.020272, -0.073798, 0.024618, 0.996969, 0.164411, 0.000000, 0.000000, 0.000000, 1.000000, -0.073703, 0.024550, 0.996978, 0.233416, -0.578104, -0.815649, -0.022652, -0.023549, 0.812628, -0.578026, 0.074308, 0.236777, 0.000000, 0.000000, 0.000000, 1.000000, 0.001848, -0.013975, -0.999901, 0.098418, -0.999450, -0.033131, -0.001384, 0.006893, -0.033108, 0.999353, -0.014028, 0.003925, 0.000000, 0.000000, 0.000000, 1.000000
-14.8472, 32.5363, 20.2607, 164.4298, 233.4341, -23.5365, 236.7879, 98.4183, 6.8933, 3.9246, 0.578104, 0.815645, 0.022779, 0.032536, -0.812618, 0.578036, -0.074338, 0.020261, -0.073800, 0.024465, 0.996973, 0.164430, 0.000000, 0.000000, 0.000000, 1.000000, -0.073705, 0.024396, 0.996982, 0.233434, -0.578104, -0.815645, -0.022780, -0.023536, 0.812627, -0.578038, 0.074221, 0.236788, 0.000000, 0.000000, 0.000000, 1.000000, 0.001848, -0.013975, -0.999901, 0.098418, -0.999450, -0.033131, -0.001384, 0.006893, -0.033108, 0.999353, -0.014028, 0.003925, 0.000000, 0.000000, 0.000000, 1.000000
-14.8427, 32.5302, 20.2551, 164.4390, 233.4433, -23.5304, 236.7935, 98.4182, 6.8933, 3.9244, 0.578105, 0.815643, 0.022843, 0.032530, -0.812618, 0.578042, -0.074294, 0.020255, -0.073801, 0.024387, 0.996975, 0.164439, 0.000000, 0.000000, 0.000000, 1.000000, -0.073707, 0.024319, 0.996983, 0.233443, -0.578105, -0.815643, -0.022844, -0.023530, 0.812627, -0.578045, 0.074177, 0.236793, 0.000000, 0.000000, 0.000000, 1.000000, 0.001848, -0.013975, -0.999901, 0.098418, -0.999450, -0.033131, -0.001384, 0.006893, -0.033108, 0.999353, -0.014028, 0.003924, 0.000000, 0.000000, 0.000000, 1.000000
-14.8336, 32.5181, 20.2440, 164.4577, 233.4620, -23.5183, 236.8046, 98.4180, 6.8933, 3.9240, 0.578105, 0.815639, 0.022971, 0.032518, -0.812617, 0.578054, -0.074205, 0.020244, -0.073803, 0.024231, 0.996978, 0.164458, 0.000000, 0.000000, 0.000000, 1.000000, -0.073708, 0.024163, 0.996987, 0.233462, -0.578105, -0.815639, -0.022972, -0.023518, 0.812626, -0.578057, 0.074088, 0.236805, 0.000000, 0.000000, 0.000000, 1.000000, 0.001848, -0.013975, -0.999901, 0.098418, -0.999450, -0.033131, -0.001384, 0.006893, -0.033108, 0.999353, -0.014028, 0.003924, 0.000000, 0.000000, 0.000000, 1.000000
-14.8291, 32.5119, 20.2385, 164.4671, 233.4714, -23.5121, 236.8101, 98.4179, 6.8933, 3.9238, 0.578106, 0.815637, 0.023036, 0.032512, -0.812617, 0.578060, -0.074160, 0.020239, -0.073804, 0.024153, 0.996980, 0.164467, 0.000000, 0.000000, 0.000000, 1.000000, -0.073709, 0.024084, 0.996989, 0.233471, -0.578106, -0.815637, -0.023037, -0.023512, 0.812626, -0.578063, 0.074043, 0.236810, 0.000000, 0.000000, 0.000000, 1.000000, 0.001848, -0.013975, -0.999901, 0.098418, -0.999450, -0.033131, -0.001384, 0.006893, -0.033108, 0.999353, -0.014028, 0.003924, 0.000000, 0.000000, 0.000000, 1.000000
-14.8200, 32.4997, 20.2277, 164.4860, 233.4903, -23.4999, 236.8210, 98.4178, 6.8934, 3.9234, 0.578106, 0.815633, 0.023165, 0.032500, -0.812617, 0.578072, -0.074070, 0.020228, -0.073805, 0.023996, 0.996984, 0.164486, 0.000000, 0.000000, 0.000000, 1.000000, -0.073710, 0.023928, 0.996993, 0.233490, -0.578106, -0.815633, -0.023166, -0.023500, 0.812625, -0.578075, 0.073953, 0.236821, 0.000000, 0.000000, 0.000000, 1.000000, 0.001848, -0.013975, -0.999901, 0.098418, -0.999450, -0.033131, -0.001384, 0.006893, -0.033108, 0.999353, -0.014028, 0.003923, 0.000000, 0.000000, 0.000000, 1.000000
-14.8155, 32.4935, 20.2223, 164.4955, 233.4997, -23.4937, 236.8264, 98.4177, 6.8934, 3.9232, 0.578106, 0.815631, 0.023229, 0.032494, -0.812617, 0.578078, -0.074024, 0.020222, -0.073805, 0.023917, 0.996986, 0.164495, 0.000000, 0.000000, 0.000000, 1.000000, -0.073710, 0.023849, 0.996994, 0.233500, -0.578106, -0.815631, -0.023230, -0.023494, 0.812625, -0.578081, 0.073908, 0.236826, 0.000000, 0.000000, 0.000000, 1.000000, 0.001848, -0.013975, -0.999901, 0.098418, -0.999450, -0.033131, -0.001384, 0.006893, -0.033108, 0.999353, -0.014028, 0.003923, 0.000000, 0.000000, 0.000000, 1.000000
-14.8065, 32.4813, 20.2117, 164.5145, 233.5187, -23.4815, 236.8370, 98.4176, 6.8934, 3.9228, 0.578107, 0.815627, 0.023358, 0.032481, -0.812616, 0.578090, -0.073933, 0.020212, -0.073805, 0.023760, 0.996990, 0.164514, 0.000000, 0.000000, 0.000000, 1.000000, -0.073710, 0.023692, 0.996998, 0.233519, -0.578107, -0.815627, -0.023359, -0.023481, 0.812625, -0.578093, 0.073817, 0.236837, 0.000000, 0.000000, 0.000000, 1.000000, 0.001848, -0.013975, -0.999901, 0.098418, -0.999450, -0.033131, -0.001384, 0.006893, -0.033108, 0.999353, -0.014028, 0.003923, 0.000000, 0.000000, 0.000000, 1.000000
-14.7975, 32.4690, 20.2014, 164.5335, 233.5377, -23.4692, 236.8474, 98.4174, 6.8934, 3.9224, 0.578107, 0.815623, 0.023486, 0.032469, -0.812616, 0.578102, -0.073842, 0.020201, -0.073804, 0.023604, 0.996993, 0.164533, 0.000000, 0.000000, 0.000000, 1.000000, -0.073710, 0.023535, 0.997002, 0.233538, -0.578107, -0.815623, -0.023487, -0.023469, 0.812625, -0.578105, 0.073726, 0.236847, 0.000000, 0.000000, 0.000000, 1.000000, 0.001848, -0.013975, -0.999901, 0.098417, -0.999450, -0.033131, -0.001384, 0.006893, -0.033108, 0.999353, -0.014028, 0.003922, 0.000000, 0.000000, 0.000000, 1.000000
-14.7930, 32.4629, 20.1963, 164.5429, 233.5472, -23.4631, 236.8525, 98.4173, 6.8934, 3.9222, 0.578107, 0.815621, 0.023549, 0.032463, -0.812616, 0.578108, -0.073796, 0.020196, -0.073804, 0.023526, 0.996995, 0.164543, 0.000000, 0.000000, 0.000000, 1.000000, -0.073710, 0.023457, 0.997004, 0.233547, -0.578107, -0.815621, -0.023550, -0.023463, 0.812625, -0.578111, 0.073680, 0.236852, 0.000000, 0.000000, 0.000000, 1.000000, 0.001848, -0.013975, -0.999901, 0.098417, -0.999450, -0.033131, -0.001384, 0.006893, -0.033108, 0.999353, -0.014028, 0.003922, 0.000000, 0.000000, 0.000000, 1.000000
-14.7841, 32.4508, 20.1862, 164.5618, 233.5661, -23.4510, 236.8626, 98.4172, 6.8934, 3.9218, 0.578107, 0.815617, 0.023676, 0.032451, -0.812616, 0.578119, -0.073706, 0.020186, -0.073803, 0.023370, 0.996999, 0.164562, 0.000000, 0.000000, 0.000000, 1.000000, -0.073709, 0.023302, 0.997008, 0.233566, -0.578107, -0.815617, -0.023677, -0.023451, 0.812625, -0.578122, 0.073590, 0.236863, 0.000000, 0.000000, 0.000000, 1.000000, 0.001848, -0.013975, -0.999901, 0.098417, -0.999450, -0.033131, -0.001384, 0.006893, -0.033108, 0.999353, -0.014028, 0.003922, 0.000000, 0.000000, 0.000000, 1.000000
-14.7841, 32.4508, 20.1862, 164.5618, 233.5661, -23.4510, 236.8626, 98.4172, 6.8934, 3.9218, 0.578107, 0.815617, 0.023676, 0.032451, -0.812616, 0.578119, -0.073706, 0.020186, -0.073803, 0.023370, 0.996999, 0.164562, 0.000000, 0.000000, 0.000000, 1.000000, -0.073709, 0.023302, 0.997008, 0.233566, -0.578107, -0.815617, -0.023677, -0.023451, 0.812625, -0.578122, 0.073590, 0.236863, 0.000000, 0.000000, 0.000000, 1.000000, 0.001848, -0.013975, -0.999901, 0.098417, -0.999450, -0.033131, -0.001384, 0.006893, -0.033108, 0.999353, -0.014028, 0.003922, 0.000000, 0.000000, 0.000000, 1.000000
-14.7797, 32.4448, 20.1813, 164.5713, 233.5755, -23.4450, 236.8675, 98.4171, 6.8934, 3.9216, 0.578107, 0.815616, 0.023739, 0.032445, -0.812617, 0.578125, -0.073660, 0.020181, -0.073802, 0.023293, 0.997001, 0.164571, 0.000000, 0.000000, 0.000000, 1.000000, -0.073708, 0.023225, 0.997009, 0.233576, -0.578107, -0.815616, -0.023739, -0.023445, 0.812625, -0.578128, 0.073544, 0.236868, 0.000000, 0.000000, 0.000000, 1.000000, 0.001848, -0.013975, -0.999901, 0.098417, -0.999450, -0.033131, -0.001384, 0.006893, -0.033108, 0.999353, -0.014028, 0.003922, 0.000000, 0.000000, 0.000000, 1.000000
-14.7624, 32.4211, 20.1622, 164.6084, 233.6126, -23.4213, 236.8867, 98.4168, 6.8934, 3.9208, 0.578107, 0.815609, 0.023985, 0.032421, -0.812617, 0.578147, -0.073482, 0.020162, -0.073799, 0.022990, 0.997008, 0.164608, 0.000000, 0.000000, 0.000000, 1.000000, -0.073705, 0.022922, 0.997017, 0.233613, -0.578107, -0.815609, -0.023986, -0.023421, 0.812626, -0.578150, 0.073366, 0.236887, 0.000000, 0.000000, 0.000000, 1.000000, 0.001848, -0.013975, -0.999901, 0.098417, -0.999450, -0.033131, -0.001384, 0.006893, -0.033108, 0.999353, -0.014028, 0.003921, 0.000000, 0.000000, 0.000000, 1.000000
-14.7582, 32.4153, 20.1576, 164.6175, 233.6218, -23.4155, 236.8913, 98.4167, 6.8934, 3.9206, 0.578106, 0.815607, 0.024045, 0.032415, -0.812617, 0.578152, -0.073438, 0.020158, -0.073798, 0.022915, 0.997010, 0.164618, 0.000000, 0.000000, 0.000000, 1.000000, -0.073704, 0.022848, 0.997018, 0.233622, -0.578106, -0.815607, -0.024046, -0.023415, 0.812626, -0.578155, 0.073322, 0.236891, 0.000000, 0.000000, 0.000000, 1.000000, 0.001848, -0.013975, -0.999901, 0.098417, -0.999450, -0.033131, -0.001384, 0.006893, -0.033108, 0.999353, -0.014028, 0.003921, 0.000000, 0.000000, 0.000000, 1.000000
-14.7498, 32.4038, 20.1486, 164.6356, 233.6398, -23.4040, 236.9004, 98.4166, 6.8934, 3.9203, 0.578106, 0.815604, 0.024164, 0.032404, -0.812618, 0.578163, -0.073351, 0.020149, -0.073796, 0.022768, 0.997013, 0.164636, 0.000000, 0.000000, 0.000000, 1.000000, -0.073703, 0.022701, 0.997022, 0.233640, -0.578106, -0.815604, -0.024165, -0.023404, 0.812626, -0.578165, 0.073236, 0.236900, 0.000000, 0.000000, 0.000000, 1.000000, 0.001848, -0.013975, -0.999901, 0.098417, -0.999450, -0.033131, -0.001384, 0.006893, -0.033108, 0.999353, -0.014028, 0.003920, 0.000000, 0.000000, 0.000000, 1.000000
-14.7457, 32.3982, 20.1442, 164.6445, 233.6487, -23.3984, 236.9049, 98.4165, 6.8935, 3.9201, 0.578106, 0.815602, 0.024223, 0.032398, -0.812618, 0.578168, -0.073308, 0.020144, -0.073795, 0.022696, 0.997015, 0.164644, 0.000000, 0.000000, 0.000000, 1.000000, -0.073701, 0.022629, 0.997024, 0.233649, -0.578106, -0.815602, -0.024223, -0.023398, 0.812626, -0.578170, 0.073193, 0.236905, 0.000000, 0.000000, 0.000000, 1.000000, 0.001848, -0.013975, -0.999901, 0.098417, -0.999450, -0.033131, -0.001384, 0.006893, -0.033108, 0.999353, -0.014028, 0.003920, 0.000000, 0.000000, 0.000000, 1.000000
-14.7376, 32.3870, 20.1355, 164.6621, 233.6663, -23.3872, 236.9136, 98.4164, 6.8935, 3.9197, 0.578105, 0.815599, 0.024338, 0.032387, -0.812618, 0.578178, -0.073223, 0.020136, -0.073792, 0.022553, 0.997019, 0.164662, 0.000000, 0.000000, 0.000000, 1.000000, -0.073699, 0.022486, 0.997027, 0.233666, -0.578105, -0.815599, -0.024339, -0.023387, 0.812627, -0.578180, 0.073108, 0.236914, 0.000000, 0.000000, 0.000000, 1.000000, 0.001848, -0.013975, -0.999901, 0.098416, -0.999450, -0.033131, -0.001384, 0.006893, -0.033108, 0.999353, -0.014028, 0.003920, 0.000000, 0.000000, 0.000000, 1.000000
-14.7297, 32.3761, 20.1271, 164.6793, 233.6835, -23.3763, 236.9220, 98.4163, 6.8935, 3.9194, 0.578105, 0.815596, 0.024451, 0.032376, -0.812619, 0.578187, -0.073140, 0.020127, -0.073790, 0.022413, 0.997022, 0.164679, 0.000000, 0.000000, 0.000000, 1.000000, -0.073697, 0.022346, 0.997030, 0.233684, -0.578105, -0.815596, -0.024452, -0.023376, 0.812628, -0.578190, 0.073026, 0.236922, 0.000000, 0.000000, 0.000000, 1.000000, 0.001848, -0.013975, -0.999901, 0.098416, -0.999450, -0.033131, -0.001384, 0.006893, -0.033108, 0.999353, -0.014028, 0.003919, 0.000000, 0.000000, 0.000000, 1.000000
