# Joint_6_Angle(deg), Cam_X(mm), Cam_Y(mm), Cam_Z(mm), Torso_X(mm), Torso_Y(mm), Torso_Z(mm), EE_X(mm), EE_Y(mm), EE_Z(mm), T_cam2marker_flat(16), T_torso2marker_flat(16), T_ee2marker_flat(16)
-29.9993, 17.6014, -18.9543, 223.5356, 245.5411, -17.6018, 218.9621, -1.1961, 105.2035, 14.7273, 0.832271, -0.120587, -0.541096, 0.017601, 0.144706, 0.989472, 0.002065, -0.018954, 0.535150, -0.080018, 0.840959, 0.223536, 0.000000, 0.000000, 0.000000, 1.000000, 0.535106, -0.080309, 0.840959, 0.245541, -0.832272, 0.120587, 0.541094, -0.017602, -0.144864, -0.989449, -0.002312, 0.218962, 0.000000, 0.000000, 0.000000, 1.000000, 0.994688, -0.069765, 0.075684, -0.001196, 0.074817, -0.014950, -0.997085, 0.105203, 0.070693, 0.997451, -0.009651, 0.014727, 0.000000, 0.000000, 0.000000, 1.000000
-29.9995, 17.6017, -18.9535, 223.5362, 245.5417, -17.6021, 218.9612, -1.1962, 105.2035, 14.7274, 0.832268, -0.120588, -0.541099, 0.017602, 0.144708, 0.989472, 0.002065, -0.018953, 0.535154, -0.080020, 0.840956, 0.223536, 0.000000, 0.000000, 0.000000, 1.000000, 0.535110, -0.080311, 0.840957, 0.245542, -0.832269, 0.120588, 0.541098, -0.017602, -0.144866, -0.989449, -0.002312, 0.218961, 0.000000, 0.000000, 0.000000, 1.000000, 0.994688, -0.069765, 0.075684, -0.001196, 0.074817, -0.014950, -0.997085, 0.105203, 0.070693, 0.997451, -0.009651, 0.014727, 0.000000, 0.000000, 0.000000, 1.000000
-29.9996, 17.6019, -18.9534, 223.5363, 245.5418, -17.6023, 218.9611, -1.1963, 105.2035, 14.7274, 0.832267, -0.120588, -0.541101, 0.017602, 0.144709, 0.989472, 0.002065, -0.018953, 0.535156, -0.080020, 0.840955, 0.223536, 0.000000, 0.000000, 0.000000, 1.000000, 0.535111, -0.080311, 0.840955, 0.245542, -0.832268, 0.120589, 0.541100, -0.017602, -0.144866, -0.989449, -0.002312, 0.218961, 0.000000, 0.000000, 0.000000, 1.000000, 0.994688, -0.069764, 0.075684, -0.001196, 0.074817, -0.014950, -0.997085, 0.105203, 0.070693, 0.997451, -0.009651, 0.014727, 0.000000, 0.000000, 0.000000, 1.000000
-29.9999, 17.6020, -18.9541, 223.5361, 245.5417, -17.6024, 218.9617, -1.1967, 105.2035, 14.7273, 0.832265, -0.120588, -0.541105, 0.017602, 0.144707, 0.989472, 0.002063, -0.018954, 0.535159, -0.080018, 0.840953, 0.223536, 0.000000, 0.000000, 0.000000, 1.000000, 0.535115, -0.080310, 0.840953, 0.245542, -0.832265, 0.120588, 0.541103, -0.017602, -0.144865, -0.989449, -0.002310, 0.218962, 0.000000, 0.000000, 0.000000, 1.000000, 0.994688, -0.069764, 0.075684, -0.001197, 0.074817, -0.014951, -0.997085, 0.105204, 0.070693, 0.997451, -0.009652, 0.014727, 0.000000, 0.000000, 0.000000, 1.000000
-30.0002, 17.6019, -18.9567, 223.5351, 245.5406, -17.6023, 218.9642, -1.1974, 105.2038, 14.7270, 0.832261, -0.120586, -0.541110, 0.017602, 0.144701, 0.989473, 0.002057, -0.018957, 0.535166, -0.080011, 0.840949, 0.223535, 0.000000, 0.000000, 0.000000, 1.000000, 0.535121, -0.080303, 0.840950, 0.245541, -0.832262, 0.120586, 0.541108, -0.017602, -0.144859, -0.989450, -0.002305, 0.218964, 0.000000, 0.000000, 0.000000, 1.000000, 0.994688, -0.069764, 0.075684, -0.001197, 0.074817, -0.014951, -0.997085, 0.105204, 0.070693, 0.997451, -0.009652, 0.014727, 0.000000, 0.000000, 0.000000, 1.000000
-30.0005, 17.6017, -18.9594, 223.5339, 245.5394, -17.6020, 218.9668, -1.1979, 105.2040, 14.7268, 0.832260, -0.120583, -0.541113, 0.017602, 0.144695, 0.989474, 0.002052, -0.018959, 0.535170, -0.080004, 0.840947, 0.223534, 0.000000, 0.000000, 0.000000, 1.000000, 0.535126, -0.080297, 0.840948, 0.245539, -0.832261, 0.120583, 0.541112, -0.017602, -0.144854, -0.989450, -0.002301, 0.218967, 0.000000, 0.000000, 0.000000, 1.000000, 0.994688, -0.069764, 0.075684, -0.001198, 0.074817, -0.014951, -0.997085, 0.105204, 0.070693, 0.997451, -0.009652, 0.014727, 0.000000, 0.000000, 0.000000, 1.000000
-30.0006, 17.6013, -18.9627, 223.5323, 245.5379, -17.6017, 218.9700, -1.1986, 105.2043, 14.7265, 0.832259, -0.120580, -0.541116, 0.017601, 0.144688, 0.989475, 0.002046, -0.018963, 0.535174, -0.079996, 0.840946, 0.223532, 0.000000, 0.000000, 0.000000, 1.000000, 0.535129, -0.080288, 0.840946, 0.245538, -0.832260, 0.120580, 0.541114, -0.017602, -0.144846, -0.989452, -0.002295, 0.218970, 0.000000, 0.000000, 0.000000, 1.000000, 0.994688, -0.069764, 0.075684, -0.001199, 0.074817, -0.014951, -0.997085, 0.105204, 0.070692, 0.997451, -0.009652, 0.014726, 0.000000, 0.000000, 0.000000, 1.000000
-30.0007, 17.6010, -18.9646, 223.5314, 245.5370, -17.6014, 218.9719, -1.1989, 105.2045, 14.7263, 0.832258, -0.120578, -0.541116, 0.017601, 0.144684, 0.989476, 0.002043, -0.018965, 0.535175, -0.079991, 0.840945, 0.223531, 0.000000, 0.000000, 0.000000, 1.000000, 0.535131, -0.080283, 0.840946, 0.245537, -0.832259, 0.120578, 0.541115, -0.017601, -0.144842, -0.989452, -0.002292, 0.218972, 0.000000, 0.000000, 0.000000, 1.000000, 0.994688, -0.069764, 0.075684, -0.001199, 0.074817, -0.014951, -0.997085, 0.105204, 0.070692, 0.997451, -0.009652, 0.014726, 0.000000, 0.000000, 0.000000, 1.000000
-30.0006, 17.6004, -18.9687, 223.5294, 245.5350, -17.6008, 218.9759, -1.1994, 105.2048, 14.7259, 0.832259, -0.120574, -0.541116, 0.017600, 0.144674, 0.989477, 0.002036, -0.018969, 0.535176, -0.079980, 0.840946, 0.223529, 0.000000, 0.000000, 0.000000, 1.000000, 0.535132, -0.080273, 0.840946, 0.245535, -0.832260, 0.120574, 0.541114, -0.017601, -0.144833, -0.989453, -0.002285, 0.218976, 0.000000, 0.000000, 0.000000, 1.000000, 0.994688, -0.069764, 0.075684, -0.001199, 0.074817, -0.014951, -0.997085, 0.105205, 0.070692, 0.997451, -0.009652, 0.014726, 0.000000, 0.000000, 0.000000, 1.000000
-30.0005, 17.5999, -18.9709, 223.5283, 245.5339, -17.6003, 218.9781, -1.1997, 105.2050, 14.7256, 0.832260, -0.120572, -0.541115, 0.017600, 0.144670, 0.989478, 0.002033, -0.018971, 0.535176, -0.079974, 0.840946, 0.223528, 0.000000, 0.000000, 0.000000, 1.000000, 0.535131, -0.080268, 0.840947, 0.245534, -0.832261, 0.120572, 0.541113, -0.017600, -0.144828, -0.989454, -0.002282, 0.218978, 0.000000, 0.000000, 0.000000, 1.000000, 0.994688, -0.069764, 0.075684, -0.001200, 0.074817, -0.014951, -0.997085, 0.105205, 0.070693, 0.997451, -0.009652, 0.014726, 0.000000, 0.000000, 0.000000, 1.000000
-30.0002, 17.5989, -18.9756, 223.5258, 245.5314, -17.5993, 218.9827, -1.2000, 105.2053, 14.7252, 0.832265, -0.120567, -0.541109, 0.017599, 0.144659, 0.989479, 0.002026, -0.018976, 0.535172, -0.079962, 0.840950, 0.223526, 0.000000, 0.000000, 0.000000, 1.000000, 0.535127, -0.080256, 0.840950, 0.245531, -0.832266, 0.120567, 0.541107, -0.017599, -0.144818, -0.989456, -0.002276, 0.218983, 0.000000, 0.000000, 0.000000, 1.000000, 0.994688, -0.069764, 0.075684, -0.001200, 0.074817, -0.014950, -0.997085, 0.105205, 0.070693, 0.997451, -0.009651, 0.014725, 0.000000, 0.000000, 0.000000, 1.000000
-29.9998, 17.5982, -18.9780, 223.5245, 245.5301, -17.5986, 218.9851, -1.2001, 105.2055, 14.7249, 0.832268, -0.120564, -0.541104, 0.017598, 0.144654, 0.989480, 0.002023, -0.018978, 0.535168, -0.079956, 0.840953, 0.223524, 0.000000, 0.000000, 0.000000, 1.000000, 0.535124, -0.080250, 0.840953, 0.245530, -0.832269, 0.120565, 0.541103, -0.017599, -0.144813, -0.989456, -0.002273, 0.218985, 0.000000, 0.000000, 0.000000, 1.000000, 0.994688, -0.069765, 0.075684, -0.001200, 0.074817, -0.014950, -0.997085, 0.105205, 0.070693, 0.997451, -0.009651, 0.014725, 0.000000, 0.000000, 0.000000, 1.000000
-29.9989, 17.5967, -18.9830, 223.5215, 245.5271, -17.5971, 218.9901, -1.1999, 105.2058, 14.7243, 0.832278, -0.120559, -0.541090, 0.017597, 0.144642, 0.989482, 0.002017, -0.018983, 0.535156, -0.079944, 0.840962, 0.223522, 0.000000, 0.000000, 0.000000, 1.000000, 0.535111, -0.080237, 0.840962, 0.245527, -0.832279, 0.120559, 0.541089, -0.017597, -0.144801, -0.989458, -0.002267, 0.218990, 0.000000, 0.000000, 0.000000, 1.000000, 0.994688, -0.069765, 0.075684, -0.001200, 0.074817, -0.014949, -0.997085, 0.105206, 0.070693, 0.997451, -0.009650, 0.014724, 0.000000, 0.000000, 0.000000, 1.000000
-29.9982, 17.5958, -18.9856, 223.5200, 245.5256, -17.5962, 218.9927, -1.1997, 105.2060, 14.7240, 0.832285, -0.120557, -0.541081, 0.017596, 0.144637, 0.989483, 0.002015, -0.018986, 0.535147, -0.079937, 0.840968, 0.223520, 0.000000, 0.000000, 0.000000, 1.000000, 0.535103, -0.080231, 0.840969, 0.245526, -0.832286, 0.120557, 0.541079, -0.017596, -0.144796, -0.989459, -0.002265, 0.218993, 0.000000, 0.000000, 0.000000, 1.000000, 0.994688, -0.069765, 0.075684, -0.001200, 0.074818, -0.014948, -0.997085, 0.105206, 0.070693, 0.997451, -0.009649, 0.014724, 0.000000, 0.000000, 0.000000, 1.000000
-29.9982, 17.5958, -18.9856, 223.5200, 245.5256, -17.5962, 218.9927, -1.1997, 105.2060, 14.7240, 0.832285, -0.120557, -0.541081, 0.017596, 0.144637, 0.989483, 0.002015, -0.018986, 0.535147, -0.079937, 0.840968, 0.223520, 0.000000, 0.000000, 0.000000, 1.000000, 0.535103, -0.080231, 0.840969, 0.245526, -0.832286, 0.120557, 0.541079, -0.017596, -0.144796, -0.989459, -0.002265, 0.218993, 0.000000, 0.000000, 0.000000, 1.000000, 0.994688, -0.069765, 0.075684, -0.001200, 0.074818, -0.014948, -0.997085, 0.105206, 0.070693, 0.997451, -0.009649, 0.014724, 0.000000, 0.000000, 0.000000, 1.000000
-29.9942, 17.5910, -18.9963, 223.5129, 245.5185, -17.5914, 219.0032, -1.1976, 105.2067, 14.7228, 0.832324, -0.120546, -0.541023, 0.017591, 0.144614, 0.989486, 0.002009, -0.018996, 0.535093, -0.079911, 0.841005, 0.223513, 0.000000, 0.000000, 0.000000, 1.000000, 0.535048, -0.080205, 0.841006, 0.245518, -0.832325, 0.120546, 0.541021, -0.017591, -0.144773, -0.989462, -0.002259, 0.219003, 0.000000, 0.000000, 0.000000, 1.000000, 0.994688, -0.069766, 0.075683, -0.001198, 0.074818, -0.014942, -0.997085, 0.105207, 0.070693, 0.997451, -0.009643, 0.014723, 0.000000, 0.000000, 0.000000, 1.000000
-29.9928, 17.5895, -18.9989, 223.5109, 245.5165, -17.5899, 219.0059, -1.1968, 105.2068, 14.7224, 0.832337, -0.120543, -0.541003, 0.017589, 0.144608, 0.989487, 0.002008, -0.018999, 0.535073, -0.079905, 0.841018, 0.223511, 0.000000, 0.000000, 0.000000, 1.000000, 0.535028, -0.080199, 0.841019, 0.245517, -0.832338, 0.120543, 0.541001, -0.017590, -0.144767, -0.989463, -0.002258, 0.219006, 0.000000, 0.000000, 0.000000, 1.000000, 0.994688, -0.069766, 0.075683, -0.001197, 0.074818, -0.014941, -0.997085, 0.105207, 0.070694, 0.997451, -0.009641, 0.014722, 0.000000, 0.000000, 0.000000, 1.000000
-29.9895, 17.5860, -19.0043, 223.5067, 245.5124, -17.5865, 219.0112, -1.1945, 105.2071, 14.7217, 0.832370, -0.120538, -0.540954, 0.017586, 0.144596, 0.989489, 0.002009, -0.019004, 0.535026, -0.079892, 0.841050, 0.223507, 0.000000, 0.000000, 0.000000, 1.000000, 0.534981, -0.080186, 0.841050, 0.245512, -0.832371, 0.120538, 0.540953, -0.017586, -0.144756, -0.989465, -0.002259, 0.219011, 0.000000, 0.000000, 0.000000, 1.000000, 0.994688, -0.069767, 0.075683, -0.001195, 0.074818, -0.014936, -0.997085, 0.105207, 0.070694, 0.997451, -0.009637, 0.014722, 0.000000, 0.000000, 0.000000, 1.000000
-29.9875, 17.5841, -19.0069, 223.5045, 245.5101, -17.5845, 219.0138, -1.1931, 105.2072, 14.7214, 0.832388, -0.120535, -0.540926, 0.017584, 0.144591, 0.989489, 0.002010, -0.019007, 0.534998, -0.079886, 0.841068, 0.223505, 0.000000, 0.000000, 0.000000, 1.000000, 0.534954, -0.080180, 0.841068, 0.245510, -0.832389, 0.120536, 0.540924, -0.017585, -0.144750, -0.989466, -0.002260, 0.219014, 0.000000, 0.000000, 0.000000, 1.000000, 0.994688, -0.069767, 0.075683, -0.001193, 0.074818, -0.014934, -0.997085, 0.105207, 0.070694, 0.997451, -0.009635, 0.014721, 0.000000, 0.000000, 0.000000, 1.000000
-29.9830, 17.5798, -19.0121, 223.4999, 245.5055, -17.5802, 219.0190, -1.1898, 105.2074, 14.7206, 0.832432, -0.120530, -0.540860, 0.017580, 0.144580, 0.989491, 0.002014, -0.019012, 0.534934, -0.079874, 0.841110, 0.223500, 0.000000, 0.000000, 0.000000, 1.000000, 0.534889, -0.080169, 0.841110, 0.245505, -0.832433, 0.120530, 0.540859, -0.017580, -0.144739, -0.989467, -0.002264, 0.219019, 0.000000, 0.000000, 0.000000, 1.000000, 0.994688, -0.069769, 0.075683, -0.001190, 0.074818, -0.014928, -0.997085, 0.105207, 0.070695, 0.997452, -0.009629, 0.014721, 0.000000, 0.000000, 0.000000, 1.000000
-29.9804, 17.5774, -19.0147, 223.4974, 245.5030, -17.5778, 219.0216, -1.1878, 105.2075, 14.7202, 0.832456, -0.120528, -0.540823, 0.017577, 0.144575, 0.989492, 0.002017, -0.019015, 0.534897, -0.079868, 0.841134, 0.223497, 0.000000, 0.000000, 0.000000, 1.000000, 0.534852, -0.080163, 0.841135, 0.245503, -0.832457, 0.120528, 0.540821, -0.017578, -0.144734, -0.989468, -0.002268, 0.219022, 0.000000, 0.000000, 0.000000, 1.000000, 0.994688, -0.069769, 0.075683, -0.001188, 0.074818, -0.014925, -0.997085, 0.105208, 0.070695, 0.997452, -0.009625, 0.014720, 0.000000, 0.000000, 0.000000, 1.000000
-29.9746, 17.5721, -19.0197, 223.4922, 245.4978, -17.5725, 219.0266, -1.1832, 105.2077, 14.7194, 0.832513, -0.120523, -0.540737, 0.017572, 0.144565, 0.989493, 0.002025, -0.019020, 0.534812, -0.079858, 0.841189, 0.223492, 0.000000, 0.000000, 0.000000, 1.000000, 0.534767, -0.080152, 0.841189, 0.245498, -0.832514, 0.120523, 0.540736, -0.017572, -0.144724, -0.989469, -0.002276, 0.219027, 0.000000, 0.000000, 0.000000, 1.000000, 0.994688, -0.069770, 0.075682, -0.001183, 0.074819, -0.014917, -0.997086, 0.105208, 0.070696, 0.997452, -0.009618, 0.014719, 0.000000, 0.000000, 0.000000, 1.000000
-29.9678, 17.5660, -19.0245, 223.4867, 245.4923, -17.5664, 219.0314, -1.1777, 105.2077, 14.7185, 0.832578, -0.120519, -0.540638, 0.017566, 0.144555, 0.989495, 0.002036, -0.019025, 0.534713, -0.079848, 0.841253, 0.223487, 0.000000, 0.000000, 0.000000, 1.000000, 0.534669, -0.080142, 0.841253, 0.245492, -0.832579, 0.120519, 0.540637, -0.017566, -0.144714, -0.989471, -0.002287, 0.219031, 0.000000, 0.000000, 0.000000, 1.000000, 0.994688, -0.069772, 0.075682, -0.001178, 0.074819, -0.014908, -0.997086, 0.105208, 0.070697, 0.997452, -0.009609, 0.014719, 0.000000, 0.000000, 0.000000, 1.000000
-29.9640, 17.5628, -19.0269, 223.4838, 245.4894, -17.5632, 219.0337, -1.1746, 105.2077, 14.7181, 0.832614, -0.120516, -0.540583, 0.017563, 0.144551, 0.989495, 0.002043, -0.019027, 0.534659, -0.079843, 0.841288, 0.223484, 0.000000, 0.000000, 0.000000, 1.000000, 0.534614, -0.080138, 0.841288, 0.245489, -0.832615, 0.120516, 0.540582, -0.017563, -0.144710, -0.989471, -0.002294, 0.219034, 0.000000, 0.000000, 0.000000, 1.000000, 0.994688, -0.069773, 0.075682, -0.001175, 0.074819, -0.014904, -0.997086, 0.105208, 0.070698, 0.997452, -0.009604, 0.014718, 0.000000, 0.000000, 0.000000, 1.000000
-29.9512, 17.5518, -19.0336, 223.4746, 245.4802, -17.5523, 219.0405, -1.1640, 105.2077, 14.7167, 0.832735, -0.120510, -0.540397, 0.017552, 0.144538, 0.989497, 0.002068, -0.019034, 0.534472, -0.079830, 0.841408, 0.223475, 0.000000, 0.000000, 0.000000, 1.000000, 0.534428, -0.080125, 0.841408, 0.245480, -0.832736, 0.120510, 0.540396, -0.017552, -0.144698, -0.989473, -0.002319, 0.219040, 0.000000, 0.000000, 0.000000, 1.000000, 0.994688, -0.069776, 0.075681, -0.001164, 0.074820, -0.014887, -0.997086, 0.105208, 0.070699, 0.997452, -0.009588, 0.014717, 0.000000, 0.000000, 0.000000, 1.000000
-29.9414, 17.5442, -19.0347, 223.4695, 245.4752, -17.5446, 219.0415, -1.1553, 105.2073, 14.7161, 0.832828, -0.120510, -0.540255, 0.017544, 0.144538, 0.989497, 0.002094, -0.019035, 0.534328, -0.079831, 0.841499, 0.223470, 0.000000, 0.000000, 0.000000, 1.000000, 0.534284, -0.080126, 0.841499, 0.245475, -0.832829, 0.120510, 0.540253, -0.017545, -0.144697, -0.989473, -0.002344, 0.219042, 0.000000, 0.000000, 0.000000, 1.000000, 0.994688, -0.069778, 0.075681, -0.001155, 0.074820, -0.014875, -0.997086, 0.105207, 0.070701, 0.997452, -0.009575, 0.014716, 0.000000, 0.000000, 0.000000, 1.000000
-29.9361, 17.5403, -19.0337, 223.4676, 245.4733, -17.5407, 219.0405, -1.1503, 105.2070, 14.7159, 0.832877, -0.120511, -0.540178, 0.017540, 0.144541, 0.989496, 0.002110, -0.019034, 0.534250, -0.079835, 0.841548, 0.223468, 0.000000, 0.000000, 0.000000, 1.000000, 0.534205, -0.080130, 0.841548, 0.245473, -0.832878, 0.120512, 0.540177, -0.017541, -0.144701, -0.989473, -0.002361, 0.219040, 0.000000, 0.000000, 0.000000, 1.000000, 0.994688, -0.069779, 0.075681, -0.001150, 0.074820, -0.014869, -0.997086, 0.105207, 0.070701, 0.997452, -0.009569, 0.014716, 0.000000, 0.000000, 0.000000, 1.000000
-29.9248, 17.5319, -19.0320, 223.4633, 245.4690, -17.5324, 219.0387, -1.1398, 105.2064, 14.7154, 0.832983, -0.120514, -0.540014, 0.017532, 0.144548, 0.989495, 0.002144, -0.019032, 0.534083, -0.079844, 0.841653, 0.223463, 0.000000, 0.000000, 0.000000, 1.000000, 0.534038, -0.080139, 0.841654, 0.245469, -0.832984, 0.120514, 0.540012, -0.017532, -0.144707, -0.989472, -0.002395, 0.219039, 0.000000, 0.000000, 0.000000, 1.000000, 0.994687, -0.069782, 0.075680, -0.001140, 0.074821, -0.014855, -0.997086, 0.105206, 0.070703, 0.997452, -0.009555, 0.014715, 0.000000, 0.000000, 0.000000, 1.000000
-29.9188, 17.5275, -19.0313, 223.4609, 245.4666, -17.5279, 219.0380, -1.1343, 105.2061, 14.7152, 0.833040, -0.120515, -0.539926, 0.017527, 0.144551, 0.989495, 0.002162, -0.019031, 0.533994, -0.079848, 0.841709, 0.223461, 0.000000, 0.000000, 0.000000, 1.000000, 0.533949, -0.080143, 0.841710, 0.245467, -0.833041, 0.120516, 0.539925, -0.017528, -0.144710, -0.989471, -0.002413, 0.219038, 0.000000, 0.000000, 0.000000, 1.000000, 0.994687, -0.069783, 0.075680, -0.001134, 0.074821, -0.014847, -0.997086, 0.105206, 0.070704, 0.997452, -0.009547, 0.014715, 0.000000, 0.000000, 0.000000, 1.000000
-29.9060, 17.5179, -19.0303, 223.4556, 245.4613, -17.5183, 219.0369, -1.1225, 105.2054, 14.7146, 0.833160, -0.120518, -0.539740, 0.017518, 0.144556, 0.989494, 0.002199, -0.019030, 0.533805, -0.079855, 0.841829, 0.223456, 0.000000, 0.000000, 0.000000, 1.000000, 0.533760, -0.080151, 0.841829, 0.245461, -0.833161, 0.120518, 0.539739, -0.017518, -0.144716, -0.989470, -0.002451, 0.219037, 0.000000, 0.000000, 0.000000, 1.000000, 0.994687, -0.069786, 0.075679, -0.001122, 0.074821, -0.014831, -0.997087, 0.105205, 0.070705, 0.997452, -0.009531, 0.014715, 0.000000, 0.000000, 0.000000, 1.000000
-29.8992, 17.5127, -19.0299, 223.4527, 245.4584, -17.5132, 219.0365, -1.1163, 105.2051, 14.7142, 0.833224, -0.120519, -0.539642, 0.017513, 0.144559, 0.989494, 0.002219, -0.019030, 0.533705, -0.079858, 0.841892, 0.223453, 0.000000, 0.000000, 0.000000, 1.000000, 0.533660, -0.080154, 0.841892, 0.245458, -0.833225, 0.120519, 0.539640, -0.017513, -0.144718, -0.989470, -0.002471, 0.219037, 0.000000, 0.000000, 0.000000, 1.000000, 0.994687, -0.069788, 0.075679, -0.001116, 0.074822, -0.014823, -0.997087, 0.105205, 0.070706, 0.997452, -0.009522, 0.014714, 0.000000, 0.000000, 0.000000, 1.000000
-29.8849, 17.5019, -19.0295, 223.4464, 245.4521, -17.5023, 219.0361, -1.1032, 105.2044, 14.7135, 0.833359, -0.120520, -0.539433, 0.017502, 0.144563, 0.989493, 0.002259, -0.019030, 0.533493, -0.079865, 0.842025, 0.223446, 0.000000, 0.000000, 0.000000, 1.000000, 0.533449, -0.080161, 0.842025, 0.245452, -0.833359, 0.120521, 0.539432, -0.017502, -0.144723, -0.989469, -0.002511, 0.219036, 0.000000, 0.000000, 0.000000, 1.000000, 0.994687, -0.069791, 0.075678, -0.001103, 0.074822, -0.014805, -0.997087, 0.105204, 0.070708, 0.997452, -0.009504, 0.014713, 0.000000, 0.000000, 0.000000, 1.000000
-29.8774, 17.4962, -19.0295, 223.4430, 245.4487, -17.4966, 219.0360, -1.0964, 105.2040, 14.7131, 0.833429, -0.120521, -0.539324, 0.017496, 0.144565, 0.989493, 0.002280, -0.019030, 0.533382, -0.079867, 0.842095, 0.223443, 0.000000, 0.000000, 0.000000, 1.000000, 0.533338, -0.080164, 0.842096, 0.245449, -0.833430, 0.120521, 0.539322, -0.017497, -0.144724, -0.989469, -0.002532, 0.219036, 0.000000, 0.000000, 0.000000, 1.000000, 0.994687, -0.069793, 0.075678, -0.001096, 0.074823, -0.014796, -0.997087, 0.105204, 0.070709, 0.997452, -0.009495, 0.014713, 0.000000, 0.000000, 0.000000, 1.000000
-29.8450, 17.4713, -19.0306, 223.4278, 245.4335, -17.4717, 219.0370, -1.0670, 105.2026, 14.7112, 0.833734, -0.120523, -0.538852, 0.017471, 0.144570, 0.989492, 0.002368, -0.019031, 0.532904, -0.079876, 0.842397, 0.223428, 0.000000, 0.000000, 0.000000, 1.000000, 0.532859, -0.080173, 0.842397, 0.245433, -0.833735, 0.120523, 0.538851, -0.017472, -0.144730, -0.989468, -0.002621, 0.219037, 0.000000, 0.000000, 0.000000, 1.000000, 0.994686, -0.069800, 0.075677, -0.001067, 0.074824, -0.014755, -0.997088, 0.105203, 0.070714, 0.997452, -0.009454, 0.014711, 0.000000, 0.000000, 0.000000, 1.000000
-29.8275, 17.4578, -19.0318, 223.4193, 245.4250, -17.4582, 219.0382, -1.0513, 105.2019, 14.7101, 0.833898, -0.120524, -0.538598, 0.017458, 0.144571, 0.989491, 0.002415, -0.019032, 0.532647, -0.079880, 0.842559, 0.223419, 0.000000, 0.000000, 0.000000, 1.000000, 0.532602, -0.080177, 0.842560, 0.245425, -0.833899, 0.120524, 0.538596, -0.017458, -0.144731, -0.989467, -0.002668, 0.219038, 0.000000, 0.000000, 0.000000, 1.000000, 0.994686, -0.069804, 0.075676, -0.001051, 0.074825, -0.014733, -0.997088, 0.105202, 0.070716, 0.997452, -0.009432, 0.014710, 0.000000, 0.000000, 0.000000, 1.000000
-29.8185, 17.4508, -19.0325, 223.4148, 245.4205, -17.4512, 219.0389, -1.0433, 105.2016, 14.7095, 0.833983, -0.120524, -0.538467, 0.017451, 0.144572, 0.989491, 0.002439, -0.019033, 0.532514, -0.079881, 0.842643, 0.223415, 0.000000, 0.000000, 0.000000, 1.000000, 0.532469, -0.080178, 0.842643, 0.245421, -0.833984, 0.120524, 0.538465, -0.017451, -0.144732, -0.989467, -0.002692, 0.219039, 0.000000, 0.000000, 0.000000, 1.000000, 0.994686, -0.069806, 0.075676, -0.001043, 0.074825, -0.014722, -0.997088, 0.105202, 0.070717, 0.997452, -0.009421, 0.014710, 0.000000, 0.000000, 0.000000, 1.000000
-29.7999, 17.4363, -19.0344, 223.4055, 245.4112, -17.4367, 219.0407, -1.0266, 105.2008, 14.7083, 0.834158, -0.120524, -0.538196, 0.017436, 0.144572, 0.989491, 0.002488, -0.019034, 0.532240, -0.079883, 0.842816, 0.223406, 0.000000, 0.000000, 0.000000, 1.000000, 0.532195, -0.080180, 0.842816, 0.245411, -0.834159, 0.120524, 0.538194, -0.017437, -0.144732, -0.989467, -0.002741, 0.219041, 0.000000, 0.000000, 0.000000, 1.000000, 0.994686, -0.069811, 0.075675, -0.001027, 0.074826, -0.014699, -0.997088, 0.105201, 0.070720, 0.997452, -0.009397, 0.014708, 0.000000, 0.000000, 0.000000, 1.000000
-29.7903, 17.4288, -19.0354, 223.4007, 245.4063, -17.4293, 219.0417, -1.0181, 105.2005, 14.7077, 0.834248, -0.120523, -0.538056, 0.017429, 0.144572, 0.989491, 0.002513, -0.019035, 0.532099, -0.079884, 0.842905, 0.223401, 0.000000, 0.000000, 0.000000, 1.000000, 0.532054, -0.080181, 0.842905, 0.245406, -0.834249, 0.120524, 0.538055, -0.017429, -0.144732, -0.989467, -0.002766, 0.219042, 0.000000, 0.000000, 0.000000, 1.000000, 0.994686, -0.069813, 0.075674, -0.001018, 0.074826, -0.014687, -0.997088, 0.105200, 0.070721, 0.997452, -0.009385, 0.014708, 0.000000, 0.000000, 0.000000, 1.000000
-29.7706, 17.4135, -19.0378, 223.3906, 245.3963, -17.4139, 219.0441, -1.0005, 105.1997, 14.7064, 0.834432, -0.120523, -0.537770, 0.017413, 0.144571, 0.989491, 0.002563, -0.019038, 0.531810, -0.079885, 0.843088, 0.223391, 0.000000, 0.000000, 0.000000, 1.000000, 0.531765, -0.080182, 0.843088, 0.245396, -0.834433, 0.120523, 0.537769, -0.017414, -0.144731, -0.989467, -0.002817, 0.219044, 0.000000, 0.000000, 0.000000, 1.000000, 0.994685, -0.069817, 0.075673, -0.001001, 0.074827, -0.014662, -0.997089, 0.105200, 0.070724, 0.997452, -0.009360, 0.014706, 0.000000, 0.000000, 0.000000, 1.000000
-29.7606, 17.4056, -19.0391, 223.3854, 245.3911, -17.4060, 219.0454, -0.9916, 105.1994, 14.7057, 0.834527, -0.120522, -0.537624, 0.017406, 0.144570, 0.989491, 0.002589, -0.019039, 0.531662, -0.079885, 0.843181, 0.223385, 0.000000, 0.000000, 0.000000, 1.000000, 0.531617, -0.080183, 0.843181, 0.245391, -0.834528, 0.120523, 0.537622, -0.017406, -0.144730, -0.989467, -0.002843, 0.219045, 0.000000, 0.000000, 0.000000, 1.000000, 0.994685, -0.069820, 0.075673, -0.000992, 0.074828, -0.014650, -0.997089, 0.105199, 0.070725, 0.997452, -0.009347, 0.014706, 0.000000, 0.000000, 0.000000, 1.000000
-29.7400, 17.3895, -19.0420, 223.3747, 245.3804, -17.3899, 219.0483, -0.9733, 105.1986, 14.7043, 0.834720, -0.120522, -0.537325, 0.017389, 0.144569, 0.989491, 0.002642, -0.019042, 0.531360, -0.079885, 0.843371, 0.223375, 0.000000, 0.000000, 0.000000, 1.000000, 0.531315, -0.080183, 0.843372, 0.245380, -0.834721, 0.120522, 0.537323, -0.017390, -0.144729, -0.989467, -0.002895, 0.219048, 0.000000, 0.000000, 0.000000, 1.000000, 0.994685, -0.069824, 0.075672, -0.000973, 0.074828, -0.014624, -0.997089, 0.105199, 0.070728, 0.997452, -0.009321, 0.014704, 0.000000, 0.000000, 0.000000, 1.000000
-29.7295, 17.3812, -19.0436, 223.3692, 245.3749, -17.3817, 219.0499, -0.9640, 105.1982, 14.7035, 0.834818, -0.120521, -0.537172, 0.017381, 0.144568, 0.989491, 0.002668, -0.019044, 0.531205, -0.079885, 0.843469, 0.223369, 0.000000, 0.000000, 0.000000, 1.000000, 0.531160, -0.080183, 0.843469, 0.245375, -0.834819, 0.120521, 0.537170, -0.017382, -0.144727, -0.989467, -0.002922, 0.219050, 0.000000, 0.000000, 0.000000, 1.000000, 0.994685, -0.069827, 0.075672, -0.000964, 0.074829, -0.014611, -0.997089, 0.105198, 0.070729, 0.997452, -0.009308, 0.014704, 0.000000, 0.000000, 0.000000, 1.000000
-29.6864, 17.3472, -19.0505, 223.3463, 245.3520, -17.3476, 219.0568, -0.9258, 105.1967, 14.7005, 0.835223, -0.120518, -0.536543, 0.017347, 0.144562, 0.989492, 0.002777, -0.019051, 0.530570, -0.079883, 0.843869, 0.223346, 0.000000, 0.000000, 0.000000, 1.000000, 0.530525, -0.080181, 0.843869, 0.245352, -0.835224, 0.120518, 0.536541, -0.017348, -0.144722, -0.989468, -0.003031, 0.219057, 0.000000, 0.000000, 0.000000, 1.000000, 0.994684, -0.069837, 0.075670, -0.000926, 0.074831, -0.014557, -0.997090, 0.105197, 0.070735, 0.997452, -0.009253, 0.014700, 0.000000, 0.000000, 0.000000, 1.000000
-29.6753, 17.3385, -19.0524, 223.3404, 245.3461, -17.3389, 219.0587, -0.9160, 105.1963, 14.6997, 0.835327, -0.120517, -0.536382, 0.017338, 0.144561, 0.989492, 0.002805, -0.019052, 0.530407, -0.079882, 0.843971, 0.223340, 0.000000, 0.000000, 0.000000, 1.000000, 0.530362, -0.080180, 0.843971, 0.245346, -0.835328, 0.120517, 0.536380, -0.017339, -0.144720, -0.989468, -0.003059, 0.219059, 0.000000, 0.000000, 0.000000, 1.000000, 0.994684, -0.069839, 0.075669, -0.000916, 0.074831, -0.014543, -0.997090, 0.105196, 0.070736, 0.997452, -0.009240, 0.014700, 0.000000, 0.000000, 0.000000, 1.000000
-29.6530, 17.3208, -19.0563, 223.3284, 245.3341, -17.3212, 219.0626, -0.8963, 105.1955, 14.6981, 0.835536, -0.120515, -0.536056, 0.017321, 0.144557, 0.989492, 0.002860, -0.019056, 0.530078, -0.079881, 0.844178, 0.223328, 0.000000, 0.000000, 0.000000, 1.000000, 0.530033, -0.080178, 0.844178, 0.245334, -0.835537, 0.120516, 0.536054, -0.017321, -0.144716, -0.989468, -0.003114, 0.219063, 0.000000, 0.000000, 0.000000, 1.000000, 0.994684, -0.069844, 0.075668, -0.000896, 0.074832, -0.014515, -0.997091, 0.105196, 0.070739, 0.997452, -0.009211, 0.014698, 0.000000, 0.000000, 0.000000, 1.000000
-29.6417, 17.3119, -19.0583, 223.3223, 245.3280, -17.3123, 219.0646, -0.8863, 105.1951, 14.6973, 0.835642, -0.120514, -0.535891, 0.017312, 0.144555, 0.989493, 0.002889, -0.019058, 0.529912, -0.079880, 0.844282, 0.223322, 0.000000, 0.000000, 0.000000, 1.000000, 0.529867, -0.080177, 0.844282, 0.245328, -0.835643, 0.120515, 0.535890, -0.017312, -0.144714, -0.989468, -0.003142, 0.219065, 0.000000, 0.000000, 0.000000, 1.000000, 0.994684, -0.069847, 0.075668, -0.000886, 0.074833, -0.014501, -0.997091, 0.105195, 0.070741, 0.997452, -0.009197, 0.014697, 0.000000, 0.000000, 0.000000, 1.000000
-29.6189, 17.2938, -19.0625, 223.3100, 245.3157, -17.2942, 219.0688, -0.8662, 105.1943, 14.6956, 0.835855, -0.120512, -0.535559, 0.017294, 0.144551, 0.989493, 0.002945, -0.019062, 0.529577, -0.079877, 0.844493, 0.223310, 0.000000, 0.000000, 0.000000, 1.000000, 0.529532, -0.080175, 0.844493, 0.245316, -0.835856, 0.120513, 0.535557, -0.017294, -0.144710, -0.989469, -0.003199, 0.219069, 0.000000, 0.000000, 0.000000, 1.000000, 0.994684, -0.069852, 0.075667, -0.000866, 0.074834, -0.014472, -0.997091, 0.105194, 0.070744, 0.997452, -0.009168, 0.014696, 0.000000, 0.000000, 0.000000, 1.000000
-29.6074, 17.2847, -19.0646, 223.3038, 245.3095, -17.2851, 219.0709, -0.8561, 105.1939, 14.6947, 0.835962, -0.120511, -0.535392, 0.017285, 0.144549, 0.989493, 0.002974, -0.019065, 0.529408, -0.079876, 0.844599, 0.223304, 0.000000, 0.000000, 0.000000, 1.000000, 0.529363, -0.080173, 0.844599, 0.245309, -0.835963, 0.120512, 0.535390, -0.017285, -0.144708, -0.989469, -0.003227, 0.219071, 0.000000, 0.000000, 0.000000, 1.000000, 0.994683, -0.069854, 0.075666, -0.000856, 0.074834, -0.014458, -0.997091, 0.105194, 0.070745, 0.997452, -0.009154, 0.014695, 0.000000, 0.000000, 0.000000, 1.000000
-29.5844, 17.2665, -19.0689, 223.2913, 245.2970, -17.2669, 219.0752, -0.8358, 105.1931, 14.6931, 0.836177, -0.120509, -0.535056, 0.017266, 0.144544, 0.989494, 0.003031, -0.019069, 0.529069, -0.079873, 0.844811, 0.223291, 0.000000, 0.000000, 0.000000, 1.000000, 0.529024, -0.080171, 0.844811, 0.245297, -0.836178, 0.120509, 0.535054, -0.017267, -0.144703, -0.989470, -0.003284, 0.219075, 0.000000, 0.000000, 0.000000, 1.000000, 0.994683, -0.069860, 0.075665, -0.000836, 0.074835, -0.014429, -0.997092, 0.105193, 0.070748, 0.997452, -0.009124, 0.014693, 0.000000, 0.000000, 0.000000, 1.000000
-29.5728, 17.2573, -19.0711, 223.2850, 245.2907, -17.2577, 219.0774, -0.8256, 105.1927, 14.6922, 0.836285, -0.120508, -0.534887, 0.017257, 0.144542, 0.989494, 0.003059, -0.019071, 0.528899, -0.079872, 0.844918, 0.223285, 0.000000, 0.000000, 0.000000, 1.000000, 0.528854, -0.080169, 0.844918, 0.245291, -0.836286, 0.120508, 0.534886, -0.017258, -0.144701, -0.989470, -0.003313, 0.219077, 0.000000, 0.000000, 0.000000, 1.000000, 0.994683, -0.069862, 0.075665, -0.000826, 0.074835, -0.014415, -0.997092, 0.105193, 0.070750, 0.997453, -0.009110, 0.014692, 0.000000, 0.000000, 0.000000, 1.000000
-29.5497, 17.2389, -19.0755, 223.2724, 245.2781, -17.2393, 219.0818, -0.8052, 105.1919, 14.6905, 0.836502, -0.120506, -0.534550, 0.017239, 0.144537, 0.989494, 0.003116, -0.019075, 0.528558, -0.079869, 0.845131, 0.223272, 0.000000, 0.000000, 0.000000, 1.000000, 0.528513, -0.080166, 0.845131, 0.245278, -0.836503, 0.120506, 0.534548, -0.017239, -0.144696, -0.989470, -0.003370, 0.219082, 0.000000, 0.000000, 0.000000, 1.000000, 0.994683, -0.069867, 0.075664, -0.000805, 0.074836, -0.014386, -0.997092, 0.105192, 0.070753, 0.997453, -0.009080, 0.014690, 0.000000, 0.000000, 0.000000, 1.000000
-29.5150, 17.2113, -19.0821, 223.2536, 245.2593, -17.2118, 219.0885, -0.7747, 105.1906, 14.6879, 0.836826, -0.120503, -0.534043, 0.017211, 0.144530, 0.989495, 0.003202, -0.019082, 0.528047, -0.079865, 0.845451, 0.223254, 0.000000, 0.000000, 0.000000, 1.000000, 0.528002, -0.080162, 0.845451, 0.245259, -0.836827, 0.120503, 0.534042, -0.017212, -0.144689, -0.989471, -0.003456, 0.219089, 0.000000, 0.000000, 0.000000, 1.000000, 0.994682, -0.069875, 0.075662, -0.000775, 0.074838, -0.014342, -0.997093, 0.105191, 0.070757, 0.997453, -0.009036, 0.014688, 0.000000, 0.000000, 0.000000, 1.000000
-29.5035, 17.2022, -19.0843, 223.2473, 245.2530, -17.2026, 219.0907, -0.7645, 105.1902, 14.6871, 0.836933, -0.120502, -0.533875, 0.017202, 0.144528, 0.989495, 0.003230, -0.019084, 0.527877, -0.079863, 0.845557, 0.223247, 0.000000, 0.000000, 0.000000, 1.000000, 0.527832, -0.080160, 0.845557, 0.245253, -0.836934, 0.120502, 0.533873, -0.017203, -0.144686, -0.989471, -0.003484, 0.219091, 0.000000, 0.000000, 0.000000, 1.000000, 0.994682, -0.069878, 0.075662, -0.000765, 0.074838, -0.014328, -0.997093, 0.105190, 0.070758, 0.997453, -0.009022, 0.014687, 0.000000, 0.000000, 0.000000, 1.000000
-29.4691, 17.1748, -19.0909, 223.2287, 245.2343, -17.1753, 219.0974, -0.7342, 105.1889, 14.6845, 0.837254, -0.120498, -0.533373, 0.017175, 0.144521, 0.989496, 0.003315, -0.019091, 0.527371, -0.079859, 0.845874, 0.223229, 0.000000, 0.000000, 0.000000, 1.000000, 0.527326, -0.080156, 0.845874, 0.245234, -0.837255, 0.120498, 0.533371, -0.017175, -0.144679, -0.989472, -0.003569, 0.219097, 0.000000, 0.000000, 0.000000, 1.000000, 0.994682, -0.069885, 0.075660, -0.000734, 0.074840, -0.014284, -0.997093, 0.105189, 0.070763, 0.997453, -0.008978, 0.014685, 0.000000, 0.000000, 0.000000, 1.000000
-29.4577, 17.1658, -19.0930, 223.2225, 245.2282, -17.1662, 219.0995, -0.7242, 105.1885, 14.6837, 0.837360, -0.120497, -0.533207, 0.017166, 0.144519, 0.989496, 0.003343, -0.019093, 0.527203, -0.079858, 0.845978, 0.223222, 0.000000, 0.000000, 0.000000, 1.000000, 0.527158, -0.080154, 0.845978, 0.245228, -0.837361, 0.120497, 0.533205, -0.017166, -0.144677, -0.989472, -0.003597, 0.219100, 0.000000, 0.000000, 0.000000, 1.000000, 0.994682, -0.069888, 0.075660, -0.000724, 0.074840, -0.014270, -0.997093, 0.105189, 0.070764, 0.997453, -0.008964, 0.014684, 0.000000, 0.000000, 0.000000, 1.000000
-29.4352, 17.1479, -19.0973, 223.2103, 245.2160, -17.1483, 219.1038, -0.7043, 105.1877, 14.6820, 0.837570, -0.120495, -0.532877, 0.017148, 0.144514, 0.989497, 0.003399, -0.019097, 0.526871, -0.079855, 0.846186, 0.223210, 0.000000, 0.000000, 0.000000, 1.000000, 0.526826, -0.080152, 0.846186, 0.245216, -0.837571, 0.120495, 0.532875, -0.017148, -0.144672, -0.989473, -0.003653, 0.219104, 0.000000, 0.000000, 0.000000, 1.000000, 0.994681, -0.069893, 0.075659, -0.000704, 0.074841, -0.014242, -0.997094, 0.105188, 0.070767, 0.997453, -0.008935, 0.014682, 0.000000, 0.000000, 0.000000, 1.000000
-29.4240, 17.1390, -19.0994, 223.2042, 245.2099, -17.1394, 219.1059, -0.6945, 105.1873, 14.6812, 0.837674, -0.120494, -0.532714, 0.017139, 0.144512, 0.989497, 0.003427, -0.019099, 0.526706, -0.079854, 0.846289, 0.223204, 0.000000, 0.000000, 0.000000, 1.000000, 0.526661, -0.080150, 0.846289, 0.245210, -0.837675, 0.120494, 0.532712, -0.017139, -0.144670, -0.989473, -0.003680, 0.219106, 0.000000, 0.000000, 0.000000, 1.000000, 0.994681, -0.069895, 0.075658, -0.000694, 0.074842, -0.014228, -0.997094, 0.105187, 0.070768, 0.997453, -0.008921, 0.014681, 0.000000, 0.000000, 0.000000, 1.000000
-29.4019, 17.1214, -19.1035, 223.1923, 245.1980, -17.1218, 219.1101, -0.6750, 105.1864, 14.6796, 0.837880, -0.120492, -0.532390, 0.017121, 0.144508, 0.989498, 0.003482, -0.019103, 0.526379, -0.079852, 0.846492, 0.223192, 0.000000, 0.000000, 0.000000, 1.000000, 0.526334, -0.080148, 0.846492, 0.245198, -0.837881, 0.120492, 0.532388, -0.017122, -0.144665, -0.989474, -0.003735, 0.219110, 0.000000, 0.000000, 0.000000, 1.000000, 0.994681, -0.069900, 0.075657, -0.000675, 0.074843, -0.014200, -0.997094, 0.105186, 0.070771, 0.997453, -0.008893, 0.014680, 0.000000, 0.000000, 0.000000, 1.000000
-29.3909, 17.1127, -19.1055, 223.1864, 245.1921, -17.1131, 219.1121, -0.6653, 105.1860, 14.6788, 0.837982, -0.120491, -0.532230, 0.017113, 0.144506, 0.989498, 0.003509, -0.019105, 0.526218, -0.079850, 0.846593, 0.223186, 0.000000, 0.000000, 0.000000, 1.000000, 0.526173, -0.080146, 0.846592, 0.245192, -0.837983, 0.120491, 0.532228, -0.017113, -0.144663, -0.989474, -0.003762, 0.219112, 0.000000, 0.000000, 0.000000, 1.000000, 0.994681, -0.069902, 0.075657, -0.000665, 0.074843, -0.014186, -0.997094, 0.105186, 0.070773, 0.997453, -0.008879, 0.014679, 0.000000, 0.000000, 0.000000, 1.000000
-29.3693, 17.0955, -19.1094, 223.1748, 245.1805, -17.0959, 219.1161, -0.6462, 105.1851, 14.6772, 0.838183, -0.120489, -0.531914, 0.017095, 0.144502, 0.989498, 0.003563, -0.019109, 0.525898, -0.079848, 0.846791, 0.223175, 0.000000, 0.000000, 0.000000, 1.000000, 0.525854, -0.080144, 0.846791, 0.245180, -0.838184, 0.120489, 0.531912, -0.017096, -0.144659, -0.989474, -0.003816, 0.219116, 0.000000, 0.000000, 0.000000, 1.000000, 0.994680, -0.069907, 0.075656, -0.000646, 0.074844, -0.014159, -0.997095, 0.105185, 0.070775, 0.997453, -0.008852, 0.014677, 0.000000, 0.000000, 0.000000, 1.000000
-29.3481, 17.0786, -19.1132, 223.1634, 245.1691, -17.0790, 219.1199, -0.6275, 105.1843, 14.6757, 0.838380, -0.120487, -0.531603, 0.017079, 0.144498, 0.989499, 0.003615, -0.019113, 0.525585, -0.079847, 0.846986, 0.223163, 0.000000, 0.000000, 0.000000, 1.000000, 0.525540, -0.080142, 0.846986, 0.245169, -0.838381, 0.120487, 0.531601, -0.017079, -0.144655, -0.989475, -0.003869, 0.219120, 0.000000, 0.000000, 0.000000, 1.000000, 0.994680, -0.069912, 0.075655, -0.000627, 0.074845, -0.014133, -0.997095, 0.105184, 0.070778, 0.997453, -0.008825, 0.014676, 0.000000, 0.000000, 0.000000, 1.000000
-29.3376, 17.0703, -19.1150, 223.1578, 245.1635, -17.0707, 219.1218, -0.6182, 105.1839, 14.6749, 0.838477, -0.120486, -0.531450, 0.017070, 0.144496, 0.989499, 0.003642, -0.019115, 0.525430, -0.079846, 0.847082, 0.223158, 0.000000, 0.000000, 0.000000, 1.000000, 0.525385, -0.080141, 0.847082, 0.245163, -0.838478, 0.120487, 0.531448, -0.017071, -0.144653, -0.989475, -0.003895, 0.219122, 0.000000, 0.000000, 0.000000, 1.000000, 0.994680, -0.069914, 0.075654, -0.000618, 0.074845, -0.014120, -0.997095, 0.105184, 0.070779, 0.997453, -0.008812, 0.014675, 0.000000, 0.000000, 0.000000, 1.000000
-29.3170, 17.0540, -19.1186, 223.1468, 245.1525, -17.0544, 219.1254, -0.6000, 105.1830, 14.6734, 0.838669, -0.120485, -0.531148, 0.017054, 0.144492, 0.989499, 0.003693, -0.019119, 0.525126, -0.079844, 0.847271, 0.223147, 0.000000, 0.000000, 0.000000, 1.000000, 0.525081, -0.080139, 0.847271, 0.245153, -0.838670, 0.120485, 0.531147, -0.017054, -0.144649, -0.989475, -0.003946, 0.219125, 0.000000, 0.000000, 0.000000, 1.000000, 0.994680, -0.069919, 0.075653, -0.000600, 0.074846, -0.014094, -0.997095, 0.105183, 0.070782, 0.997453, -0.008786, 0.014673, 0.000000, 0.000000, 0.000000, 1.000000
-29.3069, 17.0459, -19.1203, 223.1415, 245.1471, -17.0463, 219.1272, -0.5910, 105.1826, 14.6727, 0.838763, -0.120484, -0.531000, 0.017046, 0.144491, 0.989499, 0.003718, -0.019120, 0.524976, -0.079843, 0.847364, 0.223141, 0.000000, 0.000000, 0.000000, 1.000000, 0.524931, -0.080138, 0.847364, 0.245147, -0.838764, 0.120484, 0.530998, -0.017046, -0.144647, -0.989475, -0.003971, 0.219127, 0.000000, 0.000000, 0.000000, 1.000000, 0.994680, -0.069921, 0.075653, -0.000591, 0.074847, -0.014081, -0.997096, 0.105183, 0.070783, 0.997453, -0.008773, 0.014673, 0.000000, 0.000000, 0.000000, 1.000000
-29.2869, 17.0301, -19.1236, 223.1309, 245.1366, -17.0305, 219.1305, -0.5734, 105.1818, 14.6713, 0.838948, -0.120483, -0.530708, 0.017030, 0.144488, 0.989499, 0.003769, -0.019124, 0.524681, -0.079842, 0.847546, 0.223131, 0.000000, 0.000000, 0.000000, 1.000000, 0.524637, -0.080137, 0.847546, 0.245137, -0.838949, 0.120483, 0.530706, -0.017031, -0.144644, -0.989476, -0.004021, 0.219131, 0.000000, 0.000000, 0.000000, 1.000000, 0.994679, -0.069925, 0.075652, -0.000573, 0.074848, -0.014056, -0.997096, 0.105182, 0.070785, 0.997453, -0.008747, 0.014671, 0.000000, 0.000000, 0.000000, 1.000000
-29.2674, 17.0147, -19.1268, 223.1206, 245.1263, -17.0151, 219.1338, -0.5562, 105.1810, 14.6699, 0.839128, -0.120481, -0.530423, 0.017015, 0.144485, 0.989500, 0.003818, -0.019127, 0.524393, -0.079841, 0.847725, 0.223121, 0.000000, 0.000000, 0.000000, 1.000000, 0.524349, -0.080136, 0.847724, 0.245126, -0.839129, 0.120482, 0.530421, -0.017015, -0.144641, -0.989476, -0.004070, 0.219134, 0.000000, 0.000000, 0.000000, 1.000000, 0.994679, -0.069929, 0.075651, -0.000556, 0.074848, -0.014032, -0.997096, 0.105181, 0.070788, 0.997453, -0.008723, 0.014670, 0.000000, 0.000000, 0.000000, 1.000000
-29.2579, 17.0071, -19.1283, 223.1156, 245.1213, -17.0075, 219.1353, -0.5477, 105.1806, 14.6692, 0.839217, -0.120481, -0.530283, 0.017007, 0.144483, 0.989500, 0.003842, -0.019128, 0.524252, -0.079841, 0.847812, 0.223116, 0.000000, 0.000000, 0.000000, 1.000000, 0.524207, -0.080135, 0.847812, 0.245121, -0.839218, 0.120481, 0.530281, -0.017008, -0.144639, -0.989476, -0.004094, 0.219135, 0.000000, 0.000000, 0.000000, 1.000000, 0.994679, -0.069931, 0.075651, -0.000548, 0.074849, -0.014020, -0.997096, 0.105181, 0.070789, 0.997453, -0.008711, 0.014669, 0.000000, 0.000000, 0.000000, 1.000000
