# Joint_B_Angle(deg), Cam_X(mm), Cam_Y(mm), Cam_Z(mm), Torso_X(mm), Torso_Y(mm), Torso_Z(mm), EE_X(mm), EE_Y(mm), EE_Z(mm), T_cam2marker_flat(16), T_torso2marker_flat(16), T_ee2marker_flat(16)
-9.9999, 13.3568, -1.2657, 132.5675, 201.5718, -4.3570, 258.3260, 81.0069, 8.4641, -13.8984, 0.578236, -0.803378, -0.142219, 0.013357, 0.812734, 0.582463, 0.014159, -0.001266, 0.071462, -0.123774, 0.989734, 0.132568, 0.000000, 0.000000, 0.000000, 1.000000, 0.071402, -0.123816, 0.989733, 0.201572, -0.578236, 0.803378, 0.142218, -0.004357, -0.812739, -0.582454, -0.014232, 0.258326, 0.000000, 0.000000, 0.000000, 1.000000, 0.000147, 0.101056, -0.994881, 0.081007, -0.998440, -0.055533, -0.005789, 0.008464, -0.055834, 0.993330, 0.100890, -0.013898, 0.000000, 0.000000, 0.000000, 1.000000
-9.9999, 13.3567, -1.2663, 132.5671, 201.5714, -4.3569, 258.3265, 81.0069, 8.4641, -13.8984, 0.578237, -0.803378, -0.142219, 0.013357, 0.812733, 0.582464, 0.014157, -0.001266, 0.071464, -0.123773, 0.989734, 0.132567, 0.000000, 0.000000, 0.000000, 1.000000, 0.071404, -0.123815, 0.989733, 0.201571, -0.578237, 0.803378, 0.142219, -0.004357, -0.812738, -0.582455, -0.014230, 0.258327, 0.000000, 0.000000, 0.000000, 1.000000, 0.000147, 0.101056, -0.994881, 0.081007, -0.998440, -0.055533, -0.005789, 0.008464, -0.055834, 0.993330, 0.100890, -0.013898, 0.000000, 0.000000, 0.000000, 1.000000
-9.9999, 13.3570, -1.2646, 132.5682, 201.5725, -4.3572, 258.3248, 81.0069, 8.4641, -13.8984, 0.578236, -0.803378, -0.142219, 0.013357, 0.812734, 0.582463, 0.014164, -0.001265, 0.071458, -0.123776, 0.989734, 0.132568, 0.000000, 0.000000, 0.000000, 1.000000, 0.071398, -0.123819, 0.989733, 0.201573, -0.578236, 0.803378, 0.142218, -0.004357, -0.812739, -0.582454, -0.014237, 0.258325, 0.000000, 0.000000, 0.000000, 1.000000, 0.000147, 0.101056, -0.994881, 0.081007, -0.998440, -0.055533, -0.005789, 0.008464, -0.055834, 0.993330, 0.100890, -0.013898, 0.000000, 0.000000, 0.000000, 1.000000
-9.9999, 13.3578, -1.2611, 132.5705, 201.5749, -4.3579, 258.3212, 81.0069, 8.4641, -13.8984, 0.578234, -0.803380, -0.142218, 0.013358, 0.812737, 0.582459, 0.014178, -0.001261, 0.071446, -0.123784, 0.989734, 0.132571, 0.000000, 0.000000, 0.000000, 1.000000, 0.071385, -0.123827, 0.989733, 0.201575, -0.578234, 0.803380, 0.142217, -0.004358, -0.812742, -0.582450, -0.014252, 0.258321, 0.000000, 0.000000, 0.000000, 1.000000, 0.000147, 0.101056, -0.994881, 0.081007, -0.998440, -0.055533, -0.005789, 0.008464, -0.055834, 0.993330, 0.100890, -0.013898, 0.000000, 0.000000, 0.000000, 1.000000
-9.9999, 13.3581, -1.2594, 132.5717, 201.5760, -4.3583, 258.3195, 81.0069, 8.4641, -13.8984, 0.578233, -0.803381, -0.142217, 0.013358, 0.812738, 0.582457, 0.014185, -0.001259, 0.071440, -0.123788, 0.989734, 0.132572, 0.000000, 0.000000, 0.000000, 1.000000, 0.071379, -0.123830, 0.989733, 0.201576, -0.578233, 0.803381, 0.142217, -0.004358, -0.812743, -0.582448, -0.014259, 0.258320, 0.000000, 0.000000, 0.000000, 1.000000, 0.000147, 0.101056, -0.994881, 0.081007, -0.998440, -0.055533, -0.005789, 0.008464, -0.055834, 0.993330, 0.100890, -0.013898, 0.000000, 0.000000, 0.000000, 1.000000
-9.9999, 13.3588, -1.2563, 132.5738, 201.5781, -4.3590, 258.3164, 81.0069, 8.4641, -13.8984, 0.578231, -0.803382, -0.142217, 0.013359, 0.812740, 0.582453, 0.014197, -0.001256, 0.071429, -0.123795, 0.989734, 0.132574, 0.000000, 0.000000, 0.000000, 1.000000, 0.071367, -0.123838, 0.989733, 0.201578, -0.578231, 0.803382, 0.142216, -0.004359, -0.812745, -0.582444, -0.014272, 0.258316, 0.000000, 0.000000, 0.000000, 1.000000, 0.000147, 0.101056, -0.994881, 0.081007, -0.998440, -0.055533, -0.005789, 0.008464, -0.055834, 0.993330, 0.100890, -0.013898, 0.000000, 0.000000, 0.000000, 1.000000
-9.9999, 13.3594, -1.2536, 132.5758, 201.5801, -4.3596, 258.3135, 81.0069, 8.4641, -13.8985, 0.578230, -0.803384, -0.142216, 0.013359, 0.812742, 0.582450, 0.014209, -0.001254, 0.071419, -0.123801, 0.989734, 0.132576, 0.000000, 0.000000, 0.000000, 1.000000, 0.071357, -0.123844, 0.989733, 0.201580, -0.578230, 0.803384, 0.142216, -0.004360, -0.812748, -0.582441, -0.014283, 0.258314, 0.000000, 0.000000, 0.000000, 1.000000, 0.000147, 0.101056, -0.994881, 0.081007, -0.998440, -0.055533, -0.005789, 0.008464, -0.055834, 0.993330, 0.100890, -0.013898, 0.000000, 0.000000, 0.000000, 1.000000
-9.9999, 13.3594, -1.2536, 132.5758, 201.5801, -4.3596, 258.3135, 81.0069, 8.4641, -13.8985, 0.578230, -0.803384, -0.142216, 0.013359, 0.812742, 0.582450, 0.014209, -0.001254, 0.071419, -0.123801, 0.989734, 0.132576, 0.000000, 0.000000, 0.000000, 1.000000, 0.071357, -0.123844, 0.989733, 0.201580, -0.578230, 0.803384, 0.142216, -0.004360, -0.812748, -0.582441, -0.014283, 0.258314, 0.000000, 0.000000, 0.000000, 1.000000, 0.000147, 0.101056, -0.994881, 0.081007, -0.998440, -0.055533, -0.005789, 0.008464, -0.055834, 0.993330, 0.100890, -0.013898, 0.000000, 0.000000, 0.000000, 1.000000
-9.9999, 13.3602, -1.2501, 132.5786, 201.5830, -4.3604, 258.3100, 81.0069, 8.4641, -13.8985, 0.578227, -0.803385, -0.142217, 0.013360, 0.812745, 0.582446, 0.014224, -0.001250, 0.071406, -0.123810, 0.989733, 0.132579, 0.000000, 0.000000, 0.000000, 1.000000, 0.071344, -0.123854, 0.989732, 0.201583, -0.578227, 0.803385, 0.142216, -0.004360, -0.812750, -0.582437, -0.014299, 0.258310, 0.000000, 0.000000, 0.000000, 1.000000, 0.000147, 0.101056, -0.994881, 0.081007, -0.998440, -0.055533, -0.005789, 0.008464, -0.055834, 0.993330, 0.100890, -0.013898, 0.000000, 0.000000, 0.000000, 1.000000
-9.9998, 13.3605, -1.2492, 132.5796, 201.5840, -4.3606, 258.3090, 81.0069, 8.4641, -13.8985, 0.578227, -0.803385, -0.142217, 0.013360, 0.812746, 0.582445, 0.014228, -0.001249, 0.071403, -0.123814, 0.989733, 0.132580, 0.000000, 0.000000, 0.000000, 1.000000, 0.071341, -0.123857, 0.989732, 0.201584, -0.578227, 0.803386, 0.142216, -0.004361, -0.812751, -0.582436, -0.014303, 0.258309, 0.000000, 0.000000, 0.000000, 1.000000, 0.000147, 0.101056, -0.994881, 0.081007, -0.998440, -0.055533, -0.005789, 0.008464, -0.055834, 0.993330, 0.100890, -0.013898, 0.000000, 0.000000, 0.000000, 1.000000
-9.9998, 13.3607, -1.2483, 132.5807, 201.5851, -4.3608, 258.3081, 81.0069, 8.4641, -13.8985, 0.578226, -0.803386, -0.142218, 0.013361, 0.812746, 0.582444, 0.014233, -0.001248, 0.071399, -0.123817, 0.989733, 0.132581, 0.000000, 0.000000, 0.000000, 1.000000, 0.071337, -0.123860, 0.989732, 0.201585, -0.578226, 0.803386, 0.142217, -0.004361, -0.812752, -0.582434, -0.014308, 0.258308, 0.000000, 0.000000, 0.000000, 1.000000, 0.000147, 0.101056, -0.994881, 0.081007, -0.998440, -0.055533, -0.005789, 0.008464, -0.055834, 0.993330, 0.100890, -0.013898, 0.000000, 0.000000, 0.000000, 1.000000
-9.9996, 13.3611, -1.2469, 132.5829, 201.5874, -4.3612, 258.3066, 81.0069, 8.4641, -13.8985, 0.578225, -0.803386, -0.142220, 0.013361, 0.812748, 0.582442, 0.014241, -0.001247, 0.071394, -0.123823, 0.989733, 0.132583, 0.000000, 0.000000, 0.000000, 1.000000, 0.071332, -0.123867, 0.989732, 0.201587, -0.578225, 0.803386, 0.142219, -0.004361, -0.812753, -0.582433, -0.014316, 0.258307, 0.000000, 0.000000, 0.000000, 1.000000, 0.000147, 0.101056, -0.994881, 0.081007, -0.998440, -0.055533, -0.005789, 0.008464, -0.055834, 0.993330, 0.100890, -0.013898, 0.000000, 0.000000, 0.000000, 1.000000
-9.9994, 13.3614, -1.2458, 132.5856, 201.5901, -4.3615, 258.3056, 81.0069, 8.4641, -13.8985, 0.578224, -0.803386, -0.142223, 0.013361, 0.812749, 0.582440, 0.014248, -0.001246, 0.071390, -0.123831, 0.989732, 0.132586, 0.000000, 0.000000, 0.000000, 1.000000, 0.071327, -0.123874, 0.989731, 0.201590, -0.578224, 0.803386, 0.142222, -0.004362, -0.812754, -0.582431, -0.014324, 0.258306, 0.000000, 0.000000, 0.000000, 1.000000, 0.000147, 0.101056, -0.994881, 0.081007, -0.998440, -0.055533, -0.005789, 0.008464, -0.055834, 0.993330, 0.100890, -0.013898, 0.000000, 0.000000, 0.000000, 1.000000
-9.9991, 13.3617, -1.2452, 132.5890, 201.5934, -4.3618, 258.3049, 81.0069, 8.4641, -13.8985, 0.578224, -0.803386, -0.142228, 0.013362, 0.812749, 0.582439, 0.014256, -0.001245, 0.071386, -0.123839, 0.989731, 0.132589, 0.000000, 0.000000, 0.000000, 1.000000, 0.071324, -0.123883, 0.989730, 0.201593, -0.578224, 0.803386, 0.142228, -0.004362, -0.812755, -0.582430, -0.014332, 0.258305, 0.000000, 0.000000, 0.000000, 1.000000, 0.000147, 0.101056, -0.994881, 0.081007, -0.998440, -0.055533, -0.005789, 0.008464, -0.055834, 0.993330, 0.100890, -0.013898, 0.000000, 0.000000, 0.000000, 1.000000
-9.9989, 13.3618, -1.2451, 132.5909, 201.5954, -4.3619, 258.3047, 81.0069, 8.4641, -13.8985, 0.578223, -0.803385, -0.142231, 0.013362, 0.812750, 0.582439, 0.014260, -0.001245, 0.071385, -0.123844, 0.989731, 0.132591, 0.000000, 0.000000, 0.000000, 1.000000, 0.071322, -0.123888, 0.989730, 0.201595, -0.578224, 0.803385, 0.142231, -0.004362, -0.812755, -0.582429, -0.014336, 0.258305, 0.000000, 0.000000, 0.000000, 1.000000, 0.000147, 0.101056, -0.994881, 0.081007, -0.998440, -0.055533, -0.005789, 0.008464, -0.055834, 0.993330, 0.100890, -0.013898, 0.000000, 0.000000, 0.000000, 1.000000
-9.9983, 13.3620, -1.2450, 132.5954, 201.5999, -4.3621, 258.3047, 81.0069, 8.4641, -13.8985, 0.578223, -0.803384, -0.142239, 0.013362, 0.812750, 0.582438, 0.014267, -0.001245, 0.071384, -0.123855, 0.989729, 0.132595, 0.000000, 0.000000, 0.000000, 1.000000, 0.071321, -0.123899, 0.989728, 0.201600, -0.578223, 0.803384, 0.142239, -0.004362, -0.812755, -0.582429, -0.014343, 0.258305, 0.000000, 0.000000, 0.000000, 1.000000, 0.000147, 0.101056, -0.994881, 0.081007, -0.998440, -0.055533, -0.005789, 0.008464, -0.055834, 0.993330, 0.100890, -0.013898, 0.000000, 0.000000, 0.000000, 1.000000
-9.9980, 13.3620, -1.2452, 132.5980, 201.6025, -4.3622, 258.3048, 81.0069, 8.4641, -13.8985, 0.578223, -0.803383, -0.142244, 0.013362, 0.812750, 0.582438, 0.014271, -0.001245, 0.071383, -0.123861, 0.989729, 0.132598, 0.000000, 0.000000, 0.000000, 1.000000, 0.071320, -0.123905, 0.989728, 0.201603, -0.578223, 0.803383, 0.142243, -0.004362, -0.812755, -0.582428, -0.014347, 0.258305, 0.000000, 0.000000, 0.000000, 1.000000, 0.000147, 0.101056, -0.994881, 0.081007, -0.998440, -0.055533, -0.005789, 0.008464, -0.055834, 0.993330, 0.100890, -0.013898, 0.000000, 0.000000, 0.000000, 1.000000
-9.9973, 13.3622, -1.2457, 132.6040, 201.6085, -4.3623, 258.3053, 81.0069, 8.4641, -13.8985, 0.578223, -0.803381, -0.142255, 0.013362, 0.812750, 0.582438, 0.014279, -0.001246, 0.071383, -0.123875, 0.989727, 0.132604, 0.000000, 0.000000, 0.000000, 1.000000, 0.071320, -0.123919, 0.989726, 0.201609, -0.578223, 0.803381, 0.142255, -0.004362, -0.812756, -0.582428, -0.014356, 0.258305, 0.000000, 0.000000, 0.000000, 1.000000, 0.000147, 0.101056, -0.994881, 0.081007, -0.998440, -0.055533, -0.005789, 0.008464, -0.055834, 0.993330, 0.100890, -0.013898, 0.000000, 0.000000, 0.000000, 1.000000
-9.9968, 13.3622, -1.2462, 132.6075, 201.6120, -4.3623, 258.3057, 81.0069, 8.4641, -13.8985, 0.578223, -0.803380, -0.142262, 0.013362, 0.812750, 0.582437, 0.014283, -0.001246, 0.071384, -0.123882, 0.989726, 0.132607, 0.000000, 0.000000, 0.000000, 1.000000, 0.071320, -0.123927, 0.989725, 0.201612, -0.578223, 0.803380, 0.142261, -0.004362, -0.812756, -0.582428, -0.014360, 0.258306, 0.000000, 0.000000, 0.000000, 1.000000, 0.000147, 0.101056, -0.994881, 0.081007, -0.998440, -0.055533, -0.005789, 0.008464, -0.055834, 0.993330, 0.100890, -0.013898, 0.000000, 0.000000, 0.000000, 1.000000
-9.9958, 13.3622, -1.2473, 132.6153, 201.6198, -4.3624, 258.3068, 81.0069, 8.4641, -13.8985, 0.578223, -0.803377, -0.142277, 0.013362, 0.812750, 0.582438, 0.014293, -0.001247, 0.071385, -0.123900, 0.989724, 0.132615, 0.000000, 0.000000, 0.000000, 1.000000, 0.071321, -0.123945, 0.989723, 0.201620, -0.578223, 0.803378, 0.142276, -0.004362, -0.812755, -0.582428, -0.014370, 0.258307, 0.000000, 0.000000, 0.000000, 1.000000, 0.000147, 0.101056, -0.994881, 0.081007, -0.998440, -0.055533, -0.005789, 0.008464, -0.055834, 0.993330, 0.100890, -0.013898, 0.000000, 0.000000, 0.000000, 1.000000
-9.9958, 13.3622, -1.2473, 132.6153, 201.6198, -4.3624, 258.3068, 81.0069, 8.4641, -13.8985, 0.578223, -0.803377, -0.142277, 0.013362, 0.812750, 0.582438, 0.014293, -0.001247, 0.071385, -0.123900, 0.989724, 0.132615, 0.000000, 0.000000, 0.000000, 1.000000, 0.071321, -0.123945, 0.989723, 0.201620, -0.578223, 0.803378, 0.142276, -0.004362, -0.812755, -0.582428, -0.014370, 0.258307, 0.000000, 0.000000, 0.000000, 1.000000, 0.000147, 0.101056, -0.994881, 0.081007, -0.998440, -0.055533, -0.005789, 0.008464, -0.055834, 0.993330, 0.100890, -0.013898, 0.000000, 0.000000, 0.000000, 1.000000
-9.9931, 13.3622, -1.2506, 132.6352, 201.6397, -4.3624, 258.3100, 81.0069, 8.4641, -13.8985, 0.578224, -0.803370, -0.142315, 0.013362, 0.812749, 0.582438, 0.014315, -0.001251, 0.071390, -0.123944, 0.989718, 0.132635, 0.000000, 0.000000, 0.000000, 1.000000, 0.071326, -0.123989, 0.989717, 0.201640, -0.578224, 0.803370, 0.142315, -0.004362, -0.812754, -0.582429, -0.014392, 0.258310, 0.000000, 0.000000, 0.000000, 1.000000, 0.000147, 0.101056, -0.994881, 0.081007, -0.998440, -0.055533, -0.005789, 0.008464, -0.055834, 0.993330, 0.100890, -0.013898, 0.000000, 0.000000, 0.000000, 1.000000
-9.9924, 13.3622, -1.2516, 132.6411, 201.6456, -4.3623, 258.3110, 81.0069, 8.4641, -13.8985, 0.578224, -0.803368, -0.142327, 0.013362, 0.812749, 0.582439, 0.014322, -0.001252, 0.071391, -0.123957, 0.989716, 0.132641, 0.000000, 0.000000, 0.000000, 1.000000, 0.071327, -0.124002, 0.989715, 0.201646, -0.578224, 0.803368, 0.142326, -0.004362, -0.812754, -0.582429, -0.014399, 0.258311, 0.000000, 0.000000, 0.000000, 1.000000, 0.000147, 0.101056, -0.994881, 0.081007, -0.998440, -0.055533, -0.005789, 0.008464, -0.055834, 0.993330, 0.100890, -0.013898, 0.000000, 0.000000, 0.000000, 1.000000
-9.9907, 13.3621, -1.2538, 132.6537, 201.6583, -4.3623, 258.3132, 81.0069, 8.4641, -13.8985, 0.578225, -0.803363, -0.142352, 0.013362, 0.812748, 0.582439, 0.014335, -0.001254, 0.071395, -0.123985, 0.989712, 0.132654, 0.000000, 0.000000, 0.000000, 1.000000, 0.071331, -0.124030, 0.989711, 0.201658, -0.578225, 0.803363, 0.142351, -0.004362, -0.812753, -0.582430, -0.014413, 0.258313, 0.000000, 0.000000, 0.000000, 1.000000, 0.000147, 0.101056, -0.994881, 0.081007, -0.998440, -0.055533, -0.005789, 0.008464, -0.055834, 0.993330, 0.100890, -0.013898, 0.000000, 0.000000, 0.000000, 1.000000
-9.9897, 13.3621, -1.2551, 132.6606, 201.6652, -4.3622, 258.3144, 81.0068, 8.4641, -13.8985, 0.578225, -0.803361, -0.142365, 0.013362, 0.812747, 0.582440, 0.014343, -0.001255, 0.071396, -0.124000, 0.989710, 0.132661, 0.000000, 0.000000, 0.000000, 1.000000, 0.071332, -0.124045, 0.989709, 0.201665, -0.578225, 0.803361, 0.142364, -0.004362, -0.812753, -0.582430, -0.014420, 0.258314, 0.000000, 0.000000, 0.000000, 1.000000, 0.000147, 0.101056, -0.994881, 0.081007, -0.998440, -0.055533, -0.005789, 0.008464, -0.055834, 0.993330, 0.100890, -0.013898, 0.000000, 0.000000, 0.000000, 1.000000
-9.9877, 13.3620, -1.2577, 132.6755, 201.6801, -4.3621, 258.3170, 81.0068, 8.4641, -13.8985, 0.578226, -0.803355, -0.142394, 0.013362, 0.812747, 0.582440, 0.014359, -0.001258, 0.071400, -0.124033, 0.989706, 0.132676, 0.000000, 0.000000, 0.000000, 1.000000, 0.071336, -0.124078, 0.989705, 0.201680, -0.578226, 0.803355, 0.142393, -0.004362, -0.812752, -0.582431, -0.014437, 0.258317, 0.000000, 0.000000, 0.000000, 1.000000, 0.000147, 0.101056, -0.994881, 0.081007, -0.998440, -0.055533, -0.005789, 0.008464, -0.055834, 0.993330, 0.100890, -0.013898, 0.000000, 0.000000, 0.000000, 1.000000
-9.9855, 13.3618, -1.2605, 132.6920, 201.6965, -4.3620, 258.3199, 81.0068, 8.4641, -13.8985, 0.578226, -0.803349, -0.142425, 0.013362, 0.812746, 0.582441, 0.014377, -0.001260, 0.071405, -0.124069, 0.989701, 0.132692, 0.000000, 0.000000, 0.000000, 1.000000, 0.071341, -0.124114, 0.989700, 0.201697, -0.578226, 0.803349, 0.142425, -0.004362, -0.812751, -0.582431, -0.014454, 0.258320, 0.000000, 0.000000, 0.000000, 1.000000, 0.000147, 0.101056, -0.994881, 0.081007, -0.998440, -0.055533, -0.005789, 0.008464, -0.055834, 0.993330, 0.100890, -0.013899, 0.000000, 0.000000, 0.000000, 1.000000
-9.9843, 13.3618, -1.2620, 132.7007, 201.7053, -4.3619, 258.3213, 81.0068, 8.4641, -13.8985, 0.578227, -0.803345, -0.142442, 0.013362, 0.812745, 0.582442, 0.014386, -0.001262, 0.071407, -0.124088, 0.989699, 0.132701, 0.000000, 0.000000, 0.000000, 1.000000, 0.071343, -0.124133, 0.989698, 0.201705, -0.578227, 0.803346, 0.142442, -0.004362, -0.812751, -0.582432, -0.014464, 0.258321, 0.000000, 0.000000, 0.000000, 1.000000, 0.000147, 0.101056, -0.994881, 0.081007, -0.998440, -0.055533, -0.005789, 0.008464, -0.055834, 0.993330, 0.100890, -0.013899, 0.000000, 0.000000, 0.000000, 1.000000
-9.9818, 13.3616, -1.2651, 132.7193, 201.7239, -4.3618, 258.3244, 81.0068, 8.4641, -13.8985, 0.578228, -0.803339, -0.142478, 0.013362, 0.812744, 0.582443, 0.014407, -0.001265, 0.071412, -0.124129, 0.989693, 0.132719, 0.000000, 0.000000, 0.000000, 1.000000, 0.071347, -0.124174, 0.989692, 0.201724, -0.578228, 0.803339, 0.142477, -0.004362, -0.812750, -0.582433, -0.014485, 0.258324, 0.000000, 0.000000, 0.000000, 1.000000, 0.000147, 0.101056, -0.994881, 0.081007, -0.998440, -0.055533, -0.005789, 0.008464, -0.055834, 0.993330, 0.100890, -0.013899, 0.000000, 0.000000, 0.000000, 1.000000
-9.9805, 13.3615, -1.2667, 132.7292, 201.7338, -4.3617, 258.3260, 81.0068, 8.4641, -13.8985, 0.578228, -0.803335, -0.142497, 0.013362, 0.812744, 0.582443, 0.014418, -0.001267, 0.071414, -0.124150, 0.989690, 0.132729, 0.000000, 0.000000, 0.000000, 1.000000, 0.071350, -0.124195, 0.989689, 0.201734, -0.578228, 0.803335, 0.142496, -0.004362, -0.812749, -0.582433, -0.014496, 0.258326, 0.000000, 0.000000, 0.000000, 1.000000, 0.000147, 0.101056, -0.994881, 0.081007, -0.998440, -0.055533, -0.005789, 0.008464, -0.055834, 0.993330, 0.100890, -0.013899, 0.000000, 0.000000, 0.000000, 1.000000
-9.9777, 13.3614, -1.2700, 132.7501, 201.7547, -4.3615, 258.3293, 81.0068, 8.4641, -13.8985, 0.578229, -0.803327, -0.142537, 0.013361, 0.812743, 0.582444, 0.014441, -0.001270, 0.071419, -0.124196, 0.989684, 0.132750, 0.000000, 0.000000, 0.000000, 1.000000, 0.071354, -0.124241, 0.989683, 0.201755, -0.578229, 0.803327, 0.142536, -0.004362, -0.812748, -0.582434, -0.014519, 0.258329, 0.000000, 0.000000, 0.000000, 1.000000, 0.000147, 0.101056, -0.994881, 0.081007, -0.998440, -0.055533, -0.005789, 0.008464, -0.055834, 0.993330, 0.100890, -0.013899, 0.000000, 0.000000, 0.000000, 1.000000
-9.9763, 13.3613, -1.2717, 132.7612, 201.7657, -4.3614, 258.3311, 81.0068, 8.4641, -13.8985, 0.578229, -0.803323, -0.142558, 0.013361, 0.812742, 0.582444, 0.014454, -0.001272, 0.071421, -0.124220, 0.989681, 0.132761, 0.000000, 0.000000, 0.000000, 1.000000, 0.071357, -0.124265, 0.989680, 0.201766, -0.578229, 0.803323, 0.142557, -0.004361, -0.812748, -0.582434, -0.014532, 0.258331, 0.000000, 0.000000, 0.000000, 1.000000, 0.000147, 0.101056, -0.994881, 0.081007, -0.998440, -0.055533, -0.005789, 0.008464, -0.055834, 0.993330, 0.100890, -0.013899, 0.000000, 0.000000, 0.000000, 1.000000
-9.9732, 13.3611, -1.2752, 132.7843, 201.7889, -4.3613, 258.3346, 81.0068, 8.4641, -13.8985, 0.578230, -0.803315, -0.142601, 0.013361, 0.812741, 0.582445, 0.014480, -0.001275, 0.071425, -0.124271, 0.989674, 0.132784, 0.000000, 0.000000, 0.000000, 1.000000, 0.071361, -0.124316, 0.989673, 0.201789, -0.578230, 0.803315, 0.142601, -0.004361, -0.812747, -0.582435, -0.014558, 0.258335, 0.000000, 0.000000, 0.000000, 1.000000, 0.000147, 0.101056, -0.994881, 0.081007, -0.998440, -0.055533, -0.005789, 0.008464, -0.055834, 0.993330, 0.100890, -0.013899, 0.000000, 0.000000, 0.000000, 1.000000
-9.9716, 13.3611, -1.2770, 132.7964, 201.8010, -4.3612, 258.3363, 81.0068, 8.4641, -13.8985, 0.578231, -0.803310, -0.142624, 0.013361, 0.812741, 0.582445, 0.014494, -0.001277, 0.071428, -0.124297, 0.989671, 0.132796, 0.000000, 0.000000, 0.000000, 1.000000, 0.071363, -0.124342, 0.989670, 0.201801, -0.578231, 0.803310, 0.142623, -0.004361, -0.812746, -0.582436, -0.014572, 0.258336, 0.000000, 0.000000, 0.000000, 1.000000, 0.000147, 0.101056, -0.994881, 0.081007, -0.998440, -0.055533, -0.005789, 0.008464, -0.055834, 0.993330, 0.100890, -0.013899, 0.000000, 0.000000, 0.000000, 1.000000
-9.9682, 13.3609, -1.2806, 132.8216, 201.8262, -4.3610, 258.3399, 81.0068, 8.4641, -13.8985, 0.578232, -0.803301, -0.142672, 0.013361, 0.812740, 0.582446, 0.014523, -0.001281, 0.071432, -0.124353, 0.989664, 0.132822, 0.000000, 0.000000, 0.000000, 1.000000, 0.071368, -0.124398, 0.989663, 0.201826, -0.578232, 0.803301, 0.142671, -0.004361, -0.812745, -0.582436, -0.014601, 0.258340, 0.000000, 0.000000, 0.000000, 1.000000, 0.000147, 0.101056, -0.994881, 0.081007, -0.998440, -0.055533, -0.005789, 0.008464, -0.055834, 0.993330, 0.100890, -0.013899, 0.000000, 0.000000, 0.000000, 1.000000
-9.9665, 13.3608, -1.2825, 132.8347, 201.8393, -4.3609, 258.3418, 81.0068, 8.4641, -13.8985, 0.578232, -0.803297, -0.142696, 0.013361, 0.812739, 0.582446, 0.014538, -0.001282, 0.071434, -0.124381, 0.989660, 0.132835, 0.000000, 0.000000, 0.000000, 1.000000, 0.071370, -0.124426, 0.989659, 0.201839, -0.578232, 0.803297, 0.142695, -0.004361, -0.812745, -0.582437, -0.014616, 0.258342, 0.000000, 0.000000, 0.000000, 1.000000, 0.000147, 0.101056, -0.994881, 0.081007, -0.998440, -0.055533, -0.005789, 0.008464, -0.055834, 0.993330, 0.100890, -0.013899, 0.000000, 0.000000, 0.000000, 1.000000
-9.9629, 13.3606, -1.2862, 132.8618, 201.8664, -4.3608, 258.3455, 81.0068, 8.4641, -13.8985, 0.578233, -0.803287, -0.142747, 0.013361, 0.812738, 0.582447, 0.014570, -0.001286, 0.071438, -0.124441, 0.989652, 0.132862, 0.000000, 0.000000, 0.000000, 1.000000, 0.071374, -0.124486, 0.989651, 0.201866, -0.578233, 0.803287, 0.142746, -0.004361, -0.812744, -0.582437, -0.014648, 0.258345, 0.000000, 0.000000, 0.000000, 1.000000, 0.000147, 0.101056, -0.994881, 0.081007, -0.998440, -0.055533, -0.005789, 0.008464, -0.055834, 0.993330, 0.100890, -0.013899, 0.000000, 0.000000, 0.000000, 1.000000
-9.9592, 13.3605, -1.2899, 132.8902, 201.8948, -4.3606, 258.3492, 81.0068, 8.4641, -13.8985, 0.578234, -0.803277, -0.142799, 0.013360, 0.812737, 0.582447, 0.014604, -0.001290, 0.071442, -0.124503, 0.989644, 0.132890, 0.000000, 0.000000, 0.000000, 1.000000, 0.071378, -0.124548, 0.989643, 0.201895, -0.578234, 0.803277, 0.142799, -0.004361, -0.812743, -0.582437, -0.014682, 0.258349, 0.000000, 0.000000, 0.000000, 1.000000, 0.000147, 0.101056, -0.994881, 0.081007, -0.998440, -0.055533, -0.005789, 0.008464, -0.055834, 0.993330, 0.100890, -0.013899, 0.000000, 0.000000, 0.000000, 1.000000
-9.9573, 13.3604, -1.2917, 132.9048, 201.9093, -4.3606, 258.3510, 81.0068, 8.4641, -13.8985, 0.578234, -0.803272, -0.142826, 0.013360, 0.812737, 0.582447, 0.014622, -0.001292, 0.071444, -0.124535, 0.989640, 0.132905, 0.000000, 0.000000, 0.000000, 1.000000, 0.071379, -0.124580, 0.989639, 0.201909, -0.578234, 0.803272, 0.142826, -0.004361, -0.812742, -0.582438, -0.014699, 0.258351, 0.000000, 0.000000, 0.000000, 1.000000, 0.000147, 0.101056, -0.994881, 0.081007, -0.998440, -0.055533, -0.005789, 0.008464, -0.055834, 0.993330, 0.100890, -0.013899, 0.000000, 0.000000, 0.000000, 1.000000
-9.9533, 13.3603, -1.2954, 132.9347, 201.9393, -4.3604, 258.3547, 81.0068, 8.4641, -13.8985, 0.578235, -0.803262, -0.142882, 0.013360, 0.812736, 0.582448, 0.014658, -0.001295, 0.071447, -0.124601, 0.989631, 0.132935, 0.000000, 0.000000, 0.000000, 1.000000, 0.071383, -0.124646, 0.989630, 0.201939, -0.578235, 0.803262, 0.142881, -0.004360, -0.812742, -0.582438, -0.014736, 0.258355, 0.000000, 0.000000, 0.000000, 1.000000, 0.000147, 0.101056, -0.994881, 0.081007, -0.998440, -0.055533, -0.005789, 0.008464, -0.055834, 0.993330, 0.100890, -0.013899, 0.000000, 0.000000, 0.000000, 1.000000
-9.9513, 13.3602, -1.2973, 132.9500, 201.9546, -4.3604, 258.3566, 81.0068, 8.4641, -13.8985, 0.578235, -0.803256, -0.142910, 0.013360, 0.812736, 0.582448, 0.014677, -0.001297, 0.071449, -0.124635, 0.989627, 0.132950, 0.000000, 0.000000, 0.000000, 1.000000, 0.071384, -0.124680, 0.989626, 0.201955, -0.578235, 0.803257, 0.142909, -0.004360, -0.812741, -0.582438, -0.014754, 0.258357, 0.000000, 0.000000, 0.000000, 1.000000, 0.000147, 0.101056, -0.994881, 0.081007, -0.998440, -0.055533, -0.005789, 0.008464, -0.055834, 0.993330, 0.100890, -0.013899, 0.000000, 0.000000, 0.000000, 1.000000
-9.9473, 13.3601, -1.3009, 132.9813, 201.9858, -4.3602, 258.3602, 81.0068, 8.4641, -13.8985, 0.578236, -0.803246, -0.142967, 0.013360, 0.812735, 0.582448, 0.014715, -0.001301, 0.071451, -0.124703, 0.989618, 0.132981, 0.000000, 0.000000, 0.000000, 1.000000, 0.071387, -0.124748, 0.989617, 0.201986, -0.578236, 0.803246, 0.142967, -0.004360, -0.812741, -0.582438, -0.014793, 0.258360, 0.000000, 0.000000, 0.000000, 1.000000, 0.000147, 0.101056, -0.994881, 0.081007, -0.998440, -0.055533, -0.005789, 0.008464, -0.055834, 0.993330, 0.100890, -0.013899, 0.000000, 0.000000, 0.000000, 1.000000
-9.9431, 13.3604, -1.3025, 133.0143, 202.0189, -4.3605, 258.3617, 81.0068, 8.4641, -13.8985, 0.578235, -0.803236, -0.143025, 0.013360, 0.812736, 0.582445, 0.014762, -0.001302, 0.071447, -0.124777, 0.989609, 0.133014, 0.000000, 0.000000, 0.000000, 1.000000, 0.071382, -0.124823, 0.989608, 0.202019, -0.578235, 0.803236, 0.143024, -0.004361, -0.812742, -0.582435, -0.014840, 0.258362, 0.000000, 0.000000, 0.000000, 1.000000, 0.000147, 0.101056, -0.994881, 0.081007, -0.998440, -0.055533, -0.005789, 0.008464, -0.055834, 0.993330, 0.100890, -0.013899, 0.000000, 0.000000, 0.000000, 1.000000
-9.9389, 13.3611, -1.3021, 133.0490, 202.0536, -4.3612, 258.3614, 81.0068, 8.4641, -13.8985, 0.578233, -0.803228, -0.143082, 0.013361, 0.812739, 0.582440, 0.014817, -0.001302, 0.071435, -0.124856, 0.989600, 0.133049, 0.000000, 0.000000, 0.000000, 1.000000, 0.071371, -0.124902, 0.989599, 0.202054, -0.578233, 0.803228, 0.143082, -0.004361, -0.812744, -0.582430, -0.014895, 0.258361, 0.000000, 0.000000, 0.000000, 1.000000, 0.000147, 0.101056, -0.994881, 0.081007, -0.998440, -0.055533, -0.005789, 0.008464, -0.055834, 0.993330, 0.100890, -0.013899, 0.000000, 0.000000, 0.000000, 1.000000
-9.9368, 13.3614, -1.3021, 133.0665, 202.0711, -4.3616, 258.3613, 81.0068, 8.4641, -13.8985, 0.578231, -0.803223, -0.143112, 0.013361, 0.812740, 0.582438, 0.014844, -0.001302, 0.071430, -0.124896, 0.989595, 0.133066, 0.000000, 0.000000, 0.000000, 1.000000, 0.071365, -0.124941, 0.989594, 0.202071, -0.578232, 0.803223, 0.143111, -0.004362, -0.812746, -0.582428, -0.014923, 0.258361, 0.000000, 0.000000, 0.000000, 1.000000, 0.000147, 0.101056, -0.994881, 0.081007, -0.998440, -0.055533, -0.005789, 0.008464, -0.055834, 0.993330, 0.100890, -0.013899, 0.000000, 0.000000, 0.000000, 1.000000
-9.9326, 13.3620, -1.3023, 133.1015, 202.1061, -4.3622, 258.3614, 81.0068, 8.4641, -13.8985, 0.578229, -0.803214, -0.143170, 0.013362, 0.812742, 0.582433, 0.014898, -0.001302, 0.071421, -0.124975, 0.989586, 0.133101, 0.000000, 0.000000, 0.000000, 1.000000, 0.071356, -0.125021, 0.989585, 0.202106, -0.578230, 0.803214, 0.143169, -0.004362, -0.812748, -0.582423, -0.014977, 0.258361, 0.000000, 0.000000, 0.000000, 1.000000, 0.000147, 0.101056, -0.994881, 0.081007, -0.998440, -0.055533, -0.005789, 0.008464, -0.055834, 0.993330, 0.100890, -0.013899, 0.000000, 0.000000, 0.000000, 1.000000
-9.9304, 13.3623, -1.3025, 133.1190, 202.1236, -4.3624, 258.3616, 81.0068, 8.4641, -13.8985, 0.578229, -0.803210, -0.143200, 0.013362, 0.812743, 0.582431, 0.014925, -0.001302, 0.071416, -0.125015, 0.989581, 0.133119, 0.000000, 0.000000, 0.000000, 1.000000, 0.071351, -0.125060, 0.989580, 0.202124, -0.578229, 0.803210, 0.143199, -0.004362, -0.812749, -0.582421, -0.015004, 0.258362, 0.000000, 0.000000, 0.000000, 1.000000, 0.000147, 0.101056, -0.994881, 0.081007, -0.998440, -0.055533, -0.005789, 0.008464, -0.055834, 0.993330, 0.100890, -0.013899, 0.000000, 0.000000, 0.000000, 1.000000
-9.9261, 13.3628, -1.3032, 133.1540, 202.1586, -4.3629, 258.3623, 81.0068, 8.4641, -13.8985, 0.578227, -0.803200, -0.143259, 0.013363, 0.812745, 0.582427, 0.014977, -0.001303, 0.071409, -0.125093, 0.989572, 0.133154, 0.000000, 0.000000, 0.000000, 1.000000, 0.071343, -0.125139, 0.989571, 0.202159, -0.578227, 0.803200, 0.143259, -0.004363, -0.812751, -0.582417, -0.015056, 0.258362, 0.000000, 0.000000, 0.000000, 1.000000, 0.000147, 0.101056, -0.994881, 0.081007, -0.998440, -0.055533, -0.005789, 0.008464, -0.055834, 0.993330, 0.100890, -0.013899, 0.000000, 0.000000, 0.000000, 1.000000
-9.9240, 13.3630, -1.3037, 133.1714, 202.1760, -4.3631, 258.3627, 81.0068, 8.4641, -13.8985, 0.578226, -0.803195, -0.143289, 0.013363, 0.812746, 0.582425, 0.015003, -0.001304, 0.071405, -0.125133, 0.989567, 0.133171, 0.000000, 0.000000, 0.000000, 1.000000, 0.071340, -0.125179, 0.989566, 0.202176, -0.578226, 0.803195, 0.143288, -0.004363, -0.812752, -0.582415, -0.015082, 0.258363, 0.000000, 0.000000, 0.000000, 1.000000, 0.000147, 0.101056, -0.994881, 0.081007, -0.998440, -0.055533, -0.005789, 0.008464, -0.055834, 0.993330, 0.100890, -0.013899, 0.000000, 0.000000, 0.000000, 1.000000
-9.9197, 13.3633, -1.3049, 133.2061, 202.2108, -4.3635, 258.3639, 81.0068, 8.4641, -13.8985, 0.578225, -0.803186, -0.143349, 0.013363, 0.812747, 0.582422, 0.015053, -0.001305, 0.071399, -0.125211, 0.989558, 0.133206, 0.000000, 0.000000, 0.000000, 1.000000, 0.071334, -0.125257, 0.989557, 0.202211, -0.578225, 0.803186, 0.143348, -0.004363, -0.812753, -0.582412, -0.015132, 0.258364, 0.000000, 0.000000, 0.000000, 1.000000, 0.000147, 0.101056, -0.994881, 0.081007, -0.998440, -0.055533, -0.005789, 0.008464, -0.055834, 0.993330, 0.100890, -0.013899, 0.000000, 0.000000, 0.000000, 1.000000
-9.9175, 13.3635, -1.3056, 133.2234, 202.2281, -4.3636, 258.3646, 81.0068, 8.4641, -13.8985, 0.578224, -0.803181, -0.143379, 0.013363, 0.812748, 0.582420, 0.015078, -0.001306, 0.071397, -0.125249, 0.989553, 0.133223, 0.000000, 0.000000, 0.000000, 1.000000, 0.071331, -0.125295, 0.989552, 0.202228, -0.578224, 0.803181, 0.143378, -0.004364, -0.812754, -0.582410, -0.015157, 0.258365, 0.000000, 0.000000, 0.000000, 1.000000, 0.000147, 0.101056, -0.994881, 0.081007, -0.998440, -0.055533, -0.005789, 0.008464, -0.055834, 0.993330, 0.100890, -0.013899, 0.000000, 0.000000, 0.000000, 1.000000
-9.9153, 13.3636, -1.3064, 133.2407, 202.2454, -4.3638, 258.3654, 81.0068, 8.4641, -13.8985, 0.578223, -0.803176, -0.143409, 0.013364, 0.812749, 0.582419, 0.015102, -0.001306, 0.071395, -0.125288, 0.989548, 0.133241, 0.000000, 0.000000, 0.000000, 1.000000, 0.071329, -0.125334, 0.989547, 0.202245, -0.578223, 0.803176, 0.143408, -0.004364, -0.812754, -0.582409, -0.015182, 0.258365, 0.000000, 0.000000, 0.000000, 1.000000, 0.000147, 0.101056, -0.994881, 0.081007, -0.998440, -0.055533, -0.005789, 0.008464, -0.055834, 0.993330, 0.100890, -0.013899, 0.000000, 0.000000, 0.000000, 1.000000
-9.9110, 13.3638, -1.3083, 133.2750, 202.2797, -4.3640, 258.3673, 81.0068, 8.4641, -13.8985, 0.578222, -0.803166, -0.143469, 0.013364, 0.812750, 0.582416, 0.015150, -0.001308, 0.071391, -0.125365, 0.989539, 0.133275, 0.000000, 0.000000, 0.000000, 1.000000, 0.071325, -0.125411, 0.989538, 0.202280, -0.578223, 0.803166, 0.143468, -0.004364, -0.812755, -0.582406, -0.015229, 0.258367, 0.000000, 0.000000, 0.000000, 1.000000, 0.000147, 0.101056, -0.994881, 0.081007, -0.998440, -0.055533, -0.005789, 0.008464, -0.055834, 0.993330, 0.100890, -0.013899, 0.000000, 0.000000, 0.000000, 1.000000
-9.9089, 13.3639, -1.3094, 133.2921, 202.2967, -4.3641, 258.3683, 81.0068, 8.4641, -13.8985, 0.578222, -0.803161, -0.143499, 0.013364, 0.812750, 0.582415, 0.015173, -0.001309, 0.071390, -0.125403, 0.989534, 0.133292, 0.000000, 0.000000, 0.000000, 1.000000, 0.071324, -0.125449, 0.989533, 0.202297, -0.578222, 0.803161, 0.143499, -0.004364, -0.812756, -0.582405, -0.015253, 0.258368, 0.000000, 0.000000, 0.000000, 1.000000, 0.000147, 0.101056, -0.994881, 0.081007, -0.998440, -0.055533, -0.005789, 0.008464, -0.055834, 0.993330, 0.100890, -0.013899, 0.000000, 0.000000, 0.000000, 1.000000
-9.9024, 13.3641, -1.3130, 133.3429, 202.3476, -4.3642, 258.3719, 81.0068, 8.4641, -13.8985, 0.578221, -0.803145, -0.143590, 0.013364, 0.812751, 0.582412, 0.015241, -0.001313, 0.071387, -0.125516, 0.989520, 0.133343, 0.000000, 0.000000, 0.000000, 1.000000, 0.071321, -0.125562, 0.989519, 0.202348, -0.578221, 0.803145, 0.143589, -0.004364, -0.812757, -0.582402, -0.015321, 0.258372, 0.000000, 0.000000, 0.000000, 1.000000, 0.000148, 0.101056, -0.994881, 0.081007, -0.998440, -0.055533, -0.005789, 0.008464, -0.055834, 0.993330, 0.100890, -0.013899, 0.000000, 0.000000, 0.000000, 1.000000
-9.9002, 13.3641, -1.3143, 133.3598, 202.3645, -4.3642, 258.3732, 81.0068, 8.4641, -13.8985, 0.578221, -0.803140, -0.143620, 0.013364, 0.812751, 0.582411, 0.015264, -0.001314, 0.071387, -0.125553, 0.989515, 0.133360, 0.000000, 0.000000, 0.000000, 1.000000, 0.071321, -0.125599, 0.989514, 0.202364, -0.578221, 0.803140, 0.143619, -0.004364, -0.812757, -0.582401, -0.015344, 0.258373, 0.000000, 0.000000, 0.000000, 1.000000, 0.000148, 0.101056, -0.994881, 0.081007, -0.998440, -0.055533, -0.005789, 0.008464, -0.055834, 0.993330, 0.100890, -0.013899, 0.000000, 0.000000, 0.000000, 1.000000
-9.8959, 13.3641, -1.3172, 133.3932, 202.3980, -4.3642, 258.3760, 81.0068, 8.4641, -13.8985, 0.578221, -0.803130, -0.143680, 0.013364, 0.812751, 0.582410, 0.015307, -0.001317, 0.071387, -0.125627, 0.989506, 0.133393, 0.000000, 0.000000, 0.000000, 1.000000, 0.071321, -0.125674, 0.989505, 0.202398, -0.578221, 0.803130, 0.143679, -0.004364, -0.812757, -0.582399, -0.015387, 0.258376, 0.000000, 0.000000, 0.000000, 1.000000, 0.000148, 0.101056, -0.994881, 0.081007, -0.998440, -0.055533, -0.005789, 0.008464, -0.055834, 0.993330, 0.100890, -0.013899, 0.000000, 0.000000, 0.000000, 1.000000
-9.8938, 13.3641, -1.3187, 133.4099, 202.4146, -4.3642, 258.3775, 81.0068, 8.4641, -13.8985, 0.578220, -0.803124, -0.143710, 0.013364, 0.812751, 0.582409, 0.015328, -0.001319, 0.071387, -0.125664, 0.989501, 0.133410, 0.000000, 0.000000, 0.000000, 1.000000, 0.071321, -0.125710, 0.989500, 0.202415, -0.578221, 0.803124, 0.143709, -0.004364, -0.812757, -0.582399, -0.015409, 0.258378, 0.000000, 0.000000, 0.000000, 1.000000, 0.000148, 0.101056, -0.994881, 0.081007, -0.998440, -0.055533, -0.005789, 0.008464, -0.055834, 0.993330, 0.100890, -0.013898, 0.000000, 0.000000, 0.000000, 1.000000
-9.8895, 13.3640, -1.3219, 133.4429, 202.4477, -4.3641, 258.3807, 81.0068, 8.4641, -13.8985, 0.578220, -0.803114, -0.143770, 0.013364, 0.812751, 0.582408, 0.015370, -0.001322, 0.071389, -0.125737, 0.989492, 0.133443, 0.000000, 0.000000, 0.000000, 1.000000, 0.071322, -0.125783, 0.989491, 0.202448, -0.578220, 0.803114, 0.143769, -0.004364, -0.812757, -0.582398, -0.015451, 0.258381, 0.000000, 0.000000, 0.000000, 1.000000, 0.000148, 0.101056, -0.994881, 0.081007, -0.998440, -0.055533, -0.005789, 0.008464, -0.055834, 0.993330, 0.100890, -0.013898, 0.000000, 0.000000, 0.000000, 1.000000
-9.8874, 13.3639, -1.3236, 133.4593, 202.4641, -4.3641, 258.3824, 81.0068, 8.4641, -13.8985, 0.578220, -0.803108, -0.143800, 0.013364, 0.812751, 0.582408, 0.015391, -0.001324, 0.071390, -0.125773, 0.989487, 0.133459, 0.000000, 0.000000, 0.000000, 1.000000, 0.071323, -0.125819, 0.989486, 0.202464, -0.578221, 0.803108, 0.143799, -0.004364, -0.812757, -0.582397, -0.015471, 0.258382, 0.000000, 0.000000, 0.000000, 1.000000, 0.000148, 0.101056, -0.994881, 0.081007, -0.998440, -0.055533, -0.005789, 0.008464, -0.055834, 0.993330, 0.100890, -0.013898, 0.000000, 0.000000, 0.000000, 1.000000
-9.8853, 13.3638, -1.3253, 133.4757, 202.4804, -4.3640, 258.3841, 81.0068, 8.4641, -13.8985, 0.578221, -0.803103, -0.143830, 0.013364, 0.812751, 0.582407, 0.015411, -0.001325, 0.071391, -0.125809, 0.989482, 0.133476, 0.000000, 0.000000, 0.000000, 1.000000, 0.071324, -0.125855, 0.989481, 0.202480, -0.578221, 0.803103, 0.143829, -0.004364, -0.812757, -0.582397, -0.015491, 0.258384, 0.000000, 0.000000, 0.000000, 1.000000, 0.000148, 0.101056, -0.994881, 0.081007, -0.998440, -0.055533, -0.005789, 0.008464, -0.055834, 0.993330, 0.100890, -0.013898, 0.000000, 0.000000, 0.000000, 1.000000
-9.8769, 13.3635, -1.3326, 133.5403, 202.5450, -4.3636, 258.3913, 81.0068, 8.4641, -13.8985, 0.578221, -0.803081, -0.143948, 0.013363, 0.812750, 0.582406, 0.015490, -0.001333, 0.071397, -0.125950, 0.989464, 0.133540, 0.000000, 0.000000, 0.000000, 1.000000, 0.071330, -0.125997, 0.989463, 0.202545, -0.578221, 0.803081, 0.143947, -0.004364, -0.812756, -0.582396, -0.015571, 0.258391, 0.000000, 0.000000, 0.000000, 1.000000, 0.000148, 0.101056, -0.994881, 0.081007, -0.998440, -0.055533, -0.005789, 0.008464, -0.055834, 0.993330, 0.100890, -0.013898, 0.000000, 0.000000, 0.000000, 1.000000
-9.8748, 13.3633, -1.3345, 133.5561, 202.5609, -4.3635, 258.3932, 81.0068, 8.4641, -13.8985, 0.578221, -0.803076, -0.143977, 0.013363, 0.812750, 0.582406, 0.015509, -0.001334, 0.071398, -0.125985, 0.989459, 0.133556, 0.000000, 0.000000, 0.000000, 1.000000, 0.071332, -0.126032, 0.989458, 0.202561, -0.578221, 0.803076, 0.143977, -0.004363, -0.812756, -0.582396, -0.015590, 0.258393, 0.000000, 0.000000, 0.000000, 1.000000, 0.000148, 0.101056, -0.994881, 0.081007, -0.998440, -0.055533, -0.005789, 0.008464, -0.055834, 0.993330, 0.100890, -0.013898, 0.000000, 0.000000, 0.000000, 1.000000
-9.8707, 13.3631, -1.3383, 133.5875, 202.5923, -4.3632, 258.3970, 81.0069, 8.4641, -13.8985, 0.578222, -0.803065, -0.144035, 0.013363, 0.812749, 0.582406, 0.015547, -0.001338, 0.071402, -0.126054, 0.989450, 0.133588, 0.000000, 0.000000, 0.000000, 1.000000, 0.071335, -0.126101, 0.989449, 0.202592, -0.578222, 0.803065, 0.144035, -0.004363, -0.812755, -0.582396, -0.015627, 0.258397, 0.000000, 0.000000, 0.000000, 1.000000, 0.000148, 0.101056, -0.994881, 0.081007, -0.998440, -0.055533, -0.005789, 0.008464, -0.055834, 0.993330, 0.100890, -0.013898, 0.000000, 0.000000, 0.000000, 1.000000
-9.8686, 13.3630, -1.3403, 133.6030, 202.6078, -4.3631, 258.3990, 81.0069, 8.4641, -13.8985, 0.578222, -0.803060, -0.144064, 0.013363, 0.812749, 0.582406, 0.015565, -0.001340, 0.071404, -0.126088, 0.989446, 0.133603, 0.000000, 0.000000, 0.000000, 1.000000, 0.071337, -0.126135, 0.989445, 0.202608, -0.578222, 0.803060, 0.144063, -0.004363, -0.812755, -0.582396, -0.015646, 0.258399, 0.000000, 0.000000, 0.000000, 1.000000, 0.000148, 0.101056, -0.994881, 0.081007, -0.998440, -0.055533, -0.005789, 0.008464, -0.055834, 0.993330, 0.100890, -0.013898, 0.000000, 0.000000, 0.000000, 1.000000
-9.8646, 13.3627, -1.3442, 133.6337, 202.6385, -4.3628, 258.4029, 81.0069, 8.4641, -13.8985, 0.578223, -0.803049, -0.144121, 0.013363, 0.812748, 0.582407, 0.015601, -0.001344, 0.071408, -0.126155, 0.989437, 0.133634, 0.000000, 0.000000, 0.000000, 1.000000, 0.071342, -0.126202, 0.989436, 0.202639, -0.578223, 0.803049, 0.144120, -0.004363, -0.812754, -0.582396, -0.015682, 0.258403, 0.000000, 0.000000, 0.000000, 1.000000, 0.000148, 0.101056, -0.994881, 0.081007, -0.998440, -0.055533, -0.005789, 0.008464, -0.055834, 0.993330, 0.100890, -0.013898, 0.000000, 0.000000, 0.000000, 1.000000
-9.8606, 13.3624, -1.3481, 133.6641, 202.6688, -4.3625, 258.4068, 81.0069, 8.4641, -13.8985, 0.578224, -0.803038, -0.144177, 0.013362, 0.812747, 0.582407, 0.015637, -0.001348, 0.071413, -0.126221, 0.989428, 0.133664, 0.000000, 0.000000, 0.000000, 1.000000, 0.071346, -0.126268, 0.989427, 0.202669, -0.578224, 0.803038, 0.144177, -0.004363, -0.812753, -0.582397, -0.015718, 0.258407, 0.000000, 0.000000, 0.000000, 1.000000, 0.000148, 0.101056, -0.994881, 0.081007, -0.998440, -0.055533, -0.005789, 0.008464, -0.055834, 0.993330, 0.100890, -0.013898, 0.000000, 0.000000, 0.000000, 1.000000
