# Joint_A_Angle(deg), Cam_X(mm), Cam_Y(mm), Cam_Z(mm), Torso_X(mm), Torso_Y(mm), Torso_Z(mm), EE_X(mm), EE_Y(mm), EE_Z(mm), T_cam2marker_flat(16), T_torso2marker_flat(16), T_ee2marker_flat(16)
-15.0002, -6.4523, 9.3005, 172.6373, 241.6411, 15.4522, 247.7552, 81.2881, 8.4108, -12.9486, 0.578232, -0.812719, -0.071661, -0.006452, 0.812737, 0.581477, -0.036659, 0.009301, 0.071463, -0.037044, 0.996755, 0.172637, 0.000000, 0.000000, 0.000000, 1.000000, 0.071397, -0.037090, 0.996758, 0.241641, -0.578232, 0.812719, 0.071660, 0.015452, -0.812742, -0.581474, 0.036579, 0.247755, 0.000000, 0.000000, 0.000000, 1.000000, 0.000147, 0.101056, -0.994881, 0.081288, -0.998440, -0.055534, -0.005788, 0.008411, -0.055834, 0.993330, 0.100890, -0.012949, 0.000000, 0.000000, 0.000000, 1.000000
-15.0001, -6.4522, 9.3011, 172.6377, 241.6415, 15.4520, 247.7547, 81.2881, 8.4108, -12.9486, 0.578232, -0.812719, -0.071661, -0.006452, 0.812737, 0.581477, -0.036656, 0.009301, 0.071461, -0.037046, 0.996755, 0.172638, 0.000000, 0.000000, 0.000000, 1.000000, 0.071395, -0.037092, 0.996758, 0.241642, -0.578232, 0.812719, 0.071661, 0.015452, -0.812743, -0.581474, 0.036576, 0.247755, 0.000000, 0.000000, 0.000000, 1.000000, 0.000147, 0.101056, -0.994881, 0.081288, -0.998440, -0.055534, -0.005788, 0.008411, -0.055834, 0.993330, 0.100890, -0.012949, 0.000000, 0.000000, 0.000000, 1.000000
-15.0001, -6.4522, 9.3014, 172.6378, 241.6417, 15.4520, 247.7545, 81.2881, 8.4108, -12.9486, 0.578232, -0.812719, -0.071662, -0.006452, 0.812737, 0.581476, -0.036655, 0.009301, 0.071460, -0.037047, 0.996755, 0.172638, 0.000000, 0.000000, 0.000000, 1.000000, 0.071394, -0.037093, 0.996758, 0.241642, -0.578232, 0.812719, 0.071661, 0.015452, -0.812743, -0.581473, 0.036576, 0.247754, 0.000000, 0.000000, 0.000000, 1.000000, 0.000147, 0.101056, -0.994881, 0.081288, -0.998440, -0.055534, -0.005788, 0.008411, -0.055834, 0.993330, 0.100890, -0.012949, 0.000000, 0.000000, 0.000000, 1.000000
-15.0001, -6.4520, 9.3018, 172.6381, 241.6420, 15.4519, 247.7541, 81.2881, 8.4108, -12.9486, 0.578231, -0.812719, -0.071662, -0.006452, 0.812737, 0.581476, -0.036653, 0.009302, 0.071459, -0.037048, 0.996755, 0.172638, 0.000000, 0.000000, 0.000000, 1.000000, 0.071393, -0.037094, 0.996758, 0.241642, -0.578232, 0.812720, 0.071661, 0.015452, -0.812743, -0.581473, 0.036574, 0.247754, 0.000000, 0.000000, 0.000000, 1.000000, 0.000147, 0.101056, -0.994881, 0.081288, -0.998440, -0.055534, -0.005788, 0.008411, -0.055834, 0.993330, 0.100890, -0.012949, 0.000000, 0.000000, 0.000000, 1.000000
-15.0001, -6.4519, 9.3022, 172.6385, 241.6423, 15.4518, 247.7537, 81.2881, 8.4108, -12.9486, 0.578231, -0.812720, -0.071662, -0.006452, 0.812738, 0.581476, -0.036651, 0.009302, 0.071457, -0.037050, 0.996755, 0.172638, 0.000000, 0.000000, 0.000000, 1.000000, 0.071392, -0.037095, 0.996758, 0.241642, -0.578231, 0.812720, 0.071661, 0.015452, -0.812743, -0.581473, 0.036572, 0.247754, 0.000000, 0.000000, 0.000000, 1.000000, 0.000147, 0.101056, -0.994881, 0.081288, -0.998440, -0.055534, -0.005788, 0.008411, -0.055834, 0.993330, 0.100890, -0.012949, 0.000000, 0.000000, 0.000000, 1.000000
-15.0001, -6.4519, 9.3025, 172.6386, 241.6425, 15.4517, 247.7535, 81.2881, 8.4108, -12.9486, 0.578231, -0.812720, -0.071662, -0.006452, 0.812738, 0.581476, -0.036650, 0.009302, 0.071456, -0.037050, 0.996755, 0.172639, 0.000000, 0.000000, 0.000000, 1.000000, 0.071391, -0.037096, 0.996758, 0.241642, -0.578231, 0.812720, 0.071662, 0.015452, -0.812744, -0.581473, 0.036571, 0.247754, 0.000000, 0.000000, 0.000000, 1.000000, 0.000147, 0.101056, -0.994881, 0.081288, -0.998440, -0.055534, -0.005788, 0.008411, -0.055834, 0.993330, 0.100890, -0.012949, 0.000000, 0.000000, 0.000000, 1.000000
-15.0000, -6.4518, 9.3027, 172.6388, 241.6426, 15.4516, 247.7533, 81.2881, 8.4108, -12.9486, 0.578231, -0.812720, -0.071663, -0.006452, 0.812738, 0.581475, -0.036649, 0.009303, 0.071456, -0.037051, 0.996755, 0.172639, 0.000000, 0.000000, 0.000000, 1.000000, 0.071391, -0.037097, 0.996758, 0.241643, -0.578231, 0.812720, 0.071662, 0.015452, -0.812744, -0.581473, 0.036570, 0.247753, 0.000000, 0.000000, 0.000000, 1.000000, 0.000147, 0.101056, -0.994881, 0.081288, -0.998440, -0.055534, -0.005788, 0.008411, -0.055834, 0.993330, 0.100890, -0.012949, 0.000000, 0.000000, 0.000000, 1.000000
-15.0000, -6.4517, 9.3031, 172.6392, 241.6430, 15.4515, 247.7530, 81.2881, 8.4108, -12.9486, 0.578231, -0.812720, -0.071663, -0.006452, 0.812738, 0.581475, -0.036647, 0.009303, 0.071454, -0.037053, 0.996755, 0.172639, 0.000000, 0.000000, 0.000000, 1.000000, 0.071389, -0.037098, 0.996758, 0.241643, -0.578231, 0.812720, 0.071662, 0.015452, -0.812744, -0.581472, 0.036568, 0.247753, 0.000000, 0.000000, 0.000000, 1.000000, 0.000147, 0.101056, -0.994881, 0.081288, -0.998440, -0.055534, -0.005788, 0.008411, -0.055834, 0.993330, 0.100890, -0.012949, 0.000000, 0.000000, 0.000000, 1.000000
-14.9999, -6.4515, 9.3035, 172.6396, 241.6434, 15.4514, 247.7526, 81.2881, 8.4108, -12.9486, 0.578230, -0.812720, -0.071664, -0.006452, 0.812739, 0.581475, -0.036645, 0.009304, 0.071453, -0.037055, 0.996755, 0.172640, 0.000000, 0.000000, 0.000000, 1.000000, 0.071388, -0.037100, 0.996758, 0.241643, -0.578230, 0.812720, 0.071663, 0.015451, -0.812744, -0.581472, 0.036566, 0.247753, 0.000000, 0.000000, 0.000000, 1.000000, 0.000147, 0.101056, -0.994881, 0.081288, -0.998440, -0.055534, -0.005788, 0.008411, -0.055834, 0.993330, 0.100890, -0.012949, 0.000000, 0.000000, 0.000000, 1.000000
-14.9999, -6.4514, 9.3037, 172.6398, 241.6436, 15.4513, 247.7525, 81.2881, 8.4108, -12.9486, 0.578230, -0.812720, -0.071665, -0.006451, 0.812739, 0.581475, -0.036644, 0.009304, 0.071452, -0.037056, 0.996755, 0.172640, 0.000000, 0.000000, 0.000000, 1.000000, 0.071388, -0.037101, 0.996758, 0.241644, -0.578230, 0.812720, 0.071664, 0.015451, -0.812745, -0.581472, 0.036565, 0.247752, 0.000000, 0.000000, 0.000000, 1.000000, 0.000147, 0.101056, -0.994881, 0.081288, -0.998440, -0.055534, -0.005788, 0.008411, -0.055834, 0.993330, 0.100890, -0.012949, 0.000000, 0.000000, 0.000000, 1.000000
-14.9998, -6.4512, 9.3040, 172.6403, 241.6441, 15.4510, 247.7522, 81.2881, 8.4108, -12.9486, 0.578230, -0.812720, -0.071666, -0.006451, 0.812739, 0.581474, -0.036641, 0.009304, 0.071451, -0.037059, 0.996755, 0.172640, 0.000000, 0.000000, 0.000000, 1.000000, 0.071387, -0.037104, 0.996758, 0.241644, -0.578230, 0.812720, 0.071665, 0.015451, -0.812745, -0.581471, 0.036563, 0.247752, 0.000000, 0.000000, 0.000000, 1.000000, 0.000147, 0.101056, -0.994881, 0.081288, -0.998440, -0.055534, -0.005788, 0.008411, -0.055834, 0.993330, 0.100890, -0.012949, 0.000000, 0.000000, 0.000000, 1.000000
-14.9996, -6.4509, 9.3043, 172.6409, 241.6447, 15.4508, 247.7520, 81.2881, 8.4108, -12.9486, 0.578229, -0.812720, -0.071668, -0.006451, 0.812740, 0.581474, -0.036638, 0.009304, 0.071450, -0.037063, 0.996755, 0.172641, 0.000000, 0.000000, 0.000000, 1.000000, 0.071386, -0.037108, 0.996758, 0.241645, -0.578229, 0.812720, 0.071668, 0.015451, -0.812745, -0.581471, 0.036560, 0.247752, 0.000000, 0.000000, 0.000000, 1.000000, 0.000147, 0.101056, -0.994881, 0.081288, -0.998440, -0.055534, -0.005788, 0.008411, -0.055834, 0.993330, 0.100890, -0.012949, 0.000000, 0.000000, 0.000000, 1.000000
-14.9995, -6.4508, 9.3044, 172.6413, 241.6450, 15.4506, 247.7520, 81.2881, 8.4108, -12.9486, 0.578229, -0.812720, -0.071670, -0.006451, 0.812740, 0.581474, -0.036636, 0.009304, 0.071449, -0.037065, 0.996755, 0.172641, 0.000000, 0.000000, 0.000000, 1.000000, 0.071385, -0.037110, 0.996758, 0.241645, -0.578229, 0.812720, 0.071669, 0.015451, -0.812745, -0.581471, 0.036558, 0.247752, 0.000000, 0.000000, 0.000000, 1.000000, 0.000147, 0.101056, -0.994881, 0.081288, -0.998440, -0.055534, -0.005788, 0.008411, -0.055834, 0.993330, 0.100890, -0.012949, 0.000000, 0.000000, 0.000000, 1.000000
-14.9992, -6.4504, 9.3044, 172.6422, 241.6459, 15.4502, 247.7520, 81.2881, 8.4108, -12.9487, 0.578229, -0.812720, -0.071674, -0.006450, 0.812740, 0.581474, -0.036632, 0.009304, 0.071448, -0.037071, 0.996755, 0.172642, 0.000000, 0.000000, 0.000000, 1.000000, 0.071384, -0.037115, 0.996758, 0.241646, -0.578229, 0.812720, 0.071673, 0.015450, -0.812746, -0.581471, 0.036554, 0.247752, 0.000000, 0.000000, 0.000000, 1.000000, 0.000147, 0.101056, -0.994881, 0.081288, -0.998440, -0.055534, -0.005788, 0.008411, -0.055834, 0.993330, 0.100890, -0.012949, 0.000000, 0.000000, 0.000000, 1.000000
-14.9991, -6.4501, 9.3044, 172.6427, 241.6464, 15.4499, 247.7520, 81.2881, 8.4108, -12.9487, 0.578229, -0.812720, -0.071676, -0.006450, 0.812740, 0.581473, -0.036629, 0.009304, 0.071447, -0.037074, 0.996755, 0.172643, 0.000000, 0.000000, 0.000000, 1.000000, 0.071384, -0.037119, 0.996758, 0.241646, -0.578229, 0.812720, 0.071676, 0.015450, -0.812746, -0.581471, 0.036552, 0.247752, 0.000000, 0.000000, 0.000000, 1.000000, 0.000147, 0.101056, -0.994881, 0.081288, -0.998440, -0.055534, -0.005788, 0.008411, -0.055834, 0.993330, 0.100890, -0.012949, 0.000000, 0.000000, 0.000000, 1.000000
-14.9989, -6.4498, 9.3044, 172.6432, 241.6469, 15.4497, 247.7521, 81.2881, 8.4108, -12.9487, 0.578229, -0.812720, -0.071679, -0.006450, 0.812741, 0.581473, -0.036627, 0.009304, 0.071447, -0.037078, 0.996755, 0.172643, 0.000000, 0.000000, 0.000000, 1.000000, 0.071383, -0.037122, 0.996758, 0.241647, -0.578229, 0.812720, 0.071678, 0.015450, -0.812746, -0.581471, 0.036550, 0.247752, 0.000000, 0.000000, 0.000000, 1.000000, 0.000147, 0.101056, -0.994881, 0.081288, -0.998440, -0.055534, -0.005788, 0.008411, -0.055834, 0.993330, 0.100890, -0.012949, 0.000000, 0.000000, 0.000000, 1.000000
-14.9984, -6.4491, 9.3042, 172.6446, 241.6483, 15.4490, 247.7523, 81.2880, 8.4108, -12.9487, 0.578228, -0.812720, -0.071686, -0.006449, 0.812741, 0.581473, -0.036620, 0.009304, 0.071446, -0.037087, 0.996755, 0.172645, 0.000000, 0.000000, 0.000000, 1.000000, 0.071383, -0.037132, 0.996758, 0.241648, -0.578228, 0.812720, 0.071685, 0.015449, -0.812746, -0.581470, 0.036544, 0.247752, 0.000000, 0.000000, 0.000000, 1.000000, 0.000147, 0.101056, -0.994881, 0.081288, -0.998440, -0.055534, -0.005788, 0.008411, -0.055834, 0.993330, 0.100890, -0.012949, 0.000000, 0.000000, 0.000000, 1.000000
-14.9977, -6.4483, 9.3038, 172.6462, 241.6499, 15.4481, 247.7528, 81.2880, 8.4108, -12.9488, 0.578228, -0.812719, -0.071695, -0.006448, 0.812741, 0.581473, -0.036613, 0.009304, 0.071445, -0.037099, 0.996754, 0.172646, 0.000000, 0.000000, 0.000000, 1.000000, 0.071382, -0.037143, 0.996757, 0.241650, -0.578228, 0.812719, 0.071695, 0.015448, -0.812747, -0.581470, 0.036536, 0.247753, 0.000000, 0.000000, 0.000000, 1.000000, 0.000147, 0.101056, -0.994881, 0.081288, -0.998440, -0.055534, -0.005788, 0.008411, -0.055834, 0.993330, 0.100890, -0.012949, 0.000000, 0.000000, 0.000000, 1.000000
-14.9969, -6.4472, 9.3032, 172.6482, 241.6519, 15.4471, 247.7535, 81.2880, 8.4108, -12.9488, 0.578227, -0.812718, -0.071707, -0.006447, 0.812742, 0.581473, -0.036604, 0.009303, 0.071444, -0.037114, 0.996754, 0.172648, 0.000000, 0.000000, 0.000000, 1.000000, 0.071382, -0.037158, 0.996757, 0.241652, -0.578228, 0.812718, 0.071706, 0.015447, -0.812747, -0.581471, 0.036527, 0.247753, 0.000000, 0.000000, 0.000000, 1.000000, 0.000147, 0.101056, -0.994881, 0.081288, -0.998440, -0.055534, -0.005788, 0.008411, -0.055834, 0.993330, 0.100890, -0.012949, 0.000000, 0.000000, 0.000000, 1.000000
-14.9964, -6.4466, 9.3028, 172.6494, 241.6531, 15.4464, 247.7539, 81.2880, 8.4108, -12.9488, 0.578227, -0.812718, -0.071714, -0.006447, 0.812742, 0.581474, -0.036598, 0.009303, 0.071444, -0.037122, 0.996754, 0.172649, 0.000000, 0.000000, 0.000000, 1.000000, 0.071381, -0.037166, 0.996756, 0.241653, -0.578227, 0.812718, 0.071713, 0.015446, -0.812747, -0.581471, 0.036522, 0.247754, 0.000000, 0.000000, 0.000000, 1.000000, 0.000147, 0.101056, -0.994881, 0.081288, -0.998440, -0.055534, -0.005788, 0.008411, -0.055834, 0.993330, 0.100890, -0.012949, 0.000000, 0.000000, 0.000000, 1.000000
-14.9959, -6.4460, 9.3024, 172.6507, 241.6543, 15.4458, 247.7544, 81.2880, 8.4108, -12.9489, 0.578227, -0.812717, -0.071721, -0.006446, 0.812742, 0.581474, -0.036593, 0.009302, 0.071443, -0.037132, 0.996753, 0.172651, 0.000000, 0.000000, 0.000000, 1.000000, 0.071381, -0.037175, 0.996756, 0.241654, -0.578227, 0.812717, 0.071720, 0.015446, -0.812747, -0.581471, 0.036517, 0.247754, 0.000000, 0.000000, 0.000000, 1.000000, 0.000147, 0.101056, -0.994881, 0.081288, -0.998440, -0.055534, -0.005788, 0.008411, -0.055834, 0.993330, 0.100890, -0.012949, 0.000000, 0.000000, 0.000000, 1.000000
-14.9947, -6.4444, 9.3013, 172.6536, 241.6572, 15.4442, 247.7555, 81.2879, 8.4109, -12.9489, 0.578227, -0.812716, -0.071738, -0.006444, 0.812742, 0.581474, -0.036580, 0.009301, 0.071443, -0.037153, 0.996753, 0.172654, 0.000000, 0.000000, 0.000000, 1.000000, 0.071381, -0.037197, 0.996755, 0.241657, -0.578227, 0.812716, 0.071737, 0.015444, -0.812748, -0.581471, 0.036504, 0.247756, 0.000000, 0.000000, 0.000000, 1.000000, 0.000147, 0.101056, -0.994881, 0.081288, -0.998440, -0.055534, -0.005788, 0.008411, -0.055834, 0.993330, 0.100890, -0.012949, 0.000000, 0.000000, 0.000000, 1.000000
-14.9925, -6.4416, 9.2991, 172.6589, 241.6625, 15.4414, 247.7578, 81.2879, 8.4109, -12.9491, 0.578226, -0.812714, -0.071770, -0.006442, 0.812742, 0.581475, -0.036556, 0.009299, 0.071442, -0.037193, 0.996751, 0.172659, 0.000000, 0.000000, 0.000000, 1.000000, 0.071380, -0.037236, 0.996754, 0.241662, -0.578226, 0.812714, 0.071769, 0.015441, -0.812748, -0.581472, 0.036481, 0.247758, 0.000000, 0.000000, 0.000000, 1.000000, 0.000147, 0.101056, -0.994881, 0.081288, -0.998440, -0.055534, -0.005788, 0.008411, -0.055834, 0.993330, 0.100890, -0.012949, 0.000000, 0.000000, 0.000000, 1.000000
-14.9907, -6.4393, 9.2973, 172.6631, 241.6667, 15.4392, 247.7597, 81.2878, 8.4109, -12.9492, 0.578226, -0.812712, -0.071795, -0.006439, 0.812743, 0.581476, -0.036538, 0.009297, 0.071442, -0.037224, 0.996750, 0.172663, 0.000000, 0.000000, 0.000000, 1.000000, 0.071380, -0.037267, 0.996753, 0.241667, -0.578226, 0.812712, 0.071794, 0.015439, -0.812748, -0.581473, 0.036463, 0.247760, 0.000000, 0.000000, 0.000000, 1.000000, 0.000147, 0.101056, -0.994881, 0.081288, -0.998440, -0.055534, -0.005788, 0.008411, -0.055834, 0.993330, 0.100890, -0.012949, 0.000000, 0.000000, 0.000000, 1.000000
-14.9897, -6.4381, 9.2963, 172.6654, 241.6690, 15.4379, 247.7607, 81.2878, 8.4109, -12.9492, 0.578226, -0.812710, -0.071809, -0.006438, 0.812743, 0.581476, -0.036527, 0.009296, 0.071442, -0.037242, 0.996749, 0.172665, 0.000000, 0.000000, 0.000000, 1.000000, 0.071380, -0.037284, 0.996752, 0.241669, -0.578226, 0.812710, 0.071809, 0.015438, -0.812748, -0.581474, 0.036453, 0.247761, 0.000000, 0.000000, 0.000000, 1.000000, 0.000147, 0.101056, -0.994881, 0.081288, -0.998440, -0.055534, -0.005788, 0.008411, -0.055834, 0.993330, 0.100890, -0.012949, 0.000000, 0.000000, 0.000000, 1.000000
-14.9875, -6.4353, 9.2940, 172.6706, 241.6741, 15.4352, 247.7631, 81.2877, 8.4109, -12.9494, 0.578226, -0.812708, -0.071841, -0.006435, 0.812743, 0.581478, -0.036504, 0.009294, 0.071441, -0.037280, 0.996748, 0.172671, 0.000000, 0.000000, 0.000000, 1.000000, 0.071380, -0.037323, 0.996751, 0.241674, -0.578226, 0.812708, 0.071840, 0.015435, -0.812748, -0.581475, 0.036430, 0.247763, 0.000000, 0.000000, 0.000000, 1.000000, 0.000147, 0.101056, -0.994881, 0.081288, -0.998440, -0.055534, -0.005788, 0.008411, -0.055834, 0.993330, 0.100890, -0.012949, 0.000000, 0.000000, 0.000000, 1.000000
-14.9849, -6.4322, 9.2914, 172.6764, 241.6800, 15.4320, 247.7658, 81.2877, 8.4109, -12.9495, 0.578225, -0.812705, -0.071876, -0.006432, 0.812743, 0.581479, -0.036479, 0.009291, 0.071441, -0.037324, 0.996746, 0.172676, 0.000000, 0.000000, 0.000000, 1.000000, 0.071380, -0.037366, 0.996749, 0.241680, -0.578225, 0.812705, 0.071875, 0.015432, -0.812749, -0.581476, 0.036405, 0.247766, 0.000000, 0.000000, 0.000000, 1.000000, 0.000147, 0.101056, -0.994881, 0.081288, -0.998440, -0.055534, -0.005788, 0.008411, -0.055834, 0.993330, 0.100890, -0.012950, 0.000000, 0.000000, 0.000000, 1.000000
-14.9821, -6.4287, 9.2884, 172.6829, 241.6865, 15.4286, 247.7688, 81.2876, 8.4109, -12.9497, 0.578225, -0.812701, -0.071916, -0.006429, 0.812743, 0.581481, -0.036450, 0.009288, 0.071441, -0.037373, 0.996744, 0.172683, 0.000000, 0.000000, 0.000000, 1.000000, 0.071380, -0.037415, 0.996747, 0.241686, -0.578225, 0.812702, 0.071915, 0.015429, -0.812749, -0.581478, 0.036377, 0.247769, 0.000000, 0.000000, 0.000000, 1.000000, 0.000147, 0.101056, -0.994881, 0.081288, -0.998440, -0.055534, -0.005788, 0.008411, -0.055834, 0.993330, 0.100890, -0.012950, 0.000000, 0.000000, 0.000000, 1.000000
-14.9821, -6.4287, 9.2884, 172.6829, 241.6865, 15.4286, 247.7688, 81.2876, 8.4109, -12.9497, 0.578225, -0.812701, -0.071916, -0.006429, 0.812743, 0.581481, -0.036450, 0.009288, 0.071441, -0.037373, 0.996744, 0.172683, 0.000000, 0.000000, 0.000000, 1.000000, 0.071380, -0.037415, 0.996747, 0.241686, -0.578225, 0.812702, 0.071915, 0.015429, -0.812749, -0.581478, 0.036377, 0.247769, 0.000000, 0.000000, 0.000000, 1.000000, 0.000147, 0.101056, -0.994881, 0.081288, -0.998440, -0.055534, -0.005788, 0.008411, -0.055834, 0.993330, 0.100890, -0.012950, 0.000000, 0.000000, 0.000000, 1.000000
-14.9790, -6.4249, 9.2851, 172.6901, 241.6937, 15.4247, 247.7722, 81.2875, 8.4109, -12.9499, 0.578225, -0.812698, -0.071960, -0.006425, 0.812744, 0.581482, -0.036418, 0.009285, 0.071441, -0.037427, 0.996742, 0.172690, 0.000000, 0.000000, 0.000000, 1.000000, 0.071381, -0.037469, 0.996745, 0.241694, -0.578225, 0.812698, 0.071959, 0.015425, -0.812749, -0.581480, 0.036345, 0.247772, 0.000000, 0.000000, 0.000000, 1.000000, 0.000147, 0.101056, -0.994881, 0.081288, -0.998440, -0.055534, -0.005788, 0.008411, -0.055834, 0.993330, 0.100890, -0.012950, 0.000000, 0.000000, 0.000000, 1.000000
-14.9756, -6.4206, 9.2814, 172.6981, 241.7016, 15.4204, 247.7760, 81.2874, 8.4109, -12.9501, 0.578225, -0.812694, -0.072009, -0.006421, 0.812744, 0.581484, -0.036384, 0.009281, 0.071441, -0.037487, 0.996740, 0.172698, 0.000000, 0.000000, 0.000000, 1.000000, 0.071381, -0.037529, 0.996743, 0.241702, -0.578225, 0.812694, 0.072008, 0.015420, -0.812749, -0.581482, 0.036311, 0.247776, 0.000000, 0.000000, 0.000000, 1.000000, 0.000147, 0.101056, -0.994881, 0.081287, -0.998440, -0.055534, -0.005788, 0.008411, -0.055834, 0.993330, 0.100890, -0.012950, 0.000000, 0.000000, 0.000000, 1.000000
-14.9718, -6.4160, 9.2773, 172.7068, 241.7103, 15.4158, 247.7801, 81.2873, 8.4109, -12.9503, 0.578225, -0.812689, -0.072062, -0.006416, 0.812744, 0.581487, -0.036345, 0.009277, 0.071441, -0.037552, 0.996738, 0.172707, 0.000000, 0.000000, 0.000000, 1.000000, 0.071381, -0.037594, 0.996740, 0.241710, -0.578225, 0.812689, 0.072061, 0.015416, -0.812749, -0.581484, 0.036273, 0.247780, 0.000000, 0.000000, 0.000000, 1.000000, 0.000147, 0.101056, -0.994881, 0.081287, -0.998440, -0.055534, -0.005789, 0.008411, -0.055834, 0.993330, 0.100890, -0.012950, 0.000000, 0.000000, 0.000000, 1.000000
-14.9698, -6.4135, 9.2752, 172.7114, 241.7149, 15.4133, 247.7823, 81.2873, 8.4110, -12.9504, 0.578225, -0.812686, -0.072090, -0.006414, 0.812744, 0.581488, -0.036325, 0.009275, 0.071441, -0.037587, 0.996736, 0.172711, 0.000000, 0.000000, 0.000000, 1.000000, 0.071381, -0.037628, 0.996739, 0.241715, -0.578225, 0.812686, 0.072089, 0.015413, -0.812749, -0.581485, 0.036253, 0.247782, 0.000000, 0.000000, 0.000000, 1.000000, 0.000147, 0.101056, -0.994881, 0.081287, -0.998440, -0.055534, -0.005789, 0.008411, -0.055834, 0.993330, 0.100890, -0.012950, 0.000000, 0.000000, 0.000000, 1.000000
-14.9656, -6.4083, 9.2706, 172.7212, 241.7247, 15.4081, 247.7870, 81.2872, 8.4110, -12.9507, 0.578225, -0.812681, -0.072150, -0.006408, 0.812744, 0.581490, -0.036282, 0.009271, 0.071441, -0.037661, 0.996734, 0.172721, 0.000000, 0.000000, 0.000000, 1.000000, 0.071382, -0.037702, 0.996736, 0.241725, -0.578225, 0.812681, 0.072150, 0.015408, -0.812749, -0.581488, 0.036210, 0.247787, 0.000000, 0.000000, 0.000000, 1.000000, 0.000147, 0.101056, -0.994881, 0.081287, -0.998440, -0.055534, -0.005789, 0.008411, -0.055834, 0.993330, 0.100890, -0.012951, 0.000000, 0.000000, 0.000000, 1.000000
-14.9633, -6.4055, 9.2682, 172.7264, 241.7299, 15.4053, 247.7895, 81.2871, 8.4110, -12.9508, 0.578225, -0.812678, -0.072182, -0.006406, 0.812744, 0.581492, -0.036259, 0.009268, 0.071441, -0.037699, 0.996732, 0.172726, 0.000000, 0.000000, 0.000000, 1.000000, 0.071382, -0.037741, 0.996735, 0.241730, -0.578225, 0.812678, 0.072181, 0.015405, -0.812749, -0.581489, 0.036188, 0.247789, 0.000000, 0.000000, 0.000000, 1.000000, 0.000147, 0.101056, -0.994881, 0.081287, -0.998440, -0.055534, -0.005789, 0.008411, -0.055834, 0.993330, 0.100890, -0.012951, 0.000000, 0.000000, 0.000000, 1.000000
-14.9586, -6.3997, 9.2630, 172.7374, 241.7408, 15.3995, 247.7947, 81.2870, 8.4110, -12.9511, 0.578224, -0.812672, -0.072249, -0.006400, 0.812744, 0.581495, -0.036212, 0.009263, 0.071441, -0.037782, 0.996729, 0.172737, 0.000000, 0.000000, 0.000000, 1.000000, 0.071382, -0.037823, 0.996732, 0.241741, -0.578224, 0.812673, 0.072248, 0.015399, -0.812749, -0.581492, 0.036140, 0.247795, 0.000000, 0.000000, 0.000000, 1.000000, 0.000147, 0.101056, -0.994881, 0.081287, -0.998440, -0.055534, -0.005789, 0.008411, -0.055834, 0.993330, 0.100890, -0.012951, 0.000000, 0.000000, 0.000000, 1.000000
-14.9536, -6.3935, 9.2575, 172.7490, 241.7525, 15.3933, 247.8002, 81.2868, 8.4110, -12.9514, 0.578224, -0.812666, -0.072321, -0.006393, 0.812744, 0.581498, -0.036161, 0.009258, 0.071441, -0.037869, 0.996726, 0.172749, 0.000000, 0.000000, 0.000000, 1.000000, 0.071382, -0.037910, 0.996728, 0.241752, -0.578224, 0.812666, 0.072320, 0.015393, -0.812749, -0.581495, 0.036090, 0.247800, 0.000000, 0.000000, 0.000000, 1.000000, 0.000147, 0.101056, -0.994881, 0.081287, -0.998440, -0.055534, -0.005789, 0.008411, -0.055834, 0.993330, 0.100890, -0.012951, 0.000000, 0.000000, 0.000000, 1.000000
-14.9509, -6.3902, 9.2547, 172.7551, 241.7585, 15.3901, 247.8031, 81.2868, 8.4110, -12.9516, 0.578224, -0.812663, -0.072358, -0.006390, 0.812744, 0.581499, -0.036134, 0.009255, 0.071441, -0.037915, 0.996724, 0.172755, 0.000000, 0.000000, 0.000000, 1.000000, 0.071383, -0.037956, 0.996727, 0.241759, -0.578224, 0.812663, 0.072357, 0.015390, -0.812749, -0.581497, 0.036063, 0.247803, 0.000000, 0.000000, 0.000000, 1.000000, 0.000147, 0.101056, -0.994881, 0.081287, -0.998440, -0.055534, -0.005789, 0.008411, -0.055834, 0.993330, 0.100890, -0.012952, 0.000000, 0.000000, 0.000000, 1.000000
-14.9455, -6.3835, 9.2487, 172.7679, 241.7712, 15.3833, 247.8092, 81.2866, 8.4110, -12.9519, 0.578224, -0.812656, -0.072436, -0.006383, 0.812744, 0.581503, -0.036078, 0.009249, 0.071441, -0.038010, 0.996720, 0.172768, 0.000000, 0.000000, 0.000000, 1.000000, 0.071383, -0.038051, 0.996723, 0.241771, -0.578224, 0.812656, 0.072435, 0.015383, -0.812749, -0.581500, 0.036008, 0.247809, 0.000000, 0.000000, 0.000000, 1.000000, 0.000147, 0.101056, -0.994881, 0.081287, -0.998440, -0.055534, -0.005789, 0.008411, -0.055834, 0.993330, 0.100890, -0.012952, 0.000000, 0.000000, 0.000000, 1.000000
-14.9426, -6.3800, 9.2456, 172.7745, 241.7779, 15.3798, 247.8123, 81.2865, 8.4111, -12.9521, 0.578224, -0.812652, -0.072476, -0.006380, 0.812744, 0.581505, -0.036049, 0.009246, 0.071441, -0.038060, 0.996718, 0.172774, 0.000000, 0.000000, 0.000000, 1.000000, 0.071383, -0.038100, 0.996721, 0.241778, -0.578224, 0.812652, 0.072475, 0.015380, -0.812749, -0.581502, 0.035979, 0.247812, 0.000000, 0.000000, 0.000000, 1.000000, 0.000147, 0.101056, -0.994881, 0.081287, -0.998440, -0.055534, -0.005789, 0.008411, -0.055834, 0.993330, 0.100890, -0.012952, 0.000000, 0.000000, 0.000000, 1.000000
-14.9336, -6.3688, 9.2358, 172.7954, 241.7988, 15.3687, 247.8223, 81.2863, 8.4111, -12.9526, 0.578224, -0.812641, -0.072604, -0.006369, 0.812744, 0.581510, -0.035958, 0.009236, 0.071441, -0.038217, 0.996712, 0.172795, 0.000000, 0.000000, 0.000000, 1.000000, 0.071384, -0.038257, 0.996715, 0.241799, -0.578224, 0.812641, 0.072603, 0.015369, -0.812749, -0.581508, 0.035888, 0.247822, 0.000000, 0.000000, 0.000000, 1.000000, 0.000147, 0.101056, -0.994881, 0.081286, -0.998440, -0.055534, -0.005789, 0.008411, -0.055834, 0.993330, 0.100890, -0.012953, 0.000000, 0.000000, 0.000000, 1.000000
-14.9272, -6.3610, 9.2289, 172.8102, 241.8135, 15.3609, 247.8292, 81.2861, 8.4111, -12.9530, 0.578224, -0.812633, -0.072694, -0.006361, 0.812744, 0.581514, -0.035893, 0.009229, 0.071441, -0.038327, 0.996708, 0.172810, 0.000000, 0.000000, 0.000000, 1.000000, 0.071384, -0.038367, 0.996711, 0.241814, -0.578224, 0.812633, 0.072693, 0.015361, -0.812749, -0.581512, 0.035824, 0.247829, 0.000000, 0.000000, 0.000000, 1.000000, 0.000147, 0.101056, -0.994881, 0.081286, -0.998440, -0.055534, -0.005789, 0.008411, -0.055834, 0.993330, 0.100890, -0.012953, 0.000000, 0.000000, 0.000000, 1.000000
-14.9206, -6.3524, 9.2242, 172.8270, 241.8304, 15.3523, 247.8340, 81.2860, 8.4111, -12.9534, 0.578223, -0.812626, -0.072787, -0.006352, 0.812746, 0.581517, -0.035818, 0.009224, 0.071433, -0.038447, 0.996704, 0.172827, 0.000000, 0.000000, 0.000000, 1.000000, 0.071376, -0.038487, 0.996707, 0.241830, -0.578223, 0.812626, 0.072787, 0.015352, -0.812751, -0.581514, 0.035748, 0.247834, 0.000000, 0.000000, 0.000000, 1.000000, 0.000147, 0.101056, -0.994881, 0.081286, -0.998440, -0.055534, -0.005789, 0.008411, -0.055834, 0.993330, 0.100890, -0.012953, 0.000000, 0.000000, 0.000000, 1.000000
-14.9137, -6.3431, 9.2214, 172.8458, 241.8491, 15.3430, 247.8368, 81.2858, 8.4112, -12.9538, 0.578220, -0.812619, -0.072884, -0.006343, 0.812749, 0.581517, -0.035731, 0.009221, 0.071419, -0.038576, 0.996700, 0.172846, 0.000000, 0.000000, 0.000000, 1.000000, 0.071362, -0.038615, 0.996703, 0.241849, -0.578220, 0.812619, 0.072883, 0.015343, -0.812754, -0.581515, 0.035662, 0.247837, 0.000000, 0.000000, 0.000000, 1.000000, 0.000147, 0.101056, -0.994881, 0.081286, -0.998440, -0.055534, -0.005789, 0.008411, -0.055834, 0.993330, 0.100890, -0.012954, 0.000000, 0.000000, 0.000000, 1.000000
-14.9102, -6.3384, 9.2198, 172.8553, 241.8586, 15.3382, 247.8384, 81.2857, 8.4112, -12.9541, 0.578219, -0.812615, -0.072934, -0.006338, 0.812750, 0.581518, -0.035688, 0.009220, 0.071413, -0.038641, 0.996698, 0.172855, 0.000000, 0.000000, 0.000000, 1.000000, 0.071356, -0.038681, 0.996701, 0.241859, -0.578219, 0.812615, 0.072933, 0.015338, -0.812755, -0.581515, 0.035619, 0.247838, 0.000000, 0.000000, 0.000000, 1.000000, 0.000147, 0.101056, -0.994881, 0.081286, -0.998440, -0.055534, -0.005789, 0.008411, -0.055834, 0.993330, 0.100890, -0.012954, 0.000000, 0.000000, 0.000000, 1.000000
-14.9030, -6.3288, 9.2159, 172.8745, 241.8778, 15.3287, 247.8423, 81.2855, 8.4112, -12.9545, 0.578217, -0.812608, -0.073035, -0.006329, 0.812753, 0.581520, -0.035601, 0.009216, 0.071401, -0.038774, 0.996694, 0.172875, 0.000000, 0.000000, 0.000000, 1.000000, 0.071344, -0.038814, 0.996696, 0.241878, -0.578217, 0.812608, 0.073034, 0.015329, -0.812758, -0.581517, 0.035532, 0.247842, 0.000000, 0.000000, 0.000000, 1.000000, 0.000147, 0.101056, -0.994881, 0.081285, -0.998440, -0.055534, -0.005789, 0.008411, -0.055834, 0.993330, 0.100890, -0.012954, 0.000000, 0.000000, 0.000000, 1.000000
-14.8993, -6.3240, 9.2137, 172.8842, 241.8875, 15.3238, 247.8445, 81.2854, 8.4112, -12.9547, 0.578216, -0.812604, -0.073087, -0.006324, 0.812754, 0.581521, -0.035557, 0.009214, 0.071396, -0.038842, 0.996692, 0.172884, 0.000000, 0.000000, 0.000000, 1.000000, 0.071339, -0.038882, 0.996694, 0.241887, -0.578216, 0.812604, 0.073086, 0.015324, -0.812759, -0.581518, 0.035488, 0.247845, 0.000000, 0.000000, 0.000000, 1.000000, 0.000147, 0.101056, -0.994881, 0.081285, -0.998440, -0.055534, -0.005789, 0.008411, -0.055834, 0.993330, 0.100890, -0.012955, 0.000000, 0.000000, 0.000000, 1.000000
-14.8918, -6.3142, 9.2087, 172.9036, 241.9069, 15.3140, 247.8495, 81.2852, 8.4112, -12.9552, 0.578214, -0.812596, -0.073193, -0.006314, 0.812756, 0.581523, -0.035470, 0.009209, 0.071386, -0.038979, 0.996687, 0.172904, 0.000000, 0.000000, 0.000000, 1.000000, 0.071329, -0.039018, 0.996689, 0.241907, -0.578214, 0.812596, 0.073192, 0.015314, -0.812761, -0.581520, 0.035401, 0.247850, 0.000000, 0.000000, 0.000000, 1.000000, 0.000147, 0.101056, -0.994881, 0.081285, -0.998440, -0.055534, -0.005789, 0.008411, -0.055834, 0.993330, 0.100890, -0.012955, 0.000000, 0.000000, 0.000000, 1.000000
-14.8880, -6.3093, 9.2059, 172.9133, 241.9166, 15.3091, 247.8523, 81.2851, 8.4113, -12.9554, 0.578213, -0.812592, -0.073247, -0.006309, 0.812757, 0.581524, -0.035427, 0.009206, 0.071382, -0.039048, 0.996684, 0.172913, 0.000000, 0.000000, 0.000000, 1.000000, 0.071325, -0.039087, 0.996687, 0.241917, -0.578213, 0.812592, 0.073246, 0.015309, -0.812762, -0.581521, 0.035358, 0.247852, 0.000000, 0.000000, 0.000000, 1.000000, 0.000148, 0.101056, -0.994881, 0.081285, -0.998440, -0.055533, -0.005789, 0.008411, -0.055834, 0.993330, 0.100890, -0.012955, 0.000000, 0.000000, 0.000000, 1.000000
-14.8803, -6.2993, 9.1999, 172.9329, 241.9362, 15.2991, 247.8583, 81.2849, 8.4113, -12.9559, 0.578211, -0.812583, -0.073356, -0.006299, 0.812759, 0.581527, -0.035340, 0.009200, 0.071375, -0.039187, 0.996679, 0.172933, 0.000000, 0.000000, 0.000000, 1.000000, 0.071318, -0.039227, 0.996682, 0.241936, -0.578211, 0.812583, 0.073356, 0.015299, -0.812764, -0.581524, 0.035271, 0.247858, 0.000000, 0.000000, 0.000000, 1.000000, 0.000148, 0.101056, -0.994881, 0.081285, -0.998440, -0.055533, -0.005789, 0.008411, -0.055834, 0.993330, 0.100890, -0.012956, 0.000000, 0.000000, 0.000000, 1.000000
-14.8724, -6.2893, 9.1932, 172.9525, 241.9558, 15.2891, 247.8650, 81.2847, 8.4113, -12.9563, 0.578210, -0.812574, -0.073468, -0.006289, 0.812761, 0.581530, -0.035253, 0.009193, 0.071370, -0.039328, 0.996674, 0.172952, 0.000000, 0.000000, 0.000000, 1.000000, 0.071313, -0.039368, 0.996677, 0.241956, -0.578210, 0.812574, 0.073467, 0.015289, -0.812765, -0.581528, 0.035184, 0.247865, 0.000000, 0.000000, 0.000000, 1.000000, 0.000148, 0.101056, -0.994881, 0.081285, -0.998440, -0.055533, -0.005789, 0.008411, -0.055834, 0.993330, 0.100890, -0.012956, 0.000000, 0.000000, 0.000000, 1.000000
-14.8684, -6.2842, 9.1896, 172.9623, 241.9656, 15.2841, 247.8686, 81.2845, 8.4113, -12.9566, 0.578209, -0.812569, -0.073525, -0.006284, 0.812761, 0.581532, -0.035210, 0.009190, 0.071368, -0.039399, 0.996672, 0.172962, 0.000000, 0.000000, 0.000000, 1.000000, 0.071311, -0.039439, 0.996674, 0.241966, -0.578209, 0.812569, 0.073524, 0.015284, -0.812766, -0.581529, 0.035141, 0.247869, 0.000000, 0.000000, 0.000000, 1.000000, 0.000148, 0.101056, -0.994881, 0.081285, -0.998440, -0.055533, -0.005789, 0.008411, -0.055834, 0.993330, 0.100890, -0.012957, 0.000000, 0.000000, 0.000000, 1.000000
-14.8603, -6.2741, 9.1820, 172.9819, 241.9853, 15.2739, 247.8762, 81.2843, 8.4114, -12.9571, 0.578208, -0.812559, -0.073639, -0.006274, 0.812762, 0.581536, -0.035124, 0.009182, 0.071364, -0.039542, 0.996666, 0.172982, 0.000000, 0.000000, 0.000000, 1.000000, 0.071308, -0.039582, 0.996669, 0.241985, -0.578209, 0.812559, 0.073639, 0.015274, -0.812767, -0.581533, 0.035055, 0.247876, 0.000000, 0.000000, 0.000000, 1.000000, 0.000148, 0.101056, -0.994881, 0.081284, -0.998440, -0.055533, -0.005789, 0.008411, -0.055834, 0.993330, 0.100890, -0.012957, 0.000000, 0.000000, 0.000000, 1.000000
-14.8562, -6.2690, 9.1780, 172.9917, 241.9951, 15.2688, 247.8803, 81.2842, 8.4114, -12.9573, 0.578208, -0.812554, -0.073697, -0.006269, 0.812762, 0.581538, -0.035081, 0.009178, 0.071363, -0.039614, 0.996663, 0.172992, 0.000000, 0.000000, 0.000000, 1.000000, 0.071307, -0.039654, 0.996666, 0.241995, -0.578208, 0.812554, 0.073697, 0.015269, -0.812767, -0.581535, 0.035012, 0.247880, 0.000000, 0.000000, 0.000000, 1.000000, 0.000148, 0.101056, -0.994881, 0.081284, -0.998440, -0.055533, -0.005789, 0.008411, -0.055834, 0.993330, 0.100890, -0.012957, 0.000000, 0.000000, 0.000000, 1.000000
-14.8521, -6.2639, 9.1738, 173.0015, 242.0049, 15.2638, 247.8844, 81.2841, 8.4114, -12.9576, 0.578208, -0.812549, -0.073756, -0.006264, 0.812763, 0.581540, -0.035039, 0.009174, 0.071362, -0.039686, 0.996661, 0.173002, 0.000000, 0.000000, 0.000000, 1.000000, 0.071306, -0.039726, 0.996663, 0.242005, -0.578208, 0.812549, 0.073755, 0.015264, -0.812768, -0.581538, 0.034970, 0.247884, 0.000000, 0.000000, 0.000000, 1.000000, 0.000148, 0.101056, -0.994881, 0.081284, -0.998440, -0.055533, -0.005789, 0.008411, -0.055834, 0.993330, 0.100890, -0.012958, 0.000000, 0.000000, 0.000000, 1.000000
-14.8439, -6.2537, 9.1651, 173.0211, 242.0244, 15.2536, 247.8931, 81.2839, 8.4114, -12.9581, 0.578208, -0.812539, -0.073873, -0.006254, 0.812763, 0.581545, -0.034954, 0.009165, 0.071362, -0.039830, 0.996655, 0.173021, 0.000000, 0.000000, 0.000000, 1.000000, 0.071305, -0.039870, 0.996657, 0.242024, -0.578208, 0.812539, 0.073872, 0.015254, -0.812768, -0.581542, 0.034885, 0.247893, 0.000000, 0.000000, 0.000000, 1.000000, 0.000148, 0.101056, -0.994881, 0.081284, -0.998440, -0.055533, -0.005789, 0.008411, -0.055834, 0.993330, 0.100890, -0.012958, 0.000000, 0.000000, 0.000000, 1.000000
-14.8355, -6.2436, 9.1560, 173.0405, 242.0438, 15.2434, 247.9023, 81.2837, 8.4114, -12.9586, 0.578207, -0.812528, -0.073991, -0.006244, 0.812763, 0.581550, -0.034870, 0.009156, 0.071362, -0.039975, 0.996649, 0.173040, 0.000000, 0.000000, 0.000000, 1.000000, 0.071306, -0.040014, 0.996652, 0.242044, -0.578207, 0.812528, 0.073990, 0.015243, -0.812768, -0.581547, 0.034801, 0.247902, 0.000000, 0.000000, 0.000000, 1.000000, 0.000148, 0.101056, -0.994881, 0.081284, -0.998440, -0.055533, -0.005789, 0.008411, -0.055834, 0.993330, 0.100890, -0.012959, 0.000000, 0.000000, 0.000000, 1.000000
-14.8272, -6.2334, 9.1465, 173.0598, 242.0631, 15.2332, 247.9118, 81.2834, 8.4115, -12.9591, 0.578207, -0.812517, -0.074110, -0.006233, 0.812763, 0.581555, -0.034787, 0.009147, 0.071364, -0.040119, 0.996643, 0.173060, 0.000000, 0.000000, 0.000000, 1.000000, 0.071308, -0.040159, 0.996646, 0.242063, -0.578208, 0.812517, 0.074109, 0.015233, -0.812768, -0.581553, 0.034719, 0.247912, 0.000000, 0.000000, 0.000000, 1.000000, 0.000148, 0.101056, -0.994881, 0.081283, -0.998440, -0.055533, -0.005789, 0.008411, -0.055834, 0.993330, 0.100890, -0.012959, 0.000000, 0.000000, 0.000000, 1.000000
-14.8230, -6.2284, 9.1416, 173.0694, 242.0727, 15.2282, 247.9167, 81.2833, 8.4115, -12.9593, 0.578208, -0.812511, -0.074169, -0.006228, 0.812763, 0.581558, -0.034746, 0.009142, 0.071365, -0.040191, 0.996640, 0.173069, 0.000000, 0.000000, 0.000000, 1.000000, 0.071309, -0.040231, 0.996643, 0.242073, -0.578208, 0.812512, 0.074168, 0.015228, -0.812767, -0.581555, 0.034678, 0.247917, 0.000000, 0.000000, 0.000000, 1.000000, 0.000148, 0.101056, -0.994881, 0.081283, -0.998440, -0.055533, -0.005789, 0.008411, -0.055834, 0.993330, 0.100890, -0.012959, 0.000000, 0.000000, 0.000000, 1.000000
-14.8063, -6.2083, 9.1214, 173.1074, 242.1107, 15.2081, 247.9369, 81.2829, 8.4115, -12.9603, 0.578209, -0.812489, -0.074407, -0.006208, 0.812761, 0.581569, -0.034584, 0.009121, 0.071372, -0.040478, 0.996628, 0.173107, 0.000000, 0.000000, 0.000000, 1.000000, 0.071316, -0.040518, 0.996631, 0.242111, -0.578209, 0.812489, 0.074406, 0.015208, -0.812766, -0.581567, 0.034516, 0.247937, 0.000000, 0.000000, 0.000000, 1.000000, 0.000148, 0.101056, -0.994881, 0.081283, -0.998440, -0.055533, -0.005789, 0.008412, -0.055834, 0.993330, 0.100890, -0.012960, 0.000000, 0.000000, 0.000000, 1.000000
-14.8022, -6.2033, 9.1163, 173.1167, 242.1200, 15.2031, 247.9421, 81.2828, 8.4116, -12.9606, 0.578209, -0.812483, -0.074466, -0.006203, 0.812761, 0.581572, -0.034544, 0.009116, 0.071374, -0.040549, 0.996625, 0.173117, 0.000000, 0.000000, 0.000000, 1.000000, 0.071318, -0.040588, 0.996627, 0.242120, -0.578209, 0.812483, 0.074465, 0.015203, -0.812766, -0.581570, 0.034476, 0.247942, 0.000000, 0.000000, 0.000000, 1.000000, 0.000148, 0.101056, -0.994881, 0.081283, -0.998440, -0.055533, -0.005789, 0.008412, -0.055834, 0.993330, 0.100890, -0.012961, 0.000000, 0.000000, 0.000000, 1.000000
-14.7939, -6.1930, 9.1084, 173.1367, 242.1400, 15.1928, 247.9500, 81.2826, 8.4116, -12.9611, 0.578208, -0.812473, -0.074583, -0.006193, 0.812762, 0.581577, -0.034457, 0.009108, 0.071371, -0.040695, 0.996619, 0.173137, 0.000000, 0.000000, 0.000000, 1.000000, 0.071315, -0.040734, 0.996622, 0.242140, -0.578208, 0.812473, 0.074582, 0.015193, -0.812767, -0.581574, 0.034389, 0.247950, 0.000000, 0.000000, 0.000000, 1.000000, 0.000148, 0.101056, -0.994881, 0.081283, -0.998440, -0.055533, -0.005789, 0.008412, -0.055834, 0.993330, 0.100890, -0.012961, 0.000000, 0.000000, 0.000000, 1.000000
-14.7857, -6.1824, 9.1025, 173.1578, 242.1611, 15.1822, 247.9558, 81.2823, 8.4116, -12.9616, 0.578206, -0.812464, -0.074699, -0.006182, 0.812764, 0.581579, -0.034363, 0.009103, 0.071362, -0.040844, 0.996614, 0.173158, 0.000000, 0.000000, 0.000000, 1.000000, 0.071306, -0.040883, 0.996616, 0.242161, -0.578206, 0.812464, 0.074698, 0.015182, -0.812769, -0.581576, 0.034294, 0.247956, 0.000000, 0.000000, 0.000000, 1.000000, 0.000148, 0.101056, -0.994881, 0.081282, -0.998440, -0.055533, -0.005789, 0.008412, -0.055834, 0.993330, 0.100890, -0.012962, 0.000000, 0.000000, 0.000000, 1.000000
-14.7816, -6.1772, 9.0994, 173.1681, 242.1714, 15.1770, 247.9589, 81.2822, 8.4116, -12.9618, 0.578205, -0.812459, -0.074757, -0.006177, 0.812765, 0.581581, -0.034317, 0.009099, 0.071358, -0.040917, 0.996611, 0.173168, 0.000000, 0.000000, 0.000000, 1.000000, 0.071302, -0.040957, 0.996614, 0.242171, -0.578206, 0.812459, 0.074756, 0.015177, -0.812770, -0.581578, 0.034248, 0.247959, 0.000000, 0.000000, 0.000000, 1.000000, 0.000148, 0.101056, -0.994881, 0.081282, -0.998440, -0.055533, -0.005789, 0.008412, -0.055834, 0.993330, 0.100890, -0.012962, 0.000000, 0.000000, 0.000000, 1.000000
-14.7735, -6.1669, 9.0928, 173.1884, 242.1917, 15.1667, 247.9654, 81.2820, 8.4117, -12.9623, 0.578204, -0.812450, -0.074871, -0.006167, 0.812766, 0.581584, -0.034228, 0.009093, 0.071352, -0.041062, 0.996606, 0.173188, 0.000000, 0.000000, 0.000000, 1.000000, 0.071295, -0.041102, 0.996608, 0.242192, -0.578204, 0.812450, 0.074870, 0.015167, -0.812771, -0.581581, 0.034159, 0.247965, 0.000000, 0.000000, 0.000000, 1.000000, 0.000148, 0.101056, -0.994881, 0.081282, -0.998440, -0.055533, -0.005789, 0.008412, -0.055834, 0.993330, 0.100890, -0.012962, 0.000000, 0.000000, 0.000000, 1.000000
-14.7695, -6.1619, 9.0893, 173.1983, 242.2016, 15.1617, 247.9689, 81.2819, 8.4117, -12.9626, 0.578204, -0.812445, -0.074928, -0.006162, 0.812767, 0.581585, -0.034184, 0.009089, 0.071350, -0.041133, 0.996603, 0.173198, 0.000000, 0.000000, 0.000000, 1.000000, 0.071293, -0.041173, 0.996605, 0.242202, -0.578204, 0.812445, 0.074927, 0.015162, -0.812772, -0.581583, 0.034115, 0.247969, 0.000000, 0.000000, 0.000000, 1.000000, 0.000148, 0.101056, -0.994881, 0.081282, -0.998440, -0.055533, -0.005789, 0.008412, -0.055834, 0.993330, 0.100890, -0.012963, 0.000000, 0.000000, 0.000000, 1.000000
-14.7616, -6.1519, 9.0820, 173.2177, 242.2210, 15.1518, 247.9762, 81.2817, 8.4117, -12.9631, 0.578203, -0.812435, -0.075040, -0.006152, 0.812768, 0.581589, -0.034100, 0.009082, 0.071346, -0.041274, 0.996597, 0.173218, 0.000000, 0.000000, 0.000000, 1.000000, 0.071289, -0.041314, 0.996600, 0.242221, -0.578203, 0.812435, 0.075039, 0.015152, -0.812773, -0.581586, 0.034030, 0.247976, 0.000000, 0.000000, 0.000000, 1.000000, 0.000148, 0.101056, -0.994881, 0.081282, -0.998440, -0.055533, -0.005789, 0.008412, -0.055834, 0.993330, 0.100890, -0.012963, 0.000000, 0.000000, 0.000000, 1.000000
