# Joint_B_Angle(deg), Cam_X(mm), Cam_Y(mm), Cam_Z(mm), Torso_X(mm), Torso_Y(mm), Torso_Z(mm), EE_X(mm), EE_Y(mm), EE_Z(mm), T_cam2marker_flat(16), T_torso2marker_flat(16), T_ee2marker_flat(16)
-19.9998, 54.4925, 103.6467, 402.0130, 471.0086, -45.4927, 153.3848, -1.6960, 71.3777, -60.7024, -0.330852, -0.937248, -0.110015, 0.054492, 0.942600, -0.333802, 0.009043, 0.103647, -0.045199, -0.100708, 0.993889, 0.402013, 0.000000, 0.000000, 0.000000, 1.000000, -0.045287, -0.100677, 0.993888, 0.471009, 0.330852, 0.937248, 0.110014, -0.045493, -0.942596, 0.333812, -0.009136, 0.153385, 0.000000, 0.000000, 0.000000, 1.000000, 0.997819, 0.003752, 0.065901, -0.001696, 0.065989, -0.080678, -0.994553, 0.071378, 0.001586, 0.996733, -0.080749, -0.060702, 0.000000, 0.000000, 0.000000, 1.000000
-19.9998, 54.4925, 103.6475, 402.0132, 471.0088, -45.4928, 153.3839, -1.6960, 71.3777, -60.7024, -0.330852, -0.937248, -0.110016, 0.054492, 0.942600, -0.333803, 0.009045, 0.103647, -0.045200, -0.100708, 0.993889, 0.402013, 0.000000, 0.000000, 0.000000, 1.000000, -0.045289, -0.100676, 0.993888, 0.471009, 0.330852, 0.937248, 0.110015, -0.045493, -0.942595, 0.333812, -0.009138, 0.153384, 0.000000, 0.000000, 0.000000, 1.000000, 0.997819, 0.003752, 0.065901, -0.001696, 0.065989, -0.080678, -0.994553, 0.071378, 0.001586, 0.996733, -0.080749, -0.060702, 0.000000, 0.000000, 0.000000, 1.000000
-19.9998, 54.4925, 103.6480, 402.0134, 471.0089, -45.4928, 153.3832, -1.6960, 71.3777, -60.7024, -0.330852, -0.937248, -0.110016, 0.054493, 0.942599, -0.333803, 0.009045, 0.103648, -0.045201, -0.100708, 0.993889, 0.402013, 0.000000, 0.000000, 0.000000, 1.000000, -0.045290, -0.100676, 0.993888, 0.471009, 0.330852, 0.937248, 0.110015, -0.045493, -0.942595, 0.333812, -0.009139, 0.153383, 0.000000, 0.000000, 0.000000, 1.000000, 0.997819, 0.003751, 0.065901, -0.001696, 0.065989, -0.080678, -0.994553, 0.071378, 0.001586, 0.996733, -0.080749, -0.060702, 0.000000, 0.000000, 0.000000, 1.000000
-19.9998, 54.4926, 103.6479, 402.0134, 471.0090, -45.4929, 153.3832, -1.6960, 71.3778, -60.7024, -0.330852, -0.937248, -0.110016, 0.054493, 0.942600, -0.333803, 0.009045, 0.103648, -0.045201, -0.100709, 0.993889, 0.402013, 0.000000, 0.000000, 0.000000, 1.000000, -0.045290, -0.100677, 0.993888, 0.471009, 0.330852, 0.937248, 0.110016, -0.045493, -0.942595, 0.333812, -0.009139, 0.153383, 0.000000, 0.000000, 0.000000, 1.000000, 0.997819, 0.003751, 0.065901, -0.001696, 0.065989, -0.080678, -0.994553, 0.071378, 0.001586, 0.996733, -0.080749, -0.060702, 0.000000, 0.000000, 0.000000, 1.000000
-19.9998, 54.4926, 103.6477, 402.0134, 471.0090, -45.4929, 153.3833, -1.6960, 71.3778, -60.7024, -0.330852, -0.937248, -0.110016, 0.054493, 0.942600, -0.333803, 0.009045, 0.103648, -0.045201, -0.100709, 0.993889, 0.402013, 0.000000, 0.000000, 0.000000, 1.000000, -0.045290, -0.100677, 0.993888, 0.471009, 0.330852, 0.937248, 0.110016, -0.045493, -0.942595, 0.333812, -0.009139, 0.153383, 0.000000, 0.000000, 0.000000, 1.000000, 0.997819, 0.003751, 0.065901, -0.001696, 0.065989, -0.080678, -0.994553, 0.071378, 0.001586, 0.996733, -0.080749, -0.060702, 0.000000, 0.000000, 0.000000, 1.000000
-19.9998, 54.4927, 103.6472, 402.0134, 471.0089, -45.4930, 153.3838, -1.6960, 71.3778, -60.7024, -0.330851, -0.937248, -0.110016, 0.054493, 0.942600, -0.333802, 0.009044, 0.103647, -0.045200, -0.100709, 0.993889, 0.402013, 0.000000, 0.000000, 0.000000, 1.000000, -0.045289, -0.100677, 0.993888, 0.471009, 0.330851, 0.937248, 0.110016, -0.045493, -0.942596, 0.333812, -0.009138, 0.153384, 0.000000, 0.000000, 0.000000, 1.000000, 0.997819, 0.003751, 0.065901, -0.001696, 0.065989, -0.080678, -0.994553, 0.071378, 0.001586, 0.996733, -0.080749, -0.060702, 0.000000, 0.000000, 0.000000, 1.000000
-19.9996, 54.4929, 103.6455, 402.0131, 471.0087, -45.4932, 153.3853, -1.6959, 71.3778, -60.7024, -0.330848, -0.937249, -0.110016, 0.054493, 0.942601, -0.333799, 0.009042, 0.103645, -0.045198, -0.100709, 0.993889, 0.402013, 0.000000, 0.000000, 0.000000, 1.000000, -0.045287, -0.100677, 0.993888, 0.471009, 0.330848, 0.937249, 0.110015, -0.045493, -0.942597, 0.333808, -0.009136, 0.153385, 0.000000, 0.000000, 0.000000, 1.000000, 0.997819, 0.003751, 0.065901, -0.001696, 0.065989, -0.080678, -0.994553, 0.071378, 0.001586, 0.996733, -0.080749, -0.060702, 0.000000, 0.000000, 0.000000, 1.000000
-19.9992, 54.4933, 103.6425, 402.0126, 471.0081, -45.4936, 153.3882, -1.6958, 71.3777, -60.7024, -0.330841, -0.937252, -0.110014, 0.054493, 0.942604, -0.333791, 0.009040, 0.103643, -0.045195, -0.100708, 0.993889, 0.402013, 0.000000, 0.000000, 0.000000, 1.000000, -0.045284, -0.100676, 0.993888, 0.471008, 0.330841, 0.937252, 0.110013, -0.045494, -0.942599, 0.333801, -0.009135, 0.153388, 0.000000, 0.000000, 0.000000, 1.000000, 0.997819, 0.003751, 0.065901, -0.001696, 0.065989, -0.080678, -0.994553, 0.071378, 0.001586, 0.996733, -0.080749, -0.060702, 0.000000, 0.000000, 0.000000, 1.000000
-19.9982, 54.4942, 103.6375, 402.0114, 471.0069, -45.4945, 153.3931, -1.6956, 71.3776, -60.7024, -0.330825, -0.937258, -0.110009, 0.054494, 0.942610, -0.333775, 0.009041, 0.103638, -0.045192, -0.100705, 0.993889, 0.402011, 0.000000, 0.000000, 0.000000, 1.000000, -0.045282, -0.100672, 0.993889, 0.471007, 0.330825, 0.937258, 0.110008, -0.045495, -0.942605, 0.333784, -0.009136, 0.153393, 0.000000, 0.000000, 0.000000, 1.000000, 0.997819, 0.003751, 0.065902, -0.001696, 0.065990, -0.080678, -0.994553, 0.071378, 0.001586, 0.996733, -0.080749, -0.060702, 0.000000, 0.000000, 0.000000, 1.000000
-19.9977, 54.4947, 103.6353, 402.0108, 471.0063, -45.4950, 153.3953, -1.6955, 71.3776, -60.7024, -0.330816, -0.937261, -0.110007, 0.054495, 0.942612, -0.333766, 0.009042, 0.103635, -0.045191, -0.100703, 0.993890, 0.402011, 0.000000, 0.000000, 0.000000, 1.000000, -0.045281, -0.100670, 0.993889, 0.471006, 0.330816, 0.937262, 0.110006, -0.045495, -0.942608, 0.333776, -0.009137, 0.153395, 0.000000, 0.000000, 0.000000, 1.000000, 0.997819, 0.003751, 0.065902, -0.001695, 0.065990, -0.080678, -0.994553, 0.071378, 0.001586, 0.996733, -0.080749, -0.060702, 0.000000, 0.000000, 0.000000, 1.000000
-19.9963, 54.4958, 103.6299, 402.0094, 471.0049, -45.4961, 153.4007, -1.6952, 71.3775, -60.7025, -0.330795, -0.937270, -0.110001, 0.054496, 0.942620, -0.333745, 0.009045, 0.103630, -0.045190, -0.100697, 0.993890, 0.402009, 0.000000, 0.000000, 0.000000, 1.000000, -0.045280, -0.100664, 0.993890, 0.471005, 0.330795, 0.937270, 0.110000, -0.045496, -0.942616, 0.333755, -0.009140, 0.153401, 0.000000, 0.000000, 0.000000, 1.000000, 0.997819, 0.003751, 0.065903, -0.001695, 0.065990, -0.080678, -0.994553, 0.071377, 0.001586, 0.996733, -0.080749, -0.060702, 0.000000, 0.000000, 0.000000, 1.000000
-19.9945, 54.4973, 103.6232, 402.0075, 471.0030, -45.4977, 153.4074, -1.6947, 71.3773, -60.7025, -0.330767, -0.937280, -0.109993, 0.054497, 0.942630, -0.333717, 0.009051, 0.103623, -0.045190, -0.100689, 0.993891, 0.402008, 0.000000, 0.000000, 0.000000, 1.000000, -0.045280, -0.100656, 0.993890, 0.471003, 0.330767, 0.937280, 0.109992, -0.045498, -0.942625, 0.333727, -0.009146, 0.153407, 0.000000, 0.000000, 0.000000, 1.000000, 0.997819, 0.003751, 0.065904, -0.001695, 0.065991, -0.080677, -0.994553, 0.071377, 0.001586, 0.996733, -0.080749, -0.060703, 0.000000, 0.000000, 0.000000, 1.000000
-19.9861, 54.5044, 103.5939, 401.9991, 470.9946, -45.5048, 153.4366, -1.6928, 71.3766, -60.7028, -0.330636, -0.937331, -0.109955, 0.054504, 0.942676, -0.333587, 0.009082, 0.103594, -0.045193, -0.100648, 0.993895, 0.401999, 0.000000, 0.000000, 0.000000, 1.000000, -0.045283, -0.100616, 0.993894, 0.470995, 0.330636, 0.937331, 0.109954, -0.045505, -0.942671, 0.333596, -0.009177, 0.153437, 0.000000, 0.000000, 0.000000, 1.000000, 0.997819, 0.003751, 0.065908, -0.001693, 0.065995, -0.080677, -0.994553, 0.071377, 0.001587, 0.996733, -0.080748, -0.060703, 0.000000, 0.000000, 0.000000, 1.000000
-19.9824, 54.5076, 103.5812, 401.9954, 470.9909, -45.5079, 153.4492, -1.6919, 71.3763, -60.7029, -0.330577, -0.937354, -0.109937, 0.054508, 0.942696, -0.333528, 0.009098, 0.103581, -0.045195, -0.100630, 0.993897, 0.401995, 0.000000, 0.000000, 0.000000, 1.000000, -0.045285, -0.100597, 0.993896, 0.470991, 0.330577, 0.937354, 0.109937, -0.045508, -0.942692, 0.333538, -0.009193, 0.153449, 0.000000, 0.000000, 0.000000, 1.000000, 0.997819, 0.003751, 0.065910, -0.001692, 0.065997, -0.080676, -0.994553, 0.071376, 0.001587, 0.996733, -0.080748, -0.060703, 0.000000, 0.000000, 0.000000, 1.000000
-19.9781, 54.5112, 103.5673, 401.9912, 470.9867, -45.5115, 153.4632, -1.6909, 71.3759, -60.7030, -0.330511, -0.937380, -0.109918, 0.054511, 0.942719, -0.333463, 0.009116, 0.103567, -0.045198, -0.100609, 0.993899, 0.401991, 0.000000, 0.000000, 0.000000, 1.000000, -0.045288, -0.100576, 0.993898, 0.470987, 0.330511, 0.937380, 0.109917, -0.045512, -0.942715, 0.333472, -0.009211, 0.153463, 0.000000, 0.000000, 0.000000, 1.000000, 0.997818, 0.003751, 0.065912, -0.001691, 0.065999, -0.080676, -0.994553, 0.071376, 0.001587, 0.996733, -0.080747, -0.060703, 0.000000, 0.000000, 0.000000, 1.000000
-19.9733, 54.5152, 103.5520, 401.9866, 470.9821, -45.5155, 153.4785, -1.6898, 71.3755, -60.7032, -0.330437, -0.937408, -0.109896, 0.054515, 0.942745, -0.333390, 0.009136, 0.103552, -0.045203, -0.100585, 0.993901, 0.401987, 0.000000, 0.000000, 0.000000, 1.000000, -0.045293, -0.100553, 0.993900, 0.470982, 0.330437, 0.937408, 0.109896, -0.045516, -0.942741, 0.333399, -0.009231, 0.153478, 0.000000, 0.000000, 0.000000, 1.000000, 0.997818, 0.003750, 0.065914, -0.001690, 0.066001, -0.080675, -0.994553, 0.071375, 0.001588, 0.996733, -0.080747, -0.060703, 0.000000, 0.000000, 0.000000, 1.000000
-19.9708, 54.5174, 103.5438, 401.9841, 470.9796, -45.5177, 153.4866, -1.6892, 71.3753, -60.7032, -0.330398, -0.937423, -0.109885, 0.054517, 0.942759, -0.333350, 0.009147, 0.103544, -0.045205, -0.100573, 0.993902, 0.401984, 0.000000, 0.000000, 0.000000, 1.000000, -0.045295, -0.100540, 0.993901, 0.470980, 0.330398, 0.937424, 0.109884, -0.045518, -0.942754, 0.333360, -0.009243, 0.153487, 0.000000, 0.000000, 0.000000, 1.000000, 0.997818, 0.003750, 0.065915, -0.001689, 0.066003, -0.080675, -0.994553, 0.071375, 0.001588, 0.996733, -0.080747, -0.060703, 0.000000, 0.000000, 0.000000, 1.000000
-19.9624, 54.5244, 103.5174, 401.9760, 470.9715, -45.5248, 153.5131, -1.6873, 71.3745, -60.7035, -0.330268, -0.937474, -0.109847, 0.054524, 0.942804, -0.333222, 0.009185, 0.103517, -0.045214, -0.100531, 0.993906, 0.401976, 0.000000, 0.000000, 0.000000, 1.000000, -0.045304, -0.100498, 0.993905, 0.470971, 0.330268, 0.937474, 0.109846, -0.045525, -0.942800, 0.333231, -0.009280, 0.153513, 0.000000, 0.000000, 0.000000, 1.000000, 0.997818, 0.003750, 0.065919, -0.001687, 0.066007, -0.080674, -0.994553, 0.071375, 0.001589, 0.996733, -0.080746, -0.060703, 0.000000, 0.000000, 0.000000, 1.000000
-19.9427, 54.5411, 103.4563, 401.9570, 470.9525, -45.5414, 153.5743, -1.6827, 71.3728, -60.7041, -0.329962, -0.937592, -0.109757, 0.054541, 0.942910, -0.332919, 0.009276, 0.103456, -0.045237, -0.100430, 0.993915, 0.401957, 0.000000, 0.000000, 0.000000, 1.000000, -0.045327, -0.100398, 0.993914, 0.470953, 0.329962, 0.937592, 0.109756, -0.045541, -0.942905, 0.332929, -0.009371, 0.153574, 0.000000, 0.000000, 0.000000, 1.000000, 0.997817, 0.003749, 0.065929, -0.001683, 0.066016, -0.080672, -0.994552, 0.071373, 0.001590, 0.996734, -0.080744, -0.060704, 0.000000, 0.000000, 0.000000, 1.000000
-19.9353, 54.5473, 103.4339, 401.9499, 470.9455, -45.5477, 153.5967, -1.6810, 71.3721, -60.7043, -0.329848, -0.937636, -0.109724, 0.054547, 0.942949, -0.332806, 0.009310, 0.103434, -0.045246, -0.100393, 0.993919, 0.401950, 0.000000, 0.000000, 0.000000, 1.000000, -0.045336, -0.100360, 0.993918, 0.470945, 0.329848, 0.937636, 0.109723, -0.045548, -0.942945, 0.332816, -0.009405, 0.153597, 0.000000, 0.000000, 0.000000, 1.000000, 0.997817, 0.003748, 0.065932, -0.001681, 0.066020, -0.080672, -0.994552, 0.071372, 0.001591, 0.996734, -0.080743, -0.060704, 0.000000, 0.000000, 0.000000, 1.000000
-19.9315, 54.5506, 103.4223, 401.9463, 470.9418, -45.5509, 153.6083, -1.6801, 71.3718, -60.7044, -0.329789, -0.937659, -0.109706, 0.054551, 0.942970, -0.332748, 0.009328, 0.103422, -0.045251, -0.100373, 0.993920, 0.401946, 0.000000, 0.000000, 0.000000, 1.000000, -0.045341, -0.100341, 0.993919, 0.470942, 0.329789, 0.937659, 0.109705, -0.045551, -0.942965, 0.332758, -0.009423, 0.153608, 0.000000, 0.000000, 0.000000, 1.000000, 0.997817, 0.003748, 0.065934, -0.001680, 0.066021, -0.080671, -0.994552, 0.071372, 0.001591, 0.996734, -0.080743, -0.060704, 0.000000, 0.000000, 0.000000, 1.000000
-19.9195, 54.5608, 103.3861, 401.9348, 470.9304, -45.5611, 153.6446, -1.6773, 71.3708, -60.7048, -0.329603, -0.937730, -0.109652, 0.054561, 0.943034, -0.332565, 0.009385, 0.103386, -0.045267, -0.100312, 0.993926, 0.401935, 0.000000, 0.000000, 0.000000, 1.000000, -0.045357, -0.100279, 0.993925, 0.470930, 0.329603, 0.937731, 0.109651, -0.045561, -0.943029, 0.332574, -0.009480, 0.153645, 0.000000, 0.000000, 0.000000, 1.000000, 0.997817, 0.003748, 0.065940, -0.001677, 0.066027, -0.080670, -0.994552, 0.071371, 0.001592, 0.996734, -0.080741, -0.060705, 0.000000, 0.000000, 0.000000, 1.000000
-19.9111, 54.5679, 103.3609, 401.9268, 470.9224, -45.5682, 153.6699, -1.6754, 71.3700, -60.7050, -0.329473, -0.937781, -0.109613, 0.054568, 0.943079, -0.332436, 0.009426, 0.103361, -0.045279, -0.100268, 0.993930, 0.401927, 0.000000, 0.000000, 0.000000, 1.000000, -0.045368, -0.100236, 0.993929, 0.470922, 0.329473, 0.937781, 0.109613, -0.045568, -0.943074, 0.332446, -0.009520, 0.153670, 0.000000, 0.000000, 0.000000, 1.000000, 0.997816, 0.003747, 0.065944, -0.001675, 0.066031, -0.080669, -0.994551, 0.071370, 0.001593, 0.996734, -0.080741, -0.060705, 0.000000, 0.000000, 0.000000, 1.000000
-19.9068, 54.5715, 103.3480, 401.9227, 470.9183, -45.5719, 153.6828, -1.6744, 71.3696, -60.7052, -0.329406, -0.937806, -0.109594, 0.054572, 0.943102, -0.332370, 0.009447, 0.103348, -0.045285, -0.100246, 0.993932, 0.401923, 0.000000, 0.000000, 0.000000, 1.000000, -0.045374, -0.100214, 0.993931, 0.470918, 0.329406, 0.937806, 0.109593, -0.045572, -0.943097, 0.332380, -0.009541, 0.153683, 0.000000, 0.000000, 0.000000, 1.000000, 0.997816, 0.003747, 0.065946, -0.001674, 0.066033, -0.080669, -0.994551, 0.071370, 0.001593, 0.996734, -0.080740, -0.060705, 0.000000, 0.000000, 0.000000, 1.000000
-19.8980, 54.5790, 103.3218, 401.9143, 470.9099, -45.5794, 153.7091, -1.6723, 71.3688, -60.7054, -0.329270, -0.937859, -0.109553, 0.054579, 0.943149, -0.332236, 0.009489, 0.103322, -0.045297, -0.100201, 0.993936, 0.401914, 0.000000, 0.000000, 0.000000, 1.000000, -0.045386, -0.100168, 0.993935, 0.470910, 0.329270, 0.937859, 0.109553, -0.045579, -0.943144, 0.332245, -0.009584, 0.153709, 0.000000, 0.000000, 0.000000, 1.000000, 0.997816, 0.003746, 0.065950, -0.001672, 0.066037, -0.080668, -0.994551, 0.071369, 0.001594, 0.996734, -0.080739, -0.060705, 0.000000, 0.000000, 0.000000, 1.000000
-19.8797, 54.5946, 103.2677, 401.8970, 470.8926, -45.5949, 153.7633, -1.6681, 71.3672, -60.7059, -0.328988, -0.937968, -0.109470, 0.054595, 0.943246, -0.331957, 0.009578, 0.103268, -0.045323, -0.100106, 0.993944, 0.401897, 0.000000, 0.000000, 0.000000, 1.000000, -0.045412, -0.100074, 0.993943, 0.470893, 0.328988, 0.937968, 0.109469, -0.045595, -0.943241, 0.331967, -0.009672, 0.153763, 0.000000, 0.000000, 0.000000, 1.000000, 0.997815, 0.003745, 0.065959, -0.001668, 0.066046, -0.080666, -0.994551, 0.071367, 0.001596, 0.996734, -0.080737, -0.060706, 0.000000, 0.000000, 0.000000, 1.000000
-19.8704, 54.6025, 103.2402, 401.8881, 470.8837, -45.6029, 153.7910, -1.6659, 71.3664, -60.7062, -0.328844, -0.938023, -0.109428, 0.054603, 0.943295, -0.331815, 0.009624, 0.103240, -0.045337, -0.100058, 0.993948, 0.401888, 0.000000, 0.000000, 0.000000, 1.000000, -0.045426, -0.100026, 0.993947, 0.470884, 0.328844, 0.938023, 0.109427, -0.045603, -0.943291, 0.331825, -0.009718, 0.153791, 0.000000, 0.000000, 0.000000, 1.000000, 0.997815, 0.003745, 0.065964, -0.001666, 0.066051, -0.080665, -0.994550, 0.071366, 0.001596, 0.996734, -0.080736, -0.060706, 0.000000, 0.000000, 0.000000, 1.000000
-19.8565, 54.6142, 103.2132, 401.8770, 470.8726, -45.6145, 153.8178, -1.6627, 71.3651, -60.7066, -0.328634, -0.938104, -0.109366, 0.054614, 0.943366, -0.331611, 0.009723, 0.103213, -0.045388, -0.099977, 0.993954, 0.401877, 0.000000, 0.000000, 0.000000, 1.000000, -0.045477, -0.099945, 0.993953, 0.470873, 0.328634, 0.938104, 0.109365, -0.045614, -0.943362, 0.331620, -0.009817, 0.153818, 0.000000, 0.000000, 0.000000, 1.000000, 0.997815, 0.003744, 0.065970, -0.001663, 0.066057, -0.080664, -0.994550, 0.071365, 0.001598, 0.996734, -0.080735, -0.060707, 0.000000, 0.000000, 0.000000, 1.000000
-19.8519, 54.6181, 103.2039, 401.8732, 470.8688, -45.6184, 153.8271, -1.6616, 71.3647, -60.7067, -0.328564, -0.938131, -0.109345, 0.054618, 0.943390, -0.331542, 0.009755, 0.103204, -0.045404, -0.099950, 0.993956, 0.401873, 0.000000, 0.000000, 0.000000, 1.000000, -0.045493, -0.099918, 0.993955, 0.470869, 0.328564, 0.938131, 0.109345, -0.045618, -0.943386, 0.331552, -0.009849, 0.153827, 0.000000, 0.000000, 0.000000, 1.000000, 0.997814, 0.003744, 0.065972, -0.001662, 0.066059, -0.080663, -0.994550, 0.071365, 0.001598, 0.996734, -0.080734, -0.060707, 0.000000, 0.000000, 0.000000, 1.000000
-19.8380, 54.6297, 103.1747, 401.8617, 470.8573, -45.6300, 153.8562, -1.6583, 71.3635, -60.7071, -0.328354, -0.938212, -0.109284, 0.054630, 0.943461, -0.331338, 0.009847, 0.103175, -0.045449, -0.099871, 0.993962, 0.401862, 0.000000, 0.000000, 0.000000, 1.000000, -0.045538, -0.099839, 0.993961, 0.470857, 0.328354, 0.938212, 0.109283, -0.045630, -0.943456, 0.331347, -0.009942, 0.153856, 0.000000, 0.000000, 0.000000, 1.000000, 0.997814, 0.003743, 0.065979, -0.001658, 0.066066, -0.080662, -0.994550, 0.071363, 0.001600, 0.996735, -0.080732, -0.060707, 0.000000, 0.000000, 0.000000, 1.000000
-19.8289, 54.6375, 103.1542, 401.8539, 470.8495, -45.6378, 153.8766, -1.6562, 71.3626, -60.7074, -0.328215, -0.938265, -0.109242, 0.054637, 0.943508, -0.331202, 0.009906, 0.103154, -0.045476, -0.099820, 0.993966, 0.401854, 0.000000, 0.000000, 0.000000, 1.000000, -0.045565, -0.099788, 0.993965, 0.470850, 0.328215, 0.938265, 0.109242, -0.045638, -0.943503, 0.331212, -0.010001, 0.153877, 0.000000, 0.000000, 0.000000, 1.000000, 0.997814, 0.003742, 0.065983, -0.001656, 0.066070, -0.080661, -0.994549, 0.071363, 0.001601, 0.996735, -0.080731, -0.060707, 0.000000, 0.000000, 0.000000, 1.000000
-19.8289, 54.6375, 103.1542, 401.8539, 470.8495, -45.6378, 153.8766, -1.6562, 71.3626, -60.7074, -0.328215, -0.938265, -0.109242, 0.054637, 0.943508, -0.331202, 0.009906, 0.103154, -0.045476, -0.099820, 0.993966, 0.401854, 0.000000, 0.000000, 0.000000, 1.000000, -0.045565, -0.099788, 0.993965, 0.470850, 0.328215, 0.938265, 0.109242, -0.045638, -0.943503, 0.331212, -0.010001, 0.153877, 0.000000, 0.000000, 0.000000, 1.000000, 0.997814, 0.003742, 0.065983, -0.001656, 0.066070, -0.080661, -0.994549, 0.071363, 0.001601, 0.996735, -0.080731, -0.060707, 0.000000, 0.000000, 0.000000, 1.000000
-19.8020, 54.6605, 103.0884, 401.8301, 470.8257, -45.6608, 153.9422, -1.6499, 71.3602, -60.7081, -0.327804, -0.938423, -0.109120, 0.054661, 0.943647, -0.330800, 0.010067, 0.103088, -0.045544, -0.099671, 0.993978, 0.401830, 0.000000, 0.000000, 0.000000, 1.000000, -0.045634, -0.099639, 0.993977, 0.470826, 0.327804, 0.938423, 0.109120, -0.045661, -0.943643, 0.330809, -0.010162, 0.153942, 0.000000, 0.000000, 0.000000, 1.000000, 0.997813, 0.003740, 0.065996, -0.001650, 0.066083, -0.080658, -0.994549, 0.071360, 0.001603, 0.996735, -0.080728, -0.060708, 0.000000, 0.000000, 0.000000, 1.000000
-19.7934, 54.6680, 103.0655, 401.8222, 470.8178, -45.6683, 153.9651, -1.6479, 71.3594, -60.7084, -0.327671, -0.938474, -0.109081, 0.054668, 0.943693, -0.330669, 0.010115, 0.103066, -0.045562, -0.099624, 0.993981, 0.401822, 0.000000, 0.000000, 0.000000, 1.000000, -0.045652, -0.099592, 0.993981, 0.470818, 0.327671, 0.938474, 0.109080, -0.045668, -0.943688, 0.330679, -0.010210, 0.153965, 0.000000, 0.000000, 0.000000, 1.000000, 0.997813, 0.003740, 0.066001, -0.001648, 0.066087, -0.080657, -0.994549, 0.071359, 0.001604, 0.996735, -0.080727, -0.060708, 0.000000, 0.000000, 0.000000, 1.000000
-19.7850, 54.6750, 103.0519, 401.8158, 470.8114, -45.6753, 153.9785, -1.6459, 71.3586, -60.7086, -0.327545, -0.938522, -0.109043, 0.054675, 0.943735, -0.330547, 0.010180, 0.103052, -0.045599, -0.099573, 0.993985, 0.401816, 0.000000, 0.000000, 0.000000, 1.000000, -0.045689, -0.099541, 0.993984, 0.470811, 0.327545, 0.938522, 0.109043, -0.045675, -0.943730, 0.330557, -0.010276, 0.153979, 0.000000, 0.000000, 0.000000, 1.000000, 0.997812, 0.003739, 0.066004, -0.001646, 0.066091, -0.080656, -0.994548, 0.071359, 0.001605, 0.996735, -0.080726, -0.060709, 0.000000, 0.000000, 0.000000, 1.000000
-19.7767, 54.6820, 103.0372, 401.8093, 470.8048, -45.6823, 153.9931, -1.6440, 71.3579, -60.7088, -0.327421, -0.938570, -0.109006, 0.054682, 0.943776, -0.330426, 0.010242, 0.103037, -0.045631, -0.099524, 0.993988, 0.401809, 0.000000, 0.000000, 0.000000, 1.000000, -0.045722, -0.099492, 0.993987, 0.470805, 0.327421, 0.938570, 0.109006, -0.045682, -0.943772, 0.330436, -0.010337, 0.153993, 0.000000, 0.000000, 0.000000, 1.000000, 0.997812, 0.003739, 0.066008, -0.001644, 0.066095, -0.080655, -0.994548, 0.071358, 0.001606, 0.996735, -0.080725, -0.060709, 0.000000, 0.000000, 0.000000, 1.000000
-19.7686, 54.6889, 103.0211, 401.8027, 470.7982, -45.6892, 154.0090, -1.6421, 71.3571, -60.7090, -0.327298, -0.938617, -0.108970, 0.054689, 0.943817, -0.330307, 0.010298, 0.103021, -0.045660, -0.099477, 0.993992, 0.401803, 0.000000, 0.000000, 0.000000, 1.000000, -0.045751, -0.099445, 0.993991, 0.470798, 0.327298, 0.938617, 0.108969, -0.045689, -0.943813, 0.330317, -0.010394, 0.154009, 0.000000, 0.000000, 0.000000, 1.000000, 0.997812, 0.003738, 0.066012, -0.001642, 0.066099, -0.080654, -0.994548, 0.071357, 0.001606, 0.996735, -0.080724, -0.060709, 0.000000, 0.000000, 0.000000, 1.000000
-19.7607, 54.6957, 103.0038, 401.7959, 470.7914, -45.6960, 154.0262, -1.6402, 71.3564, -60.7092, -0.327177, -0.938663, -0.108934, 0.054696, 0.943858, -0.330189, 0.010351, 0.103004, -0.045684, -0.099432, 0.993995, 0.401796, 0.000000, 0.000000, 0.000000, 1.000000, -0.045776, -0.099399, 0.993994, 0.470791, 0.327177, 0.938663, 0.108933, -0.045696, -0.943854, 0.330199, -0.010447, 0.154026, 0.000000, 0.000000, 0.000000, 1.000000, 0.997812, 0.003738, 0.066016, -0.001640, 0.066102, -0.080653, -0.994548, 0.071356, 0.001607, 0.996735, -0.080723, -0.060709, 0.000000, 0.000000, 0.000000, 1.000000
-19.7529, 54.7025, 102.9852, 401.7890, 470.7845, -45.7027, 154.0446, -1.6384, 71.3557, -60.7095, -0.327058, -0.938709, -0.108898, 0.054702, 0.943898, -0.330072, 0.010398, 0.102985, -0.045705, -0.099388, 0.993999, 0.401789, 0.000000, 0.000000, 0.000000, 1.000000, -0.045797, -0.099355, 0.993998, 0.470785, 0.327058, 0.938709, 0.108898, -0.045703, -0.943894, 0.330082, -0.010495, 0.154045, 0.000000, 0.000000, 0.000000, 1.000000, 0.997811, 0.003737, 0.066020, -0.001638, 0.066106, -0.080652, -0.994548, 0.071356, 0.001608, 0.996735, -0.080723, -0.060709, 0.000000, 0.000000, 0.000000, 1.000000
-19.7451, 54.7091, 102.9653, 401.7821, 470.7775, -45.7094, 154.0644, -1.6366, 71.3550, -60.7097, -0.326940, -0.938754, -0.108863, 0.054709, 0.943938, -0.329957, 0.010442, 0.102965, -0.045723, -0.099346, 0.994002, 0.401782, 0.000000, 0.000000, 0.000000, 1.000000, -0.045815, -0.099313, 0.994001, 0.470778, 0.326940, 0.938754, 0.108862, -0.045709, -0.943934, 0.329966, -0.010539, 0.154064, 0.000000, 0.000000, 0.000000, 1.000000, 0.997811, 0.003737, 0.066024, -0.001637, 0.066110, -0.080651, -0.994548, 0.071355, 0.001608, 0.996735, -0.080722, -0.060710, 0.000000, 0.000000, 0.000000, 1.000000
-19.7375, 54.7157, 102.9443, 401.7749, 470.7704, -45.7159, 154.0853, -1.6349, 71.3543, -60.7099, -0.326823, -0.938799, -0.108828, 0.054716, 0.943978, -0.329841, 0.010483, 0.102944, -0.045737, -0.099305, 0.994005, 0.401775, 0.000000, 0.000000, 0.000000, 1.000000, -0.045829, -0.099272, 0.994004, 0.470770, 0.326823, 0.938799, 0.108827, -0.045716, -0.943974, 0.329851, -0.010580, 0.154085, 0.000000, 0.000000, 0.000000, 1.000000, 0.997811, 0.003736, 0.066027, -0.001635, 0.066113, -0.080650, -0.994547, 0.071354, 0.001609, 0.996735, -0.080721, -0.060710, 0.000000, 0.000000, 0.000000, 1.000000
-19.7226, 54.7286, 102.8989, 401.7604, 470.7559, -45.7289, 154.1304, -1.6314, 71.3530, -60.7103, -0.326592, -0.938887, -0.108758, 0.054729, 0.944057, -0.329613, 0.010553, 0.102899, -0.045756, -0.099227, 0.994012, 0.401760, 0.000000, 0.000000, 0.000000, 1.000000, -0.045849, -0.099194, 0.994011, 0.470756, 0.326592, 0.938887, 0.108758, -0.045729, -0.944053, 0.329623, -0.010651, 0.154130, 0.000000, 0.000000, 0.000000, 1.000000, 0.997810, 0.003736, 0.066034, -0.001631, 0.066120, -0.080649, -0.994547, 0.071353, 0.001610, 0.996736, -0.080719, -0.060710, 0.000000, 0.000000, 0.000000, 1.000000
-19.7080, 54.7413, 102.8498, 401.7456, 470.7410, -45.7416, 154.1793, -1.6280, 71.3517, -60.7108, -0.326365, -0.938974, -0.108690, 0.054741, 0.944135, -0.329387, 0.010612, 0.102850, -0.045765, -0.099154, 0.994019, 0.401746, 0.000000, 0.000000, 0.000000, 1.000000, -0.045858, -0.099121, 0.994018, 0.470741, 0.326365, 0.938974, 0.108689, -0.045742, -0.944131, 0.329397, -0.010710, 0.154179, 0.000000, 0.000000, 0.000000, 1.000000, 0.997810, 0.003735, 0.066041, -0.001628, 0.066127, -0.080648, -0.994547, 0.071352, 0.001612, 0.996736, -0.080718, -0.060711, 0.000000, 0.000000, 0.000000, 1.000000
-19.7009, 54.7474, 102.8293, 401.7389, 470.7343, -45.7476, 154.1997, -1.6263, 71.3511, -60.7110, -0.326255, -0.939016, -0.108657, 0.054747, 0.944173, -0.329278, 0.010648, 0.102829, -0.045777, -0.099117, 0.994022, 0.401739, 0.000000, 0.000000, 0.000000, 1.000000, -0.045870, -0.099084, 0.994021, 0.470734, 0.326255, 0.939016, 0.108656, -0.045748, -0.944168, 0.329288, -0.010746, 0.154200, 0.000000, 0.000000, 0.000000, 1.000000, 0.997810, 0.003734, 0.066045, -0.001626, 0.066131, -0.080647, -0.994547, 0.071351, 0.001612, 0.996736, -0.080717, -0.060711, 0.000000, 0.000000, 0.000000, 1.000000
-19.6939, 54.7532, 102.8127, 401.7329, 470.7283, -45.7535, 154.2160, -1.6247, 71.3504, -60.7112, -0.326148, -0.939057, -0.108625, 0.054753, 0.944209, -0.329174, 0.010691, 0.102813, -0.045796, -0.099078, 0.994025, 0.401733, 0.000000, 0.000000, 0.000000, 1.000000, -0.045890, -0.099045, 0.994024, 0.470728, 0.326148, 0.939057, 0.108625, -0.045754, -0.944204, 0.329184, -0.010790, 0.154216, 0.000000, 0.000000, 0.000000, 1.000000, 0.997809, 0.003734, 0.066048, -0.001625, 0.066134, -0.080646, -0.994546, 0.071350, 0.001613, 0.996736, -0.080716, -0.060711, 0.000000, 0.000000, 0.000000, 1.000000
-19.6904, 54.7561, 102.8040, 401.7298, 470.7252, -45.7564, 154.2246, -1.6239, 71.3501, -60.7113, -0.326095, -0.939077, -0.108610, 0.054756, 0.944227, -0.329122, 0.010711, 0.102804, -0.045804, -0.099059, 0.994027, 0.401730, 0.000000, 0.000000, 0.000000, 1.000000, -0.045898, -0.099026, 0.994026, 0.470725, 0.326095, 0.939077, 0.108609, -0.045756, -0.944222, 0.329132, -0.010810, 0.154225, 0.000000, 0.000000, 0.000000, 1.000000, 0.997809, 0.003734, 0.066050, -0.001624, 0.066136, -0.080646, -0.994546, 0.071350, 0.001613, 0.996736, -0.080716, -0.060711, 0.000000, 0.000000, 0.000000, 1.000000
-19.6802, 54.7648, 102.7759, 401.7205, 470.7158, -45.7651, 154.2523, -1.6215, 71.3492, -60.7115, -0.325938, -0.939137, -0.108563, 0.054765, 0.944280, -0.328967, 0.010765, 0.102776, -0.045824, -0.099005, 0.994031, 0.401720, 0.000000, 0.000000, 0.000000, 1.000000, -0.045919, -0.098971, 0.994030, 0.470716, 0.325938, 0.939137, 0.108562, -0.045765, -0.944275, 0.328977, -0.010865, 0.154252, 0.000000, 0.000000, 0.000000, 1.000000, 0.997809, 0.003733, 0.066055, -0.001622, 0.066141, -0.080645, -0.994546, 0.071349, 0.001614, 0.996736, -0.080715, -0.060712, 0.000000, 0.000000, 0.000000, 1.000000
-19.6768, 54.7677, 102.7659, 401.7173, 470.7126, -45.7679, 154.2622, -1.6207, 71.3489, -60.7116, -0.325885, -0.939157, -0.108547, 0.054768, 0.944298, -0.328915, 0.010782, 0.102766, -0.045829, -0.098987, 0.994033, 0.401717, 0.000000, 0.000000, 0.000000, 1.000000, -0.045924, -0.098953, 0.994032, 0.470713, 0.325885, 0.939157, 0.108547, -0.045768, -0.944293, 0.328925, -0.010882, 0.154262, 0.000000, 0.000000, 0.000000, 1.000000, 0.997809, 0.003733, 0.066056, -0.001621, 0.066142, -0.080644, -0.994546, 0.071349, 0.001614, 0.996736, -0.080714, -0.060712, 0.000000, 0.000000, 0.000000, 1.000000
-19.6599, 54.7821, 102.7114, 401.7007, 470.6960, -45.7823, 154.3163, -1.6168, 71.3474, -60.7121, -0.325623, -0.939257, -0.108469, 0.054782, 0.944388, -0.328655, 0.010855, 0.102711, -0.045844, -0.098902, 0.994041, 0.401701, 0.000000, 0.000000, 0.000000, 1.000000, -0.045940, -0.098868, 0.994040, 0.470696, 0.325623, 0.939257, 0.108468, -0.045782, -0.944383, 0.328665, -0.010956, 0.154316, 0.000000, 0.000000, 0.000000, 1.000000, 0.997808, 0.003732, 0.066065, -0.001617, 0.066150, -0.080643, -0.994546, 0.071347, 0.001616, 0.996736, -0.080713, -0.060712, 0.000000, 0.000000, 0.000000, 1.000000
-19.6532, 54.7878, 102.6880, 401.6939, 470.6892, -45.7880, 154.3395, -1.6153, 71.3468, -60.7123, -0.325518, -0.939297, -0.108438, 0.054788, 0.944424, -0.328551, 0.010879, 0.102688, -0.045846, -0.098870, 0.994044, 0.401694, 0.000000, 0.000000, 0.000000, 1.000000, -0.045943, -0.098836, 0.994043, 0.470689, 0.325518, 0.939297, 0.108437, -0.045788, -0.944419, 0.328561, -0.010981, 0.154340, 0.000000, 0.000000, 0.000000, 1.000000, 0.997808, 0.003732, 0.066068, -0.001615, 0.066153, -0.080642, -0.994545, 0.071347, 0.001616, 0.996736, -0.080712, -0.060712, 0.000000, 0.000000, 0.000000, 1.000000
-19.6466, 54.7933, 102.6687, 401.6878, 470.6830, -45.7936, 154.3585, -1.6137, 71.3462, -60.7125, -0.325416, -0.939336, -0.108408, 0.054793, 0.944458, -0.328450, 0.010912, 0.102669, -0.045857, -0.098836, 0.994047, 0.401688, 0.000000, 0.000000, 0.000000, 1.000000, -0.045954, -0.098801, 0.994046, 0.470683, 0.325416, 0.939336, 0.108407, -0.045794, -0.944454, 0.328460, -0.011014, 0.154359, 0.000000, 0.000000, 0.000000, 1.000000, 0.997808, 0.003732, 0.066071, -0.001614, 0.066157, -0.080641, -0.994545, 0.071346, 0.001617, 0.996736, -0.080711, -0.060713, 0.000000, 0.000000, 0.000000, 1.000000
-19.6336, 54.8041, 102.6364, 401.6766, 470.6718, -45.8043, 154.3902, -1.6107, 71.3450, -60.7129, -0.325217, -0.939412, -0.108349, 0.054804, 0.944525, -0.328255, 0.010989, 0.102636, -0.045889, -0.098765, 0.994052, 0.401677, 0.000000, 0.000000, 0.000000, 1.000000, -0.045988, -0.098730, 0.994051, 0.470672, 0.325217, 0.939412, 0.108349, -0.045804, -0.944521, 0.328265, -0.011093, 0.154390, 0.000000, 0.000000, 0.000000, 1.000000, 0.997808, 0.003731, 0.066077, -0.001611, 0.066163, -0.080640, -0.994545, 0.071345, 0.001618, 0.996736, -0.080710, -0.060713, 0.000000, 0.000000, 0.000000, 1.000000
-19.6271, 54.8095, 102.6180, 401.6707, 470.6658, -45.8098, 154.4083, -1.6092, 71.3445, -60.7131, -0.325116, -0.939450, -0.108320, 0.054810, 0.944559, -0.328156, 0.011022, 0.102618, -0.045901, -0.098731, 0.994055, 0.401671, 0.000000, 0.000000, 0.000000, 1.000000, -0.046000, -0.098696, 0.994054, 0.470666, 0.325117, 0.939450, 0.108319, -0.045810, -0.944555, 0.328166, -0.011127, 0.154408, 0.000000, 0.000000, 0.000000, 1.000000, 0.997807, 0.003730, 0.066080, -0.001609, 0.066166, -0.080639, -0.994545, 0.071344, 0.001619, 0.996736, -0.080709, -0.060713, 0.000000, 0.000000, 0.000000, 1.000000
-19.6205, 54.8150, 102.5982, 401.6645, 470.6597, -45.8152, 154.4278, -1.6077, 71.3439, -60.7132, -0.325015, -0.939488, -0.108290, 0.054815, 0.944594, -0.328055, 0.011053, 0.102598, -0.045909, -0.098698, 0.994058, 0.401665, 0.000000, 0.000000, 0.000000, 1.000000, -0.046009, -0.098662, 0.994057, 0.470660, 0.325015, 0.939488, 0.108289, -0.045815, -0.944589, 0.328066, -0.011158, 0.154428, 0.000000, 0.000000, 0.000000, 1.000000, 0.997807, 0.003730, 0.066084, -0.001608, 0.066169, -0.080639, -0.994545, 0.071344, 0.001619, 0.996736, -0.080709, -0.060713, 0.000000, 0.000000, 0.000000, 1.000000
-19.6139, 54.8205, 102.5769, 401.6581, 470.6533, -45.8208, 154.4488, -1.6061, 71.3433, -60.7134, -0.324913, -0.939527, -0.108260, 0.054821, 0.944629, -0.327954, 0.011082, 0.102577, -0.045916, -0.098665, 0.994061, 0.401658, 0.000000, 0.000000, 0.000000, 1.000000, -0.046016, -0.098629, 0.994060, 0.470653, 0.324913, 0.939527, 0.108259, -0.045821, -0.944624, 0.327964, -0.011187, 0.154449, 0.000000, 0.000000, 0.000000, 1.000000, 0.997807, 0.003730, 0.066087, -0.001606, 0.066172, -0.080638, -0.994545, 0.071343, 0.001620, 0.996736, -0.080708, -0.060713, 0.000000, 0.000000, 0.000000, 1.000000
-19.5973, 54.8346, 102.5186, 401.6414, 470.6364, -45.8348, 154.5065, -1.6023, 71.3418, -60.7139, -0.324652, -0.939626, -0.108183, 0.054835, 0.944718, -0.327694, 0.011143, 0.102519, -0.045921, -0.098585, 0.994069, 0.401641, 0.000000, 0.000000, 0.000000, 1.000000, -0.046023, -0.098549, 0.994067, 0.470636, 0.324652, 0.939626, 0.108182, -0.045835, -0.944713, 0.327705, -0.011250, 0.154507, 0.000000, 0.000000, 0.000000, 1.000000, 0.997806, 0.003729, 0.066095, -0.001602, 0.066180, -0.080636, -0.994544, 0.071342, 0.001621, 0.996737, -0.080706, -0.060714, 0.000000, 0.000000, 0.000000, 1.000000
-19.5939, 54.8374, 102.5062, 401.6379, 470.6330, -45.8377, 154.5188, -1.6015, 71.3416, -60.7140, -0.324599, -0.939646, -0.108167, 0.054837, 0.944736, -0.327641, 0.011154, 0.102506, -0.045921, -0.098569, 0.994070, 0.401638, 0.000000, 0.000000, 0.000000, 1.000000, -0.046023, -0.098533, 0.994069, 0.470633, 0.324599, 0.939646, 0.108167, -0.045838, -0.944731, 0.327652, -0.011261, 0.154519, 0.000000, 0.000000, 0.000000, 1.000000, 0.997806, 0.003729, 0.066096, -0.001601, 0.066182, -0.080636, -0.994544, 0.071342, 0.001621, 0.996737, -0.080706, -0.060714, 0.000000, 0.000000, 0.000000, 1.000000
-19.5871, 54.8431, 102.4806, 401.6309, 470.6259, -45.8434, 154.5441, -1.5999, 71.3410, -60.7142, -0.324492, -0.939687, -0.108136, 0.054843, 0.944773, -0.327535, 0.011175, 0.102481, -0.045919, -0.098538, 0.994073, 0.401631, 0.000000, 0.000000, 0.000000, 1.000000, -0.046022, -0.098502, 0.994072, 0.470626, 0.324492, 0.939687, 0.108135, -0.045843, -0.944768, 0.327545, -0.011283, 0.154544, 0.000000, 0.000000, 0.000000, 1.000000, 0.997806, 0.003729, 0.066100, -0.001600, 0.066185, -0.080635, -0.994544, 0.071341, 0.001622, 0.996737, -0.080705, -0.060714, 0.000000, 0.000000, 0.000000, 1.000000
-19.5768, 54.8518, 102.4408, 401.6200, 470.6150, -45.8521, 154.5836, -1.5975, 71.3401, -60.7145, -0.324330, -0.939748, -0.108088, 0.054852, 0.944829, -0.327372, 0.011205, 0.102441, -0.045915, -0.098491, 0.994078, 0.401620, 0.000000, 0.000000, 0.000000, 1.000000, -0.046018, -0.098454, 0.994077, 0.470615, 0.324330, 0.939749, 0.108087, -0.045852, -0.944824, 0.327383, -0.011314, 0.154584, 0.000000, 0.000000, 0.000000, 1.000000, 0.997806, 0.003728, 0.066105, -0.001598, 0.066190, -0.080634, -0.994544, 0.071340, 0.001623, 0.996737, -0.080704, -0.060715, 0.000000, 0.000000, 0.000000, 1.000000
-19.5699, 54.8577, 102.4134, 401.6126, 470.6075, -45.8580, 154.6108, -1.5959, 71.3395, -60.7147, -0.324220, -0.939790, -0.108056, 0.054858, 0.944867, -0.327262, 0.011224, 0.102413, -0.045911, -0.098459, 0.994081, 0.401613, 0.000000, 0.000000, 0.000000, 1.000000, -0.046014, -0.098423, 0.994080, 0.470608, 0.324220, 0.939790, 0.108055, -0.045858, -0.944862, 0.327272, -0.011333, 0.154611, 0.000000, 0.000000, 0.000000, 1.000000, 0.997806, 0.003728, 0.066108, -0.001596, 0.066193, -0.080634, -0.994543, 0.071339, 0.001623, 0.996737, -0.080704, -0.060715, 0.000000, 0.000000, 0.000000, 1.000000
-19.5628, 54.8637, 102.3855, 401.6050, 470.6000, -45.8640, 154.6386, -1.5943, 71.3389, -60.7149, -0.324108, -0.939833, -0.108023, 0.054864, 0.944906, -0.327150, 0.011243, 0.102385, -0.045906, -0.098427, 0.994085, 0.401605, 0.000000, 0.000000, 0.000000, 1.000000, -0.046010, -0.098391, 0.994084, 0.470600, 0.324108, 0.939833, 0.108022, -0.045864, -0.944901, 0.327160, -0.011353, 0.154639, 0.000000, 0.000000, 0.000000, 1.000000, 0.997805, 0.003728, 0.066112, -0.001594, 0.066197, -0.080633, -0.994543, 0.071339, 0.001624, 0.996737, -0.080703, -0.060715, 0.000000, 0.000000, 0.000000, 1.000000
-19.5592, 54.8667, 102.3713, 401.6012, 470.5962, -45.8670, 154.6526, -1.5935, 71.3386, -60.7151, -0.324051, -0.939854, -0.108006, 0.054867, 0.944925, -0.327093, 0.011253, 0.102371, -0.045904, -0.098411, 0.994087, 0.401601, 0.000000, 0.000000, 0.000000, 1.000000, -0.046008, -0.098374, 0.994085, 0.470596, 0.324051, 0.939854, 0.108005, -0.045867, -0.944920, 0.327104, -0.011363, 0.154653, 0.000000, 0.000000, 0.000000, 1.000000, 0.997805, 0.003727, 0.066113, -0.001593, 0.066198, -0.080633, -0.994543, 0.071339, 0.001624, 0.996737, -0.080703, -0.060715, 0.000000, 0.000000, 0.000000, 1.000000
-19.5520, 54.8728, 102.3428, 401.5935, 470.5885, -45.8731, 154.6810, -1.5918, 71.3379, -60.7153, -0.323937, -0.939897, -0.107972, 0.054873, 0.944964, -0.326979, 0.011272, 0.102343, -0.045899, -0.098379, 0.994090, 0.401594, 0.000000, 0.000000, 0.000000, 1.000000, -0.046004, -0.098342, 0.994089, 0.470588, 0.323937, 0.939897, 0.107972, -0.045873, -0.944959, 0.326990, -0.011382, 0.154681, 0.000000, 0.000000, 0.000000, 1.000000, 0.997805, 0.003727, 0.066117, -0.001592, 0.066202, -0.080632, -0.994543, 0.071338, 0.001624, 0.996737, -0.080702, -0.060715, 0.000000, 0.000000, 0.000000, 1.000000
-19.5447, 54.8789, 102.3139, 401.5857, 470.5807, -45.8792, 154.7097, -1.5901, 71.3373, -60.7155, -0.323822, -0.939941, -0.107938, 0.054879, 0.945004, -0.326863, 0.011292, 0.102314, -0.045895, -0.098346, 0.994093, 0.401586, 0.000000, 0.000000, 0.000000, 1.000000, -0.046000, -0.098309, 0.994092, 0.470581, 0.323822, 0.939941, 0.107938, -0.045879, -0.944999, 0.326874, -0.011403, 0.154710, 0.000000, 0.000000, 0.000000, 1.000000, 0.997805, 0.003727, 0.066120, -0.001590, 0.066205, -0.080632, -0.994543, 0.071337, 0.001625, 0.996737, -0.080701, -0.060715, 0.000000, 0.000000, 0.000000, 1.000000
-19.5297, 54.8915, 102.2555, 401.5699, 470.5648, -45.8918, 154.7679, -1.5867, 71.3360, -60.7159, -0.323585, -0.940030, -0.107869, 0.054892, 0.945086, -0.326626, 0.011334, 0.102255, -0.045887, -0.098278, 0.994101, 0.401570, 0.000000, 0.000000, 0.000000, 1.000000, -0.045993, -0.098241, 0.994099, 0.470565, 0.323585, 0.940030, 0.107868, -0.045892, -0.945081, 0.326637, -0.011445, 0.154768, 0.000000, 0.000000, 0.000000, 1.000000, 0.997804, 0.003726, 0.066128, -0.001587, 0.066213, -0.080630, -0.994542, 0.071336, 0.001626, 0.996737, -0.080700, -0.060716, 0.000000, 0.000000, 0.000000, 1.000000
-19.5144, 54.9044, 102.1970, 401.5538, 470.5487, -45.9047, 154.8261, -1.5831, 71.3347, -60.7164, -0.323343, -0.940122, -0.107798, 0.054904, 0.945169, -0.326384, 0.011380, 0.102197, -0.045882, -0.098208, 0.994108, 0.401554, 0.000000, 0.000000, 0.000000, 1.000000, -0.045988, -0.098171, 0.994106, 0.470549, 0.323343, 0.940122, 0.107797, -0.045905, -0.945164, 0.326395, -0.011492, 0.154826, 0.000000, 0.000000, 0.000000, 1.000000, 0.997804, 0.003726, 0.066135, -0.001583, 0.066220, -0.080629, -0.994542, 0.071335, 0.001627, 0.996737, -0.080699, -0.060716, 0.000000, 0.000000, 0.000000, 1.000000
-19.5068, 54.9108, 102.1684, 401.5459, 470.5408, -45.9111, 154.8546, -1.5814, 71.3341, -60.7166, -0.323223, -0.940167, -0.107763, 0.054911, 0.945210, -0.326263, 0.011404, 0.102168, -0.045881, -0.098172, 0.994111, 0.401546, 0.000000, 0.000000, 0.000000, 1.000000, -0.045987, -0.098135, 0.994110, 0.470541, 0.323223, 0.940167, 0.107762, -0.045911, -0.945205, 0.326274, -0.011516, 0.154855, 0.000000, 0.000000, 0.000000, 1.000000, 0.997803, 0.003725, 0.066139, -0.001581, 0.066224, -0.080628, -0.994542, 0.071334, 0.001628, 0.996737, -0.080698, -0.060717, 0.000000, 0.000000, 0.000000, 1.000000
