# Joint_A_Angle(deg), Cam_X(mm), Cam_Y(mm), Cam_Z(mm), Torso_X(mm), Torso_Y(mm), Torso_Z(mm), EE_X(mm), EE_Y(mm), EE_Z(mm), T_cam2marker_flat(16), T_torso2marker_flat(16), T_ee2marker_flat(16)
-19.9992, 54.5233, 103.6072, 401.9797, 470.9726, -45.5236, 153.3983, -2.1024, 70.4384, -59.9326, -0.330889, -0.937252, -0.109872, 0.054523, 0.942592, -0.333827, 0.008976, 0.103607, -0.045091, -0.100594, 0.993905, 0.401980, 0.000000, 0.000000, 0.000000, 1.000000, -0.045233, -0.100543, 0.993904, 0.470973, 0.330889, 0.937252, 0.109871, -0.045524, -0.942585, 0.333842, -0.009126, 0.153398, 0.000000, 0.000000, 0.000000, 1.000000, 0.997853, 0.005024, 0.065294, -0.002102, 0.065487, -0.076691, -0.994902, 0.070438, 0.000009, 0.997042, -0.076856, -0.059933, 0.000000, 0.000000, 0.000000, 1.000000
-19.9992, 54.5232, 103.6093, 401.9800, 470.9729, -45.5236, 153.3964, -2.1024, 70.4384, -59.9326, -0.330890, -0.937251, -0.109872, 0.054523, 0.942591, -0.333828, 0.008980, 0.103609, -0.045095, -0.100593, 0.993905, 0.401980, 0.000000, 0.000000, 0.000000, 1.000000, -0.045237, -0.100542, 0.993904, 0.470973, 0.330890, 0.937251, 0.109871, -0.045524, -0.942584, 0.333843, -0.009130, 0.153396, 0.000000, 0.000000, 0.000000, 1.000000, 0.997853, 0.005024, 0.065294, -0.002102, 0.065487, -0.076691, -0.994902, 0.070438, 0.000009, 0.997042, -0.076856, -0.059933, 0.000000, 0.000000, 0.000000, 1.000000
-19.9992, 54.5232, 103.6115, 401.9803, 470.9733, -45.5235, 153.3944, -2.1024, 70.4384, -59.9326, -0.330891, -0.937251, -0.109873, 0.054523, 0.942591, -0.333829, 0.008985, 0.103612, -0.045099, -0.100592, 0.993905, 0.401980, 0.000000, 0.000000, 0.000000, 1.000000, -0.045241, -0.100541, 0.993904, 0.470973, 0.330891, 0.937251, 0.109872, -0.045524, -0.942584, 0.333844, -0.009134, 0.153394, 0.000000, 0.000000, 0.000000, 1.000000, 0.997853, 0.005024, 0.065294, -0.002102, 0.065487, -0.076691, -0.994902, 0.070438, 0.000009, 0.997042, -0.076856, -0.059933, 0.000000, 0.000000, 0.000000, 1.000000
-19.9993, 54.5231, 103.6138, 401.9806, 470.9736, -45.5235, 153.3923, -2.1024, 70.4384, -59.9326, -0.330892, -0.937251, -0.109873, 0.054523, 0.942590, -0.333831, 0.008989, 0.103614, -0.045104, -0.100591, 0.993905, 0.401981, 0.000000, 0.000000, 0.000000, 1.000000, -0.045245, -0.100540, 0.993904, 0.470974, 0.330892, 0.937251, 0.109872, -0.045523, -0.942583, 0.333846, -0.009138, 0.153392, 0.000000, 0.000000, 0.000000, 1.000000, 0.997853, 0.005024, 0.065294, -0.002102, 0.065487, -0.076691, -0.994902, 0.070438, 0.000009, 0.997042, -0.076856, -0.059933, 0.000000, 0.000000, 0.000000, 1.000000
-19.9993, 54.5230, 103.6161, 401.9810, 470.9739, -45.5234, 153.3901, -2.1024, 70.4384, -59.9326, -0.330893, -0.937250, -0.109874, 0.054523, 0.942590, -0.333832, 0.008994, 0.103616, -0.045109, -0.100590, 0.993905, 0.401981, 0.000000, 0.000000, 0.000000, 1.000000, -0.045250, -0.100539, 0.993904, 0.470974, 0.330893, 0.937250, 0.109873, -0.045523, -0.942583, 0.333847, -0.009143, 0.153390, 0.000000, 0.000000, 0.000000, 1.000000, 0.997853, 0.005024, 0.065294, -0.002102, 0.065487, -0.076691, -0.994902, 0.070438, 0.000009, 0.997042, -0.076856, -0.059933, 0.000000, 0.000000, 0.000000, 1.000000
-19.9992, 54.5230, 103.6205, 401.9815, 470.9745, -45.5233, 153.3861, -2.1024, 70.4384, -59.9325, -0.330893, -0.937250, -0.109874, 0.054523, 0.942589, -0.333834, 0.009004, 0.103620, -0.045118, -0.100587, 0.993905, 0.401982, 0.000000, 0.000000, 0.000000, 1.000000, -0.045258, -0.100536, 0.993903, 0.470975, 0.330893, 0.937250, 0.109873, -0.045523, -0.942582, 0.333849, -0.009152, 0.153386, 0.000000, 0.000000, 0.000000, 1.000000, 0.997853, 0.005024, 0.065294, -0.002102, 0.065487, -0.076691, -0.994902, 0.070438, 0.000009, 0.997042, -0.076855, -0.059933, 0.000000, 0.000000, 0.000000, 1.000000
-19.9989, 54.5232, 103.6237, 401.9817, 470.9748, -45.5235, 153.3834, -2.1023, 70.4383, -59.9326, -0.330889, -0.937252, -0.109873, 0.054523, 0.942590, -0.333830, 0.009015, 0.103624, -0.045128, -0.100582, 0.993905, 0.401982, 0.000000, 0.000000, 0.000000, 1.000000, -0.045267, -0.100532, 0.993904, 0.470975, 0.330889, 0.937252, 0.109872, -0.045524, -0.942583, 0.333845, -0.009162, 0.153383, 0.000000, 0.000000, 0.000000, 1.000000, 0.997853, 0.005024, 0.065294, -0.002102, 0.065487, -0.076691, -0.994902, 0.070438, 0.000009, 0.997042, -0.076855, -0.059933, 0.000000, 0.000000, 0.000000, 1.000000
-19.9987, 54.5233, 103.6242, 401.9817, 470.9747, -45.5237, 153.3830, -2.1023, 70.4383, -59.9326, -0.330886, -0.937253, -0.109872, 0.054523, 0.942591, -0.333828, 0.009018, 0.103624, -0.045130, -0.100581, 0.993905, 0.401982, 0.000000, 0.000000, 0.000000, 1.000000, -0.045269, -0.100531, 0.993904, 0.470975, 0.330886, 0.937253, 0.109871, -0.045524, -0.942584, 0.333843, -0.009164, 0.153383, 0.000000, 0.000000, 0.000000, 1.000000, 0.997853, 0.005024, 0.065294, -0.002102, 0.065487, -0.076691, -0.994902, 0.070438, 0.000009, 0.997042, -0.076855, -0.059933, 0.000000, 0.000000, 0.000000, 1.000000
-19.9981, 54.5237, 103.6245, 401.9814, 470.9745, -45.5241, 153.3829, -2.1021, 70.4383, -59.9326, -0.330878, -0.937256, -0.109870, 0.054524, 0.942593, -0.333820, 0.009025, 0.103625, -0.045135, -0.100577, 0.993905, 0.401981, 0.000000, 0.000000, 0.000000, 1.000000, -0.045274, -0.100527, 0.993904, 0.470974, 0.330878, 0.937256, 0.109869, -0.045524, -0.942587, 0.333835, -0.009171, 0.153383, 0.000000, 0.000000, 0.000000, 1.000000, 0.997853, 0.005024, 0.065294, -0.002102, 0.065487, -0.076691, -0.994902, 0.070438, 0.000009, 0.997042, -0.076855, -0.059933, 0.000000, 0.000000, 0.000000, 1.000000
-19.9973, 54.5244, 103.6239, 401.9808, 470.9739, -45.5247, 153.3837, -2.1019, 70.4383, -59.9327, -0.330866, -0.937261, -0.109866, 0.054524, 0.942598, -0.333808, 0.009033, 0.103624, -0.045141, -0.100571, 0.993905, 0.401981, 0.000000, 0.000000, 0.000000, 1.000000, -0.045279, -0.100521, 0.993904, 0.470974, 0.330866, 0.937261, 0.109865, -0.045525, -0.942591, 0.333823, -0.009179, 0.153384, 0.000000, 0.000000, 0.000000, 1.000000, 0.997853, 0.005024, 0.065294, -0.002102, 0.065487, -0.076691, -0.994902, 0.070438, 0.000009, 0.997042, -0.076856, -0.059933, 0.000000, 0.000000, 0.000000, 1.000000
-19.9961, 54.5253, 103.6221, 401.9798, 470.9730, -45.5257, 153.3857, -2.1016, 70.4382, -59.9327, -0.330848, -0.937268, -0.109861, 0.054525, 0.942604, -0.333791, 0.009043, 0.103622, -0.045146, -0.100564, 0.993906, 0.401980, 0.000000, 0.000000, 0.000000, 1.000000, -0.045284, -0.100514, 0.993905, 0.470973, 0.330848, 0.937268, 0.109860, -0.045526, -0.942597, 0.333806, -0.009188, 0.153386, 0.000000, 0.000000, 0.000000, 1.000000, 0.997853, 0.005024, 0.065295, -0.002102, 0.065488, -0.076691, -0.994902, 0.070438, 0.000010, 0.997042, -0.076856, -0.059933, 0.000000, 0.000000, 0.000000, 1.000000
-19.9944, 54.5266, 103.6190, 401.9785, 470.9717, -45.5270, 153.3890, -2.1012, 70.4382, -59.9329, -0.330823, -0.937277, -0.109854, 0.054527, 0.942612, -0.333767, 0.009054, 0.103619, -0.045152, -0.100554, 0.993907, 0.401978, 0.000000, 0.000000, 0.000000, 1.000000, -0.045289, -0.100505, 0.993905, 0.470972, 0.330823, 0.937277, 0.109853, -0.045527, -0.942605, 0.333782, -0.009199, 0.153389, 0.000000, 0.000000, 0.000000, 1.000000, 0.997853, 0.005023, 0.065296, -0.002101, 0.065489, -0.076691, -0.994902, 0.070438, 0.000010, 0.997042, -0.076856, -0.059933, 0.000000, 0.000000, 0.000000, 1.000000
-19.9911, 54.5293, 103.6115, 401.9756, 470.9688, -45.5297, 153.3969, -2.1004, 70.4380, -59.9331, -0.330773, -0.937297, -0.109839, 0.054529, 0.942629, -0.333718, 0.009076, 0.103612, -0.045162, -0.100535, 0.993908, 0.401976, 0.000000, 0.000000, 0.000000, 1.000000, -0.045298, -0.100486, 0.993907, 0.470969, 0.330773, 0.937297, 0.109838, -0.045530, -0.942623, 0.333732, -0.009220, 0.153397, 0.000000, 0.000000, 0.000000, 1.000000, 0.997853, 0.005023, 0.065297, -0.002100, 0.065490, -0.076692, -0.994902, 0.070438, 0.000010, 0.997042, -0.076856, -0.059933, 0.000000, 0.000000, 0.000000, 1.000000
-19.9898, 54.5304, 103.6082, 401.9744, 470.9676, -45.5308, 153.4003, -2.1001, 70.4380, -59.9332, -0.330752, -0.937305, -0.109833, 0.054530, 0.942636, -0.333698, 0.009084, 0.103608, -0.045165, -0.100528, 0.993909, 0.401974, 0.000000, 0.000000, 0.000000, 1.000000, -0.045301, -0.100479, 0.993907, 0.470968, 0.330752, 0.937305, 0.109832, -0.045531, -0.942630, 0.333712, -0.009227, 0.153400, 0.000000, 0.000000, 0.000000, 1.000000, 0.997853, 0.005023, 0.065298, -0.002100, 0.065491, -0.076692, -0.994902, 0.070438, 0.000011, 0.997042, -0.076856, -0.059933, 0.000000, 0.000000, 0.000000, 1.000000
-19.9866, 54.5330, 103.6003, 401.9715, 470.9648, -45.5334, 153.4085, -2.0993, 70.4378, -59.9334, -0.330704, -0.937323, -0.109819, 0.054533, 0.942653, -0.333651, 0.009102, 0.103600, -0.045173, -0.100511, 0.993910, 0.401972, 0.000000, 0.000000, 0.000000, 1.000000, -0.045308, -0.100462, 0.993909, 0.470965, 0.330704, 0.937323, 0.109818, -0.045533, -0.942646, 0.333665, -0.009245, 0.153409, 0.000000, 0.000000, 0.000000, 1.000000, 0.997853, 0.005022, 0.065299, -0.002099, 0.065492, -0.076692, -0.994902, 0.070438, 0.000011, 0.997042, -0.076857, -0.059933, 0.000000, 0.000000, 0.000000, 1.000000
-19.9829, 54.5361, 103.5905, 401.9681, 470.9614, -45.5365, 153.4185, -2.0984, 70.4377, -59.9336, -0.330647, -0.937345, -0.109802, 0.054536, 0.942672, -0.333595, 0.009123, 0.103591, -0.045180, -0.100491, 0.993912, 0.401968, 0.000000, 0.000000, 0.000000, 1.000000, -0.045315, -0.100442, 0.993910, 0.470961, 0.330647, 0.937345, 0.109801, -0.045536, -0.942666, 0.333609, -0.009265, 0.153419, 0.000000, 0.000000, 0.000000, 1.000000, 0.997853, 0.005022, 0.065301, -0.002098, 0.065494, -0.076693, -0.994901, 0.070438, 0.000012, 0.997042, -0.076857, -0.059934, 0.000000, 0.000000, 0.000000, 1.000000
-19.9809, 54.5378, 103.5850, 401.9662, 470.9595, -45.5382, 153.4242, -2.0979, 70.4376, -59.9338, -0.330615, -0.937358, -0.109793, 0.054538, 0.942683, -0.333564, 0.009134, 0.103585, -0.045185, -0.100480, 0.993913, 0.401966, 0.000000, 0.000000, 0.000000, 1.000000, -0.045319, -0.100431, 0.993911, 0.470960, 0.330615, 0.937358, 0.109792, -0.045538, -0.942677, 0.333578, -0.009276, 0.153424, 0.000000, 0.000000, 0.000000, 1.000000, 0.997853, 0.005022, 0.065302, -0.002098, 0.065495, -0.076693, -0.994901, 0.070438, 0.000012, 0.997042, -0.076857, -0.059934, 0.000000, 0.000000, 0.000000, 1.000000
-19.9685, 54.5482, 103.5506, 401.9547, 470.9480, -45.5485, 153.4592, -2.0949, 70.4371, -59.9346, -0.330425, -0.937431, -0.109736, 0.054548, 0.942749, -0.333376, 0.009200, 0.103551, -0.045208, -0.100414, 0.993918, 0.401955, 0.000000, 0.000000, 0.000000, 1.000000, -0.045341, -0.100366, 0.993917, 0.470948, 0.330425, 0.937431, 0.109736, -0.045549, -0.942743, 0.333390, -0.009341, 0.153459, 0.000000, 0.000000, 0.000000, 1.000000, 0.997853, 0.005020, 0.065308, -0.002095, 0.065501, -0.076694, -0.994901, 0.070437, 0.000014, 0.997042, -0.076858, -0.059935, 0.000000, 0.000000, 0.000000, 1.000000
-19.9627, 54.5530, 103.5342, 401.9492, 470.9426, -45.5534, 153.4759, -2.0935, 70.4369, -59.9350, -0.330335, -0.937466, -0.109710, 0.054553, 0.942780, -0.333288, 0.009230, 0.103534, -0.045218, -0.100384, 0.993921, 0.401949, 0.000000, 0.000000, 0.000000, 1.000000, -0.045350, -0.100336, 0.993920, 0.470943, 0.330335, 0.937466, 0.109709, -0.045553, -0.942774, 0.333302, -0.009370, 0.153476, 0.000000, 0.000000, 0.000000, 1.000000, 0.997852, 0.005020, 0.065311, -0.002093, 0.065503, -0.076695, -0.994901, 0.070437, 0.000015, 0.997042, -0.076859, -0.059935, 0.000000, 0.000000, 0.000000, 1.000000
-19.9563, 54.5584, 103.5160, 401.9432, 470.9366, -45.5587, 153.4944, -2.0919, 70.4367, -59.9355, -0.330237, -0.937504, -0.109681, 0.054558, 0.942814, -0.333192, 0.009262, 0.103516, -0.045228, -0.100350, 0.993924, 0.401943, 0.000000, 0.000000, 0.000000, 1.000000, -0.045360, -0.100303, 0.993922, 0.470937, 0.330238, 0.937504, 0.109680, -0.045559, -0.942807, 0.333206, -0.009402, 0.153494, 0.000000, 0.000000, 0.000000, 1.000000, 0.997852, 0.005019, 0.065314, -0.002092, 0.065506, -0.076695, -0.994900, 0.070437, 0.000016, 0.997042, -0.076859, -0.059935, 0.000000, 0.000000, 0.000000, 1.000000
-19.9495, 54.5641, 103.4962, 401.9367, 470.9302, -45.5645, 153.5144, -2.0902, 70.4364, -59.9359, -0.330132, -0.937545, -0.109650, 0.054564, 0.942850, -0.333087, 0.009297, 0.103496, -0.045239, -0.100314, 0.993927, 0.401937, 0.000000, 0.000000, 0.000000, 1.000000, -0.045371, -0.100267, 0.993926, 0.470930, 0.330132, 0.937545, 0.109649, -0.045564, -0.942844, 0.333101, -0.009436, 0.153514, 0.000000, 0.000000, 0.000000, 1.000000, 0.997852, 0.005018, 0.065317, -0.002090, 0.065510, -0.076696, -0.994900, 0.070436, 0.000017, 0.997042, -0.076860, -0.059936, 0.000000, 0.000000, 0.000000, 1.000000
-19.9421, 54.5703, 103.4749, 401.9298, 470.9232, -45.5707, 153.5360, -2.0885, 70.4361, -59.9364, -0.330019, -0.937588, -0.109617, 0.054570, 0.942889, -0.332976, 0.009333, 0.103475, -0.045251, -0.100276, 0.993930, 0.401930, 0.000000, 0.000000, 0.000000, 1.000000, -0.045382, -0.100229, 0.993929, 0.470923, 0.330019, 0.937588, 0.109616, -0.045571, -0.942883, 0.332990, -0.009472, 0.153536, 0.000000, 0.000000, 0.000000, 1.000000, 0.997852, 0.005017, 0.065321, -0.002088, 0.065513, -0.076697, -0.994900, 0.070436, 0.000018, 0.997042, -0.076861, -0.059936, 0.000000, 0.000000, 0.000000, 1.000000
-19.9344, 54.5769, 103.4522, 401.9224, 470.9159, -45.5773, 153.5591, -2.0865, 70.4358, -59.9370, -0.329898, -0.937635, -0.109581, 0.054577, 0.942931, -0.332857, 0.009372, 0.103452, -0.045262, -0.100236, 0.993934, 0.401922, 0.000000, 0.000000, 0.000000, 1.000000, -0.045393, -0.100189, 0.993932, 0.470916, 0.329898, 0.937635, 0.109580, -0.045577, -0.942924, 0.332871, -0.009510, 0.153559, 0.000000, 0.000000, 0.000000, 1.000000, 0.997851, 0.005016, 0.065324, -0.002087, 0.065517, -0.076698, -0.994900, 0.070436, 0.000019, 0.997042, -0.076862, -0.059937, 0.000000, 0.000000, 0.000000, 1.000000
-19.9176, 54.5911, 103.4028, 401.9064, 470.8999, -45.5915, 153.6090, -2.0824, 70.4352, -59.9381, -0.329639, -0.937735, -0.109505, 0.054591, 0.943020, -0.332601, 0.009455, 0.103403, -0.045288, -0.100148, 0.993941, 0.401906, 0.000000, 0.000000, 0.000000, 1.000000, -0.045417, -0.100102, 0.993940, 0.470900, 0.329639, 0.937735, 0.109504, -0.045591, -0.943014, 0.332615, -0.009591, 0.153609, 0.000000, 0.000000, 0.000000, 1.000000, 0.997851, 0.005015, 0.065332, -0.002082, 0.065524, -0.076699, -0.994899, 0.070435, 0.000022, 0.997042, -0.076863, -0.059938, 0.000000, 0.000000, 0.000000, 1.000000
-19.9087, 54.5987, 103.3765, 401.8979, 470.8915, -45.5990, 153.6355, -2.0803, 70.4349, -59.9387, -0.329502, -0.937788, -0.109464, 0.054599, 0.943068, -0.332465, 0.009498, 0.103377, -0.045301, -0.100102, 0.993945, 0.401898, 0.000000, 0.000000, 0.000000, 1.000000, -0.045429, -0.100056, 0.993944, 0.470891, 0.329502, 0.937788, 0.109463, -0.045599, -0.943061, 0.332479, -0.009634, 0.153636, 0.000000, 0.000000, 0.000000, 1.000000, 0.997851, 0.005014, 0.065337, -0.002080, 0.065529, -0.076700, -0.994899, 0.070435, 0.000023, 0.997042, -0.076864, -0.059939, 0.000000, 0.000000, 0.000000, 1.000000
-19.8995, 54.6064, 103.3495, 401.8891, 470.8828, -45.6068, 153.6629, -2.0780, 70.4345, -59.9393, -0.329360, -0.937842, -0.109422, 0.054606, 0.943116, -0.332326, 0.009543, 0.103349, -0.045314, -0.100055, 0.993950, 0.401889, 0.000000, 0.000000, 0.000000, 1.000000, -0.045442, -0.100009, 0.993948, 0.470883, 0.329360, 0.937843, 0.109422, -0.045607, -0.943110, 0.332340, -0.009678, 0.153663, 0.000000, 0.000000, 0.000000, 1.000000, 0.997850, 0.005013, 0.065341, -0.002078, 0.065533, -0.076701, -0.994898, 0.070435, 0.000025, 0.997042, -0.076865, -0.059939, 0.000000, 0.000000, 0.000000, 1.000000
-19.8902, 54.6144, 103.3217, 401.8802, 470.8739, -45.6148, 153.6910, -2.0757, 70.4342, -59.9400, -0.329216, -0.937898, -0.109380, 0.054614, 0.943166, -0.332183, 0.009589, 0.103322, -0.045327, -0.100006, 0.993954, 0.401880, 0.000000, 0.000000, 0.000000, 1.000000, -0.045455, -0.099961, 0.993953, 0.470874, 0.329216, 0.937898, 0.109379, -0.045615, -0.943160, 0.332197, -0.009723, 0.153691, 0.000000, 0.000000, 0.000000, 1.000000, 0.997850, 0.005012, 0.065345, -0.002076, 0.065537, -0.076702, -0.994898, 0.070434, 0.000026, 0.997041, -0.076866, -0.059940, 0.000000, 0.000000, 0.000000, 1.000000
-19.8806, 54.6226, 103.2932, 401.8710, 470.8647, -45.6229, 153.7197, -2.0734, 70.4338, -59.9406, -0.329068, -0.937955, -0.109336, 0.054623, 0.943217, -0.332037, 0.009635, 0.103293, -0.045341, -0.099957, 0.993958, 0.401871, 0.000000, 0.000000, 0.000000, 1.000000, -0.045468, -0.099911, 0.993957, 0.470865, 0.329068, 0.937955, 0.109335, -0.045623, -0.943211, 0.332050, -0.009769, 0.153720, 0.000000, 0.000000, 0.000000, 1.000000, 0.997850, 0.005010, 0.065350, -0.002073, 0.065542, -0.076703, -0.994897, 0.070434, 0.000028, 0.997041, -0.076867, -0.059941, 0.000000, 0.000000, 0.000000, 1.000000
-19.8709, 54.6309, 103.2642, 401.8617, 470.8554, -45.6312, 153.7491, -2.0710, 70.4334, -59.9413, -0.328917, -0.938013, -0.109291, 0.054631, 0.943269, -0.331888, 0.009682, 0.103264, -0.045354, -0.099906, 0.993963, 0.401862, 0.000000, 0.000000, 0.000000, 1.000000, -0.045481, -0.099861, 0.993961, 0.470855, 0.328917, 0.938013, 0.109290, -0.045631, -0.943263, 0.331901, -0.009815, 0.153749, 0.000000, 0.000000, 0.000000, 1.000000, 0.997850, 0.005009, 0.065355, -0.002071, 0.065546, -0.076704, -0.994897, 0.070433, 0.000029, 0.997041, -0.076868, -0.059941, 0.000000, 0.000000, 0.000000, 1.000000
-19.8560, 54.6436, 103.2199, 401.8474, 470.8412, -45.6439, 153.7939, -2.0674, 70.4329, -59.9423, -0.328687, -0.938102, -0.109223, 0.054644, 0.943348, -0.331661, 0.009754, 0.103220, -0.045375, -0.099830, 0.993969, 0.401847, 0.000000, 0.000000, 0.000000, 1.000000, -0.045501, -0.099785, 0.993968, 0.470841, 0.328687, 0.938102, 0.109223, -0.045644, -0.943342, 0.331674, -0.009886, 0.153794, 0.000000, 0.000000, 0.000000, 1.000000, 0.997849, 0.005008, 0.065362, -0.002067, 0.065553, -0.076706, -0.994896, 0.070433, 0.000031, 0.997041, -0.076869, -0.059942, 0.000000, 0.000000, 0.000000, 1.000000
-19.8312, 54.6649, 103.1457, 401.8235, 470.8174, -45.6652, 153.8688, -2.0613, 70.4319, -59.9440, -0.328303, -0.938250, -0.109110, 0.054665, 0.943480, -0.331281, 0.009874, 0.103146, -0.045410, -0.099701, 0.993981, 0.401824, 0.000000, 0.000000, 0.000000, 1.000000, -0.045534, -0.099657, 0.993979, 0.470817, 0.328303, 0.938250, 0.109109, -0.045665, -0.943474, 0.331294, -0.010004, 0.153869, 0.000000, 0.000000, 0.000000, 1.000000, 0.997848, 0.005005, 0.065374, -0.002061, 0.065565, -0.076709, -0.994896, 0.070432, 0.000035, 0.997041, -0.076872, -0.059944, 0.000000, 0.000000, 0.000000, 1.000000
-19.8263, 54.6691, 103.1310, 401.8188, 470.8127, -45.6694, 153.8836, -2.0601, 70.4317, -59.9443, -0.328227, -0.938279, -0.109087, 0.054669, 0.943506, -0.331206, 0.009897, 0.103131, -0.045417, -0.099676, 0.993983, 0.401819, 0.000000, 0.000000, 0.000000, 1.000000, -0.045540, -0.099632, 0.993982, 0.470813, 0.328227, 0.938279, 0.109086, -0.045669, -0.943501, 0.331219, -0.010027, 0.153884, 0.000000, 0.000000, 0.000000, 1.000000, 0.997848, 0.005004, 0.065376, -0.002060, 0.065567, -0.076709, -0.994895, 0.070432, 0.000036, 0.997041, -0.076872, -0.059944, 0.000000, 0.000000, 0.000000, 1.000000
-19.8165, 54.6775, 103.1018, 401.8094, 470.8033, -45.6778, 153.9132, -2.0577, 70.4314, -59.9450, -0.328076, -0.938337, -0.109042, 0.054677, 0.943558, -0.331057, 0.009944, 0.103102, -0.045430, -0.099625, 0.993987, 0.401809, 0.000000, 0.000000, 0.000000, 1.000000, -0.045553, -0.099581, 0.993986, 0.470803, 0.328076, 0.938337, 0.109041, -0.045678, -0.943553, 0.331070, -0.010074, 0.153913, 0.000000, 0.000000, 0.000000, 1.000000, 0.997848, 0.005003, 0.065381, -0.002058, 0.065572, -0.076710, -0.994895, 0.070431, 0.000038, 0.997041, -0.076873, -0.059945, 0.000000, 0.000000, 0.000000, 1.000000
-19.8068, 54.6858, 103.0728, 401.8001, 470.7940, -45.6862, 153.9425, -2.0553, 70.4310, -59.9457, -0.327925, -0.938395, -0.108998, 0.054686, 0.943610, -0.330908, 0.009991, 0.103073, -0.045444, -0.099575, 0.993992, 0.401800, 0.000000, 0.000000, 0.000000, 1.000000, -0.045566, -0.099532, 0.993991, 0.470794, 0.327925, 0.938395, 0.108997, -0.045686, -0.943604, 0.330921, -0.010120, 0.153942, 0.000000, 0.000000, 0.000000, 1.000000, 0.997848, 0.005002, 0.065385, -0.002055, 0.065576, -0.076711, -0.994895, 0.070431, 0.000039, 0.997041, -0.076874, -0.059946, 0.000000, 0.000000, 0.000000, 1.000000
-19.7972, 54.6941, 103.0441, 401.7908, 470.7848, -45.6944, 153.9714, -2.0530, 70.4306, -59.9463, -0.327777, -0.938452, -0.108954, 0.054694, 0.943661, -0.330762, 0.010037, 0.103044, -0.045457, -0.099526, 0.993996, 0.401791, 0.000000, 0.000000, 0.000000, 1.000000, -0.045578, -0.099482, 0.993995, 0.470785, 0.327777, 0.938452, 0.108953, -0.045694, -0.943655, 0.330775, -0.010165, 0.153971, 0.000000, 0.000000, 0.000000, 1.000000, 0.997847, 0.005001, 0.065390, -0.002053, 0.065581, -0.076712, -0.994894, 0.070431, 0.000041, 0.997041, -0.076875, -0.059946, 0.000000, 0.000000, 0.000000, 1.000000
-19.7878, 54.7022, 103.0159, 401.7817, 470.7758, -45.7026, 154.0000, -2.0506, 70.4303, -59.9470, -0.327631, -0.938508, -0.108910, 0.054702, 0.943711, -0.330617, 0.010082, 0.103016, -0.045470, -0.099477, 0.994000, 0.401782, 0.000000, 0.000000, 0.000000, 1.000000, -0.045591, -0.099434, 0.993999, 0.470776, 0.327631, 0.938508, 0.108910, -0.045703, -0.943705, 0.330630, -0.010210, 0.154000, 0.000000, 0.000000, 0.000000, 1.000000, 0.997847, 0.005000, 0.065394, -0.002051, 0.065585, -0.076713, -0.994894, 0.070430, 0.000042, 0.997041, -0.076876, -0.059947, 0.000000, 0.000000, 0.000000, 1.000000
-19.7785, 54.7102, 102.9881, 401.7728, 470.7669, -45.7106, 154.0281, -2.0484, 70.4299, -59.9476, -0.327487, -0.938563, -0.108868, 0.054710, 0.943761, -0.330475, 0.010127, 0.102988, -0.045483, -0.099429, 0.994005, 0.401773, 0.000000, 0.000000, 0.000000, 1.000000, -0.045603, -0.099386, 0.994003, 0.470767, 0.327487, 0.938563, 0.108867, -0.045711, -0.943755, 0.330487, -0.010254, 0.154028, 0.000000, 0.000000, 0.000000, 1.000000, 0.997847, 0.004999, 0.065399, -0.002048, 0.065589, -0.076714, -0.994893, 0.070430, 0.000044, 0.997041, -0.076877, -0.059948, 0.000000, 0.000000, 0.000000, 1.000000
-19.7559, 54.7297, 102.9207, 401.7510, 470.7452, -45.7300, 154.0963, -2.0428, 70.4291, -59.9491, -0.327137, -0.938697, -0.108764, 0.054730, 0.943880, -0.330129, 0.010236, 0.102921, -0.045515, -0.099312, 0.994015, 0.401751, 0.000000, 0.000000, 0.000000, 1.000000, -0.045633, -0.099270, 0.994014, 0.470745, 0.327137, 0.938697, 0.108763, -0.045730, -0.943875, 0.330141, -0.010361, 0.154096, 0.000000, 0.000000, 0.000000, 1.000000, 0.997846, 0.004996, 0.065409, -0.002043, 0.065600, -0.076716, -0.994893, 0.070429, 0.000047, 0.997040, -0.076879, -0.059949, 0.000000, 0.000000, 0.000000, 1.000000
-19.7473, 54.7372, 102.8949, 401.7427, 470.7370, -45.7375, 154.1224, -2.0407, 70.4287, -59.9497, -0.327003, -0.938748, -0.108725, 0.054737, 0.943926, -0.329997, 0.010278, 0.102895, -0.045527, -0.099267, 0.994019, 0.401743, 0.000000, 0.000000, 0.000000, 1.000000, -0.045645, -0.099225, 0.994018, 0.470737, 0.327003, 0.938748, 0.108724, -0.045737, -0.943920, 0.330009, -0.010402, 0.154122, 0.000000, 0.000000, 0.000000, 1.000000, 0.997846, 0.004995, 0.065414, -0.002041, 0.065604, -0.076717, -0.994892, 0.070429, 0.000048, 0.997040, -0.076880, -0.059950, 0.000000, 0.000000, 0.000000, 1.000000
-19.7389, 54.7444, 102.8700, 401.7347, 470.7290, -45.7447, 154.1476, -2.0386, 70.4284, -59.9503, -0.326873, -0.938798, -0.108686, 0.054744, 0.943971, -0.329868, 0.010318, 0.102870, -0.045539, -0.099224, 0.994023, 0.401735, 0.000000, 0.000000, 0.000000, 1.000000, -0.045656, -0.099182, 0.994021, 0.470729, 0.326873, 0.938798, 0.108685, -0.045745, -0.943965, 0.329881, -0.010442, 0.154148, 0.000000, 0.000000, 0.000000, 1.000000, 0.997845, 0.004995, 0.065418, -0.002039, 0.065608, -0.076718, -0.994892, 0.070428, 0.000050, 0.997040, -0.076881, -0.059950, 0.000000, 0.000000, 0.000000, 1.000000
-19.7307, 54.7515, 102.8457, 401.7268, 470.7211, -45.7518, 154.1722, -2.0366, 70.4281, -59.9508, -0.326746, -0.938846, -0.108649, 0.054751, 0.944014, -0.329743, 0.010358, 0.102846, -0.045551, -0.099181, 0.994026, 0.401727, 0.000000, 0.000000, 0.000000, 1.000000, -0.045667, -0.099140, 0.994025, 0.470721, 0.326746, 0.938847, 0.108648, -0.045752, -0.944008, 0.329755, -0.010481, 0.154172, 0.000000, 0.000000, 0.000000, 1.000000, 0.997845, 0.004994, 0.065422, -0.002037, 0.065612, -0.076719, -0.994892, 0.070428, 0.000051, 0.997040, -0.076881, -0.059951, 0.000000, 0.000000, 0.000000, 1.000000
-19.7227, 54.7583, 102.8220, 401.7192, 470.7135, -45.7587, 154.1963, -2.0347, 70.4278, -59.9514, -0.326622, -0.938894, -0.108612, 0.054758, 0.944056, -0.329620, 0.010397, 0.102822, -0.045562, -0.099140, 0.994030, 0.401719, 0.000000, 0.000000, 0.000000, 1.000000, -0.045678, -0.099099, 0.994029, 0.470713, 0.326622, 0.938894, 0.108611, -0.045759, -0.944051, 0.329633, -0.010519, 0.154196, 0.000000, 0.000000, 0.000000, 1.000000, 0.997845, 0.004993, 0.065425, -0.002035, 0.065616, -0.076720, -0.994891, 0.070428, 0.000052, 0.997040, -0.076882, -0.059951, 0.000000, 0.000000, 0.000000, 1.000000
-19.7109, 54.7685, 102.7872, 401.7079, 470.7023, -45.7688, 154.2316, -2.0318, 70.4273, -59.9522, -0.326439, -0.938964, -0.108558, 0.054768, 0.944119, -0.329440, 0.010454, 0.102787, -0.045579, -0.099079, 0.994035, 0.401708, 0.000000, 0.000000, 0.000000, 1.000000, -0.045694, -0.099038, 0.994034, 0.470702, 0.326439, 0.938964, 0.108557, -0.045769, -0.944113, 0.329452, -0.010575, 0.154232, 0.000000, 0.000000, 0.000000, 1.000000, 0.997845, 0.004991, 0.065431, -0.002032, 0.065621, -0.076721, -0.994891, 0.070427, 0.000054, 0.997040, -0.076883, -0.059952, 0.000000, 0.000000, 0.000000, 1.000000
-19.6957, 54.7815, 102.7424, 401.6934, 470.6878, -45.7819, 154.2770, -2.0281, 70.4268, -59.9532, -0.326204, -0.939053, -0.108488, 0.054782, 0.944199, -0.329207, 0.010529, 0.102742, -0.045602, -0.099000, 0.994042, 0.401693, 0.000000, 0.000000, 0.000000, 1.000000, -0.045716, -0.098960, 0.994041, 0.470688, 0.326204, 0.939054, 0.108488, -0.045782, -0.944193, 0.329219, -0.010649, 0.154277, 0.000000, 0.000000, 0.000000, 1.000000, 0.997844, 0.004990, 0.065438, -0.002028, 0.065628, -0.076723, -0.994890, 0.070427, 0.000056, 0.997040, -0.076885, -0.059953, 0.000000, 0.000000, 0.000000, 1.000000
-19.6884, 54.7878, 102.7208, 401.6864, 470.6809, -45.7882, 154.2989, -2.0262, 70.4265, -59.9537, -0.326090, -0.939097, -0.108455, 0.054788, 0.944238, -0.329095, 0.010565, 0.102721, -0.045613, -0.098962, 0.994045, 0.401686, 0.000000, 0.000000, 0.000000, 1.000000, -0.045726, -0.098922, 0.994044, 0.470681, 0.326090, 0.939097, 0.108454, -0.045788, -0.944232, 0.329107, -0.010684, 0.154299, 0.000000, 0.000000, 0.000000, 1.000000, 0.997844, 0.004989, 0.065442, -0.002026, 0.065632, -0.076723, -0.994890, 0.070426, 0.000058, 0.997040, -0.076885, -0.059954, 0.000000, 0.000000, 0.000000, 1.000000
-19.6812, 54.7940, 102.6999, 401.6796, 470.6741, -45.7943, 154.3201, -2.0245, 70.4262, -59.9542, -0.325979, -0.939139, -0.108422, 0.054794, 0.944275, -0.328986, 0.010600, 0.102700, -0.045624, -0.098925, 0.994048, 0.401680, 0.000000, 0.000000, 0.000000, 1.000000, -0.045737, -0.098885, 0.994047, 0.470674, 0.325979, 0.939139, 0.108422, -0.045794, -0.944270, 0.328998, -0.010718, 0.154320, 0.000000, 0.000000, 0.000000, 1.000000, 0.997844, 0.004988, 0.065445, -0.002024, 0.065635, -0.076724, -0.994890, 0.070426, 0.000059, 0.997040, -0.076886, -0.059954, 0.000000, 0.000000, 0.000000, 1.000000
-19.6742, 54.8000, 102.6793, 401.6729, 470.6675, -45.8003, 154.3410, -2.0228, 70.4259, -59.9547, -0.325870, -0.939181, -0.108390, 0.054800, 0.944313, -0.328878, 0.010635, 0.102679, -0.045635, -0.098889, 0.994052, 0.401673, 0.000000, 0.000000, 0.000000, 1.000000, -0.045747, -0.098849, 0.994050, 0.470667, 0.325870, 0.939181, 0.108390, -0.045800, -0.944307, 0.328890, -0.010753, 0.154341, 0.000000, 0.000000, 0.000000, 1.000000, 0.997843, 0.004987, 0.065449, -0.002023, 0.065638, -0.076725, -0.994889, 0.070426, 0.000060, 0.997040, -0.076887, -0.059955, 0.000000, 0.000000, 0.000000, 1.000000
-19.6672, 54.8059, 102.6590, 401.6663, 470.6609, -45.8062, 154.3617, -2.0211, 70.4257, -59.9551, -0.325762, -0.939222, -0.108358, 0.054806, 0.944349, -0.328771, 0.010670, 0.102659, -0.045646, -0.098853, 0.994055, 0.401666, 0.000000, 0.000000, 0.000000, 1.000000, -0.045757, -0.098813, 0.994053, 0.470661, 0.325762, 0.939222, 0.108358, -0.045806, -0.944344, 0.328783, -0.010786, 0.154362, 0.000000, 0.000000, 0.000000, 1.000000, 0.997843, 0.004986, 0.065452, -0.002021, 0.065641, -0.076726, -0.994889, 0.070426, 0.000061, 0.997040, -0.076887, -0.059955, 0.000000, 0.000000, 0.000000, 1.000000
-19.6603, 54.8118, 102.6389, 401.6598, 470.6544, -45.8121, 154.3821, -2.0194, 70.4254, -59.9556, -0.325655, -0.939263, -0.108327, 0.054812, 0.944386, -0.328666, 0.010704, 0.102639, -0.045657, -0.098817, 0.994058, 0.401660, 0.000000, 0.000000, 0.000000, 1.000000, -0.045767, -0.098778, 0.994057, 0.470654, 0.325655, 0.939263, 0.108326, -0.045812, -0.944380, 0.328677, -0.010820, 0.154382, 0.000000, 0.000000, 0.000000, 1.000000, 0.997843, 0.004986, 0.065455, -0.002019, 0.065645, -0.076726, -0.994889, 0.070425, 0.000062, 0.997040, -0.076888, -0.059956, 0.000000, 0.000000, 0.000000, 1.000000
-19.6499, 54.8206, 102.6089, 401.6500, 470.6447, -45.8209, 154.4126, -2.0168, 70.4250, -59.9563, -0.325495, -0.939324, -0.108280, 0.054821, 0.944440, -0.328507, 0.010756, 0.102609, -0.045674, -0.098763, 0.994062, 0.401650, 0.000000, 0.000000, 0.000000, 1.000000, -0.045783, -0.098724, 0.994061, 0.470645, 0.325495, 0.939324, 0.108279, -0.045821, -0.944435, 0.328519, -0.010871, 0.154413, 0.000000, 0.000000, 0.000000, 1.000000, 0.997843, 0.004985, 0.065460, -0.002017, 0.065650, -0.076727, -0.994888, 0.070425, 0.000064, 0.997040, -0.076889, -0.059956, 0.000000, 0.000000, 0.000000, 1.000000
-19.6361, 54.8322, 102.5689, 401.6370, 470.6318, -45.8325, 154.4532, -2.0134, 70.4245, -59.9572, -0.325281, -0.939405, -0.108217, 0.054832, 0.944513, -0.328297, 0.010825, 0.102569, -0.045696, -0.098692, 0.994068, 0.401637, 0.000000, 0.000000, 0.000000, 1.000000, -0.045804, -0.098653, 0.994067, 0.470632, 0.325281, 0.939405, 0.108217, -0.045833, -0.944507, 0.328308, -0.010938, 0.154453, 0.000000, 0.000000, 0.000000, 1.000000, 0.997842, 0.004983, 0.065467, -0.002013, 0.065656, -0.076729, -0.994888, 0.070424, 0.000066, 0.997040, -0.076890, -0.059957, 0.000000, 0.000000, 0.000000, 1.000000
-19.6292, 54.8380, 102.5491, 401.6306, 470.6254, -45.8383, 154.4733, -2.0117, 70.4242, -59.9577, -0.325175, -0.939445, -0.108186, 0.054838, 0.944549, -0.328192, 0.010859, 0.102549, -0.045708, -0.098656, 0.994071, 0.401631, 0.000000, 0.000000, 0.000000, 1.000000, -0.045815, -0.098618, 0.994070, 0.470625, 0.325175, 0.939445, 0.108185, -0.045838, -0.944544, 0.328203, -0.010972, 0.154473, 0.000000, 0.000000, 0.000000, 1.000000, 0.997842, 0.004982, 0.065470, -0.002012, 0.065659, -0.076729, -0.994888, 0.070424, 0.000067, 0.997040, -0.076891, -0.059958, 0.000000, 0.000000, 0.000000, 1.000000
-19.6224, 54.8437, 102.5294, 401.6242, 470.6190, -45.8440, 154.4934, -2.0101, 70.4240, -59.9581, -0.325069, -0.939485, -0.108155, 0.054844, 0.944585, -0.328087, 0.010894, 0.102529, -0.045719, -0.098620, 0.994074, 0.401624, 0.000000, 0.000000, 0.000000, 1.000000, -0.045825, -0.098583, 0.994073, 0.470619, 0.325069, 0.939486, 0.108154, -0.045844, -0.944580, 0.328098, -0.011006, 0.154493, 0.000000, 0.000000, 0.000000, 1.000000, 0.997842, 0.004981, 0.065473, -0.002010, 0.065662, -0.076730, -0.994887, 0.070424, 0.000068, 0.997039, -0.076892, -0.059958, 0.000000, 0.000000, 0.000000, 1.000000
-19.6155, 54.8495, 102.5096, 401.6177, 470.6126, -45.8498, 154.5135, -2.0084, 70.4237, -59.9586, -0.324962, -0.939526, -0.108124, 0.054849, 0.944621, -0.327982, 0.010928, 0.102510, -0.045730, -0.098585, 0.994077, 0.401618, 0.000000, 0.000000, 0.000000, 1.000000, -0.045836, -0.098547, 0.994076, 0.470613, 0.324962, 0.939526, 0.108123, -0.045850, -0.944616, 0.327993, -0.011040, 0.154514, 0.000000, 0.000000, 0.000000, 1.000000, 0.997842, 0.004981, 0.065476, -0.002008, 0.065666, -0.076731, -0.994887, 0.070424, 0.000069, 0.997039, -0.076892, -0.059959, 0.000000, 0.000000, 0.000000, 1.000000
-19.6086, 54.8552, 102.4898, 401.6113, 470.6062, -45.8555, 154.5336, -2.0067, 70.4234, -59.9591, -0.324856, -0.939566, -0.108093, 0.054855, 0.944657, -0.327877, 0.010963, 0.102490, -0.045742, -0.098549, 0.994080, 0.401611, 0.000000, 0.000000, 0.000000, 1.000000, -0.045847, -0.098512, 0.994079, 0.470606, 0.324856, 0.939566, 0.108092, -0.045856, -0.944652, 0.327888, -0.011074, 0.154534, 0.000000, 0.000000, 0.000000, 1.000000, 0.997841, 0.004980, 0.065480, -0.002007, 0.065669, -0.076732, -0.994887, 0.070423, 0.000070, 0.997039, -0.076893, -0.059959, 0.000000, 0.000000, 0.000000, 1.000000
-19.6017, 54.8610, 102.4698, 401.6048, 470.5997, -45.8613, 154.5539, -2.0050, 70.4232, -59.9595, -0.324748, -0.939607, -0.108061, 0.054861, 0.944693, -0.327771, 0.010998, 0.102470, -0.045753, -0.098513, 0.994083, 0.401605, 0.000000, 0.000000, 0.000000, 1.000000, -0.045858, -0.098476, 0.994082, 0.470600, 0.324748, 0.939607, 0.108061, -0.045861, -0.944688, 0.327782, -0.011108, 0.154554, 0.000000, 0.000000, 0.000000, 1.000000, 0.997841, 0.004979, 0.065483, -0.002005, 0.065672, -0.076732, -0.994887, 0.070423, 0.000071, 0.997039, -0.076894, -0.059960, 0.000000, 0.000000, 0.000000, 1.000000
-19.5947, 54.8668, 102.4497, 401.5983, 470.5932, -45.8671, 154.5744, -2.0033, 70.4229, -59.9600, -0.324640, -0.939648, -0.108030, 0.054867, 0.944730, -0.327664, 0.011033, 0.102450, -0.045765, -0.098477, 0.994086, 0.401598, 0.000000, 0.000000, 0.000000, 1.000000, -0.045869, -0.098440, 0.994085, 0.470593, 0.324640, 0.939648, 0.108029, -0.045867, -0.944725, 0.327675, -0.011143, 0.154574, 0.000000, 0.000000, 0.000000, 1.000000, 0.997841, 0.004978, 0.065486, -0.002003, 0.065675, -0.076733, -0.994886, 0.070423, 0.000072, 0.997039, -0.076894, -0.059960, 0.000000, 0.000000, 0.000000, 1.000000
-19.5876, 54.8727, 102.4294, 401.5917, 470.5867, -45.8730, 154.5950, -2.0015, 70.4226, -59.9605, -0.324531, -0.939689, -0.107998, 0.054873, 0.944767, -0.327556, 0.011069, 0.102429, -0.045777, -0.098440, 0.994090, 0.401592, 0.000000, 0.000000, 0.000000, 1.000000, -0.045880, -0.098404, 0.994088, 0.470587, 0.324531, 0.939690, 0.107997, -0.045873, -0.944762, 0.327567, -0.011178, 0.154595, 0.000000, 0.000000, 0.000000, 1.000000, 0.997841, 0.004978, 0.065490, -0.002002, 0.065679, -0.076734, -0.994886, 0.070423, 0.000073, 0.997039, -0.076895, -0.059960, 0.000000, 0.000000, 0.000000, 1.000000
-19.5805, 54.8787, 102.4088, 401.5850, 470.5800, -45.8790, 154.6160, -1.9998, 70.4224, -59.9609, -0.324420, -0.939731, -0.107965, 0.054879, 0.944804, -0.327447, 0.011105, 0.102409, -0.045789, -0.098403, 0.994093, 0.401585, 0.000000, 0.000000, 0.000000, 1.000000, -0.045891, -0.098367, 0.994092, 0.470580, 0.324420, 0.939732, 0.107964, -0.045879, -0.944799, 0.327458, -0.011213, 0.154616, 0.000000, 0.000000, 0.000000, 1.000000, 0.997841, 0.004977, 0.065493, -0.002000, 0.065682, -0.076734, -0.994886, 0.070422, 0.000074, 0.997039, -0.076896, -0.059961, 0.000000, 0.000000, 0.000000, 1.000000
-19.5732, 54.8846, 102.3880, 401.5782, 470.5733, -45.8850, 154.6371, -1.9980, 70.4221, -59.9614, -0.324308, -0.939774, -0.107932, 0.054885, 0.944842, -0.327337, 0.011141, 0.102388, -0.045801, -0.098366, 0.994096, 0.401578, 0.000000, 0.000000, 0.000000, 1.000000, -0.045902, -0.098330, 0.994095, 0.470573, 0.324308, 0.939774, 0.107932, -0.045885, -0.944837, 0.327347, -0.011249, 0.154637, 0.000000, 0.000000, 0.000000, 1.000000, 0.997840, 0.004976, 0.065497, -0.001998, 0.065685, -0.076735, -0.994886, 0.070422, 0.000075, 0.997039, -0.076896, -0.059961, 0.000000, 0.000000, 0.000000, 1.000000
-19.5696, 54.8877, 102.3775, 401.5748, 470.5699, -45.8880, 154.6477, -1.9971, 70.4219, -59.9617, -0.324252, -0.939795, -0.107916, 0.054888, 0.944861, -0.327281, 0.011160, 0.102378, -0.045807, -0.098347, 0.994097, 0.401575, 0.000000, 0.000000, 0.000000, 1.000000, -0.045908, -0.098311, 0.994096, 0.470570, 0.324252, 0.939795, 0.107915, -0.045888, -0.944856, 0.327292, -0.011267, 0.154648, 0.000000, 0.000000, 0.000000, 1.000000, 0.997840, 0.004975, 0.065498, -0.001997, 0.065687, -0.076735, -0.994885, 0.070422, 0.000076, 0.997039, -0.076897, -0.059962, 0.000000, 0.000000, 0.000000, 1.000000
-19.5511, 54.9030, 102.3242, 401.5575, 470.5527, -45.9033, 154.7018, -1.9926, 70.4212, -59.9629, -0.323966, -0.939903, -0.107832, 0.054903, 0.944958, -0.326999, 0.011253, 0.102324, -0.045838, -0.098251, 0.994105, 0.401558, 0.000000, 0.000000, 0.000000, 1.000000, -0.045937, -0.098216, 0.994104, 0.470553, 0.323966, 0.939903, 0.107831, -0.045903, -0.944953, 0.327009, -0.011358, 0.154702, 0.000000, 0.000000, 0.000000, 1.000000, 0.997840, 0.004973, 0.065507, -0.001993, 0.065696, -0.076737, -0.994885, 0.070421, 0.000079, 0.997039, -0.076898, -0.059963, 0.000000, 0.000000, 0.000000, 1.000000
-19.5437, 54.9089, 102.3075, 401.5514, 470.5466, -45.9093, 154.7188, -1.9908, 70.4209, -59.9634, -0.323852, -0.939946, -0.107799, 0.054909, 0.944996, -0.326888, 0.011300, 0.102307, -0.045860, -0.098210, 0.994108, 0.401551, 0.000000, 0.000000, 0.000000, 1.000000, -0.045959, -0.098175, 0.994107, 0.470547, 0.323852, 0.939946, 0.107799, -0.045909, -0.944991, 0.326898, -0.011404, 0.154719, 0.000000, 0.000000, 0.000000, 1.000000, 0.997839, 0.004972, 0.065511, -0.001991, 0.065699, -0.076738, -0.994884, 0.070421, 0.000080, 0.997039, -0.076899, -0.059963, 0.000000, 0.000000, 0.000000, 1.000000
-19.5363, 54.9148, 102.2948, 401.5460, 470.5412, -45.9151, 154.7317, -1.9889, 70.4206, -59.9639, -0.323740, -0.939989, -0.107768, 0.054915, 0.945033, -0.326779, 0.011356, 0.102295, -0.045890, -0.098168, 0.994111, 0.401546, 0.000000, 0.000000, 0.000000, 1.000000, -0.045989, -0.098133, 0.994110, 0.470541, 0.323740, 0.939989, 0.107767, -0.045915, -0.945028, 0.326789, -0.011460, 0.154732, 0.000000, 0.000000, 0.000000, 1.000000, 0.997839, 0.004972, 0.065514, -0.001989, 0.065702, -0.076739, -0.994884, 0.070421, 0.000081, 0.997039, -0.076900, -0.059964, 0.000000, 0.000000, 0.000000, 1.000000
-19.5288, 54.9207, 102.2811, 401.5404, 470.5356, -45.9210, 154.7455, -1.9871, 70.4203, -59.9643, -0.323627, -0.940031, -0.107735, 0.054921, 0.945070, -0.326669, 0.011410, 0.102281, -0.045919, -0.098125, 0.994114, 0.401540, 0.000000, 0.000000, 0.000000, 1.000000, -0.046018, -0.098090, 0.994113, 0.470536, 0.323627, 0.940031, 0.107735, -0.045921, -0.945065, 0.326679, -0.011513, 0.154746, 0.000000, 0.000000, 0.000000, 1.000000, 0.997839, 0.004971, 0.065518, -0.001987, 0.065706, -0.076739, -0.994884, 0.070420, 0.000083, 0.997039, -0.076900, -0.059964, 0.000000, 0.000000, 0.000000, 1.000000
-19.5213, 54.9268, 102.2663, 401.5345, 470.5297, -45.9271, 154.7605, -1.9852, 70.4200, -59.9648, -0.323512, -0.940075, -0.107702, 0.054927, 0.945108, -0.326557, 0.011462, 0.102266, -0.045946, -0.098082, 0.994117, 0.401534, 0.000000, 0.000000, 0.000000, 1.000000, -0.046044, -0.098048, 0.994116, 0.470530, 0.323512, 0.940075, 0.107702, -0.045927, -0.945103, 0.326567, -0.011565, 0.154761, 0.000000, 0.000000, 0.000000, 1.000000, 0.997839, 0.004970, 0.065521, -0.001985, 0.065709, -0.076740, -0.994884, 0.070420, 0.000084, 0.997039, -0.076901, -0.059965, 0.000000, 0.000000, 0.000000, 1.000000
-19.5137, 54.9329, 102.2503, 401.5284, 470.5237, -45.9331, 154.7767, -1.9834, 70.4197, -59.9653, -0.323396, -0.940118, -0.107669, 0.054933, 0.945146, -0.326445, 0.011513, 0.102250, -0.045971, -0.098040, 0.994120, 0.401528, 0.000000, 0.000000, 0.000000, 1.000000, -0.046069, -0.098006, 0.994119, 0.470524, 0.323396, 0.940118, 0.107669, -0.045933, -0.945141, 0.326455, -0.011616, 0.154777, 0.000000, 0.000000, 0.000000, 1.000000, 0.997839, 0.004969, 0.065525, -0.001983, 0.065713, -0.076741, -0.994883, 0.070420, 0.000085, 0.997039, -0.076901, -0.059965, 0.000000, 0.000000, 0.000000, 1.000000
