# Joint_B_Angle(deg), Cam_X(mm), Cam_Y(mm), Cam_Z(mm), Torso_X(mm), Torso_Y(mm), Torso_Z(mm), EE_X(mm), EE_Y(mm), EE_Z(mm), T_cam2marker_flat(16), T_torso2marker_flat(16), T_ee2marker_flat(16)
-19.9815, -56.2228, 8.5565, 461.1369, 530.1407, 65.2225, 248.4770, 100.3917, 9.1610, 4.7049, 0.287686, 0.811442, 0.508722, -0.056223, -0.946075, 0.323376, 0.019208, 0.008557, -0.148922, -0.486815, 0.860717, 0.461137, 0.000000, 0.000000, 0.000000, 1.000000, -0.148848, -0.486841, 0.860715, 0.530141, -0.287686, -0.811442, -0.508722, 0.065222, 0.946087, -0.323338, -0.019276, 0.248477, 0.000000, 0.000000, 0.000000, 1.000000, -0.002908, -0.017461, -0.999843, 0.100392, -0.999266, -0.038129, 0.003572, 0.009161, -0.038186, 0.999120, -0.017337, 0.004705, 0.000000, 0.000000, 0.000000, 1.000000
-19.9794, -56.2269, 8.5911, 461.1458, 530.1497, 65.2265, 248.4423, 100.3918, 9.1611, 4.7049, 0.287610, 0.811459, 0.508739, -0.056227, -0.946103, 0.323298, 0.019195, 0.008591, -0.148898, -0.486840, 0.860707, 0.461146, 0.000000, 0.000000, 0.000000, 1.000000, -0.148824, -0.486866, 0.860705, 0.530150, -0.287610, -0.811458, -0.508739, 0.065227, 0.946114, -0.323260, -0.019263, 0.248442, 0.000000, 0.000000, 0.000000, 1.000000, -0.002908, -0.017461, -0.999843, 0.100392, -0.999266, -0.038129, 0.003572, 0.009161, -0.038186, 0.999120, -0.017337, 0.004705, 0.000000, 0.000000, 0.000000, 1.000000
-19.9779, -56.2301, 8.6205, 461.1535, 530.1574, 65.2297, 248.4127, 100.3919, 9.1611, 4.7048, 0.287551, 0.811471, 0.508752, -0.056230, -0.946124, 0.323235, 0.019191, 0.008620, -0.148874, -0.486861, 0.860699, 0.461154, 0.000000, 0.000000, 0.000000, 1.000000, -0.148799, -0.486887, 0.860697, 0.530157, -0.287551, -0.811471, -0.508753, 0.065230, 0.946136, -0.323196, -0.019259, 0.248413, 0.000000, 0.000000, 0.000000, 1.000000, -0.002908, -0.017461, -0.999843, 0.100392, -0.999266, -0.038130, 0.003572, 0.009161, -0.038186, 0.999120, -0.017338, 0.004705, 0.000000, 0.000000, 0.000000, 1.000000
-19.9768, -56.2325, 8.6447, 461.1600, 530.1639, 65.2321, 248.3884, 100.3919, 9.1612, 4.7048, 0.287509, 0.811480, 0.508761, -0.056233, -0.946141, 0.323186, 0.019194, 0.008645, -0.148849, -0.486878, 0.860694, 0.461160, 0.000000, 0.000000, 0.000000, 1.000000, -0.148774, -0.486904, 0.860692, 0.530164, -0.287509, -0.811480, -0.508762, 0.065232, 0.946153, -0.323147, -0.019262, 0.248388, 0.000000, 0.000000, 0.000000, 1.000000, -0.002908, -0.017461, -0.999843, 0.100392, -0.999266, -0.038130, 0.003572, 0.009161, -0.038186, 0.999120, -0.017338, 0.004705, 0.000000, 0.000000, 0.000000, 1.000000
-19.9761, -56.2347, 8.6714, 461.1675, 530.1714, 65.2343, 248.3615, 100.3920, 9.1612, 4.7048, 0.287477, 0.811488, 0.508768, -0.056235, -0.946156, 0.323139, 0.019212, 0.008671, -0.148813, -0.486897, 0.860689, 0.461167, 0.000000, 0.000000, 0.000000, 1.000000, -0.148737, -0.486924, 0.860687, 0.530171, -0.287477, -0.811487, -0.508769, 0.065234, 0.946168, -0.323100, -0.019281, 0.248361, 0.000000, 0.000000, 0.000000, 1.000000, -0.002908, -0.017462, -0.999843, 0.100392, -0.999266, -0.038130, 0.003572, 0.009161, -0.038186, 0.999120, -0.017338, 0.004705, 0.000000, 0.000000, 0.000000, 1.000000
-19.9761, -56.2353, 8.6832, 461.1710, 530.1749, 65.2349, 248.3495, 100.3920, 9.1612, 4.7048, 0.287472, 0.811489, 0.508769, -0.056235, -0.946161, 0.323124, 0.019231, 0.008683, -0.148790, -0.486906, 0.860688, 0.461171, 0.000000, 0.000000, 0.000000, 1.000000, -0.148714, -0.486932, 0.860686, 0.530175, -0.287472, -0.811488, -0.508769, 0.065235, 0.946173, -0.323085, -0.019300, 0.248349, 0.000000, 0.000000, 0.000000, 1.000000, -0.002908, -0.017462, -0.999843, 0.100392, -0.999266, -0.038130, 0.003572, 0.009161, -0.038186, 0.999120, -0.017338, 0.004705, 0.000000, 0.000000, 0.000000, 1.000000
-19.9763, -56.2353, 8.6908, 461.1734, 530.1773, 65.2350, 248.3419, 100.3920, 9.1612, 4.7048, 0.287479, 0.811487, 0.508767, -0.056235, -0.946163, 0.323119, 0.019253, 0.008691, -0.148768, -0.486911, 0.860689, 0.461173, 0.000000, 0.000000, 0.000000, 1.000000, -0.148693, -0.486938, 0.860687, 0.530177, -0.287479, -0.811487, -0.508767, 0.065235, 0.946174, -0.323080, -0.019322, 0.248342, 0.000000, 0.000000, 0.000000, 1.000000, -0.002908, -0.017462, -0.999843, 0.100392, -0.999266, -0.038130, 0.003572, 0.009161, -0.038186, 0.999120, -0.017338, 0.004705, 0.000000, 0.000000, 0.000000, 1.000000
-19.9768, -56.2349, 8.6944, 461.1749, 530.1788, 65.2345, 248.3381, 100.3920, 9.1612, 4.7048, 0.287496, 0.811484, 0.508763, -0.056235, -0.946161, 0.323123, 0.019278, 0.008694, -0.148749, -0.486914, 0.860691, 0.461175, 0.000000, 0.000000, 0.000000, 1.000000, -0.148673, -0.486940, 0.860689, 0.530179, -0.287495, -0.811484, -0.508763, 0.065235, 0.946173, -0.323084, -0.019347, 0.248338, 0.000000, 0.000000, 0.000000, 1.000000, -0.002908, -0.017462, -0.999843, 0.100392, -0.999266, -0.038130, 0.003572, 0.009161, -0.038186, 0.999120, -0.017338, 0.004705, 0.000000, 0.000000, 0.000000, 1.000000
-19.9776, -56.2336, 8.6938, 461.1754, 530.1794, 65.2332, 248.3386, 100.3919, 9.1612, 4.7048, 0.287531, 0.811477, 0.508754, -0.056234, -0.946153, 0.323142, 0.019315, 0.008694, -0.148726, -0.486913, 0.860695, 0.461175, 0.000000, 0.000000, 0.000000, 1.000000, -0.148650, -0.486940, 0.860693, 0.530179, -0.287531, -0.811477, -0.508755, 0.065233, 0.946165, -0.323103, -0.019385, 0.248339, 0.000000, 0.000000, 0.000000, 1.000000, -0.002908, -0.017461, -0.999843, 0.100392, -0.999266, -0.038130, 0.003572, 0.009161, -0.038186, 0.999120, -0.017338, 0.004705, 0.000000, 0.000000, 0.000000, 1.000000
-19.9780, -56.2325, 8.6901, 461.1748, 530.1788, 65.2321, 248.3422, 100.3919, 9.1612, 4.7048, 0.287559, 0.811471, 0.508747, -0.056233, -0.946147, 0.323160, 0.019338, 0.008690, -0.148715, -0.486910, 0.860699, 0.461175, 0.000000, 0.000000, 0.000000, 1.000000, -0.148638, -0.486937, 0.860697, 0.530179, -0.287559, -0.811471, -0.508748, 0.065232, 0.946159, -0.323121, -0.019407, 0.248342, 0.000000, 0.000000, 0.000000, 1.000000, -0.002907, -0.017461, -0.999843, 0.100392, -0.999266, -0.038130, 0.003572, 0.009161, -0.038186, 0.999120, -0.017338, 0.004705, 0.000000, 0.000000, 0.000000, 1.000000
-19.9782, -56.2313, 8.6844, 461.1737, 530.1777, 65.2309, 248.3478, 100.3919, 9.1612, 4.7048, 0.287587, 0.811466, 0.508741, -0.056231, -0.946139, 0.323181, 0.019357, 0.008684, -0.148708, -0.486906, 0.860702, 0.461174, 0.000000, 0.000000, 0.000000, 1.000000, -0.148631, -0.486933, 0.860700, 0.530178, -0.287587, -0.811465, -0.508741, 0.065231, 0.946151, -0.323141, -0.019427, 0.248348, 0.000000, 0.000000, 0.000000, 1.000000, -0.002907, -0.017461, -0.999843, 0.100392, -0.999266, -0.038130, 0.003572, 0.009161, -0.038186, 0.999120, -0.017338, 0.004705, 0.000000, 0.000000, 0.000000, 1.000000
-19.9780, -56.2302, 8.6773, 461.1720, 530.1760, 65.2298, 248.3548, 100.3919, 9.1612, 4.7048, 0.287613, 0.811461, 0.508734, -0.056230, -0.946132, 0.323201, 0.019371, 0.008677, -0.148705, -0.486901, 0.860706, 0.461172, 0.000000, 0.000000, 0.000000, 1.000000, -0.148628, -0.486928, 0.860704, 0.530176, -0.287613, -0.811460, -0.508735, 0.065230, 0.946144, -0.323162, -0.019441, 0.248355, 0.000000, 0.000000, 0.000000, 1.000000, -0.002907, -0.017461, -0.999843, 0.100392, -0.999266, -0.038130, 0.003572, 0.009161, -0.038186, 0.999120, -0.017338, 0.004705, 0.000000, 0.000000, 0.000000, 1.000000
-19.9775, -56.2292, 8.6692, 461.1700, 530.1740, 65.2288, 248.3628, 100.3919, 9.1612, 4.7048, 0.287634, 0.811456, 0.508729, -0.056229, -0.946125, 0.323221, 0.019379, 0.008669, -0.148707, -0.486895, 0.860709, 0.461170, 0.000000, 0.000000, 0.000000, 1.000000, -0.148630, -0.486922, 0.860707, 0.530174, -0.287634, -0.811456, -0.508730, 0.065229, 0.946137, -0.323181, -0.019449, 0.248363, 0.000000, 0.000000, 0.000000, 1.000000, -0.002907, -0.017461, -0.999843, 0.100392, -0.999266, -0.038130, 0.003572, 0.009161, -0.038186, 0.999120, -0.017338, 0.004705, 0.000000, 0.000000, 0.000000, 1.000000
-19.9765, -56.2284, 8.6608, 461.1677, 530.1717, 65.2280, 248.3712, 100.3920, 9.1612, 4.7048, 0.287649, 0.811453, 0.508725, -0.056228, -0.946119, 0.323237, 0.019379, 0.008661, -0.148714, -0.486889, 0.860711, 0.461168, 0.000000, 0.000000, 0.000000, 1.000000, -0.148637, -0.486916, 0.860709, 0.530172, -0.287649, -0.811453, -0.508726, 0.065228, 0.946132, -0.323198, -0.019449, 0.248371, 0.000000, 0.000000, 0.000000, 1.000000, -0.002907, -0.017462, -0.999843, 0.100392, -0.999266, -0.038130, 0.003572, 0.009161, -0.038186, 0.999120, -0.017338, 0.004705, 0.000000, 0.000000, 0.000000, 1.000000
-19.9750, -56.2279, 8.6524, 461.1653, 530.1693, 65.2276, 248.3795, 100.3920, 9.1613, 4.7048, 0.287657, 0.811452, 0.508723, -0.056228, -0.946115, 0.323250, 0.019372, 0.008652, -0.148726, -0.486883, 0.860712, 0.461165, 0.000000, 0.000000, 0.000000, 1.000000, -0.148648, -0.486910, 0.860710, 0.530169, -0.287657, -0.811452, -0.508724, 0.065228, 0.946128, -0.323210, -0.019442, 0.248380, 0.000000, 0.000000, 0.000000, 1.000000, -0.002907, -0.017462, -0.999843, 0.100392, -0.999266, -0.038130, 0.003572, 0.009161, -0.038186, 0.999120, -0.017338, 0.004705, 0.000000, 0.000000, 0.000000, 1.000000
-19.9728, -56.2279, 8.6445, 461.1627, 530.1667, 65.2275, 248.3873, 100.3921, 9.1614, 4.7047, 0.287654, 0.811453, 0.508723, -0.056228, -0.946113, 0.323256, 0.019355, 0.008645, -0.148742, -0.486877, 0.860713, 0.461163, 0.000000, 0.000000, 0.000000, 1.000000, -0.148665, -0.486904, 0.860711, 0.530167, -0.287654, -0.811452, -0.508724, 0.065227, 0.946126, -0.323217, -0.019425, 0.248387, 0.000000, 0.000000, 0.000000, 1.000000, -0.002908, -0.017462, -0.999843, 0.100392, -0.999266, -0.038130, 0.003572, 0.009161, -0.038186, 0.999120, -0.017338, 0.004705, 0.000000, 0.000000, 0.000000, 1.000000
-19.9684, -56.2286, 8.6342, 461.1590, 530.1630, 65.2282, 248.3976, 100.3923, 9.1615, 4.7047, 0.287632, 0.811458, 0.508727, -0.056229, -0.946115, 0.323255, 0.019313, 0.008634, -0.148777, -0.486870, 0.860711, 0.461159, 0.000000, 0.000000, 0.000000, 1.000000, -0.148699, -0.486897, 0.860709, 0.530163, -0.287632, -0.811458, -0.508728, 0.065228, 0.946127, -0.323215, -0.019384, 0.248398, 0.000000, 0.000000, 0.000000, 1.000000, -0.002908, -0.017463, -0.999843, 0.100392, -0.999266, -0.038130, 0.003572, 0.009161, -0.038187, 0.999120, -0.017339, 0.004705, 0.000000, 0.000000, 0.000000, 1.000000
-19.9648, -56.2296, 8.6287, 461.1566, 530.1606, 65.2292, 248.4030, 100.3925, 9.1616, 4.7046, 0.287604, 0.811464, 0.508733, -0.056230, -0.946119, 0.323245, 0.019274, 0.008629, -0.148805, -0.486866, 0.860708, 0.461157, 0.000000, 0.000000, 0.000000, 1.000000, -0.148728, -0.486893, 0.860706, 0.530161, -0.287604, -0.811464, -0.508734, 0.065229, 0.946131, -0.323205, -0.019345, 0.248403, 0.000000, 0.000000, 0.000000, 1.000000, -0.002908, -0.017463, -0.999843, 0.100392, -0.999266, -0.038130, 0.003572, 0.009162, -0.038187, 0.999120, -0.017339, 0.004705, 0.000000, 0.000000, 0.000000, 1.000000
-19.9604, -56.2312, 8.6247, 461.1544, 530.1584, 65.2308, 248.4070, 100.3927, 9.1617, 4.7046, 0.287564, 0.811473, 0.508742, -0.056231, -0.946126, 0.323228, 0.019226, 0.008625, -0.148838, -0.486862, 0.860704, 0.461154, 0.000000, 0.000000, 0.000000, 1.000000, -0.148761, -0.486889, 0.860703, 0.530158, -0.287564, -0.811473, -0.508742, 0.065231, 0.946138, -0.323188, -0.019297, 0.248407, 0.000000, 0.000000, 0.000000, 1.000000, -0.002908, -0.017464, -0.999843, 0.100393, -0.999266, -0.038131, 0.003573, 0.009162, -0.038187, 0.999120, -0.017340, 0.004705, 0.000000, 0.000000, 0.000000, 1.000000
-19.9555, -56.2332, 8.6224, 461.1525, 530.1565, 65.2329, 248.4092, 100.3929, 9.1619, 4.7045, 0.287513, 0.811484, 0.508753, -0.056233, -0.946136, 0.323203, 0.019168, 0.008622, -0.148875, -0.486860, 0.860699, 0.461152, 0.000000, 0.000000, 0.000000, 1.000000, -0.148798, -0.486888, 0.860697, 0.530156, -0.287513, -0.811484, -0.508753, 0.065233, 0.946148, -0.323163, -0.019239, 0.248409, 0.000000, 0.000000, 0.000000, 1.000000, -0.002909, -0.017464, -0.999843, 0.100393, -0.999266, -0.038131, 0.003573, 0.009162, -0.038187, 0.999120, -0.017340, 0.004705, 0.000000, 0.000000, 0.000000, 1.000000
-19.9499, -56.2359, 8.6220, 461.1508, 530.1548, 65.2355, 248.4097, 100.3931, 9.1621, 4.7045, 0.287449, 0.811498, 0.508767, -0.056236, -0.946149, 0.323169, 0.019102, 0.008622, -0.148916, -0.486860, 0.860692, 0.461151, 0.000000, 0.000000, 0.000000, 1.000000, -0.148839, -0.486887, 0.860691, 0.530155, -0.287449, -0.811498, -0.508767, 0.065235, 0.946161, -0.323129, -0.019173, 0.248410, 0.000000, 0.000000, 0.000000, 1.000000, -0.002909, -0.017465, -0.999843, 0.100393, -0.999266, -0.038131, 0.003573, 0.009162, -0.038188, 0.999120, -0.017341, 0.004704, 0.000000, 0.000000, 0.000000, 1.000000
-19.9369, -56.2427, 8.6272, 461.1486, 530.1526, 65.2423, 248.4045, 100.3937, 9.1624, 4.7043, 0.287286, 0.811534, 0.508802, -0.056243, -0.946183, 0.323076, 0.018944, 0.008627, -0.149009, -0.486862, 0.860675, 0.461149, 0.000000, 0.000000, 0.000000, 1.000000, -0.148931, -0.486890, 0.860673, 0.530153, -0.287286, -0.811533, -0.508803, 0.065242, 0.946196, -0.323036, -0.019014, 0.248404, 0.000000, 0.000000, 0.000000, 1.000000, -0.002910, -0.017466, -0.999843, 0.100394, -0.999266, -0.038132, 0.003574, 0.009162, -0.038189, 0.999120, -0.017343, 0.004704, 0.000000, 0.000000, 0.000000, 1.000000
-19.9333, -56.2447, 8.6297, 461.1482, 530.1523, 65.2443, 248.4019, 100.3938, 9.1626, 4.7043, 0.287239, 0.811544, 0.508813, -0.056245, -0.946194, 0.323048, 0.018899, 0.008630, -0.149033, -0.486864, 0.860670, 0.461148, 0.000000, 0.000000, 0.000000, 1.000000, -0.148956, -0.486891, 0.860668, 0.530152, -0.287239, -0.811543, -0.508813, 0.065244, 0.946206, -0.323008, -0.018970, 0.248402, 0.000000, 0.000000, 0.000000, 1.000000, -0.002910, -0.017467, -0.999843, 0.100394, -0.999266, -0.038132, 0.003575, 0.009163, -0.038189, 0.999120, -0.017343, 0.004704, 0.000000, 0.000000, 0.000000, 1.000000
-19.9218, -56.2515, 8.6406, 461.1479, 530.1519, 65.2511, 248.3910, 100.3943, 9.1629, 4.7041, 0.287081, 0.811578, 0.508848, -0.056252, -0.946230, 0.322952, 0.018756, 0.008641, -0.149111, -0.486871, 0.860652, 0.461148, 0.000000, 0.000000, 0.000000, 1.000000, -0.149034, -0.486898, 0.860650, 0.530152, -0.287081, -0.811578, -0.508848, 0.065251, 0.946242, -0.322912, -0.018827, 0.248391, 0.000000, 0.000000, 0.000000, 1.000000, -0.002911, -0.017468, -0.999843, 0.100394, -0.999266, -0.038133, 0.003575, 0.009163, -0.038190, 0.999120, -0.017344, 0.004704, 0.000000, 0.000000, 0.000000, 1.000000
-19.9136, -56.2566, 8.6504, 461.1481, 530.1521, 65.2563, 248.3812, 100.3946, 9.1631, 4.7040, 0.286963, 0.811603, 0.508874, -0.056257, -0.946257, 0.322878, 0.018652, 0.008650, -0.149166, -0.486877, 0.860639, 0.461148, 0.000000, 0.000000, 0.000000, 1.000000, -0.149088, -0.486905, 0.860637, 0.530152, -0.286963, -0.811603, -0.508874, 0.065256, 0.946269, -0.322838, -0.018723, 0.248381, 0.000000, 0.000000, 0.000000, 1.000000, -0.002912, -0.017469, -0.999843, 0.100395, -0.999266, -0.038134, 0.003576, 0.009163, -0.038190, 0.999120, -0.017345, 0.004704, 0.000000, 0.000000, 0.000000, 1.000000
-19.9005, -56.2651, 8.6690, 461.1493, 530.1533, 65.2647, 248.3626, 100.3952, 9.1635, 4.7039, 0.286770, 0.811645, 0.508916, -0.056265, -0.946302, 0.322755, 0.018487, 0.008669, -0.149250, -0.486890, 0.860618, 0.461149, 0.000000, 0.000000, 0.000000, 1.000000, -0.149173, -0.486917, 0.860616, 0.530153, -0.286770, -0.811645, -0.508917, 0.065265, 0.946314, -0.322715, -0.018558, 0.248363, 0.000000, 0.000000, 0.000000, 1.000000, -0.002912, -0.017471, -0.999843, 0.100395, -0.999266, -0.038135, 0.003577, 0.009164, -0.038191, 0.999120, -0.017347, 0.004704, 0.000000, 0.000000, 0.000000, 1.000000
-19.8914, -56.2712, 8.6838, 461.1506, 530.1546, 65.2708, 248.3479, 100.3956, 9.1638, 4.7038, 0.286631, 0.811675, 0.508947, -0.056271, -0.946335, 0.322665, 0.018371, 0.008684, -0.149308, -0.486900, 0.860602, 0.461151, 0.000000, 0.000000, 0.000000, 1.000000, -0.149230, -0.486927, 0.860600, 0.530155, -0.286631, -0.811674, -0.508947, 0.065271, 0.946347, -0.322625, -0.018442, 0.248348, 0.000000, 0.000000, 0.000000, 1.000000, -0.002913, -0.017472, -0.999843, 0.100396, -0.999266, -0.038135, 0.003578, 0.009164, -0.038192, 0.999120, -0.017348, 0.004704, 0.000000, 0.000000, 0.000000, 1.000000
-19.8820, -56.2776, 8.7004, 461.1523, 530.1563, 65.2772, 248.3313, 100.3960, 9.1641, 4.7037, 0.286486, 0.811706, 0.508979, -0.056278, -0.946370, 0.322570, 0.018252, 0.008700, -0.149366, -0.486911, 0.860586, 0.461152, 0.000000, 0.000000, 0.000000, 1.000000, -0.149289, -0.486938, 0.860584, 0.530156, -0.286486, -0.811705, -0.508979, 0.065277, 0.946382, -0.322530, -0.018323, 0.248331, 0.000000, 0.000000, 0.000000, 1.000000, -0.002914, -0.017473, -0.999843, 0.100396, -0.999266, -0.038136, 0.003578, 0.009164, -0.038192, 0.999120, -0.017349, 0.004704, 0.000000, 0.000000, 0.000000, 1.000000
-19.8723, -56.2843, 8.7188, 461.1544, 530.1584, 65.2840, 248.3129, 100.3964, 9.1644, 4.7035, 0.286335, 0.811738, 0.509012, -0.056284, -0.946406, 0.322470, 0.018129, 0.008719, -0.149425, -0.486923, 0.860568, 0.461154, 0.000000, 0.000000, 0.000000, 1.000000, -0.149347, -0.486950, 0.860567, 0.530158, -0.286335, -0.811738, -0.509013, 0.065284, 0.946418, -0.322430, -0.018200, 0.248313, 0.000000, 0.000000, 0.000000, 1.000000, -0.002914, -0.017474, -0.999843, 0.100396, -0.999266, -0.038136, 0.003579, 0.009164, -0.038193, 0.999120, -0.017350, 0.004704, 0.000000, 0.000000, 0.000000, 1.000000
-19.8575, -56.2949, 8.7493, 461.1582, 530.1622, 65.2945, 248.2825, 100.3970, 9.1648, 4.7034, 0.286099, 0.811789, 0.509064, -0.056295, -0.946464, 0.322311, 0.017942, 0.008749, -0.149512, -0.486944, 0.860542, 0.461158, 0.000000, 0.000000, 0.000000, 1.000000, -0.149435, -0.486971, 0.860540, 0.530162, -0.286099, -0.811788, -0.509065, 0.065295, 0.946476, -0.322272, -0.018012, 0.248283, 0.000000, 0.000000, 0.000000, 1.000000, -0.002915, -0.017476, -0.999843, 0.100397, -0.999266, -0.038137, 0.003580, 0.009165, -0.038194, 0.999120, -0.017352, 0.004703, 0.000000, 0.000000, 0.000000, 1.000000
-19.8475, -56.3022, 8.7714, 461.1611, 530.1651, 65.3018, 248.2605, 100.3975, 9.1651, 4.7033, 0.285937, 0.811823, 0.509100, -0.056302, -0.946504, 0.322201, 0.017815, 0.008771, -0.149570, -0.486959, 0.860523, 0.461161, 0.000000, 0.000000, 0.000000, 1.000000, -0.149493, -0.486986, 0.860521, 0.530165, -0.285937, -0.811823, -0.509101, 0.065302, 0.946516, -0.322161, -0.017886, 0.248260, 0.000000, 0.000000, 0.000000, 1.000000, -0.002916, -0.017477, -0.999843, 0.100397, -0.999266, -0.038138, 0.003581, 0.009165, -0.038195, 0.999120, -0.017353, 0.004703, 0.000000, 0.000000, 0.000000, 1.000000
-19.8374, -56.3097, 8.7947, 461.1644, 530.1684, 65.3093, 248.2372, 100.3979, 9.1654, 4.7031, 0.285772, 0.811859, 0.509136, -0.056310, -0.946544, 0.322088, 0.017688, 0.008795, -0.149627, -0.486975, 0.860504, 0.461164, 0.000000, 0.000000, 0.000000, 1.000000, -0.149550, -0.487002, 0.860502, 0.530168, -0.285772, -0.811858, -0.509137, 0.065309, 0.946557, -0.322048, -0.017758, 0.248237, 0.000000, 0.000000, 0.000000, 1.000000, -0.002917, -0.017478, -0.999843, 0.100398, -0.999266, -0.038139, 0.003582, 0.009165, -0.038195, 0.999120, -0.017354, 0.004703, 0.000000, 0.000000, 0.000000, 1.000000
-19.8272, -56.3173, 8.8192, 461.1680, 530.1720, 65.3169, 248.2127, 100.3983, 9.1657, 4.7030, 0.285604, 0.811895, 0.509173, -0.056317, -0.946586, 0.321973, 0.017560, 0.008819, -0.149683, -0.486991, 0.860485, 0.461168, 0.000000, 0.000000, 0.000000, 1.000000, -0.149606, -0.487018, 0.860483, 0.530172, -0.285604, -0.811894, -0.509174, 0.065317, 0.946598, -0.321933, -0.017630, 0.248213, 0.000000, 0.000000, 0.000000, 1.000000, -0.002917, -0.017480, -0.999843, 0.100398, -0.999266, -0.038139, 0.003582, 0.009166, -0.038196, 0.999120, -0.017356, 0.004703, 0.000000, 0.000000, 0.000000, 1.000000
-19.8170, -56.3249, 8.8446, 461.1718, 530.1758, 65.3246, 248.1874, 100.3988, 9.1660, 4.7029, 0.285435, 0.811931, 0.509211, -0.056325, -0.946628, 0.321855, 0.017432, 0.008845, -0.149739, -0.487009, 0.860465, 0.461172, 0.000000, 0.000000, 0.000000, 1.000000, -0.149662, -0.487036, 0.860464, 0.530176, -0.285435, -0.811930, -0.509211, 0.065325, 0.946641, -0.321816, -0.017502, 0.248187, 0.000000, 0.000000, 0.000000, 1.000000, -0.002918, -0.017481, -0.999843, 0.100399, -0.999266, -0.038140, 0.003583, 0.009166, -0.038197, 0.999119, -0.017357, 0.004703, 0.000000, 0.000000, 0.000000, 1.000000
-19.8069, -56.3327, 8.8707, 461.1758, 530.1798, 65.3323, 248.1613, 100.3992, 9.1663, 4.7028, 0.285266, 0.811967, 0.509248, -0.056333, -0.946671, 0.321737, 0.017306, 0.008871, -0.149792, -0.487027, 0.860446, 0.461176, 0.000000, 0.000000, 0.000000, 1.000000, -0.149716, -0.487053, 0.860444, 0.530180, -0.285266, -0.811966, -0.509248, 0.065332, 0.946683, -0.321698, -0.017376, 0.248161, 0.000000, 0.000000, 0.000000, 1.000000, -0.002919, -0.017482, -0.999843, 0.100399, -0.999266, -0.038141, 0.003584, 0.009166, -0.038197, 0.999119, -0.017358, 0.004703, 0.000000, 0.000000, 0.000000, 1.000000
-19.7918, -56.3442, 8.9110, 461.1822, 530.1862, 65.3439, 248.1212, 100.3998, 9.1667, 4.7026, 0.285013, 0.812021, 0.509303, -0.056344, -0.946735, 0.321559, 0.017119, 0.008911, -0.149870, -0.487054, 0.860417, 0.461182, 0.000000, 0.000000, 0.000000, 1.000000, -0.149794, -0.487081, 0.860415, 0.530186, -0.285013, -0.812020, -0.509304, 0.065344, 0.946747, -0.321520, -0.017189, 0.248121, 0.000000, 0.000000, 0.000000, 1.000000, -0.002920, -0.017484, -0.999843, 0.100400, -0.999266, -0.038142, 0.003585, 0.009167, -0.038198, 0.999119, -0.017360, 0.004703, 0.000000, 0.000000, 0.000000, 1.000000
-19.7819, -56.3519, 8.9384, 461.1867, 530.1906, 65.3516, 248.0938, 100.4002, 9.1670, 4.7025, 0.284845, 0.812057, 0.509340, -0.056352, -0.946777, 0.321441, 0.016996, 0.008938, -0.149921, -0.487073, 0.860397, 0.461187, 0.000000, 0.000000, 0.000000, 1.000000, -0.149844, -0.487100, 0.860396, 0.530191, -0.284845, -0.812056, -0.509341, 0.065352, 0.946789, -0.321401, -0.017066, 0.248094, 0.000000, 0.000000, 0.000000, 1.000000, -0.002920, -0.017485, -0.999843, 0.100400, -0.999266, -0.038142, 0.003586, 0.009167, -0.038199, 0.999119, -0.017361, 0.004702, 0.000000, 0.000000, 0.000000, 1.000000
-19.7721, -56.3596, 8.9663, 461.1913, 530.1952, 65.3592, 248.0660, 100.4007, 9.1673, 4.7024, 0.284678, 0.812092, 0.509377, -0.056360, -0.946820, 0.321322, 0.016876, 0.008966, -0.149969, -0.487092, 0.860378, 0.461191, 0.000000, 0.000000, 0.000000, 1.000000, -0.149893, -0.487119, 0.860376, 0.530195, -0.284678, -0.812092, -0.509377, 0.065359, 0.946832, -0.321282, -0.016945, 0.248066, 0.000000, 0.000000, 0.000000, 1.000000, -0.002921, -0.017486, -0.999843, 0.100401, -0.999266, -0.038143, 0.003586, 0.009167, -0.038200, 0.999119, -0.017362, 0.004702, 0.000000, 0.000000, 0.000000, 1.000000
-19.7624, -56.3672, 8.9942, 461.1959, 530.1999, 65.3668, 248.0381, 100.4011, 9.1676, 4.7022, 0.284513, 0.812127, 0.509413, -0.056367, -0.946862, 0.321204, 0.016757, 0.008994, -0.150017, -0.487111, 0.860359, 0.461196, 0.000000, 0.000000, 0.000000, 1.000000, -0.149940, -0.487138, 0.860357, 0.530200, -0.284513, -0.812127, -0.509414, 0.065367, 0.946874, -0.321164, -0.016827, 0.248038, 0.000000, 0.000000, 0.000000, 1.000000, -0.002922, -0.017488, -0.999843, 0.100401, -0.999266, -0.038144, 0.003587, 0.009168, -0.038200, 0.999119, -0.017363, 0.004702, 0.000000, 0.000000, 0.000000, 1.000000
-19.7528, -56.3747, 9.0222, 461.2007, 530.2046, 65.3743, 248.0103, 100.4015, 9.1679, 4.7021, 0.284351, 0.812162, 0.509448, -0.056375, -0.946903, 0.321087, 0.016641, 0.009022, -0.150062, -0.487130, 0.860340, 0.461201, 0.000000, 0.000000, 0.000000, 1.000000, -0.149986, -0.487157, 0.860339, 0.530205, -0.284351, -0.812161, -0.509449, 0.065374, 0.946915, -0.321048, -0.016711, 0.248010, 0.000000, 0.000000, 0.000000, 1.000000, -0.002922, -0.017489, -0.999843, 0.100401, -0.999266, -0.038144, 0.003588, 0.009168, -0.038201, 0.999119, -0.017364, 0.004702, 0.000000, 0.000000, 0.000000, 1.000000
-19.7435, -56.3821, 9.0500, 461.2054, 530.2093, 65.3817, 247.9825, 100.4019, 9.1682, 4.7020, 0.284191, 0.812196, 0.509483, -0.056382, -0.946944, 0.320972, 0.016529, 0.009050, -0.150106, -0.487150, 0.860322, 0.461205, 0.000000, 0.000000, 0.000000, 1.000000, -0.150030, -0.487176, 0.860320, 0.530209, -0.284191, -0.812195, -0.509484, 0.065382, 0.946956, -0.320933, -0.016598, 0.247983, 0.000000, 0.000000, 0.000000, 1.000000, -0.002923, -0.017490, -0.999843, 0.100402, -0.999266, -0.038145, 0.003589, 0.009168, -0.038202, 0.999119, -0.017366, 0.004702, 0.000000, 0.000000, 0.000000, 1.000000
-19.7389, -56.3857, 9.0639, 461.2078, 530.2117, 65.3853, 247.9687, 100.4021, 9.1683, 4.7020, 0.284113, 0.812213, 0.509500, -0.056386, -0.946965, 0.320916, 0.016473, 0.009064, -0.150127, -0.487159, 0.860313, 0.461208, 0.000000, 0.000000, 0.000000, 1.000000, -0.150051, -0.487185, 0.860311, 0.530212, -0.284113, -0.812212, -0.509501, 0.065385, 0.946977, -0.320876, -0.016542, 0.247969, 0.000000, 0.000000, 0.000000, 1.000000, -0.002923, -0.017490, -0.999843, 0.100402, -0.999266, -0.038145, 0.003589, 0.009168, -0.038202, 0.999119, -0.017366, 0.004702, 0.000000, 0.000000, 0.000000, 1.000000
-19.7209, -56.3999, 9.1187, 461.2174, 530.2212, 65.3995, 247.9141, 100.4028, 9.1689, 4.7017, 0.283806, 0.812278, 0.509567, -0.056400, -0.947044, 0.320693, 0.016259, 0.009119, -0.150208, -0.487197, 0.860277, 0.461217, 0.000000, 0.000000, 0.000000, 1.000000, -0.150133, -0.487223, 0.860275, 0.530221, -0.283806, -0.812277, -0.509568, 0.065400, 0.947056, -0.320654, -0.016327, 0.247914, 0.000000, 0.000000, 0.000000, 1.000000, -0.002924, -0.017493, -0.999843, 0.100403, -0.999266, -0.038146, 0.003590, 0.009169, -0.038203, 0.999119, -0.017368, 0.004702, 0.000000, 0.000000, 0.000000, 1.000000
-19.7122, -56.4068, 9.1455, 461.2221, 530.2259, 65.4064, 247.8873, 100.4032, 9.1691, 4.7016, 0.283658, 0.812309, 0.509600, -0.056407, -0.947082, 0.320585, 0.016156, 0.009146, -0.150247, -0.487215, 0.860260, 0.461222, 0.000000, 0.000000, 0.000000, 1.000000, -0.150171, -0.487241, 0.860258, 0.530226, -0.283658, -0.812309, -0.509600, 0.065406, 0.947094, -0.320546, -0.016224, 0.247887, 0.000000, 0.000000, 0.000000, 1.000000, -0.002925, -0.017494, -0.999843, 0.100403, -0.999266, -0.038147, 0.003591, 0.009169, -0.038204, 0.999119, -0.017369, 0.004702, 0.000000, 0.000000, 0.000000, 1.000000
-19.7037, -56.4138, 9.1845, 461.2306, 530.2345, 65.4134, 247.8483, 100.4036, 9.1694, 4.7015, 0.283508, 0.812341, 0.509633, -0.056414, -0.947124, 0.320464, 0.016074, 0.009185, -0.150261, -0.487243, 0.860242, 0.461231, 0.000000, 0.000000, 0.000000, 1.000000, -0.150186, -0.487269, 0.860240, 0.530234, -0.283508, -0.812340, -0.509633, 0.065413, 0.947136, -0.320425, -0.016143, 0.247848, 0.000000, 0.000000, 0.000000, 1.000000, -0.002926, -0.017495, -0.999843, 0.100404, -0.999266, -0.038147, 0.003591, 0.009169, -0.038204, 0.999119, -0.017370, 0.004702, 0.000000, 0.000000, 0.000000, 1.000000
-19.6911, -56.4241, 9.2402, 461.2427, 530.2466, 65.4237, 247.7925, 100.4041, 9.1698, 4.7014, 0.283290, 0.812387, 0.509681, -0.056424, -0.947186, 0.320287, 0.015953, 0.009240, -0.150284, -0.487282, 0.860216, 0.461243, 0.000000, 0.000000, 0.000000, 1.000000, -0.150208, -0.487308, 0.860214, 0.530247, -0.283290, -0.812387, -0.509681, 0.065424, 0.947198, -0.320248, -0.016022, 0.247793, 0.000000, 0.000000, 0.000000, 1.000000, -0.002926, -0.017496, -0.999843, 0.100404, -0.999266, -0.038148, 0.003592, 0.009170, -0.038205, 0.999119, -0.017372, 0.004701, 0.000000, 0.000000, 0.000000, 1.000000
-19.6871, -56.4274, 9.2579, 461.2465, 530.2504, 65.4270, 247.7747, 100.4043, 9.1699, 4.7013, 0.283219, 0.812402, 0.509696, -0.056427, -0.947206, 0.320230, 0.015913, 0.009258, -0.150292, -0.487294, 0.860207, 0.461247, 0.000000, 0.000000, 0.000000, 1.000000, -0.150216, -0.487321, 0.860206, 0.530250, -0.283219, -0.812401, -0.509697, 0.065427, 0.947218, -0.320191, -0.015982, 0.247775, 0.000000, 0.000000, 0.000000, 1.000000, -0.002927, -0.017497, -0.999843, 0.100404, -0.999266, -0.038149, 0.003592, 0.009170, -0.038205, 0.999119, -0.017372, 0.004701, 0.000000, 0.000000, 0.000000, 1.000000
-19.6712, -56.4402, 9.3241, 461.2605, 530.2644, 65.4399, 247.7085, 100.4050, 9.1704, 4.7011, 0.282945, 0.812460, 0.509756, -0.056440, -0.947282, 0.320012, 0.015755, 0.009324, -0.150328, -0.487341, 0.860175, 0.461261, 0.000000, 0.000000, 0.000000, 1.000000, -0.150252, -0.487367, 0.860173, 0.530264, -0.282945, -0.812459, -0.509757, 0.065440, 0.947294, -0.319973, -0.015824, 0.247708, 0.000000, 0.000000, 0.000000, 1.000000, -0.002927, -0.017499, -0.999843, 0.100405, -0.999266, -0.038150, 0.003593, 0.009170, -0.038206, 0.999119, -0.017374, 0.004701, 0.000000, 0.000000, 0.000000, 1.000000
-19.6635, -56.4463, 9.3542, 461.2668, 530.2707, 65.4460, 247.6783, 100.4053, 9.1706, 4.7010, 0.282814, 0.812487, 0.509785, -0.056446, -0.947318, 0.319910, 0.015677, 0.009354, -0.150348, -0.487362, 0.860159, 0.461267, 0.000000, 0.000000, 0.000000, 1.000000, -0.150272, -0.487388, 0.860157, 0.530271, -0.282814, -0.812487, -0.509785, 0.065446, 0.947330, -0.319871, -0.015746, 0.247678, 0.000000, 0.000000, 0.000000, 1.000000, -0.002928, -0.017500, -0.999843, 0.100405, -0.999266, -0.038150, 0.003594, 0.009171, -0.038207, 0.999119, -0.017375, 0.004701, 0.000000, 0.000000, 0.000000, 1.000000
-19.6561, -56.4522, 9.3823, 461.2725, 530.2763, 65.4518, 247.6502, 100.4056, 9.1708, 4.7010, 0.282687, 0.812514, 0.509812, -0.056452, -0.947353, 0.319812, 0.015599, 0.009382, -0.150369, -0.487382, 0.860144, 0.461272, 0.000000, 0.000000, 0.000000, 1.000000, -0.150293, -0.487408, 0.860143, 0.530276, -0.282687, -0.812514, -0.509813, 0.065452, 0.947365, -0.319772, -0.015669, 0.247650, 0.000000, 0.000000, 0.000000, 1.000000, -0.002928, -0.017501, -0.999843, 0.100406, -0.999266, -0.038151, 0.003594, 0.009171, -0.038207, 0.999119, -0.017376, 0.004701, 0.000000, 0.000000, 0.000000, 1.000000
-19.6488, -56.4579, 9.4085, 461.2776, 530.2815, 65.4575, 247.6240, 100.4059, 9.1711, 4.7009, 0.282564, 0.812540, 0.509839, -0.056458, -0.947386, 0.319718, 0.015522, 0.009409, -0.150392, -0.487400, 0.860130, 0.461278, 0.000000, 0.000000, 0.000000, 1.000000, -0.150316, -0.487427, 0.860128, 0.530282, -0.282564, -0.812540, -0.509840, 0.065458, 0.947398, -0.319678, -0.015591, 0.247624, 0.000000, 0.000000, 0.000000, 1.000000, -0.002929, -0.017501, -0.999843, 0.100406, -0.999266, -0.038151, 0.003595, 0.009171, -0.038208, 0.999119, -0.017377, 0.004701, 0.000000, 0.000000, 0.000000, 1.000000
-19.6381, -56.4661, 9.4445, 461.2845, 530.2884, 65.4658, 247.5879, 100.4064, 9.1714, 4.7007, 0.282384, 0.812578, 0.509878, -0.056466, -0.947433, 0.319582, 0.015405, 0.009445, -0.150430, -0.487425, 0.860109, 0.461285, 0.000000, 0.000000, 0.000000, 1.000000, -0.150354, -0.487452, 0.860107, 0.530288, -0.282384, -0.812578, -0.509878, 0.065466, 0.947446, -0.319543, -0.015475, 0.247588, 0.000000, 0.000000, 0.000000, 1.000000, -0.002929, -0.017503, -0.999843, 0.100406, -0.999265, -0.038152, 0.003596, 0.009171, -0.038209, 0.999119, -0.017378, 0.004701, 0.000000, 0.000000, 0.000000, 1.000000
-19.6311, -56.4714, 9.4664, 461.2885, 530.2924, 65.4711, 247.5660, 100.4067, 9.1716, 4.7006, 0.282268, 0.812603, 0.509903, -0.056471, -0.947464, 0.319496, 0.015327, 0.009466, -0.150457, -0.487441, 0.860095, 0.461289, 0.000000, 0.000000, 0.000000, 1.000000, -0.150381, -0.487467, 0.860094, 0.530292, -0.282268, -0.812603, -0.509904, 0.065471, 0.947476, -0.319456, -0.015396, 0.247566, 0.000000, 0.000000, 0.000000, 1.000000, -0.002930, -0.017504, -0.999843, 0.100407, -0.999265, -0.038152, 0.003596, 0.009172, -0.038209, 0.999119, -0.017379, 0.004701, 0.000000, 0.000000, 0.000000, 1.000000
-19.6242, -56.4766, 9.4867, 461.2921, 530.2960, 65.4762, 247.5457, 100.4070, 9.1718, 4.7006, 0.282154, 0.812627, 0.509927, -0.056477, -0.947493, 0.319412, 0.015248, 0.009487, -0.150486, -0.487455, 0.860082, 0.461292, 0.000000, 0.000000, 0.000000, 1.000000, -0.150410, -0.487481, 0.860081, 0.530296, -0.282154, -0.812627, -0.509928, 0.065476, 0.947505, -0.319373, -0.015318, 0.247546, 0.000000, 0.000000, 0.000000, 1.000000, -0.002930, -0.017505, -0.999842, 0.100407, -0.999265, -0.038153, 0.003596, 0.009172, -0.038210, 0.999119, -0.017380, 0.004701, 0.000000, 0.000000, 0.000000, 1.000000
-19.6173, -56.4817, 9.5056, 461.2953, 530.2992, 65.4813, 247.5268, 100.4073, 9.1720, 4.7005, 0.282041, 0.812651, 0.509952, -0.056482, -0.947522, 0.319331, 0.015169, 0.009506, -0.150517, -0.487468, 0.860069, 0.461295, 0.000000, 0.000000, 0.000000, 1.000000, -0.150440, -0.487495, 0.860068, 0.530299, -0.282041, -0.812651, -0.509952, 0.065481, 0.947534, -0.319292, -0.015238, 0.247527, 0.000000, 0.000000, 0.000000, 1.000000, -0.002931, -0.017505, -0.999842, 0.100407, -0.999265, -0.038153, 0.003597, 0.009172, -0.038210, 0.999119, -0.017381, 0.004700, 0.000000, 0.000000, 0.000000, 1.000000
-19.6105, -56.4867, 9.5233, 461.2982, 530.3020, 65.4863, 247.5091, 100.4076, 9.1722, 4.7004, 0.281930, 0.812675, 0.509975, -0.056487, -0.947550, 0.319252, 0.015088, 0.009523, -0.150549, -0.487481, 0.860057, 0.461298, 0.000000, 0.000000, 0.000000, 1.000000, -0.150473, -0.487507, 0.860055, 0.530302, -0.281930, -0.812675, -0.509976, 0.065486, 0.947562, -0.319213, -0.015157, 0.247509, 0.000000, 0.000000, 0.000000, 1.000000, -0.002931, -0.017506, -0.999842, 0.100408, -0.999265, -0.038153, 0.003597, 0.009172, -0.038210, 0.999119, -0.017382, 0.004700, 0.000000, 0.000000, 0.000000, 1.000000
-19.6036, -56.4916, 9.5401, 461.3007, 530.3046, 65.4912, 247.4923, 100.4079, 9.1725, 4.7003, 0.281819, 0.812699, 0.509999, -0.056492, -0.947577, 0.319174, 0.015005, 0.009540, -0.150584, -0.487493, 0.860044, 0.461301, 0.000000, 0.000000, 0.000000, 1.000000, -0.150507, -0.487519, 0.860042, 0.530305, -0.281819, -0.812698, -0.510000, 0.065491, 0.947590, -0.319135, -0.015075, 0.247492, 0.000000, 0.000000, 0.000000, 1.000000, -0.002931, -0.017507, -0.999842, 0.100408, -0.999265, -0.038154, 0.003598, 0.009172, -0.038211, 0.999119, -0.017382, 0.004700, 0.000000, 0.000000, 0.000000, 1.000000
-19.5967, -56.4966, 9.5560, 461.3030, 530.3069, 65.4962, 247.4765, 100.4082, 9.1727, 4.7002, 0.281708, 0.812722, 0.510023, -0.056497, -0.947605, 0.319097, 0.014922, 0.009556, -0.150620, -0.487504, 0.860031, 0.461303, 0.000000, 0.000000, 0.000000, 1.000000, -0.150543, -0.487530, 0.860030, 0.530307, -0.281707, -0.812722, -0.510024, 0.065496, 0.947617, -0.319057, -0.014991, 0.247476, 0.000000, 0.000000, 0.000000, 1.000000, -0.002932, -0.017508, -0.999842, 0.100408, -0.999265, -0.038154, 0.003598, 0.009173, -0.038211, 0.999118, -0.017383, 0.004700, 0.000000, 0.000000, 0.000000, 1.000000
-19.5898, -56.5015, 9.5710, 461.3050, 530.3089, 65.5011, 247.4614, 100.4085, 9.1729, 4.7001, 0.281597, 0.812746, 0.510047, -0.056501, -0.947632, 0.319021, 0.014836, 0.009571, -0.150657, -0.487514, 0.860019, 0.461305, 0.000000, 0.000000, 0.000000, 1.000000, -0.150581, -0.487541, 0.860017, 0.530309, -0.281597, -0.812745, -0.510047, 0.065501, 0.947644, -0.318981, -0.014906, 0.247461, 0.000000, 0.000000, 0.000000, 1.000000, -0.002932, -0.017509, -0.999842, 0.100408, -0.999265, -0.038155, 0.003599, 0.009173, -0.038212, 0.999118, -0.017384, 0.004700, 0.000000, 0.000000, 0.000000, 1.000000
-19.5829, -56.5063, 9.5854, 461.3069, 530.3107, 65.5059, 247.4471, 100.4088, 9.1731, 4.7000, 0.281486, 0.812769, 0.510070, -0.056506, -0.947658, 0.318945, 0.014750, 0.009585, -0.150696, -0.487524, 0.860006, 0.461307, 0.000000, 0.000000, 0.000000, 1.000000, -0.150620, -0.487551, 0.860005, 0.530311, -0.281486, -0.812769, -0.510071, 0.065506, 0.947671, -0.318906, -0.014819, 0.247447, 0.000000, 0.000000, 0.000000, 1.000000, -0.002933, -0.017510, -0.999842, 0.100409, -0.999265, -0.038155, 0.003599, 0.009173, -0.038212, 0.999118, -0.017385, 0.004700, 0.000000, 0.000000, 0.000000, 1.000000
-19.5759, -56.5112, 9.5993, 461.3085, 530.3124, 65.5108, 247.4332, 100.4091, 9.1733, 4.7000, 0.281375, 0.812793, 0.510094, -0.056511, -0.947685, 0.318870, 0.014663, 0.009599, -0.150736, -0.487534, 0.859994, 0.461309, 0.000000, 0.000000, 0.000000, 1.000000, -0.150660, -0.487560, 0.859992, 0.530312, -0.281375, -0.812793, -0.510095, 0.065511, 0.947697, -0.318831, -0.014732, 0.247433, 0.000000, 0.000000, 0.000000, 1.000000, -0.002933, -0.017510, -0.999842, 0.100409, -0.999265, -0.038156, 0.003599, 0.009173, -0.038213, 0.999118, -0.017386, 0.004700, 0.000000, 0.000000, 0.000000, 1.000000
-19.5689, -56.5161, 9.6129, 461.3101, 530.3139, 65.5157, 247.4197, 100.4094, 9.1735, 4.6999, 0.281263, 0.812817, 0.510118, -0.056516, -0.947712, 0.318795, 0.014574, 0.009613, -0.150777, -0.487543, 0.859981, 0.461310, 0.000000, 0.000000, 0.000000, 1.000000, -0.150701, -0.487570, 0.859980, 0.530314, -0.281263, -0.812816, -0.510118, 0.065516, 0.947724, -0.318756, -0.014643, 0.247420, 0.000000, 0.000000, 0.000000, 1.000000, -0.002933, -0.017511, -0.999842, 0.100409, -0.999265, -0.038156, 0.003600, 0.009174, -0.038213, 0.999118, -0.017387, 0.004700, 0.000000, 0.000000, 0.000000, 1.000000
-19.5618, -56.5210, 9.6262, 461.3115, 530.3154, 65.5206, 247.4064, 100.4097, 9.1738, 4.6998, 0.281150, 0.812841, 0.510142, -0.056521, -0.947738, 0.318720, 0.014483, 0.009626, -0.150820, -0.487553, 0.859968, 0.461312, 0.000000, 0.000000, 0.000000, 1.000000, -0.150744, -0.487579, 0.859967, 0.530315, -0.281150, -0.812840, -0.510142, 0.065521, 0.947750, -0.318681, -0.014552, 0.247406, 0.000000, 0.000000, 0.000000, 1.000000, -0.002934, -0.017512, -0.999842, 0.100410, -0.999265, -0.038157, 0.003600, 0.009174, -0.038214, 0.999118, -0.017387, 0.004700, 0.000000, 0.000000, 0.000000, 1.000000
-19.5546, -56.5260, 9.6394, 461.3129, 530.3168, 65.5256, 247.3933, 100.4100, 9.1740, 4.6997, 0.281036, 0.812865, 0.510166, -0.056526, -0.947765, 0.318644, 0.014391, 0.009639, -0.150863, -0.487562, 0.859956, 0.461313, 0.000000, 0.000000, 0.000000, 1.000000, -0.150787, -0.487588, 0.859954, 0.530317, -0.281036, -0.812865, -0.510166, 0.065526, 0.947777, -0.318605, -0.014460, 0.247393, 0.000000, 0.000000, 0.000000, 1.000000, -0.002934, -0.017513, -0.999842, 0.100410, -0.999265, -0.038157, 0.003601, 0.009174, -0.038214, 0.999118, -0.017388, 0.004700, 0.000000, 0.000000, 0.000000, 1.000000
-19.5473, -56.5310, 9.6526, 461.3143, 530.3182, 65.5306, 247.3801, 100.4103, 9.1742, 4.6996, 0.280922, 0.812889, 0.510190, -0.056531, -0.947792, 0.318568, 0.014298, 0.009653, -0.150907, -0.487571, 0.859943, 0.461314, 0.000000, 0.000000, 0.000000, 1.000000, -0.150831, -0.487597, 0.859941, 0.530318, -0.280921, -0.812889, -0.510191, 0.065531, 0.947804, -0.318529, -0.014367, 0.247380, 0.000000, 0.000000, 0.000000, 1.000000, -0.002935, -0.017514, -0.999842, 0.100410, -0.999265, -0.038158, 0.003601, 0.009174, -0.038215, 0.999118, -0.017389, 0.004700, 0.000000, 0.000000, 0.000000, 1.000000
-19.5400, -56.5361, 9.6660, 461.3157, 530.3196, 65.5357, 247.3667, 100.4106, 9.1744, 4.6995, 0.280804, 0.812914, 0.510215, -0.056536, -0.947820, 0.318490, 0.014204, 0.009666, -0.150952, -0.487581, 0.859929, 0.461316, 0.000000, 0.000000, 0.000000, 1.000000, -0.150876, -0.487607, 0.859928, 0.530320, -0.280804, -0.812914, -0.510216, 0.065536, 0.947832, -0.318451, -0.014273, 0.247367, 0.000000, 0.000000, 0.000000, 1.000000, -0.002935, -0.017515, -0.999842, 0.100411, -0.999265, -0.038158, 0.003602, 0.009174, -0.038215, 0.999118, -0.017390, 0.004700, 0.000000, 0.000000, 0.000000, 1.000000
-19.5325, -56.5412, 9.6797, 461.3171, 530.3210, 65.5408, 247.3531, 100.4109, 9.1747, 4.6994, 0.280686, 0.812939, 0.510240, -0.056541, -0.947848, 0.318411, 0.014108, 0.009680, -0.150998, -0.487590, 0.859916, 0.461317, 0.000000, 0.000000, 0.000000, 1.000000, -0.150922, -0.487616, 0.859915, 0.530321, -0.280686, -0.812939, -0.510241, 0.065541, 0.947860, -0.318372, -0.014176, 0.247353, 0.000000, 0.000000, 0.000000, 1.000000, -0.002935, -0.017516, -0.999842, 0.100411, -0.999265, -0.038159, 0.003602, 0.009175, -0.038216, 0.999118, -0.017391, 0.004699, 0.000000, 0.000000, 0.000000, 1.000000
