# Joint_5_Angle(deg), Cam_X(mm), Cam_Y(mm), Cam_Z(mm), Torso_X(mm), Torso_Y(mm), Torso_Z(mm), EE_X(mm), EE_Y(mm), EE_Z(mm), T_cam2marker_flat(16), T_torso2marker_flat(16), T_ee2marker_flat(16)
-29.9998, -53.2925, 29.0929, 195.4412, 217.4398, 53.2837, 170.9555, 26.4563, -104.9159, 6.8800, 0.821614, 0.565125, 0.074727, -0.053293, -0.559717, 0.824607, -0.082099, 0.029093, -0.108017, 0.025627, 0.993819, 0.195441, 0.000000, 0.000000, 0.000000, 1.000000, -0.107982, 0.025496, 0.993826, 0.217440, -0.821609, -0.565126, -0.074772, 0.053284, 0.559730, -0.824611, 0.081971, 0.170955, 0.000000, 0.000000, 0.000000, 1.000000, -0.995801, 0.090666, 0.012690, 0.026456, 0.010956, -0.019596, 0.999748, -0.104916, 0.090891, 0.995689, 0.018520, 0.006880, 0.000000, 0.000000, 0.000000, 1.000000
-30.0000, -53.2929, 29.0925, 195.4409, 217.4396, 53.2840, 170.9558, 26.4564, -104.9160, 6.8798, 0.821613, 0.565127, 0.074727, -0.053293, -0.559718, 0.824606, -0.082100, 0.029093, -0.108018, 0.025628, 0.993819, 0.195441, 0.000000, 0.000000, 0.000000, 1.000000, -0.107983, 0.025497, 0.993826, 0.217440, -0.821608, -0.565128, -0.074772, 0.053284, 0.559732, -0.824609, 0.081973, 0.170956, 0.000000, 0.000000, 0.000000, 1.000000, -0.995801, 0.090666, 0.012690, 0.026456, 0.010957, -0.019596, 0.999748, -0.104916, 0.090891, 0.995689, 0.018520, 0.006880, 0.000000, 0.000000, 0.000000, 1.000000
-30.0001, -53.2931, 29.0924, 195.4408, 217.4395, 53.2842, 170.9560, 26.4564, -104.9160, 6.8797, 0.821612, 0.565128, 0.074727, -0.053293, -0.559719, 0.824605, -0.082101, 0.029092, -0.108018, 0.025629, 0.993819, 0.195441, 0.000000, 0.000000, 0.000000, 1.000000, -0.107983, 0.025497, 0.993826, 0.217440, -0.821607, -0.565129, -0.074772, 0.053284, 0.559733, -0.824608, 0.081973, 0.170956, 0.000000, 0.000000, 0.000000, 1.000000, -0.995801, 0.090666, 0.012690, 0.026456, 0.010957, -0.019596, 0.999748, -0.104916, 0.090891, 0.995689, 0.018520, 0.006880, 0.000000, 0.000000, 0.000000, 1.000000
-30.0004, -53.2937, 29.0923, 195.4407, 217.4393, 53.2848, 170.9561, 26.4566, -104.9161, 6.8795, 0.821610, 0.565131, 0.074727, -0.053294, -0.559723, 0.824603, -0.082102, 0.029092, -0.108019, 0.025630, 0.993818, 0.195441, 0.000000, 0.000000, 0.000000, 1.000000, -0.107984, 0.025498, 0.993826, 0.217439, -0.821605, -0.565132, -0.074772, 0.053285, 0.559736, -0.824606, 0.081975, 0.170956, 0.000000, 0.000000, 0.000000, 1.000000, -0.995801, 0.090666, 0.012691, 0.026457, 0.010957, -0.019595, 0.999748, -0.104916, 0.090891, 0.995689, 0.018520, 0.006880, 0.000000, 0.000000, 0.000000, 1.000000
-30.0004, -53.2938, 29.0923, 195.4406, 217.4393, 53.2850, 170.9561, 26.4566, -104.9162, 6.8795, 0.821609, 0.565132, 0.074727, -0.053294, -0.559724, 0.824602, -0.082103, 0.029092, -0.108019, 0.025630, 0.993818, 0.195441, 0.000000, 0.000000, 0.000000, 1.000000, -0.107984, 0.025498, 0.993826, 0.217439, -0.821604, -0.565133, -0.074772, 0.053285, 0.559738, -0.824605, 0.081975, 0.170956, 0.000000, 0.000000, 0.000000, 1.000000, -0.995801, 0.090666, 0.012691, 0.026457, 0.010957, -0.019595, 0.999748, -0.104916, 0.090891, 0.995689, 0.018520, 0.006879, 0.000000, 0.000000, 0.000000, 1.000000
-30.0007, -53.2946, 29.0928, 195.4406, 217.4393, 53.2857, 170.9556, 26.4569, -104.9162, 6.8793, 0.821606, 0.565137, 0.074727, -0.053295, -0.559728, 0.824599, -0.082103, 0.029093, -0.108019, 0.025629, 0.993818, 0.195441, 0.000000, 0.000000, 0.000000, 1.000000, -0.107984, 0.025498, 0.993826, 0.217439, -0.821601, -0.565138, -0.074772, 0.053286, 0.559742, -0.824602, 0.081975, 0.170956, 0.000000, 0.000000, 0.000000, 1.000000, -0.995801, 0.090666, 0.012691, 0.026457, 0.010957, -0.019595, 0.999748, -0.104916, 0.090891, 0.995689, 0.018519, 0.006879, 0.000000, 0.000000, 0.000000, 1.000000
-30.0007, -53.2946, 29.0930, 195.4406, 217.4393, 53.2858, 170.9554, 26.4569, -104.9162, 6.8793, 0.821606, 0.565137, 0.074726, -0.053295, -0.559728, 0.824599, -0.082102, 0.029093, -0.108018, 0.025629, 0.993818, 0.195441, 0.000000, 0.000000, 0.000000, 1.000000, -0.107984, 0.025498, 0.993826, 0.217439, -0.821601, -0.565138, -0.074772, 0.053286, 0.559742, -0.824602, 0.081975, 0.170955, 0.000000, 0.000000, 0.000000, 1.000000, -0.995801, 0.090666, 0.012691, 0.026457, 0.010957, -0.019595, 0.999748, -0.104916, 0.090891, 0.995689, 0.018519, 0.006879, 0.000000, 0.000000, 0.000000, 1.000000
-30.0006, -53.2943, 29.0931, 195.4406, 217.4393, 53.2854, 170.9553, 26.4568, -104.9161, 6.8794, 0.821607, 0.565135, 0.074726, -0.053294, -0.559726, 0.824600, -0.082101, 0.029093, -0.108018, 0.025629, 0.993819, 0.195441, 0.000000, 0.000000, 0.000000, 1.000000, -0.107983, 0.025497, 0.993826, 0.217439, -0.821603, -0.565136, -0.074771, 0.053285, 0.559740, -0.824604, 0.081974, 0.170955, 0.000000, 0.000000, 0.000000, 1.000000, -0.995801, 0.090666, 0.012691, 0.026457, 0.010957, -0.019595, 0.999748, -0.104916, 0.090891, 0.995689, 0.018520, 0.006879, 0.000000, 0.000000, 0.000000, 1.000000
-30.0002, -53.2934, 29.0928, 195.4406, 217.4393, 53.2845, 170.9556, 26.4565, -104.9160, 6.8797, 0.821611, 0.565129, 0.074726, -0.053293, -0.559721, 0.824604, -0.082100, 0.029093, -0.108017, 0.025629, 0.993819, 0.195441, 0.000000, 0.000000, 0.000000, 1.000000, -0.107982, 0.025497, 0.993826, 0.217439, -0.821606, -0.565130, -0.074771, 0.053285, 0.559735, -0.824608, 0.081973, 0.170956, 0.000000, 0.000000, 0.000000, 1.000000, -0.995801, 0.090666, 0.012690, 0.026457, 0.010957, -0.019596, 0.999748, -0.104916, 0.090891, 0.995689, 0.018520, 0.006880, 0.000000, 0.000000, 0.000000, 1.000000
-29.9994, -53.2917, 29.0920, 195.4405, 217.4392, 53.2828, 170.9564, 26.4560, -104.9159, 6.8801, 0.821618, 0.565119, 0.074726, -0.053292, -0.559711, 0.824611, -0.082099, 0.029092, -0.108016, 0.025629, 0.993819, 0.195440, 0.000000, 0.000000, 0.000000, 1.000000, -0.107981, 0.025498, 0.993826, 0.217439, -0.821613, -0.565120, -0.074771, 0.053283, 0.559724, -0.824615, 0.081972, 0.170956, 0.000000, 0.000000, 0.000000, 1.000000, -0.995801, 0.090666, 0.012690, 0.026456, 0.010956, -0.019596, 0.999748, -0.104916, 0.090891, 0.995689, 0.018521, 0.006880, 0.000000, 0.000000, 0.000000, 1.000000
-29.9983, -53.2890, 29.0907, 195.4403, 217.4390, 53.2801, 170.9577, 26.4551, -104.9157, 6.8809, 0.821629, 0.565103, 0.074726, -0.053289, -0.559695, 0.824622, -0.082098, 0.029091, -0.108014, 0.025630, 0.993819, 0.195440, 0.000000, 0.000000, 0.000000, 1.000000, -0.107980, 0.025499, 0.993826, 0.217439, -0.821624, -0.565104, -0.074771, 0.053280, 0.559708, -0.824626, 0.081970, 0.170958, 0.000000, 0.000000, 0.000000, 1.000000, -0.995801, 0.090666, 0.012690, 0.026455, 0.010956, -0.019597, 0.999748, -0.104916, 0.090891, 0.995689, 0.018522, 0.006881, 0.000000, 0.000000, 0.000000, 1.000000
-29.9975, -53.2872, 29.0897, 195.4401, 217.4388, 53.2784, 170.9587, 26.4545, -104.9155, 6.8813, 0.821637, 0.565092, 0.074726, -0.053287, -0.559684, 0.824629, -0.082097, 0.029090, -0.108013, 0.025631, 0.993819, 0.195440, 0.000000, 0.000000, 0.000000, 1.000000, -0.107979, 0.025500, 0.993826, 0.217439, -0.821632, -0.565093, -0.074771, 0.053278, 0.559698, -0.824633, 0.081970, 0.170959, 0.000000, 0.000000, 0.000000, 1.000000, -0.995801, 0.090666, 0.012689, 0.026454, 0.010955, -0.019598, 0.999748, -0.104916, 0.090891, 0.995689, 0.018522, 0.006881, 0.000000, 0.000000, 0.000000, 1.000000
-29.9915, -53.2733, 29.0815, 195.4387, 217.4374, 53.2644, 170.9669, 26.4496, -104.9146, 6.8850, 0.821694, 0.565009, 0.074726, -0.053273, -0.559601, 0.824686, -0.082093, 0.029082, -0.108009, 0.025639, 0.993819, 0.195439, 0.000000, 0.000000, 0.000000, 1.000000, -0.107974, 0.025507, 0.993826, 0.217437, -0.821689, -0.565010, -0.074771, 0.053264, 0.559615, -0.824690, 0.081966, 0.170967, 0.000000, 0.000000, 0.000000, 1.000000, -0.995801, 0.090666, 0.012687, 0.026450, 0.010952, -0.019603, 0.999748, -0.104915, 0.090892, 0.995688, 0.018528, 0.006885, 0.000000, 0.000000, 0.000000, 1.000000
-29.9881, -53.2652, 29.0765, 195.4379, 217.4366, 53.2564, 170.9719, 26.4468, -104.9141, 6.8871, 0.821727, 0.564960, 0.074726, -0.053265, -0.559552, 0.824720, -0.082091, 0.029077, -0.108006, 0.025644, 0.993819, 0.195438, 0.000000, 0.000000, 0.000000, 1.000000, -0.107972, 0.025512, 0.993827, 0.217437, -0.821722, -0.564961, -0.074771, 0.053256, 0.559566, -0.824723, 0.081964, 0.170972, 0.000000, 0.000000, 0.000000, 1.000000, -0.995801, 0.090666, 0.012685, 0.026447, 0.010950, -0.019607, 0.999748, -0.104914, 0.090892, 0.995688, 0.018531, 0.006887, 0.000000, 0.000000, 0.000000, 1.000000
-29.9840, -53.2556, 29.0704, 195.4368, 217.4355, 53.2467, 170.9780, 26.4434, -104.9135, 6.8896, 0.821767, 0.564902, 0.074726, -0.053256, -0.559494, 0.824759, -0.082090, 0.029070, -0.108003, 0.025650, 0.993820, 0.195437, 0.000000, 0.000000, 0.000000, 1.000000, -0.107969, 0.025519, 0.993827, 0.217435, -0.821762, -0.564903, -0.074771, 0.053247, 0.559508, -0.824762, 0.081962, 0.170978, 0.000000, 0.000000, 0.000000, 1.000000, -0.995801, 0.090666, 0.012683, 0.026443, 0.010948, -0.019610, 0.999748, -0.104914, 0.090892, 0.995688, 0.018535, 0.006890, 0.000000, 0.000000, 0.000000, 1.000000
-29.9792, -53.2442, 29.0631, 195.4355, 217.4342, 53.2353, 170.9854, 26.4393, -104.9129, 6.8926, 0.821814, 0.564834, 0.074726, -0.053244, -0.559426, 0.824806, -0.082088, 0.029063, -0.108001, 0.025657, 0.993820, 0.195435, 0.000000, 0.000000, 0.000000, 1.000000, -0.107966, 0.025526, 0.993827, 0.217434, -0.821809, -0.564835, -0.074771, 0.053235, 0.559440, -0.824809, 0.081961, 0.170985, 0.000000, 0.000000, 0.000000, 1.000000, -0.995801, 0.090666, 0.012681, 0.026439, 0.010945, -0.019615, 0.999748, -0.104913, 0.090892, 0.995688, 0.018540, 0.006893, 0.000000, 0.000000, 0.000000, 1.000000
-29.9736, -53.2309, 29.0545, 195.4339, 217.4326, 53.2221, 170.9940, 26.4346, -104.9121, 6.8960, 0.821869, 0.564755, 0.074726, -0.053231, -0.559347, 0.824860, -0.082086, 0.029054, -0.107997, 0.025666, 0.993820, 0.195434, 0.000000, 0.000000, 0.000000, 1.000000, -0.107963, 0.025535, 0.993827, 0.217433, -0.821864, -0.564756, -0.074772, 0.053222, 0.559360, -0.824863, 0.081959, 0.170994, 0.000000, 0.000000, 0.000000, 1.000000, -0.995801, 0.090666, 0.012679, 0.026435, 0.010943, -0.019620, 0.999748, -0.104912, 0.090892, 0.995688, 0.018545, 0.006896, 0.000000, 0.000000, 0.000000, 1.000000
-29.9637, -53.2074, 29.0390, 195.4311, 217.4298, 53.1985, 171.0095, 26.4263, -104.9108, 6.9020, 0.821965, 0.564614, 0.074727, -0.053207, -0.559205, 0.824956, -0.082084, 0.029039, -0.107992, 0.025683, 0.993820, 0.195431, 0.000000, 0.000000, 0.000000, 1.000000, -0.107958, 0.025552, 0.993827, 0.217430, -0.821960, -0.564615, -0.074772, 0.053199, 0.559219, -0.824959, 0.081957, 0.171010, 0.000000, 0.000000, 0.000000, 1.000000, -0.995801, 0.090666, 0.012674, 0.026426, 0.010937, -0.019629, 0.999748, -0.104911, 0.090892, 0.995688, 0.018555, 0.006902, 0.000000, 0.000000, 0.000000, 1.000000
-29.9430, -53.1581, 29.0058, 195.4250, 217.4237, 53.1492, 171.0427, 26.4086, -104.9081, 6.9146, 0.822168, 0.564318, 0.074728, -0.053158, -0.558909, 0.825157, -0.082081, 0.029006, -0.107983, 0.025718, 0.993820, 0.195425, 0.000000, 0.000000, 0.000000, 1.000000, -0.107949, 0.025587, 0.993827, 0.217424, -0.822163, -0.564319, -0.074774, 0.053149, 0.558923, -0.825160, 0.081954, 0.171043, 0.000000, 0.000000, 0.000000, 1.000000, -0.995801, 0.090667, 0.012665, 0.026409, 0.010926, -0.019648, 0.999747, -0.104908, 0.090892, 0.995687, 0.018575, 0.006915, 0.000000, 0.000000, 0.000000, 1.000000
-29.9332, -53.1348, 28.9900, 195.4220, 217.4207, 53.1259, 171.0585, 26.4003, -104.9068, 6.9205, 0.822264, 0.564179, 0.074729, -0.053135, -0.558769, 0.825251, -0.082080, 0.028990, -0.107978, 0.025735, 0.993820, 0.195422, 0.000000, 0.000000, 0.000000, 1.000000, -0.107944, 0.025604, 0.993827, 0.217421, -0.822259, -0.564180, -0.074774, 0.053126, 0.558783, -0.825255, 0.081954, 0.171059, 0.000000, 0.000000, 0.000000, 1.000000, -0.995801, 0.090667, 0.012661, 0.026400, 0.010921, -0.019657, 0.999747, -0.104907, 0.090893, 0.995687, 0.018584, 0.006921, 0.000000, 0.000000, 0.000000, 1.000000
-29.9226, -53.1095, 28.9727, 195.4188, 217.4175, 53.1006, 171.0758, 26.3912, -104.9055, 6.9270, 0.822368, 0.564027, 0.074730, -0.053109, -0.558617, 0.825355, -0.082079, 0.028973, -0.107974, 0.025754, 0.993820, 0.195419, 0.000000, 0.000000, 0.000000, 1.000000, -0.107940, 0.025623, 0.993827, 0.217418, -0.822363, -0.564028, -0.074775, 0.053101, 0.558631, -0.825358, 0.081953, 0.171076, 0.000000, 0.000000, 0.000000, 1.000000, -0.995801, 0.090667, 0.012656, 0.026391, 0.010915, -0.019666, 0.999747, -0.104905, 0.090893, 0.995687, 0.018594, 0.006927, 0.000000, 0.000000, 0.000000, 1.000000
-29.9111, -53.0820, 28.9539, 195.4153, 217.4140, 53.0732, 171.0947, 26.3814, -104.9040, 6.9339, 0.822480, 0.563863, 0.074731, -0.053082, -0.558452, 0.825466, -0.082079, 0.028954, -0.107969, 0.025775, 0.993820, 0.195415, 0.000000, 0.000000, 0.000000, 1.000000, -0.107935, 0.025644, 0.993827, 0.217414, -0.822475, -0.563864, -0.074776, 0.053073, 0.558466, -0.825469, 0.081952, 0.171095, 0.000000, 0.000000, 0.000000, 1.000000, -0.995801, 0.090667, 0.012651, 0.026381, 0.010909, -0.019677, 0.999747, -0.104904, 0.090893, 0.995687, 0.018605, 0.006934, 0.000000, 0.000000, 0.000000, 1.000000
-29.9050, -53.0676, 28.9440, 195.4134, 217.4121, 53.0587, 171.1046, 26.3762, -104.9033, 6.9376, 0.822540, 0.563776, 0.074731, -0.053068, -0.558365, 0.825525, -0.082079, 0.028944, -0.107967, 0.025786, 0.993820, 0.195413, 0.000000, 0.000000, 0.000000, 1.000000, -0.107933, 0.025655, 0.993827, 0.217412, -0.822535, -0.563777, -0.074777, 0.053059, 0.558379, -0.825528, 0.081952, 0.171105, 0.000000, 0.000000, 0.000000, 1.000000, -0.995801, 0.090667, 0.012648, 0.026376, 0.010906, -0.019682, 0.999747, -0.104903, 0.090893, 0.995687, 0.018611, 0.006938, 0.000000, 0.000000, 0.000000, 1.000000
-29.8855, -53.0210, 28.9119, 195.4074, 217.4061, 53.0121, 171.1368, 26.3595, -104.9008, 6.9494, 0.822731, 0.563497, 0.074733, -0.053021, -0.558085, 0.825714, -0.082078, 0.028912, -0.107959, 0.025821, 0.993820, 0.195407, 0.000000, 0.000000, 0.000000, 1.000000, -0.107926, 0.025690, 0.993827, 0.217406, -0.822726, -0.563499, -0.074778, 0.053012, 0.558099, -0.825718, 0.081952, 0.171137, 0.000000, 0.000000, 0.000000, 1.000000, -0.995801, 0.090667, 0.012639, 0.026359, 0.010896, -0.019700, 0.999747, -0.104901, 0.090893, 0.995686, 0.018630, 0.006949, 0.000000, 0.000000, 0.000000, 1.000000
-29.8715, -52.9875, 28.8886, 195.4030, 217.4017, 52.9786, 171.1600, 26.3474, -104.8991, 6.9578, 0.822868, 0.563297, 0.074734, -0.052987, -0.557884, 0.825850, -0.082078, 0.028889, -0.107954, 0.025846, 0.993820, 0.195403, 0.000000, 0.000000, 0.000000, 1.000000, -0.107920, 0.025716, 0.993827, 0.217402, -0.822863, -0.563298, -0.074780, 0.052979, 0.557897, -0.825854, 0.081952, 0.171160, 0.000000, 0.000000, 0.000000, 1.000000, -0.995801, 0.090668, 0.012633, 0.026347, 0.010888, -0.019713, 0.999746, -0.104899, 0.090894, 0.995686, 0.018643, 0.006958, 0.000000, 0.000000, 0.000000, 1.000000
-29.8412, -52.9148, 28.8381, 195.3935, 217.3922, 52.9059, 171.2106, 26.3212, -104.8954, 6.9762, 0.823166, 0.562861, 0.074737, -0.052915, -0.557447, 0.826145, -0.082079, 0.028838, -0.107943, 0.025902, 0.993820, 0.195393, 0.000000, 0.000000, 0.000000, 1.000000, -0.107910, 0.025772, 0.993827, 0.217392, -0.823161, -0.562862, -0.074782, 0.052906, 0.557460, -0.826149, 0.081953, 0.171211, 0.000000, 0.000000, 0.000000, 1.000000, -0.995801, 0.090668, 0.012620, 0.026321, 0.010872, -0.019741, 0.999746, -0.104895, 0.090894, 0.995685, 0.018672, 0.006976, 0.000000, 0.000000, 0.000000, 1.000000
-29.8250, -52.8760, 28.8111, 195.3884, 217.3871, 52.8671, 171.2376, 26.3073, -104.8934, 6.9859, 0.823324, 0.562629, 0.074739, -0.052876, -0.557214, 0.826303, -0.082079, 0.028811, -0.107937, 0.025932, 0.993819, 0.195388, 0.000000, 0.000000, 0.000000, 1.000000, -0.107904, 0.025802, 0.993826, 0.217387, -0.823319, -0.562630, -0.074784, 0.052867, 0.557227, -0.826306, 0.081953, 0.171238, 0.000000, 0.000000, 0.000000, 1.000000, -0.995801, 0.090668, 0.012612, 0.026307, 0.010864, -0.019756, 0.999746, -0.104893, 0.090895, 0.995685, 0.018688, 0.006986, 0.000000, 0.000000, 0.000000, 1.000000
-29.8082, -52.8356, 28.7829, 195.3830, 217.3818, 52.8267, 171.2658, 26.2927, -104.8914, 6.9960, 0.823489, 0.562388, 0.074740, -0.052836, -0.556971, 0.826466, -0.082080, 0.028783, -0.107931, 0.025964, 0.993819, 0.195383, 0.000000, 0.000000, 0.000000, 1.000000, -0.107898, 0.025834, 0.993826, 0.217382, -0.823484, -0.562389, -0.074786, 0.052827, 0.556985, -0.826469, 0.081954, 0.171266, 0.000000, 0.000000, 0.000000, 1.000000, -0.995801, 0.090669, 0.012605, 0.026293, 0.010855, -0.019771, 0.999746, -0.104891, 0.090895, 0.995685, 0.018704, 0.006996, 0.000000, 0.000000, 0.000000, 1.000000
-29.7908, -52.7937, 28.7537, 195.3775, 217.3763, 52.7848, 171.2951, 26.2776, -104.8893, 7.0065, 0.823660, 0.562137, 0.074742, -0.052794, -0.556720, 0.826635, -0.082081, 0.028754, -0.107925, 0.025996, 0.993819, 0.195378, 0.000000, 0.000000, 0.000000, 1.000000, -0.107892, 0.025866, 0.993826, 0.217376, -0.823655, -0.562138, -0.074787, 0.052785, 0.556733, -0.826639, 0.081955, 0.171295, 0.000000, 0.000000, 0.000000, 1.000000, -0.995801, 0.090669, 0.012597, 0.026278, 0.010845, -0.019787, 0.999745, -0.104889, 0.090895, 0.995684, 0.018721, 0.007007, 0.000000, 0.000000, 0.000000, 1.000000
-29.7636, -52.7284, 28.7079, 195.3688, 217.3676, 52.7195, 171.3408, 26.2541, -104.8860, 7.0229, 0.823926, 0.561746, 0.074745, -0.052728, -0.556327, 0.826899, -0.082083, 0.028708, -0.107916, 0.026048, 0.993819, 0.195369, 0.000000, 0.000000, 0.000000, 1.000000, -0.107883, 0.025917, 0.993826, 0.217368, -0.823921, -0.561747, -0.074790, 0.052719, 0.556341, -0.826903, 0.081957, 0.171341, 0.000000, 0.000000, 0.000000, 1.000000, -0.995802, 0.090669, 0.012585, 0.026254, 0.010831, -0.019812, 0.999745, -0.104886, 0.090896, 0.995684, 0.018747, 0.007023, 0.000000, 0.000000, 0.000000, 1.000000
-29.7542, -52.7060, 28.6922, 195.3659, 217.3646, 52.6971, 171.3565, 26.2460, -104.8849, 7.0285, 0.824018, 0.561612, 0.074746, -0.052706, -0.556192, 0.826990, -0.082083, 0.028692, -0.107913, 0.026065, 0.993819, 0.195366, 0.000000, 0.000000, 0.000000, 1.000000, -0.107880, 0.025935, 0.993826, 0.217365, -0.824013, -0.561613, -0.074791, 0.052697, 0.556206, -0.826993, 0.081958, 0.171357, 0.000000, 0.000000, 0.000000, 1.000000, -0.995802, 0.090670, 0.012581, 0.026246, 0.010826, -0.019821, 0.999745, -0.104885, 0.090896, 0.995684, 0.018756, 0.007029, 0.000000, 0.000000, 0.000000, 1.000000
-29.7256, -52.6371, 28.6440, 195.3567, 217.3555, 52.6282, 171.4048, 26.2212, -104.8814, 7.0457, 0.824298, 0.561200, 0.074749, -0.052637, -0.555778, 0.827268, -0.082086, 0.028644, -0.107904, 0.026119, 0.993818, 0.195357, 0.000000, 0.000000, 0.000000, 1.000000, -0.107871, 0.025989, 0.993825, 0.217355, -0.824293, -0.561201, -0.074794, 0.052628, 0.555792, -0.827271, 0.081960, 0.171405, 0.000000, 0.000000, 0.000000, 1.000000, -0.995802, 0.090670, 0.012568, 0.026221, 0.010810, -0.019847, 0.999745, -0.104881, 0.090896, 0.995683, 0.018783, 0.007046, 0.000000, 0.000000, 0.000000, 1.000000
-29.7060, -52.5899, 28.6109, 195.3504, 217.3492, 52.5810, 171.4379, 26.2041, -104.8791, 7.0575, 0.824490, 0.560918, 0.074751, -0.052590, -0.555495, 0.827458, -0.082087, 0.028611, -0.107897, 0.026156, 0.993818, 0.195350, 0.000000, 0.000000, 0.000000, 1.000000, -0.107865, 0.026026, 0.993825, 0.217349, -0.824485, -0.560919, -0.074796, 0.052581, 0.555508, -0.827462, 0.081962, 0.171438, 0.000000, 0.000000, 0.000000, 1.000000, -0.995802, 0.090670, 0.012559, 0.026204, 0.010800, -0.019865, 0.999744, -0.104879, 0.090897, 0.995683, 0.018802, 0.007057, 0.000000, 0.000000, 0.000000, 1.000000
-29.6861, -52.5418, 28.5772, 195.3440, 217.3428, 52.5329, 171.4716, 26.1868, -104.8767, 7.0695, 0.824685, 0.560630, 0.074753, -0.052542, -0.555206, 0.827652, -0.082089, 0.028577, -0.107891, 0.026194, 0.993818, 0.195344, 0.000000, 0.000000, 0.000000, 1.000000, -0.107859, 0.026064, 0.993825, 0.217343, -0.824680, -0.560632, -0.074798, 0.052533, 0.555220, -0.827655, 0.081964, 0.171472, 0.000000, 0.000000, 0.000000, 1.000000, -0.995802, 0.090671, 0.012550, 0.026187, 0.010789, -0.019883, 0.999744, -0.104877, 0.090897, 0.995682, 0.018821, 0.007069, 0.000000, 0.000000, 0.000000, 1.000000
-29.6760, -52.5175, 28.5602, 195.3408, 217.3396, 52.5086, 171.4887, 26.1781, -104.8755, 7.0755, 0.824784, 0.560485, 0.074754, -0.052518, -0.555060, 0.827750, -0.082090, 0.028560, -0.107888, 0.026213, 0.993817, 0.195341, 0.000000, 0.000000, 0.000000, 1.000000, -0.107855, 0.026083, 0.993824, 0.217340, -0.824779, -0.560486, -0.074799, 0.052509, 0.555074, -0.827753, 0.081965, 0.171489, 0.000000, 0.000000, 0.000000, 1.000000, -0.995802, 0.090671, 0.012545, 0.026178, 0.010784, -0.019892, 0.999744, -0.104875, 0.090897, 0.995682, 0.018831, 0.007076, 0.000000, 0.000000, 0.000000, 1.000000
-29.6350, -52.4188, 28.4910, 195.3276, 217.3264, 52.4099, 171.5579, 26.1425, -104.8706, 7.1001, 0.825184, 0.559895, 0.074759, -0.052419, -0.554468, 0.828146, -0.082093, 0.028491, -0.107875, 0.026291, 0.993817, 0.195328, 0.000000, 0.000000, 0.000000, 1.000000, -0.107843, 0.026161, 0.993824, 0.217326, -0.825179, -0.559896, -0.074804, 0.052410, 0.554481, -0.828150, 0.081969, 0.171558, 0.000000, 0.000000, 0.000000, 1.000000, -0.995802, 0.090672, 0.012527, 0.026142, 0.010762, -0.019930, 0.999743, -0.104871, 0.090898, 0.995681, 0.018870, 0.007100, 0.000000, 0.000000, 0.000000, 1.000000
-29.6143, -52.3688, 28.4560, 195.3209, 217.3198, 52.3599, 171.5930, 26.1244, -104.8681, 7.1125, 0.825386, 0.559596, 0.074761, -0.052369, -0.554167, 0.828347, -0.082095, 0.028456, -0.107868, 0.026330, 0.993816, 0.195321, 0.000000, 0.000000, 0.000000, 1.000000, -0.107836, 0.026201, 0.993823, 0.217320, -0.825382, -0.559597, -0.074806, 0.052360, 0.554181, -0.828350, 0.081971, 0.171593, 0.000000, 0.000000, 0.000000, 1.000000, -0.995802, 0.090672, 0.012518, 0.026124, 0.010751, -0.019949, 0.999743, -0.104868, 0.090898, 0.995681, 0.018890, 0.007112, 0.000000, 0.000000, 0.000000, 1.000000
-29.5831, -52.2934, 28.4031, 195.3109, 217.3097, 52.2845, 171.6459, 26.0972, -104.8644, 7.1312, 0.825692, 0.559145, 0.074764, -0.052293, -0.553714, 0.828650, -0.082098, 0.028403, -0.107859, 0.026390, 0.993816, 0.195311, 0.000000, 0.000000, 0.000000, 1.000000, -0.107827, 0.026260, 0.993823, 0.217310, -0.825687, -0.559146, -0.074810, 0.052284, 0.553728, -0.828653, 0.081974, 0.171646, 0.000000, 0.000000, 0.000000, 1.000000, -0.995802, 0.090673, 0.012504, 0.026097, 0.010734, -0.019977, 0.999743, -0.104864, 0.090899, 0.995680, 0.018920, 0.007131, 0.000000, 0.000000, 0.000000, 1.000000
-29.5726, -52.2681, 28.3854, 195.3075, 217.3063, 52.2592, 171.6635, 26.0881, -104.8632, 7.1374, 0.825794, 0.558994, 0.074766, -0.052268, -0.553563, 0.828751, -0.082100, 0.028385, -0.107855, 0.026410, 0.993816, 0.195308, 0.000000, 0.000000, 0.000000, 1.000000, -0.107824, 0.026280, 0.993823, 0.217306, -0.825789, -0.558996, -0.074811, 0.052259, 0.553576, -0.828754, 0.081975, 0.171664, 0.000000, 0.000000, 0.000000, 1.000000, -0.995802, 0.090673, 0.012499, 0.026088, 0.010728, -0.019987, 0.999743, -0.104863, 0.090899, 0.995680, 0.018930, 0.007137, 0.000000, 0.000000, 0.000000, 1.000000
-29.5413, -52.1925, 28.3325, 195.2974, 217.2963, 52.1836, 171.7165, 26.0608, -104.8595, 7.1562, 0.826099, 0.558543, 0.074769, -0.052193, -0.553109, 0.829053, -0.082103, 0.028333, -0.107846, 0.026469, 0.993815, 0.195297, 0.000000, 0.000000, 0.000000, 1.000000, -0.107814, 0.026340, 0.993822, 0.217296, -0.826094, -0.558544, -0.074815, 0.052184, 0.553122, -0.829057, 0.081978, 0.171716, 0.000000, 0.000000, 0.000000, 1.000000, -0.995802, 0.090673, 0.012485, 0.026061, 0.010712, -0.020016, 0.999742, -0.104859, 0.090900, 0.995680, 0.018960, 0.007156, 0.000000, 0.000000, 0.000000, 1.000000
-29.5205, -52.1423, 28.2974, 195.2908, 217.2896, 52.1334, 171.7516, 26.0427, -104.8570, 7.1686, 0.826302, 0.558242, 0.074772, -0.052142, -0.552807, 0.829254, -0.082105, 0.028297, -0.107839, 0.026509, 0.993815, 0.195291, 0.000000, 0.000000, 0.000000, 1.000000, -0.107808, 0.026380, 0.993822, 0.217290, -0.826297, -0.558244, -0.074817, 0.052133, 0.552821, -0.829258, 0.081980, 0.171752, 0.000000, 0.000000, 0.000000, 1.000000, -0.995803, 0.090674, 0.012475, 0.026043, 0.010700, -0.020035, 0.999742, -0.104857, 0.090900, 0.995679, 0.018980, 0.007169, 0.000000, 0.000000, 0.000000, 1.000000
-29.4998, -52.0923, 28.2625, 195.2841, 217.2829, 52.0834, 171.7866, 26.0246, -104.8546, 7.1810, 0.826503, 0.557944, 0.074774, -0.052092, -0.552507, 0.829454, -0.082107, 0.028262, -0.107833, 0.026548, 0.993815, 0.195284, 0.000000, 0.000000, 0.000000, 1.000000, -0.107801, 0.026419, 0.993821, 0.217283, -0.826498, -0.557945, -0.074819, 0.052083, 0.552521, -0.829457, 0.081983, 0.171787, 0.000000, 0.000000, 0.000000, 1.000000, -0.995803, 0.090674, 0.012466, 0.026025, 0.010689, -0.020054, 0.999742, -0.104855, 0.090901, 0.995679, 0.019000, 0.007181, 0.000000, 0.000000, 0.000000, 1.000000
-29.4793, -52.0427, 28.2278, 195.2775, 217.2763, 52.0338, 171.8212, 26.0067, -104.8521, 7.1932, 0.826703, 0.557647, 0.074776, -0.052043, -0.552210, 0.829652, -0.082109, 0.028228, -0.107826, 0.026587, 0.993814, 0.195277, 0.000000, 0.000000, 0.000000, 1.000000, -0.107795, 0.026459, 0.993821, 0.217276, -0.826698, -0.557648, -0.074822, 0.052034, 0.552223, -0.829655, 0.081985, 0.171821, 0.000000, 0.000000, 0.000000, 1.000000, -0.995803, 0.090674, 0.012457, 0.026007, 0.010678, -0.020072, 0.999742, -0.104852, 0.090901, 0.995678, 0.019020, 0.007193, 0.000000, 0.000000, 0.000000, 1.000000
-29.4490, -51.9692, 28.1766, 195.2677, 217.2666, 51.9603, 171.8725, 25.9802, -104.8485, 7.2113, 0.826999, 0.557208, 0.074780, -0.051969, -0.551769, 0.829945, -0.082112, 0.028177, -0.107817, 0.026645, 0.993814, 0.195268, 0.000000, 0.000000, 0.000000, 1.000000, -0.107786, 0.026516, 0.993820, 0.217267, -0.826994, -0.557209, -0.074825, 0.051960, 0.551782, -0.829948, 0.081988, 0.171873, 0.000000, 0.000000, 0.000000, 1.000000, -0.995803, 0.090675, 0.012443, 0.025980, 0.010662, -0.020100, 0.999741, -0.104849, 0.090901, 0.995678, 0.019049, 0.007211, 0.000000, 0.000000, 0.000000, 1.000000
-29.4291, -51.9210, 28.1430, 195.2613, 217.2602, 51.9121, 171.9061, 25.9629, -104.8462, 7.2232, 0.827192, 0.556920, 0.074782, -0.051921, -0.551479, 0.830137, -0.082114, 0.028143, -0.107810, 0.026683, 0.993813, 0.195261, 0.000000, 0.000000, 0.000000, 1.000000, -0.107779, 0.026554, 0.993820, 0.217260, -0.827188, -0.556922, -0.074827, 0.051912, 0.551493, -0.830141, 0.081990, 0.171906, 0.000000, 0.000000, 0.000000, 1.000000, -0.995803, 0.090675, 0.012434, 0.025963, 0.010651, -0.020118, 0.999741, -0.104846, 0.090902, 0.995677, 0.019068, 0.007223, 0.000000, 0.000000, 0.000000, 1.000000
-29.4094, -51.8734, 28.1099, 195.2550, 217.2539, 51.8645, 171.9392, 25.9457, -104.8439, 7.2349, 0.827383, 0.556636, 0.074784, -0.051873, -0.551194, 0.830326, -0.082116, 0.028110, -0.107804, 0.026721, 0.993813, 0.195255, 0.000000, 0.000000, 0.000000, 1.000000, -0.107773, 0.026592, 0.993820, 0.217254, -0.827378, -0.556638, -0.074830, 0.051865, 0.551208, -0.830330, 0.081992, 0.171939, 0.000000, 0.000000, 0.000000, 1.000000, -0.995803, 0.090675, 0.012425, 0.025946, 0.010641, -0.020136, 0.999741, -0.104844, 0.090902, 0.995677, 0.019087, 0.007235, 0.000000, 0.000000, 0.000000, 1.000000
-29.3901, -51.8267, 28.0774, 195.2488, 217.2477, 51.8178, 171.9718, 25.9288, -104.8416, 7.2464, 0.827571, 0.556357, 0.074787, -0.051827, -0.550914, 0.830512, -0.082118, 0.028077, -0.107798, 0.026757, 0.993813, 0.195249, 0.000000, 0.000000, 0.000000, 1.000000, -0.107767, 0.026629, 0.993819, 0.217248, -0.827566, -0.556358, -0.074832, 0.051818, 0.550927, -0.830516, 0.081994, 0.171972, 0.000000, 0.000000, 0.000000, 1.000000, -0.995803, 0.090676, 0.012416, 0.025929, 0.010630, -0.020154, 0.999740, -0.104842, 0.090903, 0.995677, 0.019106, 0.007246, 0.000000, 0.000000, 0.000000, 1.000000
-29.3711, -51.7807, 28.0455, 195.2427, 217.2416, 51.7718, 172.0037, 25.9123, -104.8393, 7.2577, 0.827755, 0.556082, 0.074789, -0.051781, -0.550638, 0.830695, -0.082120, 0.028045, -0.107792, 0.026793, 0.993812, 0.195243, 0.000000, 0.000000, 0.000000, 1.000000, -0.107761, 0.026665, 0.993819, 0.217242, -0.827750, -0.556084, -0.074834, 0.051772, 0.550651, -0.830698, 0.081996, 0.172004, 0.000000, 0.000000, 0.000000, 1.000000, -0.995803, 0.090676, 0.012408, 0.025912, 0.010620, -0.020171, 0.999740, -0.104839, 0.090903, 0.995676, 0.019124, 0.007258, 0.000000, 0.000000, 0.000000, 1.000000
-29.3525, -51.7356, 28.0142, 195.2368, 217.2357, 51.7267, 172.0350, 25.8960, -104.8371, 7.2688, 0.827936, 0.555813, 0.074791, -0.051736, -0.550367, 0.830874, -0.082121, 0.028014, -0.107786, 0.026829, 0.993812, 0.195237, 0.000000, 0.000000, 0.000000, 1.000000, -0.107756, 0.026700, 0.993819, 0.217236, -0.827931, -0.555814, -0.074836, 0.051727, 0.550380, -0.830878, 0.081998, 0.172035, 0.000000, 0.000000, 0.000000, 1.000000, -0.995803, 0.090676, 0.012399, 0.025896, 0.010610, -0.020188, 0.999740, -0.104837, 0.090903, 0.995676, 0.019142, 0.007269, 0.000000, 0.000000, 0.000000, 1.000000
-29.3525, -51.7356, 28.0142, 195.2368, 217.2357, 51.7267, 172.0350, 25.8960, -104.8371, 7.2688, 0.827936, 0.555813, 0.074791, -0.051736, -0.550367, 0.830874, -0.082121, 0.028014, -0.107786, 0.026829, 0.993812, 0.195237, 0.000000, 0.000000, 0.000000, 1.000000, -0.107756, 0.026700, 0.993819, 0.217236, -0.827931, -0.555814, -0.074836, 0.051727, 0.550380, -0.830878, 0.081998, 0.172035, 0.000000, 0.000000, 0.000000, 1.000000, -0.995803, 0.090676, 0.012399, 0.025896, 0.010610, -0.020188, 0.999740, -0.104837, 0.090903, 0.995676, 0.019142, 0.007269, 0.000000, 0.000000, 0.000000, 1.000000
-29.3164, -51.6482, 27.9536, 195.2252, 217.2241, 51.6393, 172.0956, 25.8645, -104.8328, 7.2903, 0.828286, 0.555291, 0.074795, -0.051648, -0.549843, 0.831221, -0.082125, 0.027954, -0.107774, 0.026897, 0.993811, 0.195225, 0.000000, 0.000000, 0.000000, 1.000000, -0.107744, 0.026769, 0.993818, 0.217224, -0.828281, -0.555292, -0.074841, 0.051639, 0.549856, -0.831225, 0.082002, 0.172096, 0.000000, 0.000000, 0.000000, 1.000000, -0.995803, 0.090677, 0.012383, 0.025864, 0.010590, -0.020221, 0.999739, -0.104833, 0.090904, 0.995675, 0.019176, 0.007290, 0.000000, 0.000000, 0.000000, 1.000000
-29.2990, -51.6059, 27.9244, 195.2197, 217.2186, 51.5970, 172.1249, 25.8492, -104.8308, 7.3007, 0.828455, 0.555038, 0.074797, -0.051606, -0.549589, 0.831389, -0.082126, 0.027924, -0.107769, 0.026930, 0.993811, 0.195220, 0.000000, 0.000000, 0.000000, 1.000000, -0.107739, 0.026802, 0.993818, 0.217219, -0.828450, -0.555040, -0.074843, 0.051597, 0.549602, -0.831392, 0.082003, 0.172125, 0.000000, 0.000000, 0.000000, 1.000000, -0.995803, 0.090677, 0.012375, 0.025849, 0.010581, -0.020237, 0.999739, -0.104831, 0.090904, 0.995675, 0.019193, 0.007301, 0.000000, 0.000000, 0.000000, 1.000000
-29.2820, -51.5646, 27.8959, 195.2142, 217.2131, 51.5557, 172.1534, 25.8344, -104.8287, 7.3108, 0.828620, 0.554792, 0.074799, -0.051565, -0.549341, 0.831552, -0.082128, 0.027896, -0.107763, 0.026962, 0.993811, 0.195214, 0.000000, 0.000000, 0.000000, 1.000000, -0.107733, 0.026834, 0.993818, 0.217213, -0.828615, -0.554793, -0.074845, 0.051556, 0.549355, -0.831556, 0.082005, 0.172153, 0.000000, 0.000000, 0.000000, 1.000000, -0.995804, 0.090678, 0.012367, 0.025834, 0.010572, -0.020253, 0.999739, -0.104829, 0.090904, 0.995674, 0.019209, 0.007311, 0.000000, 0.000000, 0.000000, 1.000000
-29.2736, -51.5444, 27.8820, 195.2116, 217.2105, 51.5355, 172.1674, 25.8271, -104.8278, 7.3158, 0.828701, 0.554671, 0.074800, -0.051544, -0.549220, 0.831632, -0.082128, 0.027882, -0.107760, 0.026978, 0.993811, 0.195212, 0.000000, 0.000000, 0.000000, 1.000000, -0.107730, 0.026850, 0.993818, 0.217210, -0.828696, -0.554672, -0.074846, 0.051535, 0.549233, -0.831636, 0.082006, 0.172167, 0.000000, 0.000000, 0.000000, 1.000000, -0.995804, 0.090678, 0.012363, 0.025827, 0.010567, -0.020261, 0.999739, -0.104828, 0.090905, 0.995674, 0.019217, 0.007316, 0.000000, 0.000000, 0.000000, 1.000000
-29.2492, -51.4851, 27.8411, 195.2038, 217.2027, 51.4762, 172.2082, 25.8057, -104.8248, 7.3303, 0.828937, 0.554317, 0.074803, -0.051485, -0.548864, 0.831867, -0.082130, 0.027841, -0.107752, 0.027024, 0.993810, 0.195204, 0.000000, 0.000000, 0.000000, 1.000000, -0.107722, 0.026896, 0.993817, 0.217203, -0.828933, -0.554318, -0.074848, 0.051476, 0.548878, -0.831870, 0.082008, 0.172208, 0.000000, 0.000000, 0.000000, 1.000000, -0.995804, 0.090678, 0.012352, 0.025806, 0.010554, -0.020283, 0.999739, -0.104825, 0.090905, 0.995674, 0.019241, 0.007330, 0.000000, 0.000000, 0.000000, 1.000000
-29.2182, -51.4104, 27.7927, 195.1950, 217.1939, 51.4015, 172.2567, 25.7791, -104.8208, 7.3488, 0.829235, 0.553871, 0.074806, -0.051410, -0.548418, 0.832162, -0.082125, 0.027793, -0.107737, 0.027076, 0.993811, 0.195195, 0.000000, 0.000000, 0.000000, 1.000000, -0.107708, 0.026948, 0.993817, 0.217194, -0.829230, -0.553872, -0.074851, 0.051402, 0.548431, -0.832165, 0.082002, 0.172257, 0.000000, 0.000000, 0.000000, 1.000000, -0.995804, 0.090679, 0.012338, 0.025779, 0.010537, -0.020311, 0.999738, -0.104821, 0.090906, 0.995673, 0.019270, 0.007349, 0.000000, 0.000000, 0.000000, 1.000000
-29.2034, -51.3754, 27.7739, 195.1924, 217.1913, 51.3665, 172.2754, 25.7671, -104.8184, 7.3579, 0.829374, 0.553663, 0.074807, -0.051375, -0.548210, 0.832300, -0.082112, 0.027774, -0.107724, 0.027092, 0.993812, 0.195192, 0.000000, 0.000000, 0.000000, 1.000000, -0.107694, 0.026964, 0.993818, 0.217191, -0.829369, -0.553664, -0.074852, 0.051366, 0.548223, -0.832304, 0.081989, 0.172275, 0.000000, 0.000000, 0.000000, 1.000000, -0.995804, 0.090679, 0.012331, 0.025767, 0.010529, -0.020324, 0.999738, -0.104818, 0.090906, 0.995673, 0.019284, 0.007358, 0.000000, 0.000000, 0.000000, 1.000000
-29.1891, -51.3413, 27.7553, 195.1897, 217.1886, 51.3324, 172.2940, 25.7553, -104.8161, 7.3667, 0.829509, 0.553460, 0.074807, -0.051341, -0.548008, 0.832435, -0.082100, 0.027755, -0.107711, 0.027108, 0.993813, 0.195190, 0.000000, 0.000000, 0.000000, 1.000000, -0.107681, 0.026979, 0.993819, 0.217189, -0.829505, -0.553461, -0.074853, 0.051332, 0.548021, -0.832438, 0.081977, 0.172294, 0.000000, 0.000000, 0.000000, 1.000000, -0.995804, 0.090679, 0.012325, 0.025755, 0.010521, -0.020337, 0.999738, -0.104816, 0.090906, 0.995672, 0.019298, 0.007367, 0.000000, 0.000000, 0.000000, 1.000000
-29.1752, -51.3081, 27.7368, 195.1869, 217.1858, 51.2992, 172.3125, 25.7439, -104.8139, 7.3752, 0.829641, 0.553263, 0.074808, -0.051308, -0.547811, 0.832565, -0.082090, 0.027737, -0.107700, 0.027124, 0.993813, 0.195187, 0.000000, 0.000000, 0.000000, 1.000000, -0.107670, 0.026996, 0.993820, 0.217186, -0.829636, -0.553264, -0.074854, 0.051299, 0.547824, -0.832569, 0.081967, 0.172313, 0.000000, 0.000000, 0.000000, 1.000000, -0.995804, 0.090679, 0.012318, 0.025744, 0.010514, -0.020349, 0.999738, -0.104814, 0.090906, 0.995672, 0.019311, 0.007375, 0.000000, 0.000000, 0.000000, 1.000000
-29.1683, -51.2919, 27.7275, 195.1855, 217.1844, 51.2830, 172.3217, 25.7382, -104.8128, 7.3794, 0.829706, 0.553166, 0.074809, -0.051292, -0.547714, 0.832629, -0.082085, 0.027727, -0.107695, 0.027133, 0.993814, 0.195185, 0.000000, 0.000000, 0.000000, 1.000000, -0.107665, 0.027004, 0.993820, 0.217184, -0.829701, -0.553167, -0.074854, 0.051283, 0.547727, -0.832633, 0.081962, 0.172322, 0.000000, 0.000000, 0.000000, 1.000000, -0.995804, 0.090680, 0.012315, 0.025738, 0.010510, -0.020356, 0.999738, -0.104813, 0.090906, 0.995672, 0.019317, 0.007379, 0.000000, 0.000000, 0.000000, 1.000000
-29.1550, -51.2600, 27.7089, 195.1825, 217.1814, 51.2511, 172.3403, 25.7271, -104.8108, 7.3875, 0.829832, 0.552976, 0.074810, -0.051260, -0.547524, 0.832755, -0.082078, 0.027709, -0.107685, 0.027150, 0.993814, 0.195183, 0.000000, 0.000000, 0.000000, 1.000000, -0.107655, 0.027022, 0.993821, 0.217181, -0.829827, -0.552977, -0.074855, 0.051251, 0.547537, -0.832758, 0.081954, 0.172340, 0.000000, 0.000000, 0.000000, 1.000000, -0.995804, 0.090680, 0.012309, 0.025727, 0.010503, -0.020368, 0.999737, -0.104811, 0.090907, 0.995672, 0.019330, 0.007387, 0.000000, 0.000000, 0.000000, 1.000000
-29.1232, -51.1837, 27.6624, 195.1747, 217.1736, 51.1748, 172.3867, 25.7002, -104.8063, 7.4066, 0.830135, 0.552521, 0.074813, -0.051184, -0.547069, 0.833055, -0.082065, 0.027662, -0.107666, 0.027197, 0.993815, 0.195175, 0.000000, 0.000000, 0.000000, 1.000000, -0.107635, 0.027068, 0.993822, 0.217174, -0.830130, -0.552522, -0.074858, 0.051175, 0.547082, -0.833059, 0.081941, 0.172387, 0.000000, 0.000000, 0.000000, 1.000000, -0.995804, 0.090680, 0.012294, 0.025700, 0.010486, -0.020396, 0.999737, -0.104806, 0.090907, 0.995671, 0.019360, 0.007407, 0.000000, 0.000000, 0.000000, 1.000000
-29.1111, -51.1547, 27.6438, 195.1714, 217.1703, 51.1458, 172.4053, 25.6899, -104.8047, 7.4138, 0.830250, 0.552348, 0.074814, -0.051155, -0.546895, 0.833169, -0.082062, 0.027644, -0.107659, 0.027217, 0.993815, 0.195171, 0.000000, 0.000000, 0.000000, 1.000000, -0.107629, 0.027088, 0.993822, 0.217170, -0.830245, -0.552349, -0.074859, 0.051146, 0.546909, -0.833173, 0.081938, 0.172405, 0.000000, 0.000000, 0.000000, 1.000000, -0.995804, 0.090680, 0.012289, 0.025690, 0.010479, -0.020407, 0.999737, -0.104805, 0.090907, 0.995671, 0.019371, 0.007414, 0.000000, 0.000000, 0.000000, 1.000000
-29.0995, -51.1265, 27.6253, 195.1681, 217.1669, 51.1176, 172.4237, 25.6798, -104.8033, 7.4208, 0.830362, 0.552179, 0.074815, -0.051127, -0.546726, 0.833280, -0.082061, 0.027625, -0.107654, 0.027237, 0.993815, 0.195168, 0.000000, 0.000000, 0.000000, 1.000000, -0.107624, 0.027108, 0.993822, 0.217167, -0.830357, -0.552181, -0.074860, 0.051118, 0.546740, -0.833284, 0.081937, 0.172424, 0.000000, 0.000000, 0.000000, 1.000000, -0.995804, 0.090681, 0.012283, 0.025680, 0.010473, -0.020418, 0.999737, -0.104803, 0.090908, 0.995671, 0.019382, 0.007421, 0.000000, 0.000000, 0.000000, 1.000000
-29.0938, -51.1127, 27.6161, 195.1663, 217.1652, 51.1038, 172.4329, 25.6749, -104.8026, 7.4242, 0.830417, 0.552097, 0.074816, -0.051113, -0.546644, 0.833335, -0.082061, 0.027616, -0.107652, 0.027248, 0.993815, 0.195166, 0.000000, 0.000000, 0.000000, 1.000000, -0.107622, 0.027118, 0.993822, 0.217165, -0.830412, -0.552098, -0.074861, 0.051104, 0.546657, -0.833338, 0.081937, 0.172433, 0.000000, 0.000000, 0.000000, 1.000000, -0.995804, 0.090681, 0.012281, 0.025675, 0.010470, -0.020423, 0.999737, -0.104803, 0.090908, 0.995671, 0.019388, 0.007424, 0.000000, 0.000000, 0.000000, 1.000000
-29.0826, -51.0857, 27.5977, 195.1629, 217.1617, 51.0768, 172.4513, 25.6651, -104.8012, 7.4308, 0.830524, 0.551935, 0.074817, -0.051086, -0.546481, 0.833441, -0.082062, 0.027598, -0.107648, 0.027268, 0.993815, 0.195163, 0.000000, 0.000000, 0.000000, 1.000000, -0.107618, 0.027139, 0.993822, 0.217162, -0.830519, -0.551936, -0.074862, 0.051077, 0.546495, -0.833445, 0.081937, 0.172451, 0.000000, 0.000000, 0.000000, 1.000000, -0.995804, 0.090681, 0.012276, 0.025665, 0.010463, -0.020433, 0.999736, -0.104801, 0.090908, 0.995670, 0.019399, 0.007431, 0.000000, 0.000000, 0.000000, 1.000000
-29.0610, -51.0333, 27.5608, 195.1556, 217.1545, 51.0244, 172.4881, 25.6461, -104.7988, 7.4434, 0.830732, 0.551622, 0.074819, -0.051033, -0.546166, 0.833647, -0.082067, 0.027561, -0.107643, 0.027311, 0.993814, 0.195156, 0.000000, 0.000000, 0.000000, 1.000000, -0.107612, 0.027182, 0.993821, 0.217155, -0.830727, -0.551623, -0.074865, 0.051024, 0.546180, -0.833651, 0.081942, 0.172488, 0.000000, 0.000000, 0.000000, 1.000000, -0.995804, 0.090681, 0.012266, 0.025646, 0.010452, -0.020453, 0.999736, -0.104799, 0.090908, 0.995670, 0.019419, 0.007443, 0.000000, 0.000000, 0.000000, 1.000000
