# Joint_A_Angle(deg), Cam_X(mm), Cam_Y(mm), Cam_Z(mm), Torso_X(mm), Torso_Y(mm), Torso_Z(mm), EE_X(mm), EE_Y(mm), EE_Z(mm), T_cam2marker_flat(16), T_torso2marker_flat(16), T_ee2marker_flat(16)
-20.0006, -28.6841, -1.7667, 372.2072, 441.2156, 37.6838, 258.7802, 16.0190, -38.4003, -64.0443, 0.279179, 0.953924, -0.109947, -0.028684, -0.952337, 0.289720, 0.095481, -0.001767, 0.122935, 0.078050, 0.989341, 0.372207, 0.000000, 0.000000, 0.000000, 1.000000, 0.123071, 0.078008, 0.989327, 0.441216, -0.279179, -0.953924, 0.109946, 0.037684, 0.952319, -0.289731, -0.095622, 0.258780, 0.000000, 0.000000, 0.000000, 1.000000, -0.999802, 0.019839, 0.001716, 0.016019, 0.000485, -0.061915, 0.998081, -0.038400, 0.019907, 0.997884, 0.061893, -0.064044, 0.000000, 0.000000, 0.000000, 1.000000
-20.0006, -28.6840, -1.7679, 372.2067, 441.2151, 37.6836, 258.7817, 16.0190, -38.4003, -64.0443, 0.279180, 0.953924, -0.109947, -0.028684, -0.952337, 0.289720, 0.095478, -0.001768, 0.122933, 0.078051, 0.989341, 0.372207, 0.000000, 0.000000, 0.000000, 1.000000, 0.123068, 0.078009, 0.989327, 0.441215, -0.279180, -0.953924, 0.109946, 0.037684, 0.952320, -0.289732, -0.095619, 0.258782, 0.000000, 0.000000, 0.000000, 1.000000, -0.999802, 0.019839, 0.001716, 0.016019, 0.000485, -0.061915, 0.998081, -0.038400, 0.019907, 0.997884, 0.061893, -0.064044, 0.000000, 0.000000, 0.000000, 1.000000
-20.0006, -28.6839, -1.7690, 372.2063, 441.2147, 37.6836, 258.7829, 16.0190, -38.4003, -64.0443, 0.279181, 0.953923, -0.109947, -0.028684, -0.952337, 0.289721, 0.095476, -0.001769, 0.122931, 0.078051, 0.989341, 0.372206, 0.000000, 0.000000, 0.000000, 1.000000, 0.123065, 0.078010, 0.989328, 0.441215, -0.279181, -0.953923, 0.109946, 0.037684, 0.952320, -0.289732, -0.095616, 0.258783, 0.000000, 0.000000, 0.000000, 1.000000, -0.999802, 0.019839, 0.001716, 0.016019, 0.000485, -0.061915, 0.998081, -0.038400, 0.019907, 0.997884, 0.061893, -0.064044, 0.000000, 0.000000, 0.000000, 1.000000
-20.0006, -28.6838, -1.7698, 372.2060, 441.2143, 37.6835, 258.7840, 16.0190, -38.4003, -64.0443, 0.279181, 0.953923, -0.109947, -0.028684, -0.952337, 0.289721, 0.095474, -0.001770, 0.122929, 0.078052, 0.989341, 0.372206, 0.000000, 0.000000, 0.000000, 1.000000, 0.123063, 0.078010, 0.989328, 0.441214, -0.279181, -0.953923, 0.109946, 0.037683, 0.952320, -0.289732, -0.095614, 0.258784, 0.000000, 0.000000, 0.000000, 1.000000, -0.999802, 0.019839, 0.001716, 0.016019, 0.000485, -0.061915, 0.998081, -0.038400, 0.019907, 0.997884, 0.061893, -0.064044, 0.000000, 0.000000, 0.000000, 1.000000
-20.0006, -28.6838, -1.7701, 372.2059, 441.2142, 37.6835, 258.7844, 16.0190, -38.4003, -64.0443, 0.279182, 0.953923, -0.109947, -0.028684, -0.952337, 0.289721, 0.095473, -0.001770, 0.122928, 0.078052, 0.989341, 0.372206, 0.000000, 0.000000, 0.000000, 1.000000, 0.123062, 0.078010, 0.989328, 0.441214, -0.279182, -0.953923, 0.109946, 0.037683, 0.952320, -0.289732, -0.095613, 0.258784, 0.000000, 0.000000, 0.000000, 1.000000, -0.999802, 0.019839, 0.001716, 0.016019, 0.000485, -0.061915, 0.998081, -0.038400, 0.019907, 0.997884, 0.061893, -0.064044, 0.000000, 0.000000, 0.000000, 1.000000
-20.0006, -28.6838, -1.7705, 372.2057, 441.2140, 37.6834, 258.7851, 16.0190, -38.4003, -64.0443, 0.279182, 0.953923, -0.109947, -0.028684, -0.952337, 0.289722, 0.095472, -0.001771, 0.122927, 0.078052, 0.989342, 0.372206, 0.000000, 0.000000, 0.000000, 1.000000, 0.123061, 0.078011, 0.989328, 0.441214, -0.279182, -0.953923, 0.109946, 0.037683, 0.952320, -0.289733, -0.095611, 0.258785, 0.000000, 0.000000, 0.000000, 1.000000, -0.999802, 0.019839, 0.001716, 0.016019, 0.000485, -0.061915, 0.998081, -0.038400, 0.019907, 0.997884, 0.061893, -0.064044, 0.000000, 0.000000, 0.000000, 1.000000
-20.0005, -28.6838, -1.7707, 372.2056, 441.2138, 37.6835, 258.7854, 16.0190, -38.4003, -64.0443, 0.279181, 0.953923, -0.109946, -0.028684, -0.952338, 0.289721, 0.095472, -0.001771, 0.122926, 0.078052, 0.989342, 0.372206, 0.000000, 0.000000, 0.000000, 1.000000, 0.123059, 0.078011, 0.989328, 0.441214, -0.279182, -0.953923, 0.109945, 0.037683, 0.952320, -0.289732, -0.095610, 0.258785, 0.000000, 0.000000, 0.000000, 1.000000, -0.999802, 0.019839, 0.001716, 0.016019, 0.000485, -0.061914, 0.998081, -0.038400, 0.019907, 0.997884, 0.061893, -0.064044, 0.000000, 0.000000, 0.000000, 1.000000
-20.0005, -28.6838, -1.7706, 372.2056, 441.2138, 37.6835, 258.7855, 16.0190, -38.4004, -64.0443, 0.279181, 0.953924, -0.109946, -0.028684, -0.952338, 0.289720, 0.095471, -0.001771, 0.122926, 0.078052, 0.989342, 0.372206, 0.000000, 0.000000, 0.000000, 1.000000, 0.123059, 0.078011, 0.989328, 0.441214, -0.279181, -0.953924, 0.109945, 0.037684, 0.952321, -0.289731, -0.095610, 0.258785, 0.000000, 0.000000, 0.000000, 1.000000, -0.999802, 0.019839, 0.001716, 0.016019, 0.000485, -0.061914, 0.998081, -0.038400, 0.019907, 0.997884, 0.061893, -0.064044, 0.000000, 0.000000, 0.000000, 1.000000
-20.0002, -28.6841, -1.7699, 372.2056, 441.2138, 37.6838, 258.7851, 16.0190, -38.4004, -64.0444, 0.279177, 0.953925, -0.109944, -0.028684, -0.952339, 0.289717, 0.095471, -0.001770, 0.122925, 0.078051, 0.989342, 0.372206, 0.000000, 0.000000, 0.000000, 1.000000, 0.123057, 0.078010, 0.989329, 0.441214, -0.279177, -0.953925, 0.109944, 0.037684, 0.952322, -0.289728, -0.095609, 0.258785, 0.000000, 0.000000, 0.000000, 1.000000, -0.999802, 0.019839, 0.001716, 0.016019, 0.000485, -0.061914, 0.998081, -0.038400, 0.019907, 0.997884, 0.061892, -0.064044, 0.000000, 0.000000, 0.000000, 1.000000
-20.0001, -28.6843, -1.7694, 372.2057, 441.2139, 37.6840, 258.7846, 16.0189, -38.4004, -64.0444, 0.279175, 0.953926, -0.109943, -0.028684, -0.952340, 0.289714, 0.095471, -0.001769, 0.122924, 0.078050, 0.989342, 0.372206, 0.000000, 0.000000, 0.000000, 1.000000, 0.123056, 0.078010, 0.989329, 0.441214, -0.279175, -0.953926, 0.109943, 0.037684, 0.952323, -0.289725, -0.095608, 0.258785, 0.000000, 0.000000, 0.000000, 1.000000, -0.999802, 0.019839, 0.001716, 0.016019, 0.000485, -0.061914, 0.998081, -0.038400, 0.019907, 0.997884, 0.061892, -0.064044, 0.000000, 0.000000, 0.000000, 1.000000
-19.9998, -28.6846, -1.7686, 372.2059, 441.2140, 37.6843, 258.7839, 16.0189, -38.4005, -64.0445, 0.279171, 0.953927, -0.109942, -0.028685, -0.952341, 0.289710, 0.095471, -0.001769, 0.122924, 0.078050, 0.989342, 0.372206, 0.000000, 0.000000, 0.000000, 1.000000, 0.123055, 0.078009, 0.989329, 0.441214, -0.279171, -0.953927, 0.109941, 0.037684, 0.952324, -0.289721, -0.095608, 0.258784, 0.000000, 0.000000, 0.000000, 1.000000, -0.999802, 0.019839, 0.001716, 0.016019, 0.000484, -0.061914, 0.998081, -0.038400, 0.019907, 0.997884, 0.061892, -0.064045, 0.000000, 0.000000, 0.000000, 1.000000
-19.9982, -28.6866, -1.7631, 372.2068, 441.2149, 37.6863, 258.7790, 16.0185, -38.4008, -64.0450, 0.279146, 0.953935, -0.109933, -0.028687, -0.952349, 0.289683, 0.095470, -0.001763, 0.122918, 0.078044, 0.989343, 0.372207, 0.000000, 0.000000, 0.000000, 1.000000, 0.123049, 0.078004, 0.989330, 0.441215, -0.279146, -0.953935, 0.109932, 0.037686, 0.952332, -0.289694, -0.095606, 0.258779, 0.000000, 0.000000, 0.000000, 1.000000, -0.999802, 0.019839, 0.001715, 0.016019, 0.000484, -0.061913, 0.998081, -0.038401, 0.019907, 0.997884, 0.061891, -0.064045, 0.000000, 0.000000, 0.000000, 1.000000
-19.9975, -28.6873, -1.7610, 372.2072, 441.2153, 37.6870, 258.7770, 16.0184, -38.4010, -64.0452, 0.279136, 0.953939, -0.109929, -0.028687, -0.952352, 0.289673, 0.095470, -0.001761, 0.122916, 0.078042, 0.989344, 0.372207, 0.000000, 0.000000, 0.000000, 1.000000, 0.123046, 0.078002, 0.989331, 0.441215, -0.279136, -0.953939, 0.109928, 0.037687, 0.952335, -0.289684, -0.095606, 0.258777, 0.000000, 0.000000, 0.000000, 1.000000, -0.999802, 0.019839, 0.001715, 0.016018, 0.000483, -0.061913, 0.998081, -0.038401, 0.019907, 0.997884, 0.061891, -0.064045, 0.000000, 0.000000, 0.000000, 1.000000
-19.9960, -28.6891, -1.7561, 372.2081, 441.2161, 37.6888, 258.7723, 16.0181, -38.4013, -64.0456, 0.279112, 0.953947, -0.109920, -0.028689, -0.952360, 0.289648, 0.095469, -0.001756, 0.122911, 0.078037, 0.989345, 0.372208, 0.000000, 0.000000, 0.000000, 1.000000, 0.123041, 0.077997, 0.989332, 0.441216, -0.279112, -0.953947, 0.109919, 0.037689, 0.952343, -0.289659, -0.095604, 0.258772, 0.000000, 0.000000, 0.000000, 1.000000, -0.999802, 0.019839, 0.001714, 0.016018, 0.000483, -0.061912, 0.998082, -0.038401, 0.019907, 0.997884, 0.061890, -0.064046, 0.000000, 0.000000, 0.000000, 1.000000
-19.9950, -28.6903, -1.7531, 372.2086, 441.2167, 37.6899, 258.7694, 16.0179, -38.4015, -64.0459, 0.279097, 0.953951, -0.109915, -0.028690, -0.952365, 0.289633, 0.095469, -0.001753, 0.122908, 0.078034, 0.989345, 0.372209, 0.000000, 0.000000, 0.000000, 1.000000, 0.123037, 0.077994, 0.989333, 0.441217, -0.279098, -0.953951, 0.109914, 0.037690, 0.952348, -0.289644, -0.095604, 0.258769, 0.000000, 0.000000, 0.000000, 1.000000, -0.999802, 0.019839, 0.001713, 0.016018, 0.000482, -0.061911, 0.998082, -0.038402, 0.019907, 0.997884, 0.061890, -0.064046, 0.000000, 0.000000, 0.000000, 1.000000
-19.9928, -28.6929, -1.7459, 372.2099, 441.2179, 37.6926, 258.7625, 16.0174, -38.4020, -64.0465, 0.279063, 0.953963, -0.109902, -0.028693, -0.952376, 0.289597, 0.095467, -0.001746, 0.122900, 0.078027, 0.989347, 0.372210, 0.000000, 0.000000, 0.000000, 1.000000, 0.123029, 0.077987, 0.989334, 0.441218, -0.279063, -0.953963, 0.109901, 0.037693, 0.952359, -0.289607, -0.095601, 0.258763, 0.000000, 0.000000, 0.000000, 1.000000, -0.999802, 0.019838, 0.001712, 0.016017, 0.000481, -0.061910, 0.998082, -0.038402, 0.019906, 0.997885, 0.061888, -0.064047, 0.000000, 0.000000, 0.000000, 1.000000
-19.9915, -28.6945, -1.7418, 372.2106, 441.2186, 37.6941, 258.7586, 16.0172, -38.4023, -64.0469, 0.279043, 0.953970, -0.109895, -0.028694, -0.952382, 0.289576, 0.095466, -0.001742, 0.122895, 0.078023, 0.989348, 0.372211, 0.000000, 0.000000, 0.000000, 1.000000, 0.123024, 0.077983, 0.989335, 0.441219, -0.279043, -0.953970, 0.109894, 0.037694, 0.952366, -0.289586, -0.095600, 0.258759, 0.000000, 0.000000, 0.000000, 1.000000, -0.999802, 0.019838, 0.001712, 0.016017, 0.000480, -0.061909, 0.998082, -0.038402, 0.019906, 0.997885, 0.061888, -0.064047, 0.000000, 0.000000, 0.000000, 1.000000
-19.9885, -28.6980, -1.7324, 372.2123, 441.2202, 37.6977, 258.7494, 16.0165, -38.4029, -64.0477, 0.278996, 0.953985, -0.109878, -0.028698, -0.952397, 0.289527, 0.095464, -0.001732, 0.122884, 0.078013, 0.989350, 0.372212, 0.000000, 0.000000, 0.000000, 1.000000, 0.123012, 0.077973, 0.989337, 0.441220, -0.278996, -0.953985, 0.109877, 0.037698, 0.952381, -0.289537, -0.095597, 0.258749, 0.000000, 0.000000, 0.000000, 1.000000, -0.999802, 0.019838, 0.001710, 0.016017, 0.000479, -0.061908, 0.998082, -0.038403, 0.019906, 0.997885, 0.061886, -0.064048, 0.000000, 0.000000, 0.000000, 1.000000
-19.9867, -28.7001, -1.7271, 372.2132, 441.2211, 37.6998, 258.7442, 16.0162, -38.4033, -64.0482, 0.278969, 0.953994, -0.109868, -0.028700, -0.952406, 0.289499, 0.095462, -0.001727, 0.122877, 0.078008, 0.989351, 0.372213, 0.000000, 0.000000, 0.000000, 1.000000, 0.123005, 0.077968, 0.989339, 0.441221, -0.278969, -0.953994, 0.109867, 0.037700, 0.952389, -0.289510, -0.095595, 0.258744, 0.000000, 0.000000, 0.000000, 1.000000, -0.999802, 0.019838, 0.001709, 0.016016, 0.000478, -0.061907, 0.998082, -0.038403, 0.019905, 0.997885, 0.061885, -0.064048, 0.000000, 0.000000, 0.000000, 1.000000
-19.9849, -28.7023, -1.7214, 372.2142, 441.2221, 37.7020, 258.7386, 16.0158, -38.4037, -64.0488, 0.278941, 0.954004, -0.109857, -0.028702, -0.952415, 0.289469, 0.095461, -0.001721, 0.122870, 0.078002, 0.989353, 0.372214, 0.000000, 0.000000, 0.000000, 1.000000, 0.122998, 0.077962, 0.989340, 0.441222, -0.278941, -0.954004, 0.109857, 0.037702, 0.952399, -0.289479, -0.095594, 0.258739, 0.000000, 0.000000, 0.000000, 1.000000, -0.999802, 0.019837, 0.001708, 0.016016, 0.000477, -0.061906, 0.998082, -0.038404, 0.019905, 0.997885, 0.061884, -0.064049, 0.000000, 0.000000, 0.000000, 1.000000
-19.9784, -28.7099, -1.7016, 372.2177, 441.2255, 37.7096, 258.7193, 16.0144, -38.4050, -64.0506, 0.278841, 0.954037, -0.109821, -0.028710, -0.952448, 0.289364, 0.095455, -0.001702, 0.122846, 0.077982, 0.989357, 0.372218, 0.000000, 0.000000, 0.000000, 1.000000, 0.122972, 0.077943, 0.989345, 0.441226, -0.278841, -0.954037, 0.109820, 0.037710, 0.952431, -0.289375, -0.095587, 0.258719, 0.000000, 0.000000, 0.000000, 1.000000, -0.999802, 0.019837, 0.001705, 0.016014, 0.000474, -0.061902, 0.998082, -0.038405, 0.019904, 0.997885, 0.061880, -0.064051, 0.000000, 0.000000, 0.000000, 1.000000
-19.9734, -28.7157, -1.6866, 372.2203, 441.2281, 37.7154, 258.7045, 16.0134, -38.4061, -64.0520, 0.278764, 0.954063, -0.109793, -0.028716, -0.952473, 0.289284, 0.095450, -0.001687, 0.122827, 0.077967, 0.989361, 0.372220, 0.000000, 0.000000, 0.000000, 1.000000, 0.122953, 0.077928, 0.989348, 0.441228, -0.278765, -0.954063, 0.109792, 0.037715, 0.952456, -0.289294, -0.095581, 0.258704, 0.000000, 0.000000, 0.000000, 1.000000, -0.999802, 0.019836, 0.001702, 0.016013, 0.000471, -0.061899, 0.998082, -0.038406, 0.019904, 0.997885, 0.061877, -0.064052, 0.000000, 0.000000, 0.000000, 1.000000
-19.9680, -28.7222, -1.6701, 372.2231, 441.2308, 37.7218, 258.6883, 16.0123, -38.4072, -64.0535, 0.278680, 0.954091, -0.109762, -0.028722, -0.952500, 0.289196, 0.095444, -0.001670, 0.122805, 0.077950, 0.989365, 0.372223, 0.000000, 0.000000, 0.000000, 1.000000, 0.122931, 0.077911, 0.989352, 0.441231, -0.278681, -0.954091, 0.109762, 0.037722, 0.952484, -0.289206, -0.095575, 0.258688, 0.000000, 0.000000, 0.000000, 1.000000, -0.999802, 0.019836, 0.001699, 0.016012, 0.000468, -0.061896, 0.998083, -0.038407, 0.019903, 0.997885, 0.061874, -0.064054, 0.000000, 0.000000, 0.000000, 1.000000
-19.9650, -28.7256, -1.6613, 372.2246, 441.2323, 37.7253, 258.6796, 16.0117, -38.4078, -64.0544, 0.278635, 0.954106, -0.109746, -0.028726, -0.952515, 0.289148, 0.095441, -0.001661, 0.122794, 0.077941, 0.989367, 0.372225, 0.000000, 0.000000, 0.000000, 1.000000, 0.122919, 0.077902, 0.989354, 0.441232, -0.278635, -0.954106, 0.109745, 0.037725, 0.952498, -0.289159, -0.095571, 0.258680, 0.000000, 0.000000, 0.000000, 1.000000, -0.999802, 0.019835, 0.001698, 0.016012, 0.000467, -0.061894, 0.998083, -0.038408, 0.019903, 0.997886, 0.061873, -0.064054, 0.000000, 0.000000, 0.000000, 1.000000
-19.9587, -28.7330, -1.6425, 372.2278, 441.2355, 37.7327, 258.6611, 16.0104, -38.4092, -64.0561, 0.278538, 0.954138, -0.109710, -0.028733, -0.952546, 0.289047, 0.095434, -0.001643, 0.122769, 0.077922, 0.989371, 0.372228, 0.000000, 0.000000, 0.000000, 1.000000, 0.122894, 0.077884, 0.989359, 0.441235, -0.278539, -0.954138, 0.109710, 0.037733, 0.952530, -0.289057, -0.095564, 0.258661, 0.000000, 0.000000, 0.000000, 1.000000, -0.999802, 0.019835, 0.001695, 0.016010, 0.000464, -0.061891, 0.998083, -0.038409, 0.019902, 0.997886, 0.061869, -0.064056, 0.000000, 0.000000, 0.000000, 1.000000
-19.9554, -28.7369, -1.6326, 372.2295, 441.2372, 37.7366, 258.6513, 16.0097, -38.4099, -64.0571, 0.278487, 0.954155, -0.109692, -0.028737, -0.952563, 0.288993, 0.095431, -0.001633, 0.122756, 0.077912, 0.989374, 0.372229, 0.000000, 0.000000, 0.000000, 1.000000, 0.122880, 0.077874, 0.989361, 0.441237, -0.278487, -0.954155, 0.109691, 0.037737, 0.952547, -0.289003, -0.095560, 0.258651, 0.000000, 0.000000, 0.000000, 1.000000, -0.999802, 0.019835, 0.001693, 0.016010, 0.000462, -0.061889, 0.998083, -0.038410, 0.019901, 0.997886, 0.061867, -0.064057, 0.000000, 0.000000, 0.000000, 1.000000
-19.9484, -28.7452, -1.6116, 372.2330, 441.2407, 37.7449, 258.6306, 16.0082, -38.4114, -64.0591, 0.278379, 0.954192, -0.109652, -0.028745, -0.952598, 0.288879, 0.095423, -0.001612, 0.122728, 0.077891, 0.989379, 0.372233, 0.000000, 0.000000, 0.000000, 1.000000, 0.122852, 0.077852, 0.989367, 0.441241, -0.278379, -0.954192, 0.109651, 0.037745, 0.952582, -0.288890, -0.095552, 0.258631, 0.000000, 0.000000, 0.000000, 1.000000, -0.999802, 0.019834, 0.001689, 0.016008, 0.000459, -0.061885, 0.998083, -0.038411, 0.019900, 0.997886, 0.061863, -0.064059, 0.000000, 0.000000, 0.000000, 1.000000
-19.9446, -28.7496, -1.6007, 372.2349, 441.2425, 37.7493, 258.6198, 16.0074, -38.4122, -64.0601, 0.278322, 0.954211, -0.109631, -0.028750, -0.952617, 0.288820, 0.095419, -0.001601, 0.122713, 0.077880, 0.989382, 0.372235, 0.000000, 0.000000, 0.000000, 1.000000, 0.122837, 0.077841, 0.989369, 0.441242, -0.278322, -0.954211, 0.109631, 0.037749, 0.952601, -0.288830, -0.095547, 0.258620, 0.000000, 0.000000, 0.000000, 1.000000, -0.999802, 0.019833, 0.001687, 0.016007, 0.000457, -0.061882, 0.998083, -0.038412, 0.019900, 0.997886, 0.061861, -0.064060, 0.000000, 0.000000, 0.000000, 1.000000
-19.9369, -28.7587, -1.5777, 372.2387, 441.2463, 37.7584, 258.5971, 16.0058, -38.4138, -64.0623, 0.278202, 0.954250, -0.109588, -0.028759, -0.952655, 0.288694, 0.095410, -0.001578, 0.122682, 0.077856, 0.989387, 0.372239, 0.000000, 0.000000, 0.000000, 1.000000, 0.122805, 0.077818, 0.989375, 0.441246, -0.278203, -0.954250, 0.109587, 0.037758, 0.952640, -0.288705, -0.095537, 0.258597, 0.000000, 0.000000, 0.000000, 1.000000, -0.999802, 0.019833, 0.001683, 0.016006, 0.000453, -0.061878, 0.998084, -0.038414, 0.019899, 0.997887, 0.061857, -0.064062, 0.000000, 0.000000, 0.000000, 1.000000
-19.9369, -28.7587, -1.5777, 372.2387, 441.2463, 37.7584, 258.5971, 16.0058, -38.4138, -64.0623, 0.278202, 0.954250, -0.109588, -0.028759, -0.952655, 0.288694, 0.095410, -0.001578, 0.122682, 0.077856, 0.989387, 0.372239, 0.000000, 0.000000, 0.000000, 1.000000, 0.122805, 0.077818, 0.989375, 0.441246, -0.278203, -0.954250, 0.109587, 0.037758, 0.952640, -0.288705, -0.095537, 0.258597, 0.000000, 0.000000, 0.000000, 1.000000, -0.999802, 0.019833, 0.001683, 0.016006, 0.000453, -0.061878, 0.998084, -0.038414, 0.019899, 0.997887, 0.061857, -0.064062, 0.000000, 0.000000, 0.000000, 1.000000
-19.9203, -28.7783, -1.5289, 372.2469, 441.2544, 37.7780, 258.5488, 16.0024, -38.4173, -64.0670, 0.277947, 0.954335, -0.109495, -0.028778, -0.952738, 0.288427, 0.095390, -0.001529, 0.122615, 0.077807, 0.989400, 0.372247, 0.000000, 0.000000, 0.000000, 1.000000, 0.122737, 0.077769, 0.989387, 0.441254, -0.277948, -0.954335, 0.109494, 0.037778, 0.952723, -0.288437, -0.095516, 0.258549, 0.000000, 0.000000, 0.000000, 1.000000, -0.999802, 0.019831, 0.001674, 0.016002, 0.000444, -0.061868, 0.998084, -0.038417, 0.019897, 0.997887, 0.061847, -0.064067, 0.000000, 0.000000, 0.000000, 1.000000
-19.9116, -28.7885, -1.5033, 372.2511, 441.2586, 37.7882, 258.5235, 16.0006, -38.4191, -64.0695, 0.277813, 0.954380, -0.109446, -0.028789, -0.952782, 0.288286, 0.095380, -0.001503, 0.122580, 0.077781, 0.989406, 0.372251, 0.000000, 0.000000, 0.000000, 1.000000, 0.122701, 0.077743, 0.989394, 0.441259, -0.277814, -0.954380, 0.109445, 0.037788, 0.952767, -0.288296, -0.095505, 0.258523, 0.000000, 0.000000, 0.000000, 1.000000, -0.999802, 0.019830, 0.001670, 0.016001, 0.000440, -0.061863, 0.998085, -0.038419, 0.019895, 0.997888, 0.061842, -0.064069, 0.000000, 0.000000, 0.000000, 1.000000
-19.9072, -28.7938, -1.4903, 372.2533, 441.2607, 37.7935, 258.5106, 15.9997, -38.4201, -64.0707, 0.277745, 0.954403, -0.109421, -0.028794, -0.952804, 0.288215, 0.095374, -0.001490, 0.122562, 0.077767, 0.989409, 0.372253, 0.000000, 0.000000, 0.000000, 1.000000, 0.122683, 0.077730, 0.989397, 0.441261, -0.277745, -0.954403, 0.109421, 0.037793, 0.952789, -0.288225, -0.095500, 0.258511, 0.000000, 0.000000, 0.000000, 1.000000, -0.999802, 0.019830, 0.001668, 0.016000, 0.000438, -0.061861, 0.998085, -0.038420, 0.019895, 0.997888, 0.061840, -0.064071, 0.000000, 0.000000, 0.000000, 1.000000
-19.8982, -28.8044, -1.4639, 372.2577, 441.2651, 37.8041, 258.4845, 15.9978, -38.4220, -64.0733, 0.277607, 0.954449, -0.109371, -0.028804, -0.952849, 0.288069, 0.095363, -0.001464, 0.122526, 0.077741, 0.989416, 0.372258, 0.000000, 0.000000, 0.000000, 1.000000, 0.122646, 0.077704, 0.989404, 0.441265, -0.277607, -0.954449, 0.109370, 0.037804, 0.952834, -0.288079, -0.095488, 0.258485, 0.000000, 0.000000, 0.000000, 1.000000, -0.999802, 0.019829, 0.001663, 0.015998, 0.000433, -0.061856, 0.998085, -0.038422, 0.019894, 0.997888, 0.061835, -0.064073, 0.000000, 0.000000, 0.000000, 1.000000
-19.8936, -28.8098, -1.4505, 372.2599, 441.2673, 37.8095, 258.4713, 15.9968, -38.4230, -64.0746, 0.277537, 0.954472, -0.109345, -0.028810, -0.952872, 0.287996, 0.095358, -0.001450, 0.122507, 0.077727, 0.989419, 0.372260, 0.000000, 0.000000, 0.000000, 1.000000, 0.122627, 0.077690, 0.989407, 0.441267, -0.277537, -0.954472, 0.109345, 0.037809, 0.952857, -0.288005, -0.095482, 0.258471, 0.000000, 0.000000, 0.000000, 1.000000, -0.999802, 0.019828, 0.001661, 0.015997, 0.000431, -0.061853, 0.998085, -0.038423, 0.019893, 0.997888, 0.061832, -0.064075, 0.000000, 0.000000, 0.000000, 1.000000
-19.8844, -28.8207, -1.4235, 372.2643, 441.2717, 37.8204, 258.4445, 15.9949, -38.4249, -64.0772, 0.277394, 0.954519, -0.109294, -0.028821, -0.952918, 0.287846, 0.095346, -0.001423, 0.122470, 0.077699, 0.989426, 0.372264, 0.000000, 0.000000, 0.000000, 1.000000, 0.122589, 0.077663, 0.989414, 0.441272, -0.277395, -0.954519, 0.109293, 0.037820, 0.952903, -0.287856, -0.095470, 0.258445, 0.000000, 0.000000, 0.000000, 1.000000, -0.999802, 0.019827, 0.001656, 0.015995, 0.000426, -0.061848, 0.998086, -0.038425, 0.019892, 0.997889, 0.061827, -0.064077, 0.000000, 0.000000, 0.000000, 1.000000
-19.8798, -28.8262, -1.4099, 372.2666, 441.2739, 37.8259, 258.4311, 15.9940, -38.4259, -64.0785, 0.277323, 0.954543, -0.109268, -0.028826, -0.952942, 0.287771, 0.095341, -0.001410, 0.122451, 0.077686, 0.989430, 0.372267, 0.000000, 0.000000, 0.000000, 1.000000, 0.122569, 0.077649, 0.989418, 0.441274, -0.277323, -0.954543, 0.109267, 0.037826, 0.952926, -0.287781, -0.095464, 0.258431, 0.000000, 0.000000, 0.000000, 1.000000, -0.999802, 0.019827, 0.001653, 0.015994, 0.000424, -0.061845, 0.998086, -0.038426, 0.019891, 0.997889, 0.061824, -0.064079, 0.000000, 0.000000, 0.000000, 1.000000
-19.8704, -28.8373, -1.3824, 372.2711, 441.2783, 37.8370, 258.4039, 15.9920, -38.4279, -64.0812, 0.277178, 0.954591, -0.109215, -0.028837, -0.952989, 0.287620, 0.095329, -0.001382, 0.122412, 0.077658, 0.989436, 0.372271, 0.000000, 0.000000, 0.000000, 1.000000, 0.122530, 0.077621, 0.989425, 0.441278, -0.277178, -0.954591, 0.109215, 0.037837, 0.952973, -0.287629, -0.095451, 0.258404, 0.000000, 0.000000, 0.000000, 1.000000, -0.999802, 0.019826, 0.001648, 0.015992, 0.000419, -0.061840, 0.998086, -0.038428, 0.019890, 0.997889, 0.061819, -0.064081, 0.000000, 0.000000, 0.000000, 1.000000
-19.8609, -28.8485, -1.3547, 372.2756, 441.2828, 37.8482, 258.3764, 15.9900, -38.4299, -64.0838, 0.277032, 0.954640, -0.109162, -0.028849, -0.953036, 0.287466, 0.095317, -0.001355, 0.122374, 0.077630, 0.989443, 0.372276, 0.000000, 0.000000, 0.000000, 1.000000, 0.122491, 0.077594, 0.989432, 0.441283, -0.277032, -0.954640, 0.109161, 0.037848, 0.953021, -0.287476, -0.095439, 0.258376, 0.000000, 0.000000, 0.000000, 1.000000, -0.999802, 0.019825, 0.001643, 0.015990, 0.000414, -0.061834, 0.998086, -0.038430, 0.019889, 0.997890, 0.061814, -0.064084, 0.000000, 0.000000, 0.000000, 1.000000
-19.8465, -28.8655, -1.3128, 372.2825, 441.2896, 37.8652, 258.3350, 15.9870, -38.4329, -64.0879, 0.276811, 0.954713, -0.109082, -0.028866, -0.953108, 0.287235, 0.095299, -0.001313, 0.122315, 0.077587, 0.989454, 0.372282, 0.000000, 0.000000, 0.000000, 1.000000, 0.122431, 0.077551, 0.989442, 0.441290, -0.276811, -0.954713, 0.109081, 0.037865, 0.953093, -0.287244, -0.095420, 0.258335, 0.000000, 0.000000, 0.000000, 1.000000, -0.999802, 0.019824, 0.001636, 0.015987, 0.000407, -0.061826, 0.998087, -0.038433, 0.019887, 0.997890, 0.061806, -0.064088, 0.000000, 0.000000, 0.000000, 1.000000
-19.8418, -28.8712, -1.2990, 372.2847, 441.2918, 37.8709, 258.3213, 15.9860, -38.4339, -64.0892, 0.276738, 0.954737, -0.109056, -0.028871, -0.953132, 0.287158, 0.095293, -0.001299, 0.122296, 0.077573, 0.989458, 0.372285, 0.000000, 0.000000, 0.000000, 1.000000, 0.122412, 0.077537, 0.989446, 0.441292, -0.276738, -0.954737, 0.109055, 0.037871, 0.953117, -0.287167, -0.095413, 0.258321, 0.000000, 0.000000, 0.000000, 1.000000, -0.999802, 0.019823, 0.001633, 0.015986, 0.000405, -0.061823, 0.998087, -0.038434, 0.019886, 0.997890, 0.061803, -0.064089, 0.000000, 0.000000, 0.000000, 1.000000
-19.8323, -28.8824, -1.2714, 372.2892, 441.2963, 37.8821, 258.2940, 15.9841, -38.4359, -64.0919, 0.276592, 0.954785, -0.109003, -0.028882, -0.953179, 0.287005, 0.095281, -0.001271, 0.122257, 0.077545, 0.989465, 0.372289, 0.000000, 0.000000, 0.000000, 1.000000, 0.122372, 0.077510, 0.989453, 0.441296, -0.276592, -0.954785, 0.109002, 0.037882, 0.953164, -0.287014, -0.095401, 0.258294, 0.000000, 0.000000, 0.000000, 1.000000, -0.999802, 0.019822, 0.001628, 0.015984, 0.000400, -0.061818, 0.998087, -0.038436, 0.019885, 0.997891, 0.061798, -0.064092, 0.000000, 0.000000, 0.000000, 1.000000
-19.8276, -28.8880, -1.2576, 372.2914, 441.2985, 37.8877, 258.2804, 15.9831, -38.4369, -64.0933, 0.276520, 0.954809, -0.108976, -0.028888, -0.953202, 0.286928, 0.095275, -0.001258, 0.122237, 0.077531, 0.989468, 0.372291, 0.000000, 0.000000, 0.000000, 1.000000, 0.122352, 0.077496, 0.989457, 0.441298, -0.276520, -0.954809, 0.108976, 0.037888, 0.953188, -0.286938, -0.095394, 0.258280, 0.000000, 0.000000, 0.000000, 1.000000, -0.999802, 0.019822, 0.001626, 0.015983, 0.000398, -0.061815, 0.998088, -0.038437, 0.019884, 0.997891, 0.061795, -0.064093, 0.000000, 0.000000, 0.000000, 1.000000
-19.8183, -28.8991, -1.2304, 372.2958, 441.3029, 37.8988, 258.2535, 15.9811, -38.4389, -64.0959, 0.276376, 0.954857, -0.108924, -0.028899, -0.953249, 0.286778, 0.095263, -0.001230, 0.122199, 0.077504, 0.989475, 0.372296, 0.000000, 0.000000, 0.000000, 1.000000, 0.122314, 0.077469, 0.989463, 0.441303, -0.276376, -0.954857, 0.108924, 0.037899, 0.953234, -0.286787, -0.095381, 0.258254, 0.000000, 0.000000, 0.000000, 1.000000, -0.999802, 0.019821, 0.001621, 0.015981, 0.000393, -0.061810, 0.998088, -0.038439, 0.019883, 0.997891, 0.061790, -0.064096, 0.000000, 0.000000, 0.000000, 1.000000
-19.8137, -28.9045, -1.2170, 372.2980, 441.3050, 37.9042, 258.2402, 15.9802, -38.4399, -64.0972, 0.276305, 0.954880, -0.108899, -0.028905, -0.953272, 0.286703, 0.095257, -0.001217, 0.122180, 0.077490, 0.989478, 0.372298, 0.000000, 0.000000, 0.000000, 1.000000, 0.122294, 0.077455, 0.989467, 0.441305, -0.276305, -0.954881, 0.108898, 0.037904, 0.953257, -0.286712, -0.095375, 0.258240, 0.000000, 0.000000, 0.000000, 1.000000, -0.999802, 0.019820, 0.001619, 0.015980, 0.000391, -0.061807, 0.998088, -0.038440, 0.019882, 0.997891, 0.061787, -0.064097, 0.000000, 0.000000, 0.000000, 1.000000
-19.8046, -28.9154, -1.1905, 372.3023, 441.3092, 37.9151, 258.2140, 15.9783, -38.4418, -64.0998, 0.276164, 0.954927, -0.108848, -0.028915, -0.953318, 0.286556, 0.095245, -0.001190, 0.122143, 0.077463, 0.989485, 0.372302, 0.000000, 0.000000, 0.000000, 1.000000, 0.122256, 0.077428, 0.989474, 0.441309, -0.276165, -0.954927, 0.108847, 0.037915, 0.953303, -0.286565, -0.095363, 0.258214, 0.000000, 0.000000, 0.000000, 1.000000, -0.999802, 0.019819, 0.001614, 0.015978, 0.000386, -0.061802, 0.998088, -0.038442, 0.019881, 0.997892, 0.061782, -0.064100, 0.000000, 0.000000, 0.000000, 1.000000
-19.7956, -28.9260, -1.1644, 372.3065, 441.3134, 37.9257, 258.1882, 15.9764, -38.4437, -64.1023, 0.276026, 0.954973, -0.108798, -0.028926, -0.953362, 0.286411, 0.095233, -0.001164, 0.122106, 0.077437, 0.989492, 0.372306, 0.000000, 0.000000, 0.000000, 1.000000, 0.122219, 0.077402, 0.989480, 0.441313, -0.276026, -0.954973, 0.108797, 0.037926, 0.953348, -0.286420, -0.095351, 0.258188, 0.000000, 0.000000, 0.000000, 1.000000, -0.999802, 0.019819, 0.001609, 0.015976, 0.000382, -0.061797, 0.998089, -0.038444, 0.019880, 0.997892, 0.061777, -0.064102, 0.000000, 0.000000, 0.000000, 1.000000
-19.7912, -28.9313, -1.1514, 372.3086, 441.3155, 37.9310, 258.1754, 15.9755, -38.4447, -64.1036, 0.275958, 0.954995, -0.108773, -0.028931, -0.953384, 0.286339, 0.095228, -0.001151, 0.122088, 0.077424, 0.989495, 0.372309, 0.000000, 0.000000, 0.000000, 1.000000, 0.122200, 0.077389, 0.989484, 0.441315, -0.275958, -0.954995, 0.108772, 0.037931, 0.953370, -0.286348, -0.095344, 0.258175, 0.000000, 0.000000, 0.000000, 1.000000, -0.999802, 0.019818, 0.001607, 0.015975, 0.000379, -0.061794, 0.998089, -0.038445, 0.019880, 0.997892, 0.061774, -0.064104, 0.000000, 0.000000, 0.000000, 1.000000
-19.7823, -28.9418, -1.1258, 372.3127, 441.3196, 37.9415, 258.1500, 15.9737, -38.4465, -64.1061, 0.275822, 0.955040, -0.108724, -0.028942, -0.953428, 0.286196, 0.095216, -0.001126, 0.122052, 0.077398, 0.989501, 0.372313, 0.000000, 0.000000, 0.000000, 1.000000, 0.122163, 0.077364, 0.989490, 0.441320, -0.275822, -0.955040, 0.108723, 0.037942, 0.953414, -0.286205, -0.095332, 0.258150, 0.000000, 0.000000, 0.000000, 1.000000, -0.999802, 0.019817, 0.001602, 0.015974, 0.000375, -0.061789, 0.998089, -0.038447, 0.019878, 0.997892, 0.061769, -0.064106, 0.000000, 0.000000, 0.000000, 1.000000
-19.7736, -28.9522, -1.1004, 372.3168, 441.3236, 37.9519, 258.1250, 15.9718, -38.4484, -64.1085, 0.275688, 0.955084, -0.108675, -0.028952, -0.953472, 0.286055, 0.095205, -0.001100, 0.122016, 0.077372, 0.989508, 0.372317, 0.000000, 0.000000, 0.000000, 1.000000, 0.122127, 0.077338, 0.989497, 0.441324, -0.275688, -0.955084, 0.108675, 0.037952, 0.953458, -0.286064, -0.095320, 0.258125, 0.000000, 0.000000, 0.000000, 1.000000, -0.999802, 0.019816, 0.001598, 0.015972, 0.000370, -0.061784, 0.998089, -0.038448, 0.019877, 0.997893, 0.061765, -0.064109, 0.000000, 0.000000, 0.000000, 1.000000
-19.7693, -28.9573, -1.0879, 372.3188, 441.3256, 37.9570, 258.1126, 15.9709, -38.4493, -64.1097, 0.275621, 0.955106, -0.108651, -0.028957, -0.953493, 0.285985, 0.095199, -0.001088, 0.121998, 0.077359, 0.989511, 0.372319, 0.000000, 0.000000, 0.000000, 1.000000, 0.122109, 0.077325, 0.989500, 0.441326, -0.275621, -0.955106, 0.108651, 0.037957, 0.953479, -0.285994, -0.095314, 0.258113, 0.000000, 0.000000, 0.000000, 1.000000, -0.999802, 0.019816, 0.001596, 0.015971, 0.000368, -0.061782, 0.998090, -0.038449, 0.019877, 0.997893, 0.061762, -0.064110, 0.000000, 0.000000, 0.000000, 1.000000
-19.7608, -28.9681, -1.0541, 372.3260, 441.3328, 37.9678, 258.0789, 15.9691, -38.4511, -64.1122, 0.275485, 0.955151, -0.108604, -0.028968, -0.953534, 0.285845, 0.095209, -0.001054, 0.121983, 0.077329, 0.989515, 0.372326, 0.000000, 0.000000, 0.000000, 1.000000, 0.122093, 0.077295, 0.989504, 0.441333, -0.275486, -0.955151, 0.108603, 0.037968, 0.953520, -0.285854, -0.095324, 0.258079, 0.000000, 0.000000, 0.000000, 1.000000, -0.999802, 0.019815, 0.001591, 0.015969, 0.000364, -0.061777, 0.998090, -0.038451, 0.019875, 0.997893, 0.061757, -0.064112, 0.000000, 0.000000, 0.000000, 1.000000
-19.7565, -28.9734, -1.0376, 372.3295, 441.3363, 37.9731, 258.0625, 15.9682, -38.4519, -64.1133, 0.275419, 0.955173, -0.108580, -0.028973, -0.953555, 0.285776, 0.095213, -0.001038, 0.121975, 0.077314, 0.989517, 0.372330, 0.000000, 0.000000, 0.000000, 1.000000, 0.122085, 0.077280, 0.989506, 0.441336, -0.275419, -0.955173, 0.108579, 0.037973, 0.953541, -0.285785, -0.095328, 0.258063, 0.000000, 0.000000, 0.000000, 1.000000, -0.999802, 0.019815, 0.001589, 0.015968, 0.000362, -0.061774, 0.998090, -0.038452, 0.019875, 0.997893, 0.061755, -0.064113, 0.000000, 0.000000, 0.000000, 1.000000
-19.7482, -28.9839, -1.0057, 372.3362, 441.3429, 37.9836, 258.0308, 15.9665, -38.4537, -64.1157, 0.275287, 0.955216, -0.108534, -0.028984, -0.953595, 0.285639, 0.095221, -0.001006, 0.121958, 0.077284, 0.989522, 0.372336, 0.000000, 0.000000, 0.000000, 1.000000, 0.122068, 0.077251, 0.989511, 0.441343, -0.275287, -0.955216, 0.108533, 0.037984, 0.953581, -0.285648, -0.095335, 0.258031, 0.000000, 0.000000, 0.000000, 1.000000, -0.999802, 0.019814, 0.001584, 0.015966, 0.000357, -0.061770, 0.998090, -0.038454, 0.019874, 0.997894, 0.061750, -0.064116, 0.000000, 0.000000, 0.000000, 1.000000
-19.7400, -28.9942, -0.9751, 372.3425, 441.3491, 37.9938, 258.0003, 15.9647, -38.4554, -64.1180, 0.275158, 0.955258, -0.108488, -0.028994, -0.953635, 0.285505, 0.095226, -0.000975, 0.121939, 0.077256, 0.989526, 0.372342, 0.000000, 0.000000, 0.000000, 1.000000, 0.122049, 0.077222, 0.989515, 0.441349, -0.275158, -0.955258, 0.108487, 0.037994, 0.953621, -0.285514, -0.095340, 0.258000, 0.000000, 0.000000, 0.000000, 1.000000, -0.999802, 0.019813, 0.001580, 0.015965, 0.000353, -0.061765, 0.998091, -0.038455, 0.019872, 0.997894, 0.061746, -0.064118, 0.000000, 0.000000, 0.000000, 1.000000
-19.7359, -28.9992, -0.9603, 372.3454, 441.3521, 37.9989, 257.9856, 15.9639, -38.4562, -64.1192, 0.275094, 0.955279, -0.108465, -0.028999, -0.953654, 0.285438, 0.095228, -0.000960, 0.121929, 0.077242, 0.989529, 0.372345, 0.000000, 0.000000, 0.000000, 1.000000, 0.122039, 0.077208, 0.989518, 0.441352, -0.275094, -0.955279, 0.108465, 0.037999, 0.953640, -0.285447, -0.095341, 0.257986, 0.000000, 0.000000, 0.000000, 1.000000, -0.999802, 0.019812, 0.001578, 0.015964, 0.000351, -0.061763, 0.998091, -0.038456, 0.019872, 0.997894, 0.061744, -0.064119, 0.000000, 0.000000, 0.000000, 1.000000
-19.7279, -29.0091, -0.9316, 372.3511, 441.3578, 38.0088, 257.9571, 15.9622, -38.4579, -64.1214, 0.274968, 0.955321, -0.108421, -0.029009, -0.953693, 0.285308, 0.095230, -0.000932, 0.121908, 0.077215, 0.989533, 0.372351, 0.000000, 0.000000, 0.000000, 1.000000, 0.122017, 0.077182, 0.989522, 0.441358, -0.274968, -0.955321, 0.108420, 0.038009, 0.953679, -0.285316, -0.095343, 0.257957, 0.000000, 0.000000, 0.000000, 1.000000, -0.999802, 0.019811, 0.001573, 0.015962, 0.000347, -0.061758, 0.998091, -0.038458, 0.019871, 0.997894, 0.061739, -0.064121, 0.000000, 0.000000, 0.000000, 1.000000
-19.7240, -29.0140, -0.9178, 372.3538, 441.3604, 38.0137, 257.9433, 15.9614, -38.4587, -64.1225, 0.274906, 0.955341, -0.108399, -0.029014, -0.953713, 0.285243, 0.095230, -0.000918, 0.121897, 0.077202, 0.989536, 0.372354, 0.000000, 0.000000, 0.000000, 1.000000, 0.122006, 0.077169, 0.989525, 0.441360, -0.274906, -0.955341, 0.108398, 0.038014, 0.953699, -0.285252, -0.095343, 0.257943, 0.000000, 0.000000, 0.000000, 1.000000, -0.999803, 0.019811, 0.001571, 0.015961, 0.000345, -0.061756, 0.998091, -0.038459, 0.019870, 0.997895, 0.061737, -0.064123, 0.000000, 0.000000, 0.000000, 1.000000
-19.7084, -29.0329, -0.8656, 372.3636, 441.3702, 38.0326, 257.8915, 15.9581, -38.4620, -64.1269, 0.274663, 0.955421, -0.108312, -0.029033, -0.953789, 0.284989, 0.095226, -0.000866, 0.121849, 0.077152, 0.989546, 0.372364, 0.000000, 0.000000, 0.000000, 1.000000, 0.121957, 0.077119, 0.989535, 0.441370, -0.274663, -0.955421, 0.108311, 0.038033, 0.953775, -0.284998, -0.095338, 0.257891, 0.000000, 0.000000, 0.000000, 1.000000, -0.999803, 0.019809, 0.001563, 0.015958, 0.000337, -0.061747, 0.998092, -0.038462, 0.019868, 0.997895, 0.061728, -0.064127, 0.000000, 0.000000, 0.000000, 1.000000
-19.7084, -29.0329, -0.8656, 372.3636, 441.3702, 38.0326, 257.8915, 15.9581, -38.4620, -64.1269, 0.274663, 0.955421, -0.108312, -0.029033, -0.953789, 0.284989, 0.095226, -0.000866, 0.121849, 0.077152, 0.989546, 0.372364, 0.000000, 0.000000, 0.000000, 1.000000, 0.121957, 0.077119, 0.989535, 0.441370, -0.274663, -0.955421, 0.108311, 0.038033, 0.953775, -0.284998, -0.095338, 0.257891, 0.000000, 0.000000, 0.000000, 1.000000, -0.999803, 0.019809, 0.001563, 0.015958, 0.000337, -0.061747, 0.998092, -0.038462, 0.019868, 0.997895, 0.061728, -0.064127, 0.000000, 0.000000, 0.000000, 1.000000
-19.6969, -29.0473, -0.8206, 372.3732, 441.3798, 38.0470, 257.8465, 15.9557, -38.4643, -64.1302, 0.274481, 0.955480, -0.108248, -0.029047, -0.953844, 0.284801, 0.095239, -0.000821, 0.121828, 0.077111, 0.989551, 0.372373, 0.000000, 0.000000, 0.000000, 1.000000, 0.121936, 0.077078, 0.989541, 0.441380, -0.274481, -0.955480, 0.108247, 0.038047, 0.953830, -0.284810, -0.095351, 0.257847, 0.000000, 0.000000, 0.000000, 1.000000, -0.999803, 0.019808, 0.001557, 0.015956, 0.000331, -0.061741, 0.998092, -0.038464, 0.019866, 0.997896, 0.061722, -0.064130, 0.000000, 0.000000, 0.000000, 1.000000
-19.6931, -29.0522, -0.8049, 372.3767, 441.3832, 38.0518, 257.8308, 15.9549, -38.4651, -64.1312, 0.274421, 0.955500, -0.108227, -0.029052, -0.953862, 0.284738, 0.095245, -0.000805, 0.121823, 0.077097, 0.989553, 0.372377, 0.000000, 0.000000, 0.000000, 1.000000, 0.121931, 0.077064, 0.989542, 0.441383, -0.274421, -0.955500, 0.108226, 0.038052, 0.953848, -0.284747, -0.095357, 0.257831, 0.000000, 0.000000, 0.000000, 1.000000, -0.999803, 0.019808, 0.001555, 0.015955, 0.000329, -0.061739, 0.998092, -0.038465, 0.019866, 0.997896, 0.061720, -0.064131, 0.000000, 0.000000, 0.000000, 1.000000
-19.6856, -29.0616, -0.7748, 372.3832, 441.3897, 38.0613, 257.8007, 15.9533, -38.4667, -64.1334, 0.274301, 0.955539, -0.108185, -0.029062, -0.953898, 0.284614, 0.095254, -0.000775, 0.121810, 0.077069, 0.989557, 0.372383, 0.000000, 0.000000, 0.000000, 1.000000, 0.121918, 0.077036, 0.989546, 0.441390, -0.274301, -0.955539, 0.108184, 0.038061, 0.953884, -0.284623, -0.095366, 0.257801, 0.000000, 0.000000, 0.000000, 1.000000, -0.999803, 0.019807, 0.001551, 0.015953, 0.000325, -0.061734, 0.998093, -0.038467, 0.019865, 0.997896, 0.061716, -0.064133, 0.000000, 0.000000, 0.000000, 1.000000
-19.6781, -29.0710, -0.7465, 372.3890, 441.3956, 38.0707, 257.7725, 15.9517, -38.4682, -64.1355, 0.274182, 0.955578, -0.108143, -0.029071, -0.953934, 0.284491, 0.095259, -0.000746, 0.121793, 0.077043, 0.989561, 0.372389, 0.000000, 0.000000, 0.000000, 1.000000, 0.121901, 0.077010, 0.989550, 0.441396, -0.274182, -0.955578, 0.108142, 0.038071, 0.953920, -0.284500, -0.095371, 0.257772, 0.000000, 0.000000, 0.000000, 1.000000, -0.999803, 0.019806, 0.001547, 0.015952, 0.000321, -0.061730, 0.998093, -0.038468, 0.019864, 0.997896, 0.061711, -0.064135, 0.000000, 0.000000, 0.000000, 1.000000
-19.6743, -29.0755, -0.7330, 372.3918, 441.3983, 38.0752, 257.7590, 15.9509, -38.4690, -64.1365, 0.274124, 0.955597, -0.108122, -0.029076, -0.953952, 0.284430, 0.095261, -0.000733, 0.121784, 0.077030, 0.989563, 0.372392, 0.000000, 0.000000, 0.000000, 1.000000, 0.121892, 0.076997, 0.989552, 0.441398, -0.274124, -0.955597, 0.108122, 0.038075, 0.953938, -0.284439, -0.095373, 0.257759, 0.000000, 0.000000, 0.000000, 1.000000, -0.999803, 0.019806, 0.001545, 0.015951, 0.000320, -0.061728, 0.998093, -0.038469, 0.019863, 0.997896, 0.061709, -0.064137, 0.000000, 0.000000, 0.000000, 1.000000
-19.6669, -29.0845, -0.7074, 372.3967, 441.4033, 38.0842, 257.7335, 15.9493, -38.4706, -64.1386, 0.274008, 0.955635, -0.108081, -0.029085, -0.953988, 0.284310, 0.095260, -0.000707, 0.121763, 0.077006, 0.989568, 0.372397, 0.000000, 0.000000, 0.000000, 1.000000, 0.121870, 0.076973, 0.989557, 0.441403, -0.274008, -0.955635, 0.108080, 0.038084, 0.953974, -0.284318, -0.095372, 0.257733, 0.000000, 0.000000, 0.000000, 1.000000, -0.999803, 0.019805, 0.001541, 0.015949, 0.000316, -0.061724, 0.998093, -0.038471, 0.019862, 0.997897, 0.061705, -0.064139, 0.000000, 0.000000, 0.000000, 1.000000
-19.6632, -29.0890, -0.6953, 372.3990, 441.4056, 38.0887, 257.7213, 15.9486, -38.4713, -64.1397, 0.273950, 0.955654, -0.108060, -0.029089, -0.954006, 0.284249, 0.095259, -0.000695, 0.121751, 0.076994, 0.989570, 0.372399, 0.000000, 0.000000, 0.000000, 1.000000, 0.121858, 0.076961, 0.989559, 0.441406, -0.273950, -0.955654, 0.108060, 0.038089, 0.953992, -0.284258, -0.095371, 0.257721, 0.000000, 0.000000, 0.000000, 1.000000, -0.999803, 0.019805, 0.001539, 0.015949, 0.000314, -0.061722, 0.998093, -0.038471, 0.019862, 0.997897, 0.061703, -0.064140, 0.000000, 0.000000, 0.000000, 1.000000
