# Joint_B_Angle(deg), Cam_X(mm), Cam_Y(mm), Cam_Z(mm), Torso_X(mm), Torso_Y(mm), Torso_Z(mm), EE_X(mm), EE_Y(mm), EE_Z(mm), T_cam2marker_flat(16), T_torso2marker_flat(16), T_ee2marker_flat(16)
-20.0010, -79.4481, 18.2503, 451.4906, 520.4952, 88.4477, 238.7654, 117.1444, 26.4039, -6.2315, 0.288507, 0.846202, 0.448003, -0.079448, -0.949775, 0.312157, 0.022028, 0.018250, -0.121207, -0.431857, 0.893761, 0.451491, 0.000000, 0.000000, 0.000000, 1.000000, -0.121097, -0.431894, 0.893758, 0.520495, -0.288507, -0.846201, -0.448003, 0.088448, 0.949789, -0.312107, -0.022131, 0.238765, 0.000000, 0.000000, 0.000000, 1.000000, -0.031566, -0.063028, -0.997512, 0.117144, -0.997832, -0.055677, 0.035094, 0.026404, -0.057750, 0.996458, -0.061134, -0.006231, 0.000000, 0.000000, 0.000000, 1.000000
-20.0010, -79.4482, 18.2524, 451.4912, 520.4957, 88.4478, 238.7635, 117.1444, 26.4039, -6.2315, 0.288506, 0.846202, 0.448003, -0.079448, -0.949776, 0.312155, 0.022031, 0.018252, -0.121203, -0.431858, 0.893761, 0.451491, 0.000000, 0.000000, 0.000000, 1.000000, -0.121094, -0.431895, 0.893758, 0.520496, -0.288506, -0.846202, -0.448003, 0.088448, 0.949790, -0.312105, -0.022135, 0.238764, 0.000000, 0.000000, 0.000000, 1.000000, -0.031566, -0.063028, -0.997512, 0.117144, -0.997832, -0.055677, 0.035094, 0.026404, -0.057750, 0.996458, -0.061134, -0.006231, 0.000000, 0.000000, 0.000000, 1.000000
-20.0010, -79.4482, 18.2524, 451.4912, 520.4957, 88.4478, 238.7635, 117.1444, 26.4039, -6.2315, 0.288506, 0.846202, 0.448003, -0.079448, -0.949776, 0.312155, 0.022031, 0.018252, -0.121203, -0.431858, 0.893761, 0.451491, 0.000000, 0.000000, 0.000000, 1.000000, -0.121094, -0.431895, 0.893758, 0.520496, -0.288506, -0.846202, -0.448003, 0.088448, 0.949790, -0.312105, -0.022135, 0.238764, 0.000000, 0.000000, 0.000000, 1.000000, -0.031566, -0.063028, -0.997512, 0.117144, -0.997832, -0.055677, 0.035094, 0.026404, -0.057750, 0.996458, -0.061134, -0.006231, 0.000000, 0.000000, 0.000000, 1.000000
-20.0010, -79.4482, 18.2546, 451.4918, 520.4963, 88.4479, 238.7614, 117.1444, 26.4039, -6.2315, 0.288505, 0.846202, 0.448003, -0.079448, -0.949777, 0.312152, 0.022035, 0.018255, -0.121199, -0.431860, 0.893760, 0.451492, 0.000000, 0.000000, 0.000000, 1.000000, -0.121090, -0.431896, 0.893758, 0.520496, -0.288505, -0.846202, -0.448004, 0.088448, 0.949791, -0.312102, -0.022138, 0.238761, 0.000000, 0.000000, 0.000000, 1.000000, -0.031566, -0.063028, -0.997512, 0.117144, -0.997832, -0.055677, 0.035094, 0.026404, -0.057750, 0.996458, -0.061134, -0.006231, 0.000000, 0.000000, 0.000000, 1.000000
-20.0010, -79.4483, 18.2562, 451.4922, 520.4967, 88.4479, 238.7600, 117.1444, 26.4039, -6.2315, 0.288505, 0.846202, 0.448003, -0.079448, -0.949777, 0.312150, 0.022037, 0.018256, -0.121196, -0.431861, 0.893760, 0.451492, 0.000000, 0.000000, 0.000000, 1.000000, -0.121087, -0.431897, 0.893757, 0.520497, -0.288504, -0.846202, -0.448004, 0.088448, 0.949791, -0.312101, -0.022140, 0.238760, 0.000000, 0.000000, 0.000000, 1.000000, -0.031566, -0.063028, -0.997512, 0.117144, -0.997832, -0.055677, 0.035094, 0.026404, -0.057750, 0.996458, -0.061134, -0.006231, 0.000000, 0.000000, 0.000000, 1.000000
-20.0010, -79.4483, 18.2570, 451.4924, 520.4969, 88.4480, 238.7593, 117.1444, 26.4039, -6.2315, 0.288504, 0.846202, 0.448003, -0.079448, -0.949777, 0.312149, 0.022038, 0.018257, -0.121195, -0.431862, 0.893760, 0.451492, 0.000000, 0.000000, 0.000000, 1.000000, -0.121086, -0.431898, 0.893757, 0.520497, -0.288504, -0.846202, -0.448004, 0.088448, 0.949791, -0.312100, -0.022141, 0.238759, 0.000000, 0.000000, 0.000000, 1.000000, -0.031566, -0.063028, -0.997512, 0.117144, -0.997832, -0.055677, 0.035094, 0.026404, -0.057750, 0.996458, -0.061134, -0.006231, 0.000000, 0.000000, 0.000000, 1.000000
-20.0009, -79.4484, 18.2586, 451.4928, 520.4973, 88.4480, 238.7578, 117.1444, 26.4039, -6.2315, 0.288503, 0.846203, 0.448003, -0.079448, -0.949778, 0.312147, 0.022041, 0.018259, -0.121192, -0.431863, 0.893760, 0.451493, 0.000000, 0.000000, 0.000000, 1.000000, -0.121084, -0.431899, 0.893757, 0.520497, -0.288503, -0.846202, -0.448004, 0.088448, 0.949792, -0.312098, -0.022143, 0.238758, 0.000000, 0.000000, 0.000000, 1.000000, -0.031566, -0.063028, -0.997512, 0.117144, -0.997832, -0.055677, 0.035094, 0.026404, -0.057750, 0.996458, -0.061134, -0.006231, 0.000000, 0.000000, 0.000000, 1.000000
-20.0009, -79.4484, 18.2594, 451.4931, 520.4975, 88.4481, 238.7571, 117.1444, 26.4039, -6.2315, 0.288502, 0.846203, 0.448004, -0.079448, -0.949778, 0.312146, 0.022042, 0.018259, -0.121191, -0.431863, 0.893760, 0.451493, 0.000000, 0.000000, 0.000000, 1.000000, -0.121082, -0.431900, 0.893757, 0.520498, -0.288502, -0.846202, -0.448004, 0.088448, 0.949792, -0.312096, -0.022144, 0.238757, 0.000000, 0.000000, 0.000000, 1.000000, -0.031566, -0.063028, -0.997512, 0.117144, -0.997832, -0.055677, 0.035094, 0.026404, -0.057750, 0.996458, -0.061134, -0.006231, 0.000000, 0.000000, 0.000000, 1.000000
-20.0008, -79.4486, 18.2613, 451.4935, 520.4980, 88.4482, 238.7553, 117.1444, 26.4038, -6.2315, 0.288500, 0.846203, 0.448004, -0.079449, -0.949780, 0.312142, 0.022043, 0.018261, -0.121189, -0.431865, 0.893760, 0.451494, 0.000000, 0.000000, 0.000000, 1.000000, -0.121081, -0.431901, 0.893757, 0.520498, -0.288500, -0.846203, -0.448005, 0.088448, 0.949793, -0.312093, -0.022144, 0.238755, 0.000000, 0.000000, 0.000000, 1.000000, -0.031566, -0.063028, -0.997512, 0.117144, -0.997832, -0.055677, 0.035094, 0.026404, -0.057750, 0.996458, -0.061134, -0.006232, 0.000000, 0.000000, 0.000000, 1.000000
-20.0008, -79.4486, 18.2613, 451.4935, 520.4980, 88.4482, 238.7553, 117.1444, 26.4038, -6.2315, 0.288500, 0.846203, 0.448004, -0.079449, -0.949780, 0.312142, 0.022043, 0.018261, -0.121189, -0.431865, 0.893760, 0.451494, 0.000000, 0.000000, 0.000000, 1.000000, -0.121081, -0.431901, 0.893757, 0.520498, -0.288500, -0.846203, -0.448005, 0.088448, 0.949793, -0.312093, -0.022144, 0.238755, 0.000000, 0.000000, 0.000000, 1.000000, -0.031566, -0.063028, -0.997512, 0.117144, -0.997832, -0.055677, 0.035094, 0.026404, -0.057750, 0.996458, -0.061134, -0.006232, 0.000000, 0.000000, 0.000000, 1.000000
-20.0003, -79.4491, 18.2648, 451.4943, 520.4987, 88.4487, 238.7520, 117.1446, 26.4037, -6.2316, 0.288491, 0.846205, 0.448006, -0.079449, -0.949783, 0.312134, 0.022040, 0.018265, -0.121187, -0.431867, 0.893759, 0.451494, 0.000000, 0.000000, 0.000000, 1.000000, -0.121079, -0.431903, 0.893756, 0.520499, -0.288491, -0.846205, -0.448007, 0.088449, 0.949796, -0.312085, -0.022142, 0.238752, 0.000000, 0.000000, 0.000000, 1.000000, -0.031565, -0.063028, -0.997512, 0.117145, -0.997832, -0.055676, 0.035093, 0.026404, -0.057750, 0.996458, -0.061134, -0.006232, 0.000000, 0.000000, 0.000000, 1.000000
-19.9992, -79.4500, 18.2698, 451.4952, 520.4996, 88.4496, 238.7474, 117.1450, 26.4034, -6.2319, 0.288472, 0.846210, 0.448010, -0.079450, -0.949788, 0.312118, 0.022031, 0.018270, -0.121189, -0.431870, 0.893757, 0.451495, 0.000000, 0.000000, 0.000000, 1.000000, -0.121082, -0.431906, 0.893754, 0.520500, -0.288472, -0.846209, -0.448011, 0.088450, 0.949802, -0.312069, -0.022132, 0.238747, 0.000000, 0.000000, 0.000000, 1.000000, -0.031565, -0.063029, -0.997512, 0.117145, -0.997832, -0.055676, 0.035093, 0.026403, -0.057749, 0.996457, -0.061135, -0.006232, 0.000000, 0.000000, 0.000000, 1.000000
-19.9987, -79.4504, 18.2718, 451.4955, 520.5000, 88.4500, 238.7455, 117.1451, 26.4032, -6.2320, 0.288464, 0.846212, 0.448012, -0.079450, -0.949790, 0.312111, 0.022026, 0.018272, -0.121191, -0.431871, 0.893756, 0.451496, 0.000000, 0.000000, 0.000000, 1.000000, -0.121084, -0.431907, 0.893753, 0.520500, -0.288464, -0.846211, -0.448013, 0.088450, 0.949804, -0.312062, -0.022127, 0.238745, 0.000000, 0.000000, 0.000000, 1.000000, -0.031565, -0.063029, -0.997512, 0.117145, -0.997832, -0.055676, 0.035093, 0.026403, -0.057749, 0.996457, -0.061135, -0.006232, 0.000000, 0.000000, 0.000000, 1.000000
-19.9974, -79.4516, 18.2826, 451.4982, 520.5026, 88.4512, 238.7347, 117.1456, 26.4029, -6.2322, 0.288440, 0.846217, 0.448017, -0.079452, -0.949798, 0.312087, 0.022023, 0.018283, -0.121184, -0.431879, 0.893754, 0.451498, 0.000000, 0.000000, 0.000000, 1.000000, -0.121077, -0.431914, 0.893751, 0.520503, -0.288440, -0.846216, -0.448018, 0.088451, 0.949812, -0.312038, -0.022124, 0.238735, 0.000000, 0.000000, 0.000000, 1.000000, -0.031564, -0.063030, -0.997512, 0.117146, -0.997832, -0.055676, 0.035092, 0.026403, -0.057749, 0.996457, -0.061136, -0.006232, 0.000000, 0.000000, 0.000000, 1.000000
-19.9948, -79.4541, 18.3086, 451.5047, 520.5092, 88.4537, 238.7087, 117.1465, 26.4021, -6.2328, 0.288391, 0.846227, 0.448029, -0.079454, -0.949816, 0.312033, 0.022024, 0.018309, -0.121163, -0.431897, 0.893748, 0.451505, 0.000000, 0.000000, 0.000000, 1.000000, -0.121056, -0.431932, 0.893745, 0.520509, -0.288390, -0.846227, -0.448030, 0.088454, 0.949830, -0.311984, -0.022124, 0.238709, 0.000000, 0.000000, 0.000000, 1.000000, -0.031563, -0.063032, -0.997512, 0.117146, -0.997832, -0.055675, 0.035091, 0.026402, -0.057748, 0.996457, -0.061138, -0.006233, 0.000000, 0.000000, 0.000000, 1.000000
-19.9937, -79.4550, 18.3172, 451.5068, 520.5112, 88.4547, 238.7002, 117.1468, 26.4018, -6.2330, 0.288371, 0.846232, 0.448034, -0.079455, -0.949823, 0.312013, 0.022021, 0.018317, -0.121158, -0.431902, 0.893746, 0.451507, 0.000000, 0.000000, 0.000000, 1.000000, -0.121051, -0.431938, 0.893743, 0.520511, -0.288371, -0.846231, -0.448034, 0.088455, 0.949836, -0.311964, -0.022121, 0.238700, 0.000000, 0.000000, 0.000000, 1.000000, -0.031563, -0.063033, -0.997512, 0.117147, -0.997832, -0.055675, 0.035091, 0.026402, -0.057748, 0.996457, -0.061139, -0.006233, 0.000000, 0.000000, 0.000000, 1.000000
-19.9912, -79.4572, 18.3342, 451.5108, 520.5152, 88.4569, 238.6831, 117.1477, 26.4011, -6.2335, 0.288327, 0.846241, 0.448044, -0.079457, -0.949837, 0.311971, 0.022009, 0.018334, -0.121152, -0.431914, 0.893741, 0.451511, 0.000000, 0.000000, 0.000000, 1.000000, -0.121045, -0.431950, 0.893738, 0.520515, -0.288327, -0.846241, -0.448044, 0.088457, 0.949850, -0.311922, -0.022109, 0.238683, 0.000000, 0.000000, 0.000000, 1.000000, -0.031562, -0.063034, -0.997512, 0.117148, -0.997832, -0.055674, 0.035090, 0.026401, -0.057747, 0.996457, -0.061141, -0.006234, 0.000000, 0.000000, 0.000000, 1.000000
-19.9883, -79.4598, 18.3512, 451.5145, 520.5189, 88.4594, 238.6662, 117.1487, 26.4003, -6.2341, 0.288276, 0.846253, 0.448055, -0.079460, -0.949852, 0.311924, 0.021989, 0.018351, -0.121151, -0.431925, 0.893735, 0.451515, 0.000000, 0.000000, 0.000000, 1.000000, -0.121044, -0.431961, 0.893733, 0.520519, -0.288276, -0.846252, -0.448056, 0.088459, 0.949866, -0.311876, -0.022090, 0.238666, 0.000000, 0.000000, 0.000000, 1.000000, -0.031560, -0.063036, -0.997512, 0.117149, -0.997832, -0.055673, 0.035089, 0.026400, -0.057746, 0.996457, -0.061143, -0.006234, 0.000000, 0.000000, 0.000000, 1.000000
-19.9866, -79.4613, 18.3659, 451.5182, 520.5226, 88.4610, 238.6514, 117.1493, 26.3998, -6.2345, 0.288245, 0.846260, 0.448062, -0.079461, -0.949863, 0.311892, 0.021986, 0.018366, -0.121141, -0.431935, 0.893732, 0.451518, 0.000000, 0.000000, 0.000000, 1.000000, -0.121034, -0.431971, 0.893729, 0.520523, -0.288245, -0.846259, -0.448063, 0.088461, 0.949877, -0.311843, -0.022087, 0.238651, 0.000000, 0.000000, 0.000000, 1.000000, -0.031560, -0.063038, -0.997512, 0.117149, -0.997832, -0.055673, 0.035088, 0.026400, -0.057746, 0.996457, -0.061144, -0.006234, 0.000000, 0.000000, 0.000000, 1.000000
-19.9848, -79.4630, 18.3805, 451.5217, 520.5261, 88.4626, 238.6368, 117.1499, 26.3993, -6.2349, 0.288212, 0.846267, 0.448070, -0.079463, -0.949874, 0.311859, 0.021981, 0.018380, -0.121133, -0.431945, 0.893728, 0.451522, 0.000000, 0.000000, 0.000000, 1.000000, -0.121026, -0.431981, 0.893725, 0.520526, -0.288212, -0.846266, -0.448071, 0.088463, 0.949888, -0.311810, -0.022082, 0.238637, 0.000000, 0.000000, 0.000000, 1.000000, -0.031559, -0.063039, -0.997512, 0.117150, -0.997832, -0.055672, 0.035087, 0.026399, -0.057746, 0.996457, -0.061145, -0.006235, 0.000000, 0.000000, 0.000000, 1.000000
-19.9786, -79.4685, 18.4226, 451.5315, 520.5360, 88.4681, 238.5944, 117.1521, 26.3975, -6.2361, 0.288101, 0.846291, 0.448095, -0.079469, -0.949909, 0.311753, 0.021950, 0.018423, -0.121119, -0.431974, 0.893716, 0.451532, 0.000000, 0.000000, 0.000000, 1.000000, -0.121011, -0.432010, 0.893714, 0.520536, -0.288101, -0.846291, -0.448096, 0.088468, 0.949923, -0.311705, -0.022052, 0.238594, 0.000000, 0.000000, 0.000000, 1.000000, -0.031556, -0.063043, -0.997512, 0.117152, -0.997833, -0.055671, 0.035085, 0.026397, -0.057744, 0.996457, -0.061150, -0.006236, 0.000000, 0.000000, 0.000000, 1.000000
-19.9762, -79.4705, 18.4361, 451.5345, 520.5390, 88.4701, 238.5809, 117.1529, 26.3968, -6.2366, 0.288060, 0.846300, 0.448104, -0.079471, -0.949922, 0.311717, 0.021935, 0.018436, -0.121118, -0.431983, 0.893712, 0.451535, 0.000000, 0.000000, 0.000000, 1.000000, -0.121011, -0.432019, 0.893709, 0.520539, -0.288060, -0.846300, -0.448105, 0.088470, 0.949936, -0.311668, -0.022036, 0.238581, 0.000000, 0.000000, 0.000000, 1.000000, -0.031555, -0.063045, -0.997512, 0.117153, -0.997833, -0.055670, 0.035084, 0.026397, -0.057743, 0.996457, -0.061151, -0.006237, 0.000000, 0.000000, 0.000000, 1.000000
-19.9711, -79.4748, 18.4622, 451.5401, 520.5445, 88.4744, 238.5546, 117.1547, 26.3954, -6.2376, 0.287973, 0.846319, 0.448124, -0.079475, -0.949948, 0.311640, 0.021897, 0.018462, -0.121122, -0.432000, 0.893703, 0.451540, 0.000000, 0.000000, 0.000000, 1.000000, -0.121014, -0.432036, 0.893700, 0.520545, -0.287973, -0.846319, -0.448124, 0.088474, 0.949962, -0.311591, -0.021998, 0.238555, 0.000000, 0.000000, 0.000000, 1.000000, -0.031554, -0.063048, -0.997512, 0.117155, -0.997833, -0.055668, 0.035082, 0.026395, -0.057742, 0.996457, -0.061155, -0.006238, 0.000000, 0.000000, 0.000000, 1.000000
-19.9711, -79.4748, 18.4622, 451.5401, 520.5445, 88.4744, 238.5546, 117.1547, 26.3954, -6.2376, 0.287973, 0.846319, 0.448124, -0.079475, -0.949948, 0.311640, 0.021897, 0.018462, -0.121122, -0.432000, 0.893703, 0.451540, 0.000000, 0.000000, 0.000000, 1.000000, -0.121014, -0.432036, 0.893700, 0.520545, -0.287973, -0.846319, -0.448124, 0.088474, 0.949962, -0.311591, -0.021998, 0.238555, 0.000000, 0.000000, 0.000000, 1.000000, -0.031554, -0.063048, -0.997512, 0.117155, -0.997833, -0.055668, 0.035082, 0.026395, -0.057742, 0.996457, -0.061155, -0.006238, 0.000000, 0.000000, 0.000000, 1.000000
-19.9625, -79.4819, 18.4993, 451.5474, 520.5518, 88.4815, 238.5174, 117.1577, 26.3930, -6.2394, 0.287829, 0.846352, 0.448156, -0.079482, -0.949989, 0.311520, 0.021820, 0.018499, -0.121142, -0.432024, 0.893689, 0.451547, 0.000000, 0.000000, 0.000000, 1.000000, -0.121034, -0.432060, 0.893686, 0.520552, -0.287829, -0.846351, -0.448157, 0.088482, 0.950003, -0.311471, -0.021922, 0.238517, 0.000000, 0.000000, 0.000000, 1.000000, -0.031551, -0.063054, -0.997511, 0.117158, -0.997833, -0.055666, 0.035080, 0.026393, -0.057739, 0.996456, -0.061161, -0.006239, 0.000000, 0.000000, 0.000000, 1.000000
-19.9594, -79.4844, 18.5111, 451.5495, 520.5539, 88.4841, 238.5055, 117.1588, 26.3921, -6.2400, 0.287777, 0.846363, 0.448167, -0.079484, -0.950004, 0.311478, 0.021790, 0.018511, -0.121152, -0.432031, 0.893684, 0.451549, 0.000000, 0.000000, 0.000000, 1.000000, -0.121044, -0.432067, 0.893681, 0.520554, -0.287777, -0.846363, -0.448168, 0.088484, 0.950017, -0.311429, -0.021892, 0.238505, 0.000000, 0.000000, 0.000000, 1.000000, -0.031550, -0.063056, -0.997511, 0.117159, -0.997833, -0.055665, 0.035079, 0.026392, -0.057738, 0.996456, -0.061163, -0.006240, 0.000000, 0.000000, 0.000000, 1.000000
-19.9562, -79.4871, 18.5227, 451.5515, 520.5560, 88.4867, 238.4939, 117.1600, 26.3912, -6.2407, 0.287723, 0.846375, 0.448179, -0.079487, -0.950018, 0.311435, 0.021757, 0.018523, -0.121164, -0.432038, 0.893679, 0.451552, 0.000000, 0.000000, 0.000000, 1.000000, -0.121056, -0.432074, 0.893676, 0.520556, -0.287723, -0.846375, -0.448180, 0.088487, 0.950032, -0.311386, -0.021859, 0.238494, 0.000000, 0.000000, 0.000000, 1.000000, -0.031549, -0.063058, -0.997511, 0.117160, -0.997833, -0.055664, 0.035078, 0.026391, -0.057737, 0.996456, -0.061166, -0.006241, 0.000000, 0.000000, 0.000000, 1.000000
-19.9457, -79.4954, 18.5558, 451.5568, 520.5612, 88.4950, 238.4606, 117.1637, 26.3883, -6.2427, 0.287552, 0.846413, 0.448216, -0.079495, -0.950064, 0.311303, 0.021645, 0.018556, -0.121210, -0.432058, 0.893663, 0.451557, 0.000000, 0.000000, 0.000000, 1.000000, -0.121102, -0.432095, 0.893660, 0.520561, -0.287552, -0.846413, -0.448217, 0.088495, 0.950078, -0.311254, -0.021748, 0.238461, 0.000000, 0.000000, 0.000000, 1.000000, -0.031545, -0.063066, -0.997511, 0.117164, -0.997833, -0.055661, 0.035074, 0.026388, -0.057734, 0.996456, -0.061173, -0.006243, 0.000000, 0.000000, 0.000000, 1.000000
-19.9457, -79.4954, 18.5558, 451.5568, 520.5612, 88.4950, 238.4606, 117.1637, 26.3883, -6.2427, 0.287552, 0.846413, 0.448216, -0.079495, -0.950064, 0.311303, 0.021645, 0.018556, -0.121210, -0.432058, 0.893663, 0.451557, 0.000000, 0.000000, 0.000000, 1.000000, -0.121102, -0.432095, 0.893660, 0.520561, -0.287552, -0.846413, -0.448217, 0.088495, 0.950078, -0.311254, -0.021748, 0.238461, 0.000000, 0.000000, 0.000000, 1.000000, -0.031545, -0.063066, -0.997511, 0.117164, -0.997833, -0.055661, 0.035074, 0.026388, -0.057734, 0.996456, -0.061173, -0.006243, 0.000000, 0.000000, 0.000000, 1.000000
-19.9343, -79.5044, 18.5869, 451.5610, 520.5654, 88.5040, 238.4294, 117.1678, 26.3851, -6.2450, 0.287367, 0.846455, 0.448257, -0.079504, -0.950112, 0.311165, 0.021514, 0.018587, -0.121271, -0.432077, 0.893646, 0.451561, 0.000000, 0.000000, 0.000000, 1.000000, -0.121162, -0.432113, 0.893643, 0.520565, -0.287367, -0.846455, -0.448257, 0.088504, 0.950126, -0.311115, -0.021617, 0.238429, 0.000000, 0.000000, 0.000000, 1.000000, -0.031542, -0.063074, -0.997510, 0.117168, -0.997834, -0.055657, 0.035071, 0.026385, -0.057731, 0.996456, -0.061182, -0.006245, 0.000000, 0.000000, 0.000000, 1.000000
-19.9220, -79.5139, 18.6161, 451.5642, 520.5687, 88.5135, 238.4001, 117.1722, 26.3817, -6.2474, 0.287169, 0.846500, 0.448299, -0.079514, -0.950163, 0.311021, 0.021367, 0.018616, -0.121343, -0.432093, 0.893628, 0.451564, 0.000000, 0.000000, 0.000000, 1.000000, -0.121234, -0.432130, 0.893625, 0.520569, -0.287169, -0.846499, -0.448300, 0.088514, 0.950177, -0.310971, -0.021469, 0.238400, 0.000000, 0.000000, 0.000000, 1.000000, -0.031538, -0.063082, -0.997510, 0.117172, -0.997834, -0.055654, 0.035068, 0.026382, -0.057727, 0.996455, -0.061190, -0.006247, 0.000000, 0.000000, 0.000000, 1.000000
-19.9134, -79.5205, 18.6345, 451.5659, 520.5704, 88.5201, 238.3817, 117.1752, 26.3793, -6.2491, 0.287033, 0.846530, 0.448329, -0.079520, -0.950197, 0.310923, 0.021261, 0.018635, -0.121397, -0.432104, 0.893616, 0.451566, 0.000000, 0.000000, 0.000000, 1.000000, -0.121288, -0.432140, 0.893613, 0.520570, -0.287033, -0.846530, -0.448329, 0.088520, 0.950211, -0.310873, -0.021364, 0.238382, 0.000000, 0.000000, 0.000000, 1.000000, -0.031535, -0.063088, -0.997510, 0.117175, -0.997834, -0.055651, 0.035065, 0.026379, -0.057725, 0.996455, -0.061197, -0.006249, 0.000000, 0.000000, 0.000000, 1.000000
-19.9047, -79.5275, 18.6644, 451.5710, 520.5755, 88.5271, 238.3515, 117.1783, 26.3768, -6.2509, 0.286888, 0.846562, 0.448360, -0.079527, -0.950236, 0.310810, 0.021170, 0.018664, -0.121433, -0.432122, 0.893602, 0.451571, 0.000000, 0.000000, 0.000000, 1.000000, -0.121323, -0.432158, 0.893599, 0.520575, -0.286888, -0.846562, -0.448361, 0.088527, 0.950250, -0.310760, -0.021273, 0.238352, 0.000000, 0.000000, 0.000000, 1.000000, -0.031533, -0.063094, -0.997509, 0.117178, -0.997835, -0.055648, 0.035063, 0.026377, -0.057722, 0.996455, -0.061203, -0.006251, 0.000000, 0.000000, 0.000000, 1.000000
-19.8957, -79.5346, 18.6927, 451.5755, 520.5800, 88.5342, 238.3231, 117.1815, 26.3743, -6.2526, 0.286742, 0.846595, 0.448392, -0.079535, -0.950276, 0.310697, 0.021074, 0.018693, -0.121473, -0.432139, 0.893588, 0.451575, 0.000000, 0.000000, 0.000000, 1.000000, -0.121363, -0.432176, 0.893586, 0.520580, -0.286742, -0.846595, -0.448393, 0.088534, 0.950290, -0.310647, -0.021177, 0.238323, 0.000000, 0.000000, 0.000000, 1.000000, -0.031530, -0.063100, -0.997509, 0.117182, -0.997835, -0.055646, 0.035060, 0.026374, -0.057719, 0.996455, -0.061209, -0.006253, 0.000000, 0.000000, 0.000000, 1.000000
-19.8911, -79.5382, 18.7062, 451.5775, 520.5820, 88.5378, 238.3095, 117.1832, 26.3730, -6.2535, 0.286668, 0.846612, 0.448409, -0.079538, -0.950295, 0.310640, 0.021024, 0.018706, -0.121495, -0.432147, 0.893581, 0.451578, 0.000000, 0.000000, 0.000000, 1.000000, -0.121385, -0.432184, 0.893579, 0.520582, -0.286668, -0.846611, -0.448409, 0.088538, 0.950309, -0.310590, -0.021127, 0.238309, 0.000000, 0.000000, 0.000000, 1.000000, -0.031528, -0.063104, -0.997509, 0.117183, -0.997835, -0.055644, 0.035059, 0.026373, -0.057718, 0.996455, -0.061213, -0.006254, 0.000000, 0.000000, 0.000000, 1.000000
-19.8819, -79.5454, 18.7319, 451.5811, 520.5856, 88.5450, 238.2836, 117.1864, 26.3705, -6.2554, 0.286519, 0.846645, 0.448441, -0.079545, -0.950334, 0.310528, 0.020920, 0.018732, -0.121542, -0.432162, 0.893568, 0.451581, 0.000000, 0.000000, 0.000000, 1.000000, -0.121432, -0.432199, 0.893565, 0.520586, -0.286519, -0.846645, -0.448442, 0.088545, 0.950348, -0.310478, -0.021023, 0.238284, 0.000000, 0.000000, 0.000000, 1.000000, -0.031525, -0.063110, -0.997509, 0.117186, -0.997835, -0.055642, 0.035056, 0.026370, -0.057715, 0.996454, -0.061219, -0.006255, 0.000000, 0.000000, 0.000000, 1.000000
-19.8726, -79.5526, 18.7558, 451.5842, 520.5887, 88.5522, 238.2595, 117.1898, 26.3679, -6.2572, 0.286369, 0.846679, 0.448473, -0.079553, -0.950372, 0.310418, 0.020811, 0.018756, -0.121594, -0.432176, 0.893554, 0.451584, 0.000000, 0.000000, 0.000000, 1.000000, -0.121483, -0.432213, 0.893551, 0.520589, -0.286369, -0.846678, -0.448474, 0.088552, 0.950387, -0.310367, -0.020915, 0.238259, 0.000000, 0.000000, 0.000000, 1.000000, -0.031523, -0.063116, -0.997508, 0.117190, -0.997835, -0.055639, 0.035053, 0.026368, -0.057713, 0.996454, -0.061226, -0.006257, 0.000000, 0.000000, 0.000000, 1.000000
-19.8680, -79.5562, 18.7672, 451.5855, 520.5901, 88.5558, 238.2480, 117.1914, 26.3666, -6.2581, 0.286294, 0.846695, 0.448490, -0.079556, -0.950392, 0.310363, 0.020755, 0.018767, -0.121621, -0.432183, 0.893547, 0.451586, 0.000000, 0.000000, 0.000000, 1.000000, -0.121510, -0.432220, 0.893544, 0.520590, -0.286294, -0.846695, -0.448490, 0.088556, 0.950406, -0.310312, -0.020860, 0.238248, 0.000000, 0.000000, 0.000000, 1.000000, -0.031521, -0.063120, -0.997508, 0.117191, -0.997836, -0.055637, 0.035052, 0.026367, -0.057711, 0.996454, -0.061229, -0.006258, 0.000000, 0.000000, 0.000000, 1.000000
-19.8586, -79.5635, 18.7888, 451.5878, 520.5924, 88.5631, 238.2263, 117.1948, 26.3640, -6.2600, 0.286143, 0.846729, 0.448522, -0.079563, -0.950430, 0.310254, 0.020641, 0.018789, -0.121678, -0.432195, 0.893533, 0.451588, 0.000000, 0.000000, 0.000000, 1.000000, -0.121567, -0.432232, 0.893531, 0.520592, -0.286143, -0.846729, -0.448523, 0.088563, 0.950444, -0.310203, -0.020746, 0.238226, 0.000000, 0.000000, 0.000000, 1.000000, -0.031518, -0.063126, -0.997508, 0.117195, -0.997836, -0.055634, 0.035050, 0.026364, -0.057708, 0.996454, -0.061236, -0.006260, 0.000000, 0.000000, 0.000000, 1.000000
-19.8491, -79.5707, 18.8089, 451.5897, 520.5942, 88.5704, 238.2060, 117.1982, 26.3613, -6.2618, 0.285993, 0.846763, 0.448554, -0.079571, -0.950467, 0.310146, 0.020524, 0.018809, -0.121738, -0.432206, 0.893520, 0.451590, 0.000000, 0.000000, 0.000000, 1.000000, -0.121627, -0.432243, 0.893517, 0.520594, -0.285993, -0.846762, -0.448555, 0.088570, 0.950481, -0.310096, -0.020629, 0.238206, 0.000000, 0.000000, 0.000000, 1.000000, -0.031516, -0.063133, -0.997507, 0.117198, -0.997836, -0.055632, 0.035047, 0.026361, -0.057705, 0.996453, -0.061243, -0.006262, 0.000000, 0.000000, 0.000000, 1.000000
-19.8491, -79.5707, 18.8089, 451.5897, 520.5942, 88.5704, 238.2060, 117.1982, 26.3613, -6.2618, 0.285993, 0.846763, 0.448554, -0.079571, -0.950467, 0.310146, 0.020524, 0.018809, -0.121738, -0.432206, 0.893520, 0.451590, 0.000000, 0.000000, 0.000000, 1.000000, -0.121627, -0.432243, 0.893517, 0.520594, -0.285993, -0.846762, -0.448555, 0.088570, 0.950481, -0.310096, -0.020629, 0.238206, 0.000000, 0.000000, 0.000000, 1.000000, -0.031516, -0.063133, -0.997507, 0.117198, -0.997836, -0.055632, 0.035047, 0.026361, -0.057705, 0.996453, -0.061243, -0.006262, 0.000000, 0.000000, 0.000000, 1.000000
-19.8349, -79.5815, 18.8366, 451.5917, 520.5962, 88.5812, 238.1781, 117.2032, 26.3574, -6.2646, 0.285768, 0.846813, 0.448602, -0.079582, -0.950523, 0.309988, 0.020345, 0.018837, -0.121833, -0.432221, 0.893500, 0.451592, 0.000000, 0.000000, 0.000000, 1.000000, -0.121722, -0.432258, 0.893497, 0.520596, -0.285768, -0.846813, -0.448603, 0.088581, 0.950537, -0.309938, -0.020450, 0.238178, 0.000000, 0.000000, 0.000000, 1.000000, -0.031512, -0.063143, -0.997507, 0.117203, -0.997836, -0.055627, 0.035043, 0.026357, -0.057701, 0.996453, -0.061253, -0.006265, 0.000000, 0.000000, 0.000000, 1.000000
-19.8349, -79.5815, 18.8366, 451.5917, 520.5962, 88.5812, 238.1781, 117.2032, 26.3574, -6.2646, 0.285768, 0.846813, 0.448602, -0.079582, -0.950523, 0.309988, 0.020345, 0.018837, -0.121833, -0.432221, 0.893500, 0.451592, 0.000000, 0.000000, 0.000000, 1.000000, -0.121722, -0.432258, 0.893497, 0.520596, -0.285768, -0.846813, -0.448603, 0.088581, 0.950537, -0.309938, -0.020450, 0.238178, 0.000000, 0.000000, 0.000000, 1.000000, -0.031512, -0.063143, -0.997507, 0.117203, -0.997836, -0.055627, 0.035043, 0.026357, -0.057701, 0.996453, -0.061253, -0.006265, 0.000000, 0.000000, 0.000000, 1.000000
-19.8255, -79.5887, 18.8536, 451.5926, 520.5972, 88.5883, 238.1610, 117.2066, 26.3548, -6.2664, 0.285619, 0.846847, 0.448634, -0.079589, -0.950559, 0.309885, 0.020223, 0.018854, -0.121899, -0.432229, 0.893487, 0.451593, 0.000000, 0.000000, 0.000000, 1.000000, -0.121787, -0.432266, 0.893484, 0.520597, -0.285619, -0.846846, -0.448635, 0.088588, 0.950573, -0.309834, -0.020328, 0.238161, 0.000000, 0.000000, 0.000000, 1.000000, -0.031509, -0.063149, -0.997507, 0.117207, -0.997837, -0.055624, 0.035041, 0.026355, -0.057698, 0.996453, -0.061260, -0.006266, 0.000000, 0.000000, 0.000000, 1.000000
-19.8114, -79.5994, 18.8774, 451.5935, 520.5981, 88.5990, 238.1370, 117.2117, 26.3508, -6.2691, 0.285397, 0.846896, 0.448681, -0.079599, -0.950613, 0.309733, 0.020038, 0.018877, -0.122001, -0.432241, 0.893467, 0.451593, 0.000000, 0.000000, 0.000000, 1.000000, -0.121889, -0.432278, 0.893464, 0.520598, -0.285397, -0.846896, -0.448682, 0.088599, 0.950627, -0.309682, -0.020144, 0.238137, 0.000000, 0.000000, 0.000000, 1.000000, -0.031505, -0.063159, -0.997506, 0.117212, -0.997837, -0.055620, 0.035037, 0.026351, -0.057694, 0.996452, -0.061270, -0.006269, 0.000000, 0.000000, 0.000000, 1.000000
-19.8114, -79.5994, 18.8774, 451.5935, 520.5981, 88.5990, 238.1370, 117.2117, 26.3508, -6.2691, 0.285397, 0.846896, 0.448681, -0.079599, -0.950613, 0.309733, 0.020038, 0.018877, -0.122001, -0.432241, 0.893467, 0.451593, 0.000000, 0.000000, 0.000000, 1.000000, -0.121889, -0.432278, 0.893464, 0.520598, -0.285397, -0.846896, -0.448682, 0.088599, 0.950627, -0.309682, -0.020144, 0.238137, 0.000000, 0.000000, 0.000000, 1.000000, -0.031505, -0.063159, -0.997506, 0.117212, -0.997837, -0.055620, 0.035037, 0.026351, -0.057694, 0.996452, -0.061270, -0.006269, 0.000000, 0.000000, 0.000000, 1.000000
-19.7975, -79.6099, 18.8993, 451.5939, 520.5985, 88.6095, 238.1149, 117.2167, 26.3470, -6.2718, 0.285179, 0.846945, 0.448728, -0.079610, -0.950665, 0.309584, 0.019854, 0.018899, -0.122104, -0.432251, 0.893448, 0.451594, 0.000000, 0.000000, 0.000000, 1.000000, -0.121992, -0.432289, 0.893445, 0.520598, -0.285179, -0.846945, -0.448728, 0.088610, 0.950679, -0.309533, -0.019960, 0.238115, 0.000000, 0.000000, 0.000000, 1.000000, -0.031501, -0.063169, -0.997506, 0.117217, -0.997837, -0.055615, 0.035033, 0.026347, -0.057690, 0.996452, -0.061280, -0.006272, 0.000000, 0.000000, 0.000000, 1.000000
-19.7929, -79.6133, 18.9063, 451.5939, 520.5985, 88.6130, 238.1079, 117.2183, 26.3457, -6.2727, 0.285107, 0.846961, 0.448743, -0.079613, -0.950682, 0.309536, 0.019792, 0.018906, -0.122139, -0.432255, 0.893442, 0.451594, 0.000000, 0.000000, 0.000000, 1.000000, -0.122026, -0.432292, 0.893439, 0.520599, -0.285107, -0.846961, -0.448744, 0.088613, 0.950696, -0.309484, -0.019898, 0.238108, 0.000000, 0.000000, 0.000000, 1.000000, -0.031500, -0.063172, -0.997505, 0.117218, -0.997838, -0.055614, 0.035032, 0.026346, -0.057688, 0.996452, -0.061283, -0.006273, 0.000000, 0.000000, 0.000000, 1.000000
-19.7929, -79.6133, 18.9063, 451.5939, 520.5985, 88.6130, 238.1079, 117.2183, 26.3457, -6.2727, 0.285107, 0.846961, 0.448743, -0.079613, -0.950682, 0.309536, 0.019792, 0.018906, -0.122139, -0.432255, 0.893442, 0.451594, 0.000000, 0.000000, 0.000000, 1.000000, -0.122026, -0.432292, 0.893439, 0.520599, -0.285107, -0.846961, -0.448744, 0.088613, 0.950696, -0.309484, -0.019898, 0.238108, 0.000000, 0.000000, 0.000000, 1.000000, -0.031500, -0.063172, -0.997505, 0.117218, -0.997838, -0.055614, 0.035032, 0.026346, -0.057688, 0.996452, -0.061283, -0.006273, 0.000000, 0.000000, 0.000000, 1.000000
-19.7704, -79.6303, 18.9395, 451.5939, 520.5985, 88.6299, 238.0745, 117.2264, 26.3394, -6.2771, 0.284755, 0.847040, 0.448818, -0.079630, -0.950765, 0.309299, 0.019489, 0.018940, -0.122310, -0.432270, 0.893411, 0.451594, 0.000000, 0.000000, 0.000000, 1.000000, -0.122197, -0.432307, 0.893408, 0.520598, -0.284755, -0.847040, -0.448818, 0.088630, 0.950780, -0.309247, -0.019596, 0.238075, 0.000000, 0.000000, 0.000000, 1.000000, -0.031494, -0.063187, -0.997505, 0.117226, -0.997838, -0.055607, 0.035027, 0.026339, -0.057681, 0.996451, -0.061300, -0.006277, 0.000000, 0.000000, 0.000000, 1.000000
-19.7616, -79.6369, 18.9522, 451.5938, 520.5983, 88.6365, 238.0618, 117.2296, 26.3370, -6.2788, 0.284619, 0.847071, 0.448846, -0.079637, -0.950797, 0.309207, 0.019371, 0.018952, -0.122378, -0.432275, 0.893399, 0.451594, 0.000000, 0.000000, 0.000000, 1.000000, -0.122264, -0.432313, 0.893396, 0.520598, -0.284619, -0.847070, -0.448847, 0.088637, 0.950812, -0.309156, -0.019478, 0.238062, 0.000000, 0.000000, 0.000000, 1.000000, -0.031491, -0.063194, -0.997504, 0.117230, -0.997838, -0.055604, 0.035024, 0.026337, -0.057679, 0.996451, -0.061306, -0.006279, 0.000000, 0.000000, 0.000000, 1.000000
-19.7616, -79.6369, 18.9522, 451.5938, 520.5983, 88.6365, 238.0618, 117.2296, 26.3370, -6.2788, 0.284619, 0.847071, 0.448846, -0.079637, -0.950797, 0.309207, 0.019371, 0.018952, -0.122378, -0.432275, 0.893399, 0.451594, 0.000000, 0.000000, 0.000000, 1.000000, -0.122264, -0.432313, 0.893396, 0.520598, -0.284619, -0.847070, -0.448847, 0.088637, 0.950812, -0.309156, -0.019478, 0.238062, 0.000000, 0.000000, 0.000000, 1.000000, -0.031491, -0.063194, -0.997504, 0.117230, -0.997838, -0.055604, 0.035024, 0.026337, -0.057679, 0.996451, -0.061306, -0.006279, 0.000000, 0.000000, 0.000000, 1.000000
-19.7488, -79.6465, 18.9708, 451.5936, 520.5982, 88.6461, 238.0432, 117.2342, 26.3334, -6.2812, 0.284419, 0.847115, 0.448889, -0.079646, -0.950844, 0.309073, 0.019199, 0.018971, -0.122476, -0.432284, 0.893381, 0.451594, 0.000000, 0.000000, 0.000000, 1.000000, -0.122363, -0.432321, 0.893379, 0.520598, -0.284419, -0.847115, -0.448889, 0.088646, 0.950859, -0.309022, -0.019305, 0.238043, 0.000000, 0.000000, 0.000000, 1.000000, -0.031488, -0.063202, -0.997504, 0.117234, -0.997839, -0.055600, 0.035021, 0.026333, -0.057675, 0.996451, -0.061315, -0.006281, 0.000000, 0.000000, 0.000000, 1.000000
-19.7446, -79.6496, 18.9770, 451.5936, 520.5982, 88.6493, 238.0370, 117.2357, 26.3323, -6.2820, 0.284354, 0.847130, 0.448902, -0.079650, -0.950860, 0.309029, 0.019142, 0.018977, -0.122508, -0.432287, 0.893376, 0.451594, 0.000000, 0.000000, 0.000000, 1.000000, -0.122395, -0.432324, 0.893373, 0.520598, -0.284354, -0.847130, -0.448903, 0.088649, 0.950874, -0.308978, -0.019249, 0.238037, 0.000000, 0.000000, 0.000000, 1.000000, -0.031487, -0.063205, -0.997504, 0.117236, -0.997839, -0.055599, 0.035020, 0.026332, -0.057674, 0.996451, -0.061318, -0.006282, 0.000000, 0.000000, 0.000000, 1.000000
-19.7364, -79.6559, 18.9894, 451.5936, 520.5982, 88.6555, 238.0245, 117.2386, 26.3299, -6.2836, 0.284225, 0.847159, 0.448930, -0.079656, -0.950890, 0.308943, 0.019031, 0.018989, -0.122571, -0.432292, 0.893364, 0.451594, 0.000000, 0.000000, 0.000000, 1.000000, -0.122457, -0.432330, 0.893362, 0.520598, -0.284225, -0.847158, -0.448930, 0.088656, 0.950905, -0.308891, -0.019138, 0.238025, 0.000000, 0.000000, 0.000000, 1.000000, -0.031485, -0.063211, -0.997503, 0.117239, -0.997839, -0.055596, 0.035018, 0.026330, -0.057671, 0.996450, -0.061324, -0.006284, 0.000000, 0.000000, 0.000000, 1.000000
-19.7323, -79.6590, 18.9956, 451.5937, 520.5983, 88.6586, 238.0182, 117.2401, 26.3288, -6.2844, 0.284162, 0.847173, 0.448943, -0.079659, -0.950905, 0.308900, 0.018977, 0.018996, -0.122602, -0.432295, 0.893359, 0.451594, 0.000000, 0.000000, 0.000000, 1.000000, -0.122488, -0.432333, 0.893356, 0.520598, -0.284162, -0.847173, -0.448944, 0.088659, 0.950920, -0.308848, -0.019084, 0.238018, 0.000000, 0.000000, 0.000000, 1.000000, -0.031483, -0.063214, -0.997503, 0.117240, -0.997839, -0.055595, 0.035017, 0.026329, -0.057670, 0.996450, -0.061327, -0.006284, 0.000000, 0.000000, 0.000000, 1.000000
-19.7242, -79.6651, 19.0083, 451.5938, 520.5984, 88.6647, 238.0055, 117.2430, 26.3266, -6.2859, 0.284036, 0.847201, 0.448970, -0.079665, -0.950935, 0.308814, 0.018870, 0.019008, -0.122662, -0.432301, 0.893348, 0.451594, 0.000000, 0.000000, 0.000000, 1.000000, -0.122548, -0.432338, 0.893345, 0.520598, -0.284036, -0.847201, -0.448970, 0.088665, 0.950950, -0.308763, -0.018977, 0.238006, 0.000000, 0.000000, 0.000000, 1.000000, -0.031481, -0.063219, -0.997503, 0.117243, -0.997839, -0.055592, 0.035015, 0.026327, -0.057667, 0.996450, -0.061333, -0.006286, 0.000000, 0.000000, 0.000000, 1.000000
-19.7202, -79.6681, 19.0148, 451.5940, 520.5986, 88.6678, 237.9991, 117.2444, 26.3255, -6.2867, 0.283974, 0.847215, 0.448983, -0.079668, -0.950950, 0.308772, 0.018817, 0.019015, -0.122691, -0.432304, 0.893342, 0.451594, 0.000000, 0.000000, 0.000000, 1.000000, -0.122578, -0.432341, 0.893340, 0.520599, -0.283974, -0.847215, -0.448984, 0.088668, 0.950965, -0.308720, -0.018924, 0.237999, 0.000000, 0.000000, 0.000000, 1.000000, -0.031480, -0.063222, -0.997503, 0.117244, -0.997839, -0.055591, 0.035014, 0.026325, -0.057666, 0.996450, -0.061336, -0.006287, 0.000000, 0.000000, 0.000000, 1.000000
-19.7123, -79.6741, 19.0280, 451.5944, 520.5990, 88.6738, 237.9858, 117.2472, 26.3232, -6.2882, 0.283850, 0.847242, 0.449009, -0.079674, -0.950979, 0.308688, 0.018713, 0.019028, -0.122749, -0.432310, 0.893331, 0.451594, 0.000000, 0.000000, 0.000000, 1.000000, -0.122635, -0.432348, 0.893329, 0.520599, -0.283850, -0.847242, -0.449010, 0.088674, 0.950994, -0.308636, -0.018820, 0.237986, 0.000000, 0.000000, 0.000000, 1.000000, -0.031478, -0.063228, -0.997503, 0.117247, -0.997840, -0.055589, 0.035012, 0.026323, -0.057664, 0.996450, -0.061341, -0.006288, 0.000000, 0.000000, 0.000000, 1.000000
-19.7084, -79.6771, 19.0348, 451.5947, 520.5993, 88.6767, 237.9790, 117.2487, 26.3222, -6.2890, 0.283789, 0.847256, 0.449022, -0.079677, -0.950994, 0.308646, 0.018662, 0.019035, -0.122777, -0.432313, 0.893326, 0.451595, 0.000000, 0.000000, 0.000000, 1.000000, -0.122663, -0.432351, 0.893323, 0.520599, -0.283789, -0.847256, -0.449023, 0.088677, 0.951009, -0.308594, -0.018769, 0.237979, 0.000000, 0.000000, 0.000000, 1.000000, -0.031477, -0.063230, -0.997502, 0.117249, -0.997840, -0.055587, 0.035011, 0.026322, -0.057662, 0.996450, -0.061344, -0.006289, 0.000000, 0.000000, 0.000000, 1.000000
-19.7006, -79.6830, 19.0488, 451.5953, 520.5999, 88.6827, 237.9651, 117.2514, 26.3200, -6.2904, 0.283668, 0.847283, 0.449048, -0.079683, -0.951023, 0.308562, 0.018562, 0.019049, -0.122832, -0.432320, 0.893315, 0.451595, 0.000000, 0.000000, 0.000000, 1.000000, -0.122718, -0.432358, 0.893312, 0.520600, -0.283668, -0.847283, -0.449048, 0.088683, 0.951038, -0.308510, -0.018669, 0.237965, 0.000000, 0.000000, 0.000000, 1.000000, -0.031475, -0.063236, -0.997502, 0.117251, -0.997840, -0.055585, 0.035009, 0.026320, -0.057660, 0.996449, -0.061350, -0.006290, 0.000000, 0.000000, 0.000000, 1.000000
-19.6929, -79.6889, 19.0632, 451.5962, 520.6008, 88.6885, 237.9507, 117.2542, 26.3178, -6.2919, 0.283547, 0.847310, 0.449073, -0.079689, -0.951052, 0.308478, 0.018464, 0.019063, -0.122885, -0.432327, 0.893304, 0.451596, 0.000000, 0.000000, 0.000000, 1.000000, -0.122771, -0.432365, 0.893302, 0.520601, -0.283547, -0.847310, -0.449074, 0.088689, 0.951067, -0.308427, -0.018570, 0.237951, 0.000000, 0.000000, 0.000000, 1.000000, -0.031473, -0.063241, -0.997502, 0.117254, -0.997840, -0.055583, 0.035007, 0.026318, -0.057658, 0.996449, -0.061355, -0.006292, 0.000000, 0.000000, 0.000000, 1.000000
-19.6853, -79.6947, 19.0783, 451.5972, 520.6018, 88.6944, 237.9356, 117.2569, 26.3157, -6.2934, 0.283428, 0.847337, 0.449099, -0.079695, -0.951081, 0.308395, 0.018367, 0.019078, -0.122936, -0.432335, 0.893293, 0.451597, 0.000000, 0.000000, 0.000000, 1.000000, -0.122823, -0.432372, 0.893291, 0.520602, -0.283428, -0.847336, -0.449099, 0.088694, 0.951096, -0.308343, -0.018474, 0.237936, 0.000000, 0.000000, 0.000000, 1.000000, -0.031471, -0.063246, -0.997502, 0.117257, -0.997840, -0.055580, 0.035005, 0.026316, -0.057655, 0.996449, -0.061360, -0.006293, 0.000000, 0.000000, 0.000000, 1.000000
-19.6853, -79.6947, 19.0783, 451.5972, 520.6018, 88.6944, 237.9356, 117.2569, 26.3157, -6.2934, 0.283428, 0.847337, 0.449099, -0.079695, -0.951081, 0.308395, 0.018367, 0.019078, -0.122936, -0.432335, 0.893293, 0.451597, 0.000000, 0.000000, 0.000000, 1.000000, -0.122823, -0.432372, 0.893291, 0.520602, -0.283428, -0.847336, -0.449099, 0.088694, 0.951096, -0.308343, -0.018474, 0.237936, 0.000000, 0.000000, 0.000000, 1.000000, -0.031471, -0.063246, -0.997502, 0.117257, -0.997840, -0.055580, 0.035005, 0.026316, -0.057655, 0.996449, -0.061360, -0.006293, 0.000000, 0.000000, 0.000000, 1.000000
-19.6777, -79.7006, 19.0940, 451.5985, 520.6031, 88.7002, 237.9199, 117.2596, 26.3136, -6.2948, 0.283308, 0.847363, 0.449124, -0.079701, -0.951110, 0.308310, 0.018273, 0.019094, -0.122986, -0.432343, 0.893283, 0.451599, 0.000000, 0.000000, 0.000000, 1.000000, -0.122873, -0.432381, 0.893280, 0.520603, -0.283308, -0.847363, -0.449125, 0.088700, 0.951125, -0.308259, -0.018379, 0.237920, 0.000000, 0.000000, 0.000000, 1.000000, -0.031469, -0.063251, -0.997501, 0.117260, -0.997841, -0.055578, 0.035004, 0.026314, -0.057653, 0.996449, -0.061366, -0.006295, 0.000000, 0.000000, 0.000000, 1.000000
-19.6701, -79.7064, 19.1104, 451.6000, 520.6046, 88.7061, 237.9036, 117.2623, 26.3115, -6.2963, 0.283189, 0.847389, 0.449149, -0.079706, -0.951140, 0.308226, 0.018180, 0.019110, -0.123034, -0.432352, 0.893272, 0.451600, 0.000000, 0.000000, 0.000000, 1.000000, -0.122921, -0.432389, 0.893269, 0.520605, -0.283189, -0.847389, -0.449150, 0.088706, 0.951154, -0.308174, -0.018286, 0.237904, 0.000000, 0.000000, 0.000000, 1.000000, -0.031467, -0.063257, -0.997501, 0.117262, -0.997841, -0.055576, 0.035002, 0.026311, -0.057651, 0.996449, -0.061371, -0.006296, 0.000000, 0.000000, 0.000000, 1.000000
-19.6664, -79.7094, 19.1189, 451.6008, 520.6054, 88.7090, 237.8952, 117.2636, 26.3104, -6.2970, 0.283130, 0.847403, 0.449162, -0.079709, -0.951154, 0.308183, 0.018134, 0.019119, -0.123058, -0.432356, 0.893266, 0.451601, 0.000000, 0.000000, 0.000000, 1.000000, -0.122944, -0.432394, 0.893264, 0.520605, -0.283130, -0.847402, -0.449162, 0.088709, 0.951169, -0.308132, -0.018240, 0.237895, 0.000000, 0.000000, 0.000000, 1.000000, -0.031466, -0.063259, -0.997501, 0.117264, -0.997841, -0.055574, 0.035001, 0.026310, -0.057650, 0.996449, -0.061374, -0.006297, 0.000000, 0.000000, 0.000000, 1.000000
