# Joint_6_Angle(deg), Cam_X(mm), Cam_Y(mm), Cam_Z(mm), Torso_X(mm), Torso_Y(mm), Torso_Z(mm), EE_X(mm), EE_Y(mm), EE_Z(mm), T_cam2marker_flat(16), T_torso2marker_flat(16), T_ee2marker_flat(16)
-30.0020, 61.1362, -35.2630, 195.2756, 217.2843, -61.1365, 235.2872, 135.6399, 12.1409, 66.6027, 0.879588, 0.413590, 0.235092, 0.061136, -0.443106, 0.892098, 0.088422, -0.035263, -0.173154, -0.181945, 0.967943, 0.195276, 0.000000, 0.000000, 0.000000, 1.000000, -0.173044, -0.182171, 0.967920, 0.217284, -0.879588, -0.413590, -0.235094, -0.061137, 0.443149, -0.892052, -0.088666, 0.235287, 0.000000, 0.000000, 0.000000, 1.000000, -0.011360, -0.010657, -0.999879, 0.135640, -0.999382, -0.033150, 0.011707, 0.012141, -0.033271, 0.999394, -0.010273, 0.066603, 0.000000, 0.000000, 0.000000, 1.000000
-30.0019, 61.1364, -35.2646, 195.2742, 217.2830, -61.1368, 235.2889, 135.6402, 12.1407, 66.6025, 0.879588, 0.413590, 0.235092, 0.061136, -0.443105, 0.892099, 0.088416, -0.035265, -0.173157, -0.181940, 0.967943, 0.195274, 0.000000, 0.000000, 0.000000, 1.000000, -0.173047, -0.182166, 0.967921, 0.217283, -0.879588, -0.413590, -0.235093, -0.061137, 0.443148, -0.892053, -0.088660, 0.235289, 0.000000, 0.000000, 0.000000, 1.000000, -0.011360, -0.010657, -0.999879, 0.135640, -0.999382, -0.033150, 0.011707, 0.012141, -0.033271, 0.999394, -0.010273, 0.066603, 0.000000, 0.000000, 0.000000, 1.000000
-30.0019, 61.1365, -35.2653, 195.2736, 217.2823, -61.1368, 235.2896, 135.6404, 12.1406, 66.6025, 0.879588, 0.413590, 0.235092, 0.061136, -0.443104, 0.892100, 0.088414, -0.035265, -0.173158, -0.181938, 0.967944, 0.195274, 0.000000, 0.000000, 0.000000, 1.000000, -0.173048, -0.182163, 0.967921, 0.217282, -0.879588, -0.413590, -0.235093, -0.061137, 0.443148, -0.892054, -0.088657, 0.235290, 0.000000, 0.000000, 0.000000, 1.000000, -0.011360, -0.010657, -0.999879, 0.135640, -0.999382, -0.033150, 0.011707, 0.012141, -0.033271, 0.999394, -0.010273, 0.066602, 0.000000, 0.000000, 0.000000, 1.000000
-30.0019, 61.1366, -35.2666, 195.2724, 217.2812, -61.1370, 235.2909, 135.6407, 12.1405, 66.6023, 0.879588, 0.413590, 0.235091, 0.061137, -0.443103, 0.892100, 0.088409, -0.035267, -0.173160, -0.181933, 0.967944, 0.195272, 0.000000, 0.000000, 0.000000, 1.000000, -0.173050, -0.182159, 0.967921, 0.217281, -0.879588, -0.413590, -0.235093, -0.061137, 0.443147, -0.892055, -0.088653, 0.235291, 0.000000, 0.000000, 0.000000, 1.000000, -0.011359, -0.010657, -0.999879, 0.135641, -0.999382, -0.033150, 0.011707, 0.012140, -0.033271, 0.999394, -0.010274, 0.066602, 0.000000, 0.000000, 0.000000, 1.000000
-30.0019, 61.1366, -35.2666, 195.2724, 217.2812, -61.1370, 235.2909, 135.6407, 12.1405, 66.6023, 0.879588, 0.413590, 0.235091, 0.061137, -0.443103, 0.892100, 0.088409, -0.035267, -0.173160, -0.181933, 0.967944, 0.195272, 0.000000, 0.000000, 0.000000, 1.000000, -0.173050, -0.182159, 0.967921, 0.217281, -0.879588, -0.413590, -0.235093, -0.061137, 0.443147, -0.892055, -0.088653, 0.235291, 0.000000, 0.000000, 0.000000, 1.000000, -0.011359, -0.010657, -0.999879, 0.135641, -0.999382, -0.033150, 0.011707, 0.012140, -0.033271, 0.999394, -0.010274, 0.066602, 0.000000, 0.000000, 0.000000, 1.000000
-30.0017, 61.1367, -35.2685, 195.2706, 217.2794, -61.1371, 235.2929, 135.6411, 12.1404, 66.6021, 0.879588, 0.413591, 0.235091, 0.061137, -0.443103, 0.892101, 0.088402, -0.035269, -0.173163, -0.181927, 0.967945, 0.195271, 0.000000, 0.000000, 0.000000, 1.000000, -0.173053, -0.182152, 0.967922, 0.217279, -0.879587, -0.413591, -0.235093, -0.061137, 0.443147, -0.892056, -0.088645, 0.235293, 0.000000, 0.000000, 0.000000, 1.000000, -0.011359, -0.010657, -0.999879, 0.135641, -0.999382, -0.033150, 0.011707, 0.012140, -0.033271, 0.999394, -0.010274, 0.066602, 0.000000, 0.000000, 0.000000, 1.000000
-30.0017, 61.1367, -35.2685, 195.2706, 217.2794, -61.1371, 235.2929, 135.6411, 12.1404, 66.6021, 0.879588, 0.413591, 0.235091, 0.061137, -0.443103, 0.892101, 0.088402, -0.035269, -0.173163, -0.181927, 0.967945, 0.195271, 0.000000, 0.000000, 0.000000, 1.000000, -0.173053, -0.182152, 0.967922, 0.217279, -0.879587, -0.413591, -0.235093, -0.061137, 0.443147, -0.892056, -0.088645, 0.235293, 0.000000, 0.000000, 0.000000, 1.000000, -0.011359, -0.010657, -0.999879, 0.135641, -0.999382, -0.033150, 0.011707, 0.012140, -0.033271, 0.999394, -0.010274, 0.066602, 0.000000, 0.000000, 0.000000, 1.000000
-30.0016, 61.1366, -35.2694, 195.2697, 217.2784, -61.1370, 235.2938, 135.6414, 12.1404, 66.6019, 0.879587, 0.413593, 0.235091, 0.061137, -0.443104, 0.892101, 0.088399, -0.035269, -0.173164, -0.181924, 0.967945, 0.195270, 0.000000, 0.000000, 0.000000, 1.000000, -0.173054, -0.182148, 0.967923, 0.217278, -0.879587, -0.413593, -0.235093, -0.061137, 0.443147, -0.892056, -0.088641, 0.235294, 0.000000, 0.000000, 0.000000, 1.000000, -0.011359, -0.010657, -0.999879, 0.135641, -0.999382, -0.033150, 0.011707, 0.012140, -0.033271, 0.999394, -0.010274, 0.066602, 0.000000, 0.000000, 0.000000, 1.000000
-30.0015, 61.1364, -35.2696, 195.2693, 217.2780, -61.1368, 235.2941, 135.6415, 12.1405, 66.6019, 0.879586, 0.413595, 0.235091, 0.061136, -0.443106, 0.892101, 0.088397, -0.035270, -0.173164, -0.181923, 0.967945, 0.195269, 0.000000, 0.000000, 0.000000, 1.000000, -0.173054, -0.182147, 0.967923, 0.217278, -0.879586, -0.413595, -0.235092, -0.061137, 0.443149, -0.892055, -0.088640, 0.235294, 0.000000, 0.000000, 0.000000, 1.000000, -0.011359, -0.010657, -0.999879, 0.135641, -0.999382, -0.033150, 0.011707, 0.012140, -0.033271, 0.999394, -0.010274, 0.066602, 0.000000, 0.000000, 0.000000, 1.000000
-30.0013, 61.1361, -35.2696, 195.2691, 217.2778, -61.1365, 235.2942, 135.6415, 12.1407, 66.6018, 0.879585, 0.413598, 0.235090, 0.061136, -0.443109, 0.892099, 0.088396, -0.035270, -0.173163, -0.181922, 0.967946, 0.195269, 0.000000, 0.000000, 0.000000, 1.000000, -0.173054, -0.182147, 0.967923, 0.217278, -0.879584, -0.413598, -0.235092, -0.061136, 0.443152, -0.892054, -0.088639, 0.235294, 0.000000, 0.000000, 0.000000, 1.000000, -0.011359, -0.010657, -0.999879, 0.135642, -0.999382, -0.033150, 0.011707, 0.012141, -0.033271, 0.999394, -0.010274, 0.066602, 0.000000, 0.000000, 0.000000, 1.000000
-30.0009, 61.1355, -35.2693, 195.2690, 217.2777, -61.1358, 235.2940, 135.6415, 12.1411, 66.6018, 0.879582, 0.413603, 0.235090, 0.061135, -0.443113, 0.892097, 0.088396, -0.035269, -0.173162, -0.181923, 0.967946, 0.195269, 0.000000, 0.000000, 0.000000, 1.000000, -0.173053, -0.182147, 0.967923, 0.217278, -0.879582, -0.413603, -0.235092, -0.061136, 0.443157, -0.892051, -0.088638, 0.235294, 0.000000, 0.000000, 0.000000, 1.000000, -0.011359, -0.010657, -0.999879, 0.135642, -0.999382, -0.033150, 0.011707, 0.012141, -0.033271, 0.999394, -0.010274, 0.066602, 0.000000, 0.000000, 0.000000, 1.000000
-30.0007, 61.1350, -35.2691, 195.2690, 217.2777, -61.1354, 235.2937, 135.6416, 12.1413, 66.6018, 0.879581, 0.413606, 0.235090, 0.061135, -0.443117, 0.892095, 0.088396, -0.035269, -0.173161, -0.181924, 0.967946, 0.195269, 0.000000, 0.000000, 0.000000, 1.000000, -0.173052, -0.182147, 0.967923, 0.217278, -0.879581, -0.413606, -0.235092, -0.061135, 0.443160, -0.892050, -0.088638, 0.235294, 0.000000, 0.000000, 0.000000, 1.000000, -0.011359, -0.010657, -0.999879, 0.135642, -0.999382, -0.033150, 0.011707, 0.012141, -0.033271, 0.999394, -0.010274, 0.066602, 0.000000, 0.000000, 0.000000, 1.000000
-30.0002, 61.1339, -35.2683, 195.2693, 217.2779, -61.1343, 235.2930, 135.6415, 12.1420, 66.6017, 0.879577, 0.413615, 0.235090, 0.061134, -0.443126, 0.892091, 0.088396, -0.035268, -0.173159, -0.181926, 0.967946, 0.195269, 0.000000, 0.000000, 0.000000, 1.000000, -0.173050, -0.182149, 0.967923, 0.217278, -0.879577, -0.413615, -0.235092, -0.061134, 0.443169, -0.892045, -0.088638, 0.235293, 0.000000, 0.000000, 0.000000, 1.000000, -0.011359, -0.010657, -0.999879, 0.135642, -0.999382, -0.033150, 0.011706, 0.012142, -0.033271, 0.999394, -0.010274, 0.066602, 0.000000, 0.000000, 0.000000, 1.000000
-29.9998, 61.1332, -35.2678, 195.2694, 217.2781, -61.1336, 235.2926, 135.6415, 12.1425, 66.6017, 0.879574, 0.413621, 0.235090, 0.061133, -0.443132, 0.892088, 0.088397, -0.035268, -0.173158, -0.181927, 0.967946, 0.195269, 0.000000, 0.000000, 0.000000, 1.000000, -0.173049, -0.182151, 0.967923, 0.217278, -0.879574, -0.413620, -0.235092, -0.061134, 0.443175, -0.892042, -0.088638, 0.235293, 0.000000, 0.000000, 0.000000, 1.000000, -0.011359, -0.010657, -0.999879, 0.135642, -0.999382, -0.033150, 0.011706, 0.012142, -0.033271, 0.999394, -0.010274, 0.066602, 0.000000, 0.000000, 0.000000, 1.000000
-29.9989, 61.1314, -35.2665, 195.2699, 217.2786, -61.1318, 235.2913, 135.6415, 12.1436, 66.6017, 0.879567, 0.413635, 0.235090, 0.061131, -0.443147, 0.892080, 0.088398, -0.035266, -0.173154, -0.181931, 0.967946, 0.195270, 0.000000, 0.000000, 0.000000, 1.000000, -0.173045, -0.182154, 0.967923, 0.217279, -0.879567, -0.413635, -0.235091, -0.061132, 0.443190, -0.892035, -0.088639, 0.235291, 0.000000, 0.000000, 0.000000, 1.000000, -0.011358, -0.010657, -0.999879, 0.135641, -0.999382, -0.033150, 0.011706, 0.012144, -0.033271, 0.999394, -0.010274, 0.066602, 0.000000, 0.000000, 0.000000, 1.000000
-29.9983, 61.1302, -35.2657, 195.2703, 217.2789, -61.1306, 235.2905, 135.6415, 12.1443, 66.6016, 0.879563, 0.413644, 0.235090, 0.061130, -0.443156, 0.892075, 0.088399, -0.035266, -0.173152, -0.181933, 0.967946, 0.195270, 0.000000, 0.000000, 0.000000, 1.000000, -0.173043, -0.182156, 0.967923, 0.217279, -0.879563, -0.413644, -0.235091, -0.061131, 0.443199, -0.892030, -0.088640, 0.235290, 0.000000, 0.000000, 0.000000, 1.000000, -0.011358, -0.010657, -0.999879, 0.135641, -0.999382, -0.033150, 0.011706, 0.012144, -0.033271, 0.999394, -0.010274, 0.066602, 0.000000, 0.000000, 0.000000, 1.000000
-29.9968, 61.1274, -35.2637, 195.2711, 217.2798, -61.1278, 235.2886, 135.6414, 12.1461, 66.6015, 0.879552, 0.413667, 0.235090, 0.061127, -0.443179, 0.892064, 0.088400, -0.035264, -0.173147, -0.181939, 0.967945, 0.195271, 0.000000, 0.000000, 0.000000, 1.000000, -0.173038, -0.182162, 0.967923, 0.217280, -0.879552, -0.413667, -0.235091, -0.061128, 0.443222, -0.892018, -0.088641, 0.235289, 0.000000, 0.000000, 0.000000, 1.000000, -0.011357, -0.010658, -0.999879, 0.135641, -0.999382, -0.033150, 0.011705, 0.012146, -0.033271, 0.999394, -0.010275, 0.066602, 0.000000, 0.000000, 0.000000, 1.000000
-29.9949, 61.1238, -35.2612, 195.2722, 217.2808, -61.1241, 235.2861, 135.6413, 12.1483, 66.6014, 0.879539, 0.413696, 0.235090, 0.061124, -0.443209, 0.892049, 0.088402, -0.035261, -0.173140, -0.181947, 0.967945, 0.195272, 0.000000, 0.000000, 0.000000, 1.000000, -0.173032, -0.182169, 0.967923, 0.217281, -0.879538, -0.413696, -0.235092, -0.061124, 0.443252, -0.892004, -0.088642, 0.235286, 0.000000, 0.000000, 0.000000, 1.000000, -0.011357, -0.010658, -0.999879, 0.135641, -0.999382, -0.033150, 0.011704, 0.012148, -0.033271, 0.999394, -0.010275, 0.066601, 0.000000, 0.000000, 0.000000, 1.000000
-29.9938, 61.1216, -35.2597, 195.2728, 217.2814, -61.1220, 235.2847, 135.6413, 12.1497, 66.6014, 0.879531, 0.413713, 0.235090, 0.061122, -0.443227, 0.892040, 0.088403, -0.035260, -0.173136, -0.181951, 0.967945, 0.195273, 0.000000, 0.000000, 0.000000, 1.000000, -0.173028, -0.182173, 0.967923, 0.217281, -0.879530, -0.413713, -0.235092, -0.061122, 0.443269, -0.891995, -0.088643, 0.235285, 0.000000, 0.000000, 0.000000, 1.000000, -0.011356, -0.010659, -0.999879, 0.135641, -0.999382, -0.033150, 0.011704, 0.012150, -0.033271, 0.999394, -0.010275, 0.066601, 0.000000, 0.000000, 0.000000, 1.000000
-29.9912, 61.1166, -35.2563, 195.2742, 217.2828, -61.1169, 235.2814, 135.6412, 12.1528, 66.6012, 0.879512, 0.413754, 0.235090, 0.061117, -0.443268, 0.892019, 0.088405, -0.035256, -0.173127, -0.181961, 0.967945, 0.195274, 0.000000, 0.000000, 0.000000, 1.000000, -0.173019, -0.182183, 0.967922, 0.217283, -0.879511, -0.413753, -0.235092, -0.061117, 0.443311, -0.891974, -0.088645, 0.235281, 0.000000, 0.000000, 0.000000, 1.000000, -0.011355, -0.010659, -0.999879, 0.135641, -0.999382, -0.033150, 0.011703, 0.012153, -0.033271, 0.999394, -0.010276, 0.066601, 0.000000, 0.000000, 0.000000, 1.000000
-29.9897, 61.1136, -35.2545, 195.2750, 217.2836, -61.1140, 235.2795, 135.6412, 12.1546, 66.6011, 0.879501, 0.413777, 0.235090, 0.061114, -0.443292, 0.892007, 0.088406, -0.035254, -0.173122, -0.181967, 0.967945, 0.195275, 0.000000, 0.000000, 0.000000, 1.000000, -0.173014, -0.182188, 0.967922, 0.217284, -0.879500, -0.413776, -0.235092, -0.061114, 0.443335, -0.891962, -0.088646, 0.235280, 0.000000, 0.000000, 0.000000, 1.000000, -0.011354, -0.010659, -0.999879, 0.135641, -0.999382, -0.033150, 0.011702, 0.012155, -0.033271, 0.999394, -0.010276, 0.066601, 0.000000, 0.000000, 0.000000, 1.000000
-29.9862, 61.1070, -35.2502, 195.2768, 217.2854, -61.1073, 235.2753, 135.6411, 12.1587, 66.6009, 0.879475, 0.413830, 0.235091, 0.061107, -0.443346, 0.891980, 0.088408, -0.035250, -0.173110, -0.181979, 0.967944, 0.195277, 0.000000, 0.000000, 0.000000, 1.000000, -0.173002, -0.182201, 0.967922, 0.217285, -0.879475, -0.413830, -0.235093, -0.061107, 0.443389, -0.891935, -0.088647, 0.235275, 0.000000, 0.000000, 0.000000, 1.000000, -0.011353, -0.010660, -0.999879, 0.135641, -0.999382, -0.033150, 0.011701, 0.012159, -0.033271, 0.999394, -0.010277, 0.066601, 0.000000, 0.000000, 0.000000, 1.000000
-29.9843, 61.1032, -35.2478, 195.2778, 217.2864, -61.1036, 235.2730, 135.6411, 12.1611, 66.6008, 0.879461, 0.413861, 0.235091, 0.061103, -0.443377, 0.891964, 0.088409, -0.035248, -0.173104, -0.181986, 0.967944, 0.195278, 0.000000, 0.000000, 0.000000, 1.000000, -0.172996, -0.182208, 0.967922, 0.217286, -0.879461, -0.413860, -0.235093, -0.061104, 0.443420, -0.891919, -0.088648, 0.235273, 0.000000, 0.000000, 0.000000, 1.000000, -0.011352, -0.010661, -0.999879, 0.135641, -0.999382, -0.033150, 0.011700, 0.012161, -0.033271, 0.999394, -0.010278, 0.066601, 0.000000, 0.000000, 0.000000, 1.000000
-29.9798, 61.0947, -35.2425, 195.2800, 217.2886, -61.0951, 235.2678, 135.6411, 12.1663, 66.6004, 0.879429, 0.413929, 0.235092, 0.061095, -0.443447, 0.891929, 0.088411, -0.035243, -0.173089, -0.182002, 0.967944, 0.195280, 0.000000, 0.000000, 0.000000, 1.000000, -0.172982, -0.182223, 0.967922, 0.217289, -0.879428, -0.413929, -0.235094, -0.061095, 0.443490, -0.891884, -0.088650, 0.235268, 0.000000, 0.000000, 0.000000, 1.000000, -0.011350, -0.010662, -0.999879, 0.135641, -0.999382, -0.033150, 0.011698, 0.012166, -0.033271, 0.999394, -0.010279, 0.066600, 0.000000, 0.000000, 0.000000, 1.000000
-29.9774, 61.0899, -35.2396, 195.2812, 217.2898, -61.0903, 235.2649, 135.6410, 12.1692, 66.6003, 0.879410, 0.413967, 0.235092, 0.061090, -0.443486, 0.891910, 0.088412, -0.035240, -0.173081, -0.182011, 0.967944, 0.195281, 0.000000, 0.000000, 0.000000, 1.000000, -0.172974, -0.182232, 0.967921, 0.217290, -0.879410, -0.413967, -0.235094, -0.061090, 0.443529, -0.891865, -0.088651, 0.235265, 0.000000, 0.000000, 0.000000, 1.000000, -0.011349, -0.010662, -0.999879, 0.135641, -0.999382, -0.033150, 0.011697, 0.012169, -0.033271, 0.999394, -0.010280, 0.066600, 0.000000, 0.000000, 0.000000, 1.000000
-29.9719, 61.0794, -35.2332, 195.2838, 217.2924, -61.0798, 235.2586, 135.6410, 12.1757, 66.5999, 0.879370, 0.414052, 0.235093, 0.061079, -0.443573, 0.891867, 0.088414, -0.035233, -0.173064, -0.182030, 0.967943, 0.195284, 0.000000, 0.000000, 0.000000, 1.000000, -0.172956, -0.182250, 0.967921, 0.217292, -0.879370, -0.414052, -0.235095, -0.061080, 0.443615, -0.891822, -0.088652, 0.235259, 0.000000, 0.000000, 0.000000, 1.000000, -0.011347, -0.010664, -0.999879, 0.135641, -0.999382, -0.033150, 0.011694, 0.012176, -0.033271, 0.999393, -0.010281, 0.066600, 0.000000, 0.000000, 0.000000, 1.000000
-29.9688, 61.0736, -35.2297, 195.2852, 217.2938, -61.0740, 235.2552, 135.6410, 12.1793, 66.5996, 0.879348, 0.414099, 0.235094, 0.061074, -0.443621, 0.891843, 0.088415, -0.035230, -0.173054, -0.182040, 0.967943, 0.195285, 0.000000, 0.000000, 0.000000, 1.000000, -0.172947, -0.182260, 0.967921, 0.217294, -0.879348, -0.414098, -0.235096, -0.061074, 0.443663, -0.891798, -0.088653, 0.235255, 0.000000, 0.000000, 0.000000, 1.000000, -0.011345, -0.010664, -0.999879, 0.135641, -0.999382, -0.033150, 0.011693, 0.012179, -0.033271, 0.999393, -0.010282, 0.066600, 0.000000, 0.000000, 0.000000, 1.000000
-29.9586, 61.0541, -35.2182, 195.2899, 217.2984, -61.0544, 235.2438, 135.6411, 12.1913, 66.5988, 0.879273, 0.414256, 0.235096, 0.061054, -0.443781, 0.891763, 0.088418, -0.035218, -0.173022, -0.182075, 0.967942, 0.195290, 0.000000, 0.000000, 0.000000, 1.000000, -0.172915, -0.182294, 0.967920, 0.217298, -0.879273, -0.414256, -0.235098, -0.061054, 0.443824, -0.891718, -0.088655, 0.235244, 0.000000, 0.000000, 0.000000, 1.000000, -0.011341, -0.010667, -0.999879, 0.135641, -0.999382, -0.033150, 0.011689, 0.012191, -0.033271, 0.999393, -0.010284, 0.066599, 0.000000, 0.000000, 0.000000, 1.000000
-29.9508, 61.0393, -35.2096, 195.2933, 217.3018, -61.0396, 235.2353, 135.6411, 12.2004, 66.5982, 0.879217, 0.414376, 0.235098, 0.061039, -0.443903, 0.891702, 0.088420, -0.035210, -0.172998, -0.182100, 0.967942, 0.195293, 0.000000, 0.000000, 0.000000, 1.000000, -0.172891, -0.182319, 0.967920, 0.217302, -0.879216, -0.414375, -0.235100, -0.061040, 0.443945, -0.891657, -0.088656, 0.235235, 0.000000, 0.000000, 0.000000, 1.000000, -0.011338, -0.010668, -0.999879, 0.135641, -0.999382, -0.033150, 0.011686, 0.012200, -0.033271, 0.999393, -0.010286, 0.066598, 0.000000, 0.000000, 0.000000, 1.000000
-29.9423, 61.0230, -35.2002, 195.2970, 217.3054, -61.0234, 235.2260, 135.6412, 12.2104, 66.5975, 0.879154, 0.414507, 0.235099, 0.061023, -0.444037, 0.891635, 0.088421, -0.035200, -0.172972, -0.182128, 0.967941, 0.195297, 0.000000, 0.000000, 0.000000, 1.000000, -0.172865, -0.182347, 0.967919, 0.217305, -0.879154, -0.414507, -0.235101, -0.061023, 0.444079, -0.891591, -0.088657, 0.235226, 0.000000, 0.000000, 0.000000, 1.000000, -0.011334, -0.010670, -0.999879, 0.135641, -0.999382, -0.033150, 0.011682, 0.012210, -0.033271, 0.999393, -0.010288, 0.066598, 0.000000, 0.000000, 0.000000, 1.000000
-29.9329, 61.0052, -35.1901, 195.3009, 217.3094, -61.0055, 235.2159, 135.6413, 12.2213, 66.5968, 0.879086, 0.414651, 0.235101, 0.061005, -0.444183, 0.891562, 0.088422, -0.035190, -0.172943, -0.182159, 0.967941, 0.195301, 0.000000, 0.000000, 0.000000, 1.000000, -0.172837, -0.182377, 0.967918, 0.217309, -0.879085, -0.414651, -0.235103, -0.061006, 0.444225, -0.891518, -0.088658, 0.235216, 0.000000, 0.000000, 0.000000, 1.000000, -0.011330, -0.010673, -0.999879, 0.135641, -0.999382, -0.033150, 0.011678, 0.012221, -0.033271, 0.999393, -0.010290, 0.066597, 0.000000, 0.000000, 0.000000, 1.000000
-29.9279, 60.9957, -35.1847, 195.3030, 217.3114, -60.9961, 235.2106, 135.6414, 12.2272, 66.5964, 0.879049, 0.414728, 0.235102, 0.060996, -0.444261, 0.891523, 0.088422, -0.035185, -0.172928, -0.182175, 0.967940, 0.195303, 0.000000, 0.000000, 0.000000, 1.000000, -0.172822, -0.182393, 0.967918, 0.217311, -0.879049, -0.414727, -0.235104, -0.060996, 0.444303, -0.891479, -0.088658, 0.235211, 0.000000, 0.000000, 0.000000, 1.000000, -0.011328, -0.010674, -0.999879, 0.135641, -0.999382, -0.033150, 0.011676, 0.012227, -0.033271, 0.999393, -0.010292, 0.066596, 0.000000, 0.000000, 0.000000, 1.000000
-29.9173, 60.9755, -35.1734, 195.3073, 217.3158, -60.9759, 235.1993, 135.6415, 12.2395, 66.5955, 0.878972, 0.414890, 0.235105, 0.060976, -0.444427, 0.891440, 0.088423, -0.035173, -0.172896, -0.182208, 0.967940, 0.195307, 0.000000, 0.000000, 0.000000, 1.000000, -0.172790, -0.182426, 0.967918, 0.217316, -0.878972, -0.414890, -0.235107, -0.060976, 0.444469, -0.891396, -0.088659, 0.235199, 0.000000, 0.000000, 0.000000, 1.000000, -0.011323, -0.010676, -0.999879, 0.135642, -0.999382, -0.033150, 0.011671, 0.012240, -0.033270, 0.999393, -0.010294, 0.066595, 0.000000, 0.000000, 0.000000, 1.000000
-29.9117, 60.9649, -35.1674, 195.3096, 217.3180, -60.9653, 235.1934, 135.6416, 12.2461, 66.5950, 0.878931, 0.414977, 0.235106, 0.060965, -0.444515, 0.891397, 0.088423, -0.035167, -0.172879, -0.182226, 0.967939, 0.195310, 0.000000, 0.000000, 0.000000, 1.000000, -0.172773, -0.182443, 0.967917, 0.217318, -0.878931, -0.414976, -0.235108, -0.060965, 0.444557, -0.891352, -0.088659, 0.235193, 0.000000, 0.000000, 0.000000, 1.000000, -0.011321, -0.010677, -0.999879, 0.135642, -0.999382, -0.033150, 0.011669, 0.012246, -0.033270, 0.999393, -0.010296, 0.066595, 0.000000, 0.000000, 0.000000, 1.000000
-29.8998, 60.9424, -35.1549, 195.3144, 217.3228, -60.9428, 235.1810, 135.6418, 12.2599, 66.5940, 0.878844, 0.415158, 0.235108, 0.060942, -0.444700, 0.891304, 0.088424, -0.035155, -0.172843, -0.182263, 0.967939, 0.195314, 0.000000, 0.000000, 0.000000, 1.000000, -0.172737, -0.182480, 0.967917, 0.217323, -0.878844, -0.415158, -0.235110, -0.060943, 0.444741, -0.891260, -0.088658, 0.235181, 0.000000, 0.000000, 0.000000, 1.000000, -0.011316, -0.010680, -0.999879, 0.135642, -0.999382, -0.033150, 0.011664, 0.012260, -0.033270, 0.999393, -0.010298, 0.066594, 0.000000, 0.000000, 0.000000, 1.000000
-29.8936, 60.9306, -35.1483, 195.3168, 217.3252, -60.9309, 235.1745, 135.6419, 12.2671, 66.5934, 0.878799, 0.415254, 0.235110, 0.060931, -0.444797, 0.891256, 0.088424, -0.035148, -0.172825, -0.182283, 0.967938, 0.195317, 0.000000, 0.000000, 0.000000, 1.000000, -0.172719, -0.182499, 0.967916, 0.217325, -0.878799, -0.415254, -0.235112, -0.060931, 0.444839, -0.891212, -0.088658, 0.235174, 0.000000, 0.000000, 0.000000, 1.000000, -0.011313, -0.010682, -0.999879, 0.135642, -0.999382, -0.033150, 0.011661, 0.012267, -0.033270, 0.999393, -0.010300, 0.066593, 0.000000, 0.000000, 0.000000, 1.000000
-29.8805, 60.9058, -35.1346, 195.3220, 217.3303, -60.9061, 235.1608, 135.6422, 12.2823, 66.5923, 0.878703, 0.415455, 0.235113, 0.060906, -0.445001, 0.891154, 0.088424, -0.035135, -0.172785, -0.182323, 0.967938, 0.195322, 0.000000, 0.000000, 0.000000, 1.000000, -0.172680, -0.182540, 0.967916, 0.217330, -0.878703, -0.415454, -0.235114, -0.060906, 0.445043, -0.891110, -0.088658, 0.235161, 0.000000, 0.000000, 0.000000, 1.000000, -0.011307, -0.010685, -0.999879, 0.135642, -0.999382, -0.033150, 0.011656, 0.012282, -0.033270, 0.999393, -0.010303, 0.066592, 0.000000, 0.000000, 0.000000, 1.000000
-29.8737, 60.8928, -35.1274, 195.3246, 217.3330, -60.8932, 235.1537, 135.6423, 12.2903, 66.5917, 0.878653, 0.415560, 0.235114, 0.060893, -0.445108, 0.891101, 0.088423, -0.035127, -0.172765, -0.182345, 0.967937, 0.195325, 0.000000, 0.000000, 0.000000, 1.000000, -0.172659, -0.182561, 0.967916, 0.217333, -0.878653, -0.415559, -0.235116, -0.060893, 0.445149, -0.891057, -0.088657, 0.235154, 0.000000, 0.000000, 0.000000, 1.000000, -0.011304, -0.010686, -0.999879, 0.135642, -0.999382, -0.033150, 0.011653, 0.012290, -0.033270, 0.999393, -0.010305, 0.066592, 0.000000, 0.000000, 0.000000, 1.000000
-29.8594, 60.8657, -35.1126, 195.3302, 217.3385, -60.8661, 235.1390, 135.6426, 12.3069, 66.5904, 0.878549, 0.415779, 0.235117, 0.060866, -0.445330, 0.890990, 0.088423, -0.035113, -0.172722, -0.182389, 0.967937, 0.195330, 0.000000, 0.000000, 0.000000, 1.000000, -0.172617, -0.182604, 0.967915, 0.217338, -0.878548, -0.415779, -0.235119, -0.060866, 0.445372, -0.890946, -0.088656, 0.235139, 0.000000, 0.000000, 0.000000, 1.000000, -0.011298, -0.010689, -0.999879, 0.135643, -0.999383, -0.033150, 0.011647, 0.012307, -0.033270, 0.999393, -0.010308, 0.066590, 0.000000, 0.000000, 0.000000, 1.000000
-29.8520, 60.8516, -35.1049, 195.3330, 217.3413, -60.8520, 235.1313, 135.6428, 12.3155, 66.5898, 0.878494, 0.415893, 0.235119, 0.060852, -0.445446, 0.890932, 0.088423, -0.035105, -0.172700, -0.182411, 0.967936, 0.195333, 0.000000, 0.000000, 0.000000, 1.000000, -0.172595, -0.182627, 0.967915, 0.217341, -0.878494, -0.415893, -0.235120, -0.060852, 0.445488, -0.890888, -0.088656, 0.235131, 0.000000, 0.000000, 0.000000, 1.000000, -0.011295, -0.010691, -0.999879, 0.135643, -0.999383, -0.033150, 0.011644, 0.012315, -0.033270, 0.999393, -0.010310, 0.066590, 0.000000, 0.000000, 0.000000, 1.000000
-29.8365, 60.8224, -35.0889, 195.3389, 217.3472, -60.8227, 235.1154, 135.6431, 12.3334, 66.5884, 0.878381, 0.416130, 0.235122, 0.060822, -0.445687, 0.890811, 0.088422, -0.035089, -0.172654, -0.182459, 0.967936, 0.195339, 0.000000, 0.000000, 0.000000, 1.000000, -0.172549, -0.182673, 0.967914, 0.217347, -0.878381, -0.416129, -0.235124, -0.060823, 0.445728, -0.890768, -0.088654, 0.235115, 0.000000, 0.000000, 0.000000, 1.000000, -0.011288, -0.010695, -0.999879, 0.135643, -0.999383, -0.033150, 0.011637, 0.012333, -0.033270, 0.999393, -0.010314, 0.066588, 0.000000, 0.000000, 0.000000, 1.000000
-29.8204, 60.7917, -35.0722, 195.3450, 217.3533, -60.7921, 235.0988, 135.6435, 12.3522, 66.5869, 0.878263, 0.416378, 0.235125, 0.060792, -0.445939, 0.890685, 0.088420, -0.035072, -0.172606, -0.182508, 0.967935, 0.195345, 0.000000, 0.000000, 0.000000, 1.000000, -0.172501, -0.182722, 0.967913, 0.217353, -0.878262, -0.416378, -0.235127, -0.060792, 0.445980, -0.890642, -0.088652, 0.235099, 0.000000, 0.000000, 0.000000, 1.000000, -0.011281, -0.010698, -0.999879, 0.135644, -0.999383, -0.033150, 0.011631, 0.012352, -0.033270, 0.999393, -0.010318, 0.066587, 0.000000, 0.000000, 0.000000, 1.000000
-29.8120, 60.7759, -35.0636, 195.3481, 217.3564, -60.7763, 235.0902, 135.6437, 12.3619, 66.5862, 0.878202, 0.416506, 0.235127, 0.060776, -0.446069, 0.890620, 0.088420, -0.035064, -0.172582, -0.182533, 0.967935, 0.195348, 0.000000, 0.000000, 0.000000, 1.000000, -0.172476, -0.182747, 0.967913, 0.217356, -0.878201, -0.416506, -0.235129, -0.060776, 0.446110, -0.890576, -0.088651, 0.235090, 0.000000, 0.000000, 0.000000, 1.000000, -0.011278, -0.010700, -0.999879, 0.135644, -0.999383, -0.033150, 0.011627, 0.012362, -0.033270, 0.999393, -0.010320, 0.066586, 0.000000, 0.000000, 0.000000, 1.000000
-29.7948, 60.7433, -35.0458, 195.3546, 217.3628, -60.7436, 235.0726, 135.6441, 12.3819, 66.5846, 0.878075, 0.416770, 0.235131, 0.060743, -0.446337, 0.890486, 0.088418, -0.035046, -0.172531, -0.182585, 0.967934, 0.195355, 0.000000, 0.000000, 0.000000, 1.000000, -0.172426, -0.182799, 0.967912, 0.217363, -0.878075, -0.416770, -0.235133, -0.060744, 0.446378, -0.890442, -0.088649, 0.235073, 0.000000, 0.000000, 0.000000, 1.000000, -0.011270, -0.010704, -0.999879, 0.135644, -0.999383, -0.033150, 0.011620, 0.012382, -0.033270, 0.999393, -0.010324, 0.066585, 0.000000, 0.000000, 0.000000, 1.000000
-29.7859, 60.7265, -35.0367, 195.3578, 217.3661, -60.7268, 235.0636, 135.6444, 12.3921, 66.5838, 0.878010, 0.416906, 0.235133, 0.060726, -0.446475, 0.890417, 0.088417, -0.035037, -0.172504, -0.182612, 0.967933, 0.195358, 0.000000, 0.000000, 0.000000, 1.000000, -0.172399, -0.182825, 0.967912, 0.217366, -0.878010, -0.416906, -0.235134, -0.060727, 0.446516, -0.890373, -0.088648, 0.235064, 0.000000, 0.000000, 0.000000, 1.000000, -0.011267, -0.010706, -0.999879, 0.135644, -0.999383, -0.033150, 0.011616, 0.012392, -0.033270, 0.999393, -0.010326, 0.066584, 0.000000, 0.000000, 0.000000, 1.000000
-29.7584, 60.6744, -35.0085, 195.3680, 217.3762, -60.6748, 235.0355, 135.6451, 12.4240, 66.5812, 0.877809, 0.417327, 0.235138, 0.060674, -0.446903, 0.890202, 0.088414, -0.035009, -0.172423, -0.182695, 0.967932, 0.195368, 0.000000, 0.000000, 0.000000, 1.000000, -0.172318, -0.182907, 0.967911, 0.217376, -0.877808, -0.417327, -0.235140, -0.060675, 0.446944, -0.890159, -0.088645, 0.235036, 0.000000, 0.000000, 0.000000, 1.000000, -0.011255, -0.010713, -0.999879, 0.135645, -0.999383, -0.033150, 0.011604, 0.012424, -0.033270, 0.999393, -0.010333, 0.066581, 0.000000, 0.000000, 0.000000, 1.000000
-29.7490, 60.6566, -34.9989, 195.3714, 217.3796, -60.6569, 235.0259, 135.6453, 12.4349, 66.5804, 0.877739, 0.417472, 0.235140, 0.060657, -0.447050, 0.890129, 0.088413, -0.034999, -0.172395, -0.182723, 0.967932, 0.195371, 0.000000, 0.000000, 0.000000, 1.000000, -0.172291, -0.182935, 0.967910, 0.217380, -0.877739, -0.417471, -0.235142, -0.060657, 0.447091, -0.890086, -0.088643, 0.235026, 0.000000, 0.000000, 0.000000, 1.000000, -0.011251, -0.010715, -0.999879, 0.135645, -0.999383, -0.033150, 0.011600, 0.012435, -0.033270, 0.999393, -0.010335, 0.066580, 0.000000, 0.000000, 0.000000, 1.000000
-29.7298, 60.6193, -34.9742, 195.3823, 217.3904, -60.6196, 235.0013, 135.6448, 12.4579, 66.5791, 0.877597, 0.417768, 0.235143, 0.060619, -0.447354, 0.889975, 0.088428, -0.034974, -0.172329, -0.182796, 0.967930, 0.195382, 0.000000, 0.000000, 0.000000, 1.000000, -0.172225, -0.183008, 0.967908, 0.217390, -0.877597, -0.417768, -0.235145, -0.060620, 0.447395, -0.889931, -0.088658, 0.235001, 0.000000, 0.000000, 0.000000, 1.000000, -0.011243, -0.010719, -0.999879, 0.135645, -0.999383, -0.033149, 0.011592, 0.012458, -0.033270, 0.999393, -0.010340, 0.066579, 0.000000, 0.000000, 0.000000, 1.000000
-29.7101, 60.5812, -34.9495, 195.3929, 217.4011, -60.5816, 234.9766, 135.6444, 12.4813, 66.5777, 0.877452, 0.418071, 0.235147, 0.060581, -0.447664, 0.889817, 0.088441, -0.034950, -0.172263, -0.182869, 0.967928, 0.195393, 0.000000, 0.000000, 0.000000, 1.000000, -0.172158, -0.183081, 0.967906, 0.217401, -0.877452, -0.418071, -0.235148, -0.060582, 0.447705, -0.889774, -0.088670, 0.234977, 0.000000, 0.000000, 0.000000, 1.000000, -0.011234, -0.010724, -0.999879, 0.135644, -0.999383, -0.033149, 0.011584, 0.012481, -0.033270, 0.999393, -0.010345, 0.066578, 0.000000, 0.000000, 0.000000, 1.000000
-29.7002, 60.5620, -34.9372, 195.3981, 217.4063, -60.5623, 234.9643, 135.6442, 12.4932, 66.5770, 0.877378, 0.418225, 0.235148, 0.060562, -0.447821, 0.889738, 0.088446, -0.034937, -0.172230, -0.182905, 0.967927, 0.195398, 0.000000, 0.000000, 0.000000, 1.000000, -0.172125, -0.183117, 0.967905, 0.217406, -0.877378, -0.418225, -0.235150, -0.060562, 0.447862, -0.889694, -0.088676, 0.234964, 0.000000, 0.000000, 0.000000, 1.000000, -0.011230, -0.010726, -0.999879, 0.135644, -0.999383, -0.033149, 0.011580, 0.012493, -0.033270, 0.999393, -0.010347, 0.066577, 0.000000, 0.000000, 0.000000, 1.000000
-29.6799, 60.5230, -34.9128, 195.4084, 217.4165, -60.5233, 234.9399, 135.6440, 12.5172, 66.5754, 0.877229, 0.418537, 0.235152, 0.060523, -0.448140, 0.889576, 0.088457, -0.034913, -0.172163, -0.182978, 0.967925, 0.195408, 0.000000, 0.000000, 0.000000, 1.000000, -0.172059, -0.183189, 0.967904, 0.217417, -0.877229, -0.418536, -0.235154, -0.060523, 0.448181, -0.889533, -0.088686, 0.234940, 0.000000, 0.000000, 0.000000, 1.000000, -0.011221, -0.010730, -0.999879, 0.135644, -0.999383, -0.033149, 0.011571, 0.012517, -0.033270, 0.999393, -0.010352, 0.066575, 0.000000, 0.000000, 0.000000, 1.000000
-29.6799, 60.5230, -34.9128, 195.4084, 217.4165, -60.5233, 234.9399, 135.6440, 12.5172, 66.5754, 0.877229, 0.418537, 0.235152, 0.060523, -0.448140, 0.889576, 0.088457, -0.034913, -0.172163, -0.182978, 0.967925, 0.195408, 0.000000, 0.000000, 0.000000, 1.000000, -0.172059, -0.183189, 0.967904, 0.217417, -0.877229, -0.418536, -0.235154, -0.060523, 0.448181, -0.889533, -0.088686, 0.234940, 0.000000, 0.000000, 0.000000, 1.000000, -0.011221, -0.010730, -0.999879, 0.135644, -0.999383, -0.033149, 0.011571, 0.012517, -0.033270, 0.999393, -0.010352, 0.066575, 0.000000, 0.000000, 0.000000, 1.000000
-29.6490, 60.4636, -34.8765, 195.4232, 217.4313, -60.4639, 234.9037, 135.6439, 12.5537, 66.5730, 0.877000, 0.419013, 0.235158, 0.060464, -0.448625, 0.889330, 0.088468, -0.034876, -0.172064, -0.183084, 0.967923, 0.195423, 0.000000, 0.000000, 0.000000, 1.000000, -0.171959, -0.183295, 0.967901, 0.217431, -0.877000, -0.419012, -0.235160, -0.060464, 0.448666, -0.889287, -0.088697, 0.234904, 0.000000, 0.000000, 0.000000, 1.000000, -0.011208, -0.010738, -0.999880, 0.135644, -0.999384, -0.033149, 0.011558, 0.012554, -0.033269, 0.999393, -0.010359, 0.066573, 0.000000, 0.000000, 0.000000, 1.000000
-29.6386, 60.4436, -34.8646, 195.4279, 217.4360, -60.4440, 234.8918, 135.6439, 12.5659, 66.5721, 0.876923, 0.419173, 0.235160, 0.060444, -0.448789, 0.889248, 0.088471, -0.034865, -0.172031, -0.183119, 0.967922, 0.195428, 0.000000, 0.000000, 0.000000, 1.000000, -0.171926, -0.183330, 0.967901, 0.217436, -0.876923, -0.419173, -0.235162, -0.060444, 0.448830, -0.889204, -0.088700, 0.234892, 0.000000, 0.000000, 0.000000, 1.000000, -0.011203, -0.010740, -0.999880, 0.135644, -0.999384, -0.033149, 0.011554, 0.012566, -0.033269, 0.999393, -0.010362, 0.066572, 0.000000, 0.000000, 0.000000, 1.000000
-29.6175, 60.4034, -34.8409, 195.4372, 217.4453, -60.4038, 234.8682, 135.6440, 12.5906, 66.5703, 0.876768, 0.419496, 0.235164, 0.060403, -0.449118, 0.889081, 0.088475, -0.034841, -0.171965, -0.183188, 0.967920, 0.195437, 0.000000, 0.000000, 0.000000, 1.000000, -0.171860, -0.183399, 0.967899, 0.217445, -0.876767, -0.419495, -0.235166, -0.060404, 0.449158, -0.889038, -0.088704, 0.234868, 0.000000, 0.000000, 0.000000, 1.000000, -0.011194, -0.010745, -0.999880, 0.135644, -0.999384, -0.033149, 0.011545, 0.012591, -0.033269, 0.999393, -0.010367, 0.066570, 0.000000, 0.000000, 0.000000, 1.000000
-29.5963, 60.3630, -34.8176, 195.4462, 217.4542, -60.3634, 234.8449, 135.6443, 12.6154, 66.5684, 0.876611, 0.419821, 0.235168, 0.060363, -0.449449, 0.888914, 0.088478, -0.034818, -0.171899, -0.183257, 0.967919, 0.195446, 0.000000, 0.000000, 0.000000, 1.000000, -0.171795, -0.183467, 0.967898, 0.217454, -0.876610, -0.419821, -0.235170, -0.060363, 0.449489, -0.888870, -0.088706, 0.234845, 0.000000, 0.000000, 0.000000, 1.000000, -0.011185, -0.010749, -0.999880, 0.135644, -0.999384, -0.033149, 0.011536, 0.012615, -0.033269, 0.999393, -0.010372, 0.066568, 0.000000, 0.000000, 0.000000, 1.000000
-29.5857, 60.3427, -34.8061, 195.4505, 217.4586, -60.3431, 234.8334, 135.6444, 12.6278, 66.5674, 0.876532, 0.419984, 0.235170, 0.060343, -0.449615, 0.888830, 0.088478, -0.034806, -0.171867, -0.183290, 0.967919, 0.195450, 0.000000, 0.000000, 0.000000, 1.000000, -0.171762, -0.183501, 0.967897, 0.217459, -0.876532, -0.419984, -0.235172, -0.060343, 0.449656, -0.888786, -0.088707, 0.234833, 0.000000, 0.000000, 0.000000, 1.000000, -0.011180, -0.010752, -0.999880, 0.135644, -0.999384, -0.033149, 0.011531, 0.012628, -0.033269, 0.999393, -0.010375, 0.066567, 0.000000, 0.000000, 0.000000, 1.000000
-29.5643, 60.3022, -34.7833, 195.4589, 217.4670, -60.3025, 234.8107, 135.6448, 12.6527, 66.5654, 0.876374, 0.420312, 0.235175, 0.060302, -0.449948, 0.888661, 0.088478, -0.034783, -0.171802, -0.183356, 0.967918, 0.195459, 0.000000, 0.000000, 0.000000, 1.000000, -0.171698, -0.183566, 0.967896, 0.217467, -0.876373, -0.420311, -0.235176, -0.060303, 0.449988, -0.888618, -0.088706, 0.234811, 0.000000, 0.000000, 0.000000, 1.000000, -0.011171, -0.010757, -0.999880, 0.135645, -0.999384, -0.033149, 0.011522, 0.012653, -0.033269, 0.999393, -0.010380, 0.066565, 0.000000, 0.000000, 0.000000, 1.000000
-29.5536, 60.2819, -34.7721, 195.4630, 217.4711, -60.2822, 234.7995, 135.6451, 12.6651, 66.5644, 0.876295, 0.420475, 0.235177, 0.060282, -0.450114, 0.888577, 0.088478, -0.034772, -0.171770, -0.183389, 0.967917, 0.195463, 0.000000, 0.000000, 0.000000, 1.000000, -0.171666, -0.183599, 0.967896, 0.217471, -0.876294, -0.420475, -0.235179, -0.060282, 0.450155, -0.888534, -0.088706, 0.234800, 0.000000, 0.000000, 0.000000, 1.000000, -0.011167, -0.010759, -0.999880, 0.135645, -0.999384, -0.033149, 0.011518, 0.012665, -0.033269, 0.999393, -0.010382, 0.066564, 0.000000, 0.000000, 0.000000, 1.000000
-29.5322, 60.2413, -34.7499, 195.4710, 217.4790, -60.2417, 234.7774, 135.6456, 12.6899, 66.5623, 0.876136, 0.420803, 0.235181, 0.060241, -0.450447, 0.888408, 0.088475, -0.034750, -0.171706, -0.183453, 0.967916, 0.195471, 0.000000, 0.000000, 0.000000, 1.000000, -0.171602, -0.183663, 0.967895, 0.217479, -0.876136, -0.420803, -0.235183, -0.060242, 0.450488, -0.888365, -0.088703, 0.234777, 0.000000, 0.000000, 0.000000, 1.000000, -0.011157, -0.010764, -0.999880, 0.135646, -0.999384, -0.033149, 0.011509, 0.012690, -0.033269, 0.999392, -0.010388, 0.066562, 0.000000, 0.000000, 0.000000, 1.000000
-29.5215, 60.2210, -34.7390, 195.4748, 217.4828, -60.2214, 234.7665, 135.6459, 12.7023, 66.5613, 0.876057, 0.420967, 0.235184, 0.060221, -0.450613, 0.888324, 0.088474, -0.034739, -0.171675, -0.183485, 0.967916, 0.195475, 0.000000, 0.000000, 0.000000, 1.000000, -0.171570, -0.183694, 0.967895, 0.217483, -0.876056, -0.420967, -0.235185, -0.060221, 0.450654, -0.888281, -0.088701, 0.234767, 0.000000, 0.000000, 0.000000, 1.000000, -0.011153, -0.010766, -0.999880, 0.135646, -0.999384, -0.033149, 0.011504, 0.012702, -0.033269, 0.999392, -0.010390, 0.066561, 0.000000, 0.000000, 0.000000, 1.000000
-29.5001, 60.1806, -34.7174, 195.4823, 217.4903, -60.1810, 234.7450, 135.6466, 12.7271, 66.5591, 0.875898, 0.421294, 0.235188, 0.060181, -0.450945, 0.888156, 0.088470, -0.034717, -0.171612, -0.183547, 0.967915, 0.195482, 0.000000, 0.000000, 0.000000, 1.000000, -0.171508, -0.183756, 0.967894, 0.217490, -0.875898, -0.421294, -0.235190, -0.060181, 0.450985, -0.888113, -0.088697, 0.234745, 0.000000, 0.000000, 0.000000, 1.000000, -0.011144, -0.010771, -0.999880, 0.135647, -0.999384, -0.033149, 0.011495, 0.012727, -0.033269, 0.999392, -0.010395, 0.066559, 0.000000, 0.000000, 0.000000, 1.000000
-29.4894, 60.1605, -34.7068, 195.4859, 217.4939, -60.1609, 234.7344, 135.6469, 12.7394, 66.5580, 0.875819, 0.421457, 0.235190, 0.060161, -0.451111, 0.888073, 0.088467, -0.034707, -0.171581, -0.183578, 0.967915, 0.195486, 0.000000, 0.000000, 0.000000, 1.000000, -0.171477, -0.183787, 0.967894, 0.217494, -0.875819, -0.421457, -0.235192, -0.060161, 0.451151, -0.888029, -0.088694, 0.234734, 0.000000, 0.000000, 0.000000, 1.000000, -0.011139, -0.010774, -0.999880, 0.135647, -0.999384, -0.033149, 0.011491, 0.012739, -0.033269, 0.999392, -0.010398, 0.066558, 0.000000, 0.000000, 0.000000, 1.000000
-29.4788, 60.1404, -34.6962, 195.4894, 217.4975, -60.1408, 234.7239, 135.6473, 12.7517, 66.5569, 0.875740, 0.421620, 0.235193, 0.060140, -0.451276, 0.887989, 0.088464, -0.034696, -0.171550, -0.183608, 0.967915, 0.195489, 0.000000, 0.000000, 0.000000, 1.000000, -0.171446, -0.183817, 0.967893, 0.217497, -0.875740, -0.421620, -0.235194, -0.060141, 0.451316, -0.887946, -0.088691, 0.234724, 0.000000, 0.000000, 0.000000, 1.000000, -0.011134, -0.010776, -0.999880, 0.135647, -0.999384, -0.033149, 0.011486, 0.012752, -0.033269, 0.999392, -0.010400, 0.066557, 0.000000, 0.000000, 0.000000, 1.000000
-29.4576, 60.1005, -34.6754, 195.4963, 217.5043, -60.1008, 234.7031, 135.6481, 12.7761, 66.5547, 0.875583, 0.421944, 0.235197, 0.060100, -0.451604, 0.887823, 0.088458, -0.034675, -0.171489, -0.183668, 0.967914, 0.195496, 0.000000, 0.000000, 0.000000, 1.000000, -0.171385, -0.183877, 0.967893, 0.217504, -0.875583, -0.421944, -0.235199, -0.060101, 0.451644, -0.887780, -0.088684, 0.234703, 0.000000, 0.000000, 0.000000, 1.000000, -0.011125, -0.010781, -0.999880, 0.135648, -0.999385, -0.033149, 0.011477, 0.012776, -0.033269, 0.999392, -0.010406, 0.066555, 0.000000, 0.000000, 0.000000, 1.000000
-29.4470, 60.0806, -34.6652, 195.4997, 217.5077, -60.0810, 234.6929, 135.6485, 12.7882, 66.5536, 0.875505, 0.422105, 0.235199, 0.060081, -0.451767, 0.887740, 0.088454, -0.034665, -0.171459, -0.183697, 0.967914, 0.195500, 0.000000, 0.000000, 0.000000, 1.000000, -0.171355, -0.183906, 0.967893, 0.217508, -0.875504, -0.422105, -0.235201, -0.060081, 0.451807, -0.887697, -0.088681, 0.234693, 0.000000, 0.000000, 0.000000, 1.000000, -0.011121, -0.010783, -0.999880, 0.135648, -0.999385, -0.033149, 0.011473, 0.012788, -0.033269, 0.999392, -0.010408, 0.066554, 0.000000, 0.000000, 0.000000, 1.000000
