# Joint_A_Angle(deg), Cam_X(mm), Cam_Y(mm), Cam_Z(mm), Torso_X(mm), Torso_Y(mm), Torso_Z(mm), EE_X(mm), EE_Y(mm), EE_Z(mm), T_cam2marker_flat(16), T_torso2marker_flat(16), T_ee2marker_flat(16)
-19.9987, 91.8257, 110.4586, 486.9136, 555.9086, -82.8260, 146.5655, 103.5255, 10.7527, -20.8387, -0.371662, -0.794496, -0.480253, 0.091826, 0.876199, -0.129223, -0.464302, 0.110459, 0.306827, -0.593361, 0.744164, 0.486914, 0.000000, 0.000000, 0.000000, 1.000000, 0.306746, -0.593348, 0.744208, 0.555909, 0.371662, 0.794497, 0.480252, -0.082826, -0.876227, 0.129278, 0.464233, 0.146566, 0.000000, 0.000000, 0.000000, 1.000000, 0.002999, 0.040602, -0.999171, 0.103525, -0.998131, -0.060868, -0.005469, 0.010753, -0.061040, 0.997320, 0.040344, -0.020839, 0.000000, 0.000000, 0.000000, 1.000000
-19.9987, 91.8259, 110.4554, 486.9132, 555.9082, -82.8262, 146.5689, 103.5255, 10.7527, -20.8387, -0.371660, -0.794497, -0.480253, 0.091826, 0.876198, -0.129218, -0.464306, 0.110455, 0.306832, -0.593361, 0.744162, 0.486913, 0.000000, 0.000000, 0.000000, 1.000000, 0.306752, -0.593348, 0.744205, 0.555908, 0.371660, 0.794498, 0.480253, -0.082826, -0.876226, 0.129273, 0.464237, 0.146569, 0.000000, 0.000000, 0.000000, 1.000000, 0.002999, 0.040602, -0.999171, 0.103525, -0.998131, -0.060868, -0.005469, 0.010753, -0.061040, 0.997320, 0.040344, -0.020839, 0.000000, 0.000000, 0.000000, 1.000000
-19.9987, 91.8260, 110.4539, 486.9130, 555.9080, -82.8263, 146.5703, 103.5255, 10.7527, -20.8387, -0.371659, -0.794497, -0.480253, 0.091826, 0.876197, -0.129216, -0.464308, 0.110454, 0.306835, -0.593361, 0.744161, 0.486913, 0.000000, 0.000000, 0.000000, 1.000000, 0.306754, -0.593348, 0.744204, 0.555908, 0.371659, 0.794498, 0.480253, -0.082826, -0.876226, 0.129270, 0.464239, 0.146570, 0.000000, 0.000000, 0.000000, 1.000000, 0.002999, 0.040602, -0.999171, 0.103525, -0.998131, -0.060868, -0.005469, 0.010753, -0.061040, 0.997320, 0.040344, -0.020839, 0.000000, 0.000000, 0.000000, 1.000000
-19.9987, 91.8262, 110.4504, 486.9125, 555.9076, -82.8266, 146.5740, 103.5255, 10.7526, -20.8387, -0.371657, -0.794498, -0.480254, 0.091826, 0.876196, -0.129210, -0.464312, 0.110450, 0.306841, -0.593361, 0.744158, 0.486913, 0.000000, 0.000000, 0.000000, 1.000000, 0.306761, -0.593349, 0.744201, 0.555908, 0.371657, 0.794499, 0.480253, -0.082827, -0.876224, 0.129265, 0.464243, 0.146574, 0.000000, 0.000000, 0.000000, 1.000000, 0.002999, 0.040602, -0.999171, 0.103526, -0.998131, -0.060868, -0.005469, 0.010753, -0.061040, 0.997320, 0.040344, -0.020839, 0.000000, 0.000000, 0.000000, 1.000000
-19.9987, 91.8264, 110.4486, 486.9123, 555.9074, -82.8267, 146.5759, 103.5255, 10.7526, -20.8387, -0.371656, -0.794499, -0.480254, 0.091826, 0.876195, -0.129207, -0.464314, 0.110449, 0.306844, -0.593361, 0.744157, 0.486912, 0.000000, 0.000000, 0.000000, 1.000000, 0.306764, -0.593349, 0.744200, 0.555907, 0.371656, 0.794499, 0.480253, -0.082827, -0.876224, 0.129261, 0.464245, 0.146576, 0.000000, 0.000000, 0.000000, 1.000000, 0.002999, 0.040602, -0.999171, 0.103526, -0.998131, -0.060868, -0.005469, 0.010753, -0.061040, 0.997320, 0.040344, -0.020839, 0.000000, 0.000000, 0.000000, 1.000000
-19.9987, 91.8259, 110.4599, 486.9139, 555.9089, -82.8262, 146.5645, 103.5255, 10.7526, -20.8387, -0.371659, -0.794497, -0.480254, 0.091826, 0.876200, -0.129222, -0.464300, 0.110460, 0.306826, -0.593360, 0.744165, 0.486914, 0.000000, 0.000000, 0.000000, 1.000000, 0.306746, -0.593348, 0.744208, 0.555909, 0.371659, 0.794497, 0.480254, -0.082826, -0.876229, 0.129276, 0.464232, 0.146564, 0.000000, 0.000000, 0.000000, 1.000000, 0.002998, 0.040602, -0.999171, 0.103525, -0.998131, -0.060868, -0.005469, 0.010753, -0.061040, 0.997320, 0.040344, -0.020839, 0.000000, 0.000000, 0.000000, 1.000000
-19.9987, 91.8257, 110.4654, 486.9146, 555.9097, -82.8260, 146.5590, 103.5255, 10.7526, -20.8386, -0.371661, -0.794496, -0.480254, 0.091826, 0.876203, -0.129228, -0.464293, 0.110465, 0.306817, -0.593360, 0.744169, 0.486915, 0.000000, 0.000000, 0.000000, 1.000000, 0.306736, -0.593348, 0.744212, 0.555910, 0.371661, 0.794496, 0.480254, -0.082826, -0.876231, 0.129283, 0.464225, 0.146559, 0.000000, 0.000000, 0.000000, 1.000000, 0.002998, 0.040602, -0.999171, 0.103525, -0.998131, -0.060868, -0.005469, 0.010753, -0.061040, 0.997320, 0.040344, -0.020839, 0.000000, 0.000000, 0.000000, 1.000000
-19.9985, 91.8253, 110.4802, 486.9166, 555.9116, -82.8256, 146.5441, 103.5255, 10.7525, -20.8386, -0.371662, -0.794494, -0.480256, 0.091825, 0.876211, -0.129246, -0.464273, 0.110480, 0.306791, -0.593358, 0.744181, 0.486917, 0.000000, 0.000000, 0.000000, 1.000000, 0.306710, -0.593346, 0.744224, 0.555912, 0.371662, 0.794495, 0.480256, -0.082826, -0.876240, 0.129300, 0.464204, 0.146544, 0.000000, 0.000000, 0.000000, 1.000000, 0.002998, 0.040602, -0.999171, 0.103525, -0.998131, -0.060868, -0.005469, 0.010753, -0.061040, 0.997320, 0.040344, -0.020839, 0.000000, 0.000000, 0.000000, 1.000000
-19.9984, 91.8253, 110.4845, 486.9171, 555.9121, -82.8256, 146.5398, 103.5255, 10.7525, -20.8386, -0.371661, -0.794494, -0.480257, 0.091825, 0.876215, -0.129250, -0.464265, 0.110484, 0.306783, -0.593358, 0.744185, 0.486917, 0.000000, 0.000000, 0.000000, 1.000000, 0.306702, -0.593345, 0.744228, 0.555912, 0.371661, 0.794495, 0.480256, -0.082826, -0.876243, 0.129305, 0.464197, 0.146540, 0.000000, 0.000000, 0.000000, 1.000000, 0.002998, 0.040602, -0.999171, 0.103525, -0.998131, -0.060868, -0.005469, 0.010752, -0.061040, 0.997320, 0.040344, -0.020839, 0.000000, 0.000000, 0.000000, 1.000000
-19.9982, 91.8253, 110.4884, 486.9175, 555.9125, -82.8257, 146.5358, 103.5255, 10.7524, -20.8386, -0.371659, -0.794495, -0.480258, 0.091825, 0.876218, -0.129254, -0.464258, 0.110488, 0.306775, -0.593357, 0.744189, 0.486917, 0.000000, 0.000000, 0.000000, 1.000000, 0.306694, -0.593344, 0.744232, 0.555913, 0.371659, 0.794495, 0.480258, -0.082826, -0.876247, 0.129309, 0.464189, 0.146536, 0.000000, 0.000000, 0.000000, 1.000000, 0.002998, 0.040602, -0.999171, 0.103525, -0.998131, -0.060868, -0.005469, 0.010752, -0.061039, 0.997320, 0.040344, -0.020839, 0.000000, 0.000000, 0.000000, 1.000000
-19.9971, 91.8260, 110.4978, 486.9182, 555.9132, -82.8263, 146.5263, 103.5256, 10.7521, -20.8387, -0.371647, -0.794497, -0.480263, 0.091826, 0.876231, -0.129258, -0.464231, 0.110498, 0.306753, -0.593352, 0.744202, 0.486918, 0.000000, 0.000000, 0.000000, 1.000000, 0.306672, -0.593340, 0.744245, 0.555913, 0.371647, 0.794498, 0.480263, -0.082826, -0.876260, 0.129313, 0.464163, 0.146526, 0.000000, 0.000000, 0.000000, 1.000000, 0.002998, 0.040602, -0.999171, 0.103526, -0.998131, -0.060867, -0.005469, 0.010752, -0.061039, 0.997320, 0.040344, -0.020839, 0.000000, 0.000000, 0.000000, 1.000000
-19.9966, 91.8264, 110.5000, 486.9182, 555.9132, -82.8268, 146.5241, 103.5256, 10.7519, -20.8387, -0.371640, -0.794499, -0.480266, 0.091826, 0.876237, -0.129257, -0.464221, 0.110500, 0.306745, -0.593350, 0.744206, 0.486918, 0.000000, 0.000000, 0.000000, 1.000000, 0.306665, -0.593337, 0.744250, 0.555913, 0.371640, 0.794499, 0.480265, -0.082827, -0.876265, 0.129312, 0.464153, 0.146524, 0.000000, 0.000000, 0.000000, 1.000000, 0.002999, 0.040602, -0.999171, 0.103526, -0.998131, -0.060867, -0.005469, 0.010752, -0.061039, 0.997320, 0.040344, -0.020839, 0.000000, 0.000000, 0.000000, 1.000000
-19.9953, 91.8276, 110.5029, 486.9179, 555.9129, -82.8280, 146.5212, 103.5257, 10.7515, -20.8388, -0.371621, -0.794504, -0.480272, 0.091828, 0.876250, -0.129252, -0.464199, 0.110503, 0.306732, -0.593345, 0.744216, 0.486918, 0.000000, 0.000000, 0.000000, 1.000000, 0.306651, -0.593332, 0.744260, 0.555913, 0.371621, 0.794504, 0.480272, -0.082828, -0.876278, 0.129306, 0.464130, 0.146521, 0.000000, 0.000000, 0.000000, 1.000000, 0.002999, 0.040602, -0.999171, 0.103526, -0.998131, -0.060867, -0.005469, 0.010752, -0.061038, 0.997320, 0.040344, -0.020839, 0.000000, 0.000000, 0.000000, 1.000000
-19.9945, 91.8284, 110.5035, 486.9175, 555.9125, -82.8287, 146.5205, 103.5257, 10.7513, -20.8388, -0.371609, -0.794507, -0.480276, 0.091828, 0.876257, -0.129246, -0.464186, 0.110504, 0.306725, -0.593341, 0.744222, 0.486918, 0.000000, 0.000000, 0.000000, 1.000000, 0.306644, -0.593329, 0.744265, 0.555913, 0.371609, 0.794507, 0.480276, -0.082829, -0.876286, 0.129301, 0.464117, 0.146520, 0.000000, 0.000000, 0.000000, 1.000000, 0.002999, 0.040602, -0.999171, 0.103526, -0.998131, -0.060866, -0.005469, 0.010751, -0.061038, 0.997320, 0.040344, -0.020839, 0.000000, 0.000000, 0.000000, 1.000000
-19.9924, 91.8304, 110.5033, 486.9164, 555.9114, -82.8307, 146.5207, 103.5259, 10.7507, -20.8389, -0.371579, -0.794515, -0.480286, 0.091830, 0.876274, -0.129232, -0.464158, 0.110503, 0.306712, -0.593334, 0.744233, 0.486916, 0.000000, 0.000000, 0.000000, 1.000000, 0.306631, -0.593321, 0.744276, 0.555911, 0.371579, 0.794516, 0.480286, -0.082831, -0.876303, 0.129287, 0.464089, 0.146521, 0.000000, 0.000000, 0.000000, 1.000000, 0.003000, 0.040602, -0.999171, 0.103526, -0.998131, -0.060866, -0.005470, 0.010751, -0.061037, 0.997320, 0.040343, -0.020839, 0.000000, 0.000000, 0.000000, 1.000000
-19.9912, 91.8315, 110.5023, 486.9156, 555.9106, -82.8319, 146.5217, 103.5260, 10.7504, -20.8390, -0.371561, -0.794520, -0.480292, 0.091832, 0.876284, -0.129222, -0.464142, 0.110502, 0.306706, -0.593329, 0.744239, 0.486916, 0.000000, 0.000000, 0.000000, 1.000000, 0.306625, -0.593317, 0.744283, 0.555911, 0.371560, 0.794520, 0.480292, -0.082832, -0.876313, 0.129277, 0.464073, 0.146522, 0.000000, 0.000000, 0.000000, 1.000000, 0.003000, 0.040602, -0.999171, 0.103526, -0.998131, -0.060865, -0.005470, 0.010750, -0.061037, 0.997320, 0.040343, -0.020839, 0.000000, 0.000000, 0.000000, 1.000000
-19.9884, 91.8344, 110.4986, 486.9136, 555.9086, -82.8347, 146.5253, 103.5262, 10.7495, -20.8392, -0.371518, -0.794532, -0.480305, 0.091834, 0.876307, -0.129197, -0.464106, 0.110499, 0.306693, -0.593319, 0.744253, 0.486914, 0.000000, 0.000000, 0.000000, 1.000000, 0.306612, -0.593306, 0.744296, 0.555909, 0.371518, 0.794532, 0.480305, -0.082835, -0.876335, 0.129252, 0.464037, 0.146525, 0.000000, 0.000000, 0.000000, 1.000000, 0.003001, 0.040601, -0.999171, 0.103526, -0.998131, -0.060864, -0.005471, 0.010750, -0.061036, 0.997320, 0.040343, -0.020839, 0.000000, 0.000000, 0.000000, 1.000000
-19.9851, 91.8378, 110.4927, 486.9110, 555.9060, -82.8381, 146.5312, 103.5265, 10.7486, -20.8394, -0.371467, -0.794546, -0.480321, 0.091838, 0.876333, -0.129165, -0.464066, 0.110493, 0.306681, -0.593306, 0.744268, 0.486911, 0.000000, 0.000000, 0.000000, 1.000000, 0.306600, -0.593294, 0.744311, 0.555906, 0.371466, 0.794547, 0.480321, -0.082838, -0.876361, 0.129220, 0.463997, 0.146531, 0.000000, 0.000000, 0.000000, 1.000000, 0.003002, 0.040601, -0.999171, 0.103526, -0.998131, -0.060863, -0.005472, 0.010749, -0.061035, 0.997320, 0.040342, -0.020839, 0.000000, 0.000000, 0.000000, 1.000000
-19.9832, 91.8397, 110.4889, 486.9095, 555.9045, -82.8400, 146.5351, 103.5266, 10.7480, -20.8395, -0.371437, -0.794554, -0.480331, 0.091840, 0.876347, -0.129147, -0.464043, 0.110489, 0.306675, -0.593300, 0.744276, 0.486910, 0.000000, 0.000000, 0.000000, 1.000000, 0.306594, -0.593287, 0.744319, 0.555905, 0.371437, 0.794555, 0.480330, -0.082840, -0.876376, 0.129202, 0.463974, 0.146535, 0.000000, 0.000000, 0.000000, 1.000000, 0.003003, 0.040600, -0.999171, 0.103527, -0.998131, -0.060862, -0.005473, 0.010748, -0.061034, 0.997320, 0.040342, -0.020840, 0.000000, 0.000000, 0.000000, 1.000000
-19.9790, 91.8441, 110.4795, 486.9060, 555.9010, -82.8444, 146.5444, 103.5270, 10.7468, -20.8398, -0.371372, -0.794573, -0.480351, 0.091844, 0.876379, -0.129104, -0.463995, 0.110480, 0.306662, -0.593284, 0.744293, 0.486906, 0.000000, 0.000000, 0.000000, 1.000000, 0.306581, -0.593272, 0.744336, 0.555901, 0.371372, 0.794573, 0.480350, -0.082844, -0.876408, 0.129159, 0.463926, 0.146544, 0.000000, 0.000000, 0.000000, 1.000000, 0.003004, 0.040600, -0.999171, 0.103527, -0.998131, -0.060861, -0.005474, 0.010747, -0.061033, 0.997320, 0.040341, -0.020840, 0.000000, 0.000000, 0.000000, 1.000000
-19.9742, 91.8490, 110.4679, 486.9019, 555.8969, -82.8493, 146.5560, 103.5273, 10.7454, -20.8401, -0.371298, -0.794594, -0.480373, 0.091849, 0.876415, -0.129055, -0.463941, 0.110468, 0.306650, -0.593267, 0.744312, 0.486902, 0.000000, 0.000000, 0.000000, 1.000000, 0.306569, -0.593254, 0.744355, 0.555897, 0.371298, 0.794594, 0.480373, -0.082849, -0.876444, 0.129110, 0.463872, 0.146556, 0.000000, 0.000000, 0.000000, 1.000000, 0.003006, 0.040599, -0.999171, 0.103527, -0.998131, -0.060859, -0.005476, 0.010745, -0.061031, 0.997320, 0.040340, -0.020840, 0.000000, 0.000000, 0.000000, 1.000000
-19.9659, 91.8576, 110.4466, 486.8947, 555.8897, -82.8579, 146.5774, 103.5280, 10.7430, -20.8406, -0.371169, -0.794630, -0.480413, 0.091858, 0.876477, -0.128969, -0.463849, 0.110447, 0.306630, -0.593237, 0.744344, 0.486895, 0.000000, 0.000000, 0.000000, 1.000000, 0.306549, -0.593225, 0.744387, 0.555890, 0.371169, 0.794630, 0.480412, -0.082858, -0.876505, 0.129024, 0.463780, 0.146577, 0.000000, 0.000000, 0.000000, 1.000000, 0.003009, 0.040598, -0.999171, 0.103528, -0.998131, -0.060856, -0.005479, 0.010743, -0.061028, 0.997321, 0.040339, -0.020841, 0.000000, 0.000000, 0.000000, 1.000000
-19.9659, 91.8576, 110.4466, 486.8947, 555.8897, -82.8579, 146.5774, 103.5280, 10.7430, -20.8406, -0.371169, -0.794630, -0.480413, 0.091858, 0.876477, -0.128969, -0.463849, 0.110447, 0.306630, -0.593237, 0.744344, 0.486895, 0.000000, 0.000000, 0.000000, 1.000000, 0.306549, -0.593225, 0.744387, 0.555890, 0.371169, 0.794630, 0.480412, -0.082858, -0.876505, 0.129024, 0.463780, 0.146577, 0.000000, 0.000000, 0.000000, 1.000000, 0.003009, 0.040598, -0.999171, 0.103528, -0.998131, -0.060856, -0.005479, 0.010743, -0.061028, 0.997321, 0.040339, -0.020841, 0.000000, 0.000000, 0.000000, 1.000000
-19.9597, 91.8640, 110.4299, 486.8892, 555.8842, -82.8643, 146.5941, 103.5285, 10.7412, -20.8410, -0.371073, -0.794657, -0.480442, 0.091864, 0.876522, -0.128903, -0.463781, 0.110430, 0.306617, -0.593215, 0.744367, 0.486889, 0.000000, 0.000000, 0.000000, 1.000000, 0.306536, -0.593202, 0.744410, 0.555884, 0.371073, 0.794658, 0.480442, -0.082864, -0.876550, 0.128958, 0.463712, 0.146594, 0.000000, 0.000000, 0.000000, 1.000000, 0.003011, 0.040597, -0.999171, 0.103529, -0.998132, -0.060854, -0.005481, 0.010741, -0.061026, 0.997321, 0.040338, -0.020841, 0.000000, 0.000000, 0.000000, 1.000000
-19.9496, 91.8740, 110.4143, 486.8817, 555.8767, -82.8743, 146.6096, 103.5293, 10.7383, -20.8417, -0.370919, -0.794700, -0.480490, 0.091874, 0.876602, -0.128811, -0.463656, 0.110414, 0.306575, -0.593178, 0.744414, 0.486882, 0.000000, 0.000000, 0.000000, 1.000000, 0.306494, -0.593165, 0.744457, 0.555877, 0.370919, 0.794700, 0.480490, -0.082874, -0.876630, 0.128866, 0.463587, 0.146610, 0.000000, 0.000000, 0.000000, 1.000000, 0.003015, 0.040596, -0.999171, 0.103529, -0.998132, -0.060851, -0.005484, 0.010738, -0.061023, 0.997321, 0.040336, -0.020842, 0.000000, 0.000000, 0.000000, 1.000000
-19.9461, 91.8775, 110.4100, 486.8793, 555.8743, -82.8778, 146.6138, 103.5296, 10.7372, -20.8419, -0.370865, -0.794715, -0.480507, 0.091878, 0.876631, -0.128780, -0.463611, 0.110410, 0.306559, -0.593164, 0.744431, 0.486879, 0.000000, 0.000000, 0.000000, 1.000000, 0.306477, -0.593152, 0.744475, 0.555874, 0.370865, 0.794715, 0.480507, -0.082878, -0.876659, 0.128835, 0.463541, 0.146614, 0.000000, 0.000000, 0.000000, 1.000000, 0.003016, 0.040595, -0.999171, 0.103530, -0.998132, -0.060849, -0.005485, 0.010737, -0.061022, 0.997321, 0.040336, -0.020842, 0.000000, 0.000000, 0.000000, 1.000000
-19.9386, 91.8848, 110.3996, 486.8740, 555.8689, -82.8851, 146.6240, 103.5302, 10.7350, -20.8423, -0.370752, -0.794746, -0.480543, 0.091885, 0.876690, -0.128713, -0.463517, 0.110400, 0.306526, -0.593137, 0.744467, 0.486874, 0.000000, 0.000000, 0.000000, 1.000000, 0.306444, -0.593124, 0.744510, 0.555869, 0.370752, 0.794746, 0.480543, -0.082885, -0.876718, 0.128769, 0.463447, 0.146624, 0.000000, 0.000000, 0.000000, 1.000000, 0.003018, 0.040594, -0.999171, 0.103530, -0.998132, -0.060847, -0.005487, 0.010735, -0.061019, 0.997321, 0.040335, -0.020842, 0.000000, 0.000000, 0.000000, 1.000000
-19.9308, 91.8926, 110.3867, 486.8681, 555.8631, -82.8929, 146.6367, 103.5308, 10.7328, -20.8428, -0.370632, -0.794779, -0.480580, 0.091893, 0.876751, -0.128641, -0.463421, 0.110387, 0.306495, -0.593108, 0.744502, 0.486868, 0.000000, 0.000000, 0.000000, 1.000000, 0.306413, -0.593096, 0.744546, 0.555863, 0.370632, 0.794780, 0.480580, -0.082893, -0.876780, 0.128697, 0.463351, 0.146637, 0.000000, 0.000000, 0.000000, 1.000000, 0.003021, 0.040593, -0.999171, 0.103531, -0.998132, -0.060844, -0.005490, 0.010733, -0.061016, 0.997322, 0.040333, -0.020843, 0.000000, 0.000000, 0.000000, 1.000000
-19.9267, 91.8967, 110.3794, 486.8650, 555.8599, -82.8970, 146.6440, 103.5311, 10.7316, -20.8431, -0.370570, -0.794797, -0.480600, 0.091897, 0.876783, -0.128603, -0.463372, 0.110379, 0.306480, -0.593093, 0.744520, 0.486865, 0.000000, 0.000000, 0.000000, 1.000000, 0.306398, -0.593081, 0.744564, 0.555860, 0.370570, 0.794797, 0.480599, -0.082897, -0.876811, 0.128658, 0.463302, 0.146644, 0.000000, 0.000000, 0.000000, 1.000000, 0.003022, 0.040592, -0.999171, 0.103531, -0.998132, -0.060843, -0.005491, 0.010732, -0.061015, 0.997322, 0.040333, -0.020843, 0.000000, 0.000000, 0.000000, 1.000000
-19.9226, 91.9008, 110.3714, 486.8617, 555.8567, -82.9011, 146.6519, 103.5314, 10.7304, -20.8433, -0.370507, -0.794814, -0.480619, 0.091901, 0.876814, -0.128563, -0.463323, 0.110371, 0.306466, -0.593078, 0.744538, 0.486862, 0.000000, 0.000000, 0.000000, 1.000000, 0.306384, -0.593066, 0.744582, 0.555857, 0.370507, 0.794815, 0.480619, -0.082901, -0.876843, 0.128619, 0.463253, 0.146652, 0.000000, 0.000000, 0.000000, 1.000000, 0.003024, 0.040592, -0.999171, 0.103531, -0.998132, -0.060841, -0.005492, 0.010730, -0.061014, 0.997322, 0.040332, -0.020843, 0.000000, 0.000000, 0.000000, 1.000000
-19.9141, 91.9095, 110.3538, 486.8549, 555.8498, -82.9097, 146.6694, 103.5321, 10.7279, -20.8439, -0.370376, -0.794851, -0.480660, 0.091909, 0.876879, -0.128480, -0.463223, 0.110354, 0.306438, -0.593047, 0.744574, 0.486855, 0.000000, 0.000000, 0.000000, 1.000000, 0.306356, -0.593035, 0.744618, 0.555850, 0.370376, 0.794851, 0.480659, -0.082910, -0.876908, 0.128536, 0.463153, 0.146669, 0.000000, 0.000000, 0.000000, 1.000000, 0.003027, 0.040591, -0.999171, 0.103532, -0.998133, -0.060838, -0.005495, 0.010728, -0.061011, 0.997322, 0.040331, -0.020844, 0.000000, 0.000000, 0.000000, 1.000000
-19.9053, 91.9184, 110.3341, 486.8476, 555.8425, -82.9187, 146.6890, 103.5328, 10.7254, -20.8444, -0.370241, -0.794889, -0.480701, 0.091918, 0.876945, -0.128392, -0.463123, 0.110334, 0.306413, -0.593015, 0.744610, 0.486848, 0.000000, 0.000000, 0.000000, 1.000000, 0.306330, -0.593003, 0.744654, 0.555843, 0.370241, 0.794889, 0.480701, -0.082919, -0.876974, 0.128448, 0.463052, 0.146689, 0.000000, 0.000000, 0.000000, 1.000000, 0.003030, 0.040589, -0.999171, 0.103533, -0.998133, -0.060835, -0.005498, 0.010725, -0.061008, 0.997322, 0.040329, -0.020844, 0.000000, 0.000000, 0.000000, 1.000000
-19.8963, 91.9277, 110.3125, 486.8399, 555.8348, -82.9280, 146.7106, 103.5335, 10.7228, -20.8450, -0.370101, -0.794928, -0.480744, 0.091928, 0.877012, -0.128300, -0.463021, 0.110312, 0.306389, -0.592983, 0.744646, 0.486840, 0.000000, 0.000000, 0.000000, 1.000000, 0.306306, -0.592970, 0.744690, 0.555835, 0.370101, 0.794928, 0.480743, -0.082928, -0.877041, 0.128356, 0.462950, 0.146711, 0.000000, 0.000000, 0.000000, 1.000000, 0.003033, 0.040588, -0.999171, 0.103533, -0.998133, -0.060832, -0.005501, 0.010723, -0.061005, 0.997322, 0.040328, -0.020845, 0.000000, 0.000000, 0.000000, 1.000000
-19.8963, 91.9277, 110.3125, 486.8399, 555.8348, -82.9280, 146.7106, 103.5335, 10.7228, -20.8450, -0.370101, -0.794928, -0.480744, 0.091928, 0.877012, -0.128300, -0.463021, 0.110312, 0.306389, -0.592983, 0.744646, 0.486840, 0.000000, 0.000000, 0.000000, 1.000000, 0.306306, -0.592970, 0.744690, 0.555835, 0.370101, 0.794928, 0.480743, -0.082928, -0.877041, 0.128356, 0.462950, 0.146711, 0.000000, 0.000000, 0.000000, 1.000000, 0.003033, 0.040588, -0.999171, 0.103533, -0.998133, -0.060832, -0.005501, 0.010723, -0.061005, 0.997322, 0.040328, -0.020845, 0.000000, 0.000000, 0.000000, 1.000000
-19.8871, 91.9372, 110.2891, 486.8319, 555.8268, -82.9375, 146.7339, 103.5342, 10.7201, -20.8456, -0.369959, -0.794968, -0.480787, 0.091937, 0.877081, -0.128204, -0.462918, 0.110289, 0.306366, -0.592949, 0.744681, 0.486832, 0.000000, 0.000000, 0.000000, 1.000000, 0.306284, -0.592937, 0.744726, 0.555827, 0.369958, 0.794969, 0.480787, -0.082938, -0.877109, 0.128260, 0.462848, 0.146734, 0.000000, 0.000000, 0.000000, 1.000000, 0.003036, 0.040587, -0.999171, 0.103534, -0.998133, -0.060829, -0.005504, 0.010720, -0.061002, 0.997323, 0.040326, -0.020846, 0.000000, 0.000000, 0.000000, 1.000000
-19.8778, 91.9470, 110.2641, 486.8235, 555.8185, -82.9473, 146.7587, 103.5350, 10.7174, -20.8462, -0.369813, -0.795009, -0.480831, 0.091947, 0.877149, -0.128105, -0.462816, 0.110264, 0.306346, -0.592916, 0.744717, 0.486824, 0.000000, 0.000000, 0.000000, 1.000000, 0.306263, -0.592903, 0.744761, 0.555818, 0.369813, 0.795010, 0.480831, -0.082947, -0.877178, 0.128162, 0.462745, 0.146759, 0.000000, 0.000000, 0.000000, 1.000000, 0.003039, 0.040585, -0.999171, 0.103535, -0.998133, -0.060826, -0.005507, 0.010717, -0.060999, 0.997323, 0.040325, -0.020846, 0.000000, 0.000000, 0.000000, 1.000000
-19.8731, 91.9519, 110.2511, 486.8193, 555.8142, -82.9522, 146.7717, 103.5354, 10.7160, -20.8465, -0.369739, -0.795030, -0.480853, 0.091952, 0.877184, -0.128055, -0.462764, 0.110251, 0.306336, -0.592899, 0.744735, 0.486819, 0.000000, 0.000000, 0.000000, 1.000000, 0.306253, -0.592886, 0.744779, 0.555814, 0.369739, 0.795031, 0.480853, -0.082952, -0.877213, 0.128111, 0.462694, 0.146772, 0.000000, 0.000000, 0.000000, 1.000000, 0.003041, 0.040585, -0.999171, 0.103535, -0.998133, -0.060824, -0.005508, 0.010716, -0.060997, 0.997323, 0.040324, -0.020847, 0.000000, 0.000000, 0.000000, 1.000000
-19.8588, 91.9669, 110.2104, 486.8062, 555.8011, -82.9672, 146.8123, 103.5365, 10.7119, -20.8475, -0.369515, -0.795094, -0.480920, 0.091967, 0.877288, -0.127900, -0.462610, 0.110210, 0.306308, -0.592847, 0.744787, 0.486806, 0.000000, 0.000000, 0.000000, 1.000000, 0.306225, -0.592834, 0.744831, 0.555801, 0.369515, 0.795094, 0.480920, -0.082967, -0.877317, 0.127956, 0.462539, 0.146812, 0.000000, 0.000000, 0.000000, 1.000000, 0.003046, 0.040583, -0.999172, 0.103536, -0.998134, -0.060819, -0.005513, 0.010712, -0.060992, 0.997323, 0.040322, -0.020847, 0.000000, 0.000000, 0.000000, 1.000000
-19.8540, 91.9720, 110.1963, 486.8018, 555.7967, -82.9723, 146.8264, 103.5369, 10.7105, -20.8478, -0.369440, -0.795115, -0.480943, 0.091972, 0.877322, -0.127848, -0.462559, 0.110196, 0.306300, -0.592830, 0.744804, 0.486802, 0.000000, 0.000000, 0.000000, 1.000000, 0.306217, -0.592817, 0.744848, 0.555797, 0.369440, 0.795115, 0.480943, -0.082972, -0.877351, 0.127904, 0.462488, 0.146826, 0.000000, 0.000000, 0.000000, 1.000000, 0.003048, 0.040582, -0.999172, 0.103537, -0.998134, -0.060817, -0.005515, 0.010710, -0.060991, 0.997324, 0.040321, -0.020848, 0.000000, 0.000000, 0.000000, 1.000000
-19.8444, 91.9821, 110.1675, 486.7928, 555.7877, -82.9824, 146.8551, 103.5377, 10.7077, -20.8484, -0.369289, -0.795158, -0.480988, 0.091982, 0.877392, -0.127742, -0.462457, 0.110168, 0.306284, -0.592795, 0.744838, 0.486793, 0.000000, 0.000000, 0.000000, 1.000000, 0.306200, -0.592782, 0.744883, 0.555788, 0.369289, 0.795158, 0.480988, -0.082982, -0.877421, 0.127798, 0.462386, 0.146855, 0.000000, 0.000000, 0.000000, 1.000000, 0.003051, 0.040580, -0.999172, 0.103538, -0.998134, -0.060814, -0.005518, 0.010708, -0.060988, 0.997324, 0.040319, -0.020848, 0.000000, 0.000000, 0.000000, 1.000000
-19.8395, 91.9872, 110.1529, 486.7883, 555.7832, -82.9875, 146.8697, 103.5380, 10.7063, -20.8487, -0.369213, -0.795179, -0.481011, 0.091987, 0.877426, -0.127688, -0.462406, 0.110153, 0.306276, -0.592778, 0.744855, 0.486788, 0.000000, 0.000000, 0.000000, 1.000000, 0.306193, -0.592765, 0.744900, 0.555783, 0.369213, 0.795180, 0.481011, -0.082988, -0.877455, 0.127745, 0.462335, 0.146870, 0.000000, 0.000000, 0.000000, 1.000000, 0.003053, 0.040580, -0.999172, 0.103538, -0.998134, -0.060812, -0.005519, 0.010706, -0.060986, 0.997324, 0.040318, -0.020849, 0.000000, 0.000000, 0.000000, 1.000000
-19.8347, 91.9923, 110.1381, 486.7837, 555.7786, -82.9926, 146.8845, 103.5384, 10.7049, -20.8490, -0.369137, -0.795201, -0.481034, 0.091992, 0.877461, -0.127634, -0.462355, 0.110138, 0.306269, -0.592760, 0.744872, 0.486784, 0.000000, 0.000000, 0.000000, 1.000000, 0.306185, -0.592748, 0.744917, 0.555779, 0.369137, 0.795201, 0.481033, -0.082993, -0.877490, 0.127691, 0.462284, 0.146884, 0.000000, 0.000000, 0.000000, 1.000000, 0.003054, 0.040579, -0.999172, 0.103538, -0.998134, -0.060811, -0.005521, 0.010705, -0.060984, 0.997324, 0.040318, -0.020849, 0.000000, 0.000000, 0.000000, 1.000000
-19.8203, 92.0076, 110.0932, 486.7700, 555.7649, -83.0079, 146.9293, 103.5396, 10.7007, -20.8500, -0.368910, -0.795265, -0.481101, 0.092008, 0.877564, -0.127473, -0.462204, 0.110093, 0.306247, -0.592709, 0.744922, 0.486770, 0.000000, 0.000000, 0.000000, 1.000000, 0.306164, -0.592696, 0.744967, 0.555765, 0.368910, 0.795266, 0.481101, -0.083008, -0.877593, 0.127530, 0.462133, 0.146929, 0.000000, 0.000000, 0.000000, 1.000000, 0.003059, 0.040577, -0.999172, 0.103540, -0.998134, -0.060806, -0.005526, 0.010701, -0.060980, 0.997325, 0.040315, -0.020850, 0.000000, 0.000000, 0.000000, 1.000000
-19.8108, 92.0177, 110.0631, 486.7609, 555.7558, -83.0180, 146.9594, 103.5404, 10.6979, -20.8506, -0.368760, -0.795308, -0.481146, 0.092018, 0.877631, -0.127366, -0.462105, 0.110063, 0.306234, -0.592675, 0.744955, 0.486761, 0.000000, 0.000000, 0.000000, 1.000000, 0.306151, -0.592662, 0.744999, 0.555756, 0.368759, 0.795308, 0.481146, -0.083018, -0.877661, 0.127422, 0.462034, 0.146959, 0.000000, 0.000000, 0.000000, 1.000000, 0.003063, 0.040575, -0.999172, 0.103540, -0.998135, -0.060803, -0.005529, 0.010698, -0.060977, 0.997325, 0.040314, -0.020851, 0.000000, 0.000000, 0.000000, 1.000000
-19.8014, 92.0277, 110.0331, 486.7519, 555.7468, -83.0280, 146.9894, 103.5411, 10.6952, -20.8512, -0.368611, -0.795350, -0.481190, 0.092028, 0.877698, -0.127260, -0.462008, 0.110033, 0.306222, -0.592641, 0.744987, 0.486752, 0.000000, 0.000000, 0.000000, 1.000000, 0.306138, -0.592628, 0.745031, 0.555747, 0.368611, 0.795351, 0.481190, -0.083028, -0.877727, 0.127316, 0.461937, 0.146989, 0.000000, 0.000000, 0.000000, 1.000000, 0.003066, 0.040574, -0.999172, 0.103541, -0.998135, -0.060799, -0.005532, 0.010695, -0.060973, 0.997325, 0.040312, -0.020851, 0.000000, 0.000000, 0.000000, 1.000000
-19.7968, 92.0326, 110.0182, 486.7475, 555.7423, -83.0329, 147.0043, 103.5415, 10.6939, -20.8515, -0.368538, -0.795371, -0.481212, 0.092033, 0.877731, -0.127207, -0.461960, 0.110018, 0.306216, -0.592624, 0.745002, 0.486747, 0.000000, 0.000000, 0.000000, 1.000000, 0.306132, -0.592612, 0.745047, 0.555742, 0.368538, 0.795371, 0.481211, -0.083033, -0.877760, 0.127263, 0.461888, 0.147004, 0.000000, 0.000000, 0.000000, 1.000000, 0.003068, 0.040573, -0.999172, 0.103541, -0.998135, -0.060798, -0.005533, 0.010694, -0.060972, 0.997325, 0.040311, -0.020852, 0.000000, 0.000000, 0.000000, 1.000000
-19.7876, 92.0424, 109.9886, 486.7386, 555.7335, -83.0427, 147.0339, 103.5422, 10.6912, -20.8521, -0.368393, -0.795412, -0.481255, 0.092042, 0.877796, -0.127102, -0.461865, 0.109989, 0.306204, -0.592591, 0.745033, 0.486739, 0.000000, 0.000000, 0.000000, 1.000000, 0.306121, -0.592579, 0.745078, 0.555733, 0.368392, 0.795413, 0.481254, -0.083043, -0.877825, 0.127159, 0.461794, 0.147034, 0.000000, 0.000000, 0.000000, 1.000000, 0.003071, 0.040572, -0.999172, 0.103542, -0.998135, -0.060795, -0.005536, 0.010691, -0.060969, 0.997325, 0.040310, -0.020852, 0.000000, 0.000000, 0.000000, 1.000000
-19.7830, 92.0473, 109.9739, 486.7342, 555.7291, -83.0476, 147.0485, 103.5426, 10.6899, -20.8524, -0.368321, -0.795433, -0.481276, 0.092047, 0.877828, -0.127051, -0.461818, 0.109974, 0.306198, -0.592575, 0.745049, 0.486734, 0.000000, 0.000000, 0.000000, 1.000000, 0.306115, -0.592562, 0.745093, 0.555729, 0.368320, 0.795433, 0.481276, -0.083048, -0.877857, 0.127107, 0.461747, 0.147049, 0.000000, 0.000000, 0.000000, 1.000000, 0.003073, 0.040571, -0.999172, 0.103543, -0.998135, -0.060793, -0.005538, 0.010690, -0.060967, 0.997326, 0.040309, -0.020852, 0.000000, 0.000000, 0.000000, 1.000000
-19.7741, 92.0568, 109.9450, 486.7256, 555.7205, -83.0572, 147.0775, 103.5433, 10.6873, -20.8530, -0.368179, -0.795473, -0.481318, 0.092057, 0.877892, -0.126949, -0.461725, 0.109945, 0.306187, -0.592543, 0.745079, 0.486726, 0.000000, 0.000000, 0.000000, 1.000000, 0.306104, -0.592530, 0.745123, 0.555720, 0.368178, 0.795473, 0.481318, -0.083057, -0.877921, 0.127005, 0.461654, 0.147078, 0.000000, 0.000000, 0.000000, 1.000000, 0.003076, 0.040570, -0.999172, 0.103543, -0.998135, -0.060790, -0.005541, 0.010687, -0.060964, 0.997326, 0.040307, -0.020853, 0.000000, 0.000000, 0.000000, 1.000000
-19.7652, 92.0662, 109.9165, 486.7171, 555.7120, -83.0666, 147.1060, 103.5440, 10.6847, -20.8536, -0.368039, -0.795513, -0.481360, 0.092066, 0.877954, -0.126848, -0.461634, 0.109917, 0.306176, -0.592511, 0.745109, 0.486717, 0.000000, 0.000000, 0.000000, 1.000000, 0.306092, -0.592498, 0.745153, 0.555712, 0.368039, 0.795513, 0.481359, -0.083067, -0.877983, 0.126905, 0.461563, 0.147106, 0.000000, 0.000000, 0.000000, 1.000000, 0.003079, 0.040569, -0.999172, 0.103544, -0.998135, -0.060787, -0.005544, 0.010685, -0.060962, 0.997326, 0.040306, -0.020854, 0.000000, 0.000000, 0.000000, 1.000000
-19.7609, 92.0709, 109.9025, 486.7129, 555.7078, -83.0712, 147.1200, 103.5444, 10.6834, -20.8539, -0.367970, -0.795532, -0.481380, 0.092071, 0.877985, -0.126799, -0.461589, 0.109902, 0.306170, -0.592495, 0.745123, 0.486713, 0.000000, 0.000000, 0.000000, 1.000000, 0.306087, -0.592483, 0.745168, 0.555708, 0.367970, 0.795533, 0.481380, -0.083071, -0.878014, 0.126855, 0.461518, 0.147120, 0.000000, 0.000000, 0.000000, 1.000000, 0.003081, 0.040568, -0.999172, 0.103544, -0.998135, -0.060786, -0.005545, 0.010683, -0.060960, 0.997326, 0.040305, -0.020854, 0.000000, 0.000000, 0.000000, 1.000000
-19.7523, 92.0801, 109.8750, 486.7046, 555.6995, -83.0804, 147.1476, 103.5451, 10.6809, -20.8545, -0.367833, -0.795571, -0.481421, 0.092080, 0.878046, -0.126701, -0.461499, 0.109875, 0.306159, -0.592464, 0.745153, 0.486705, 0.000000, 0.000000, 0.000000, 1.000000, 0.306076, -0.592452, 0.745197, 0.555699, 0.367833, 0.795571, 0.481420, -0.083080, -0.878075, 0.126757, 0.461428, 0.147148, 0.000000, 0.000000, 0.000000, 1.000000, 0.003084, 0.040567, -0.999172, 0.103545, -0.998136, -0.060783, -0.005548, 0.010681, -0.060957, 0.997326, 0.040304, -0.020854, 0.000000, 0.000000, 0.000000, 1.000000
-19.7480, 92.0846, 109.8614, 486.7005, 555.6954, -83.0849, 147.1611, 103.5454, 10.6797, -20.8547, -0.367766, -0.795590, -0.481441, 0.092085, 0.878076, -0.126652, -0.461455, 0.109861, 0.306154, -0.592449, 0.745167, 0.486701, 0.000000, 0.000000, 0.000000, 1.000000, 0.306070, -0.592437, 0.745211, 0.555695, 0.367766, 0.795590, 0.481440, -0.083085, -0.878106, 0.126709, 0.461384, 0.147161, 0.000000, 0.000000, 0.000000, 1.000000, 0.003085, 0.040566, -0.999172, 0.103545, -0.998136, -0.060781, -0.005550, 0.010680, -0.060956, 0.997326, 0.040303, -0.020855, 0.000000, 0.000000, 0.000000, 1.000000
-19.7396, 92.0936, 109.8349, 486.6925, 555.6874, -83.0939, 147.1877, 103.5461, 10.6772, -20.8553, -0.367633, -0.795628, -0.481480, 0.092094, 0.878136, -0.126557, -0.461368, 0.109835, 0.306142, -0.592419, 0.745196, 0.486692, 0.000000, 0.000000, 0.000000, 1.000000, 0.306058, -0.592406, 0.745240, 0.555687, 0.367633, 0.795628, 0.481480, -0.083094, -0.878165, 0.126614, 0.461297, 0.147188, 0.000000, 0.000000, 0.000000, 1.000000, 0.003088, 0.040565, -0.999172, 0.103546, -0.998136, -0.060778, -0.005552, 0.010677, -0.060953, 0.997327, 0.040302, -0.020855, 0.000000, 0.000000, 0.000000, 1.000000
-19.7313, 92.1024, 109.8091, 486.6846, 555.6795, -83.1027, 147.2135, 103.5468, 10.6748, -20.8558, -0.367502, -0.795665, -0.481519, 0.092102, 0.878195, -0.126464, -0.461281, 0.109809, 0.306130, -0.592389, 0.745224, 0.486685, 0.000000, 0.000000, 0.000000, 1.000000, 0.306047, -0.592377, 0.745269, 0.555680, 0.367501, 0.795665, 0.481518, -0.083103, -0.878224, 0.126520, 0.461210, 0.147213, 0.000000, 0.000000, 0.000000, 1.000000, 0.003091, 0.040564, -0.999172, 0.103547, -0.998136, -0.060775, -0.005555, 0.010675, -0.060950, 0.997327, 0.040300, -0.020856, 0.000000, 0.000000, 0.000000, 1.000000
-19.7272, 92.1067, 109.7965, 486.6808, 555.6757, -83.1071, 147.2261, 103.5471, 10.6736, -20.8561, -0.367437, -0.795683, -0.481538, 0.092107, 0.878224, -0.126418, -0.461238, 0.109796, 0.306124, -0.592374, 0.745239, 0.486681, 0.000000, 0.000000, 0.000000, 1.000000, 0.306041, -0.592362, 0.745283, 0.555676, 0.367437, 0.795683, 0.481538, -0.083107, -0.878254, 0.126474, 0.461167, 0.147226, 0.000000, 0.000000, 0.000000, 1.000000, 0.003092, 0.040563, -0.999172, 0.103547, -0.998136, -0.060774, -0.005556, 0.010674, -0.060949, 0.997327, 0.040299, -0.020856, 0.000000, 0.000000, 0.000000, 1.000000
-19.7191, 92.1154, 109.7718, 486.6731, 555.6681, -83.1157, 147.2509, 103.5478, 10.6712, -20.8566, -0.367309, -0.795719, -0.481576, 0.092115, 0.878283, -0.126327, -0.461152, 0.109772, 0.306112, -0.592345, 0.745267, 0.486673, 0.000000, 0.000000, 0.000000, 1.000000, 0.306028, -0.592333, 0.745311, 0.555668, 0.367308, 0.795719, 0.481576, -0.083116, -0.878312, 0.126383, 0.461081, 0.147251, 0.000000, 0.000000, 0.000000, 1.000000, 0.003095, 0.040562, -0.999172, 0.103548, -0.998136, -0.060771, -0.005559, 0.010671, -0.060946, 0.997327, 0.040298, -0.020857, 0.000000, 0.000000, 0.000000, 1.000000
-19.7191, 92.1154, 109.7718, 486.6731, 555.6681, -83.1157, 147.2509, 103.5478, 10.6712, -20.8566, -0.367309, -0.795719, -0.481576, 0.092115, 0.878283, -0.126327, -0.461152, 0.109772, 0.306112, -0.592345, 0.745267, 0.486673, 0.000000, 0.000000, 0.000000, 1.000000, 0.306028, -0.592333, 0.745311, 0.555668, 0.367308, 0.795719, 0.481576, -0.083116, -0.878312, 0.126383, 0.461081, 0.147251, 0.000000, 0.000000, 0.000000, 1.000000, 0.003095, 0.040562, -0.999172, 0.103548, -0.998136, -0.060771, -0.005559, 0.010671, -0.060946, 0.997327, 0.040298, -0.020857, 0.000000, 0.000000, 0.000000, 1.000000
-19.7072, 92.1280, 109.7361, 486.6620, 555.6569, -83.1284, 147.2867, 103.5487, 10.6678, -20.8574, -0.367119, -0.795772, -0.481632, 0.092128, 0.878368, -0.126194, -0.461025, 0.109736, 0.306092, -0.592302, 0.745309, 0.486662, 0.000000, 0.000000, 0.000000, 1.000000, 0.306009, -0.592289, 0.745354, 0.555657, 0.367119, 0.795773, 0.481632, -0.083128, -0.878398, 0.126250, 0.460954, 0.147287, 0.000000, 0.000000, 0.000000, 1.000000, 0.003099, 0.040560, -0.999172, 0.103549, -0.998136, -0.060767, -0.005563, 0.010668, -0.060942, 0.997328, 0.040296, -0.020857, 0.000000, 0.000000, 0.000000, 1.000000
-19.6993, 92.1364, 109.7132, 486.6547, 555.6497, -83.1367, 147.3096, 103.5494, 10.6655, -20.8579, -0.366995, -0.795807, -0.481669, 0.092136, 0.878425, -0.126107, -0.460941, 0.109713, 0.306078, -0.592274, 0.745338, 0.486655, 0.000000, 0.000000, 0.000000, 1.000000, 0.305995, -0.592261, 0.745382, 0.555650, 0.366995, 0.795808, 0.481669, -0.083137, -0.878454, 0.126163, 0.460870, 0.147310, 0.000000, 0.000000, 0.000000, 1.000000, 0.003102, 0.040559, -0.999172, 0.103549, -0.998137, -0.060764, -0.005565, 0.010665, -0.060940, 0.997328, 0.040295, -0.020858, 0.000000, 0.000000, 0.000000, 1.000000
-19.6916, 92.1446, 109.6910, 486.6476, 555.6426, -83.1449, 147.3319, 103.5500, 10.6632, -20.8584, -0.366873, -0.795842, -0.481706, 0.092145, 0.878482, -0.126022, -0.460857, 0.109691, 0.306063, -0.592246, 0.745366, 0.486648, 0.000000, 0.000000, 0.000000, 1.000000, 0.305980, -0.592233, 0.745410, 0.555643, 0.366872, 0.795842, 0.481706, -0.083145, -0.878511, 0.126078, 0.460786, 0.147332, 0.000000, 0.000000, 0.000000, 1.000000, 0.003105, 0.040558, -0.999172, 0.103550, -0.998137, -0.060762, -0.005568, 0.010663, -0.060937, 0.997328, 0.040294, -0.020858, 0.000000, 0.000000, 0.000000, 1.000000
-19.6877, 92.1486, 109.6802, 486.6441, 555.6391, -83.1490, 147.3428, 103.5503, 10.6621, -20.8587, -0.366812, -0.795859, -0.481724, 0.092149, 0.878510, -0.125980, -0.460815, 0.109680, 0.306056, -0.592232, 0.745380, 0.486644, 0.000000, 0.000000, 0.000000, 1.000000, 0.305973, -0.592219, 0.745424, 0.555639, 0.366811, 0.795859, 0.481724, -0.083149, -0.878539, 0.126036, 0.460744, 0.147343, 0.000000, 0.000000, 0.000000, 1.000000, 0.003106, 0.040557, -0.999172, 0.103550, -0.998137, -0.060760, -0.005569, 0.010662, -0.060936, 0.997328, 0.040293, -0.020859, 0.000000, 0.000000, 0.000000, 1.000000
-19.6763, 92.1601, 109.6613, 486.6356, 555.6305, -83.1604, 147.3616, 103.5512, 10.6587, -20.8594, -0.366636, -0.795907, -0.481778, 0.092160, 0.878598, -0.125872, -0.460674, 0.109661, 0.306011, -0.592190, 0.745432, 0.486636, 0.000000, 0.000000, 0.000000, 1.000000, 0.305928, -0.592177, 0.745476, 0.555631, 0.366636, 0.795907, 0.481778, -0.083160, -0.878627, 0.125929, 0.460604, 0.147362, 0.000000, 0.000000, 0.000000, 1.000000, 0.003110, 0.040556, -0.999172, 0.103551, -0.998137, -0.060756, -0.005573, 0.010659, -0.060932, 0.997328, 0.040291, -0.020859, 0.000000, 0.000000, 0.000000, 1.000000
-19.6688, 92.1674, 109.6529, 486.6305, 555.6255, -83.1677, 147.3699, 103.5517, 10.6565, -20.8598, -0.366522, -0.795938, -0.481814, 0.092167, 0.878658, -0.125808, -0.460578, 0.109653, 0.305975, -0.592162, 0.745469, 0.486631, 0.000000, 0.000000, 0.000000, 1.000000, 0.305892, -0.592149, 0.745513, 0.555625, 0.366522, 0.795938, 0.481813, -0.083168, -0.878687, 0.125864, 0.460507, 0.147370, 0.000000, 0.000000, 0.000000, 1.000000, 0.003112, 0.040555, -0.999172, 0.103552, -0.998137, -0.060754, -0.005575, 0.010657, -0.060930, 0.997329, 0.040290, -0.020860, 0.000000, 0.000000, 0.000000, 1.000000
-19.6651, 92.1710, 109.6484, 486.6280, 555.6230, -83.1714, 147.3743, 103.5520, 10.6554, -20.8600, -0.366466, -0.795953, -0.481832, 0.092171, 0.878688, -0.125775, -0.460530, 0.109648, 0.305958, -0.592148, 0.745487, 0.486628, 0.000000, 0.000000, 0.000000, 1.000000, 0.305875, -0.592136, 0.745531, 0.555623, 0.366466, 0.795953, 0.481831, -0.083171, -0.878717, 0.125831, 0.460459, 0.147374, 0.000000, 0.000000, 0.000000, 1.000000, 0.003114, 0.040554, -0.999172, 0.103552, -0.998137, -0.060752, -0.005576, 0.010655, -0.060928, 0.997329, 0.040289, -0.020860, 0.000000, 0.000000, 0.000000, 1.000000
-19.6614, 92.1746, 109.6439, 486.6255, 555.6204, -83.1750, 147.3788, 103.5523, 10.6543, -20.8603, -0.366410, -0.795968, -0.481849, 0.092175, 0.878717, -0.125743, -0.460483, 0.109644, 0.305941, -0.592135, 0.745504, 0.486625, 0.000000, 0.000000, 0.000000, 1.000000, 0.305858, -0.592122, 0.745548, 0.555620, 0.366409, 0.795969, 0.481849, -0.083175, -0.878746, 0.125799, 0.460412, 0.147379, 0.000000, 0.000000, 0.000000, 1.000000, 0.003115, 0.040554, -0.999173, 0.103552, -0.998137, -0.060751, -0.005577, 0.010654, -0.060927, 0.997329, 0.040289, -0.020860, 0.000000, 0.000000, 0.000000, 1.000000
-19.6578, 92.1783, 109.6392, 486.6229, 555.6178, -83.1786, 147.3835, 103.5526, 10.6533, -20.8605, -0.366354, -0.795984, -0.481866, 0.092178, 0.878746, -0.125710, -0.460437, 0.109639, 0.305925, -0.592121, 0.745522, 0.486623, 0.000000, 0.000000, 0.000000, 1.000000, 0.305841, -0.592109, 0.745566, 0.555618, 0.366353, 0.795984, 0.481866, -0.083179, -0.878775, 0.125766, 0.460366, 0.147383, 0.000000, 0.000000, 0.000000, 1.000000, 0.003116, 0.040553, -0.999173, 0.103553, -0.998137, -0.060750, -0.005578, 0.010653, -0.060926, 0.997329, 0.040288, -0.020860, 0.000000, 0.000000, 0.000000, 1.000000
