# Joint_4_Angle(deg), Cam_X(mm), Cam_Y(mm), Cam_Z(mm), Torso_X(mm), Torso_Y(mm), Torso_Z(mm), EE_X(mm), EE_Y(mm), EE_Z(mm), T_cam2marker_flat(16), T_torso2marker_flat(16), T_ee2marker_flat(16)
-30.0002, 50.0001, -15.6311, 277.7473, 299.7534, -50.0005, 215.5941, -8.5920, -64.2637, 35.6184, 0.985204, -0.057432, 0.161478, 0.050000, -0.017587, 0.903329, 0.428588, -0.015631, -0.170483, -0.425087, 0.888953, 0.277747, 0.000000, 0.000000, 0.000000, 1.000000, -0.170477, -0.425446, 0.888782, 0.299753, -0.985203, 0.057433, -0.161479, -0.050000, 0.017655, -0.903160, -0.428942, 0.215594, 0.000000, 0.000000, 0.000000, 1.000000, -0.997840, 0.060981, -0.024411, -0.008592, -0.027590, -0.051855, 0.998273, -0.064264, 0.059610, 0.996791, 0.053425, 0.035618, 0.000000, 0.000000, 0.000000, 1.000000
-30.0002, 50.0011, -15.6376, 277.7446, 299.7507, -50.0014, 215.6002, -8.5925, -64.2647, 35.6180, 0.985204, -0.057438, 0.161476, 0.050001, -0.017579, 0.903335, 0.428575, -0.015638, -0.170484, -0.425072, 0.888959, 0.277745, 0.000000, 0.000000, 0.000000, 1.000000, -0.170478, -0.425433, 0.888788, 0.299751, -0.985203, 0.057438, -0.161478, -0.050001, 0.017647, -0.903165, -0.428930, 0.215600, 0.000000, 0.000000, 0.000000, 1.000000, -0.997840, 0.060981, -0.024411, -0.008593, -0.027591, -0.051855, 0.998273, -0.064265, 0.059610, 0.996791, 0.053426, 0.035618, 0.000000, 0.000000, 0.000000, 1.000000
-30.0002, 50.0017, -15.6414, 277.7429, 299.7491, -50.0020, 215.6039, -8.5929, -64.2653, 35.6178, 0.985204, -0.057441, 0.161475, 0.050002, -0.017574, 0.903339, 0.428567, -0.015641, -0.170484, -0.425064, 0.888963, 0.277743, 0.000000, 0.000000, 0.000000, 1.000000, -0.170478, -0.425425, 0.888792, 0.299749, -0.985203, 0.057441, -0.161476, -0.050002, 0.017643, -0.903169, -0.428922, 0.215604, 0.000000, 0.000000, 0.000000, 1.000000, -0.997840, 0.060981, -0.024411, -0.008593, -0.027591, -0.051855, 0.998273, -0.064265, 0.059610, 0.996791, 0.053426, 0.035618, 0.000000, 0.000000, 0.000000, 1.000000
-30.0002, 50.0020, -15.6436, 277.7420, 299.7481, -50.0023, 215.6059, -8.5930, -64.2657, 35.6177, 0.985204, -0.057443, 0.161475, 0.050002, -0.017572, 0.903341, 0.428563, -0.015644, -0.170484, -0.425059, 0.888966, 0.277742, 0.000000, 0.000000, 0.000000, 1.000000, -0.170479, -0.425420, 0.888794, 0.299748, -0.985203, 0.057443, -0.161476, -0.050002, 0.017640, -0.903171, -0.428918, 0.215606, 0.000000, 0.000000, 0.000000, 1.000000, -0.997840, 0.060981, -0.024411, -0.008593, -0.027591, -0.051855, 0.998273, -0.064266, 0.059610, 0.996791, 0.053426, 0.035618, 0.000000, 0.000000, 0.000000, 1.000000
-30.0001, 50.0027, -15.6482, 277.7399, 299.7461, -50.0030, 215.6104, -8.5934, -64.2664, 35.6175, 0.985204, -0.057446, 0.161473, 0.050003, -0.017566, 0.903346, 0.428553, -0.015648, -0.170485, -0.425048, 0.888971, 0.277740, 0.000000, 0.000000, 0.000000, 1.000000, -0.170479, -0.425410, 0.888799, 0.299746, -0.985203, 0.057447, -0.161474, -0.050003, 0.017634, -0.903176, -0.428909, 0.215610, 0.000000, 0.000000, 0.000000, 1.000000, -0.997840, 0.060981, -0.024411, -0.008593, -0.027591, -0.051855, 0.998273, -0.064266, 0.059610, 0.996791, 0.053426, 0.035617, 0.000000, 0.000000, 0.000000, 1.000000
-30.0001, 50.0030, -15.6507, 277.7387, 299.7449, -50.0034, 215.6129, -8.5936, -64.2668, 35.6173, 0.985204, -0.057448, 0.161472, 0.050003, -0.017562, 0.903349, 0.428548, -0.015651, -0.170485, -0.425042, 0.888973, 0.277739, 0.000000, 0.000000, 0.000000, 1.000000, -0.170479, -0.425404, 0.888801, 0.299745, -0.985204, 0.057449, -0.161473, -0.050003, 0.017631, -0.903178, -0.428904, 0.215613, 0.000000, 0.000000, 0.000000, 1.000000, -0.997840, 0.060981, -0.024411, -0.008594, -0.027591, -0.051855, 0.998273, -0.064267, 0.059610, 0.996791, 0.053426, 0.035617, 0.000000, 0.000000, 0.000000, 1.000000
-30.0000, 50.0038, -15.6559, 277.7360, 299.7422, -50.0041, 215.6180, -8.5941, -64.2679, 35.6170, 0.985204, -0.057453, 0.161470, 0.050004, -0.017555, 0.903355, 0.428535, -0.015656, -0.170485, -0.425029, 0.888980, 0.277736, 0.000000, 0.000000, 0.000000, 1.000000, -0.170480, -0.425391, 0.888808, 0.299742, -0.985204, 0.057453, -0.161472, -0.050004, 0.017624, -0.903184, -0.428891, 0.215618, 0.000000, 0.000000, 0.000000, 1.000000, -0.997840, 0.060981, -0.024411, -0.008594, -0.027591, -0.051856, 0.998273, -0.064268, 0.059610, 0.996791, 0.053426, 0.035617, 0.000000, 0.000000, 0.000000, 1.000000
-29.9995, 50.0045, -15.6614, 277.7324, 299.7386, -50.0048, 215.6235, -8.5946, -64.2693, 35.6166, 0.985204, -0.057456, 0.161468, 0.050004, -0.017548, 0.903363, 0.428517, -0.015661, -0.170486, -0.425011, 0.888989, 0.277732, 0.000000, 0.000000, 0.000000, 1.000000, -0.170480, -0.425373, 0.888816, 0.299739, -0.985204, 0.057457, -0.161469, -0.050005, 0.017616, -0.903192, -0.428874, 0.215623, 0.000000, 0.000000, 0.000000, 1.000000, -0.997840, 0.060981, -0.024411, -0.008595, -0.027591, -0.051856, 0.998273, -0.064269, 0.059610, 0.996791, 0.053426, 0.035617, 0.000000, 0.000000, 0.000000, 1.000000
-29.9995, 50.0045, -15.6614, 277.7324, 299.7386, -50.0048, 215.6235, -8.5946, -64.2693, 35.6166, 0.985204, -0.057456, 0.161468, 0.050004, -0.017548, 0.903363, 0.428517, -0.015661, -0.170486, -0.425011, 0.888989, 0.277732, 0.000000, 0.000000, 0.000000, 1.000000, -0.170480, -0.425373, 0.888816, 0.299739, -0.985204, 0.057457, -0.161469, -0.050005, 0.017616, -0.903192, -0.428874, 0.215623, 0.000000, 0.000000, 0.000000, 1.000000, -0.997840, 0.060981, -0.024411, -0.008595, -0.027591, -0.051856, 0.998273, -0.064269, 0.059610, 0.996791, 0.053426, 0.035617, 0.000000, 0.000000, 0.000000, 1.000000
-29.9975, 50.0055, -15.6734, 277.7211, 299.7273, -50.0059, 215.6353, -8.5957, -64.2741, 35.6153, 0.985204, -0.057462, 0.161463, 0.050006, -0.017530, 0.903389, 0.428463, -0.015673, -0.170484, -0.424954, 0.889016, 0.277721, 0.000000, 0.000000, 0.000000, 1.000000, -0.170479, -0.425317, 0.888844, 0.299727, -0.985204, 0.057462, -0.161465, -0.050006, 0.017599, -0.903219, -0.428820, 0.215635, 0.000000, 0.000000, 0.000000, 1.000000, -0.997840, 0.060982, -0.024410, -0.008596, -0.027590, -0.051856, 0.998273, -0.064274, 0.059611, 0.996791, 0.053427, 0.035615, 0.000000, 0.000000, 0.000000, 1.000000
-29.9975, 50.0055, -15.6734, 277.7211, 299.7273, -50.0059, 215.6353, -8.5957, -64.2741, 35.6153, 0.985204, -0.057462, 0.161463, 0.050006, -0.017530, 0.903389, 0.428463, -0.015673, -0.170484, -0.424954, 0.889016, 0.277721, 0.000000, 0.000000, 0.000000, 1.000000, -0.170479, -0.425317, 0.888844, 0.299727, -0.985204, 0.057462, -0.161465, -0.050006, 0.017599, -0.903219, -0.428820, 0.215635, 0.000000, 0.000000, 0.000000, 1.000000, -0.997840, 0.060982, -0.024410, -0.008596, -0.027590, -0.051856, 0.998273, -0.064274, 0.059611, 0.996791, 0.053427, 0.035615, 0.000000, 0.000000, 0.000000, 1.000000
-29.9944, 50.0053, -15.6794, 277.7098, 299.7160, -50.0057, 215.6412, -8.5963, -64.2792, 35.6140, 0.985205, -0.057459, 0.161460, 0.050005, -0.017520, 0.903416, 0.428406, -0.015679, -0.170482, -0.424897, 0.889044, 0.277710, 0.000000, 0.000000, 0.000000, 1.000000, -0.170476, -0.425260, 0.888871, 0.299716, -0.985205, 0.057460, -0.161461, -0.050006, 0.017589, -0.903245, -0.428764, 0.215641, 0.000000, 0.000000, 0.000000, 1.000000, -0.997840, 0.060983, -0.024408, -0.008596, -0.027588, -0.051857, 0.998273, -0.064279, 0.059612, 0.996791, 0.053427, 0.035614, 0.000000, 0.000000, 0.000000, 1.000000
-29.9931, 50.0048, -15.6794, 277.7059, 299.7121, -50.0051, 215.6411, -8.5964, -64.2811, 35.6136, 0.985205, -0.057456, 0.161460, 0.050005, -0.017519, 0.903426, 0.428386, -0.015679, -0.170480, -0.424877, 0.889054, 0.277706, 0.000000, 0.000000, 0.000000, 1.000000, -0.170474, -0.425240, 0.888881, 0.299712, -0.985205, 0.057456, -0.161461, -0.050005, 0.017588, -0.903255, -0.428744, 0.215641, 0.000000, 0.000000, 0.000000, 1.000000, -0.997840, 0.060983, -0.024408, -0.008596, -0.027588, -0.051857, 0.998273, -0.064281, 0.059612, 0.996791, 0.053427, 0.035614, 0.000000, 0.000000, 0.000000, 1.000000
-29.9897, 50.0036, -15.6800, 277.6960, 299.7023, -50.0039, 215.6415, -8.5966, -64.2858, 35.6125, 0.985206, -0.057448, 0.161458, 0.050004, -0.017516, 0.903450, 0.428335, -0.015680, -0.170476, -0.424826, 0.889078, 0.277696, 0.000000, 0.000000, 0.000000, 1.000000, -0.170471, -0.425190, 0.888905, 0.299702, -0.985206, 0.057448, -0.161459, -0.050004, 0.017585, -0.903279, -0.428693, 0.215642, 0.000000, 0.000000, 0.000000, 1.000000, -0.997840, 0.060984, -0.024406, -0.008597, -0.027586, -0.051857, 0.998273, -0.064286, 0.059613, 0.996791, 0.053427, 0.035612, 0.000000, 0.000000, 0.000000, 1.000000
-29.9855, 50.0021, -15.6814, 277.6832, 299.6894, -50.0025, 215.6428, -8.5969, -64.2920, 35.6111, 0.985207, -0.057439, 0.161456, 0.050002, -0.017511, 0.903482, 0.428269, -0.015681, -0.170472, -0.424761, 0.889110, 0.277683, 0.000000, 0.000000, 0.000000, 1.000000, -0.170466, -0.425126, 0.888937, 0.299689, -0.985207, 0.057439, -0.161457, -0.050003, 0.017580, -0.903310, -0.428628, 0.215643, 0.000000, 0.000000, 0.000000, 1.000000, -0.997840, 0.060986, -0.024403, -0.008597, -0.027583, -0.051857, 0.998274, -0.064292, 0.059615, 0.996791, 0.053427, 0.035611, 0.000000, 0.000000, 0.000000, 1.000000
-29.9830, 50.0013, -15.6824, 277.6756, 299.6819, -50.0017, 215.6437, -8.5971, -64.2956, 35.6102, 0.985207, -0.057433, 0.161455, 0.050001, -0.017508, 0.903500, 0.428231, -0.015682, -0.170469, -0.424723, 0.889129, 0.277676, 0.000000, 0.000000, 0.000000, 1.000000, -0.170463, -0.425087, 0.888956, 0.299682, -0.985207, 0.057434, -0.161456, -0.050002, 0.017577, -0.903328, -0.428590, 0.215644, 0.000000, 0.000000, 0.000000, 1.000000, -0.997840, 0.060986, -0.024402, -0.008597, -0.027582, -0.051857, 0.998274, -0.064296, 0.059616, 0.996791, 0.053427, 0.035610, 0.000000, 0.000000, 0.000000, 1.000000
-29.9773, 49.9996, -15.6851, 277.6581, 299.6644, -49.9999, 215.6463, -8.5975, -64.3039, 35.6083, 0.985209, -0.057422, 0.161452, 0.050000, -0.017500, 0.903542, 0.428141, -0.015685, -0.170463, -0.424634, 0.889173, 0.277658, 0.000000, 0.000000, 0.000000, 1.000000, -0.170457, -0.424999, 0.889000, 0.299664, -0.985208, 0.057422, -0.161453, -0.050000, 0.017569, -0.903371, -0.428501, 0.215646, 0.000000, 0.000000, 0.000000, 1.000000, -0.997840, 0.060988, -0.024399, -0.008598, -0.027579, -0.051857, 0.998274, -0.064304, 0.059617, 0.996791, 0.053427, 0.035608, 0.000000, 0.000000, 0.000000, 1.000000
-29.9741, 49.9986, -15.6867, 277.6481, 299.6544, -49.9990, 215.6479, -8.5978, -64.3087, 35.6072, 0.985209, -0.057415, 0.161450, 0.049999, -0.017496, 0.903567, 0.428090, -0.015687, -0.170460, -0.424583, 0.889198, 0.277648, 0.000000, 0.000000, 0.000000, 1.000000, -0.170454, -0.424948, 0.889024, 0.299654, -0.985209, 0.057416, -0.161451, -0.049999, 0.017565, -0.903395, -0.428450, 0.215648, 0.000000, 0.000000, 0.000000, 1.000000, -0.997840, 0.060989, -0.024397, -0.008598, -0.027577, -0.051857, 0.998274, -0.064309, 0.059618, 0.996790, 0.053427, 0.035607, 0.000000, 0.000000, 0.000000, 1.000000
-29.9668, 49.9964, -15.6907, 277.6254, 299.6316, -49.9967, 215.6518, -8.5985, -64.3194, 35.6047, 0.985211, -0.057400, 0.161446, 0.049996, -0.017485, 0.903622, 0.427974, -0.015691, -0.170452, -0.424468, 0.889254, 0.277625, 0.000000, 0.000000, 0.000000, 1.000000, -0.170446, -0.424833, 0.889081, 0.299632, -0.985211, 0.057401, -0.161447, -0.049997, 0.017554, -0.903450, -0.428334, 0.215652, 0.000000, 0.000000, 0.000000, 1.000000, -0.997840, 0.060991, -0.024393, -0.008598, -0.027574, -0.051858, 0.998274, -0.064319, 0.059621, 0.996790, 0.053427, 0.035605, 0.000000, 0.000000, 0.000000, 1.000000
-29.9537, 49.9925, -15.6981, 277.5845, 299.5907, -49.9929, 215.6590, -8.5997, -64.3388, 35.6001, 0.985214, -0.057375, 0.161438, 0.049992, -0.017465, 0.903721, 0.427766, -0.015698, -0.170438, -0.424261, 0.889356, 0.277584, 0.000000, 0.000000, 0.000000, 1.000000, -0.170432, -0.424627, 0.889182, 0.299591, -0.985213, 0.057375, -0.161439, -0.049993, 0.017534, -0.903549, -0.428127, 0.215659, 0.000000, 0.000000, 0.000000, 1.000000, -0.997840, 0.060995, -0.024386, -0.008600, -0.027567, -0.051858, 0.998274, -0.064339, 0.059625, 0.996790, 0.053428, 0.035600, 0.000000, 0.000000, 0.000000, 1.000000
-29.9488, 49.9910, -15.7009, 277.5690, 299.5753, -49.9914, 215.6619, -8.6001, -64.3461, 35.5984, 0.985215, -0.057365, 0.161435, 0.049991, -0.017458, 0.903758, 0.427688, -0.015701, -0.170433, -0.424183, 0.889394, 0.277569, 0.000000, 0.000000, 0.000000, 1.000000, -0.170427, -0.424549, 0.889220, 0.299575, -0.985214, 0.057366, -0.161436, -0.049991, 0.017527, -0.903586, -0.428048, 0.215662, 0.000000, 0.000000, 0.000000, 1.000000, -0.997840, 0.060996, -0.024383, -0.008600, -0.027564, -0.051859, 0.998274, -0.064346, 0.059626, 0.996790, 0.053428, 0.035598, 0.000000, 0.000000, 0.000000, 1.000000
-29.9381, 49.9879, -15.7071, 277.5354, 299.5417, -49.9882, 215.6680, -8.6011, -64.3619, 35.5947, 0.985217, -0.057344, 0.161429, 0.049988, -0.017442, 0.903839, 0.427517, -0.015707, -0.170421, -0.424013, 0.889477, 0.277535, 0.000000, 0.000000, 0.000000, 1.000000, -0.170416, -0.424379, 0.889304, 0.299542, -0.985217, 0.057345, -0.161430, -0.049988, 0.017511, -0.903667, -0.427878, 0.215668, 0.000000, 0.000000, 0.000000, 1.000000, -0.997840, 0.060999, -0.024378, -0.008601, -0.027558, -0.051859, 0.998274, -0.064362, 0.059630, 0.996790, 0.053428, 0.035595, 0.000000, 0.000000, 0.000000, 1.000000
-29.9323, 49.9862, -15.7105, 277.5173, 299.5236, -49.9865, 215.6714, -8.6017, -64.3704, 35.5927, 0.985218, -0.057333, 0.161425, 0.049986, -0.017433, 0.903883, 0.427425, -0.015711, -0.170415, -0.423921, 0.889522, 0.277517, 0.000000, 0.000000, 0.000000, 1.000000, -0.170409, -0.424288, 0.889348, 0.299524, -0.985218, 0.057334, -0.161427, -0.049987, 0.017502, -0.903711, -0.427786, 0.215671, 0.000000, 0.000000, 0.000000, 1.000000, -0.997840, 0.061001, -0.024374, -0.008602, -0.027555, -0.051859, 0.998274, -0.064370, 0.059632, 0.996790, 0.053428, 0.035593, 0.000000, 0.000000, 0.000000, 1.000000
-29.9200, 49.9825, -15.7177, 277.4786, 299.4849, -49.9829, 215.6785, -8.6028, -64.3887, 35.5884, 0.985221, -0.057309, 0.161418, 0.049983, -0.017414, 0.903976, 0.427229, -0.015718, -0.170402, -0.423725, 0.889618, 0.277479, 0.000000, 0.000000, 0.000000, 1.000000, -0.170396, -0.424092, 0.889444, 0.299485, -0.985221, 0.057309, -0.161419, -0.049983, 0.017483, -0.903804, -0.427590, 0.215679, 0.000000, 0.000000, 0.000000, 1.000000, -0.997840, 0.061005, -0.024368, -0.008603, -0.027549, -0.051860, 0.998274, -0.064389, 0.059636, 0.996789, 0.053428, 0.035588, 0.000000, 0.000000, 0.000000, 1.000000
-29.9067, 49.9786, -15.7255, 277.4366, 299.4429, -49.9789, 215.6863, -8.6041, -64.4085, 35.5837, 0.985224, -0.057283, 0.161410, 0.049979, -0.017393, 0.904077, 0.427016, -0.015725, -0.170388, -0.423513, 0.889722, 0.277437, 0.000000, 0.000000, 0.000000, 1.000000, -0.170382, -0.423880, 0.889548, 0.299443, -0.985223, 0.057283, -0.161411, -0.049979, 0.017463, -0.903905, -0.427377, 0.215686, 0.000000, 0.000000, 0.000000, 1.000000, -0.997840, 0.061008, -0.024360, -0.008604, -0.027542, -0.051861, 0.998274, -0.064408, 0.059640, 0.996789, 0.053429, 0.035584, 0.000000, 0.000000, 0.000000, 1.000000
-29.8997, 49.9765, -15.7296, 277.4146, 299.4209, -49.9768, 215.6903, -8.6047, -64.4188, 35.5813, 0.985225, -0.057269, 0.161405, 0.049976, -0.017383, 0.904130, 0.426904, -0.015730, -0.170380, -0.423402, 0.889776, 0.277415, 0.000000, 0.000000, 0.000000, 1.000000, -0.170374, -0.423769, 0.889602, 0.299421, -0.985225, 0.057270, -0.161407, -0.049977, 0.017452, -0.903958, -0.427265, 0.215690, 0.000000, 0.000000, 0.000000, 1.000000, -0.997840, 0.061011, -0.024357, -0.008605, -0.027538, -0.051861, 0.998275, -0.064419, 0.059642, 0.996789, 0.053429, 0.035581, 0.000000, 0.000000, 0.000000, 1.000000
-29.8849, 49.9721, -15.7381, 277.3683, 299.3746, -49.9724, 215.6988, -8.6061, -64.4406, 35.5761, 0.985228, -0.057240, 0.161396, 0.049972, -0.017360, 0.904241, 0.426669, -0.015738, -0.170364, -0.423168, 0.889890, 0.277368, 0.000000, 0.000000, 0.000000, 1.000000, -0.170358, -0.423535, 0.889717, 0.299375, -0.985228, 0.057241, -0.161397, -0.049972, 0.017429, -0.904069, -0.427030, 0.215699, 0.000000, 0.000000, 0.000000, 1.000000, -0.997840, 0.061015, -0.024349, -0.008606, -0.027530, -0.051862, 0.998275, -0.064441, 0.059647, 0.996789, 0.053429, 0.035576, 0.000000, 0.000000, 0.000000, 1.000000
-29.8772, 49.9698, -15.7425, 277.3441, 299.3504, -49.9701, 215.7032, -8.6068, -64.4520, 35.5734, 0.985230, -0.057225, 0.161392, 0.049970, -0.017348, 0.904299, 0.426546, -0.015742, -0.170355, -0.423046, 0.889950, 0.277344, 0.000000, 0.000000, 0.000000, 1.000000, -0.170350, -0.423413, 0.889776, 0.299350, -0.985230, 0.057226, -0.161393, -0.049970, 0.017418, -0.904127, -0.426908, 0.215703, 0.000000, 0.000000, 0.000000, 1.000000, -0.997840, 0.061017, -0.024344, -0.008607, -0.027526, -0.051862, 0.998275, -0.064452, 0.059649, 0.996788, 0.053429, 0.035573, 0.000000, 0.000000, 0.000000, 1.000000
-29.8613, 49.9649, -15.7516, 277.2938, 299.3002, -49.9653, 215.7123, -8.6083, -64.4756, 35.5678, 0.985233, -0.057194, 0.161382, 0.049965, -0.017324, 0.904420, 0.426292, -0.015752, -0.170338, -0.422793, 0.890074, 0.277294, 0.000000, 0.000000, 0.000000, 1.000000, -0.170332, -0.423160, 0.889900, 0.299300, -0.985233, 0.057194, -0.161383, -0.049965, 0.017393, -0.904248, -0.426653, 0.215712, 0.000000, 0.000000, 0.000000, 1.000000, -0.997840, 0.061022, -0.024336, -0.008608, -0.027518, -0.051863, 0.998275, -0.064476, 0.059654, 0.996788, 0.053430, 0.035568, 0.000000, 0.000000, 0.000000, 1.000000
-29.8530, 49.9624, -15.7562, 277.2679, 299.2742, -49.9628, 215.7170, -8.6091, -64.4878, 35.5649, 0.985235, -0.057178, 0.161376, 0.049962, -0.017312, 0.904482, 0.426160, -0.015756, -0.170329, -0.422662, 0.890138, 0.277268, 0.000000, 0.000000, 0.000000, 1.000000, -0.170323, -0.423029, 0.889964, 0.299274, -0.985235, 0.057178, -0.161378, -0.049963, 0.017381, -0.904310, -0.426522, 0.215717, 0.000000, 0.000000, 0.000000, 1.000000, -0.997840, 0.061024, -0.024331, -0.008609, -0.027514, -0.051863, 0.998275, -0.064488, 0.059657, 0.996788, 0.053430, 0.035565, 0.000000, 0.000000, 0.000000, 1.000000
-29.8360, 49.9572, -15.7657, 277.2143, 299.2206, -49.9576, 215.7265, -8.6106, -64.5130, 35.5590, 0.985239, -0.057144, 0.161366, 0.049957, -0.017286, 0.904610, 0.425889, -0.015766, -0.170310, -0.422391, 0.890270, 0.277214, 0.000000, 0.000000, 0.000000, 1.000000, -0.170304, -0.422759, 0.890096, 0.299221, -0.985239, 0.057144, -0.161367, -0.049958, 0.017355, -0.904439, -0.426250, 0.215727, 0.000000, 0.000000, 0.000000, 1.000000, -0.997840, 0.061029, -0.024322, -0.008611, -0.027505, -0.051864, 0.998275, -0.064513, 0.059662, 0.996788, 0.053430, 0.035559, 0.000000, 0.000000, 0.000000, 1.000000
-29.8183, 49.9518, -15.7754, 277.1588, 299.1651, -49.9522, 215.7363, -8.6122, -64.5391, 35.5528, 0.985243, -0.057109, 0.161354, 0.049952, -0.017259, 0.904743, 0.425607, -0.015775, -0.170290, -0.422111, 0.890406, 0.277159, 0.000000, 0.000000, 0.000000, 1.000000, -0.170284, -0.422479, 0.890233, 0.299165, -0.985243, 0.057109, -0.161356, -0.049952, 0.017329, -0.904572, -0.425969, 0.215736, 0.000000, 0.000000, 0.000000, 1.000000, -0.997840, 0.061034, -0.024312, -0.008612, -0.027495, -0.051865, 0.998276, -0.064539, 0.059668, 0.996787, 0.053431, 0.035553, 0.000000, 0.000000, 0.000000, 1.000000
-29.8183, 49.9518, -15.7754, 277.1588, 299.1651, -49.9522, 215.7363, -8.6122, -64.5391, 35.5528, 0.985243, -0.057109, 0.161354, 0.049952, -0.017259, 0.904743, 0.425607, -0.015775, -0.170290, -0.422111, 0.890406, 0.277159, 0.000000, 0.000000, 0.000000, 1.000000, -0.170284, -0.422479, 0.890233, 0.299165, -0.985243, 0.057109, -0.161356, -0.049952, 0.017329, -0.904572, -0.425969, 0.215736, 0.000000, 0.000000, 0.000000, 1.000000, -0.997840, 0.061034, -0.024312, -0.008612, -0.027495, -0.051865, 0.998276, -0.064539, 0.059668, 0.996787, 0.053431, 0.035553, 0.000000, 0.000000, 0.000000, 1.000000
-29.7909, 49.9433, -15.7903, 277.0727, 299.0790, -49.9437, 215.7511, -8.6147, -64.5796, 35.5432, 0.985249, -0.057054, 0.161337, 0.049943, -0.017219, 0.904949, 0.425171, -0.015790, -0.170259, -0.421677, 0.890618, 0.277073, 0.000000, 0.000000, 0.000000, 1.000000, -0.170254, -0.422045, 0.890445, 0.299079, -0.985249, 0.057055, -0.161338, -0.049944, 0.017288, -0.904778, -0.425533, 0.215751, 0.000000, 0.000000, 0.000000, 1.000000, -0.997839, 0.061042, -0.024297, -0.008615, -0.027481, -0.051866, 0.998276, -0.064580, 0.059677, 0.996787, 0.053432, 0.035543, 0.000000, 0.000000, 0.000000, 1.000000
-29.7815, 49.9404, -15.7952, 277.0433, 299.0496, -49.9408, 215.7561, -8.6155, -64.5934, 35.5399, 0.985251, -0.057035, 0.161331, 0.049940, -0.017205, 0.905019, 0.425022, -0.015795, -0.170249, -0.421529, 0.890690, 0.277043, 0.000000, 0.000000, 0.000000, 1.000000, -0.170243, -0.421897, 0.890517, 0.299050, -0.985251, 0.057036, -0.161332, -0.049941, 0.017274, -0.904848, -0.425384, 0.215756, 0.000000, 0.000000, 0.000000, 1.000000, -0.997839, 0.061045, -0.024292, -0.008616, -0.027476, -0.051867, 0.998276, -0.064593, 0.059680, 0.996787, 0.053432, 0.035540, 0.000000, 0.000000, 0.000000, 1.000000
-29.7625, 49.9345, -15.8052, 276.9838, 298.9901, -49.9348, 215.7662, -8.6172, -64.6214, 35.5332, 0.985255, -0.056997, 0.161319, 0.049934, -0.017177, 0.905161, 0.424721, -0.015805, -0.170227, -0.421230, 0.890836, 0.276984, 0.000000, 0.000000, 0.000000, 1.000000, -0.170222, -0.421597, 0.890663, 0.298990, -0.985255, 0.056998, -0.161320, -0.049935, 0.017246, -0.904990, -0.425083, 0.215766, 0.000000, 0.000000, 0.000000, 1.000000, -0.997839, 0.061051, -0.024282, -0.008617, -0.027466, -0.051867, 0.998276, -0.064621, 0.059686, 0.996786, 0.053432, 0.035533, 0.000000, 0.000000, 0.000000, 1.000000
-29.7529, 49.9315, -15.8102, 276.9538, 298.9601, -49.9318, 215.7712, -8.6180, -64.6354, 35.5299, 0.985257, -0.056978, 0.161312, 0.049931, -0.017163, 0.905233, 0.424569, -0.015810, -0.170216, -0.421079, 0.890909, 0.276954, 0.000000, 0.000000, 0.000000, 1.000000, -0.170211, -0.421446, 0.890736, 0.298960, -0.985257, 0.056979, -0.161314, -0.049932, 0.017232, -0.905062, -0.424931, 0.215771, 0.000000, 0.000000, 0.000000, 1.000000, -0.997839, 0.061054, -0.024277, -0.008618, -0.027461, -0.051868, 0.998276, -0.064635, 0.059689, 0.996786, 0.053432, 0.035530, 0.000000, 0.000000, 0.000000, 1.000000
-29.7239, 49.9223, -15.8250, 276.8628, 298.8691, -49.9226, 215.7861, -8.6205, -64.6782, 35.5197, 0.985264, -0.056919, 0.161294, 0.049922, -0.017121, 0.905449, 0.424109, -0.015825, -0.170183, -0.420620, 0.891132, 0.276863, 0.000000, 0.000000, 0.000000, 1.000000, -0.170177, -0.420988, 0.890959, 0.298869, -0.985263, 0.056920, -0.161295, -0.049923, 0.017190, -0.905279, -0.424471, 0.215786, 0.000000, 0.000000, 0.000000, 1.000000, -0.997839, 0.061062, -0.024261, -0.008621, -0.027445, -0.051869, 0.998277, -0.064678, 0.059698, 0.996785, 0.053433, 0.035520, 0.000000, 0.000000, 0.000000, 1.000000
-29.7142, 49.9192, -15.8299, 276.8323, 298.8386, -49.9195, 215.7910, -8.6214, -64.6925, 35.5163, 0.985266, -0.056900, 0.161287, 0.049919, -0.017107, 0.905522, 0.423954, -0.015830, -0.170172, -0.420467, 0.891207, 0.276832, 0.000000, 0.000000, 0.000000, 1.000000, -0.170166, -0.420834, 0.891034, 0.298839, -0.985266, 0.056900, -0.161288, -0.049920, 0.017176, -0.905351, -0.424316, 0.215791, 0.000000, 0.000000, 0.000000, 1.000000, -0.997839, 0.061065, -0.024255, -0.008621, -0.027440, -0.051870, 0.998277, -0.064692, 0.059702, 0.996785, 0.053433, 0.035516, 0.000000, 0.000000, 0.000000, 1.000000
-29.6947, 49.9129, -15.8396, 276.7713, 298.7776, -49.9133, 215.8008, -8.6230, -64.7211, 35.5094, 0.985270, -0.056860, 0.161274, 0.049913, -0.017079, 0.905667, 0.423646, -0.015840, -0.170149, -0.420160, 0.891356, 0.276771, 0.000000, 0.000000, 0.000000, 1.000000, -0.170144, -0.420527, 0.891183, 0.298778, -0.985270, 0.056860, -0.161276, -0.049913, 0.017148, -0.905496, -0.424008, 0.215801, 0.000000, 0.000000, 0.000000, 1.000000, -0.997839, 0.061071, -0.024245, -0.008623, -0.027430, -0.051871, 0.998277, -0.064721, 0.059708, 0.996785, 0.053434, 0.035509, 0.000000, 0.000000, 0.000000, 1.000000
-29.6849, 49.9098, -15.8444, 276.7408, 298.7471, -49.9101, 215.8056, -8.6239, -64.7354, 35.5060, 0.985272, -0.056840, 0.161268, 0.049910, -0.017065, 0.905739, 0.423492, -0.015844, -0.170138, -0.420007, 0.891430, 0.276741, 0.000000, 0.000000, 0.000000, 1.000000, -0.170132, -0.420374, 0.891258, 0.298747, -0.985272, 0.056841, -0.161269, -0.049910, 0.017134, -0.905569, -0.423853, 0.215806, 0.000000, 0.000000, 0.000000, 1.000000, -0.997839, 0.061074, -0.024239, -0.008624, -0.027425, -0.051871, 0.998277, -0.064735, 0.059711, 0.996785, 0.053434, 0.035506, 0.000000, 0.000000, 0.000000, 1.000000
-29.6654, 49.9035, -15.8538, 276.6797, 298.6860, -49.9038, 215.8151, -8.6255, -64.7641, 35.4991, 0.985277, -0.056800, 0.161255, 0.049903, -0.017037, 0.905884, 0.423183, -0.015854, -0.170115, -0.419699, 0.891579, 0.276680, 0.000000, 0.000000, 0.000000, 1.000000, -0.170110, -0.420067, 0.891407, 0.298686, -0.985277, 0.056801, -0.161256, -0.049904, 0.017106, -0.905714, -0.423544, 0.215815, 0.000000, 0.000000, 0.000000, 1.000000, -0.997839, 0.061079, -0.024229, -0.008626, -0.027415, -0.051872, 0.998277, -0.064764, 0.059717, 0.996784, 0.053434, 0.035499, 0.000000, 0.000000, 0.000000, 1.000000
-29.6459, 49.8971, -15.8631, 276.6188, 298.6252, -49.8975, 215.8245, -8.6271, -64.7926, 35.4923, 0.985281, -0.056760, 0.161242, 0.049897, -0.017010, 0.906028, 0.422875, -0.015863, -0.170093, -0.419393, 0.891727, 0.276619, 0.000000, 0.000000, 0.000000, 1.000000, -0.170087, -0.419760, 0.891556, 0.298625, -0.985281, 0.056760, -0.161244, -0.049897, 0.017079, -0.905859, -0.423236, 0.215824, 0.000000, 0.000000, 0.000000, 1.000000, -0.997839, 0.061085, -0.024218, -0.008627, -0.027404, -0.051873, 0.998278, -0.064793, 0.059724, 0.996784, 0.053435, 0.035492, 0.000000, 0.000000, 0.000000, 1.000000
-29.6362, 49.8940, -15.8676, 276.5886, 298.5949, -49.8943, 215.8290, -8.6279, -64.8068, 35.4889, 0.985283, -0.056740, 0.161236, 0.049894, -0.016996, 0.906100, 0.422722, -0.015868, -0.170081, -0.419241, 0.891801, 0.276589, 0.000000, 0.000000, 0.000000, 1.000000, -0.170076, -0.419608, 0.891630, 0.298595, -0.985283, 0.056741, -0.161237, -0.049894, 0.017065, -0.905930, -0.423083, 0.215829, 0.000000, 0.000000, 0.000000, 1.000000, -0.997839, 0.061088, -0.024213, -0.008628, -0.027399, -0.051873, 0.998278, -0.064807, 0.059727, 0.996784, 0.053435, 0.035489, 0.000000, 0.000000, 0.000000, 1.000000
-29.6169, 49.8877, -15.8765, 276.5284, 298.5347, -49.8880, 215.8380, -8.6295, -64.8351, 35.4821, 0.985288, -0.056700, 0.161223, 0.049888, -0.016969, 0.906243, 0.422418, -0.015877, -0.170058, -0.418939, 0.891948, 0.276528, 0.000000, 0.000000, 0.000000, 1.000000, -0.170053, -0.419305, 0.891776, 0.298535, -0.985288, 0.056701, -0.161224, -0.049888, 0.017038, -0.906073, -0.422778, 0.215838, 0.000000, 0.000000, 0.000000, 1.000000, -0.997839, 0.061094, -0.024202, -0.008630, -0.027389, -0.051874, 0.998278, -0.064835, 0.059733, 0.996783, 0.053435, 0.035482, 0.000000, 0.000000, 0.000000, 1.000000
-29.6073, 49.8845, -15.8809, 276.4985, 298.5048, -49.8849, 215.8425, -8.6303, -64.8491, 35.4787, 0.985290, -0.056680, 0.161217, 0.049884, -0.016956, 0.906313, 0.422266, -0.015881, -0.170047, -0.418788, 0.892020, 0.276498, 0.000000, 0.000000, 0.000000, 1.000000, -0.170042, -0.419155, 0.891849, 0.298505, -0.985290, 0.056681, -0.161218, -0.049885, 0.017025, -0.906144, -0.422627, 0.215842, 0.000000, 0.000000, 0.000000, 1.000000, -0.997839, 0.061096, -0.024197, -0.008630, -0.027384, -0.051875, 0.998278, -0.064849, 0.059736, 0.996783, 0.053436, 0.035479, 0.000000, 0.000000, 0.000000, 1.000000
-29.5882, 49.8782, -15.8895, 276.4390, 298.4453, -49.8786, 215.8512, -8.6319, -64.8770, 35.4720, 0.985294, -0.056641, 0.161204, 0.049878, -0.016929, 0.906454, 0.421965, -0.015889, -0.170025, -0.418489, 0.892165, 0.276439, 0.000000, 0.000000, 0.000000, 1.000000, -0.170019, -0.418855, 0.891994, 0.298445, -0.985294, 0.056641, -0.161205, -0.049879, 0.016998, -0.906285, -0.422326, 0.215851, 0.000000, 0.000000, 0.000000, 1.000000, -0.997838, 0.061102, -0.024187, -0.008632, -0.027374, -0.051875, 0.998278, -0.064877, 0.059742, 0.996783, 0.053436, 0.035472, 0.000000, 0.000000, 0.000000, 1.000000
-29.5787, 49.8751, -15.8937, 276.4094, 298.4157, -49.8754, 215.8554, -8.6326, -64.8909, 35.4687, 0.985297, -0.056621, 0.161198, 0.049875, -0.016916, 0.906524, 0.421816, -0.015894, -0.170013, -0.418340, 0.892237, 0.276409, 0.000000, 0.000000, 0.000000, 1.000000, -0.170008, -0.418707, 0.892066, 0.298416, -0.985296, 0.056621, -0.161199, -0.049875, 0.016985, -0.906355, -0.422176, 0.215855, 0.000000, 0.000000, 0.000000, 1.000000, -0.997838, 0.061105, -0.024181, -0.008633, -0.027369, -0.051876, 0.998278, -0.064891, 0.059745, 0.996782, 0.053436, 0.035469, 0.000000, 0.000000, 0.000000, 1.000000
-29.5693, 49.8719, -15.8978, 276.3800, 298.3864, -49.8723, 215.8596, -8.6334, -64.9046, 35.4654, 0.985299, -0.056601, 0.161192, 0.049872, -0.016904, 0.906593, 0.421667, -0.015898, -0.170002, -0.418193, 0.892308, 0.276380, 0.000000, 0.000000, 0.000000, 1.000000, -0.169997, -0.418559, 0.892138, 0.298386, -0.985298, 0.056602, -0.161193, -0.049872, 0.016972, -0.906424, -0.422028, 0.215860, 0.000000, 0.000000, 0.000000, 1.000000, -0.997838, 0.061108, -0.024176, -0.008633, -0.027364, -0.051876, 0.998279, -0.064905, 0.059748, 0.996782, 0.053436, 0.035465, 0.000000, 0.000000, 0.000000, 1.000000
-29.5414, 49.8626, -15.9098, 276.2932, 298.2996, -49.8630, 215.8718, -8.6356, -64.9454, 35.4556, 0.985305, -0.056543, 0.161173, 0.049863, -0.016866, 0.906798, 0.421228, -0.015910, -0.169969, -0.417756, 0.892519, 0.276293, 0.000000, 0.000000, 0.000000, 1.000000, -0.169963, -0.418122, 0.892349, 0.298300, -0.985305, 0.056543, -0.161174, -0.049863, 0.016934, -0.906629, -0.421588, 0.215872, 0.000000, 0.000000, 0.000000, 1.000000, -0.997838, 0.061116, -0.024161, -0.008636, -0.027349, -0.051878, 0.998279, -0.064945, 0.059757, 0.996782, 0.053437, 0.035456, 0.000000, 0.000000, 0.000000, 1.000000
-29.5322, 49.8595, -15.9137, 276.2647, 298.2710, -49.8599, 215.8758, -8.6363, -64.9588, 35.4523, 0.985307, -0.056523, 0.161167, 0.049860, -0.016853, 0.906865, 0.421084, -0.015914, -0.169958, -0.417613, 0.892588, 0.276265, 0.000000, 0.000000, 0.000000, 1.000000, -0.169953, -0.417978, 0.892418, 0.298271, -0.985307, 0.056524, -0.161168, -0.049860, 0.016922, -0.906697, -0.421443, 0.215876, 0.000000, 0.000000, 0.000000, 1.000000, -0.997838, 0.061119, -0.024156, -0.008636, -0.027344, -0.051878, 0.998279, -0.064959, 0.059760, 0.996781, 0.053437, 0.035452, 0.000000, 0.000000, 0.000000, 1.000000
-29.5140, 49.8534, -15.9213, 276.2081, 298.2144, -49.8538, 215.8835, -8.6378, -64.9853, 35.4459, 0.985311, -0.056485, 0.161155, 0.049853, -0.016829, 0.906998, 0.420797, -0.015921, -0.169936, -0.417329, 0.892725, 0.276208, 0.000000, 0.000000, 0.000000, 1.000000, -0.169931, -0.417694, 0.892556, 0.298214, -0.985311, 0.056486, -0.161156, -0.049854, 0.016897, -0.906830, -0.421157, 0.215883, 0.000000, 0.000000, 0.000000, 1.000000, -0.997838, 0.061124, -0.024146, -0.008638, -0.027335, -0.051879, 0.998279, -0.064985, 0.059766, 0.996781, 0.053437, 0.035446, 0.000000, 0.000000, 0.000000, 1.000000
-29.4960, 49.8474, -15.9287, 276.1524, 298.1587, -49.8478, 215.8910, -8.6392, -65.0114, 35.4396, 0.985315, -0.056447, 0.161143, 0.049847, -0.016805, 0.907130, 0.420515, -0.015929, -0.169915, -0.417048, 0.892860, 0.276152, 0.000000, 0.000000, 0.000000, 1.000000, -0.169909, -0.417413, 0.892691, 0.298159, -0.985315, 0.056448, -0.161145, -0.049848, 0.016873, -0.906962, -0.420875, 0.215891, 0.000000, 0.000000, 0.000000, 1.000000, -0.997838, 0.061129, -0.024136, -0.008639, -0.027325, -0.051880, 0.998279, -0.065011, 0.059772, 0.996781, 0.053438, 0.035440, 0.000000, 0.000000, 0.000000, 1.000000
-29.4871, 49.8444, -15.9323, 276.1248, 298.1311, -49.8448, 215.8947, -8.6399, -65.0244, 35.4365, 0.985317, -0.056429, 0.161138, 0.049844, -0.016793, 0.907195, 0.420376, -0.015932, -0.169904, -0.416910, 0.892927, 0.276125, 0.000000, 0.000000, 0.000000, 1.000000, -0.169899, -0.417275, 0.892758, 0.298131, -0.985317, 0.056429, -0.161139, -0.049845, 0.016862, -0.907027, -0.420735, 0.215895, 0.000000, 0.000000, 0.000000, 1.000000, -0.997838, 0.061132, -0.024131, -0.008640, -0.027321, -0.051880, 0.998280, -0.065024, 0.059775, 0.996780, 0.053438, 0.035436, 0.000000, 0.000000, 0.000000, 1.000000
-29.4696, 49.8385, -15.9393, 276.0703, 298.0766, -49.8389, 215.9018, -8.6412, -65.0499, 35.4303, 0.985321, -0.056391, 0.161126, 0.049838, -0.016770, 0.907323, 0.420100, -0.015939, -0.169883, -0.416636, 0.893059, 0.276070, 0.000000, 0.000000, 0.000000, 1.000000, -0.169878, -0.417000, 0.892890, 0.298077, -0.985321, 0.056392, -0.161127, -0.049839, 0.016838, -0.907155, -0.420459, 0.215902, 0.000000, 0.000000, 0.000000, 1.000000, -0.997838, 0.061137, -0.024122, -0.008641, -0.027311, -0.051881, 0.998280, -0.065050, 0.059780, 0.996780, 0.053438, 0.035430, 0.000000, 0.000000, 0.000000, 1.000000
-29.4609, 49.8355, -15.9427, 276.0433, 298.0497, -49.8359, 215.9054, -8.6419, -65.0626, 35.4272, 0.985323, -0.056373, 0.161120, 0.049836, -0.016759, 0.907386, 0.419964, -0.015943, -0.169873, -0.416500, 0.893124, 0.276043, 0.000000, 0.000000, 0.000000, 1.000000, -0.169868, -0.416865, 0.892955, 0.298050, -0.985323, 0.056374, -0.161122, -0.049836, 0.016827, -0.907219, -0.420322, 0.215905, 0.000000, 0.000000, 0.000000, 1.000000, -0.997838, 0.061140, -0.024117, -0.008642, -0.027307, -0.051881, 0.998280, -0.065063, 0.059783, 0.996780, 0.053438, 0.035427, 0.000000, 0.000000, 0.000000, 1.000000
-29.4437, 49.8297, -15.9495, 275.9902, 297.9965, -49.8301, 215.9122, -8.6432, -65.0875, 35.4211, 0.985327, -0.056337, 0.161109, 0.049830, -0.016736, 0.907511, 0.419695, -0.015949, -0.169852, -0.416233, 0.893253, 0.275990, 0.000000, 0.000000, 0.000000, 1.000000, -0.169847, -0.416597, 0.893084, 0.297996, -0.985327, 0.056337, -0.161110, -0.049830, 0.016804, -0.907344, -0.420053, 0.215912, 0.000000, 0.000000, 0.000000, 1.000000, -0.997838, 0.061145, -0.024108, -0.008643, -0.027298, -0.051882, 0.998280, -0.065088, 0.059789, 0.996780, 0.053439, 0.035421, 0.000000, 0.000000, 0.000000, 1.000000
-29.4437, 49.8297, -15.9495, 275.9902, 297.9965, -49.8301, 215.9122, -8.6432, -65.0875, 35.4211, 0.985327, -0.056337, 0.161109, 0.049830, -0.016736, 0.907511, 0.419695, -0.015949, -0.169852, -0.416233, 0.893253, 0.275990, 0.000000, 0.000000, 0.000000, 1.000000, -0.169847, -0.416597, 0.893084, 0.297996, -0.985327, 0.056337, -0.161110, -0.049830, 0.016804, -0.907344, -0.420053, 0.215912, 0.000000, 0.000000, 0.000000, 1.000000, -0.997838, 0.061145, -0.024108, -0.008643, -0.027298, -0.051882, 0.998280, -0.065088, 0.059789, 0.996780, 0.053439, 0.035421, 0.000000, 0.000000, 0.000000, 1.000000
-29.4185, 49.8212, -15.9591, 275.9123, 297.9186, -49.8216, 215.9221, -8.6451, -65.1241, 35.4123, 0.985333, -0.056283, 0.161093, 0.049821, -0.016703, 0.907694, 0.419300, -0.015959, -0.169822, -0.415841, 0.893441, 0.275912, 0.000000, 0.000000, 0.000000, 1.000000, -0.169817, -0.416204, 0.893273, 0.297919, -0.985333, 0.056284, -0.161094, -0.049822, 0.016771, -0.907527, -0.419658, 0.215922, 0.000000, 0.000000, 0.000000, 1.000000, -0.997838, 0.061152, -0.024094, -0.008645, -0.027284, -0.051883, 0.998280, -0.065124, 0.059797, 0.996779, 0.053439, 0.035412, 0.000000, 0.000000, 0.000000, 1.000000
-29.4021, 49.8157, -15.9653, 275.8615, 297.8678, -49.8161, 215.9285, -8.6464, -65.1479, 35.4065, 0.985337, -0.056248, 0.161082, 0.049816, -0.016682, 0.907813, 0.419043, -0.015965, -0.169803, -0.415586, 0.893563, 0.275862, 0.000000, 0.000000, 0.000000, 1.000000, -0.169798, -0.415949, 0.893396, 0.297868, -0.985337, 0.056249, -0.161083, -0.049816, 0.016750, -0.907647, -0.419400, 0.215929, 0.000000, 0.000000, 0.000000, 1.000000, -0.997838, 0.061157, -0.024085, -0.008646, -0.027276, -0.051884, 0.998281, -0.065148, 0.059802, 0.996779, 0.053440, 0.035406, 0.000000, 0.000000, 0.000000, 1.000000
-29.3940, 49.8129, -15.9684, 275.8365, 297.8428, -49.8133, 215.9316, -8.6470, -65.1596, 35.4036, 0.985339, -0.056231, 0.161077, 0.049813, -0.016672, 0.907872, 0.418916, -0.015968, -0.169793, -0.415460, 0.893624, 0.275837, 0.000000, 0.000000, 0.000000, 1.000000, -0.169788, -0.415823, 0.893456, 0.297843, -0.985338, 0.056232, -0.161078, -0.049813, 0.016739, -0.907706, -0.419273, 0.215932, 0.000000, 0.000000, 0.000000, 1.000000, -0.997837, 0.061159, -0.024081, -0.008647, -0.027271, -0.051884, 0.998281, -0.065160, 0.059805, 0.996779, 0.053440, 0.035404, 0.000000, 0.000000, 0.000000, 1.000000
-29.3781, 49.8075, -15.9743, 275.7873, 297.7936, -49.8079, 215.9377, -8.6482, -65.1827, 35.3980, 0.985342, -0.056197, 0.161067, 0.049808, -0.016651, 0.907987, 0.418667, -0.015974, -0.169774, -0.415212, 0.893742, 0.275787, 0.000000, 0.000000, 0.000000, 1.000000, -0.169769, -0.415574, 0.893575, 0.297794, -0.985342, 0.056198, -0.161068, -0.049808, 0.016719, -0.907822, -0.419023, 0.215938, 0.000000, 0.000000, 0.000000, 1.000000, -0.997837, 0.061164, -0.024072, -0.008648, -0.027263, -0.051885, 0.998281, -0.065183, 0.059810, 0.996778, 0.053440, 0.035398, 0.000000, 0.000000, 0.000000, 1.000000
-29.3702, 49.8049, -15.9772, 275.7631, 297.7694, -49.8053, 215.9407, -8.6488, -65.1941, 35.3952, 0.985344, -0.056180, 0.161062, 0.049805, -0.016641, 0.908044, 0.418544, -0.015977, -0.169765, -0.415090, 0.893801, 0.275763, 0.000000, 0.000000, 0.000000, 1.000000, -0.169760, -0.415452, 0.893634, 0.297769, -0.985344, 0.056181, -0.161063, -0.049805, 0.016709, -0.907878, -0.418900, 0.215941, 0.000000, 0.000000, 0.000000, 1.000000, -0.997837, 0.061167, -0.024068, -0.008649, -0.027259, -0.051885, 0.998281, -0.065194, 0.059813, 0.996778, 0.053440, 0.035395, 0.000000, 0.000000, 0.000000, 1.000000
-29.3547, 49.7997, -15.9829, 275.7153, 297.7215, -49.8000, 215.9466, -8.6500, -65.2166, 35.3897, 0.985348, -0.056147, 0.161052, 0.049800, -0.016621, 0.908156, 0.418302, -0.015983, -0.169747, -0.414849, 0.893916, 0.275715, 0.000000, 0.000000, 0.000000, 1.000000, -0.169741, -0.415211, 0.893749, 0.297722, -0.985347, 0.056148, -0.161053, -0.049800, 0.016689, -0.907991, -0.418657, 0.215947, 0.000000, 0.000000, 0.000000, 1.000000, -0.997837, 0.061171, -0.024059, -0.008650, -0.027251, -0.051886, 0.998281, -0.065217, 0.059818, 0.996778, 0.053440, 0.035390, 0.000000, 0.000000, 0.000000, 1.000000
-29.3471, 49.7971, -15.9857, 275.6916, 297.6979, -49.7974, 215.9495, -8.6506, -65.2277, 35.3870, 0.985349, -0.056131, 0.161047, 0.049797, -0.016611, 0.908212, 0.418182, -0.015986, -0.169738, -0.414730, 0.893973, 0.275692, 0.000000, 0.000000, 0.000000, 1.000000, -0.169732, -0.415091, 0.893806, 0.297698, -0.985349, 0.056132, -0.161048, -0.049797, 0.016679, -0.908046, -0.418537, 0.215949, 0.000000, 0.000000, 0.000000, 1.000000, -0.997837, 0.061173, -0.024055, -0.008651, -0.027247, -0.051886, 0.998281, -0.065228, 0.059820, 0.996778, 0.053441, 0.035387, 0.000000, 0.000000, 0.000000, 1.000000
-29.3319, 49.7920, -15.9912, 275.6448, 297.6511, -49.7923, 215.9552, -8.6517, -65.2497, 35.3816, 0.985353, -0.056099, 0.161037, 0.049792, -0.016592, 0.908321, 0.417944, -0.015991, -0.169720, -0.414494, 0.894086, 0.275645, 0.000000, 0.000000, 0.000000, 1.000000, -0.169715, -0.414855, 0.893920, 0.297651, -0.985352, 0.056099, -0.161039, -0.049792, 0.016659, -0.908156, -0.418299, 0.215955, 0.000000, 0.000000, 0.000000, 1.000000, -0.997837, 0.061178, -0.024047, -0.008652, -0.027239, -0.051887, 0.998281, -0.065250, 0.059825, 0.996777, 0.053441, 0.035382, 0.000000, 0.000000, 0.000000, 1.000000
-29.3244, 49.7894, -15.9939, 275.6216, 297.6279, -49.7898, 215.9580, -8.6523, -65.2606, 35.3790, 0.985354, -0.056083, 0.161033, 0.049789, -0.016582, 0.908376, 0.417826, -0.015994, -0.169711, -0.414377, 0.894142, 0.275622, 0.000000, 0.000000, 0.000000, 1.000000, -0.169706, -0.414738, 0.893976, 0.297628, -0.985354, 0.056083, -0.161034, -0.049790, 0.016650, -0.908211, -0.418181, 0.215958, 0.000000, 0.000000, 0.000000, 1.000000, -0.997837, 0.061180, -0.024043, -0.008652, -0.027235, -0.051887, 0.998282, -0.065261, 0.059828, 0.996777, 0.053441, 0.035379, 0.000000, 0.000000, 0.000000, 1.000000
