# Joint_6_Angle(deg), Cam_X(mm), Cam_Y(mm), Cam_Z(mm), Torso_X(mm), Torso_Y(mm), Torso_Z(mm), EE_X(mm), EE_Y(mm), EE_Z(mm), T_cam2marker_flat(16), T_torso2marker_flat(16), T_ee2marker_flat(16)
-30.0093, 61.0216, -35.0681, 195.7770, 217.7832, -61.0219, 235.1067, 135.5685, 12.2490, 66.6386, 0.878835, 0.414824, 0.235733, 0.061022, -0.444655, 0.891229, 0.089401, -0.035068, -0.173006, -0.183389, 0.967697, 0.195777, 0.000000, 0.000000, 0.000000, 1.000000, -0.172928, -0.183549, 0.967681, 0.217783, -0.878835, -0.414824, -0.235735, -0.061022, 0.444685, -0.891197, -0.089574, 0.235107, 0.000000, 0.000000, 0.000000, 1.000000, -0.011316, -0.010680, -0.999879, 0.135569, -0.999382, -0.033150, 0.011664, 0.012249, -0.033270, 0.999393, -0.010298, 0.066639, 0.000000, 0.000000, 0.000000, 1.000000
-29.9874, 60.9800, -35.0469, 195.7842, 217.7904, -60.9803, 235.0853, 135.5694, 12.2742, 66.6365, 0.878675, 0.415160, 0.235737, 0.060980, -0.444995, 0.891060, 0.089395, -0.035047, -0.172943, -0.183451, 0.967696, 0.195784, 0.000000, 0.000000, 0.000000, 1.000000, -0.172865, -0.183611, 0.967680, 0.217790, -0.878675, -0.415159, -0.235739, -0.060980, 0.445026, -0.891027, -0.089568, 0.235085, 0.000000, 0.000000, 0.000000, 1.000000, -0.011306, -0.010685, -0.999879, 0.135569, -0.999382, -0.033150, 0.011655, 0.012274, -0.033270, 0.999393, -0.010304, 0.066636, 0.000000, 0.000000, 0.000000, 1.000000
-29.9665, 60.9402, -35.0271, 195.7906, 217.7968, -60.9405, 235.0654, 135.5703, 12.2984, 66.6344, 0.878522, 0.415481, 0.235741, 0.060940, -0.445320, 0.890898, 0.089386, -0.035027, -0.172883, -0.183508, 0.967696, 0.195791, 0.000000, 0.000000, 0.000000, 1.000000, -0.172805, -0.183669, 0.967680, 0.217797, -0.878522, -0.415481, -0.235743, -0.060940, 0.445351, -0.890865, -0.089560, 0.235065, 0.000000, 0.000000, 0.000000, 1.000000, -0.011297, -0.010690, -0.999879, 0.135570, -0.999383, -0.033150, 0.011646, 0.012298, -0.033270, 0.999393, -0.010309, 0.066634, 0.000000, 0.000000, 0.000000, 1.000000
-29.9465, 60.9024, -35.0088, 195.7963, 217.8025, -60.9027, 235.0470, 135.5713, 12.3213, 66.6323, 0.878376, 0.415787, 0.235745, 0.060902, -0.445630, 0.890745, 0.089376, -0.035009, -0.172827, -0.183561, 0.967696, 0.195796, 0.000000, 0.000000, 0.000000, 1.000000, -0.172748, -0.183722, 0.967680, 0.217803, -0.878376, -0.415787, -0.235747, -0.060903, 0.445661, -0.890712, -0.089550, 0.235047, 0.000000, 0.000000, 0.000000, 1.000000, -0.011289, -0.010695, -0.999879, 0.135571, -0.999383, -0.033150, 0.011637, 0.012321, -0.033270, 0.999393, -0.010314, 0.066632, 0.000000, 0.000000, 0.000000, 1.000000
-29.9277, 60.8668, -34.9921, 195.8012, 217.8075, -60.8671, 235.0302, 135.5723, 12.3428, 66.6303, 0.878239, 0.416076, 0.235749, 0.060867, -0.445921, 0.890600, 0.089365, -0.034992, -0.172775, -0.183609, 0.967696, 0.195801, 0.000000, 0.000000, 0.000000, 1.000000, -0.172696, -0.183771, 0.967680, 0.217807, -0.878238, -0.416076, -0.235750, -0.060867, 0.445952, -0.890567, -0.089540, 0.235030, 0.000000, 0.000000, 0.000000, 1.000000, -0.011280, -0.010699, -0.999879, 0.135572, -0.999383, -0.033150, 0.011630, 0.012343, -0.033270, 0.999393, -0.010318, 0.066630, 0.000000, 0.000000, 0.000000, 1.000000
-29.9018, 60.8180, -34.9699, 195.8073, 217.8135, -60.8183, 235.0079, 135.5740, 12.3724, 66.6274, 0.878049, 0.416472, 0.235754, 0.060818, -0.446320, 0.890402, 0.089347, -0.034970, -0.172705, -0.183672, 0.967697, 0.195807, 0.000000, 0.000000, 0.000000, 1.000000, -0.172626, -0.183835, 0.967680, 0.217814, -0.878049, -0.416472, -0.235755, -0.060818, 0.446352, -0.890368, -0.089522, 0.235008, 0.000000, 0.000000, 0.000000, 1.000000, -0.011269, -0.010705, -0.999879, 0.135574, -0.999383, -0.033150, 0.011619, 0.012372, -0.033270, 0.999393, -0.010325, 0.066627, 0.000000, 0.000000, 0.000000, 1.000000
-29.8862, 60.7886, -34.9571, 195.8105, 217.8167, -60.7889, 234.9950, 135.5751, 12.3901, 66.6256, 0.877935, 0.416711, 0.235757, 0.060789, -0.446561, 0.890283, 0.089333, -0.034957, -0.172664, -0.183709, 0.967697, 0.195810, 0.000000, 0.000000, 0.000000, 1.000000, -0.172584, -0.183871, 0.967681, 0.217817, -0.877935, -0.416711, -0.235758, -0.060789, 0.446592, -0.890249, -0.089509, 0.234995, 0.000000, 0.000000, 0.000000, 1.000000, -0.011263, -0.010708, -0.999879, 0.135575, -0.999383, -0.033149, 0.011612, 0.012390, -0.033270, 0.999393, -0.010328, 0.066626, 0.000000, 0.000000, 0.000000, 1.000000
-29.8719, 60.7619, -34.9459, 195.8130, 217.8193, -60.7622, 234.9836, 135.5762, 12.4062, 66.6238, 0.877831, 0.416929, 0.235760, 0.060762, -0.446780, 0.890174, 0.089320, -0.034946, -0.172627, -0.183740, 0.967698, 0.195813, 0.000000, 0.000000, 0.000000, 1.000000, -0.172547, -0.183903, 0.967681, 0.217819, -0.877831, -0.416928, -0.235761, -0.060762, 0.446811, -0.890141, -0.089496, 0.234984, 0.000000, 0.000000, 0.000000, 1.000000, -0.011256, -0.010712, -0.999879, 0.135576, -0.999383, -0.033149, 0.011606, 0.012406, -0.033270, 0.999393, -0.010332, 0.066624, 0.000000, 0.000000, 0.000000, 1.000000
-29.8590, 60.7377, -34.9360, 195.8150, 217.8213, -60.7380, 234.9737, 135.5772, 12.4208, 66.6222, 0.877737, 0.417126, 0.235762, 0.060738, -0.446978, 0.890076, 0.089306, -0.034936, -0.172594, -0.183768, 0.967699, 0.195815, 0.000000, 0.000000, 0.000000, 1.000000, -0.172514, -0.183931, 0.967682, 0.217821, -0.877737, -0.417126, -0.235763, -0.060738, 0.447009, -0.890042, -0.089483, 0.234974, 0.000000, 0.000000, 0.000000, 1.000000, -0.011251, -0.010715, -0.999879, 0.135577, -0.999383, -0.033149, 0.011601, 0.012421, -0.033270, 0.999393, -0.010335, 0.066622, 0.000000, 0.000000, 0.000000, 1.000000
-29.8473, 60.7159, -34.9276, 195.8164, 217.8227, -60.7162, 234.9652, 135.5783, 12.4338, 66.6208, 0.877652, 0.417304, 0.235764, 0.060716, -0.447156, 0.889988, 0.089293, -0.034928, -0.172565, -0.183791, 0.967699, 0.195816, 0.000000, 0.000000, 0.000000, 1.000000, -0.172484, -0.183955, 0.967683, 0.217823, -0.877651, -0.417304, -0.235766, -0.060716, 0.447188, -0.889954, -0.089470, 0.234965, 0.000000, 0.000000, 0.000000, 1.000000, -0.011246, -0.010717, -0.999879, 0.135578, -0.999383, -0.033149, 0.011596, 0.012434, -0.033270, 0.999393, -0.010338, 0.066621, 0.000000, 0.000000, 0.000000, 1.000000
-29.8320, 60.6875, -34.9171, 195.8178, 217.8241, -60.6878, 234.9546, 135.5798, 12.4509, 66.6187, 0.877540, 0.417537, 0.235767, 0.060688, -0.447389, 0.889873, 0.089272, -0.034917, -0.172528, -0.183820, 0.967701, 0.195818, 0.000000, 0.000000, 0.000000, 1.000000, -0.172447, -0.183984, 0.967684, 0.217824, -0.877540, -0.417536, -0.235768, -0.060688, 0.447421, -0.889839, -0.089450, 0.234955, 0.000000, 0.000000, 0.000000, 1.000000, -0.011239, -0.010721, -0.999879, 0.135580, -0.999383, -0.033149, 0.011589, 0.012451, -0.033270, 0.999393, -0.010342, 0.066619, 0.000000, 0.000000, 0.000000, 1.000000
-29.8232, 60.6708, -34.9089, 195.8202, 217.8265, -60.6711, 234.9463, 135.5803, 12.4610, 66.6178, 0.877476, 0.417671, 0.235768, 0.060671, -0.447525, 0.889805, 0.089268, -0.034909, -0.172503, -0.183843, 0.967701, 0.195820, 0.000000, 0.000000, 0.000000, 1.000000, -0.172422, -0.184007, 0.967684, 0.217827, -0.877476, -0.417671, -0.235769, -0.060671, 0.447557, -0.889771, -0.089446, 0.234946, 0.000000, 0.000000, 0.000000, 1.000000, -0.011235, -0.010723, -0.999879, 0.135580, -0.999383, -0.033149, 0.011585, 0.012461, -0.033270, 0.999393, -0.010344, 0.066618, 0.000000, 0.000000, 0.000000, 1.000000
-29.8120, 60.6488, -34.8953, 195.8256, 217.8320, -60.6491, 234.9324, 135.5802, 12.4744, 66.6169, 0.877393, 0.417845, 0.235769, 0.060649, -0.447702, 0.889715, 0.089273, -0.034895, -0.172465, -0.183882, 0.967700, 0.195826, 0.000000, 0.000000, 0.000000, 1.000000, -0.172383, -0.184047, 0.967683, 0.217832, -0.877393, -0.417845, -0.235770, -0.060649, 0.447734, -0.889681, -0.089453, 0.234932, 0.000000, 0.000000, 0.000000, 1.000000, -0.011231, -0.010725, -0.999879, 0.135580, -0.999383, -0.033149, 0.011581, 0.012474, -0.033270, 0.999393, -0.010346, 0.066617, 0.000000, 0.000000, 0.000000, 1.000000
-29.8057, 60.6365, -34.8879, 195.8285, 217.8349, -60.6368, 234.9249, 135.5802, 12.4818, 66.6164, 0.877347, 0.417942, 0.235769, 0.060637, -0.447801, 0.889665, 0.089275, -0.034888, -0.172444, -0.183903, 0.967700, 0.195828, 0.000000, 0.000000, 0.000000, 1.000000, -0.172362, -0.184069, 0.967683, 0.217835, -0.877347, -0.417941, -0.235771, -0.060637, 0.447833, -0.889631, -0.089455, 0.234925, 0.000000, 0.000000, 0.000000, 1.000000, -0.011228, -0.010727, -0.999879, 0.135580, -0.999383, -0.033149, 0.011578, 0.012482, -0.033270, 0.999393, -0.010348, 0.066616, 0.000000, 0.000000, 0.000000, 1.000000
-29.8029, 60.6310, -34.8846, 195.8297, 217.8361, -60.6314, 234.9216, 135.5802, 12.4851, 66.6161, 0.877326, 0.417985, 0.235769, 0.060631, -0.447845, 0.889643, 0.089276, -0.034885, -0.172435, -0.183912, 0.967700, 0.195830, 0.000000, 0.000000, 0.000000, 1.000000, -0.172352, -0.184079, 0.967683, 0.217836, -0.877326, -0.417985, -0.235771, -0.060631, 0.447877, -0.889609, -0.089456, 0.234922, 0.000000, 0.000000, 0.000000, 1.000000, -0.011227, -0.010727, -0.999879, 0.135580, -0.999383, -0.033149, 0.011577, 0.012485, -0.033269, 0.999393, -0.010349, 0.066616, 0.000000, 0.000000, 0.000000, 1.000000
-29.7979, 60.6213, -34.8790, 195.8318, 217.8382, -60.6216, 234.9158, 135.5803, 12.4911, 66.6157, 0.877289, 0.418063, 0.235770, 0.060621, -0.447924, 0.889603, 0.089276, -0.034879, -0.172418, -0.183928, 0.967700, 0.195832, 0.000000, 0.000000, 0.000000, 1.000000, -0.172336, -0.184095, 0.967682, 0.217838, -0.877289, -0.418062, -0.235771, -0.060622, 0.447956, -0.889569, -0.089457, 0.234916, 0.000000, 0.000000, 0.000000, 1.000000, -0.011225, -0.010729, -0.999879, 0.135580, -0.999383, -0.033149, 0.011575, 0.012491, -0.033269, 0.999393, -0.010350, 0.066616, 0.000000, 0.000000, 0.000000, 1.000000
-29.7898, 60.6057, -34.8709, 195.8345, 217.8410, -60.6061, 234.9074, 135.5806, 12.5005, 66.6149, 0.877230, 0.418187, 0.235770, 0.060606, -0.448050, 0.889540, 0.089274, -0.034871, -0.172394, -0.183951, 0.967700, 0.195835, 0.000000, 0.000000, 0.000000, 1.000000, -0.172311, -0.184119, 0.967682, 0.217841, -0.877229, -0.418187, -0.235772, -0.060606, 0.448082, -0.889506, -0.089457, 0.234907, 0.000000, 0.000000, 0.000000, 1.000000, -0.011221, -0.010730, -0.999879, 0.135581, -0.999383, -0.033149, 0.011571, 0.012500, -0.033269, 0.999393, -0.010352, 0.066615, 0.000000, 0.000000, 0.000000, 1.000000
-29.7864, 60.5994, -34.8680, 195.8353, 217.8418, -60.5997, 234.9044, 135.5808, 12.5043, 66.6145, 0.877205, 0.418238, 0.235771, 0.060599, -0.448101, 0.889514, 0.089272, -0.034868, -0.172385, -0.183959, 0.967700, 0.195835, 0.000000, 0.000000, 0.000000, 1.000000, -0.172301, -0.184128, 0.967682, 0.217842, -0.877205, -0.418238, -0.235772, -0.060600, 0.448134, -0.889480, -0.089455, 0.234904, 0.000000, 0.000000, 0.000000, 1.000000, -0.011220, -0.010731, -0.999879, 0.135581, -0.999383, -0.033149, 0.011570, 0.012504, -0.033269, 0.999393, -0.010353, 0.066614, 0.000000, 0.000000, 0.000000, 1.000000
-29.7834, 60.5938, -34.8657, 195.8358, 217.8423, -60.5941, 234.9020, 135.5811, 12.5077, 66.6141, 0.877183, 0.418284, 0.235771, 0.060594, -0.448147, 0.889491, 0.089269, -0.034866, -0.172377, -0.183965, 0.967700, 0.195836, 0.000000, 0.000000, 0.000000, 1.000000, -0.172293, -0.184135, 0.967682, 0.217842, -0.877183, -0.418284, -0.235773, -0.060594, 0.448180, -0.889457, -0.089452, 0.234902, 0.000000, 0.000000, 0.000000, 1.000000, -0.011218, -0.010732, -0.999879, 0.135581, -0.999383, -0.033149, 0.011569, 0.012508, -0.033269, 0.999393, -0.010353, 0.066614, 0.000000, 0.000000, 0.000000, 1.000000
-29.7806, 60.5886, -34.8638, 195.8361, 217.8426, -60.5890, 234.9000, 135.5814, 12.5108, 66.6137, 0.877163, 0.418327, 0.235772, 0.060589, -0.448190, 0.889470, 0.089265, -0.034864, -0.172370, -0.183971, 0.967700, 0.195836, 0.000000, 0.000000, 0.000000, 1.000000, -0.172286, -0.184140, 0.967683, 0.217843, -0.877162, -0.418327, -0.235773, -0.060589, 0.448223, -0.889435, -0.089449, 0.234900, 0.000000, 0.000000, 0.000000, 1.000000, -0.011217, -0.010733, -0.999879, 0.135581, -0.999383, -0.033149, 0.011567, 0.012511, -0.033269, 0.999393, -0.010354, 0.066614, 0.000000, 0.000000, 0.000000, 1.000000
-29.7779, 60.5837, -34.8622, 195.8362, 217.8428, -60.5840, 234.8983, 135.5817, 12.5138, 66.6133, 0.877143, 0.418368, 0.235772, 0.060584, -0.448231, 0.889450, 0.089261, -0.034862, -0.172364, -0.183975, 0.967700, 0.195836, 0.000000, 0.000000, 0.000000, 1.000000, -0.172280, -0.184145, 0.967683, 0.217843, -0.877143, -0.418368, -0.235774, -0.060584, 0.448264, -0.889415, -0.089445, 0.234898, 0.000000, 0.000000, 0.000000, 1.000000, -0.011216, -0.010733, -0.999879, 0.135582, -0.999383, -0.033149, 0.011566, 0.012514, -0.033269, 0.999393, -0.010355, 0.066613, 0.000000, 0.000000, 0.000000, 1.000000
-29.7751, 60.5788, -34.8609, 195.8362, 217.8428, -60.5792, 234.8969, 135.5821, 12.5168, 66.6129, 0.877123, 0.418409, 0.235773, 0.060579, -0.448272, 0.889430, 0.089256, -0.034861, -0.172358, -0.183979, 0.967701, 0.195836, 0.000000, 0.000000, 0.000000, 1.000000, -0.172274, -0.184149, 0.967683, 0.217843, -0.877123, -0.418409, -0.235775, -0.060579, 0.448305, -0.889395, -0.089441, 0.234897, 0.000000, 0.000000, 0.000000, 1.000000, -0.011215, -0.010734, -0.999880, 0.135582, -0.999383, -0.033149, 0.011565, 0.012517, -0.033269, 0.999393, -0.010355, 0.066613, 0.000000, 0.000000, 0.000000, 1.000000
-29.7723, 60.5738, -34.8595, 195.8361, 217.8427, -60.5742, 234.8954, 135.5824, 12.5198, 66.6125, 0.877103, 0.418451, 0.235774, 0.060574, -0.448314, 0.889409, 0.089250, -0.034860, -0.172353, -0.183982, 0.967701, 0.195836, 0.000000, 0.000000, 0.000000, 1.000000, -0.172268, -0.184153, 0.967683, 0.217843, -0.877102, -0.418451, -0.235776, -0.060574, 0.448347, -0.889374, -0.089436, 0.234895, 0.000000, 0.000000, 0.000000, 1.000000, -0.011214, -0.010734, -0.999880, 0.135582, -0.999384, -0.033149, 0.011564, 0.012520, -0.033269, 0.999393, -0.010356, 0.066613, 0.000000, 0.000000, 0.000000, 1.000000
-29.7693, 60.5685, -34.8581, 195.8360, 217.8426, -60.5688, 234.8939, 135.5829, 12.5230, 66.6121, 0.877081, 0.418497, 0.235775, 0.060569, -0.448359, 0.889387, 0.089244, -0.034858, -0.172347, -0.183986, 0.967701, 0.195836, 0.000000, 0.000000, 0.000000, 1.000000, -0.172262, -0.184158, 0.967684, 0.217843, -0.877081, -0.418496, -0.235776, -0.060569, 0.448392, -0.889352, -0.089430, 0.234894, 0.000000, 0.000000, 0.000000, 1.000000, -0.011212, -0.010735, -0.999880, 0.135583, -0.999384, -0.033149, 0.011563, 0.012523, -0.033269, 0.999393, -0.010357, 0.066612, 0.000000, 0.000000, 0.000000, 1.000000
-29.7660, 60.5626, -34.8565, 195.8360, 217.8426, -60.5630, 234.8922, 135.5833, 12.5266, 66.6116, 0.877057, 0.418546, 0.235776, 0.060563, -0.448409, 0.889363, 0.089238, -0.034856, -0.172340, -0.183991, 0.967702, 0.195836, 0.000000, 0.000000, 0.000000, 1.000000, -0.172255, -0.184163, 0.967684, 0.217843, -0.877057, -0.418546, -0.235777, -0.060563, 0.448442, -0.889327, -0.089424, 0.234892, 0.000000, 0.000000, 0.000000, 1.000000, -0.011211, -0.010736, -0.999880, 0.135583, -0.999384, -0.033149, 0.011561, 0.012527, -0.033269, 0.999393, -0.010358, 0.066612, 0.000000, 0.000000, 0.000000, 1.000000
-29.7623, 60.5561, -34.8545, 195.8361, 217.8427, -60.5564, 234.8901, 135.5837, 12.5306, 66.6110, 0.877030, 0.418602, 0.235777, 0.060556, -0.448464, 0.889336, 0.089232, -0.034855, -0.172332, -0.183996, 0.967702, 0.195836, 0.000000, 0.000000, 0.000000, 1.000000, -0.172247, -0.184169, 0.967684, 0.217843, -0.877030, -0.418601, -0.235778, -0.060556, 0.448497, -0.889300, -0.089419, 0.234890, 0.000000, 0.000000, 0.000000, 1.000000, -0.011209, -0.010737, -0.999880, 0.135584, -0.999384, -0.033149, 0.011560, 0.012531, -0.033269, 0.999393, -0.010358, 0.066611, 0.000000, 0.000000, 0.000000, 1.000000
-29.7582, 60.5488, -34.8521, 195.8363, 217.8430, -60.5491, 234.8877, 135.5842, 12.5351, 66.6105, 0.877000, 0.418664, 0.235778, 0.060549, -0.448526, 0.889305, 0.089225, -0.034852, -0.172323, -0.184003, 0.967702, 0.195836, 0.000000, 0.000000, 0.000000, 1.000000, -0.172238, -0.184176, 0.967685, 0.217843, -0.877000, -0.418663, -0.235780, -0.060549, 0.448559, -0.889269, -0.089412, 0.234888, 0.000000, 0.000000, 0.000000, 1.000000, -0.011207, -0.010738, -0.999880, 0.135584, -0.999384, -0.033149, 0.011558, 0.012535, -0.033269, 0.999393, -0.010359, 0.066610, 0.000000, 0.000000, 0.000000, 1.000000
-29.7535, 60.5404, -34.8492, 195.8368, 217.8434, -60.5407, 234.8846, 135.5847, 12.5403, 66.6098, 0.876966, 0.418734, 0.235779, 0.060540, -0.448596, 0.889270, 0.089218, -0.034849, -0.172313, -0.184011, 0.967702, 0.195837, 0.000000, 0.000000, 0.000000, 1.000000, -0.172227, -0.184185, 0.967685, 0.217843, -0.876966, -0.418734, -0.235781, -0.060541, 0.448630, -0.889234, -0.089406, 0.234885, 0.000000, 0.000000, 0.000000, 1.000000, -0.011205, -0.010739, -0.999880, 0.135585, -0.999384, -0.033149, 0.011556, 0.012540, -0.033269, 0.999393, -0.010361, 0.066610, 0.000000, 0.000000, 0.000000, 1.000000
-29.7482, 60.5308, -34.8456, 195.8375, 217.8441, -60.5311, 234.8810, 135.5852, 12.5462, 66.6091, 0.876927, 0.418814, 0.235781, 0.060531, -0.448677, 0.889230, 0.089212, -0.034846, -0.172300, -0.184022, 0.967703, 0.195837, 0.000000, 0.000000, 0.000000, 1.000000, -0.172215, -0.184195, 0.967685, 0.217844, -0.876927, -0.418814, -0.235783, -0.060531, 0.448710, -0.889194, -0.089400, 0.234881, 0.000000, 0.000000, 0.000000, 1.000000, -0.011203, -0.010740, -0.999880, 0.135585, -0.999384, -0.033149, 0.011554, 0.012546, -0.033269, 0.999393, -0.010362, 0.066609, 0.000000, 0.000000, 0.000000, 1.000000
-29.7422, 60.5200, -34.8412, 195.8384, 217.8451, -60.5203, 234.8765, 135.5857, 12.5528, 66.6084, 0.876884, 0.418905, 0.235783, 0.060520, -0.448768, 0.889185, 0.089205, -0.034841, -0.172286, -0.184034, 0.967703, 0.195838, 0.000000, 0.000000, 0.000000, 1.000000, -0.172200, -0.184208, 0.967685, 0.217845, -0.876884, -0.418905, -0.235784, -0.060520, 0.448801, -0.889149, -0.089394, 0.234877, 0.000000, 0.000000, 0.000000, 1.000000, -0.011201, -0.010741, -0.999880, 0.135586, -0.999384, -0.033149, 0.011551, 0.012553, -0.033269, 0.999393, -0.010363, 0.066608, 0.000000, 0.000000, 0.000000, 1.000000
-29.7318, 60.5011, -34.8332, 195.8405, 217.8472, -60.5014, 234.8684, 135.5865, 12.5644, 66.6072, 0.876808, 0.419062, 0.235785, 0.060501, -0.448926, 0.889106, 0.089196, -0.034833, -0.172260, -0.184058, 0.967703, 0.195840, 0.000000, 0.000000, 0.000000, 1.000000, -0.172174, -0.184232, 0.967685, 0.217847, -0.876808, -0.419062, -0.235787, -0.060501, 0.448959, -0.889070, -0.089385, 0.234868, 0.000000, 0.000000, 0.000000, 1.000000, -0.011196, -0.010744, -0.999880, 0.135586, -0.999384, -0.033149, 0.011547, 0.012564, -0.033269, 0.999393, -0.010366, 0.066607, 0.000000, 0.000000, 0.000000, 1.000000
-29.7196, 60.4786, -34.8230, 195.8433, 217.8500, -60.4789, 234.8581, 135.5872, 12.5782, 66.6057, 0.876719, 0.419247, 0.235789, 0.060479, -0.449113, 0.889013, 0.089186, -0.034823, -0.172228, -0.184087, 0.967703, 0.195843, 0.000000, 0.000000, 0.000000, 1.000000, -0.172141, -0.184262, 0.967685, 0.217850, -0.876718, -0.419247, -0.235790, -0.060479, 0.449146, -0.888977, -0.089376, 0.234858, 0.000000, 0.000000, 0.000000, 1.000000, -0.011191, -0.010746, -0.999880, 0.135587, -0.999384, -0.033149, 0.011542, 0.012578, -0.033269, 0.999393, -0.010369, 0.066606, 0.000000, 0.000000, 0.000000, 1.000000
-29.7151, 60.4703, -34.8192, 195.8444, 217.8512, -60.4706, 234.8542, 135.5875, 12.5833, 66.6052, 0.876686, 0.419316, 0.235790, 0.060470, -0.449182, 0.888978, 0.089183, -0.034819, -0.172216, -0.184098, 0.967703, 0.195844, 0.000000, 0.000000, 0.000000, 1.000000, -0.172129, -0.184273, 0.967685, 0.217851, -0.876685, -0.419316, -0.235791, -0.060471, 0.449215, -0.888942, -0.089373, 0.234854, 0.000000, 0.000000, 0.000000, 1.000000, -0.011189, -0.010747, -0.999880, 0.135587, -0.999384, -0.033149, 0.011540, 0.012583, -0.033269, 0.999393, -0.010370, 0.066605, 0.000000, 0.000000, 0.000000, 1.000000
-29.7003, 60.4428, -34.8060, 195.8485, 217.8552, -60.4432, 234.8410, 135.5883, 12.6002, 66.6036, 0.876576, 0.419542, 0.235793, 0.060443, -0.449410, 0.888864, 0.089175, -0.034806, -0.172175, -0.184136, 0.967703, 0.195848, 0.000000, 0.000000, 0.000000, 1.000000, -0.172089, -0.184312, 0.967685, 0.217855, -0.876576, -0.419541, -0.235795, -0.060443, 0.449444, -0.888827, -0.089365, 0.234841, 0.000000, 0.000000, 0.000000, 1.000000, -0.011183, -0.010751, -0.999880, 0.135588, -0.999384, -0.033149, 0.011533, 0.012600, -0.033269, 0.999393, -0.010373, 0.066604, 0.000000, 0.000000, 0.000000, 1.000000
-29.6834, 60.4101, -34.7831, 195.8590, 217.8657, -60.4105, 234.8179, 135.5876, 12.6205, 66.6026, 0.876451, 0.419802, 0.235796, 0.060410, -0.449677, 0.888727, 0.089192, -0.034783, -0.172115, -0.184204, 0.967701, 0.195859, 0.000000, 0.000000, 0.000000, 1.000000, -0.172028, -0.184380, 0.967683, 0.217866, -0.876451, -0.419801, -0.235798, -0.060410, 0.449711, -0.888690, -0.089383, 0.234818, 0.000000, 0.000000, 0.000000, 1.000000, -0.011175, -0.010755, -0.999880, 0.135588, -0.999384, -0.033149, 0.011526, 0.012621, -0.033269, 0.999393, -0.010378, 0.066603, 0.000000, 0.000000, 0.000000, 1.000000
-29.6711, 60.3864, -34.7672, 195.8660, 217.8728, -60.3867, 234.8018, 135.5872, 12.6352, 66.6017, 0.876360, 0.419991, 0.235798, 0.060386, -0.449871, 0.888627, 0.089201, -0.034767, -0.172073, -0.184251, 0.967700, 0.195866, 0.000000, 0.000000, 0.000000, 1.000000, -0.171985, -0.184428, 0.967681, 0.217873, -0.876360, -0.419991, -0.235800, -0.060387, 0.449906, -0.888591, -0.089393, 0.234802, 0.000000, 0.000000, 0.000000, 1.000000, -0.011170, -0.010757, -0.999880, 0.135587, -0.999384, -0.033149, 0.011521, 0.012635, -0.033269, 0.999393, -0.010381, 0.066602, 0.000000, 0.000000, 0.000000, 1.000000
-29.6510, 60.3478, -34.7424, 195.8767, 217.8835, -60.3482, 234.7769, 135.5869, 12.6591, 66.6002, 0.876211, 0.420300, 0.235802, 0.060348, -0.450187, 0.888466, 0.089212, -0.034742, -0.172006, -0.184324, 0.967698, 0.195877, 0.000000, 0.000000, 0.000000, 1.000000, -0.171918, -0.184501, 0.967679, 0.217883, -0.876210, -0.420300, -0.235804, -0.060348, 0.450222, -0.888430, -0.089405, 0.234777, 0.000000, 0.000000, 0.000000, 1.000000, -0.011161, -0.010762, -0.999880, 0.135587, -0.999384, -0.033149, 0.011513, 0.012659, -0.033269, 0.999392, -0.010385, 0.066600, 0.000000, 0.000000, 0.000000, 1.000000
-29.6366, 60.3203, -34.7253, 195.8838, 217.8906, -60.3206, 234.7597, 135.5869, 12.6761, 66.5990, 0.876104, 0.420521, 0.235805, 0.060320, -0.450413, 0.888351, 0.089218, -0.034725, -0.171959, -0.184374, 0.967696, 0.195884, 0.000000, 0.000000, 0.000000, 1.000000, -0.171871, -0.184552, 0.967678, 0.217891, -0.876104, -0.420521, -0.235806, -0.060321, 0.450447, -0.888315, -0.089411, 0.234760, 0.000000, 0.000000, 0.000000, 1.000000, -0.011155, -0.010765, -0.999880, 0.135587, -0.999384, -0.033149, 0.011506, 0.012676, -0.033269, 0.999392, -0.010389, 0.066599, 0.000000, 0.000000, 0.000000, 1.000000
-29.6135, 60.2763, -34.6990, 195.8943, 217.9012, -60.2767, 234.7332, 135.5869, 12.7032, 66.5970, 0.875933, 0.420875, 0.235809, 0.060276, -0.450774, 0.888168, 0.089224, -0.034699, -0.171886, -0.184451, 0.967695, 0.195894, 0.000000, 0.000000, 0.000000, 1.000000, -0.171797, -0.184629, 0.967676, 0.217901, -0.875932, -0.420875, -0.235811, -0.060277, 0.450809, -0.888131, -0.089418, 0.234733, 0.000000, 0.000000, 0.000000, 1.000000, -0.011145, -0.010770, -0.999880, 0.135587, -0.999384, -0.033149, 0.011497, 0.012703, -0.033269, 0.999392, -0.010394, 0.066597, 0.000000, 0.000000, 0.000000, 1.000000
-29.5971, 60.2452, -34.6810, 195.9014, 217.9082, -60.2456, 234.7151, 135.5871, 12.7223, 66.5955, 0.875811, 0.421126, 0.235813, 0.060245, -0.451030, 0.888038, 0.089226, -0.034681, -0.171835, -0.184503, 0.967694, 0.195901, 0.000000, 0.000000, 0.000000, 1.000000, -0.171746, -0.184682, 0.967675, 0.217908, -0.875811, -0.421126, -0.235814, -0.060246, 0.451064, -0.888001, -0.089420, 0.234715, 0.000000, 0.000000, 0.000000, 1.000000, -0.011138, -0.010774, -0.999880, 0.135587, -0.999384, -0.033149, 0.011490, 0.012722, -0.033269, 0.999392, -0.010398, 0.066596, 0.000000, 0.000000, 0.000000, 1.000000
-29.5712, 60.1962, -34.6532, 195.9118, 217.9187, -60.1965, 234.6872, 135.5876, 12.7525, 66.5931, 0.875619, 0.421523, 0.235818, 0.060196, -0.451432, 0.887833, 0.089226, -0.034653, -0.171757, -0.184584, 0.967692, 0.195912, 0.000000, 0.000000, 0.000000, 1.000000, -0.171667, -0.184764, 0.967674, 0.217919, -0.875619, -0.421522, -0.235820, -0.060197, 0.451467, -0.887796, -0.089421, 0.234687, 0.000000, 0.000000, 0.000000, 1.000000, -0.011127, -0.010780, -0.999880, 0.135588, -0.999385, -0.033149, 0.011479, 0.012752, -0.033269, 0.999392, -0.010405, 0.066593, 0.000000, 0.000000, 0.000000, 1.000000
-29.5623, 60.1793, -34.6438, 195.9153, 217.9222, -60.1796, 234.6777, 135.5878, 12.7629, 66.5922, 0.875552, 0.421660, 0.235820, 0.060179, -0.451572, 0.887762, 0.089225, -0.034644, -0.171730, -0.184611, 0.967692, 0.195915, 0.000000, 0.000000, 0.000000, 1.000000, -0.171640, -0.184791, 0.967674, 0.217922, -0.875552, -0.421659, -0.235822, -0.060180, 0.451606, -0.887725, -0.089421, 0.234678, 0.000000, 0.000000, 0.000000, 1.000000, -0.011123, -0.010782, -0.999880, 0.135588, -0.999385, -0.033149, 0.011475, 0.012763, -0.033269, 0.999392, -0.010407, 0.066592, 0.000000, 0.000000, 0.000000, 1.000000
-29.5344, 60.1267, -34.6151, 195.9256, 217.9325, -60.1270, 234.6489, 135.5885, 12.7952, 66.5894, 0.875345, 0.422086, 0.235826, 0.060127, -0.452004, 0.887543, 0.089222, -0.034615, -0.171647, -0.184694, 0.967691, 0.195926, 0.000000, 0.000000, 0.000000, 1.000000, -0.171557, -0.184875, 0.967672, 0.217933, -0.875345, -0.422085, -0.235828, -0.060127, 0.452039, -0.887505, -0.089418, 0.234649, 0.000000, 0.000000, 0.000000, 1.000000, -0.011111, -0.010788, -0.999880, 0.135589, -0.999385, -0.033149, 0.011463, 0.012795, -0.033268, 0.999392, -0.010413, 0.066589, 0.000000, 0.000000, 0.000000, 1.000000
-29.5150, 60.0902, -34.5955, 195.9325, 217.9394, -60.0905, 234.6292, 135.5891, 12.8176, 66.5874, 0.875202, 0.422382, 0.235830, 0.060090, -0.452304, 0.887390, 0.089218, -0.034595, -0.171590, -0.184751, 0.967690, 0.195932, 0.000000, 0.000000, 0.000000, 1.000000, -0.171499, -0.184931, 0.967672, 0.217939, -0.875201, -0.422381, -0.235832, -0.060090, 0.452339, -0.887352, -0.089414, 0.234629, 0.000000, 0.000000, 0.000000, 1.000000, -0.011103, -0.010793, -0.999880, 0.135589, -0.999385, -0.033149, 0.011455, 0.012818, -0.033268, 0.999392, -0.010418, 0.066587, 0.000000, 0.000000, 0.000000, 1.000000
-29.4951, 60.0526, -34.5755, 195.9394, 217.9463, -60.0529, 234.6091, 135.5898, 12.8406, 66.5854, 0.875053, 0.422686, 0.235835, 0.060053, -0.452613, 0.887233, 0.089213, -0.034575, -0.171531, -0.184808, 0.967690, 0.195939, 0.000000, 0.000000, 0.000000, 1.000000, -0.171441, -0.184989, 0.967671, 0.217946, -0.875053, -0.422686, -0.235836, -0.060053, 0.452648, -0.887195, -0.089410, 0.234609, 0.000000, 0.000000, 0.000000, 1.000000, -0.011094, -0.010797, -0.999880, 0.135590, -0.999385, -0.033149, 0.011446, 0.012841, -0.033268, 0.999392, -0.010423, 0.066585, 0.000000, 0.000000, 0.000000, 1.000000
-29.4746, 60.0141, -34.5552, 195.9462, 217.9532, -60.0144, 234.5888, 135.5905, 12.8642, 66.5832, 0.874901, 0.422999, 0.235839, 0.060014, -0.452930, 0.887072, 0.089207, -0.034555, -0.171472, -0.184866, 0.967689, 0.195946, 0.000000, 0.000000, 0.000000, 1.000000, -0.171381, -0.185047, 0.967670, 0.217953, -0.874901, -0.422998, -0.235841, -0.060014, 0.452965, -0.887034, -0.089404, 0.234589, 0.000000, 0.000000, 0.000000, 1.000000, -0.011085, -0.010802, -0.999880, 0.135590, -0.999385, -0.033149, 0.011438, 0.012864, -0.033268, 0.999392, -0.010428, 0.066583, 0.000000, 0.000000, 0.000000, 1.000000
-29.4537, 59.9748, -34.5347, 195.9531, 217.9600, -59.9751, 234.5681, 135.5913, 12.8883, 66.5810, 0.874746, 0.423317, 0.235844, 0.059975, -0.453253, 0.886908, 0.089201, -0.034535, -0.171411, -0.184925, 0.967689, 0.195953, 0.000000, 0.000000, 0.000000, 1.000000, -0.171320, -0.185106, 0.967670, 0.217960, -0.874745, -0.423317, -0.235845, -0.059975, 0.453288, -0.886870, -0.089398, 0.234568, 0.000000, 0.000000, 0.000000, 1.000000, -0.011076, -0.010807, -0.999880, 0.135591, -0.999385, -0.033149, 0.011429, 0.012888, -0.033268, 0.999392, -0.010433, 0.066581, 0.000000, 0.000000, 0.000000, 1.000000
-29.4324, 59.9347, -34.5138, 195.9599, 217.9669, -59.9351, 234.5472, 135.5921, 12.9128, 66.5787, 0.874587, 0.423643, 0.235848, 0.059935, -0.453582, 0.886740, 0.089194, -0.034514, -0.171350, -0.184984, 0.967688, 0.195960, 0.000000, 0.000000, 0.000000, 1.000000, -0.171258, -0.185166, 0.967669, 0.217967, -0.874587, -0.423642, -0.235850, -0.059935, 0.453617, -0.886702, -0.089391, 0.234547, 0.000000, 0.000000, 0.000000, 1.000000, -0.011067, -0.010811, -0.999880, 0.135592, -0.999385, -0.033148, 0.011420, 0.012913, -0.033268, 0.999392, -0.010438, 0.066579, 0.000000, 0.000000, 0.000000, 1.000000
-29.3997, 59.8734, -34.4821, 195.9702, 217.9772, -59.8737, 234.5154, 135.5934, 12.9504, 66.5751, 0.874344, 0.424141, 0.235855, 0.059873, -0.454086, 0.886483, 0.089182, -0.034482, -0.171256, -0.185074, 0.967687, 0.195970, 0.000000, 0.000000, 0.000000, 1.000000, -0.171164, -0.185257, 0.967669, 0.217977, -0.874343, -0.424140, -0.235857, -0.059874, 0.454121, -0.886445, -0.089380, 0.234515, 0.000000, 0.000000, 0.000000, 1.000000, -0.011053, -0.010819, -0.999880, 0.135593, -0.999385, -0.033148, 0.011406, 0.012950, -0.033268, 0.999392, -0.010446, 0.066575, 0.000000, 0.000000, 0.000000, 1.000000
-29.3776, 59.8318, -34.4607, 195.9771, 217.9841, -59.8321, 234.4940, 135.5943, 12.9758, 66.5726, 0.874179, 0.424478, 0.235860, 0.059832, -0.454428, 0.886309, 0.089174, -0.034461, -0.171192, -0.185135, 0.967687, 0.195977, 0.000000, 0.000000, 0.000000, 1.000000, -0.171100, -0.185318, 0.967668, 0.217984, -0.874178, -0.424478, -0.235861, -0.059832, 0.454463, -0.886271, -0.089372, 0.234494, 0.000000, 0.000000, 0.000000, 1.000000, -0.011043, -0.010824, -0.999880, 0.135594, -0.999385, -0.033148, 0.011397, 0.012976, -0.033268, 0.999392, -0.010451, 0.066573, 0.000000, 0.000000, 0.000000, 1.000000
-29.3552, 59.7898, -34.4391, 195.9840, 217.9910, -59.7902, 234.4723, 135.5952, 13.0015, 66.5701, 0.874012, 0.424819, 0.235864, 0.059790, -0.454773, 0.886133, 0.089165, -0.034439, -0.171128, -0.185196, 0.967687, 0.195984, 0.000000, 0.000000, 0.000000, 1.000000, -0.171036, -0.185379, 0.967668, 0.217991, -0.874012, -0.424819, -0.235866, -0.059790, 0.454808, -0.886095, -0.089364, 0.234472, 0.000000, 0.000000, 0.000000, 1.000000, -0.011034, -0.010829, -0.999880, 0.135595, -0.999386, -0.033148, 0.011387, 0.013002, -0.033268, 0.999392, -0.010456, 0.066570, 0.000000, 0.000000, 0.000000, 1.000000
-29.3327, 59.7476, -34.4174, 195.9909, 217.9979, -59.7479, 234.4505, 135.5962, 13.0274, 66.5676, 0.873844, 0.425162, 0.235869, 0.059748, -0.455120, 0.885955, 0.089157, -0.034417, -0.171063, -0.185258, 0.967686, 0.195991, 0.000000, 0.000000, 0.000000, 1.000000, -0.170971, -0.185441, 0.967668, 0.217998, -0.873843, -0.425162, -0.235870, -0.059748, 0.455155, -0.885917, -0.089356, 0.234450, 0.000000, 0.000000, 0.000000, 1.000000, -0.011024, -0.010834, -0.999881, 0.135596, -0.999386, -0.033148, 0.011378, 0.013027, -0.033268, 0.999392, -0.010462, 0.066568, 0.000000, 0.000000, 0.000000, 1.000000
-29.3101, 59.7051, -34.3955, 195.9978, 218.0048, -59.7055, 234.4286, 135.5971, 13.0534, 66.5651, 0.873675, 0.425507, 0.235873, 0.059705, -0.455469, 0.885777, 0.089148, -0.034396, -0.170998, -0.185319, 0.967686, 0.195998, 0.000000, 0.000000, 0.000000, 1.000000, -0.170906, -0.185502, 0.967667, 0.218005, -0.873675, -0.425506, -0.235875, -0.059705, 0.455504, -0.885739, -0.089347, 0.234429, 0.000000, 0.000000, 0.000000, 1.000000, -0.011014, -0.010839, -0.999881, 0.135597, -0.999386, -0.033148, 0.011368, 0.013053, -0.033267, 0.999392, -0.010467, 0.066565, 0.000000, 0.000000, 0.000000, 1.000000
-29.2762, 59.6415, -34.3627, 196.0082, 218.0151, -59.6419, 234.3957, 135.5985, 13.0923, 66.5612, 0.873422, 0.426023, 0.235880, 0.059642, -0.455991, 0.885510, 0.089135, -0.034363, -0.170901, -0.185412, 0.967686, 0.196008, 0.000000, 0.000000, 0.000000, 1.000000, -0.170808, -0.185595, 0.967667, 0.218015, -0.873421, -0.426022, -0.235882, -0.059642, 0.456026, -0.885471, -0.089335, 0.234396, 0.000000, 0.000000, 0.000000, 1.000000, -0.010999, -0.010847, -0.999881, 0.135599, -0.999386, -0.033148, 0.011354, 0.013092, -0.033267, 0.999392, -0.010475, 0.066561, 0.000000, 0.000000, 0.000000, 1.000000
-29.2537, 59.5988, -34.3382, 196.0170, 218.0240, -59.5991, 234.3712, 135.5989, 13.1185, 66.5589, 0.873253, 0.426367, 0.235884, 0.059599, -0.456341, 0.885329, 0.089135, -0.034338, -0.170831, -0.185481, 0.967685, 0.196017, 0.000000, 0.000000, 0.000000, 1.000000, -0.170738, -0.185665, 0.967666, 0.218024, -0.873252, -0.426366, -0.235886, -0.059599, 0.456376, -0.885291, -0.089335, 0.234371, 0.000000, 0.000000, 0.000000, 1.000000, -0.010990, -0.010852, -0.999881, 0.135599, -0.999386, -0.033148, 0.011344, 0.013119, -0.033267, 0.999392, -0.010481, 0.066559, 0.000000, 0.000000, 0.000000, 1.000000
-29.2313, 59.5550, -34.3065, 196.0312, 218.0382, -59.5553, 234.3393, 135.5979, 13.1457, 66.5574, 0.873083, 0.426712, 0.235887, 0.059555, -0.456695, 0.885144, 0.089160, -0.034307, -0.170748, -0.185572, 0.967682, 0.196031, 0.000000, 0.000000, 0.000000, 1.000000, -0.170655, -0.185757, 0.967663, 0.218038, -0.873083, -0.426712, -0.235888, -0.059555, 0.456731, -0.885105, -0.089361, 0.234339, 0.000000, 0.000000, 0.000000, 1.000000, -0.010980, -0.010857, -0.999881, 0.135598, -0.999386, -0.033148, 0.011334, 0.013146, -0.033267, 0.999391, -0.010486, 0.066557, 0.000000, 0.000000, 0.000000, 1.000000
-29.1982, 59.4905, -34.2611, 196.0513, 218.0584, -59.4908, 234.2936, 135.5966, 13.1856, 66.5549, 0.872833, 0.427222, 0.235891, 0.059490, -0.457218, 0.884871, 0.089191, -0.034261, -0.170629, -0.185703, 0.967678, 0.196051, 0.000000, 0.000000, 0.000000, 1.000000, -0.170535, -0.185888, 0.967659, 0.218058, -0.872832, -0.427221, -0.235893, -0.059491, 0.457254, -0.884832, -0.089393, 0.234294, 0.000000, 0.000000, 0.000000, 1.000000, -0.010966, -0.010864, -0.999881, 0.135597, -0.999386, -0.033148, 0.011320, 0.013186, -0.033267, 0.999391, -0.010494, 0.066555, 0.000000, 0.000000, 0.000000, 1.000000
-29.1658, 59.4276, -34.2186, 196.0695, 218.0766, -59.4280, 234.2509, 135.5957, 13.2244, 66.5523, 0.872587, 0.427720, 0.235896, 0.059428, -0.457729, 0.884604, 0.089215, -0.034219, -0.170516, -0.185825, 0.967674, 0.196070, 0.000000, 0.000000, 0.000000, 1.000000, -0.170421, -0.186011, 0.967655, 0.218077, -0.872587, -0.427720, -0.235898, -0.059428, 0.457765, -0.884565, -0.089419, 0.234251, 0.000000, 0.000000, 0.000000, 1.000000, -0.010952, -0.010871, -0.999881, 0.135596, -0.999387, -0.033148, 0.011307, 0.013224, -0.033267, 0.999391, -0.010502, 0.066552, 0.000000, 0.000000, 0.000000, 1.000000
-29.1446, 59.3863, -34.1893, 196.0826, 218.0897, -59.3866, 234.2214, 135.5949, 13.2500, 66.5507, 0.872426, 0.428047, 0.235899, 0.059386, -0.458064, 0.884429, 0.089236, -0.034189, -0.170439, -0.185909, 0.967672, 0.196083, 0.000000, 0.000000, 0.000000, 1.000000, -0.170344, -0.186097, 0.967652, 0.218090, -0.872426, -0.428046, -0.235901, -0.059387, 0.458100, -0.884389, -0.089441, 0.234221, 0.000000, 0.000000, 0.000000, 1.000000, -0.010942, -0.010876, -0.999881, 0.135595, -0.999387, -0.033148, 0.011298, 0.013250, -0.033267, 0.999391, -0.010507, 0.066551, 0.000000, 0.000000, 0.000000, 1.000000
-29.1237, 59.3454, -34.1592, 196.0964, 218.1036, -59.3457, 234.1910, 135.5937, 13.2754, 66.5493, 0.872268, 0.428368, 0.235902, 0.059345, -0.458395, 0.884255, 0.089261, -0.034159, -0.170361, -0.185996, 0.967669, 0.196096, 0.000000, 0.000000, 0.000000, 1.000000, -0.170265, -0.186184, 0.967649, 0.218104, -0.872267, -0.428368, -0.235904, -0.059346, 0.458432, -0.884215, -0.089467, 0.234191, 0.000000, 0.000000, 0.000000, 1.000000, -0.010933, -0.010881, -0.999881, 0.135594, -0.999387, -0.033148, 0.011289, 0.013275, -0.033267, 0.999391, -0.010512, 0.066549, 0.000000, 0.000000, 0.000000, 1.000000
-29.1033, 59.3056, -34.1309, 196.1091, 218.1163, -59.3059, 234.1625, 135.5929, 13.3000, 66.5478, 0.872113, 0.428682, 0.235905, 0.059306, -0.458718, 0.884085, 0.089281, -0.034131, -0.170287, -0.186077, 0.967666, 0.196109, 0.000000, 0.000000, 0.000000, 1.000000, -0.170191, -0.186267, 0.967647, 0.218116, -0.872112, -0.428682, -0.235907, -0.059306, 0.458754, -0.884046, -0.089488, 0.234163, 0.000000, 0.000000, 0.000000, 1.000000, -0.010925, -0.010885, -0.999881, 0.135593, -0.999387, -0.033148, 0.011280, 0.013300, -0.033267, 0.999391, -0.010516, 0.066548, 0.000000, 0.000000, 0.000000, 1.000000
-29.0737, 59.2482, -34.0922, 196.1259, 218.1331, -59.2485, 234.1234, 135.5921, 13.3355, 66.5453, 0.871887, 0.429138, 0.235910, 0.059248, -0.459185, 0.883841, 0.089303, -0.034092, -0.170184, -0.186188, 0.967663, 0.196126, 0.000000, 0.000000, 0.000000, 1.000000, -0.170087, -0.186379, 0.967643, 0.218133, -0.871887, -0.429138, -0.235912, -0.059248, 0.459221, -0.883801, -0.089511, 0.234123, 0.000000, 0.000000, 0.000000, 1.000000, -0.010912, -0.010892, -0.999881, 0.135592, -0.999387, -0.033148, 0.011267, 0.013336, -0.033266, 0.999391, -0.010523, 0.066545, 0.000000, 0.000000, 0.000000, 1.000000
-29.0545, 59.2114, -34.0687, 196.1355, 218.1428, -59.2117, 234.0997, 135.5919, 13.3582, 66.5435, 0.871741, 0.429432, 0.235914, 0.059211, -0.459485, 0.883684, 0.089311, -0.034069, -0.170120, -0.186255, 0.967661, 0.196136, 0.000000, 0.000000, 0.000000, 1.000000, -0.170022, -0.186447, 0.967641, 0.218143, -0.871741, -0.429432, -0.235915, -0.059212, 0.459522, -0.883644, -0.089521, 0.234100, 0.000000, 0.000000, 0.000000, 1.000000, -0.010903, -0.010896, -0.999881, 0.135592, -0.999387, -0.033148, 0.011259, 0.013358, -0.033266, 0.999391, -0.010528, 0.066544, 0.000000, 0.000000, 0.000000, 1.000000
-29.0358, 59.1757, -34.0470, 196.1440, 218.1513, -59.1760, 234.0778, 135.5920, 13.3802, 66.5417, 0.871600, 0.429718, 0.235918, 0.059176, -0.459776, 0.883532, 0.089316, -0.034047, -0.170060, -0.186317, 0.967660, 0.196144, 0.000000, 0.000000, 0.000000, 1.000000, -0.169962, -0.186509, 0.967640, 0.218151, -0.871599, -0.429717, -0.235919, -0.059176, 0.459813, -0.883492, -0.089526, 0.234078, 0.000000, 0.000000, 0.000000, 1.000000, -0.010895, -0.010900, -0.999881, 0.135592, -0.999387, -0.033148, 0.011251, 0.013380, -0.033266, 0.999391, -0.010532, 0.066542, 0.000000, 0.000000, 0.000000, 1.000000
-29.0176, 59.1412, -34.0270, 196.1515, 218.1588, -59.1416, 234.0577, 135.5923, 13.4014, 66.5398, 0.871462, 0.429995, 0.235921, 0.059141, -0.460058, 0.883385, 0.089316, -0.034027, -0.170004, -0.186373, 0.967659, 0.196151, 0.000000, 0.000000, 0.000000, 1.000000, -0.169905, -0.186567, 0.967639, 0.218159, -0.871461, -0.429995, -0.235923, -0.059142, 0.460095, -0.883344, -0.089527, 0.234058, 0.000000, 0.000000, 0.000000, 1.000000, -0.010887, -0.010904, -0.999881, 0.135592, -0.999387, -0.033148, 0.011243, 0.013401, -0.033266, 0.999391, -0.010537, 0.066540, 0.000000, 0.000000, 0.000000, 1.000000
-28.9999, 59.1079, -34.0087, 196.1579, 218.1652, -59.1082, 234.0392, 135.5928, 13.4219, 66.5378, 0.871327, 0.430265, 0.235925, 0.059108, -0.460331, 0.883243, 0.089313, -0.034009, -0.169951, -0.186425, 0.967658, 0.196158, 0.000000, 0.000000, 0.000000, 1.000000, -0.169852, -0.186619, 0.967638, 0.218165, -0.871327, -0.430264, -0.235927, -0.059108, 0.460369, -0.883202, -0.089525, 0.234039, 0.000000, 0.000000, 0.000000, 1.000000, -0.010880, -0.010908, -0.999881, 0.135593, -0.999387, -0.033148, 0.011236, 0.013422, -0.033266, 0.999391, -0.010541, 0.066538, 0.000000, 0.000000, 0.000000, 1.000000
