# Joint_5_Angle(deg), Cam_X(mm), Cam_Y(mm), Cam_Z(mm), Torso_X(mm), Torso_Y(mm), Torso_Z(mm), EE_X(mm), EE_Y(mm), EE_Z(mm), T_cam2marker_flat(16), T_torso2marker_flat(16), T_ee2marker_flat(16)
-30.0002, 69.4595, 5.3236, 218.1051, 240.1036, -69.4599, 194.6940, 45.6456, 101.4109, -1.9483, 0.837174, -0.537849, -0.099290, 0.069460, 0.544826, 0.836020, 0.065079, 0.005324, 0.048006, -0.108578, 0.992928, 0.218105, 0.000000, 0.000000, 0.000000, 1.000000, 0.047864, -0.108791, 0.992912, 0.240104, -0.837174, 0.537849, 0.099288, -0.069460, -0.544838, -0.835992, -0.065333, 0.194694, 0.000000, 0.000000, 0.000000, 1.000000, 0.995480, -0.042946, 0.084702, 0.045646, 0.085105, 0.007646, -0.996343, 0.101411, 0.042141, 0.999048, 0.011266, -0.001948, 0.000000, 0.000000, 0.000000, 1.000000
-30.0003, 69.4598, 5.3238, 218.1051, 240.1037, -69.4602, 194.6938, 45.6457, 101.4109, -1.9484, 0.837173, -0.537850, -0.099290, 0.069460, 0.544827, 0.836019, 0.065079, 0.005324, 0.048005, -0.108578, 0.992928, 0.218105, 0.000000, 0.000000, 0.000000, 1.000000, 0.047864, -0.108791, 0.992912, 0.240104, -0.837173, 0.537851, 0.099288, -0.069460, -0.544840, -0.835991, -0.065333, 0.194694, 0.000000, 0.000000, 0.000000, 1.000000, 0.995480, -0.042946, 0.084702, 0.045646, 0.085105, 0.007646, -0.996343, 0.101411, 0.042141, 0.999048, 0.011266, -0.001948, 0.000000, 0.000000, 0.000000, 1.000000
-30.0010, 69.4615, 5.3249, 218.1052, 240.1037, -69.4619, 194.6929, 45.6463, 101.4110, -1.9488, 0.837167, -0.537860, -0.099289, 0.069462, 0.544837, 0.836013, 0.065079, 0.005325, 0.048004, -0.108579, 0.992928, 0.218105, 0.000000, 0.000000, 0.000000, 1.000000, 0.047863, -0.108791, 0.992912, 0.240104, -0.837167, 0.537860, 0.099288, -0.069462, -0.544849, -0.835985, -0.065332, 0.194693, 0.000000, 0.000000, 0.000000, 1.000000, 0.995480, -0.042946, 0.084702, 0.045646, 0.085105, 0.007646, -0.996343, 0.101411, 0.042141, 0.999048, 0.011266, -0.001949, 0.000000, 0.000000, 0.000000, 1.000000
-30.0012, 69.4626, 5.3286, 218.1065, 240.1050, -69.4629, 194.6893, 45.6469, 101.4106, -1.9488, 0.837163, -0.537866, -0.099290, 0.069463, 0.544844, 0.836008, 0.065087, 0.005329, 0.047999, -0.108586, 0.992928, 0.218107, 0.000000, 0.000000, 0.000000, 1.000000, 0.047858, -0.108798, 0.992911, 0.240105, -0.837163, 0.537866, 0.099288, -0.069463, -0.544856, -0.835980, -0.065340, 0.194689, 0.000000, 0.000000, 0.000000, 1.000000, 0.995480, -0.042946, 0.084702, 0.045647, 0.085105, 0.007645, -0.996343, 0.101411, 0.042141, 0.999048, 0.011266, -0.001949, 0.000000, 0.000000, 0.000000, 1.000000
-30.0013, 69.4633, 5.3319, 218.1078, 240.1063, -69.4637, 194.6859, 45.6474, 101.4102, -1.9488, 0.837160, -0.537871, -0.099290, 0.069463, 0.544848, 0.836004, 0.065094, 0.005332, 0.047994, -0.108592, 0.992927, 0.218108, 0.000000, 0.000000, 0.000000, 1.000000, 0.047854, -0.108804, 0.992911, 0.240106, -0.837160, 0.537871, 0.099288, -0.069464, -0.544861, -0.835976, -0.065348, 0.194686, 0.000000, 0.000000, 0.000000, 1.000000, 0.995480, -0.042946, 0.084702, 0.045647, 0.085105, 0.007645, -0.996343, 0.101410, 0.042141, 0.999048, 0.011266, -0.001949, 0.000000, 0.000000, 0.000000, 1.000000
-30.0015, 69.4646, 5.3381, 218.1102, 240.1087, -69.4650, 194.6797, 45.6483, 101.4095, -1.9487, 0.837155, -0.537879, -0.099290, 0.069465, 0.544857, 0.835997, 0.065108, 0.005338, 0.047986, -0.108604, 0.992926, 0.218110, 0.000000, 0.000000, 0.000000, 1.000000, 0.047845, -0.108817, 0.992910, 0.240109, -0.837155, 0.537879, 0.099288, -0.069465, -0.544869, -0.835970, -0.065361, 0.194680, 0.000000, 0.000000, 0.000000, 1.000000, 0.995480, -0.042946, 0.084702, 0.045648, 0.085105, 0.007645, -0.996343, 0.101410, 0.042141, 0.999048, 0.011265, -0.001949, 0.000000, 0.000000, 0.000000, 1.000000
-30.0017, 69.4661, 5.3460, 218.1133, 240.1119, -69.4665, 194.6718, 45.6494, 101.4086, -1.9485, 0.837149, -0.537888, -0.099290, 0.069466, 0.544868, 0.835989, 0.065126, 0.005346, 0.047975, -0.108620, 0.992925, 0.218113, 0.000000, 0.000000, 0.000000, 1.000000, 0.047835, -0.108832, 0.992909, 0.240112, -0.837149, 0.537888, 0.099289, -0.069467, -0.544880, -0.835961, -0.065379, 0.194672, 0.000000, 0.000000, 0.000000, 1.000000, 0.995480, -0.042946, 0.084702, 0.045649, 0.085105, 0.007645, -0.996343, 0.101409, 0.042141, 0.999048, 0.011265, -0.001948, 0.000000, 0.000000, 0.000000, 1.000000
-30.0017, 69.4667, 5.3501, 218.1150, 240.1135, -69.4671, 194.6677, 45.6499, 101.4081, -1.9483, 0.837146, -0.537892, -0.099291, 0.069467, 0.544871, 0.835986, 0.065135, 0.005350, 0.047970, -0.108628, 0.992924, 0.218115, 0.000000, 0.000000, 0.000000, 1.000000, 0.047829, -0.108841, 0.992908, 0.240114, -0.837146, 0.537892, 0.099289, -0.069467, -0.544884, -0.835958, -0.065389, 0.194668, 0.000000, 0.000000, 0.000000, 1.000000, 0.995480, -0.042946, 0.084702, 0.045650, 0.085105, 0.007645, -0.996343, 0.101408, 0.042141, 0.999048, 0.011265, -0.001948, 0.000000, 0.000000, 0.000000, 1.000000
-30.0016, 69.4667, 5.3517, 218.1158, 240.1143, -69.4671, 194.6661, 45.6500, 101.4078, -1.9482, 0.837146, -0.537892, -0.099291, 0.069467, 0.544872, 0.835985, 0.065140, 0.005352, 0.047968, -0.108632, 0.992924, 0.218116, 0.000000, 0.000000, 0.000000, 1.000000, 0.047827, -0.108844, 0.992908, 0.240114, -0.837146, 0.537892, 0.099289, -0.069467, -0.544884, -0.835957, -0.065393, 0.194666, 0.000000, 0.000000, 0.000000, 1.000000, 0.995480, -0.042946, 0.084702, 0.045650, 0.085105, 0.007645, -0.996343, 0.101408, 0.042141, 0.999048, 0.011265, -0.001948, 0.000000, 0.000000, 0.000000, 1.000000
-29.9998, 69.4630, 5.3557, 218.1184, 240.1169, -69.4634, 194.6621, 45.6494, 101.4067, -1.9465, 0.837159, -0.537871, -0.099291, 0.069463, 0.544852, 0.835997, 0.065156, 0.005356, 0.047962, -0.108645, 0.992923, 0.218118, 0.000000, 0.000000, 0.000000, 1.000000, 0.047821, -0.108858, 0.992906, 0.240117, -0.837159, 0.537871, 0.099290, -0.069463, -0.544864, -0.835969, -0.065409, 0.194662, 0.000000, 0.000000, 0.000000, 1.000000, 0.995480, -0.042946, 0.084701, 0.045649, 0.085105, 0.007645, -0.996343, 0.101407, 0.042141, 0.999048, 0.011266, -0.001946, 0.000000, 0.000000, 0.000000, 1.000000
-29.9992, 69.4616, 5.3553, 218.1186, 240.1171, -69.4620, 194.6625, 45.6489, 101.4065, -1.9460, 0.837165, -0.537863, -0.099291, 0.069462, 0.544844, 0.836002, 0.065158, 0.005355, 0.047962, -0.108646, 0.992923, 0.218119, 0.000000, 0.000000, 0.000000, 1.000000, 0.047822, -0.108858, 0.992906, 0.240117, -0.837165, 0.537863, 0.099290, -0.069462, -0.544856, -0.835974, -0.065411, 0.194663, 0.000000, 0.000000, 0.000000, 1.000000, 0.995480, -0.042946, 0.084701, 0.045649, 0.085104, 0.007645, -0.996343, 0.101407, 0.042141, 0.999048, 0.011266, -0.001946, 0.000000, 0.000000, 0.000000, 1.000000
-29.9967, 69.4555, 5.3521, 218.1187, 240.1172, -69.4559, 194.6657, 45.6470, 101.4061, -1.9442, 0.837187, -0.537828, -0.099292, 0.069456, 0.544810, 0.836024, 0.065160, 0.005352, 0.047966, -0.108646, 0.992923, 0.218119, 0.000000, 0.000000, 0.000000, 1.000000, 0.047825, -0.108858, 0.992906, 0.240117, -0.837187, 0.537828, 0.099290, -0.069456, -0.544822, -0.835997, -0.065413, 0.194666, 0.000000, 0.000000, 0.000000, 1.000000, 0.995481, -0.042946, 0.084701, 0.045647, 0.085104, 0.007646, -0.996343, 0.101406, 0.042141, 0.999048, 0.011267, -0.001944, 0.000000, 0.000000, 0.000000, 1.000000
-29.9957, 69.4528, 5.3503, 218.1185, 240.1170, -69.4532, 194.6675, 45.6461, 101.4060, -1.9434, 0.837197, -0.537813, -0.099292, 0.069453, 0.544794, 0.836034, 0.065160, 0.005350, 0.047968, -0.108645, 0.992923, 0.218119, 0.000000, 0.000000, 0.000000, 1.000000, 0.047827, -0.108858, 0.992906, 0.240117, -0.837197, 0.537813, 0.099290, -0.069453, -0.544806, -0.836007, -0.065413, 0.194668, 0.000000, 0.000000, 0.000000, 1.000000, 0.995481, -0.042946, 0.084700, 0.045646, 0.085103, 0.007647, -0.996343, 0.101406, 0.042141, 0.999048, 0.011267, -0.001943, 0.000000, 0.000000, 0.000000, 1.000000
-29.9916, 69.4425, 5.3428, 218.1177, 240.1162, -69.4428, 194.6750, 45.6426, 101.4055, -1.9405, 0.837235, -0.537753, -0.099292, 0.069442, 0.544734, 0.836073, 0.065158, 0.005343, 0.047976, -0.108641, 0.992923, 0.218118, 0.000000, 0.000000, 0.000000, 1.000000, 0.047836, -0.108853, 0.992906, 0.240116, -0.837235, 0.537753, 0.099290, -0.069443, -0.544747, -0.836046, -0.065412, 0.194675, 0.000000, 0.000000, 0.000000, 1.000000, 0.995481, -0.042946, 0.084699, 0.045643, 0.085102, 0.007649, -0.996343, 0.101406, 0.042141, 0.999048, 0.011269, -0.001941, 0.000000, 0.000000, 0.000000, 1.000000
-29.9881, 69.4335, 5.3359, 218.1168, 240.1153, -69.4339, 194.6819, 45.6396, 101.4052, -1.9380, 0.837268, -0.537702, -0.099292, 0.069433, 0.544683, 0.836107, 0.065156, 0.005336, 0.047984, -0.108636, 0.992923, 0.218117, 0.000000, 0.000000, 0.000000, 1.000000, 0.047844, -0.108848, 0.992906, 0.240115, -0.837268, 0.537702, 0.099290, -0.069434, -0.544695, -0.836079, -0.065409, 0.194682, 0.000000, 0.000000, 0.000000, 1.000000, 0.995481, -0.042946, 0.084698, 0.045640, 0.085101, 0.007650, -0.996343, 0.101405, 0.042141, 0.999048, 0.011270, -0.001938, 0.000000, 0.000000, 0.000000, 1.000000
-29.9840, 69.4227, 5.3275, 218.1156, 240.1141, -69.4231, 194.6904, 45.6359, 101.4048, -1.9351, 0.837308, -0.537640, -0.099292, 0.069423, 0.544621, 0.836148, 0.065153, 0.005327, 0.047994, -0.108630, 0.992923, 0.218116, 0.000000, 0.000000, 0.000000, 1.000000, 0.047854, -0.108842, 0.992907, 0.240114, -0.837308, 0.537640, 0.099291, -0.069423, -0.544633, -0.836120, -0.065406, 0.194690, 0.000000, 0.000000, 0.000000, 1.000000, 0.995481, -0.042947, 0.084697, 0.045636, 0.085100, 0.007652, -0.996343, 0.101405, 0.042141, 0.999048, 0.011272, -0.001935, 0.000000, 0.000000, 0.000000, 1.000000
-29.9816, 69.4167, 5.3227, 218.1150, 240.1135, -69.4170, 194.6952, 45.6339, 101.4046, -1.9334, 0.837330, -0.537605, -0.099292, 0.069417, 0.544586, 0.836171, 0.065151, 0.005323, 0.048000, -0.108626, 0.992923, 0.218115, 0.000000, 0.000000, 0.000000, 1.000000, 0.047860, -0.108838, 0.992907, 0.240113, -0.837330, 0.537605, 0.099291, -0.069417, -0.544598, -0.836143, -0.065404, 0.194695, 0.000000, 0.000000, 0.000000, 1.000000, 0.995481, -0.042947, 0.084696, 0.045634, 0.085100, 0.007653, -0.996343, 0.101405, 0.042141, 0.999048, 0.011273, -0.001933, 0.000000, 0.000000, 0.000000, 1.000000
-29.9764, 69.4030, 5.3119, 218.1134, 240.1120, -69.4034, 194.7059, 45.6292, 101.4042, -1.9297, 0.837380, -0.537527, -0.099292, 0.069403, 0.544508, 0.836222, 0.065147, 0.005312, 0.048013, -0.108618, 0.992923, 0.218113, 0.000000, 0.000000, 0.000000, 1.000000, 0.047872, -0.108830, 0.992907, 0.240112, -0.837380, 0.537527, 0.099291, -0.069403, -0.544520, -0.836194, -0.065400, 0.194706, 0.000000, 0.000000, 0.000000, 1.000000, 0.995481, -0.042947, 0.084695, 0.045629, 0.085098, 0.007655, -0.996343, 0.101404, 0.042141, 0.999048, 0.011275, -0.001930, 0.000000, 0.000000, 0.000000, 1.000000
-29.9704, 69.3875, 5.2996, 218.1117, 240.1102, -69.3878, 194.7182, 45.6239, 101.4037, -1.9254, 0.837438, -0.537437, -0.099293, 0.069387, 0.544418, 0.836281, 0.065142, 0.005300, 0.048027, -0.108609, 0.992924, 0.218112, 0.000000, 0.000000, 0.000000, 1.000000, 0.047887, -0.108821, 0.992907, 0.240110, -0.837438, 0.537438, 0.099291, -0.069388, -0.544431, -0.836253, -0.065394, 0.194718, 0.000000, 0.000000, 0.000000, 1.000000, 0.995481, -0.042947, 0.084693, 0.045624, 0.085097, 0.007658, -0.996343, 0.101404, 0.042141, 0.999048, 0.011278, -0.001925, 0.000000, 0.000000, 0.000000, 1.000000
-29.9476, 69.3284, 5.2537, 218.1054, 240.1039, -69.3288, 194.7643, 45.6039, 101.4017, -1.9092, 0.837655, -0.537099, -0.099293, 0.069328, 0.544080, 0.836502, 0.065124, 0.005254, 0.048081, -0.108575, 0.992925, 0.218105, 0.000000, 0.000000, 0.000000, 1.000000, 0.047941, -0.108787, 0.992908, 0.240104, -0.837655, 0.537099, 0.099292, -0.069329, -0.544092, -0.836475, -0.065377, 0.194764, 0.000000, 0.000000, 0.000000, 1.000000, 0.995482, -0.042948, 0.084687, 0.045604, 0.085091, 0.007667, -0.996344, 0.101402, 0.042141, 0.999048, 0.011287, -0.001909, 0.000000, 0.000000, 0.000000, 1.000000
-29.9385, 69.3049, 5.2356, 218.1030, 240.1016, -69.3053, 194.7824, 45.5959, 101.4008, -1.9027, 0.837741, -0.536964, -0.099294, 0.069305, 0.543945, 0.836590, 0.065118, 0.005236, 0.048102, -0.108562, 0.992925, 0.218103, 0.000000, 0.000000, 0.000000, 1.000000, 0.047962, -0.108774, 0.992909, 0.240102, -0.837741, 0.536965, 0.099292, -0.069305, -0.543957, -0.836563, -0.065371, 0.194782, 0.000000, 0.000000, 0.000000, 1.000000, 0.995482, -0.042948, 0.084684, 0.045596, 0.085088, 0.007671, -0.996344, 0.101401, 0.042141, 0.999048, 0.011291, -0.001903, 0.000000, 0.000000, 0.000000, 1.000000
-29.9287, 69.2794, 5.2162, 218.1005, 240.0990, -69.2798, 194.8017, 45.5873, 101.3999, -1.8957, 0.837834, -0.536819, -0.099294, 0.069279, 0.543799, 0.836686, 0.065112, 0.005216, 0.048125, -0.108549, 0.992926, 0.218100, 0.000000, 0.000000, 0.000000, 1.000000, 0.047985, -0.108761, 0.992909, 0.240099, -0.837834, 0.536819, 0.099292, -0.069280, -0.543811, -0.836658, -0.065364, 0.194802, 0.000000, 0.000000, 0.000000, 1.000000, 0.995482, -0.042948, 0.084681, 0.045587, 0.085086, 0.007676, -0.996344, 0.101400, 0.042141, 0.999048, 0.011295, -0.001896, 0.000000, 0.000000, 0.000000, 1.000000
-29.9181, 69.2520, 5.1956, 218.0979, 240.0964, -69.2524, 194.8224, 45.5781, 101.3988, -1.8882, 0.837935, -0.536662, -0.099294, 0.069252, 0.543642, 0.836788, 0.065105, 0.005196, 0.048149, -0.108535, 0.992926, 0.218098, 0.000000, 0.000000, 0.000000, 1.000000, 0.048009, -0.108746, 0.992910, 0.240096, -0.837935, 0.536662, 0.099293, -0.069252, -0.543654, -0.836761, -0.065358, 0.194822, 0.000000, 0.000000, 0.000000, 1.000000, 0.995482, -0.042948, 0.084678, 0.045578, 0.085083, 0.007680, -0.996344, 0.101399, 0.042141, 0.999048, 0.011299, -0.001888, 0.000000, 0.000000, 0.000000, 1.000000
-29.9068, 69.2226, 5.1737, 218.0952, 240.0938, -69.2230, 194.8443, 45.5682, 101.3977, -1.8800, 0.838042, -0.536494, -0.099295, 0.069223, 0.543474, 0.836898, 0.065099, 0.005174, 0.048174, -0.108520, 0.992926, 0.218095, 0.000000, 0.000000, 0.000000, 1.000000, 0.048035, -0.108732, 0.992910, 0.240094, -0.838042, 0.536494, 0.099293, -0.069223, -0.543486, -0.836870, -0.065351, 0.194844, 0.000000, 0.000000, 0.000000, 1.000000, 0.995483, -0.042949, 0.084675, 0.045568, 0.085080, 0.007685, -0.996345, 0.101398, 0.042141, 0.999048, 0.011304, -0.001880, 0.000000, 0.000000, 0.000000, 1.000000
-29.8752, 69.1412, 5.1141, 218.0882, 240.0868, -69.1416, 194.9040, 45.5409, 101.3944, -1.8575, 0.838340, -0.536028, -0.099296, 0.069141, 0.543009, 0.837201, 0.065085, 0.005114, 0.048244, -0.108482, 0.992927, 0.218088, 0.000000, 0.000000, 0.000000, 1.000000, 0.048105, -0.108693, 0.992911, 0.240087, -0.838340, 0.536028, 0.099295, -0.069142, -0.543021, -0.837173, -0.065337, 0.194904, 0.000000, 0.000000, 0.000000, 1.000000, 0.995483, -0.042950, 0.084666, 0.045541, 0.085071, 0.007698, -0.996345, 0.101394, 0.042141, 0.999048, 0.011317, -0.001857, 0.000000, 0.000000, 0.000000, 1.000000
-29.8544, 69.0873, 5.0754, 218.0839, 240.0824, -69.0877, 194.9428, 45.5229, 101.3921, -1.8425, 0.838536, -0.535721, -0.099298, 0.069087, 0.542701, 0.837401, 0.065077, 0.005075, 0.048289, -0.108458, 0.992927, 0.218084, 0.000000, 0.000000, 0.000000, 1.000000, 0.048150, -0.108670, 0.992911, 0.240082, -0.838537, 0.535721, 0.099296, -0.069088, -0.542714, -0.837373, -0.065329, 0.194943, 0.000000, 0.000000, 0.000000, 1.000000, 0.995484, -0.042950, 0.084660, 0.045523, 0.085066, 0.007707, -0.996346, 0.101392, 0.042141, 0.999047, 0.011326, -0.001842, 0.000000, 0.000000, 0.000000, 1.000000
-29.8398, 69.0506, 5.0551, 218.0836, 240.0822, -69.0510, 194.9630, 45.5112, 101.3897, -1.8317, 0.838670, -0.535511, -0.099299, 0.069051, 0.542493, 0.837535, 0.065087, 0.005055, 0.048311, -0.108456, 0.992927, 0.218084, 0.000000, 0.000000, 0.000000, 1.000000, 0.048172, -0.108667, 0.992910, 0.240082, -0.838670, 0.535512, 0.099297, -0.069051, -0.542505, -0.837507, -0.065339, 0.194963, 0.000000, 0.000000, 0.000000, 1.000000, 0.995484, -0.042951, 0.084656, 0.045511, 0.085062, 0.007713, -0.996346, 0.101390, 0.042141, 0.999047, 0.011332, -0.001832, 0.000000, 0.000000, 0.000000, 1.000000
-29.8323, 69.0317, 5.0445, 218.0835, 240.0821, -69.0321, 194.9736, 45.5051, 101.3884, -1.8262, 0.838739, -0.535404, -0.099299, 0.069032, 0.542386, 0.837604, 0.065092, 0.005045, 0.048323, -0.108454, 0.992926, 0.218083, 0.000000, 0.000000, 0.000000, 1.000000, 0.048184, -0.108666, 0.992910, 0.240082, -0.838739, 0.535404, 0.099298, -0.069032, -0.542398, -0.837576, -0.065344, 0.194974, 0.000000, 0.000000, 0.000000, 1.000000, 0.995484, -0.042951, 0.084653, 0.045505, 0.085060, 0.007716, -0.996346, 0.101388, 0.042141, 0.999047, 0.011335, -0.001826, 0.000000, 0.000000, 0.000000, 1.000000
-29.8091, 68.9729, 5.0106, 218.0825, 240.0811, -68.9733, 195.0074, 45.4862, 101.3847, -1.8091, 0.838952, -0.535069, -0.099301, 0.068973, 0.542053, 0.837819, 0.065105, 0.005011, 0.048361, -0.108446, 0.992925, 0.218082, 0.000000, 0.000000, 0.000000, 1.000000, 0.048222, -0.108658, 0.992909, 0.240081, -0.838952, 0.535069, 0.099300, -0.068973, -0.542065, -0.837791, -0.065357, 0.195007, 0.000000, 0.000000, 0.000000, 1.000000, 0.995485, -0.042952, 0.084647, 0.045486, 0.085053, 0.007726, -0.996346, 0.101385, 0.042141, 0.999047, 0.011344, -0.001809, 0.000000, 0.000000, 0.000000, 1.000000
-29.7931, 68.9321, 4.9864, 218.0815, 240.0801, -68.9325, 195.0316, 45.4730, 101.3823, -1.7973, 0.839100, -0.534837, -0.099303, 0.068932, 0.541821, 0.837968, 0.065112, 0.004986, 0.048388, -0.108440, 0.992925, 0.218082, 0.000000, 0.000000, 0.000000, 1.000000, 0.048249, -0.108652, 0.992908, 0.240080, -0.839100, 0.534837, 0.099301, -0.068933, -0.541834, -0.837940, -0.065364, 0.195032, 0.000000, 0.000000, 0.000000, 1.000000, 0.995485, -0.042952, 0.084642, 0.045473, 0.085049, 0.007732, -0.996347, 0.101382, 0.042141, 0.999047, 0.011351, -0.001797, 0.000000, 0.000000, 0.000000, 1.000000
-29.7766, 68.8903, 4.9609, 218.0803, 240.0789, -68.8906, 195.0571, 45.4595, 101.3798, -1.7853, 0.839252, -0.534599, -0.099304, 0.068890, 0.541583, 0.838121, 0.065117, 0.004961, 0.048417, -0.108431, 0.992924, 0.218080, 0.000000, 0.000000, 0.000000, 1.000000, 0.048278, -0.108644, 0.992908, 0.240079, -0.839252, 0.534599, 0.099302, -0.068891, -0.541596, -0.838094, -0.065370, 0.195057, 0.000000, 0.000000, 0.000000, 1.000000, 0.995486, -0.042953, 0.084637, 0.045459, 0.085044, 0.007739, -0.996347, 0.101380, 0.042141, 0.999047, 0.011357, -0.001785, 0.000000, 0.000000, 0.000000, 1.000000
-29.7598, 68.8474, 4.9343, 218.0787, 240.0774, -68.8477, 195.0836, 45.4455, 101.3774, -1.7731, 0.839407, -0.534354, -0.099306, 0.068847, 0.541340, 0.838278, 0.065122, 0.004934, 0.048448, -0.108422, 0.992924, 0.218079, 0.000000, 0.000000, 0.000000, 1.000000, 0.048308, -0.108634, 0.992907, 0.240077, -0.839407, 0.534354, 0.099304, -0.068848, -0.541352, -0.838251, -0.065374, 0.195084, 0.000000, 0.000000, 0.000000, 1.000000, 0.995486, -0.042953, 0.084632, 0.045445, 0.085040, 0.007746, -0.996347, 0.101377, 0.042141, 0.999047, 0.011364, -0.001773, 0.000000, 0.000000, 0.000000, 1.000000
-29.7254, 68.7592, 4.8782, 218.0750, 240.0737, -68.7595, 195.1397, 45.4166, 101.3727, -1.7480, 0.839726, -0.533852, -0.099309, 0.068759, 0.540839, 0.838601, 0.065127, 0.004878, 0.048512, -0.108398, 0.992923, 0.218075, 0.000000, 0.000000, 0.000000, 1.000000, 0.048373, -0.108611, 0.992907, 0.240074, -0.839726, 0.533852, 0.099307, -0.068760, -0.540851, -0.838574, -0.065380, 0.195140, 0.000000, 0.000000, 0.000000, 1.000000, 0.995487, -0.042954, 0.084622, 0.045417, 0.085030, 0.007761, -0.996348, 0.101373, 0.042141, 0.999047, 0.011378, -0.001748, 0.000000, 0.000000, 0.000000, 1.000000
-29.6990, 68.6915, 4.8339, 218.0717, 240.0703, -68.6918, 195.1839, 45.3944, 101.3692, -1.7289, 0.839971, -0.533466, -0.099311, 0.068691, 0.540454, 0.838849, 0.065127, 0.004834, 0.048564, -0.108378, 0.992923, 0.218072, 0.000000, 0.000000, 0.000000, 1.000000, 0.048424, -0.108591, 0.992906, 0.240070, -0.839971, 0.533467, 0.099309, -0.068692, -0.540466, -0.838821, -0.065381, 0.195184, 0.000000, 0.000000, 0.000000, 1.000000, 0.995487, -0.042955, 0.084615, 0.045394, 0.085023, 0.007772, -0.996349, 0.101369, 0.042141, 0.999047, 0.011389, -0.001729, 0.000000, 0.000000, 0.000000, 1.000000
-29.6813, 68.6458, 4.8036, 218.0692, 240.0678, -68.6461, 195.2142, 45.3793, 101.3669, -1.7161, 0.840136, -0.533206, -0.099313, 0.068646, 0.540194, 0.839017, 0.065127, 0.004804, 0.048599, -0.108363, 0.992923, 0.218069, 0.000000, 0.000000, 0.000000, 1.000000, 0.048460, -0.108576, 0.992906, 0.240068, -0.840136, 0.533206, 0.099311, -0.068646, -0.540206, -0.838989, -0.065380, 0.195214, 0.000000, 0.000000, 0.000000, 1.000000, 0.995488, -0.042956, 0.084610, 0.045379, 0.085018, 0.007779, -0.996349, 0.101367, 0.042141, 0.999047, 0.011396, -0.001716, 0.000000, 0.000000, 0.000000, 1.000000
-29.6724, 68.6228, 4.7882, 218.0679, 240.0665, -68.6231, 195.2296, 45.3717, 101.3658, -1.7096, 0.840219, -0.533075, -0.099313, 0.068623, 0.540063, 0.839101, 0.065126, 0.004788, 0.048617, -0.108355, 0.992923, 0.218068, 0.000000, 0.000000, 0.000000, 1.000000, 0.048478, -0.108569, 0.992906, 0.240067, -0.840219, 0.533075, 0.099312, -0.068623, -0.540076, -0.839073, -0.065379, 0.195230, 0.000000, 0.000000, 0.000000, 1.000000, 0.995488, -0.042956, 0.084607, 0.045372, 0.085016, 0.007783, -0.996349, 0.101366, 0.042141, 0.999047, 0.011400, -0.001710, 0.000000, 0.000000, 0.000000, 1.000000
-29.6545, 68.5766, 4.7571, 218.0651, 240.0638, -68.5770, 195.2607, 45.3565, 101.3636, -1.6967, 0.840386, -0.532812, -0.099315, 0.068577, 0.539801, 0.839270, 0.065124, 0.004757, 0.048653, -0.108339, 0.992923, 0.218065, 0.000000, 0.000000, 0.000000, 1.000000, 0.048514, -0.108553, 0.992906, 0.240064, -0.840386, 0.532812, 0.099313, -0.068577, -0.539813, -0.839242, -0.065377, 0.195261, 0.000000, 0.000000, 0.000000, 1.000000, 0.995488, -0.042956, 0.084602, 0.045356, 0.085011, 0.007790, -0.996350, 0.101364, 0.042141, 0.999047, 0.011407, -0.001697, 0.000000, 0.000000, 0.000000, 1.000000
-29.6186, 68.4839, 4.6938, 218.0593, 240.0580, -68.4843, 195.3239, 45.3258, 101.3593, -1.6709, 0.840720, -0.532284, -0.099318, 0.068484, 0.539274, 0.839609, 0.065117, 0.004694, 0.048728, -0.108305, 0.992923, 0.218059, 0.000000, 0.000000, 0.000000, 1.000000, 0.048588, -0.108519, 0.992906, 0.240058, -0.840720, 0.532284, 0.099317, -0.068484, -0.539286, -0.839582, -0.065371, 0.195324, 0.000000, 0.000000, 0.000000, 1.000000, 0.995489, -0.042957, 0.084591, 0.045326, 0.085001, 0.007805, -0.996350, 0.101359, 0.042140, 0.999046, 0.011422, -0.001671, 0.000000, 0.000000, 0.000000, 1.000000
-29.5830, 68.3916, 4.6299, 218.0531, 240.0518, -68.3919, 195.3878, 45.2951, 101.3552, -1.6453, 0.841052, -0.531758, -0.099322, 0.068392, 0.538748, 0.839947, 0.065108, 0.004630, 0.048803, -0.108269, 0.992923, 0.218053, 0.000000, 0.000000, 0.000000, 1.000000, 0.048664, -0.108483, 0.992907, 0.240052, -0.841052, 0.531758, 0.099320, -0.068392, -0.538761, -0.839919, -0.065362, 0.195388, 0.000000, 0.000000, 0.000000, 1.000000, 0.995490, -0.042958, 0.084581, 0.045295, 0.084992, 0.007820, -0.996351, 0.101355, 0.042140, 0.999046, 0.011436, -0.001645, 0.000000, 0.000000, 0.000000, 1.000000
-29.5655, 68.3461, 4.5982, 218.0499, 240.0486, -68.3465, 195.4195, 45.2799, 101.3531, -1.6328, 0.841216, -0.531499, -0.099323, 0.068346, 0.538490, 0.840113, 0.065103, 0.004598, 0.048840, -0.108250, 0.992923, 0.218050, 0.000000, 0.000000, 0.000000, 1.000000, 0.048701, -0.108464, 0.992907, 0.240049, -0.841216, 0.531499, 0.099321, -0.068346, -0.538502, -0.840086, -0.065357, 0.195419, 0.000000, 0.000000, 0.000000, 1.000000, 0.995491, -0.042959, 0.084576, 0.045280, 0.084987, 0.007828, -0.996351, 0.101353, 0.042140, 0.999046, 0.011444, -0.001633, 0.000000, 0.000000, 0.000000, 1.000000
-29.5397, 68.2791, 4.5513, 218.0451, 240.0439, -68.2795, 195.4664, 45.2576, 101.3502, -1.6143, 0.841456, -0.531118, -0.099326, 0.068279, 0.538108, 0.840358, 0.065095, 0.004551, 0.048896, -0.108223, 0.992923, 0.218045, 0.000000, 0.000000, 0.000000, 1.000000, 0.048757, -0.108437, 0.992907, 0.240044, -0.841456, 0.531118, 0.099324, -0.068279, -0.538121, -0.840331, -0.065349, 0.195466, 0.000000, 0.000000, 0.000000, 1.000000, 0.995491, -0.042960, 0.084569, 0.045258, 0.084980, 0.007839, -0.996352, 0.101350, 0.042140, 0.999046, 0.011454, -0.001614, 0.000000, 0.000000, 0.000000, 1.000000
-29.5312, 68.2571, 4.5359, 218.0436, 240.0423, -68.2575, 195.4818, 45.2503, 101.3493, -1.6082, 0.841535, -0.530993, -0.099326, 0.068257, 0.537983, 0.840438, 0.065092, 0.004536, 0.048914, -0.108213, 0.992924, 0.218044, 0.000000, 0.000000, 0.000000, 1.000000, 0.048775, -0.108428, 0.992907, 0.240042, -0.841535, 0.530993, 0.099325, -0.068257, -0.537996, -0.840411, -0.065346, 0.195482, 0.000000, 0.000000, 0.000000, 1.000000, 0.995491, -0.042960, 0.084566, 0.045250, 0.084978, 0.007842, -0.996352, 0.101349, 0.042140, 0.999046, 0.011458, -0.001608, 0.000000, 0.000000, 0.000000, 1.000000
-29.5146, 68.2138, 4.5054, 218.0404, 240.0391, -68.2142, 195.5123, 45.2359, 101.3474, -1.5963, 0.841690, -0.530746, -0.099328, 0.068214, 0.537737, 0.840597, 0.065087, 0.004505, 0.048950, -0.108195, 0.992924, 0.218040, 0.000000, 0.000000, 0.000000, 1.000000, 0.048811, -0.108409, 0.992907, 0.240039, -0.841691, 0.530746, 0.099326, -0.068214, -0.537750, -0.840569, -0.065341, 0.195512, 0.000000, 0.000000, 0.000000, 1.000000, 0.995492, -0.042960, 0.084561, 0.045236, 0.084973, 0.007849, -0.996352, 0.101347, 0.042140, 0.999046, 0.011464, -0.001596, 0.000000, 0.000000, 0.000000, 1.000000
-29.4983, 68.1713, 4.4754, 218.0373, 240.0360, -68.1717, 195.5422, 45.2217, 101.3456, -1.5847, 0.841843, -0.530504, -0.099330, 0.068171, 0.537495, 0.840751, 0.065081, 0.004475, 0.048986, -0.108177, 0.992924, 0.218037, 0.000000, 0.000000, 0.000000, 1.000000, 0.048847, -0.108391, 0.992908, 0.240036, -0.841843, 0.530504, 0.099328, -0.068172, -0.537508, -0.840724, -0.065335, 0.195542, 0.000000, 0.000000, 0.000000, 1.000000, 0.995492, -0.042961, 0.084557, 0.045222, 0.084969, 0.007856, -0.996353, 0.101346, 0.042140, 0.999046, 0.011471, -0.001585, 0.000000, 0.000000, 0.000000, 1.000000
-29.4515, 68.0495, 4.3896, 218.0282, 240.0270, -68.0499, 195.6281, 45.1811, 101.3405, -1.5513, 0.842279, -0.529811, -0.099334, 0.068049, 0.536803, 0.841195, 0.065064, 0.004390, 0.049088, -0.108125, 0.992925, 0.218028, 0.000000, 0.000000, 0.000000, 1.000000, 0.048949, -0.108339, 0.992908, 0.240027, -0.842279, 0.529811, 0.099332, -0.068050, -0.536815, -0.841168, -0.065318, 0.195628, 0.000000, 0.000000, 0.000000, 1.000000, 0.995493, -0.042962, 0.084543, 0.045181, 0.084956, 0.007876, -0.996354, 0.101340, 0.042140, 0.999046, 0.011490, -0.001551, 0.000000, 0.000000, 0.000000, 1.000000
-29.4368, 68.0112, 4.3626, 218.0254, 240.0241, -68.0115, 195.6551, 45.1683, 101.3388, -1.5408, 0.842416, -0.529593, -0.099335, 0.068011, 0.536585, 0.841335, 0.065059, 0.004363, 0.049120, -0.108109, 0.992925, 0.218025, 0.000000, 0.000000, 0.000000, 1.000000, 0.048981, -0.108323, 0.992908, 0.240024, -0.842416, 0.529593, 0.099334, -0.068012, -0.536597, -0.841307, -0.065313, 0.195655, 0.000000, 0.000000, 0.000000, 1.000000, 0.995494, -0.042963, 0.084539, 0.045168, 0.084952, 0.007882, -0.996354, 0.101339, 0.042140, 0.999046, 0.011496, -0.001541, 0.000000, 0.000000, 0.000000, 1.000000
-29.4296, 67.9925, 4.3495, 218.0240, 240.0228, -67.9929, 195.6682, 45.1620, 101.3380, -1.5357, 0.842482, -0.529486, -0.099336, 0.067992, 0.536478, 0.841403, 0.065056, 0.004350, 0.049135, -0.108101, 0.992925, 0.218024, 0.000000, 0.000000, 0.000000, 1.000000, 0.048997, -0.108315, 0.992908, 0.240023, -0.842482, 0.529487, 0.099334, -0.067993, -0.536491, -0.841375, -0.065310, 0.195668, 0.000000, 0.000000, 0.000000, 1.000000, 0.995494, -0.042963, 0.084537, 0.045162, 0.084950, 0.007885, -0.996354, 0.101338, 0.042140, 0.999046, 0.011499, -0.001536, 0.000000, 0.000000, 0.000000, 1.000000
-29.4088, 67.9383, 4.3115, 218.0200, 240.0188, -67.9386, 195.7062, 45.1440, 101.3357, -1.5208, 0.842676, -0.529178, -0.099338, 0.067938, 0.536170, 0.841600, 0.065049, 0.004312, 0.049180, -0.108078, 0.992925, 0.218020, 0.000000, 0.000000, 0.000000, 1.000000, 0.049042, -0.108292, 0.992909, 0.240019, -0.842676, 0.529178, 0.099336, -0.067939, -0.536183, -0.841572, -0.065303, 0.195706, 0.000000, 0.000000, 0.000000, 1.000000, 0.995494, -0.042963, 0.084531, 0.045144, 0.084944, 0.007894, -0.996354, 0.101336, 0.042139, 0.999045, 0.011508, -0.001521, 0.000000, 0.000000, 0.000000, 1.000000
-29.3956, 67.9037, 4.2874, 218.0175, 240.0163, -67.9041, 195.7304, 45.1324, 101.3342, -1.5113, 0.842799, -0.528981, -0.099339, 0.067904, 0.535974, 0.841725, 0.065045, 0.004287, 0.049209, -0.108063, 0.992925, 0.218018, 0.000000, 0.000000, 0.000000, 1.000000, 0.049070, -0.108277, 0.992909, 0.240016, -0.842799, 0.528981, 0.099338, -0.067904, -0.535986, -0.841698, -0.065299, 0.195730, 0.000000, 0.000000, 0.000000, 1.000000, 0.995495, -0.042964, 0.084527, 0.045132, 0.084941, 0.007900, -0.996355, 0.101334, 0.042139, 0.999045, 0.011513, -0.001511, 0.000000, 0.000000, 0.000000, 1.000000
-29.3828, 67.8703, 4.2642, 218.0151, 240.0139, -67.8707, 195.7536, 45.1213, 101.3328, -1.5022, 0.842918, -0.528791, -0.099341, 0.067870, 0.535784, 0.841846, 0.065041, 0.004264, 0.049236, -0.108049, 0.992926, 0.218015, 0.000000, 0.000000, 0.000000, 1.000000, 0.049098, -0.108264, 0.992909, 0.240014, -0.842918, 0.528791, 0.099339, -0.067871, -0.535797, -0.841819, -0.065295, 0.195754, 0.000000, 0.000000, 0.000000, 1.000000, 0.995495, -0.042964, 0.084523, 0.045121, 0.084937, 0.007905, -0.996355, 0.101333, 0.042139, 0.999045, 0.011519, -0.001502, 0.000000, 0.000000, 0.000000, 1.000000
-29.3585, 67.8072, 4.2206, 218.0107, 240.0095, -67.8076, 195.7972, 45.1004, 101.3300, -1.4849, 0.843143, -0.528432, -0.099343, 0.067807, 0.535425, 0.842075, 0.065034, 0.004221, 0.049288, -0.108024, 0.992926, 0.218011, 0.000000, 0.000000, 0.000000, 1.000000, 0.049150, -0.108238, 0.992909, 0.240009, -0.843143, 0.528432, 0.099341, -0.067808, -0.535438, -0.842047, -0.065288, 0.195797, 0.000000, 0.000000, 0.000000, 1.000000, 0.995495, -0.042965, 0.084516, 0.045100, 0.084931, 0.007915, -0.996355, 0.101330, 0.042139, 0.999045, 0.011529, -0.001485, 0.000000, 0.000000, 0.000000, 1.000000
-29.3416, 67.7633, 4.1906, 218.0077, 240.0065, -67.7637, 195.8272, 45.0858, 101.3280, -1.4728, 0.843300, -0.528182, -0.099344, 0.067763, 0.535176, 0.842234, 0.065030, 0.004191, 0.049323, -0.108007, 0.992926, 0.218008, 0.000000, 0.000000, 0.000000, 1.000000, 0.049185, -0.108221, 0.992909, 0.240007, -0.843300, 0.528182, 0.099343, -0.067764, -0.535188, -0.842206, -0.065284, 0.195827, 0.000000, 0.000000, 0.000000, 1.000000, 0.995496, -0.042965, 0.084511, 0.045086, 0.084926, 0.007922, -0.996356, 0.101328, 0.042139, 0.999045, 0.011535, -0.001473, 0.000000, 0.000000, 0.000000, 1.000000
-29.3362, 67.7493, 4.1810, 218.0068, 240.0056, -67.7497, 195.8368, 45.0811, 101.3274, -1.4690, 0.843350, -0.528102, -0.099345, 0.067749, 0.535096, 0.842285, 0.065029, 0.004181, 0.049335, -0.108001, 0.992926, 0.218007, 0.000000, 0.000000, 0.000000, 1.000000, 0.049197, -0.108215, 0.992909, 0.240006, -0.843350, 0.528103, 0.099343, -0.067750, -0.535108, -0.842257, -0.065283, 0.195837, 0.000000, 0.000000, 0.000000, 1.000000, 0.995496, -0.042965, 0.084510, 0.045081, 0.084925, 0.007925, -0.996356, 0.101327, 0.042139, 0.999045, 0.011538, -0.001469, 0.000000, 0.000000, 0.000000, 1.000000
-29.3257, 67.7220, 4.1626, 218.0050, 240.0038, -67.7224, 195.8553, 45.0721, 101.3261, -1.4614, 0.843447, -0.527947, -0.099346, 0.067722, 0.534941, 0.842383, 0.065027, 0.004163, 0.049356, -0.107991, 0.992926, 0.218005, 0.000000, 0.000000, 0.000000, 1.000000, 0.049218, -0.108205, 0.992909, 0.240004, -0.843447, 0.527947, 0.099344, -0.067722, -0.534953, -0.842356, -0.065280, 0.195855, 0.000000, 0.000000, 0.000000, 1.000000, 0.995496, -0.042966, 0.084507, 0.045072, 0.084922, 0.007929, -0.996356, 0.101326, 0.042139, 0.999045, 0.011542, -0.001461, 0.000000, 0.000000, 0.000000, 1.000000
-29.3156, 67.6957, 4.1449, 218.0033, 240.0021, -67.6961, 195.8730, 45.0633, 101.3249, -1.4542, 0.843540, -0.527797, -0.099347, 0.067696, 0.534791, 0.842479, 0.065026, 0.004145, 0.049377, -0.107981, 0.992926, 0.218003, 0.000000, 0.000000, 0.000000, 1.000000, 0.049239, -0.108195, 0.992910, 0.240002, -0.843540, 0.527797, 0.099345, -0.067696, -0.534804, -0.842451, -0.065279, 0.195873, 0.000000, 0.000000, 0.000000, 1.000000, 0.995496, -0.042966, 0.084504, 0.045063, 0.084919, 0.007933, -0.996356, 0.101325, 0.042139, 0.999045, 0.011546, -0.001454, 0.000000, 0.000000, 0.000000, 1.000000
-29.2963, 67.6457, 4.1117, 218.0003, 239.9991, -67.6461, 195.9062, 45.0468, 101.3225, -1.4404, 0.843718, -0.527513, -0.099348, 0.067646, 0.534507, 0.842659, 0.065023, 0.004112, 0.049416, -0.107964, 0.992926, 0.218000, 0.000000, 0.000000, 0.000000, 1.000000, 0.049278, -0.108178, 0.992910, 0.239999, -0.843718, 0.527513, 0.099346, -0.067646, -0.534520, -0.842631, -0.065276, 0.195906, 0.000000, 0.000000, 0.000000, 1.000000, 0.995497, -0.042967, 0.084498, 0.045047, 0.084914, 0.007941, -0.996357, 0.101323, 0.042139, 0.999045, 0.011554, -0.001440, 0.000000, 0.000000, 0.000000, 1.000000
-29.2871, 67.6220, 4.0961, 217.9989, 239.9977, -67.6224, 195.9218, 45.0390, 101.3213, -1.4338, 0.843803, -0.527378, -0.099349, 0.067622, 0.534372, 0.842745, 0.065023, 0.004096, 0.049434, -0.107956, 0.992926, 0.217999, 0.000000, 0.000000, 0.000000, 1.000000, 0.049297, -0.108169, 0.992909, 0.239998, -0.843803, 0.527378, 0.099347, -0.067622, -0.534385, -0.842717, -0.065276, 0.195922, 0.000000, 0.000000, 0.000000, 1.000000, 0.995497, -0.042967, 0.084495, 0.045039, 0.084911, 0.007945, -0.996357, 0.101321, 0.042139, 0.999045, 0.011558, -0.001434, 0.000000, 0.000000, 0.000000, 1.000000
-29.2738, 67.5876, 4.0738, 217.9969, 239.9958, -67.5880, 195.9442, 45.0277, 101.3196, -1.4243, 0.843925, -0.527182, -0.099350, 0.067588, 0.534177, 0.842869, 0.065023, 0.004074, 0.049460, -0.107945, 0.992926, 0.217997, 0.000000, 0.000000, 0.000000, 1.000000, 0.049323, -0.108158, 0.992909, 0.239996, -0.843925, 0.527182, 0.099348, -0.067588, -0.534189, -0.842841, -0.065275, 0.195944, 0.000000, 0.000000, 0.000000, 1.000000, 0.995497, -0.042967, 0.084491, 0.045028, 0.084908, 0.007951, -0.996357, 0.101320, 0.042139, 0.999045, 0.011563, -0.001424, 0.000000, 0.000000, 0.000000, 1.000000
-29.2612, 67.5553, 4.0560, 217.9965, 239.9954, -67.5557, 195.9620, 45.0173, 101.3175, -1.4150, 0.844039, -0.526998, -0.099351, 0.067555, 0.533994, 0.842984, 0.065031, 0.004056, 0.049480, -0.107941, 0.992925, 0.217997, 0.000000, 0.000000, 0.000000, 1.000000, 0.049343, -0.108155, 0.992909, 0.239995, -0.844040, 0.526998, 0.099349, -0.067556, -0.534006, -0.842956, -0.065283, 0.195962, 0.000000, 0.000000, 0.000000, 1.000000, 0.995498, -0.042968, 0.084488, 0.045017, 0.084904, 0.007956, -0.996357, 0.101318, 0.042139, 0.999045, 0.011568, -0.001415, 0.000000, 0.000000, 0.000000, 1.000000
-29.2530, 67.5352, 4.0489, 217.9980, 239.9969, -67.5356, 195.9691, 45.0112, 101.3157, -1.4089, 0.844111, -0.526884, -0.099352, 0.067535, 0.533880, 0.843054, 0.065046, 0.004049, 0.049487, -0.107948, 0.992924, 0.217998, 0.000000, 0.000000, 0.000000, 1.000000, 0.049350, -0.108162, 0.992908, 0.239997, -0.844111, 0.526884, 0.099350, -0.067536, -0.533893, -0.843027, -0.065299, 0.195969, 0.000000, 0.000000, 0.000000, 1.000000, 0.995498, -0.042968, 0.084485, 0.045011, 0.084902, 0.007959, -0.996358, 0.101316, 0.042139, 0.999045, 0.011571, -0.001409, 0.000000, 0.000000, 0.000000, 1.000000
-29.2451, 67.5155, 4.0414, 217.9993, 239.9982, -67.5159, 195.9765, 45.0051, 101.3139, -1.4029, 0.844180, -0.526772, -0.099353, 0.067515, 0.533770, 0.843124, 0.065060, 0.004041, 0.049495, -0.107953, 0.992923, 0.217999, 0.000000, 0.000000, 0.000000, 1.000000, 0.049358, -0.108167, 0.992907, 0.239998, -0.844180, 0.526772, 0.099351, -0.067516, -0.533782, -0.843096, -0.065313, 0.195976, 0.000000, 0.000000, 0.000000, 1.000000, 0.995498, -0.042968, 0.084483, 0.045005, 0.084899, 0.007962, -0.996358, 0.101314, 0.042139, 0.999045, 0.011574, -0.001403, 0.000000, 0.000000, 0.000000, 1.000000
-29.2334, 67.4865, 4.0296, 218.0008, 239.9996, -67.4869, 195.9883, 44.9962, 101.3114, -1.3942, 0.844283, -0.526607, -0.099354, 0.067487, 0.533606, 0.843226, 0.065077, 0.004030, 0.049508, -0.107960, 0.992922, 0.218001, 0.000000, 0.000000, 0.000000, 1.000000, 0.049370, -0.108174, 0.992905, 0.240000, -0.844283, 0.526607, 0.099352, -0.067487, -0.533619, -0.843198, -0.065331, 0.195988, 0.000000, 0.000000, 0.000000, 1.000000, 0.995498, -0.042969, 0.084479, 0.044996, 0.084896, 0.007967, -0.996358, 0.101311, 0.042139, 0.999045, 0.011579, -0.001394, 0.000000, 0.000000, 0.000000, 1.000000
-29.2257, 67.4674, 4.0211, 218.0014, 240.0003, -67.4678, 195.9967, 44.9902, 101.3099, -1.3886, 0.844351, -0.526498, -0.099355, 0.067467, 0.533498, 0.843293, 0.065087, 0.004021, 0.049517, -0.107962, 0.992921, 0.218001, 0.000000, 0.000000, 0.000000, 1.000000, 0.049379, -0.108176, 0.992905, 0.240000, -0.844351, 0.526499, 0.099353, -0.067468, -0.533511, -0.843266, -0.065341, 0.195997, 0.000000, 0.000000, 0.000000, 1.000000, 0.995499, -0.042969, 0.084477, 0.044990, 0.084894, 0.007970, -0.996358, 0.101310, 0.042139, 0.999045, 0.011582, -0.001389, 0.000000, 0.000000, 0.000000, 1.000000
-29.2106, 67.4292, 4.0023, 218.0019, 240.0008, -67.4296, 196.0155, 44.9781, 101.3071, -1.3774, 0.844486, -0.526281, -0.099356, 0.067429, 0.533282, 0.843429, 0.065102, 0.004002, 0.049538, -0.107963, 0.992920, 0.218002, 0.000000, 0.000000, 0.000000, 1.000000, 0.049400, -0.108177, 0.992903, 0.240001, -0.844486, 0.526281, 0.099354, -0.067430, -0.533294, -0.843401, -0.065356, 0.196015, 0.000000, 0.000000, 0.000000, 1.000000, 0.995499, -0.042970, 0.084472, 0.044978, 0.084890, 0.007976, -0.996358, 0.101307, 0.042139, 0.999045, 0.011588, -0.001377, 0.000000, 0.000000, 0.000000, 1.000000
-29.1993, 67.4006, 3.9866, 218.0016, 240.0004, -67.4010, 196.0311, 44.9689, 101.3052, -1.3692, 0.844588, -0.526118, -0.099357, 0.067401, 0.533119, 0.843531, 0.065110, 0.003987, 0.049555, -0.107960, 0.992919, 0.218002, 0.000000, 0.000000, 0.000000, 1.000000, 0.049417, -0.108174, 0.992903, 0.240000, -0.844588, 0.526118, 0.099355, -0.067401, -0.533132, -0.843504, -0.065363, 0.196031, 0.000000, 0.000000, 0.000000, 1.000000, 0.995499, -0.042970, 0.084469, 0.044969, 0.084886, 0.007981, -0.996359, 0.101305, 0.042139, 0.999044, 0.011592, -0.001369, 0.000000, 0.000000, 0.000000, 1.000000
-29.1916, 67.3812, 3.9753, 218.0010, 239.9999, -67.3816, 196.0424, 44.9625, 101.3041, -1.3637, 0.844657, -0.526007, -0.099357, 0.067381, 0.533008, 0.843601, 0.065113, 0.003975, 0.049568, -0.107956, 0.992919, 0.218001, 0.000000, 0.000000, 0.000000, 1.000000, 0.049430, -0.108171, 0.992903, 0.240000, -0.844657, 0.526007, 0.099356, -0.067382, -0.533021, -0.843573, -0.065367, 0.196042, 0.000000, 0.000000, 0.000000, 1.000000, 0.995499, -0.042970, 0.084467, 0.044963, 0.084884, 0.007984, -0.996359, 0.101304, 0.042139, 0.999044, 0.011595, -0.001364, 0.000000, 0.000000, 0.000000, 1.000000
-29.1878, 67.3714, 3.9693, 218.0006, 239.9995, -67.3717, 196.0484, 44.9593, 101.3035, -1.3609, 0.844692, -0.525950, -0.099358, 0.067371, 0.532952, 0.843636, 0.065114, 0.003969, 0.049575, -0.107954, 0.992919, 0.218001, 0.000000, 0.000000, 0.000000, 1.000000, 0.049437, -0.108169, 0.992903, 0.239999, -0.844692, 0.525951, 0.099356, -0.067372, -0.532965, -0.843609, -0.065368, 0.196048, 0.000000, 0.000000, 0.000000, 1.000000, 0.995499, -0.042970, 0.084466, 0.044959, 0.084883, 0.007985, -0.996359, 0.101304, 0.042139, 0.999044, 0.011597, -0.001361, 0.000000, 0.000000, 0.000000, 1.000000
