# Joint_A_Angle(deg), Cam_X(mm), Cam_Y(mm), Cam_Z(mm), Torso_X(mm), Torso_Y(mm), Torso_Z(mm), EE_X(mm), EE_Y(mm), EE_Z(mm), T_cam2marker_flat(16), T_torso2marker_flat(16), T_ee2marker_flat(16)
-20.0013, -79.4361, 18.3477, 451.5100, 520.5133, 88.4358, 238.6835, 118.1276, 26.8522, -6.4569, 0.288396, 0.846239, 0.448004, -0.079436, -0.949824, 0.312004, 0.022088, 0.018348, -0.121088, -0.431895, 0.893758, 0.451510, 0.000000, 0.000000, 0.000000, 1.000000, -0.121007, -0.431922, 0.893756, 0.520513, -0.288396, -0.846238, -0.448005, 0.088436, 0.949834, -0.311968, -0.022164, 0.238683, 0.000000, 0.000000, 0.000000, 1.000000, -0.032450, -0.065747, -0.997309, 0.118128, -0.997741, -0.056586, 0.036195, 0.026852, -0.058814, 0.996231, -0.063763, -0.006457, 0.000000, 0.000000, 0.000000, 1.000000
-20.0013, -79.4361, 18.3458, 451.5095, 520.5128, 88.4357, 238.6854, 118.1277, 26.8522, -6.4569, 0.288396, 0.846238, 0.448004, -0.079436, -0.949823, 0.312006, 0.022085, 0.018346, -0.121091, -0.431894, 0.893759, 0.451509, 0.000000, 0.000000, 0.000000, 1.000000, -0.121011, -0.431921, 0.893756, 0.520513, -0.288396, -0.846238, -0.448005, 0.088436, 0.949834, -0.311970, -0.022160, 0.238685, 0.000000, 0.000000, 0.000000, 1.000000, -0.032450, -0.065747, -0.997309, 0.118128, -0.997741, -0.056586, 0.036195, 0.026852, -0.058814, 0.996231, -0.063763, -0.006457, 0.000000, 0.000000, 0.000000, 1.000000
-20.0013, -79.4363, 18.3497, 451.5105, 520.5139, 88.4360, 238.6812, 118.1276, 26.8521, -6.4569, 0.288394, 0.846239, 0.448004, -0.079436, -0.949825, 0.312001, 0.022091, 0.018350, -0.121084, -0.431896, 0.893758, 0.451511, 0.000000, 0.000000, 0.000000, 1.000000, -0.121003, -0.431924, 0.893756, 0.520514, -0.288394, -0.846239, -0.448005, 0.088436, 0.949835, -0.311964, -0.022167, 0.238681, 0.000000, 0.000000, 0.000000, 1.000000, -0.032450, -0.065747, -0.997309, 0.118128, -0.997741, -0.056586, 0.036195, 0.026852, -0.058814, 0.996231, -0.063763, -0.006457, 0.000000, 0.000000, 0.000000, 1.000000
-20.0013, -79.4367, 18.3545, 451.5118, 520.5152, 88.4363, 238.6763, 118.1276, 26.8521, -6.4570, 0.288392, 0.846240, 0.448004, -0.079437, -0.949827, 0.311995, 0.022098, 0.018355, -0.121075, -0.431899, 0.893758, 0.451512, 0.000000, 0.000000, 0.000000, 1.000000, -0.120994, -0.431927, 0.893756, 0.520515, -0.288392, -0.846240, -0.448005, 0.088436, 0.949837, -0.311958, -0.022175, 0.238676, 0.000000, 0.000000, 0.000000, 1.000000, -0.032450, -0.065747, -0.997309, 0.118128, -0.997741, -0.056586, 0.036194, 0.026852, -0.058814, 0.996231, -0.063763, -0.006457, 0.000000, 0.000000, 0.000000, 1.000000
-20.0013, -79.4373, 18.3631, 451.5141, 520.5174, 88.4369, 238.6675, 118.1276, 26.8521, -6.4570, 0.288388, 0.846241, 0.448004, -0.079437, -0.949830, 0.311984, 0.022111, 0.018363, -0.121058, -0.431905, 0.893758, 0.451514, 0.000000, 0.000000, 0.000000, 1.000000, -0.120977, -0.431932, 0.893756, 0.520517, -0.288388, -0.846241, -0.448005, 0.088437, 0.949840, -0.311947, -0.022188, 0.238667, 0.000000, 0.000000, 0.000000, 1.000000, -0.032450, -0.065747, -0.997309, 0.118128, -0.997741, -0.056587, 0.036194, 0.026852, -0.058814, 0.996231, -0.063763, -0.006457, 0.000000, 0.000000, 0.000000, 1.000000
-20.0013, -79.4378, 18.3701, 451.5159, 520.5193, 88.4374, 238.6602, 118.1276, 26.8521, -6.4570, 0.288384, 0.846243, 0.448004, -0.079438, -0.949833, 0.311975, 0.022122, 0.018370, -0.121045, -0.431909, 0.893758, 0.451516, 0.000000, 0.000000, 0.000000, 1.000000, -0.120963, -0.431936, 0.893755, 0.520519, -0.288384, -0.846242, -0.448005, 0.088437, 0.949843, -0.311937, -0.022200, 0.238660, 0.000000, 0.000000, 0.000000, 1.000000, -0.032450, -0.065747, -0.997309, 0.118128, -0.997741, -0.056587, 0.036194, 0.026852, -0.058814, 0.996231, -0.063763, -0.006457, 0.000000, 0.000000, 0.000000, 1.000000
-20.0013, -79.4380, 18.3730, 451.5167, 520.5201, 88.4376, 238.6572, 118.1275, 26.8521, -6.4570, 0.288383, 0.846243, 0.448004, -0.079438, -0.949834, 0.311971, 0.022127, 0.018373, -0.121040, -0.431911, 0.893758, 0.451517, 0.000000, 0.000000, 0.000000, 1.000000, -0.120957, -0.431938, 0.893755, 0.520520, -0.288383, -0.846243, -0.448005, 0.088438, 0.949845, -0.311933, -0.022204, 0.238657, 0.000000, 0.000000, 0.000000, 1.000000, -0.032449, -0.065747, -0.997309, 0.118128, -0.997741, -0.056587, 0.036194, 0.026852, -0.058814, 0.996231, -0.063763, -0.006457, 0.000000, 0.000000, 0.000000, 1.000000
-20.0012, -79.4384, 18.3778, 451.5179, 520.5214, 88.4380, 238.6522, 118.1275, 26.8521, -6.4571, 0.288380, 0.846244, 0.448004, -0.079438, -0.949836, 0.311964, 0.022134, 0.018378, -0.121031, -0.431914, 0.893757, 0.451518, 0.000000, 0.000000, 0.000000, 1.000000, -0.120948, -0.431941, 0.893755, 0.520521, -0.288380, -0.846244, -0.448005, 0.088438, 0.949847, -0.311926, -0.022211, 0.238652, 0.000000, 0.000000, 0.000000, 1.000000, -0.032449, -0.065747, -0.997309, 0.118128, -0.997741, -0.056587, 0.036194, 0.026852, -0.058814, 0.996231, -0.063763, -0.006457, 0.000000, 0.000000, 0.000000, 1.000000
-20.0011, -79.4387, 18.3813, 451.5188, 520.5223, 88.4383, 238.6485, 118.1276, 26.8521, -6.4571, 0.288376, 0.846245, 0.448005, -0.079439, -0.949838, 0.311958, 0.022137, 0.018381, -0.121025, -0.431916, 0.893757, 0.451519, 0.000000, 0.000000, 0.000000, 1.000000, -0.120942, -0.431944, 0.893755, 0.520522, -0.288376, -0.846245, -0.448005, 0.088438, 0.949849, -0.311920, -0.022215, 0.238649, 0.000000, 0.000000, 0.000000, 1.000000, -0.032449, -0.065747, -0.997309, 0.118128, -0.997741, -0.056587, 0.036194, 0.026852, -0.058814, 0.996231, -0.063763, -0.006457, 0.000000, 0.000000, 0.000000, 1.000000
-20.0008, -79.4391, 18.3838, 451.5194, 520.5229, 88.4387, 238.6459, 118.1276, 26.8520, -6.4572, 0.288371, 0.846247, 0.448006, -0.079439, -0.949840, 0.311952, 0.022137, 0.018384, -0.121023, -0.431917, 0.893757, 0.451519, 0.000000, 0.000000, 0.000000, 1.000000, -0.120940, -0.431945, 0.893754, 0.520523, -0.288370, -0.846246, -0.448006, 0.088439, 0.949851, -0.311914, -0.022215, 0.238646, 0.000000, 0.000000, 0.000000, 1.000000, -0.032449, -0.065747, -0.997309, 0.118128, -0.997741, -0.056587, 0.036194, 0.026852, -0.058814, 0.996231, -0.063763, -0.006457, 0.000000, 0.000000, 0.000000, 1.000000
-20.0006, -79.4393, 18.3847, 451.5196, 520.5230, 88.4389, 238.6449, 118.1277, 26.8519, -6.4572, 0.288367, 0.846248, 0.448006, -0.079439, -0.949841, 0.311949, 0.022135, 0.018385, -0.121024, -0.431918, 0.893756, 0.451520, 0.000000, 0.000000, 0.000000, 1.000000, -0.120940, -0.431946, 0.893754, 0.520523, -0.288367, -0.846247, -0.448007, 0.088439, 0.949852, -0.311911, -0.022213, 0.238645, 0.000000, 0.000000, 0.000000, 1.000000, -0.032449, -0.065748, -0.997309, 0.118128, -0.997741, -0.056586, 0.036193, 0.026852, -0.058814, 0.996231, -0.063763, -0.006457, 0.000000, 0.000000, 0.000000, 1.000000
-20.0000, -79.4398, 18.3861, 451.5197, 520.5232, 88.4394, 238.6432, 118.1279, 26.8517, -6.4574, 0.288356, 0.846250, 0.448009, -0.079440, -0.949844, 0.311941, 0.022127, 0.018386, -0.121027, -0.431919, 0.893755, 0.451520, 0.000000, 0.000000, 0.000000, 1.000000, -0.120944, -0.431947, 0.893753, 0.520523, -0.288356, -0.846250, -0.448009, 0.088439, 0.949854, -0.311903, -0.022206, 0.238643, 0.000000, 0.000000, 0.000000, 1.000000, -0.032449, -0.065748, -0.997309, 0.118128, -0.997741, -0.056586, 0.036193, 0.026852, -0.058814, 0.996230, -0.063763, -0.006457, 0.000000, 0.000000, 0.000000, 1.000000
-19.9990, -79.4405, 18.3872, 451.5197, 520.5232, 88.4401, 238.6420, 118.1282, 26.8514, -6.4575, 0.288341, 0.846253, 0.448012, -0.079440, -0.949847, 0.311931, 0.022114, 0.018387, -0.121035, -0.431919, 0.893754, 0.451520, 0.000000, 0.000000, 0.000000, 1.000000, -0.120951, -0.431948, 0.893752, 0.520523, -0.288341, -0.846253, -0.448013, 0.088440, 0.949858, -0.311893, -0.022193, 0.238642, 0.000000, 0.000000, 0.000000, 1.000000, -0.032448, -0.065749, -0.997308, 0.118128, -0.997742, -0.056586, 0.036193, 0.026851, -0.058813, 0.996230, -0.063764, -0.006458, 0.000000, 0.000000, 0.000000, 1.000000
-19.9984, -79.4409, 18.3877, 451.5197, 520.5232, 88.4405, 238.6414, 118.1284, 26.8512, -6.4577, 0.288331, 0.846256, 0.448014, -0.079441, -0.949850, 0.311925, 0.022105, 0.018388, -0.121041, -0.431920, 0.893753, 0.451520, 0.000000, 0.000000, 0.000000, 1.000000, -0.120956, -0.431948, 0.893751, 0.520523, -0.288331, -0.846255, -0.448015, 0.088441, 0.949860, -0.311886, -0.022184, 0.238641, 0.000000, 0.000000, 0.000000, 1.000000, -0.032448, -0.065749, -0.997308, 0.118128, -0.997742, -0.056586, 0.036193, 0.026851, -0.058813, 0.996230, -0.063764, -0.006458, 0.000000, 0.000000, 0.000000, 1.000000
-19.9969, -79.4419, 18.3888, 451.5194, 520.5229, 88.4415, 238.6401, 118.1289, 26.8507, -6.4579, 0.288307, 0.846261, 0.448020, -0.079442, -0.949855, 0.311909, 0.022082, 0.018389, -0.121055, -0.431920, 0.893751, 0.451519, 0.000000, 0.000000, 0.000000, 1.000000, -0.120970, -0.431949, 0.893749, 0.520523, -0.288307, -0.846261, -0.448020, 0.088442, 0.949866, -0.311871, -0.022162, 0.238640, 0.000000, 0.000000, 0.000000, 1.000000, -0.032448, -0.065750, -0.997308, 0.118129, -0.997742, -0.056585, 0.036192, 0.026851, -0.058812, 0.996230, -0.063765, -0.006458, 0.000000, 0.000000, 0.000000, 1.000000
-19.9959, -79.4425, 18.3895, 451.5193, 520.5228, 88.4422, 238.6394, 118.1292, 26.8505, -6.4581, 0.288292, 0.846264, 0.448023, -0.079443, -0.949859, 0.311900, 0.022068, 0.018389, -0.121063, -0.431921, 0.893750, 0.451519, 0.000000, 0.000000, 0.000000, 1.000000, -0.120979, -0.431949, 0.893747, 0.520523, -0.288292, -0.846264, -0.448024, 0.088442, 0.949869, -0.311862, -0.022148, 0.238639, 0.000000, 0.000000, 0.000000, 1.000000, -0.032447, -0.065750, -0.997308, 0.118129, -0.997742, -0.056585, 0.036192, 0.026850, -0.058812, 0.996230, -0.063766, -0.006458, 0.000000, 0.000000, 0.000000, 1.000000
-19.9936, -79.4440, 18.3912, 451.5190, 520.5225, 88.4437, 238.6376, 118.1299, 26.8498, -6.4585, 0.288257, 0.846272, 0.448031, -0.079444, -0.949867, 0.311878, 0.022035, 0.018391, -0.121084, -0.431921, 0.893746, 0.451519, 0.000000, 0.000000, 0.000000, 1.000000, -0.120999, -0.431950, 0.893744, 0.520523, -0.288257, -0.846272, -0.448032, 0.088444, 0.949877, -0.311839, -0.022115, 0.238638, 0.000000, 0.000000, 0.000000, 1.000000, -0.032446, -0.065752, -0.997308, 0.118130, -0.997742, -0.056584, 0.036191, 0.026850, -0.058811, 0.996230, -0.063767, -0.006459, 0.000000, 0.000000, 0.000000, 1.000000
-19.9923, -79.4449, 18.3922, 451.5188, 520.5224, 88.4446, 238.6364, 118.1304, 26.8493, -6.4588, 0.288236, 0.846276, 0.448036, -0.079445, -0.949871, 0.311865, 0.022015, 0.018392, -0.121096, -0.431922, 0.893744, 0.451519, 0.000000, 0.000000, 0.000000, 1.000000, -0.121011, -0.431951, 0.893742, 0.520522, -0.288236, -0.846276, -0.448037, 0.088445, 0.949882, -0.311826, -0.022096, 0.238636, 0.000000, 0.000000, 0.000000, 1.000000, -0.032446, -0.065752, -0.997308, 0.118130, -0.997742, -0.056583, 0.036191, 0.026849, -0.058811, 0.996230, -0.063768, -0.006459, 0.000000, 0.000000, 0.000000, 1.000000
-19.9892, -79.4470, 18.3950, 451.5185, 520.5221, 88.4466, 238.6335, 118.1314, 26.8484, -6.4593, 0.288189, 0.846287, 0.448047, -0.079447, -0.949882, 0.311835, 0.021971, 0.018395, -0.121123, -0.431924, 0.893740, 0.451519, 0.000000, 0.000000, 0.000000, 1.000000, -0.121037, -0.431952, 0.893738, 0.520522, -0.288189, -0.846286, -0.448047, 0.088447, 0.949893, -0.311796, -0.022052, 0.238634, 0.000000, 0.000000, 0.000000, 1.000000, -0.032445, -0.065754, -0.997308, 0.118131, -0.997742, -0.056582, 0.036190, 0.026848, -0.058809, 0.996230, -0.063770, -0.006459, 0.000000, 0.000000, 0.000000, 1.000000
-19.9856, -79.4494, 18.3987, 451.5183, 520.5218, 88.4490, 238.6297, 118.1325, 26.8473, -6.4600, 0.288133, 0.846299, 0.448060, -0.079449, -0.949895, 0.311798, 0.021920, 0.018399, -0.121154, -0.431926, 0.893735, 0.451518, 0.000000, 0.000000, 0.000000, 1.000000, -0.121068, -0.431954, 0.893733, 0.520522, -0.288133, -0.846299, -0.448060, 0.088449, 0.949906, -0.311759, -0.022000, 0.238630, 0.000000, 0.000000, 0.000000, 1.000000, -0.032444, -0.065756, -0.997308, 0.118133, -0.997742, -0.056581, 0.036188, 0.026847, -0.058808, 0.996230, -0.063772, -0.006460, 0.000000, 0.000000, 0.000000, 1.000000
-19.9791, -79.4538, 18.4063, 451.5181, 520.5217, 88.4535, 238.6219, 118.1346, 26.8453, -6.4612, 0.288031, 0.846321, 0.448083, -0.079454, -0.949919, 0.311732, 0.021829, 0.018406, -0.121207, -0.431930, 0.893726, 0.451518, 0.000000, 0.000000, 0.000000, 1.000000, -0.121121, -0.431959, 0.893723, 0.520522, -0.288031, -0.846321, -0.448083, 0.088453, 0.949930, -0.311693, -0.021910, 0.238622, 0.000000, 0.000000, 0.000000, 1.000000, -0.032442, -0.065760, -0.997308, 0.118135, -0.997742, -0.056578, 0.036186, 0.026845, -0.058806, 0.996230, -0.063776, -0.006461, 0.000000, 0.000000, 0.000000, 1.000000
-19.9740, -79.4573, 18.4130, 451.5181, 520.5217, 88.4569, 238.6152, 118.1362, 26.8437, -6.4621, 0.287953, 0.846339, 0.448101, -0.079457, -0.949938, 0.311680, 0.021760, 0.018413, -0.121248, -0.431934, 0.893718, 0.451518, 0.000000, 0.000000, 0.000000, 1.000000, -0.121162, -0.431962, 0.893716, 0.520522, -0.287953, -0.846338, -0.448101, 0.088457, 0.949949, -0.311641, -0.021841, 0.238615, 0.000000, 0.000000, 0.000000, 1.000000, -0.032440, -0.065763, -0.997308, 0.118136, -0.997742, -0.056576, 0.036185, 0.026844, -0.058804, 0.996230, -0.063779, -0.006462, 0.000000, 0.000000, 0.000000, 1.000000
-19.9713, -79.4592, 18.4168, 451.5182, 520.5218, 88.4588, 238.6114, 118.1371, 26.8429, -6.4626, 0.287910, 0.846348, 0.448110, -0.079459, -0.949948, 0.311651, 0.021723, 0.018417, -0.121269, -0.431936, 0.893714, 0.451518, 0.000000, 0.000000, 0.000000, 1.000000, -0.121183, -0.431965, 0.893712, 0.520522, -0.287910, -0.846348, -0.448111, 0.088459, 0.949959, -0.311612, -0.021804, 0.238611, 0.000000, 0.000000, 0.000000, 1.000000, -0.032439, -0.065765, -0.997308, 0.118137, -0.997742, -0.056575, 0.036184, 0.026843, -0.058803, 0.996230, -0.063781, -0.006463, 0.000000, 0.000000, 0.000000, 1.000000
-19.9654, -79.4633, 18.4255, 451.5185, 520.5221, 88.4629, 238.6026, 118.1390, 26.8411, -6.4637, 0.287818, 0.846368, 0.448131, -0.079463, -0.949970, 0.311590, 0.021643, 0.018425, -0.121315, -0.431941, 0.893706, 0.451518, 0.000000, 0.000000, 0.000000, 1.000000, -0.121228, -0.431970, 0.893704, 0.520522, -0.287818, -0.846368, -0.448132, 0.088463, 0.949981, -0.311550, -0.021725, 0.238603, 0.000000, 0.000000, 0.000000, 1.000000, -0.032437, -0.065768, -0.997308, 0.118139, -0.997743, -0.056573, 0.036182, 0.026841, -0.058800, 0.996230, -0.063784, -0.006464, 0.000000, 0.000000, 0.000000, 1.000000
-19.9622, -79.4655, 18.4303, 451.5187, 520.5223, 88.4652, 238.5977, 118.1400, 26.8401, -6.4643, 0.287769, 0.846379, 0.448142, -0.079466, -0.949982, 0.311556, 0.021602, 0.018430, -0.121338, -0.431943, 0.893701, 0.451519, 0.000000, 0.000000, 0.000000, 1.000000, -0.121252, -0.431972, 0.893699, 0.520522, -0.287769, -0.846379, -0.448143, 0.088465, 0.949993, -0.311517, -0.021683, 0.238598, 0.000000, 0.000000, 0.000000, 1.000000, -0.032436, -0.065770, -0.997307, 0.118140, -0.997743, -0.056572, 0.036181, 0.026840, -0.058799, 0.996230, -0.063786, -0.006464, 0.000000, 0.000000, 0.000000, 1.000000
-19.9555, -79.4703, 18.4411, 451.5192, 520.5228, 88.4699, 238.5868, 118.1421, 26.8380, -6.4655, 0.287665, 0.846402, 0.448166, -0.079470, -0.950007, 0.311485, 0.021513, 0.018441, -0.121388, -0.431949, 0.893692, 0.451519, 0.000000, 0.000000, 0.000000, 1.000000, -0.121301, -0.431978, 0.893689, 0.520523, -0.287664, -0.846402, -0.448166, 0.088470, 0.950018, -0.311446, -0.021595, 0.238587, 0.000000, 0.000000, 0.000000, 1.000000, -0.032434, -0.065774, -0.997307, 0.118142, -0.997743, -0.056570, 0.036179, 0.026838, -0.058797, 0.996230, -0.063790, -0.006465, 0.000000, 0.000000, 0.000000, 1.000000
-19.9520, -79.4728, 18.4471, 451.5196, 520.5232, 88.4724, 238.5808, 118.1432, 26.8369, -6.4661, 0.287609, 0.846414, 0.448178, -0.079473, -0.950021, 0.311448, 0.021467, 0.018447, -0.121414, -0.431953, 0.893687, 0.451520, 0.000000, 0.000000, 0.000000, 1.000000, -0.121327, -0.431982, 0.893684, 0.520523, -0.287609, -0.846414, -0.448179, 0.088472, 0.950032, -0.311408, -0.021549, 0.238581, 0.000000, 0.000000, 0.000000, 1.000000, -0.032433, -0.065776, -0.997307, 0.118143, -0.997743, -0.056568, 0.036178, 0.026837, -0.058795, 0.996230, -0.063793, -0.006466, 0.000000, 0.000000, 0.000000, 1.000000
-19.9484, -79.4754, 18.4534, 451.5200, 520.5236, 88.4750, 238.5745, 118.1444, 26.8358, -6.4668, 0.287552, 0.846427, 0.448191, -0.079475, -0.950035, 0.311408, 0.021420, 0.018453, -0.121440, -0.431956, 0.893681, 0.451520, 0.000000, 0.000000, 0.000000, 1.000000, -0.121353, -0.431985, 0.893679, 0.520524, -0.287552, -0.846427, -0.448191, 0.088475, 0.950046, -0.311369, -0.021502, 0.238575, 0.000000, 0.000000, 0.000000, 1.000000, -0.032431, -0.065778, -0.997307, 0.118144, -0.997743, -0.056567, 0.036176, 0.026836, -0.058794, 0.996230, -0.063795, -0.006467, 0.000000, 0.000000, 0.000000, 1.000000
-19.9368, -79.4838, 18.4744, 451.5215, 520.5251, 88.4834, 238.5534, 118.1480, 26.8322, -6.4689, 0.287370, 0.846467, 0.448231, -0.079484, -0.950079, 0.311282, 0.021271, 0.018474, -0.121522, -0.431968, 0.893664, 0.451522, 0.000000, 0.000000, 0.000000, 1.000000, -0.121435, -0.431997, 0.893662, 0.520525, -0.287370, -0.846467, -0.448232, 0.088483, 0.950090, -0.311243, -0.021353, 0.238553, 0.000000, 0.000000, 0.000000, 1.000000, -0.032427, -0.065784, -0.997307, 0.118148, -0.997744, -0.056562, 0.036173, 0.026832, -0.058790, 0.996229, -0.063802, -0.006469, 0.000000, 0.000000, 0.000000, 1.000000
-19.9327, -79.4867, 18.4821, 451.5221, 520.5257, 88.4864, 238.5457, 118.1493, 26.8310, -6.4697, 0.287306, 0.846481, 0.448246, -0.079487, -0.950095, 0.311238, 0.021219, 0.018482, -0.121550, -0.431972, 0.893659, 0.451522, 0.000000, 0.000000, 0.000000, 1.000000, -0.121463, -0.432001, 0.893656, 0.520526, -0.287306, -0.846481, -0.448246, 0.088486, 0.950106, -0.311198, -0.021301, 0.238546, 0.000000, 0.000000, 0.000000, 1.000000, -0.032426, -0.065787, -0.997307, 0.118149, -0.997744, -0.056561, 0.036171, 0.026831, -0.058788, 0.996229, -0.063804, -0.006470, 0.000000, 0.000000, 0.000000, 1.000000
-19.9243, -79.4929, 18.4984, 451.5235, 520.5271, 88.4925, 238.5293, 118.1520, 26.8284, -6.4712, 0.287174, 0.846511, 0.448275, -0.079493, -0.950128, 0.311145, 0.021112, 0.018498, -0.121607, -0.431982, 0.893646, 0.451524, 0.000000, 0.000000, 0.000000, 1.000000, -0.121520, -0.432011, 0.893644, 0.520527, -0.287174, -0.846510, -0.448276, 0.088493, 0.950139, -0.311106, -0.021194, 0.238529, 0.000000, 0.000000, 0.000000, 1.000000, -0.032423, -0.065791, -0.997306, 0.118152, -0.997744, -0.056558, 0.036168, 0.026828, -0.058785, 0.996229, -0.063809, -0.006471, 0.000000, 0.000000, 0.000000, 1.000000
-19.9156, -79.4994, 18.5161, 451.5251, 520.5287, 88.4990, 238.5117, 118.1547, 26.8257, -6.4728, 0.287036, 0.846541, 0.448306, -0.079499, -0.950162, 0.311048, 0.021003, 0.018516, -0.121665, -0.431992, 0.893634, 0.451525, 0.000000, 0.000000, 0.000000, 1.000000, -0.121578, -0.432021, 0.893631, 0.520529, -0.287036, -0.846541, -0.448306, 0.088499, 0.950173, -0.311009, -0.021085, 0.238512, 0.000000, 0.000000, 0.000000, 1.000000, -0.032420, -0.065796, -0.997306, 0.118155, -0.997744, -0.056555, 0.036165, 0.026826, -0.058782, 0.996229, -0.063815, -0.006473, 0.000000, 0.000000, 0.000000, 1.000000
-19.9111, -79.5027, 18.5253, 451.5260, 520.5296, 88.5023, 238.5024, 118.1561, 26.8243, -6.4736, 0.286965, 0.846557, 0.448321, -0.079503, -0.950180, 0.310998, 0.020947, 0.018525, -0.121695, -0.431997, 0.893627, 0.451526, 0.000000, 0.000000, 0.000000, 1.000000, -0.121608, -0.432026, 0.893625, 0.520530, -0.286965, -0.846557, -0.448322, 0.088502, 0.950191, -0.310959, -0.021029, 0.238502, 0.000000, 0.000000, 0.000000, 1.000000, -0.032419, -0.065799, -0.997306, 0.118156, -0.997744, -0.056553, 0.036164, 0.026824, -0.058780, 0.996229, -0.063817, -0.006474, 0.000000, 0.000000, 0.000000, 1.000000
-19.9019, -79.5095, 18.5447, 451.5279, 520.5315, 88.5091, 238.4829, 118.1590, 26.8215, -6.4753, 0.286821, 0.846589, 0.448353, -0.079510, -0.950216, 0.310896, 0.020833, 0.018545, -0.121754, -0.432008, 0.893614, 0.451528, 0.000000, 0.000000, 0.000000, 1.000000, -0.121667, -0.432037, 0.893611, 0.520531, -0.286821, -0.846589, -0.448354, 0.088509, 0.950227, -0.310856, -0.020915, 0.238483, 0.000000, 0.000000, 0.000000, 1.000000, -0.032415, -0.065804, -0.997306, 0.118159, -0.997745, -0.056550, 0.036161, 0.026821, -0.058777, 0.996229, -0.063823, -0.006475, 0.000000, 0.000000, 0.000000, 1.000000
-19.8972, -79.5130, 18.5548, 451.5289, 520.5325, 88.5126, 238.4728, 118.1605, 26.8201, -6.4761, 0.286747, 0.846606, 0.448370, -0.079513, -0.950234, 0.310843, 0.020776, 0.018555, -0.121784, -0.432013, 0.893607, 0.451529, 0.000000, 0.000000, 0.000000, 1.000000, -0.121697, -0.432043, 0.893605, 0.520532, -0.286747, -0.846605, -0.448370, 0.088513, 0.950245, -0.310803, -0.020858, 0.238473, 0.000000, 0.000000, 0.000000, 1.000000, -0.032414, -0.065807, -0.997306, 0.118160, -0.997745, -0.056548, 0.036159, 0.026820, -0.058775, 0.996229, -0.063826, -0.006476, 0.000000, 0.000000, 0.000000, 1.000000
-19.8878, -79.5201, 18.5758, 451.5311, 520.5347, 88.5198, 238.4519, 118.1634, 26.8171, -6.4779, 0.286597, 0.846639, 0.448402, -0.079520, -0.950272, 0.310736, 0.020660, 0.018576, -0.121843, -0.432025, 0.893593, 0.451531, 0.000000, 0.000000, 0.000000, 1.000000, -0.121756, -0.432054, 0.893591, 0.520535, -0.286597, -0.846639, -0.448403, 0.088520, 0.950283, -0.310696, -0.020742, 0.238452, 0.000000, 0.000000, 0.000000, 1.000000, -0.032411, -0.065812, -0.997306, 0.118163, -0.997745, -0.056544, 0.036156, 0.026817, -0.058771, 0.996229, -0.063831, -0.006478, 0.000000, 0.000000, 0.000000, 1.000000
-19.8781, -79.5274, 18.5977, 451.5335, 520.5371, 88.5271, 238.4299, 118.1665, 26.8142, -6.4796, 0.286444, 0.846673, 0.448436, -0.079527, -0.950310, 0.310626, 0.020543, 0.018598, -0.121903, -0.432038, 0.893579, 0.451533, 0.000000, 0.000000, 0.000000, 1.000000, -0.121816, -0.432067, 0.893577, 0.520537, -0.286444, -0.846673, -0.448437, 0.088527, 0.950321, -0.310586, -0.020625, 0.238430, 0.000000, 0.000000, 0.000000, 1.000000, -0.032407, -0.065818, -0.997305, 0.118166, -0.997746, -0.056541, 0.036153, 0.026814, -0.058768, 0.996228, -0.063837, -0.006480, 0.000000, 0.000000, 0.000000, 1.000000
-19.8733, -79.5311, 18.6090, 451.5347, 520.5383, 88.5308, 238.4187, 118.1680, 26.8127, -6.4805, 0.286367, 0.846690, 0.448453, -0.079531, -0.950330, 0.310570, 0.020484, 0.018609, -0.121932, -0.432044, 0.893572, 0.451535, 0.000000, 0.000000, 0.000000, 1.000000, -0.121845, -0.432073, 0.893570, 0.520538, -0.286367, -0.846690, -0.448453, 0.088531, 0.950341, -0.310531, -0.020566, 0.238419, 0.000000, 0.000000, 0.000000, 1.000000, -0.032406, -0.065820, -0.997305, 0.118168, -0.997746, -0.056539, 0.036151, 0.026813, -0.058766, 0.996228, -0.063840, -0.006481, 0.000000, 0.000000, 0.000000, 1.000000
-19.8585, -79.5424, 18.6439, 451.5387, 520.5423, 88.5421, 238.3838, 118.1726, 26.8081, -6.4832, 0.286133, 0.846742, 0.448504, -0.079542, -0.950389, 0.310401, 0.020308, 0.018644, -0.122021, -0.432064, 0.893550, 0.451539, 0.000000, 0.000000, 0.000000, 1.000000, -0.121933, -0.432093, 0.893548, 0.520542, -0.286133, -0.846742, -0.448504, 0.088542, 0.950400, -0.310361, -0.020390, 0.238384, 0.000000, 0.000000, 0.000000, 1.000000, -0.032400, -0.065829, -0.997305, 0.118173, -0.997746, -0.056533, 0.036146, 0.026808, -0.058761, 0.996228, -0.063849, -0.006483, 0.000000, 0.000000, 0.000000, 1.000000
-19.8486, -79.5500, 18.6680, 451.5415, 520.5451, 88.5497, 238.3597, 118.1757, 26.8051, -6.4851, 0.285976, 0.846777, 0.448538, -0.079550, -0.950429, 0.310286, 0.020190, 0.018668, -0.122078, -0.432077, 0.893536, 0.451541, 0.000000, 0.000000, 0.000000, 1.000000, -0.121991, -0.432106, 0.893533, 0.520545, -0.285976, -0.846777, -0.448539, 0.088550, 0.950440, -0.310247, -0.020272, 0.238360, 0.000000, 0.000000, 0.000000, 1.000000, -0.032397, -0.065834, -0.997305, 0.118176, -0.997746, -0.056530, 0.036143, 0.026805, -0.058757, 0.996228, -0.063855, -0.006485, 0.000000, 0.000000, 0.000000, 1.000000
-19.8437, -79.5539, 18.6801, 451.5429, 520.5465, 88.5535, 238.3475, 118.1772, 26.8035, -6.4860, 0.285897, 0.846795, 0.448555, -0.079554, -0.950449, 0.310229, 0.020132, 0.018680, -0.122107, -0.432084, 0.893528, 0.451543, 0.000000, 0.000000, 0.000000, 1.000000, -0.122020, -0.432113, 0.893526, 0.520547, -0.285897, -0.846794, -0.448556, 0.088554, 0.950460, -0.310189, -0.020214, 0.238348, 0.000000, 0.000000, 0.000000, 1.000000, -0.032395, -0.065837, -0.997304, 0.118177, -0.997747, -0.056528, 0.036141, 0.026804, -0.058755, 0.996228, -0.063858, -0.006486, 0.000000, 0.000000, 0.000000, 1.000000
-19.8290, -79.5661, 18.7298, 451.5508, 520.5543, 88.5658, 238.2977, 118.1817, 26.7990, -6.4887, 0.285658, 0.846849, 0.448606, -0.079566, -0.950513, 0.310042, 0.019980, 0.018730, -0.122166, -0.432113, 0.893507, 0.451551, 0.000000, 0.000000, 0.000000, 1.000000, -0.122079, -0.432142, 0.893504, 0.520554, -0.285658, -0.846848, -0.448606, 0.088566, 0.950524, -0.310002, -0.020062, 0.238298, 0.000000, 0.000000, 0.000000, 1.000000, -0.032390, -0.065845, -0.997304, 0.118182, -0.997747, -0.056523, 0.036136, 0.026799, -0.058750, 0.996228, -0.063866, -0.006489, 0.000000, 0.000000, 0.000000, 1.000000
-19.8290, -79.5661, 18.7298, 451.5508, 520.5543, 88.5658, 238.2977, 118.1817, 26.7990, -6.4887, 0.285658, 0.846849, 0.448606, -0.079566, -0.950513, 0.310042, 0.019980, 0.018730, -0.122166, -0.432113, 0.893507, 0.451551, 0.000000, 0.000000, 0.000000, 1.000000, -0.122079, -0.432142, 0.893504, 0.520554, -0.285658, -0.846848, -0.448606, 0.088566, 0.950524, -0.310002, -0.020062, 0.238298, 0.000000, 0.000000, 0.000000, 1.000000, -0.032390, -0.065845, -0.997304, 0.118182, -0.997747, -0.056523, 0.036136, 0.026799, -0.058750, 0.996228, -0.063866, -0.006489, 0.000000, 0.000000, 0.000000, 1.000000
-19.8145, -79.5786, 18.7844, 451.5599, 520.5635, 88.5782, 238.2429, 118.1861, 26.7945, -6.4914, 0.285420, 0.846903, 0.448655, -0.079579, -0.950578, 0.309850, 0.019839, 0.018784, -0.122214, -0.432144, 0.893485, 0.451560, 0.000000, 0.000000, 0.000000, 1.000000, -0.122127, -0.432174, 0.893483, 0.520563, -0.285420, -0.846902, -0.448656, 0.088578, 0.950590, -0.309810, -0.019922, 0.238243, 0.000000, 0.000000, 0.000000, 1.000000, -0.032384, -0.065854, -0.997304, 0.118186, -0.997748, -0.056518, 0.036131, 0.026795, -0.058744, 0.996227, -0.063875, -0.006491, 0.000000, 0.000000, 0.000000, 1.000000
-19.8098, -79.5827, 18.8021, 451.5628, 520.5664, 88.5823, 238.2252, 118.1876, 26.7930, -6.4923, 0.285342, 0.846920, 0.448671, -0.079583, -0.950600, 0.309788, 0.019792, 0.018802, -0.122231, -0.432154, 0.893478, 0.451563, 0.000000, 0.000000, 0.000000, 1.000000, -0.122143, -0.432184, 0.893475, 0.520566, -0.285342, -0.846920, -0.448672, 0.088582, 0.950611, -0.309748, -0.019875, 0.238225, 0.000000, 0.000000, 0.000000, 1.000000, -0.032383, -0.065856, -0.997304, 0.118188, -0.997748, -0.056516, 0.036129, 0.026793, -0.058743, 0.996227, -0.063878, -0.006492, 0.000000, 0.000000, 0.000000, 1.000000
-19.8050, -79.5868, 18.8194, 451.5657, 520.5693, 88.5864, 238.2078, 118.1891, 26.7916, -6.4932, 0.285264, 0.846938, 0.448688, -0.079587, -0.950621, 0.309726, 0.019745, 0.018819, -0.122247, -0.432164, 0.893471, 0.451566, 0.000000, 0.000000, 0.000000, 1.000000, -0.122159, -0.432194, 0.893468, 0.520569, -0.285264, -0.846938, -0.448688, 0.088586, 0.950632, -0.309686, -0.019828, 0.238208, 0.000000, 0.000000, 0.000000, 1.000000, -0.032381, -0.065859, -0.997303, 0.118189, -0.997748, -0.056514, 0.036127, 0.026792, -0.058741, 0.996227, -0.063881, -0.006493, 0.000000, 0.000000, 0.000000, 1.000000
-19.7910, -79.5988, 18.8696, 451.5737, 520.5774, 88.5984, 238.1575, 118.1933, 26.7872, -6.4958, 0.285034, 0.846990, 0.448735, -0.079599, -0.950683, 0.309543, 0.019604, 0.018870, -0.122299, -0.432193, 0.893450, 0.451574, 0.000000, 0.000000, 0.000000, 1.000000, -0.122210, -0.432223, 0.893447, 0.520577, -0.285034, -0.846990, -0.448736, 0.088598, 0.950695, -0.309503, -0.019687, 0.238157, 0.000000, 0.000000, 0.000000, 1.000000, -0.032376, -0.065867, -0.997303, 0.118193, -0.997748, -0.056509, 0.036122, 0.026787, -0.058736, 0.996227, -0.063889, -0.006496, 0.000000, 0.000000, 0.000000, 1.000000
-19.7910, -79.5988, 18.8696, 451.5737, 520.5774, 88.5984, 238.1575, 118.1933, 26.7872, -6.4958, 0.285034, 0.846990, 0.448735, -0.079599, -0.950683, 0.309543, 0.019604, 0.018870, -0.122299, -0.432193, 0.893450, 0.451574, 0.000000, 0.000000, 0.000000, 1.000000, -0.122210, -0.432223, 0.893447, 0.520577, -0.285034, -0.846990, -0.448736, 0.088598, 0.950695, -0.309503, -0.019687, 0.238157, 0.000000, 0.000000, 0.000000, 1.000000, -0.032376, -0.065867, -0.997303, 0.118193, -0.997748, -0.056509, 0.036122, 0.026787, -0.058736, 0.996227, -0.063889, -0.006496, 0.000000, 0.000000, 0.000000, 1.000000
-19.7819, -79.6065, 18.9013, 451.5787, 520.5824, 88.6062, 238.1256, 118.1962, 26.7844, -6.4975, 0.284884, 0.847024, 0.448767, -0.079607, -0.950724, 0.309425, 0.019510, 0.018901, -0.122334, -0.432211, 0.893436, 0.451579, 0.000000, 0.000000, 0.000000, 1.000000, -0.122246, -0.432241, 0.893434, 0.520582, -0.284884, -0.847024, -0.448767, 0.088606, 0.950735, -0.309385, -0.019594, 0.238126, 0.000000, 0.000000, 0.000000, 1.000000, -0.032372, -0.065872, -0.997303, 0.118196, -0.997749, -0.056506, 0.036119, 0.026784, -0.058733, 0.996227, -0.063894, -0.006498, 0.000000, 0.000000, 0.000000, 1.000000
-19.7684, -79.6179, 18.9463, 451.5856, 520.5893, 88.6175, 238.0805, 118.2003, 26.7802, -6.5001, 0.284664, 0.847073, 0.448813, -0.079618, -0.950782, 0.309254, 0.019369, 0.018946, -0.122390, -0.432237, 0.893416, 0.451586, 0.000000, 0.000000, 0.000000, 1.000000, -0.122301, -0.432266, 0.893414, 0.520589, -0.284664, -0.847073, -0.448813, 0.088618, 0.950794, -0.309213, -0.019453, 0.238080, 0.000000, 0.000000, 0.000000, 1.000000, -0.032367, -0.065879, -0.997302, 0.118200, -0.997749, -0.056501, 0.036114, 0.026780, -0.058728, 0.996227, -0.063902, -0.006500, 0.000000, 0.000000, 0.000000, 1.000000
-19.7640, -79.6216, 18.9606, 451.5878, 520.5914, 88.6212, 238.0662, 118.2017, 26.7789, -6.5009, 0.284593, 0.847090, 0.448828, -0.079622, -0.950801, 0.309198, 0.019323, 0.018961, -0.122409, -0.432245, 0.893409, 0.451588, 0.000000, 0.000000, 0.000000, 1.000000, -0.122320, -0.432275, 0.893407, 0.520591, -0.284592, -0.847089, -0.448828, 0.088621, 0.950813, -0.309158, -0.019406, 0.238066, 0.000000, 0.000000, 0.000000, 1.000000, -0.032366, -0.065882, -0.997302, 0.118202, -0.997749, -0.056499, 0.036112, 0.026779, -0.058726, 0.996227, -0.063905, -0.006501, 0.000000, 0.000000, 0.000000, 1.000000
-19.7553, -79.6289, 18.9881, 451.5918, 520.5954, 88.6285, 238.0385, 118.2043, 26.7762, -6.5025, 0.284451, 0.847122, 0.448857, -0.079629, -0.950839, 0.309089, 0.019229, 0.018988, -0.122448, -0.432261, 0.893397, 0.451592, 0.000000, 0.000000, 0.000000, 1.000000, -0.122358, -0.432290, 0.893394, 0.520595, -0.284451, -0.847121, -0.448858, 0.088629, 0.950850, -0.309048, -0.019313, 0.238039, 0.000000, 0.000000, 0.000000, 1.000000, -0.032362, -0.065887, -0.997302, 0.118204, -0.997750, -0.056496, 0.036109, 0.026776, -0.058723, 0.996226, -0.063910, -0.006503, 0.000000, 0.000000, 0.000000, 1.000000
-19.7510, -79.6324, 19.0014, 451.5937, 520.5973, 88.6321, 238.0253, 118.2057, 26.7748, -6.5033, 0.284381, 0.847137, 0.448872, -0.079632, -0.950857, 0.309035, 0.019182, 0.019001, -0.122467, -0.432268, 0.893390, 0.451594, 0.000000, 0.000000, 0.000000, 1.000000, -0.122378, -0.432298, 0.893388, 0.520597, -0.284381, -0.847137, -0.448873, 0.088632, 0.950869, -0.308995, -0.019266, 0.238025, 0.000000, 0.000000, 0.000000, 1.000000, -0.032361, -0.065889, -0.997302, 0.118206, -0.997750, -0.056495, 0.036108, 0.026775, -0.058721, 0.996226, -0.063913, -0.006503, 0.000000, 0.000000, 0.000000, 1.000000
-19.7425, -79.6394, 19.0269, 451.5973, 520.6009, 88.6391, 237.9997, 118.2083, 26.7722, -6.5049, 0.284243, 0.847168, 0.448901, -0.079639, -0.950893, 0.308930, 0.019088, 0.019027, -0.122508, -0.432282, 0.893378, 0.451597, 0.000000, 0.000000, 0.000000, 1.000000, -0.122419, -0.432312, 0.893376, 0.520601, -0.284243, -0.847168, -0.448901, 0.088639, 0.950905, -0.308889, -0.019172, 0.238000, 0.000000, 0.000000, 0.000000, 1.000000, -0.032358, -0.065894, -0.997302, 0.118208, -0.997750, -0.056491, 0.036105, 0.026772, -0.058718, 0.996226, -0.063918, -0.006505, 0.000000, 0.000000, 0.000000, 1.000000
-19.7383, -79.6429, 19.0391, 451.5990, 520.6026, 88.6425, 237.9874, 118.2096, 26.7709, -6.5057, 0.284175, 0.847184, 0.448915, -0.079643, -0.950911, 0.308878, 0.019042, 0.019039, -0.122528, -0.432289, 0.893371, 0.451599, 0.000000, 0.000000, 0.000000, 1.000000, -0.122439, -0.432319, 0.893369, 0.520603, -0.284175, -0.847183, -0.448916, 0.088642, 0.950922, -0.308838, -0.019126, 0.237987, 0.000000, 0.000000, 0.000000, 1.000000, -0.032356, -0.065896, -0.997302, 0.118210, -0.997750, -0.056490, 0.036103, 0.026771, -0.058717, 0.996226, -0.063920, -0.006506, 0.000000, 0.000000, 0.000000, 1.000000
-19.7300, -79.6496, 19.0627, 451.6021, 520.6058, 88.6492, 237.9638, 118.2122, 26.7683, -6.5072, 0.284040, 0.847214, 0.448943, -0.079650, -0.950946, 0.308777, 0.018948, 0.019063, -0.122570, -0.432303, 0.893359, 0.451602, 0.000000, 0.000000, 0.000000, 1.000000, -0.122481, -0.432332, 0.893357, 0.520606, -0.284040, -0.847213, -0.448944, 0.088649, 0.950957, -0.308737, -0.019032, 0.237964, 0.000000, 0.000000, 0.000000, 1.000000, -0.032353, -0.065901, -0.997302, 0.118212, -0.997750, -0.056487, 0.036100, 0.026768, -0.058714, 0.996226, -0.063925, -0.006507, 0.000000, 0.000000, 0.000000, 1.000000
-19.7258, -79.6529, 19.0741, 451.6036, 520.6073, 88.6525, 237.9524, 118.2134, 26.7670, -6.5080, 0.283974, 0.847228, 0.448957, -0.079653, -0.950963, 0.308728, 0.018901, 0.019074, -0.122592, -0.432309, 0.893353, 0.451604, 0.000000, 0.000000, 0.000000, 1.000000, -0.122502, -0.432339, 0.893351, 0.520607, -0.283974, -0.847228, -0.448958, 0.088653, 0.950974, -0.308687, -0.018986, 0.237952, 0.000000, 0.000000, 0.000000, 1.000000, -0.032352, -0.065903, -0.997301, 0.118213, -0.997751, -0.056485, 0.036099, 0.026767, -0.058712, 0.996226, -0.063928, -0.006508, 0.000000, 0.000000, 0.000000, 1.000000
-19.7218, -79.6562, 19.0851, 451.6050, 520.6087, 88.6558, 237.9413, 118.2147, 26.7658, -6.5087, 0.283908, 0.847243, 0.448971, -0.079656, -0.950979, 0.308679, 0.018855, 0.019085, -0.122613, -0.432315, 0.893347, 0.451605, 0.000000, 0.000000, 0.000000, 1.000000, -0.122524, -0.432345, 0.893345, 0.520609, -0.283908, -0.847243, -0.448972, 0.088656, 0.950991, -0.308638, -0.018939, 0.237941, 0.000000, 0.000000, 0.000000, 1.000000, -0.032350, -0.065906, -0.997301, 0.118215, -0.997751, -0.056484, 0.036097, 0.026766, -0.058710, 0.996226, -0.063930, -0.006509, 0.000000, 0.000000, 0.000000, 1.000000
-19.7058, -79.6689, 19.1267, 451.6101, 520.6138, 88.6685, 237.8996, 118.2197, 26.7608, -6.5117, 0.283651, 0.847300, 0.449026, -0.079669, -0.951045, 0.308488, 0.018668, 0.019127, -0.122702, -0.432339, 0.893324, 0.451610, 0.000000, 0.000000, 0.000000, 1.000000, -0.122612, -0.432369, 0.893322, 0.520614, -0.283651, -0.847300, -0.449026, 0.088668, 0.951057, -0.308447, -0.018752, 0.237900, 0.000000, 0.000000, 0.000000, 1.000000, -0.032344, -0.065915, -0.997301, 0.118220, -0.997751, -0.056478, 0.036092, 0.026761, -0.058705, 0.996226, -0.063940, -0.006512, 0.000000, 0.000000, 0.000000, 1.000000
-19.7058, -79.6689, 19.1267, 451.6101, 520.6138, 88.6685, 237.8996, 118.2197, 26.7608, -6.5117, 0.283651, 0.847300, 0.449026, -0.079669, -0.951045, 0.308488, 0.018668, 0.019127, -0.122702, -0.432339, 0.893324, 0.451610, 0.000000, 0.000000, 0.000000, 1.000000, -0.122612, -0.432369, 0.893322, 0.520614, -0.283651, -0.847300, -0.449026, 0.088668, 0.951057, -0.308447, -0.018752, 0.237900, 0.000000, 0.000000, 0.000000, 1.000000, -0.032344, -0.065915, -0.997301, 0.118220, -0.997751, -0.056478, 0.036092, 0.026761, -0.058705, 0.996226, -0.063940, -0.006512, 0.000000, 0.000000, 0.000000, 1.000000
-19.6941, -79.6784, 19.1616, 451.6151, 520.6187, 88.6780, 237.8646, 118.2233, 26.7572, -6.5139, 0.283462, 0.847343, 0.449065, -0.079678, -0.951094, 0.308344, 0.018540, 0.019162, -0.122757, -0.432359, 0.893307, 0.451615, 0.000000, 0.000000, 0.000000, 1.000000, -0.122667, -0.432389, 0.893304, 0.520619, -0.283462, -0.847343, -0.449066, 0.088678, 0.951106, -0.308303, -0.018625, 0.237865, 0.000000, 0.000000, 0.000000, 1.000000, -0.032340, -0.065921, -0.997301, 0.118223, -0.997752, -0.056474, 0.036088, 0.026757, -0.058700, 0.996225, -0.063947, -0.006514, 0.000000, 0.000000, 0.000000, 1.000000
-19.6865, -79.6851, 19.1918, 451.6202, 520.6239, 88.6847, 237.8342, 118.2256, 26.7548, -6.5153, 0.283335, 0.847372, 0.449091, -0.079685, -0.951129, 0.308241, 0.018468, 0.019192, -0.122779, -0.432376, 0.893295, 0.451620, 0.000000, 0.000000, 0.000000, 1.000000, -0.122689, -0.432406, 0.893293, 0.520624, -0.283335, -0.847371, -0.449092, 0.088685, 0.951141, -0.308200, -0.018553, 0.237834, 0.000000, 0.000000, 0.000000, 1.000000, -0.032337, -0.065926, -0.997300, 0.118226, -0.997752, -0.056471, 0.036085, 0.026755, -0.058697, 0.996225, -0.063951, -0.006515, 0.000000, 0.000000, 0.000000, 1.000000
-19.6865, -79.6851, 19.1918, 451.6202, 520.6239, 88.6847, 237.8342, 118.2256, 26.7548, -6.5153, 0.283335, 0.847372, 0.449091, -0.079685, -0.951129, 0.308241, 0.018468, 0.019192, -0.122779, -0.432376, 0.893295, 0.451620, 0.000000, 0.000000, 0.000000, 1.000000, -0.122689, -0.432406, 0.893293, 0.520624, -0.283335, -0.847371, -0.449092, 0.088685, 0.951141, -0.308200, -0.018553, 0.237834, 0.000000, 0.000000, 0.000000, 1.000000, -0.032337, -0.065926, -0.997300, 0.118226, -0.997752, -0.056471, 0.036085, 0.026755, -0.058697, 0.996225, -0.063951, -0.006515, 0.000000, 0.000000, 0.000000, 1.000000
-19.6790, -79.6915, 19.2201, 451.6249, 520.6286, 88.6912, 237.8058, 118.2279, 26.7525, -6.5168, 0.283210, 0.847400, 0.449117, -0.079692, -0.951163, 0.308140, 0.018394, 0.019220, -0.122804, -0.432392, 0.893284, 0.451625, 0.000000, 0.000000, 0.000000, 1.000000, -0.122713, -0.432423, 0.893282, 0.520629, -0.283210, -0.847399, -0.449117, 0.088691, 0.951175, -0.308099, -0.018479, 0.237806, 0.000000, 0.000000, 0.000000, 1.000000, -0.032334, -0.065930, -0.997300, 0.118228, -0.997752, -0.056468, 0.036082, 0.026752, -0.058695, 0.996225, -0.063956, -0.006517, 0.000000, 0.000000, 0.000000, 1.000000
-19.6679, -79.7009, 19.2590, 451.6312, 520.6349, 88.7006, 237.7665, 118.2313, 26.7490, -6.5189, 0.283027, 0.847441, 0.449154, -0.079701, -0.951212, 0.307996, 0.018281, 0.019259, -0.122846, -0.432415, 0.893267, 0.451631, 0.000000, 0.000000, 0.000000, 1.000000, -0.122755, -0.432445, 0.893265, 0.520635, -0.283027, -0.847441, -0.449155, 0.088701, 0.951224, -0.307954, -0.018367, 0.237767, 0.000000, 0.000000, 0.000000, 1.000000, -0.032330, -0.065936, -0.997300, 0.118231, -0.997753, -0.056464, 0.036078, 0.026749, -0.058691, 0.996225, -0.063962, -0.006519, 0.000000, 0.000000, 0.000000, 1.000000
-19.6679, -79.7009, 19.2590, 451.6312, 520.6349, 88.7006, 237.7665, 118.2313, 26.7490, -6.5189, 0.283027, 0.847441, 0.449154, -0.079701, -0.951212, 0.307996, 0.018281, 0.019259, -0.122846, -0.432415, 0.893267, 0.451631, 0.000000, 0.000000, 0.000000, 1.000000, -0.122755, -0.432445, 0.893265, 0.520635, -0.283027, -0.847441, -0.449155, 0.088701, 0.951224, -0.307954, -0.018367, 0.237767, 0.000000, 0.000000, 0.000000, 1.000000, -0.032330, -0.065936, -0.997300, 0.118231, -0.997753, -0.056464, 0.036078, 0.026749, -0.058691, 0.996225, -0.063962, -0.006519, 0.000000, 0.000000, 0.000000, 1.000000
-19.6606, -79.7070, 19.2828, 451.6348, 520.6385, 88.7066, 237.7427, 118.2335, 26.7468, -6.5203, 0.282907, 0.847468, 0.449179, -0.079707, -0.951244, 0.307903, 0.018203, 0.019283, -0.122877, -0.432429, 0.893256, 0.451635, 0.000000, 0.000000, 0.000000, 1.000000, -0.122786, -0.432459, 0.893254, 0.520638, -0.282907, -0.847467, -0.449180, 0.088707, 0.951256, -0.307861, -0.018289, 0.237743, 0.000000, 0.000000, 0.000000, 1.000000, -0.032327, -0.065940, -0.997300, 0.118234, -0.997753, -0.056462, 0.036075, 0.026747, -0.058688, 0.996225, -0.063967, -0.006520, 0.000000, 0.000000, 0.000000, 1.000000
