# Joint_B_Angle(deg), Cam_X(mm), Cam_Y(mm), Cam_Z(mm), Torso_X(mm), Torso_Y(mm), Torso_Z(mm), EE_X(mm), EE_Y(mm), EE_Z(mm), T_cam2marker_flat(16), T_torso2marker_flat(16), T_ee2marker_flat(16)
-9.9996, 12.2980, 9.8263, 122.2442, 191.2478, -3.2981, 247.2341, 98.2538, 6.9193, 3.2505, 0.576548, 0.812252, 0.088535, 0.012298, -0.813786, 0.580550, -0.026729, 0.009826, -0.073110, -0.056638, 0.995714, 0.122244, 0.000000, 0.000000, 0.000000, 1.000000, -0.073048, -0.056683, 0.995716, 0.191248, -0.576548, -0.812252, -0.088536, -0.003298, 0.813791, -0.580546, 0.026653, 0.247234, 0.000000, 0.000000, 0.000000, 1.000000, 0.001900, -0.013975, -0.999901, 0.098254, -0.999450, -0.033127, -0.001436, 0.006919, -0.033103, 0.999353, -0.014030, 0.003250, 0.000000, 0.000000, 0.000000, 1.000000
-9.9996, 12.2982, 9.8250, 122.2435, 191.2471, -3.2984, 247.2354, 98.2538, 6.9193, 3.2504, 0.576549, 0.812252, 0.088536, 0.012298, -0.813785, 0.580551, -0.026735, 0.009825, -0.073115, -0.056636, 0.995714, 0.122243, 0.000000, 0.000000, 0.000000, 1.000000, -0.073053, -0.056681, 0.995716, 0.191247, -0.576549, -0.812251, -0.088537, -0.003298, 0.813790, -0.580547, 0.026658, 0.247235, 0.000000, 0.000000, 0.000000, 1.000000, 0.001900, -0.013975, -0.999901, 0.098254, -0.999450, -0.033127, -0.001436, 0.006919, -0.033103, 0.999353, -0.014030, 0.003250, 0.000000, 0.000000, 0.000000, 1.000000
-9.9996, 12.2982, 9.8250, 122.2435, 191.2471, -3.2984, 247.2354, 98.2538, 6.9193, 3.2504, 0.576549, 0.812252, 0.088536, 0.012298, -0.813785, 0.580551, -0.026735, 0.009825, -0.073115, -0.056636, 0.995714, 0.122243, 0.000000, 0.000000, 0.000000, 1.000000, -0.073053, -0.056681, 0.995716, 0.191247, -0.576549, -0.812251, -0.088537, -0.003298, 0.813790, -0.580547, 0.026658, 0.247235, 0.000000, 0.000000, 0.000000, 1.000000, 0.001900, -0.013975, -0.999901, 0.098254, -0.999450, -0.033127, -0.001436, 0.006919, -0.033103, 0.999353, -0.014030, 0.003250, 0.000000, 0.000000, 0.000000, 1.000000
-9.9996, 12.2986, 9.8229, 122.2423, 191.2459, -3.2988, 247.2374, 98.2538, 6.9193, 3.2504, 0.576551, 0.812250, 0.088537, 0.012299, -0.813783, 0.580554, -0.026743, 0.009823, -0.073123, -0.056632, 0.995714, 0.122242, 0.000000, 0.000000, 0.000000, 1.000000, -0.073060, -0.056677, 0.995716, 0.191246, -0.576551, -0.812250, -0.088538, -0.003299, 0.813788, -0.580549, 0.026666, 0.247237, 0.000000, 0.000000, 0.000000, 1.000000, 0.001900, -0.013975, -0.999901, 0.098254, -0.999450, -0.033127, -0.001436, 0.006919, -0.033103, 0.999353, -0.014030, 0.003250, 0.000000, 0.000000, 0.000000, 1.000000
-9.9996, 12.2982, 9.8245, 122.2434, 191.2471, -3.2983, 247.2357, 98.2538, 6.9193, 3.2504, 0.576550, 0.812251, 0.088537, 0.012298, -0.813784, 0.580552, -0.026736, 0.009824, -0.073117, -0.056635, 0.995714, 0.122243, 0.000000, 0.000000, 0.000000, 1.000000, -0.073054, -0.056682, 0.995716, 0.191247, -0.576550, -0.812251, -0.088538, -0.003298, 0.813790, -0.580548, 0.026658, 0.247236, 0.000000, 0.000000, 0.000000, 1.000000, 0.001900, -0.013975, -0.999901, 0.098254, -0.999450, -0.033127, -0.001436, 0.006919, -0.033103, 0.999353, -0.014030, 0.003250, 0.000000, 0.000000, 0.000000, 1.000000
-9.9996, 12.2980, 9.8255, 122.2441, 191.2478, -3.2981, 247.2347, 98.2538, 6.9193, 3.2504, 0.576549, 0.812252, 0.088537, 0.012298, -0.813785, 0.580551, -0.026732, 0.009825, -0.073113, -0.056638, 0.995714, 0.122244, 0.000000, 0.000000, 0.000000, 1.000000, -0.073050, -0.056684, 0.995716, 0.191248, -0.576549, -0.812251, -0.088538, -0.003298, 0.813791, -0.580547, 0.026653, 0.247235, 0.000000, 0.000000, 0.000000, 1.000000, 0.001900, -0.013975, -0.999901, 0.098254, -0.999450, -0.033127, -0.001436, 0.006919, -0.033103, 0.999353, -0.014030, 0.003250, 0.000000, 0.000000, 0.000000, 1.000000
-9.9996, 12.2975, 9.8271, 122.2454, 191.2491, -3.2977, 247.2329, 98.2538, 6.9193, 3.2504, 0.576548, 0.812252, 0.088537, 0.012298, -0.813786, 0.580549, -0.026724, 0.009827, -0.073107, -0.056642, 0.995714, 0.122245, 0.000000, 0.000000, 0.000000, 1.000000, -0.073043, -0.056689, 0.995716, 0.191249, -0.576548, -0.812252, -0.088538, -0.003298, 0.813792, -0.580545, 0.026645, 0.247233, 0.000000, 0.000000, 0.000000, 1.000000, 0.001900, -0.013975, -0.999901, 0.098254, -0.999450, -0.033127, -0.001436, 0.006919, -0.033103, 0.999353, -0.014030, 0.003250, 0.000000, 0.000000, 0.000000, 1.000000
-9.9996, 12.2975, 9.8271, 122.2454, 191.2491, -3.2977, 247.2329, 98.2538, 6.9193, 3.2504, 0.576548, 0.812252, 0.088537, 0.012298, -0.813786, 0.580549, -0.026724, 0.009827, -0.073107, -0.056642, 0.995714, 0.122245, 0.000000, 0.000000, 0.000000, 1.000000, -0.073043, -0.056689, 0.995716, 0.191249, -0.576548, -0.812252, -0.088538, -0.003298, 0.813792, -0.580545, 0.026645, 0.247233, 0.000000, 0.000000, 0.000000, 1.000000, 0.001900, -0.013975, -0.999901, 0.098254, -0.999450, -0.033127, -0.001436, 0.006919, -0.033103, 0.999353, -0.014030, 0.003250, 0.000000, 0.000000, 0.000000, 1.000000
-9.9996, 12.2970, 9.8289, 122.2470, 191.2508, -3.2972, 247.2309, 98.2538, 6.9193, 3.2504, 0.576546, 0.812254, 0.088537, 0.012297, -0.813788, 0.580547, -0.026716, 0.009829, -0.073100, -0.056648, 0.995715, 0.122247, 0.000000, 0.000000, 0.000000, 1.000000, -0.073035, -0.056695, 0.995717, 0.191251, -0.576546, -0.812253, -0.088538, -0.003297, 0.813794, -0.580543, 0.026636, 0.247231, 0.000000, 0.000000, 0.000000, 1.000000, 0.001900, -0.013975, -0.999901, 0.098254, -0.999450, -0.033127, -0.001436, 0.006919, -0.033103, 0.999353, -0.014030, 0.003250, 0.000000, 0.000000, 0.000000, 1.000000
-9.9996, 12.2969, 9.8293, 122.2475, 191.2513, -3.2970, 247.2305, 98.2538, 6.9193, 3.2504, 0.576546, 0.812254, 0.088538, 0.012297, -0.813788, 0.580547, -0.026714, 0.009829, -0.073099, -0.056649, 0.995715, 0.122248, 0.000000, 0.000000, 0.000000, 1.000000, -0.073034, -0.056697, 0.995717, 0.191251, -0.576546, -0.812254, -0.088539, -0.003297, 0.813794, -0.580542, 0.026633, 0.247231, 0.000000, 0.000000, 0.000000, 1.000000, 0.001900, -0.013975, -0.999901, 0.098254, -0.999450, -0.033127, -0.001436, 0.006919, -0.033103, 0.999353, -0.014030, 0.003250, 0.000000, 0.000000, 0.000000, 1.000000
-9.9995, 12.2967, 9.8298, 122.2487, 191.2525, -3.2968, 247.2299, 98.2538, 6.9193, 3.2504, 0.576545, 0.812254, 0.088539, 0.012297, -0.813789, 0.580546, -0.026710, 0.009830, -0.073097, -0.056653, 0.995714, 0.122249, 0.000000, 0.000000, 0.000000, 1.000000, -0.073031, -0.056701, 0.995717, 0.191253, -0.576545, -0.812254, -0.088540, -0.003297, 0.813795, -0.580542, 0.026629, 0.247230, 0.000000, 0.000000, 0.000000, 1.000000, 0.001900, -0.013975, -0.999901, 0.098254, -0.999450, -0.033127, -0.001436, 0.006919, -0.033103, 0.999353, -0.014030, 0.003250, 0.000000, 0.000000, 0.000000, 1.000000
-9.9994, 12.2966, 9.8299, 122.2494, 191.2532, -3.2967, 247.2298, 98.2538, 6.9193, 3.2504, 0.576545, 0.812254, 0.088541, 0.012297, -0.813789, 0.580546, -0.026709, 0.009830, -0.073096, -0.056655, 0.995714, 0.122249, 0.000000, 0.000000, 0.000000, 1.000000, -0.073030, -0.056703, 0.995717, 0.191253, -0.576545, -0.812254, -0.088541, -0.003297, 0.813795, -0.580541, 0.026627, 0.247230, 0.000000, 0.000000, 0.000000, 1.000000, 0.001900, -0.013975, -0.999901, 0.098254, -0.999450, -0.033127, -0.001436, 0.006919, -0.033103, 0.999353, -0.014030, 0.003250, 0.000000, 0.000000, 0.000000, 1.000000
-9.9992, 12.2965, 9.8297, 122.2509, 191.2548, -3.2966, 247.2298, 98.2538, 6.9193, 3.2504, 0.576545, 0.812254, 0.088544, 0.012296, -0.813789, 0.580546, -0.026706, 0.009830, -0.073096, -0.056659, 0.995714, 0.122251, 0.000000, 0.000000, 0.000000, 1.000000, -0.073030, -0.056707, 0.995716, 0.191255, -0.576545, -0.812254, -0.088545, -0.003297, 0.813795, -0.580541, 0.026625, 0.247230, 0.000000, 0.000000, 0.000000, 1.000000, 0.001900, -0.013975, -0.999901, 0.098254, -0.999450, -0.033127, -0.001436, 0.006919, -0.033103, 0.999353, -0.014030, 0.003250, 0.000000, 0.000000, 0.000000, 1.000000
-9.9991, 12.2964, 9.8295, 122.2518, 191.2557, -3.2965, 247.2300, 98.2538, 6.9193, 3.2504, 0.576545, 0.812254, 0.088546, 0.012296, -0.813789, 0.580546, -0.026705, 0.009830, -0.073096, -0.056661, 0.995714, 0.122252, 0.000000, 0.000000, 0.000000, 1.000000, -0.073030, -0.056709, 0.995716, 0.191256, -0.576544, -0.812254, -0.088547, -0.003297, 0.813795, -0.580541, 0.026623, 0.247230, 0.000000, 0.000000, 0.000000, 1.000000, 0.001900, -0.013975, -0.999901, 0.098254, -0.999450, -0.033127, -0.001436, 0.006919, -0.033103, 0.999353, -0.014030, 0.003250, 0.000000, 0.000000, 0.000000, 1.000000
-9.9988, 12.2963, 9.8288, 122.2542, 191.2581, -3.2965, 247.2306, 98.2538, 6.9193, 3.2504, 0.576545, 0.812253, 0.088551, 0.012296, -0.813789, 0.580546, -0.026703, 0.009829, -0.073098, -0.056666, 0.995714, 0.122254, 0.000000, 0.000000, 0.000000, 1.000000, -0.073031, -0.056715, 0.995716, 0.191258, -0.576545, -0.812253, -0.088552, -0.003296, 0.813795, -0.580542, 0.026621, 0.247231, 0.000000, 0.000000, 0.000000, 1.000000, 0.001900, -0.013975, -0.999901, 0.098254, -0.999450, -0.033127, -0.001436, 0.006919, -0.033103, 0.999353, -0.014030, 0.003250, 0.000000, 0.000000, 0.000000, 1.000000
-9.9983, 12.2963, 9.8278, 122.2573, 191.2612, -3.2964, 247.2316, 98.2538, 6.9193, 3.2504, 0.576545, 0.812252, 0.088558, 0.012296, -0.813789, 0.580547, -0.026701, 0.009828, -0.073100, -0.056673, 0.995713, 0.122257, 0.000000, 0.000000, 0.000000, 1.000000, -0.073033, -0.056723, 0.995715, 0.191261, -0.576545, -0.812252, -0.088559, -0.003296, 0.813795, -0.580542, 0.026618, 0.247232, 0.000000, 0.000000, 0.000000, 1.000000, 0.001900, -0.013975, -0.999901, 0.098254, -0.999450, -0.033127, -0.001436, 0.006919, -0.033103, 0.999353, -0.014030, 0.003250, 0.000000, 0.000000, 0.000000, 1.000000
-9.9981, 12.2963, 9.8271, 122.2592, 191.2631, -3.2964, 247.2322, 98.2538, 6.9193, 3.2504, 0.576545, 0.812252, 0.088563, 0.012296, -0.813789, 0.580547, -0.026700, 0.009827, -0.073102, -0.056678, 0.995713, 0.122259, 0.000000, 0.000000, 0.000000, 1.000000, -0.073035, -0.056727, 0.995715, 0.191263, -0.576545, -0.812251, -0.088564, -0.003296, 0.813795, -0.580543, 0.026617, 0.247232, 0.000000, 0.000000, 0.000000, 1.000000, 0.001900, -0.013975, -0.999901, 0.098254, -0.999450, -0.033127, -0.001436, 0.006919, -0.033103, 0.999353, -0.014030, 0.003250, 0.000000, 0.000000, 0.000000, 1.000000
-9.9974, 12.2962, 9.8256, 122.2637, 191.2677, -3.2964, 247.2337, 98.2538, 6.9193, 3.2504, 0.576545, 0.812250, 0.088573, 0.012296, -0.813788, 0.580548, -0.026697, 0.009826, -0.073106, -0.056688, 0.995712, 0.122264, 0.000000, 0.000000, 0.000000, 1.000000, -0.073038, -0.056737, 0.995714, 0.191268, -0.576545, -0.812250, -0.088574, -0.003296, 0.813794, -0.580544, 0.026613, 0.247234, 0.000000, 0.000000, 0.000000, 1.000000, 0.001900, -0.013975, -0.999901, 0.098254, -0.999450, -0.033127, -0.001436, 0.006919, -0.033103, 0.999353, -0.014030, 0.003250, 0.000000, 0.000000, 0.000000, 1.000000
-9.9970, 12.2962, 9.8247, 122.2664, 191.2704, -3.2964, 247.2345, 98.2538, 6.9193, 3.2504, 0.576546, 0.812249, 0.088579, 0.012296, -0.813788, 0.580549, -0.026695, 0.009825, -0.073108, -0.056694, 0.995711, 0.122266, 0.000000, 0.000000, 0.000000, 1.000000, -0.073040, -0.056743, 0.995713, 0.191270, -0.576546, -0.812249, -0.088580, -0.003296, 0.813794, -0.580544, 0.026611, 0.247235, 0.000000, 0.000000, 0.000000, 1.000000, 0.001900, -0.013975, -0.999901, 0.098254, -0.999450, -0.033127, -0.001436, 0.006919, -0.033103, 0.999353, -0.014030, 0.003250, 0.000000, 0.000000, 0.000000, 1.000000
-9.9961, 12.2962, 9.8226, 122.2727, 191.2767, -3.2964, 247.2365, 98.2538, 6.9193, 3.2504, 0.576546, 0.812247, 0.088594, 0.012296, -0.813787, 0.580550, -0.026691, 0.009823, -0.073113, -0.056708, 0.995710, 0.122273, 0.000000, 0.000000, 0.000000, 1.000000, -0.073044, -0.056758, 0.995712, 0.191277, -0.576546, -0.812247, -0.088594, -0.003296, 0.813793, -0.580546, 0.026607, 0.247237, 0.000000, 0.000000, 0.000000, 1.000000, 0.001900, -0.013975, -0.999901, 0.098254, -0.999450, -0.033127, -0.001436, 0.006919, -0.033103, 0.999353, -0.014030, 0.003250, 0.000000, 0.000000, 0.000000, 1.000000
-9.9955, 12.2962, 9.8215, 122.2763, 191.2803, -3.2963, 247.2376, 98.2538, 6.9193, 3.2504, 0.576547, 0.812246, 0.088602, 0.012296, -0.813786, 0.580551, -0.026688, 0.009821, -0.073115, -0.056716, 0.995710, 0.122276, 0.000000, 0.000000, 0.000000, 1.000000, -0.073047, -0.056766, 0.995712, 0.191280, -0.576547, -0.812246, -0.088602, -0.003296, 0.813792, -0.580546, 0.026604, 0.247238, 0.000000, 0.000000, 0.000000, 1.000000, 0.001900, -0.013975, -0.999901, 0.098254, -0.999450, -0.033127, -0.001436, 0.006919, -0.033103, 0.999353, -0.014030, 0.003250, 0.000000, 0.000000, 0.000000, 1.000000
-9.9943, 12.2962, 9.8190, 122.2847, 191.2887, -3.2963, 247.2400, 98.2538, 6.9193, 3.2504, 0.576548, 0.812243, 0.088620, 0.012296, -0.813785, 0.580553, -0.026682, 0.009819, -0.073120, -0.056734, 0.995708, 0.122285, 0.000000, 0.000000, 0.000000, 1.000000, -0.073052, -0.056784, 0.995710, 0.191289, -0.576547, -0.812243, -0.088621, -0.003296, 0.813791, -0.580548, 0.026597, 0.247240, 0.000000, 0.000000, 0.000000, 1.000000, 0.001900, -0.013975, -0.999901, 0.098254, -0.999450, -0.033127, -0.001436, 0.006919, -0.033103, 0.999353, -0.014030, 0.003250, 0.000000, 0.000000, 0.000000, 1.000000
-9.9921, 12.2961, 9.8149, 122.3000, 191.3040, -3.2962, 247.2441, 98.2538, 6.9193, 3.2504, 0.576549, 0.812239, 0.088653, 0.012296, -0.813783, 0.580556, -0.026669, 0.009815, -0.073129, -0.056768, 0.995706, 0.122300, 0.000000, 0.000000, 0.000000, 1.000000, -0.073060, -0.056819, 0.995708, 0.191304, -0.576549, -0.812239, -0.088653, -0.003296, 0.813790, -0.580551, 0.026583, 0.247244, 0.000000, 0.000000, 0.000000, 1.000000, 0.001900, -0.013975, -0.999901, 0.098254, -0.999450, -0.033127, -0.001436, 0.006919, -0.033103, 0.999353, -0.014030, 0.003250, 0.000000, 0.000000, 0.000000, 1.000000
-9.9913, 12.2961, 9.8134, 122.3058, 191.3098, -3.2962, 247.2455, 98.2538, 6.9193, 3.2504, 0.576549, 0.812237, 0.088665, 0.012296, -0.813783, 0.580557, -0.026664, 0.009813, -0.073132, -0.056781, 0.995705, 0.122306, 0.000000, 0.000000, 0.000000, 1.000000, -0.073063, -0.056832, 0.995707, 0.191310, -0.576549, -0.812237, -0.088666, -0.003296, 0.813789, -0.580552, 0.026578, 0.247246, 0.000000, 0.000000, 0.000000, 1.000000, 0.001900, -0.013975, -0.999901, 0.098254, -0.999450, -0.033127, -0.001436, 0.006919, -0.033103, 0.999353, -0.014030, 0.003250, 0.000000, 0.000000, 0.000000, 1.000000
-9.9895, 12.2960, 9.8102, 122.3184, 191.3225, -3.2961, 247.2486, 98.2538, 6.9193, 3.2504, 0.576550, 0.812234, 0.088691, 0.012296, -0.813782, 0.580559, -0.026652, 0.009810, -0.073138, -0.056809, 0.995703, 0.122318, 0.000000, 0.000000, 0.000000, 1.000000, -0.073068, -0.056860, 0.995705, 0.191322, -0.576550, -0.812234, -0.088692, -0.003296, 0.813788, -0.580555, 0.026566, 0.247249, 0.000000, 0.000000, 0.000000, 1.000000, 0.001900, -0.013975, -0.999901, 0.098254, -0.999450, -0.033127, -0.001436, 0.006919, -0.033103, 0.999353, -0.014030, 0.003250, 0.000000, 0.000000, 0.000000, 1.000000
-9.9885, 12.2959, 9.8086, 122.3253, 191.3294, -3.2961, 247.2502, 98.2538, 6.9193, 3.2504, 0.576551, 0.812232, 0.088706, 0.012296, -0.813781, 0.580561, -0.026645, 0.009809, -0.073141, -0.056825, 0.995701, 0.122325, 0.000000, 0.000000, 0.000000, 1.000000, -0.073071, -0.056875, 0.995704, 0.191329, -0.576551, -0.812232, -0.088706, -0.003296, 0.813787, -0.580556, 0.026559, 0.247250, 0.000000, 0.000000, 0.000000, 1.000000, 0.001900, -0.013975, -0.999901, 0.098254, -0.999450, -0.033127, -0.001436, 0.006919, -0.033103, 0.999353, -0.014030, 0.003250, 0.000000, 0.000000, 0.000000, 1.000000
-9.9864, 12.2958, 9.8052, 122.3403, 191.3443, -3.2959, 247.2535, 98.2538, 6.9193, 3.2504, 0.576552, 0.812228, 0.088736, 0.012296, -0.813780, 0.580563, -0.026631, 0.009805, -0.073147, -0.056858, 0.995699, 0.122340, 0.000000, 0.000000, 0.000000, 1.000000, -0.073077, -0.056909, 0.995701, 0.191344, -0.576552, -0.812228, -0.088737, -0.003296, 0.813786, -0.580558, 0.026544, 0.247254, 0.000000, 0.000000, 0.000000, 1.000000, 0.001900, -0.013975, -0.999901, 0.098254, -0.999450, -0.033127, -0.001436, 0.006919, -0.033103, 0.999353, -0.014030, 0.003250, 0.000000, 0.000000, 0.000000, 1.000000
-9.9841, 12.2956, 9.8017, 122.3567, 191.3608, -3.2958, 247.2570, 98.2538, 6.9193, 3.2504, 0.576553, 0.812223, 0.088770, 0.012296, -0.813778, 0.580566, -0.026614, 0.009802, -0.073153, -0.056895, 0.995697, 0.122357, 0.000000, 0.000000, 0.000000, 1.000000, -0.073083, -0.056946, 0.995699, 0.191361, -0.576553, -0.812223, -0.088771, -0.003296, 0.813785, -0.580561, 0.026527, 0.247257, 0.000000, 0.000000, 0.000000, 1.000000, 0.001900, -0.013975, -0.999901, 0.098254, -0.999450, -0.033127, -0.001436, 0.006919, -0.033103, 0.999353, -0.014030, 0.003250, 0.000000, 0.000000, 0.000000, 1.000000
-9.9829, 12.2955, 9.8000, 122.3655, 191.3696, -3.2957, 247.2587, 98.2538, 6.9193, 3.2504, 0.576554, 0.812221, 0.088788, 0.012296, -0.813778, 0.580567, -0.026605, 0.009800, -0.073156, -0.056914, 0.995695, 0.122366, 0.000000, 0.000000, 0.000000, 1.000000, -0.073086, -0.056966, 0.995697, 0.191370, -0.576554, -0.812221, -0.088788, -0.003296, 0.813784, -0.580562, 0.026518, 0.247259, 0.000000, 0.000000, 0.000000, 1.000000, 0.001900, -0.013975, -0.999901, 0.098254, -0.999450, -0.033127, -0.001436, 0.006919, -0.033103, 0.999353, -0.014030, 0.003250, 0.000000, 0.000000, 0.000000, 1.000000
-9.9803, 12.2953, 9.7963, 122.3843, 191.3884, -3.2955, 247.2624, 98.2538, 6.9193, 3.2504, 0.576555, 0.812216, 0.088825, 0.012295, -0.813776, 0.580570, -0.026584, 0.009796, -0.073161, -0.056956, 0.995692, 0.122384, 0.000000, 0.000000, 0.000000, 1.000000, -0.073091, -0.057008, 0.995695, 0.191388, -0.576555, -0.812216, -0.088826, -0.003295, 0.813783, -0.580565, 0.026497, 0.247262, 0.000000, 0.000000, 0.000000, 1.000000, 0.001900, -0.013975, -0.999901, 0.098254, -0.999450, -0.033127, -0.001436, 0.006919, -0.033103, 0.999353, -0.014030, 0.003250, 0.000000, 0.000000, 0.000000, 1.000000
-9.9789, 12.2952, 9.7944, 122.3942, 191.3983, -3.2953, 247.2642, 98.2538, 6.9193, 3.2504, 0.576555, 0.812213, 0.088845, 0.012295, -0.813776, 0.580571, -0.026573, 0.009794, -0.073164, -0.056979, 0.995691, 0.122394, 0.000000, 0.000000, 0.000000, 1.000000, -0.073093, -0.057030, 0.995693, 0.191398, -0.576555, -0.812213, -0.088846, -0.003295, 0.813782, -0.580566, 0.026486, 0.247264, 0.000000, 0.000000, 0.000000, 1.000000, 0.001900, -0.013975, -0.999901, 0.098254, -0.999450, -0.033127, -0.001436, 0.006919, -0.033103, 0.999353, -0.014030, 0.003250, 0.000000, 0.000000, 0.000000, 1.000000
-9.9760, 12.2949, 9.7907, 122.4152, 191.4193, -3.2951, 247.2679, 98.2538, 6.9193, 3.2504, 0.576556, 0.812208, 0.088887, 0.012295, -0.813775, 0.580574, -0.026550, 0.009791, -0.073169, -0.057026, 0.995688, 0.122415, 0.000000, 0.000000, 0.000000, 1.000000, -0.073098, -0.057078, 0.995690, 0.191419, -0.576556, -0.812208, -0.088887, -0.003295, 0.813781, -0.580569, 0.026463, 0.247268, 0.000000, 0.000000, 0.000000, 1.000000, 0.001900, -0.013975, -0.999901, 0.098254, -0.999450, -0.033127, -0.001436, 0.006919, -0.033103, 0.999353, -0.014030, 0.003250, 0.000000, 0.000000, 0.000000, 1.000000
-9.9729, 12.2946, 9.7868, 122.4376, 191.4418, -3.2947, 247.2717, 98.2538, 6.9193, 3.2504, 0.576557, 0.812203, 0.088931, 0.012295, -0.813774, 0.580577, -0.026524, 0.009787, -0.073174, -0.057077, 0.995685, 0.122438, 0.000000, 0.000000, 0.000000, 1.000000, -0.073103, -0.057129, 0.995687, 0.191442, -0.576557, -0.812203, -0.088932, -0.003295, 0.813780, -0.580571, 0.026437, 0.247272, 0.000000, 0.000000, 0.000000, 1.000000, 0.001900, -0.013975, -0.999901, 0.098254, -0.999450, -0.033127, -0.001436, 0.006919, -0.033103, 0.999353, -0.014030, 0.003250, 0.000000, 0.000000, 0.000000, 1.000000
-9.9713, 12.2944, 9.7849, 122.4494, 191.4535, -3.2946, 247.2736, 98.2538, 6.9193, 3.2504, 0.576558, 0.812200, 0.088954, 0.012294, -0.813773, 0.580578, -0.026510, 0.009785, -0.073176, -0.057103, 0.995683, 0.122449, 0.000000, 0.000000, 0.000000, 1.000000, -0.073105, -0.057155, 0.995685, 0.191454, -0.576558, -0.812200, -0.088955, -0.003295, 0.813779, -0.580573, 0.026423, 0.247274, 0.000000, 0.000000, 0.000000, 1.000000, 0.001900, -0.013975, -0.999901, 0.098254, -0.999450, -0.033127, -0.001436, 0.006919, -0.033103, 0.999353, -0.014030, 0.003250, 0.000000, 0.000000, 0.000000, 1.000000
-9.9680, 12.2940, 9.7811, 122.4739, 191.4781, -3.2942, 247.2775, 98.2538, 6.9193, 3.2504, 0.576559, 0.812194, 0.089001, 0.012294, -0.813772, 0.580581, -0.026481, 0.009781, -0.073181, -0.057159, 0.995679, 0.122474, 0.000000, 0.000000, 0.000000, 1.000000, -0.073109, -0.057211, 0.995682, 0.191478, -0.576558, -0.812194, -0.089002, -0.003294, 0.813778, -0.580576, 0.026394, 0.247277, 0.000000, 0.000000, 0.000000, 1.000000, 0.001900, -0.013975, -0.999901, 0.098254, -0.999450, -0.033127, -0.001436, 0.006919, -0.033103, 0.999353, -0.014030, 0.003250, 0.000000, 0.000000, 0.000000, 1.000000
-9.9662, 12.2938, 9.7791, 122.4867, 191.4908, -3.2940, 247.2794, 98.2538, 6.9193, 3.2504, 0.576559, 0.812191, 0.089026, 0.012294, -0.813772, 0.580582, -0.026466, 0.009779, -0.073182, -0.057188, 0.995678, 0.122487, 0.000000, 0.000000, 0.000000, 1.000000, -0.073111, -0.057240, 0.995680, 0.191491, -0.576559, -0.812191, -0.089027, -0.003294, 0.813778, -0.580577, 0.026378, 0.247279, 0.000000, 0.000000, 0.000000, 1.000000, 0.001900, -0.013975, -0.999901, 0.098254, -0.999450, -0.033127, -0.001436, 0.006919, -0.033103, 0.999353, -0.014030, 0.003250, 0.000000, 0.000000, 0.000000, 1.000000
-9.9627, 12.2934, 9.7752, 122.5131, 191.5173, -3.2935, 247.2832, 98.2538, 6.9193, 3.2504, 0.576560, 0.812185, 0.089077, 0.012293, -0.813771, 0.580585, -0.026434, 0.009775, -0.073186, -0.057248, 0.995674, 0.122513, 0.000000, 0.000000, 0.000000, 1.000000, -0.073115, -0.057300, 0.995676, 0.191517, -0.576560, -0.812185, -0.089078, -0.003294, 0.813777, -0.580580, 0.026346, 0.247283, 0.000000, 0.000000, 0.000000, 1.000000, 0.001900, -0.013975, -0.999901, 0.098254, -0.999450, -0.033127, -0.001436, 0.006919, -0.033103, 0.999353, -0.014030, 0.003250, 0.000000, 0.000000, 0.000000, 1.000000
-9.9608, 12.2931, 9.7733, 122.5267, 191.5309, -3.2933, 247.2851, 98.2538, 6.9193, 3.2504, 0.576560, 0.812182, 0.089103, 0.012293, -0.813770, 0.580586, -0.026417, 0.009773, -0.073188, -0.057279, 0.995672, 0.122527, 0.000000, 0.000000, 0.000000, 1.000000, -0.073116, -0.057331, 0.995674, 0.191531, -0.576560, -0.812182, -0.089104, -0.003293, 0.813777, -0.580581, 0.026329, 0.247285, 0.000000, 0.000000, 0.000000, 1.000000, 0.001900, -0.013975, -0.999901, 0.098254, -0.999450, -0.033127, -0.001436, 0.006919, -0.033103, 0.999353, -0.014030, 0.003250, 0.000000, 0.000000, 0.000000, 1.000000
-9.9570, 12.2926, 9.7695, 122.5549, 191.5591, -3.2928, 247.2890, 98.2538, 6.9193, 3.2504, 0.576561, 0.812175, 0.089157, 0.012293, -0.813770, 0.580589, -0.026382, 0.009769, -0.073190, -0.057343, 0.995668, 0.122555, 0.000000, 0.000000, 0.000000, 1.000000, -0.073119, -0.057395, 0.995670, 0.191559, -0.576561, -0.812175, -0.089158, -0.003293, 0.813776, -0.580584, 0.026294, 0.247289, 0.000000, 0.000000, 0.000000, 1.000000, 0.001900, -0.013975, -0.999901, 0.098254, -0.999450, -0.033127, -0.001436, 0.006919, -0.033103, 0.999353, -0.014030, 0.003250, 0.000000, 0.000000, 0.000000, 1.000000
-9.9551, 12.2924, 9.7676, 122.5693, 191.5735, -3.2925, 247.2909, 98.2538, 6.9193, 3.2504, 0.576561, 0.812172, 0.089185, 0.012292, -0.813769, 0.580590, -0.026364, 0.009768, -0.073192, -0.057375, 0.995666, 0.122569, 0.000000, 0.000000, 0.000000, 1.000000, -0.073120, -0.057428, 0.995668, 0.191574, -0.576561, -0.812172, -0.089186, -0.003293, 0.813776, -0.580585, 0.026276, 0.247291, 0.000000, 0.000000, 0.000000, 1.000000, 0.001900, -0.013975, -0.999901, 0.098254, -0.999450, -0.033127, -0.001436, 0.006919, -0.033103, 0.999353, -0.014030, 0.003250, 0.000000, 0.000000, 0.000000, 1.000000
-9.9491, 12.2915, 9.7619, 122.6141, 191.6183, -3.2917, 247.2965, 98.2538, 6.9193, 3.2504, 0.576562, 0.812162, 0.089270, 0.012292, -0.813768, 0.580594, -0.026307, 0.009762, -0.073195, -0.057478, 0.995660, 0.122614, 0.000000, 0.000000, 0.000000, 1.000000, -0.073123, -0.057530, 0.995662, 0.191618, -0.576562, -0.812162, -0.089271, -0.003292, 0.813775, -0.580589, 0.026218, 0.247297, 0.000000, 0.000000, 0.000000, 1.000000, 0.001900, -0.013975, -0.999901, 0.098254, -0.999450, -0.033127, -0.001436, 0.006919, -0.033103, 0.999353, -0.014030, 0.003250, 0.000000, 0.000000, 0.000000, 1.000000
-9.9491, 12.2915, 9.7619, 122.6141, 191.6183, -3.2917, 247.2965, 98.2538, 6.9193, 3.2504, 0.576562, 0.812162, 0.089270, 0.012292, -0.813768, 0.580594, -0.026307, 0.009762, -0.073195, -0.057478, 0.995660, 0.122614, 0.000000, 0.000000, 0.000000, 1.000000, -0.073123, -0.057530, 0.995662, 0.191618, -0.576562, -0.812162, -0.089271, -0.003292, 0.813775, -0.580589, 0.026218, 0.247297, 0.000000, 0.000000, 0.000000, 1.000000, 0.001900, -0.013975, -0.999901, 0.098254, -0.999450, -0.033127, -0.001436, 0.006919, -0.033103, 0.999353, -0.014030, 0.003250, 0.000000, 0.000000, 0.000000, 1.000000
-9.9408, 12.2903, 9.7545, 122.6766, 191.6808, -3.2904, 247.3039, 98.2538, 6.9193, 3.2504, 0.576563, 0.812149, 0.089388, 0.012290, -0.813768, 0.580598, -0.026226, 0.009754, -0.073197, -0.057620, 0.995652, 0.122677, 0.000000, 0.000000, 0.000000, 1.000000, -0.073126, -0.057672, 0.995654, 0.191681, -0.576563, -0.812149, -0.089389, -0.003290, 0.813774, -0.580593, 0.026137, 0.247304, 0.000000, 0.000000, 0.000000, 1.000000, 0.001900, -0.013975, -0.999901, 0.098254, -0.999450, -0.033127, -0.001436, 0.006919, -0.033103, 0.999353, -0.014030, 0.003250, 0.000000, 0.000000, 0.000000, 1.000000
-9.9386, 12.2900, 9.7527, 122.6925, 191.6967, -3.2901, 247.3057, 98.2538, 6.9193, 3.2504, 0.576563, 0.812145, 0.089418, 0.012290, -0.813767, 0.580600, -0.026205, 0.009753, -0.073198, -0.057656, 0.995649, 0.122692, 0.000000, 0.000000, 0.000000, 1.000000, -0.073126, -0.057709, 0.995652, 0.191697, -0.576563, -0.812145, -0.089418, -0.003290, 0.813774, -0.580594, 0.026116, 0.247306, 0.000000, 0.000000, 0.000000, 1.000000, 0.001900, -0.013975, -0.999901, 0.098254, -0.999450, -0.033127, -0.001436, 0.006919, -0.033103, 0.999353, -0.014030, 0.003250, 0.000000, 0.000000, 0.000000, 1.000000
-9.9344, 12.2893, 9.7492, 122.7246, 191.7288, -3.2895, 247.3092, 98.2538, 6.9193, 3.2504, 0.576563, 0.812138, 0.089478, 0.012289, -0.813767, 0.580602, -0.026162, 0.009749, -0.073198, -0.057730, 0.995645, 0.122725, 0.000000, 0.000000, 0.000000, 1.000000, -0.073126, -0.057782, 0.995647, 0.191729, -0.576563, -0.812138, -0.089479, -0.003289, 0.813774, -0.580597, 0.026074, 0.247309, 0.000000, 0.000000, 0.000000, 1.000000, 0.001900, -0.013975, -0.999901, 0.098254, -0.999450, -0.033127, -0.001436, 0.006919, -0.033103, 0.999353, -0.014030, 0.003250, 0.000000, 0.000000, 0.000000, 1.000000
-9.9301, 12.2887, 9.7457, 122.7570, 191.7612, -3.2888, 247.3126, 98.2538, 6.9193, 3.2504, 0.576563, 0.812132, 0.089538, 0.012289, -0.813767, 0.580604, -0.026119, 0.009746, -0.073198, -0.057804, 0.995641, 0.122757, 0.000000, 0.000000, 0.000000, 1.000000, -0.073126, -0.057857, 0.995643, 0.191761, -0.576563, -0.812132, -0.089539, -0.003289, 0.813774, -0.580599, 0.026030, 0.247313, 0.000000, 0.000000, 0.000000, 1.000000, 0.001900, -0.013975, -0.999901, 0.098254, -0.999450, -0.033127, -0.001436, 0.006919, -0.033103, 0.999353, -0.014030, 0.003250, 0.000000, 0.000000, 0.000000, 1.000000
-9.9301, 12.2887, 9.7457, 122.7570, 191.7612, -3.2888, 247.3126, 98.2538, 6.9193, 3.2504, 0.576563, 0.812132, 0.089538, 0.012289, -0.813767, 0.580604, -0.026119, 0.009746, -0.073198, -0.057804, 0.995641, 0.122757, 0.000000, 0.000000, 0.000000, 1.000000, -0.073126, -0.057857, 0.995643, 0.191761, -0.576563, -0.812132, -0.089539, -0.003289, 0.813774, -0.580599, 0.026030, 0.247313, 0.000000, 0.000000, 0.000000, 1.000000, 0.001900, -0.013975, -0.999901, 0.098254, -0.999450, -0.033127, -0.001436, 0.006919, -0.033103, 0.999353, -0.014030, 0.003250, 0.000000, 0.000000, 0.000000, 1.000000
-9.9236, 12.2876, 9.7407, 122.8059, 191.8101, -3.2878, 247.3176, 98.2538, 6.9193, 3.2504, 0.576563, 0.812121, 0.089630, 0.012288, -0.813767, 0.580607, -0.026053, 0.009741, -0.073198, -0.057916, 0.995634, 0.122806, 0.000000, 0.000000, 0.000000, 1.000000, -0.073126, -0.057969, 0.995637, 0.191810, -0.576563, -0.812121, -0.089631, -0.003288, 0.813774, -0.580602, 0.025964, 0.247318, 0.000000, 0.000000, 0.000000, 1.000000, 0.001900, -0.013975, -0.999901, 0.098254, -0.999450, -0.033127, -0.001436, 0.006919, -0.033103, 0.999353, -0.014030, 0.003250, 0.000000, 0.000000, 0.000000, 1.000000
-9.9215, 12.2873, 9.7391, 122.8223, 191.8265, -3.2874, 247.3193, 98.2538, 6.9193, 3.2504, 0.576563, 0.812118, 0.089660, 0.012287, -0.813767, 0.580608, -0.026031, 0.009739, -0.073198, -0.057954, 0.995632, 0.122822, 0.000000, 0.000000, 0.000000, 1.000000, -0.073126, -0.058006, 0.995634, 0.191827, -0.576563, -0.812118, -0.089661, -0.003287, 0.813774, -0.580603, 0.025942, 0.247319, 0.000000, 0.000000, 0.000000, 1.000000, 0.001900, -0.013975, -0.999901, 0.098254, -0.999450, -0.033127, -0.001436, 0.006919, -0.033103, 0.999353, -0.014030, 0.003250, 0.000000, 0.000000, 0.000000, 1.000000
-9.9172, 12.2866, 9.7359, 122.8552, 191.8594, -3.2867, 247.3225, 98.2538, 6.9193, 3.2504, 0.576563, 0.812111, 0.089721, 0.012287, -0.813767, 0.580610, -0.025986, 0.009736, -0.073197, -0.058030, 0.995628, 0.122855, 0.000000, 0.000000, 0.000000, 1.000000, -0.073125, -0.058082, 0.995630, 0.191859, -0.576563, -0.812111, -0.089722, -0.003287, 0.813774, -0.580605, 0.025898, 0.247322, 0.000000, 0.000000, 0.000000, 1.000000, 0.001900, -0.013975, -0.999901, 0.098254, -0.999450, -0.033127, -0.001436, 0.006919, -0.033103, 0.999353, -0.014030, 0.003250, 0.000000, 0.000000, 0.000000, 1.000000
-9.9150, 12.2862, 9.7343, 122.8717, 191.8759, -3.2864, 247.3240, 98.2538, 6.9193, 3.2504, 0.576563, 0.812108, 0.089752, 0.012286, -0.813767, 0.580611, -0.025964, 0.009734, -0.073196, -0.058067, 0.995626, 0.122872, 0.000000, 0.000000, 0.000000, 1.000000, -0.073124, -0.058120, 0.995628, 0.191876, -0.576563, -0.812108, -0.089753, -0.003286, 0.813774, -0.580605, 0.025875, 0.247324, 0.000000, 0.000000, 0.000000, 1.000000, 0.001900, -0.013975, -0.999901, 0.098254, -0.999450, -0.033127, -0.001436, 0.006919, -0.033103, 0.999353, -0.014030, 0.003250, 0.000000, 0.000000, 0.000000, 1.000000
-9.9107, 12.2855, 9.7312, 122.9046, 191.9088, -3.2857, 247.3271, 98.2538, 6.9193, 3.2504, 0.576563, 0.812101, 0.089813, 0.012286, -0.813767, 0.580612, -0.025919, 0.009731, -0.073195, -0.058143, 0.995621, 0.122905, 0.000000, 0.000000, 0.000000, 1.000000, -0.073123, -0.058195, 0.995624, 0.191909, -0.576563, -0.812101, -0.089814, -0.003286, 0.813774, -0.580607, 0.025830, 0.247327, 0.000000, 0.000000, 0.000000, 1.000000, 0.001900, -0.013975, -0.999901, 0.098254, -0.999450, -0.033127, -0.001436, 0.006919, -0.033103, 0.999353, -0.014030, 0.003250, 0.000000, 0.000000, 0.000000, 1.000000
-9.9085, 12.2851, 9.7297, 122.9211, 191.9253, -3.2853, 247.3286, 98.2538, 6.9193, 3.2504, 0.576563, 0.812098, 0.089843, 0.012285, -0.813768, 0.580613, -0.025896, 0.009730, -0.073194, -0.058181, 0.995619, 0.122921, 0.000000, 0.000000, 0.000000, 1.000000, -0.073123, -0.058233, 0.995621, 0.191925, -0.576563, -0.812098, -0.089844, -0.003285, 0.813774, -0.580608, 0.025808, 0.247329, 0.000000, 0.000000, 0.000000, 1.000000, 0.001900, -0.013975, -0.999901, 0.098254, -0.999450, -0.033127, -0.001436, 0.006919, -0.033103, 0.999353, -0.014030, 0.003250, 0.000000, 0.000000, 0.000000, 1.000000
-9.9042, 12.2844, 9.7267, 122.9540, 191.9582, -3.2846, 247.3316, 98.2538, 6.9193, 3.2504, 0.576563, 0.812091, 0.089904, 0.012284, -0.813768, 0.580615, -0.025851, 0.009727, -0.073193, -0.058257, 0.995615, 0.122954, 0.000000, 0.000000, 0.000000, 1.000000, -0.073121, -0.058309, 0.995617, 0.191958, -0.576563, -0.812091, -0.089905, -0.003285, 0.813774, -0.580610, 0.025762, 0.247332, 0.000000, 0.000000, 0.000000, 1.000000, 0.001900, -0.013975, -0.999901, 0.098254, -0.999450, -0.033127, -0.001436, 0.006919, -0.033103, 0.999353, -0.014030, 0.003250, 0.000000, 0.000000, 0.000000, 1.000000
-9.8999, 12.2837, 9.7238, 122.9867, 191.9909, -3.2838, 247.3346, 98.2538, 6.9193, 3.2504, 0.576563, 0.812085, 0.089965, 0.012284, -0.813768, 0.580616, -0.025806, 0.009724, -0.073191, -0.058332, 0.995611, 0.122987, 0.000000, 0.000000, 0.000000, 1.000000, -0.073120, -0.058384, 0.995613, 0.191991, -0.576562, -0.812085, -0.089966, -0.003284, 0.813775, -0.580611, 0.025717, 0.247335, 0.000000, 0.000000, 0.000000, 1.000000, 0.001900, -0.013975, -0.999901, 0.098254, -0.999450, -0.033127, -0.001436, 0.006919, -0.033103, 0.999353, -0.014030, 0.003250, 0.000000, 0.000000, 0.000000, 1.000000
-9.8978, 12.2833, 9.7223, 123.0031, 192.0073, -3.2835, 247.3360, 98.2538, 6.9193, 3.2504, 0.576562, 0.812082, 0.089995, 0.012283, -0.813768, 0.580617, -0.025783, 0.009722, -0.073191, -0.058370, 0.995608, 0.123003, 0.000000, 0.000000, 0.000000, 1.000000, -0.073119, -0.058422, 0.995611, 0.192007, -0.576562, -0.812082, -0.089996, -0.003283, 0.813775, -0.580612, 0.025695, 0.247336, 0.000000, 0.000000, 0.000000, 1.000000, 0.001900, -0.013975, -0.999901, 0.098254, -0.999450, -0.033127, -0.001436, 0.006919, -0.033103, 0.999353, -0.014030, 0.003250, 0.000000, 0.000000, 0.000000, 1.000000
-9.8935, 12.2826, 9.7195, 123.0357, 192.0399, -3.2828, 247.3389, 98.2538, 6.9193, 3.2504, 0.576562, 0.812075, 0.090055, 0.012283, -0.813769, 0.580619, -0.025738, 0.009719, -0.073189, -0.058445, 0.995604, 0.123036, 0.000000, 0.000000, 0.000000, 1.000000, -0.073117, -0.058497, 0.995606, 0.192040, -0.576562, -0.812075, -0.090056, -0.003283, 0.813775, -0.580613, 0.025650, 0.247339, 0.000000, 0.000000, 0.000000, 1.000000, 0.001900, -0.013975, -0.999901, 0.098254, -0.999450, -0.033127, -0.001436, 0.006919, -0.033103, 0.999353, -0.014030, 0.003250, 0.000000, 0.000000, 0.000000, 1.000000
-9.8914, 12.2823, 9.7180, 123.0519, 192.0561, -3.2824, 247.3403, 98.2538, 6.9193, 3.2504, 0.576562, 0.812072, 0.090085, 0.012282, -0.813769, 0.580619, -0.025715, 0.009718, -0.073188, -0.058482, 0.995602, 0.123052, 0.000000, 0.000000, 0.000000, 1.000000, -0.073116, -0.058534, 0.995604, 0.192056, -0.576562, -0.812072, -0.090086, -0.003282, 0.813775, -0.580614, 0.025627, 0.247340, 0.000000, 0.000000, 0.000000, 1.000000, 0.001900, -0.013975, -0.999901, 0.098254, -0.999450, -0.033127, -0.001436, 0.006919, -0.033103, 0.999353, -0.014030, 0.003250, 0.000000, 0.000000, 0.000000, 1.000000
-9.8871, 12.2815, 9.7152, 123.0843, 192.0885, -3.2817, 247.3432, 98.2538, 6.9193, 3.2504, 0.576562, 0.812066, 0.090145, 0.012282, -0.813769, 0.580621, -0.025670, 0.009715, -0.073186, -0.058557, 0.995598, 0.123084, 0.000000, 0.000000, 0.000000, 1.000000, -0.073114, -0.058609, 0.995600, 0.192088, -0.576561, -0.812066, -0.090146, -0.003282, 0.813776, -0.580616, 0.025582, 0.247343, 0.000000, 0.000000, 0.000000, 1.000000, 0.001900, -0.013975, -0.999901, 0.098254, -0.999450, -0.033127, -0.001436, 0.006919, -0.033103, 0.999353, -0.014030, 0.003250, 0.000000, 0.000000, 0.000000, 1.000000
-9.8850, 12.2812, 9.7138, 123.1004, 192.1046, -3.2813, 247.3446, 98.2538, 6.9193, 3.2504, 0.576561, 0.812063, 0.090175, 0.012281, -0.813770, 0.580621, -0.025648, 0.009714, -0.073185, -0.058594, 0.995596, 0.123100, 0.000000, 0.000000, 0.000000, 1.000000, -0.073114, -0.058646, 0.995598, 0.192105, -0.576561, -0.812062, -0.090176, -0.003281, 0.813776, -0.580616, 0.025560, 0.247345, 0.000000, 0.000000, 0.000000, 1.000000, 0.001900, -0.013975, -0.999901, 0.098254, -0.999450, -0.033127, -0.001436, 0.006919, -0.033103, 0.999353, -0.014030, 0.003250, 0.000000, 0.000000, 0.000000, 1.000000
-9.8808, 12.2804, 9.7111, 123.1326, 192.1367, -3.2806, 247.3473, 98.2538, 6.9193, 3.2504, 0.576561, 0.812056, 0.090234, 0.012280, -0.813770, 0.580623, -0.025603, 0.009711, -0.073183, -0.058668, 0.995591, 0.123133, 0.000000, 0.000000, 0.000000, 1.000000, -0.073112, -0.058720, 0.995594, 0.192137, -0.576561, -0.812056, -0.090235, -0.003281, 0.813777, -0.580618, 0.025515, 0.247347, 0.000000, 0.000000, 0.000000, 1.000000, 0.001900, -0.013975, -0.999901, 0.098254, -0.999450, -0.033127, -0.001436, 0.006919, -0.033103, 0.999353, -0.014030, 0.003250, 0.000000, 0.000000, 0.000000, 1.000000
-9.8746, 12.2794, 9.7070, 123.1803, 192.1845, -3.2795, 247.3515, 98.2538, 6.9193, 3.2504, 0.576560, 0.812047, 0.090322, 0.012279, -0.813771, 0.580625, -0.025537, 0.009707, -0.073180, -0.058778, 0.995585, 0.123180, 0.000000, 0.000000, 0.000000, 1.000000, -0.073109, -0.058830, 0.995587, 0.192184, -0.576560, -0.812047, -0.090323, -0.003280, 0.813777, -0.580620, 0.025449, 0.247351, 0.000000, 0.000000, 0.000000, 1.000000, 0.001900, -0.013975, -0.999901, 0.098254, -0.999450, -0.033127, -0.001436, 0.006919, -0.033103, 0.999353, -0.014030, 0.003250, 0.000000, 0.000000, 0.000000, 1.000000
-9.8725, 12.2790, 9.7056, 123.1960, 192.2002, -3.2792, 247.3528, 98.2538, 6.9193, 3.2504, 0.576560, 0.812044, 0.090351, 0.012279, -0.813771, 0.580625, -0.025515, 0.009706, -0.073179, -0.058814, 0.995583, 0.123196, 0.000000, 0.000000, 0.000000, 1.000000, -0.073108, -0.058866, 0.995585, 0.192200, -0.576560, -0.812044, -0.090352, -0.003279, 0.813777, -0.580620, 0.025427, 0.247353, 0.000000, 0.000000, 0.000000, 1.000000, 0.001900, -0.013975, -0.999901, 0.098254, -0.999450, -0.033127, -0.001436, 0.006919, -0.033103, 0.999353, -0.014030, 0.003250, 0.000000, 0.000000, 0.000000, 1.000000
-9.8685, 12.2779, 9.7049, 123.2284, 192.2326, -3.2781, 247.3536, 98.2538, 6.9193, 3.2504, 0.576558, 0.812039, 0.090408, 0.012278, -0.813773, 0.580625, -0.025464, 0.009705, -0.073170, -0.058890, 0.995579, 0.123228, 0.000000, 0.000000, 0.000000, 1.000000, -0.073099, -0.058942, 0.995581, 0.192233, -0.576558, -0.812039, -0.090409, -0.003278, 0.813780, -0.580619, 0.025376, 0.247354, 0.000000, 0.000000, 0.000000, 1.000000, 0.001900, -0.013975, -0.999901, 0.098254, -0.999450, -0.033127, -0.001436, 0.006919, -0.033103, 0.999353, -0.014030, 0.003250, 0.000000, 0.000000, 0.000000, 1.000000
-9.8664, 12.2768, 9.7074, 123.2462, 192.2504, -3.2769, 247.3510, 98.2538, 6.9193, 3.2504, 0.576555, 0.812038, 0.090434, 0.012277, -0.813777, 0.580621, -0.025427, 0.009707, -0.073155, -0.058934, 0.995578, 0.123246, 0.000000, 0.000000, 0.000000, 1.000000, -0.073084, -0.058986, 0.995580, 0.192250, -0.576555, -0.812038, -0.090435, -0.003277, 0.813783, -0.580616, 0.025339, 0.247351, 0.000000, 0.000000, 0.000000, 1.000000, 0.001900, -0.013975, -0.999901, 0.098254, -0.999450, -0.033127, -0.001436, 0.006919, -0.033103, 0.999353, -0.014030, 0.003250, 0.000000, 0.000000, 0.000000, 1.000000
-9.8625, 12.2746, 9.7119, 123.2813, 192.2855, -3.2747, 247.3464, 98.2538, 6.9193, 3.2504, 0.576550, 0.812036, 0.090488, 0.012275, -0.813783, 0.580615, -0.025355, 0.009712, -0.073128, -0.059019, 0.995575, 0.123281, 0.000000, 0.000000, 0.000000, 1.000000, -0.073056, -0.059071, 0.995577, 0.192285, -0.576549, -0.812036, -0.090489, -0.003275, 0.813790, -0.580610, 0.025266, 0.247346, 0.000000, 0.000000, 0.000000, 1.000000, 0.001900, -0.013975, -0.999901, 0.098254, -0.999450, -0.033127, -0.001436, 0.006919, -0.033103, 0.999353, -0.014030, 0.003250, 0.000000, 0.000000, 0.000000, 1.000000
-9.8585, 12.2726, 9.7156, 123.3155, 192.3197, -3.2727, 247.3427, 98.2538, 6.9193, 3.2504, 0.576544, 0.812034, 0.090541, 0.012273, -0.813789, 0.580610, -0.025287, 0.009716, -0.073103, -0.059102, 0.995572, 0.123316, 0.000000, 0.000000, 0.000000, 1.000000, -0.073031, -0.059155, 0.995574, 0.192320, -0.576544, -0.812034, -0.090542, -0.003273, 0.813796, -0.580605, 0.025198, 0.247343, 0.000000, 0.000000, 0.000000, 1.000000, 0.001900, -0.013975, -0.999901, 0.098254, -0.999450, -0.033127, -0.001436, 0.006919, -0.033103, 0.999353, -0.014030, 0.003250, 0.000000, 0.000000, 0.000000, 1.000000
