# Joint_5_Angle(deg), Cam_X(mm), Cam_Y(mm), Cam_Z(mm), Torso_X(mm), Torso_Y(mm), Torso_Z(mm), EE_X(mm), EE_Y(mm), EE_Z(mm), T_cam2marker_flat(16), T_torso2marker_flat(16), T_ee2marker_flat(16)
-30.0003, 54.1228, 42.5321, 139.9345, 161.9267, -54.1231, 157.5161, 157.3671, 44.7178, 30.6408, 0.553875, 0.812422, -0.182190, 0.054123, -0.828566, 0.516320, -0.216546, 0.042532, -0.081858, 0.270896, 0.959122, 0.139934, 0.000000, 0.000000, 0.000000, 1.000000, -0.081710, 0.270802, 0.959161, 0.161927, -0.553875, -0.812422, 0.182189, -0.054123, 0.828581, -0.516368, 0.216373, 0.157516, 0.000000, 0.000000, 0.000000, 1.000000, 0.002709, -0.013961, -0.999899, 0.157367, -0.999449, -0.033127, -0.002245, 0.044718, -0.033092, 0.999354, -0.014043, 0.030641, 0.000000, 0.000000, 0.000000, 1.000000
-30.0003, 54.1230, 42.5303, 139.9336, 161.9258, -54.1233, 157.5179, 157.3674, 44.7174, 30.6406, 0.553876, 0.812421, -0.182189, 0.054123, -0.828565, 0.516319, -0.216553, 0.042530, -0.081864, 0.270899, 0.959120, 0.139934, 0.000000, 0.000000, 0.000000, 1.000000, -0.081716, 0.270804, 0.959160, 0.161926, -0.553876, -0.812422, 0.182187, -0.054123, 0.828580, -0.516368, 0.216380, 0.157518, 0.000000, 0.000000, 0.000000, 1.000000, 0.002709, -0.013961, -0.999899, 0.157367, -0.999449, -0.033127, -0.002245, 0.044717, -0.033092, 0.999354, -0.014043, 0.030641, 0.000000, 0.000000, 0.000000, 1.000000
-30.0002, 54.1231, 42.5293, 139.9332, 161.9254, -54.1234, 157.5189, 157.3676, 44.7172, 30.6405, 0.553877, 0.812421, -0.182188, 0.054123, -0.828564, 0.516319, -0.216556, 0.042529, -0.081867, 0.270900, 0.959120, 0.139933, 0.000000, 0.000000, 0.000000, 1.000000, -0.081719, 0.270805, 0.959159, 0.161925, -0.553876, -0.812422, 0.182187, -0.054123, 0.828579, -0.516368, 0.216383, 0.157519, 0.000000, 0.000000, 0.000000, 1.000000, 0.002709, -0.013961, -0.999899, 0.157368, -0.999449, -0.033127, -0.002245, 0.044717, -0.033092, 0.999354, -0.014043, 0.030641, 0.000000, 0.000000, 0.000000, 1.000000
-30.0002, 54.1233, 42.5275, 139.9323, 161.9245, -54.1235, 157.5207, 157.3679, 44.7168, 30.6403, 0.553878, 0.812421, -0.182187, 0.054123, -0.828563, 0.516318, -0.216562, 0.042527, -0.081873, 0.270902, 0.959119, 0.139932, 0.000000, 0.000000, 0.000000, 1.000000, -0.081725, 0.270808, 0.959158, 0.161925, -0.553878, -0.812421, 0.182185, -0.054124, 0.828578, -0.516367, 0.216389, 0.157521, 0.000000, 0.000000, 0.000000, 1.000000, 0.002709, -0.013961, -0.999899, 0.157368, -0.999449, -0.033127, -0.002245, 0.044717, -0.033092, 0.999354, -0.014043, 0.030640, 0.000000, 0.000000, 0.000000, 1.000000
-30.0001, 54.1235, 42.5256, 139.9315, 161.9237, -54.1237, 157.5225, 157.3682, 44.7165, 30.6402, 0.553879, 0.812420, -0.182185, 0.054123, -0.828561, 0.516318, -0.216569, 0.042526, -0.081879, 0.270904, 0.959118, 0.139931, 0.000000, 0.000000, 0.000000, 1.000000, -0.081730, 0.270810, 0.959157, 0.161924, -0.553879, -0.812421, 0.182184, -0.054124, 0.828576, -0.516367, 0.216395, 0.157522, 0.000000, 0.000000, 0.000000, 1.000000, 0.002709, -0.013961, -0.999899, 0.157368, -0.999449, -0.033127, -0.002245, 0.044716, -0.033092, 0.999354, -0.014043, 0.030640, 0.000000, 0.000000, 0.000000, 1.000000
-30.0000, 54.1235, 42.5247, 139.9311, 161.9233, -54.1238, 157.5233, 157.3683, 44.7163, 30.6401, 0.553879, 0.812420, -0.182184, 0.054124, -0.828561, 0.516318, -0.216572, 0.042525, -0.081882, 0.270905, 0.959117, 0.139931, 0.000000, 0.000000, 0.000000, 1.000000, -0.081733, 0.270810, 0.959157, 0.161923, -0.553879, -0.812421, 0.182183, -0.054124, 0.828576, -0.516367, 0.216398, 0.157523, 0.000000, 0.000000, 0.000000, 1.000000, 0.002709, -0.013961, -0.999899, 0.157368, -0.999449, -0.033127, -0.002245, 0.044716, -0.033092, 0.999354, -0.014043, 0.030640, 0.000000, 0.000000, 0.000000, 1.000000
-29.9999, 54.1236, 42.5230, 139.9303, 161.9225, -54.1239, 157.5251, 157.3686, 44.7159, 30.6400, 0.553881, 0.812420, -0.182183, 0.054124, -0.828559, 0.516317, -0.216578, 0.042523, -0.081888, 0.270907, 0.959116, 0.139930, 0.000000, 0.000000, 0.000000, 1.000000, -0.081739, 0.270812, 0.959156, 0.161923, -0.553880, -0.812420, 0.182181, -0.054124, 0.828574, -0.516366, 0.216404, 0.157525, 0.000000, 0.000000, 0.000000, 1.000000, 0.002709, -0.013961, -0.999899, 0.157369, -0.999449, -0.033127, -0.002245, 0.044716, -0.033092, 0.999354, -0.014043, 0.030640, 0.000000, 0.000000, 0.000000, 1.000000
-29.9999, 54.1237, 42.5221, 139.9300, 161.9222, -54.1239, 157.5259, 157.3687, 44.7158, 30.6400, 0.553881, 0.812420, -0.182182, 0.054124, -0.828559, 0.516317, -0.216580, 0.042522, -0.081891, 0.270908, 0.959116, 0.139930, 0.000000, 0.000000, 0.000000, 1.000000, -0.081741, 0.270813, 0.959155, 0.161922, -0.553881, -0.812420, 0.182180, -0.054124, 0.828574, -0.516366, 0.216406, 0.157526, 0.000000, 0.000000, 0.000000, 1.000000, 0.002709, -0.013961, -0.999899, 0.157369, -0.999449, -0.033127, -0.002245, 0.044716, -0.033092, 0.999354, -0.014043, 0.030640, 0.000000, 0.000000, 0.000000, 1.000000
-29.9998, 54.1237, 42.5204, 139.9293, 161.9215, -54.1240, 157.5276, 157.3689, 44.7154, 30.6399, 0.553882, 0.812419, -0.182179, 0.054124, -0.828558, 0.516317, -0.216585, 0.042520, -0.081896, 0.270909, 0.959115, 0.139929, 0.000000, 0.000000, 0.000000, 1.000000, -0.081746, 0.270814, 0.959155, 0.161922, -0.553882, -0.812420, 0.182178, -0.054124, 0.828572, -0.516366, 0.216411, 0.157528, 0.000000, 0.000000, 0.000000, 1.000000, 0.002709, -0.013961, -0.999899, 0.157369, -0.999449, -0.033127, -0.002245, 0.044715, -0.033092, 0.999354, -0.014043, 0.030640, 0.000000, 0.000000, 0.000000, 1.000000
-29.9998, 54.1237, 42.5204, 139.9293, 161.9215, -54.1240, 157.5276, 157.3689, 44.7154, 30.6399, 0.553882, 0.812419, -0.182179, 0.054124, -0.828558, 0.516317, -0.216585, 0.042520, -0.081896, 0.270909, 0.959115, 0.139929, 0.000000, 0.000000, 0.000000, 1.000000, -0.081746, 0.270814, 0.959155, 0.161922, -0.553882, -0.812420, 0.182178, -0.054124, 0.828572, -0.516366, 0.216411, 0.157528, 0.000000, 0.000000, 0.000000, 1.000000, 0.002709, -0.013961, -0.999899, 0.157369, -0.999449, -0.033127, -0.002245, 0.044715, -0.033092, 0.999354, -0.014043, 0.030640, 0.000000, 0.000000, 0.000000, 1.000000
-29.9994, 54.1235, 42.5180, 139.9286, 161.9208, -54.1238, 157.5300, 157.3692, 44.7150, 30.6399, 0.553884, 0.812419, -0.182175, 0.054124, -0.828556, 0.516317, -0.216591, 0.042518, -0.081903, 0.270908, 0.959115, 0.139929, 0.000000, 0.000000, 0.000000, 1.000000, -0.081753, 0.270813, 0.959154, 0.161921, -0.553883, -0.812420, 0.182173, -0.054124, 0.828571, -0.516367, 0.216416, 0.157530, 0.000000, 0.000000, 0.000000, 1.000000, 0.002709, -0.013961, -0.999899, 0.157369, -0.999449, -0.033127, -0.002245, 0.044715, -0.033092, 0.999354, -0.014043, 0.030640, 0.000000, 0.000000, 0.000000, 1.000000
-29.9991, 54.1232, 42.5162, 139.9285, 161.9206, -54.1234, 157.5317, 157.3692, 44.7148, 30.6401, 0.553885, 0.812420, -0.182170, 0.054123, -0.828555, 0.516318, -0.216593, 0.042516, -0.081907, 0.270905, 0.959115, 0.139928, 0.000000, 0.000000, 0.000000, 1.000000, -0.081757, 0.270809, 0.959155, 0.161921, -0.553884, -0.812420, 0.182168, -0.054123, 0.828570, -0.516368, 0.216418, 0.157532, 0.000000, 0.000000, 0.000000, 1.000000, 0.002709, -0.013961, -0.999899, 0.157369, -0.999449, -0.033127, -0.002245, 0.044715, -0.033092, 0.999354, -0.014043, 0.030640, 0.000000, 0.000000, 0.000000, 1.000000
-29.9989, 54.1229, 42.5154, 139.9285, 161.9206, -54.1231, 157.5326, 157.3692, 44.7146, 30.6403, 0.553885, 0.812420, -0.182167, 0.054123, -0.828554, 0.516319, -0.216593, 0.042515, -0.081908, 0.270902, 0.959116, 0.139928, 0.000000, 0.000000, 0.000000, 1.000000, -0.081758, 0.270807, 0.959156, 0.161921, -0.553885, -0.812421, 0.182165, -0.054123, 0.828569, -0.516368, 0.216418, 0.157533, 0.000000, 0.000000, 0.000000, 1.000000, 0.002709, -0.013961, -0.999899, 0.157369, -0.999449, -0.033127, -0.002245, 0.044715, -0.033092, 0.999354, -0.014043, 0.030640, 0.000000, 0.000000, 0.000000, 1.000000
-29.9983, 54.1220, 42.5135, 139.9288, 161.9210, -54.1222, 157.5344, 157.3692, 44.7144, 30.6407, 0.553886, 0.812422, -0.182158, 0.054122, -0.828554, 0.516321, -0.216591, 0.042513, -0.081912, 0.270895, 0.959118, 0.139929, 0.000000, 0.000000, 0.000000, 1.000000, -0.081761, 0.270799, 0.959157, 0.161921, -0.553886, -0.812422, 0.182156, -0.054122, 0.828569, -0.516370, 0.216416, 0.157534, 0.000000, 0.000000, 0.000000, 1.000000, 0.002709, -0.013961, -0.999899, 0.157369, -0.999449, -0.033127, -0.002245, 0.044714, -0.033092, 0.999354, -0.014043, 0.030641, 0.000000, 0.000000, 0.000000, 1.000000
-29.9979, 54.1214, 42.5125, 139.9292, 161.9213, -54.1216, 157.5354, 157.3691, 44.7143, 30.6411, 0.553886, 0.812423, -0.182153, 0.054121, -0.828553, 0.516322, -0.216590, 0.042512, -0.081913, 0.270889, 0.959119, 0.139929, 0.000000, 0.000000, 0.000000, 1.000000, -0.081763, 0.270793, 0.959159, 0.161921, -0.553886, -0.812423, 0.182151, -0.054122, 0.828568, -0.516372, 0.216414, 0.157535, 0.000000, 0.000000, 0.000000, 1.000000, 0.002709, -0.013961, -0.999899, 0.157369, -0.999449, -0.033127, -0.002245, 0.044714, -0.033092, 0.999354, -0.014043, 0.030641, 0.000000, 0.000000, 0.000000, 1.000000
-29.9969, 54.1198, 42.5102, 139.9302, 161.9223, -54.1200, 157.5377, 157.3687, 44.7141, 30.6419, 0.553887, 0.812425, -0.182139, 0.054120, -0.828553, 0.516326, -0.216584, 0.042510, -0.081915, 0.270874, 0.959123, 0.139930, 0.000000, 0.000000, 0.000000, 1.000000, -0.081765, 0.270779, 0.959163, 0.161922, -0.553887, -0.812426, 0.182137, -0.054120, 0.828568, -0.516375, 0.216408, 0.157538, 0.000000, 0.000000, 0.000000, 1.000000, 0.002709, -0.013961, -0.999899, 0.157369, -0.999449, -0.033127, -0.002245, 0.044714, -0.033092, 0.999354, -0.014043, 0.030642, 0.000000, 0.000000, 0.000000, 1.000000
-29.9963, 54.1187, 42.5090, 139.9309, 161.9231, -54.1190, 157.5389, 157.3685, 44.7140, 30.6425, 0.553887, 0.812427, -0.182130, 0.054119, -0.828552, 0.516328, -0.216580, 0.042509, -0.081916, 0.270865, 0.959126, 0.139931, 0.000000, 0.000000, 0.000000, 1.000000, -0.081766, 0.270769, 0.959165, 0.161923, -0.553887, -0.812428, 0.182129, -0.054119, 0.828567, -0.516377, 0.216404, 0.157539, 0.000000, 0.000000, 0.000000, 1.000000, 0.002709, -0.013961, -0.999899, 0.157369, -0.999449, -0.033127, -0.002245, 0.044714, -0.033092, 0.999354, -0.014043, 0.030642, 0.000000, 0.000000, 0.000000, 1.000000
-29.9956, 54.1176, 42.5077, 139.9318, 161.9239, -54.1178, 157.5402, 157.3683, 44.7140, 30.6431, 0.553887, 0.812429, -0.182121, 0.054118, -0.828552, 0.516330, -0.216574, 0.042508, -0.081917, 0.270854, 0.959129, 0.139932, 0.000000, 0.000000, 0.000000, 1.000000, -0.081766, 0.270758, 0.959169, 0.161924, -0.553887, -0.812430, 0.182119, -0.054118, 0.828567, -0.516380, 0.216399, 0.157540, 0.000000, 0.000000, 0.000000, 1.000000, 0.002709, -0.013961, -0.999899, 0.157368, -0.999449, -0.033127, -0.002245, 0.044714, -0.033092, 0.999354, -0.014043, 0.030643, 0.000000, 0.000000, 0.000000, 1.000000
-29.9948, 54.1162, 42.5062, 139.9329, 161.9250, -54.1165, 157.5416, 157.3679, 44.7139, 30.6439, 0.553888, 0.812431, -0.182109, 0.054116, -0.828552, 0.516333, -0.216568, 0.042506, -0.081918, 0.270842, 0.959132, 0.139933, 0.000000, 0.000000, 0.000000, 1.000000, -0.081767, 0.270746, 0.959172, 0.161925, -0.553887, -0.812432, 0.182108, -0.054116, 0.828567, -0.516383, 0.216393, 0.157542, 0.000000, 0.000000, 0.000000, 1.000000, 0.002709, -0.013961, -0.999899, 0.157368, -0.999449, -0.033127, -0.002245, 0.044714, -0.033092, 0.999354, -0.014043, 0.030644, 0.000000, 0.000000, 0.000000, 1.000000
-29.9905, 54.1088, 42.4993, 139.9390, 161.9311, -54.1091, 157.5485, 157.3661, 44.7137, 30.6479, 0.553888, 0.812444, -0.182050, 0.054109, -0.828551, 0.516349, -0.216532, 0.042499, -0.081918, 0.270773, 0.959152, 0.139939, 0.000000, 0.000000, 0.000000, 1.000000, -0.081768, 0.270677, 0.959191, 0.161931, -0.553888, -0.812445, 0.182049, -0.054109, 0.828566, -0.516399, 0.216356, 0.157549, 0.000000, 0.000000, 0.000000, 1.000000, 0.002709, -0.013961, -0.999899, 0.157366, -0.999449, -0.033127, -0.002245, 0.044714, -0.033092, 0.999354, -0.014043, 0.030648, 0.000000, 0.000000, 0.000000, 1.000000
-29.9891, 54.1065, 42.4972, 139.9410, 161.9331, -54.1067, 157.5506, 157.3654, 44.7136, 30.6493, 0.553888, 0.812448, -0.182032, 0.054106, -0.828551, 0.516354, -0.216520, 0.042497, -0.081918, 0.270750, 0.959158, 0.139941, 0.000000, 0.000000, 0.000000, 1.000000, -0.081767, 0.270654, 0.959198, 0.161933, -0.553888, -0.812449, 0.182030, -0.054107, 0.828566, -0.516404, 0.216344, 0.157551, 0.000000, 0.000000, 0.000000, 1.000000, 0.002709, -0.013961, -0.999899, 0.157365, -0.999449, -0.033127, -0.002245, 0.044714, -0.033092, 0.999354, -0.014043, 0.030649, 0.000000, 0.000000, 0.000000, 1.000000
-29.9860, 54.1010, 42.4926, 139.9457, 161.9378, -54.1013, 157.5552, 157.3640, 44.7136, 30.6523, 0.553888, 0.812458, -0.181989, 0.054101, -0.828551, 0.516366, -0.216491, 0.042493, -0.081917, 0.270699, 0.959172, 0.139946, 0.000000, 0.000000, 0.000000, 1.000000, -0.081766, 0.270603, 0.959212, 0.161938, -0.553888, -0.812458, 0.181987, -0.054101, 0.828566, -0.516416, 0.216316, 0.157555, 0.000000, 0.000000, 0.000000, 1.000000, 0.002709, -0.013961, -0.999899, 0.157364, -0.999449, -0.033127, -0.002245, 0.044714, -0.033092, 0.999354, -0.014043, 0.030652, 0.000000, 0.000000, 0.000000, 1.000000
-29.9843, 54.0979, 42.4901, 139.9484, 161.9405, -54.0982, 157.5577, 157.3632, 44.7136, 30.6540, 0.553888, 0.812463, -0.181965, 0.054098, -0.828552, 0.516373, -0.216475, 0.042490, -0.081916, 0.270670, 0.959181, 0.139948, 0.000000, 0.000000, 0.000000, 1.000000, -0.081766, 0.270574, 0.959221, 0.161941, -0.553888, -0.812464, 0.181963, -0.054098, 0.828567, -0.516422, 0.216299, 0.157558, 0.000000, 0.000000, 0.000000, 1.000000, 0.002709, -0.013961, -0.999899, 0.157363, -0.999449, -0.033127, -0.002245, 0.044714, -0.033092, 0.999354, -0.014043, 0.030654, 0.000000, 0.000000, 0.000000, 1.000000
-29.9803, 54.0909, 42.4845, 139.9546, 161.9467, -54.0912, 157.5633, 157.3613, 44.7135, 30.6579, 0.553888, 0.812476, -0.181910, 0.054091, -0.828552, 0.516388, -0.216438, 0.042484, -0.081915, 0.270604, 0.959199, 0.139955, 0.000000, 0.000000, 0.000000, 1.000000, -0.081764, 0.270508, 0.959239, 0.161947, -0.553888, -0.812476, 0.181908, -0.054091, 0.828567, -0.516437, 0.216262, 0.157563, 0.000000, 0.000000, 0.000000, 1.000000, 0.002709, -0.013961, -0.999899, 0.157361, -0.999449, -0.033127, -0.002245, 0.044714, -0.033092, 0.999354, -0.014043, 0.030658, 0.000000, 0.000000, 0.000000, 1.000000
-29.9781, 54.0870, 42.4814, 139.9580, 161.9501, -54.0873, 157.5664, 157.3602, 44.7135, 30.6600, 0.553888, 0.812483, -0.181880, 0.054087, -0.828552, 0.516396, -0.216417, 0.042481, -0.081913, 0.270568, 0.959210, 0.139958, 0.000000, 0.000000, 0.000000, 1.000000, -0.081763, 0.270472, 0.959250, 0.161950, -0.553887, -0.812483, 0.181878, -0.054087, 0.828567, -0.516446, 0.216242, 0.157566, 0.000000, 0.000000, 0.000000, 1.000000, 0.002709, -0.013961, -0.999899, 0.157360, -0.999449, -0.033127, -0.002245, 0.044714, -0.033092, 0.999354, -0.014043, 0.030660, 0.000000, 0.000000, 0.000000, 1.000000
-29.9732, 54.0783, 42.4745, 139.9658, 161.9579, -54.0786, 157.5732, 157.3578, 44.7135, 30.6649, 0.553887, 0.812498, -0.181812, 0.054078, -0.828553, 0.516415, -0.216371, 0.042475, -0.081911, 0.270486, 0.959233, 0.139966, 0.000000, 0.000000, 0.000000, 1.000000, -0.081760, 0.270390, 0.959273, 0.161958, -0.553887, -0.812499, 0.181810, -0.054079, 0.828568, -0.516464, 0.216195, 0.157573, 0.000000, 0.000000, 0.000000, 1.000000, 0.002709, -0.013961, -0.999899, 0.157358, -0.999449, -0.033127, -0.002245, 0.044714, -0.033092, 0.999354, -0.014043, 0.030665, 0.000000, 0.000000, 0.000000, 1.000000
-29.9676, 54.0683, 42.4668, 139.9747, 161.9668, -54.0686, 157.5810, 157.3551, 44.7135, 30.6704, 0.553887, 0.812516, -0.181734, 0.054068, -0.828553, 0.516436, -0.216317, 0.042467, -0.081907, 0.270392, 0.959260, 0.139975, 0.000000, 0.000000, 0.000000, 1.000000, -0.081756, 0.270296, 0.959300, 0.161967, -0.553886, -0.812516, 0.181733, -0.054069, 0.828568, -0.516485, 0.216141, 0.157581, 0.000000, 0.000000, 0.000000, 1.000000, 0.002709, -0.013961, -0.999899, 0.157355, -0.999449, -0.033127, -0.002245, 0.044714, -0.033092, 0.999354, -0.014043, 0.030670, 0.000000, 0.000000, 0.000000, 1.000000
-29.9645, 54.0629, 42.4626, 139.9796, 161.9717, -54.0631, 157.5852, 157.3536, 44.7135, 30.6734, 0.553886, 0.812526, -0.181692, 0.054063, -0.828554, 0.516448, -0.216288, 0.042463, -0.081905, 0.270340, 0.959275, 0.139980, 0.000000, 0.000000, 0.000000, 1.000000, -0.081754, 0.270244, 0.959315, 0.161972, -0.553886, -0.812526, 0.181690, -0.054063, 0.828569, -0.516497, 0.216112, 0.157585, 0.000000, 0.000000, 0.000000, 1.000000, 0.002709, -0.013961, -0.999899, 0.157354, -0.999449, -0.033127, -0.002245, 0.044714, -0.033092, 0.999354, -0.014043, 0.030673, 0.000000, 0.000000, 0.000000, 1.000000
-29.9578, 54.0509, 42.4534, 139.9903, 161.9824, -54.0511, 157.5944, 157.3503, 44.7136, 30.6801, 0.553885, 0.812547, -0.181599, 0.054051, -0.828555, 0.516473, -0.216223, 0.042453, -0.081901, 0.270227, 0.959307, 0.139990, 0.000000, 0.000000, 0.000000, 1.000000, -0.081750, 0.270131, 0.959347, 0.161982, -0.553885, -0.812548, 0.181597, -0.054051, 0.828570, -0.516522, 0.216047, 0.157594, 0.000000, 0.000000, 0.000000, 1.000000, 0.002709, -0.013961, -0.999899, 0.157350, -0.999449, -0.033127, -0.002245, 0.044714, -0.033092, 0.999354, -0.014043, 0.030680, 0.000000, 0.000000, 0.000000, 1.000000
-29.9541, 54.0444, 42.4484, 139.9962, 161.9883, -54.0446, 157.5994, 157.3485, 44.7136, 30.6837, 0.553885, 0.812559, -0.181548, 0.054044, -0.828555, 0.516487, -0.216188, 0.042448, -0.081898, 0.270166, 0.959324, 0.139996, 0.000000, 0.000000, 0.000000, 1.000000, -0.081747, 0.270070, 0.959364, 0.161988, -0.553885, -0.812559, 0.181546, -0.054045, 0.828570, -0.516536, 0.216012, 0.157599, 0.000000, 0.000000, 0.000000, 1.000000, 0.002709, -0.013961, -0.999899, 0.157349, -0.999449, -0.033127, -0.002245, 0.044714, -0.033092, 0.999354, -0.014043, 0.030684, 0.000000, 0.000000, 0.000000, 1.000000
-29.9462, 54.0303, 42.4376, 140.0089, 162.0010, -54.0305, 157.6102, 157.3447, 44.7136, 30.6916, 0.553884, 0.812584, -0.181438, 0.054030, -0.828557, 0.516517, -0.216112, 0.042438, -0.081893, 0.270033, 0.959362, 0.140009, 0.000000, 0.000000, 0.000000, 1.000000, -0.081742, 0.269937, 0.959402, 0.162001, -0.553884, -0.812584, 0.181437, -0.054031, 0.828572, -0.516566, 0.215936, 0.157610, 0.000000, 0.000000, 0.000000, 1.000000, 0.002709, -0.013961, -0.999899, 0.157345, -0.999449, -0.033127, -0.002245, 0.044714, -0.033092, 0.999354, -0.014043, 0.030692, 0.000000, 0.000000, 0.000000, 1.000000
-29.9419, 54.0227, 42.4318, 140.0157, 162.0079, -54.0229, 157.6160, 157.3426, 44.7137, 30.6958, 0.553883, 0.812598, -0.181379, 0.054023, -0.828557, 0.516533, -0.216071, 0.042432, -0.081890, 0.269961, 0.959383, 0.140016, 0.000000, 0.000000, 0.000000, 1.000000, -0.081739, 0.269865, 0.959422, 0.162008, -0.553883, -0.812598, 0.181378, -0.054023, 0.828572, -0.516582, 0.215895, 0.157616, 0.000000, 0.000000, 0.000000, 1.000000, 0.002709, -0.013961, -0.999899, 0.157343, -0.999449, -0.033127, -0.002245, 0.044714, -0.033092, 0.999354, -0.014043, 0.030696, 0.000000, 0.000000, 0.000000, 1.000000
-29.9328, 54.0064, 42.4194, 140.0304, 162.0225, -54.0067, 157.6284, 157.3381, 44.7137, 30.7048, 0.553882, 0.812627, -0.181253, 0.054006, -0.828559, 0.516567, -0.215983, 0.042419, -0.081884, 0.269808, 0.959426, 0.140030, 0.000000, 0.000000, 0.000000, 1.000000, -0.081733, 0.269712, 0.959466, 0.162023, -0.553882, -0.812627, 0.181251, -0.054007, 0.828574, -0.516617, 0.215807, 0.157628, 0.000000, 0.000000, 0.000000, 1.000000, 0.002709, -0.013961, -0.999899, 0.157338, -0.999449, -0.033127, -0.002245, 0.044714, -0.033092, 0.999354, -0.014043, 0.030705, 0.000000, 0.000000, 0.000000, 1.000000
-29.9279, 53.9977, 42.4128, 140.0383, 162.0304, -53.9980, 157.6350, 157.3357, 44.7138, 30.7096, 0.553881, 0.812642, -0.181185, 0.053998, -0.828560, 0.516586, -0.215936, 0.042413, -0.081881, 0.269726, 0.959450, 0.140038, 0.000000, 0.000000, 0.000000, 1.000000, -0.081730, 0.269630, 0.959489, 0.162030, -0.553881, -0.812643, 0.181184, -0.053998, 0.828575, -0.516635, 0.215760, 0.157635, 0.000000, 0.000000, 0.000000, 1.000000, 0.002709, -0.013961, -0.999899, 0.157336, -0.999449, -0.033127, -0.002245, 0.044714, -0.033092, 0.999354, -0.014043, 0.030710, 0.000000, 0.000000, 0.000000, 1.000000
-29.9175, 53.9792, 42.3986, 140.0550, 162.0471, -53.9795, 157.6492, 157.3306, 44.7138, 30.7199, 0.553880, 0.812675, -0.181041, 0.053979, -0.828561, 0.516625, -0.215836, 0.042399, -0.081874, 0.269551, 0.959499, 0.140055, 0.000000, 0.000000, 0.000000, 1.000000, -0.081723, 0.269455, 0.959539, 0.162047, -0.553880, -0.812676, 0.181040, -0.053979, 0.828576, -0.516674, 0.215660, 0.157649, 0.000000, 0.000000, 0.000000, 1.000000, 0.002709, -0.013961, -0.999899, 0.157331, -0.999449, -0.033127, -0.002245, 0.044714, -0.033092, 0.999354, -0.014043, 0.030720, 0.000000, 0.000000, 0.000000, 1.000000
-29.9120, 53.9694, 42.3911, 140.0639, 162.0560, -53.9697, 157.6567, 157.3279, 44.7139, 30.7254, 0.553879, 0.812693, -0.180965, 0.053969, -0.828562, 0.516645, -0.215783, 0.042391, -0.081870, 0.269458, 0.959526, 0.140064, 0.000000, 0.000000, 0.000000, 1.000000, -0.081720, 0.269362, 0.959565, 0.162056, -0.553879, -0.812693, 0.180963, -0.053970, 0.828577, -0.516695, 0.215607, 0.157657, 0.000000, 0.000000, 0.000000, 1.000000, 0.002709, -0.013961, -0.999899, 0.157328, -0.999449, -0.033127, -0.002245, 0.044714, -0.033092, 0.999354, -0.014043, 0.030725, 0.000000, 0.000000, 0.000000, 1.000000
-29.9003, 53.9488, 42.3753, 140.0826, 162.0747, -53.9490, 157.6725, 157.3222, 44.7139, 30.7369, 0.553877, 0.812730, -0.180804, 0.053949, -0.828564, 0.516689, -0.215671, 0.042375, -0.081863, 0.269263, 0.959581, 0.140083, 0.000000, 0.000000, 0.000000, 1.000000, -0.081712, 0.269167, 0.959621, 0.162075, -0.553877, -0.812730, 0.180802, -0.053949, 0.828579, -0.516738, 0.215496, 0.157673, 0.000000, 0.000000, 0.000000, 1.000000, 0.002709, -0.013961, -0.999899, 0.157322, -0.999449, -0.033127, -0.002245, 0.044714, -0.033092, 0.999354, -0.014043, 0.030737, 0.000000, 0.000000, 0.000000, 1.000000
-29.8879, 53.9266, 42.3583, 140.1027, 162.0948, -53.9268, 157.6895, 157.3161, 44.7140, 30.7492, 0.553875, 0.812770, -0.180631, 0.053927, -0.828566, 0.516736, -0.215551, 0.042358, -0.081855, 0.269053, 0.959641, 0.140103, 0.000000, 0.000000, 0.000000, 1.000000, -0.081704, 0.268958, 0.959680, 0.162095, -0.553875, -0.812770, 0.180630, -0.053927, 0.828581, -0.516785, 0.215376, 0.157690, 0.000000, 0.000000, 0.000000, 1.000000, 0.002709, -0.013961, -0.999899, 0.157316, -0.999449, -0.033127, -0.002245, 0.044714, -0.033092, 0.999354, -0.014043, 0.030749, 0.000000, 0.000000, 0.000000, 1.000000
-29.8879, 53.9266, 42.3583, 140.1027, 162.0948, -53.9268, 157.6895, 157.3161, 44.7140, 30.7492, 0.553875, 0.812770, -0.180631, 0.053927, -0.828566, 0.516736, -0.215551, 0.042358, -0.081855, 0.269053, 0.959641, 0.140103, 0.000000, 0.000000, 0.000000, 1.000000, -0.081704, 0.268958, 0.959680, 0.162095, -0.553875, -0.812770, 0.180630, -0.053927, 0.828581, -0.516785, 0.215376, 0.157690, 0.000000, 0.000000, 0.000000, 1.000000, 0.002709, -0.013961, -0.999899, 0.157316, -0.999449, -0.033127, -0.002245, 0.044714, -0.033092, 0.999354, -0.014043, 0.030749, 0.000000, 0.000000, 0.000000, 1.000000
-29.8604, 53.8779, 42.3208, 140.1468, 162.1390, -53.8782, 157.7270, 157.3026, 44.7141, 30.7762, 0.553871, 0.812857, -0.180251, 0.053878, -0.828571, 0.516838, -0.215288, 0.042321, -0.081838, 0.268593, 0.959771, 0.140147, 0.000000, 0.000000, 0.000000, 1.000000, -0.081687, 0.268497, 0.959811, 0.162139, -0.553871, -0.812857, 0.180249, -0.053878, 0.828585, -0.516887, 0.215113, 0.157727, 0.000000, 0.000000, 0.000000, 1.000000, 0.002709, -0.013961, -0.999899, 0.157303, -0.999449, -0.033127, -0.002245, 0.044714, -0.033092, 0.999354, -0.014043, 0.030776, 0.000000, 0.000000, 0.000000, 1.000000
-29.8531, 53.8649, 42.3108, 140.1586, 162.1508, -53.8651, 157.7371, 157.2990, 44.7142, 30.7835, 0.553870, 0.812880, -0.180150, 0.053865, -0.828572, 0.516866, -0.215218, 0.042311, -0.081833, 0.268470, 0.959806, 0.140159, 0.000000, 0.000000, 0.000000, 1.000000, -0.081683, 0.268374, 0.959845, 0.162151, -0.553870, -0.812880, 0.180148, -0.053865, 0.828587, -0.516915, 0.215043, 0.157737, 0.000000, 0.000000, 0.000000, 1.000000, 0.002709, -0.013961, -0.999899, 0.157299, -0.999449, -0.033127, -0.002245, 0.044714, -0.033092, 0.999354, -0.014043, 0.030783, 0.000000, 0.000000, 0.000000, 1.000000
-29.8379, 53.8378, 42.2899, 140.1832, 162.1754, -53.8381, 157.7580, 157.2916, 44.7142, 30.7985, 0.553868, 0.812928, -0.179938, 0.053838, -0.828574, 0.516923, -0.215072, 0.042290, -0.081824, 0.268214, 0.959878, 0.140183, 0.000000, 0.000000, 0.000000, 1.000000, -0.081674, 0.268118, 0.959918, 0.162175, -0.553868, -0.812929, 0.179936, -0.053838, 0.828589, -0.516971, 0.214897, 0.157758, 0.000000, 0.000000, 0.000000, 1.000000, 0.002709, -0.013961, -0.999899, 0.157292, -0.999449, -0.033127, -0.002245, 0.044714, -0.033092, 0.999354, -0.014043, 0.030799, 0.000000, 0.000000, 0.000000, 1.000000
-29.8219, 53.8095, 42.2679, 140.2090, 162.2012, -53.8097, 157.7800, 157.2837, 44.7143, 30.8143, 0.553866, 0.812979, -0.179716, 0.053809, -0.828577, 0.516982, -0.214919, 0.042268, -0.081815, 0.267945, 0.959954, 0.140209, 0.000000, 0.000000, 0.000000, 1.000000, -0.081664, 0.267849, 0.959994, 0.162201, -0.553865, -0.812980, 0.179714, -0.053810, 0.828592, -0.517031, 0.214744, 0.157780, 0.000000, 0.000000, 0.000000, 1.000000, 0.002709, -0.013961, -0.999899, 0.157284, -0.999449, -0.033127, -0.002245, 0.044714, -0.033092, 0.999354, -0.014043, 0.030814, 0.000000, 0.000000, 0.000000, 1.000000
-29.8136, 53.7948, 42.2565, 140.2223, 162.2145, -53.7950, 157.7914, 157.2797, 44.7143, 30.8225, 0.553864, 0.813005, -0.179601, 0.053795, -0.828578, 0.517013, -0.214840, 0.042257, -0.081810, 0.267806, 0.959993, 0.140222, 0.000000, 0.000000, 0.000000, 1.000000, -0.081660, 0.267710, 0.960033, 0.162215, -0.553864, -0.813006, 0.179600, -0.053795, 0.828593, -0.517062, 0.214665, 0.157791, 0.000000, 0.000000, 0.000000, 1.000000, 0.002709, -0.013961, -0.999899, 0.157280, -0.999449, -0.033127, -0.002245, 0.044714, -0.033092, 0.999354, -0.014043, 0.030822, 0.000000, 0.000000, 0.000000, 1.000000
-29.7965, 53.7645, 42.2330, 140.2498, 162.2421, -53.7648, 157.8149, 157.2713, 44.7143, 30.8393, 0.553862, 0.813059, -0.179364, 0.053765, -0.828581, 0.517077, -0.214676, 0.042233, -0.081800, 0.267519, 0.960074, 0.140250, 0.000000, 0.000000, 0.000000, 1.000000, -0.081650, 0.267423, 0.960114, 0.162242, -0.553862, -0.813060, 0.179363, -0.053765, 0.828595, -0.517125, 0.214502, 0.157815, 0.000000, 0.000000, 0.000000, 1.000000, 0.002709, -0.013961, -0.999899, 0.157271, -0.999449, -0.033127, -0.002245, 0.044714, -0.033092, 0.999354, -0.014043, 0.030839, 0.000000, 0.000000, 0.000000, 1.000000
-29.7877, 53.7490, 42.2209, 140.2640, 162.2562, -53.7492, 157.8270, 157.2670, 44.7144, 30.8480, 0.553861, 0.813087, -0.179242, 0.053749, -0.828582, 0.517109, -0.214592, 0.042221, -0.081795, 0.267371, 0.960116, 0.140264, 0.000000, 0.000000, 0.000000, 1.000000, -0.081645, 0.267276, 0.960155, 0.162256, -0.553860, -0.813088, 0.179241, -0.053749, 0.828597, -0.517158, 0.214418, 0.157827, 0.000000, 0.000000, 0.000000, 1.000000, 0.002709, -0.013961, -0.999899, 0.157267, -0.999449, -0.033127, -0.002245, 0.044714, -0.033092, 0.999354, -0.014043, 0.030848, 0.000000, 0.000000, 0.000000, 1.000000
-29.7696, 53.7169, 42.1960, 140.2931, 162.2854, -53.7172, 157.8520, 157.2582, 44.7144, 30.8658, 0.553858, 0.813144, -0.178991, 0.053717, -0.828585, 0.517176, -0.214420, 0.042196, -0.081784, 0.267068, 0.960201, 0.140293, 0.000000, 0.000000, 0.000000, 1.000000, -0.081635, 0.266972, 0.960240, 0.162285, -0.553858, -0.813145, 0.178990, -0.053717, 0.828600, -0.517225, 0.214245, 0.157852, 0.000000, 0.000000, 0.000000, 1.000000, 0.002709, -0.013961, -0.999899, 0.157258, -0.999449, -0.033127, -0.002245, 0.044714, -0.033092, 0.999354, -0.014043, 0.030866, 0.000000, 0.000000, 0.000000, 1.000000
-29.7603, 53.7005, 42.1831, 140.3081, 162.3003, -53.7008, 157.8648, 157.2536, 44.7144, 30.8749, 0.553857, 0.813173, -0.178862, 0.053701, -0.828586, 0.517211, -0.214331, 0.042183, -0.081779, 0.266912, 0.960245, 0.140308, 0.000000, 0.000000, 0.000000, 1.000000, -0.081629, 0.266816, 0.960284, 0.162300, -0.553856, -0.813174, 0.178861, -0.053701, 0.828601, -0.517259, 0.214157, 0.157865, 0.000000, 0.000000, 0.000000, 1.000000, 0.002709, -0.013961, -0.999899, 0.157254, -0.999449, -0.033127, -0.002245, 0.044714, -0.033092, 0.999354, -0.014043, 0.030875, 0.000000, 0.000000, 0.000000, 1.000000
-29.7414, 53.6670, 42.1569, 140.3387, 162.3309, -53.6672, 157.8910, 157.2443, 44.7144, 30.8936, 0.553854, 0.813233, -0.178599, 0.053667, -0.828589, 0.517281, -0.214150, 0.042157, -0.081768, 0.266593, 0.960334, 0.140339, 0.000000, 0.000000, 0.000000, 1.000000, -0.081619, 0.266498, 0.960374, 0.162331, -0.553854, -0.813234, 0.178597, -0.053667, 0.828604, -0.517330, 0.213976, 0.157891, 0.000000, 0.000000, 0.000000, 1.000000, 0.002709, -0.013961, -0.999899, 0.157244, -0.999449, -0.033127, -0.002245, 0.044714, -0.033092, 0.999354, -0.014043, 0.030894, 0.000000, 0.000000, 0.000000, 1.000000
-29.7218, 53.6324, 42.1299, 140.3702, 162.3624, -53.6327, 157.9181, 157.2348, 44.7145, 30.9128, 0.553851, 0.813295, -0.178328, 0.053632, -0.828592, 0.517353, -0.213964, 0.042130, -0.081758, 0.266265, 0.960426, 0.140370, 0.000000, 0.000000, 0.000000, 1.000000, -0.081608, 0.266170, 0.960465, 0.162362, -0.553851, -0.813295, 0.178326, -0.053633, 0.828607, -0.517402, 0.213790, 0.157918, 0.000000, 0.000000, 0.000000, 1.000000, 0.002709, -0.013961, -0.999899, 0.157235, -0.999449, -0.033127, -0.002245, 0.044714, -0.033092, 0.999354, -0.014043, 0.030913, 0.000000, 0.000000, 0.000000, 1.000000
-29.7119, 53.6148, 42.1161, 140.3862, 162.3785, -53.6151, 157.9319, 157.2299, 44.7145, 30.9226, 0.553850, 0.813326, -0.178189, 0.053615, -0.828593, 0.517390, -0.213870, 0.042116, -0.081752, 0.266098, 0.960473, 0.140386, 0.000000, 0.000000, 0.000000, 1.000000, -0.081603, 0.266003, 0.960512, 0.162378, -0.553849, -0.813326, 0.178188, -0.053615, 0.828608, -0.517438, 0.213695, 0.157932, 0.000000, 0.000000, 0.000000, 1.000000, 0.002709, -0.013961, -0.999899, 0.157230, -0.999449, -0.033127, -0.002245, 0.044714, -0.033092, 0.999354, -0.014043, 0.030923, 0.000000, 0.000000, 0.000000, 1.000000
-29.6916, 53.5790, 42.0880, 140.4189, 162.4112, -53.5793, 157.9600, 157.2200, 44.7145, 30.9426, 0.553847, 0.813390, -0.177908, 0.053579, -0.828596, 0.517465, -0.213677, 0.042088, -0.081741, 0.265758, 0.960568, 0.140419, 0.000000, 0.000000, 0.000000, 1.000000, -0.081592, 0.265663, 0.960607, 0.162411, -0.553847, -0.813390, 0.177906, -0.053579, 0.828611, -0.517513, 0.213503, 0.157960, 0.000000, 0.000000, 0.000000, 1.000000, 0.002709, -0.013961, -0.999899, 0.157220, -0.999449, -0.033127, -0.002245, 0.044714, -0.033092, 0.999354, -0.014043, 0.030943, 0.000000, 0.000000, 0.000000, 1.000000
-29.6813, 53.5608, 42.0738, 140.4355, 162.4278, -53.5611, 157.9743, 157.2150, 44.7145, 30.9527, 0.553845, 0.813422, -0.177765, 0.053561, -0.828598, 0.517503, -0.213579, 0.042074, -0.081736, 0.265585, 0.960616, 0.140435, 0.000000, 0.000000, 0.000000, 1.000000, -0.081587, 0.265490, 0.960655, 0.162428, -0.553845, -0.813422, 0.177763, -0.053561, 0.828613, -0.517551, 0.213405, 0.157974, 0.000000, 0.000000, 0.000000, 1.000000, 0.002709, -0.013961, -0.999899, 0.157215, -0.999449, -0.033127, -0.002245, 0.044714, -0.033092, 0.999354, -0.014043, 0.030953, 0.000000, 0.000000, 0.000000, 1.000000
-29.6604, 53.5240, 42.0448, 140.4692, 162.4615, -53.5242, 158.0033, 157.2048, 44.7145, 30.9732, 0.553842, 0.813487, -0.177475, 0.053524, -0.828601, 0.517580, -0.213380, 0.042045, -0.081724, 0.265235, 0.960714, 0.140469, 0.000000, 0.000000, 0.000000, 1.000000, -0.081576, 0.265140, 0.960753, 0.162461, -0.553842, -0.813488, 0.177473, -0.053524, 0.828616, -0.517628, 0.213206, 0.158003, 0.000000, 0.000000, 0.000000, 1.000000, 0.002709, -0.013961, -0.999899, 0.157205, -0.999449, -0.033127, -0.002245, 0.044714, -0.033092, 0.999354, -0.014043, 0.030973, 0.000000, 0.000000, 0.000000, 1.000000
-29.6499, 53.5053, 42.0301, 140.4862, 162.4785, -53.5056, 158.0179, 157.1996, 44.7145, 30.9836, 0.553841, 0.813520, -0.177328, 0.053505, -0.828603, 0.517619, -0.213279, 0.042030, -0.081719, 0.265057, 0.960764, 0.140486, 0.000000, 0.000000, 0.000000, 1.000000, -0.081570, 0.264962, 0.960802, 0.162479, -0.553841, -0.813521, 0.177326, -0.053506, 0.828617, -0.517667, 0.213106, 0.158018, 0.000000, 0.000000, 0.000000, 1.000000, 0.002709, -0.013961, -0.999899, 0.157200, -0.999449, -0.033127, -0.002245, 0.044714, -0.033092, 0.999354, -0.014043, 0.030984, 0.000000, 0.000000, 0.000000, 1.000000
-29.6285, 53.4677, 42.0004, 140.5207, 162.5130, -53.4679, 158.0477, 157.1891, 44.7144, 31.0046, 0.553838, 0.813587, -0.177031, 0.053468, -0.828606, 0.517698, -0.213076, 0.042000, -0.081708, 0.264699, 0.960863, 0.140521, 0.000000, 0.000000, 0.000000, 1.000000, -0.081559, 0.264604, 0.960902, 0.162513, -0.553838, -0.813587, 0.177029, -0.053468, 0.828620, -0.517746, 0.212903, 0.158048, 0.000000, 0.000000, 0.000000, 1.000000, 0.002709, -0.013961, -0.999899, 0.157189, -0.999449, -0.033127, -0.002245, 0.044714, -0.033092, 0.999354, -0.014043, 0.031005, 0.000000, 0.000000, 0.000000, 1.000000
-29.6069, 53.4295, 41.9704, 140.5556, 162.5479, -53.4298, 158.0778, 157.1785, 44.7144, 31.0258, 0.553835, 0.813654, -0.176730, 0.053430, -0.828609, 0.517777, -0.212871, 0.041970, -0.081696, 0.264336, 0.960964, 0.140556, 0.000000, 0.000000, 0.000000, 1.000000, -0.081548, 0.264241, 0.961003, 0.162548, -0.553835, -0.813655, 0.176729, -0.053430, 0.828624, -0.517825, 0.212698, 0.158078, 0.000000, 0.000000, 0.000000, 1.000000, 0.002709, -0.013961, -0.999899, 0.157179, -0.999449, -0.033127, -0.002245, 0.044714, -0.033092, 0.999354, -0.014043, 0.031026, 0.000000, 0.000000, 0.000000, 1.000000
-29.5960, 53.4103, 41.9552, 140.5732, 162.5656, -53.4106, 158.0929, 157.1732, 44.7144, 31.0365, 0.553833, 0.813688, -0.176579, 0.053410, -0.828610, 0.517817, -0.212767, 0.041955, -0.081691, 0.264153, 0.961015, 0.140573, 0.000000, 0.000000, 0.000000, 1.000000, -0.081542, 0.264058, 0.961054, 0.162566, -0.553833, -0.813689, 0.176577, -0.053411, 0.828625, -0.517865, 0.212594, 0.158093, 0.000000, 0.000000, 0.000000, 1.000000, 0.002709, -0.013961, -0.999899, 0.157173, -0.999449, -0.033127, -0.002245, 0.044714, -0.033092, 0.999354, -0.014043, 0.031037, 0.000000, 0.000000, 0.000000, 1.000000
-29.5850, 53.3910, 41.9400, 140.5909, 162.5832, -53.3913, 158.1082, 157.1679, 44.7144, 31.0473, 0.553832, 0.813722, -0.176427, 0.053391, -0.828612, 0.517858, -0.212663, 0.041940, -0.081685, 0.263969, 0.961066, 0.140591, 0.000000, 0.000000, 0.000000, 1.000000, -0.081537, 0.263874, 0.961105, 0.162583, -0.553832, -0.813723, 0.176425, -0.053391, 0.828627, -0.517905, 0.212490, 0.158108, 0.000000, 0.000000, 0.000000, 1.000000, 0.002709, -0.013961, -0.999899, 0.157168, -0.999449, -0.033127, -0.002245, 0.044714, -0.033092, 0.999354, -0.014043, 0.031047, 0.000000, 0.000000, 0.000000, 1.000000
-29.5520, 53.3329, 41.8941, 140.6442, 162.6366, -53.3332, 158.1541, 157.1517, 44.7144, 31.0797, 0.553827, 0.813825, -0.175968, 0.053333, -0.828617, 0.517979, -0.212350, 0.041894, -0.081668, 0.263415, 0.961220, 0.140644, 0.000000, 0.000000, 0.000000, 1.000000, -0.081520, 0.263320, 0.961258, 0.162637, -0.553827, -0.813825, 0.175966, -0.053333, 0.828631, -0.518026, 0.212177, 0.158154, 0.000000, 0.000000, 0.000000, 1.000000, 0.002709, -0.013961, -0.999899, 0.157152, -0.999449, -0.033127, -0.002245, 0.044714, -0.033092, 0.999354, -0.014043, 0.031080, 0.000000, 0.000000, 0.000000, 1.000000
-29.5300, 53.2940, 41.8633, 140.6799, 162.6723, -53.2943, 158.1849, 157.1409, 44.7143, 31.1014, 0.553824, 0.813893, -0.175661, 0.053294, -0.828620, 0.518060, -0.212140, 0.041863, -0.081657, 0.263044, 0.961322, 0.140680, 0.000000, 0.000000, 0.000000, 1.000000, -0.081509, 0.262950, 0.961360, 0.162672, -0.553824, -0.813894, 0.175659, -0.053294, 0.828634, -0.518107, 0.211968, 0.158185, 0.000000, 0.000000, 0.000000, 1.000000, 0.002709, -0.013961, -0.999899, 0.157141, -0.999449, -0.033127, -0.002245, 0.044714, -0.033092, 0.999354, -0.014043, 0.031101, 0.000000, 0.000000, 0.000000, 1.000000
-29.5189, 53.2746, 41.8479, 140.6978, 162.6902, -53.2748, 158.2003, 157.1354, 44.7143, 31.1122, 0.553823, 0.813927, -0.175507, 0.053275, -0.828621, 0.518100, -0.212035, 0.041848, -0.081651, 0.262859, 0.961373, 0.140698, 0.000000, 0.000000, 0.000000, 1.000000, -0.081503, 0.262764, 0.961412, 0.162690, -0.553823, -0.813928, 0.175505, -0.053275, 0.828636, -0.518147, 0.211863, 0.158200, 0.000000, 0.000000, 0.000000, 1.000000, 0.002709, -0.013961, -0.999899, 0.157135, -0.999449, -0.033127, -0.002245, 0.044714, -0.033092, 0.999354, -0.014043, 0.031112, 0.000000, 0.000000, 0.000000, 1.000000
-29.4968, 53.2357, 41.8171, 140.7335, 162.7260, -53.2360, 158.2312, 157.1246, 44.7143, 31.1339, 0.553820, 0.813996, -0.175199, 0.053236, -0.828624, 0.518181, -0.211825, 0.041817, -0.081640, 0.262487, 0.961476, 0.140734, 0.000000, 0.000000, 0.000000, 1.000000, -0.081492, 0.262393, 0.961514, 0.162726, -0.553820, -0.813996, 0.175197, -0.053236, 0.828639, -0.518228, 0.211653, 0.158231, 0.000000, 0.000000, 0.000000, 1.000000, 0.002709, -0.013961, -0.999899, 0.157125, -0.999449, -0.033127, -0.002245, 0.044714, -0.033092, 0.999354, -0.014043, 0.031134, 0.000000, 0.000000, 0.000000, 1.000000
-29.4858, 53.2163, 41.8017, 140.7514, 162.7438, -53.2165, 158.2465, 157.1192, 44.7142, 31.1447, 0.553818, 0.814030, -0.175046, 0.053216, -0.828626, 0.518222, -0.211720, 0.041802, -0.081634, 0.262302, 0.961527, 0.140751, 0.000000, 0.000000, 0.000000, 1.000000, -0.081487, 0.262208, 0.961565, 0.162744, -0.553818, -0.814030, 0.175044, -0.053217, 0.828641, -0.518268, 0.211548, 0.158247, 0.000000, 0.000000, 0.000000, 1.000000, 0.002709, -0.013961, -0.999899, 0.157119, -0.999449, -0.033127, -0.002245, 0.044714, -0.033092, 0.999354, -0.014043, 0.031145, 0.000000, 0.000000, 0.000000, 1.000000
-29.4637, 53.1776, 41.7710, 140.7871, 162.7795, -53.1778, 158.2773, 157.1084, 44.7142, 31.1663, 0.553816, 0.814097, -0.174739, 0.053178, -0.828629, 0.518302, -0.211511, 0.041771, -0.081623, 0.261932, 0.961628, 0.140787, 0.000000, 0.000000, 0.000000, 1.000000, -0.081476, 0.261838, 0.961666, 0.162780, -0.553815, -0.814098, 0.174737, -0.053178, 0.828644, -0.518349, 0.211340, 0.158277, 0.000000, 0.000000, 0.000000, 1.000000, 0.002709, -0.013961, -0.999899, 0.157108, -0.999449, -0.033127, -0.002245, 0.044714, -0.033092, 0.999354, -0.014043, 0.031166, 0.000000, 0.000000, 0.000000, 1.000000
-29.4528, 53.1583, 41.7557, 140.8048, 162.7973, -53.1585, 158.2926, 157.1030, 44.7142, 31.1771, 0.553814, 0.814131, -0.174587, 0.053158, -0.828631, 0.518342, -0.211407, 0.041756, -0.081618, 0.261748, 0.961679, 0.140805, 0.000000, 0.000000, 0.000000, 1.000000, -0.081471, 0.261654, 0.961717, 0.162797, -0.553814, -0.814132, 0.174585, -0.053159, 0.828645, -0.518389, 0.211235, 0.158293, 0.000000, 0.000000, 0.000000, 1.000000, 0.002709, -0.013961, -0.999899, 0.157103, -0.999449, -0.033127, -0.002245, 0.044714, -0.033092, 0.999354, -0.014043, 0.031177, 0.000000, 0.000000, 0.000000, 1.000000
-29.4309, 53.1199, 41.7253, 140.8402, 162.8327, -53.1202, 158.3231, 157.0922, 44.7141, 31.1985, 0.553811, 0.814198, -0.174283, 0.053120, -0.828634, 0.518422, -0.211200, 0.041725, -0.081607, 0.261381, 0.961780, 0.140840, 0.000000, 0.000000, 0.000000, 1.000000, -0.081460, 0.261287, 0.961818, 0.162833, -0.553811, -0.814199, 0.174281, -0.053120, 0.828648, -0.518468, 0.211028, 0.158323, 0.000000, 0.000000, 0.000000, 1.000000, 0.002709, -0.013961, -0.999899, 0.157092, -0.999449, -0.033127, -0.002245, 0.044714, -0.033092, 0.999354, -0.014043, 0.031198, 0.000000, 0.000000, 0.000000, 1.000000
