# Joint_B_Angle(deg), Cam_X(mm), Cam_Y(mm), Cam_Z(mm), Torso_X(mm), Torso_Y(mm), Torso_Z(mm), EE_X(mm), EE_Y(mm), EE_Z(mm), T_cam2marker_flat(16), T_torso2marker_flat(16), T_ee2marker_flat(16)
-19.9996, -28.7311, -1.6824, 372.1922, 441.1999, 37.7308, 258.7012, 15.5330, -37.9621, -63.4663, 0.279070, 0.953934, -0.110139, -0.028731, -0.952339, 0.289649, 0.095676, -0.001682, 0.123170, 0.078189, 0.989301, 0.372192, 0.000000, 0.000000, 0.000000, 1.000000, 0.123294, 0.078151, 0.989288, 0.441200, -0.279070, -0.953934, 0.110138, 0.037731, 0.952323, -0.289660, -0.095805, 0.258701, 0.000000, 0.000000, 0.000000, 1.000000, -0.999781, 0.020910, 0.000412, 0.015533, -0.000935, -0.064399, 0.997924, -0.037962, 0.020893, 0.997705, 0.064405, -0.063466, 0.000000, 0.000000, 0.000000, 1.000000
-19.9996, -28.7311, -1.6824, 372.1922, 441.1999, 37.7308, 258.7012, 15.5330, -37.9621, -63.4663, 0.279070, 0.953934, -0.110139, -0.028731, -0.952339, 0.289649, 0.095676, -0.001682, 0.123170, 0.078189, 0.989301, 0.372192, 0.000000, 0.000000, 0.000000, 1.000000, 0.123294, 0.078151, 0.989288, 0.441200, -0.279070, -0.953934, 0.110138, 0.037731, 0.952323, -0.289660, -0.095805, 0.258701, 0.000000, 0.000000, 0.000000, 1.000000, -0.999781, 0.020910, 0.000412, 0.015533, -0.000935, -0.064399, 0.997924, -0.037962, 0.020893, 0.997705, 0.064405, -0.063466, 0.000000, 0.000000, 0.000000, 1.000000
-19.9996, -28.7316, -1.6712, 372.1965, 441.2042, 37.7313, 258.6898, 15.5330, -37.9621, -63.4664, 0.279064, 0.953935, -0.110137, -0.028732, -0.952337, 0.289646, 0.095702, -0.001671, 0.123194, 0.078181, 0.989298, 0.372197, 0.000000, 0.000000, 0.000000, 1.000000, 0.123318, 0.078142, 0.989286, 0.441204, -0.279065, -0.953936, 0.110136, 0.037731, 0.952321, -0.289656, -0.095831, 0.258690, 0.000000, 0.000000, 0.000000, 1.000000, -0.999781, 0.020910, 0.000412, 0.015533, -0.000935, -0.064399, 0.997924, -0.037962, 0.020893, 0.997705, 0.064405, -0.063466, 0.000000, 0.000000, 0.000000, 1.000000
-19.9995, -28.7318, -1.6655, 372.1987, 441.2064, 37.7315, 258.6840, 15.5329, -37.9621, -63.4664, 0.279062, 0.953936, -0.110136, -0.028732, -0.952337, 0.289644, 0.095715, -0.001665, 0.123206, 0.078176, 0.989297, 0.372199, 0.000000, 0.000000, 0.000000, 1.000000, 0.123331, 0.078138, 0.989285, 0.441206, -0.279062, -0.953936, 0.110135, 0.037732, 0.952320, -0.289655, -0.095844, 0.258684, 0.000000, 0.000000, 0.000000, 1.000000, -0.999781, 0.020910, 0.000412, 0.015533, -0.000936, -0.064399, 0.997924, -0.037962, 0.020893, 0.997705, 0.064405, -0.063466, 0.000000, 0.000000, 0.000000, 1.000000
-19.9995, -28.7319, -1.6632, 372.1996, 441.2073, 37.7316, 258.6816, 15.5329, -37.9621, -63.4664, 0.279061, 0.953937, -0.110136, -0.028732, -0.952336, 0.289644, 0.095720, -0.001663, 0.123211, 0.078175, 0.989297, 0.372200, 0.000000, 0.000000, 0.000000, 1.000000, 0.123336, 0.078136, 0.989284, 0.441207, -0.279061, -0.953937, 0.110135, 0.037732, 0.952320, -0.289654, -0.095850, 0.258682, 0.000000, 0.000000, 0.000000, 1.000000, -0.999781, 0.020910, 0.000412, 0.015533, -0.000936, -0.064399, 0.997924, -0.037962, 0.020893, 0.997705, 0.064405, -0.063466, 0.000000, 0.000000, 0.000000, 1.000000
-19.9995, -28.7321, -1.6596, 372.2010, 441.2087, 37.7318, 258.6779, 15.5329, -37.9621, -63.4664, 0.279059, 0.953937, -0.110135, -0.028732, -0.952336, 0.289643, 0.095728, -0.001660, 0.123218, 0.078172, 0.989296, 0.372201, 0.000000, 0.000000, 0.000000, 1.000000, 0.123343, 0.078133, 0.989283, 0.441209, -0.279059, -0.953937, 0.110135, 0.037732, 0.952320, -0.289653, -0.095858, 0.258678, 0.000000, 0.000000, 0.000000, 1.000000, -0.999781, 0.020910, 0.000412, 0.015533, -0.000936, -0.064399, 0.997924, -0.037962, 0.020893, 0.997705, 0.064405, -0.063466, 0.000000, 0.000000, 0.000000, 1.000000
-19.9993, -28.7323, -1.6560, 372.2022, 441.2100, 37.7320, 258.6741, 15.5329, -37.9621, -63.4664, 0.279055, 0.953938, -0.110135, -0.028732, -0.952336, 0.289640, 0.095735, -0.001656, 0.123224, 0.078170, 0.989295, 0.372202, 0.000000, 0.000000, 0.000000, 1.000000, 0.123350, 0.078131, 0.989283, 0.441210, -0.279056, -0.953938, 0.110134, 0.037732, 0.952320, -0.289650, -0.095865, 0.258674, 0.000000, 0.000000, 0.000000, 1.000000, -0.999781, 0.020909, 0.000412, 0.015533, -0.000936, -0.064399, 0.997924, -0.037962, 0.020893, 0.997705, 0.064405, -0.063466, 0.000000, 0.000000, 0.000000, 1.000000
-19.9993, -28.7323, -1.6560, 372.2022, 441.2100, 37.7320, 258.6741, 15.5329, -37.9621, -63.4664, 0.279055, 0.953938, -0.110135, -0.028732, -0.952336, 0.289640, 0.095735, -0.001656, 0.123224, 0.078170, 0.989295, 0.372202, 0.000000, 0.000000, 0.000000, 1.000000, 0.123350, 0.078131, 0.989283, 0.441210, -0.279056, -0.953938, 0.110134, 0.037732, 0.952320, -0.289650, -0.095865, 0.258674, 0.000000, 0.000000, 0.000000, 1.000000, -0.999781, 0.020909, 0.000412, 0.015533, -0.000936, -0.064399, 0.997924, -0.037962, 0.020893, 0.997705, 0.064405, -0.063466, 0.000000, 0.000000, 0.000000, 1.000000
-19.9991, -28.7325, -1.6556, 372.2022, 441.2100, 37.7322, 258.6737, 15.5328, -37.9622, -63.4665, 0.279052, 0.953939, -0.110134, -0.028733, -0.952337, 0.289636, 0.095734, -0.001656, 0.123223, 0.078170, 0.989295, 0.372202, 0.000000, 0.000000, 0.000000, 1.000000, 0.123349, 0.078131, 0.989283, 0.441210, -0.279052, -0.953939, 0.110133, 0.037732, 0.952321, -0.289647, -0.095865, 0.258674, 0.000000, 0.000000, 0.000000, 1.000000, -0.999781, 0.020909, 0.000412, 0.015533, -0.000936, -0.064399, 0.997924, -0.037962, 0.020893, 0.997705, 0.064405, -0.063466, 0.000000, 0.000000, 0.000000, 1.000000
-19.9990, -28.7327, -1.6556, 372.2021, 441.2099, 37.7324, 258.6737, 15.5328, -37.9622, -63.4665, 0.279050, 0.953940, -0.110133, -0.028733, -0.952338, 0.289634, 0.095733, -0.001656, 0.123221, 0.078170, 0.989296, 0.372202, 0.000000, 0.000000, 0.000000, 1.000000, 0.123347, 0.078131, 0.989283, 0.441210, -0.279050, -0.953940, 0.110132, 0.037732, 0.952322, -0.289644, -0.095863, 0.258674, 0.000000, 0.000000, 0.000000, 1.000000, -0.999781, 0.020909, 0.000412, 0.015533, -0.000936, -0.064399, 0.997924, -0.037962, 0.020893, 0.997705, 0.064404, -0.063467, 0.000000, 0.000000, 0.000000, 1.000000
-19.9985, -28.7331, -1.6560, 372.2016, 441.2094, 37.7328, 258.6740, 15.5327, -37.9623, -63.4667, 0.279043, 0.953942, -0.110131, -0.028733, -0.952341, 0.289626, 0.095728, -0.001656, 0.123216, 0.078170, 0.989296, 0.372202, 0.000000, 0.000000, 0.000000, 1.000000, 0.123341, 0.078131, 0.989284, 0.441209, -0.279043, -0.953942, 0.110130, 0.037733, 0.952324, -0.289637, -0.095859, 0.258674, 0.000000, 0.000000, 0.000000, 1.000000, -0.999781, 0.020909, 0.000412, 0.015533, -0.000936, -0.064399, 0.997924, -0.037962, 0.020892, 0.997705, 0.064404, -0.063467, 0.000000, 0.000000, 0.000000, 1.000000
-19.9981, -28.7335, -1.6562, 372.2013, 441.2091, 37.7332, 258.6742, 15.5327, -37.9624, -63.4668, 0.279038, 0.953944, -0.110129, -0.028733, -0.952343, 0.289621, 0.095725, -0.001656, 0.123211, 0.078170, 0.989297, 0.372201, 0.000000, 0.000000, 0.000000, 1.000000, 0.123337, 0.078131, 0.989284, 0.441209, -0.279038, -0.953944, 0.110128, 0.037733, 0.952326, -0.289631, -0.095855, 0.258674, 0.000000, 0.000000, 0.000000, 1.000000, -0.999781, 0.020909, 0.000411, 0.015533, -0.000936, -0.064398, 0.997924, -0.037962, 0.020892, 0.997705, 0.064404, -0.063467, 0.000000, 0.000000, 0.000000, 1.000000
-19.9972, -28.7344, -1.6566, 372.2005, 441.2083, 37.7341, 258.6745, 15.5325, -37.9626, -63.4671, 0.279025, 0.953948, -0.110124, -0.028734, -0.952348, 0.289606, 0.095716, -0.001657, 0.123201, 0.078170, 0.989298, 0.372201, 0.000000, 0.000000, 0.000000, 1.000000, 0.123327, 0.078130, 0.989286, 0.441208, -0.279025, -0.953948, 0.110124, 0.037734, 0.952332, -0.289617, -0.095847, 0.258675, 0.000000, 0.000000, 0.000000, 1.000000, -0.999781, 0.020909, 0.000411, 0.015532, -0.000937, -0.064398, 0.997924, -0.037963, 0.020892, 0.997705, 0.064403, -0.063467, 0.000000, 0.000000, 0.000000, 1.000000
-19.9959, -28.7357, -1.6567, 372.1997, 441.2075, 37.7354, 258.6746, 15.5323, -37.9629, -63.4675, 0.279007, 0.953955, -0.110118, -0.028736, -0.952355, 0.289586, 0.095705, -0.001657, 0.123187, 0.078169, 0.989300, 0.372200, 0.000000, 0.000000, 0.000000, 1.000000, 0.123313, 0.078130, 0.989287, 0.441207, -0.279007, -0.953955, 0.110117, 0.037735, 0.952339, -0.289597, -0.095836, 0.258675, 0.000000, 0.000000, 0.000000, 1.000000, -0.999781, 0.020909, 0.000411, 0.015532, -0.000937, -0.064397, 0.997924, -0.037963, 0.020892, 0.997705, 0.064402, -0.063467, 0.000000, 0.000000, 0.000000, 1.000000
-19.9951, -28.7365, -1.6566, 372.1992, 441.2070, 37.7362, 258.6744, 15.5321, -37.9631, -63.4677, 0.278995, 0.953958, -0.110114, -0.028737, -0.952360, 0.289574, 0.095699, -0.001657, 0.123179, 0.078168, 0.989301, 0.372199, 0.000000, 0.000000, 0.000000, 1.000000, 0.123305, 0.078129, 0.989288, 0.441207, -0.278995, -0.953959, 0.110113, 0.037736, 0.952343, -0.289584, -0.095830, 0.258674, 0.000000, 0.000000, 0.000000, 1.000000, -0.999781, 0.020909, 0.000410, 0.015532, -0.000937, -0.064396, 0.997924, -0.037963, 0.020892, 0.997705, 0.064402, -0.063468, 0.000000, 0.000000, 0.000000, 1.000000
-19.9932, -28.7386, -1.6557, 372.1983, 441.2061, 37.7383, 258.6735, 15.5318, -37.9636, -63.4683, 0.278967, 0.953968, -0.110103, -0.028739, -0.952370, 0.289543, 0.095685, -0.001656, 0.123161, 0.078166, 0.989304, 0.372198, 0.000000, 0.000000, 0.000000, 1.000000, 0.123287, 0.078127, 0.989291, 0.441206, -0.278967, -0.953968, 0.110103, 0.037738, 0.952354, -0.289553, -0.095817, 0.258674, 0.000000, 0.000000, 0.000000, 1.000000, -0.999781, 0.020909, 0.000409, 0.015532, -0.000938, -0.064395, 0.997924, -0.037964, 0.020892, 0.997705, 0.064400, -0.063468, 0.000000, 0.000000, 0.000000, 1.000000
-19.9920, -28.7398, -1.6549, 372.1978, 441.2056, 37.7395, 258.6727, 15.5316, -37.9638, -63.4687, 0.278950, 0.953974, -0.110097, -0.028740, -0.952377, 0.289525, 0.095678, -0.001655, 0.123150, 0.078165, 0.989305, 0.372198, 0.000000, 0.000000, 0.000000, 1.000000, 0.123276, 0.078126, 0.989292, 0.441206, -0.278950, -0.953974, 0.110097, 0.037740, 0.952360, -0.289535, -0.095809, 0.258673, 0.000000, 0.000000, 0.000000, 1.000000, -0.999781, 0.020909, 0.000409, 0.015532, -0.000939, -0.064394, 0.997924, -0.037964, 0.020892, 0.997705, 0.064400, -0.063469, 0.000000, 0.000000, 0.000000, 1.000000
-19.9893, -28.7428, -1.6525, 372.1970, 441.2048, 37.7425, 258.6703, 15.5311, -37.9645, -63.4695, 0.278910, 0.953987, -0.110083, -0.028743, -0.952391, 0.289482, 0.095662, -0.001652, 0.123127, 0.078161, 0.989308, 0.372197, 0.000000, 0.000000, 0.000000, 1.000000, 0.123253, 0.078122, 0.989296, 0.441205, -0.278910, -0.953987, 0.110082, 0.037742, 0.952375, -0.289492, -0.095793, 0.258670, 0.000000, 0.000000, 0.000000, 1.000000, -0.999781, 0.020908, 0.000408, 0.015531, -0.000940, -0.064392, 0.997924, -0.037964, 0.020891, 0.997706, 0.064398, -0.063470, 0.000000, 0.000000, 0.000000, 1.000000
-19.9860, -28.7463, -1.6488, 372.1963, 441.2041, 37.7460, 258.6667, 15.5305, -37.9652, -63.4706, 0.278862, 0.954003, -0.110065, -0.028746, -0.952409, 0.289430, 0.095644, -0.001649, 0.123101, 0.078156, 0.989312, 0.372196, 0.000000, 0.000000, 0.000000, 1.000000, 0.123227, 0.078117, 0.989299, 0.441204, -0.278862, -0.954003, 0.110065, 0.037746, 0.952392, -0.289441, -0.095775, 0.258667, 0.000000, 0.000000, 0.000000, 1.000000, -0.999781, 0.020908, 0.000406, 0.015531, -0.000941, -0.064390, 0.997924, -0.037965, 0.020891, 0.997706, 0.064395, -0.063471, 0.000000, 0.000000, 0.000000, 1.000000
-19.9842, -28.7483, -1.6465, 372.1960, 441.2038, 37.7480, 258.6644, 15.5302, -37.9656, -63.4711, 0.278835, 0.954012, -0.110055, -0.028748, -0.952418, 0.289401, 0.095634, -0.001647, 0.123087, 0.078153, 0.989314, 0.372196, 0.000000, 0.000000, 0.000000, 1.000000, 0.123213, 0.078114, 0.989301, 0.441204, -0.278835, -0.954012, 0.110055, 0.037748, 0.952402, -0.289412, -0.095766, 0.258664, 0.000000, 0.000000, 0.000000, 1.000000, -0.999781, 0.020908, 0.000406, 0.015530, -0.000942, -0.064389, 0.997924, -0.037966, 0.020890, 0.997706, 0.064394, -0.063471, 0.000000, 0.000000, 0.000000, 1.000000
-19.9801, -28.7528, -1.6408, 372.1956, 441.2034, 37.7525, 258.6587, 15.5295, -37.9666, -63.4724, 0.278774, 0.954032, -0.110033, -0.028753, -0.952440, 0.289337, 0.095615, -0.001641, 0.123056, 0.078145, 0.989318, 0.372196, 0.000000, 0.000000, 0.000000, 1.000000, 0.123183, 0.078106, 0.989306, 0.441203, -0.278774, -0.954032, 0.110033, 0.037753, 0.952424, -0.289347, -0.095746, 0.258659, 0.000000, 0.000000, 0.000000, 1.000000, -0.999781, 0.020907, 0.000404, 0.015529, -0.000943, -0.064386, 0.997925, -0.037967, 0.020890, 0.997706, 0.064391, -0.063472, 0.000000, 0.000000, 0.000000, 1.000000
-19.9755, -28.7580, -1.6336, 372.1955, 441.2033, 37.7577, 258.6514, 15.5287, -37.9677, -63.4738, 0.278705, 0.954055, -0.110008, -0.028758, -0.952464, 0.289263, 0.095594, -0.001634, 0.123024, 0.078136, 0.989323, 0.372195, 0.000000, 0.000000, 0.000000, 1.000000, 0.123150, 0.078097, 0.989310, 0.441203, -0.278705, -0.954055, 0.110007, 0.037758, 0.952448, -0.289274, -0.095726, 0.258651, 0.000000, 0.000000, 0.000000, 1.000000, -0.999781, 0.020906, 0.000402, 0.015529, -0.000945, -0.064382, 0.997925, -0.037968, 0.020889, 0.997706, 0.064388, -0.063474, 0.000000, 0.000000, 0.000000, 1.000000
-19.9730, -28.7609, -1.6294, 372.1955, 441.2033, 37.7606, 258.6472, 15.5282, -37.9683, -63.4746, 0.278668, 0.954068, -0.109994, -0.028761, -0.952478, 0.289223, 0.095584, -0.001629, 0.123007, 0.078131, 0.989326, 0.372196, 0.000000, 0.000000, 0.000000, 1.000000, 0.123133, 0.078092, 0.989313, 0.441203, -0.278668, -0.954068, 0.109994, 0.037761, 0.952461, -0.289233, -0.095715, 0.258647, 0.000000, 0.000000, 0.000000, 1.000000, -0.999781, 0.020906, 0.000401, 0.015528, -0.000946, -0.064381, 0.997925, -0.037968, 0.020888, 0.997706, 0.064386, -0.063475, 0.000000, 0.000000, 0.000000, 1.000000
-19.9675, -28.7670, -1.6196, 372.1958, 441.2036, 37.7667, 258.6375, 15.5273, -37.9695, -63.4763, 0.278585, 0.954095, -0.109964, -0.028767, -0.952506, 0.289136, 0.095563, -0.001620, 0.122970, 0.078119, 0.989331, 0.372196, 0.000000, 0.000000, 0.000000, 1.000000, 0.123096, 0.078080, 0.989318, 0.441204, -0.278586, -0.954095, 0.109964, 0.037767, 0.952490, -0.289146, -0.095694, 0.258637, 0.000000, 0.000000, 0.000000, 1.000000, -0.999781, 0.020905, 0.000399, 0.015527, -0.000948, -0.064377, 0.997925, -0.037970, 0.020888, 0.997707, 0.064383, -0.063476, 0.000000, 0.000000, 0.000000, 1.000000
-19.9645, -28.7704, -1.6141, 372.1960, 441.2038, 37.7701, 258.6320, 15.5268, -37.9702, -63.4772, 0.278541, 0.954110, -0.109948, -0.028770, -0.952522, 0.289089, 0.095552, -0.001614, 0.122952, 0.078113, 0.989334, 0.372196, 0.000000, 0.000000, 0.000000, 1.000000, 0.123078, 0.078074, 0.989321, 0.441204, -0.278541, -0.954110, 0.109947, 0.037770, 0.952505, -0.289099, -0.095683, 0.258632, 0.000000, 0.000000, 0.000000, 1.000000, -0.999781, 0.020905, 0.000398, 0.015527, -0.000949, -0.064375, 0.997925, -0.037970, 0.020887, 0.997707, 0.064381, -0.063477, 0.000000, 0.000000, 0.000000, 1.000000
-19.9582, -28.7775, -1.6018, 372.1968, 441.2046, 37.7772, 258.6197, 15.5256, -37.9717, -63.4792, 0.278447, 0.954142, -0.109913, -0.028778, -0.952554, 0.288988, 0.095530, -0.001602, 0.122912, 0.078099, 0.989340, 0.372197, 0.000000, 0.000000, 0.000000, 1.000000, 0.123038, 0.078060, 0.989327, 0.441205, -0.278447, -0.954142, 0.109913, 0.037777, 0.952538, -0.288998, -0.095661, 0.258620, 0.000000, 0.000000, 0.000000, 1.000000, -0.999781, 0.020904, 0.000395, 0.015526, -0.000952, -0.064370, 0.997926, -0.037972, 0.020886, 0.997707, 0.064376, -0.063479, 0.000000, 0.000000, 0.000000, 1.000000
-19.9549, -28.7813, -1.5950, 372.1973, 441.2051, 37.7810, 258.6130, 15.5250, -37.9724, -63.4802, 0.278397, 0.954159, -0.109895, -0.028781, -0.952572, 0.288935, 0.095519, -0.001595, 0.122892, 0.078091, 0.989343, 0.372197, 0.000000, 0.000000, 0.000000, 1.000000, 0.123018, 0.078052, 0.989330, 0.441205, -0.278397, -0.954159, 0.109894, 0.037781, 0.952555, -0.288945, -0.095650, 0.258613, 0.000000, 0.000000, 0.000000, 1.000000, -0.999781, 0.020903, 0.000393, 0.015525, -0.000953, -0.064368, 0.997926, -0.037972, 0.020885, 0.997707, 0.064374, -0.063480, 0.000000, 0.000000, 0.000000, 1.000000
-19.9514, -28.7853, -1.5879, 372.1979, 441.2057, 37.7850, 258.6059, 15.5244, -37.9732, -63.4813, 0.278345, 0.954176, -0.109876, -0.028785, -0.952589, 0.288880, 0.095508, -0.001588, 0.122872, 0.078083, 0.989346, 0.372198, 0.000000, 0.000000, 0.000000, 1.000000, 0.122998, 0.078044, 0.989333, 0.441206, -0.278345, -0.954176, 0.109875, 0.037785, 0.952573, -0.288890, -0.095638, 0.258606, 0.000000, 0.000000, 0.000000, 1.000000, -0.999781, 0.020903, 0.000392, 0.015524, -0.000954, -0.064366, 0.997926, -0.037973, 0.020885, 0.997707, 0.064372, -0.063481, 0.000000, 0.000000, 0.000000, 1.000000
-19.9366, -28.8024, -1.5553, 372.2010, 441.2088, 37.8021, 258.5734, 15.5218, -37.9767, -63.4859, 0.278120, 0.954251, -0.109793, -0.028802, -0.952666, 0.288642, 0.095464, -0.001555, 0.122787, 0.078046, 0.989359, 0.372201, 0.000000, 0.000000, 0.000000, 1.000000, 0.122913, 0.078007, 0.989347, 0.441209, -0.278120, -0.954251, 0.109793, 0.037802, 0.952650, -0.288652, -0.095594, 0.258573, 0.000000, 0.000000, 0.000000, 1.000000, -0.999781, 0.020901, 0.000386, 0.015522, -0.000960, -0.064356, 0.997927, -0.037977, 0.020882, 0.997708, 0.064362, -0.063486, 0.000000, 0.000000, 0.000000, 1.000000
-19.9326, -28.8069, -1.5463, 372.2020, 441.2098, 37.8066, 258.5644, 15.5211, -37.9776, -63.4871, 0.278060, 0.954271, -0.109771, -0.028807, -0.952686, 0.288579, 0.095453, -0.001546, 0.122766, 0.078036, 0.989363, 0.372202, 0.000000, 0.000000, 0.000000, 1.000000, 0.122891, 0.077997, 0.989350, 0.441210, -0.278060, -0.954271, 0.109771, 0.037807, 0.952670, -0.288589, -0.095584, 0.258564, 0.000000, 0.000000, 0.000000, 1.000000, -0.999781, 0.020900, 0.000384, 0.015521, -0.000962, -0.064353, 0.997927, -0.037978, 0.020882, 0.997708, 0.064359, -0.063487, 0.000000, 0.000000, 0.000000, 1.000000
-19.9245, -28.8164, -1.5272, 372.2042, 441.2120, 37.8161, 258.5454, 15.5196, -37.9795, -63.4896, 0.277936, 0.954312, -0.109726, -0.028816, -0.952728, 0.288448, 0.095432, -0.001527, 0.122722, 0.078015, 0.989370, 0.372204, 0.000000, 0.000000, 0.000000, 1.000000, 0.122847, 0.077976, 0.989357, 0.441212, -0.277936, -0.954312, 0.109725, 0.037816, 0.952712, -0.288458, -0.095562, 0.258545, 0.000000, 0.000000, 0.000000, 1.000000, -0.999782, 0.020899, 0.000381, 0.015520, -0.000965, -0.064347, 0.997927, -0.037979, 0.020880, 0.997709, 0.064353, -0.063490, 0.000000, 0.000000, 0.000000, 1.000000
-19.9160, -28.8262, -1.5068, 372.2067, 441.2145, 37.8259, 258.5250, 15.5181, -37.9814, -63.4922, 0.277808, 0.954355, -0.109679, -0.028826, -0.952771, 0.288312, 0.095411, -0.001507, 0.122678, 0.077993, 0.989377, 0.372207, 0.000000, 0.000000, 0.000000, 1.000000, 0.122803, 0.077954, 0.989365, 0.441214, -0.277808, -0.954355, 0.109678, 0.037826, 0.952755, -0.288322, -0.095541, 0.258525, 0.000000, 0.000000, 0.000000, 1.000000, -0.999782, 0.020898, 0.000377, 0.015518, -0.000969, -0.064341, 0.997927, -0.037981, 0.020879, 0.997709, 0.064348, -0.063492, 0.000000, 0.000000, 0.000000, 1.000000
-19.9116, -28.8313, -1.4961, 372.2081, 441.2158, 37.8310, 258.5144, 15.5174, -37.9824, -63.4936, 0.277742, 0.954377, -0.109654, -0.028831, -0.952793, 0.288242, 0.095401, -0.001496, 0.122656, 0.077981, 0.989381, 0.372208, 0.000000, 0.000000, 0.000000, 1.000000, 0.122781, 0.077943, 0.989368, 0.441216, -0.277742, -0.954377, 0.109654, 0.037831, 0.952777, -0.288252, -0.095531, 0.258514, 0.000000, 0.000000, 0.000000, 1.000000, -0.999782, 0.020897, 0.000375, 0.015517, -0.000970, -0.064338, 0.997928, -0.037982, 0.020878, 0.997709, 0.064345, -0.063494, 0.000000, 0.000000, 0.000000, 1.000000
-19.9028, -28.8416, -1.4739, 372.2111, 441.2188, 37.8413, 258.4923, 15.5158, -37.9845, -63.4963, 0.277607, 0.954422, -0.109605, -0.028842, -0.952838, 0.288099, 0.095382, -0.001474, 0.122611, 0.077957, 0.989388, 0.372211, 0.000000, 0.000000, 0.000000, 1.000000, 0.122736, 0.077919, 0.989376, 0.441219, -0.277607, -0.954422, 0.109604, 0.037841, 0.952822, -0.288110, -0.095512, 0.258492, 0.000000, 0.000000, 0.000000, 1.000000, -0.999782, 0.020896, 0.000371, 0.015516, -0.000974, -0.064332, 0.997928, -0.037984, 0.020876, 0.997710, 0.064339, -0.063496, 0.000000, 0.000000, 0.000000, 1.000000
-19.8983, -28.8469, -1.4623, 372.2127, 441.2204, 37.8466, 258.4808, 15.5150, -37.9855, -63.4977, 0.277538, 0.954445, -0.109580, -0.028847, -0.952861, 0.288027, 0.095372, -0.001462, 0.122589, 0.077945, 0.989392, 0.372213, 0.000000, 0.000000, 0.000000, 1.000000, 0.122714, 0.077906, 0.989380, 0.441220, -0.277538, -0.954445, 0.109579, 0.037847, 0.952845, -0.288037, -0.095502, 0.258481, 0.000000, 0.000000, 0.000000, 1.000000, -0.999782, 0.020895, 0.000369, 0.015515, -0.000976, -0.064329, 0.997928, -0.037985, 0.020876, 0.997710, 0.064335, -0.063498, 0.000000, 0.000000, 0.000000, 1.000000
-19.8844, -28.8632, -1.4262, 372.2178, 441.2255, 37.8629, 258.4448, 15.5125, -37.9887, -63.5020, 0.277326, 0.954515, -0.109502, -0.028863, -0.952931, 0.287804, 0.095345, -0.001426, 0.122523, 0.077906, 0.989403, 0.372218, 0.000000, 0.000000, 0.000000, 1.000000, 0.122648, 0.077868, 0.989391, 0.441225, -0.277326, -0.954515, 0.109501, 0.037863, 0.952915, -0.287814, -0.095474, 0.258445, 0.000000, 0.000000, 0.000000, 1.000000, -0.999782, 0.020893, 0.000363, 0.015513, -0.000981, -0.064320, 0.997929, -0.037989, 0.020873, 0.997711, 0.064326, -0.063502, 0.000000, 0.000000, 0.000000, 1.000000
-19.8750, -28.8743, -1.4010, 372.2215, 441.2292, 37.8740, 258.4197, 15.5108, -37.9909, -63.5049, 0.277182, 0.954563, -0.109449, -0.028874, -0.952979, 0.287652, 0.095328, -0.001401, 0.122479, 0.077880, 0.989411, 0.372222, 0.000000, 0.000000, 0.000000, 1.000000, 0.122604, 0.077841, 0.989398, 0.441229, -0.277182, -0.954563, 0.109448, 0.037874, 0.952963, -0.287662, -0.095457, 0.258420, 0.000000, 0.000000, 0.000000, 1.000000, -0.999782, 0.020892, 0.000359, 0.015511, -0.000985, -0.064313, 0.997929, -0.037991, 0.020871, 0.997711, 0.064320, -0.063505, 0.000000, 0.000000, 0.000000, 1.000000
-19.8703, -28.8799, -1.3882, 372.2235, 441.2311, 37.8796, 258.4069, 15.5100, -37.9919, -63.5064, 0.277110, 0.954587, -0.109423, -0.028880, -0.953003, 0.287576, 0.095319, -0.001388, 0.122458, 0.077866, 0.989414, 0.372223, 0.000000, 0.000000, 0.000000, 1.000000, 0.122582, 0.077828, 0.989402, 0.441231, -0.277110, -0.954587, 0.109422, 0.037880, 0.952987, -0.287586, -0.095448, 0.258407, 0.000000, 0.000000, 0.000000, 1.000000, -0.999782, 0.020891, 0.000357, 0.015510, -0.000987, -0.064310, 0.997929, -0.037992, 0.020871, 0.997711, 0.064316, -0.063506, 0.000000, 0.000000, 0.000000, 1.000000
-19.8607, -28.8911, -1.3620, 372.2275, 441.2352, 37.8908, 258.3809, 15.5083, -37.9941, -63.5093, 0.276963, 0.954636, -0.109369, -0.028891, -0.953051, 0.287422, 0.095304, -0.001362, 0.122415, 0.077839, 0.989422, 0.372228, 0.000000, 0.000000, 0.000000, 1.000000, 0.122539, 0.077800, 0.989410, 0.441235, -0.276964, -0.954636, 0.109368, 0.037891, 0.953035, -0.287432, -0.095432, 0.258381, 0.000000, 0.000000, 0.000000, 1.000000, -0.999782, 0.020889, 0.000353, 0.015508, -0.000991, -0.064303, 0.997930, -0.037994, 0.020869, 0.997712, 0.064310, -0.063509, 0.000000, 0.000000, 0.000000, 1.000000
-19.8559, -28.8968, -1.3487, 372.2296, 441.2373, 37.8965, 258.3676, 15.5074, -37.9952, -63.5108, 0.276890, 0.954660, -0.109342, -0.028897, -0.953075, 0.287345, 0.095296, -0.001349, 0.122394, 0.077825, 0.989426, 0.372230, 0.000000, 0.000000, 0.000000, 1.000000, 0.122518, 0.077787, 0.989413, 0.441237, -0.276890, -0.954660, 0.109341, 0.037896, 0.953059, -0.287355, -0.095425, 0.258368, 0.000000, 0.000000, 0.000000, 1.000000, -0.999782, 0.020889, 0.000351, 0.015507, -0.000993, -0.064300, 0.997930, -0.037995, 0.020868, 0.997712, 0.064307, -0.063511, 0.000000, 0.000000, 0.000000, 1.000000
-19.8463, -28.9082, -1.3217, 372.2340, 441.2416, 37.9079, 258.3407, 15.5057, -37.9974, -63.5138, 0.276742, 0.954709, -0.109288, -0.028908, -0.953123, 0.287190, 0.095282, -0.001322, 0.122352, 0.077796, 0.989433, 0.372234, 0.000000, 0.000000, 0.000000, 1.000000, 0.122476, 0.077758, 0.989421, 0.441242, -0.276742, -0.954709, 0.109287, 0.037908, 0.953107, -0.287200, -0.095410, 0.258341, 0.000000, 0.000000, 0.000000, 1.000000, -0.999782, 0.020887, 0.000347, 0.015506, -0.000997, -0.064293, 0.997931, -0.037997, 0.020866, 0.997712, 0.064300, -0.063514, 0.000000, 0.000000, 0.000000, 1.000000
-19.8415, -28.9139, -1.3080, 372.2362, 441.2438, 37.9136, 258.3271, 15.5048, -37.9986, -63.5153, 0.276668, 0.954734, -0.109261, -0.028914, -0.953147, 0.287112, 0.095275, -0.001308, 0.122332, 0.077782, 0.989437, 0.372236, 0.000000, 0.000000, 0.000000, 1.000000, 0.122455, 0.077744, 0.989424, 0.441244, -0.276668, -0.954734, 0.109260, 0.037914, 0.953131, -0.287122, -0.095403, 0.258327, 0.000000, 0.000000, 0.000000, 1.000000, -0.999782, 0.020886, 0.000345, 0.015505, -0.000999, -0.064290, 0.997931, -0.037999, 0.020865, 0.997713, 0.064297, -0.063515, 0.000000, 0.000000, 0.000000, 1.000000
-19.8319, -28.9253, -1.2804, 372.2407, 441.2483, 37.9250, 258.2996, 15.5031, -38.0008, -63.5182, 0.276520, 0.954783, -0.109207, -0.028925, -0.953195, 0.286957, 0.095261, -0.001280, 0.122291, 0.077754, 0.989444, 0.372241, 0.000000, 0.000000, 0.000000, 1.000000, 0.122415, 0.077716, 0.989432, 0.441248, -0.276521, -0.954783, 0.109206, 0.037925, 0.953179, -0.286967, -0.095389, 0.258300, 0.000000, 0.000000, 0.000000, 1.000000, -0.999782, 0.020885, 0.000341, 0.015503, -0.001003, -0.064284, 0.997931, -0.038001, 0.020864, 0.997713, 0.064290, -0.063518, 0.000000, 0.000000, 0.000000, 1.000000
-19.8223, -28.9367, -1.2526, 372.2453, 441.2529, 37.9364, 258.2719, 15.5014, -38.0030, -63.5212, 0.276373, 0.954832, -0.109153, -0.028937, -0.953243, 0.286802, 0.095249, -0.001253, 0.122252, 0.077725, 0.989451, 0.372245, 0.000000, 0.000000, 0.000000, 1.000000, 0.122375, 0.077687, 0.989439, 0.441253, -0.276373, -0.954832, 0.109152, 0.037936, 0.953227, -0.286812, -0.095377, 0.258272, 0.000000, 0.000000, 0.000000, 1.000000, -0.999782, 0.020883, 0.000336, 0.015501, -0.001007, -0.064277, 0.997932, -0.038003, 0.020862, 0.997714, 0.064284, -0.063521, 0.000000, 0.000000, 0.000000, 1.000000
-19.8175, -28.9424, -1.2386, 372.2477, 441.2552, 37.9421, 258.2580, 15.5005, -38.0041, -63.5227, 0.276300, 0.954856, -0.109126, -0.028942, -0.953267, 0.286725, 0.095243, -0.001239, 0.122233, 0.077710, 0.989455, 0.372248, 0.000000, 0.000000, 0.000000, 1.000000, 0.122355, 0.077673, 0.989442, 0.441255, -0.276300, -0.954856, 0.109125, 0.037942, 0.953251, -0.286735, -0.095371, 0.258258, 0.000000, 0.000000, 0.000000, 1.000000, -0.999782, 0.020883, 0.000334, 0.015501, -0.001009, -0.064274, 0.997932, -0.038004, 0.020861, 0.997714, 0.064281, -0.063523, 0.000000, 0.000000, 0.000000, 1.000000
-19.8128, -28.9481, -1.2246, 372.2500, 441.2576, 37.9478, 258.2441, 15.4997, -38.0052, -63.5241, 0.276226, 0.954880, -0.109099, -0.028948, -0.953291, 0.286648, 0.095237, -0.001225, 0.122213, 0.077696, 0.989458, 0.372250, 0.000000, 0.000000, 0.000000, 1.000000, 0.122336, 0.077658, 0.989446, 0.441258, -0.276226, -0.954880, 0.109098, 0.037948, 0.953275, -0.286658, -0.095365, 0.258244, 0.000000, 0.000000, 0.000000, 1.000000, -0.999782, 0.020882, 0.000332, 0.015500, -0.001011, -0.064270, 0.997932, -0.038005, 0.020860, 0.997714, 0.064278, -0.063524, 0.000000, 0.000000, 0.000000, 1.000000
-19.7987, -28.9649, -1.1826, 372.2572, 441.2647, 37.9646, 258.2023, 15.4971, -38.0084, -63.5285, 0.276008, 0.954952, -0.109019, -0.028965, -0.953361, 0.286419, 0.095221, -0.001183, 0.122157, 0.077653, 0.989468, 0.372257, 0.000000, 0.000000, 0.000000, 1.000000, 0.122279, 0.077615, 0.989456, 0.441265, -0.276008, -0.954953, 0.109019, 0.037965, 0.953345, -0.286429, -0.095348, 0.258202, 0.000000, 0.000000, 0.000000, 1.000000, -0.999782, 0.020880, 0.000326, 0.015497, -0.001017, -0.064261, 0.997933, -0.038008, 0.020858, 0.997715, 0.064268, -0.063529, 0.000000, 0.000000, 0.000000, 1.000000
-19.7940, -28.9704, -1.1686, 372.2596, 441.2671, 37.9701, 258.1884, 15.4963, -38.0095, -63.5300, 0.275937, 0.954976, -0.108993, -0.028970, -0.953384, 0.286344, 0.095216, -0.001169, 0.122139, 0.077639, 0.989472, 0.372260, 0.000000, 0.000000, 0.000000, 1.000000, 0.122261, 0.077601, 0.989460, 0.441267, -0.275937, -0.954976, 0.108992, 0.037970, 0.953368, -0.286354, -0.095343, 0.258188, 0.000000, 0.000000, 0.000000, 1.000000, -0.999782, 0.020879, 0.000324, 0.015496, -0.001019, -0.064258, 0.997933, -0.038009, 0.020857, 0.997715, 0.064265, -0.063530, 0.000000, 0.000000, 0.000000, 1.000000
-19.7848, -28.9815, -1.1408, 372.2645, 441.2719, 37.9812, 258.1607, 15.4946, -38.0116, -63.5328, 0.275794, 0.955023, -0.108941, -0.028981, -0.953430, 0.286194, 0.095207, -0.001141, 0.122103, 0.077610, 0.989478, 0.372264, 0.000000, 0.000000, 0.000000, 1.000000, 0.122224, 0.077573, 0.989466, 0.441272, -0.275794, -0.955023, 0.108940, 0.037981, 0.953414, -0.286204, -0.095333, 0.258161, 0.000000, 0.000000, 0.000000, 1.000000, -0.999782, 0.020878, 0.000320, 0.015495, -0.001022, -0.064251, 0.997933, -0.038012, 0.020855, 0.997715, 0.064259, -0.063533, 0.000000, 0.000000, 0.000000, 1.000000
-19.7802, -28.9869, -1.1270, 372.2669, 441.2743, 37.9866, 258.1470, 15.4938, -38.0126, -63.5342, 0.275724, 0.955047, -0.108915, -0.028987, -0.953452, 0.286120, 0.095202, -0.001127, 0.122085, 0.077596, 0.989482, 0.372267, 0.000000, 0.000000, 0.000000, 1.000000, 0.122207, 0.077559, 0.989470, 0.441274, -0.275724, -0.955047, 0.108915, 0.037987, 0.953437, -0.286130, -0.095328, 0.258147, 0.000000, 0.000000, 0.000000, 1.000000, -0.999782, 0.020877, 0.000318, 0.015494, -0.001024, -0.064248, 0.997933, -0.038013, 0.020854, 0.997716, 0.064256, -0.063534, 0.000000, 0.000000, 0.000000, 1.000000
-19.7712, -28.9977, -1.0994, 372.2718, 441.2792, 37.9974, 258.1195, 15.4922, -38.0147, -63.5370, 0.275584, 0.955093, -0.108864, -0.028998, -0.953497, 0.285974, 0.095193, -0.001099, 0.122051, 0.077568, 0.989488, 0.372272, 0.000000, 0.000000, 0.000000, 1.000000, 0.122172, 0.077531, 0.989476, 0.441279, -0.275584, -0.955093, 0.108863, 0.037997, 0.953482, -0.285984, -0.095319, 0.258120, 0.000000, 0.000000, 0.000000, 1.000000, -0.999782, 0.020875, 0.000314, 0.015492, -0.001028, -0.064242, 0.997934, -0.038015, 0.020853, 0.997716, 0.064249, -0.063537, 0.000000, 0.000000, 0.000000, 1.000000
-19.7622, -29.0084, -1.0719, 372.2766, 441.2840, 38.0081, 258.0923, 15.4906, -38.0168, -63.5398, 0.275445, 0.955138, -0.108814, -0.029008, -0.953542, 0.285829, 0.095185, -0.001072, 0.122017, 0.077540, 0.989495, 0.372277, 0.000000, 0.000000, 0.000000, 1.000000, 0.122138, 0.077503, 0.989483, 0.441284, -0.275445, -0.955139, 0.108813, 0.038008, 0.953526, -0.285838, -0.095310, 0.258092, 0.000000, 0.000000, 0.000000, 1.000000, -0.999782, 0.020874, 0.000310, 0.015491, -0.001032, -0.064236, 0.997934, -0.038017, 0.020851, 0.997716, 0.064243, -0.063540, 0.000000, 0.000000, 0.000000, 1.000000
-19.7578, -29.0137, -1.0583, 372.2790, 441.2864, 38.0134, 258.0787, 15.4898, -38.0178, -63.5412, 0.275377, 0.955161, -0.108789, -0.029014, -0.953564, 0.285757, 0.095181, -0.001058, 0.122000, 0.077526, 0.989498, 0.372279, 0.000000, 0.000000, 0.000000, 1.000000, 0.122121, 0.077489, 0.989486, 0.441286, -0.275377, -0.955161, 0.108788, 0.038013, 0.953548, -0.285766, -0.095306, 0.258079, 0.000000, 0.000000, 0.000000, 1.000000, -0.999782, 0.020873, 0.000308, 0.015490, -0.001034, -0.064233, 0.997934, -0.038018, 0.020850, 0.997717, 0.064240, -0.063541, 0.000000, 0.000000, 0.000000, 1.000000
-19.7534, -29.0190, -1.0447, 372.2814, 441.2888, 38.0187, 258.0652, 15.4890, -38.0188, -63.5425, 0.275308, 0.955184, -0.108764, -0.029019, -0.953586, 0.285685, 0.095177, -0.001045, 0.121984, 0.077512, 0.989501, 0.372281, 0.000000, 0.000000, 0.000000, 1.000000, 0.122104, 0.077476, 0.989489, 0.441289, -0.275308, -0.955184, 0.108763, 0.038019, 0.953570, -0.285695, -0.095302, 0.258065, 0.000000, 0.000000, 0.000000, 1.000000, -0.999782, 0.020873, 0.000306, 0.015489, -0.001035, -0.064230, 0.997935, -0.038019, 0.020849, 0.997717, 0.064237, -0.063543, 0.000000, 0.000000, 0.000000, 1.000000
-19.7446, -29.0294, -1.0177, 372.2862, 441.2936, 38.0291, 258.0384, 15.4874, -38.0208, -63.5452, 0.275173, 0.955228, -0.108714, -0.029029, -0.953629, 0.285543, 0.095169, -0.001018, 0.121951, 0.077485, 0.989507, 0.372286, 0.000000, 0.000000, 0.000000, 1.000000, 0.122071, 0.077448, 0.989495, 0.441294, -0.275173, -0.955228, 0.108714, 0.038029, 0.953613, -0.285553, -0.095294, 0.258038, 0.000000, 0.000000, 0.000000, 1.000000, -0.999782, 0.020871, 0.000302, 0.015487, -0.001039, -0.064224, 0.997935, -0.038021, 0.020848, 0.997717, 0.064232, -0.063545, 0.000000, 0.000000, 0.000000, 1.000000
-19.7317, -29.0448, -0.9777, 372.2934, 441.3006, 38.0445, 257.9987, 15.4850, -38.0238, -63.5492, 0.274973, 0.955294, -0.108641, -0.029045, -0.953693, 0.285333, 0.095158, -0.000978, 0.121903, 0.077445, 0.989516, 0.372293, 0.000000, 0.000000, 0.000000, 1.000000, 0.122022, 0.077408, 0.989504, 0.441301, -0.274973, -0.955294, 0.108641, 0.038045, 0.953677, -0.285343, -0.095282, 0.257999, 0.000000, 0.000000, 0.000000, 1.000000, -0.999782, 0.020869, 0.000297, 0.015485, -0.001044, -0.064215, 0.997936, -0.038024, 0.020845, 0.997718, 0.064223, -0.063549, 0.000000, 0.000000, 0.000000, 1.000000
-19.7274, -29.0499, -0.9646, 372.2957, 441.3030, 38.0496, 257.9856, 15.4843, -38.0247, -63.5505, 0.274907, 0.955316, -0.108617, -0.029050, -0.953714, 0.285265, 0.095154, -0.000965, 0.121887, 0.077431, 0.989519, 0.372296, 0.000000, 0.000000, 0.000000, 1.000000, 0.122006, 0.077395, 0.989507, 0.441303, -0.274907, -0.955316, 0.108617, 0.038050, 0.953698, -0.285274, -0.095278, 0.257986, 0.000000, 0.000000, 0.000000, 1.000000, -0.999782, 0.020869, 0.000295, 0.015484, -0.001046, -0.064212, 0.997936, -0.038025, 0.020845, 0.997718, 0.064220, -0.063551, 0.000000, 0.000000, 0.000000, 1.000000
-19.7189, -29.0603, -0.9297, 372.3038, 441.3111, 38.0600, 257.9508, 15.4827, -38.0266, -63.5532, 0.274773, 0.955360, -0.108568, -0.029060, -0.953754, 0.285126, 0.095167, -0.000930, 0.121874, 0.077398, 0.989523, 0.372304, 0.000000, 0.000000, 0.000000, 1.000000, 0.121993, 0.077362, 0.989511, 0.441311, -0.274773, -0.955360, 0.108568, 0.038060, 0.953739, -0.285135, -0.095291, 0.257951, 0.000000, 0.000000, 0.000000, 1.000000, -0.999782, 0.020867, 0.000291, 0.015483, -0.001050, -0.064206, 0.997936, -0.038027, 0.020843, 0.997718, 0.064214, -0.063553, 0.000000, 0.000000, 0.000000, 1.000000
-19.7106, -29.0705, -0.8960, 372.3115, 441.3188, 38.0702, 257.9171, 15.4812, -38.0285, -63.5557, 0.274641, 0.955404, -0.108520, -0.029071, -0.953794, 0.284989, 0.095178, -0.000896, 0.121860, 0.077366, 0.989527, 0.372312, 0.000000, 0.000000, 0.000000, 1.000000, 0.121979, 0.077330, 0.989516, 0.441319, -0.274641, -0.955404, 0.108519, 0.038070, 0.953779, -0.284998, -0.095302, 0.257917, 0.000000, 0.000000, 0.000000, 1.000000, -0.999782, 0.020866, 0.000287, 0.015481, -0.001053, -0.064201, 0.997936, -0.038029, 0.020841, 0.997719, 0.064209, -0.063556, 0.000000, 0.000000, 0.000000, 1.000000
-19.7065, -29.0756, -0.8796, 372.3152, 441.3225, 38.0753, 257.9008, 15.4804, -38.0295, -63.5570, 0.274576, 0.955425, -0.108496, -0.029076, -0.953813, 0.284921, 0.095183, -0.000880, 0.121853, 0.077350, 0.989530, 0.372315, 0.000000, 0.000000, 0.000000, 1.000000, 0.121972, 0.077314, 0.989518, 0.441322, -0.274576, -0.955425, 0.108496, 0.038075, 0.953798, -0.284931, -0.095306, 0.257901, 0.000000, 0.000000, 0.000000, 1.000000, -0.999782, 0.020865, 0.000285, 0.015480, -0.001055, -0.064198, 0.997937, -0.038029, 0.020840, 0.997719, 0.064206, -0.063557, 0.000000, 0.000000, 0.000000, 1.000000
-19.6983, -29.0855, -0.8478, 372.3223, 441.3295, 38.0852, 257.8690, 15.4789, -38.0313, -63.5595, 0.274447, 0.955467, -0.108449, -0.029086, -0.953853, 0.284787, 0.095191, -0.000848, 0.121837, 0.077320, 0.989534, 0.372322, 0.000000, 0.000000, 0.000000, 1.000000, 0.121955, 0.077284, 0.989522, 0.441330, -0.274447, -0.955467, 0.108449, 0.038085, 0.953837, -0.284797, -0.095314, 0.257869, 0.000000, 0.000000, 0.000000, 1.000000, -0.999782, 0.020864, 0.000282, 0.015479, -0.001059, -0.064192, 0.997937, -0.038031, 0.020839, 0.997719, 0.064201, -0.063560, 0.000000, 0.000000, 0.000000, 1.000000
-19.6943, -29.0904, -0.8325, 372.3256, 441.3329, 38.0901, 257.8537, 15.4782, -38.0323, -63.5608, 0.274383, 0.955488, -0.108426, -0.029090, -0.953872, 0.284721, 0.095194, -0.000832, 0.121828, 0.077305, 0.989536, 0.372326, 0.000000, 0.000000, 0.000000, 1.000000, 0.121947, 0.077269, 0.989524, 0.441333, -0.274383, -0.955488, 0.108425, 0.038090, 0.953857, -0.284731, -0.095317, 0.257854, 0.000000, 0.000000, 0.000000, 1.000000, -0.999782, 0.020863, 0.000280, 0.015478, -0.001060, -0.064190, 0.997937, -0.038032, 0.020838, 0.997720, 0.064198, -0.063561, 0.000000, 0.000000, 0.000000, 1.000000
-19.6862, -29.1001, -0.8026, 372.3320, 441.3393, 38.0998, 257.8239, 15.4767, -38.0341, -63.5633, 0.274257, 0.955530, -0.108380, -0.029100, -0.953911, 0.284590, 0.095199, -0.000803, 0.121809, 0.077276, 0.989541, 0.372332, 0.000000, 0.000000, 0.000000, 1.000000, 0.121928, 0.077240, 0.989529, 0.441339, -0.274257, -0.955530, 0.108380, 0.038100, 0.953895, -0.284600, -0.095322, 0.257824, 0.000000, 0.000000, 0.000000, 1.000000, -0.999782, 0.020862, 0.000276, 0.015477, -0.001064, -0.064184, 0.997937, -0.038034, 0.020837, 0.997720, 0.064193, -0.063563, 0.000000, 0.000000, 0.000000, 1.000000
-19.6783, -29.1097, -0.7740, 372.3380, 441.3452, 38.1094, 257.7953, 15.4753, -38.0359, -63.5657, 0.274133, 0.955570, -0.108335, -0.029110, -0.953949, 0.284461, 0.095201, -0.000774, 0.121788, 0.077248, 0.989546, 0.372338, 0.000000, 0.000000, 0.000000, 1.000000, 0.121907, 0.077212, 0.989534, 0.441345, -0.274133, -0.955570, 0.108334, 0.038109, 0.953934, -0.284470, -0.095324, 0.257795, 0.000000, 0.000000, 0.000000, 1.000000, -0.999782, 0.020861, 0.000273, 0.015475, -0.001067, -0.064179, 0.997938, -0.038036, 0.020835, 0.997720, 0.064187, -0.063566, 0.000000, 0.000000, 0.000000, 1.000000
-19.6783, -29.1097, -0.7740, 372.3380, 441.3452, 38.1094, 257.7953, 15.4753, -38.0359, -63.5657, 0.274133, 0.955570, -0.108335, -0.029110, -0.953949, 0.284461, 0.095201, -0.000774, 0.121788, 0.077248, 0.989546, 0.372338, 0.000000, 0.000000, 0.000000, 1.000000, 0.121907, 0.077212, 0.989534, 0.441345, -0.274133, -0.955570, 0.108334, 0.038109, 0.953934, -0.284470, -0.095324, 0.257795, 0.000000, 0.000000, 0.000000, 1.000000, -0.999782, 0.020861, 0.000273, 0.015475, -0.001067, -0.064179, 0.997938, -0.038036, 0.020835, 0.997720, 0.064187, -0.063566, 0.000000, 0.000000, 0.000000, 1.000000
-19.6704, -29.1191, -0.7466, 372.3435, 441.3507, 38.1188, 257.7680, 15.4739, -38.0377, -63.5681, 0.274009, 0.955611, -0.108290, -0.029119, -0.953987, 0.284332, 0.095201, -0.000747, 0.121766, 0.077221, 0.989550, 0.372344, 0.000000, 0.000000, 0.000000, 1.000000, 0.121884, 0.077185, 0.989539, 0.441351, -0.274009, -0.955611, 0.108289, 0.038119, 0.953972, -0.284342, -0.095324, 0.257768, 0.000000, 0.000000, 0.000000, 1.000000, -0.999782, 0.020859, 0.000269, 0.015474, -0.001070, -0.064174, 0.997938, -0.038038, 0.020834, 0.997721, 0.064182, -0.063568, 0.000000, 0.000000, 0.000000, 1.000000
-19.6587, -29.1330, -0.7078, 372.3510, 441.3582, 38.1327, 257.7293, 15.4717, -38.0403, -63.5717, 0.273828, 0.955670, -0.108224, -0.029133, -0.954044, 0.284142, 0.095197, -0.000708, 0.121728, 0.077183, 0.989558, 0.372351, 0.000000, 0.000000, 0.000000, 1.000000, 0.121846, 0.077147, 0.989546, 0.441358, -0.273828, -0.955671, 0.108223, 0.038133, 0.954029, -0.284152, -0.095319, 0.257729, 0.000000, 0.000000, 0.000000, 1.000000, -0.999782, 0.020858, 0.000264, 0.015472, -0.001075, -0.064166, 0.997939, -0.038040, 0.020831, 0.997721, 0.064174, -0.063572, 0.000000, 0.000000, 0.000000, 1.000000
