# Joint_A_Angle(deg), Cam_X(mm), Cam_Y(mm), Cam_Z(mm), Torso_X(mm), Torso_Y(mm), Torso_Z(mm), EE_X(mm), EE_Y(mm), EE_Z(mm), T_cam2marker_flat(16), T_torso2marker_flat(16), T_ee2marker_flat(16)
-20.0225, -9.4664, 11.5122, 172.6404, 241.6441, 18.4663, 245.5433, 81.3477, 8.4040, -12.8211, 0.578119, -0.814361, -0.050934, -0.009466, 0.812825, 0.580240, -0.051348, 0.011512, 0.071370, -0.011716, 0.997381, 0.172640, 0.000000, 0.000000, 0.000000, 1.000000, 0.071303, -0.011762, 0.997385, 0.241644, -0.578119, 0.814361, 0.050934, 0.018466, -0.812831, -0.580239, 0.051266, 0.245543, 0.000000, 0.000000, 0.000000, 1.000000, 0.000153, 0.101056, -0.994881, 0.081348, -0.998440, -0.055533, -0.005794, 0.008404, -0.055834, 0.993330, 0.100890, -0.012821, 0.000000, 0.000000, 0.000000, 1.000000
-20.0000, -9.4375, 11.4874, 172.6929, 241.6966, 18.4374, 245.5682, 81.3470, 8.4041, -12.8225, 0.578118, -0.814342, -0.051257, -0.009438, 0.812826, 0.580260, -0.051118, 0.011487, 0.071369, -0.012111, 0.997376, 0.172693, 0.000000, 0.000000, 0.000000, 1.000000, 0.071303, -0.012157, 0.997381, 0.241697, -0.578118, 0.814342, 0.051256, 0.018437, -0.812832, -0.580259, 0.051036, 0.245568, 0.000000, 0.000000, 0.000000, 1.000000, 0.000153, 0.101056, -0.994881, 0.081347, -0.998440, -0.055533, -0.005794, 0.008404, -0.055834, 0.993330, 0.100890, -0.012822, 0.000000, 0.000000, 0.000000, 1.000000
-19.9786, -9.4102, 11.4638, 172.7427, 241.7464, 18.4100, 245.5918, 81.3464, 8.4042, -12.8237, 0.578117, -0.814323, -0.051562, -0.009410, 0.812826, 0.580278, -0.050900, 0.011464, 0.071369, -0.012485, 0.997372, 0.172743, 0.000000, 0.000000, 0.000000, 1.000000, 0.071303, -0.012532, 0.997376, 0.241746, -0.578117, 0.814323, 0.051561, 0.018410, -0.812832, -0.580277, 0.050819, 0.245592, 0.000000, 0.000000, 0.000000, 1.000000, 0.000153, 0.101056, -0.994881, 0.081346, -0.998440, -0.055533, -0.005794, 0.008404, -0.055834, 0.993330, 0.100890, -0.012824, 0.000000, 0.000000, 0.000000, 1.000000
-19.9652, -9.3930, 11.4489, 172.7740, 241.7777, 18.3929, 245.6068, 81.3460, 8.4042, -12.8245, 0.578117, -0.814311, -0.051754, -0.009393, 0.812827, 0.580289, -0.050763, 0.011449, 0.071369, -0.012721, 0.997369, 0.172774, 0.000000, 0.000000, 0.000000, 1.000000, 0.071303, -0.012767, 0.997373, 0.241778, -0.578117, 0.814311, 0.051754, 0.018393, -0.812833, -0.580288, 0.050682, 0.245607, 0.000000, 0.000000, 0.000000, 1.000000, 0.000153, 0.101056, -0.994881, 0.081346, -0.998440, -0.055533, -0.005794, 0.008404, -0.055834, 0.993330, 0.100890, -0.012825, 0.000000, 0.000000, 0.000000, 1.000000
-19.9525, -9.3768, 11.4348, 172.8036, 241.8073, 18.3767, 245.6209, 81.3457, 8.4043, -12.8253, 0.578116, -0.814300, -0.051936, -0.009377, 0.812827, 0.580300, -0.050634, 0.011435, 0.071370, -0.012943, 0.997366, 0.172804, 0.000000, 0.000000, 0.000000, 1.000000, 0.071303, -0.012989, 0.997370, 0.241807, -0.578116, 0.814300, 0.051935, 0.018377, -0.812833, -0.580299, 0.050553, 0.245621, 0.000000, 0.000000, 0.000000, 1.000000, 0.000153, 0.101056, -0.994881, 0.081346, -0.998440, -0.055533, -0.005795, 0.008404, -0.055834, 0.993330, 0.100890, -0.012825, 0.000000, 0.000000, 0.000000, 1.000000
-19.9405, -9.3617, 11.4215, 172.8314, 241.8350, 18.3615, 245.6342, 81.3453, 8.4043, -12.8260, 0.578116, -0.814289, -0.052107, -0.009362, 0.812827, 0.580310, -0.050513, 0.011422, 0.071370, -0.013152, 0.997363, 0.172831, 0.000000, 0.000000, 0.000000, 1.000000, 0.071304, -0.013198, 0.997367, 0.241835, -0.578116, 0.814289, 0.052106, 0.018361, -0.812833, -0.580309, 0.050432, 0.245634, 0.000000, 0.000000, 0.000000, 1.000000, 0.000153, 0.101056, -0.994881, 0.081345, -0.998440, -0.055533, -0.005795, 0.008404, -0.055834, 0.993330, 0.100890, -0.012826, 0.000000, 0.000000, 0.000000, 1.000000
-19.9295, -9.3476, 11.4092, 172.8572, 241.8609, 18.3474, 245.6466, 81.3450, 8.4043, -12.8267, 0.578115, -0.814279, -0.052265, -0.009348, 0.812828, 0.580320, -0.050400, 0.011409, 0.071370, -0.013346, 0.997361, 0.172857, 0.000000, 0.000000, 0.000000, 1.000000, 0.071304, -0.013392, 0.997365, 0.241861, -0.578115, 0.814279, 0.052264, 0.018347, -0.812833, -0.580319, 0.050320, 0.245647, 0.000000, 0.000000, 0.000000, 1.000000, 0.000153, 0.101056, -0.994881, 0.081345, -0.998440, -0.055533, -0.005795, 0.008404, -0.055834, 0.993330, 0.100890, -0.012827, 0.000000, 0.000000, 0.000000, 1.000000
-19.9192, -9.3345, 11.3977, 172.8811, 241.8848, 18.3343, 245.6581, 81.3447, 8.4044, -12.8273, 0.578115, -0.814270, -0.052412, -0.009335, 0.812828, 0.580328, -0.050296, 0.011398, 0.071370, -0.013525, 0.997358, 0.172881, 0.000000, 0.000000, 0.000000, 1.000000, 0.071305, -0.013571, 0.997362, 0.241885, -0.578115, 0.814270, 0.052411, 0.018334, -0.812834, -0.580327, 0.050216, 0.245658, 0.000000, 0.000000, 0.000000, 1.000000, 0.000153, 0.101056, -0.994881, 0.081345, -0.998440, -0.055533, -0.005795, 0.008404, -0.055834, 0.993330, 0.100890, -0.012827, 0.000000, 0.000000, 0.000000, 1.000000
-19.9098, -9.3226, 11.3872, 172.9031, 241.9068, 18.3224, 245.6687, 81.3444, 8.4044, -12.8278, 0.578115, -0.814262, -0.052547, -0.009323, 0.812828, 0.580336, -0.050200, 0.011387, 0.071371, -0.013690, 0.997356, 0.172903, 0.000000, 0.000000, 0.000000, 1.000000, 0.071305, -0.013736, 0.997360, 0.241907, -0.578115, 0.814262, 0.052546, 0.018322, -0.812834, -0.580335, 0.050120, 0.245669, 0.000000, 0.000000, 0.000000, 1.000000, 0.000153, 0.101056, -0.994881, 0.081344, -0.998440, -0.055533, -0.005795, 0.008404, -0.055834, 0.993330, 0.100890, -0.012828, 0.000000, 0.000000, 0.000000, 1.000000
-19.9012, -9.3117, 11.3776, 172.9231, 241.9268, 18.3115, 245.6783, 81.3442, 8.4044, -12.8283, 0.578114, -0.814254, -0.052670, -0.009312, 0.812828, 0.580344, -0.050113, 0.011378, 0.071371, -0.013841, 0.997354, 0.172923, 0.000000, 0.000000, 0.000000, 1.000000, 0.071306, -0.013886, 0.997358, 0.241927, -0.578114, 0.814254, 0.052669, 0.018311, -0.812834, -0.580343, 0.050033, 0.245678, 0.000000, 0.000000, 0.000000, 1.000000, 0.000153, 0.101056, -0.994881, 0.081344, -0.998440, -0.055533, -0.005795, 0.008404, -0.055834, 0.993330, 0.100890, -0.012828, 0.000000, 0.000000, 0.000000, 1.000000
-19.8899, -9.2973, 11.3648, 172.9496, 241.9532, 18.2971, 245.6911, 81.3438, 8.4045, -12.8290, 0.578114, -0.814244, -0.052832, -0.009297, 0.812829, 0.580353, -0.049998, 0.011365, 0.071372, -0.014039, 0.997351, 0.172950, 0.000000, 0.000000, 0.000000, 1.000000, 0.071307, -0.014084, 0.997355, 0.241953, -0.578114, 0.814244, 0.052831, 0.018297, -0.812834, -0.580352, 0.049919, 0.245691, 0.000000, 0.000000, 0.000000, 1.000000, 0.000153, 0.101056, -0.994881, 0.081344, -0.998440, -0.055533, -0.005795, 0.008404, -0.055834, 0.993330, 0.100890, -0.012829, 0.000000, 0.000000, 0.000000, 1.000000
-19.8803, -9.2852, 11.3541, 172.9718, 241.9754, 18.2850, 245.7020, 81.3436, 8.4045, -12.8296, 0.578114, -0.814235, -0.052969, -0.009285, 0.812829, 0.580361, -0.049902, 0.011354, 0.071373, -0.014206, 0.997349, 0.172972, 0.000000, 0.000000, 0.000000, 1.000000, 0.071308, -0.014251, 0.997353, 0.241975, -0.578114, 0.814235, 0.052968, 0.018285, -0.812834, -0.580360, 0.049823, 0.245702, 0.000000, 0.000000, 0.000000, 1.000000, 0.000153, 0.101056, -0.994881, 0.081344, -0.998440, -0.055533, -0.005795, 0.008405, -0.055834, 0.993330, 0.100890, -0.012830, 0.000000, 0.000000, 0.000000, 1.000000
-19.8775, -9.2817, 11.3509, 172.9783, 241.9820, 18.2815, 245.7052, 81.3435, 8.4045, -12.8298, 0.578113, -0.814233, -0.053009, -0.009282, 0.812829, 0.580364, -0.049873, 0.011351, 0.071373, -0.014255, 0.997348, 0.172978, 0.000000, 0.000000, 0.000000, 1.000000, 0.071308, -0.014300, 0.997352, 0.241982, -0.578113, 0.814233, 0.053008, 0.018281, -0.812835, -0.580362, 0.049795, 0.245705, 0.000000, 0.000000, 0.000000, 1.000000, 0.000153, 0.101056, -0.994881, 0.081343, -0.998440, -0.055533, -0.005795, 0.008405, -0.055834, 0.993330, 0.100890, -0.012830, 0.000000, 0.000000, 0.000000, 1.000000
-19.8701, -9.2723, 11.3425, 172.9956, 241.9992, 18.2721, 245.7136, 81.3433, 8.4046, -12.8302, 0.578113, -0.814226, -0.053115, -0.009272, 0.812829, 0.580370, -0.049798, 0.011343, 0.071374, -0.014385, 0.997346, 0.172996, 0.000000, 0.000000, 0.000000, 1.000000, 0.071309, -0.014429, 0.997350, 0.241999, -0.578113, 0.814226, 0.053115, 0.018272, -0.812835, -0.580369, 0.049720, 0.245714, 0.000000, 0.000000, 0.000000, 1.000000, 0.000153, 0.101056, -0.994881, 0.081343, -0.998440, -0.055533, -0.005795, 0.008405, -0.055834, 0.993330, 0.100890, -0.012830, 0.000000, 0.000000, 0.000000, 1.000000
-19.8660, -9.2671, 11.3378, 173.0052, 242.0088, 18.2669, 245.7184, 81.3431, 8.4046, -12.8304, 0.578113, -0.814222, -0.053175, -0.009267, 0.812829, 0.580373, -0.049757, 0.011338, 0.071374, -0.014457, 0.997345, 0.173005, 0.000000, 0.000000, 0.000000, 1.000000, 0.071310, -0.014502, 0.997349, 0.242009, -0.578113, 0.814222, 0.053174, 0.018267, -0.812835, -0.580372, 0.049679, 0.245718, 0.000000, 0.000000, 0.000000, 1.000000, 0.000154, 0.101056, -0.994881, 0.081343, -0.998440, -0.055533, -0.005795, 0.008405, -0.055834, 0.993330, 0.100890, -0.012830, 0.000000, 0.000000, 0.000000, 1.000000
-19.8624, -9.2626, 11.3337, 173.0135, 242.0170, 18.2624, 245.7225, 81.3430, 8.4046, -12.8307, 0.578113, -0.814219, -0.053226, -0.009263, 0.812829, 0.580376, -0.049721, 0.011334, 0.071375, -0.014519, 0.997344, 0.173013, 0.000000, 0.000000, 0.000000, 1.000000, 0.071311, -0.014564, 0.997348, 0.242017, -0.578113, 0.814219, 0.053225, 0.018262, -0.812835, -0.580375, 0.049643, 0.245723, 0.000000, 0.000000, 0.000000, 1.000000, 0.000154, 0.101056, -0.994881, 0.081343, -0.998440, -0.055533, -0.005795, 0.008405, -0.055834, 0.993330, 0.100890, -0.012831, 0.000000, 0.000000, 0.000000, 1.000000
-19.8594, -9.2588, 11.3303, 173.0204, 242.0240, 18.2586, 245.7261, 81.3430, 8.4046, -12.8308, 0.578113, -0.814216, -0.053269, -0.009259, 0.812829, 0.580379, -0.049690, 0.011330, 0.071375, -0.014572, 0.997343, 0.173020, 0.000000, 0.000000, 0.000000, 1.000000, 0.071311, -0.014617, 0.997347, 0.242024, -0.578113, 0.814216, 0.053268, 0.018259, -0.812835, -0.580378, 0.049613, 0.245726, 0.000000, 0.000000, 0.000000, 1.000000, 0.000154, 0.101056, -0.994881, 0.081343, -0.998440, -0.055533, -0.005795, 0.008405, -0.055834, 0.993330, 0.100890, -0.012831, 0.000000, 0.000000, 0.000000, 1.000000
-19.8557, -9.2541, 11.3261, 173.0288, 242.0324, 18.2540, 245.7303, 81.3428, 8.4046, -12.8311, 0.578113, -0.814213, -0.053321, -0.009254, 0.812829, 0.580382, -0.049653, 0.011326, 0.071375, -0.014636, 0.997342, 0.173029, 0.000000, 0.000000, 0.000000, 1.000000, 0.071312, -0.014680, 0.997346, 0.242032, -0.578113, 0.814213, 0.053321, 0.018254, -0.812835, -0.580381, 0.049576, 0.245730, 0.000000, 0.000000, 0.000000, 1.000000, 0.000154, 0.101056, -0.994881, 0.081343, -0.998440, -0.055533, -0.005795, 0.008405, -0.055834, 0.993330, 0.100890, -0.012831, 0.000000, 0.000000, 0.000000, 1.000000
-19.8538, -9.2516, 11.3238, 173.0333, 242.0368, 18.2515, 245.7327, 81.3428, 8.4046, -12.8312, 0.578113, -0.814211, -0.053349, -0.009252, 0.812829, 0.580384, -0.049634, 0.011324, 0.071375, -0.014670, 0.997342, 0.173033, 0.000000, 0.000000, 0.000000, 1.000000, 0.071312, -0.014714, 0.997345, 0.242037, -0.578113, 0.814211, 0.053349, 0.018251, -0.812835, -0.580383, 0.049557, 0.245733, 0.000000, 0.000000, 0.000000, 1.000000, 0.000154, 0.101056, -0.994881, 0.081343, -0.998440, -0.055533, -0.005795, 0.008405, -0.055834, 0.993330, 0.100890, -0.012831, 0.000000, 0.000000, 0.000000, 1.000000
-19.8521, -9.2496, 11.3220, 173.0369, 242.0404, 18.2494, 245.7346, 81.3427, 8.4046, -12.8313, 0.578113, -0.814209, -0.053373, -0.009250, 0.812829, 0.580385, -0.049617, 0.011322, 0.071376, -0.014698, 0.997341, 0.173037, 0.000000, 0.000000, 0.000000, 1.000000, 0.071313, -0.014742, 0.997345, 0.242040, -0.578113, 0.814209, 0.053372, 0.018249, -0.812835, -0.580384, 0.049541, 0.245735, 0.000000, 0.000000, 0.000000, 1.000000, 0.000154, 0.101056, -0.994881, 0.081343, -0.998440, -0.055533, -0.005795, 0.008405, -0.055834, 0.993330, 0.100890, -0.012831, 0.000000, 0.000000, 0.000000, 1.000000
-19.8496, -9.2463, 11.3191, 173.0425, 242.0460, 18.2462, 245.7377, 81.3427, 8.4046, -12.8314, 0.578113, -0.814207, -0.053408, -0.009246, 0.812829, 0.580388, -0.049592, 0.011319, 0.071376, -0.014742, 0.997341, 0.173042, 0.000000, 0.000000, 0.000000, 1.000000, 0.071313, -0.014785, 0.997344, 0.242046, -0.578113, 0.814207, 0.053407, 0.018246, -0.812834, -0.580386, 0.049516, 0.245738, 0.000000, 0.000000, 0.000000, 1.000000, 0.000154, 0.101056, -0.994881, 0.081343, -0.998440, -0.055533, -0.005795, 0.008405, -0.055834, 0.993330, 0.100890, -0.012831, 0.000000, 0.000000, 0.000000, 1.000000
-19.8486, -9.2450, 11.3179, 173.0447, 242.0481, 18.2448, 245.7389, 81.3426, 8.4046, -12.8315, 0.578113, -0.814206, -0.053423, -0.009245, 0.812829, 0.580389, -0.049582, 0.011318, 0.071376, -0.014759, 0.997340, 0.173045, 0.000000, 0.000000, 0.000000, 1.000000, 0.071314, -0.014803, 0.997344, 0.242048, -0.578113, 0.814206, 0.053422, 0.018245, -0.812834, -0.580387, 0.049506, 0.245739, 0.000000, 0.000000, 0.000000, 1.000000, 0.000154, 0.101056, -0.994881, 0.081343, -0.998440, -0.055533, -0.005795, 0.008405, -0.055834, 0.993330, 0.100890, -0.012831, 0.000000, 0.000000, 0.000000, 1.000000
-19.8476, -9.2429, 11.3217, 173.0496, 242.0530, 18.2427, 245.7351, 81.3426, 8.4046, -12.8315, 0.578110, -0.814207, -0.053435, -0.009243, 0.812832, 0.580386, -0.049555, 0.011322, 0.071361, -0.014785, 0.997341, 0.173050, 0.000000, 0.000000, 0.000000, 1.000000, 0.071299, -0.014829, 0.997345, 0.242053, -0.578110, 0.814207, 0.053434, 0.018243, -0.812838, -0.580385, 0.049479, 0.245735, 0.000000, 0.000000, 0.000000, 1.000000, 0.000154, 0.101056, -0.994881, 0.081343, -0.998440, -0.055533, -0.005795, 0.008405, -0.055834, 0.993330, 0.100890, -0.012832, 0.000000, 0.000000, 0.000000, 1.000000
-19.8467, -9.2408, 11.3250, 173.0542, 242.0577, 18.2407, 245.7317, 81.3426, 8.4047, -12.8316, 0.578108, -0.814208, -0.053447, -0.009241, 0.812835, 0.580384, -0.049530, 0.011325, 0.071347, -0.014810, 0.997342, 0.173054, 0.000000, 0.000000, 0.000000, 1.000000, 0.071285, -0.014853, 0.997345, 0.242058, -0.578108, 0.814208, 0.053446, 0.018241, -0.812840, -0.580383, 0.049454, 0.245732, 0.000000, 0.000000, 0.000000, 1.000000, 0.000154, 0.101056, -0.994881, 0.081343, -0.998440, -0.055533, -0.005795, 0.008405, -0.055834, 0.993330, 0.100890, -0.012832, 0.000000, 0.000000, 0.000000, 1.000000
-19.8457, -9.2388, 11.3279, 173.0586, 242.0621, 18.2386, 245.7289, 81.3426, 8.4047, -12.8317, 0.578106, -0.814209, -0.053460, -0.009239, 0.812838, 0.580383, -0.049506, 0.011328, 0.071335, -0.014834, 0.997342, 0.173059, 0.000000, 0.000000, 0.000000, 1.000000, 0.071273, -0.014878, 0.997346, 0.242062, -0.578106, 0.814209, 0.053459, 0.018239, -0.812843, -0.580382, 0.049430, 0.245729, 0.000000, 0.000000, 0.000000, 1.000000, 0.000154, 0.101056, -0.994881, 0.081343, -0.998440, -0.055533, -0.005795, 0.008405, -0.055834, 0.993330, 0.100890, -0.012832, 0.000000, 0.000000, 0.000000, 1.000000
-19.8440, -9.2357, 11.3309, 173.0651, 242.0686, 18.2355, 245.7258, 81.3425, 8.4047, -12.8318, 0.578103, -0.814209, -0.053482, -0.009236, 0.812841, 0.580381, -0.049472, 0.011331, 0.071321, -0.014873, 0.997343, 0.173065, 0.000000, 0.000000, 0.000000, 1.000000, 0.071258, -0.014916, 0.997346, 0.242069, -0.578103, 0.814209, 0.053481, 0.018236, -0.812846, -0.580380, 0.049396, 0.245726, 0.000000, 0.000000, 0.000000, 1.000000, 0.000154, 0.101056, -0.994881, 0.081343, -0.998440, -0.055533, -0.005795, 0.008405, -0.055834, 0.993330, 0.100890, -0.012832, 0.000000, 0.000000, 0.000000, 1.000000
-19.8427, -9.2335, 11.3320, 173.0695, 242.0730, 18.2333, 245.7247, 81.3425, 8.4047, -12.8318, 0.578101, -0.814209, -0.053500, -0.009233, 0.812843, 0.580380, -0.049449, 0.011332, 0.071313, -0.014900, 0.997343, 0.173070, 0.000000, 0.000000, 0.000000, 1.000000, 0.071250, -0.014944, 0.997347, 0.242073, -0.578101, 0.814209, 0.053499, 0.018233, -0.812848, -0.580379, 0.049374, 0.245725, 0.000000, 0.000000, 0.000000, 1.000000, 0.000154, 0.101056, -0.994881, 0.081342, -0.998440, -0.055533, -0.005795, 0.008405, -0.055834, 0.993330, 0.100890, -0.012832, 0.000000, 0.000000, 0.000000, 1.000000
-19.8411, -9.2311, 11.3324, 173.0741, 242.0776, 18.2309, 245.7243, 81.3424, 8.4047, -12.8319, 0.578100, -0.814209, -0.053521, -0.009231, 0.812844, 0.580380, -0.049426, 0.011332, 0.071306, -0.014931, 0.997343, 0.173074, 0.000000, 0.000000, 0.000000, 1.000000, 0.071244, -0.014974, 0.997347, 0.242078, -0.578100, 0.814209, 0.053520, 0.018231, -0.812850, -0.580379, 0.049351, 0.245724, 0.000000, 0.000000, 0.000000, 1.000000, 0.000154, 0.101056, -0.994881, 0.081342, -0.998440, -0.055533, -0.005795, 0.008405, -0.055834, 0.993330, 0.100890, -0.012832, 0.000000, 0.000000, 0.000000, 1.000000
-19.8393, -9.2284, 11.3320, 173.0789, 242.0824, 18.2283, 245.7247, 81.3424, 8.4047, -12.8320, 0.578099, -0.814208, -0.053546, -0.009228, 0.812845, 0.580381, -0.049403, 0.011332, 0.071301, -0.014965, 0.997343, 0.173079, 0.000000, 0.000000, 0.000000, 1.000000, 0.071239, -0.015008, 0.997346, 0.242082, -0.578099, 0.814208, 0.053545, 0.018228, -0.812851, -0.580379, 0.049327, 0.245725, 0.000000, 0.000000, 0.000000, 1.000000, 0.000154, 0.101056, -0.994881, 0.081342, -0.998440, -0.055533, -0.005795, 0.008405, -0.055834, 0.993330, 0.100890, -0.012832, 0.000000, 0.000000, 0.000000, 1.000000
-19.8373, -9.2255, 11.3308, 173.0841, 242.0876, 18.2254, 245.7259, 81.3423, 8.4047, -12.8322, 0.578098, -0.814206, -0.053574, -0.009226, 0.812846, 0.580382, -0.049379, 0.011331, 0.071298, -0.015002, 0.997342, 0.173084, 0.000000, 0.000000, 0.000000, 1.000000, 0.071236, -0.015045, 0.997346, 0.242088, -0.578098, 0.814206, 0.053573, 0.018225, -0.812852, -0.580380, 0.049303, 0.245726, 0.000000, 0.000000, 0.000000, 1.000000, 0.000154, 0.101056, -0.994881, 0.081342, -0.998440, -0.055533, -0.005795, 0.008405, -0.055834, 0.993330, 0.100890, -0.012832, 0.000000, 0.000000, 0.000000, 1.000000
-19.8349, -9.2223, 11.3288, 173.0897, 242.0932, 18.2221, 245.7279, 81.3422, 8.4047, -12.8323, 0.578098, -0.814205, -0.053608, -0.009222, 0.812847, 0.580383, -0.049352, 0.011329, 0.071296, -0.015044, 0.997342, 0.173090, 0.000000, 0.000000, 0.000000, 1.000000, 0.071234, -0.015088, 0.997346, 0.242093, -0.578098, 0.814205, 0.053607, 0.018222, -0.812852, -0.580382, 0.049277, 0.245728, 0.000000, 0.000000, 0.000000, 1.000000, 0.000154, 0.101056, -0.994881, 0.081342, -0.998440, -0.055533, -0.005795, 0.008405, -0.055834, 0.993330, 0.100890, -0.012832, 0.000000, 0.000000, 0.000000, 1.000000
-19.8321, -9.2187, 11.3260, 173.0960, 242.0995, 18.2185, 245.7307, 81.3422, 8.4047, -12.8325, 0.578098, -0.814202, -0.053646, -0.009219, 0.812847, 0.580385, -0.049324, 0.011326, 0.071295, -0.015092, 0.997341, 0.173096, 0.000000, 0.000000, 0.000000, 1.000000, 0.071233, -0.015135, 0.997345, 0.242099, -0.578098, 0.814202, 0.053645, 0.018219, -0.812852, -0.580384, 0.049248, 0.245731, 0.000000, 0.000000, 0.000000, 1.000000, 0.000154, 0.101056, -0.994881, 0.081342, -0.998440, -0.055533, -0.005795, 0.008405, -0.055834, 0.993330, 0.100890, -0.012832, 0.000000, 0.000000, 0.000000, 1.000000
-19.8255, -9.2102, 11.3180, 173.1104, 242.1139, 18.2100, 245.7388, 81.3420, 8.4047, -12.8329, 0.578098, -0.814196, -0.053740, -0.009210, 0.812847, 0.580391, -0.049260, 0.011318, 0.071297, -0.015205, 0.997339, 0.173110, 0.000000, 0.000000, 0.000000, 1.000000, 0.071235, -0.015249, 0.997343, 0.242114, -0.578098, 0.814196, 0.053739, 0.018210, -0.812852, -0.580390, 0.049184, 0.245739, 0.000000, 0.000000, 0.000000, 1.000000, 0.000154, 0.101056, -0.994881, 0.081342, -0.998440, -0.055533, -0.005795, 0.008405, -0.055834, 0.993330, 0.100890, -0.012833, 0.000000, 0.000000, 0.000000, 1.000000
-19.8216, -9.2048, 11.3153, 173.1202, 242.1237, 18.2046, 245.7415, 81.3419, 8.4047, -12.8331, 0.578097, -0.814193, -0.053795, -0.009205, 0.812848, 0.580393, -0.049214, 0.011315, 0.071292, -0.015276, 0.997338, 0.173120, 0.000000, 0.000000, 0.000000, 1.000000, 0.071230, -0.015320, 0.997342, 0.242124, -0.578097, 0.814193, 0.053794, 0.018205, -0.812853, -0.580392, 0.049138, 0.245741, 0.000000, 0.000000, 0.000000, 1.000000, 0.000154, 0.101056, -0.994881, 0.081342, -0.998440, -0.055533, -0.005795, 0.008405, -0.055834, 0.993330, 0.100890, -0.012833, 0.000000, 0.000000, 0.000000, 1.000000
-19.8172, -9.1985, 11.3140, 173.1322, 242.1357, 18.1983, 245.7427, 81.3417, 8.4048, -12.8333, 0.578095, -0.814190, -0.053856, -0.009199, 0.812850, 0.580395, -0.049158, 0.011314, 0.071281, -0.015359, 0.997338, 0.173132, 0.000000, 0.000000, 0.000000, 1.000000, 0.071219, -0.015402, 0.997342, 0.242136, -0.578095, 0.814191, 0.053855, 0.018198, -0.812856, -0.580393, 0.049082, 0.245743, 0.000000, 0.000000, 0.000000, 1.000000, 0.000154, 0.101056, -0.994881, 0.081342, -0.998440, -0.055533, -0.005795, 0.008405, -0.055834, 0.993330, 0.100890, -0.012833, 0.000000, 0.000000, 0.000000, 1.000000
-19.8124, -9.1918, 11.3115, 173.1447, 242.1482, 18.1917, 245.7451, 81.3416, 8.4048, -12.8336, 0.578093, -0.814187, -0.053922, -0.009192, 0.812852, 0.580397, -0.049100, 0.011312, 0.071273, -0.015447, 0.997337, 0.173145, 0.000000, 0.000000, 0.000000, 1.000000, 0.071210, -0.015491, 0.997341, 0.242148, -0.578093, 0.814187, 0.053922, 0.018192, -0.812858, -0.580396, 0.049023, 0.245745, 0.000000, 0.000000, 0.000000, 1.000000, 0.000154, 0.101056, -0.994881, 0.081342, -0.998440, -0.055533, -0.005795, 0.008405, -0.055834, 0.993330, 0.100890, -0.012834, 0.000000, 0.000000, 0.000000, 1.000000
-19.8072, -9.1847, 11.3079, 173.1578, 242.1613, 18.1846, 245.7487, 81.3414, 8.4048, -12.8339, 0.578091, -0.814183, -0.053996, -0.009185, 0.812854, 0.580400, -0.049039, 0.011308, 0.071266, -0.015542, 0.997336, 0.173158, 0.000000, 0.000000, 0.000000, 1.000000, 0.071203, -0.015586, 0.997340, 0.242161, -0.578092, 0.814183, 0.053995, 0.018185, -0.812859, -0.580398, 0.048963, 0.245749, 0.000000, 0.000000, 0.000000, 1.000000, 0.000154, 0.101056, -0.994881, 0.081341, -0.998440, -0.055533, -0.005795, 0.008405, -0.055834, 0.993330, 0.100890, -0.012834, 0.000000, 0.000000, 0.000000, 1.000000
-19.8015, -9.1772, 11.3030, 173.1716, 242.1751, 18.1770, 245.7535, 81.3413, 8.4048, -12.8343, 0.578090, -0.814179, -0.054076, -0.009177, 0.812855, 0.580403, -0.048977, 0.011303, 0.071262, -0.015643, 0.997335, 0.173172, 0.000000, 0.000000, 0.000000, 1.000000, 0.071199, -0.015687, 0.997339, 0.242175, -0.578091, 0.814179, 0.054075, 0.018177, -0.812860, -0.580402, 0.048900, 0.245753, 0.000000, 0.000000, 0.000000, 1.000000, 0.000154, 0.101056, -0.994881, 0.081341, -0.998440, -0.055533, -0.005796, 0.008405, -0.055834, 0.993330, 0.100890, -0.012834, 0.000000, 0.000000, 0.000000, 1.000000
-19.7954, -9.1692, 11.2970, 173.1861, 242.1896, 18.1690, 245.7594, 81.3411, 8.4048, -12.8346, 0.578090, -0.814174, -0.054163, -0.009169, 0.812856, 0.580408, -0.048912, 0.011297, 0.071260, -0.015751, 0.997333, 0.173186, 0.000000, 0.000000, 0.000000, 1.000000, 0.071196, -0.015795, 0.997337, 0.242190, -0.578090, 0.814174, 0.054162, 0.018169, -0.812861, -0.580407, 0.048835, 0.245759, 0.000000, 0.000000, 0.000000, 1.000000, 0.000154, 0.101056, -0.994881, 0.081341, -0.998440, -0.055533, -0.005796, 0.008405, -0.055834, 0.993330, 0.100890, -0.012835, 0.000000, 0.000000, 0.000000, 1.000000
-19.7922, -9.1650, 11.2936, 173.1935, 242.1971, 18.1648, 245.7628, 81.3410, 8.4049, -12.8348, 0.578090, -0.814171, -0.054208, -0.009165, 0.812856, 0.580410, -0.048879, 0.011294, 0.071259, -0.015807, 0.997333, 0.173194, 0.000000, 0.000000, 0.000000, 1.000000, 0.071196, -0.015851, 0.997336, 0.242197, -0.578090, 0.814171, 0.054208, 0.018165, -0.812861, -0.580409, 0.048802, 0.245763, 0.000000, 0.000000, 0.000000, 1.000000, 0.000154, 0.101056, -0.994881, 0.081341, -0.998440, -0.055533, -0.005796, 0.008405, -0.055834, 0.993330, 0.100890, -0.012835, 0.000000, 0.000000, 0.000000, 1.000000
-19.7818, -9.1517, 11.2817, 173.2171, 242.2207, 18.1516, 245.7747, 81.3407, 8.4049, -12.8355, 0.578090, -0.814161, -0.054356, -0.009152, 0.812856, 0.580419, -0.048776, 0.011282, 0.071260, -0.015987, 0.997330, 0.173217, 0.000000, 0.000000, 0.000000, 1.000000, 0.071197, -0.016031, 0.997333, 0.242221, -0.578090, 0.814161, 0.054355, 0.018152, -0.812861, -0.580418, 0.048698, 0.245775, 0.000000, 0.000000, 0.000000, 1.000000, 0.000154, 0.101056, -0.994881, 0.081341, -0.998440, -0.055533, -0.005796, 0.008405, -0.055834, 0.993330, 0.100890, -0.012835, 0.000000, 0.000000, 0.000000, 1.000000
-19.7704, -9.1374, 11.2675, 173.2423, 242.2459, 18.1372, 245.7887, 81.3404, 8.4049, -12.8361, 0.578090, -0.814150, -0.054518, -0.009137, 0.812855, 0.580430, -0.048666, 0.011268, 0.071265, -0.016182, 0.997326, 0.173242, 0.000000, 0.000000, 0.000000, 1.000000, 0.071201, -0.016227, 0.997330, 0.242246, -0.578090, 0.814150, 0.054517, 0.018137, -0.812860, -0.580428, 0.048588, 0.245789, 0.000000, 0.000000, 0.000000, 1.000000, 0.000154, 0.101056, -0.994881, 0.081340, -0.998440, -0.055533, -0.005796, 0.008405, -0.055834, 0.993330, 0.100890, -0.012836, 0.000000, 0.000000, 0.000000, 1.000000
-19.7580, -9.1220, 11.2514, 173.2693, 242.2729, 18.1218, 245.8049, 81.3400, 8.4050, -12.8369, 0.578091, -0.814137, -0.054694, -0.009122, 0.812853, 0.580441, -0.048549, 0.011251, 0.071273, -0.016392, 0.997322, 0.173269, 0.000000, 0.000000, 0.000000, 1.000000, 0.071209, -0.016437, 0.997326, 0.242273, -0.578091, 0.814137, 0.054693, 0.018122, -0.812859, -0.580440, 0.048471, 0.245805, 0.000000, 0.000000, 0.000000, 1.000000, 0.000154, 0.101056, -0.994881, 0.081340, -0.998440, -0.055533, -0.005796, 0.008405, -0.055834, 0.993330, 0.100890, -0.012837, 0.000000, 0.000000, 0.000000, 1.000000
-19.7493, -9.1112, 11.2396, 173.2881, 242.2917, 18.1111, 245.8166, 81.3398, 8.4050, -12.8374, 0.578092, -0.814128, -0.054818, -0.009111, 0.812852, 0.580450, -0.048469, 0.011240, 0.071279, -0.016540, 0.997319, 0.173288, 0.000000, 0.000000, 0.000000, 1.000000, 0.071215, -0.016585, 0.997323, 0.242292, -0.578092, 0.814128, 0.054818, 0.018111, -0.812858, -0.580449, 0.048390, 0.245817, 0.000000, 0.000000, 0.000000, 1.000000, 0.000154, 0.101056, -0.994881, 0.081340, -0.998440, -0.055533, -0.005796, 0.008405, -0.055834, 0.993330, 0.100890, -0.012837, 0.000000, 0.000000, 0.000000, 1.000000
-19.7402, -9.1001, 11.2272, 173.3075, 242.3112, 18.0999, 245.8289, 81.3395, 8.4050, -12.8379, 0.578094, -0.814118, -0.054948, -0.009100, 0.812851, 0.580459, -0.048385, 0.011227, 0.071286, -0.016693, 0.997316, 0.173308, 0.000000, 0.000000, 0.000000, 1.000000, 0.071222, -0.016738, 0.997320, 0.242311, -0.578094, 0.814118, 0.054947, 0.018100, -0.812856, -0.580458, 0.048307, 0.245829, 0.000000, 0.000000, 0.000000, 1.000000, 0.000154, 0.101056, -0.994881, 0.081340, -0.998440, -0.055533, -0.005796, 0.008405, -0.055834, 0.993330, 0.100890, -0.012838, 0.000000, 0.000000, 0.000000, 1.000000
-19.7309, -9.0886, 11.2143, 173.3276, 242.3312, 18.0885, 245.8418, 81.3392, 8.4051, -12.8385, 0.578095, -0.814108, -0.055081, -0.009089, 0.812849, 0.580469, -0.048299, 0.011214, 0.071294, -0.016851, 0.997313, 0.173328, 0.000000, 0.000000, 0.000000, 1.000000, 0.071229, -0.016896, 0.997317, 0.242331, -0.578095, 0.814108, 0.055080, 0.018088, -0.812854, -0.580467, 0.048221, 0.245842, 0.000000, 0.000000, 0.000000, 1.000000, 0.000154, 0.101056, -0.994881, 0.081339, -0.998440, -0.055533, -0.005795, 0.008405, -0.055834, 0.993330, 0.100890, -0.012838, 0.000000, 0.000000, 0.000000, 1.000000
-19.7212, -9.0768, 11.2009, 173.3482, 242.3518, 18.0766, 245.8552, 81.3390, 8.4051, -12.8391, 0.578097, -0.814098, -0.055219, -0.009077, 0.812847, 0.580479, -0.048211, 0.011201, 0.071302, -0.017014, 0.997310, 0.173348, 0.000000, 0.000000, 0.000000, 1.000000, 0.071238, -0.017059, 0.997313, 0.242352, -0.578097, 0.814098, 0.055218, 0.018077, -0.812853, -0.580477, 0.048133, 0.245855, 0.000000, 0.000000, 0.000000, 1.000000, 0.000154, 0.101056, -0.994881, 0.081339, -0.998440, -0.055533, -0.005795, 0.008405, -0.055834, 0.993330, 0.100890, -0.012839, 0.000000, 0.000000, 0.000000, 1.000000
-19.7113, -9.0647, 11.1870, 173.3694, 242.3730, 18.0645, 245.8691, 81.3387, 8.4051, -12.8397, 0.578098, -0.814087, -0.055361, -0.009065, 0.812845, 0.580489, -0.048121, 0.011187, 0.071311, -0.017181, 0.997306, 0.173369, 0.000000, 0.000000, 0.000000, 1.000000, 0.071246, -0.017226, 0.997310, 0.242373, -0.578098, 0.814087, 0.055360, 0.018065, -0.812851, -0.580488, 0.048042, 0.245869, 0.000000, 0.000000, 0.000000, 1.000000, 0.000154, 0.101056, -0.994881, 0.081339, -0.998440, -0.055533, -0.005795, 0.008405, -0.055834, 0.993330, 0.100890, -0.012840, 0.000000, 0.000000, 0.000000, 1.000000
-19.7011, -9.0523, 11.1728, 173.3911, 242.3947, 18.0521, 245.8832, 81.3384, 8.4052, -12.8403, 0.578100, -0.814076, -0.055506, -0.009052, 0.812843, 0.580499, -0.048028, 0.011173, 0.071319, -0.017353, 0.997303, 0.173391, 0.000000, 0.000000, 0.000000, 1.000000, 0.071255, -0.017398, 0.997306, 0.242395, -0.578100, 0.814076, 0.055505, 0.018052, -0.812849, -0.580498, 0.047949, 0.245883, 0.000000, 0.000000, 0.000000, 1.000000, 0.000154, 0.101056, -0.994881, 0.081338, -0.998440, -0.055533, -0.005795, 0.008405, -0.055834, 0.993330, 0.100890, -0.012840, 0.000000, 0.000000, 0.000000, 1.000000
-19.6906, -9.0395, 11.1584, 173.4134, 242.4171, 18.0394, 245.8977, 81.3381, 8.4052, -12.8409, 0.578102, -0.814064, -0.055655, -0.009040, 0.812841, 0.580510, -0.047932, 0.011158, 0.071328, -0.017529, 0.997299, 0.173413, 0.000000, 0.000000, 0.000000, 1.000000, 0.071263, -0.017574, 0.997303, 0.242417, -0.578102, 0.814064, 0.055654, 0.018039, -0.812847, -0.580509, 0.047853, 0.245898, 0.000000, 0.000000, 0.000000, 1.000000, 0.000154, 0.101056, -0.994881, 0.081338, -0.998440, -0.055533, -0.005795, 0.008405, -0.055834, 0.993330, 0.100890, -0.012841, 0.000000, 0.000000, 0.000000, 1.000000
-19.6746, -9.0200, 11.1363, 173.4478, 242.4515, 18.0198, 245.9197, 81.3376, 8.4052, -12.8418, 0.578105, -0.814047, -0.055883, -0.009020, 0.812838, 0.580527, -0.047785, 0.011136, 0.071341, -0.017800, 0.997293, 0.173448, 0.000000, 0.000000, 0.000000, 1.000000, 0.071276, -0.017845, 0.997297, 0.242451, -0.578105, 0.814047, 0.055883, 0.018020, -0.812843, -0.580525, 0.047706, 0.245920, 0.000000, 0.000000, 0.000000, 1.000000, 0.000154, 0.101056, -0.994881, 0.081338, -0.998440, -0.055533, -0.005795, 0.008405, -0.055834, 0.993330, 0.100890, -0.012842, 0.000000, 0.000000, 0.000000, 1.000000
-19.6637, -9.0066, 11.1214, 173.4713, 242.4750, 18.0064, 245.9346, 81.3373, 8.4053, -12.8425, 0.578107, -0.814034, -0.056039, -0.009007, 0.812836, 0.580538, -0.047684, 0.011121, 0.071349, -0.017984, 0.997289, 0.173471, 0.000000, 0.000000, 0.000000, 1.000000, 0.071284, -0.018029, 0.997293, 0.242475, -0.578107, 0.814035, 0.056038, 0.018006, -0.812841, -0.580537, 0.047605, 0.245935, 0.000000, 0.000000, 0.000000, 1.000000, 0.000154, 0.101056, -0.994881, 0.081337, -0.998440, -0.055533, -0.005795, 0.008405, -0.055834, 0.993330, 0.100890, -0.012843, 0.000000, 0.000000, 0.000000, 1.000000
-19.6526, -8.9931, 11.1065, 173.4952, 242.4989, 17.9929, 245.9495, 81.3370, 8.4053, -12.8432, 0.578109, -0.814022, -0.056196, -0.008993, 0.812834, 0.580549, -0.047581, 0.011107, 0.071357, -0.018171, 0.997285, 0.173495, 0.000000, 0.000000, 0.000000, 1.000000, 0.071292, -0.018217, 0.997289, 0.242499, -0.578109, 0.814022, 0.056196, 0.017993, -0.812839, -0.580548, 0.047502, 0.245949, 0.000000, 0.000000, 0.000000, 1.000000, 0.000154, 0.101056, -0.994881, 0.081337, -0.998440, -0.055533, -0.005795, 0.008405, -0.055834, 0.993330, 0.100890, -0.012843, 0.000000, 0.000000, 0.000000, 1.000000
-19.6415, -8.9794, 11.0917, 173.5194, 242.5231, 17.9793, 245.9643, 81.3367, 8.4053, -12.8438, 0.578111, -0.814010, -0.056355, -0.008979, 0.812832, 0.580561, -0.047477, 0.011092, 0.071364, -0.018361, 0.997281, 0.173519, 0.000000, 0.000000, 0.000000, 1.000000, 0.071300, -0.018406, 0.997285, 0.242523, -0.578111, 0.814010, 0.056355, 0.017979, -0.812837, -0.580559, 0.047398, 0.245964, 0.000000, 0.000000, 0.000000, 1.000000, 0.000154, 0.101056, -0.994881, 0.081337, -0.998440, -0.055533, -0.005795, 0.008405, -0.055834, 0.993330, 0.100890, -0.012844, 0.000000, 0.000000, 0.000000, 1.000000
-19.6246, -8.9587, 11.0695, 173.5563, 242.5600, 17.9586, 245.9865, 81.3362, 8.4054, -12.8448, 0.578113, -0.813991, -0.056596, -0.008959, 0.812829, 0.580577, -0.047318, 0.011070, 0.071375, -0.018648, 0.997275, 0.173556, 0.000000, 0.000000, 0.000000, 1.000000, 0.071310, -0.018693, 0.997279, 0.242560, -0.578113, 0.813991, 0.056595, 0.017959, -0.812835, -0.580576, 0.047239, 0.245986, 0.000000, 0.000000, 0.000000, 1.000000, 0.000154, 0.101056, -0.994881, 0.081336, -0.998440, -0.055533, -0.005795, 0.008405, -0.055834, 0.993330, 0.100890, -0.012845, 0.000000, 0.000000, 0.000000, 1.000000
-19.6133, -8.9435, 11.0624, 173.5854, 242.5891, 17.9434, 245.9935, 81.3358, 8.4054, -12.8455, 0.578111, -0.813982, -0.056755, -0.008944, 0.812832, 0.580584, -0.047185, 0.011062, 0.071358, -0.018854, 0.997273, 0.173585, 0.000000, 0.000000, 0.000000, 1.000000, 0.071293, -0.018900, 0.997276, 0.242589, -0.578111, 0.813982, 0.056754, 0.017943, -0.812838, -0.580582, 0.047105, 0.245993, 0.000000, 0.000000, 0.000000, 1.000000, 0.000154, 0.101056, -0.994881, 0.081336, -0.998440, -0.055533, -0.005795, 0.008405, -0.055834, 0.993330, 0.100890, -0.012846, 0.000000, 0.000000, 0.000000, 1.000000
-19.6077, -8.9358, 11.0599, 173.6006, 242.6043, 17.9356, 245.9959, 81.3357, 8.4054, -12.8458, 0.578109, -0.813978, -0.056834, -0.008936, 0.812835, 0.580586, -0.047115, 0.011060, 0.071347, -0.018959, 0.997271, 0.173601, 0.000000, 0.000000, 0.000000, 1.000000, 0.071282, -0.019005, 0.997275, 0.242604, -0.578109, 0.813978, 0.056833, 0.017936, -0.812840, -0.580585, 0.047035, 0.245996, 0.000000, 0.000000, 0.000000, 1.000000, 0.000154, 0.101056, -0.994881, 0.081336, -0.998440, -0.055533, -0.005795, 0.008405, -0.055834, 0.993330, 0.100890, -0.012846, 0.000000, 0.000000, 0.000000, 1.000000
-19.5910, -8.9128, 11.0514, 173.6453, 242.6491, 17.9126, 246.0042, 81.3352, 8.4055, -12.8468, 0.578103, -0.813965, -0.057070, -0.008913, 0.812841, 0.580594, -0.046909, 0.011051, 0.071317, -0.019271, 0.997268, 0.173645, 0.000000, 0.000000, 0.000000, 1.000000, 0.071250, -0.019317, 0.997271, 0.242649, -0.578103, 0.813965, 0.057069, 0.017913, -0.812847, -0.580592, 0.046828, 0.246004, 0.000000, 0.000000, 0.000000, 1.000000, 0.000154, 0.101056, -0.994881, 0.081335, -0.998440, -0.055533, -0.005795, 0.008406, -0.055834, 0.993330, 0.100890, -0.012847, 0.000000, 0.000000, 0.000000, 1.000000
-19.5799, -8.8977, 11.0447, 173.6744, 242.6782, 17.8975, 246.0107, 81.3349, 8.4055, -12.8475, 0.578100, -0.813957, -0.057227, -0.008898, 0.812845, 0.580599, -0.046776, 0.011045, 0.071300, -0.019475, 0.997265, 0.173674, 0.000000, 0.000000, 0.000000, 1.000000, 0.071233, -0.019522, 0.997269, 0.242678, -0.578100, 0.813957, 0.057226, 0.017898, -0.812850, -0.580598, 0.046695, 0.246011, 0.000000, 0.000000, 0.000000, 1.000000, 0.000154, 0.101056, -0.994881, 0.081335, -0.998440, -0.055533, -0.005795, 0.008406, -0.055834, 0.993330, 0.100890, -0.012848, 0.000000, 0.000000, 0.000000, 1.000000
-19.5689, -8.8829, 11.0373, 173.7029, 242.7067, 17.8828, 246.0180, 81.3346, 8.4056, -12.8482, 0.578098, -0.813947, -0.057383, -0.008883, 0.812848, 0.580605, -0.046648, 0.011037, 0.071286, -0.019677, 0.997262, 0.173703, 0.000000, 0.000000, 0.000000, 1.000000, 0.071218, -0.019724, 0.997266, 0.242707, -0.578098, 0.813947, 0.057382, 0.017883, -0.812854, -0.580604, 0.046565, 0.246018, 0.000000, 0.000000, 0.000000, 1.000000, 0.000154, 0.101056, -0.994881, 0.081335, -0.998440, -0.055533, -0.005795, 0.008406, -0.055834, 0.993330, 0.100890, -0.012848, 0.000000, 0.000000, 0.000000, 1.000000
-19.5634, -8.8756, 11.0333, 173.7168, 242.7206, 17.8755, 246.0219, 81.3344, 8.4056, -12.8485, 0.578096, -0.813943, -0.057460, -0.008876, 0.812849, 0.580608, -0.046585, 0.011033, 0.071279, -0.019776, 0.997260, 0.173717, 0.000000, 0.000000, 0.000000, 1.000000, 0.071212, -0.019823, 0.997264, 0.242721, -0.578096, 0.813943, 0.057460, 0.017875, -0.812855, -0.580607, 0.046502, 0.246022, 0.000000, 0.000000, 0.000000, 1.000000, 0.000154, 0.101056, -0.994881, 0.081334, -0.998440, -0.055533, -0.005795, 0.008406, -0.055834, 0.993330, 0.100890, -0.012848, 0.000000, 0.000000, 0.000000, 1.000000
-19.5472, -8.8542, 11.0203, 173.7574, 242.7613, 17.8540, 246.0347, 81.3339, 8.4057, -12.8495, 0.578094, -0.813929, -0.057690, -0.008854, 0.812853, 0.580618, -0.046403, 0.011020, 0.071265, -0.020069, 0.997256, 0.173757, 0.000000, 0.000000, 0.000000, 1.000000, 0.071196, -0.020117, 0.997259, 0.242761, -0.578094, 0.813929, 0.057690, 0.017854, -0.812858, -0.580617, 0.046319, 0.246035, 0.000000, 0.000000, 0.000000, 1.000000, 0.000154, 0.101056, -0.994881, 0.081334, -0.998440, -0.055533, -0.005795, 0.008406, -0.055834, 0.993330, 0.100890, -0.012849, 0.000000, 0.000000, 0.000000, 1.000000
-19.5365, -8.8403, 11.0109, 173.7835, 242.7874, 17.8402, 246.0440, 81.3336, 8.4057, -12.8501, 0.578092, -0.813919, -0.057841, -0.008840, 0.812854, 0.580625, -0.046287, 0.011011, 0.071258, -0.020259, 0.997252, 0.173784, 0.000000, 0.000000, 0.000000, 1.000000, 0.071189, -0.020307, 0.997256, 0.242787, -0.578092, 0.813919, 0.057841, 0.017840, -0.812860, -0.580624, 0.046203, 0.246044, 0.000000, 0.000000, 0.000000, 1.000000, 0.000154, 0.101056, -0.994881, 0.081334, -0.998440, -0.055533, -0.005795, 0.008406, -0.055834, 0.993330, 0.100890, -0.012850, 0.000000, 0.000000, 0.000000, 1.000000
-19.5261, -8.8268, 11.0008, 173.8088, 242.8127, 17.8266, 246.0539, 81.3333, 8.4057, -12.8507, 0.578091, -0.813909, -0.057990, -0.008827, 0.812855, 0.580633, -0.046175, 0.011001, 0.071253, -0.020444, 0.997249, 0.173809, 0.000000, 0.000000, 0.000000, 1.000000, 0.071184, -0.020493, 0.997253, 0.242813, -0.578091, 0.813909, 0.057990, 0.017827, -0.812861, -0.580631, 0.046091, 0.246054, 0.000000, 0.000000, 0.000000, 1.000000, 0.000154, 0.101056, -0.994881, 0.081333, -0.998440, -0.055533, -0.005795, 0.008406, -0.055834, 0.993330, 0.100890, -0.012851, 0.000000, 0.000000, 0.000000, 1.000000
-19.5057, -8.8008, 10.9792, 173.8568, 242.8608, 17.8007, 246.0754, 81.3328, 8.4058, -12.8519, 0.578090, -0.813889, -0.058281, -0.008801, 0.812856, 0.580648, -0.045965, 0.010979, 0.071251, -0.020802, 0.997241, 0.173857, 0.000000, 0.000000, 0.000000, 1.000000, 0.071181, -0.020851, 0.997245, 0.242861, -0.578090, 0.813889, 0.058280, 0.017801, -0.812862, -0.580646, 0.045880, 0.246075, 0.000000, 0.000000, 0.000000, 1.000000, 0.000154, 0.101056, -0.994881, 0.081333, -0.998440, -0.055533, -0.005795, 0.008406, -0.055834, 0.993330, 0.100890, -0.012852, 0.000000, 0.000000, 0.000000, 1.000000
-19.4958, -8.7884, 10.9677, 173.8796, 242.8835, 17.7882, 246.0867, 81.3325, 8.4058, -12.8525, 0.578090, -0.813879, -0.058422, -0.008788, 0.812856, 0.580656, -0.045867, 0.010968, 0.071253, -0.020973, 0.997238, 0.173880, 0.000000, 0.000000, 0.000000, 1.000000, 0.071183, -0.021023, 0.997242, 0.242884, -0.578090, 0.813879, 0.058421, 0.017788, -0.812862, -0.580654, 0.045781, 0.246087, 0.000000, 0.000000, 0.000000, 1.000000, 0.000154, 0.101056, -0.994881, 0.081332, -0.998440, -0.055533, -0.005795, 0.008406, -0.055834, 0.993330, 0.100890, -0.012853, 0.000000, 0.000000, 0.000000, 1.000000
-19.4861, -8.7763, 10.9560, 173.9014, 242.9054, 17.7762, 246.0983, 81.3322, 8.4059, -12.8531, 0.578090, -0.813869, -0.058560, -0.008776, 0.812855, 0.580664, -0.045772, 0.010956, 0.071256, -0.021140, 0.997234, 0.173901, 0.000000, 0.000000, 0.000000, 1.000000, 0.071186, -0.021190, 0.997238, 0.242905, -0.578091, 0.813869, 0.058559, 0.017776, -0.812862, -0.580662, 0.045686, 0.246098, 0.000000, 0.000000, 0.000000, 1.000000, 0.000154, 0.101056, -0.994881, 0.081332, -0.998440, -0.055533, -0.005795, 0.008406, -0.055834, 0.993330, 0.100890, -0.012853, 0.000000, 0.000000, 0.000000, 1.000000
