# Joint_6_Angle(deg), Cam_X(mm), Cam_Y(mm), Cam_Z(mm), Torso_X(mm), Torso_Y(mm), Torso_Z(mm), EE_X(mm), EE_Y(mm), EE_Z(mm), T_cam2marker_flat(16), T_torso2marker_flat(16), T_ee2marker_flat(16)
-29.9999, 55.1053, -33.7170, 197.3481, 219.3541, -55.1057, 233.7546, 135.0591, 18.2821, 65.2991, 0.890666, 0.419459, 0.175407, 0.055105, -0.443205, 0.887062, 0.129190, -0.033717, -0.101407, -0.192806, 0.975983, 0.197348, 0.000000, 0.000000, 0.000000, 1.000000, -0.101328, -0.192968, 0.975959, 0.219354, -0.890666, -0.419459, -0.175408, -0.055106, 0.443223, -0.887027, -0.129367, 0.233755, 0.000000, 0.000000, 0.000000, 1.000000, -0.084204, -0.001653, -0.996447, 0.135059, -0.995664, -0.039526, 0.084204, 0.018282, -0.039525, 0.999217, 0.001683, 0.065299, 0.000000, 0.000000, 0.000000, 1.000000
-30.0002, 55.1061, -33.7187, 197.3470, 219.3530, -55.1065, 233.7563, 135.0593, 18.2816, 65.2990, 0.890668, 0.419455, 0.175407, 0.055106, -0.443199, 0.887066, 0.129185, -0.033719, -0.101410, -0.192801, 0.975983, 0.197347, 0.000000, 0.000000, 0.000000, 1.000000, -0.101331, -0.192963, 0.975960, 0.219353, -0.890668, -0.419454, -0.175408, -0.055106, 0.443218, -0.887031, -0.129363, 0.233756, 0.000000, 0.000000, 0.000000, 1.000000, -0.084204, -0.001652, -0.996447, 0.135059, -0.995664, -0.039526, 0.084204, 0.018282, -0.039525, 0.999217, 0.001683, 0.065299, 0.000000, 0.000000, 0.000000, 1.000000
-30.0003, 55.1066, -33.7196, 197.3463, 219.3524, -55.1069, 233.7572, 135.0594, 18.2813, 65.2990, 0.890670, 0.419452, 0.175407, 0.055107, -0.443197, 0.887067, 0.129183, -0.033720, -0.101412, -0.192799, 0.975984, 0.197346, 0.000000, 0.000000, 0.000000, 1.000000, -0.101333, -0.192961, 0.975960, 0.219352, -0.890669, -0.419452, -0.175409, -0.055107, 0.443215, -0.887032, -0.129360, 0.233757, 0.000000, 0.000000, 0.000000, 1.000000, -0.084204, -0.001652, -0.996447, 0.135059, -0.995664, -0.039526, 0.084204, 0.018281, -0.039525, 0.999217, 0.001683, 0.065299, 0.000000, 0.000000, 0.000000, 1.000000
-30.0006, 55.1074, -33.7216, 197.3450, 219.3511, -55.1077, 233.7591, 135.0597, 18.2807, 65.2989, 0.890672, 0.419447, 0.175407, 0.055107, -0.443191, 0.887071, 0.129177, -0.033722, -0.101416, -0.192793, 0.975984, 0.197345, 0.000000, 0.000000, 0.000000, 1.000000, -0.101336, -0.192955, 0.975961, 0.219351, -0.890672, -0.419447, -0.175409, -0.055108, 0.443210, -0.887036, -0.129355, 0.233759, 0.000000, 0.000000, 0.000000, 1.000000, -0.084204, -0.001652, -0.996447, 0.135060, -0.995664, -0.039526, 0.084204, 0.018281, -0.039525, 0.999217, 0.001684, 0.065299, 0.000000, 0.000000, 0.000000, 1.000000
-30.0007, 55.1078, -33.7226, 197.3443, 219.3504, -55.1082, 233.7601, 135.0599, 18.2804, 65.2988, 0.890673, 0.419445, 0.175407, 0.055108, -0.443188, 0.887073, 0.129174, -0.033723, -0.101418, -0.192790, 0.975985, 0.197344, 0.000000, 0.000000, 0.000000, 1.000000, -0.101338, -0.192952, 0.975961, 0.219350, -0.890673, -0.419444, -0.175409, -0.055108, 0.443207, -0.887038, -0.129352, 0.233760, 0.000000, 0.000000, 0.000000, 1.000000, -0.084204, -0.001651, -0.996447, 0.135060, -0.995664, -0.039526, 0.084204, 0.018280, -0.039525, 0.999217, 0.001684, 0.065299, 0.000000, 0.000000, 0.000000, 1.000000
-30.0010, 55.1087, -33.7248, 197.3429, 219.3489, -55.1091, 233.7622, 135.0602, 18.2798, 65.2987, 0.890675, 0.419440, 0.175407, 0.055109, -0.443183, 0.887077, 0.129167, -0.033725, -0.101422, -0.192784, 0.975986, 0.197343, 0.000000, 0.000000, 0.000000, 1.000000, -0.101342, -0.192946, 0.975962, 0.219349, -0.890675, -0.419439, -0.175409, -0.055109, 0.443201, -0.887041, -0.129346, 0.233762, 0.000000, 0.000000, 0.000000, 1.000000, -0.084204, -0.001651, -0.996447, 0.135060, -0.995664, -0.039526, 0.084203, 0.018280, -0.039525, 0.999217, 0.001685, 0.065299, 0.000000, 0.000000, 0.000000, 1.000000
-30.0014, 55.1104, -33.7292, 197.3398, 219.3459, -55.1107, 233.7665, 135.0608, 18.2787, 65.2984, 0.890680, 0.419431, 0.175408, 0.055110, -0.443173, 0.887084, 0.129154, -0.033729, -0.101430, -0.192770, 0.975987, 0.197340, 0.000000, 0.000000, 0.000000, 1.000000, -0.101351, -0.192934, 0.975963, 0.219346, -0.890679, -0.419430, -0.175409, -0.055111, 0.443191, -0.887048, -0.129332, 0.233767, 0.000000, 0.000000, 0.000000, 1.000000, -0.084204, -0.001650, -0.996447, 0.135061, -0.995664, -0.039526, 0.084203, 0.018279, -0.039525, 0.999217, 0.001685, 0.065298, 0.000000, 0.000000, 0.000000, 1.000000
-30.0015, 55.1102, -33.7277, 197.3409, 219.3470, -55.1106, 233.7650, 135.0605, 18.2789, 65.2986, 0.890680, 0.419430, 0.175407, 0.055110, -0.443173, 0.887083, 0.129159, -0.033728, -0.101428, -0.192775, 0.975987, 0.197341, 0.000000, 0.000000, 0.000000, 1.000000, -0.101348, -0.192938, 0.975963, 0.219347, -0.890680, -0.419430, -0.175409, -0.055111, 0.443191, -0.887048, -0.129338, 0.233765, 0.000000, 0.000000, 0.000000, 1.000000, -0.084204, -0.001650, -0.996447, 0.135061, -0.995664, -0.039526, 0.084203, 0.018279, -0.039525, 0.999217, 0.001685, 0.065299, 0.000000, 0.000000, 0.000000, 1.000000
-30.0016, 55.1098, -33.7250, 197.3429, 219.3490, -55.1101, 233.7621, 135.0600, 18.2792, 65.2988, 0.890680, 0.419430, 0.175407, 0.055110, -0.443174, 0.887081, 0.129168, -0.033725, -0.101423, -0.192783, 0.975986, 0.197343, 0.000000, 0.000000, 0.000000, 1.000000, -0.101343, -0.192947, 0.975962, 0.219349, -0.890680, -0.419430, -0.175408, -0.055110, 0.443192, -0.887046, -0.129348, 0.233762, 0.000000, 0.000000, 0.000000, 1.000000, -0.084204, -0.001650, -0.996447, 0.135060, -0.995664, -0.039526, 0.084203, 0.018279, -0.039525, 0.999217, 0.001685, 0.065299, 0.000000, 0.000000, 0.000000, 1.000000
-30.0015, 55.1091, -33.7226, 197.3446, 219.3507, -55.1094, 233.7596, 135.0596, 18.2797, 65.2990, 0.890679, 0.419433, 0.175406, 0.055109, -0.443177, 0.887078, 0.129176, -0.033723, -0.101418, -0.192790, 0.975985, 0.197345, 0.000000, 0.000000, 0.000000, 1.000000, -0.101338, -0.192954, 0.975961, 0.219351, -0.890678, -0.419433, -0.175408, -0.055109, 0.443196, -0.887043, -0.129356, 0.233760, 0.000000, 0.000000, 0.000000, 1.000000, -0.084204, -0.001650, -0.996447, 0.135060, -0.995664, -0.039526, 0.084204, 0.018280, -0.039525, 0.999217, 0.001685, 0.065299, 0.000000, 0.000000, 0.000000, 1.000000
-30.0015, 55.1091, -33.7226, 197.3446, 219.3507, -55.1094, 233.7596, 135.0596, 18.2797, 65.2990, 0.890679, 0.419433, 0.175406, 0.055109, -0.443177, 0.887078, 0.129176, -0.033723, -0.101418, -0.192790, 0.975985, 0.197345, 0.000000, 0.000000, 0.000000, 1.000000, -0.101338, -0.192954, 0.975961, 0.219351, -0.890678, -0.419433, -0.175408, -0.055109, 0.443196, -0.887043, -0.129356, 0.233760, 0.000000, 0.000000, 0.000000, 1.000000, -0.084204, -0.001650, -0.996447, 0.135060, -0.995664, -0.039526, 0.084204, 0.018280, -0.039525, 0.999217, 0.001685, 0.065299, 0.000000, 0.000000, 0.000000, 1.000000
-30.0008, 55.1072, -33.7194, 197.3467, 219.3528, -55.1076, 233.7562, 135.0593, 18.2808, 65.2991, 0.890673, 0.419445, 0.175405, 0.055107, -0.443190, 0.887071, 0.129184, -0.033719, -0.101411, -0.192799, 0.975984, 0.197347, 0.000000, 0.000000, 0.000000, 1.000000, -0.101331, -0.192964, 0.975960, 0.219353, -0.890673, -0.419445, -0.175407, -0.055108, 0.443208, -0.887035, -0.129365, 0.233756, 0.000000, 0.000000, 0.000000, 1.000000, -0.084204, -0.001651, -0.996447, 0.135059, -0.995664, -0.039526, 0.084204, 0.018281, -0.039525, 0.999217, 0.001684, 0.065299, 0.000000, 0.000000, 0.000000, 1.000000
-30.0004, 55.1063, -33.7184, 197.3472, 219.3534, -55.1066, 233.7551, 135.0593, 18.2814, 65.2991, 0.890670, 0.419452, 0.175405, 0.055106, -0.443197, 0.887067, 0.129186, -0.033718, -0.101409, -0.192801, 0.975984, 0.197347, 0.000000, 0.000000, 0.000000, 1.000000, -0.101328, -0.192967, 0.975959, 0.219353, -0.890670, -0.419452, -0.175407, -0.055107, 0.443215, -0.887031, -0.129367, 0.233755, 0.000000, 0.000000, 0.000000, 1.000000, -0.084204, -0.001652, -0.996447, 0.135059, -0.995664, -0.039526, 0.084204, 0.018281, -0.039525, 0.999217, 0.001683, 0.065299, 0.000000, 0.000000, 0.000000, 1.000000
-29.9992, 55.1038, -33.7163, 197.3482, 219.3544, -55.1041, 233.7530, 135.0594, 18.2829, 65.2989, 0.890661, 0.419471, 0.175405, 0.055104, -0.443215, 0.887057, 0.129189, -0.033716, -0.101403, -0.192806, 0.975983, 0.197348, 0.000000, 0.000000, 0.000000, 1.000000, -0.101322, -0.192972, 0.975959, 0.219354, -0.890661, -0.419470, -0.175407, -0.055104, 0.443234, -0.887021, -0.129371, 0.233753, 0.000000, 0.000000, 0.000000, 1.000000, -0.084204, -0.001654, -0.996447, 0.135059, -0.995664, -0.039526, 0.084204, 0.018283, -0.039525, 0.999217, 0.001681, 0.065299, 0.000000, 0.000000, 0.000000, 1.000000
-29.9975, 55.1003, -33.7142, 197.3489, 219.3551, -55.1006, 233.7508, 135.0596, 18.2850, 65.2985, 0.890649, 0.419497, 0.175405, 0.055100, -0.443242, 0.887044, 0.129190, -0.033714, -0.101397, -0.192810, 0.975983, 0.197349, 0.000000, 0.000000, 0.000000, 1.000000, -0.101316, -0.192976, 0.975959, 0.219355, -0.890649, -0.419497, -0.175407, -0.055101, 0.443261, -0.887008, -0.129373, 0.233751, 0.000000, 0.000000, 0.000000, 1.000000, -0.084204, -0.001657, -0.996447, 0.135060, -0.995664, -0.039526, 0.084204, 0.018285, -0.039525, 0.999217, 0.001679, 0.065299, 0.000000, 0.000000, 0.000000, 1.000000
-29.9964, 55.0982, -33.7131, 197.3493, 219.3555, -55.0985, 233.7496, 135.0598, 18.2863, 65.2983, 0.890641, 0.419514, 0.175405, 0.055098, -0.443259, 0.887035, 0.129190, -0.033713, -0.101393, -0.192812, 0.975983, 0.197349, 0.000000, 0.000000, 0.000000, 1.000000, -0.101312, -0.192979, 0.975959, 0.219355, -0.890641, -0.419514, -0.175407, -0.055098, 0.443278, -0.886999, -0.129373, 0.233750, 0.000000, 0.000000, 0.000000, 1.000000, -0.084204, -0.001658, -0.996447, 0.135060, -0.995664, -0.039526, 0.084204, 0.018286, -0.039525, 0.999217, 0.001677, 0.065298, 0.000000, 0.000000, 0.000000, 1.000000
-29.9937, 55.0929, -33.7106, 197.3498, 219.3560, -55.0933, 233.7471, 135.0603, 18.2894, 65.2977, 0.890621, 0.419555, 0.175405, 0.055093, -0.443300, 0.887015, 0.129190, -0.033711, -0.101385, -0.192816, 0.975983, 0.197350, 0.000000, 0.000000, 0.000000, 1.000000, -0.101303, -0.192983, 0.975959, 0.219356, -0.890621, -0.419555, -0.175407, -0.055093, 0.443319, -0.886979, -0.129373, 0.233747, 0.000000, 0.000000, 0.000000, 1.000000, -0.084204, -0.001662, -0.996447, 0.135060, -0.995664, -0.039526, 0.084204, 0.018289, -0.039525, 0.999217, 0.001673, 0.065298, 0.000000, 0.000000, 0.000000, 1.000000
-29.9921, 55.0898, -33.7092, 197.3500, 219.3563, -55.0901, 233.7456, 135.0607, 18.2913, 65.2973, 0.890610, 0.419580, 0.175405, 0.055090, -0.443324, 0.887003, 0.129189, -0.033709, -0.101380, -0.192818, 0.975983, 0.197350, 0.000000, 0.000000, 0.000000, 1.000000, -0.101298, -0.192986, 0.975959, 0.219356, -0.890610, -0.419580, -0.175407, -0.055090, 0.443343, -0.886966, -0.129372, 0.233746, 0.000000, 0.000000, 0.000000, 1.000000, -0.084204, -0.001664, -0.996447, 0.135061, -0.995664, -0.039526, 0.084204, 0.018291, -0.039525, 0.999217, 0.001671, 0.065297, 0.000000, 0.000000, 0.000000, 1.000000
-29.9884, 55.0824, -33.7062, 197.3505, 219.3567, -55.0828, 233.7425, 135.0615, 18.2956, 65.2964, 0.890582, 0.419639, 0.175405, 0.055082, -0.443382, 0.886974, 0.129187, -0.033706, -0.101368, -0.192823, 0.975984, 0.197350, 0.000000, 0.000000, 0.000000, 1.000000, -0.101286, -0.192990, 0.975959, 0.219357, -0.890582, -0.419638, -0.175407, -0.055083, 0.443402, -0.886938, -0.129370, 0.233743, 0.000000, 0.000000, 0.000000, 1.000000, -0.084204, -0.001670, -0.996447, 0.135062, -0.995664, -0.039525, 0.084204, 0.018296, -0.039526, 0.999217, 0.001665, 0.065296, 0.000000, 0.000000, 0.000000, 1.000000
-29.9837, 55.0735, -33.7026, 197.3508, 219.3571, -55.0738, 233.7388, 135.0626, 18.3009, 65.2952, 0.890548, 0.419710, 0.175405, 0.055073, -0.443453, 0.886939, 0.129183, -0.033703, -0.101354, -0.192828, 0.975984, 0.197351, 0.000000, 0.000000, 0.000000, 1.000000, -0.101272, -0.192996, 0.975959, 0.219357, -0.890548, -0.419710, -0.175407, -0.055074, 0.443472, -0.886903, -0.129367, 0.233739, 0.000000, 0.000000, 0.000000, 1.000000, -0.084204, -0.001677, -0.996447, 0.135063, -0.995664, -0.039525, 0.084205, 0.018301, -0.039526, 0.999217, 0.001659, 0.065295, 0.000000, 0.000000, 0.000000, 1.000000
-29.9811, 55.0683, -33.7006, 197.3510, 219.3573, -55.0687, 233.7368, 135.0632, 18.3040, 65.2946, 0.890529, 0.419751, 0.175405, 0.055068, -0.443494, 0.886919, 0.129181, -0.033701, -0.101346, -0.192831, 0.975984, 0.197351, 0.000000, 0.000000, 0.000000, 1.000000, -0.101264, -0.192999, 0.975960, 0.219357, -0.890529, -0.419750, -0.175407, -0.055069, 0.443513, -0.886883, -0.129365, 0.233737, 0.000000, 0.000000, 0.000000, 1.000000, -0.084204, -0.001681, -0.996447, 0.135063, -0.995664, -0.039525, 0.084205, 0.018304, -0.039526, 0.999217, 0.001655, 0.065295, 0.000000, 0.000000, 0.000000, 1.000000
-29.9751, 55.0568, -33.6961, 197.3514, 219.3577, -55.0571, 233.7322, 135.0646, 18.3108, 65.2931, 0.890486, 0.419843, 0.175405, 0.055057, -0.443585, 0.886874, 0.129177, -0.033696, -0.101329, -0.192837, 0.975985, 0.197351, 0.000000, 0.000000, 0.000000, 1.000000, -0.101246, -0.193006, 0.975960, 0.219358, -0.890486, -0.419843, -0.175407, -0.055057, 0.443604, -0.886838, -0.129361, 0.233732, 0.000000, 0.000000, 0.000000, 1.000000, -0.084204, -0.001689, -0.996447, 0.135065, -0.995664, -0.039525, 0.084205, 0.018311, -0.039526, 0.999217, 0.001646, 0.065293, 0.000000, 0.000000, 0.000000, 1.000000
-29.9718, 55.0503, -33.6935, 197.3517, 219.3579, -55.0506, 233.7296, 135.0654, 18.3147, 65.2922, 0.890461, 0.419895, 0.175405, 0.055050, -0.443636, 0.886849, 0.129174, -0.033694, -0.101319, -0.192841, 0.975985, 0.197352, 0.000000, 0.000000, 0.000000, 1.000000, -0.101236, -0.193009, 0.975960, 0.219358, -0.890461, -0.419894, -0.175407, -0.055051, 0.443655, -0.886812, -0.129359, 0.233730, 0.000000, 0.000000, 0.000000, 1.000000, -0.084204, -0.001694, -0.996447, 0.135065, -0.995664, -0.039524, 0.084205, 0.018315, -0.039527, 0.999217, 0.001641, 0.065292, 0.000000, 0.000000, 0.000000, 1.000000
-29.9643, 55.0359, -33.6878, 197.3522, 219.3584, -55.0362, 233.7238, 135.0671, 18.3232, 65.2904, 0.890407, 0.420009, 0.175406, 0.055036, -0.443750, 0.886793, 0.129168, -0.033688, -0.101297, -0.192849, 0.975986, 0.197352, 0.000000, 0.000000, 0.000000, 1.000000, -0.101214, -0.193017, 0.975961, 0.219358, -0.890407, -0.420009, -0.175407, -0.055036, 0.443769, -0.886756, -0.129353, 0.233724, 0.000000, 0.000000, 0.000000, 1.000000, -0.084204, -0.001705, -0.996447, 0.135067, -0.995664, -0.039524, 0.084206, 0.018323, -0.039527, 0.999217, 0.001630, 0.065290, 0.000000, 0.000000, 0.000000, 1.000000
-29.9559, 55.0195, -33.6813, 197.3528, 219.3591, -55.0198, 233.7172, 135.0690, 18.3329, 65.2883, 0.890346, 0.420140, 0.175406, 0.055019, -0.443879, 0.886729, 0.129162, -0.033681, -0.101271, -0.192858, 0.975987, 0.197353, 0.000000, 0.000000, 0.000000, 1.000000, -0.101188, -0.193027, 0.975962, 0.219359, -0.890346, -0.420139, -0.175407, -0.055020, 0.443898, -0.886692, -0.129347, 0.233717, 0.000000, 0.000000, 0.000000, 1.000000, -0.084204, -0.001718, -0.996447, 0.135069, -0.995664, -0.039523, 0.084206, 0.018333, -0.039528, 0.999217, 0.001618, 0.065288, 0.000000, 0.000000, 0.000000, 1.000000
-29.9464, 55.0011, -33.6738, 197.3535, 219.3598, -55.0014, 233.7097, 135.0712, 18.3438, 65.2859, 0.890277, 0.420286, 0.175406, 0.055001, -0.444024, 0.886657, 0.129155, -0.033674, -0.101243, -0.192869, 0.975988, 0.197354, 0.000000, 0.000000, 0.000000, 1.000000, -0.101160, -0.193038, 0.975963, 0.219360, -0.890276, -0.420286, -0.175408, -0.055001, 0.444044, -0.886621, -0.129341, 0.233710, 0.000000, 0.000000, 0.000000, 1.000000, -0.084204, -0.001732, -0.996447, 0.135071, -0.995664, -0.039523, 0.084207, 0.018344, -0.039528, 0.999217, 0.001604, 0.065286, 0.000000, 0.000000, 0.000000, 1.000000
-29.9359, 54.9806, -33.6654, 197.3544, 219.3608, -54.9810, 233.7012, 135.0735, 18.3559, 65.2834, 0.890200, 0.420448, 0.175406, 0.054981, -0.444185, 0.886578, 0.129149, -0.033665, -0.101211, -0.192881, 0.975988, 0.197354, 0.000000, 0.000000, 0.000000, 1.000000, -0.101127, -0.193051, 0.975963, 0.219361, -0.890200, -0.420448, -0.175408, -0.054981, 0.444205, -0.886541, -0.129335, 0.233701, 0.000000, 0.000000, 0.000000, 1.000000, -0.084204, -0.001747, -0.996447, 0.135074, -0.995664, -0.039522, 0.084207, 0.018356, -0.039529, 0.999217, 0.001588, 0.065283, 0.000000, 0.000000, 0.000000, 1.000000
-29.9243, 54.9571, -33.6509, 197.3592, 219.3656, -54.9575, 233.6866, 135.0752, 18.3700, 65.2810, 0.890115, 0.420629, 0.175405, 0.054957, -0.444366, 0.886486, 0.129159, -0.033651, -0.101166, -0.192910, 0.975987, 0.197359, 0.000000, 0.000000, 0.000000, 1.000000, -0.101083, -0.193080, 0.975962, 0.219366, -0.890115, -0.420629, -0.175407, -0.054957, 0.444385, -0.886449, -0.129345, 0.233687, 0.000000, 0.000000, 0.000000, 1.000000, -0.084204, -0.001765, -0.996447, 0.135075, -0.995664, -0.039521, 0.084208, 0.018370, -0.039529, 0.999217, 0.001571, 0.065281, 0.000000, 0.000000, 0.000000, 1.000000
-29.9182, 54.9447, -33.6435, 197.3616, 219.3679, -54.9450, 233.6791, 135.0761, 18.3774, 65.2797, 0.890069, 0.420725, 0.175404, 0.054945, -0.444462, 0.886437, 0.129163, -0.033644, -0.101143, -0.192925, 0.975987, 0.197362, 0.000000, 0.000000, 0.000000, 1.000000, -0.101059, -0.193095, 0.975962, 0.219368, -0.890069, -0.420725, -0.175406, -0.054945, 0.444481, -0.886400, -0.129350, 0.233679, 0.000000, 0.000000, 0.000000, 1.000000, -0.084204, -0.001774, -0.996447, 0.135076, -0.995664, -0.039521, 0.084208, 0.018377, -0.039530, 0.999217, 0.001562, 0.065280, 0.000000, 0.000000, 0.000000, 1.000000
-29.9052, 54.9184, -33.6283, 197.3662, 219.3726, -54.9188, 233.6638, 135.0782, 18.3932, 65.2770, 0.889973, 0.420929, 0.175404, 0.054918, -0.444665, 0.886334, 0.129170, -0.033628, -0.101095, -0.192954, 0.975986, 0.197366, 0.000000, 0.000000, 0.000000, 1.000000, -0.101011, -0.193125, 0.975961, 0.219373, -0.889973, -0.420928, -0.175405, -0.054919, 0.444685, -0.886297, -0.129358, 0.233664, 0.000000, 0.000000, 0.000000, 1.000000, -0.084204, -0.001793, -0.996447, 0.135078, -0.995664, -0.039520, 0.084209, 0.018393, -0.039531, 0.999217, 0.001542, 0.065277, 0.000000, 0.000000, 0.000000, 1.000000
-29.8983, 54.9046, -33.6205, 197.3685, 219.3748, -54.9049, 233.6560, 135.0793, 18.4014, 65.2755, 0.889923, 0.421036, 0.175403, 0.054905, -0.444772, 0.886280, 0.129173, -0.033621, -0.101070, -0.192969, 0.975986, 0.197368, 0.000000, 0.000000, 0.000000, 1.000000, -0.100986, -0.193140, 0.975960, 0.219375, -0.889923, -0.421036, -0.175405, -0.054905, 0.444792, -0.886243, -0.129361, 0.233656, 0.000000, 0.000000, 0.000000, 1.000000, -0.084204, -0.001804, -0.996447, 0.135079, -0.995664, -0.039520, 0.084210, 0.018401, -0.039531, 0.999217, 0.001532, 0.065275, 0.000000, 0.000000, 0.000000, 1.000000
-29.8762, 54.8604, -33.5965, 197.3750, 219.3814, -54.8607, 233.6318, 135.0832, 18.4278, 65.2706, 0.889760, 0.421380, 0.175402, 0.054860, -0.445116, 0.886106, 0.129180, -0.033596, -0.100991, -0.193014, 0.975985, 0.197375, 0.000000, 0.000000, 0.000000, 1.000000, -0.100907, -0.193186, 0.975960, 0.219381, -0.889760, -0.421380, -0.175404, -0.054861, 0.445135, -0.886069, -0.129369, 0.233632, 0.000000, 0.000000, 0.000000, 1.000000, -0.084204, -0.001836, -0.996447, 0.135083, -0.995664, -0.039518, 0.084211, 0.018428, -0.039532, 0.999217, 0.001499, 0.065271, 0.000000, 0.000000, 0.000000, 1.000000
-29.8762, 54.8604, -33.5965, 197.3750, 219.3814, -54.8607, 233.6318, 135.0832, 18.4278, 65.2706, 0.889760, 0.421380, 0.175402, 0.054860, -0.445116, 0.886106, 0.129180, -0.033596, -0.100991, -0.193014, 0.975985, 0.197375, 0.000000, 0.000000, 0.000000, 1.000000, -0.100907, -0.193186, 0.975960, 0.219381, -0.889760, -0.421380, -0.175404, -0.054861, 0.445135, -0.886069, -0.129369, 0.233632, 0.000000, 0.000000, 0.000000, 1.000000, -0.084204, -0.001836, -0.996447, 0.135083, -0.995664, -0.039518, 0.084211, 0.018428, -0.039532, 0.999217, 0.001499, 0.065271, 0.000000, 0.000000, 0.000000, 1.000000
-29.8520, 54.8122, -33.5714, 197.3813, 219.3877, -54.8125, 233.6065, 135.0876, 18.4565, 65.2651, 0.889582, 0.421756, 0.175402, 0.054812, -0.445490, 0.885918, 0.129184, -0.033571, -0.100908, -0.193059, 0.975985, 0.197381, 0.000000, 0.000000, 0.000000, 1.000000, -0.100823, -0.193232, 0.975959, 0.219388, -0.889582, -0.421756, -0.175403, -0.054813, 0.445510, -0.885880, -0.129373, 0.233606, 0.000000, 0.000000, 0.000000, 1.000000, -0.084204, -0.001872, -0.996447, 0.135088, -0.995664, -0.039517, 0.084212, 0.018457, -0.039534, 0.999217, 0.001463, 0.065265, 0.000000, 0.000000, 0.000000, 1.000000
-29.8347, 54.7779, -33.5540, 197.3853, 219.3918, -54.7783, 233.5891, 135.0908, 18.4769, 65.2612, 0.889455, 0.422024, 0.175401, 0.054778, -0.445757, 0.885783, 0.129184, -0.033554, -0.100849, -0.193090, 0.975985, 0.197385, 0.000000, 0.000000, 0.000000, 1.000000, -0.100764, -0.193263, 0.975959, 0.219392, -0.889455, -0.422023, -0.175403, -0.054778, 0.445776, -0.885746, -0.129374, 0.233589, 0.000000, 0.000000, 0.000000, 1.000000, -0.084204, -0.001898, -0.996447, 0.135091, -0.995664, -0.039516, 0.084213, 0.018477, -0.039535, 0.999217, 0.001438, 0.065261, 0.000000, 0.000000, 0.000000, 1.000000
-29.8258, 54.7602, -33.5452, 197.3873, 219.3937, -54.7606, 233.5802, 135.0926, 18.4875, 65.2591, 0.889389, 0.422163, 0.175401, 0.054760, -0.445895, 0.885714, 0.129184, -0.033545, -0.100819, -0.193105, 0.975985, 0.197387, 0.000000, 0.000000, 0.000000, 1.000000, -0.100733, -0.193278, 0.975959, 0.219394, -0.889389, -0.422162, -0.175403, -0.054761, 0.445915, -0.885676, -0.129374, 0.233580, 0.000000, 0.000000, 0.000000, 1.000000, -0.084204, -0.001911, -0.996447, 0.135093, -0.995664, -0.039515, 0.084214, 0.018487, -0.039536, 0.999217, 0.001424, 0.065259, 0.000000, 0.000000, 0.000000, 1.000000
-29.8073, 54.7236, -33.5272, 197.3912, 219.3976, -54.7240, 233.5621, 135.0962, 18.5092, 65.2548, 0.889253, 0.422449, 0.175401, 0.054724, -0.446180, 0.885571, 0.129182, -0.033527, -0.100757, -0.193136, 0.975985, 0.197391, 0.000000, 0.000000, 0.000000, 1.000000, -0.100671, -0.193310, 0.975959, 0.219398, -0.889253, -0.422449, -0.175402, -0.054724, 0.446200, -0.885533, -0.129373, 0.233562, 0.000000, 0.000000, 0.000000, 1.000000, -0.084204, -0.001939, -0.996447, 0.135096, -0.995664, -0.039514, 0.084215, 0.018509, -0.039537, 0.999217, 0.001397, 0.065255, 0.000000, 0.000000, 0.000000, 1.000000
-29.7978, 54.7048, -33.5180, 197.3931, 219.3995, -54.7051, 233.5528, 135.0980, 18.5205, 65.2526, 0.889183, 0.422597, 0.175400, 0.054705, -0.446327, 0.885497, 0.129181, -0.033518, -0.100725, -0.193151, 0.975985, 0.197393, 0.000000, 0.000000, 0.000000, 1.000000, -0.100639, -0.193325, 0.975960, 0.219400, -0.889183, -0.422597, -0.175402, -0.054705, 0.446347, -0.885459, -0.129372, 0.233553, 0.000000, 0.000000, 0.000000, 1.000000, -0.084204, -0.001953, -0.996447, 0.135098, -0.995664, -0.039513, 0.084215, 0.018520, -0.039537, 0.999217, 0.001383, 0.065253, 0.000000, 0.000000, 0.000000, 1.000000
-29.7781, 54.6660, -33.4993, 197.3968, 219.4033, -54.6664, 233.5341, 135.1019, 18.5435, 65.2479, 0.889038, 0.422901, 0.175400, 0.054666, -0.446630, 0.885344, 0.129178, -0.033499, -0.100660, -0.193183, 0.975986, 0.197397, 0.000000, 0.000000, 0.000000, 1.000000, -0.100574, -0.193357, 0.975960, 0.219403, -0.889038, -0.422901, -0.175402, -0.054666, 0.446650, -0.885307, -0.129369, 0.233534, 0.000000, 0.000000, 0.000000, 1.000000, -0.084204, -0.001982, -0.996447, 0.135102, -0.995664, -0.039512, 0.084216, 0.018543, -0.039539, 0.999217, 0.001354, 0.065248, 0.000000, 0.000000, 0.000000, 1.000000
-29.7681, 54.6461, -33.4898, 197.3987, 219.4052, -54.6465, 233.5245, 135.1040, 18.5553, 65.2456, 0.888964, 0.423057, 0.175400, 0.054646, -0.446785, 0.885266, 0.129176, -0.033490, -0.100627, -0.193199, 0.975986, 0.197399, 0.000000, 0.000000, 0.000000, 1.000000, -0.100541, -0.193373, 0.975960, 0.219405, -0.888964, -0.423057, -0.175402, -0.054646, 0.446805, -0.885228, -0.129367, 0.233525, 0.000000, 0.000000, 0.000000, 1.000000, -0.084204, -0.001997, -0.996447, 0.135104, -0.995664, -0.039511, 0.084217, 0.018555, -0.039539, 0.999217, 0.001339, 0.065246, 0.000000, 0.000000, 0.000000, 1.000000
-29.7474, 54.6054, -33.4705, 197.4024, 219.4089, -54.6058, 233.5051, 135.1081, 18.5795, 65.2406, 0.888812, 0.423377, 0.175400, 0.054605, -0.447103, 0.885107, 0.129171, -0.033470, -0.100559, -0.193231, 0.975987, 0.197402, 0.000000, 0.000000, 0.000000, 1.000000, -0.100473, -0.193405, 0.975961, 0.219409, -0.888812, -0.423377, -0.175401, -0.054606, 0.447123, -0.885069, -0.129363, 0.233505, 0.000000, 0.000000, 0.000000, 1.000000, -0.084204, -0.002027, -0.996446, 0.135108, -0.995664, -0.039510, 0.084218, 0.018579, -0.039540, 0.999217, 0.001308, 0.065241, 0.000000, 0.000000, 0.000000, 1.000000
-29.7262, 54.5636, -33.4507, 197.4060, 219.4125, -54.5639, 233.4853, 135.1124, 18.6044, 65.2356, 0.888655, 0.423706, 0.175399, 0.054564, -0.447430, 0.884942, 0.129166, -0.033451, -0.100490, -0.193263, 0.975987, 0.197406, 0.000000, 0.000000, 0.000000, 1.000000, -0.100403, -0.193438, 0.975962, 0.219412, -0.888655, -0.423706, -0.175401, -0.054564, 0.447450, -0.884904, -0.129358, 0.233485, 0.000000, 0.000000, 0.000000, 1.000000, -0.084204, -0.002059, -0.996446, 0.135112, -0.995664, -0.039509, 0.084219, 0.018604, -0.039542, 0.999217, 0.001277, 0.065236, 0.000000, 0.000000, 0.000000, 1.000000
-29.7153, 54.5422, -33.4407, 197.4078, 219.4143, -54.5426, 233.4752, 135.1147, 18.6170, 65.2330, 0.888575, 0.423874, 0.175399, 0.054542, -0.447596, 0.884858, 0.129163, -0.033441, -0.100454, -0.193279, 0.975988, 0.197408, 0.000000, 0.000000, 0.000000, 1.000000, -0.100368, -0.193454, 0.975962, 0.219414, -0.888575, -0.423873, -0.175401, -0.054543, 0.447616, -0.884820, -0.129356, 0.233475, 0.000000, 0.000000, 0.000000, 1.000000, -0.084204, -0.002075, -0.996446, 0.135115, -0.995664, -0.039508, 0.084220, 0.018617, -0.039542, 0.999217, 0.001261, 0.065233, 0.000000, 0.000000, 0.000000, 1.000000
-29.7044, 54.5207, -33.4306, 197.4096, 219.4161, -54.5210, 233.4651, 135.1169, 18.6298, 65.2303, 0.888495, 0.424043, 0.175399, 0.054521, -0.447765, 0.884774, 0.129160, -0.033431, -0.100419, -0.193295, 0.975988, 0.197410, 0.000000, 0.000000, 0.000000, 1.000000, -0.100332, -0.193471, 0.975962, 0.219416, -0.888494, -0.424043, -0.175400, -0.054521, 0.447785, -0.884735, -0.129353, 0.233465, 0.000000, 0.000000, 0.000000, 1.000000, -0.084203, -0.002091, -0.996446, 0.135117, -0.995664, -0.039507, 0.084220, 0.018630, -0.039543, 0.999217, 0.001245, 0.065230, 0.000000, 0.000000, 0.000000, 1.000000
-29.6595, 54.4323, -33.3893, 197.4168, 219.4233, -54.4326, 233.4237, 135.1261, 18.6823, 65.2195, 0.888163, 0.424738, 0.175398, 0.054432, -0.448455, 0.884426, 0.129147, -0.033389, -0.100273, -0.193362, 0.975990, 0.197417, 0.000000, 0.000000, 0.000000, 1.000000, -0.100185, -0.193538, 0.975964, 0.219423, -0.888163, -0.424737, -0.175399, -0.054433, 0.448475, -0.884388, -0.129341, 0.233424, 0.000000, 0.000000, 0.000000, 1.000000, -0.084203, -0.002158, -0.996446, 0.135126, -0.995664, -0.039504, 0.084223, 0.018682, -0.039546, 0.999217, 0.001178, 0.065219, 0.000000, 0.000000, 0.000000, 1.000000
-29.6595, 54.4323, -33.3893, 197.4168, 219.4233, -54.4326, 233.4237, 135.1261, 18.6823, 65.2195, 0.888163, 0.424738, 0.175398, 0.054432, -0.448455, 0.884426, 0.129147, -0.033389, -0.100273, -0.193362, 0.975990, 0.197417, 0.000000, 0.000000, 0.000000, 1.000000, -0.100185, -0.193538, 0.975964, 0.219423, -0.888163, -0.424737, -0.175399, -0.054433, 0.448475, -0.884388, -0.129341, 0.233424, 0.000000, 0.000000, 0.000000, 1.000000, -0.084203, -0.002158, -0.996446, 0.135126, -0.995664, -0.039504, 0.084223, 0.018682, -0.039546, 0.999217, 0.001178, 0.065219, 0.000000, 0.000000, 0.000000, 1.000000
-29.6251, 54.3645, -33.3577, 197.4222, 219.4287, -54.3649, 233.3919, 135.1333, 18.7225, 65.2111, 0.887908, 0.425271, 0.175397, 0.054365, -0.448984, 0.884159, 0.129137, -0.033358, -0.100161, -0.193412, 0.975992, 0.197422, 0.000000, 0.000000, 0.000000, 1.000000, -0.100073, -0.193588, 0.975966, 0.219429, -0.887908, -0.425270, -0.175399, -0.054365, 0.449004, -0.884120, -0.129331, 0.233392, 0.000000, 0.000000, 0.000000, 1.000000, -0.084203, -0.002209, -0.996446, 0.135133, -0.995664, -0.039502, 0.084224, 0.018723, -0.039548, 0.999217, 0.001127, 0.065211, 0.000000, 0.000000, 0.000000, 1.000000
-29.6018, 54.3188, -33.3364, 197.4258, 219.4324, -54.3192, 233.3705, 135.1381, 18.7496, 65.2055, 0.887736, 0.425629, 0.175396, 0.054319, -0.449341, 0.883979, 0.129130, -0.033336, -0.100085, -0.193446, 0.975993, 0.197426, 0.000000, 0.000000, 0.000000, 1.000000, -0.099997, -0.193623, 0.975967, 0.219432, -0.887736, -0.425629, -0.175398, -0.054319, 0.449361, -0.883940, -0.129324, 0.233371, 0.000000, 0.000000, 0.000000, 1.000000, -0.084203, -0.002243, -0.996446, 0.135138, -0.995663, -0.039501, 0.084225, 0.018750, -0.039549, 0.999217, 0.001093, 0.065205, 0.000000, 0.000000, 0.000000, 1.000000
-29.5902, 54.2959, -33.3256, 197.4277, 219.4342, -54.2962, 233.3598, 135.1405, 18.7632, 65.2026, 0.887650, 0.425810, 0.175396, 0.054296, -0.449520, 0.883888, 0.129126, -0.033326, -0.100047, -0.193463, 0.975993, 0.197428, 0.000000, 0.000000, 0.000000, 1.000000, -0.099959, -0.193640, 0.975967, 0.219434, -0.887650, -0.425809, -0.175398, -0.054296, 0.449540, -0.883850, -0.129321, 0.233360, 0.000000, 0.000000, 0.000000, 1.000000, -0.084203, -0.002260, -0.996446, 0.135140, -0.995663, -0.039500, 0.084226, 0.018763, -0.039550, 0.999217, 0.001076, 0.065203, 0.000000, 0.000000, 0.000000, 1.000000
-29.5668, 54.2499, -33.3040, 197.4313, 219.4378, -54.2502, 233.3381, 135.1453, 18.7905, 65.1969, 0.887477, 0.426171, 0.175395, 0.054250, -0.449879, 0.883706, 0.129120, -0.033304, -0.099971, -0.193497, 0.975994, 0.197431, 0.000000, 0.000000, 0.000000, 1.000000, -0.099883, -0.193674, 0.975968, 0.219438, -0.887476, -0.426171, -0.175397, -0.054250, 0.449899, -0.883668, -0.129314, 0.233338, 0.000000, 0.000000, 0.000000, 1.000000, -0.084202, -0.002295, -0.996446, 0.135145, -0.995663, -0.039499, 0.084227, 0.018791, -0.039551, 0.999217, 0.001041, 0.065197, 0.000000, 0.000000, 0.000000, 1.000000
-29.5668, 54.2499, -33.3040, 197.4313, 219.4378, -54.2502, 233.3381, 135.1453, 18.7905, 65.1969, 0.887477, 0.426171, 0.175395, 0.054250, -0.449879, 0.883706, 0.129120, -0.033304, -0.099971, -0.193497, 0.975994, 0.197431, 0.000000, 0.000000, 0.000000, 1.000000, -0.099883, -0.193674, 0.975968, 0.219438, -0.887476, -0.426171, -0.175397, -0.054250, 0.449899, -0.883668, -0.129314, 0.233338, 0.000000, 0.000000, 0.000000, 1.000000, -0.084202, -0.002295, -0.996446, 0.135145, -0.995663, -0.039499, 0.084227, 0.018791, -0.039551, 0.999217, 0.001041, 0.065197, 0.000000, 0.000000, 0.000000, 1.000000
-29.5317, 54.1808, -33.2715, 197.4369, 219.4434, -54.1811, 233.3055, 135.1525, 18.8316, 65.1884, 0.887216, 0.426714, 0.175394, 0.054181, -0.450418, 0.883433, 0.129110, -0.033271, -0.099856, -0.193549, 0.975996, 0.197437, 0.000000, 0.000000, 0.000000, 1.000000, -0.099768, -0.193726, 0.975970, 0.219443, -0.887216, -0.426713, -0.175396, -0.054181, 0.450438, -0.883394, -0.129305, 0.233305, 0.000000, 0.000000, 0.000000, 1.000000, -0.084202, -0.002347, -0.996446, 0.135153, -0.995663, -0.039496, 0.084229, 0.018832, -0.039554, 0.999217, 0.000989, 0.065188, 0.000000, 0.000000, 0.000000, 1.000000
-29.5200, 54.1578, -33.2606, 197.4387, 219.4453, -54.1581, 233.2946, 135.1549, 18.8452, 65.1855, 0.887129, 0.426894, 0.175394, 0.054158, -0.450598, 0.883342, 0.129107, -0.033261, -0.099818, -0.193566, 0.975996, 0.197439, 0.000000, 0.000000, 0.000000, 1.000000, -0.099729, -0.193743, 0.975970, 0.219445, -0.887129, -0.426894, -0.175396, -0.054158, 0.450618, -0.883303, -0.129302, 0.233295, 0.000000, 0.000000, 0.000000, 1.000000, -0.084202, -0.002364, -0.996446, 0.135155, -0.995663, -0.039496, 0.084229, 0.018845, -0.039554, 0.999217, 0.000972, 0.065186, 0.000000, 0.000000, 0.000000, 1.000000
-29.4967, 54.1119, -33.2388, 197.4425, 219.4490, -54.1122, 233.2727, 135.1597, 18.8725, 65.1798, 0.886956, 0.427254, 0.175393, 0.054112, -0.450955, 0.883160, 0.129101, -0.033239, -0.099741, -0.193601, 0.975997, 0.197442, 0.000000, 0.000000, 0.000000, 1.000000, -0.099653, -0.193778, 0.975971, 0.219449, -0.886956, -0.427254, -0.175395, -0.054112, 0.450975, -0.883122, -0.129296, 0.233273, 0.000000, 0.000000, 0.000000, 1.000000, -0.084201, -0.002399, -0.996446, 0.135160, -0.995663, -0.039494, 0.084230, 0.018872, -0.039556, 0.999217, 0.000937, 0.065180, 0.000000, 0.000000, 0.000000, 1.000000
-29.4736, 54.0662, -33.2169, 197.4463, 219.4529, -54.0666, 233.2509, 135.1644, 18.8996, 65.1742, 0.886784, 0.427612, 0.175392, 0.054066, -0.451311, 0.882980, 0.129095, -0.033217, -0.099665, -0.193636, 0.975998, 0.197446, 0.000000, 0.000000, 0.000000, 1.000000, -0.099576, -0.193813, 0.975972, 0.219453, -0.886783, -0.427612, -0.175394, -0.054067, 0.451331, -0.882941, -0.129290, 0.233251, 0.000000, 0.000000, 0.000000, 1.000000, -0.084201, -0.002433, -0.996446, 0.135164, -0.995663, -0.039493, 0.084231, 0.018900, -0.039557, 0.999217, 0.000903, 0.065174, 0.000000, 0.000000, 0.000000, 1.000000
-29.4621, 54.0435, -33.2060, 197.4482, 219.4548, -54.0439, 233.2400, 135.1667, 18.9131, 65.1713, 0.886698, 0.427790, 0.175392, 0.054044, -0.451488, 0.882889, 0.129092, -0.033206, -0.099627, -0.193653, 0.975998, 0.197448, 0.000000, 0.000000, 0.000000, 1.000000, -0.099538, -0.193831, 0.975972, 0.219455, -0.886698, -0.427790, -0.175393, -0.054044, 0.451508, -0.882851, -0.129288, 0.233240, 0.000000, 0.000000, 0.000000, 1.000000, -0.084201, -0.002450, -0.996446, 0.135167, -0.995663, -0.039492, 0.084232, 0.018913, -0.039558, 0.999217, 0.000886, 0.065171, 0.000000, 0.000000, 0.000000, 1.000000
-29.4392, 53.9985, -33.1843, 197.4521, 219.4587, -53.9988, 233.2182, 135.1713, 18.9398, 65.1657, 0.886528, 0.428144, 0.175391, 0.053998, -0.451839, 0.882711, 0.129087, -0.033184, -0.099551, -0.193688, 0.975999, 0.197452, 0.000000, 0.000000, 0.000000, 1.000000, -0.099462, -0.193866, 0.975973, 0.219459, -0.886527, -0.428143, -0.175392, -0.053999, 0.451859, -0.882672, -0.129283, 0.233218, 0.000000, 0.000000, 0.000000, 1.000000, -0.084201, -0.002484, -0.996446, 0.135171, -0.995663, -0.039490, 0.084233, 0.018940, -0.039559, 0.999217, 0.000852, 0.065166, 0.000000, 0.000000, 0.000000, 1.000000
-29.4279, 53.9761, -33.1735, 197.4541, 219.4606, -53.9765, 233.2073, 135.1736, 18.9531, 65.1630, 0.886443, 0.428319, 0.175390, 0.053976, -0.452013, 0.882622, 0.129085, -0.033173, -0.099514, -0.193705, 0.976000, 0.197454, 0.000000, 0.000000, 0.000000, 1.000000, -0.099425, -0.193883, 0.975973, 0.219461, -0.886443, -0.428318, -0.175392, -0.053976, 0.452033, -0.882583, -0.129281, 0.233207, 0.000000, 0.000000, 0.000000, 1.000000, -0.084201, -0.002501, -0.996446, 0.135174, -0.995663, -0.039490, 0.084234, 0.018953, -0.039560, 0.999217, 0.000835, 0.065163, 0.000000, 0.000000, 0.000000, 1.000000
-29.4054, 53.9318, -33.1519, 197.4580, 219.4645, -53.9322, 233.1857, 135.1781, 18.9794, 65.1575, 0.886275, 0.428666, 0.175389, 0.053932, -0.452358, 0.882446, 0.129081, -0.033152, -0.099439, -0.193740, 0.976000, 0.197458, 0.000000, 0.000000, 0.000000, 1.000000, -0.099350, -0.193918, 0.975974, 0.219465, -0.886275, -0.428666, -0.175391, -0.053932, 0.452378, -0.882407, -0.129277, 0.233186, 0.000000, 0.000000, 0.000000, 1.000000, -0.084200, -0.002534, -0.996446, 0.135178, -0.995663, -0.039488, 0.084235, 0.018979, -0.039561, 0.999217, 0.000802, 0.065157, 0.000000, 0.000000, 0.000000, 1.000000
-29.3943, 53.9099, -33.1412, 197.4600, 219.4665, -53.9102, 233.1750, 135.1804, 18.9925, 65.1548, 0.886193, 0.428838, 0.175389, 0.053910, -0.452529, 0.882358, 0.129079, -0.033141, -0.099402, -0.193757, 0.976001, 0.197460, 0.000000, 0.000000, 0.000000, 1.000000, -0.099313, -0.193935, 0.975974, 0.219467, -0.886192, -0.428837, -0.175391, -0.053910, 0.452549, -0.882320, -0.129275, 0.233175, 0.000000, 0.000000, 0.000000, 1.000000, -0.084200, -0.002550, -0.996446, 0.135180, -0.995663, -0.039487, 0.084235, 0.018992, -0.039562, 0.999217, 0.000786, 0.065155, 0.000000, 0.000000, 0.000000, 1.000000
-29.3724, 53.8665, -33.1199, 197.4639, 219.4705, -53.8669, 233.1537, 135.1847, 19.0182, 65.1494, 0.886028, 0.429177, 0.175388, 0.053867, -0.452866, 0.882186, 0.129076, -0.033120, -0.099328, -0.193792, 0.976001, 0.197464, 0.000000, 0.000000, 0.000000, 1.000000, -0.099239, -0.193970, 0.975975, 0.219470, -0.886028, -0.429176, -0.175390, -0.053867, 0.452886, -0.882147, -0.129272, 0.233154, 0.000000, 0.000000, 0.000000, 1.000000, -0.084200, -0.002583, -0.996446, 0.135185, -0.995663, -0.039486, 0.084236, 0.019018, -0.039563, 0.999217, 0.000753, 0.065149, 0.000000, 0.000000, 0.000000, 1.000000
-29.3615, 53.8451, -33.1093, 197.4659, 219.4725, -53.8455, 233.1431, 135.1869, 19.0309, 65.1468, 0.885947, 0.429344, 0.175387, 0.053845, -0.453032, 0.882101, 0.129074, -0.033109, -0.099292, -0.193809, 0.976002, 0.197466, 0.000000, 0.000000, 0.000000, 1.000000, -0.099203, -0.193987, 0.975975, 0.219472, -0.885947, -0.429344, -0.175389, -0.053845, 0.453052, -0.882062, -0.129270, 0.233143, 0.000000, 0.000000, 0.000000, 1.000000, -0.084200, -0.002599, -0.996446, 0.135187, -0.995663, -0.039485, 0.084237, 0.019031, -0.039564, 0.999217, 0.000737, 0.065147, 0.000000, 0.000000, 0.000000, 1.000000
-29.3508, 53.8239, -33.0987, 197.4679, 219.4745, -53.8242, 233.1325, 135.1890, 19.0436, 65.1441, 0.885867, 0.429510, 0.175387, 0.053824, -0.453197, 0.882016, 0.129073, -0.033099, -0.099256, -0.193826, 0.976002, 0.197468, 0.000000, 0.000000, 0.000000, 1.000000, -0.099166, -0.194004, 0.975976, 0.219474, -0.885867, -0.429510, -0.175389, -0.053824, 0.453217, -0.881977, -0.129269, 0.233133, 0.000000, 0.000000, 0.000000, 1.000000, -0.084199, -0.002615, -0.996445, 0.135189, -0.995663, -0.039485, 0.084237, 0.019044, -0.039565, 0.999217, 0.000721, 0.065144, 0.000000, 0.000000, 0.000000, 1.000000
-29.3296, 53.7820, -33.0779, 197.4719, 219.4785, -53.7824, 233.1116, 135.1932, 19.0684, 65.1390, 0.885708, 0.429838, 0.175386, 0.053782, -0.453523, 0.881849, 0.129070, -0.033078, -0.099185, -0.193860, 0.976002, 0.197472, 0.000000, 0.000000, 0.000000, 1.000000, -0.099095, -0.194038, 0.975976, 0.219478, -0.885708, -0.429837, -0.175388, -0.053782, 0.453543, -0.881810, -0.129266, 0.233112, 0.000000, 0.000000, 0.000000, 1.000000, -0.084199, -0.002646, -0.996445, 0.135193, -0.995663, -0.039483, 0.084238, 0.019068, -0.039566, 0.999217, 0.000690, 0.065139, 0.000000, 0.000000, 0.000000, 1.000000
-29.2987, 53.7209, -33.0471, 197.4780, 219.4845, -53.7213, 233.0809, 135.1992, 19.1048, 65.1314, 0.885477, 0.430315, 0.175384, 0.053721, -0.453998, 0.881605, 0.129068, -0.033047, -0.099080, -0.193910, 0.976003, 0.197478, 0.000000, 0.000000, 0.000000, 1.000000, -0.098990, -0.194088, 0.975977, 0.219485, -0.885477, -0.430315, -0.175386, -0.053721, 0.454018, -0.881566, -0.129264, 0.233081, 0.000000, 0.000000, 0.000000, 1.000000, -0.084199, -0.002692, -0.996445, 0.135199, -0.995663, -0.039481, 0.084239, 0.019105, -0.039568, 0.999217, 0.000644, 0.065131, 0.000000, 0.000000, 0.000000, 1.000000
-29.2887, 53.7005, -33.0344, 197.4819, 219.4884, -53.7008, 233.0681, 135.2007, 19.1170, 65.1292, 0.885401, 0.430472, 0.175383, 0.053700, -0.454155, 0.881523, 0.129076, -0.033034, -0.099041, -0.193935, 0.976002, 0.197482, 0.000000, 0.000000, 0.000000, 1.000000, -0.098951, -0.194113, 0.975976, 0.219488, -0.885401, -0.430472, -0.175385, -0.053701, 0.454175, -0.881484, -0.129272, 0.233068, 0.000000, 0.000000, 0.000000, 1.000000, -0.084198, -0.002707, -0.996445, 0.135201, -0.995663, -0.039481, 0.084240, 0.019117, -0.039568, 0.999217, 0.000629, 0.065129, 0.000000, 0.000000, 0.000000, 1.000000
-29.2689, 53.6605, -33.0097, 197.4894, 219.4959, -53.6608, 233.0434, 135.2036, 19.1410, 65.1248, 0.885252, 0.430779, 0.175381, 0.053660, -0.454462, 0.881363, 0.129091, -0.033010, -0.098965, -0.193982, 0.976001, 0.197489, 0.000000, 0.000000, 0.000000, 1.000000, -0.098875, -0.194160, 0.975974, 0.219496, -0.885251, -0.430779, -0.175383, -0.053661, 0.454482, -0.881323, -0.129288, 0.233043, 0.000000, 0.000000, 0.000000, 1.000000, -0.084198, -0.002737, -0.996445, 0.135204, -0.995663, -0.039479, 0.084241, 0.019141, -0.039570, 0.999217, 0.000599, 0.065125, 0.000000, 0.000000, 0.000000, 1.000000
