# Joint_4_Angle(deg), Cam_X(mm), Cam_Y(mm), Cam_Z(mm), Torso_X(mm), Torso_Y(mm), Torso_Z(mm), EE_X(mm), EE_Y(mm), EE_Z(mm), T_cam2marker_flat(16), T_torso2marker_flat(16), T_ee2marker_flat(16)
-30.0000, 36.5445, 27.1760, 224.3757, 246.3732, -36.5449, 172.8774, 154.8803, -15.1390, 21.0669, 0.447361, -0.718525, -0.532532, 0.036545, 0.723744, 0.640657, -0.256423, 0.027176, 0.525416, -0.270704, 0.806633, 0.224376, 0.000000, 0.000000, 0.000000, 1.000000, 0.525351, -0.270760, 0.806657, 0.246373, -0.447362, 0.718525, 0.532531, -0.036545, -0.723791, -0.640633, 0.256351, 0.172877, 0.000000, 0.000000, 0.000000, 1.000000, 0.041949, 0.061092, -0.997250, 0.154880, -0.996928, -0.063524, -0.045827, -0.015139, -0.066149, 0.996109, 0.058240, 0.021067, 0.000000, 0.000000, 0.000000, 1.000000
-30.0000, 36.5443, 27.1745, 224.3750, 246.3725, -36.5447, 172.8789, 154.8804, -15.1386, 21.0669, 0.447362, -0.718524, -0.532532, 0.036544, 0.723741, 0.640659, -0.256426, 0.027174, 0.525420, -0.270701, 0.806632, 0.224375, 0.000000, 0.000000, 0.000000, 1.000000, 0.525354, -0.270757, 0.806656, 0.246373, -0.447362, 0.718524, 0.532531, -0.036545, -0.723788, -0.640635, 0.256353, 0.172879, 0.000000, 0.000000, 0.000000, 1.000000, 0.041949, 0.061092, -0.997250, 0.154880, -0.996928, -0.063524, -0.045827, -0.015139, -0.066149, 0.996109, 0.058240, 0.021067, 0.000000, 0.000000, 0.000000, 1.000000
-30.0000, 36.5442, 27.1736, 224.3747, 246.3722, -36.5446, 172.8797, 154.8804, -15.1385, 21.0669, 0.447362, -0.718524, -0.532533, 0.036544, 0.723740, 0.640660, -0.256427, 0.027174, 0.525422, -0.270699, 0.806631, 0.224375, 0.000000, 0.000000, 0.000000, 1.000000, 0.525356, -0.270756, 0.806655, 0.246372, -0.447363, 0.718524, 0.532531, -0.036545, -0.723787, -0.640636, 0.256355, 0.172880, 0.000000, 0.000000, 0.000000, 1.000000, 0.041949, 0.061092, -0.997250, 0.154880, -0.996928, -0.063524, -0.045827, -0.015138, -0.066149, 0.996109, 0.058240, 0.021067, 0.000000, 0.000000, 0.000000, 1.000000
-30.0000, 36.5439, 27.1719, 224.3739, 246.3714, -36.5443, 172.8814, 154.8805, -15.1381, 21.0670, 0.447363, -0.718523, -0.532533, 0.036544, 0.723736, 0.640663, -0.256431, 0.027172, 0.525426, -0.270696, 0.806630, 0.224374, 0.000000, 0.000000, 0.000000, 1.000000, 0.525360, -0.270752, 0.806654, 0.246371, -0.447364, 0.718523, 0.532532, -0.036544, -0.723784, -0.640639, 0.256358, 0.172881, 0.000000, 0.000000, 0.000000, 1.000000, 0.041949, 0.061093, -0.997250, 0.154881, -0.996928, -0.063524, -0.045827, -0.015138, -0.066149, 0.996109, 0.058240, 0.021067, 0.000000, 0.000000, 0.000000, 1.000000
-30.0000, 36.5438, 27.1710, 224.3735, 246.3710, -36.5442, 172.8822, 154.8806, -15.1379, 21.0670, 0.447363, -0.718522, -0.532534, 0.036544, 0.723734, 0.640664, -0.256433, 0.027171, 0.525428, -0.270694, 0.806629, 0.224374, 0.000000, 0.000000, 0.000000, 1.000000, 0.525362, -0.270751, 0.806653, 0.246371, -0.447364, 0.718523, 0.532532, -0.036544, -0.723782, -0.640640, 0.256360, 0.172882, 0.000000, 0.000000, 0.000000, 1.000000, 0.041949, 0.061093, -0.997250, 0.154881, -0.996928, -0.063524, -0.045827, -0.015138, -0.066149, 0.996109, 0.058240, 0.021067, 0.000000, 0.000000, 0.000000, 1.000000
-30.0000, 36.5434, 27.1681, 224.3723, 246.3698, -36.5437, 172.8850, 154.8807, -15.1373, 21.0670, 0.447365, -0.718521, -0.532534, 0.036543, 0.723729, 0.640668, -0.256439, 0.027168, 0.525434, -0.270689, 0.806627, 0.224372, 0.000000, 0.000000, 0.000000, 1.000000, 0.525368, -0.270746, 0.806651, 0.246370, -0.447366, 0.718521, 0.532533, -0.036544, -0.723776, -0.640644, 0.256366, 0.172885, 0.000000, 0.000000, 0.000000, 1.000000, 0.041949, 0.061093, -0.997250, 0.154881, -0.996928, -0.063524, -0.045827, -0.015137, -0.066149, 0.996109, 0.058240, 0.021067, 0.000000, 0.000000, 0.000000, 1.000000
-30.0000, 36.5434, 27.1681, 224.3723, 246.3698, -36.5437, 172.8850, 154.8807, -15.1373, 21.0670, 0.447365, -0.718521, -0.532534, 0.036543, 0.723729, 0.640668, -0.256439, 0.027168, 0.525434, -0.270689, 0.806627, 0.224372, 0.000000, 0.000000, 0.000000, 1.000000, 0.525368, -0.270746, 0.806651, 0.246370, -0.447366, 0.718521, 0.532533, -0.036544, -0.723776, -0.640644, 0.256366, 0.172885, 0.000000, 0.000000, 0.000000, 1.000000, 0.041949, 0.061093, -0.997250, 0.154881, -0.996928, -0.063524, -0.045827, -0.015137, -0.066149, 0.996109, 0.058240, 0.021067, 0.000000, 0.000000, 0.000000, 1.000000
-29.9998, 36.5437, 27.1710, 224.3735, 246.3710, -36.5441, 172.8820, 154.8805, -15.1381, 21.0670, 0.447365, -0.718522, -0.532532, 0.036544, 0.723735, 0.640665, -0.256430, 0.027171, 0.525425, -0.270694, 0.806631, 0.224374, 0.000000, 0.000000, 0.000000, 1.000000, 0.525359, -0.270752, 0.806655, 0.246371, -0.447366, 0.718522, 0.532531, -0.036544, -0.723783, -0.640640, 0.256356, 0.172882, 0.000000, 0.000000, 0.000000, 1.000000, 0.041949, 0.061093, -0.997250, 0.154880, -0.996928, -0.063524, -0.045827, -0.015138, -0.066149, 0.996109, 0.058240, 0.021067, 0.000000, 0.000000, 0.000000, 1.000000
-29.9997, 36.5439, 27.1726, 224.3743, 246.3717, -36.5443, 172.8803, 154.8803, -15.1386, 21.0670, 0.447366, -0.718522, -0.532531, 0.036544, 0.723739, 0.640662, -0.256425, 0.027173, 0.525419, -0.270698, 0.806633, 0.224374, 0.000000, 0.000000, 0.000000, 1.000000, 0.525352, -0.270755, 0.806658, 0.246372, -0.447367, 0.718523, 0.532530, -0.036544, -0.723787, -0.640638, 0.256351, 0.172880, 0.000000, 0.000000, 0.000000, 1.000000, 0.041949, 0.061093, -0.997250, 0.154880, -0.996928, -0.063524, -0.045827, -0.015139, -0.066149, 0.996109, 0.058240, 0.021067, 0.000000, 0.000000, 0.000000, 1.000000
-29.9993, 36.5441, 27.1753, 224.3754, 246.3728, -36.5445, 172.8775, 154.8799, -15.1398, 21.0670, 0.447369, -0.718524, -0.532527, 0.036544, 0.723747, 0.640658, -0.256412, 0.027175, 0.525406, -0.270704, 0.806640, 0.224375, 0.000000, 0.000000, 0.000000, 1.000000, 0.525339, -0.270762, 0.806664, 0.246373, -0.447370, 0.718524, 0.532526, -0.036544, -0.723795, -0.640633, 0.256338, 0.172878, 0.000000, 0.000000, 0.000000, 1.000000, 0.041949, 0.061092, -0.997250, 0.154880, -0.996928, -0.063524, -0.045827, -0.015140, -0.066149, 0.996109, 0.058240, 0.021067, 0.000000, 0.000000, 0.000000, 1.000000
-29.9989, 36.5441, 27.1762, 224.3758, 246.3732, -36.5444, 172.8765, 154.8796, -15.1405, 21.0670, 0.447371, -0.718524, -0.532524, 0.036544, 0.723751, 0.640657, -0.256404, 0.027176, 0.525398, -0.270707, 0.806644, 0.224376, 0.000000, 0.000000, 0.000000, 1.000000, 0.525330, -0.270765, 0.806669, 0.246373, -0.447372, 0.718524, 0.532523, -0.036544, -0.723800, -0.640632, 0.256330, 0.172877, 0.000000, 0.000000, 0.000000, 1.000000, 0.041949, 0.061092, -0.997250, 0.154880, -0.996928, -0.063524, -0.045827, -0.015140, -0.066149, 0.996109, 0.058240, 0.021067, 0.000000, 0.000000, 0.000000, 1.000000
-29.9978, 36.5437, 27.1772, 224.3762, 246.3736, -36.5440, 172.8754, 154.8790, -15.1422, 21.0670, 0.447380, -0.718525, -0.532516, 0.036544, 0.723761, 0.640653, -0.256385, 0.027177, 0.525377, -0.270713, 0.806655, 0.224376, 0.000000, 0.000000, 0.000000, 1.000000, 0.525309, -0.270771, 0.806680, 0.246374, -0.447380, 0.718525, 0.532515, -0.036544, -0.723810, -0.640628, 0.256310, 0.172875, 0.000000, 0.000000, 0.000000, 1.000000, 0.041949, 0.061092, -0.997250, 0.154879, -0.996928, -0.063524, -0.045827, -0.015142, -0.066149, 0.996109, 0.058240, 0.021067, 0.000000, 0.000000, 0.000000, 1.000000
-29.9962, 36.5428, 27.1769, 224.3759, 246.3733, -36.5432, 172.8756, 154.8780, -15.1444, 21.0670, 0.447393, -0.718525, -0.532504, 0.036543, 0.723773, 0.640650, -0.256360, 0.027177, 0.525350, -0.270719, 0.806671, 0.224376, 0.000000, 0.000000, 0.000000, 1.000000, 0.525282, -0.270777, 0.806696, 0.246373, -0.447394, 0.718526, 0.532503, -0.036543, -0.723822, -0.640625, 0.256284, 0.172876, 0.000000, 0.000000, 0.000000, 1.000000, 0.041949, 0.061092, -0.997250, 0.154878, -0.996928, -0.063524, -0.045827, -0.015144, -0.066149, 0.996109, 0.058240, 0.021067, 0.000000, 0.000000, 0.000000, 1.000000
-29.9938, 36.5413, 27.1751, 224.3749, 246.3723, -36.5417, 172.8773, 154.8768, -15.1474, 21.0670, 0.447413, -0.718526, -0.532488, 0.036541, 0.723787, 0.640648, -0.256326, 0.027175, 0.525313, -0.270724, 0.806693, 0.224375, 0.000000, 0.000000, 0.000000, 1.000000, 0.525245, -0.270783, 0.806718, 0.246372, -0.447413, 0.718526, 0.532486, -0.036542, -0.723837, -0.640622, 0.256250, 0.172877, 0.000000, 0.000000, 0.000000, 1.000000, 0.041949, 0.061092, -0.997250, 0.154877, -0.996928, -0.063523, -0.045827, -0.015147, -0.066148, 0.996109, 0.058240, 0.021067, 0.000000, 0.000000, 0.000000, 1.000000
-29.9923, 36.5403, 27.1736, 224.3741, 246.3715, -36.5407, 172.8787, 154.8761, -15.1492, 21.0670, 0.447425, -0.718526, -0.532477, 0.036540, 0.723796, 0.640646, -0.256305, 0.027174, 0.525291, -0.270727, 0.806707, 0.224374, 0.000000, 0.000000, 0.000000, 1.000000, 0.525222, -0.270787, 0.806732, 0.246371, -0.447426, 0.718526, 0.532476, -0.036541, -0.723845, -0.640621, 0.256229, 0.172879, 0.000000, 0.000000, 0.000000, 1.000000, 0.041949, 0.061092, -0.997250, 0.154876, -0.996928, -0.063523, -0.045827, -0.015149, -0.066148, 0.996109, 0.058240, 0.021067, 0.000000, 0.000000, 0.000000, 1.000000
-29.9887, 36.5379, 27.1694, 224.3719, 246.3693, -36.5382, 172.8828, 154.8743, -15.1535, 21.0670, 0.447456, -0.718525, -0.532451, 0.036538, 0.723815, 0.640644, -0.256255, 0.027169, 0.525238, -0.270734, 0.806740, 0.224372, 0.000000, 0.000000, 0.000000, 1.000000, 0.525169, -0.270793, 0.806765, 0.246369, -0.447457, 0.718526, 0.532450, -0.036538, -0.723865, -0.640618, 0.256179, 0.172883, 0.000000, 0.000000, 0.000000, 1.000000, 0.041949, 0.061092, -0.997250, 0.154874, -0.996928, -0.063523, -0.045827, -0.015153, -0.066148, 0.996109, 0.058240, 0.021067, 0.000000, 0.000000, 0.000000, 1.000000
-29.9840, 36.5346, 27.1636, 224.3688, 246.3662, -36.5350, 172.8885, 154.8720, -15.1588, 21.0670, 0.447495, -0.718525, -0.532419, 0.036535, 0.723839, 0.640641, -0.256194, 0.027164, 0.525171, -0.270741, 0.806780, 0.224369, 0.000000, 0.000000, 0.000000, 1.000000, 0.525102, -0.270800, 0.806806, 0.246366, -0.447496, 0.718525, 0.532418, -0.036535, -0.723889, -0.640616, 0.256117, 0.172889, 0.000000, 0.000000, 0.000000, 1.000000, 0.041949, 0.061092, -0.997250, 0.154872, -0.996928, -0.063522, -0.045827, -0.015159, -0.066147, 0.996109, 0.058240, 0.021067, 0.000000, 0.000000, 0.000000, 1.000000
-29.9813, 36.5327, 27.1600, 224.3670, 246.3643, -36.5331, 172.8921, 154.8707, -15.1619, 21.0669, 0.447518, -0.718525, -0.532400, 0.036533, 0.723853, 0.640640, -0.256158, 0.027160, 0.525133, -0.270744, 0.806804, 0.224367, 0.000000, 0.000000, 0.000000, 1.000000, 0.525063, -0.270804, 0.806829, 0.246364, -0.447519, 0.718525, 0.532399, -0.036533, -0.723903, -0.640614, 0.256081, 0.172892, 0.000000, 0.000000, 0.000000, 1.000000, 0.041949, 0.061092, -0.997250, 0.154871, -0.996928, -0.063522, -0.045827, -0.015162, -0.066147, 0.996109, 0.058240, 0.021067, 0.000000, 0.000000, 0.000000, 1.000000
-29.9750, 36.5283, 27.1515, 224.3625, 246.3599, -36.5286, 172.9005, 154.8678, -15.1689, 21.0669, 0.447571, -0.718524, -0.532357, 0.036528, 0.723884, 0.640638, -0.256077, 0.027152, 0.525045, -0.270752, 0.806859, 0.224363, 0.000000, 0.000000, 0.000000, 1.000000, 0.524975, -0.270813, 0.806884, 0.246360, -0.447572, 0.718524, 0.532356, -0.036529, -0.723934, -0.640612, 0.255999, 0.172900, 0.000000, 0.000000, 0.000000, 1.000000, 0.041949, 0.061092, -0.997250, 0.154868, -0.996928, -0.063521, -0.045827, -0.015169, -0.066146, 0.996109, 0.058240, 0.021067, 0.000000, 0.000000, 0.000000, 1.000000
-29.9677, 36.5230, 27.1413, 224.3572, 246.3545, -36.5233, 172.9106, 154.8643, -15.1771, 21.0669, 0.447633, -0.718523, -0.532306, 0.036523, 0.723920, 0.640635, -0.255981, 0.027141, 0.524942, -0.270762, 0.806923, 0.224357, 0.000000, 0.000000, 0.000000, 1.000000, 0.524872, -0.270822, 0.806948, 0.246355, -0.447634, 0.718523, 0.532305, -0.036523, -0.723971, -0.640609, 0.255903, 0.172911, 0.000000, 0.000000, 0.000000, 1.000000, 0.041949, 0.061092, -0.997250, 0.154864, -0.996928, -0.063520, -0.045827, -0.015177, -0.066145, 0.996109, 0.058240, 0.021067, 0.000000, 0.000000, 0.000000, 1.000000
-29.9635, 36.5200, 27.1355, 224.3542, 246.3515, -36.5204, 172.9163, 154.8623, -15.1817, 21.0669, 0.447668, -0.718522, -0.532278, 0.036520, 0.723940, 0.640634, -0.255928, 0.027136, 0.524885, -0.270767, 0.806958, 0.224354, 0.000000, 0.000000, 0.000000, 1.000000, 0.524814, -0.270827, 0.806984, 0.246352, -0.447669, 0.718522, 0.532276, -0.036520, -0.723991, -0.640608, 0.255850, 0.172916, 0.000000, 0.000000, 0.000000, 1.000000, 0.041949, 0.061092, -0.997250, 0.154862, -0.996928, -0.063520, -0.045827, -0.015182, -0.066145, 0.996109, 0.058240, 0.021067, 0.000000, 0.000000, 0.000000, 1.000000
-29.9545, 36.5135, 27.1227, 224.3475, 246.3448, -36.5138, 172.9291, 154.8580, -15.1918, 21.0669, 0.447745, -0.718520, -0.532215, 0.036513, 0.723984, 0.640631, -0.255810, 0.027123, 0.524758, -0.270778, 0.807037, 0.224347, 0.000000, 0.000000, 0.000000, 1.000000, 0.524688, -0.270838, 0.807062, 0.246345, -0.447746, 0.718521, 0.532214, -0.036514, -0.724035, -0.640605, 0.255732, 0.172929, 0.000000, 0.000000, 0.000000, 1.000000, 0.041949, 0.061092, -0.997250, 0.154858, -0.996928, -0.063519, -0.045826, -0.015192, -0.066144, 0.996109, 0.058240, 0.021067, 0.000000, 0.000000, 0.000000, 1.000000
-29.9495, 36.5099, 27.1157, 224.3438, 246.3411, -36.5103, 172.9361, 154.8556, -15.1973, 21.0669, 0.447787, -0.718520, -0.532181, 0.036510, 0.724008, 0.640629, -0.255746, 0.027116, 0.524689, -0.270784, 0.807080, 0.224344, 0.000000, 0.000000, 0.000000, 1.000000, 0.524618, -0.270844, 0.807105, 0.246341, -0.447788, 0.718520, 0.532179, -0.036510, -0.724059, -0.640603, 0.255668, 0.172936, 0.000000, 0.000000, 0.000000, 1.000000, 0.041949, 0.061092, -0.997250, 0.154856, -0.996928, -0.063518, -0.045826, -0.015197, -0.066143, 0.996109, 0.058240, 0.021067, 0.000000, 0.000000, 0.000000, 1.000000
-29.9268, 36.4936, 27.0836, 224.3270, 246.3243, -36.4939, 172.9680, 154.8449, -15.2225, 21.0668, 0.447979, -0.718516, -0.532024, 0.036494, 0.724118, 0.640622, -0.255453, 0.027084, 0.524374, -0.270811, 0.807276, 0.224327, 0.000000, 0.000000, 0.000000, 1.000000, 0.524303, -0.270872, 0.807301, 0.246324, -0.447980, 0.718516, 0.532023, -0.036494, -0.724169, -0.640596, 0.255375, 0.172968, 0.000000, 0.000000, 0.000000, 1.000000, 0.041949, 0.061092, -0.997250, 0.154845, -0.996928, -0.063516, -0.045826, -0.015222, -0.066141, 0.996109, 0.058240, 0.021067, 0.000000, 0.000000, 0.000000, 1.000000
-29.9268, 36.4936, 27.0836, 224.3270, 246.3243, -36.4939, 172.9680, 154.8449, -15.2225, 21.0668, 0.447979, -0.718516, -0.532024, 0.036494, 0.724118, 0.640622, -0.255453, 0.027084, 0.524374, -0.270811, 0.807276, 0.224327, 0.000000, 0.000000, 0.000000, 1.000000, 0.524303, -0.270872, 0.807301, 0.246324, -0.447980, 0.718516, 0.532023, -0.036494, -0.724169, -0.640596, 0.255375, 0.172968, 0.000000, 0.000000, 0.000000, 1.000000, 0.041949, 0.061092, -0.997250, 0.154845, -0.996928, -0.063516, -0.045826, -0.015222, -0.066141, 0.996109, 0.058240, 0.021067, 0.000000, 0.000000, 0.000000, 1.000000
-29.9072, 36.4794, 27.0559, 224.3125, 246.3098, -36.4798, 172.9956, 154.8356, -15.2443, 21.0668, 0.448146, -0.718512, -0.531889, 0.036479, 0.724213, 0.640616, -0.255199, 0.027056, 0.524100, -0.270834, 0.807445, 0.224313, 0.000000, 0.000000, 0.000000, 1.000000, 0.524029, -0.270896, 0.807471, 0.246310, -0.448146, 0.718513, 0.531887, -0.036480, -0.724264, -0.640590, 0.255120, 0.172996, 0.000000, 0.000000, 0.000000, 1.000000, 0.041949, 0.061092, -0.997250, 0.154836, -0.996928, -0.063514, -0.045826, -0.015244, -0.066139, 0.996109, 0.058240, 0.021067, 0.000000, 0.000000, 0.000000, 1.000000
-29.8929, 36.4691, 27.0358, 224.3020, 246.2993, -36.4695, 173.0156, 154.8288, -15.2602, 21.0668, 0.448267, -0.718510, -0.531790, 0.036469, 0.724282, 0.640611, -0.255014, 0.027036, 0.523901, -0.270852, 0.807569, 0.224302, 0.000000, 0.000000, 0.000000, 1.000000, 0.523829, -0.270913, 0.807595, 0.246299, -0.448268, 0.718510, 0.531788, -0.036469, -0.724334, -0.640585, 0.254935, 0.173016, 0.000000, 0.000000, 0.000000, 1.000000, 0.041949, 0.061092, -0.997250, 0.154829, -0.996928, -0.063512, -0.045826, -0.015260, -0.066137, 0.996109, 0.058240, 0.021067, 0.000000, 0.000000, 0.000000, 1.000000
-29.8854, 36.4637, 27.0253, 224.2965, 246.2937, -36.4641, 173.0261, 154.8252, -15.2686, 21.0668, 0.448331, -0.718509, -0.531738, 0.036464, 0.724319, 0.640609, -0.254917, 0.027025, 0.523796, -0.270861, 0.807634, 0.224296, 0.000000, 0.000000, 0.000000, 1.000000, 0.523724, -0.270923, 0.807660, 0.246294, -0.448331, 0.718509, 0.531736, -0.036464, -0.724370, -0.640582, 0.254837, 0.173026, 0.000000, 0.000000, 0.000000, 1.000000, 0.041949, 0.061092, -0.997250, 0.154825, -0.996928, -0.063511, -0.045826, -0.015269, -0.066136, 0.996109, 0.058240, 0.021067, 0.000000, 0.000000, 0.000000, 1.000000
-29.8777, 36.4581, 27.0145, 224.2908, 246.2881, -36.4585, 173.0368, 154.8215, -15.2772, 21.0668, 0.448396, -0.718507, -0.531684, 0.036458, 0.724356, 0.640606, -0.254816, 0.027015, 0.523688, -0.270870, 0.807701, 0.224291, 0.000000, 0.000000, 0.000000, 1.000000, 0.523616, -0.270932, 0.807727, 0.246288, -0.448397, 0.718508, 0.531683, -0.036458, -0.724408, -0.640580, 0.254737, 0.173037, 0.000000, 0.000000, 0.000000, 1.000000, 0.041949, 0.061092, -0.997250, 0.154822, -0.996928, -0.063511, -0.045826, -0.015277, -0.066136, 0.996110, 0.058240, 0.021067, 0.000000, 0.000000, 0.000000, 1.000000
-29.8533, 36.4406, 26.9807, 224.2730, 246.2702, -36.4410, 173.0706, 154.8099, -15.3044, 21.0667, 0.448603, -0.718503, -0.531515, 0.036441, 0.724475, 0.640598, -0.254499, 0.026981, 0.523346, -0.270901, 0.807912, 0.224273, 0.000000, 0.000000, 0.000000, 1.000000, 0.523274, -0.270963, 0.807938, 0.246270, -0.448604, 0.718504, 0.531514, -0.036441, -0.724527, -0.640571, 0.254419, 0.173071, 0.000000, 0.000000, 0.000000, 1.000000, 0.041949, 0.061092, -0.997250, 0.154810, -0.996929, -0.063508, -0.045826, -0.015304, -0.066133, 0.996110, 0.058240, 0.021067, 0.000000, 0.000000, 0.000000, 1.000000
-29.8533, 36.4406, 26.9807, 224.2730, 246.2702, -36.4410, 173.0706, 154.8099, -15.3044, 21.0667, 0.448603, -0.718503, -0.531515, 0.036441, 0.724475, 0.640598, -0.254499, 0.026981, 0.523346, -0.270901, 0.807912, 0.224273, 0.000000, 0.000000, 0.000000, 1.000000, 0.523274, -0.270963, 0.807938, 0.246270, -0.448604, 0.718504, 0.531514, -0.036441, -0.724527, -0.640571, 0.254419, 0.173071, 0.000000, 0.000000, 0.000000, 1.000000, 0.041949, 0.061092, -0.997250, 0.154810, -0.996929, -0.063508, -0.045826, -0.015304, -0.066133, 0.996110, 0.058240, 0.021067, 0.000000, 0.000000, 0.000000, 1.000000
-29.8273, 36.4220, 26.9450, 224.2541, 246.2514, -36.4224, 173.1062, 154.7974, -15.3335, 21.0667, 0.448823, -0.718499, -0.531335, 0.036422, 0.724602, 0.640589, -0.254160, 0.026945, 0.522981, -0.270934, 0.808137, 0.224254, 0.000000, 0.000000, 0.000000, 1.000000, 0.522908, -0.270996, 0.808163, 0.246251, -0.448824, 0.718500, 0.531334, -0.036422, -0.724654, -0.640562, 0.254080, 0.173106, 0.000000, 0.000000, 0.000000, 1.000000, 0.041949, 0.061092, -0.997250, 0.154797, -0.996929, -0.063505, -0.045826, -0.015334, -0.066130, 0.996110, 0.058241, 0.021067, 0.000000, 0.000000, 0.000000, 1.000000
-29.8092, 36.4091, 26.9204, 224.2411, 246.2384, -36.4094, 173.1308, 154.7888, -15.3538, 21.0667, 0.448976, -0.718496, -0.531209, 0.036409, 0.724691, 0.640582, -0.253924, 0.026920, 0.522727, -0.270957, 0.808294, 0.224241, 0.000000, 0.000000, 0.000000, 1.000000, 0.522654, -0.271019, 0.808320, 0.246238, -0.448977, 0.718497, 0.531208, -0.036409, -0.724743, -0.640555, 0.253844, 0.173131, 0.000000, 0.000000, 0.000000, 1.000000, 0.041949, 0.061092, -0.997250, 0.154789, -0.996929, -0.063503, -0.045826, -0.015354, -0.066128, 0.996110, 0.058241, 0.021067, 0.000000, 0.000000, 0.000000, 1.000000
-29.8000, 36.4025, 26.9079, 224.2345, 246.2318, -36.4028, 173.1433, 154.7843, -15.3642, 21.0667, 0.449054, -0.718495, -0.531145, 0.036402, 0.724737, 0.640578, -0.253803, 0.026908, 0.522597, -0.270969, 0.808374, 0.224235, 0.000000, 0.000000, 0.000000, 1.000000, 0.522524, -0.271031, 0.808400, 0.246232, -0.449055, 0.718495, 0.531144, -0.036403, -0.724789, -0.640552, 0.253723, 0.173143, 0.000000, 0.000000, 0.000000, 1.000000, 0.041949, 0.061092, -0.997250, 0.154784, -0.996929, -0.063502, -0.045826, -0.015364, -0.066127, 0.996110, 0.058241, 0.021067, 0.000000, 0.000000, 0.000000, 1.000000
-29.7812, 36.3891, 26.8826, 224.2211, 246.2184, -36.3894, 173.1685, 154.7753, -15.3853, 21.0666, 0.449213, -0.718492, -0.531015, 0.036389, 0.724829, 0.640571, -0.253557, 0.026883, 0.522332, -0.270994, 0.808537, 0.224221, 0.000000, 0.000000, 0.000000, 1.000000, 0.522259, -0.271056, 0.808563, 0.246218, -0.449214, 0.718493, 0.531013, -0.036389, -0.724881, -0.640544, 0.253477, 0.173169, 0.000000, 0.000000, 0.000000, 1.000000, 0.041949, 0.061092, -0.997250, 0.154775, -0.996929, -0.063500, -0.045826, -0.015385, -0.066125, 0.996110, 0.058241, 0.021067, 0.000000, 0.000000, 0.000000, 1.000000
-29.7620, 36.3755, 26.8569, 224.2076, 246.2048, -36.3758, 173.1941, 154.7660, -15.4068, 21.0666, 0.449375, -0.718489, -0.530881, 0.036375, 0.724924, 0.640564, -0.253306, 0.026857, 0.522061, -0.271019, 0.808703, 0.224208, 0.000000, 0.000000, 0.000000, 1.000000, 0.521988, -0.271082, 0.808729, 0.246205, -0.449376, 0.718490, 0.530880, -0.036376, -0.724976, -0.640537, 0.253225, 0.173194, 0.000000, 0.000000, 0.000000, 1.000000, 0.041949, 0.061092, -0.997250, 0.154766, -0.996929, -0.063498, -0.045826, -0.015407, -0.066123, 0.996110, 0.058241, 0.021067, 0.000000, 0.000000, 0.000000, 1.000000
-29.7426, 36.3616, 26.8311, 224.1939, 246.1911, -36.3620, 173.2200, 154.7566, -15.4287, 21.0666, 0.449539, -0.718487, -0.530746, 0.036362, 0.725020, 0.640556, -0.253051, 0.026831, 0.521786, -0.271045, 0.808872, 0.224194, 0.000000, 0.000000, 0.000000, 1.000000, 0.521713, -0.271108, 0.808898, 0.246191, -0.449540, 0.718487, 0.530745, -0.036362, -0.725072, -0.640529, 0.252970, 0.173220, 0.000000, 0.000000, 0.000000, 1.000000, 0.041949, 0.061092, -0.997250, 0.154757, -0.996929, -0.063496, -0.045825, -0.015429, -0.066121, 0.996110, 0.058241, 0.021067, 0.000000, 0.000000, 0.000000, 1.000000
-29.7230, 36.3477, 26.8052, 224.1801, 246.1774, -36.3481, 173.2458, 154.7471, -15.4509, 21.0666, 0.449705, -0.718484, -0.530609, 0.036348, 0.725117, 0.640547, -0.252792, 0.026805, 0.521508, -0.271072, 0.809042, 0.224180, 0.000000, 0.000000, 0.000000, 1.000000, 0.521434, -0.271135, 0.809069, 0.246177, -0.449706, 0.718484, 0.530608, -0.036348, -0.725169, -0.640520, 0.252711, 0.173246, 0.000000, 0.000000, 0.000000, 1.000000, 0.041949, 0.061092, -0.997250, 0.154747, -0.996930, -0.063494, -0.045825, -0.015451, -0.066119, 0.996111, 0.058241, 0.021067, 0.000000, 0.000000, 0.000000, 1.000000
-29.7131, 36.3407, 26.7922, 224.1732, 246.1705, -36.3411, 173.2588, 154.7423, -15.4621, 21.0665, 0.449788, -0.718482, -0.530541, 0.036341, 0.725166, 0.640543, -0.252662, 0.026792, 0.521368, -0.271086, 0.809128, 0.224173, 0.000000, 0.000000, 0.000000, 1.000000, 0.521294, -0.271149, 0.809154, 0.246170, -0.449789, 0.718483, 0.530539, -0.036341, -0.725219, -0.640516, 0.252581, 0.173259, 0.000000, 0.000000, 0.000000, 1.000000, 0.041949, 0.061092, -0.997250, 0.154742, -0.996930, -0.063493, -0.045825, -0.015462, -0.066117, 0.996111, 0.058241, 0.021067, 0.000000, 0.000000, 0.000000, 1.000000
-29.6933, 36.3267, 26.7663, 224.1595, 246.1568, -36.3271, 173.2846, 154.7327, -15.4845, 21.0665, 0.449955, -0.718480, -0.530403, 0.036327, 0.725265, 0.640534, -0.252401, 0.026766, 0.521086, -0.271113, 0.809300, 0.224159, 0.000000, 0.000000, 0.000000, 1.000000, 0.521013, -0.271176, 0.809326, 0.246157, -0.449956, 0.718480, 0.530401, -0.036327, -0.725317, -0.640507, 0.252320, 0.173285, 0.000000, 0.000000, 0.000000, 1.000000, 0.041949, 0.061092, -0.997250, 0.154733, -0.996930, -0.063490, -0.045825, -0.015484, -0.066115, 0.996111, 0.058241, 0.021067, 0.000000, 0.000000, 0.000000, 1.000000
-29.6735, 36.3127, 26.7406, 224.1458, 246.1431, -36.3130, 173.3104, 154.7231, -15.5069, 21.0665, 0.450123, -0.718477, -0.530264, 0.036313, 0.725364, 0.640526, -0.252139, 0.026741, 0.520804, -0.271141, 0.809472, 0.224146, 0.000000, 0.000000, 0.000000, 1.000000, 0.520731, -0.271204, 0.809499, 0.246143, -0.450123, 0.718478, 0.530263, -0.036313, -0.725416, -0.640498, 0.252058, 0.173310, 0.000000, 0.000000, 0.000000, 1.000000, 0.041949, 0.061092, -0.997250, 0.154723, -0.996930, -0.063488, -0.045825, -0.015507, -0.066113, 0.996111, 0.058241, 0.021067, 0.000000, 0.000000, 0.000000, 1.000000
-29.6243, 36.2780, 26.6775, 224.1122, 246.1095, -36.2783, 173.3735, 154.6990, -15.5629, 21.0665, 0.450537, -0.718471, -0.529920, 0.036278, 0.725611, 0.640503, -0.251487, 0.026677, 0.520101, -0.271212, 0.809901, 0.224112, 0.000000, 0.000000, 0.000000, 1.000000, 0.520028, -0.271275, 0.809927, 0.246110, -0.450538, 0.718471, 0.529919, -0.036278, -0.725663, -0.640475, 0.251405, 0.173373, 0.000000, 0.000000, 0.000000, 1.000000, 0.041949, 0.061092, -0.997250, 0.154699, -0.996930, -0.063483, -0.045825, -0.015563, -0.066108, 0.996111, 0.058241, 0.021066, 0.000000, 0.000000, 0.000000, 1.000000
-29.5957, 36.2583, 26.6442, 224.0943, 246.0915, -36.2587, 173.4066, 154.6847, -15.5962, 21.0664, 0.450777, -0.718469, -0.529719, 0.036258, 0.725760, 0.640485, -0.251100, 0.026644, 0.519684, -0.271259, 0.810152, 0.224094, 0.000000, 0.000000, 0.000000, 1.000000, 0.519611, -0.271322, 0.810178, 0.246092, -0.450778, 0.718469, 0.529718, -0.036259, -0.725813, -0.640458, 0.251018, 0.173407, 0.000000, 0.000000, 0.000000, 1.000000, 0.041949, 0.061092, -0.997250, 0.154685, -0.996931, -0.063480, -0.045824, -0.015596, -0.066105, 0.996111, 0.058241, 0.021066, 0.000000, 0.000000, 0.000000, 1.000000
-29.5772, 36.2462, 26.6267, 224.0844, 246.0817, -36.2465, 173.4241, 154.6752, -15.6185, 21.0664, 0.450931, -0.718469, -0.529588, 0.036246, 0.725864, 0.640468, -0.250841, 0.026627, 0.519405, -0.271297, 0.810318, 0.224084, 0.000000, 0.000000, 0.000000, 1.000000, 0.519331, -0.271360, 0.810345, 0.246082, -0.450932, 0.718470, 0.529586, -0.036247, -0.725917, -0.640441, 0.250759, 0.173424, 0.000000, 0.000000, 0.000000, 1.000000, 0.041949, 0.061092, -0.997250, 0.154675, -0.996931, -0.063478, -0.045824, -0.015619, -0.066103, 0.996112, 0.058241, 0.021066, 0.000000, 0.000000, 0.000000, 1.000000
-29.5681, 36.2402, 26.6179, 224.0795, 246.0768, -36.2405, 173.4328, 154.6706, -15.6295, 21.0664, 0.451007, -0.718469, -0.529523, 0.036240, 0.725915, 0.640461, -0.250713, 0.026618, 0.519269, -0.271315, 0.810400, 0.224080, 0.000000, 0.000000, 0.000000, 1.000000, 0.519194, -0.271379, 0.810426, 0.246077, -0.451008, 0.718470, 0.529522, -0.036241, -0.725968, -0.640433, 0.250631, 0.173433, 0.000000, 0.000000, 0.000000, 1.000000, 0.041949, 0.061091, -0.997250, 0.154671, -0.996931, -0.063477, -0.045824, -0.015629, -0.066102, 0.996112, 0.058241, 0.021066, 0.000000, 0.000000, 0.000000, 1.000000
-29.5501, 36.2284, 26.6004, 224.0699, 246.0671, -36.2287, 173.4503, 154.6614, -15.6510, 21.0663, 0.451156, -0.718470, -0.529396, 0.036228, 0.726015, 0.640445, -0.250464, 0.026600, 0.519000, -0.271351, 0.810560, 0.224070, 0.000000, 0.000000, 0.000000, 1.000000, 0.518925, -0.271415, 0.810586, 0.246067, -0.451156, 0.718470, 0.529395, -0.036229, -0.726068, -0.640418, 0.250382, 0.173450, 0.000000, 0.000000, 0.000000, 1.000000, 0.041949, 0.061091, -0.997250, 0.154661, -0.996931, -0.063475, -0.045824, -0.015651, -0.066100, 0.996112, 0.058241, 0.021066, 0.000000, 0.000000, 0.000000, 1.000000
-29.5326, 36.2167, 26.5829, 224.0602, 246.0574, -36.2171, 173.4677, 154.6525, -15.6719, 21.0663, 0.451301, -0.718470, -0.529272, 0.036217, 0.726112, 0.640431, -0.250221, 0.026583, 0.518738, -0.271385, 0.810716, 0.224060, 0.000000, 0.000000, 0.000000, 1.000000, 0.518663, -0.271450, 0.810742, 0.246057, -0.451302, 0.718470, 0.529271, -0.036217, -0.726164, -0.640403, 0.250138, 0.173468, 0.000000, 0.000000, 0.000000, 1.000000, 0.041949, 0.061091, -0.997250, 0.154652, -0.996931, -0.063473, -0.045824, -0.015672, -0.066098, 0.996112, 0.058241, 0.021066, 0.000000, 0.000000, 0.000000, 1.000000
-29.5155, 36.2053, 26.5653, 224.0506, 246.0478, -36.2057, 173.4852, 154.6438, -15.6923, 21.0663, 0.451443, -0.718469, -0.529151, 0.036205, 0.726205, 0.640417, -0.249985, 0.026565, 0.518483, -0.271418, 0.810868, 0.224051, 0.000000, 0.000000, 0.000000, 1.000000, 0.518408, -0.271483, 0.810895, 0.246048, -0.451444, 0.718470, 0.529149, -0.036206, -0.726258, -0.640389, 0.249902, 0.173485, 0.000000, 0.000000, 0.000000, 1.000000, 0.041949, 0.061091, -0.997250, 0.154644, -0.996931, -0.063471, -0.045824, -0.015692, -0.066096, 0.996112, 0.058241, 0.021066, 0.000000, 0.000000, 0.000000, 1.000000
-29.5071, 36.1997, 26.5565, 224.0458, 246.0430, -36.2000, 173.4940, 154.6395, -15.7023, 21.0663, 0.451513, -0.718469, -0.529091, 0.036200, 0.726251, 0.640410, -0.249869, 0.026556, 0.518358, -0.271434, 0.810943, 0.224046, 0.000000, 0.000000, 0.000000, 1.000000, 0.518283, -0.271498, 0.810969, 0.246043, -0.451514, 0.718470, 0.529090, -0.036200, -0.726304, -0.640383, 0.249785, 0.173494, 0.000000, 0.000000, 0.000000, 1.000000, 0.041949, 0.061091, -0.997250, 0.154640, -0.996931, -0.063470, -0.045824, -0.015702, -0.066095, 0.996112, 0.058241, 0.021066, 0.000000, 0.000000, 0.000000, 1.000000
-29.4905, 36.1885, 26.5388, 224.0363, 246.0335, -36.1888, 173.5116, 154.6311, -15.7219, 21.0662, 0.451651, -0.718469, -0.528974, 0.036188, 0.726340, 0.640398, -0.249641, 0.026539, 0.518113, -0.271464, 0.811089, 0.224036, 0.000000, 0.000000, 0.000000, 1.000000, 0.518038, -0.271529, 0.811116, 0.246033, -0.451652, 0.718469, 0.528973, -0.036189, -0.726393, -0.640370, 0.249557, 0.173512, 0.000000, 0.000000, 0.000000, 1.000000, 0.041949, 0.061090, -0.997250, 0.154631, -0.996931, -0.063468, -0.045823, -0.015722, -0.066093, 0.996112, 0.058240, 0.021066, 0.000000, 0.000000, 0.000000, 1.000000
-29.4743, 36.1774, 26.5209, 224.0267, 246.0239, -36.1778, 173.5294, 154.6229, -15.7410, 21.0662, 0.451787, -0.718468, -0.528859, 0.036177, 0.726427, 0.640386, -0.249419, 0.026521, 0.517874, -0.271493, 0.811233, 0.224027, 0.000000, 0.000000, 0.000000, 1.000000, 0.517798, -0.271558, 0.811259, 0.246024, -0.451788, 0.718469, 0.528858, -0.036178, -0.726480, -0.640358, 0.249335, 0.173529, 0.000000, 0.000000, 0.000000, 1.000000, 0.041949, 0.061090, -0.997250, 0.154623, -0.996931, -0.063466, -0.045823, -0.015741, -0.066091, 0.996112, 0.058240, 0.021066, 0.000000, 0.000000, 0.000000, 1.000000
-29.4663, 36.1720, 26.5119, 224.0219, 246.0191, -36.1723, 173.5384, 154.6189, -15.7504, 21.0662, 0.451853, -0.718468, -0.528803, 0.036172, 0.726469, 0.640381, -0.249310, 0.026512, 0.517756, -0.271507, 0.811303, 0.224022, 0.000000, 0.000000, 0.000000, 1.000000, 0.517680, -0.271572, 0.811330, 0.246019, -0.451854, 0.718468, 0.528801, -0.036172, -0.726523, -0.640353, 0.249226, 0.173538, 0.000000, 0.000000, 0.000000, 1.000000, 0.041949, 0.061090, -0.997250, 0.154619, -0.996931, -0.063466, -0.045823, -0.015750, -0.066090, 0.996112, 0.058240, 0.021066, 0.000000, 0.000000, 0.000000, 1.000000
-29.4504, 36.1611, 26.4938, 224.0122, 246.0094, -36.1615, 173.5564, 154.6109, -15.7688, 21.0662, 0.451985, -0.718467, -0.528691, 0.036161, 0.726552, 0.640370, -0.249095, 0.026494, 0.517525, -0.271534, 0.811442, 0.224012, 0.000000, 0.000000, 0.000000, 1.000000, 0.517449, -0.271599, 0.811468, 0.246009, -0.451986, 0.718468, 0.528690, -0.036161, -0.726606, -0.640342, 0.249011, 0.173556, 0.000000, 0.000000, 0.000000, 1.000000, 0.041949, 0.061090, -0.997250, 0.154611, -0.996932, -0.063464, -0.045823, -0.015769, -0.066089, 0.996113, 0.058240, 0.021066, 0.000000, 0.000000, 0.000000, 1.000000
-29.4349, 36.1504, 26.4755, 224.0026, 245.9998, -36.1508, 173.5747, 154.6032, -15.7868, 21.0661, 0.452115, -0.718466, -0.528581, 0.036150, 0.726633, 0.640360, -0.248885, 0.026476, 0.517298, -0.271560, 0.811578, 0.224003, 0.000000, 0.000000, 0.000000, 1.000000, 0.517222, -0.271625, 0.811604, 0.246000, -0.452116, 0.718467, 0.528580, -0.036151, -0.726686, -0.640332, 0.248801, 0.173575, 0.000000, 0.000000, 0.000000, 1.000000, 0.041949, 0.061090, -0.997250, 0.154603, -0.996932, -0.063462, -0.045823, -0.015787, -0.066087, 0.996113, 0.058240, 0.021066, 0.000000, 0.000000, 0.000000, 1.000000
-29.4272, 36.1451, 26.4663, 223.9977, 245.9949, -36.1454, 173.5839, 154.5993, -15.7957, 21.0661, 0.452179, -0.718466, -0.528527, 0.036145, 0.726672, 0.640356, -0.248781, 0.026466, 0.517186, -0.271572, 0.811645, 0.223998, 0.000000, 0.000000, 0.000000, 1.000000, 0.517110, -0.271638, 0.811671, 0.245995, -0.452180, 0.718466, 0.528526, -0.036145, -0.726726, -0.640328, 0.248697, 0.173584, 0.000000, 0.000000, 0.000000, 1.000000, 0.041949, 0.061090, -0.997250, 0.154599, -0.996932, -0.063461, -0.045823, -0.015796, -0.066086, 0.996113, 0.058240, 0.021066, 0.000000, 0.000000, 0.000000, 1.000000
-29.4119, 36.1344, 26.4478, 223.9880, 245.9852, -36.1348, 173.6024, 154.5917, -15.8132, 21.0661, 0.452307, -0.718464, -0.528420, 0.036134, 0.726750, 0.640347, -0.248577, 0.026448, 0.516966, -0.271596, 0.811777, 0.223988, 0.000000, 0.000000, 0.000000, 1.000000, 0.516889, -0.271662, 0.811804, 0.245985, -0.452307, 0.718465, 0.528419, -0.036135, -0.726804, -0.640319, 0.248492, 0.173602, 0.000000, 0.000000, 0.000000, 1.000000, 0.041949, 0.061090, -0.997250, 0.154592, -0.996932, -0.063460, -0.045823, -0.015813, -0.066084, 0.996113, 0.058240, 0.021066, 0.000000, 0.000000, 0.000000, 1.000000
-29.4044, 36.1291, 26.4384, 223.9831, 245.9803, -36.1295, 173.6117, 154.5880, -15.8218, 21.0661, 0.452370, -0.718464, -0.528367, 0.036129, 0.726788, 0.640343, -0.248476, 0.026438, 0.516857, -0.271608, 0.811842, 0.223983, 0.000000, 0.000000, 0.000000, 1.000000, 0.516780, -0.271673, 0.811869, 0.245980, -0.452370, 0.718464, 0.528366, -0.036129, -0.726842, -0.640315, 0.248391, 0.173612, 0.000000, 0.000000, 0.000000, 1.000000, 0.041949, 0.061090, -0.997250, 0.154588, -0.996932, -0.063459, -0.045823, -0.015822, -0.066084, 0.996113, 0.058240, 0.021066, 0.000000, 0.000000, 0.000000, 1.000000
-29.3894, 36.1186, 26.4195, 223.9732, 245.9704, -36.1190, 173.6305, 154.5806, -15.8389, 21.0661, 0.452495, -0.718462, -0.528261, 0.036119, 0.726863, 0.640335, -0.248276, 0.026420, 0.516642, -0.271630, 0.811972, 0.223973, 0.000000, 0.000000, 0.000000, 1.000000, 0.516565, -0.271696, 0.811999, 0.245970, -0.452496, 0.718463, 0.528260, -0.036119, -0.726917, -0.640307, 0.248191, 0.173631, 0.000000, 0.000000, 0.000000, 1.000000, 0.041949, 0.061090, -0.997250, 0.154581, -0.996932, -0.063457, -0.045823, -0.015839, -0.066082, 0.996113, 0.058240, 0.021066, 0.000000, 0.000000, 0.000000, 1.000000
-29.3820, 36.1133, 26.4100, 223.9683, 245.9655, -36.1137, 173.6400, 154.5769, -15.8474, 21.0660, 0.452557, -0.718462, -0.528209, 0.036113, 0.726900, 0.640331, -0.248177, 0.026410, 0.516535, -0.271641, 0.812036, 0.223968, 0.000000, 0.000000, 0.000000, 1.000000, 0.516458, -0.271707, 0.812063, 0.245965, -0.452558, 0.718462, 0.528208, -0.036114, -0.726954, -0.640303, 0.248093, 0.173640, 0.000000, 0.000000, 0.000000, 1.000000, 0.041949, 0.061090, -0.997250, 0.154577, -0.996932, -0.063456, -0.045823, -0.015847, -0.066081, 0.996113, 0.058240, 0.021066, 0.000000, 0.000000, 0.000000, 1.000000
-29.3671, 36.1028, 26.3909, 223.9583, 245.9555, -36.1032, 173.6591, 154.5696, -15.8642, 21.0660, 0.452681, -0.718460, -0.528105, 0.036103, 0.726973, 0.640324, -0.247981, 0.026391, 0.516323, -0.271662, 0.812164, 0.223958, 0.000000, 0.000000, 0.000000, 1.000000, 0.516246, -0.271728, 0.812191, 0.245956, -0.452682, 0.718460, 0.528104, -0.036103, -0.727027, -0.640296, 0.247896, 0.173659, 0.000000, 0.000000, 0.000000, 1.000000, 0.041949, 0.061090, -0.997250, 0.154570, -0.996932, -0.063455, -0.045823, -0.015864, -0.066080, 0.996113, 0.058240, 0.021066, 0.000000, 0.000000, 0.000000, 1.000000
-29.3598, 36.0976, 26.3812, 223.9533, 245.9505, -36.0979, 173.6688, 154.5659, -15.8725, 21.0660, 0.452743, -0.718459, -0.528054, 0.036098, 0.727010, 0.640321, -0.247884, 0.026381, 0.516218, -0.271672, 0.812227, 0.223953, 0.000000, 0.000000, 0.000000, 1.000000, 0.516141, -0.271738, 0.812254, 0.245951, -0.452744, 0.718460, 0.528052, -0.036098, -0.727064, -0.640292, 0.247799, 0.173669, 0.000000, 0.000000, 0.000000, 1.000000, 0.041949, 0.061090, -0.997250, 0.154566, -0.996932, -0.063454, -0.045823, -0.015872, -0.066079, 0.996113, 0.058240, 0.021066, 0.000000, 0.000000, 0.000000, 1.000000
-29.3451, 36.0871, 26.3617, 223.9433, 245.9405, -36.0874, 173.6882, 154.5587, -15.8890, 21.0660, 0.452866, -0.718457, -0.527950, 0.036087, 0.727081, 0.640314, -0.247690, 0.026362, 0.516009, -0.271693, 0.812353, 0.223943, 0.000000, 0.000000, 0.000000, 1.000000, 0.515932, -0.271759, 0.812380, 0.245940, -0.452867, 0.718458, 0.527949, -0.036087, -0.727135, -0.640286, 0.247605, 0.173688, 0.000000, 0.000000, 0.000000, 1.000000, 0.041949, 0.061090, -0.997250, 0.154559, -0.996932, -0.063452, -0.045823, -0.015889, -0.066077, 0.996113, 0.058240, 0.021066, 0.000000, 0.000000, 0.000000, 1.000000
-29.3378, 36.0818, 26.3519, 223.9382, 245.9354, -36.0822, 173.6980, 154.5551, -15.8972, 21.0660, 0.452927, -0.718456, -0.527899, 0.036082, 0.727117, 0.640311, -0.247594, 0.026352, 0.515905, -0.271702, 0.812416, 0.223938, 0.000000, 0.000000, 0.000000, 1.000000, 0.515828, -0.271768, 0.812443, 0.245935, -0.452928, 0.718457, 0.527898, -0.036082, -0.727171, -0.640283, 0.247508, 0.173698, 0.000000, 0.000000, 0.000000, 1.000000, 0.041949, 0.061090, -0.997250, 0.154555, -0.996932, -0.063452, -0.045823, -0.015897, -0.066076, 0.996113, 0.058240, 0.021066, 0.000000, 0.000000, 0.000000, 1.000000
-29.3158, 36.0661, 26.3223, 223.9229, 245.9201, -36.0664, 173.7276, 154.5443, -15.9218, 21.0659, 0.453111, -0.718453, -0.527745, 0.036066, 0.727223, 0.640302, -0.247306, 0.026322, 0.515594, -0.271731, 0.812604, 0.223923, 0.000000, 0.000000, 0.000000, 1.000000, 0.515517, -0.271798, 0.812631, 0.245920, -0.453112, 0.718454, 0.527744, -0.036066, -0.727277, -0.640274, 0.247220, 0.173728, 0.000000, 0.000000, 0.000000, 1.000000, 0.041949, 0.061090, -0.997250, 0.154544, -0.996933, -0.063449, -0.045822, -0.015922, -0.066074, 0.996114, 0.058241, 0.021066, 0.000000, 0.000000, 0.000000, 1.000000
-29.3013, 36.0556, 26.3024, 223.9127, 245.9099, -36.0559, 173.7475, 154.5372, -15.9381, 21.0659, 0.453233, -0.718451, -0.527643, 0.036056, 0.727293, 0.640297, -0.247115, 0.026302, 0.515388, -0.271750, 0.812728, 0.223913, 0.000000, 0.000000, 0.000000, 1.000000, 0.515311, -0.271817, 0.812755, 0.245910, -0.453234, 0.718452, 0.527642, -0.036056, -0.727347, -0.640268, 0.247029, 0.173747, 0.000000, 0.000000, 0.000000, 1.000000, 0.041949, 0.061090, -0.997250, 0.154537, -0.996933, -0.063448, -0.045822, -0.015938, -0.066072, 0.996114, 0.058241, 0.021066, 0.000000, 0.000000, 0.000000, 1.000000
-29.2940, 36.0503, 26.2924, 223.9076, 245.9047, -36.0507, 173.7574, 154.5337, -15.9461, 21.0659, 0.453294, -0.718450, -0.527593, 0.036050, 0.727327, 0.640294, -0.247020, 0.026292, 0.515286, -0.271760, 0.812790, 0.223908, 0.000000, 0.000000, 0.000000, 1.000000, 0.515209, -0.271826, 0.812817, 0.245905, -0.453295, 0.718451, 0.527591, -0.036051, -0.727381, -0.640265, 0.246935, 0.173757, 0.000000, 0.000000, 0.000000, 1.000000, 0.041949, 0.061090, -0.997250, 0.154534, -0.996933, -0.063447, -0.045822, -0.015946, -0.066072, 0.996114, 0.058241, 0.021066, 0.000000, 0.000000, 0.000000, 1.000000
-29.2796, 36.0399, 26.2725, 223.8973, 245.8945, -36.0403, 173.7773, 154.5266, -15.9622, 21.0659, 0.453415, -0.718448, -0.527491, 0.036040, 0.727396, 0.640288, -0.246832, 0.026273, 0.515082, -0.271778, 0.812913, 0.223897, 0.000000, 0.000000, 0.000000, 1.000000, 0.515005, -0.271844, 0.812939, 0.245895, -0.453416, 0.718448, 0.527490, -0.036040, -0.727450, -0.640260, 0.246746, 0.173777, 0.000000, 0.000000, 0.000000, 1.000000, 0.041949, 0.061090, -0.997250, 0.154527, -0.996933, -0.063445, -0.045822, -0.015962, -0.066070, 0.996114, 0.058241, 0.021066, 0.000000, 0.000000, 0.000000, 1.000000
