# Joint_A_Angle(deg), Cam_X(mm), Cam_Y(mm), Cam_Z(mm), Torso_X(mm), Torso_Y(mm), Torso_Z(mm), EE_X(mm), EE_Y(mm), EE_Z(mm), T_cam2marker_flat(16), T_torso2marker_flat(16), T_ee2marker_flat(16)
-14.9991, 0.3311, 9.4802, 168.4411, 237.4452, 8.6688, 247.5744, 88.8854, 6.3777, -16.8584, 0.586382, -0.809485, -0.029836, 0.000331, 0.809583, 0.586888, -0.011778, 0.009480, 0.027044, -0.017248, 0.999485, 0.168441, 0.000000, 0.000000, 0.000000, 1.000000, 0.026973, -0.017299, 0.999486, 0.237445, -0.586382, 0.809485, 0.029835, 0.008669, -0.809585, -0.586886, 0.011690, 0.247574, 0.000000, 0.000000, 0.000000, 1.000000, 0.044726, 0.059181, -0.997245, 0.088885, -0.996061, -0.073867, -0.049057, 0.006378, -0.076567, 0.995511, 0.055644, -0.016858, 0.000000, 0.000000, 0.000000, 1.000000
-14.9991, 0.3311, 9.4802, 168.4411, 237.4452, 8.6688, 247.5744, 88.8854, 6.3777, -16.8584, 0.586382, -0.809485, -0.029836, 0.000331, 0.809583, 0.586888, -0.011778, 0.009480, 0.027044, -0.017248, 0.999485, 0.168441, 0.000000, 0.000000, 0.000000, 1.000000, 0.026973, -0.017299, 0.999486, 0.237445, -0.586382, 0.809485, 0.029835, 0.008669, -0.809585, -0.586886, 0.011690, 0.247574, 0.000000, 0.000000, 0.000000, 1.000000, 0.044726, 0.059181, -0.997245, 0.088885, -0.996061, -0.073867, -0.049057, 0.006378, -0.076567, 0.995511, 0.055644, -0.016858, 0.000000, 0.000000, 0.000000, 1.000000
-14.9993, 0.3311, 9.4819, 168.4415, 237.4456, 8.6688, 247.5727, 88.8854, 6.3777, -16.8585, 0.586382, -0.809485, -0.029833, 0.000331, 0.809583, 0.586887, -0.011775, 0.009482, 0.027040, -0.017248, 0.999486, 0.168441, 0.000000, 0.000000, 0.000000, 1.000000, 0.026969, -0.017298, 0.999487, 0.237446, -0.586382, 0.809485, 0.029832, 0.008669, -0.809586, -0.586885, 0.011687, 0.247573, 0.000000, 0.000000, 0.000000, 1.000000, 0.044726, 0.059181, -0.997245, 0.088885, -0.996061, -0.073867, -0.049057, 0.006378, -0.076567, 0.995511, 0.055644, -0.016858, 0.000000, 0.000000, 0.000000, 1.000000
-14.9994, 0.3311, 9.4830, 168.4418, 237.4459, 8.6688, 247.5716, 88.8854, 6.3777, -16.8585, 0.586381, -0.809486, -0.029831, 0.000331, 0.809584, 0.586886, -0.011772, 0.009483, 0.027037, -0.017247, 0.999486, 0.168442, 0.000000, 0.000000, 0.000000, 1.000000, 0.026966, -0.017298, 0.999487, 0.237446, -0.586381, 0.809486, 0.029830, 0.008669, -0.809586, -0.586885, 0.011685, 0.247572, 0.000000, 0.000000, 0.000000, 1.000000, 0.044726, 0.059181, -0.997245, 0.088885, -0.996061, -0.073867, -0.049057, 0.006378, -0.076567, 0.995511, 0.055644, -0.016858, 0.000000, 0.000000, 0.000000, 1.000000
-14.9995, 0.3311, 9.4836, 168.4419, 237.4461, 8.6688, 247.5710, 88.8854, 6.3777, -16.8585, 0.586381, -0.809486, -0.029830, 0.000331, 0.809584, 0.586886, -0.011771, 0.009484, 0.027035, -0.017247, 0.999486, 0.168442, 0.000000, 0.000000, 0.000000, 1.000000, 0.026964, -0.017298, 0.999487, 0.237446, -0.586381, 0.809486, 0.029829, 0.008669, -0.809587, -0.586884, 0.011684, 0.247571, 0.000000, 0.000000, 0.000000, 1.000000, 0.044726, 0.059181, -0.997245, 0.088885, -0.996061, -0.073867, -0.049057, 0.006378, -0.076567, 0.995511, 0.055644, -0.016858, 0.000000, 0.000000, 0.000000, 1.000000
-14.9996, 0.3311, 9.4847, 168.4422, 237.4463, 8.6687, 247.5699, 88.8854, 6.3777, -16.8585, 0.586380, -0.809487, -0.029828, 0.000331, 0.809585, 0.586885, -0.011769, 0.009485, 0.027032, -0.017247, 0.999486, 0.168442, 0.000000, 0.000000, 0.000000, 1.000000, 0.026961, -0.017297, 0.999487, 0.237446, -0.586380, 0.809487, 0.029827, 0.008669, -0.809587, -0.586883, 0.011682, 0.247570, 0.000000, 0.000000, 0.000000, 1.000000, 0.044726, 0.059181, -0.997245, 0.088885, -0.996061, -0.073867, -0.049057, 0.006378, -0.076567, 0.995511, 0.055644, -0.016858, 0.000000, 0.000000, 0.000000, 1.000000
-14.9997, 0.3311, 9.4853, 168.4423, 237.4465, 8.6687, 247.5694, 88.8854, 6.3777, -16.8585, 0.586380, -0.809487, -0.029827, 0.000331, 0.809585, 0.586885, -0.011768, 0.009485, 0.027031, -0.017247, 0.999486, 0.168442, 0.000000, 0.000000, 0.000000, 1.000000, 0.026960, -0.017297, 0.999487, 0.237446, -0.586380, 0.809487, 0.029826, 0.008669, -0.809587, -0.586883, 0.011681, 0.247569, 0.000000, 0.000000, 0.000000, 1.000000, 0.044726, 0.059181, -0.997245, 0.088885, -0.996061, -0.073867, -0.049057, 0.006378, -0.076567, 0.995511, 0.055644, -0.016858, 0.000000, 0.000000, 0.000000, 1.000000
-14.9998, 0.3312, 9.4863, 168.4427, 237.4468, 8.6687, 247.5684, 88.8854, 6.3777, -16.8585, 0.586379, -0.809487, -0.029825, 0.000331, 0.809586, 0.586884, -0.011765, 0.009486, 0.027028, -0.017247, 0.999486, 0.168443, 0.000000, 0.000000, 0.000000, 1.000000, 0.026957, -0.017297, 0.999487, 0.237447, -0.586379, 0.809487, 0.029824, 0.008669, -0.809588, -0.586882, 0.011678, 0.247568, 0.000000, 0.000000, 0.000000, 1.000000, 0.044726, 0.059181, -0.997245, 0.088885, -0.996061, -0.073867, -0.049057, 0.006378, -0.076567, 0.995511, 0.055644, -0.016858, 0.000000, 0.000000, 0.000000, 1.000000
-14.9998, 0.3313, 9.4873, 168.4431, 237.4473, 8.6685, 247.5675, 88.8854, 6.3777, -16.8585, 0.586378, -0.809488, -0.029825, 0.000331, 0.809586, 0.586883, -0.011763, 0.009487, 0.027025, -0.017248, 0.999486, 0.168443, 0.000000, 0.000000, 0.000000, 1.000000, 0.026954, -0.017299, 0.999487, 0.237447, -0.586378, 0.809488, 0.029824, 0.008669, -0.809589, -0.586882, 0.011676, 0.247567, 0.000000, 0.000000, 0.000000, 1.000000, 0.044726, 0.059181, -0.997245, 0.088885, -0.996061, -0.073867, -0.049057, 0.006378, -0.076567, 0.995511, 0.055644, -0.016858, 0.000000, 0.000000, 0.000000, 1.000000
-14.9998, 0.3315, 9.4881, 168.4437, 237.4479, 8.6683, 247.5667, 88.8854, 6.3777, -16.8585, 0.586378, -0.809489, -0.029825, 0.000332, 0.809587, 0.586882, -0.011759, 0.009488, 0.027023, -0.017251, 0.999486, 0.168444, 0.000000, 0.000000, 0.000000, 1.000000, 0.026952, -0.017301, 0.999487, 0.237448, -0.586378, 0.809489, 0.029824, 0.008668, -0.809589, -0.586881, 0.011672, 0.247567, 0.000000, 0.000000, 0.000000, 1.000000, 0.044726, 0.059181, -0.997245, 0.088885, -0.996061, -0.073867, -0.049057, 0.006378, -0.076567, 0.995511, 0.055644, -0.016858, 0.000000, 0.000000, 0.000000, 1.000000
-14.9996, 0.3319, 9.4887, 168.4446, 237.4487, 8.6679, 247.5661, 88.8855, 6.3777, -16.8585, 0.586377, -0.809489, -0.029827, 0.000332, 0.809588, 0.586881, -0.011755, 0.009489, 0.027020, -0.017255, 0.999486, 0.168445, 0.000000, 0.000000, 0.000000, 1.000000, 0.026950, -0.017305, 0.999487, 0.237449, -0.586377, 0.809489, 0.029826, 0.008668, -0.809590, -0.586880, 0.011668, 0.247566, 0.000000, 0.000000, 0.000000, 1.000000, 0.044726, 0.059181, -0.997245, 0.088885, -0.996061, -0.073867, -0.049057, 0.006378, -0.076567, 0.995511, 0.055644, -0.016859, 0.000000, 0.000000, 0.000000, 1.000000
-14.9995, 0.3322, 9.4889, 168.4451, 237.4492, 8.6676, 247.5659, 88.8855, 6.3777, -16.8585, 0.586377, -0.809489, -0.029829, 0.000332, 0.809588, 0.586881, -0.011752, 0.009489, 0.027019, -0.017258, 0.999486, 0.168445, 0.000000, 0.000000, 0.000000, 1.000000, 0.026949, -0.017308, 0.999487, 0.237449, -0.586377, 0.809489, 0.029828, 0.008668, -0.809590, -0.586880, 0.011666, 0.247566, 0.000000, 0.000000, 0.000000, 1.000000, 0.044726, 0.059181, -0.997245, 0.088885, -0.996061, -0.073867, -0.049057, 0.006378, -0.076567, 0.995511, 0.055644, -0.016859, 0.000000, 0.000000, 0.000000, 1.000000
-14.9993, 0.3325, 9.4891, 168.4457, 237.4499, 8.6673, 247.5657, 88.8855, 6.3777, -16.8585, 0.586376, -0.809489, -0.029832, 0.000333, 0.809588, 0.586881, -0.011749, 0.009489, 0.027018, -0.017262, 0.999486, 0.168446, 0.000000, 0.000000, 0.000000, 1.000000, 0.026948, -0.017312, 0.999487, 0.237450, -0.586376, 0.809489, 0.029831, 0.008667, -0.809591, -0.586879, 0.011663, 0.247566, 0.000000, 0.000000, 0.000000, 1.000000, 0.044726, 0.059180, -0.997245, 0.088885, -0.996061, -0.073867, -0.049057, 0.006378, -0.076567, 0.995511, 0.055644, -0.016859, 0.000000, 0.000000, 0.000000, 1.000000
-14.9985, 0.3338, 9.4892, 168.4482, 237.4524, 8.6660, 247.5656, 88.8856, 6.3776, -16.8586, 0.586375, -0.809490, -0.029843, 0.000334, 0.809589, 0.586880, -0.011737, 0.009489, 0.027016, -0.017279, 0.999486, 0.168448, 0.000000, 0.000000, 0.000000, 1.000000, 0.026945, -0.017329, 0.999487, 0.237452, -0.586375, 0.809490, 0.029843, 0.008666, -0.809591, -0.586878, 0.011651, 0.247566, 0.000000, 0.000000, 0.000000, 1.000000, 0.044727, 0.059180, -0.997245, 0.088886, -0.996061, -0.073866, -0.049057, 0.006378, -0.076566, 0.995511, 0.055643, -0.016859, 0.000000, 0.000000, 0.000000, 1.000000
-14.9981, 0.3344, 9.4891, 168.4493, 237.4534, 8.6654, 247.5658, 88.8856, 6.3776, -16.8586, 0.586375, -0.809490, -0.029849, 0.000334, 0.809589, 0.586879, -0.011732, 0.009489, 0.027015, -0.017286, 0.999486, 0.168449, 0.000000, 0.000000, 0.000000, 1.000000, 0.026945, -0.017336, 0.999487, 0.237453, -0.586375, 0.809490, 0.029848, 0.008665, -0.809592, -0.586878, 0.011646, 0.247566, 0.000000, 0.000000, 0.000000, 1.000000, 0.044727, 0.059180, -0.997245, 0.088886, -0.996061, -0.073866, -0.049057, 0.006378, -0.076566, 0.995511, 0.055643, -0.016859, 0.000000, 0.000000, 0.000000, 1.000000
-14.9971, 0.3358, 9.4886, 168.4519, 237.4560, 8.6640, 247.5663, 88.8857, 6.3775, -16.8586, 0.586374, -0.809490, -0.029863, 0.000336, 0.809590, 0.586879, -0.011721, 0.009489, 0.027013, -0.017304, 0.999485, 0.168452, 0.000000, 0.000000, 0.000000, 1.000000, 0.026943, -0.017354, 0.999486, 0.237456, -0.586374, 0.809490, 0.029862, 0.008664, -0.809592, -0.586877, 0.011635, 0.247566, 0.000000, 0.000000, 0.000000, 1.000000, 0.044727, 0.059180, -0.997245, 0.088886, -0.996061, -0.073865, -0.049057, 0.006378, -0.076565, 0.995511, 0.055643, -0.016859, 0.000000, 0.000000, 0.000000, 1.000000
-14.9965, 0.3367, 9.4883, 168.4534, 237.4575, 8.6631, 247.5667, 88.8858, 6.3775, -16.8586, 0.586373, -0.809490, -0.029871, 0.000337, 0.809590, 0.586878, -0.011714, 0.009488, 0.027013, -0.017315, 0.999485, 0.168453, 0.000000, 0.000000, 0.000000, 1.000000, 0.026943, -0.017364, 0.999486, 0.237457, -0.586373, 0.809490, 0.029870, 0.008663, -0.809593, -0.586877, 0.011628, 0.247567, 0.000000, 0.000000, 0.000000, 1.000000, 0.044727, 0.059180, -0.997245, 0.088886, -0.996061, -0.073865, -0.049057, 0.006377, -0.076564, 0.995511, 0.055643, -0.016859, 0.000000, 0.000000, 0.000000, 1.000000
-14.9958, 0.3376, 9.4878, 168.4550, 237.4591, 8.6622, 247.5672, 88.8858, 6.3774, -16.8587, 0.586373, -0.809490, -0.029880, 0.000338, 0.809591, 0.586878, -0.011706, 0.009488, 0.027012, -0.017327, 0.999485, 0.168455, 0.000000, 0.000000, 0.000000, 1.000000, 0.026942, -0.017376, 0.999486, 0.237459, -0.586373, 0.809490, 0.029879, 0.008662, -0.809593, -0.586877, 0.011620, 0.247567, 0.000000, 0.000000, 0.000000, 1.000000, 0.044727, 0.059180, -0.997245, 0.088886, -0.996061, -0.073864, -0.049057, 0.006377, -0.076564, 0.995511, 0.055643, -0.016859, 0.000000, 0.000000, 0.000000, 1.000000
-14.9943, 0.3398, 9.4866, 168.4588, 237.4629, 8.6600, 247.5684, 88.8859, 6.3773, -16.8587, 0.586372, -0.809490, -0.029902, 0.000340, 0.809591, 0.586878, -0.011689, 0.009487, 0.027011, -0.017354, 0.999484, 0.168459, 0.000000, 0.000000, 0.000000, 1.000000, 0.026941, -0.017404, 0.999485, 0.237463, -0.586372, 0.809490, 0.029901, 0.008660, -0.809593, -0.586876, 0.011603, 0.247568, 0.000000, 0.000000, 0.000000, 1.000000, 0.044727, 0.059180, -0.997245, 0.088886, -0.996061, -0.073863, -0.049058, 0.006377, -0.076563, 0.995511, 0.055643, -0.016859, 0.000000, 0.000000, 0.000000, 1.000000
-14.9934, 0.3410, 9.4858, 168.4610, 237.4651, 8.6588, 247.5692, 88.8860, 6.3772, -16.8587, 0.586372, -0.809489, -0.029915, 0.000341, 0.809591, 0.586878, -0.011679, 0.009486, 0.027011, -0.017370, 0.999484, 0.168461, 0.000000, 0.000000, 0.000000, 1.000000, 0.026941, -0.017420, 0.999485, 0.237465, -0.586372, 0.809489, 0.029914, 0.008659, -0.809594, -0.586876, 0.011594, 0.247569, 0.000000, 0.000000, 0.000000, 1.000000, 0.044728, 0.059180, -0.997245, 0.088886, -0.996061, -0.073862, -0.049058, 0.006377, -0.076562, 0.995511, 0.055643, -0.016859, 0.000000, 0.000000, 0.000000, 1.000000
-14.9913, 0.3438, 9.4840, 168.4659, 237.4700, 8.6560, 247.5711, 88.8862, 6.3770, -16.8588, 0.586371, -0.809489, -0.029944, 0.000344, 0.809592, 0.586877, -0.011657, 0.009484, 0.027010, -0.017407, 0.999484, 0.168466, 0.000000, 0.000000, 0.000000, 1.000000, 0.026940, -0.017456, 0.999485, 0.237470, -0.586371, 0.809489, 0.029943, 0.008656, -0.809594, -0.586876, 0.011572, 0.247571, 0.000000, 0.000000, 0.000000, 1.000000, 0.044728, 0.059180, -0.997245, 0.088886, -0.996061, -0.073860, -0.049058, 0.006377, -0.076560, 0.995511, 0.055643, -0.016859, 0.000000, 0.000000, 0.000000, 1.000000
-14.9889, 0.3471, 9.4817, 168.4716, 237.4757, 8.6527, 247.5734, 88.8864, 6.3768, -16.8589, 0.586371, -0.809488, -0.029978, 0.000347, 0.809592, 0.586877, -0.011632, 0.009482, 0.027010, -0.017449, 0.999483, 0.168472, 0.000000, 0.000000, 0.000000, 1.000000, 0.026940, -0.017499, 0.999484, 0.237476, -0.586371, 0.809488, 0.029977, 0.008653, -0.809595, -0.586876, 0.011547, 0.247573, 0.000000, 0.000000, 0.000000, 1.000000, 0.044729, 0.059180, -0.997245, 0.088886, -0.996061, -0.073859, -0.049058, 0.006377, -0.076558, 0.995511, 0.055643, -0.016859, 0.000000, 0.000000, 0.000000, 1.000000
-14.9876, 0.3489, 9.4804, 168.4748, 237.4788, 8.6509, 247.5747, 88.8865, 6.3767, -16.8589, 0.586370, -0.809487, -0.029997, 0.000349, 0.809593, 0.586877, -0.011618, 0.009480, 0.027009, -0.017473, 0.999482, 0.168475, 0.000000, 0.000000, 0.000000, 1.000000, 0.026940, -0.017522, 0.999483, 0.237479, -0.586370, 0.809487, 0.029996, 0.008651, -0.809595, -0.586876, 0.011533, 0.247575, 0.000000, 0.000000, 0.000000, 1.000000, 0.044729, 0.059180, -0.997245, 0.088887, -0.996061, -0.073858, -0.049059, 0.006377, -0.076557, 0.995511, 0.055643, -0.016859, 0.000000, 0.000000, 0.000000, 1.000000
-14.9830, 0.3551, 9.4758, 168.4855, 237.4895, 8.6447, 247.5794, 88.8869, 6.3763, -16.8591, 0.586370, -0.809486, -0.030062, 0.000355, 0.809593, 0.586877, -0.011571, 0.009476, 0.027009, -0.017554, 0.999481, 0.168486, 0.000000, 0.000000, 0.000000, 1.000000, 0.026940, -0.017603, 0.999482, 0.237490, -0.586370, 0.809486, 0.030061, 0.008645, -0.809596, -0.586876, 0.011486, 0.247579, 0.000000, 0.000000, 0.000000, 1.000000, 0.044730, 0.059180, -0.997245, 0.088887, -0.996062, -0.073854, -0.049059, 0.006376, -0.076554, 0.995512, 0.055643, -0.016859, 0.000000, 0.000000, 0.000000, 1.000000
-14.9812, 0.3574, 9.4741, 168.4895, 237.4936, 8.6424, 247.5811, 88.8870, 6.3761, -16.8591, 0.586369, -0.809485, -0.030087, 0.000357, 0.809593, 0.586877, -0.011553, 0.009474, 0.027009, -0.017584, 0.999481, 0.168490, 0.000000, 0.000000, 0.000000, 1.000000, 0.026940, -0.017633, 0.999482, 0.237494, -0.586369, 0.809485, 0.030086, 0.008642, -0.809596, -0.586876, 0.011468, 0.247581, 0.000000, 0.000000, 0.000000, 1.000000, 0.044730, 0.059180, -0.997245, 0.088887, -0.996062, -0.073853, -0.049060, 0.006376, -0.076552, 0.995512, 0.055643, -0.016859, 0.000000, 0.000000, 0.000000, 1.000000
-14.9775, 0.3624, 9.4702, 168.4982, 237.5022, 8.6374, 247.5850, 88.8874, 6.3758, -16.8593, 0.586369, -0.809483, -0.030140, 0.000362, 0.809594, 0.586877, -0.011514, 0.009470, 0.027009, -0.017649, 0.999479, 0.168498, 0.000000, 0.000000, 0.000000, 1.000000, 0.026940, -0.017698, 0.999480, 0.237502, -0.586369, 0.809483, 0.030139, 0.008637, -0.809596, -0.586876, 0.011430, 0.247585, 0.000000, 0.000000, 0.000000, 1.000000, 0.044731, 0.059180, -0.997245, 0.088887, -0.996062, -0.073850, -0.049060, 0.006376, -0.076549, 0.995512, 0.055643, -0.016859, 0.000000, 0.000000, 0.000000, 1.000000
-14.9754, 0.3651, 9.4682, 168.5029, 237.5069, 8.6347, 247.5872, 88.8875, 6.3756, -16.8593, 0.586368, -0.809482, -0.030168, 0.000365, 0.809594, 0.586878, -0.011494, 0.009468, 0.027009, -0.017685, 0.999479, 0.168503, 0.000000, 0.000000, 0.000000, 1.000000, 0.026940, -0.017733, 0.999480, 0.237507, -0.586369, 0.809482, 0.030168, 0.008635, -0.809596, -0.586876, 0.011410, 0.247587, 0.000000, 0.000000, 0.000000, 1.000000, 0.044731, 0.059180, -0.997245, 0.088888, -0.996062, -0.073848, -0.049060, 0.006376, -0.076548, 0.995512, 0.055643, -0.016859, 0.000000, 0.000000, 0.000000, 1.000000
-14.9711, 0.3709, 9.4636, 168.5130, 237.5170, 8.6289, 247.5917, 88.8879, 6.3753, -16.8595, 0.586368, -0.809481, -0.030230, 0.000371, 0.809594, 0.586878, -0.011449, 0.009464, 0.027009, -0.017761, 0.999477, 0.168513, 0.000000, 0.000000, 0.000000, 1.000000, 0.026941, -0.017809, 0.999478, 0.237517, -0.586368, 0.809481, 0.030229, 0.008629, -0.809597, -0.586877, 0.011365, 0.247592, 0.000000, 0.000000, 0.000000, 1.000000, 0.044732, 0.059180, -0.997245, 0.088888, -0.996062, -0.073845, -0.049061, 0.006375, -0.076544, 0.995512, 0.055643, -0.016859, 0.000000, 0.000000, 0.000000, 1.000000
-14.9663, 0.3772, 9.4587, 168.5239, 237.5279, 8.6226, 247.5968, 88.8883, 6.3748, -16.8596, 0.586368, -0.809478, -0.030297, 0.000377, 0.809595, 0.586879, -0.011401, 0.009459, 0.027010, -0.017843, 0.999476, 0.168524, 0.000000, 0.000000, 0.000000, 1.000000, 0.026941, -0.017892, 0.999477, 0.237528, -0.586368, 0.809478, 0.030296, 0.008623, -0.809597, -0.586877, 0.011317, 0.247597, 0.000000, 0.000000, 0.000000, 1.000000, 0.044733, 0.059179, -0.997245, 0.088888, -0.996062, -0.073841, -0.049062, 0.006375, -0.076541, 0.995513, 0.055643, -0.016860, 0.000000, 0.000000, 0.000000, 1.000000
-14.9638, 0.3805, 9.4560, 168.5297, 237.5337, 8.6193, 247.5994, 88.8885, 6.3746, -16.8597, 0.586367, -0.809477, -0.030333, 0.000381, 0.809595, 0.586879, -0.011375, 0.009456, 0.027010, -0.017887, 0.999475, 0.168530, 0.000000, 0.000000, 0.000000, 1.000000, 0.026942, -0.017936, 0.999476, 0.237534, -0.586367, 0.809477, 0.030332, 0.008619, -0.809597, -0.586877, 0.011292, 0.247599, 0.000000, 0.000000, 0.000000, 1.000000, 0.044733, 0.059179, -0.997245, 0.088888, -0.996063, -0.073839, -0.049062, 0.006375, -0.076539, 0.995513, 0.055643, -0.016860, 0.000000, 0.000000, 0.000000, 1.000000
-14.9584, 0.3876, 9.4504, 168.5421, 237.5460, 8.6122, 247.6051, 88.8889, 6.3741, -16.8598, 0.586367, -0.809475, -0.030408, 0.000388, 0.809595, 0.586880, -0.011321, 0.009450, 0.027010, -0.017980, 0.999473, 0.168542, 0.000000, 0.000000, 0.000000, 1.000000, 0.026942, -0.018028, 0.999474, 0.237546, -0.586367, 0.809475, 0.030408, 0.008612, -0.809597, -0.586878, 0.011238, 0.247605, 0.000000, 0.000000, 0.000000, 1.000000, 0.044734, 0.059179, -0.997245, 0.088889, -0.996063, -0.073835, -0.049063, 0.006374, -0.076535, 0.995513, 0.055643, -0.016860, 0.000000, 0.000000, 0.000000, 1.000000
-14.9556, 0.3913, 9.4474, 168.5485, 237.5525, 8.6085, 247.6081, 88.8891, 6.3739, -16.8599, 0.586367, -0.809473, -0.030448, 0.000391, 0.809595, 0.586880, -0.011293, 0.009447, 0.027011, -0.018029, 0.999473, 0.168549, 0.000000, 0.000000, 0.000000, 1.000000, 0.026943, -0.018077, 0.999474, 0.237552, -0.586367, 0.809473, 0.030447, 0.008608, -0.809597, -0.586879, 0.011210, 0.247608, 0.000000, 0.000000, 0.000000, 1.000000, 0.044735, 0.059179, -0.997245, 0.088889, -0.996063, -0.073832, -0.049063, 0.006374, -0.076532, 0.995513, 0.055643, -0.016860, 0.000000, 0.000000, 0.000000, 1.000000
-14.9497, 0.3991, 9.4412, 168.5621, 237.5661, 8.6007, 247.6144, 88.8896, 6.3734, -16.8601, 0.586367, -0.809470, -0.030532, 0.000399, 0.809595, 0.586881, -0.011233, 0.009441, 0.027011, -0.018132, 0.999471, 0.168562, 0.000000, 0.000000, 0.000000, 1.000000, 0.026943, -0.018180, 0.999472, 0.237566, -0.586367, 0.809470, 0.030531, 0.008601, -0.809598, -0.586879, 0.011150, 0.247614, 0.000000, 0.000000, 0.000000, 1.000000, 0.044736, 0.059179, -0.997244, 0.088890, -0.996063, -0.073828, -0.049064, 0.006373, -0.076528, 0.995514, 0.055643, -0.016860, 0.000000, 0.000000, 0.000000, 1.000000
-14.9466, 0.4032, 9.4379, 168.5693, 237.5732, 8.5966, 247.6177, 88.8899, 6.3731, -16.8602, 0.586366, -0.809469, -0.030575, 0.000403, 0.809595, 0.586881, -0.011201, 0.009438, 0.027011, -0.018186, 0.999470, 0.168569, 0.000000, 0.000000, 0.000000, 1.000000, 0.026944, -0.018233, 0.999471, 0.237573, -0.586366, 0.809469, 0.030575, 0.008597, -0.809598, -0.586880, 0.011119, 0.247618, 0.000000, 0.000000, 0.000000, 1.000000, 0.044737, 0.059179, -0.997244, 0.088890, -0.996064, -0.073825, -0.049065, 0.006373, -0.076525, 0.995514, 0.055643, -0.016860, 0.000000, 0.000000, 0.000000, 1.000000
-14.9401, 0.4117, 9.4311, 168.5841, 237.5881, 8.5881, 247.6246, 88.8904, 6.3725, -16.8604, 0.586366, -0.809465, -0.030667, 0.000412, 0.809596, 0.586882, -0.011136, 0.009431, 0.027012, -0.018298, 0.999468, 0.168584, 0.000000, 0.000000, 0.000000, 1.000000, 0.026945, -0.018345, 0.999469, 0.237588, -0.586366, 0.809465, 0.030666, 0.008588, -0.809598, -0.586881, 0.011054, 0.247625, 0.000000, 0.000000, 0.000000, 1.000000, 0.044738, 0.059179, -0.997244, 0.088890, -0.996064, -0.073820, -0.049065, 0.006373, -0.076520, 0.995514, 0.055643, -0.016860, 0.000000, 0.000000, 0.000000, 1.000000
-14.9333, 0.4206, 9.4239, 168.5998, 237.6037, 8.5792, 247.6318, 88.8910, 6.3719, -16.8606, 0.586366, -0.809462, -0.030763, 0.000421, 0.809596, 0.586884, -0.011067, 0.009424, 0.027012, -0.018416, 0.999465, 0.168600, 0.000000, 0.000000, 0.000000, 1.000000, 0.026945, -0.018463, 0.999466, 0.237604, -0.586366, 0.809462, 0.030762, 0.008579, -0.809598, -0.586882, 0.010985, 0.247632, 0.000000, 0.000000, 0.000000, 1.000000, 0.044739, 0.059179, -0.997244, 0.088891, -0.996064, -0.073815, -0.049066, 0.006372, -0.076515, 0.995515, 0.055643, -0.016861, 0.000000, 0.000000, 0.000000, 1.000000
-14.9298, 0.4253, 9.4202, 168.6079, 237.6118, 8.5745, 247.6356, 88.8913, 6.3716, -16.8607, 0.586366, -0.809460, -0.030812, 0.000425, 0.809596, 0.586884, -0.011031, 0.009420, 0.027013, -0.018477, 0.999464, 0.168608, 0.000000, 0.000000, 0.000000, 1.000000, 0.026946, -0.018525, 0.999465, 0.237612, -0.586366, 0.809460, 0.030811, 0.008575, -0.809598, -0.586883, 0.010949, 0.247636, 0.000000, 0.000000, 0.000000, 1.000000, 0.044740, 0.059179, -0.997244, 0.088891, -0.996064, -0.073812, -0.049067, 0.006372, -0.076512, 0.995515, 0.055644, -0.016861, 0.000000, 0.000000, 0.000000, 1.000000
-14.9262, 0.4300, 9.4164, 168.6162, 237.6201, 8.5698, 247.6394, 88.8915, 6.3713, -16.8608, 0.586366, -0.809458, -0.030863, 0.000430, 0.809596, 0.586885, -0.010995, 0.009416, 0.027013, -0.018540, 0.999463, 0.168616, 0.000000, 0.000000, 0.000000, 1.000000, 0.026946, -0.018587, 0.999464, 0.237620, -0.586366, 0.809458, 0.030862, 0.008570, -0.809598, -0.586883, 0.010913, 0.247639, 0.000000, 0.000000, 0.000000, 1.000000, 0.044740, 0.059179, -0.997244, 0.088892, -0.996065, -0.073809, -0.049067, 0.006371, -0.076510, 0.995515, 0.055644, -0.016861, 0.000000, 0.000000, 0.000000, 1.000000
-14.9150, 0.4448, 9.4045, 168.6421, 237.6460, 8.5550, 247.6514, 88.8925, 6.3703, -16.8612, 0.586366, -0.809452, -0.031022, 0.000445, 0.809596, 0.586887, -0.010881, 0.009405, 0.027014, -0.018735, 0.999459, 0.168642, 0.000000, 0.000000, 0.000000, 1.000000, 0.026947, -0.018782, 0.999460, 0.237646, -0.586366, 0.809452, 0.031021, 0.008555, -0.809598, -0.586885, 0.010799, 0.247651, 0.000000, 0.000000, 0.000000, 1.000000, 0.044742, 0.059178, -0.997244, 0.088892, -0.996065, -0.073800, -0.049069, 0.006370, -0.076501, 0.995516, 0.055644, -0.016861, 0.000000, 0.000000, 0.000000, 1.000000
-14.9111, 0.4499, 9.4004, 168.6511, 237.6550, 8.5499, 247.6555, 88.8928, 6.3700, -16.8613, 0.586366, -0.809450, -0.031077, 0.000450, 0.809596, 0.586888, -0.010841, 0.009400, 0.027014, -0.018803, 0.999458, 0.168651, 0.000000, 0.000000, 0.000000, 1.000000, 0.026948, -0.018850, 0.999459, 0.237655, -0.586366, 0.809450, 0.031076, 0.008550, -0.809598, -0.586886, 0.010760, 0.247655, 0.000000, 0.000000, 0.000000, 1.000000, 0.044743, 0.059178, -0.997244, 0.088893, -0.996065, -0.073797, -0.049069, 0.006370, -0.076498, 0.995516, 0.055644, -0.016861, 0.000000, 0.000000, 0.000000, 1.000000
-14.9071, 0.4551, 9.3963, 168.6602, 237.6641, 8.5448, 247.6597, 88.8931, 6.3696, -16.8614, 0.586366, -0.809448, -0.031132, 0.000455, 0.809596, 0.586888, -0.010801, 0.009396, 0.027014, -0.018871, 0.999457, 0.168660, 0.000000, 0.000000, 0.000000, 1.000000, 0.026948, -0.018918, 0.999458, 0.237664, -0.586366, 0.809448, 0.031132, 0.008545, -0.809598, -0.586887, 0.010720, 0.247660, 0.000000, 0.000000, 0.000000, 1.000000, 0.044744, 0.059178, -0.997244, 0.088893, -0.996066, -0.073794, -0.049070, 0.006370, -0.076495, 0.995516, 0.055644, -0.016861, 0.000000, 0.000000, 0.000000, 1.000000
-14.8949, 0.4711, 9.3835, 168.6885, 237.6923, 8.5288, 247.6726, 88.8941, 6.3685, -16.8618, 0.586366, -0.809441, -0.031305, 0.000471, 0.809596, 0.586891, -0.010677, 0.009383, 0.027015, -0.019084, 0.999453, 0.168688, 0.000000, 0.000000, 0.000000, 1.000000, 0.026949, -0.019130, 0.999454, 0.237692, -0.586366, 0.809441, 0.031304, 0.008529, -0.809598, -0.586889, 0.010597, 0.247673, 0.000000, 0.000000, 0.000000, 1.000000, 0.044746, 0.059178, -0.997244, 0.088894, -0.996066, -0.073785, -0.049072, 0.006369, -0.076485, 0.995517, 0.055644, -0.016862, 0.000000, 0.000000, 0.000000, 1.000000
-14.8823, 0.4876, 9.3702, 168.7178, 237.7216, 8.5122, 247.6859, 88.8951, 6.3674, -16.8622, 0.586366, -0.809434, -0.031483, 0.000488, 0.809596, 0.586893, -0.010548, 0.009370, 0.027016, -0.019304, 0.999449, 0.168718, 0.000000, 0.000000, 0.000000, 1.000000, 0.026950, -0.019350, 0.999449, 0.237722, -0.586366, 0.809434, 0.031483, 0.008512, -0.809598, -0.586891, 0.010468, 0.247686, 0.000000, 0.000000, 0.000000, 1.000000, 0.044748, 0.059178, -0.997244, 0.088895, -0.996067, -0.073775, -0.049073, 0.006367, -0.076475, 0.995518, 0.055644, -0.016862, 0.000000, 0.000000, 0.000000, 1.000000
-14.8823, 0.4876, 9.3702, 168.7178, 237.7216, 8.5122, 247.6859, 88.8951, 6.3674, -16.8622, 0.586366, -0.809434, -0.031483, 0.000488, 0.809596, 0.586893, -0.010548, 0.009370, 0.027016, -0.019304, 0.999449, 0.168718, 0.000000, 0.000000, 0.000000, 1.000000, 0.026950, -0.019350, 0.999449, 0.237722, -0.586366, 0.809434, 0.031483, 0.008512, -0.809598, -0.586891, 0.010468, 0.247686, 0.000000, 0.000000, 0.000000, 1.000000, 0.044748, 0.059178, -0.997244, 0.088895, -0.996067, -0.073775, -0.049073, 0.006367, -0.076475, 0.995518, 0.055644, -0.016862, 0.000000, 0.000000, 0.000000, 1.000000
-14.8693, 0.5060, 9.3638, 168.7521, 237.7559, 8.4938, 247.6924, 88.8963, 6.3662, -16.8626, 0.586361, -0.809430, -0.031665, 0.000506, 0.809600, 0.586890, -0.010391, 0.009364, 0.026995, -0.019543, 0.999445, 0.168752, 0.000000, 0.000000, 0.000000, 1.000000, 0.026929, -0.019590, 0.999445, 0.237756, -0.586361, 0.809430, 0.031664, 0.008494, -0.809602, -0.586889, 0.010311, 0.247692, 0.000000, 0.000000, 0.000000, 1.000000, 0.044751, 0.059177, -0.997244, 0.088896, -0.996068, -0.073764, -0.049075, 0.006366, -0.076465, 0.995518, 0.055644, -0.016863, 0.000000, 0.000000, 0.000000, 1.000000
-14.8650, 0.5122, 9.3613, 168.7635, 237.7674, 8.4877, 247.6948, 88.8967, 6.3659, -16.8628, 0.586360, -0.809429, -0.031727, 0.000512, 0.809601, 0.586890, -0.010338, 0.009361, 0.026988, -0.019624, 0.999443, 0.168764, 0.000000, 0.000000, 0.000000, 1.000000, 0.026923, -0.019670, 0.999444, 0.237767, -0.586360, 0.809429, 0.031726, 0.008488, -0.809603, -0.586888, 0.010258, 0.247695, 0.000000, 0.000000, 0.000000, 1.000000, 0.044751, 0.059177, -0.997244, 0.088897, -0.996068, -0.073761, -0.049076, 0.006366, -0.076462, 0.995519, 0.055644, -0.016863, 0.000000, 0.000000, 0.000000, 1.000000
-14.8561, 0.5245, 9.3560, 168.7864, 237.7902, 8.4753, 247.7001, 88.8974, 6.3651, -16.8631, 0.586358, -0.809426, -0.031851, 0.000525, 0.809603, 0.586889, -0.010234, 0.009356, 0.026977, -0.019785, 0.999440, 0.168786, 0.000000, 0.000000, 0.000000, 1.000000, 0.026911, -0.019832, 0.999441, 0.237790, -0.586358, 0.809426, 0.031850, 0.008475, -0.809605, -0.586887, 0.010154, 0.247700, 0.000000, 0.000000, 0.000000, 1.000000, 0.044753, 0.059177, -0.997244, 0.088897, -0.996068, -0.073754, -0.049077, 0.006365, -0.076455, 0.995519, 0.055644, -0.016863, 0.000000, 0.000000, 0.000000, 1.000000
-14.8472, 0.5368, 9.3501, 168.8092, 237.8130, 8.4630, 247.7060, 88.8982, 6.3643, -16.8634, 0.586356, -0.809422, -0.031976, 0.000537, 0.809605, 0.586888, -0.010131, 0.009350, 0.026967, -0.019947, 0.999437, 0.168809, 0.000000, 0.000000, 0.000000, 1.000000, 0.026901, -0.019994, 0.999438, 0.237813, -0.586356, 0.809423, 0.031975, 0.008463, -0.809607, -0.586886, 0.010051, 0.247706, 0.000000, 0.000000, 0.000000, 1.000000, 0.044755, 0.059177, -0.997244, 0.088898, -0.996069, -0.073747, -0.049078, 0.006364, -0.076448, 0.995520, 0.055643, -0.016863, 0.000000, 0.000000, 0.000000, 1.000000
-14.8428, 0.5430, 9.3470, 168.8205, 237.8243, 8.4569, 247.7091, 88.8986, 6.3639, -16.8636, 0.586355, -0.809421, -0.032039, 0.000543, 0.809606, 0.586888, -0.010080, 0.009347, 0.026962, -0.020028, 0.999436, 0.168821, 0.000000, 0.000000, 0.000000, 1.000000, 0.026897, -0.020075, 0.999437, 0.237824, -0.586355, 0.809421, 0.032038, 0.008457, -0.809608, -0.586886, 0.010000, 0.247709, 0.000000, 0.000000, 0.000000, 1.000000, 0.044755, 0.059176, -0.997244, 0.088899, -0.996069, -0.073743, -0.049079, 0.006364, -0.076444, 0.995520, 0.055643, -0.016864, 0.000000, 0.000000, 0.000000, 1.000000
-14.8338, 0.5552, 9.3403, 168.8430, 237.8468, 8.4446, 247.7158, 88.8993, 6.3631, -16.8639, 0.586353, -0.809417, -0.032165, 0.000555, 0.809607, 0.586887, -0.009979, 0.009340, 0.026955, -0.020190, 0.999433, 0.168843, 0.000000, 0.000000, 0.000000, 1.000000, 0.026889, -0.020236, 0.999434, 0.237847, -0.586353, 0.809417, 0.032164, 0.008445, -0.809609, -0.586886, 0.009899, 0.247716, 0.000000, 0.000000, 0.000000, 1.000000, 0.044757, 0.059176, -0.997244, 0.088899, -0.996069, -0.073736, -0.049080, 0.006363, -0.076437, 0.995521, 0.055643, -0.016864, 0.000000, 0.000000, 0.000000, 1.000000
-14.8294, 0.5613, 9.3368, 168.8542, 237.8580, 8.4385, 247.7194, 88.8997, 6.3627, -16.8640, 0.586352, -0.809415, -0.032228, 0.000561, 0.809608, 0.586887, -0.009930, 0.009337, 0.026952, -0.020270, 0.999431, 0.168854, 0.000000, 0.000000, 0.000000, 1.000000, 0.026886, -0.020316, 0.999432, 0.237858, -0.586352, 0.809415, 0.032227, 0.008439, -0.809610, -0.586886, 0.009849, 0.247719, 0.000000, 0.000000, 0.000000, 1.000000, 0.044758, 0.059176, -0.997244, 0.088900, -0.996070, -0.073732, -0.049080, 0.006363, -0.076434, 0.995521, 0.055643, -0.016864, 0.000000, 0.000000, 0.000000, 1.000000
-14.8204, 0.5734, 9.3293, 168.8762, 237.8801, 8.4264, 247.7268, 88.9005, 6.3619, -16.8643, 0.586351, -0.809411, -0.032355, 0.000573, 0.809609, 0.586887, -0.009831, 0.009329, 0.026946, -0.020430, 0.999428, 0.168876, 0.000000, 0.000000, 0.000000, 1.000000, 0.026881, -0.020476, 0.999429, 0.237880, -0.586351, 0.809411, 0.032354, 0.008426, -0.809611, -0.586886, 0.009751, 0.247727, 0.000000, 0.000000, 0.000000, 1.000000, 0.044759, 0.059176, -0.997244, 0.088900, -0.996070, -0.073725, -0.049081, 0.006362, -0.076427, 0.995521, 0.055643, -0.016864, 0.000000, 0.000000, 0.000000, 1.000000
-14.8115, 0.5854, 9.3214, 168.8980, 237.9018, 8.4145, 247.7347, 88.9012, 6.3610, -16.8646, 0.586350, -0.809406, -0.032481, 0.000585, 0.809610, 0.586888, -0.009735, 0.009321, 0.026942, -0.020589, 0.999425, 0.168898, 0.000000, 0.000000, 0.000000, 1.000000, 0.026877, -0.020635, 0.999426, 0.237902, -0.586350, 0.809406, 0.032480, 0.008414, -0.809612, -0.586886, 0.009655, 0.247735, 0.000000, 0.000000, 0.000000, 1.000000, 0.044761, 0.059176, -0.997244, 0.088901, -0.996071, -0.073718, -0.049083, 0.006361, -0.076420, 0.995522, 0.055643, -0.016865, 0.000000, 0.000000, 0.000000, 1.000000
-14.8070, 0.5913, 9.3173, 168.9087, 237.9125, 8.4085, 247.7388, 88.9016, 6.3607, -16.8647, 0.586350, -0.809404, -0.032544, 0.000591, 0.809610, 0.586888, -0.009688, 0.009317, 0.026941, -0.020667, 0.999423, 0.168909, 0.000000, 0.000000, 0.000000, 1.000000, 0.026875, -0.020714, 0.999424, 0.237913, -0.586350, 0.809404, 0.032543, 0.008409, -0.809612, -0.586887, 0.009608, 0.247739, 0.000000, 0.000000, 0.000000, 1.000000, 0.044762, 0.059176, -0.997244, 0.088902, -0.996071, -0.073715, -0.049083, 0.006361, -0.076416, 0.995522, 0.055643, -0.016865, 0.000000, 0.000000, 0.000000, 1.000000
-14.7982, 0.6030, 9.3089, 168.9299, 237.9337, 8.3968, 247.7473, 88.9023, 6.3599, -16.8650, 0.586349, -0.809399, -0.032669, 0.000603, 0.809610, 0.586889, -0.009595, 0.009309, 0.026939, -0.020823, 0.999420, 0.168930, 0.000000, 0.000000, 0.000000, 1.000000, 0.026874, -0.020870, 0.999421, 0.237934, -0.586349, 0.809400, 0.032668, 0.008397, -0.809613, -0.586887, 0.009515, 0.247747, 0.000000, 0.000000, 0.000000, 1.000000, 0.044763, 0.059175, -0.997243, 0.088902, -0.996071, -0.073708, -0.049084, 0.006360, -0.076409, 0.995523, 0.055643, -0.016865, 0.000000, 0.000000, 0.000000, 1.000000
-14.7938, 0.6088, 9.3045, 168.9403, 237.9441, 8.3910, 247.7516, 88.9027, 6.3595, -16.8651, 0.586349, -0.809397, -0.032731, 0.000609, 0.809611, 0.586890, -0.009549, 0.009305, 0.026939, -0.020900, 0.999419, 0.168940, 0.000000, 0.000000, 0.000000, 1.000000, 0.026873, -0.020947, 0.999419, 0.237944, -0.586349, 0.809397, 0.032730, 0.008391, -0.809613, -0.586888, 0.009469, 0.247752, 0.000000, 0.000000, 0.000000, 1.000000, 0.044764, 0.059175, -0.997243, 0.088903, -0.996071, -0.073704, -0.049085, 0.006359, -0.076406, 0.995523, 0.055643, -0.016865, 0.000000, 0.000000, 0.000000, 1.000000
-14.7851, 0.6202, 9.2956, 168.9608, 237.9647, 8.3796, 247.7606, 88.9034, 6.3587, -16.8654, 0.586349, -0.809392, -0.032854, 0.000620, 0.809611, 0.586891, -0.009460, 0.009296, 0.026939, -0.021053, 0.999415, 0.168961, 0.000000, 0.000000, 0.000000, 1.000000, 0.026873, -0.021099, 0.999416, 0.237965, -0.586349, 0.809392, 0.032854, 0.008380, -0.809613, -0.586889, 0.009380, 0.247761, 0.000000, 0.000000, 0.000000, 1.000000, 0.044766, 0.059175, -0.997243, 0.088903, -0.996072, -0.073697, -0.049086, 0.006359, -0.076399, 0.995523, 0.055644, -0.016865, 0.000000, 0.000000, 0.000000, 1.000000
-14.7808, 0.6259, 9.2910, 168.9709, 237.9747, 8.3740, 247.7651, 88.9038, 6.3583, -16.8655, 0.586349, -0.809390, -0.032916, 0.000626, 0.809611, 0.586892, -0.009416, 0.009291, 0.026939, -0.021128, 0.999414, 0.168971, 0.000000, 0.000000, 0.000000, 1.000000, 0.026874, -0.021174, 0.999415, 0.237975, -0.586349, 0.809390, 0.032915, 0.008374, -0.809613, -0.586890, 0.009336, 0.247765, 0.000000, 0.000000, 0.000000, 1.000000, 0.044766, 0.059175, -0.997243, 0.088904, -0.996072, -0.073694, -0.049087, 0.006358, -0.076396, 0.995524, 0.055644, -0.016866, 0.000000, 0.000000, 0.000000, 1.000000
-14.7722, 0.6370, 9.2818, 168.9907, 237.9946, 8.3629, 247.7744, 88.9045, 6.3575, -16.8658, 0.586349, -0.809385, -0.033037, 0.000637, 0.809610, 0.586893, -0.009330, 0.009282, 0.026940, -0.021277, 0.999411, 0.168991, 0.000000, 0.000000, 0.000000, 1.000000, 0.026875, -0.021323, 0.999411, 0.237995, -0.586349, 0.809385, 0.033036, 0.008363, -0.809613, -0.586892, 0.009250, 0.247774, 0.000000, 0.000000, 0.000000, 1.000000, 0.044768, 0.059175, -0.997243, 0.088904, -0.996073, -0.073687, -0.049088, 0.006358, -0.076389, 0.995524, 0.055644, -0.016866, 0.000000, 0.000000, 0.000000, 1.000000
-14.7638, 0.6478, 9.2723, 169.0101, 238.0139, 8.3520, 247.7839, 88.9051, 6.3568, -16.8660, 0.586349, -0.809379, -0.033156, 0.000648, 0.809610, 0.586895, -0.009246, 0.009272, 0.026943, -0.021422, 0.999407, 0.169010, 0.000000, 0.000000, 0.000000, 1.000000, 0.026878, -0.021468, 0.999408, 0.238014, -0.586349, 0.809379, 0.033155, 0.008352, -0.809612, -0.586894, 0.009166, 0.247784, 0.000000, 0.000000, 0.000000, 1.000000, 0.044769, 0.059175, -0.997243, 0.088905, -0.996073, -0.073681, -0.049089, 0.006357, -0.076382, 0.995525, 0.055644, -0.016866, 0.000000, 0.000000, 0.000000, 1.000000
-14.7638, 0.6478, 9.2723, 169.0101, 238.0139, 8.3520, 247.7839, 88.9051, 6.3568, -16.8660, 0.586349, -0.809379, -0.033156, 0.000648, 0.809610, 0.586895, -0.009246, 0.009272, 0.026943, -0.021422, 0.999407, 0.169010, 0.000000, 0.000000, 0.000000, 1.000000, 0.026878, -0.021468, 0.999408, 0.238014, -0.586349, 0.809379, 0.033155, 0.008352, -0.809612, -0.586894, 0.009166, 0.247784, 0.000000, 0.000000, 0.000000, 1.000000, 0.044769, 0.059175, -0.997243, 0.088905, -0.996073, -0.073681, -0.049089, 0.006357, -0.076382, 0.995525, 0.055644, -0.016866, 0.000000, 0.000000, 0.000000, 1.000000
-14.7596, 0.6532, 9.2675, 169.0195, 238.0234, 8.3466, 247.7886, 88.9055, 6.3564, -16.8662, 0.586350, -0.809377, -0.033215, 0.000653, 0.809610, 0.586896, -0.009205, 0.009268, 0.026944, -0.021494, 0.999406, 0.169020, 0.000000, 0.000000, 0.000000, 1.000000, 0.026879, -0.021540, 0.999407, 0.238023, -0.586350, 0.809377, 0.033214, 0.008347, -0.809612, -0.586895, 0.009126, 0.247789, 0.000000, 0.000000, 0.000000, 1.000000, 0.044770, 0.059175, -0.997243, 0.088905, -0.996073, -0.073677, -0.049090, 0.006356, -0.076379, 0.995525, 0.055644, -0.016866, 0.000000, 0.000000, 0.000000, 1.000000
-14.7474, 0.6688, 9.2531, 169.0472, 238.0510, 8.3310, 247.8031, 88.9065, 6.3553, -16.8665, 0.586351, -0.809369, -0.033389, 0.000669, 0.809609, 0.586899, -0.009087, 0.009253, 0.026950, -0.021704, 0.999401, 0.169047, 0.000000, 0.000000, 0.000000, 1.000000, 0.026885, -0.021750, 0.999402, 0.238051, -0.586351, 0.809369, 0.033388, 0.008331, -0.809611, -0.586898, 0.009007, 0.247803, 0.000000, 0.000000, 0.000000, 1.000000, 0.044772, 0.059175, -0.997243, 0.088906, -0.996074, -0.073668, -0.049091, 0.006355, -0.076370, 0.995526, 0.055644, -0.016867, 0.000000, 0.000000, 0.000000, 1.000000
-14.7434, 0.6739, 9.2483, 169.0561, 238.0600, 8.3259, 247.8079, 88.9068, 6.3549, -16.8666, 0.586351, -0.809366, -0.033445, 0.000674, 0.809608, 0.586901, -0.009048, 0.009248, 0.026952, -0.021772, 0.999400, 0.169056, 0.000000, 0.000000, 0.000000, 1.000000, 0.026887, -0.021818, 0.999400, 0.238060, -0.586351, 0.809366, 0.033444, 0.008326, -0.809611, -0.586899, 0.008969, 0.247808, 0.000000, 0.000000, 0.000000, 1.000000, 0.044773, 0.059175, -0.997243, 0.088907, -0.996074, -0.073665, -0.049092, 0.006355, -0.076367, 0.995526, 0.055644, -0.016867, 0.000000, 0.000000, 0.000000, 1.000000
-14.7318, 0.6900, 9.2411, 169.0862, 238.0901, 8.3098, 247.8150, 88.9078, 6.3539, -16.8670, 0.586348, -0.809361, -0.033609, 0.000690, 0.809611, 0.586899, -0.008912, 0.009241, 0.026938, -0.021984, 0.999395, 0.169086, 0.000000, 0.000000, 0.000000, 1.000000, 0.026873, -0.022031, 0.999396, 0.238090, -0.586348, 0.809362, 0.033608, 0.008310, -0.809613, -0.586897, 0.008832, 0.247815, 0.000000, 0.000000, 0.000000, 1.000000, 0.044775, 0.059174, -0.997243, 0.088908, -0.996075, -0.073655, -0.049093, 0.006354, -0.076357, 0.995527, 0.055644, -0.016867, 0.000000, 0.000000, 0.000000, 1.000000
-14.7281, 0.6952, 9.2385, 169.0959, 238.0997, 8.3047, 247.8176, 88.9081, 6.3536, -16.8672, 0.586348, -0.809360, -0.033662, 0.000695, 0.809612, 0.586899, -0.008869, 0.009239, 0.026934, -0.022053, 0.999394, 0.169096, 0.000000, 0.000000, 0.000000, 1.000000, 0.026869, -0.022099, 0.999395, 0.238100, -0.586348, 0.809360, 0.033661, 0.008305, -0.809614, -0.586897, 0.008789, 0.247818, 0.000000, 0.000000, 0.000000, 1.000000, 0.044776, 0.059174, -0.997243, 0.088908, -0.996075, -0.073652, -0.049094, 0.006354, -0.076354, 0.995527, 0.055644, -0.016867, 0.000000, 0.000000, 0.000000, 1.000000
-14.7207, 0.7052, 9.2330, 169.1145, 238.1184, 8.2946, 247.8230, 88.9087, 6.3529, -16.8674, 0.586346, -0.809356, -0.033766, 0.000705, 0.809613, 0.586899, -0.008786, 0.009233, 0.026928, -0.022186, 0.999391, 0.169115, 0.000000, 0.000000, 0.000000, 1.000000, 0.026862, -0.022232, 0.999392, 0.238118, -0.586346, 0.809356, 0.033765, 0.008295, -0.809615, -0.586897, 0.008705, 0.247823, 0.000000, 0.000000, 0.000000, 1.000000, 0.044777, 0.059174, -0.997243, 0.088909, -0.996075, -0.073646, -0.049095, 0.006353, -0.076349, 0.995527, 0.055644, -0.016867, 0.000000, 0.000000, 0.000000, 1.000000
-14.7135, 0.7149, 9.2272, 169.1323, 238.1362, 8.2849, 247.8288, 88.9093, 6.3522, -16.8676, 0.586345, -0.809353, -0.033867, 0.000715, 0.809614, 0.586899, -0.008707, 0.009227, 0.026923, -0.022314, 0.999388, 0.169132, 0.000000, 0.000000, 0.000000, 1.000000, 0.026858, -0.022361, 0.999389, 0.238136, -0.586345, 0.809353, 0.033866, 0.008285, -0.809616, -0.586897, 0.008626, 0.247829, 0.000000, 0.000000, 0.000000, 1.000000, 0.044778, 0.059174, -0.997243, 0.088909, -0.996076, -0.073641, -0.049096, 0.006352, -0.076343, 0.995528, 0.055644, -0.016868, 0.000000, 0.000000, 0.000000, 1.000000
