# Joint_B_Angle(deg), Cam_X(mm), Cam_Y(mm), Cam_Z(mm), Torso_X(mm), Torso_Y(mm), Torso_Z(mm), EE_X(mm), EE_Y(mm), EE_Z(mm), T_cam2marker_flat(16), T_torso2marker_flat(16), T_ee2marker_flat(16)
-19.9987, 74.7637, 106.7614, 493.4602, 562.4574, -65.7640, 150.2815, 86.9763, 4.3136, -13.5033, -0.374720, -0.779475, -0.502000, 0.074764, 0.877860, -0.124122, -0.462553, 0.106761, 0.298239, -0.614013, 0.730781, 0.493460, 0.000000, 0.000000, 0.000000, 1.000000, 0.298190, -0.614006, 0.730808, 0.562457, 0.374719, 0.779476, 0.501999, -0.065764, -0.877877, 0.124157, 0.462512, 0.150281, 0.000000, 0.000000, 0.000000, 1.000000, 0.009208, 0.088216, -0.996059, 0.086976, -0.998821, -0.046678, -0.013368, 0.004314, -0.047673, 0.995007, 0.087682, -0.013503, 0.000000, 0.000000, 0.000000, 1.000000
-19.9987, 74.7632, 106.7820, 493.4626, 562.4597, -65.7635, 150.2608, 86.9763, 4.3136, -13.5033, -0.374727, -0.779472, -0.501998, 0.074763, 0.877869, -0.124151, -0.462529, 0.106782, 0.298205, -0.614011, 0.730797, 0.493463, 0.000000, 0.000000, 0.000000, 1.000000, 0.298155, -0.614003, 0.730824, 0.562460, 0.374727, 0.779473, 0.501998, -0.065764, -0.877886, 0.124186, 0.462487, 0.150261, 0.000000, 0.000000, 0.000000, 1.000000, 0.009208, 0.088216, -0.996059, 0.086976, -0.998821, -0.046678, -0.013368, 0.004314, -0.047673, 0.995007, 0.087682, -0.013503, 0.000000, 0.000000, 0.000000, 1.000000
-19.9987, 74.7629, 106.7951, 493.4641, 562.4612, -65.7632, 150.2476, 86.9763, 4.3136, -13.5033, -0.374732, -0.779471, -0.501998, 0.074763, 0.877874, -0.124170, -0.462513, 0.106795, 0.298183, -0.614009, 0.730808, 0.493464, 0.000000, 0.000000, 0.000000, 1.000000, 0.298133, -0.614002, 0.730834, 0.562461, 0.374731, 0.779471, 0.501997, -0.065763, -0.877891, 0.124205, 0.462472, 0.150248, 0.000000, 0.000000, 0.000000, 1.000000, 0.009208, 0.088216, -0.996059, 0.086976, -0.998821, -0.046678, -0.013368, 0.004314, -0.047673, 0.995007, 0.087682, -0.013503, 0.000000, 0.000000, 0.000000, 1.000000
-19.9988, 74.7624, 106.8195, 493.4669, 562.4640, -65.7626, 150.2230, 86.9763, 4.3137, -13.5033, -0.374740, -0.779468, -0.501996, 0.074762, 0.877885, -0.124204, -0.462485, 0.106820, 0.298142, -0.614006, 0.730827, 0.493467, 0.000000, 0.000000, 0.000000, 1.000000, 0.298092, -0.613999, 0.730854, 0.562464, 0.374740, 0.779468, 0.501996, -0.065763, -0.877902, 0.124239, 0.462443, 0.150223, 0.000000, 0.000000, 0.000000, 1.000000, 0.009208, 0.088216, -0.996059, 0.086976, -0.998821, -0.046678, -0.013368, 0.004314, -0.047673, 0.995007, 0.087682, -0.013503, 0.000000, 0.000000, 0.000000, 1.000000
-19.9988, 74.7619, 106.8414, 493.4693, 562.4664, -65.7622, 150.2009, 86.9764, 4.3137, -13.5033, -0.374748, -0.779465, -0.501995, 0.074762, 0.877894, -0.124236, -0.462459, 0.106841, 0.298105, -0.614004, 0.730844, 0.493469, 0.000000, 0.000000, 0.000000, 1.000000, 0.298055, -0.613996, 0.730871, 0.562466, 0.374748, 0.779465, 0.501994, -0.065762, -0.877911, 0.124271, 0.462417, 0.150201, 0.000000, 0.000000, 0.000000, 1.000000, 0.009208, 0.088216, -0.996059, 0.086976, -0.998821, -0.046678, -0.013368, 0.004314, -0.047673, 0.995007, 0.087682, -0.013503, 0.000000, 0.000000, 0.000000, 1.000000
-19.9989, 74.7615, 106.8606, 493.4715, 562.4686, -65.7618, 150.1816, 86.9764, 4.3137, -13.5033, -0.374755, -0.779462, -0.501993, 0.074762, 0.877902, -0.124263, -0.462437, 0.106861, 0.298073, -0.614001, 0.730859, 0.493471, 0.000000, 0.000000, 0.000000, 1.000000, 0.298022, -0.613994, 0.730886, 0.562469, 0.374755, 0.779462, 0.501993, -0.065762, -0.877919, 0.124299, 0.462394, 0.150182, 0.000000, 0.000000, 0.000000, 1.000000, 0.009208, 0.088216, -0.996059, 0.086976, -0.998821, -0.046678, -0.013368, 0.004314, -0.047673, 0.995007, 0.087682, -0.013503, 0.000000, 0.000000, 0.000000, 1.000000
-19.9989, 74.7615, 106.8606, 493.4715, 562.4686, -65.7618, 150.1816, 86.9764, 4.3137, -13.5033, -0.374755, -0.779462, -0.501993, 0.074762, 0.877902, -0.124263, -0.462437, 0.106861, 0.298073, -0.614001, 0.730859, 0.493471, 0.000000, 0.000000, 0.000000, 1.000000, 0.298022, -0.613994, 0.730886, 0.562469, 0.374755, 0.779462, 0.501993, -0.065762, -0.877919, 0.124299, 0.462394, 0.150182, 0.000000, 0.000000, 0.000000, 1.000000, 0.009208, 0.088216, -0.996059, 0.086976, -0.998821, -0.046678, -0.013368, 0.004314, -0.047673, 0.995007, 0.087682, -0.013503, 0.000000, 0.000000, 0.000000, 1.000000
-19.9989, 74.7611, 106.8840, 493.4740, 562.4711, -65.7614, 150.1580, 86.9764, 4.3137, -13.5034, -0.374764, -0.779459, -0.501991, 0.074761, 0.877912, -0.124297, -0.462409, 0.106884, 0.298033, -0.613998, 0.730878, 0.493474, 0.000000, 0.000000, 0.000000, 1.000000, 0.297982, -0.613990, 0.730905, 0.562471, 0.374763, 0.779460, 0.501991, -0.065761, -0.877929, 0.124332, 0.462366, 0.150158, 0.000000, 0.000000, 0.000000, 1.000000, 0.009209, 0.088216, -0.996059, 0.086976, -0.998821, -0.046678, -0.013368, 0.004314, -0.047673, 0.995007, 0.087682, -0.013503, 0.000000, 0.000000, 0.000000, 1.000000
-19.9989, 74.7611, 106.8903, 493.4747, 562.4718, -65.7613, 150.1516, 86.9764, 4.3137, -13.5034, -0.374765, -0.779459, -0.501991, 0.074761, 0.877914, -0.124305, -0.462401, 0.106890, 0.298022, -0.613997, 0.730883, 0.493475, 0.000000, 0.000000, 0.000000, 1.000000, 0.297971, -0.613989, 0.730911, 0.562472, 0.374765, 0.779459, 0.501991, -0.065761, -0.877932, 0.124341, 0.462358, 0.150152, 0.000000, 0.000000, 0.000000, 1.000000, 0.009209, 0.088216, -0.996059, 0.086976, -0.998821, -0.046678, -0.013368, 0.004314, -0.047673, 0.995007, 0.087682, -0.013503, 0.000000, 0.000000, 0.000000, 1.000000
-19.9987, 74.7610, 106.9007, 493.4757, 562.4728, -65.7613, 150.1410, 86.9764, 4.3137, -13.5034, -0.374767, -0.779458, -0.501991, 0.074761, 0.877920, -0.124320, -0.462386, 0.106901, 0.298003, -0.613995, 0.730893, 0.493476, 0.000000, 0.000000, 0.000000, 1.000000, 0.297952, -0.613987, 0.730920, 0.562473, 0.374767, 0.779458, 0.501990, -0.065761, -0.877937, 0.124356, 0.462344, 0.150141, 0.000000, 0.000000, 0.000000, 1.000000, 0.009209, 0.088216, -0.996059, 0.086976, -0.998821, -0.046678, -0.013368, 0.004314, -0.047673, 0.995007, 0.087682, -0.013503, 0.000000, 0.000000, 0.000000, 1.000000
-19.9985, 74.7612, 106.9082, 493.4764, 562.4734, -65.7614, 150.1334, 86.9763, 4.3137, -13.5034, -0.374767, -0.779458, -0.501991, 0.074761, 0.877925, -0.124329, -0.462374, 0.106908, 0.297989, -0.613993, 0.730900, 0.493476, 0.000000, 0.000000, 0.000000, 1.000000, 0.297938, -0.613985, 0.730928, 0.562473, 0.374767, 0.779458, 0.501991, -0.065761, -0.877942, 0.124366, 0.462331, 0.150133, 0.000000, 0.000000, 0.000000, 1.000000, 0.009209, 0.088216, -0.996059, 0.086976, -0.998821, -0.046678, -0.013368, 0.004314, -0.047673, 0.995007, 0.087682, -0.013503, 0.000000, 0.000000, 0.000000, 1.000000
-19.9984, 74.7613, 106.9109, 493.4766, 562.4736, -65.7616, 150.1307, 86.9763, 4.3137, -13.5033, -0.374766, -0.779458, -0.501991, 0.074761, 0.877927, -0.124332, -0.462369, 0.106911, 0.297983, -0.613992, 0.730903, 0.493477, 0.000000, 0.000000, 0.000000, 1.000000, 0.297932, -0.613984, 0.730931, 0.562474, 0.374766, 0.779459, 0.501991, -0.065762, -0.877945, 0.124369, 0.462326, 0.150131, 0.000000, 0.000000, 0.000000, 1.000000, 0.009209, 0.088216, -0.996059, 0.086976, -0.998821, -0.046678, -0.013368, 0.004314, -0.047673, 0.995007, 0.087682, -0.013503, 0.000000, 0.000000, 0.000000, 1.000000
-19.9979, 74.7618, 106.9139, 493.4766, 562.4736, -65.7620, 150.1275, 86.9763, 4.3137, -13.5033, -0.374760, -0.779460, -0.501993, 0.074762, 0.877933, -0.124334, -0.462358, 0.106914, 0.297975, -0.613990, 0.730909, 0.493477, 0.000000, 0.000000, 0.000000, 1.000000, 0.297923, -0.613982, 0.730936, 0.562474, 0.374760, 0.779460, 0.501993, -0.065762, -0.877950, 0.124370, 0.462315, 0.150127, 0.000000, 0.000000, 0.000000, 1.000000, 0.009209, 0.088216, -0.996059, 0.086976, -0.998821, -0.046678, -0.013368, 0.004314, -0.047673, 0.995007, 0.087682, -0.013503, 0.000000, 0.000000, 0.000000, 1.000000
-19.9975, 74.7621, 106.9144, 493.4764, 562.4734, -65.7623, 150.1270, 86.9763, 4.3137, -13.5033, -0.374756, -0.779461, -0.501995, 0.074762, 0.877936, -0.124333, -0.462353, 0.106914, 0.297972, -0.613988, 0.730911, 0.493476, 0.000000, 0.000000, 0.000000, 1.000000, 0.297920, -0.613981, 0.730939, 0.562473, 0.374755, 0.779461, 0.501994, -0.065762, -0.877953, 0.124369, 0.462310, 0.150127, 0.000000, 0.000000, 0.000000, 1.000000, 0.009209, 0.088216, -0.996059, 0.086976, -0.998821, -0.046678, -0.013368, 0.004314, -0.047673, 0.995007, 0.087682, -0.013503, 0.000000, 0.000000, 0.000000, 1.000000
-19.9967, 74.7630, 106.9131, 493.4757, 562.4727, -65.7632, 150.1281, 86.9762, 4.3137, -13.5033, -0.374743, -0.779465, -0.501998, 0.074763, 0.877942, -0.124326, -0.462343, 0.106913, 0.297969, -0.613985, 0.730915, 0.493476, 0.000000, 0.000000, 0.000000, 1.000000, 0.297916, -0.613977, 0.730943, 0.562473, 0.374743, 0.779465, 0.501998, -0.065763, -0.877960, 0.124362, 0.462299, 0.150128, 0.000000, 0.000000, 0.000000, 1.000000, 0.009209, 0.088216, -0.996059, 0.086976, -0.998821, -0.046678, -0.013368, 0.004314, -0.047673, 0.995007, 0.087682, -0.013503, 0.000000, 0.000000, 0.000000, 1.000000
-19.9962, 74.7636, 106.9114, 493.4752, 562.4722, -65.7638, 150.1298, 86.9762, 4.3137, -13.5033, -0.374735, -0.779467, -0.502001, 0.074764, 0.877946, -0.124320, -0.462337, 0.106911, 0.297968, -0.613983, 0.730917, 0.493475, 0.000000, 0.000000, 0.000000, 1.000000, 0.297916, -0.613976, 0.730945, 0.562472, 0.374735, 0.779467, 0.502000, -0.065764, -0.877964, 0.124357, 0.462294, 0.150130, 0.000000, 0.000000, 0.000000, 1.000000, 0.009209, 0.088216, -0.996059, 0.086976, -0.998821, -0.046678, -0.013369, 0.004314, -0.047673, 0.995007, 0.087682, -0.013503, 0.000000, 0.000000, 0.000000, 1.000000
-19.9949, 74.7650, 106.9060, 493.4739, 562.4708, -65.7652, 150.1351, 86.9761, 4.3137, -13.5033, -0.374715, -0.779473, -0.502007, 0.074765, 0.877954, -0.124304, -0.462325, 0.106906, 0.297969, -0.613979, 0.730920, 0.493474, 0.000000, 0.000000, 0.000000, 1.000000, 0.297916, -0.613971, 0.730948, 0.562471, 0.374714, 0.779473, 0.502006, -0.065765, -0.877972, 0.124341, 0.462282, 0.150135, 0.000000, 0.000000, 0.000000, 1.000000, 0.009209, 0.088217, -0.996059, 0.086976, -0.998821, -0.046678, -0.013369, 0.004314, -0.047673, 0.995007, 0.087683, -0.013503, 0.000000, 0.000000, 0.000000, 1.000000
-19.9932, 74.7667, 106.8979, 493.4720, 562.4690, -65.7669, 150.1431, 86.9760, 4.3137, -13.5032, -0.374688, -0.779481, -0.502014, 0.074767, 0.877964, -0.124282, -0.462312, 0.106898, 0.297972, -0.613974, 0.730924, 0.493472, 0.000000, 0.000000, 0.000000, 1.000000, 0.297919, -0.613966, 0.730952, 0.562469, 0.374688, 0.779481, 0.502014, -0.065767, -0.877982, 0.124319, 0.462268, 0.150143, 0.000000, 0.000000, 0.000000, 1.000000, 0.009209, 0.088217, -0.996059, 0.086976, -0.998821, -0.046678, -0.013369, 0.004314, -0.047673, 0.995007, 0.087683, -0.013503, 0.000000, 0.000000, 0.000000, 1.000000
-19.9901, 74.7701, 106.8811, 493.4684, 562.4653, -65.7703, 150.1597, 86.9757, 4.3137, -13.5031, -0.374637, -0.779496, -0.502030, 0.074770, 0.877984, -0.124238, -0.462287, 0.106881, 0.297980, -0.613964, 0.730929, 0.493468, 0.000000, 0.000000, 0.000000, 1.000000, 0.297927, -0.613956, 0.730957, 0.562465, 0.374636, 0.779496, 0.502029, -0.065770, -0.878002, 0.124275, 0.462243, 0.150160, 0.000000, 0.000000, 0.000000, 1.000000, 0.009209, 0.088218, -0.996059, 0.086976, -0.998821, -0.046678, -0.013369, 0.004314, -0.047673, 0.995007, 0.087684, -0.013503, 0.000000, 0.000000, 0.000000, 1.000000
-19.9888, 74.7714, 106.8744, 493.4669, 562.4639, -65.7716, 150.1663, 86.9756, 4.3137, -13.5031, -0.374616, -0.779502, -0.502036, 0.074771, 0.877991, -0.124220, -0.462278, 0.106874, 0.297983, -0.613960, 0.730930, 0.493467, 0.000000, 0.000000, 0.000000, 1.000000, 0.297931, -0.613952, 0.730959, 0.562464, 0.374616, 0.779502, 0.502035, -0.065772, -0.878009, 0.124257, 0.462234, 0.150166, 0.000000, 0.000000, 0.000000, 1.000000, 0.009209, 0.088218, -0.996059, 0.086976, -0.998821, -0.046678, -0.013369, 0.004314, -0.047673, 0.995007, 0.087684, -0.013503, 0.000000, 0.000000, 0.000000, 1.000000
-19.9861, 74.7743, 106.8594, 493.4637, 562.4607, -65.7745, 150.1813, 86.9754, 4.3137, -13.5030, -0.374571, -0.779515, -0.502049, 0.074774, 0.878008, -0.124180, -0.462257, 0.106859, 0.297991, -0.613951, 0.730934, 0.493464, 0.000000, 0.000000, 0.000000, 1.000000, 0.297938, -0.613943, 0.730963, 0.562461, 0.374571, 0.779515, 0.502049, -0.065775, -0.878026, 0.124218, 0.462213, 0.150181, 0.000000, 0.000000, 0.000000, 1.000000, 0.009209, 0.088218, -0.996059, 0.086975, -0.998821, -0.046678, -0.013369, 0.004314, -0.047673, 0.995007, 0.087685, -0.013503, 0.000000, 0.000000, 0.000000, 1.000000
-19.9829, 74.7777, 106.8424, 493.4601, 562.4570, -65.7779, 150.1982, 86.9752, 4.3136, -13.5029, -0.374518, -0.779530, -0.502065, 0.074778, 0.878027, -0.124135, -0.462232, 0.106842, 0.298000, -0.613941, 0.730939, 0.493460, 0.000000, 0.000000, 0.000000, 1.000000, 0.297947, -0.613933, 0.730968, 0.562457, 0.374518, 0.779530, 0.502065, -0.065778, -0.878046, 0.124172, 0.462188, 0.150198, 0.000000, 0.000000, 0.000000, 1.000000, 0.009209, 0.088219, -0.996059, 0.086975, -0.998821, -0.046678, -0.013369, 0.004314, -0.047673, 0.995007, 0.087685, -0.013503, 0.000000, 0.000000, 0.000000, 1.000000
-19.9811, 74.7796, 106.8331, 493.4581, 562.4550, -65.7798, 150.2075, 86.9751, 4.3136, -13.5028, -0.374489, -0.779538, -0.502074, 0.074780, 0.878038, -0.124110, -0.462218, 0.106833, 0.298004, -0.613936, 0.730942, 0.493458, 0.000000, 0.000000, 0.000000, 1.000000, 0.297951, -0.613928, 0.730970, 0.562455, 0.374489, 0.779538, 0.502073, -0.065780, -0.878056, 0.124147, 0.462174, 0.150207, 0.000000, 0.000000, 0.000000, 1.000000, 0.009209, 0.088220, -0.996058, 0.086975, -0.998821, -0.046678, -0.013369, 0.004314, -0.047673, 0.995007, 0.087686, -0.013503, 0.000000, 0.000000, 0.000000, 1.000000
-19.9772, 74.7837, 106.8133, 493.4538, 562.4507, -65.7839, 150.2272, 86.9748, 4.3136, -13.5027, -0.374426, -0.779556, -0.502093, 0.074784, 0.878062, -0.124055, -0.462187, 0.106813, 0.298013, -0.613923, 0.730949, 0.493454, 0.000000, 0.000000, 0.000000, 1.000000, 0.297960, -0.613915, 0.730977, 0.562451, 0.374425, 0.779557, 0.502093, -0.065784, -0.878081, 0.124093, 0.462142, 0.150227, 0.000000, 0.000000, 0.000000, 1.000000, 0.009209, 0.088220, -0.996058, 0.086975, -0.998821, -0.046678, -0.013369, 0.004314, -0.047673, 0.995007, 0.087686, -0.013503, 0.000000, 0.000000, 0.000000, 1.000000
-19.9751, 74.7859, 106.8028, 493.4514, 562.4484, -65.7861, 150.2377, 86.9746, 4.3136, -13.5027, -0.374391, -0.779566, -0.502103, 0.074786, 0.878075, -0.124026, -0.462170, 0.106803, 0.298018, -0.613917, 0.730952, 0.493451, 0.000000, 0.000000, 0.000000, 1.000000, 0.297965, -0.613909, 0.730981, 0.562448, 0.374391, 0.779567, 0.502103, -0.065786, -0.878094, 0.124064, 0.462125, 0.150238, 0.000000, 0.000000, 0.000000, 1.000000, 0.009209, 0.088221, -0.996058, 0.086975, -0.998821, -0.046678, -0.013369, 0.004314, -0.047673, 0.995007, 0.087687, -0.013503, 0.000000, 0.000000, 0.000000, 1.000000
-19.9706, 74.7906, 106.7807, 493.4465, 562.4434, -65.7909, 150.2597, 86.9743, 4.3136, -13.5025, -0.374317, -0.779588, -0.502125, 0.074791, 0.878104, -0.123964, -0.462132, 0.106781, 0.298027, -0.613902, 0.730961, 0.493447, 0.000000, 0.000000, 0.000000, 1.000000, 0.297973, -0.613894, 0.730989, 0.562443, 0.374317, 0.779588, 0.502125, -0.065791, -0.878122, 0.124002, 0.462087, 0.150260, 0.000000, 0.000000, 0.000000, 1.000000, 0.009209, 0.088222, -0.996058, 0.086974, -0.998821, -0.046678, -0.013369, 0.004314, -0.047673, 0.995007, 0.087688, -0.013503, 0.000000, 0.000000, 0.000000, 1.000000
-19.9656, 74.7959, 106.7572, 493.4412, 562.4381, -65.7961, 150.2831, 86.9739, 4.3135, -13.5024, -0.374236, -0.779611, -0.502150, 0.074796, 0.878136, -0.123897, -0.462090, 0.106757, 0.298035, -0.613886, 0.730971, 0.493441, 0.000000, 0.000000, 0.000000, 1.000000, 0.297982, -0.613878, 0.730999, 0.562438, 0.374235, 0.779611, 0.502150, -0.065796, -0.878154, 0.123934, 0.462045, 0.150283, 0.000000, 0.000000, 0.000000, 1.000000, 0.009209, 0.088223, -0.996058, 0.086974, -0.998821, -0.046678, -0.013369, 0.004314, -0.047673, 0.995006, 0.087689, -0.013502, 0.000000, 0.000000, 0.000000, 1.000000
-19.9629, 74.7987, 106.7451, 493.4384, 562.4353, -65.7989, 150.2952, 86.9737, 4.3135, -13.5023, -0.374192, -0.779623, -0.502163, 0.074799, 0.878153, -0.123861, -0.462067, 0.106745, 0.298039, -0.613878, 0.730976, 0.493438, 0.000000, 0.000000, 0.000000, 1.000000, 0.297986, -0.613870, 0.731005, 0.562435, 0.374192, 0.779624, 0.502163, -0.065799, -0.878171, 0.123899, 0.462022, 0.150295, 0.000000, 0.000000, 0.000000, 1.000000, 0.009209, 0.088223, -0.996058, 0.086974, -0.998821, -0.046678, -0.013369, 0.004314, -0.047673, 0.995006, 0.087689, -0.013502, 0.000000, 0.000000, 0.000000, 1.000000
-19.9573, 74.8046, 106.7200, 493.4325, 562.4294, -65.8048, 150.3203, 86.9733, 4.3135, -13.5021, -0.374101, -0.779649, -0.502191, 0.074805, 0.878190, -0.123787, -0.462017, 0.106720, 0.298046, -0.613860, 0.730989, 0.493433, 0.000000, 0.000000, 0.000000, 1.000000, 0.297993, -0.613852, 0.731018, 0.562429, 0.374100, 0.779650, 0.502190, -0.065805, -0.878208, 0.123825, 0.461972, 0.150320, 0.000000, 0.000000, 0.000000, 1.000000, 0.009209, 0.088225, -0.996058, 0.086973, -0.998821, -0.046678, -0.013369, 0.004313, -0.047673, 0.995006, 0.087691, -0.013502, 0.000000, 0.000000, 0.000000, 1.000000
-19.9543, 74.8077, 106.7071, 493.4295, 562.4264, -65.8079, 150.3331, 86.9731, 4.3135, -13.5020, -0.374052, -0.779663, -0.502205, 0.074808, 0.878209, -0.123748, -0.461990, 0.106707, 0.298050, -0.613850, 0.730996, 0.493429, 0.000000, 0.000000, 0.000000, 1.000000, 0.297996, -0.613842, 0.731024, 0.562426, 0.374052, 0.779663, 0.502205, -0.065808, -0.878227, 0.123786, 0.461945, 0.150333, 0.000000, 0.000000, 0.000000, 1.000000, 0.009209, 0.088225, -0.996058, 0.086973, -0.998821, -0.046678, -0.013369, 0.004313, -0.047673, 0.995006, 0.087691, -0.013502, 0.000000, 0.000000, 0.000000, 1.000000
-19.9481, 74.8142, 106.6809, 493.4232, 562.4201, -65.8144, 150.3593, 86.9726, 4.3134, -13.5018, -0.373951, -0.779692, -0.502236, 0.074814, 0.878250, -0.123668, -0.461934, 0.106681, 0.298055, -0.613830, 0.731010, 0.493423, 0.000000, 0.000000, 0.000000, 1.000000, 0.298001, -0.613822, 0.731039, 0.562420, 0.373951, 0.779692, 0.502236, -0.065814, -0.878268, 0.123706, 0.461889, 0.150359, 0.000000, 0.000000, 0.000000, 1.000000, 0.009209, 0.088227, -0.996058, 0.086973, -0.998821, -0.046677, -0.013369, 0.004313, -0.047673, 0.995006, 0.087693, -0.013502, 0.000000, 0.000000, 0.000000, 1.000000
-19.9449, 74.8176, 106.6676, 493.4199, 562.4169, -65.8178, 150.3726, 86.9724, 4.3134, -13.5017, -0.373899, -0.779707, -0.502252, 0.074818, 0.878272, -0.123627, -0.461904, 0.106668, 0.298058, -0.613819, 0.731018, 0.493420, 0.000000, 0.000000, 0.000000, 1.000000, 0.298004, -0.613811, 0.731047, 0.562417, 0.373899, 0.779707, 0.502251, -0.065818, -0.878290, 0.123665, 0.461859, 0.150373, 0.000000, 0.000000, 0.000000, 1.000000, 0.009209, 0.088227, -0.996058, 0.086972, -0.998821, -0.046677, -0.013369, 0.004313, -0.047673, 0.995006, 0.087693, -0.013502, 0.000000, 0.000000, 0.000000, 1.000000
-19.9382, 74.8246, 106.6407, 493.4133, 562.4102, -65.8248, 150.3994, 86.9719, 4.3134, -13.5015, -0.373791, -0.779738, -0.502285, 0.074825, 0.878317, -0.123543, -0.461841, 0.106641, 0.298061, -0.613797, 0.731036, 0.493413, 0.000000, 0.000000, 0.000000, 1.000000, 0.298007, -0.613789, 0.731064, 0.562410, 0.373790, 0.779738, 0.502284, -0.065825, -0.878335, 0.123580, 0.461796, 0.150399, 0.000000, 0.000000, 0.000000, 1.000000, 0.009209, 0.088229, -0.996058, 0.086972, -0.998821, -0.046677, -0.013369, 0.004313, -0.047673, 0.995006, 0.087695, -0.013502, 0.000000, 0.000000, 0.000000, 1.000000
-19.9312, 74.8320, 106.6134, 493.4064, 562.4033, -65.8322, 150.4267, 86.9714, 4.3133, -13.5013, -0.373677, -0.779770, -0.502319, 0.074832, 0.878364, -0.123455, -0.461774, 0.106613, 0.298063, -0.613773, 0.731054, 0.493406, 0.000000, 0.000000, 0.000000, 1.000000, 0.298009, -0.613765, 0.731083, 0.562403, 0.373676, 0.779770, 0.502319, -0.065832, -0.878383, 0.123493, 0.461729, 0.150427, 0.000000, 0.000000, 0.000000, 1.000000, 0.009209, 0.088230, -0.996058, 0.086971, -0.998821, -0.046677, -0.013370, 0.004313, -0.047673, 0.995006, 0.087696, -0.013501, 0.000000, 0.000000, 0.000000, 1.000000
-19.9275, 74.8358, 106.5997, 493.4029, 562.3998, -65.8361, 150.4404, 86.9711, 4.3133, -13.5012, -0.373618, -0.779787, -0.502337, 0.074836, 0.878389, -0.123410, -0.461738, 0.106600, 0.298064, -0.613761, 0.731065, 0.493403, 0.000000, 0.000000, 0.000000, 1.000000, 0.298010, -0.613753, 0.731093, 0.562400, 0.373617, 0.779787, 0.502337, -0.065836, -0.878408, 0.123448, 0.461693, 0.150440, 0.000000, 0.000000, 0.000000, 1.000000, 0.009209, 0.088231, -0.996057, 0.086971, -0.998821, -0.046677, -0.013370, 0.004313, -0.047673, 0.995006, 0.087697, -0.013501, 0.000000, 0.000000, 0.000000, 1.000000
-19.9200, 74.8437, 106.5721, 493.3957, 562.3926, -65.8440, 150.4680, 86.9706, 4.3133, -13.5010, -0.373496, -0.779821, -0.502374, 0.074844, 0.878441, -0.123318, -0.461664, 0.106572, 0.298064, -0.613736, 0.731086, 0.493396, 0.000000, 0.000000, 0.000000, 1.000000, 0.298010, -0.613728, 0.731115, 0.562393, 0.373496, 0.779822, 0.502374, -0.065844, -0.878459, 0.123356, 0.461619, 0.150468, 0.000000, 0.000000, 0.000000, 1.000000, 0.009209, 0.088233, -0.996057, 0.086971, -0.998821, -0.046677, -0.013370, 0.004313, -0.047673, 0.995006, 0.087699, -0.013501, 0.000000, 0.000000, 0.000000, 1.000000
-19.9161, 74.8477, 106.5583, 493.3920, 562.3889, -65.8480, 150.4818, 86.9703, 4.3132, -13.5009, -0.373434, -0.779839, -0.502393, 0.074848, 0.878468, -0.123272, -0.461626, 0.106558, 0.298063, -0.613723, 0.731097, 0.493392, 0.000000, 0.000000, 0.000000, 1.000000, 0.298009, -0.613715, 0.731126, 0.562389, 0.373434, 0.779839, 0.502392, -0.065848, -0.878486, 0.123310, 0.461581, 0.150482, 0.000000, 0.000000, 0.000000, 1.000000, 0.009209, 0.088233, -0.996057, 0.086970, -0.998821, -0.046677, -0.013370, 0.004313, -0.047673, 0.995006, 0.087699, -0.013501, 0.000000, 0.000000, 0.000000, 1.000000
-19.9081, 74.8561, 106.5307, 493.3846, 562.3815, -65.8564, 150.5093, 86.9697, 4.3132, -13.5006, -0.373306, -0.779875, -0.502432, 0.074856, 0.878523, -0.123177, -0.461546, 0.106531, 0.298060, -0.613696, 0.731121, 0.493385, 0.000000, 0.000000, 0.000000, 1.000000, 0.298006, -0.613688, 0.731150, 0.562381, 0.373306, 0.779875, 0.502431, -0.065856, -0.878542, 0.123215, 0.461501, 0.150509, 0.000000, 0.000000, 0.000000, 1.000000, 0.009209, 0.088235, -0.996057, 0.086970, -0.998821, -0.046677, -0.013370, 0.004313, -0.047673, 0.995005, 0.087701, -0.013501, 0.000000, 0.000000, 0.000000, 1.000000
-19.9041, 74.8603, 106.5170, 493.3808, 562.3777, -65.8606, 150.5231, 86.9694, 4.3131, -13.5005, -0.373241, -0.779894, -0.502451, 0.074860, 0.878552, -0.123129, -0.461504, 0.106517, 0.298058, -0.613682, 0.731134, 0.493381, 0.000000, 0.000000, 0.000000, 1.000000, 0.298004, -0.613674, 0.731162, 0.562378, 0.373240, 0.779894, 0.502451, -0.065861, -0.878570, 0.123167, 0.461459, 0.150523, 0.000000, 0.000000, 0.000000, 1.000000, 0.009209, 0.088236, -0.996057, 0.086969, -0.998821, -0.046677, -0.013370, 0.004313, -0.047673, 0.995005, 0.087702, -0.013500, 0.000000, 0.000000, 0.000000, 1.000000
-19.8916, 74.8734, 106.4762, 493.3694, 562.3663, -65.8737, 150.5638, 86.9685, 4.3131, -13.5001, -0.373041, -0.779950, -0.502512, 0.074873, 0.878640, -0.122984, -0.461376, 0.106476, 0.298049, -0.613639, 0.731173, 0.493369, 0.000000, 0.000000, 0.000000, 1.000000, 0.297995, -0.613631, 0.731202, 0.562366, 0.373040, 0.779951, 0.502512, -0.065874, -0.878658, 0.123022, 0.461331, 0.150564, 0.000000, 0.000000, 0.000000, 1.000000, 0.009209, 0.088239, -0.996057, 0.086968, -0.998821, -0.046677, -0.013370, 0.004313, -0.047673, 0.995005, 0.087705, -0.013500, 0.000000, 0.000000, 0.000000, 1.000000
-19.8830, 74.8824, 106.4495, 493.3617, 562.3586, -65.8827, 150.5905, 86.9678, 4.3130, -13.4998, -0.372904, -0.779989, -0.502553, 0.074882, 0.878700, -0.122886, -0.461287, 0.106450, 0.298042, -0.613609, 0.731201, 0.493362, 0.000000, 0.000000, 0.000000, 1.000000, 0.297987, -0.613601, 0.731230, 0.562359, 0.372904, 0.779989, 0.502553, -0.065883, -0.878718, 0.122924, 0.461241, 0.150590, 0.000000, 0.000000, 0.000000, 1.000000, 0.009209, 0.088240, -0.996057, 0.086968, -0.998821, -0.046677, -0.013370, 0.004313, -0.047673, 0.995005, 0.087706, -0.013500, 0.000000, 0.000000, 0.000000, 1.000000
-19.8787, 74.8869, 106.4364, 493.3578, 562.3548, -65.8872, 150.6037, 86.9675, 4.3130, -13.4997, -0.372835, -0.780008, -0.502574, 0.074887, 0.878731, -0.122837, -0.461241, 0.106436, 0.298037, -0.613594, 0.731215, 0.493358, 0.000000, 0.000000, 0.000000, 1.000000, 0.297983, -0.613586, 0.731244, 0.562355, 0.372835, 0.780009, 0.502574, -0.065887, -0.878749, 0.122875, 0.461196, 0.150604, 0.000000, 0.000000, 0.000000, 1.000000, 0.009209, 0.088241, -0.996057, 0.086968, -0.998821, -0.046677, -0.013370, 0.004313, -0.047673, 0.995005, 0.087707, -0.013500, 0.000000, 0.000000, 0.000000, 1.000000
-19.8699, 74.8961, 106.4103, 493.3501, 562.3470, -65.8964, 150.6297, 86.9669, 4.3129, -13.4994, -0.372696, -0.780048, -0.502617, 0.074896, 0.878793, -0.122739, -0.461148, 0.106410, 0.298027, -0.613564, 0.731245, 0.493350, 0.000000, 0.000000, 0.000000, 1.000000, 0.297973, -0.613556, 0.731274, 0.562347, 0.372696, 0.780048, 0.502616, -0.065896, -0.878812, 0.122777, 0.461103, 0.150630, 0.000000, 0.000000, 0.000000, 1.000000, 0.009209, 0.088243, -0.996056, 0.086967, -0.998821, -0.046677, -0.013370, 0.004313, -0.047672, 0.995005, 0.087709, -0.013499, 0.000000, 0.000000, 0.000000, 1.000000
-19.8611, 74.9054, 106.3848, 493.3423, 562.3393, -65.9057, 150.6553, 86.9662, 4.3129, -13.4992, -0.372555, -0.780087, -0.502659, 0.074905, 0.878857, -0.122640, -0.461052, 0.106385, 0.298015, -0.613533, 0.731276, 0.493342, 0.000000, 0.000000, 0.000000, 1.000000, 0.297961, -0.613525, 0.731304, 0.562339, 0.372554, 0.780088, 0.502659, -0.065906, -0.878876, 0.122678, 0.461007, 0.150655, 0.000000, 0.000000, 0.000000, 1.000000, 0.009209, 0.088245, -0.996056, 0.086966, -0.998821, -0.046677, -0.013370, 0.004313, -0.047672, 0.995005, 0.087711, -0.013499, 0.000000, 0.000000, 0.000000, 1.000000
-19.8566, 74.9100, 106.3722, 493.3385, 562.3354, -65.9103, 150.6679, 86.9659, 4.3128, -13.4990, -0.372484, -0.780108, -0.502681, 0.074910, 0.878890, -0.122591, -0.461004, 0.106372, 0.298009, -0.613518, 0.731291, 0.493338, 0.000000, 0.000000, 0.000000, 1.000000, 0.297954, -0.613510, 0.731320, 0.562335, 0.372484, 0.780108, 0.502681, -0.065910, -0.878908, 0.122629, 0.460959, 0.150668, 0.000000, 0.000000, 0.000000, 1.000000, 0.009209, 0.088246, -0.996056, 0.086966, -0.998821, -0.046677, -0.013370, 0.004313, -0.047672, 0.995004, 0.087712, -0.013499, 0.000000, 0.000000, 0.000000, 1.000000
-19.8476, 74.9194, 106.3475, 493.3307, 562.3276, -65.9198, 150.6926, 86.9652, 4.3128, -13.4988, -0.372341, -0.780148, -0.502724, 0.074919, 0.878955, -0.122493, -0.460906, 0.106348, 0.297995, -0.613486, 0.731323, 0.493331, 0.000000, 0.000000, 0.000000, 1.000000, 0.297941, -0.613478, 0.731352, 0.562328, 0.372341, 0.780148, 0.502724, -0.065920, -0.878973, 0.122531, 0.460861, 0.150693, 0.000000, 0.000000, 0.000000, 1.000000, 0.009209, 0.088248, -0.996056, 0.086965, -0.998821, -0.046676, -0.013370, 0.004313, -0.047672, 0.995004, 0.087714, -0.013499, 0.000000, 0.000000, 0.000000, 1.000000
-19.8431, 74.9242, 106.3354, 493.3269, 562.3238, -65.9245, 150.7047, 86.9649, 4.3128, -13.4986, -0.372270, -0.780168, -0.502746, 0.074924, 0.878987, -0.122444, -0.460857, 0.106335, 0.297987, -0.613470, 0.731340, 0.493327, 0.000000, 0.000000, 0.000000, 1.000000, 0.297933, -0.613462, 0.731369, 0.562324, 0.372270, 0.780168, 0.502745, -0.065924, -0.879006, 0.122482, 0.460811, 0.150705, 0.000000, 0.000000, 0.000000, 1.000000, 0.009209, 0.088249, -0.996056, 0.086965, -0.998821, -0.046676, -0.013370, 0.004313, -0.047672, 0.995004, 0.087715, -0.013499, 0.000000, 0.000000, 0.000000, 1.000000
-19.8341, 74.9336, 106.3116, 493.3192, 562.3161, -65.9339, 150.7285, 86.9642, 4.3127, -13.4983, -0.372127, -0.780208, -0.502789, 0.074934, 0.879053, -0.122347, -0.460757, 0.106312, 0.297972, -0.613438, 0.731373, 0.493319, 0.000000, 0.000000, 0.000000, 1.000000, 0.297918, -0.613430, 0.731402, 0.562316, 0.372127, 0.780208, 0.502789, -0.065934, -0.879071, 0.122385, 0.460712, 0.150728, 0.000000, 0.000000, 0.000000, 1.000000, 0.009209, 0.088251, -0.996056, 0.086964, -0.998821, -0.046676, -0.013371, 0.004313, -0.047672, 0.995004, 0.087717, -0.013498, 0.000000, 0.000000, 0.000000, 1.000000
-19.8296, 74.9384, 106.3000, 493.3154, 562.3123, -65.9387, 150.7401, 86.9639, 4.3127, -13.4982, -0.372056, -0.780228, -0.502811, 0.074938, 0.879086, -0.122299, -0.460707, 0.106300, 0.297963, -0.613422, 0.731390, 0.493315, 0.000000, 0.000000, 0.000000, 1.000000, 0.297909, -0.613414, 0.731418, 0.562312, 0.372056, 0.780229, 0.502810, -0.065939, -0.879105, 0.122336, 0.460662, 0.150740, 0.000000, 0.000000, 0.000000, 1.000000, 0.009209, 0.088252, -0.996056, 0.086964, -0.998821, -0.046676, -0.013371, 0.004313, -0.047672, 0.995004, 0.087718, -0.013498, 0.000000, 0.000000, 0.000000, 1.000000
-19.8206, 74.9478, 106.2771, 493.3078, 562.3047, -65.9482, 150.7630, 86.9632, 4.3126, -13.4979, -0.371913, -0.780268, -0.502854, 0.074948, 0.879153, -0.122203, -0.460605, 0.106277, 0.297946, -0.613390, 0.731424, 0.493308, 0.000000, 0.000000, 0.000000, 1.000000, 0.297892, -0.613382, 0.731452, 0.562305, 0.371913, 0.780269, 0.502854, -0.065948, -0.879171, 0.122240, 0.460560, 0.150763, 0.000000, 0.000000, 0.000000, 1.000000, 0.009209, 0.088254, -0.996055, 0.086963, -0.998821, -0.046676, -0.013371, 0.004313, -0.047672, 0.995004, 0.087720, -0.013498, 0.000000, 0.000000, 0.000000, 1.000000
-19.8160, 74.9526, 106.2659, 493.3040, 562.3009, -65.9529, 150.7742, 86.9629, 4.3126, -13.4978, -0.371841, -0.780288, -0.502876, 0.074953, 0.879186, -0.122155, -0.460555, 0.106266, 0.297937, -0.613374, 0.731441, 0.493304, 0.000000, 0.000000, 0.000000, 1.000000, 0.297883, -0.613366, 0.731469, 0.562301, 0.371841, 0.780289, 0.502875, -0.065953, -0.879204, 0.122193, 0.460510, 0.150774, 0.000000, 0.000000, 0.000000, 1.000000, 0.009209, 0.088255, -0.996055, 0.086963, -0.998821, -0.046676, -0.013371, 0.004313, -0.047672, 0.995004, 0.087721, -0.013498, 0.000000, 0.000000, 0.000000, 1.000000
-19.8070, 74.9620, 106.2440, 493.2965, 562.2934, -65.9623, 150.7962, 86.9622, 4.3125, -13.4975, -0.371699, -0.780329, -0.502919, 0.074962, 0.879252, -0.122060, -0.460453, 0.106244, 0.297918, -0.613342, 0.731475, 0.493296, 0.000000, 0.000000, 0.000000, 1.000000, 0.297864, -0.613334, 0.731504, 0.562293, 0.371699, 0.780329, 0.502918, -0.065962, -0.879271, 0.122098, 0.460408, 0.150796, 0.000000, 0.000000, 0.000000, 1.000000, 0.009209, 0.088257, -0.996055, 0.086962, -0.998821, -0.046676, -0.013371, 0.004313, -0.047672, 0.995004, 0.087723, -0.013498, 0.000000, 0.000000, 0.000000, 1.000000
-19.7980, 74.9714, 106.2227, 493.2891, 562.2860, -65.9718, 150.8176, 86.9616, 4.3125, -13.4972, -0.371558, -0.780368, -0.502961, 0.074971, 0.879319, -0.121967, -0.460351, 0.106223, 0.297898, -0.613310, 0.731510, 0.493289, 0.000000, 0.000000, 0.000000, 1.000000, 0.297845, -0.613302, 0.731539, 0.562286, 0.371557, 0.780369, 0.502961, -0.065972, -0.879337, 0.122005, 0.460306, 0.150818, 0.000000, 0.000000, 0.000000, 1.000000, 0.009210, 0.088259, -0.996055, 0.086962, -0.998821, -0.046676, -0.013371, 0.004312, -0.047672, 0.995003, 0.087725, -0.013497, 0.000000, 0.000000, 0.000000, 1.000000
-19.7936, 74.9761, 106.2122, 493.2854, 562.2823, -65.9765, 150.8280, 86.9612, 4.3125, -13.4971, -0.371487, -0.780388, -0.502983, 0.074976, 0.879352, -0.121921, -0.460299, 0.106212, 0.297888, -0.613294, 0.731528, 0.493285, 0.000000, 0.000000, 0.000000, 1.000000, 0.297834, -0.613286, 0.731556, 0.562282, 0.371487, 0.780389, 0.502982, -0.065976, -0.879370, 0.121958, 0.460254, 0.150828, 0.000000, 0.000000, 0.000000, 1.000000, 0.009210, 0.088259, -0.996055, 0.086961, -0.998821, -0.046676, -0.013371, 0.004312, -0.047672, 0.995003, 0.087726, -0.013497, 0.000000, 0.000000, 0.000000, 1.000000
-19.7847, 74.9855, 106.1917, 493.2781, 562.2750, -65.9858, 150.8486, 86.9606, 4.3124, -13.4968, -0.371347, -0.780428, -0.503025, 0.074985, 0.879418, -0.121829, -0.460197, 0.106192, 0.297868, -0.613262, 0.731563, 0.493278, 0.000000, 0.000000, 0.000000, 1.000000, 0.297814, -0.613254, 0.731591, 0.562275, 0.371347, 0.780428, 0.503025, -0.065986, -0.879436, 0.121866, 0.460152, 0.150849, 0.000000, 0.000000, 0.000000, 1.000000, 0.009210, 0.088261, -0.996055, 0.086961, -0.998821, -0.046676, -0.013371, 0.004312, -0.047672, 0.995003, 0.087727, -0.013497, 0.000000, 0.000000, 0.000000, 1.000000
-19.7802, 74.9901, 106.1816, 493.2745, 562.2714, -65.9904, 150.8587, 86.9602, 4.3124, -13.4967, -0.371277, -0.780447, -0.503046, 0.074990, 0.879451, -0.121783, -0.460146, 0.106182, 0.297857, -0.613246, 0.731580, 0.493274, 0.000000, 0.000000, 0.000000, 1.000000, 0.297804, -0.613238, 0.731609, 0.562271, 0.371277, 0.780448, 0.503046, -0.065990, -0.879469, 0.121821, 0.460101, 0.150859, 0.000000, 0.000000, 0.000000, 1.000000, 0.009210, 0.088262, -0.996055, 0.086960, -0.998821, -0.046676, -0.013371, 0.004312, -0.047672, 0.995003, 0.087728, -0.013497, 0.000000, 0.000000, 0.000000, 1.000000
-19.7714, 74.9993, 106.1619, 493.2673, 562.2643, -65.9996, 150.8785, 86.9596, 4.3123, -13.4964, -0.371139, -0.780486, -0.503088, 0.074999, 0.879517, -0.121694, -0.460045, 0.106162, 0.297836, -0.613215, 0.731616, 0.493267, 0.000000, 0.000000, 0.000000, 1.000000, 0.297782, -0.613207, 0.731644, 0.562264, 0.371139, 0.780486, 0.503087, -0.066000, -0.879535, 0.121731, 0.460000, 0.150878, 0.000000, 0.000000, 0.000000, 1.000000, 0.009210, 0.088264, -0.996055, 0.086960, -0.998821, -0.046676, -0.013371, 0.004312, -0.047672, 0.995003, 0.087730, -0.013496, 0.000000, 0.000000, 0.000000, 1.000000
-19.7627, 75.0084, 106.1427, 493.2602, 562.2572, -66.0087, 150.8978, 86.9590, 4.3123, -13.4962, -0.371002, -0.780524, -0.503129, 0.075008, 0.879582, -0.121605, -0.459944, 0.106143, 0.297814, -0.613183, 0.731651, 0.493260, 0.000000, 0.000000, 0.000000, 1.000000, 0.297761, -0.613175, 0.731679, 0.562257, 0.371002, 0.780525, 0.503129, -0.066009, -0.879600, 0.121642, 0.459899, 0.150898, 0.000000, 0.000000, 0.000000, 1.000000, 0.009210, 0.088266, -0.996054, 0.086959, -0.998821, -0.046676, -0.013371, 0.004312, -0.047672, 0.995003, 0.087732, -0.013496, 0.000000, 0.000000, 0.000000, 1.000000
-19.7584, 75.0129, 106.1333, 493.2568, 562.2537, -66.0132, 150.9072, 86.9586, 4.3123, -13.4960, -0.370935, -0.780543, -0.503150, 0.075013, 0.879614, -0.121561, -0.459894, 0.106133, 0.297803, -0.613168, 0.731668, 0.493257, 0.000000, 0.000000, 0.000000, 1.000000, 0.297750, -0.613160, 0.731697, 0.562254, 0.370934, 0.780544, 0.503149, -0.066013, -0.879632, 0.121599, 0.459849, 0.150907, 0.000000, 0.000000, 0.000000, 1.000000, 0.009210, 0.088267, -0.996054, 0.086959, -0.998821, -0.046676, -0.013371, 0.004312, -0.047672, 0.995003, 0.087733, -0.013496, 0.000000, 0.000000, 0.000000, 1.000000
-19.7499, 75.0215, 106.1282, 493.2515, 562.2484, -66.0218, 150.9121, 86.9580, 4.3122, -13.4958, -0.370806, -0.780579, -0.503189, 0.075021, 0.879683, -0.121495, -0.459779, 0.106128, 0.297759, -0.613136, 0.731713, 0.493251, 0.000000, 0.000000, 0.000000, 1.000000, 0.297705, -0.613128, 0.731742, 0.562248, 0.370806, 0.780580, 0.503188, -0.066022, -0.879701, 0.121532, 0.459734, 0.150912, 0.000000, 0.000000, 0.000000, 1.000000, 0.009210, 0.088269, -0.996054, 0.086958, -0.998821, -0.046676, -0.013372, 0.004312, -0.047672, 0.995003, 0.087735, -0.013496, 0.000000, 0.000000, 0.000000, 1.000000
-19.7416, 75.0300, 106.1227, 493.2462, 562.2431, -66.0303, 150.9175, 86.9574, 4.3122, -13.4955, -0.370679, -0.780614, -0.503228, 0.075030, 0.879751, -0.121428, -0.459667, 0.106123, 0.297716, -0.613104, 0.731757, 0.493246, 0.000000, 0.000000, 0.000000, 1.000000, 0.297662, -0.613096, 0.731786, 0.562243, 0.370679, 0.780615, 0.503227, -0.066030, -0.879769, 0.121466, 0.459622, 0.150918, 0.000000, 0.000000, 0.000000, 1.000000, 0.009210, 0.088271, -0.996054, 0.086957, -0.998821, -0.046675, -0.013372, 0.004312, -0.047672, 0.995002, 0.087737, -0.013496, 0.000000, 0.000000, 0.000000, 1.000000
-19.7374, 75.0341, 106.1196, 493.2435, 562.2404, -66.0345, 150.9205, 86.9571, 4.3121, -13.4954, -0.370617, -0.780632, -0.503247, 0.075034, 0.879784, -0.121395, -0.459612, 0.106120, 0.297696, -0.613088, 0.731779, 0.493244, 0.000000, 0.000000, 0.000000, 1.000000, 0.297642, -0.613080, 0.731807, 0.562240, 0.370616, 0.780632, 0.503246, -0.066034, -0.879803, 0.121433, 0.459566, 0.150921, 0.000000, 0.000000, 0.000000, 1.000000, 0.009210, 0.088271, -0.996054, 0.086957, -0.998821, -0.046675, -0.013372, 0.004312, -0.047672, 0.995002, 0.087737, -0.013495, 0.000000, 0.000000, 0.000000, 1.000000
-19.7293, 75.0425, 106.1127, 493.2381, 562.2351, -66.0428, 150.9273, 86.9565, 4.3121, -13.4952, -0.370492, -0.780666, -0.503285, 0.075042, 0.879850, -0.121328, -0.459503, 0.106113, 0.297657, -0.613058, 0.731820, 0.493238, 0.000000, 0.000000, 0.000000, 1.000000, 0.297602, -0.613050, 0.731849, 0.562235, 0.370492, 0.780667, 0.503284, -0.066043, -0.879868, 0.121366, 0.459458, 0.150927, 0.000000, 0.000000, 0.000000, 1.000000, 0.009210, 0.088273, -0.996054, 0.086956, -0.998821, -0.046675, -0.013372, 0.004312, -0.047672, 0.995002, 0.087739, -0.013495, 0.000000, 0.000000, 0.000000, 1.000000
-19.7252, 75.0466, 106.1089, 493.2354, 562.2323, -66.0469, 150.9311, 86.9562, 4.3121, -13.4950, -0.370431, -0.780684, -0.503303, 0.075047, 0.879882, -0.121294, -0.459451, 0.106109, 0.297638, -0.613042, 0.731841, 0.493235, 0.000000, 0.000000, 0.000000, 1.000000, 0.297583, -0.613034, 0.731870, 0.562232, 0.370430, 0.780684, 0.503303, -0.066047, -0.879901, 0.121332, 0.459405, 0.150931, 0.000000, 0.000000, 0.000000, 1.000000, 0.009210, 0.088274, -0.996054, 0.086956, -0.998821, -0.046675, -0.013372, 0.004312, -0.047672, 0.995002, 0.087740, -0.013495, 0.000000, 0.000000, 0.000000, 1.000000
-19.7172, 75.0548, 106.1004, 493.2299, 562.2269, -66.0551, 150.9395, 86.9556, 4.3120, -13.4948, -0.370308, -0.780718, -0.503340, 0.075055, 0.879946, -0.121226, -0.459347, 0.106100, 0.297602, -0.613012, 0.731880, 0.493230, 0.000000, 0.000000, 0.000000, 1.000000, 0.297548, -0.613004, 0.731909, 0.562227, 0.370308, 0.780718, 0.503340, -0.066055, -0.879964, 0.121264, 0.459301, 0.150939, 0.000000, 0.000000, 0.000000, 1.000000, 0.009210, 0.088276, -0.996054, 0.086956, -0.998821, -0.046675, -0.013372, 0.004312, -0.047672, 0.995002, 0.087742, -0.013495, 0.000000, 0.000000, 0.000000, 1.000000
-19.7132, 75.0589, 106.0957, 493.2272, 562.2241, -66.0592, 150.9441, 86.9553, 4.3120, -13.4947, -0.370248, -0.780735, -0.503359, 0.075059, 0.879977, -0.121192, -0.459296, 0.106096, 0.297585, -0.612998, 0.731900, 0.493227, 0.000000, 0.000000, 0.000000, 1.000000, 0.297531, -0.612990, 0.731929, 0.562224, 0.370248, 0.780735, 0.503358, -0.066059, -0.879996, 0.121230, 0.459250, 0.150944, 0.000000, 0.000000, 0.000000, 1.000000, 0.009210, 0.088277, -0.996053, 0.086955, -0.998821, -0.046675, -0.013372, 0.004312, -0.047671, 0.995002, 0.087743, -0.013495, 0.000000, 0.000000, 0.000000, 1.000000
-19.7093, 75.0629, 106.0907, 493.2244, 562.2213, -66.0632, 150.9491, 86.9550, 4.3120, -13.4946, -0.370187, -0.780751, -0.503377, 0.075063, 0.880008, -0.121157, -0.459246, 0.106091, 0.297569, -0.612983, 0.731919, 0.493224, 0.000000, 0.000000, 0.000000, 1.000000, 0.297514, -0.612975, 0.731947, 0.562221, 0.370187, 0.780752, 0.503377, -0.066063, -0.880027, 0.121196, 0.459200, 0.150949, 0.000000, 0.000000, 0.000000, 1.000000, 0.009210, 0.088277, -0.996053, 0.086955, -0.998821, -0.046675, -0.013372, 0.004312, -0.047671, 0.995002, 0.087743, -0.013495, 0.000000, 0.000000, 0.000000, 1.000000
