# Joint_B_Angle(deg), Cam_X(mm), Cam_Y(mm), Cam_Z(mm), Torso_X(mm), Torso_Y(mm), Torso_Z(mm), EE_X(mm), EE_Y(mm), EE_Z(mm), T_cam2marker_flat(16), T_torso2marker_flat(16), T_ee2marker_flat(16)
-9.9998, 6.7031, 6.8161, 121.0230, 190.0271, 2.2968, 250.2436, 101.7585, 8.7888, -1.6741, 0.590376, 0.806504, 0.031734, 0.006703, -0.807127, 0.589844, 0.025108, 0.006816, 0.001532, -0.040436, 0.999181, 0.121023, 0.000000, 0.000000, 0.000000, 1.000000, 0.001597, -0.040485, 0.999179, 0.190027, -0.590376, -0.806504, -0.031734, 0.002297, 0.807126, -0.589841, -0.025189, 0.250244, 0.000000, 0.000000, 0.000000, 1.000000, -0.074195, -0.040984, -0.996401, 0.101758, -0.996719, -0.029363, 0.075427, 0.008789, -0.032349, 0.998728, -0.038671, -0.001674, 0.000000, 0.000000, 0.000000, 1.000000
-9.9998, 6.7031, 6.8162, 121.0229, 190.0270, 2.2967, 250.2435, 101.7585, 8.7888, -1.6741, 0.590376, 0.806504, 0.031733, 0.006703, -0.807127, 0.589844, 0.025107, 0.006816, 0.001532, -0.040435, 0.999181, 0.121023, 0.000000, 0.000000, 0.000000, 1.000000, 0.001597, -0.040484, 0.999179, 0.190027, -0.590376, -0.806504, -0.031734, 0.002297, 0.807127, -0.589841, -0.025189, 0.250243, 0.000000, 0.000000, 0.000000, 1.000000, -0.074195, -0.040984, -0.996401, 0.101758, -0.996719, -0.029363, 0.075427, 0.008789, -0.032349, 0.998728, -0.038671, -0.001674, 0.000000, 0.000000, 0.000000, 1.000000
-9.9998, 6.7033, 6.8162, 121.0225, 190.0267, 2.2965, 250.2435, 101.7584, 8.7888, -1.6741, 0.590376, 0.806504, 0.031731, 0.006703, -0.807127, 0.589844, 0.025105, 0.006816, 0.001531, -0.040433, 0.999181, 0.121023, 0.000000, 0.000000, 0.000000, 1.000000, 0.001597, -0.040482, 0.999179, 0.190027, -0.590376, -0.806504, -0.031732, 0.002297, 0.807127, -0.589841, -0.025187, 0.250243, 0.000000, 0.000000, 0.000000, 1.000000, -0.074195, -0.040984, -0.996401, 0.101758, -0.996719, -0.029363, 0.075427, 0.008789, -0.032348, 0.998728, -0.038671, -0.001674, 0.000000, 0.000000, 0.000000, 1.000000
-9.9998, 6.7036, 6.8158, 121.0220, 190.0261, 2.2963, 250.2438, 101.7584, 8.7888, -1.6741, 0.590376, 0.806504, 0.031730, 0.006704, -0.807127, 0.589844, 0.025102, 0.006816, 0.001529, -0.040430, 0.999181, 0.121022, 0.000000, 0.000000, 0.000000, 1.000000, 0.001595, -0.040479, 0.999179, 0.190026, -0.590376, -0.806504, -0.031731, 0.002296, 0.807126, -0.589841, -0.025184, 0.250244, 0.000000, 0.000000, 0.000000, 1.000000, -0.074195, -0.040984, -0.996401, 0.101758, -0.996719, -0.029363, 0.075427, 0.008789, -0.032348, 0.998728, -0.038671, -0.001674, 0.000000, 0.000000, 0.000000, 1.000000
-9.9998, 6.7036, 6.8158, 121.0220, 190.0261, 2.2963, 250.2438, 101.7584, 8.7888, -1.6741, 0.590376, 0.806504, 0.031730, 0.006704, -0.807127, 0.589844, 0.025102, 0.006816, 0.001529, -0.040430, 0.999181, 0.121022, 0.000000, 0.000000, 0.000000, 1.000000, 0.001595, -0.040479, 0.999179, 0.190026, -0.590376, -0.806504, -0.031731, 0.002296, 0.807126, -0.589841, -0.025184, 0.250244, 0.000000, 0.000000, 0.000000, 1.000000, -0.074195, -0.040984, -0.996401, 0.101758, -0.996719, -0.029363, 0.075427, 0.008789, -0.032348, 0.998728, -0.038671, -0.001674, 0.000000, 0.000000, 0.000000, 1.000000
-9.9998, 6.7041, 6.8147, 121.0208, 190.0249, 2.2958, 250.2449, 101.7584, 8.7888, -1.6741, 0.590377, 0.806504, 0.031728, 0.006704, -0.807126, 0.589846, 0.025094, 0.006815, 0.001524, -0.040424, 0.999181, 0.121021, 0.000000, 0.000000, 0.000000, 1.000000, 0.001590, -0.040473, 0.999179, 0.190025, -0.590377, -0.806504, -0.031729, 0.002296, 0.807126, -0.589842, -0.025177, 0.250245, 0.000000, 0.000000, 0.000000, 1.000000, -0.074195, -0.040984, -0.996401, 0.101758, -0.996719, -0.029362, 0.075427, 0.008789, -0.032348, 0.998728, -0.038671, -0.001674, 0.000000, 0.000000, 0.000000, 1.000000
-9.9997, 6.7045, 6.8136, 121.0200, 190.0241, 2.2954, 250.2460, 101.7584, 8.7888, -1.6741, 0.590378, 0.806503, 0.031727, 0.006704, -0.807125, 0.589847, 0.025088, 0.006814, 0.001520, -0.040419, 0.999182, 0.121020, 0.000000, 0.000000, 0.000000, 1.000000, 0.001586, -0.040468, 0.999180, 0.190024, -0.590378, -0.806503, -0.031728, 0.002295, 0.807125, -0.589843, -0.025171, 0.250246, 0.000000, 0.000000, 0.000000, 1.000000, -0.074195, -0.040984, -0.996401, 0.101758, -0.996719, -0.029362, 0.075427, 0.008789, -0.032348, 0.998728, -0.038671, -0.001674, 0.000000, 0.000000, 0.000000, 1.000000
-9.9997, 6.7045, 6.8136, 121.0200, 190.0241, 2.2954, 250.2460, 101.7584, 8.7888, -1.6741, 0.590378, 0.806503, 0.031727, 0.006704, -0.807125, 0.589847, 0.025088, 0.006814, 0.001520, -0.040419, 0.999182, 0.121020, 0.000000, 0.000000, 0.000000, 1.000000, 0.001586, -0.040468, 0.999180, 0.190024, -0.590378, -0.806503, -0.031728, 0.002295, 0.807125, -0.589843, -0.025171, 0.250246, 0.000000, 0.000000, 0.000000, 1.000000, -0.074195, -0.040984, -0.996401, 0.101758, -0.996719, -0.029362, 0.075427, 0.008789, -0.032348, 0.998728, -0.038671, -0.001674, 0.000000, 0.000000, 0.000000, 1.000000
-9.9996, 6.7051, 6.8115, 121.0193, 190.0234, 2.2947, 250.2481, 101.7583, 8.7888, -1.6741, 0.590380, 0.806502, 0.031727, 0.006705, -0.807124, 0.589849, 0.025079, 0.006812, 0.001512, -0.040414, 0.999182, 0.121019, 0.000000, 0.000000, 0.000000, 1.000000, 0.001578, -0.040463, 0.999180, 0.190023, -0.590380, -0.806502, -0.031728, 0.002295, 0.807124, -0.589845, -0.025161, 0.250248, 0.000000, 0.000000, 0.000000, 1.000000, -0.074195, -0.040984, -0.996401, 0.101758, -0.996719, -0.029362, 0.075427, 0.008789, -0.032348, 0.998728, -0.038671, -0.001674, 0.000000, 0.000000, 0.000000, 1.000000
-9.9995, 6.7054, 6.8107, 121.0193, 190.0234, 2.2945, 250.2489, 101.7583, 8.7888, -1.6741, 0.590380, 0.806501, 0.031728, 0.006705, -0.807124, 0.589850, 0.025076, 0.006811, 0.001509, -0.040413, 0.999182, 0.121019, 0.000000, 0.000000, 0.000000, 1.000000, 0.001575, -0.040462, 0.999180, 0.190023, -0.590380, -0.806501, -0.031729, 0.002295, 0.807124, -0.589846, -0.025158, 0.250249, 0.000000, 0.000000, 0.000000, 1.000000, -0.074195, -0.040984, -0.996401, 0.101758, -0.996719, -0.029362, 0.075427, 0.008789, -0.032348, 0.998728, -0.038671, -0.001674, 0.000000, 0.000000, 0.000000, 1.000000
-9.9993, 6.7058, 6.8089, 121.0200, 190.0241, 2.2941, 250.2506, 101.7583, 8.7889, -1.6740, 0.590382, 0.806500, 0.031731, 0.006706, -0.807123, 0.589851, 0.025070, 0.006809, 0.001502, -0.040412, 0.999182, 0.121020, 0.000000, 0.000000, 0.000000, 1.000000, 0.001568, -0.040461, 0.999180, 0.190024, -0.590382, -0.806500, -0.031732, 0.002294, 0.807122, -0.589848, -0.025152, 0.250251, 0.000000, 0.000000, 0.000000, 1.000000, -0.074196, -0.040983, -0.996401, 0.101758, -0.996719, -0.029362, 0.075427, 0.008789, -0.032348, 0.998728, -0.038670, -0.001674, 0.000000, 0.000000, 0.000000, 1.000000
-9.9988, 6.7061, 6.8070, 121.0218, 190.0259, 2.2938, 250.2526, 101.7582, 8.7890, -1.6740, 0.590384, 0.806499, 0.031736, 0.006706, -0.807121, 0.589853, 0.025065, 0.006807, 0.001496, -0.040413, 0.999182, 0.121022, 0.000000, 0.000000, 0.000000, 1.000000, 0.001562, -0.040462, 0.999180, 0.190026, -0.590384, -0.806499, -0.031737, 0.002294, 0.807121, -0.589850, -0.025148, 0.250253, 0.000000, 0.000000, 0.000000, 1.000000, -0.074196, -0.040983, -0.996401, 0.101758, -0.996719, -0.029362, 0.075427, 0.008789, -0.032348, 0.998728, -0.038670, -0.001674, 0.000000, 0.000000, 0.000000, 1.000000
-9.9979, 6.7065, 6.8037, 121.0270, 190.0311, 2.2934, 250.2559, 101.7582, 8.7894, -1.6740, 0.590387, 0.806496, 0.031749, 0.006707, -0.807119, 0.589856, 0.025062, 0.006804, 0.001485, -0.040421, 0.999182, 0.121027, 0.000000, 0.000000, 0.000000, 1.000000, 0.001551, -0.040471, 0.999180, 0.190031, -0.590387, -0.806496, -0.031749, 0.002293, 0.807119, -0.589853, -0.025144, 0.250256, 0.000000, 0.000000, 0.000000, 1.000000, -0.074196, -0.040983, -0.996401, 0.101758, -0.996719, -0.029363, 0.075427, 0.008789, -0.032349, 0.998728, -0.038670, -0.001674, 0.000000, 0.000000, 0.000000, 1.000000
-9.9975, 6.7066, 6.8025, 121.0294, 190.0336, 2.2933, 250.2570, 101.7582, 8.7895, -1.6740, 0.590388, 0.806495, 0.031754, 0.006707, -0.807119, 0.589857, 0.025061, 0.006802, 0.001481, -0.040425, 0.999181, 0.121029, 0.000000, 0.000000, 0.000000, 1.000000, 0.001548, -0.040475, 0.999179, 0.190034, -0.590388, -0.806495, -0.031755, 0.002293, 0.807118, -0.589854, -0.025144, 0.250257, 0.000000, 0.000000, 0.000000, 1.000000, -0.074196, -0.040983, -0.996401, 0.101758, -0.996719, -0.029363, 0.075427, 0.008790, -0.032349, 0.998728, -0.038670, -0.001674, 0.000000, 0.000000, 0.000000, 1.000000
-9.9965, 6.7067, 6.8001, 121.0356, 190.0397, 2.2932, 250.2595, 101.7582, 8.7899, -1.6740, 0.590390, 0.806493, 0.031768, 0.006707, -0.807117, 0.589859, 0.025063, 0.006800, 0.001474, -0.040437, 0.999181, 0.121036, 0.000000, 0.000000, 0.000000, 1.000000, 0.001541, -0.040486, 0.999179, 0.190040, -0.590390, -0.806493, -0.031768, 0.002293, 0.807117, -0.589856, -0.025145, 0.250259, 0.000000, 0.000000, 0.000000, 1.000000, -0.074196, -0.040983, -0.996401, 0.101758, -0.996719, -0.029364, 0.075427, 0.008790, -0.032350, 0.998728, -0.038670, -0.001674, 0.000000, 0.000000, 0.000000, 1.000000
-9.9952, 6.7067, 6.7975, 121.0435, 190.0476, 2.2932, 250.2620, 101.7582, 8.7903, -1.6740, 0.590392, 0.806491, 0.031784, 0.006707, -0.807115, 0.589861, 0.025066, 0.006798, 0.001467, -0.040452, 0.999180, 0.121043, 0.000000, 0.000000, 0.000000, 1.000000, 0.001534, -0.040502, 0.999178, 0.190048, -0.590392, -0.806491, -0.031785, 0.002293, 0.807115, -0.589858, -0.025149, 0.250262, 0.000000, 0.000000, 0.000000, 1.000000, -0.074196, -0.040983, -0.996401, 0.101758, -0.996719, -0.029365, 0.075428, 0.008790, -0.032351, 0.998728, -0.038669, -0.001674, 0.000000, 0.000000, 0.000000, 1.000000
-9.9945, 6.7067, 6.7962, 121.0481, 190.0523, 2.2932, 250.2633, 101.7582, 8.7905, -1.6740, 0.590393, 0.806489, 0.031794, 0.006707, -0.807115, 0.589862, 0.025069, 0.006796, 0.001464, -0.040462, 0.999180, 0.121048, 0.000000, 0.000000, 0.000000, 1.000000, 0.001530, -0.040511, 0.999178, 0.190052, -0.590393, -0.806489, -0.031795, 0.002293, 0.807114, -0.589859, -0.025152, 0.250263, 0.000000, 0.000000, 0.000000, 1.000000, -0.074196, -0.040982, -0.996401, 0.101758, -0.996719, -0.029366, 0.075428, 0.008791, -0.032351, 0.998728, -0.038669, -0.001674, 0.000000, 0.000000, 0.000000, 1.000000
-9.9929, 6.7065, 6.7935, 121.0590, 190.0631, 2.2934, 250.2660, 101.7583, 8.7911, -1.6740, 0.590396, 0.806487, 0.031816, 0.006706, -0.807113, 0.589865, 0.025077, 0.006793, 0.001457, -0.040484, 0.999179, 0.121059, 0.000000, 0.000000, 0.000000, 1.000000, 0.001524, -0.040534, 0.999177, 0.190063, -0.590396, -0.806487, -0.031817, 0.002293, 0.807113, -0.589861, -0.025160, 0.250266, 0.000000, 0.000000, 0.000000, 1.000000, -0.074197, -0.040982, -0.996401, 0.101758, -0.996719, -0.029367, 0.075428, 0.008791, -0.032352, 0.998728, -0.038669, -0.001674, 0.000000, 0.000000, 0.000000, 1.000000
-9.9920, 6.7063, 6.7921, 121.0651, 190.0693, 2.2936, 250.2674, 101.7583, 8.7914, -1.6740, 0.590397, 0.806485, 0.031828, 0.006706, -0.807112, 0.589866, 0.025082, 0.006792, 0.001454, -0.040497, 0.999179, 0.121065, 0.000000, 0.000000, 0.000000, 1.000000, 0.001520, -0.040547, 0.999176, 0.190069, -0.590397, -0.806485, -0.031829, 0.002294, 0.807112, -0.589862, -0.025165, 0.250267, 0.000000, 0.000000, 0.000000, 1.000000, -0.074197, -0.040982, -0.996401, 0.101758, -0.996719, -0.029368, 0.075428, 0.008791, -0.032353, 0.998728, -0.038669, -0.001674, 0.000000, 0.000000, 0.000000, 1.000000
-9.9901, 6.7059, 6.7893, 121.0791, 190.0833, 2.2940, 250.2702, 101.7584, 8.7922, -1.6740, 0.590399, 0.806482, 0.031856, 0.006706, -0.807110, 0.589868, 0.025095, 0.006789, 0.001448, -0.040527, 0.999177, 0.121079, 0.000000, 0.000000, 0.000000, 1.000000, 0.001514, -0.040577, 0.999175, 0.190083, -0.590399, -0.806482, -0.031857, 0.002294, 0.807110, -0.589864, -0.025178, 0.250270, 0.000000, 0.000000, 0.000000, 1.000000, -0.074197, -0.040982, -0.996401, 0.101758, -0.996719, -0.029369, 0.075429, 0.008792, -0.032355, 0.998728, -0.038668, -0.001674, 0.000000, 0.000000, 0.000000, 1.000000
-9.9890, 6.7056, 6.7879, 121.0869, 190.0911, 2.2942, 250.2716, 101.7584, 8.7926, -1.6740, 0.590401, 0.806481, 0.031871, 0.006706, -0.807109, 0.589868, 0.025102, 0.006788, 0.001445, -0.040544, 0.999177, 0.121087, 0.000000, 0.000000, 0.000000, 1.000000, 0.001511, -0.040594, 0.999175, 0.190091, -0.590401, -0.806481, -0.031872, 0.002294, 0.807109, -0.589865, -0.025185, 0.250272, 0.000000, 0.000000, 0.000000, 1.000000, -0.074197, -0.040982, -0.996401, 0.101758, -0.996719, -0.029370, 0.075429, 0.008793, -0.032356, 0.998728, -0.038668, -0.001674, 0.000000, 0.000000, 0.000000, 1.000000
-9.9865, 6.7050, 6.7850, 121.1042, 190.1083, 2.2949, 250.2745, 101.7585, 8.7934, -1.6740, 0.590403, 0.806478, 0.031905, 0.006705, -0.807107, 0.589870, 0.025120, 0.006785, 0.001439, -0.040582, 0.999175, 0.121104, 0.000000, 0.000000, 0.000000, 1.000000, 0.001505, -0.040631, 0.999173, 0.190108, -0.590403, -0.806478, -0.031906, 0.002295, 0.807107, -0.589867, -0.025203, 0.250275, 0.000000, 0.000000, 0.000000, 1.000000, -0.074197, -0.040982, -0.996401, 0.101759, -0.996718, -0.029372, 0.075429, 0.008793, -0.032358, 0.998728, -0.038668, -0.001674, 0.000000, 0.000000, 0.000000, 1.000000
-9.9852, 6.7046, 6.7835, 121.1136, 190.1177, 2.2953, 250.2760, 101.7586, 8.7939, -1.6740, 0.590405, 0.806476, 0.031923, 0.006705, -0.807106, 0.589871, 0.025130, 0.006784, 0.001436, -0.040602, 0.999174, 0.121114, 0.000000, 0.000000, 0.000000, 1.000000, 0.001503, -0.040652, 0.999172, 0.190118, -0.590405, -0.806476, -0.031924, 0.002295, 0.807106, -0.589868, -0.025213, 0.250276, 0.000000, 0.000000, 0.000000, 1.000000, -0.074198, -0.040982, -0.996401, 0.101759, -0.996718, -0.029373, 0.075429, 0.008794, -0.032359, 0.998728, -0.038668, -0.001674, 0.000000, 0.000000, 0.000000, 1.000000
-9.9824, 6.7037, 6.7806, 121.1340, 190.1382, 2.2961, 250.2789, 101.7587, 8.7949, -1.6740, 0.590407, 0.806472, 0.031963, 0.006704, -0.807104, 0.589873, 0.025153, 0.006781, 0.001431, -0.040647, 0.999173, 0.121134, 0.000000, 0.000000, 0.000000, 1.000000, 0.001498, -0.040697, 0.999170, 0.190138, -0.590407, -0.806472, -0.031963, 0.002296, 0.807104, -0.589870, -0.025236, 0.250279, 0.000000, 0.000000, 0.000000, 1.000000, -0.074198, -0.040982, -0.996401, 0.101759, -0.996718, -0.029375, 0.075430, 0.008795, -0.032361, 0.998728, -0.038668, -0.001674, 0.000000, 0.000000, 0.000000, 1.000000
-9.9794, 6.7027, 6.7777, 121.1566, 190.1607, 2.2971, 250.2819, 101.7588, 8.7960, -1.6740, 0.590410, 0.806469, 0.032006, 0.006703, -0.807102, 0.589874, 0.025179, 0.006778, 0.001427, -0.040698, 0.999170, 0.121157, 0.000000, 0.000000, 0.000000, 1.000000, 0.001493, -0.040747, 0.999168, 0.190161, -0.590410, -0.806469, -0.032006, 0.002297, 0.807102, -0.589871, -0.025262, 0.250282, 0.000000, 0.000000, 0.000000, 1.000000, -0.074198, -0.040982, -0.996401, 0.101759, -0.996718, -0.029378, 0.075430, 0.008796, -0.032364, 0.998728, -0.038667, -0.001674, 0.000000, 0.000000, 0.000000, 1.000000
-9.9777, 6.7022, 6.7762, 121.1686, 190.1728, 2.2977, 250.2834, 101.7589, 8.7966, -1.6741, 0.590411, 0.806467, 0.032028, 0.006702, -0.807101, 0.589875, 0.025193, 0.006776, 0.001425, -0.040724, 0.999169, 0.121169, 0.000000, 0.000000, 0.000000, 1.000000, 0.001491, -0.040774, 0.999167, 0.190173, -0.590411, -0.806467, -0.032029, 0.002298, 0.807101, -0.589872, -0.025276, 0.250283, 0.000000, 0.000000, 0.000000, 1.000000, -0.074199, -0.040981, -0.996401, 0.101759, -0.996718, -0.029379, 0.075431, 0.008797, -0.032365, 0.998728, -0.038667, -0.001674, 0.000000, 0.000000, 0.000000, 1.000000
-9.9743, 6.7009, 6.7733, 121.1941, 190.1983, 2.2989, 250.2863, 101.7591, 8.7979, -1.6741, 0.590414, 0.806463, 0.032077, 0.006701, -0.807099, 0.589876, 0.025224, 0.006773, 0.001421, -0.040782, 0.999167, 0.121194, 0.000000, 0.000000, 0.000000, 1.000000, 0.001487, -0.040831, 0.999165, 0.190198, -0.590414, -0.806463, -0.032078, 0.002299, 0.807099, -0.589873, -0.025307, 0.250286, 0.000000, 0.000000, 0.000000, 1.000000, -0.074199, -0.040981, -0.996401, 0.101759, -0.996718, -0.029382, 0.075431, 0.008798, -0.032368, 0.998728, -0.038667, -0.001674, 0.000000, 0.000000, 0.000000, 1.000000
-9.9725, 6.7003, 6.7718, 121.2076, 190.2118, 2.2996, 250.2878, 101.7592, 8.7985, -1.6741, 0.590415, 0.806461, 0.032102, 0.006700, -0.807098, 0.589877, 0.025241, 0.006772, 0.001419, -0.040812, 0.999166, 0.121208, 0.000000, 0.000000, 0.000000, 1.000000, 0.001485, -0.040861, 0.999164, 0.190212, -0.590415, -0.806461, -0.032103, 0.002300, 0.807098, -0.589874, -0.025323, 0.250288, 0.000000, 0.000000, 0.000000, 1.000000, -0.074199, -0.040981, -0.996401, 0.101759, -0.996718, -0.029384, 0.075431, 0.008799, -0.032369, 0.998728, -0.038667, -0.001674, 0.000000, 0.000000, 0.000000, 1.000000
-9.9687, 6.6989, 6.7689, 121.2359, 190.2400, 2.3010, 250.2907, 101.7593, 8.7999, -1.6742, 0.590418, 0.806457, 0.032155, 0.006699, -0.807097, 0.589878, 0.025276, 0.006769, 0.001416, -0.040876, 0.999163, 0.121236, 0.000000, 0.000000, 0.000000, 1.000000, 0.001482, -0.040925, 0.999161, 0.190240, -0.590418, -0.806457, -0.032156, 0.002301, 0.807096, -0.589875, -0.025358, 0.250291, 0.000000, 0.000000, 0.000000, 1.000000, -0.074200, -0.040981, -0.996401, 0.101759, -0.996718, -0.029387, 0.075432, 0.008800, -0.032373, 0.998728, -0.038666, -0.001674, 0.000000, 0.000000, 0.000000, 1.000000
-9.9668, 6.6981, 6.7674, 121.2507, 190.2548, 2.3018, 250.2921, 101.7595, 8.8006, -1.6742, 0.590419, 0.806455, 0.032183, 0.006698, -0.807096, 0.589879, 0.025295, 0.006767, 0.001415, -0.040909, 0.999162, 0.121251, 0.000000, 0.000000, 0.000000, 1.000000, 0.001481, -0.040959, 0.999160, 0.190255, -0.590419, -0.806455, -0.032184, 0.002302, 0.807096, -0.589875, -0.025377, 0.250292, 0.000000, 0.000000, 0.000000, 1.000000, -0.074200, -0.040981, -0.996401, 0.101759, -0.996718, -0.029389, 0.075432, 0.008801, -0.032374, 0.998728, -0.038666, -0.001674, 0.000000, 0.000000, 0.000000, 1.000000
-9.9648, 6.6973, 6.7660, 121.2658, 190.2700, 2.3026, 250.2936, 101.7596, 8.8013, -1.6742, 0.590420, 0.806453, 0.032211, 0.006697, -0.807095, 0.589879, 0.025314, 0.006766, 0.001414, -0.040944, 0.999160, 0.121266, 0.000000, 0.000000, 0.000000, 1.000000, 0.001480, -0.040993, 0.999158, 0.190270, -0.590420, -0.806453, -0.032212, 0.002303, 0.807095, -0.589876, -0.025396, 0.250294, 0.000000, 0.000000, 0.000000, 1.000000, -0.074200, -0.040981, -0.996401, 0.101760, -0.996718, -0.029390, 0.075432, 0.008801, -0.032376, 0.998728, -0.038666, -0.001674, 0.000000, 0.000000, 0.000000, 1.000000
-9.9627, 6.6965, 6.7646, 121.2814, 190.2855, 2.3034, 250.2950, 101.7597, 8.8021, -1.6742, 0.590422, 0.806451, 0.032240, 0.006696, -0.807094, 0.589879, 0.025334, 0.006765, 0.001413, -0.040979, 0.999159, 0.121281, 0.000000, 0.000000, 0.000000, 1.000000, 0.001479, -0.041028, 0.999157, 0.190286, -0.590422, -0.806451, -0.032241, 0.002303, 0.807094, -0.589876, -0.025417, 0.250295, 0.000000, 0.000000, 0.000000, 1.000000, -0.074200, -0.040981, -0.996401, 0.101760, -0.996718, -0.029392, 0.075433, 0.008802, -0.032378, 0.998728, -0.038666, -0.001674, 0.000000, 0.000000, 0.000000, 1.000000
-9.9541, 6.6930, 6.7591, 121.3468, 190.3510, 2.3069, 250.3006, 101.7601, 8.8052, -1.6743, 0.590426, 0.806442, 0.032362, 0.006693, -0.807090, 0.589881, 0.025420, 0.006759, 0.001410, -0.041128, 0.999153, 0.121347, 0.000000, 0.000000, 0.000000, 1.000000, 0.001476, -0.041177, 0.999151, 0.190351, -0.590426, -0.806442, -0.032363, 0.002307, 0.807090, -0.589877, -0.025502, 0.250301, 0.000000, 0.000000, 0.000000, 1.000000, -0.074201, -0.040981, -0.996401, 0.101760, -0.996717, -0.029400, 0.075434, 0.008805, -0.032385, 0.998727, -0.038665, -0.001674, 0.000000, 0.000000, 0.000000, 1.000000
-9.9496, 6.6911, 6.7564, 121.3812, 190.3853, 2.3088, 250.3033, 101.7604, 8.8069, -1.6744, 0.590429, 0.806438, 0.032426, 0.006691, -0.807089, 0.589881, 0.025466, 0.006756, 0.001409, -0.041207, 0.999150, 0.121381, 0.000000, 0.000000, 0.000000, 1.000000, 0.001475, -0.041256, 0.999148, 0.190385, -0.590429, -0.806438, -0.032427, 0.002309, 0.807088, -0.589878, -0.025548, 0.250303, 0.000000, 0.000000, 0.000000, 1.000000, -0.074202, -0.040981, -0.996401, 0.101760, -0.996717, -0.029403, 0.075435, 0.008807, -0.032389, 0.998727, -0.038665, -0.001674, 0.000000, 0.000000, 0.000000, 1.000000
-9.9473, 6.6901, 6.7551, 121.3988, 190.4029, 2.3097, 250.3046, 101.7605, 8.8077, -1.6744, 0.590430, 0.806436, 0.032459, 0.006690, -0.807088, 0.589881, 0.025490, 0.006755, 0.001409, -0.041247, 0.999148, 0.121399, 0.000000, 0.000000, 0.000000, 1.000000, 0.001474, -0.041296, 0.999146, 0.190403, -0.590430, -0.806436, -0.032460, 0.002310, 0.807088, -0.589878, -0.025571, 0.250305, 0.000000, 0.000000, 0.000000, 1.000000, -0.074202, -0.040981, -0.996401, 0.101761, -0.996717, -0.029405, 0.075435, 0.008808, -0.032391, 0.998727, -0.038665, -0.001674, 0.000000, 0.000000, 0.000000, 1.000000
-9.9426, 6.6881, 6.7525, 121.4346, 190.4387, 2.3117, 250.3072, 101.7608, 8.8094, -1.6745, 0.590432, 0.806432, 0.032525, 0.006688, -0.807086, 0.589881, 0.025538, 0.006752, 0.001409, -0.041329, 0.999145, 0.121435, 0.000000, 0.000000, 0.000000, 1.000000, 0.001474, -0.041378, 0.999142, 0.190439, -0.590432, -0.806432, -0.032526, 0.002312, 0.807086, -0.589878, -0.025620, 0.250307, 0.000000, 0.000000, 0.000000, 1.000000, -0.074203, -0.040981, -0.996401, 0.101761, -0.996717, -0.029409, 0.075436, 0.008809, -0.032395, 0.998727, -0.038665, -0.001674, 0.000000, 0.000000, 0.000000, 1.000000
-9.9402, 6.6871, 6.7512, 121.4528, 190.4569, 2.3128, 250.3085, 101.7609, 8.8103, -1.6745, 0.590433, 0.806430, 0.032559, 0.006687, -0.807085, 0.589881, 0.025563, 0.006751, 0.001409, -0.041371, 0.999143, 0.121453, 0.000000, 0.000000, 0.000000, 1.000000, 0.001474, -0.041420, 0.999141, 0.190457, -0.590433, -0.806430, -0.032560, 0.002313, 0.807085, -0.589878, -0.025644, 0.250308, 0.000000, 0.000000, 0.000000, 1.000000, -0.074203, -0.040981, -0.996401, 0.101761, -0.996717, -0.029411, 0.075436, 0.008810, -0.032397, 0.998727, -0.038664, -0.001675, 0.000000, 0.000000, 0.000000, 1.000000
-9.9354, 6.6850, 6.7487, 121.4897, 190.4938, 2.3148, 250.3110, 101.7612, 8.8120, -1.6746, 0.590435, 0.806425, 0.032627, 0.006685, -0.807084, 0.589881, 0.025613, 0.006749, 0.001409, -0.041456, 0.999139, 0.121490, 0.000000, 0.000000, 0.000000, 1.000000, 0.001474, -0.041505, 0.999137, 0.190494, -0.590435, -0.806425, -0.032628, 0.002315, 0.807084, -0.589878, -0.025695, 0.250311, 0.000000, 0.000000, 0.000000, 1.000000, -0.074203, -0.040982, -0.996401, 0.101761, -0.996717, -0.029416, 0.075437, 0.008812, -0.032401, 0.998727, -0.038664, -0.001675, 0.000000, 0.000000, 0.000000, 1.000000
-9.9306, 6.6829, 6.7463, 121.5271, 190.5312, 2.3170, 250.3134, 101.7615, 8.8138, -1.6747, 0.590437, 0.806421, 0.032696, 0.006683, -0.807082, 0.589881, 0.025665, 0.006746, 0.001410, -0.041542, 0.999136, 0.121527, 0.000000, 0.000000, 0.000000, 1.000000, 0.001475, -0.041591, 0.999134, 0.190531, -0.590437, -0.806421, -0.032697, 0.002317, 0.807082, -0.589877, -0.025746, 0.250313, 0.000000, 0.000000, 0.000000, 1.000000, -0.074204, -0.040982, -0.996401, 0.101761, -0.996716, -0.029420, 0.075437, 0.008814, -0.032405, 0.998727, -0.038664, -0.001675, 0.000000, 0.000000, 0.000000, 1.000000
-9.9257, 6.6807, 6.7440, 121.5649, 190.5690, 2.3191, 250.3158, 101.7618, 8.8156, -1.6747, 0.590439, 0.806417, 0.032766, 0.006681, -0.807081, 0.589880, 0.025717, 0.006744, 0.001411, -0.041629, 0.999132, 0.121565, 0.000000, 0.000000, 0.000000, 1.000000, 0.001476, -0.041678, 0.999130, 0.190569, -0.590439, -0.806417, -0.032767, 0.002319, 0.807081, -0.589877, -0.025798, 0.250316, 0.000000, 0.000000, 0.000000, 1.000000, -0.074204, -0.040982, -0.996401, 0.101762, -0.996716, -0.029424, 0.075438, 0.008816, -0.032410, 0.998727, -0.038664, -0.001675, 0.000000, 0.000000, 0.000000, 1.000000
-9.9232, 6.6796, 6.7428, 121.5839, 190.5880, 2.3202, 250.3170, 101.7619, 8.8165, -1.6748, 0.590440, 0.806415, 0.032801, 0.006680, -0.807080, 0.589880, 0.025744, 0.006743, 0.001411, -0.041673, 0.999130, 0.121584, 0.000000, 0.000000, 0.000000, 1.000000, 0.001476, -0.041722, 0.999128, 0.190588, -0.590440, -0.806415, -0.032802, 0.002320, 0.807080, -0.589877, -0.025825, 0.250317, 0.000000, 0.000000, 0.000000, 1.000000, -0.074205, -0.040982, -0.996401, 0.101762, -0.996716, -0.029426, 0.075439, 0.008816, -0.032412, 0.998726, -0.038664, -0.001675, 0.000000, 0.000000, 0.000000, 1.000000
-9.9183, 6.6774, 6.7406, 121.6220, 190.6261, 2.3224, 250.3192, 101.7622, 8.8183, -1.6749, 0.590442, 0.806411, 0.032871, 0.006677, -0.807079, 0.589879, 0.025797, 0.006741, 0.001413, -0.041761, 0.999127, 0.121622, 0.000000, 0.000000, 0.000000, 1.000000, 0.001477, -0.041809, 0.999125, 0.190626, -0.590442, -0.806411, -0.032872, 0.002322, 0.807079, -0.589876, -0.025878, 0.250319, 0.000000, 0.000000, 0.000000, 1.000000, -0.074205, -0.040982, -0.996401, 0.101762, -0.996716, -0.029430, 0.075439, 0.008818, -0.032416, 0.998726, -0.038663, -0.001675, 0.000000, 0.000000, 0.000000, 1.000000
-9.9158, 6.6763, 6.7395, 121.6411, 190.6452, 2.3235, 250.3203, 101.7624, 8.8192, -1.6749, 0.590442, 0.806409, 0.032906, 0.006676, -0.807079, 0.589879, 0.025823, 0.006739, 0.001413, -0.041805, 0.999125, 0.121641, 0.000000, 0.000000, 0.000000, 1.000000, 0.001478, -0.041854, 0.999123, 0.190645, -0.590442, -0.806409, -0.032907, 0.002324, 0.807078, -0.589876, -0.025904, 0.250320, 0.000000, 0.000000, 0.000000, 1.000000, -0.074206, -0.040982, -0.996401, 0.101762, -0.996716, -0.029432, 0.075440, 0.008819, -0.032418, 0.998726, -0.038663, -0.001675, 0.000000, 0.000000, 0.000000, 1.000000
-9.9109, 6.6741, 6.7373, 121.6793, 190.6833, 2.3257, 250.3225, 101.7627, 8.8210, -1.6750, 0.590444, 0.806405, 0.032977, 0.006674, -0.807077, 0.589878, 0.025877, 0.006737, 0.001415, -0.041893, 0.999121, 0.121679, 0.000000, 0.000000, 0.000000, 1.000000, 0.001480, -0.041942, 0.999119, 0.190683, -0.590444, -0.806405, -0.032977, 0.002326, 0.807077, -0.589875, -0.025957, 0.250323, 0.000000, 0.000000, 0.000000, 1.000000, -0.074206, -0.040982, -0.996400, 0.101763, -0.996716, -0.029437, 0.075440, 0.008821, -0.032422, 0.998726, -0.038663, -0.001675, 0.000000, 0.000000, 0.000000, 1.000000
-9.9060, 6.6719, 6.7352, 121.7173, 190.7213, 2.3279, 250.3247, 101.7629, 8.8227, -1.6751, 0.590445, 0.806401, 0.033047, 0.006672, -0.807076, 0.589878, 0.025930, 0.006735, 0.001417, -0.041981, 0.999117, 0.121717, 0.000000, 0.000000, 0.000000, 1.000000, 0.001481, -0.042030, 0.999115, 0.190721, -0.590445, -0.806401, -0.033047, 0.002328, 0.807076, -0.589874, -0.026010, 0.250325, 0.000000, 0.000000, 0.000000, 1.000000, -0.074207, -0.040982, -0.996400, 0.101763, -0.996716, -0.029441, 0.075441, 0.008823, -0.032427, 0.998726, -0.038663, -0.001675, 0.000000, 0.000000, 0.000000, 1.000000
-9.9036, 6.6708, 6.7342, 121.7362, 190.7402, 2.3290, 250.3257, 101.7631, 8.8236, -1.6751, 0.590446, 0.806399, 0.033081, 0.006671, -0.807076, 0.589877, 0.025957, 0.006734, 0.001418, -0.042025, 0.999116, 0.121736, 0.000000, 0.000000, 0.000000, 1.000000, 0.001482, -0.042073, 0.999113, 0.190740, -0.590446, -0.806399, -0.033082, 0.002329, 0.807076, -0.589874, -0.026037, 0.250326, 0.000000, 0.000000, 0.000000, 1.000000, -0.074207, -0.040982, -0.996400, 0.101763, -0.996715, -0.029443, 0.075441, 0.008824, -0.032429, 0.998726, -0.038663, -0.001675, 0.000000, 0.000000, 0.000000, 1.000000
-9.8987, 6.6686, 6.7322, 121.7739, 190.7779, 2.3312, 250.3278, 101.7634, 8.8254, -1.6752, 0.590448, 0.806395, 0.033151, 0.006669, -0.807075, 0.589876, 0.026010, 0.006732, 0.001419, -0.042113, 0.999112, 0.121774, 0.000000, 0.000000, 0.000000, 1.000000, 0.001483, -0.042161, 0.999110, 0.190778, -0.590448, -0.806395, -0.033152, 0.002331, 0.807075, -0.589873, -0.026090, 0.250328, 0.000000, 0.000000, 0.000000, 1.000000, -0.074207, -0.040982, -0.996400, 0.101763, -0.996715, -0.029447, 0.075442, 0.008825, -0.032433, 0.998726, -0.038663, -0.001675, 0.000000, 0.000000, 0.000000, 1.000000
-9.8963, 6.6676, 6.7312, 121.7926, 190.7966, 2.3323, 250.3288, 101.7635, 8.8263, -1.6752, 0.590448, 0.806393, 0.033185, 0.006668, -0.807074, 0.589876, 0.026036, 0.006731, 0.001420, -0.042156, 0.999110, 0.121793, 0.000000, 0.000000, 0.000000, 1.000000, 0.001484, -0.042204, 0.999108, 0.190797, -0.590448, -0.806393, -0.033186, 0.002332, 0.807074, -0.589872, -0.026116, 0.250329, 0.000000, 0.000000, 0.000000, 1.000000, -0.074208, -0.040982, -0.996400, 0.101764, -0.996715, -0.029449, 0.075442, 0.008826, -0.032435, 0.998726, -0.038662, -0.001675, 0.000000, 0.000000, 0.000000, 1.000000
-9.8916, 6.6654, 6.7292, 121.8297, 190.8337, 2.3345, 250.3307, 101.7638, 8.8280, -1.6753, 0.590449, 0.806389, 0.033254, 0.006665, -0.807073, 0.589874, 0.026089, 0.006729, 0.001422, -0.042242, 0.999106, 0.121830, 0.000000, 0.000000, 0.000000, 1.000000, 0.001486, -0.042290, 0.999104, 0.190834, -0.590449, -0.806389, -0.033254, 0.002334, 0.807073, -0.589871, -0.026168, 0.250331, 0.000000, 0.000000, 0.000000, 1.000000, -0.074208, -0.040983, -0.996400, 0.101764, -0.996715, -0.029454, 0.075443, 0.008828, -0.032439, 0.998726, -0.038662, -0.001675, 0.000000, 0.000000, 0.000000, 1.000000
-9.8892, 6.6643, 6.7283, 121.8481, 190.8521, 2.3355, 250.3317, 101.7640, 8.8289, -1.6753, 0.590450, 0.806387, 0.033287, 0.006664, -0.807073, 0.589874, 0.026115, 0.006728, 0.001423, -0.042285, 0.999105, 0.121848, 0.000000, 0.000000, 0.000000, 1.000000, 0.001487, -0.042333, 0.999102, 0.190852, -0.590450, -0.806387, -0.033288, 0.002336, 0.807073, -0.589871, -0.026194, 0.250332, 0.000000, 0.000000, 0.000000, 1.000000, -0.074208, -0.040983, -0.996400, 0.101764, -0.996715, -0.029456, 0.075443, 0.008829, -0.032441, 0.998726, -0.038662, -0.001675, 0.000000, 0.000000, 0.000000, 1.000000
-9.8845, 6.6622, 6.7264, 121.8846, 190.8886, 2.3377, 250.3337, 101.7643, 8.8306, -1.6754, 0.590451, 0.806384, 0.033355, 0.006662, -0.807072, 0.589873, 0.026166, 0.006726, 0.001425, -0.042369, 0.999101, 0.121885, 0.000000, 0.000000, 0.000000, 1.000000, 0.001489, -0.042417, 0.999099, 0.190889, -0.590451, -0.806384, -0.033356, 0.002338, 0.807072, -0.589869, -0.026245, 0.250334, 0.000000, 0.000000, 0.000000, 1.000000, -0.074209, -0.040983, -0.996400, 0.101764, -0.996715, -0.029460, 0.075444, 0.008831, -0.032445, 0.998725, -0.038662, -0.001675, 0.000000, 0.000000, 0.000000, 1.000000
-9.8822, 6.6611, 6.7255, 121.9027, 190.9066, 2.3387, 250.3346, 101.7644, 8.8315, -1.6754, 0.590452, 0.806382, 0.033388, 0.006661, -0.807072, 0.589872, 0.026192, 0.006725, 0.001426, -0.042411, 0.999099, 0.121903, 0.000000, 0.000000, 0.000000, 1.000000, 0.001489, -0.042459, 0.999097, 0.190907, -0.590452, -0.806382, -0.033389, 0.002339, 0.807072, -0.589869, -0.026271, 0.250335, 0.000000, 0.000000, 0.000000, 1.000000, -0.074209, -0.040983, -0.996400, 0.101764, -0.996715, -0.029462, 0.075444, 0.008831, -0.032448, 0.998725, -0.038662, -0.001675, 0.000000, 0.000000, 0.000000, 1.000000
-9.8753, 6.6580, 6.7227, 121.9560, 190.9599, 2.3418, 250.3374, 101.7648, 8.8340, -1.6756, 0.590453, 0.806377, 0.033486, 0.006658, -0.807071, 0.589870, 0.026267, 0.006723, 0.001429, -0.042535, 0.999094, 0.121956, 0.000000, 0.000000, 0.000000, 1.000000, 0.001492, -0.042582, 0.999092, 0.190960, -0.590453, -0.806377, -0.033487, 0.002342, 0.807070, -0.589867, -0.026346, 0.250337, 0.000000, 0.000000, 0.000000, 1.000000, -0.074210, -0.040983, -0.996400, 0.101765, -0.996714, -0.029468, 0.075445, 0.008834, -0.032453, 0.998725, -0.038662, -0.001676, 0.000000, 0.000000, 0.000000, 1.000000
-9.8731, 6.6566, 6.7238, 121.9745, 190.9785, 2.3433, 250.3364, 101.7650, 8.8348, -1.6756, 0.590452, 0.806376, 0.033517, 0.006657, -0.807071, 0.589868, 0.026300, 0.006724, 0.001437, -0.042579, 0.999092, 0.121975, 0.000000, 0.000000, 0.000000, 1.000000, 0.001500, -0.042627, 0.999090, 0.190979, -0.590452, -0.806376, -0.033518, 0.002343, 0.807071, -0.589865, -0.026378, 0.250336, 0.000000, 0.000000, 0.000000, 1.000000, -0.074210, -0.040983, -0.996400, 0.101765, -0.996714, -0.029470, 0.075445, 0.008835, -0.032455, 0.998725, -0.038662, -0.001676, 0.000000, 0.000000, 0.000000, 1.000000
-9.8709, 6.6552, 6.7247, 121.9929, 190.9968, 2.3447, 250.3354, 101.7652, 8.8356, -1.6757, 0.590451, 0.806376, 0.033548, 0.006655, -0.807072, 0.589866, 0.026331, 0.006725, 0.001444, -0.042623, 0.999090, 0.121993, 0.000000, 0.000000, 0.000000, 1.000000, 0.001507, -0.042670, 0.999088, 0.190997, -0.590451, -0.806376, -0.033549, 0.002345, 0.807072, -0.589862, -0.026410, 0.250335, 0.000000, 0.000000, 0.000000, 1.000000, -0.074210, -0.040984, -0.996400, 0.101765, -0.996714, -0.029471, 0.075446, 0.008836, -0.032457, 0.998725, -0.038662, -0.001676, 0.000000, 0.000000, 0.000000, 1.000000
-9.8644, 6.6511, 6.7271, 122.0464, 191.0504, 2.3487, 250.3330, 101.7657, 8.8379, -1.6758, 0.590449, 0.806374, 0.033639, 0.006651, -0.807074, 0.589859, 0.026423, 0.006727, 0.001465, -0.042751, 0.999085, 0.122046, 0.000000, 0.000000, 0.000000, 1.000000, 0.001528, -0.042798, 0.999083, 0.191050, -0.590449, -0.806374, -0.033640, 0.002349, 0.807074, -0.589856, -0.026502, 0.250333, 0.000000, 0.000000, 0.000000, 1.000000, -0.074211, -0.040984, -0.996400, 0.101766, -0.996714, -0.029477, 0.075446, 0.008838, -0.032463, 0.998725, -0.038662, -0.001676, 0.000000, 0.000000, 0.000000, 1.000000
-9.8644, 6.6511, 6.7271, 122.0464, 191.0504, 2.3487, 250.3330, 101.7657, 8.8379, -1.6758, 0.590449, 0.806374, 0.033639, 0.006651, -0.807074, 0.589859, 0.026423, 0.006727, 0.001465, -0.042751, 0.999085, 0.122046, 0.000000, 0.000000, 0.000000, 1.000000, 0.001528, -0.042798, 0.999083, 0.191050, -0.590449, -0.806374, -0.033640, 0.002349, 0.807074, -0.589856, -0.026502, 0.250333, 0.000000, 0.000000, 0.000000, 1.000000, -0.074211, -0.040984, -0.996400, 0.101766, -0.996714, -0.029477, 0.075446, 0.008838, -0.032463, 0.998725, -0.038662, -0.001676, 0.000000, 0.000000, 0.000000, 1.000000
-9.8602, 6.6486, 6.7282, 122.0810, 191.0850, 2.3513, 250.3318, 101.7660, 8.8395, -1.6760, 0.590447, 0.806373, 0.033698, 0.006649, -0.807075, 0.589855, 0.026481, 0.006728, 0.001477, -0.042833, 0.999081, 0.122081, 0.000000, 0.000000, 0.000000, 1.000000, 0.001540, -0.042880, 0.999079, 0.191085, -0.590447, -0.806372, -0.033699, 0.002351, 0.807075, -0.589851, -0.026560, 0.250332, 0.000000, 0.000000, 0.000000, 1.000000, -0.074211, -0.040985, -0.996400, 0.101766, -0.996714, -0.029481, 0.075447, 0.008839, -0.032467, 0.998725, -0.038662, -0.001676, 0.000000, 0.000000, 0.000000, 1.000000
-9.8540, 6.6450, 6.7291, 122.1311, 191.1351, 2.3548, 250.3309, 101.7665, 8.8417, -1.6761, 0.590445, 0.806370, 0.033785, 0.006645, -0.807076, 0.589849, 0.026562, 0.006729, 0.001491, -0.042951, 0.999076, 0.122131, 0.000000, 0.000000, 0.000000, 1.000000, 0.001555, -0.042998, 0.999074, 0.191135, -0.590445, -0.806370, -0.033786, 0.002355, 0.807076, -0.589846, -0.026642, 0.250331, 0.000000, 0.000000, 0.000000, 1.000000, -0.074211, -0.040985, -0.996400, 0.101767, -0.996714, -0.029486, 0.075448, 0.008842, -0.032472, 0.998725, -0.038662, -0.001676, 0.000000, 0.000000, 0.000000, 1.000000
-9.8520, 6.6439, 6.7292, 122.1474, 191.1514, 2.3560, 250.3308, 101.7666, 8.8425, -1.6762, 0.590445, 0.806369, 0.033814, 0.006644, -0.807077, 0.589848, 0.026588, 0.006729, 0.001495, -0.042989, 0.999074, 0.122147, 0.000000, 0.000000, 0.000000, 1.000000, 0.001559, -0.043037, 0.999072, 0.191151, -0.590445, -0.806369, -0.033814, 0.002356, 0.807076, -0.589844, -0.026667, 0.250331, 0.000000, 0.000000, 0.000000, 1.000000, -0.074212, -0.040985, -0.996400, 0.101767, -0.996714, -0.029488, 0.075448, 0.008842, -0.032474, 0.998725, -0.038662, -0.001676, 0.000000, 0.000000, 0.000000, 1.000000
-9.8480, 6.6417, 6.7291, 122.1793, 191.1833, 2.3581, 250.3309, 101.7669, 8.8439, -1.6762, 0.590444, 0.806367, 0.033870, 0.006642, -0.807077, 0.589845, 0.026638, 0.006729, 0.001502, -0.043064, 0.999071, 0.122179, 0.000000, 0.000000, 0.000000, 1.000000, 0.001565, -0.043111, 0.999069, 0.191183, -0.590444, -0.806367, -0.033871, 0.002358, 0.807077, -0.589841, -0.026717, 0.250331, 0.000000, 0.000000, 0.000000, 1.000000, -0.074212, -0.040986, -0.996400, 0.101767, -0.996714, -0.029491, 0.075448, 0.008844, -0.032477, 0.998724, -0.038662, -0.001676, 0.000000, 0.000000, 0.000000, 1.000000
-9.8461, 6.6407, 6.7289, 122.1950, 191.1989, 2.3592, 250.3311, 101.7671, 8.8446, -1.6763, 0.590444, 0.806366, 0.033898, 0.006641, -0.807077, 0.589844, 0.026662, 0.006729, 0.001504, -0.043100, 0.999070, 0.122195, 0.000000, 0.000000, 0.000000, 1.000000, 0.001568, -0.043148, 0.999067, 0.191199, -0.590444, -0.806366, -0.033899, 0.002359, 0.807077, -0.589840, -0.026741, 0.250331, 0.000000, 0.000000, 0.000000, 1.000000, -0.074212, -0.040986, -0.996400, 0.101767, -0.996713, -0.029493, 0.075449, 0.008845, -0.032479, 0.998724, -0.038662, -0.001676, 0.000000, 0.000000, 0.000000, 1.000000
-9.8422, 6.6387, 6.7282, 122.2257, 191.2297, 2.3611, 250.3318, 101.7673, 8.8461, -1.6764, 0.590444, 0.806364, 0.033953, 0.006639, -0.807078, 0.589841, 0.026707, 0.006728, 0.001509, -0.043172, 0.999067, 0.122226, 0.000000, 0.000000, 0.000000, 1.000000, 0.001572, -0.043220, 0.999064, 0.191230, -0.590444, -0.806364, -0.033954, 0.002361, 0.807077, -0.589838, -0.026787, 0.250332, 0.000000, 0.000000, 0.000000, 1.000000, -0.074212, -0.040986, -0.996400, 0.101767, -0.996713, -0.029496, 0.075449, 0.008846, -0.032483, 0.998724, -0.038662, -0.001676, 0.000000, 0.000000, 0.000000, 1.000000
-9.8383, 6.6369, 6.7272, 122.2558, 191.2598, 2.3630, 250.3328, 101.7676, 8.8475, -1.6764, 0.590444, 0.806362, 0.034008, 0.006637, -0.807078, 0.589839, 0.026751, 0.006727, 0.001512, -0.043242, 0.999063, 0.122256, 0.000000, 0.000000, 0.000000, 1.000000, 0.001575, -0.043289, 0.999061, 0.191260, -0.590444, -0.806362, -0.034009, 0.002363, 0.807077, -0.589836, -0.026830, 0.250333, 0.000000, 0.000000, 0.000000, 1.000000, -0.074213, -0.040986, -0.996400, 0.101768, -0.996713, -0.029500, 0.075450, 0.008847, -0.032486, 0.998724, -0.038662, -0.001676, 0.000000, 0.000000, 0.000000, 1.000000
-9.8364, 6.6360, 6.7265, 122.2707, 191.2747, 2.3639, 250.3335, 101.7677, 8.8482, -1.6765, 0.590444, 0.806361, 0.034035, 0.006636, -0.807077, 0.589838, 0.026772, 0.006726, 0.001512, -0.043276, 0.999062, 0.122271, 0.000000, 0.000000, 0.000000, 1.000000, 0.001576, -0.043324, 0.999060, 0.191275, -0.590444, -0.806361, -0.034036, 0.002364, 0.807077, -0.589835, -0.026851, 0.250334, 0.000000, 0.000000, 0.000000, 1.000000, -0.074213, -0.040986, -0.996400, 0.101768, -0.996713, -0.029501, 0.075450, 0.008848, -0.032488, 0.998724, -0.038662, -0.001676, 0.000000, 0.000000, 0.000000, 1.000000
-9.8345, 6.6351, 6.7257, 122.2853, 191.2893, 2.3647, 250.3343, 101.7678, 8.8488, -1.6765, 0.590444, 0.806360, 0.034062, 0.006635, -0.807077, 0.589837, 0.026792, 0.006726, 0.001513, -0.043310, 0.999061, 0.122285, 0.000000, 0.000000, 0.000000, 1.000000, 0.001577, -0.043357, 0.999058, 0.191289, -0.590444, -0.806360, -0.034063, 0.002365, 0.807077, -0.589834, -0.026871, 0.250334, 0.000000, 0.000000, 0.000000, 1.000000, -0.074213, -0.040986, -0.996400, 0.101768, -0.996713, -0.029503, 0.075450, 0.008849, -0.032489, 0.998724, -0.038662, -0.001676, 0.000000, 0.000000, 0.000000, 1.000000
-9.8326, 6.6343, 6.7249, 122.2999, 191.3039, 2.3656, 250.3351, 101.7679, 8.8495, -1.6765, 0.590444, 0.806358, 0.034089, 0.006634, -0.807077, 0.589837, 0.026812, 0.006725, 0.001513, -0.043343, 0.999059, 0.122300, 0.000000, 0.000000, 0.000000, 1.000000, 0.001577, -0.043391, 0.999057, 0.191304, -0.590444, -0.806358, -0.034090, 0.002366, 0.807077, -0.589833, -0.026891, 0.250335, 0.000000, 0.000000, 0.000000, 1.000000, -0.074213, -0.040987, -0.996400, 0.101768, -0.996713, -0.029505, 0.075450, 0.008850, -0.032491, 0.998724, -0.038662, -0.001677, 0.000000, 0.000000, 0.000000, 1.000000
-9.8270, 6.6319, 6.7219, 122.3428, 191.3468, 2.3680, 250.3381, 101.7683, 8.8516, -1.6766, 0.590445, 0.806354, 0.034169, 0.006632, -0.807077, 0.589835, 0.026869, 0.006722, 0.001512, -0.043442, 0.999055, 0.122343, 0.000000, 0.000000, 0.000000, 1.000000, 0.001576, -0.043489, 0.999053, 0.191347, -0.590445, -0.806354, -0.034170, 0.002368, 0.807076, -0.589832, -0.026948, 0.250338, 0.000000, 0.000000, 0.000000, 1.000000, -0.074214, -0.040987, -0.996400, 0.101768, -0.996713, -0.029509, 0.075451, 0.008852, -0.032496, 0.998724, -0.038662, -0.001677, 0.000000, 0.000000, 0.000000, 1.000000
