# Joint_4_Angle(deg), Cam_X(mm), Cam_Y(mm), Cam_Z(mm), Torso_X(mm), Torso_Y(mm), Torso_Z(mm), EE_X(mm), EE_Y(mm), EE_Z(mm), T_cam2marker_flat(16), T_torso2marker_flat(16), T_ee2marker_flat(16)
-29.9994, 28.1580, 24.7420, 233.2045, 255.2006, -28.1584, 175.2958, 142.4205, -15.1928, 23.8465, 0.412192, -0.702994, -0.579566, 0.028158, 0.719345, 0.641495, -0.266508, 0.024742, 0.559142, -0.307056, 0.770115, 0.233204, 0.000000, 0.000000, 0.000000, 1.000000, 0.559032, -0.307153, 0.770156, 0.255201, -0.412193, 0.702995, 0.579565, -0.028158, -0.719431, -0.641448, 0.266390, 0.175296, 0.000000, 0.000000, 0.000000, 1.000000, -0.003931, 0.099315, -0.995048, 0.142420, -0.998762, -0.049728, -0.001018, -0.015193, -0.049583, 0.993813, 0.099387, 0.023847, 0.000000, 0.000000, 0.000000, 1.000000
-29.9994, 28.1579, 24.7411, 233.2041, 255.2003, -28.1583, 175.2967, 142.4205, -15.1926, 23.8465, 0.412192, -0.702994, -0.579567, 0.028158, 0.719344, 0.641496, -0.266510, 0.024741, 0.559144, -0.307054, 0.770114, 0.233204, 0.000000, 0.000000, 0.000000, 1.000000, 0.559034, -0.307151, 0.770156, 0.255200, -0.412193, 0.702994, 0.579565, -0.028158, -0.719429, -0.641449, 0.266392, 0.175297, 0.000000, 0.000000, 0.000000, 1.000000, -0.003931, 0.099315, -0.995048, 0.142421, -0.998762, -0.049728, -0.001018, -0.015193, -0.049583, 0.993813, 0.099387, 0.023846, 0.000000, 0.000000, 0.000000, 1.000000
-29.9994, 28.1578, 24.7406, 233.2039, 255.2001, -28.1582, 175.2972, 142.4206, -15.1925, 23.8465, 0.412192, -0.702994, -0.579567, 0.028158, 0.719343, 0.641497, -0.266511, 0.024741, 0.559146, -0.307053, 0.770113, 0.233204, 0.000000, 0.000000, 0.000000, 1.000000, 0.559035, -0.307150, 0.770155, 0.255200, -0.412193, 0.702994, 0.579565, -0.028158, -0.719428, -0.641450, 0.266393, 0.175297, 0.000000, 0.000000, 0.000000, 1.000000, -0.003931, 0.099315, -0.995048, 0.142421, -0.998762, -0.049728, -0.001018, -0.015192, -0.049583, 0.993813, 0.099387, 0.023846, 0.000000, 0.000000, 0.000000, 1.000000
-29.9994, 28.1576, 24.7393, 233.2034, 255.1996, -28.1580, 175.2985, 142.4207, -15.1922, 23.8465, 0.412192, -0.702993, -0.579567, 0.028158, 0.719340, 0.641498, -0.266513, 0.024739, 0.559148, -0.307051, 0.770112, 0.233203, 0.000000, 0.000000, 0.000000, 1.000000, 0.559038, -0.307148, 0.770154, 0.255200, -0.412193, 0.702994, 0.579566, -0.028158, -0.719426, -0.641451, 0.266396, 0.175298, 0.000000, 0.000000, 0.000000, 1.000000, -0.003931, 0.099315, -0.995048, 0.142421, -0.998762, -0.049728, -0.001018, -0.015192, -0.049583, 0.993813, 0.099387, 0.023846, 0.000000, 0.000000, 0.000000, 1.000000
-29.9994, 28.1574, 24.7378, 233.2028, 255.1989, -28.1578, 175.3000, 142.4208, -15.1919, 23.8465, 0.412193, -0.702993, -0.579567, 0.028157, 0.719338, 0.641500, -0.266516, 0.024738, 0.559152, -0.307049, 0.770111, 0.233203, 0.000000, 0.000000, 0.000000, 1.000000, 0.559041, -0.307145, 0.770153, 0.255199, -0.412194, 0.702993, 0.579566, -0.028158, -0.719423, -0.641453, 0.266399, 0.175300, 0.000000, 0.000000, 0.000000, 1.000000, -0.003931, 0.099315, -0.995048, 0.142421, -0.998762, -0.049728, -0.001018, -0.015192, -0.049583, 0.993813, 0.099387, 0.023846, 0.000000, 0.000000, 0.000000, 1.000000
-29.9994, 28.1573, 24.7370, 233.2024, 255.1986, -28.1577, 175.3008, 142.4208, -15.1917, 23.8465, 0.412193, -0.702993, -0.579568, 0.028157, 0.719336, 0.641501, -0.266518, 0.024737, 0.559153, -0.307047, 0.770110, 0.233202, 0.000000, 0.000000, 0.000000, 1.000000, 0.559043, -0.307144, 0.770152, 0.255199, -0.412194, 0.702993, 0.579566, -0.028158, -0.719422, -0.641454, 0.266400, 0.175301, 0.000000, 0.000000, 0.000000, 1.000000, -0.003931, 0.099315, -0.995048, 0.142421, -0.998762, -0.049728, -0.001018, -0.015192, -0.049583, 0.993813, 0.099387, 0.023846, 0.000000, 0.000000, 0.000000, 1.000000
-29.9993, 28.1570, 24.7352, 233.2016, 255.1978, -28.1574, 175.3026, 142.4209, -15.1914, 23.8464, 0.412194, -0.702992, -0.579568, 0.028157, 0.719333, 0.641503, -0.266521, 0.024735, 0.559156, -0.307044, 0.770109, 0.233202, 0.000000, 0.000000, 0.000000, 1.000000, 0.559046, -0.307141, 0.770151, 0.255198, -0.412195, 0.702993, 0.579566, -0.028157, -0.719419, -0.641456, 0.266403, 0.175303, 0.000000, 0.000000, 0.000000, 1.000000, -0.003931, 0.099315, -0.995048, 0.142421, -0.998762, -0.049728, -0.001018, -0.015191, -0.049583, 0.993813, 0.099387, 0.023846, 0.000000, 0.000000, 0.000000, 1.000000
-29.9993, 28.1569, 24.7342, 233.2012, 255.1974, -28.1573, 175.3036, 142.4210, -15.1913, 23.8464, 0.412195, -0.702992, -0.579567, 0.028157, 0.719332, 0.641504, -0.266522, 0.024734, 0.559157, -0.307043, 0.770109, 0.233201, 0.000000, 0.000000, 0.000000, 1.000000, 0.559047, -0.307139, 0.770151, 0.255197, -0.412196, 0.702992, 0.579566, -0.028157, -0.719418, -0.641457, 0.266404, 0.175304, 0.000000, 0.000000, 0.000000, 1.000000, -0.003931, 0.099315, -0.995048, 0.142421, -0.998762, -0.049728, -0.001018, -0.015191, -0.049583, 0.993813, 0.099387, 0.023846, 0.000000, 0.000000, 0.000000, 1.000000
-29.9990, 28.1564, 24.7321, 233.2002, 255.1964, -28.1569, 175.3058, 142.4210, -15.1911, 23.8464, 0.412197, -0.702991, -0.579566, 0.028156, 0.719330, 0.641506, -0.266522, 0.024732, 0.559158, -0.307040, 0.770110, 0.233200, 0.000000, 0.000000, 0.000000, 1.000000, 0.559048, -0.307136, 0.770151, 0.255196, -0.412198, 0.702992, 0.579565, -0.028157, -0.719415, -0.641459, 0.266405, 0.175306, 0.000000, 0.000000, 0.000000, 1.000000, -0.003931, 0.099315, -0.995048, 0.142421, -0.998762, -0.049728, -0.001018, -0.015191, -0.049583, 0.993813, 0.099387, 0.023846, 0.000000, 0.000000, 0.000000, 1.000000
-29.9988, 28.1562, 24.7309, 233.1996, 255.1958, -28.1566, 175.3070, 142.4210, -15.1911, 23.8464, 0.412199, -0.702991, -0.579565, 0.028156, 0.719329, 0.641507, -0.266522, 0.024731, 0.559158, -0.307038, 0.770110, 0.233200, 0.000000, 0.000000, 0.000000, 1.000000, 0.559047, -0.307135, 0.770152, 0.255196, -0.412200, 0.702991, 0.579564, -0.028157, -0.719415, -0.641460, 0.266404, 0.175307, 0.000000, 0.000000, 0.000000, 1.000000, -0.003931, 0.099315, -0.995048, 0.142421, -0.998762, -0.049728, -0.001018, -0.015191, -0.049583, 0.993813, 0.099387, 0.023846, 0.000000, 0.000000, 0.000000, 1.000000
-29.9983, 28.1556, 24.7283, 233.1984, 255.1946, -28.1560, 175.3096, 142.4210, -15.1912, 23.8464, 0.412204, -0.702990, -0.579562, 0.028156, 0.719328, 0.641509, -0.266519, 0.024728, 0.559155, -0.307035, 0.770114, 0.233198, 0.000000, 0.000000, 0.000000, 1.000000, 0.559044, -0.307132, 0.770155, 0.255195, -0.412205, 0.702991, 0.579561, -0.028156, -0.719414, -0.641462, 0.266402, 0.175310, 0.000000, 0.000000, 0.000000, 1.000000, -0.003931, 0.099315, -0.995048, 0.142421, -0.998762, -0.049728, -0.001018, -0.015191, -0.049583, 0.993813, 0.099387, 0.023846, 0.000000, 0.000000, 0.000000, 1.000000
-29.9974, 28.1548, 24.7253, 233.1969, 255.1931, -28.1552, 175.3126, 142.4208, -15.1917, 23.8463, 0.412212, -0.702990, -0.579557, 0.028155, 0.719330, 0.641511, -0.266512, 0.024725, 0.559147, -0.307033, 0.770120, 0.233197, 0.000000, 0.000000, 0.000000, 1.000000, 0.559037, -0.307130, 0.770162, 0.255193, -0.412213, 0.702990, 0.579556, -0.028155, -0.719415, -0.641464, 0.266394, 0.175313, 0.000000, 0.000000, 0.000000, 1.000000, -0.003931, 0.099315, -0.995048, 0.142421, -0.998762, -0.049728, -0.001018, -0.015192, -0.049583, 0.993813, 0.099387, 0.023846, 0.000000, 0.000000, 0.000000, 1.000000
-29.9969, 28.1543, 24.7236, 233.1960, 255.1922, -28.1547, 175.3143, 142.4206, -15.1920, 23.8463, 0.412218, -0.702989, -0.579554, 0.028154, 0.719331, 0.641512, -0.266506, 0.024724, 0.559142, -0.307032, 0.770125, 0.233196, 0.000000, 0.000000, 0.000000, 1.000000, 0.559031, -0.307129, 0.770166, 0.255192, -0.412219, 0.702990, 0.579552, -0.028155, -0.719416, -0.641465, 0.266389, 0.175314, 0.000000, 0.000000, 0.000000, 1.000000, -0.003931, 0.099315, -0.995048, 0.142421, -0.998762, -0.049729, -0.001018, -0.015192, -0.049583, 0.993813, 0.099387, 0.023846, 0.000000, 0.000000, 0.000000, 1.000000
-29.9953, 28.1530, 24.7199, 233.1941, 255.1903, -28.1535, 175.3180, 142.4201, -15.1931, 23.8463, 0.412232, -0.702989, -0.579544, 0.028153, 0.719336, 0.641513, -0.266490, 0.024720, 0.559125, -0.307031, 0.770137, 0.233194, 0.000000, 0.000000, 0.000000, 1.000000, 0.559014, -0.307128, 0.770179, 0.255190, -0.412233, 0.702989, 0.579543, -0.028153, -0.719421, -0.641466, 0.266373, 0.175318, 0.000000, 0.000000, 0.000000, 1.000000, -0.003931, 0.099315, -0.995048, 0.142420, -0.998762, -0.049729, -0.001018, -0.015193, -0.049584, 0.993813, 0.099388, 0.023846, 0.000000, 0.000000, 0.000000, 1.000000
-29.9944, 28.1523, 24.7178, 233.1930, 255.1892, -28.1527, 175.3201, 142.4198, -15.1938, 23.8463, 0.412241, -0.702988, -0.579538, 0.028152, 0.719340, 0.641513, -0.266480, 0.024718, 0.559114, -0.307031, 0.770145, 0.233193, 0.000000, 0.000000, 0.000000, 1.000000, 0.559003, -0.307128, 0.770187, 0.255189, -0.412242, 0.702989, 0.579537, -0.028153, -0.719425, -0.641466, 0.266362, 0.175320, 0.000000, 0.000000, 0.000000, 1.000000, -0.003931, 0.099315, -0.995048, 0.142420, -0.998762, -0.049729, -0.001018, -0.015194, -0.049584, 0.993813, 0.099388, 0.023846, 0.000000, 0.000000, 0.000000, 1.000000
-29.9920, 28.1506, 24.7132, 233.1905, 255.1866, -28.1510, 175.3248, 142.4190, -15.1957, 23.8463, 0.412262, -0.702988, -0.579524, 0.028151, 0.719349, 0.641514, -0.266453, 0.024713, 0.559085, -0.307031, 0.770166, 0.233190, 0.000000, 0.000000, 0.000000, 1.000000, 0.558975, -0.307128, 0.770207, 0.255187, -0.412263, 0.702989, 0.579522, -0.028151, -0.719434, -0.641467, 0.266336, 0.175325, 0.000000, 0.000000, 0.000000, 1.000000, -0.003931, 0.099315, -0.995048, 0.142419, -0.998762, -0.049729, -0.001018, -0.015196, -0.049584, 0.993813, 0.099388, 0.023846, 0.000000, 0.000000, 0.000000, 1.000000
-29.9906, 28.1495, 24.7106, 233.1891, 255.1852, -28.1500, 175.3273, 142.4185, -15.1969, 23.8462, 0.412275, -0.702988, -0.579515, 0.028150, 0.719355, 0.641513, -0.266436, 0.024711, 0.559068, -0.307032, 0.770178, 0.233189, 0.000000, 0.000000, 0.000000, 1.000000, 0.558958, -0.307128, 0.770220, 0.255185, -0.412276, 0.702988, 0.579513, -0.028150, -0.719441, -0.641467, 0.266319, 0.175327, 0.000000, 0.000000, 0.000000, 1.000000, -0.003931, 0.099315, -0.995048, 0.142419, -0.998762, -0.049730, -0.001018, -0.015197, -0.049585, 0.993813, 0.099388, 0.023846, 0.000000, 0.000000, 0.000000, 1.000000
-29.9873, 28.1472, 24.7050, 233.1859, 255.1821, -28.1476, 175.3330, 142.4173, -15.1998, 23.8462, 0.412306, -0.702987, -0.579494, 0.028147, 0.719371, 0.641513, -0.266396, 0.024705, 0.559026, -0.307034, 0.770208, 0.233186, 0.000000, 0.000000, 0.000000, 1.000000, 0.558915, -0.307131, 0.770250, 0.255182, -0.412307, 0.702988, 0.579492, -0.028148, -0.719456, -0.641466, 0.266279, 0.175333, 0.000000, 0.000000, 0.000000, 1.000000, -0.003931, 0.099316, -0.995048, 0.142417, -0.998762, -0.049730, -0.001018, -0.015200, -0.049585, 0.993812, 0.099388, 0.023846, 0.000000, 0.000000, 0.000000, 1.000000
-29.9854, 28.1458, 24.7018, 233.1841, 255.1803, -28.1463, 175.3361, 142.4166, -15.2015, 23.8462, 0.412323, -0.702987, -0.579481, 0.028146, 0.719380, 0.641512, -0.266372, 0.024702, 0.559000, -0.307036, 0.770226, 0.233184, 0.000000, 0.000000, 0.000000, 1.000000, 0.558890, -0.307132, 0.770267, 0.255180, -0.412324, 0.702988, 0.579480, -0.028146, -0.719465, -0.641465, 0.266255, 0.175336, 0.000000, 0.000000, 0.000000, 1.000000, -0.003931, 0.099316, -0.995048, 0.142417, -0.998762, -0.049731, -0.001018, -0.015202, -0.049585, 0.993812, 0.099389, 0.023846, 0.000000, 0.000000, 0.000000, 1.000000
-29.9809, 28.1428, 24.6950, 233.1803, 255.1765, -28.1432, 175.3430, 142.4149, -15.2056, 23.8461, 0.412364, -0.702987, -0.579453, 0.028143, 0.719402, 0.641510, -0.266317, 0.024695, 0.558942, -0.307040, 0.770266, 0.233180, 0.000000, 0.000000, 0.000000, 1.000000, 0.558832, -0.307136, 0.770308, 0.255176, -0.412365, 0.702988, 0.579451, -0.028143, -0.719487, -0.641464, 0.266200, 0.175343, 0.000000, 0.000000, 0.000000, 1.000000, -0.003931, 0.099317, -0.995048, 0.142415, -0.998762, -0.049731, -0.001018, -0.015206, -0.049586, 0.993812, 0.099389, 0.023846, 0.000000, 0.000000, 0.000000, 1.000000
-29.9727, 28.1373, 24.6833, 233.1735, 255.1697, -28.1377, 175.3548, 142.4117, -15.2132, 23.8461, 0.412438, -0.702987, -0.579400, 0.028137, 0.719445, 0.641506, -0.266213, 0.024683, 0.558833, -0.307050, 0.770342, 0.233173, 0.000000, 0.000000, 0.000000, 1.000000, 0.558723, -0.307146, 0.770383, 0.255170, -0.412439, 0.702987, 0.579399, -0.028138, -0.719529, -0.641459, 0.266096, 0.175355, 0.000000, 0.000000, 0.000000, 1.000000, -0.003931, 0.099317, -0.995048, 0.142412, -0.998762, -0.049733, -0.001018, -0.015213, -0.049588, 0.993812, 0.099390, 0.023846, 0.000000, 0.000000, 0.000000, 1.000000
-29.9662, 28.1330, 24.6744, 233.1683, 255.1645, -28.1335, 175.3637, 142.4091, -15.2192, 23.8460, 0.412496, -0.702987, -0.579358, 0.028133, 0.719479, 0.641502, -0.266131, 0.024674, 0.558746, -0.307058, 0.770401, 0.233168, 0.000000, 0.000000, 0.000000, 1.000000, 0.558636, -0.307154, 0.770443, 0.255165, -0.412497, 0.702987, 0.579357, -0.028133, -0.719563, -0.641455, 0.266014, 0.175364, 0.000000, 0.000000, 0.000000, 1.000000, -0.003931, 0.099318, -0.995048, 0.142409, -0.998762, -0.049734, -0.001018, -0.015219, -0.049589, 0.993812, 0.099391, 0.023846, 0.000000, 0.000000, 0.000000, 1.000000
-29.9589, 28.1283, 24.6648, 233.1627, 255.1589, -28.1287, 175.3734, 142.4062, -15.2261, 23.8459, 0.412562, -0.702987, -0.579311, 0.028128, 0.719517, 0.641497, -0.266038, 0.024665, 0.558648, -0.307068, 0.770469, 0.233163, 0.000000, 0.000000, 0.000000, 1.000000, 0.558538, -0.307164, 0.770510, 0.255159, -0.412563, 0.702988, 0.579310, -0.028129, -0.719602, -0.641451, 0.265921, 0.175373, 0.000000, 0.000000, 0.000000, 1.000000, -0.003931, 0.099319, -0.995048, 0.142406, -0.998762, -0.049736, -0.001018, -0.015226, -0.049590, 0.993812, 0.099391, 0.023846, 0.000000, 0.000000, 0.000000, 1.000000
-29.9550, 28.1257, 24.6596, 233.1596, 255.1559, -28.1261, 175.3786, 142.4047, -15.2299, 23.8459, 0.412598, -0.702987, -0.579286, 0.028126, 0.719539, 0.641494, -0.265986, 0.024660, 0.558594, -0.307073, 0.770506, 0.233160, 0.000000, 0.000000, 0.000000, 1.000000, 0.558484, -0.307169, 0.770547, 0.255156, -0.412599, 0.702988, 0.579284, -0.028126, -0.719623, -0.641448, 0.265870, 0.175379, 0.000000, 0.000000, 0.000000, 1.000000, -0.003931, 0.099319, -0.995048, 0.142405, -0.998762, -0.049736, -0.001018, -0.015230, -0.049591, 0.993812, 0.099392, 0.023846, 0.000000, 0.000000, 0.000000, 1.000000
-29.9464, 28.1201, 24.6486, 233.1532, 255.1494, -28.1205, 175.3896, 142.4012, -15.2381, 23.8458, 0.412675, -0.702987, -0.579230, 0.028120, 0.719585, 0.641488, -0.265875, 0.024649, 0.558476, -0.307086, 0.770586, 0.233153, 0.000000, 0.000000, 0.000000, 1.000000, 0.558367, -0.307181, 0.770627, 0.255149, -0.412676, 0.702988, 0.579229, -0.028121, -0.719670, -0.641442, 0.265759, 0.175390, 0.000000, 0.000000, 0.000000, 1.000000, -0.003932, 0.099320, -0.995048, 0.142401, -0.998762, -0.049738, -0.001018, -0.015238, -0.049593, 0.993812, 0.099393, 0.023846, 0.000000, 0.000000, 0.000000, 1.000000
-29.9369, 28.1140, 24.6368, 233.1461, 255.1423, -28.1144, 175.4015, 142.3974, -15.2472, 23.8458, 0.412760, -0.702988, -0.579169, 0.028114, 0.719637, 0.641481, -0.265752, 0.024637, 0.558347, -0.307100, 0.770674, 0.233146, 0.000000, 0.000000, 0.000000, 1.000000, 0.558237, -0.307195, 0.770715, 0.255142, -0.412761, 0.702988, 0.579168, -0.028114, -0.719722, -0.641435, 0.265636, 0.175401, 0.000000, 0.000000, 0.000000, 1.000000, -0.003932, 0.099321, -0.995048, 0.142397, -0.998762, -0.049740, -0.001019, -0.015247, -0.049594, 0.993811, 0.099394, 0.023846, 0.000000, 0.000000, 0.000000, 1.000000
-29.9319, 28.1108, 24.6305, 233.1424, 255.1386, -28.1112, 175.4078, 142.3954, -15.2521, 23.8457, 0.412806, -0.702988, -0.579136, 0.028111, 0.719665, 0.641477, -0.265687, 0.024630, 0.558277, -0.307107, 0.770722, 0.233142, 0.000000, 0.000000, 0.000000, 1.000000, 0.558168, -0.307203, 0.770763, 0.255139, -0.412807, 0.702989, 0.579135, -0.028111, -0.719749, -0.641431, 0.265570, 0.175408, 0.000000, 0.000000, 0.000000, 1.000000, -0.003932, 0.099322, -0.995048, 0.142395, -0.998762, -0.049740, -0.001019, -0.015252, -0.049595, 0.993811, 0.099394, 0.023846, 0.000000, 0.000000, 0.000000, 1.000000
-29.9211, 28.1039, 24.6173, 233.1345, 255.1308, -28.1043, 175.4210, 142.3910, -15.2625, 23.8456, 0.412903, -0.702989, -0.579067, 0.028104, 0.719725, 0.641468, -0.265546, 0.024617, 0.558129, -0.307124, 0.770822, 0.233135, 0.000000, 0.000000, 0.000000, 1.000000, 0.558020, -0.307219, 0.770864, 0.255131, -0.412904, 0.702989, 0.579065, -0.028104, -0.719809, -0.641422, 0.265430, 0.175421, 0.000000, 0.000000, 0.000000, 1.000000, -0.003932, 0.099323, -0.995047, 0.142391, -0.998762, -0.049742, -0.001019, -0.015263, -0.049597, 0.993811, 0.099395, 0.023846, 0.000000, 0.000000, 0.000000, 1.000000
-29.9154, 28.1002, 24.6104, 233.1304, 255.1267, -28.1006, 175.4280, 142.3887, -15.2680, 23.8456, 0.412954, -0.702989, -0.579030, 0.028100, 0.719756, 0.641464, -0.265471, 0.024610, 0.558050, -0.307133, 0.770876, 0.233130, 0.000000, 0.000000, 0.000000, 1.000000, 0.557941, -0.307228, 0.770917, 0.255127, -0.412955, 0.702990, 0.579028, -0.028101, -0.719840, -0.641418, 0.265355, 0.175428, 0.000000, 0.000000, 0.000000, 1.000000, -0.003932, 0.099323, -0.995047, 0.142389, -0.998762, -0.049744, -0.001019, -0.015268, -0.049598, 0.993811, 0.099396, 0.023846, 0.000000, 0.000000, 0.000000, 1.000000
-29.9033, 28.0925, 24.5959, 233.1218, 255.1180, -28.0930, 175.4425, 142.3838, -15.2797, 23.8455, 0.413062, -0.702990, -0.578952, 0.028093, 0.719823, 0.641454, -0.265314, 0.024596, 0.557884, -0.307152, 0.770989, 0.233122, 0.000000, 0.000000, 0.000000, 1.000000, 0.557775, -0.307247, 0.771030, 0.255118, -0.413063, 0.702990, 0.578950, -0.028093, -0.719907, -0.641408, 0.265198, 0.175443, 0.000000, 0.000000, 0.000000, 1.000000, -0.003932, 0.099325, -0.995047, 0.142384, -0.998761, -0.049746, -0.001019, -0.015280, -0.049601, 0.993811, 0.099397, 0.023846, 0.000000, 0.000000, 0.000000, 1.000000
-29.8970, 28.0885, 24.5883, 233.1173, 255.1135, -28.0889, 175.4501, 142.3812, -15.2859, 23.8455, 0.413119, -0.702990, -0.578911, 0.028089, 0.719858, 0.641449, -0.265231, 0.024588, 0.557796, -0.307162, 0.771048, 0.233117, 0.000000, 0.000000, 0.000000, 1.000000, 0.557688, -0.307257, 0.771089, 0.255114, -0.413120, 0.702991, 0.578909, -0.028089, -0.719942, -0.641403, 0.265115, 0.175450, 0.000000, 0.000000, 0.000000, 1.000000, -0.003932, 0.099325, -0.995047, 0.142381, -0.998761, -0.049747, -0.001019, -0.015286, -0.049602, 0.993811, 0.099398, 0.023845, 0.000000, 0.000000, 0.000000, 1.000000
-29.8838, 28.0801, 24.5727, 233.1079, 255.1041, -28.0805, 175.4658, 142.3758, -15.2988, 23.8454, 0.413237, -0.702991, -0.578825, 0.028080, 0.719932, 0.641438, -0.265058, 0.024573, 0.557614, -0.307183, 0.771172, 0.233108, 0.000000, 0.000000, 0.000000, 1.000000, 0.557505, -0.307278, 0.771213, 0.255104, -0.413238, 0.702992, 0.578824, -0.028081, -0.720016, -0.641391, 0.264942, 0.175466, 0.000000, 0.000000, 0.000000, 1.000000, -0.003932, 0.099327, -0.995047, 0.142376, -0.998761, -0.049749, -0.001019, -0.015299, -0.049604, 0.993810, 0.099399, 0.023845, 0.000000, 0.000000, 0.000000, 1.000000
-29.8838, 28.0801, 24.5727, 233.1079, 255.1041, -28.0805, 175.4658, 142.3758, -15.2988, 23.8454, 0.413237, -0.702991, -0.578825, 0.028080, 0.719932, 0.641438, -0.265058, 0.024573, 0.557614, -0.307183, 0.771172, 0.233108, 0.000000, 0.000000, 0.000000, 1.000000, 0.557505, -0.307278, 0.771213, 0.255104, -0.413238, 0.702992, 0.578824, -0.028081, -0.720016, -0.641391, 0.264942, 0.175466, 0.000000, 0.000000, 0.000000, 1.000000, -0.003932, 0.099327, -0.995047, 0.142376, -0.998761, -0.049749, -0.001019, -0.015299, -0.049604, 0.993810, 0.099399, 0.023845, 0.000000, 0.000000, 0.000000, 1.000000
-29.8627, 28.0667, 24.5478, 233.0930, 255.0893, -28.0671, 175.4908, 142.3671, -15.3194, 23.8452, 0.413427, -0.702993, -0.578688, 0.028067, 0.720050, 0.641419, -0.264781, 0.024548, 0.557320, -0.307217, 0.771370, 0.233093, 0.000000, 0.000000, 0.000000, 1.000000, 0.557212, -0.307312, 0.771411, 0.255089, -0.413428, 0.702993, 0.578686, -0.028067, -0.720134, -0.641373, 0.264665, 0.175491, 0.000000, 0.000000, 0.000000, 1.000000, -0.003932, 0.099329, -0.995047, 0.142367, -0.998761, -0.049753, -0.001020, -0.015319, -0.049608, 0.993810, 0.099402, 0.023845, 0.000000, 0.000000, 0.000000, 1.000000
-29.8553, 28.0620, 24.5392, 233.0878, 255.0841, -28.0625, 175.4995, 142.3641, -15.3266, 23.8452, 0.413493, -0.702993, -0.578640, 0.028062, 0.720092, 0.641413, -0.264684, 0.024539, 0.557218, -0.307229, 0.771439, 0.233088, 0.000000, 0.000000, 0.000000, 1.000000, 0.557110, -0.307324, 0.771480, 0.255084, -0.413494, 0.702994, 0.578639, -0.028062, -0.720175, -0.641367, 0.264568, 0.175499, 0.000000, 0.000000, 0.000000, 1.000000, -0.003932, 0.099330, -0.995047, 0.142364, -0.998761, -0.049755, -0.001020, -0.015327, -0.049609, 0.993810, 0.099402, 0.023845, 0.000000, 0.000000, 0.000000, 1.000000
-29.8401, 28.0524, 24.5214, 233.0772, 255.0735, -28.0528, 175.5173, 142.3579, -15.3415, 23.8450, 0.413629, -0.702995, -0.578541, 0.028052, 0.720177, 0.641400, -0.264484, 0.024521, 0.557007, -0.307254, 0.771582, 0.233077, 0.000000, 0.000000, 0.000000, 1.000000, 0.556899, -0.307348, 0.771622, 0.255074, -0.413630, 0.702995, 0.578540, -0.028053, -0.720260, -0.641354, 0.264369, 0.175517, 0.000000, 0.000000, 0.000000, 1.000000, -0.003932, 0.099331, -0.995047, 0.142358, -0.998761, -0.049757, -0.001020, -0.015341, -0.049612, 0.993810, 0.099404, 0.023845, 0.000000, 0.000000, 0.000000, 1.000000
-29.8323, 28.0475, 24.5124, 233.0718, 255.0681, -28.0479, 175.5264, 142.3547, -15.3491, 23.8450, 0.413699, -0.702995, -0.578490, 0.028047, 0.720221, 0.641393, -0.264381, 0.024512, 0.556898, -0.307267, 0.771655, 0.233072, 0.000000, 0.000000, 0.000000, 1.000000, 0.556790, -0.307361, 0.771695, 0.255068, -0.413700, 0.702996, 0.578489, -0.028048, -0.720304, -0.641347, 0.264266, 0.175526, 0.000000, 0.000000, 0.000000, 1.000000, -0.003932, 0.099332, -0.995047, 0.142355, -0.998761, -0.049759, -0.001020, -0.015349, -0.049614, 0.993809, 0.099405, 0.023845, 0.000000, 0.000000, 0.000000, 1.000000
-29.8164, 28.0373, 24.4938, 233.0607, 255.0570, -28.0378, 175.5450, 142.3481, -15.3648, 23.8449, 0.413842, -0.702997, -0.578387, 0.028037, 0.720311, 0.641379, -0.264170, 0.024494, 0.556676, -0.307293, 0.771805, 0.233061, 0.000000, 0.000000, 0.000000, 1.000000, 0.556568, -0.307387, 0.771845, 0.255057, -0.413843, 0.702997, 0.578385, -0.028038, -0.720393, -0.641333, 0.264055, 0.175545, 0.000000, 0.000000, 0.000000, 1.000000, -0.003932, 0.099334, -0.995046, 0.142348, -0.998761, -0.049762, -0.001020, -0.015365, -0.049617, 0.993809, 0.099406, 0.023845, 0.000000, 0.000000, 0.000000, 1.000000
-29.7745, 28.0109, 24.4455, 233.0318, 255.0281, -28.0113, 175.5935, 142.3308, -15.4058, 23.8446, 0.414216, -0.703000, -0.578114, 0.028011, 0.720546, 0.641341, -0.263618, 0.024446, 0.556092, -0.307363, 0.772198, 0.233032, 0.000000, 0.000000, 0.000000, 1.000000, 0.555985, -0.307457, 0.772238, 0.255028, -0.414217, 0.703001, 0.578113, -0.028011, -0.720628, -0.641296, 0.263504, 0.175593, 0.000000, 0.000000, 0.000000, 1.000000, -0.003933, 0.099338, -0.995046, 0.142331, -0.998760, -0.049769, -0.001021, -0.015406, -0.049624, 0.993808, 0.099411, 0.023845, 0.000000, 0.000000, 0.000000, 1.000000
-29.7745, 28.0109, 24.4455, 233.0318, 255.0281, -28.0113, 175.5935, 142.3308, -15.4058, 23.8446, 0.414216, -0.703000, -0.578114, 0.028011, 0.720546, 0.641341, -0.263618, 0.024446, 0.556092, -0.307363, 0.772198, 0.233032, 0.000000, 0.000000, 0.000000, 1.000000, 0.555985, -0.307457, 0.772238, 0.255028, -0.414217, 0.703001, 0.578113, -0.028011, -0.720628, -0.641296, 0.263504, 0.175593, 0.000000, 0.000000, 0.000000, 1.000000, -0.003933, 0.099338, -0.995046, 0.142331, -0.998760, -0.049769, -0.001021, -0.015406, -0.049624, 0.993808, 0.099411, 0.023845, 0.000000, 0.000000, 0.000000, 1.000000
-29.7572, 28.0000, 24.4256, 233.0199, 255.0162, -28.0004, 175.6134, 142.3237, -15.4228, 23.8445, 0.414370, -0.703002, -0.578002, 0.028000, 0.720643, 0.641326, -0.263390, 0.024426, 0.555851, -0.307392, 0.772360, 0.233020, 0.000000, 0.000000, 0.000000, 1.000000, 0.555744, -0.307485, 0.772400, 0.255016, -0.414371, 0.703002, 0.578000, -0.028000, -0.720725, -0.641281, 0.263276, 0.175613, 0.000000, 0.000000, 0.000000, 1.000000, -0.003933, 0.099340, -0.995046, 0.142324, -0.998760, -0.049773, -0.001021, -0.015423, -0.049627, 0.993808, 0.099413, 0.023844, 0.000000, 0.000000, 0.000000, 1.000000
-29.7398, 27.9898, 24.4117, 233.0107, 255.0070, -27.9902, 175.6273, 142.3160, -15.4412, 23.8444, 0.414524, -0.703006, -0.577886, 0.027990, 0.720753, 0.641302, -0.263147, 0.024412, 0.555594, -0.307432, 0.772529, 0.233011, 0.000000, 0.000000, 0.000000, 1.000000, 0.555487, -0.307526, 0.772569, 0.255007, -0.414525, 0.703006, 0.577885, -0.027990, -0.720835, -0.641257, 0.263033, 0.175627, 0.000000, 0.000000, 0.000000, 1.000000, -0.003933, 0.099342, -0.995046, 0.142316, -0.998760, -0.049776, -0.001022, -0.015441, -0.049631, 0.993808, 0.099414, 0.023844, 0.000000, 0.000000, 0.000000, 1.000000
-29.7311, 27.9847, 24.4045, 233.0059, 255.0023, -27.9851, 175.6345, 142.3122, -15.4504, 23.8443, 0.414602, -0.703008, -0.577828, 0.027985, 0.720808, 0.641290, -0.263026, 0.024405, 0.555465, -0.307452, 0.772613, 0.233006, 0.000000, 0.000000, 0.000000, 1.000000, 0.555358, -0.307546, 0.772653, 0.255002, -0.414603, 0.703008, 0.577827, -0.027985, -0.720890, -0.641245, 0.262912, 0.175634, 0.000000, 0.000000, 0.000000, 1.000000, -0.003933, 0.099343, -0.995045, 0.142312, -0.998760, -0.049777, -0.001022, -0.015450, -0.049632, 0.993807, 0.099415, 0.023844, 0.000000, 0.000000, 0.000000, 1.000000
-29.7135, 27.9743, 24.3896, 232.9963, 254.9926, -27.9747, 175.6494, 142.3045, -15.4688, 23.8442, 0.414757, -0.703011, -0.577713, 0.027974, 0.720917, 0.641268, -0.262783, 0.024390, 0.555208, -0.307491, 0.772783, 0.232996, 0.000000, 0.000000, 0.000000, 1.000000, 0.555101, -0.307585, 0.772823, 0.254993, -0.414758, 0.703012, 0.577711, -0.027975, -0.720999, -0.641222, 0.262669, 0.175649, 0.000000, 0.000000, 0.000000, 1.000000, -0.003933, 0.099345, -0.995045, 0.142304, -0.998760, -0.049781, -0.001022, -0.015469, -0.049636, 0.993807, 0.099417, 0.023844, 0.000000, 0.000000, 0.000000, 1.000000
-29.7047, 27.9691, 24.3819, 232.9914, 254.9877, -27.9695, 175.6571, 142.3007, -15.4779, 23.8441, 0.414835, -0.703013, -0.577655, 0.027969, 0.720971, 0.641256, -0.262662, 0.024382, 0.555080, -0.307511, 0.772867, 0.232991, 0.000000, 0.000000, 0.000000, 1.000000, 0.554972, -0.307604, 0.772907, 0.254988, -0.414836, 0.703014, 0.577653, -0.027969, -0.721053, -0.641211, 0.262548, 0.175657, 0.000000, 0.000000, 0.000000, 1.000000, -0.003933, 0.099346, -0.995045, 0.142301, -0.998760, -0.049782, -0.001023, -0.015478, -0.049637, 0.993807, 0.099418, 0.023844, 0.000000, 0.000000, 0.000000, 1.000000
-29.6871, 27.9585, 24.3660, 232.9813, 254.9776, -27.9590, 175.6730, 142.2930, -15.4961, 23.8440, 0.414990, -0.703017, -0.577539, 0.027959, 0.721078, 0.641235, -0.262421, 0.024366, 0.554824, -0.307548, 0.773036, 0.232981, 0.000000, 0.000000, 0.000000, 1.000000, 0.554717, -0.307642, 0.773076, 0.254978, -0.414991, 0.703017, 0.577537, -0.027959, -0.721160, -0.641189, 0.262307, 0.175673, 0.000000, 0.000000, 0.000000, 1.000000, -0.003933, 0.099347, -0.995045, 0.142293, -0.998759, -0.049786, -0.001023, -0.015496, -0.049640, 0.993807, 0.099420, 0.023844, 0.000000, 0.000000, 0.000000, 1.000000
-29.6783, 27.9532, 24.3577, 232.9762, 254.9725, -27.9537, 175.6813, 142.2892, -15.5051, 23.8440, 0.415068, -0.703018, -0.577481, 0.027953, 0.721131, 0.641224, -0.262301, 0.024358, 0.554697, -0.307566, 0.773120, 0.232976, 0.000000, 0.000000, 0.000000, 1.000000, 0.554590, -0.307660, 0.773160, 0.254973, -0.415069, 0.703019, 0.577479, -0.027954, -0.721213, -0.641179, 0.262187, 0.175681, 0.000000, 0.000000, 0.000000, 1.000000, -0.003933, 0.099348, -0.995045, 0.142289, -0.998759, -0.049787, -0.001023, -0.015505, -0.049642, 0.993806, 0.099421, 0.023844, 0.000000, 0.000000, 0.000000, 1.000000
-29.6607, 27.9426, 24.3408, 232.9657, 254.9620, -27.9430, 175.6982, 142.2817, -15.5231, 23.8438, 0.415224, -0.703021, -0.577365, 0.027943, 0.721236, 0.641204, -0.262062, 0.024341, 0.554444, -0.307602, 0.773287, 0.232966, 0.000000, 0.000000, 0.000000, 1.000000, 0.554337, -0.307695, 0.773327, 0.254962, -0.415225, 0.703022, 0.577364, -0.027943, -0.721318, -0.641158, 0.261948, 0.175698, 0.000000, 0.000000, 0.000000, 1.000000, -0.003933, 0.099350, -0.995045, 0.142282, -0.998759, -0.049790, -0.001023, -0.015523, -0.049645, 0.993806, 0.099423, 0.023844, 0.000000, 0.000000, 0.000000, 1.000000
-29.6432, 27.9318, 24.3233, 232.9550, 254.9513, -27.9323, 175.7157, 142.2742, -15.5408, 23.8437, 0.415379, -0.703024, -0.577250, 0.027932, 0.721339, 0.641184, -0.261826, 0.024323, 0.554193, -0.307636, 0.773453, 0.232955, 0.000000, 0.000000, 0.000000, 1.000000, 0.554086, -0.307730, 0.773493, 0.254951, -0.415380, 0.703025, 0.577249, -0.027932, -0.721421, -0.641139, 0.261711, 0.175716, 0.000000, 0.000000, 0.000000, 1.000000, -0.003933, 0.099352, -0.995045, 0.142274, -0.998759, -0.049794, -0.001024, -0.015541, -0.049649, 0.993806, 0.099425, 0.023844, 0.000000, 0.000000, 0.000000, 1.000000
-29.6344, 27.9265, 24.3143, 232.9495, 254.9459, -27.9269, 175.7247, 142.2705, -15.5496, 23.8437, 0.415456, -0.703026, -0.577193, 0.027926, 0.721390, 0.641175, -0.261708, 0.024314, 0.554069, -0.307653, 0.773536, 0.232950, 0.000000, 0.000000, 0.000000, 1.000000, 0.553961, -0.307746, 0.773576, 0.254946, -0.415457, 0.703026, 0.577191, -0.027927, -0.721472, -0.641129, 0.261594, 0.175725, 0.000000, 0.000000, 0.000000, 1.000000, -0.003933, 0.099353, -0.995044, 0.142271, -0.998759, -0.049795, -0.001024, -0.015550, -0.049650, 0.993806, 0.099426, 0.023844, 0.000000, 0.000000, 0.000000, 1.000000
-29.6170, 27.9157, 24.2959, 232.9385, 254.9348, -27.9161, 175.7431, 142.2631, -15.5670, 23.8435, 0.415611, -0.703028, -0.577078, 0.027916, 0.721491, 0.641156, -0.261475, 0.024296, 0.553822, -0.307685, 0.773700, 0.232938, 0.000000, 0.000000, 0.000000, 1.000000, 0.553714, -0.307779, 0.773740, 0.254935, -0.415612, 0.703029, 0.577077, -0.027916, -0.721573, -0.641111, 0.261360, 0.175743, 0.000000, 0.000000, 0.000000, 1.000000, -0.003933, 0.099355, -0.995044, 0.142263, -0.998759, -0.049798, -0.001024, -0.015567, -0.049653, 0.993805, 0.099427, 0.023844, 0.000000, 0.000000, 0.000000, 1.000000
-29.6084, 27.9103, 24.2865, 232.9328, 254.9292, -27.9107, 175.7525, 142.2595, -15.5757, 23.8435, 0.415688, -0.703029, -0.577022, 0.027910, 0.721541, 0.641148, -0.261359, 0.024287, 0.553699, -0.307701, 0.773781, 0.232933, 0.000000, 0.000000, 0.000000, 1.000000, 0.553592, -0.307794, 0.773821, 0.254929, -0.415689, 0.703030, 0.577020, -0.027911, -0.721623, -0.641102, 0.261245, 0.175753, 0.000000, 0.000000, 0.000000, 1.000000, -0.003933, 0.099356, -0.995044, 0.142259, -0.998759, -0.049800, -0.001024, -0.015576, -0.049655, 0.993805, 0.099428, 0.023843, 0.000000, 0.000000, 0.000000, 1.000000
-29.5911, 27.8994, 24.2674, 232.9215, 254.9178, -27.8999, 175.7717, 142.2523, -15.5927, 23.8433, 0.415841, -0.703031, -0.576909, 0.027899, 0.721639, 0.641131, -0.261130, 0.024267, 0.553456, -0.307731, 0.773943, 0.232921, 0.000000, 0.000000, 0.000000, 1.000000, 0.553349, -0.307825, 0.773983, 0.254918, -0.415842, 0.703032, 0.576907, -0.027900, -0.721721, -0.641085, 0.261015, 0.175772, 0.000000, 0.000000, 0.000000, 1.000000, -0.003934, 0.099358, -0.995044, 0.142252, -0.998759, -0.049803, -0.001025, -0.015593, -0.049658, 0.993805, 0.099430, 0.023843, 0.000000, 0.000000, 0.000000, 1.000000
-29.5825, 27.8940, 24.2576, 232.9157, 254.9121, -27.8944, 175.7814, 142.2487, -15.6012, 23.8433, 0.415917, -0.703032, -0.576852, 0.027894, 0.721687, 0.641122, -0.261016, 0.024258, 0.553336, -0.307746, 0.774023, 0.232916, 0.000000, 0.000000, 0.000000, 1.000000, 0.553228, -0.307839, 0.774063, 0.254912, -0.415918, 0.703033, 0.576851, -0.027894, -0.721769, -0.641077, 0.260902, 0.175781, 0.000000, 0.000000, 0.000000, 1.000000, -0.003934, 0.099358, -0.995044, 0.142249, -0.998758, -0.049805, -0.001025, -0.015601, -0.049660, 0.993805, 0.099431, 0.023843, 0.000000, 0.000000, 0.000000, 1.000000
-29.5655, 27.8832, 24.2379, 232.9041, 254.9005, -27.8836, 175.8012, 142.2416, -15.6179, 23.8431, 0.416069, -0.703034, -0.576741, 0.027883, 0.721783, 0.641107, -0.260791, 0.024238, 0.553097, -0.307774, 0.774182, 0.232904, 0.000000, 0.000000, 0.000000, 1.000000, 0.552990, -0.307868, 0.774222, 0.254901, -0.416070, 0.703035, 0.576739, -0.027884, -0.721864, -0.641061, 0.260676, 0.175801, 0.000000, 0.000000, 0.000000, 1.000000, -0.003934, 0.099360, -0.995044, 0.142242, -0.998758, -0.049808, -0.001025, -0.015618, -0.049663, 0.993804, 0.099433, 0.023843, 0.000000, 0.000000, 0.000000, 1.000000
-29.5570, 27.8778, 24.2279, 232.8983, 254.8947, -27.8782, 175.8112, 142.2381, -15.6261, 23.8430, 0.416144, -0.703035, -0.576685, 0.027878, 0.721830, 0.641099, -0.260680, 0.024228, 0.552979, -0.307788, 0.774261, 0.232898, 0.000000, 0.000000, 0.000000, 1.000000, 0.552872, -0.307882, 0.774301, 0.254895, -0.416145, 0.703035, 0.576684, -0.027878, -0.721911, -0.641054, 0.260565, 0.175811, 0.000000, 0.000000, 0.000000, 1.000000, -0.003934, 0.099361, -0.995044, 0.142238, -0.998758, -0.049809, -0.001025, -0.015626, -0.049664, 0.993804, 0.099434, 0.023843, 0.000000, 0.000000, 0.000000, 1.000000
-29.5402, 27.8670, 24.2076, 232.8865, 254.8829, -27.8674, 175.8314, 142.2311, -15.6425, 23.8429, 0.416294, -0.703036, -0.576575, 0.027867, 0.721922, 0.641085, -0.260459, 0.024208, 0.552746, -0.307815, 0.774417, 0.232887, 0.000000, 0.000000, 0.000000, 1.000000, 0.552639, -0.307908, 0.774457, 0.254883, -0.416295, 0.703037, 0.576574, -0.027867, -0.722004, -0.641039, 0.260345, 0.175831, 0.000000, 0.000000, 0.000000, 1.000000, -0.003934, 0.099363, -0.995043, 0.142231, -0.998758, -0.049813, -0.001026, -0.015642, -0.049668, 0.993804, 0.099435, 0.023843, 0.000000, 0.000000, 0.000000, 1.000000
-29.5235, 27.8563, 24.1871, 232.8747, 254.8710, -27.8567, 175.8520, 142.2243, -15.6585, 23.8428, 0.416443, -0.703038, -0.576466, 0.027856, 0.722013, 0.641071, -0.260241, 0.024187, 0.552515, -0.307841, 0.774572, 0.232875, 0.000000, 0.000000, 0.000000, 1.000000, 0.552408, -0.307934, 0.774611, 0.254871, -0.416443, 0.703038, 0.576465, -0.027857, -0.722094, -0.641026, 0.260127, 0.175852, 0.000000, 0.000000, 0.000000, 1.000000, -0.003934, 0.099365, -0.995043, 0.142224, -0.998758, -0.049816, -0.001026, -0.015659, -0.049671, 0.993803, 0.099437, 0.023843, 0.000000, 0.000000, 0.000000, 1.000000
-29.4987, 27.8402, 24.1559, 232.8567, 254.8531, -27.8406, 175.8832, 142.2141, -15.6823, 23.8426, 0.416663, -0.703039, -0.576305, 0.027840, 0.722146, 0.641051, -0.259919, 0.024156, 0.552174, -0.307877, 0.774800, 0.232857, 0.000000, 0.000000, 0.000000, 1.000000, 0.552067, -0.307971, 0.774839, 0.254853, -0.416664, 0.703040, 0.576303, -0.027841, -0.722228, -0.641006, 0.259805, 0.175883, 0.000000, 0.000000, 0.000000, 1.000000, -0.003934, 0.099367, -0.995043, 0.142214, -0.998758, -0.049820, -0.001026, -0.015682, -0.049675, 0.993803, 0.099440, 0.023843, 0.000000, 0.000000, 0.000000, 1.000000
-29.4824, 27.8295, 24.1350, 232.8447, 254.8411, -27.8299, 175.9042, 142.2075, -15.6978, 23.8424, 0.416809, -0.703040, -0.576198, 0.027830, 0.722233, 0.641039, -0.259708, 0.024135, 0.551951, -0.307901, 0.774950, 0.232845, 0.000000, 0.000000, 0.000000, 1.000000, 0.551844, -0.307994, 0.774989, 0.254841, -0.416810, 0.703041, 0.576197, -0.027830, -0.722314, -0.640994, 0.259594, 0.175904, 0.000000, 0.000000, 0.000000, 1.000000, -0.003934, 0.099369, -0.995043, 0.142207, -0.998758, -0.049823, -0.001027, -0.015698, -0.049678, 0.993803, 0.099441, 0.023842, 0.000000, 0.000000, 0.000000, 1.000000
-29.4743, 27.8242, 24.1244, 232.8387, 254.8351, -27.8246, 175.9147, 142.2042, -15.7055, 23.8423, 0.416882, -0.703041, -0.576145, 0.027824, 0.722276, 0.641033, -0.259603, 0.024124, 0.551840, -0.307912, 0.775024, 0.232839, 0.000000, 0.000000, 0.000000, 1.000000, 0.551733, -0.308005, 0.775064, 0.254835, -0.416882, 0.703041, 0.576144, -0.027825, -0.722357, -0.640988, 0.259489, 0.175915, 0.000000, 0.000000, 0.000000, 1.000000, -0.003934, 0.099370, -0.995043, 0.142204, -0.998757, -0.049825, -0.001027, -0.015706, -0.049680, 0.993802, 0.099442, 0.023842, 0.000000, 0.000000, 0.000000, 1.000000
-29.4581, 27.8136, 24.1033, 232.8266, 254.8230, -27.8140, 175.9359, 142.1976, -15.7208, 23.8422, 0.417026, -0.703042, -0.576040, 0.027814, 0.722361, 0.641022, -0.259394, 0.024103, 0.551619, -0.307935, 0.775173, 0.232827, 0.000000, 0.000000, 0.000000, 1.000000, 0.551512, -0.308028, 0.775212, 0.254823, -0.417027, 0.703042, 0.576039, -0.027814, -0.722442, -0.640976, 0.259280, 0.175936, 0.000000, 0.000000, 0.000000, 1.000000, -0.003934, 0.099371, -0.995043, 0.142198, -0.998757, -0.049828, -0.001027, -0.015721, -0.049683, 0.993802, 0.099444, 0.023842, 0.000000, 0.000000, 0.000000, 1.000000
-29.4421, 27.8030, 24.0821, 232.8145, 254.8109, -27.8034, 175.9572, 142.1911, -15.7360, 23.8421, 0.417169, -0.703042, -0.575935, 0.027803, 0.722446, 0.641010, -0.259187, 0.024082, 0.551400, -0.307957, 0.775320, 0.232814, 0.000000, 0.000000, 0.000000, 1.000000, 0.551293, -0.308050, 0.775359, 0.254811, -0.417170, 0.703043, 0.575934, -0.027803, -0.722527, -0.640965, 0.259074, 0.175957, 0.000000, 0.000000, 0.000000, 1.000000, -0.003934, 0.099373, -0.995042, 0.142191, -0.998757, -0.049831, -0.001027, -0.015736, -0.049686, 0.993802, 0.099446, 0.023842, 0.000000, 0.000000, 0.000000, 1.000000
-29.4341, 27.7977, 24.0714, 232.8084, 254.8048, -27.7982, 175.9678, 142.1878, -15.7435, 23.8420, 0.417241, -0.703043, -0.575883, 0.027798, 0.722487, 0.641005, -0.259085, 0.024071, 0.551291, -0.307968, 0.775393, 0.232808, 0.000000, 0.000000, 0.000000, 1.000000, 0.551185, -0.308060, 0.775432, 0.254805, -0.417242, 0.703043, 0.575882, -0.027798, -0.722568, -0.640960, 0.258971, 0.175968, 0.000000, 0.000000, 0.000000, 1.000000, -0.003934, 0.099374, -0.995042, 0.142188, -0.998757, -0.049832, -0.001028, -0.015744, -0.049687, 0.993802, 0.099446, 0.023842, 0.000000, 0.000000, 0.000000, 1.000000
-29.4182, 27.7873, 24.0502, 232.7964, 254.7928, -27.7877, 175.9891, 142.1814, -15.7584, 23.8419, 0.417383, -0.703043, -0.575780, 0.027787, 0.722570, 0.640994, -0.258881, 0.024050, 0.551076, -0.307989, 0.775538, 0.232796, 0.000000, 0.000000, 0.000000, 1.000000, 0.550969, -0.308082, 0.775577, 0.254793, -0.417384, 0.703044, 0.575778, -0.027788, -0.722651, -0.640949, 0.258767, 0.175989, 0.000000, 0.000000, 0.000000, 1.000000, -0.003935, 0.099376, -0.995042, 0.142181, -0.998757, -0.049835, -0.001028, -0.015758, -0.049690, 0.993801, 0.099448, 0.023842, 0.000000, 0.000000, 0.000000, 1.000000
-29.4103, 27.7820, 24.0396, 232.7904, 254.7868, -27.7824, 175.9997, 142.1782, -15.7659, 23.8418, 0.417453, -0.703043, -0.575728, 0.027782, 0.722611, 0.640989, -0.258779, 0.024040, 0.550968, -0.307999, 0.775610, 0.232790, 0.000000, 0.000000, 0.000000, 1.000000, 0.550862, -0.308092, 0.775649, 0.254787, -0.417454, 0.703044, 0.575727, -0.027782, -0.722692, -0.640944, 0.258665, 0.176000, 0.000000, 0.000000, 0.000000, 1.000000, -0.003935, 0.099376, -0.995042, 0.142178, -0.998757, -0.049837, -0.001028, -0.015766, -0.049692, 0.993801, 0.099449, 0.023842, 0.000000, 0.000000, 0.000000, 1.000000
-29.3945, 27.7716, 24.0185, 232.7783, 254.7748, -27.7720, 176.0209, 142.1718, -15.7807, 23.8417, 0.417594, -0.703044, -0.575625, 0.027772, 0.722693, 0.640978, -0.258577, 0.024018, 0.550754, -0.308020, 0.775753, 0.232778, 0.000000, 0.000000, 0.000000, 1.000000, 0.550648, -0.308113, 0.775792, 0.254775, -0.417595, 0.703044, 0.575624, -0.027772, -0.722774, -0.640933, 0.258463, 0.176021, 0.000000, 0.000000, 0.000000, 1.000000, -0.003935, 0.099378, -0.995042, 0.142172, -0.998757, -0.049839, -0.001028, -0.015781, -0.049695, 0.993801, 0.099451, 0.023842, 0.000000, 0.000000, 0.000000, 1.000000
