# Joint_6_Angle(deg), Cam_X(mm), Cam_Y(mm), Cam_Z(mm), Torso_X(mm), Torso_Y(mm), Torso_Z(mm), EE_X(mm), EE_Y(mm), EE_Z(mm), T_cam2marker_flat(16), T_torso2marker_flat(16), T_ee2marker_flat(16)
-29.9966, 33.0257, 50.5733, 223.5694, 245.5605, -33.0260, 149.4610, 124.2516, -49.3488, -4.5334, 0.175907, -0.926718, -0.332041, 0.033026, 0.980768, 0.136011, 0.139983, 0.050573, -0.084564, -0.350279, 0.932820, 0.223569, 0.000000, 0.000000, 0.000000, 1.000000, -0.084736, -0.350302, 0.932796, 0.245560, -0.175906, 0.926718, 0.332040, -0.033026, -0.980753, -0.135949, -0.140147, 0.149461, 0.000000, 0.000000, 0.000000, 1.000000, 0.033931, 0.093011, -0.995087, 0.124252, -0.997801, -0.053564, -0.039030, -0.049349, -0.056931, 0.994223, 0.090989, -0.004533, 0.000000, 0.000000, 0.000000, 1.000000
-29.9969, 33.0255, 50.5715, 223.5685, 245.5596, -33.0259, 149.4628, 124.2520, -49.3485, -4.5335, 0.175903, -0.926718, -0.332041, 0.033025, 0.980769, 0.136010, 0.139977, 0.050572, -0.084558, -0.350278, 0.932821, 0.223568, 0.000000, 0.000000, 0.000000, 1.000000, -0.084730, -0.350301, 0.932797, 0.245560, -0.175903, 0.926719, 0.332040, -0.033026, -0.980754, -0.135948, -0.140140, 0.149463, 0.000000, 0.000000, 0.000000, 1.000000, 0.033931, 0.093011, -0.995087, 0.124252, -0.997801, -0.053564, -0.039031, -0.049349, -0.056931, 0.994223, 0.090989, -0.004533, 0.000000, 0.000000, 0.000000, 1.000000
-29.9969, 33.0255, 50.5715, 223.5685, 245.5596, -33.0259, 149.4628, 124.2520, -49.3485, -4.5335, 0.175903, -0.926718, -0.332041, 0.033025, 0.980769, 0.136010, 0.139977, 0.050572, -0.084558, -0.350278, 0.932821, 0.223568, 0.000000, 0.000000, 0.000000, 1.000000, -0.084730, -0.350301, 0.932797, 0.245560, -0.175903, 0.926719, 0.332040, -0.033026, -0.980754, -0.135948, -0.140140, 0.149463, 0.000000, 0.000000, 0.000000, 1.000000, 0.033931, 0.093011, -0.995087, 0.124252, -0.997801, -0.053564, -0.039031, -0.049349, -0.056931, 0.994223, 0.090989, -0.004533, 0.000000, 0.000000, 0.000000, 1.000000
-29.9972, 33.0252, 50.5688, 223.5670, 245.5581, -33.0256, 149.4656, 124.2526, -49.3481, -4.5336, 0.175899, -0.926719, -0.332042, 0.033025, 0.980771, 0.136009, 0.139967, 0.050569, -0.084549, -0.350277, 0.932822, 0.223567, 0.000000, 0.000000, 0.000000, 1.000000, -0.084721, -0.350299, 0.932798, 0.245558, -0.175899, 0.926719, 0.332040, -0.033026, -0.980756, -0.135947, -0.140130, 0.149466, 0.000000, 0.000000, 0.000000, 1.000000, 0.033932, 0.093010, -0.995087, 0.124253, -0.997801, -0.053564, -0.039031, -0.049348, -0.056931, 0.994223, 0.090988, -0.004534, 0.000000, 0.000000, 0.000000, 1.000000
-29.9975, 33.0250, 50.5669, 223.5660, 245.5571, -33.0253, 149.4675, 124.2531, -49.3478, -4.5337, 0.175896, -0.926719, -0.332042, 0.033025, 0.980772, 0.136008, 0.139960, 0.050567, -0.084543, -0.350276, 0.932823, 0.223566, 0.000000, 0.000000, 0.000000, 1.000000, -0.084715, -0.350298, 0.932799, 0.245557, -0.175896, 0.926720, 0.332040, -0.033025, -0.980757, -0.135947, -0.140123, 0.149468, 0.000000, 0.000000, 0.000000, 1.000000, 0.033932, 0.093010, -0.995087, 0.124253, -0.997801, -0.053564, -0.039031, -0.049348, -0.056931, 0.994223, 0.090988, -0.004534, 0.000000, 0.000000, 0.000000, 1.000000
-29.9976, 33.0249, 50.5659, 223.5655, 245.5566, -33.0252, 149.4685, 124.2533, -49.3476, -4.5337, 0.175895, -0.926720, -0.332042, 0.033025, 0.980772, 0.136008, 0.139957, 0.050566, -0.084540, -0.350275, 0.932824, 0.223566, 0.000000, 0.000000, 0.000000, 1.000000, -0.084712, -0.350297, 0.932800, 0.245557, -0.175895, 0.926720, 0.332040, -0.033025, -0.980757, -0.135947, -0.140120, 0.149468, 0.000000, 0.000000, 0.000000, 1.000000, 0.033932, 0.093010, -0.995087, 0.124253, -0.997801, -0.053564, -0.039031, -0.049348, -0.056931, 0.994223, 0.090988, -0.004534, 0.000000, 0.000000, 0.000000, 1.000000
-29.9978, 33.0247, 50.5640, 223.5645, 245.5556, -33.0250, 149.4704, 124.2537, -49.3473, -4.5338, 0.175893, -0.926720, -0.332042, 0.033025, 0.980773, 0.136008, 0.139950, 0.050564, -0.084534, -0.350274, 0.932825, 0.223565, 0.000000, 0.000000, 0.000000, 1.000000, -0.084706, -0.350296, 0.932801, 0.245556, -0.175893, 0.926720, 0.332040, -0.033025, -0.980758, -0.135947, -0.140113, 0.149470, 0.000000, 0.000000, 0.000000, 1.000000, 0.033932, 0.093010, -0.995087, 0.124254, -0.997801, -0.053564, -0.039032, -0.049347, -0.056931, 0.994223, 0.090988, -0.004534, 0.000000, 0.000000, 0.000000, 1.000000
-29.9979, 33.0245, 50.5630, 223.5640, 245.5552, -33.0249, 149.4714, 124.2540, -49.3472, -4.5338, 0.175892, -0.926720, -0.332042, 0.033025, 0.980773, 0.136009, 0.139947, 0.050563, -0.084531, -0.350274, 0.932825, 0.223564, 0.000000, 0.000000, 0.000000, 1.000000, -0.084702, -0.350296, 0.932801, 0.245555, -0.175892, 0.926721, 0.332041, -0.033025, -0.980759, -0.135947, -0.140110, 0.149471, 0.000000, 0.000000, 0.000000, 1.000000, 0.033933, 0.093010, -0.995087, 0.124254, -0.997801, -0.053564, -0.039032, -0.049347, -0.056931, 0.994223, 0.090988, -0.004534, 0.000000, 0.000000, 0.000000, 1.000000
-29.9980, 33.0243, 50.5610, 223.5631, 245.5542, -33.0247, 149.4735, 124.2544, -49.3469, -4.5338, 0.175891, -0.926720, -0.332042, 0.033024, 0.980774, 0.136010, 0.139941, 0.050561, -0.084525, -0.350273, 0.932826, 0.223563, 0.000000, 0.000000, 0.000000, 1.000000, -0.084696, -0.350295, 0.932802, 0.245554, -0.175891, 0.926721, 0.332041, -0.033025, -0.980759, -0.135949, -0.140103, 0.149474, 0.000000, 0.000000, 0.000000, 1.000000, 0.033933, 0.093010, -0.995087, 0.124254, -0.997801, -0.053564, -0.039032, -0.049347, -0.056931, 0.994223, 0.090988, -0.004534, 0.000000, 0.000000, 0.000000, 1.000000
-29.9980, 33.0240, 50.5587, 223.5622, 245.5533, -33.0244, 149.4758, 124.2547, -49.3466, -4.5336, 0.175893, -0.926720, -0.332042, 0.033024, 0.980774, 0.136014, 0.139935, 0.050559, -0.084518, -0.350272, 0.932827, 0.223562, 0.000000, 0.000000, 0.000000, 1.000000, -0.084689, -0.350294, 0.932803, 0.245553, -0.175893, 0.926720, 0.332041, -0.033024, -0.980760, -0.135953, -0.140097, 0.149476, 0.000000, 0.000000, 0.000000, 1.000000, 0.033933, 0.093010, -0.995087, 0.124255, -0.997801, -0.053564, -0.039032, -0.049347, -0.056931, 0.994223, 0.090988, -0.004534, 0.000000, 0.000000, 0.000000, 1.000000
-29.9979, 33.0238, 50.5575, 223.5618, 245.5529, -33.0242, 149.4771, 124.2549, -49.3465, -4.5334, 0.175895, -0.926719, -0.332042, 0.033024, 0.980774, 0.136017, 0.139932, 0.050557, -0.084514, -0.350272, 0.932827, 0.223562, 0.000000, 0.000000, 0.000000, 1.000000, -0.084685, -0.350294, 0.932804, 0.245553, -0.175895, 0.926720, 0.332041, -0.033024, -0.980760, -0.135956, -0.140094, 0.149477, 0.000000, 0.000000, 0.000000, 1.000000, 0.033933, 0.093010, -0.995087, 0.124255, -0.997801, -0.053564, -0.039032, -0.049346, -0.056931, 0.994223, 0.090988, -0.004533, 0.000000, 0.000000, 0.000000, 1.000000
-29.9975, 33.0234, 50.5546, 223.5610, 245.5522, -33.0238, 149.4800, 124.2552, -49.3462, -4.5329, 0.175902, -0.926718, -0.332042, 0.033023, 0.980774, 0.136027, 0.139927, 0.050555, -0.084506, -0.350272, 0.932828, 0.223561, 0.000000, 0.000000, 0.000000, 1.000000, -0.084677, -0.350294, 0.932804, 0.245552, -0.175902, 0.926719, 0.332041, -0.033024, -0.980759, -0.135966, -0.140089, 0.149480, 0.000000, 0.000000, 0.000000, 1.000000, 0.033932, 0.093010, -0.995087, 0.124255, -0.997801, -0.053564, -0.039031, -0.049346, -0.056931, 0.994223, 0.090988, -0.004533, 0.000000, 0.000000, 0.000000, 1.000000
-29.9971, 33.0232, 50.5529, 223.5607, 245.5519, -33.0235, 149.4817, 124.2554, -49.3460, -4.5325, 0.175908, -0.926717, -0.332042, 0.033023, 0.980773, 0.136034, 0.139924, 0.050553, -0.084501, -0.350272, 0.932829, 0.223561, 0.000000, 0.000000, 0.000000, 1.000000, -0.084672, -0.350294, 0.932805, 0.245552, -0.175908, 0.926718, 0.332041, -0.033024, -0.980758, -0.135973, -0.140087, 0.149482, 0.000000, 0.000000, 0.000000, 1.000000, 0.033932, 0.093010, -0.995087, 0.124255, -0.997801, -0.053564, -0.039031, -0.049346, -0.056931, 0.994223, 0.090988, -0.004533, 0.000000, 0.000000, 0.000000, 1.000000
-29.9962, 33.0225, 50.5490, 223.5601, 245.5513, -33.0229, 149.4857, 124.2556, -49.3458, -4.5314, 0.175925, -0.926714, -0.332042, 0.033023, 0.980771, 0.136054, 0.139920, 0.050549, -0.084490, -0.350273, 0.932829, 0.223560, 0.000000, 0.000000, 0.000000, 1.000000, -0.084661, -0.350295, 0.932806, 0.245551, -0.175925, 0.926714, 0.332040, -0.033023, -0.980756, -0.135993, -0.140082, 0.149486, 0.000000, 0.000000, 0.000000, 1.000000, 0.033931, 0.093011, -0.995087, 0.124256, -0.997801, -0.053564, -0.039030, -0.049346, -0.056931, 0.994223, 0.090989, -0.004531, 0.000000, 0.000000, 0.000000, 1.000000
-29.9955, 33.0222, 50.5467, 223.5599, 245.5511, -33.0225, 149.4880, 124.2557, -49.3456, -4.5307, 0.175936, -0.926712, -0.332042, 0.033022, 0.980770, 0.136066, 0.139918, 0.050547, -0.084484, -0.350273, 0.932830, 0.223560, 0.000000, 0.000000, 0.000000, 1.000000, -0.084655, -0.350295, 0.932806, 0.245551, -0.175936, 0.926712, 0.332040, -0.033023, -0.980755, -0.136005, -0.140080, 0.149488, 0.000000, 0.000000, 0.000000, 1.000000, 0.033930, 0.093011, -0.995087, 0.124256, -0.997801, -0.053564, -0.039029, -0.049346, -0.056931, 0.994223, 0.090990, -0.004531, 0.000000, 0.000000, 0.000000, 1.000000
-29.9927, 33.0207, 50.5381, 223.5595, 245.5507, -33.0211, 149.4966, 124.2558, -49.3452, -4.5277, 0.175984, -0.926703, -0.332042, 0.033021, 0.980763, 0.136118, 0.139914, 0.050538, -0.084462, -0.350277, 0.932830, 0.223560, 0.000000, 0.000000, 0.000000, 1.000000, -0.084632, -0.350299, 0.932807, 0.245551, -0.175983, 0.926703, 0.332040, -0.033021, -0.980748, -0.136057, -0.140075, 0.149497, 0.000000, 0.000000, 0.000000, 1.000000, 0.033926, 0.093013, -0.995087, 0.124256, -0.997802, -0.053564, -0.039026, -0.049345, -0.056931, 0.994223, 0.090991, -0.004528, 0.000000, 0.000000, 0.000000, 1.000000
-29.9900, 33.0195, 50.5309, 223.5595, 245.5507, -33.0198, 149.5038, 124.2558, -49.3449, -4.5250, 0.176027, -0.926695, -0.332041, 0.033019, 0.980757, 0.136165, 0.139912, 0.050531, -0.084443, -0.350280, 0.932831, 0.223559, 0.000000, 0.000000, 0.000000, 1.000000, -0.084613, -0.350302, 0.932807, 0.245551, -0.176027, 0.926695, 0.332040, -0.033020, -0.980742, -0.136105, -0.140073, 0.149504, 0.000000, 0.000000, 0.000000, 1.000000, 0.033923, 0.093015, -0.995087, 0.124256, -0.997802, -0.053564, -0.039023, -0.049345, -0.056931, 0.994223, 0.090993, -0.004525, 0.000000, 0.000000, 0.000000, 1.000000
-29.9866, 33.0179, 50.5223, 223.5597, 245.5509, -33.0183, 149.5125, 124.2557, -49.3446, -4.5216, 0.176083, -0.926684, -0.332041, 0.033018, 0.980749, 0.136225, 0.139911, 0.050522, -0.084421, -0.350284, 0.932831, 0.223560, 0.000000, 0.000000, 0.000000, 1.000000, -0.084591, -0.350306, 0.932807, 0.245551, -0.176083, 0.926685, 0.332039, -0.033018, -0.980734, -0.136164, -0.140072, 0.149512, 0.000000, 0.000000, 0.000000, 1.000000, 0.033919, 0.093017, -0.995087, 0.124256, -0.997802, -0.053565, -0.039019, -0.049345, -0.056931, 0.994223, 0.090995, -0.004522, 0.000000, 0.000000, 0.000000, 1.000000
-29.9866, 33.0179, 50.5223, 223.5597, 245.5509, -33.0183, 149.5125, 124.2557, -49.3446, -4.5216, 0.176083, -0.926684, -0.332041, 0.033018, 0.980749, 0.136225, 0.139911, 0.050522, -0.084421, -0.350284, 0.932831, 0.223560, 0.000000, 0.000000, 0.000000, 1.000000, -0.084591, -0.350306, 0.932807, 0.245551, -0.176083, 0.926685, 0.332039, -0.033018, -0.980734, -0.136164, -0.140072, 0.149512, 0.000000, 0.000000, 0.000000, 1.000000, 0.033919, 0.093017, -0.995087, 0.124256, -0.997802, -0.053565, -0.039019, -0.049345, -0.056931, 0.994223, 0.090995, -0.004522, 0.000000, 0.000000, 0.000000, 1.000000
-29.9824, 33.0161, 50.5121, 223.5601, 245.5513, -33.0165, 149.5228, 124.2555, -49.3442, -4.5173, 0.176152, -0.926671, -0.332040, 0.033016, 0.980739, 0.136297, 0.139911, 0.050512, -0.084395, -0.350290, 0.932831, 0.223560, 0.000000, 0.000000, 0.000000, 1.000000, -0.084565, -0.350312, 0.932808, 0.245551, -0.176152, 0.926672, 0.332039, -0.033016, -0.980724, -0.136237, -0.140072, 0.149523, 0.000000, 0.000000, 0.000000, 1.000000, 0.033915, 0.093019, -0.995087, 0.124256, -0.997802, -0.053565, -0.039014, -0.049344, -0.056931, 0.994222, 0.090998, -0.004517, 0.000000, 0.000000, 0.000000, 1.000000
-29.9774, 33.0139, 50.5001, 223.5607, 245.5520, -33.0143, 149.5349, 124.2553, -49.3439, -4.5122, 0.176234, -0.926656, -0.332040, 0.033014, 0.980726, 0.136385, 0.139911, 0.050500, -0.084365, -0.350297, 0.932831, 0.223561, 0.000000, 0.000000, 0.000000, 1.000000, -0.084534, -0.350319, 0.932808, 0.245552, -0.176234, 0.926656, 0.332038, -0.033014, -0.980712, -0.136324, -0.140072, 0.149535, 0.000000, 0.000000, 0.000000, 1.000000, 0.033909, 0.093022, -0.995086, 0.124255, -0.997802, -0.053565, -0.039008, -0.049344, -0.056931, 0.994222, 0.091001, -0.004512, 0.000000, 0.000000, 0.000000, 1.000000
-29.9714, 33.0114, 50.4861, 223.5616, 245.5529, -33.0117, 149.5489, 124.2549, -49.3435, -4.5062, 0.176332, -0.926637, -0.332039, 0.033011, 0.980712, 0.136487, 0.139913, 0.050486, -0.084330, -0.350306, 0.932831, 0.223562, 0.000000, 0.000000, 0.000000, 1.000000, -0.084499, -0.350328, 0.932808, 0.245553, -0.176332, 0.926638, 0.332038, -0.033012, -0.980697, -0.136427, -0.140074, 0.149549, 0.000000, 0.000000, 0.000000, 1.000000, 0.033902, 0.093026, -0.995086, 0.124255, -0.997802, -0.053565, -0.039002, -0.049344, -0.056930, 0.994222, 0.091005, -0.004506, 0.000000, 0.000000, 0.000000, 1.000000
-29.9645, 33.0084, 50.4702, 223.5628, 245.5541, -33.0088, 149.5649, 124.2544, -49.3431, -4.4992, 0.176445, -0.926616, -0.332038, 0.033008, 0.980695, 0.136607, 0.139916, 0.050470, -0.084289, -0.350316, 0.932831, 0.223563, 0.000000, 0.000000, 0.000000, 1.000000, -0.084458, -0.350338, 0.932808, 0.245554, -0.176445, 0.926617, 0.332037, -0.033009, -0.980680, -0.136546, -0.140076, 0.149565, 0.000000, 0.000000, 0.000000, 1.000000, 0.033894, 0.093030, -0.995086, 0.124254, -0.997803, -0.053566, -0.038994, -0.049343, -0.056930, 0.994221, 0.091010, -0.004499, 0.000000, 0.000000, 0.000000, 1.000000
-29.9606, 33.0068, 50.4614, 223.5635, 245.5548, -33.0072, 149.5737, 124.2541, -49.3429, -4.4953, 0.176508, -0.926604, -0.332038, 0.033007, 0.980685, 0.136672, 0.139917, 0.050461, -0.084267, -0.350321, 0.932831, 0.223563, 0.000000, 0.000000, 0.000000, 1.000000, -0.084436, -0.350343, 0.932808, 0.245555, -0.176508, 0.926605, 0.332037, -0.033007, -0.980671, -0.136612, -0.140077, 0.149574, 0.000000, 0.000000, 0.000000, 1.000000, 0.033889, 0.093032, -0.995086, 0.124254, -0.997803, -0.053566, -0.038989, -0.049343, -0.056930, 0.994221, 0.091012, -0.004495, 0.000000, 0.000000, 0.000000, 1.000000
-29.9522, 33.0033, 50.4423, 223.5650, 245.5563, -33.0036, 149.5929, 124.2534, -49.3424, -4.4868, 0.176646, -0.926578, -0.332037, 0.033003, 0.980665, 0.136817, 0.139921, 0.050442, -0.084220, -0.350334, 0.932831, 0.223565, 0.000000, 0.000000, 0.000000, 1.000000, -0.084388, -0.350356, 0.932807, 0.245556, -0.176646, 0.926579, 0.332036, -0.033004, -0.980650, -0.136757, -0.140081, 0.149593, 0.000000, 0.000000, 0.000000, 1.000000, 0.033879, 0.093037, -0.995086, 0.124253, -0.997803, -0.053567, -0.038980, -0.049342, -0.056930, 0.994221, 0.091018, -0.004487, 0.000000, 0.000000, 0.000000, 1.000000
-29.9475, 33.0014, 50.4319, 223.5659, 245.5572, -33.0017, 149.6033, 124.2530, -49.3422, -4.4822, 0.176721, -0.926564, -0.332037, 0.033001, 0.980653, 0.136896, 0.139923, 0.050432, -0.084194, -0.350340, 0.932831, 0.223566, 0.000000, 0.000000, 0.000000, 1.000000, -0.084362, -0.350362, 0.932807, 0.245557, -0.176721, 0.926565, 0.332035, -0.033002, -0.980639, -0.136836, -0.140083, 0.149603, 0.000000, 0.000000, 0.000000, 1.000000, 0.033874, 0.093040, -0.995086, 0.124253, -0.997803, -0.053567, -0.038975, -0.049342, -0.056930, 0.994220, 0.091021, -0.004482, 0.000000, 0.000000, 0.000000, 1.000000
-29.9427, 32.9993, 50.4209, 223.5668, 245.5581, -32.9997, 149.6143, 124.2526, -49.3419, -4.4773, 0.176801, -0.926549, -0.332036, 0.032999, 0.980641, 0.136979, 0.139926, 0.050421, -0.084166, -0.350348, 0.932830, 0.223567, 0.000000, 0.000000, 0.000000, 1.000000, -0.084334, -0.350369, 0.932807, 0.245558, -0.176801, 0.926550, 0.332035, -0.033000, -0.980627, -0.136919, -0.140086, 0.149614, 0.000000, 0.000000, 0.000000, 1.000000, 0.033868, 0.093043, -0.995086, 0.124253, -0.997804, -0.053567, -0.038969, -0.049342, -0.056930, 0.994220, 0.091024, -0.004477, 0.000000, 0.000000, 0.000000, 1.000000
-29.9264, 32.9926, 50.3846, 223.5700, 245.5613, -32.9929, 149.6507, 124.2513, -49.3411, -4.4610, 0.177065, -0.926499, -0.332035, 0.032993, 0.980601, 0.137256, 0.139935, 0.050385, -0.084076, -0.350371, 0.932830, 0.223570, 0.000000, 0.000000, 0.000000, 1.000000, -0.084243, -0.350393, 0.932806, 0.245561, -0.177065, 0.926500, 0.332033, -0.032993, -0.980587, -0.137196, -0.140094, 0.149651, 0.000000, 0.000000, 0.000000, 1.000000, 0.033849, 0.093052, -0.995086, 0.124251, -0.997804, -0.053568, -0.038951, -0.049341, -0.056929, 0.994219, 0.091035, -0.004461, 0.000000, 0.000000, 0.000000, 1.000000
-29.9205, 32.9901, 50.3714, 223.5712, 245.5625, -32.9905, 149.6639, 124.2508, -49.3408, -4.4551, 0.177162, -0.926481, -0.332034, 0.032990, 0.980587, 0.137357, 0.139938, 0.050371, -0.084043, -0.350380, 0.932829, 0.223571, 0.000000, 0.000000, 0.000000, 1.000000, -0.084210, -0.350402, 0.932806, 0.245563, -0.177162, 0.926482, 0.332033, -0.032990, -0.980572, -0.137297, -0.140097, 0.149664, 0.000000, 0.000000, 0.000000, 1.000000, 0.033842, 0.093056, -0.995086, 0.124251, -0.997804, -0.053568, -0.038944, -0.049341, -0.056929, 0.994219, 0.091038, -0.004455, 0.000000, 0.000000, 0.000000, 1.000000
-29.9078, 32.9848, 50.3431, 223.5737, 245.5651, -32.9852, 149.6922, 124.2497, -49.3402, -4.4424, 0.177369, -0.926442, -0.332033, 0.032985, 0.980555, 0.137573, 0.139945, 0.050343, -0.083972, -0.350399, 0.932829, 0.223574, 0.000000, 0.000000, 0.000000, 1.000000, -0.084140, -0.350420, 0.932805, 0.245565, -0.177368, 0.926442, 0.332031, -0.032985, -0.980541, -0.137513, -0.140104, 0.149692, 0.000000, 0.000000, 0.000000, 1.000000, 0.033827, 0.093063, -0.995085, 0.124250, -0.997805, -0.053569, -0.038930, -0.049340, -0.056929, 0.994218, 0.091047, -0.004442, 0.000000, 0.000000, 0.000000, 1.000000
-29.9011, 32.9820, 50.3282, 223.5751, 245.5665, -32.9824, 149.7072, 124.2491, -49.3398, -4.4357, 0.177478, -0.926421, -0.332032, 0.032982, 0.980539, 0.137687, 0.139949, 0.050328, -0.083935, -0.350408, 0.932828, 0.223575, 0.000000, 0.000000, 0.000000, 1.000000, -0.084102, -0.350430, 0.932805, 0.245566, -0.177478, 0.926422, 0.332031, -0.032982, -0.980525, -0.137628, -0.140108, 0.149707, 0.000000, 0.000000, 0.000000, 1.000000, 0.033819, 0.093067, -0.995085, 0.124249, -0.997805, -0.053569, -0.038922, -0.049340, -0.056928, 0.994218, 0.091051, -0.004436, 0.000000, 0.000000, 0.000000, 1.000000
-29.8869, 32.9761, 50.2965, 223.5780, 245.5694, -32.9765, 149.7389, 124.2479, -49.3391, -4.4214, 0.177710, -0.926377, -0.332031, 0.032976, 0.980504, 0.137930, 0.139957, 0.050297, -0.083856, -0.350429, 0.932828, 0.223578, 0.000000, 0.000000, 0.000000, 1.000000, -0.084023, -0.350451, 0.932804, 0.245569, -0.177710, 0.926378, 0.332029, -0.032976, -0.980489, -0.137870, -0.140116, 0.149739, 0.000000, 0.000000, 0.000000, 1.000000, 0.033803, 0.093075, -0.995085, 0.124248, -0.997806, -0.053570, -0.038906, -0.049339, -0.056928, 0.994217, 0.091060, -0.004421, 0.000000, 0.000000, 0.000000, 1.000000
-29.8794, 32.9730, 50.2799, 223.5795, 245.5709, -32.9733, 149.7556, 124.2473, -49.3387, -4.4139, 0.177832, -0.926354, -0.332030, 0.032973, 0.980485, 0.138058, 0.139961, 0.050280, -0.083815, -0.350440, 0.932827, 0.223580, 0.000000, 0.000000, 0.000000, 1.000000, -0.083981, -0.350462, 0.932804, 0.245571, -0.177832, 0.926355, 0.332029, -0.032973, -0.980471, -0.137998, -0.140120, 0.149756, 0.000000, 0.000000, 0.000000, 1.000000, 0.033794, 0.093080, -0.995085, 0.124247, -0.997806, -0.053571, -0.038897, -0.049339, -0.056928, 0.994216, 0.091065, -0.004414, 0.000000, 0.000000, 0.000000, 1.000000
-29.8636, 32.9664, 50.2449, 223.5828, 245.5742, -32.9668, 149.7907, 124.2459, -49.3379, -4.3981, 0.178088, -0.926305, -0.332029, 0.032966, 0.980446, 0.138326, 0.139971, 0.050245, -0.083727, -0.350463, 0.932826, 0.223583, 0.000000, 0.000000, 0.000000, 1.000000, -0.083894, -0.350485, 0.932803, 0.245574, -0.178088, 0.926306, 0.332027, -0.032967, -0.980432, -0.138266, -0.140129, 0.149791, 0.000000, 0.000000, 0.000000, 1.000000, 0.033776, 0.093089, -0.995085, 0.124246, -0.997807, -0.053572, -0.038880, -0.049338, -0.056927, 0.994216, 0.091075, -0.004398, 0.000000, 0.000000, 0.000000, 1.000000
-29.8636, 32.9664, 50.2449, 223.5828, 245.5742, -32.9668, 149.7907, 124.2459, -49.3379, -4.3981, 0.178088, -0.926305, -0.332029, 0.032966, 0.980446, 0.138326, 0.139971, 0.050245, -0.083727, -0.350463, 0.932826, 0.223583, 0.000000, 0.000000, 0.000000, 1.000000, -0.083894, -0.350485, 0.932803, 0.245574, -0.178088, 0.926306, 0.332027, -0.032967, -0.980432, -0.138266, -0.140129, 0.149791, 0.000000, 0.000000, 0.000000, 1.000000, 0.033776, 0.093089, -0.995085, 0.124246, -0.997807, -0.053572, -0.038880, -0.049338, -0.056927, 0.994216, 0.091075, -0.004398, 0.000000, 0.000000, 0.000000, 1.000000
-29.8382, 32.9558, 50.1883, 223.5880, 245.5794, -32.9561, 149.8473, 124.2437, -49.3366, -4.3727, 0.178502, -0.926226, -0.332027, 0.032956, 0.980383, 0.138758, 0.139985, 0.050188, -0.083587, -0.350501, 0.932825, 0.223588, 0.000000, 0.000000, 0.000000, 1.000000, -0.083753, -0.350523, 0.932802, 0.245579, -0.178502, 0.926227, 0.332025, -0.032956, -0.980369, -0.138699, -0.140143, 0.149847, 0.000000, 0.000000, 0.000000, 1.000000, 0.033746, 0.093104, -0.995084, 0.124244, -0.997808, -0.053573, -0.038851, -0.049337, -0.056927, 0.994214, 0.091092, -0.004373, 0.000000, 0.000000, 0.000000, 1.000000
-29.8293, 32.9520, 50.1685, 223.5898, 245.5813, -32.9524, 149.8672, 124.2430, -49.3362, -4.3637, 0.178647, -0.926199, -0.332026, 0.032952, 0.980360, 0.138910, 0.139990, 0.050168, -0.083537, -0.350514, 0.932825, 0.223590, 0.000000, 0.000000, 0.000000, 1.000000, -0.083703, -0.350536, 0.932801, 0.245581, -0.178647, 0.926199, 0.332024, -0.032952, -0.980346, -0.138851, -0.140148, 0.149867, 0.000000, 0.000000, 0.000000, 1.000000, 0.033735, 0.093109, -0.995084, 0.124243, -0.997808, -0.053573, -0.038841, -0.049336, -0.056927, 0.994214, 0.091098, -0.004364, 0.000000, 0.000000, 0.000000, 1.000000
-29.8013, 32.9406, 50.1092, 223.5967, 245.5882, -32.9410, 149.9266, 124.2401, -49.3351, -4.3359, 0.179102, -0.926112, -0.332023, 0.032941, 0.980290, 0.139382, 0.140015, 0.050109, -0.083391, -0.350556, 0.932822, 0.223597, 0.000000, 0.000000, 0.000000, 1.000000, -0.083557, -0.350578, 0.932799, 0.245588, -0.179102, 0.926112, 0.332022, -0.032941, -0.980276, -0.139323, -0.140172, 0.149927, 0.000000, 0.000000, 0.000000, 1.000000, 0.033703, 0.093126, -0.995084, 0.124240, -0.997809, -0.053575, -0.038809, -0.049335, -0.056926, 0.994212, 0.091116, -0.004336, 0.000000, 0.000000, 0.000000, 1.000000
-29.7915, 32.9369, 50.0904, 223.5998, 245.5913, -32.9373, 149.9454, 124.2387, -49.3350, -4.3263, 0.179259, -0.926082, -0.332022, 0.032937, 0.980265, 0.139544, 0.140028, 0.050090, -0.083346, -0.350571, 0.932820, 0.223600, 0.000000, 0.000000, 0.000000, 1.000000, -0.083511, -0.350593, 0.932797, 0.245591, -0.179259, 0.926082, 0.332021, -0.032937, -0.980251, -0.139485, -0.140185, 0.149945, 0.000000, 0.000000, 0.000000, 1.000000, 0.033691, 0.093131, -0.995084, 0.124239, -0.997810, -0.053576, -0.038798, -0.049335, -0.056926, 0.994211, 0.091122, -0.004326, 0.000000, 0.000000, 0.000000, 1.000000
-29.7715, 32.9291, 50.0510, 223.6060, 245.5975, -32.9295, 149.9847, 124.2361, -49.3346, -4.3066, 0.179583, -0.926020, -0.332020, 0.032929, 0.980214, 0.139877, 0.140054, 0.050051, -0.083251, -0.350602, 0.932817, 0.223606, 0.000000, 0.000000, 0.000000, 1.000000, -0.083416, -0.350624, 0.932794, 0.245598, -0.179583, 0.926020, 0.332019, -0.032929, -0.980200, -0.139818, -0.140211, 0.149985, 0.000000, 0.000000, 0.000000, 1.000000, 0.033668, 0.093143, -0.995083, 0.124236, -0.997811, -0.053577, -0.038775, -0.049335, -0.056925, 0.994210, 0.091135, -0.004307, 0.000000, 0.000000, 0.000000, 1.000000
-29.7612, 32.9251, 50.0305, 223.6091, 245.6006, -32.9254, 150.0052, 124.2348, -49.3344, -4.2964, 0.179749, -0.925988, -0.332019, 0.032925, 0.980188, 0.140049, 0.140066, 0.050030, -0.083201, -0.350618, 0.932816, 0.223609, 0.000000, 0.000000, 0.000000, 1.000000, -0.083366, -0.350640, 0.932792, 0.245601, -0.179749, 0.925988, 0.332018, -0.032925, -0.980174, -0.139990, -0.140224, 0.150005, 0.000000, 0.000000, 0.000000, 1.000000, 0.033656, 0.093149, -0.995083, 0.124235, -0.997811, -0.053577, -0.038763, -0.049334, -0.056925, 0.994210, 0.091142, -0.004296, 0.000000, 0.000000, 0.000000, 1.000000
-29.7401, 32.9167, 49.9878, 223.6151, 245.6066, -32.9171, 150.0479, 124.2323, -49.3339, -4.2755, 0.180091, -0.925922, -0.332017, 0.032917, 0.980134, 0.140402, 0.140090, 0.049988, -0.083097, -0.350650, 0.932813, 0.223615, 0.000000, 0.000000, 0.000000, 1.000000, -0.083262, -0.350672, 0.932790, 0.245607, -0.180091, 0.925923, 0.332016, -0.032917, -0.980120, -0.140342, -0.140247, 0.150048, 0.000000, 0.000000, 0.000000, 1.000000, 0.033631, 0.093161, -0.995083, 0.124232, -0.997812, -0.053579, -0.038739, -0.049334, -0.056924, 0.994208, 0.091156, -0.004276, 0.000000, 0.000000, 0.000000, 1.000000
-29.7184, 32.9079, 49.9429, 223.6211, 245.6126, -32.9083, 150.0928, 124.2298, -49.3332, -4.2540, 0.180443, -0.925854, -0.332015, 0.032908, 0.980078, 0.140766, 0.140112, 0.049943, -0.082987, -0.350683, 0.932810, 0.223621, 0.000000, 0.000000, 0.000000, 1.000000, -0.083152, -0.350705, 0.932787, 0.245613, -0.180443, 0.925855, 0.332014, -0.032908, -0.980064, -0.140707, -0.140269, 0.150093, 0.000000, 0.000000, 0.000000, 1.000000, 0.033606, 0.093174, -0.995083, 0.124230, -0.997813, -0.053580, -0.038715, -0.049333, -0.056924, 0.994207, 0.091170, -0.004254, 0.000000, 0.000000, 0.000000, 1.000000
-29.7073, 32.9034, 49.9197, 223.6240, 245.6155, -32.9038, 150.1159, 124.2286, -49.3328, -4.2430, 0.180622, -0.925820, -0.332014, 0.032903, 0.980050, 0.140952, 0.140122, 0.049920, -0.082930, -0.350700, 0.932809, 0.223624, 0.000000, 0.000000, 0.000000, 1.000000, -0.083096, -0.350722, 0.932786, 0.245615, -0.180622, 0.925820, 0.332013, -0.032904, -0.980036, -0.140893, -0.140280, 0.150116, 0.000000, 0.000000, 0.000000, 1.000000, 0.033593, 0.093180, -0.995082, 0.124229, -0.997813, -0.053580, -0.038702, -0.049333, -0.056923, 0.994206, 0.091177, -0.004243, 0.000000, 0.000000, 0.000000, 1.000000
-29.6848, 32.8941, 49.8720, 223.6296, 245.6212, -32.8945, 150.1637, 124.2263, -49.3319, -4.2205, 0.180988, -0.925749, -0.332012, 0.032894, 0.979993, 0.141332, 0.140142, 0.049872, -0.082812, -0.350734, 0.932807, 0.223630, 0.000000, 0.000000, 0.000000, 1.000000, -0.082978, -0.350756, 0.932783, 0.245621, -0.180988, 0.925749, 0.332011, -0.032894, -0.979979, -0.141273, -0.140299, 0.150164, 0.000000, 0.000000, 0.000000, 1.000000, 0.033566, 0.093194, -0.995082, 0.124226, -0.997814, -0.053582, -0.038677, -0.049332, -0.056923, 0.994205, 0.091191, -0.004221, 0.000000, 0.000000, 0.000000, 1.000000
-29.6733, 32.8894, 49.8475, 223.6324, 245.6239, -32.8897, 150.1882, 124.2251, -49.3314, -4.2091, 0.181174, -0.925713, -0.332012, 0.032889, 0.979963, 0.141526, 0.140151, 0.049847, -0.082751, -0.350751, 0.932805, 0.223632, 0.000000, 0.000000, 0.000000, 1.000000, -0.082917, -0.350773, 0.932782, 0.245624, -0.181174, 0.925713, 0.332010, -0.032890, -0.979949, -0.141466, -0.140309, 0.150188, 0.000000, 0.000000, 0.000000, 1.000000, 0.033553, 0.093200, -0.995082, 0.124225, -0.997815, -0.053582, -0.038664, -0.049331, -0.056922, 0.994205, 0.091199, -0.004209, 0.000000, 0.000000, 0.000000, 1.000000
-29.6502, 32.8796, 49.7972, 223.6378, 245.6293, -32.8800, 150.2385, 124.2229, -49.3303, -4.1860, 0.181551, -0.925640, -0.332010, 0.032880, 0.979904, 0.141918, 0.140168, 0.049797, -0.082627, -0.350785, 0.932804, 0.223638, 0.000000, 0.000000, 0.000000, 1.000000, -0.082793, -0.350808, 0.932780, 0.245629, -0.181551, 0.925640, 0.332008, -0.032880, -0.979890, -0.141859, -0.140326, 0.150238, 0.000000, 0.000000, 0.000000, 1.000000, 0.033526, 0.093214, -0.995082, 0.124223, -0.997816, -0.053584, -0.038637, -0.049330, -0.056922, 0.994203, 0.091214, -0.004186, 0.000000, 0.000000, 0.000000, 1.000000
-29.6384, 32.8747, 49.7715, 223.6404, 245.6320, -32.8750, 150.2642, 124.2218, -49.3297, -4.1742, 0.181741, -0.925603, -0.332009, 0.032875, 0.979874, 0.142117, 0.140176, 0.049771, -0.082563, -0.350803, 0.932803, 0.223640, 0.000000, 0.000000, 0.000000, 1.000000, -0.082729, -0.350825, 0.932780, 0.245632, -0.181741, 0.925603, 0.332007, -0.032875, -0.979860, -0.142058, -0.140333, 0.150264, 0.000000, 0.000000, 0.000000, 1.000000, 0.033512, 0.093221, -0.995081, 0.124222, -0.997816, -0.053584, -0.038624, -0.049330, -0.056921, 0.994203, 0.091221, -0.004174, 0.000000, 0.000000, 0.000000, 1.000000
-29.6148, 32.8646, 49.7191, 223.6455, 245.6371, -32.8649, 150.3166, 124.2198, -49.3284, -4.1505, 0.182127, -0.925528, -0.332007, 0.032865, 0.979814, 0.142520, 0.140191, 0.049719, -0.082433, -0.350837, 0.932801, 0.223646, 0.000000, 0.000000, 0.000000, 1.000000, -0.082598, -0.350860, 0.932778, 0.245637, -0.182127, 0.925528, 0.332005, -0.032865, -0.979800, -0.142461, -0.140348, 0.150317, 0.000000, 0.000000, 0.000000, 1.000000, 0.033484, 0.093234, -0.995081, 0.124220, -0.997817, -0.053586, -0.038597, -0.049328, -0.056921, 0.994201, 0.091237, -0.004151, 0.000000, 0.000000, 0.000000, 1.000000
-29.5908, 32.8543, 49.6656, 223.6504, 245.6420, -32.8546, 150.3701, 124.2178, -49.3271, -4.1265, 0.182516, -0.925452, -0.332005, 0.032854, 0.979752, 0.142928, 0.140204, 0.049666, -0.082299, -0.350872, 0.932800, 0.223650, 0.000000, 0.000000, 0.000000, 1.000000, -0.082465, -0.350895, 0.932777, 0.245642, -0.182516, 0.925452, 0.332003, -0.032855, -0.979738, -0.142868, -0.140361, 0.150370, 0.000000, 0.000000, 0.000000, 1.000000, 0.033456, 0.093248, -0.995081, 0.124218, -0.997818, -0.053587, -0.038570, -0.049327, -0.056920, 0.994200, 0.091252, -0.004127, 0.000000, 0.000000, 0.000000, 1.000000
-29.5788, 32.8490, 49.6384, 223.6528, 245.6444, -32.8494, 150.3973, 124.2168, -49.3264, -4.1144, 0.182712, -0.925413, -0.332004, 0.032849, 0.979722, 0.143133, 0.140210, 0.049638, -0.082231, -0.350890, 0.932799, 0.223653, 0.000000, 0.000000, 0.000000, 1.000000, -0.082397, -0.350912, 0.932776, 0.245644, -0.182712, 0.925414, 0.332003, -0.032849, -0.979708, -0.143074, -0.140367, 0.150397, 0.000000, 0.000000, 0.000000, 1.000000, 0.033442, 0.093255, -0.995080, 0.124217, -0.997819, -0.053588, -0.038556, -0.049326, -0.056920, 0.994199, 0.091260, -0.004114, 0.000000, 0.000000, 0.000000, 1.000000
-29.5546, 32.8385, 49.5835, 223.6574, 245.6490, -32.8388, 150.4522, 124.2150, -49.3249, -4.0901, 0.183106, -0.925336, -0.332002, 0.032838, 0.979660, 0.143546, 0.140220, 0.049584, -0.082094, -0.350924, 0.932798, 0.223657, 0.000000, 0.000000, 0.000000, 1.000000, -0.082259, -0.350947, 0.932775, 0.245649, -0.183106, 0.925337, 0.332001, -0.032839, -0.979646, -0.143486, -0.140378, 0.150452, 0.000000, 0.000000, 0.000000, 1.000000, 0.033414, 0.093269, -0.995080, 0.124215, -0.997819, -0.053589, -0.038529, -0.049325, -0.056919, 0.994198, 0.091275, -0.004090, 0.000000, 0.000000, 0.000000, 1.000000
-29.5425, 32.8332, 49.5558, 223.6597, 245.6512, -32.8335, 150.4799, 124.2141, -49.3241, -4.0779, 0.183303, -0.925297, -0.332001, 0.032833, 0.979628, 0.143753, 0.140225, 0.049556, -0.082024, -0.350942, 0.932798, 0.223660, 0.000000, 0.000000, 0.000000, 1.000000, -0.082190, -0.350964, 0.932775, 0.245651, -0.183303, 0.925298, 0.332000, -0.032834, -0.979615, -0.143694, -0.140383, 0.150480, 0.000000, 0.000000, 0.000000, 1.000000, 0.033400, 0.093276, -0.995080, 0.124214, -0.997820, -0.053590, -0.038515, -0.049324, -0.056919, 0.994197, 0.091283, -0.004078, 0.000000, 0.000000, 0.000000, 1.000000
-29.5304, 32.8278, 49.5279, 223.6618, 245.6534, -32.8282, 150.5078, 124.2132, -49.3233, -4.0657, 0.183501, -0.925258, -0.332000, 0.032828, 0.979597, 0.143961, 0.140230, 0.049528, -0.081954, -0.350959, 0.932798, 0.223662, 0.000000, 0.000000, 0.000000, 1.000000, -0.082120, -0.350982, 0.932774, 0.245653, -0.183501, 0.925259, 0.331999, -0.032828, -0.979583, -0.143901, -0.140387, 0.150508, 0.000000, 0.000000, 0.000000, 1.000000, 0.033385, 0.093283, -0.995080, 0.124213, -0.997820, -0.053591, -0.038501, -0.049323, -0.056918, 0.994196, 0.091291, -0.004066, 0.000000, 0.000000, 0.000000, 1.000000
-29.5062, 32.8171, 49.4719, 223.6661, 245.6577, -32.8174, 150.5638, 124.2115, -49.3216, -4.0413, 0.183896, -0.925181, -0.331999, 0.032817, 0.979535, 0.144376, 0.140238, 0.049472, -0.081813, -0.350993, 0.932797, 0.223666, 0.000000, 0.000000, 0.000000, 1.000000, -0.081979, -0.351016, 0.932774, 0.245658, -0.183896, 0.925181, 0.331997, -0.032817, -0.979521, -0.144317, -0.140396, 0.150564, 0.000000, 0.000000, 0.000000, 1.000000, 0.033357, 0.093297, -0.995079, 0.124212, -0.997821, -0.053592, -0.038474, -0.049322, -0.056918, 0.994195, 0.091307, -0.004041, 0.000000, 0.000000, 0.000000, 1.000000
-29.4821, 32.8063, 49.4156, 223.6701, 245.6617, -32.8066, 150.6201, 124.2099, -49.3199, -4.0169, 0.184291, -0.925103, -0.331997, 0.032806, 0.979473, 0.144791, 0.140246, 0.049416, -0.081671, -0.351028, 0.932797, 0.223670, 0.000000, 0.000000, 0.000000, 1.000000, -0.081837, -0.351051, 0.932773, 0.245662, -0.184290, 0.925103, 0.331995, -0.032807, -0.979459, -0.144732, -0.140403, 0.150620, 0.000000, 0.000000, 0.000000, 1.000000, 0.033329, 0.093311, -0.995079, 0.124210, -0.997822, -0.053593, -0.038446, -0.049320, -0.056917, 0.994194, 0.091322, -0.004017, 0.000000, 0.000000, 0.000000, 1.000000
-29.4700, 32.8009, 49.3875, 223.6721, 245.6637, -32.8012, 150.6482, 124.2091, -49.3190, -4.0048, 0.184487, -0.925064, -0.331996, 0.032801, 0.979442, 0.144998, 0.140249, 0.049388, -0.081601, -0.351045, 0.932796, 0.223672, 0.000000, 0.000000, 0.000000, 1.000000, -0.081766, -0.351068, 0.932773, 0.245664, -0.184487, 0.925065, 0.331994, -0.032801, -0.979428, -0.144938, -0.140406, 0.150648, 0.000000, 0.000000, 0.000000, 1.000000, 0.033315, 0.093318, -0.995079, 0.124209, -0.997823, -0.053594, -0.038432, -0.049319, -0.056917, 0.994193, 0.091330, -0.004005, 0.000000, 0.000000, 0.000000, 1.000000
-29.4343, 32.7847, 49.3033, 223.6776, 245.6693, -32.7851, 150.7324, 124.2069, -49.3164, -3.9687, 0.185071, -0.924948, -0.331993, 0.032785, 0.979349, 0.145613, 0.140257, 0.049303, -0.081388, -0.351095, 0.932796, 0.223678, 0.000000, 0.000000, 0.000000, 1.000000, -0.081553, -0.351118, 0.932773, 0.245669, -0.185071, 0.924949, 0.331992, -0.032785, -0.979335, -0.145554, -0.140414, 0.150732, 0.000000, 0.000000, 0.000000, 1.000000, 0.033273, 0.093339, -0.995078, 0.124207, -0.997824, -0.053596, -0.038392, -0.049316, -0.056916, 0.994191, 0.091353, -0.003969, 0.000000, 0.000000, 0.000000, 1.000000
-29.4225, 32.7794, 49.2754, 223.6794, 245.6711, -32.7797, 150.7604, 124.2062, -49.3155, -3.9567, 0.185264, -0.924910, -0.331992, 0.032779, 0.979319, 0.145817, 0.140259, 0.049275, -0.081317, -0.351111, 0.932796, 0.223679, 0.000000, 0.000000, 0.000000, 1.000000, -0.081483, -0.351134, 0.932773, 0.245671, -0.185264, 0.924911, 0.331991, -0.032780, -0.979305, -0.145757, -0.140417, 0.150760, 0.000000, 0.000000, 0.000000, 1.000000, 0.033259, 0.093346, -0.995078, 0.124206, -0.997825, -0.053597, -0.038378, -0.049315, -0.056915, 0.994190, 0.091360, -0.003957, 0.000000, 0.000000, 0.000000, 1.000000
-29.3991, 32.7687, 49.2198, 223.6829, 245.6745, -32.7690, 150.8160, 124.2048, -49.3136, -3.9330, 0.185647, -0.924834, -0.331990, 0.032769, 0.979258, 0.146220, 0.140264, 0.049220, -0.081177, -0.351144, 0.932796, 0.223683, 0.000000, 0.000000, 0.000000, 1.000000, -0.081342, -0.351167, 0.932773, 0.245675, -0.185646, 0.924834, 0.331989, -0.032769, -0.979244, -0.146161, -0.140421, 0.150816, 0.000000, 0.000000, 0.000000, 1.000000, 0.033231, 0.093359, -0.995078, 0.124205, -0.997826, -0.053598, -0.038352, -0.049314, -0.056915, 0.994189, 0.091375, -0.003933, 0.000000, 0.000000, 0.000000, 1.000000
-29.3760, 32.7581, 49.1648, 223.6862, 245.6779, -32.7585, 150.8710, 124.2035, -49.3118, -3.9096, 0.186024, -0.924759, -0.331989, 0.032758, 0.979198, 0.146619, 0.140267, 0.049165, -0.081038, -0.351176, 0.932796, 0.223686, 0.000000, 0.000000, 0.000000, 1.000000, -0.081203, -0.351199, 0.932773, 0.245678, -0.186024, 0.924759, 0.331987, -0.032758, -0.979184, -0.146560, -0.140424, 0.150871, 0.000000, 0.000000, 0.000000, 1.000000, 0.033204, 0.093373, -0.995077, 0.124203, -0.997827, -0.053599, -0.038325, -0.049312, -0.056914, 0.994187, 0.091390, -0.003910, 0.000000, 0.000000, 0.000000, 1.000000
-29.3645, 32.7529, 49.1375, 223.6878, 245.6795, -32.7532, 150.8983, 124.2028, -49.3109, -3.8981, 0.186211, -0.924721, -0.331988, 0.032753, 0.979168, 0.146816, 0.140269, 0.049137, -0.080968, -0.351191, 0.932796, 0.223688, 0.000000, 0.000000, 0.000000, 1.000000, -0.081134, -0.351214, 0.932773, 0.245679, -0.186211, 0.924722, 0.331986, -0.032753, -0.979154, -0.146757, -0.140426, 0.150898, 0.000000, 0.000000, 0.000000, 1.000000, 0.033191, 0.093379, -0.995077, 0.124203, -0.997827, -0.053600, -0.038312, -0.049311, -0.056914, 0.994187, 0.091397, -0.003898, 0.000000, 0.000000, 0.000000, 1.000000
-29.3532, 32.7477, 49.1104, 223.6894, 245.6811, -32.7480, 150.9254, 124.2022, -49.3099, -3.8866, 0.186396, -0.924684, -0.331987, 0.032748, 0.979138, 0.147012, 0.140270, 0.049110, -0.080900, -0.351207, 0.932796, 0.223689, 0.000000, 0.000000, 0.000000, 1.000000, -0.081065, -0.351230, 0.932773, 0.245681, -0.186396, 0.924685, 0.331985, -0.032748, -0.979125, -0.146953, -0.140427, 0.150925, 0.000000, 0.000000, 0.000000, 1.000000, 0.033177, 0.093386, -0.995077, 0.124202, -0.997828, -0.053601, -0.038299, -0.049310, -0.056913, 0.994186, 0.091405, -0.003887, 0.000000, 0.000000, 0.000000, 1.000000
-29.3309, 32.7373, 49.0569, 223.6924, 245.6841, -32.7377, 150.9789, 124.2010, -49.3081, -3.8640, 0.186762, -0.924611, -0.331985, 0.032737, 0.979080, 0.147398, 0.140273, 0.049057, -0.080764, -0.351237, 0.932797, 0.223692, 0.000000, 0.000000, 0.000000, 1.000000, -0.080929, -0.351261, 0.932773, 0.245684, -0.186762, 0.924612, 0.331983, -0.032738, -0.979066, -0.147339, -0.140430, 0.150979, 0.000000, 0.000000, 0.000000, 1.000000, 0.033151, 0.093399, -0.995077, 0.124201, -0.997829, -0.053602, -0.038274, -0.049308, -0.056913, 0.994185, 0.091419, -0.003864, 0.000000, 0.000000, 0.000000, 1.000000
-29.3089, 32.7272, 49.0044, 223.6954, 245.6871, -32.7276, 151.0315, 124.1998, -49.3063, -3.8417, 0.187120, -0.924539, -0.331983, 0.032727, 0.979022, 0.147777, 0.140276, 0.049004, -0.080631, -0.351267, 0.932797, 0.223695, 0.000000, 0.000000, 0.000000, 1.000000, -0.080796, -0.351291, 0.932774, 0.245687, -0.187120, 0.924540, 0.331982, -0.032728, -0.979009, -0.147718, -0.140433, 0.151032, 0.000000, 0.000000, 0.000000, 1.000000, 0.033125, 0.093411, -0.995076, 0.124200, -0.997829, -0.053603, -0.038249, -0.049306, -0.056912, 0.994184, 0.091433, -0.003842, 0.000000, 0.000000, 0.000000, 1.000000
-29.3089, 32.7272, 49.0044, 223.6954, 245.6871, -32.7276, 151.0315, 124.1998, -49.3063, -3.8417, 0.187120, -0.924539, -0.331983, 0.032727, 0.979022, 0.147777, 0.140276, 0.049004, -0.080631, -0.351267, 0.932797, 0.223695, 0.000000, 0.000000, 0.000000, 1.000000, -0.080796, -0.351291, 0.932774, 0.245687, -0.187120, 0.924540, 0.331982, -0.032728, -0.979009, -0.147718, -0.140433, 0.151032, 0.000000, 0.000000, 0.000000, 1.000000, 0.033125, 0.093411, -0.995076, 0.124200, -0.997829, -0.053603, -0.038249, -0.049306, -0.056912, 0.994184, 0.091433, -0.003842, 0.000000, 0.000000, 0.000000, 1.000000
-29.2769, 32.7124, 48.9276, 223.6997, 245.6914, -32.7127, 151.1084, 124.1981, -49.3036, -3.8093, 0.187644, -0.924434, -0.331981, 0.032712, 0.978938, 0.148330, 0.140279, 0.048928, -0.080436, -0.351311, 0.932797, 0.223700, 0.000000, 0.000000, 0.000000, 1.000000, -0.080601, -0.351334, 0.932774, 0.245691, -0.187643, 0.924435, 0.331979, -0.032713, -0.978925, -0.148271, -0.140436, 0.151108, 0.000000, 0.000000, 0.000000, 1.000000, 0.033088, 0.093430, -0.995076, 0.124198, -0.997831, -0.053605, -0.038212, -0.049304, -0.056911, 0.994182, 0.091453, -0.003809, 0.000000, 0.000000, 0.000000, 1.000000
