# Joint_4_Angle(deg), Cam_X(mm), Cam_Y(mm), Cam_Z(mm), Torso_X(mm), Torso_Y(mm), Torso_Z(mm), EE_X(mm), EE_Y(mm), EE_Z(mm), T_cam2marker_flat(16), T_torso2marker_flat(16), T_ee2marker_flat(16)
-30.0000, 36.5400, 27.1115, 224.3592, 246.3533, -36.5404, 172.9135, 154.8862, -15.1241, 21.0652, 0.444855, -0.720072, -0.532542, 0.036540, 0.725856, 0.638195, -0.256592, 0.027111, 0.524630, -0.272402, 0.806573, 0.224359, 0.000000, 0.000000, 0.000000, 1.000000, 0.524473, -0.272539, 0.806629, 0.246353, -0.444856, 0.720072, 0.532540, -0.036540, -0.725970, -0.638136, 0.256418, 0.172913, 0.000000, 0.000000, 0.000000, 1.000000, 0.042163, 0.060947, -0.997250, 0.154886, -0.997143, -0.060044, -0.045828, -0.015124, -0.062672, 0.996333, 0.058241, 0.021065, 0.000000, 0.000000, 0.000000, 1.000000
-30.0000, 36.5398, 27.1105, 224.3587, 246.3527, -36.5402, 172.9146, 154.8862, -15.1239, 21.0653, 0.444856, -0.720071, -0.532542, 0.036540, 0.725854, 0.638197, -0.256594, 0.027110, 0.524633, -0.272401, 0.806572, 0.224359, 0.000000, 0.000000, 0.000000, 1.000000, 0.524475, -0.272537, 0.806628, 0.246353, -0.444856, 0.720072, 0.532541, -0.036540, -0.725967, -0.638138, 0.256420, 0.172915, 0.000000, 0.000000, 0.000000, 1.000000, 0.042163, 0.060947, -0.997250, 0.154886, -0.997143, -0.060044, -0.045828, -0.015124, -0.062671, 0.996333, 0.058241, 0.021065, 0.000000, 0.000000, 0.000000, 1.000000
-30.0000, 36.5397, 27.1101, 224.3584, 246.3525, -36.5401, 172.9150, 154.8862, -15.1238, 21.0653, 0.444856, -0.720071, -0.532542, 0.036540, 0.725853, 0.638198, -0.256595, 0.027110, 0.524633, -0.272400, 0.806572, 0.224358, 0.000000, 0.000000, 0.000000, 1.000000, 0.524476, -0.272536, 0.806628, 0.246353, -0.444857, 0.720071, 0.532541, -0.036540, -0.725966, -0.638139, 0.256421, 0.172915, 0.000000, 0.000000, 0.000000, 1.000000, 0.042163, 0.060947, -0.997250, 0.154886, -0.997143, -0.060044, -0.045828, -0.015124, -0.062671, 0.996333, 0.058241, 0.021065, 0.000000, 0.000000, 0.000000, 1.000000
-30.0000, 36.5396, 27.1093, 224.3580, 246.3521, -36.5400, 172.9159, 154.8863, -15.1237, 21.0653, 0.444857, -0.720070, -0.532542, 0.036540, 0.725852, 0.638199, -0.256596, 0.027109, 0.524635, -0.272398, 0.806571, 0.224358, 0.000000, 0.000000, 0.000000, 1.000000, 0.524478, -0.272534, 0.806627, 0.246352, -0.444858, 0.720071, 0.532541, -0.036540, -0.725964, -0.638141, 0.256422, 0.172916, 0.000000, 0.000000, 0.000000, 1.000000, 0.042163, 0.060947, -0.997250, 0.154886, -0.997143, -0.060044, -0.045828, -0.015124, -0.062671, 0.996333, 0.058241, 0.021065, 0.000000, 0.000000, 0.000000, 1.000000
-30.0000, 36.5395, 27.1090, 224.3579, 246.3520, -36.5399, 172.9162, 154.8863, -15.1236, 21.0653, 0.444857, -0.720070, -0.532543, 0.036540, 0.725851, 0.638200, -0.256596, 0.027109, 0.524636, -0.272398, 0.806571, 0.224358, 0.000000, 0.000000, 0.000000, 1.000000, 0.524479, -0.272534, 0.806627, 0.246352, -0.444858, 0.720070, 0.532541, -0.036540, -0.725964, -0.638141, 0.256423, 0.172916, 0.000000, 0.000000, 0.000000, 1.000000, 0.042163, 0.060947, -0.997250, 0.154886, -0.997143, -0.060044, -0.045828, -0.015124, -0.062671, 0.996333, 0.058241, 0.021065, 0.000000, 0.000000, 0.000000, 1.000000
-30.0000, 36.5395, 27.1088, 224.3577, 246.3518, -36.5398, 172.9165, 154.8863, -15.1236, 21.0654, 0.444858, -0.720069, -0.532543, 0.036539, 0.725850, 0.638200, -0.256596, 0.027109, 0.524636, -0.272397, 0.806571, 0.224358, 0.000000, 0.000000, 0.000000, 1.000000, 0.524480, -0.272533, 0.806627, 0.246352, -0.444859, 0.720070, 0.532541, -0.036540, -0.725963, -0.638142, 0.256423, 0.172916, 0.000000, 0.000000, 0.000000, 1.000000, 0.042163, 0.060947, -0.997250, 0.154886, -0.997143, -0.060044, -0.045828, -0.015124, -0.062671, 0.996333, 0.058241, 0.021065, 0.000000, 0.000000, 0.000000, 1.000000
-29.9999, 36.5393, 27.1083, 224.3573, 246.3515, -36.5397, 172.9172, 154.8863, -15.1235, 21.0654, 0.444859, -0.720069, -0.532543, 0.036539, 0.725849, 0.638202, -0.256596, 0.027108, 0.524637, -0.272396, 0.806571, 0.224357, 0.000000, 0.000000, 0.000000, 1.000000, 0.524481, -0.272532, 0.806627, 0.246351, -0.444860, 0.720069, 0.532541, -0.036540, -0.725961, -0.638143, 0.256424, 0.172917, 0.000000, 0.000000, 0.000000, 1.000000, 0.042163, 0.060947, -0.997250, 0.154886, -0.997143, -0.060044, -0.045828, -0.015124, -0.062671, 0.996333, 0.058241, 0.021065, 0.000000, 0.000000, 0.000000, 1.000000
-29.9999, 36.5392, 27.1080, 224.3571, 246.3513, -36.5396, 172.9175, 154.8862, -15.1236, 21.0654, 0.444860, -0.720068, -0.532542, 0.036539, 0.725849, 0.638202, -0.256595, 0.027108, 0.524636, -0.272396, 0.806572, 0.224357, 0.000000, 0.000000, 0.000000, 1.000000, 0.524480, -0.272531, 0.806627, 0.246351, -0.444861, 0.720068, 0.532541, -0.036540, -0.725961, -0.638144, 0.256423, 0.172918, 0.000000, 0.000000, 0.000000, 1.000000, 0.042163, 0.060947, -0.997250, 0.154886, -0.997143, -0.060044, -0.045828, -0.015124, -0.062671, 0.996333, 0.058241, 0.021065, 0.000000, 0.000000, 0.000000, 1.000000
-29.9997, 36.5391, 27.1079, 224.3570, 246.3512, -36.5395, 172.9177, 154.8861, -15.1237, 21.0655, 0.444862, -0.720068, -0.532542, 0.036539, 0.725849, 0.638203, -0.256593, 0.027108, 0.524634, -0.272396, 0.806573, 0.224357, 0.000000, 0.000000, 0.000000, 1.000000, 0.524479, -0.272531, 0.806628, 0.246351, -0.444862, 0.720068, 0.532540, -0.036539, -0.725961, -0.638145, 0.256421, 0.172918, 0.000000, 0.000000, 0.000000, 1.000000, 0.042162, 0.060947, -0.997250, 0.154886, -0.997143, -0.060043, -0.045828, -0.015124, -0.062671, 0.996333, 0.058241, 0.021065, 0.000000, 0.000000, 0.000000, 1.000000
-29.9993, 36.5393, 27.1105, 224.3580, 246.3522, -36.5397, 172.9151, 154.8857, -15.1249, 21.0655, 0.444864, -0.720069, -0.532538, 0.036539, 0.725857, 0.638199, -0.256581, 0.027111, 0.524621, -0.272403, 0.806579, 0.224358, 0.000000, 0.000000, 0.000000, 1.000000, 0.524466, -0.272537, 0.806634, 0.246352, -0.444865, 0.720069, 0.532537, -0.036540, -0.725969, -0.638141, 0.256409, 0.172915, 0.000000, 0.000000, 0.000000, 1.000000, 0.042162, 0.060947, -0.997250, 0.154886, -0.997143, -0.060043, -0.045827, -0.015125, -0.062671, 0.996333, 0.058241, 0.021065, 0.000000, 0.000000, 0.000000, 1.000000
-29.9986, 36.5396, 27.1155, 224.3601, 246.3543, -36.5400, 172.9102, 154.8849, -15.1270, 21.0655, 0.444869, -0.720071, -0.532531, 0.036540, 0.725872, 0.638192, -0.256558, 0.027116, 0.524596, -0.272415, 0.806591, 0.224360, 0.000000, 0.000000, 0.000000, 1.000000, 0.524441, -0.272549, 0.806646, 0.246354, -0.444870, 0.720071, 0.532530, -0.036540, -0.725983, -0.638134, 0.256386, 0.172910, 0.000000, 0.000000, 0.000000, 1.000000, 0.042162, 0.060947, -0.997250, 0.154885, -0.997143, -0.060043, -0.045827, -0.015127, -0.062671, 0.996333, 0.058241, 0.021066, 0.000000, 0.000000, 0.000000, 1.000000
-29.9973, 36.5395, 27.1194, 224.3616, 246.3558, -36.5399, 172.9063, 154.8839, -15.1296, 21.0655, 0.444879, -0.720073, -0.532521, 0.036540, 0.725888, 0.638184, -0.256528, 0.027119, 0.524565, -0.272426, 0.806607, 0.224362, 0.000000, 0.000000, 0.000000, 1.000000, 0.524410, -0.272561, 0.806663, 0.246356, -0.444880, 0.720073, 0.532519, -0.036540, -0.726000, -0.638126, 0.256357, 0.172906, 0.000000, 0.000000, 0.000000, 1.000000, 0.042162, 0.060946, -0.997250, 0.154884, -0.997143, -0.060043, -0.045827, -0.015130, -0.062671, 0.996333, 0.058241, 0.021066, 0.000000, 0.000000, 0.000000, 1.000000
-29.9953, 36.5389, 27.1219, 224.3625, 246.3567, -36.5392, 172.9038, 154.8827, -15.1329, 21.0655, 0.444894, -0.720074, -0.532506, 0.036539, 0.725908, 0.638177, -0.256491, 0.027122, 0.524526, -0.272438, 0.806629, 0.224362, 0.000000, 0.000000, 0.000000, 1.000000, 0.524371, -0.272573, 0.806684, 0.246357, -0.444895, 0.720075, 0.532504, -0.036539, -0.726019, -0.638119, 0.256320, 0.172904, 0.000000, 0.000000, 0.000000, 1.000000, 0.042162, 0.060946, -0.997250, 0.154883, -0.997143, -0.060043, -0.045827, -0.015133, -0.062671, 0.996333, 0.058240, 0.021066, 0.000000, 0.000000, 0.000000, 1.000000
-29.9926, 36.5376, 27.1229, 224.3626, 246.3568, -36.5379, 172.9029, 154.8810, -15.1370, 21.0655, 0.444916, -0.720076, -0.532485, 0.036538, 0.725930, 0.638171, -0.256445, 0.027123, 0.524476, -0.272451, 0.806657, 0.224363, 0.000000, 0.000000, 0.000000, 1.000000, 0.524321, -0.272585, 0.806712, 0.246357, -0.444917, 0.720076, 0.532484, -0.036538, -0.726041, -0.638113, 0.256274, 0.172903, 0.000000, 0.000000, 0.000000, 1.000000, 0.042162, 0.060946, -0.997250, 0.154881, -0.997143, -0.060043, -0.045827, -0.015137, -0.062671, 0.996334, 0.058240, 0.021066, 0.000000, 0.000000, 0.000000, 1.000000
-29.9889, 36.5356, 27.1222, 224.3619, 246.3560, -36.5360, 172.9037, 154.8790, -15.1420, 21.0655, 0.444946, -0.720077, -0.532459, 0.036536, 0.725956, 0.638164, -0.256388, 0.027122, 0.524415, -0.272463, 0.806692, 0.224362, 0.000000, 0.000000, 0.000000, 1.000000, 0.524261, -0.272597, 0.806748, 0.246356, -0.444946, 0.720077, 0.532458, -0.036536, -0.726067, -0.638106, 0.256217, 0.172904, 0.000000, 0.000000, 0.000000, 1.000000, 0.042162, 0.060946, -0.997250, 0.154879, -0.997143, -0.060042, -0.045827, -0.015142, -0.062670, 0.996334, 0.058240, 0.021066, 0.000000, 0.000000, 0.000000, 1.000000
-29.9868, 36.5343, 27.1211, 224.3612, 246.3553, -36.5347, 172.9047, 154.8778, -15.1449, 21.0655, 0.444964, -0.720077, -0.532444, 0.036534, 0.725970, 0.638161, -0.256355, 0.027121, 0.524380, -0.272469, 0.806713, 0.224361, 0.000000, 0.000000, 0.000000, 1.000000, 0.524225, -0.272604, 0.806768, 0.246355, -0.444964, 0.720078, 0.532442, -0.036535, -0.726082, -0.638103, 0.256184, 0.172905, 0.000000, 0.000000, 0.000000, 1.000000, 0.042162, 0.060946, -0.997250, 0.154878, -0.997143, -0.060042, -0.045827, -0.015145, -0.062670, 0.996334, 0.058240, 0.021066, 0.000000, 0.000000, 0.000000, 1.000000
-29.9816, 36.5311, 27.1177, 224.3591, 246.3532, -36.5315, 172.9082, 154.8751, -15.1514, 21.0655, 0.445006, -0.720078, -0.532407, 0.036531, 0.726002, 0.638154, -0.256280, 0.027118, 0.524300, -0.272482, 0.806761, 0.224359, 0.000000, 0.000000, 0.000000, 1.000000, 0.524145, -0.272617, 0.806816, 0.246353, -0.445007, 0.720079, 0.532406, -0.036531, -0.726114, -0.638097, 0.256109, 0.172908, 0.000000, 0.000000, 0.000000, 1.000000, 0.042162, 0.060946, -0.997250, 0.154875, -0.997143, -0.060042, -0.045827, -0.015151, -0.062669, 0.996334, 0.058240, 0.021066, 0.000000, 0.000000, 0.000000, 1.000000
-29.9754, 36.5271, 27.1123, 224.3560, 246.3502, -36.5275, 172.9136, 154.8719, -15.1591, 21.0655, 0.445058, -0.720078, -0.532363, 0.036527, 0.726039, 0.638148, -0.256192, 0.027112, 0.524205, -0.272496, 0.806818, 0.224356, 0.000000, 0.000000, 0.000000, 1.000000, 0.524050, -0.272630, 0.806873, 0.246350, -0.445059, 0.720079, 0.532362, -0.036527, -0.726150, -0.638090, 0.256021, 0.172914, 0.000000, 0.000000, 0.000000, 1.000000, 0.042162, 0.060945, -0.997250, 0.154872, -0.997143, -0.060041, -0.045827, -0.015159, -0.062669, 0.996334, 0.058240, 0.021066, 0.000000, 0.000000, 0.000000, 1.000000
-29.9680, 36.5222, 27.1050, 224.3519, 246.3461, -36.5226, 172.9210, 154.8682, -15.1680, 21.0655, 0.445119, -0.720079, -0.532311, 0.036522, 0.726081, 0.638142, -0.256090, 0.027105, 0.524095, -0.272510, 0.806884, 0.224352, 0.000000, 0.000000, 0.000000, 1.000000, 0.523941, -0.272644, 0.806939, 0.246346, -0.445120, 0.720079, 0.532310, -0.036523, -0.726192, -0.638084, 0.255919, 0.172921, 0.000000, 0.000000, 0.000000, 1.000000, 0.042162, 0.060945, -0.997250, 0.154868, -0.997143, -0.060040, -0.045827, -0.015168, -0.062668, 0.996334, 0.058240, 0.021066, 0.000000, 0.000000, 0.000000, 1.000000
-29.9595, 36.5165, 27.0957, 224.3469, 246.3411, -36.5169, 172.9303, 154.8640, -15.1780, 21.0655, 0.445191, -0.720079, -0.532252, 0.036516, 0.726127, 0.638135, -0.255974, 0.027096, 0.523970, -0.272526, 0.806961, 0.224347, 0.000000, 0.000000, 0.000000, 1.000000, 0.523816, -0.272659, 0.807015, 0.246341, -0.445192, 0.720079, 0.532251, -0.036517, -0.726238, -0.638078, 0.255803, 0.172930, 0.000000, 0.000000, 0.000000, 1.000000, 0.042162, 0.060945, -0.997250, 0.154864, -0.997144, -0.060039, -0.045827, -0.015178, -0.062667, 0.996334, 0.058240, 0.021066, 0.000000, 0.000000, 0.000000, 1.000000
-29.9446, 36.5062, 27.0782, 224.3375, 246.3317, -36.5066, 172.9478, 154.8567, -15.1954, 21.0655, 0.445316, -0.720078, -0.532148, 0.036506, 0.726206, 0.638126, -0.255773, 0.027078, 0.523754, -0.272550, 0.807092, 0.224337, 0.000000, 0.000000, 0.000000, 1.000000, 0.523600, -0.272683, 0.807147, 0.246332, -0.445317, 0.720078, 0.532147, -0.036507, -0.726317, -0.638068, 0.255603, 0.172948, 0.000000, 0.000000, 0.000000, 1.000000, 0.042162, 0.060945, -0.997250, 0.154857, -0.997144, -0.060038, -0.045827, -0.015195, -0.062665, 0.996334, 0.058240, 0.021066, 0.000000, 0.000000, 0.000000, 1.000000
-29.9391, 36.5024, 27.0716, 224.3339, 246.3281, -36.5028, 172.9545, 154.8541, -15.2017, 21.0655, 0.445362, -0.720078, -0.532110, 0.036502, 0.726235, 0.638123, -0.255700, 0.027072, 0.523676, -0.272558, 0.807141, 0.224334, 0.000000, 0.000000, 0.000000, 1.000000, 0.523522, -0.272691, 0.807196, 0.246328, -0.445363, 0.720078, 0.532109, -0.036503, -0.726345, -0.638065, 0.255530, 0.172955, 0.000000, 0.000000, 0.000000, 1.000000, 0.042162, 0.060945, -0.997250, 0.154854, -0.997144, -0.060037, -0.045827, -0.015202, -0.062665, 0.996334, 0.058240, 0.021066, 0.000000, 0.000000, 0.000000, 1.000000
-29.9274, 36.4942, 27.0569, 224.3261, 246.3203, -36.4946, 172.9692, 154.8484, -15.2151, 21.0655, 0.445460, -0.720077, -0.532029, 0.036494, 0.726295, 0.638116, -0.255544, 0.027057, 0.523508, -0.272575, 0.807244, 0.224326, 0.000000, 0.000000, 0.000000, 1.000000, 0.523354, -0.272708, 0.807298, 0.246320, -0.445461, 0.720077, 0.532027, -0.036495, -0.726406, -0.638059, 0.255374, 0.172969, 0.000000, 0.000000, 0.000000, 1.000000, 0.042162, 0.060945, -0.997250, 0.154848, -0.997144, -0.060036, -0.045826, -0.015215, -0.062663, 0.996334, 0.058240, 0.021065, 0.000000, 0.000000, 0.000000, 1.000000
-29.9146, 36.4852, 27.0406, 224.3174, 246.3116, -36.4856, 172.9857, 154.8422, -15.2297, 21.0655, 0.445568, -0.720076, -0.531940, 0.036485, 0.726360, 0.638110, -0.255375, 0.027041, 0.523325, -0.272593, 0.807356, 0.224317, 0.000000, 0.000000, 0.000000, 1.000000, 0.523172, -0.272726, 0.807411, 0.246312, -0.445569, 0.720076, 0.531939, -0.036486, -0.726471, -0.638052, 0.255205, 0.172986, 0.000000, 0.000000, 0.000000, 1.000000, 0.042162, 0.060945, -0.997250, 0.154842, -0.997144, -0.060034, -0.045826, -0.015230, -0.062662, 0.996334, 0.058240, 0.021065, 0.000000, 0.000000, 0.000000, 1.000000
-29.9078, 36.4805, 27.0318, 224.3127, 246.3070, -36.4808, 172.9945, 154.8389, -15.2374, 21.0655, 0.445626, -0.720075, -0.531893, 0.036480, 0.726395, 0.638107, -0.255285, 0.027032, 0.523229, -0.272603, 0.807415, 0.224313, 0.000000, 0.000000, 0.000000, 1.000000, 0.523075, -0.272736, 0.807470, 0.246307, -0.445626, 0.720075, 0.531891, -0.036481, -0.726505, -0.638049, 0.255115, 0.172994, 0.000000, 0.000000, 0.000000, 1.000000, 0.042162, 0.060945, -0.997250, 0.154839, -0.997144, -0.060033, -0.045826, -0.015237, -0.062661, 0.996334, 0.058240, 0.021065, 0.000000, 0.000000, 0.000000, 1.000000
-29.9007, 36.4755, 27.0226, 224.3078, 246.3021, -36.4758, 173.0037, 154.8355, -15.2454, 21.0654, 0.445685, -0.720074, -0.531844, 0.036475, 0.726430, 0.638103, -0.255193, 0.027023, 0.523129, -0.272612, 0.807477, 0.224308, 0.000000, 0.000000, 0.000000, 1.000000, 0.522975, -0.272745, 0.807531, 0.246302, -0.445686, 0.720075, 0.531843, -0.036476, -0.726540, -0.638046, 0.255023, 0.173004, 0.000000, 0.000000, 0.000000, 1.000000, 0.042162, 0.060945, -0.997250, 0.154835, -0.997144, -0.060033, -0.045826, -0.015245, -0.062661, 0.996334, 0.058240, 0.021065, 0.000000, 0.000000, 0.000000, 1.000000
-29.8782, 36.4595, 26.9929, 224.2921, 246.2864, -36.4599, 173.0335, 154.8247, -15.2709, 21.0654, 0.445875, -0.720072, -0.531688, 0.036460, 0.726543, 0.638093, -0.254897, 0.026993, 0.522810, -0.272642, 0.807673, 0.224292, 0.000000, 0.000000, 0.000000, 1.000000, 0.522657, -0.272775, 0.807727, 0.246286, -0.445876, 0.720072, 0.531686, -0.036460, -0.726653, -0.638036, 0.254727, 0.173034, 0.000000, 0.000000, 0.000000, 1.000000, 0.042162, 0.060945, -0.997250, 0.154825, -0.997144, -0.060030, -0.045826, -0.015271, -0.062658, 0.996334, 0.058240, 0.021065, 0.000000, 0.000000, 0.000000, 1.000000
-29.8703, 36.4539, 26.9823, 224.2865, 246.2808, -36.4542, 173.0441, 154.8208, -15.2799, 21.0654, 0.445942, -0.720071, -0.531633, 0.036454, 0.726583, 0.638089, -0.254792, 0.026982, 0.522698, -0.272653, 0.807742, 0.224287, 0.000000, 0.000000, 0.000000, 1.000000, 0.522545, -0.272785, 0.807797, 0.246281, -0.445943, 0.720072, 0.531631, -0.036454, -0.726693, -0.638032, 0.254623, 0.173044, 0.000000, 0.000000, 0.000000, 1.000000, 0.042162, 0.060945, -0.997250, 0.154821, -0.997144, -0.060029, -0.045826, -0.015280, -0.062657, 0.996334, 0.058240, 0.021065, 0.000000, 0.000000, 0.000000, 1.000000
-29.8538, 36.4421, 26.9603, 224.2749, 246.2691, -36.4425, 173.0662, 154.8129, -15.2984, 21.0654, 0.446081, -0.720069, -0.531518, 0.036442, 0.726665, 0.638082, -0.254576, 0.026960, 0.522465, -0.272674, 0.807886, 0.224275, 0.000000, 0.000000, 0.000000, 1.000000, 0.522312, -0.272806, 0.807940, 0.246269, -0.446082, 0.720070, 0.531517, -0.036442, -0.726774, -0.638025, 0.254407, 0.173066, 0.000000, 0.000000, 0.000000, 1.000000, 0.042162, 0.060945, -0.997250, 0.154813, -0.997144, -0.060028, -0.045826, -0.015298, -0.062655, 0.996334, 0.058240, 0.021065, 0.000000, 0.000000, 0.000000, 1.000000
-29.8453, 36.4361, 26.9488, 224.2688, 246.2631, -36.4364, 173.0777, 154.8088, -15.3080, 21.0654, 0.446153, -0.720068, -0.531459, 0.036436, 0.726707, 0.638079, -0.254465, 0.026949, 0.522345, -0.272685, 0.807960, 0.224269, 0.000000, 0.000000, 0.000000, 1.000000, 0.522192, -0.272817, 0.808014, 0.246263, -0.446154, 0.720069, 0.531458, -0.036436, -0.726816, -0.638022, 0.254296, 0.173078, 0.000000, 0.000000, 0.000000, 1.000000, 0.042162, 0.060945, -0.997250, 0.154809, -0.997144, -0.060027, -0.045826, -0.015308, -0.062654, 0.996335, 0.058240, 0.021065, 0.000000, 0.000000, 0.000000, 1.000000
-29.8277, 36.4236, 26.9253, 224.2564, 246.2507, -36.4239, 173.1013, 154.8004, -15.3277, 21.0653, 0.446301, -0.720066, -0.531338, 0.036424, 0.726794, 0.638071, -0.254235, 0.026925, 0.522098, -0.272707, 0.808112, 0.224256, 0.000000, 0.000000, 0.000000, 1.000000, 0.521945, -0.272840, 0.808166, 0.246251, -0.446302, 0.720067, 0.531336, -0.036424, -0.726903, -0.638014, 0.254066, 0.173101, 0.000000, 0.000000, 0.000000, 1.000000, 0.042162, 0.060945, -0.997250, 0.154800, -0.997144, -0.060025, -0.045826, -0.015328, -0.062653, 0.996335, 0.058240, 0.021065, 0.000000, 0.000000, 0.000000, 1.000000
-29.8188, 36.4171, 26.9132, 224.2500, 246.2443, -36.4175, 173.1134, 154.7961, -15.3378, 21.0653, 0.446377, -0.720065, -0.531275, 0.036417, 0.726838, 0.638068, -0.254118, 0.026913, 0.521971, -0.272719, 0.808190, 0.224250, 0.000000, 0.000000, 0.000000, 1.000000, 0.521818, -0.272851, 0.808244, 0.246244, -0.446378, 0.720066, 0.531274, -0.036418, -0.726947, -0.638011, 0.253949, 0.173113, 0.000000, 0.000000, 0.000000, 1.000000, 0.042162, 0.060945, -0.997250, 0.154796, -0.997144, -0.060024, -0.045826, -0.015338, -0.062652, 0.996335, 0.058240, 0.021065, 0.000000, 0.000000, 0.000000, 1.000000
-29.8004, 36.4040, 26.8884, 224.2369, 246.2312, -36.4044, 173.1383, 154.7872, -15.3585, 21.0653, 0.446532, -0.720063, -0.531148, 0.036404, 0.726929, 0.638060, -0.253877, 0.026888, 0.521712, -0.272742, 0.808349, 0.224237, 0.000000, 0.000000, 0.000000, 1.000000, 0.521559, -0.272874, 0.808403, 0.246231, -0.446533, 0.720064, 0.531146, -0.036404, -0.727038, -0.638003, 0.253709, 0.173138, 0.000000, 0.000000, 0.000000, 1.000000, 0.042162, 0.060945, -0.997250, 0.154787, -0.997145, -0.060022, -0.045826, -0.015358, -0.062650, 0.996335, 0.058240, 0.021065, 0.000000, 0.000000, 0.000000, 1.000000
-29.7910, 36.3973, 26.8758, 224.2302, 246.2245, -36.3977, 173.1509, 154.7827, -15.3690, 21.0653, 0.446611, -0.720062, -0.531083, 0.036397, 0.726975, 0.638056, -0.253755, 0.026876, 0.521580, -0.272754, 0.808430, 0.224230, 0.000000, 0.000000, 0.000000, 1.000000, 0.521428, -0.272886, 0.808484, 0.246225, -0.446612, 0.720063, 0.531081, -0.036398, -0.727084, -0.637999, 0.253586, 0.173151, 0.000000, 0.000000, 0.000000, 1.000000, 0.042162, 0.060945, -0.997250, 0.154783, -0.997145, -0.060021, -0.045826, -0.015369, -0.062649, 0.996335, 0.058240, 0.021065, 0.000000, 0.000000, 0.000000, 1.000000
-29.7720, 36.3838, 26.8501, 224.2166, 246.2110, -36.3841, 173.1767, 154.7736, -15.3904, 21.0652, 0.446772, -0.720060, -0.530951, 0.036384, 0.727069, 0.638048, -0.253506, 0.026850, 0.521312, -0.272778, 0.808595, 0.224217, 0.000000, 0.000000, 0.000000, 1.000000, 0.521159, -0.272910, 0.808649, 0.246211, -0.446773, 0.720060, 0.530949, -0.036384, -0.727177, -0.637991, 0.253337, 0.173177, 0.000000, 0.000000, 0.000000, 1.000000, 0.042162, 0.060945, -0.997250, 0.154774, -0.997145, -0.060019, -0.045826, -0.015390, -0.062646, 0.996335, 0.058240, 0.021065, 0.000000, 0.000000, 0.000000, 1.000000
-29.7527, 36.3699, 26.8241, 224.2029, 246.1972, -36.3703, 173.2028, 154.7643, -15.4121, 21.0652, 0.446935, -0.720058, -0.530816, 0.036370, 0.727164, 0.638040, -0.253253, 0.026824, 0.521038, -0.272803, 0.808763, 0.224203, 0.000000, 0.000000, 0.000000, 1.000000, 0.520887, -0.272935, 0.808816, 0.246197, -0.446936, 0.720058, 0.530815, -0.036370, -0.727273, -0.637983, 0.253084, 0.173203, 0.000000, 0.000000, 0.000000, 1.000000, 0.042162, 0.060945, -0.997250, 0.154764, -0.997145, -0.060017, -0.045826, -0.015412, -0.062644, 0.996335, 0.058240, 0.021065, 0.000000, 0.000000, 0.000000, 1.000000
-29.7429, 36.3630, 26.8109, 224.1959, 246.1903, -36.3633, 173.2159, 154.7595, -15.4231, 21.0652, 0.447018, -0.720057, -0.530748, 0.036363, 0.727212, 0.638036, -0.253125, 0.026811, 0.520901, -0.272816, 0.808847, 0.224196, 0.000000, 0.000000, 0.000000, 1.000000, 0.520749, -0.272947, 0.808901, 0.246190, -0.447018, 0.720057, 0.530747, -0.036363, -0.727321, -0.637979, 0.252956, 0.173216, 0.000000, 0.000000, 0.000000, 1.000000, 0.042162, 0.060945, -0.997250, 0.154760, -0.997145, -0.060015, -0.045826, -0.015423, -0.062643, 0.996335, 0.058240, 0.021065, 0.000000, 0.000000, 0.000000, 1.000000
-29.7232, 36.3489, 26.7845, 224.1819, 246.1763, -36.3493, 173.2424, 154.7500, -15.4452, 21.0652, 0.447184, -0.720054, -0.530611, 0.036349, 0.727309, 0.638028, -0.252867, 0.026785, 0.520623, -0.272841, 0.809018, 0.224182, 0.000000, 0.000000, 0.000000, 1.000000, 0.520471, -0.272972, 0.809071, 0.246176, -0.447185, 0.720055, 0.530610, -0.036349, -0.727417, -0.637971, 0.252699, 0.173242, 0.000000, 0.000000, 0.000000, 1.000000, 0.042162, 0.060945, -0.997250, 0.154750, -0.997145, -0.060013, -0.045825, -0.015445, -0.062641, 0.996335, 0.058241, 0.021065, 0.000000, 0.000000, 0.000000, 1.000000
-29.7232, 36.3489, 26.7845, 224.1819, 246.1763, -36.3493, 173.2424, 154.7500, -15.4452, 21.0652, 0.447184, -0.720054, -0.530611, 0.036349, 0.727309, 0.638028, -0.252867, 0.026785, 0.520623, -0.272841, 0.809018, 0.224182, 0.000000, 0.000000, 0.000000, 1.000000, 0.520471, -0.272972, 0.809071, 0.246176, -0.447185, 0.720055, 0.530610, -0.036349, -0.727417, -0.637971, 0.252699, 0.173242, 0.000000, 0.000000, 0.000000, 1.000000, 0.042162, 0.060945, -0.997250, 0.154750, -0.997145, -0.060013, -0.045825, -0.015445, -0.062641, 0.996335, 0.058241, 0.021065, 0.000000, 0.000000, 0.000000, 1.000000
-29.6935, 36.3277, 26.7448, 224.1609, 246.1553, -36.3281, 173.2823, 154.7357, -15.4787, 21.0651, 0.447435, -0.720051, -0.530404, 0.036328, 0.727456, 0.638015, -0.252476, 0.026745, 0.520202, -0.272879, 0.809275, 0.224161, 0.000000, 0.000000, 0.000000, 1.000000, 0.520051, -0.273010, 0.809329, 0.246155, -0.447435, 0.720051, 0.530403, -0.036328, -0.727564, -0.637959, 0.252309, 0.173282, 0.000000, 0.000000, 0.000000, 1.000000, 0.042162, 0.060945, -0.997250, 0.154736, -0.997145, -0.060010, -0.045825, -0.015479, -0.062638, 0.996336, 0.058241, 0.021065, 0.000000, 0.000000, 0.000000, 1.000000
-29.6737, 36.3136, 26.7184, 224.1469, 246.1413, -36.3139, 173.3088, 154.7260, -15.5011, 21.0651, 0.447602, -0.720049, -0.530266, 0.036314, 0.727554, 0.638007, -0.252215, 0.026718, 0.519921, -0.272905, 0.809448, 0.224147, 0.000000, 0.000000, 0.000000, 1.000000, 0.519770, -0.273036, 0.809500, 0.246141, -0.447603, 0.720049, 0.530265, -0.036314, -0.727661, -0.637950, 0.252048, 0.173309, 0.000000, 0.000000, 0.000000, 1.000000, 0.042162, 0.060945, -0.997250, 0.154726, -0.997145, -0.060008, -0.045825, -0.015501, -0.062636, 0.996336, 0.058241, 0.021065, 0.000000, 0.000000, 0.000000, 1.000000
-29.6440, 36.2925, 26.6791, 224.1261, 246.1205, -36.2928, 173.3482, 154.7116, -15.5345, 21.0651, 0.447852, -0.720046, -0.530059, 0.036292, 0.727701, 0.637994, -0.251825, 0.026679, 0.519500, -0.272944, 0.809705, 0.224126, 0.000000, 0.000000, 0.000000, 1.000000, 0.519349, -0.273074, 0.809757, 0.246121, -0.447853, 0.720046, 0.530058, -0.036293, -0.727808, -0.637937, 0.251658, 0.173348, 0.000000, 0.000000, 0.000000, 1.000000, 0.042162, 0.060945, -0.997250, 0.154712, -0.997146, -0.060005, -0.045825, -0.015535, -0.062632, 0.996336, 0.058241, 0.021065, 0.000000, 0.000000, 0.000000, 1.000000
-29.6342, 36.2855, 26.6662, 224.1192, 246.1137, -36.2859, 173.3611, 154.7068, -15.5456, 21.0651, 0.447935, -0.720045, -0.529991, 0.036286, 0.727749, 0.637989, -0.251696, 0.026666, 0.519361, -0.272957, 0.809789, 0.224119, 0.000000, 0.000000, 0.000000, 1.000000, 0.519210, -0.273087, 0.809842, 0.246114, -0.447936, 0.720045, 0.529989, -0.036286, -0.727856, -0.637933, 0.251529, 0.173361, 0.000000, 0.000000, 0.000000, 1.000000, 0.042162, 0.060945, -0.997250, 0.154707, -0.997146, -0.060004, -0.045825, -0.015546, -0.062631, 0.996336, 0.058241, 0.021065, 0.000000, 0.000000, 0.000000, 1.000000
-29.6148, 36.2717, 26.6406, 224.1057, 246.1001, -36.2721, 173.3867, 154.6974, -15.5676, 21.0651, 0.448099, -0.720043, -0.529855, 0.036272, 0.727846, 0.637981, -0.251439, 0.026641, 0.519084, -0.272983, 0.809958, 0.224106, 0.000000, 0.000000, 0.000000, 1.000000, 0.518934, -0.273113, 0.810011, 0.246100, -0.448100, 0.720043, 0.529854, -0.036272, -0.727952, -0.637924, 0.251273, 0.173387, 0.000000, 0.000000, 0.000000, 1.000000, 0.042162, 0.060945, -0.997250, 0.154697, -0.997146, -0.060001, -0.045825, -0.015568, -0.062629, 0.996336, 0.058241, 0.021065, 0.000000, 0.000000, 0.000000, 1.000000
-29.5955, 36.2580, 26.6155, 224.0923, 246.0868, -36.2584, 173.4120, 154.6879, -15.5894, 21.0650, 0.448261, -0.720041, -0.529720, 0.036258, 0.727941, 0.637972, -0.251184, 0.026615, 0.518809, -0.273009, 0.810125, 0.224092, 0.000000, 0.000000, 0.000000, 1.000000, 0.518659, -0.273138, 0.810178, 0.246087, -0.448262, 0.720041, 0.529719, -0.036258, -0.728048, -0.637916, 0.251018, 0.173412, 0.000000, 0.000000, 0.000000, 1.000000, 0.042163, 0.060945, -0.997250, 0.154688, -0.997146, -0.059999, -0.045825, -0.015589, -0.062627, 0.996336, 0.058241, 0.021065, 0.000000, 0.000000, 0.000000, 1.000000
-29.5859, 36.2512, 26.6030, 224.0857, 246.0802, -36.2516, 173.4245, 154.6833, -15.6003, 21.0650, 0.448342, -0.720040, -0.529653, 0.036251, 0.727989, 0.637967, -0.251058, 0.026603, 0.518673, -0.273022, 0.810208, 0.224086, 0.000000, 0.000000, 0.000000, 1.000000, 0.518523, -0.273151, 0.810261, 0.246080, -0.448343, 0.720040, 0.529652, -0.036252, -0.728095, -0.637911, 0.250892, 0.173425, 0.000000, 0.000000, 0.000000, 1.000000, 0.042163, 0.060945, -0.997250, 0.154683, -0.997146, -0.059998, -0.045825, -0.015600, -0.062626, 0.996336, 0.058241, 0.021065, 0.000000, 0.000000, 0.000000, 1.000000
-29.5669, 36.2378, 26.5784, 224.0726, 246.0671, -36.2381, 173.4492, 154.6740, -15.6218, 21.0650, 0.448502, -0.720038, -0.529520, 0.036238, 0.728083, 0.637958, -0.250807, 0.026578, 0.518402, -0.273048, 0.810373, 0.224073, 0.000000, 0.000000, 0.000000, 1.000000, 0.518252, -0.273177, 0.810425, 0.246067, -0.448503, 0.720038, 0.529519, -0.036238, -0.728189, -0.637902, 0.250641, 0.173449, 0.000000, 0.000000, 0.000000, 1.000000, 0.042163, 0.060945, -0.997250, 0.154674, -0.997146, -0.059996, -0.045825, -0.015622, -0.062624, 0.996336, 0.058241, 0.021065, 0.000000, 0.000000, 0.000000, 1.000000
-29.5669, 36.2378, 26.5784, 224.0726, 246.0671, -36.2381, 173.4492, 154.6740, -15.6218, 21.0650, 0.448502, -0.720038, -0.529520, 0.036238, 0.728083, 0.637958, -0.250807, 0.026578, 0.518402, -0.273048, 0.810373, 0.224073, 0.000000, 0.000000, 0.000000, 1.000000, 0.518252, -0.273177, 0.810425, 0.246067, -0.448503, 0.720038, 0.529519, -0.036238, -0.728189, -0.637902, 0.250641, 0.173449, 0.000000, 0.000000, 0.000000, 1.000000, 0.042163, 0.060945, -0.997250, 0.154674, -0.997146, -0.059996, -0.045825, -0.015622, -0.062624, 0.996336, 0.058241, 0.021065, 0.000000, 0.000000, 0.000000, 1.000000
-29.5389, 36.2180, 26.5425, 224.0535, 246.0480, -36.2183, 173.4853, 154.6602, -15.6536, 21.0650, 0.448738, -0.720035, -0.529324, 0.036218, 0.728223, 0.637945, -0.250435, 0.026542, 0.518002, -0.273086, 0.810616, 0.224053, 0.000000, 0.000000, 0.000000, 1.000000, 0.517852, -0.273215, 0.810668, 0.246048, -0.448738, 0.720035, 0.529323, -0.036218, -0.728329, -0.637889, 0.250270, 0.173485, 0.000000, 0.000000, 0.000000, 1.000000, 0.042163, 0.060945, -0.997250, 0.154660, -0.997146, -0.059993, -0.045824, -0.015654, -0.062621, 0.996337, 0.058241, 0.021065, 0.000000, 0.000000, 0.000000, 1.000000
-29.5297, 36.2115, 26.5307, 224.0472, 246.0418, -36.2118, 173.4971, 154.6557, -15.6641, 21.0650, 0.448815, -0.720034, -0.529260, 0.036211, 0.728269, 0.637940, -0.250313, 0.026531, 0.517870, -0.273099, 0.810696, 0.224047, 0.000000, 0.000000, 0.000000, 1.000000, 0.517721, -0.273228, 0.810748, 0.246042, -0.448816, 0.720035, 0.529258, -0.036212, -0.728375, -0.637884, 0.250148, 0.173497, 0.000000, 0.000000, 0.000000, 1.000000, 0.042163, 0.060945, -0.997250, 0.154656, -0.997146, -0.059992, -0.045824, -0.015664, -0.062620, 0.996337, 0.058241, 0.021065, 0.000000, 0.000000, 0.000000, 1.000000
-29.5115, 36.1986, 26.5076, 224.0349, 246.0295, -36.1990, 173.5203, 154.6467, -15.6848, 21.0650, 0.448968, -0.720032, -0.529132, 0.036199, 0.728360, 0.637931, -0.250071, 0.026508, 0.517609, -0.273125, 0.810854, 0.224035, 0.000000, 0.000000, 0.000000, 1.000000, 0.517460, -0.273254, 0.810905, 0.246029, -0.448969, 0.720033, 0.529131, -0.036199, -0.728465, -0.637875, 0.249906, 0.173520, 0.000000, 0.000000, 0.000000, 1.000000, 0.042163, 0.060945, -0.997250, 0.154647, -0.997147, -0.059990, -0.045824, -0.015685, -0.062618, 0.996337, 0.058241, 0.021065, 0.000000, 0.000000, 0.000000, 1.000000
-29.4936, 36.1860, 26.4850, 224.0229, 246.0175, -36.1864, 173.5430, 154.6379, -15.7052, 21.0650, 0.449119, -0.720031, -0.529007, 0.036186, 0.728450, 0.637922, -0.249832, 0.026485, 0.517352, -0.273151, 0.811009, 0.224023, 0.000000, 0.000000, 0.000000, 1.000000, 0.517203, -0.273279, 0.811061, 0.246017, -0.449120, 0.720031, 0.529005, -0.036186, -0.728555, -0.637866, 0.249668, 0.173543, 0.000000, 0.000000, 0.000000, 1.000000, 0.042163, 0.060945, -0.997250, 0.154638, -0.997147, -0.059988, -0.045824, -0.015705, -0.062616, 0.996337, 0.058241, 0.021065, 0.000000, 0.000000, 0.000000, 1.000000
-29.4848, 36.1798, 26.4739, 224.0170, 246.0115, -36.1801, 173.5542, 154.6335, -15.7153, 21.0649, 0.449193, -0.720030, -0.528944, 0.036180, 0.728495, 0.637917, -0.249714, 0.026474, 0.517225, -0.273163, 0.811086, 0.224017, 0.000000, 0.000000, 0.000000, 1.000000, 0.517076, -0.273291, 0.811138, 0.246012, -0.449194, 0.720031, 0.528943, -0.036180, -0.728599, -0.637862, 0.249550, 0.173554, 0.000000, 0.000000, 0.000000, 1.000000, 0.042163, 0.060945, -0.997250, 0.154633, -0.997147, -0.059987, -0.045824, -0.015715, -0.062615, 0.996337, 0.058241, 0.021065, 0.000000, 0.000000, 0.000000, 1.000000
-29.4673, 36.1675, 26.4520, 224.0053, 245.9999, -36.1678, 173.5761, 154.6248, -15.7353, 21.0649, 0.449340, -0.720029, -0.528822, 0.036167, 0.728583, 0.637908, -0.249481, 0.026452, 0.516973, -0.273189, 0.811238, 0.224005, 0.000000, 0.000000, 0.000000, 1.000000, 0.516825, -0.273316, 0.811289, 0.246000, -0.449341, 0.720029, 0.528820, -0.036168, -0.728687, -0.637853, 0.249316, 0.173576, 0.000000, 0.000000, 0.000000, 1.000000, 0.042163, 0.060945, -0.997250, 0.154625, -0.997147, -0.059985, -0.045824, -0.015735, -0.062613, 0.996337, 0.058242, 0.021065, 0.000000, 0.000000, 0.000000, 1.000000
-29.4587, 36.1614, 26.4412, 223.9996, 245.9942, -36.1618, 173.5869, 154.6206, -15.7452, 21.0649, 0.449413, -0.720028, -0.528761, 0.036161, 0.728626, 0.637904, -0.249365, 0.026441, 0.516848, -0.273201, 0.811313, 0.224000, 0.000000, 0.000000, 0.000000, 1.000000, 0.516700, -0.273329, 0.811364, 0.245994, -0.449413, 0.720028, 0.528760, -0.036162, -0.728731, -0.637848, 0.249201, 0.173587, 0.000000, 0.000000, 0.000000, 1.000000, 0.042163, 0.060944, -0.997250, 0.154621, -0.997147, -0.059984, -0.045824, -0.015745, -0.062612, 0.996337, 0.058242, 0.021065, 0.000000, 0.000000, 0.000000, 1.000000
-29.4416, 36.1494, 26.4200, 223.9883, 245.9829, -36.1498, 173.6082, 154.6121, -15.7647, 21.0649, 0.449556, -0.720027, -0.528641, 0.036149, 0.728712, 0.637894, -0.249137, 0.026420, 0.516602, -0.273226, 0.811461, 0.223988, 0.000000, 0.000000, 0.000000, 1.000000, 0.516454, -0.273354, 0.811513, 0.245983, -0.449557, 0.720027, 0.528640, -0.036150, -0.728817, -0.637839, 0.248973, 0.173608, 0.000000, 0.000000, 0.000000, 1.000000, 0.042163, 0.060944, -0.997250, 0.154612, -0.997147, -0.059982, -0.045824, -0.015765, -0.062610, 0.996337, 0.058242, 0.021065, 0.000000, 0.000000, 0.000000, 1.000000
-29.4332, 36.1435, 26.4096, 223.9828, 245.9774, -36.1439, 173.6187, 154.6079, -15.7744, 21.0649, 0.449627, -0.720026, -0.528582, 0.036143, 0.728755, 0.637890, -0.249024, 0.026410, 0.516481, -0.273239, 0.811535, 0.223983, 0.000000, 0.000000, 0.000000, 1.000000, 0.516333, -0.273366, 0.811586, 0.245977, -0.449628, 0.720026, 0.528580, -0.036144, -0.728859, -0.637835, 0.248860, 0.173619, 0.000000, 0.000000, 0.000000, 1.000000, 0.042162, 0.060944, -0.997250, 0.154608, -0.997147, -0.059982, -0.045824, -0.015774, -0.062609, 0.996337, 0.058242, 0.021065, 0.000000, 0.000000, 0.000000, 1.000000
-29.4165, 36.1318, 26.3891, 223.9718, 245.9665, -36.1322, 173.6393, 154.5996, -15.7935, 21.0649, 0.449767, -0.720025, -0.528464, 0.036132, 0.728839, 0.637881, -0.248800, 0.026389, 0.516240, -0.273263, 0.811680, 0.223972, 0.000000, 0.000000, 0.000000, 1.000000, 0.516092, -0.273391, 0.811731, 0.245966, -0.449767, 0.720025, 0.528463, -0.036132, -0.728943, -0.637826, 0.248637, 0.173639, 0.000000, 0.000000, 0.000000, 1.000000, 0.042162, 0.060944, -0.997250, 0.154600, -0.997147, -0.059980, -0.045824, -0.015794, -0.062607, 0.996337, 0.058242, 0.021065, 0.000000, 0.000000, 0.000000, 1.000000
-29.4082, 36.1260, 26.3790, 223.9665, 245.9611, -36.1264, 173.6494, 154.5955, -15.8030, 21.0649, 0.449836, -0.720024, -0.528406, 0.036126, 0.728881, 0.637876, -0.248690, 0.026379, 0.516120, -0.273276, 0.811751, 0.223966, 0.000000, 0.000000, 0.000000, 1.000000, 0.515973, -0.273403, 0.811802, 0.245961, -0.449837, 0.720024, 0.528405, -0.036126, -0.728985, -0.637821, 0.248527, 0.173649, 0.000000, 0.000000, 0.000000, 1.000000, 0.042162, 0.060944, -0.997250, 0.154595, -0.997147, -0.059979, -0.045824, -0.015803, -0.062607, 0.996337, 0.058242, 0.021065, 0.000000, 0.000000, 0.000000, 1.000000
-29.3838, 36.1089, 26.3492, 223.9506, 245.9453, -36.1093, 173.6793, 154.5833, -15.8310, 21.0649, 0.450040, -0.720022, -0.528235, 0.036109, 0.729005, 0.637862, -0.248362, 0.026349, 0.515767, -0.273313, 0.811963, 0.223951, 0.000000, 0.000000, 0.000000, 1.000000, 0.515620, -0.273439, 0.812014, 0.245945, -0.450041, 0.720023, 0.528233, -0.036109, -0.729108, -0.637807, 0.248199, 0.173679, 0.000000, 0.000000, 0.000000, 1.000000, 0.042162, 0.060944, -0.997250, 0.154583, -0.997147, -0.059976, -0.045823, -0.015831, -0.062604, 0.996338, 0.058242, 0.021065, 0.000000, 0.000000, 0.000000, 1.000000
-29.3838, 36.1089, 26.3492, 223.9506, 245.9453, -36.1093, 173.6793, 154.5833, -15.8310, 21.0649, 0.450040, -0.720022, -0.528235, 0.036109, 0.729005, 0.637862, -0.248362, 0.026349, 0.515767, -0.273313, 0.811963, 0.223951, 0.000000, 0.000000, 0.000000, 1.000000, 0.515620, -0.273439, 0.812014, 0.245945, -0.450041, 0.720023, 0.528233, -0.036109, -0.729108, -0.637807, 0.248199, 0.173679, 0.000000, 0.000000, 0.000000, 1.000000, 0.042162, 0.060944, -0.997250, 0.154583, -0.997147, -0.059976, -0.045823, -0.015831, -0.062604, 0.996338, 0.058242, 0.021065, 0.000000, 0.000000, 0.000000, 1.000000
-29.3521, 36.0868, 26.3108, 223.9302, 245.9249, -36.0871, 173.7179, 154.5674, -15.8675, 21.0649, 0.450306, -0.720020, -0.528011, 0.036087, 0.729166, 0.637844, -0.247935, 0.026311, 0.515307, -0.273361, 0.812239, 0.223930, 0.000000, 0.000000, 0.000000, 1.000000, 0.515161, -0.273487, 0.812289, 0.245925, -0.450307, 0.720020, 0.528010, -0.036087, -0.729269, -0.637789, 0.247773, 0.173718, 0.000000, 0.000000, 0.000000, 1.000000, 0.042162, 0.060944, -0.997250, 0.154567, -0.997148, -0.059973, -0.045823, -0.015868, -0.062600, 0.996338, 0.058242, 0.021065, 0.000000, 0.000000, 0.000000, 1.000000
-29.3366, 36.0759, 26.2921, 223.9203, 245.9150, -36.0763, 173.7368, 154.5597, -15.8854, 21.0649, 0.450436, -0.720019, -0.527902, 0.036076, 0.729245, 0.637835, -0.247726, 0.026292, 0.515082, -0.273385, 0.812374, 0.223920, 0.000000, 0.000000, 0.000000, 1.000000, 0.514936, -0.273511, 0.812424, 0.245915, -0.450437, 0.720019, 0.527900, -0.036076, -0.729348, -0.637780, 0.247565, 0.173737, 0.000000, 0.000000, 0.000000, 1.000000, 0.042162, 0.060944, -0.997250, 0.154560, -0.997148, -0.059971, -0.045823, -0.015885, -0.062599, 0.996338, 0.058242, 0.021065, 0.000000, 0.000000, 0.000000, 1.000000
-29.3366, 36.0759, 26.2921, 223.9203, 245.9150, -36.0763, 173.7368, 154.5597, -15.8854, 21.0649, 0.450436, -0.720019, -0.527902, 0.036076, 0.729245, 0.637835, -0.247726, 0.026292, 0.515082, -0.273385, 0.812374, 0.223920, 0.000000, 0.000000, 0.000000, 1.000000, 0.514936, -0.273511, 0.812424, 0.245915, -0.450437, 0.720019, 0.527900, -0.036076, -0.729348, -0.637780, 0.247565, 0.173737, 0.000000, 0.000000, 0.000000, 1.000000, 0.042162, 0.060944, -0.997250, 0.154560, -0.997148, -0.059971, -0.045823, -0.015885, -0.062599, 0.996338, 0.058242, 0.021065, 0.000000, 0.000000, 0.000000, 1.000000
-29.3212, 36.0651, 26.2736, 223.9105, 245.9052, -36.0655, 173.7554, 154.5519, -15.9031, 21.0649, 0.450565, -0.720018, -0.527793, 0.036065, 0.729323, 0.637826, -0.247519, 0.026274, 0.514858, -0.273409, 0.812508, 0.223910, 0.000000, 0.000000, 0.000000, 1.000000, 0.514712, -0.273534, 0.812558, 0.245905, -0.450565, 0.720018, 0.527792, -0.036066, -0.729426, -0.637771, 0.247357, 0.173755, 0.000000, 0.000000, 0.000000, 1.000000, 0.042162, 0.060944, -0.997250, 0.154552, -0.997148, -0.059969, -0.045823, -0.015903, -0.062597, 0.996338, 0.058242, 0.021065, 0.000000, 0.000000, 0.000000, 1.000000
-29.3059, 36.0545, 26.2552, 223.9007, 245.8955, -36.0548, 173.7738, 154.5443, -15.9208, 21.0649, 0.450692, -0.720017, -0.527685, 0.036054, 0.729401, 0.637817, -0.247313, 0.026255, 0.514636, -0.273432, 0.812641, 0.223901, 0.000000, 0.000000, 0.000000, 1.000000, 0.514490, -0.273558, 0.812690, 0.245895, -0.450693, 0.720017, 0.527684, -0.036055, -0.729503, -0.637762, 0.247151, 0.173774, 0.000000, 0.000000, 0.000000, 1.000000, 0.042162, 0.060944, -0.997250, 0.154544, -0.997148, -0.059968, -0.045823, -0.015921, -0.062595, 0.996338, 0.058242, 0.021065, 0.000000, 0.000000, 0.000000, 1.000000
-29.2907, 36.0438, 26.2370, 223.8911, 245.8858, -36.0442, 173.7921, 154.5366, -15.9383, 21.0649, 0.450820, -0.720016, -0.527578, 0.036044, 0.729479, 0.637808, -0.247108, 0.026237, 0.514415, -0.273456, 0.812773, 0.223891, 0.000000, 0.000000, 0.000000, 1.000000, 0.514270, -0.273581, 0.812822, 0.245886, -0.450820, 0.720017, 0.527577, -0.036044, -0.729581, -0.637754, 0.246947, 0.173792, 0.000000, 0.000000, 0.000000, 1.000000, 0.042162, 0.060944, -0.997250, 0.154537, -0.997148, -0.059966, -0.045823, -0.015938, -0.062594, 0.996338, 0.058242, 0.021065, 0.000000, 0.000000, 0.000000, 1.000000
