# Joint_5_Angle(deg), Cam_X(mm), Cam_Y(mm), Cam_Z(mm), Torso_X(mm), Torso_Y(mm), Torso_Z(mm), EE_X(mm), EE_Y(mm), EE_Z(mm), T_cam2marker_flat(16), T_torso2marker_flat(16), T_ee2marker_flat(16)
-29.9985, 48.3884, 41.2480, 136.6187, 158.6114, -48.3886, 158.8014, 159.6155, 46.5933, 24.3955, 0.568208, 0.786441, -0.242176, 0.048388, -0.822844, 0.540077, -0.176764, 0.041248, -0.008221, 0.299712, 0.953994, 0.136619, 0.000000, 0.000000, 0.000000, 1.000000, -0.008077, 0.299615, 0.954026, 0.158611, -0.568208, -0.786442, 0.242174, -0.048389, 0.822845, -0.540129, 0.176596, 0.158801, 0.000000, 0.000000, 0.000000, 1.000000, -0.064462, -0.042183, -0.997028, 0.159615, -0.997918, 0.004916, 0.064312, 0.046593, 0.002189, 0.999098, -0.042412, 0.024395, 0.000000, 0.000000, 0.000000, 1.000000
-29.9988, 48.3890, 41.2475, 136.6179, 158.6106, -48.3892, 158.8018, 159.6157, 46.5931, 24.3951, 0.568209, 0.786440, -0.242179, 0.048389, -0.822843, 0.540075, -0.176770, 0.041248, -0.008224, 0.299718, 0.953992, 0.136618, 0.000000, 0.000000, 0.000000, 1.000000, -0.008079, 0.299621, 0.954024, 0.158611, -0.568209, -0.786441, 0.242178, -0.048389, 0.822845, -0.540128, 0.176601, 0.158802, 0.000000, 0.000000, 0.000000, 1.000000, -0.064462, -0.042182, -0.997028, 0.159616, -0.997918, 0.004917, 0.064312, 0.046593, 0.002189, 0.999098, -0.042412, 0.024395, 0.000000, 0.000000, 0.000000, 1.000000
-29.9989, 48.3893, 41.2472, 136.6175, 158.6101, -48.3896, 158.8020, 159.6159, 46.5930, 24.3950, 0.568209, 0.786439, -0.242181, 0.048389, -0.822843, 0.540075, -0.176773, 0.041247, -0.008225, 0.299721, 0.953991, 0.136617, 0.000000, 0.000000, 0.000000, 1.000000, -0.008081, 0.299624, 0.954023, 0.158610, -0.568209, -0.786440, 0.242179, -0.048390, 0.822844, -0.540128, 0.176604, 0.158802, 0.000000, 0.000000, 0.000000, 1.000000, -0.064462, -0.042182, -0.997028, 0.159616, -0.997918, 0.004917, 0.064312, 0.046593, 0.002189, 0.999098, -0.042411, 0.024395, 0.000000, 0.000000, 0.000000, 1.000000
-29.9991, 48.3900, 41.2465, 136.6165, 158.6091, -48.3903, 158.8028, 159.6162, 46.5927, 24.3946, 0.568210, 0.786438, -0.242184, 0.048390, -0.822842, 0.540073, -0.176780, 0.041246, -0.008229, 0.299727, 0.953989, 0.136617, 0.000000, 0.000000, 0.000000, 1.000000, -0.008085, 0.299630, 0.954021, 0.158609, -0.568210, -0.786438, 0.242182, -0.048390, 0.822844, -0.540127, 0.176611, 0.158803, 0.000000, 0.000000, 0.000000, 1.000000, -0.064462, -0.042182, -0.997028, 0.159616, -0.997918, 0.004917, 0.064312, 0.046593, 0.002190, 0.999098, -0.042411, 0.024395, 0.000000, 0.000000, 0.000000, 1.000000
-29.9993, 48.3904, 41.2460, 136.6160, 158.6086, -48.3906, 158.8032, 159.6163, 46.5926, 24.3944, 0.568211, 0.786437, -0.242185, 0.048390, -0.822842, 0.540073, -0.176784, 0.041246, -0.008232, 0.299731, 0.953988, 0.136616, 0.000000, 0.000000, 0.000000, 1.000000, -0.008087, 0.299633, 0.954020, 0.158609, -0.568211, -0.786437, 0.242184, -0.048391, 0.822843, -0.540126, 0.176614, 0.158803, 0.000000, 0.000000, 0.000000, 1.000000, -0.064462, -0.042182, -0.997028, 0.159616, -0.997918, 0.004917, 0.064312, 0.046593, 0.002190, 0.999098, -0.042411, 0.024394, 0.000000, 0.000000, 0.000000, 1.000000
-29.9995, 48.3911, 41.2450, 136.6149, 158.6075, -48.3913, 158.8041, 159.6167, 46.5923, 24.3940, 0.568212, 0.786435, -0.242188, 0.048391, -0.822841, 0.540071, -0.176792, 0.041245, -0.008236, 0.299737, 0.953986, 0.136615, 0.000000, 0.000000, 0.000000, 1.000000, -0.008091, 0.299640, 0.954018, 0.158607, -0.568212, -0.786436, 0.242186, -0.048391, 0.822843, -0.540125, 0.176622, 0.158804, 0.000000, 0.000000, 0.000000, 1.000000, -0.064462, -0.042182, -0.997028, 0.159617, -0.997918, 0.004917, 0.064311, 0.046592, 0.002190, 0.999098, -0.042411, 0.024394, 0.000000, 0.000000, 0.000000, 1.000000
-29.9996, 48.3914, 41.2444, 136.6144, 158.6069, -48.3916, 158.8047, 159.6168, 46.5921, 24.3938, 0.568212, 0.786435, -0.242189, 0.048391, -0.822841, 0.540070, -0.176796, 0.041244, -0.008239, 0.299741, 0.953985, 0.136614, 0.000000, 0.000000, 0.000000, 1.000000, -0.008093, 0.299643, 0.954017, 0.158607, -0.568212, -0.786435, 0.242188, -0.048392, 0.822842, -0.540124, 0.176626, 0.158805, 0.000000, 0.000000, 0.000000, 1.000000, -0.064462, -0.042182, -0.997028, 0.159617, -0.997918, 0.004918, 0.064311, 0.046592, 0.002190, 0.999098, -0.042411, 0.024394, 0.000000, 0.000000, 0.000000, 1.000000
-29.9999, 48.3925, 41.2417, 136.6124, 158.6049, -48.3927, 158.8073, 159.6175, 46.5914, 24.3933, 0.568214, 0.786432, -0.242192, 0.048392, -0.822839, 0.540068, -0.176811, 0.041242, -0.008250, 0.299751, 0.953982, 0.136612, 0.000000, 0.000000, 0.000000, 1.000000, -0.008104, 0.299653, 0.954014, 0.158605, -0.568214, -0.786433, 0.242190, -0.048393, 0.822841, -0.540122, 0.176640, 0.158807, 0.000000, 0.000000, 0.000000, 1.000000, -0.064462, -0.042182, -0.997028, 0.159617, -0.997918, 0.004918, 0.064311, 0.046591, 0.002191, 0.999098, -0.042411, 0.024393, 0.000000, 0.000000, 0.000000, 1.000000
-29.9998, 48.3926, 41.2409, 136.6120, 158.6045, -48.3928, 158.8081, 159.6176, 46.5913, 24.3932, 0.568215, 0.786432, -0.242191, 0.048393, -0.822839, 0.540068, -0.176814, 0.041241, -0.008253, 0.299753, 0.953981, 0.136612, 0.000000, 0.000000, 0.000000, 1.000000, -0.008106, 0.299654, 0.954013, 0.158604, -0.568215, -0.786433, 0.242189, -0.048393, 0.822840, -0.540121, 0.176643, 0.158808, 0.000000, 0.000000, 0.000000, 1.000000, -0.064462, -0.042182, -0.997028, 0.159618, -0.997918, 0.004918, 0.064311, 0.046591, 0.002191, 0.999098, -0.042411, 0.024393, 0.000000, 0.000000, 0.000000, 1.000000
-29.9997, 48.3926, 41.2391, 136.6114, 158.6039, -48.3928, 158.8099, 159.6179, 46.5909, 24.3932, 0.568216, 0.786432, -0.242188, 0.048393, -0.822838, 0.540067, -0.176819, 0.041239, -0.008258, 0.299753, 0.953981, 0.136611, 0.000000, 0.000000, 0.000000, 1.000000, -0.008111, 0.299655, 0.954013, 0.158604, -0.568216, -0.786433, 0.242187, -0.048393, 0.822839, -0.540121, 0.176648, 0.158810, 0.000000, 0.000000, 0.000000, 1.000000, -0.064462, -0.042182, -0.997028, 0.159618, -0.997918, 0.004918, 0.064311, 0.046591, 0.002190, 0.999098, -0.042411, 0.024393, 0.000000, 0.000000, 0.000000, 1.000000
-29.9995, 48.3924, 41.2380, 136.6112, 158.6037, -48.3926, 158.8109, 159.6179, 46.5908, 24.3933, 0.568217, 0.786432, -0.242186, 0.048392, -0.822837, 0.540068, -0.176820, 0.041238, -0.008261, 0.299752, 0.953981, 0.136611, 0.000000, 0.000000, 0.000000, 1.000000, -0.008114, 0.299653, 0.954014, 0.158604, -0.568217, -0.786433, 0.242184, -0.048393, 0.822839, -0.540121, 0.176649, 0.158811, 0.000000, 0.000000, 0.000000, 1.000000, -0.064462, -0.042182, -0.997028, 0.159618, -0.997918, 0.004918, 0.064312, 0.046591, 0.002190, 0.999098, -0.042411, 0.024393, 0.000000, 0.000000, 0.000000, 1.000000
-29.9992, 48.3921, 41.2368, 136.6112, 158.6037, -48.3923, 158.8121, 159.6180, 46.5906, 24.3935, 0.568217, 0.786433, -0.242182, 0.048392, -0.822837, 0.540068, -0.176821, 0.041237, -0.008263, 0.299749, 0.953982, 0.136611, 0.000000, 0.000000, 0.000000, 1.000000, -0.008117, 0.299651, 0.954014, 0.158604, -0.568217, -0.786434, 0.242180, -0.048392, 0.822839, -0.540122, 0.176650, 0.158812, 0.000000, 0.000000, 0.000000, 1.000000, -0.064462, -0.042181, -0.997028, 0.159618, -0.997918, 0.004917, 0.064312, 0.046591, 0.002190, 0.999098, -0.042411, 0.024393, 0.000000, 0.000000, 0.000000, 1.000000
-29.9979, 48.3900, 41.2326, 136.6120, 158.6045, -48.3903, 158.8162, 159.6179, 46.5902, 24.3945, 0.568219, 0.786438, -0.242163, 0.048390, -0.822836, 0.540071, -0.176818, 0.041233, -0.008271, 0.299732, 0.953988, 0.136612, 0.000000, 0.000000, 0.000000, 1.000000, -0.008124, 0.299633, 0.954020, 0.158605, -0.568219, -0.786438, 0.242161, -0.048390, 0.822837, -0.540125, 0.176646, 0.158816, 0.000000, 0.000000, 0.000000, 1.000000, -0.064463, -0.042181, -0.997028, 0.159618, -0.997918, 0.004916, 0.064313, 0.046590, 0.002188, 0.999098, -0.042410, 0.024395, 0.000000, 0.000000, 0.000000, 1.000000
-29.9972, 48.3890, 41.2309, 136.6127, 158.6052, -48.3892, 158.8179, 159.6177, 46.5901, 24.3951, 0.568219, 0.786440, -0.242154, 0.048389, -0.822835, 0.540073, -0.176814, 0.041231, -0.008273, 0.299722, 0.953991, 0.136613, 0.000000, 0.000000, 0.000000, 1.000000, -0.008126, 0.299623, 0.954023, 0.158605, -0.568219, -0.786441, 0.242152, -0.048389, 0.822837, -0.540127, 0.176642, 0.158818, 0.000000, 0.000000, 0.000000, 1.000000, -0.064464, -0.042181, -0.997028, 0.159618, -0.997918, 0.004915, 0.064313, 0.046590, 0.002188, 0.999098, -0.042410, 0.024395, 0.000000, 0.000000, 0.000000, 1.000000
-29.9954, 48.3860, 41.2270, 136.6147, 158.6071, -48.3862, 158.8218, 159.6173, 46.5899, 24.3967, 0.568220, 0.786447, -0.242130, 0.048386, -0.822835, 0.540077, -0.176803, 0.041227, -0.008277, 0.299696, 0.953999, 0.136615, 0.000000, 0.000000, 0.000000, 1.000000, -0.008130, 0.299597, 0.954031, 0.158607, -0.568220, -0.786447, 0.242128, -0.048386, 0.822836, -0.540131, 0.176631, 0.158822, 0.000000, 0.000000, 0.000000, 1.000000, -0.064465, -0.042181, -0.997028, 0.159617, -0.997918, 0.004913, 0.064314, 0.046590, 0.002186, 0.999098, -0.042410, 0.024397, 0.000000, 0.000000, 0.000000, 1.000000
-29.9943, 48.3841, 41.2248, 136.6160, 158.6085, -48.3843, 158.8240, 159.6170, 46.5898, 24.3977, 0.568221, 0.786451, -0.242115, 0.048384, -0.822834, 0.540080, -0.176795, 0.041225, -0.008279, 0.299679, 0.954004, 0.136616, 0.000000, 0.000000, 0.000000, 1.000000, -0.008132, 0.299580, 0.954036, 0.158608, -0.568221, -0.786452, 0.242113, -0.048384, 0.822836, -0.540135, 0.176623, 0.158824, 0.000000, 0.000000, 0.000000, 1.000000, -0.064465, -0.042181, -0.997028, 0.159617, -0.997918, 0.004912, 0.064315, 0.046590, 0.002184, 0.999098, -0.042410, 0.024398, 0.000000, 0.000000, 0.000000, 1.000000
-29.9916, 48.3794, 41.2197, 136.6196, 158.6120, -48.3796, 158.8290, 159.6161, 46.5897, 24.4003, 0.568222, 0.786462, -0.242079, 0.048379, -0.822834, 0.540088, -0.176774, 0.041220, -0.008283, 0.299637, 0.954017, 0.136620, 0.000000, 0.000000, 0.000000, 1.000000, -0.008135, 0.299538, 0.954050, 0.158612, -0.568221, -0.786462, 0.242077, -0.048380, 0.822835, -0.540142, 0.176602, 0.158829, 0.000000, 0.000000, 0.000000, 1.000000, -0.064467, -0.042181, -0.997028, 0.159616, -0.997917, 0.004909, 0.064317, 0.046590, 0.002181, 0.999098, -0.042410, 0.024400, 0.000000, 0.000000, 0.000000, 1.000000
-29.9900, 48.3765, 41.2168, 136.6218, 158.6143, -48.3767, 158.8319, 159.6156, 46.5897, 24.4018, 0.568222, 0.786468, -0.242057, 0.048376, -0.822834, 0.540093, -0.176761, 0.041217, -0.008284, 0.299612, 0.954025, 0.136622, 0.000000, 0.000000, 0.000000, 1.000000, -0.008136, 0.299513, 0.954058, 0.158614, -0.568222, -0.786469, 0.242055, -0.048377, 0.822835, -0.540147, 0.176588, 0.158832, 0.000000, 0.000000, 0.000000, 1.000000, -0.064468, -0.042181, -0.997028, 0.159616, -0.997917, 0.004907, 0.064318, 0.046590, 0.002179, 0.999098, -0.042410, 0.024402, 0.000000, 0.000000, 0.000000, 1.000000
-29.9861, 48.3697, 41.2104, 136.6273, 158.6197, -48.3699, 158.8383, 159.6143, 46.5897, 24.4055, 0.568222, 0.786484, -0.242005, 0.048370, -0.822833, 0.540104, -0.176728, 0.041210, -0.008286, 0.299551, 0.954044, 0.136627, 0.000000, 0.000000, 0.000000, 1.000000, -0.008138, 0.299452, 0.954077, 0.158620, -0.568222, -0.786484, 0.242003, -0.048370, 0.822835, -0.540158, 0.176556, 0.158838, 0.000000, 0.000000, 0.000000, 1.000000, -0.064471, -0.042181, -0.997028, 0.159614, -0.997917, 0.004903, 0.064321, 0.046590, 0.002175, 0.999098, -0.042410, 0.024406, 0.000000, 0.000000, 0.000000, 1.000000
-29.9815, 48.3613, 41.2029, 136.6341, 158.6265, -48.3615, 158.8458, 159.6126, 46.5899, 24.4100, 0.568223, 0.786503, -0.241943, 0.048361, -0.822833, 0.540118, -0.176687, 0.041203, -0.008287, 0.299476, 0.954068, 0.136634, 0.000000, 0.000000, 0.000000, 1.000000, -0.008139, 0.299377, 0.954100, 0.158627, -0.568223, -0.786503, 0.241941, -0.048362, 0.822835, -0.540172, 0.176514, 0.158846, 0.000000, 0.000000, 0.000000, 1.000000, -0.064473, -0.042181, -0.997028, 0.159613, -0.997917, 0.004897, 0.064324, 0.046590, 0.002170, 0.999098, -0.042409, 0.024410, 0.000000, 0.000000, 0.000000, 1.000000
-29.9788, 48.3565, 41.1987, 136.6380, 158.6305, -48.3567, 158.8499, 159.6116, 46.5900, 24.4126, 0.568223, 0.786514, -0.241907, 0.048356, -0.822833, 0.540126, -0.176663, 0.041199, -0.008288, 0.299433, 0.954081, 0.136638, 0.000000, 0.000000, 0.000000, 1.000000, -0.008140, 0.299334, 0.954114, 0.158630, -0.568223, -0.786514, 0.241905, -0.048357, 0.822835, -0.540180, 0.176490, 0.158850, 0.000000, 0.000000, 0.000000, 1.000000, -0.064475, -0.042181, -0.997027, 0.159612, -0.997917, 0.004894, 0.064326, 0.046590, 0.002166, 0.999098, -0.042409, 0.024413, 0.000000, 0.000000, 0.000000, 1.000000
-29.9728, 48.3456, 41.1896, 136.6471, 158.6396, -48.3458, 158.8591, 159.6094, 46.5902, 24.4185, 0.568223, 0.786539, -0.241826, 0.048346, -0.822833, 0.540144, -0.176608, 0.041190, -0.008288, 0.299335, 0.954112, 0.136647, 0.000000, 0.000000, 0.000000, 1.000000, -0.008139, 0.299236, 0.954144, 0.158640, -0.568223, -0.786539, 0.241825, -0.048346, 0.822835, -0.540198, 0.176435, 0.158859, 0.000000, 0.000000, 0.000000, 1.000000, -0.064479, -0.042182, -0.997027, 0.159609, -0.997917, 0.004888, 0.064330, 0.046590, 0.002159, 0.999098, -0.042409, 0.024418, 0.000000, 0.000000, 0.000000, 1.000000
-29.9694, 48.3395, 41.1845, 136.6523, 158.6447, -48.3397, 158.8641, 159.6081, 46.5904, 24.4218, 0.568223, 0.786553, -0.241781, 0.048339, -0.822833, 0.540154, -0.176576, 0.041185, -0.008288, 0.299280, 0.954129, 0.136652, 0.000000, 0.000000, 0.000000, 1.000000, -0.008139, 0.299181, 0.954162, 0.158645, -0.568223, -0.786553, 0.241780, -0.048340, 0.822835, -0.540208, 0.176403, 0.158864, 0.000000, 0.000000, 0.000000, 1.000000, -0.064481, -0.042182, -0.997027, 0.159608, -0.997917, 0.004884, 0.064332, 0.046590, 0.002156, 0.999098, -0.042409, 0.024422, 0.000000, 0.000000, 0.000000, 1.000000
-29.9619, 48.3258, 41.1736, 136.6638, 158.6562, -48.3261, 158.8750, 159.6052, 46.5908, 24.4291, 0.568222, 0.786583, -0.241681, 0.048326, -0.822833, 0.540177, -0.176506, 0.041174, -0.008286, 0.299158, 0.954168, 0.136664, 0.000000, 0.000000, 0.000000, 1.000000, -0.008138, 0.299059, 0.954200, 0.158656, -0.568222, -0.786584, 0.241680, -0.048326, 0.822835, -0.540231, 0.176333, 0.158875, 0.000000, 0.000000, 0.000000, 1.000000, -0.064486, -0.042182, -0.997027, 0.159605, -0.997916, 0.004875, 0.064337, 0.046591, 0.002147, 0.999098, -0.042409, 0.024429, 0.000000, 0.000000, 0.000000, 1.000000
-29.9578, 48.3183, 41.1676, 136.6702, 158.6626, -48.3186, 158.8810, 159.6036, 46.5911, 24.4332, 0.568222, 0.786601, -0.241626, 0.048318, -0.822834, 0.540189, -0.176467, 0.041168, -0.008285, 0.299091, 0.954189, 0.136670, 0.000000, 0.000000, 0.000000, 1.000000, -0.008137, 0.298991, 0.954221, 0.158663, -0.568222, -0.786601, 0.241625, -0.048319, 0.822835, -0.540243, 0.176294, 0.158881, 0.000000, 0.000000, 0.000000, 1.000000, -0.064488, -0.042182, -0.997027, 0.159604, -0.997916, 0.004871, 0.064340, 0.046591, 0.002142, 0.999098, -0.042408, 0.024433, 0.000000, 0.000000, 0.000000, 1.000000
-29.9488, 48.3019, 41.1548, 136.6843, 158.6767, -48.3021, 158.8938, 159.6001, 46.5916, 24.4420, 0.568221, 0.786638, -0.241506, 0.048302, -0.822834, 0.540216, -0.176381, 0.041155, -0.008282, 0.298943, 0.954235, 0.136684, 0.000000, 0.000000, 0.000000, 1.000000, -0.008134, 0.298843, 0.954268, 0.158677, -0.568221, -0.786639, 0.241504, -0.048302, 0.822836, -0.540271, 0.176207, 0.158894, 0.000000, 0.000000, 0.000000, 1.000000, -0.064494, -0.042183, -0.997026, 0.159600, -0.997916, 0.004860, 0.064345, 0.046592, 0.002132, 0.999098, -0.042408, 0.024442, 0.000000, 0.000000, 0.000000, 1.000000
-29.9488, 48.3019, 41.1548, 136.6843, 158.6767, -48.3021, 158.8938, 159.6001, 46.5916, 24.4420, 0.568221, 0.786638, -0.241506, 0.048302, -0.822834, 0.540216, -0.176381, 0.041155, -0.008282, 0.298943, 0.954235, 0.136684, 0.000000, 0.000000, 0.000000, 1.000000, -0.008134, 0.298843, 0.954268, 0.158677, -0.568221, -0.786639, 0.241504, -0.048302, 0.822836, -0.540271, 0.176207, 0.158894, 0.000000, 0.000000, 0.000000, 1.000000, -0.064494, -0.042183, -0.997026, 0.159600, -0.997916, 0.004860, 0.064345, 0.046592, 0.002132, 0.999098, -0.042408, 0.024442, 0.000000, 0.000000, 0.000000, 1.000000
-29.9439, 48.2929, 41.1479, 136.6920, 158.6844, -48.2932, 158.9007, 159.5982, 46.5920, 24.4468, 0.568221, 0.786658, -0.241441, 0.048293, -0.822834, 0.540231, -0.176334, 0.041148, -0.008281, 0.298862, 0.954260, 0.136692, 0.000000, 0.000000, 0.000000, 1.000000, -0.008132, 0.298763, 0.954293, 0.158684, -0.568221, -0.786659, 0.241439, -0.048293, 0.822836, -0.540286, 0.176160, 0.158901, 0.000000, 0.000000, 0.000000, 1.000000, -0.064497, -0.042183, -0.997026, 0.159598, -0.997916, 0.004855, 0.064349, 0.046592, 0.002126, 0.999098, -0.042408, 0.024447, 0.000000, 0.000000, 0.000000, 1.000000
-29.9277, 48.2631, 41.1252, 136.7177, 158.7101, -48.2634, 158.9233, 159.5917, 46.5931, 24.4629, 0.568219, 0.786726, -0.241224, 0.048263, -0.822836, 0.540281, -0.176176, 0.041125, -0.008274, 0.298595, 0.954344, 0.136718, 0.000000, 0.000000, 0.000000, 1.000000, -0.008125, 0.298495, 0.954377, 0.158710, -0.568219, -0.786727, 0.241222, -0.048263, 0.822837, -0.540335, 0.176003, 0.158923, 0.000000, 0.000000, 0.000000, 1.000000, -0.064507, -0.042183, -0.997025, 0.159592, -0.997915, 0.004837, 0.064359, 0.046593, 0.002107, 0.999098, -0.042407, 0.024463, 0.000000, 0.000000, 0.000000, 1.000000
-29.9092, 48.2292, 41.0998, 136.7472, 158.7397, -48.2294, 158.9487, 159.5843, 46.5945, 24.4812, 0.568217, 0.786803, -0.240977, 0.048229, -0.822837, 0.540337, -0.175996, 0.041100, -0.008265, 0.298289, 0.954440, 0.136747, 0.000000, 0.000000, 0.000000, 1.000000, -0.008116, 0.298189, 0.954472, 0.158740, -0.568217, -0.786804, 0.240975, -0.048229, 0.822839, -0.540392, 0.175822, 0.158949, 0.000000, 0.000000, 0.000000, 1.000000, -0.064518, -0.042184, -0.997025, 0.159584, -0.997914, 0.004816, 0.064372, 0.046595, 0.002086, 0.999098, -0.042407, 0.024481, 0.000000, 0.000000, 0.000000, 1.000000
-29.9026, 48.2169, 41.0906, 136.7580, 158.7504, -48.2171, 158.9579, 159.5816, 46.5950, 24.4878, 0.568216, 0.786831, -0.240888, 0.048217, -0.822838, 0.540358, -0.175930, 0.041091, -0.008262, 0.298178, 0.954475, 0.136758, 0.000000, 0.000000, 0.000000, 1.000000, -0.008113, 0.298078, 0.954507, 0.158750, -0.568216, -0.786832, 0.240886, -0.048217, 0.822839, -0.540412, 0.175756, 0.158958, 0.000000, 0.000000, 0.000000, 1.000000, -0.064522, -0.042185, -0.997024, 0.159582, -0.997914, 0.004808, 0.064376, 0.046595, 0.002078, 0.999098, -0.042407, 0.024488, 0.000000, 0.000000, 0.000000, 1.000000
-29.8884, 48.1909, 41.0714, 136.7807, 158.7731, -48.1911, 158.9771, 159.5759, 46.5961, 24.5019, 0.568214, 0.786890, -0.240699, 0.048191, -0.822839, 0.540401, -0.175791, 0.041071, -0.008254, 0.297943, 0.954548, 0.136781, 0.000000, 0.000000, 0.000000, 1.000000, -0.008105, 0.297843, 0.954580, 0.158773, -0.568214, -0.786891, 0.240697, -0.048191, 0.822841, -0.540455, 0.175617, 0.158977, 0.000000, 0.000000, 0.000000, 1.000000, -0.064531, -0.042185, -0.997024, 0.159576, -0.997914, 0.004792, 0.064385, 0.046596, 0.002062, 0.999098, -0.042406, 0.024502, 0.000000, 0.000000, 0.000000, 1.000000
-29.8884, 48.1909, 41.0714, 136.7807, 158.7731, -48.1911, 158.9771, 159.5759, 46.5961, 24.5019, 0.568214, 0.786890, -0.240699, 0.048191, -0.822839, 0.540401, -0.175791, 0.041071, -0.008254, 0.297943, 0.954548, 0.136781, 0.000000, 0.000000, 0.000000, 1.000000, -0.008105, 0.297843, 0.954580, 0.158773, -0.568214, -0.786891, 0.240697, -0.048191, 0.822841, -0.540455, 0.175617, 0.158977, 0.000000, 0.000000, 0.000000, 1.000000, -0.064531, -0.042185, -0.997024, 0.159576, -0.997914, 0.004792, 0.064385, 0.046596, 0.002062, 0.999098, -0.042406, 0.024502, 0.000000, 0.000000, 0.000000, 1.000000
-29.8654, 48.1484, 41.0401, 136.8180, 158.8105, -48.1486, 159.0084, 159.5666, 46.5980, 24.5248, 0.568211, 0.786987, -0.240390, 0.048148, -0.822842, 0.540472, -0.175563, 0.041040, -0.008242, 0.297560, 0.954668, 0.136818, 0.000000, 0.000000, 0.000000, 1.000000, -0.008093, 0.297460, 0.954700, 0.158810, -0.568211, -0.786988, 0.240388, -0.048149, 0.822843, -0.540526, 0.175389, 0.159008, 0.000000, 0.000000, 0.000000, 1.000000, -0.064545, -0.042186, -0.997023, 0.159567, -0.997913, 0.004766, 0.064401, 0.046598, 0.002035, 0.999098, -0.042406, 0.024525, 0.000000, 0.000000, 0.000000, 1.000000
-29.8488, 48.1178, 41.0177, 136.8450, 158.8374, -48.1180, 159.0307, 159.5598, 46.5994, 24.5413, 0.568209, 0.787057, -0.240168, 0.048118, -0.822843, 0.540522, -0.175398, 0.041018, -0.008232, 0.297284, 0.954754, 0.136845, 0.000000, 0.000000, 0.000000, 1.000000, -0.008083, 0.297183, 0.954786, 0.158837, -0.568209, -0.787057, 0.240166, -0.048118, 0.822845, -0.540577, 0.175224, 0.159031, 0.000000, 0.000000, 0.000000, 1.000000, -0.064555, -0.042187, -0.997022, 0.159560, -0.997912, 0.004747, 0.064412, 0.046599, 0.002015, 0.999098, -0.042405, 0.024541, 0.000000, 0.000000, 0.000000, 1.000000
-29.8401, 48.1018, 41.0061, 136.8591, 158.8515, -48.1021, 159.0424, 159.5563, 46.6001, 24.5499, 0.568207, 0.787093, -0.240052, 0.048102, -0.822844, 0.540549, -0.175312, 0.041006, -0.008227, 0.297140, 0.954799, 0.136859, 0.000000, 0.000000, 0.000000, 1.000000, -0.008078, 0.297039, 0.954831, 0.158851, -0.568207, -0.787093, 0.240051, -0.048102, 0.822846, -0.540603, 0.175138, 0.159042, 0.000000, 0.000000, 0.000000, 1.000000, -0.064560, -0.042187, -0.997022, 0.159556, -0.997912, 0.004737, 0.064417, 0.046600, 0.002005, 0.999098, -0.042405, 0.024550, 0.000000, 0.000000, 0.000000, 1.000000
-29.8221, 48.0687, 40.9820, 136.8883, 158.8808, -48.0689, 159.0665, 159.5489, 46.6016, 24.5678, 0.568205, 0.787168, -0.239812, 0.048069, -0.822846, 0.540604, -0.175134, 0.040982, -0.008217, 0.296840, 0.954892, 0.136888, 0.000000, 0.000000, 0.000000, 1.000000, -0.008067, 0.296740, 0.954924, 0.158881, -0.568205, -0.787169, 0.239810, -0.048069, 0.822848, -0.540658, 0.174959, 0.159067, 0.000000, 0.000000, 0.000000, 1.000000, -0.064571, -0.042188, -0.997021, 0.159549, -0.997911, 0.004717, 0.064429, 0.046602, 0.001984, 0.999099, -0.042405, 0.024568, 0.000000, 0.000000, 0.000000, 1.000000
-29.8221, 48.0687, 40.9820, 136.8883, 158.8808, -48.0689, 159.0665, 159.5489, 46.6016, 24.5678, 0.568205, 0.787168, -0.239812, 0.048069, -0.822846, 0.540604, -0.175134, 0.040982, -0.008217, 0.296840, 0.954892, 0.136888, 0.000000, 0.000000, 0.000000, 1.000000, -0.008067, 0.296740, 0.954924, 0.158881, -0.568205, -0.787169, 0.239810, -0.048069, 0.822848, -0.540658, 0.174959, 0.159067, 0.000000, 0.000000, 0.000000, 1.000000, -0.064571, -0.042188, -0.997021, 0.159549, -0.997911, 0.004717, 0.064429, 0.046602, 0.001984, 0.999099, -0.042405, 0.024568, 0.000000, 0.000000, 0.000000, 1.000000
-29.7936, 48.0160, 40.9437, 136.9350, 158.9274, -48.0163, 159.1047, 159.5372, 46.6040, 24.5962, 0.568200, 0.787288, -0.239429, 0.048016, -0.822849, 0.540691, -0.174850, 0.040944, -0.008200, 0.296364, 0.955040, 0.136935, 0.000000, 0.000000, 0.000000, 1.000000, -0.008050, 0.296264, 0.955072, 0.158927, -0.568200, -0.787288, 0.239428, -0.048016, 0.822851, -0.540745, 0.174675, 0.159105, 0.000000, 0.000000, 0.000000, 1.000000, -0.064589, -0.042190, -0.997020, 0.159537, -0.997910, 0.004684, 0.064448, 0.046604, 0.001951, 0.999099, -0.042404, 0.024596, 0.000000, 0.000000, 0.000000, 1.000000
-29.7936, 48.0160, 40.9437, 136.9350, 158.9274, -48.0163, 159.1047, 159.5372, 46.6040, 24.5962, 0.568200, 0.787288, -0.239429, 0.048016, -0.822849, 0.540691, -0.174850, 0.040944, -0.008200, 0.296364, 0.955040, 0.136935, 0.000000, 0.000000, 0.000000, 1.000000, -0.008050, 0.296264, 0.955072, 0.158927, -0.568200, -0.787288, 0.239428, -0.048016, 0.822851, -0.540745, 0.174675, 0.159105, 0.000000, 0.000000, 0.000000, 1.000000, -0.064589, -0.042190, -0.997020, 0.159537, -0.997910, 0.004684, 0.064448, 0.046604, 0.001951, 0.999099, -0.042404, 0.024596, 0.000000, 0.000000, 0.000000, 1.000000
-29.7633, 47.9602, 40.9032, 136.9846, 158.9770, -47.9604, 159.1452, 159.5248, 46.6065, 24.6264, 0.568196, 0.787414, -0.239024, 0.047960, -0.822853, 0.540783, -0.174548, 0.040903, -0.008181, 0.295858, 0.955197, 0.136985, 0.000000, 0.000000, 0.000000, 1.000000, -0.008032, 0.295758, 0.955229, 0.158977, -0.568196, -0.787415, 0.239022, -0.047960, 0.822854, -0.540837, 0.174373, 0.159145, 0.000000, 0.000000, 0.000000, 1.000000, -0.064607, -0.042191, -0.997018, 0.159525, -0.997909, 0.004650, 0.064468, 0.046607, 0.001916, 0.999099, -0.042403, 0.024626, 0.000000, 0.000000, 0.000000, 1.000000
-29.7528, 47.9409, 40.8893, 137.0017, 158.9942, -47.9412, 159.1592, 159.5205, 46.6074, 24.6368, 0.568194, 0.787458, -0.238883, 0.047941, -0.822854, 0.540815, -0.174443, 0.040889, -0.008175, 0.295684, 0.955251, 0.137002, 0.000000, 0.000000, 0.000000, 1.000000, -0.008026, 0.295584, 0.955283, 0.158994, -0.568194, -0.787459, 0.238882, -0.047941, 0.822856, -0.540869, 0.174269, 0.159159, 0.000000, 0.000000, 0.000000, 1.000000, -0.064613, -0.042192, -0.997018, 0.159520, -0.997909, 0.004638, 0.064475, 0.046607, 0.001904, 0.999099, -0.042403, 0.024637, 0.000000, 0.000000, 0.000000, 1.000000
-29.7314, 47.9015, 40.8607, 137.0368, 159.0293, -47.9017, 159.1877, 159.5116, 46.6092, 24.6581, 0.568191, 0.787548, -0.238597, 0.047901, -0.822857, 0.540880, -0.174230, 0.040861, -0.008162, 0.295327, 0.955362, 0.137037, 0.000000, 0.000000, 0.000000, 1.000000, -0.008013, 0.295226, 0.955394, 0.159029, -0.568191, -0.787548, 0.238595, -0.047902, 0.822858, -0.540934, 0.174055, 0.159188, 0.000000, 0.000000, 0.000000, 1.000000, -0.064626, -0.042193, -0.997017, 0.159512, -0.997908, 0.004613, 0.064489, 0.046609, 0.001879, 0.999099, -0.042402, 0.024658, 0.000000, 0.000000, 0.000000, 1.000000
-29.7094, 47.8609, 40.8314, 137.0730, 159.0654, -47.8612, 159.2170, 159.5026, 46.6111, 24.6800, 0.568187, 0.787639, -0.238302, 0.047861, -0.822859, 0.540947, -0.174010, 0.040831, -0.008149, 0.294959, 0.955475, 0.137073, 0.000000, 0.000000, 0.000000, 1.000000, -0.008000, 0.294859, 0.955507, 0.159065, -0.568187, -0.787640, 0.238300, -0.047861, 0.822861, -0.541000, 0.173836, 0.159217, 0.000000, 0.000000, 0.000000, 1.000000, -0.064640, -0.042194, -0.997016, 0.159503, -0.997907, 0.004588, 0.064503, 0.046611, 0.001853, 0.999099, -0.042402, 0.024680, 0.000000, 0.000000, 0.000000, 1.000000
-29.6982, 47.8403, 40.8165, 137.0914, 159.0839, -47.8406, 159.2320, 159.4980, 46.6121, 24.6912, 0.568185, 0.787686, -0.238152, 0.047840, -0.822860, 0.540981, -0.173898, 0.040816, -0.008142, 0.294772, 0.955533, 0.137091, 0.000000, 0.000000, 0.000000, 1.000000, -0.007993, 0.294672, 0.955565, 0.159084, -0.568185, -0.787687, 0.238150, -0.047841, 0.822862, -0.541034, 0.173724, 0.159232, 0.000000, 0.000000, 0.000000, 1.000000, -0.064647, -0.042194, -0.997016, 0.159498, -0.997907, 0.004576, 0.064511, 0.046612, 0.001840, 0.999099, -0.042402, 0.024691, 0.000000, 0.000000, 0.000000, 1.000000
-29.6755, 47.7984, 40.7862, 137.1288, 159.1213, -47.7987, 159.2623, 159.4886, 46.6140, 24.7138, 0.568181, 0.787781, -0.237847, 0.047798, -0.822863, 0.541049, -0.173671, 0.040786, -0.008128, 0.294392, 0.955650, 0.137129, 0.000000, 0.000000, 0.000000, 1.000000, -0.007979, 0.294292, 0.955682, 0.159121, -0.568181, -0.787781, 0.237845, -0.047799, 0.822865, -0.541103, 0.173497, 0.159262, 0.000000, 0.000000, 0.000000, 1.000000, -0.064660, -0.042195, -0.997015, 0.159489, -0.997906, 0.004550, 0.064526, 0.046614, 0.001813, 0.999099, -0.042401, 0.024714, 0.000000, 0.000000, 0.000000, 1.000000
-29.6755, 47.7984, 40.7862, 137.1288, 159.1213, -47.7987, 159.2623, 159.4886, 46.6140, 24.7138, 0.568181, 0.787781, -0.237847, 0.047798, -0.822863, 0.541049, -0.173671, 0.040786, -0.008128, 0.294392, 0.955650, 0.137129, 0.000000, 0.000000, 0.000000, 1.000000, -0.007979, 0.294292, 0.955682, 0.159121, -0.568181, -0.787781, 0.237845, -0.047799, 0.822865, -0.541103, 0.173497, 0.159262, 0.000000, 0.000000, 0.000000, 1.000000, -0.064660, -0.042195, -0.997015, 0.159489, -0.997906, 0.004550, 0.064526, 0.046614, 0.001813, 0.999099, -0.042401, 0.024714, 0.000000, 0.000000, 0.000000, 1.000000
-29.6288, 47.7125, 40.7240, 137.2058, 159.1983, -47.7127, 159.3245, 159.4692, 46.6181, 24.7603, 0.568174, 0.787975, -0.237220, 0.047712, -0.822869, 0.541191, -0.173205, 0.040724, -0.008100, 0.293612, 0.955890, 0.137206, 0.000000, 0.000000, 0.000000, 1.000000, -0.007951, 0.293512, 0.955922, 0.159198, -0.568174, -0.787976, 0.237219, -0.047713, 0.822870, -0.541244, 0.173031, 0.159324, 0.000000, 0.000000, 0.000000, 1.000000, -0.064689, -0.042198, -0.997013, 0.159469, -0.997904, 0.004496, 0.064556, 0.046618, 0.001759, 0.999099, -0.042400, 0.024760, 0.000000, 0.000000, 0.000000, 1.000000
-29.6170, 47.6907, 40.7082, 137.2254, 159.2179, -47.6909, 159.3402, 159.4643, 46.6191, 24.7721, 0.568172, 0.788024, -0.237061, 0.047691, -0.822870, 0.541226, -0.173087, 0.040708, -0.008093, 0.293414, 0.955951, 0.137225, 0.000000, 0.000000, 0.000000, 1.000000, -0.007944, 0.293314, 0.955983, 0.159218, -0.568172, -0.788025, 0.237060, -0.047691, 0.822872, -0.541280, 0.172912, 0.159340, 0.000000, 0.000000, 0.000000, 1.000000, -0.064696, -0.042198, -0.997012, 0.159464, -0.997903, 0.004483, 0.064564, 0.046619, 0.001745, 0.999099, -0.042400, 0.024772, 0.000000, 0.000000, 0.000000, 1.000000
-29.5931, 47.6468, 40.6764, 137.2648, 159.2573, -47.6470, 159.3721, 159.4544, 46.6211, 24.7958, 0.568168, 0.788124, -0.236741, 0.047647, -0.822873, 0.541298, -0.172848, 0.040676, -0.008078, 0.293014, 0.956074, 0.137265, 0.000000, 0.000000, 0.000000, 1.000000, -0.007929, 0.292914, 0.956106, 0.159257, -0.568168, -0.788124, 0.236739, -0.047647, 0.822874, -0.541352, 0.172674, 0.159372, 0.000000, 0.000000, 0.000000, 1.000000, -0.064710, -0.042199, -0.997011, 0.159454, -0.997903, 0.004456, 0.064580, 0.046621, 0.001717, 0.999099, -0.042399, 0.024796, 0.000000, 0.000000, 0.000000, 1.000000
-29.5811, 47.6247, 40.6604, 137.2847, 159.2772, -47.6249, 159.3881, 159.4495, 46.6222, 24.8078, 0.568166, 0.788173, -0.236580, 0.047625, -0.822874, 0.541334, -0.172728, 0.040660, -0.008071, 0.292814, 0.956135, 0.137285, 0.000000, 0.000000, 0.000000, 1.000000, -0.007922, 0.292714, 0.956167, 0.159277, -0.568166, -0.788174, 0.236578, -0.047625, 0.822876, -0.541388, 0.172554, 0.159388, 0.000000, 0.000000, 0.000000, 1.000000, -0.064718, -0.042200, -0.997011, 0.159449, -0.997902, 0.004442, 0.064588, 0.046622, 0.001703, 0.999099, -0.042399, 0.024808, 0.000000, 0.000000, 0.000000, 1.000000
-29.5570, 47.5804, 40.6283, 137.3245, 159.3171, -47.5806, 159.4202, 159.4395, 46.6242, 24.8318, 0.568162, 0.788273, -0.236256, 0.047580, -0.822877, 0.541407, -0.172487, 0.040628, -0.008057, 0.292410, 0.956259, 0.137325, 0.000000, 0.000000, 0.000000, 1.000000, -0.007908, 0.292310, 0.956291, 0.159317, -0.568162, -0.788274, 0.236254, -0.047581, 0.822879, -0.541460, 0.172313, 0.159420, 0.000000, 0.000000, 0.000000, 1.000000, -0.064732, -0.042201, -0.997010, 0.159439, -0.997901, 0.004414, 0.064603, 0.046624, 0.001675, 0.999099, -0.042398, 0.024832, 0.000000, 0.000000, 0.000000, 1.000000
-29.5328, 47.5359, 40.5961, 137.3645, 159.3571, -47.5362, 159.4524, 159.4294, 46.6263, 24.8558, 0.568158, 0.788374, -0.235931, 0.047536, -0.822880, 0.541479, -0.172246, 0.040596, -0.008042, 0.292006, 0.956383, 0.137365, 0.000000, 0.000000, 0.000000, 1.000000, -0.007894, 0.291906, 0.956414, 0.159357, -0.568158, -0.788374, 0.235929, -0.047536, 0.822882, -0.541532, 0.172072, 0.159452, 0.000000, 0.000000, 0.000000, 1.000000, -0.064747, -0.042202, -0.997009, 0.159429, -0.997900, 0.004387, 0.064619, 0.046626, 0.001647, 0.999099, -0.042398, 0.024856, 0.000000, 0.000000, 0.000000, 1.000000
-29.5207, 47.5137, 40.5799, 137.3846, 159.3771, -47.5140, 159.4685, 159.4244, 46.6274, 24.8679, 0.568156, 0.788424, -0.235769, 0.047514, -0.822882, 0.541515, -0.172125, 0.040580, -0.008035, 0.291804, 0.956445, 0.137385, 0.000000, 0.000000, 0.000000, 1.000000, -0.007887, 0.291704, 0.956476, 0.159377, -0.568156, -0.788424, 0.235767, -0.047514, 0.822883, -0.541568, 0.171951, 0.159469, 0.000000, 0.000000, 0.000000, 1.000000, -0.064754, -0.042203, -0.997008, 0.159424, -0.997900, 0.004373, 0.064627, 0.046627, 0.001632, 0.999099, -0.042397, 0.024868, 0.000000, 0.000000, 0.000000, 1.000000
-29.4965, 47.4694, 40.5477, 137.4246, 159.4171, -47.4696, 159.5008, 159.4143, 46.6294, 24.8919, 0.568152, 0.788523, -0.235444, 0.047469, -0.822884, 0.541588, -0.171884, 0.040548, -0.008021, 0.291399, 0.956568, 0.137425, 0.000000, 0.000000, 0.000000, 1.000000, -0.007872, 0.291300, 0.956600, 0.159417, -0.568152, -0.788524, 0.235442, -0.047470, 0.822886, -0.541641, 0.171710, 0.159501, 0.000000, 0.000000, 0.000000, 1.000000, -0.064769, -0.042204, -0.997007, 0.159414, -0.997899, 0.004345, 0.064643, 0.046629, 0.001604, 0.999100, -0.042397, 0.024892, 0.000000, 0.000000, 0.000000, 1.000000
-29.4845, 47.4472, 40.5317, 137.4446, 159.4371, -47.4475, 159.5168, 159.4093, 46.6305, 24.9039, 0.568150, 0.788573, -0.235282, 0.047447, -0.822886, 0.541624, -0.171763, 0.040532, -0.008014, 0.291198, 0.956629, 0.137445, 0.000000, 0.000000, 0.000000, 1.000000, -0.007865, 0.291098, 0.956661, 0.159437, -0.568150, -0.788574, 0.235280, -0.047447, 0.822887, -0.541677, 0.171590, 0.159517, 0.000000, 0.000000, 0.000000, 1.000000, -0.064776, -0.042205, -0.997007, 0.159409, -0.997899, 0.004332, 0.064651, 0.046630, 0.001590, 0.999100, -0.042396, 0.024904, 0.000000, 0.000000, 0.000000, 1.000000
-29.4605, 47.4032, 40.4996, 137.4844, 159.4769, -47.4035, 159.5489, 159.3994, 46.6325, 24.9277, 0.568146, 0.788672, -0.234959, 0.047403, -0.822889, 0.541695, -0.171524, 0.040500, -0.008000, 0.290796, 0.956752, 0.137484, 0.000000, 0.000000, 0.000000, 1.000000, -0.007852, 0.290696, 0.956783, 0.159477, -0.568146, -0.788673, 0.234958, -0.047403, 0.822890, -0.541748, 0.171350, 0.159549, 0.000000, 0.000000, 0.000000, 1.000000, -0.064791, -0.042206, -0.997006, 0.159399, -0.997898, 0.004304, 0.064666, 0.046633, 0.001562, 0.999100, -0.042396, 0.024928, 0.000000, 0.000000, 0.000000, 1.000000
-29.4486, 47.3813, 40.4837, 137.5041, 159.4967, -47.3816, 159.5648, 159.3944, 46.6335, 24.9396, 0.568144, 0.788721, -0.234799, 0.047381, -0.822890, 0.541731, -0.171405, 0.040484, -0.007993, 0.290596, 0.956812, 0.137504, 0.000000, 0.000000, 0.000000, 1.000000, -0.007845, 0.290497, 0.956844, 0.159497, -0.568144, -0.788722, 0.234797, -0.047382, 0.822891, -0.541784, 0.171231, 0.159565, 0.000000, 0.000000, 0.000000, 1.000000, -0.064798, -0.042206, -0.997005, 0.159394, -0.997897, 0.004291, 0.064674, 0.046634, 0.001548, 0.999100, -0.042396, 0.024940, 0.000000, 0.000000, 0.000000, 1.000000
-29.4249, 47.3378, 40.4521, 137.5435, 159.5361, -47.3381, 159.5965, 159.3845, 46.6356, 24.9631, 0.568141, 0.788819, -0.234480, 0.047338, -0.822893, 0.541802, -0.171168, 0.040452, -0.007979, 0.290200, 0.956933, 0.137543, 0.000000, 0.000000, 0.000000, 1.000000, -0.007831, 0.290100, 0.956964, 0.159536, -0.568141, -0.788819, 0.234478, -0.047338, 0.822894, -0.541854, 0.170995, 0.159596, 0.000000, 0.000000, 0.000000, 1.000000, -0.064812, -0.042207, -0.997004, 0.159385, -0.997896, 0.004264, 0.064690, 0.046636, 0.001520, 0.999100, -0.042395, 0.024963, 0.000000, 0.000000, 0.000000, 1.000000
-29.4014, 47.2948, 40.4207, 137.5824, 159.5750, -47.2951, 159.6278, 159.3747, 46.6376, 24.9864, 0.568137, 0.788915, -0.234165, 0.047295, -0.822896, 0.541871, -0.170934, 0.040421, -0.007966, 0.289807, 0.957052, 0.137582, 0.000000, 0.000000, 0.000000, 1.000000, -0.007818, 0.289708, 0.957083, 0.159575, -0.568137, -0.788916, 0.234163, -0.047295, 0.822897, -0.541924, 0.170761, 0.159628, 0.000000, 0.000000, 0.000000, 1.000000, -0.064826, -0.042209, -0.997004, 0.159375, -0.997895, 0.004237, 0.064705, 0.046638, 0.001493, 0.999100, -0.042394, 0.024986, 0.000000, 0.000000, 0.000000, 1.000000
-29.3898, 47.2736, 40.4052, 137.6017, 159.5943, -47.2738, 159.6433, 159.3699, 46.6386, 24.9980, 0.568135, 0.788963, -0.234009, 0.047274, -0.822897, 0.541906, -0.170819, 0.040405, -0.007959, 0.289613, 0.957111, 0.137602, 0.000000, 0.000000, 0.000000, 1.000000, -0.007811, 0.289513, 0.957142, 0.159594, -0.568135, -0.788964, 0.234007, -0.047274, 0.822898, -0.541958, 0.170645, 0.159643, 0.000000, 0.000000, 0.000000, 1.000000, -0.064833, -0.042209, -0.997003, 0.159370, -0.997895, 0.004223, 0.064712, 0.046639, 0.001479, 0.999100, -0.042394, 0.024998, 0.000000, 0.000000, 0.000000, 1.000000
-29.3669, 47.2315, 40.3745, 137.6398, 159.6324, -47.2318, 159.6740, 159.3603, 46.6405, 25.0208, 0.568131, 0.789057, -0.233700, 0.047232, -0.822900, 0.541974, -0.170590, 0.040375, -0.007946, 0.289229, 0.957227, 0.137640, 0.000000, 0.000000, 0.000000, 1.000000, -0.007798, 0.289129, 0.957258, 0.159632, -0.568131, -0.789058, 0.233698, -0.047232, 0.822901, -0.542026, 0.170417, 0.159674, 0.000000, 0.000000, 0.000000, 1.000000, -0.064847, -0.042210, -0.997002, 0.159360, -0.997894, 0.004197, 0.064727, 0.046641, 0.001452, 0.999100, -0.042393, 0.025021, 0.000000, 0.000000, 0.000000, 1.000000
-29.3555, 47.2107, 40.3594, 137.6587, 159.6513, -47.2110, 159.6892, 159.3556, 46.6415, 25.0320, 0.568130, 0.789104, -0.233547, 0.047211, -0.822901, 0.542007, -0.170476, 0.040359, -0.007939, 0.289039, 0.957284, 0.137659, 0.000000, 0.000000, 0.000000, 1.000000, -0.007792, 0.288939, 0.957316, 0.159651, -0.568130, -0.789104, 0.233545, -0.047211, 0.822902, -0.542060, 0.170304, 0.159689, 0.000000, 0.000000, 0.000000, 1.000000, -0.064854, -0.042211, -0.997002, 0.159356, -0.997894, 0.004184, 0.064735, 0.046641, 0.001439, 0.999100, -0.042393, 0.025032, 0.000000, 0.000000, 0.000000, 1.000000
-29.3331, 47.1697, 40.3294, 137.6958, 159.6885, -47.1700, 159.7192, 159.3463, 46.6434, 25.0543, 0.568126, 0.789195, -0.233246, 0.047170, -0.822903, 0.542074, -0.170253, 0.040329, -0.007927, 0.288664, 0.957398, 0.137696, 0.000000, 0.000000, 0.000000, 1.000000, -0.007779, 0.288565, 0.957429, 0.159688, -0.568126, -0.789196, 0.233244, -0.047170, 0.822905, -0.542126, 0.170081, 0.159719, 0.000000, 0.000000, 0.000000, 1.000000, -0.064867, -0.042212, -0.997001, 0.159346, -0.997893, 0.004159, 0.064749, 0.046643, 0.001413, 0.999100, -0.042393, 0.025054, 0.000000, 0.000000, 0.000000, 1.000000
-29.3331, 47.1697, 40.3294, 137.6958, 159.6885, -47.1700, 159.7192, 159.3463, 46.6434, 25.0543, 0.568126, 0.789195, -0.233246, 0.047170, -0.822903, 0.542074, -0.170253, 0.040329, -0.007927, 0.288664, 0.957398, 0.137696, 0.000000, 0.000000, 0.000000, 1.000000, -0.007779, 0.288565, 0.957429, 0.159688, -0.568126, -0.789196, 0.233244, -0.047170, 0.822905, -0.542126, 0.170081, 0.159719, 0.000000, 0.000000, 0.000000, 1.000000, -0.064867, -0.042212, -0.997001, 0.159346, -0.997893, 0.004159, 0.064749, 0.046643, 0.001413, 0.999100, -0.042393, 0.025054, 0.000000, 0.000000, 0.000000, 1.000000
-29.3004, 47.1098, 40.2856, 137.7503, 159.7429, -47.1101, 159.7631, 159.3326, 46.6462, 25.0868, 0.568121, 0.789329, -0.232805, 0.047110, -0.822907, 0.542170, -0.169927, 0.040286, -0.007908, 0.288116, 0.957563, 0.137750, 0.000000, 0.000000, 0.000000, 1.000000, -0.007761, 0.288017, 0.957594, 0.159743, -0.568121, -0.789330, 0.232803, -0.047110, 0.822909, -0.542222, 0.169754, 0.159763, 0.000000, 0.000000, 0.000000, 1.000000, -0.064887, -0.042213, -0.996999, 0.159333, -0.997892, 0.004121, 0.064771, 0.046646, 0.001375, 0.999100, -0.042392, 0.025087, 0.000000, 0.000000, 0.000000, 1.000000
-29.2897, 47.0903, 40.2713, 137.7681, 159.7607, -47.0905, 159.7774, 159.3281, 46.6471, 25.0974, 0.568119, 0.789373, -0.232661, 0.047090, -0.822908, 0.542202, -0.169821, 0.040271, -0.007903, 0.287937, 0.957617, 0.137768, 0.000000, 0.000000, 0.000000, 1.000000, -0.007755, 0.287838, 0.957648, 0.159761, -0.568119, -0.789373, 0.232659, -0.047091, 0.822910, -0.542254, 0.169648, 0.159777, 0.000000, 0.000000, 0.000000, 1.000000, -0.064893, -0.042214, -0.996999, 0.159328, -0.997891, 0.004109, 0.064778, 0.046647, 0.001362, 0.999100, -0.042392, 0.025097, 0.000000, 0.000000, 0.000000, 1.000000
