# Joint_B_Angle(deg), Cam_X(mm), Cam_Y(mm), Cam_Z(mm), Torso_X(mm), Torso_Y(mm), Torso_Z(mm), EE_X(mm), EE_Y(mm), EE_Z(mm), T_cam2marker_flat(16), T_torso2marker_flat(16), T_ee2marker_flat(16)
-20.0008, -79.4975, 18.3690, 451.4618, 520.4646, 88.4971, 238.6689, 117.1431, 26.4017, -6.2349, 0.288374, 0.846347, 0.447814, -0.079497, -0.949843, 0.311946, 0.022096, 0.018369, -0.120993, -0.431724, 0.893854, 0.451462, 0.000000, 0.000000, 0.000000, 1.000000, -0.120926, -0.431747, 0.893852, 0.520465, -0.288374, -0.846347, -0.447814, 0.088497, 0.949851, -0.311916, -0.022159, 0.238669, 0.000000, 0.000000, 0.000000, 1.000000, -0.031563, -0.063030, -0.997512, 0.117143, -0.997832, -0.055672, 0.035091, 0.026402, -0.057745, 0.996458, -0.061136, -0.006235, 0.000000, 0.000000, 0.000000, 1.000000
-20.0008, -79.4976, 18.3724, 451.4628, 520.4656, 88.4972, 238.6655, 117.1431, 26.4017, -6.2349, 0.288372, 0.846347, 0.447814, -0.079498, -0.949844, 0.311942, 0.022101, 0.018372, -0.120987, -0.431727, 0.893854, 0.451463, 0.000000, 0.000000, 0.000000, 1.000000, -0.120919, -0.431750, 0.893852, 0.520466, -0.288372, -0.846347, -0.447815, 0.088497, 0.949853, -0.311912, -0.022165, 0.238665, 0.000000, 0.000000, 0.000000, 1.000000, -0.031563, -0.063030, -0.997512, 0.117143, -0.997832, -0.055672, 0.035091, 0.026402, -0.057745, 0.996458, -0.061136, -0.006235, 0.000000, 0.000000, 0.000000, 1.000000
-20.0008, -79.4977, 18.3749, 451.4635, 520.4663, 88.4973, 238.6629, 117.1431, 26.4017, -6.2349, 0.288371, 0.846348, 0.447814, -0.079498, -0.949845, 0.311939, 0.022105, 0.018375, -0.120982, -0.431729, 0.893853, 0.451464, 0.000000, 0.000000, 0.000000, 1.000000, -0.120915, -0.431751, 0.893851, 0.520466, -0.288371, -0.846347, -0.447815, 0.088497, 0.949853, -0.311908, -0.022169, 0.238663, 0.000000, 0.000000, 0.000000, 1.000000, -0.031563, -0.063030, -0.997512, 0.117143, -0.997832, -0.055672, 0.035091, 0.026402, -0.057745, 0.996458, -0.061136, -0.006235, 0.000000, 0.000000, 0.000000, 1.000000
-20.0008, -79.4978, 18.3758, 451.4638, 520.4666, 88.4974, 238.6620, 117.1431, 26.4017, -6.2349, 0.288371, 0.846348, 0.447814, -0.079498, -0.949845, 0.311938, 0.022106, 0.018376, -0.120981, -0.431729, 0.893853, 0.451464, 0.000000, 0.000000, 0.000000, 1.000000, -0.120913, -0.431752, 0.893851, 0.520467, -0.288371, -0.846347, -0.447815, 0.088497, 0.949854, -0.311907, -0.022170, 0.238662, 0.000000, 0.000000, 0.000000, 1.000000, -0.031563, -0.063030, -0.997512, 0.117143, -0.997832, -0.055672, 0.035091, 0.026402, -0.057745, 0.996458, -0.061136, -0.006235, 0.000000, 0.000000, 0.000000, 1.000000
-20.0008, -79.4978, 18.3770, 451.4641, 520.4670, 88.4974, 238.6607, 117.1431, 26.4017, -6.2349, 0.288370, 0.846348, 0.447815, -0.079498, -0.949846, 0.311937, 0.022108, 0.018377, -0.120978, -0.431730, 0.893853, 0.451464, 0.000000, 0.000000, 0.000000, 1.000000, -0.120911, -0.431753, 0.893851, 0.520467, -0.288370, -0.846348, -0.447815, 0.088497, 0.949854, -0.311906, -0.022172, 0.238661, 0.000000, 0.000000, 0.000000, 1.000000, -0.031563, -0.063030, -0.997512, 0.117143, -0.997832, -0.055672, 0.035091, 0.026402, -0.057745, 0.996458, -0.061136, -0.006235, 0.000000, 0.000000, 0.000000, 1.000000
-20.0008, -79.4978, 18.3774, 451.4643, 520.4671, 88.4975, 238.6603, 117.1431, 26.4017, -6.2349, 0.288370, 0.846348, 0.447815, -0.079498, -0.949846, 0.311936, 0.022109, 0.018377, -0.120978, -0.431730, 0.893853, 0.451464, 0.000000, 0.000000, 0.000000, 1.000000, -0.120910, -0.431753, 0.893851, 0.520467, -0.288370, -0.846348, -0.447815, 0.088497, 0.949855, -0.311905, -0.022173, 0.238660, 0.000000, 0.000000, 0.000000, 1.000000, -0.031563, -0.063030, -0.997512, 0.117143, -0.997832, -0.055672, 0.035091, 0.026402, -0.057745, 0.996458, -0.061136, -0.006235, 0.000000, 0.000000, 0.000000, 1.000000
-20.0008, -79.4978, 18.3774, 451.4642, 520.4671, 88.4975, 238.6603, 117.1431, 26.4017, -6.2349, 0.288369, 0.846348, 0.447815, -0.079498, -0.949846, 0.311936, 0.022108, 0.018377, -0.120978, -0.431730, 0.893853, 0.451464, 0.000000, 0.000000, 0.000000, 1.000000, -0.120910, -0.431753, 0.893851, 0.520467, -0.288369, -0.846348, -0.447815, 0.088497, 0.949855, -0.311905, -0.022173, 0.238660, 0.000000, 0.000000, 0.000000, 1.000000, -0.031563, -0.063030, -0.997512, 0.117143, -0.997832, -0.055672, 0.035091, 0.026402, -0.057745, 0.996458, -0.061136, -0.006235, 0.000000, 0.000000, 0.000000, 1.000000
-20.0007, -79.4979, 18.3768, 451.4640, 520.4669, 88.4975, 238.6608, 117.1431, 26.4016, -6.2349, 0.288368, 0.846348, 0.447815, -0.079498, -0.949846, 0.311935, 0.022106, 0.018377, -0.120980, -0.431730, 0.893853, 0.451464, 0.000000, 0.000000, 0.000000, 1.000000, -0.120912, -0.431753, 0.893851, 0.520467, -0.288368, -0.846348, -0.447815, 0.088498, 0.949855, -0.311904, -0.022171, 0.238661, 0.000000, 0.000000, 0.000000, 1.000000, -0.031563, -0.063030, -0.997512, 0.117143, -0.997832, -0.055672, 0.035091, 0.026402, -0.057745, 0.996458, -0.061136, -0.006235, 0.000000, 0.000000, 0.000000, 1.000000
-20.0006, -79.4979, 18.3764, 451.4639, 520.4667, 88.4976, 238.6612, 117.1432, 26.4016, -6.2349, 0.288367, 0.846349, 0.447815, -0.079498, -0.949846, 0.311935, 0.022105, 0.018376, -0.120981, -0.431730, 0.893853, 0.451464, 0.000000, 0.000000, 0.000000, 1.000000, -0.120913, -0.431753, 0.893851, 0.520467, -0.288367, -0.846348, -0.447816, 0.088498, 0.949855, -0.311904, -0.022169, 0.238661, 0.000000, 0.000000, 0.000000, 1.000000, -0.031563, -0.063030, -0.997512, 0.117143, -0.997832, -0.055672, 0.035091, 0.026402, -0.057745, 0.996458, -0.061136, -0.006235, 0.000000, 0.000000, 0.000000, 1.000000
-20.0001, -79.4982, 18.3750, 451.4633, 520.4661, 88.4979, 238.6625, 117.1433, 26.4015, -6.2350, 0.288360, 0.846350, 0.447816, -0.079498, -0.949848, 0.311932, 0.022095, 0.018375, -0.120989, -0.431728, 0.893852, 0.451463, 0.000000, 0.000000, 0.000000, 1.000000, -0.120920, -0.431752, 0.893851, 0.520466, -0.288360, -0.846350, -0.447817, 0.088498, 0.949856, -0.311901, -0.022159, 0.238663, 0.000000, 0.000000, 0.000000, 1.000000, -0.031563, -0.063030, -0.997512, 0.117143, -0.997832, -0.055671, 0.035091, 0.026401, -0.057745, 0.996458, -0.061136, -0.006235, 0.000000, 0.000000, 0.000000, 1.000000
-19.9999, -79.4984, 18.3746, 451.4630, 520.4659, 88.4981, 238.6629, 117.1434, 26.4014, -6.2351, 0.288356, 0.846351, 0.447817, -0.079498, -0.949848, 0.311930, 0.022089, 0.018375, -0.120992, -0.431728, 0.893852, 0.451463, 0.000000, 0.000000, 0.000000, 1.000000, -0.120924, -0.431751, 0.893850, 0.520466, -0.288356, -0.846351, -0.447818, 0.088498, 0.949857, -0.311899, -0.022154, 0.238663, 0.000000, 0.000000, 0.000000, 1.000000, -0.031563, -0.063030, -0.997512, 0.117143, -0.997832, -0.055671, 0.035091, 0.026401, -0.057745, 0.996458, -0.061136, -0.006235, 0.000000, 0.000000, 0.000000, 1.000000
-19.9991, -79.4990, 18.3740, 451.4625, 520.4654, 88.4986, 238.6635, 117.1437, 26.4012, -6.2352, 0.288344, 0.846354, 0.447820, -0.079499, -0.949851, 0.311923, 0.022076, 0.018374, -0.121001, -0.431727, 0.893851, 0.451463, 0.000000, 0.000000, 0.000000, 1.000000, -0.120933, -0.431750, 0.893849, 0.520465, -0.288344, -0.846354, -0.447820, 0.088499, 0.949859, -0.311892, -0.022140, 0.238664, 0.000000, 0.000000, 0.000000, 1.000000, -0.031563, -0.063031, -0.997512, 0.117144, -0.997832, -0.055671, 0.035091, 0.026401, -0.057744, 0.996458, -0.061137, -0.006235, 0.000000, 0.000000, 0.000000, 1.000000
-19.9985, -79.4994, 18.3739, 451.4622, 520.4651, 88.4990, 238.6636, 117.1439, 26.4011, -6.2353, 0.288336, 0.846356, 0.447821, -0.079499, -0.949853, 0.311919, 0.022068, 0.018374, -0.121007, -0.431727, 0.893851, 0.451462, 0.000000, 0.000000, 0.000000, 1.000000, -0.120939, -0.431750, 0.893849, 0.520465, -0.288336, -0.846356, -0.447822, 0.088499, 0.949861, -0.311888, -0.022132, 0.238664, 0.000000, 0.000000, 0.000000, 1.000000, -0.031563, -0.063031, -0.997512, 0.117144, -0.997832, -0.055671, 0.035090, 0.026401, -0.057744, 0.996458, -0.061137, -0.006235, 0.000000, 0.000000, 0.000000, 1.000000
-19.9972, -79.5003, 18.3743, 451.4618, 520.4646, 88.4999, 238.6633, 117.1444, 26.4007, -6.2356, 0.288315, 0.846361, 0.447826, -0.079500, -0.949857, 0.311906, 0.022047, 0.018374, -0.121020, -0.431727, 0.893849, 0.451462, 0.000000, 0.000000, 0.000000, 1.000000, -0.120952, -0.431750, 0.893847, 0.520465, -0.288315, -0.846360, -0.447826, 0.088500, 0.949866, -0.311875, -0.022111, 0.238663, 0.000000, 0.000000, 0.000000, 1.000000, -0.031562, -0.063032, -0.997512, 0.117144, -0.997832, -0.055671, 0.035090, 0.026401, -0.057744, 0.996458, -0.061138, -0.006236, 0.000000, 0.000000, 0.000000, 1.000000
-19.9954, -79.5016, 18.3755, 451.4613, 520.4642, 88.5012, 238.6621, 117.1451, 26.4002, -6.2360, 0.288288, 0.846367, 0.447832, -0.079502, -0.949863, 0.311889, 0.022020, 0.018375, -0.121036, -0.431727, 0.893847, 0.451461, 0.000000, 0.000000, 0.000000, 1.000000, -0.120968, -0.431750, 0.893845, 0.520464, -0.288287, -0.846367, -0.447832, 0.088501, 0.949872, -0.311858, -0.022085, 0.238662, 0.000000, 0.000000, 0.000000, 1.000000, -0.031562, -0.063033, -0.997512, 0.117145, -0.997832, -0.055670, 0.035090, 0.026400, -0.057743, 0.996458, -0.061140, -0.006236, 0.000000, 0.000000, 0.000000, 1.000000
-19.9943, -79.5024, 18.3764, 451.4611, 520.4640, 88.5020, 238.6611, 117.1454, 26.3999, -6.2362, 0.288271, 0.846371, 0.447835, -0.079502, -0.949867, 0.311878, 0.022005, 0.018376, -0.121045, -0.431727, 0.893845, 0.451461, 0.000000, 0.000000, 0.000000, 1.000000, -0.120977, -0.431750, 0.893843, 0.520464, -0.288271, -0.846371, -0.447836, 0.088502, 0.949876, -0.311847, -0.022069, 0.238661, 0.000000, 0.000000, 0.000000, 1.000000, -0.031561, -0.063034, -0.997512, 0.117145, -0.997832, -0.055670, 0.035089, 0.026400, -0.057743, 0.996458, -0.061140, -0.006236, 0.000000, 0.000000, 0.000000, 1.000000
-19.9918, -79.5043, 18.3793, 451.4609, 520.4637, 88.5039, 238.6582, 117.1464, 26.3992, -6.2367, 0.288231, 0.846380, 0.447844, -0.079504, -0.949877, 0.311852, 0.021970, 0.018379, -0.121066, -0.431728, 0.893842, 0.451461, 0.000000, 0.000000, 0.000000, 1.000000, -0.120998, -0.431752, 0.893840, 0.520464, -0.288231, -0.846380, -0.447844, 0.088504, 0.949885, -0.311821, -0.022034, 0.238658, 0.000000, 0.000000, 0.000000, 1.000000, -0.031561, -0.063036, -0.997512, 0.117146, -0.997833, -0.055669, 0.035089, 0.026399, -0.057742, 0.996457, -0.061142, -0.006237, 0.000000, 0.000000, 0.000000, 1.000000
-19.9903, -79.5054, 18.3812, 451.4608, 520.4636, 88.5050, 238.6563, 117.1469, 26.3988, -6.2370, 0.288208, 0.846385, 0.447848, -0.079505, -0.949882, 0.311837, 0.021949, 0.018381, -0.121078, -0.431729, 0.893840, 0.451461, 0.000000, 0.000000, 0.000000, 1.000000, -0.121010, -0.431752, 0.893838, 0.520464, -0.288208, -0.846385, -0.447849, 0.088505, 0.949891, -0.311806, -0.022014, 0.238656, 0.000000, 0.000000, 0.000000, 1.000000, -0.031560, -0.063037, -0.997512, 0.117147, -0.997833, -0.055668, 0.035088, 0.026399, -0.057742, 0.996457, -0.061143, -0.006237, 0.000000, 0.000000, 0.000000, 1.000000
-19.9887, -79.5066, 18.3835, 451.4608, 520.4636, 88.5062, 238.6541, 117.1475, 26.3983, -6.2373, 0.288183, 0.846391, 0.447854, -0.079507, -0.949888, 0.311820, 0.021928, 0.018383, -0.121090, -0.431730, 0.893838, 0.451461, 0.000000, 0.000000, 0.000000, 1.000000, -0.121022, -0.431753, 0.893836, 0.520464, -0.288183, -0.846391, -0.447855, 0.088506, 0.949897, -0.311789, -0.021992, 0.238654, 0.000000, 0.000000, 0.000000, 1.000000, -0.031560, -0.063038, -0.997512, 0.117147, -0.997833, -0.055668, 0.035088, 0.026398, -0.057741, 0.996457, -0.061145, -0.006237, 0.000000, 0.000000, 0.000000, 1.000000
-19.9831, -79.5109, 18.3924, 451.4609, 520.4637, 88.5105, 238.6451, 117.1495, 26.3968, -6.2384, 0.288094, 0.846411, 0.447873, -0.079511, -0.949910, 0.311759, 0.021852, 0.018392, -0.121132, -0.431735, 0.893830, 0.451461, 0.000000, 0.000000, 0.000000, 1.000000, -0.121064, -0.431758, 0.893828, 0.520464, -0.288094, -0.846411, -0.447874, 0.088510, 0.949919, -0.311728, -0.021917, 0.238645, 0.000000, 0.000000, 0.000000, 1.000000, -0.031558, -0.063042, -0.997512, 0.117150, -0.997833, -0.055666, 0.035086, 0.026397, -0.057739, 0.996457, -0.061149, -0.006238, 0.000000, 0.000000, 0.000000, 1.000000
-19.9809, -79.5125, 18.3962, 451.4611, 520.4639, 88.5121, 238.6414, 117.1503, 26.3962, -6.2388, 0.288060, 0.846419, 0.447880, -0.079512, -0.949918, 0.311735, 0.021824, 0.018396, -0.121148, -0.431736, 0.893827, 0.451461, 0.000000, 0.000000, 0.000000, 1.000000, -0.121080, -0.431759, 0.893825, 0.520464, -0.288060, -0.846418, -0.447881, 0.088512, 0.949927, -0.311704, -0.021888, 0.238641, 0.000000, 0.000000, 0.000000, 1.000000, -0.031558, -0.063044, -0.997512, 0.117150, -0.997833, -0.055665, 0.035086, 0.026396, -0.057739, 0.996457, -0.061150, -0.006239, 0.000000, 0.000000, 0.000000, 1.000000
-19.9761, -79.5161, 18.4048, 451.4615, 520.4644, 88.5158, 238.6328, 117.1520, 26.3948, -6.2397, 0.287984, 0.846436, 0.447897, -0.079516, -0.949937, 0.311683, 0.021762, 0.018405, -0.121181, -0.431741, 0.893820, 0.451462, 0.000000, 0.000000, 0.000000, 1.000000, -0.121113, -0.431764, 0.893819, 0.520464, -0.287984, -0.846436, -0.447897, 0.088516, 0.949946, -0.311652, -0.021827, 0.238633, 0.000000, 0.000000, 0.000000, 1.000000, -0.031556, -0.063047, -0.997512, 0.117152, -0.997833, -0.055664, 0.035085, 0.026395, -0.057737, 0.996457, -0.061154, -0.006240, 0.000000, 0.000000, 0.000000, 1.000000
-19.9735, -79.5181, 18.4097, 451.4618, 520.4647, 88.5177, 238.6279, 117.1529, 26.3941, -6.2402, 0.287943, 0.846445, 0.447905, -0.079518, -0.949947, 0.311654, 0.021729, 0.018410, -0.121199, -0.431743, 0.893817, 0.451462, 0.000000, 0.000000, 0.000000, 1.000000, -0.121131, -0.431766, 0.893815, 0.520465, -0.287943, -0.846445, -0.447906, 0.088518, 0.949956, -0.311623, -0.021793, 0.238628, 0.000000, 0.000000, 0.000000, 1.000000, -0.031556, -0.063049, -0.997511, 0.117153, -0.997833, -0.055663, 0.035084, 0.026394, -0.057737, 0.996457, -0.061156, -0.006240, 0.000000, 0.000000, 0.000000, 1.000000
-19.9679, -79.5224, 18.4208, 451.4626, 520.4654, 88.5220, 238.6168, 117.1550, 26.3926, -6.2413, 0.287854, 0.846465, 0.447925, -0.079522, -0.949969, 0.311592, 0.021658, 0.018421, -0.121237, -0.431749, 0.893809, 0.451463, 0.000000, 0.000000, 0.000000, 1.000000, -0.121169, -0.431772, 0.893807, 0.520465, -0.287854, -0.846465, -0.447925, 0.088522, 0.949978, -0.311561, -0.021722, 0.238617, 0.000000, 0.000000, 0.000000, 1.000000, -0.031554, -0.063053, -0.997511, 0.117155, -0.997833, -0.055661, 0.035083, 0.026393, -0.057735, 0.996457, -0.061160, -0.006241, 0.000000, 0.000000, 0.000000, 1.000000
-19.9648, -79.5247, 18.4269, 451.4631, 520.4659, 88.5244, 238.6107, 117.1560, 26.3917, -6.2419, 0.287806, 0.846476, 0.447935, -0.079525, -0.949981, 0.311558, 0.021620, 0.018427, -0.121257, -0.431752, 0.893805, 0.451463, 0.000000, 0.000000, 0.000000, 1.000000, -0.121189, -0.431775, 0.893803, 0.520466, -0.287806, -0.846476, -0.447936, 0.088524, 0.949990, -0.311527, -0.021684, 0.238611, 0.000000, 0.000000, 0.000000, 1.000000, -0.031553, -0.063055, -0.997511, 0.117156, -0.997833, -0.055660, 0.035082, 0.026392, -0.057734, 0.996457, -0.061162, -0.006242, 0.000000, 0.000000, 0.000000, 1.000000
-19.9584, -79.5297, 18.4403, 451.4642, 520.4671, 88.5293, 238.5973, 117.1584, 26.3899, -6.2432, 0.287705, 0.846499, 0.447957, -0.079530, -0.950007, 0.311485, 0.021540, 0.018440, -0.121298, -0.431759, 0.893796, 0.451464, 0.000000, 0.000000, 0.000000, 1.000000, -0.121230, -0.431782, 0.893794, 0.520467, -0.287704, -0.846499, -0.447958, 0.088529, 0.950015, -0.311454, -0.021604, 0.238597, 0.000000, 0.000000, 0.000000, 1.000000, -0.031551, -0.063059, -0.997511, 0.117158, -0.997833, -0.055658, 0.035080, 0.026390, -0.057732, 0.996457, -0.061166, -0.006243, 0.000000, 0.000000, 0.000000, 1.000000
-19.9515, -79.5350, 18.4553, 451.4656, 520.4684, 88.5346, 238.5824, 117.1608, 26.3880, -6.2445, 0.287594, 0.846524, 0.447981, -0.079535, -0.950034, 0.311407, 0.021455, 0.018455, -0.121342, -0.431768, 0.893786, 0.451466, 0.000000, 0.000000, 0.000000, 1.000000, -0.121274, -0.431790, 0.893784, 0.520468, -0.287594, -0.846524, -0.447981, 0.088535, 0.950043, -0.311376, -0.021519, 0.238582, 0.000000, 0.000000, 0.000000, 1.000000, -0.031549, -0.063064, -0.997511, 0.117161, -0.997834, -0.055656, 0.035078, 0.026388, -0.057730, 0.996456, -0.061171, -0.006245, 0.000000, 0.000000, 0.000000, 1.000000
-19.9515, -79.5350, 18.4553, 451.4656, 520.4684, 88.5346, 238.5824, 117.1608, 26.3880, -6.2445, 0.287594, 0.846524, 0.447981, -0.079535, -0.950034, 0.311407, 0.021455, 0.018455, -0.121342, -0.431768, 0.893786, 0.451466, 0.000000, 0.000000, 0.000000, 1.000000, -0.121274, -0.431790, 0.893784, 0.520468, -0.287594, -0.846524, -0.447981, 0.088535, 0.950043, -0.311376, -0.021519, 0.238582, 0.000000, 0.000000, 0.000000, 1.000000, -0.031549, -0.063064, -0.997511, 0.117161, -0.997834, -0.055656, 0.035078, 0.026388, -0.057730, 0.996456, -0.061171, -0.006245, 0.000000, 0.000000, 0.000000, 1.000000
-19.9363, -79.5468, 18.4896, 451.4690, 520.4718, 88.5464, 238.5482, 117.1663, 26.3838, -6.2475, 0.287353, 0.846578, 0.448033, -0.079547, -0.950096, 0.311233, 0.021270, 0.018490, -0.121436, -0.431786, 0.893764, 0.451469, 0.000000, 0.000000, 0.000000, 1.000000, -0.121368, -0.431809, 0.893762, 0.520472, -0.287353, -0.846578, -0.448034, 0.088546, 0.950104, -0.311202, -0.021334, 0.238548, 0.000000, 0.000000, 0.000000, 1.000000, -0.031545, -0.063074, -0.997510, 0.117166, -0.997834, -0.055652, 0.035074, 0.026384, -0.057725, 0.996456, -0.061182, -0.006248, 0.000000, 0.000000, 0.000000, 1.000000
-19.9281, -79.5531, 18.5086, 451.4710, 520.4738, 88.5527, 238.5293, 117.1692, 26.3815, -6.2491, 0.287223, 0.846607, 0.448061, -0.079553, -0.950129, 0.311139, 0.021172, 0.018509, -0.121485, -0.431797, 0.893752, 0.451471, 0.000000, 0.000000, 0.000000, 1.000000, -0.121418, -0.431819, 0.893750, 0.520474, -0.287223, -0.846607, -0.448062, 0.088553, 0.950137, -0.311108, -0.021235, 0.238529, 0.000000, 0.000000, 0.000000, 1.000000, -0.031543, -0.063080, -0.997510, 0.117169, -0.997834, -0.055649, 0.035072, 0.026382, -0.057723, 0.996456, -0.061188, -0.006249, 0.000000, 0.000000, 0.000000, 1.000000
-19.9239, -79.5564, 18.5185, 451.4721, 520.4749, 88.5560, 238.5194, 117.1707, 26.3803, -6.2499, 0.287156, 0.846623, 0.448076, -0.079556, -0.950146, 0.311090, 0.021121, 0.018519, -0.121510, -0.431802, 0.893746, 0.451472, 0.000000, 0.000000, 0.000000, 1.000000, -0.121443, -0.431825, 0.893744, 0.520475, -0.287156, -0.846622, -0.448076, 0.088556, 0.950154, -0.311059, -0.021185, 0.238519, 0.000000, 0.000000, 0.000000, 1.000000, -0.031541, -0.063083, -0.997510, 0.117171, -0.997834, -0.055648, 0.035071, 0.026380, -0.057722, 0.996456, -0.061191, -0.006250, 0.000000, 0.000000, 0.000000, 1.000000
-19.9152, -79.5631, 18.5394, 451.4744, 520.4772, 88.5628, 238.4986, 117.1738, 26.3779, -6.2516, 0.287017, 0.846654, 0.448106, -0.079563, -0.950181, 0.310989, 0.021018, 0.018539, -0.121562, -0.431814, 0.893734, 0.451474, 0.000000, 0.000000, 0.000000, 1.000000, -0.121494, -0.431837, 0.893732, 0.520477, -0.287017, -0.846653, -0.448106, 0.088563, 0.950190, -0.310959, -0.021081, 0.238499, 0.000000, 0.000000, 0.000000, 1.000000, -0.031539, -0.063089, -0.997509, 0.117174, -0.997835, -0.055645, 0.035068, 0.026378, -0.057719, 0.996455, -0.061197, -0.006252, 0.000000, 0.000000, 0.000000, 1.000000
-19.9152, -79.5631, 18.5394, 451.4744, 520.4772, 88.5628, 238.4986, 117.1738, 26.3779, -6.2516, 0.287017, 0.846654, 0.448106, -0.079563, -0.950181, 0.310989, 0.021018, 0.018539, -0.121562, -0.431814, 0.893734, 0.451474, 0.000000, 0.000000, 0.000000, 1.000000, -0.121494, -0.431837, 0.893732, 0.520477, -0.287017, -0.846653, -0.448106, 0.088563, 0.950190, -0.310959, -0.021081, 0.238499, 0.000000, 0.000000, 0.000000, 1.000000, -0.031539, -0.063089, -0.997509, 0.117174, -0.997835, -0.055645, 0.035068, 0.026378, -0.057719, 0.996455, -0.061197, -0.006252, 0.000000, 0.000000, 0.000000, 1.000000
-19.9017, -79.5737, 18.5727, 451.4783, 520.4811, 88.5733, 238.4654, 117.1786, 26.3742, -6.2543, 0.286801, 0.846702, 0.448152, -0.079574, -0.950236, 0.310831, 0.020857, 0.018573, -0.121640, -0.431832, 0.893714, 0.451478, 0.000000, 0.000000, 0.000000, 1.000000, -0.121573, -0.431855, 0.893712, 0.520481, -0.286801, -0.846702, -0.448153, 0.088573, 0.950245, -0.310801, -0.020920, 0.238465, 0.000000, 0.000000, 0.000000, 1.000000, -0.031535, -0.063098, -0.997509, 0.117179, -0.997835, -0.055641, 0.035065, 0.026374, -0.057715, 0.996455, -0.061207, -0.006254, 0.000000, 0.000000, 0.000000, 1.000000
-19.8970, -79.5773, 18.5843, 451.4796, 520.4824, 88.5770, 238.4538, 117.1803, 26.3729, -6.2552, 0.286727, 0.846719, 0.448168, -0.079577, -0.950255, 0.310777, 0.020802, 0.018584, -0.121667, -0.431839, 0.893707, 0.451480, 0.000000, 0.000000, 0.000000, 1.000000, -0.121600, -0.431862, 0.893705, 0.520482, -0.286726, -0.846719, -0.448169, 0.088577, 0.950264, -0.310746, -0.020865, 0.238454, 0.000000, 0.000000, 0.000000, 1.000000, -0.031533, -0.063102, -0.997509, 0.117180, -0.997835, -0.055640, 0.035063, 0.026373, -0.057714, 0.996455, -0.061211, -0.006255, 0.000000, 0.000000, 0.000000, 1.000000
-19.8876, -79.5847, 18.6081, 451.4825, 520.4853, 88.5844, 238.4301, 117.1837, 26.3702, -6.2570, 0.286576, 0.846753, 0.448201, -0.079585, -0.950294, 0.310666, 0.020691, 0.018608, -0.121721, -0.431852, 0.893693, 0.451482, 0.000000, 0.000000, 0.000000, 1.000000, -0.121653, -0.431875, 0.893692, 0.520485, -0.286575, -0.846752, -0.448202, 0.088584, 0.950303, -0.310635, -0.020754, 0.238430, 0.000000, 0.000000, 0.000000, 1.000000, -0.031531, -0.063108, -0.997508, 0.117184, -0.997835, -0.055637, 0.035061, 0.026370, -0.057711, 0.996455, -0.061217, -0.006257, 0.000000, 0.000000, 0.000000, 1.000000
-19.8828, -79.5885, 18.6203, 451.4840, 520.4867, 88.5881, 238.4179, 117.1854, 26.3689, -6.2579, 0.286499, 0.846770, 0.448218, -0.079588, -0.950314, 0.310610, 0.020635, 0.018620, -0.121747, -0.431859, 0.893686, 0.451484, 0.000000, 0.000000, 0.000000, 1.000000, -0.121680, -0.431882, 0.893685, 0.520487, -0.286499, -0.846770, -0.448218, 0.088588, 0.950322, -0.310579, -0.020698, 0.238418, 0.000000, 0.000000, 0.000000, 1.000000, -0.031529, -0.063111, -0.997508, 0.117185, -0.997835, -0.055635, 0.035060, 0.026369, -0.057709, 0.996455, -0.061221, -0.006258, 0.000000, 0.000000, 0.000000, 1.000000
-19.8731, -79.5961, 18.6451, 451.4870, 520.4898, 88.5957, 238.3931, 117.1888, 26.3662, -6.2598, 0.286344, 0.846805, 0.448251, -0.079596, -0.950353, 0.310495, 0.020522, 0.018645, -0.121802, -0.431873, 0.893672, 0.451487, 0.000000, 0.000000, 0.000000, 1.000000, -0.121735, -0.431896, 0.893670, 0.520490, -0.286344, -0.846804, -0.448252, 0.088596, 0.950362, -0.310465, -0.020585, 0.238393, 0.000000, 0.000000, 0.000000, 1.000000, -0.031526, -0.063118, -0.997508, 0.117189, -0.997836, -0.055632, 0.035057, 0.026366, -0.057706, 0.996454, -0.061228, -0.006260, 0.000000, 0.000000, 0.000000, 1.000000
-19.8682, -79.5999, 18.6578, 451.4886, 520.4914, 88.5996, 238.3805, 117.1906, 26.3648, -6.2608, 0.286266, 0.846822, 0.448268, -0.079600, -0.950373, 0.310438, 0.020465, 0.018658, -0.121829, -0.431880, 0.893665, 0.451489, 0.000000, 0.000000, 0.000000, 1.000000, -0.121762, -0.431903, 0.893663, 0.520491, -0.286266, -0.846822, -0.448269, 0.088600, 0.950382, -0.310407, -0.020528, 0.238381, 0.000000, 0.000000, 0.000000, 1.000000, -0.031525, -0.063122, -0.997508, 0.117191, -0.997836, -0.055631, 0.035056, 0.026365, -0.057705, 0.996454, -0.061231, -0.006261, 0.000000, 0.000000, 0.000000, 1.000000
-19.8584, -79.6077, 18.6835, 451.4918, 520.4946, 88.6073, 238.3549, 117.1941, 26.3621, -6.2627, 0.286108, 0.846857, 0.448302, -0.079608, -0.950414, 0.310321, 0.020351, 0.018683, -0.121883, -0.431895, 0.893651, 0.451492, 0.000000, 0.000000, 0.000000, 1.000000, -0.121816, -0.431917, 0.893649, 0.520495, -0.286108, -0.846857, -0.448302, 0.088607, 0.950423, -0.310291, -0.020414, 0.238355, 0.000000, 0.000000, 0.000000, 1.000000, -0.031522, -0.063128, -0.997507, 0.117194, -0.997836, -0.055628, 0.035053, 0.026362, -0.057702, 0.996454, -0.061238, -0.006263, 0.000000, 0.000000, 0.000000, 1.000000
-19.8485, -79.6154, 18.7096, 451.4951, 520.4979, 88.6151, 238.3289, 117.1976, 26.3593, -6.2646, 0.285950, 0.846893, 0.448336, -0.079615, -0.950455, 0.310204, 0.020237, 0.018710, -0.121937, -0.431910, 0.893636, 0.451495, 0.000000, 0.000000, 0.000000, 1.000000, -0.121870, -0.431932, 0.893634, 0.520498, -0.285950, -0.846893, -0.448337, 0.088615, 0.950463, -0.310173, -0.020300, 0.238329, 0.000000, 0.000000, 0.000000, 1.000000, -0.031519, -0.063135, -0.997507, 0.117198, -0.997836, -0.055625, 0.035050, 0.026359, -0.057699, 0.996454, -0.061245, -0.006265, 0.000000, 0.000000, 0.000000, 1.000000
-19.8436, -79.6193, 18.7227, 451.4968, 520.4996, 88.6190, 238.3158, 117.1993, 26.3580, -6.2656, 0.285870, 0.846911, 0.448353, -0.079619, -0.950475, 0.310145, 0.020180, 0.018723, -0.121964, -0.431917, 0.893629, 0.451497, 0.000000, 0.000000, 0.000000, 1.000000, -0.121897, -0.431940, 0.893627, 0.520500, -0.285870, -0.846910, -0.448354, 0.088619, 0.950484, -0.310114, -0.020243, 0.238316, 0.000000, 0.000000, 0.000000, 1.000000, -0.031518, -0.063139, -0.997507, 0.117199, -0.997836, -0.055623, 0.035049, 0.026358, -0.057698, 0.996453, -0.061249, -0.006266, 0.000000, 0.000000, 0.000000, 1.000000
-19.8386, -79.6232, 18.7360, 451.4985, 520.5013, 88.6229, 238.3026, 117.2011, 26.3566, -6.2666, 0.285791, 0.846928, 0.448370, -0.079623, -0.950496, 0.310086, 0.020123, 0.018736, -0.121990, -0.431925, 0.893621, 0.451499, 0.000000, 0.000000, 0.000000, 1.000000, -0.121924, -0.431947, 0.893620, 0.520501, -0.285791, -0.846928, -0.448371, 0.088623, 0.950504, -0.310055, -0.020186, 0.238303, 0.000000, 0.000000, 0.000000, 1.000000, -0.031516, -0.063142, -0.997507, 0.117201, -0.997837, -0.055622, 0.035047, 0.026357, -0.057696, 0.996453, -0.061252, -0.006267, 0.000000, 0.000000, 0.000000, 1.000000
-19.8288, -79.6310, 18.7625, 451.5020, 520.5047, 88.6307, 238.2761, 117.2046, 26.3538, -6.2685, 0.285632, 0.846964, 0.448404, -0.079631, -0.950537, 0.309968, 0.020010, 0.018763, -0.122043, -0.431940, 0.893607, 0.451502, 0.000000, 0.000000, 0.000000, 1.000000, -0.121977, -0.431962, 0.893605, 0.520505, -0.285632, -0.846964, -0.448405, 0.088631, 0.950545, -0.309938, -0.020072, 0.238276, 0.000000, 0.000000, 0.000000, 1.000000, -0.031513, -0.063149, -0.997506, 0.117205, -0.997837, -0.055619, 0.035045, 0.026354, -0.057693, 0.996453, -0.061259, -0.006268, 0.000000, 0.000000, 0.000000, 1.000000
-19.8189, -79.6388, 18.7892, 451.5055, 520.5082, 88.6384, 238.2495, 117.2081, 26.3511, -6.2704, 0.285474, 0.846999, 0.448438, -0.079639, -0.950577, 0.309850, 0.019897, 0.018789, -0.122096, -0.431955, 0.893592, 0.451505, 0.000000, 0.000000, 0.000000, 1.000000, -0.122030, -0.431978, 0.893591, 0.520508, -0.285474, -0.846999, -0.448439, 0.088638, 0.950586, -0.309820, -0.019959, 0.238250, 0.000000, 0.000000, 0.000000, 1.000000, -0.031510, -0.063156, -0.997506, 0.117208, -0.997837, -0.055616, 0.035042, 0.026351, -0.057690, 0.996453, -0.061266, -0.006270, 0.000000, 0.000000, 0.000000, 1.000000
-19.8091, -79.6465, 18.8159, 451.5090, 520.5117, 88.6461, 238.2229, 117.2116, 26.3483, -6.2723, 0.285317, 0.847034, 0.448472, -0.079647, -0.950618, 0.309733, 0.019785, 0.018816, -0.122148, -0.431971, 0.893578, 0.451509, 0.000000, 0.000000, 0.000000, 1.000000, -0.122082, -0.431993, 0.893576, 0.520512, -0.285317, -0.847034, -0.448473, 0.088646, 0.950626, -0.309703, -0.019847, 0.238223, 0.000000, 0.000000, 0.000000, 1.000000, -0.031507, -0.063162, -0.997506, 0.117212, -0.997837, -0.055613, 0.035039, 0.026348, -0.057687, 0.996453, -0.061273, -0.006272, 0.000000, 0.000000, 0.000000, 1.000000
-19.8043, -79.6503, 18.8292, 451.5108, 520.5135, 88.6500, 238.2097, 117.2133, 26.3470, -6.2733, 0.285239, 0.847052, 0.448489, -0.079650, -0.950638, 0.309674, 0.019730, 0.018829, -0.122173, -0.431978, 0.893571, 0.451511, 0.000000, 0.000000, 0.000000, 1.000000, -0.122107, -0.432000, 0.893569, 0.520513, -0.285239, -0.847051, -0.448490, 0.088650, 0.950646, -0.309644, -0.019792, 0.238210, 0.000000, 0.000000, 0.000000, 1.000000, -0.031506, -0.063166, -0.997506, 0.117213, -0.997838, -0.055611, 0.035038, 0.026347, -0.057686, 0.996452, -0.061277, -0.006273, 0.000000, 0.000000, 0.000000, 1.000000
-19.7899, -79.6617, 18.8690, 451.5161, 520.5188, 88.6614, 238.1701, 117.2184, 26.3429, -6.2761, 0.285007, 0.847103, 0.448539, -0.079662, -0.950698, 0.309501, 0.019566, 0.018869, -0.122249, -0.432001, 0.893549, 0.451516, 0.000000, 0.000000, 0.000000, 1.000000, -0.122183, -0.432023, 0.893548, 0.520519, -0.285007, -0.847103, -0.448539, 0.088661, 0.950706, -0.309471, -0.019628, 0.238170, 0.000000, 0.000000, 0.000000, 1.000000, -0.031502, -0.063176, -0.997505, 0.117218, -0.997838, -0.055607, 0.035034, 0.026343, -0.057681, 0.996452, -0.061287, -0.006276, 0.000000, 0.000000, 0.000000, 1.000000
-19.7899, -79.6617, 18.8690, 451.5161, 520.5188, 88.6614, 238.1701, 117.2184, 26.3429, -6.2761, 0.285007, 0.847103, 0.448539, -0.079662, -0.950698, 0.309501, 0.019566, 0.018869, -0.122249, -0.432001, 0.893549, 0.451516, 0.000000, 0.000000, 0.000000, 1.000000, -0.122183, -0.432023, 0.893548, 0.520519, -0.285007, -0.847103, -0.448539, 0.088661, 0.950706, -0.309471, -0.019628, 0.238170, 0.000000, 0.000000, 0.000000, 1.000000, -0.031502, -0.063176, -0.997505, 0.117218, -0.997838, -0.055607, 0.035034, 0.026343, -0.057681, 0.996452, -0.061287, -0.006276, 0.000000, 0.000000, 0.000000, 1.000000
-19.7758, -79.6728, 18.9080, 451.5213, 520.5240, 88.6724, 238.1312, 117.2234, 26.3390, -6.2788, 0.284781, 0.847154, 0.448587, -0.079673, -0.950756, 0.309332, 0.019407, 0.018908, -0.122322, -0.432024, 0.893528, 0.451521, 0.000000, 0.000000, 0.000000, 1.000000, -0.122256, -0.432046, 0.893527, 0.520524, -0.284781, -0.847153, -0.448588, 0.088672, 0.950765, -0.309302, -0.019468, 0.238131, 0.000000, 0.000000, 0.000000, 1.000000, -0.031497, -0.063185, -0.997505, 0.117223, -0.997838, -0.055603, 0.035030, 0.026339, -0.057677, 0.996452, -0.061297, -0.006279, 0.000000, 0.000000, 0.000000, 1.000000
-19.7666, -79.6801, 18.9337, 451.5248, 520.5275, 88.6797, 238.1056, 117.2267, 26.3364, -6.2806, 0.284633, 0.847187, 0.448619, -0.079680, -0.950794, 0.309221, 0.019303, 0.018934, -0.122369, -0.432039, 0.893515, 0.451525, 0.000000, 0.000000, 0.000000, 1.000000, -0.122304, -0.432061, 0.893513, 0.520528, -0.284633, -0.847186, -0.448620, 0.088680, 0.950803, -0.309191, -0.019364, 0.238106, 0.000000, 0.000000, 0.000000, 1.000000, -0.031495, -0.063192, -0.997504, 0.117227, -0.997839, -0.055600, 0.035027, 0.026336, -0.057675, 0.996451, -0.061304, -0.006281, 0.000000, 0.000000, 0.000000, 1.000000
-19.7621, -79.6837, 18.9464, 451.5266, 520.5292, 88.6833, 238.0929, 117.2283, 26.3352, -6.2815, 0.284560, 0.847203, 0.448635, -0.079684, -0.950813, 0.309166, 0.019252, 0.018946, -0.122393, -0.432046, 0.893508, 0.451527, 0.000000, 0.000000, 0.000000, 1.000000, -0.122328, -0.432068, 0.893506, 0.520529, -0.284560, -0.847203, -0.448635, 0.088683, 0.950822, -0.309136, -0.019313, 0.238093, 0.000000, 0.000000, 0.000000, 1.000000, -0.031493, -0.063195, -0.997504, 0.117228, -0.997839, -0.055598, 0.035026, 0.026335, -0.057673, 0.996451, -0.061307, -0.006281, 0.000000, 0.000000, 0.000000, 1.000000
-19.7576, -79.6872, 18.9591, 451.5283, 520.5310, 88.6869, 238.0803, 117.2299, 26.3339, -6.2824, 0.284487, 0.847219, 0.448650, -0.079687, -0.950832, 0.309111, 0.019201, 0.018959, -0.122416, -0.432053, 0.893501, 0.451528, 0.000000, 0.000000, 0.000000, 1.000000, -0.122351, -0.432075, 0.893499, 0.520531, -0.284487, -0.847219, -0.448651, 0.088687, 0.950840, -0.309082, -0.019262, 0.238080, 0.000000, 0.000000, 0.000000, 1.000000, -0.031492, -0.063198, -0.997504, 0.117230, -0.997839, -0.055597, 0.035025, 0.026334, -0.057672, 0.996451, -0.061310, -0.006282, 0.000000, 0.000000, 0.000000, 1.000000
-19.7486, -79.6943, 18.9842, 451.5317, 520.5344, 88.6939, 238.0553, 117.2331, 26.3314, -6.2841, 0.284343, 0.847251, 0.448681, -0.079694, -0.950869, 0.309003, 0.019100, 0.018984, -0.122462, -0.432068, 0.893488, 0.451532, 0.000000, 0.000000, 0.000000, 1.000000, -0.122397, -0.432090, 0.893486, 0.520534, -0.284343, -0.847251, -0.448682, 0.088694, 0.950878, -0.308974, -0.019161, 0.238055, 0.000000, 0.000000, 0.000000, 1.000000, -0.031489, -0.063204, -0.997504, 0.117233, -0.997839, -0.055594, 0.035022, 0.026331, -0.057669, 0.996451, -0.061317, -0.006284, 0.000000, 0.000000, 0.000000, 1.000000
-19.7399, -79.7012, 19.0089, 451.5351, 520.5378, 88.7008, 238.0307, 117.2362, 26.3289, -6.2858, 0.284201, 0.847282, 0.448712, -0.079701, -0.950906, 0.308897, 0.019000, 0.019009, -0.122507, -0.432082, 0.893475, 0.451535, 0.000000, 0.000000, 0.000000, 1.000000, -0.122443, -0.432104, 0.893473, 0.520538, -0.284201, -0.847282, -0.448712, 0.088701, 0.950914, -0.308867, -0.019061, 0.238031, 0.000000, 0.000000, 0.000000, 1.000000, -0.031486, -0.063210, -0.997503, 0.117236, -0.997839, -0.055592, 0.035020, 0.026329, -0.057666, 0.996451, -0.061323, -0.006286, 0.000000, 0.000000, 0.000000, 1.000000
-19.7355, -79.7046, 19.0212, 451.5368, 520.5394, 88.7043, 238.0185, 117.2378, 26.3277, -6.2867, 0.284131, 0.847298, 0.448727, -0.079705, -0.950924, 0.308844, 0.018951, 0.019021, -0.122529, -0.432089, 0.893468, 0.451537, 0.000000, 0.000000, 0.000000, 1.000000, -0.122465, -0.432111, 0.893467, 0.520539, -0.284131, -0.847298, -0.448727, 0.088704, 0.950932, -0.308815, -0.019012, 0.238019, 0.000000, 0.000000, 0.000000, 1.000000, -0.031485, -0.063213, -0.997503, 0.117238, -0.997839, -0.055590, 0.035019, 0.026328, -0.057665, 0.996451, -0.061326, -0.006287, 0.000000, 0.000000, 0.000000, 1.000000
-19.7269, -79.7114, 19.0454, 451.5401, 520.5427, 88.7111, 237.9944, 117.2408, 26.3253, -6.2884, 0.283993, 0.847329, 0.448756, -0.079711, -0.950960, 0.308740, 0.018854, 0.019045, -0.122573, -0.432103, 0.893455, 0.451540, 0.000000, 0.000000, 0.000000, 1.000000, -0.122509, -0.432125, 0.893454, 0.520543, -0.283992, -0.847328, -0.448757, 0.088711, 0.950968, -0.308711, -0.018915, 0.237994, 0.000000, 0.000000, 0.000000, 1.000000, -0.031483, -0.063219, -0.997503, 0.117241, -0.997840, -0.055588, 0.035016, 0.026325, -0.057663, 0.996450, -0.061332, -0.006288, 0.000000, 0.000000, 0.000000, 1.000000
-19.7184, -79.7181, 19.0693, 451.5434, 520.5460, 88.7177, 237.9707, 117.2438, 26.3229, -6.2900, 0.283856, 0.847359, 0.448785, -0.079718, -0.950995, 0.308638, 0.018759, 0.019069, -0.122617, -0.432117, 0.893443, 0.451543, 0.000000, 0.000000, 0.000000, 1.000000, -0.122553, -0.432139, 0.893441, 0.520546, -0.283856, -0.847359, -0.448786, 0.088718, 0.951003, -0.308609, -0.018819, 0.237971, 0.000000, 0.000000, 0.000000, 1.000000, -0.031480, -0.063225, -0.997503, 0.117244, -0.997840, -0.055585, 0.035014, 0.026323, -0.057660, 0.996450, -0.061338, -0.006290, 0.000000, 0.000000, 0.000000, 1.000000
-19.7143, -79.7214, 19.0810, 451.5450, 520.5476, 88.7210, 237.9589, 117.2453, 26.3218, -6.2908, 0.283789, 0.847374, 0.448800, -0.079721, -0.951012, 0.308587, 0.018712, 0.019081, -0.122638, -0.432124, 0.893436, 0.451545, 0.000000, 0.000000, 0.000000, 1.000000, -0.122574, -0.432146, 0.893435, 0.520548, -0.283788, -0.847374, -0.448800, 0.088721, 0.951020, -0.308558, -0.018772, 0.237959, 0.000000, 0.000000, 0.000000, 1.000000, -0.031479, -0.063228, -0.997503, 0.117245, -0.997840, -0.055584, 0.035013, 0.026322, -0.057659, 0.996450, -0.061341, -0.006291, 0.000000, 0.000000, 0.000000, 1.000000
-19.7060, -79.7279, 19.1044, 451.5482, 520.5508, 88.7275, 237.9358, 117.2482, 26.3194, -6.2925, 0.283655, 0.847404, 0.448828, -0.079728, -0.951046, 0.308487, 0.018618, 0.019104, -0.122680, -0.432138, 0.893424, 0.451548, 0.000000, 0.000000, 0.000000, 1.000000, -0.122617, -0.432159, 0.893422, 0.520551, -0.283655, -0.847403, -0.448829, 0.088728, 0.951055, -0.308458, -0.018678, 0.237936, 0.000000, 0.000000, 0.000000, 1.000000, -0.031476, -0.063233, -0.997502, 0.117248, -0.997840, -0.055581, 0.035010, 0.026319, -0.057656, 0.996450, -0.061347, -0.006292, 0.000000, 0.000000, 0.000000, 1.000000
-19.7019, -79.7311, 19.1159, 451.5498, 520.5524, 88.7307, 237.9243, 117.2497, 26.3183, -6.2933, 0.283589, 0.847418, 0.448843, -0.079731, -0.951063, 0.308437, 0.018572, 0.019116, -0.122702, -0.432144, 0.893418, 0.451550, 0.000000, 0.000000, 0.000000, 1.000000, -0.122638, -0.432166, 0.893416, 0.520552, -0.283589, -0.847418, -0.448843, 0.088731, 0.951072, -0.308408, -0.018631, 0.237924, 0.000000, 0.000000, 0.000000, 1.000000, -0.031475, -0.063236, -0.997502, 0.117250, -0.997840, -0.055580, 0.035009, 0.026318, -0.057655, 0.996450, -0.061350, -0.006293, 0.000000, 0.000000, 0.000000, 1.000000
-19.6938, -79.7375, 19.1386, 451.5529, 520.5555, 88.7371, 237.9017, 117.2526, 26.3160, -6.2948, 0.283458, 0.847447, 0.448870, -0.079737, -0.951097, 0.308339, 0.018480, 0.019139, -0.122743, -0.432158, 0.893406, 0.451553, 0.000000, 0.000000, 0.000000, 1.000000, -0.122680, -0.432179, 0.893404, 0.520555, -0.283458, -0.847447, -0.448871, 0.088737, 0.951105, -0.308310, -0.018540, 0.237902, 0.000000, 0.000000, 0.000000, 1.000000, -0.031472, -0.063242, -0.997502, 0.117253, -0.997840, -0.055578, 0.035007, 0.026316, -0.057653, 0.996450, -0.061356, -0.006295, 0.000000, 0.000000, 0.000000, 1.000000
-19.6898, -79.7406, 19.1499, 451.5544, 520.5570, 88.7402, 237.8905, 117.2540, 26.3149, -6.2956, 0.283393, 0.847462, 0.448884, -0.079741, -0.951114, 0.308290, 0.018435, 0.019150, -0.122764, -0.432164, 0.893400, 0.451554, 0.000000, 0.000000, 0.000000, 1.000000, -0.122701, -0.432185, 0.893398, 0.520557, -0.283393, -0.847461, -0.448885, 0.088740, 0.951122, -0.308261, -0.018494, 0.237890, 0.000000, 0.000000, 0.000000, 1.000000, -0.031471, -0.063245, -0.997502, 0.117254, -0.997841, -0.055576, 0.035006, 0.026315, -0.057651, 0.996449, -0.061359, -0.006296, 0.000000, 0.000000, 0.000000, 1.000000
-19.6818, -79.7468, 19.1722, 451.5575, 520.5600, 88.7465, 237.8683, 117.2568, 26.3127, -6.2972, 0.283265, 0.847490, 0.448912, -0.079747, -0.951147, 0.308194, 0.018344, 0.019172, -0.122805, -0.432177, 0.893388, 0.451557, 0.000000, 0.000000, 0.000000, 1.000000, -0.122742, -0.432198, 0.893386, 0.520560, -0.283265, -0.847490, -0.448912, 0.088746, 0.951155, -0.308165, -0.018404, 0.237868, 0.000000, 0.000000, 0.000000, 1.000000, -0.031469, -0.063250, -0.997501, 0.117257, -0.997841, -0.055574, 0.035003, 0.026313, -0.057649, 0.996449, -0.061365, -0.006297, 0.000000, 0.000000, 0.000000, 1.000000
-19.6739, -79.7530, 19.1941, 451.5605, 520.5630, 88.7526, 237.8465, 117.2596, 26.3105, -6.2987, 0.283138, 0.847518, 0.448939, -0.079753, -0.951179, 0.308099, 0.018255, 0.019194, -0.122846, -0.432190, 0.893376, 0.451560, 0.000000, 0.000000, 0.000000, 1.000000, -0.122783, -0.432211, 0.893374, 0.520563, -0.283138, -0.847518, -0.448940, 0.088753, 0.951187, -0.308070, -0.018314, 0.237847, 0.000000, 0.000000, 0.000000, 1.000000, -0.031466, -0.063255, -0.997501, 0.117260, -0.997841, -0.055572, 0.035001, 0.026310, -0.057647, 0.996449, -0.061370, -0.006299, 0.000000, 0.000000, 0.000000, 1.000000
-19.6700, -79.7560, 19.2050, 451.5619, 520.5645, 88.7557, 237.8357, 117.2610, 26.3094, -6.2995, 0.283075, 0.847532, 0.448952, -0.079756, -0.951195, 0.308051, 0.018211, 0.019205, -0.122866, -0.432196, 0.893370, 0.451562, 0.000000, 0.000000, 0.000000, 1.000000, -0.122804, -0.432217, 0.893369, 0.520564, -0.283074, -0.847532, -0.448953, 0.088756, 0.951203, -0.308023, -0.018269, 0.237836, 0.000000, 0.000000, 0.000000, 1.000000, -0.031465, -0.063258, -0.997501, 0.117261, -0.997841, -0.055570, 0.035000, 0.026309, -0.057646, 0.996449, -0.061373, -0.006299, 0.000000, 0.000000, 0.000000, 1.000000
-19.6545, -79.7681, 19.2478, 451.5677, 520.5703, 88.7677, 237.7932, 117.2665, 26.3050, -6.3025, 0.282825, 0.847587, 0.449006, -0.079768, -0.951259, 0.307865, 0.018035, 0.019248, -0.122947, -0.432221, 0.893347, 0.451568, 0.000000, 0.000000, 0.000000, 1.000000, -0.122885, -0.432242, 0.893345, 0.520570, -0.282825, -0.847587, -0.449006, 0.088768, 0.951267, -0.307836, -0.018093, 0.237793, 0.000000, 0.000000, 0.000000, 1.000000, -0.031461, -0.063269, -0.997501, 0.117267, -0.997842, -0.055566, 0.034996, 0.026305, -0.057641, 0.996448, -0.061384, -0.006303, 0.000000, 0.000000, 0.000000, 1.000000
