# Joint_A_Angle(deg), Cam_X(mm), Cam_Y(mm), Cam_Z(mm), Torso_X(mm), Torso_Y(mm), Torso_Z(mm), EE_X(mm), EE_Y(mm), EE_Z(mm), T_cam2marker_flat(16), T_torso2marker_flat(16), T_ee2marker_flat(16)
-19.9995, 14.6376, 17.1478, 168.6850, 237.6901, -5.6378, 239.8981, 7.9594, 55.7177, -54.9803, 0.560447, -0.795706, -0.229677, 0.014638, 0.768099, 0.603104, -0.215147, 0.017148, 0.309713, -0.055836, 0.949189, 0.168685, 0.000000, 0.000000, 0.000000, 1.000000, 0.309614, -0.055912, 0.949217, 0.237690, -0.560447, 0.795706, 0.229676, -0.005638, -0.768139, -0.603097, 0.215026, 0.239898, 0.000000, 0.000000, 0.000000, 1.000000, 0.994016, -0.021947, 0.107010, 0.007959, 0.106883, -0.006910, -0.994248, 0.055718, 0.022560, 0.999735, -0.004523, -0.054980, 0.000000, 0.000000, 0.000000, 1.000000
-19.9995, 14.6377, 17.1472, 168.6848, 237.6899, -5.6379, 239.8987, 7.9594, 55.7177, -54.9803, 0.560446, -0.795706, -0.229677, 0.014638, 0.768099, 0.603103, -0.215150, 0.017147, 0.309716, -0.055835, 0.949188, 0.168685, 0.000000, 0.000000, 0.000000, 1.000000, 0.309617, -0.055912, 0.949216, 0.237690, -0.560446, 0.795707, 0.229677, -0.005638, -0.768139, -0.603096, 0.215029, 0.239899, 0.000000, 0.000000, 0.000000, 1.000000, 0.994016, -0.021947, 0.107010, 0.007959, 0.106883, -0.006910, -0.994248, 0.055718, 0.022560, 0.999735, -0.004523, -0.054980, 0.000000, 0.000000, 0.000000, 1.000000
-19.9995, 14.6384, 17.1501, 168.6864, 237.6915, -5.6386, 239.8957, 7.9594, 55.7178, -54.9804, 0.560443, -0.795709, -0.229677, 0.014638, 0.768105, 0.603100, -0.215141, 0.017150, 0.309708, -0.055841, 0.949191, 0.168686, 0.000000, 0.000000, 0.000000, 1.000000, 0.309609, -0.055918, 0.949218, 0.237692, -0.560443, 0.795709, 0.229676, -0.005639, -0.768144, -0.603093, 0.215020, 0.239896, 0.000000, 0.000000, 0.000000, 1.000000, 0.994016, -0.021947, 0.107010, 0.007959, 0.106882, -0.006910, -0.994248, 0.055718, 0.022560, 0.999735, -0.004523, -0.054980, 0.000000, 0.000000, 0.000000, 1.000000
-19.9995, 14.6390, 17.1527, 168.6879, 237.6930, -5.6392, 239.8930, 7.9594, 55.7178, -54.9804, 0.560441, -0.795711, -0.229676, 0.014639, 0.768109, 0.603097, -0.215133, 0.017153, 0.309700, -0.055847, 0.949193, 0.168688, 0.000000, 0.000000, 0.000000, 1.000000, 0.309601, -0.055924, 0.949221, 0.237693, -0.560441, 0.795711, 0.229675, -0.005639, -0.768149, -0.603090, 0.215011, 0.239893, 0.000000, 0.000000, 0.000000, 1.000000, 0.994016, -0.021947, 0.107010, 0.007959, 0.106882, -0.006910, -0.994248, 0.055718, 0.022560, 0.999735, -0.004523, -0.054980, 0.000000, 0.000000, 0.000000, 1.000000
-19.9995, 14.6395, 17.1548, 168.6890, 237.6942, -5.6397, 239.8909, 7.9594, 55.7178, -54.9804, 0.560438, -0.795712, -0.229675, 0.014639, 0.768113, 0.603094, -0.215127, 0.017155, 0.309695, -0.055851, 0.949194, 0.168689, 0.000000, 0.000000, 0.000000, 1.000000, 0.309595, -0.055928, 0.949222, 0.237694, -0.560439, 0.795712, 0.229674, -0.005640, -0.768153, -0.603087, 0.215005, 0.239891, 0.000000, 0.000000, 0.000000, 1.000000, 0.994016, -0.021947, 0.107010, 0.007959, 0.106882, -0.006910, -0.994248, 0.055718, 0.022560, 0.999735, -0.004523, -0.054980, 0.000000, 0.000000, 0.000000, 1.000000
-19.9994, 14.6400, 17.1566, 168.6902, 237.6953, -5.6401, 239.8890, 7.9594, 55.7179, -54.9804, 0.560436, -0.795714, -0.229674, 0.014640, 0.768117, 0.603091, -0.215120, 0.017157, 0.309688, -0.055855, 0.949196, 0.168690, 0.000000, 0.000000, 0.000000, 1.000000, 0.309588, -0.055933, 0.949224, 0.237695, -0.560437, 0.795714, 0.229673, -0.005640, -0.768157, -0.603084, 0.214997, 0.239889, 0.000000, 0.000000, 0.000000, 1.000000, 0.994016, -0.021947, 0.107010, 0.007959, 0.106882, -0.006911, -0.994248, 0.055718, 0.022560, 0.999735, -0.004524, -0.054980, 0.000000, 0.000000, 0.000000, 1.000000
-19.9993, 14.6400, 17.1569, 168.6904, 237.6955, -5.6402, 239.8886, 7.9594, 55.7179, -54.9804, 0.560436, -0.795715, -0.229673, 0.014640, 0.768119, 0.603090, -0.215118, 0.017157, 0.309686, -0.055856, 0.949197, 0.168690, 0.000000, 0.000000, 0.000000, 1.000000, 0.309586, -0.055934, 0.949225, 0.237696, -0.560436, 0.795715, 0.229672, -0.005640, -0.768159, -0.603083, 0.214995, 0.239889, 0.000000, 0.000000, 0.000000, 1.000000, 0.994016, -0.021947, 0.107010, 0.007959, 0.106882, -0.006911, -0.994248, 0.055718, 0.022560, 0.999735, -0.004524, -0.054980, 0.000000, 0.000000, 0.000000, 1.000000
-19.9985, 14.6399, 17.1566, 168.6905, 237.6956, -5.6401, 239.8889, 7.9594, 55.7178, -54.9804, 0.560437, -0.795716, -0.229666, 0.014640, 0.768123, 0.603089, -0.215107, 0.017157, 0.309673, -0.055858, 0.949201, 0.168690, 0.000000, 0.000000, 0.000000, 1.000000, 0.309572, -0.055935, 0.949229, 0.237696, -0.560437, 0.795716, 0.229665, -0.005640, -0.768163, -0.603081, 0.214984, 0.239889, 0.000000, 0.000000, 0.000000, 1.000000, 0.994016, -0.021947, 0.107010, 0.007959, 0.106882, -0.006911, -0.994248, 0.055718, 0.022560, 0.999735, -0.004524, -0.054980, 0.000000, 0.000000, 0.000000, 1.000000
-19.9971, 14.6391, 17.1546, 168.6897, 237.6949, -5.6393, 239.8908, 7.9594, 55.7177, -54.9804, 0.560442, -0.795716, -0.229654, 0.014639, 0.768127, 0.603088, -0.215092, 0.017155, 0.309654, -0.055857, 0.949207, 0.168690, 0.000000, 0.000000, 0.000000, 1.000000, 0.309553, -0.055934, 0.949236, 0.237695, -0.560442, 0.795716, 0.229653, -0.005639, -0.768168, -0.603081, 0.214969, 0.239891, 0.000000, 0.000000, 0.000000, 1.000000, 0.994016, -0.021947, 0.107010, 0.007959, 0.106882, -0.006911, -0.994248, 0.055718, 0.022560, 0.999735, -0.004524, -0.054980, 0.000000, 0.000000, 0.000000, 1.000000
-19.9958, 14.6387, 17.1546, 168.6899, 237.6951, -5.6389, 239.8907, 7.9595, 55.7175, -54.9804, 0.560446, -0.795717, -0.229641, 0.014639, 0.768134, 0.603087, -0.215072, 0.017155, 0.309630, -0.055859, 0.949215, 0.168690, 0.000000, 0.000000, 0.000000, 1.000000, 0.309529, -0.055937, 0.949243, 0.237695, -0.560446, 0.795717, 0.229640, -0.005639, -0.768175, -0.603080, 0.214948, 0.239891, 0.000000, 0.000000, 0.000000, 1.000000, 0.994016, -0.021947, 0.107010, 0.007959, 0.106882, -0.006911, -0.994248, 0.055718, 0.022561, 0.999735, -0.004524, -0.054980, 0.000000, 0.000000, 0.000000, 1.000000
-19.9932, 14.6382, 17.1561, 168.6911, 237.6964, -5.6383, 239.8891, 7.9596, 55.7173, -54.9805, 0.560454, -0.795719, -0.229615, 0.014638, 0.768150, 0.603084, -0.215025, 0.017156, 0.309577, -0.055867, 0.949232, 0.168691, 0.000000, 0.000000, 0.000000, 1.000000, 0.309475, -0.055946, 0.949260, 0.237696, -0.560454, 0.795719, 0.229614, -0.005638, -0.768190, -0.603077, 0.214901, 0.239889, 0.000000, 0.000000, 0.000000, 1.000000, 0.994016, -0.021948, 0.107010, 0.007960, 0.106882, -0.006912, -0.994248, 0.055717, 0.022561, 0.999735, -0.004524, -0.054980, 0.000000, 0.000000, 0.000000, 1.000000
-19.9910, 14.6373, 17.1558, 168.6914, 237.6966, -5.6375, 239.8892, 7.9596, 55.7171, -54.9805, 0.560461, -0.795720, -0.229593, 0.014637, 0.768161, 0.603083, -0.214990, 0.017156, 0.309535, -0.055871, 0.949245, 0.168691, 0.000000, 0.000000, 0.000000, 1.000000, 0.309434, -0.055950, 0.949274, 0.237697, -0.560462, 0.795720, 0.229592, -0.005638, -0.768201, -0.603075, 0.214865, 0.239889, 0.000000, 0.000000, 0.000000, 1.000000, 0.994016, -0.021948, 0.107010, 0.007960, 0.106882, -0.006912, -0.994248, 0.055717, 0.022561, 0.999735, -0.004525, -0.054980, 0.000000, 0.000000, 0.000000, 1.000000
-19.9882, 14.6361, 17.1546, 168.6912, 237.6964, -5.6363, 239.8904, 7.9597, 55.7168, -54.9805, 0.560472, -0.795720, -0.229567, 0.014636, 0.768172, 0.603082, -0.214950, 0.017155, 0.309488, -0.055874, 0.949260, 0.168691, 0.000000, 0.000000, 0.000000, 1.000000, 0.309386, -0.055953, 0.949289, 0.237696, -0.560472, 0.795720, 0.229567, -0.005636, -0.768213, -0.603074, 0.214825, 0.239890, 0.000000, 0.000000, 0.000000, 1.000000, 0.994016, -0.021948, 0.107010, 0.007960, 0.106882, -0.006912, -0.994248, 0.055717, 0.022561, 0.999735, -0.004525, -0.054980, 0.000000, 0.000000, 0.000000, 1.000000
-19.9832, 14.6337, 17.1509, 168.6900, 237.6953, -5.6339, 239.8939, 7.9599, 55.7163, -54.9804, 0.560491, -0.795720, -0.229520, 0.014634, 0.768191, 0.603082, -0.214882, 0.017151, 0.309405, -0.055876, 0.949287, 0.168690, 0.000000, 0.000000, 0.000000, 1.000000, 0.309303, -0.055955, 0.949316, 0.237695, -0.560491, 0.795720, 0.229520, -0.005634, -0.768232, -0.603074, 0.214756, 0.239894, 0.000000, 0.000000, 0.000000, 1.000000, 0.994016, -0.021948, 0.107010, 0.007960, 0.106882, -0.006912, -0.994248, 0.055716, 0.022562, 0.999735, -0.004525, -0.054980, 0.000000, 0.000000, 0.000000, 1.000000
-19.9832, 14.6337, 17.1509, 168.6900, 237.6953, -5.6339, 239.8939, 7.9599, 55.7163, -54.9804, 0.560491, -0.795720, -0.229520, 0.014634, 0.768191, 0.603082, -0.214882, 0.017151, 0.309405, -0.055876, 0.949287, 0.168690, 0.000000, 0.000000, 0.000000, 1.000000, 0.309303, -0.055955, 0.949316, 0.237695, -0.560491, 0.795720, 0.229520, -0.005634, -0.768232, -0.603074, 0.214756, 0.239894, 0.000000, 0.000000, 0.000000, 1.000000, 0.994016, -0.021948, 0.107010, 0.007960, 0.106882, -0.006912, -0.994248, 0.055716, 0.022562, 0.999735, -0.004525, -0.054980, 0.000000, 0.000000, 0.000000, 1.000000
-19.9813, 14.6327, 17.1493, 168.6894, 237.6947, -5.6328, 239.8955, 7.9600, 55.7161, -54.9804, 0.560499, -0.795720, -0.229502, 0.014633, 0.768198, 0.603082, -0.214857, 0.017149, 0.309374, -0.055876, 0.949297, 0.168689, 0.000000, 0.000000, 0.000000, 1.000000, 0.309272, -0.055956, 0.949326, 0.237695, -0.560499, 0.795720, 0.229502, -0.005633, -0.768239, -0.603075, 0.214731, 0.239896, 0.000000, 0.000000, 0.000000, 1.000000, 0.994016, -0.021948, 0.107010, 0.007960, 0.106882, -0.006913, -0.994248, 0.055716, 0.022562, 0.999735, -0.004525, -0.054980, 0.000000, 0.000000, 0.000000, 1.000000
-19.9723, 14.6277, 17.1404, 168.6861, 237.6914, -5.6279, 239.9042, 7.9604, 55.7151, -54.9804, 0.560535, -0.795718, -0.229419, 0.014628, 0.768229, 0.603084, -0.214742, 0.017140, 0.309233, -0.055876, 0.949343, 0.168686, 0.000000, 0.000000, 0.000000, 1.000000, 0.309130, -0.055956, 0.949372, 0.237691, -0.560536, 0.795718, 0.229418, -0.005628, -0.768270, -0.603077, 0.214615, 0.239904, 0.000000, 0.000000, 0.000000, 1.000000, 0.994016, -0.021949, 0.107010, 0.007960, 0.106882, -0.006913, -0.994248, 0.055715, 0.022563, 0.999735, -0.004526, -0.054980, 0.000000, 0.000000, 0.000000, 1.000000
-19.9672, 14.6248, 17.1349, 168.6839, 237.6893, -5.6250, 239.9097, 7.9606, 55.7145, -54.9803, 0.560557, -0.795717, -0.229371, 0.014625, 0.768245, 0.603086, -0.214677, 0.017135, 0.309153, -0.055875, 0.949370, 0.168684, 0.000000, 0.000000, 0.000000, 1.000000, 0.309049, -0.055955, 0.949399, 0.237689, -0.560557, 0.795717, 0.229370, -0.005625, -0.768287, -0.603079, 0.214550, 0.239910, 0.000000, 0.000000, 0.000000, 1.000000, 0.994016, -0.021950, 0.107010, 0.007961, 0.106882, -0.006913, -0.994248, 0.055714, 0.022563, 0.999735, -0.004526, -0.054980, 0.000000, 0.000000, 0.000000, 1.000000
-19.9616, 14.6215, 17.1287, 168.6815, 237.6868, -5.6217, 239.9158, 7.9608, 55.7139, -54.9803, 0.560581, -0.795715, -0.229319, 0.014622, 0.768263, 0.603089, -0.214607, 0.017129, 0.309066, -0.055873, 0.949398, 0.168681, 0.000000, 0.000000, 0.000000, 1.000000, 0.308962, -0.055953, 0.949427, 0.237687, -0.560581, 0.795715, 0.229318, -0.005622, -0.768304, -0.603081, 0.214480, 0.239916, 0.000000, 0.000000, 0.000000, 1.000000, 0.994016, -0.021950, 0.107010, 0.007961, 0.106882, -0.006914, -0.994248, 0.055714, 0.022564, 0.999735, -0.004526, -0.054980, 0.000000, 0.000000, 0.000000, 1.000000
-19.9491, 14.6142, 17.1146, 168.6758, 237.6812, -5.6144, 239.9298, 7.9613, 55.7124, -54.9802, 0.560633, -0.795711, -0.229204, 0.014614, 0.768301, 0.603094, -0.214453, 0.017115, 0.308874, -0.055868, 0.949461, 0.168676, 0.000000, 0.000000, 0.000000, 1.000000, 0.308770, -0.055949, 0.949490, 0.237681, -0.560634, 0.795711, 0.229203, -0.005614, -0.768343, -0.603087, 0.214325, 0.239930, 0.000000, 0.000000, 0.000000, 1.000000, 0.994016, -0.021951, 0.107010, 0.007961, 0.106882, -0.006914, -0.994248, 0.055712, 0.022565, 0.999735, -0.004527, -0.054980, 0.000000, 0.000000, 0.000000, 1.000000
-19.9423, 14.6102, 17.1069, 168.6727, 237.6780, -5.6104, 239.9375, 7.9615, 55.7117, -54.9801, 0.560663, -0.795709, -0.229140, 0.014610, 0.768322, 0.603098, -0.214368, 0.017107, 0.308769, -0.055865, 0.949495, 0.168673, 0.000000, 0.000000, 0.000000, 1.000000, 0.308665, -0.055946, 0.949524, 0.237678, -0.560663, 0.795709, 0.229139, -0.005610, -0.768364, -0.603090, 0.214240, 0.239938, 0.000000, 0.000000, 0.000000, 1.000000, 0.994016, -0.021951, 0.107010, 0.007962, 0.106883, -0.006915, -0.994248, 0.055712, 0.022565, 0.999735, -0.004527, -0.054980, 0.000000, 0.000000, 0.000000, 1.000000
-19.9351, 14.6059, 17.0987, 168.6693, 237.6747, -5.6061, 239.9456, 7.9618, 55.7109, -54.9801, 0.560694, -0.795706, -0.229073, 0.014606, 0.768345, 0.603101, -0.214279, 0.017099, 0.308658, -0.055863, 0.949531, 0.168669, 0.000000, 0.000000, 0.000000, 1.000000, 0.308553, -0.055943, 0.949561, 0.237675, -0.560694, 0.795706, 0.229073, -0.005606, -0.768386, -0.603094, 0.214151, 0.239946, 0.000000, 0.000000, 0.000000, 1.000000, 0.994016, -0.021952, 0.107010, 0.007962, 0.106883, -0.006915, -0.994248, 0.055711, 0.022566, 0.999735, -0.004527, -0.054980, 0.000000, 0.000000, 0.000000, 1.000000
-19.9197, 14.5968, 17.0816, 168.6623, 237.6677, -5.5970, 239.9627, 7.9624, 55.7091, -54.9799, 0.560760, -0.795701, -0.228931, 0.014597, 0.768392, 0.603109, -0.214087, 0.017082, 0.308420, -0.055857, 0.949609, 0.168662, 0.000000, 0.000000, 0.000000, 1.000000, 0.308315, -0.055938, 0.949638, 0.237668, -0.560760, 0.795701, 0.228930, -0.005597, -0.768434, -0.603102, 0.213959, 0.239963, 0.000000, 0.000000, 0.000000, 1.000000, 0.994016, -0.021953, 0.107010, 0.007962, 0.106883, -0.006916, -0.994248, 0.055709, 0.022567, 0.999735, -0.004528, -0.054980, 0.000000, 0.000000, 0.000000, 1.000000
-19.9117, 14.5929, 17.0768, 168.6609, 237.6663, -5.5931, 239.9674, 7.9627, 55.7082, -54.9799, 0.560792, -0.795700, -0.228854, 0.014593, 0.768423, 0.603110, -0.213974, 0.017077, 0.308283, -0.055862, 0.949653, 0.168661, 0.000000, 0.000000, 0.000000, 1.000000, 0.308178, -0.055943, 0.949682, 0.237666, -0.560792, 0.795700, 0.228854, -0.005593, -0.768465, -0.603102, 0.213845, 0.239967, 0.000000, 0.000000, 0.000000, 1.000000, 0.994015, -0.021954, 0.107010, 0.007963, 0.106883, -0.006916, -0.994248, 0.055708, 0.022568, 0.999735, -0.004528, -0.054980, 0.000000, 0.000000, 0.000000, 1.000000
-19.9036, 14.5888, 17.0716, 168.6592, 237.6646, -5.5890, 239.9725, 7.9631, 55.7074, -54.9799, 0.560826, -0.795698, -0.228777, 0.014589, 0.768454, 0.603111, -0.213859, 0.017072, 0.308145, -0.055867, 0.949698, 0.168659, 0.000000, 0.000000, 0.000000, 1.000000, 0.308040, -0.055948, 0.949727, 0.237665, -0.560826, 0.795698, 0.228776, -0.005589, -0.768496, -0.603104, 0.213730, 0.239972, 0.000000, 0.000000, 0.000000, 1.000000, 0.994015, -0.021954, 0.107010, 0.007963, 0.106883, -0.006917, -0.994248, 0.055707, 0.022568, 0.999735, -0.004529, -0.054980, 0.000000, 0.000000, 0.000000, 1.000000
-19.8953, 14.5846, 17.0660, 168.6573, 237.6628, -5.5848, 239.9780, 7.9634, 55.7065, -54.9798, 0.560860, -0.795697, -0.228698, 0.014585, 0.768485, 0.603113, -0.213744, 0.017066, 0.308006, -0.055871, 0.949742, 0.168657, 0.000000, 0.000000, 0.000000, 1.000000, 0.307901, -0.055953, 0.949772, 0.237663, -0.560860, 0.795697, 0.228698, -0.005585, -0.768527, -0.603105, 0.213614, 0.239978, 0.000000, 0.000000, 0.000000, 1.000000, 0.994015, -0.021955, 0.107011, 0.007963, 0.106883, -0.006917, -0.994248, 0.055706, 0.022569, 0.999735, -0.004529, -0.054980, 0.000000, 0.000000, 0.000000, 1.000000
-19.8869, 14.5802, 17.0599, 168.6553, 237.6607, -5.5804, 239.9840, 7.9637, 55.7055, -54.9798, 0.560894, -0.795695, -0.228619, 0.014580, 0.768516, 0.603114, -0.213628, 0.017060, 0.307866, -0.055875, 0.949788, 0.168655, 0.000000, 0.000000, 0.000000, 1.000000, 0.307760, -0.055957, 0.949817, 0.237661, -0.560895, 0.795695, 0.228618, -0.005580, -0.768558, -0.603107, 0.213498, 0.239984, 0.000000, 0.000000, 0.000000, 1.000000, 0.994015, -0.021956, 0.107011, 0.007964, 0.106883, -0.006918, -0.994248, 0.055706, 0.022570, 0.999735, -0.004530, -0.054980, 0.000000, 0.000000, 0.000000, 1.000000
-19.8741, 14.5735, 17.0502, 168.6519, 237.6574, -5.5737, 239.9936, 7.9642, 55.7041, -54.9797, 0.560947, -0.795693, -0.228498, 0.014573, 0.768561, 0.603118, -0.213453, 0.017050, 0.307655, -0.055879, 0.949856, 0.168652, 0.000000, 0.000000, 0.000000, 1.000000, 0.307548, -0.055961, 0.949885, 0.237657, -0.560948, 0.795693, 0.228497, -0.005574, -0.768604, -0.603110, 0.213323, 0.239994, 0.000000, 0.000000, 0.000000, 1.000000, 0.994015, -0.021957, 0.107011, 0.007964, 0.106883, -0.006919, -0.994248, 0.055704, 0.022571, 0.999735, -0.004530, -0.054980, 0.000000, 0.000000, 0.000000, 1.000000
-19.8569, 14.5642, 17.0361, 168.6468, 237.6523, -5.5644, 240.0075, 7.9649, 55.7022, -54.9796, 0.561019, -0.795688, -0.228336, 0.014564, 0.768622, 0.603123, -0.213222, 0.017036, 0.307373, -0.055883, 0.949947, 0.168647, 0.000000, 0.000000, 0.000000, 1.000000, 0.307266, -0.055965, 0.949977, 0.237652, -0.561019, 0.795688, 0.228335, -0.005564, -0.768664, -0.603115, 0.213090, 0.240008, 0.000000, 0.000000, 0.000000, 1.000000, 0.994015, -0.021958, 0.107011, 0.007965, 0.106883, -0.006920, -0.994248, 0.055702, 0.022572, 0.999735, -0.004531, -0.054980, 0.000000, 0.000000, 0.000000, 1.000000
-19.8483, 14.5596, 17.0288, 168.6441, 237.6496, -5.5597, 240.0148, 7.9652, 55.7013, -54.9796, 0.561055, -0.795686, -0.228255, 0.014560, 0.768651, 0.603126, -0.213107, 0.017029, 0.307233, -0.055884, 0.949992, 0.168644, 0.000000, 0.000000, 0.000000, 1.000000, 0.307126, -0.055967, 0.950022, 0.237650, -0.561056, 0.795686, 0.228254, -0.005560, -0.768694, -0.603118, 0.212975, 0.240015, 0.000000, 0.000000, 0.000000, 1.000000, 0.994015, -0.021959, 0.107011, 0.007965, 0.106883, -0.006920, -0.994248, 0.055701, 0.022573, 0.999735, -0.004532, -0.054980, 0.000000, 0.000000, 0.000000, 1.000000
-19.8398, 14.5557, 17.0254, 168.6434, 237.6490, -5.5558, 240.0181, 7.9655, 55.7004, -54.9796, 0.561089, -0.795686, -0.228173, 0.014556, 0.768687, 0.603125, -0.212980, 0.017025, 0.307082, -0.055893, 0.950040, 0.168643, 0.000000, 0.000000, 0.000000, 1.000000, 0.306975, -0.055976, 0.950070, 0.237649, -0.561090, 0.795686, 0.228172, -0.005556, -0.768729, -0.603118, 0.212848, 0.240018, 0.000000, 0.000000, 0.000000, 1.000000, 0.994015, -0.021959, 0.107011, 0.007966, 0.106883, -0.006921, -0.994248, 0.055700, 0.022574, 0.999735, -0.004532, -0.054980, 0.000000, 0.000000, 0.000000, 1.000000
-19.8272, 14.5497, 17.0194, 168.6420, 237.6476, -5.5499, 240.0239, 7.9660, 55.6990, -54.9795, 0.561140, -0.795685, -0.228052, 0.014550, 0.768738, 0.603126, -0.212796, 0.017019, 0.306863, -0.055904, 0.950111, 0.168642, 0.000000, 0.000000, 0.000000, 1.000000, 0.306755, -0.055988, 0.950141, 0.237648, -0.561140, 0.795685, 0.228052, -0.005550, -0.768780, -0.603118, 0.212663, 0.240024, 0.000000, 0.000000, 0.000000, 1.000000, 0.994015, -0.021960, 0.107011, 0.007966, 0.106883, -0.006922, -0.994248, 0.055699, 0.022575, 0.999735, -0.004533, -0.054980, 0.000000, 0.000000, 0.000000, 1.000000
-19.8188, 14.5457, 17.0147, 168.6407, 237.6463, -5.5458, 240.0284, 7.9663, 55.6982, -54.9795, 0.561173, -0.795684, -0.227973, 0.014546, 0.768770, 0.603126, -0.212676, 0.017015, 0.306720, -0.055911, 0.950156, 0.168641, 0.000000, 0.000000, 0.000000, 1.000000, 0.306611, -0.055995, 0.950186, 0.237646, -0.561174, 0.795684, 0.227972, -0.005546, -0.768813, -0.603119, 0.212543, 0.240028, 0.000000, 0.000000, 0.000000, 1.000000, 0.994015, -0.021961, 0.107011, 0.007966, 0.106883, -0.006922, -0.994248, 0.055698, 0.022576, 0.999735, -0.004534, -0.054979, 0.000000, 0.000000, 0.000000, 1.000000
-19.8106, 14.5415, 17.0096, 168.6392, 237.6448, -5.5417, 240.0334, 7.9667, 55.6973, -54.9795, 0.561207, -0.795683, -0.227895, 0.014542, 0.768802, 0.603127, -0.212559, 0.017010, 0.306579, -0.055916, 0.950201, 0.168639, 0.000000, 0.000000, 0.000000, 1.000000, 0.306471, -0.056000, 0.950231, 0.237645, -0.561207, 0.795683, 0.227894, -0.005542, -0.768845, -0.603120, 0.212426, 0.240033, 0.000000, 0.000000, 0.000000, 1.000000, 0.994015, -0.021962, 0.107011, 0.007967, 0.106883, -0.006923, -0.994248, 0.055697, 0.022576, 0.999735, -0.004534, -0.054979, 0.000000, 0.000000, 0.000000, 1.000000
-19.8065, 14.5395, 17.0069, 168.6384, 237.6440, -5.5396, 240.0361, 7.9668, 55.6968, -54.9794, 0.561224, -0.795682, -0.227856, 0.014539, 0.768817, 0.603128, -0.212502, 0.017007, 0.306510, -0.055918, 0.950223, 0.168638, 0.000000, 0.000000, 0.000000, 1.000000, 0.306401, -0.056003, 0.950254, 0.237644, -0.561224, 0.795682, 0.227855, -0.005540, -0.768860, -0.603120, 0.212368, 0.240036, 0.000000, 0.000000, 0.000000, 1.000000, 0.994015, -0.021962, 0.107011, 0.007967, 0.106883, -0.006923, -0.994248, 0.055697, 0.022577, 0.999735, -0.004534, -0.054979, 0.000000, 0.000000, 0.000000, 1.000000
-19.7863, 14.5290, 16.9919, 168.6333, 237.6390, -5.5292, 240.0508, 7.9676, 55.6946, -54.9793, 0.561306, -0.795678, -0.227665, 0.014529, 0.768890, 0.603132, -0.212226, 0.016992, 0.306176, -0.055926, 0.950331, 0.168633, 0.000000, 0.000000, 0.000000, 1.000000, 0.306066, -0.056011, 0.950361, 0.237639, -0.561307, 0.795678, 0.227665, -0.005529, -0.768933, -0.603124, 0.212091, 0.240051, 0.000000, 0.000000, 0.000000, 1.000000, 0.994015, -0.021964, 0.107011, 0.007968, 0.106883, -0.006925, -0.994248, 0.055695, 0.022578, 0.999735, -0.004536, -0.054979, 0.000000, 0.000000, 0.000000, 1.000000
-19.7785, 14.5248, 16.9854, 168.6310, 237.6367, -5.5250, 240.0573, 7.9679, 55.6938, -54.9793, 0.561339, -0.795676, -0.227592, 0.014525, 0.768917, 0.603135, -0.212121, 0.016985, 0.306048, -0.055928, 0.950372, 0.168631, 0.000000, 0.000000, 0.000000, 1.000000, 0.305938, -0.056013, 0.950402, 0.237637, -0.561339, 0.795676, 0.227591, -0.005525, -0.768961, -0.603127, 0.211986, 0.240057, 0.000000, 0.000000, 0.000000, 1.000000, 0.994015, -0.021964, 0.107011, 0.007968, 0.106883, -0.006925, -0.994248, 0.055694, 0.022579, 0.999735, -0.004536, -0.054979, 0.000000, 0.000000, 0.000000, 1.000000
-19.7670, 14.5185, 16.9752, 168.6273, 237.6330, -5.5186, 240.0674, 7.9684, 55.6925, -54.9792, 0.561387, -0.795673, -0.227484, 0.014518, 0.768956, 0.603138, -0.211969, 0.016975, 0.305862, -0.055929, 0.950432, 0.168627, 0.000000, 0.000000, 0.000000, 1.000000, 0.305751, -0.056014, 0.950462, 0.237633, -0.561387, 0.795673, 0.227483, -0.005519, -0.769000, -0.603130, 0.211833, 0.240067, 0.000000, 0.000000, 0.000000, 1.000000, 0.994015, -0.021965, 0.107011, 0.007968, 0.106883, -0.006926, -0.994248, 0.055692, 0.022580, 0.999735, -0.004536, -0.054979, 0.000000, 0.000000, 0.000000, 1.000000
-19.7632, 14.5164, 16.9716, 168.6260, 237.6317, -5.5165, 240.0709, 7.9685, 55.6921, -54.9792, 0.561402, -0.795672, -0.227448, 0.014516, 0.768969, 0.603140, -0.211919, 0.016972, 0.305801, -0.055929, 0.950451, 0.168626, 0.000000, 0.000000, 0.000000, 1.000000, 0.305690, -0.056014, 0.950482, 0.237632, -0.561403, 0.795672, 0.227447, -0.005517, -0.769013, -0.603132, 0.211783, 0.240071, 0.000000, 0.000000, 0.000000, 1.000000, 0.994015, -0.021965, 0.107011, 0.007969, 0.106883, -0.006926, -0.994247, 0.055692, 0.022580, 0.999735, -0.004537, -0.054979, 0.000000, 0.000000, 0.000000, 1.000000
-19.7556, 14.5121, 16.9644, 168.6233, 237.6290, -5.5123, 240.0781, 7.9688, 55.6912, -54.9791, 0.561434, -0.795670, -0.227377, 0.014512, 0.768994, 0.603142, -0.211820, 0.016964, 0.305680, -0.055929, 0.950490, 0.168623, 0.000000, 0.000000, 0.000000, 1.000000, 0.305569, -0.056014, 0.950521, 0.237629, -0.561434, 0.795670, 0.227376, -0.005512, -0.769038, -0.603134, 0.211684, 0.240078, 0.000000, 0.000000, 0.000000, 1.000000, 0.994015, -0.021966, 0.107011, 0.007969, 0.106883, -0.006926, -0.994247, 0.055691, 0.022581, 0.999735, -0.004537, -0.054979, 0.000000, 0.000000, 0.000000, 1.000000
-19.7481, 14.5079, 16.9570, 168.6204, 237.6262, -5.5080, 240.0854, 7.9691, 55.6904, -54.9791, 0.561466, -0.795668, -0.227307, 0.014508, 0.769018, 0.603145, -0.211723, 0.016957, 0.305560, -0.055928, 0.950529, 0.168620, 0.000000, 0.000000, 0.000000, 1.000000, 0.305449, -0.056014, 0.950559, 0.237626, -0.561466, 0.795668, 0.227306, -0.005508, -0.769062, -0.603137, 0.211586, 0.240085, 0.000000, 0.000000, 0.000000, 1.000000, 0.994015, -0.021967, 0.107011, 0.007969, 0.106883, -0.006927, -0.994247, 0.055690, 0.022582, 0.999735, -0.004537, -0.054979, 0.000000, 0.000000, 0.000000, 1.000000
-19.7406, 14.5036, 16.9495, 168.6175, 237.6233, -5.5038, 240.0929, 7.9694, 55.6895, -54.9790, 0.561497, -0.795666, -0.227237, 0.014504, 0.769042, 0.603148, -0.211627, 0.016949, 0.305442, -0.055927, 0.950567, 0.168618, 0.000000, 0.000000, 0.000000, 1.000000, 0.305331, -0.056013, 0.950597, 0.237623, -0.561497, 0.795666, 0.227236, -0.005504, -0.769086, -0.603140, 0.211490, 0.240093, 0.000000, 0.000000, 0.000000, 1.000000, 0.994015, -0.021967, 0.107011, 0.007969, 0.106883, -0.006927, -0.994247, 0.055690, 0.022582, 0.999735, -0.004538, -0.054979, 0.000000, 0.000000, 0.000000, 1.000000
-19.7332, 14.4993, 16.9418, 168.6146, 237.6203, -5.4995, 240.1005, 7.9697, 55.6887, -54.9790, 0.561528, -0.795664, -0.227167, 0.014499, 0.769066, 0.603151, -0.211532, 0.016942, 0.305325, -0.055926, 0.950605, 0.168615, 0.000000, 0.000000, 0.000000, 1.000000, 0.305213, -0.056012, 0.950635, 0.237620, -0.561529, 0.795664, 0.227167, -0.005500, -0.769110, -0.603143, 0.211395, 0.240101, 0.000000, 0.000000, 0.000000, 1.000000, 0.994015, -0.021968, 0.107011, 0.007970, 0.106883, -0.006927, -0.994247, 0.055689, 0.022583, 0.999735, -0.004538, -0.054979, 0.000000, 0.000000, 0.000000, 1.000000
-19.7257, 14.4951, 16.9341, 168.6115, 237.6173, -5.4952, 240.1082, 7.9700, 55.6878, -54.9789, 0.561560, -0.795661, -0.227098, 0.014495, 0.769090, 0.603155, -0.211437, 0.016934, 0.305207, -0.055924, 0.950642, 0.168612, 0.000000, 0.000000, 0.000000, 1.000000, 0.305096, -0.056011, 0.950673, 0.237617, -0.561560, 0.795661, 0.227097, -0.005495, -0.769134, -0.603146, 0.211300, 0.240108, 0.000000, 0.000000, 0.000000, 1.000000, 0.994015, -0.021968, 0.107011, 0.007970, 0.106883, -0.006928, -0.994247, 0.055688, 0.022583, 0.999735, -0.004538, -0.054979, 0.000000, 0.000000, 0.000000, 1.000000
-19.7182, 14.4908, 16.9263, 168.6085, 237.6143, -5.4909, 240.1159, 7.9703, 55.6870, -54.9789, 0.561591, -0.795659, -0.227028, 0.014491, 0.769113, 0.603158, -0.211342, 0.016926, 0.305090, -0.055923, 0.950680, 0.168608, 0.000000, 0.000000, 0.000000, 1.000000, 0.304978, -0.056009, 0.950711, 0.237614, -0.561592, 0.795659, 0.227027, -0.005491, -0.769157, -0.603150, 0.211204, 0.240116, 0.000000, 0.000000, 0.000000, 1.000000, 0.994015, -0.021969, 0.107011, 0.007970, 0.106883, -0.006928, -0.994247, 0.055687, 0.022584, 0.999735, -0.004539, -0.054979, 0.000000, 0.000000, 0.000000, 1.000000
-19.7033, 14.4822, 16.9108, 168.6024, 237.6082, -5.4823, 240.1314, 7.9708, 55.6853, -54.9787, 0.561654, -0.795655, -0.226889, 0.014482, 0.769161, 0.603164, -0.211152, 0.016911, 0.304855, -0.055920, 0.950756, 0.168602, 0.000000, 0.000000, 0.000000, 1.000000, 0.304743, -0.056006, 0.950786, 0.237608, -0.561654, 0.795655, 0.226888, -0.005482, -0.769205, -0.603156, 0.211014, 0.240131, 0.000000, 0.000000, 0.000000, 1.000000, 0.994015, -0.021970, 0.107011, 0.007971, 0.106883, -0.006929, -0.994247, 0.055685, 0.022585, 0.999735, -0.004539, -0.054979, 0.000000, 0.000000, 0.000000, 1.000000
-19.6959, 14.4779, 16.9031, 168.5993, 237.6051, -5.4781, 240.1391, 7.9711, 55.6845, -54.9787, 0.561685, -0.795652, -0.226819, 0.014478, 0.769184, 0.603167, -0.211057, 0.016903, 0.304738, -0.055918, 0.950793, 0.168599, 0.000000, 0.000000, 0.000000, 1.000000, 0.304626, -0.056005, 0.950824, 0.237605, -0.561686, 0.795652, 0.226819, -0.005478, -0.769228, -0.603159, 0.210919, 0.240139, 0.000000, 0.000000, 0.000000, 1.000000, 0.994015, -0.021971, 0.107011, 0.007971, 0.106883, -0.006929, -0.994247, 0.055684, 0.022586, 0.999735, -0.004539, -0.054979, 0.000000, 0.000000, 0.000000, 1.000000
-19.6885, 14.4744, 16.8996, 168.5985, 237.6043, -5.4746, 240.1425, 7.9714, 55.6837, -54.9787, 0.561714, -0.795652, -0.226749, 0.014474, 0.769214, 0.603167, -0.210950, 0.016900, 0.304610, -0.055925, 0.950834, 0.168598, 0.000000, 0.000000, 0.000000, 1.000000, 0.304498, -0.056012, 0.950865, 0.237604, -0.561715, 0.795652, 0.226748, -0.005475, -0.769258, -0.603159, 0.210812, 0.240142, 0.000000, 0.000000, 0.000000, 1.000000, 0.994015, -0.021971, 0.107011, 0.007971, 0.106883, -0.006930, -0.994247, 0.055684, 0.022586, 0.999735, -0.004540, -0.054979, 0.000000, 0.000000, 0.000000, 1.000000
-19.6741, 14.4675, 16.8919, 168.5964, 237.6023, -5.4677, 240.1500, 7.9720, 55.6822, -54.9786, 0.561771, -0.795651, -0.226611, 0.014468, 0.769271, 0.603167, -0.210742, 0.016892, 0.304361, -0.055936, 0.950913, 0.168596, 0.000000, 0.000000, 0.000000, 1.000000, 0.304248, -0.056024, 0.950944, 0.237602, -0.561772, 0.795651, 0.226610, -0.005468, -0.769315, -0.603159, 0.210603, 0.240150, 0.000000, 0.000000, 0.000000, 1.000000, 0.994015, -0.021972, 0.107011, 0.007972, 0.106883, -0.006931, -0.994247, 0.055682, 0.022588, 0.999735, -0.004541, -0.054979, 0.000000, 0.000000, 0.000000, 1.000000
-19.6669, 14.4640, 16.8876, 168.5952, 237.6010, -5.4642, 240.1542, 7.9722, 55.6814, -54.9786, 0.561800, -0.795650, -0.226543, 0.014464, 0.769298, 0.603168, -0.210640, 0.016888, 0.304239, -0.055941, 0.950952, 0.168595, 0.000000, 0.000000, 0.000000, 1.000000, 0.304126, -0.056029, 0.950983, 0.237601, -0.561800, 0.795650, 0.226542, -0.005464, -0.769343, -0.603159, 0.210501, 0.240154, 0.000000, 0.000000, 0.000000, 1.000000, 0.994015, -0.021973, 0.107011, 0.007972, 0.106883, -0.006931, -0.994247, 0.055681, 0.022588, 0.999735, -0.004541, -0.054979, 0.000000, 0.000000, 0.000000, 1.000000
-19.6598, 14.4605, 16.8831, 168.5938, 237.5997, -5.4607, 240.1587, 7.9725, 55.6806, -54.9786, 0.561828, -0.795650, -0.226475, 0.014461, 0.769325, 0.603168, -0.210540, 0.016883, 0.304119, -0.055946, 0.950990, 0.168594, 0.000000, 0.000000, 0.000000, 1.000000, 0.304005, -0.056033, 0.951021, 0.237600, -0.561828, 0.795650, 0.226474, -0.005461, -0.769370, -0.603160, 0.210400, 0.240159, 0.000000, 0.000000, 0.000000, 1.000000, 0.994015, -0.021974, 0.107011, 0.007973, 0.106883, -0.006932, -0.994247, 0.055681, 0.022589, 0.999735, -0.004542, -0.054979, 0.000000, 0.000000, 0.000000, 1.000000
-19.6527, 14.4569, 16.8783, 168.5923, 237.5982, -5.4571, 240.1634, 7.9728, 55.6799, -54.9785, 0.561856, -0.795649, -0.226408, 0.014457, 0.769352, 0.603169, -0.210441, 0.016878, 0.303999, -0.055949, 0.951028, 0.168592, 0.000000, 0.000000, 0.000000, 1.000000, 0.303886, -0.056037, 0.951059, 0.237598, -0.561857, 0.795649, 0.226407, -0.005457, -0.769396, -0.603161, 0.210301, 0.240163, 0.000000, 0.000000, 0.000000, 1.000000, 0.994015, -0.021974, 0.107011, 0.007973, 0.106883, -0.006932, -0.994247, 0.055680, 0.022590, 0.999735, -0.004542, -0.054979, 0.000000, 0.000000, 0.000000, 1.000000
-19.6420, 14.4515, 16.8706, 168.5897, 237.5956, -5.4517, 240.1711, 7.9732, 55.6787, -54.9785, 0.561899, -0.795647, -0.226307, 0.014451, 0.769391, 0.603170, -0.210295, 0.016871, 0.303822, -0.055954, 0.951084, 0.168590, 0.000000, 0.000000, 0.000000, 1.000000, 0.303708, -0.056042, 0.951115, 0.237596, -0.561899, 0.795647, 0.226306, -0.005452, -0.769435, -0.603162, 0.210154, 0.240171, 0.000000, 0.000000, 0.000000, 1.000000, 0.994015, -0.021975, 0.107011, 0.007973, 0.106883, -0.006933, -0.994247, 0.055679, 0.022590, 0.999734, -0.004543, -0.054978, 0.000000, 0.000000, 0.000000, 1.000000
-19.6350, 14.4478, 16.8652, 168.5879, 237.5938, -5.4480, 240.1764, 7.9734, 55.6779, -54.9785, 0.561927, -0.795646, -0.226241, 0.014448, 0.769416, 0.603171, -0.210199, 0.016865, 0.303706, -0.055957, 0.951121, 0.168588, 0.000000, 0.000000, 0.000000, 1.000000, 0.303592, -0.056045, 0.951152, 0.237594, -0.561927, 0.795646, 0.226240, -0.005448, -0.769461, -0.603163, 0.210059, 0.240176, 0.000000, 0.000000, 0.000000, 1.000000, 0.994015, -0.021975, 0.107011, 0.007973, 0.106883, -0.006934, -0.994247, 0.055678, 0.022591, 0.999734, -0.004543, -0.054978, 0.000000, 0.000000, 0.000000, 1.000000
-19.6211, 14.4405, 16.8539, 168.5839, 237.5898, -5.4407, 240.1876, 7.9740, 55.6764, -54.9784, 0.561983, -0.795644, -0.226110, 0.014441, 0.769465, 0.603174, -0.210012, 0.016854, 0.303478, -0.055960, 0.951194, 0.168584, 0.000000, 0.000000, 0.000000, 1.000000, 0.303364, -0.056049, 0.951225, 0.237590, -0.561983, 0.795644, 0.226109, -0.005441, -0.769510, -0.603166, 0.209871, 0.240188, 0.000000, 0.000000, 0.000000, 1.000000, 0.994015, -0.021977, 0.107012, 0.007974, 0.106883, -0.006935, -0.994247, 0.055676, 0.022592, 0.999734, -0.004544, -0.054978, 0.000000, 0.000000, 0.000000, 1.000000
-19.6141, 14.4368, 16.8480, 168.5818, 237.5877, -5.4370, 240.1935, 7.9742, 55.6756, -54.9783, 0.562011, -0.795643, -0.226044, 0.014437, 0.769489, 0.603176, -0.209919, 0.016848, 0.303365, -0.055962, 0.951230, 0.168582, 0.000000, 0.000000, 0.000000, 1.000000, 0.303250, -0.056050, 0.951261, 0.237588, -0.562011, 0.795643, 0.226043, -0.005437, -0.769534, -0.603167, 0.209778, 0.240194, 0.000000, 0.000000, 0.000000, 1.000000, 0.994015, -0.021977, 0.107012, 0.007974, 0.106883, -0.006935, -0.994247, 0.055676, 0.022593, 0.999734, -0.004544, -0.054978, 0.000000, 0.000000, 0.000000, 1.000000
-19.6106, 14.4349, 16.8450, 168.5807, 237.5866, -5.4351, 240.1965, 7.9744, 55.6753, -54.9783, 0.562025, -0.795642, -0.226011, 0.014435, 0.769501, 0.603176, -0.209872, 0.016845, 0.303308, -0.055962, 0.951248, 0.168581, 0.000000, 0.000000, 0.000000, 1.000000, 0.303193, -0.056051, 0.951279, 0.237587, -0.562026, 0.795642, 0.226010, -0.005435, -0.769546, -0.603168, 0.209731, 0.240197, 0.000000, 0.000000, 0.000000, 1.000000, 0.994015, -0.021977, 0.107012, 0.007974, 0.106883, -0.006935, -0.994247, 0.055675, 0.022593, 0.999734, -0.004545, -0.054978, 0.000000, 0.000000, 0.000000, 1.000000
-19.6000, 14.4292, 16.8357, 168.5773, 237.5832, -5.4294, 240.2058, 7.9748, 55.6741, -54.9783, 0.562068, -0.795640, -0.225912, 0.014429, 0.769537, 0.603179, -0.209732, 0.016836, 0.303137, -0.055964, 0.951302, 0.168577, 0.000000, 0.000000, 0.000000, 1.000000, 0.303022, -0.056052, 0.951334, 0.237583, -0.562068, 0.795640, 0.225911, -0.005429, -0.769582, -0.603170, 0.209591, 0.240206, 0.000000, 0.000000, 0.000000, 1.000000, 0.994015, -0.021978, 0.107012, 0.007975, 0.106883, -0.006936, -0.994247, 0.055674, 0.022594, 0.999734, -0.004545, -0.054978, 0.000000, 0.000000, 0.000000, 1.000000
-19.5822, 14.4195, 16.8196, 168.5713, 237.5773, -5.4197, 240.2218, 7.9755, 55.6721, -54.9782, 0.562140, -0.795637, -0.225745, 0.014420, 0.769598, 0.603183, -0.209498, 0.016820, 0.302850, -0.055965, 0.951394, 0.168571, 0.000000, 0.000000, 0.000000, 1.000000, 0.302735, -0.056054, 0.951425, 0.237577, -0.562140, 0.795637, 0.225744, -0.005420, -0.769643, -0.603175, 0.209357, 0.240222, 0.000000, 0.000000, 0.000000, 1.000000, 0.994015, -0.021980, 0.107012, 0.007975, 0.106883, -0.006937, -0.994247, 0.055672, 0.022595, 0.999734, -0.004546, -0.054978, 0.000000, 0.000000, 0.000000, 1.000000
-19.5786, 14.4176, 16.8163, 168.5701, 237.5761, -5.4178, 240.2251, 7.9756, 55.6717, -54.9781, 0.562155, -0.795636, -0.225711, 0.014418, 0.769610, 0.603184, -0.209451, 0.016816, 0.302792, -0.055965, 0.951412, 0.168570, 0.000000, 0.000000, 0.000000, 1.000000, 0.302677, -0.056054, 0.951443, 0.237576, -0.562155, 0.795636, 0.225710, -0.005418, -0.769655, -0.603176, 0.209310, 0.240225, 0.000000, 0.000000, 0.000000, 1.000000, 0.994015, -0.021980, 0.107012, 0.007976, 0.106883, -0.006937, -0.994247, 0.055672, 0.022596, 0.999734, -0.004546, -0.054978, 0.000000, 0.000000, 0.000000, 1.000000
-19.5680, 14.4129, 16.8125, 168.5696, 237.5756, -5.4131, 240.2288, 7.9760, 55.6706, -54.9781, 0.562195, -0.795637, -0.225608, 0.014413, 0.769654, 0.603182, -0.209292, 0.016813, 0.302603, -0.055978, 0.951471, 0.168570, 0.000000, 0.000000, 0.000000, 1.000000, 0.302488, -0.056067, 0.951503, 0.237576, -0.562195, 0.795637, 0.225608, -0.005413, -0.769700, -0.603174, 0.209150, 0.240229, 0.000000, 0.000000, 0.000000, 1.000000, 0.994015, -0.021981, 0.107012, 0.007976, 0.106883, -0.006938, -0.994247, 0.055671, 0.022597, 0.999734, -0.004547, -0.054978, 0.000000, 0.000000, 0.000000, 1.000000
-19.5644, 14.4113, 16.8111, 168.5693, 237.5753, -5.4115, 240.2302, 7.9761, 55.6703, -54.9781, 0.562209, -0.795637, -0.225574, 0.014411, 0.769669, 0.603182, -0.209239, 0.016811, 0.302541, -0.055982, 0.951491, 0.168569, 0.000000, 0.000000, 0.000000, 1.000000, 0.302425, -0.056071, 0.951522, 0.237575, -0.562209, 0.795637, 0.225574, -0.005411, -0.769714, -0.603174, 0.209097, 0.240230, 0.000000, 0.000000, 0.000000, 1.000000, 0.994015, -0.021981, 0.107012, 0.007976, 0.106883, -0.006938, -0.994247, 0.055670, 0.022597, 0.999734, -0.004547, -0.054978, 0.000000, 0.000000, 0.000000, 1.000000
-19.5538, 14.4064, 16.8060, 168.5682, 237.5742, -5.4066, 240.2351, 7.9765, 55.6691, -54.9781, 0.562249, -0.795637, -0.225473, 0.014406, 0.769712, 0.603181, -0.209084, 0.016806, 0.302356, -0.055992, 0.951549, 0.168568, 0.000000, 0.000000, 0.000000, 1.000000, 0.302240, -0.056081, 0.951581, 0.237574, -0.562250, 0.795637, 0.225472, -0.005407, -0.769757, -0.603173, 0.208942, 0.240235, 0.000000, 0.000000, 0.000000, 1.000000, 0.994015, -0.021982, 0.107012, 0.007977, 0.106883, -0.006939, -0.994247, 0.055669, 0.022598, 0.999734, -0.004548, -0.054978, 0.000000, 0.000000, 0.000000, 1.000000
-19.5467, 14.4030, 16.8021, 168.5672, 237.5732, -5.4032, 240.2390, 7.9768, 55.6684, -54.9781, 0.562277, -0.795636, -0.225405, 0.014403, 0.769740, 0.603181, -0.208982, 0.016802, 0.302234, -0.055997, 0.951588, 0.168567, 0.000000, 0.000000, 0.000000, 1.000000, 0.302118, -0.056087, 0.951619, 0.237573, -0.562277, 0.795637, 0.225404, -0.005403, -0.769785, -0.603172, 0.208839, 0.240239, 0.000000, 0.000000, 0.000000, 1.000000, 0.994015, -0.021982, 0.107012, 0.007977, 0.106883, -0.006940, -0.994247, 0.055668, 0.022599, 0.999734, -0.004549, -0.054978, 0.000000, 0.000000, 0.000000, 1.000000
-19.5395, 14.3996, 16.7978, 168.5659, 237.5720, -5.3997, 240.2432, 7.9771, 55.6676, -54.9780, 0.562305, -0.795636, -0.225337, 0.014400, 0.769767, 0.603181, -0.208881, 0.016798, 0.302112, -0.056002, 0.951626, 0.168566, 0.000000, 0.000000, 0.000000, 1.000000, 0.301996, -0.056092, 0.951658, 0.237572, -0.562305, 0.795636, 0.225336, -0.005400, -0.769813, -0.603172, 0.208738, 0.240243, 0.000000, 0.000000, 0.000000, 1.000000, 0.994015, -0.021983, 0.107012, 0.007977, 0.106883, -0.006940, -0.994247, 0.055668, 0.022599, 0.999734, -0.004549, -0.054978, 0.000000, 0.000000, 0.000000, 1.000000
-19.5215, 14.3905, 16.7854, 168.5620, 237.5681, -5.3907, 240.2556, 7.9777, 55.6657, -54.9780, 0.562375, -0.795635, -0.225166, 0.014391, 0.769834, 0.603182, -0.208631, 0.016785, 0.301810, -0.056012, 0.951721, 0.168562, 0.000000, 0.000000, 0.000000, 1.000000, 0.301694, -0.056102, 0.951753, 0.237568, -0.562375, 0.795635, 0.225166, -0.005391, -0.769880, -0.603173, 0.208488, 0.240256, 0.000000, 0.000000, 0.000000, 1.000000, 0.994015, -0.021984, 0.107012, 0.007978, 0.106883, -0.006942, -0.994247, 0.055666, 0.022601, 0.999734, -0.004550, -0.054978, 0.000000, 0.000000, 0.000000, 1.000000
-19.5179, 14.3887, 16.7827, 168.5611, 237.5672, -5.3889, 240.2583, 7.9779, 55.6653, -54.9779, 0.562389, -0.795634, -0.225133, 0.014389, 0.769847, 0.603182, -0.208582, 0.016783, 0.301751, -0.056013, 0.951740, 0.168561, 0.000000, 0.000000, 0.000000, 1.000000, 0.301635, -0.056103, 0.951771, 0.237567, -0.562390, 0.795634, 0.225132, -0.005389, -0.769893, -0.603174, 0.208439, 0.240258, 0.000000, 0.000000, 0.000000, 1.000000, 0.994015, -0.021985, 0.107012, 0.007978, 0.106883, -0.006942, -0.994247, 0.055665, 0.022601, 0.999734, -0.004551, -0.054978, 0.000000, 0.000000, 0.000000, 1.000000
