# Joint_6_Angle(deg), Cam_X(mm), Cam_Y(mm), Cam_Z(mm), Torso_X(mm), Torso_Y(mm), Torso_Z(mm), EE_X(mm), EE_Y(mm), EE_Z(mm), T_cam2marker_flat(16), T_torso2marker_flat(16), T_ee2marker_flat(16)
-29.9993, 33.1101, 50.5197, 223.1182, 245.1090, -33.1104, 149.5133, 124.3084, -49.3150, -4.5761, 0.175530, -0.927007, -0.331431, 0.033110, 0.980895, 0.136002, 0.139099, 0.050520, -0.083870, -0.349515, 0.933169, 0.223118, 0.000000, 0.000000, 0.000000, 1.000000, -0.084048, -0.349538, 0.933145, 0.245109, -0.175530, 0.927008, 0.331429, -0.033110, -0.980880, -0.135939, -0.139268, 0.149513, 0.000000, 0.000000, 0.000000, 1.000000, 0.033935, 0.093009, -0.995087, 0.124308, -0.997801, -0.053564, -0.039034, -0.049315, -0.056931, 0.994223, 0.090987, -0.004576, 0.000000, 0.000000, 0.000000, 1.000000
-29.9992, 33.1101, 50.5203, 223.1184, 245.1092, -33.1105, 149.5127, 124.3083, -49.3151, -4.5761, 0.175531, -0.927007, -0.331431, 0.033110, 0.980895, 0.136003, 0.139101, 0.050520, -0.083872, -0.349515, 0.933169, 0.223118, 0.000000, 0.000000, 0.000000, 1.000000, -0.084051, -0.349538, 0.933144, 0.245109, -0.175531, 0.927008, 0.331429, -0.033111, -0.980879, -0.135939, -0.139271, 0.149513, 0.000000, 0.000000, 0.000000, 1.000000, 0.033935, 0.093009, -0.995087, 0.124308, -0.997801, -0.053564, -0.039034, -0.049315, -0.056931, 0.994223, 0.090987, -0.004576, 0.000000, 0.000000, 0.000000, 1.000000
-29.9991, 33.1102, 50.5204, 223.1185, 245.1093, -33.1105, 149.5125, 124.3082, -49.3151, -4.5761, 0.175532, -0.927007, -0.331430, 0.033110, 0.980894, 0.136003, 0.139102, 0.050520, -0.083872, -0.349515, 0.933169, 0.223119, 0.000000, 0.000000, 0.000000, 1.000000, -0.084051, -0.349538, 0.933144, 0.245109, -0.175532, 0.927008, 0.331429, -0.033111, -0.980879, -0.135940, -0.139271, 0.149512, 0.000000, 0.000000, 0.000000, 1.000000, 0.033935, 0.093009, -0.995087, 0.124308, -0.997801, -0.053564, -0.039034, -0.049315, -0.056931, 0.994223, 0.090987, -0.004576, 0.000000, 0.000000, 0.000000, 1.000000
-29.9990, 33.1102, 50.5202, 223.1186, 245.1093, -33.1105, 149.5125, 124.3082, -49.3151, -4.5760, 0.175534, -0.927007, -0.331430, 0.033110, 0.980894, 0.136005, 0.139102, 0.050520, -0.083872, -0.349515, 0.933169, 0.223119, 0.000000, 0.000000, 0.000000, 1.000000, -0.084052, -0.349538, 0.933144, 0.245109, -0.175534, 0.927007, 0.331429, -0.033111, -0.980879, -0.135941, -0.139272, 0.149512, 0.000000, 0.000000, 0.000000, 1.000000, 0.033935, 0.093009, -0.995087, 0.124308, -0.997801, -0.053564, -0.039034, -0.049315, -0.056931, 0.994223, 0.090987, -0.004576, 0.000000, 0.000000, 0.000000, 1.000000
-29.9989, 33.1101, 50.5197, 223.1185, 245.1092, -33.1105, 149.5129, 124.3082, -49.3151, -4.5759, 0.175536, -0.927007, -0.331430, 0.033110, 0.980894, 0.136008, 0.139101, 0.050520, -0.083871, -0.349515, 0.933169, 0.223118, 0.000000, 0.000000, 0.000000, 1.000000, -0.084051, -0.349538, 0.933144, 0.245109, -0.175536, 0.927007, 0.331428, -0.033110, -0.980878, -0.135944, -0.139272, 0.149513, 0.000000, 0.000000, 0.000000, 1.000000, 0.033934, 0.093009, -0.995087, 0.124308, -0.997801, -0.053564, -0.039034, -0.049315, -0.056931, 0.994223, 0.090987, -0.004576, 0.000000, 0.000000, 0.000000, 1.000000
-29.9988, 33.1101, 50.5193, 223.1184, 245.1090, -33.1104, 149.5132, 124.3083, -49.3150, -4.5758, 0.175537, -0.927006, -0.331430, 0.033110, 0.980894, 0.136009, 0.139100, 0.050519, -0.083870, -0.349515, 0.933169, 0.223118, 0.000000, 0.000000, 0.000000, 1.000000, -0.084050, -0.349538, 0.933144, 0.245109, -0.175537, 0.927007, 0.331428, -0.033110, -0.980878, -0.135945, -0.139272, 0.149513, 0.000000, 0.000000, 0.000000, 1.000000, 0.033934, 0.093009, -0.995087, 0.124308, -0.997801, -0.053564, -0.039033, -0.049315, -0.056931, 0.994223, 0.090987, -0.004576, 0.000000, 0.000000, 0.000000, 1.000000
-29.9987, 33.1099, 50.5183, 223.1181, 245.1087, -33.1103, 149.5141, 124.3084, -49.3149, -4.5756, 0.175540, -0.927006, -0.331430, 0.033110, 0.980894, 0.136013, 0.139098, 0.050518, -0.083866, -0.349515, 0.933170, 0.223118, 0.000000, 0.000000, 0.000000, 1.000000, -0.084047, -0.349538, 0.933145, 0.245109, -0.175540, 0.927007, 0.331428, -0.033110, -0.980878, -0.135949, -0.139270, 0.149514, 0.000000, 0.000000, 0.000000, 1.000000, 0.033934, 0.093009, -0.995087, 0.124308, -0.997801, -0.053564, -0.039033, -0.049315, -0.056931, 0.994223, 0.090987, -0.004576, 0.000000, 0.000000, 0.000000, 1.000000
-29.9986, 33.1099, 50.5176, 223.1179, 245.1085, -33.1102, 149.5147, 124.3085, -49.3148, -4.5755, 0.175542, -0.927006, -0.331430, 0.033110, 0.980893, 0.136015, 0.139097, 0.050518, -0.083864, -0.349514, 0.933170, 0.223118, 0.000000, 0.000000, 0.000000, 1.000000, -0.084045, -0.349538, 0.933145, 0.245109, -0.175541, 0.927006, 0.331428, -0.033110, -0.980878, -0.135951, -0.139269, 0.149515, 0.000000, 0.000000, 0.000000, 1.000000, 0.033934, 0.093009, -0.995087, 0.124308, -0.997801, -0.053564, -0.039033, -0.049315, -0.056931, 0.994223, 0.090987, -0.004575, 0.000000, 0.000000, 0.000000, 1.000000
-29.9984, 33.1097, 50.5160, 223.1175, 245.1081, -33.1100, 149.5162, 124.3087, -49.3147, -4.5752, 0.175545, -0.927005, -0.331429, 0.033110, 0.980893, 0.136020, 0.139094, 0.050516, -0.083860, -0.349514, 0.933171, 0.223117, 0.000000, 0.000000, 0.000000, 1.000000, -0.084041, -0.349538, 0.933145, 0.245108, -0.175545, 0.927006, 0.331428, -0.033110, -0.980878, -0.135956, -0.139266, 0.149516, 0.000000, 0.000000, 0.000000, 1.000000, 0.033934, 0.093009, -0.995087, 0.124309, -0.997801, -0.053564, -0.039033, -0.049315, -0.056931, 0.994223, 0.090987, -0.004575, 0.000000, 0.000000, 0.000000, 1.000000
-29.9981, 33.1094, 50.5141, 223.1170, 245.1076, -33.1098, 149.5180, 124.3089, -49.3145, -4.5749, 0.175550, -0.927004, -0.331429, 0.033109, 0.980893, 0.136027, 0.139090, 0.050514, -0.083854, -0.349514, 0.933171, 0.223117, 0.000000, 0.000000, 0.000000, 1.000000, -0.084036, -0.349538, 0.933146, 0.245108, -0.175550, 0.927005, 0.331428, -0.033110, -0.980877, -0.135962, -0.139263, 0.149518, 0.000000, 0.000000, 0.000000, 1.000000, 0.033934, 0.093010, -0.995087, 0.124309, -0.997801, -0.053564, -0.039033, -0.049314, -0.056931, 0.994223, 0.090987, -0.004575, 0.000000, 0.000000, 0.000000, 1.000000
-29.9980, 33.1093, 50.5130, 223.1167, 245.1073, -33.1096, 149.5191, 124.3090, -49.3144, -4.5747, 0.175553, -0.927004, -0.331429, 0.033109, 0.980893, 0.136030, 0.139088, 0.050513, -0.083851, -0.349514, 0.933172, 0.223117, 0.000000, 0.000000, 0.000000, 1.000000, -0.084033, -0.349537, 0.933146, 0.245107, -0.175553, 0.927004, 0.331428, -0.033110, -0.980877, -0.135966, -0.139261, 0.149519, 0.000000, 0.000000, 0.000000, 1.000000, 0.033933, 0.093010, -0.995087, 0.124309, -0.997801, -0.053564, -0.039032, -0.049314, -0.056931, 0.994223, 0.090988, -0.004575, 0.000000, 0.000000, 0.000000, 1.000000
-29.9976, 33.1089, 50.5105, 223.1161, 245.1067, -33.1093, 149.5215, 124.3093, -49.3141, -4.5742, 0.175560, -0.927002, -0.331429, 0.033109, 0.980892, 0.136040, 0.139084, 0.050510, -0.083844, -0.349514, 0.933172, 0.223116, 0.000000, 0.000000, 0.000000, 1.000000, -0.084026, -0.349537, 0.933147, 0.245107, -0.175560, 0.927003, 0.331427, -0.033109, -0.980876, -0.135975, -0.139257, 0.149522, 0.000000, 0.000000, 0.000000, 1.000000, 0.033933, 0.093010, -0.995087, 0.124309, -0.997801, -0.053564, -0.039032, -0.049314, -0.056931, 0.994223, 0.090988, -0.004574, 0.000000, 0.000000, 0.000000, 1.000000
-29.9976, 33.1089, 50.5105, 223.1161, 245.1067, -33.1093, 149.5215, 124.3093, -49.3141, -4.5742, 0.175560, -0.927002, -0.331429, 0.033109, 0.980892, 0.136040, 0.139084, 0.050510, -0.083844, -0.349514, 0.933172, 0.223116, 0.000000, 0.000000, 0.000000, 1.000000, -0.084026, -0.349537, 0.933147, 0.245107, -0.175560, 0.927003, 0.331427, -0.033109, -0.980876, -0.135975, -0.139257, 0.149522, 0.000000, 0.000000, 0.000000, 1.000000, 0.033933, 0.093010, -0.995087, 0.124309, -0.997801, -0.053564, -0.039032, -0.049314, -0.056931, 0.994223, 0.090988, -0.004574, 0.000000, 0.000000, 0.000000, 1.000000
-29.9966, 33.1082, 50.5057, 223.1152, 245.1057, -33.1086, 149.5261, 124.3097, -49.3137, -4.5731, 0.175577, -0.926999, -0.331429, 0.033108, 0.980890, 0.136060, 0.139077, 0.050506, -0.083830, -0.349514, 0.933173, 0.223115, 0.000000, 0.000000, 0.000000, 1.000000, -0.084013, -0.349538, 0.933148, 0.245106, -0.175577, 0.927000, 0.331427, -0.033109, -0.980874, -0.135995, -0.139251, 0.149526, 0.000000, 0.000000, 0.000000, 1.000000, 0.033932, 0.093010, -0.995087, 0.124310, -0.997801, -0.053564, -0.039031, -0.049314, -0.056931, 0.994223, 0.090988, -0.004573, 0.000000, 0.000000, 0.000000, 1.000000
-29.9962, 33.1079, 50.5038, 223.1149, 245.1054, -33.1083, 149.5280, 124.3098, -49.3136, -4.5726, 0.175584, -0.926998, -0.331429, 0.033108, 0.980889, 0.136068, 0.139075, 0.050504, -0.083825, -0.349514, 0.933174, 0.223115, 0.000000, 0.000000, 0.000000, 1.000000, -0.084008, -0.349538, 0.933148, 0.245105, -0.175584, 0.926999, 0.331427, -0.033108, -0.980874, -0.136003, -0.139249, 0.149528, 0.000000, 0.000000, 0.000000, 1.000000, 0.033931, 0.093011, -0.995087, 0.124310, -0.997801, -0.053564, -0.039031, -0.049314, -0.056931, 0.994223, 0.090989, -0.004573, 0.000000, 0.000000, 0.000000, 1.000000
-29.9952, 33.1073, 50.4995, 223.1143, 245.1048, -33.1076, 149.5322, 124.3101, -49.3133, -4.5715, 0.175602, -0.926995, -0.331428, 0.033107, 0.980887, 0.136089, 0.139070, 0.050500, -0.083813, -0.349515, 0.933175, 0.223114, 0.000000, 0.000000, 0.000000, 1.000000, -0.083997, -0.349539, 0.933149, 0.245105, -0.175602, 0.926995, 0.331427, -0.033108, -0.980871, -0.136024, -0.139244, 0.149532, 0.000000, 0.000000, 0.000000, 1.000000, 0.033930, 0.093011, -0.995087, 0.124310, -0.997801, -0.053564, -0.039029, -0.049313, -0.056931, 0.994223, 0.090989, -0.004571, 0.000000, 0.000000, 0.000000, 1.000000
-29.9945, 33.1069, 50.4971, 223.1140, 245.1045, -33.1073, 149.5346, 124.3102, -49.3131, -4.5708, 0.175613, -0.926993, -0.331428, 0.033107, 0.980886, 0.136102, 0.139067, 0.050497, -0.083806, -0.349515, 0.933175, 0.223114, 0.000000, 0.000000, 0.000000, 1.000000, -0.083990, -0.349539, 0.933149, 0.245105, -0.175613, 0.926993, 0.331427, -0.033107, -0.980870, -0.136036, -0.139242, 0.149535, 0.000000, 0.000000, 0.000000, 1.000000, 0.033929, 0.093012, -0.995087, 0.124310, -0.997801, -0.053564, -0.039029, -0.049313, -0.056931, 0.994223, 0.090990, -0.004571, 0.000000, 0.000000, 0.000000, 1.000000
-29.9920, 33.1055, 50.4886, 223.1133, 245.1038, -33.1059, 149.5430, 124.3105, -49.3126, -4.5681, 0.175655, -0.926985, -0.331428, 0.033106, 0.980880, 0.136149, 0.139060, 0.050489, -0.083783, -0.349518, 0.933176, 0.223113, 0.000000, 0.000000, 0.000000, 1.000000, -0.083968, -0.349542, 0.933151, 0.245104, -0.175655, 0.926985, 0.331426, -0.033106, -0.980864, -0.136083, -0.139235, 0.149543, 0.000000, 0.000000, 0.000000, 1.000000, 0.033926, 0.093013, -0.995087, 0.124311, -0.997802, -0.053564, -0.039026, -0.049313, -0.056931, 0.994223, 0.090991, -0.004568, 0.000000, 0.000000, 0.000000, 1.000000
-29.9899, 33.1044, 50.4818, 223.1130, 245.1034, -33.1048, 149.5497, 124.3107, -49.3122, -4.5658, 0.175691, -0.926978, -0.331428, 0.033104, 0.980875, 0.136189, 0.139056, 0.050482, -0.083765, -0.349520, 0.933177, 0.223113, 0.000000, 0.000000, 0.000000, 1.000000, -0.083950, -0.349544, 0.933151, 0.245103, -0.175691, 0.926979, 0.331426, -0.033105, -0.980859, -0.136123, -0.139231, 0.149550, 0.000000, 0.000000, 0.000000, 1.000000, 0.033924, 0.093014, -0.995087, 0.124311, -0.997802, -0.053564, -0.039023, -0.049312, -0.056931, 0.994223, 0.090993, -0.004566, 0.000000, 0.000000, 0.000000, 1.000000
-29.9873, 33.1031, 50.4740, 223.1127, 245.1031, -33.1035, 149.5574, 124.3109, -49.3118, -4.5631, 0.175734, -0.926970, -0.331427, 0.033103, 0.980869, 0.136236, 0.139052, 0.050474, -0.083744, -0.349523, 0.933178, 0.223113, 0.000000, 0.000000, 0.000000, 1.000000, -0.083929, -0.349547, 0.933152, 0.245103, -0.175734, 0.926971, 0.331426, -0.033103, -0.980853, -0.136170, -0.139227, 0.149557, 0.000000, 0.000000, 0.000000, 1.000000, 0.033921, 0.093016, -0.995087, 0.124311, -0.997802, -0.053565, -0.039020, -0.049312, -0.056931, 0.994223, 0.090994, -0.004563, 0.000000, 0.000000, 0.000000, 1.000000
-29.9858, 33.1024, 50.4697, 223.1126, 245.1030, -33.1027, 149.5617, 124.3109, -49.3116, -4.5615, 0.175759, -0.926965, -0.331427, 0.033102, 0.980866, 0.136263, 0.139050, 0.050470, -0.083733, -0.349525, 0.933178, 0.223113, 0.000000, 0.000000, 0.000000, 1.000000, -0.083918, -0.349549, 0.933152, 0.245103, -0.175759, 0.926966, 0.331426, -0.033103, -0.980850, -0.136197, -0.139226, 0.149562, 0.000000, 0.000000, 0.000000, 1.000000, 0.033919, 0.093017, -0.995087, 0.124311, -0.997802, -0.053565, -0.039019, -0.049312, -0.056931, 0.994223, 0.090995, -0.004562, 0.000000, 0.000000, 0.000000, 1.000000
-29.9824, 33.1008, 50.4604, 223.1125, 245.1030, -33.1011, 149.5710, 124.3110, -49.3112, -4.5580, 0.175815, -0.926955, -0.331427, 0.033101, 0.980858, 0.136323, 0.139047, 0.050460, -0.083709, -0.349529, 0.933179, 0.223113, 0.000000, 0.000000, 0.000000, 1.000000, -0.083894, -0.349553, 0.933153, 0.245103, -0.175815, 0.926955, 0.331425, -0.033101, -0.980842, -0.136257, -0.139223, 0.149571, 0.000000, 0.000000, 0.000000, 1.000000, 0.033915, 0.093019, -0.995087, 0.124311, -0.997802, -0.053565, -0.039015, -0.049311, -0.056931, 0.994222, 0.090998, -0.004558, 0.000000, 0.000000, 0.000000, 1.000000
-29.9805, 33.0999, 50.4552, 223.1125, 245.1030, -33.1002, 149.5761, 124.3110, -49.3110, -4.5561, 0.175846, -0.926949, -0.331427, 0.033100, 0.980853, 0.136357, 0.139045, 0.050455, -0.083695, -0.349531, 0.933179, 0.223113, 0.000000, 0.000000, 0.000000, 1.000000, -0.083881, -0.349556, 0.933153, 0.245103, -0.175846, 0.926950, 0.331425, -0.033100, -0.980838, -0.136291, -0.139221, 0.149576, 0.000000, 0.000000, 0.000000, 1.000000, 0.033913, 0.093020, -0.995087, 0.124311, -0.997802, -0.053565, -0.039013, -0.049311, -0.056931, 0.994222, 0.090999, -0.004556, 0.000000, 0.000000, 0.000000, 1.000000
-29.9763, 33.0979, 50.4441, 223.1127, 245.1031, -33.0983, 149.5872, 124.3109, -49.3105, -4.5517, 0.175916, -0.926936, -0.331426, 0.033098, 0.980843, 0.136432, 0.139043, 0.050444, -0.083667, -0.349537, 0.933179, 0.223113, 0.000000, 0.000000, 0.000000, 1.000000, -0.083852, -0.349561, 0.933154, 0.245103, -0.175916, 0.926937, 0.331425, -0.033098, -0.980827, -0.136366, -0.139219, 0.149587, 0.000000, 0.000000, 0.000000, 1.000000, 0.033908, 0.093022, -0.995086, 0.124311, -0.997802, -0.053565, -0.039008, -0.049311, -0.056931, 0.994222, 0.091002, -0.004552, 0.000000, 0.000000, 0.000000, 1.000000
-29.9714, 33.0957, 50.4316, 223.1130, 245.1034, -33.0961, 149.5997, 124.3108, -49.3101, -4.5468, 0.175996, -0.926921, -0.331426, 0.033096, 0.980832, 0.136517, 0.139041, 0.050432, -0.083634, -0.349543, 0.933180, 0.223113, 0.000000, 0.000000, 0.000000, 1.000000, -0.083820, -0.349568, 0.933154, 0.245103, -0.175996, 0.926922, 0.331424, -0.033096, -0.980816, -0.136451, -0.139217, 0.149600, 0.000000, 0.000000, 0.000000, 1.000000, 0.033902, 0.093025, -0.995086, 0.124311, -0.997802, -0.053566, -0.039002, -0.049310, -0.056931, 0.994222, 0.091005, -0.004547, 0.000000, 0.000000, 0.000000, 1.000000
-29.9687, 33.0945, 50.4248, 223.1132, 245.1036, -33.0949, 149.6064, 124.3107, -49.3098, -4.5440, 0.176040, -0.926913, -0.331425, 0.033095, 0.980825, 0.136564, 0.139040, 0.050425, -0.083617, -0.349547, 0.933180, 0.223113, 0.000000, 0.000000, 0.000000, 1.000000, -0.083803, -0.349571, 0.933154, 0.245104, -0.176040, 0.926913, 0.331424, -0.033095, -0.980809, -0.136498, -0.139217, 0.149606, 0.000000, 0.000000, 0.000000, 1.000000, 0.033899, 0.093027, -0.995086, 0.124311, -0.997802, -0.053566, -0.038999, -0.049310, -0.056930, 0.994222, 0.091007, -0.004544, 0.000000, 0.000000, 0.000000, 1.000000
-29.9628, 33.0919, 50.4101, 223.1138, 245.1042, -33.0923, 149.6211, 124.3105, -49.3094, -4.5380, 0.176138, -0.926894, -0.331425, 0.033092, 0.980811, 0.136668, 0.139039, 0.050410, -0.083579, -0.349555, 0.933180, 0.223114, 0.000000, 0.000000, 0.000000, 1.000000, -0.083766, -0.349579, 0.933155, 0.245104, -0.176137, 0.926895, 0.331423, -0.033092, -0.980795, -0.136602, -0.139216, 0.149621, 0.000000, 0.000000, 0.000000, 1.000000, 0.033892, 0.093030, -0.995086, 0.124310, -0.997803, -0.053566, -0.038993, -0.049309, -0.056930, 0.994221, 0.091010, -0.004538, 0.000000, 0.000000, 0.000000, 1.000000
-29.9595, 33.0905, 50.4022, 223.1142, 245.1046, -33.0908, 149.6290, 124.3103, -49.3091, -4.5347, 0.176191, -0.926884, -0.331424, 0.033090, 0.980803, 0.136724, 0.139039, 0.050402, -0.083559, -0.349560, 0.933181, 0.223114, 0.000000, 0.000000, 0.000000, 1.000000, -0.083746, -0.349584, 0.933155, 0.245105, -0.176190, 0.926885, 0.331423, -0.033091, -0.980787, -0.136658, -0.139216, 0.149629, 0.000000, 0.000000, 0.000000, 1.000000, 0.033888, 0.093032, -0.995086, 0.124310, -0.997803, -0.053566, -0.038989, -0.049309, -0.056930, 0.994221, 0.091013, -0.004535, 0.000000, 0.000000, 0.000000, 1.000000
-29.9525, 33.0874, 50.3851, 223.1151, 245.1055, -33.0878, 149.6460, 124.3100, -49.3086, -4.5276, 0.176306, -0.926863, -0.331424, 0.033087, 0.980786, 0.136846, 0.139039, 0.050385, -0.083516, -0.349569, 0.933181, 0.223115, 0.000000, 0.000000, 0.000000, 1.000000, -0.083703, -0.349594, 0.933155, 0.245105, -0.176306, 0.926863, 0.331422, -0.033088, -0.980770, -0.136780, -0.139216, 0.149646, 0.000000, 0.000000, 0.000000, 1.000000, 0.033880, 0.093036, -0.995086, 0.124310, -0.997803, -0.053567, -0.038981, -0.049309, -0.056930, 0.994221, 0.091017, -0.004528, 0.000000, 0.000000, 0.000000, 1.000000
-29.9446, 33.0840, 50.3664, 223.1162, 245.1066, -33.0844, 149.6647, 124.3095, -49.3080, -4.5196, 0.176435, -0.926838, -0.331423, 0.033084, 0.980767, 0.136982, 0.139040, 0.050366, -0.083469, -0.349580, 0.933181, 0.223116, 0.000000, 0.000000, 0.000000, 1.000000, -0.083655, -0.349605, 0.933155, 0.245107, -0.176435, 0.926839, 0.331421, -0.033084, -0.980751, -0.136916, -0.139217, 0.149665, 0.000000, 0.000000, 0.000000, 1.000000, 0.033871, 0.093041, -0.995086, 0.124310, -0.997803, -0.053567, -0.038972, -0.049308, -0.056930, 0.994220, 0.091022, -0.004520, 0.000000, 0.000000, 0.000000, 1.000000
-29.9404, 33.0822, 50.3564, 223.1168, 245.1072, -33.0826, 149.6746, 124.3093, -49.3077, -4.5154, 0.176504, -0.926825, -0.331423, 0.033082, 0.980757, 0.137055, 0.139041, 0.050356, -0.083444, -0.349586, 0.933181, 0.223117, 0.000000, 0.000000, 0.000000, 1.000000, -0.083630, -0.349611, 0.933155, 0.245107, -0.176504, 0.926826, 0.331421, -0.033083, -0.980741, -0.136989, -0.139218, 0.149675, 0.000000, 0.000000, 0.000000, 1.000000, 0.033866, 0.093044, -0.995086, 0.124309, -0.997804, -0.053567, -0.038967, -0.049308, -0.056930, 0.994220, 0.091025, -0.004515, 0.000000, 0.000000, 0.000000, 1.000000
-29.9313, 33.0783, 50.3351, 223.1182, 245.1086, -33.0787, 149.6959, 124.3087, -49.3072, -4.5062, 0.176652, -0.926797, -0.331422, 0.033078, 0.980734, 0.137211, 0.139043, 0.050335, -0.083390, -0.349599, 0.933181, 0.223118, 0.000000, 0.000000, 0.000000, 1.000000, -0.083577, -0.349624, 0.933155, 0.245109, -0.176652, 0.926798, 0.331420, -0.033079, -0.980719, -0.137145, -0.139220, 0.149696, 0.000000, 0.000000, 0.000000, 1.000000, 0.033855, 0.093049, -0.995086, 0.124309, -0.997804, -0.053568, -0.038957, -0.049307, -0.056929, 0.994219, 0.091031, -0.004506, 0.000000, 0.000000, 0.000000, 1.000000
-29.9264, 33.0762, 50.3238, 223.1190, 245.1094, -33.0766, 149.7072, 124.3084, -49.3068, -4.5013, 0.176732, -0.926783, -0.331421, 0.033076, 0.980723, 0.137295, 0.139045, 0.050324, -0.083362, -0.349606, 0.933181, 0.223119, 0.000000, 0.000000, 0.000000, 1.000000, -0.083548, -0.349630, 0.933155, 0.245109, -0.176732, 0.926783, 0.331420, -0.033077, -0.980707, -0.137228, -0.139222, 0.149707, 0.000000, 0.000000, 0.000000, 1.000000, 0.033850, 0.093052, -0.995086, 0.124308, -0.997804, -0.053568, -0.038951, -0.049307, -0.056929, 0.994219, 0.091034, -0.004501, 0.000000, 0.000000, 0.000000, 1.000000
-29.9161, 33.0718, 50.2998, 223.1208, 245.1112, -33.0722, 149.7312, 124.3076, -49.3062, -4.4909, 0.176901, -0.926751, -0.331420, 0.033072, 0.980697, 0.137473, 0.139048, 0.050300, -0.083301, -0.349621, 0.933181, 0.223121, 0.000000, 0.000000, 0.000000, 1.000000, -0.083488, -0.349645, 0.933155, 0.245111, -0.176901, 0.926751, 0.331419, -0.033072, -0.980681, -0.137406, -0.139225, 0.149731, 0.000000, 0.000000, 0.000000, 1.000000, 0.033838, 0.093058, -0.995086, 0.124308, -0.997805, -0.053569, -0.038940, -0.049306, -0.056929, 0.994219, 0.091041, -0.004491, 0.000000, 0.000000, 0.000000, 1.000000
-29.9106, 33.0695, 50.2872, 223.1217, 245.1121, -33.0699, 149.7438, 124.3073, -49.3059, -4.4853, 0.176991, -0.926734, -0.331420, 0.033070, 0.980684, 0.137567, 0.139050, 0.050287, -0.083270, -0.349629, 0.933181, 0.223122, 0.000000, 0.000000, 0.000000, 1.000000, -0.083456, -0.349653, 0.933155, 0.245112, -0.176991, 0.926734, 0.331418, -0.033070, -0.980668, -0.137501, -0.139227, 0.149744, 0.000000, 0.000000, 0.000000, 1.000000, 0.033831, 0.093061, -0.995085, 0.124307, -0.997805, -0.053569, -0.038933, -0.049306, -0.056929, 0.994218, 0.091045, -0.004485, 0.000000, 0.000000, 0.000000, 1.000000
-29.8989, 33.0646, 50.2605, 223.1238, 245.1142, -33.0649, 149.7705, 124.3064, -49.3052, -4.4736, 0.177181, -0.926698, -0.331419, 0.033065, 0.980655, 0.137767, 0.139054, 0.050260, -0.083203, -0.349645, 0.933180, 0.223124, 0.000000, 0.000000, 0.000000, 1.000000, -0.083390, -0.349670, 0.933154, 0.245114, -0.177181, 0.926698, 0.331417, -0.033065, -0.980639, -0.137700, -0.139232, 0.149771, 0.000000, 0.000000, 0.000000, 1.000000, 0.033818, 0.093068, -0.995085, 0.124306, -0.997805, -0.053570, -0.038920, -0.049305, -0.056929, 0.994218, 0.091052, -0.004474, 0.000000, 0.000000, 0.000000, 1.000000
-29.8864, 33.0593, 50.2319, 223.1261, 245.1165, -33.0597, 149.7991, 124.3055, -49.3045, -4.4611, 0.177385, -0.926659, -0.331418, 0.033059, 0.980624, 0.137981, 0.139059, 0.050232, -0.083131, -0.349663, 0.933180, 0.223126, 0.000000, 0.000000, 0.000000, 1.000000, -0.083318, -0.349688, 0.933154, 0.245116, -0.177385, 0.926660, 0.331416, -0.033060, -0.980608, -0.137915, -0.139237, 0.149799, 0.000000, 0.000000, 0.000000, 1.000000, 0.033803, 0.093075, -0.995085, 0.124305, -0.997806, -0.053570, -0.038906, -0.049304, -0.056928, 0.994217, 0.091060, -0.004461, 0.000000, 0.000000, 0.000000, 1.000000
-29.8660, 33.0507, 50.1857, 223.1299, 245.1203, -33.0511, 149.8452, 124.3039, -49.3033, -4.4406, 0.177717, -0.926596, -0.331416, 0.033051, 0.980574, 0.138329, 0.139068, 0.050186, -0.083016, -0.349693, 0.933179, 0.223130, 0.000000, 0.000000, 0.000000, 1.000000, -0.083203, -0.349717, 0.933153, 0.245120, -0.177717, 0.926597, 0.331414, -0.033051, -0.980558, -0.138262, -0.139246, 0.149845, 0.000000, 0.000000, 0.000000, 1.000000, 0.033779, 0.093087, -0.995085, 0.124304, -0.997807, -0.053571, -0.038883, -0.049303, -0.056928, 0.994216, 0.091073, -0.004441, 0.000000, 0.000000, 0.000000, 1.000000
-29.8515, 33.0446, 50.1528, 223.1326, 245.1230, -33.0449, 149.8781, 124.3027, -49.3025, -4.4260, 0.177954, -0.926551, -0.331415, 0.033045, 0.980538, 0.138577, 0.139075, 0.050153, -0.082934, -0.349713, 0.933179, 0.223133, 0.000000, 0.000000, 0.000000, 1.000000, -0.083121, -0.349738, 0.933153, 0.245123, -0.177954, 0.926552, 0.331413, -0.033045, -0.980522, -0.138511, -0.139253, 0.149878, 0.000000, 0.000000, 0.000000, 1.000000, 0.033762, 0.093096, -0.995085, 0.124303, -0.997807, -0.053572, -0.038867, -0.049303, -0.056927, 0.994215, 0.091083, -0.004426, 0.000000, 0.000000, 0.000000, 1.000000
-29.8439, 33.0414, 50.1358, 223.1341, 245.1245, -33.0417, 149.8952, 124.3021, -49.3021, -4.4185, 0.178077, -0.926528, -0.331414, 0.033041, 0.980519, 0.138707, 0.139079, 0.050136, -0.082891, -0.349724, 0.933178, 0.223134, 0.000000, 0.000000, 0.000000, 1.000000, -0.083078, -0.349749, 0.933152, 0.245124, -0.178077, 0.926528, 0.331412, -0.033042, -0.980503, -0.138640, -0.139257, 0.149895, 0.000000, 0.000000, 0.000000, 1.000000, 0.033753, 0.093100, -0.995084, 0.124302, -0.997808, -0.053573, -0.038858, -0.049302, -0.056927, 0.994214, 0.091088, -0.004418, 0.000000, 0.000000, 0.000000, 1.000000
-29.8283, 33.0348, 50.1004, 223.1371, 245.1275, -33.0351, 149.9306, 124.3009, -49.3013, -4.4027, 0.178333, -0.926479, -0.331413, 0.033035, 0.980480, 0.138974, 0.139087, 0.050100, -0.082803, -0.349747, 0.933178, 0.223137, 0.000000, 0.000000, 0.000000, 1.000000, -0.082990, -0.349772, 0.933152, 0.245128, -0.178333, 0.926479, 0.331411, -0.033035, -0.980464, -0.138908, -0.139264, 0.149931, 0.000000, 0.000000, 0.000000, 1.000000, 0.033735, 0.093109, -0.995084, 0.124301, -0.997808, -0.053574, -0.038840, -0.049301, -0.056927, 0.994214, 0.091098, -0.004403, 0.000000, 0.000000, 0.000000, 1.000000
-29.8201, 33.0313, 50.0821, 223.1387, 245.1291, -33.0317, 149.9489, 124.3002, -49.3008, -4.3946, 0.178465, -0.926454, -0.331412, 0.033031, 0.980460, 0.139113, 0.139091, 0.050082, -0.082757, -0.349759, 0.933177, 0.223139, 0.000000, 0.000000, 0.000000, 1.000000, -0.082944, -0.349784, 0.933151, 0.245129, -0.178465, 0.926454, 0.331410, -0.033032, -0.980444, -0.139047, -0.139268, 0.149949, 0.000000, 0.000000, 0.000000, 1.000000, 0.033725, 0.093114, -0.995084, 0.124300, -0.997809, -0.053574, -0.038831, -0.049301, -0.056926, 0.994213, 0.091103, -0.004395, 0.000000, 0.000000, 0.000000, 1.000000
-29.8033, 33.0242, 50.0442, 223.1420, 245.1324, -33.0246, 149.9867, 124.2989, -49.2999, -4.3777, 0.178739, -0.926401, -0.331410, 0.033024, 0.980418, 0.139400, 0.139099, 0.050044, -0.082663, -0.349783, 0.933177, 0.223142, 0.000000, 0.000000, 0.000000, 1.000000, -0.082850, -0.349808, 0.933151, 0.245132, -0.178739, 0.926402, 0.331409, -0.033025, -0.980402, -0.139333, -0.139277, 0.149987, 0.000000, 0.000000, 0.000000, 1.000000, 0.033706, 0.093124, -0.995084, 0.124299, -0.997809, -0.053575, -0.038812, -0.049300, -0.056926, 0.994212, 0.091114, -0.004378, 0.000000, 0.000000, 0.000000, 1.000000
-29.7947, 33.0206, 50.0248, 223.1437, 245.1341, -33.0209, 150.0062, 124.2982, -49.2994, -4.3691, 0.178880, -0.926374, -0.331410, 0.033021, 0.980396, 0.139548, 0.139103, 0.050025, -0.082614, -0.349796, 0.933176, 0.223144, 0.000000, 0.000000, 0.000000, 1.000000, -0.082801, -0.349821, 0.933150, 0.245134, -0.178880, 0.926375, 0.331408, -0.033021, -0.980380, -0.139481, -0.139281, 0.150006, 0.000000, 0.000000, 0.000000, 1.000000, 0.033696, 0.093129, -0.995084, 0.124298, -0.997810, -0.053576, -0.038802, -0.049299, -0.056926, 0.994212, 0.091120, -0.004369, 0.000000, 0.000000, 0.000000, 1.000000
-29.7769, 33.0130, 49.9847, 223.1472, 245.1376, -33.0134, 150.0462, 124.2967, -49.2985, -4.3512, 0.179171, -0.926319, -0.331408, 0.033013, 0.980352, 0.139852, 0.139113, 0.049985, -0.082515, -0.349821, 0.933175, 0.223147, 0.000000, 0.000000, 0.000000, 1.000000, -0.082702, -0.349846, 0.933149, 0.245138, -0.179170, 0.926319, 0.331406, -0.033013, -0.980336, -0.139785, -0.139290, 0.150046, 0.000000, 0.000000, 0.000000, 1.000000, 0.033675, 0.093139, -0.995083, 0.124297, -0.997810, -0.053577, -0.038782, -0.049298, -0.056925, 0.994211, 0.091131, -0.004351, 0.000000, 0.000000, 0.000000, 1.000000
-29.7584, 33.0052, 49.9433, 223.1508, 245.1412, -33.0056, 150.0877, 124.2952, -49.2974, -4.3327, 0.179471, -0.926261, -0.331406, 0.033005, 0.980305, 0.140166, 0.139122, 0.049943, -0.082411, -0.349848, 0.933175, 0.223151, 0.000000, 0.000000, 0.000000, 1.000000, -0.082598, -0.349873, 0.933149, 0.245141, -0.179471, 0.926262, 0.331405, -0.033006, -0.980290, -0.140100, -0.139300, 0.150088, 0.000000, 0.000000, 0.000000, 1.000000, 0.033653, 0.093150, -0.995083, 0.124295, -0.997811, -0.053578, -0.038761, -0.049297, -0.056925, 0.994209, 0.091143, -0.004333, 0.000000, 0.000000, 0.000000, 1.000000
-29.7394, 32.9971, 49.9005, 223.1545, 245.1450, -32.9975, 150.1305, 124.2937, -49.2964, -4.3136, 0.179781, -0.926202, -0.331405, 0.032997, 0.980257, 0.140491, 0.139132, 0.049900, -0.082305, -0.349875, 0.933174, 0.223155, 0.000000, 0.000000, 0.000000, 1.000000, -0.082492, -0.349901, 0.933148, 0.245145, -0.179781, 0.926202, 0.331403, -0.032997, -0.980242, -0.140425, -0.139309, 0.150131, 0.000000, 0.000000, 0.000000, 1.000000, 0.033631, 0.093161, -0.995083, 0.124294, -0.997812, -0.053579, -0.038739, -0.049296, -0.056924, 0.994208, 0.091156, -0.004314, 0.000000, 0.000000, 0.000000, 1.000000
-29.7297, 32.9930, 49.8786, 223.1564, 245.1469, -32.9933, 150.1524, 124.2929, -49.2959, -4.3039, 0.179940, -0.926171, -0.331404, 0.032993, 0.980233, 0.140657, 0.139137, 0.049879, -0.082250, -0.349889, 0.933173, 0.223156, 0.000000, 0.000000, 0.000000, 1.000000, -0.082437, -0.349915, 0.933147, 0.245147, -0.179940, 0.926172, 0.331402, -0.032993, -0.980217, -0.140590, -0.139314, 0.150152, 0.000000, 0.000000, 0.000000, 1.000000, 0.033620, 0.093167, -0.995083, 0.124293, -0.997812, -0.053579, -0.038728, -0.049296, -0.056924, 0.994208, 0.091162, -0.004304, 0.000000, 0.000000, 0.000000, 1.000000
-29.7099, 32.9845, 49.8341, 223.1603, 245.1508, -32.9849, 150.1969, 124.2913, -49.2948, -4.2840, 0.180263, -0.926109, -0.331402, 0.032985, 0.980183, 0.140995, 0.139147, 0.049834, -0.082139, -0.349918, 0.933172, 0.223160, 0.000000, 0.000000, 0.000000, 1.000000, -0.082326, -0.349943, 0.933146, 0.245151, -0.180263, 0.926110, 0.331401, -0.032985, -0.980167, -0.140929, -0.139325, 0.150197, 0.000000, 0.000000, 0.000000, 1.000000, 0.033596, 0.093179, -0.995082, 0.124291, -0.997813, -0.053580, -0.038706, -0.049295, -0.056923, 0.994207, 0.091175, -0.004284, 0.000000, 0.000000, 0.000000, 1.000000
-29.6998, 32.9802, 49.8114, 223.1623, 245.1528, -32.9806, 150.2196, 124.2905, -49.2942, -4.2739, 0.180427, -0.926077, -0.331401, 0.032980, 0.980157, 0.141167, 0.139152, 0.049811, -0.082083, -0.349932, 0.933172, 0.223162, 0.000000, 0.000000, 0.000000, 1.000000, -0.082269, -0.349958, 0.933146, 0.245153, -0.180427, 0.926078, 0.331400, -0.032981, -0.980142, -0.141101, -0.139330, 0.150220, 0.000000, 0.000000, 0.000000, 1.000000, 0.033585, 0.093185, -0.995082, 0.124290, -0.997814, -0.053581, -0.038694, -0.049294, -0.056923, 0.994206, 0.091181, -0.004274, 0.000000, 0.000000, 0.000000, 1.000000
-29.6792, 32.9714, 49.7653, 223.1663, 245.1568, -32.9718, 150.2658, 124.2888, -49.2930, -4.2533, 0.180762, -0.926013, -0.331400, 0.032971, 0.980105, 0.141517, 0.139163, 0.049765, -0.081968, -0.349962, 0.933171, 0.223166, 0.000000, 0.000000, 0.000000, 1.000000, -0.082154, -0.349987, 0.933145, 0.245157, -0.180762, 0.926013, 0.331398, -0.032972, -0.980090, -0.141451, -0.139340, 0.150266, 0.000000, 0.000000, 0.000000, 1.000000, 0.033561, 0.093197, -0.995082, 0.124289, -0.997814, -0.053582, -0.038671, -0.049293, -0.056923, 0.994205, 0.091195, -0.004253, 0.000000, 0.000000, 0.000000, 1.000000
-29.6688, 32.9670, 49.7418, 223.1684, 245.1588, -32.9673, 150.2892, 124.2879, -49.2925, -4.2428, 0.180931, -0.925980, -0.331399, 0.032967, 0.980079, 0.141695, 0.139168, 0.049742, -0.081910, -0.349977, 0.933170, 0.223168, 0.000000, 0.000000, 0.000000, 1.000000, -0.082096, -0.350002, 0.933144, 0.245159, -0.180931, 0.925980, 0.331397, -0.032967, -0.980063, -0.141629, -0.139346, 0.150289, 0.000000, 0.000000, 0.000000, 1.000000, 0.033548, 0.093203, -0.995082, 0.124288, -0.997815, -0.053583, -0.038659, -0.049292, -0.056922, 0.994204, 0.091201, -0.004243, 0.000000, 0.000000, 0.000000, 1.000000
-29.6477, 32.9579, 49.6943, 223.1725, 245.1630, -32.9583, 150.3368, 124.2862, -49.2913, -4.2216, 0.181275, -0.925913, -0.331397, 0.032958, 0.980025, 0.142055, 0.139179, 0.049694, -0.081791, -0.350007, 0.933169, 0.223172, 0.000000, 0.000000, 0.000000, 1.000000, -0.081977, -0.350033, 0.933144, 0.245163, -0.181275, 0.925914, 0.331396, -0.032958, -0.980010, -0.141989, -0.139356, 0.150337, 0.000000, 0.000000, 0.000000, 1.000000, 0.033524, 0.093215, -0.995081, 0.124286, -0.997816, -0.053584, -0.038635, -0.049291, -0.056922, 0.994203, 0.091215, -0.004222, 0.000000, 0.000000, 0.000000, 1.000000
-29.6263, 32.9487, 49.6462, 223.1766, 245.1671, -32.9491, 150.3850, 124.2845, -49.2900, -4.2002, 0.181624, -0.925846, -0.331395, 0.032949, 0.979971, 0.142420, 0.139190, 0.049646, -0.081671, -0.350038, 0.933168, 0.223177, 0.000000, 0.000000, 0.000000, 1.000000, -0.081857, -0.350063, 0.933143, 0.245167, -0.181624, 0.925846, 0.331394, -0.032949, -0.979955, -0.142354, -0.139367, 0.150385, 0.000000, 0.000000, 0.000000, 1.000000, 0.033499, 0.093227, -0.995081, 0.124285, -0.997817, -0.053585, -0.038611, -0.049290, -0.056921, 0.994202, 0.091229, -0.004200, 0.000000, 0.000000, 0.000000, 1.000000
-29.6263, 32.9487, 49.6462, 223.1766, 245.1671, -32.9491, 150.3850, 124.2845, -49.2900, -4.2002, 0.181624, -0.925846, -0.331395, 0.032949, 0.979971, 0.142420, 0.139190, 0.049646, -0.081671, -0.350038, 0.933168, 0.223177, 0.000000, 0.000000, 0.000000, 1.000000, -0.081857, -0.350063, 0.933143, 0.245167, -0.181624, 0.925846, 0.331394, -0.032949, -0.979955, -0.142354, -0.139367, 0.150385, 0.000000, 0.000000, 0.000000, 1.000000, 0.033499, 0.093227, -0.995081, 0.124285, -0.997817, -0.053585, -0.038611, -0.049290, -0.056921, 0.994202, 0.091229, -0.004200, 0.000000, 0.000000, 0.000000, 1.000000
-29.5830, 32.9300, 49.5484, 223.1850, 245.1755, -32.9303, 150.4828, 124.2810, -49.2875, -4.1567, 0.182331, -0.925708, -0.331392, 0.032930, 0.979860, 0.143161, 0.139212, 0.049548, -0.081427, -0.350100, 0.933166, 0.223185, 0.000000, 0.000000, 0.000000, 1.000000, -0.081613, -0.350125, 0.933141, 0.245176, -0.182331, 0.925708, 0.331390, -0.032930, -0.979844, -0.143094, -0.139389, 0.150483, 0.000000, 0.000000, 0.000000, 1.000000, 0.033448, 0.093253, -0.995081, 0.124281, -0.997818, -0.053588, -0.038562, -0.049287, -0.056920, 0.994199, 0.091257, -0.004157, 0.000000, 0.000000, 0.000000, 1.000000
-29.5721, 32.9252, 49.5237, 223.1871, 245.1776, -32.9256, 150.5075, 124.2802, -49.2869, -4.1457, 0.182509, -0.925673, -0.331391, 0.032925, 0.979832, 0.143347, 0.139217, 0.049524, -0.081366, -0.350115, 0.933166, 0.223187, 0.000000, 0.000000, 0.000000, 1.000000, -0.081552, -0.350141, 0.933140, 0.245178, -0.182509, 0.925674, 0.331389, -0.032926, -0.979816, -0.143281, -0.139394, 0.150507, 0.000000, 0.000000, 0.000000, 1.000000, 0.033435, 0.093259, -0.995080, 0.124280, -0.997819, -0.053588, -0.038549, -0.049287, -0.056920, 0.994199, 0.091264, -0.004146, 0.000000, 0.000000, 0.000000, 1.000000
-29.5502, 32.9158, 49.4744, 223.1912, 245.1818, -32.9161, 150.5569, 124.2784, -49.2856, -4.1238, 0.182865, -0.925604, -0.331389, 0.032916, 0.979776, 0.143720, 0.139228, 0.049474, -0.081243, -0.350147, 0.933165, 0.223191, 0.000000, 0.000000, 0.000000, 1.000000, -0.081428, -0.350172, 0.933139, 0.245182, -0.182865, 0.925604, 0.331387, -0.032916, -0.979760, -0.143654, -0.139405, 0.150557, 0.000000, 0.000000, 0.000000, 1.000000, 0.033409, 0.093272, -0.995080, 0.124278, -0.997820, -0.053590, -0.038524, -0.049286, -0.056919, 0.994197, 0.091278, -0.004124, 0.000000, 0.000000, 0.000000, 1.000000
-29.5393, 32.9110, 49.4496, 223.1933, 245.1839, -32.9114, 150.5817, 124.2776, -49.2849, -4.1128, 0.183044, -0.925569, -0.331388, 0.032911, 0.979747, 0.143907, 0.139233, 0.049450, -0.081181, -0.350162, 0.933165, 0.223193, 0.000000, 0.000000, 0.000000, 1.000000, -0.081367, -0.350188, 0.933139, 0.245184, -0.183043, 0.925569, 0.331386, -0.032911, -0.979732, -0.143841, -0.139410, 0.150582, 0.000000, 0.000000, 0.000000, 1.000000, 0.033396, 0.093278, -0.995080, 0.124278, -0.997820, -0.053590, -0.038512, -0.049285, -0.056919, 0.994197, 0.091285, -0.004113, 0.000000, 0.000000, 0.000000, 1.000000
-29.5173, 32.9014, 49.4000, 223.1975, 245.1881, -32.9018, 150.6313, 124.2758, -49.2836, -4.0907, 0.183401, -0.925498, -0.331386, 0.032901, 0.979691, 0.144282, 0.139244, 0.049400, -0.081057, -0.350193, 0.933164, 0.223197, 0.000000, 0.000000, 0.000000, 1.000000, -0.081242, -0.350219, 0.933138, 0.245188, -0.183401, 0.925499, 0.331385, -0.032902, -0.979675, -0.144216, -0.139420, 0.150631, 0.000000, 0.000000, 0.000000, 1.000000, 0.033371, 0.093291, -0.995080, 0.124276, -0.997821, -0.053591, -0.038487, -0.049284, -0.056918, 0.994196, 0.091299, -0.004091, 0.000000, 0.000000, 0.000000, 1.000000
-29.5063, 32.8966, 49.3751, 223.1996, 245.1902, -32.8970, 150.6562, 124.2750, -49.2829, -4.0797, 0.183580, -0.925463, -0.331385, 0.032897, 0.979662, 0.144470, 0.139249, 0.049375, -0.080995, -0.350209, 0.933163, 0.223200, 0.000000, 0.000000, 0.000000, 1.000000, -0.081180, -0.350235, 0.933137, 0.245190, -0.183580, 0.925464, 0.331384, -0.032897, -0.979647, -0.144404, -0.139426, 0.150656, 0.000000, 0.000000, 0.000000, 1.000000, 0.033358, 0.093297, -0.995079, 0.124275, -0.997821, -0.053592, -0.038474, -0.049283, -0.056918, 0.994195, 0.091306, -0.004080, 0.000000, 0.000000, 0.000000, 1.000000
-29.4844, 32.8870, 49.3255, 223.2037, 245.1943, -32.8874, 150.7059, 124.2733, -49.2815, -4.0577, 0.183938, -0.925393, -0.331383, 0.032887, 0.979605, 0.144844, 0.139260, 0.049325, -0.080871, -0.350240, 0.933162, 0.223204, 0.000000, 0.000000, 0.000000, 1.000000, -0.081056, -0.350266, 0.933136, 0.245194, -0.183937, 0.925394, 0.331382, -0.032887, -0.979590, -0.144778, -0.139436, 0.150706, 0.000000, 0.000000, 0.000000, 1.000000, 0.033332, 0.093310, -0.995079, 0.124273, -0.997822, -0.053593, -0.038449, -0.049282, -0.056917, 0.994194, 0.091320, -0.004058, 0.000000, 0.000000, 0.000000, 1.000000
-29.4626, 32.8774, 49.2760, 223.2078, 245.1984, -32.8778, 150.7554, 124.2716, -49.2802, -4.0357, 0.184294, -0.925323, -0.331382, 0.032877, 0.979549, 0.145218, 0.139270, 0.049276, -0.080748, -0.350271, 0.933161, 0.223208, 0.000000, 0.000000, 0.000000, 1.000000, -0.080932, -0.350297, 0.933136, 0.245198, -0.184294, 0.925323, 0.331380, -0.032878, -0.979533, -0.145152, -0.139446, 0.150755, 0.000000, 0.000000, 0.000000, 1.000000, 0.033306, 0.093322, -0.995079, 0.124272, -0.997823, -0.053595, -0.038425, -0.049280, -0.056917, 0.994192, 0.091334, -0.004036, 0.000000, 0.000000, 0.000000, 1.000000
-29.4517, 32.8726, 49.2513, 223.2098, 245.2005, -32.8730, 150.7801, 124.2707, -49.2795, -4.0248, 0.184471, -0.925288, -0.331381, 0.032873, 0.979520, 0.145403, 0.139275, 0.049251, -0.080686, -0.350286, 0.933161, 0.223210, 0.000000, 0.000000, 0.000000, 1.000000, -0.080871, -0.350312, 0.933135, 0.245200, -0.184471, 0.925288, 0.331379, -0.032873, -0.979505, -0.145337, -0.139451, 0.150780, 0.000000, 0.000000, 0.000000, 1.000000, 0.033294, 0.093329, -0.995079, 0.124271, -0.997824, -0.053595, -0.038412, -0.049280, -0.056916, 0.994192, 0.091341, -0.004025, 0.000000, 0.000000, 0.000000, 1.000000
-29.4300, 32.8631, 49.2022, 223.2138, 245.2045, -32.8635, 150.8293, 124.2690, -49.2781, -4.0031, 0.184824, -0.925218, -0.331379, 0.032863, 0.979464, 0.145773, 0.139286, 0.049202, -0.080563, -0.350317, 0.933160, 0.223214, 0.000000, 0.000000, 0.000000, 1.000000, -0.080748, -0.350343, 0.933134, 0.245204, -0.184824, 0.925218, 0.331377, -0.032863, -0.979449, -0.145708, -0.139461, 0.150829, 0.000000, 0.000000, 0.000000, 1.000000, 0.033268, 0.093341, -0.995078, 0.124269, -0.997825, -0.053596, -0.038388, -0.049278, -0.056916, 0.994191, 0.091355, -0.004003, 0.000000, 0.000000, 0.000000, 1.000000
-29.4085, 32.8536, 49.1534, 223.2178, 245.2085, -32.8540, 150.8781, 124.2674, -49.2768, -3.9815, 0.185175, -0.925148, -0.331377, 0.032854, 0.979408, 0.146141, 0.139296, 0.049153, -0.080441, -0.350347, 0.933159, 0.223218, 0.000000, 0.000000, 0.000000, 1.000000, -0.080626, -0.350373, 0.933134, 0.245208, -0.185174, 0.925149, 0.331375, -0.032854, -0.979393, -0.146075, -0.139471, 0.150878, 0.000000, 0.000000, 0.000000, 1.000000, 0.033243, 0.093354, -0.995078, 0.124267, -0.997825, -0.053598, -0.038363, -0.049277, -0.056915, 0.994189, 0.091369, -0.003981, 0.000000, 0.000000, 0.000000, 1.000000
-29.3978, 32.8489, 49.1291, 223.2197, 245.2104, -32.8493, 150.9024, 124.2666, -49.2761, -3.9707, 0.185349, -0.925114, -0.331376, 0.032849, 0.979380, 0.146323, 0.139301, 0.049129, -0.080381, -0.350362, 0.933159, 0.223220, 0.000000, 0.000000, 0.000000, 1.000000, -0.080565, -0.350388, 0.933133, 0.245210, -0.185348, 0.925115, 0.331374, -0.032849, -0.979365, -0.146258, -0.139476, 0.150902, 0.000000, 0.000000, 0.000000, 1.000000, 0.033230, 0.093360, -0.995078, 0.124267, -0.997826, -0.053598, -0.038351, -0.049276, -0.056915, 0.994189, 0.091376, -0.003971, 0.000000, 0.000000, 0.000000, 1.000000
