# Joint_B_Angle(deg), Cam_X(mm), Cam_Y(mm), Cam_Z(mm), Torso_X(mm), Torso_Y(mm), Torso_Z(mm), EE_X(mm), EE_Y(mm), EE_Z(mm), T_cam2marker_flat(16), T_torso2marker_flat(16), T_ee2marker_flat(16)
-20.0010, -56.4435, 6.8028, 455.6347, 524.6397, 65.4431, 250.2215, 100.4271, 9.1298, 4.7302, 0.289926, 0.825805, 0.483723, -0.056443, -0.944358, 0.328889, 0.004540, 0.006803, -0.155342, -0.458124, 0.875209, 0.455635, 0.000000, 0.000000, 0.000000, 1.000000, -0.155250, -0.458157, 0.875208, 0.524640, -0.289926, -0.825805, -0.483724, 0.065443, 0.944373, -0.328844, -0.004625, 0.250221, 0.000000, 0.000000, 0.000000, 1.000000, -0.003043, -0.017459, -0.999843, 0.100427, -0.999271, -0.037996, 0.003705, 0.009130, -0.038054, 0.999125, -0.017330, 0.004730, 0.000000, 0.000000, 0.000000, 1.000000
-20.0010, -56.4435, 6.8021, 455.6345, 524.6394, 65.4431, 250.2223, 100.4271, 9.1298, 4.7302, 0.289927, 0.825805, 0.483723, -0.056443, -0.944357, 0.328890, 0.004539, 0.006802, -0.155344, -0.458124, 0.875209, 0.455634, 0.000000, 0.000000, 0.000000, 1.000000, -0.155252, -0.458156, 0.875208, 0.524639, -0.289927, -0.825805, -0.483724, 0.065443, 0.944373, -0.328845, -0.004624, 0.250222, 0.000000, 0.000000, 0.000000, 1.000000, -0.003043, -0.017459, -0.999843, 0.100427, -0.999271, -0.037996, 0.003705, 0.009130, -0.038054, 0.999125, -0.017330, 0.004730, 0.000000, 0.000000, 0.000000, 1.000000
-20.0010, -56.4435, 6.8007, 455.6339, 524.6389, 65.4431, 250.2239, 100.4271, 9.1298, 4.7302, 0.289928, 0.825805, 0.483723, -0.056443, -0.944356, 0.328893, 0.004537, 0.006801, -0.155346, -0.458122, 0.875209, 0.455634, 0.000000, 0.000000, 0.000000, 1.000000, -0.155255, -0.458155, 0.875209, 0.524639, -0.289928, -0.825805, -0.483724, 0.065443, 0.944372, -0.328848, -0.004622, 0.250224, 0.000000, 0.000000, 0.000000, 1.000000, -0.003043, -0.017459, -0.999843, 0.100427, -0.999271, -0.037996, 0.003705, 0.009130, -0.038054, 0.999125, -0.017330, 0.004730, 0.000000, 0.000000, 0.000000, 1.000000
-20.0010, -56.4435, 6.8005, 455.6338, 524.6388, 65.4431, 250.2242, 100.4271, 9.1298, 4.7302, 0.289929, 0.825805, 0.483723, -0.056443, -0.944356, 0.328893, 0.004536, 0.006800, -0.155347, -0.458122, 0.875209, 0.455634, 0.000000, 0.000000, 0.000000, 1.000000, -0.155255, -0.458154, 0.875209, 0.524639, -0.289929, -0.825804, -0.483723, 0.065443, 0.944371, -0.328849, -0.004621, 0.250224, 0.000000, 0.000000, 0.000000, 1.000000, -0.003043, -0.017459, -0.999843, 0.100427, -0.999271, -0.037996, 0.003705, 0.009130, -0.038054, 0.999125, -0.017330, 0.004730, 0.000000, 0.000000, 0.000000, 1.000000
-20.0010, -56.4435, 6.8003, 455.6338, 524.6387, 65.4431, 250.2244, 100.4271, 9.1298, 4.7302, 0.289929, 0.825805, 0.483723, -0.056444, -0.944356, 0.328894, 0.004536, 0.006800, -0.155347, -0.458122, 0.875210, 0.455634, 0.000000, 0.000000, 0.000000, 1.000000, -0.155256, -0.458154, 0.875209, 0.524639, -0.289929, -0.825804, -0.483723, 0.065443, 0.944371, -0.328849, -0.004621, 0.250224, 0.000000, 0.000000, 0.000000, 1.000000, -0.003043, -0.017459, -0.999843, 0.100427, -0.999271, -0.037996, 0.003705, 0.009130, -0.038054, 0.999125, -0.017330, 0.004730, 0.000000, 0.000000, 0.000000, 1.000000
-20.0010, -56.4436, 6.8004, 455.6337, 524.6386, 65.4432, 250.2244, 100.4271, 9.1298, 4.7302, 0.289930, 0.825805, 0.483723, -0.056444, -0.944356, 0.328894, 0.004536, 0.006800, -0.155347, -0.458122, 0.875210, 0.455634, 0.000000, 0.000000, 0.000000, 1.000000, -0.155256, -0.458154, 0.875209, 0.524639, -0.289929, -0.825804, -0.483723, 0.065443, 0.944371, -0.328850, -0.004621, 0.250224, 0.000000, 0.000000, 0.000000, 1.000000, -0.003044, -0.017459, -0.999843, 0.100427, -0.999271, -0.037996, 0.003705, 0.009130, -0.038054, 0.999125, -0.017330, 0.004730, 0.000000, 0.000000, 0.000000, 1.000000
-20.0010, -56.4436, 6.8010, 455.6338, 524.6387, 65.4433, 250.2240, 100.4271, 9.1298, 4.7302, 0.289929, 0.825805, 0.483723, -0.056444, -0.944356, 0.328894, 0.004537, 0.006801, -0.155347, -0.458122, 0.875210, 0.455634, 0.000000, 0.000000, 0.000000, 1.000000, -0.155256, -0.458154, 0.875209, 0.524639, -0.289929, -0.825804, -0.483723, 0.065443, 0.944371, -0.328849, -0.004621, 0.250224, 0.000000, 0.000000, 0.000000, 1.000000, -0.003044, -0.017459, -0.999843, 0.100427, -0.999271, -0.037996, 0.003705, 0.009130, -0.038054, 0.999125, -0.017330, 0.004730, 0.000000, 0.000000, 0.000000, 1.000000
-20.0009, -56.4438, 6.8021, 455.6341, 524.6390, 65.4434, 250.2230, 100.4271, 9.1298, 4.7302, 0.289928, 0.825805, 0.483723, -0.056444, -0.944357, 0.328892, 0.004537, 0.006802, -0.155346, -0.458122, 0.875209, 0.455634, 0.000000, 0.000000, 0.000000, 1.000000, -0.155255, -0.458155, 0.875209, 0.524639, -0.289928, -0.825805, -0.483724, 0.065443, 0.944372, -0.328848, -0.004621, 0.250223, 0.000000, 0.000000, 0.000000, 1.000000, -0.003044, -0.017459, -0.999843, 0.100427, -0.999271, -0.037996, 0.003705, 0.009130, -0.038054, 0.999125, -0.017330, 0.004730, 0.000000, 0.000000, 0.000000, 1.000000
-20.0008, -56.4439, 6.8029, 455.6343, 524.6391, 65.4435, 250.2223, 100.4271, 9.1298, 4.7302, 0.289926, 0.825805, 0.483723, -0.056444, -0.944357, 0.328890, 0.004536, 0.006803, -0.155346, -0.458123, 0.875209, 0.455634, 0.000000, 0.000000, 0.000000, 1.000000, -0.155255, -0.458155, 0.875208, 0.524639, -0.289926, -0.825805, -0.483724, 0.065444, 0.944372, -0.328846, -0.004621, 0.250222, 0.000000, 0.000000, 0.000000, 1.000000, -0.003044, -0.017459, -0.999843, 0.100427, -0.999271, -0.037996, 0.003705, 0.009130, -0.038054, 0.999125, -0.017330, 0.004730, 0.000000, 0.000000, 0.000000, 1.000000
-20.0004, -56.4443, 6.8051, 455.6348, 524.6396, 65.4439, 250.2202, 100.4271, 9.1298, 4.7302, 0.289920, 0.825807, 0.483725, -0.056444, -0.944359, 0.328885, 0.004534, 0.006805, -0.155345, -0.458124, 0.875208, 0.455635, 0.000000, 0.000000, 0.000000, 1.000000, -0.155255, -0.458156, 0.875208, 0.524640, -0.289920, -0.825806, -0.483725, 0.065444, 0.944374, -0.328841, -0.004618, 0.250220, 0.000000, 0.000000, 0.000000, 1.000000, -0.003044, -0.017459, -0.999843, 0.100427, -0.999271, -0.037996, 0.003705, 0.009130, -0.038054, 0.999125, -0.017330, 0.004730, 0.000000, 0.000000, 0.000000, 1.000000
-20.0001, -56.4445, 6.8065, 455.6351, 524.6399, 65.4441, 250.2189, 100.4271, 9.1298, 4.7302, 0.289916, 0.825808, 0.483726, -0.056445, -0.944361, 0.328881, 0.004532, 0.006807, -0.155345, -0.458125, 0.875208, 0.455635, 0.000000, 0.000000, 0.000000, 1.000000, -0.155255, -0.458157, 0.875207, 0.524640, -0.289915, -0.825807, -0.483726, 0.065444, 0.944375, -0.328837, -0.004616, 0.250219, 0.000000, 0.000000, 0.000000, 1.000000, -0.003044, -0.017459, -0.999843, 0.100427, -0.999271, -0.037996, 0.003705, 0.009130, -0.038054, 0.999125, -0.017330, 0.004730, 0.000000, 0.000000, 0.000000, 1.000000
-19.9993, -56.4452, 6.8102, 455.6359, 524.6407, 65.4448, 250.2154, 100.4272, 9.1299, 4.7302, 0.289903, 0.825811, 0.483728, -0.056445, -0.944364, 0.328870, 0.004526, 0.006810, -0.155346, -0.458128, 0.875206, 0.455636, 0.000000, 0.000000, 0.000000, 1.000000, -0.155257, -0.458160, 0.875206, 0.524641, -0.289903, -0.825810, -0.483729, 0.065445, 0.944379, -0.328827, -0.004609, 0.250215, 0.000000, 0.000000, 0.000000, 1.000000, -0.003044, -0.017459, -0.999843, 0.100427, -0.999271, -0.037996, 0.003705, 0.009130, -0.038055, 0.999125, -0.017330, 0.004730, 0.000000, 0.000000, 0.000000, 1.000000
-19.9988, -56.4456, 6.8124, 455.6363, 524.6411, 65.4452, 250.2132, 100.4272, 9.1299, 4.7301, 0.289894, 0.825813, 0.483730, -0.056446, -0.944367, 0.328863, 0.004521, 0.006812, -0.155347, -0.458129, 0.875205, 0.455636, 0.000000, 0.000000, 0.000000, 1.000000, -0.155258, -0.458161, 0.875205, 0.524641, -0.289894, -0.825812, -0.483731, 0.065445, 0.944382, -0.328820, -0.004604, 0.250213, 0.000000, 0.000000, 0.000000, 1.000000, -0.003044, -0.017459, -0.999843, 0.100427, -0.999271, -0.037996, 0.003705, 0.009130, -0.038055, 0.999125, -0.017330, 0.004730, 0.000000, 0.000000, 0.000000, 1.000000
-19.9975, -56.4467, 6.8178, 455.6374, 524.6422, 65.4463, 250.2080, 100.4272, 9.1299, 4.7301, 0.289872, 0.825817, 0.483735, -0.056447, -0.944373, 0.328845, 0.004509, 0.006818, -0.155351, -0.458133, 0.875203, 0.455637, 0.000000, 0.000000, 0.000000, 1.000000, -0.155261, -0.458165, 0.875202, 0.524642, -0.289872, -0.825817, -0.483736, 0.065446, 0.944388, -0.328802, -0.004592, 0.250208, 0.000000, 0.000000, 0.000000, 1.000000, -0.003044, -0.017459, -0.999843, 0.100427, -0.999271, -0.037996, 0.003706, 0.009130, -0.038055, 0.999125, -0.017331, 0.004730, 0.000000, 0.000000, 0.000000, 1.000000
-19.9957, -56.4481, 6.8245, 455.6388, 524.6436, 65.4478, 250.2015, 100.4273, 9.1300, 4.7301, 0.289843, 0.825824, 0.483742, -0.056448, -0.944381, 0.328822, 0.004491, 0.006824, -0.155356, -0.458138, 0.875199, 0.455639, 0.000000, 0.000000, 0.000000, 1.000000, -0.155267, -0.458170, 0.875199, 0.524644, -0.289843, -0.825824, -0.483742, 0.065448, 0.944396, -0.328779, -0.004574, 0.250202, 0.000000, 0.000000, 0.000000, 1.000000, -0.003044, -0.017459, -0.999843, 0.100427, -0.999271, -0.037996, 0.003706, 0.009130, -0.038055, 0.999125, -0.017331, 0.004730, 0.000000, 0.000000, 0.000000, 1.000000
-19.9946, -56.4490, 6.8283, 455.6396, 524.6443, 65.4486, 250.1977, 100.4274, 9.1300, 4.7301, 0.289825, 0.825828, 0.483745, -0.056449, -0.944386, 0.328808, 0.004480, 0.006828, -0.155359, -0.458141, 0.875197, 0.455640, 0.000000, 0.000000, 0.000000, 1.000000, -0.155271, -0.458173, 0.875197, 0.524644, -0.289825, -0.825828, -0.483746, 0.065449, 0.944401, -0.328765, -0.004563, 0.250198, 0.000000, 0.000000, 0.000000, 1.000000, -0.003044, -0.017459, -0.999843, 0.100427, -0.999271, -0.037996, 0.003706, 0.009130, -0.038055, 0.999125, -0.017331, 0.004730, 0.000000, 0.000000, 0.000000, 1.000000
-19.9906, -56.4521, 6.8420, 455.6423, 524.6470, 65.4517, 250.1844, 100.4275, 9.1301, 4.7300, 0.289759, 0.825843, 0.483760, -0.056452, -0.944404, 0.328758, 0.004439, 0.006842, -0.155374, -0.458151, 0.875190, 0.455642, 0.000000, 0.000000, 0.000000, 1.000000, -0.155285, -0.458182, 0.875189, 0.524647, -0.289759, -0.825842, -0.483760, 0.065452, 0.944418, -0.328715, -0.004521, 0.250184, 0.000000, 0.000000, 0.000000, 1.000000, -0.003044, -0.017460, -0.999843, 0.100428, -0.999271, -0.037996, 0.003706, 0.009130, -0.038055, 0.999125, -0.017331, 0.004730, 0.000000, 0.000000, 0.000000, 1.000000
-19.9872, -56.4547, 6.8529, 455.6444, 524.6491, 65.4543, 250.1736, 100.4277, 9.1302, 4.7300, 0.289704, 0.825855, 0.483772, -0.056455, -0.944419, 0.328716, 0.004404, 0.006853, -0.155386, -0.458159, 0.875183, 0.455644, 0.000000, 0.000000, 0.000000, 1.000000, -0.155298, -0.458190, 0.875182, 0.524649, -0.289704, -0.825855, -0.483772, 0.065454, 0.944433, -0.328673, -0.004486, 0.250174, 0.000000, 0.000000, 0.000000, 1.000000, -0.003045, -0.017460, -0.999843, 0.100428, -0.999271, -0.037997, 0.003706, 0.009130, -0.038055, 0.999125, -0.017332, 0.004730, 0.000000, 0.000000, 0.000000, 1.000000
-19.9853, -56.4562, 6.8589, 455.6455, 524.6502, 65.4558, 250.1677, 100.4277, 9.1303, 4.7300, 0.289673, 0.825862, 0.483778, -0.056456, -0.944427, 0.328692, 0.004384, 0.006859, -0.155394, -0.458163, 0.875179, 0.455645, 0.000000, 0.000000, 0.000000, 1.000000, -0.155306, -0.458195, 0.875179, 0.524650, -0.289673, -0.825862, -0.483779, 0.065456, 0.944441, -0.328649, -0.004465, 0.250168, 0.000000, 0.000000, 0.000000, 1.000000, -0.003045, -0.017460, -0.999843, 0.100428, -0.999271, -0.037997, 0.003706, 0.009130, -0.038055, 0.999125, -0.017332, 0.004730, 0.000000, 0.000000, 0.000000, 1.000000
-19.9811, -56.4597, 6.8843, 455.6519, 524.6566, 65.4594, 250.1422, 100.4279, 9.1304, 4.7299, 0.289600, 0.825878, 0.483795, -0.056460, -0.944450, 0.328625, 0.004358, 0.006884, -0.155388, -0.458182, 0.875171, 0.455652, 0.000000, 0.000000, 0.000000, 1.000000, -0.155300, -0.458214, 0.875170, 0.524657, -0.289600, -0.825878, -0.483795, 0.065459, 0.944465, -0.328582, -0.004440, 0.250142, 0.000000, 0.000000, 0.000000, 1.000000, -0.003045, -0.017461, -0.999843, 0.100428, -0.999271, -0.037997, 0.003707, 0.009130, -0.038056, 0.999125, -0.017333, 0.004730, 0.000000, 0.000000, 0.000000, 1.000000
-19.9788, -56.4617, 6.8972, 455.6550, 524.6598, 65.4613, 250.1294, 100.4280, 9.1305, 4.7299, 0.289560, 0.825887, 0.483804, -0.056462, -0.944463, 0.328590, 0.004342, 0.006897, -0.155387, -0.458192, 0.875166, 0.455655, 0.000000, 0.000000, 0.000000, 1.000000, -0.155299, -0.458223, 0.875165, 0.524660, -0.289560, -0.825887, -0.483804, 0.065461, 0.944477, -0.328547, -0.004424, 0.250129, 0.000000, 0.000000, 0.000000, 1.000000, -0.003045, -0.017461, -0.999843, 0.100428, -0.999271, -0.037997, 0.003707, 0.009130, -0.038056, 0.999125, -0.017333, 0.004730, 0.000000, 0.000000, 0.000000, 1.000000
-19.9711, -56.4680, 6.9360, 455.6643, 524.6690, 65.4676, 250.0906, 100.4283, 9.1307, 4.7298, 0.289429, 0.825916, 0.483833, -0.056468, -0.944503, 0.328476, 0.004284, 0.006936, -0.155390, -0.458221, 0.875150, 0.455664, 0.000000, 0.000000, 0.000000, 1.000000, -0.155302, -0.458252, 0.875149, 0.524669, -0.289429, -0.825916, -0.483833, 0.065468, 0.944517, -0.328433, -0.004365, 0.250091, 0.000000, 0.000000, 0.000000, 1.000000, -0.003045, -0.017462, -0.999843, 0.100428, -0.999271, -0.037998, 0.003707, 0.009131, -0.038056, 0.999125, -0.017334, 0.004730, 0.000000, 0.000000, 0.000000, 1.000000
-19.9711, -56.4680, 6.9360, 455.6643, 524.6690, 65.4676, 250.0906, 100.4283, 9.1307, 4.7298, 0.289429, 0.825916, 0.483833, -0.056468, -0.944503, 0.328476, 0.004284, 0.006936, -0.155390, -0.458221, 0.875150, 0.455664, 0.000000, 0.000000, 0.000000, 1.000000, -0.155302, -0.458252, 0.875149, 0.524669, -0.289429, -0.825916, -0.483833, 0.065468, 0.944517, -0.328433, -0.004365, 0.250091, 0.000000, 0.000000, 0.000000, 1.000000, -0.003045, -0.017462, -0.999843, 0.100428, -0.999271, -0.037998, 0.003707, 0.009131, -0.038056, 0.999125, -0.017334, 0.004730, 0.000000, 0.000000, 0.000000, 1.000000
-19.9623, -56.4750, 6.9748, 455.6731, 524.6778, 65.4746, 250.0518, 100.4287, 9.1310, 4.7297, 0.289280, 0.825949, 0.483865, -0.056475, -0.944546, 0.328353, 0.004207, 0.006975, -0.155404, -0.458250, 0.875132, 0.455673, 0.000000, 0.000000, 0.000000, 1.000000, -0.155316, -0.458281, 0.875132, 0.524678, -0.289280, -0.825948, -0.483866, 0.065475, 0.944560, -0.328310, -0.004289, 0.250052, 0.000000, 0.000000, 0.000000, 1.000000, -0.003046, -0.017463, -0.999843, 0.100429, -0.999271, -0.037998, 0.003708, 0.009131, -0.038057, 0.999125, -0.017335, 0.004730, 0.000000, 0.000000, 0.000000, 1.000000
-19.9591, -56.4777, 6.9940, 455.6780, 524.6827, 65.4773, 250.0325, 100.4288, 9.1311, 4.7296, 0.289224, 0.825961, 0.483878, -0.056478, -0.944564, 0.328302, 0.004187, 0.006994, -0.155399, -0.458264, 0.875126, 0.455678, 0.000000, 0.000000, 0.000000, 1.000000, -0.155311, -0.458296, 0.875125, 0.524683, -0.289224, -0.825961, -0.483878, 0.065477, 0.944578, -0.328259, -0.004269, 0.250032, 0.000000, 0.000000, 0.000000, 1.000000, -0.003046, -0.017464, -0.999843, 0.100429, -0.999271, -0.037998, 0.003708, 0.009131, -0.038057, 0.999125, -0.017335, 0.004730, 0.000000, 0.000000, 0.000000, 1.000000
-19.9524, -56.4833, 7.0317, 455.6872, 524.6920, 65.4830, 249.9947, 100.4291, 9.1313, 4.7295, 0.289107, 0.825987, 0.483903, -0.056483, -0.944600, 0.328198, 0.004141, 0.007032, -0.155396, -0.458292, 0.875112, 0.455687, 0.000000, 0.000000, 0.000000, 1.000000, -0.155307, -0.458324, 0.875111, 0.524692, -0.289107, -0.825987, -0.483904, 0.065483, 0.944615, -0.328155, -0.004223, 0.249995, 0.000000, 0.000000, 0.000000, 1.000000, -0.003047, -0.017464, -0.999843, 0.100429, -0.999271, -0.037999, 0.003709, 0.009131, -0.038058, 0.999125, -0.017336, 0.004730, 0.000000, 0.000000, 0.000000, 1.000000
-19.9452, -56.4892, 7.0680, 455.6959, 524.7007, 65.4889, 249.9582, 100.4294, 9.1315, 4.7294, 0.288984, 0.826014, 0.483931, -0.056489, -0.944637, 0.328091, 0.004086, 0.007068, -0.155398, -0.458320, 0.875097, 0.455696, 0.000000, 0.000000, 0.000000, 1.000000, -0.155310, -0.458351, 0.875096, 0.524701, -0.288984, -0.826014, -0.483931, 0.065489, 0.944652, -0.328048, -0.004168, 0.249958, 0.000000, 0.000000, 0.000000, 1.000000, -0.003047, -0.017465, -0.999843, 0.100429, -0.999271, -0.037999, 0.003709, 0.009132, -0.038058, 0.999125, -0.017337, 0.004729, 0.000000, 0.000000, 0.000000, 1.000000
-19.9452, -56.4892, 7.0680, 455.6959, 524.7007, 65.4889, 249.9582, 100.4294, 9.1315, 4.7294, 0.288984, 0.826014, 0.483931, -0.056489, -0.944637, 0.328091, 0.004086, 0.007068, -0.155398, -0.458320, 0.875097, 0.455696, 0.000000, 0.000000, 0.000000, 1.000000, -0.155310, -0.458351, 0.875096, 0.524701, -0.288984, -0.826014, -0.483931, 0.065489, 0.944652, -0.328048, -0.004168, 0.249958, 0.000000, 0.000000, 0.000000, 1.000000, -0.003047, -0.017465, -0.999843, 0.100429, -0.999271, -0.037999, 0.003709, 0.009132, -0.038058, 0.999125, -0.017337, 0.004729, 0.000000, 0.000000, 0.000000, 1.000000
-19.9336, -56.4985, 7.1197, 455.7078, 524.7126, 65.4981, 249.9063, 100.4299, 9.1319, 4.7293, 0.288788, 0.826058, 0.483974, -0.056499, -0.944695, 0.327927, 0.003986, 0.007120, -0.155415, -0.458358, 0.875074, 0.455708, 0.000000, 0.000000, 0.000000, 1.000000, -0.155326, -0.458390, 0.875073, 0.524713, -0.288788, -0.826057, -0.483974, 0.065498, 0.944709, -0.327884, -0.004069, 0.249906, 0.000000, 0.000000, 0.000000, 1.000000, -0.003048, -0.017467, -0.999843, 0.100430, -0.999271, -0.038000, 0.003710, 0.009132, -0.038059, 0.999125, -0.017338, 0.004729, 0.000000, 0.000000, 0.000000, 1.000000
-19.9296, -56.5017, 7.1362, 455.7115, 524.7162, 65.5013, 249.8898, 100.4301, 9.1320, 4.7292, 0.288720, 0.826073, 0.483988, -0.056502, -0.944714, 0.327872, 0.003949, 0.007136, -0.155424, -0.458371, 0.875065, 0.455711, 0.000000, 0.000000, 0.000000, 1.000000, -0.155335, -0.458402, 0.875065, 0.524716, -0.288720, -0.826072, -0.483989, 0.065501, 0.944729, -0.327829, -0.004032, 0.249890, 0.000000, 0.000000, 0.000000, 1.000000, -0.003048, -0.017467, -0.999843, 0.100430, -0.999271, -0.038000, 0.003710, 0.009132, -0.038059, 0.999125, -0.017339, 0.004729, 0.000000, 0.000000, 0.000000, 1.000000
-19.9212, -56.5082, 7.1678, 455.7182, 524.7230, 65.5079, 249.8580, 100.4304, 9.1323, 4.7291, 0.288580, 0.826104, 0.484019, -0.056508, -0.944753, 0.327761, 0.003869, 0.007168, -0.155447, -0.458394, 0.875049, 0.455718, 0.000000, 0.000000, 0.000000, 1.000000, -0.155357, -0.458426, 0.875048, 0.524723, -0.288580, -0.826103, -0.484019, 0.065508, 0.944767, -0.327718, -0.003952, 0.249858, 0.000000, 0.000000, 0.000000, 1.000000, -0.003048, -0.017468, -0.999843, 0.100430, -0.999271, -0.038001, 0.003711, 0.009132, -0.038060, 0.999125, -0.017340, 0.004729, 0.000000, 0.000000, 0.000000, 1.000000
-19.9170, -56.5116, 7.1830, 455.7214, 524.7262, 65.5112, 249.8428, 100.4306, 9.1324, 4.7291, 0.288509, 0.826119, 0.484034, -0.056512, -0.944772, 0.327705, 0.003826, 0.007183, -0.155460, -0.458406, 0.875041, 0.455721, 0.000000, 0.000000, 0.000000, 1.000000, -0.155371, -0.458438, 0.875040, 0.524726, -0.288509, -0.826119, -0.484035, 0.065511, 0.944787, -0.327662, -0.003909, 0.249843, 0.000000, 0.000000, 0.000000, 1.000000, -0.003049, -0.017469, -0.999843, 0.100431, -0.999271, -0.038001, 0.003711, 0.009132, -0.038060, 0.999125, -0.017340, 0.004729, 0.000000, 0.000000, 0.000000, 1.000000
-19.9082, -56.5183, 7.2121, 455.7272, 524.7320, 65.5179, 249.8136, 100.4310, 9.1327, 4.7290, 0.288364, 0.826152, 0.484066, -0.056518, -0.944811, 0.327593, 0.003734, 0.007212, -0.155491, -0.458428, 0.875024, 0.455727, 0.000000, 0.000000, 0.000000, 1.000000, -0.155402, -0.458459, 0.875023, 0.524732, -0.288364, -0.826151, -0.484066, 0.065518, 0.944826, -0.327550, -0.003818, 0.249814, 0.000000, 0.000000, 0.000000, 1.000000, -0.003049, -0.017470, -0.999843, 0.100431, -0.999271, -0.038002, 0.003711, 0.009133, -0.038060, 0.999125, -0.017341, 0.004729, 0.000000, 0.000000, 0.000000, 1.000000
-19.9037, -56.5217, 7.2260, 455.7299, 524.7347, 65.5213, 249.7996, 100.4312, 9.1328, 4.7289, 0.288290, 0.826168, 0.484082, -0.056522, -0.944831, 0.327537, 0.003686, 0.007226, -0.155509, -0.458438, 0.875015, 0.455730, 0.000000, 0.000000, 0.000000, 1.000000, -0.155420, -0.458470, 0.875014, 0.524735, -0.288290, -0.826168, -0.484082, 0.065521, 0.944846, -0.327494, -0.003770, 0.249800, 0.000000, 0.000000, 0.000000, 1.000000, -0.003049, -0.017470, -0.999843, 0.100431, -0.999271, -0.038002, 0.003712, 0.009133, -0.038061, 0.999125, -0.017342, 0.004729, 0.000000, 0.000000, 0.000000, 1.000000
-19.8946, -56.5286, 7.2527, 455.7348, 524.7396, 65.5282, 249.7728, 100.4316, 9.1331, 4.7288, 0.288140, 0.826202, 0.484114, -0.056529, -0.944870, 0.327425, 0.003586, 0.007253, -0.155549, -0.458458, 0.874998, 0.455735, 0.000000, 0.000000, 0.000000, 1.000000, -0.155459, -0.458490, 0.874997, 0.524740, -0.288140, -0.826201, -0.484115, 0.065528, 0.944885, -0.327381, -0.003669, 0.249773, 0.000000, 0.000000, 0.000000, 1.000000, -0.003050, -0.017472, -0.999843, 0.100432, -0.999271, -0.038002, 0.003712, 0.009133, -0.038061, 0.999125, -0.017343, 0.004729, 0.000000, 0.000000, 0.000000, 1.000000
-19.8900, -56.5321, 7.2654, 455.7371, 524.7419, 65.5317, 249.7601, 100.4318, 9.1332, 4.7287, 0.288064, 0.826218, 0.484130, -0.056532, -0.944890, 0.327369, 0.003533, 0.007265, -0.155570, -0.458468, 0.874989, 0.455737, 0.000000, 0.000000, 0.000000, 1.000000, -0.155480, -0.458499, 0.874988, 0.524742, -0.288064, -0.826218, -0.484131, 0.065532, 0.944905, -0.327325, -0.003617, 0.249760, 0.000000, 0.000000, 0.000000, 1.000000, -0.003050, -0.017472, -0.999843, 0.100432, -0.999271, -0.038003, 0.003713, 0.009133, -0.038062, 0.999125, -0.017344, 0.004729, 0.000000, 0.000000, 0.000000, 1.000000
-19.8806, -56.5391, 7.2897, 455.7411, 524.7459, 65.5387, 249.7357, 100.4321, 9.1335, 4.7286, 0.287911, 0.826253, 0.484163, -0.056539, -0.944929, 0.327257, 0.003425, 0.007290, -0.155616, -0.458486, 0.874971, 0.455741, 0.000000, 0.000000, 0.000000, 1.000000, -0.155526, -0.458518, 0.874970, 0.524746, -0.287911, -0.826252, -0.484164, 0.065539, 0.944944, -0.327214, -0.003508, 0.249736, 0.000000, 0.000000, 0.000000, 1.000000, -0.003051, -0.017473, -0.999843, 0.100432, -0.999271, -0.038003, 0.003713, 0.009134, -0.038062, 0.999125, -0.017345, 0.004729, 0.000000, 0.000000, 0.000000, 1.000000
-19.8711, -56.5461, 7.3125, 455.7447, 524.7495, 65.5457, 249.7129, 100.4325, 9.1338, 4.7285, 0.287756, 0.826287, 0.484196, -0.056546, -0.944968, 0.327147, 0.003312, 0.007312, -0.155667, -0.458503, 0.874953, 0.455745, 0.000000, 0.000000, 0.000000, 1.000000, -0.155577, -0.458535, 0.874952, 0.524749, -0.287756, -0.826287, -0.484197, 0.065546, 0.944983, -0.327103, -0.003395, 0.249713, 0.000000, 0.000000, 0.000000, 1.000000, -0.003051, -0.017474, -0.999843, 0.100433, -0.999271, -0.038004, 0.003714, 0.009134, -0.038063, 0.999125, -0.017346, 0.004728, 0.000000, 0.000000, 0.000000, 1.000000
-19.8663, -56.5496, 7.3233, 455.7463, 524.7511, 65.5492, 249.7020, 100.4327, 9.1339, 4.7284, 0.287679, 0.826304, 0.484213, -0.056550, -0.944987, 0.327091, 0.003254, 0.007323, -0.155693, -0.458511, 0.874944, 0.455746, 0.000000, 0.000000, 0.000000, 1.000000, -0.155603, -0.458543, 0.874943, 0.524751, -0.287678, -0.826304, -0.484214, 0.065549, 0.945002, -0.327047, -0.003338, 0.249702, 0.000000, 0.000000, 0.000000, 1.000000, -0.003052, -0.017475, -0.999843, 0.100433, -0.999271, -0.038004, 0.003714, 0.009134, -0.038063, 0.999125, -0.017346, 0.004728, 0.000000, 0.000000, 0.000000, 1.000000
-19.8566, -56.5567, 7.3440, 455.7491, 524.7540, 65.5563, 249.6813, 100.4332, 9.1342, 4.7283, 0.287523, 0.826339, 0.484246, -0.056557, -0.945025, 0.326982, 0.003136, 0.007344, -0.155749, -0.458527, 0.874926, 0.455749, 0.000000, 0.000000, 0.000000, 1.000000, -0.155658, -0.458559, 0.874925, 0.524754, -0.287523, -0.826339, -0.484247, 0.065556, 0.945040, -0.326938, -0.003219, 0.249681, 0.000000, 0.000000, 0.000000, 1.000000, -0.003052, -0.017476, -0.999843, 0.100433, -0.999271, -0.038005, 0.003715, 0.009134, -0.038064, 0.999125, -0.017348, 0.004728, 0.000000, 0.000000, 0.000000, 1.000000
-19.8470, -56.5637, 7.3634, 455.7516, 524.7564, 65.5633, 249.6618, 100.4336, 9.1345, 4.7282, 0.287367, 0.826374, 0.484280, -0.056564, -0.945063, 0.326874, 0.003015, 0.007363, -0.155807, -0.458541, 0.874908, 0.455752, 0.000000, 0.000000, 0.000000, 1.000000, -0.155716, -0.458573, 0.874907, 0.524756, -0.287367, -0.826373, -0.484280, 0.065563, 0.945078, -0.326830, -0.003099, 0.249662, 0.000000, 0.000000, 0.000000, 1.000000, -0.003053, -0.017477, -0.999843, 0.100434, -0.999271, -0.038005, 0.003715, 0.009135, -0.038064, 0.999125, -0.017349, 0.004728, 0.000000, 0.000000, 0.000000, 1.000000
-19.8470, -56.5637, 7.3634, 455.7516, 524.7564, 65.5633, 249.6618, 100.4336, 9.1345, 4.7282, 0.287367, 0.826374, 0.484280, -0.056564, -0.945063, 0.326874, 0.003015, 0.007363, -0.155807, -0.458541, 0.874908, 0.455752, 0.000000, 0.000000, 0.000000, 1.000000, -0.155716, -0.458573, 0.874907, 0.524756, -0.287367, -0.826373, -0.484280, 0.065563, 0.945078, -0.326830, -0.003099, 0.249662, 0.000000, 0.000000, 0.000000, 1.000000, -0.003053, -0.017477, -0.999843, 0.100434, -0.999271, -0.038005, 0.003715, 0.009135, -0.038064, 0.999125, -0.017349, 0.004728, 0.000000, 0.000000, 0.000000, 1.000000
-19.8276, -56.5776, 7.3989, 455.7555, 524.7603, 65.5773, 249.6262, 100.4344, 9.1351, 4.7279, 0.287056, 0.826443, 0.484346, -0.056578, -0.945137, 0.326661, 0.002768, 0.007399, -0.155930, -0.458568, 0.874872, 0.455755, 0.000000, 0.000000, 0.000000, 1.000000, -0.155839, -0.458600, 0.874872, 0.524760, -0.287056, -0.826443, -0.484346, 0.065577, 0.945152, -0.326617, -0.002852, 0.249626, 0.000000, 0.000000, 0.000000, 1.000000, -0.003054, -0.017480, -0.999843, 0.100434, -0.999271, -0.038007, 0.003717, 0.009135, -0.038066, 0.999125, -0.017351, 0.004728, 0.000000, 0.000000, 0.000000, 1.000000
-19.8228, -56.5812, 7.4134, 455.7582, 524.7630, 65.5809, 249.6116, 100.4346, 9.1353, 4.7278, 0.286977, 0.826461, 0.484363, -0.056581, -0.945158, 0.326602, 0.002715, 0.007413, -0.155950, -0.458579, 0.874863, 0.455758, 0.000000, 0.000000, 0.000000, 1.000000, -0.155859, -0.458611, 0.874862, 0.524763, -0.286977, -0.826460, -0.484363, 0.065581, 0.945173, -0.326558, -0.002800, 0.249612, 0.000000, 0.000000, 0.000000, 1.000000, -0.003054, -0.017480, -0.999843, 0.100435, -0.999271, -0.038007, 0.003717, 0.009135, -0.038066, 0.999125, -0.017352, 0.004728, 0.000000, 0.000000, 0.000000, 1.000000
-19.8132, -56.5884, 7.4412, 455.7634, 524.7682, 65.5881, 249.5836, 100.4350, 9.1356, 4.7277, 0.286819, 0.826495, 0.484397, -0.056588, -0.945199, 0.326484, 0.002609, 0.007441, -0.155992, -0.458599, 0.874845, 0.455763, 0.000000, 0.000000, 0.000000, 1.000000, -0.155900, -0.458632, 0.874844, 0.524768, -0.286819, -0.826495, -0.484397, 0.065588, 0.945214, -0.326440, -0.002694, 0.249584, 0.000000, 0.000000, 0.000000, 1.000000, -0.003055, -0.017482, -0.999843, 0.100435, -0.999271, -0.038008, 0.003718, 0.009136, -0.038067, 0.999125, -0.017353, 0.004728, 0.000000, 0.000000, 0.000000, 1.000000
-19.8037, -56.5955, 7.4672, 455.7680, 524.7728, 65.5951, 249.5574, 100.4354, 9.1359, 4.7276, 0.286664, 0.826530, 0.484430, -0.056596, -0.945239, 0.326370, 0.002501, 0.007467, -0.156036, -0.458619, 0.874826, 0.455768, 0.000000, 0.000000, 0.000000, 1.000000, -0.155945, -0.458651, 0.874826, 0.524773, -0.286663, -0.826529, -0.484431, 0.065595, 0.945254, -0.326325, -0.002586, 0.249557, 0.000000, 0.000000, 0.000000, 1.000000, -0.003055, -0.017483, -0.999842, 0.100435, -0.999271, -0.038008, 0.003718, 0.009136, -0.038067, 0.999124, -0.017354, 0.004728, 0.000000, 0.000000, 0.000000, 1.000000
-19.7989, -56.5990, 7.4795, 455.7701, 524.7749, 65.5987, 249.5450, 100.4356, 9.1360, 4.7275, 0.286586, 0.826547, 0.484447, -0.056599, -0.945259, 0.326313, 0.002446, 0.007480, -0.156059, -0.458628, 0.874817, 0.455770, 0.000000, 0.000000, 0.000000, 1.000000, -0.155968, -0.458661, 0.874817, 0.524775, -0.286586, -0.826547, -0.484447, 0.065599, 0.945274, -0.326269, -0.002531, 0.249545, 0.000000, 0.000000, 0.000000, 1.000000, -0.003056, -0.017483, -0.999842, 0.100436, -0.999270, -0.038009, 0.003719, 0.009136, -0.038068, 0.999124, -0.017354, 0.004728, 0.000000, 0.000000, 0.000000, 1.000000
-19.7895, -56.6060, 7.5029, 455.7739, 524.7788, 65.6056, 249.5214, 100.4360, 9.1363, 4.7274, 0.286433, 0.826581, 0.484479, -0.056606, -0.945297, 0.326203, 0.002336, 0.007503, -0.156108, -0.458646, 0.874800, 0.455774, 0.000000, 0.000000, 0.000000, 1.000000, -0.156016, -0.458678, 0.874799, 0.524779, -0.286433, -0.826580, -0.484480, 0.065606, 0.945312, -0.326158, -0.002421, 0.249521, 0.000000, 0.000000, 0.000000, 1.000000, -0.003056, -0.017484, -0.999842, 0.100436, -0.999270, -0.038009, 0.003719, 0.009136, -0.038068, 0.999124, -0.017356, 0.004727, 0.000000, 0.000000, 0.000000, 1.000000
-19.7849, -56.6096, 7.5202, 455.7776, 524.7825, 65.6092, 249.5039, 100.4362, 9.1364, 4.7274, 0.286356, 0.826598, 0.484496, -0.056610, -0.945318, 0.326141, 0.002290, 0.007520, -0.156121, -0.458659, 0.874790, 0.455778, 0.000000, 0.000000, 0.000000, 1.000000, -0.156029, -0.458691, 0.874790, 0.524782, -0.286355, -0.826598, -0.484497, 0.065609, 0.945334, -0.326096, -0.002376, 0.249504, 0.000000, 0.000000, 0.000000, 1.000000, -0.003057, -0.017485, -0.999842, 0.100436, -0.999270, -0.038009, 0.003720, 0.009136, -0.038068, 0.999124, -0.017356, 0.004727, 0.000000, 0.000000, 0.000000, 1.000000
-19.7756, -56.6167, 7.5530, 455.7845, 524.7894, 65.6163, 249.4708, 100.4366, 9.1367, 4.7272, 0.286202, 0.826632, 0.484529, -0.056617, -0.945360, 0.326021, 0.002197, 0.007553, -0.156151, -0.458683, 0.874772, 0.455784, 0.000000, 0.000000, 0.000000, 1.000000, -0.156057, -0.458716, 0.874772, 0.524789, -0.286202, -0.826631, -0.484530, 0.065616, 0.945375, -0.325976, -0.002283, 0.249471, 0.000000, 0.000000, 0.000000, 1.000000, -0.003057, -0.017486, -0.999842, 0.100437, -0.999270, -0.038010, 0.003720, 0.009137, -0.038069, 0.999124, -0.017357, 0.004727, 0.000000, 0.000000, 0.000000, 1.000000
-19.7711, -56.6202, 7.5684, 455.7876, 524.7925, 65.6198, 249.4552, 100.4367, 9.1369, 4.7272, 0.286126, 0.826648, 0.484545, -0.056620, -0.945380, 0.325962, 0.002150, 0.007568, -0.156167, -0.458695, 0.874763, 0.455788, 0.000000, 0.000000, 0.000000, 1.000000, -0.156073, -0.458728, 0.874763, 0.524793, -0.286126, -0.826648, -0.484546, 0.065620, 0.945396, -0.325917, -0.002236, 0.249455, 0.000000, 0.000000, 0.000000, 1.000000, -0.003057, -0.017487, -0.999842, 0.100437, -0.999270, -0.038010, 0.003720, 0.009137, -0.038069, 0.999124, -0.017358, 0.004727, 0.000000, 0.000000, 0.000000, 1.000000
-19.7620, -56.6271, 7.5974, 455.7933, 524.7983, 65.6267, 249.4259, 100.4371, 9.1371, 4.7271, 0.285976, 0.826681, 0.484578, -0.056627, -0.945420, 0.325848, 0.002053, 0.007597, -0.156201, -0.458717, 0.874746, 0.455793, 0.000000, 0.000000, 0.000000, 1.000000, -0.156107, -0.458750, 0.874745, 0.524798, -0.285976, -0.826681, -0.484578, 0.065627, 0.945436, -0.325802, -0.002141, 0.249426, 0.000000, 0.000000, 0.000000, 1.000000, -0.003058, -0.017488, -0.999842, 0.100437, -0.999270, -0.038011, 0.003721, 0.009137, -0.038070, 0.999124, -0.017359, 0.004727, 0.000000, 0.000000, 0.000000, 1.000000
-19.7575, -56.6305, 7.6109, 455.7959, 524.8009, 65.6301, 249.4122, 100.4373, 9.1373, 4.7270, 0.285902, 0.826698, 0.484593, -0.056630, -0.945439, 0.325792, 0.002004, 0.007611, -0.156220, -0.458727, 0.874737, 0.455796, 0.000000, 0.000000, 0.000000, 1.000000, -0.156125, -0.458760, 0.874737, 0.524801, -0.285902, -0.826697, -0.484594, 0.065630, 0.945455, -0.325747, -0.002092, 0.249412, 0.000000, 0.000000, 0.000000, 1.000000, -0.003058, -0.017488, -0.999842, 0.100437, -0.999270, -0.038011, 0.003721, 0.009137, -0.038070, 0.999124, -0.017359, 0.004727, 0.000000, 0.000000, 0.000000, 1.000000
-19.7486, -56.6371, 7.6361, 455.8005, 524.8055, 65.6367, 249.3867, 100.4377, 9.1375, 4.7269, 0.285757, 0.826730, 0.484625, -0.056637, -0.945477, 0.325684, 0.001905, 0.007636, -0.156260, -0.458746, 0.874720, 0.455801, 0.000000, 0.000000, 0.000000, 1.000000, -0.156165, -0.458779, 0.874720, 0.524806, -0.285757, -0.826729, -0.484625, 0.065637, 0.945492, -0.325638, -0.001993, 0.249387, 0.000000, 0.000000, 0.000000, 1.000000, -0.003059, -0.017490, -0.999842, 0.100438, -0.999270, -0.038012, 0.003722, 0.009138, -0.038071, 0.999124, -0.017360, 0.004727, 0.000000, 0.000000, 0.000000, 1.000000
-19.7399, -56.6436, 7.6589, 455.8044, 524.8095, 65.6433, 249.3636, 100.4381, 9.1378, 4.7268, 0.285614, 0.826761, 0.484655, -0.056644, -0.945513, 0.325581, 0.001804, 0.007659, -0.156303, -0.458763, 0.874704, 0.455804, 0.000000, 0.000000, 0.000000, 1.000000, -0.156207, -0.458796, 0.874703, 0.524809, -0.285614, -0.826761, -0.484656, 0.065643, 0.945528, -0.325534, -0.001893, 0.249364, 0.000000, 0.000000, 0.000000, 1.000000, -0.003059, -0.017491, -0.999842, 0.100438, -0.999270, -0.038012, 0.003722, 0.009138, -0.038071, 0.999124, -0.017362, 0.004727, 0.000000, 0.000000, 0.000000, 1.000000
-19.7356, -56.6468, 7.6695, 455.8061, 524.8112, 65.6465, 249.3529, 100.4382, 9.1379, 4.7267, 0.285544, 0.826777, 0.484670, -0.056647, -0.945530, 0.325530, 0.001753, 0.007670, -0.156325, -0.458770, 0.874695, 0.455806, 0.000000, 0.000000, 0.000000, 1.000000, -0.156229, -0.458804, 0.874695, 0.524811, -0.285544, -0.826776, -0.484670, 0.065646, 0.945546, -0.325483, -0.001842, 0.249353, 0.000000, 0.000000, 0.000000, 1.000000, -0.003060, -0.017491, -0.999842, 0.100438, -0.999270, -0.038013, 0.003723, 0.009138, -0.038072, 0.999124, -0.017362, 0.004727, 0.000000, 0.000000, 0.000000, 1.000000
-19.7270, -56.6531, 7.6891, 455.8091, 524.8142, 65.6528, 249.3330, 100.4386, 9.1382, 4.7266, 0.285405, 0.826807, 0.484699, -0.056653, -0.945564, 0.325432, 0.001650, 0.007689, -0.156372, -0.458785, 0.874679, 0.455809, 0.000000, 0.000000, 0.000000, 1.000000, -0.156276, -0.458819, 0.874679, 0.524814, -0.285405, -0.826807, -0.484700, 0.065653, 0.945580, -0.325385, -0.001739, 0.249333, 0.000000, 0.000000, 0.000000, 1.000000, -0.003060, -0.017492, -0.999842, 0.100439, -0.999270, -0.038013, 0.003723, 0.009138, -0.038072, 0.999124, -0.017363, 0.004727, 0.000000, 0.000000, 0.000000, 1.000000
-19.7228, -56.6562, 7.6982, 455.8104, 524.8155, 65.6558, 249.3238, 100.4388, 9.1383, 4.7265, 0.285337, 0.826822, 0.484714, -0.056656, -0.945581, 0.325384, 0.001598, 0.007698, -0.156397, -0.458792, 0.874671, 0.455810, 0.000000, 0.000000, 0.000000, 1.000000, -0.156300, -0.458826, 0.874671, 0.524815, -0.285337, -0.826822, -0.484714, 0.065656, 0.945597, -0.325337, -0.001688, 0.249324, 0.000000, 0.000000, 0.000000, 1.000000, -0.003060, -0.017493, -0.999842, 0.100439, -0.999270, -0.038013, 0.003724, 0.009138, -0.038073, 0.999124, -0.017364, 0.004727, 0.000000, 0.000000, 0.000000, 1.000000
-19.7144, -56.6623, 7.7150, 455.8125, 524.8176, 65.6619, 249.3067, 100.4391, 9.1386, 4.7264, 0.285203, 0.826852, 0.484742, -0.056662, -0.945613, 0.325291, 0.001493, 0.007715, -0.156447, -0.458804, 0.874656, 0.455813, 0.000000, 0.000000, 0.000000, 1.000000, -0.156350, -0.458838, 0.874655, 0.524818, -0.285202, -0.826852, -0.484743, 0.065662, 0.945629, -0.325243, -0.001584, 0.249307, 0.000000, 0.000000, 0.000000, 1.000000, -0.003061, -0.017494, -0.999842, 0.100439, -0.999270, -0.038014, 0.003724, 0.009139, -0.038073, 0.999124, -0.017365, 0.004726, 0.000000, 0.000000, 0.000000, 1.000000
-19.7103, -56.6653, 7.7227, 455.8134, 524.8185, 65.6649, 249.2988, 100.4393, 9.1387, 4.7264, 0.285136, 0.826867, 0.484756, -0.056665, -0.945629, 0.325245, 0.001441, 0.007723, -0.156473, -0.458810, 0.874648, 0.455813, 0.000000, 0.000000, 0.000000, 1.000000, -0.156376, -0.458844, 0.874648, 0.524819, -0.285136, -0.826867, -0.484757, 0.065665, 0.945645, -0.325198, -0.001531, 0.249299, 0.000000, 0.000000, 0.000000, 1.000000, -0.003061, -0.017494, -0.999842, 0.100439, -0.999270, -0.038014, 0.003725, 0.009139, -0.038073, 0.999124, -0.017365, 0.004726, 0.000000, 0.000000, 0.000000, 1.000000
-19.6940, -56.6770, 7.7502, 455.8160, 524.8212, 65.6766, 249.2709, 100.4400, 9.1392, 4.7262, 0.284876, 0.826924, 0.484811, -0.056677, -0.945689, 0.325070, 0.001229, 0.007750, -0.156581, -0.458831, 0.874618, 0.455816, 0.000000, 0.000000, 0.000000, 1.000000, -0.156483, -0.458865, 0.874618, 0.524821, -0.284876, -0.826924, -0.484812, 0.065677, 0.945705, -0.325023, -0.001320, 0.249271, 0.000000, 0.000000, 0.000000, 1.000000, -0.003062, -0.017496, -0.999842, 0.100440, -0.999270, -0.038015, 0.003726, 0.009139, -0.038074, 0.999124, -0.017367, 0.004726, 0.000000, 0.000000, 0.000000, 1.000000
-19.6940, -56.6770, 7.7502, 455.8160, 524.8212, 65.6766, 249.2709, 100.4400, 9.1392, 4.7262, 0.284876, 0.826924, 0.484811, -0.056677, -0.945689, 0.325070, 0.001229, 0.007750, -0.156581, -0.458831, 0.874618, 0.455816, 0.000000, 0.000000, 0.000000, 1.000000, -0.156483, -0.458865, 0.874618, 0.524821, -0.284876, -0.826924, -0.484812, 0.065677, 0.945705, -0.325023, -0.001320, 0.249271, 0.000000, 0.000000, 0.000000, 1.000000, -0.003062, -0.017496, -0.999842, 0.100440, -0.999270, -0.038015, 0.003726, 0.009139, -0.038074, 0.999124, -0.017367, 0.004726, 0.000000, 0.000000, 0.000000, 1.000000
-19.6821, -56.6855, 7.7677, 455.8170, 524.8222, 65.6851, 249.2530, 100.4405, 9.1395, 4.7260, 0.284687, 0.826966, 0.484851, -0.056685, -0.945732, 0.324946, 0.001070, 0.007768, -0.156665, -0.458844, 0.874596, 0.455817, 0.000000, 0.000000, 0.000000, 1.000000, -0.156566, -0.458878, 0.874596, 0.524822, -0.284687, -0.826966, -0.484851, 0.065685, 0.945748, -0.324898, -0.001162, 0.249253, 0.000000, 0.000000, 0.000000, 1.000000, -0.003063, -0.017498, -0.999842, 0.100440, -0.999270, -0.038016, 0.003727, 0.009140, -0.038075, 0.999124, -0.017368, 0.004726, 0.000000, 0.000000, 0.000000, 1.000000
-19.6781, -56.6882, 7.7731, 455.8173, 524.8225, 65.6879, 249.2475, 100.4407, 9.1396, 4.7260, 0.284625, 0.826980, 0.484864, -0.056688, -0.945746, 0.324905, 0.001017, 0.007773, -0.156694, -0.458848, 0.874589, 0.455817, 0.000000, 0.000000, 0.000000, 1.000000, -0.156595, -0.458882, 0.874589, 0.524822, -0.284625, -0.826979, -0.484864, 0.065688, 0.945762, -0.324857, -0.001109, 0.249248, 0.000000, 0.000000, 0.000000, 1.000000, -0.003063, -0.017498, -0.999842, 0.100441, -0.999270, -0.038016, 0.003727, 0.009140, -0.038075, 0.999124, -0.017369, 0.004726, 0.000000, 0.000000, 0.000000, 1.000000
-19.6703, -56.6937, 7.7835, 455.8176, 524.8228, 65.6934, 249.2370, 100.4410, 9.1399, 4.7259, 0.284502, 0.827007, 0.484890, -0.056694, -0.945774, 0.324825, 0.000911, 0.007783, -0.156751, -0.458855, 0.874575, 0.455818, 0.000000, 0.000000, 0.000000, 1.000000, -0.156651, -0.458890, 0.874574, 0.524823, -0.284502, -0.827007, -0.484890, 0.065693, 0.945790, -0.324777, -0.001003, 0.249237, 0.000000, 0.000000, 0.000000, 1.000000, -0.003064, -0.017499, -0.999842, 0.100441, -0.999270, -0.038017, 0.003727, 0.009140, -0.038076, 0.999124, -0.017370, 0.004726, 0.000000, 0.000000, 0.000000, 1.000000
-19.6664, -56.6965, 7.7884, 455.8177, 524.8229, 65.6961, 249.2320, 100.4411, 9.1400, 4.7258, 0.284441, 0.827020, 0.484903, -0.056696, -0.945787, 0.324786, 0.000858, 0.007788, -0.156780, -0.458859, 0.874568, 0.455818, 0.000000, 0.000000, 0.000000, 1.000000, -0.156680, -0.458894, 0.874567, 0.524823, -0.284441, -0.827020, -0.484903, 0.065696, 0.945804, -0.324737, -0.000951, 0.249232, 0.000000, 0.000000, 0.000000, 1.000000, -0.003064, -0.017500, -0.999842, 0.100441, -0.999270, -0.038017, 0.003728, 0.009140, -0.038076, 0.999124, -0.017370, 0.004726, 0.000000, 0.000000, 0.000000, 1.000000
-19.6587, -56.7019, 7.7980, 455.8179, 524.8231, 65.7015, 249.2222, 100.4415, 9.1402, 4.7257, 0.284320, 0.827047, 0.484928, -0.056702, -0.945814, 0.324708, 0.000753, 0.007798, -0.156837, -0.458866, 0.874554, 0.455818, 0.000000, 0.000000, 0.000000, 1.000000, -0.156737, -0.458901, 0.874553, 0.524823, -0.284319, -0.827047, -0.484929, 0.065702, 0.945831, -0.324659, -0.000845, 0.249222, 0.000000, 0.000000, 0.000000, 1.000000, -0.003065, -0.017500, -0.999842, 0.100441, -0.999270, -0.038017, 0.003728, 0.009140, -0.038077, 0.999124, -0.017371, 0.004726, 0.000000, 0.000000, 0.000000, 1.000000
