# Joint_5_Angle(deg), Cam_X(mm), Cam_Y(mm), Cam_Z(mm), Torso_X(mm), Torso_Y(mm), Torso_Z(mm), EE_X(mm), EE_Y(mm), EE_Z(mm), T_cam2marker_flat(16), T_torso2marker_flat(16), T_ee2marker_flat(16)
-29.9984, 48.3786, 41.2513, 136.5730, 158.5632, -48.3789, 158.7900, 159.6210, 46.5918, 24.3825, 0.568143, 0.786456, -0.242282, 0.048379, -0.822888, 0.539974, -0.176872, 0.041251, -0.008276, 0.299860, 0.953947, 0.136573, 0.000000, 0.000000, 0.000000, 1.000000, -0.008083, 0.299731, 0.953989, 0.158563, -0.568143, -0.786456, 0.242281, -0.048379, 0.822890, -0.540044, 0.176647, 0.158790, 0.000000, 0.000000, 0.000000, 1.000000, -0.064459, -0.042186, -0.997028, 0.159621, -0.997918, 0.004920, 0.064309, 0.046592, 0.002193, 0.999098, -0.042415, 0.024383, 0.000000, 0.000000, 0.000000, 1.000000
-29.9987, 48.3789, 41.2526, 136.5731, 158.5633, -48.3791, 158.7886, 159.6209, 46.5920, 24.3825, 0.568143, 0.786454, -0.242286, 0.048379, -0.822888, 0.539975, -0.176870, 0.041253, -0.008271, 0.299862, 0.953947, 0.136573, 0.000000, 0.000000, 0.000000, 1.000000, -0.008079, 0.299733, 0.953989, 0.158563, -0.568143, -0.786455, 0.242285, -0.048379, 0.822890, -0.540045, 0.176645, 0.158789, 0.000000, 0.000000, 0.000000, 1.000000, -0.064459, -0.042186, -0.997028, 0.159621, -0.997918, 0.004921, 0.064309, 0.046592, 0.002193, 0.999098, -0.042415, 0.024382, 0.000000, 0.000000, 0.000000, 1.000000
-29.9987, 48.3789, 41.2526, 136.5731, 158.5633, -48.3791, 158.7886, 159.6209, 46.5920, 24.3825, 0.568143, 0.786454, -0.242286, 0.048379, -0.822888, 0.539975, -0.176870, 0.041253, -0.008271, 0.299862, 0.953947, 0.136573, 0.000000, 0.000000, 0.000000, 1.000000, -0.008079, 0.299733, 0.953989, 0.158563, -0.568143, -0.786455, 0.242285, -0.048379, 0.822890, -0.540045, 0.176645, 0.158789, 0.000000, 0.000000, 0.000000, 1.000000, -0.064459, -0.042186, -0.997028, 0.159621, -0.997918, 0.004921, 0.064309, 0.046592, 0.002193, 0.999098, -0.042415, 0.024382, 0.000000, 0.000000, 0.000000, 1.000000
-29.9990, 48.3794, 41.2544, 136.5732, 158.5634, -48.3796, 158.7869, 159.6207, 46.5922, 24.3823, 0.568144, 0.786452, -0.242292, 0.048379, -0.822888, 0.539976, -0.176867, 0.041254, -0.008266, 0.299865, 0.953946, 0.136573, 0.000000, 0.000000, 0.000000, 1.000000, -0.008073, 0.299736, 0.953988, 0.158563, -0.568144, -0.786453, 0.242290, -0.048380, 0.822890, -0.540046, 0.176643, 0.158787, 0.000000, 0.000000, 0.000000, 1.000000, -0.064459, -0.042186, -0.997028, 0.159621, -0.997918, 0.004921, 0.064308, 0.046592, 0.002194, 0.999098, -0.042415, 0.024382, 0.000000, 0.000000, 0.000000, 1.000000
-29.9991, 48.3795, 41.2549, 136.5732, 158.5634, -48.3798, 158.7864, 159.6207, 46.5922, 24.3822, 0.568144, 0.786452, -0.242294, 0.048380, -0.822888, 0.539976, -0.176867, 0.041255, -0.008265, 0.299866, 0.953945, 0.136573, 0.000000, 0.000000, 0.000000, 1.000000, -0.008072, 0.299738, 0.953988, 0.158563, -0.568144, -0.786452, 0.242292, -0.048380, 0.822890, -0.540047, 0.176642, 0.158786, 0.000000, 0.000000, 0.000000, 1.000000, -0.064459, -0.042186, -0.997028, 0.159621, -0.997918, 0.004921, 0.064308, 0.046592, 0.002194, 0.999098, -0.042415, 0.024382, 0.000000, 0.000000, 0.000000, 1.000000
-29.9993, 48.3797, 41.2554, 136.5732, 158.5633, -48.3800, 158.7859, 159.6207, 46.5923, 24.3822, 0.568144, 0.786451, -0.242296, 0.048380, -0.822888, 0.539976, -0.176867, 0.041255, -0.008263, 0.299868, 0.953945, 0.136573, 0.000000, 0.000000, 0.000000, 1.000000, -0.008070, 0.299739, 0.953987, 0.158563, -0.568144, -0.786452, 0.242294, -0.048380, 0.822890, -0.540047, 0.176642, 0.158786, 0.000000, 0.000000, 0.000000, 1.000000, -0.064459, -0.042186, -0.997028, 0.159621, -0.997918, 0.004921, 0.064308, 0.046592, 0.002194, 0.999098, -0.042415, 0.024382, 0.000000, 0.000000, 0.000000, 1.000000
-29.9996, 48.3802, 41.2565, 136.5731, 158.5632, -48.3804, 158.7847, 159.6206, 46.5924, 24.3820, 0.568145, 0.786449, -0.242300, 0.048380, -0.822887, 0.539977, -0.176866, 0.041256, -0.008260, 0.299871, 0.953944, 0.136573, 0.000000, 0.000000, 0.000000, 1.000000, -0.008067, 0.299742, 0.953986, 0.158563, -0.568145, -0.786450, 0.242298, -0.048380, 0.822889, -0.540048, 0.176641, 0.158785, 0.000000, 0.000000, 0.000000, 1.000000, -0.064459, -0.042186, -0.997028, 0.159621, -0.997918, 0.004922, 0.064308, 0.046592, 0.002194, 0.999098, -0.042415, 0.024382, 0.000000, 0.000000, 0.000000, 1.000000
-29.9996, 48.3802, 41.2565, 136.5731, 158.5632, -48.3804, 158.7847, 159.6206, 46.5924, 24.3820, 0.568145, 0.786449, -0.242300, 0.048380, -0.822887, 0.539977, -0.176866, 0.041256, -0.008260, 0.299871, 0.953944, 0.136573, 0.000000, 0.000000, 0.000000, 1.000000, -0.008067, 0.299742, 0.953986, 0.158563, -0.568145, -0.786450, 0.242298, -0.048380, 0.822889, -0.540048, 0.176641, 0.158785, 0.000000, 0.000000, 0.000000, 1.000000, -0.064459, -0.042186, -0.997028, 0.159621, -0.997918, 0.004922, 0.064308, 0.046592, 0.002194, 0.999098, -0.042415, 0.024382, 0.000000, 0.000000, 0.000000, 1.000000
-29.9997, 48.3803, 41.2569, 136.5731, 158.5633, -48.3806, 158.7843, 159.6206, 46.5925, 24.3820, 0.568145, 0.786448, -0.242302, 0.048380, -0.822887, 0.539977, -0.176866, 0.041257, -0.008258, 0.299872, 0.953944, 0.136573, 0.000000, 0.000000, 0.000000, 1.000000, -0.008065, 0.299743, 0.953986, 0.158563, -0.568145, -0.786449, 0.242300, -0.048381, 0.822889, -0.540048, 0.176641, 0.158784, 0.000000, 0.000000, 0.000000, 1.000000, -0.064459, -0.042186, -0.997028, 0.159621, -0.997918, 0.004922, 0.064308, 0.046592, 0.002194, 0.999098, -0.042415, 0.024382, 0.000000, 0.000000, 0.000000, 1.000000
-29.9997, 48.3803, 41.2571, 136.5731, 158.5633, -48.3806, 158.7842, 159.6206, 46.5925, 24.3820, 0.568145, 0.786448, -0.242302, 0.048380, -0.822887, 0.539978, -0.176865, 0.041257, -0.008258, 0.299872, 0.953944, 0.136573, 0.000000, 0.000000, 0.000000, 1.000000, -0.008064, 0.299743, 0.953986, 0.158563, -0.568145, -0.786449, 0.242300, -0.048381, 0.822889, -0.540049, 0.176640, 0.158784, 0.000000, 0.000000, 0.000000, 1.000000, -0.064459, -0.042186, -0.997028, 0.159621, -0.997918, 0.004922, 0.064308, 0.046592, 0.002194, 0.999098, -0.042415, 0.024382, 0.000000, 0.000000, 0.000000, 1.000000
-29.9993, 48.3797, 41.2568, 136.5738, 158.5640, -48.3800, 158.7845, 159.6204, 46.5926, 24.3825, 0.568146, 0.786449, -0.242298, 0.048380, -0.822886, 0.539980, -0.176861, 0.041257, -0.008256, 0.299866, 0.953946, 0.136574, 0.000000, 0.000000, 0.000000, 1.000000, -0.008063, 0.299737, 0.953988, 0.158564, -0.568146, -0.786450, 0.242296, -0.048380, 0.822888, -0.540051, 0.176635, 0.158784, 0.000000, 0.000000, 0.000000, 1.000000, -0.064459, -0.042186, -0.997028, 0.159620, -0.997918, 0.004921, 0.064308, 0.046593, 0.002194, 0.999098, -0.042415, 0.024382, 0.000000, 0.000000, 0.000000, 1.000000
-29.9987, 48.3787, 41.2559, 136.5747, 158.5649, -48.3789, 158.7853, 159.6201, 46.5926, 24.3831, 0.568146, 0.786451, -0.242290, 0.048379, -0.822886, 0.539982, -0.176855, 0.041256, -0.008255, 0.299856, 0.953949, 0.136575, 0.000000, 0.000000, 0.000000, 1.000000, -0.008062, 0.299727, 0.953991, 0.158565, -0.568146, -0.786452, 0.242288, -0.048379, 0.822888, -0.540053, 0.176630, 0.158785, 0.000000, 0.000000, 0.000000, 1.000000, -0.064459, -0.042186, -0.997028, 0.159620, -0.997918, 0.004921, 0.064309, 0.046593, 0.002193, 0.999098, -0.042415, 0.024383, 0.000000, 0.000000, 0.000000, 1.000000
-29.9983, 48.3779, 41.2553, 136.5754, 158.5656, -48.3782, 158.7860, 159.6200, 46.5926, 24.3835, 0.568147, 0.786453, -0.242284, 0.048378, -0.822886, 0.539984, -0.176850, 0.041255, -0.008255, 0.299849, 0.953951, 0.136575, 0.000000, 0.000000, 0.000000, 1.000000, -0.008062, 0.299720, 0.953993, 0.158566, -0.568147, -0.786453, 0.242282, -0.048378, 0.822888, -0.540055, 0.176625, 0.158786, 0.000000, 0.000000, 0.000000, 1.000000, -0.064460, -0.042186, -0.997028, 0.159620, -0.997918, 0.004920, 0.064309, 0.046593, 0.002193, 0.999098, -0.042415, 0.024384, 0.000000, 0.000000, 0.000000, 1.000000
-29.9971, 48.3758, 41.2535, 136.5772, 158.5673, -48.3761, 158.7877, 159.6195, 46.5927, 24.3847, 0.568147, 0.786457, -0.242268, 0.048376, -0.822886, 0.539988, -0.176840, 0.041254, -0.008255, 0.299830, 0.953957, 0.136577, 0.000000, 0.000000, 0.000000, 1.000000, -0.008062, 0.299701, 0.953999, 0.158567, -0.568147, -0.786458, 0.242267, -0.048376, 0.822888, -0.540058, 0.176615, 0.158788, 0.000000, 0.000000, 0.000000, 1.000000, -0.064460, -0.042186, -0.997028, 0.159620, -0.997918, 0.004919, 0.064310, 0.046593, 0.002191, 0.999098, -0.042415, 0.024385, 0.000000, 0.000000, 0.000000, 1.000000
-29.9945, 48.3711, 41.2495, 136.5812, 158.5714, -48.3713, 158.7918, 159.6185, 46.5928, 24.3873, 0.568147, 0.786468, -0.242233, 0.048371, -0.822886, 0.539996, -0.176815, 0.041250, -0.008254, 0.299787, 0.953971, 0.136581, 0.000000, 0.000000, 0.000000, 1.000000, -0.008062, 0.299658, 0.954013, 0.158571, -0.568147, -0.786469, 0.242231, -0.048371, 0.822887, -0.540067, 0.176590, 0.158792, 0.000000, 0.000000, 0.000000, 1.000000, -0.064462, -0.042186, -0.997028, 0.159619, -0.997918, 0.004916, 0.064312, 0.046593, 0.002188, 0.999098, -0.042415, 0.024387, 0.000000, 0.000000, 0.000000, 1.000000
-29.9933, 48.3689, 41.2477, 136.5830, 158.5732, -48.3692, 158.7935, 159.6181, 46.5928, 24.3885, 0.568147, 0.786473, -0.242217, 0.048369, -0.822885, 0.540000, -0.176804, 0.041248, -0.008254, 0.299768, 0.953977, 0.136583, 0.000000, 0.000000, 0.000000, 1.000000, -0.008061, 0.299639, 0.954019, 0.158573, -0.568147, -0.786473, 0.242215, -0.048369, 0.822887, -0.540070, 0.176579, 0.158794, 0.000000, 0.000000, 0.000000, 1.000000, -0.064463, -0.042186, -0.997028, 0.159618, -0.997918, 0.004915, 0.064312, 0.046593, 0.002187, 0.999098, -0.042415, 0.024388, 0.000000, 0.000000, 0.000000, 1.000000
-29.9905, 48.3638, 41.2435, 136.5873, 158.5775, -48.3641, 158.7978, 159.6170, 46.5930, 24.3912, 0.568147, 0.786484, -0.242179, 0.048364, -0.822885, 0.540009, -0.176777, 0.041244, -0.008254, 0.299721, 0.953991, 0.136587, 0.000000, 0.000000, 0.000000, 1.000000, -0.008061, 0.299593, 0.954033, 0.158578, -0.568147, -0.786485, 0.242177, -0.048364, 0.822887, -0.540079, 0.176553, 0.158798, 0.000000, 0.000000, 0.000000, 1.000000, -0.064465, -0.042186, -0.997028, 0.159617, -0.997918, 0.004911, 0.064314, 0.046593, 0.002184, 0.999098, -0.042415, 0.024391, 0.000000, 0.000000, 0.000000, 1.000000
-29.9905, 48.3638, 41.2435, 136.5873, 158.5775, -48.3641, 158.7978, 159.6170, 46.5930, 24.3912, 0.568147, 0.786484, -0.242179, 0.048364, -0.822885, 0.540009, -0.176777, 0.041244, -0.008254, 0.299721, 0.953991, 0.136587, 0.000000, 0.000000, 0.000000, 1.000000, -0.008061, 0.299593, 0.954033, 0.158578, -0.568147, -0.786485, 0.242177, -0.048364, 0.822887, -0.540079, 0.176553, 0.158798, 0.000000, 0.000000, 0.000000, 1.000000, -0.064465, -0.042186, -0.997028, 0.159617, -0.997918, 0.004911, 0.064314, 0.046593, 0.002184, 0.999098, -0.042415, 0.024391, 0.000000, 0.000000, 0.000000, 1.000000
-29.9849, 48.3536, 41.2352, 136.5960, 158.5862, -48.3538, 158.8061, 159.6148, 46.5933, 24.3968, 0.568147, 0.786508, -0.242104, 0.048354, -0.822885, 0.540026, -0.176725, 0.041235, -0.008253, 0.299629, 0.954020, 0.136596, 0.000000, 0.000000, 0.000000, 1.000000, -0.008060, 0.299501, 0.954062, 0.158586, -0.568147, -0.786508, 0.242102, -0.048354, 0.822887, -0.540096, 0.176500, 0.158806, 0.000000, 0.000000, 0.000000, 1.000000, -0.064468, -0.042186, -0.997028, 0.159615, -0.997917, 0.004905, 0.064318, 0.046593, 0.002177, 0.999098, -0.042414, 0.024397, 0.000000, 0.000000, 0.000000, 1.000000
-29.9801, 48.3449, 41.2283, 136.6034, 158.5936, -48.3452, 158.8131, 159.6130, 46.5935, 24.4015, 0.568147, 0.786527, -0.242040, 0.048345, -0.822886, 0.540040, -0.176680, 0.041228, -0.008252, 0.299551, 0.954044, 0.136603, 0.000000, 0.000000, 0.000000, 1.000000, -0.008060, 0.299423, 0.954086, 0.158594, -0.568147, -0.786528, 0.242038, -0.048345, 0.822888, -0.540111, 0.176456, 0.158813, 0.000000, 0.000000, 0.000000, 1.000000, -0.064471, -0.042186, -0.997027, 0.159613, -0.997917, 0.004900, 0.064321, 0.046594, 0.002172, 0.999098, -0.042414, 0.024401, 0.000000, 0.000000, 0.000000, 1.000000
-29.9801, 48.3449, 41.2283, 136.6034, 158.5936, -48.3452, 158.8131, 159.6130, 46.5935, 24.4015, 0.568147, 0.786527, -0.242040, 0.048345, -0.822886, 0.540040, -0.176680, 0.041228, -0.008252, 0.299551, 0.954044, 0.136603, 0.000000, 0.000000, 0.000000, 1.000000, -0.008060, 0.299423, 0.954086, 0.158594, -0.568147, -0.786528, 0.242038, -0.048345, 0.822888, -0.540111, 0.176456, 0.158813, 0.000000, 0.000000, 0.000000, 1.000000, -0.064471, -0.042186, -0.997027, 0.159613, -0.997917, 0.004900, 0.064321, 0.046594, 0.002172, 0.999098, -0.042414, 0.024401, 0.000000, 0.000000, 0.000000, 1.000000
-29.9713, 48.3289, 41.2156, 136.6170, 158.6073, -48.3291, 158.8258, 159.6096, 46.5941, 24.4101, 0.568146, 0.786564, -0.241923, 0.048329, -0.822886, 0.540067, -0.176596, 0.041216, -0.008250, 0.299407, 0.954090, 0.136617, 0.000000, 0.000000, 0.000000, 1.000000, -0.008058, 0.299279, 0.954132, 0.158607, -0.568146, -0.786565, 0.241921, -0.048329, 0.822888, -0.540137, 0.176372, 0.158826, 0.000000, 0.000000, 0.000000, 1.000000, -0.064476, -0.042186, -0.997027, 0.159610, -0.997917, 0.004890, 0.064327, 0.046594, 0.002161, 0.999098, -0.042414, 0.024410, 0.000000, 0.000000, 0.000000, 1.000000
-29.9713, 48.3289, 41.2156, 136.6170, 158.6073, -48.3291, 158.8258, 159.6096, 46.5941, 24.4101, 0.568146, 0.786564, -0.241923, 0.048329, -0.822886, 0.540067, -0.176596, 0.041216, -0.008250, 0.299407, 0.954090, 0.136617, 0.000000, 0.000000, 0.000000, 1.000000, -0.008058, 0.299279, 0.954132, 0.158607, -0.568146, -0.786565, 0.241921, -0.048329, 0.822888, -0.540137, 0.176372, 0.158826, 0.000000, 0.000000, 0.000000, 1.000000, -0.064476, -0.042186, -0.997027, 0.159610, -0.997917, 0.004890, 0.064327, 0.046594, 0.002161, 0.999098, -0.042414, 0.024410, 0.000000, 0.000000, 0.000000, 1.000000
-29.9643, 48.3160, 41.2055, 136.6281, 158.6183, -48.3163, 158.8359, 159.6068, 46.5945, 24.4170, 0.568146, 0.786594, -0.241828, 0.048316, -0.822887, 0.540088, -0.176529, 0.041205, -0.008248, 0.299291, 0.954126, 0.136628, 0.000000, 0.000000, 0.000000, 1.000000, -0.008056, 0.299163, 0.954168, 0.158618, -0.568146, -0.786594, 0.241827, -0.048316, 0.822889, -0.540158, 0.176305, 0.158836, 0.000000, 0.000000, 0.000000, 1.000000, -0.064481, -0.042187, -0.997027, 0.159607, -0.997917, 0.004882, 0.064332, 0.046595, 0.002153, 0.999098, -0.042414, 0.024417, 0.000000, 0.000000, 0.000000, 1.000000
-29.9604, 48.3089, 41.2000, 136.6341, 158.6244, -48.3092, 158.8415, 159.6053, 46.5948, 24.4209, 0.568145, 0.786610, -0.241776, 0.048309, -0.822887, 0.540100, -0.176492, 0.041200, -0.008247, 0.299228, 0.954146, 0.136634, 0.000000, 0.000000, 0.000000, 1.000000, -0.008055, 0.299100, 0.954188, 0.158624, -0.568145, -0.786610, 0.241775, -0.048309, 0.822889, -0.540170, 0.176268, 0.158841, 0.000000, 0.000000, 0.000000, 1.000000, -0.064483, -0.042187, -0.997027, 0.159605, -0.997916, 0.004877, 0.064334, 0.046595, 0.002149, 0.999098, -0.042414, 0.024421, 0.000000, 0.000000, 0.000000, 1.000000
-29.9519, 48.2933, 41.1879, 136.6475, 158.6378, -48.2936, 158.8536, 159.6020, 46.5954, 24.4293, 0.568144, 0.786646, -0.241662, 0.048293, -0.822888, 0.540126, -0.176410, 0.041188, -0.008244, 0.299087, 0.954190, 0.136648, 0.000000, 0.000000, 0.000000, 1.000000, -0.008052, 0.298959, 0.954232, 0.158638, -0.568144, -0.786646, 0.241661, -0.048294, 0.822889, -0.540196, 0.176187, 0.158854, 0.000000, 0.000000, 0.000000, 1.000000, -0.064488, -0.042187, -0.997026, 0.159602, -0.997916, 0.004868, 0.064340, 0.046595, 0.002139, 0.999098, -0.042413, 0.024429, 0.000000, 0.000000, 0.000000, 1.000000
-29.9424, 48.2758, 41.1745, 136.6626, 158.6529, -48.2761, 158.8670, 159.5982, 46.5960, 24.4387, 0.568143, 0.786686, -0.241535, 0.048276, -0.822888, 0.540154, -0.176318, 0.041174, -0.008241, 0.298930, 0.954239, 0.136663, 0.000000, 0.000000, 0.000000, 1.000000, -0.008049, 0.298802, 0.954281, 0.158653, -0.568143, -0.786686, 0.241533, -0.048276, 0.822890, -0.540224, 0.176095, 0.158867, 0.000000, 0.000000, 0.000000, 1.000000, -0.064494, -0.042188, -0.997026, 0.159598, -0.997916, 0.004857, 0.064346, 0.046596, 0.002128, 0.999098, -0.042413, 0.024439, 0.000000, 0.000000, 0.000000, 1.000000
-29.9372, 48.2664, 41.1672, 136.6708, 158.6611, -48.2666, 158.8743, 159.5962, 46.5964, 24.4438, 0.568143, 0.786707, -0.241466, 0.048266, -0.822889, 0.540170, -0.176268, 0.041167, -0.008239, 0.298845, 0.954266, 0.136671, 0.000000, 0.000000, 0.000000, 1.000000, -0.008048, 0.298717, 0.954308, 0.158661, -0.568143, -0.786708, 0.241464, -0.048267, 0.822891, -0.540240, 0.176045, 0.158874, 0.000000, 0.000000, 0.000000, 1.000000, -0.064497, -0.042188, -0.997026, 0.159596, -0.997916, 0.004851, 0.064350, 0.046596, 0.002122, 0.999098, -0.042413, 0.024444, 0.000000, 0.000000, 0.000000, 1.000000
-29.9202, 48.2351, 41.1434, 136.6978, 158.6882, -48.2353, 158.8982, 159.5894, 46.5976, 24.4606, 0.568140, 0.786779, -0.241237, 0.048235, -0.822890, 0.540221, -0.176103, 0.041143, -0.008232, 0.298563, 0.954354, 0.136698, 0.000000, 0.000000, 0.000000, 1.000000, -0.008041, 0.298436, 0.954396, 0.158688, -0.568140, -0.786779, 0.241236, -0.048235, 0.822892, -0.540291, 0.175880, 0.158898, 0.000000, 0.000000, 0.000000, 1.000000, -0.064508, -0.042189, -0.997025, 0.159589, -0.997915, 0.004832, 0.064361, 0.046598, 0.002102, 0.999098, -0.042412, 0.024461, 0.000000, 0.000000, 0.000000, 1.000000
-29.9140, 48.2237, 41.1348, 136.7077, 158.6981, -48.2239, 158.9068, 159.5869, 46.5981, 24.4668, 0.568140, 0.786805, -0.241154, 0.048224, -0.822891, 0.540240, -0.176042, 0.041135, -0.008230, 0.298460, 0.954387, 0.136708, 0.000000, 0.000000, 0.000000, 1.000000, -0.008039, 0.298333, 0.954428, 0.158698, -0.568140, -0.786805, 0.241153, -0.048224, 0.822893, -0.540310, 0.175820, 0.158907, 0.000000, 0.000000, 0.000000, 1.000000, -0.064512, -0.042189, -0.997025, 0.159587, -0.997915, 0.004825, 0.064365, 0.046598, 0.002095, 0.999098, -0.042412, 0.024467, 0.000000, 0.000000, 0.000000, 1.000000
-29.8938, 48.1866, 41.1069, 136.7399, 158.7303, -48.1869, 158.9348, 159.5789, 46.5995, 24.4867, 0.568137, 0.786890, -0.240884, 0.048187, -0.822893, 0.540301, -0.175846, 0.041107, -0.008221, 0.298126, 0.954491, 0.136740, 0.000000, 0.000000, 0.000000, 1.000000, -0.008031, 0.297999, 0.954532, 0.158730, -0.568137, -0.786890, 0.240883, -0.048187, 0.822895, -0.540370, 0.175624, 0.158935, 0.000000, 0.000000, 0.000000, 1.000000, -0.064524, -0.042190, -0.997024, 0.159579, -0.997914, 0.004802, 0.064378, 0.046600, 0.002071, 0.999098, -0.042412, 0.024487, 0.000000, 0.000000, 0.000000, 1.000000
-29.8866, 48.1734, 41.0969, 136.7515, 158.7418, -48.1736, 158.9448, 159.5760, 46.6001, 24.4939, 0.568136, 0.786920, -0.240788, 0.048173, -0.822894, 0.540323, -0.175775, 0.041097, -0.008218, 0.298007, 0.954528, 0.136751, 0.000000, 0.000000, 0.000000, 1.000000, -0.008028, 0.297880, 0.954570, 0.158742, -0.568136, -0.786921, 0.240786, -0.048174, 0.822896, -0.540392, 0.175553, 0.158945, 0.000000, 0.000000, 0.000000, 1.000000, -0.064528, -0.042190, -0.997024, 0.159576, -0.997914, 0.004794, 0.064383, 0.046600, 0.002063, 0.999098, -0.042411, 0.024494, 0.000000, 0.000000, 0.000000, 1.000000
-29.8715, 48.1456, 41.0761, 136.7757, 158.7661, -48.1458, 158.9656, 159.5699, 46.6012, 24.5088, 0.568134, 0.786983, -0.240586, 0.048146, -0.822895, 0.540369, -0.175627, 0.041076, -0.008211, 0.297756, 0.954607, 0.136776, 0.000000, 0.000000, 0.000000, 1.000000, -0.008021, 0.297630, 0.954648, 0.158766, -0.568134, -0.786984, 0.240584, -0.048146, 0.822897, -0.540438, 0.175406, 0.158966, 0.000000, 0.000000, 0.000000, 1.000000, -0.064538, -0.042191, -0.997023, 0.159570, -0.997913, 0.004776, 0.064393, 0.046601, 0.002045, 0.999098, -0.042411, 0.024509, 0.000000, 0.000000, 0.000000, 1.000000
-29.8471, 48.0996, 41.0488, 136.8181, 158.8085, -48.0998, 158.9929, 159.5590, 46.6044, 24.5336, 0.568126, 0.787088, -0.240262, 0.048100, -0.822901, 0.540445, -0.175364, 0.041049, -0.008178, 0.297340, 0.954737, 0.136818, 0.000000, 0.000000, 0.000000, 1.000000, -0.007989, 0.297214, 0.954778, 0.158809, -0.568126, -0.787089, 0.240260, -0.048100, 0.822903, -0.540514, 0.175142, 0.158993, 0.000000, 0.000000, 0.000000, 1.000000, -0.064552, -0.042192, -0.997022, 0.159559, -0.997912, 0.004749, 0.064409, 0.046604, 0.002017, 0.999098, -0.042411, 0.024534, 0.000000, 0.000000, 0.000000, 1.000000
-29.8471, 48.0996, 41.0488, 136.8181, 158.8085, -48.0998, 158.9929, 159.5590, 46.6044, 24.5336, 0.568126, 0.787088, -0.240262, 0.048100, -0.822901, 0.540445, -0.175364, 0.041049, -0.008178, 0.297340, 0.954737, 0.136818, 0.000000, 0.000000, 0.000000, 1.000000, -0.007989, 0.297214, 0.954778, 0.158809, -0.568126, -0.787089, 0.240260, -0.048100, 0.822903, -0.540514, 0.175142, 0.158993, 0.000000, 0.000000, 0.000000, 1.000000, -0.064552, -0.042192, -0.997022, 0.159559, -0.997912, 0.004749, 0.064409, 0.046604, 0.002017, 0.999098, -0.042411, 0.024534, 0.000000, 0.000000, 0.000000, 1.000000
-29.8209, 48.0502, 41.0180, 136.8634, 158.8538, -48.0504, 159.0237, 159.5475, 46.6076, 24.5602, 0.568118, 0.787201, -0.239911, 0.048050, -0.822907, 0.540527, -0.175084, 0.041018, -0.008148, 0.296893, 0.954876, 0.136863, 0.000000, 0.000000, 0.000000, 1.000000, -0.007958, 0.296767, 0.954917, 0.158854, -0.568118, -0.787201, 0.239910, -0.048050, 0.822909, -0.540596, 0.174863, 0.159024, 0.000000, 0.000000, 0.000000, 1.000000, -0.064568, -0.042194, -0.997021, 0.159548, -0.997911, 0.004719, 0.064426, 0.046608, 0.001986, 0.999098, -0.042411, 0.024560, 0.000000, 0.000000, 0.000000, 1.000000
-29.8024, 48.0155, 40.9957, 136.8950, 158.8854, -48.0157, 159.0461, 159.5395, 46.6097, 24.5788, 0.568113, 0.787279, -0.239664, 0.048015, -0.822911, 0.540584, -0.174890, 0.040996, -0.008129, 0.296580, 0.954974, 0.136895, 0.000000, 0.000000, 0.000000, 1.000000, -0.007939, 0.296453, 0.955014, 0.158885, -0.568113, -0.787280, 0.239662, -0.048016, 0.822912, -0.540653, 0.174669, 0.159046, 0.000000, 0.000000, 0.000000, 1.000000, -0.064580, -0.042195, -0.997020, 0.159540, -0.997911, 0.004698, 0.064438, 0.046610, 0.001965, 0.999098, -0.042410, 0.024579, 0.000000, 0.000000, 0.000000, 1.000000
-29.7928, 47.9977, 40.9840, 136.9112, 158.9016, -47.9979, 159.0578, 159.5354, 46.6107, 24.5884, 0.568110, 0.787320, -0.239537, 0.047998, -0.822912, 0.540614, -0.174791, 0.040984, -0.008119, 0.296418, 0.955024, 0.136911, 0.000000, 0.000000, 0.000000, 1.000000, -0.007930, 0.296292, 0.955065, 0.158902, -0.568110, -0.787321, 0.239535, -0.047998, 0.822914, -0.540682, 0.174570, 0.159058, 0.000000, 0.000000, 0.000000, 1.000000, -0.064585, -0.042196, -0.997020, 0.159535, -0.997910, 0.004687, 0.064445, 0.046611, 0.001953, 0.999098, -0.042410, 0.024588, 0.000000, 0.000000, 0.000000, 1.000000
-29.7831, 47.9795, 40.9719, 136.9276, 158.9180, -47.9798, 159.0698, 159.5312, 46.6117, 24.5982, 0.568108, 0.787361, -0.239407, 0.047980, -0.822914, 0.540644, -0.174690, 0.040972, -0.008111, 0.296254, 0.955075, 0.136928, 0.000000, 0.000000, 0.000000, 1.000000, -0.007921, 0.296127, 0.955116, 0.158918, -0.568108, -0.787362, 0.239405, -0.047980, 0.822916, -0.540712, 0.174469, 0.159070, 0.000000, 0.000000, 0.000000, 1.000000, -0.064591, -0.042196, -0.997019, 0.159531, -0.997910, 0.004676, 0.064451, 0.046612, 0.001942, 0.999098, -0.042410, 0.024598, 0.000000, 0.000000, 0.000000, 1.000000
-29.7529, 47.9234, 40.9338, 136.9783, 158.9687, -47.9236, 159.1079, 159.5185, 46.6148, 24.6284, 0.568101, 0.787489, -0.239003, 0.047923, -0.822919, 0.540736, -0.174380, 0.040934, -0.008085, 0.295746, 0.955233, 0.136978, 0.000000, 0.000000, 0.000000, 1.000000, -0.007896, 0.295619, 0.955273, 0.158969, -0.568101, -0.787490, 0.239001, -0.047924, 0.822921, -0.540804, 0.174159, 0.159108, 0.000000, 0.000000, 0.000000, 1.000000, -0.064610, -0.042198, -0.997018, 0.159518, -0.997909, 0.004641, 0.064471, 0.046615, 0.001907, 0.999098, -0.042410, 0.024628, 0.000000, 0.000000, 0.000000, 1.000000
-29.7425, 47.9041, 40.9205, 136.9956, 158.9861, -47.9044, 159.1213, 159.5141, 46.6158, 24.6388, 0.568098, 0.787533, -0.238864, 0.047904, -0.822921, 0.540767, -0.174275, 0.040921, -0.008077, 0.295571, 0.955287, 0.136996, 0.000000, 0.000000, 0.000000, 1.000000, -0.007888, 0.295445, 0.955327, 0.158986, -0.568098, -0.787534, 0.238862, -0.047904, 0.822923, -0.540836, 0.174054, 0.159121, 0.000000, 0.000000, 0.000000, 1.000000, -0.064616, -0.042199, -0.997018, 0.159514, -0.997908, 0.004629, 0.064478, 0.046616, 0.001895, 0.999099, -0.042409, 0.024639, 0.000000, 0.000000, 0.000000, 1.000000
-29.7320, 47.8846, 40.9069, 137.0131, 159.0036, -47.8849, 159.1349, 159.5097, 46.6168, 24.6493, 0.568096, 0.787578, -0.238723, 0.047885, -0.822923, 0.540799, -0.174168, 0.040907, -0.008070, 0.295395, 0.955341, 0.137013, 0.000000, 0.000000, 0.000000, 1.000000, -0.007881, 0.295268, 0.955382, 0.159004, -0.568096, -0.787578, 0.238721, -0.047885, 0.822925, -0.540867, 0.173947, 0.159135, 0.000000, 0.000000, 0.000000, 1.000000, -0.064622, -0.042199, -0.997017, 0.159510, -0.997908, 0.004617, 0.064485, 0.046617, 0.001882, 0.999099, -0.042409, 0.024649, 0.000000, 0.000000, 0.000000, 1.000000
-29.7105, 47.8449, 40.8789, 137.0488, 159.0392, -47.8452, 159.1629, 159.5008, 46.6187, 24.6707, 0.568092, 0.787668, -0.238435, 0.047845, -0.822926, 0.540864, -0.173952, 0.040879, -0.008055, 0.295035, 0.955453, 0.137049, 0.000000, 0.000000, 0.000000, 1.000000, -0.007866, 0.294908, 0.955493, 0.159039, -0.568092, -0.787668, 0.238433, -0.047845, 0.822928, -0.540932, 0.173731, 0.159163, 0.000000, 0.000000, 0.000000, 1.000000, -0.064635, -0.042200, -0.997016, 0.159501, -0.997907, 0.004593, 0.064499, 0.046619, 0.001857, 0.999099, -0.042409, 0.024671, 0.000000, 0.000000, 0.000000, 1.000000
-29.6996, 47.8248, 40.8645, 137.0668, 159.0573, -47.8250, 159.1773, 159.4962, 46.6197, 24.6816, 0.568089, 0.787714, -0.238288, 0.047825, -0.822927, 0.540897, -0.173842, 0.040864, -0.008048, 0.294852, 0.955509, 0.137067, 0.000000, 0.000000, 0.000000, 1.000000, -0.007859, 0.294726, 0.955550, 0.159057, -0.568089, -0.787714, 0.238287, -0.047825, 0.822929, -0.540965, 0.173622, 0.159177, 0.000000, 0.000000, 0.000000, 1.000000, -0.064642, -0.042201, -0.997016, 0.159496, -0.997907, 0.004580, 0.064506, 0.046620, 0.001845, 0.999099, -0.042409, 0.024682, 0.000000, 0.000000, 0.000000, 1.000000
-29.6774, 47.7839, 40.8349, 137.1034, 159.0939, -47.7841, 159.2069, 159.4871, 46.6216, 24.7037, 0.568085, 0.787807, -0.237991, 0.047784, -0.822930, 0.540963, -0.173621, 0.040835, -0.008035, 0.294481, 0.955624, 0.137103, 0.000000, 0.000000, 0.000000, 1.000000, -0.007847, 0.294355, 0.955664, 0.159094, -0.568085, -0.787807, 0.237989, -0.047784, 0.822932, -0.541031, 0.173400, 0.159207, 0.000000, 0.000000, 0.000000, 1.000000, -0.064655, -0.042202, -0.997015, 0.159487, -0.997906, 0.004555, 0.064520, 0.046622, 0.001819, 0.999099, -0.042408, 0.024704, 0.000000, 0.000000, 0.000000, 1.000000
-29.6548, 47.7423, 40.8046, 137.1405, 159.1310, -47.7426, 159.2373, 159.4778, 46.6235, 24.7261, 0.568081, 0.787901, -0.237687, 0.047742, -0.822933, 0.541031, -0.173396, 0.040805, -0.008023, 0.294104, 0.955740, 0.137140, 0.000000, 0.000000, 0.000000, 1.000000, -0.007834, 0.293978, 0.955780, 0.159131, -0.568081, -0.787902, 0.237686, -0.047743, 0.822935, -0.541099, 0.173176, 0.159237, 0.000000, 0.000000, 0.000000, 1.000000, -0.064669, -0.042203, -0.997014, 0.159478, -0.997905, 0.004529, 0.064535, 0.046624, 0.001792, 0.999099, -0.042408, 0.024726, 0.000000, 0.000000, 0.000000, 1.000000
-29.6434, 47.7213, 40.7891, 137.1592, 159.1497, -47.7216, 159.2527, 159.4731, 46.6244, 24.7374, 0.568079, 0.787949, -0.237534, 0.047721, -0.822935, 0.541065, -0.173284, 0.040789, -0.008017, 0.293914, 0.955798, 0.137159, 0.000000, 0.000000, 0.000000, 1.000000, -0.007829, 0.293788, 0.955839, 0.159150, -0.568079, -0.787949, 0.237532, -0.047722, 0.822937, -0.541132, 0.173063, 0.159253, 0.000000, 0.000000, 0.000000, 1.000000, -0.064676, -0.042204, -0.997013, 0.159473, -0.997905, 0.004516, 0.064543, 0.046624, 0.001779, 0.999099, -0.042407, 0.024737, 0.000000, 0.000000, 0.000000, 1.000000
-29.6319, 47.7002, 40.7735, 137.1779, 159.1685, -47.7005, 159.2684, 159.4685, 46.6254, 24.7488, 0.568077, 0.787997, -0.237380, 0.047700, -0.822936, 0.541099, -0.173170, 0.040774, -0.008012, 0.293722, 0.955857, 0.137178, 0.000000, 0.000000, 0.000000, 1.000000, -0.007823, 0.293596, 0.955897, 0.159168, -0.568077, -0.787997, 0.237378, -0.047700, 0.822938, -0.541167, 0.172950, 0.159268, 0.000000, 0.000000, 0.000000, 1.000000, -0.064683, -0.042204, -0.997013, 0.159468, -0.997904, 0.004503, 0.064550, 0.046625, 0.001766, 0.999099, -0.042407, 0.024749, 0.000000, 0.000000, 0.000000, 1.000000
-29.6087, 47.6577, 40.7418, 137.2158, 159.2063, -47.6580, 159.3001, 159.4590, 46.6272, 24.7718, 0.568074, 0.788093, -0.237068, 0.047658, -0.822939, 0.541168, -0.172942, 0.040742, -0.008001, 0.293336, 0.955976, 0.137216, 0.000000, 0.000000, 0.000000, 1.000000, -0.007813, 0.293210, 0.956016, 0.159206, -0.568074, -0.788094, 0.237066, -0.047658, 0.822941, -0.541235, 0.172722, 0.159300, 0.000000, 0.000000, 0.000000, 1.000000, -0.064697, -0.042205, -0.997012, 0.159459, -0.997903, 0.004477, 0.064565, 0.046627, 0.001739, 0.999099, -0.042406, 0.024772, 0.000000, 0.000000, 0.000000, 1.000000
-29.5854, 47.6149, 40.7096, 137.2539, 159.2444, -47.6151, 159.3323, 159.4495, 46.6290, 24.7949, 0.568070, 0.788190, -0.236753, 0.047615, -0.822941, 0.541237, -0.172713, 0.040710, -0.007991, 0.292947, 0.956095, 0.137254, 0.000000, 0.000000, 0.000000, 1.000000, -0.007803, 0.292821, 0.956135, 0.159244, -0.568070, -0.788191, 0.236752, -0.047615, 0.822943, -0.541305, 0.172493, 0.159332, 0.000000, 0.000000, 0.000000, 1.000000, -0.064711, -0.042206, -0.997011, 0.159450, -0.997903, 0.004450, 0.064581, 0.046629, 0.001711, 0.999099, -0.042406, 0.024795, 0.000000, 0.000000, 0.000000, 1.000000
-29.5618, 47.5718, 40.6771, 137.2921, 159.2827, -47.5721, 159.3649, 159.4400, 46.6308, 24.8182, 0.568067, 0.788288, -0.236437, 0.047572, -0.822944, 0.541307, -0.172483, 0.040677, -0.007981, 0.292556, 0.956215, 0.137292, 0.000000, 0.000000, 0.000000, 1.000000, -0.007794, 0.292431, 0.956255, 0.159283, -0.568067, -0.788288, 0.236435, -0.047572, 0.822946, -0.541374, 0.172264, 0.159365, 0.000000, 0.000000, 0.000000, 1.000000, -0.064725, -0.042207, -0.997010, 0.159440, -0.997902, 0.004423, 0.064596, 0.046631, 0.001684, 0.999099, -0.042405, 0.024818, 0.000000, 0.000000, 0.000000, 1.000000
-29.5501, 47.5499, 40.6628, 137.3123, 159.3029, -47.5502, 159.3791, 159.4349, 46.6321, 24.8300, 0.568064, 0.788337, -0.236279, 0.047550, -0.822946, 0.541343, -0.172360, 0.040663, -0.007970, 0.292357, 0.956276, 0.137312, 0.000000, 0.000000, 0.000000, 1.000000, -0.007782, 0.292231, 0.956316, 0.159303, -0.568064, -0.788338, 0.236278, -0.047550, 0.822948, -0.541410, 0.172140, 0.159379, 0.000000, 0.000000, 0.000000, 1.000000, -0.064732, -0.042208, -0.997010, 0.159435, -0.997901, 0.004410, 0.064604, 0.046632, 0.001670, 0.999099, -0.042405, 0.024830, 0.000000, 0.000000, 0.000000, 1.000000
-29.5266, 47.5062, 40.6340, 137.3526, 159.3431, -47.5064, 159.4079, 159.4247, 46.6346, 24.8536, 0.568058, 0.788436, -0.235965, 0.047506, -0.822950, 0.541414, -0.172115, 0.040634, -0.007947, 0.291958, 0.956398, 0.137353, 0.000000, 0.000000, 0.000000, 1.000000, -0.007759, 0.291833, 0.956438, 0.159343, -0.568058, -0.788436, 0.235963, -0.047506, 0.822952, -0.541481, 0.171896, 0.159408, 0.000000, 0.000000, 0.000000, 1.000000, -0.064747, -0.042210, -0.997009, 0.159425, -0.997900, 0.004383, 0.064619, 0.046635, 0.001642, 0.999099, -0.042405, 0.024854, 0.000000, 0.000000, 0.000000, 1.000000
-29.5031, 47.4627, 40.6048, 137.3925, 159.3830, -47.4630, 159.4371, 159.4146, 46.6371, 24.8771, 0.568052, 0.788534, -0.235650, 0.047463, -0.822954, 0.541485, -0.171873, 0.040605, -0.007927, 0.291563, 0.956519, 0.137392, 0.000000, 0.000000, 0.000000, 1.000000, -0.007739, 0.291437, 0.956559, 0.159383, -0.568052, -0.788534, 0.235649, -0.047463, 0.822956, -0.541552, 0.171654, 0.159437, 0.000000, 0.000000, 0.000000, 1.000000, -0.064761, -0.042211, -0.997008, 0.159415, -0.997900, 0.004356, 0.064634, 0.046637, 0.001615, 0.999099, -0.042404, 0.024877, 0.000000, 0.000000, 0.000000, 1.000000
-29.4799, 47.4196, 40.5752, 137.4319, 159.4225, -47.4199, 159.4667, 159.4047, 46.6394, 24.9004, 0.568047, 0.788631, -0.235338, 0.047420, -0.822958, 0.541555, -0.171635, 0.040575, -0.007908, 0.291170, 0.956639, 0.137432, 0.000000, 0.000000, 0.000000, 1.000000, -0.007720, 0.291044, 0.956678, 0.159422, -0.568047, -0.788631, 0.235336, -0.047420, 0.822960, -0.541621, 0.171415, 0.159467, 0.000000, 0.000000, 0.000000, 1.000000, -0.064775, -0.042212, -0.997007, 0.159405, -0.997899, 0.004330, 0.064649, 0.046639, 0.001588, 0.999099, -0.042404, 0.024900, 0.000000, 0.000000, 0.000000, 1.000000
-29.4683, 47.3983, 40.5603, 137.4514, 159.4420, -47.3985, 159.4816, 159.3997, 46.6405, 24.9119, 0.568044, 0.788679, -0.235183, 0.047398, -0.822960, 0.541589, -0.171517, 0.040560, -0.007900, 0.290975, 0.956698, 0.137451, 0.000000, 0.000000, 0.000000, 1.000000, -0.007712, 0.290849, 0.956738, 0.159442, -0.568044, -0.788680, 0.235181, -0.047399, 0.822962, -0.541656, 0.171298, 0.159482, 0.000000, 0.000000, 0.000000, 1.000000, -0.064782, -0.042213, -0.997006, 0.159400, -0.997898, 0.004316, 0.064657, 0.046641, 0.001574, 0.999099, -0.042404, 0.024912, 0.000000, 0.000000, 0.000000, 1.000000
-29.4453, 47.3556, 40.5326, 137.4910, 159.4816, -47.3558, 159.5093, 159.3897, 46.6431, 24.9350, 0.568038, 0.788775, -0.234875, 0.047356, -0.822964, 0.541659, -0.171277, 0.040533, -0.007877, 0.290585, 0.956817, 0.137491, 0.000000, 0.000000, 0.000000, 1.000000, -0.007689, 0.290459, 0.956856, 0.159482, -0.568038, -0.788776, 0.234873, -0.047356, 0.822966, -0.541725, 0.171057, 0.159509, 0.000000, 0.000000, 0.000000, 1.000000, -0.064795, -0.042214, -0.997005, 0.159390, -0.997897, 0.004290, 0.064672, 0.046643, 0.001547, 0.999099, -0.042403, 0.024935, 0.000000, 0.000000, 0.000000, 1.000000
-29.4227, 47.3131, 40.5066, 137.5310, 159.5216, -47.3133, 159.5352, 159.3795, 46.6459, 24.9579, 0.568031, 0.788870, -0.234572, 0.047313, -0.822969, 0.541728, -0.171033, 0.040507, -0.007849, 0.290197, 0.956935, 0.137531, 0.000000, 0.000000, 0.000000, 1.000000, -0.007661, 0.290071, 0.956974, 0.159522, -0.568031, -0.788871, 0.234570, -0.047313, 0.822971, -0.541795, 0.170813, 0.159535, 0.000000, 0.000000, 0.000000, 1.000000, -0.064809, -0.042216, -0.997004, 0.159379, -0.997897, 0.004264, 0.064686, 0.046646, 0.001521, 0.999099, -0.042403, 0.024958, 0.000000, 0.000000, 0.000000, 1.000000
-29.4227, 47.3131, 40.5066, 137.5310, 159.5216, -47.3133, 159.5352, 159.3795, 46.6459, 24.9579, 0.568031, 0.788870, -0.234572, 0.047313, -0.822969, 0.541728, -0.171033, 0.040507, -0.007849, 0.290197, 0.956935, 0.137531, 0.000000, 0.000000, 0.000000, 1.000000, -0.007661, 0.290071, 0.956974, 0.159522, -0.568031, -0.788871, 0.234570, -0.047313, 0.822971, -0.541795, 0.170813, 0.159535, 0.000000, 0.000000, 0.000000, 1.000000, -0.064809, -0.042216, -0.997004, 0.159379, -0.997897, 0.004264, 0.064686, 0.046646, 0.001521, 0.999099, -0.042403, 0.024958, 0.000000, 0.000000, 0.000000, 1.000000
-29.3892, 47.2507, 40.4667, 137.5893, 159.5798, -47.2510, 159.5750, 159.3647, 46.6498, 24.9916, 0.568022, 0.789010, -0.234123, 0.047251, -0.822976, 0.541829, -0.170680, 0.040467, -0.007814, 0.289628, 0.957107, 0.137589, 0.000000, 0.000000, 0.000000, 1.000000, -0.007625, 0.289501, 0.957147, 0.159580, -0.568022, -0.789011, 0.234121, -0.047251, 0.822978, -0.541896, 0.170459, 0.159575, 0.000000, 0.000000, 0.000000, 1.000000, -0.064829, -0.042218, -0.997003, 0.159365, -0.997895, 0.004226, 0.064708, 0.046650, 0.001481, 0.999100, -0.042403, 0.024992, 0.000000, 0.000000, 0.000000, 1.000000
-29.3892, 47.2507, 40.4667, 137.5893, 159.5798, -47.2510, 159.5750, 159.3647, 46.6498, 24.9916, 0.568022, 0.789010, -0.234123, 0.047251, -0.822976, 0.541829, -0.170680, 0.040467, -0.007814, 0.289628, 0.957107, 0.137589, 0.000000, 0.000000, 0.000000, 1.000000, -0.007625, 0.289501, 0.957147, 0.159580, -0.568022, -0.789011, 0.234121, -0.047251, 0.822978, -0.541896, 0.170459, 0.159575, 0.000000, 0.000000, 0.000000, 1.000000, -0.064829, -0.042218, -0.997003, 0.159365, -0.997895, 0.004226, 0.064708, 0.046650, 0.001481, 0.999100, -0.042403, 0.024992, 0.000000, 0.000000, 0.000000, 1.000000
-29.3674, 47.2102, 40.4397, 137.6269, 159.6174, -47.2105, 159.6020, 159.3552, 46.6522, 25.0136, 0.568017, 0.789101, -0.233830, 0.047210, -0.822980, 0.541894, -0.170453, 0.040440, -0.007794, 0.289257, 0.957220, 0.137627, 0.000000, 0.000000, 0.000000, 1.000000, -0.007605, 0.289131, 0.957259, 0.159617, -0.568017, -0.789102, 0.233828, -0.047210, 0.822982, -0.541961, 0.170232, 0.159602, 0.000000, 0.000000, 0.000000, 1.000000, -0.064842, -0.042219, -0.997002, 0.159355, -0.997894, 0.004201, 0.064722, 0.046652, 0.001456, 0.999100, -0.042402, 0.025014, 0.000000, 0.000000, 0.000000, 1.000000
-29.3353, 47.1511, 40.3988, 137.6813, 159.6719, -47.1513, 159.6429, 159.3415, 46.6553, 25.0455, 0.568010, 0.789234, -0.233399, 0.047151, -0.822985, 0.541989, -0.170126, 0.040399, -0.007770, 0.288717, 0.957383, 0.137681, 0.000000, 0.000000, 0.000000, 1.000000, -0.007581, 0.288590, 0.957423, 0.159672, -0.568010, -0.789234, 0.233397, -0.047151, 0.822987, -0.542056, 0.169905, 0.159643, 0.000000, 0.000000, 0.000000, 1.000000, -0.064861, -0.042221, -0.997001, 0.159342, -0.997893, 0.004164, 0.064743, 0.046655, 0.001418, 0.999100, -0.042402, 0.025046, 0.000000, 0.000000, 0.000000, 1.000000
-29.3353, 47.1511, 40.3988, 137.6813, 159.6719, -47.1513, 159.6429, 159.3415, 46.6553, 25.0455, 0.568010, 0.789234, -0.233399, 0.047151, -0.822985, 0.541989, -0.170126, 0.040399, -0.007770, 0.288717, 0.957383, 0.137681, 0.000000, 0.000000, 0.000000, 1.000000, -0.007581, 0.288590, 0.957423, 0.159672, -0.568010, -0.789234, 0.233397, -0.047151, 0.822987, -0.542056, 0.169905, 0.159643, 0.000000, 0.000000, 0.000000, 1.000000, -0.064861, -0.042221, -0.997001, 0.159342, -0.997893, 0.004164, 0.064743, 0.046655, 0.001418, 0.999100, -0.042402, 0.025046, 0.000000, 0.000000, 0.000000, 1.000000
-29.3042, 47.0941, 40.3575, 137.7333, 159.7239, -47.0943, 159.6841, 159.3285, 46.6580, 25.0764, 0.568004, 0.789362, -0.232980, 0.047094, -0.822989, 0.542081, -0.169815, 0.040357, -0.007752, 0.288196, 0.957540, 0.137733, 0.000000, 0.000000, 0.000000, 1.000000, -0.007562, 0.288069, 0.957580, 0.159724, -0.568004, -0.789362, 0.232978, -0.047094, 0.822991, -0.542147, 0.169594, 0.159684, 0.000000, 0.000000, 0.000000, 1.000000, -0.064880, -0.042222, -0.996999, 0.159328, -0.997892, 0.004129, 0.064763, 0.046658, 0.001382, 0.999100, -0.042401, 0.025076, 0.000000, 0.000000, 0.000000, 1.000000
-29.3042, 47.0941, 40.3575, 137.7333, 159.7239, -47.0943, 159.6841, 159.3285, 46.6580, 25.0764, 0.568004, 0.789362, -0.232980, 0.047094, -0.822989, 0.542081, -0.169815, 0.040357, -0.007752, 0.288196, 0.957540, 0.137733, 0.000000, 0.000000, 0.000000, 1.000000, -0.007562, 0.288069, 0.957580, 0.159724, -0.568004, -0.789362, 0.232978, -0.047094, 0.822991, -0.542147, 0.169594, 0.159684, 0.000000, 0.000000, 0.000000, 1.000000, -0.064880, -0.042222, -0.996999, 0.159328, -0.997892, 0.004129, 0.064763, 0.046658, 0.001382, 0.999100, -0.042401, 0.025076, 0.000000, 0.000000, 0.000000, 1.000000
-29.2742, 47.0392, 40.3161, 137.7828, 159.7734, -47.0395, 159.7254, 159.3161, 46.6603, 25.1061, 0.568000, 0.789484, -0.232574, 0.047039, -0.822992, 0.542168, -0.169520, 0.040316, -0.007739, 0.287694, 0.957691, 0.137783, 0.000000, 0.000000, 0.000000, 1.000000, -0.007550, 0.287567, 0.957731, 0.159773, -0.568000, -0.789485, 0.232573, -0.047039, 0.822994, -0.542235, 0.169298, 0.159725, 0.000000, 0.000000, 0.000000, 1.000000, -0.064898, -0.042224, -0.996998, 0.159316, -0.997891, 0.004094, 0.064783, 0.046660, 0.001346, 0.999100, -0.042400, 0.025106, 0.000000, 0.000000, 0.000000, 1.000000
