# Joint_6_Angle(deg), Cam_X(mm), Cam_Y(mm), Cam_Z(mm), Torso_X(mm), Torso_Y(mm), Torso_Z(mm), EE_X(mm), EE_Y(mm), EE_Z(mm), T_cam2marker_flat(16), T_torso2marker_flat(16), T_ee2marker_flat(16)
-29.9969, 40.4083, 50.7869, 213.2636, 235.2562, -40.4087, 149.2560, 136.0068, -51.0502, -8.9495, 0.189293, -0.944262, -0.269327, 0.040408, 0.975253, 0.148885, 0.163448, 0.050787, -0.114239, -0.293602, 0.949077, 0.213264, 0.000000, 0.000000, 0.000000, 1.000000, -0.114379, -0.293622, 0.949054, 0.235256, -0.189292, 0.944263, 0.269326, -0.040409, -0.975236, -0.148843, -0.163585, 0.149256, 0.000000, 0.000000, 0.000000, 1.000000, 0.066305, 0.032806, -0.997260, 0.136007, -0.995828, -0.060625, -0.068204, -0.051050, -0.062696, 0.997621, 0.028650, -0.008949, 0.000000, 0.000000, 0.000000, 1.000000
-29.9974, 40.4083, 50.7858, 213.2629, 235.2555, -40.4086, 149.2569, 136.0072, -51.0499, -8.9498, 0.189287, -0.944263, -0.269328, 0.040408, 0.975254, 0.148881, 0.163442, 0.050786, -0.114235, -0.293601, 0.949078, 0.213263, 0.000000, 0.000000, 0.000000, 1.000000, -0.114376, -0.293621, 0.949055, 0.235256, -0.189286, 0.944264, 0.269327, -0.040409, -0.975238, -0.148839, -0.163579, 0.149257, 0.000000, 0.000000, 0.000000, 1.000000, 0.066305, 0.032806, -0.997260, 0.136007, -0.995828, -0.060625, -0.068204, -0.051050, -0.062696, 0.997621, 0.028649, -0.008950, 0.000000, 0.000000, 0.000000, 1.000000
-29.9974, 40.4083, 50.7858, 213.2629, 235.2555, -40.4086, 149.2569, 136.0072, -51.0499, -8.9498, 0.189287, -0.944263, -0.269328, 0.040408, 0.975254, 0.148881, 0.163442, 0.050786, -0.114235, -0.293601, 0.949078, 0.213263, 0.000000, 0.000000, 0.000000, 1.000000, -0.114376, -0.293621, 0.949055, 0.235256, -0.189286, 0.944264, 0.269327, -0.040409, -0.975238, -0.148839, -0.163579, 0.149257, 0.000000, 0.000000, 0.000000, 1.000000, 0.066305, 0.032806, -0.997260, 0.136007, -0.995828, -0.060625, -0.068204, -0.051050, -0.062696, 0.997621, 0.028649, -0.008950, 0.000000, 0.000000, 0.000000, 1.000000
-29.9979, 40.4079, 50.7820, 213.2612, 235.2537, -40.4082, 149.2605, 136.0081, -51.0492, -8.9499, 0.189280, -0.944264, -0.269329, 0.040408, 0.975257, 0.148879, 0.163428, 0.050782, -0.114222, -0.293598, 0.949080, 0.213261, 0.000000, 0.000000, 0.000000, 1.000000, -0.114364, -0.293619, 0.949057, 0.235254, -0.189280, 0.944265, 0.269327, -0.040408, -0.975240, -0.148836, -0.163566, 0.149260, 0.000000, 0.000000, 0.000000, 1.000000, 0.066305, 0.032805, -0.997260, 0.136008, -0.995828, -0.060625, -0.068204, -0.051049, -0.062696, 0.997621, 0.028649, -0.008950, 0.000000, 0.000000, 0.000000, 1.000000
-29.9979, 40.4079, 50.7820, 213.2612, 235.2537, -40.4082, 149.2605, 136.0081, -51.0492, -8.9499, 0.189280, -0.944264, -0.269329, 0.040408, 0.975257, 0.148879, 0.163428, 0.050782, -0.114222, -0.293598, 0.949080, 0.213261, 0.000000, 0.000000, 0.000000, 1.000000, -0.114364, -0.293619, 0.949057, 0.235254, -0.189280, 0.944265, 0.269327, -0.040408, -0.975240, -0.148836, -0.163566, 0.149260, 0.000000, 0.000000, 0.000000, 1.000000, 0.066305, 0.032805, -0.997260, 0.136008, -0.995828, -0.060625, -0.068204, -0.051049, -0.062696, 0.997621, 0.028649, -0.008950, 0.000000, 0.000000, 0.000000, 1.000000
-29.9982, 40.4074, 50.7778, 213.2593, 235.2518, -40.4077, 149.2645, 136.0090, -51.0485, -8.9499, 0.189277, -0.944265, -0.269329, 0.040407, 0.975259, 0.148880, 0.163414, 0.050778, -0.114208, -0.293596, 0.949083, 0.213259, 0.000000, 0.000000, 0.000000, 1.000000, -0.114351, -0.293617, 0.949059, 0.235252, -0.189277, 0.944265, 0.269328, -0.040408, -0.975243, -0.148837, -0.163552, 0.149265, 0.000000, 0.000000, 0.000000, 1.000000, 0.066306, 0.032805, -0.997260, 0.136009, -0.995828, -0.060625, -0.068205, -0.051049, -0.062696, 0.997621, 0.028648, -0.008950, 0.000000, 0.000000, 0.000000, 1.000000
-29.9984, 40.4069, 50.7745, 213.2579, 235.2504, -40.4073, 149.2678, 136.0097, -51.0480, -8.9499, 0.189276, -0.944265, -0.269330, 0.040407, 0.975261, 0.148882, 0.163403, 0.050774, -0.114197, -0.293595, 0.949084, 0.213258, 0.000000, 0.000000, 0.000000, 1.000000, -0.114340, -0.293615, 0.949061, 0.235250, -0.189275, 0.944265, 0.269328, -0.040407, -0.975244, -0.148839, -0.163542, 0.149268, 0.000000, 0.000000, 0.000000, 1.000000, 0.066306, 0.032805, -0.997260, 0.136010, -0.995828, -0.060625, -0.068205, -0.051048, -0.062696, 0.997621, 0.028648, -0.008950, 0.000000, 0.000000, 0.000000, 1.000000
-29.9984, 40.4069, 50.7745, 213.2579, 235.2504, -40.4073, 149.2678, 136.0097, -51.0480, -8.9499, 0.189276, -0.944265, -0.269330, 0.040407, 0.975261, 0.148882, 0.163403, 0.050774, -0.114197, -0.293595, 0.949084, 0.213258, 0.000000, 0.000000, 0.000000, 1.000000, -0.114340, -0.293615, 0.949061, 0.235250, -0.189275, 0.944265, 0.269328, -0.040407, -0.975244, -0.148839, -0.163542, 0.149268, 0.000000, 0.000000, 0.000000, 1.000000, 0.066306, 0.032805, -0.997260, 0.136010, -0.995828, -0.060625, -0.068205, -0.051048, -0.062696, 0.997621, 0.028648, -0.008950, 0.000000, 0.000000, 0.000000, 1.000000
-29.9985, 40.4062, 50.7686, 213.2556, 235.2481, -40.4065, 149.2735, 136.0108, -51.0472, -8.9496, 0.189277, -0.944265, -0.269330, 0.040406, 0.975263, 0.148888, 0.163385, 0.050769, -0.114179, -0.293593, 0.949087, 0.213256, 0.000000, 0.000000, 0.000000, 1.000000, -0.114322, -0.293613, 0.949064, 0.235248, -0.189276, 0.944265, 0.269329, -0.040407, -0.975246, -0.148845, -0.163525, 0.149273, 0.000000, 0.000000, 0.000000, 1.000000, 0.066306, 0.032805, -0.997260, 0.136011, -0.995828, -0.060625, -0.068205, -0.051047, -0.062696, 0.997621, 0.028648, -0.008950, 0.000000, 0.000000, 0.000000, 1.000000
-29.9985, 40.4059, 50.7664, 213.2548, 235.2473, -40.4062, 149.2757, 136.0112, -51.0469, -8.9494, 0.189278, -0.944264, -0.269330, 0.040406, 0.975263, 0.148892, 0.163379, 0.050766, -0.114172, -0.293592, 0.949088, 0.213255, 0.000000, 0.000000, 0.000000, 1.000000, -0.114316, -0.293612, 0.949065, 0.235247, -0.189278, 0.944265, 0.269329, -0.040406, -0.975246, -0.148849, -0.163519, 0.149276, 0.000000, 0.000000, 0.000000, 1.000000, 0.066306, 0.032805, -0.997260, 0.136011, -0.995828, -0.060625, -0.068205, -0.051047, -0.062696, 0.997621, 0.028648, -0.008949, 0.000000, 0.000000, 0.000000, 1.000000
-29.9982, 40.4052, 50.7615, 213.2533, 235.2457, -40.4055, 149.2805, 136.0119, -51.0463, -8.9488, 0.189285, -0.944263, -0.269330, 0.040405, 0.975264, 0.148902, 0.163367, 0.050761, -0.114157, -0.293591, 0.949090, 0.213253, 0.000000, 0.000000, 0.000000, 1.000000, -0.114301, -0.293612, 0.949067, 0.235246, -0.189285, 0.944263, 0.269329, -0.040406, -0.975247, -0.148859, -0.163507, 0.149280, 0.000000, 0.000000, 0.000000, 1.000000, 0.066306, 0.032805, -0.997260, 0.136012, -0.995828, -0.060625, -0.068205, -0.051046, -0.062697, 0.997621, 0.028649, -0.008949, 0.000000, 0.000000, 0.000000, 1.000000
-29.9976, 40.4044, 50.7558, 213.2518, 235.2442, -40.4047, 149.2861, 136.0125, -51.0457, -8.9479, 0.189297, -0.944260, -0.269331, 0.040404, 0.975263, 0.148918, 0.163354, 0.050756, -0.114140, -0.293591, 0.949092, 0.213252, 0.000000, 0.000000, 0.000000, 1.000000, -0.114285, -0.293611, 0.949069, 0.235244, -0.189296, 0.944261, 0.269329, -0.040405, -0.975247, -0.148875, -0.163495, 0.149286, 0.000000, 0.000000, 0.000000, 1.000000, 0.066306, 0.032806, -0.997260, 0.136013, -0.995828, -0.060625, -0.068205, -0.051046, -0.062697, 0.997621, 0.028649, -0.008948, 0.000000, 0.000000, 0.000000, 1.000000
-29.9972, 40.4039, 50.7527, 213.2510, 235.2434, -40.4042, 149.2892, 136.0128, -51.0455, -8.9473, 0.189305, -0.944259, -0.269331, 0.040404, 0.975263, 0.148929, 0.163348, 0.050753, -0.114131, -0.293591, 0.949093, 0.213251, 0.000000, 0.000000, 0.000000, 1.000000, -0.114276, -0.293611, 0.949070, 0.235243, -0.189305, 0.944259, 0.269329, -0.040404, -0.975246, -0.148885, -0.163489, 0.149289, 0.000000, 0.000000, 0.000000, 1.000000, 0.066306, 0.032807, -0.997260, 0.136013, -0.995828, -0.060625, -0.068205, -0.051045, -0.062697, 0.997621, 0.028650, -0.008947, 0.000000, 0.000000, 0.000000, 1.000000
-29.9967, 40.4034, 50.7493, 213.2504, 235.2428, -40.4037, 149.2925, 136.0131, -51.0452, -8.9465, 0.189315, -0.944257, -0.269331, 0.040403, 0.975262, 0.148941, 0.163342, 0.050749, -0.114122, -0.293591, 0.949095, 0.213250, 0.000000, 0.000000, 0.000000, 1.000000, -0.114267, -0.293612, 0.949071, 0.235243, -0.189315, 0.944257, 0.269329, -0.040404, -0.975245, -0.148898, -0.163483, 0.149293, 0.000000, 0.000000, 0.000000, 1.000000, 0.066306, 0.032807, -0.997260, 0.136013, -0.995828, -0.060625, -0.068205, -0.051045, -0.062697, 0.997621, 0.028651, -0.008947, 0.000000, 0.000000, 0.000000, 1.000000
-29.9960, 40.4028, 50.7456, 213.2497, 235.2421, -40.4031, 149.2961, 136.0134, -51.0449, -8.9457, 0.189327, -0.944254, -0.269331, 0.040403, 0.975261, 0.148956, 0.163336, 0.050746, -0.114112, -0.293592, 0.949096, 0.213250, 0.000000, 0.000000, 0.000000, 1.000000, -0.114257, -0.293612, 0.949072, 0.235242, -0.189327, 0.944255, 0.269329, -0.040403, -0.975244, -0.148912, -0.163477, 0.149296, 0.000000, 0.000000, 0.000000, 1.000000, 0.066305, 0.032808, -0.997260, 0.136013, -0.995828, -0.060625, -0.068204, -0.051045, -0.062697, 0.997621, 0.028651, -0.008946, 0.000000, 0.000000, 0.000000, 1.000000
-29.9931, 40.4007, 50.7330, 213.2480, 235.2404, -40.4011, 149.3086, 136.0140, -51.0442, -8.9423, 0.189378, -0.944244, -0.269331, 0.040401, 0.975255, 0.149013, 0.163318, 0.050733, -0.114078, -0.293595, 0.949099, 0.213248, 0.000000, 0.000000, 0.000000, 1.000000, -0.114224, -0.293616, 0.949075, 0.235240, -0.189377, 0.944245, 0.269330, -0.040401, -0.975238, -0.148970, -0.163459, 0.149309, 0.000000, 0.000000, 0.000000, 1.000000, 0.066304, 0.032812, -0.997260, 0.136014, -0.995828, -0.060625, -0.068203, -0.051044, -0.062697, 0.997621, 0.028655, -0.008942, 0.000000, 0.000000, 0.000000, 1.000000
-29.9904, 40.3991, 50.7231, 213.2472, 235.2395, -40.3994, 149.3185, 136.0143, -51.0438, -8.9392, 0.189425, -0.944235, -0.269331, 0.040399, 0.975249, 0.149065, 0.163307, 0.050723, -0.114052, -0.293599, 0.949100, 0.213247, 0.000000, 0.000000, 0.000000, 1.000000, -0.114198, -0.293620, 0.949076, 0.235240, -0.189424, 0.944235, 0.269330, -0.040399, -0.975232, -0.149021, -0.163449, 0.149319, 0.000000, 0.000000, 0.000000, 1.000000, 0.066303, 0.032815, -0.997260, 0.136014, -0.995828, -0.060625, -0.068202, -0.051044, -0.062697, 0.997621, 0.028658, -0.008939, 0.000000, 0.000000, 0.000000, 1.000000
-29.9888, 40.3981, 50.7175, 213.2469, 235.2392, -40.3985, 149.3240, 136.0143, -51.0436, -8.9374, 0.189452, -0.944229, -0.269331, 0.040398, 0.975245, 0.149096, 0.163301, 0.050718, -0.114038, -0.293602, 0.949101, 0.213247, 0.000000, 0.000000, 0.000000, 1.000000, -0.114184, -0.293622, 0.949077, 0.235239, -0.189452, 0.944230, 0.269330, -0.040398, -0.975228, -0.149052, -0.163443, 0.149324, 0.000000, 0.000000, 0.000000, 1.000000, 0.066302, 0.032817, -0.997260, 0.136014, -0.995828, -0.060625, -0.068201, -0.051044, -0.062697, 0.997621, 0.028660, -0.008937, 0.000000, 0.000000, 0.000000, 1.000000
-29.9849, 40.3960, 50.7054, 213.2465, 235.2388, -40.3963, 149.3361, 136.0144, -51.0433, -8.9332, 0.189518, -0.944216, -0.269331, 0.040396, 0.975236, 0.149166, 0.163291, 0.050705, -0.114007, -0.293608, 0.949103, 0.213246, 0.000000, 0.000000, 0.000000, 1.000000, -0.114154, -0.293629, 0.949079, 0.235239, -0.189518, 0.944216, 0.269329, -0.040396, -0.975219, -0.149122, -0.163434, 0.149336, 0.000000, 0.000000, 0.000000, 1.000000, 0.066300, 0.032821, -0.997260, 0.136014, -0.995828, -0.060625, -0.068200, -0.051043, -0.062698, 0.997621, 0.028665, -0.008933, 0.000000, 0.000000, 0.000000, 1.000000
-29.9827, 40.3948, 50.6987, 213.2464, 235.2387, -40.3951, 149.3428, 136.0143, -51.0432, -8.9307, 0.189556, -0.944208, -0.269331, 0.040395, 0.975231, 0.149207, 0.163287, 0.050699, -0.113991, -0.293612, 0.949104, 0.213246, 0.000000, 0.000000, 0.000000, 1.000000, -0.114137, -0.293633, 0.949080, 0.235239, -0.189555, 0.944209, 0.269329, -0.040395, -0.975214, -0.149163, -0.163429, 0.149343, 0.000000, 0.000000, 0.000000, 1.000000, 0.066299, 0.032824, -0.997260, 0.136014, -0.995828, -0.060625, -0.068199, -0.051043, -0.062698, 0.997621, 0.028668, -0.008931, 0.000000, 0.000000, 0.000000, 1.000000
-29.9775, 40.3922, 50.6841, 213.2464, 235.2388, -40.3925, 149.3573, 136.0140, -51.0430, -8.9252, 0.189642, -0.944191, -0.269331, 0.040392, 0.975218, 0.149298, 0.163278, 0.050684, -0.113955, -0.293621, 0.949105, 0.213246, 0.000000, 0.000000, 0.000000, 1.000000, -0.114102, -0.293642, 0.949081, 0.235239, -0.189642, 0.944192, 0.269329, -0.040393, -0.975201, -0.149254, -0.163421, 0.149357, 0.000000, 0.000000, 0.000000, 1.000000, 0.066296, 0.032830, -0.997260, 0.136014, -0.995828, -0.060625, -0.068196, -0.051043, -0.062698, 0.997621, 0.028674, -0.008925, 0.000000, 0.000000, 0.000000, 1.000000
-29.9746, 40.3907, 50.6761, 213.2466, 235.2389, -40.3911, 149.3652, 136.0138, -51.0429, -8.9221, 0.189690, -0.944181, -0.269331, 0.040391, 0.975211, 0.149350, 0.163274, 0.050676, -0.113936, -0.293626, 0.949106, 0.213247, 0.000000, 0.000000, 0.000000, 1.000000, -0.114083, -0.293647, 0.949082, 0.235239, -0.189690, 0.944182, 0.269329, -0.040391, -0.975194, -0.149306, -0.163417, 0.149365, 0.000000, 0.000000, 0.000000, 1.000000, 0.066294, 0.032833, -0.997260, 0.136014, -0.995828, -0.060625, -0.068195, -0.051043, -0.062698, 0.997620, 0.028677, -0.008922, 0.000000, 0.000000, 0.000000, 1.000000
-29.9606, 40.3840, 50.6397, 213.2482, 235.2405, -40.3844, 149.4015, 136.0126, -51.0428, -8.9073, 0.189924, -0.944134, -0.269330, 0.040384, 0.975176, 0.149596, 0.163260, 0.050640, -0.113849, -0.293651, 0.949109, 0.213248, 0.000000, 0.000000, 0.000000, 1.000000, -0.113996, -0.293672, 0.949084, 0.235240, -0.189924, 0.944135, 0.269329, -0.040384, -0.975158, -0.149552, -0.163403, 0.149402, 0.000000, 0.000000, 0.000000, 1.000000, 0.066287, 0.032850, -0.997260, 0.136013, -0.995829, -0.060625, -0.068189, -0.051043, -0.062699, 0.997620, 0.028694, -0.008907, 0.000000, 0.000000, 0.000000, 1.000000
-29.9521, 40.3801, 50.6188, 213.2496, 235.2418, -40.3804, 149.4225, 136.0116, -51.0429, -8.8985, 0.190065, -0.944106, -0.269330, 0.040380, 0.975154, 0.149743, 0.163254, 0.050619, -0.113799, -0.293667, 0.949110, 0.213250, 0.000000, 0.000000, 0.000000, 1.000000, -0.113947, -0.293688, 0.949085, 0.235242, -0.190065, 0.944107, 0.269329, -0.040380, -0.975137, -0.149698, -0.163398, 0.149422, 0.000000, 0.000000, 0.000000, 1.000000, 0.066282, 0.032859, -0.997260, 0.136012, -0.995829, -0.060624, -0.068185, -0.051043, -0.062699, 0.997620, 0.028704, -0.008898, 0.000000, 0.000000, 0.000000, 1.000000
-29.9521, 40.3801, 50.6188, 213.2496, 235.2418, -40.3804, 149.4225, 136.0116, -51.0429, -8.8985, 0.190065, -0.944106, -0.269330, 0.040380, 0.975154, 0.149743, 0.163254, 0.050619, -0.113799, -0.293667, 0.949110, 0.213250, 0.000000, 0.000000, 0.000000, 1.000000, -0.113947, -0.293688, 0.949085, 0.235242, -0.190065, 0.944107, 0.269329, -0.040380, -0.975137, -0.149698, -0.163398, 0.149422, 0.000000, 0.000000, 0.000000, 1.000000, 0.066282, 0.032859, -0.997260, 0.136012, -0.995829, -0.060624, -0.068185, -0.051043, -0.062699, 0.997620, 0.028704, -0.008898, 0.000000, 0.000000, 0.000000, 1.000000
-29.9426, 40.3758, 50.5958, 213.2513, 235.2436, -40.3761, 149.4453, 136.0104, -51.0431, -8.8886, 0.190222, -0.944075, -0.269330, 0.040376, 0.975129, 0.149907, 0.163250, 0.050596, -0.113746, -0.293685, 0.949111, 0.213251, 0.000000, 0.000000, 0.000000, 1.000000, -0.113894, -0.293706, 0.949086, 0.235244, -0.190222, 0.944075, 0.269328, -0.040376, -0.975112, -0.149862, -0.163394, 0.149445, 0.000000, 0.000000, 0.000000, 1.000000, 0.066277, 0.032870, -0.997260, 0.136010, -0.995829, -0.060624, -0.068180, -0.051043, -0.062699, 0.997619, 0.028715, -0.008889, 0.000000, 0.000000, 0.000000, 1.000000
-29.9321, 40.3711, 50.5710, 213.2534, 235.2457, -40.3714, 149.4701, 136.0091, -51.0433, -8.8777, 0.190395, -0.944040, -0.269330, 0.040371, 0.975102, 0.150087, 0.163246, 0.050571, -0.113688, -0.293705, 0.949111, 0.213253, 0.000000, 0.000000, 0.000000, 1.000000, -0.113836, -0.293726, 0.949087, 0.235246, -0.190395, 0.944040, 0.269328, -0.040371, -0.975085, -0.150042, -0.163390, 0.149470, 0.000000, 0.000000, 0.000000, 1.000000, 0.066272, 0.032883, -0.997260, 0.136009, -0.995830, -0.060624, -0.068175, -0.051043, -0.062700, 0.997619, 0.028728, -0.008878, 0.000000, 0.000000, 0.000000, 1.000000
-29.9265, 40.3686, 50.5578, 213.2546, 235.2469, -40.3689, 149.4833, 136.0083, -51.0435, -8.8718, 0.190488, -0.944021, -0.269329, 0.040369, 0.975088, 0.150183, 0.163245, 0.050558, -0.113658, -0.293716, 0.949112, 0.213255, 0.000000, 0.000000, 0.000000, 1.000000, -0.113806, -0.293737, 0.949087, 0.235247, -0.190488, 0.944022, 0.269328, -0.040369, -0.975070, -0.150139, -0.163389, 0.149483, 0.000000, 0.000000, 0.000000, 1.000000, 0.066268, 0.032889, -0.997260, 0.136008, -0.995830, -0.060624, -0.068173, -0.051043, -0.062700, 0.997619, 0.028735, -0.008872, 0.000000, 0.000000, 0.000000, 1.000000
-29.9145, 40.3633, 50.5301, 213.2573, 235.2496, -40.3636, 149.5110, 136.0066, -51.0439, -8.8594, 0.190686, -0.943981, -0.269329, 0.040363, 0.975056, 0.150388, 0.163243, 0.050530, -0.113594, -0.293739, 0.949112, 0.213257, 0.000000, 0.000000, 0.000000, 1.000000, -0.113742, -0.293761, 0.949088, 0.235250, -0.190686, 0.943982, 0.269328, -0.040364, -0.975039, -0.150344, -0.163387, 0.149511, 0.000000, 0.000000, 0.000000, 1.000000, 0.066262, 0.032903, -0.997260, 0.136007, -0.995830, -0.060623, -0.068167, -0.051044, -0.062700, 0.997618, 0.028749, -0.008859, 0.000000, 0.000000, 0.000000, 1.000000
-29.9081, 40.3604, 50.5155, 213.2588, 235.2511, -40.3608, 149.5256, 136.0057, -51.0441, -8.8528, 0.190791, -0.943960, -0.269329, 0.040360, 0.975040, 0.150497, 0.163242, 0.050515, -0.113560, -0.293752, 0.949112, 0.213259, 0.000000, 0.000000, 0.000000, 1.000000, -0.113709, -0.293773, 0.949088, 0.235251, -0.190791, 0.943961, 0.269327, -0.040361, -0.975023, -0.150453, -0.163386, 0.149526, 0.000000, 0.000000, 0.000000, 1.000000, 0.066259, 0.032910, -0.997260, 0.136006, -0.995831, -0.060623, -0.068164, -0.051044, -0.062700, 0.997618, 0.028756, -0.008853, 0.000000, 0.000000, 0.000000, 1.000000
-29.8876, 40.3514, 50.4687, 213.2639, 235.2561, -40.3518, 149.5723, 136.0027, -51.0448, -8.8316, 0.191131, -0.943892, -0.269328, 0.040351, 0.974986, 0.150848, 0.163241, 0.050469, -0.113454, -0.293792, 0.949113, 0.213264, 0.000000, 0.000000, 0.000000, 1.000000, -0.113602, -0.293813, 0.949088, 0.235256, -0.191131, 0.943892, 0.269327, -0.040352, -0.974968, -0.150804, -0.163385, 0.149572, 0.000000, 0.000000, 0.000000, 1.000000, 0.066247, 0.032934, -0.997260, 0.136003, -0.995831, -0.060623, -0.068155, -0.051045, -0.062701, 0.997617, 0.028781, -0.008832, 0.000000, 0.000000, 0.000000, 1.000000
-29.8726, 40.3449, 50.4351, 213.2676, 235.2599, -40.3453, 149.6058, 136.0004, -51.0454, -8.8162, 0.191377, -0.943842, -0.269328, 0.040345, 0.974946, 0.151103, 0.163241, 0.050435, -0.113377, -0.293821, 0.949113, 0.213268, 0.000000, 0.000000, 0.000000, 1.000000, -0.113526, -0.293842, 0.949088, 0.235260, -0.191377, 0.943842, 0.269327, -0.040345, -0.974929, -0.151058, -0.163385, 0.149606, 0.000000, 0.000000, 0.000000, 1.000000, 0.066239, 0.032951, -0.997260, 0.136000, -0.995832, -0.060622, -0.068147, -0.051045, -0.062702, 0.997617, 0.028799, -0.008816, 0.000000, 0.000000, 0.000000, 1.000000
-29.8726, 40.3449, 50.4351, 213.2676, 235.2599, -40.3453, 149.6058, 136.0004, -51.0454, -8.8162, 0.191377, -0.943842, -0.269328, 0.040345, 0.974946, 0.151103, 0.163241, 0.050435, -0.113377, -0.293821, 0.949113, 0.213268, 0.000000, 0.000000, 0.000000, 1.000000, -0.113526, -0.293842, 0.949088, 0.235260, -0.191377, 0.943842, 0.269327, -0.040345, -0.974929, -0.151058, -0.163385, 0.149606, 0.000000, 0.000000, 0.000000, 1.000000, 0.066239, 0.032951, -0.997260, 0.136000, -0.995832, -0.060622, -0.068147, -0.051045, -0.062702, 0.997617, 0.028799, -0.008816, 0.000000, 0.000000, 0.000000, 1.000000
-29.8485, 40.3344, 50.3812, 213.2740, 235.2662, -40.3348, 149.6597, 135.9967, -51.0465, -8.7913, 0.191775, -0.943761, -0.269328, 0.040334, 0.974882, 0.151513, 0.163242, 0.050381, -0.113255, -0.293868, 0.949113, 0.213274, 0.000000, 0.000000, 0.000000, 1.000000, -0.113404, -0.293890, 0.949088, 0.235266, -0.191775, 0.943762, 0.269326, -0.040335, -0.974865, -0.151468, -0.163387, 0.149660, 0.000000, 0.000000, 0.000000, 1.000000, 0.066226, 0.032979, -0.997259, 0.135997, -0.995833, -0.060621, -0.068136, -0.051046, -0.062702, 0.997616, 0.028827, -0.008791, 0.000000, 0.000000, 0.000000, 1.000000
-29.8312, 40.3269, 50.3430, 213.2786, 235.2708, -40.3273, 149.6979, 135.9940, -51.0472, -8.7735, 0.192058, -0.943704, -0.269327, 0.040327, 0.974837, 0.151806, 0.163244, 0.050343, -0.113169, -0.293902, 0.949112, 0.213279, 0.000000, 0.000000, 0.000000, 1.000000, -0.113318, -0.293924, 0.949088, 0.235271, -0.192058, 0.943704, 0.269326, -0.040327, -0.974819, -0.151761, -0.163389, 0.149698, 0.000000, 0.000000, 0.000000, 1.000000, 0.066217, 0.032999, -0.997259, 0.135994, -0.995833, -0.060621, -0.068128, -0.051047, -0.062703, 0.997615, 0.028848, -0.008774, 0.000000, 0.000000, 0.000000, 1.000000
-29.8223, 40.3231, 50.3233, 213.2810, 235.2732, -40.3234, 149.7176, 135.9926, -51.0476, -8.7644, 0.192205, -0.943674, -0.269327, 0.040323, 0.974813, 0.151957, 0.163245, 0.050323, -0.113124, -0.293920, 0.949112, 0.213281, 0.000000, 0.000000, 0.000000, 1.000000, -0.113273, -0.293942, 0.949088, 0.235273, -0.192205, 0.943674, 0.269325, -0.040323, -0.974796, -0.151912, -0.163390, 0.149718, 0.000000, 0.000000, 0.000000, 1.000000, 0.066212, 0.033010, -0.997259, 0.135993, -0.995833, -0.060621, -0.068124, -0.051048, -0.062703, 0.997615, 0.028858, -0.008764, 0.000000, 0.000000, 0.000000, 1.000000
-29.8132, 40.3191, 50.3031, 213.2835, 235.2757, -40.3194, 149.7378, 135.9911, -51.0480, -8.7550, 0.192356, -0.943643, -0.269327, 0.040319, 0.974788, 0.152112, 0.163246, 0.050303, -0.113078, -0.293938, 0.949112, 0.213283, 0.000000, 0.000000, 0.000000, 1.000000, -0.113228, -0.293960, 0.949088, 0.235276, -0.192356, 0.943644, 0.269325, -0.040319, -0.974771, -0.152067, -0.163391, 0.149738, 0.000000, 0.000000, 0.000000, 1.000000, 0.066207, 0.033020, -0.997259, 0.135991, -0.995834, -0.060620, -0.068119, -0.051048, -0.062703, 0.997615, 0.028869, -0.008755, 0.000000, 0.000000, 0.000000, 1.000000
-29.7846, 40.3067, 50.2401, 213.2913, 235.2836, -40.3070, 149.8008, 135.9866, -51.0493, -8.7255, 0.192826, -0.943547, -0.269326, 0.040307, 0.974712, 0.152597, 0.163250, 0.050240, -0.112936, -0.293995, 0.949112, 0.213291, 0.000000, 0.000000, 0.000000, 1.000000, -0.113085, -0.294016, 0.949087, 0.235284, -0.192826, 0.943548, 0.269325, -0.040307, -0.974695, -0.152552, -0.163395, 0.149801, 0.000000, 0.000000, 0.000000, 1.000000, 0.066191, 0.033053, -0.997259, 0.135987, -0.995835, -0.060619, -0.068106, -0.051049, -0.062704, 0.997614, 0.028903, -0.008726, 0.000000, 0.000000, 0.000000, 1.000000
-29.7747, 40.3024, 50.2183, 213.2940, 235.2863, -40.3027, 149.8226, 135.9850, -51.0498, -8.7154, 0.192989, -0.943514, -0.269326, 0.040302, 0.974685, 0.152765, 0.163252, 0.050218, -0.112887, -0.294014, 0.949111, 0.213294, 0.000000, 0.000000, 0.000000, 1.000000, -0.113036, -0.294036, 0.949087, 0.235286, -0.192989, 0.943514, 0.269325, -0.040303, -0.974668, -0.152720, -0.163397, 0.149823, 0.000000, 0.000000, 0.000000, 1.000000, 0.066186, 0.033065, -0.997259, 0.135985, -0.995835, -0.060619, -0.068101, -0.051050, -0.062705, 0.997613, 0.028915, -0.008715, 0.000000, 0.000000, 0.000000, 1.000000
-29.7646, 40.2980, 50.1961, 213.2968, 235.2891, -40.2983, 149.8447, 135.9834, -51.0502, -8.7050, 0.193155, -0.943480, -0.269326, 0.040298, 0.974658, 0.152936, 0.163254, 0.050196, -0.112837, -0.294034, 0.949111, 0.213297, 0.000000, 0.000000, 0.000000, 1.000000, -0.112986, -0.294056, 0.949087, 0.235289, -0.193155, 0.943481, 0.269324, -0.040298, -0.974641, -0.152891, -0.163399, 0.149845, 0.000000, 0.000000, 0.000000, 1.000000, 0.066180, 0.033076, -0.997259, 0.135983, -0.995835, -0.060619, -0.068096, -0.051050, -0.062705, 0.997613, 0.028927, -0.008705, 0.000000, 0.000000, 0.000000, 1.000000
-29.7543, 40.2935, 50.1736, 213.2997, 235.2919, -40.2939, 149.8672, 135.9817, -51.0507, -8.6945, 0.193324, -0.943446, -0.269326, 0.040294, 0.974631, 0.153109, 0.163255, 0.050174, -0.112786, -0.294054, 0.949111, 0.213300, 0.000000, 0.000000, 0.000000, 1.000000, -0.112936, -0.294076, 0.949086, 0.235292, -0.193323, 0.943446, 0.269324, -0.040294, -0.974614, -0.153064, -0.163400, 0.149867, 0.000000, 0.000000, 0.000000, 1.000000, 0.066174, 0.033088, -0.997259, 0.135982, -0.995836, -0.060618, -0.068091, -0.051051, -0.062705, 0.997612, 0.028939, -0.008694, 0.000000, 0.000000, 0.000000, 1.000000
-29.7227, 40.2797, 50.1041, 213.3085, 235.3007, -40.2801, 149.9367, 135.9766, -51.0521, -8.6619, 0.193844, -0.943339, -0.269325, 0.040280, 0.974546, 0.153646, 0.163261, 0.050104, -0.112629, -0.294117, 0.949110, 0.213308, 0.000000, 0.000000, 0.000000, 1.000000, -0.112779, -0.294139, 0.949085, 0.235301, -0.193844, 0.943339, 0.269324, -0.040280, -0.974528, -0.153601, -0.163406, 0.149937, 0.000000, 0.000000, 0.000000, 1.000000, 0.066157, 0.033125, -0.997259, 0.135977, -0.995837, -0.060617, -0.068076, -0.051052, -0.062706, 0.997611, 0.028976, -0.008662, 0.000000, 0.000000, 0.000000, 1.000000
-29.7009, 40.2702, 50.0563, 213.3146, 235.3068, -40.2706, 149.9845, 135.9731, -51.0531, -8.6395, 0.194203, -0.943265, -0.269325, 0.040270, 0.974487, 0.154015, 0.163264, 0.050056, -0.112522, -0.294160, 0.949109, 0.213315, 0.000000, 0.000000, 0.000000, 1.000000, -0.112671, -0.294182, 0.949085, 0.235307, -0.194203, 0.943266, 0.269324, -0.040271, -0.974469, -0.153970, -0.163410, 0.149985, 0.000000, 0.000000, 0.000000, 1.000000, 0.066145, 0.033150, -0.997259, 0.135973, -0.995838, -0.060617, -0.068066, -0.051053, -0.062707, 0.997610, 0.029002, -0.008639, 0.000000, 0.000000, 0.000000, 1.000000
-29.6674, 40.2555, 49.9827, 213.3239, 235.3162, -40.2559, 150.0581, 135.9677, -51.0546, -8.6050, 0.194754, -0.943152, -0.269325, 0.040256, 0.974396, 0.154582, 0.163270, 0.049983, -0.112356, -0.294226, 0.949109, 0.213324, 0.000000, 0.000000, 0.000000, 1.000000, -0.112505, -0.294248, 0.949084, 0.235316, -0.194753, 0.943152, 0.269323, -0.040256, -0.974379, -0.154537, -0.163415, 0.150058, 0.000000, 0.000000, 0.000000, 1.000000, 0.066127, 0.033188, -0.997259, 0.135968, -0.995839, -0.060616, -0.068050, -0.051055, -0.062708, 0.997609, 0.029042, -0.008605, 0.000000, 0.000000, 0.000000, 1.000000
-29.6674, 40.2555, 49.9827, 213.3239, 235.3162, -40.2559, 150.0581, 135.9677, -51.0546, -8.6050, 0.194754, -0.943152, -0.269325, 0.040256, 0.974396, 0.154582, 0.163270, 0.049983, -0.112356, -0.294226, 0.949109, 0.213324, 0.000000, 0.000000, 0.000000, 1.000000, -0.112505, -0.294248, 0.949084, 0.235316, -0.194753, 0.943152, 0.269323, -0.040256, -0.974379, -0.154537, -0.163415, 0.150058, 0.000000, 0.000000, 0.000000, 1.000000, 0.066127, 0.033188, -0.997259, 0.135968, -0.995839, -0.060616, -0.068050, -0.051055, -0.062708, 0.997609, 0.029042, -0.008605, 0.000000, 0.000000, 0.000000, 1.000000
-29.6445, 40.2455, 49.9325, 213.3302, 235.3225, -40.2459, 150.1083, 135.9641, -51.0556, -8.5815, 0.195129, -0.943074, -0.269325, 0.040246, 0.974334, 0.154969, 0.163274, 0.049933, -0.112242, -0.294271, 0.949108, 0.213330, 0.000000, 0.000000, 0.000000, 1.000000, -0.112392, -0.294294, 0.949083, 0.235323, -0.195129, 0.943075, 0.269323, -0.040246, -0.974317, -0.154924, -0.163419, 0.150108, 0.000000, 0.000000, 0.000000, 1.000000, 0.066114, 0.033215, -0.997259, 0.135964, -0.995840, -0.060615, -0.068039, -0.051056, -0.062709, 0.997608, 0.029069, -0.008582, 0.000000, 0.000000, 0.000000, 1.000000
-29.6097, 40.2301, 49.8559, 213.3399, 235.3322, -40.2305, 150.1849, 135.9585, -51.0571, -8.5457, 0.195701, -0.942956, -0.269324, 0.040230, 0.974239, 0.155559, 0.163279, 0.049856, -0.112069, -0.294340, 0.949107, 0.213340, 0.000000, 0.000000, 0.000000, 1.000000, -0.112219, -0.294362, 0.949083, 0.235332, -0.195701, 0.942956, 0.269323, -0.040230, -0.974222, -0.155514, -0.163425, 0.150185, 0.000000, 0.000000, 0.000000, 1.000000, 0.066095, 0.033255, -0.997259, 0.135958, -0.995841, -0.060614, -0.068022, -0.051057, -0.062710, 0.997607, 0.029110, -0.008546, 0.000000, 0.000000, 0.000000, 1.000000
-29.5980, 40.2250, 49.8301, 213.3432, 235.3355, -40.2253, 150.2107, 135.9566, -51.0576, -8.5336, 0.195894, -0.942916, -0.269324, 0.040225, 0.974207, 0.155757, 0.163281, 0.049830, -0.112011, -0.294363, 0.949107, 0.213343, 0.000000, 0.000000, 0.000000, 1.000000, -0.112161, -0.294386, 0.949082, 0.235335, -0.195894, 0.942916, 0.269323, -0.040225, -0.974190, -0.155712, -0.163426, 0.150211, 0.000000, 0.000000, 0.000000, 1.000000, 0.066088, 0.033268, -0.997259, 0.135957, -0.995841, -0.060613, -0.068017, -0.051058, -0.062710, 0.997607, 0.029124, -0.008534, 0.000000, 0.000000, 0.000000, 1.000000
-29.5862, 40.2197, 49.8042, 213.3464, 235.3387, -40.2201, 150.2366, 135.9547, -51.0581, -8.5215, 0.196088, -0.942875, -0.269324, 0.040220, 0.974175, 0.155957, 0.163283, 0.049804, -0.111953, -0.294386, 0.949107, 0.213346, 0.000000, 0.000000, 0.000000, 1.000000, -0.112102, -0.294409, 0.949082, 0.235339, -0.196088, 0.942876, 0.269323, -0.040220, -0.974157, -0.155912, -0.163428, 0.150237, 0.000000, 0.000000, 0.000000, 1.000000, 0.066082, 0.033282, -0.997259, 0.135955, -0.995842, -0.060613, -0.068011, -0.051058, -0.062711, 0.997606, 0.029138, -0.008522, 0.000000, 0.000000, 0.000000, 1.000000
-29.5626, 40.2092, 49.7520, 213.3529, 235.3452, -40.2096, 150.2888, 135.9510, -51.0590, -8.4972, 0.196477, -0.942795, -0.269324, 0.040209, 0.974110, 0.156357, 0.163286, 0.049752, -0.111835, -0.294433, 0.949106, 0.213353, 0.000000, 0.000000, 0.000000, 1.000000, -0.111984, -0.294455, 0.949081, 0.235345, -0.196477, 0.942795, 0.269322, -0.040210, -0.974093, -0.156312, -0.163431, 0.150289, 0.000000, 0.000000, 0.000000, 1.000000, 0.066069, 0.033309, -0.997259, 0.135951, -0.995842, -0.060612, -0.068000, -0.051059, -0.062711, 0.997605, 0.029166, -0.008497, 0.000000, 0.000000, 0.000000, 1.000000
-29.5507, 40.2039, 49.7258, 213.3562, 235.3485, -40.2043, 150.3150, 135.9491, -51.0595, -8.4850, 0.196672, -0.942754, -0.269324, 0.040204, 0.974077, 0.156559, 0.163288, 0.049726, -0.111775, -0.294456, 0.949106, 0.213356, 0.000000, 0.000000, 0.000000, 1.000000, -0.111925, -0.294479, 0.949081, 0.235348, -0.196672, 0.942754, 0.269322, -0.040204, -0.974060, -0.156513, -0.163433, 0.150315, 0.000000, 0.000000, 0.000000, 1.000000, 0.066062, 0.033323, -0.997259, 0.135949, -0.995843, -0.060612, -0.067994, -0.051060, -0.062712, 0.997605, 0.029180, -0.008485, 0.000000, 0.000000, 0.000000, 1.000000
-29.5151, 40.1880, 49.6470, 213.3659, 235.3582, -40.1884, 150.3938, 135.9435, -51.0609, -8.4483, 0.197258, -0.942632, -0.269324, 0.040188, 0.973979, 0.157163, 0.163292, 0.049647, -0.111597, -0.294526, 0.949105, 0.213366, 0.000000, 0.000000, 0.000000, 1.000000, -0.111746, -0.294549, 0.949080, 0.235358, -0.197257, 0.942632, 0.269322, -0.040188, -0.973962, -0.157117, -0.163437, 0.150394, 0.000000, 0.000000, 0.000000, 1.000000, 0.066043, 0.033364, -0.997259, 0.135943, -0.995844, -0.060611, -0.067977, -0.051061, -0.062713, 0.997604, 0.029222, -0.008448, 0.000000, 0.000000, 0.000000, 1.000000
-29.5151, 40.1880, 49.6470, 213.3659, 235.3582, -40.1884, 150.3938, 135.9435, -51.0609, -8.4483, 0.197258, -0.942632, -0.269324, 0.040188, 0.973979, 0.157163, 0.163292, 0.049647, -0.111597, -0.294526, 0.949105, 0.213366, 0.000000, 0.000000, 0.000000, 1.000000, -0.111746, -0.294549, 0.949080, 0.235358, -0.197257, 0.942632, 0.269322, -0.040188, -0.973962, -0.157117, -0.163437, 0.150394, 0.000000, 0.000000, 0.000000, 1.000000, 0.066043, 0.033364, -0.997259, 0.135943, -0.995844, -0.060611, -0.067977, -0.051061, -0.062713, 0.997604, 0.029222, -0.008448, 0.000000, 0.000000, 0.000000, 1.000000
-29.4796, 40.1721, 49.5682, 213.3755, 235.3679, -40.1724, 150.4727, 135.9379, -51.0623, -8.4116, 0.197842, -0.942509, -0.269324, 0.040172, 0.973881, 0.157765, 0.163296, 0.049568, -0.111418, -0.294596, 0.949104, 0.213375, 0.000000, 0.000000, 0.000000, 1.000000, -0.111568, -0.294619, 0.949080, 0.235368, -0.197842, 0.942510, 0.269322, -0.040172, -0.973864, -0.157720, -0.163441, 0.150473, 0.000000, 0.000000, 0.000000, 1.000000, 0.066023, 0.033405, -0.997259, 0.135938, -0.995845, -0.060610, -0.067960, -0.051062, -0.062714, 0.997602, 0.029264, -0.008412, 0.000000, 0.000000, 0.000000, 1.000000
-29.4560, 40.1614, 49.5158, 213.3818, 235.3742, -40.1618, 150.5250, 135.9342, -51.0632, -8.3873, 0.198230, -0.942428, -0.269323, 0.040161, 0.973816, 0.158165, 0.163299, 0.049516, -0.111300, -0.294642, 0.949104, 0.213382, 0.000000, 0.000000, 0.000000, 1.000000, -0.111449, -0.294665, 0.949079, 0.235374, -0.198229, 0.942428, 0.269322, -0.040162, -0.973799, -0.158120, -0.163444, 0.150525, 0.000000, 0.000000, 0.000000, 1.000000, 0.066010, 0.033432, -0.997259, 0.135934, -0.995846, -0.060609, -0.067948, -0.051063, -0.062715, 0.997602, 0.029292, -0.008387, 0.000000, 0.000000, 0.000000, 1.000000
-29.4443, 40.1561, 49.4898, 213.3850, 235.3773, -40.1565, 150.5511, 135.9324, -51.0636, -8.3753, 0.198422, -0.942387, -0.269323, 0.040156, 0.973783, 0.158364, 0.163300, 0.049490, -0.111241, -0.294665, 0.949104, 0.213385, 0.000000, 0.000000, 0.000000, 1.000000, -0.111390, -0.294688, 0.949079, 0.235377, -0.198422, 0.942388, 0.269322, -0.040156, -0.973766, -0.158319, -0.163445, 0.150551, 0.000000, 0.000000, 0.000000, 1.000000, 0.066004, 0.033445, -0.997259, 0.135932, -0.995847, -0.060609, -0.067943, -0.051064, -0.062715, 0.997601, 0.029306, -0.008375, 0.000000, 0.000000, 0.000000, 1.000000
-29.4210, 40.1456, 49.4379, 213.3912, 235.3835, -40.1459, 150.6030, 135.9287, -51.0644, -8.3512, 0.198805, -0.942306, -0.269323, 0.040146, 0.973719, 0.158759, 0.163302, 0.049438, -0.111123, -0.294710, 0.949103, 0.213391, 0.000000, 0.000000, 0.000000, 1.000000, -0.111272, -0.294733, 0.949079, 0.235384, -0.198805, 0.942307, 0.269322, -0.040146, -0.973702, -0.158714, -0.163447, 0.150603, 0.000000, 0.000000, 0.000000, 1.000000, 0.065991, 0.033472, -0.997259, 0.135929, -0.995847, -0.060608, -0.067932, -0.051064, -0.062716, 0.997600, 0.029334, -0.008351, 0.000000, 0.000000, 0.000000, 1.000000
-29.4210, 40.1456, 49.4379, 213.3912, 235.3835, -40.1459, 150.6030, 135.9287, -51.0644, -8.3512, 0.198805, -0.942306, -0.269323, 0.040146, 0.973719, 0.158759, 0.163302, 0.049438, -0.111123, -0.294710, 0.949103, 0.213391, 0.000000, 0.000000, 0.000000, 1.000000, -0.111272, -0.294733, 0.949079, 0.235384, -0.198805, 0.942307, 0.269322, -0.040146, -0.973702, -0.158714, -0.163447, 0.150603, 0.000000, 0.000000, 0.000000, 1.000000, 0.065991, 0.033472, -0.997259, 0.135929, -0.995847, -0.060608, -0.067932, -0.051064, -0.062716, 0.997600, 0.029334, -0.008351, 0.000000, 0.000000, 0.000000, 1.000000
-29.3866, 40.1299, 49.3610, 213.4003, 235.3927, -40.1302, 150.6799, 135.9234, -51.0656, -8.3157, 0.199372, -0.942187, -0.269323, 0.040130, 0.973623, 0.159344, 0.163304, 0.049361, -0.110948, -0.294778, 0.949103, 0.213400, 0.000000, 0.000000, 0.000000, 1.000000, -0.111097, -0.294800, 0.949079, 0.235393, -0.199372, 0.942187, 0.269322, -0.040130, -0.973606, -0.159299, -0.163449, 0.150680, 0.000000, 0.000000, 0.000000, 1.000000, 0.065972, 0.033512, -0.997259, 0.135923, -0.995849, -0.060607, -0.067915, -0.051066, -0.062717, 0.997599, 0.029375, -0.008316, 0.000000, 0.000000, 0.000000, 1.000000
-29.3640, 40.1196, 49.3105, 213.4062, 235.3986, -40.1199, 150.7305, 135.9199, -51.0664, -8.2924, 0.199744, -0.942108, -0.269323, 0.040120, 0.973560, 0.159728, 0.163306, 0.049310, -0.110833, -0.294822, 0.949103, 0.213406, 0.000000, 0.000000, 0.000000, 1.000000, -0.110982, -0.294844, 0.949078, 0.235399, -0.199744, 0.942108, 0.269322, -0.040120, -0.973543, -0.159683, -0.163450, 0.150730, 0.000000, 0.000000, 0.000000, 1.000000, 0.065959, 0.033538, -0.997259, 0.135920, -0.995849, -0.060606, -0.067904, -0.051066, -0.062717, 0.997598, 0.029401, -0.008292, 0.000000, 0.000000, 0.000000, 1.000000
-29.3528, 40.1145, 49.2854, 213.4091, 235.4015, -40.1148, 150.7555, 135.9182, -51.0667, -8.2808, 0.199928, -0.942069, -0.269323, 0.040114, 0.973528, 0.159917, 0.163306, 0.049285, -0.110776, -0.294843, 0.949103, 0.213409, 0.000000, 0.000000, 0.000000, 1.000000, -0.110925, -0.294866, 0.949078, 0.235402, -0.199928, 0.942069, 0.269322, -0.040115, -0.973511, -0.159873, -0.163451, 0.150756, 0.000000, 0.000000, 0.000000, 1.000000, 0.065953, 0.033551, -0.997259, 0.135918, -0.995850, -0.060606, -0.067899, -0.051067, -0.062718, 0.997598, 0.029414, -0.008281, 0.000000, 0.000000, 0.000000, 1.000000
-29.3308, 40.1044, 49.2360, 213.4148, 235.4072, -40.1047, 150.8049, 135.9148, -51.0674, -8.2581, 0.200291, -0.941992, -0.269323, 0.040104, 0.973467, 0.160292, 0.163307, 0.049236, -0.110664, -0.294886, 0.949103, 0.213415, 0.000000, 0.000000, 0.000000, 1.000000, -0.110812, -0.294909, 0.949078, 0.235407, -0.200290, 0.941992, 0.269322, -0.040105, -0.973450, -0.160247, -0.163452, 0.150805, 0.000000, 0.000000, 0.000000, 1.000000, 0.065941, 0.033576, -0.997258, 0.135915, -0.995851, -0.060605, -0.067888, -0.051067, -0.062718, 0.997597, 0.029441, -0.008258, 0.000000, 0.000000, 0.000000, 1.000000
-29.3093, 40.0953, 49.1935, 213.4226, 235.4151, -40.0956, 150.8474, 135.9106, -51.0689, -8.2362, 0.200642, -0.941917, -0.269323, 0.040095, 0.973405, 0.160650, 0.163324, 0.049193, -0.110572, -0.294930, 0.949100, 0.213423, 0.000000, 0.000000, 0.000000, 1.000000, -0.110720, -0.294953, 0.949075, 0.235415, -0.200642, 0.941918, 0.269321, -0.040096, -0.973388, -0.160605, -0.163469, 0.150847, 0.000000, 0.000000, 0.000000, 1.000000, 0.065928, 0.033601, -0.997258, 0.135911, -0.995851, -0.060604, -0.067877, -0.051069, -0.062719, 0.997596, 0.029466, -0.008236, 0.000000, 0.000000, 0.000000, 1.000000
-29.2987, 40.0908, 49.1724, 213.4264, 235.4188, -40.0911, 150.8685, 135.9085, -51.0696, -8.2255, 0.200814, -0.941881, -0.269323, 0.040091, 0.973374, 0.160825, 0.163332, 0.049172, -0.110526, -0.294951, 0.949098, 0.213426, 0.000000, 0.000000, 0.000000, 1.000000, -0.110675, -0.294974, 0.949074, 0.235419, -0.200814, 0.941881, 0.269321, -0.040091, -0.973358, -0.160780, -0.163477, 0.150868, 0.000000, 0.000000, 0.000000, 1.000000, 0.065922, 0.033613, -0.997258, 0.135909, -0.995852, -0.060604, -0.067872, -0.051070, -0.062719, 0.997596, 0.029478, -0.008226, 0.000000, 0.000000, 0.000000, 1.000000
-29.2678, 40.0775, 49.1100, 213.4372, 235.4296, -40.0778, 150.9308, 135.9026, -51.0715, -8.1941, 0.201319, -0.941773, -0.269322, 0.040077, 0.973286, 0.161341, 0.163353, 0.049110, -0.110389, -0.295014, 0.949095, 0.213437, 0.000000, 0.000000, 0.000000, 1.000000, -0.110538, -0.295037, 0.949070, 0.235430, -0.201319, 0.941773, 0.269321, -0.040078, -0.973269, -0.161296, -0.163499, 0.150931, 0.000000, 0.000000, 0.000000, 1.000000, 0.065905, 0.033648, -0.997258, 0.135903, -0.995853, -0.060603, -0.067857, -0.051072, -0.062720, 0.997595, 0.029515, -0.008194, 0.000000, 0.000000, 0.000000, 1.000000
-29.2678, 40.0775, 49.1100, 213.4372, 235.4296, -40.0778, 150.9308, 135.9026, -51.0715, -8.1941, 0.201319, -0.941773, -0.269322, 0.040077, 0.973286, 0.161341, 0.163353, 0.049110, -0.110389, -0.295014, 0.949095, 0.213437, 0.000000, 0.000000, 0.000000, 1.000000, -0.110538, -0.295037, 0.949070, 0.235430, -0.201319, 0.941773, 0.269321, -0.040078, -0.973269, -0.161296, -0.163499, 0.150931, 0.000000, 0.000000, 0.000000, 1.000000, 0.065905, 0.033648, -0.997258, 0.135903, -0.995853, -0.060603, -0.067857, -0.051072, -0.062720, 0.997595, 0.029515, -0.008194, 0.000000, 0.000000, 0.000000, 1.000000
-29.2479, 40.0688, 49.0691, 213.4439, 235.4363, -40.0691, 150.9717, 135.8989, -51.0726, -8.1737, 0.201645, -0.941703, -0.269322, 0.040069, 0.973228, 0.161674, 0.163365, 0.049069, -0.110299, -0.295054, 0.949093, 0.213444, 0.000000, 0.000000, 0.000000, 1.000000, -0.110448, -0.295077, 0.949068, 0.235436, -0.201645, 0.941704, 0.269321, -0.040069, -0.973211, -0.161629, -0.163510, 0.150972, 0.000000, 0.000000, 0.000000, 1.000000, 0.065894, 0.033671, -0.997258, 0.135899, -0.995853, -0.060602, -0.067847, -0.051073, -0.062721, 0.997594, 0.029538, -0.008174, 0.000000, 0.000000, 0.000000, 1.000000
