# Joint_5_Angle(deg), Cam_X(mm), Cam_Y(mm), Cam_Z(mm), Torso_X(mm), Torso_Y(mm), Torso_Z(mm), EE_X(mm), EE_Y(mm), EE_Z(mm), T_cam2marker_flat(16), T_torso2marker_flat(16), T_ee2marker_flat(16)
-29.9982, -25.5414, 17.9357, 144.7647, 166.7612, 25.5412, 182.1091, 143.0575, -41.5275, -4.3826, 0.635828, -0.757342, 0.148848, -0.025541, 0.771709, 0.620373, -0.140005, 0.017936, 0.013691, 0.203887, 0.978899, 0.144765, 0.000000, 0.000000, 0.000000, 1.000000, 0.013537, 0.203766, 0.978926, 0.166761, -0.635828, 0.757342, -0.148850, 0.025541, -0.771712, -0.620414, 0.139812, 0.182109, 0.000000, 0.000000, 0.000000, 1.000000, 0.037526, 0.061871, -0.997378, 0.143057, -0.995860, -0.080376, -0.042455, -0.041528, -0.082792, 0.994843, 0.058599, -0.004383, 0.000000, 0.000000, 0.000000, 1.000000
-29.9984, -25.5413, 17.9374, 144.7654, 166.7619, 25.5411, 182.1074, 143.0572, -41.5278, -4.3826, 0.635827, -0.757343, 0.148850, -0.025541, 0.771710, 0.620373, -0.140001, 0.017937, 0.013686, 0.203886, 0.978899, 0.144765, 0.000000, 0.000000, 0.000000, 1.000000, 0.013532, 0.203764, 0.978926, 0.166762, -0.635827, 0.757342, -0.148852, 0.025541, -0.771713, -0.620414, 0.139807, 0.182107, 0.000000, 0.000000, 0.000000, 1.000000, 0.037526, 0.061871, -0.997378, 0.143057, -0.995860, -0.080376, -0.042455, -0.041528, -0.082792, 0.994843, 0.058599, -0.004383, 0.000000, 0.000000, 0.000000, 1.000000
-29.9987, -25.5412, 17.9406, 144.7666, 166.7631, 25.5410, 182.1043, 143.0567, -41.5284, -4.3826, 0.635825, -0.757343, 0.148855, -0.025541, 0.771712, 0.620373, -0.139992, 0.017941, 0.013677, 0.203884, 0.978900, 0.144767, 0.000000, 0.000000, 0.000000, 1.000000, 0.013523, 0.203762, 0.978927, 0.166763, -0.635825, 0.757343, -0.148857, 0.025541, -0.771715, -0.620413, 0.139799, 0.182104, 0.000000, 0.000000, 0.000000, 1.000000, 0.037526, 0.061871, -0.997378, 0.143057, -0.995860, -0.080376, -0.042455, -0.041528, -0.082792, 0.994843, 0.058599, -0.004383, 0.000000, 0.000000, 0.000000, 1.000000
-29.9989, -25.5412, 17.9433, 144.7676, 166.7641, 25.5409, 182.1015, 143.0563, -41.5288, -4.3826, 0.635823, -0.757344, 0.148859, -0.025541, 0.771714, 0.620373, -0.139985, 0.017943, 0.013669, 0.203883, 0.978900, 0.144768, 0.000000, 0.000000, 0.000000, 1.000000, 0.013515, 0.203761, 0.978927, 0.166764, -0.635823, 0.757343, -0.148861, 0.025541, -0.771716, -0.620413, 0.139792, 0.182102, 0.000000, 0.000000, 0.000000, 1.000000, 0.037526, 0.061871, -0.997378, 0.143056, -0.995860, -0.080376, -0.042455, -0.041529, -0.082792, 0.994843, 0.058599, -0.004383, 0.000000, 0.000000, 0.000000, 1.000000
-29.9990, -25.5412, 17.9446, 144.7680, 166.7645, 25.5409, 182.1003, 143.0562, -41.5290, -4.3826, 0.635823, -0.757344, 0.148861, -0.025541, 0.771714, 0.620373, -0.139982, 0.017945, 0.013665, 0.203882, 0.978900, 0.144768, 0.000000, 0.000000, 0.000000, 1.000000, 0.013512, 0.203761, 0.978927, 0.166765, -0.635823, 0.757344, -0.148863, 0.025541, -0.771717, -0.620413, 0.139789, 0.182100, 0.000000, 0.000000, 0.000000, 1.000000, 0.037526, 0.061871, -0.997378, 0.143056, -0.995860, -0.080376, -0.042455, -0.041529, -0.082792, 0.994843, 0.058599, -0.004383, 0.000000, 0.000000, 0.000000, 1.000000
-29.9993, -25.5412, 17.9468, 144.7687, 166.7652, 25.5410, 182.0981, 143.0559, -41.5294, -4.3826, 0.635821, -0.757344, 0.148866, -0.025541, 0.771715, 0.620372, -0.139977, 0.017947, 0.013659, 0.203882, 0.978900, 0.144769, 0.000000, 0.000000, 0.000000, 1.000000, 0.013506, 0.203761, 0.978927, 0.166765, -0.635821, 0.757344, -0.148867, 0.025541, -0.771718, -0.620412, 0.139784, 0.182098, 0.000000, 0.000000, 0.000000, 1.000000, 0.037526, 0.061871, -0.997378, 0.143056, -0.995860, -0.080376, -0.042455, -0.041529, -0.082792, 0.994843, 0.058599, -0.004383, 0.000000, 0.000000, 0.000000, 1.000000
-29.9995, -25.5413, 17.9486, 144.7692, 166.7657, 25.5410, 182.0963, 143.0556, -41.5296, -4.3827, 0.635820, -0.757345, 0.148869, -0.025541, 0.771717, 0.620372, -0.139974, 0.017949, 0.013654, 0.203883, 0.978900, 0.144769, 0.000000, 0.000000, 0.000000, 1.000000, 0.013501, 0.203762, 0.978927, 0.166766, -0.635820, 0.757344, -0.148871, 0.025541, -0.771719, -0.620412, 0.139781, 0.182096, 0.000000, 0.000000, 0.000000, 1.000000, 0.037526, 0.061871, -0.997378, 0.143056, -0.995860, -0.080376, -0.042454, -0.041530, -0.082792, 0.994843, 0.058598, -0.004383, 0.000000, 0.000000, 0.000000, 1.000000
-29.9995, -25.5413, 17.9486, 144.7692, 166.7657, 25.5410, 182.0963, 143.0556, -41.5296, -4.3827, 0.635820, -0.757345, 0.148869, -0.025541, 0.771717, 0.620372, -0.139974, 0.017949, 0.013654, 0.203883, 0.978900, 0.144769, 0.000000, 0.000000, 0.000000, 1.000000, 0.013501, 0.203762, 0.978927, 0.166766, -0.635820, 0.757344, -0.148871, 0.025541, -0.771719, -0.620412, 0.139781, 0.182096, 0.000000, 0.000000, 0.000000, 1.000000, 0.037526, 0.061871, -0.997378, 0.143056, -0.995860, -0.080376, -0.042454, -0.041530, -0.082792, 0.994843, 0.058598, -0.004383, 0.000000, 0.000000, 0.000000, 1.000000
-29.9998, -25.5414, 17.9505, 144.7697, 166.7662, 25.5411, 182.0944, 143.0554, -41.5299, -4.3828, 0.635819, -0.757345, 0.148873, -0.025541, 0.771718, 0.620371, -0.139970, 0.017950, 0.013649, 0.203884, 0.978900, 0.144770, 0.000000, 0.000000, 0.000000, 1.000000, 0.013496, 0.203762, 0.978927, 0.166766, -0.635819, 0.757345, -0.148875, 0.025541, -0.771720, -0.620411, 0.139777, 0.182094, 0.000000, 0.000000, 0.000000, 1.000000, 0.037526, 0.061871, -0.997378, 0.143055, -0.995860, -0.080376, -0.042454, -0.041530, -0.082792, 0.994843, 0.058598, -0.004383, 0.000000, 0.000000, 0.000000, 1.000000
-29.9998, -25.5413, 17.9509, 144.7699, 166.7664, 25.5411, 182.0940, 143.0553, -41.5300, -4.3828, 0.635818, -0.757345, 0.148873, -0.025541, 0.771718, 0.620371, -0.139969, 0.017951, 0.013648, 0.203883, 0.978900, 0.144770, 0.000000, 0.000000, 0.000000, 1.000000, 0.013495, 0.203762, 0.978927, 0.166766, -0.635818, 0.757345, -0.148875, 0.025541, -0.771721, -0.620411, 0.139776, 0.182094, 0.000000, 0.000000, 0.000000, 1.000000, 0.037526, 0.061871, -0.997378, 0.143055, -0.995860, -0.080376, -0.042454, -0.041530, -0.082792, 0.994843, 0.058598, -0.004383, 0.000000, 0.000000, 0.000000, 1.000000
-29.9998, -25.5412, 17.9511, 144.7701, 166.7666, 25.5410, 182.0938, 143.0553, -41.5300, -4.3827, 0.635818, -0.757345, 0.148873, -0.025541, 0.771718, 0.620371, -0.139968, 0.017951, 0.013647, 0.203882, 0.978900, 0.144770, 0.000000, 0.000000, 0.000000, 1.000000, 0.013494, 0.203761, 0.978928, 0.166767, -0.635818, 0.757345, -0.148875, 0.025541, -0.771721, -0.620411, 0.139774, 0.182094, 0.000000, 0.000000, 0.000000, 1.000000, 0.037526, 0.061871, -0.997378, 0.143055, -0.995860, -0.080376, -0.042454, -0.041530, -0.082792, 0.994843, 0.058598, -0.004383, 0.000000, 0.000000, 0.000000, 1.000000
-29.9996, -25.5407, 17.9512, 144.7707, 166.7672, 25.5405, 182.0937, 143.0552, -41.5301, -4.3825, 0.635818, -0.757346, 0.148870, -0.025541, 0.771719, 0.620371, -0.139964, 0.017951, 0.013647, 0.203878, 0.978901, 0.144771, 0.000000, 0.000000, 0.000000, 1.000000, 0.013493, 0.203756, 0.978929, 0.166767, -0.635818, 0.757346, -0.148872, 0.025540, -0.771721, -0.620411, 0.139771, 0.182094, 0.000000, 0.000000, 0.000000, 1.000000, 0.037526, 0.061871, -0.997378, 0.143055, -0.995860, -0.080376, -0.042454, -0.041530, -0.082792, 0.994843, 0.058598, -0.004383, 0.000000, 0.000000, 0.000000, 1.000000
-29.9990, -25.5398, 17.9505, 144.7717, 166.7682, 25.5396, 182.0944, 143.0551, -41.5302, -4.3820, 0.635818, -0.757348, 0.148863, -0.025540, 0.771719, 0.620372, -0.139959, 0.017951, 0.013647, 0.203868, 0.978903, 0.144772, 0.000000, 0.000000, 0.000000, 1.000000, 0.013494, 0.203747, 0.978930, 0.166768, -0.635818, 0.757348, -0.148864, 0.025540, -0.771721, -0.620413, 0.139766, 0.182094, 0.000000, 0.000000, 0.000000, 1.000000, 0.037526, 0.061871, -0.997378, 0.143055, -0.995860, -0.080376, -0.042455, -0.041530, -0.082792, 0.994843, 0.058598, -0.004382, 0.000000, 0.000000, 0.000000, 1.000000
-29.9981, -25.5382, 17.9491, 144.7733, 166.7698, 25.5380, 182.0958, 143.0550, -41.5302, -4.3812, 0.635818, -0.757350, 0.148850, -0.025538, 0.771719, 0.620374, -0.139950, 0.017949, 0.013649, 0.203853, 0.978906, 0.144773, 0.000000, 0.000000, 0.000000, 1.000000, 0.013496, 0.203732, 0.978934, 0.166770, -0.635818, 0.757350, -0.148851, 0.025538, -0.771721, -0.620415, 0.139757, 0.182096, 0.000000, 0.000000, 0.000000, 1.000000, 0.037526, 0.061871, -0.997378, 0.143055, -0.995860, -0.080375, -0.042455, -0.041530, -0.082791, 0.994843, 0.058598, -0.004381, 0.000000, 0.000000, 0.000000, 1.000000
-29.9975, -25.5372, 17.9480, 144.7744, 166.7709, 25.5369, 182.0969, 143.0550, -41.5302, -4.3807, 0.635818, -0.757352, 0.148841, -0.025537, 0.771718, 0.620376, -0.139945, 0.017948, 0.013650, 0.203843, 0.978908, 0.144774, 0.000000, 0.000000, 0.000000, 1.000000, 0.013497, 0.203722, 0.978936, 0.166771, -0.635818, 0.757352, -0.148842, 0.025537, -0.771721, -0.620416, 0.139752, 0.182097, 0.000000, 0.000000, 0.000000, 1.000000, 0.037526, 0.061871, -0.997378, 0.143055, -0.995860, -0.080375, -0.042455, -0.041530, -0.082791, 0.994843, 0.058598, -0.004381, 0.000000, 0.000000, 0.000000, 1.000000
-29.9958, -25.5343, 17.9453, 144.7773, 166.7738, 25.5341, 182.0997, 143.0549, -41.5302, -4.3792, 0.635818, -0.757356, 0.148817, -0.025534, 0.771718, 0.620380, -0.139930, 0.017945, 0.013654, 0.203815, 0.978914, 0.144777, 0.000000, 0.000000, 0.000000, 1.000000, 0.013501, 0.203694, 0.978941, 0.166774, -0.635818, 0.757356, -0.148819, 0.025534, -0.771721, -0.620420, 0.139738, 0.182100, 0.000000, 0.000000, 0.000000, 1.000000, 0.037527, 0.061871, -0.997378, 0.143055, -0.995860, -0.080373, -0.042456, -0.041530, -0.082789, 0.994843, 0.058598, -0.004379, 0.000000, 0.000000, 0.000000, 1.000000
-29.9920, -25.5282, 17.9392, 144.7835, 166.7800, 25.5279, 182.1057, 143.0546, -41.5302, -4.3759, 0.635819, -0.757366, 0.148765, -0.025528, 0.771717, 0.620388, -0.139898, 0.017939, 0.013662, 0.203754, 0.978927, 0.144784, 0.000000, 0.000000, 0.000000, 1.000000, 0.013509, 0.203634, 0.978954, 0.166780, -0.635820, 0.757365, -0.148767, 0.025528, -0.771720, -0.620428, 0.139706, 0.182106, 0.000000, 0.000000, 0.000000, 1.000000, 0.037528, 0.061871, -0.997378, 0.143055, -0.995860, -0.080371, -0.042457, -0.041530, -0.082787, 0.994843, 0.058598, -0.004376, 0.000000, 0.000000, 0.000000, 1.000000
-29.9887, -25.5226, 17.9339, 144.7892, 166.7857, 25.5224, 182.1111, 143.0543, -41.5302, -4.3729, 0.635821, -0.757374, 0.148718, -0.025523, 0.771716, 0.620396, -0.139869, 0.017934, 0.013669, 0.203700, 0.978938, 0.144789, 0.000000, 0.000000, 0.000000, 1.000000, 0.013516, 0.203579, 0.978965, 0.166786, -0.635821, 0.757374, -0.148720, 0.025522, -0.771719, -0.620436, 0.139676, 0.182111, 0.000000, 0.000000, 0.000000, 1.000000, 0.037530, 0.061871, -0.997378, 0.143054, -0.995861, -0.080368, -0.042458, -0.041530, -0.082784, 0.994843, 0.058599, -0.004373, 0.000000, 0.000000, 0.000000, 1.000000
-29.9867, -25.5194, 17.9307, 144.7926, 166.7891, 25.5191, 182.1143, 143.0542, -41.5302, -4.3712, 0.635821, -0.757379, 0.148690, -0.025519, 0.771715, 0.620401, -0.139851, 0.017931, 0.013673, 0.203667, 0.978945, 0.144793, 0.000000, 0.000000, 0.000000, 1.000000, 0.013520, 0.203546, 0.978972, 0.166789, -0.635821, 0.757378, -0.148692, 0.025519, -0.771718, -0.620441, 0.139659, 0.182114, 0.000000, 0.000000, 0.000000, 1.000000, 0.037530, 0.061871, -0.997378, 0.143054, -0.995861, -0.080367, -0.042459, -0.041530, -0.082783, 0.994843, 0.058599, -0.004371, 0.000000, 0.000000, 0.000000, 1.000000
-29.9821, -25.5117, 17.9236, 144.8005, 166.7970, 25.5115, 182.1214, 143.0538, -41.5303, -4.3671, 0.635823, -0.757390, 0.148626, -0.025512, 0.771714, 0.620412, -0.139810, 0.017924, 0.013681, 0.203592, 0.978960, 0.144800, 0.000000, 0.000000, 0.000000, 1.000000, 0.013529, 0.203471, 0.978987, 0.166797, -0.635823, 0.757390, -0.148628, 0.025511, -0.771717, -0.620452, 0.139618, 0.182121, 0.000000, 0.000000, 0.000000, 1.000000, 0.037532, 0.061871, -0.997378, 0.143054, -0.995861, -0.080363, -0.042460, -0.041530, -0.082780, 0.994844, 0.058599, -0.004367, 0.000000, 0.000000, 0.000000, 1.000000
-29.9766, -25.5026, 17.9152, 144.8100, 166.8065, 25.5024, 182.1298, 143.0533, -41.5304, -4.3622, 0.635824, -0.757404, 0.148550, -0.025503, 0.771712, 0.620425, -0.139761, 0.017915, 0.013691, 0.203501, 0.978979, 0.144810, 0.000000, 0.000000, 0.000000, 1.000000, 0.013539, 0.203381, 0.979006, 0.166807, -0.635824, 0.757403, -0.148552, 0.025502, -0.771715, -0.620465, 0.139569, 0.182130, 0.000000, 0.000000, 0.000000, 1.000000, 0.037534, 0.061871, -0.997378, 0.143053, -0.995861, -0.080359, -0.042462, -0.041530, -0.082776, 0.994844, 0.058599, -0.004362, 0.000000, 0.000000, 0.000000, 1.000000
-29.9735, -25.4974, 17.9105, 144.8154, 166.8119, 25.4972, 182.1345, 143.0530, -41.5305, -4.3594, 0.635825, -0.757411, 0.148507, -0.025497, 0.771712, 0.620432, -0.139733, 0.017911, 0.013697, 0.203450, 0.978990, 0.144815, 0.000000, 0.000000, 0.000000, 1.000000, 0.013544, 0.203330, 0.979017, 0.166812, -0.635825, 0.757411, -0.148509, 0.025497, -0.771714, -0.620472, 0.139541, 0.182135, 0.000000, 0.000000, 0.000000, 1.000000, 0.037535, 0.061871, -0.997378, 0.143053, -0.995861, -0.080357, -0.042463, -0.041530, -0.082774, 0.994844, 0.058599, -0.004359, 0.000000, 0.000000, 0.000000, 1.000000
-29.9701, -25.4919, 17.9055, 144.8213, 166.8178, 25.4916, 182.1395, 143.0527, -41.5306, -4.3564, 0.635826, -0.757420, 0.148460, -0.025492, 0.771711, 0.620440, -0.139702, 0.017906, 0.013702, 0.203395, 0.979001, 0.144821, 0.000000, 0.000000, 0.000000, 1.000000, 0.013550, 0.203274, 0.979028, 0.166818, -0.635826, 0.757419, -0.148462, 0.025492, -0.771713, -0.620480, 0.139510, 0.182140, 0.000000, 0.000000, 0.000000, 1.000000, 0.037536, 0.061871, -0.997378, 0.143053, -0.995861, -0.080355, -0.042464, -0.041531, -0.082771, 0.994844, 0.058599, -0.004356, 0.000000, 0.000000, 0.000000, 1.000000
-29.9586, -25.4726, 17.8885, 144.8417, 166.8382, 25.4724, 182.1566, 143.0515, -41.5310, -4.3460, 0.635829, -0.757448, 0.148300, -0.025473, 0.771708, 0.620468, -0.139596, 0.017889, 0.013721, 0.203204, 0.979040, 0.144842, 0.000000, 0.000000, 0.000000, 1.000000, 0.013569, 0.203084, 0.979067, 0.166838, -0.635829, 0.757448, -0.148302, 0.025472, -0.771710, -0.620507, 0.139404, 0.182157, 0.000000, 0.000000, 0.000000, 1.000000, 0.037540, 0.061871, -0.997378, 0.143051, -0.995862, -0.080346, -0.042467, -0.041531, -0.082763, 0.994845, 0.058599, -0.004346, 0.000000, 0.000000, 0.000000, 1.000000
-29.9543, -25.4654, 17.8822, 144.8494, 166.8460, 25.4651, 182.1629, 143.0510, -41.5311, -4.3421, 0.635830, -0.757459, 0.148240, -0.025465, 0.771707, 0.620478, -0.139556, 0.017882, 0.013728, 0.203131, 0.979055, 0.144849, 0.000000, 0.000000, 0.000000, 1.000000, 0.013576, 0.203011, 0.979082, 0.166846, -0.635830, 0.757459, -0.148241, 0.025465, -0.771709, -0.620518, 0.139364, 0.182163, 0.000000, 0.000000, 0.000000, 1.000000, 0.037542, 0.061871, -0.997378, 0.143051, -0.995862, -0.080343, -0.042469, -0.041531, -0.082760, 0.994845, 0.058599, -0.004342, 0.000000, 0.000000, 0.000000, 1.000000
-29.9497, -25.4576, 17.8755, 144.8577, 166.8542, 25.4574, 182.1696, 143.0505, -41.5313, -4.3380, 0.635832, -0.757471, 0.148176, -0.025458, 0.771706, 0.620489, -0.139512, 0.017876, 0.013735, 0.203055, 0.979071, 0.144858, 0.000000, 0.000000, 0.000000, 1.000000, 0.013583, 0.202934, 0.979098, 0.166854, -0.635832, 0.757470, -0.148177, 0.025457, -0.771708, -0.620529, 0.139321, 0.182170, 0.000000, 0.000000, 0.000000, 1.000000, 0.037543, 0.061872, -0.997378, 0.143051, -0.995862, -0.080340, -0.042470, -0.041531, -0.082757, 0.994845, 0.058599, -0.004338, 0.000000, 0.000000, 0.000000, 1.000000
-29.9397, -25.4409, 17.8612, 144.8757, 166.8722, 25.4406, 182.1840, 143.0494, -41.5317, -4.3289, 0.635834, -0.757496, 0.148037, -0.025441, 0.771703, 0.620513, -0.139418, 0.017861, 0.013750, 0.202887, 0.979106, 0.144876, 0.000000, 0.000000, 0.000000, 1.000000, 0.013598, 0.202767, 0.979132, 0.166872, -0.635834, 0.757495, -0.148038, 0.025441, -0.771706, -0.620553, 0.139227, 0.182184, 0.000000, 0.000000, 0.000000, 1.000000, 0.037547, 0.061872, -0.997378, 0.143049, -0.995863, -0.080332, -0.042473, -0.041532, -0.082750, 0.994846, 0.058600, -0.004329, 0.000000, 0.000000, 0.000000, 1.000000
-29.9286, -25.4223, 17.8455, 144.8957, 166.8923, 25.4220, 182.1997, 143.0482, -41.5322, -4.3189, 0.635837, -0.757524, 0.147883, -0.025422, 0.771701, 0.620540, -0.139314, 0.017846, 0.013766, 0.202702, 0.979144, 0.144896, 0.000000, 0.000000, 0.000000, 1.000000, 0.013614, 0.202582, 0.979171, 0.166892, -0.635837, 0.757523, -0.147885, 0.025422, -0.771703, -0.620580, 0.139123, 0.182200, 0.000000, 0.000000, 0.000000, 1.000000, 0.037551, 0.061872, -0.997377, 0.143048, -0.995863, -0.080324, -0.042476, -0.041532, -0.082742, 0.994847, 0.058600, -0.004319, 0.000000, 0.000000, 0.000000, 1.000000
-29.9227, -25.4123, 17.8372, 144.9065, 166.9031, 25.4121, 182.2080, 143.0475, -41.5324, -4.3135, 0.635838, -0.757538, 0.147801, -0.025412, 0.771699, 0.620554, -0.139257, 0.017837, 0.013774, 0.202603, 0.979164, 0.144907, 0.000000, 0.000000, 0.000000, 1.000000, 0.013623, 0.202483, 0.979191, 0.166903, -0.635838, 0.757538, -0.147802, 0.025412, -0.771702, -0.620594, 0.139066, 0.182208, 0.000000, 0.000000, 0.000000, 1.000000, 0.037553, 0.061872, -0.997377, 0.143048, -0.995864, -0.080320, -0.042478, -0.041532, -0.082738, 0.994847, 0.058600, -0.004313, 0.000000, 0.000000, 0.000000, 1.000000
-29.9100, -25.3910, 17.8195, 144.9296, 166.9262, 25.3908, 182.2257, 143.0460, -41.5330, -4.3020, 0.635841, -0.757570, 0.147625, -0.025391, 0.771696, 0.620585, -0.139136, 0.017820, 0.013792, 0.202390, 0.979208, 0.144930, 0.000000, 0.000000, 0.000000, 1.000000, 0.013640, 0.202271, 0.979235, 0.166926, -0.635841, 0.757570, -0.147626, 0.025391, -0.771699, -0.620624, 0.138946, 0.182226, 0.000000, 0.000000, 0.000000, 1.000000, 0.037557, 0.061872, -0.997377, 0.143046, -0.995864, -0.080311, -0.042482, -0.041533, -0.082728, 0.994848, 0.058600, -0.004302, 0.000000, 0.000000, 0.000000, 1.000000
-29.9033, -25.3797, 17.8102, 144.9420, 166.9385, 25.3794, 182.2350, 143.0452, -41.5334, -4.2959, 0.635843, -0.757587, 0.147531, -0.025380, 0.771695, 0.620601, -0.139072, 0.017810, 0.013801, 0.202277, 0.979231, 0.144942, 0.000000, 0.000000, 0.000000, 1.000000, 0.013650, 0.202158, 0.979258, 0.166939, -0.635843, 0.757587, -0.147533, 0.025379, -0.771698, -0.620641, 0.138881, 0.182235, 0.000000, 0.000000, 0.000000, 1.000000, 0.037559, 0.061872, -0.997377, 0.143045, -0.995864, -0.080306, -0.042484, -0.041533, -0.082724, 0.994848, 0.058600, -0.004296, 0.000000, 0.000000, 0.000000, 1.000000
-29.8891, -25.3557, 17.7906, 144.9681, 166.9647, 25.3555, 182.2546, 143.0435, -41.5341, -4.2829, 0.635846, -0.757623, 0.147334, -0.025356, 0.771692, 0.620636, -0.138935, 0.017791, 0.013819, 0.202038, 0.979280, 0.144968, 0.000000, 0.000000, 0.000000, 1.000000, 0.013668, 0.201918, 0.979307, 0.166965, -0.635846, 0.757622, -0.147336, 0.025355, -0.771695, -0.620675, 0.138744, 0.182255, 0.000000, 0.000000, 0.000000, 1.000000, 0.037564, 0.061872, -0.997377, 0.143044, -0.995865, -0.080295, -0.042489, -0.041534, -0.082714, 0.994849, 0.058600, -0.004283, 0.000000, 0.000000, 0.000000, 1.000000
-29.8739, -25.3300, 17.7698, 144.9963, 166.9929, 25.3298, 182.2755, 143.0416, -41.5349, -4.2690, 0.635850, -0.757661, 0.147122, -0.025330, 0.771689, 0.620673, -0.138787, 0.017770, 0.013839, 0.201781, 0.979333, 0.144996, 0.000000, 0.000000, 0.000000, 1.000000, 0.013688, 0.201661, 0.979360, 0.166993, -0.635850, 0.757661, -0.147124, 0.025330, -0.771692, -0.620712, 0.138597, 0.182275, 0.000000, 0.000000, 0.000000, 1.000000, 0.037570, 0.061873, -0.997377, 0.143042, -0.995866, -0.080284, -0.042493, -0.041535, -0.082703, 0.994850, 0.058601, -0.004269, 0.000000, 0.000000, 0.000000, 1.000000
-29.8659, -25.3165, 17.7590, 145.0111, 167.0077, 25.3163, 182.2863, 143.0406, -41.5354, -4.2617, 0.635851, -0.757681, 0.147012, -0.025317, 0.771687, 0.620692, -0.138710, 0.017759, 0.013849, 0.201646, 0.979361, 0.145011, 0.000000, 0.000000, 0.000000, 1.000000, 0.013698, 0.201527, 0.979387, 0.167008, -0.635851, 0.757681, -0.147013, 0.025316, -0.771690, -0.620731, 0.138520, 0.182286, 0.000000, 0.000000, 0.000000, 1.000000, 0.037572, 0.061873, -0.997377, 0.143041, -0.995866, -0.080278, -0.042496, -0.041535, -0.082697, 0.994850, 0.058601, -0.004262, 0.000000, 0.000000, 0.000000, 1.000000
-29.8492, -25.2883, 17.7365, 145.0422, 167.0388, 25.2881, 182.3089, 143.0385, -41.5363, -4.2464, 0.635855, -0.757723, 0.146780, -0.025288, 0.771684, 0.620732, -0.138547, 0.017736, 0.013869, 0.201363, 0.979418, 0.145042, 0.000000, 0.000000, 0.000000, 1.000000, 0.013719, 0.201244, 0.979445, 0.167039, -0.635855, 0.757723, -0.146781, 0.025288, -0.771687, -0.620771, 0.138357, 0.182309, 0.000000, 0.000000, 0.000000, 1.000000, 0.037578, 0.061873, -0.997376, 0.143039, -0.995867, -0.080266, -0.042501, -0.041536, -0.082685, 0.994851, 0.058601, -0.004246, 0.000000, 0.000000, 0.000000, 1.000000
-29.8316, -25.2585, 17.7128, 145.0751, 167.0717, 25.2583, 182.3326, 143.0363, -41.5373, -4.2303, 0.635859, -0.757767, 0.146535, -0.025259, 0.771681, 0.620775, -0.138375, 0.017713, 0.013891, 0.201065, 0.979479, 0.145075, 0.000000, 0.000000, 0.000000, 1.000000, 0.013740, 0.200946, 0.979506, 0.167072, -0.635859, 0.757767, -0.146537, 0.025258, -0.771683, -0.620814, 0.138185, 0.182333, 0.000000, 0.000000, 0.000000, 1.000000, 0.037584, 0.061873, -0.997376, 0.143036, -0.995868, -0.080253, -0.042506, -0.041537, -0.082672, 0.994852, 0.058601, -0.004230, 0.000000, 0.000000, 0.000000, 1.000000
-29.8131, -25.2272, 17.6881, 145.1098, 167.1064, 25.2270, 182.3573, 143.0339, -41.5385, -4.2133, 0.635862, -0.757814, 0.146278, -0.025227, 0.771677, 0.620820, -0.138193, 0.017688, 0.013912, 0.200751, 0.979543, 0.145110, 0.000000, 0.000000, 0.000000, 1.000000, 0.013762, 0.200633, 0.979570, 0.167106, -0.635862, 0.757814, -0.146280, 0.025227, -0.771680, -0.620858, 0.138004, 0.182357, 0.000000, 0.000000, 0.000000, 1.000000, 0.037591, 0.061873, -0.997376, 0.143034, -0.995869, -0.080239, -0.042512, -0.041538, -0.082659, 0.994853, 0.058602, -0.004213, 0.000000, 0.000000, 0.000000, 1.000000
-29.7937, -25.1945, 17.6625, 145.1462, 167.1428, 25.1943, 182.3830, 143.0313, -41.5396, -4.1956, 0.635866, -0.757862, 0.146009, -0.025194, 0.771674, 0.620867, -0.138003, 0.017663, 0.013935, 0.200423, 0.979610, 0.145146, 0.000000, 0.000000, 0.000000, 1.000000, 0.013785, 0.200304, 0.979637, 0.167143, -0.635866, 0.757862, -0.146011, 0.025194, -0.771676, -0.620905, 0.137814, 0.182383, 0.000000, 0.000000, 0.000000, 1.000000, 0.037598, 0.061874, -0.997376, 0.143031, -0.995870, -0.080225, -0.042518, -0.041540, -0.082645, 0.994855, 0.058602, -0.004196, 0.000000, 0.000000, 0.000000, 1.000000
-29.7838, -25.1776, 17.6493, 145.1650, 167.1616, 25.1774, 182.3962, 143.0300, -41.5403, -4.1865, 0.635868, -0.757887, 0.145871, -0.025178, 0.771672, 0.620891, -0.137905, 0.017649, 0.013946, 0.200253, 0.979645, 0.145165, 0.000000, 0.000000, 0.000000, 1.000000, 0.013797, 0.200135, 0.979671, 0.167162, -0.635868, 0.757887, -0.145873, 0.025177, -0.771674, -0.620929, 0.137716, 0.182396, 0.000000, 0.000000, 0.000000, 1.000000, 0.037601, 0.061874, -0.997375, 0.143030, -0.995870, -0.080218, -0.042521, -0.041540, -0.082638, 0.994855, 0.058602, -0.004186, 0.000000, 0.000000, 0.000000, 1.000000
-29.7633, -25.1430, 17.6224, 145.2037, 167.2003, 25.1427, 182.4232, 143.0273, -41.5416, -4.1677, 0.635872, -0.757939, 0.145586, -0.025143, 0.771668, 0.620940, -0.137702, 0.017622, 0.013969, 0.199905, 0.979716, 0.145204, 0.000000, 0.000000, 0.000000, 1.000000, 0.013820, 0.199787, 0.979742, 0.167200, -0.635872, 0.757939, -0.145588, 0.025143, -0.771671, -0.620978, 0.137514, 0.182423, 0.000000, 0.000000, 0.000000, 1.000000, 0.037608, 0.061874, -0.997375, 0.143027, -0.995871, -0.080203, -0.042527, -0.041542, -0.082623, 0.994856, 0.058602, -0.004168, 0.000000, 0.000000, 0.000000, 1.000000
-29.7528, -25.1252, 17.6086, 145.2236, 167.2202, 25.1249, 182.4370, 143.0259, -41.5422, -4.1580, 0.635874, -0.757965, 0.145440, -0.025125, 0.771666, 0.620965, -0.137598, 0.017609, 0.013981, 0.199727, 0.979752, 0.145224, 0.000000, 0.000000, 0.000000, 1.000000, 0.013832, 0.199609, 0.979778, 0.167220, -0.635874, 0.757965, -0.145442, 0.025125, -0.771669, -0.621004, 0.137410, 0.182437, 0.000000, 0.000000, 0.000000, 1.000000, 0.037612, 0.061874, -0.997375, 0.143026, -0.995871, -0.080195, -0.042530, -0.041542, -0.082616, 0.994857, 0.058602, -0.004158, 0.000000, 0.000000, 0.000000, 1.000000
-29.7204, -25.0702, 17.5662, 145.2852, 167.2818, 25.0699, 182.4794, 143.0214, -41.5444, -4.1282, 0.635880, -0.758047, 0.144989, -0.025070, 0.771661, 0.621044, -0.137276, 0.017566, 0.014017, 0.199174, 0.979864, 0.145285, 0.000000, 0.000000, 0.000000, 1.000000, 0.013868, 0.199056, 0.979890, 0.167282, -0.635880, 0.758046, -0.144991, 0.025070, -0.771663, -0.621082, 0.137088, 0.182479, 0.000000, 0.000000, 0.000000, 1.000000, 0.037623, 0.061875, -0.997375, 0.143021, -0.995873, -0.080171, -0.042540, -0.041544, -0.082593, 0.994859, 0.058603, -0.004128, 0.000000, 0.000000, 0.000000, 1.000000
-29.7092, -25.0514, 17.5518, 145.3063, 167.3030, 25.0511, 182.4939, 143.0199, -41.5451, -4.1180, 0.635882, -0.758074, 0.144835, -0.025051, 0.771659, 0.621070, -0.137166, 0.017552, 0.014029, 0.198984, 0.979902, 0.145306, 0.000000, 0.000000, 0.000000, 1.000000, 0.013880, 0.198867, 0.979928, 0.167303, -0.635882, 0.758074, -0.144837, 0.025051, -0.771661, -0.621108, 0.136978, 0.182494, 0.000000, 0.000000, 0.000000, 1.000000, 0.037627, 0.061875, -0.997374, 0.143020, -0.995873, -0.080163, -0.042543, -0.041545, -0.082585, 0.994860, 0.058603, -0.004118, 0.000000, 0.000000, 0.000000, 1.000000
-29.6980, -25.0323, 17.5372, 145.3277, 167.3244, 25.0321, 182.5085, 143.0184, -41.5458, -4.1076, 0.635884, -0.758103, 0.144679, -0.025032, 0.771657, 0.621097, -0.137054, 0.017537, 0.014041, 0.198793, 0.979941, 0.145328, 0.000000, 0.000000, 0.000000, 1.000000, 0.013892, 0.198675, 0.979967, 0.167324, -0.635884, 0.758102, -0.144681, 0.025032, -0.771660, -0.621135, 0.136866, 0.182508, 0.000000, 0.000000, 0.000000, 1.000000, 0.037631, 0.061875, -0.997374, 0.143018, -0.995874, -0.080154, -0.042547, -0.041546, -0.082576, 0.994860, 0.058603, -0.004108, 0.000000, 0.000000, 0.000000, 1.000000
-29.6752, -24.9937, 17.5076, 145.3713, 167.3680, 24.9934, 182.5381, 143.0152, -41.5474, -4.0866, 0.635888, -0.758160, 0.144362, -0.024994, 0.771653, 0.621152, -0.136826, 0.017508, 0.014066, 0.198403, 0.980020, 0.145371, 0.000000, 0.000000, 0.000000, 1.000000, 0.013917, 0.198286, 0.980045, 0.167368, -0.635888, 0.758159, -0.144363, 0.024993, -0.771656, -0.621190, 0.136639, 0.182538, 0.000000, 0.000000, 0.000000, 1.000000, 0.037639, 0.061875, -0.997374, 0.143015, -0.995875, -0.080137, -0.042554, -0.041547, -0.082560, 0.994862, 0.058604, -0.004087, 0.000000, 0.000000, 0.000000, 1.000000
-29.6520, -24.9543, 17.4776, 145.4157, 167.4124, 24.9540, 182.5682, 143.0120, -41.5489, -4.0652, 0.635892, -0.758218, 0.144039, -0.024954, 0.771649, 0.621208, -0.136594, 0.017478, 0.014090, 0.198006, 0.980099, 0.145416, 0.000000, 0.000000, 0.000000, 1.000000, 0.013942, 0.197889, 0.980125, 0.167412, -0.635892, 0.758217, -0.144040, 0.024954, -0.771652, -0.621246, 0.136408, 0.182568, 0.000000, 0.000000, 0.000000, 1.000000, 0.037647, 0.061875, -0.997374, 0.143012, -0.995876, -0.080120, -0.042561, -0.041549, -0.082543, 0.994863, 0.058604, -0.004065, 0.000000, 0.000000, 0.000000, 1.000000
-29.6402, -24.9344, 17.4624, 145.4382, 167.4350, 24.9341, 182.5834, 143.0103, -41.5498, -4.0544, 0.635894, -0.758247, 0.143875, -0.024934, 0.771647, 0.621236, -0.136477, 0.017462, 0.014103, 0.197806, 0.980140, 0.145438, 0.000000, 0.000000, 0.000000, 1.000000, 0.013955, 0.197689, 0.980166, 0.167435, -0.635894, 0.758247, -0.143877, 0.024934, -0.771650, -0.621274, 0.136290, 0.182583, 0.000000, 0.000000, 0.000000, 1.000000, 0.037651, 0.061875, -0.997373, 0.143010, -0.995877, -0.080112, -0.042564, -0.041550, -0.082535, 0.994864, 0.058604, -0.004054, 0.000000, 0.000000, 0.000000, 1.000000
-29.6165, -24.8941, 17.4319, 145.4838, 167.4805, 24.8939, 182.6139, 143.0070, -41.5514, -4.0325, 0.635898, -0.758306, 0.143545, -0.024894, 0.771644, 0.621293, -0.136239, 0.017432, 0.014128, 0.197400, 0.980221, 0.145484, 0.000000, 0.000000, 0.000000, 1.000000, 0.013980, 0.197283, 0.980247, 0.167480, -0.635898, 0.758306, -0.143547, 0.024894, -0.771646, -0.621330, 0.136053, 0.182614, 0.000000, 0.000000, 0.000000, 1.000000, 0.037659, 0.061876, -0.997373, 0.143007, -0.995878, -0.080094, -0.042572, -0.041551, -0.082518, 0.994865, 0.058604, -0.004033, 0.000000, 0.000000, 0.000000, 1.000000
-29.6045, -24.8739, 17.4165, 145.5067, 167.5035, 24.8736, 182.6293, 143.0053, -41.5522, -4.0215, 0.635900, -0.758336, 0.143379, -0.024874, 0.771642, 0.621321, -0.136120, 0.017417, 0.014140, 0.197196, 0.980262, 0.145507, 0.000000, 0.000000, 0.000000, 1.000000, 0.013993, 0.197079, 0.980288, 0.167503, -0.635900, 0.758336, -0.143381, 0.024874, -0.771644, -0.621359, 0.135934, 0.182629, 0.000000, 0.000000, 0.000000, 1.000000, 0.037663, 0.061876, -0.997373, 0.143005, -0.995878, -0.080085, -0.042575, -0.041552, -0.082509, 0.994866, 0.058604, -0.004022, 0.000000, 0.000000, 0.000000, 1.000000
-29.5805, -24.8331, 17.3857, 145.5530, 167.5497, 24.8329, 182.6602, 143.0019, -41.5539, -3.9993, 0.635904, -0.758396, 0.143044, -0.024833, 0.771638, 0.621379, -0.135878, 0.017386, 0.014165, 0.196784, 0.980345, 0.145553, 0.000000, 0.000000, 0.000000, 1.000000, 0.014018, 0.196668, 0.980370, 0.167550, -0.635904, 0.758396, -0.143046, 0.024833, -0.771641, -0.621416, 0.135693, 0.182660, 0.000000, 0.000000, 0.000000, 1.000000, 0.037672, 0.061876, -0.997373, 0.143002, -0.995879, -0.080067, -0.042582, -0.041554, -0.082492, 0.994867, 0.058605, -0.003999, 0.000000, 0.000000, 0.000000, 1.000000
-29.5684, -24.8127, 17.3702, 145.5763, 167.5730, 24.8124, 182.6757, 143.0001, -41.5547, -3.9882, 0.635906, -0.758426, 0.142876, -0.024813, 0.771636, 0.621408, -0.135757, 0.017370, 0.014177, 0.196577, 0.980386, 0.145576, 0.000000, 0.000000, 0.000000, 1.000000, 0.014030, 0.196461, 0.980411, 0.167573, -0.635906, 0.758426, -0.142878, 0.024812, -0.771639, -0.621445, 0.135572, 0.182676, 0.000000, 0.000000, 0.000000, 1.000000, 0.037676, 0.061876, -0.997372, 0.143000, -0.995880, -0.080058, -0.042586, -0.041555, -0.082483, 0.994868, 0.058605, -0.003988, 0.000000, 0.000000, 0.000000, 1.000000
-29.5442, -24.7716, 17.3393, 145.6230, 167.6197, 24.7714, 182.7067, 142.9967, -41.5565, -3.9659, 0.635910, -0.758486, 0.142539, -0.024772, 0.771633, 0.621465, -0.135514, 0.017339, 0.014202, 0.196162, 0.980469, 0.145623, 0.000000, 0.000000, 0.000000, 1.000000, 0.014056, 0.196047, 0.980494, 0.167620, -0.635910, 0.758486, -0.142541, 0.024771, -0.771635, -0.621502, 0.135329, 0.182707, 0.000000, 0.000000, 0.000000, 1.000000, 0.037684, 0.061876, -0.997372, 0.142997, -0.995881, -0.080040, -0.042593, -0.041556, -0.082466, 0.994869, 0.058605, -0.003966, 0.000000, 0.000000, 0.000000, 1.000000
-29.5199, -24.7305, 17.3083, 145.6698, 167.6666, 24.7303, 182.7377, 142.9932, -41.5582, -3.9435, 0.635914, -0.758546, 0.142202, -0.024731, 0.771629, 0.621523, -0.135270, 0.017308, 0.014227, 0.195747, 0.980551, 0.145670, 0.000000, 0.000000, 0.000000, 1.000000, 0.014081, 0.195631, 0.980576, 0.167667, -0.635914, 0.758546, -0.142203, 0.024730, -0.771632, -0.621560, 0.135086, 0.182738, 0.000000, 0.000000, 0.000000, 1.000000, 0.037693, 0.061877, -0.997372, 0.142993, -0.995882, -0.080023, -0.042601, -0.041558, -0.082448, 0.994871, 0.058606, -0.003943, 0.000000, 0.000000, 0.000000, 1.000000
-29.5078, -24.7100, 17.2929, 145.6932, 167.6900, 24.7098, 182.7532, 142.9914, -41.5590, -3.9323, 0.635916, -0.758576, 0.142033, -0.024710, 0.771627, 0.621552, -0.135148, 0.017293, 0.014240, 0.195539, 0.980592, 0.145693, 0.000000, 0.000000, 0.000000, 1.000000, 0.014093, 0.195424, 0.980618, 0.167690, -0.635916, 0.758576, -0.142035, 0.024710, -0.771630, -0.621588, 0.134964, 0.182753, 0.000000, 0.000000, 0.000000, 1.000000, 0.037697, 0.061877, -0.997372, 0.142991, -0.995883, -0.080014, -0.042604, -0.041559, -0.082439, 0.994871, 0.058606, -0.003932, 0.000000, 0.000000, 0.000000, 1.000000
-29.4837, -24.6691, 17.2621, 145.7400, 167.7368, 24.6688, 182.7840, 142.9879, -41.5608, -3.9100, 0.635920, -0.758636, 0.141696, -0.024669, 0.771624, 0.621609, -0.134905, 0.017262, 0.014264, 0.195125, 0.980675, 0.145740, 0.000000, 0.000000, 0.000000, 1.000000, 0.014118, 0.195010, 0.980700, 0.167737, -0.635920, 0.758636, -0.141698, 0.024669, -0.771626, -0.621646, 0.134721, 0.182784, 0.000000, 0.000000, 0.000000, 1.000000, 0.037705, 0.061877, -0.997371, 0.142988, -0.995884, -0.079996, -0.042612, -0.041561, -0.082422, 0.994873, 0.058606, -0.003910, 0.000000, 0.000000, 0.000000, 1.000000
-29.4596, -24.6284, 17.2315, 145.7865, 167.7833, 24.6281, 182.8146, 142.9844, -41.5625, -3.8878, 0.635923, -0.758695, 0.141362, -0.024628, 0.771620, 0.621666, -0.134663, 0.017232, 0.014289, 0.194713, 0.980756, 0.145787, 0.000000, 0.000000, 0.000000, 1.000000, 0.014143, 0.194598, 0.980781, 0.167783, -0.635923, 0.758695, -0.141363, 0.024628, -0.771623, -0.621702, 0.134480, 0.182815, 0.000000, 0.000000, 0.000000, 1.000000, 0.037713, 0.061877, -0.997371, 0.142984, -0.995885, -0.079978, -0.042619, -0.041562, -0.082405, 0.994874, 0.058606, -0.003888, 0.000000, 0.000000, 0.000000, 1.000000
-29.4240, -24.5680, 17.1862, 145.8557, 167.8525, 24.5678, 182.8600, 142.9792, -41.5650, -3.8549, 0.635929, -0.758783, 0.140865, -0.024568, 0.771615, 0.621750, -0.134304, 0.017186, 0.014325, 0.194101, 0.980877, 0.145856, 0.000000, 0.000000, 0.000000, 1.000000, 0.014180, 0.193987, 0.980902, 0.167852, -0.635929, 0.758783, -0.140867, 0.024568, -0.771618, -0.621786, 0.134121, 0.182860, 0.000000, 0.000000, 0.000000, 1.000000, 0.037726, 0.061877, -0.997371, 0.142979, -0.995887, -0.079951, -0.042630, -0.041565, -0.082379, 0.994876, 0.058607, -0.003855, 0.000000, 0.000000, 0.000000, 1.000000
-29.4122, -24.5477, 17.1736, 145.8798, 167.8766, 24.5475, 182.8727, 142.9771, -41.5663, -3.8439, 0.635929, -0.758813, 0.140702, -0.024548, 0.771615, 0.621778, -0.134177, 0.017174, 0.014330, 0.193895, 0.980918, 0.145880, 0.000000, 0.000000, 0.000000, 1.000000, 0.014185, 0.193780, 0.980942, 0.167877, -0.635929, 0.758813, -0.140704, 0.024547, -0.771617, -0.621814, 0.133994, 0.182873, 0.000000, 0.000000, 0.000000, 1.000000, 0.037730, 0.061877, -0.997370, 0.142977, -0.995887, -0.079943, -0.042633, -0.041566, -0.082370, 0.994877, 0.058607, -0.003844, 0.000000, 0.000000, 0.000000, 1.000000
-29.3891, -24.5077, 17.1483, 145.9274, 167.9243, 24.5074, 182.8980, 142.9729, -41.5688, -3.8221, 0.635930, -0.758872, 0.140381, -0.024508, 0.771614, 0.621833, -0.133927, 0.017148, 0.014340, 0.193488, 0.980998, 0.145927, 0.000000, 0.000000, 0.000000, 1.000000, 0.014195, 0.193373, 0.981023, 0.167924, -0.635930, 0.758872, -0.140382, 0.024507, -0.771616, -0.621869, 0.133744, 0.182898, 0.000000, 0.000000, 0.000000, 1.000000, 0.037738, 0.061877, -0.997370, 0.142973, -0.995888, -0.079925, -0.042640, -0.041569, -0.082354, 0.994878, 0.058607, -0.003822, 0.000000, 0.000000, 0.000000, 1.000000
-29.3891, -24.5077, 17.1483, 145.9274, 167.9243, 24.5074, 182.8980, 142.9729, -41.5688, -3.8221, 0.635930, -0.758872, 0.140381, -0.024508, 0.771614, 0.621833, -0.133927, 0.017148, 0.014340, 0.193488, 0.980998, 0.145927, 0.000000, 0.000000, 0.000000, 1.000000, 0.014195, 0.193373, 0.981023, 0.167924, -0.635930, 0.758872, -0.140382, 0.024507, -0.771616, -0.621869, 0.133744, 0.182898, 0.000000, 0.000000, 0.000000, 1.000000, 0.037738, 0.061877, -0.997370, 0.142973, -0.995888, -0.079925, -0.042640, -0.041569, -0.082354, 0.994878, 0.058607, -0.003822, 0.000000, 0.000000, 0.000000, 1.000000
-29.3550, -24.4490, 17.1105, 145.9970, 167.9939, 24.4487, 182.9357, 142.9669, -41.5723, -3.7902, 0.635931, -0.758958, 0.139908, -0.024449, 0.771612, 0.621913, -0.133563, 0.017110, 0.014358, 0.192891, 0.981115, 0.145997, 0.000000, 0.000000, 0.000000, 1.000000, 0.014213, 0.192777, 0.981140, 0.167994, -0.635931, 0.758958, -0.139910, 0.024449, -0.771615, -0.621949, 0.133380, 0.182936, 0.000000, 0.000000, 0.000000, 1.000000, 0.037749, 0.061877, -0.997370, 0.142967, -0.995890, -0.079900, -0.042650, -0.041572, -0.082329, 0.994880, 0.058607, -0.003790, 0.000000, 0.000000, 0.000000, 1.000000
-29.3439, -24.4299, 17.0980, 146.0196, 168.0165, 24.4296, 182.9483, 142.9650, -41.5734, -3.7798, 0.635932, -0.758986, 0.139753, -0.024430, 0.771612, 0.621939, -0.133444, 0.017098, 0.014364, 0.192697, 0.981153, 0.146020, 0.000000, 0.000000, 0.000000, 1.000000, 0.014219, 0.192582, 0.981178, 0.168016, -0.635932, 0.758986, -0.139755, 0.024430, -0.771614, -0.621975, 0.133261, 0.182948, 0.000000, 0.000000, 0.000000, 1.000000, 0.037753, 0.061877, -0.997369, 0.142965, -0.995891, -0.079892, -0.042654, -0.041573, -0.082321, 0.994881, 0.058607, -0.003780, 0.000000, 0.000000, 0.000000, 1.000000
-29.3221, -24.3923, 17.0730, 146.0640, 168.0608, 24.3921, 182.9732, 142.9612, -41.5755, -3.7594, 0.635933, -0.759041, 0.139450, -0.024392, 0.771610, 0.621990, -0.133213, 0.017073, 0.014378, 0.192315, 0.981228, 0.146064, 0.000000, 0.000000, 0.000000, 1.000000, 0.014233, 0.192201, 0.981252, 0.168061, -0.635933, 0.759041, -0.139451, 0.024392, -0.771613, -0.622026, 0.133030, 0.182973, 0.000000, 0.000000, 0.000000, 1.000000, 0.037761, 0.061878, -0.997369, 0.142961, -0.995892, -0.079875, -0.042660, -0.041576, -0.082305, 0.994882, 0.058607, -0.003759, 0.000000, 0.000000, 0.000000, 1.000000
-29.3007, -24.3558, 17.0483, 146.1070, 168.1039, 24.3555, 182.9979, 142.9576, -41.5775, -3.7395, 0.635934, -0.759094, 0.139152, -0.024356, 0.771609, 0.622040, -0.132989, 0.017048, 0.014393, 0.191943, 0.981300, 0.146107, 0.000000, 0.000000, 0.000000, 1.000000, 0.014248, 0.191829, 0.981325, 0.168104, -0.635934, 0.759094, -0.139154, 0.024356, -0.771612, -0.622075, 0.132806, 0.182998, 0.000000, 0.000000, 0.000000, 1.000000, 0.037768, 0.061878, -0.997369, 0.142958, -0.995893, -0.079859, -0.042667, -0.041577, -0.082289, 0.994884, 0.058607, -0.003739, 0.000000, 0.000000, 0.000000, 1.000000
-29.3007, -24.3558, 17.0483, 146.1070, 168.1039, 24.3555, 182.9979, 142.9576, -41.5775, -3.7395, 0.635934, -0.759094, 0.139152, -0.024356, 0.771609, 0.622040, -0.132989, 0.017048, 0.014393, 0.191943, 0.981300, 0.146107, 0.000000, 0.000000, 0.000000, 1.000000, 0.014248, 0.191829, 0.981325, 0.168104, -0.635934, 0.759094, -0.139154, 0.024356, -0.771612, -0.622075, 0.132806, 0.182998, 0.000000, 0.000000, 0.000000, 1.000000, 0.037768, 0.061878, -0.997369, 0.142958, -0.995893, -0.079859, -0.042667, -0.041577, -0.082289, 0.994884, 0.058607, -0.003739, 0.000000, 0.000000, 0.000000, 1.000000
-29.2697, -24.3028, 17.0116, 146.1692, 168.1661, 24.3025, 183.0347, 142.9526, -41.5802, -3.7106, 0.635937, -0.759172, 0.138720, -0.024303, 0.771607, 0.622112, -0.132666, 0.017012, 0.014416, 0.191404, 0.981405, 0.146169, 0.000000, 0.000000, 0.000000, 1.000000, 0.014272, 0.191290, 0.981430, 0.168166, -0.635937, 0.759171, -0.138722, 0.024303, -0.771609, -0.622147, 0.132483, 0.183035, 0.000000, 0.000000, 0.000000, 1.000000, 0.037779, 0.061878, -0.997368, 0.142953, -0.995894, -0.079836, -0.042676, -0.041580, -0.082267, 0.994886, 0.058608, -0.003711, 0.000000, 0.000000, 0.000000, 1.000000
-29.2596, -24.2856, 16.9994, 146.1893, 168.1862, 24.2854, 183.0468, 142.9509, -41.5811, -3.7013, 0.635937, -0.759196, 0.138580, -0.024286, 0.771606, 0.622135, -0.132562, 0.016999, 0.014425, 0.191230, 0.981439, 0.146189, 0.000000, 0.000000, 0.000000, 1.000000, 0.014280, 0.191115, 0.981464, 0.168186, -0.635937, 0.759196, -0.138582, 0.024285, -0.771608, -0.622170, 0.132379, 0.183047, 0.000000, 0.000000, 0.000000, 1.000000, 0.037782, 0.061878, -0.997368, 0.142951, -0.995895, -0.079829, -0.042679, -0.041581, -0.082259, 0.994886, 0.058608, -0.003701, 0.000000, 0.000000, 0.000000, 1.000000
