# Joint_B_Angle(deg), Cam_X(mm), Cam_Y(mm), Cam_Z(mm), Torso_X(mm), Torso_Y(mm), Torso_Z(mm), EE_X(mm), EE_Y(mm), EE_Z(mm), T_cam2marker_flat(16), T_torso2marker_flat(16), T_ee2marker_flat(16)
-10.0000, 12.1915, 9.4293, 122.9458, 191.9490, -3.1916, 247.6328, 98.2531, 6.9159, 3.2432, 0.578039, 0.810848, 0.091630, 0.012191, -0.812671, 0.582180, -0.025140, 0.009429, -0.073730, -0.059933, 0.995476, 0.122946, 0.000000, 0.000000, 0.000000, 1.000000, -0.073676, -0.059973, 0.995477, 0.191949, -0.578039, -0.810848, -0.091631, -0.003192, 0.812676, -0.582176, 0.025073, 0.247633, 0.000000, 0.000000, 0.000000, 1.000000, 0.001849, -0.013975, -0.999901, 0.098253, -0.999450, -0.033131, -0.001385, 0.006916, -0.033109, 0.999353, -0.014028, 0.003243, 0.000000, 0.000000, 0.000000, 1.000000
-10.0000, 12.1917, 9.4295, 122.9455, 191.9486, -3.1918, 247.6327, 98.2531, 6.9159, 3.2432, 0.578039, 0.810849, 0.091628, 0.012192, -0.812672, 0.582179, -0.025141, 0.009429, -0.073730, -0.059931, 0.995476, 0.122945, 0.000000, 0.000000, 0.000000, 1.000000, -0.073677, -0.059970, 0.995477, 0.191949, -0.578039, -0.810848, -0.091629, -0.003192, 0.812676, -0.582175, 0.025075, 0.247633, 0.000000, 0.000000, 0.000000, 1.000000, 0.001849, -0.013975, -0.999901, 0.098253, -0.999450, -0.033131, -0.001385, 0.006916, -0.033109, 0.999353, -0.014028, 0.003243, 0.000000, 0.000000, 0.000000, 1.000000
-10.0000, 12.1917, 9.4295, 122.9453, 191.9484, -3.1919, 247.6327, 98.2531, 6.9159, 3.2432, 0.578039, 0.810849, 0.091628, 0.012192, -0.812672, 0.582179, -0.025142, 0.009430, -0.073730, -0.059930, 0.995476, 0.122945, 0.000000, 0.000000, 0.000000, 1.000000, -0.073677, -0.059969, 0.995477, 0.191948, -0.578039, -0.810849, -0.091628, -0.003192, 0.812676, -0.582175, 0.025076, 0.247633, 0.000000, 0.000000, 0.000000, 1.000000, 0.001849, -0.013975, -0.999901, 0.098253, -0.999450, -0.033131, -0.001385, 0.006916, -0.033109, 0.999353, -0.014028, 0.003243, 0.000000, 0.000000, 0.000000, 1.000000
-10.0000, 12.1919, 9.4296, 122.9449, 191.9481, -3.1920, 247.6326, 98.2531, 6.9159, 3.2432, 0.578039, 0.810849, 0.091626, 0.012192, -0.812672, 0.582179, -0.025144, 0.009430, -0.073730, -0.059928, 0.995476, 0.122945, 0.000000, 0.000000, 0.000000, 1.000000, -0.073677, -0.059967, 0.995478, 0.191948, -0.578039, -0.810849, -0.091627, -0.003192, 0.812676, -0.582175, 0.025078, 0.247633, 0.000000, 0.000000, 0.000000, 1.000000, 0.001849, -0.013975, -0.999901, 0.098253, -0.999450, -0.033131, -0.001385, 0.006916, -0.033109, 0.999353, -0.014028, 0.003243, 0.000000, 0.000000, 0.000000, 1.000000
-10.0000, 12.1920, 9.4297, 122.9448, 191.9479, -3.1921, 247.6326, 98.2531, 6.9159, 3.2432, 0.578039, 0.810849, 0.091625, 0.012192, -0.812672, 0.582179, -0.025144, 0.009430, -0.073730, -0.059927, 0.995476, 0.122945, 0.000000, 0.000000, 0.000000, 1.000000, -0.073677, -0.059965, 0.995478, 0.191948, -0.578039, -0.810849, -0.091626, -0.003192, 0.812676, -0.582175, 0.025079, 0.247633, 0.000000, 0.000000, 0.000000, 1.000000, 0.001849, -0.013975, -0.999901, 0.098253, -0.999450, -0.033131, -0.001385, 0.006916, -0.033109, 0.999353, -0.014028, 0.003243, 0.000000, 0.000000, 0.000000, 1.000000
-9.9999, 12.1922, 9.4298, 122.9444, 191.9475, -3.1923, 247.6326, 98.2531, 6.9159, 3.2432, 0.578039, 0.810849, 0.091623, 0.012192, -0.812672, 0.582179, -0.025146, 0.009430, -0.073730, -0.059924, 0.995476, 0.122944, 0.000000, 0.000000, 0.000000, 1.000000, -0.073678, -0.059963, 0.995478, 0.191948, -0.578038, -0.810849, -0.091624, -0.003192, 0.812677, -0.582175, 0.025081, 0.247633, 0.000000, 0.000000, 0.000000, 1.000000, 0.001849, -0.013975, -0.999901, 0.098253, -0.999450, -0.033131, -0.001385, 0.006916, -0.033109, 0.999353, -0.014028, 0.003243, 0.000000, 0.000000, 0.000000, 1.000000
-9.9999, 12.1923, 9.4299, 122.9443, 191.9474, -3.1925, 247.6325, 98.2531, 6.9159, 3.2432, 0.578038, 0.810850, 0.091622, 0.012192, -0.812672, 0.582179, -0.025147, 0.009430, -0.073730, -0.059923, 0.995476, 0.122944, 0.000000, 0.000000, 0.000000, 1.000000, -0.073678, -0.059961, 0.995478, 0.191947, -0.578038, -0.810850, -0.091622, -0.003192, 0.812677, -0.582175, 0.025082, 0.247633, 0.000000, 0.000000, 0.000000, 1.000000, 0.001849, -0.013975, -0.999901, 0.098253, -0.999450, -0.033131, -0.001385, 0.006916, -0.033109, 0.999353, -0.014028, 0.003243, 0.000000, 0.000000, 0.000000, 1.000000
-9.9999, 12.1924, 9.4299, 122.9443, 191.9474, -3.1925, 247.6325, 98.2531, 6.9159, 3.2432, 0.578038, 0.810850, 0.091621, 0.012192, -0.812672, 0.582179, -0.025147, 0.009430, -0.073730, -0.059922, 0.995476, 0.122944, 0.000000, 0.000000, 0.000000, 1.000000, -0.073678, -0.059960, 0.995478, 0.191947, -0.578038, -0.810850, -0.091622, -0.003193, 0.812677, -0.582175, 0.025083, 0.247633, 0.000000, 0.000000, 0.000000, 1.000000, 0.001849, -0.013975, -0.999901, 0.098253, -0.999450, -0.033131, -0.001385, 0.006916, -0.033109, 0.999353, -0.014028, 0.003243, 0.000000, 0.000000, 0.000000, 1.000000
-9.9999, 12.1925, 9.4299, 122.9445, 191.9475, -3.1926, 247.6326, 98.2531, 6.9159, 3.2432, 0.578038, 0.810850, 0.091621, 0.012192, -0.812672, 0.582179, -0.025147, 0.009430, -0.073730, -0.059922, 0.995476, 0.122944, 0.000000, 0.000000, 0.000000, 1.000000, -0.073679, -0.059960, 0.995478, 0.191948, -0.578038, -0.810850, -0.091622, -0.003193, 0.812677, -0.582175, 0.025083, 0.247633, 0.000000, 0.000000, 0.000000, 1.000000, 0.001849, -0.013975, -0.999901, 0.098253, -0.999450, -0.033131, -0.001385, 0.006916, -0.033109, 0.999353, -0.014028, 0.003243, 0.000000, 0.000000, 0.000000, 1.000000
-9.9997, 12.1926, 9.4299, 122.9453, 191.9484, -3.1927, 247.6326, 98.2531, 6.9159, 3.2433, 0.578038, 0.810850, 0.091621, 0.012193, -0.812672, 0.582179, -0.025147, 0.009430, -0.073730, -0.059922, 0.995476, 0.122945, 0.000000, 0.000000, 0.000000, 1.000000, -0.073679, -0.059960, 0.995478, 0.191948, -0.578038, -0.810850, -0.091622, -0.003193, 0.812677, -0.582175, 0.025083, 0.247633, 0.000000, 0.000000, 0.000000, 1.000000, 0.001849, -0.013975, -0.999901, 0.098253, -0.999450, -0.033131, -0.001385, 0.006916, -0.033109, 0.999353, -0.014028, 0.003243, 0.000000, 0.000000, 0.000000, 1.000000
-9.9994, 12.1927, 9.4298, 122.9470, 191.9500, -3.1928, 247.6328, 98.2531, 6.9159, 3.2433, 0.578038, 0.810849, 0.091623, 0.012193, -0.812672, 0.582179, -0.025146, 0.009430, -0.073730, -0.059925, 0.995476, 0.122947, 0.000000, 0.000000, 0.000000, 1.000000, -0.073679, -0.059962, 0.995478, 0.191950, -0.578038, -0.810849, -0.091624, -0.003193, 0.812677, -0.582175, 0.025082, 0.247633, 0.000000, 0.000000, 0.000000, 1.000000, 0.001849, -0.013975, -0.999901, 0.098253, -0.999450, -0.033131, -0.001385, 0.006916, -0.033109, 0.999353, -0.014028, 0.003243, 0.000000, 0.000000, 0.000000, 1.000000
-9.9987, 12.1928, 9.4294, 122.9517, 191.9547, -3.1929, 247.6333, 98.2531, 6.9159, 3.2433, 0.578038, 0.810849, 0.091631, 0.012193, -0.812672, 0.582179, -0.025140, 0.009429, -0.073730, -0.059934, 0.995476, 0.122952, 0.000000, 0.000000, 0.000000, 1.000000, -0.073680, -0.059971, 0.995477, 0.191955, -0.578038, -0.810849, -0.091632, -0.003193, 0.812677, -0.582175, 0.025078, 0.247633, 0.000000, 0.000000, 0.000000, 1.000000, 0.001849, -0.013975, -0.999901, 0.098253, -0.999450, -0.033131, -0.001385, 0.006916, -0.033109, 0.999353, -0.014028, 0.003243, 0.000000, 0.000000, 0.000000, 1.000000
-9.9984, 12.1928, 9.4292, 122.9539, 191.9569, -3.1929, 247.6336, 98.2531, 6.9159, 3.2433, 0.578038, 0.810848, 0.091634, 0.012193, -0.812672, 0.582179, -0.025138, 0.009429, -0.073730, -0.059938, 0.995475, 0.122954, 0.000000, 0.000000, 0.000000, 1.000000, -0.073680, -0.059975, 0.995477, 0.191957, -0.578038, -0.810848, -0.091635, -0.003193, 0.812676, -0.582175, 0.025075, 0.247634, 0.000000, 0.000000, 0.000000, 1.000000, 0.001849, -0.013975, -0.999901, 0.098253, -0.999450, -0.033131, -0.001385, 0.006916, -0.033109, 0.999353, -0.014028, 0.003243, 0.000000, 0.000000, 0.000000, 1.000000
-9.9977, 12.1927, 9.4287, 122.9595, 191.9624, -3.1929, 247.6342, 98.2531, 6.9159, 3.2433, 0.578038, 0.810847, 0.091644, 0.012193, -0.812672, 0.582179, -0.025131, 0.009429, -0.073730, -0.059950, 0.995475, 0.122959, 0.000000, 0.000000, 0.000000, 1.000000, -0.073680, -0.059987, 0.995476, 0.191962, -0.578038, -0.810847, -0.091645, -0.003193, 0.812676, -0.582176, 0.025069, 0.247634, 0.000000, 0.000000, 0.000000, 1.000000, 0.001849, -0.013975, -0.999901, 0.098253, -0.999450, -0.033131, -0.001385, 0.006916, -0.033109, 0.999353, -0.014028, 0.003243, 0.000000, 0.000000, 0.000000, 1.000000
-9.9972, 12.1927, 9.4283, 122.9629, 191.9659, -3.1929, 247.6346, 98.2531, 6.9159, 3.2433, 0.578038, 0.810847, 0.091650, 0.012193, -0.812672, 0.582180, -0.025127, 0.009428, -0.073730, -0.059957, 0.995474, 0.122963, 0.000000, 0.000000, 0.000000, 1.000000, -0.073680, -0.059994, 0.995476, 0.191966, -0.578038, -0.810846, -0.091650, -0.003193, 0.812676, -0.582176, 0.025065, 0.247635, 0.000000, 0.000000, 0.000000, 1.000000, 0.001849, -0.013975, -0.999901, 0.098253, -0.999450, -0.033131, -0.001385, 0.006916, -0.033109, 0.999353, -0.014028, 0.003243, 0.000000, 0.000000, 0.000000, 1.000000
-9.9961, 12.1926, 9.4275, 122.9712, 191.9742, -3.1928, 247.6355, 98.2531, 6.9159, 3.2433, 0.578038, 0.810845, 0.091664, 0.012193, -0.812672, 0.582180, -0.025116, 0.009427, -0.073730, -0.059975, 0.995473, 0.122971, 0.000000, 0.000000, 0.000000, 1.000000, -0.073681, -0.060012, 0.995475, 0.191974, -0.578038, -0.810845, -0.091665, -0.003193, 0.812676, -0.582176, 0.025054, 0.247635, 0.000000, 0.000000, 0.000000, 1.000000, 0.001849, -0.013975, -0.999901, 0.098253, -0.999450, -0.033131, -0.001385, 0.006916, -0.033109, 0.999353, -0.014028, 0.003243, 0.000000, 0.000000, 0.000000, 1.000000
-9.9946, 12.1925, 9.4264, 122.9816, 191.9845, -3.1926, 247.6366, 98.2531, 6.9159, 3.2433, 0.578038, 0.810843, 0.091683, 0.012192, -0.812672, 0.582181, -0.025103, 0.009426, -0.073730, -0.059998, 0.995472, 0.122982, 0.000000, 0.000000, 0.000000, 1.000000, -0.073681, -0.060034, 0.995473, 0.191985, -0.578038, -0.810843, -0.091684, -0.003193, 0.812676, -0.582177, 0.025041, 0.247637, 0.000000, 0.000000, 0.000000, 1.000000, 0.001849, -0.013975, -0.999901, 0.098253, -0.999450, -0.033131, -0.001385, 0.006916, -0.033109, 0.999353, -0.014028, 0.003243, 0.000000, 0.000000, 0.000000, 1.000000
-9.9946, 12.1925, 9.4264, 122.9816, 191.9845, -3.1926, 247.6366, 98.2531, 6.9159, 3.2433, 0.578038, 0.810843, 0.091683, 0.012192, -0.812672, 0.582181, -0.025103, 0.009426, -0.073730, -0.059998, 0.995472, 0.122982, 0.000000, 0.000000, 0.000000, 1.000000, -0.073681, -0.060034, 0.995473, 0.191985, -0.578038, -0.810843, -0.091684, -0.003193, 0.812676, -0.582177, 0.025041, 0.247637, 0.000000, 0.000000, 0.000000, 1.000000, 0.001849, -0.013975, -0.999901, 0.098253, -0.999450, -0.033131, -0.001385, 0.006916, -0.033109, 0.999353, -0.014028, 0.003243, 0.000000, 0.000000, 0.000000, 1.000000
-9.9920, 12.1921, 9.4244, 123.0011, 192.0040, -3.1922, 247.6387, 98.2531, 6.9159, 3.2433, 0.578038, 0.810839, 0.091718, 0.012192, -0.812672, 0.582182, -0.025077, 0.009424, -0.073730, -0.060041, 0.995469, 0.123001, 0.000000, 0.000000, 0.000000, 1.000000, -0.073681, -0.060077, 0.995471, 0.192004, -0.578038, -0.810839, -0.091719, -0.003192, 0.812676, -0.582178, 0.025016, 0.247639, 0.000000, 0.000000, 0.000000, 1.000000, 0.001849, -0.013975, -0.999901, 0.098253, -0.999450, -0.033131, -0.001385, 0.006916, -0.033109, 0.999353, -0.014028, 0.003243, 0.000000, 0.000000, 0.000000, 1.000000
-9.9910, 12.1920, 9.4236, 123.0087, 192.0116, -3.1921, 247.6395, 98.2531, 6.9159, 3.2433, 0.578039, 0.810837, 0.091732, 0.012192, -0.812672, 0.582182, -0.025067, 0.009424, -0.073730, -0.060058, 0.995468, 0.123009, 0.000000, 0.000000, 0.000000, 1.000000, -0.073681, -0.060094, 0.995470, 0.192012, -0.578038, -0.810837, -0.091733, -0.003192, 0.812676, -0.582179, 0.025007, 0.247640, 0.000000, 0.000000, 0.000000, 1.000000, 0.001849, -0.013975, -0.999901, 0.098253, -0.999450, -0.033131, -0.001385, 0.006916, -0.033109, 0.999353, -0.014028, 0.003243, 0.000000, 0.000000, 0.000000, 1.000000
-9.9887, 12.1916, 9.4219, 123.0256, 192.0284, -3.1918, 247.6414, 98.2531, 6.9159, 3.2433, 0.578039, 0.810833, 0.091763, 0.012192, -0.812672, 0.582183, -0.025045, 0.009422, -0.073730, -0.060096, 0.995466, 0.123026, 0.000000, 0.000000, 0.000000, 1.000000, -0.073681, -0.060132, 0.995467, 0.192028, -0.578039, -0.810833, -0.091764, -0.003192, 0.812676, -0.582180, 0.024985, 0.247641, 0.000000, 0.000000, 0.000000, 1.000000, 0.001849, -0.013975, -0.999901, 0.098253, -0.999450, -0.033131, -0.001385, 0.006916, -0.033109, 0.999353, -0.014028, 0.003243, 0.000000, 0.000000, 0.000000, 1.000000
-9.9862, 12.1912, 9.4199, 123.0446, 192.0474, -3.1914, 247.6434, 98.2531, 6.9159, 3.2433, 0.578039, 0.810829, 0.091798, 0.012191, -0.812672, 0.582185, -0.025019, 0.009420, -0.073730, -0.060139, 0.995463, 0.123045, 0.000000, 0.000000, 0.000000, 1.000000, -0.073682, -0.060175, 0.995465, 0.192047, -0.578039, -0.810829, -0.091799, -0.003191, 0.812676, -0.582181, 0.024960, 0.247643, 0.000000, 0.000000, 0.000000, 1.000000, 0.001849, -0.013975, -0.999901, 0.098253, -0.999450, -0.033131, -0.001385, 0.006916, -0.033109, 0.999353, -0.014028, 0.003243, 0.000000, 0.000000, 0.000000, 1.000000
-9.9848, 12.1910, 9.4188, 123.0549, 192.0578, -3.1911, 247.6445, 98.2531, 6.9159, 3.2433, 0.578039, 0.810827, 0.091817, 0.012191, -0.812672, 0.582185, -0.025005, 0.009419, -0.073730, -0.060163, 0.995462, 0.123055, 0.000000, 0.000000, 0.000000, 1.000000, -0.073682, -0.060198, 0.995463, 0.192058, -0.578039, -0.810827, -0.091818, -0.003191, 0.812676, -0.582182, 0.024946, 0.247645, 0.000000, 0.000000, 0.000000, 1.000000, 0.001849, -0.013975, -0.999901, 0.098253, -0.999450, -0.033131, -0.001385, 0.006916, -0.033109, 0.999353, -0.014028, 0.003243, 0.000000, 0.000000, 0.000000, 1.000000
-9.9818, 12.1905, 9.4165, 123.0772, 192.0800, -3.1907, 247.6469, 98.2531, 6.9159, 3.2433, 0.578039, 0.810823, 0.091858, 0.012191, -0.812672, 0.582186, -0.024976, 0.009416, -0.073729, -0.060213, 0.995459, 0.123077, 0.000000, 0.000000, 0.000000, 1.000000, -0.073682, -0.060249, 0.995460, 0.192080, -0.578039, -0.810823, -0.091859, -0.003191, 0.812676, -0.582183, 0.024917, 0.247647, 0.000000, 0.000000, 0.000000, 1.000000, 0.001849, -0.013975, -0.999901, 0.098253, -0.999450, -0.033131, -0.001385, 0.006916, -0.033109, 0.999353, -0.014028, 0.003243, 0.000000, 0.000000, 0.000000, 1.000000
-9.9803, 12.1903, 9.4152, 123.0891, 192.0919, -3.1904, 247.6482, 98.2531, 6.9159, 3.2433, 0.578039, 0.810820, 0.091880, 0.012190, -0.812672, 0.582187, -0.024960, 0.009415, -0.073729, -0.060240, 0.995457, 0.123089, 0.000000, 0.000000, 0.000000, 1.000000, -0.073682, -0.060275, 0.995459, 0.192092, -0.578039, -0.810820, -0.091881, -0.003190, 0.812676, -0.582184, 0.024901, 0.247648, 0.000000, 0.000000, 0.000000, 1.000000, 0.001849, -0.013975, -0.999901, 0.098253, -0.999450, -0.033131, -0.001385, 0.006916, -0.033109, 0.999353, -0.014028, 0.003243, 0.000000, 0.000000, 0.000000, 1.000000
-9.9769, 12.1897, 9.4126, 123.1143, 192.1171, -3.1898, 247.6509, 98.2531, 6.9159, 3.2433, 0.578039, 0.810815, 0.091927, 0.012190, -0.812672, 0.582189, -0.024926, 0.009413, -0.073729, -0.060298, 0.995454, 0.123114, 0.000000, 0.000000, 0.000000, 1.000000, -0.073682, -0.060333, 0.995455, 0.192117, -0.578039, -0.810815, -0.091928, -0.003190, 0.812676, -0.582185, 0.024868, 0.247651, 0.000000, 0.000000, 0.000000, 1.000000, 0.001849, -0.013975, -0.999901, 0.098253, -0.999450, -0.033131, -0.001385, 0.006916, -0.033109, 0.999353, -0.014028, 0.003243, 0.000000, 0.000000, 0.000000, 1.000000
-9.9751, 12.1894, 9.4112, 123.1277, 192.1305, -3.1895, 247.6523, 98.2531, 6.9159, 3.2433, 0.578039, 0.810812, 0.091952, 0.012189, -0.812672, 0.582189, -0.024908, 0.009411, -0.073729, -0.060329, 0.995452, 0.123128, 0.000000, 0.000000, 0.000000, 1.000000, -0.073682, -0.060363, 0.995453, 0.192130, -0.578039, -0.810812, -0.091952, -0.003190, 0.812676, -0.582186, 0.024850, 0.247652, 0.000000, 0.000000, 0.000000, 1.000000, 0.001849, -0.013975, -0.999901, 0.098253, -0.999450, -0.033131, -0.001385, 0.006916, -0.033109, 0.999353, -0.014028, 0.003243, 0.000000, 0.000000, 0.000000, 1.000000
-9.9714, 12.1888, 9.4083, 123.1557, 192.1585, -3.1889, 247.6553, 98.2531, 6.9159, 3.2433, 0.578039, 0.810806, 0.092004, 0.012189, -0.812671, 0.582191, -0.024870, 0.009408, -0.073729, -0.060393, 0.995448, 0.123156, 0.000000, 0.000000, 0.000000, 1.000000, -0.073682, -0.060427, 0.995449, 0.192158, -0.578039, -0.810806, -0.092005, -0.003189, 0.812676, -0.582188, 0.024812, 0.247655, 0.000000, 0.000000, 0.000000, 1.000000, 0.001849, -0.013975, -0.999901, 0.098253, -0.999450, -0.033131, -0.001385, 0.006916, -0.033109, 0.999353, -0.014028, 0.003243, 0.000000, 0.000000, 0.000000, 1.000000
-9.9695, 12.1884, 9.4067, 123.1704, 192.1731, -3.1886, 247.6569, 98.2531, 6.9159, 3.2433, 0.578039, 0.810803, 0.092031, 0.012188, -0.812671, 0.582192, -0.024850, 0.009407, -0.073728, -0.060426, 0.995446, 0.123170, 0.000000, 0.000000, 0.000000, 1.000000, -0.073682, -0.060461, 0.995447, 0.192173, -0.578039, -0.810803, -0.092032, -0.003189, 0.812676, -0.582189, 0.024793, 0.247657, 0.000000, 0.000000, 0.000000, 1.000000, 0.001849, -0.013975, -0.999901, 0.098253, -0.999450, -0.033131, -0.001385, 0.006916, -0.033109, 0.999353, -0.014028, 0.003243, 0.000000, 0.000000, 0.000000, 1.000000
-9.9654, 12.1878, 9.4036, 123.2009, 192.2036, -3.1879, 247.6601, 98.2531, 6.9159, 3.2433, 0.578039, 0.810796, 0.092088, 0.012188, -0.812671, 0.582194, -0.024809, 0.009404, -0.073728, -0.060497, 0.995442, 0.123201, 0.000000, 0.000000, 0.000000, 1.000000, -0.073682, -0.060531, 0.995443, 0.192204, -0.578039, -0.810796, -0.092089, -0.003188, 0.812676, -0.582190, 0.024752, 0.247660, 0.000000, 0.000000, 0.000000, 1.000000, 0.001849, -0.013975, -0.999901, 0.098253, -0.999450, -0.033131, -0.001385, 0.006916, -0.033109, 0.999353, -0.014028, 0.003243, 0.000000, 0.000000, 0.000000, 1.000000
-9.9633, 12.1874, 9.4019, 123.2167, 192.2194, -3.1875, 247.6618, 98.2531, 6.9159, 3.2433, 0.578039, 0.810793, 0.092117, 0.012187, -0.812671, 0.582195, -0.024788, 0.009402, -0.073728, -0.060533, 0.995440, 0.123217, 0.000000, 0.000000, 0.000000, 1.000000, -0.073682, -0.060567, 0.995441, 0.192219, -0.578039, -0.810793, -0.092118, -0.003188, 0.812676, -0.582191, 0.024731, 0.247662, 0.000000, 0.000000, 0.000000, 1.000000, 0.001849, -0.013975, -0.999901, 0.098253, -0.999450, -0.033131, -0.001385, 0.006916, -0.033109, 0.999353, -0.014028, 0.003243, 0.000000, 0.000000, 0.000000, 1.000000
-9.9590, 12.1867, 9.3985, 123.2494, 192.2521, -3.1868, 247.6652, 98.2531, 6.9159, 3.2433, 0.578039, 0.810786, 0.092178, 0.012187, -0.812671, 0.582197, -0.024744, 0.009399, -0.073728, -0.060608, 0.995435, 0.123249, 0.000000, 0.000000, 0.000000, 1.000000, -0.073682, -0.060642, 0.995436, 0.192252, -0.578039, -0.810786, -0.092179, -0.003187, 0.812676, -0.582193, 0.024687, 0.247665, 0.000000, 0.000000, 0.000000, 1.000000, 0.001849, -0.013975, -0.999901, 0.098253, -0.999450, -0.033131, -0.001385, 0.006916, -0.033109, 0.999353, -0.014028, 0.003243, 0.000000, 0.000000, 0.000000, 1.000000
-9.9545, 12.1859, 9.3950, 123.2832, 192.2859, -3.1860, 247.6688, 98.2531, 6.9159, 3.2433, 0.578039, 0.810779, 0.092242, 0.012186, -0.812671, 0.582198, -0.024698, 0.009395, -0.073727, -0.060686, 0.995430, 0.123283, 0.000000, 0.000000, 0.000000, 1.000000, -0.073682, -0.060720, 0.995432, 0.192286, -0.578039, -0.810779, -0.092243, -0.003186, 0.812676, -0.582195, 0.024642, 0.247669, 0.000000, 0.000000, 0.000000, 1.000000, 0.001849, -0.013975, -0.999901, 0.098253, -0.999450, -0.033131, -0.001385, 0.006916, -0.033109, 0.999353, -0.014028, 0.003243, 0.000000, 0.000000, 0.000000, 1.000000
-9.9523, 12.1855, 9.3932, 123.3006, 192.3033, -3.1857, 247.6706, 98.2531, 6.9159, 3.2433, 0.578039, 0.810775, 0.092274, 0.012186, -0.812671, 0.582199, -0.024674, 0.009393, -0.073727, -0.060726, 0.995428, 0.123301, 0.000000, 0.000000, 0.000000, 1.000000, -0.073682, -0.060759, 0.995429, 0.192303, -0.578039, -0.810775, -0.092275, -0.003186, 0.812676, -0.582196, 0.024618, 0.247671, 0.000000, 0.000000, 0.000000, 1.000000, 0.001849, -0.013975, -0.999901, 0.098253, -0.999450, -0.033131, -0.001385, 0.006916, -0.033109, 0.999353, -0.014028, 0.003243, 0.000000, 0.000000, 0.000000, 1.000000
-9.9499, 12.1851, 9.3914, 123.3182, 192.3208, -3.1853, 247.6725, 98.2531, 6.9159, 3.2433, 0.578039, 0.810771, 0.092307, 0.012185, -0.812672, 0.582200, -0.024650, 0.009391, -0.073727, -0.060767, 0.995425, 0.123318, 0.000000, 0.000000, 0.000000, 1.000000, -0.073682, -0.060800, 0.995427, 0.192321, -0.578039, -0.810771, -0.092308, -0.003185, 0.812676, -0.582197, 0.024595, 0.247672, 0.000000, 0.000000, 0.000000, 1.000000, 0.001849, -0.013975, -0.999901, 0.098253, -0.999450, -0.033131, -0.001385, 0.006916, -0.033109, 0.999353, -0.014028, 0.003243, 0.000000, 0.000000, 0.000000, 1.000000
-9.9452, 12.1843, 9.3878, 123.3540, 192.3567, -3.1845, 247.6762, 98.2531, 6.9159, 3.2433, 0.578039, 0.810764, 0.092374, 0.012184, -0.812672, 0.582202, -0.024602, 0.009388, -0.073727, -0.060849, 0.995420, 0.123354, 0.000000, 0.000000, 0.000000, 1.000000, -0.073682, -0.060882, 0.995422, 0.192357, -0.578039, -0.810764, -0.092375, -0.003184, 0.812676, -0.582199, 0.024546, 0.247676, 0.000000, 0.000000, 0.000000, 1.000000, 0.001849, -0.013975, -0.999901, 0.098253, -0.999450, -0.033131, -0.001385, 0.006916, -0.033109, 0.999353, -0.014028, 0.003243, 0.000000, 0.000000, 0.000000, 1.000000
-9.9428, 12.1839, 9.3859, 123.3722, 192.3748, -3.1840, 247.6781, 98.2531, 6.9159, 3.2433, 0.578039, 0.810760, 0.092409, 0.012184, -0.812672, 0.582203, -0.024577, 0.009386, -0.073727, -0.060891, 0.995418, 0.123372, 0.000000, 0.000000, 0.000000, 1.000000, -0.073682, -0.060924, 0.995419, 0.192375, -0.578039, -0.810760, -0.092409, -0.003184, 0.812676, -0.582200, 0.024522, 0.247678, 0.000000, 0.000000, 0.000000, 1.000000, 0.001849, -0.013975, -0.999901, 0.098253, -0.999450, -0.033131, -0.001385, 0.006916, -0.033109, 0.999353, -0.014028, 0.003243, 0.000000, 0.000000, 0.000000, 1.000000
-9.9380, 12.1831, 9.3821, 123.4091, 192.4117, -3.1832, 247.6819, 98.2531, 6.9159, 3.2433, 0.578039, 0.810752, 0.092478, 0.012183, -0.812672, 0.582205, -0.024527, 0.009382, -0.073726, -0.060977, 0.995413, 0.123409, 0.000000, 0.000000, 0.000000, 1.000000, -0.073682, -0.061009, 0.995414, 0.192412, -0.578039, -0.810752, -0.092479, -0.003183, 0.812676, -0.582202, 0.024472, 0.247682, 0.000000, 0.000000, 0.000000, 1.000000, 0.001849, -0.013975, -0.999901, 0.098253, -0.999450, -0.033131, -0.001385, 0.006916, -0.033109, 0.999353, -0.014028, 0.003243, 0.000000, 0.000000, 0.000000, 1.000000
-9.9331, 12.1814, 9.3822, 123.4487, 192.4513, -3.1816, 247.6819, 98.2531, 6.9159, 3.2433, 0.578036, 0.810746, 0.092546, 0.012181, -0.812675, 0.582204, -0.024460, 0.009382, -0.073712, -0.061071, 0.995408, 0.123449, 0.000000, 0.000000, 0.000000, 1.000000, -0.073667, -0.061104, 0.995409, 0.192451, -0.578036, -0.810746, -0.092547, -0.003182, 0.812679, -0.582200, 0.024405, 0.247682, 0.000000, 0.000000, 0.000000, 1.000000, 0.001849, -0.013975, -0.999901, 0.098253, -0.999450, -0.033131, -0.001385, 0.006916, -0.033109, 0.999353, -0.014028, 0.003243, 0.000000, 0.000000, 0.000000, 1.000000
-9.9282, 12.1799, 9.3819, 123.4883, 192.4909, -3.1800, 247.6822, 98.2531, 6.9159, 3.2433, 0.578034, 0.810740, 0.092615, 0.012180, -0.812678, 0.582202, -0.024395, 0.009382, -0.073699, -0.061165, 0.995403, 0.123488, 0.000000, 0.000000, 0.000000, 1.000000, -0.073654, -0.061198, 0.995404, 0.192491, -0.578033, -0.810740, -0.092616, -0.003180, 0.812682, -0.582199, 0.024340, 0.247682, 0.000000, 0.000000, 0.000000, 1.000000, 0.001849, -0.013975, -0.999901, 0.098253, -0.999450, -0.033131, -0.001385, 0.006916, -0.033109, 0.999353, -0.014028, 0.003243, 0.000000, 0.000000, 0.000000, 1.000000
-9.9233, 12.1784, 9.3811, 123.5276, 192.5302, -3.1785, 247.6829, 98.2531, 6.9159, 3.2433, 0.578031, 0.810734, 0.092684, 0.012178, -0.812681, 0.582201, -0.024331, 0.009381, -0.073687, -0.061258, 0.995398, 0.123528, 0.000000, 0.000000, 0.000000, 1.000000, -0.073643, -0.061291, 0.995399, 0.192530, -0.578031, -0.810734, -0.092685, -0.003179, 0.812685, -0.582197, 0.024277, 0.247683, 0.000000, 0.000000, 0.000000, 1.000000, 0.001849, -0.013975, -0.999901, 0.098253, -0.999450, -0.033131, -0.001385, 0.006916, -0.033109, 0.999353, -0.014028, 0.003243, 0.000000, 0.000000, 0.000000, 1.000000
-9.9208, 12.1777, 9.3806, 123.5472, 192.5498, -3.1778, 247.6834, 98.2531, 6.9159, 3.2433, 0.578030, 0.810731, 0.092719, 0.012178, -0.812682, 0.582200, -0.024300, 0.009381, -0.073682, -0.061305, 0.995396, 0.123547, 0.000000, 0.000000, 0.000000, 1.000000, -0.073638, -0.061337, 0.995397, 0.192550, -0.578030, -0.810731, -0.092720, -0.003178, 0.812686, -0.582197, 0.024245, 0.247683, 0.000000, 0.000000, 0.000000, 1.000000, 0.001849, -0.013975, -0.999901, 0.098253, -0.999450, -0.033131, -0.001385, 0.006916, -0.033109, 0.999353, -0.014028, 0.003243, 0.000000, 0.000000, 0.000000, 1.000000
-9.9159, 12.1764, 9.3793, 123.5860, 192.5886, -3.1765, 247.6848, 98.2531, 6.9159, 3.2433, 0.578028, 0.810725, 0.092788, 0.012176, -0.812685, 0.582199, -0.024239, 0.009379, -0.073673, -0.061396, 0.995391, 0.123586, 0.000000, 0.000000, 0.000000, 1.000000, -0.073628, -0.061429, 0.995392, 0.192589, -0.578028, -0.810724, -0.092789, -0.003176, 0.812689, -0.582196, 0.024185, 0.247685, 0.000000, 0.000000, 0.000000, 1.000000, 0.001849, -0.013975, -0.999901, 0.098253, -0.999450, -0.033131, -0.001385, 0.006916, -0.033109, 0.999353, -0.014028, 0.003243, 0.000000, 0.000000, 0.000000, 1.000000
-9.9135, 12.1757, 9.3785, 123.6053, 192.6079, -3.1759, 247.6856, 98.2531, 6.9159, 3.2433, 0.578027, 0.810721, 0.092823, 0.012176, -0.812686, 0.582199, -0.024210, 0.009379, -0.073669, -0.061442, 0.995388, 0.123605, 0.000000, 0.000000, 0.000000, 1.000000, -0.073624, -0.061474, 0.995390, 0.192608, -0.578027, -0.810721, -0.092823, -0.003176, 0.812690, -0.582196, 0.024155, 0.247686, 0.000000, 0.000000, 0.000000, 1.000000, 0.001849, -0.013975, -0.999901, 0.098253, -0.999450, -0.033131, -0.001385, 0.006916, -0.033109, 0.999353, -0.014028, 0.003243, 0.000000, 0.000000, 0.000000, 1.000000
-9.9086, 12.1745, 9.3766, 123.6434, 192.6460, -3.1747, 247.6874, 98.2531, 6.9159, 3.2433, 0.578025, 0.810715, 0.092892, 0.012175, -0.812687, 0.582199, -0.024152, 0.009377, -0.073662, -0.061532, 0.995383, 0.123643, 0.000000, 0.000000, 0.000000, 1.000000, -0.073617, -0.061564, 0.995385, 0.192646, -0.578025, -0.810715, -0.092893, -0.003175, 0.812692, -0.582196, 0.024097, 0.247687, 0.000000, 0.000000, 0.000000, 1.000000, 0.001849, -0.013975, -0.999901, 0.098253, -0.999450, -0.033131, -0.001385, 0.006916, -0.033109, 0.999353, -0.014028, 0.003243, 0.000000, 0.000000, 0.000000, 1.000000
-9.9062, 12.1740, 9.3756, 123.6622, 192.6648, -3.1741, 247.6885, 98.2531, 6.9159, 3.2433, 0.578024, 0.810711, 0.092926, 0.012174, -0.812688, 0.582199, -0.024124, 0.009376, -0.073659, -0.061576, 0.995381, 0.123662, 0.000000, 0.000000, 0.000000, 1.000000, -0.073615, -0.061609, 0.995382, 0.192665, -0.578024, -0.810711, -0.092927, -0.003174, 0.812692, -0.582196, 0.024069, 0.247689, 0.000000, 0.000000, 0.000000, 1.000000, 0.001849, -0.013975, -0.999901, 0.098253, -0.999450, -0.033131, -0.001385, 0.006916, -0.033109, 0.999353, -0.014028, 0.003243, 0.000000, 0.000000, 0.000000, 1.000000
-9.9015, 12.1729, 9.3731, 123.6994, 192.7021, -3.1730, 247.6909, 98.2531, 6.9159, 3.2433, 0.578023, 0.810704, 0.092994, 0.012173, -0.812690, 0.582199, -0.024069, 0.009373, -0.073654, -0.061663, 0.995376, 0.123699, 0.000000, 0.000000, 0.000000, 1.000000, -0.073610, -0.061696, 0.995377, 0.192702, -0.578023, -0.810704, -0.092995, -0.003173, 0.812694, -0.582196, 0.024014, 0.247691, 0.000000, 0.000000, 0.000000, 1.000000, 0.001849, -0.013975, -0.999901, 0.098253, -0.999450, -0.033131, -0.001386, 0.006916, -0.033109, 0.999353, -0.014028, 0.003243, 0.000000, 0.000000, 0.000000, 1.000000
-9.8991, 12.1724, 9.3718, 123.7178, 192.7204, -3.1725, 247.6923, 98.2531, 6.9159, 3.2433, 0.578022, 0.810701, 0.093028, 0.012172, -0.812690, 0.582200, -0.024042, 0.009372, -0.073652, -0.061706, 0.995373, 0.123718, 0.000000, 0.000000, 0.000000, 1.000000, -0.073608, -0.061739, 0.995374, 0.192720, -0.578022, -0.810701, -0.093029, -0.003173, 0.812694, -0.582196, 0.023988, 0.247692, 0.000000, 0.000000, 0.000000, 1.000000, 0.001849, -0.013975, -0.999901, 0.098253, -0.999450, -0.033131, -0.001386, 0.006916, -0.033109, 0.999353, -0.014028, 0.003243, 0.000000, 0.000000, 0.000000, 1.000000
-9.8944, 12.1715, 9.3689, 123.7540, 192.7567, -3.1716, 247.6952, 98.2531, 6.9159, 3.2433, 0.578021, 0.810694, 0.093096, 0.012171, -0.812691, 0.582200, -0.023991, 0.009369, -0.073650, -0.061791, 0.995368, 0.123754, 0.000000, 0.000000, 0.000000, 1.000000, -0.073606, -0.061824, 0.995369, 0.192757, -0.578021, -0.810694, -0.093097, -0.003172, 0.812695, -0.582197, 0.023936, 0.247695, 0.000000, 0.000000, 0.000000, 1.000000, 0.001849, -0.013975, -0.999901, 0.098253, -0.999450, -0.033131, -0.001386, 0.006916, -0.033109, 0.999353, -0.014028, 0.003243, 0.000000, 0.000000, 0.000000, 1.000000
-9.8898, 12.1706, 9.3657, 123.7896, 192.7922, -3.1708, 247.6984, 98.2531, 6.9159, 3.2433, 0.578021, 0.810687, 0.093163, 0.012171, -0.812692, 0.582202, -0.023941, 0.009366, -0.073648, -0.061874, 0.995363, 0.123790, 0.000000, 0.000000, 0.000000, 1.000000, -0.073604, -0.061907, 0.995364, 0.192792, -0.578021, -0.810687, -0.093164, -0.003171, 0.812696, -0.582198, 0.023887, 0.247698, 0.000000, 0.000000, 0.000000, 1.000000, 0.001849, -0.013975, -0.999901, 0.098253, -0.999450, -0.033131, -0.001386, 0.006916, -0.033109, 0.999353, -0.014028, 0.003243, 0.000000, 0.000000, 0.000000, 1.000000
-9.8875, 12.1702, 9.3640, 123.8071, 192.8097, -3.1704, 247.7001, 98.2531, 6.9159, 3.2433, 0.578020, 0.810683, 0.093196, 0.012170, -0.812692, 0.582202, -0.023917, 0.009364, -0.073648, -0.061915, 0.995360, 0.123807, 0.000000, 0.000000, 0.000000, 1.000000, -0.073604, -0.061947, 0.995362, 0.192810, -0.578020, -0.810683, -0.093197, -0.003170, 0.812696, -0.582199, 0.023863, 0.247700, 0.000000, 0.000000, 0.000000, 1.000000, 0.001849, -0.013975, -0.999901, 0.098253, -0.999450, -0.033131, -0.001386, 0.006916, -0.033109, 0.999353, -0.014028, 0.003243, 0.000000, 0.000000, 0.000000, 1.000000
-9.8830, 12.1695, 9.3604, 123.8416, 192.8442, -3.1696, 247.7037, 98.2531, 6.9159, 3.2433, 0.578020, 0.810676, 0.093261, 0.012169, -0.812692, 0.582204, -0.023871, 0.009360, -0.073649, -0.061995, 0.995355, 0.123842, 0.000000, 0.000000, 0.000000, 1.000000, -0.073605, -0.062027, 0.995357, 0.192844, -0.578020, -0.810676, -0.093262, -0.003170, 0.812696, -0.582200, 0.023816, 0.247704, 0.000000, 0.000000, 0.000000, 1.000000, 0.001849, -0.013975, -0.999901, 0.098253, -0.999450, -0.033131, -0.001386, 0.006916, -0.033109, 0.999353, -0.014028, 0.003243, 0.000000, 0.000000, 0.000000, 1.000000
-9.8808, 12.1692, 9.3585, 123.8586, 192.8612, -3.1693, 247.7056, 98.2531, 6.9159, 3.2433, 0.578020, 0.810672, 0.093294, 0.012169, -0.812692, 0.582205, -0.023848, 0.009359, -0.073649, -0.062034, 0.995353, 0.123859, 0.000000, 0.000000, 0.000000, 1.000000, -0.073605, -0.062067, 0.995354, 0.192861, -0.578020, -0.810672, -0.093295, -0.003169, 0.812696, -0.582201, 0.023794, 0.247706, 0.000000, 0.000000, 0.000000, 1.000000, 0.001849, -0.013975, -0.999901, 0.098253, -0.999450, -0.033131, -0.001386, 0.006916, -0.033109, 0.999353, -0.014028, 0.003243, 0.000000, 0.000000, 0.000000, 1.000000
-9.8763, 12.1685, 9.3546, 123.8920, 192.8946, -3.1687, 247.7095, 98.2531, 6.9159, 3.2433, 0.578020, 0.810665, 0.093358, 0.012169, -0.812692, 0.582207, -0.023804, 0.009355, -0.073651, -0.062112, 0.995348, 0.123892, 0.000000, 0.000000, 0.000000, 1.000000, -0.073607, -0.062144, 0.995349, 0.192895, -0.578019, -0.810665, -0.093359, -0.003169, 0.812696, -0.582203, 0.023750, 0.247710, 0.000000, 0.000000, 0.000000, 1.000000, 0.001849, -0.013975, -0.999901, 0.098253, -0.999450, -0.033131, -0.001386, 0.006916, -0.033109, 0.999353, -0.014028, 0.003243, 0.000000, 0.000000, 0.000000, 1.000000
-9.8742, 12.1682, 9.3526, 123.9085, 192.9110, -3.1684, 247.7116, 98.2531, 6.9159, 3.2433, 0.578020, 0.810661, 0.093390, 0.012168, -0.812692, 0.582208, -0.023783, 0.009353, -0.073652, -0.062150, 0.995346, 0.123908, 0.000000, 0.000000, 0.000000, 1.000000, -0.073609, -0.062182, 0.995347, 0.192911, -0.578019, -0.810661, -0.093391, -0.003168, 0.812696, -0.582204, 0.023729, 0.247712, 0.000000, 0.000000, 0.000000, 1.000000, 0.001849, -0.013975, -0.999901, 0.098253, -0.999450, -0.033131, -0.001386, 0.006916, -0.033109, 0.999353, -0.014028, 0.003243, 0.000000, 0.000000, 0.000000, 1.000000
-9.8698, 12.1677, 9.3484, 123.9409, 192.9435, -3.1678, 247.7158, 98.2531, 6.9159, 3.2432, 0.578020, 0.810654, 0.093453, 0.012168, -0.812692, 0.582210, -0.023742, 0.009348, -0.073655, -0.062225, 0.995341, 0.123941, 0.000000, 0.000000, 0.000000, 1.000000, -0.073612, -0.062257, 0.995342, 0.192943, -0.578020, -0.810654, -0.093453, -0.003168, 0.812696, -0.582206, 0.023688, 0.247716, 0.000000, 0.000000, 0.000000, 1.000000, 0.001849, -0.013975, -0.999901, 0.098253, -0.999450, -0.033131, -0.001386, 0.006916, -0.033109, 0.999353, -0.014028, 0.003243, 0.000000, 0.000000, 0.000000, 1.000000
-9.8677, 12.1675, 9.3463, 123.9569, 192.9594, -3.1676, 247.7179, 98.2531, 6.9159, 3.2432, 0.578020, 0.810650, 0.093484, 0.012167, -0.812692, 0.582211, -0.023722, 0.009346, -0.073657, -0.062262, 0.995338, 0.123957, 0.000000, 0.000000, 0.000000, 1.000000, -0.073614, -0.062294, 0.995339, 0.192959, -0.578020, -0.810650, -0.093484, -0.003168, 0.812696, -0.582208, 0.023668, 0.247718, 0.000000, 0.000000, 0.000000, 1.000000, 0.001849, -0.013975, -0.999901, 0.098253, -0.999450, -0.033131, -0.001386, 0.006916, -0.033109, 0.999353, -0.014028, 0.003243, 0.000000, 0.000000, 0.000000, 1.000000
-9.8635, 12.1670, 9.3419, 123.9883, 192.9909, -3.1671, 247.7223, 98.2531, 6.9159, 3.2432, 0.578020, 0.810643, 0.093545, 0.012167, -0.812691, 0.582213, -0.023683, 0.009342, -0.073661, -0.062334, 0.995333, 0.123988, 0.000000, 0.000000, 0.000000, 1.000000, -0.073618, -0.062366, 0.995335, 0.192991, -0.578020, -0.810643, -0.093546, -0.003167, 0.812695, -0.582210, 0.023629, 0.247722, 0.000000, 0.000000, 0.000000, 1.000000, 0.001849, -0.013975, -0.999901, 0.098253, -0.999450, -0.033131, -0.001386, 0.006916, -0.033109, 0.999353, -0.014028, 0.003243, 0.000000, 0.000000, 0.000000, 1.000000
-9.8614, 12.1668, 9.3397, 124.0039, 193.0064, -3.1669, 247.7245, 98.2531, 6.9159, 3.2432, 0.578020, 0.810639, 0.093575, 0.012167, -0.812691, 0.582215, -0.023664, 0.009340, -0.073664, -0.062370, 0.995331, 0.124004, 0.000000, 0.000000, 0.000000, 1.000000, -0.073620, -0.062402, 0.995332, 0.193006, -0.578020, -0.810639, -0.093576, -0.003167, 0.812695, -0.582211, 0.023610, 0.247724, 0.000000, 0.000000, 0.000000, 1.000000, 0.001849, -0.013975, -0.999901, 0.098253, -0.999450, -0.033131, -0.001386, 0.006916, -0.033109, 0.999353, -0.014028, 0.003243, 0.000000, 0.000000, 0.000000, 1.000000
-9.8573, 12.1664, 9.3352, 124.0345, 193.0371, -3.1665, 247.7290, 98.2531, 6.9159, 3.2432, 0.578021, 0.810632, 0.093636, 0.012166, -0.812690, 0.582217, -0.023626, 0.009335, -0.073668, -0.062440, 0.995326, 0.124034, 0.000000, 0.000000, 0.000000, 1.000000, -0.073625, -0.062472, 0.995327, 0.193037, -0.578021, -0.810632, -0.093636, -0.003167, 0.812694, -0.582214, 0.023573, 0.247729, 0.000000, 0.000000, 0.000000, 1.000000, 0.001849, -0.013975, -0.999901, 0.098253, -0.999450, -0.033131, -0.001386, 0.006916, -0.033109, 0.999353, -0.014028, 0.003243, 0.000000, 0.000000, 0.000000, 1.000000
-9.8532, 12.1660, 9.3307, 124.0646, 193.0672, -3.1662, 247.7336, 98.2531, 6.9159, 3.2432, 0.578022, 0.810625, 0.093695, 0.012166, -0.812689, 0.582220, -0.023590, 0.009331, -0.073674, -0.062509, 0.995321, 0.124065, 0.000000, 0.000000, 0.000000, 1.000000, -0.073630, -0.062541, 0.995323, 0.193067, -0.578021, -0.810625, -0.093696, -0.003166, 0.812693, -0.582217, 0.023536, 0.247734, 0.000000, 0.000000, 0.000000, 1.000000, 0.001849, -0.013975, -0.999901, 0.098253, -0.999450, -0.033131, -0.001386, 0.006916, -0.033109, 0.999353, -0.014028, 0.003243, 0.000000, 0.000000, 0.000000, 1.000000
-9.8492, 12.1657, 9.3261, 124.0943, 193.0968, -3.1658, 247.7381, 98.2531, 6.9159, 3.2432, 0.578022, 0.810617, 0.093753, 0.012166, -0.812688, 0.582223, -0.023554, 0.009326, -0.073679, -0.062577, 0.995317, 0.124094, 0.000000, 0.000000, 0.000000, 1.000000, -0.073636, -0.062609, 0.995318, 0.193097, -0.578022, -0.810617, -0.093754, -0.003166, 0.812692, -0.582220, 0.023501, 0.247738, 0.000000, 0.000000, 0.000000, 1.000000, 0.001849, -0.013975, -0.999901, 0.098253, -0.999450, -0.033131, -0.001386, 0.006916, -0.033109, 0.999353, -0.014028, 0.003243, 0.000000, 0.000000, 0.000000, 1.000000
-9.8492, 12.1657, 9.3261, 124.0943, 193.0968, -3.1658, 247.7381, 98.2531, 6.9159, 3.2432, 0.578022, 0.810617, 0.093753, 0.012166, -0.812688, 0.582223, -0.023554, 0.009326, -0.073679, -0.062577, 0.995317, 0.124094, 0.000000, 0.000000, 0.000000, 1.000000, -0.073636, -0.062609, 0.995318, 0.193097, -0.578022, -0.810617, -0.093754, -0.003166, 0.812692, -0.582220, 0.023501, 0.247738, 0.000000, 0.000000, 0.000000, 1.000000, 0.001849, -0.013975, -0.999901, 0.098253, -0.999450, -0.033131, -0.001386, 0.006916, -0.033109, 0.999353, -0.014028, 0.003243, 0.000000, 0.000000, 0.000000, 1.000000
-9.8433, 12.1648, 9.3213, 124.1392, 193.1418, -3.1649, 247.7430, 98.2531, 6.9159, 3.2432, 0.578022, 0.810608, 0.093838, 0.012165, -0.812688, 0.582225, -0.023494, 0.009321, -0.073680, -0.062681, 0.995310, 0.124139, 0.000000, 0.000000, 0.000000, 1.000000, -0.073637, -0.062713, 0.995311, 0.193142, -0.578022, -0.810608, -0.093839, -0.003165, 0.812692, -0.582222, 0.023441, 0.247743, 0.000000, 0.000000, 0.000000, 1.000000, 0.001849, -0.013975, -0.999901, 0.098253, -0.999450, -0.033131, -0.001386, 0.006916, -0.033109, 0.999353, -0.014028, 0.003243, 0.000000, 0.000000, 0.000000, 1.000000
-9.8394, 12.1637, 9.3204, 124.1703, 193.1729, -3.1638, 247.7438, 98.2531, 6.9159, 3.2432, 0.578020, 0.810603, 0.093894, 0.012164, -0.812690, 0.582224, -0.023445, 0.009320, -0.073672, -0.062754, 0.995306, 0.124170, 0.000000, 0.000000, 0.000000, 1.000000, -0.073629, -0.062787, 0.995307, 0.193173, -0.578020, -0.810603, -0.093894, -0.003164, 0.812694, -0.582221, 0.023392, 0.247744, 0.000000, 0.000000, 0.000000, 1.000000, 0.001849, -0.013975, -0.999901, 0.098253, -0.999450, -0.033131, -0.001386, 0.006916, -0.033109, 0.999353, -0.014028, 0.003243, 0.000000, 0.000000, 0.000000, 1.000000
-9.8375, 12.1632, 9.3199, 124.1857, 193.1882, -3.1633, 247.7443, 98.2531, 6.9159, 3.2432, 0.578019, 0.810600, 0.093921, 0.012163, -0.812691, 0.582224, -0.023421, 0.009320, -0.073668, -0.062791, 0.995304, 0.124186, 0.000000, 0.000000, 0.000000, 1.000000, -0.073625, -0.062823, 0.995305, 0.193188, -0.578019, -0.810600, -0.093922, -0.003163, 0.812695, -0.582221, 0.023368, 0.247744, 0.000000, 0.000000, 0.000000, 1.000000, 0.001849, -0.013975, -0.999901, 0.098253, -0.999450, -0.033131, -0.001386, 0.006916, -0.033109, 0.999353, -0.014028, 0.003243, 0.000000, 0.000000, 0.000000, 1.000000
-9.8355, 12.1627, 9.3192, 124.2009, 193.2035, -3.1628, 247.7450, 98.2531, 6.9159, 3.2432, 0.578019, 0.810597, 0.093948, 0.012163, -0.812692, 0.582224, -0.023398, 0.009319, -0.073665, -0.062826, 0.995302, 0.124201, 0.000000, 0.000000, 0.000000, 1.000000, -0.073622, -0.062859, 0.995303, 0.193203, -0.578019, -0.810597, -0.093949, -0.003163, 0.812696, -0.582221, 0.023344, 0.247745, 0.000000, 0.000000, 0.000000, 1.000000, 0.001849, -0.013975, -0.999901, 0.098253, -0.999450, -0.033131, -0.001386, 0.006916, -0.033109, 0.999353, -0.014028, 0.003243, 0.000000, 0.000000, 0.000000, 1.000000
