# Joint_B_Angle(deg), Cam_X(mm), Cam_Y(mm), Cam_Z(mm), Torso_X(mm), Torso_Y(mm), Torso_Z(mm), EE_X(mm), EE_Y(mm), EE_Z(mm), T_cam2marker_flat(16), T_torso2marker_flat(16), T_ee2marker_flat(16)
-10.0000, 19.0001, -1.4879, 128.0992, 197.1076, -10.0002, 258.5364, 89.3381, 6.8739, -16.6293, 0.583697, -0.805770, -0.100161, 0.019000, 0.811537, 0.582963, 0.039515, -0.001488, 0.026551, -0.104349, 0.994186, 0.128099, 0.000000, 0.000000, 0.000000, 1.000000, 0.026435, -0.104431, 0.994181, 0.197108, -0.583697, 0.805770, 0.100160, -0.010000, -0.811541, -0.582948, -0.039656, 0.258536, 0.000000, 0.000000, 0.000000, 1.000000, 0.045842, 0.058970, -0.997207, 0.089338, -0.996776, -0.063100, -0.049554, 0.006874, -0.065846, 0.996263, 0.055887, -0.016629, 0.000000, 0.000000, 0.000000, 1.000000
-10.0000, 18.9998, -1.4885, 128.0986, 197.1069, -10.0000, 258.5371, 89.3381, 6.8739, -16.6293, 0.583698, -0.805770, -0.100160, 0.019000, 0.811537, 0.582964, 0.039511, -0.001489, 0.026553, -0.104347, 0.994186, 0.128099, 0.000000, 0.000000, 0.000000, 1.000000, 0.026437, -0.104429, 0.994181, 0.197107, -0.583698, 0.805770, 0.100160, -0.010000, -0.811540, -0.582949, -0.039653, 0.258537, 0.000000, 0.000000, 0.000000, 1.000000, 0.045842, 0.058970, -0.997207, 0.089338, -0.996776, -0.063100, -0.049554, 0.006874, -0.065846, 0.996263, 0.055887, -0.016629, 0.000000, 0.000000, 0.000000, 1.000000
-10.0000, 18.9993, -1.4899, 128.0974, 197.1057, -9.9995, 258.5384, 89.3381, 6.8739, -16.6293, 0.583699, -0.805769, -0.100159, 0.018999, 0.811536, 0.582966, 0.039504, -0.001490, 0.026558, -0.104341, 0.994187, 0.128097, 0.000000, 0.000000, 0.000000, 1.000000, 0.026442, -0.104424, 0.994181, 0.197106, -0.583699, 0.805769, 0.100158, -0.009999, -0.811539, -0.582951, -0.039646, 0.258538, 0.000000, 0.000000, 0.000000, 1.000000, 0.045842, 0.058970, -0.997207, 0.089338, -0.996776, -0.063100, -0.049554, 0.006874, -0.065846, 0.996263, 0.055887, -0.016629, 0.000000, 0.000000, 0.000000, 1.000000
-10.0000, 18.9993, -1.4892, 128.0974, 197.1057, -9.9995, 258.5377, 89.3380, 6.8739, -16.6293, 0.583699, -0.805769, -0.100157, 0.018999, 0.811536, 0.582966, 0.039505, -0.001489, 0.026556, -0.104340, 0.994187, 0.128097, 0.000000, 0.000000, 0.000000, 1.000000, 0.026440, -0.104423, 0.994182, 0.197106, -0.583699, 0.805769, 0.100156, -0.009999, -0.811540, -0.582951, -0.039647, 0.258538, 0.000000, 0.000000, 0.000000, 1.000000, 0.045842, 0.058970, -0.997207, 0.089338, -0.996776, -0.063100, -0.049554, 0.006874, -0.065846, 0.996263, 0.055887, -0.016629, 0.000000, 0.000000, 0.000000, 1.000000
-10.0000, 18.9997, -1.4869, 128.0985, 197.1069, -9.9998, 258.5353, 89.3381, 6.8739, -16.6293, 0.583697, -0.805771, -0.100154, 0.019000, 0.811537, 0.582963, 0.039513, -0.001487, 0.026548, -0.104342, 0.994187, 0.128099, 0.000000, 0.000000, 0.000000, 1.000000, 0.026432, -0.104425, 0.994181, 0.197107, -0.583697, 0.805771, 0.100154, -0.010000, -0.811541, -0.582948, -0.039655, 0.258535, 0.000000, 0.000000, 0.000000, 1.000000, 0.045842, 0.058970, -0.997207, 0.089338, -0.996776, -0.063101, -0.049554, 0.006874, -0.065846, 0.996263, 0.055887, -0.016629, 0.000000, 0.000000, 0.000000, 1.000000
-10.0000, 19.0000, -1.4841, 128.0999, 197.1083, -10.0002, 258.5324, 89.3381, 6.8739, -16.6293, 0.583696, -0.805772, -0.100151, 0.019000, 0.811539, 0.582961, 0.039521, -0.001484, 0.026539, -0.104345, 0.994187, 0.128100, 0.000000, 0.000000, 0.000000, 1.000000, 0.026422, -0.104428, 0.994181, 0.197108, -0.583696, 0.805773, 0.100150, -0.010000, -0.811543, -0.582946, -0.039664, 0.258532, 0.000000, 0.000000, 0.000000, 1.000000, 0.045842, 0.058970, -0.997207, 0.089338, -0.996776, -0.063101, -0.049554, 0.006874, -0.065847, 0.996263, 0.055887, -0.016629, 0.000000, 0.000000, 0.000000, 1.000000
-10.0000, 19.0002, -1.4828, 128.1007, 197.1091, -10.0003, 258.5310, 89.3381, 6.8739, -16.6293, 0.583695, -0.805773, -0.100149, 0.019000, 0.811539, 0.582959, 0.039525, -0.001483, 0.026535, -0.104346, 0.994187, 0.128101, 0.000000, 0.000000, 0.000000, 1.000000, 0.026417, -0.104429, 0.994181, 0.197109, -0.583695, 0.805773, 0.100149, -0.010000, -0.811543, -0.582944, -0.039668, 0.258531, 0.000000, 0.000000, 0.000000, 1.000000, 0.045842, 0.058970, -0.997207, 0.089338, -0.996776, -0.063101, -0.049554, 0.006874, -0.065847, 0.996263, 0.055887, -0.016629, 0.000000, 0.000000, 0.000000, 1.000000
-9.9999, 19.0002, -1.4823, 128.1012, 197.1096, -10.0004, 258.5305, 89.3381, 6.8739, -16.6293, 0.583694, -0.805774, -0.100149, 0.019000, 0.811540, 0.582959, 0.039527, -0.001482, 0.026533, -0.104347, 0.994187, 0.128101, 0.000000, 0.000000, 0.000000, 1.000000, 0.026415, -0.104430, 0.994181, 0.197110, -0.583695, 0.805774, 0.100148, -0.010000, -0.811544, -0.582944, -0.039670, 0.258530, 0.000000, 0.000000, 0.000000, 1.000000, 0.045842, 0.058970, -0.997207, 0.089338, -0.996776, -0.063101, -0.049554, 0.006874, -0.065847, 0.996263, 0.055887, -0.016629, 0.000000, 0.000000, 0.000000, 1.000000
-9.9997, 19.0016, -1.4756, 128.1070, 197.1155, -10.0017, 258.5236, 89.3382, 6.8739, -16.6294, 0.583689, -0.805777, -0.100147, 0.019002, 0.811544, 0.582951, 0.039554, -0.001476, 0.026509, -0.104361, 0.994186, 0.128107, 0.000000, 0.000000, 0.000000, 1.000000, 0.026391, -0.104445, 0.994180, 0.197115, -0.583690, 0.805777, 0.100147, -0.010002, -0.811548, -0.582936, -0.039698, 0.258524, 0.000000, 0.000000, 0.000000, 1.000000, 0.045842, 0.058969, -0.997207, 0.089338, -0.996776, -0.063101, -0.049553, 0.006874, -0.065846, 0.996263, 0.055887, -0.016629, 0.000000, 0.000000, 0.000000, 1.000000
-9.9996, 19.0020, -1.4738, 128.1091, 197.1176, -10.0021, 258.5218, 89.3382, 6.8739, -16.6294, 0.583688, -0.805778, -0.100148, 0.019002, 0.811545, 0.582949, 0.039562, -0.001474, 0.026503, -0.104366, 0.994186, 0.128109, 0.000000, 0.000000, 0.000000, 1.000000, 0.026384, -0.104450, 0.994180, 0.197118, -0.583688, 0.805778, 0.100147, -0.010002, -0.811549, -0.582933, -0.039707, 0.258522, 0.000000, 0.000000, 0.000000, 1.000000, 0.045842, 0.058969, -0.997207, 0.089338, -0.996776, -0.063100, -0.049553, 0.006874, -0.065846, 0.996264, 0.055886, -0.016629, 0.000000, 0.000000, 0.000000, 1.000000
-9.9994, 19.0023, -1.4721, 128.1113, 197.1198, -10.0025, 258.5201, 89.3383, 6.8738, -16.6295, 0.583687, -0.805779, -0.100149, 0.019002, 0.811546, 0.582947, 0.039570, -0.001472, 0.026497, -0.104372, 0.994185, 0.128111, 0.000000, 0.000000, 0.000000, 1.000000, 0.026378, -0.104456, 0.994180, 0.197120, -0.583687, 0.805779, 0.100148, -0.010002, -0.811550, -0.582931, -0.039714, 0.258520, 0.000000, 0.000000, 0.000000, 1.000000, 0.045842, 0.058969, -0.997207, 0.089338, -0.996776, -0.063100, -0.049553, 0.006874, -0.065846, 0.996264, 0.055886, -0.016629, 0.000000, 0.000000, 0.000000, 1.000000
-9.9989, 19.0030, -1.4696, 128.1164, 197.1249, -10.0031, 258.5174, 89.3383, 6.8737, -16.6295, 0.583685, -0.805780, -0.100153, 0.019003, 0.811548, 0.582943, 0.039584, -0.001470, 0.026487, -0.104383, 0.994184, 0.128116, 0.000000, 0.000000, 0.000000, 1.000000, 0.026368, -0.104468, 0.994179, 0.197125, -0.583685, 0.805780, 0.100152, -0.010003, -0.811552, -0.582928, -0.039729, 0.258517, 0.000000, 0.000000, 0.000000, 1.000000, 0.045842, 0.058969, -0.997207, 0.089338, -0.996776, -0.063100, -0.049553, 0.006874, -0.065846, 0.996264, 0.055886, -0.016629, 0.000000, 0.000000, 0.000000, 1.000000
-9.9983, 19.0035, -1.4678, 128.1223, 197.1309, -10.0037, 258.5156, 89.3384, 6.8736, -16.6296, 0.583683, -0.805780, -0.100159, 0.019004, 0.811550, 0.582940, 0.039597, -0.001468, 0.026480, -0.104396, 0.994183, 0.128122, 0.000000, 0.000000, 0.000000, 1.000000, 0.026361, -0.104481, 0.994177, 0.197131, -0.583683, 0.805781, 0.100158, -0.010004, -0.811554, -0.582925, -0.039743, 0.258516, 0.000000, 0.000000, 0.000000, 1.000000, 0.045842, 0.058969, -0.997207, 0.089338, -0.996776, -0.063100, -0.049553, 0.006874, -0.065846, 0.996264, 0.055886, -0.016630, 0.000000, 0.000000, 0.000000, 1.000000
-9.9975, 19.0040, -1.4669, 128.1295, 197.1381, -10.0041, 258.5146, 89.3385, 6.8735, -16.6296, 0.583682, -0.805780, -0.100169, 0.019004, 0.811551, 0.582938, 0.039610, -0.001467, 0.026476, -0.104412, 0.994182, 0.128129, 0.000000, 0.000000, 0.000000, 1.000000, 0.026356, -0.104497, 0.994176, 0.197138, -0.583682, 0.805780, 0.100168, -0.010004, -0.811554, -0.582923, -0.039756, 0.258515, 0.000000, 0.000000, 0.000000, 1.000000, 0.045842, 0.058969, -0.997207, 0.089338, -0.996776, -0.063100, -0.049553, 0.006873, -0.065845, 0.996264, 0.055886, -0.016630, 0.000000, 0.000000, 0.000000, 1.000000
-9.9964, 19.0044, -1.4668, 128.1380, 197.1466, -10.0045, 258.5144, 89.3386, 6.8733, -16.6297, 0.583682, -0.805779, -0.100183, 0.019004, 0.811551, 0.582937, 0.039622, -0.001467, 0.026473, -0.104430, 0.994180, 0.128138, 0.000000, 0.000000, 0.000000, 1.000000, 0.026353, -0.104516, 0.994174, 0.197147, -0.583682, 0.805779, 0.100182, -0.010005, -0.811555, -0.582921, -0.039769, 0.258514, 0.000000, 0.000000, 0.000000, 1.000000, 0.045842, 0.058969, -0.997207, 0.089339, -0.996776, -0.063099, -0.049553, 0.006873, -0.065845, 0.996264, 0.055886, -0.016630, 0.000000, 0.000000, 0.000000, 1.000000
-9.9951, 19.0047, -1.4674, 128.1481, 197.1568, -10.0049, 258.5149, 89.3387, 6.8730, -16.6298, 0.583682, -0.805776, -0.100200, 0.019005, 0.811551, 0.582936, 0.039635, -0.001467, 0.026473, -0.104452, 0.994178, 0.128148, 0.000000, 0.000000, 0.000000, 1.000000, 0.026352, -0.104537, 0.994172, 0.197157, -0.583682, 0.805777, 0.100199, -0.010005, -0.811555, -0.582920, -0.039783, 0.258515, 0.000000, 0.000000, 0.000000, 1.000000, 0.045842, 0.058969, -0.997207, 0.089339, -0.996776, -0.063099, -0.049553, 0.006873, -0.065844, 0.996264, 0.055886, -0.016630, 0.000000, 0.000000, 0.000000, 1.000000
-9.9951, 19.0047, -1.4674, 128.1481, 197.1568, -10.0049, 258.5149, 89.3387, 6.8730, -16.6298, 0.583682, -0.805776, -0.100200, 0.019005, 0.811551, 0.582936, 0.039635, -0.001467, 0.026473, -0.104452, 0.994178, 0.128148, 0.000000, 0.000000, 0.000000, 1.000000, 0.026352, -0.104537, 0.994172, 0.197157, -0.583682, 0.805777, 0.100199, -0.010005, -0.811555, -0.582920, -0.039783, 0.258515, 0.000000, 0.000000, 0.000000, 1.000000, 0.045842, 0.058969, -0.997207, 0.089339, -0.996776, -0.063099, -0.049553, 0.006873, -0.065844, 0.996264, 0.055886, -0.016630, 0.000000, 0.000000, 0.000000, 1.000000
-9.9935, 19.0050, -1.4688, 128.1600, 197.1686, -10.0051, 258.5162, 89.3388, 6.8727, -16.6298, 0.583682, -0.805773, -0.100221, 0.019005, 0.811551, 0.582935, 0.039649, -0.001469, 0.026475, -0.104477, 0.994175, 0.128160, 0.000000, 0.000000, 0.000000, 1.000000, 0.026354, -0.104563, 0.994169, 0.197169, -0.583682, 0.805774, 0.100220, -0.010005, -0.811554, -0.582920, -0.039796, 0.258516, 0.000000, 0.000000, 0.000000, 1.000000, 0.045842, 0.058969, -0.997207, 0.089339, -0.996776, -0.063098, -0.049554, 0.006873, -0.065844, 0.996264, 0.055886, -0.016630, 0.000000, 0.000000, 0.000000, 1.000000
-9.9917, 19.0053, -1.4709, 128.1736, 197.1823, -10.0054, 258.5182, 89.3389, 6.8723, -16.6300, 0.583683, -0.805770, -0.100246, 0.019005, 0.811550, 0.582936, 0.039663, -0.001471, 0.026478, -0.104505, 0.994172, 0.128174, 0.000000, 0.000000, 0.000000, 1.000000, 0.026357, -0.104592, 0.994166, 0.197182, -0.583683, 0.805770, 0.100246, -0.010005, -0.811554, -0.582920, -0.039811, 0.258518, 0.000000, 0.000000, 0.000000, 1.000000, 0.045842, 0.058969, -0.997207, 0.089339, -0.996776, -0.063097, -0.049554, 0.006872, -0.065843, 0.996264, 0.055886, -0.016630, 0.000000, 0.000000, 0.000000, 1.000000
-9.9884, 19.0056, -1.4752, 128.1977, 197.2065, -10.0058, 258.5224, 89.3391, 6.8717, -16.6301, 0.583685, -0.805762, -0.100292, 0.019006, 0.811548, 0.582937, 0.039686, -0.001475, 0.026486, -0.104556, 0.994166, 0.128198, 0.000000, 0.000000, 0.000000, 1.000000, 0.026365, -0.104643, 0.994160, 0.197206, -0.583685, 0.805762, 0.100292, -0.010006, -0.811552, -0.582921, -0.039835, 0.258522, 0.000000, 0.000000, 0.000000, 1.000000, 0.045842, 0.058969, -0.997207, 0.089339, -0.996776, -0.063096, -0.049554, 0.006872, -0.065842, 0.996264, 0.055886, -0.016630, 0.000000, 0.000000, 0.000000, 1.000000
-9.9871, 19.0057, -1.4769, 128.2067, 197.2155, -10.0059, 258.5241, 89.3392, 6.8714, -16.6302, 0.583686, -0.805759, -0.100310, 0.019006, 0.811547, 0.582937, 0.039695, -0.001477, 0.026490, -0.104575, 0.994164, 0.128207, 0.000000, 0.000000, 0.000000, 1.000000, 0.026368, -0.104662, 0.994158, 0.197215, -0.583686, 0.805760, 0.100309, -0.010006, -0.811551, -0.582921, -0.039844, 0.258524, 0.000000, 0.000000, 0.000000, 1.000000, 0.045842, 0.058969, -0.997207, 0.089339, -0.996777, -0.063095, -0.049554, 0.006871, -0.065841, 0.996264, 0.055886, -0.016630, 0.000000, 0.000000, 0.000000, 1.000000
-9.9871, 19.0057, -1.4769, 128.2067, 197.2155, -10.0059, 258.5241, 89.3392, 6.8714, -16.6302, 0.583686, -0.805759, -0.100310, 0.019006, 0.811547, 0.582937, 0.039695, -0.001477, 0.026490, -0.104575, 0.994164, 0.128207, 0.000000, 0.000000, 0.000000, 1.000000, 0.026368, -0.104662, 0.994158, 0.197215, -0.583686, 0.805760, 0.100309, -0.010006, -0.811551, -0.582921, -0.039844, 0.258524, 0.000000, 0.000000, 0.000000, 1.000000, 0.045842, 0.058969, -0.997207, 0.089339, -0.996777, -0.063095, -0.049554, 0.006871, -0.065841, 0.996264, 0.055886, -0.016630, 0.000000, 0.000000, 0.000000, 1.000000
-9.9815, 19.0062, -1.4848, 128.2476, 197.2564, -10.0064, 258.5319, 89.3396, 6.8703, -16.6305, 0.583691, -0.805746, -0.100389, 0.019006, 0.811543, 0.582940, 0.039733, -0.001485, 0.026506, -0.104662, 0.994155, 0.128248, 0.000000, 0.000000, 0.000000, 1.000000, 0.026384, -0.104749, 0.994149, 0.197256, -0.583691, 0.805746, 0.100388, -0.010006, -0.811547, -0.582924, -0.039883, 0.258532, 0.000000, 0.000000, 0.000000, 1.000000, 0.045843, 0.058969, -0.997207, 0.089340, -0.996777, -0.063093, -0.049554, 0.006870, -0.065839, 0.996264, 0.055886, -0.016630, 0.000000, 0.000000, 0.000000, 1.000000
-9.9799, 19.0063, -1.4871, 128.2590, 197.2678, -10.0065, 258.5342, 89.3397, 6.8700, -16.6306, 0.583692, -0.805743, -0.100411, 0.019006, 0.811542, 0.582940, 0.039744, -0.001487, 0.026511, -0.104686, 0.994152, 0.128259, 0.000000, 0.000000, 0.000000, 1.000000, 0.026388, -0.104773, 0.994146, 0.197268, -0.583692, 0.805743, 0.100411, -0.010006, -0.811546, -0.582925, -0.039893, 0.258534, 0.000000, 0.000000, 0.000000, 1.000000, 0.045843, 0.058969, -0.997207, 0.089340, -0.996777, -0.063092, -0.049554, 0.006870, -0.065838, 0.996264, 0.055887, -0.016631, 0.000000, 0.000000, 0.000000, 1.000000
-9.9766, 19.0066, -1.4918, 128.2832, 197.2920, -10.0068, 258.5389, 89.3399, 6.8693, -16.6308, 0.583695, -0.805735, -0.100459, 0.019007, 0.811540, 0.582942, 0.039767, -0.001492, 0.026520, -0.104738, 0.994146, 0.128283, 0.000000, 0.000000, 0.000000, 1.000000, 0.026397, -0.104825, 0.994140, 0.197292, -0.583695, 0.805735, 0.100458, -0.010007, -0.811544, -0.582926, -0.039917, 0.258539, 0.000000, 0.000000, 0.000000, 1.000000, 0.045843, 0.058969, -0.997207, 0.089340, -0.996777, -0.063090, -0.049554, 0.006869, -0.065836, 0.996264, 0.055887, -0.016631, 0.000000, 0.000000, 0.000000, 1.000000
-9.9748, 19.0068, -1.4943, 128.2960, 197.3048, -10.0069, 258.5413, 89.3400, 6.8690, -16.6308, 0.583696, -0.805730, -0.100484, 0.019007, 0.811539, 0.582943, 0.039779, -0.001494, 0.026525, -0.104765, 0.994143, 0.128296, 0.000000, 0.000000, 0.000000, 1.000000, 0.026402, -0.104853, 0.994137, 0.197305, -0.583696, 0.805731, 0.100483, -0.010007, -0.811543, -0.582927, -0.039929, 0.258541, 0.000000, 0.000000, 0.000000, 1.000000, 0.045843, 0.058969, -0.997207, 0.089340, -0.996777, -0.063090, -0.049554, 0.006869, -0.065836, 0.996264, 0.055887, -0.016631, 0.000000, 0.000000, 0.000000, 1.000000
-9.9711, 19.0071, -1.4994, 128.3230, 197.3318, -10.0072, 258.5464, 89.3402, 6.8682, -16.6310, 0.583699, -0.805722, -0.100536, 0.019007, 0.811536, 0.582945, 0.039805, -0.001499, 0.026535, -0.104823, 0.994137, 0.128323, 0.000000, 0.000000, 0.000000, 1.000000, 0.026412, -0.104911, 0.994131, 0.197332, -0.583699, 0.805722, 0.100536, -0.010007, -0.811540, -0.582929, -0.039955, 0.258546, 0.000000, 0.000000, 0.000000, 1.000000, 0.045843, 0.058969, -0.997207, 0.089340, -0.996777, -0.063088, -0.049554, 0.006868, -0.065834, 0.996264, 0.055887, -0.016631, 0.000000, 0.000000, 0.000000, 1.000000
-9.9672, 19.0075, -1.5047, 128.3516, 197.3604, -10.0076, 258.5517, 89.3405, 6.8674, -16.6312, 0.583703, -0.805712, -0.100592, 0.019007, 0.811533, 0.582947, 0.039834, -0.001505, 0.026546, -0.104885, 0.994130, 0.128352, 0.000000, 0.000000, 0.000000, 1.000000, 0.026422, -0.104972, 0.994124, 0.197360, -0.583703, 0.805712, 0.100591, -0.010008, -0.811537, -0.582931, -0.039984, 0.258552, 0.000000, 0.000000, 0.000000, 1.000000, 0.045844, 0.058969, -0.997207, 0.089341, -0.996777, -0.063086, -0.049554, 0.006867, -0.065832, 0.996264, 0.055887, -0.016631, 0.000000, 0.000000, 0.000000, 1.000000
-9.9652, 19.0076, -1.5075, 128.3665, 197.3753, -10.0078, 258.5544, 89.3406, 6.8670, -16.6314, 0.583704, -0.805708, -0.100621, 0.019008, 0.811532, 0.582947, 0.039848, -0.001507, 0.026551, -0.104917, 0.994126, 0.128366, 0.000000, 0.000000, 0.000000, 1.000000, 0.026428, -0.105004, 0.994121, 0.197375, -0.583704, 0.805708, 0.100620, -0.010008, -0.811536, -0.582932, -0.039999, 0.258554, 0.000000, 0.000000, 0.000000, 1.000000, 0.045844, 0.058969, -0.997207, 0.089341, -0.996777, -0.063085, -0.049554, 0.006867, -0.065831, 0.996264, 0.055887, -0.016631, 0.000000, 0.000000, 0.000000, 1.000000
-9.9610, 19.0081, -1.5130, 128.3974, 197.4062, -10.0082, 258.5599, 89.3409, 6.8662, -16.6316, 0.583708, -0.805698, -0.100681, 0.019008, 0.811529, 0.582949, 0.039880, -0.001513, 0.026561, -0.104984, 0.994119, 0.128397, 0.000000, 0.000000, 0.000000, 1.000000, 0.026438, -0.105071, 0.994113, 0.197406, -0.583708, 0.805698, 0.100680, -0.010008, -0.811533, -0.582933, -0.040030, 0.258560, 0.000000, 0.000000, 0.000000, 1.000000, 0.045844, 0.058970, -0.997207, 0.089341, -0.996777, -0.063083, -0.049555, 0.006866, -0.065829, 0.996265, 0.055887, -0.016632, 0.000000, 0.000000, 0.000000, 1.000000
-9.9588, 19.0083, -1.5157, 128.4133, 197.4222, -10.0084, 258.5626, 89.3411, 6.8657, -16.6317, 0.583709, -0.805693, -0.100712, 0.019008, 0.811528, 0.582950, 0.039896, -0.001516, 0.026566, -0.105018, 0.994115, 0.128413, 0.000000, 0.000000, 0.000000, 1.000000, 0.026443, -0.105106, 0.994109, 0.197422, -0.583709, 0.805693, 0.100711, -0.010008, -0.811532, -0.582934, -0.040047, 0.258563, 0.000000, 0.000000, 0.000000, 1.000000, 0.045844, 0.058970, -0.997207, 0.089341, -0.996777, -0.063082, -0.049555, 0.006866, -0.065828, 0.996265, 0.055888, -0.016632, 0.000000, 0.000000, 0.000000, 1.000000
-9.9544, 19.0088, -1.5213, 128.4462, 197.4551, -10.0089, 258.5682, 89.3414, 6.8649, -16.6319, 0.583713, -0.805682, -0.100776, 0.019009, 0.811525, 0.582952, 0.039931, -0.001521, 0.026576, -0.105090, 0.994108, 0.128446, 0.000000, 0.000000, 0.000000, 1.000000, 0.026453, -0.105178, 0.994102, 0.197455, -0.583713, 0.805682, 0.100775, -0.010009, -0.811529, -0.582936, -0.040081, 0.258568, 0.000000, 0.000000, 0.000000, 1.000000, 0.045844, 0.058970, -0.997207, 0.089341, -0.996777, -0.063080, -0.049555, 0.006865, -0.065826, 0.996265, 0.055888, -0.016632, 0.000000, 0.000000, 0.000000, 1.000000
-9.9521, 19.0090, -1.5241, 128.4631, 197.4719, -10.0092, 258.5709, 89.3415, 6.8644, -16.6321, 0.583715, -0.805677, -0.100808, 0.019009, 0.811524, 0.582952, 0.039948, -0.001524, 0.026581, -0.105127, 0.994104, 0.128463, 0.000000, 0.000000, 0.000000, 1.000000, 0.026457, -0.105214, 0.994098, 0.197472, -0.583715, 0.805677, 0.100807, -0.010009, -0.811528, -0.582936, -0.040099, 0.258571, 0.000000, 0.000000, 0.000000, 1.000000, 0.045844, 0.058970, -0.997207, 0.089342, -0.996777, -0.063079, -0.049555, 0.006864, -0.065825, 0.996265, 0.055888, -0.016632, 0.000000, 0.000000, 0.000000, 1.000000
-9.9475, 19.0096, -1.5296, 128.4976, 197.5065, -10.0098, 258.5764, 89.3418, 6.8635, -16.6323, 0.583718, -0.805666, -0.100875, 0.019010, 0.811521, 0.582954, 0.039986, -0.001530, 0.026590, -0.105202, 0.994095, 0.128498, 0.000000, 0.000000, 0.000000, 1.000000, 0.026467, -0.105290, 0.994089, 0.197506, -0.583718, 0.805666, 0.100874, -0.010010, -0.811525, -0.582938, -0.040136, 0.258576, 0.000000, 0.000000, 0.000000, 1.000000, 0.045845, 0.058970, -0.997207, 0.089342, -0.996778, -0.063077, -0.049555, 0.006863, -0.065823, 0.996265, 0.055888, -0.016632, 0.000000, 0.000000, 0.000000, 1.000000
-9.9451, 19.0099, -1.5323, 128.5153, 197.5241, -10.0101, 258.5791, 89.3420, 6.8630, -16.6324, 0.583720, -0.805660, -0.100908, 0.019010, 0.811520, 0.582954, 0.040005, -0.001532, 0.026595, -0.105241, 0.994091, 0.128515, 0.000000, 0.000000, 0.000000, 1.000000, 0.026471, -0.105328, 0.994085, 0.197524, -0.583720, 0.805661, 0.100907, -0.010010, -0.811524, -0.582938, -0.040156, 0.258579, 0.000000, 0.000000, 0.000000, 1.000000, 0.045845, 0.058970, -0.997207, 0.089342, -0.996778, -0.063076, -0.049555, 0.006863, -0.065822, 0.996265, 0.055888, -0.016632, 0.000000, 0.000000, 0.000000, 1.000000
-9.9403, 19.0105, -1.5376, 128.5512, 197.5600, -10.0107, 258.5845, 89.3423, 6.8620, -16.6327, 0.583723, -0.805649, -0.100977, 0.019011, 0.811517, 0.582955, 0.040045, -0.001538, 0.026603, -0.105319, 0.994083, 0.128551, 0.000000, 0.000000, 0.000000, 1.000000, 0.026480, -0.105407, 0.994077, 0.197560, -0.583723, 0.805650, 0.100976, -0.010011, -0.811521, -0.582939, -0.040195, 0.258584, 0.000000, 0.000000, 0.000000, 1.000000, 0.045845, 0.058970, -0.997206, 0.089342, -0.996778, -0.063074, -0.049555, 0.006862, -0.065820, 0.996265, 0.055888, -0.016633, 0.000000, 0.000000, 0.000000, 1.000000
-9.9379, 19.0109, -1.5402, 128.5694, 197.5782, -10.0110, 258.5871, 89.3425, 6.8615, -16.6328, 0.583725, -0.805644, -0.101012, 0.019011, 0.811516, 0.582956, 0.040065, -0.001540, 0.026607, -0.105359, 0.994078, 0.128569, 0.000000, 0.000000, 0.000000, 1.000000, 0.026484, -0.105447, 0.994072, 0.197578, -0.583725, 0.805644, 0.101011, -0.010011, -0.811520, -0.582940, -0.040216, 0.258587, 0.000000, 0.000000, 0.000000, 1.000000, 0.045845, 0.058970, -0.997206, 0.089342, -0.996778, -0.063073, -0.049555, 0.006862, -0.065819, 0.996265, 0.055888, -0.016633, 0.000000, 0.000000, 0.000000, 1.000000
-9.9355, 19.0112, -1.5428, 128.5878, 197.5966, -10.0114, 258.5897, 89.3427, 6.8610, -16.6330, 0.583726, -0.805638, -0.101046, 0.019011, 0.811514, 0.582956, 0.040086, -0.001543, 0.026611, -0.105400, 0.994074, 0.128588, 0.000000, 0.000000, 0.000000, 1.000000, 0.026487, -0.105488, 0.994068, 0.197597, -0.583726, 0.805638, 0.101046, -0.010011, -0.811518, -0.582940, -0.040237, 0.258590, 0.000000, 0.000000, 0.000000, 1.000000, 0.045845, 0.058970, -0.997206, 0.089343, -0.996778, -0.063072, -0.049555, 0.006861, -0.065818, 0.996265, 0.055889, -0.016633, 0.000000, 0.000000, 0.000000, 1.000000
-9.9306, 19.0120, -1.5479, 128.6249, 197.6338, -10.0121, 258.5947, 89.3430, 6.8600, -16.6332, 0.583730, -0.805627, -0.101117, 0.019012, 0.811512, 0.582957, 0.040129, -0.001548, 0.026618, -0.105482, 0.994065, 0.128625, 0.000000, 0.000000, 0.000000, 1.000000, 0.026494, -0.105569, 0.994059, 0.197634, -0.583730, 0.805627, 0.101116, -0.010012, -0.811516, -0.582941, -0.040279, 0.258595, 0.000000, 0.000000, 0.000000, 1.000000, 0.045845, 0.058970, -0.997206, 0.089343, -0.996778, -0.063069, -0.049555, 0.006860, -0.065815, 0.996265, 0.055889, -0.016633, 0.000000, 0.000000, 0.000000, 1.000000
-9.9257, 19.0127, -1.5527, 128.6625, 197.6714, -10.0129, 258.5996, 89.3434, 6.8590, -16.6335, 0.583733, -0.805616, -0.101188, 0.019013, 0.811509, 0.582957, 0.040173, -0.001553, 0.026624, -0.105565, 0.994056, 0.128663, 0.000000, 0.000000, 0.000000, 1.000000, 0.026501, -0.105652, 0.994050, 0.197671, -0.583733, 0.805616, 0.101187, -0.010013, -0.811513, -0.582941, -0.040323, 0.258600, 0.000000, 0.000000, 0.000000, 1.000000, 0.045846, 0.058970, -0.997206, 0.089343, -0.996778, -0.063067, -0.049555, 0.006859, -0.065813, 0.996266, 0.055889, -0.016634, 0.000000, 0.000000, 0.000000, 1.000000
-9.9207, 19.0135, -1.5574, 128.7004, 197.7093, -10.0137, 258.6042, 89.3437, 6.8580, -16.6338, 0.583736, -0.805605, -0.101259, 0.019014, 0.811507, 0.582957, 0.040218, -0.001557, 0.026630, -0.105649, 0.994047, 0.128700, 0.000000, 0.000000, 0.000000, 1.000000, 0.026507, -0.105736, 0.994041, 0.197709, -0.583736, 0.805605, 0.101258, -0.010014, -0.811511, -0.582941, -0.040368, 0.258604, 0.000000, 0.000000, 0.000000, 1.000000, 0.045846, 0.058970, -0.997206, 0.089344, -0.996778, -0.063065, -0.049555, 0.006858, -0.065811, 0.996266, 0.055889, -0.016634, 0.000000, 0.000000, 0.000000, 1.000000
-9.9182, 19.0140, -1.5596, 128.7194, 197.7283, -10.0141, 258.6065, 89.3439, 6.8575, -16.6339, 0.583737, -0.805599, -0.101294, 0.019014, 0.811506, 0.582957, 0.040241, -0.001560, 0.026632, -0.105691, 0.994042, 0.128719, 0.000000, 0.000000, 0.000000, 1.000000, 0.026509, -0.105779, 0.994036, 0.197728, -0.583737, 0.805600, 0.101294, -0.010014, -0.811510, -0.582941, -0.040391, 0.258606, 0.000000, 0.000000, 0.000000, 1.000000, 0.045846, 0.058970, -0.997206, 0.089344, -0.996778, -0.063064, -0.049556, 0.006858, -0.065810, 0.996266, 0.055889, -0.016634, 0.000000, 0.000000, 0.000000, 1.000000
-9.9133, 19.0148, -1.5639, 128.7575, 197.7664, -10.0150, 258.6108, 89.3442, 6.8565, -16.6342, 0.583740, -0.805589, -0.101365, 0.019015, 0.811504, 0.582957, 0.040287, -0.001564, 0.026637, -0.105776, 0.994033, 0.128758, 0.000000, 0.000000, 0.000000, 1.000000, 0.026514, -0.105863, 0.994027, 0.197766, -0.583740, 0.805589, 0.101365, -0.010015, -0.811508, -0.582941, -0.040438, 0.258611, 0.000000, 0.000000, 0.000000, 1.000000, 0.045846, 0.058970, -0.997206, 0.089344, -0.996779, -0.063061, -0.049556, 0.006856, -0.065807, 0.996266, 0.055889, -0.016634, 0.000000, 0.000000, 0.000000, 1.000000
-9.9133, 19.0148, -1.5639, 128.7575, 197.7664, -10.0150, 258.6108, 89.3442, 6.8565, -16.6342, 0.583740, -0.805589, -0.101365, 0.019015, 0.811504, 0.582957, 0.040287, -0.001564, 0.026637, -0.105776, 0.994033, 0.128758, 0.000000, 0.000000, 0.000000, 1.000000, 0.026514, -0.105863, 0.994027, 0.197766, -0.583740, 0.805589, 0.101365, -0.010015, -0.811508, -0.582941, -0.040438, 0.258611, 0.000000, 0.000000, 0.000000, 1.000000, 0.045846, 0.058970, -0.997206, 0.089344, -0.996779, -0.063061, -0.049556, 0.006856, -0.065807, 0.996266, 0.055889, -0.016634, 0.000000, 0.000000, 0.000000, 1.000000
-9.9059, 19.0162, -1.5699, 128.8146, 197.8235, -10.0164, 258.6168, 89.3448, 6.8550, -16.6346, 0.583744, -0.805572, -0.101472, 0.019016, 0.811501, 0.582956, 0.040358, -0.001570, 0.026642, -0.105903, 0.994019, 0.128815, 0.000000, 0.000000, 0.000000, 1.000000, 0.026519, -0.105990, 0.994013, 0.197823, -0.583744, 0.805573, 0.101471, -0.010016, -0.811505, -0.582940, -0.040508, 0.258617, 0.000000, 0.000000, 0.000000, 1.000000, 0.045846, 0.058971, -0.997206, 0.089345, -0.996779, -0.063058, -0.049556, 0.006855, -0.065804, 0.996266, 0.055890, -0.016635, 0.000000, 0.000000, 0.000000, 1.000000
-9.9011, 19.0172, -1.5736, 128.8524, 197.8612, -10.0173, 258.6205, 89.3451, 6.8540, -16.6349, 0.583746, -0.805562, -0.101541, 0.019017, 0.811499, 0.582955, 0.040406, -0.001574, 0.026644, -0.105987, 0.994010, 0.128852, 0.000000, 0.000000, 0.000000, 1.000000, 0.026522, -0.106075, 0.994004, 0.197861, -0.583746, 0.805562, 0.101540, -0.010017, -0.811503, -0.582939, -0.040556, 0.258621, 0.000000, 0.000000, 0.000000, 1.000000, 0.045847, 0.058971, -0.997206, 0.089345, -0.996779, -0.063055, -0.049556, 0.006854, -0.065802, 0.996266, 0.055890, -0.016635, 0.000000, 0.000000, 0.000000, 1.000000
-9.8987, 19.0176, -1.5753, 128.8712, 197.8800, -10.0178, 258.6223, 89.3453, 6.8535, -16.6351, 0.583747, -0.805557, -0.101576, 0.019018, 0.811498, 0.582954, 0.040430, -0.001575, 0.026645, -0.106030, 0.994006, 0.128871, 0.000000, 0.000000, 0.000000, 1.000000, 0.026523, -0.106117, 0.994000, 0.197880, -0.583747, 0.805557, 0.101575, -0.010018, -0.811502, -0.582939, -0.040580, 0.258622, 0.000000, 0.000000, 0.000000, 1.000000, 0.045847, 0.058971, -0.997206, 0.089345, -0.996779, -0.063054, -0.049556, 0.006854, -0.065800, 0.996266, 0.055890, -0.016635, 0.000000, 0.000000, 0.000000, 1.000000
-9.8939, 19.0195, -1.5747, 128.9112, 197.9201, -10.0197, 258.6216, 89.3457, 6.8525, -16.6354, 0.583746, -0.805549, -0.101643, 0.019020, 0.811499, 0.582949, 0.040494, -0.001575, 0.026633, -0.106122, 0.993996, 0.128911, 0.000000, 0.000000, 0.000000, 1.000000, 0.026510, -0.106209, 0.993990, 0.197920, -0.583746, 0.805549, 0.101642, -0.010020, -0.811503, -0.582932, -0.040644, 0.258622, 0.000000, 0.000000, 0.000000, 1.000000, 0.045847, 0.058970, -0.997206, 0.089346, -0.996779, -0.063052, -0.049556, 0.006853, -0.065798, 0.996267, 0.055890, -0.016635, 0.000000, 0.000000, 0.000000, 1.000000
-9.8891, 19.0213, -1.5742, 128.9507, 197.9596, -10.0215, 258.6211, 89.3461, 6.8515, -16.6357, 0.583745, -0.805541, -0.101710, 0.019021, 0.811500, 0.582943, 0.040557, -0.001574, 0.026621, -0.106213, 0.993987, 0.128951, 0.000000, 0.000000, 0.000000, 1.000000, 0.026498, -0.106300, 0.993981, 0.197960, -0.583745, 0.805541, 0.101709, -0.010021, -0.811504, -0.582927, -0.040707, 0.258621, 0.000000, 0.000000, 0.000000, 1.000000, 0.045847, 0.058970, -0.997206, 0.089346, -0.996779, -0.063050, -0.049556, 0.006852, -0.065796, 0.996267, 0.055890, -0.016636, 0.000000, 0.000000, 0.000000, 1.000000
-9.8891, 19.0213, -1.5742, 128.9507, 197.9596, -10.0215, 258.6211, 89.3461, 6.8515, -16.6357, 0.583745, -0.805541, -0.101710, 0.019021, 0.811500, 0.582943, 0.040557, -0.001574, 0.026621, -0.106213, 0.993987, 0.128951, 0.000000, 0.000000, 0.000000, 1.000000, 0.026498, -0.106300, 0.993981, 0.197960, -0.583745, 0.805541, 0.101709, -0.010021, -0.811504, -0.582927, -0.040707, 0.258621, 0.000000, 0.000000, 0.000000, 1.000000, 0.045847, 0.058970, -0.997206, 0.089346, -0.996779, -0.063050, -0.049556, 0.006852, -0.065796, 0.996267, 0.055890, -0.016636, 0.000000, 0.000000, 0.000000, 1.000000
-9.8821, 19.0239, -1.5739, 129.0088, 198.0177, -10.0241, 258.6207, 89.3467, 6.8501, -16.6361, 0.583744, -0.805530, -0.101809, 0.019024, 0.811502, 0.582935, 0.040648, -0.001574, 0.026605, -0.106346, 0.993973, 0.129009, 0.000000, 0.000000, 0.000000, 1.000000, 0.026482, -0.106433, 0.993967, 0.198018, -0.583744, 0.805530, 0.101808, -0.010024, -0.811506, -0.582918, -0.040798, 0.258621, 0.000000, 0.000000, 0.000000, 1.000000, 0.045847, 0.058970, -0.997206, 0.089347, -0.996780, -0.063046, -0.049556, 0.006850, -0.065792, 0.996267, 0.055890, -0.016636, 0.000000, 0.000000, 0.000000, 1.000000
-9.8776, 19.0256, -1.5739, 129.0466, 198.0555, -10.0257, 258.6208, 89.3471, 6.8492, -16.6364, 0.583743, -0.805522, -0.101873, 0.019026, 0.811503, 0.582929, 0.040706, -0.001574, 0.026596, -0.106432, 0.993964, 0.129047, 0.000000, 0.000000, 0.000000, 1.000000, 0.026472, -0.106520, 0.993958, 0.198055, -0.583743, 0.805522, 0.101873, -0.010026, -0.811507, -0.582913, -0.040856, 0.258621, 0.000000, 0.000000, 0.000000, 1.000000, 0.045847, 0.058970, -0.997206, 0.089347, -0.996780, -0.063044, -0.049556, 0.006849, -0.065790, 0.996267, 0.055890, -0.016636, 0.000000, 0.000000, 0.000000, 1.000000
-9.8753, 19.0263, -1.5741, 129.0653, 198.0741, -10.0265, 258.6209, 89.3473, 6.8487, -16.6366, 0.583743, -0.805518, -0.101906, 0.019026, 0.811503, 0.582927, 0.040734, -0.001574, 0.026591, -0.106475, 0.993960, 0.129065, 0.000000, 0.000000, 0.000000, 1.000000, 0.026468, -0.106563, 0.993954, 0.198074, -0.583743, 0.805518, 0.101905, -0.010026, -0.811507, -0.582911, -0.040885, 0.258621, 0.000000, 0.000000, 0.000000, 1.000000, 0.045848, 0.058970, -0.997206, 0.089347, -0.996780, -0.063043, -0.049556, 0.006849, -0.065789, 0.996267, 0.055890, -0.016637, 0.000000, 0.000000, 0.000000, 1.000000
-9.8708, 19.0279, -1.5745, 129.1020, 198.1109, -10.0280, 258.6213, 89.3477, 6.8478, -16.6369, 0.583743, -0.805510, -0.101969, 0.019028, 0.811503, 0.582922, 0.040790, -0.001575, 0.026583, -0.106559, 0.993951, 0.129102, 0.000000, 0.000000, 0.000000, 1.000000, 0.026460, -0.106646, 0.993945, 0.198111, -0.583743, 0.805510, 0.101968, -0.010028, -0.811507, -0.582906, -0.040940, 0.258621, 0.000000, 0.000000, 0.000000, 1.000000, 0.045848, 0.058970, -0.997206, 0.089348, -0.996780, -0.063041, -0.049556, 0.006848, -0.065787, 0.996267, 0.055889, -0.016637, 0.000000, 0.000000, 0.000000, 1.000000
-9.8686, 19.0286, -1.5748, 129.1201, 198.1290, -10.0287, 258.6216, 89.3479, 6.8474, -16.6370, 0.583743, -0.805506, -0.102000, 0.019029, 0.811504, 0.582920, 0.040817, -0.001575, 0.026580, -0.106600, 0.993947, 0.129120, 0.000000, 0.000000, 0.000000, 1.000000, 0.026457, -0.106688, 0.993941, 0.198129, -0.583743, 0.805506, 0.102000, -0.010029, -0.811508, -0.582904, -0.040967, 0.258622, 0.000000, 0.000000, 0.000000, 1.000000, 0.045848, 0.058970, -0.997206, 0.089348, -0.996780, -0.063040, -0.049556, 0.006847, -0.065786, 0.996267, 0.055889, -0.016637, 0.000000, 0.000000, 0.000000, 1.000000
-9.8642, 19.0300, -1.5757, 129.1557, 198.1645, -10.0301, 258.6224, 89.3482, 6.8465, -16.6373, 0.583743, -0.805499, -0.102062, 0.019030, 0.811504, 0.582916, 0.040869, -0.001576, 0.026574, -0.106681, 0.993938, 0.129156, 0.000000, 0.000000, 0.000000, 1.000000, 0.026450, -0.106769, 0.993932, 0.198165, -0.583743, 0.805499, 0.102062, -0.010030, -0.811508, -0.582900, -0.041020, 0.258622, 0.000000, 0.000000, 0.000000, 1.000000, 0.045848, 0.058969, -0.997206, 0.089348, -0.996780, -0.063037, -0.049556, 0.006846, -0.065784, 0.996267, 0.055889, -0.016637, 0.000000, 0.000000, 0.000000, 1.000000
-9.8621, 19.0306, -1.5762, 129.1732, 198.1820, -10.0308, 258.6230, 89.3484, 6.8460, -16.6374, 0.583742, -0.805495, -0.102093, 0.019031, 0.811504, 0.582914, 0.040895, -0.001576, 0.026571, -0.106721, 0.993934, 0.129173, 0.000000, 0.000000, 0.000000, 1.000000, 0.026448, -0.106808, 0.993928, 0.198182, -0.583743, 0.805495, 0.102092, -0.010031, -0.811508, -0.582898, -0.041045, 0.258623, 0.000000, 0.000000, 0.000000, 1.000000, 0.045848, 0.058969, -0.997206, 0.089348, -0.996780, -0.063036, -0.049556, 0.006846, -0.065783, 0.996268, 0.055889, -0.016637, 0.000000, 0.000000, 0.000000, 1.000000
-9.8578, 19.0319, -1.5774, 129.2076, 198.2165, -10.0321, 258.6242, 89.3488, 6.8452, -16.6377, 0.583743, -0.805487, -0.102154, 0.019032, 0.811504, 0.582911, 0.040944, -0.001577, 0.026567, -0.106799, 0.993926, 0.129208, 0.000000, 0.000000, 0.000000, 1.000000, 0.026443, -0.106887, 0.993920, 0.198217, -0.583743, 0.805487, 0.102153, -0.010032, -0.811508, -0.582894, -0.041095, 0.258624, 0.000000, 0.000000, 0.000000, 1.000000, 0.045848, 0.058969, -0.997206, 0.089349, -0.996780, -0.063034, -0.049556, 0.006845, -0.065780, 0.996268, 0.055889, -0.016638, 0.000000, 0.000000, 0.000000, 1.000000
-9.8557, 19.0325, -1.5781, 129.2246, 198.2335, -10.0327, 258.6249, 89.3489, 6.8447, -16.6378, 0.583743, -0.805483, -0.102184, 0.019033, 0.811504, 0.582909, 0.040968, -0.001578, 0.026565, -0.106837, 0.993922, 0.129225, 0.000000, 0.000000, 0.000000, 1.000000, 0.026441, -0.106925, 0.993915, 0.198233, -0.583743, 0.805483, 0.102183, -0.010033, -0.811508, -0.582893, -0.041119, 0.258625, 0.000000, 0.000000, 0.000000, 1.000000, 0.045848, 0.058969, -0.997206, 0.089349, -0.996780, -0.063033, -0.049556, 0.006845, -0.065779, 0.996268, 0.055889, -0.016638, 0.000000, 0.000000, 0.000000, 1.000000
-9.8515, 19.0337, -1.5797, 129.2580, 198.2668, -10.0338, 258.6265, 89.3493, 6.8439, -16.6381, 0.583743, -0.805475, -0.102243, 0.019034, 0.811504, 0.582906, 0.041015, -0.001580, 0.026562, -0.106913, 0.993914, 0.129258, 0.000000, 0.000000, 0.000000, 1.000000, 0.026439, -0.107000, 0.993907, 0.198267, -0.583743, 0.805475, 0.102242, -0.010034, -0.811508, -0.582890, -0.041165, 0.258627, 0.000000, 0.000000, 0.000000, 1.000000, 0.045849, 0.058969, -0.997206, 0.089349, -0.996780, -0.063031, -0.049556, 0.006844, -0.065777, 0.996268, 0.055889, -0.016638, 0.000000, 0.000000, 0.000000, 1.000000
-9.8495, 19.0342, -1.5806, 129.2744, 198.2833, -10.0344, 258.6274, 89.3494, 6.8435, -16.6382, 0.583743, -0.805471, -0.102272, 0.019034, 0.811504, 0.582904, 0.041037, -0.001581, 0.026561, -0.106950, 0.993910, 0.129274, 0.000000, 0.000000, 0.000000, 1.000000, 0.026437, -0.107037, 0.993903, 0.198283, -0.583743, 0.805471, 0.102272, -0.010034, -0.811508, -0.582888, -0.041188, 0.258627, 0.000000, 0.000000, 0.000000, 1.000000, 0.045849, 0.058969, -0.997206, 0.089349, -0.996780, -0.063030, -0.049556, 0.006843, -0.065776, 0.996268, 0.055889, -0.016638, 0.000000, 0.000000, 0.000000, 1.000000
-9.8454, 19.0353, -1.5826, 129.3068, 198.3156, -10.0354, 258.6294, 89.3497, 6.8426, -16.6384, 0.583744, -0.805464, -0.102331, 0.019035, 0.811503, 0.582902, 0.041081, -0.001583, 0.026559, -0.107023, 0.993902, 0.129307, 0.000000, 0.000000, 0.000000, 1.000000, 0.026436, -0.107110, 0.993896, 0.198316, -0.583744, 0.805464, 0.102330, -0.010035, -0.811507, -0.582886, -0.041232, 0.258629, 0.000000, 0.000000, 0.000000, 1.000000, 0.045849, 0.058969, -0.997206, 0.089350, -0.996781, -0.063028, -0.049556, 0.006843, -0.065775, 0.996268, 0.055890, -0.016638, 0.000000, 0.000000, 0.000000, 1.000000
-9.8413, 19.0363, -1.5847, 129.3386, 198.3474, -10.0364, 258.6315, 89.3500, 6.8418, -16.6387, 0.583745, -0.805456, -0.102388, 0.019036, 0.811503, 0.582900, 0.041124, -0.001585, 0.026559, -0.107094, 0.993894, 0.129339, 0.000000, 0.000000, 0.000000, 1.000000, 0.026436, -0.107181, 0.993888, 0.198347, -0.583745, 0.805456, 0.102387, -0.010036, -0.811507, -0.582883, -0.041274, 0.258632, 0.000000, 0.000000, 0.000000, 1.000000, 0.045849, 0.058969, -0.997206, 0.089350, -0.996781, -0.063026, -0.049556, 0.006842, -0.065773, 0.996268, 0.055890, -0.016639, 0.000000, 0.000000, 0.000000, 1.000000
-9.8413, 19.0363, -1.5847, 129.3386, 198.3474, -10.0364, 258.6315, 89.3500, 6.8418, -16.6387, 0.583745, -0.805456, -0.102388, 0.019036, 0.811503, 0.582900, 0.041124, -0.001585, 0.026559, -0.107094, 0.993894, 0.129339, 0.000000, 0.000000, 0.000000, 1.000000, 0.026436, -0.107181, 0.993888, 0.198347, -0.583745, 0.805456, 0.102387, -0.010036, -0.811507, -0.582883, -0.041274, 0.258632, 0.000000, 0.000000, 0.000000, 1.000000, 0.045849, 0.058969, -0.997206, 0.089350, -0.996781, -0.063026, -0.049556, 0.006842, -0.065773, 0.996268, 0.055890, -0.016639, 0.000000, 0.000000, 0.000000, 1.000000
-9.8354, 19.0376, -1.5884, 129.3852, 198.3940, -10.0378, 258.6352, 89.3505, 6.8406, -16.6390, 0.583746, -0.805444, -0.102473, 0.019038, 0.811502, 0.582897, 0.041184, -0.001588, 0.026559, -0.107198, 0.993883, 0.129385, 0.000000, 0.000000, 0.000000, 1.000000, 0.026436, -0.107285, 0.993877, 0.198394, -0.583746, 0.805444, 0.102472, -0.010038, -0.811506, -0.582880, -0.041334, 0.258635, 0.000000, 0.000000, 0.000000, 1.000000, 0.045849, 0.058969, -0.997206, 0.089351, -0.996781, -0.063024, -0.049557, 0.006841, -0.065770, 0.996268, 0.055890, -0.016639, 0.000000, 0.000000, 0.000000, 1.000000
-9.8315, 19.0384, -1.5910, 129.4154, 198.4243, -10.0386, 258.6378, 89.3508, 6.8398, -16.6392, 0.583747, -0.805436, -0.102528, 0.019038, 0.811501, 0.582895, 0.041223, -0.001591, 0.026560, -0.107265, 0.993876, 0.129415, 0.000000, 0.000000, 0.000000, 1.000000, 0.026438, -0.107353, 0.993869, 0.198424, -0.583747, 0.805436, 0.102527, -0.010039, -0.811505, -0.582879, -0.041373, 0.258638, 0.000000, 0.000000, 0.000000, 1.000000, 0.045849, 0.058969, -0.997206, 0.089351, -0.996781, -0.063022, -0.049557, 0.006840, -0.065768, 0.996268, 0.055890, -0.016639, 0.000000, 0.000000, 0.000000, 1.000000
-9.8276, 19.0397, -1.5917, 129.4467, 198.4555, -10.0398, 258.6386, 89.3511, 6.8390, -16.6395, 0.583747, -0.805430, -0.102582, 0.019040, 0.811502, 0.582891, 0.041269, -0.001592, 0.026555, -0.107336, 0.993868, 0.129447, 0.000000, 0.000000, 0.000000, 1.000000, 0.026432, -0.107423, 0.993862, 0.198455, -0.583747, 0.805430, 0.102581, -0.010040, -0.811506, -0.582875, -0.041418, 0.258639, 0.000000, 0.000000, 0.000000, 1.000000, 0.045850, 0.058969, -0.997206, 0.089351, -0.996781, -0.063020, -0.049557, 0.006839, -0.065766, 0.996269, 0.055890, -0.016639, 0.000000, 0.000000, 0.000000, 1.000000
