# Joint_5_Angle(deg), Cam_X(mm), Cam_Y(mm), Cam_Z(mm), Torso_X(mm), Torso_Y(mm), Torso_Z(mm), EE_X(mm), EE_Y(mm), EE_Z(mm), T_cam2marker_flat(16), T_torso2marker_flat(16), T_ee2marker_flat(16)
-29.9899, 54.0088, 42.6860, 140.3311, 162.3213, -54.0091, 157.3554, 157.3344, 44.7740, 30.6431, 0.552520, 0.813531, -0.181352, 0.054009, -0.829435, 0.515193, -0.215900, 0.042686, -0.082210, 0.269709, 0.959426, 0.140331, 0.000000, 0.000000, 0.000000, 1.000000, -0.082022, 0.269590, 0.959476, 0.162321, -0.552520, -0.813532, 0.181350, -0.054009, 0.829454, -0.515255, 0.215681, 0.157355, 0.000000, 0.000000, 0.000000, 1.000000, 0.002761, -0.013960, -0.999899, 0.157334, -0.999449, -0.033127, -0.002297, 0.044774, -0.033091, 0.999354, -0.014043, 0.030643, 0.000000, 0.000000, 0.000000, 1.000000
-29.9688, 53.9714, 42.6569, 140.3657, 162.3559, -53.9716, 157.3846, 157.3240, 44.7741, 30.6641, 0.552516, 0.813599, -0.181057, 0.053971, -0.829439, 0.515272, -0.215697, 0.042657, -0.082197, 0.269352, 0.959527, 0.140366, 0.000000, 0.000000, 0.000000, 1.000000, -0.082009, 0.269233, 0.959577, 0.162356, -0.552516, -0.813600, 0.181056, -0.053972, 0.829458, -0.515334, 0.215478, 0.157385, 0.000000, 0.000000, 0.000000, 1.000000, 0.002761, -0.013960, -0.999899, 0.157324, -0.999449, -0.033127, -0.002297, 0.044774, -0.033091, 0.999354, -0.014043, 0.030664, 0.000000, 0.000000, 0.000000, 1.000000
-29.9390, 53.9186, 42.6157, 140.4145, 162.4047, -53.9188, 157.4258, 157.3094, 44.7743, 30.6936, 0.552511, 0.813695, -0.180642, 0.053919, -0.829444, 0.515384, -0.215411, 0.042616, -0.082179, 0.268849, 0.959670, 0.140415, 0.000000, 0.000000, 0.000000, 1.000000, -0.081992, 0.268731, 0.959719, 0.162405, -0.552511, -0.813696, 0.180640, -0.053919, 0.829463, -0.515445, 0.215193, 0.157426, 0.000000, 0.000000, 0.000000, 1.000000, 0.002761, -0.013960, -0.999899, 0.157309, -0.999449, -0.033127, -0.002297, 0.044774, -0.033091, 0.999354, -0.014043, 0.030694, 0.000000, 0.000000, 0.000000, 1.000000
-29.9205, 53.8860, 42.5903, 140.4448, 162.4350, -53.8862, 157.4513, 157.3004, 44.7744, 30.7119, 0.552508, 0.813754, -0.180384, 0.053886, -0.829447, 0.515453, -0.215234, 0.042590, -0.082168, 0.268538, 0.959758, 0.140445, 0.000000, 0.000000, 0.000000, 1.000000, -0.081981, 0.268420, 0.959807, 0.162435, -0.552508, -0.813755, 0.180383, -0.053886, 0.829466, -0.515514, 0.215016, 0.157451, 0.000000, 0.000000, 0.000000, 1.000000, 0.002761, -0.013960, -0.999899, 0.157300, -0.999449, -0.033127, -0.002297, 0.044774, -0.033091, 0.999354, -0.014043, 0.030712, 0.000000, 0.000000, 0.000000, 1.000000
-29.9034, 53.8556, 42.5665, 140.4730, 162.4633, -53.8558, 157.4750, 157.2920, 44.7744, 30.7289, 0.552505, 0.813809, -0.180144, 0.053856, -0.829450, 0.515517, -0.215070, 0.042567, -0.082158, 0.268248, 0.959840, 0.140473, 0.000000, 0.000000, 0.000000, 1.000000, -0.081971, 0.268130, 0.959889, 0.162463, -0.552505, -0.813810, 0.180143, -0.053856, 0.829469, -0.515577, 0.214852, 0.157475, 0.000000, 0.000000, 0.000000, 1.000000, 0.002761, -0.013960, -0.999899, 0.157292, -0.999449, -0.033127, -0.002298, 0.044774, -0.033091, 0.999354, -0.014043, 0.030729, 0.000000, 0.000000, 0.000000, 1.000000
-29.8875, 53.8275, 42.5446, 140.4991, 162.4893, -53.8278, 157.4970, 157.2842, 44.7745, 30.7446, 0.552503, 0.813860, -0.179923, 0.053828, -0.829453, 0.515576, -0.214917, 0.042545, -0.082149, 0.267980, 0.959916, 0.140499, 0.000000, 0.000000, 0.000000, 1.000000, -0.081962, 0.267862, 0.959965, 0.162489, -0.552503, -0.813861, 0.179921, -0.053828, 0.829472, -0.515636, 0.214700, 0.157497, 0.000000, 0.000000, 0.000000, 1.000000, 0.002761, -0.013960, -0.999899, 0.157284, -0.999449, -0.033127, -0.002298, 0.044774, -0.033091, 0.999354, -0.014043, 0.030745, 0.000000, 0.000000, 0.000000, 1.000000
-29.8730, 53.8019, 42.5245, 140.5230, 162.5132, -53.8021, 157.5172, 157.2771, 44.7745, 30.7590, 0.552500, 0.813907, -0.179720, 0.053802, -0.829456, 0.515629, -0.214778, 0.042525, -0.082141, 0.267735, 0.959985, 0.140523, 0.000000, 0.000000, 0.000000, 1.000000, -0.081954, 0.267617, 0.960034, 0.162513, -0.552500, -0.813907, 0.179719, -0.053802, 0.829474, -0.515690, 0.214561, 0.157517, 0.000000, 0.000000, 0.000000, 1.000000, 0.002761, -0.013960, -0.999899, 0.157277, -0.999449, -0.033127, -0.002298, 0.044775, -0.033091, 0.999354, -0.014043, 0.030759, 0.000000, 0.000000, 0.000000, 1.000000
-29.8598, 53.7786, 42.5062, 140.5447, 162.5350, -53.7789, 157.5355, 157.2706, 44.7746, 30.7720, 0.552498, 0.813949, -0.179536, 0.053779, -0.829458, 0.515678, -0.214652, 0.042506, -0.082133, 0.267512, 0.960048, 0.140545, 0.000000, 0.000000, 0.000000, 1.000000, -0.081947, 0.267394, 0.960096, 0.162535, -0.552498, -0.813949, 0.179534, -0.053779, 0.829476, -0.515739, 0.214435, 0.157535, 0.000000, 0.000000, 0.000000, 1.000000, 0.002761, -0.013960, -0.999899, 0.157271, -0.999449, -0.033127, -0.002298, 0.044775, -0.033091, 0.999354, -0.014043, 0.030772, 0.000000, 0.000000, 0.000000, 1.000000
-29.8426, 53.7474, 42.4865, 140.5754, 162.5657, -53.7476, 157.5552, 157.2613, 44.7755, 30.7896, 0.552492, 0.814006, -0.179296, 0.053747, -0.829464, 0.515744, -0.214470, 0.042486, -0.082109, 0.267213, 0.960133, 0.140575, 0.000000, 0.000000, 0.000000, 1.000000, -0.081923, 0.267095, 0.960182, 0.162566, -0.552492, -0.814006, 0.179295, -0.053748, 0.829483, -0.515804, 0.214253, 0.157555, 0.000000, 0.000000, 0.000000, 1.000000, 0.002761, -0.013960, -0.999899, 0.157261, -0.999449, -0.033127, -0.002298, 0.044775, -0.033091, 0.999354, -0.014043, 0.030790, 0.000000, 0.000000, 0.000000, 1.000000
-29.8327, 53.7292, 42.4765, 140.5938, 162.5841, -53.7295, 157.5652, 157.2558, 44.7763, 30.7999, 0.552488, 0.814039, -0.179159, 0.053729, -0.829469, 0.515782, -0.214360, 0.042477, -0.082091, 0.267038, 0.960183, 0.140594, 0.000000, 0.000000, 0.000000, 1.000000, -0.081904, 0.266920, 0.960232, 0.162584, -0.552487, -0.814039, 0.179158, -0.053729, 0.829487, -0.515842, 0.214144, 0.157565, 0.000000, 0.000000, 0.000000, 1.000000, 0.002761, -0.013960, -0.999899, 0.157256, -0.999449, -0.033127, -0.002298, 0.044776, -0.033091, 0.999354, -0.014043, 0.030800, 0.000000, 0.000000, 0.000000, 1.000000
-29.8240, 53.7133, 42.4678, 140.6100, 162.6003, -53.7136, 157.5739, 157.2509, 44.7770, 30.8089, 0.552484, 0.814068, -0.179039, 0.053713, -0.829473, 0.515815, -0.214264, 0.042468, -0.082074, 0.266885, 0.960227, 0.140610, 0.000000, 0.000000, 0.000000, 1.000000, -0.081888, 0.266767, 0.960276, 0.162600, -0.552483, -0.814069, 0.179037, -0.053714, 0.829492, -0.515875, 0.214047, 0.157574, 0.000000, 0.000000, 0.000000, 1.000000, 0.002761, -0.013960, -0.999899, 0.157251, -0.999449, -0.033127, -0.002298, 0.044777, -0.033091, 0.999354, -0.014043, 0.030809, 0.000000, 0.000000, 0.000000, 1.000000
-29.8165, 53.6995, 42.4602, 140.6240, 162.6144, -53.6997, 157.5815, 157.2466, 44.7777, 30.8166, 0.552480, 0.814094, -0.178934, 0.053700, -0.829477, 0.515844, -0.214180, 0.042460, -0.082061, 0.266752, 0.960265, 0.140624, 0.000000, 0.000000, 0.000000, 1.000000, -0.081874, 0.266634, 0.960314, 0.162614, -0.552480, -0.814094, 0.178933, -0.053700, 0.829495, -0.515904, 0.213964, 0.157581, 0.000000, 0.000000, 0.000000, 1.000000, 0.002761, -0.013960, -0.999899, 0.157247, -0.999449, -0.033127, -0.002298, 0.044778, -0.033091, 0.999354, -0.014043, 0.030817, 0.000000, 0.000000, 0.000000, 1.000000
-29.8100, 53.6876, 42.4536, 140.6361, 162.6265, -53.6878, 157.5881, 157.2430, 44.7782, 30.8234, 0.552477, 0.814116, -0.178844, 0.053688, -0.829480, 0.515868, -0.214109, 0.042454, -0.082049, 0.266638, 0.960298, 0.140636, 0.000000, 0.000000, 0.000000, 1.000000, -0.081863, 0.266520, 0.960347, 0.162626, -0.552477, -0.814116, 0.178843, -0.053688, 0.829499, -0.515929, 0.213892, 0.157588, 0.000000, 0.000000, 0.000000, 1.000000, 0.002761, -0.013960, -0.999899, 0.157243, -0.999449, -0.033127, -0.002298, 0.044778, -0.033091, 0.999354, -0.014043, 0.030823, 0.000000, 0.000000, 0.000000, 1.000000
-29.8044, 53.6774, 42.4478, 140.6465, 162.6368, -53.6776, 157.5940, 157.2399, 44.7786, 30.8291, 0.552474, 0.814134, -0.178767, 0.053677, -0.829483, 0.515889, -0.214048, 0.042448, -0.082040, 0.266540, 0.960326, 0.140646, 0.000000, 0.000000, 0.000000, 1.000000, -0.081854, 0.266422, 0.960375, 0.162637, -0.552474, -0.814135, 0.178765, -0.053678, 0.829501, -0.515949, 0.213831, 0.157594, 0.000000, 0.000000, 0.000000, 1.000000, 0.002761, -0.013960, -0.999899, 0.157240, -0.999449, -0.033127, -0.002298, 0.044779, -0.033091, 0.999354, -0.014043, 0.030829, 0.000000, 0.000000, 0.000000, 1.000000
-29.7997, 53.6687, 42.4426, 140.6552, 162.6455, -53.6689, 157.5991, 157.2373, 44.7789, 30.8340, 0.552472, 0.814151, -0.178700, 0.053669, -0.829485, 0.515907, -0.213996, 0.042443, -0.082032, 0.266456, 0.960350, 0.140655, 0.000000, 0.000000, 0.000000, 1.000000, -0.081846, 0.266338, 0.960398, 0.162646, -0.552472, -0.814151, 0.178699, -0.053669, 0.829504, -0.515967, 0.213780, 0.157599, 0.000000, 0.000000, 0.000000, 1.000000, 0.002761, -0.013960, -0.999899, 0.157237, -0.999449, -0.033127, -0.002298, 0.044779, -0.033091, 0.999354, -0.014043, 0.030834, 0.000000, 0.000000, 0.000000, 1.000000
-29.7956, 53.6613, 42.4380, 140.6625, 162.6528, -53.6616, 157.6037, 157.2351, 44.7792, 30.8381, 0.552470, 0.814164, -0.178644, 0.053661, -0.829487, 0.515922, -0.213953, 0.042438, -0.082027, 0.266385, 0.960370, 0.140663, 0.000000, 0.000000, 0.000000, 1.000000, -0.081841, 0.266268, 0.960418, 0.162653, -0.552470, -0.814165, 0.178642, -0.053662, 0.829505, -0.515982, 0.213737, 0.157604, 0.000000, 0.000000, 0.000000, 1.000000, 0.002762, -0.013960, -0.999899, 0.157235, -0.999449, -0.033127, -0.002298, 0.044779, -0.033091, 0.999354, -0.014043, 0.030838, 0.000000, 0.000000, 0.000000, 1.000000
-29.7921, 53.6550, 42.4338, 140.6686, 162.6590, -53.6553, 157.6080, 157.2333, 44.7793, 30.8416, 0.552468, 0.814176, -0.178595, 0.053655, -0.829488, 0.515934, -0.213918, 0.042434, -0.082023, 0.266325, 0.960387, 0.140669, 0.000000, 0.000000, 0.000000, 1.000000, -0.081837, 0.266208, 0.960435, 0.162659, -0.552468, -0.814176, 0.178593, -0.053655, 0.829507, -0.515995, 0.213701, 0.157608, 0.000000, 0.000000, 0.000000, 1.000000, 0.002762, -0.013960, -0.999899, 0.157233, -0.999449, -0.033127, -0.002298, 0.044779, -0.033091, 0.999354, -0.014043, 0.030842, 0.000000, 0.000000, 0.000000, 1.000000
-29.7891, 53.6496, 42.4297, 140.6737, 162.6641, -53.6498, 157.6120, 157.2318, 44.7794, 30.8446, 0.552467, 0.814186, -0.178552, 0.053650, -0.829489, 0.515945, -0.213888, 0.042430, -0.082021, 0.266273, 0.960401, 0.140674, 0.000000, 0.000000, 0.000000, 1.000000, -0.081835, 0.266156, 0.960450, 0.162664, -0.552467, -0.814187, 0.178551, -0.053650, 0.829508, -0.516005, 0.213671, 0.157612, 0.000000, 0.000000, 0.000000, 1.000000, 0.002762, -0.013960, -0.999899, 0.157232, -0.999449, -0.033127, -0.002298, 0.044779, -0.033091, 0.999354, -0.014043, 0.030845, 0.000000, 0.000000, 0.000000, 1.000000
-29.7851, 53.6426, 42.4239, 140.6800, 162.6703, -53.6428, 157.6178, 157.2299, 44.7793, 30.8484, 0.552466, 0.814199, -0.178497, 0.053643, -0.829490, 0.515959, -0.213852, 0.042424, -0.082021, 0.266208, 0.960420, 0.140680, 0.000000, 0.000000, 0.000000, 1.000000, -0.081835, 0.266090, 0.960468, 0.162670, -0.552466, -0.814199, 0.178496, -0.053643, 0.829509, -0.516019, 0.213636, 0.157618, 0.000000, 0.000000, 0.000000, 1.000000, 0.002762, -0.013960, -0.999899, 0.157230, -0.999449, -0.033127, -0.002298, 0.044779, -0.033091, 0.999354, -0.014043, 0.030848, 0.000000, 0.000000, 0.000000, 1.000000
-29.7827, 53.6384, 42.4200, 140.6834, 162.6738, -53.6386, 157.6218, 157.2289, 44.7792, 30.8507, 0.552466, 0.814207, -0.178464, 0.053638, -0.829490, 0.515967, -0.213832, 0.042420, -0.082022, 0.266169, 0.960430, 0.140683, 0.000000, 0.000000, 0.000000, 1.000000, -0.081836, 0.266051, 0.960479, 0.162674, -0.552465, -0.814207, 0.178462, -0.053639, 0.829509, -0.516027, 0.213616, 0.157622, 0.000000, 0.000000, 0.000000, 1.000000, 0.002762, -0.013960, -0.999899, 0.157229, -0.999449, -0.033127, -0.002298, 0.044779, -0.033091, 0.999354, -0.014043, 0.030851, 0.000000, 0.000000, 0.000000, 1.000000
-29.7804, 53.6344, 42.4159, 140.6866, 162.6770, -53.6347, 157.6259, 157.2279, 44.7790, 30.8528, 0.552465, 0.814214, -0.178431, 0.053634, -0.829490, 0.515974, -0.213814, 0.042416, -0.082024, 0.266131, 0.960441, 0.140687, 0.000000, 0.000000, 0.000000, 1.000000, -0.081838, 0.266014, 0.960489, 0.162677, -0.552465, -0.814214, 0.178429, -0.053635, 0.829509, -0.516034, 0.213597, 0.157626, 0.000000, 0.000000, 0.000000, 1.000000, 0.002762, -0.013960, -0.999899, 0.157228, -0.999449, -0.033127, -0.002298, 0.044779, -0.033091, 0.999354, -0.014043, 0.030853, 0.000000, 0.000000, 0.000000, 1.000000
-29.7780, 53.6303, 42.4115, 140.6897, 162.6801, -53.6306, 157.6304, 157.2270, 44.7788, 30.8550, 0.552465, 0.814221, -0.178398, 0.053630, -0.829490, 0.515982, -0.213796, 0.042411, -0.082027, 0.266094, 0.960451, 0.140690, 0.000000, 0.000000, 0.000000, 1.000000, -0.081841, 0.265976, 0.960499, 0.162680, -0.552465, -0.814222, 0.178396, -0.053631, 0.829508, -0.516042, 0.213580, 0.157630, 0.000000, 0.000000, 0.000000, 1.000000, 0.002762, -0.013960, -0.999899, 0.157227, -0.999449, -0.033127, -0.002298, 0.044779, -0.033091, 0.999354, -0.014043, 0.030855, 0.000000, 0.000000, 0.000000, 1.000000
-29.7754, 53.6260, 42.4066, 140.6929, 162.6833, -53.6262, 157.6353, 157.2260, 44.7785, 30.8573, 0.552465, 0.814229, -0.178362, 0.053626, -0.829490, 0.515991, -0.213777, 0.042407, -0.082030, 0.266054, 0.960462, 0.140693, 0.000000, 0.000000, 0.000000, 1.000000, -0.081845, 0.265936, 0.960510, 0.162683, -0.552465, -0.814230, 0.178360, -0.053626, 0.829508, -0.516051, 0.213561, 0.157635, 0.000000, 0.000000, 0.000000, 1.000000, 0.002762, -0.013960, -0.999899, 0.157226, -0.999449, -0.033127, -0.002298, 0.044779, -0.033091, 0.999354, -0.014043, 0.030857, 0.000000, 0.000000, 0.000000, 1.000000
-29.7694, 53.6159, 42.3952, 140.7003, 162.6907, -53.6161, 157.6467, 157.2237, 44.7779, 30.8626, 0.552466, 0.814247, -0.178279, 0.053616, -0.829488, 0.516011, -0.213734, 0.042395, -0.082038, 0.265961, 0.960487, 0.140700, 0.000000, 0.000000, 0.000000, 1.000000, -0.081853, 0.265844, 0.960535, 0.162691, -0.552466, -0.814247, 0.178277, -0.053616, 0.829507, -0.516070, 0.213518, 0.157647, 0.000000, 0.000000, 0.000000, 1.000000, 0.002762, -0.013960, -0.999899, 0.157224, -0.999449, -0.033127, -0.002298, 0.044778, -0.033091, 0.999354, -0.014043, 0.030863, 0.000000, 0.000000, 0.000000, 1.000000
-29.7659, 53.6099, 42.3885, 140.7047, 162.6951, -53.6101, 157.6534, 157.2223, 44.7775, 30.8659, 0.552467, 0.814257, -0.178230, 0.053610, -0.829488, 0.516023, -0.213708, 0.042389, -0.082042, 0.265906, 0.960502, 0.140705, 0.000000, 0.000000, 0.000000, 1.000000, -0.081857, 0.265789, 0.960550, 0.162695, -0.552466, -0.814258, 0.178228, -0.053610, 0.829506, -0.516082, 0.213492, 0.157653, 0.000000, 0.000000, 0.000000, 1.000000, 0.002762, -0.013960, -0.999899, 0.157222, -0.999449, -0.033127, -0.002298, 0.044778, -0.033091, 0.999354, -0.014043, 0.030866, 0.000000, 0.000000, 0.000000, 1.000000
-29.7619, 53.6031, 42.3812, 140.7098, 162.7002, -53.6033, 157.6607, 157.2207, 44.7772, 30.8695, 0.552467, 0.814269, -0.178174, 0.053603, -0.829487, 0.516036, -0.213677, 0.042381, -0.082046, 0.265843, 0.960519, 0.140710, 0.000000, 0.000000, 0.000000, 1.000000, -0.081861, 0.265726, 0.960567, 0.162700, -0.552467, -0.814269, 0.178173, -0.053603, 0.829505, -0.516096, 0.213462, 0.157661, 0.000000, 0.000000, 0.000000, 1.000000, 0.002762, -0.013960, -0.999899, 0.157221, -0.999449, -0.033127, -0.002298, 0.044777, -0.033091, 0.999354, -0.014043, 0.030870, 0.000000, 0.000000, 0.000000, 1.000000
-29.7572, 53.5952, 42.3729, 140.7159, 162.7063, -53.5954, 157.6690, 157.2189, 44.7768, 30.8738, 0.552468, 0.814283, -0.178110, 0.053595, -0.829486, 0.516052, -0.213641, 0.042373, -0.082050, 0.265770, 0.960538, 0.140716, 0.000000, 0.000000, 0.000000, 1.000000, -0.081865, 0.265653, 0.960587, 0.162706, -0.552468, -0.814283, 0.178109, -0.053595, 0.829504, -0.516112, 0.213426, 0.157669, 0.000000, 0.000000, 0.000000, 1.000000, 0.002762, -0.013960, -0.999899, 0.157219, -0.999449, -0.033127, -0.002298, 0.044777, -0.033091, 0.999354, -0.014043, 0.030874, 0.000000, 0.000000, 0.000000, 1.000000
-29.7547, 53.5908, 42.3685, 140.7193, 162.7098, -53.5910, 157.6735, 157.2178, 44.7766, 30.8762, 0.552468, 0.814290, -0.178075, 0.053591, -0.829486, 0.516062, -0.213621, 0.042368, -0.082052, 0.265729, 0.960550, 0.140719, 0.000000, 0.000000, 0.000000, 1.000000, -0.081867, 0.265612, 0.960598, 0.162710, -0.552468, -0.814291, 0.178073, -0.053591, 0.829504, -0.516121, 0.213406, 0.157673, 0.000000, 0.000000, 0.000000, 1.000000, 0.002762, -0.013960, -0.999899, 0.157218, -0.999449, -0.033127, -0.002298, 0.044777, -0.033091, 0.999354, -0.014043, 0.030876, 0.000000, 0.000000, 0.000000, 1.000000
-29.7458, 53.5756, 42.3535, 140.7314, 162.7218, -53.5759, 157.6885, 157.2140, 44.7761, 30.8844, 0.552469, 0.814316, -0.177952, 0.053576, -0.829485, 0.516093, -0.213549, 0.042353, -0.082056, 0.265588, 0.960588, 0.140731, 0.000000, 0.000000, 0.000000, 1.000000, -0.081872, 0.265471, 0.960636, 0.162722, -0.552469, -0.814317, 0.177951, -0.053576, 0.829503, -0.516152, 0.213334, 0.157689, 0.000000, 0.000000, 0.000000, 1.000000, 0.002762, -0.013960, -0.999899, 0.157214, -0.999449, -0.033127, -0.002298, 0.044776, -0.033091, 0.999354, -0.014043, 0.030884, 0.000000, 0.000000, 0.000000, 1.000000
-29.7390, 53.5639, 42.3422, 140.7410, 162.7314, -53.5641, 157.6998, 157.2111, 44.7757, 30.8908, 0.552469, 0.814337, -0.177858, 0.053564, -0.829484, 0.516117, -0.213492, 0.042342, -0.082059, 0.265478, 0.960618, 0.140741, 0.000000, 0.000000, 0.000000, 1.000000, -0.081874, 0.265362, 0.960666, 0.162731, -0.552469, -0.814337, 0.177857, -0.053564, 0.829503, -0.516176, 0.213277, 0.157700, 0.000000, 0.000000, 0.000000, 1.000000, 0.002762, -0.013960, -0.999899, 0.157211, -0.999449, -0.033127, -0.002298, 0.044776, -0.033091, 0.999354, -0.014043, 0.030891, 0.000000, 0.000000, 0.000000, 1.000000
-29.7314, 53.5507, 42.3299, 140.7519, 162.7423, -53.5509, 157.7121, 157.2077, 44.7753, 30.8981, 0.552469, 0.814360, -0.177753, 0.053551, -0.829484, 0.516145, -0.213427, 0.042330, -0.082060, 0.265355, 0.960652, 0.140752, 0.000000, 0.000000, 0.000000, 1.000000, -0.081876, 0.265238, 0.960700, 0.162742, -0.552469, -0.814360, 0.177751, -0.053551, 0.829502, -0.516204, 0.213212, 0.157712, 0.000000, 0.000000, 0.000000, 1.000000, 0.002762, -0.013960, -0.999899, 0.157208, -0.999449, -0.033127, -0.002298, 0.044775, -0.033091, 0.999354, -0.014043, 0.030898, 0.000000, 0.000000, 0.000000, 1.000000
-29.7228, 53.5359, 42.3164, 140.7643, 162.7547, -53.5361, 157.7257, 157.2039, 44.7750, 30.9062, 0.552470, 0.814385, -0.177634, 0.053536, -0.829484, 0.516176, -0.213353, 0.042316, -0.082061, 0.265216, 0.960691, 0.140764, 0.000000, 0.000000, 0.000000, 1.000000, -0.081877, 0.265099, 0.960739, 0.162755, -0.552469, -0.814386, 0.177633, -0.053536, 0.829502, -0.516235, 0.213138, 0.157726, 0.000000, 0.000000, 0.000000, 1.000000, 0.002762, -0.013960, -0.999899, 0.157204, -0.999449, -0.033127, -0.002298, 0.044775, -0.033091, 0.999354, -0.014043, 0.030906, 0.000000, 0.000000, 0.000000, 1.000000
-29.7134, 53.5195, 42.3017, 140.7782, 162.7687, -53.5197, 157.7404, 157.1996, 44.7747, 30.9152, 0.552470, 0.814414, -0.177504, 0.053519, -0.829484, 0.516210, -0.213270, 0.042302, -0.082061, 0.265062, 0.960733, 0.140778, 0.000000, 0.000000, 0.000000, 1.000000, -0.081877, 0.264945, 0.960781, 0.162769, -0.552470, -0.814414, 0.177502, -0.053520, 0.829502, -0.516269, 0.213056, 0.157740, 0.000000, 0.000000, 0.000000, 1.000000, 0.002762, -0.013960, -0.999899, 0.157200, -0.999449, -0.033127, -0.002298, 0.044775, -0.033091, 0.999354, -0.014043, 0.030915, 0.000000, 0.000000, 0.000000, 1.000000
-29.6976, 53.4920, 42.2777, 140.8018, 162.7923, -53.4922, 157.7645, 157.1923, 44.7742, 30.9304, 0.552470, 0.814461, -0.177285, 0.053492, -0.829484, 0.516268, -0.213129, 0.042278, -0.082059, 0.264803, 0.960805, 0.140802, 0.000000, 0.000000, 0.000000, 1.000000, -0.081875, 0.264686, 0.960853, 0.162792, -0.552469, -0.814462, 0.177284, -0.053492, 0.829502, -0.516327, 0.212915, 0.157764, 0.000000, 0.000000, 0.000000, 1.000000, 0.002762, -0.013960, -0.999899, 0.157192, -0.999449, -0.033127, -0.002298, 0.044774, -0.033091, 0.999354, -0.014043, 0.030930, 0.000000, 0.000000, 0.000000, 1.000000
-29.6859, 53.4716, 42.2602, 140.8194, 162.8100, -53.4719, 157.7819, 157.1868, 44.7740, 30.9417, 0.552469, 0.814497, -0.177124, 0.053472, -0.829484, 0.516310, -0.213024, 0.042260, -0.082056, 0.264611, 0.960858, 0.140819, 0.000000, 0.000000, 0.000000, 1.000000, -0.081873, 0.264495, 0.960906, 0.162810, -0.552469, -0.814497, 0.177123, -0.053472, 0.829503, -0.516369, 0.212810, 0.157782, 0.000000, 0.000000, 0.000000, 1.000000, 0.002762, -0.013960, -0.999899, 0.157187, -0.999449, -0.033127, -0.002298, 0.044774, -0.033091, 0.999354, -0.014043, 0.030942, 0.000000, 0.000000, 0.000000, 1.000000
-29.6734, 53.4497, 42.2416, 140.8386, 162.8292, -53.4500, 157.8006, 157.1809, 44.7737, 30.9538, 0.552469, 0.814535, -0.176950, 0.053450, -0.829485, 0.516357, -0.212909, 0.042242, -0.082053, 0.264404, 0.960915, 0.140839, 0.000000, 0.000000, 0.000000, 1.000000, -0.081869, 0.264288, 0.960963, 0.162829, -0.552469, -0.814535, 0.176949, -0.053450, 0.829503, -0.516415, 0.212696, 0.157801, 0.000000, 0.000000, 0.000000, 1.000000, 0.002762, -0.013960, -0.999899, 0.157181, -0.999449, -0.033127, -0.002298, 0.044774, -0.033091, 0.999354, -0.014043, 0.030954, 0.000000, 0.000000, 0.000000, 1.000000
-29.6599, 53.4261, 42.2218, 140.8595, 162.8500, -53.4263, 157.8204, 157.1745, 44.7735, 30.9669, 0.552468, 0.814576, -0.176763, 0.053426, -0.829486, 0.516406, -0.212785, 0.042222, -0.082048, 0.264180, 0.960977, 0.140859, 0.000000, 0.000000, 0.000000, 1.000000, -0.081865, 0.264064, 0.961025, 0.162850, -0.552468, -0.814576, 0.176762, -0.053426, 0.829504, -0.516465, 0.212572, 0.157820, 0.000000, 0.000000, 0.000000, 1.000000, 0.002762, -0.013960, -0.999899, 0.157175, -0.999449, -0.033127, -0.002298, 0.044774, -0.033091, 0.999354, -0.014043, 0.030967, 0.000000, 0.000000, 0.000000, 1.000000
-29.6455, 53.4009, 42.2009, 140.8819, 162.8724, -53.4011, 157.8413, 157.1677, 44.7733, 30.9810, 0.552467, 0.814619, -0.176564, 0.053401, -0.829487, 0.516459, -0.212652, 0.042201, -0.082043, 0.263941, 0.961043, 0.140882, 0.000000, 0.000000, 0.000000, 1.000000, -0.081860, 0.263825, 0.961091, 0.162872, -0.552467, -0.814620, 0.176562, -0.053401, 0.829505, -0.516518, 0.212439, 0.157841, 0.000000, 0.000000, 0.000000, 1.000000, 0.002761, -0.013960, -0.999899, 0.157168, -0.999449, -0.033127, -0.002298, 0.044773, -0.033091, 0.999354, -0.014043, 0.030981, 0.000000, 0.000000, 0.000000, 1.000000
-29.6302, 53.3741, 42.1789, 140.9058, 162.8963, -53.3743, 157.8633, 157.1603, 44.7732, 30.9958, 0.552466, 0.814666, -0.176352, 0.053374, -0.829488, 0.516516, -0.212510, 0.042179, -0.082036, 0.263687, 0.961114, 0.140906, 0.000000, 0.000000, 0.000000, 1.000000, -0.081854, 0.263571, 0.961161, 0.162896, -0.552466, -0.814666, 0.176351, -0.053374, 0.829506, -0.516574, 0.212298, 0.157863, 0.000000, 0.000000, 0.000000, 1.000000, 0.002761, -0.013960, -0.999899, 0.157160, -0.999449, -0.033127, -0.002298, 0.044773, -0.033091, 0.999354, -0.014043, 0.030996, 0.000000, 0.000000, 0.000000, 1.000000
-29.6141, 53.3458, 42.1559, 140.9312, 162.9217, -53.3461, 157.8864, 157.1525, 44.7731, 31.0116, 0.552465, 0.814715, -0.176129, 0.053346, -0.829490, 0.516575, -0.212360, 0.042156, -0.082029, 0.263418, 0.961188, 0.140931, 0.000000, 0.000000, 0.000000, 1.000000, -0.081847, 0.263303, 0.961235, 0.162922, -0.552465, -0.814716, 0.176127, -0.053346, 0.829508, -0.516634, 0.212147, 0.157886, 0.000000, 0.000000, 0.000000, 1.000000, 0.002761, -0.013960, -0.999899, 0.157153, -0.999449, -0.033127, -0.002298, 0.044773, -0.033091, 0.999354, -0.014043, 0.031012, 0.000000, 0.000000, 0.000000, 1.000000
-29.5972, 53.3161, 42.1319, 140.9580, 162.9486, -53.3163, 157.9105, 157.1443, 44.7730, 31.0281, 0.552464, 0.814767, -0.175894, 0.053316, -0.829491, 0.516638, -0.212201, 0.042132, -0.082021, 0.263136, 0.961266, 0.140958, 0.000000, 0.000000, 0.000000, 1.000000, -0.081839, 0.263020, 0.961313, 0.162949, -0.552464, -0.814767, 0.175892, -0.053316, 0.829510, -0.516696, 0.211989, 0.157910, 0.000000, 0.000000, 0.000000, 1.000000, 0.002761, -0.013960, -0.999899, 0.157144, -0.999449, -0.033127, -0.002298, 0.044773, -0.033091, 0.999354, -0.014043, 0.031028, 0.000000, 0.000000, 0.000000, 1.000000
-29.5794, 53.2849, 42.1068, 140.9862, 162.9768, -53.2852, 157.9355, 157.1357, 44.7729, 31.0455, 0.552462, 0.814821, -0.175648, 0.053285, -0.829493, 0.516703, -0.212034, 0.042107, -0.082012, 0.262839, 0.961348, 0.140986, 0.000000, 0.000000, 0.000000, 1.000000, -0.081830, 0.262724, 0.961395, 0.162977, -0.552462, -0.814821, 0.175646, -0.053285, 0.829511, -0.516761, 0.211822, 0.157936, 0.000000, 0.000000, 0.000000, 1.000000, 0.002761, -0.013960, -0.999899, 0.157136, -0.999449, -0.033127, -0.002298, 0.044773, -0.033091, 0.999354, -0.014043, 0.031046, 0.000000, 0.000000, 0.000000, 1.000000
-29.5609, 53.2525, 42.0809, 141.0157, 163.0063, -53.2527, 157.9615, 157.1267, 44.7728, 31.0636, 0.552461, 0.814877, -0.175391, 0.053252, -0.829496, 0.516772, -0.211859, 0.042081, -0.082002, 0.262530, 0.961433, 0.141016, 0.000000, 0.000000, 0.000000, 1.000000, -0.081820, 0.262415, 0.961480, 0.163006, -0.552461, -0.814878, 0.175390, -0.053253, 0.829514, -0.516830, 0.211647, 0.157962, 0.000000, 0.000000, 0.000000, 1.000000, 0.002761, -0.013960, -0.999899, 0.157127, -0.999449, -0.033127, -0.002298, 0.044773, -0.033091, 0.999354, -0.014043, 0.031064, 0.000000, 0.000000, 0.000000, 1.000000
-29.5417, 53.2187, 42.0540, 141.0465, 163.0372, -53.2190, 157.9884, 157.1172, 44.7728, 31.0825, 0.552459, 0.814936, -0.175125, 0.053219, -0.829498, 0.516843, -0.211677, 0.042054, -0.081991, 0.262208, 0.961522, 0.141046, 0.000000, 0.000000, 0.000000, 1.000000, -0.081810, 0.262093, 0.961569, 0.163037, -0.552459, -0.814936, 0.175123, -0.053219, 0.829516, -0.516900, 0.211465, 0.157988, 0.000000, 0.000000, 0.000000, 1.000000, 0.002761, -0.013960, -0.999899, 0.157117, -0.999449, -0.033127, -0.002298, 0.044773, -0.033091, 0.999354, -0.014043, 0.031082, 0.000000, 0.000000, 0.000000, 1.000000
-29.5218, 53.1838, 42.0263, 141.0785, 163.0692, -53.1840, 158.0161, 157.1075, 44.7728, 31.1020, 0.552457, 0.814997, -0.174848, 0.053184, -0.829500, 0.516916, -0.211488, 0.042026, -0.081980, 0.261875, 0.961614, 0.141079, 0.000000, 0.000000, 0.000000, 1.000000, -0.081798, 0.261760, 0.961660, 0.163069, -0.552457, -0.814997, 0.174847, -0.053184, 0.829518, -0.516974, 0.211276, 0.158016, 0.000000, 0.000000, 0.000000, 1.000000, 0.002761, -0.013960, -0.999899, 0.157107, -0.999449, -0.033127, -0.002298, 0.044773, -0.033091, 0.999354, -0.014043, 0.031102, 0.000000, 0.000000, 0.000000, 1.000000
-29.4908, 53.1293, 41.9833, 141.1286, 163.1193, -53.1295, 158.0592, 157.0922, 44.7728, 31.1325, 0.552453, 0.815091, -0.174418, 0.053129, -0.829504, 0.517030, -0.211192, 0.041983, -0.081961, 0.261354, 0.961757, 0.141129, 0.000000, 0.000000, 0.000000, 1.000000, -0.081781, 0.261239, 0.961803, 0.163119, -0.552453, -0.815092, 0.174416, -0.053130, 0.829522, -0.517088, 0.210981, 0.158059, 0.000000, 0.000000, 0.000000, 1.000000, 0.002761, -0.013960, -0.999899, 0.157092, -0.999449, -0.033127, -0.002298, 0.044773, -0.033091, 0.999354, -0.014043, 0.031132, 0.000000, 0.000000, 0.000000, 1.000000
-29.4587, 53.0727, 41.9389, 141.1808, 163.1715, -53.0730, 158.1037, 157.0763, 44.7729, 31.1641, 0.552450, 0.815189, -0.173971, 0.053073, -0.829509, 0.517149, -0.210885, 0.041939, -0.081942, 0.260813, 0.961905, 0.141181, 0.000000, 0.000000, 0.000000, 1.000000, -0.081762, 0.260699, 0.961952, 0.163171, -0.552450, -0.815190, 0.173969, -0.053073, 0.829527, -0.517206, 0.210674, 0.158104, 0.000000, 0.000000, 0.000000, 1.000000, 0.002761, -0.013960, -0.999899, 0.157076, -0.999449, -0.033127, -0.002298, 0.044773, -0.033091, 0.999354, -0.014043, 0.031164, 0.000000, 0.000000, 0.000000, 1.000000
-29.4367, 53.0342, 41.9087, 141.2164, 163.2072, -53.0345, 158.1339, 157.0654, 44.7730, 31.1856, 0.552447, 0.815256, -0.173666, 0.053034, -0.829512, 0.517229, -0.210675, 0.041909, -0.081929, 0.260445, 0.962006, 0.141216, 0.000000, 0.000000, 0.000000, 1.000000, -0.081748, 0.260330, 0.962053, 0.163207, -0.552447, -0.815256, 0.173664, -0.053034, 0.829530, -0.517286, 0.210465, 0.158134, 0.000000, 0.000000, 0.000000, 1.000000, 0.002761, -0.013960, -0.999899, 0.157065, -0.999449, -0.033127, -0.002298, 0.044773, -0.033091, 0.999354, -0.014043, 0.031186, 0.000000, 0.000000, 0.000000, 1.000000
-29.4257, 53.0147, 41.8935, 141.2345, 163.2252, -53.0150, 158.1492, 157.0599, 44.7730, 31.1965, 0.552446, 0.815290, -0.173512, 0.053015, -0.829513, 0.517270, -0.210569, 0.041893, -0.081922, 0.260258, 0.962057, 0.141234, 0.000000, 0.000000, 0.000000, 1.000000, -0.081742, 0.260144, 0.962104, 0.163225, -0.552446, -0.815290, 0.173510, -0.053015, 0.829531, -0.517327, 0.210358, 0.158149, 0.000000, 0.000000, 0.000000, 1.000000, 0.002761, -0.013960, -0.999899, 0.157060, -0.999449, -0.033127, -0.002298, 0.044773, -0.033091, 0.999354, -0.014043, 0.031197, 0.000000, 0.000000, 0.000000, 1.000000
-29.3920, 52.9556, 41.8472, 141.2894, 163.2802, -52.9558, 158.1954, 157.0431, 44.7731, 31.2296, 0.552442, 0.815392, -0.173044, 0.052956, -0.829518, 0.517394, -0.210246, 0.041847, -0.081901, 0.259692, 0.962212, 0.141289, 0.000000, 0.000000, 0.000000, 1.000000, -0.081721, 0.259577, 0.962258, 0.163280, -0.552442, -0.815392, 0.173042, -0.052956, 0.829536, -0.517450, 0.210036, 0.158195, 0.000000, 0.000000, 0.000000, 1.000000, 0.002761, -0.013960, -0.999899, 0.157043, -0.999449, -0.033127, -0.002298, 0.044773, -0.033091, 0.999354, -0.014043, 0.031230, 0.000000, 0.000000, 0.000000, 1.000000
-29.3693, 52.9157, 41.8161, 141.3266, 163.3174, -52.9160, 158.2266, 157.0318, 44.7732, 31.2520, 0.552439, 0.815461, -0.172728, 0.052916, -0.829522, 0.517477, -0.210028, 0.041816, -0.081886, 0.259309, 0.962317, 0.141327, 0.000000, 0.000000, 0.000000, 1.000000, -0.081707, 0.259195, 0.962363, 0.163317, -0.552439, -0.815461, 0.172726, -0.052916, 0.829539, -0.517533, 0.209818, 0.158227, 0.000000, 0.000000, 0.000000, 1.000000, 0.002761, -0.013960, -0.999899, 0.157032, -0.999449, -0.033127, -0.002297, 0.044773, -0.033091, 0.999354, -0.014043, 0.031252, 0.000000, 0.000000, 0.000000, 1.000000
-29.3465, 52.8757, 41.7849, 141.3639, 163.3547, -52.8759, 158.2579, 157.0204, 44.7733, 31.2744, 0.552436, 0.815530, -0.172411, 0.052876, -0.829525, 0.517560, -0.209808, 0.041785, -0.081872, 0.258925, 0.962421, 0.141364, 0.000000, 0.000000, 0.000000, 1.000000, -0.081693, 0.258811, 0.962467, 0.163355, -0.552436, -0.815530, 0.172409, -0.052876, 0.829543, -0.517617, 0.209599, 0.158258, 0.000000, 0.000000, 0.000000, 1.000000, 0.002761, -0.013960, -0.999899, 0.157020, -0.999449, -0.033127, -0.002297, 0.044773, -0.033091, 0.999354, -0.014043, 0.031274, 0.000000, 0.000000, 0.000000, 1.000000
-29.3236, 52.8355, 41.7536, 141.4014, 163.3923, -52.8358, 158.2892, 157.0090, 44.7734, 31.2969, 0.552433, 0.815599, -0.172093, 0.052836, -0.829528, 0.517644, -0.209588, 0.041754, -0.081858, 0.258539, 0.962526, 0.141401, 0.000000, 0.000000, 0.000000, 1.000000, -0.081679, 0.258425, 0.962572, 0.163392, -0.552433, -0.815600, 0.172091, -0.052836, 0.829546, -0.517700, 0.209380, 0.158289, 0.000000, 0.000000, 0.000000, 1.000000, 0.002761, -0.013960, -0.999899, 0.157009, -0.999449, -0.033127, -0.002297, 0.044773, -0.033091, 0.999354, -0.014043, 0.031297, 0.000000, 0.000000, 0.000000, 1.000000
-29.3008, 52.7946, 41.7265, 141.4413, 163.4321, -52.7949, 158.3162, 156.9968, 44.7744, 31.3199, 0.552427, 0.815670, -0.171776, 0.052795, -0.829535, 0.517729, -0.209352, 0.041727, -0.081828, 0.258146, 0.962634, 0.141441, 0.000000, 0.000000, 0.000000, 1.000000, -0.081649, 0.258032, 0.962680, 0.163432, -0.552427, -0.815671, 0.171774, -0.052795, 0.829553, -0.517785, 0.209143, 0.158316, 0.000000, 0.000000, 0.000000, 1.000000, 0.002761, -0.013960, -0.999899, 0.156997, -0.999449, -0.033127, -0.002297, 0.044774, -0.033091, 0.999354, -0.014043, 0.031320, 0.000000, 0.000000, 0.000000, 1.000000
-29.2894, 52.7742, 41.7129, 141.4611, 163.4520, -52.7745, 158.3299, 156.9907, 44.7748, 31.3313, 0.552424, 0.815705, -0.171618, 0.052774, -0.829539, 0.517771, -0.209234, 0.041713, -0.081815, 0.257949, 0.962688, 0.141461, 0.000000, 0.000000, 0.000000, 1.000000, -0.081636, 0.257836, 0.962734, 0.163452, -0.552424, -0.815706, 0.171616, -0.052774, 0.829556, -0.517827, 0.209025, 0.158330, 0.000000, 0.000000, 0.000000, 1.000000, 0.002761, -0.013960, -0.999899, 0.156991, -0.999449, -0.033127, -0.002297, 0.044775, -0.033091, 0.999354, -0.014043, 0.031331, 0.000000, 0.000000, 0.000000, 1.000000
-29.2554, 52.7135, 41.6716, 141.5201, 163.5109, -52.7138, 158.3711, 156.9727, 44.7761, 31.3654, 0.552416, 0.815810, -0.171145, 0.052714, -0.829548, 0.517897, -0.208885, 0.041672, -0.081775, 0.257365, 0.962848, 0.141520, 0.000000, 0.000000, 0.000000, 1.000000, -0.081596, 0.257251, 0.962894, 0.163511, -0.552415, -0.815811, 0.171144, -0.052714, 0.829566, -0.517953, 0.208676, 0.158371, 0.000000, 0.000000, 0.000000, 1.000000, 0.002761, -0.013960, -0.999899, 0.156973, -0.999449, -0.033127, -0.002298, 0.044776, -0.033091, 0.999354, -0.014043, 0.031365, 0.000000, 0.000000, 0.000000, 1.000000
-29.2217, 52.6538, 41.6299, 141.5779, 163.5687, -52.6540, 158.4128, 156.9550, 44.7771, 31.3989, 0.552408, 0.815913, -0.170678, 0.052654, -0.829557, 0.518020, -0.208545, 0.041630, -0.081740, 0.256789, 0.963005, 0.141578, 0.000000, 0.000000, 0.000000, 1.000000, -0.081561, 0.256675, 0.963050, 0.163569, -0.552408, -0.815914, 0.170677, -0.052654, 0.829574, -0.518076, 0.208336, 0.158413, 0.000000, 0.000000, 0.000000, 1.000000, 0.002761, -0.013960, -0.999899, 0.156955, -0.999449, -0.033127, -0.002298, 0.044777, -0.033091, 0.999354, -0.014043, 0.031399, 0.000000, 0.000000, 0.000000, 1.000000
-29.1996, 52.6146, 41.6019, 141.6156, 163.6065, -52.6148, 158.4408, 156.9435, 44.7777, 31.4209, 0.552403, 0.815981, -0.170371, 0.052615, -0.829562, 0.518101, -0.208323, 0.041602, -0.081718, 0.256411, 0.963107, 0.141616, 0.000000, 0.000000, 0.000000, 1.000000, -0.081539, 0.256298, 0.963153, 0.163607, -0.552403, -0.815981, 0.170369, -0.052615, 0.829580, -0.518156, 0.208114, 0.158441, 0.000000, 0.000000, 0.000000, 1.000000, 0.002761, -0.013960, -0.999899, 0.156943, -0.999449, -0.033127, -0.002298, 0.044778, -0.033091, 0.999354, -0.014043, 0.031421, 0.000000, 0.000000, 0.000000, 1.000000
-29.1778, 52.5760, 41.5739, 141.6527, 163.6436, -52.5763, 158.4688, 156.9322, 44.7782, 31.4425, 0.552398, 0.816047, -0.170067, 0.052576, -0.829567, 0.518180, -0.208106, 0.041574, -0.081699, 0.256040, 0.963208, 0.141653, 0.000000, 0.000000, 0.000000, 1.000000, -0.081520, 0.255926, 0.963253, 0.163644, -0.552398, -0.816048, 0.170066, -0.052576, 0.829585, -0.518235, 0.207897, 0.158469, 0.000000, 0.000000, 0.000000, 1.000000, 0.002761, -0.013960, -0.999899, 0.156932, -0.999449, -0.033127, -0.002298, 0.044778, -0.033091, 0.999354, -0.014043, 0.031443, 0.000000, 0.000000, 0.000000, 1.000000
-29.1564, 52.5382, 41.5459, 141.6889, 163.6798, -52.5384, 158.4968, 156.9212, 44.7786, 31.4637, 0.552394, 0.816113, -0.169768, 0.052538, -0.829572, 0.518257, -0.207894, 0.041546, -0.081681, 0.255675, 0.963306, 0.141689, 0.000000, 0.000000, 0.000000, 1.000000, -0.081502, 0.255561, 0.963351, 0.163680, -0.552394, -0.816113, 0.169767, -0.052538, 0.829589, -0.518313, 0.207685, 0.158497, 0.000000, 0.000000, 0.000000, 1.000000, 0.002761, -0.013960, -0.999899, 0.156921, -0.999449, -0.033127, -0.002298, 0.044779, -0.033091, 0.999354, -0.014043, 0.031464, 0.000000, 0.000000, 0.000000, 1.000000
-29.1353, 52.5011, 41.5179, 141.7243, 163.7152, -52.5013, 158.5248, 156.9104, 44.7788, 31.4845, 0.552390, 0.816176, -0.169475, 0.052501, -0.829576, 0.518333, -0.207688, 0.041518, -0.081666, 0.255317, 0.963402, 0.141724, 0.000000, 0.000000, 0.000000, 1.000000, -0.081487, 0.255203, 0.963448, 0.163715, -0.552390, -0.816177, 0.169473, -0.052501, 0.829594, -0.518389, 0.207479, 0.158525, 0.000000, 0.000000, 0.000000, 1.000000, 0.002761, -0.013960, -0.999899, 0.156910, -0.999449, -0.033127, -0.002298, 0.044779, -0.033091, 0.999354, -0.014043, 0.031485, 0.000000, 0.000000, 0.000000, 1.000000
-29.1146, 52.4647, 41.4901, 141.7589, 163.7498, -52.4649, 158.5526, 156.8999, 44.7790, 31.5049, 0.552386, 0.816239, -0.169186, 0.052465, -0.829580, 0.518408, -0.207487, 0.041490, -0.081652, 0.254966, 0.963496, 0.141759, 0.000000, 0.000000, 0.000000, 1.000000, -0.081473, 0.254852, 0.963542, 0.163750, -0.552386, -0.816239, 0.169184, -0.052465, 0.829598, -0.518463, 0.207278, 0.158553, 0.000000, 0.000000, 0.000000, 1.000000, 0.002761, -0.013960, -0.999899, 0.156900, -0.999449, -0.033127, -0.002298, 0.044779, -0.033091, 0.999354, -0.014043, 0.031505, 0.000000, 0.000000, 0.000000, 1.000000
-29.0943, 52.4291, 41.4625, 141.7926, 163.7835, -52.4294, 158.5802, 156.8897, 44.7791, 31.5248, 0.552383, 0.816300, -0.168903, 0.052429, -0.829583, 0.518480, -0.207291, 0.041462, -0.081639, 0.254623, 0.963588, 0.141793, 0.000000, 0.000000, 0.000000, 1.000000, -0.081460, 0.254509, 0.963633, 0.163783, -0.552382, -0.816300, 0.168901, -0.052429, 0.829601, -0.518535, 0.207082, 0.158580, 0.000000, 0.000000, 0.000000, 1.000000, 0.002761, -0.013960, -0.999899, 0.156890, -0.999449, -0.033127, -0.002298, 0.044779, -0.033091, 0.999354, -0.014043, 0.031525, 0.000000, 0.000000, 0.000000, 1.000000
-29.0745, 52.3944, 41.4351, 141.8253, 163.8162, -52.3947, 158.6076, 156.8797, 44.7792, 31.5442, 0.552379, 0.816359, -0.168626, 0.052394, -0.829587, 0.518551, -0.207102, 0.041435, -0.081628, 0.254288, 0.963677, 0.141825, 0.000000, 0.000000, 0.000000, 1.000000, -0.081449, 0.254175, 0.963723, 0.163816, -0.552379, -0.816360, 0.168624, -0.052395, 0.829604, -0.518606, 0.206893, 0.158608, 0.000000, 0.000000, 0.000000, 1.000000, 0.002761, -0.013960, -0.999899, 0.156880, -0.999449, -0.033127, -0.002298, 0.044779, -0.033091, 0.999354, -0.014043, 0.031544, 0.000000, 0.000000, 0.000000, 1.000000
-29.0551, 52.3606, 41.4081, 141.8571, 163.8480, -52.3609, 158.6346, 156.8701, 44.7791, 31.5631, 0.552376, 0.816417, -0.168355, 0.052361, -0.829589, 0.518620, -0.206918, 0.041408, -0.081619, 0.253962, 0.963764, 0.141857, 0.000000, 0.000000, 0.000000, 1.000000, -0.081440, 0.253849, 0.963809, 0.163848, -0.552376, -0.816417, 0.168354, -0.052361, 0.829607, -0.518675, 0.206709, 0.158635, 0.000000, 0.000000, 0.000000, 1.000000, 0.002761, -0.013960, -0.999899, 0.156870, -0.999449, -0.033127, -0.002298, 0.044779, -0.033091, 0.999354, -0.014043, 0.031563, 0.000000, 0.000000, 0.000000, 1.000000
-29.0362, 52.3277, 41.3813, 141.8880, 163.8789, -52.3279, 158.6614, 156.8607, 44.7790, 31.5815, 0.552374, 0.816473, -0.168091, 0.052328, -0.829592, 0.518687, -0.206739, 0.041381, -0.081611, 0.253644, 0.963849, 0.141888, 0.000000, 0.000000, 0.000000, 1.000000, -0.081432, 0.253531, 0.963894, 0.163879, -0.552374, -0.816474, 0.168089, -0.052328, 0.829610, -0.518742, 0.206531, 0.158661, 0.000000, 0.000000, 0.000000, 1.000000, 0.002761, -0.013960, -0.999899, 0.156861, -0.999449, -0.033127, -0.002298, 0.044779, -0.033091, 0.999354, -0.014043, 0.031582, 0.000000, 0.000000, 0.000000, 1.000000
-29.0086, 52.2797, 41.3419, 141.9327, 163.9236, -52.2800, 158.7009, 156.8472, 44.7788, 31.6083, 0.552370, 0.816555, -0.167706, 0.052280, -0.829595, 0.518784, -0.206482, 0.041342, -0.081601, 0.253182, 0.963971, 0.141933, 0.000000, 0.000000, 0.000000, 1.000000, -0.081422, 0.253069, 0.964016, 0.163924, -0.552370, -0.816555, 0.167704, -0.052280, 0.829613, -0.518839, 0.206273, 0.158701, 0.000000, 0.000000, 0.000000, 1.000000, 0.002761, -0.013960, -0.999899, 0.156847, -0.999449, -0.033127, -0.002298, 0.044779, -0.033091, 0.999354, -0.014043, 0.031608, 0.000000, 0.000000, 0.000000, 1.000000
