# Joint_B_Angle(deg), Cam_X(mm), Cam_Y(mm), Cam_Z(mm), Torso_X(mm), Torso_Y(mm), Torso_Z(mm), EE_X(mm), EE_Y(mm), EE_Z(mm), T_cam2marker_flat(16), T_torso2marker_flat(16), T_ee2marker_flat(16)
-9.9998, 6.2797, 7.4892, 120.8751, 189.8786, 2.7202, 249.5724, 101.8161, 8.7866, -1.7015, 0.589504, 0.807164, 0.031169, 0.006280, -0.807764, 0.588991, 0.024646, 0.007489, 0.001535, -0.039706, 0.999210, 0.120875, 0.000000, 0.000000, 0.000000, 1.000000, 0.001592, -0.039748, 0.999208, 0.189879, -0.589504, -0.807164, -0.031169, 0.002720, 0.807764, -0.588988, -0.024717, 0.249572, 0.000000, 0.000000, 0.000000, 1.000000, -0.074158, -0.041067, -0.996401, 0.101816, -0.996879, -0.024083, 0.075187, 0.008787, -0.027083, 0.998866, -0.039153, -0.001701, 0.000000, 0.000000, 0.000000, 1.000000
-9.9998, 6.2794, 7.4910, 120.8760, 189.8795, 2.7205, 249.5704, 101.8161, 8.7866, -1.7015, 0.589502, 0.807165, 0.031166, 0.006279, -0.807765, 0.588988, 0.024652, 0.007491, 0.001542, -0.039707, 0.999210, 0.120876, 0.000000, 0.000000, 0.000000, 1.000000, 0.001599, -0.039750, 0.999208, 0.189880, -0.589502, -0.807165, -0.031167, 0.002720, 0.807765, -0.588986, -0.024723, 0.249570, 0.000000, 0.000000, 0.000000, 1.000000, -0.074158, -0.041067, -0.996401, 0.101816, -0.996879, -0.024082, 0.075186, 0.008787, -0.027083, 0.998866, -0.039153, -0.001702, 0.000000, 0.000000, 0.000000, 1.000000
-9.9998, 6.2793, 7.4917, 120.8763, 189.8798, 2.7205, 249.5697, 101.8161, 8.7866, -1.7015, 0.589501, 0.807166, 0.031165, 0.006279, -0.807766, 0.588988, 0.024654, 0.007492, 0.001544, -0.039708, 0.999210, 0.120876, 0.000000, 0.000000, 0.000000, 1.000000, 0.001601, -0.039750, 0.999208, 0.189880, -0.589501, -0.807166, -0.031166, 0.002721, 0.807766, -0.588985, -0.024725, 0.249570, 0.000000, 0.000000, 0.000000, 1.000000, -0.074158, -0.041067, -0.996401, 0.101816, -0.996879, -0.024082, 0.075186, 0.008787, -0.027083, 0.998866, -0.039153, -0.001702, 0.000000, 0.000000, 0.000000, 1.000000
-9.9998, 6.2793, 7.4927, 120.8766, 189.8802, 2.7206, 249.5687, 101.8162, 8.7866, -1.7015, 0.589500, 0.807167, 0.031163, 0.006279, -0.807767, 0.588986, 0.024656, 0.007493, 0.001546, -0.039707, 0.999210, 0.120877, 0.000000, 0.000000, 0.000000, 1.000000, 0.001604, -0.039750, 0.999208, 0.189880, -0.589500, -0.807167, -0.031164, 0.002721, 0.807767, -0.588983, -0.024727, 0.249569, 0.000000, 0.000000, 0.000000, 1.000000, -0.074158, -0.041067, -0.996401, 0.101816, -0.996879, -0.024082, 0.075186, 0.008787, -0.027083, 0.998866, -0.039153, -0.001702, 0.000000, 0.000000, 0.000000, 1.000000
-9.9998, 6.2793, 7.4931, 120.8766, 189.8802, 2.7206, 249.5682, 101.8162, 8.7865, -1.7015, 0.589499, 0.807168, 0.031162, 0.006279, -0.807768, 0.588985, 0.024655, 0.007493, 0.001547, -0.039706, 0.999210, 0.120877, 0.000000, 0.000000, 0.000000, 1.000000, 0.001605, -0.039749, 0.999208, 0.189880, -0.589499, -0.807168, -0.031163, 0.002721, 0.807767, -0.588982, -0.024727, 0.249568, 0.000000, 0.000000, 0.000000, 1.000000, -0.074158, -0.041067, -0.996401, 0.101816, -0.996879, -0.024082, 0.075186, 0.008787, -0.027083, 0.998866, -0.039153, -0.001702, 0.000000, 0.000000, 0.000000, 1.000000
-9.9998, 6.2794, 7.4931, 120.8765, 189.8801, 2.7205, 249.5682, 101.8162, 8.7865, -1.7015, 0.589499, 0.807168, 0.031161, 0.006279, -0.807768, 0.588985, 0.024654, 0.007493, 0.001547, -0.039704, 0.999210, 0.120877, 0.000000, 0.000000, 0.000000, 1.000000, 0.001605, -0.039748, 0.999208, 0.189880, -0.589499, -0.807168, -0.031162, 0.002721, 0.807768, -0.588982, -0.024726, 0.249568, 0.000000, 0.000000, 0.000000, 1.000000, -0.074158, -0.041067, -0.996401, 0.101816, -0.996879, -0.024082, 0.075186, 0.008787, -0.027083, 0.998866, -0.039153, -0.001702, 0.000000, 0.000000, 0.000000, 1.000000
-9.9997, 6.2796, 7.4927, 120.8762, 189.8798, 2.7203, 249.5685, 101.8162, 8.7865, -1.7015, 0.589499, 0.807168, 0.031160, 0.006280, -0.807768, 0.588985, 0.024651, 0.007493, 0.001545, -0.039702, 0.999210, 0.120876, 0.000000, 0.000000, 0.000000, 1.000000, 0.001603, -0.039745, 0.999209, 0.189880, -0.589499, -0.807168, -0.031161, 0.002720, 0.807768, -0.588982, -0.024723, 0.249569, 0.000000, 0.000000, 0.000000, 1.000000, -0.074158, -0.041067, -0.996401, 0.101816, -0.996879, -0.024082, 0.075186, 0.008787, -0.027083, 0.998866, -0.039153, -0.001702, 0.000000, 0.000000, 0.000000, 1.000000
-9.9997, 6.2797, 7.4924, 120.8761, 189.8797, 2.7202, 249.5688, 101.8161, 8.7865, -1.7015, 0.589499, 0.807168, 0.031160, 0.006280, -0.807768, 0.588985, 0.024649, 0.007492, 0.001543, -0.039700, 0.999210, 0.120876, 0.000000, 0.000000, 0.000000, 1.000000, 0.001601, -0.039744, 0.999209, 0.189880, -0.589499, -0.807168, -0.031161, 0.002720, 0.807768, -0.588982, -0.024721, 0.249569, 0.000000, 0.000000, 0.000000, 1.000000, -0.074158, -0.041067, -0.996401, 0.101816, -0.996879, -0.024082, 0.075186, 0.008787, -0.027083, 0.998866, -0.039153, -0.001702, 0.000000, 0.000000, 0.000000, 1.000000
-9.9996, 6.2800, 7.4913, 120.8760, 189.8796, 2.7199, 249.5698, 101.8161, 8.7866, -1.7015, 0.589499, 0.807168, 0.031161, 0.006280, -0.807768, 0.588986, 0.024644, 0.007491, 0.001538, -0.039698, 0.999211, 0.120876, 0.000000, 0.000000, 0.000000, 1.000000, 0.001597, -0.039742, 0.999209, 0.189880, -0.589499, -0.807168, -0.031161, 0.002720, 0.807768, -0.588983, -0.024717, 0.249570, 0.000000, 0.000000, 0.000000, 1.000000, -0.074158, -0.041067, -0.996401, 0.101816, -0.996879, -0.024082, 0.075186, 0.008787, -0.027083, 0.998866, -0.039153, -0.001702, 0.000000, 0.000000, 0.000000, 1.000000
-9.9995, 6.2802, 7.4907, 120.8762, 189.8798, 2.7197, 249.5705, 101.8161, 8.7866, -1.7015, 0.589499, 0.807168, 0.031161, 0.006280, -0.807768, 0.588986, 0.024641, 0.007491, 0.001536, -0.039697, 0.999211, 0.120876, 0.000000, 0.000000, 0.000000, 1.000000, 0.001594, -0.039741, 0.999209, 0.189880, -0.589499, -0.807168, -0.031162, 0.002720, 0.807767, -0.588983, -0.024714, 0.249571, 0.000000, 0.000000, 0.000000, 1.000000, -0.074158, -0.041067, -0.996401, 0.101816, -0.996879, -0.024082, 0.075186, 0.008787, -0.027083, 0.998866, -0.039153, -0.001702, 0.000000, 0.000000, 0.000000, 1.000000
-9.9992, 6.2805, 7.4890, 120.8770, 189.8806, 2.7194, 249.5721, 101.8161, 8.7867, -1.7015, 0.589500, 0.807167, 0.031164, 0.006280, -0.807767, 0.588987, 0.024635, 0.007489, 0.001529, -0.039696, 0.999211, 0.120877, 0.000000, 0.000000, 0.000000, 1.000000, 0.001588, -0.039740, 0.999209, 0.189881, -0.589500, -0.807167, -0.031165, 0.002719, 0.807767, -0.588984, -0.024709, 0.249572, 0.000000, 0.000000, 0.000000, 1.000000, -0.074158, -0.041067, -0.996401, 0.101816, -0.996879, -0.024082, 0.075186, 0.008787, -0.027083, 0.998866, -0.039153, -0.001702, 0.000000, 0.000000, 0.000000, 1.000000
-9.9988, 6.2808, 7.4869, 120.8788, 189.8824, 2.7191, 249.5741, 101.8161, 8.7868, -1.7015, 0.589501, 0.807166, 0.031170, 0.006281, -0.807766, 0.588988, 0.024630, 0.007487, 0.001522, -0.039698, 0.999211, 0.120879, 0.000000, 0.000000, 0.000000, 1.000000, 0.001581, -0.039742, 0.999209, 0.189882, -0.589501, -0.807166, -0.031171, 0.002719, 0.807766, -0.588985, -0.024704, 0.249574, 0.000000, 0.000000, 0.000000, 1.000000, -0.074158, -0.041067, -0.996401, 0.101816, -0.996879, -0.024082, 0.075186, 0.008787, -0.027083, 0.998866, -0.039153, -0.001701, 0.000000, 0.000000, 0.000000, 1.000000
-9.9985, 6.2810, 7.4858, 120.8801, 189.8838, 2.7189, 249.5753, 101.8161, 8.7869, -1.7015, 0.589502, 0.807165, 0.031173, 0.006281, -0.807766, 0.588989, 0.024628, 0.007486, 0.001518, -0.039699, 0.999211, 0.120880, 0.000000, 0.000000, 0.000000, 1.000000, 0.001577, -0.039743, 0.999209, 0.189884, -0.589502, -0.807165, -0.031174, 0.002719, 0.807765, -0.588986, -0.024702, 0.249575, 0.000000, 0.000000, 0.000000, 1.000000, -0.074158, -0.041067, -0.996401, 0.101816, -0.996879, -0.024082, 0.075186, 0.008787, -0.027083, 0.998866, -0.039153, -0.001701, 0.000000, 0.000000, 0.000000, 1.000000
-9.9982, 6.2811, 7.4846, 120.8818, 189.8855, 2.7188, 249.5765, 101.8161, 8.7870, -1.7015, 0.589503, 0.807165, 0.031178, 0.006281, -0.807765, 0.588990, 0.024626, 0.007485, 0.001514, -0.039702, 0.999210, 0.120882, 0.000000, 0.000000, 0.000000, 1.000000, 0.001573, -0.039746, 0.999209, 0.189885, -0.589503, -0.807165, -0.031179, 0.002719, 0.807765, -0.588987, -0.024700, 0.249576, 0.000000, 0.000000, 0.000000, 1.000000, -0.074158, -0.041067, -0.996401, 0.101816, -0.996879, -0.024082, 0.075186, 0.008787, -0.027083, 0.998866, -0.039153, -0.001701, 0.000000, 0.000000, 0.000000, 1.000000
-9.9969, 6.2814, 7.4804, 120.8892, 189.8928, 2.7184, 249.5806, 101.8160, 8.7875, -1.7014, 0.589505, 0.807162, 0.031196, 0.006281, -0.807763, 0.588993, 0.024623, 0.007480, 0.001501, -0.039714, 0.999210, 0.120889, 0.000000, 0.000000, 0.000000, 1.000000, 0.001560, -0.039758, 0.999208, 0.189893, -0.589505, -0.807162, -0.031196, 0.002718, 0.807763, -0.588990, -0.024697, 0.249581, 0.000000, 0.000000, 0.000000, 1.000000, -0.074159, -0.041067, -0.996401, 0.101816, -0.996879, -0.024083, 0.075187, 0.008788, -0.027084, 0.998866, -0.039152, -0.001701, 0.000000, 0.000000, 0.000000, 1.000000
-9.9951, 6.2816, 7.4757, 120.9003, 189.9040, 2.7183, 249.5852, 101.8161, 8.7882, -1.7014, 0.589509, 0.807158, 0.031221, 0.006282, -0.807761, 0.588996, 0.024624, 0.007476, 0.001486, -0.039735, 0.999209, 0.120900, 0.000000, 0.000000, 0.000000, 1.000000, 0.001546, -0.039779, 0.999207, 0.189904, -0.589509, -0.807158, -0.031222, 0.002718, 0.807761, -0.588993, -0.024698, 0.249585, 0.000000, 0.000000, 0.000000, 1.000000, -0.074159, -0.041066, -0.996401, 0.101816, -0.996879, -0.024085, 0.075187, 0.008788, -0.027086, 0.998866, -0.039152, -0.001701, 0.000000, 0.000000, 0.000000, 1.000000
-9.9943, 6.2811, 7.4760, 120.9061, 189.9098, 2.7188, 249.5849, 101.8161, 8.7884, -1.7014, 0.589508, 0.807158, 0.031230, 0.006281, -0.807761, 0.588995, 0.024634, 0.007476, 0.001489, -0.039748, 0.999209, 0.120906, 0.000000, 0.000000, 0.000000, 1.000000, 0.001549, -0.039793, 0.999207, 0.189910, -0.589508, -0.807158, -0.031231, 0.002719, 0.807761, -0.588992, -0.024708, 0.249585, 0.000000, 0.000000, 0.000000, 1.000000, -0.074159, -0.041066, -0.996401, 0.101816, -0.996879, -0.024085, 0.075187, 0.008788, -0.027086, 0.998866, -0.039152, -0.001701, 0.000000, 0.000000, 0.000000, 1.000000
-9.9927, 6.2802, 7.4761, 120.9191, 189.9228, 2.7197, 249.5847, 101.8162, 8.7890, -1.7015, 0.589508, 0.807158, 0.031252, 0.006280, -0.807761, 0.588994, 0.024654, 0.007476, 0.001492, -0.039777, 0.999207, 0.120919, 0.000000, 0.000000, 0.000000, 1.000000, 0.001553, -0.039822, 0.999206, 0.189923, -0.589508, -0.807158, -0.031252, 0.002720, 0.807761, -0.588991, -0.024729, 0.249585, 0.000000, 0.000000, 0.000000, 1.000000, -0.074159, -0.041066, -0.996401, 0.101816, -0.996878, -0.024087, 0.075187, 0.008789, -0.027088, 0.998866, -0.039152, -0.001701, 0.000000, 0.000000, 0.000000, 1.000000
-9.9918, 6.2797, 7.4760, 120.9263, 189.9300, 2.7201, 249.5848, 101.8163, 8.7893, -1.7015, 0.589508, 0.807157, 0.031264, 0.006280, -0.807761, 0.588994, 0.024664, 0.007476, 0.001494, -0.039793, 0.999207, 0.120926, 0.000000, 0.000000, 0.000000, 1.000000, 0.001554, -0.039838, 0.999205, 0.189930, -0.589508, -0.807157, -0.031265, 0.002720, 0.807761, -0.588991, -0.024740, 0.249585, 0.000000, 0.000000, 0.000000, 1.000000, -0.074159, -0.041067, -0.996401, 0.101816, -0.996878, -0.024087, 0.075187, 0.008789, -0.027088, 0.998866, -0.039152, -0.001702, 0.000000, 0.000000, 0.000000, 1.000000
-9.9897, 6.2788, 7.4754, 120.9419, 189.9457, 2.7211, 249.5853, 101.8164, 8.7901, -1.7015, 0.589508, 0.807156, 0.031291, 0.006279, -0.807761, 0.588993, 0.024686, 0.007475, 0.001495, -0.039828, 0.999205, 0.120942, 0.000000, 0.000000, 0.000000, 1.000000, 0.001556, -0.039874, 0.999204, 0.189946, -0.589508, -0.807156, -0.031292, 0.002721, 0.807761, -0.588990, -0.024762, 0.249585, 0.000000, 0.000000, 0.000000, 1.000000, -0.074159, -0.041067, -0.996400, 0.101816, -0.996878, -0.024089, 0.075188, 0.008790, -0.027090, 0.998866, -0.039152, -0.001702, 0.000000, 0.000000, 0.000000, 1.000000
-9.9886, 6.2782, 7.4749, 120.9504, 189.9542, 2.7216, 249.5858, 101.8165, 8.7905, -1.7016, 0.589509, 0.807155, 0.031306, 0.006278, -0.807761, 0.588993, 0.024698, 0.007475, 0.001496, -0.039848, 0.999205, 0.120950, 0.000000, 0.000000, 0.000000, 1.000000, 0.001557, -0.039893, 0.999203, 0.189954, -0.589509, -0.807155, -0.031307, 0.002722, 0.807760, -0.588990, -0.024774, 0.249586, 0.000000, 0.000000, 0.000000, 1.000000, -0.074159, -0.041067, -0.996400, 0.101816, -0.996878, -0.024090, 0.075188, 0.008790, -0.027091, 0.998866, -0.039152, -0.001702, 0.000000, 0.000000, 0.000000, 1.000000
-9.9874, 6.2777, 7.4742, 120.9594, 189.9632, 2.7221, 249.5864, 101.8166, 8.7909, -1.7016, 0.589509, 0.807154, 0.031323, 0.006278, -0.807760, 0.588993, 0.024709, 0.007474, 0.001496, -0.039868, 0.999204, 0.120959, 0.000000, 0.000000, 0.000000, 1.000000, 0.001557, -0.039913, 0.999202, 0.189963, -0.589509, -0.807154, -0.031323, 0.002722, 0.807760, -0.588990, -0.024786, 0.249586, 0.000000, 0.000000, 0.000000, 1.000000, -0.074160, -0.041067, -0.996400, 0.101817, -0.996878, -0.024091, 0.075188, 0.008791, -0.027092, 0.998866, -0.039152, -0.001702, 0.000000, 0.000000, 0.000000, 1.000000
-9.9835, 6.2761, 7.4716, 120.9891, 189.9929, 2.7238, 249.5889, 101.8168, 8.7923, -1.7016, 0.589511, 0.807151, 0.031377, 0.006276, -0.807759, 0.588993, 0.024747, 0.007472, 0.001494, -0.039934, 0.999201, 0.120989, 0.000000, 0.000000, 0.000000, 1.000000, 0.001556, -0.039980, 0.999199, 0.189993, -0.589511, -0.807151, -0.031378, 0.002724, 0.807759, -0.588990, -0.024824, 0.249589, 0.000000, 0.000000, 0.000000, 1.000000, -0.074160, -0.041067, -0.996400, 0.101817, -0.996878, -0.024094, 0.075189, 0.008792, -0.027095, 0.998866, -0.039152, -0.001702, 0.000000, 0.000000, 0.000000, 1.000000
-9.9820, 6.2755, 7.4705, 121.0000, 190.0038, 2.7243, 249.5899, 101.8169, 8.7928, -1.7017, 0.589512, 0.807149, 0.031397, 0.006276, -0.807758, 0.588993, 0.024761, 0.007471, 0.001493, -0.039958, 0.999200, 0.121000, 0.000000, 0.000000, 0.000000, 1.000000, 0.001555, -0.040004, 0.999198, 0.190004, -0.589512, -0.807149, -0.031398, 0.002724, 0.807758, -0.588990, -0.024838, 0.249590, 0.000000, 0.000000, 0.000000, 1.000000, -0.074160, -0.041067, -0.996400, 0.101817, -0.996878, -0.024095, 0.075189, 0.008793, -0.027096, 0.998866, -0.039152, -0.001702, 0.000000, 0.000000, 0.000000, 1.000000
-9.9789, 6.2743, 7.4681, 121.0229, 190.0268, 2.7255, 249.5923, 101.8170, 8.7939, -1.7017, 0.589514, 0.807146, 0.031441, 0.006274, -0.807757, 0.588994, 0.024789, 0.007468, 0.001490, -0.040010, 0.999198, 0.121023, 0.000000, 0.000000, 0.000000, 1.000000, 0.001552, -0.040056, 0.999196, 0.190027, -0.589514, -0.807146, -0.031441, 0.002726, 0.807757, -0.588991, -0.024866, 0.249592, 0.000000, 0.000000, 0.000000, 1.000000, -0.074160, -0.041067, -0.996400, 0.101817, -0.996878, -0.024098, 0.075189, 0.008794, -0.027099, 0.998866, -0.039151, -0.001702, 0.000000, 0.000000, 0.000000, 1.000000
-9.9756, 6.2731, 7.4652, 121.0477, 190.0515, 2.7268, 249.5951, 101.8172, 8.7952, -1.7018, 0.589516, 0.807143, 0.031487, 0.006273, -0.807756, 0.588995, 0.024818, 0.007465, 0.001486, -0.040065, 0.999196, 0.121048, 0.000000, 0.000000, 0.000000, 1.000000, 0.001548, -0.040111, 0.999194, 0.190052, -0.589516, -0.807143, -0.031488, 0.002727, 0.807755, -0.588992, -0.024896, 0.249595, 0.000000, 0.000000, 0.000000, 1.000000, -0.074161, -0.041067, -0.996400, 0.101817, -0.996878, -0.024101, 0.075190, 0.008795, -0.027102, 0.998866, -0.039151, -0.001702, 0.000000, 0.000000, 0.000000, 1.000000
-9.9739, 6.2725, 7.4637, 121.0607, 190.0645, 2.7274, 249.5966, 101.8173, 8.7958, -1.7018, 0.589517, 0.807141, 0.031512, 0.006272, -0.807755, 0.588995, 0.024834, 0.007464, 0.001484, -0.040094, 0.999195, 0.121061, 0.000000, 0.000000, 0.000000, 1.000000, 0.001546, -0.040141, 0.999193, 0.190065, -0.589517, -0.807141, -0.031513, 0.002727, 0.807755, -0.588992, -0.024912, 0.249597, 0.000000, 0.000000, 0.000000, 1.000000, -0.074161, -0.041067, -0.996400, 0.101817, -0.996878, -0.024102, 0.075190, 0.008796, -0.027103, 0.998866, -0.039151, -0.001702, 0.000000, 0.000000, 0.000000, 1.000000
-9.9702, 6.2711, 7.4604, 121.0879, 190.0918, 2.7287, 249.5998, 101.8175, 8.7971, -1.7018, 0.589519, 0.807137, 0.031564, 0.006271, -0.807753, 0.588997, 0.024866, 0.007460, 0.001479, -0.040155, 0.999192, 0.121088, 0.000000, 0.000000, 0.000000, 1.000000, 0.001542, -0.040202, 0.999190, 0.190092, -0.589519, -0.807137, -0.031565, 0.002729, 0.807753, -0.588993, -0.024944, 0.249600, 0.000000, 0.000000, 0.000000, 1.000000, -0.074161, -0.041067, -0.996400, 0.101817, -0.996878, -0.024105, 0.075191, 0.008797, -0.027106, 0.998866, -0.039151, -0.001702, 0.000000, 0.000000, 0.000000, 1.000000
-9.9683, 6.2704, 7.4586, 121.1020, 190.1059, 2.7294, 249.6016, 101.8175, 8.7978, -1.7018, 0.589521, 0.807135, 0.031591, 0.006270, -0.807752, 0.588997, 0.024882, 0.007459, 0.001476, -0.040186, 0.999191, 0.121102, 0.000000, 0.000000, 0.000000, 1.000000, 0.001539, -0.040233, 0.999189, 0.190106, -0.589521, -0.807135, -0.031592, 0.002729, 0.807752, -0.588994, -0.024961, 0.249602, 0.000000, 0.000000, 0.000000, 1.000000, -0.074162, -0.041067, -0.996400, 0.101818, -0.996878, -0.024107, 0.075191, 0.008798, -0.027108, 0.998866, -0.039151, -0.001702, 0.000000, 0.000000, 0.000000, 1.000000
-9.9643, 6.2690, 7.4550, 121.1315, 190.1354, 2.7309, 249.6052, 101.8177, 8.7993, -1.7019, 0.589524, 0.807131, 0.031648, 0.006269, -0.807750, 0.588999, 0.024917, 0.007455, 0.001471, -0.040252, 0.999188, 0.121131, 0.000000, 0.000000, 0.000000, 1.000000, 0.001534, -0.040300, 0.999186, 0.190135, -0.589524, -0.807131, -0.031648, 0.002731, 0.807750, -0.588995, -0.024996, 0.249605, 0.000000, 0.000000, 0.000000, 1.000000, -0.074162, -0.041067, -0.996400, 0.101818, -0.996878, -0.024110, 0.075191, 0.008799, -0.027111, 0.998865, -0.039150, -0.001702, 0.000000, 0.000000, 0.000000, 1.000000
-9.9623, 6.2683, 7.4531, 121.1467, 190.1506, 2.7316, 249.6071, 101.8178, 8.8000, -1.7019, 0.589525, 0.807129, 0.031677, 0.006268, -0.807749, 0.588999, 0.024935, 0.007453, 0.001468, -0.040287, 0.999187, 0.121147, 0.000000, 0.000000, 0.000000, 1.000000, 0.001531, -0.040334, 0.999185, 0.190151, -0.589525, -0.807129, -0.031678, 0.002732, 0.807749, -0.588996, -0.025014, 0.249607, 0.000000, 0.000000, 0.000000, 1.000000, -0.074162, -0.041067, -0.996400, 0.101818, -0.996878, -0.024112, 0.075192, 0.008800, -0.027113, 0.998865, -0.039150, -0.001702, 0.000000, 0.000000, 0.000000, 1.000000
-9.9580, 6.2668, 7.4491, 121.1781, 190.1820, 2.7331, 249.6110, 101.8180, 8.8016, -1.7020, 0.589528, 0.807124, 0.031737, 0.006267, -0.807746, 0.589001, 0.024972, 0.007449, 0.001462, -0.040357, 0.999184, 0.121178, 0.000000, 0.000000, 0.000000, 1.000000, 0.001526, -0.040405, 0.999182, 0.190182, -0.589528, -0.807124, -0.031738, 0.002733, 0.807746, -0.588998, -0.025051, 0.249611, 0.000000, 0.000000, 0.000000, 1.000000, -0.074163, -0.041066, -0.996400, 0.101818, -0.996877, -0.024116, 0.075192, 0.008802, -0.027117, 0.998865, -0.039150, -0.001702, 0.000000, 0.000000, 0.000000, 1.000000
-9.9536, 6.2652, 7.4450, 121.2106, 190.2146, 2.7346, 249.6150, 101.8183, 8.8032, -1.7020, 0.589531, 0.807119, 0.031800, 0.006265, -0.807744, 0.589002, 0.025010, 0.007445, 0.001456, -0.040430, 0.999181, 0.121211, 0.000000, 0.000000, 0.000000, 1.000000, 0.001520, -0.040478, 0.999179, 0.190215, -0.589531, -0.807119, -0.031801, 0.002735, 0.807744, -0.588999, -0.025090, 0.249615, 0.000000, 0.000000, 0.000000, 1.000000, -0.074163, -0.041066, -0.996400, 0.101818, -0.996877, -0.024119, 0.075193, 0.008803, -0.027121, 0.998865, -0.039149, -0.001702, 0.000000, 0.000000, 0.000000, 1.000000
-9.9536, 6.2652, 7.4450, 121.2106, 190.2146, 2.7346, 249.6150, 101.8183, 8.8032, -1.7020, 0.589531, 0.807119, 0.031800, 0.006265, -0.807744, 0.589002, 0.025010, 0.007445, 0.001456, -0.040430, 0.999181, 0.121211, 0.000000, 0.000000, 0.000000, 1.000000, 0.001520, -0.040478, 0.999179, 0.190215, -0.589531, -0.807119, -0.031801, 0.002735, 0.807744, -0.588999, -0.025090, 0.249615, 0.000000, 0.000000, 0.000000, 1.000000, -0.074163, -0.041066, -0.996400, 0.101818, -0.996877, -0.024119, 0.075193, 0.008803, -0.027121, 0.998865, -0.039149, -0.001702, 0.000000, 0.000000, 0.000000, 1.000000
-9.9468, 6.2628, 7.4387, 121.2613, 190.2653, 2.7370, 249.6212, 101.8186, 8.8056, -1.7021, 0.589536, 0.807112, 0.031898, 0.006263, -0.807741, 0.589005, 0.025070, 0.007439, 0.001446, -0.040545, 0.999177, 0.121261, 0.000000, 0.000000, 0.000000, 1.000000, 0.001510, -0.040592, 0.999175, 0.190265, -0.589536, -0.807112, -0.031899, 0.002737, 0.807740, -0.589002, -0.025150, 0.249621, 0.000000, 0.000000, 0.000000, 1.000000, -0.074164, -0.041066, -0.996400, 0.101819, -0.996877, -0.024125, 0.075194, 0.008806, -0.027126, 0.998865, -0.039149, -0.001702, 0.000000, 0.000000, 0.000000, 1.000000
-9.9422, 6.2612, 7.4345, 121.2960, 190.3000, 2.7387, 249.6254, 101.8188, 8.8073, -1.7021, 0.589540, 0.807107, 0.031964, 0.006261, -0.807738, 0.589006, 0.025111, 0.007434, 0.001440, -0.040623, 0.999174, 0.121296, 0.000000, 0.000000, 0.000000, 1.000000, 0.001504, -0.040671, 0.999171, 0.190300, -0.589540, -0.807107, -0.031965, 0.002739, 0.807738, -0.589003, -0.025191, 0.249625, 0.000000, 0.000000, 0.000000, 1.000000, -0.074165, -0.041066, -0.996400, 0.101819, -0.996877, -0.024129, 0.075195, 0.008807, -0.027130, 0.998865, -0.039148, -0.001702, 0.000000, 0.000000, 0.000000, 1.000000
-9.9422, 6.2612, 7.4345, 121.2960, 190.3000, 2.7387, 249.6254, 101.8188, 8.8073, -1.7021, 0.589540, 0.807107, 0.031964, 0.006261, -0.807738, 0.589006, 0.025111, 0.007434, 0.001440, -0.040623, 0.999174, 0.121296, 0.000000, 0.000000, 0.000000, 1.000000, 0.001504, -0.040671, 0.999171, 0.190300, -0.589540, -0.807107, -0.031965, 0.002739, 0.807738, -0.589003, -0.025191, 0.249625, 0.000000, 0.000000, 0.000000, 1.000000, -0.074165, -0.041066, -0.996400, 0.101819, -0.996877, -0.024129, 0.075195, 0.008807, -0.027130, 0.998865, -0.039148, -0.001702, 0.000000, 0.000000, 0.000000, 1.000000
-9.9351, 6.2586, 7.4282, 121.3488, 190.3528, 2.7412, 249.6317, 101.8192, 8.8099, -1.7022, 0.589545, 0.807099, 0.032066, 0.006259, -0.807734, 0.589009, 0.025174, 0.007428, 0.001431, -0.040742, 0.999169, 0.121349, 0.000000, 0.000000, 0.000000, 1.000000, 0.001496, -0.040791, 0.999167, 0.190353, -0.589545, -0.807099, -0.032067, 0.002741, 0.807734, -0.589006, -0.025255, 0.249632, 0.000000, 0.000000, 0.000000, 1.000000, -0.074166, -0.041066, -0.996400, 0.101819, -0.996877, -0.024135, 0.075196, 0.008810, -0.027137, 0.998865, -0.039148, -0.001702, 0.000000, 0.000000, 0.000000, 1.000000
-9.9303, 6.2569, 7.4240, 121.3844, 190.3884, 2.7429, 249.6358, 101.8194, 8.8117, -1.7023, 0.589548, 0.807094, 0.032135, 0.006257, -0.807732, 0.589010, 0.025217, 0.007424, 0.001425, -0.040823, 0.999165, 0.121384, 0.000000, 0.000000, 0.000000, 1.000000, 0.001490, -0.040871, 0.999163, 0.190388, -0.589548, -0.807094, -0.032136, 0.002743, 0.807732, -0.589007, -0.025298, 0.249636, 0.000000, 0.000000, 0.000000, 1.000000, -0.074166, -0.041066, -0.996400, 0.101819, -0.996876, -0.024140, 0.075197, 0.008812, -0.027141, 0.998865, -0.039147, -0.001702, 0.000000, 0.000000, 0.000000, 1.000000
-9.9280, 6.2561, 7.4220, 121.4023, 190.4063, 2.7438, 249.6378, 101.8195, 8.8125, -1.7023, 0.589550, 0.807091, 0.032169, 0.006256, -0.807731, 0.589011, 0.025239, 0.007422, 0.001422, -0.040864, 0.999164, 0.121402, 0.000000, 0.000000, 0.000000, 1.000000, 0.001487, -0.040912, 0.999162, 0.190406, -0.589550, -0.807091, -0.032170, 0.002744, 0.807731, -0.589008, -0.025320, 0.249638, 0.000000, 0.000000, 0.000000, 1.000000, -0.074167, -0.041066, -0.996400, 0.101820, -0.996876, -0.024142, 0.075197, 0.008813, -0.027143, 0.998865, -0.039147, -0.001702, 0.000000, 0.000000, 0.000000, 1.000000
-9.9256, 6.2552, 7.4199, 121.4202, 190.4242, 2.7447, 249.6399, 101.8196, 8.8134, -1.7023, 0.589552, 0.807089, 0.032204, 0.006255, -0.807729, 0.589012, 0.025261, 0.007420, 0.001420, -0.040904, 0.999162, 0.121420, 0.000000, 0.000000, 0.000000, 1.000000, 0.001485, -0.040953, 0.999160, 0.190424, -0.589552, -0.807088, -0.032204, 0.002745, 0.807729, -0.589009, -0.025342, 0.249640, 0.000000, 0.000000, 0.000000, 1.000000, -0.074167, -0.041066, -0.996400, 0.101820, -0.996876, -0.024144, 0.075197, 0.008813, -0.027145, 0.998865, -0.039147, -0.001702, 0.000000, 0.000000, 0.000000, 1.000000
-9.9208, 6.2535, 7.4159, 121.4561, 190.4601, 2.7464, 249.6438, 101.8199, 8.8152, -1.7024, 0.589555, 0.807083, 0.032272, 0.006253, -0.807727, 0.589013, 0.025305, 0.007416, 0.001414, -0.040986, 0.999159, 0.121456, 0.000000, 0.000000, 0.000000, 1.000000, 0.001480, -0.041035, 0.999157, 0.190460, -0.589555, -0.807083, -0.032273, 0.002746, 0.807727, -0.589010, -0.025386, 0.249644, 0.000000, 0.000000, 0.000000, 1.000000, -0.074167, -0.041066, -0.996400, 0.101820, -0.996876, -0.024148, 0.075198, 0.008815, -0.027149, 0.998865, -0.039146, -0.001702, 0.000000, 0.000000, 0.000000, 1.000000
-9.9160, 6.2517, 7.4121, 121.4920, 190.4961, 2.7482, 249.6476, 101.8201, 8.8169, -1.7024, 0.589558, 0.807078, 0.032341, 0.006252, -0.807725, 0.589014, 0.025350, 0.007412, 0.001410, -0.041068, 0.999155, 0.121492, 0.000000, 0.000000, 0.000000, 1.000000, 0.001475, -0.041117, 0.999153, 0.190496, -0.589558, -0.807078, -0.032342, 0.002748, 0.807725, -0.589011, -0.025431, 0.249648, 0.000000, 0.000000, 0.000000, 1.000000, -0.074168, -0.041066, -0.996400, 0.101820, -0.996876, -0.024152, 0.075199, 0.008817, -0.027153, 0.998865, -0.039146, -0.001702, 0.000000, 0.000000, 0.000000, 1.000000
-9.9113, 6.2499, 7.4083, 121.5279, 190.5319, 2.7499, 249.6514, 101.8204, 8.8186, -1.7025, 0.589561, 0.807073, 0.032410, 0.006250, -0.807723, 0.589016, 0.025395, 0.007408, 0.001405, -0.041150, 0.999152, 0.121528, 0.000000, 0.000000, 0.000000, 1.000000, 0.001471, -0.041199, 0.999150, 0.190532, -0.589561, -0.807073, -0.032411, 0.002750, 0.807722, -0.589012, -0.025476, 0.249651, 0.000000, 0.000000, 0.000000, 1.000000, -0.074169, -0.041066, -0.996400, 0.101820, -0.996876, -0.024156, 0.075200, 0.008819, -0.027157, 0.998864, -0.039146, -0.001703, 0.000000, 0.000000, 0.000000, 1.000000
-9.9089, 6.2490, 7.4065, 121.5458, 190.5498, 2.7508, 249.6532, 101.8205, 8.8195, -1.7025, 0.589563, 0.807071, 0.032444, 0.006249, -0.807721, 0.589016, 0.025417, 0.007407, 0.001403, -0.041191, 0.999150, 0.121546, 0.000000, 0.000000, 0.000000, 1.000000, 0.001469, -0.041240, 0.999148, 0.190550, -0.589563, -0.807071, -0.032445, 0.002751, 0.807721, -0.589013, -0.025499, 0.249653, 0.000000, 0.000000, 0.000000, 1.000000, -0.074169, -0.041066, -0.996400, 0.101820, -0.996876, -0.024158, 0.075200, 0.008820, -0.027159, 0.998864, -0.039146, -0.001703, 0.000000, 0.000000, 0.000000, 1.000000
-9.9042, 6.2473, 7.4030, 121.5814, 190.5855, 2.7526, 249.6567, 101.8207, 8.8212, -1.7026, 0.589566, 0.807066, 0.032512, 0.006247, -0.807719, 0.589017, 0.025463, 0.007403, 0.001400, -0.041272, 0.999147, 0.121581, 0.000000, 0.000000, 0.000000, 1.000000, 0.001465, -0.041321, 0.999145, 0.190585, -0.589566, -0.807066, -0.032513, 0.002753, 0.807719, -0.589014, -0.025544, 0.249657, 0.000000, 0.000000, 0.000000, 1.000000, -0.074169, -0.041066, -0.996400, 0.101821, -0.996876, -0.024162, 0.075201, 0.008821, -0.027163, 0.998864, -0.039145, -0.001703, 0.000000, 0.000000, 0.000000, 1.000000
-9.9019, 6.2464, 7.4013, 121.5992, 190.6032, 2.7535, 249.6583, 101.8209, 8.8221, -1.7026, 0.589567, 0.807063, 0.032546, 0.006246, -0.807718, 0.589018, 0.025485, 0.007401, 0.001398, -0.041313, 0.999145, 0.121599, 0.000000, 0.000000, 0.000000, 1.000000, 0.001464, -0.041362, 0.999143, 0.190603, -0.589567, -0.807063, -0.032547, 0.002753, 0.807718, -0.589014, -0.025567, 0.249658, 0.000000, 0.000000, 0.000000, 1.000000, -0.074170, -0.041066, -0.996400, 0.101821, -0.996876, -0.024164, 0.075201, 0.008822, -0.027165, 0.998864, -0.039145, -0.001703, 0.000000, 0.000000, 0.000000, 1.000000
-9.8972, 6.2446, 7.3980, 121.6345, 190.6385, 2.7553, 249.6616, 101.8211, 8.8238, -1.7027, 0.589570, 0.807059, 0.032613, 0.006245, -0.807716, 0.589018, 0.025531, 0.007398, 0.001395, -0.041394, 0.999142, 0.121634, 0.000000, 0.000000, 0.000000, 1.000000, 0.001461, -0.041443, 0.999140, 0.190639, -0.589570, -0.807059, -0.032614, 0.002755, 0.807716, -0.589015, -0.025613, 0.249662, 0.000000, 0.000000, 0.000000, 1.000000, -0.074170, -0.041065, -0.996400, 0.101821, -0.996875, -0.024168, 0.075202, 0.008824, -0.027169, 0.998864, -0.039145, -0.001703, 0.000000, 0.000000, 0.000000, 1.000000
-9.8972, 6.2446, 7.3980, 121.6345, 190.6385, 2.7553, 249.6616, 101.8211, 8.8238, -1.7027, 0.589570, 0.807059, 0.032613, 0.006245, -0.807716, 0.589018, 0.025531, 0.007398, 0.001395, -0.041394, 0.999142, 0.121634, 0.000000, 0.000000, 0.000000, 1.000000, 0.001461, -0.041443, 0.999140, 0.190639, -0.589570, -0.807059, -0.032614, 0.002755, 0.807716, -0.589015, -0.025613, 0.249662, 0.000000, 0.000000, 0.000000, 1.000000, -0.074170, -0.041065, -0.996400, 0.101821, -0.996875, -0.024168, 0.075202, 0.008824, -0.027169, 0.998864, -0.039145, -0.001703, 0.000000, 0.000000, 0.000000, 1.000000
-9.8904, 6.2419, 7.3934, 121.6869, 190.6909, 2.7580, 249.6662, 101.8215, 8.8263, -1.7028, 0.589574, 0.807052, 0.032712, 0.006242, -0.807713, 0.589019, 0.025599, 0.007393, 0.001392, -0.041514, 0.999137, 0.121687, 0.000000, 0.000000, 0.000000, 1.000000, 0.001457, -0.041563, 0.999135, 0.190691, -0.589574, -0.807052, -0.032713, 0.002758, 0.807713, -0.589016, -0.025681, 0.249666, 0.000000, 0.000000, 0.000000, 1.000000, -0.074171, -0.041065, -0.996400, 0.101821, -0.996875, -0.024174, 0.075203, 0.008826, -0.027175, 0.998864, -0.039144, -0.001703, 0.000000, 0.000000, 0.000000, 1.000000
-9.8881, 6.2410, 7.3919, 121.7042, 190.7082, 2.7589, 249.6677, 101.8216, 8.8271, -1.7028, 0.589575, 0.807050, 0.032745, 0.006241, -0.807712, 0.589020, 0.025622, 0.007392, 0.001391, -0.041554, 0.999135, 0.121704, 0.000000, 0.000000, 0.000000, 1.000000, 0.001457, -0.041603, 0.999133, 0.190708, -0.589575, -0.807050, -0.032745, 0.002759, 0.807712, -0.589016, -0.025704, 0.249668, 0.000000, 0.000000, 0.000000, 1.000000, -0.074171, -0.041065, -0.996400, 0.101822, -0.996875, -0.024176, 0.075203, 0.008827, -0.027177, 0.998864, -0.039144, -0.001703, 0.000000, 0.000000, 0.000000, 1.000000
-9.8836, 6.2392, 7.3891, 121.7385, 190.7426, 2.7607, 249.6705, 101.8219, 8.8288, -1.7029, 0.589577, 0.807045, 0.032809, 0.006239, -0.807711, 0.589020, 0.025667, 0.007389, 0.001389, -0.041633, 0.999132, 0.121738, 0.000000, 0.000000, 0.000000, 1.000000, 0.001455, -0.041682, 0.999130, 0.190743, -0.589577, -0.807045, -0.032810, 0.002761, 0.807711, -0.589017, -0.025749, 0.249670, 0.000000, 0.000000, 0.000000, 1.000000, -0.074172, -0.041065, -0.996400, 0.101822, -0.996875, -0.024180, 0.075204, 0.008829, -0.027181, 0.998864, -0.039144, -0.001703, 0.000000, 0.000000, 0.000000, 1.000000
-9.8814, 6.2383, 7.3878, 121.7555, 190.7596, 2.7616, 249.6718, 101.8220, 8.8296, -1.7029, 0.589578, 0.807043, 0.032841, 0.006238, -0.807710, 0.589020, 0.025690, 0.007388, 0.001389, -0.041672, 0.999130, 0.121756, 0.000000, 0.000000, 0.000000, 1.000000, 0.001454, -0.041721, 0.999128, 0.190760, -0.589578, -0.807043, -0.032842, 0.002762, 0.807710, -0.589017, -0.025772, 0.249672, 0.000000, 0.000000, 0.000000, 1.000000, -0.074172, -0.041065, -0.996400, 0.101822, -0.996875, -0.024182, 0.075204, 0.008830, -0.027183, 0.998864, -0.039144, -0.001703, 0.000000, 0.000000, 0.000000, 1.000000
-9.8727, 6.2347, 7.3827, 121.8226, 190.8266, 2.7652, 249.6769, 101.8225, 8.8328, -1.7030, 0.589583, 0.807035, 0.032967, 0.006235, -0.807707, 0.589020, 0.025780, 0.007383, 0.001387, -0.041827, 0.999124, 0.121823, 0.000000, 0.000000, 0.000000, 1.000000, 0.001453, -0.041876, 0.999122, 0.190827, -0.589583, -0.807035, -0.032968, 0.002765, 0.807707, -0.589017, -0.025862, 0.249677, 0.000000, 0.000000, 0.000000, 1.000000, -0.074173, -0.041066, -0.996400, 0.101822, -0.996875, -0.024190, 0.075205, 0.008833, -0.027191, 0.998864, -0.039143, -0.001703, 0.000000, 0.000000, 0.000000, 1.000000
-9.8706, 6.2338, 7.3815, 121.8390, 190.8431, 2.7660, 249.6780, 101.8226, 8.8335, -1.7031, 0.589584, 0.807033, 0.032997, 0.006234, -0.807706, 0.589020, 0.025802, 0.007382, 0.001387, -0.041865, 0.999122, 0.121839, 0.000000, 0.000000, 0.000000, 1.000000, 0.001453, -0.041914, 0.999120, 0.190843, -0.589584, -0.807033, -0.032998, 0.002766, 0.807706, -0.589017, -0.025884, 0.249678, 0.000000, 0.000000, 0.000000, 1.000000, -0.074173, -0.041066, -0.996399, 0.101823, -0.996875, -0.024191, 0.075206, 0.008834, -0.027193, 0.998864, -0.039143, -0.001703, 0.000000, 0.000000, 0.000000, 1.000000
-9.8664, 6.2320, 7.3793, 121.8714, 190.8754, 2.7678, 249.6803, 101.8228, 8.8351, -1.7031, 0.589586, 0.807029, 0.033058, 0.006232, -0.807705, 0.589020, 0.025846, 0.007379, 0.001387, -0.041939, 0.999119, 0.121871, 0.000000, 0.000000, 0.000000, 1.000000, 0.001453, -0.041988, 0.999117, 0.190875, -0.589586, -0.807029, -0.033059, 0.002768, 0.807705, -0.589017, -0.025928, 0.249680, 0.000000, 0.000000, 0.000000, 1.000000, -0.074174, -0.041066, -0.996399, 0.101823, -0.996874, -0.024195, 0.075206, 0.008835, -0.027196, 0.998863, -0.039143, -0.001703, 0.000000, 0.000000, 0.000000, 1.000000
-9.8643, 6.2312, 7.3783, 121.8873, 190.8914, 2.7687, 249.6813, 101.8229, 8.8358, -1.7032, 0.589586, 0.807027, 0.033087, 0.006231, -0.807704, 0.589020, 0.025868, 0.007378, 0.001387, -0.041976, 0.999118, 0.121887, 0.000000, 0.000000, 0.000000, 1.000000, 0.001453, -0.042025, 0.999115, 0.190891, -0.589586, -0.807027, -0.033088, 0.002769, 0.807704, -0.589017, -0.025950, 0.249681, 0.000000, 0.000000, 0.000000, 1.000000, -0.074174, -0.041066, -0.996399, 0.101823, -0.996874, -0.024197, 0.075207, 0.008836, -0.027198, 0.998863, -0.039143, -0.001703, 0.000000, 0.000000, 0.000000, 1.000000
-9.8602, 6.2294, 7.3762, 121.9189, 190.9230, 2.7704, 249.6834, 101.8232, 8.8373, -1.7032, 0.589588, 0.807024, 0.033146, 0.006229, -0.807703, 0.589020, 0.025912, 0.007376, 0.001388, -0.042049, 0.999115, 0.121919, 0.000000, 0.000000, 0.000000, 1.000000, 0.001453, -0.042098, 0.999112, 0.190923, -0.589588, -0.807024, -0.033147, 0.002770, 0.807703, -0.589017, -0.025994, 0.249683, 0.000000, 0.000000, 0.000000, 1.000000, -0.074175, -0.041066, -0.996399, 0.101823, -0.996874, -0.024200, 0.075207, 0.008837, -0.027202, 0.998863, -0.039142, -0.001703, 0.000000, 0.000000, 0.000000, 1.000000
-9.8562, 6.2277, 7.3743, 121.9499, 190.9540, 2.7721, 249.6853, 101.8234, 8.8388, -1.7033, 0.589590, 0.807020, 0.033203, 0.006228, -0.807702, 0.589020, 0.025954, 0.007374, 0.001388, -0.042121, 0.999112, 0.121950, 0.000000, 0.000000, 0.000000, 1.000000, 0.001454, -0.042170, 0.999109, 0.190954, -0.589590, -0.807020, -0.033204, 0.002772, 0.807702, -0.589016, -0.026036, 0.249685, 0.000000, 0.000000, 0.000000, 1.000000, -0.074175, -0.041066, -0.996399, 0.101823, -0.996874, -0.024204, 0.075208, 0.008839, -0.027205, 0.998863, -0.039142, -0.001703, 0.000000, 0.000000, 0.000000, 1.000000
-9.8542, 6.2268, 7.3734, 121.9652, 190.9693, 2.7730, 249.6862, 101.8235, 8.8395, -1.7033, 0.589590, 0.807019, 0.033232, 0.006227, -0.807701, 0.589019, 0.025976, 0.007373, 0.001389, -0.042156, 0.999110, 0.121965, 0.000000, 0.000000, 0.000000, 1.000000, 0.001455, -0.042205, 0.999108, 0.190969, -0.589590, -0.807019, -0.033232, 0.002773, 0.807701, -0.589016, -0.026058, 0.249686, 0.000000, 0.000000, 0.000000, 1.000000, -0.074175, -0.041066, -0.996399, 0.101824, -0.996874, -0.024206, 0.075208, 0.008840, -0.027207, 0.998863, -0.039142, -0.001703, 0.000000, 0.000000, 0.000000, 1.000000
-9.8503, 6.2251, 7.3716, 121.9956, 190.9996, 2.7747, 249.6880, 101.8238, 8.8409, -1.7034, 0.589592, 0.807015, 0.033288, 0.006225, -0.807700, 0.589019, 0.026018, 0.007372, 0.001390, -0.042226, 0.999107, 0.121996, 0.000000, 0.000000, 0.000000, 1.000000, 0.001456, -0.042275, 0.999105, 0.191000, -0.589592, -0.807015, -0.033288, 0.002775, 0.807700, -0.589015, -0.026100, 0.249688, 0.000000, 0.000000, 0.000000, 1.000000, -0.074176, -0.041066, -0.996399, 0.101824, -0.996874, -0.024209, 0.075209, 0.008841, -0.027210, 0.998863, -0.039142, -0.001703, 0.000000, 0.000000, 0.000000, 1.000000
-9.8503, 6.2251, 7.3716, 121.9956, 190.9996, 2.7747, 249.6880, 101.8238, 8.8409, -1.7034, 0.589592, 0.807015, 0.033288, 0.006225, -0.807700, 0.589019, 0.026018, 0.007372, 0.001390, -0.042226, 0.999107, 0.121996, 0.000000, 0.000000, 0.000000, 1.000000, 0.001456, -0.042275, 0.999105, 0.191000, -0.589592, -0.807015, -0.033288, 0.002775, 0.807700, -0.589015, -0.026100, 0.249688, 0.000000, 0.000000, 0.000000, 1.000000, -0.074176, -0.041066, -0.996399, 0.101824, -0.996874, -0.024209, 0.075209, 0.008841, -0.027210, 0.998863, -0.039142, -0.001703, 0.000000, 0.000000, 0.000000, 1.000000
-9.8445, 6.2226, 7.3691, 122.0403, 191.0444, 2.7772, 249.6905, 101.8241, 8.8430, -1.7035, 0.589593, 0.807011, 0.033370, 0.006223, -0.807699, 0.589018, 0.026080, 0.007369, 0.001392, -0.042330, 0.999103, 0.122040, 0.000000, 0.000000, 0.000000, 1.000000, 0.001457, -0.042379, 0.999101, 0.191044, -0.589593, -0.807010, -0.033371, 0.002777, 0.807699, -0.589015, -0.026162, 0.249690, 0.000000, 0.000000, 0.000000, 1.000000, -0.074176, -0.041066, -0.996399, 0.101824, -0.996874, -0.024214, 0.075209, 0.008843, -0.027215, 0.998863, -0.039142, -0.001704, 0.000000, 0.000000, 0.000000, 1.000000
-9.8426, 6.2218, 7.3683, 122.0550, 191.0591, 2.7781, 249.6913, 101.8242, 8.8437, -1.7035, 0.589594, 0.807009, 0.033397, 0.006222, -0.807699, 0.589018, 0.026101, 0.007368, 0.001392, -0.042364, 0.999101, 0.122055, 0.000000, 0.000000, 0.000000, 1.000000, 0.001458, -0.042413, 0.999099, 0.191059, -0.589594, -0.807009, -0.033398, 0.002778, 0.807698, -0.589014, -0.026183, 0.249691, 0.000000, 0.000000, 0.000000, 1.000000, -0.074176, -0.041066, -0.996399, 0.101824, -0.996874, -0.024216, 0.075210, 0.008844, -0.027217, 0.998863, -0.039141, -0.001704, 0.000000, 0.000000, 0.000000, 1.000000
-9.8389, 6.2201, 7.3668, 122.0843, 191.0884, 2.7798, 249.6929, 101.8245, 8.8451, -1.7036, 0.589595, 0.807006, 0.033451, 0.006220, -0.807698, 0.589017, 0.026142, 0.007367, 0.001394, -0.042431, 0.999098, 0.122084, 0.000000, 0.000000, 0.000000, 1.000000, 0.001459, -0.042480, 0.999096, 0.191088, -0.589595, -0.807006, -0.033451, 0.002780, 0.807698, -0.589013, -0.026224, 0.249693, 0.000000, 0.000000, 0.000000, 1.000000, -0.074177, -0.041066, -0.996399, 0.101824, -0.996874, -0.024219, 0.075210, 0.008845, -0.027220, 0.998863, -0.039141, -0.001704, 0.000000, 0.000000, 0.000000, 1.000000
-9.8351, 6.2184, 7.3653, 122.1133, 191.1174, 2.7814, 249.6944, 101.8247, 8.8465, -1.7037, 0.589596, 0.807003, 0.033504, 0.006218, -0.807697, 0.589016, 0.026183, 0.007365, 0.001396, -0.042498, 0.999096, 0.122113, 0.000000, 0.000000, 0.000000, 1.000000, 0.001461, -0.042547, 0.999093, 0.191117, -0.589596, -0.807003, -0.033504, 0.002781, 0.807697, -0.589013, -0.026264, 0.249694, 0.000000, 0.000000, 0.000000, 1.000000, -0.074177, -0.041066, -0.996399, 0.101825, -0.996873, -0.024222, 0.075211, 0.008846, -0.027223, 0.998863, -0.039141, -0.001704, 0.000000, 0.000000, 0.000000, 1.000000
-9.8333, 6.2176, 7.3645, 122.1277, 191.1318, 2.7823, 249.6951, 101.8248, 8.8471, -1.7037, 0.589597, 0.807002, 0.033530, 0.006218, -0.807697, 0.589016, 0.026203, 0.007365, 0.001396, -0.042531, 0.999094, 0.122128, 0.000000, 0.000000, 0.000000, 1.000000, 0.001462, -0.042580, 0.999092, 0.191132, -0.589597, -0.807002, -0.033531, 0.002782, 0.807697, -0.589012, -0.026285, 0.249695, 0.000000, 0.000000, 0.000000, 1.000000, -0.074177, -0.041066, -0.996399, 0.101825, -0.996873, -0.024224, 0.075211, 0.008847, -0.027225, 0.998863, -0.039141, -0.001704, 0.000000, 0.000000, 0.000000, 1.000000
-9.8296, 6.2159, 7.3630, 122.1564, 191.1605, 2.7839, 249.6966, 101.8250, 8.8485, -1.7038, 0.589598, 0.806999, 0.033582, 0.006216, -0.807696, 0.589015, 0.026243, 0.007363, 0.001398, -0.042597, 0.999091, 0.122156, 0.000000, 0.000000, 0.000000, 1.000000, 0.001463, -0.042646, 0.999089, 0.191160, -0.589598, -0.806999, -0.033583, 0.002784, 0.807696, -0.589011, -0.026325, 0.249697, 0.000000, 0.000000, 0.000000, 1.000000, -0.074178, -0.041066, -0.996399, 0.101825, -0.996873, -0.024227, 0.075212, 0.008848, -0.027228, 0.998863, -0.039141, -0.001704, 0.000000, 0.000000, 0.000000, 1.000000
