# Joint_B_Angle(deg), Cam_X(mm), Cam_Y(mm), Cam_Z(mm), Torso_X(mm), Torso_Y(mm), Torso_Z(mm), EE_X(mm), EE_Y(mm), EE_Z(mm), T_cam2marker_flat(16), T_torso2marker_flat(16), T_ee2marker_flat(16)
-20.0000, 51.3096, 109.3410, 401.1137, 470.1068, -42.3099, 147.6737, 0.1434, 72.1747, -59.5062, -0.360321, -0.928452, -0.090260, 0.051310, 0.932728, -0.357174, -0.049438, 0.109341, 0.013662, -0.102001, 0.994690, 0.401114, 0.000000, 0.000000, 0.000000, 1.000000, 0.013540, -0.101954, 0.994697, 0.470107, 0.360321, 0.928452, 0.090259, -0.042310, -0.932730, 0.357188, 0.049307, 0.147674, 0.000000, 0.000000, 0.000000, 1.000000, 0.997705, -0.016030, 0.065779, 0.000143, 0.064295, -0.080050, -0.994715, 0.072175, 0.021211, 0.996662, -0.078835, -0.059506, 0.000000, 0.000000, 0.000000, 1.000000
-20.0000, 51.3096, 109.3407, 401.1137, 470.1068, -42.3099, 147.6739, 0.1434, 72.1747, -59.5062, -0.360321, -0.928452, -0.090259, 0.051310, 0.932728, -0.357174, -0.049438, 0.109341, 0.013663, -0.102001, 0.994690, 0.401114, 0.000000, 0.000000, 0.000000, 1.000000, 0.013540, -0.101954, 0.994697, 0.470107, 0.360321, 0.928452, 0.090259, -0.042310, -0.932730, 0.357188, 0.049308, 0.147674, 0.000000, 0.000000, 0.000000, 1.000000, 0.997705, -0.016030, 0.065779, 0.000143, 0.064295, -0.080050, -0.994715, 0.072175, 0.021211, 0.996662, -0.078835, -0.059506, 0.000000, 0.000000, 0.000000, 1.000000
-20.0001, 51.3095, 109.3446, 401.1142, 470.1073, -42.3098, 147.6698, 0.1434, 72.1747, -59.5062, -0.360322, -0.928451, -0.090260, 0.051309, 0.932728, -0.357177, -0.049430, 0.109345, 0.013654, -0.101999, 0.994691, 0.401114, 0.000000, 0.000000, 0.000000, 1.000000, 0.013532, -0.101951, 0.994697, 0.470107, 0.360322, 0.928451, 0.090259, -0.042310, -0.932730, 0.357190, 0.049299, 0.147670, 0.000000, 0.000000, 0.000000, 1.000000, 0.997705, -0.016030, 0.065779, 0.000143, 0.064295, -0.080050, -0.994715, 0.072175, 0.021211, 0.996662, -0.078835, -0.059506, 0.000000, 0.000000, 0.000000, 1.000000
-20.0001, 51.3093, 109.3522, 401.1152, 470.1083, -42.3096, 147.6620, 0.1434, 72.1747, -59.5062, -0.360326, -0.928450, -0.090261, 0.051309, 0.932727, -0.357182, -0.049414, 0.109352, 0.013639, -0.101994, 0.994692, 0.401115, 0.000000, 0.000000, 0.000000, 1.000000, 0.013516, -0.101946, 0.994698, 0.470108, 0.360326, 0.928450, 0.090260, -0.042310, -0.932729, 0.357195, 0.049282, 0.147662, 0.000000, 0.000000, 0.000000, 1.000000, 0.997705, -0.016030, 0.065779, 0.000143, 0.064295, -0.080050, -0.994715, 0.072175, 0.021211, 0.996662, -0.078835, -0.059506, 0.000000, 0.000000, 0.000000, 1.000000
-20.0001, 51.3092, 109.3554, 401.1156, 470.1087, -42.3095, 147.6587, 0.1434, 72.1747, -59.5062, -0.360327, -0.928449, -0.090261, 0.051309, 0.932726, -0.357184, -0.049407, 0.109355, 0.013632, -0.101992, 0.994692, 0.401116, 0.000000, 0.000000, 0.000000, 1.000000, 0.013509, -0.101944, 0.994698, 0.470109, 0.360327, 0.928449, 0.090260, -0.042309, -0.932728, 0.357197, 0.049275, 0.147659, 0.000000, 0.000000, 0.000000, 1.000000, 0.997705, -0.016030, 0.065779, 0.000143, 0.064295, -0.080049, -0.994715, 0.072175, 0.021211, 0.996662, -0.078835, -0.059506, 0.000000, 0.000000, 0.000000, 1.000000
-20.0002, 51.3090, 109.3607, 401.1163, 470.1093, -42.3093, 147.6531, 0.1434, 72.1747, -59.5061, -0.360329, -0.928448, -0.090262, 0.051309, 0.932726, -0.357187, -0.049396, 0.109361, 0.013621, -0.101988, 0.994692, 0.401116, 0.000000, 0.000000, 0.000000, 1.000000, 0.013497, -0.101940, 0.994699, 0.470109, 0.360329, 0.928448, 0.090261, -0.042309, -0.932728, 0.357201, 0.049263, 0.147653, 0.000000, 0.000000, 0.000000, 1.000000, 0.997705, -0.016030, 0.065779, 0.000143, 0.064295, -0.080049, -0.994715, 0.072175, 0.021211, 0.996662, -0.078835, -0.059506, 0.000000, 0.000000, 0.000000, 1.000000
-20.0002, 51.3090, 109.3644, 401.1168, 470.1098, -42.3093, 147.6492, 0.1434, 72.1747, -59.5061, -0.360331, -0.928447, -0.090262, 0.051309, 0.932725, -0.357189, -0.049387, 0.109364, 0.013613, -0.101985, 0.994693, 0.401117, 0.000000, 0.000000, 0.000000, 1.000000, 0.013489, -0.101937, 0.994699, 0.470110, 0.360331, 0.928448, 0.090261, -0.042309, -0.932727, 0.357203, 0.049255, 0.147649, 0.000000, 0.000000, 0.000000, 1.000000, 0.997705, -0.016030, 0.065779, 0.000143, 0.064295, -0.080049, -0.994715, 0.072175, 0.021211, 0.996662, -0.078835, -0.059506, 0.000000, 0.000000, 0.000000, 1.000000
-20.0001, 51.3090, 109.3656, 401.1169, 470.1099, -42.3093, 147.6479, 0.1434, 72.1746, -59.5061, -0.360331, -0.928448, -0.090262, 0.051309, 0.932725, -0.357190, -0.049384, 0.109366, 0.013610, -0.101984, 0.994693, 0.401117, 0.000000, 0.000000, 0.000000, 1.000000, 0.013486, -0.101936, 0.994700, 0.470110, 0.360331, 0.928448, 0.090261, -0.042309, -0.932727, 0.357203, 0.049251, 0.147648, 0.000000, 0.000000, 0.000000, 1.000000, 0.997705, -0.016030, 0.065779, 0.000143, 0.064295, -0.080049, -0.994715, 0.072175, 0.021211, 0.996662, -0.078835, -0.059506, 0.000000, 0.000000, 0.000000, 1.000000
-19.9999, 51.3091, 109.3668, 401.1170, 470.1099, -42.3094, 147.6465, 0.1435, 72.1746, -59.5061, -0.360329, -0.928448, -0.090261, 0.051309, 0.932726, -0.357188, -0.049380, 0.109367, 0.013607, -0.101982, 0.994693, 0.401117, 0.000000, 0.000000, 0.000000, 1.000000, 0.013482, -0.101933, 0.994700, 0.470110, 0.360329, 0.928448, 0.090260, -0.042309, -0.932728, 0.357202, 0.049246, 0.147646, 0.000000, 0.000000, 0.000000, 1.000000, 0.997705, -0.016030, 0.065779, 0.000143, 0.064295, -0.080049, -0.994715, 0.072175, 0.021211, 0.996662, -0.078835, -0.059506, 0.000000, 0.000000, 0.000000, 1.000000
-19.9998, 51.3093, 109.3667, 401.1169, 470.1098, -42.3096, 147.6465, 0.1435, 72.1746, -59.5061, -0.360327, -0.928449, -0.090260, 0.051309, 0.932727, -0.357186, -0.049378, 0.109367, 0.013606, -0.101981, 0.994693, 0.401117, 0.000000, 0.000000, 0.000000, 1.000000, 0.013480, -0.101932, 0.994700, 0.470110, 0.360327, 0.928449, 0.090260, -0.042310, -0.932729, 0.357200, 0.049245, 0.147646, 0.000000, 0.000000, 0.000000, 1.000000, 0.997705, -0.016030, 0.065779, 0.000144, 0.064295, -0.080049, -0.994715, 0.072175, 0.021211, 0.996662, -0.078835, -0.059506, 0.000000, 0.000000, 0.000000, 1.000000
-19.9998, 51.3093, 109.3667, 401.1169, 470.1098, -42.3096, 147.6465, 0.1435, 72.1746, -59.5061, -0.360327, -0.928449, -0.090260, 0.051309, 0.932727, -0.357186, -0.049378, 0.109367, 0.013606, -0.101981, 0.994693, 0.401117, 0.000000, 0.000000, 0.000000, 1.000000, 0.013480, -0.101932, 0.994700, 0.470110, 0.360327, 0.928449, 0.090260, -0.042310, -0.932729, 0.357200, 0.049245, 0.147646, 0.000000, 0.000000, 0.000000, 1.000000, 0.997705, -0.016030, 0.065779, 0.000144, 0.064295, -0.080049, -0.994715, 0.072175, 0.021211, 0.996662, -0.078835, -0.059506, 0.000000, 0.000000, 0.000000, 1.000000
-19.9986, 51.3104, 109.3617, 401.1155, 470.1084, -42.3107, 147.6511, 0.1438, 72.1745, -59.5062, -0.360308, -0.928457, -0.090255, 0.051310, 0.932734, -0.357168, -0.049376, 0.109362, 0.013607, -0.101975, 0.994694, 0.401116, 0.000000, 0.000000, 0.000000, 1.000000, 0.013482, -0.101926, 0.994701, 0.470108, 0.360308, 0.928457, 0.090255, -0.042311, -0.932736, 0.357182, 0.049242, 0.147651, 0.000000, 0.000000, 0.000000, 1.000000, 0.997705, -0.016030, 0.065779, 0.000144, 0.064296, -0.080049, -0.994715, 0.072175, 0.021211, 0.996662, -0.078835, -0.059506, 0.000000, 0.000000, 0.000000, 1.000000
-19.9977, 51.3112, 109.3615, 401.1150, 470.1078, -42.3115, 147.6511, 0.1440, 72.1744, -59.5062, -0.360294, -0.928463, -0.090252, 0.051311, 0.932740, -0.357155, -0.049366, 0.109361, 0.013601, -0.101968, 0.994695, 0.401115, 0.000000, 0.000000, 0.000000, 1.000000, 0.013474, -0.101919, 0.994701, 0.470108, 0.360294, 0.928463, 0.090251, -0.042312, -0.932741, 0.357169, 0.049231, 0.147651, 0.000000, 0.000000, 0.000000, 1.000000, 0.997705, -0.016031, 0.065780, 0.000144, 0.064296, -0.080049, -0.994715, 0.072174, 0.021211, 0.996662, -0.078835, -0.059506, 0.000000, 0.000000, 0.000000, 1.000000
-19.9971, 51.3117, 109.3629, 401.1148, 470.1077, -42.3120, 147.6496, 0.1442, 72.1744, -59.5062, -0.360286, -0.928466, -0.090250, 0.051312, 0.932743, -0.357148, -0.049357, 0.109363, 0.013593, -0.101963, 0.994695, 0.401115, 0.000000, 0.000000, 0.000000, 1.000000, 0.013467, -0.101914, 0.994702, 0.470108, 0.360286, 0.928466, 0.090250, -0.042312, -0.932745, 0.357162, 0.049221, 0.147650, 0.000000, 0.000000, 0.000000, 1.000000, 0.997705, -0.016031, 0.065780, 0.000144, 0.064297, -0.080049, -0.994715, 0.072174, 0.021212, 0.996662, -0.078835, -0.059506, 0.000000, 0.000000, 0.000000, 1.000000
-19.9956, 51.3130, 109.3636, 401.1141, 470.1069, -42.3133, 147.6485, 0.1445, 72.1743, -59.5062, -0.360265, -0.928475, -0.090245, 0.051313, 0.932751, -0.357128, -0.049339, 0.109364, 0.013581, -0.101952, 0.994697, 0.401114, 0.000000, 0.000000, 0.000000, 1.000000, 0.013453, -0.101902, 0.994703, 0.470107, 0.360265, 0.928475, 0.090245, -0.042313, -0.932753, 0.357142, 0.049203, 0.147649, 0.000000, 0.000000, 0.000000, 1.000000, 0.997705, -0.016031, 0.065781, 0.000145, 0.064297, -0.080049, -0.994715, 0.072174, 0.021212, 0.996662, -0.078834, -0.059506, 0.000000, 0.000000, 0.000000, 1.000000
-19.9947, 51.3138, 109.3629, 401.1135, 470.1063, -42.3141, 147.6491, 0.1447, 72.1742, -59.5063, -0.360251, -0.928480, -0.090242, 0.051314, 0.932757, -0.357116, -0.049330, 0.109363, 0.013575, -0.101946, 0.994697, 0.401114, 0.000000, 0.000000, 0.000000, 1.000000, 0.013448, -0.101896, 0.994704, 0.470106, 0.360251, 0.928480, 0.090242, -0.042314, -0.932758, 0.357130, 0.049194, 0.147649, 0.000000, 0.000000, 0.000000, 1.000000, 0.997705, -0.016031, 0.065781, 0.000145, 0.064298, -0.080049, -0.994715, 0.072174, 0.021212, 0.996662, -0.078834, -0.059506, 0.000000, 0.000000, 0.000000, 1.000000
-19.9925, 51.3157, 109.3593, 401.1119, 470.1046, -42.3160, 147.6525, 0.1453, 72.1740, -59.5063, -0.360218, -0.928494, -0.090235, 0.051316, 0.932769, -0.357085, -0.049315, 0.109359, 0.013567, -0.101932, 0.994699, 0.401112, 0.000000, 0.000000, 0.000000, 1.000000, 0.013439, -0.101883, 0.994706, 0.470105, 0.360218, 0.928494, 0.090234, -0.042316, -0.932771, 0.357099, 0.049178, 0.147652, 0.000000, 0.000000, 0.000000, 1.000000, 0.997705, -0.016031, 0.065782, 0.000145, 0.064299, -0.080048, -0.994715, 0.072174, 0.021212, 0.996662, -0.078834, -0.059506, 0.000000, 0.000000, 0.000000, 1.000000
-19.9912, 51.3169, 109.3563, 401.1108, 470.1035, -42.3172, 147.6553, 0.1456, 72.1739, -59.5064, -0.360199, -0.928502, -0.090230, 0.051317, 0.932777, -0.357066, -0.049307, 0.109356, 0.013564, -0.101925, 0.994700, 0.401111, 0.000000, 0.000000, 0.000000, 1.000000, 0.013435, -0.101875, 0.994706, 0.470104, 0.360199, 0.928502, 0.090230, -0.042317, -0.932779, 0.357080, 0.049170, 0.147655, 0.000000, 0.000000, 0.000000, 1.000000, 0.997705, -0.016031, 0.065783, 0.000146, 0.064299, -0.080048, -0.994715, 0.072174, 0.021212, 0.996662, -0.078834, -0.059506, 0.000000, 0.000000, 0.000000, 1.000000
-19.9883, 51.3196, 109.3482, 401.1081, 470.1008, -42.3199, 147.6631, 0.1463, 72.1737, -59.5064, -0.360154, -0.928520, -0.090220, 0.051320, 0.932794, -0.357022, -0.049293, 0.109348, 0.013559, -0.101910, 0.994701, 0.401108, 0.000000, 0.000000, 0.000000, 1.000000, 0.013430, -0.101860, 0.994708, 0.470101, 0.360154, 0.928520, 0.090219, -0.042320, -0.932796, 0.357036, 0.049155, 0.147663, 0.000000, 0.000000, 0.000000, 1.000000, 0.997705, -0.016031, 0.065784, 0.000146, 0.064301, -0.080048, -0.994715, 0.072174, 0.021212, 0.996662, -0.078834, -0.059506, 0.000000, 0.000000, 0.000000, 1.000000
-19.9866, 51.3212, 109.3430, 401.1065, 470.0992, -42.3215, 147.6682, 0.1467, 72.1736, -59.5065, -0.360128, -0.928531, -0.090214, 0.051321, 0.932804, -0.356997, -0.049286, 0.109343, 0.013557, -0.101901, 0.994702, 0.401106, 0.000000, 0.000000, 0.000000, 1.000000, 0.013428, -0.101851, 0.994709, 0.470099, 0.360128, 0.928531, 0.090213, -0.042321, -0.932806, 0.357011, 0.049148, 0.147668, 0.000000, 0.000000, 0.000000, 1.000000, 0.997705, -0.016031, 0.065785, 0.000147, 0.064302, -0.080048, -0.994715, 0.072174, 0.021213, 0.996662, -0.078833, -0.059506, 0.000000, 0.000000, 0.000000, 1.000000
-19.9807, 51.3267, 109.3230, 401.1006, 470.0933, -42.3270, 147.6879, 0.1480, 72.1732, -59.5067, -0.360035, -0.928569, -0.090193, 0.051327, 0.932840, -0.356906, -0.049265, 0.109323, 0.013556, -0.101872, 0.994705, 0.401101, 0.000000, 0.000000, 0.000000, 1.000000, 0.013426, -0.101822, 0.994712, 0.470093, 0.360035, 0.928569, 0.090192, -0.042327, -0.932842, 0.356920, 0.049126, 0.147688, 0.000000, 0.000000, 0.000000, 1.000000, 0.997705, -0.016032, 0.065788, 0.000148, 0.064304, -0.080047, -0.994715, 0.072173, 0.021213, 0.996662, -0.078833, -0.059507, 0.000000, 0.000000, 0.000000, 1.000000
-19.9761, 51.3311, 109.3062, 401.0958, 470.0885, -42.3314, 147.7044, 0.1491, 72.1729, -59.5068, -0.359962, -0.928599, -0.090176, 0.051331, 0.932868, -0.356835, -0.049251, 0.109306, 0.013557, -0.101850, 0.994707, 0.401096, 0.000000, 0.000000, 0.000000, 1.000000, 0.013426, -0.101800, 0.994714, 0.470088, 0.359962, 0.928599, 0.090175, -0.042331, -0.932870, 0.356849, 0.049112, 0.147704, 0.000000, 0.000000, 0.000000, 1.000000, 0.997705, -0.016032, 0.065790, 0.000149, 0.064307, -0.080047, -0.994715, 0.072173, 0.021214, 0.996662, -0.078832, -0.059507, 0.000000, 0.000000, 0.000000, 1.000000
-19.9709, 51.3360, 109.2869, 401.0904, 470.0831, -42.3363, 147.7235, 0.1504, 72.1725, -59.5070, -0.359881, -0.928632, -0.090157, 0.051336, 0.932900, -0.356754, -0.049237, 0.109287, 0.013559, -0.101827, 0.994710, 0.401090, 0.000000, 0.000000, 0.000000, 1.000000, 0.013428, -0.101776, 0.994717, 0.470083, 0.359881, 0.928632, 0.090156, -0.042336, -0.932902, 0.356769, 0.049097, 0.147724, 0.000000, 0.000000, 0.000000, 1.000000, 0.997705, -0.016032, 0.065793, 0.000150, 0.064309, -0.080047, -0.994714, 0.072173, 0.021214, 0.996662, -0.078832, -0.059507, 0.000000, 0.000000, 0.000000, 1.000000
-19.9681, 51.3386, 109.2764, 401.0875, 470.0801, -42.3389, 147.7340, 0.1510, 72.1723, -59.5071, -0.359836, -0.928650, -0.090147, 0.051339, 0.932917, -0.356711, -0.049229, 0.109276, 0.013560, -0.101814, 0.994711, 0.401088, 0.000000, 0.000000, 0.000000, 1.000000, 0.013429, -0.101763, 0.994718, 0.470080, 0.359836, 0.928650, 0.090146, -0.042339, -0.932919, 0.356725, 0.049089, 0.147734, 0.000000, 0.000000, 0.000000, 1.000000, 0.997704, -0.016032, 0.065794, 0.000151, 0.064311, -0.080047, -0.994714, 0.072172, 0.021214, 0.996662, -0.078832, -0.059507, 0.000000, 0.000000, 0.000000, 1.000000
-19.9622, 51.3443, 109.2536, 401.0813, 470.0739, -42.3446, 147.7566, 0.1524, 72.1719, -59.5072, -0.359742, -0.928689, -0.090125, 0.051344, 0.932953, -0.356618, -0.049214, 0.109254, 0.013564, -0.101787, 0.994714, 0.401081, 0.000000, 0.000000, 0.000000, 1.000000, 0.013433, -0.101736, 0.994721, 0.470074, 0.359742, 0.928689, 0.090124, -0.042345, -0.932955, 0.356633, 0.049074, 0.147757, 0.000000, 0.000000, 0.000000, 1.000000, 0.997704, -0.016033, 0.065797, 0.000152, 0.064313, -0.080046, -0.994714, 0.072172, 0.021215, 0.996662, -0.078831, -0.059507, 0.000000, 0.000000, 0.000000, 1.000000
-19.9590, 51.3473, 109.2415, 401.0779, 470.0705, -42.3476, 147.7686, 0.1531, 72.1717, -59.5073, -0.359692, -0.928709, -0.090113, 0.051347, 0.932972, -0.356569, -0.049206, 0.109241, 0.013567, -0.101772, 0.994715, 0.401078, 0.000000, 0.000000, 0.000000, 1.000000, 0.013435, -0.101721, 0.994722, 0.470071, 0.359692, 0.928709, 0.090113, -0.042348, -0.932974, 0.356583, 0.049066, 0.147769, 0.000000, 0.000000, 0.000000, 1.000000, 0.997704, -0.016033, 0.065798, 0.000153, 0.064315, -0.080046, -0.994714, 0.072172, 0.021215, 0.996662, -0.078831, -0.059507, 0.000000, 0.000000, 0.000000, 1.000000
-19.9523, 51.3536, 109.2157, 401.0709, 470.0634, -42.3539, 147.7943, 0.1547, 72.1713, -59.5076, -0.359587, -0.928753, -0.090089, 0.051354, 0.933013, -0.356465, -0.049190, 0.109216, 0.013571, -0.101742, 0.994718, 0.401071, 0.000000, 0.000000, 0.000000, 1.000000, 0.013439, -0.101691, 0.994725, 0.470063, 0.359587, 0.928753, 0.090088, -0.042354, -0.933015, 0.356479, 0.049049, 0.147794, 0.000000, 0.000000, 0.000000, 1.000000, 0.997704, -0.016033, 0.065802, 0.000155, 0.064318, -0.080045, -0.994714, 0.072171, 0.021215, 0.996662, -0.078830, -0.059508, 0.000000, 0.000000, 0.000000, 1.000000
-19.9488, 51.3569, 109.2021, 401.0672, 470.0597, -42.3572, 147.8078, 0.1555, 72.1710, -59.5077, -0.359531, -0.928775, -0.090076, 0.051357, 0.933034, -0.356410, -0.049181, 0.109202, 0.013574, -0.101726, 0.994720, 0.401067, 0.000000, 0.000000, 0.000000, 1.000000, 0.013442, -0.101675, 0.994727, 0.470060, 0.359531, 0.928775, 0.090076, -0.042357, -0.933036, 0.356424, 0.049040, 0.147808, 0.000000, 0.000000, 0.000000, 1.000000, 0.997704, -0.016033, 0.065803, 0.000156, 0.064320, -0.080045, -0.994714, 0.072171, 0.021216, 0.996662, -0.078830, -0.059508, 0.000000, 0.000000, 0.000000, 1.000000
-19.9452, 51.3604, 109.1881, 401.0633, 470.0559, -42.3607, 147.8217, 0.1564, 72.1708, -59.5078, -0.359473, -0.928799, -0.090063, 0.051360, 0.933057, -0.356353, -0.049172, 0.109188, 0.013577, -0.101710, 0.994721, 0.401063, 0.000000, 0.000000, 0.000000, 1.000000, 0.013444, -0.101659, 0.994728, 0.470056, 0.359473, 0.928799, 0.090062, -0.042361, -0.933058, 0.356368, 0.049031, 0.147822, 0.000000, 0.000000, 0.000000, 1.000000, 0.997704, -0.016033, 0.065805, 0.000156, 0.064322, -0.080045, -0.994714, 0.072171, 0.021216, 0.996662, -0.078830, -0.059508, 0.000000, 0.000000, 0.000000, 1.000000
-19.9337, 51.3713, 109.1440, 401.0512, 470.0437, -42.3716, 147.8656, 0.1591, 72.1700, -59.5081, -0.359291, -0.928873, -0.090021, 0.051371, 0.933127, -0.356174, -0.049143, 0.109144, 0.013585, -0.101658, 0.994727, 0.401051, 0.000000, 0.000000, 0.000000, 1.000000, 0.013452, -0.101606, 0.994734, 0.470044, 0.359291, 0.928874, 0.090020, -0.042372, -0.933128, 0.356188, 0.049001, 0.147866, 0.000000, 0.000000, 0.000000, 1.000000, 0.997703, -0.016034, 0.065811, 0.000159, 0.064327, -0.080044, -0.994714, 0.072170, 0.021217, 0.996662, -0.078829, -0.059508, 0.000000, 0.000000, 0.000000, 1.000000
-19.9256, 51.3790, 109.1130, 401.0426, 470.0352, -42.3793, 147.8965, 0.1610, 72.1695, -59.5084, -0.359163, -0.928926, -0.089992, 0.051379, 0.933176, -0.356047, -0.049122, 0.109113, 0.013590, -0.101621, 0.994730, 0.401043, 0.000000, 0.000000, 0.000000, 1.000000, 0.013457, -0.101569, 0.994737, 0.470035, 0.359163, 0.928926, 0.089991, -0.042379, -0.933178, 0.356062, 0.048980, 0.147896, 0.000000, 0.000000, 0.000000, 1.000000, 0.997703, -0.016034, 0.065815, 0.000161, 0.064331, -0.080044, -0.994713, 0.072169, 0.021218, 0.996662, -0.078828, -0.059508, 0.000000, 0.000000, 0.000000, 1.000000
-19.9214, 51.3830, 109.0972, 401.0383, 470.0308, -42.3833, 147.9122, 0.1620, 72.1692, -59.5085, -0.359097, -0.928953, -0.089976, 0.051383, 0.933201, -0.355982, -0.049111, 0.109097, 0.013592, -0.101602, 0.994732, 0.401038, 0.000000, 0.000000, 0.000000, 1.000000, 0.013459, -0.101550, 0.994739, 0.470031, 0.359097, 0.928953, 0.089976, -0.042383, -0.933203, 0.355997, 0.048969, 0.147912, 0.000000, 0.000000, 0.000000, 1.000000, 0.997703, -0.016034, 0.065817, 0.000162, 0.064333, -0.080043, -0.994713, 0.072169, 0.021218, 0.996662, -0.078828, -0.059509, 0.000000, 0.000000, 0.000000, 1.000000
-19.9129, 51.3911, 109.0650, 401.0293, 470.0218, -42.3914, 147.9443, 0.1640, 72.1686, -59.5088, -0.358962, -0.929008, -0.089945, 0.051391, 0.933253, -0.355849, -0.049088, 0.109065, 0.013597, -0.101563, 0.994736, 0.401029, 0.000000, 0.000000, 0.000000, 1.000000, 0.013463, -0.101511, 0.994743, 0.470022, 0.358962, 0.929008, 0.089945, -0.042391, -0.933255, 0.355864, 0.048946, 0.147944, 0.000000, 0.000000, 0.000000, 1.000000, 0.997703, -0.016035, 0.065821, 0.000164, 0.064337, -0.080043, -0.994713, 0.072169, 0.021219, 0.996662, -0.078827, -0.059509, 0.000000, 0.000000, 0.000000, 1.000000
-19.9129, 51.3911, 109.0650, 401.0293, 470.0218, -42.3914, 147.9443, 0.1640, 72.1686, -59.5088, -0.358962, -0.929008, -0.089945, 0.051391, 0.933253, -0.355849, -0.049088, 0.109065, 0.013597, -0.101563, 0.994736, 0.401029, 0.000000, 0.000000, 0.000000, 1.000000, 0.013463, -0.101511, 0.994743, 0.470022, 0.358962, 0.929008, 0.089945, -0.042391, -0.933255, 0.355864, 0.048946, 0.147944, 0.000000, 0.000000, 0.000000, 1.000000, 0.997703, -0.016035, 0.065821, 0.000164, 0.064337, -0.080043, -0.994713, 0.072169, 0.021219, 0.996662, -0.078827, -0.059509, 0.000000, 0.000000, 0.000000, 1.000000
-19.8997, 51.4037, 109.0158, 401.0156, 470.0081, -42.4040, 147.9934, 0.1671, 72.1677, -59.5092, -0.358752, -0.929094, -0.089897, 0.051404, 0.933334, -0.355643, -0.049052, 0.109016, 0.013602, -0.101502, 0.994742, 0.401016, 0.000000, 0.000000, 0.000000, 1.000000, 0.013469, -0.101450, 0.994749, 0.470008, 0.358752, 0.929094, 0.089897, -0.042404, -0.933336, 0.355658, 0.048909, 0.147993, 0.000000, 0.000000, 0.000000, 1.000000, 0.997702, -0.016035, 0.065827, 0.000167, 0.064344, -0.080042, -0.994713, 0.072168, 0.021220, 0.996663, -0.078826, -0.059509, 0.000000, 0.000000, 0.000000, 1.000000
-19.8952, 51.4080, 108.9992, 401.0109, 470.0034, -42.4083, 148.0100, 0.1681, 72.1674, -59.5093, -0.358681, -0.929123, -0.089881, 0.051408, 0.933361, -0.355573, -0.049039, 0.108999, 0.013604, -0.101481, 0.994744, 0.401011, 0.000000, 0.000000, 0.000000, 1.000000, 0.013470, -0.101429, 0.994752, 0.470003, 0.358681, 0.929123, 0.089880, -0.042408, -0.933363, 0.355588, 0.048896, 0.148010, 0.000000, 0.000000, 0.000000, 1.000000, 0.997702, -0.016036, 0.065830, 0.000168, 0.064346, -0.080041, -0.994713, 0.072167, 0.021220, 0.996663, -0.078826, -0.059509, 0.000000, 0.000000, 0.000000, 1.000000
-19.8861, 51.4167, 108.9659, 401.0015, 469.9940, -42.4170, 148.0432, 0.1703, 72.1668, -59.5096, -0.358537, -0.929182, -0.089848, 0.051417, 0.933416, -0.355432, -0.049012, 0.108966, 0.013606, -0.101438, 0.994749, 0.401001, 0.000000, 0.000000, 0.000000, 1.000000, 0.013473, -0.101387, 0.994756, 0.469994, 0.358537, 0.929182, 0.089847, -0.042417, -0.933418, 0.355446, 0.048869, 0.148043, 0.000000, 0.000000, 0.000000, 1.000000, 0.997702, -0.016036, 0.065834, 0.000170, 0.064350, -0.080041, -0.994712, 0.072167, 0.021221, 0.996663, -0.078825, -0.059510, 0.000000, 0.000000, 0.000000, 1.000000
-19.8815, 51.4211, 108.9493, 400.9967, 469.9892, -42.4214, 148.0598, 0.1714, 72.1665, -59.5097, -0.358464, -0.929211, -0.089831, 0.051421, 0.933444, -0.355360, -0.048998, 0.108949, 0.013607, -0.101417, 0.994751, 0.400997, 0.000000, 0.000000, 0.000000, 1.000000, 0.013474, -0.101365, 0.994758, 0.469989, 0.358464, 0.929211, 0.089831, -0.042421, -0.933446, 0.355375, 0.048856, 0.148060, 0.000000, 0.000000, 0.000000, 1.000000, 0.997702, -0.016036, 0.065836, 0.000171, 0.064352, -0.080040, -0.994712, 0.072166, 0.021221, 0.996663, -0.078824, -0.059510, 0.000000, 0.000000, 0.000000, 1.000000
-19.8676, 51.4344, 108.8996, 400.9825, 469.9750, -42.4347, 148.1094, 0.1747, 72.1655, -59.5102, -0.358244, -0.929301, -0.089781, 0.051434, 0.933529, -0.355144, -0.048955, 0.108900, 0.013609, -0.101351, 0.994758, 0.400982, 0.000000, 0.000000, 0.000000, 1.000000, 0.013475, -0.101299, 0.994765, 0.469975, 0.358244, 0.929301, 0.089780, -0.042435, -0.933531, 0.355159, 0.048812, 0.148109, 0.000000, 0.000000, 0.000000, 1.000000, 0.997701, -0.016037, 0.065843, 0.000175, 0.064359, -0.080039, -0.994712, 0.072166, 0.021222, 0.996663, -0.078823, -0.059510, 0.000000, 0.000000, 0.000000, 1.000000
-19.8629, 51.4389, 108.8831, 400.9777, 469.9702, -42.4392, 148.1259, 0.1758, 72.1652, -59.5103, -0.358170, -0.929331, -0.089764, 0.051439, 0.933557, -0.355072, -0.048940, 0.108883, 0.013609, -0.101329, 0.994760, 0.400978, 0.000000, 0.000000, 0.000000, 1.000000, 0.013475, -0.101277, 0.994767, 0.469970, 0.358170, 0.929331, 0.089763, -0.042439, -0.933559, 0.355087, 0.048797, 0.148126, 0.000000, 0.000000, 0.000000, 1.000000, 0.997701, -0.016037, 0.065845, 0.000176, 0.064361, -0.080039, -0.994712, 0.072165, 0.021223, 0.996663, -0.078823, -0.059510, 0.000000, 0.000000, 0.000000, 1.000000
-19.8535, 51.4478, 108.8505, 400.9682, 469.9607, -42.4481, 148.1585, 0.1780, 72.1645, -59.5106, -0.358023, -0.929391, -0.089730, 0.051448, 0.933614, -0.354927, -0.048909, 0.108850, 0.013608, -0.101284, 0.994764, 0.400968, 0.000000, 0.000000, 0.000000, 1.000000, 0.013474, -0.101232, 0.994772, 0.469961, 0.358023, 0.929391, 0.089729, -0.042448, -0.933616, 0.354942, 0.048766, 0.148158, 0.000000, 0.000000, 0.000000, 1.000000, 0.997701, -0.016038, 0.065850, 0.000178, 0.064366, -0.080038, -0.994711, 0.072165, 0.021223, 0.996663, -0.078822, -0.059511, 0.000000, 0.000000, 0.000000, 1.000000
-19.8488, 51.4523, 108.8343, 400.9635, 469.9560, -42.4526, 148.1746, 0.1791, 72.1642, -59.5107, -0.357949, -0.929421, -0.089713, 0.051452, 0.933642, -0.354855, -0.048893, 0.108834, 0.013607, -0.101261, 0.994767, 0.400963, 0.000000, 0.000000, 0.000000, 1.000000, 0.013473, -0.101210, 0.994774, 0.469956, 0.357949, 0.929422, 0.089713, -0.042453, -0.933644, 0.354869, 0.048750, 0.148175, 0.000000, 0.000000, 0.000000, 1.000000, 0.997700, -0.016038, 0.065852, 0.000179, 0.064368, -0.080038, -0.994711, 0.072164, 0.021224, 0.996663, -0.078821, -0.059511, 0.000000, 0.000000, 0.000000, 1.000000
-19.8394, 51.4613, 108.8025, 400.9541, 469.9466, -42.4616, 148.2065, 0.1813, 72.1636, -59.5110, -0.357801, -0.929482, -0.089679, 0.051461, 0.933699, -0.354710, -0.048861, 0.108802, 0.013605, -0.101216, 0.994771, 0.400954, 0.000000, 0.000000, 0.000000, 1.000000, 0.013471, -0.101164, 0.994779, 0.469947, 0.357801, 0.929482, 0.089679, -0.042462, -0.933701, 0.354725, 0.048718, 0.148206, 0.000000, 0.000000, 0.000000, 1.000000, 0.997700, -0.016038, 0.065857, 0.000181, 0.064373, -0.080037, -0.994711, 0.072164, 0.021225, 0.996663, -0.078821, -0.059511, 0.000000, 0.000000, 0.000000, 1.000000
-19.8301, 51.4702, 108.7712, 400.9447, 469.9372, -42.4705, 148.2378, 0.1835, 72.1629, -59.5113, -0.357654, -0.929541, -0.089646, 0.051470, 0.933755, -0.354566, -0.048827, 0.108771, 0.013602, -0.101171, 0.994776, 0.400945, 0.000000, 0.000000, 0.000000, 1.000000, 0.013468, -0.101119, 0.994783, 0.469937, 0.357654, 0.929541, 0.089645, -0.042471, -0.933757, 0.354581, 0.048684, 0.148238, 0.000000, 0.000000, 0.000000, 1.000000, 0.997700, -0.016039, 0.065861, 0.000184, 0.064377, -0.080036, -0.994711, 0.072163, 0.021225, 0.996663, -0.078820, -0.059511, 0.000000, 0.000000, 0.000000, 1.000000
-19.8254, 51.4747, 108.7557, 400.9401, 469.9326, -42.4750, 148.2532, 0.1846, 72.1626, -59.5114, -0.357581, -0.929571, -0.089629, 0.051475, 0.933783, -0.354495, -0.048810, 0.108756, 0.013600, -0.101148, 0.994778, 0.400940, 0.000000, 0.000000, 0.000000, 1.000000, 0.013465, -0.101096, 0.994786, 0.469933, 0.357581, 0.929571, 0.089628, -0.042475, -0.933785, 0.354509, 0.048667, 0.148253, 0.000000, 0.000000, 0.000000, 1.000000, 0.997700, -0.016039, 0.065863, 0.000185, 0.064379, -0.080036, -0.994711, 0.072163, 0.021226, 0.996663, -0.078819, -0.059511, 0.000000, 0.000000, 0.000000, 1.000000
-19.8161, 51.4836, 108.7253, 400.9309, 469.9234, -42.4839, 148.2836, 0.1868, 72.1620, -59.5117, -0.357434, -0.929631, -0.089595, 0.051484, 0.933839, -0.354352, -0.048775, 0.108725, 0.013595, -0.101102, 0.994783, 0.400931, 0.000000, 0.000000, 0.000000, 1.000000, 0.013460, -0.101050, 0.994790, 0.469923, 0.357434, 0.929631, 0.089595, -0.042484, -0.933841, 0.354366, 0.048632, 0.148284, 0.000000, 0.000000, 0.000000, 1.000000, 0.997699, -0.016040, 0.065868, 0.000187, 0.064384, -0.080035, -0.994711, 0.072162, 0.021227, 0.996663, -0.078818, -0.059512, 0.000000, 0.000000, 0.000000, 1.000000
-19.8114, 51.4880, 108.7103, 400.9263, 469.9188, -42.4884, 148.2986, 0.1879, 72.1616, -59.5118, -0.357361, -0.929660, -0.089579, 0.051488, 0.933867, -0.354280, -0.048757, 0.108710, 0.013592, -0.101079, 0.994786, 0.400926, 0.000000, 0.000000, 0.000000, 1.000000, 0.013457, -0.101027, 0.994793, 0.469919, 0.357361, 0.929661, 0.089578, -0.042488, -0.933869, 0.354295, 0.048614, 0.148299, 0.000000, 0.000000, 0.000000, 1.000000, 0.997699, -0.016040, 0.065870, 0.000188, 0.064386, -0.080035, -0.994710, 0.072162, 0.021227, 0.996663, -0.078818, -0.059512, 0.000000, 0.000000, 0.000000, 1.000000
-19.8022, 51.4969, 108.6809, 400.9172, 469.9098, -42.4972, 148.3281, 0.1901, 72.1610, -59.5121, -0.357216, -0.929719, -0.089545, 0.051497, 0.933923, -0.354139, -0.048721, 0.108681, 0.013585, -0.101032, 0.994790, 0.400917, 0.000000, 0.000000, 0.000000, 1.000000, 0.013451, -0.100981, 0.994797, 0.469910, 0.357216, 0.929720, 0.089545, -0.042497, -0.933925, 0.354153, 0.048577, 0.148328, 0.000000, 0.000000, 0.000000, 1.000000, 0.997699, -0.016040, 0.065875, 0.000190, 0.064391, -0.080034, -0.994710, 0.072161, 0.021228, 0.996663, -0.078817, -0.059512, 0.000000, 0.000000, 0.000000, 1.000000
-19.8022, 51.4969, 108.6809, 400.9172, 469.9098, -42.4972, 148.3281, 0.1901, 72.1610, -59.5121, -0.357216, -0.929719, -0.089545, 0.051497, 0.933923, -0.354139, -0.048721, 0.108681, 0.013585, -0.101032, 0.994790, 0.400917, 0.000000, 0.000000, 0.000000, 1.000000, 0.013451, -0.100981, 0.994797, 0.469910, 0.357216, 0.929720, 0.089545, -0.042497, -0.933925, 0.354153, 0.048577, 0.148328, 0.000000, 0.000000, 0.000000, 1.000000, 0.997699, -0.016040, 0.065875, 0.000190, 0.064391, -0.080034, -0.994710, 0.072161, 0.021228, 0.996663, -0.078817, -0.059512, 0.000000, 0.000000, 0.000000, 1.000000
-19.7976, 51.5013, 108.6665, 400.9128, 469.9053, -42.5016, 148.3425, 0.1912, 72.1607, -59.5122, -0.357144, -0.929749, -0.089529, 0.051501, 0.933951, -0.354068, -0.048702, 0.108666, 0.013581, -0.101009, 0.994793, 0.400913, 0.000000, 0.000000, 0.000000, 1.000000, 0.013447, -0.100958, 0.994800, 0.469905, 0.357144, 0.929749, 0.089528, -0.042502, -0.933953, 0.354083, 0.048559, 0.148343, 0.000000, 0.000000, 0.000000, 1.000000, 0.997699, -0.016041, 0.065877, 0.000191, 0.064393, -0.080034, -0.994710, 0.072161, 0.021228, 0.996663, -0.078817, -0.059512, 0.000000, 0.000000, 0.000000, 1.000000
-19.7796, 51.5185, 108.6111, 400.8953, 469.8879, -42.5188, 148.3980, 0.1955, 72.1594, -59.5127, -0.356862, -0.929863, -0.089464, 0.051518, 0.934059, -0.353794, -0.048627, 0.108611, 0.013564, -0.100918, 0.994802, 0.400895, 0.000000, 0.000000, 0.000000, 1.000000, 0.013431, -0.100867, 0.994809, 0.469888, 0.356862, 0.929863, 0.089464, -0.042519, -0.934060, 0.353808, 0.048484, 0.148398, 0.000000, 0.000000, 0.000000, 1.000000, 0.997698, -0.016042, 0.065886, 0.000195, 0.064401, -0.080032, -0.994710, 0.072159, 0.021230, 0.996663, -0.078815, -0.059513, 0.000000, 0.000000, 0.000000, 1.000000
-19.7752, 51.5226, 108.6028, 400.8918, 469.8843, -42.5229, 148.4063, 0.1965, 72.1591, -59.5129, -0.356796, -0.929890, -0.089449, 0.051523, 0.934084, -0.353730, -0.048598, 0.108603, 0.013549, -0.100893, 0.994805, 0.400892, 0.000000, 0.000000, 0.000000, 1.000000, 0.013415, -0.100841, 0.994812, 0.469884, 0.356796, 0.929890, 0.089449, -0.042523, -0.934086, 0.353745, 0.048454, 0.148406, 0.000000, 0.000000, 0.000000, 1.000000, 0.997698, -0.016042, 0.065888, 0.000197, 0.064404, -0.080032, -0.994710, 0.072159, 0.021230, 0.996663, -0.078814, -0.059513, 0.000000, 0.000000, 0.000000, 1.000000
-19.7666, 51.5306, 108.5862, 400.8848, 469.8773, -42.5310, 148.4227, 0.1986, 72.1585, -59.5131, -0.356664, -0.929944, -0.089420, 0.051531, 0.934135, -0.353604, -0.048540, 0.108586, 0.013520, -0.100842, 0.994811, 0.400885, 0.000000, 0.000000, 0.000000, 1.000000, 0.013386, -0.100791, 0.994818, 0.469877, 0.356664, 0.929944, 0.089419, -0.042531, -0.934137, 0.353618, 0.048396, 0.148423, 0.000000, 0.000000, 0.000000, 1.000000, 0.997698, -0.016043, 0.065892, 0.000199, 0.064408, -0.080031, -0.994709, 0.072158, 0.021231, 0.996663, -0.078814, -0.059513, 0.000000, 0.000000, 0.000000, 1.000000
-19.7623, 51.5346, 108.5779, 400.8813, 469.8738, -42.5350, 148.4310, 0.1996, 72.1582, -59.5132, -0.356598, -0.929970, -0.089405, 0.051535, 0.934160, -0.353541, -0.048511, 0.108578, 0.013506, -0.100817, 0.994813, 0.400881, 0.000000, 0.000000, 0.000000, 1.000000, 0.013371, -0.100766, 0.994820, 0.469874, 0.356598, 0.929970, 0.089404, -0.042535, -0.934162, 0.353556, 0.048368, 0.148431, 0.000000, 0.000000, 0.000000, 1.000000, 0.997698, -0.016043, 0.065894, 0.000200, 0.064410, -0.080031, -0.994709, 0.072158, 0.021232, 0.996663, -0.078813, -0.059513, 0.000000, 0.000000, 0.000000, 1.000000
-19.7538, 51.5426, 108.5611, 400.8743, 469.8668, -42.5429, 148.4477, 0.2016, 72.1576, -59.5134, -0.356469, -0.930022, -0.089375, 0.051543, 0.934210, -0.353418, -0.048456, 0.108561, 0.013478, -0.100768, 0.994819, 0.400874, 0.000000, 0.000000, 0.000000, 1.000000, 0.013344, -0.100717, 0.994826, 0.469867, 0.356469, 0.930023, 0.089375, -0.042543, -0.934212, 0.353432, 0.048312, 0.148448, 0.000000, 0.000000, 0.000000, 1.000000, 0.997697, -0.016044, 0.065898, 0.000202, 0.064414, -0.080030, -0.994709, 0.072158, 0.021233, 0.996663, -0.078812, -0.059513, 0.000000, 0.000000, 0.000000, 1.000000
-19.7496, 51.5465, 108.5526, 400.8708, 469.8634, -42.5468, 148.4562, 0.2026, 72.1573, -59.5135, -0.356405, -0.930048, -0.089361, 0.051546, 0.934234, -0.353356, -0.048429, 0.108553, 0.013465, -0.100744, 0.994821, 0.400871, 0.000000, 0.000000, 0.000000, 1.000000, 0.013330, -0.100693, 0.994828, 0.469863, 0.356405, 0.930048, 0.089360, -0.042547, -0.934236, 0.353371, 0.048285, 0.148456, 0.000000, 0.000000, 0.000000, 1.000000, 0.997697, -0.016044, 0.065900, 0.000203, 0.064416, -0.080029, -0.994709, 0.072157, 0.021233, 0.996663, -0.078812, -0.059514, 0.000000, 0.000000, 0.000000, 1.000000
-19.7413, 51.5543, 108.5353, 400.8639, 469.8564, -42.5546, 148.4734, 0.2046, 72.1567, -59.5137, -0.356278, -0.930100, -0.089332, 0.051554, 0.934283, -0.353234, -0.048376, 0.108535, 0.013440, -0.100697, 0.994826, 0.400864, 0.000000, 0.000000, 0.000000, 1.000000, 0.013305, -0.100645, 0.994833, 0.469856, 0.356278, 0.930100, 0.089331, -0.042555, -0.934285, 0.353249, 0.048232, 0.148473, 0.000000, 0.000000, 0.000000, 1.000000, 0.997697, -0.016045, 0.065904, 0.000205, 0.064420, -0.080029, -0.994709, 0.072157, 0.021234, 0.996663, -0.078811, -0.059514, 0.000000, 0.000000, 0.000000, 1.000000
-19.7372, 51.5582, 108.5265, 400.8604, 469.8529, -42.5585, 148.4821, 0.2056, 72.1564, -59.5138, -0.356215, -0.930125, -0.089318, 0.051558, 0.934307, -0.353174, -0.048351, 0.108527, 0.013428, -0.100673, 0.994829, 0.400860, 0.000000, 0.000000, 0.000000, 1.000000, 0.013293, -0.100621, 0.994836, 0.469853, 0.356215, 0.930125, 0.089317, -0.042559, -0.934309, 0.353189, 0.048207, 0.148482, 0.000000, 0.000000, 0.000000, 1.000000, 0.997697, -0.016045, 0.065906, 0.000206, 0.064421, -0.080028, -0.994709, 0.072156, 0.021234, 0.996663, -0.078810, -0.059514, 0.000000, 0.000000, 0.000000, 1.000000
-19.7332, 51.5620, 108.5177, 400.8569, 469.8494, -42.5624, 148.4910, 0.2065, 72.1561, -59.5140, -0.356153, -0.930151, -0.089303, 0.051562, 0.934331, -0.353114, -0.048326, 0.108518, 0.013416, -0.100650, 0.994831, 0.400857, 0.000000, 0.000000, 0.000000, 1.000000, 0.013281, -0.100598, 0.994838, 0.469849, 0.356153, 0.930151, 0.089302, -0.042562, -0.934333, 0.353128, 0.048182, 0.148491, 0.000000, 0.000000, 0.000000, 1.000000, 0.997697, -0.016045, 0.065908, 0.000207, 0.064423, -0.080028, -0.994709, 0.072156, 0.021235, 0.996663, -0.078810, -0.059514, 0.000000, 0.000000, 0.000000, 1.000000
-19.7211, 51.5734, 108.4904, 400.8464, 469.8389, -42.5738, 148.5181, 0.2094, 72.1552, -59.5143, -0.355968, -0.930226, -0.089261, 0.051573, 0.934402, -0.352936, -0.048254, 0.108490, 0.013384, -0.100582, 0.994839, 0.400846, 0.000000, 0.000000, 0.000000, 1.000000, 0.013249, -0.100530, 0.994846, 0.469839, 0.355968, 0.930226, 0.089260, -0.042574, -0.934404, 0.352950, 0.048110, 0.148518, 0.000000, 0.000000, 0.000000, 1.000000, 0.997696, -0.016046, 0.065914, 0.000209, 0.064429, -0.080027, -0.994708, 0.072155, 0.021236, 0.996664, -0.078808, -0.059514, 0.000000, 0.000000, 0.000000, 1.000000
-19.7132, 51.5809, 108.4718, 400.8395, 469.8320, -42.5812, 148.5367, 0.2113, 72.1546, -59.5145, -0.355846, -0.930275, -0.089233, 0.051581, 0.934449, -0.352819, -0.048209, 0.108472, 0.013364, -0.100538, 0.994843, 0.400839, 0.000000, 0.000000, 0.000000, 1.000000, 0.013229, -0.100486, 0.994850, 0.469832, 0.355846, 0.930275, 0.089232, -0.042581, -0.934451, 0.352833, 0.048065, 0.148537, 0.000000, 0.000000, 0.000000, 1.000000, 0.997696, -0.016046, 0.065917, 0.000211, 0.064433, -0.080026, -0.994708, 0.072155, 0.021237, 0.996664, -0.078808, -0.059514, 0.000000, 0.000000, 0.000000, 1.000000
-19.7093, 51.5846, 108.4623, 400.8360, 469.8285, -42.5849, 148.5462, 0.2122, 72.1543, -59.5146, -0.355786, -0.930299, -0.089219, 0.051585, 0.934472, -0.352761, -0.048187, 0.108462, 0.013355, -0.100517, 0.994846, 0.400836, 0.000000, 0.000000, 0.000000, 1.000000, 0.013220, -0.100465, 0.994853, 0.469828, 0.355786, 0.930299, 0.089218, -0.042585, -0.934474, 0.352776, 0.048043, 0.148546, 0.000000, 0.000000, 0.000000, 1.000000, 0.997696, -0.016047, 0.065919, 0.000212, 0.064435, -0.080026, -0.994708, 0.072154, 0.021237, 0.996664, -0.078807, -0.059515, 0.000000, 0.000000, 0.000000, 1.000000
-19.7016, 51.5918, 108.4431, 400.8290, 469.8215, -42.5922, 148.5654, 0.2141, 72.1538, -59.5148, -0.355668, -0.930347, -0.089191, 0.051592, 0.934517, -0.352646, -0.048145, 0.108443, 0.013339, -0.100474, 0.994850, 0.400829, 0.000000, 0.000000, 0.000000, 1.000000, 0.013204, -0.100423, 0.994857, 0.469822, 0.355668, 0.930347, 0.089190, -0.042592, -0.934519, 0.352661, 0.048001, 0.148565, 0.000000, 0.000000, 0.000000, 1.000000, 0.997696, -0.016047, 0.065923, 0.000214, 0.064438, -0.080025, -0.994708, 0.072154, 0.021238, 0.996664, -0.078806, -0.059515, 0.000000, 0.000000, 0.000000, 1.000000
-19.6978, 51.5954, 108.4334, 400.8256, 469.8181, -42.5958, 148.5751, 0.2150, 72.1535, -59.5149, -0.355609, -0.930371, -0.089178, 0.051595, 0.934540, -0.352590, -0.048125, 0.108433, 0.013331, -0.100454, 0.994852, 0.400826, 0.000000, 0.000000, 0.000000, 1.000000, 0.013196, -0.100402, 0.994859, 0.469818, 0.355609, 0.930371, 0.089177, -0.042596, -0.934542, 0.352604, 0.047981, 0.148575, 0.000000, 0.000000, 0.000000, 1.000000, 0.997696, -0.016048, 0.065925, 0.000215, 0.064440, -0.080024, -0.994708, 0.072154, 0.021238, 0.996664, -0.078806, -0.059515, 0.000000, 0.000000, 0.000000, 1.000000
-19.6903, 51.6026, 108.4137, 400.8187, 469.8112, -42.6029, 148.5949, 0.2167, 72.1530, -59.5151, -0.355493, -0.930418, -0.089150, 0.051603, 0.934584, -0.352477, -0.048086, 0.108414, 0.013317, -0.100413, 0.994857, 0.400819, 0.000000, 0.000000, 0.000000, 1.000000, 0.013182, -0.100361, 0.994864, 0.469811, 0.355493, 0.930418, 0.089150, -0.042603, -0.934586, 0.352492, 0.047942, 0.148595, 0.000000, 0.000000, 0.000000, 1.000000, 0.997695, -0.016048, 0.065928, 0.000217, 0.064444, -0.080024, -0.994708, 0.072153, 0.021239, 0.996664, -0.078805, -0.059515, 0.000000, 0.000000, 0.000000, 1.000000
-19.6866, 51.6061, 108.4036, 400.8152, 469.8077, -42.6064, 148.6049, 0.2176, 72.1527, -59.5152, -0.355435, -0.930441, -0.089137, 0.051606, 0.934606, -0.352421, -0.048068, 0.108404, 0.013310, -0.100393, 0.994859, 0.400815, 0.000000, 0.000000, 0.000000, 1.000000, 0.013175, -0.100341, 0.994866, 0.469808, 0.355435, 0.930441, 0.089136, -0.042606, -0.934608, 0.352436, 0.047923, 0.148605, 0.000000, 0.000000, 0.000000, 1.000000, 0.997695, -0.016048, 0.065930, 0.000218, 0.064446, -0.080023, -0.994708, 0.072153, 0.021239, 0.996664, -0.078805, -0.059515, 0.000000, 0.000000, 0.000000, 1.000000
-19.6792, 51.6131, 108.3832, 400.8082, 469.8008, -42.6134, 148.6253, 0.2194, 72.1522, -59.5154, -0.355320, -0.930487, -0.089110, 0.051613, 0.934650, -0.352310, -0.048032, 0.108383, 0.013298, -0.100353, 0.994863, 0.400808, 0.000000, 0.000000, 0.000000, 1.000000, 0.013163, -0.100302, 0.994870, 0.469801, 0.355320, 0.930487, 0.089109, -0.042613, -0.934652, 0.352325, 0.047887, 0.148625, 0.000000, 0.000000, 0.000000, 1.000000, 0.997695, -0.016049, 0.065934, 0.000219, 0.064449, -0.080023, -0.994707, 0.072152, 0.021240, 0.996664, -0.078804, -0.059515, 0.000000, 0.000000, 0.000000, 1.000000
