# Joint_A_Angle(deg), Cam_X(mm), Cam_Y(mm), Cam_Z(mm), Torso_X(mm), Torso_Y(mm), Torso_Z(mm), EE_X(mm), EE_Y(mm), EE_Z(mm), T_cam2marker_flat(16), T_torso2marker_flat(16), T_ee2marker_flat(16)
-20.0010, -56.4846, 7.2953, 456.2583, 525.2631, 65.4842, 249.7300, 101.3550, 9.5972, 4.4326, 0.287819, 0.824971, 0.486397, -0.056485, -0.945261, 0.326261, 0.005979, 0.007295, -0.153760, -0.461493, 0.873717, 0.456258, 0.000000, 0.000000, 0.000000, 1.000000, -0.153670, -0.461525, 0.873717, 0.525263, -0.287819, -0.824971, -0.486398, 0.065484, 0.945275, -0.326217, -0.006063, 0.249730, 0.000000, 0.000000, 0.000000, 1.000000, -0.003924, -0.020177, -0.999789, 0.101355, -0.999229, -0.038966, 0.004708, 0.009597, -0.039053, 0.999037, -0.020009, 0.004433, 0.000000, 0.000000, 0.000000, 1.000000
-20.0011, -56.4841, 7.2897, 456.2568, 525.2616, 65.4838, 249.7356, 101.3550, 9.5971, 4.4326, 0.287822, 0.824970, 0.486397, -0.056484, -0.945258, 0.326269, 0.005971, 0.007290, -0.153770, -0.461489, 0.873717, 0.456257, 0.000000, 0.000000, 0.000000, 1.000000, -0.153680, -0.461521, 0.873717, 0.525262, -0.287822, -0.824970, -0.486398, 0.065484, 0.945273, -0.326224, -0.006054, 0.249736, 0.000000, 0.000000, 0.000000, 1.000000, -0.003924, -0.020177, -0.999789, 0.101355, -0.999229, -0.038966, 0.004708, 0.009597, -0.039053, 0.999037, -0.020009, 0.004433, 0.000000, 0.000000, 0.000000, 1.000000
-20.0011, -56.4839, 7.2871, 456.2561, 525.2609, 65.4835, 249.7383, 101.3550, 9.5971, 4.4326, 0.287823, 0.824970, 0.486397, -0.056484, -0.945257, 0.326272, 0.005967, 0.007287, -0.153775, -0.461488, 0.873717, 0.456256, 0.000000, 0.000000, 0.000000, 1.000000, -0.153685, -0.461520, 0.873716, 0.525261, -0.287823, -0.824970, -0.486398, 0.065484, 0.945272, -0.326228, -0.006050, 0.249738, 0.000000, 0.000000, 0.000000, 1.000000, -0.003924, -0.020177, -0.999789, 0.101355, -0.999229, -0.038966, 0.004708, 0.009597, -0.039053, 0.999037, -0.020009, 0.004433, 0.000000, 0.000000, 0.000000, 1.000000
-20.0011, -56.4835, 7.2821, 456.2547, 525.2595, 65.4831, 249.7433, 101.3550, 9.5971, 4.4326, 0.287826, 0.824969, 0.486397, -0.056484, -0.945255, 0.326279, 0.005959, 0.007282, -0.153785, -0.461485, 0.873717, 0.456255, 0.000000, 0.000000, 0.000000, 1.000000, -0.153695, -0.461516, 0.873716, 0.525260, -0.287825, -0.824969, -0.486398, 0.065483, 0.945269, -0.326235, -0.006043, 0.249743, 0.000000, 0.000000, 0.000000, 1.000000, -0.003924, -0.020177, -0.999789, 0.101355, -0.999229, -0.038966, 0.004708, 0.009597, -0.039053, 0.999037, -0.020009, 0.004433, 0.000000, 0.000000, 0.000000, 1.000000
-20.0011, -56.4831, 7.2776, 456.2535, 525.2583, 65.4828, 249.7479, 101.3550, 9.5971, 4.4326, 0.287828, 0.824968, 0.486398, -0.056483, -0.945253, 0.326285, 0.005952, 0.007278, -0.153794, -0.461482, 0.873717, 0.456253, 0.000000, 0.000000, 0.000000, 1.000000, -0.153704, -0.461514, 0.873716, 0.525258, -0.287828, -0.824968, -0.486398, 0.065483, 0.945267, -0.326241, -0.006036, 0.249748, 0.000000, 0.000000, 0.000000, 1.000000, -0.003924, -0.020177, -0.999789, 0.101355, -0.999229, -0.038966, 0.004709, 0.009597, -0.039053, 0.999037, -0.020009, 0.004433, 0.000000, 0.000000, 0.000000, 1.000000
-20.0011, -56.4830, 7.2755, 456.2529, 525.2577, 65.4826, 249.7500, 101.3550, 9.5971, 4.4326, 0.287829, 0.824968, 0.486398, -0.056483, -0.945252, 0.326288, 0.005949, 0.007276, -0.153798, -0.461481, 0.873717, 0.456253, 0.000000, 0.000000, 0.000000, 1.000000, -0.153708, -0.461512, 0.873716, 0.525258, -0.287829, -0.824968, -0.486398, 0.065483, 0.945266, -0.326244, -0.006032, 0.249750, 0.000000, 0.000000, 0.000000, 1.000000, -0.003924, -0.020177, -0.999789, 0.101355, -0.999229, -0.038966, 0.004709, 0.009597, -0.039053, 0.999037, -0.020009, 0.004433, 0.000000, 0.000000, 0.000000, 1.000000
-20.0011, -56.4826, 7.2717, 456.2519, 525.2566, 65.4823, 249.7540, 101.3550, 9.5971, 4.4326, 0.287831, 0.824967, 0.486398, -0.056483, -0.945250, 0.326293, 0.005943, 0.007272, -0.153805, -0.461478, 0.873717, 0.456252, 0.000000, 0.000000, 0.000000, 1.000000, -0.153715, -0.461510, 0.873716, 0.525257, -0.287830, -0.824967, -0.486398, 0.065482, 0.945265, -0.326249, -0.006026, 0.249754, 0.000000, 0.000000, 0.000000, 1.000000, -0.003924, -0.020177, -0.999789, 0.101355, -0.999229, -0.038966, 0.004709, 0.009597, -0.039053, 0.999037, -0.020009, 0.004433, 0.000000, 0.000000, 0.000000, 1.000000
-20.0011, -56.4825, 7.2700, 456.2514, 525.2561, 65.4821, 249.7557, 101.3550, 9.5971, 4.4326, 0.287831, 0.824967, 0.486398, -0.056482, -0.945249, 0.326295, 0.005941, 0.007270, -0.153808, -0.461477, 0.873717, 0.456251, 0.000000, 0.000000, 0.000000, 1.000000, -0.153719, -0.461509, 0.873716, 0.525256, -0.287831, -0.824967, -0.486398, 0.065482, 0.945264, -0.326251, -0.006024, 0.249756, 0.000000, 0.000000, 0.000000, 1.000000, -0.003924, -0.020177, -0.999789, 0.101355, -0.999229, -0.038966, 0.004709, 0.009597, -0.039053, 0.999037, -0.020009, 0.004433, 0.000000, 0.000000, 0.000000, 1.000000
-20.0011, -56.4824, 7.2684, 456.2509, 525.2557, 65.4820, 249.7573, 101.3550, 9.5971, 4.4326, 0.287832, 0.824967, 0.486398, -0.056482, -0.945249, 0.326297, 0.005938, 0.007268, -0.153812, -0.461476, 0.873717, 0.456251, 0.000000, 0.000000, 0.000000, 1.000000, -0.153722, -0.461508, 0.873716, 0.525256, -0.287831, -0.824966, -0.486399, 0.065482, 0.945263, -0.326253, -0.006021, 0.249757, 0.000000, 0.000000, 0.000000, 1.000000, -0.003924, -0.020177, -0.999789, 0.101355, -0.999229, -0.038966, 0.004709, 0.009597, -0.039053, 0.999037, -0.020009, 0.004433, 0.000000, 0.000000, 0.000000, 1.000000
-20.0009, -56.4822, 7.2647, 456.2499, 525.2546, 65.4818, 249.7612, 101.3550, 9.5971, 4.4326, 0.287831, 0.824966, 0.486399, -0.056482, -0.945247, 0.326301, 0.005929, 0.007265, -0.153821, -0.461474, 0.873717, 0.456250, 0.000000, 0.000000, 0.000000, 1.000000, -0.153732, -0.461505, 0.873716, 0.525255, -0.287831, -0.824966, -0.486399, 0.065482, 0.945262, -0.326257, -0.006012, 0.249761, 0.000000, 0.000000, 0.000000, 1.000000, -0.003924, -0.020177, -0.999789, 0.101355, -0.999229, -0.038966, 0.004709, 0.009597, -0.039053, 0.999037, -0.020009, 0.004433, 0.000000, 0.000000, 0.000000, 1.000000
-20.0006, -56.4822, 7.2632, 456.2494, 525.2541, 65.4818, 249.7628, 101.3550, 9.5971, 4.4326, 0.287828, 0.824967, 0.486400, -0.056482, -0.945247, 0.326301, 0.005923, 0.007263, -0.153826, -0.461473, 0.873716, 0.456249, 0.000000, 0.000000, 0.000000, 1.000000, -0.153737, -0.461504, 0.873715, 0.525254, -0.287828, -0.824967, -0.486400, 0.065482, 0.945262, -0.326258, -0.006006, 0.249763, 0.000000, 0.000000, 0.000000, 1.000000, -0.003924, -0.020177, -0.999789, 0.101355, -0.999229, -0.038966, 0.004709, 0.009597, -0.039053, 0.999037, -0.020009, 0.004433, 0.000000, 0.000000, 0.000000, 1.000000
-20.0003, -56.4823, 7.2624, 456.2491, 525.2538, 65.4819, 249.7637, 101.3550, 9.5971, 4.4326, 0.287823, 0.824968, 0.486401, -0.056482, -0.945248, 0.326300, 0.005916, 0.007262, -0.153832, -0.461472, 0.873716, 0.456249, 0.000000, 0.000000, 0.000000, 1.000000, -0.153743, -0.461504, 0.873715, 0.525254, -0.287823, -0.824967, -0.486402, 0.065482, 0.945262, -0.326256, -0.005998, 0.249764, 0.000000, 0.000000, 0.000000, 1.000000, -0.003924, -0.020177, -0.999789, 0.101355, -0.999229, -0.038966, 0.004709, 0.009597, -0.039053, 0.999037, -0.020009, 0.004433, 0.000000, 0.000000, 0.000000, 1.000000
-20.0000, -56.4824, 7.2623, 456.2490, 525.2537, 65.4820, 249.7638, 101.3550, 9.5971, 4.4326, 0.287820, 0.824968, 0.486402, -0.056482, -0.945249, 0.326298, 0.005912, 0.007262, -0.153834, -0.461472, 0.873715, 0.456249, 0.000000, 0.000000, 0.000000, 1.000000, -0.153746, -0.461504, 0.873714, 0.525254, -0.287820, -0.824968, -0.486403, 0.065482, 0.945263, -0.326254, -0.005994, 0.249764, 0.000000, 0.000000, 0.000000, 1.000000, -0.003924, -0.020177, -0.999789, 0.101355, -0.999229, -0.038966, 0.004709, 0.009597, -0.039053, 0.999037, -0.020009, 0.004433, 0.000000, 0.000000, 0.000000, 1.000000
-19.9994, -56.4828, 7.2629, 456.2489, 525.2537, 65.4824, 249.7633, 101.3550, 9.5971, 4.4326, 0.287810, 0.824970, 0.486404, -0.056483, -0.945251, 0.326292, 0.005903, 0.007263, -0.153840, -0.461473, 0.873714, 0.456249, 0.000000, 0.000000, 0.000000, 1.000000, -0.153751, -0.461504, 0.873713, 0.525254, -0.287810, -0.824970, -0.486405, 0.065482, 0.945265, -0.326249, -0.005985, 0.249763, 0.000000, 0.000000, 0.000000, 1.000000, -0.003924, -0.020177, -0.999789, 0.101355, -0.999229, -0.038966, 0.004709, 0.009597, -0.039053, 0.999037, -0.020009, 0.004433, 0.000000, 0.000000, 0.000000, 1.000000
-19.9989, -56.4830, 7.2636, 456.2490, 525.2537, 65.4827, 249.7627, 101.3550, 9.5971, 4.4326, 0.287804, 0.824972, 0.486406, -0.056483, -0.945252, 0.326288, 0.005898, 0.007264, -0.153843, -0.461473, 0.873713, 0.456249, 0.000000, 0.000000, 0.000000, 1.000000, -0.153754, -0.461505, 0.873712, 0.525254, -0.287804, -0.824971, -0.486406, 0.065483, 0.945266, -0.326245, -0.005980, 0.249763, 0.000000, 0.000000, 0.000000, 1.000000, -0.003924, -0.020177, -0.999789, 0.101355, -0.999229, -0.038966, 0.004709, 0.009597, -0.039053, 0.999037, -0.020009, 0.004433, 0.000000, 0.000000, 0.000000, 1.000000
-19.9979, -56.4837, 7.2658, 456.2493, 525.2540, 65.4834, 249.7606, 101.3550, 9.5971, 4.4326, 0.287788, 0.824975, 0.486409, -0.056484, -0.945256, 0.326277, 0.005885, 0.007266, -0.153849, -0.461475, 0.873711, 0.456249, 0.000000, 0.000000, 0.000000, 1.000000, -0.153761, -0.461506, 0.873710, 0.525254, -0.287788, -0.824975, -0.486410, 0.065483, 0.945270, -0.326234, -0.005967, 0.249761, 0.000000, 0.000000, 0.000000, 1.000000, -0.003924, -0.020177, -0.999789, 0.101355, -0.999229, -0.038966, 0.004709, 0.009597, -0.039053, 0.999037, -0.020009, 0.004433, 0.000000, 0.000000, 0.000000, 1.000000
-19.9966, -56.4847, 7.2691, 456.2498, 525.2545, 65.4843, 249.7574, 101.3550, 9.5971, 4.4326, 0.287767, 0.824980, 0.486414, -0.056485, -0.945261, 0.326262, 0.005870, 0.007269, -0.153856, -0.461477, 0.873709, 0.456250, 0.000000, 0.000000, 0.000000, 1.000000, -0.153768, -0.461508, 0.873708, 0.525255, -0.287767, -0.824979, -0.486415, 0.065484, 0.945275, -0.326219, -0.005952, 0.249757, 0.000000, 0.000000, 0.000000, 1.000000, -0.003925, -0.020177, -0.999789, 0.101355, -0.999229, -0.038966, 0.004709, 0.009597, -0.039053, 0.999037, -0.020009, 0.004433, 0.000000, 0.000000, 0.000000, 1.000000
-19.9958, -56.4852, 7.2712, 456.2502, 525.2549, 65.4849, 249.7554, 101.3550, 9.5971, 4.4326, 0.287755, 0.824982, 0.486417, -0.056485, -0.945264, 0.326253, 0.005861, 0.007271, -0.153860, -0.461479, 0.873707, 0.456250, 0.000000, 0.000000, 0.000000, 1.000000, -0.153772, -0.461510, 0.873706, 0.525255, -0.287754, -0.824982, -0.486417, 0.065485, 0.945279, -0.326210, -0.005943, 0.249755, 0.000000, 0.000000, 0.000000, 1.000000, -0.003925, -0.020177, -0.999789, 0.101355, -0.999229, -0.038966, 0.004709, 0.009597, -0.039053, 0.999037, -0.020009, 0.004433, 0.000000, 0.000000, 0.000000, 1.000000
-19.9940, -56.4866, 7.2763, 456.2511, 525.2557, 65.4862, 249.7504, 101.3550, 9.5971, 4.4326, 0.287725, 0.824989, 0.486423, -0.056487, -0.945272, 0.326232, 0.005841, 0.007276, -0.153868, -0.461483, 0.873704, 0.456251, 0.000000, 0.000000, 0.000000, 1.000000, -0.153781, -0.461514, 0.873703, 0.525256, -0.287725, -0.824989, -0.486424, 0.065486, 0.945286, -0.326189, -0.005922, 0.249750, 0.000000, 0.000000, 0.000000, 1.000000, -0.003925, -0.020177, -0.999789, 0.101355, -0.999229, -0.038966, 0.004709, 0.009597, -0.039053, 0.999037, -0.020009, 0.004433, 0.000000, 0.000000, 0.000000, 1.000000
-19.9930, -56.4874, 7.2793, 456.2516, 525.2563, 65.4870, 249.7475, 101.3550, 9.5971, 4.4326, 0.287709, 0.824993, 0.486427, -0.056487, -0.945276, 0.326219, 0.005829, 0.007279, -0.153873, -0.461485, 0.873702, 0.456252, 0.000000, 0.000000, 0.000000, 1.000000, -0.153785, -0.461516, 0.873701, 0.525256, -0.287708, -0.824992, -0.486427, 0.065487, 0.945290, -0.326177, -0.005910, 0.249747, 0.000000, 0.000000, 0.000000, 1.000000, -0.003925, -0.020177, -0.999789, 0.101355, -0.999229, -0.038966, 0.004709, 0.009597, -0.039053, 0.999037, -0.020009, 0.004433, 0.000000, 0.000000, 0.000000, 1.000000
-19.9906, -56.4892, 7.2863, 456.2528, 525.2575, 65.4888, 249.7406, 101.3550, 9.5971, 4.4326, 0.287670, 0.825001, 0.486435, -0.056489, -0.945286, 0.326191, 0.005803, 0.007286, -0.153883, -0.461490, 0.873697, 0.456253, 0.000000, 0.000000, 0.000000, 1.000000, -0.153796, -0.461521, 0.873697, 0.525257, -0.287670, -0.825001, -0.486436, 0.065489, 0.945300, -0.326148, -0.005884, 0.249741, 0.000000, 0.000000, 0.000000, 1.000000, -0.003925, -0.020177, -0.999789, 0.101355, -0.999229, -0.038966, 0.004709, 0.009597, -0.039053, 0.999037, -0.020009, 0.004433, 0.000000, 0.000000, 0.000000, 1.000000
-19.9892, -56.4902, 7.2903, 456.2536, 525.2582, 65.4898, 249.7367, 101.3550, 9.5971, 4.4326, 0.287648, 0.825006, 0.486440, -0.056490, -0.945292, 0.326175, 0.005788, 0.007290, -0.153889, -0.461493, 0.873695, 0.456254, 0.000000, 0.000000, 0.000000, 1.000000, -0.153802, -0.461523, 0.873694, 0.525258, -0.287648, -0.825005, -0.486440, 0.065490, 0.945306, -0.326132, -0.005869, 0.249737, 0.000000, 0.000000, 0.000000, 1.000000, -0.003925, -0.020177, -0.999789, 0.101355, -0.999229, -0.038966, 0.004709, 0.009597, -0.039053, 0.999037, -0.020009, 0.004433, 0.000000, 0.000000, 0.000000, 1.000000
-19.9878, -56.4913, 7.2946, 456.2543, 525.2590, 65.4909, 249.7325, 101.3550, 9.5971, 4.4326, 0.287625, 0.825011, 0.486445, -0.056491, -0.945298, 0.326157, 0.005773, 0.007295, -0.153895, -0.461496, 0.873692, 0.456254, 0.000000, 0.000000, 0.000000, 1.000000, -0.153808, -0.461526, 0.873691, 0.525259, -0.287625, -0.825011, -0.486446, 0.065491, 0.945312, -0.326115, -0.005853, 0.249732, 0.000000, 0.000000, 0.000000, 1.000000, -0.003925, -0.020177, -0.999789, 0.101355, -0.999229, -0.038966, 0.004709, 0.009597, -0.039053, 0.999037, -0.020009, 0.004433, 0.000000, 0.000000, 0.000000, 1.000000
-19.9828, -56.4951, 7.3095, 456.2570, 525.2616, 65.4948, 249.7178, 101.3550, 9.5971, 4.4326, 0.287544, 0.825029, 0.486462, -0.056495, -0.945319, 0.326097, 0.005718, 0.007310, -0.153916, -0.461506, 0.873683, 0.456257, 0.000000, 0.000000, 0.000000, 1.000000, -0.153830, -0.461537, 0.873682, 0.525262, -0.287544, -0.825029, -0.486463, 0.065495, 0.945333, -0.326054, -0.005798, 0.249718, 0.000000, 0.000000, 0.000000, 1.000000, -0.003925, -0.020177, -0.999789, 0.101355, -0.999229, -0.038966, 0.004709, 0.009597, -0.039053, 0.999037, -0.020009, 0.004433, 0.000000, 0.000000, 0.000000, 1.000000
-19.9809, -56.4966, 7.3152, 456.2580, 525.2626, 65.4962, 249.7122, 101.3550, 9.5971, 4.4326, 0.287514, 0.825036, 0.486469, -0.056497, -0.945327, 0.326074, 0.005698, 0.007315, -0.153924, -0.461510, 0.873679, 0.456258, 0.000000, 0.000000, 0.000000, 1.000000, -0.153838, -0.461541, 0.873678, 0.525263, -0.287513, -0.825035, -0.486470, 0.065496, 0.945341, -0.326032, -0.005778, 0.249712, 0.000000, 0.000000, 0.000000, 1.000000, -0.003925, -0.020177, -0.999789, 0.101355, -0.999229, -0.038966, 0.004709, 0.009597, -0.039053, 0.999037, -0.020009, 0.004433, 0.000000, 0.000000, 0.000000, 1.000000
-19.9768, -56.4997, 7.3274, 456.2602, 525.2648, 65.4993, 249.7001, 101.3550, 9.5971, 4.4326, 0.287447, 0.825050, 0.486483, -0.056500, -0.945345, 0.326024, 0.005653, 0.007327, -0.153941, -0.461519, 0.873672, 0.456260, 0.000000, 0.000000, 0.000000, 1.000000, -0.153855, -0.461550, 0.873671, 0.525265, -0.287447, -0.825050, -0.486484, 0.065499, 0.945359, -0.325982, -0.005733, 0.249700, 0.000000, 0.000000, 0.000000, 1.000000, -0.003925, -0.020177, -0.999789, 0.101355, -0.999229, -0.038966, 0.004709, 0.009597, -0.039053, 0.999037, -0.020009, 0.004433, 0.000000, 0.000000, 0.000000, 1.000000
-19.9746, -56.5014, 7.3340, 456.2614, 525.2660, 65.5010, 249.6936, 101.3550, 9.5971, 4.4326, 0.287411, 0.825058, 0.486491, -0.056501, -0.945354, 0.325997, 0.005629, 0.007334, -0.153951, -0.461524, 0.873667, 0.456261, 0.000000, 0.000000, 0.000000, 1.000000, -0.153865, -0.461554, 0.873667, 0.525266, -0.287411, -0.825058, -0.486492, 0.065501, 0.945368, -0.325955, -0.005708, 0.249694, 0.000000, 0.000000, 0.000000, 1.000000, -0.003925, -0.020177, -0.999789, 0.101355, -0.999229, -0.038966, 0.004709, 0.009597, -0.039053, 0.999037, -0.020009, 0.004433, 0.000000, 0.000000, 0.000000, 1.000000
-19.9699, -56.5050, 7.3480, 456.2639, 525.2685, 65.5046, 249.6797, 101.3550, 9.5971, 4.4326, 0.287334, 0.825075, 0.486508, -0.056505, -0.945374, 0.325940, 0.005577, 0.007348, -0.153971, -0.461534, 0.873659, 0.456264, 0.000000, 0.000000, 0.000000, 1.000000, -0.153885, -0.461564, 0.873658, 0.525268, -0.287334, -0.825075, -0.486508, 0.065505, 0.945388, -0.325898, -0.005656, 0.249680, 0.000000, 0.000000, 0.000000, 1.000000, -0.003925, -0.020177, -0.999789, 0.101355, -0.999229, -0.038966, 0.004709, 0.009597, -0.039053, 0.999037, -0.020009, 0.004433, 0.000000, 0.000000, 0.000000, 1.000000
-19.9647, -56.5089, 7.3633, 456.2667, 525.2712, 65.5085, 249.6646, 101.3550, 9.5971, 4.4326, 0.287250, 0.825094, 0.486526, -0.056509, -0.945396, 0.325877, 0.005520, 0.007363, -0.153993, -0.461545, 0.873649, 0.456267, 0.000000, 0.000000, 0.000000, 1.000000, -0.153908, -0.461575, 0.873648, 0.525271, -0.287250, -0.825094, -0.486526, 0.065509, 0.945410, -0.325835, -0.005599, 0.249665, 0.000000, 0.000000, 0.000000, 1.000000, -0.003925, -0.020177, -0.999789, 0.101355, -0.999229, -0.038966, 0.004709, 0.009597, -0.039053, 0.999037, -0.020009, 0.004433, 0.000000, 0.000000, 0.000000, 1.000000
-19.9620, -56.5110, 7.3713, 456.2681, 525.2726, 65.5106, 249.6567, 101.3550, 9.5971, 4.4326, 0.287205, 0.825104, 0.486535, -0.056511, -0.945408, 0.325844, 0.005490, 0.007371, -0.154005, -0.461551, 0.873644, 0.456268, 0.000000, 0.000000, 0.000000, 1.000000, -0.153920, -0.461581, 0.873643, 0.525273, -0.287205, -0.825104, -0.486536, 0.065511, 0.945422, -0.325802, -0.005569, 0.249657, 0.000000, 0.000000, 0.000000, 1.000000, -0.003925, -0.020177, -0.999789, 0.101355, -0.999229, -0.038966, 0.004709, 0.009597, -0.039053, 0.999037, -0.020009, 0.004433, 0.000000, 0.000000, 0.000000, 1.000000
-19.9591, -56.5132, 7.3796, 456.2696, 525.2741, 65.5128, 249.6484, 101.3550, 9.5971, 4.4326, 0.287159, 0.825114, 0.486545, -0.056513, -0.945420, 0.325809, 0.005459, 0.007380, -0.154017, -0.461557, 0.873638, 0.456270, 0.000000, 0.000000, 0.000000, 1.000000, -0.153932, -0.461587, 0.873637, 0.525274, -0.287159, -0.825114, -0.486546, 0.065513, 0.945434, -0.325768, -0.005538, 0.249648, 0.000000, 0.000000, 0.000000, 1.000000, -0.003925, -0.020177, -0.999789, 0.101355, -0.999229, -0.038966, 0.004709, 0.009597, -0.039053, 0.999037, -0.020009, 0.004433, 0.000000, 0.000000, 0.000000, 1.000000
-19.9532, -56.5177, 7.3971, 456.2727, 525.2772, 65.5173, 249.6312, 101.3550, 9.5971, 4.4326, 0.287062, 0.825136, 0.486566, -0.056518, -0.945445, 0.325737, 0.005393, 0.007397, -0.154043, -0.461570, 0.873627, 0.456273, 0.000000, 0.000000, 0.000000, 1.000000, -0.153958, -0.461600, 0.873626, 0.525277, -0.287062, -0.825135, -0.486567, 0.065517, 0.945459, -0.325696, -0.005471, 0.249631, 0.000000, 0.000000, 0.000000, 1.000000, -0.003925, -0.020177, -0.999789, 0.101355, -0.999229, -0.038966, 0.004709, 0.009597, -0.039053, 0.999037, -0.020009, 0.004433, 0.000000, 0.000000, 0.000000, 1.000000
-19.9501, -56.5201, 7.4061, 456.2743, 525.2788, 65.5197, 249.6222, 101.3550, 9.5971, 4.4326, 0.287011, 0.825147, 0.486577, -0.056520, -0.945458, 0.325699, 0.005358, 0.007406, -0.154056, -0.461576, 0.873621, 0.456274, 0.000000, 0.000000, 0.000000, 1.000000, -0.153972, -0.461606, 0.873620, 0.525279, -0.287011, -0.825147, -0.486578, 0.065520, 0.945472, -0.325658, -0.005437, 0.249622, 0.000000, 0.000000, 0.000000, 1.000000, -0.003925, -0.020177, -0.999789, 0.101355, -0.999229, -0.038966, 0.004709, 0.009597, -0.039053, 0.999037, -0.020009, 0.004433, 0.000000, 0.000000, 0.000000, 1.000000
-19.9401, -56.5276, 7.4349, 456.2794, 525.2839, 65.5273, 249.5937, 101.3550, 9.5971, 4.4326, 0.286849, 0.825183, 0.486612, -0.056528, -0.945500, 0.325579, 0.005248, 0.007435, -0.154100, -0.461597, 0.873602, 0.456279, 0.000000, 0.000000, 0.000000, 1.000000, -0.154016, -0.461627, 0.873602, 0.525284, -0.286848, -0.825182, -0.486613, 0.065527, 0.945514, -0.325537, -0.005325, 0.249594, 0.000000, 0.000000, 0.000000, 1.000000, -0.003925, -0.020177, -0.999789, 0.101355, -0.999229, -0.038966, 0.004709, 0.009597, -0.039053, 0.999037, -0.020009, 0.004433, 0.000000, 0.000000, 0.000000, 1.000000
-19.9366, -56.5303, 7.4449, 456.2812, 525.2856, 65.5299, 249.5838, 101.3550, 9.5971, 4.4326, 0.286792, 0.825195, 0.486624, -0.056530, -0.945515, 0.325536, 0.005209, 0.007445, -0.154116, -0.461604, 0.873596, 0.456281, 0.000000, 0.000000, 0.000000, 1.000000, -0.154032, -0.461634, 0.873595, 0.525286, -0.286791, -0.825195, -0.486625, 0.065530, 0.945529, -0.325495, -0.005286, 0.249584, 0.000000, 0.000000, 0.000000, 1.000000, -0.003925, -0.020177, -0.999789, 0.101355, -0.999229, -0.038966, 0.004709, 0.009597, -0.039053, 0.999037, -0.020009, 0.004433, 0.000000, 0.000000, 0.000000, 1.000000
-19.9294, -56.5357, 7.4655, 456.2848, 525.2892, 65.5354, 249.5634, 101.3550, 9.5971, 4.4326, 0.286674, 0.825221, 0.486650, -0.056536, -0.945546, 0.325449, 0.005128, 0.007465, -0.154148, -0.461619, 0.873582, 0.456285, 0.000000, 0.000000, 0.000000, 1.000000, -0.154064, -0.461649, 0.873581, 0.525289, -0.286674, -0.825221, -0.486650, 0.065535, 0.945559, -0.325408, -0.005206, 0.249563, 0.000000, 0.000000, 0.000000, 1.000000, -0.003925, -0.020177, -0.999789, 0.101355, -0.999229, -0.038966, 0.004709, 0.009597, -0.039053, 0.999037, -0.020009, 0.004433, 0.000000, 0.000000, 0.000000, 1.000000
-19.9294, -56.5357, 7.4655, 456.2848, 525.2892, 65.5354, 249.5634, 101.3550, 9.5971, 4.4326, 0.286674, 0.825221, 0.486650, -0.056536, -0.945546, 0.325449, 0.005128, 0.007465, -0.154148, -0.461619, 0.873582, 0.456285, 0.000000, 0.000000, 0.000000, 1.000000, -0.154064, -0.461649, 0.873581, 0.525289, -0.286674, -0.825221, -0.486650, 0.065535, 0.945559, -0.325408, -0.005206, 0.249563, 0.000000, 0.000000, 0.000000, 1.000000, -0.003925, -0.020177, -0.999789, 0.101355, -0.999229, -0.038966, 0.004709, 0.009597, -0.039053, 0.999037, -0.020009, 0.004433, 0.000000, 0.000000, 0.000000, 1.000000
-19.9180, -56.5443, 7.4977, 456.2904, 525.2948, 65.5440, 249.5314, 101.3550, 9.5971, 4.4326, 0.286488, 0.825262, 0.486689, -0.056544, -0.945593, 0.325312, 0.005001, 0.007498, -0.154199, -0.461643, 0.873561, 0.456290, 0.000000, 0.000000, 0.000000, 1.000000, -0.154116, -0.461672, 0.873560, 0.525295, -0.286488, -0.825262, -0.486690, 0.065544, 0.945607, -0.325271, -0.005078, 0.249531, 0.000000, 0.000000, 0.000000, 1.000000, -0.003925, -0.020177, -0.999789, 0.101355, -0.999229, -0.038966, 0.004709, 0.009597, -0.039053, 0.999037, -0.020009, 0.004433, 0.000000, 0.000000, 0.000000, 1.000000
-19.9141, -56.5473, 7.5088, 456.2924, 525.2968, 65.5469, 249.5204, 101.3550, 9.5971, 4.4326, 0.286424, 0.825276, 0.486703, -0.056547, -0.945610, 0.325265, 0.004957, 0.007509, -0.154217, -0.461651, 0.873553, 0.456292, 0.000000, 0.000000, 0.000000, 1.000000, -0.154134, -0.461680, 0.873553, 0.525297, -0.286424, -0.825276, -0.486704, 0.065547, 0.945624, -0.325224, -0.005033, 0.249520, 0.000000, 0.000000, 0.000000, 1.000000, -0.003925, -0.020177, -0.999789, 0.101355, -0.999229, -0.038966, 0.004709, 0.009597, -0.039053, 0.999037, -0.020009, 0.004433, 0.000000, 0.000000, 0.000000, 1.000000
-19.9060, -56.5534, 7.5313, 456.2963, 525.3007, 65.5530, 249.4980, 101.3550, 9.5971, 4.4326, 0.286293, 0.825305, 0.486731, -0.056553, -0.945644, 0.325168, 0.004866, 0.007531, -0.154253, -0.461668, 0.873538, 0.456296, 0.000000, 0.000000, 0.000000, 1.000000, -0.154171, -0.461697, 0.873537, 0.525301, -0.286293, -0.825305, -0.486732, 0.065553, 0.945657, -0.325128, -0.004943, 0.249498, 0.000000, 0.000000, 0.000000, 1.000000, -0.003925, -0.020177, -0.999789, 0.101355, -0.999229, -0.038966, 0.004709, 0.009597, -0.039053, 0.999037, -0.020009, 0.004433, 0.000000, 0.000000, 0.000000, 1.000000
-19.9019, -56.5565, 7.5428, 456.2983, 525.3026, 65.5561, 249.4867, 101.3550, 9.5971, 4.4326, 0.286226, 0.825320, 0.486746, -0.056556, -0.945661, 0.325119, 0.004820, 0.007543, -0.154272, -0.461676, 0.873530, 0.456298, 0.000000, 0.000000, 0.000000, 1.000000, -0.154190, -0.461705, 0.873530, 0.525303, -0.286226, -0.825320, -0.486746, 0.065556, 0.945674, -0.325078, -0.004896, 0.249487, 0.000000, 0.000000, 0.000000, 1.000000, -0.003925, -0.020177, -0.999789, 0.101355, -0.999229, -0.038966, 0.004709, 0.009597, -0.039053, 0.999037, -0.020009, 0.004433, 0.000000, 0.000000, 0.000000, 1.000000
-19.8936, -56.5628, 7.5661, 456.3023, 525.3066, 65.5624, 249.4636, 101.3550, 9.5971, 4.4326, 0.286090, 0.825350, 0.486775, -0.056563, -0.945696, 0.325018, 0.004725, 0.007566, -0.154311, -0.461693, 0.873515, 0.456302, 0.000000, 0.000000, 0.000000, 1.000000, -0.154229, -0.461722, 0.873514, 0.525307, -0.286090, -0.825350, -0.486776, 0.065562, 0.945709, -0.324978, -0.004801, 0.249464, 0.000000, 0.000000, 0.000000, 1.000000, -0.003925, -0.020177, -0.999789, 0.101355, -0.999229, -0.038966, 0.004709, 0.009597, -0.039053, 0.999037, -0.020009, 0.004433, 0.000000, 0.000000, 0.000000, 1.000000
-19.8850, -56.5692, 7.5897, 456.3064, 525.3107, 65.5688, 249.4402, 101.3550, 9.5971, 4.4326, 0.285950, 0.825381, 0.486805, -0.056569, -0.945732, 0.324916, 0.004629, 0.007590, -0.154350, -0.461710, 0.873498, 0.456306, 0.000000, 0.000000, 0.000000, 1.000000, -0.154268, -0.461739, 0.873498, 0.525311, -0.285950, -0.825380, -0.486806, 0.065569, 0.945745, -0.324876, -0.004704, 0.249440, 0.000000, 0.000000, 0.000000, 1.000000, -0.003925, -0.020177, -0.999789, 0.101355, -0.999229, -0.038966, 0.004709, 0.009597, -0.039053, 0.999037, -0.020009, 0.004433, 0.000000, 0.000000, 0.000000, 1.000000
-19.8807, -56.5725, 7.6016, 456.3084, 525.3127, 65.5721, 249.4284, 101.3550, 9.5971, 4.4326, 0.285880, 0.825396, 0.486820, -0.056572, -0.945750, 0.324864, 0.004580, 0.007602, -0.154370, -0.461719, 0.873490, 0.456308, 0.000000, 0.000000, 0.000000, 1.000000, -0.154289, -0.461748, 0.873490, 0.525313, -0.285880, -0.825396, -0.486821, 0.065572, 0.945763, -0.324824, -0.004655, 0.249428, 0.000000, 0.000000, 0.000000, 1.000000, -0.003925, -0.020177, -0.999789, 0.101355, -0.999229, -0.038966, 0.004709, 0.009597, -0.039053, 0.999037, -0.020009, 0.004433, 0.000000, 0.000000, 0.000000, 1.000000
-19.8720, -56.5790, 7.6255, 456.3125, 525.3168, 65.5786, 249.4047, 101.3550, 9.5971, 4.4326, 0.285738, 0.825427, 0.486850, -0.056579, -0.945786, 0.324760, 0.004481, 0.007625, -0.154411, -0.461737, 0.873474, 0.456313, 0.000000, 0.000000, 0.000000, 1.000000, -0.154330, -0.461765, 0.873473, 0.525317, -0.285738, -0.825427, -0.486851, 0.065579, 0.945799, -0.324720, -0.004556, 0.249405, 0.000000, 0.000000, 0.000000, 1.000000, -0.003925, -0.020177, -0.999789, 0.101355, -0.999229, -0.038966, 0.004709, 0.009597, -0.039053, 0.999037, -0.020009, 0.004433, 0.000000, 0.000000, 0.000000, 1.000000
-19.8676, -56.5823, 7.6375, 456.3146, 525.3188, 65.5819, 249.3927, 101.3550, 9.5971, 4.4326, 0.285666, 0.825443, 0.486866, -0.056582, -0.945804, 0.324707, 0.004431, 0.007638, -0.154431, -0.461745, 0.873466, 0.456315, 0.000000, 0.000000, 0.000000, 1.000000, -0.154350, -0.461774, 0.873465, 0.525319, -0.285666, -0.825443, -0.486866, 0.065582, 0.945818, -0.324667, -0.004506, 0.249393, 0.000000, 0.000000, 0.000000, 1.000000, -0.003925, -0.020177, -0.999789, 0.101355, -0.999229, -0.038966, 0.004709, 0.009597, -0.039053, 0.999037, -0.020009, 0.004433, 0.000000, 0.000000, 0.000000, 1.000000
-19.8587, -56.5890, 7.6617, 456.3187, 525.3230, 65.5886, 249.3687, 101.3550, 9.5971, 4.4326, 0.285521, 0.825475, 0.486897, -0.056589, -0.945841, 0.324601, 0.004330, 0.007662, -0.154473, -0.461763, 0.873449, 0.456319, 0.000000, 0.000000, 0.000000, 1.000000, -0.154392, -0.461792, 0.873448, 0.525323, -0.285521, -0.825475, -0.486897, 0.065589, 0.945854, -0.324561, -0.004404, 0.249369, 0.000000, 0.000000, 0.000000, 1.000000, -0.003925, -0.020177, -0.999789, 0.101355, -0.999229, -0.038966, 0.004709, 0.009597, -0.039053, 0.999037, -0.020009, 0.004433, 0.000000, 0.000000, 0.000000, 1.000000
-19.8587, -56.5890, 7.6617, 456.3187, 525.3230, 65.5886, 249.3687, 101.3550, 9.5971, 4.4326, 0.285521, 0.825475, 0.486897, -0.056589, -0.945841, 0.324601, 0.004330, 0.007662, -0.154473, -0.461763, 0.873449, 0.456319, 0.000000, 0.000000, 0.000000, 1.000000, -0.154392, -0.461792, 0.873448, 0.525323, -0.285521, -0.825475, -0.486897, 0.065589, 0.945854, -0.324561, -0.004404, 0.249369, 0.000000, 0.000000, 0.000000, 1.000000, -0.003925, -0.020177, -0.999789, 0.101355, -0.999229, -0.038966, 0.004709, 0.009597, -0.039053, 0.999037, -0.020009, 0.004433, 0.000000, 0.000000, 0.000000, 1.000000
-19.8408, -56.6024, 7.7102, 456.3269, 525.3312, 65.6020, 249.3206, 101.3550, 9.5971, 4.4326, 0.285229, 0.825539, 0.486959, -0.056602, -0.945916, 0.324387, 0.004125, 0.007710, -0.154558, -0.461799, 0.873415, 0.456327, 0.000000, 0.000000, 0.000000, 1.000000, -0.154478, -0.461827, 0.873414, 0.525331, -0.285229, -0.825539, -0.486960, 0.065602, 0.945929, -0.324348, -0.004199, 0.249321, 0.000000, 0.000000, 0.000000, 1.000000, -0.003925, -0.020177, -0.999789, 0.101355, -0.999229, -0.038966, 0.004709, 0.009597, -0.039053, 0.999037, -0.020009, 0.004433, 0.000000, 0.000000, 0.000000, 1.000000
-19.8317, -56.6091, 7.7344, 456.3310, 525.3352, 65.6087, 249.2966, 101.3550, 9.5971, 4.4326, 0.285082, 0.825571, 0.486991, -0.056609, -0.945953, 0.324279, 0.004022, 0.007734, -0.154601, -0.461817, 0.873398, 0.456331, 0.000000, 0.000000, 0.000000, 1.000000, -0.154521, -0.461845, 0.873397, 0.525335, -0.285082, -0.825571, -0.486991, 0.065609, 0.945966, -0.324241, -0.004096, 0.249297, 0.000000, 0.000000, 0.000000, 1.000000, -0.003925, -0.020177, -0.999789, 0.101355, -0.999229, -0.038966, 0.004709, 0.009597, -0.039053, 0.999037, -0.020009, 0.004433, 0.000000, 0.000000, 0.000000, 1.000000
-19.8228, -56.6162, 7.7648, 456.3369, 525.3411, 65.6158, 249.2663, 101.3550, 9.5971, 4.4326, 0.284934, 0.825604, 0.487022, -0.056616, -0.945992, 0.324165, 0.003930, 0.007765, -0.154631, -0.461839, 0.873381, 0.456337, 0.000000, 0.000000, 0.000000, 1.000000, -0.154552, -0.461866, 0.873380, 0.525341, -0.284934, -0.825604, -0.487022, 0.065616, 0.946005, -0.324126, -0.004003, 0.249266, 0.000000, 0.000000, 0.000000, 1.000000, -0.003925, -0.020177, -0.999789, 0.101355, -0.999229, -0.038966, 0.004709, 0.009597, -0.039053, 0.999037, -0.020009, 0.004433, 0.000000, 0.000000, 0.000000, 1.000000
-19.8184, -56.6200, 7.7829, 456.3406, 525.3448, 65.6196, 249.2482, 101.3550, 9.5971, 4.4326, 0.284860, 0.825621, 0.487037, -0.056620, -0.946013, 0.324104, 0.003888, 0.007783, -0.154640, -0.461851, 0.873373, 0.456341, 0.000000, 0.000000, 0.000000, 1.000000, -0.154561, -0.461879, 0.873372, 0.525345, -0.284859, -0.825621, -0.487038, 0.065620, 0.946026, -0.324065, -0.003962, 0.249248, 0.000000, 0.000000, 0.000000, 1.000000, -0.003925, -0.020177, -0.999789, 0.101355, -0.999229, -0.038966, 0.004709, 0.009597, -0.039053, 0.999037, -0.020009, 0.004433, 0.000000, 0.000000, 0.000000, 1.000000
-19.8095, -56.6274, 7.8182, 456.3478, 525.3520, 65.6270, 249.2130, 101.3550, 9.5971, 4.4326, 0.284711, 0.825654, 0.487068, -0.056627, -0.946055, 0.323984, 0.003805, 0.007818, -0.154661, -0.461876, 0.873356, 0.456348, 0.000000, 0.000000, 0.000000, 1.000000, -0.154581, -0.461904, 0.873355, 0.525352, -0.284711, -0.825654, -0.487068, 0.065627, 0.946068, -0.323945, -0.003878, 0.249213, 0.000000, 0.000000, 0.000000, 1.000000, -0.003924, -0.020177, -0.999789, 0.101355, -0.999229, -0.038966, 0.004709, 0.009597, -0.039053, 0.999037, -0.020009, 0.004433, 0.000000, 0.000000, 0.000000, 1.000000
-19.8051, -56.6310, 7.8353, 456.3513, 525.3555, 65.6307, 249.1959, 101.3550, 9.5971, 4.4326, 0.284637, 0.825671, 0.487083, -0.056631, -0.946075, 0.323925, 0.003763, 0.007835, -0.154671, -0.461888, 0.873348, 0.456351, 0.000000, 0.000000, 0.000000, 1.000000, -0.154592, -0.461916, 0.873347, 0.525355, -0.284637, -0.825670, -0.487083, 0.065631, 0.946088, -0.323886, -0.003836, 0.249196, 0.000000, 0.000000, 0.000000, 1.000000, -0.003924, -0.020177, -0.999789, 0.101355, -0.999229, -0.038966, 0.004709, 0.009597, -0.039053, 0.999037, -0.020009, 0.004433, 0.000000, 0.000000, 0.000000, 1.000000
-19.7964, -56.6383, 7.8684, 456.3579, 525.3621, 65.6379, 249.1628, 101.3550, 9.5971, 4.4326, 0.284491, 0.825703, 0.487113, -0.056638, -0.946115, 0.323809, 0.003678, 0.007868, -0.154695, -0.461911, 0.873331, 0.456358, 0.000000, 0.000000, 0.000000, 1.000000, -0.154616, -0.461939, 0.873331, 0.525362, -0.284491, -0.825703, -0.487113, 0.065638, 0.946128, -0.323770, -0.003751, 0.249163, 0.000000, 0.000000, 0.000000, 1.000000, -0.003924, -0.020177, -0.999789, 0.101355, -0.999229, -0.038966, 0.004709, 0.009597, -0.039053, 0.999037, -0.020009, 0.004433, 0.000000, 0.000000, 0.000000, 1.000000
-19.7878, -56.6453, 7.8998, 456.3641, 525.3683, 65.6449, 249.1314, 101.3550, 9.5971, 4.4326, 0.284347, 0.825735, 0.487142, -0.056645, -0.946155, 0.323695, 0.003592, 0.007900, -0.154720, -0.461933, 0.873315, 0.456364, 0.000000, 0.000000, 0.000000, 1.000000, -0.154641, -0.461961, 0.873314, 0.525368, -0.284347, -0.825735, -0.487143, 0.065645, 0.946168, -0.323657, -0.003665, 0.249131, 0.000000, 0.000000, 0.000000, 1.000000, -0.003924, -0.020177, -0.999789, 0.101355, -0.999229, -0.038966, 0.004709, 0.009597, -0.039053, 0.999037, -0.020009, 0.004433, 0.000000, 0.000000, 0.000000, 1.000000
-19.7835, -56.6488, 7.9149, 456.3671, 525.3712, 65.6484, 249.1164, 101.3550, 9.5971, 4.4326, 0.284276, 0.825751, 0.487157, -0.056649, -0.946174, 0.323640, 0.003549, 0.007915, -0.154733, -0.461944, 0.873307, 0.456367, 0.000000, 0.000000, 0.000000, 1.000000, -0.154654, -0.461972, 0.873306, 0.525371, -0.284276, -0.825751, -0.487158, 0.065648, 0.946187, -0.323601, -0.003622, 0.249116, 0.000000, 0.000000, 0.000000, 1.000000, -0.003924, -0.020177, -0.999789, 0.101355, -0.999229, -0.038966, 0.004709, 0.009597, -0.039053, 0.999037, -0.020009, 0.004433, 0.000000, 0.000000, 0.000000, 1.000000
-19.7751, -56.6555, 7.9437, 456.3726, 525.3768, 65.6552, 249.0877, 101.3550, 9.5971, 4.4326, 0.284137, 0.825782, 0.487186, -0.056656, -0.946211, 0.323532, 0.003462, 0.007944, -0.154761, -0.461965, 0.873291, 0.456373, 0.000000, 0.000000, 0.000000, 1.000000, -0.154682, -0.461992, 0.873291, 0.525377, -0.284136, -0.825782, -0.487187, 0.065655, 0.946224, -0.323493, -0.003535, 0.249088, 0.000000, 0.000000, 0.000000, 1.000000, -0.003924, -0.020177, -0.999789, 0.101355, -0.999229, -0.038966, 0.004709, 0.009597, -0.039053, 0.999037, -0.020009, 0.004433, 0.000000, 0.000000, 0.000000, 1.000000
-19.7709, -56.6588, 7.9575, 456.3752, 525.3794, 65.6585, 249.0739, 101.3550, 9.5971, 4.4326, 0.284067, 0.825797, 0.487201, -0.056659, -0.946229, 0.323478, 0.003418, 0.007957, -0.154776, -0.461974, 0.873283, 0.456375, 0.000000, 0.000000, 0.000000, 1.000000, -0.154697, -0.462002, 0.873283, 0.525379, -0.284067, -0.825797, -0.487201, 0.065658, 0.946242, -0.323440, -0.003491, 0.249074, 0.000000, 0.000000, 0.000000, 1.000000, -0.003924, -0.020177, -0.999789, 0.101355, -0.999229, -0.038966, 0.004709, 0.009597, -0.039053, 0.999037, -0.020009, 0.004433, 0.000000, 0.000000, 0.000000, 1.000000
-19.7626, -56.6654, 7.9839, 456.3801, 525.3843, 65.6650, 249.0475, 101.3550, 9.5972, 4.4326, 0.283930, 0.825828, 0.487229, -0.056665, -0.946265, 0.323374, 0.003330, 0.007984, -0.154808, -0.461993, 0.873268, 0.456380, 0.000000, 0.000000, 0.000000, 1.000000, -0.154729, -0.462021, 0.873267, 0.525384, -0.283930, -0.825827, -0.487230, 0.065665, 0.946278, -0.323335, -0.003403, 0.249048, 0.000000, 0.000000, 0.000000, 1.000000, -0.003924, -0.020177, -0.999789, 0.101355, -0.999229, -0.038966, 0.004708, 0.009597, -0.039053, 0.999037, -0.020009, 0.004433, 0.000000, 0.000000, 0.000000, 1.000000
-19.7544, -56.6717, 8.0088, 456.3846, 525.3888, 65.6713, 249.0227, 101.3550, 9.5972, 4.4326, 0.283795, 0.825857, 0.487257, -0.056672, -0.946300, 0.323272, 0.003240, 0.008009, -0.154841, -0.462011, 0.873252, 0.456385, 0.000000, 0.000000, 0.000000, 1.000000, -0.154762, -0.462039, 0.873252, 0.525389, -0.283795, -0.825857, -0.487258, 0.065671, 0.946313, -0.323234, -0.003313, 0.249023, 0.000000, 0.000000, 0.000000, 1.000000, -0.003924, -0.020177, -0.999789, 0.101355, -0.999229, -0.038966, 0.004708, 0.009597, -0.039053, 0.999037, -0.020009, 0.004433, 0.000000, 0.000000, 0.000000, 1.000000
-19.7504, -56.6748, 8.0207, 456.3868, 525.3909, 65.6745, 249.0108, 101.3550, 9.5972, 4.4326, 0.283729, 0.825872, 0.487271, -0.056675, -0.946318, 0.323222, 0.003195, 0.008021, -0.154858, -0.462020, 0.873245, 0.456387, 0.000000, 0.000000, 0.000000, 1.000000, -0.154780, -0.462048, 0.873244, 0.525391, -0.283728, -0.825872, -0.487272, 0.065674, 0.946331, -0.323184, -0.003268, 0.249011, 0.000000, 0.000000, 0.000000, 1.000000, -0.003924, -0.020177, -0.999789, 0.101355, -0.999229, -0.038966, 0.004708, 0.009597, -0.039053, 0.999037, -0.020009, 0.004433, 0.000000, 0.000000, 0.000000, 1.000000
-19.7423, -56.6810, 8.0435, 456.3907, 525.3948, 65.6806, 248.9881, 101.3550, 9.5972, 4.4326, 0.283596, 0.825901, 0.487299, -0.056681, -0.946351, 0.323124, 0.003104, 0.008043, -0.154895, -0.462037, 0.873229, 0.456391, 0.000000, 0.000000, 0.000000, 1.000000, -0.154816, -0.462064, 0.873229, 0.525395, -0.283596, -0.825901, -0.487300, 0.065681, 0.946364, -0.323086, -0.003177, 0.248988, 0.000000, 0.000000, 0.000000, 1.000000, -0.003924, -0.020177, -0.999789, 0.101355, -0.999229, -0.038966, 0.004708, 0.009597, -0.039053, 0.999037, -0.020009, 0.004433, 0.000000, 0.000000, 0.000000, 1.000000
-19.7383, -56.6840, 8.0544, 456.3926, 525.3967, 65.6836, 248.9772, 101.3550, 9.5972, 4.4326, 0.283530, 0.825915, 0.487313, -0.056684, -0.946368, 0.323076, 0.003058, 0.008054, -0.154913, -0.462045, 0.873222, 0.456393, 0.000000, 0.000000, 0.000000, 1.000000, -0.154835, -0.462072, 0.873221, 0.525397, -0.283530, -0.825915, -0.487314, 0.065684, 0.946381, -0.323038, -0.003131, 0.248977, 0.000000, 0.000000, 0.000000, 1.000000, -0.003924, -0.020177, -0.999789, 0.101355, -0.999229, -0.038966, 0.004708, 0.009597, -0.039053, 0.999037, -0.020009, 0.004433, 0.000000, 0.000000, 0.000000, 1.000000
-19.7303, -56.6899, 8.0753, 456.3961, 525.4002, 65.6896, 248.9564, 101.3550, 9.5972, 4.4326, 0.283400, 0.825944, 0.487341, -0.056690, -0.946401, 0.322981, 0.002966, 0.008075, -0.154952, -0.462060, 0.873207, 0.456396, 0.000000, 0.000000, 0.000000, 1.000000, -0.154874, -0.462088, 0.873206, 0.525400, -0.283400, -0.825944, -0.487342, 0.065690, 0.946414, -0.322943, -0.003038, 0.248956, 0.000000, 0.000000, 0.000000, 1.000000, -0.003924, -0.020177, -0.999789, 0.101355, -0.999229, -0.038966, 0.004708, 0.009597, -0.039053, 0.999037, -0.020009, 0.004433, 0.000000, 0.000000, 0.000000, 1.000000
-19.7263, -56.6929, 8.0853, 456.3977, 525.4018, 65.6925, 248.9464, 101.3550, 9.5972, 4.4326, 0.283335, 0.825958, 0.487355, -0.056693, -0.946417, 0.322934, 0.002919, 0.008085, -0.154972, -0.462068, 0.873199, 0.456398, 0.000000, 0.000000, 0.000000, 1.000000, -0.154894, -0.462095, 0.873199, 0.525402, -0.283335, -0.825958, -0.487355, 0.065692, 0.946430, -0.322896, -0.002992, 0.248946, 0.000000, 0.000000, 0.000000, 1.000000, -0.003924, -0.020177, -0.999789, 0.101355, -0.999229, -0.038966, 0.004708, 0.009597, -0.039053, 0.999037, -0.020009, 0.004433, 0.000000, 0.000000, 0.000000, 1.000000
-19.7184, -56.6986, 8.1045, 456.4007, 525.4048, 65.6983, 248.9272, 101.3550, 9.5972, 4.4326, 0.283206, 0.825986, 0.487382, -0.056699, -0.946449, 0.322842, 0.002825, 0.008105, -0.155014, -0.462082, 0.873184, 0.456401, 0.000000, 0.000000, 0.000000, 1.000000, -0.154936, -0.462110, 0.873184, 0.525405, -0.283206, -0.825986, -0.487383, 0.065698, 0.946461, -0.322804, -0.002898, 0.248927, 0.000000, 0.000000, 0.000000, 1.000000, -0.003924, -0.020177, -0.999789, 0.101355, -0.999229, -0.038966, 0.004708, 0.009597, -0.039053, 0.999037, -0.020009, 0.004433, 0.000000, 0.000000, 0.000000, 1.000000
