# Joint_4_Angle(deg), Cam_X(mm), Cam_Y(mm), Cam_Z(mm), Torso_X(mm), Torso_Y(mm), Torso_Z(mm), EE_X(mm), EE_Y(mm), EE_Z(mm), T_cam2marker_flat(16), T_torso2marker_flat(16), T_ee2marker_flat(16)
-30.0000, 46.6903, -32.5775, 209.3489, 231.3609, -46.6908, 232.5728, 112.5426, 56.6803, 55.2059, 0.603833, 0.792783, -0.082952, 0.046690, -0.674531, 0.563651, 0.476766, -0.032578, 0.424728, -0.231933, 0.875107, 0.209349, 0.000000, 0.000000, 0.000000, 1.000000, 0.424979, -0.232146, 0.874929, 0.231361, -0.603834, -0.792782, 0.082950, -0.046691, 0.674372, -0.563564, -0.477093, 0.232573, 0.000000, 0.000000, 0.000000, 1.000000, 0.002821, -0.015127, -0.999882, 0.112543, -0.999583, -0.028766, -0.002385, 0.056680, -0.028727, 0.999472, -0.015202, 0.055206, 0.000000, 0.000000, 0.000000, 1.000000
-30.0000, 46.6903, -32.5772, 209.3490, 231.3611, -46.6908, 232.5725, 112.5425, 56.6803, 55.2059, 0.603833, 0.792783, -0.082952, 0.046690, -0.674530, 0.563651, 0.476767, -0.032577, 0.424729, -0.231934, 0.875107, 0.209349, 0.000000, 0.000000, 0.000000, 1.000000, 0.424979, -0.232146, 0.874929, 0.231361, -0.603834, -0.792782, 0.082950, -0.046691, 0.674372, -0.563564, -0.477094, 0.232572, 0.000000, 0.000000, 0.000000, 1.000000, 0.002821, -0.015127, -0.999882, 0.112543, -0.999583, -0.028766, -0.002385, 0.056680, -0.028727, 0.999472, -0.015202, 0.055206, 0.000000, 0.000000, 0.000000, 1.000000
-30.0000, 46.6902, -32.5769, 209.3492, 231.3613, -46.6907, 232.5721, 112.5424, 56.6804, 55.2059, 0.603833, 0.792783, -0.082952, 0.046690, -0.674530, 0.563650, 0.476768, -0.032577, 0.424730, -0.231934, 0.875106, 0.209349, 0.000000, 0.000000, 0.000000, 1.000000, 0.424980, -0.232146, 0.874928, 0.231361, -0.603834, -0.792783, 0.082950, -0.046691, 0.674371, -0.563564, -0.477095, 0.232572, 0.000000, 0.000000, 0.000000, 1.000000, 0.002821, -0.015127, -0.999882, 0.112542, -0.999583, -0.028766, -0.002385, 0.056680, -0.028727, 0.999472, -0.015202, 0.055206, 0.000000, 0.000000, 0.000000, 1.000000
-30.0000, 46.6901, -32.5765, 209.3495, 231.3615, -46.6906, 232.5718, 112.5423, 56.6804, 55.2059, 0.603832, 0.792783, -0.082953, 0.046690, -0.674530, 0.563650, 0.476769, -0.032576, 0.424731, -0.231935, 0.875106, 0.209349, 0.000000, 0.000000, 0.000000, 1.000000, 0.424981, -0.232147, 0.874928, 0.231361, -0.603833, -0.792783, 0.082951, -0.046691, 0.674371, -0.563563, -0.477096, 0.232572, 0.000000, 0.000000, 0.000000, 1.000000, 0.002821, -0.015127, -0.999882, 0.112542, -0.999583, -0.028766, -0.002385, 0.056680, -0.028727, 0.999472, -0.015202, 0.055206, 0.000000, 0.000000, 0.000000, 1.000000
-30.0000, 46.6895, -32.5732, 209.3517, 231.3637, -46.6900, 232.5685, 112.5415, 56.6806, 55.2059, 0.603831, 0.792784, -0.082952, 0.046690, -0.674526, 0.563646, 0.476779, -0.032573, 0.424739, -0.231940, 0.875100, 0.209352, 0.000000, 0.000000, 0.000000, 1.000000, 0.424989, -0.232153, 0.874923, 0.231364, -0.603832, -0.792784, 0.082950, -0.046690, 0.674367, -0.563559, -0.477106, 0.232568, 0.000000, 0.000000, 0.000000, 1.000000, 0.002821, -0.015127, -0.999882, 0.112542, -0.999583, -0.028766, -0.002385, 0.056681, -0.028727, 0.999472, -0.015202, 0.055206, 0.000000, 0.000000, 0.000000, 1.000000
-30.0000, 46.6889, -32.5703, 209.3537, 231.3657, -46.6894, 232.5655, 112.5408, 56.6807, 55.2059, 0.603829, 0.792786, -0.082952, 0.046689, -0.674523, 0.563642, 0.476788, -0.032570, 0.424745, -0.231945, 0.875096, 0.209354, 0.000000, 0.000000, 0.000000, 1.000000, 0.424996, -0.232158, 0.874918, 0.231366, -0.603830, -0.792785, 0.082950, -0.046689, 0.674364, -0.563555, -0.477114, 0.232566, 0.000000, 0.000000, 0.000000, 1.000000, 0.002821, -0.015127, -0.999882, 0.112541, -0.999583, -0.028766, -0.002385, 0.056681, -0.028727, 0.999472, -0.015202, 0.055206, 0.000000, 0.000000, 0.000000, 1.000000
-30.0000, 46.6878, -32.5647, 209.3574, 231.3695, -46.6883, 232.5600, 112.5395, 56.6810, 55.2060, 0.603827, 0.792788, -0.082951, 0.046688, -0.674518, 0.563635, 0.476803, -0.032565, 0.424758, -0.231955, 0.875087, 0.209357, 0.000000, 0.000000, 0.000000, 1.000000, 0.425008, -0.232167, 0.874909, 0.231369, -0.603828, -0.792787, 0.082949, -0.046688, 0.674359, -0.563548, -0.477130, 0.232560, 0.000000, 0.000000, 0.000000, 1.000000, 0.002821, -0.015127, -0.999882, 0.112540, -0.999583, -0.028766, -0.002385, 0.056681, -0.028727, 0.999472, -0.015202, 0.055206, 0.000000, 0.000000, 0.000000, 1.000000
-29.9999, 46.6873, -32.5621, 209.3592, 231.3712, -46.6877, 232.5573, 112.5389, 56.6812, 55.2060, 0.603826, 0.792789, -0.082950, 0.046687, -0.674516, 0.563632, 0.476810, -0.032562, 0.424763, -0.231959, 0.875084, 0.209359, 0.000000, 0.000000, 0.000000, 1.000000, 0.425013, -0.232172, 0.874906, 0.231371, -0.603827, -0.792788, 0.082948, -0.046688, 0.674357, -0.563545, -0.477137, 0.232557, 0.000000, 0.000000, 0.000000, 1.000000, 0.002821, -0.015127, -0.999882, 0.112539, -0.999583, -0.028767, -0.002385, 0.056681, -0.028727, 0.999472, -0.015202, 0.055206, 0.000000, 0.000000, 0.000000, 1.000000
-29.9999, 46.6873, -32.5621, 209.3592, 231.3712, -46.6877, 232.5573, 112.5389, 56.6812, 55.2060, 0.603826, 0.792789, -0.082950, 0.046687, -0.674516, 0.563632, 0.476810, -0.032562, 0.424763, -0.231959, 0.875084, 0.209359, 0.000000, 0.000000, 0.000000, 1.000000, 0.425013, -0.232172, 0.874906, 0.231371, -0.603827, -0.792788, 0.082948, -0.046688, 0.674357, -0.563545, -0.477137, 0.232557, 0.000000, 0.000000, 0.000000, 1.000000, 0.002821, -0.015127, -0.999882, 0.112539, -0.999583, -0.028767, -0.002385, 0.056681, -0.028727, 0.999472, -0.015202, 0.055206, 0.000000, 0.000000, 0.000000, 1.000000
-29.9994, 46.6854, -32.5548, 209.3636, 231.3756, -46.6859, 232.5499, 112.5377, 56.6814, 55.2061, 0.603823, 0.792792, -0.082943, 0.046685, -0.674513, 0.563623, 0.476825, -0.032555, 0.424771, -0.231971, 0.875076, 0.209364, 0.000000, 0.000000, 0.000000, 1.000000, 0.425022, -0.232184, 0.874898, 0.231376, -0.603824, -0.792791, 0.082941, -0.046686, 0.674354, -0.563536, -0.477152, 0.232550, 0.000000, 0.000000, 0.000000, 1.000000, 0.002821, -0.015127, -0.999882, 0.112538, -0.999583, -0.028767, -0.002385, 0.056681, -0.028727, 0.999472, -0.015202, 0.055206, 0.000000, 0.000000, 0.000000, 1.000000
-29.9980, 46.6817, -32.5422, 209.3703, 231.3824, -46.6822, 232.5372, 112.5362, 56.6818, 55.2062, 0.603819, 0.792796, -0.082926, 0.046682, -0.674514, 0.563608, 0.476841, -0.032542, 0.424775, -0.231991, 0.875069, 0.209370, 0.000000, 0.000000, 0.000000, 1.000000, 0.425027, -0.232204, 0.874891, 0.231382, -0.603820, -0.792796, 0.082924, -0.046682, 0.674354, -0.563521, -0.477169, 0.232537, 0.000000, 0.000000, 0.000000, 1.000000, 0.002821, -0.015127, -0.999882, 0.112536, -0.999583, -0.028767, -0.002385, 0.056682, -0.028727, 0.999472, -0.015202, 0.055206, 0.000000, 0.000000, 0.000000, 1.000000
-29.9973, 46.6801, -32.5372, 209.3727, 231.3848, -46.6805, 232.5322, 112.5359, 56.6819, 55.2062, 0.603818, 0.792798, -0.082917, 0.046680, -0.674516, 0.563602, 0.476845, -0.032537, 0.424774, -0.231998, 0.875068, 0.209373, 0.000000, 0.000000, 0.000000, 1.000000, 0.425025, -0.232211, 0.874889, 0.231385, -0.603819, -0.792798, 0.082915, -0.046681, 0.674357, -0.563516, -0.477172, 0.232532, 0.000000, 0.000000, 0.000000, 1.000000, 0.002821, -0.015127, -0.999882, 0.112536, -0.999583, -0.028767, -0.002385, 0.056682, -0.028727, 0.999472, -0.015202, 0.055206, 0.000000, 0.000000, 0.000000, 1.000000
-29.9963, 46.6783, -32.5323, 209.3749, 231.3869, -46.6788, 232.5272, 112.5357, 56.6819, 55.2063, 0.603817, 0.792800, -0.082906, 0.046678, -0.674520, 0.563597, 0.476846, -0.032532, 0.424769, -0.232005, 0.875069, 0.209375, 0.000000, 0.000000, 0.000000, 1.000000, 0.425020, -0.232219, 0.874890, 0.231387, -0.603818, -0.792799, 0.082904, -0.046679, 0.674360, -0.563510, -0.477174, 0.232527, 0.000000, 0.000000, 0.000000, 1.000000, 0.002821, -0.015127, -0.999882, 0.112536, -0.999583, -0.028767, -0.002385, 0.056682, -0.028727, 0.999472, -0.015202, 0.055206, 0.000000, 0.000000, 0.000000, 1.000000
-29.9940, 46.6743, -32.5227, 209.3781, 231.3902, -46.6748, 232.5176, 112.5361, 56.6819, 55.2063, 0.603816, 0.792803, -0.082879, 0.046674, -0.674533, 0.563587, 0.476838, -0.032523, 0.424748, -0.232018, 0.875075, 0.209378, 0.000000, 0.000000, 0.000000, 1.000000, 0.425000, -0.232232, 0.874896, 0.231390, -0.603817, -0.792803, 0.082877, -0.046675, 0.674374, -0.563500, -0.477167, 0.232518, 0.000000, 0.000000, 0.000000, 1.000000, 0.002821, -0.015127, -0.999882, 0.112536, -0.999583, -0.028767, -0.002385, 0.056682, -0.028728, 0.999472, -0.015202, 0.055206, 0.000000, 0.000000, 0.000000, 1.000000
-29.9908, 46.6696, -32.5133, 209.3801, 231.3922, -46.6701, 232.5080, 112.5375, 56.6816, 55.2064, 0.603817, 0.792807, -0.082842, 0.046670, -0.674555, 0.563578, 0.476818, -0.032513, 0.424713, -0.232029, 0.875089, 0.209380, 0.000000, 0.000000, 0.000000, 1.000000, 0.424965, -0.232243, 0.874910, 0.231392, -0.603818, -0.792806, 0.082840, -0.046670, 0.674395, -0.563491, -0.477147, 0.232508, 0.000000, 0.000000, 0.000000, 1.000000, 0.002821, -0.015127, -0.999882, 0.112538, -0.999583, -0.028768, -0.002385, 0.056682, -0.028728, 0.999472, -0.015201, 0.055206, 0.000000, 0.000000, 0.000000, 1.000000
-29.9888, 46.6669, -32.5085, 209.3806, 231.3927, -46.6674, 232.5033, 112.5386, 56.6814, 55.2064, 0.603818, 0.792808, -0.082820, 0.046667, -0.674569, 0.563574, 0.476803, -0.032509, 0.424688, -0.232034, 0.875100, 0.209381, 0.000000, 0.000000, 0.000000, 1.000000, 0.424941, -0.232248, 0.874921, 0.231393, -0.603819, -0.792808, 0.082818, -0.046667, 0.674410, -0.563486, -0.477132, 0.232503, 0.000000, 0.000000, 0.000000, 1.000000, 0.002821, -0.015126, -0.999882, 0.112539, -0.999583, -0.028768, -0.002385, 0.056681, -0.028728, 0.999472, -0.015201, 0.055206, 0.000000, 0.000000, 0.000000, 1.000000
-29.9841, 46.6609, -32.4990, 209.3804, 231.3926, -46.6614, 232.4936, 112.5417, 56.6807, 55.2064, 0.603821, 0.792811, -0.082767, 0.046661, -0.674605, 0.563566, 0.476761, -0.032499, 0.424626, -0.232043, 0.875128, 0.209380, 0.000000, 0.000000, 0.000000, 1.000000, 0.424879, -0.232257, 0.874948, 0.231393, -0.603822, -0.792811, 0.082766, -0.046661, 0.674446, -0.563478, -0.477091, 0.232494, 0.000000, 0.000000, 0.000000, 1.000000, 0.002821, -0.015126, -0.999882, 0.112542, -0.999583, -0.028769, -0.002385, 0.056681, -0.028729, 0.999472, -0.015201, 0.055206, 0.000000, 0.000000, 0.000000, 1.000000
-29.9784, 46.6539, -32.4893, 209.3789, 231.3910, -46.6544, 232.4838, 112.5460, 56.6798, 55.2064, 0.603826, 0.792814, -0.082704, 0.046654, -0.674652, 0.563559, 0.476704, -0.032489, 0.424546, -0.232050, 0.875165, 0.209379, 0.000000, 0.000000, 0.000000, 1.000000, 0.424799, -0.232264, 0.874985, 0.231391, -0.603827, -0.792814, 0.082702, -0.046654, 0.674492, -0.563471, -0.477034, 0.232484, 0.000000, 0.000000, 0.000000, 1.000000, 0.002821, -0.015126, -0.999882, 0.112546, -0.999583, -0.028769, -0.002385, 0.056680, -0.028730, 0.999472, -0.015201, 0.055206, 0.000000, 0.000000, 0.000000, 1.000000
-29.9752, 46.6500, -32.4843, 209.3776, 231.3897, -46.6505, 232.4788, 112.5485, 56.6793, 55.2064, 0.603829, 0.792816, -0.082667, 0.046650, -0.674679, 0.563555, 0.476670, -0.032484, 0.424499, -0.232053, 0.875187, 0.209378, 0.000000, 0.000000, 0.000000, 1.000000, 0.424752, -0.232268, 0.875007, 0.231390, -0.603830, -0.792815, 0.082665, -0.046651, 0.674519, -0.563468, -0.477000, 0.232479, 0.000000, 0.000000, 0.000000, 1.000000, 0.002821, -0.015125, -0.999882, 0.112549, -0.999583, -0.028770, -0.002385, 0.056679, -0.028730, 0.999472, -0.015200, 0.055206, 0.000000, 0.000000, 0.000000, 1.000000
-29.9678, 46.6414, -32.4741, 209.3740, 231.3861, -46.6419, 232.4685, 112.5546, 56.6780, 55.2063, 0.603837, 0.792818, -0.082585, 0.046641, -0.674741, 0.563549, 0.476589, -0.032474, 0.424389, -0.232058, 0.875239, 0.209374, 0.000000, 0.000000, 0.000000, 1.000000, 0.424643, -0.232273, 0.875059, 0.231386, -0.603837, -0.792818, 0.082583, -0.046642, 0.674580, -0.563462, -0.476919, 0.232468, 0.000000, 0.000000, 0.000000, 1.000000, 0.002821, -0.015125, -0.999882, 0.112555, -0.999583, -0.028771, -0.002385, 0.056678, -0.028731, 0.999472, -0.015200, 0.055206, 0.000000, 0.000000, 0.000000, 1.000000
-29.9637, 46.6367, -32.4688, 209.3716, 231.3838, -46.6372, 232.4631, 112.5581, 56.6773, 55.2063, 0.603841, 0.792820, -0.082539, 0.046637, -0.674776, 0.563546, 0.476543, -0.032469, 0.424328, -0.232060, 0.875268, 0.209372, 0.000000, 0.000000, 0.000000, 1.000000, 0.424581, -0.232275, 0.875088, 0.231384, -0.603842, -0.792819, 0.082538, -0.046637, 0.674615, -0.563459, -0.476873, 0.232463, 0.000000, 0.000000, 0.000000, 1.000000, 0.002821, -0.015125, -0.999882, 0.112558, -0.999583, -0.028771, -0.002385, 0.056677, -0.028732, 0.999472, -0.015199, 0.055206, 0.000000, 0.000000, 0.000000, 1.000000
-29.9496, 46.6209, -32.4520, 209.3626, 231.3748, -46.6213, 232.4463, 112.5704, 56.6747, 55.2062, 0.603857, 0.792824, -0.082384, 0.046621, -0.674897, 0.563539, 0.476381, -0.032452, 0.424112, -0.232065, 0.875371, 0.209363, 0.000000, 0.000000, 0.000000, 1.000000, 0.424366, -0.232280, 0.875191, 0.231375, -0.603858, -0.792824, 0.082382, -0.046621, 0.674737, -0.563451, -0.476711, 0.232446, 0.000000, 0.000000, 0.000000, 1.000000, 0.002821, -0.015123, -0.999882, 0.112570, -0.999583, -0.028773, -0.002385, 0.056675, -0.028734, 0.999472, -0.015198, 0.055206, 0.000000, 0.000000, 0.000000, 1.000000
-29.9388, 46.6089, -32.4401, 209.3550, 231.3672, -46.6094, 232.4344, 112.5801, 56.6726, 55.2061, 0.603869, 0.792827, -0.082265, 0.046609, -0.674991, 0.563534, 0.476253, -0.032440, 0.423945, -0.232067, 0.875452, 0.209355, 0.000000, 0.000000, 0.000000, 1.000000, 0.424199, -0.232282, 0.875271, 0.231367, -0.603870, -0.792826, 0.082263, -0.046609, 0.674830, -0.563446, -0.476584, 0.232434, 0.000000, 0.000000, 0.000000, 1.000000, 0.002821, -0.015123, -0.999882, 0.112580, -0.999583, -0.028775, -0.002385, 0.056673, -0.028735, 0.999472, -0.015198, 0.055206, 0.000000, 0.000000, 0.000000, 1.000000
-29.9270, 46.5954, -32.4249, 209.3482, 231.3604, -46.5958, 232.4190, 112.5901, 56.6705, 55.2060, 0.603882, 0.792831, -0.082134, 0.046595, -0.675091, 0.563526, 0.476121, -0.032425, 0.423768, -0.232072, 0.875536, 0.209348, 0.000000, 0.000000, 0.000000, 1.000000, 0.424022, -0.232288, 0.875356, 0.231360, -0.603883, -0.792830, 0.082132, -0.046596, 0.674930, -0.563438, -0.476452, 0.232419, 0.000000, 0.000000, 0.000000, 1.000000, 0.002821, -0.015122, -0.999882, 0.112590, -0.999583, -0.028776, -0.002385, 0.056671, -0.028737, 0.999471, -0.015197, 0.055206, 0.000000, 0.000000, 0.000000, 1.000000
-29.9207, 46.5880, -32.4158, 209.3453, 231.3575, -46.5884, 232.4098, 112.5951, 56.6694, 55.2060, 0.603888, 0.792833, -0.082065, 0.046588, -0.675143, 0.563520, 0.476053, -0.032416, 0.423676, -0.232077, 0.875579, 0.209345, 0.000000, 0.000000, 0.000000, 1.000000, 0.423931, -0.232293, 0.875399, 0.231357, -0.603889, -0.792833, 0.082063, -0.046588, 0.674982, -0.563432, -0.476385, 0.232410, 0.000000, 0.000000, 0.000000, 1.000000, 0.002821, -0.015121, -0.999882, 0.112595, -0.999583, -0.028777, -0.002385, 0.056669, -0.028737, 0.999471, -0.015196, 0.055206, 0.000000, 0.000000, 0.000000, 1.000000
-29.9143, 46.5804, -32.4066, 209.3421, 231.3543, -46.5809, 232.4006, 112.6005, 56.6683, 55.2059, 0.603894, 0.792836, -0.081993, 0.046580, -0.675197, 0.563515, 0.475983, -0.032407, 0.423581, -0.232082, 0.875624, 0.209342, 0.000000, 0.000000, 0.000000, 1.000000, 0.423835, -0.232297, 0.875444, 0.231354, -0.603895, -0.792835, 0.081991, -0.046581, 0.675036, -0.563427, -0.476315, 0.232401, 0.000000, 0.000000, 0.000000, 1.000000, 0.002821, -0.015121, -0.999882, 0.112600, -0.999583, -0.028778, -0.002385, 0.056668, -0.028738, 0.999471, -0.015196, 0.055206, 0.000000, 0.000000, 0.000000, 1.000000
-29.9075, 46.5726, -32.3975, 209.3385, 231.3507, -46.5731, 232.3914, 112.6060, 56.6671, 55.2059, 0.603901, 0.792838, -0.081919, 0.046573, -0.675254, 0.563510, 0.475909, -0.032397, 0.423481, -0.232086, 0.875671, 0.209339, 0.000000, 0.000000, 0.000000, 1.000000, 0.423736, -0.232301, 0.875491, 0.231351, -0.603902, -0.792838, 0.081917, -0.046573, 0.675093, -0.563422, -0.476241, 0.232391, 0.000000, 0.000000, 0.000000, 1.000000, 0.002821, -0.015120, -0.999882, 0.112606, -0.999583, -0.028779, -0.002385, 0.056667, -0.028739, 0.999471, -0.015195, 0.055206, 0.000000, 0.000000, 0.000000, 1.000000
-29.8861, 46.5481, -32.3699, 209.3260, 231.3382, -46.5486, 232.3637, 112.6243, 56.6633, 55.2057, 0.603924, 0.792845, -0.081682, 0.046548, -0.675435, 0.563496, 0.475667, -0.032370, 0.423158, -0.232096, 0.875825, 0.209326, 0.000000, 0.000000, 0.000000, 1.000000, 0.423414, -0.232312, 0.875644, 0.231338, -0.603925, -0.792845, 0.081680, -0.046549, 0.675274, -0.563408, -0.476000, 0.232364, 0.000000, 0.000000, 0.000000, 1.000000, 0.002821, -0.015119, -0.999882, 0.112624, -0.999583, -0.028782, -0.002385, 0.056663, -0.028742, 0.999471, -0.015194, 0.055206, 0.000000, 0.000000, 0.000000, 1.000000
-29.8708, 46.5308, -32.3515, 209.3162, 231.3285, -46.5313, 232.3452, 112.6376, 56.6604, 55.2056, 0.603941, 0.792850, -0.081514, 0.046531, -0.675566, 0.563488, 0.475491, -0.032352, 0.422925, -0.232100, 0.875936, 0.209316, 0.000000, 0.000000, 0.000000, 1.000000, 0.423181, -0.232317, 0.875755, 0.231328, -0.603942, -0.792849, 0.081512, -0.046531, 0.675405, -0.563399, -0.475825, 0.232345, 0.000000, 0.000000, 0.000000, 1.000000, 0.002821, -0.015118, -0.999882, 0.112638, -0.999583, -0.028784, -0.002385, 0.056660, -0.028744, 0.999471, -0.015192, 0.055206, 0.000000, 0.000000, 0.000000, 1.000000
-29.8629, 46.5220, -32.3423, 209.3110, 231.3232, -46.5224, 232.3359, 112.6446, 56.6589, 55.2055, 0.603950, 0.792852, -0.081426, 0.046522, -0.675635, 0.563484, 0.475399, -0.032342, 0.422803, -0.232102, 0.875994, 0.209311, 0.000000, 0.000000, 0.000000, 1.000000, 0.423060, -0.232319, 0.875813, 0.231323, -0.603951, -0.792852, 0.081424, -0.046522, 0.675473, -0.563395, -0.475733, 0.232336, 0.000000, 0.000000, 0.000000, 1.000000, 0.002821, -0.015117, -0.999882, 0.112645, -0.999583, -0.028785, -0.002385, 0.056659, -0.028745, 0.999471, -0.015192, 0.055206, 0.000000, 0.000000, 0.000000, 1.000000
-29.8465, 46.5038, -32.3239, 209.2996, 231.3119, -46.5042, 232.3174, 112.6591, 56.6558, 55.2054, 0.603968, 0.792856, -0.081246, 0.046504, -0.675776, 0.563476, 0.475207, -0.032324, 0.422551, -0.232106, 0.876115, 0.209300, 0.000000, 0.000000, 0.000000, 1.000000, 0.422808, -0.232323, 0.875934, 0.231312, -0.603969, -0.792856, 0.081244, -0.046504, 0.675614, -0.563388, -0.475542, 0.232317, 0.000000, 0.000000, 0.000000, 1.000000, 0.002821, -0.015116, -0.999882, 0.112659, -0.999583, -0.028787, -0.002385, 0.056656, -0.028747, 0.999471, -0.015191, 0.055205, 0.000000, 0.000000, 0.000000, 1.000000
-29.8296, 46.4850, -32.3053, 209.2874, 231.2996, -46.4855, 232.2987, 112.6744, 56.6525, 55.2053, 0.603988, 0.792861, -0.081060, 0.046485, -0.675923, 0.563470, 0.475006, -0.032305, 0.422288, -0.232107, 0.876241, 0.209287, 0.000000, 0.000000, 0.000000, 1.000000, 0.422545, -0.232325, 0.876060, 0.231300, -0.603989, -0.792860, 0.081058, -0.046485, 0.675761, -0.563381, -0.475341, 0.232299, 0.000000, 0.000000, 0.000000, 1.000000, 0.002821, -0.015114, -0.999882, 0.112674, -0.999583, -0.028789, -0.002385, 0.056653, -0.028750, 0.999471, -0.015189, 0.055205, 0.000000, 0.000000, 0.000000, 1.000000
-29.8209, 46.4754, -32.2961, 209.2810, 231.2932, -46.4759, 232.2894, 112.6823, 56.6509, 55.2052, 0.603998, 0.792863, -0.080964, 0.046475, -0.675998, 0.563467, 0.474902, -0.032296, 0.422153, -0.232108, 0.876306, 0.209281, 0.000000, 0.000000, 0.000000, 1.000000, 0.422410, -0.232326, 0.876125, 0.231293, -0.603999, -0.792862, 0.080962, -0.046476, 0.675837, -0.563378, -0.475237, 0.232289, 0.000000, 0.000000, 0.000000, 1.000000, 0.002821, -0.015114, -0.999882, 0.112682, -0.999583, -0.028790, -0.002385, 0.056651, -0.028751, 0.999471, -0.015189, 0.055205, 0.000000, 0.000000, 0.000000, 1.000000
-29.8031, 46.4559, -32.2775, 209.2676, 231.2799, -46.4564, 232.2707, 112.6984, 56.6474, 55.2050, 0.604019, 0.792867, -0.080769, 0.046456, -0.676153, 0.563461, 0.474689, -0.032277, 0.421875, -0.232109, 0.876440, 0.209268, 0.000000, 0.000000, 0.000000, 1.000000, 0.422133, -0.232326, 0.876258, 0.231280, -0.604020, -0.792866, 0.080767, -0.046456, 0.675991, -0.563372, -0.475025, 0.232271, 0.000000, 0.000000, 0.000000, 1.000000, 0.002821, -0.015112, -0.999882, 0.112698, -0.999583, -0.028792, -0.002385, 0.056647, -0.028753, 0.999471, -0.015187, 0.055205, 0.000000, 0.000000, 0.000000, 1.000000
-29.8031, 46.4559, -32.2775, 209.2676, 231.2799, -46.4564, 232.2707, 112.6984, 56.6474, 55.2050, 0.604019, 0.792867, -0.080769, 0.046456, -0.676153, 0.563461, 0.474689, -0.032277, 0.421875, -0.232109, 0.876440, 0.209268, 0.000000, 0.000000, 0.000000, 1.000000, 0.422133, -0.232326, 0.876258, 0.231280, -0.604020, -0.792866, 0.080767, -0.046456, 0.675991, -0.563372, -0.475025, 0.232271, 0.000000, 0.000000, 0.000000, 1.000000, 0.002821, -0.015112, -0.999882, 0.112698, -0.999583, -0.028792, -0.002385, 0.056647, -0.028753, 0.999471, -0.015187, 0.055205, 0.000000, 0.000000, 0.000000, 1.000000
-29.7757, 46.4260, -32.2495, 209.2465, 231.2587, -46.4265, 232.2426, 112.7236, 56.6419, 55.2047, 0.604051, 0.792873, -0.080468, 0.046426, -0.676392, 0.563453, 0.474357, -0.032249, 0.421445, -0.232108, 0.876647, 0.209246, 0.000000, 0.000000, 0.000000, 1.000000, 0.421703, -0.232326, 0.876465, 0.231259, -0.604052, -0.792872, 0.080466, -0.046426, 0.676230, -0.563363, -0.474694, 0.232243, 0.000000, 0.000000, 0.000000, 1.000000, 0.002821, -0.015110, -0.999882, 0.112724, -0.999582, -0.028796, -0.002385, 0.056642, -0.028757, 0.999471, -0.015185, 0.055205, 0.000000, 0.000000, 0.000000, 1.000000
-29.7664, 46.4159, -32.2401, 209.2392, 231.2514, -46.4164, 232.2332, 112.7322, 56.6401, 55.2047, 0.604062, 0.792875, -0.080366, 0.046416, -0.676473, 0.563450, 0.474244, -0.032240, 0.421298, -0.232108, 0.876718, 0.209239, 0.000000, 0.000000, 0.000000, 1.000000, 0.421557, -0.232326, 0.876535, 0.231251, -0.604063, -0.792874, 0.080364, -0.046416, 0.676312, -0.563361, -0.474581, 0.232233, 0.000000, 0.000000, 0.000000, 1.000000, 0.002821, -0.015110, -0.999882, 0.112732, -0.999582, -0.028797, -0.002385, 0.056640, -0.028758, 0.999471, -0.015185, 0.055205, 0.000000, 0.000000, 0.000000, 1.000000
-29.7476, 46.3954, -32.2214, 209.2243, 231.2365, -46.3959, 232.2144, 112.7495, 56.6363, 55.2045, 0.604085, 0.792878, -0.080159, 0.046395, -0.676638, 0.563445, 0.474015, -0.032221, 0.421002, -0.232107, 0.876860, 0.209224, 0.000000, 0.000000, 0.000000, 1.000000, 0.421261, -0.232325, 0.876678, 0.231237, -0.604086, -0.792878, 0.080157, -0.046396, 0.676476, -0.563356, -0.474352, 0.232214, 0.000000, 0.000000, 0.000000, 1.000000, 0.002821, -0.015108, -0.999882, 0.112750, -0.999582, -0.028800, -0.002385, 0.056636, -0.028760, 0.999471, -0.015183, 0.055204, 0.000000, 0.000000, 0.000000, 1.000000
-29.7381, 46.3851, -32.2120, 209.2167, 231.2290, -46.3856, 232.2050, 112.7583, 56.6344, 55.2044, 0.604096, 0.792880, -0.080055, 0.046385, -0.676721, 0.563443, 0.473900, -0.032212, 0.420852, -0.232106, 0.876932, 0.209217, 0.000000, 0.000000, 0.000000, 1.000000, 0.421111, -0.232324, 0.876750, 0.231229, -0.604097, -0.792880, 0.080053, -0.046386, 0.676559, -0.563354, -0.474237, 0.232205, 0.000000, 0.000000, 0.000000, 1.000000, 0.002821, -0.015107, -0.999882, 0.112758, -0.999582, -0.028801, -0.002385, 0.056634, -0.028762, 0.999471, -0.015182, 0.055204, 0.000000, 0.000000, 0.000000, 1.000000
-29.7190, 46.3644, -32.1932, 209.2014, 231.2137, -46.3649, 232.1861, 112.7760, 56.6306, 55.2042, 0.604119, 0.792884, -0.079846, 0.046364, -0.676888, 0.563438, 0.473666, -0.032193, 0.420551, -0.232104, 0.877078, 0.209201, 0.000000, 0.000000, 0.000000, 1.000000, 0.420810, -0.232323, 0.876895, 0.231214, -0.604120, -0.792883, 0.079844, -0.046365, 0.676726, -0.563349, -0.474004, 0.232186, 0.000000, 0.000000, 0.000000, 1.000000, 0.002821, -0.015106, -0.999882, 0.112776, -0.999582, -0.028804, -0.002385, 0.056631, -0.028764, 0.999471, -0.015181, 0.055204, 0.000000, 0.000000, 0.000000, 1.000000
-29.6998, 46.3436, -32.1743, 209.1860, 231.1982, -46.3441, 232.1672, 112.7939, 56.6267, 55.2040, 0.604142, 0.792887, -0.079635, 0.046344, -0.677056, 0.563434, 0.473431, -0.032174, 0.420247, -0.232102, 0.877224, 0.209186, 0.000000, 0.000000, 0.000000, 1.000000, 0.420506, -0.232321, 0.877041, 0.231198, -0.604143, -0.792887, 0.079633, -0.046344, 0.676894, -0.563345, -0.473769, 0.232167, 0.000000, 0.000000, 0.000000, 1.000000, 0.002821, -0.015105, -0.999882, 0.112794, -0.999582, -0.028806, -0.002385, 0.056627, -0.028767, 0.999471, -0.015180, 0.055204, 0.000000, 0.000000, 0.000000, 1.000000
-29.6901, 46.3332, -32.1649, 209.1782, 231.1905, -46.3337, 232.1577, 112.8028, 56.6247, 55.2039, 0.604154, 0.792889, -0.079530, 0.046333, -0.677140, 0.563432, 0.473313, -0.032165, 0.420095, -0.232101, 0.877297, 0.209178, 0.000000, 0.000000, 0.000000, 1.000000, 0.420354, -0.232320, 0.877114, 0.231190, -0.604155, -0.792889, 0.079528, -0.046334, 0.676978, -0.563343, -0.473651, 0.232158, 0.000000, 0.000000, 0.000000, 1.000000, 0.002821, -0.015104, -0.999882, 0.112803, -0.999582, -0.028807, -0.002385, 0.056625, -0.028768, 0.999471, -0.015179, 0.055204, 0.000000, 0.000000, 0.000000, 1.000000
-29.6708, 46.3123, -32.1459, 209.1627, 231.1750, -46.3128, 232.1387, 112.8207, 56.6208, 55.2037, 0.604177, 0.792893, -0.079319, 0.046312, -0.677308, 0.563428, 0.473078, -0.032146, 0.419790, -0.232099, 0.877443, 0.209163, 0.000000, 0.000000, 0.000000, 1.000000, 0.420050, -0.232318, 0.877261, 0.231175, -0.604178, -0.792892, 0.079317, -0.046313, 0.677146, -0.563338, -0.473416, 0.232139, 0.000000, 0.000000, 0.000000, 1.000000, 0.002820, -0.015102, -0.999882, 0.112821, -0.999582, -0.028810, -0.002384, 0.056621, -0.028771, 0.999471, -0.015177, 0.055204, 0.000000, 0.000000, 0.000000, 1.000000
-29.6612, 46.3019, -32.1364, 209.1550, 231.1673, -46.3024, 232.1291, 112.8296, 56.6189, 55.2037, 0.604188, 0.792895, -0.079213, 0.046302, -0.677392, 0.563426, 0.472960, -0.032136, 0.419638, -0.232098, 0.877516, 0.209155, 0.000000, 0.000000, 0.000000, 1.000000, 0.419898, -0.232317, 0.877334, 0.231167, -0.604189, -0.792894, 0.079211, -0.046302, 0.677230, -0.563336, -0.473298, 0.232129, 0.000000, 0.000000, 0.000000, 1.000000, 0.002820, -0.015102, -0.999882, 0.112830, -0.999582, -0.028811, -0.002384, 0.056619, -0.028772, 0.999471, -0.015177, 0.055204, 0.000000, 0.000000, 0.000000, 1.000000
-29.6420, 46.2811, -32.1174, 209.1396, 231.1519, -46.2816, 232.1101, 112.8474, 56.6150, 55.2035, 0.604211, 0.792898, -0.079003, 0.046281, -0.677560, 0.563421, 0.472725, -0.032117, 0.419335, -0.232096, 0.877661, 0.209140, 0.000000, 0.000000, 0.000000, 1.000000, 0.419595, -0.232316, 0.877479, 0.231152, -0.604212, -0.792898, 0.079001, -0.046282, 0.677398, -0.563332, -0.473064, 0.232110, 0.000000, 0.000000, 0.000000, 1.000000, 0.002820, -0.015100, -0.999882, 0.112847, -0.999582, -0.028814, -0.002384, 0.056615, -0.028774, 0.999471, -0.015175, 0.055203, 0.000000, 0.000000, 0.000000, 1.000000
-29.6324, 46.2707, -32.1079, 209.1320, 231.1443, -46.2712, 232.1005, 112.8563, 56.6130, 55.2034, 0.604222, 0.792900, -0.078898, 0.046271, -0.677643, 0.563419, 0.472608, -0.032108, 0.419184, -0.232095, 0.877734, 0.209132, 0.000000, 0.000000, 0.000000, 1.000000, 0.419444, -0.232315, 0.877551, 0.231144, -0.604223, -0.792899, 0.078896, -0.046271, 0.677481, -0.563330, -0.472947, 0.232101, 0.000000, 0.000000, 0.000000, 1.000000, 0.002820, -0.015100, -0.999882, 0.112856, -0.999582, -0.028815, -0.002384, 0.056613, -0.028776, 0.999471, -0.015174, 0.055203, 0.000000, 0.000000, 0.000000, 1.000000
-29.6229, 46.2604, -32.0983, 209.1244, 231.1367, -46.2608, 232.0910, 112.8651, 56.6111, 55.2033, 0.604234, 0.792902, -0.078794, 0.046260, -0.677726, 0.563417, 0.472492, -0.032098, 0.419033, -0.232095, 0.877806, 0.209124, 0.000000, 0.000000, 0.000000, 1.000000, 0.419294, -0.232314, 0.877623, 0.231137, -0.604235, -0.792901, 0.078792, -0.046261, 0.677564, -0.563327, -0.472831, 0.232091, 0.000000, 0.000000, 0.000000, 1.000000, 0.002820, -0.015099, -0.999882, 0.112865, -0.999582, -0.028816, -0.002384, 0.056611, -0.028777, 0.999471, -0.015174, 0.055203, 0.000000, 0.000000, 0.000000, 1.000000
-29.6134, 46.2500, -32.0888, 209.1169, 231.1292, -46.2505, 232.0814, 112.8739, 56.6091, 55.2032, 0.604245, 0.792903, -0.078690, 0.046250, -0.677809, 0.563415, 0.472376, -0.032089, 0.418884, -0.232094, 0.877877, 0.209117, 0.000000, 0.000000, 0.000000, 1.000000, 0.419144, -0.232314, 0.877695, 0.231129, -0.604246, -0.792903, 0.078688, -0.046251, 0.677647, -0.563325, -0.472715, 0.232081, 0.000000, 0.000000, 0.000000, 1.000000, 0.002820, -0.015098, -0.999882, 0.112874, -0.999582, -0.028818, -0.002384, 0.056609, -0.028778, 0.999471, -0.015173, 0.055203, 0.000000, 0.000000, 0.000000, 1.000000
-29.5758, 46.2093, -32.0506, 209.0875, 231.0998, -46.2097, 232.0431, 112.9084, 56.6015, 55.2029, 0.604289, 0.792911, -0.078280, 0.046209, -0.678134, 0.563406, 0.471920, -0.032051, 0.418294, -0.232092, 0.878159, 0.209088, 0.000000, 0.000000, 0.000000, 1.000000, 0.418555, -0.232312, 0.877977, 0.231100, -0.604290, -0.792910, 0.078278, -0.046210, 0.677972, -0.563316, -0.472260, 0.232043, 0.000000, 0.000000, 0.000000, 1.000000, 0.002820, -0.015095, -0.999882, 0.112908, -0.999582, -0.028823, -0.002384, 0.056602, -0.028783, 0.999471, -0.015170, 0.055203, 0.000000, 0.000000, 0.000000, 1.000000
-29.5758, 46.2093, -32.0506, 209.0875, 231.0998, -46.2097, 232.0431, 112.9084, 56.6015, 55.2029, 0.604289, 0.792911, -0.078280, 0.046209, -0.678134, 0.563406, 0.471920, -0.032051, 0.418294, -0.232092, 0.878159, 0.209088, 0.000000, 0.000000, 0.000000, 1.000000, 0.418555, -0.232312, 0.877977, 0.231100, -0.604290, -0.792910, 0.078278, -0.046210, 0.677972, -0.563316, -0.472260, 0.232043, 0.000000, 0.000000, 0.000000, 1.000000, 0.002820, -0.015095, -0.999882, 0.112908, -0.999582, -0.028823, -0.002384, 0.056602, -0.028783, 0.999471, -0.015170, 0.055203, 0.000000, 0.000000, 0.000000, 1.000000
-29.5483, 46.1792, -32.0219, 209.0664, 231.0787, -46.1797, 232.0144, 112.9335, 56.5960, 55.2027, 0.604321, 0.792916, -0.077979, 0.046179, -0.678371, 0.563399, 0.471587, -0.032022, 0.417863, -0.232091, 0.878365, 0.209066, 0.000000, 0.000000, 0.000000, 1.000000, 0.418124, -0.232311, 0.878182, 0.231079, -0.604322, -0.792915, 0.077977, -0.046180, 0.678209, -0.563309, -0.471928, 0.232014, 0.000000, 0.000000, 0.000000, 1.000000, 0.002820, -0.015093, -0.999882, 0.112934, -0.999582, -0.028826, -0.002384, 0.056596, -0.028787, 0.999470, -0.015168, 0.055203, 0.000000, 0.000000, 0.000000, 1.000000
-29.5302, 46.1595, -32.0027, 209.0528, 231.0651, -46.1599, 231.9952, 112.9499, 56.5923, 55.2025, 0.604342, 0.792919, -0.077782, 0.046159, -0.678526, 0.563394, 0.471370, -0.032003, 0.417580, -0.232092, 0.878499, 0.209053, 0.000000, 0.000000, 0.000000, 1.000000, 0.417842, -0.232312, 0.878316, 0.231065, -0.604343, -0.792919, 0.077780, -0.046160, 0.678364, -0.563304, -0.471710, 0.231995, 0.000000, 0.000000, 0.000000, 1.000000, 0.002820, -0.015092, -0.999882, 0.112950, -0.999582, -0.028829, -0.002384, 0.056592, -0.028789, 0.999470, -0.015167, 0.055203, 0.000000, 0.000000, 0.000000, 1.000000
-29.5213, 46.1496, -31.9931, 209.0461, 231.0584, -46.1501, 231.9855, 112.9580, 56.5905, 55.2025, 0.604352, 0.792921, -0.077684, 0.046150, -0.678603, 0.563391, 0.471263, -0.031993, 0.417441, -0.232092, 0.878565, 0.209046, 0.000000, 0.000000, 0.000000, 1.000000, 0.417702, -0.232312, 0.878383, 0.231058, -0.604353, -0.792921, 0.077682, -0.046150, 0.678441, -0.563301, -0.471603, 0.231986, 0.000000, 0.000000, 0.000000, 1.000000, 0.002820, -0.015091, -0.999882, 0.112958, -0.999581, -0.028830, -0.002384, 0.056590, -0.028790, 0.999470, -0.015166, 0.055202, 0.000000, 0.000000, 0.000000, 1.000000
-29.5036, 46.1302, -31.9738, 209.0331, 231.0454, -46.1306, 231.9662, 112.9740, 56.5869, 55.2023, 0.604372, 0.792925, -0.077490, 0.046130, -0.678755, 0.563385, 0.471051, -0.031974, 0.417165, -0.232093, 0.878696, 0.209033, 0.000000, 0.000000, 0.000000, 1.000000, 0.417426, -0.232313, 0.878513, 0.231045, -0.604373, -0.792924, 0.077488, -0.046131, 0.678593, -0.563295, -0.471391, 0.231966, 0.000000, 0.000000, 0.000000, 1.000000, 0.002820, -0.015090, -0.999882, 0.112974, -0.999581, -0.028832, -0.002384, 0.056587, -0.028793, 0.999470, -0.015165, 0.055202, 0.000000, 0.000000, 0.000000, 1.000000
-29.4948, 46.1205, -31.9642, 209.0267, 231.0390, -46.1210, 231.9566, 112.9819, 56.5852, 55.2023, 0.604382, 0.792927, -0.077394, 0.046120, -0.678830, 0.563382, 0.470946, -0.031964, 0.417028, -0.232094, 0.878760, 0.209027, 0.000000, 0.000000, 0.000000, 1.000000, 0.417290, -0.232314, 0.878578, 0.231039, -0.604383, -0.792926, 0.077392, -0.046121, 0.678668, -0.563292, -0.471287, 0.231957, 0.000000, 0.000000, 0.000000, 1.000000, 0.002820, -0.015089, -0.999882, 0.112982, -0.999581, -0.028833, -0.002384, 0.056585, -0.028794, 0.999470, -0.015164, 0.055202, 0.000000, 0.000000, 0.000000, 1.000000
-29.4774, 46.1013, -31.9448, 209.0143, 231.0266, -46.1018, 231.9372, 112.9975, 56.5817, 55.2021, 0.604401, 0.792930, -0.077205, 0.046101, -0.678978, 0.563377, 0.470740, -0.031945, 0.416759, -0.232095, 0.878888, 0.209014, 0.000000, 0.000000, 0.000000, 1.000000, 0.417021, -0.232316, 0.878705, 0.231027, -0.604402, -0.792930, 0.077203, -0.046102, 0.678816, -0.563286, -0.471080, 0.231937, 0.000000, 0.000000, 0.000000, 1.000000, 0.002820, -0.015088, -0.999882, 0.112997, -0.999581, -0.028836, -0.002384, 0.056582, -0.028796, 0.999470, -0.015163, 0.055202, 0.000000, 0.000000, 0.000000, 1.000000
-29.4603, 46.0824, -31.9254, 209.0022, 231.0145, -46.0828, 231.9177, 113.0128, 56.5783, 55.2020, 0.604420, 0.792934, -0.077017, 0.046082, -0.679124, 0.563370, 0.470537, -0.031925, 0.416494, -0.232098, 0.879013, 0.209002, 0.000000, 0.000000, 0.000000, 1.000000, 0.416756, -0.232318, 0.878830, 0.231015, -0.604421, -0.792934, 0.077015, -0.046083, 0.678962, -0.563280, -0.470878, 0.231918, 0.000000, 0.000000, 0.000000, 1.000000, 0.002820, -0.015087, -0.999882, 0.113013, -0.999581, -0.028838, -0.002384, 0.056578, -0.028798, 0.999470, -0.015162, 0.055202, 0.000000, 0.000000, 0.000000, 1.000000
-29.4518, 46.0730, -31.9157, 208.9964, 231.0087, -46.0735, 231.9080, 113.0203, 56.5766, 55.2020, 0.604429, 0.792936, -0.076925, 0.046073, -0.679195, 0.563367, 0.470437, -0.031916, 0.416364, -0.232099, 0.879074, 0.208996, 0.000000, 0.000000, 0.000000, 1.000000, 0.416626, -0.232319, 0.878892, 0.231009, -0.604430, -0.792936, 0.076923, -0.046073, 0.679034, -0.563277, -0.470778, 0.231908, 0.000000, 0.000000, 0.000000, 1.000000, 0.002820, -0.015086, -0.999882, 0.113020, -0.999581, -0.028839, -0.002384, 0.056577, -0.028800, 0.999470, -0.015161, 0.055202, 0.000000, 0.000000, 0.000000, 1.000000
-29.4351, 46.0544, -31.8962, 208.9850, 230.9972, -46.0549, 231.8886, 113.0351, 56.5733, 55.2019, 0.604448, 0.792940, -0.076742, 0.046054, -0.679337, 0.563360, 0.470241, -0.031896, 0.416106, -0.232102, 0.879195, 0.208985, 0.000000, 0.000000, 0.000000, 1.000000, 0.416368, -0.232323, 0.879013, 0.230997, -0.604449, -0.792939, 0.076740, -0.046055, 0.679175, -0.563270, -0.470582, 0.231889, 0.000000, 0.000000, 0.000000, 1.000000, 0.002819, -0.015085, -0.999882, 0.113035, -0.999581, -0.028841, -0.002383, 0.056573, -0.028802, 0.999470, -0.015160, 0.055202, 0.000000, 0.000000, 0.000000, 1.000000
-29.4268, 46.0451, -31.8865, 208.9794, 230.9916, -46.0456, 231.8788, 113.0424, 56.5717, 55.2018, 0.604457, 0.792942, -0.076651, 0.046045, -0.679407, 0.563357, 0.470144, -0.031886, 0.415979, -0.232104, 0.879255, 0.208979, 0.000000, 0.000000, 0.000000, 1.000000, 0.416241, -0.232324, 0.879073, 0.230992, -0.604458, -0.792941, 0.076649, -0.046046, 0.679246, -0.563267, -0.470485, 0.231879, 0.000000, 0.000000, 0.000000, 1.000000, 0.002819, -0.015084, -0.999882, 0.113042, -0.999581, -0.028842, -0.002383, 0.056572, -0.028803, 0.999470, -0.015159, 0.055202, 0.000000, 0.000000, 0.000000, 1.000000
-29.4104, 46.0268, -31.8669, 208.9685, 230.9807, -46.0273, 231.8593, 113.0568, 56.5684, 55.2017, 0.604474, 0.792946, -0.076472, 0.046027, -0.679546, 0.563350, 0.469952, -0.031867, 0.415727, -0.232108, 0.879373, 0.208969, 0.000000, 0.000000, 0.000000, 1.000000, 0.415989, -0.232328, 0.879191, 0.230981, -0.604475, -0.792945, 0.076470, -0.046027, 0.679384, -0.563260, -0.470293, 0.231859, 0.000000, 0.000000, 0.000000, 1.000000, 0.002819, -0.015083, -0.999882, 0.113057, -0.999581, -0.028844, -0.002383, 0.056568, -0.028805, 0.999470, -0.015158, 0.055202, 0.000000, 0.000000, 0.000000, 1.000000
-29.4023, 46.0177, -31.8571, 208.9632, 230.9754, -46.0182, 231.8495, 113.0639, 56.5668, 55.2017, 0.604483, 0.792948, -0.076383, 0.046018, -0.679614, 0.563346, 0.469857, -0.031857, 0.415602, -0.232110, 0.879432, 0.208963, 0.000000, 0.000000, 0.000000, 1.000000, 0.415865, -0.232330, 0.879249, 0.230975, -0.604484, -0.792947, 0.076381, -0.046018, 0.679453, -0.563256, -0.470199, 0.231849, 0.000000, 0.000000, 0.000000, 1.000000, 0.002819, -0.015082, -0.999882, 0.113064, -0.999581, -0.028846, -0.002383, 0.056567, -0.028806, 0.999470, -0.015157, 0.055202, 0.000000, 0.000000, 0.000000, 1.000000
-29.3861, 45.9996, -31.8375, 208.9528, 230.9650, -46.0001, 231.8298, 113.0779, 56.5637, 55.2016, 0.604500, 0.792952, -0.076206, 0.046000, -0.679750, 0.563339, 0.469670, -0.031838, 0.415356, -0.232114, 0.879547, 0.208953, 0.000000, 0.000000, 0.000000, 1.000000, 0.415618, -0.232335, 0.879365, 0.230965, -0.604501, -0.792951, 0.076204, -0.046000, 0.679588, -0.563248, -0.470011, 0.231830, 0.000000, 0.000000, 0.000000, 1.000000, 0.002819, -0.015081, -0.999882, 0.113078, -0.999581, -0.028848, -0.002383, 0.056564, -0.028808, 0.999470, -0.015156, 0.055202, 0.000000, 0.000000, 0.000000, 1.000000
-29.3781, 45.9906, -31.8277, 208.9477, 230.9600, -45.9911, 231.8200, 113.0849, 56.5621, 55.2015, 0.604508, 0.792954, -0.076119, 0.045991, -0.679817, 0.563335, 0.469578, -0.031828, 0.415234, -0.232117, 0.879604, 0.208948, 0.000000, 0.000000, 0.000000, 1.000000, 0.415496, -0.232337, 0.879422, 0.230960, -0.604509, -0.792953, 0.076117, -0.045991, 0.679656, -0.563245, -0.469919, 0.231820, 0.000000, 0.000000, 0.000000, 1.000000, 0.002819, -0.015080, -0.999882, 0.113085, -0.999581, -0.028849, -0.002383, 0.056562, -0.028809, 0.999470, -0.015155, 0.055202, 0.000000, 0.000000, 0.000000, 1.000000
-29.3622, 45.9727, -31.8079, 208.9378, 230.9500, -45.9732, 231.8003, 113.0986, 56.5590, 55.2014, 0.604525, 0.792958, -0.075945, 0.045973, -0.679950, 0.563327, 0.469394, -0.031808, 0.414992, -0.232122, 0.879717, 0.208938, 0.000000, 0.000000, 0.000000, 1.000000, 0.415254, -0.232342, 0.879535, 0.230950, -0.604526, -0.792957, 0.075943, -0.045973, 0.679789, -0.563237, -0.469736, 0.231800, 0.000000, 0.000000, 0.000000, 1.000000, 0.002819, -0.015079, -0.999882, 0.113099, -0.999581, -0.028851, -0.002383, 0.056559, -0.028812, 0.999470, -0.015154, 0.055201, 0.000000, 0.000000, 0.000000, 1.000000
-29.3543, 45.9638, -31.7981, 208.9329, 230.9451, -45.9643, 231.7904, 113.1054, 56.5575, 55.2014, 0.604533, 0.792960, -0.075858, 0.045964, -0.680016, 0.563323, 0.469304, -0.031798, 0.414872, -0.232125, 0.879773, 0.208933, 0.000000, 0.000000, 0.000000, 1.000000, 0.415134, -0.232345, 0.879590, 0.230945, -0.604534, -0.792960, 0.075856, -0.045964, 0.679855, -0.563233, -0.469645, 0.231790, 0.000000, 0.000000, 0.000000, 1.000000, 0.002819, -0.015079, -0.999882, 0.113105, -0.999581, -0.028852, -0.002383, 0.056557, -0.028813, 0.999470, -0.015154, 0.055201, 0.000000, 0.000000, 0.000000, 1.000000
-29.3386, 45.9460, -31.7782, 208.9234, 230.9356, -45.9465, 231.7706, 113.1189, 56.5544, 55.2013, 0.604549, 0.792964, -0.075686, 0.045946, -0.680147, 0.563314, 0.469124, -0.031778, 0.414634, -0.232130, 0.879883, 0.208923, 0.000000, 0.000000, 0.000000, 1.000000, 0.414896, -0.232351, 0.879701, 0.230936, -0.604550, -0.792964, 0.075684, -0.045947, 0.679986, -0.563224, -0.469465, 0.231771, 0.000000, 0.000000, 0.000000, 1.000000, 0.002819, -0.015078, -0.999882, 0.113119, -0.999581, -0.028854, -0.002383, 0.056554, -0.028815, 0.999470, -0.015153, 0.055201, 0.000000, 0.000000, 0.000000, 1.000000
