# Joint_A_Angle(deg), Cam_X(mm), Cam_Y(mm), Cam_Z(mm), Torso_X(mm), Torso_Y(mm), Torso_Z(mm), EE_X(mm), EE_Y(mm), EE_Z(mm), T_cam2marker_flat(16), T_torso2marker_flat(16), T_ee2marker_flat(16)
-19.9989, 91.6847, 110.8260, 487.2162, 556.2124, -82.6850, 146.2104, 103.5386, 10.7996, -20.8199, -0.371553, -0.794060, -0.481059, 0.091685, 0.876215, -0.128628, -0.464438, 0.110826, 0.306914, -0.594074, 0.743559, 0.487216, 0.000000, 0.000000, 0.000000, 1.000000, 0.306853, -0.594065, 0.743591, 0.556212, 0.371553, 0.794060, 0.481058, -0.082685, -0.876236, 0.128669, 0.464386, 0.146210, 0.000000, 0.000000, 0.000000, 1.000000, 0.002991, 0.040600, -0.999171, 0.103539, -0.997912, -0.064348, -0.005602, 0.010800, -0.064522, 0.997101, 0.040323, -0.020820, 0.000000, 0.000000, 0.000000, 1.000000
-19.9989, 91.6848, 110.8236, 487.2158, 556.2121, -82.6851, 146.2129, 103.5386, 10.7996, -20.8199, -0.371552, -0.794060, -0.481059, 0.091685, 0.876214, -0.128625, -0.464441, 0.110824, 0.306918, -0.594074, 0.743557, 0.487216, 0.000000, 0.000000, 0.000000, 1.000000, 0.306857, -0.594065, 0.743590, 0.556212, 0.371552, 0.794061, 0.481058, -0.082685, -0.876235, 0.128666, 0.464389, 0.146213, 0.000000, 0.000000, 0.000000, 1.000000, 0.002991, 0.040600, -0.999171, 0.103539, -0.997912, -0.064348, -0.005602, 0.010800, -0.064522, 0.997101, 0.040322, -0.020820, 0.000000, 0.000000, 0.000000, 1.000000
-19.9989, 91.6850, 110.8186, 487.2151, 556.2114, -82.6853, 146.2180, 103.5387, 10.7996, -20.8199, -0.371550, -0.794061, -0.481059, 0.091685, 0.876212, -0.128618, -0.464447, 0.110819, 0.306926, -0.594074, 0.743554, 0.487215, 0.000000, 0.000000, 0.000000, 1.000000, 0.306866, -0.594065, 0.743586, 0.556211, 0.371550, 0.794061, 0.481058, -0.082685, -0.876233, 0.128659, 0.464395, 0.146218, 0.000000, 0.000000, 0.000000, 1.000000, 0.002991, 0.040600, -0.999171, 0.103539, -0.997912, -0.064348, -0.005602, 0.010800, -0.064522, 0.997101, 0.040322, -0.020820, 0.000000, 0.000000, 0.000000, 1.000000
-19.9989, 91.6852, 110.8134, 487.2145, 556.2107, -82.6855, 146.2233, 103.5387, 10.7996, -20.8199, -0.371548, -0.794062, -0.481059, 0.091685, 0.876209, -0.128611, -0.464453, 0.110813, 0.306935, -0.594075, 0.743550, 0.487214, 0.000000, 0.000000, 0.000000, 1.000000, 0.306875, -0.594065, 0.743582, 0.556211, 0.371548, 0.794062, 0.481058, -0.082686, -0.876231, 0.128652, 0.464401, 0.146223, 0.000000, 0.000000, 0.000000, 1.000000, 0.002991, 0.040600, -0.999171, 0.103539, -0.997912, -0.064348, -0.005602, 0.010800, -0.064522, 0.997101, 0.040322, -0.020820, 0.000000, 0.000000, 0.000000, 1.000000
-19.9988, 91.6855, 110.8083, 487.2138, 556.2100, -82.6857, 146.2285, 103.5387, 10.7996, -20.8199, -0.371546, -0.794063, -0.481059, 0.091685, 0.876207, -0.128604, -0.464459, 0.110808, 0.306943, -0.594075, 0.743546, 0.487214, 0.000000, 0.000000, 0.000000, 1.000000, 0.306883, -0.594066, 0.743578, 0.556210, 0.371546, 0.794063, 0.481058, -0.082686, -0.876228, 0.128645, 0.464408, 0.146228, 0.000000, 0.000000, 0.000000, 1.000000, 0.002991, 0.040600, -0.999171, 0.103539, -0.997912, -0.064348, -0.005602, 0.010800, -0.064523, 0.997101, 0.040322, -0.020820, 0.000000, 0.000000, 0.000000, 1.000000
-19.9988, 91.6857, 110.8033, 487.2131, 556.2094, -82.6860, 146.2337, 103.5387, 10.7996, -20.8199, -0.371544, -0.794064, -0.481059, 0.091686, 0.876205, -0.128597, -0.464464, 0.110803, 0.306952, -0.594075, 0.743542, 0.487213, 0.000000, 0.000000, 0.000000, 1.000000, 0.306892, -0.594066, 0.743574, 0.556209, 0.371544, 0.794064, 0.481058, -0.082686, -0.876226, 0.128637, 0.464414, 0.146234, 0.000000, 0.000000, 0.000000, 1.000000, 0.002991, 0.040600, -0.999171, 0.103539, -0.997912, -0.064348, -0.005602, 0.010800, -0.064523, 0.997101, 0.040322, -0.020820, 0.000000, 0.000000, 0.000000, 1.000000
-19.9988, 91.6858, 110.8007, 487.2127, 556.2090, -82.6861, 146.2363, 103.5387, 10.7996, -20.8199, -0.371543, -0.794064, -0.481059, 0.091686, 0.876204, -0.128593, -0.464467, 0.110801, 0.306956, -0.594075, 0.743541, 0.487213, 0.000000, 0.000000, 0.000000, 1.000000, 0.306896, -0.594066, 0.743572, 0.556209, 0.371543, 0.794065, 0.481059, -0.082686, -0.876225, 0.128634, 0.464416, 0.146236, 0.000000, 0.000000, 0.000000, 1.000000, 0.002991, 0.040600, -0.999171, 0.103539, -0.997912, -0.064348, -0.005602, 0.010800, -0.064523, 0.997101, 0.040322, -0.020820, 0.000000, 0.000000, 0.000000, 1.000000
-19.9987, 91.6861, 110.7957, 487.2120, 556.2083, -82.6864, 146.2414, 103.5387, 10.7996, -20.8199, -0.371540, -0.794066, -0.481059, 0.091686, 0.876203, -0.128586, -0.464472, 0.110796, 0.306964, -0.594075, 0.743537, 0.487212, 0.000000, 0.000000, 0.000000, 1.000000, 0.306905, -0.594066, 0.743569, 0.556208, 0.371539, 0.794066, 0.481059, -0.082686, -0.876224, 0.128626, 0.464421, 0.146241, 0.000000, 0.000000, 0.000000, 1.000000, 0.002991, 0.040600, -0.999171, 0.103539, -0.997912, -0.064348, -0.005602, 0.010800, -0.064523, 0.997101, 0.040322, -0.020820, 0.000000, 0.000000, 0.000000, 1.000000
-19.9986, 91.6863, 110.7932, 487.2116, 556.2079, -82.6866, 146.2440, 103.5387, 10.7995, -20.8199, -0.371537, -0.794066, -0.481060, 0.091686, 0.876203, -0.128582, -0.464474, 0.110793, 0.306968, -0.594075, 0.743536, 0.487212, 0.000000, 0.000000, 0.000000, 1.000000, 0.306908, -0.594066, 0.743568, 0.556208, 0.371537, 0.794067, 0.481059, -0.082687, -0.876223, 0.128622, 0.464423, 0.146244, 0.000000, 0.000000, 0.000000, 1.000000, 0.002991, 0.040599, -0.999171, 0.103539, -0.997912, -0.064348, -0.005602, 0.010800, -0.064523, 0.997101, 0.040322, -0.020820, 0.000000, 0.000000, 0.000000, 1.000000
-19.9983, 91.6868, 110.7880, 487.2108, 556.2071, -82.6871, 146.2493, 103.5388, 10.7995, -20.8200, -0.371531, -0.794068, -0.481061, 0.091687, 0.876203, -0.128572, -0.464476, 0.110788, 0.306975, -0.594074, 0.743534, 0.487211, 0.000000, 0.000000, 0.000000, 1.000000, 0.306916, -0.594065, 0.743565, 0.556207, 0.371531, 0.794069, 0.481061, -0.082687, -0.876224, 0.128612, 0.464426, 0.146249, 0.000000, 0.000000, 0.000000, 1.000000, 0.002991, 0.040599, -0.999171, 0.103539, -0.997912, -0.064348, -0.005602, 0.010799, -0.064523, 0.997101, 0.040322, -0.020820, 0.000000, 0.000000, 0.000000, 1.000000
-19.9978, 91.6875, 110.7825, 487.2098, 556.2061, -82.6878, 146.2549, 103.5388, 10.7993, -20.8200, -0.371521, -0.794071, -0.481064, 0.091687, 0.876205, -0.128561, -0.464475, 0.110782, 0.306981, -0.594073, 0.743532, 0.487210, 0.000000, 0.000000, 0.000000, 1.000000, 0.306922, -0.594064, 0.743564, 0.556206, 0.371521, 0.794072, 0.481063, -0.082688, -0.876225, 0.128601, 0.464425, 0.146255, 0.000000, 0.000000, 0.000000, 1.000000, 0.002991, 0.040599, -0.999171, 0.103539, -0.997912, -0.064348, -0.005602, 0.010799, -0.064522, 0.997101, 0.040322, -0.020820, 0.000000, 0.000000, 0.000000, 1.000000
-19.9970, 91.6885, 110.7766, 487.2086, 556.2049, -82.6888, 146.2609, 103.5389, 10.7991, -20.8201, -0.371507, -0.794076, -0.481068, 0.091688, 0.876209, -0.128547, -0.464471, 0.110777, 0.306985, -0.594070, 0.743533, 0.487209, 0.000000, 0.000000, 0.000000, 1.000000, 0.306927, -0.594061, 0.743564, 0.556205, 0.371507, 0.794076, 0.481067, -0.082689, -0.876230, 0.128587, 0.464421, 0.146261, 0.000000, 0.000000, 0.000000, 1.000000, 0.002992, 0.040599, -0.999171, 0.103539, -0.997912, -0.064348, -0.005603, 0.010799, -0.064522, 0.997101, 0.040322, -0.020820, 0.000000, 0.000000, 0.000000, 1.000000
-19.9965, 91.6891, 110.7735, 487.2079, 556.2043, -82.6894, 146.2641, 103.5389, 10.7989, -20.8201, -0.371498, -0.794078, -0.481070, 0.091689, 0.876212, -0.128539, -0.464467, 0.110773, 0.306987, -0.594068, 0.743533, 0.487208, 0.000000, 0.000000, 0.000000, 1.000000, 0.306928, -0.594059, 0.743565, 0.556204, 0.371498, 0.794079, 0.481070, -0.082689, -0.876233, 0.128579, 0.464417, 0.146264, 0.000000, 0.000000, 0.000000, 1.000000, 0.002992, 0.040599, -0.999171, 0.103539, -0.997912, -0.064348, -0.005603, 0.010799, -0.064522, 0.997101, 0.040322, -0.020820, 0.000000, 0.000000, 0.000000, 1.000000
-19.9943, 91.6917, 110.7631, 487.2054, 556.2017, -82.6920, 146.2747, 103.5391, 10.7983, -20.8203, -0.371462, -0.794089, -0.481081, 0.091692, 0.876227, -0.128509, -0.464448, 0.110763, 0.306990, -0.594061, 0.743538, 0.487205, 0.000000, 0.000000, 0.000000, 1.000000, 0.306932, -0.594052, 0.743569, 0.556202, 0.371462, 0.794089, 0.481081, -0.082692, -0.876247, 0.128549, 0.464399, 0.146275, 0.000000, 0.000000, 0.000000, 1.000000, 0.002993, 0.040599, -0.999171, 0.103539, -0.997912, -0.064347, -0.005603, 0.010798, -0.064521, 0.997101, 0.040321, -0.020820, 0.000000, 0.000000, 0.000000, 1.000000
-19.9933, 91.6927, 110.7593, 487.2043, 556.2007, -82.6930, 146.2786, 103.5392, 10.7980, -20.8203, -0.371446, -0.794093, -0.481086, 0.091693, 0.876233, -0.128497, -0.464439, 0.110759, 0.306990, -0.594057, 0.743541, 0.487204, 0.000000, 0.000000, 0.000000, 1.000000, 0.306932, -0.594048, 0.743572, 0.556201, 0.371446, 0.794094, 0.481085, -0.082693, -0.876254, 0.128536, 0.464390, 0.146279, 0.000000, 0.000000, 0.000000, 1.000000, 0.002993, 0.040599, -0.999171, 0.103539, -0.997912, -0.064347, -0.005604, 0.010798, -0.064521, 0.997101, 0.040321, -0.020820, 0.000000, 0.000000, 0.000000, 1.000000
-19.9910, 91.6953, 110.7510, 487.2020, 556.1984, -82.6956, 146.2870, 103.5394, 10.7973, -20.8205, -0.371409, -0.794104, -0.481097, 0.091695, 0.876249, -0.128469, -0.464416, 0.110751, 0.306989, -0.594049, 0.743548, 0.487202, 0.000000, 0.000000, 0.000000, 1.000000, 0.306931, -0.594040, 0.743579, 0.556198, 0.371409, 0.794104, 0.481096, -0.082696, -0.876270, 0.128509, 0.464367, 0.146287, 0.000000, 0.000000, 0.000000, 1.000000, 0.002994, 0.040598, -0.999171, 0.103539, -0.997912, -0.064346, -0.005604, 0.010797, -0.064520, 0.997101, 0.040321, -0.020820, 0.000000, 0.000000, 0.000000, 1.000000
-19.9883, 91.6977, 110.7545, 487.2011, 556.1974, -82.6980, 146.2834, 103.5396, 10.7965, -20.8206, -0.371369, -0.794114, -0.481110, 0.091698, 0.876275, -0.128454, -0.464373, 0.110755, 0.306965, -0.594039, 0.743566, 0.487201, 0.000000, 0.000000, 0.000000, 1.000000, 0.306907, -0.594030, 0.743597, 0.556197, 0.371369, 0.794115, 0.481110, -0.082698, -0.876295, 0.128493, 0.464323, 0.146283, 0.000000, 0.000000, 0.000000, 1.000000, 0.002995, 0.040598, -0.999171, 0.103540, -0.997912, -0.064345, -0.005605, 0.010796, -0.064519, 0.997102, 0.040320, -0.020821, 0.000000, 0.000000, 0.000000, 1.000000
-19.9850, 91.7007, 110.7561, 487.1996, 556.1959, -82.7010, 146.2818, 103.5399, 10.7955, -20.8208, -0.371321, -0.794127, -0.481127, 0.091701, 0.876304, -0.128432, -0.464324, 0.110756, 0.306940, -0.594026, 0.743586, 0.487200, 0.000000, 0.000000, 0.000000, 1.000000, 0.306882, -0.594017, 0.743618, 0.556196, 0.371321, 0.794128, 0.481126, -0.082701, -0.876324, 0.128472, 0.464274, 0.146282, 0.000000, 0.000000, 0.000000, 1.000000, 0.002996, 0.040597, -0.999171, 0.103540, -0.997912, -0.064344, -0.005606, 0.010796, -0.064518, 0.997102, 0.040320, -0.020821, 0.000000, 0.000000, 0.000000, 1.000000
-19.9811, 91.7044, 110.7554, 487.1974, 556.1938, -82.7046, 146.2824, 103.5402, 10.7944, -20.8211, -0.371263, -0.794143, -0.481145, 0.091704, 0.876337, -0.128403, -0.464269, 0.110755, 0.306915, -0.594012, 0.743608, 0.487197, 0.000000, 0.000000, 0.000000, 1.000000, 0.306857, -0.594003, 0.743639, 0.556194, 0.371263, 0.794143, 0.481145, -0.082705, -0.876358, 0.128443, 0.464220, 0.146282, 0.000000, 0.000000, 0.000000, 1.000000, 0.002997, 0.040597, -0.999171, 0.103540, -0.997912, -0.064342, -0.005607, 0.010794, -0.064517, 0.997102, 0.040319, -0.020821, 0.000000, 0.000000, 0.000000, 1.000000
-19.9789, 91.7064, 110.7542, 487.1961, 556.1925, -82.7067, 146.2836, 103.5403, 10.7937, -20.8212, -0.371231, -0.794152, -0.481156, 0.091706, 0.876355, -0.128386, -0.464240, 0.110754, 0.306903, -0.594004, 0.743620, 0.487196, 0.000000, 0.000000, 0.000000, 1.000000, 0.306845, -0.593995, 0.743651, 0.556193, 0.371231, 0.794152, 0.481156, -0.082707, -0.876376, 0.128426, 0.464190, 0.146284, 0.000000, 0.000000, 0.000000, 1.000000, 0.002998, 0.040597, -0.999171, 0.103540, -0.997912, -0.064342, -0.005608, 0.010794, -0.064516, 0.997102, 0.040319, -0.020821, 0.000000, 0.000000, 0.000000, 1.000000
-19.9742, 91.7111, 110.7500, 487.1931, 556.1894, -82.7114, 146.2878, 103.5407, 10.7924, -20.8215, -0.371159, -0.794171, -0.481179, 0.091711, 0.876394, -0.128347, -0.464177, 0.110750, 0.306878, -0.593986, 0.743644, 0.487193, 0.000000, 0.000000, 0.000000, 1.000000, 0.306820, -0.593977, 0.743675, 0.556189, 0.371159, 0.794171, 0.481179, -0.082711, -0.876415, 0.128386, 0.464128, 0.146288, 0.000000, 0.000000, 0.000000, 1.000000, 0.002999, 0.040596, -0.999171, 0.103541, -0.997912, -0.064340, -0.005609, 0.010792, -0.064514, 0.997102, 0.040318, -0.020821, 0.000000, 0.000000, 0.000000, 1.000000
-19.9716, 91.7137, 110.7470, 487.1913, 556.1877, -82.7139, 146.2907, 103.5409, 10.7916, -20.8217, -0.371120, -0.794182, -0.481191, 0.091714, 0.876415, -0.128324, -0.464144, 0.110747, 0.306866, -0.593976, 0.743657, 0.487191, 0.000000, 0.000000, 0.000000, 1.000000, 0.306808, -0.593967, 0.743688, 0.556188, 0.371120, 0.794182, 0.481191, -0.082714, -0.876436, 0.128364, 0.464094, 0.146291, 0.000000, 0.000000, 0.000000, 1.000000, 0.003000, 0.040596, -0.999171, 0.103541, -0.997912, -0.064339, -0.005610, 0.010792, -0.064513, 0.997102, 0.040318, -0.020822, 0.000000, 0.000000, 0.000000, 1.000000
-19.9660, 91.7193, 110.7393, 487.1873, 556.1836, -82.7196, 146.2985, 103.5413, 10.7900, -20.8220, -0.371034, -0.794206, -0.481218, 0.091719, 0.876460, -0.128274, -0.464073, 0.110739, 0.306842, -0.593956, 0.743683, 0.487187, 0.000000, 0.000000, 0.000000, 1.000000, 0.306784, -0.593947, 0.743714, 0.556184, 0.371034, 0.794206, 0.481218, -0.082720, -0.876480, 0.128314, 0.464024, 0.146298, 0.000000, 0.000000, 0.000000, 1.000000, 0.003002, 0.040595, -0.999171, 0.103541, -0.997912, -0.064337, -0.005612, 0.010790, -0.064511, 0.997102, 0.040317, -0.020822, 0.000000, 0.000000, 0.000000, 1.000000
-19.9598, 91.7255, 110.7292, 487.1826, 556.1790, -82.7258, 146.3085, 103.5418, 10.7882, -20.8224, -0.370940, -0.794232, -0.481248, 0.091726, 0.876508, -0.128217, -0.463998, 0.110729, 0.306818, -0.593933, 0.743711, 0.487183, 0.000000, 0.000000, 0.000000, 1.000000, 0.306759, -0.593924, 0.743742, 0.556179, 0.370940, 0.794232, 0.481247, -0.082726, -0.876528, 0.128257, 0.463948, 0.146309, 0.000000, 0.000000, 0.000000, 1.000000, 0.003004, 0.040594, -0.999171, 0.103542, -0.997913, -0.064335, -0.005614, 0.010788, -0.064509, 0.997102, 0.040316, -0.020822, 0.000000, 0.000000, 0.000000, 1.000000
-19.9565, 91.7289, 110.7233, 487.1801, 556.1765, -82.7291, 146.3144, 103.5421, 10.7872, -20.8226, -0.370890, -0.794246, -0.481263, 0.091729, 0.876533, -0.128186, -0.463959, 0.110723, 0.306806, -0.593921, 0.743726, 0.487180, 0.000000, 0.000000, 0.000000, 1.000000, 0.306747, -0.593912, 0.743757, 0.556176, 0.370890, 0.794246, 0.481263, -0.082729, -0.876554, 0.128226, 0.463909, 0.146314, 0.000000, 0.000000, 0.000000, 1.000000, 0.003005, 0.040594, -0.999171, 0.103542, -0.997913, -0.064334, -0.005615, 0.010787, -0.064508, 0.997102, 0.040316, -0.020823, 0.000000, 0.000000, 0.000000, 1.000000
-19.9496, 91.7360, 110.7098, 487.1746, 556.1710, -82.7362, 146.3279, 103.5426, 10.7852, -20.8230, -0.370783, -0.794275, -0.481297, 0.091736, 0.876587, -0.128119, -0.463876, 0.110710, 0.306782, -0.593896, 0.743756, 0.487175, 0.000000, 0.000000, 0.000000, 1.000000, 0.306724, -0.593887, 0.743787, 0.556171, 0.370783, 0.794276, 0.481296, -0.082736, -0.876607, 0.128159, 0.463826, 0.146328, 0.000000, 0.000000, 0.000000, 1.000000, 0.003007, 0.040593, -0.999171, 0.103543, -0.997913, -0.064331, -0.005617, 0.010785, -0.064506, 0.997103, 0.040314, -0.020823, 0.000000, 0.000000, 0.000000, 1.000000
-19.9422, 91.7436, 110.6942, 487.1686, 556.1649, -82.7439, 146.3435, 103.5432, 10.7830, -20.8235, -0.370669, -0.794307, -0.481332, 0.091744, 0.876643, -0.128046, -0.463790, 0.110694, 0.306759, -0.593869, 0.743787, 0.487169, 0.000000, 0.000000, 0.000000, 1.000000, 0.306701, -0.593860, 0.743818, 0.556165, 0.370669, 0.794308, 0.481332, -0.082744, -0.876664, 0.128085, 0.463740, 0.146343, 0.000000, 0.000000, 0.000000, 1.000000, 0.003010, 0.040592, -0.999171, 0.103543, -0.997913, -0.064329, -0.005619, 0.010783, -0.064503, 0.997103, 0.040313, -0.020824, 0.000000, 0.000000, 0.000000, 1.000000
-19.9422, 91.7436, 110.6942, 487.1686, 556.1649, -82.7439, 146.3435, 103.5432, 10.7830, -20.8235, -0.370669, -0.794307, -0.481332, 0.091744, 0.876643, -0.128046, -0.463790, 0.110694, 0.306759, -0.593869, 0.743787, 0.487169, 0.000000, 0.000000, 0.000000, 1.000000, 0.306701, -0.593860, 0.743818, 0.556165, 0.370669, 0.794308, 0.481332, -0.082744, -0.876664, 0.128085, 0.463740, 0.146343, 0.000000, 0.000000, 0.000000, 1.000000, 0.003010, 0.040592, -0.999171, 0.103543, -0.997913, -0.064329, -0.005619, 0.010783, -0.064503, 0.997103, 0.040313, -0.020824, 0.000000, 0.000000, 0.000000, 1.000000
-19.9303, 91.7560, 110.6672, 487.1586, 556.1549, -82.7563, 146.3705, 103.5442, 10.7796, -20.8243, -0.370484, -0.794359, -0.481389, 0.091756, 0.876733, -0.127925, -0.463653, 0.110667, 0.306725, -0.593825, 0.743835, 0.487159, 0.000000, 0.000000, 0.000000, 1.000000, 0.306667, -0.593816, 0.743867, 0.556155, 0.370484, 0.794360, 0.481388, -0.082756, -0.876754, 0.127965, 0.463603, 0.146371, 0.000000, 0.000000, 0.000000, 1.000000, 0.003014, 0.040590, -0.999171, 0.103544, -0.997913, -0.064324, -0.005623, 0.010780, -0.064499, 0.997103, 0.040311, -0.020824, 0.000000, 0.000000, 0.000000, 1.000000
-19.9261, 91.7603, 110.6572, 487.1550, 556.1514, -82.7606, 146.3804, 103.5445, 10.7784, -20.8246, -0.370419, -0.794377, -0.481408, 0.091760, 0.876765, -0.127882, -0.463605, 0.110657, 0.306714, -0.593810, 0.743852, 0.487155, 0.000000, 0.000000, 0.000000, 1.000000, 0.306655, -0.593801, 0.743883, 0.556151, 0.370419, 0.794378, 0.481408, -0.082761, -0.876785, 0.127922, 0.463556, 0.146380, 0.000000, 0.000000, 0.000000, 1.000000, 0.003015, 0.040589, -0.999171, 0.103545, -0.997913, -0.064323, -0.005625, 0.010778, -0.064498, 0.997103, 0.040311, -0.020825, 0.000000, 0.000000, 0.000000, 1.000000
-19.9175, 91.7693, 110.6361, 487.1476, 556.1439, -82.7696, 146.4015, 103.5452, 10.7759, -20.8251, -0.370286, -0.794415, -0.481449, 0.091769, 0.876829, -0.127794, -0.463509, 0.110636, 0.306692, -0.593779, 0.743886, 0.487148, 0.000000, 0.000000, 0.000000, 1.000000, 0.306633, -0.593770, 0.743917, 0.556144, 0.370285, 0.794415, 0.481449, -0.082770, -0.876849, 0.127833, 0.463459, 0.146402, 0.000000, 0.000000, 0.000000, 1.000000, 0.003018, 0.040588, -0.999171, 0.103545, -0.997913, -0.064320, -0.005627, 0.010776, -0.064495, 0.997104, 0.040309, -0.020825, 0.000000, 0.000000, 0.000000, 1.000000
-19.9131, 91.7740, 110.6250, 487.1437, 556.1401, -82.7742, 146.4127, 103.5456, 10.7746, -20.8254, -0.370217, -0.794434, -0.481470, 0.091774, 0.876862, -0.127747, -0.463459, 0.110625, 0.306681, -0.593763, 0.743903, 0.487144, 0.000000, 0.000000, 0.000000, 1.000000, 0.306623, -0.593754, 0.743935, 0.556140, 0.370217, 0.794435, 0.481470, -0.082774, -0.876882, 0.127787, 0.463409, 0.146413, 0.000000, 0.000000, 0.000000, 1.000000, 0.003020, 0.040587, -0.999171, 0.103546, -0.997914, -0.064319, -0.005629, 0.010775, -0.064494, 0.997104, 0.040308, -0.020825, 0.000000, 0.000000, 0.000000, 1.000000
-19.9086, 91.7787, 110.6135, 487.1398, 556.1362, -82.7789, 146.4242, 103.5459, 10.7733, -20.8257, -0.370147, -0.794454, -0.481492, 0.091779, 0.876895, -0.127700, -0.463409, 0.110613, 0.306671, -0.593747, 0.743921, 0.487140, 0.000000, 0.000000, 0.000000, 1.000000, 0.306612, -0.593738, 0.743952, 0.556136, 0.370146, 0.794454, 0.481491, -0.082779, -0.876915, 0.127740, 0.463359, 0.146424, 0.000000, 0.000000, 0.000000, 1.000000, 0.003021, 0.040587, -0.999171, 0.103546, -0.997914, -0.064317, -0.005630, 0.010773, -0.064492, 0.997104, 0.040308, -0.020826, 0.000000, 0.000000, 0.000000, 1.000000
-19.8994, 91.7883, 110.5895, 487.1317, 556.1281, -82.7886, 146.4481, 103.5467, 10.7706, -20.8263, -0.370003, -0.794494, -0.481535, 0.091788, 0.876963, -0.127604, -0.463307, 0.110590, 0.306649, -0.593714, 0.743956, 0.487132, 0.000000, 0.000000, 0.000000, 1.000000, 0.306591, -0.593705, 0.743987, 0.556128, 0.370003, 0.794495, 0.481535, -0.082789, -0.876983, 0.127643, 0.463258, 0.146448, 0.000000, 0.000000, 0.000000, 1.000000, 0.003025, 0.040585, -0.999171, 0.103547, -0.997914, -0.064314, -0.005633, 0.010771, -0.064489, 0.997104, 0.040306, -0.020826, 0.000000, 0.000000, 0.000000, 1.000000
-19.8853, 91.8032, 110.5515, 487.1190, 556.1154, -82.8035, 146.4862, 103.5478, 10.7665, -20.8272, -0.369782, -0.794557, -0.481602, 0.091803, 0.877067, -0.127453, -0.463152, 0.110552, 0.306619, -0.593662, 0.744009, 0.487119, 0.000000, 0.000000, 0.000000, 1.000000, 0.306560, -0.593653, 0.744041, 0.556115, 0.369782, 0.794557, 0.481602, -0.082804, -0.877087, 0.127493, 0.463102, 0.146486, 0.000000, 0.000000, 0.000000, 1.000000, 0.003030, 0.040583, -0.999172, 0.103548, -0.997914, -0.064309, -0.005638, 0.010766, -0.064484, 0.997104, 0.040304, -0.020827, 0.000000, 0.000000, 0.000000, 1.000000
-19.8805, 91.8083, 110.5384, 487.1147, 556.1111, -82.8086, 146.4993, 103.5482, 10.7651, -20.8276, -0.369707, -0.794578, -0.481625, 0.091808, 0.877102, -0.127402, -0.463099, 0.110538, 0.306609, -0.593645, 0.744027, 0.487115, 0.000000, 0.000000, 0.000000, 1.000000, 0.306550, -0.593636, 0.744058, 0.556111, 0.369707, 0.794578, 0.481624, -0.082809, -0.877122, 0.127441, 0.463050, 0.146499, 0.000000, 0.000000, 0.000000, 1.000000, 0.003031, 0.040583, -0.999172, 0.103548, -0.997914, -0.064307, -0.005639, 0.010765, -0.064483, 0.997105, 0.040303, -0.020828, 0.000000, 0.000000, 0.000000, 1.000000
-19.8709, 91.8185, 110.5118, 487.1060, 556.1024, -82.8187, 146.5260, 103.5490, 10.7623, -20.8282, -0.369556, -0.794621, -0.481670, 0.091818, 0.877172, -0.127298, -0.462995, 0.110512, 0.306589, -0.593610, 0.744063, 0.487106, 0.000000, 0.000000, 0.000000, 1.000000, 0.306531, -0.593601, 0.744094, 0.556102, 0.369556, 0.794621, 0.481670, -0.082819, -0.877193, 0.127338, 0.462945, 0.146526, 0.000000, 0.000000, 0.000000, 1.000000, 0.003035, 0.040581, -0.999172, 0.103549, -0.997914, -0.064304, -0.005643, 0.010762, -0.064480, 0.997105, 0.040301, -0.020828, 0.000000, 0.000000, 0.000000, 1.000000
-19.8709, 91.8185, 110.5118, 487.1060, 556.1024, -82.8187, 146.5260, 103.5490, 10.7623, -20.8282, -0.369556, -0.794621, -0.481670, 0.091818, 0.877172, -0.127298, -0.462995, 0.110512, 0.306589, -0.593610, 0.744063, 0.487106, 0.000000, 0.000000, 0.000000, 1.000000, 0.306531, -0.593601, 0.744094, 0.556102, 0.369556, 0.794621, 0.481670, -0.082819, -0.877193, 0.127338, 0.462945, 0.146526, 0.000000, 0.000000, 0.000000, 1.000000, 0.003035, 0.040581, -0.999172, 0.103549, -0.997914, -0.064304, -0.005643, 0.010762, -0.064480, 0.997105, 0.040301, -0.020828, 0.000000, 0.000000, 0.000000, 1.000000
-19.8563, 91.8338, 110.4709, 487.0927, 556.0891, -82.8341, 146.5669, 103.5501, 10.7581, -20.8291, -0.369328, -0.794685, -0.481739, 0.091834, 0.877278, -0.127141, -0.462837, 0.110471, 0.306561, -0.593558, 0.744116, 0.487093, 0.000000, 0.000000, 0.000000, 1.000000, 0.306503, -0.593549, 0.744148, 0.556089, 0.369328, 0.794685, 0.481739, -0.082834, -0.877299, 0.127181, 0.462788, 0.146567, 0.000000, 0.000000, 0.000000, 1.000000, 0.003040, 0.040579, -0.999172, 0.103550, -0.997915, -0.064299, -0.005647, 0.010758, -0.064475, 0.997105, 0.040299, -0.020829, 0.000000, 0.000000, 0.000000, 1.000000
-19.8467, 91.8441, 110.4432, 487.0838, 556.0802, -82.8444, 146.5946, 103.5509, 10.7552, -20.8298, -0.369176, -0.794728, -0.481785, 0.091844, 0.877349, -0.127036, -0.462733, 0.110443, 0.306543, -0.593523, 0.744152, 0.487084, 0.000000, 0.000000, 0.000000, 1.000000, 0.306484, -0.593514, 0.744183, 0.556080, 0.369176, 0.794728, 0.481784, -0.082844, -0.877369, 0.127075, 0.462683, 0.146595, 0.000000, 0.000000, 0.000000, 1.000000, 0.003043, 0.040578, -0.999172, 0.103551, -0.997915, -0.064296, -0.005650, 0.010755, -0.064472, 0.997106, 0.040297, -0.020830, 0.000000, 0.000000, 0.000000, 1.000000
-19.8418, 91.8492, 110.4293, 487.0794, 556.0758, -82.8495, 146.6085, 103.5513, 10.7538, -20.8301, -0.369100, -0.794749, -0.481808, 0.091849, 0.877384, -0.126983, -0.462680, 0.110429, 0.306534, -0.593506, 0.744169, 0.487079, 0.000000, 0.000000, 0.000000, 1.000000, 0.306475, -0.593497, 0.744201, 0.556076, 0.369100, 0.794750, 0.481807, -0.082850, -0.877404, 0.127022, 0.462631, 0.146609, 0.000000, 0.000000, 0.000000, 1.000000, 0.003045, 0.040577, -0.999172, 0.103551, -0.997915, -0.064294, -0.005652, 0.010754, -0.064470, 0.997106, 0.040296, -0.020830, 0.000000, 0.000000, 0.000000, 1.000000
-19.8322, 91.8595, 110.4015, 487.0705, 556.0669, -82.8598, 146.6364, 103.5521, 10.7510, -20.8307, -0.368948, -0.794792, -0.481853, 0.091859, 0.877454, -0.126877, -0.462577, 0.110401, 0.306516, -0.593471, 0.744205, 0.487070, 0.000000, 0.000000, 0.000000, 1.000000, 0.306458, -0.593462, 0.744236, 0.556067, 0.368948, 0.794792, 0.481853, -0.082860, -0.877474, 0.126917, 0.462527, 0.146636, 0.000000, 0.000000, 0.000000, 1.000000, 0.003048, 0.040575, -0.999172, 0.103552, -0.997915, -0.064291, -0.005655, 0.010751, -0.064467, 0.997106, 0.040295, -0.020831, 0.000000, 0.000000, 0.000000, 1.000000
-19.8226, 91.8697, 110.3736, 487.0616, 556.0580, -82.8700, 146.6643, 103.5528, 10.7482, -20.8314, -0.368798, -0.794835, -0.481898, 0.091870, 0.877523, -0.126772, -0.462474, 0.110374, 0.306499, -0.593436, 0.744239, 0.487062, 0.000000, 0.000000, 0.000000, 1.000000, 0.306440, -0.593427, 0.744270, 0.556058, 0.368797, 0.794835, 0.481898, -0.082870, -0.877544, 0.126812, 0.462424, 0.146664, 0.000000, 0.000000, 0.000000, 1.000000, 0.003052, 0.040574, -0.999172, 0.103553, -0.997915, -0.064287, -0.005658, 0.010748, -0.064464, 0.997106, 0.040293, -0.020831, 0.000000, 0.000000, 0.000000, 1.000000
-19.8178, 91.8747, 110.3598, 487.0572, 556.0536, -82.8750, 146.6782, 103.5532, 10.7469, -20.8317, -0.368723, -0.794856, -0.481921, 0.091875, 0.877558, -0.126720, -0.462422, 0.110360, 0.306490, -0.593419, 0.744257, 0.487057, 0.000000, 0.000000, 0.000000, 1.000000, 0.306432, -0.593410, 0.744288, 0.556054, 0.368722, 0.794856, 0.481920, -0.082875, -0.877578, 0.126760, 0.462373, 0.146678, 0.000000, 0.000000, 0.000000, 1.000000, 0.003053, 0.040573, -0.999172, 0.103553, -0.997915, -0.064286, -0.005660, 0.010747, -0.064462, 0.997106, 0.040292, -0.020832, 0.000000, 0.000000, 0.000000, 1.000000
-19.8083, 91.8848, 110.3322, 487.0484, 556.0449, -82.8851, 146.7058, 103.5540, 10.7441, -20.8323, -0.368573, -0.794898, -0.481966, 0.091885, 0.877626, -0.126616, -0.462321, 0.110332, 0.306473, -0.593385, 0.744291, 0.487048, 0.000000, 0.000000, 0.000000, 1.000000, 0.306415, -0.593376, 0.744322, 0.556045, 0.368573, 0.794898, 0.481965, -0.082885, -0.877647, 0.126656, 0.462271, 0.146706, 0.000000, 0.000000, 0.000000, 1.000000, 0.003057, 0.040572, -0.999172, 0.103554, -0.997916, -0.064282, -0.005663, 0.010744, -0.064459, 0.997107, 0.040291, -0.020832, 0.000000, 0.000000, 0.000000, 1.000000
-19.8036, 91.8898, 110.3185, 487.0441, 556.0405, -82.8901, 146.7195, 103.5544, 10.7427, -20.8326, -0.368499, -0.794919, -0.481988, 0.091890, 0.877660, -0.126565, -0.462270, 0.110319, 0.306465, -0.593368, 0.744308, 0.487044, 0.000000, 0.000000, 0.000000, 1.000000, 0.306407, -0.593359, 0.744339, 0.556041, 0.368499, 0.794919, 0.481987, -0.082890, -0.877681, 0.126604, 0.462221, 0.146720, 0.000000, 0.000000, 0.000000, 1.000000, 0.003058, 0.040571, -0.999172, 0.103554, -0.997916, -0.064281, -0.005664, 0.010743, -0.064457, 0.997107, 0.040290, -0.020833, 0.000000, 0.000000, 0.000000, 1.000000
-19.7943, 91.8997, 110.2914, 487.0355, 556.0319, -82.9000, 146.7467, 103.5551, 10.7400, -20.8332, -0.368353, -0.794960, -0.482032, 0.091900, 0.877728, -0.126463, -0.462170, 0.110291, 0.306448, -0.593334, 0.744342, 0.487035, 0.000000, 0.000000, 0.000000, 1.000000, 0.306390, -0.593325, 0.744372, 0.556032, 0.368352, 0.794961, 0.482031, -0.082900, -0.877748, 0.126502, 0.462121, 0.146747, 0.000000, 0.000000, 0.000000, 1.000000, 0.003061, 0.040570, -0.999172, 0.103555, -0.997916, -0.064278, -0.005667, 0.010740, -0.064454, 0.997107, 0.040289, -0.020833, 0.000000, 0.000000, 0.000000, 1.000000
-19.7897, 91.9046, 110.2780, 487.0312, 556.0276, -82.9049, 146.7601, 103.5555, 10.7387, -20.8335, -0.368280, -0.794981, -0.482053, 0.091905, 0.877761, -0.126412, -0.462120, 0.110278, 0.306440, -0.593317, 0.744358, 0.487031, 0.000000, 0.000000, 0.000000, 1.000000, 0.306382, -0.593309, 0.744389, 0.556028, 0.368280, 0.794981, 0.482053, -0.082905, -0.877781, 0.126451, 0.462071, 0.146760, 0.000000, 0.000000, 0.000000, 1.000000, 0.003063, 0.040569, -0.999172, 0.103555, -0.997916, -0.064276, -0.005669, 0.010739, -0.064453, 0.997107, 0.040288, -0.020834, 0.000000, 0.000000, 0.000000, 1.000000
-19.7805, 91.9143, 110.2515, 487.0227, 556.0192, -82.9146, 146.7867, 103.5562, 10.7360, -20.8341, -0.368136, -0.795021, -0.482097, 0.091914, 0.877827, -0.126312, -0.462022, 0.110251, 0.306423, -0.593284, 0.744391, 0.487023, 0.000000, 0.000000, 0.000000, 1.000000, 0.306365, -0.593276, 0.744422, 0.556019, 0.368136, 0.795022, 0.482096, -0.082915, -0.877848, 0.126351, 0.461973, 0.146787, 0.000000, 0.000000, 0.000000, 1.000000, 0.003066, 0.040568, -0.999172, 0.103556, -0.997916, -0.064273, -0.005672, 0.010736, -0.064450, 0.997107, 0.040286, -0.020834, 0.000000, 0.000000, 0.000000, 1.000000
-19.7760, 91.9191, 110.2384, 487.0186, 556.0150, -82.9194, 146.7998, 103.5566, 10.7347, -20.8344, -0.368065, -0.795041, -0.482118, 0.091919, 0.877860, -0.126262, -0.461973, 0.110238, 0.306415, -0.593268, 0.744408, 0.487019, 0.000000, 0.000000, 0.000000, 1.000000, 0.306357, -0.593259, 0.744439, 0.556015, 0.368064, 0.795042, 0.482117, -0.082919, -0.877880, 0.126301, 0.461924, 0.146800, 0.000000, 0.000000, 0.000000, 1.000000, 0.003068, 0.040567, -0.999172, 0.103557, -0.997916, -0.064271, -0.005673, 0.010735, -0.064448, 0.997108, 0.040285, -0.020834, 0.000000, 0.000000, 0.000000, 1.000000
-19.7670, 91.9286, 110.2126, 487.0103, 556.0067, -82.9289, 146.8256, 103.5573, 10.7321, -20.8350, -0.367924, -0.795081, -0.482160, 0.091929, 0.877925, -0.126164, -0.461877, 0.110213, 0.306398, -0.593236, 0.744440, 0.487010, 0.000000, 0.000000, 0.000000, 1.000000, 0.306340, -0.593227, 0.744471, 0.556007, 0.367923, 0.795081, 0.482160, -0.082929, -0.877945, 0.126203, 0.461828, 0.146826, 0.000000, 0.000000, 0.000000, 1.000000, 0.003071, 0.040566, -0.999172, 0.103557, -0.997917, -0.064268, -0.005676, 0.010732, -0.064445, 0.997108, 0.040284, -0.020835, 0.000000, 0.000000, 0.000000, 1.000000
-19.7626, 91.9333, 110.1999, 487.0062, 556.0027, -82.9336, 146.8384, 103.5577, 10.7308, -20.8353, -0.367854, -0.795101, -0.482181, 0.091933, 0.877957, -0.126116, -0.461829, 0.110200, 0.306390, -0.593220, 0.744457, 0.487006, 0.000000, 0.000000, 0.000000, 1.000000, 0.306332, -0.593211, 0.744487, 0.556003, 0.367854, 0.795101, 0.482180, -0.082934, -0.877977, 0.126155, 0.461780, 0.146838, 0.000000, 0.000000, 0.000000, 1.000000, 0.003072, 0.040565, -0.999172, 0.103558, -0.997917, -0.064267, -0.005678, 0.010731, -0.064444, 0.997108, 0.040283, -0.020835, 0.000000, 0.000000, 0.000000, 1.000000
-19.7452, 91.9517, 110.1507, 486.9903, 555.9868, -82.9521, 146.8878, 103.5591, 10.7257, -20.8365, -0.367580, -0.795178, -0.482263, 0.091952, 0.878083, -0.125927, -0.461640, 0.110151, 0.306356, -0.593157, 0.744520, 0.486990, 0.000000, 0.000000, 0.000000, 1.000000, 0.306299, -0.593148, 0.744551, 0.555987, 0.367580, 0.795178, 0.482262, -0.082952, -0.878104, 0.125966, 0.461592, 0.146888, 0.000000, 0.000000, 0.000000, 1.000000, 0.003079, 0.040563, -0.999172, 0.103559, -0.997917, -0.064261, -0.005683, 0.010726, -0.064438, 0.997108, 0.040280, -0.020836, 0.000000, 0.000000, 0.000000, 1.000000
-19.7368, 91.9607, 110.1271, 486.9826, 555.9791, -82.9610, 146.9114, 103.5597, 10.7233, -20.8370, -0.367448, -0.795215, -0.482302, 0.091961, 0.878145, -0.125835, -0.461549, 0.110127, 0.306340, -0.593126, 0.744552, 0.486983, 0.000000, 0.000000, 0.000000, 1.000000, 0.306282, -0.593118, 0.744582, 0.555979, 0.367447, 0.795215, 0.482302, -0.082961, -0.878165, 0.125874, 0.461500, 0.146911, 0.000000, 0.000000, 0.000000, 1.000000, 0.003081, 0.040561, -0.999172, 0.103560, -0.997917, -0.064258, -0.005686, 0.010723, -0.064435, 0.997109, 0.040279, -0.020837, 0.000000, 0.000000, 0.000000, 1.000000
-19.7326, 91.9650, 110.1156, 486.9789, 555.9753, -82.9654, 146.9230, 103.5601, 10.7220, -20.8373, -0.367382, -0.795233, -0.482322, 0.091965, 0.878175, -0.125790, -0.461503, 0.110116, 0.306331, -0.593111, 0.744567, 0.486979, 0.000000, 0.000000, 0.000000, 1.000000, 0.306274, -0.593103, 0.744598, 0.555975, 0.367382, 0.795233, 0.482322, -0.082965, -0.878195, 0.125829, 0.461455, 0.146923, 0.000000, 0.000000, 0.000000, 1.000000, 0.003083, 0.040561, -0.999172, 0.103560, -0.997917, -0.064256, -0.005688, 0.010722, -0.064434, 0.997109, 0.040278, -0.020837, 0.000000, 0.000000, 0.000000, 1.000000
-19.7244, 91.9737, 110.0930, 486.9715, 555.9679, -82.9740, 146.9456, 103.5607, 10.7197, -20.8378, -0.367254, -0.795269, -0.482361, 0.091974, 0.878235, -0.125702, -0.461414, 0.110093, 0.306314, -0.593082, 0.744598, 0.486971, 0.000000, 0.000000, 0.000000, 1.000000, 0.306257, -0.593073, 0.744628, 0.555968, 0.367254, 0.795269, 0.482360, -0.082974, -0.878255, 0.125741, 0.461365, 0.146946, 0.000000, 0.000000, 0.000000, 1.000000, 0.003086, 0.040560, -0.999172, 0.103561, -0.997917, -0.064254, -0.005690, 0.010720, -0.064431, 0.997109, 0.040277, -0.020838, 0.000000, 0.000000, 0.000000, 1.000000
-19.7204, 91.9779, 110.0820, 486.9678, 555.9643, -82.9782, 146.9566, 103.5611, 10.7185, -20.8381, -0.367190, -0.795287, -0.482379, 0.091978, 0.878264, -0.125659, -0.461370, 0.110082, 0.306306, -0.593067, 0.744613, 0.486968, 0.000000, 0.000000, 0.000000, 1.000000, 0.306249, -0.593058, 0.744643, 0.555964, 0.367190, 0.795287, 0.482379, -0.082978, -0.878284, 0.125697, 0.461321, 0.146957, 0.000000, 0.000000, 0.000000, 1.000000, 0.003087, 0.040559, -0.999172, 0.103561, -0.997917, -0.064252, -0.005691, 0.010718, -0.064430, 0.997109, 0.040276, -0.020838, 0.000000, 0.000000, 0.000000, 1.000000
-19.7124, 91.9863, 110.0605, 486.9607, 555.9572, -82.9866, 146.9782, 103.5617, 10.7162, -20.8386, -0.367066, -0.795322, -0.482417, 0.091986, 0.878322, -0.125574, -0.461282, 0.110061, 0.306289, -0.593038, 0.744643, 0.486961, 0.000000, 0.000000, 0.000000, 1.000000, 0.306232, -0.593030, 0.744673, 0.555957, 0.367065, 0.795322, 0.482416, -0.082987, -0.878342, 0.125612, 0.461234, 0.146978, 0.000000, 0.000000, 0.000000, 1.000000, 0.003090, 0.040558, -0.999172, 0.103562, -0.997918, -0.064249, -0.005694, 0.010716, -0.064427, 0.997109, 0.040275, -0.020839, 0.000000, 0.000000, 0.000000, 1.000000
-19.7046, 91.9945, 110.0396, 486.9537, 555.9502, -82.9948, 146.9992, 103.5623, 10.7139, -20.8391, -0.366943, -0.795356, -0.482454, 0.091995, 0.878379, -0.125490, -0.461196, 0.110040, 0.306272, -0.593010, 0.744672, 0.486954, 0.000000, 0.000000, 0.000000, 1.000000, 0.306215, -0.593001, 0.744702, 0.555950, 0.366943, 0.795356, 0.482453, -0.082995, -0.878399, 0.125529, 0.461148, 0.146999, 0.000000, 0.000000, 0.000000, 1.000000, 0.003093, 0.040557, -0.999172, 0.103562, -0.997918, -0.064247, -0.005697, 0.010714, -0.064425, 0.997110, 0.040274, -0.020839, 0.000000, 0.000000, 0.000000, 1.000000
-19.7008, 91.9986, 110.0294, 486.9503, 555.9468, -82.9989, 147.0095, 103.5626, 10.7128, -20.8394, -0.366882, -0.795373, -0.482472, 0.091999, 0.878408, -0.125449, -0.461153, 0.110029, 0.306263, -0.592996, 0.744687, 0.486950, 0.000000, 0.000000, 0.000000, 1.000000, 0.306207, -0.592987, 0.744717, 0.555947, 0.366882, 0.795373, 0.482471, -0.082999, -0.878428, 0.125487, 0.461105, 0.147009, 0.000000, 0.000000, 0.000000, 1.000000, 0.003094, 0.040556, -0.999172, 0.103563, -0.997918, -0.064245, -0.005698, 0.010713, -0.064423, 0.997110, 0.040273, -0.020839, 0.000000, 0.000000, 0.000000, 1.000000
-19.6931, 92.0066, 110.0094, 486.9435, 555.9400, -83.0069, 147.0296, 103.5632, 10.7105, -20.8399, -0.366762, -0.795407, -0.482508, 0.092007, 0.878464, -0.125368, -0.461068, 0.110009, 0.306246, -0.592968, 0.744716, 0.486943, 0.000000, 0.000000, 0.000000, 1.000000, 0.306189, -0.592960, 0.744746, 0.555940, 0.366762, 0.795407, 0.482507, -0.083007, -0.878484, 0.125406, 0.461020, 0.147030, 0.000000, 0.000000, 0.000000, 1.000000, 0.003097, 0.040555, -0.999173, 0.103563, -0.997918, -0.064243, -0.005700, 0.010711, -0.064421, 0.997110, 0.040272, -0.020840, 0.000000, 0.000000, 0.000000, 1.000000
-19.6856, 92.0145, 109.9899, 486.9368, 555.9334, -83.0148, 147.0492, 103.5638, 10.7083, -20.8403, -0.366644, -0.795440, -0.482543, 0.092014, 0.878520, -0.125288, -0.460984, 0.109990, 0.306228, -0.592941, 0.744745, 0.486937, 0.000000, 0.000000, 0.000000, 1.000000, 0.306172, -0.592932, 0.744775, 0.555933, 0.366644, 0.795440, 0.482543, -0.083015, -0.878539, 0.125326, 0.460936, 0.147049, 0.000000, 0.000000, 0.000000, 1.000000, 0.003099, 0.040554, -0.999173, 0.103564, -0.997918, -0.064240, -0.005703, 0.010708, -0.064418, 0.997110, 0.040270, -0.020840, 0.000000, 0.000000, 0.000000, 1.000000
-19.6818, 92.0184, 109.9803, 486.9335, 555.9301, -83.0187, 147.0588, 103.5641, 10.7072, -20.8406, -0.366585, -0.795456, -0.482561, 0.092018, 0.878547, -0.125248, -0.460942, 0.109980, 0.306219, -0.592927, 0.744760, 0.486934, 0.000000, 0.000000, 0.000000, 1.000000, 0.306163, -0.592919, 0.744790, 0.555930, 0.366585, 0.795456, 0.482561, -0.083019, -0.878567, 0.125287, 0.460894, 0.147059, 0.000000, 0.000000, 0.000000, 1.000000, 0.003101, 0.040553, -0.999173, 0.103564, -0.997918, -0.064239, -0.005704, 0.010707, -0.064417, 0.997110, 0.040270, -0.020841, 0.000000, 0.000000, 0.000000, 1.000000
-19.6744, 92.0261, 109.9615, 486.9270, 555.9236, -83.0265, 147.0777, 103.5647, 10.7051, -20.8411, -0.366469, -0.795488, -0.482596, 0.092026, 0.878602, -0.125170, -0.460859, 0.109962, 0.306201, -0.592900, 0.744789, 0.486927, 0.000000, 0.000000, 0.000000, 1.000000, 0.306145, -0.592892, 0.744819, 0.555924, 0.366469, 0.795489, 0.482596, -0.083026, -0.878622, 0.125208, 0.460811, 0.147078, 0.000000, 0.000000, 0.000000, 1.000000, 0.003103, 0.040552, -0.999173, 0.103565, -0.997918, -0.064236, -0.005706, 0.010705, -0.064414, 0.997110, 0.040269, -0.020841, 0.000000, 0.000000, 0.000000, 1.000000
-19.6670, 92.0338, 109.9431, 486.9206, 555.9172, -83.0342, 147.0963, 103.5653, 10.7029, -20.8415, -0.366353, -0.795520, -0.482631, 0.092034, 0.878657, -0.125093, -0.460776, 0.109943, 0.306183, -0.592873, 0.744818, 0.486921, 0.000000, 0.000000, 0.000000, 1.000000, 0.306127, -0.592865, 0.744847, 0.555917, 0.366353, 0.795521, 0.482631, -0.083034, -0.878676, 0.125131, 0.460728, 0.147096, 0.000000, 0.000000, 0.000000, 1.000000, 0.003106, 0.040551, -0.999173, 0.103565, -0.997919, -0.064234, -0.005709, 0.010703, -0.064412, 0.997111, 0.040267, -0.020842, 0.000000, 0.000000, 0.000000, 1.000000
-19.6633, 92.0377, 109.9340, 486.9174, 555.9140, -83.0380, 147.1054, 103.5656, 10.7018, -20.8418, -0.366296, -0.795536, -0.482648, 0.092038, 0.878684, -0.125055, -0.460734, 0.109934, 0.306173, -0.592860, 0.744832, 0.486917, 0.000000, 0.000000, 0.000000, 1.000000, 0.306117, -0.592852, 0.744862, 0.555914, 0.366295, 0.795537, 0.482648, -0.083038, -0.878703, 0.125093, 0.460687, 0.147105, 0.000000, 0.000000, 0.000000, 1.000000, 0.003107, 0.040551, -0.999173, 0.103566, -0.997919, -0.064232, -0.005710, 0.010702, -0.064411, 0.997111, 0.040267, -0.020842, 0.000000, 0.000000, 0.000000, 1.000000
-19.6560, 92.0453, 109.9160, 486.9111, 555.9077, -83.0456, 147.1235, 103.5662, 10.6997, -20.8423, -0.366181, -0.795568, -0.482683, 0.092045, 0.878738, -0.124978, -0.460651, 0.109916, 0.306154, -0.592834, 0.744861, 0.486911, 0.000000, 0.000000, 0.000000, 1.000000, 0.306099, -0.592825, 0.744891, 0.555908, 0.366181, 0.795569, 0.482682, -0.083046, -0.878758, 0.125016, 0.460604, 0.147123, 0.000000, 0.000000, 0.000000, 1.000000, 0.003109, 0.040550, -0.999173, 0.103566, -0.997919, -0.064230, -0.005712, 0.010700, -0.064408, 0.997111, 0.040266, -0.020842, 0.000000, 0.000000, 0.000000, 1.000000
