# Joint_A_Angle(deg), Cam_X(mm), Cam_Y(mm), Cam_Z(mm), Torso_X(mm), Torso_Y(mm), Torso_Z(mm), EE_X(mm), EE_Y(mm), EE_Z(mm), T_cam2marker_flat(16), T_torso2marker_flat(16), T_ee2marker_flat(16)
-14.9992, 25.5106, 19.3864, 162.1163, 231.1199, -16.5108, 237.6668, 101.5347, 10.2522, -1.7369, 0.593110, 0.804193, -0.038660, 0.025511, -0.805121, 0.592478, -0.027379, 0.019386, 0.000887, 0.047365, 0.998877, 0.162116, 0.000000, 0.000000, 0.000000, 1.000000, 0.000965, 0.047307, 0.998880, 0.231120, -0.593110, -0.804193, 0.038659, -0.016511, 0.805121, -0.592483, 0.027282, 0.237667, 0.000000, 0.000000, 0.000000, 1.000000, -0.072594, -0.040565, -0.996536, 0.101535, -0.997232, -0.013164, 0.073180, 0.010252, -0.016087, 0.999090, -0.039497, -0.001737, 0.000000, 0.000000, 0.000000, 1.000000
-14.9993, 25.5112, 19.3849, 162.1150, 231.1186, -16.5113, 237.6683, 101.5347, 10.2522, -1.7369, 0.593111, 0.804192, -0.038662, 0.025511, -0.805120, 0.592479, -0.027386, 0.019385, 0.000882, 0.047370, 0.998877, 0.162115, 0.000000, 0.000000, 0.000000, 1.000000, 0.000960, 0.047312, 0.998880, 0.231119, -0.593111, -0.804192, 0.038661, -0.016511, 0.805120, -0.592484, 0.027290, 0.237668, 0.000000, 0.000000, 0.000000, 1.000000, -0.072594, -0.040565, -0.996536, 0.101535, -0.997232, -0.013164, 0.073180, 0.010252, -0.016087, 0.999090, -0.039497, -0.001737, 0.000000, 0.000000, 0.000000, 1.000000
-14.9994, 25.5114, 19.3842, 162.1144, 231.1180, -16.5116, 237.6690, 101.5347, 10.2522, -1.7369, 0.593112, 0.804191, -0.038662, 0.025511, -0.805120, 0.592480, -0.027390, 0.019384, 0.000880, 0.047373, 0.998877, 0.162114, 0.000000, 0.000000, 0.000000, 1.000000, 0.000958, 0.047315, 0.998880, 0.231118, -0.593112, -0.804191, 0.038662, -0.016512, 0.805120, -0.592484, 0.027293, 0.237669, 0.000000, 0.000000, 0.000000, 1.000000, -0.072594, -0.040565, -0.996536, 0.101535, -0.997232, -0.013164, 0.073180, 0.010252, -0.016087, 0.999090, -0.039497, -0.001737, 0.000000, 0.000000, 0.000000, 1.000000
-14.9995, 25.5119, 19.3830, 162.1133, 231.1169, -16.5121, 237.6703, 101.5346, 10.2522, -1.7368, 0.593113, 0.804190, -0.038664, 0.025512, -0.805119, 0.592481, -0.027396, 0.019383, 0.000876, 0.047378, 0.998877, 0.162113, 0.000000, 0.000000, 0.000000, 1.000000, 0.000953, 0.047320, 0.998879, 0.231117, -0.593113, -0.804190, 0.038663, -0.016512, 0.805119, -0.592485, 0.027299, 0.237670, 0.000000, 0.000000, 0.000000, 1.000000, -0.072594, -0.040565, -0.996536, 0.101535, -0.997232, -0.013164, 0.073180, 0.010252, -0.016087, 0.999090, -0.039497, -0.001737, 0.000000, 0.000000, 0.000000, 1.000000
-14.9996, 25.5121, 19.3824, 162.1127, 231.1164, -16.5123, 237.6708, 101.5346, 10.2521, -1.7368, 0.593114, 0.804190, -0.038665, 0.025512, -0.805118, 0.592481, -0.027399, 0.019382, 0.000874, 0.047381, 0.998877, 0.162113, 0.000000, 0.000000, 0.000000, 1.000000, 0.000952, 0.047323, 0.998879, 0.231116, -0.593114, -0.804190, 0.038664, -0.016512, 0.805118, -0.592486, 0.027302, 0.237671, 0.000000, 0.000000, 0.000000, 1.000000, -0.072594, -0.040565, -0.996536, 0.101535, -0.997232, -0.013164, 0.073180, 0.010252, -0.016087, 0.999090, -0.039497, -0.001737, 0.000000, 0.000000, 0.000000, 1.000000
-14.9997, 25.5125, 19.3815, 162.1118, 231.1154, -16.5127, 237.6718, 101.5346, 10.2521, -1.7368, 0.593115, 0.804189, -0.038667, 0.025513, -0.805118, 0.592482, -0.027404, 0.019381, 0.000871, 0.047385, 0.998876, 0.162112, 0.000000, 0.000000, 0.000000, 1.000000, 0.000948, 0.047327, 0.998879, 0.231115, -0.593115, -0.804189, 0.038666, -0.016513, 0.805117, -0.592486, 0.027308, 0.237672, 0.000000, 0.000000, 0.000000, 1.000000, -0.072594, -0.040565, -0.996536, 0.101535, -0.997232, -0.013164, 0.073180, 0.010252, -0.016086, 0.999090, -0.039497, -0.001737, 0.000000, 0.000000, 0.000000, 1.000000
-14.9997, 25.5127, 19.3811, 162.1114, 231.1150, -16.5129, 237.6722, 101.5346, 10.2521, -1.7368, 0.593115, 0.804189, -0.038667, 0.025513, -0.805117, 0.592482, -0.027406, 0.019381, 0.000870, 0.047387, 0.998876, 0.162111, 0.000000, 0.000000, 0.000000, 1.000000, 0.000947, 0.047329, 0.998879, 0.231115, -0.593115, -0.804189, 0.038667, -0.016513, 0.805117, -0.592487, 0.027310, 0.237672, 0.000000, 0.000000, 0.000000, 1.000000, -0.072594, -0.040564, -0.996536, 0.101535, -0.997232, -0.013163, 0.073180, 0.010252, -0.016086, 0.999090, -0.039497, -0.001737, 0.000000, 0.000000, 0.000000, 1.000000
-14.9999, 25.5131, 19.3800, 162.1103, 231.1139, -16.5133, 237.6733, 101.5345, 10.2521, -1.7368, 0.593116, 0.804188, -0.038669, 0.025513, -0.805116, 0.592483, -0.027412, 0.019380, 0.000867, 0.047391, 0.998876, 0.162110, 0.000000, 0.000000, 0.000000, 1.000000, 0.000944, 0.047334, 0.998879, 0.231114, -0.593116, -0.804188, 0.038668, -0.016513, 0.805116, -0.592488, 0.027316, 0.237673, 0.000000, 0.000000, 0.000000, 1.000000, -0.072594, -0.040564, -0.996536, 0.101535, -0.997232, -0.013163, 0.073180, 0.010252, -0.016086, 0.999090, -0.039496, -0.001737, 0.000000, 0.000000, 0.000000, 1.000000
-14.9998, 25.5133, 19.3793, 162.1098, 231.1134, -16.5134, 237.6741, 101.5345, 10.2521, -1.7368, 0.593117, 0.804187, -0.038669, 0.025513, -0.805115, 0.592484, -0.027414, 0.019379, 0.000865, 0.047393, 0.998876, 0.162110, 0.000000, 0.000000, 0.000000, 1.000000, 0.000941, 0.047335, 0.998879, 0.231113, -0.593117, -0.804187, 0.038668, -0.016513, 0.805115, -0.592489, 0.027318, 0.237674, 0.000000, 0.000000, 0.000000, 1.000000, -0.072594, -0.040564, -0.996536, 0.101535, -0.997232, -0.013163, 0.073181, 0.010252, -0.016086, 0.999090, -0.039496, -0.001737, 0.000000, 0.000000, 0.000000, 1.000000
-14.9998, 25.5133, 19.3793, 162.1098, 231.1134, -16.5134, 237.6741, 101.5345, 10.2521, -1.7368, 0.593117, 0.804187, -0.038669, 0.025513, -0.805115, 0.592484, -0.027414, 0.019379, 0.000865, 0.047393, 0.998876, 0.162110, 0.000000, 0.000000, 0.000000, 1.000000, 0.000941, 0.047335, 0.998879, 0.231113, -0.593117, -0.804187, 0.038668, -0.016513, 0.805115, -0.592489, 0.027318, 0.237674, 0.000000, 0.000000, 0.000000, 1.000000, -0.072594, -0.040564, -0.996536, 0.101535, -0.997232, -0.013163, 0.073181, 0.010252, -0.016086, 0.999090, -0.039496, -0.001737, 0.000000, 0.000000, 0.000000, 1.000000
-14.9996, 25.5130, 19.3786, 162.1100, 231.1136, -16.5132, 237.6748, 101.5345, 10.2521, -1.7367, 0.593118, 0.804186, -0.038666, 0.025513, -0.805115, 0.592485, -0.027413, 0.019379, 0.000864, 0.047390, 0.998876, 0.162110, 0.000000, 0.000000, 0.000000, 1.000000, 0.000940, 0.047332, 0.998879, 0.231114, -0.593118, -0.804186, 0.038665, -0.016513, 0.805115, -0.592489, 0.027317, 0.237675, 0.000000, 0.000000, 0.000000, 1.000000, -0.072594, -0.040564, -0.996536, 0.101535, -0.997232, -0.013164, 0.073181, 0.010252, -0.016086, 0.999090, -0.039496, -0.001737, 0.000000, 0.000000, 0.000000, 1.000000
-14.9996, 25.5130, 19.3786, 162.1100, 231.1136, -16.5132, 237.6748, 101.5345, 10.2521, -1.7367, 0.593118, 0.804186, -0.038666, 0.025513, -0.805115, 0.592485, -0.027413, 0.019379, 0.000864, 0.047390, 0.998876, 0.162110, 0.000000, 0.000000, 0.000000, 1.000000, 0.000940, 0.047332, 0.998879, 0.231114, -0.593118, -0.804186, 0.038665, -0.016513, 0.805115, -0.592489, 0.027317, 0.237675, 0.000000, 0.000000, 0.000000, 1.000000, -0.072594, -0.040564, -0.996536, 0.101535, -0.997232, -0.013164, 0.073181, 0.010252, -0.016086, 0.999090, -0.039496, -0.001737, 0.000000, 0.000000, 0.000000, 1.000000
-14.9990, 25.5122, 19.3779, 162.1111, 231.1146, -16.5124, 237.6756, 101.5345, 10.2522, -1.7368, 0.593119, 0.804186, -0.038658, 0.025512, -0.805115, 0.592486, -0.027407, 0.019378, 0.000864, 0.047380, 0.998877, 0.162111, 0.000000, 0.000000, 0.000000, 1.000000, 0.000940, 0.047322, 0.998879, 0.231115, -0.593119, -0.804187, 0.038657, -0.016512, 0.805115, -0.592490, 0.027312, 0.237676, 0.000000, 0.000000, 0.000000, 1.000000, -0.072594, -0.040564, -0.996536, 0.101535, -0.997232, -0.013164, 0.073181, 0.010252, -0.016087, 0.999090, -0.039496, -0.001737, 0.000000, 0.000000, 0.000000, 1.000000
-14.9984, 25.5112, 19.3773, 162.1124, 231.1160, -16.5114, 237.6762, 101.5346, 10.2523, -1.7368, 0.593119, 0.804187, -0.038649, 0.025511, -0.805115, 0.592486, -0.027400, 0.019377, 0.000864, 0.047369, 0.998877, 0.162112, 0.000000, 0.000000, 0.000000, 1.000000, 0.000941, 0.047311, 0.998880, 0.231116, -0.593119, -0.804187, 0.038648, -0.016511, 0.805114, -0.592491, 0.027305, 0.237676, 0.000000, 0.000000, 0.000000, 1.000000, -0.072595, -0.040564, -0.996536, 0.101535, -0.997232, -0.013165, 0.073181, 0.010252, -0.016088, 0.999090, -0.039496, -0.001737, 0.000000, 0.000000, 0.000000, 1.000000
-14.9980, 25.5106, 19.3770, 162.1133, 231.1168, -16.5108, 237.6765, 101.5346, 10.2523, -1.7368, 0.593119, 0.804187, -0.038644, 0.025511, -0.805114, 0.592486, -0.027395, 0.019377, 0.000865, 0.047361, 0.998877, 0.162113, 0.000000, 0.000000, 0.000000, 1.000000, 0.000941, 0.047304, 0.998880, 0.231117, -0.593119, -0.804187, 0.038643, -0.016511, 0.805114, -0.592491, 0.027300, 0.237677, 0.000000, 0.000000, 0.000000, 1.000000, -0.072595, -0.040564, -0.996536, 0.101535, -0.997232, -0.013166, 0.073181, 0.010252, -0.016089, 0.999090, -0.039496, -0.001737, 0.000000, 0.000000, 0.000000, 1.000000
-14.9975, 25.5099, 19.3767, 162.1143, 231.1179, -16.5101, 237.6769, 101.5346, 10.2524, -1.7368, 0.593119, 0.804187, -0.038637, 0.025510, -0.805114, 0.592487, -0.027390, 0.019377, 0.000865, 0.047353, 0.998878, 0.162114, 0.000000, 0.000000, 0.000000, 1.000000, 0.000941, 0.047296, 0.998880, 0.231118, -0.593119, -0.804187, 0.038636, -0.016510, 0.805114, -0.592491, 0.027295, 0.237677, 0.000000, 0.000000, 0.000000, 1.000000, -0.072595, -0.040564, -0.996536, 0.101535, -0.997232, -0.013166, 0.073181, 0.010252, -0.016089, 0.999090, -0.039496, -0.001737, 0.000000, 0.000000, 0.000000, 1.000000
-14.9970, 25.5091, 19.3762, 162.1155, 231.1190, -16.5093, 237.6773, 101.5347, 10.2524, -1.7368, 0.593119, 0.804188, -0.038630, 0.025509, -0.805114, 0.592487, -0.027384, 0.019376, 0.000866, 0.047344, 0.998878, 0.162115, 0.000000, 0.000000, 0.000000, 1.000000, 0.000942, 0.047287, 0.998881, 0.231119, -0.593119, -0.804188, 0.038629, -0.016509, 0.805114, -0.592491, 0.027289, 0.237677, 0.000000, 0.000000, 0.000000, 1.000000, -0.072595, -0.040564, -0.996536, 0.101535, -0.997232, -0.013167, 0.073182, 0.010252, -0.016090, 0.999090, -0.039496, -0.001737, 0.000000, 0.000000, 0.000000, 1.000000
-14.9949, 25.5061, 19.3747, 162.1201, 231.1236, -16.5062, 237.6789, 101.5348, 10.2527, -1.7368, 0.593119, 0.804189, -0.038602, 0.025506, -0.805115, 0.592488, -0.027361, 0.019375, 0.000868, 0.047307, 0.998880, 0.162120, 0.000000, 0.000000, 0.000000, 1.000000, 0.000944, 0.047250, 0.998883, 0.231124, -0.593119, -0.804189, 0.038601, -0.016506, 0.805115, -0.592492, 0.027266, 0.237679, 0.000000, 0.000000, 0.000000, 1.000000, -0.072596, -0.040564, -0.996536, 0.101535, -0.997232, -0.013169, 0.073182, 0.010253, -0.016092, 0.999090, -0.039496, -0.001737, 0.000000, 0.000000, 0.000000, 1.000000
-14.9941, 25.5048, 19.3740, 162.1220, 231.1255, -16.5050, 237.6796, 101.5348, 10.2528, -1.7368, 0.593119, 0.804190, -0.038590, 0.025505, -0.805115, 0.592488, -0.027351, 0.019374, 0.000869, 0.047292, 0.998881, 0.162122, 0.000000, 0.000000, 0.000000, 1.000000, 0.000945, 0.047235, 0.998883, 0.231126, -0.593119, -0.804190, 0.038589, -0.016505, 0.805115, -0.592493, 0.027257, 0.237680, 0.000000, 0.000000, 0.000000, 1.000000, -0.072596, -0.040564, -0.996536, 0.101535, -0.997232, -0.013171, 0.073183, 0.010253, -0.016093, 0.999090, -0.039496, -0.001737, 0.000000, 0.000000, 0.000000, 1.000000
-14.9922, 25.5019, 19.3726, 162.1263, 231.1298, -16.5021, 237.6812, 101.5349, 10.2530, -1.7369, 0.593118, 0.804191, -0.038564, 0.025502, -0.805115, 0.592489, -0.027329, 0.019373, 0.000871, 0.047258, 0.998882, 0.162126, 0.000000, 0.000000, 0.000000, 1.000000, 0.000946, 0.047201, 0.998885, 0.231130, -0.593118, -0.804191, 0.038563, -0.016502, 0.805115, -0.592493, 0.027235, 0.237681, 0.000000, 0.000000, 0.000000, 1.000000, -0.072596, -0.040565, -0.996536, 0.101535, -0.997232, -0.013173, 0.073183, 0.010253, -0.016096, 0.999090, -0.039496, -0.001737, 0.000000, 0.000000, 0.000000, 1.000000
-14.9911, 25.5003, 19.3717, 162.1287, 231.1323, -16.5005, 237.6820, 101.5350, 10.2532, -1.7369, 0.593118, 0.804192, -0.038549, 0.025500, -0.805115, 0.592489, -0.027317, 0.019372, 0.000872, 0.047238, 0.998883, 0.162129, 0.000000, 0.000000, 0.000000, 1.000000, 0.000947, 0.047182, 0.998886, 0.231132, -0.593118, -0.804192, 0.038548, -0.016500, 0.805115, -0.592494, 0.027223, 0.237682, 0.000000, 0.000000, 0.000000, 1.000000, -0.072597, -0.040565, -0.996536, 0.101535, -0.997231, -0.013174, 0.073184, 0.010253, -0.016097, 0.999090, -0.039496, -0.001737, 0.000000, 0.000000, 0.000000, 1.000000
-14.9899, 25.4985, 19.3707, 162.1314, 231.1349, -16.4987, 237.6830, 101.5351, 10.2533, -1.7369, 0.593118, 0.804193, -0.038532, 0.025499, -0.805115, 0.592490, -0.027304, 0.019371, 0.000873, 0.047217, 0.998884, 0.162131, 0.000000, 0.000000, 0.000000, 1.000000, 0.000948, 0.047161, 0.998887, 0.231135, -0.593118, -0.804193, 0.038532, -0.016499, 0.805115, -0.592494, 0.027210, 0.237683, 0.000000, 0.000000, 0.000000, 1.000000, -0.072597, -0.040565, -0.996536, 0.101535, -0.997231, -0.013176, 0.073184, 0.010253, -0.016099, 0.999090, -0.039496, -0.001737, 0.000000, 0.000000, 0.000000, 1.000000
-14.9858, 25.4924, 19.3674, 162.1406, 231.1441, -16.4926, 237.6865, 101.5353, 10.2539, -1.7370, 0.593117, 0.804196, -0.038476, 0.025492, -0.805116, 0.592491, -0.027258, 0.019367, 0.000876, 0.047145, 0.998888, 0.162141, 0.000000, 0.000000, 0.000000, 1.000000, 0.000951, 0.047088, 0.998890, 0.231144, -0.593117, -0.804196, 0.038475, -0.016493, 0.805116, -0.592496, 0.027164, 0.237686, 0.000000, 0.000000, 0.000000, 1.000000, -0.072598, -0.040565, -0.996536, 0.101535, -0.997231, -0.013181, 0.073185, 0.010254, -0.016104, 0.999090, -0.039496, -0.001737, 0.000000, 0.000000, 0.000000, 1.000000
-14.9843, 25.4901, 19.3661, 162.1441, 231.1476, -16.4902, 237.6878, 101.5354, 10.2540, -1.7370, 0.593117, 0.804197, -0.038454, 0.025490, -0.805116, 0.592492, -0.027241, 0.019366, 0.000877, 0.047117, 0.998889, 0.162144, 0.000000, 0.000000, 0.000000, 1.000000, 0.000952, 0.047061, 0.998892, 0.231148, -0.593117, -0.804198, 0.038453, -0.016490, 0.805116, -0.592496, 0.027147, 0.237688, 0.000000, 0.000000, 0.000000, 1.000000, -0.072599, -0.040565, -0.996536, 0.101535, -0.997231, -0.013183, 0.073186, 0.010254, -0.016106, 0.999090, -0.039496, -0.001737, 0.000000, 0.000000, 0.000000, 1.000000
-14.9809, 25.4850, 19.3631, 162.1517, 231.1552, -16.4852, 237.6908, 101.5356, 10.2545, -1.7371, 0.593116, 0.804200, -0.038407, 0.025485, -0.805116, 0.592493, -0.027203, 0.019363, 0.000879, 0.047057, 0.998892, 0.162152, 0.000000, 0.000000, 0.000000, 1.000000, 0.000954, 0.047000, 0.998894, 0.231155, -0.593116, -0.804200, 0.038406, -0.016485, 0.805116, -0.592497, 0.027110, 0.237691, 0.000000, 0.000000, 0.000000, 1.000000, -0.072600, -0.040565, -0.996536, 0.101536, -0.997231, -0.013187, 0.073187, 0.010254, -0.016110, 0.999090, -0.039496, -0.001737, 0.000000, 0.000000, 0.000000, 1.000000
-14.9809, 25.4850, 19.3631, 162.1517, 231.1552, -16.4852, 237.6908, 101.5356, 10.2545, -1.7371, 0.593116, 0.804200, -0.038407, 0.025485, -0.805116, 0.592493, -0.027203, 0.019363, 0.000879, 0.047057, 0.998892, 0.162152, 0.000000, 0.000000, 0.000000, 1.000000, 0.000954, 0.047000, 0.998894, 0.231155, -0.593116, -0.804200, 0.038406, -0.016485, 0.805116, -0.592497, 0.027110, 0.237691, 0.000000, 0.000000, 0.000000, 1.000000, -0.072600, -0.040565, -0.996536, 0.101536, -0.997231, -0.013187, 0.073187, 0.010254, -0.016110, 0.999090, -0.039496, -0.001737, 0.000000, 0.000000, 0.000000, 1.000000
-14.9771, 25.4793, 19.3598, 162.1601, 231.1636, -16.4795, 237.6942, 101.5359, 10.2550, -1.7371, 0.593116, 0.804203, -0.038354, 0.025479, -0.805117, 0.592494, -0.027161, 0.019360, 0.000881, 0.046989, 0.998895, 0.162160, 0.000000, 0.000000, 0.000000, 1.000000, 0.000956, 0.046933, 0.998898, 0.231164, -0.593116, -0.804203, 0.038353, -0.016480, 0.805117, -0.592499, 0.027068, 0.237694, 0.000000, 0.000000, 0.000000, 1.000000, -0.072601, -0.040565, -0.996536, 0.101536, -0.997231, -0.013192, 0.073188, 0.010255, -0.016115, 0.999090, -0.039495, -0.001737, 0.000000, 0.000000, 0.000000, 1.000000
-14.9707, 25.4698, 19.3540, 162.1744, 231.1779, -16.4700, 237.7000, 101.5362, 10.2558, -1.7372, 0.593115, 0.804208, -0.038264, 0.025470, -0.805117, 0.592497, -0.027091, 0.019354, 0.000885, 0.046875, 0.998900, 0.162174, 0.000000, 0.000000, 0.000000, 1.000000, 0.000959, 0.046820, 0.998903, 0.231178, -0.593115, -0.804208, 0.038264, -0.016470, 0.805117, -0.592501, 0.026998, 0.237700, 0.000000, 0.000000, 0.000000, 1.000000, -0.072603, -0.040566, -0.996536, 0.101536, -0.997231, -0.013200, 0.073191, 0.010256, -0.016123, 0.999090, -0.039495, -0.001737, 0.000000, 0.000000, 0.000000, 1.000000
-14.9659, 25.4627, 19.3497, 162.1850, 231.1884, -16.4629, 237.7045, 101.5365, 10.2564, -1.7373, 0.593114, 0.804212, -0.038198, 0.025463, -0.805118, 0.592498, -0.027039, 0.019350, 0.000887, 0.046791, 0.998904, 0.162185, 0.000000, 0.000000, 0.000000, 1.000000, 0.000961, 0.046736, 0.998907, 0.231188, -0.593114, -0.804212, 0.038197, -0.016463, 0.805118, -0.592503, 0.026947, 0.237704, 0.000000, 0.000000, 0.000000, 1.000000, -0.072604, -0.040566, -0.996536, 0.101537, -0.997230, -0.013206, 0.073192, 0.010256, -0.016130, 0.999090, -0.039495, -0.001737, 0.000000, 0.000000, 0.000000, 1.000000
-14.9634, 25.4585, 19.3497, 162.1918, 231.1953, -16.4587, 237.7044, 101.5367, 10.2567, -1.7374, 0.593112, 0.804215, -0.038164, 0.025459, -0.805119, 0.592498, -0.027003, 0.019350, 0.000895, 0.046742, 0.998907, 0.162192, 0.000000, 0.000000, 0.000000, 1.000000, 0.000969, 0.046687, 0.998909, 0.231195, -0.593112, -0.804215, 0.038163, -0.016459, 0.805119, -0.592502, 0.026911, 0.237704, 0.000000, 0.000000, 0.000000, 1.000000, -0.072605, -0.040566, -0.996535, 0.101537, -0.997230, -0.013209, 0.073193, 0.010257, -0.016133, 0.999090, -0.039495, -0.001737, 0.000000, 0.000000, 0.000000, 1.000000
-14.9608, 25.4542, 19.3495, 162.1989, 231.2023, -16.4544, 237.7046, 101.5369, 10.2571, -1.7375, 0.593111, 0.804218, -0.038128, 0.025454, -0.805120, 0.592498, -0.026967, 0.019350, 0.000903, 0.046692, 0.998909, 0.162199, 0.000000, 0.000000, 0.000000, 1.000000, 0.000977, 0.046636, 0.998911, 0.231202, -0.593111, -0.804218, 0.038127, -0.016454, 0.805120, -0.592502, 0.026874, 0.237705, 0.000000, 0.000000, 0.000000, 1.000000, -0.072605, -0.040567, -0.996535, 0.101537, -0.997230, -0.013213, 0.073194, 0.010257, -0.016136, 0.999089, -0.039495, -0.001737, 0.000000, 0.000000, 0.000000, 1.000000
-14.9525, 25.4407, 19.3478, 162.2208, 231.2243, -16.4409, 237.7063, 101.5375, 10.2582, -1.7377, 0.593106, 0.804227, -0.038013, 0.025441, -0.805124, 0.592498, -0.026854, 0.019348, 0.000926, 0.046532, 0.998916, 0.162221, 0.000000, 0.000000, 0.000000, 1.000000, 0.001000, 0.046477, 0.998919, 0.231224, -0.593106, -0.804227, 0.038012, -0.016441, 0.805124, -0.592502, 0.026762, 0.237706, 0.000000, 0.000000, 0.000000, 1.000000, -0.072608, -0.040568, -0.996535, 0.101538, -0.997230, -0.013223, 0.073196, 0.010258, -0.016147, 0.999089, -0.039495, -0.001738, 0.000000, 0.000000, 0.000000, 1.000000
-14.9525, 25.4407, 19.3478, 162.2208, 231.2243, -16.4409, 237.7063, 101.5375, 10.2582, -1.7377, 0.593106, 0.804227, -0.038013, 0.025441, -0.805124, 0.592498, -0.026854, 0.019348, 0.000926, 0.046532, 0.998916, 0.162221, 0.000000, 0.000000, 0.000000, 1.000000, 0.001000, 0.046477, 0.998919, 0.231224, -0.593106, -0.804227, 0.038012, -0.016441, 0.805124, -0.592502, 0.026762, 0.237706, 0.000000, 0.000000, 0.000000, 1.000000, -0.072608, -0.040568, -0.996535, 0.101538, -0.997230, -0.013223, 0.073196, 0.010258, -0.016147, 0.999089, -0.039495, -0.001738, 0.000000, 0.000000, 0.000000, 1.000000
-14.9465, 25.4312, 19.3454, 162.2360, 231.2395, -16.4313, 237.7086, 101.5379, 10.2589, -1.7378, 0.593103, 0.804233, -0.037930, 0.025431, -0.805126, 0.592499, -0.026777, 0.019345, 0.000938, 0.046420, 0.998922, 0.162236, 0.000000, 0.000000, 0.000000, 1.000000, 0.001012, 0.046364, 0.998924, 0.231240, -0.593103, -0.804233, 0.037929, -0.016431, 0.805126, -0.592503, 0.026685, 0.237709, 0.000000, 0.000000, 0.000000, 1.000000, -0.072609, -0.040568, -0.996535, 0.101538, -0.997230, -0.013231, 0.073198, 0.010259, -0.016155, 0.999089, -0.039495, -0.001738, 0.000000, 0.000000, 0.000000, 1.000000
-14.9369, 25.4161, 19.3403, 162.2597, 231.2632, -16.4163, 237.7137, 101.5386, 10.2602, -1.7381, 0.593099, 0.804242, -0.037796, 0.025416, -0.805129, 0.592500, -0.026659, 0.019340, 0.000954, 0.046242, 0.998930, 0.162260, 0.000000, 0.000000, 0.000000, 1.000000, 0.001028, 0.046186, 0.998932, 0.231263, -0.593099, -0.804242, 0.037795, -0.016416, 0.805129, -0.592504, 0.026566, 0.237714, 0.000000, 0.000000, 0.000000, 1.000000, -0.072612, -0.040569, -0.996535, 0.101539, -0.997229, -0.013243, 0.073202, 0.010260, -0.016167, 0.999089, -0.039495, -0.001738, 0.000000, 0.000000, 0.000000, 1.000000
-14.9335, 25.4110, 19.3381, 162.2678, 231.2713, -16.4111, 237.7159, 101.5388, 10.2606, -1.7381, 0.593098, 0.804245, -0.037749, 0.025411, -0.805130, 0.592501, -0.026619, 0.019338, 0.000958, 0.046180, 0.998933, 0.162268, 0.000000, 0.000000, 0.000000, 1.000000, 0.001032, 0.046124, 0.998935, 0.231271, -0.593098, -0.804245, 0.037748, -0.016411, 0.805130, -0.592505, 0.026526, 0.237716, 0.000000, 0.000000, 0.000000, 1.000000, -0.072613, -0.040569, -0.996535, 0.101539, -0.997229, -0.013248, 0.073203, 0.010261, -0.016171, 0.999089, -0.039495, -0.001738, 0.000000, 0.000000, 0.000000, 1.000000
-14.9266, 25.4003, 19.3332, 162.2842, 231.2877, -16.4005, 237.7209, 101.5393, 10.2615, -1.7383, 0.593095, 0.804251, -0.037651, 0.025400, -0.805132, 0.592502, -0.026538, 0.019333, 0.000966, 0.046054, 0.998939, 0.162284, 0.000000, 0.000000, 0.000000, 1.000000, 0.001040, 0.045998, 0.998941, 0.231288, -0.593095, -0.804251, 0.037651, -0.016401, 0.805132, -0.592506, 0.026445, 0.237721, 0.000000, 0.000000, 0.000000, 1.000000, -0.072615, -0.040570, -0.996535, 0.101539, -0.997229, -0.013256, 0.073205, 0.010262, -0.016180, 0.999089, -0.039495, -0.001738, 0.000000, 0.000000, 0.000000, 1.000000
-14.9230, 25.3949, 19.3304, 162.2926, 231.2961, -16.3951, 237.7236, 101.5395, 10.2620, -1.7383, 0.593094, 0.804254, -0.037601, 0.025395, -0.805132, 0.592503, -0.026497, 0.019330, 0.000969, 0.045989, 0.998941, 0.162293, 0.000000, 0.000000, 0.000000, 1.000000, 0.001043, 0.045933, 0.998944, 0.231296, -0.593094, -0.804255, 0.037600, -0.016395, 0.805132, -0.592507, 0.026404, 0.237724, 0.000000, 0.000000, 0.000000, 1.000000, -0.072616, -0.040570, -0.996534, 0.101539, -0.997229, -0.013261, 0.073206, 0.010262, -0.016185, 0.999089, -0.039495, -0.001738, 0.000000, 0.000000, 0.000000, 1.000000
-14.9156, 25.3838, 19.3242, 162.3095, 231.3130, -16.3840, 237.7298, 101.5399, 10.2630, -1.7385, 0.593093, 0.804261, -0.037498, 0.025384, -0.805134, 0.592505, -0.026414, 0.019324, 0.000974, 0.045857, 0.998948, 0.162310, 0.000000, 0.000000, 0.000000, 1.000000, 0.001048, 0.045801, 0.998950, 0.231313, -0.593093, -0.804261, 0.037497, -0.016384, 0.805134, -0.592509, 0.026322, 0.237730, 0.000000, 0.000000, 0.000000, 1.000000, -0.072618, -0.040571, -0.996534, 0.101540, -0.997228, -0.013270, 0.073209, 0.010263, -0.016195, 0.999089, -0.039495, -0.001738, 0.000000, 0.000000, 0.000000, 1.000000
-14.9079, 25.3725, 19.3172, 162.3268, 231.3302, -16.3727, 237.7368, 101.5404, 10.2640, -1.7386, 0.593091, 0.804267, -0.037390, 0.025372, -0.805135, 0.592507, -0.026331, 0.019317, 0.000977, 0.045721, 0.998954, 0.162327, 0.000000, 0.000000, 0.000000, 1.000000, 0.001051, 0.045665, 0.998956, 0.231330, -0.593091, -0.804267, 0.037389, -0.016373, 0.805135, -0.592511, 0.026238, 0.237737, 0.000000, 0.000000, 0.000000, 1.000000, -0.072620, -0.040571, -0.996534, 0.101540, -0.997228, -0.013280, 0.073211, 0.010264, -0.016204, 0.999088, -0.039494, -0.001739, 0.000000, 0.000000, 0.000000, 1.000000
-14.9040, 25.3667, 19.3135, 162.3355, 231.3389, -16.3669, 237.7406, 101.5406, 10.2645, -1.7386, 0.593091, 0.804270, -0.037335, 0.025367, -0.805135, 0.592508, -0.026289, 0.019313, 0.000978, 0.045652, 0.998957, 0.162335, 0.000000, 0.000000, 0.000000, 1.000000, 0.001052, 0.045596, 0.998959, 0.231339, -0.593091, -0.804270, 0.037334, -0.016367, 0.805135, -0.592513, 0.026196, 0.237741, 0.000000, 0.000000, 0.000000, 1.000000, -0.072621, -0.040571, -0.996534, 0.101541, -0.997228, -0.013285, 0.073213, 0.010264, -0.016209, 0.999088, -0.039494, -0.001739, 0.000000, 0.000000, 0.000000, 1.000000
-14.8961, 25.3550, 19.3055, 162.3530, 231.3565, -16.3552, 237.7486, 101.5411, 10.2655, -1.7388, 0.593089, 0.804276, -0.037223, 0.025355, -0.805136, 0.592511, -0.026205, 0.019305, 0.000979, 0.045511, 0.998963, 0.162353, 0.000000, 0.000000, 0.000000, 1.000000, 0.001053, 0.045456, 0.998966, 0.231357, -0.593089, -0.804276, 0.037222, -0.016355, 0.805136, -0.592515, 0.026112, 0.237749, 0.000000, 0.000000, 0.000000, 1.000000, -0.072624, -0.040572, -0.996534, 0.101541, -0.997228, -0.013295, 0.073215, 0.010266, -0.016220, 0.999088, -0.039494, -0.001739, 0.000000, 0.000000, 0.000000, 1.000000
-14.8961, 25.3550, 19.3055, 162.3530, 231.3565, -16.3552, 237.7486, 101.5411, 10.2655, -1.7388, 0.593089, 0.804276, -0.037223, 0.025355, -0.805136, 0.592511, -0.026205, 0.019305, 0.000979, 0.045511, 0.998963, 0.162353, 0.000000, 0.000000, 0.000000, 1.000000, 0.001053, 0.045456, 0.998966, 0.231357, -0.593089, -0.804276, 0.037222, -0.016355, 0.805136, -0.592515, 0.026112, 0.237749, 0.000000, 0.000000, 0.000000, 1.000000, -0.072624, -0.040572, -0.996534, 0.101541, -0.997228, -0.013295, 0.073215, 0.010266, -0.016220, 0.999088, -0.039494, -0.001739, 0.000000, 0.000000, 0.000000, 1.000000
-14.8837, 25.3371, 19.2923, 162.3798, 231.3832, -16.3373, 237.7618, 101.5418, 10.2671, -1.7389, 0.593088, 0.804285, -0.037049, 0.025337, -0.805137, 0.592516, -0.026078, 0.019292, 0.000978, 0.045296, 0.998973, 0.162380, 0.000000, 0.000000, 0.000000, 1.000000, 0.001052, 0.045240, 0.998976, 0.231383, -0.593088, -0.804285, 0.037048, -0.016337, 0.805137, -0.592520, 0.025985, 0.237762, 0.000000, 0.000000, 0.000000, 1.000000, -0.072627, -0.040573, -0.996534, 0.101542, -0.997227, -0.013311, 0.073220, 0.010267, -0.016236, 0.999088, -0.039493, -0.001739, 0.000000, 0.000000, 0.000000, 1.000000
-14.8753, 25.3249, 19.2828, 162.3978, 231.4012, -16.3251, 237.7712, 101.5423, 10.2682, -1.7390, 0.593088, 0.804290, -0.036930, 0.025325, -0.805137, 0.592519, -0.025992, 0.019283, 0.000976, 0.045150, 0.998980, 0.162398, 0.000000, 0.000000, 0.000000, 1.000000, 0.001050, 0.045094, 0.998982, 0.231401, -0.593088, -0.804290, 0.036929, -0.016325, 0.805137, -0.592523, 0.025900, 0.237771, 0.000000, 0.000000, 0.000000, 1.000000, -0.072630, -0.040573, -0.996533, 0.101542, -0.997227, -0.013322, 0.073223, 0.010268, -0.016246, 0.999088, -0.039493, -0.001739, 0.000000, 0.000000, 0.000000, 1.000000
-14.8753, 25.3249, 19.2828, 162.3978, 231.4012, -16.3251, 237.7712, 101.5423, 10.2682, -1.7390, 0.593088, 0.804290, -0.036930, 0.025325, -0.805137, 0.592519, -0.025992, 0.019283, 0.000976, 0.045150, 0.998980, 0.162398, 0.000000, 0.000000, 0.000000, 1.000000, 0.001050, 0.045094, 0.998982, 0.231401, -0.593088, -0.804290, 0.036929, -0.016325, 0.805137, -0.592523, 0.025900, 0.237771, 0.000000, 0.000000, 0.000000, 1.000000, -0.072630, -0.040573, -0.996533, 0.101542, -0.997227, -0.013322, 0.073223, 0.010268, -0.016246, 0.999088, -0.039493, -0.001739, 0.000000, 0.000000, 0.000000, 1.000000
-14.8624, 25.3064, 19.2678, 162.4250, 231.4285, -16.3066, 237.7863, 101.5430, 10.2699, -1.7392, 0.593088, 0.804299, -0.036748, 0.025306, -0.805137, 0.592524, -0.025864, 0.019268, 0.000972, 0.044927, 0.998990, 0.162425, 0.000000, 0.000000, 0.000000, 1.000000, 0.001046, 0.044872, 0.998992, 0.231428, -0.593088, -0.804299, 0.036747, -0.016307, 0.805137, -0.592528, 0.025772, 0.237786, 0.000000, 0.000000, 0.000000, 1.000000, -0.072633, -0.040573, -0.996533, 0.101543, -0.997226, -0.013338, 0.073227, 0.010270, -0.016263, 0.999088, -0.039492, -0.001739, 0.000000, 0.000000, 0.000000, 1.000000
-14.8493, 25.2878, 19.2520, 162.4523, 231.4558, -16.2880, 237.8022, 101.5437, 10.2716, -1.7393, 0.593088, 0.804307, -0.036563, 0.025288, -0.805137, 0.592530, -0.025736, 0.019252, 0.000965, 0.044702, 0.999000, 0.162452, 0.000000, 0.000000, 0.000000, 1.000000, 0.001039, 0.044647, 0.999002, 0.231456, -0.593088, -0.804307, 0.036562, -0.016288, 0.805137, -0.592534, 0.025644, 0.237802, 0.000000, 0.000000, 0.000000, 1.000000, -0.072637, -0.040574, -0.996533, 0.101544, -0.997226, -0.013355, 0.073232, 0.010272, -0.016280, 0.999087, -0.039491, -0.001739, 0.000000, 0.000000, 0.000000, 1.000000
-14.8449, 25.2816, 19.2465, 162.4614, 231.4648, -16.2818, 237.8076, 101.5439, 10.2722, -1.7394, 0.593088, 0.804310, -0.036501, 0.025282, -0.805137, 0.592532, -0.025694, 0.019247, 0.000963, 0.044627, 0.999003, 0.162461, 0.000000, 0.000000, 0.000000, 1.000000, 0.001036, 0.044572, 0.999006, 0.231465, -0.593088, -0.804310, 0.036500, -0.016282, 0.805137, -0.592536, 0.025602, 0.237808, 0.000000, 0.000000, 0.000000, 1.000000, -0.072639, -0.040574, -0.996533, 0.101544, -0.997225, -0.013360, 0.073233, 0.010272, -0.016285, 0.999087, -0.039491, -0.001739, 0.000000, 0.000000, 0.000000, 1.000000
-14.8361, 25.2692, 19.2356, 162.4795, 231.4830, -16.2693, 237.8186, 101.5444, 10.2733, -1.7395, 0.593088, 0.804315, -0.036377, 0.025269, -0.805137, 0.592536, -0.025609, 0.019236, 0.000957, 0.044477, 0.999010, 0.162480, 0.000000, 0.000000, 0.000000, 1.000000, 0.001031, 0.044422, 0.999012, 0.231483, -0.593088, -0.804315, 0.036376, -0.016269, 0.805137, -0.592540, 0.025517, 0.237819, 0.000000, 0.000000, 0.000000, 1.000000, -0.072641, -0.040574, -0.996532, 0.101544, -0.997225, -0.013371, 0.073236, 0.010273, -0.016297, 0.999087, -0.039490, -0.001739, 0.000000, 0.000000, 0.000000, 1.000000
-14.8361, 25.2692, 19.2356, 162.4795, 231.4830, -16.2693, 237.8186, 101.5444, 10.2733, -1.7395, 0.593088, 0.804315, -0.036377, 0.025269, -0.805137, 0.592536, -0.025609, 0.019236, 0.000957, 0.044477, 0.999010, 0.162480, 0.000000, 0.000000, 0.000000, 1.000000, 0.001031, 0.044422, 0.999012, 0.231483, -0.593088, -0.804315, 0.036376, -0.016269, 0.805137, -0.592540, 0.025517, 0.237819, 0.000000, 0.000000, 0.000000, 1.000000, -0.072641, -0.040574, -0.996532, 0.101544, -0.997225, -0.013371, 0.073236, 0.010273, -0.016297, 0.999087, -0.039490, -0.001739, 0.000000, 0.000000, 0.000000, 1.000000
-14.8229, 25.2506, 19.2189, 162.5066, 231.5101, -16.2507, 237.8354, 101.5451, 10.2750, -1.7396, 0.593089, 0.804323, -0.036191, 0.025251, -0.805136, 0.592542, -0.025482, 0.019219, 0.000948, 0.044252, 0.999020, 0.162507, 0.000000, 0.000000, 0.000000, 1.000000, 0.001022, 0.044197, 0.999022, 0.231510, -0.593089, -0.804323, 0.036190, -0.016251, 0.805136, -0.592546, 0.025391, 0.237835, 0.000000, 0.000000, 0.000000, 1.000000, -0.072645, -0.040575, -0.996532, 0.101545, -0.997224, -0.013388, 0.073241, 0.010275, -0.016314, 0.999087, -0.039490, -0.001740, 0.000000, 0.000000, 0.000000, 1.000000
-14.8141, 25.2382, 19.2076, 162.5245, 231.5280, -16.2384, 237.8466, 101.5456, 10.2762, -1.7397, 0.593090, 0.804328, -0.036067, 0.025238, -0.805136, 0.592547, -0.025399, 0.019208, 0.000942, 0.044102, 0.999027, 0.162525, 0.000000, 0.000000, 0.000000, 1.000000, 0.001015, 0.044047, 0.999029, 0.231528, -0.593090, -0.804328, 0.036066, -0.016238, 0.805135, -0.592551, 0.025307, 0.237847, 0.000000, 0.000000, 0.000000, 1.000000, -0.072648, -0.040575, -0.996532, 0.101546, -0.997224, -0.013399, 0.073244, 0.010276, -0.016325, 0.999087, -0.039489, -0.001740, 0.000000, 0.000000, 0.000000, 1.000000
-14.8141, 25.2382, 19.2076, 162.5245, 231.5280, -16.2384, 237.8466, 101.5456, 10.2762, -1.7397, 0.593090, 0.804328, -0.036067, 0.025238, -0.805136, 0.592547, -0.025399, 0.019208, 0.000942, 0.044102, 0.999027, 0.162525, 0.000000, 0.000000, 0.000000, 1.000000, 0.001015, 0.044047, 0.999029, 0.231528, -0.593090, -0.804328, 0.036066, -0.016238, 0.805135, -0.592551, 0.025307, 0.237847, 0.000000, 0.000000, 0.000000, 1.000000, -0.072648, -0.040575, -0.996532, 0.101546, -0.997224, -0.013399, 0.073244, 0.010276, -0.016325, 0.999087, -0.039489, -0.001740, 0.000000, 0.000000, 0.000000, 1.000000
-14.8010, 25.2199, 19.1908, 162.5512, 231.5547, -16.2201, 237.8635, 101.5463, 10.2779, -1.7398, 0.593091, 0.804335, -0.035882, 0.025220, -0.805135, 0.592553, -0.025275, 0.019191, 0.000933, 0.043880, 0.999036, 0.162551, 0.000000, 0.000000, 0.000000, 1.000000, 0.001006, 0.043825, 0.999039, 0.231555, -0.593091, -0.804335, 0.035881, -0.016220, 0.805134, -0.592557, 0.025183, 0.237863, 0.000000, 0.000000, 0.000000, 1.000000, -0.072652, -0.040575, -0.996532, 0.101546, -0.997224, -0.013416, 0.073248, 0.010278, -0.016342, 0.999086, -0.039488, -0.001740, 0.000000, 0.000000, 0.000000, 1.000000
-14.8010, 25.2199, 19.1908, 162.5512, 231.5547, -16.2201, 237.8635, 101.5463, 10.2779, -1.7398, 0.593091, 0.804335, -0.035882, 0.025220, -0.805135, 0.592553, -0.025275, 0.019191, 0.000933, 0.043880, 0.999036, 0.162551, 0.000000, 0.000000, 0.000000, 1.000000, 0.001006, 0.043825, 0.999039, 0.231555, -0.593091, -0.804335, 0.035881, -0.016220, 0.805134, -0.592557, 0.025183, 0.237863, 0.000000, 0.000000, 0.000000, 1.000000, -0.072652, -0.040575, -0.996532, 0.101546, -0.997224, -0.013416, 0.073248, 0.010278, -0.016342, 0.999086, -0.039488, -0.001740, 0.000000, 0.000000, 0.000000, 1.000000
-14.7881, 25.2018, 19.1742, 162.5775, 231.5809, -16.2020, 237.8802, 101.5469, 10.2796, -1.7400, 0.593093, 0.804342, -0.035700, 0.025202, -0.805134, 0.592560, -0.025152, 0.019174, 0.000923, 0.043661, 0.999046, 0.162577, 0.000000, 0.000000, 0.000000, 1.000000, 0.000996, 0.043606, 0.999048, 0.231581, -0.593093, -0.804342, 0.035699, -0.016202, 0.805133, -0.592564, 0.025061, 0.237880, 0.000000, 0.000000, 0.000000, 1.000000, -0.072655, -0.040576, -0.996531, 0.101547, -0.997223, -0.013432, 0.073253, 0.010280, -0.016358, 0.999086, -0.039487, -0.001740, 0.000000, 0.000000, 0.000000, 1.000000
-14.7838, 25.1959, 19.1687, 162.5862, 231.5896, -16.1960, 237.8857, 101.5472, 10.2801, -1.7400, 0.593093, 0.804344, -0.035640, 0.025196, -0.805133, 0.592562, -0.025112, 0.019169, 0.000920, 0.043588, 0.999049, 0.162586, 0.000000, 0.000000, 0.000000, 1.000000, 0.000993, 0.043534, 0.999051, 0.231590, -0.593093, -0.804344, 0.035639, -0.016196, 0.805133, -0.592566, 0.025021, 0.237886, 0.000000, 0.000000, 0.000000, 1.000000, -0.072657, -0.040576, -0.996531, 0.101547, -0.997223, -0.013438, 0.073254, 0.010280, -0.016363, 0.999086, -0.039487, -0.001740, 0.000000, 0.000000, 0.000000, 1.000000
-14.7796, 25.1899, 19.1632, 162.5948, 231.5982, -16.1901, 237.8911, 101.5474, 10.2807, -1.7400, 0.593094, 0.804347, -0.035580, 0.025190, -0.805133, 0.592565, -0.025071, 0.019163, 0.000917, 0.043516, 0.999052, 0.162595, 0.000000, 0.000000, 0.000000, 1.000000, 0.000990, 0.043462, 0.999055, 0.231598, -0.593094, -0.804347, 0.035579, -0.016190, 0.805133, -0.592568, 0.024981, 0.237891, 0.000000, 0.000000, 0.000000, 1.000000, -0.072658, -0.040576, -0.996531, 0.101547, -0.997223, -0.013443, 0.073256, 0.010281, -0.016369, 0.999086, -0.039487, -0.001740, 0.000000, 0.000000, 0.000000, 1.000000
-14.7671, 25.1724, 19.1472, 162.6202, 231.6236, -16.1726, 237.9072, 101.5480, 10.2823, -1.7402, 0.593096, 0.804353, -0.035404, 0.025172, -0.805132, 0.592571, -0.024952, 0.019147, 0.000909, 0.043304, 0.999062, 0.162620, 0.000000, 0.000000, 0.000000, 1.000000, 0.000981, 0.043250, 0.999064, 0.231624, -0.593096, -0.804353, 0.035403, -0.016173, 0.805131, -0.592575, 0.024862, 0.237907, 0.000000, 0.000000, 0.000000, 1.000000, -0.072662, -0.040576, -0.996531, 0.101548, -0.997222, -0.013459, 0.073260, 0.010282, -0.016385, 0.999086, -0.039486, -0.001740, 0.000000, 0.000000, 0.000000, 1.000000
-14.7630, 25.1667, 19.1420, 162.6286, 231.6320, -16.1669, 237.9124, 101.5483, 10.2828, -1.7402, 0.593096, 0.804355, -0.035346, 0.025167, -0.805131, 0.592573, -0.024913, 0.019142, 0.000906, 0.043234, 0.999065, 0.162629, 0.000000, 0.000000, 0.000000, 1.000000, 0.000978, 0.043180, 0.999067, 0.231632, -0.593096, -0.804355, 0.035345, -0.016167, 0.805131, -0.592577, 0.024823, 0.237912, 0.000000, 0.000000, 0.000000, 1.000000, -0.072663, -0.040576, -0.996531, 0.101548, -0.997222, -0.013464, 0.073261, 0.010283, -0.016390, 0.999086, -0.039485, -0.001740, 0.000000, 0.000000, 0.000000, 1.000000
-14.7549, 25.1554, 19.1318, 162.6451, 231.6485, -16.1556, 237.9227, 101.5487, 10.2839, -1.7403, 0.593097, 0.804360, -0.035232, 0.025155, -0.805130, 0.592578, -0.024836, 0.019132, 0.000901, 0.043097, 0.999071, 0.162645, 0.000000, 0.000000, 0.000000, 1.000000, 0.000973, 0.043042, 0.999073, 0.231649, -0.593097, -0.804360, 0.035231, -0.016156, 0.805130, -0.592582, 0.024746, 0.237923, 0.000000, 0.000000, 0.000000, 1.000000, -0.072665, -0.040577, -0.996531, 0.101549, -0.997222, -0.013474, 0.073264, 0.010284, -0.016400, 0.999086, -0.039485, -0.001740, 0.000000, 0.000000, 0.000000, 1.000000
-14.7549, 25.1554, 19.1318, 162.6451, 231.6485, -16.1556, 237.9227, 101.5487, 10.2839, -1.7403, 0.593097, 0.804360, -0.035232, 0.025155, -0.805130, 0.592578, -0.024836, 0.019132, 0.000901, 0.043097, 0.999071, 0.162645, 0.000000, 0.000000, 0.000000, 1.000000, 0.000973, 0.043042, 0.999073, 0.231649, -0.593097, -0.804360, 0.035231, -0.016156, 0.805130, -0.592582, 0.024746, 0.237923, 0.000000, 0.000000, 0.000000, 1.000000, -0.072665, -0.040577, -0.996531, 0.101549, -0.997222, -0.013474, 0.073264, 0.010284, -0.016400, 0.999086, -0.039485, -0.001740, 0.000000, 0.000000, 0.000000, 1.000000
-14.7431, 25.1388, 19.1170, 162.6694, 231.6728, -16.1390, 237.9376, 101.5493, 10.2854, -1.7404, 0.593099, 0.804366, -0.035066, 0.025139, -0.805129, 0.592584, -0.024722, 0.019117, 0.000894, 0.042895, 0.999079, 0.162669, 0.000000, 0.000000, 0.000000, 1.000000, 0.000966, 0.042841, 0.999081, 0.231673, -0.593099, -0.804366, 0.035065, -0.016139, 0.805129, -0.592588, 0.024632, 0.237938, 0.000000, 0.000000, 0.000000, 1.000000, -0.072669, -0.040577, -0.996530, 0.101549, -0.997221, -0.013489, 0.073268, 0.010285, -0.016416, 0.999085, -0.039484, -0.001740, 0.000000, 0.000000, 0.000000, 1.000000
-14.7393, 25.1334, 19.1122, 162.6773, 231.6807, -16.1336, 237.9424, 101.5495, 10.2859, -1.7404, 0.593099, 0.804368, -0.035011, 0.025133, -0.805129, 0.592586, -0.024684, 0.019112, 0.000892, 0.042829, 0.999082, 0.162677, 0.000000, 0.000000, 0.000000, 1.000000, 0.000964, 0.042775, 0.999084, 0.231681, -0.593099, -0.804368, 0.035010, -0.016134, 0.805129, -0.592590, 0.024595, 0.237942, 0.000000, 0.000000, 0.000000, 1.000000, -0.072670, -0.040577, -0.996530, 0.101550, -0.997221, -0.013494, 0.073270, 0.010286, -0.016421, 0.999085, -0.039484, -0.001740, 0.000000, 0.000000, 0.000000, 1.000000
-14.7393, 25.1334, 19.1122, 162.6773, 231.6807, -16.1336, 237.9424, 101.5495, 10.2859, -1.7404, 0.593099, 0.804368, -0.035011, 0.025133, -0.805129, 0.592586, -0.024684, 0.019112, 0.000892, 0.042829, 0.999082, 0.162677, 0.000000, 0.000000, 0.000000, 1.000000, 0.000964, 0.042775, 0.999084, 0.231681, -0.593099, -0.804368, 0.035010, -0.016134, 0.805129, -0.592590, 0.024595, 0.237942, 0.000000, 0.000000, 0.000000, 1.000000, -0.072670, -0.040577, -0.996530, 0.101550, -0.997221, -0.013494, 0.073270, 0.010286, -0.016421, 0.999085, -0.039484, -0.001740, 0.000000, 0.000000, 0.000000, 1.000000
-14.7206, 25.1072, 19.0895, 162.7159, 231.7193, -16.1074, 237.9652, 101.5505, 10.2883, -1.7406, 0.593102, 0.804377, -0.034749, 0.025107, -0.805127, 0.592596, -0.024502, 0.019090, 0.000883, 0.042510, 0.999096, 0.162716, 0.000000, 0.000000, 0.000000, 1.000000, 0.000955, 0.042457, 0.999098, 0.231719, -0.593102, -0.804377, 0.034749, -0.016107, 0.805127, -0.592600, 0.024413, 0.237965, 0.000000, 0.000000, 0.000000, 1.000000, -0.072675, -0.040578, -0.996530, 0.101550, -0.997220, -0.013518, 0.073276, 0.010288, -0.016444, 0.999085, -0.039482, -0.001741, 0.000000, 0.000000, 0.000000, 1.000000
