# Joint_6_Angle(deg), Cam_X(mm), Cam_Y(mm), Cam_Z(mm), Torso_X(mm), Torso_Y(mm), Torso_Z(mm), EE_X(mm), EE_Y(mm), EE_Z(mm), T_cam2marker_flat(16), T_torso2marker_flat(16), T_ee2marker_flat(16)
-30.0000, 55.3373, -33.7525, 197.6460, 219.6526, -55.3376, 233.7867, 135.0044, 18.2362, 65.3377, 0.893497, 0.413585, 0.174961, 0.055337, -0.437339, 0.889867, 0.129887, -0.033752, -0.101973, -0.192571, 0.975970, 0.197646, 0.000000, 0.000000, 0.000000, 1.000000, -0.101888, -0.192748, 0.975944, 0.219653, -0.893496, -0.413584, -0.174963, -0.055338, 0.437359, -0.889829, -0.130081, 0.233787, 0.000000, 0.000000, 0.000000, 1.000000, -0.084209, -0.001115, -0.996448, 0.135004, -0.995859, -0.034299, 0.084197, 0.018236, -0.034271, 0.999411, 0.001778, 0.065338, 0.000000, 0.000000, 0.000000, 1.000000
-30.0002, 55.3380, -33.7537, 197.6451, 219.6517, -55.3383, 233.7879, 135.0045, 18.2357, 65.3376, 0.893499, 0.413580, 0.174961, 0.055338, -0.437334, 0.889870, 0.129883, -0.033754, -0.101975, -0.192567, 0.975971, 0.197645, 0.000000, 0.000000, 0.000000, 1.000000, -0.101890, -0.192745, 0.975945, 0.219652, -0.893499, -0.413580, -0.174963, -0.055338, 0.437354, -0.889832, -0.130077, 0.233788, 0.000000, 0.000000, 0.000000, 1.000000, -0.084209, -0.001114, -0.996448, 0.135004, -0.995859, -0.034299, 0.084197, 0.018236, -0.034271, 0.999411, 0.001779, 0.065338, 0.000000, 0.000000, 0.000000, 1.000000
-30.0004, 55.3378, -33.7517, 197.6466, 219.6532, -55.3382, 233.7858, 135.0041, 18.2359, 65.3379, 0.893499, 0.413579, 0.174960, 0.055338, -0.437334, 0.889870, 0.129891, -0.033752, -0.101972, -0.192573, 0.975970, 0.197647, 0.000000, 0.000000, 0.000000, 1.000000, -0.101886, -0.192751, 0.975944, 0.219653, -0.893499, -0.413579, -0.174962, -0.055338, 0.437354, -0.889831, -0.130085, 0.233786, 0.000000, 0.000000, 0.000000, 1.000000, -0.084209, -0.001114, -0.996448, 0.135004, -0.995859, -0.034299, 0.084197, 0.018236, -0.034271, 0.999411, 0.001779, 0.065338, 0.000000, 0.000000, 0.000000, 1.000000
-30.0006, 55.3375, -33.7478, 197.6495, 219.6561, -55.3378, 233.7819, 135.0033, 18.2362, 65.3383, 0.893500, 0.413577, 0.174959, 0.055337, -0.437333, 0.889868, 0.129904, -0.033748, -0.101965, -0.192585, 0.975968, 0.197649, 0.000000, 0.000000, 0.000000, 1.000000, -0.101880, -0.192763, 0.975942, 0.219656, -0.893500, -0.413577, -0.174961, -0.055338, 0.437353, -0.889830, -0.130099, 0.233782, 0.000000, 0.000000, 0.000000, 1.000000, -0.084209, -0.001114, -0.996448, 0.135003, -0.995859, -0.034299, 0.084197, 0.018236, -0.034271, 0.999411, 0.001779, 0.065338, 0.000000, 0.000000, 0.000000, 1.000000
-30.0009, 55.3372, -33.7443, 197.6521, 219.6587, -55.3376, 233.7783, 135.0026, 18.2365, 65.3387, 0.893502, 0.413575, 0.174958, 0.055337, -0.437332, 0.889867, 0.129917, -0.033744, -0.101959, -0.192596, 0.975967, 0.197652, 0.000000, 0.000000, 0.000000, 1.000000, -0.101874, -0.192774, 0.975941, 0.219659, -0.893501, -0.413575, -0.174960, -0.055338, 0.437352, -0.889828, -0.130111, 0.233778, 0.000000, 0.000000, 0.000000, 1.000000, -0.084209, -0.001114, -0.996448, 0.135003, -0.995859, -0.034300, 0.084197, 0.018236, -0.034271, 0.999411, 0.001779, 0.065339, 0.000000, 0.000000, 0.000000, 1.000000
-30.0010, 55.3371, -33.7427, 197.6533, 219.6600, -55.3375, 233.7767, 135.0023, 18.2366, 65.3389, 0.893502, 0.413574, 0.174958, 0.055337, -0.437331, 0.889866, 0.129922, -0.033743, -0.101957, -0.192601, 0.975966, 0.197653, 0.000000, 0.000000, 0.000000, 1.000000, -0.101871, -0.192779, 0.975940, 0.219660, -0.893502, -0.413574, -0.174960, -0.055337, 0.437352, -0.889827, -0.130117, 0.233777, 0.000000, 0.000000, 0.000000, 1.000000, -0.084209, -0.001114, -0.996448, 0.135002, -0.995859, -0.034300, 0.084197, 0.018237, -0.034271, 0.999411, 0.001779, 0.065339, 0.000000, 0.000000, 0.000000, 1.000000
-30.0011, 55.3370, -33.7412, 197.6545, 219.6611, -55.3374, 233.7751, 135.0019, 18.2367, 65.3391, 0.893503, 0.413573, 0.174958, 0.055337, -0.437331, 0.889865, 0.129928, -0.033741, -0.101954, -0.192605, 0.975965, 0.197654, 0.000000, 0.000000, 0.000000, 1.000000, -0.101868, -0.192784, 0.975939, 0.219661, -0.893502, -0.413573, -0.174959, -0.055337, 0.437351, -0.889827, -0.130123, 0.233775, 0.000000, 0.000000, 0.000000, 1.000000, -0.084209, -0.001114, -0.996448, 0.135002, -0.995859, -0.034300, 0.084197, 0.018237, -0.034271, 0.999411, 0.001779, 0.065339, 0.000000, 0.000000, 0.000000, 1.000000
-30.0013, 55.3368, -33.7384, 197.6566, 219.6632, -55.3372, 233.7723, 135.0014, 18.2369, 65.3394, 0.893503, 0.413572, 0.174957, 0.055337, -0.437330, 0.889864, 0.129938, -0.033738, -0.101950, -0.192614, 0.975964, 0.197657, 0.000000, 0.000000, 0.000000, 1.000000, -0.101864, -0.192793, 0.975938, 0.219663, -0.893503, -0.413571, -0.174959, -0.055337, 0.437351, -0.889826, -0.130133, 0.233772, 0.000000, 0.000000, 0.000000, 1.000000, -0.084209, -0.001114, -0.996448, 0.135001, -0.995859, -0.034300, 0.084197, 0.018237, -0.034271, 0.999411, 0.001779, 0.065339, 0.000000, 0.000000, 0.000000, 1.000000
-30.0013, 55.3365, -33.7360, 197.6584, 219.6651, -55.3369, 233.7699, 135.0009, 18.2372, 65.3396, 0.893504, 0.413572, 0.174957, 0.055337, -0.437331, 0.889863, 0.129946, -0.033736, -0.101946, -0.192621, 0.975963, 0.197658, 0.000000, 0.000000, 0.000000, 1.000000, -0.101859, -0.192800, 0.975937, 0.219665, -0.893503, -0.413571, -0.174958, -0.055337, 0.437351, -0.889824, -0.130142, 0.233770, 0.000000, 0.000000, 0.000000, 1.000000, -0.084209, -0.001114, -0.996447, 0.135001, -0.995859, -0.034300, 0.084197, 0.018237, -0.034272, 0.999411, 0.001779, 0.065340, 0.000000, 0.000000, 0.000000, 1.000000
-30.0012, 55.3359, -33.7338, 197.6600, 219.6666, -55.3363, 233.7676, 135.0006, 18.2376, 65.3398, 0.893502, 0.413574, 0.174956, 0.055336, -0.437334, 0.889860, 0.129953, -0.033734, -0.101942, -0.192628, 0.975962, 0.197660, 0.000000, 0.000000, 0.000000, 1.000000, -0.101855, -0.192807, 0.975936, 0.219667, -0.893502, -0.413574, -0.174958, -0.055336, 0.437355, -0.889821, -0.130149, 0.233768, 0.000000, 0.000000, 0.000000, 1.000000, -0.084209, -0.001114, -0.996447, 0.135001, -0.995859, -0.034300, 0.084198, 0.018238, -0.034272, 0.999411, 0.001779, 0.065340, 0.000000, 0.000000, 0.000000, 1.000000
-30.0011, 55.3355, -33.7328, 197.6607, 219.6673, -55.3358, 233.7666, 135.0004, 18.2379, 65.3398, 0.893501, 0.413577, 0.174956, 0.055335, -0.437337, 0.889858, 0.129956, -0.033733, -0.101940, -0.192631, 0.975962, 0.197661, 0.000000, 0.000000, 0.000000, 1.000000, -0.101853, -0.192810, 0.975936, 0.219667, -0.893501, -0.413576, -0.174958, -0.055336, 0.437358, -0.889820, -0.130152, 0.233767, 0.000000, 0.000000, 0.000000, 1.000000, -0.084209, -0.001114, -0.996447, 0.135000, -0.995859, -0.034300, 0.084198, 0.018238, -0.034272, 0.999411, 0.001779, 0.065340, 0.000000, 0.000000, 0.000000, 1.000000
-30.0006, 55.3342, -33.7309, 197.6619, 219.6686, -55.3345, 233.7646, 135.0003, 18.2387, 65.3399, 0.893497, 0.413586, 0.174956, 0.055334, -0.437346, 0.889853, 0.129961, -0.033731, -0.101935, -0.192636, 0.975961, 0.197662, 0.000000, 0.000000, 0.000000, 1.000000, -0.101849, -0.192815, 0.975935, 0.219669, -0.893497, -0.413585, -0.174958, -0.055334, 0.437367, -0.889814, -0.130157, 0.233765, 0.000000, 0.000000, 0.000000, 1.000000, -0.084209, -0.001115, -0.996447, 0.135000, -0.995859, -0.034300, 0.084198, 0.018239, -0.034272, 0.999411, 0.001778, 0.065340, 0.000000, 0.000000, 0.000000, 1.000000
-29.9997, 55.3321, -33.7289, 197.6629, 219.6696, -55.3325, 233.7626, 135.0003, 18.2400, 65.3398, 0.893490, 0.413601, 0.174956, 0.055332, -0.437362, 0.889845, 0.129964, -0.033729, -0.101931, -0.192641, 0.975961, 0.197663, 0.000000, 0.000000, 0.000000, 1.000000, -0.101844, -0.192821, 0.975934, 0.219670, -0.893490, -0.413600, -0.174958, -0.055332, 0.437382, -0.889806, -0.130161, 0.233763, 0.000000, 0.000000, 0.000000, 1.000000, -0.084209, -0.001117, -0.996447, 0.135000, -0.995859, -0.034300, 0.084198, 0.018240, -0.034272, 0.999411, 0.001776, 0.065340, 0.000000, 0.000000, 0.000000, 1.000000
-29.9990, 55.3308, -33.7279, 197.6634, 219.6701, -55.3311, 233.7616, 135.0003, 18.2408, 65.3396, 0.893486, 0.413611, 0.174956, 0.055331, -0.437372, 0.889840, 0.129965, -0.033728, -0.101928, -0.192643, 0.975961, 0.197663, 0.000000, 0.000000, 0.000000, 1.000000, -0.101841, -0.192823, 0.975934, 0.219670, -0.893485, -0.413610, -0.174958, -0.055331, 0.437392, -0.889801, -0.130162, 0.233762, 0.000000, 0.000000, 0.000000, 1.000000, -0.084209, -0.001118, -0.996447, 0.135000, -0.995859, -0.034299, 0.084198, 0.018241, -0.034272, 0.999411, 0.001775, 0.065340, 0.000000, 0.000000, 0.000000, 1.000000
-29.9973, 55.3274, -33.7258, 197.6642, 219.6709, -55.3277, 233.7594, 135.0005, 18.2429, 65.3393, 0.893473, 0.413637, 0.174956, 0.055327, -0.437398, 0.889827, 0.129967, -0.033726, -0.101921, -0.192647, 0.975961, 0.197664, 0.000000, 0.000000, 0.000000, 1.000000, -0.101835, -0.192828, 0.975934, 0.219671, -0.893473, -0.413637, -0.174958, -0.055328, 0.437419, -0.889788, -0.130164, 0.233759, 0.000000, 0.000000, 0.000000, 1.000000, -0.084209, -0.001120, -0.996447, 0.135001, -0.995859, -0.034299, 0.084198, 0.018243, -0.034272, 0.999411, 0.001773, 0.065339, 0.000000, 0.000000, 0.000000, 1.000000
-29.9963, 55.3252, -33.7246, 197.6645, 219.6712, -55.3256, 233.7582, 135.0007, 18.2441, 65.3391, 0.893466, 0.413654, 0.174956, 0.055325, -0.437415, 0.889818, 0.129967, -0.033725, -0.101918, -0.192650, 0.975960, 0.197665, 0.000000, 0.000000, 0.000000, 1.000000, -0.101831, -0.192830, 0.975934, 0.219671, -0.893465, -0.413654, -0.174958, -0.055326, 0.437436, -0.889779, -0.130164, 0.233758, 0.000000, 0.000000, 0.000000, 1.000000, -0.084209, -0.001122, -0.996447, 0.135001, -0.995859, -0.034299, 0.084198, 0.018244, -0.034272, 0.999411, 0.001771, 0.065339, 0.000000, 0.000000, 0.000000, 1.000000
-29.9936, 55.3200, -33.7221, 197.6652, 219.6719, -55.3204, 233.7556, 135.0012, 18.2472, 65.3385, 0.893447, 0.413695, 0.174956, 0.055320, -0.437456, 0.889798, 0.129967, -0.033722, -0.101909, -0.192654, 0.975960, 0.197665, 0.000000, 0.000000, 0.000000, 1.000000, -0.101822, -0.192835, 0.975934, 0.219672, -0.893446, -0.413695, -0.174958, -0.055320, 0.437477, -0.889759, -0.130164, 0.233756, 0.000000, 0.000000, 0.000000, 1.000000, -0.084209, -0.001126, -0.996447, 0.135001, -0.995859, -0.034299, 0.084198, 0.018247, -0.034272, 0.999411, 0.001767, 0.065338, 0.000000, 0.000000, 0.000000, 1.000000
-29.9920, 55.3169, -33.7206, 197.6655, 219.6722, -55.3172, 233.7542, 135.0016, 18.2491, 65.3381, 0.893435, 0.413720, 0.174956, 0.055317, -0.437481, 0.889786, 0.129967, -0.033721, -0.101904, -0.192657, 0.975961, 0.197665, 0.000000, 0.000000, 0.000000, 1.000000, -0.101817, -0.192837, 0.975934, 0.219672, -0.893435, -0.413719, -0.174958, -0.055317, 0.437501, -0.889747, -0.130164, 0.233754, 0.000000, 0.000000, 0.000000, 1.000000, -0.084209, -0.001128, -0.996447, 0.135002, -0.995859, -0.034299, 0.084198, 0.018249, -0.034272, 0.999411, 0.001765, 0.065338, 0.000000, 0.000000, 0.000000, 1.000000
-29.9882, 55.3095, -33.7174, 197.6660, 219.6728, -55.3099, 233.7509, 135.0024, 18.2535, 65.3372, 0.893408, 0.413778, 0.174956, 0.055310, -0.437539, 0.889758, 0.129965, -0.033717, -0.101892, -0.192662, 0.975961, 0.197666, 0.000000, 0.000000, 0.000000, 1.000000, -0.101805, -0.192843, 0.975934, 0.219673, -0.893408, -0.413778, -0.174958, -0.055310, 0.437559, -0.889719, -0.130162, 0.233751, 0.000000, 0.000000, 0.000000, 1.000000, -0.084209, -0.001134, -0.996447, 0.135002, -0.995859, -0.034299, 0.084198, 0.018253, -0.034272, 0.999411, 0.001759, 0.065337, 0.000000, 0.000000, 0.000000, 1.000000
-29.9882, 55.3095, -33.7174, 197.6660, 219.6728, -55.3099, 233.7509, 135.0024, 18.2535, 65.3372, 0.893408, 0.413778, 0.174956, 0.055310, -0.437539, 0.889758, 0.129965, -0.033717, -0.101892, -0.192662, 0.975961, 0.197666, 0.000000, 0.000000, 0.000000, 1.000000, -0.101805, -0.192843, 0.975934, 0.219673, -0.893408, -0.413778, -0.174958, -0.055310, 0.437559, -0.889719, -0.130162, 0.233751, 0.000000, 0.000000, 0.000000, 1.000000, -0.084209, -0.001134, -0.996447, 0.135002, -0.995859, -0.034299, 0.084198, 0.018253, -0.034272, 0.999411, 0.001759, 0.065337, 0.000000, 0.000000, 0.000000, 1.000000
-29.9781, 55.2899, -33.7092, 197.6672, 219.6739, -55.2902, 233.7426, 135.0046, 18.2652, 65.3348, 0.893335, 0.413935, 0.174957, 0.055290, -0.437694, 0.889682, 0.129959, -0.033709, -0.101861, -0.192675, 0.975961, 0.197667, 0.000000, 0.000000, 0.000000, 1.000000, -0.101774, -0.192856, 0.975935, 0.219674, -0.893335, -0.413935, -0.174958, -0.055290, 0.437715, -0.889643, -0.130157, 0.233743, 0.000000, 0.000000, 0.000000, 1.000000, -0.084209, -0.001148, -0.996447, 0.135005, -0.995859, -0.034298, 0.084199, 0.018265, -0.034273, 0.999411, 0.001744, 0.065335, 0.000000, 0.000000, 0.000000, 1.000000
-29.9751, 55.2839, -33.7067, 197.6675, 219.6742, -55.2842, 233.7401, 135.0053, 18.2687, 65.3340, 0.893313, 0.413983, 0.174957, 0.055284, -0.437742, 0.889659, 0.129957, -0.033707, -0.101852, -0.192678, 0.975962, 0.197667, 0.000000, 0.000000, 0.000000, 1.000000, -0.101765, -0.192859, 0.975935, 0.219674, -0.893313, -0.413982, -0.174959, -0.055284, 0.437762, -0.889620, -0.130155, 0.233740, 0.000000, 0.000000, 0.000000, 1.000000, -0.084209, -0.001153, -0.996447, 0.135005, -0.995859, -0.034298, 0.084199, 0.018269, -0.034273, 0.999411, 0.001740, 0.065334, 0.000000, 0.000000, 0.000000, 1.000000
-29.9682, 55.2705, -33.7012, 197.6682, 219.6749, -55.2709, 233.7346, 135.0068, 18.2766, 65.3324, 0.893264, 0.414089, 0.174957, 0.055271, -0.437847, 0.889608, 0.129953, -0.033701, -0.101831, -0.192687, 0.975962, 0.197668, 0.000000, 0.000000, 0.000000, 1.000000, -0.101744, -0.192868, 0.975936, 0.219675, -0.893264, -0.414089, -0.174959, -0.055271, 0.437868, -0.889569, -0.130151, 0.233735, 0.000000, 0.000000, 0.000000, 1.000000, -0.084209, -0.001163, -0.996447, 0.135007, -0.995858, -0.034298, 0.084200, 0.018277, -0.034274, 0.999411, 0.001730, 0.065332, 0.000000, 0.000000, 0.000000, 1.000000
-29.9603, 55.2552, -33.6949, 197.6690, 219.6757, -55.2556, 233.7282, 135.0085, 18.2857, 65.3304, 0.893207, 0.414211, 0.174957, 0.055255, -0.437968, 0.889549, 0.129948, -0.033695, -0.101807, -0.192696, 0.975963, 0.197669, 0.000000, 0.000000, 0.000000, 1.000000, -0.101720, -0.192878, 0.975936, 0.219676, -0.893207, -0.414211, -0.174959, -0.055256, 0.437989, -0.889510, -0.130146, 0.233728, 0.000000, 0.000000, 0.000000, 1.000000, -0.084209, -0.001175, -0.996447, 0.135009, -0.995858, -0.034297, 0.084200, 0.018286, -0.034274, 0.999411, 0.001718, 0.065330, 0.000000, 0.000000, 0.000000, 1.000000
-29.9514, 55.2379, -33.6876, 197.6699, 219.6766, -55.2382, 233.7209, 135.0105, 18.2960, 65.3283, 0.893143, 0.414349, 0.174957, 0.055238, -0.438105, 0.889482, 0.129943, -0.033688, -0.101780, -0.192707, 0.975963, 0.197670, 0.000000, 0.000000, 0.000000, 1.000000, -0.101692, -0.192889, 0.975937, 0.219677, -0.893143, -0.414348, -0.174959, -0.055238, 0.438126, -0.889443, -0.130141, 0.233721, 0.000000, 0.000000, 0.000000, 1.000000, -0.084209, -0.001188, -0.996447, 0.135011, -0.995858, -0.034296, 0.084201, 0.018296, -0.034275, 0.999411, 0.001705, 0.065328, 0.000000, 0.000000, 0.000000, 1.000000
-29.9415, 55.2185, -33.6794, 197.6710, 219.6777, -55.2188, 233.7127, 135.0127, 18.3075, 65.3259, 0.893072, 0.414503, 0.174958, 0.055218, -0.438258, 0.889408, 0.129938, -0.033679, -0.101749, -0.192720, 0.975964, 0.197671, 0.000000, 0.000000, 0.000000, 1.000000, -0.101662, -0.192902, 0.975937, 0.219678, -0.893072, -0.414503, -0.174959, -0.055219, 0.438279, -0.889369, -0.130136, 0.233713, 0.000000, 0.000000, 0.000000, 1.000000, -0.084209, -0.001203, -0.996447, 0.135013, -0.995858, -0.034296, 0.084201, 0.018308, -0.034275, 0.999411, 0.001691, 0.065326, 0.000000, 0.000000, 0.000000, 1.000000
-29.9415, 55.2185, -33.6794, 197.6710, 219.6777, -55.2188, 233.7127, 135.0127, 18.3075, 65.3259, 0.893072, 0.414503, 0.174958, 0.055218, -0.438258, 0.889408, 0.129938, -0.033679, -0.101749, -0.192720, 0.975964, 0.197671, 0.000000, 0.000000, 0.000000, 1.000000, -0.101662, -0.192902, 0.975937, 0.219678, -0.893072, -0.414503, -0.174959, -0.055219, 0.438279, -0.889369, -0.130136, 0.233713, 0.000000, 0.000000, 0.000000, 1.000000, -0.084209, -0.001203, -0.996447, 0.135013, -0.995858, -0.034296, 0.084201, 0.018308, -0.034275, 0.999411, 0.001691, 0.065326, 0.000000, 0.000000, 0.000000, 1.000000
-29.9246, 55.1855, -33.6652, 197.6730, 219.6797, -55.1858, 233.6984, 135.0163, 18.3271, 65.3218, 0.892950, 0.414765, 0.174958, 0.055185, -0.438518, 0.889281, 0.129929, -0.033665, -0.101696, -0.192742, 0.975965, 0.197673, 0.000000, 0.000000, 0.000000, 1.000000, -0.101609, -0.192924, 0.975939, 0.219680, -0.892950, -0.414765, -0.174959, -0.055186, 0.438539, -0.889242, -0.130128, 0.233698, 0.000000, 0.000000, 0.000000, 1.000000, -0.084210, -0.001227, -0.996447, 0.135016, -0.995858, -0.034295, 0.084202, 0.018327, -0.034276, 0.999411, 0.001666, 0.065322, 0.000000, 0.000000, 0.000000, 1.000000
-29.9184, 55.1734, -33.6599, 197.6738, 219.6805, -55.1737, 233.6932, 135.0177, 18.3343, 65.3203, 0.892906, 0.414861, 0.174958, 0.055173, -0.438613, 0.889234, 0.129926, -0.033660, -0.101677, -0.192751, 0.975966, 0.197674, 0.000000, 0.000000, 0.000000, 1.000000, -0.101589, -0.192932, 0.975939, 0.219681, -0.892905, -0.414860, -0.174959, -0.055174, 0.438634, -0.889195, -0.130125, 0.233693, 0.000000, 0.000000, 0.000000, 1.000000, -0.084210, -0.001237, -0.996447, 0.135018, -0.995858, -0.034294, 0.084202, 0.018334, -0.034277, 0.999411, 0.001656, 0.065320, 0.000000, 0.000000, 0.000000, 1.000000
-29.9053, 55.1477, -33.6486, 197.6755, 219.6822, -55.1481, 233.6818, 135.0205, 18.3495, 65.3172, 0.892811, 0.415064, 0.174958, 0.055148, -0.438815, 0.889136, 0.129921, -0.033649, -0.101636, -0.192769, 0.975966, 0.197675, 0.000000, 0.000000, 0.000000, 1.000000, -0.101548, -0.192950, 0.975940, 0.219682, -0.892811, -0.415064, -0.174959, -0.055148, 0.438836, -0.889096, -0.130119, 0.233682, 0.000000, 0.000000, 0.000000, 1.000000, -0.084210, -0.001256, -0.996447, 0.135020, -0.995858, -0.034294, 0.084203, 0.018350, -0.034277, 0.999411, 0.001637, 0.065317, 0.000000, 0.000000, 0.000000, 1.000000
-29.8911, 55.1200, -33.6362, 197.6774, 219.6842, -55.1203, 233.6694, 135.0235, 18.3660, 65.3138, 0.892709, 0.415284, 0.174958, 0.055120, -0.439033, 0.889029, 0.129915, -0.033636, -0.101591, -0.192788, 0.975967, 0.197677, 0.000000, 0.000000, 0.000000, 1.000000, -0.101503, -0.192970, 0.975940, 0.219684, -0.892709, -0.415284, -0.174959, -0.055120, 0.439054, -0.888989, -0.130114, 0.233669, 0.000000, 0.000000, 0.000000, 1.000000, -0.084210, -0.001277, -0.996447, 0.135023, -0.995858, -0.034293, 0.084204, 0.018366, -0.034278, 0.999411, 0.001616, 0.065314, 0.000000, 0.000000, 0.000000, 1.000000
-29.8837, 55.1053, -33.6297, 197.6785, 219.6853, -55.1057, 233.6629, 135.0250, 18.3747, 65.3120, 0.892655, 0.415400, 0.174957, 0.055105, -0.439148, 0.888972, 0.129912, -0.033630, -0.101567, -0.192799, 0.975968, 0.197679, 0.000000, 0.000000, 0.000000, 1.000000, -0.101479, -0.192981, 0.975941, 0.219685, -0.892655, -0.415399, -0.174959, -0.055106, 0.439169, -0.888933, -0.130111, 0.233663, 0.000000, 0.000000, 0.000000, 1.000000, -0.084210, -0.001288, -0.996447, 0.135025, -0.995858, -0.034292, 0.084204, 0.018375, -0.034279, 0.999411, 0.001605, 0.065312, 0.000000, 0.000000, 0.000000, 1.000000
-29.8680, 55.0745, -33.6157, 197.6808, 219.6876, -55.0749, 233.6489, 135.0283, 18.3930, 65.3083, 0.892542, 0.415643, 0.174957, 0.055075, -0.439390, 0.888854, 0.129907, -0.033616, -0.101517, -0.192822, 0.975968, 0.197681, 0.000000, 0.000000, 0.000000, 1.000000, -0.101429, -0.193004, 0.975942, 0.219688, -0.892542, -0.415643, -0.174959, -0.055075, 0.439411, -0.888814, -0.130106, 0.233649, 0.000000, 0.000000, 0.000000, 1.000000, -0.084210, -0.001311, -0.996447, 0.135028, -0.995858, -0.034291, 0.084205, 0.018393, -0.034280, 0.999411, 0.001582, 0.065308, 0.000000, 0.000000, 0.000000, 1.000000
-29.8514, 55.0418, -33.6007, 197.6834, 219.6902, -55.0421, 233.6338, 135.0317, 18.4124, 65.3043, 0.892421, 0.415901, 0.174957, 0.055042, -0.439647, 0.888727, 0.129902, -0.033601, -0.101463, -0.192846, 0.975969, 0.197683, 0.000000, 0.000000, 0.000000, 1.000000, -0.101375, -0.193028, 0.975942, 0.219690, -0.892421, -0.415901, -0.174959, -0.055042, 0.439667, -0.888688, -0.130101, 0.233634, 0.000000, 0.000000, 0.000000, 1.000000, -0.084210, -0.001336, -0.996447, 0.135032, -0.995858, -0.034290, 0.084206, 0.018412, -0.034281, 0.999411, 0.001557, 0.065304, 0.000000, 0.000000, 0.000000, 1.000000
-29.8427, 55.0247, -33.5928, 197.6848, 219.6916, -55.0251, 233.6259, 135.0335, 18.4225, 65.3023, 0.892359, 0.416036, 0.174957, 0.055025, -0.439781, 0.888661, 0.129899, -0.033593, -0.101435, -0.192859, 0.975969, 0.197685, 0.000000, 0.000000, 0.000000, 1.000000, -0.101347, -0.193041, 0.975943, 0.219692, -0.892358, -0.416036, -0.174959, -0.055025, 0.439801, -0.888622, -0.130098, 0.233626, 0.000000, 0.000000, 0.000000, 1.000000, -0.084210, -0.001348, -0.996447, 0.135034, -0.995858, -0.034290, 0.084207, 0.018423, -0.034281, 0.999411, 0.001545, 0.065302, 0.000000, 0.000000, 0.000000, 1.000000
-29.8247, 54.9892, -33.5762, 197.6878, 219.6945, -54.9896, 233.6094, 135.0372, 18.4436, 65.2980, 0.892228, 0.416316, 0.174957, 0.054989, -0.440059, 0.888524, 0.129895, -0.033576, -0.101376, -0.192887, 0.975970, 0.197688, 0.000000, 0.000000, 0.000000, 1.000000, -0.101288, -0.193069, 0.975943, 0.219695, -0.892228, -0.416316, -0.174958, -0.054990, 0.440080, -0.888485, -0.130094, 0.233609, 0.000000, 0.000000, 0.000000, 1.000000, -0.084210, -0.001375, -0.996447, 0.135037, -0.995858, -0.034288, 0.084208, 0.018444, -0.034282, 0.999411, 0.001518, 0.065298, 0.000000, 0.000000, 0.000000, 1.000000
-29.8153, 54.9708, -33.5676, 197.6894, 219.6961, -54.9712, 233.6007, 135.0391, 18.4546, 65.2958, 0.892160, 0.416461, 0.174956, 0.054971, -0.440203, 0.888453, 0.129892, -0.033568, -0.101345, -0.192901, 0.975970, 0.197689, 0.000000, 0.000000, 0.000000, 1.000000, -0.101257, -0.193083, 0.975944, 0.219696, -0.892160, -0.416461, -0.174958, -0.054971, 0.440224, -0.888414, -0.130091, 0.233601, 0.000000, 0.000000, 0.000000, 1.000000, -0.084210, -0.001389, -0.996447, 0.135039, -0.995858, -0.034288, 0.084208, 0.018455, -0.034283, 0.999411, 0.001504, 0.065296, 0.000000, 0.000000, 0.000000, 1.000000
-29.7960, 54.9328, -33.5496, 197.6927, 219.6995, -54.9331, 233.5827, 135.0430, 18.4772, 65.2912, 0.892021, 0.416761, 0.174956, 0.054933, -0.440501, 0.888306, 0.129888, -0.033550, -0.101282, -0.192931, 0.975971, 0.197693, 0.000000, 0.000000, 0.000000, 1.000000, -0.101194, -0.193113, 0.975944, 0.219699, -0.892020, -0.416761, -0.174958, -0.054933, 0.440522, -0.888267, -0.130087, 0.233583, 0.000000, 0.000000, 0.000000, 1.000000, -0.084210, -0.001418, -0.996447, 0.135043, -0.995858, -0.034287, 0.084209, 0.018477, -0.034284, 0.999411, 0.001476, 0.065291, 0.000000, 0.000000, 0.000000, 1.000000
-29.7861, 54.9131, -33.5402, 197.6945, 219.7012, -54.9135, 233.5734, 135.0450, 18.4888, 65.2889, 0.891948, 0.416916, 0.174956, 0.054913, -0.440655, 0.888230, 0.129886, -0.033540, -0.101249, -0.192947, 0.975971, 0.197694, 0.000000, 0.000000, 0.000000, 1.000000, -0.101161, -0.193129, 0.975945, 0.219701, -0.891948, -0.416915, -0.174957, -0.054913, 0.440675, -0.888191, -0.130085, 0.233573, 0.000000, 0.000000, 0.000000, 1.000000, -0.084210, -0.001432, -0.996447, 0.135045, -0.995858, -0.034286, 0.084210, 0.018489, -0.034285, 0.999411, 0.001461, 0.065289, 0.000000, 0.000000, 0.000000, 1.000000
-29.7760, 54.8931, -33.5307, 197.6963, 219.7031, -54.8935, 233.5638, 135.0470, 18.5007, 65.2865, 0.891875, 0.417073, 0.174955, 0.054893, -0.440811, 0.888153, 0.129885, -0.033531, -0.101216, -0.192963, 0.975972, 0.197696, 0.000000, 0.000000, 0.000000, 1.000000, -0.101127, -0.193145, 0.975945, 0.219703, -0.891875, -0.417073, -0.174957, -0.054893, 0.440832, -0.888113, -0.130084, 0.233564, 0.000000, 0.000000, 0.000000, 1.000000, -0.084210, -0.001447, -0.996447, 0.135047, -0.995858, -0.034285, 0.084211, 0.018501, -0.034285, 0.999411, 0.001446, 0.065287, 0.000000, 0.000000, 0.000000, 1.000000
-29.7445, 54.8310, -33.5007, 197.7022, 219.7089, -54.8314, 233.5338, 135.0532, 18.5377, 65.2791, 0.891646, 0.417562, 0.174954, 0.054831, -0.441297, 0.887912, 0.129880, -0.033501, -0.101111, -0.193014, 0.975972, 0.197702, 0.000000, 0.000000, 0.000000, 1.000000, -0.101023, -0.193195, 0.975946, 0.219709, -0.891646, -0.417561, -0.174956, -0.054831, 0.441318, -0.887873, -0.130079, 0.233534, 0.000000, 0.000000, 0.000000, 1.000000, -0.084211, -0.001494, -0.996447, 0.135053, -0.995858, -0.034283, 0.084212, 0.018538, -0.034287, 0.999411, 0.001399, 0.065279, 0.000000, 0.000000, 0.000000, 1.000000
-29.7117, 54.7656, -33.4664, 197.7104, 219.7171, -54.7660, 233.4995, 135.0592, 18.5766, 65.2716, 0.891407, 0.418073, 0.174953, 0.054766, -0.441806, 0.887658, 0.129884, -0.033466, -0.100997, -0.193075, 0.975972, 0.197710, 0.000000, 0.000000, 0.000000, 1.000000, -0.100908, -0.193257, 0.975945, 0.219717, -0.891407, -0.418072, -0.174954, -0.054766, 0.441827, -0.887619, -0.130084, 0.233500, 0.000000, 0.000000, 0.000000, 1.000000, -0.084211, -0.001543, -0.996447, 0.135059, -0.995858, -0.034281, 0.084214, 0.018577, -0.034289, 0.999411, 0.001351, 0.065272, 0.000000, 0.000000, 0.000000, 1.000000
-29.7005, 54.7429, -33.4530, 197.7144, 219.7211, -54.7432, 233.4861, 135.0609, 18.5902, 65.2692, 0.891325, 0.418248, 0.174952, 0.054743, -0.441982, 0.887570, 0.129892, -0.033453, -0.100955, -0.193101, 0.975971, 0.197714, 0.000000, 0.000000, 0.000000, 1.000000, -0.100866, -0.193283, 0.975944, 0.219721, -0.891325, -0.418248, -0.174953, -0.054743, 0.442002, -0.887530, -0.130091, 0.233486, 0.000000, 0.000000, 0.000000, 1.000000, -0.084211, -0.001559, -0.996447, 0.135061, -0.995858, -0.034280, 0.084215, 0.018590, -0.034290, 0.999411, 0.001334, 0.065269, 0.000000, 0.000000, 0.000000, 1.000000
-29.6892, 54.7200, -33.4396, 197.7184, 219.7251, -54.7203, 233.4726, 135.0627, 18.6039, 65.2668, 0.891242, 0.418426, 0.174951, 0.054720, -0.442159, 0.887481, 0.129899, -0.033440, -0.100913, -0.193127, 0.975971, 0.197718, 0.000000, 0.000000, 0.000000, 1.000000, -0.100824, -0.193309, 0.975944, 0.219725, -0.891242, -0.418425, -0.174953, -0.054720, 0.442180, -0.887441, -0.130098, 0.233473, 0.000000, 0.000000, 0.000000, 1.000000, -0.084211, -0.001576, -0.996447, 0.135063, -0.995858, -0.034280, 0.084215, 0.018604, -0.034291, 0.999411, 0.001317, 0.065267, 0.000000, 0.000000, 0.000000, 1.000000
-29.6661, 54.6735, -33.4127, 197.7262, 219.7330, -54.6739, 233.4456, 135.0664, 18.6317, 65.2618, 0.891073, 0.418786, 0.174949, 0.054674, -0.442518, 0.887300, 0.129911, -0.033413, -0.100827, -0.193179, 0.975969, 0.197726, 0.000000, 0.000000, 0.000000, 1.000000, -0.100738, -0.193361, 0.975942, 0.219733, -0.891073, -0.418785, -0.174951, -0.054674, 0.442539, -0.887260, -0.130111, 0.233446, 0.000000, 0.000000, 0.000000, 1.000000, -0.084211, -0.001611, -0.996447, 0.135066, -0.995858, -0.034278, 0.084217, 0.018632, -0.034292, 0.999411, 0.001282, 0.065262, 0.000000, 0.000000, 0.000000, 1.000000
-29.6545, 54.6500, -33.3992, 197.7301, 219.7369, -54.6504, 233.4321, 135.0683, 18.6457, 65.2592, 0.890988, 0.418968, 0.174949, 0.054650, -0.442700, 0.887208, 0.129917, -0.033399, -0.100785, -0.193205, 0.975968, 0.197730, 0.000000, 0.000000, 0.000000, 1.000000, -0.100695, -0.193387, 0.975942, 0.219737, -0.890987, -0.418968, -0.174950, -0.054650, 0.442721, -0.887168, -0.130118, 0.233432, 0.000000, 0.000000, 0.000000, 1.000000, -0.084211, -0.001628, -0.996447, 0.135068, -0.995858, -0.034278, 0.084217, 0.018646, -0.034293, 0.999411, 0.001265, 0.065259, 0.000000, 0.000000, 0.000000, 1.000000
-29.6309, 54.6026, -33.3723, 197.7376, 219.7444, -54.6029, 233.4052, 135.0722, 18.6740, 65.2540, 0.890815, 0.419336, 0.174947, 0.054603, -0.443068, 0.887023, 0.129928, -0.033372, -0.100699, -0.193255, 0.975967, 0.197738, 0.000000, 0.000000, 0.000000, 1.000000, -0.100609, -0.193438, 0.975940, 0.219744, -0.890815, -0.419336, -0.174949, -0.054603, 0.443088, -0.886983, -0.130129, 0.233405, 0.000000, 0.000000, 0.000000, 1.000000, -0.084211, -0.001663, -0.996447, 0.135072, -0.995858, -0.034276, 0.084219, 0.018674, -0.034294, 0.999411, 0.001230, 0.065254, 0.000000, 0.000000, 0.000000, 1.000000
-29.6190, 54.5787, -33.3589, 197.7413, 219.7481, -54.5790, 233.3917, 135.0742, 18.6883, 65.2514, 0.890727, 0.419522, 0.174946, 0.054579, -0.443253, 0.886930, 0.129933, -0.033359, -0.100656, -0.193280, 0.975967, 0.197741, 0.000000, 0.000000, 0.000000, 1.000000, -0.100566, -0.193463, 0.975940, 0.219748, -0.890727, -0.419521, -0.174948, -0.054579, 0.443274, -0.886890, -0.130134, 0.233392, 0.000000, 0.000000, 0.000000, 1.000000, -0.084211, -0.001681, -0.996447, 0.135074, -0.995858, -0.034275, 0.084219, 0.018688, -0.034295, 0.999411, 0.001212, 0.065251, 0.000000, 0.000000, 0.000000, 1.000000
-29.5951, 54.5306, -33.3323, 197.7485, 219.7552, -54.5310, 233.3650, 135.0783, 18.7170, 65.2460, 0.890552, 0.419895, 0.174945, 0.054531, -0.443626, 0.886742, 0.129942, -0.033332, -0.100569, -0.193330, 0.975966, 0.197748, 0.000000, 0.000000, 0.000000, 1.000000, -0.100480, -0.193513, 0.975939, 0.219755, -0.890551, -0.419895, -0.174947, -0.054531, 0.443646, -0.886702, -0.130142, 0.233365, 0.000000, 0.000000, 0.000000, 1.000000, -0.084211, -0.001717, -0.996446, 0.135078, -0.995858, -0.034274, 0.084220, 0.018717, -0.034297, 0.999411, 0.001176, 0.065246, 0.000000, 0.000000, 0.000000, 1.000000
-29.5588, 54.4581, -33.2928, 197.7587, 219.7655, -54.4584, 233.3254, 135.0846, 18.7603, 65.2378, 0.890285, 0.420460, 0.174943, 0.054458, -0.444189, 0.886459, 0.129952, -0.033293, -0.100441, -0.193402, 0.975965, 0.197759, 0.000000, 0.000000, 0.000000, 1.000000, -0.100350, -0.193586, 0.975938, 0.219765, -0.890285, -0.420460, -0.174945, -0.054458, 0.444210, -0.886419, -0.130153, 0.233325, 0.000000, 0.000000, 0.000000, 1.000000, -0.084211, -0.001771, -0.996446, 0.135085, -0.995857, -0.034272, 0.084222, 0.018760, -0.034299, 0.999411, 0.001123, 0.065238, 0.000000, 0.000000, 0.000000, 1.000000
-29.5588, 54.4581, -33.2928, 197.7587, 219.7655, -54.4584, 233.3254, 135.0846, 18.7603, 65.2378, 0.890285, 0.420460, 0.174943, 0.054458, -0.444189, 0.886459, 0.129952, -0.033293, -0.100441, -0.193402, 0.975965, 0.197759, 0.000000, 0.000000, 0.000000, 1.000000, -0.100350, -0.193586, 0.975938, 0.219765, -0.890285, -0.420460, -0.174945, -0.054458, 0.444210, -0.886419, -0.130153, 0.233325, 0.000000, 0.000000, 0.000000, 1.000000, -0.084211, -0.001771, -0.996446, 0.135085, -0.995857, -0.034272, 0.084222, 0.018760, -0.034299, 0.999411, 0.001123, 0.065238, 0.000000, 0.000000, 0.000000, 1.000000
-29.5224, 54.3855, -33.2541, 197.7682, 219.7750, -54.3858, 233.2866, 135.0912, 18.8036, 65.2294, 0.890018, 0.421027, 0.174942, 0.054385, -0.444753, 0.886174, 0.129959, -0.033254, -0.100313, -0.193472, 0.975964, 0.197768, 0.000000, 0.000000, 0.000000, 1.000000, -0.100222, -0.193655, 0.975937, 0.219775, -0.890018, -0.421027, -0.174944, -0.054386, 0.444774, -0.886134, -0.130160, 0.233287, 0.000000, 0.000000, 0.000000, 1.000000, -0.084211, -0.001825, -0.996446, 0.135091, -0.995857, -0.034269, 0.084224, 0.018804, -0.034301, 0.999411, 0.001068, 0.065229, 0.000000, 0.000000, 0.000000, 1.000000
-29.5103, 54.3613, -33.2413, 197.7713, 219.7781, -54.3616, 233.2739, 135.0934, 18.8179, 65.2265, 0.889929, 0.421216, 0.174941, 0.054361, -0.444941, 0.886080, 0.129960, -0.033241, -0.100271, -0.193494, 0.975964, 0.197771, 0.000000, 0.000000, 0.000000, 1.000000, -0.100180, -0.193678, 0.975937, 0.219778, -0.889928, -0.421215, -0.174943, -0.054362, 0.444962, -0.886040, -0.130162, 0.233274, 0.000000, 0.000000, 0.000000, 1.000000, -0.084211, -0.001843, -0.996446, 0.135093, -0.995857, -0.034269, 0.084225, 0.018818, -0.034302, 0.999411, 0.001050, 0.065227, 0.000000, 0.000000, 0.000000, 1.000000
-29.4861, 54.3131, -33.2162, 197.7771, 219.7839, -54.3135, 233.2487, 135.0979, 18.8466, 65.2209, 0.889751, 0.421592, 0.174940, 0.054313, -0.445316, 0.885891, 0.129963, -0.033216, -0.100187, -0.193538, 0.975964, 0.197777, 0.000000, 0.000000, 0.000000, 1.000000, -0.100096, -0.193722, 0.975937, 0.219784, -0.889750, -0.421591, -0.174942, -0.054313, 0.445337, -0.885851, -0.130165, 0.233249, 0.000000, 0.000000, 0.000000, 1.000000, -0.084211, -0.001879, -0.996446, 0.135098, -0.995857, -0.034267, 0.084226, 0.018847, -0.034303, 0.999411, 0.001014, 0.065221, 0.000000, 0.000000, 0.000000, 1.000000
-29.4741, 54.2892, -33.2039, 197.7799, 219.7867, -54.2895, 233.2363, 135.1001, 18.8609, 65.2181, 0.889662, 0.421779, 0.174940, 0.054289, -0.445502, 0.885797, 0.129963, -0.033204, -0.100146, -0.193560, 0.975964, 0.197780, 0.000000, 0.000000, 0.000000, 1.000000, -0.100055, -0.193744, 0.975937, 0.219787, -0.889662, -0.421779, -0.174942, -0.054290, 0.445523, -0.885757, -0.130166, 0.233236, 0.000000, 0.000000, 0.000000, 1.000000, -0.084211, -0.001897, -0.996446, 0.135100, -0.995857, -0.034266, 0.084227, 0.018861, -0.034304, 0.999411, 0.000997, 0.065218, 0.000000, 0.000000, 0.000000, 1.000000
-29.4501, 54.2416, -33.1795, 197.7853, 219.7921, -54.2419, 233.2119, 135.1047, 18.8892, 65.2124, 0.889485, 0.422152, 0.174939, 0.054242, -0.445873, 0.885611, 0.129964, -0.033179, -0.100063, -0.193602, 0.975964, 0.197785, 0.000000, 0.000000, 0.000000, 1.000000, -0.099973, -0.193786, 0.975937, 0.219792, -0.889485, -0.422151, -0.174941, -0.054242, 0.445894, -0.885571, -0.130166, 0.233212, 0.000000, 0.000000, 0.000000, 1.000000, -0.084211, -0.001933, -0.996446, 0.135105, -0.995857, -0.034265, 0.084228, 0.018889, -0.034306, 0.999411, 0.000961, 0.065212, 0.000000, 0.000000, 0.000000, 1.000000
-29.4382, 54.2179, -33.1675, 197.7879, 219.7947, -54.2183, 233.1999, 135.1070, 18.9033, 65.2095, 0.889398, 0.422337, 0.174939, 0.054218, -0.446057, 0.885518, 0.129964, -0.033167, -0.100023, -0.193622, 0.975964, 0.197788, 0.000000, 0.000000, 0.000000, 1.000000, -0.099932, -0.193807, 0.975937, 0.219795, -0.889397, -0.422336, -0.174940, -0.054218, 0.446078, -0.885478, -0.130166, 0.233200, 0.000000, 0.000000, 0.000000, 1.000000, -0.084211, -0.001950, -0.996446, 0.135107, -0.995857, -0.034264, 0.084228, 0.018903, -0.034306, 0.999411, 0.000943, 0.065210, 0.000000, 0.000000, 0.000000, 1.000000
-29.4029, 54.1479, -33.1323, 197.7953, 219.8021, -54.1482, 233.1646, 135.1138, 18.9450, 65.2011, 0.889137, 0.422886, 0.174938, 0.054148, -0.446603, 0.885243, 0.129962, -0.033132, -0.099903, -0.193682, 0.975965, 0.197795, 0.000000, 0.000000, 0.000000, 1.000000, -0.099812, -0.193866, 0.975937, 0.219802, -0.889137, -0.422885, -0.174939, -0.054148, 0.446624, -0.885203, -0.130165, 0.233165, 0.000000, 0.000000, 0.000000, 1.000000, -0.084211, -0.002003, -0.996446, 0.135114, -0.995857, -0.034262, 0.084230, 0.018945, -0.034309, 0.999411, 0.000891, 0.065201, 0.000000, 0.000000, 0.000000, 1.000000
-29.3797, 54.1020, -33.1095, 197.7998, 219.8066, -54.1024, 233.1418, 135.1183, 18.9723, 65.1955, 0.888966, 0.423245, 0.174937, 0.054102, -0.446961, 0.885063, 0.129959, -0.033109, -0.099825, -0.193719, 0.975965, 0.197800, 0.000000, 0.000000, 0.000000, 1.000000, -0.099734, -0.193904, 0.975938, 0.219807, -0.888966, -0.423245, -0.174939, -0.054102, 0.446982, -0.885023, -0.130162, 0.233142, 0.000000, 0.000000, 0.000000, 1.000000, -0.084211, -0.002037, -0.996446, 0.135118, -0.995857, -0.034260, 0.084231, 0.018972, -0.034310, 0.999411, 0.000856, 0.065195, 0.000000, 0.000000, 0.000000, 1.000000
-29.3682, 54.0794, -33.0983, 197.8020, 219.8088, -54.0797, 233.1306, 135.1206, 18.9857, 65.1927, 0.888882, 0.423423, 0.174936, 0.054079, -0.447138, 0.884974, 0.129958, -0.033098, -0.099787, -0.193738, 0.975965, 0.197802, 0.000000, 0.000000, 0.000000, 1.000000, -0.099696, -0.193923, 0.975938, 0.219809, -0.888881, -0.423422, -0.174938, -0.054080, 0.447158, -0.884934, -0.130161, 0.233131, 0.000000, 0.000000, 0.000000, 1.000000, -0.084211, -0.002054, -0.996446, 0.135121, -0.995857, -0.034260, 0.084232, 0.018986, -0.034311, 0.999411, 0.000839, 0.065193, 0.000000, 0.000000, 0.000000, 1.000000
-29.3569, 54.0570, -33.0873, 197.8041, 219.8109, -54.0573, 233.1196, 135.1228, 18.9990, 65.1899, 0.888798, 0.423599, 0.174936, 0.054057, -0.447312, 0.884886, 0.129956, -0.033087, -0.099749, -0.193756, 0.975966, 0.197804, 0.000000, 0.000000, 0.000000, 1.000000, -0.099658, -0.193941, 0.975938, 0.219811, -0.888798, -0.423598, -0.174938, -0.054057, 0.447333, -0.884845, -0.130160, 0.233120, 0.000000, 0.000000, 0.000000, 1.000000, -0.084211, -0.002071, -0.996446, 0.135123, -0.995857, -0.034259, 0.084232, 0.018999, -0.034312, 0.999411, 0.000823, 0.065190, 0.000000, 0.000000, 0.000000, 1.000000
-29.3345, 54.0118, -33.0607, 197.8119, 219.8187, -54.0122, 233.0928, 135.1264, 19.0260, 65.1849, 0.888632, 0.423948, 0.174934, 0.054012, -0.447661, 0.884708, 0.129969, -0.033061, -0.099666, -0.193806, 0.975964, 0.197812, 0.000000, 0.000000, 0.000000, 1.000000, -0.099574, -0.193992, 0.975937, 0.219819, -0.888632, -0.423947, -0.174936, -0.054012, 0.447682, -0.884667, -0.130173, 0.233093, 0.000000, 0.000000, 0.000000, 1.000000, -0.084211, -0.002104, -0.996446, 0.135126, -0.995857, -0.034257, 0.084233, 0.019026, -0.034313, 0.999411, 0.000789, 0.065185, 0.000000, 0.000000, 0.000000, 1.000000
-29.3127, 53.9678, -33.0352, 197.8190, 219.8259, -53.9681, 233.0672, 135.1300, 19.0523, 65.1800, 0.888469, 0.424288, 0.174933, 0.053968, -0.448001, 0.884534, 0.129980, -0.033035, -0.099585, -0.193854, 0.975963, 0.197819, 0.000000, 0.000000, 0.000000, 1.000000, -0.099493, -0.194040, 0.975935, 0.219826, -0.888469, -0.424288, -0.174935, -0.053968, 0.448022, -0.884493, -0.130185, 0.233067, 0.000000, 0.000000, 0.000000, 1.000000, -0.084210, -0.002137, -0.996446, 0.135130, -0.995857, -0.034256, 0.084234, 0.019052, -0.034314, 0.999411, 0.000757, 0.065180, 0.000000, 0.000000, 0.000000, 1.000000
-29.3019, 53.9462, -33.0228, 197.8224, 219.8292, -53.9466, 233.0548, 135.1318, 19.0652, 65.1775, 0.888390, 0.424456, 0.174932, 0.053946, -0.448168, 0.884449, 0.129985, -0.033023, -0.099546, -0.193876, 0.975962, 0.197822, 0.000000, 0.000000, 0.000000, 1.000000, -0.099453, -0.194063, 0.975935, 0.219829, -0.888389, -0.424455, -0.174934, -0.053947, 0.448189, -0.884408, -0.130190, 0.233055, 0.000000, 0.000000, 0.000000, 1.000000, -0.084210, -0.002153, -0.996446, 0.135132, -0.995857, -0.034255, 0.084235, 0.019065, -0.034315, 0.999411, 0.000741, 0.065177, 0.000000, 0.000000, 0.000000, 1.000000
-29.2705, 53.8833, -32.9877, 197.8317, 219.8385, -53.8837, 233.0195, 135.1371, 19.1028, 65.1702, 0.888156, 0.424944, 0.174931, 0.053883, -0.448655, 0.884200, 0.129996, -0.032988, -0.099433, -0.193940, 0.975961, 0.197832, 0.000000, 0.000000, 0.000000, 1.000000, -0.099340, -0.194127, 0.975934, 0.219839, -0.888156, -0.424944, -0.174932, -0.053884, 0.448676, -0.884159, -0.130201, 0.233020, 0.000000, 0.000000, 0.000000, 1.000000, -0.084210, -0.002200, -0.996446, 0.135137, -0.995857, -0.034254, 0.084236, 0.019103, -0.034317, 0.999411, 0.000694, 0.065170, 0.000000, 0.000000, 0.000000, 1.000000
-29.2604, 53.8630, -32.9765, 197.8345, 219.8413, -53.8633, 233.0083, 135.1389, 19.1149, 65.1678, 0.888081, 0.425103, 0.174930, 0.053863, -0.448813, 0.884119, 0.129998, -0.032977, -0.099397, -0.193960, 0.975961, 0.197834, 0.000000, 0.000000, 0.000000, 1.000000, -0.099304, -0.194147, 0.975933, 0.219841, -0.888080, -0.425102, -0.174932, -0.053863, 0.448834, -0.884079, -0.130204, 0.233008, 0.000000, 0.000000, 0.000000, 1.000000, -0.084210, -0.002215, -0.996446, 0.135139, -0.995857, -0.034253, 0.084237, 0.019115, -0.034318, 0.999411, 0.000679, 0.065168, 0.000000, 0.000000, 0.000000, 1.000000
-29.2404, 53.8232, -32.9551, 197.8397, 219.8465, -53.8236, 232.9868, 135.1425, 19.1386, 65.1631, 0.887932, 0.425413, 0.174929, 0.053823, -0.449122, 0.883962, 0.130002, -0.032955, -0.099326, -0.193998, 0.975961, 0.197840, 0.000000, 0.000000, 0.000000, 1.000000, -0.099233, -0.194185, 0.975933, 0.219847, -0.887932, -0.425412, -0.174931, -0.053824, 0.449143, -0.883921, -0.130208, 0.232987, 0.000000, 0.000000, 0.000000, 1.000000, -0.084210, -0.002245, -0.996446, 0.135143, -0.995857, -0.034252, 0.084237, 0.019139, -0.034319, 0.999411, 0.000649, 0.065163, 0.000000, 0.000000, 0.000000, 1.000000
