# Joint_A_Angle(deg), Cam_X(mm), Cam_Y(mm), Cam_Z(mm), Torso_X(mm), Torso_Y(mm), Torso_Z(mm), EE_X(mm), EE_Y(mm), EE_Z(mm), T_cam2marker_flat(16), T_torso2marker_flat(16), T_ee2marker_flat(16)
-19.9999, 51.3210, 109.3549, 401.1051, 470.0965, -42.3213, 147.6449, -0.2025, 71.2153, -58.7469, -0.360348, -0.928447, -0.090200, 0.051321, 0.932718, -0.357206, -0.049405, 0.109355, 0.013650, -0.101935, 0.994697, 0.401105, 0.000000, 0.000000, 0.000000, 1.000000, 0.013497, -0.101875, 0.994706, 0.470096, 0.360348, 0.928447, 0.090200, -0.042321, -0.932720, 0.357223, 0.049242, 0.147645, 0.000000, 0.000000, 0.000000, 1.000000, 0.997760, -0.015007, 0.065191, -0.000202, 0.063872, -0.075979, -0.995062, 0.071215, 0.019886, 0.996996, -0.074851, -0.058747, 0.000000, 0.000000, 0.000000, 1.000000
-20.0000, 51.3207, 109.3614, 401.1062, 470.0976, -42.3210, 147.6381, -0.2025, 71.2153, -58.7468, -0.360351, -0.928445, -0.090202, 0.051321, 0.932717, -0.357210, -0.049392, 0.109361, 0.013637, -0.101931, 0.994698, 0.401106, 0.000000, 0.000000, 0.000000, 1.000000, 0.013483, -0.101872, 0.994706, 0.470098, 0.360351, 0.928445, 0.090201, -0.042321, -0.932719, 0.357227, 0.049228, 0.147638, 0.000000, 0.000000, 0.000000, 1.000000, 0.997760, -0.015007, 0.065191, -0.000202, 0.063872, -0.075979, -0.995062, 0.071215, 0.019886, 0.996996, -0.074851, -0.058747, 0.000000, 0.000000, 0.000000, 1.000000
-20.0000, 51.3205, 109.3640, 401.1067, 470.0980, -42.3208, 147.6353, -0.2025, 71.2153, -58.7468, -0.360352, -0.928445, -0.090203, 0.051321, 0.932717, -0.357212, -0.049387, 0.109364, 0.013631, -0.101930, 0.994698, 0.401107, 0.000000, 0.000000, 0.000000, 1.000000, 0.013477, -0.101870, 0.994706, 0.470098, 0.360352, 0.928445, 0.090202, -0.042321, -0.932719, 0.357229, 0.049222, 0.147635, 0.000000, 0.000000, 0.000000, 1.000000, 0.997760, -0.015007, 0.065191, -0.000202, 0.063872, -0.075979, -0.995062, 0.071215, 0.019886, 0.996996, -0.074851, -0.058747, 0.000000, 0.000000, 0.000000, 1.000000
-20.0000, 51.3204, 109.3681, 401.1074, 470.0987, -42.3206, 147.6310, -0.2025, 71.2153, -58.7468, -0.360354, -0.928444, -0.090203, 0.051320, 0.932716, -0.357214, -0.049378, 0.109368, 0.013623, -0.101928, 0.994698, 0.401107, 0.000000, 0.000000, 0.000000, 1.000000, 0.013469, -0.101868, 0.994707, 0.470099, 0.360354, 0.928444, 0.090203, -0.042321, -0.932718, 0.357231, 0.049213, 0.147631, 0.000000, 0.000000, 0.000000, 1.000000, 0.997760, -0.015007, 0.065191, -0.000202, 0.063872, -0.075979, -0.995062, 0.071215, 0.019886, 0.996996, -0.074851, -0.058747, 0.000000, 0.000000, 0.000000, 1.000000
-20.0000, 51.3202, 109.3707, 401.1079, 470.0991, -42.3205, 147.6281, -0.2025, 71.2153, -58.7468, -0.360355, -0.928444, -0.090204, 0.051320, 0.932716, -0.357216, -0.049373, 0.109371, 0.013618, -0.101927, 0.994699, 0.401108, 0.000000, 0.000000, 0.000000, 1.000000, 0.013463, -0.101867, 0.994707, 0.470099, 0.360355, 0.928444, 0.090203, -0.042321, -0.932718, 0.357233, 0.049208, 0.147628, 0.000000, 0.000000, 0.000000, 1.000000, 0.997760, -0.015007, 0.065191, -0.000202, 0.063872, -0.075979, -0.995062, 0.071215, 0.019886, 0.996996, -0.074851, -0.058747, 0.000000, 0.000000, 0.000000, 1.000000
-20.0000, 51.3202, 109.3718, 401.1081, 470.0993, -42.3205, 147.6268, -0.2025, 71.2153, -58.7468, -0.360355, -0.928443, -0.090204, 0.051320, 0.932716, -0.357217, -0.049371, 0.109372, 0.013616, -0.101926, 0.994699, 0.401108, 0.000000, 0.000000, 0.000000, 1.000000, 0.013460, -0.101866, 0.994707, 0.470099, 0.360355, 0.928444, 0.090204, -0.042321, -0.932718, 0.357234, 0.049205, 0.147627, 0.000000, 0.000000, 0.000000, 1.000000, 0.997760, -0.015007, 0.065191, -0.000202, 0.063872, -0.075979, -0.995062, 0.071215, 0.019886, 0.996996, -0.074851, -0.058747, 0.000000, 0.000000, 0.000000, 1.000000
-20.0000, 51.3203, 109.3715, 401.1081, 470.0993, -42.3206, 147.6268, -0.2025, 71.2153, -58.7468, -0.360355, -0.928444, -0.090204, 0.051320, 0.932716, -0.357216, -0.049371, 0.109372, 0.013616, -0.101926, 0.994699, 0.401108, 0.000000, 0.000000, 0.000000, 1.000000, 0.013460, -0.101865, 0.994707, 0.470099, 0.360355, 0.928444, 0.090203, -0.042321, -0.932718, 0.357233, 0.049205, 0.147627, 0.000000, 0.000000, 0.000000, 1.000000, 0.997760, -0.015007, 0.065191, -0.000202, 0.063872, -0.075979, -0.995062, 0.071215, 0.019886, 0.996996, -0.074851, -0.058747, 0.000000, 0.000000, 0.000000, 1.000000
-19.9999, 51.3205, 109.3697, 401.1078, 470.0990, -42.3208, 147.6284, -0.2024, 71.2153, -58.7468, -0.360353, -0.928445, -0.090203, 0.051320, 0.932717, -0.357214, -0.049374, 0.109370, 0.013619, -0.101926, 0.994699, 0.401108, 0.000000, 0.000000, 0.000000, 1.000000, 0.013462, -0.101865, 0.994707, 0.470099, 0.360353, 0.928445, 0.090203, -0.042321, -0.932719, 0.357231, 0.049207, 0.147628, 0.000000, 0.000000, 0.000000, 1.000000, 0.997760, -0.015007, 0.065191, -0.000202, 0.063872, -0.075979, -0.995062, 0.071215, 0.019886, 0.996996, -0.074851, -0.058747, 0.000000, 0.000000, 0.000000, 1.000000
-19.9997, 51.3206, 109.3683, 401.1075, 470.0987, -42.3209, 147.6298, -0.2024, 71.2153, -58.7468, -0.360350, -0.928446, -0.090203, 0.051321, 0.932718, -0.357211, -0.049376, 0.109368, 0.013621, -0.101926, 0.994699, 0.401108, 0.000000, 0.000000, 0.000000, 1.000000, 0.013464, -0.101865, 0.994707, 0.470099, 0.360350, 0.928446, 0.090202, -0.042321, -0.932720, 0.357229, 0.049208, 0.147630, 0.000000, 0.000000, 0.000000, 1.000000, 0.997760, -0.015007, 0.065191, -0.000202, 0.063872, -0.075979, -0.995062, 0.071215, 0.019886, 0.996996, -0.074851, -0.058747, 0.000000, 0.000000, 0.000000, 1.000000
-19.9994, 51.3211, 109.3642, 401.1067, 470.0979, -42.3214, 147.6337, -0.2023, 71.2153, -58.7469, -0.360343, -0.928448, -0.090201, 0.051321, 0.932720, -0.357204, -0.049380, 0.109364, 0.013627, -0.101926, 0.994699, 0.401107, 0.000000, 0.000000, 0.000000, 1.000000, 0.013470, -0.101865, 0.994707, 0.470098, 0.360343, 0.928448, 0.090200, -0.042321, -0.932722, 0.357221, 0.049212, 0.147634, 0.000000, 0.000000, 0.000000, 1.000000, 0.997760, -0.015007, 0.065191, -0.000202, 0.063872, -0.075979, -0.995062, 0.071215, 0.019886, 0.996996, -0.074851, -0.058747, 0.000000, 0.000000, 0.000000, 1.000000
-19.9991, 51.3215, 109.3615, 401.1062, 470.0973, -42.3218, 147.6363, -0.2022, 71.2153, -58.7469, -0.360338, -0.928450, -0.090199, 0.051321, 0.932722, -0.357199, -0.049383, 0.109361, 0.013630, -0.101925, 0.994699, 0.401106, 0.000000, 0.000000, 0.000000, 1.000000, 0.013473, -0.101864, 0.994707, 0.470097, 0.360338, 0.928451, 0.090199, -0.042322, -0.932724, 0.357216, 0.049215, 0.147636, 0.000000, 0.000000, 0.000000, 1.000000, 0.997760, -0.015007, 0.065191, -0.000202, 0.063872, -0.075979, -0.995062, 0.071215, 0.019886, 0.996996, -0.074851, -0.058747, 0.000000, 0.000000, 0.000000, 1.000000
-19.9982, 51.3224, 109.3549, 401.1048, 470.0959, -42.3227, 147.6427, -0.2020, 71.2153, -58.7470, -0.360325, -0.928456, -0.090195, 0.051322, 0.932727, -0.357184, -0.049388, 0.109355, 0.013638, -0.101923, 0.994699, 0.401105, 0.000000, 0.000000, 0.000000, 1.000000, 0.013481, -0.101862, 0.994707, 0.470096, 0.360325, 0.928456, 0.090195, -0.042323, -0.932730, 0.357202, 0.049220, 0.147643, 0.000000, 0.000000, 0.000000, 1.000000, 0.997760, -0.015007, 0.065192, -0.000202, 0.063872, -0.075980, -0.995062, 0.071215, 0.019886, 0.996996, -0.074851, -0.058747, 0.000000, 0.000000, 0.000000, 1.000000
-19.9977, 51.3230, 109.3509, 401.1040, 470.0951, -42.3233, 147.6466, -0.2019, 71.2153, -58.7470, -0.360316, -0.928460, -0.090193, 0.051323, 0.932731, -0.357175, -0.049391, 0.109351, 0.013643, -0.101922, 0.994699, 0.401104, 0.000000, 0.000000, 0.000000, 1.000000, 0.013485, -0.101861, 0.994707, 0.470095, 0.360315, 0.928460, 0.090192, -0.042323, -0.932733, 0.357192, 0.049222, 0.147647, 0.000000, 0.000000, 0.000000, 1.000000, 0.997760, -0.015007, 0.065192, -0.000202, 0.063873, -0.075980, -0.995061, 0.071215, 0.019886, 0.996996, -0.074851, -0.058747, 0.000000, 0.000000, 0.000000, 1.000000
-19.9963, 51.3244, 109.3416, 401.1019, 470.0930, -42.3247, 147.6557, -0.2016, 71.2152, -58.7471, -0.360292, -0.928469, -0.090187, 0.051324, 0.932739, -0.357151, -0.049395, 0.109342, 0.013652, -0.101918, 0.994699, 0.401102, 0.000000, 0.000000, 0.000000, 1.000000, 0.013494, -0.101857, 0.994708, 0.470093, 0.360292, 0.928470, 0.090187, -0.042325, -0.932742, 0.357169, 0.049227, 0.147656, 0.000000, 0.000000, 0.000000, 1.000000, 0.997760, -0.015007, 0.065192, -0.000202, 0.063873, -0.075980, -0.995061, 0.071215, 0.019886, 0.996996, -0.074851, -0.058747, 0.000000, 0.000000, 0.000000, 1.000000
-19.9955, 51.3253, 109.3363, 401.1007, 470.0918, -42.3256, 147.6609, -0.2014, 71.2152, -58.7472, -0.360278, -0.928475, -0.090184, 0.051325, 0.932745, -0.357137, -0.049398, 0.109336, 0.013656, -0.101915, 0.994699, 0.401101, 0.000000, 0.000000, 0.000000, 1.000000, 0.013498, -0.101854, 0.994708, 0.470092, 0.360278, 0.928475, 0.090183, -0.042326, -0.932747, 0.357154, 0.049228, 0.147661, 0.000000, 0.000000, 0.000000, 1.000000, 0.997760, -0.015007, 0.065193, -0.000201, 0.063874, -0.075980, -0.995061, 0.071215, 0.019886, 0.996996, -0.074851, -0.058747, 0.000000, 0.000000, 0.000000, 1.000000
-19.9908, 51.3300, 109.3107, 401.0946, 470.0856, -42.3303, 147.6863, -0.2002, 71.2151, -58.7475, -0.360203, -0.928506, -0.090165, 0.051330, 0.932774, -0.357061, -0.049402, 0.109311, 0.013676, -0.101899, 0.994701, 0.401095, 0.000000, 0.000000, 0.000000, 1.000000, 0.013517, -0.101837, 0.994709, 0.470086, 0.360203, 0.928506, 0.090165, -0.042330, -0.932776, 0.357078, 0.049233, 0.147686, 0.000000, 0.000000, 0.000000, 1.000000, 0.997760, -0.015007, 0.065195, -0.000200, 0.063876, -0.075981, -0.995061, 0.071215, 0.019887, 0.996996, -0.074852, -0.058748, 0.000000, 0.000000, 0.000000, 1.000000
-19.9894, 51.3315, 109.3033, 401.0928, 470.0838, -42.3318, 147.6937, -0.1999, 71.2151, -58.7476, -0.360179, -0.928516, -0.090160, 0.051331, 0.932783, -0.357038, -0.049403, 0.109303, 0.013681, -0.101893, 0.994701, 0.401093, 0.000000, 0.000000, 0.000000, 1.000000, 0.013522, -0.101832, 0.994710, 0.470084, 0.360179, 0.928516, 0.090159, -0.042332, -0.932785, 0.357055, 0.049233, 0.147694, 0.000000, 0.000000, 0.000000, 1.000000, 0.997760, -0.015008, 0.065196, -0.000200, 0.063877, -0.075981, -0.995061, 0.071215, 0.019887, 0.996996, -0.074852, -0.058748, 0.000000, 0.000000, 0.000000, 1.000000
-19.9861, 51.3348, 109.2873, 401.0887, 470.0798, -42.3351, 147.7096, -0.1991, 71.2151, -58.7478, -0.360127, -0.928538, -0.090147, 0.051335, 0.932803, -0.356985, -0.049401, 0.109287, 0.013690, -0.101880, 0.994702, 0.401089, 0.000000, 0.000000, 0.000000, 1.000000, 0.013531, -0.101818, 0.994711, 0.470080, 0.360127, 0.928538, 0.090146, -0.042335, -0.932805, 0.357002, 0.049231, 0.147710, 0.000000, 0.000000, 0.000000, 1.000000, 0.997760, -0.015008, 0.065198, -0.000199, 0.063878, -0.075981, -0.995061, 0.071215, 0.019888, 0.996996, -0.074852, -0.058748, 0.000000, 0.000000, 0.000000, 1.000000
-19.9843, 51.3366, 109.2787, 401.0865, 470.0776, -42.3369, 147.7182, -0.1986, 71.2150, -58.7480, -0.360097, -0.928550, -0.090140, 0.051337, 0.932814, -0.356955, -0.049400, 0.109279, 0.013694, -0.101873, 0.994703, 0.401087, 0.000000, 0.000000, 0.000000, 1.000000, 0.013535, -0.101811, 0.994712, 0.470078, 0.360097, 0.928550, 0.090139, -0.042337, -0.932817, 0.356973, 0.049230, 0.147718, 0.000000, 0.000000, 0.000000, 1.000000, 0.997759, -0.015008, 0.065198, -0.000199, 0.063879, -0.075982, -0.995061, 0.071215, 0.019888, 0.996996, -0.074853, -0.058748, 0.000000, 0.000000, 0.000000, 1.000000
-19.9802, 51.3406, 109.2604, 401.0818, 470.0728, -42.3409, 147.7364, -0.1976, 71.2150, -58.7483, -0.360032, -0.928577, -0.090124, 0.051341, 0.932839, -0.356891, -0.049395, 0.109260, 0.013703, -0.101856, 0.994705, 0.401082, 0.000000, 0.000000, 0.000000, 1.000000, 0.013543, -0.101794, 0.994713, 0.470073, 0.360032, 0.928577, 0.090124, -0.042341, -0.932842, 0.356908, 0.049225, 0.147736, 0.000000, 0.000000, 0.000000, 1.000000, 0.997759, -0.015008, 0.065200, -0.000198, 0.063881, -0.075982, -0.995061, 0.071215, 0.019888, 0.996996, -0.074853, -0.058748, 0.000000, 0.000000, 0.000000, 1.000000
-19.9780, 51.3428, 109.2507, 401.0792, 470.0703, -42.3431, 147.7461, -0.1971, 71.2149, -58.7484, -0.359997, -0.928591, -0.090116, 0.051343, 0.932853, -0.356856, -0.049392, 0.109251, 0.013707, -0.101846, 0.994706, 0.401079, 0.000000, 0.000000, 0.000000, 1.000000, 0.013547, -0.101784, 0.994714, 0.470070, 0.359997, 0.928591, 0.090115, -0.042343, -0.932855, 0.356873, 0.049222, 0.147746, 0.000000, 0.000000, 0.000000, 1.000000, 0.997759, -0.015009, 0.065201, -0.000197, 0.063882, -0.075983, -0.995061, 0.071215, 0.019889, 0.996996, -0.074853, -0.058748, 0.000000, 0.000000, 0.000000, 1.000000
-19.9732, 51.3475, 109.2303, 401.0738, 470.0648, -42.3478, 147.7664, -0.1959, 71.2148, -58.7488, -0.359920, -0.928623, -0.090098, 0.051347, 0.932882, -0.356780, -0.049384, 0.109230, 0.013714, -0.101825, 0.994708, 0.401074, 0.000000, 0.000000, 0.000000, 1.000000, 0.013554, -0.101763, 0.994716, 0.470065, 0.359920, 0.928623, 0.090097, -0.042348, -0.932885, 0.356797, 0.049213, 0.147766, 0.000000, 0.000000, 0.000000, 1.000000, 0.997759, -0.015009, 0.065204, -0.000196, 0.063884, -0.075983, -0.995060, 0.071215, 0.019889, 0.996996, -0.074854, -0.058749, 0.000000, 0.000000, 0.000000, 1.000000
-19.9678, 51.3527, 109.2085, 401.0679, 470.0589, -42.3530, 147.7881, -0.1946, 71.2147, -58.7491, -0.359835, -0.928658, -0.090078, 0.051353, 0.932915, -0.356695, -0.049372, 0.109209, 0.013720, -0.101801, 0.994710, 0.401068, 0.000000, 0.000000, 0.000000, 1.000000, 0.013560, -0.101739, 0.994719, 0.470059, 0.359835, 0.928658, 0.090077, -0.042353, -0.932918, 0.356713, 0.049202, 0.147788, 0.000000, 0.000000, 0.000000, 1.000000, 0.997759, -0.015009, 0.065206, -0.000195, 0.063887, -0.075984, -0.995060, 0.071215, 0.019890, 0.996996, -0.074855, -0.058749, 0.000000, 0.000000, 0.000000, 1.000000
-19.9678, 51.3527, 109.2085, 401.0679, 470.0589, -42.3530, 147.7881, -0.1946, 71.2147, -58.7491, -0.359835, -0.928658, -0.090078, 0.051353, 0.932915, -0.356695, -0.049372, 0.109209, 0.013720, -0.101801, 0.994710, 0.401068, 0.000000, 0.000000, 0.000000, 1.000000, 0.013560, -0.101739, 0.994719, 0.470059, 0.359835, 0.928658, 0.090077, -0.042353, -0.932918, 0.356713, 0.049202, 0.147788, 0.000000, 0.000000, 0.000000, 1.000000, 0.997759, -0.015009, 0.065206, -0.000195, 0.063887, -0.075984, -0.995060, 0.071215, 0.019890, 0.996996, -0.074855, -0.058749, 0.000000, 0.000000, 0.000000, 1.000000
-19.9556, 51.3645, 109.1615, 401.0547, 470.0457, -42.3648, 147.8351, -0.1916, 71.2145, -58.7500, -0.359641, -0.928737, -0.090033, 0.051365, 0.932990, -0.356504, -0.049341, 0.109162, 0.013728, -0.101745, 0.994716, 0.401055, 0.000000, 0.000000, 0.000000, 1.000000, 0.013568, -0.101683, 0.994724, 0.470046, 0.359641, 0.928737, 0.090032, -0.042365, -0.932992, 0.356522, 0.049171, 0.147835, 0.000000, 0.000000, 0.000000, 1.000000, 0.997759, -0.015011, 0.065212, -0.000192, 0.063893, -0.075986, -0.995060, 0.071215, 0.019892, 0.996996, -0.074856, -0.058750, 0.000000, 0.000000, 0.000000, 1.000000
-19.9523, 51.3677, 109.1492, 401.0512, 470.0422, -42.3681, 147.8474, -0.1908, 71.2145, -58.7502, -0.359588, -0.928759, -0.090021, 0.051368, 0.933010, -0.356453, -0.049332, 0.109149, 0.013729, -0.101730, 0.994717, 0.401051, 0.000000, 0.000000, 0.000000, 1.000000, 0.013569, -0.101668, 0.994726, 0.470042, 0.359588, 0.928759, 0.090020, -0.042368, -0.933012, 0.356470, 0.049161, 0.147847, 0.000000, 0.000000, 0.000000, 1.000000, 0.997758, -0.015011, 0.065214, -0.000191, 0.063894, -0.075986, -0.995060, 0.071214, 0.019892, 0.996996, -0.074857, -0.058750, 0.000000, 0.000000, 0.000000, 1.000000
-19.9453, 51.3742, 109.1286, 401.0447, 470.0357, -42.3746, 147.8680, -0.1891, 71.2143, -58.7507, -0.359480, -0.928803, -0.089997, 0.051374, 0.933052, -0.356347, -0.049301, 0.109129, 0.013720, -0.101694, 0.994721, 0.401045, 0.000000, 0.000000, 0.000000, 1.000000, 0.013561, -0.101632, 0.994730, 0.470036, 0.359480, 0.928803, 0.089996, -0.042375, -0.933054, 0.356365, 0.049130, 0.147868, 0.000000, 0.000000, 0.000000, 1.000000, 0.997758, -0.015012, 0.065217, -0.000189, 0.063898, -0.075987, -0.995059, 0.071214, 0.019893, 0.996996, -0.074857, -0.058751, 0.000000, 0.000000, 0.000000, 1.000000
-19.9417, 51.3776, 109.1202, 401.0417, 470.0327, -42.3779, 147.8763, -0.1882, 71.2143, -58.7509, -0.359424, -0.928826, -0.089985, 0.051378, 0.933074, -0.356294, -0.049280, 0.109120, 0.013711, -0.101674, 0.994723, 0.401042, 0.000000, 0.000000, 0.000000, 1.000000, 0.013551, -0.101613, 0.994732, 0.470033, 0.359424, 0.928826, 0.089984, -0.042378, -0.933076, 0.356311, 0.049109, 0.147876, 0.000000, 0.000000, 0.000000, 1.000000, 0.997758, -0.015012, 0.065219, -0.000188, 0.063899, -0.075987, -0.995059, 0.071214, 0.019894, 0.996996, -0.074858, -0.058751, 0.000000, 0.000000, 0.000000, 1.000000
-19.9342, 51.3845, 109.1024, 401.0354, 470.0263, -42.3848, 147.8940, -0.1863, 71.2141, -58.7514, -0.359308, -0.928873, -0.089959, 0.051384, 0.933118, -0.356182, -0.049237, 0.109102, 0.013693, -0.101634, 0.994728, 0.401035, 0.000000, 0.000000, 0.000000, 1.000000, 0.013533, -0.101572, 0.994736, 0.470026, 0.359308, 0.928873, 0.089958, -0.042385, -0.933121, 0.356200, 0.049066, 0.147894, 0.000000, 0.000000, 0.000000, 1.000000, 0.997758, -0.015013, 0.065222, -0.000186, 0.063903, -0.075988, -0.995059, 0.071214, 0.019895, 0.996996, -0.074858, -0.058751, 0.000000, 0.000000, 0.000000, 1.000000
-19.9264, 51.3917, 109.0832, 401.0286, 470.0196, -42.3920, 147.9130, -0.1844, 71.2140, -58.7519, -0.359188, -0.928922, -0.089932, 0.051392, 0.933165, -0.356066, -0.049194, 0.109083, 0.013676, -0.101592, 0.994732, 0.401029, 0.000000, 0.000000, 0.000000, 1.000000, 0.013515, -0.101530, 0.994741, 0.470020, 0.359188, 0.928922, 0.089932, -0.042392, -0.933167, 0.356084, 0.049023, 0.147913, 0.000000, 0.000000, 0.000000, 1.000000, 0.997758, -0.015014, 0.065226, -0.000184, 0.063906, -0.075989, -0.995059, 0.071214, 0.019896, 0.996996, -0.074859, -0.058752, 0.000000, 0.000000, 0.000000, 1.000000
-19.9224, 51.3954, 109.0732, 401.0252, 470.0161, -42.3957, 147.9230, -0.1834, 71.2139, -58.7522, -0.359126, -0.928947, -0.089919, 0.051395, 0.933189, -0.356006, -0.049173, 0.109073, 0.013667, -0.101570, 0.994734, 0.401025, 0.000000, 0.000000, 0.000000, 1.000000, 0.013506, -0.101508, 0.994743, 0.470016, 0.359126, 0.928947, 0.089918, -0.042396, -0.933191, 0.356024, 0.049001, 0.147923, 0.000000, 0.000000, 0.000000, 1.000000, 0.997757, -0.015014, 0.065228, -0.000183, 0.063908, -0.075990, -0.995058, 0.071214, 0.019897, 0.996996, -0.074860, -0.058752, 0.000000, 0.000000, 0.000000, 1.000000
-19.9141, 51.4031, 109.0520, 401.0179, 470.0089, -42.4034, 147.9440, -0.1814, 71.2137, -58.7527, -0.358999, -0.928999, -0.089890, 0.051403, 0.933238, -0.355883, -0.049129, 0.109052, 0.013651, -0.101526, 0.994739, 0.401018, 0.000000, 0.000000, 0.000000, 1.000000, 0.013490, -0.101464, 0.994748, 0.470009, 0.358999, 0.928999, 0.089890, -0.042403, -0.933241, 0.355901, 0.048957, 0.147944, 0.000000, 0.000000, 0.000000, 1.000000, 0.997757, -0.015015, 0.065232, -0.000181, 0.063912, -0.075991, -0.995058, 0.071214, 0.019898, 0.996995, -0.074860, -0.058753, 0.000000, 0.000000, 0.000000, 1.000000
-19.9099, 51.4070, 109.0410, 401.0141, 470.0051, -42.4073, 147.9550, -0.1804, 71.2136, -58.7530, -0.358934, -0.929026, -0.089876, 0.051407, 0.933263, -0.355820, -0.049108, 0.109041, 0.013643, -0.101504, 0.994742, 0.401014, 0.000000, 0.000000, 0.000000, 1.000000, 0.013482, -0.101442, 0.994750, 0.470005, 0.358934, 0.929026, 0.089875, -0.042407, -0.933266, 0.355838, 0.048936, 0.147955, 0.000000, 0.000000, 0.000000, 1.000000, 0.997757, -0.015016, 0.065234, -0.000180, 0.063914, -0.075991, -0.995058, 0.071214, 0.019899, 0.996995, -0.074861, -0.058753, 0.000000, 0.000000, 0.000000, 1.000000
-19.8969, 51.4192, 109.0061, 401.0024, 469.9934, -42.4195, 147.9898, -0.1772, 71.2134, -58.7539, -0.358732, -0.929108, -0.089830, 0.051419, 0.933341, -0.355625, -0.049043, 0.109006, 0.013620, -0.101435, 0.994749, 0.401002, 0.000000, 0.000000, 0.000000, 1.000000, 0.013459, -0.101373, 0.994757, 0.469993, 0.358732, 0.929108, 0.089830, -0.042420, -0.933343, 0.355643, 0.048870, 0.147990, 0.000000, 0.000000, 0.000000, 1.000000, 0.997757, -0.015017, 0.065240, -0.000177, 0.063920, -0.075993, -0.995057, 0.071213, 0.019901, 0.996995, -0.074862, -0.058754, 0.000000, 0.000000, 0.000000, 1.000000
-19.8880, 51.4276, 108.9815, 400.9942, 469.9852, -42.4279, 148.0143, -0.1750, 71.2132, -58.7545, -0.358594, -0.929164, -0.089799, 0.051428, 0.933394, -0.355491, -0.048999, 0.108981, 0.013606, -0.101389, 0.994754, 0.400994, 0.000000, 0.000000, 0.000000, 1.000000, 0.013444, -0.101326, 0.994762, 0.469985, 0.358594, 0.929164, 0.089798, -0.042428, -0.933397, 0.355509, 0.048827, 0.148014, 0.000000, 0.000000, 0.000000, 1.000000, 0.997756, -0.015018, 0.065244, -0.000175, 0.063924, -0.075994, -0.995057, 0.071213, 0.019902, 0.996995, -0.074863, -0.058754, 0.000000, 0.000000, 0.000000, 1.000000
-19.8836, 51.4318, 108.9689, 400.9901, 469.9810, -42.4322, 148.0269, -0.1739, 71.2131, -58.7548, -0.358525, -0.929193, -0.089783, 0.051432, 0.933421, -0.355424, -0.048978, 0.108969, 0.013599, -0.101365, 0.994756, 0.400990, 0.000000, 0.000000, 0.000000, 1.000000, 0.013438, -0.101303, 0.994765, 0.469981, 0.358525, 0.929193, 0.089782, -0.042432, -0.933424, 0.355441, 0.048806, 0.148027, 0.000000, 0.000000, 0.000000, 1.000000, 0.997756, -0.015018, 0.065246, -0.000174, 0.063926, -0.075994, -0.995057, 0.071213, 0.019903, 0.996995, -0.074864, -0.058755, 0.000000, 0.000000, 0.000000, 1.000000
-19.8745, 51.4404, 108.9432, 400.9816, 469.9726, -42.4407, 148.0525, -0.1716, 71.2129, -58.7554, -0.358384, -0.929250, -0.089751, 0.051440, 0.933475, -0.355288, -0.048936, 0.108943, 0.013586, -0.101318, 0.994761, 0.400982, 0.000000, 0.000000, 0.000000, 1.000000, 0.013425, -0.101256, 0.994770, 0.469973, 0.358384, 0.929250, 0.089750, -0.042441, -0.933478, 0.355305, 0.048763, 0.148052, 0.000000, 0.000000, 0.000000, 1.000000, 0.997756, -0.015019, 0.065251, -0.000172, 0.063930, -0.075995, -0.995057, 0.071213, 0.019904, 0.996995, -0.074865, -0.058755, 0.000000, 0.000000, 0.000000, 1.000000
-19.8653, 51.4491, 108.9167, 400.9730, 469.9639, -42.4494, 148.0790, -0.1694, 71.2128, -58.7560, -0.358241, -0.929308, -0.089718, 0.051449, 0.933530, -0.355149, -0.048894, 0.108917, 0.013574, -0.101270, 0.994766, 0.400973, 0.000000, 0.000000, 0.000000, 1.000000, 0.013412, -0.101208, 0.994775, 0.469964, 0.358241, 0.929308, 0.089718, -0.042449, -0.933533, 0.355166, 0.048721, 0.148079, 0.000000, 0.000000, 0.000000, 1.000000, 0.997756, -0.015020, 0.065255, -0.000169, 0.063935, -0.075996, -0.995056, 0.071213, 0.019905, 0.996995, -0.074866, -0.058756, 0.000000, 0.000000, 0.000000, 1.000000
-19.8607, 51.4535, 108.9031, 400.9686, 469.9595, -42.4539, 148.0926, -0.1682, 71.2127, -58.7563, -0.358169, -0.929338, -0.089702, 0.051454, 0.933558, -0.355078, -0.048873, 0.108903, 0.013568, -0.101246, 0.994769, 0.400969, 0.000000, 0.000000, 0.000000, 1.000000, 0.013406, -0.101184, 0.994777, 0.469960, 0.358169, 0.929338, 0.089701, -0.042454, -0.933560, 0.355096, 0.048700, 0.148093, 0.000000, 0.000000, 0.000000, 1.000000, 0.997755, -0.015021, 0.065257, -0.000168, 0.063937, -0.075997, -0.995056, 0.071213, 0.019906, 0.996995, -0.074866, -0.058756, 0.000000, 0.000000, 0.000000, 1.000000
-19.8514, 51.4624, 108.8755, 400.9596, 469.9506, -42.4628, 148.1202, -0.1659, 71.2125, -58.7569, -0.358023, -0.929397, -0.089668, 0.051462, 0.933614, -0.354937, -0.048831, 0.108875, 0.013557, -0.101198, 0.994774, 0.400960, 0.000000, 0.000000, 0.000000, 1.000000, 0.013395, -0.101136, 0.994782, 0.469951, 0.358023, 0.929397, 0.089667, -0.042463, -0.933616, 0.354954, 0.048658, 0.148120, 0.000000, 0.000000, 0.000000, 1.000000, 0.997755, -0.015022, 0.065262, -0.000166, 0.063941, -0.075998, -0.995056, 0.071212, 0.019907, 0.996995, -0.074867, -0.058757, 0.000000, 0.000000, 0.000000, 1.000000
-19.8466, 51.4669, 108.8614, 400.9551, 469.9461, -42.4672, 148.1342, -0.1648, 71.2124, -58.7572, -0.357950, -0.929427, -0.089651, 0.051467, 0.933642, -0.354865, -0.048811, 0.108861, 0.013552, -0.101174, 0.994776, 0.400955, 0.000000, 0.000000, 0.000000, 1.000000, 0.013390, -0.101112, 0.994785, 0.469946, 0.357950, 0.929427, 0.089650, -0.042467, -0.933645, 0.354883, 0.048638, 0.148134, 0.000000, 0.000000, 0.000000, 1.000000, 0.997755, -0.015022, 0.065264, -0.000165, 0.063943, -0.075999, -0.995056, 0.071212, 0.019908, 0.996995, -0.074868, -0.058757, 0.000000, 0.000000, 0.000000, 1.000000
-19.8372, 51.4759, 108.8330, 400.9460, 469.9369, -42.4762, 148.1627, -0.1624, 71.2122, -58.7579, -0.357803, -0.929487, -0.089617, 0.051476, 0.933699, -0.354722, -0.048769, 0.108833, 0.013541, -0.101125, 0.994782, 0.400946, 0.000000, 0.000000, 0.000000, 1.000000, 0.013380, -0.101063, 0.994790, 0.469937, 0.357803, 0.929487, 0.089616, -0.042476, -0.933701, 0.354740, 0.048597, 0.148163, 0.000000, 0.000000, 0.000000, 1.000000, 0.997755, -0.015023, 0.065269, -0.000162, 0.063948, -0.076000, -0.995055, 0.071212, 0.019910, 0.996995, -0.074869, -0.058758, 0.000000, 0.000000, 0.000000, 1.000000
-19.8230, 51.4895, 108.7896, 400.9321, 469.9231, -42.4898, 148.2060, -0.1589, 71.2119, -58.7588, -0.357581, -0.929577, -0.089566, 0.051489, 0.933784, -0.354506, -0.048709, 0.108790, 0.013527, -0.101052, 0.994789, 0.400932, 0.000000, 0.000000, 0.000000, 1.000000, 0.013365, -0.100990, 0.994798, 0.469923, 0.357581, 0.929577, 0.089565, -0.042490, -0.933787, 0.354523, 0.048536, 0.148206, 0.000000, 0.000000, 0.000000, 1.000000, 0.997754, -0.015025, 0.065275, -0.000159, 0.063954, -0.076002, -0.995055, 0.071212, 0.019912, 0.996994, -0.074870, -0.058759, 0.000000, 0.000000, 0.000000, 1.000000
-19.8135, 51.4985, 108.7605, 400.9229, 469.9139, -42.4989, 148.2352, -0.1566, 71.2117, -58.7595, -0.357433, -0.929638, -0.089531, 0.051498, 0.933841, -0.354362, -0.048669, 0.108761, 0.013518, -0.101004, 0.994794, 0.400923, 0.000000, 0.000000, 0.000000, 1.000000, 0.013356, -0.100942, 0.994803, 0.469914, 0.357433, 0.929638, 0.089530, -0.042499, -0.933843, 0.354379, 0.048496, 0.148235, 0.000000, 0.000000, 0.000000, 1.000000, 0.997754, -0.015026, 0.065280, -0.000157, 0.063959, -0.076003, -0.995054, 0.071212, 0.019913, 0.996994, -0.074871, -0.058759, 0.000000, 0.000000, 0.000000, 1.000000
-19.8088, 51.5030, 108.7460, 400.9183, 469.9092, -42.5033, 148.2498, -0.1554, 71.2116, -58.7598, -0.357359, -0.929667, -0.089514, 0.051503, 0.933869, -0.354290, -0.048649, 0.108746, 0.013514, -0.100980, 0.994797, 0.400918, 0.000000, 0.000000, 0.000000, 1.000000, 0.013352, -0.100918, 0.994805, 0.469909, 0.357359, 0.929668, 0.089513, -0.042503, -0.933872, 0.354308, 0.048477, 0.148250, 0.000000, 0.000000, 0.000000, 1.000000, 0.997754, -0.015026, 0.065282, -0.000155, 0.063961, -0.076003, -0.995054, 0.071212, 0.019914, 0.996994, -0.074872, -0.058760, 0.000000, 0.000000, 0.000000, 1.000000
-19.7995, 51.5119, 108.7170, 400.9091, 469.9001, -42.5123, 148.2788, -0.1531, 71.2115, -58.7604, -0.357213, -0.929727, -0.089480, 0.051512, 0.933925, -0.354148, -0.048611, 0.108717, 0.013506, -0.100932, 0.994802, 0.400909, 0.000000, 0.000000, 0.000000, 1.000000, 0.013344, -0.100870, 0.994810, 0.469900, 0.357213, 0.929727, 0.089479, -0.042512, -0.933927, 0.354166, 0.048438, 0.148279, 0.000000, 0.000000, 0.000000, 1.000000, 0.997753, -0.015027, 0.065287, -0.000153, 0.063965, -0.076005, -0.995054, 0.071211, 0.019915, 0.996994, -0.074873, -0.058760, 0.000000, 0.000000, 0.000000, 1.000000
-19.7948, 51.5163, 108.7026, 400.9045, 469.8955, -42.5167, 148.2933, -0.1520, 71.2114, -58.7607, -0.357141, -0.929756, -0.089463, 0.051516, 0.933953, -0.354078, -0.048592, 0.108703, 0.013502, -0.100909, 0.994804, 0.400905, 0.000000, 0.000000, 0.000000, 1.000000, 0.013340, -0.100847, 0.994813, 0.469896, 0.357141, 0.929756, 0.089463, -0.042517, -0.933955, 0.354095, 0.048419, 0.148293, 0.000000, 0.000000, 0.000000, 1.000000, 0.997753, -0.015028, 0.065289, -0.000152, 0.063967, -0.076005, -0.995053, 0.071211, 0.019916, 0.996994, -0.074873, -0.058761, 0.000000, 0.000000, 0.000000, 1.000000
-19.7857, 51.5251, 108.6739, 400.8954, 469.8864, -42.5254, 148.3220, -0.1498, 71.2112, -58.7613, -0.356998, -0.929814, -0.089430, 0.051525, 0.934008, -0.353938, -0.048554, 0.108674, 0.013494, -0.100862, 0.994809, 0.400895, 0.000000, 0.000000, 0.000000, 1.000000, 0.013333, -0.100800, 0.994817, 0.469886, 0.356998, 0.929815, 0.089429, -0.042525, -0.934010, 0.353955, 0.048382, 0.148322, 0.000000, 0.000000, 0.000000, 1.000000, 0.997753, -0.015029, 0.065293, -0.000150, 0.063972, -0.076006, -0.995053, 0.071211, 0.019917, 0.996994, -0.074874, -0.058761, 0.000000, 0.000000, 0.000000, 1.000000
-19.7811, 51.5294, 108.6596, 400.8909, 469.8820, -42.5298, 148.3363, -0.1486, 71.2111, -58.7617, -0.356927, -0.929843, -0.089413, 0.051529, 0.934035, -0.353869, -0.048536, 0.108660, 0.013490, -0.100839, 0.994811, 0.400891, 0.000000, 0.000000, 0.000000, 1.000000, 0.013329, -0.100777, 0.994820, 0.469882, 0.356927, 0.929843, 0.089412, -0.042530, -0.934037, 0.353886, 0.048364, 0.148336, 0.000000, 0.000000, 0.000000, 1.000000, 0.997753, -0.015029, 0.065295, -0.000149, 0.063974, -0.076007, -0.995053, 0.071211, 0.019918, 0.996994, -0.074875, -0.058762, 0.000000, 0.000000, 0.000000, 1.000000
-19.7721, 51.5380, 108.6313, 400.8820, 469.8730, -42.5384, 148.3647, -0.1464, 71.2109, -58.7623, -0.356786, -0.929900, -0.089380, 0.051538, 0.934089, -0.353731, -0.048500, 0.108631, 0.013483, -0.100793, 0.994816, 0.400882, 0.000000, 0.000000, 0.000000, 1.000000, 0.013322, -0.100731, 0.994824, 0.469873, 0.356786, 0.929900, 0.089379, -0.042538, -0.934091, 0.353749, 0.048328, 0.148365, 0.000000, 0.000000, 0.000000, 1.000000, 0.997753, -0.015030, 0.065300, -0.000146, 0.063978, -0.076008, -0.995053, 0.071211, 0.019919, 0.996994, -0.074876, -0.058762, 0.000000, 0.000000, 0.000000, 1.000000
-19.7677, 51.5423, 108.6173, 400.8776, 469.8686, -42.5426, 148.3787, -0.1453, 71.2108, -58.7626, -0.356717, -0.929929, -0.089364, 0.051542, 0.934115, -0.353664, -0.048482, 0.108617, 0.013480, -0.100770, 0.994818, 0.400878, 0.000000, 0.000000, 0.000000, 1.000000, 0.013318, -0.100709, 0.994827, 0.469869, 0.356717, 0.929929, 0.089363, -0.042543, -0.934118, 0.353681, 0.048310, 0.148379, 0.000000, 0.000000, 0.000000, 1.000000, 0.997752, -0.015031, 0.065302, -0.000145, 0.063980, -0.076009, -0.995052, 0.071211, 0.019920, 0.996994, -0.074876, -0.058763, 0.000000, 0.000000, 0.000000, 1.000000
-19.7589, 51.5507, 108.5896, 400.8688, 469.8599, -42.5510, 148.4065, -0.1432, 71.2107, -58.7631, -0.356579, -0.929985, -0.089332, 0.051551, 0.934168, -0.353529, -0.048446, 0.108590, 0.013473, -0.100726, 0.994823, 0.400869, 0.000000, 0.000000, 0.000000, 1.000000, 0.013312, -0.100664, 0.994831, 0.469860, 0.356579, 0.929985, 0.089331, -0.042551, -0.934170, 0.353547, 0.048274, 0.148407, 0.000000, 0.000000, 0.000000, 1.000000, 0.997752, -0.015031, 0.065306, -0.000143, 0.063984, -0.076010, -0.995052, 0.071211, 0.019921, 0.996994, -0.074877, -0.058763, 0.000000, 0.000000, 0.000000, 1.000000
-19.7502, 51.5589, 108.5622, 400.8602, 469.8513, -42.5593, 148.4340, -0.1410, 71.2105, -58.7637, -0.356443, -0.930040, -0.089300, 0.051559, 0.934220, -0.353397, -0.048411, 0.108562, 0.013466, -0.100682, 0.994828, 0.400860, 0.000000, 0.000000, 0.000000, 1.000000, 0.013305, -0.100620, 0.994836, 0.469851, 0.356443, 0.930040, 0.089299, -0.042559, -0.934222, 0.353414, 0.048239, 0.148434, 0.000000, 0.000000, 0.000000, 1.000000, 0.997752, -0.015032, 0.065310, -0.000141, 0.063988, -0.076011, -0.995052, 0.071210, 0.019922, 0.996994, -0.074878, -0.058764, 0.000000, 0.000000, 0.000000, 1.000000
-19.7459, 51.5630, 108.5488, 400.8559, 469.8470, -42.5634, 148.4475, -0.1400, 71.2104, -58.7640, -0.356376, -0.930067, -0.089284, 0.051563, 0.934246, -0.353332, -0.048394, 0.108549, 0.013462, -0.100660, 0.994830, 0.400856, 0.000000, 0.000000, 0.000000, 1.000000, 0.013302, -0.100598, 0.994838, 0.469847, 0.356376, 0.930067, 0.089283, -0.042563, -0.934248, 0.353349, 0.048222, 0.148448, 0.000000, 0.000000, 0.000000, 1.000000, 0.997752, -0.015033, 0.065312, -0.000140, 0.063990, -0.076011, -0.995052, 0.071210, 0.019923, 0.996994, -0.074878, -0.058764, 0.000000, 0.000000, 0.000000, 1.000000
-19.7375, 51.5711, 108.5221, 400.8475, 469.8386, -42.5715, 148.4743, -0.1379, 71.2102, -58.7646, -0.356244, -0.930121, -0.089253, 0.051571, 0.934296, -0.353203, -0.048359, 0.108522, 0.013456, -0.100617, 0.994834, 0.400848, 0.000000, 0.000000, 0.000000, 1.000000, 0.013295, -0.100555, 0.994843, 0.469839, 0.356244, 0.930121, 0.089252, -0.042571, -0.934298, 0.353220, 0.048188, 0.148474, 0.000000, 0.000000, 0.000000, 1.000000, 0.997751, -0.015034, 0.065316, -0.000138, 0.063994, -0.076012, -0.995051, 0.071210, 0.019924, 0.996994, -0.074879, -0.058765, 0.000000, 0.000000, 0.000000, 1.000000
-19.7333, 51.5751, 108.5090, 400.8434, 469.8345, -42.5755, 148.4875, -0.1369, 71.2101, -58.7649, -0.356178, -0.930147, -0.089238, 0.051575, 0.934321, -0.353139, -0.048342, 0.108509, 0.013452, -0.100595, 0.994836, 0.400843, 0.000000, 0.000000, 0.000000, 1.000000, 0.013292, -0.100534, 0.994845, 0.469834, 0.356178, 0.930147, 0.089237, -0.042575, -0.934323, 0.353156, 0.048171, 0.148488, 0.000000, 0.000000, 0.000000, 1.000000, 0.997751, -0.015034, 0.065318, -0.000137, 0.063996, -0.076013, -0.995051, 0.071210, 0.019925, 0.996993, -0.074880, -0.058765, 0.000000, 0.000000, 0.000000, 1.000000
-19.7250, 51.5830, 108.4830, 400.8351, 469.8262, -42.5833, 148.5136, -0.1348, 71.2100, -58.7654, -0.356049, -0.930200, -0.089207, 0.051583, 0.934371, -0.353012, -0.048309, 0.108483, 0.013445, -0.100553, 0.994841, 0.400835, 0.000000, 0.000000, 0.000000, 1.000000, 0.013285, -0.100492, 0.994849, 0.469826, 0.356049, 0.930200, 0.089207, -0.042583, -0.934373, 0.353030, 0.048138, 0.148514, 0.000000, 0.000000, 0.000000, 1.000000, 0.997751, -0.015035, 0.065322, -0.000135, 0.064000, -0.076014, -0.995051, 0.071210, 0.019926, 0.996993, -0.074881, -0.058765, 0.000000, 0.000000, 0.000000, 1.000000
-19.7209, 51.5869, 108.4701, 400.8310, 469.8222, -42.5872, 148.5265, -0.1338, 71.2099, -58.7657, -0.355984, -0.930226, -0.089192, 0.051587, 0.934395, -0.352950, -0.048292, 0.108470, 0.013442, -0.100532, 0.994843, 0.400831, 0.000000, 0.000000, 0.000000, 1.000000, 0.013282, -0.100471, 0.994851, 0.469822, 0.355984, 0.930226, 0.089191, -0.042587, -0.934398, 0.352967, 0.048121, 0.148527, 0.000000, 0.000000, 0.000000, 1.000000, 0.997751, -0.015035, 0.065324, -0.000134, 0.064002, -0.076014, -0.995051, 0.071210, 0.019927, 0.996993, -0.074881, -0.058766, 0.000000, 0.000000, 0.000000, 1.000000
-19.7128, 51.5946, 108.4448, 400.8230, 469.8141, -42.5950, 148.5520, -0.1318, 71.2097, -58.7662, -0.355857, -0.930277, -0.089162, 0.051595, 0.934444, -0.352826, -0.048258, 0.108445, 0.013435, -0.100490, 0.994847, 0.400823, 0.000000, 0.000000, 0.000000, 1.000000, 0.013275, -0.100429, 0.994856, 0.469814, 0.355857, 0.930277, 0.089162, -0.042595, -0.934446, 0.352843, 0.048088, 0.148552, 0.000000, 0.000000, 0.000000, 1.000000, 0.997751, -0.015036, 0.065328, -0.000132, 0.064006, -0.076015, -0.995050, 0.071210, 0.019928, 0.996993, -0.074882, -0.058766, 0.000000, 0.000000, 0.000000, 1.000000
-19.7047, 51.6022, 108.4199, 400.8150, 469.8062, -42.6026, 148.5770, -0.1298, 71.2096, -58.7668, -0.355732, -0.930328, -0.089133, 0.051602, 0.934492, -0.352704, -0.048225, 0.108420, 0.013427, -0.100449, 0.994852, 0.400815, 0.000000, 0.000000, 0.000000, 1.000000, 0.013268, -0.100388, 0.994860, 0.469806, 0.355732, 0.930328, 0.089132, -0.042603, -0.934494, 0.352721, 0.048055, 0.148577, 0.000000, 0.000000, 0.000000, 1.000000, 0.997750, -0.015037, 0.065332, -0.000130, 0.064009, -0.076016, -0.995050, 0.071210, 0.019929, 0.996993, -0.074883, -0.058767, 0.000000, 0.000000, 0.000000, 1.000000
-19.7008, 51.6059, 108.4077, 400.8111, 469.8023, -42.6063, 148.5893, -0.1289, 71.2095, -58.7670, -0.355670, -0.930353, -0.089119, 0.051606, 0.934515, -0.352643, -0.048208, 0.108408, 0.013424, -0.100429, 0.994854, 0.400811, 0.000000, 0.000000, 0.000000, 1.000000, 0.013265, -0.100368, 0.994862, 0.469802, 0.355670, 0.930353, 0.089118, -0.042606, -0.934517, 0.352660, 0.048039, 0.148589, 0.000000, 0.000000, 0.000000, 1.000000, 0.997750, -0.015037, 0.065334, -0.000129, 0.064011, -0.076017, -0.995050, 0.071209, 0.019929, 0.996993, -0.074883, -0.058767, 0.000000, 0.000000, 0.000000, 1.000000
-19.6968, 51.6097, 108.3956, 400.8073, 469.7985, -42.6100, 148.6015, -0.1279, 71.2094, -58.7673, -0.355608, -0.930378, -0.089104, 0.051610, 0.934539, -0.352583, -0.048192, 0.108396, 0.013420, -0.100409, 0.994856, 0.400807, 0.000000, 0.000000, 0.000000, 1.000000, 0.013261, -0.100348, 0.994864, 0.469798, 0.355608, 0.930378, 0.089103, -0.042610, -0.934541, 0.352600, 0.048022, 0.148602, 0.000000, 0.000000, 0.000000, 1.000000, 0.997750, -0.015038, 0.065336, -0.000128, 0.064013, -0.076017, -0.995050, 0.071209, 0.019930, 0.996993, -0.074884, -0.058767, 0.000000, 0.000000, 0.000000, 1.000000
-19.6929, 51.6134, 108.3836, 400.8034, 469.7946, -42.6138, 148.6136, -0.1269, 71.2093, -58.7676, -0.355547, -0.930403, -0.089090, 0.051613, 0.934562, -0.352524, -0.048175, 0.108384, 0.013416, -0.100389, 0.994858, 0.400803, 0.000000, 0.000000, 0.000000, 1.000000, 0.013257, -0.100328, 0.994866, 0.469795, 0.355547, 0.930403, 0.089089, -0.042614, -0.934564, 0.352541, 0.048006, 0.148614, 0.000000, 0.000000, 0.000000, 1.000000, 0.997750, -0.015038, 0.065338, -0.000127, 0.064015, -0.076018, -0.995049, 0.071209, 0.019931, 0.996993, -0.074884, -0.058768, 0.000000, 0.000000, 0.000000, 1.000000
-19.6775, 51.6279, 108.3366, 400.7883, 469.7795, -42.6283, 148.6609, -0.1231, 71.2090, -58.7686, -0.355306, -0.930500, -0.089034, 0.051628, 0.934654, -0.352289, -0.048109, 0.108337, 0.013400, -0.100309, 0.994866, 0.400788, 0.000000, 0.000000, 0.000000, 1.000000, 0.013242, -0.100249, 0.994874, 0.469780, 0.355306, 0.930500, 0.089033, -0.042628, -0.934656, 0.352306, 0.047941, 0.148661, 0.000000, 0.000000, 0.000000, 1.000000, 0.997749, -0.015040, 0.065345, -0.000123, 0.064022, -0.076020, -0.995049, 0.071209, 0.019933, 0.996993, -0.074886, -0.058769, 0.000000, 0.000000, 0.000000, 1.000000
-19.6737, 51.6313, 108.3299, 400.7854, 469.7766, -42.6317, 148.6676, -0.1222, 71.2089, -58.7688, -0.355249, -0.930523, -0.089021, 0.051631, 0.934676, -0.352234, -0.048083, 0.108330, 0.013386, -0.100287, 0.994868, 0.400785, 0.000000, 0.000000, 0.000000, 1.000000, 0.013228, -0.100227, 0.994877, 0.469777, 0.355249, 0.930523, 0.089020, -0.042632, -0.934678, 0.352251, 0.047915, 0.148668, 0.000000, 0.000000, 0.000000, 1.000000, 0.997749, -0.015040, 0.065347, -0.000122, 0.064024, -0.076020, -0.995049, 0.071209, 0.019934, 0.996993, -0.074886, -0.058769, 0.000000, 0.000000, 0.000000, 1.000000
-19.6663, 51.6380, 108.3164, 400.7796, 469.7708, -42.6383, 148.6812, -0.1204, 71.2088, -58.7693, -0.355136, -0.930569, -0.088996, 0.051638, 0.934719, -0.352126, -0.048032, 0.108316, 0.013360, -0.100244, 0.994873, 0.400780, 0.000000, 0.000000, 0.000000, 1.000000, 0.013202, -0.100183, 0.994881, 0.469771, 0.355136, 0.930569, 0.088995, -0.042638, -0.934722, 0.352143, 0.047864, 0.148681, 0.000000, 0.000000, 0.000000, 1.000000, 0.997749, -0.015041, 0.065350, -0.000120, 0.064027, -0.076021, -0.995048, 0.071209, 0.019935, 0.996993, -0.074887, -0.058769, 0.000000, 0.000000, 0.000000, 1.000000
-19.6626, 51.6413, 108.3094, 400.7767, 469.7679, -42.6416, 148.6882, -0.1194, 71.2087, -58.7696, -0.355079, -0.930592, -0.088983, 0.051641, 0.934741, -0.352072, -0.048007, 0.108309, 0.013347, -0.100223, 0.994876, 0.400777, 0.000000, 0.000000, 0.000000, 1.000000, 0.013189, -0.100162, 0.994884, 0.469768, 0.355079, 0.930592, 0.088982, -0.042642, -0.934743, 0.352089, 0.047839, 0.148688, 0.000000, 0.000000, 0.000000, 1.000000, 0.997749, -0.015042, 0.065352, -0.000119, 0.064029, -0.076021, -0.995048, 0.071209, 0.019935, 0.996993, -0.074887, -0.058770, 0.000000, 0.000000, 0.000000, 1.000000
