# Joint_4_Angle(deg), Cam_X(mm), Cam_Y(mm), Cam_Z(mm), Torso_X(mm), Torso_Y(mm), Torso_Z(mm), EE_X(mm), EE_Y(mm), EE_Z(mm), T_cam2marker_flat(16), T_torso2marker_flat(16), T_ee2marker_flat(16)
-30.0000, 36.5521, 27.1524, 224.3355, 246.3321, -36.5525, 172.8938, 154.8857, -15.1305, 21.0613, 0.447362, -0.718561, -0.532481, 0.036552, 0.723684, 0.640671, -0.256558, 0.027152, 0.525498, -0.270574, 0.806624, 0.224335, 0.000000, 0.000000, 0.000000, 1.000000, 0.525409, -0.270651, 0.806656, 0.246332, -0.447363, 0.718562, 0.532480, -0.036553, -0.723748, -0.640638, 0.256460, 0.172894, 0.000000, 0.000000, 0.000000, 1.000000, 0.041949, 0.061093, -0.997250, 0.154886, -0.996927, -0.063526, -0.045827, -0.015130, -0.066151, 0.996108, 0.058241, 0.021061, 0.000000, 0.000000, 0.000000, 1.000000
-30.0000, 36.5521, 27.1524, 224.3354, 246.3321, -36.5525, 172.8939, 154.8857, -15.1305, 21.0613, 0.447363, -0.718561, -0.532481, 0.036552, 0.723684, 0.640671, -0.256557, 0.027152, 0.525498, -0.270574, 0.806624, 0.224335, 0.000000, 0.000000, 0.000000, 1.000000, 0.525409, -0.270651, 0.806656, 0.246332, -0.447363, 0.718562, 0.532480, -0.036552, -0.723748, -0.640638, 0.256460, 0.172894, 0.000000, 0.000000, 0.000000, 1.000000, 0.041949, 0.061093, -0.997250, 0.154886, -0.996927, -0.063526, -0.045827, -0.015130, -0.066151, 0.996108, 0.058241, 0.021061, 0.000000, 0.000000, 0.000000, 1.000000
-30.0000, 36.5521, 27.1524, 224.3354, 246.3321, -36.5525, 172.8939, 154.8857, -15.1305, 21.0613, 0.447363, -0.718561, -0.532481, 0.036552, 0.723684, 0.640671, -0.256557, 0.027152, 0.525498, -0.270574, 0.806624, 0.224335, 0.000000, 0.000000, 0.000000, 1.000000, 0.525409, -0.270651, 0.806656, 0.246332, -0.447363, 0.718562, 0.532480, -0.036552, -0.723748, -0.640638, 0.256460, 0.172894, 0.000000, 0.000000, 0.000000, 1.000000, 0.041949, 0.061093, -0.997250, 0.154886, -0.996927, -0.063526, -0.045827, -0.015131, -0.066151, 0.996108, 0.058241, 0.021061, 0.000000, 0.000000, 0.000000, 1.000000
-30.0000, 36.5521, 27.1525, 224.3354, 246.3321, -36.5525, 172.8939, 154.8857, -15.1305, 21.0613, 0.447363, -0.718561, -0.532482, 0.036552, 0.723684, 0.640671, -0.256557, 0.027152, 0.525497, -0.270575, 0.806624, 0.224335, 0.000000, 0.000000, 0.000000, 1.000000, 0.525409, -0.270651, 0.806656, 0.246332, -0.447364, 0.718561, 0.532480, -0.036552, -0.723748, -0.640639, 0.256460, 0.172894, 0.000000, 0.000000, 0.000000, 1.000000, 0.041949, 0.061093, -0.997250, 0.154886, -0.996927, -0.063526, -0.045827, -0.015131, -0.066151, 0.996108, 0.058241, 0.021061, 0.000000, 0.000000, 0.000000, 1.000000
-30.0000, 36.5521, 27.1525, 224.3354, 246.3321, -36.5525, 172.8939, 154.8857, -15.1305, 21.0613, 0.447363, -0.718561, -0.532482, 0.036552, 0.723684, 0.640671, -0.256557, 0.027152, 0.525497, -0.270575, 0.806624, 0.224335, 0.000000, 0.000000, 0.000000, 1.000000, 0.525409, -0.270651, 0.806656, 0.246332, -0.447364, 0.718561, 0.532480, -0.036552, -0.723748, -0.640639, 0.256460, 0.172894, 0.000000, 0.000000, 0.000000, 1.000000, 0.041949, 0.061093, -0.997250, 0.154886, -0.996927, -0.063526, -0.045827, -0.015131, -0.066151, 0.996108, 0.058241, 0.021061, 0.000000, 0.000000, 0.000000, 1.000000
-29.9999, 36.5521, 27.1526, 224.3354, 246.3321, -36.5525, 172.8939, 154.8857, -15.1306, 21.0613, 0.447363, -0.718561, -0.532481, 0.036552, 0.723685, 0.640671, -0.256556, 0.027153, 0.525497, -0.270575, 0.806624, 0.224335, 0.000000, 0.000000, 0.000000, 1.000000, 0.525409, -0.270651, 0.806656, 0.246332, -0.447364, 0.718561, 0.532480, -0.036552, -0.723748, -0.640639, 0.256459, 0.172894, 0.000000, 0.000000, 0.000000, 1.000000, 0.041949, 0.061093, -0.997250, 0.154886, -0.996927, -0.063526, -0.045827, -0.015131, -0.066151, 0.996108, 0.058241, 0.021061, 0.000000, 0.000000, 0.000000, 1.000000
-29.9999, 36.5521, 27.1526, 224.3354, 246.3321, -36.5524, 172.8940, 154.8857, -15.1306, 21.0613, 0.447364, -0.718561, -0.532481, 0.036552, 0.723685, 0.640671, -0.256556, 0.027153, 0.525496, -0.270575, 0.806624, 0.224335, 0.000000, 0.000000, 0.000000, 1.000000, 0.525409, -0.270651, 0.806656, 0.246332, -0.447364, 0.718561, 0.532480, -0.036552, -0.723748, -0.640639, 0.256459, 0.172894, 0.000000, 0.000000, 0.000000, 1.000000, 0.041949, 0.061093, -0.997250, 0.154886, -0.996927, -0.063526, -0.045827, -0.015131, -0.066151, 0.996108, 0.058241, 0.021061, 0.000000, 0.000000, 0.000000, 1.000000
-29.9999, 36.5520, 27.1525, 224.3354, 246.3320, -36.5524, 172.8940, 154.8856, -15.1307, 21.0614, 0.447364, -0.718561, -0.532481, 0.036552, 0.723685, 0.640671, -0.256555, 0.027153, 0.525495, -0.270575, 0.806625, 0.224335, 0.000000, 0.000000, 0.000000, 1.000000, 0.525408, -0.270651, 0.806657, 0.246332, -0.447365, 0.718561, 0.532480, -0.036552, -0.723748, -0.640639, 0.256458, 0.172894, 0.000000, 0.000000, 0.000000, 1.000000, 0.041949, 0.061093, -0.997250, 0.154886, -0.996927, -0.063526, -0.045827, -0.015131, -0.066151, 0.996108, 0.058241, 0.021061, 0.000000, 0.000000, 0.000000, 1.000000
-29.9993, 36.5517, 27.1520, 224.3350, 246.3317, -36.5520, 172.8947, 154.8853, -15.1314, 21.0614, 0.447369, -0.718560, -0.532477, 0.036552, 0.723688, 0.640671, -0.256547, 0.027152, 0.525487, -0.270576, 0.806630, 0.224335, 0.000000, 0.000000, 0.000000, 1.000000, 0.525400, -0.270652, 0.806662, 0.246332, -0.447370, 0.718561, 0.532476, -0.036552, -0.723751, -0.640639, 0.256450, 0.172895, 0.000000, 0.000000, 0.000000, 1.000000, 0.041949, 0.061093, -0.997250, 0.154885, -0.996927, -0.063526, -0.045827, -0.015131, -0.066151, 0.996108, 0.058241, 0.021061, 0.000000, 0.000000, 0.000000, 1.000000
-29.9989, 36.5514, 27.1516, 224.3348, 246.3315, -36.5518, 172.8951, 154.8851, -15.1318, 21.0614, 0.447372, -0.718560, -0.532475, 0.036551, 0.723690, 0.640671, -0.256542, 0.027152, 0.525481, -0.270577, 0.806633, 0.224335, 0.000000, 0.000000, 0.000000, 1.000000, 0.525394, -0.270652, 0.806665, 0.246331, -0.447373, 0.718561, 0.532473, -0.036552, -0.723753, -0.640639, 0.256445, 0.172895, 0.000000, 0.000000, 0.000000, 1.000000, 0.041949, 0.061093, -0.997250, 0.154885, -0.996927, -0.063526, -0.045827, -0.015132, -0.066151, 0.996108, 0.058241, 0.021061, 0.000000, 0.000000, 0.000000, 1.000000
-29.9978, 36.5506, 27.1504, 224.3341, 246.3308, -36.5510, 172.8964, 154.8846, -15.1331, 21.0614, 0.447382, -0.718560, -0.532467, 0.036551, 0.723696, 0.640670, -0.256527, 0.027150, 0.525466, -0.270579, 0.806643, 0.224334, 0.000000, 0.000000, 0.000000, 1.000000, 0.525379, -0.270654, 0.806674, 0.246331, -0.447382, 0.718561, 0.532466, -0.036551, -0.723758, -0.640638, 0.256431, 0.172896, 0.000000, 0.000000, 0.000000, 1.000000, 0.041949, 0.061093, -0.997250, 0.154885, -0.996927, -0.063526, -0.045827, -0.015133, -0.066151, 0.996108, 0.058241, 0.021061, 0.000000, 0.000000, 0.000000, 1.000000
-29.9962, 36.5495, 27.1484, 224.3330, 246.3297, -36.5498, 172.8984, 154.8838, -15.1350, 21.0614, 0.447396, -0.718560, -0.532456, 0.036549, 0.723705, 0.640670, -0.256504, 0.027148, 0.525442, -0.270582, 0.806658, 0.224333, 0.000000, 0.000000, 0.000000, 1.000000, 0.525355, -0.270657, 0.806689, 0.246330, -0.447397, 0.718560, 0.532454, -0.036550, -0.723767, -0.640637, 0.256408, 0.172898, 0.000000, 0.000000, 0.000000, 1.000000, 0.041949, 0.061093, -0.997250, 0.154884, -0.996927, -0.063525, -0.045827, -0.015135, -0.066150, 0.996109, 0.058241, 0.021061, 0.000000, 0.000000, 0.000000, 1.000000
-29.9962, 36.5495, 27.1484, 224.3330, 246.3297, -36.5498, 172.8984, 154.8838, -15.1350, 21.0614, 0.447396, -0.718560, -0.532456, 0.036549, 0.723705, 0.640670, -0.256504, 0.027148, 0.525442, -0.270582, 0.806658, 0.224333, 0.000000, 0.000000, 0.000000, 1.000000, 0.525355, -0.270657, 0.806689, 0.246330, -0.447397, 0.718560, 0.532454, -0.036550, -0.723767, -0.640637, 0.256408, 0.172898, 0.000000, 0.000000, 0.000000, 1.000000, 0.041949, 0.061093, -0.997250, 0.154884, -0.996927, -0.063525, -0.045827, -0.015135, -0.066150, 0.996109, 0.058241, 0.021061, 0.000000, 0.000000, 0.000000, 1.000000
-29.9938, 36.5478, 27.1456, 224.3315, 246.3282, -36.5482, 172.9013, 154.8826, -15.1378, 21.0614, 0.447416, -0.718559, -0.532439, 0.036548, 0.723717, 0.640668, -0.256472, 0.027146, 0.525407, -0.270586, 0.806679, 0.224331, 0.000000, 0.000000, 0.000000, 1.000000, 0.525320, -0.270660, 0.806710, 0.246328, -0.447417, 0.718560, 0.532438, -0.036548, -0.723779, -0.640636, 0.256376, 0.172901, 0.000000, 0.000000, 0.000000, 1.000000, 0.041949, 0.061093, -0.997250, 0.154883, -0.996928, -0.063525, -0.045827, -0.015138, -0.066150, 0.996109, 0.058241, 0.021061, 0.000000, 0.000000, 0.000000, 1.000000
-29.9906, 36.5456, 27.1417, 224.3294, 246.3261, -36.5459, 172.9052, 154.8810, -15.1415, 21.0614, 0.447443, -0.718559, -0.532417, 0.036546, 0.723734, 0.640667, -0.256428, 0.027142, 0.525360, -0.270591, 0.806708, 0.224329, 0.000000, 0.000000, 0.000000, 1.000000, 0.525274, -0.270665, 0.806739, 0.246326, -0.447444, 0.718559, 0.532415, -0.036546, -0.723796, -0.640635, 0.256333, 0.172905, 0.000000, 0.000000, 0.000000, 1.000000, 0.041949, 0.061093, -0.997250, 0.154881, -0.996928, -0.063525, -0.045827, -0.015142, -0.066150, 0.996109, 0.058241, 0.021061, 0.000000, 0.000000, 0.000000, 1.000000
-29.9886, 36.5442, 27.1393, 224.3281, 246.3248, -36.5446, 172.9076, 154.8801, -15.1438, 21.0614, 0.447460, -0.718559, -0.532403, 0.036544, 0.723744, 0.640666, -0.256402, 0.027139, 0.525332, -0.270594, 0.806725, 0.224328, 0.000000, 0.000000, 0.000000, 1.000000, 0.525246, -0.270669, 0.806756, 0.246325, -0.447461, 0.718559, 0.532402, -0.036545, -0.723806, -0.640634, 0.256307, 0.172908, 0.000000, 0.000000, 0.000000, 1.000000, 0.041949, 0.061093, -0.997250, 0.154880, -0.996928, -0.063525, -0.045827, -0.015144, -0.066150, 0.996109, 0.058241, 0.021061, 0.000000, 0.000000, 0.000000, 1.000000
-29.9864, 36.5427, 27.1367, 224.3266, 246.3234, -36.5430, 172.9103, 154.8790, -15.1463, 21.0615, 0.447479, -0.718558, -0.532388, 0.036543, 0.723756, 0.640665, -0.256372, 0.027137, 0.525301, -0.270597, 0.806744, 0.224327, 0.000000, 0.000000, 0.000000, 1.000000, 0.525214, -0.270672, 0.806775, 0.246323, -0.447480, 0.718559, 0.532387, -0.036543, -0.723818, -0.640633, 0.256277, 0.172910, 0.000000, 0.000000, 0.000000, 1.000000, 0.041949, 0.061093, -0.997250, 0.154879, -0.996928, -0.063524, -0.045827, -0.015146, -0.066149, 0.996109, 0.058241, 0.021061, 0.000000, 0.000000, 0.000000, 1.000000
-29.9782, 36.5370, 27.1267, 224.3213, 246.3180, -36.5373, 172.9203, 154.8750, -15.1558, 21.0615, 0.447548, -0.718557, -0.532331, 0.036537, 0.723798, 0.640660, -0.256263, 0.027127, 0.525183, -0.270610, 0.806817, 0.224321, 0.000000, 0.000000, 0.000000, 1.000000, 0.525097, -0.270685, 0.806848, 0.246318, -0.447549, 0.718558, 0.532330, -0.036537, -0.723860, -0.640628, 0.256168, 0.172920, 0.000000, 0.000000, 0.000000, 1.000000, 0.041949, 0.061093, -0.997250, 0.154875, -0.996928, -0.063523, -0.045827, -0.015156, -0.066148, 0.996109, 0.058241, 0.021061, 0.000000, 0.000000, 0.000000, 1.000000
-29.9714, 36.5322, 27.1184, 224.3168, 246.3135, -36.5326, 172.9287, 154.8716, -15.1636, 21.0615, 0.447606, -0.718556, -0.532284, 0.036532, 0.723834, 0.640657, -0.256172, 0.027118, 0.525085, -0.270621, 0.806877, 0.224317, 0.000000, 0.000000, 0.000000, 1.000000, 0.524999, -0.270695, 0.806908, 0.246314, -0.447606, 0.718557, 0.532283, -0.036533, -0.723895, -0.640625, 0.256077, 0.172929, 0.000000, 0.000000, 0.000000, 1.000000, 0.041949, 0.061093, -0.997250, 0.154872, -0.996928, -0.063523, -0.045827, -0.015164, -0.066148, 0.996109, 0.058241, 0.021061, 0.000000, 0.000000, 0.000000, 1.000000
-29.9676, 36.5296, 27.1137, 224.3142, 246.3110, -36.5299, 172.9334, 154.8698, -15.1681, 21.0615, 0.447638, -0.718556, -0.532257, 0.036530, 0.723853, 0.640655, -0.256120, 0.027114, 0.525030, -0.270627, 0.806911, 0.224314, 0.000000, 0.000000, 0.000000, 1.000000, 0.524944, -0.270701, 0.806941, 0.246311, -0.447639, 0.718556, 0.532256, -0.036530, -0.723915, -0.640623, 0.256026, 0.172933, 0.000000, 0.000000, 0.000000, 1.000000, 0.041949, 0.061093, -0.997250, 0.154870, -0.996928, -0.063522, -0.045827, -0.015168, -0.066147, 0.996109, 0.058241, 0.021061, 0.000000, 0.000000, 0.000000, 1.000000
-29.9590, 36.5236, 27.1033, 224.3086, 246.3054, -36.5240, 172.9439, 154.8656, -15.1779, 21.0615, 0.447710, -0.718555, -0.532198, 0.036524, 0.723898, 0.640650, -0.256006, 0.027103, 0.524907, -0.270640, 0.806986, 0.224309, 0.000000, 0.000000, 0.000000, 1.000000, 0.524822, -0.270714, 0.807017, 0.246305, -0.447711, 0.718555, 0.532197, -0.036524, -0.723959, -0.640619, 0.255912, 0.172944, 0.000000, 0.000000, 0.000000, 1.000000, 0.041949, 0.061093, -0.997250, 0.154866, -0.996928, -0.063521, -0.045827, -0.015178, -0.066146, 0.996109, 0.058241, 0.021061, 0.000000, 0.000000, 0.000000, 1.000000
-29.9543, 36.5203, 27.0975, 224.3055, 246.3023, -36.5207, 172.9497, 154.8633, -15.1833, 21.0615, 0.447750, -0.718554, -0.532165, 0.036520, 0.723922, 0.640648, -0.255943, 0.027097, 0.524839, -0.270648, 0.807028, 0.224305, 0.000000, 0.000000, 0.000000, 1.000000, 0.524754, -0.270721, 0.807058, 0.246302, -0.447751, 0.718555, 0.532164, -0.036521, -0.723984, -0.640616, 0.255849, 0.172950, 0.000000, 0.000000, 0.000000, 1.000000, 0.041949, 0.061093, -0.997250, 0.154863, -0.996928, -0.063521, -0.045827, -0.015183, -0.066146, 0.996109, 0.058241, 0.021061, 0.000000, 0.000000, 0.000000, 1.000000
-29.9440, 36.5131, 27.0849, 224.2987, 246.2955, -36.5135, 172.9624, 154.8583, -15.1952, 21.0615, 0.447837, -0.718553, -0.532094, 0.036513, 0.723976, 0.640642, -0.255806, 0.027085, 0.524692, -0.270664, 0.807118, 0.224299, 0.000000, 0.000000, 0.000000, 1.000000, 0.524607, -0.270737, 0.807149, 0.246295, -0.447838, 0.718553, 0.532092, -0.036514, -0.724037, -0.640611, 0.255712, 0.172962, 0.000000, 0.000000, 0.000000, 1.000000, 0.041949, 0.061093, -0.997250, 0.154858, -0.996928, -0.063520, -0.045826, -0.015195, -0.066145, 0.996109, 0.058241, 0.021061, 0.000000, 0.000000, 0.000000, 1.000000
-29.9385, 36.5093, 27.0781, 224.2950, 246.2918, -36.5096, 172.9693, 154.8556, -15.2016, 21.0615, 0.447884, -0.718552, -0.532055, 0.036509, 0.724004, 0.640640, -0.255731, 0.027078, 0.524612, -0.270672, 0.807167, 0.224295, 0.000000, 0.000000, 0.000000, 1.000000, 0.524527, -0.270746, 0.807198, 0.246292, -0.447885, 0.718553, 0.532054, -0.036510, -0.724065, -0.640608, 0.255637, 0.172969, 0.000000, 0.000000, 0.000000, 1.000000, 0.041949, 0.061093, -0.997250, 0.154856, -0.996928, -0.063519, -0.045826, -0.015202, -0.066144, 0.996109, 0.058241, 0.021061, 0.000000, 0.000000, 0.000000, 1.000000
-29.9326, 36.5052, 27.0709, 224.2911, 246.2879, -36.5056, 172.9765, 154.8527, -15.2083, 21.0615, 0.447933, -0.718552, -0.532015, 0.036505, 0.724035, 0.640637, -0.255653, 0.027071, 0.524528, -0.270681, 0.807219, 0.224291, 0.000000, 0.000000, 0.000000, 1.000000, 0.524443, -0.270755, 0.807249, 0.246288, -0.447934, 0.718552, 0.532013, -0.036506, -0.724096, -0.640605, 0.255560, 0.172976, 0.000000, 0.000000, 0.000000, 1.000000, 0.041949, 0.061093, -0.997250, 0.154853, -0.996928, -0.063518, -0.045826, -0.015208, -0.066143, 0.996109, 0.058241, 0.021061, 0.000000, 0.000000, 0.000000, 1.000000
-29.9136, 36.4919, 27.0474, 224.2785, 246.2753, -36.4923, 173.0000, 154.8434, -15.2302, 21.0615, 0.448094, -0.718549, -0.531882, 0.036492, 0.724133, 0.640627, -0.255399, 0.027047, 0.524254, -0.270711, 0.807387, 0.224279, 0.000000, 0.000000, 0.000000, 1.000000, 0.524170, -0.270784, 0.807417, 0.246275, -0.448095, 0.718550, 0.531881, -0.036492, -0.724194, -0.640595, 0.255305, 0.173000, 0.000000, 0.000000, 0.000000, 1.000000, 0.041949, 0.061093, -0.997250, 0.154843, -0.996928, -0.063516, -0.045826, -0.015230, -0.066141, 0.996109, 0.058241, 0.021062, 0.000000, 0.000000, 0.000000, 1.000000
-29.9067, 36.4871, 27.0390, 224.2740, 246.2708, -36.4875, 173.0085, 154.8401, -15.2381, 21.0615, 0.448152, -0.718549, -0.531834, 0.036487, 0.724169, 0.640623, -0.255307, 0.027039, 0.524156, -0.270721, 0.807447, 0.224274, 0.000000, 0.000000, 0.000000, 1.000000, 0.524071, -0.270794, 0.807477, 0.246271, -0.448153, 0.718549, 0.531833, -0.036487, -0.724229, -0.640592, 0.255214, 0.173009, 0.000000, 0.000000, 0.000000, 1.000000, 0.041949, 0.061093, -0.997250, 0.154840, -0.996928, -0.063516, -0.045826, -0.015238, -0.066141, 0.996109, 0.058241, 0.021061, 0.000000, 0.000000, 0.000000, 1.000000
-29.9067, 36.4871, 27.0390, 224.2740, 246.2708, -36.4875, 173.0085, 154.8401, -15.2381, 21.0615, 0.448152, -0.718549, -0.531834, 0.036487, 0.724169, 0.640623, -0.255307, 0.027039, 0.524156, -0.270721, 0.807447, 0.224274, 0.000000, 0.000000, 0.000000, 1.000000, 0.524071, -0.270794, 0.807477, 0.246271, -0.448153, 0.718549, 0.531833, -0.036487, -0.724229, -0.640592, 0.255214, 0.173009, 0.000000, 0.000000, 0.000000, 1.000000, 0.041949, 0.061093, -0.997250, 0.154840, -0.996928, -0.063516, -0.045826, -0.015238, -0.066141, 0.996109, 0.058241, 0.021061, 0.000000, 0.000000, 0.000000, 1.000000
-29.8769, 36.4664, 27.0023, 224.2542, 246.2511, -36.4667, 173.0453, 154.8256, -15.2724, 21.0615, 0.448403, -0.718545, -0.531627, 0.036466, 0.724323, 0.640607, -0.254910, 0.027002, 0.523728, -0.270767, 0.807709, 0.224254, 0.000000, 0.000000, 0.000000, 1.000000, 0.523644, -0.270840, 0.807739, 0.246251, -0.448404, 0.718546, 0.531626, -0.036467, -0.724383, -0.640576, 0.254817, 0.173045, 0.000000, 0.000000, 0.000000, 1.000000, 0.041949, 0.061093, -0.997250, 0.154826, -0.996928, -0.063512, -0.045826, -0.015272, -0.066137, 0.996109, 0.058241, 0.021061, 0.000000, 0.000000, 0.000000, 1.000000
-29.8769, 36.4664, 27.0023, 224.2542, 246.2511, -36.4667, 173.0453, 154.8256, -15.2724, 21.0615, 0.448403, -0.718545, -0.531627, 0.036466, 0.724323, 0.640607, -0.254910, 0.027002, 0.523728, -0.270767, 0.807709, 0.224254, 0.000000, 0.000000, 0.000000, 1.000000, 0.523644, -0.270840, 0.807739, 0.246251, -0.448404, 0.718546, 0.531626, -0.036467, -0.724383, -0.640576, 0.254817, 0.173045, 0.000000, 0.000000, 0.000000, 1.000000, 0.041949, 0.061093, -0.997250, 0.154826, -0.996928, -0.063512, -0.045826, -0.015272, -0.066137, 0.996109, 0.058241, 0.021061, 0.000000, 0.000000, 0.000000, 1.000000
-29.8609, 36.4552, 26.9825, 224.2436, 246.2404, -36.4555, 173.0652, 154.8177, -15.2908, 21.0615, 0.448539, -0.718543, -0.531515, 0.036455, 0.724405, 0.640599, -0.254695, 0.026982, 0.523498, -0.270792, 0.807850, 0.224244, 0.000000, 0.000000, 0.000000, 1.000000, 0.523414, -0.270864, 0.807880, 0.246240, -0.448539, 0.718544, 0.531514, -0.036456, -0.724466, -0.640568, 0.254602, 0.173065, 0.000000, 0.000000, 0.000000, 1.000000, 0.041949, 0.061093, -0.997250, 0.154818, -0.996928, -0.063510, -0.045826, -0.015291, -0.066135, 0.996109, 0.058241, 0.021061, 0.000000, 0.000000, 0.000000, 1.000000
-29.8356, 36.4376, 26.9513, 224.2269, 246.2237, -36.4379, 173.0964, 154.8054, -15.3198, 21.0615, 0.448751, -0.718541, -0.531340, 0.036438, 0.724535, 0.640586, -0.254359, 0.026951, 0.523136, -0.270831, 0.808072, 0.224227, 0.000000, 0.000000, 0.000000, 1.000000, 0.523052, -0.270903, 0.808102, 0.246224, -0.448752, 0.718541, 0.531338, -0.036438, -0.724595, -0.640555, 0.254266, 0.173096, 0.000000, 0.000000, 0.000000, 1.000000, 0.041949, 0.061093, -0.997250, 0.154805, -0.996929, -0.063508, -0.045826, -0.015320, -0.066133, 0.996110, 0.058241, 0.021061, 0.000000, 0.000000, 0.000000, 1.000000
-29.8356, 36.4376, 26.9513, 224.2269, 246.2237, -36.4379, 173.0964, 154.8054, -15.3198, 21.0615, 0.448751, -0.718541, -0.531340, 0.036438, 0.724535, 0.640586, -0.254359, 0.026951, 0.523136, -0.270831, 0.808072, 0.224227, 0.000000, 0.000000, 0.000000, 1.000000, 0.523052, -0.270903, 0.808102, 0.246224, -0.448752, 0.718541, 0.531338, -0.036438, -0.724595, -0.640555, 0.254266, 0.173096, 0.000000, 0.000000, 0.000000, 1.000000, 0.041949, 0.061093, -0.997250, 0.154805, -0.996929, -0.063508, -0.045826, -0.015320, -0.066133, 0.996110, 0.058241, 0.021061, 0.000000, 0.000000, 0.000000, 1.000000
-29.8092, 36.4191, 26.9188, 224.2094, 246.2062, -36.4195, 173.1291, 154.7925, -15.3501, 21.0615, 0.448974, -0.718538, -0.531156, 0.036419, 0.724671, 0.640572, -0.254006, 0.026919, 0.522757, -0.270871, 0.808303, 0.224209, 0.000000, 0.000000, 0.000000, 1.000000, 0.522673, -0.270943, 0.808333, 0.246206, -0.448974, 0.718538, 0.531154, -0.036420, -0.724731, -0.640541, 0.253914, 0.173129, 0.000000, 0.000000, 0.000000, 1.000000, 0.041949, 0.061092, -0.997250, 0.154792, -0.996929, -0.063505, -0.045825, -0.015350, -0.066130, 0.996110, 0.058241, 0.021061, 0.000000, 0.000000, 0.000000, 1.000000
-29.8092, 36.4191, 26.9188, 224.2094, 246.2062, -36.4195, 173.1291, 154.7925, -15.3501, 21.0615, 0.448974, -0.718538, -0.531156, 0.036419, 0.724671, 0.640572, -0.254006, 0.026919, 0.522757, -0.270871, 0.808303, 0.224209, 0.000000, 0.000000, 0.000000, 1.000000, 0.522673, -0.270943, 0.808333, 0.246206, -0.448974, 0.718538, 0.531154, -0.036420, -0.724731, -0.640541, 0.253914, 0.173129, 0.000000, 0.000000, 0.000000, 1.000000, 0.041949, 0.061092, -0.997250, 0.154792, -0.996929, -0.063505, -0.045825, -0.015350, -0.066130, 0.996110, 0.058241, 0.021061, 0.000000, 0.000000, 0.000000, 1.000000
-29.7911, 36.4065, 26.8964, 224.1974, 246.1943, -36.4069, 173.1515, 154.7836, -15.3709, 21.0614, 0.449126, -0.718536, -0.531029, 0.036406, 0.724764, 0.640562, -0.253765, 0.026896, 0.522496, -0.270899, 0.808462, 0.224197, 0.000000, 0.000000, 0.000000, 1.000000, 0.522413, -0.270971, 0.808492, 0.246194, -0.449127, 0.718536, 0.531028, -0.036407, -0.724824, -0.640532, 0.253673, 0.173152, 0.000000, 0.000000, 0.000000, 1.000000, 0.041949, 0.061092, -0.997250, 0.154784, -0.996929, -0.063503, -0.045825, -0.015371, -0.066128, 0.996110, 0.058241, 0.021061, 0.000000, 0.000000, 0.000000, 1.000000
-29.7634, 36.3871, 26.8620, 224.1790, 246.1759, -36.3875, 173.1860, 154.7700, -15.4028, 21.0614, 0.449360, -0.718533, -0.530836, 0.036387, 0.724907, 0.640548, -0.253394, 0.026862, 0.522097, -0.270941, 0.808706, 0.224179, 0.000000, 0.000000, 0.000000, 1.000000, 0.522014, -0.271013, 0.808735, 0.246176, -0.449361, 0.718533, 0.530834, -0.036387, -0.724966, -0.640517, 0.253302, 0.173186, 0.000000, 0.000000, 0.000000, 1.000000, 0.041949, 0.061092, -0.997250, 0.154770, -0.996929, -0.063500, -0.045825, -0.015403, -0.066125, 0.996110, 0.058241, 0.021061, 0.000000, 0.000000, 0.000000, 1.000000
-29.7540, 36.3806, 26.8504, 224.1728, 246.1697, -36.3809, 173.1976, 154.7654, -15.4136, 21.0614, 0.449439, -0.718532, -0.530770, 0.036381, 0.724955, 0.640543, -0.253268, 0.026850, 0.521962, -0.270956, 0.808788, 0.224173, 0.000000, 0.000000, 0.000000, 1.000000, 0.521880, -0.271027, 0.808818, 0.246170, -0.449440, 0.718532, 0.530769, -0.036381, -0.725014, -0.640512, 0.253177, 0.173198, 0.000000, 0.000000, 0.000000, 1.000000, 0.041949, 0.061092, -0.997250, 0.154765, -0.996929, -0.063499, -0.045825, -0.015414, -0.066124, 0.996110, 0.058241, 0.021061, 0.000000, 0.000000, 0.000000, 1.000000
-29.7351, 36.3673, 26.8271, 224.1602, 246.1571, -36.3677, 173.2211, 154.7561, -15.4353, 21.0614, 0.449598, -0.718530, -0.530638, 0.036367, 0.725052, 0.640533, -0.253016, 0.026827, 0.521691, -0.270985, 0.808954, 0.224160, 0.000000, 0.000000, 0.000000, 1.000000, 0.521608, -0.271056, 0.808983, 0.246157, -0.449599, 0.718530, 0.530637, -0.036368, -0.725111, -0.640502, 0.252925, 0.173221, 0.000000, 0.000000, 0.000000, 1.000000, 0.041949, 0.061092, -0.997250, 0.154756, -0.996929, -0.063497, -0.045825, -0.015435, -0.066122, 0.996110, 0.058241, 0.021061, 0.000000, 0.000000, 0.000000, 1.000000
-29.7160, 36.3540, 26.8035, 224.1476, 246.1445, -36.3544, 173.2447, 154.7468, -15.4572, 21.0614, 0.449758, -0.718528, -0.530505, 0.036354, 0.725150, 0.640523, -0.252762, 0.026804, 0.521417, -0.271014, 0.809121, 0.224148, 0.000000, 0.000000, 0.000000, 1.000000, 0.521334, -0.271085, 0.809150, 0.246145, -0.449759, 0.718528, 0.530504, -0.036354, -0.725208, -0.640492, 0.252670, 0.173245, 0.000000, 0.000000, 0.000000, 1.000000, 0.041949, 0.061092, -0.997250, 0.154747, -0.996930, -0.063495, -0.045825, -0.015457, -0.066120, 0.996111, 0.058241, 0.021061, 0.000000, 0.000000, 0.000000, 1.000000
-29.7065, 36.3474, 26.7917, 224.1413, 246.1382, -36.3477, 173.2565, 154.7421, -15.4681, 21.0614, 0.449839, -0.718527, -0.530438, 0.036347, 0.725198, 0.640518, -0.252634, 0.026792, 0.521279, -0.271028, 0.809204, 0.224141, 0.000000, 0.000000, 0.000000, 1.000000, 0.521197, -0.271099, 0.809233, 0.246138, -0.449840, 0.718527, 0.530437, -0.036348, -0.725257, -0.640487, 0.252543, 0.173257, 0.000000, 0.000000, 0.000000, 1.000000, 0.041949, 0.061092, -0.997250, 0.154742, -0.996930, -0.063494, -0.045825, -0.015468, -0.066119, 0.996111, 0.058241, 0.021061, 0.000000, 0.000000, 0.000000, 1.000000
-29.6873, 36.3340, 26.7680, 224.1286, 246.1256, -36.3344, 173.2802, 154.7327, -15.4901, 21.0614, 0.450000, -0.718525, -0.530304, 0.036334, 0.725296, 0.640508, -0.252379, 0.026768, 0.521004, -0.271058, 0.809372, 0.224129, 0.000000, 0.000000, 0.000000, 1.000000, 0.520922, -0.271128, 0.809401, 0.246126, -0.450000, 0.718525, 0.530303, -0.036334, -0.725355, -0.640477, 0.252288, 0.173280, 0.000000, 0.000000, 0.000000, 1.000000, 0.041949, 0.061092, -0.997250, 0.154733, -0.996930, -0.063492, -0.045825, -0.015490, -0.066116, 0.996111, 0.058241, 0.021061, 0.000000, 0.000000, 0.000000, 1.000000
-29.6873, 36.3340, 26.7680, 224.1286, 246.1256, -36.3344, 173.2802, 154.7327, -15.4901, 21.0614, 0.450000, -0.718525, -0.530304, 0.036334, 0.725296, 0.640508, -0.252379, 0.026768, 0.521004, -0.271058, 0.809372, 0.224129, 0.000000, 0.000000, 0.000000, 1.000000, 0.520922, -0.271128, 0.809401, 0.246126, -0.450000, 0.718525, 0.530303, -0.036334, -0.725355, -0.640477, 0.252288, 0.173280, 0.000000, 0.000000, 0.000000, 1.000000, 0.041949, 0.061092, -0.997250, 0.154733, -0.996930, -0.063492, -0.045825, -0.015490, -0.066116, 0.996111, 0.058241, 0.021061, 0.000000, 0.000000, 0.000000, 1.000000
-29.6586, 36.3140, 26.7325, 224.1097, 246.1066, -36.3143, 173.3158, 154.7186, -15.5230, 21.0613, 0.450241, -0.718522, -0.530104, 0.036314, 0.725443, 0.640493, -0.251996, 0.026733, 0.520592, -0.271101, 0.809622, 0.224110, 0.000000, 0.000000, 0.000000, 1.000000, 0.520510, -0.271172, 0.809651, 0.246107, -0.450241, 0.718522, 0.530102, -0.036314, -0.725501, -0.640462, 0.251905, 0.173316, 0.000000, 0.000000, 0.000000, 1.000000, 0.041949, 0.061092, -0.997250, 0.154719, -0.996930, -0.063488, -0.045824, -0.015523, -0.066113, 0.996111, 0.058241, 0.021061, 0.000000, 0.000000, 0.000000, 1.000000
-29.6586, 36.3140, 26.7325, 224.1097, 246.1066, -36.3143, 173.3158, 154.7186, -15.5230, 21.0613, 0.450241, -0.718522, -0.530104, 0.036314, 0.725443, 0.640493, -0.251996, 0.026733, 0.520592, -0.271101, 0.809622, 0.224110, 0.000000, 0.000000, 0.000000, 1.000000, 0.520510, -0.271172, 0.809651, 0.246107, -0.450241, 0.718522, 0.530102, -0.036314, -0.725501, -0.640462, 0.251905, 0.173316, 0.000000, 0.000000, 0.000000, 1.000000, 0.041949, 0.061092, -0.997250, 0.154719, -0.996930, -0.063488, -0.045824, -0.015523, -0.066113, 0.996111, 0.058241, 0.021061, 0.000000, 0.000000, 0.000000, 1.000000
-29.6301, 36.2940, 26.6973, 224.0909, 246.0878, -36.2944, 173.3512, 154.7046, -15.5556, 21.0613, 0.450480, -0.718519, -0.529904, 0.036294, 0.725588, 0.640477, -0.251615, 0.026697, 0.520182, -0.271145, 0.809871, 0.224091, 0.000000, 0.000000, 0.000000, 1.000000, 0.520100, -0.271215, 0.809900, 0.246088, -0.450481, 0.718519, 0.529903, -0.036294, -0.725646, -0.640447, 0.251525, 0.173351, 0.000000, 0.000000, 0.000000, 1.000000, 0.041949, 0.061092, -0.997250, 0.154705, -0.996930, -0.063485, -0.045824, -0.015556, -0.066110, 0.996111, 0.058241, 0.021061, 0.000000, 0.000000, 0.000000, 1.000000
-29.6301, 36.2940, 26.6973, 224.0909, 246.0878, -36.2944, 173.3512, 154.7046, -15.5556, 21.0613, 0.450480, -0.718519, -0.529904, 0.036294, 0.725588, 0.640477, -0.251615, 0.026697, 0.520182, -0.271145, 0.809871, 0.224091, 0.000000, 0.000000, 0.000000, 1.000000, 0.520100, -0.271215, 0.809900, 0.246088, -0.450481, 0.718519, 0.529903, -0.036294, -0.725646, -0.640447, 0.251525, 0.173351, 0.000000, 0.000000, 0.000000, 1.000000, 0.041949, 0.061092, -0.997250, 0.154705, -0.996930, -0.063485, -0.045824, -0.015556, -0.066110, 0.996111, 0.058241, 0.021061, 0.000000, 0.000000, 0.000000, 1.000000
-29.5927, 36.2678, 26.6509, 224.0661, 246.0631, -36.2682, 173.3977, 154.6861, -15.5986, 21.0613, 0.450795, -0.718515, -0.529642, 0.036268, 0.725779, 0.640458, -0.251114, 0.026651, 0.519642, -0.271202, 0.810198, 0.224066, 0.000000, 0.000000, 0.000000, 1.000000, 0.519561, -0.271272, 0.810227, 0.246063, -0.450796, 0.718515, 0.529640, -0.036268, -0.725837, -0.640427, 0.251024, 0.173398, 0.000000, 0.000000, 0.000000, 1.000000, 0.041949, 0.061092, -0.997250, 0.154686, -0.996930, -0.063481, -0.045824, -0.015599, -0.066106, 0.996111, 0.058241, 0.021061, 0.000000, 0.000000, 0.000000, 1.000000
-29.5927, 36.2678, 26.6509, 224.0661, 246.0631, -36.2682, 173.3977, 154.6861, -15.5986, 21.0613, 0.450795, -0.718515, -0.529642, 0.036268, 0.725779, 0.640458, -0.251114, 0.026651, 0.519642, -0.271202, 0.810198, 0.224066, 0.000000, 0.000000, 0.000000, 1.000000, 0.519561, -0.271272, 0.810227, 0.246063, -0.450796, 0.718515, 0.529640, -0.036268, -0.725837, -0.640427, 0.251024, 0.173398, 0.000000, 0.000000, 0.000000, 1.000000, 0.041949, 0.061092, -0.997250, 0.154686, -0.996930, -0.063481, -0.045824, -0.015599, -0.066106, 0.996111, 0.058241, 0.021061, 0.000000, 0.000000, 0.000000, 1.000000
-29.5653, 36.2486, 26.6170, 224.0480, 246.0450, -36.2490, 173.4317, 154.6726, -15.6300, 21.0612, 0.451025, -0.718512, -0.529450, 0.036249, 0.725919, 0.640443, -0.250748, 0.026617, 0.519248, -0.271244, 0.810437, 0.224048, 0.000000, 0.000000, 0.000000, 1.000000, 0.519167, -0.271313, 0.810466, 0.246045, -0.451026, 0.718513, 0.529448, -0.036249, -0.725976, -0.640413, 0.250659, 0.173432, 0.000000, 0.000000, 0.000000, 1.000000, 0.041949, 0.061091, -0.997250, 0.154673, -0.996931, -0.063478, -0.045824, -0.015630, -0.066103, 0.996112, 0.058241, 0.021061, 0.000000, 0.000000, 0.000000, 1.000000
-29.5474, 36.2361, 26.5949, 224.0363, 246.0333, -36.2365, 173.4539, 154.6638, -15.6505, 21.0612, 0.451175, -0.718510, -0.529324, 0.036236, 0.726010, 0.640433, -0.250509, 0.026595, 0.518991, -0.271271, 0.810593, 0.224036, 0.000000, 0.000000, 0.000000, 1.000000, 0.518910, -0.271341, 0.810621, 0.246033, -0.451176, 0.718511, 0.529323, -0.036236, -0.726067, -0.640403, 0.250420, 0.173454, 0.000000, 0.000000, 0.000000, 1.000000, 0.041949, 0.061091, -0.997250, 0.154664, -0.996931, -0.063476, -0.045824, -0.015651, -0.066101, 0.996112, 0.058241, 0.021061, 0.000000, 0.000000, 0.000000, 1.000000
-29.5474, 36.2361, 26.5949, 224.0363, 246.0333, -36.2365, 173.4539, 154.6638, -15.6505, 21.0612, 0.451175, -0.718510, -0.529324, 0.036236, 0.726010, 0.640433, -0.250509, 0.026595, 0.518991, -0.271271, 0.810593, 0.224036, 0.000000, 0.000000, 0.000000, 1.000000, 0.518910, -0.271341, 0.810621, 0.246033, -0.451176, 0.718511, 0.529323, -0.036236, -0.726067, -0.640403, 0.250420, 0.173454, 0.000000, 0.000000, 0.000000, 1.000000, 0.041949, 0.061091, -0.997250, 0.154664, -0.996931, -0.063476, -0.045824, -0.015651, -0.066101, 0.996112, 0.058241, 0.021061, 0.000000, 0.000000, 0.000000, 1.000000
-29.5298, 36.2238, 26.5731, 224.0247, 246.0217, -36.2242, 173.4757, 154.6551, -15.6706, 21.0612, 0.451322, -0.718509, -0.529201, 0.036224, 0.726099, 0.640424, -0.250275, 0.026573, 0.518738, -0.271298, 0.810746, 0.224025, 0.000000, 0.000000, 0.000000, 1.000000, 0.518657, -0.271367, 0.810774, 0.246022, -0.451323, 0.718509, 0.529200, -0.036224, -0.726156, -0.640394, 0.250186, 0.173476, 0.000000, 0.000000, 0.000000, 1.000000, 0.041949, 0.061091, -0.997250, 0.154655, -0.996931, -0.063474, -0.045824, -0.015671, -0.066099, 0.996112, 0.058241, 0.021061, 0.000000, 0.000000, 0.000000, 1.000000
-29.5041, 36.2058, 26.5413, 224.0078, 246.0048, -36.2062, 173.5076, 154.6423, -15.7001, 21.0611, 0.451538, -0.718506, -0.529020, 0.036206, 0.726230, 0.640410, -0.249931, 0.026541, 0.518367, -0.271337, 0.810970, 0.224008, 0.000000, 0.000000, 0.000000, 1.000000, 0.518286, -0.271406, 0.810998, 0.246005, -0.451539, 0.718506, 0.529019, -0.036206, -0.726286, -0.640380, 0.249842, 0.173508, 0.000000, 0.000000, 0.000000, 1.000000, 0.041949, 0.061091, -0.997250, 0.154642, -0.996931, -0.063471, -0.045823, -0.015700, -0.066096, 0.996112, 0.058241, 0.021061, 0.000000, 0.000000, 0.000000, 1.000000
-29.4957, 36.1999, 26.5308, 224.0022, 245.9993, -36.2003, 173.5181, 154.6382, -15.7098, 21.0611, 0.451609, -0.718505, -0.528961, 0.036200, 0.726272, 0.640406, -0.249818, 0.026531, 0.518245, -0.271350, 0.811043, 0.224002, 0.000000, 0.000000, 0.000000, 1.000000, 0.518165, -0.271419, 0.811071, 0.245999, -0.451609, 0.718506, 0.528960, -0.036200, -0.726329, -0.640376, 0.249729, 0.173518, 0.000000, 0.000000, 0.000000, 1.000000, 0.041949, 0.061091, -0.997250, 0.154638, -0.996931, -0.063471, -0.045823, -0.015710, -0.066095, 0.996112, 0.058241, 0.021061, 0.000000, 0.000000, 0.000000, 1.000000
-29.4790, 36.1882, 26.5102, 223.9913, 245.9883, -36.1886, 173.5388, 154.6299, -15.7289, 21.0611, 0.451748, -0.718504, -0.528844, 0.036188, 0.726357, 0.640397, -0.249595, 0.026510, 0.518005, -0.271375, 0.811188, 0.223991, 0.000000, 0.000000, 0.000000, 1.000000, 0.517925, -0.271444, 0.811216, 0.245988, -0.451749, 0.718504, 0.528843, -0.036189, -0.726413, -0.640367, 0.249506, 0.173539, 0.000000, 0.000000, 0.000000, 1.000000, 0.041949, 0.061091, -0.997250, 0.154630, -0.996931, -0.063469, -0.045823, -0.015729, -0.066094, 0.996112, 0.058241, 0.021061, 0.000000, 0.000000, 0.000000, 1.000000
-29.4790, 36.1882, 26.5102, 223.9913, 245.9883, -36.1886, 173.5388, 154.6299, -15.7289, 21.0611, 0.451748, -0.718504, -0.528844, 0.036188, 0.726357, 0.640397, -0.249595, 0.026510, 0.518005, -0.271375, 0.811188, 0.223991, 0.000000, 0.000000, 0.000000, 1.000000, 0.517925, -0.271444, 0.811216, 0.245988, -0.451749, 0.718504, 0.528843, -0.036189, -0.726413, -0.640367, 0.249506, 0.173539, 0.000000, 0.000000, 0.000000, 1.000000, 0.041949, 0.061091, -0.997250, 0.154630, -0.996931, -0.063469, -0.045823, -0.015729, -0.066094, 0.996112, 0.058241, 0.021061, 0.000000, 0.000000, 0.000000, 1.000000
-29.4626, 36.1767, 26.4899, 223.9805, 245.9775, -36.1771, 173.5592, 154.6218, -15.7477, 21.0611, 0.451886, -0.718502, -0.528729, 0.036177, 0.726440, 0.640388, -0.249375, 0.026490, 0.517768, -0.271400, 0.811331, 0.223980, 0.000000, 0.000000, 0.000000, 1.000000, 0.517688, -0.271469, 0.811359, 0.245978, -0.451887, 0.718502, 0.528727, -0.036177, -0.726497, -0.640358, 0.249287, 0.173559, 0.000000, 0.000000, 0.000000, 1.000000, 0.041949, 0.061091, -0.997250, 0.154622, -0.996931, -0.063467, -0.045823, -0.015748, -0.066092, 0.996112, 0.058241, 0.021061, 0.000000, 0.000000, 0.000000, 1.000000
-29.4464, 36.1654, 26.4698, 223.9698, 245.9669, -36.1657, 173.5793, 154.6137, -15.7663, 21.0611, 0.452022, -0.718500, -0.528615, 0.036165, 0.726522, 0.640379, -0.249159, 0.026470, 0.517534, -0.271425, 0.811472, 0.223970, 0.000000, 0.000000, 0.000000, 1.000000, 0.517455, -0.271494, 0.811500, 0.245967, -0.452022, 0.718501, 0.528613, -0.036166, -0.726578, -0.640350, 0.249070, 0.173579, 0.000000, 0.000000, 0.000000, 1.000000, 0.041949, 0.061091, -0.997250, 0.154614, -0.996932, -0.063465, -0.045823, -0.015766, -0.066090, 0.996112, 0.058241, 0.021061, 0.000000, 0.000000, 0.000000, 1.000000
-29.4304, 36.1541, 26.4500, 223.9594, 245.9564, -36.1545, 173.5991, 154.6058, -15.7846, 21.0611, 0.452155, -0.718499, -0.528502, 0.036154, 0.726603, 0.640371, -0.248945, 0.026450, 0.517304, -0.271450, 0.811611, 0.223959, 0.000000, 0.000000, 0.000000, 1.000000, 0.517225, -0.271518, 0.811638, 0.245956, -0.452156, 0.718499, 0.528501, -0.036155, -0.726659, -0.640341, 0.248857, 0.173599, 0.000000, 0.000000, 0.000000, 1.000000, 0.041949, 0.061091, -0.997250, 0.154606, -0.996932, -0.063463, -0.045823, -0.015785, -0.066088, 0.996113, 0.058241, 0.021061, 0.000000, 0.000000, 0.000000, 1.000000
-29.4146, 36.1431, 26.4305, 223.9490, 245.9461, -36.1434, 173.6187, 154.5980, -15.8026, 21.0610, 0.452287, -0.718497, -0.528392, 0.036143, 0.726683, 0.640362, -0.248734, 0.026431, 0.517077, -0.271474, 0.811747, 0.223949, 0.000000, 0.000000, 0.000000, 1.000000, 0.516997, -0.271542, 0.811775, 0.245946, -0.452288, 0.718498, 0.528390, -0.036143, -0.726739, -0.640333, 0.248646, 0.173619, 0.000000, 0.000000, 0.000000, 1.000000, 0.041949, 0.061091, -0.997250, 0.154598, -0.996932, -0.063462, -0.045823, -0.015803, -0.066087, 0.996113, 0.058241, 0.021061, 0.000000, 0.000000, 0.000000, 1.000000
-29.4068, 36.1376, 26.4209, 223.9439, 245.9410, -36.1380, 173.6284, 154.5941, -15.8116, 21.0610, 0.452353, -0.718497, -0.528337, 0.036138, 0.726722, 0.640358, -0.248629, 0.026421, 0.516964, -0.271486, 0.811815, 0.223944, 0.000000, 0.000000, 0.000000, 1.000000, 0.516885, -0.271554, 0.811843, 0.245941, -0.452354, 0.718497, 0.528335, -0.036138, -0.726778, -0.640328, 0.248542, 0.173628, 0.000000, 0.000000, 0.000000, 1.000000, 0.041949, 0.061091, -0.997250, 0.154594, -0.996932, -0.063461, -0.045823, -0.015812, -0.066086, 0.996113, 0.058241, 0.021061, 0.000000, 0.000000, 0.000000, 1.000000
-29.3913, 36.1267, 26.4017, 223.9338, 245.9309, -36.1271, 173.6477, 154.5864, -15.8293, 21.0610, 0.452483, -0.718495, -0.528228, 0.036127, 0.726801, 0.640349, -0.248422, 0.026402, 0.516740, -0.271509, 0.811950, 0.223934, 0.000000, 0.000000, 0.000000, 1.000000, 0.516661, -0.271577, 0.811977, 0.245931, -0.452483, 0.718496, 0.528226, -0.036127, -0.726856, -0.640320, 0.248335, 0.173648, 0.000000, 0.000000, 0.000000, 1.000000, 0.041949, 0.061091, -0.997250, 0.154586, -0.996932, -0.063459, -0.045823, -0.015829, -0.066084, 0.996113, 0.058241, 0.021061, 0.000000, 0.000000, 0.000000, 1.000000
-29.3836, 36.1213, 26.3921, 223.9287, 245.9258, -36.1217, 173.6572, 154.5825, -15.8381, 21.0610, 0.452547, -0.718494, -0.528173, 0.036121, 0.726839, 0.640345, -0.248319, 0.026392, 0.516629, -0.271521, 0.812016, 0.223929, 0.000000, 0.000000, 0.000000, 1.000000, 0.516550, -0.271589, 0.812044, 0.245926, -0.452548, 0.718495, 0.528172, -0.036122, -0.726895, -0.640316, 0.248232, 0.173657, 0.000000, 0.000000, 0.000000, 1.000000, 0.041949, 0.061091, -0.997250, 0.154583, -0.996932, -0.063458, -0.045823, -0.015838, -0.066083, 0.996113, 0.058241, 0.021061, 0.000000, 0.000000, 0.000000, 1.000000
-29.3683, 36.1106, 26.3732, 223.9188, 245.9159, -36.1110, 173.6762, 154.5749, -15.8556, 21.0610, 0.452675, -0.718493, -0.528066, 0.036111, 0.726917, 0.640337, -0.248115, 0.026373, 0.516409, -0.271545, 0.812149, 0.223919, 0.000000, 0.000000, 0.000000, 1.000000, 0.516330, -0.271612, 0.812176, 0.245916, -0.452676, 0.718493, 0.528064, -0.036111, -0.726972, -0.640308, 0.248027, 0.173676, 0.000000, 0.000000, 0.000000, 1.000000, 0.041949, 0.061091, -0.997250, 0.154575, -0.996932, -0.063457, -0.045823, -0.015856, -0.066081, 0.996113, 0.058241, 0.021061, 0.000000, 0.000000, 0.000000, 1.000000
-29.3532, 36.0999, 26.3544, 223.9088, 245.9060, -36.1003, 173.6950, 154.5674, -15.8730, 21.0610, 0.452802, -0.718491, -0.527959, 0.036100, 0.726993, 0.640329, -0.247911, 0.026354, 0.516190, -0.271568, 0.812280, 0.223909, 0.000000, 0.000000, 0.000000, 1.000000, 0.516111, -0.271635, 0.812308, 0.245906, -0.452803, 0.718492, 0.527958, -0.036100, -0.727048, -0.640300, 0.247824, 0.173695, 0.000000, 0.000000, 0.000000, 1.000000, 0.041949, 0.061091, -0.997250, 0.154567, -0.996932, -0.063455, -0.045823, -0.015873, -0.066080, 0.996113, 0.058241, 0.021061, 0.000000, 0.000000, 0.000000, 1.000000
-29.3381, 36.0893, 26.3358, 223.8990, 245.8961, -36.0897, 173.7138, 154.5599, -15.8903, 21.0609, 0.452928, -0.718490, -0.527853, 0.036089, 0.727069, 0.640321, -0.247709, 0.026336, 0.515972, -0.271591, 0.812411, 0.223899, 0.000000, 0.000000, 0.000000, 1.000000, 0.515893, -0.271658, 0.812438, 0.245896, -0.452929, 0.718490, 0.527851, -0.036090, -0.727124, -0.640292, 0.247623, 0.173714, 0.000000, 0.000000, 0.000000, 1.000000, 0.041949, 0.061091, -0.997250, 0.154560, -0.996932, -0.063453, -0.045822, -0.015890, -0.066078, 0.996113, 0.058241, 0.021061, 0.000000, 0.000000, 0.000000, 1.000000
