# Joint_5_Angle(deg), Cam_X(mm), Cam_Y(mm), Cam_Z(mm), Torso_X(mm), Torso_Y(mm), Torso_Z(mm), EE_X(mm), EE_Y(mm), EE_Z(mm), T_cam2marker_flat(16), T_torso2marker_flat(16), T_ee2marker_flat(16)
-29.9985, -25.5333, 17.9279, 144.7349, 166.7298, 25.5331, 182.1038, 143.0623, -41.5238, -4.3936, 0.638419, -0.755147, 0.148910, -0.025533, 0.769578, 0.622986, -0.140136, 0.017928, 0.013054, 0.204064, 0.978871, 0.144735, 0.000000, 0.000000, 0.000000, 1.000000, 0.012831, 0.203885, 0.978911, 0.166730, -0.638419, 0.755146, -0.148912, 0.025533, -0.769582, -0.623045, 0.139853, 0.182104, 0.000000, 0.000000, 0.000000, 1.000000, 0.037310, 0.062000, -0.997379, 0.143062, -0.995573, -0.083853, -0.042455, -0.041524, -0.086265, 0.994547, 0.058597, -0.004394, 0.000000, 0.000000, 0.000000, 1.000000
-29.9985, -25.5333, 17.9279, 144.7349, 166.7298, 25.5331, 182.1038, 143.0623, -41.5238, -4.3936, 0.638419, -0.755147, 0.148910, -0.025533, 0.769578, 0.622986, -0.140136, 0.017928, 0.013054, 0.204064, 0.978871, 0.144735, 0.000000, 0.000000, 0.000000, 1.000000, 0.012831, 0.203885, 0.978911, 0.166730, -0.638419, 0.755146, -0.148912, 0.025533, -0.769582, -0.623045, 0.139853, 0.182104, 0.000000, 0.000000, 0.000000, 1.000000, 0.037310, 0.062000, -0.997379, 0.143062, -0.995573, -0.083853, -0.042455, -0.041524, -0.086265, 0.994547, 0.058597, -0.004394, 0.000000, 0.000000, 0.000000, 1.000000
-29.9991, -25.5356, 17.9233, 144.7304, 166.7253, 25.5353, 182.1082, 143.0633, -41.5227, -4.3945, 0.638425, -0.755141, 0.148917, -0.025536, 0.769573, 0.622986, -0.140162, 0.017923, 0.013069, 0.204086, 0.978866, 0.144730, 0.000000, 0.000000, 0.000000, 1.000000, 0.012845, 0.203907, 0.978906, 0.166725, -0.638425, 0.755140, -0.148919, 0.025535, -0.769577, -0.623045, 0.139879, 0.182108, 0.000000, 0.000000, 0.000000, 1.000000, 0.037309, 0.062001, -0.997379, 0.143063, -0.995573, -0.083853, -0.042454, -0.041523, -0.086266, 0.994547, 0.058598, -0.004394, 0.000000, 0.000000, 0.000000, 1.000000
-29.9992, -25.5360, 17.9225, 144.7296, 166.7244, 25.5357, 182.1091, 143.0635, -41.5225, -4.3947, 0.638426, -0.755140, 0.148919, -0.025536, 0.769572, 0.622986, -0.140167, 0.017922, 0.013072, 0.204090, 0.978865, 0.144730, 0.000000, 0.000000, 0.000000, 1.000000, 0.012848, 0.203911, 0.978905, 0.166724, -0.638426, 0.755139, -0.148920, 0.025536, -0.769576, -0.623045, 0.139884, 0.182109, 0.000000, 0.000000, 0.000000, 1.000000, 0.037309, 0.062001, -0.997379, 0.143063, -0.995573, -0.083853, -0.042454, -0.041523, -0.086266, 0.994547, 0.058598, -0.004395, 0.000000, 0.000000, 0.000000, 1.000000
-29.9996, -25.5372, 17.9200, 144.7271, 166.7220, 25.5370, 182.1114, 143.0640, -41.5220, -4.3952, 0.638429, -0.755136, 0.148923, -0.025537, 0.769570, 0.622986, -0.140182, 0.017920, 0.013079, 0.204102, 0.978862, 0.144727, 0.000000, 0.000000, 0.000000, 1.000000, 0.012855, 0.203923, 0.978902, 0.166722, -0.638429, 0.755136, -0.148925, 0.025537, -0.769573, -0.623045, 0.139898, 0.182111, 0.000000, 0.000000, 0.000000, 1.000000, 0.037309, 0.062001, -0.997379, 0.143064, -0.995573, -0.083854, -0.042454, -0.041522, -0.086266, 0.994547, 0.058598, -0.004395, 0.000000, 0.000000, 0.000000, 1.000000
-29.9996, -25.5372, 17.9200, 144.7271, 166.7220, 25.5370, 182.1114, 143.0640, -41.5220, -4.3952, 0.638429, -0.755136, 0.148923, -0.025537, 0.769570, 0.622986, -0.140182, 0.017920, 0.013079, 0.204102, 0.978862, 0.144727, 0.000000, 0.000000, 0.000000, 1.000000, 0.012855, 0.203923, 0.978902, 0.166722, -0.638429, 0.755136, -0.148925, 0.025537, -0.769573, -0.623045, 0.139898, 0.182111, 0.000000, 0.000000, 0.000000, 1.000000, 0.037309, 0.062001, -0.997379, 0.143064, -0.995573, -0.083854, -0.042454, -0.041522, -0.086266, 0.994547, 0.058598, -0.004395, 0.000000, 0.000000, 0.000000, 1.000000
-29.9998, -25.5384, 17.9178, 144.7249, 166.7198, 25.5381, 182.1136, 143.0645, -41.5215, -4.3956, 0.638432, -0.755133, 0.148926, -0.025538, 0.769567, 0.622986, -0.140194, 0.017918, 0.013086, 0.204113, 0.978860, 0.144725, 0.000000, 0.000000, 0.000000, 1.000000, 0.012862, 0.203934, 0.978900, 0.166720, -0.638432, 0.755133, -0.148928, 0.025538, -0.769571, -0.623046, 0.139910, 0.182114, 0.000000, 0.000000, 0.000000, 1.000000, 0.037309, 0.062001, -0.997379, 0.143064, -0.995573, -0.083854, -0.042454, -0.041521, -0.086266, 0.994547, 0.058598, -0.004396, 0.000000, 0.000000, 0.000000, 1.000000
-29.9999, -25.5389, 17.9164, 144.7238, 166.7186, 25.5387, 182.1150, 143.0647, -41.5212, -4.3958, 0.638434, -0.755131, 0.148928, -0.025539, 0.769565, 0.622987, -0.140201, 0.017916, 0.013090, 0.204119, 0.978859, 0.144724, 0.000000, 0.000000, 0.000000, 1.000000, 0.012866, 0.203939, 0.978899, 0.166719, -0.638434, 0.755131, -0.148929, 0.025539, -0.769569, -0.623046, 0.139917, 0.182115, 0.000000, 0.000000, 0.000000, 1.000000, 0.037309, 0.062001, -0.997379, 0.143065, -0.995573, -0.083854, -0.042454, -0.041521, -0.086267, 0.994547, 0.058598, -0.004396, 0.000000, 0.000000, 0.000000, 1.000000
-29.9999, -25.5392, 17.9150, 144.7230, 166.7178, 25.5390, 182.1164, 143.0650, -41.5210, -4.3958, 0.638436, -0.755130, 0.148927, -0.025539, 0.769564, 0.622988, -0.140206, 0.017915, 0.013094, 0.204121, 0.978858, 0.144723, 0.000000, 0.000000, 0.000000, 1.000000, 0.012869, 0.203942, 0.978898, 0.166718, -0.638436, 0.755129, -0.148929, 0.025539, -0.769568, -0.623047, 0.139921, 0.182116, 0.000000, 0.000000, 0.000000, 1.000000, 0.037309, 0.062001, -0.997379, 0.143065, -0.995573, -0.083854, -0.042454, -0.041521, -0.086267, 0.994547, 0.058598, -0.004396, 0.000000, 0.000000, 0.000000, 1.000000
-29.9996, -25.5391, 17.9134, 144.7227, 166.7175, 25.5389, 182.1180, 143.0651, -41.5208, -4.3956, 0.638437, -0.755129, 0.148923, -0.025539, 0.769562, 0.622989, -0.140208, 0.017913, 0.013097, 0.204120, 0.978858, 0.144723, 0.000000, 0.000000, 0.000000, 1.000000, 0.012873, 0.203940, 0.978899, 0.166717, -0.638437, 0.755129, -0.148925, 0.025539, -0.769566, -0.623049, 0.139923, 0.182118, 0.000000, 0.000000, 0.000000, 1.000000, 0.037309, 0.062001, -0.997379, 0.143065, -0.995573, -0.083854, -0.042454, -0.041521, -0.086266, 0.994547, 0.058598, -0.004396, 0.000000, 0.000000, 0.000000, 1.000000
-29.9996, -25.5391, 17.9134, 144.7227, 166.7175, 25.5389, 182.1180, 143.0651, -41.5208, -4.3956, 0.638437, -0.755129, 0.148923, -0.025539, 0.769562, 0.622989, -0.140208, 0.017913, 0.013097, 0.204120, 0.978858, 0.144723, 0.000000, 0.000000, 0.000000, 1.000000, 0.012873, 0.203940, 0.978899, 0.166717, -0.638437, 0.755129, -0.148925, 0.025539, -0.769566, -0.623049, 0.139923, 0.182118, 0.000000, 0.000000, 0.000000, 1.000000, 0.037309, 0.062001, -0.997379, 0.143065, -0.995573, -0.083854, -0.042454, -0.041521, -0.086266, 0.994547, 0.058598, -0.004396, 0.000000, 0.000000, 0.000000, 1.000000
-29.9986, -25.5378, 17.9105, 144.7236, 166.7184, 25.5376, 182.1209, 143.0652, -41.5205, -4.3947, 0.638440, -0.755130, 0.148909, -0.025538, 0.769560, 0.622993, -0.140203, 0.017910, 0.013102, 0.204106, 0.978861, 0.144724, 0.000000, 0.000000, 0.000000, 1.000000, 0.012878, 0.203926, 0.978902, 0.166718, -0.638440, 0.755129, -0.148911, 0.025538, -0.769564, -0.623052, 0.139919, 0.182121, 0.000000, 0.000000, 0.000000, 1.000000, 0.037309, 0.062002, -0.997378, 0.143065, -0.995573, -0.083853, -0.042454, -0.041521, -0.086266, 0.994547, 0.058599, -0.004395, 0.000000, 0.000000, 0.000000, 1.000000
-29.9986, -25.5378, 17.9105, 144.7236, 166.7184, 25.5376, 182.1209, 143.0652, -41.5205, -4.3947, 0.638440, -0.755130, 0.148909, -0.025538, 0.769560, 0.622993, -0.140203, 0.017910, 0.013102, 0.204106, 0.978861, 0.144724, 0.000000, 0.000000, 0.000000, 1.000000, 0.012878, 0.203926, 0.978902, 0.166718, -0.638440, 0.755129, -0.148911, 0.025538, -0.769564, -0.623052, 0.139919, 0.182121, 0.000000, 0.000000, 0.000000, 1.000000, 0.037309, 0.062002, -0.997378, 0.143065, -0.995573, -0.083853, -0.042454, -0.041521, -0.086266, 0.994547, 0.058599, -0.004395, 0.000000, 0.000000, 0.000000, 1.000000
-29.9966, -25.5347, 17.9066, 144.7266, 166.7214, 25.5344, 182.1247, 143.0651, -41.5205, -4.3929, 0.638442, -0.755133, 0.148881, -0.025535, 0.769558, 0.622999, -0.140188, 0.017907, 0.013108, 0.204074, 0.978868, 0.144727, 0.000000, 0.000000, 0.000000, 1.000000, 0.012883, 0.203894, 0.978908, 0.166721, -0.638442, 0.755133, -0.148883, 0.025534, -0.769562, -0.623058, 0.139903, 0.182125, 0.000000, 0.000000, 0.000000, 1.000000, 0.037309, 0.062002, -0.997378, 0.143065, -0.995573, -0.083852, -0.042455, -0.041520, -0.086264, 0.994547, 0.058599, -0.004393, 0.000000, 0.000000, 0.000000, 1.000000
-29.9966, -25.5347, 17.9066, 144.7266, 166.7214, 25.5344, 182.1247, 143.0651, -41.5205, -4.3929, 0.638442, -0.755133, 0.148881, -0.025535, 0.769558, 0.622999, -0.140188, 0.017907, 0.013108, 0.204074, 0.978868, 0.144727, 0.000000, 0.000000, 0.000000, 1.000000, 0.012883, 0.203894, 0.978908, 0.166721, -0.638442, 0.755133, -0.148883, 0.025534, -0.769562, -0.623058, 0.139903, 0.182125, 0.000000, 0.000000, 0.000000, 1.000000, 0.037309, 0.062002, -0.997378, 0.143065, -0.995573, -0.083852, -0.042455, -0.041520, -0.086264, 0.994547, 0.058599, -0.004393, 0.000000, 0.000000, 0.000000, 1.000000
-29.9932, -25.5293, 17.9014, 144.7323, 166.7271, 25.5290, 182.1299, 143.0648, -41.5205, -4.3898, 0.638445, -0.755140, 0.148835, -0.025529, 0.769556, 0.623008, -0.140157, 0.017901, 0.013113, 0.204019, 0.978879, 0.144732, 0.000000, 0.000000, 0.000000, 1.000000, 0.012888, 0.203840, 0.978919, 0.166727, -0.638445, 0.755140, -0.148837, 0.025529, -0.769560, -0.623068, 0.139873, 0.182130, 0.000000, 0.000000, 0.000000, 1.000000, 0.037311, 0.062002, -0.997378, 0.143065, -0.995574, -0.083849, -0.042455, -0.041521, -0.086262, 0.994548, 0.058599, -0.004390, 0.000000, 0.000000, 0.000000, 1.000000
-29.9902, -25.5242, 17.8970, 144.7378, 166.7326, 25.5239, 182.1343, 143.0645, -41.5207, -4.3870, 0.638446, -0.755147, 0.148792, -0.025524, 0.769555, 0.623017, -0.140128, 0.017897, 0.013117, 0.203968, 0.978890, 0.144738, 0.000000, 0.000000, 0.000000, 1.000000, 0.012892, 0.203788, 0.978930, 0.166733, -0.638446, 0.755147, -0.148794, 0.025524, -0.769558, -0.623076, 0.139843, 0.182134, 0.000000, 0.000000, 0.000000, 1.000000, 0.037312, 0.062002, -0.997378, 0.143064, -0.995574, -0.083847, -0.042456, -0.041521, -0.086260, 0.994548, 0.058599, -0.004387, 0.000000, 0.000000, 0.000000, 1.000000
-29.9902, -25.5242, 17.8970, 144.7378, 166.7326, 25.5239, 182.1343, 143.0645, -41.5207, -4.3870, 0.638446, -0.755147, 0.148792, -0.025524, 0.769555, 0.623017, -0.140128, 0.017897, 0.013117, 0.203968, 0.978890, 0.144738, 0.000000, 0.000000, 0.000000, 1.000000, 0.012892, 0.203788, 0.978930, 0.166733, -0.638446, 0.755147, -0.148794, 0.025524, -0.769558, -0.623076, 0.139843, 0.182134, 0.000000, 0.000000, 0.000000, 1.000000, 0.037312, 0.062002, -0.997378, 0.143064, -0.995574, -0.083847, -0.042456, -0.041521, -0.086260, 0.994548, 0.058599, -0.004387, 0.000000, 0.000000, 0.000000, 1.000000
-29.9841, -25.5140, 17.8888, 144.7490, 166.7438, 25.5137, 182.1426, 143.0637, -41.5210, -4.3814, 0.638449, -0.755162, 0.148708, -0.025514, 0.769553, 0.623032, -0.140069, 0.017889, 0.013124, 0.203866, 0.978911, 0.144749, 0.000000, 0.000000, 0.000000, 1.000000, 0.012900, 0.203686, 0.978951, 0.166744, -0.638449, 0.755161, -0.148710, 0.025514, -0.769556, -0.623092, 0.139784, 0.182143, 0.000000, 0.000000, 0.000000, 1.000000, 0.037314, 0.062002, -0.997378, 0.143064, -0.995574, -0.083843, -0.042458, -0.041521, -0.086255, 0.994548, 0.058599, -0.004381, 0.000000, 0.000000, 0.000000, 1.000000
-29.9816, -25.5099, 17.8856, 144.7535, 166.7484, 25.5096, 182.1458, 143.0634, -41.5212, -4.3791, 0.638449, -0.755168, 0.148675, -0.025510, 0.769552, 0.623039, -0.140045, 0.017886, 0.013127, 0.203824, 0.978919, 0.144754, 0.000000, 0.000000, 0.000000, 1.000000, 0.012902, 0.203644, 0.978960, 0.166748, -0.638449, 0.755167, -0.148676, 0.025510, -0.769556, -0.623098, 0.139760, 0.182146, 0.000000, 0.000000, 0.000000, 1.000000, 0.037314, 0.062002, -0.997378, 0.143063, -0.995574, -0.083841, -0.042459, -0.041521, -0.086254, 0.994548, 0.058599, -0.004379, 0.000000, 0.000000, 0.000000, 1.000000
-29.9790, -25.5053, 17.8821, 144.7585, 166.7534, 25.5051, 182.1493, 143.0630, -41.5214, -4.3767, 0.638450, -0.755174, 0.148638, -0.025505, 0.769551, 0.623046, -0.140018, 0.017882, 0.013130, 0.203779, 0.978929, 0.144759, 0.000000, 0.000000, 0.000000, 1.000000, 0.012905, 0.203599, 0.978969, 0.166753, -0.638450, 0.755174, -0.148640, 0.025505, -0.769555, -0.623105, 0.139734, 0.182149, 0.000000, 0.000000, 0.000000, 1.000000, 0.037315, 0.062002, -0.997378, 0.143063, -0.995574, -0.083839, -0.042460, -0.041521, -0.086252, 0.994549, 0.058599, -0.004377, 0.000000, 0.000000, 0.000000, 1.000000
-29.9761, -25.5004, 17.8783, 144.7640, 166.7588, 25.5002, 182.1531, 143.0626, -41.5216, -4.3740, 0.638451, -0.755182, 0.148598, -0.025500, 0.769551, 0.623053, -0.139989, 0.017878, 0.013133, 0.203730, 0.978939, 0.144764, 0.000000, 0.000000, 0.000000, 1.000000, 0.012908, 0.203550, 0.978979, 0.166759, -0.638451, 0.755181, -0.148599, 0.025500, -0.769554, -0.623112, 0.139705, 0.182153, 0.000000, 0.000000, 0.000000, 1.000000, 0.037316, 0.062002, -0.997378, 0.143063, -0.995574, -0.083837, -0.042461, -0.041522, -0.086250, 0.994549, 0.058599, -0.004374, 0.000000, 0.000000, 0.000000, 1.000000
-29.9660, -25.4832, 17.8653, 144.7831, 166.7779, 25.4830, 182.1660, 143.0612, -41.5223, -4.3646, 0.638453, -0.755207, 0.148458, -0.025483, 0.769548, 0.623078, -0.139888, 0.017865, 0.013143, 0.203558, 0.978975, 0.144783, 0.000000, 0.000000, 0.000000, 1.000000, 0.012919, 0.203378, 0.979015, 0.166778, -0.638453, 0.755207, -0.148460, 0.025483, -0.769552, -0.623138, 0.139604, 0.182166, 0.000000, 0.000000, 0.000000, 1.000000, 0.037320, 0.062002, -0.997378, 0.143061, -0.995575, -0.083829, -0.042464, -0.041522, -0.086242, 0.994549, 0.058600, -0.004365, 0.000000, 0.000000, 0.000000, 1.000000
-29.9621, -25.4767, 17.8605, 144.7904, 166.7852, 25.4764, 182.1709, 143.0607, -41.5226, -4.3611, 0.638454, -0.755217, 0.148405, -0.025477, 0.769548, 0.623088, -0.139849, 0.017860, 0.013147, 0.203492, 0.978988, 0.144790, 0.000000, 0.000000, 0.000000, 1.000000, 0.012923, 0.203312, 0.979029, 0.166785, -0.638454, 0.755216, -0.148407, 0.025476, -0.769551, -0.623147, 0.139565, 0.182171, 0.000000, 0.000000, 0.000000, 1.000000, 0.037321, 0.062002, -0.997378, 0.143061, -0.995575, -0.083827, -0.042465, -0.041523, -0.086240, 0.994550, 0.058600, -0.004361, 0.000000, 0.000000, 0.000000, 1.000000
-29.9538, -25.4615, 17.8542, 144.8089, 166.8038, 25.4613, 182.1771, 143.0587, -41.5240, -4.3529, 0.638453, -0.755240, 0.148291, -0.025462, 0.769549, 0.623110, -0.139748, 0.017854, 0.013142, 0.203340, 0.979020, 0.144809, 0.000000, 0.000000, 0.000000, 1.000000, 0.012917, 0.203160, 0.979060, 0.166804, -0.638453, 0.755240, -0.148293, 0.025461, -0.769552, -0.623169, 0.139464, 0.182177, 0.000000, 0.000000, 0.000000, 1.000000, 0.037324, 0.062002, -0.997378, 0.143059, -0.995576, -0.083820, -0.042467, -0.041524, -0.086234, 0.994550, 0.058599, -0.004353, 0.000000, 0.000000, 0.000000, 1.000000
-29.9445, -25.4448, 17.8463, 144.8292, 166.8240, 25.4445, 182.1850, 143.0567, -41.5255, -4.3439, 0.638452, -0.755266, 0.148163, -0.025445, 0.769549, 0.623133, -0.139639, 0.017846, 0.013139, 0.203171, 0.979055, 0.144829, 0.000000, 0.000000, 0.000000, 1.000000, 0.012914, 0.202991, 0.979095, 0.166824, -0.638452, 0.755265, -0.148165, 0.025445, -0.769553, -0.623192, 0.139354, 0.182185, 0.000000, 0.000000, 0.000000, 1.000000, 0.037327, 0.062002, -0.997378, 0.143057, -0.995576, -0.083813, -0.042470, -0.041525, -0.086227, 0.994551, 0.058599, -0.004344, 0.000000, 0.000000, 0.000000, 1.000000
-29.9342, -25.4264, 17.8368, 144.8511, 166.8459, 25.4262, 182.1945, 143.0546, -41.5269, -4.3340, 0.638452, -0.755294, 0.148021, -0.025426, 0.769550, 0.623159, -0.139521, 0.017837, 0.013138, 0.202987, 0.979093, 0.144851, 0.000000, 0.000000, 0.000000, 1.000000, 0.012913, 0.202807, 0.979134, 0.166846, -0.638452, 0.755294, -0.148023, 0.025426, -0.769554, -0.623218, 0.139235, 0.182194, 0.000000, 0.000000, 0.000000, 1.000000, 0.037331, 0.062002, -0.997378, 0.143055, -0.995577, -0.083806, -0.042473, -0.041527, -0.086219, 0.994551, 0.058599, -0.004334, 0.000000, 0.000000, 0.000000, 1.000000
-29.9229, -25.4064, 17.8255, 144.8747, 166.8695, 25.4062, 182.2057, 143.0525, -41.5284, -4.3233, 0.638451, -0.755325, 0.147865, -0.025406, 0.769550, 0.623187, -0.139394, 0.017826, 0.013140, 0.202786, 0.979135, 0.144875, 0.000000, 0.000000, 0.000000, 1.000000, 0.012915, 0.202606, 0.979175, 0.166870, -0.638451, 0.755324, -0.147867, 0.025406, -0.769554, -0.623246, 0.139109, 0.182206, 0.000000, 0.000000, 0.000000, 1.000000, 0.037335, 0.062002, -0.997377, 0.143052, -0.995577, -0.083797, -0.042477, -0.041528, -0.086211, 0.994552, 0.058599, -0.004323, 0.000000, 0.000000, 0.000000, 1.000000
-29.9168, -25.3958, 17.8193, 144.8871, 166.8819, 25.3956, 182.2120, 143.0514, -41.5291, -4.3176, 0.638451, -0.755341, 0.147782, -0.025396, 0.769550, 0.623202, -0.139328, 0.017819, 0.013142, 0.202680, 0.979157, 0.144887, 0.000000, 0.000000, 0.000000, 1.000000, 0.012917, 0.202500, 0.979197, 0.166882, -0.638451, 0.755341, -0.147784, 0.025396, -0.769554, -0.623261, 0.139043, 0.182212, 0.000000, 0.000000, 0.000000, 1.000000, 0.037337, 0.062002, -0.997377, 0.143051, -0.995577, -0.083793, -0.042479, -0.041529, -0.086207, 0.994552, 0.058599, -0.004318, 0.000000, 0.000000, 0.000000, 1.000000
-29.9040, -25.3734, 17.8054, 144.9132, 166.9080, 25.3731, 182.2258, 143.0491, -41.5305, -4.3055, 0.638452, -0.755376, 0.147605, -0.025373, 0.769550, 0.623233, -0.139189, 0.017805, 0.013148, 0.202455, 0.979203, 0.144913, 0.000000, 0.000000, 0.000000, 1.000000, 0.012922, 0.202275, 0.979244, 0.166908, -0.638452, 0.755375, -0.147607, 0.025373, -0.769553, -0.623292, 0.138904, 0.182226, 0.000000, 0.000000, 0.000000, 1.000000, 0.037342, 0.062002, -0.997377, 0.143049, -0.995578, -0.083783, -0.042483, -0.041530, -0.086197, 0.994553, 0.058599, -0.004306, 0.000000, 0.000000, 0.000000, 1.000000
-29.9040, -25.3734, 17.8054, 144.9132, 166.9080, 25.3731, 182.2258, 143.0491, -41.5305, -4.3055, 0.638452, -0.755376, 0.147605, -0.025373, 0.769550, 0.623233, -0.139189, 0.017805, 0.013148, 0.202455, 0.979203, 0.144913, 0.000000, 0.000000, 0.000000, 1.000000, 0.012922, 0.202275, 0.979244, 0.166908, -0.638452, 0.755375, -0.147607, 0.025373, -0.769553, -0.623292, 0.138904, 0.182226, 0.000000, 0.000000, 0.000000, 1.000000, 0.037342, 0.062002, -0.997377, 0.143049, -0.995578, -0.083783, -0.042483, -0.041530, -0.086197, 0.994553, 0.058599, -0.004306, 0.000000, 0.000000, 0.000000, 1.000000
-29.8829, -25.3366, 17.7814, 144.9554, 166.9502, 25.3364, 182.2498, 143.0457, -41.5325, -4.2858, 0.638453, -0.755432, 0.147313, -0.025337, 0.769548, 0.623285, -0.138966, 0.017781, 0.013162, 0.202087, 0.979279, 0.144955, 0.000000, 0.000000, 0.000000, 1.000000, 0.012936, 0.201907, 0.979319, 0.166950, -0.638453, 0.755431, -0.147314, 0.025336, -0.769552, -0.623344, 0.138680, 0.182250, 0.000000, 0.000000, 0.000000, 1.000000, 0.037349, 0.062002, -0.997377, 0.143046, -0.995579, -0.083767, -0.042489, -0.041533, -0.086182, 0.994555, 0.058599, -0.004286, 0.000000, 0.000000, 0.000000, 1.000000
-29.8676, -25.3102, 17.7633, 144.9855, 166.9804, 25.3099, 182.2679, 143.0433, -41.5339, -4.2716, 0.638454, -0.755472, 0.147101, -0.025310, 0.769547, 0.623321, -0.138807, 0.017763, 0.013174, 0.201823, 0.979333, 0.144986, 0.000000, 0.000000, 0.000000, 1.000000, 0.012948, 0.201642, 0.979374, 0.166980, -0.638454, 0.755472, -0.147102, 0.025310, -0.769551, -0.623380, 0.138521, 0.182268, 0.000000, 0.000000, 0.000000, 1.000000, 0.037354, 0.062002, -0.997377, 0.143043, -0.995580, -0.083756, -0.042494, -0.041534, -0.086171, 0.994555, 0.058600, -0.004272, 0.000000, 0.000000, 0.000000, 1.000000
-29.8596, -25.2964, 17.7536, 145.0012, 166.9961, 25.2961, 182.2775, 143.0421, -41.5345, -4.2642, 0.638455, -0.755493, 0.146990, -0.025296, 0.769547, 0.623341, -0.138725, 0.017754, 0.013181, 0.201685, 0.979362, 0.145001, 0.000000, 0.000000, 0.000000, 1.000000, 0.012955, 0.201504, 0.979402, 0.166996, -0.638455, 0.755493, -0.146991, 0.025296, -0.769550, -0.623400, 0.138439, 0.182278, 0.000000, 0.000000, 0.000000, 1.000000, 0.037357, 0.062002, -0.997377, 0.143042, -0.995580, -0.083750, -0.042496, -0.041535, -0.086165, 0.994556, 0.058600, -0.004264, 0.000000, 0.000000, 0.000000, 1.000000
-29.8429, -25.2677, 17.7331, 145.0336, 167.0285, 25.2674, 182.2980, 143.0396, -41.5359, -4.2488, 0.638456, -0.755537, 0.146758, -0.025268, 0.769545, 0.623381, -0.138554, 0.017733, 0.013197, 0.201398, 0.979421, 0.145034, 0.000000, 0.000000, 0.000000, 1.000000, 0.012971, 0.201217, 0.979461, 0.167028, -0.638456, 0.755536, -0.146760, 0.025267, -0.769549, -0.623439, 0.138268, 0.182298, 0.000000, 0.000000, 0.000000, 1.000000, 0.037363, 0.062002, -0.997376, 0.143040, -0.995581, -0.083738, -0.042501, -0.041536, -0.086153, 0.994557, 0.058600, -0.004249, 0.000000, 0.000000, 0.000000, 1.000000
-29.8343, -25.2528, 17.7222, 145.0504, 167.0453, 25.2526, 182.3089, 143.0384, -41.5365, -4.2408, 0.638457, -0.755559, 0.146638, -0.025253, 0.769544, 0.623401, -0.138466, 0.017722, 0.013205, 0.201249, 0.979451, 0.145050, 0.000000, 0.000000, 0.000000, 1.000000, 0.012980, 0.201068, 0.979491, 0.167045, -0.638457, 0.755559, -0.146639, 0.025253, -0.769548, -0.623460, 0.138180, 0.182309, 0.000000, 0.000000, 0.000000, 1.000000, 0.037366, 0.062002, -0.997376, 0.143038, -0.995581, -0.083731, -0.042504, -0.041537, -0.086147, 0.994558, 0.058600, -0.004241, 0.000000, 0.000000, 0.000000, 1.000000
-29.8163, -25.2220, 17.6995, 145.0850, 167.0799, 25.2218, 182.3316, 143.0359, -41.5378, -4.2242, 0.638459, -0.755606, 0.146388, -0.025222, 0.769542, 0.623444, -0.138285, 0.017699, 0.013225, 0.200941, 0.979514, 0.145085, 0.000000, 0.000000, 0.000000, 1.000000, 0.012999, 0.200760, 0.979554, 0.167080, -0.638459, 0.755605, -0.146389, 0.025222, -0.769546, -0.623503, 0.137999, 0.182332, 0.000000, 0.000000, 0.000000, 1.000000, 0.037372, 0.062003, -0.997376, 0.143036, -0.995582, -0.083718, -0.042510, -0.041538, -0.086134, 0.994559, 0.058600, -0.004224, 0.000000, 0.000000, 0.000000, 1.000000
-29.7975, -25.1899, 17.6753, 145.1209, 167.1158, 25.1897, 182.3558, 143.0333, -41.5391, -4.2070, 0.638462, -0.755654, 0.146126, -0.025190, 0.769539, 0.623489, -0.138097, 0.017675, 0.013246, 0.200620, 0.979580, 0.145121, 0.000000, 0.000000, 0.000000, 1.000000, 0.013020, 0.200439, 0.979620, 0.167116, -0.638462, 0.755654, -0.146128, 0.025190, -0.769543, -0.623547, 0.137811, 0.182356, 0.000000, 0.000000, 0.000000, 1.000000, 0.037379, 0.062003, -0.997376, 0.143033, -0.995583, -0.083704, -0.042515, -0.041539, -0.086121, 0.994560, 0.058600, -0.004207, 0.000000, 0.000000, 0.000000, 1.000000
-29.7878, -25.1734, 17.6628, 145.1394, 167.1343, 25.1732, 182.3683, 143.0320, -41.5398, -4.1981, 0.638463, -0.755679, 0.145992, -0.025173, 0.769538, 0.623512, -0.138001, 0.017663, 0.013257, 0.200455, 0.979613, 0.145139, 0.000000, 0.000000, 0.000000, 1.000000, 0.013031, 0.200274, 0.979653, 0.167134, -0.638463, 0.755679, -0.145993, 0.025173, -0.769542, -0.623570, 0.137715, 0.182368, 0.000000, 0.000000, 0.000000, 1.000000, 0.037382, 0.062003, -0.997376, 0.143032, -0.995584, -0.083697, -0.042518, -0.041540, -0.086114, 0.994560, 0.058600, -0.004198, 0.000000, 0.000000, 0.000000, 1.000000
-29.7679, -25.1396, 17.6367, 145.1772, 167.1721, 25.1393, 182.3944, 143.0293, -41.5410, -4.1798, 0.638466, -0.755730, 0.145715, -0.025140, 0.769535, 0.623559, -0.137804, 0.017637, 0.013281, 0.200116, 0.979682, 0.145177, 0.000000, 0.000000, 0.000000, 1.000000, 0.013055, 0.199935, 0.979722, 0.167172, -0.638466, 0.755730, -0.145716, 0.025139, -0.769539, -0.623617, 0.137518, 0.182394, 0.000000, 0.000000, 0.000000, 1.000000, 0.037389, 0.062003, -0.997375, 0.143029, -0.995585, -0.083682, -0.042525, -0.041541, -0.086099, 0.994562, 0.058600, -0.004180, 0.000000, 0.000000, 0.000000, 1.000000
-29.7679, -25.1396, 17.6367, 145.1772, 167.1721, 25.1393, 182.3944, 143.0293, -41.5410, -4.1798, 0.638466, -0.755730, 0.145715, -0.025140, 0.769535, 0.623559, -0.137804, 0.017637, 0.013281, 0.200116, 0.979682, 0.145177, 0.000000, 0.000000, 0.000000, 1.000000, 0.013055, 0.199935, 0.979722, 0.167172, -0.638466, 0.755730, -0.145716, 0.025139, -0.769539, -0.623617, 0.137518, 0.182394, 0.000000, 0.000000, 0.000000, 1.000000, 0.037389, 0.062003, -0.997375, 0.143029, -0.995585, -0.083682, -0.042525, -0.041541, -0.086099, 0.994562, 0.058600, -0.004180, 0.000000, 0.000000, 0.000000, 1.000000
-29.7367, -25.0867, 17.5955, 145.2362, 167.2311, 25.0864, 182.4356, 143.0252, -41.5429, -4.1514, 0.638471, -0.755810, 0.145281, -0.025087, 0.769531, 0.623632, -0.137497, 0.017595, 0.013320, 0.199586, 0.979790, 0.145236, 0.000000, 0.000000, 0.000000, 1.000000, 0.013094, 0.199406, 0.979830, 0.167231, -0.638471, 0.755809, -0.145283, 0.025086, -0.769535, -0.623690, 0.137211, 0.182436, 0.000000, 0.000000, 0.000000, 1.000000, 0.037400, 0.062003, -0.997375, 0.143025, -0.995586, -0.083659, -0.042534, -0.041543, -0.086077, 0.994564, 0.058601, -0.004151, 0.000000, 0.000000, 0.000000, 1.000000
-29.7260, -25.0686, 17.5812, 145.2563, 167.2512, 25.0683, 182.4499, 143.0239, -41.5436, -4.1416, 0.638473, -0.755837, 0.145132, -0.025069, 0.769529, 0.623657, -0.137393, 0.017581, 0.013334, 0.199405, 0.979826, 0.145256, 0.000000, 0.000000, 0.000000, 1.000000, 0.013108, 0.199224, 0.979866, 0.167251, -0.638473, 0.755836, -0.145134, 0.025068, -0.769533, -0.623715, 0.137107, 0.182450, 0.000000, 0.000000, 0.000000, 1.000000, 0.037404, 0.062004, -0.997375, 0.143024, -0.995587, -0.083651, -0.042537, -0.041544, -0.086069, 0.994564, 0.058601, -0.004142, 0.000000, 0.000000, 0.000000, 1.000000
-29.7043, -25.0314, 17.5544, 145.2985, 167.2935, 25.0311, 182.4767, 143.0207, -41.5452, -4.1216, 0.638475, -0.755893, 0.144831, -0.025031, 0.769527, 0.623709, -0.137172, 0.017554, 0.013355, 0.199032, 0.979902, 0.145299, 0.000000, 0.000000, 0.000000, 1.000000, 0.013129, 0.198851, 0.979942, 0.167293, -0.638475, 0.755892, -0.144832, 0.025031, -0.769531, -0.623767, 0.136886, 0.182477, 0.000000, 0.000000, 0.000000, 1.000000, 0.037412, 0.062004, -0.997375, 0.143021, -0.995588, -0.083635, -0.042544, -0.041545, -0.086054, 0.994566, 0.058601, -0.004122, 0.000000, 0.000000, 0.000000, 1.000000
-29.6933, -25.0123, 17.5417, 145.3205, 167.3155, 25.0121, 182.4893, 143.0189, -41.5463, -4.1113, 0.638475, -0.755922, 0.144678, -0.025012, 0.769526, 0.623735, -0.137056, 0.017542, 0.013363, 0.198841, 0.979941, 0.145321, 0.000000, 0.000000, 0.000000, 1.000000, 0.013137, 0.198660, 0.979980, 0.167315, -0.638475, 0.755921, -0.144680, 0.025012, -0.769530, -0.623793, 0.136770, 0.182489, 0.000000, 0.000000, 0.000000, 1.000000, 0.037416, 0.062004, -0.997374, 0.143019, -0.995588, -0.083627, -0.042548, -0.041546, -0.086046, 0.994566, 0.058601, -0.004111, 0.000000, 0.000000, 0.000000, 1.000000
-29.6597, -24.9544, 17.5020, 145.3873, 167.3822, 24.9542, 182.5289, 143.0136, -41.5493, -4.0801, 0.638477, -0.756009, 0.144212, -0.024954, 0.769524, 0.623814, -0.136706, 0.017502, 0.013390, 0.198258, 0.980058, 0.145387, 0.000000, 0.000000, 0.000000, 1.000000, 0.013164, 0.198077, 0.980098, 0.167382, -0.638477, 0.756009, -0.144213, 0.024954, -0.769528, -0.623872, 0.136420, 0.182529, 0.000000, 0.000000, 0.000000, 1.000000, 0.037427, 0.062004, -0.997374, 0.143014, -0.995590, -0.083602, -0.042558, -0.041549, -0.086021, 0.994568, 0.058601, -0.004080, 0.000000, 0.000000, 0.000000, 1.000000
-29.6369, -24.9152, 17.4744, 145.4322, 167.4271, 24.9150, 182.5565, 143.0101, -41.5511, -4.0590, 0.638479, -0.756068, 0.143894, -0.024915, 0.769522, 0.623868, -0.136472, 0.017474, 0.013411, 0.197864, 0.980138, 0.145432, 0.000000, 0.000000, 0.000000, 1.000000, 0.013185, 0.197683, 0.980177, 0.167427, -0.638479, 0.756068, -0.143896, 0.024915, -0.769526, -0.623926, 0.136185, 0.182557, 0.000000, 0.000000, 0.000000, 1.000000, 0.037435, 0.062004, -0.997374, 0.143010, -0.995591, -0.083585, -0.042565, -0.041551, -0.086005, 0.994570, 0.058602, -0.004059, 0.000000, 0.000000, 0.000000, 1.000000
-29.6254, -24.8955, 17.4602, 145.4547, 167.4496, 24.8953, 182.5707, 143.0084, -41.5520, -4.0484, 0.638480, -0.756098, 0.143734, -0.024896, 0.769521, 0.623895, -0.136354, 0.017460, 0.013422, 0.197666, 0.980178, 0.145455, 0.000000, 0.000000, 0.000000, 1.000000, 0.013196, 0.197485, 0.980217, 0.167450, -0.638480, 0.756097, -0.143736, 0.024895, -0.769525, -0.623953, 0.136067, 0.182571, 0.000000, 0.000000, 0.000000, 1.000000, 0.037440, 0.062004, -0.997373, 0.143008, -0.995592, -0.083577, -0.042568, -0.041552, -0.085997, 0.994570, 0.058602, -0.004048, 0.000000, 0.000000, 0.000000, 1.000000
-29.6022, -24.8559, 17.4313, 145.4998, 167.4948, 24.8557, 182.5996, 143.0050, -41.5538, -4.0270, 0.638483, -0.756157, 0.143412, -0.024856, 0.769519, 0.623949, -0.136119, 0.017431, 0.013446, 0.197268, 0.980257, 0.145500, 0.000000, 0.000000, 0.000000, 1.000000, 0.013219, 0.197086, 0.980297, 0.167495, -0.638483, 0.756156, -0.143413, 0.024856, -0.769523, -0.624007, 0.135832, 0.182600, 0.000000, 0.000000, 0.000000, 1.000000, 0.037448, 0.062004, -0.997373, 0.143005, -0.995593, -0.083560, -0.042575, -0.041554, -0.085980, 0.994572, 0.058602, -0.004027, 0.000000, 0.000000, 0.000000, 1.000000
-29.5906, -24.8361, 17.4165, 145.5224, 167.5173, 24.8358, 182.6143, 143.0033, -41.5546, -4.0163, 0.638484, -0.756186, 0.143249, -0.024836, 0.769517, 0.623976, -0.136002, 0.017417, 0.013458, 0.197068, 0.980297, 0.145522, 0.000000, 0.000000, 0.000000, 1.000000, 0.013232, 0.196886, 0.980337, 0.167517, -0.638484, 0.756186, -0.143251, 0.024836, -0.769521, -0.624034, 0.135715, 0.182614, 0.000000, 0.000000, 0.000000, 1.000000, 0.037452, 0.062004, -0.997373, 0.143003, -0.995593, -0.083551, -0.042579, -0.041555, -0.085971, 0.994573, 0.058602, -0.004016, 0.000000, 0.000000, 0.000000, 1.000000
-29.5789, -24.8162, 17.4017, 145.5450, 167.5399, 24.8160, 182.6291, 143.0016, -41.5555, -4.0056, 0.638485, -0.756216, 0.143087, -0.024816, 0.769516, 0.624003, -0.135885, 0.017402, 0.013471, 0.196868, 0.980337, 0.145545, 0.000000, 0.000000, 0.000000, 1.000000, 0.013245, 0.196687, 0.980377, 0.167540, -0.638485, 0.756216, -0.143089, 0.024816, -0.769520, -0.624061, 0.135597, 0.182629, 0.000000, 0.000000, 0.000000, 1.000000, 0.037456, 0.062004, -0.997373, 0.143002, -0.995594, -0.083542, -0.042583, -0.041555, -0.085963, 0.994573, 0.058602, -0.004006, 0.000000, 0.000000, 0.000000, 1.000000
-29.5438, -24.7566, 17.3562, 145.6125, 167.6074, 24.7563, 182.6745, 142.9967, -41.5578, -3.9734, 0.638490, -0.756305, 0.142597, -0.024757, 0.769512, 0.624085, -0.135535, 0.017356, 0.013513, 0.196268, 0.980457, 0.145612, 0.000000, 0.000000, 0.000000, 1.000000, 0.013286, 0.196086, 0.980497, 0.167607, -0.638490, 0.756304, -0.142599, 0.024756, -0.769515, -0.624143, 0.135247, 0.182675, 0.000000, 0.000000, 0.000000, 1.000000, 0.037468, 0.062005, -0.997372, 0.142997, -0.995596, -0.083516, -0.042593, -0.041558, -0.085938, 0.994576, 0.058602, -0.003973, 0.000000, 0.000000, 0.000000, 1.000000
-29.5438, -24.7566, 17.3562, 145.6125, 167.6074, 24.7563, 182.6745, 142.9967, -41.5578, -3.9734, 0.638490, -0.756305, 0.142597, -0.024757, 0.769512, 0.624085, -0.135535, 0.017356, 0.013513, 0.196268, 0.980457, 0.145612, 0.000000, 0.000000, 0.000000, 1.000000, 0.013286, 0.196086, 0.980497, 0.167607, -0.638490, 0.756304, -0.142599, 0.024756, -0.769515, -0.624143, 0.135247, 0.182675, 0.000000, 0.000000, 0.000000, 1.000000, 0.037468, 0.062005, -0.997372, 0.142997, -0.995596, -0.083516, -0.042593, -0.041558, -0.085938, 0.994576, 0.058602, -0.003973, 0.000000, 0.000000, 0.000000, 1.000000
-29.5203, -24.7169, 17.3254, 145.6572, 167.6522, 24.7167, 182.7053, 142.9936, -41.5593, -3.9519, 0.638493, -0.756363, 0.142270, -0.024717, 0.769508, 0.624140, -0.135303, 0.017325, 0.013542, 0.195868, 0.980537, 0.145657, 0.000000, 0.000000, 0.000000, 1.000000, 0.013315, 0.195687, 0.980576, 0.167652, -0.638493, 0.756363, -0.142272, 0.024717, -0.769512, -0.624197, 0.135016, 0.182705, 0.000000, 0.000000, 0.000000, 1.000000, 0.037476, 0.062005, -0.997372, 0.142994, -0.995597, -0.083499, -0.042601, -0.041559, -0.085921, 0.994577, 0.058603, -0.003952, 0.000000, 0.000000, 0.000000, 1.000000
-29.4969, -24.6774, 17.2943, 145.7017, 167.6967, 24.6772, 182.7364, 142.9904, -41.5607, -3.9305, 0.638497, -0.756421, 0.141944, -0.024677, 0.769504, 0.624194, -0.135073, 0.017294, 0.013572, 0.195471, 0.980616, 0.145702, 0.000000, 0.000000, 0.000000, 1.000000, 0.013345, 0.195289, 0.980655, 0.167697, -0.638497, 0.756421, -0.141946, 0.024677, -0.769508, -0.624251, 0.134786, 0.182736, 0.000000, 0.000000, 0.000000, 1.000000, 0.037484, 0.062005, -0.997372, 0.142990, -0.995598, -0.083482, -0.042608, -0.041561, -0.085904, 0.994578, 0.058603, -0.003931, 0.000000, 0.000000, 0.000000, 1.000000
-29.4736, -24.6383, 17.2630, 145.7458, 167.7408, 24.6380, 182.7677, 142.9874, -41.5620, -3.9093, 0.638501, -0.756479, 0.141619, -0.024638, 0.769501, 0.624248, -0.134846, 0.017263, 0.013603, 0.195076, 0.980694, 0.145746, 0.000000, 0.000000, 0.000000, 1.000000, 0.013376, 0.194894, 0.980733, 0.167741, -0.638501, 0.756479, -0.141621, 0.024638, -0.769505, -0.624305, 0.134559, 0.182768, 0.000000, 0.000000, 0.000000, 1.000000, 0.037492, 0.062005, -0.997371, 0.142987, -0.995599, -0.083464, -0.042615, -0.041562, -0.085887, 0.994580, 0.058603, -0.003909, 0.000000, 0.000000, 0.000000, 1.000000
-29.4736, -24.6383, 17.2630, 145.7458, 167.7408, 24.6380, 182.7677, 142.9874, -41.5620, -3.9093, 0.638501, -0.756479, 0.141619, -0.024638, 0.769501, 0.624248, -0.134846, 0.017263, 0.013603, 0.195076, 0.980694, 0.145746, 0.000000, 0.000000, 0.000000, 1.000000, 0.013376, 0.194894, 0.980733, 0.167741, -0.638501, 0.756479, -0.141621, 0.024638, -0.769505, -0.624305, 0.134559, 0.182768, 0.000000, 0.000000, 0.000000, 1.000000, 0.037492, 0.062005, -0.997371, 0.142987, -0.995599, -0.083464, -0.042615, -0.041562, -0.085887, 0.994580, 0.058603, -0.003909, 0.000000, 0.000000, 0.000000, 1.000000
-29.4505, -24.5994, 17.2317, 145.7894, 167.7843, 24.5992, 182.7990, 142.9844, -41.5632, -3.8883, 0.638505, -0.756536, 0.141297, -0.024599, 0.769497, 0.624301, -0.134622, 0.017232, 0.013634, 0.194684, 0.980771, 0.145789, 0.000000, 0.000000, 0.000000, 1.000000, 0.013407, 0.194502, 0.980810, 0.167784, -0.638505, 0.756535, -0.141299, 0.024599, -0.769501, -0.624358, 0.134334, 0.182799, 0.000000, 0.000000, 0.000000, 1.000000, 0.037501, 0.062006, -0.997371, 0.142984, -0.995600, -0.083447, -0.042622, -0.041563, -0.085871, 0.994581, 0.058604, -0.003888, 0.000000, 0.000000, 0.000000, 1.000000
-29.4163, -24.5421, 17.1850, 145.8537, 167.8486, 24.5418, 182.8457, 142.9801, -41.5650, -3.8571, 0.638512, -0.756619, 0.140819, -0.024542, 0.769490, 0.624380, -0.134291, 0.017185, 0.013682, 0.194106, 0.980885, 0.145854, 0.000000, 0.000000, 0.000000, 1.000000, 0.013455, 0.193924, 0.980924, 0.167849, -0.638512, 0.756619, -0.140821, 0.024542, -0.769494, -0.624437, 0.134003, 0.182846, 0.000000, 0.000000, 0.000000, 1.000000, 0.037512, 0.062006, -0.997371, 0.142980, -0.995602, -0.083422, -0.042632, -0.041565, -0.085846, 0.994583, 0.058604, -0.003857, 0.000000, 0.000000, 0.000000, 1.000000
-29.3938, -24.5045, 17.1541, 145.8957, 167.8907, 24.5043, 182.8766, 142.9772, -41.5662, -3.8367, 0.638516, -0.756674, 0.140506, -0.024505, 0.769486, 0.624432, -0.134075, 0.017154, 0.013714, 0.193726, 0.980960, 0.145896, 0.000000, 0.000000, 0.000000, 1.000000, 0.013488, 0.193544, 0.980999, 0.167891, -0.638516, 0.756673, -0.140508, 0.024504, -0.769490, -0.624489, 0.133787, 0.182877, 0.000000, 0.000000, 0.000000, 1.000000, 0.037520, 0.062007, -0.997370, 0.142977, -0.995603, -0.083405, -0.042639, -0.041566, -0.085830, 0.994585, 0.058604, -0.003837, 0.000000, 0.000000, 0.000000, 1.000000
-29.3938, -24.5045, 17.1541, 145.8957, 167.8907, 24.5043, 182.8766, 142.9772, -41.5662, -3.8367, 0.638516, -0.756674, 0.140506, -0.024505, 0.769486, 0.624432, -0.134075, 0.017154, 0.013714, 0.193726, 0.980960, 0.145896, 0.000000, 0.000000, 0.000000, 1.000000, 0.013488, 0.193544, 0.980999, 0.167891, -0.638516, 0.756673, -0.140508, 0.024504, -0.769490, -0.624489, 0.133787, 0.182877, 0.000000, 0.000000, 0.000000, 1.000000, 0.037520, 0.062007, -0.997370, 0.142977, -0.995603, -0.083405, -0.042639, -0.041566, -0.085830, 0.994585, 0.058604, -0.003837, 0.000000, 0.000000, 0.000000, 1.000000
-29.3608, -24.4494, 17.1084, 145.9575, 167.9525, 24.4492, 182.9223, 142.9731, -41.5678, -3.8067, 0.638523, -0.756753, 0.140045, -0.024449, 0.769480, 0.624508, -0.133758, 0.017108, 0.013763, 0.193169, 0.981069, 0.145957, 0.000000, 0.000000, 0.000000, 1.000000, 0.013536, 0.192987, 0.981108, 0.167952, -0.638523, 0.756753, -0.140047, 0.024449, -0.769484, -0.624564, 0.133470, 0.182922, 0.000000, 0.000000, 0.000000, 1.000000, 0.037532, 0.062007, -0.997370, 0.142973, -0.995605, -0.083381, -0.042649, -0.041568, -0.085806, 0.994587, 0.058605, -0.003807, 0.000000, 0.000000, 0.000000, 1.000000
-29.3500, -24.4314, 17.0934, 145.9776, 167.9726, 24.4312, 182.9373, 142.9717, -41.5683, -3.7969, 0.638525, -0.756779, 0.139894, -0.024431, 0.769477, 0.624533, -0.133654, 0.017093, 0.013778, 0.192987, 0.981105, 0.145978, 0.000000, 0.000000, 0.000000, 1.000000, 0.013552, 0.192805, 0.981143, 0.167973, -0.638525, 0.756779, -0.139896, 0.024431, -0.769481, -0.624589, 0.133367, 0.182937, 0.000000, 0.000000, 0.000000, 1.000000, 0.037535, 0.062007, -0.997370, 0.142972, -0.995605, -0.083373, -0.042652, -0.041568, -0.085799, 0.994587, 0.058605, -0.003797, 0.000000, 0.000000, 0.000000, 1.000000
-29.3183, -24.3786, 17.0493, 146.0368, 168.0318, 24.3783, 182.9814, 142.9678, -41.5698, -3.7681, 0.638532, -0.756855, 0.139451, -0.024379, 0.769471, 0.624606, -0.133351, 0.017049, 0.013825, 0.192453, 0.981209, 0.146037, 0.000000, 0.000000, 0.000000, 1.000000, 0.013599, 0.192271, 0.981248, 0.168032, -0.638532, 0.756855, -0.139453, 0.024378, -0.769475, -0.624662, 0.133063, 0.182981, 0.000000, 0.000000, 0.000000, 1.000000, 0.037546, 0.062008, -0.997369, 0.142968, -0.995607, -0.083350, -0.042662, -0.041570, -0.085776, 0.994589, 0.058606, -0.003768, 0.000000, 0.000000, 0.000000, 1.000000
-29.2978, -24.3444, 17.0206, 146.0750, 168.0701, 24.3442, 183.0100, 142.9652, -41.5708, -3.7495, 0.638537, -0.756904, 0.139165, -0.024344, 0.769466, 0.624653, -0.133155, 0.017021, 0.013856, 0.192107, 0.981276, 0.146075, 0.000000, 0.000000, 0.000000, 1.000000, 0.013629, 0.191925, 0.981315, 0.168070, -0.638537, 0.756904, -0.139166, 0.024344, -0.769470, -0.624709, 0.132867, 0.183010, 0.000000, 0.000000, 0.000000, 1.000000, 0.037553, 0.062008, -0.997369, 0.142965, -0.995608, -0.083335, -0.042668, -0.041571, -0.085761, 0.994591, 0.058606, -0.003749, 0.000000, 0.000000, 0.000000, 1.000000
-29.2978, -24.3444, 17.0206, 146.0750, 168.0701, 24.3442, 183.0100, 142.9652, -41.5708, -3.7495, 0.638537, -0.756904, 0.139165, -0.024344, 0.769466, 0.624653, -0.133155, 0.017021, 0.013856, 0.192107, 0.981276, 0.146075, 0.000000, 0.000000, 0.000000, 1.000000, 0.013629, 0.191925, 0.981315, 0.168070, -0.638537, 0.756904, -0.139166, 0.024344, -0.769470, -0.624709, 0.132867, 0.183010, 0.000000, 0.000000, 0.000000, 1.000000, 0.037553, 0.062008, -0.997369, 0.142965, -0.995608, -0.083335, -0.042668, -0.041571, -0.085761, 0.994591, 0.058606, -0.003749, 0.000000, 0.000000, 0.000000, 1.000000
-29.2778, -24.3112, 16.9927, 146.1123, 168.1074, 24.3109, 183.0379, 142.9627, -41.5717, -3.7313, 0.638542, -0.756951, 0.138885, -0.024311, 0.769462, 0.624699, -0.132963, 0.016993, 0.013885, 0.191769, 0.981342, 0.146112, 0.000000, 0.000000, 0.000000, 1.000000, 0.013659, 0.191588, 0.981380, 0.168107, -0.638542, 0.756951, -0.138887, 0.024311, -0.769466, -0.624755, 0.132676, 0.183038, 0.000000, 0.000000, 0.000000, 1.000000, 0.037560, 0.062008, -0.997369, 0.142963, -0.995609, -0.083320, -0.042674, -0.041572, -0.085747, 0.994592, 0.058606, -0.003731, 0.000000, 0.000000, 0.000000, 1.000000
