# Joint_4_Angle(deg), Cam_X(mm), Cam_Y(mm), Cam_Z(mm), Torso_X(mm), Torso_Y(mm), Torso_Z(mm), EE_X(mm), EE_Y(mm), EE_Z(mm), T_cam2marker_flat(16), T_torso2marker_flat(16), T_ee2marker_flat(16)
-30.0000, 38.5069, -30.2577, 211.4943, 233.5129, -38.5073, 230.2004, 108.8742, 62.4250, 49.6564, 0.590055, 0.793344, -0.149804, 0.038507, -0.640467, 0.572923, 0.511430, -0.030258, 0.491566, -0.205827, 0.846167, 0.211494, 0.000000, 0.000000, 0.000000, 1.000000, 0.491961, -0.206183, 0.845850, 0.233513, -0.590056, -0.793343, 0.149802, -0.038507, 0.640163, -0.572796, -0.511954, 0.230200, 0.000000, 0.000000, 0.000000, 1.000000, -0.073183, -0.042066, -0.996431, 0.108874, -0.996637, -0.033852, 0.074627, 0.062425, -0.036870, 0.998541, -0.039448, 0.049656, 0.000000, 0.000000, 0.000000, 1.000000
-30.0000, 38.5067, -30.2563, 211.4951, 233.5137, -38.5071, 230.1990, 108.8739, 62.4251, 49.6564, 0.590054, 0.793344, -0.149804, 0.038507, -0.640465, 0.572922, 0.511434, -0.030256, 0.491569, -0.205830, 0.846164, 0.211495, 0.000000, 0.000000, 0.000000, 1.000000, 0.491964, -0.206185, 0.845848, 0.233514, -0.590055, -0.793344, 0.149802, -0.038507, 0.640161, -0.572794, -0.511957, 0.230199, 0.000000, 0.000000, 0.000000, 1.000000, -0.073183, -0.042067, -0.996431, 0.108874, -0.996637, -0.033852, 0.074627, 0.062425, -0.036870, 0.998541, -0.039448, 0.049656, 0.000000, 0.000000, 0.000000, 1.000000
-30.0000, 38.5066, -30.2560, 211.4954, 233.5139, -38.5071, 230.1987, 108.8738, 62.4251, 49.6564, 0.590054, 0.793344, -0.149804, 0.038507, -0.640465, 0.572921, 0.511435, -0.030256, 0.491570, -0.205830, 0.846164, 0.211495, 0.000000, 0.000000, 0.000000, 1.000000, 0.491964, -0.206186, 0.845848, 0.233514, -0.590055, -0.793344, 0.149802, -0.038507, 0.640161, -0.572794, -0.511958, 0.230199, 0.000000, 0.000000, 0.000000, 1.000000, -0.073183, -0.042067, -0.996431, 0.108874, -0.996637, -0.033852, 0.074627, 0.062425, -0.036870, 0.998541, -0.039448, 0.049656, 0.000000, 0.000000, 0.000000, 1.000000
-30.0000, 38.5066, -30.2556, 211.4956, 233.5142, -38.5070, 230.1983, 108.8737, 62.4251, 49.6564, 0.590054, 0.793344, -0.149804, 0.038507, -0.640464, 0.572921, 0.511436, -0.030256, 0.491571, -0.205831, 0.846163, 0.211496, 0.000000, 0.000000, 0.000000, 1.000000, 0.491965, -0.206187, 0.845847, 0.233514, -0.590055, -0.793344, 0.149802, -0.038507, 0.640160, -0.572794, -0.511959, 0.230198, 0.000000, 0.000000, 0.000000, 1.000000, -0.073183, -0.042067, -0.996431, 0.108874, -0.996637, -0.033852, 0.074627, 0.062425, -0.036870, 0.998541, -0.039448, 0.049656, 0.000000, 0.000000, 0.000000, 1.000000
-30.0000, 38.5064, -30.2548, 211.4961, 233.5147, -38.5069, 230.1976, 108.8735, 62.4252, 49.6564, 0.590054, 0.793345, -0.149804, 0.038506, -0.640463, 0.572920, 0.511438, -0.030255, 0.491573, -0.205832, 0.846162, 0.211496, 0.000000, 0.000000, 0.000000, 1.000000, 0.491967, -0.206188, 0.845846, 0.233515, -0.590055, -0.793344, 0.149802, -0.038507, 0.640159, -0.572793, -0.511961, 0.230198, 0.000000, 0.000000, 0.000000, 1.000000, -0.073183, -0.042067, -0.996431, 0.108874, -0.996637, -0.033852, 0.074627, 0.062425, -0.036870, 0.998541, -0.039448, 0.049656, 0.000000, 0.000000, 0.000000, 1.000000
-30.0000, 38.5063, -30.2540, 211.4966, 233.5151, -38.5067, 230.1969, 108.8734, 62.4252, 49.6564, 0.590053, 0.793345, -0.149804, 0.038506, -0.640462, 0.572919, 0.511440, -0.030254, 0.491574, -0.205834, 0.846160, 0.211497, 0.000000, 0.000000, 0.000000, 1.000000, 0.491968, -0.206189, 0.845845, 0.233515, -0.590054, -0.793344, 0.149802, -0.038507, 0.640159, -0.572792, -0.511963, 0.230197, 0.000000, 0.000000, 0.000000, 1.000000, -0.073183, -0.042067, -0.996431, 0.108873, -0.996637, -0.033852, 0.074627, 0.062425, -0.036870, 0.998541, -0.039448, 0.049656, 0.000000, 0.000000, 0.000000, 1.000000
-29.9998, 38.5058, -30.2527, 211.4971, 233.5157, -38.5063, 230.1956, 108.8734, 62.4253, 49.6564, 0.590053, 0.793345, -0.149801, 0.038506, -0.640463, 0.572918, 0.511441, -0.030253, 0.491573, -0.205836, 0.846160, 0.211497, 0.000000, 0.000000, 0.000000, 1.000000, 0.491967, -0.206191, 0.845845, 0.233516, -0.590054, -0.793345, 0.149799, -0.038506, 0.640159, -0.572791, -0.511964, 0.230196, 0.000000, 0.000000, 0.000000, 1.000000, -0.073183, -0.042067, -0.996431, 0.108873, -0.996637, -0.033852, 0.074627, 0.062425, -0.036870, 0.998541, -0.039448, 0.049656, 0.000000, 0.000000, 0.000000, 1.000000
-29.9998, 38.5058, -30.2527, 211.4971, 233.5157, -38.5063, 230.1956, 108.8734, 62.4253, 49.6564, 0.590053, 0.793345, -0.149801, 0.038506, -0.640463, 0.572918, 0.511441, -0.030253, 0.491573, -0.205836, 0.846160, 0.211497, 0.000000, 0.000000, 0.000000, 1.000000, 0.491967, -0.206191, 0.845845, 0.233516, -0.590054, -0.793345, 0.149799, -0.038506, 0.640159, -0.572791, -0.511964, 0.230196, 0.000000, 0.000000, 0.000000, 1.000000, -0.073183, -0.042067, -0.996431, 0.108873, -0.996637, -0.033852, 0.074627, 0.062425, -0.036870, 0.998541, -0.039448, 0.049656, 0.000000, 0.000000, 0.000000, 1.000000
-29.9991, 38.5031, -30.2425, 211.5028, 233.5213, -38.5036, 230.1854, 108.8720, 62.4258, 49.6564, 0.590050, 0.793349, -0.149793, 0.038503, -0.640458, 0.572906, 0.511461, -0.030243, 0.491585, -0.205852, 0.846150, 0.211503, 0.000000, 0.000000, 0.000000, 1.000000, 0.491979, -0.206207, 0.845834, 0.233521, -0.590051, -0.793349, 0.149791, -0.038504, 0.640154, -0.572779, -0.511983, 0.230185, 0.000000, 0.000000, 0.000000, 1.000000, -0.073183, -0.042067, -0.996431, 0.108872, -0.996637, -0.033852, 0.074627, 0.062426, -0.036871, 0.998541, -0.039448, 0.049656, 0.000000, 0.000000, 0.000000, 1.000000
-29.9983, 38.4999, -30.2306, 211.5094, 233.5280, -38.5004, 230.1734, 108.8705, 62.4264, 49.6564, 0.590046, 0.793354, -0.149782, 0.038500, -0.640452, 0.572893, 0.511483, -0.030231, 0.491596, -0.205870, 0.846138, 0.211509, 0.000000, 0.000000, 0.000000, 1.000000, 0.491991, -0.206226, 0.845823, 0.233528, -0.590047, -0.793354, 0.149780, -0.038500, 0.640148, -0.572765, -0.512006, 0.230173, 0.000000, 0.000000, 0.000000, 1.000000, -0.073182, -0.042068, -0.996431, 0.108870, -0.996637, -0.033852, 0.074627, 0.062426, -0.036871, 0.998541, -0.039449, 0.049656, 0.000000, 0.000000, 0.000000, 1.000000
-29.9977, 38.4982, -30.2249, 211.5123, 233.5309, -38.4986, 230.1676, 108.8700, 62.4267, 49.6563, 0.590044, 0.793357, -0.149774, 0.038498, -0.640452, 0.572886, 0.511491, -0.030225, 0.491599, -0.205879, 0.846135, 0.211512, 0.000000, 0.000000, 0.000000, 1.000000, 0.491993, -0.206235, 0.845819, 0.233531, -0.590045, -0.793357, 0.149773, -0.038499, 0.640148, -0.572759, -0.512014, 0.230168, 0.000000, 0.000000, 0.000000, 1.000000, -0.073182, -0.042068, -0.996431, 0.108870, -0.996637, -0.033853, 0.074627, 0.062427, -0.036871, 0.998541, -0.039449, 0.049656, 0.000000, 0.000000, 0.000000, 1.000000
-29.9969, 38.4964, -30.2193, 211.5149, 233.5335, -38.4968, 230.1619, 108.8698, 62.4269, 49.6563, 0.590043, 0.793359, -0.149765, 0.038496, -0.640453, 0.572880, 0.511496, -0.030219, 0.491598, -0.205887, 0.846133, 0.211515, 0.000000, 0.000000, 0.000000, 1.000000, 0.491993, -0.206243, 0.845817, 0.233533, -0.590044, -0.793359, 0.149764, -0.038497, 0.640149, -0.572752, -0.512019, 0.230162, 0.000000, 0.000000, 0.000000, 1.000000, -0.073182, -0.042068, -0.996431, 0.108870, -0.996637, -0.033853, 0.074627, 0.062427, -0.036871, 0.998541, -0.039450, 0.049656, 0.000000, 0.000000, 0.000000, 1.000000
-29.9936, 38.4901, -30.2031, 211.5208, 233.5393, -38.4905, 230.1456, 108.8707, 62.4274, 49.6563, 0.590044, 0.793366, -0.149727, 0.038490, -0.640469, 0.572862, 0.511496, -0.030203, 0.491577, -0.205909, 0.846140, 0.211521, 0.000000, 0.000000, 0.000000, 1.000000, 0.491972, -0.206266, 0.845824, 0.233539, -0.590045, -0.793366, 0.149726, -0.038491, 0.640165, -0.572735, -0.512020, 0.230146, 0.000000, 0.000000, 0.000000, 1.000000, -0.073182, -0.042069, -0.996431, 0.108871, -0.996637, -0.033853, 0.074626, 0.062427, -0.036872, 0.998541, -0.039450, 0.049656, 0.000000, 0.000000, 0.000000, 1.000000
-29.9936, 38.4901, -30.2031, 211.5208, 233.5393, -38.4905, 230.1456, 108.8707, 62.4274, 49.6563, 0.590044, 0.793366, -0.149727, 0.038490, -0.640469, 0.572862, 0.511496, -0.030203, 0.491577, -0.205909, 0.846140, 0.211521, 0.000000, 0.000000, 0.000000, 1.000000, 0.491972, -0.206266, 0.845824, 0.233539, -0.590045, -0.793366, 0.149726, -0.038491, 0.640165, -0.572735, -0.512020, 0.230146, 0.000000, 0.000000, 0.000000, 1.000000, -0.073182, -0.042069, -0.996431, 0.108871, -0.996637, -0.033853, 0.074626, 0.062427, -0.036872, 0.998541, -0.039450, 0.049656, 0.000000, 0.000000, 0.000000, 1.000000
-29.9903, 38.4851, -30.1926, 211.5228, 233.5414, -38.4855, 230.1351, 108.8729, 62.4275, 49.6563, 0.590047, 0.793371, -0.149691, 0.038485, -0.640491, 0.572851, 0.511481, -0.030193, 0.491545, -0.205922, 0.846156, 0.211523, 0.000000, 0.000000, 0.000000, 1.000000, 0.491940, -0.206278, 0.845840, 0.233541, -0.590048, -0.793371, 0.149689, -0.038485, 0.640187, -0.572724, -0.512005, 0.230135, 0.000000, 0.000000, 0.000000, 1.000000, -0.073182, -0.042070, -0.996431, 0.108873, -0.996637, -0.033854, 0.074626, 0.062427, -0.036872, 0.998541, -0.039451, 0.049656, 0.000000, 0.000000, 0.000000, 1.000000
-29.9884, 38.4823, -30.1875, 211.5233, 233.5419, -38.4827, 230.1299, 108.8744, 62.4274, 49.6563, 0.590049, 0.793373, -0.149669, 0.038482, -0.640506, 0.572846, 0.511468, -0.030188, 0.491522, -0.205927, 0.846168, 0.211523, 0.000000, 0.000000, 0.000000, 1.000000, 0.491918, -0.206284, 0.845851, 0.233542, -0.590050, -0.793373, 0.149667, -0.038483, 0.640201, -0.572718, -0.511992, 0.230130, 0.000000, 0.000000, 0.000000, 1.000000, -0.073182, -0.042070, -0.996431, 0.108874, -0.996637, -0.033854, 0.074626, 0.062427, -0.036872, 0.998541, -0.039451, 0.049656, 0.000000, 0.000000, 0.000000, 1.000000
-29.9810, 38.4726, -30.1722, 211.5223, 233.5409, -38.4730, 230.1145, 108.8812, 62.4271, 49.6563, 0.590060, 0.793380, -0.149587, 0.038473, -0.640567, 0.572832, 0.511408, -0.030172, 0.491429, -0.205941, 0.846218, 0.211522, 0.000000, 0.000000, 0.000000, 1.000000, 0.491825, -0.206297, 0.845902, 0.233541, -0.590061, -0.793380, 0.149586, -0.038473, 0.640262, -0.572704, -0.511932, 0.230114, 0.000000, 0.000000, 0.000000, 1.000000, -0.073181, -0.042071, -0.996431, 0.108881, -0.996637, -0.033854, 0.074626, 0.062427, -0.036873, 0.998541, -0.039452, 0.049656, 0.000000, 0.000000, 0.000000, 1.000000
-29.9780, 38.4689, -30.1670, 211.5212, 233.5398, -38.4693, 230.1093, 108.8842, 62.4269, 49.6563, 0.590065, 0.793383, -0.149555, 0.038469, -0.640593, 0.572827, 0.511380, -0.030167, 0.491389, -0.205944, 0.846241, 0.211521, 0.000000, 0.000000, 0.000000, 1.000000, 0.491785, -0.206301, 0.845924, 0.233540, -0.590066, -0.793382, 0.149553, -0.038469, 0.640288, -0.572699, -0.511905, 0.230109, 0.000000, 0.000000, 0.000000, 1.000000, -0.073181, -0.042071, -0.996431, 0.108884, -0.996637, -0.033854, 0.074626, 0.062427, -0.036873, 0.998541, -0.039453, 0.049656, 0.000000, 0.000000, 0.000000, 1.000000
-29.9712, 38.4607, -30.1567, 211.5177, 233.5363, -38.4612, 230.0988, 108.8914, 62.4263, 49.6563, 0.590078, 0.793388, -0.149480, 0.038461, -0.640654, 0.572818, 0.511314, -0.030157, 0.491295, -0.205950, 0.846294, 0.211518, 0.000000, 0.000000, 0.000000, 1.000000, 0.491691, -0.206307, 0.845977, 0.233536, -0.590079, -0.793387, 0.149478, -0.038461, 0.640349, -0.572690, -0.511839, 0.230099, 0.000000, 0.000000, 0.000000, 1.000000, -0.073181, -0.042072, -0.996431, 0.108891, -0.996637, -0.033854, 0.074626, 0.062426, -0.036873, 0.998541, -0.039453, 0.049656, 0.000000, 0.000000, 0.000000, 1.000000
-29.9674, 38.4563, -30.1514, 211.5154, 233.5340, -38.4567, 230.0935, 108.8955, 62.4259, 49.6563, 0.590085, 0.793390, -0.149438, 0.038456, -0.640688, 0.572814, 0.511275, -0.030151, 0.491241, -0.205952, 0.846325, 0.211515, 0.000000, 0.000000, 0.000000, 1.000000, 0.491638, -0.206310, 0.846008, 0.233534, -0.590086, -0.793390, 0.149437, -0.038457, 0.640383, -0.572686, -0.511801, 0.230094, 0.000000, 0.000000, 0.000000, 1.000000, -0.073181, -0.042072, -0.996431, 0.108895, -0.996637, -0.033854, 0.074626, 0.062426, -0.036873, 0.998541, -0.039453, 0.049656, 0.000000, 0.000000, 0.000000, 1.000000
-29.9589, 38.4466, -30.1406, 211.5096, 233.5282, -38.4470, 230.0827, 108.9049, 62.4250, 49.6564, 0.590102, 0.793395, -0.149346, 0.038447, -0.640767, 0.572806, 0.511186, -0.030141, 0.491119, -0.205956, 0.846395, 0.211510, 0.000000, 0.000000, 0.000000, 1.000000, 0.491515, -0.206313, 0.846078, 0.233528, -0.590103, -0.793395, 0.149344, -0.038447, 0.640462, -0.572678, -0.511712, 0.230083, 0.000000, 0.000000, 0.000000, 1.000000, -0.073181, -0.042073, -0.996431, 0.108905, -0.996637, -0.033854, 0.074626, 0.062425, -0.036873, 0.998541, -0.039454, 0.049656, 0.000000, 0.000000, 0.000000, 1.000000
-29.9542, 38.4413, -30.1351, 211.5061, 233.5247, -38.4417, 230.0772, 108.9102, 62.4245, 49.6564, 0.590111, 0.793398, -0.149295, 0.038441, -0.640811, 0.572802, 0.511136, -0.030135, 0.491050, -0.205957, 0.846434, 0.211506, 0.000000, 0.000000, 0.000000, 1.000000, 0.491447, -0.206314, 0.846117, 0.233525, -0.590112, -0.793397, 0.149293, -0.038442, 0.640506, -0.572674, -0.511662, 0.230077, 0.000000, 0.000000, 0.000000, 1.000000, -0.073181, -0.042073, -0.996431, 0.108910, -0.996637, -0.033854, 0.074626, 0.062425, -0.036873, 0.998541, -0.039454, 0.049656, 0.000000, 0.000000, 0.000000, 1.000000
-29.9440, 38.4300, -30.1238, 211.4979, 233.5165, -38.4304, 230.0658, 108.9218, 62.4233, 49.6564, 0.590132, 0.793403, -0.149184, 0.038430, -0.640907, 0.572794, 0.511024, -0.030124, 0.490900, -0.205958, 0.846521, 0.211498, 0.000000, 0.000000, 0.000000, 1.000000, 0.491297, -0.206316, 0.846204, 0.233517, -0.590133, -0.793403, 0.149183, -0.038430, 0.640602, -0.572666, -0.511550, 0.230066, 0.000000, 0.000000, 0.000000, 1.000000, -0.073181, -0.042074, -0.996431, 0.108922, -0.996637, -0.033853, 0.074626, 0.062423, -0.036872, 0.998541, -0.039455, 0.049656, 0.000000, 0.000000, 0.000000, 1.000000
-29.9326, 38.4176, -30.1120, 211.4883, 233.5069, -38.4180, 230.0540, 108.9350, 62.4220, 49.6565, 0.590156, 0.793408, -0.149062, 0.038418, -0.641014, 0.572786, 0.510898, -0.030112, 0.490731, -0.205958, 0.846619, 0.211488, 0.000000, 0.000000, 0.000000, 1.000000, 0.491129, -0.206316, 0.846302, 0.233507, -0.590157, -0.793408, 0.149060, -0.038418, 0.640709, -0.572658, -0.511424, 0.230054, 0.000000, 0.000000, 0.000000, 1.000000, -0.073181, -0.042075, -0.996431, 0.108935, -0.996637, -0.033853, 0.074626, 0.062422, -0.036872, 0.998541, -0.039456, 0.049656, 0.000000, 0.000000, 0.000000, 1.000000
-29.9266, 38.4110, -30.1059, 211.4830, 233.5016, -38.4115, 230.0479, 108.9420, 62.4212, 49.6565, 0.590168, 0.793411, -0.148996, 0.038411, -0.641072, 0.572783, 0.510830, -0.030106, 0.490640, -0.205958, 0.846672, 0.211483, 0.000000, 0.000000, 0.000000, 1.000000, 0.491038, -0.206316, 0.846354, 0.233502, -0.590169, -0.793411, 0.148995, -0.038411, 0.640767, -0.572654, -0.511356, 0.230048, 0.000000, 0.000000, 0.000000, 1.000000, -0.073181, -0.042075, -0.996431, 0.108942, -0.996637, -0.033853, 0.074626, 0.062421, -0.036872, 0.998541, -0.039456, 0.049656, 0.000000, 0.000000, 0.000000, 1.000000
-29.9137, 38.3971, -30.0934, 211.4714, 233.4900, -38.3975, 230.0353, 108.9572, 62.4196, 49.6565, 0.590196, 0.793417, -0.148857, 0.038397, -0.641196, 0.572775, 0.510683, -0.030093, 0.490446, -0.205956, 0.846785, 0.211471, 0.000000, 0.000000, 0.000000, 1.000000, 0.490844, -0.206314, 0.846467, 0.233490, -0.590197, -0.793417, 0.148855, -0.038398, 0.640890, -0.572647, -0.511210, 0.230035, 0.000000, 0.000000, 0.000000, 1.000000, -0.073181, -0.042076, -0.996431, 0.108957, -0.996637, -0.033853, 0.074626, 0.062420, -0.036872, 0.998541, -0.039457, 0.049657, 0.000000, 0.000000, 0.000000, 1.000000
-29.9068, 38.3898, -30.0869, 211.4652, 233.4838, -38.3902, 230.0288, 108.9653, 62.4187, 49.6566, 0.590210, 0.793420, -0.148783, 0.038390, -0.641261, 0.572771, 0.510605, -0.030087, 0.490343, -0.205955, 0.846845, 0.211465, 0.000000, 0.000000, 0.000000, 1.000000, 0.490740, -0.206313, 0.846527, 0.233484, -0.590211, -0.793420, 0.148781, -0.038390, 0.640956, -0.572643, -0.511132, 0.230029, 0.000000, 0.000000, 0.000000, 1.000000, -0.073181, -0.042076, -0.996431, 0.108965, -0.996637, -0.033853, 0.074626, 0.062419, -0.036872, 0.998541, -0.039457, 0.049657, 0.000000, 0.000000, 0.000000, 1.000000
-29.8924, 38.3744, -30.0735, 211.4519, 233.4705, -38.3748, 230.0153, 108.9823, 62.4169, 49.6566, 0.590241, 0.793426, -0.148628, 0.038374, -0.641399, 0.572764, 0.510440, -0.030074, 0.490125, -0.205952, 0.846972, 0.211452, 0.000000, 0.000000, 0.000000, 1.000000, 0.490523, -0.206311, 0.846654, 0.233470, -0.590242, -0.793426, 0.148626, -0.038375, 0.641094, -0.572636, -0.510967, 0.230015, 0.000000, 0.000000, 0.000000, 1.000000, -0.073181, -0.042077, -0.996431, 0.108982, -0.996637, -0.033852, 0.074626, 0.062417, -0.036871, 0.998541, -0.039458, 0.049657, 0.000000, 0.000000, 0.000000, 1.000000
-29.8771, 38.3581, -30.0595, 211.4375, 233.4561, -38.3585, 230.0013, 109.0005, 62.4149, 49.6567, 0.590274, 0.793433, -0.148463, 0.038358, -0.641546, 0.572756, 0.510263, -0.030060, 0.489893, -0.205949, 0.847107, 0.211437, 0.000000, 0.000000, 0.000000, 1.000000, 0.490291, -0.206307, 0.846789, 0.233456, -0.590275, -0.793432, 0.148462, -0.038359, 0.641241, -0.572628, -0.510791, 0.230001, 0.000000, 0.000000, 0.000000, 1.000000, -0.073181, -0.042078, -0.996431, 0.109001, -0.996637, -0.033852, 0.074626, 0.062415, -0.036871, 0.998541, -0.039459, 0.049657, 0.000000, 0.000000, 0.000000, 1.000000
-29.8771, 38.3581, -30.0595, 211.4375, 233.4561, -38.3585, 230.0013, 109.0005, 62.4149, 49.6567, 0.590274, 0.793433, -0.148463, 0.038358, -0.641546, 0.572756, 0.510263, -0.030060, 0.489893, -0.205949, 0.847107, 0.211437, 0.000000, 0.000000, 0.000000, 1.000000, 0.490291, -0.206307, 0.846789, 0.233456, -0.590275, -0.793432, 0.148462, -0.038359, 0.641241, -0.572628, -0.510791, 0.230001, 0.000000, 0.000000, 0.000000, 1.000000, -0.073181, -0.042078, -0.996431, 0.109001, -0.996637, -0.033852, 0.074626, 0.062415, -0.036871, 0.998541, -0.039459, 0.049657, 0.000000, 0.000000, 0.000000, 1.000000
-29.8527, 38.3322, -30.0375, 211.4143, 233.4329, -38.3326, 229.9792, 109.0296, 62.4116, 49.6568, 0.590327, 0.793442, -0.148201, 0.038332, -0.641781, 0.572745, 0.509981, -0.030037, 0.489521, -0.205943, 0.847323, 0.211414, 0.000000, 0.000000, 0.000000, 1.000000, 0.489920, -0.206301, 0.847006, 0.233433, -0.590328, -0.793442, 0.148199, -0.038333, 0.641476, -0.572617, -0.510508, 0.229979, 0.000000, 0.000000, 0.000000, 1.000000, -0.073181, -0.042079, -0.996431, 0.109030, -0.996637, -0.033851, 0.074626, 0.062412, -0.036870, 0.998541, -0.039460, 0.049657, 0.000000, 0.000000, 0.000000, 1.000000
-29.8269, 38.3048, -30.0144, 211.3896, 233.4082, -38.3052, 229.9561, 109.0604, 62.4081, 49.6570, 0.590382, 0.793453, -0.147924, 0.038305, -0.642029, 0.572733, 0.509681, -0.030014, 0.489129, -0.205935, 0.847551, 0.211390, 0.000000, 0.000000, 0.000000, 1.000000, 0.489528, -0.206294, 0.847234, 0.233408, -0.590383, -0.793452, 0.147922, -0.038305, 0.641724, -0.572605, -0.510209, 0.229956, 0.000000, 0.000000, 0.000000, 1.000000, -0.073181, -0.042081, -0.996431, 0.109060, -0.996637, -0.033850, 0.074626, 0.062408, -0.036870, 0.998541, -0.039462, 0.049657, 0.000000, 0.000000, 0.000000, 1.000000
-29.8180, 38.2954, -30.0064, 211.3811, 233.3997, -38.2958, 229.9481, 109.0710, 62.4069, 49.6570, 0.590402, 0.793456, -0.147828, 0.038295, -0.642115, 0.572729, 0.509578, -0.030006, 0.488994, -0.205933, 0.847630, 0.211381, 0.000000, 0.000000, 0.000000, 1.000000, 0.489392, -0.206291, 0.847313, 0.233400, -0.590403, -0.793456, 0.147827, -0.038296, 0.641810, -0.572601, -0.510106, 0.229948, 0.000000, 0.000000, 0.000000, 1.000000, -0.073181, -0.042081, -0.996430, 0.109071, -0.996637, -0.033850, 0.074626, 0.062407, -0.036869, 0.998541, -0.039462, 0.049657, 0.000000, 0.000000, 0.000000, 1.000000
-29.8090, 38.2858, -29.9983, 211.3725, 233.3911, -38.2863, 229.9400, 109.0818, 62.4057, 49.6571, 0.590421, 0.793460, -0.147732, 0.038286, -0.642201, 0.572725, 0.509473, -0.029998, 0.488856, -0.205930, 0.847710, 0.211373, 0.000000, 0.000000, 0.000000, 1.000000, 0.489255, -0.206289, 0.847393, 0.233391, -0.590422, -0.793459, 0.147730, -0.038286, 0.641897, -0.572597, -0.510002, 0.229940, 0.000000, 0.000000, 0.000000, 1.000000, -0.073181, -0.042082, -0.996430, 0.109082, -0.996637, -0.033850, 0.074626, 0.062406, -0.036869, 0.998541, -0.039463, 0.049657, 0.000000, 0.000000, 0.000000, 1.000000
-29.7998, 38.2761, -29.9900, 211.3638, 233.3823, -38.2765, 229.9317, 109.0927, 62.4045, 49.6571, 0.590441, 0.793463, -0.147633, 0.038276, -0.642289, 0.572721, 0.509367, -0.029990, 0.488717, -0.205928, 0.847791, 0.211364, 0.000000, 0.000000, 0.000000, 1.000000, 0.489116, -0.206286, 0.847474, 0.233382, -0.590442, -0.793463, 0.147632, -0.038277, 0.641984, -0.572593, -0.509895, 0.229932, 0.000000, 0.000000, 0.000000, 1.000000, -0.073181, -0.042082, -0.996430, 0.109093, -0.996637, -0.033849, 0.074626, 0.062404, -0.036869, 0.998541, -0.039463, 0.049657, 0.000000, 0.000000, 0.000000, 1.000000
-29.7812, 38.2563, -29.9731, 211.3460, 233.3646, -38.2568, 229.9148, 109.1149, 62.4019, 49.6572, 0.590481, 0.793471, -0.147433, 0.038256, -0.642468, 0.572713, 0.509151, -0.029973, 0.488433, -0.205923, 0.847956, 0.211346, 0.000000, 0.000000, 0.000000, 1.000000, 0.488832, -0.206281, 0.847638, 0.233365, -0.590482, -0.793470, 0.147432, -0.038257, 0.642163, -0.572585, -0.509679, 0.229915, 0.000000, 0.000000, 0.000000, 1.000000, -0.073181, -0.042083, -0.996430, 0.109115, -0.996637, -0.033849, 0.074626, 0.062402, -0.036868, 0.998541, -0.039464, 0.049657, 0.000000, 0.000000, 0.000000, 1.000000
-29.7525, 38.2259, -29.9468, 211.3189, 233.3375, -38.2263, 229.8885, 109.1490, 62.3980, 49.6574, 0.590543, 0.793482, -0.147126, 0.038226, -0.642742, 0.572700, 0.508820, -0.029947, 0.487998, -0.205916, 0.848208, 0.211319, 0.000000, 0.000000, 0.000000, 1.000000, 0.488398, -0.206274, 0.847891, 0.233337, -0.590544, -0.793481, 0.147124, -0.038226, 0.642437, -0.572572, -0.509348, 0.229888, 0.000000, 0.000000, 0.000000, 1.000000, -0.073181, -0.042085, -0.996430, 0.109149, -0.996637, -0.033848, 0.074626, 0.062398, -0.036868, 0.998541, -0.039466, 0.049657, 0.000000, 0.000000, 0.000000, 1.000000
-29.7429, 38.2156, -29.9378, 211.3098, 233.3284, -38.2160, 229.8795, 109.1605, 62.3967, 49.6575, 0.590564, 0.793485, -0.147022, 0.038216, -0.642834, 0.572696, 0.508708, -0.029938, 0.487851, -0.205913, 0.848293, 0.211310, 0.000000, 0.000000, 0.000000, 1.000000, 0.488251, -0.206272, 0.847976, 0.233328, -0.590565, -0.793485, 0.147021, -0.038216, 0.642530, -0.572567, -0.509237, 0.229879, 0.000000, 0.000000, 0.000000, 1.000000, -0.073181, -0.042085, -0.996430, 0.109160, -0.996637, -0.033848, 0.074626, 0.062397, -0.036867, 0.998541, -0.039466, 0.049657, 0.000000, 0.000000, 0.000000, 1.000000
-29.7233, 38.1948, -29.9195, 211.2916, 233.3101, -38.1952, 229.8612, 109.1836, 62.3940, 49.6576, 0.590605, 0.793493, -0.146813, 0.038195, -0.643020, 0.572687, 0.508483, -0.029920, 0.487556, -0.205909, 0.848464, 0.211292, 0.000000, 0.000000, 0.000000, 1.000000, 0.487955, -0.206268, 0.848147, 0.233310, -0.590606, -0.793493, 0.146811, -0.038195, 0.642716, -0.572558, -0.509012, 0.229861, 0.000000, 0.000000, 0.000000, 1.000000, -0.073181, -0.042086, -0.996430, 0.109184, -0.996637, -0.033847, 0.074626, 0.062394, -0.036867, 0.998541, -0.039468, 0.049658, 0.000000, 0.000000, 0.000000, 1.000000
-29.7036, 38.1738, -29.9008, 211.2734, 233.2919, -38.1742, 229.8425, 109.2069, 62.3914, 49.6578, 0.590647, 0.793501, -0.146602, 0.038174, -0.643207, 0.572678, 0.508257, -0.029901, 0.487258, -0.205905, 0.848636, 0.211273, 0.000000, 0.000000, 0.000000, 1.000000, 0.487658, -0.206264, 0.848319, 0.233292, -0.590648, -0.793500, 0.146601, -0.038174, 0.642903, -0.572549, -0.508786, 0.229842, 0.000000, 0.000000, 0.000000, 1.000000, -0.073181, -0.042087, -0.996430, 0.109207, -0.996637, -0.033846, 0.074626, 0.062391, -0.036866, 0.998540, -0.039469, 0.049658, 0.000000, 0.000000, 0.000000, 1.000000
-29.6938, 38.1633, -29.8913, 211.2643, 233.2828, -38.1637, 229.8330, 109.2185, 62.3900, 49.6578, 0.590668, 0.793505, -0.146497, 0.038163, -0.643300, 0.572673, 0.508144, -0.029891, 0.487109, -0.205903, 0.848722, 0.211264, 0.000000, 0.000000, 0.000000, 1.000000, 0.487509, -0.206262, 0.848405, 0.233283, -0.590669, -0.793504, 0.146495, -0.038164, 0.642997, -0.572544, -0.508673, 0.229833, 0.000000, 0.000000, 0.000000, 1.000000, -0.073181, -0.042088, -0.996430, 0.109219, -0.996637, -0.033846, 0.074626, 0.062390, -0.036866, 0.998540, -0.039469, 0.049658, 0.000000, 0.000000, 0.000000, 1.000000
-29.6740, 38.1421, -29.8721, 211.2463, 233.2648, -38.1425, 229.8138, 109.2418, 62.3874, 49.6580, 0.590710, 0.793513, -0.146285, 0.038142, -0.643487, 0.572663, 0.507918, -0.029872, 0.486812, -0.205900, 0.848893, 0.211246, 0.000000, 0.000000, 0.000000, 1.000000, 0.487212, -0.206258, 0.848577, 0.233265, -0.590711, -0.793512, 0.146284, -0.038143, 0.643184, -0.572535, -0.508448, 0.229814, 0.000000, 0.000000, 0.000000, 1.000000, -0.073182, -0.042089, -0.996430, 0.109242, -0.996637, -0.033845, 0.074626, 0.062387, -0.036866, 0.998540, -0.039470, 0.049658, 0.000000, 0.000000, 0.000000, 1.000000
-29.6642, 38.1315, -29.8624, 211.2374, 233.2559, -38.1320, 229.8041, 109.2534, 62.3860, 49.6580, 0.590731, 0.793516, -0.146180, 0.038132, -0.643580, 0.572658, 0.507806, -0.029862, 0.486663, -0.205898, 0.848979, 0.211237, 0.000000, 0.000000, 0.000000, 1.000000, 0.487063, -0.206257, 0.848662, 0.233256, -0.590732, -0.793516, 0.146178, -0.038132, 0.643277, -0.572530, -0.508335, 0.229804, 0.000000, 0.000000, 0.000000, 1.000000, -0.073182, -0.042089, -0.996430, 0.109253, -0.996637, -0.033845, 0.074626, 0.062386, -0.036865, 0.998540, -0.039471, 0.049658, 0.000000, 0.000000, 0.000000, 1.000000
-29.6445, 38.1104, -29.8429, 211.2197, 233.2382, -38.1108, 229.7845, 109.2764, 62.3834, 49.6582, 0.590773, 0.793524, -0.145969, 0.038110, -0.643766, 0.572648, 0.507582, -0.029843, 0.486367, -0.205895, 0.849149, 0.211220, 0.000000, 0.000000, 0.000000, 1.000000, 0.486768, -0.206254, 0.848832, 0.233238, -0.590774, -0.793524, 0.145967, -0.038111, 0.643462, -0.572520, -0.508111, 0.229785, 0.000000, 0.000000, 0.000000, 1.000000, -0.073182, -0.042090, -0.996430, 0.109276, -0.996637, -0.033844, 0.074626, 0.062383, -0.036865, 0.998540, -0.039472, 0.049658, 0.000000, 0.000000, 0.000000, 1.000000
-29.6347, 38.0998, -29.8330, 211.2110, 233.2295, -38.1002, 229.7747, 109.2879, 62.3820, 49.6583, 0.590793, 0.793528, -0.145864, 0.038100, -0.643858, 0.572643, 0.507470, -0.029833, 0.486220, -0.205894, 0.849233, 0.211211, 0.000000, 0.000000, 0.000000, 1.000000, 0.486621, -0.206253, 0.848917, 0.233229, -0.590794, -0.793528, 0.145862, -0.038100, 0.643555, -0.572515, -0.508000, 0.229775, 0.000000, 0.000000, 0.000000, 1.000000, -0.073182, -0.042091, -0.996430, 0.109288, -0.996637, -0.033844, 0.074626, 0.062382, -0.036864, 0.998540, -0.039473, 0.049658, 0.000000, 0.000000, 0.000000, 1.000000
-29.6152, 38.0788, -29.8131, 211.1938, 233.2123, -38.0792, 229.7548, 109.3107, 62.3794, 49.6584, 0.590834, 0.793536, -0.145655, 0.038079, -0.644041, 0.572633, 0.507250, -0.029813, 0.485928, -0.205892, 0.849401, 0.211194, 0.000000, 0.000000, 0.000000, 1.000000, 0.486328, -0.206251, 0.849085, 0.233212, -0.590835, -0.793536, 0.145653, -0.038079, 0.643738, -0.572504, -0.507779, 0.229755, 0.000000, 0.000000, 0.000000, 1.000000, -0.073182, -0.042092, -0.996430, 0.109311, -0.996637, -0.033844, 0.074627, 0.062379, -0.036864, 0.998540, -0.039474, 0.049658, 0.000000, 0.000000, 0.000000, 1.000000
-29.6055, 38.0683, -29.8031, 211.1853, 233.2038, -38.0687, 229.7448, 109.3219, 62.3781, 49.6585, 0.590854, 0.793540, -0.145551, 0.038068, -0.644132, 0.572628, 0.507140, -0.029803, 0.485783, -0.205892, 0.849484, 0.211185, 0.000000, 0.000000, 0.000000, 1.000000, 0.486184, -0.206251, 0.849168, 0.233204, -0.590855, -0.793540, 0.145550, -0.038069, 0.643829, -0.572499, -0.507670, 0.229745, 0.000000, 0.000000, 0.000000, 1.000000, -0.073182, -0.042092, -0.996430, 0.109322, -0.996637, -0.033843, 0.074627, 0.062378, -0.036864, 0.998540, -0.039474, 0.049658, 0.000000, 0.000000, 0.000000, 1.000000
-29.5862, 38.0474, -29.7830, 211.1687, 233.1872, -38.0479, 229.7247, 109.3443, 62.3755, 49.6586, 0.590894, 0.793548, -0.145345, 0.038047, -0.644312, 0.572617, 0.506924, -0.029783, 0.485496, -0.205891, 0.849649, 0.211169, 0.000000, 0.000000, 0.000000, 1.000000, 0.485896, -0.206249, 0.849333, 0.233187, -0.590895, -0.793548, 0.145344, -0.038048, 0.644009, -0.572489, -0.507454, 0.229725, 0.000000, 0.000000, 0.000000, 1.000000, -0.073182, -0.042094, -0.996430, 0.109344, -0.996637, -0.033843, 0.074627, 0.062376, -0.036863, 0.998540, -0.039475, 0.049659, 0.000000, 0.000000, 0.000000, 1.000000
-29.5862, 38.0474, -29.7830, 211.1687, 233.1872, -38.0479, 229.7247, 109.3443, 62.3755, 49.6586, 0.590894, 0.793548, -0.145345, 0.038047, -0.644312, 0.572617, 0.506924, -0.029783, 0.485496, -0.205891, 0.849649, 0.211169, 0.000000, 0.000000, 0.000000, 1.000000, 0.485896, -0.206249, 0.849333, 0.233187, -0.590895, -0.793548, 0.145344, -0.038048, 0.644009, -0.572489, -0.507454, 0.229725, 0.000000, 0.000000, 0.000000, 1.000000, -0.073182, -0.042094, -0.996430, 0.109344, -0.996637, -0.033843, 0.074627, 0.062376, -0.036863, 0.998540, -0.039475, 0.049659, 0.000000, 0.000000, 0.000000, 1.000000
-29.5578, 38.0165, -29.7527, 211.1445, 233.1630, -38.0169, 229.6944, 109.3772, 62.3718, 49.6589, 0.590953, 0.793560, -0.145041, 0.038017, -0.644577, 0.572601, 0.506606, -0.029753, 0.485073, -0.205890, 0.849890, 0.211145, 0.000000, 0.000000, 0.000000, 1.000000, 0.485473, -0.206249, 0.849575, 0.233163, -0.590954, -0.793560, 0.145039, -0.038017, 0.644274, -0.572472, -0.507136, 0.229694, 0.000000, 0.000000, 0.000000, 1.000000, -0.073182, -0.042095, -0.996430, 0.109377, -0.996637, -0.033842, 0.074627, 0.062372, -0.036862, 0.998540, -0.039477, 0.049659, 0.000000, 0.000000, 0.000000, 1.000000
-29.5391, 37.9962, -29.7324, 211.1290, 233.1474, -37.9966, 229.6742, 109.3986, 62.3693, 49.6590, 0.590991, 0.793568, -0.144842, 0.037996, -0.644749, 0.572590, 0.506398, -0.029732, 0.484796, -0.205890, 0.850048, 0.211129, 0.000000, 0.000000, 0.000000, 1.000000, 0.485197, -0.206249, 0.849732, 0.233147, -0.590992, -0.793568, 0.144840, -0.037997, 0.644447, -0.572461, -0.506928, 0.229674, 0.000000, 0.000000, 0.000000, 1.000000, -0.073182, -0.042096, -0.996430, 0.109399, -0.996637, -0.033841, 0.074627, 0.062369, -0.036862, 0.998540, -0.039478, 0.049659, 0.000000, 0.000000, 0.000000, 1.000000
-29.5300, 37.9862, -29.7224, 211.1214, 233.1398, -37.9866, 229.6642, 109.4091, 62.3681, 49.6591, 0.591010, 0.793572, -0.144744, 0.037986, -0.644834, 0.572584, 0.506297, -0.029722, 0.484661, -0.205891, 0.850125, 0.211121, 0.000000, 0.000000, 0.000000, 1.000000, 0.485062, -0.206249, 0.849810, 0.233140, -0.591011, -0.793571, 0.144742, -0.037987, 0.644532, -0.572456, -0.506827, 0.229664, 0.000000, 0.000000, 0.000000, 1.000000, -0.073182, -0.042097, -0.996430, 0.109409, -0.996637, -0.033841, 0.074627, 0.062368, -0.036862, 0.998540, -0.039479, 0.049659, 0.000000, 0.000000, 0.000000, 1.000000
-29.5119, 37.9663, -29.7022, 211.1066, 233.1250, -37.9668, 229.6440, 109.4299, 62.3657, 49.6592, 0.591047, 0.793580, -0.144550, 0.037966, -0.645002, 0.572573, 0.506096, -0.029702, 0.484393, -0.205892, 0.850278, 0.211107, 0.000000, 0.000000, 0.000000, 1.000000, 0.484794, -0.206251, 0.849962, 0.233125, -0.591048, -0.793579, 0.144548, -0.037967, 0.644699, -0.572444, -0.506626, 0.229644, 0.000000, 0.000000, 0.000000, 1.000000, -0.073182, -0.042098, -0.996430, 0.109430, -0.996637, -0.033841, 0.074627, 0.062366, -0.036861, 0.998540, -0.039480, 0.049659, 0.000000, 0.000000, 0.000000, 1.000000
-29.5029, 37.9565, -29.6921, 211.0993, 233.1177, -37.9569, 229.6340, 109.4401, 62.3645, 49.6593, 0.591065, 0.793584, -0.144454, 0.037957, -0.645084, 0.572567, 0.505997, -0.029692, 0.484261, -0.205893, 0.850353, 0.211099, 0.000000, 0.000000, 0.000000, 1.000000, 0.484661, -0.206251, 0.850037, 0.233118, -0.591066, -0.793583, 0.144452, -0.037957, 0.644782, -0.572439, -0.506527, 0.229634, 0.000000, 0.000000, 0.000000, 1.000000, -0.073182, -0.042098, -0.996430, 0.109440, -0.996637, -0.033840, 0.074627, 0.062365, -0.036861, 0.998540, -0.039480, 0.049659, 0.000000, 0.000000, 0.000000, 1.000000
-29.4852, 37.9370, -29.6720, 211.0851, 233.1035, -37.9375, 229.6138, 109.4603, 62.3622, 49.6595, 0.591101, 0.793591, -0.144264, 0.037937, -0.645247, 0.572556, 0.505802, -0.029672, 0.484000, -0.205894, 0.850501, 0.211085, 0.000000, 0.000000, 0.000000, 1.000000, 0.484400, -0.206253, 0.850186, 0.233104, -0.591102, -0.793591, 0.144262, -0.037937, 0.644945, -0.572427, -0.506332, 0.229614, 0.000000, 0.000000, 0.000000, 1.000000, -0.073182, -0.042099, -0.996430, 0.109460, -0.996637, -0.033840, 0.074627, 0.062362, -0.036861, 0.998540, -0.039481, 0.049659, 0.000000, 0.000000, 0.000000, 1.000000
-29.4677, 37.9178, -29.6519, 211.0713, 233.0897, -37.9182, 229.5938, 109.4801, 62.3600, 49.6596, 0.591136, 0.793599, -0.144077, 0.037918, -0.645407, 0.572544, 0.505611, -0.029652, 0.483743, -0.205897, 0.850646, 0.211071, 0.000000, 0.000000, 0.000000, 1.000000, 0.484144, -0.206255, 0.850331, 0.233090, -0.591137, -0.793599, 0.144075, -0.037918, 0.645106, -0.572416, -0.506141, 0.229594, 0.000000, 0.000000, 0.000000, 1.000000, -0.073182, -0.042100, -0.996430, 0.109480, -0.996637, -0.033839, 0.074627, 0.062360, -0.036860, 0.998540, -0.039482, 0.049660, 0.000000, 0.000000, 0.000000, 1.000000
-29.4506, 37.8988, -29.6318, 211.0580, 233.0763, -37.8992, 229.5738, 109.4996, 62.3578, 49.6598, 0.591171, 0.793607, -0.143893, 0.037899, -0.645564, 0.572533, 0.505424, -0.029632, 0.483491, -0.205899, 0.850789, 0.211058, 0.000000, 0.000000, 0.000000, 1.000000, 0.483892, -0.206258, 0.850474, 0.233076, -0.591172, -0.793606, 0.143891, -0.037899, 0.645263, -0.572404, -0.505954, 0.229574, 0.000000, 0.000000, 0.000000, 1.000000, -0.073182, -0.042102, -0.996430, 0.109500, -0.996637, -0.033839, 0.074627, 0.062358, -0.036860, 0.998540, -0.039484, 0.049660, 0.000000, 0.000000, 0.000000, 1.000000
-29.4421, 37.8894, -29.6218, 211.0514, 233.0697, -37.8898, 229.5638, 109.5092, 62.3567, 49.6598, 0.591188, 0.793611, -0.143802, 0.037889, -0.645642, 0.572527, 0.505331, -0.029622, 0.483367, -0.205901, 0.850859, 0.211051, 0.000000, 0.000000, 0.000000, 1.000000, 0.483768, -0.206259, 0.850544, 0.233070, -0.591189, -0.793610, 0.143800, -0.037890, 0.645341, -0.572398, -0.505861, 0.229564, 0.000000, 0.000000, 0.000000, 1.000000, -0.073182, -0.042102, -0.996430, 0.109509, -0.996637, -0.033839, 0.074627, 0.062357, -0.036860, 0.998540, -0.039484, 0.049660, 0.000000, 0.000000, 0.000000, 1.000000
-29.4253, 37.8708, -29.6019, 211.0386, 233.0569, -37.8712, 229.5439, 109.5281, 62.3545, 49.6600, 0.591221, 0.793618, -0.143622, 0.037871, -0.645795, 0.572515, 0.505149, -0.029602, 0.483121, -0.205904, 0.850998, 0.211039, 0.000000, 0.000000, 0.000000, 1.000000, 0.483522, -0.206262, 0.850683, 0.233057, -0.591222, -0.793618, 0.143620, -0.037871, 0.645494, -0.572386, -0.505679, 0.229544, 0.000000, 0.000000, 0.000000, 1.000000, -0.073182, -0.042103, -0.996430, 0.109528, -0.996637, -0.033838, 0.074627, 0.062355, -0.036859, 0.998540, -0.039485, 0.049660, 0.000000, 0.000000, 0.000000, 1.000000
-29.4170, 37.8615, -29.5919, 211.0323, 233.0506, -37.8620, 229.5340, 109.5375, 62.3534, 49.6601, 0.591238, 0.793622, -0.143533, 0.037862, -0.645871, 0.572509, 0.505059, -0.029592, 0.483000, -0.205906, 0.851066, 0.211032, 0.000000, 0.000000, 0.000000, 1.000000, 0.483401, -0.206264, 0.850752, 0.233051, -0.591239, -0.793622, 0.143531, -0.037862, 0.645570, -0.572381, -0.505589, 0.229534, 0.000000, 0.000000, 0.000000, 1.000000, -0.073182, -0.042104, -0.996429, 0.109537, -0.996637, -0.033838, 0.074627, 0.062353, -0.036859, 0.998540, -0.039486, 0.049660, 0.000000, 0.000000, 0.000000, 1.000000
-29.4006, 37.8433, -29.5721, 211.0199, 233.0382, -37.8437, 229.5142, 109.5560, 62.3513, 49.6602, 0.591270, 0.793630, -0.143357, 0.037843, -0.646020, 0.572497, 0.504881, -0.029572, 0.482760, -0.205910, 0.851201, 0.211020, 0.000000, 0.000000, 0.000000, 1.000000, 0.483161, -0.206268, 0.850887, 0.233038, -0.591271, -0.793630, 0.143355, -0.037844, 0.645720, -0.572369, -0.505411, 0.229514, 0.000000, 0.000000, 0.000000, 1.000000, -0.073182, -0.042105, -0.996429, 0.109556, -0.996637, -0.033838, 0.074627, 0.062351, -0.036859, 0.998540, -0.039487, 0.049660, 0.000000, 0.000000, 0.000000, 1.000000
-29.3924, 37.8342, -29.5623, 211.0139, 233.0321, -37.8346, 229.5043, 109.5651, 62.3503, 49.6603, 0.591286, 0.793634, -0.143270, 0.037834, -0.646094, 0.572491, 0.504793, -0.029562, 0.482642, -0.205911, 0.851268, 0.211014, 0.000000, 0.000000, 0.000000, 1.000000, 0.483043, -0.206270, 0.850954, 0.233032, -0.591287, -0.793633, 0.143268, -0.037835, 0.645794, -0.572363, -0.505323, 0.229504, 0.000000, 0.000000, 0.000000, 1.000000, -0.073182, -0.042105, -0.996429, 0.109565, -0.996637, -0.033837, 0.074627, 0.062350, -0.036859, 0.998540, -0.039487, 0.049660, 0.000000, 0.000000, 0.000000, 1.000000
-29.3763, 37.8162, -29.5426, 211.0019, 233.0202, -37.8167, 229.4847, 109.5831, 62.3483, 49.6604, 0.591318, 0.793641, -0.143097, 0.037816, -0.646241, 0.572479, 0.504620, -0.029543, 0.482407, -0.205916, 0.851400, 0.211002, 0.000000, 0.000000, 0.000000, 1.000000, 0.482808, -0.206273, 0.851086, 0.233020, -0.591319, -0.793641, 0.143095, -0.037817, 0.645940, -0.572351, -0.505149, 0.229485, 0.000000, 0.000000, 0.000000, 1.000000, -0.073182, -0.042106, -0.996429, 0.109583, -0.996637, -0.033837, 0.074627, 0.062348, -0.036858, 0.998540, -0.039488, 0.049660, 0.000000, 0.000000, 0.000000, 1.000000
-29.3763, 37.8162, -29.5426, 211.0019, 233.0202, -37.8167, 229.4847, 109.5831, 62.3483, 49.6604, 0.591318, 0.793641, -0.143097, 0.037816, -0.646241, 0.572479, 0.504620, -0.029543, 0.482407, -0.205916, 0.851400, 0.211002, 0.000000, 0.000000, 0.000000, 1.000000, 0.482808, -0.206273, 0.851086, 0.233020, -0.591319, -0.793641, 0.143095, -0.037817, 0.645940, -0.572351, -0.505149, 0.229485, 0.000000, 0.000000, 0.000000, 1.000000, -0.073182, -0.042106, -0.996429, 0.109583, -0.996637, -0.033837, 0.074627, 0.062348, -0.036858, 0.998540, -0.039488, 0.049660, 0.000000, 0.000000, 0.000000, 1.000000
-29.3525, 37.7896, -29.5133, 210.9845, 233.0027, -37.7900, 229.4555, 109.6098, 62.3453, 49.6606, 0.591364, 0.793653, -0.142841, 0.037790, -0.646456, 0.572461, 0.504364, -0.029513, 0.482061, -0.205922, 0.851595, 0.210984, 0.000000, 0.000000, 0.000000, 1.000000, 0.482462, -0.206280, 0.851281, 0.233003, -0.591365, -0.793652, 0.142839, -0.037790, 0.646156, -0.572333, -0.504893, 0.229455, 0.000000, 0.000000, 0.000000, 1.000000, -0.073182, -0.042108, -0.996429, 0.109610, -0.996637, -0.033836, 0.074627, 0.062345, -0.036858, 0.998540, -0.039490, 0.049661, 0.000000, 0.000000, 0.000000, 1.000000
-29.3447, 37.7808, -29.5036, 210.9788, 232.9970, -37.7812, 229.4458, 109.6185, 62.3443, 49.6607, 0.591380, 0.793657, -0.142757, 0.037781, -0.646528, 0.572455, 0.504279, -0.029504, 0.481946, -0.205924, 0.851659, 0.210979, 0.000000, 0.000000, 0.000000, 1.000000, 0.482347, -0.206282, 0.851345, 0.232997, -0.591381, -0.793656, 0.142755, -0.037781, 0.646228, -0.572327, -0.504809, 0.229446, 0.000000, 0.000000, 0.000000, 1.000000, -0.073182, -0.042108, -0.996429, 0.109619, -0.996637, -0.033836, 0.074627, 0.062344, -0.036858, 0.998540, -0.039490, 0.049661, 0.000000, 0.000000, 0.000000, 1.000000
-29.3291, 37.7633, -29.4842, 210.9675, 232.9857, -37.7638, 229.4265, 109.6359, 62.3423, 49.6608, 0.591410, 0.793664, -0.142589, 0.037763, -0.646669, 0.572443, 0.504112, -0.029484, 0.481720, -0.205929, 0.851786, 0.210967, 0.000000, 0.000000, 0.000000, 1.000000, 0.482121, -0.206286, 0.851473, 0.232986, -0.591411, -0.793664, 0.142588, -0.037764, 0.646369, -0.572315, -0.504642, 0.229426, 0.000000, 0.000000, 0.000000, 1.000000, -0.073182, -0.042109, -0.996429, 0.109636, -0.996637, -0.033836, 0.074627, 0.062342, -0.036858, 0.998540, -0.039491, 0.049661, 0.000000, 0.000000, 0.000000, 1.000000
