# Joint_A_Angle(deg), Cam_X(mm), Cam_Y(mm), Cam_Z(mm), Torso_X(mm), Torso_Y(mm), Torso_Z(mm), EE_X(mm), EE_Y(mm), EE_Z(mm), T_cam2marker_flat(16), T_torso2marker_flat(16), T_ee2marker_flat(16)
-19.9982, 74.6992, 106.6650, 493.5050, 562.5005, -65.6995, 150.3606, 85.5201, 4.4503, -12.8899, -0.374711, -0.779356, -0.502191, 0.074699, 0.877831, -0.123935, -0.462658, 0.106665, 0.298337, -0.614202, 0.730583, 0.493505, 0.000000, 0.000000, 0.000000, 1.000000, 0.298259, -0.614190, 0.730624, 0.562501, 0.374710, 0.779357, 0.502190, -0.065700, -0.877857, 0.123990, 0.462594, 0.150361, 0.000000, 0.000000, 0.000000, 1.000000, 0.008841, 0.092413, -0.995681, 0.085520, -0.998806, -0.047018, -0.013232, 0.004450, -0.048038, 0.994610, 0.091887, -0.012890, 0.000000, 0.000000, 0.000000, 1.000000
-19.9982, 74.6992, 106.6646, 493.5050, 562.5005, -65.6996, 150.3610, 85.5201, 4.4503, -12.8899, -0.374710, -0.779357, -0.502191, 0.074699, 0.877831, -0.123934, -0.462659, 0.106665, 0.298337, -0.614202, 0.730583, 0.493505, 0.000000, 0.000000, 0.000000, 1.000000, 0.298260, -0.614190, 0.730624, 0.562501, 0.374710, 0.779357, 0.502190, -0.065700, -0.877857, 0.123989, 0.462594, 0.150361, 0.000000, 0.000000, 0.000000, 1.000000, 0.008841, 0.092413, -0.995681, 0.085520, -0.998806, -0.047018, -0.013232, 0.004450, -0.048038, 0.994610, 0.091887, -0.012890, 0.000000, 0.000000, 0.000000, 1.000000
-19.9982, 74.6994, 106.6643, 493.5049, 562.5005, -65.6997, 150.3614, 85.5201, 4.4503, -12.8899, -0.374709, -0.779357, -0.502191, 0.074699, 0.877831, -0.123933, -0.462659, 0.106664, 0.298339, -0.614201, 0.730582, 0.493505, 0.000000, 0.000000, 0.000000, 1.000000, 0.298261, -0.614190, 0.730624, 0.562501, 0.374709, 0.779357, 0.502191, -0.065700, -0.877857, 0.123987, 0.462594, 0.150361, 0.000000, 0.000000, 0.000000, 1.000000, 0.008841, 0.092413, -0.995681, 0.085520, -0.998806, -0.047018, -0.013232, 0.004450, -0.048038, 0.994610, 0.091887, -0.012890, 0.000000, 0.000000, 0.000000, 1.000000
-19.9982, 74.6994, 106.6644, 493.5049, 562.5005, -65.6998, 150.3614, 85.5201, 4.4503, -12.8899, -0.374708, -0.779357, -0.502191, 0.074699, 0.877831, -0.123932, -0.462659, 0.106664, 0.298339, -0.614201, 0.730582, 0.493505, 0.000000, 0.000000, 0.000000, 1.000000, 0.298261, -0.614190, 0.730624, 0.562501, 0.374708, 0.779357, 0.502191, -0.065700, -0.877858, 0.123986, 0.462594, 0.150361, 0.000000, 0.000000, 0.000000, 1.000000, 0.008841, 0.092413, -0.995681, 0.085520, -0.998806, -0.047018, -0.013232, 0.004450, -0.048038, 0.994610, 0.091887, -0.012890, 0.000000, 0.000000, 0.000000, 1.000000
-19.9982, 74.6994, 106.6645, 493.5050, 562.5005, -65.6998, 150.3613, 85.5201, 4.4503, -12.8899, -0.374708, -0.779357, -0.502192, 0.074699, 0.877831, -0.123932, -0.462659, 0.106665, 0.298339, -0.614201, 0.730582, 0.493505, 0.000000, 0.000000, 0.000000, 1.000000, 0.298261, -0.614190, 0.730624, 0.562501, 0.374708, 0.779357, 0.502191, -0.065700, -0.877858, 0.123986, 0.462594, 0.150361, 0.000000, 0.000000, 0.000000, 1.000000, 0.008840, 0.092413, -0.995681, 0.085520, -0.998806, -0.047018, -0.013232, 0.004450, -0.048038, 0.994610, 0.091887, -0.012890, 0.000000, 0.000000, 0.000000, 1.000000
-19.9982, 74.6995, 106.6655, 493.5051, 562.5007, -65.6999, 150.3604, 85.5201, 4.4503, -12.8899, -0.374707, -0.779357, -0.502192, 0.074700, 0.877832, -0.123932, -0.462657, 0.106666, 0.298337, -0.614201, 0.730583, 0.493505, 0.000000, 0.000000, 0.000000, 1.000000, 0.298261, -0.614190, 0.730624, 0.562501, 0.374707, 0.779358, 0.502192, -0.065700, -0.877858, 0.123986, 0.462593, 0.150360, 0.000000, 0.000000, 0.000000, 1.000000, 0.008840, 0.092413, -0.995681, 0.085520, -0.998806, -0.047018, -0.013232, 0.004450, -0.048038, 0.994610, 0.091887, -0.012890, 0.000000, 0.000000, 0.000000, 1.000000
-19.9982, 74.6995, 106.6660, 493.5052, 562.5008, -65.6999, 150.3600, 85.5201, 4.4503, -12.8899, -0.374707, -0.779357, -0.502192, 0.074700, 0.877832, -0.123932, -0.462657, 0.106666, 0.298337, -0.614201, 0.730583, 0.493505, 0.000000, 0.000000, 0.000000, 1.000000, 0.298260, -0.614190, 0.730624, 0.562501, 0.374707, 0.779358, 0.502192, -0.065700, -0.877859, 0.123986, 0.462592, 0.150360, 0.000000, 0.000000, 0.000000, 1.000000, 0.008840, 0.092413, -0.995681, 0.085520, -0.998806, -0.047018, -0.013232, 0.004450, -0.048038, 0.994610, 0.091887, -0.012890, 0.000000, 0.000000, 0.000000, 1.000000
-19.9982, 74.6996, 106.6671, 493.5053, 562.5009, -65.7000, 150.3590, 85.5201, 4.4503, -12.8899, -0.374707, -0.779357, -0.502193, 0.074700, 0.877833, -0.123933, -0.462655, 0.106667, 0.298335, -0.614201, 0.730584, 0.493505, 0.000000, 0.000000, 0.000000, 1.000000, 0.298259, -0.614190, 0.730625, 0.562501, 0.374706, 0.779358, 0.502192, -0.065700, -0.877859, 0.123987, 0.462591, 0.150359, 0.000000, 0.000000, 0.000000, 1.000000, 0.008840, 0.092413, -0.995681, 0.085520, -0.998806, -0.047018, -0.013232, 0.004450, -0.048038, 0.994610, 0.091887, -0.012890, 0.000000, 0.000000, 0.000000, 1.000000
-19.9982, 74.6996, 106.6677, 493.5054, 562.5010, -65.7000, 150.3585, 85.5201, 4.4503, -12.8899, -0.374706, -0.779357, -0.502193, 0.074700, 0.877834, -0.123933, -0.462654, 0.106668, 0.298334, -0.614201, 0.730585, 0.493505, 0.000000, 0.000000, 0.000000, 1.000000, 0.298258, -0.614190, 0.730625, 0.562501, 0.374706, 0.779358, 0.502192, -0.065700, -0.877860, 0.123987, 0.462590, 0.150358, 0.000000, 0.000000, 0.000000, 1.000000, 0.008840, 0.092413, -0.995681, 0.085520, -0.998806, -0.047018, -0.013232, 0.004450, -0.048038, 0.994610, 0.091887, -0.012890, 0.000000, 0.000000, 0.000000, 1.000000
-19.9981, 74.6997, 106.6690, 493.5055, 562.5011, -65.7001, 150.3574, 85.5201, 4.4503, -12.8899, -0.374704, -0.779358, -0.502194, 0.074700, 0.877835, -0.123934, -0.462651, 0.106669, 0.298332, -0.614200, 0.730586, 0.493505, 0.000000, 0.000000, 0.000000, 1.000000, 0.298255, -0.614189, 0.730627, 0.562501, 0.374704, 0.779358, 0.502193, -0.065700, -0.877861, 0.123987, 0.462587, 0.150357, 0.000000, 0.000000, 0.000000, 1.000000, 0.008840, 0.092413, -0.995681, 0.085520, -0.998806, -0.047018, -0.013232, 0.004450, -0.048038, 0.994610, 0.091887, -0.012890, 0.000000, 0.000000, 0.000000, 1.000000
-19.9979, 74.7000, 106.6701, 493.5055, 562.5012, -65.7003, 150.3563, 85.5201, 4.4503, -12.8899, -0.374701, -0.779358, -0.502195, 0.074700, 0.877838, -0.123933, -0.462646, 0.106670, 0.298329, -0.614200, 0.730588, 0.493506, 0.000000, 0.000000, 0.000000, 1.000000, 0.298253, -0.614188, 0.730629, 0.562501, 0.374701, 0.779359, 0.502194, -0.065700, -0.877864, 0.123986, 0.462583, 0.150356, 0.000000, 0.000000, 0.000000, 1.000000, 0.008840, 0.092413, -0.995681, 0.085520, -0.998806, -0.047018, -0.013232, 0.004450, -0.048038, 0.994610, 0.091887, -0.012890, 0.000000, 0.000000, 0.000000, 1.000000
-19.9977, 74.7001, 106.6707, 493.5055, 562.5011, -65.7005, 150.3559, 85.5201, 4.4503, -12.8899, -0.374699, -0.779359, -0.502196, 0.074700, 0.877839, -0.123932, -0.462643, 0.106671, 0.298327, -0.614199, 0.730589, 0.493506, 0.000000, 0.000000, 0.000000, 1.000000, 0.298251, -0.614188, 0.730630, 0.562501, 0.374698, 0.779359, 0.502195, -0.065700, -0.877865, 0.123986, 0.462580, 0.150356, 0.000000, 0.000000, 0.000000, 1.000000, 0.008840, 0.092413, -0.995681, 0.085520, -0.998806, -0.047018, -0.013232, 0.004450, -0.048038, 0.994610, 0.091887, -0.012890, 0.000000, 0.000000, 0.000000, 1.000000
-19.9973, 74.7005, 106.6715, 493.5054, 562.5010, -65.7009, 150.3552, 85.5201, 4.4503, -12.8899, -0.374692, -0.779361, -0.502198, 0.074701, 0.877843, -0.123930, -0.462636, 0.106671, 0.298323, -0.614197, 0.730592, 0.493505, 0.000000, 0.000000, 0.000000, 1.000000, 0.298247, -0.614186, 0.730633, 0.562501, 0.374692, 0.779361, 0.502197, -0.065701, -0.877869, 0.123983, 0.462573, 0.150355, 0.000000, 0.000000, 0.000000, 1.000000, 0.008840, 0.092413, -0.995681, 0.085520, -0.998806, -0.047018, -0.013232, 0.004450, -0.048038, 0.994610, 0.091887, -0.012890, 0.000000, 0.000000, 0.000000, 1.000000
-19.9970, 74.7008, 106.6717, 493.5053, 562.5009, -65.7012, 150.3550, 85.5201, 4.4503, -12.8899, -0.374688, -0.779362, -0.502199, 0.074701, 0.877846, -0.123928, -0.462632, 0.106672, 0.298321, -0.614196, 0.730594, 0.493505, 0.000000, 0.000000, 0.000000, 1.000000, 0.298245, -0.614185, 0.730634, 0.562501, 0.374687, 0.779362, 0.502199, -0.065701, -0.877872, 0.123981, 0.462569, 0.150355, 0.000000, 0.000000, 0.000000, 1.000000, 0.008840, 0.092413, -0.995681, 0.085520, -0.998806, -0.047018, -0.013232, 0.004450, -0.048038, 0.994610, 0.091887, -0.012890, 0.000000, 0.000000, 0.000000, 1.000000
-19.9967, 74.7012, 106.6719, 493.5051, 562.5008, -65.7015, 150.3549, 85.5201, 4.4503, -12.8899, -0.374682, -0.779363, -0.502201, 0.074701, 0.877849, -0.123926, -0.462627, 0.106672, 0.298319, -0.614195, 0.730596, 0.493505, 0.000000, 0.000000, 0.000000, 1.000000, 0.298243, -0.614184, 0.730636, 0.562501, 0.374682, 0.779364, 0.502200, -0.065702, -0.877875, 0.123979, 0.462564, 0.150355, 0.000000, 0.000000, 0.000000, 1.000000, 0.008840, 0.092413, -0.995681, 0.085520, -0.998806, -0.047018, -0.013232, 0.004450, -0.048038, 0.994610, 0.091887, -0.012890, 0.000000, 0.000000, 0.000000, 1.000000
-19.9952, 74.7026, 106.6715, 493.5043, 562.5000, -65.7029, 150.3555, 85.5201, 4.4503, -12.8899, -0.374661, -0.779369, -0.502208, 0.074703, 0.877861, -0.123915, -0.462607, 0.106672, 0.298311, -0.614189, 0.730604, 0.493504, 0.000000, 0.000000, 0.000000, 1.000000, 0.298236, -0.614178, 0.730644, 0.562500, 0.374661, 0.779370, 0.502207, -0.065703, -0.877887, 0.123967, 0.462544, 0.150356, 0.000000, 0.000000, 0.000000, 1.000000, 0.008840, 0.092413, -0.995681, 0.085520, -0.998806, -0.047018, -0.013232, 0.004450, -0.048038, 0.994610, 0.091887, -0.012890, 0.000000, 0.000000, 0.000000, 1.000000
-19.9939, 74.7039, 106.6704, 493.5034, 562.4991, -65.7042, 150.3568, 85.5201, 4.4503, -12.8899, -0.374641, -0.779375, -0.502214, 0.074704, 0.877872, -0.123903, -0.462590, 0.106670, 0.298305, -0.614185, 0.730610, 0.493503, 0.000000, 0.000000, 0.000000, 1.000000, 0.298230, -0.614174, 0.730650, 0.562499, 0.374640, 0.779375, 0.502214, -0.065704, -0.877897, 0.123956, 0.462527, 0.150357, 0.000000, 0.000000, 0.000000, 1.000000, 0.008840, 0.092413, -0.995681, 0.085520, -0.998806, -0.047018, -0.013232, 0.004450, -0.048038, 0.994610, 0.091887, -0.012890, 0.000000, 0.000000, 0.000000, 1.000000
-19.9923, 74.7055, 106.6685, 493.5023, 562.4981, -65.7059, 150.3588, 85.5201, 4.4503, -12.8899, -0.374616, -0.779382, -0.502222, 0.074705, 0.877885, -0.123889, -0.462569, 0.106669, 0.298298, -0.614179, 0.730618, 0.493502, 0.000000, 0.000000, 0.000000, 1.000000, 0.298223, -0.614168, 0.730658, 0.562498, 0.374616, 0.779382, 0.502222, -0.065706, -0.877910, 0.123942, 0.462507, 0.150359, 0.000000, 0.000000, 0.000000, 1.000000, 0.008840, 0.092413, -0.995681, 0.085520, -0.998806, -0.047018, -0.013232, 0.004450, -0.048038, 0.994610, 0.091887, -0.012890, 0.000000, 0.000000, 0.000000, 1.000000
-19.9904, 74.7075, 106.6657, 493.5009, 562.4967, -65.7078, 150.3618, 85.5201, 4.4503, -12.8899, -0.374586, -0.779390, -0.502232, 0.074707, 0.877900, -0.123871, -0.462544, 0.106666, 0.298290, -0.614172, 0.730627, 0.493501, 0.000000, 0.000000, 0.000000, 1.000000, 0.298216, -0.614161, 0.730667, 0.562497, 0.374585, 0.779391, 0.502231, -0.065708, -0.877925, 0.123924, 0.462482, 0.150362, 0.000000, 0.000000, 0.000000, 1.000000, 0.008840, 0.092413, -0.995681, 0.085520, -0.998806, -0.047018, -0.013232, 0.004450, -0.048038, 0.994610, 0.091887, -0.012890, 0.000000, 0.000000, 0.000000, 1.000000
-19.9892, 74.7086, 106.6640, 493.5001, 562.4958, -65.7090, 150.3636, 85.5201, 4.4503, -12.8899, -0.374568, -0.779395, -0.502237, 0.074709, 0.877909, -0.123861, -0.462531, 0.106664, 0.298286, -0.614168, 0.730632, 0.493500, 0.000000, 0.000000, 0.000000, 1.000000, 0.298212, -0.614156, 0.730672, 0.562496, 0.374568, 0.779396, 0.502237, -0.065709, -0.877934, 0.123913, 0.462469, 0.150364, 0.000000, 0.000000, 0.000000, 1.000000, 0.008840, 0.092413, -0.995681, 0.085520, -0.998806, -0.047018, -0.013232, 0.004450, -0.048038, 0.994610, 0.091887, -0.012890, 0.000000, 0.000000, 0.000000, 1.000000
-19.9867, 74.7112, 106.6597, 493.4982, 562.4940, -65.7115, 150.3681, 85.5201, 4.4503, -12.8899, -0.374529, -0.779406, -0.502249, 0.074711, 0.877929, -0.123837, -0.462499, 0.106660, 0.298278, -0.614158, 0.730644, 0.493498, 0.000000, 0.000000, 0.000000, 1.000000, 0.298204, -0.614147, 0.730683, 0.562494, 0.374528, 0.779407, 0.502249, -0.065712, -0.877954, 0.123889, 0.462438, 0.150368, 0.000000, 0.000000, 0.000000, 1.000000, 0.008840, 0.092413, -0.995681, 0.085520, -0.998806, -0.047018, -0.013232, 0.004450, -0.048038, 0.994610, 0.091887, -0.012890, 0.000000, 0.000000, 0.000000, 1.000000
-19.9837, 74.7142, 106.6543, 493.4959, 562.4917, -65.7146, 150.3736, 85.5201, 4.4503, -12.8899, -0.374483, -0.779419, -0.502263, 0.074714, 0.877951, -0.123809, -0.462464, 0.106654, 0.298268, -0.614148, 0.730656, 0.493496, 0.000000, 0.000000, 0.000000, 1.000000, 0.298195, -0.614137, 0.730696, 0.562492, 0.374482, 0.779420, 0.502263, -0.065715, -0.877977, 0.123861, 0.462402, 0.150374, 0.000000, 0.000000, 0.000000, 1.000000, 0.008840, 0.092413, -0.995681, 0.085520, -0.998806, -0.047018, -0.013232, 0.004450, -0.048038, 0.994610, 0.091887, -0.012890, 0.000000, 0.000000, 0.000000, 1.000000
-19.9821, 74.7159, 106.6511, 493.4947, 562.4904, -65.7162, 150.3768, 85.5201, 4.4503, -12.8899, -0.374457, -0.779426, -0.502271, 0.074716, 0.877964, -0.123793, -0.462444, 0.106651, 0.298263, -0.614142, 0.730663, 0.493495, 0.000000, 0.000000, 0.000000, 1.000000, 0.298190, -0.614131, 0.730703, 0.562490, 0.374457, 0.779427, 0.502271, -0.065716, -0.877989, 0.123845, 0.462383, 0.150377, 0.000000, 0.000000, 0.000000, 1.000000, 0.008840, 0.092413, -0.995681, 0.085520, -0.998806, -0.047018, -0.013232, 0.004450, -0.048038, 0.994610, 0.091887, -0.012890, 0.000000, 0.000000, 0.000000, 1.000000
-19.9784, 74.7195, 106.6440, 493.4918, 562.4876, -65.7199, 150.3842, 85.5201, 4.4503, -12.8899, -0.374401, -0.779442, -0.502289, 0.074720, 0.877992, -0.123758, -0.462401, 0.106644, 0.298253, -0.614129, 0.730679, 0.493492, 0.000000, 0.000000, 0.000000, 1.000000, 0.298180, -0.614118, 0.730718, 0.562488, 0.374401, 0.779443, 0.502288, -0.065720, -0.878017, 0.123809, 0.462340, 0.150384, 0.000000, 0.000000, 0.000000, 1.000000, 0.008840, 0.092413, -0.995681, 0.085520, -0.998806, -0.047018, -0.013232, 0.004450, -0.048038, 0.994610, 0.091887, -0.012890, 0.000000, 0.000000, 0.000000, 1.000000
-19.9764, 74.7216, 106.6399, 493.4903, 562.4861, -65.7219, 150.3883, 85.5201, 4.4503, -12.8899, -0.374370, -0.779451, -0.502298, 0.074722, 0.878007, -0.123738, -0.462378, 0.106640, 0.298247, -0.614122, 0.730687, 0.493490, 0.000000, 0.000000, 0.000000, 1.000000, 0.298174, -0.614111, 0.730726, 0.562486, 0.374370, 0.779451, 0.502298, -0.065722, -0.878032, 0.123790, 0.462317, 0.150388, 0.000000, 0.000000, 0.000000, 1.000000, 0.008840, 0.092413, -0.995681, 0.085520, -0.998806, -0.047018, -0.013232, 0.004450, -0.048038, 0.994610, 0.091887, -0.012890, 0.000000, 0.000000, 0.000000, 1.000000
-19.9721, 74.7259, 106.6309, 493.4868, 562.4826, -65.7263, 150.3975, 85.5201, 4.4503, -12.8899, -0.374303, -0.779470, -0.502319, 0.074726, 0.878039, -0.123696, -0.462328, 0.106631, 0.298236, -0.614106, 0.730705, 0.493487, 0.000000, 0.000000, 0.000000, 1.000000, 0.298163, -0.614095, 0.730743, 0.562483, 0.374303, 0.779470, 0.502318, -0.065726, -0.878064, 0.123747, 0.462267, 0.150397, 0.000000, 0.000000, 0.000000, 1.000000, 0.008840, 0.092413, -0.995681, 0.085520, -0.998806, -0.047018, -0.013232, 0.004450, -0.048038, 0.994610, 0.091887, -0.012890, 0.000000, 0.000000, 0.000000, 1.000000
-19.9698, 74.7283, 106.6260, 493.4850, 562.4808, -65.7287, 150.4025, 85.5201, 4.4503, -12.8899, -0.374267, -0.779480, -0.502330, 0.074728, 0.878056, -0.123673, -0.462301, 0.106626, 0.298229, -0.614098, 0.730714, 0.493485, 0.000000, 0.000000, 0.000000, 1.000000, 0.298157, -0.614087, 0.730753, 0.562481, 0.374267, 0.779480, 0.502329, -0.065729, -0.878081, 0.123724, 0.462240, 0.150402, 0.000000, 0.000000, 0.000000, 1.000000, 0.008840, 0.092413, -0.995681, 0.085520, -0.998806, -0.047018, -0.013232, 0.004450, -0.048038, 0.994610, 0.091887, -0.012890, 0.000000, 0.000000, 0.000000, 1.000000
-19.9649, 74.7334, 106.6152, 493.4810, 562.4768, -65.7337, 150.4135, 85.5201, 4.4503, -12.8899, -0.374190, -0.779502, -0.502353, 0.074733, 0.878094, -0.123623, -0.462243, 0.106615, 0.298217, -0.614080, 0.730734, 0.493481, 0.000000, 0.000000, 0.000000, 1.000000, 0.298144, -0.614069, 0.730773, 0.562477, 0.374190, 0.779502, 0.502353, -0.065734, -0.878118, 0.123674, 0.462183, 0.150413, 0.000000, 0.000000, 0.000000, 1.000000, 0.008840, 0.092413, -0.995681, 0.085520, -0.998806, -0.047018, -0.013232, 0.004450, -0.048038, 0.994610, 0.091887, -0.012890, 0.000000, 0.000000, 0.000000, 1.000000
-19.9622, 74.7361, 106.6093, 493.4788, 562.4747, -65.7364, 150.4194, 85.5201, 4.4503, -12.8899, -0.374149, -0.779513, -0.502366, 0.074736, 0.878113, -0.123597, -0.462213, 0.106609, 0.298210, -0.614071, 0.730745, 0.493479, 0.000000, 0.000000, 0.000000, 1.000000, 0.298138, -0.614060, 0.730783, 0.562475, 0.374149, 0.779514, 0.502365, -0.065736, -0.878138, 0.123648, 0.462152, 0.150419, 0.000000, 0.000000, 0.000000, 1.000000, 0.008840, 0.092413, -0.995681, 0.085520, -0.998806, -0.047018, -0.013232, 0.004450, -0.048038, 0.994610, 0.091887, -0.012890, 0.000000, 0.000000, 0.000000, 1.000000
-19.9566, 74.7418, 106.5967, 493.4742, 562.4701, -65.7422, 150.4322, 85.5201, 4.4503, -12.8899, -0.374062, -0.779538, -0.502393, 0.074742, 0.878155, -0.123541, -0.462148, 0.106597, 0.298196, -0.614051, 0.730767, 0.493474, 0.000000, 0.000000, 0.000000, 1.000000, 0.298124, -0.614040, 0.730806, 0.562470, 0.374062, 0.779538, 0.502392, -0.065742, -0.878180, 0.123591, 0.462088, 0.150432, 0.000000, 0.000000, 0.000000, 1.000000, 0.008840, 0.092413, -0.995681, 0.085520, -0.998806, -0.047018, -0.013232, 0.004450, -0.048038, 0.994610, 0.091887, -0.012890, 0.000000, 0.000000, 0.000000, 1.000000
-19.9506, 74.7480, 106.5830, 493.4693, 562.4652, -65.7483, 150.4461, 85.5201, 4.4503, -12.8899, -0.373968, -0.779565, -0.502421, 0.074748, 0.878200, -0.123480, -0.462079, 0.106583, 0.298182, -0.614029, 0.730791, 0.493469, 0.000000, 0.000000, 0.000000, 1.000000, 0.298110, -0.614019, 0.730829, 0.562465, 0.373968, 0.779565, 0.502421, -0.065748, -0.878225, 0.123530, 0.462019, 0.150446, 0.000000, 0.000000, 0.000000, 1.000000, 0.008840, 0.092413, -0.995681, 0.085520, -0.998806, -0.047018, -0.013232, 0.004450, -0.048038, 0.994610, 0.091887, -0.012890, 0.000000, 0.000000, 0.000000, 1.000000
-19.9474, 74.7512, 106.5757, 493.4667, 562.4626, -65.7516, 150.4535, 85.5201, 4.4503, -12.8899, -0.373919, -0.779578, -0.502436, 0.074751, 0.878224, -0.123448, -0.462043, 0.106576, 0.298174, -0.614018, 0.730804, 0.493467, 0.000000, 0.000000, 0.000000, 1.000000, 0.298103, -0.614007, 0.730842, 0.562463, 0.373919, 0.779579, 0.502436, -0.065752, -0.878248, 0.123498, 0.461983, 0.150454, 0.000000, 0.000000, 0.000000, 1.000000, 0.008840, 0.092413, -0.995681, 0.085520, -0.998806, -0.047018, -0.013232, 0.004450, -0.048038, 0.994610, 0.091887, -0.012890, 0.000000, 0.000000, 0.000000, 1.000000
-19.9408, 74.7580, 106.5603, 493.4612, 562.4571, -65.7583, 150.4691, 85.5201, 4.4503, -12.8899, -0.373816, -0.779608, -0.502467, 0.074758, 0.878273, -0.123381, -0.461968, 0.106560, 0.298159, -0.613995, 0.730830, 0.493461, 0.000000, 0.000000, 0.000000, 1.000000, 0.298088, -0.613984, 0.730868, 0.562457, 0.373816, 0.779608, 0.502467, -0.065758, -0.878297, 0.123431, 0.461908, 0.150469, 0.000000, 0.000000, 0.000000, 1.000000, 0.008840, 0.092413, -0.995681, 0.085520, -0.998806, -0.047018, -0.013232, 0.004450, -0.048038, 0.994610, 0.091887, -0.012890, 0.000000, 0.000000, 0.000000, 1.000000
-19.9374, 74.7615, 106.5523, 493.4584, 562.4543, -65.7619, 150.4772, 85.5201, 4.4503, -12.8899, -0.373763, -0.779623, -0.502484, 0.074761, 0.878298, -0.123346, -0.461929, 0.106552, 0.298151, -0.613982, 0.730843, 0.493458, 0.000000, 0.000000, 0.000000, 1.000000, 0.298080, -0.613972, 0.730881, 0.562454, 0.373762, 0.779623, 0.502483, -0.065762, -0.878322, 0.123396, 0.461870, 0.150477, 0.000000, 0.000000, 0.000000, 1.000000, 0.008840, 0.092413, -0.995681, 0.085520, -0.998806, -0.047018, -0.013232, 0.004450, -0.048038, 0.994610, 0.091887, -0.012890, 0.000000, 0.000000, 0.000000, 1.000000
-19.9303, 74.7688, 106.5354, 493.4524, 562.4484, -65.7692, 150.4943, 85.5201, 4.4503, -12.8899, -0.373652, -0.779654, -0.502517, 0.074769, 0.878351, -0.123273, -0.461848, 0.106535, 0.298135, -0.613957, 0.730871, 0.493452, 0.000000, 0.000000, 0.000000, 1.000000, 0.298064, -0.613946, 0.730909, 0.562448, 0.373651, 0.779655, 0.502517, -0.065769, -0.878375, 0.123323, 0.461789, 0.150494, 0.000000, 0.000000, 0.000000, 1.000000, 0.008840, 0.092413, -0.995681, 0.085520, -0.998806, -0.047018, -0.013232, 0.004450, -0.048038, 0.994610, 0.091887, -0.012890, 0.000000, 0.000000, 0.000000, 1.000000
-19.9229, 74.7765, 106.5177, 493.4462, 562.4422, -65.7768, 150.5122, 85.5201, 4.4503, -12.8899, -0.373536, -0.779687, -0.502553, 0.074776, 0.878406, -0.123197, -0.461764, 0.106518, 0.298119, -0.613931, 0.730900, 0.493446, 0.000000, 0.000000, 0.000000, 1.000000, 0.298048, -0.613920, 0.730937, 0.562442, 0.373536, 0.779687, 0.502552, -0.065777, -0.878430, 0.123247, 0.461705, 0.150512, 0.000000, 0.000000, 0.000000, 1.000000, 0.008840, 0.092413, -0.995681, 0.085520, -0.998806, -0.047018, -0.013232, 0.004450, -0.048038, 0.994610, 0.091887, -0.012890, 0.000000, 0.000000, 0.000000, 1.000000
-19.9152, 74.7843, 106.4992, 493.4398, 562.4358, -65.7847, 150.5309, 85.5202, 4.4503, -12.8899, -0.373416, -0.779721, -0.502589, 0.074784, 0.878462, -0.123118, -0.461678, 0.106499, 0.298102, -0.613903, 0.730930, 0.493440, 0.000000, 0.000000, 0.000000, 1.000000, 0.298032, -0.613893, 0.730967, 0.562436, 0.373416, 0.779721, 0.502588, -0.065785, -0.878486, 0.123168, 0.461619, 0.150531, 0.000000, 0.000000, 0.000000, 1.000000, 0.008841, 0.092413, -0.995681, 0.085520, -0.998806, -0.047018, -0.013232, 0.004450, -0.048038, 0.994610, 0.091887, -0.012890, 0.000000, 0.000000, 0.000000, 1.000000
-19.9113, 74.7884, 106.4897, 493.4365, 562.4325, -65.7888, 150.5405, 85.5202, 4.4503, -12.8899, -0.373355, -0.779738, -0.502608, 0.074788, 0.878491, -0.123078, -0.461633, 0.106490, 0.298093, -0.613889, 0.730945, 0.493436, 0.000000, 0.000000, 0.000000, 1.000000, 0.298023, -0.613879, 0.730982, 0.562432, 0.373355, 0.779739, 0.502607, -0.065789, -0.878515, 0.123127, 0.461575, 0.150540, 0.000000, 0.000000, 0.000000, 1.000000, 0.008841, 0.092413, -0.995681, 0.085520, -0.998806, -0.047018, -0.013232, 0.004450, -0.048038, 0.994610, 0.091887, -0.012890, 0.000000, 0.000000, 0.000000, 1.000000
-19.9032, 74.7967, 106.4701, 493.4297, 562.4257, -65.7971, 150.5603, 85.5202, 4.4503, -12.8899, -0.373229, -0.779774, -0.502646, 0.074797, 0.878550, -0.122995, -0.461542, 0.106470, 0.298076, -0.613861, 0.730976, 0.493430, 0.000000, 0.000000, 0.000000, 1.000000, 0.298006, -0.613850, 0.731013, 0.562426, 0.373229, 0.779774, 0.502645, -0.065797, -0.878574, 0.123044, 0.461484, 0.150560, 0.000000, 0.000000, 0.000000, 1.000000, 0.008841, 0.092413, -0.995681, 0.085520, -0.998806, -0.047018, -0.013232, 0.004450, -0.048038, 0.994610, 0.091887, -0.012890, 0.000000, 0.000000, 0.000000, 1.000000
-19.8991, 74.8010, 106.4601, 493.4263, 562.4223, -65.8013, 150.5704, 85.5202, 4.4503, -12.8899, -0.373165, -0.779792, -0.502665, 0.074801, 0.878581, -0.122952, -0.461496, 0.106460, 0.298067, -0.613846, 0.730992, 0.493426, 0.000000, 0.000000, 0.000000, 1.000000, 0.297998, -0.613836, 0.731029, 0.562422, 0.373165, 0.779793, 0.502665, -0.065801, -0.878604, 0.123001, 0.461438, 0.150570, 0.000000, 0.000000, 0.000000, 1.000000, 0.008841, 0.092413, -0.995681, 0.085520, -0.998806, -0.047018, -0.013232, 0.004450, -0.048038, 0.994610, 0.091887, -0.012890, 0.000000, 0.000000, 0.000000, 1.000000
-19.8907, 74.8096, 106.4396, 493.4192, 562.4152, -65.8100, 150.5911, 85.5202, 4.4503, -12.8899, -0.373034, -0.779829, -0.502705, 0.074810, 0.878642, -0.122866, -0.461402, 0.106440, 0.298050, -0.613816, 0.731024, 0.493419, 0.000000, 0.000000, 0.000000, 1.000000, 0.297980, -0.613806, 0.731061, 0.562415, 0.373034, 0.779830, 0.502704, -0.065810, -0.878666, 0.122914, 0.461344, 0.150591, 0.000000, 0.000000, 0.000000, 1.000000, 0.008841, 0.092413, -0.995681, 0.085520, -0.998806, -0.047018, -0.013232, 0.004450, -0.048038, 0.994610, 0.091887, -0.012890, 0.000000, 0.000000, 0.000000, 1.000000
-19.8865, 74.8140, 106.4291, 493.4156, 562.4116, -65.8144, 150.6017, 85.5202, 4.4503, -12.8899, -0.372968, -0.779848, -0.502725, 0.074814, 0.878673, -0.122822, -0.461354, 0.106429, 0.298041, -0.613801, 0.731040, 0.493416, 0.000000, 0.000000, 0.000000, 1.000000, 0.297971, -0.613791, 0.731077, 0.562412, 0.372967, 0.779848, 0.502724, -0.065814, -0.878697, 0.122870, 0.461297, 0.150602, 0.000000, 0.000000, 0.000000, 1.000000, 0.008841, 0.092413, -0.995681, 0.085520, -0.998806, -0.047018, -0.013232, 0.004450, -0.048038, 0.994610, 0.091887, -0.012890, 0.000000, 0.000000, 0.000000, 1.000000
-19.8822, 74.8184, 106.4185, 493.4120, 562.4080, -65.8188, 150.6124, 85.5202, 4.4503, -12.8899, -0.372900, -0.779867, -0.502745, 0.074818, 0.878705, -0.122777, -0.461306, 0.106418, 0.298032, -0.613786, 0.731057, 0.493412, 0.000000, 0.000000, 0.000000, 1.000000, 0.297963, -0.613776, 0.731093, 0.562408, 0.372900, 0.779867, 0.502745, -0.065819, -0.878728, 0.122826, 0.461248, 0.150612, 0.000000, 0.000000, 0.000000, 1.000000, 0.008841, 0.092413, -0.995681, 0.085520, -0.998806, -0.047018, -0.013232, 0.004450, -0.048038, 0.994610, 0.091887, -0.012890, 0.000000, 0.000000, 0.000000, 1.000000
-19.8691, 74.8320, 106.3861, 493.4009, 562.3970, -65.8323, 150.6451, 85.5202, 4.4503, -12.8899, -0.372696, -0.779925, -0.502807, 0.074832, 0.878801, -0.122642, -0.461159, 0.106386, 0.298005, -0.613739, 0.731107, 0.493401, 0.000000, 0.000000, 0.000000, 1.000000, 0.297936, -0.613729, 0.731143, 0.562397, 0.372696, 0.779925, 0.502806, -0.065832, -0.878824, 0.122690, 0.461102, 0.150645, 0.000000, 0.000000, 0.000000, 1.000000, 0.008841, 0.092413, -0.995681, 0.085520, -0.998806, -0.047018, -0.013232, 0.004450, -0.048038, 0.994610, 0.091887, -0.012890, 0.000000, 0.000000, 0.000000, 1.000000
-19.8647, 74.8366, 106.3751, 493.3971, 562.3932, -65.8369, 150.6562, 85.5202, 4.4503, -12.8899, -0.372627, -0.779945, -0.502828, 0.074837, 0.878833, -0.122596, -0.461110, 0.106375, 0.297996, -0.613724, 0.731124, 0.493397, 0.000000, 0.000000, 0.000000, 1.000000, 0.297927, -0.613714, 0.731160, 0.562393, 0.372626, 0.779945, 0.502827, -0.065837, -0.878857, 0.122644, 0.461053, 0.150656, 0.000000, 0.000000, 0.000000, 1.000000, 0.008841, 0.092413, -0.995681, 0.085520, -0.998806, -0.047018, -0.013233, 0.004450, -0.048038, 0.994610, 0.091887, -0.012890, 0.000000, 0.000000, 0.000000, 1.000000
-19.8558, 74.8458, 106.3530, 493.3896, 562.3857, -65.8461, 150.6785, 85.5202, 4.4503, -12.8899, -0.372488, -0.779984, -0.502870, 0.074846, 0.878898, -0.122503, -0.461010, 0.106353, 0.297977, -0.613692, 0.731158, 0.493390, 0.000000, 0.000000, 0.000000, 1.000000, 0.297909, -0.613682, 0.731194, 0.562386, 0.372487, 0.779984, 0.502869, -0.065846, -0.878922, 0.122551, 0.460954, 0.150678, 0.000000, 0.000000, 0.000000, 1.000000, 0.008841, 0.092413, -0.995681, 0.085520, -0.998806, -0.047018, -0.013233, 0.004450, -0.048038, 0.994610, 0.091887, -0.012890, 0.000000, 0.000000, 0.000000, 1.000000
-19.8469, 74.8550, 106.3307, 493.3820, 562.3781, -65.8554, 150.7010, 85.5202, 4.4503, -12.8899, -0.372348, -0.780024, -0.502912, 0.074855, 0.878964, -0.122410, -0.460910, 0.106331, 0.297959, -0.613660, 0.731192, 0.493382, 0.000000, 0.000000, 0.000000, 1.000000, 0.297892, -0.613650, 0.731228, 0.562378, 0.372347, 0.780024, 0.502911, -0.065855, -0.878987, 0.122458, 0.460854, 0.150701, 0.000000, 0.000000, 0.000000, 1.000000, 0.008841, 0.092413, -0.995681, 0.085520, -0.998806, -0.047018, -0.013233, 0.004450, -0.048038, 0.994610, 0.091887, -0.012890, 0.000000, 0.000000, 0.000000, 1.000000
-19.8424, 74.8597, 106.3195, 493.3782, 562.3743, -65.8600, 150.7123, 85.5202, 4.4503, -12.8899, -0.372278, -0.780043, -0.502933, 0.074860, 0.878997, -0.122364, -0.460860, 0.106319, 0.297950, -0.613644, 0.731209, 0.493378, 0.000000, 0.000000, 0.000000, 1.000000, 0.297883, -0.613634, 0.731245, 0.562374, 0.372277, 0.780044, 0.502933, -0.065860, -0.879020, 0.122411, 0.460804, 0.150712, 0.000000, 0.000000, 0.000000, 1.000000, 0.008841, 0.092413, -0.995681, 0.085520, -0.998806, -0.047018, -0.013233, 0.004450, -0.048038, 0.994610, 0.091887, -0.012890, 0.000000, 0.000000, 0.000000, 1.000000
-19.8379, 74.8643, 106.3083, 493.3744, 562.3705, -65.8647, 150.7236, 85.5202, 4.4503, -12.8899, -0.372207, -0.780063, -0.502954, 0.074864, 0.879029, -0.122317, -0.460810, 0.106308, 0.297941, -0.613628, 0.731226, 0.493374, 0.000000, 0.000000, 0.000000, 1.000000, 0.297874, -0.613618, 0.731262, 0.562371, 0.372207, 0.780064, 0.502954, -0.065865, -0.879052, 0.122364, 0.460754, 0.150724, 0.000000, 0.000000, 0.000000, 1.000000, 0.008841, 0.092413, -0.995681, 0.085520, -0.998806, -0.047018, -0.013233, 0.004450, -0.048038, 0.994610, 0.091887, -0.012890, 0.000000, 0.000000, 0.000000, 1.000000
-19.8290, 74.8737, 106.2858, 493.3667, 562.3629, -65.8740, 150.7464, 85.5202, 4.4503, -12.8899, -0.372067, -0.780103, -0.502997, 0.074874, 0.879095, -0.122223, -0.460709, 0.106286, 0.297923, -0.613596, 0.731260, 0.493367, 0.000000, 0.000000, 0.000000, 1.000000, 0.297856, -0.613587, 0.731296, 0.562363, 0.372066, 0.780104, 0.502996, -0.065874, -0.879118, 0.122270, 0.460653, 0.150746, 0.000000, 0.000000, 0.000000, 1.000000, 0.008841, 0.092413, -0.995681, 0.085520, -0.998806, -0.047018, -0.013233, 0.004450, -0.048038, 0.994610, 0.091887, -0.012890, 0.000000, 0.000000, 0.000000, 1.000000
-19.8200, 74.8830, 106.2632, 493.3590, 562.3552, -65.8834, 150.7692, 85.5202, 4.4503, -12.8899, -0.371926, -0.780143, -0.503039, 0.074883, 0.879161, -0.122129, -0.460609, 0.106263, 0.297905, -0.613564, 0.731294, 0.493359, 0.000000, 0.000000, 0.000000, 1.000000, 0.297838, -0.613555, 0.731330, 0.562355, 0.371925, 0.780143, 0.503039, -0.065883, -0.879184, 0.122176, 0.460553, 0.150769, 0.000000, 0.000000, 0.000000, 1.000000, 0.008841, 0.092413, -0.995681, 0.085520, -0.998806, -0.047018, -0.013233, 0.004450, -0.048038, 0.994610, 0.091887, -0.012890, 0.000000, 0.000000, 0.000000, 1.000000
-19.8155, 74.8877, 106.2519, 493.3552, 562.3514, -65.8881, 150.7806, 85.5202, 4.4503, -12.8899, -0.371855, -0.780163, -0.503060, 0.074888, 0.879194, -0.122082, -0.460558, 0.106252, 0.297896, -0.613548, 0.731311, 0.493355, 0.000000, 0.000000, 0.000000, 1.000000, 0.297829, -0.613539, 0.731347, 0.562351, 0.371855, 0.780163, 0.503060, -0.065888, -0.879216, 0.122129, 0.460503, 0.150781, 0.000000, 0.000000, 0.000000, 1.000000, 0.008841, 0.092413, -0.995681, 0.085520, -0.998806, -0.047018, -0.013233, 0.004450, -0.048038, 0.994610, 0.091887, -0.012890, 0.000000, 0.000000, 0.000000, 1.000000
-19.8065, 74.8970, 106.2294, 493.3476, 562.3438, -65.8973, 150.8032, 85.5202, 4.4503, -12.8899, -0.371715, -0.780203, -0.503102, 0.074897, 0.879259, -0.121989, -0.460458, 0.106229, 0.297878, -0.613517, 0.731345, 0.493348, 0.000000, 0.000000, 0.000000, 1.000000, 0.297812, -0.613507, 0.731380, 0.562344, 0.371715, 0.780203, 0.503102, -0.065897, -0.879282, 0.122035, 0.460403, 0.150803, 0.000000, 0.000000, 0.000000, 1.000000, 0.008841, 0.092413, -0.995681, 0.085520, -0.998806, -0.047018, -0.013233, 0.004450, -0.048038, 0.994610, 0.091887, -0.012890, 0.000000, 0.000000, 0.000000, 1.000000
-19.8021, 74.9016, 106.2182, 493.3438, 562.3400, -65.9020, 150.8146, 85.5202, 4.4503, -12.8899, -0.371645, -0.780222, -0.503123, 0.074902, 0.879292, -0.121942, -0.460408, 0.106218, 0.297869, -0.613501, 0.731362, 0.493344, 0.000000, 0.000000, 0.000000, 1.000000, 0.297803, -0.613491, 0.731397, 0.562340, 0.371645, 0.780223, 0.503123, -0.065902, -0.879314, 0.121988, 0.460353, 0.150815, 0.000000, 0.000000, 0.000000, 1.000000, 0.008841, 0.092413, -0.995681, 0.085520, -0.998806, -0.047018, -0.013233, 0.004450, -0.048038, 0.994610, 0.091887, -0.012890, 0.000000, 0.000000, 0.000000, 1.000000
-19.7888, 74.9155, 106.1847, 493.3324, 562.3287, -65.9159, 150.8484, 85.5202, 4.4503, -12.8899, -0.371436, -0.780281, -0.503186, 0.074916, 0.879389, -0.121803, -0.460259, 0.106185, 0.297842, -0.613453, 0.731413, 0.493332, 0.000000, 0.000000, 0.000000, 1.000000, 0.297777, -0.613444, 0.731448, 0.562329, 0.371435, 0.780282, 0.503186, -0.065916, -0.879411, 0.121848, 0.460205, 0.150848, 0.000000, 0.000000, 0.000000, 1.000000, 0.008841, 0.092413, -0.995681, 0.085520, -0.998806, -0.047018, -0.013233, 0.004450, -0.048038, 0.994610, 0.091887, -0.012890, 0.000000, 0.000000, 0.000000, 1.000000
-19.7800, 74.9247, 106.1626, 493.3249, 562.3212, -65.9250, 150.8707, 85.5202, 4.4503, -12.8899, -0.371298, -0.780320, -0.503228, 0.074925, 0.879453, -0.121711, -0.460161, 0.106163, 0.297825, -0.613422, 0.731446, 0.493325, 0.000000, 0.000000, 0.000000, 1.000000, 0.297760, -0.613412, 0.731481, 0.562321, 0.371297, 0.780321, 0.503227, -0.065925, -0.879476, 0.121756, 0.460107, 0.150871, 0.000000, 0.000000, 0.000000, 1.000000, 0.008841, 0.092413, -0.995681, 0.085520, -0.998806, -0.047018, -0.013233, 0.004450, -0.048038, 0.994610, 0.091887, -0.012890, 0.000000, 0.000000, 0.000000, 1.000000
-19.7713, 74.9334, 106.1473, 493.3184, 562.3147, -65.9338, 150.8861, 85.5202, 4.4503, -12.8899, -0.371164, -0.780358, -0.503269, 0.074933, 0.879520, -0.121628, -0.460056, 0.106147, 0.297797, -0.613391, 0.731484, 0.493318, 0.000000, 0.000000, 0.000000, 1.000000, 0.297732, -0.613381, 0.731518, 0.562315, 0.371163, 0.780358, 0.503268, -0.065934, -0.879542, 0.121674, 0.460002, 0.150886, 0.000000, 0.000000, 0.000000, 1.000000, 0.008841, 0.092413, -0.995681, 0.085520, -0.998806, -0.047018, -0.013233, 0.004450, -0.048038, 0.994610, 0.091887, -0.012890, 0.000000, 0.000000, 0.000000, 1.000000
-19.7671, 74.9376, 106.1428, 493.3157, 562.3120, -65.9379, 150.8907, 85.5202, 4.4503, -12.8899, -0.371098, -0.780376, -0.503289, 0.074938, 0.879554, -0.121592, -0.460001, 0.106143, 0.297778, -0.613375, 0.731505, 0.493316, 0.000000, 0.000000, 0.000000, 1.000000, 0.297713, -0.613366, 0.731539, 0.562312, 0.371098, 0.780376, 0.503289, -0.065938, -0.879576, 0.121637, 0.459947, 0.150891, 0.000000, 0.000000, 0.000000, 1.000000, 0.008841, 0.092413, -0.995681, 0.085520, -0.998806, -0.047018, -0.013233, 0.004450, -0.048038, 0.994610, 0.091887, -0.012890, 0.000000, 0.000000, 0.000000, 1.000000
-19.7586, 74.9459, 106.1331, 493.3101, 562.3064, -65.9463, 150.9003, 85.5202, 4.4504, -12.8899, -0.370969, -0.780411, -0.503329, 0.074946, 0.879621, -0.121519, -0.459892, 0.106133, 0.297741, -0.613344, 0.731545, 0.493310, 0.000000, 0.000000, 0.000000, 1.000000, 0.297676, -0.613335, 0.731580, 0.562306, 0.370969, 0.780412, 0.503329, -0.065946, -0.879643, 0.121564, 0.459838, 0.150900, 0.000000, 0.000000, 0.000000, 1.000000, 0.008841, 0.092413, -0.995681, 0.085520, -0.998806, -0.047018, -0.013233, 0.004450, -0.048038, 0.994610, 0.091887, -0.012890, 0.000000, 0.000000, 0.000000, 1.000000
-19.7502, 74.9542, 106.1226, 493.3044, 562.3008, -65.9545, 150.9109, 85.5202, 4.4504, -12.8899, -0.370841, -0.780447, -0.503369, 0.074954, 0.879686, -0.121445, -0.459786, 0.106123, 0.297707, -0.613314, 0.731585, 0.493304, 0.000000, 0.000000, 0.000000, 1.000000, 0.297642, -0.613305, 0.731619, 0.562301, 0.370841, 0.780447, 0.503368, -0.065955, -0.879708, 0.121491, 0.459732, 0.150911, 0.000000, 0.000000, 0.000000, 1.000000, 0.008841, 0.092413, -0.995681, 0.085520, -0.998806, -0.047018, -0.013233, 0.004450, -0.048038, 0.994610, 0.091887, -0.012890, 0.000000, 0.000000, 0.000000, 1.000000
-19.7461, 74.9583, 106.1170, 493.3016, 562.2979, -65.9586, 150.9165, 85.5202, 4.4504, -12.8899, -0.370778, -0.780464, -0.503388, 0.074958, 0.879718, -0.121408, -0.459734, 0.106117, 0.297690, -0.613299, 0.731604, 0.493302, 0.000000, 0.000000, 0.000000, 1.000000, 0.297626, -0.613290, 0.731638, 0.562298, 0.370777, 0.780464, 0.503388, -0.065959, -0.879740, 0.121454, 0.459680, 0.150917, 0.000000, 0.000000, 0.000000, 1.000000, 0.008841, 0.092413, -0.995681, 0.085520, -0.998806, -0.047018, -0.013233, 0.004450, -0.048038, 0.994610, 0.091887, -0.012890, 0.000000, 0.000000, 0.000000, 1.000000
-19.7379, 74.9665, 106.1050, 493.2958, 562.2921, -65.9668, 150.9286, 85.5202, 4.4504, -12.8899, -0.370651, -0.780499, -0.503427, 0.074967, 0.879782, -0.121334, -0.459632, 0.106105, 0.297659, -0.613269, 0.731642, 0.493296, 0.000000, 0.000000, 0.000000, 1.000000, 0.297595, -0.613260, 0.731676, 0.562292, 0.370651, 0.780499, 0.503427, -0.065967, -0.879804, 0.121379, 0.459578, 0.150929, 0.000000, 0.000000, 0.000000, 1.000000, 0.008841, 0.092413, -0.995681, 0.085520, -0.998806, -0.047018, -0.013233, 0.004450, -0.048038, 0.994610, 0.091887, -0.012890, 0.000000, 0.000000, 0.000000, 1.000000
-19.7338, 74.9706, 106.0986, 493.2928, 562.2892, -65.9709, 150.9350, 85.5202, 4.4504, -12.8899, -0.370589, -0.780516, -0.503446, 0.074971, 0.879813, -0.121297, -0.459582, 0.106099, 0.297645, -0.613255, 0.731660, 0.493293, 0.000000, 0.000000, 0.000000, 1.000000, 0.297580, -0.613245, 0.731694, 0.562289, 0.370589, 0.780517, 0.503446, -0.065971, -0.879835, 0.121342, 0.459528, 0.150935, 0.000000, 0.000000, 0.000000, 1.000000, 0.008841, 0.092413, -0.995681, 0.085520, -0.998806, -0.047018, -0.013233, 0.004450, -0.048038, 0.994610, 0.091887, -0.012890, 0.000000, 0.000000, 0.000000, 1.000000
-19.7258, 74.9788, 106.0850, 493.2869, 562.2832, -65.9791, 150.9486, 85.5202, 4.4504, -12.8899, -0.370464, -0.780551, -0.503484, 0.074979, 0.879875, -0.121221, -0.459484, 0.106085, 0.297618, -0.613226, 0.731695, 0.493287, 0.000000, 0.000000, 0.000000, 1.000000, 0.297553, -0.613216, 0.731729, 0.562283, 0.370464, 0.780551, 0.503484, -0.065979, -0.879897, 0.121267, 0.459430, 0.150949, 0.000000, 0.000000, 0.000000, 1.000000, 0.008841, 0.092413, -0.995681, 0.085520, -0.998806, -0.047018, -0.013233, 0.004450, -0.048038, 0.994610, 0.091887, -0.012890, 0.000000, 0.000000, 0.000000, 1.000000
-19.7178, 74.9869, 106.0704, 493.2809, 562.2772, -65.9872, 150.9632, 85.5202, 4.4504, -12.8899, -0.370341, -0.780585, -0.503522, 0.074987, 0.879935, -0.121145, -0.459388, 0.106070, 0.297592, -0.613197, 0.731730, 0.493281, 0.000000, 0.000000, 0.000000, 1.000000, 0.297528, -0.613188, 0.731764, 0.562277, 0.370341, 0.780586, 0.503521, -0.065987, -0.879957, 0.121190, 0.459334, 0.150963, 0.000000, 0.000000, 0.000000, 1.000000, 0.008841, 0.092413, -0.995681, 0.085520, -0.998806, -0.047018, -0.013233, 0.004450, -0.048038, 0.994610, 0.091887, -0.012890, 0.000000, 0.000000, 0.000000, 1.000000
-19.7139, 74.9909, 106.0627, 493.2778, 562.2741, -65.9912, 150.9710, 85.5202, 4.4504, -12.8899, -0.370280, -0.780602, -0.503540, 0.074991, 0.879965, -0.121107, -0.459341, 0.106063, 0.297581, -0.613183, 0.731746, 0.493278, 0.000000, 0.000000, 0.000000, 1.000000, 0.297516, -0.613173, 0.731780, 0.562274, 0.370279, 0.780603, 0.503540, -0.065991, -0.879987, 0.121152, 0.459288, 0.150971, 0.000000, 0.000000, 0.000000, 1.000000, 0.008841, 0.092413, -0.995681, 0.085520, -0.998806, -0.047018, -0.013233, 0.004450, -0.048038, 0.994610, 0.091887, -0.012890, 0.000000, 0.000000, 0.000000, 1.000000
-19.7060, 74.9990, 106.0465, 493.2716, 562.2679, -65.9993, 150.9872, 85.5202, 4.4504, -12.8899, -0.370157, -0.780636, -0.503577, 0.074999, 0.880024, -0.121029, -0.459249, 0.106047, 0.297559, -0.613155, 0.731779, 0.493272, 0.000000, 0.000000, 0.000000, 1.000000, 0.297495, -0.613145, 0.731813, 0.562268, 0.370157, 0.780637, 0.503577, -0.065999, -0.880046, 0.121074, 0.459195, 0.150987, 0.000000, 0.000000, 0.000000, 1.000000, 0.008841, 0.092413, -0.995681, 0.085520, -0.998806, -0.047018, -0.013233, 0.004450, -0.048038, 0.994610, 0.091887, -0.012890, 0.000000, 0.000000, 0.000000, 1.000000
