# Joint_B_Angle(deg), Cam_X(mm), Cam_Y(mm), Cam_Z(mm), Torso_X(mm), Torso_Y(mm), Torso_Z(mm), EE_X(mm), EE_Y(mm), EE_Z(mm), T_cam2marker_flat(16), T_torso2marker_flat(16), T_ee2marker_flat(16)
-9.7145, 1.5004, 2.9203, 123.0433, 192.0433, 7.4996, 254.1532, 105.1746, -1.3944, -8.2029, 0.575091, 0.810592, 0.110503, 0.001500, -0.815058, 0.579327, -0.007831, 0.002920, -0.070365, -0.085563, 0.993845, 0.123043, 0.000000, 0.000000, 0.000000, 1.000000, -0.070365, -0.085563, 0.993845, 0.192043, -0.575091, -0.810592, -0.110503, 0.007500, 0.815058, -0.579327, 0.007831, 0.254153, 0.000000, 0.000000, 0.000000, 1.000000, -0.000626, -0.004837, -0.999988, 0.105175, -0.999391, 0.034891, 0.000457, -0.001394, 0.034888, 0.999379, -0.004856, -0.008203, 0.000000, 0.000000, 0.000000, 1.000000
-9.3784, 1.4007, 2.7832, 124.3766, 193.3766, 7.5993, 254.2903, 106.4579, -1.3470, -8.0503, 0.574332, 0.810168, 0.117349, 0.001401, -0.815127, 0.579206, -0.009379, 0.002783, -0.075567, -0.090268, 0.993047, 0.124377, 0.000000, 0.000000, 0.000000, 1.000000, -0.075567, -0.090268, 0.993047, 0.193377, -0.574332, -0.810168, -0.117349, 0.007599, 0.815127, -0.579206, 0.009379, 0.254290, 0.000000, 0.000000, 0.000000, 1.000000, 0.004654, -0.005981, -0.999971, 0.106458, -0.999386, 0.034702, -0.004859, -0.001347, 0.034730, 0.999380, -0.005816, -0.008050, 0.000000, 0.000000, 0.000000, 1.000000
-9.0209, 1.3421, 2.6100, 126.8083, 195.8083, 7.6579, 254.4634, 106.8123, -1.2772, -7.9701, 0.573948, 0.810239, 0.118729, 0.001342, -0.814829, 0.579491, -0.015638, 0.002610, -0.081473, -0.087769, 0.992804, 0.126808, 0.000000, 0.000000, 0.000000, 1.000000, -0.081473, -0.087769, 0.992804, 0.195808, -0.573948, -0.810239, -0.118729, 0.007658, 0.814829, -0.579491, 0.015638, 0.254463, 0.000000, 0.000000, 0.000000, 1.000000, 0.010587, -0.014709, -0.999836, 0.106812, -0.999323, 0.035067, -0.011098, -0.001277, 0.035225, 0.999277, -0.014328, -0.007970, 0.000000, 0.000000, 0.000000, 1.000000
-8.7230, 1.3163, 2.3548, 129.5804, 198.5804, 7.6837, 254.7187, 106.3671, -1.2745, -8.0371, 0.574639, 0.810087, 0.116399, 0.001316, -0.814582, 0.579874, -0.014236, 0.002355, -0.079029, -0.086636, 0.993101, 0.129580, 0.000000, 0.000000, 0.000000, 1.000000, -0.079029, -0.086636, 0.993101, 0.198580, -0.574639, -0.810087, -0.116399, 0.007684, 0.814582, -0.579874, 0.014236, 0.254719, 0.000000, 0.000000, 0.000000, 1.000000, 0.008093, -0.021014, -0.999746, 0.106367, -0.999329, 0.035542, -0.008837, -0.001274, 0.035719, 0.999147, -0.020712, -0.008037, 0.000000, 0.000000, 0.000000, 1.000000
-8.3708, 1.2387, 2.0701, 131.9094, 200.9094, 7.7613, 255.0033, 106.7902, -1.2955, -8.0571, 0.574632, 0.808916, 0.124306, 0.001239, -0.814743, 0.579785, -0.006591, 0.002070, -0.077402, -0.097491, 0.992222, 0.131909, 0.000000, 0.000000, 0.000000, 1.000000, -0.077402, -0.097491, 0.992222, 0.200909, -0.574632, -0.808916, -0.124306, 0.007761, 0.814743, -0.579785, 0.006591, 0.255003, 0.000000, 0.000000, 0.000000, 1.000000, 0.006503, -0.016244, -0.999847, 0.106790, -0.999349, 0.035376, -0.007074, -0.001296, 0.035486, 0.999242, -0.016004, -0.008057, 0.000000, 0.000000, 0.000000, 1.000000
-8.0451, 1.1913, 1.8723, 134.6207, 203.6207, 7.8087, 255.2012, 106.6280, -1.2370, -8.0976, 0.574276, 0.809072, 0.124940, 0.001191, -0.814594, 0.579924, -0.011190, 0.001872, -0.081509, -0.095349, 0.992101, 0.134621, 0.000000, 0.000000, 0.000000, 1.000000, -0.081509, -0.095349, 0.992101, 0.203621, -0.574276, -0.809072, -0.124940, 0.007809, 0.814594, -0.579924, 0.011190, 0.255201, 0.000000, 0.000000, 0.000000, 1.000000, 0.010637, -0.024071, -0.999654, 0.106628, -0.999302, 0.035546, -0.011489, -0.001237, 0.035810, 0.999078, -0.023676, -0.008098, 0.000000, 0.000000, 0.000000, 1.000000
-7.7427, 1.1675, 1.6732, 137.0277, 206.0277, 7.8325, 255.4002, 106.5866, -1.2144, -8.1274, 0.574288, 0.808599, 0.127910, 0.001167, -0.814415, 0.580176, -0.011111, 0.001673, -0.083195, -0.097791, 0.991723, 0.137028, 0.000000, 0.000000, 0.000000, 1.000000, -0.083195, -0.097791, 0.991723, 0.206028, -0.574288, -0.808599, -0.127910, 0.007833, 0.814415, -0.580176, 0.011111, 0.255400, 0.000000, 0.000000, 0.000000, 1.000000, 0.012317, -0.026866, -0.999563, 0.106587, -0.999269, 0.035847, -0.013277, -0.001214, 0.036188, 0.998996, -0.026405, -0.008127, 0.000000, 0.000000, 0.000000, 1.000000
-7.3961, 1.1281, 1.4773, 139.3920, 208.3920, 7.8719, 255.5962, 106.9338, -1.1818, -8.1170, 0.574534, 0.807674, 0.132568, 0.001128, -0.814015, 0.580750, -0.010393, 0.001477, -0.085383, -0.101942, 0.991119, 0.139392, 0.000000, 0.000000, 0.000000, 1.000000, -0.085383, -0.101942, 0.991119, 0.208392, -0.574534, -0.807674, -0.132568, 0.007872, 0.814015, -0.580750, 0.010393, 0.255596, 0.000000, 0.000000, 0.000000, 1.000000, 0.014455, -0.028683, -0.999484, 0.106934, -0.999212, 0.036550, -0.015500, -0.001182, 0.036976, 0.998920, -0.028132, -0.008117, 0.000000, 0.000000, 0.000000, 1.000000
-7.0779, 1.1549, 1.1806, 142.1930, 211.1930, 7.8451, 255.8929, 106.6250, -1.2425, -8.2176, 0.575376, 0.807083, 0.132511, 0.001155, -0.814547, 0.580085, 0.003726, 0.001181, -0.073861, -0.110080, 0.991174, 0.142193, 0.000000, 0.000000, 0.000000, 1.000000, -0.073861, -0.110080, 0.991174, 0.211193, -0.575376, -0.807083, -0.132511, 0.007845, 0.814547, -0.580085, -0.003726, 0.255893, 0.000000, 0.000000, 0.000000, 1.000000, 0.002963, -0.026088, -0.999655, 0.106625, -0.999352, 0.035774, -0.003896, -0.001243, 0.035863, 0.999019, -0.025965, -0.008218, 0.000000, 0.000000, 0.000000, 1.000000
-6.7820, 1.1296, 1.0144, 144.4825, 213.4825, 7.8704, 256.0591, 106.6571, -1.2013, -8.2623, 0.575073, 0.805976, 0.140332, 0.001130, -0.814162, 0.580636, 0.001591, 0.001014, -0.080200, -0.115168, 0.990103, 0.144483, 0.000000, 0.000000, 0.000000, 1.000000, -0.080200, -0.115168, 0.990103, 0.213483, -0.575073, -0.805976, -0.140332, 0.007870, 0.814162, -0.580636, -0.001591, 0.256059, 0.000000, 0.000000, 0.000000, 1.000000, 0.009276, -0.026066, -0.999617, 0.106657, -0.999281, 0.036498, -0.010225, -0.001201, 0.036751, 0.998994, -0.025709, -0.008262, 0.000000, 0.000000, 0.000000, 1.000000
-6.4614, 1.1678, 0.8158, 146.9794, 215.9795, 7.8322, 256.2576, 106.6685, -1.2074, -8.2824, 0.575682, 0.805764, 0.139050, 0.001168, -0.814449, 0.580148, 0.010077, 0.000816, -0.072549, -0.119050, 0.990234, 0.146979, 0.000000, 0.000000, 0.000000, 1.000000, -0.072549, -0.119050, 0.990234, 0.215979, -0.575682, -0.805764, -0.139050, 0.007832, 0.814449, -0.580148, -0.010077, 0.256258, 0.000000, 0.000000, 0.000000, 1.000000, 0.001650, -0.027781, -0.999613, 0.106668, -0.999350, 0.035945, -0.002649, -0.001207, 0.036005, 0.998968, -0.027704, -0.008282, 0.000000, 0.000000, 0.000000, 1.000000
-6.1696, 1.1414, 0.6220, 149.2320, 218.2320, 7.8586, 256.4515, 106.7118, -1.1922, -8.3668, 0.575301, 0.804020, 0.150265, 0.001141, -0.814233, 0.580420, 0.011710, 0.000622, -0.077802, -0.129087, 0.988576, 0.149232, 0.000000, 0.000000, 0.000000, 1.000000, -0.077802, -0.129087, 0.988576, 0.218232, -0.575301, -0.804020, -0.150265, 0.007859, 0.814233, -0.580420, -0.011710, 0.256451, 0.000000, 0.000000, 0.000000, 1.000000, 0.006900, -0.022698, -0.999719, 0.106712, -0.999305, 0.036464, -0.007725, -0.001192, 0.036629, 0.999077, -0.022430, -0.008367, 0.000000, 0.000000, 0.000000, 1.000000
-5.9060, 1.2178, 0.5349, 151.4911, 220.4911, 7.7822, 256.5385, 106.5122, -1.1456, -8.3576, 0.575415, 0.805128, 0.143757, 0.001218, -0.814281, 0.580406, 0.008686, 0.000535, -0.076444, -0.122056, 0.989575, 0.151491, 0.000000, 0.000000, 0.000000, 1.000000, -0.076444, -0.122056, 0.989575, 0.220491, -0.575415, -0.805128, -0.143757, 0.007782, 0.814281, -0.580406, -0.008686, 0.256539, 0.000000, 0.000000, 0.000000, 1.000000, 0.005555, -0.034409, -0.999392, 0.106512, -0.999318, 0.036301, -0.006805, -0.001146, 0.036513, 0.998748, -0.034184, -0.008358, 0.000000, 0.000000, 0.000000, 1.000000
-5.6176, 1.2662, 0.3891, 153.5334, 222.5334, 7.7338, 256.6843, 106.7273, -1.1459, -8.3465, 0.575231, 0.805119, 0.144544, 0.001266, -0.814289, 0.580409, 0.007658, 0.000389, -0.077729, -0.122105, 0.989469, 0.153533, 0.000000, 0.000000, 0.000000, 1.000000, -0.077729, -0.122105, 0.989469, 0.222533, -0.575231, -0.805119, -0.144544, 0.007734, 0.814289, -0.580409, -0.007658, 0.256684, 0.000000, 0.000000, 0.000000, 1.000000, 0.006864, -0.039391, -0.999200, 0.106727, -0.999307, 0.036297, -0.008296, -0.001146, 0.036595, 0.998564, -0.039114, -0.008346, 0.000000, 0.000000, 0.000000, 1.000000
-5.3418, 1.2935, 0.2298, 155.8737, 224.8737, 7.7065, 256.8437, 106.5567, -1.1277, -8.4362, 0.575338, 0.804044, 0.149999, 0.001293, -0.814245, 0.580397, 0.012015, 0.000230, -0.077398, -0.129049, 0.988613, 0.155874, 0.000000, 0.000000, 0.000000, 1.000000, -0.077398, -0.129049, 0.988613, 0.224874, -0.575338, -0.804044, -0.149999, 0.007707, 0.814245, -0.580397, -0.012015, 0.256844, 0.000000, 0.000000, 0.000000, 1.000000, 0.006529, -0.037180, -0.999287, 0.106557, -0.999306, 0.036418, -0.007884, -0.001128, 0.036685, 0.998645, -0.036916, -0.008436, 0.000000, 0.000000, 0.000000, 1.000000
-5.0225, 1.3622, 0.0970, 158.3615, 227.3615, 7.6378, 256.9764, 106.5723, -1.0986, -8.4575, 0.575495, 0.803823, 0.150578, 0.001362, -0.814454, 0.579989, 0.016640, 0.000097, -0.073959, -0.132215, 0.988458, 0.158361, 0.000000, 0.000000, 0.000000, 1.000000, -0.073959, -0.132215, 0.988458, 0.227361, -0.575495, -0.803823, -0.150578, 0.007638, 0.814454, -0.579989, -0.016640, 0.256976, 0.000000, 0.000000, 0.000000, 1.000000, 0.003143, -0.039580, -0.999211, 0.106572, -0.999342, 0.035984, -0.004568, -0.001099, 0.036137, 0.998568, -0.039441, -0.008458, 0.000000, 0.000000, 0.000000, 1.000000
-4.6476, 1.3971, -0.0450, 160.2685, 229.2685, 7.6029, 257.1184, 107.5968, -1.0938, -8.3471, 0.575430, 0.802360, 0.158426, 0.001397, -0.814164, 0.580359, 0.017910, -0.000045, -0.077574, -0.139291, 0.987208, 0.160269, 0.000000, 0.000000, 0.000000, 1.000000, -0.077574, -0.139291, 0.987208, 0.229269, -0.575430, -0.802360, -0.158426, 0.007603, 0.814164, -0.580359, -0.017910, 0.257118, 0.000000, 0.000000, 0.000000, 1.000000, 0.006708, -0.038917, -0.999220, 0.107597, -0.999296, 0.036627, -0.008135, -0.001094, 0.036915, 0.998571, -0.038644, -0.008347, 0.000000, 0.000000, 0.000000, 1.000000
-4.4315, 1.4984, -0.2569, 163.3306, 232.3306, 7.5016, 257.3303, 106.2537, -1.1180, -8.6518, 0.576012, 0.801181, 0.162230, 0.001498, -0.814241, 0.579887, 0.027234, -0.000257, -0.072256, -0.147781, 0.986377, 0.163331, 0.000000, 0.000000, 0.000000, 1.000000, -0.072256, -0.147781, 0.986377, 0.232331, -0.576012, -0.801181, -0.162230, 0.007502, 0.814241, -0.579887, -0.027234, 0.257330, 0.000000, 0.000000, 0.000000, 1.000000, 0.001393, -0.034112, -0.999417, 0.106254, -0.999336, 0.036326, -0.002633, -0.001118, 0.036395, 0.998758, -0.034039, -0.008652, 0.000000, 0.000000, 0.000000, 1.000000
-4.1597, 1.5860, -0.3457, 165.1636, 234.1636, 7.4140, 257.4192, 106.5463, -1.1085, -8.6130, 0.576480, 0.800723, 0.162831, 0.001586, -0.814390, 0.579287, 0.034583, -0.000346, -0.066634, -0.152544, 0.986048, 0.165164, 0.000000, 0.000000, 0.000000, 1.000000, -0.066634, -0.152544, 0.986048, 0.234164, -0.576480, -0.800723, -0.162831, 0.007414, 0.814390, -0.579287, -0.034583, 0.257419, 0.000000, 0.000000, 0.000000, 1.000000, -0.004186, -0.034067, -0.999411, 0.106546, -0.999356, 0.035765, 0.002966, -0.001109, 0.035642, 0.998779, -0.034195, -0.008613, 0.000000, 0.000000, 0.000000, 1.000000
-3.8707, 1.6621, -0.4071, 167.1848, 236.1848, 7.3379, 257.4805, 106.7898, -1.0573, -8.5893, 0.575515, 0.800343, 0.168027, 0.001662, -0.814545, 0.579290, 0.030665, -0.000407, -0.072794, -0.154514, 0.985305, 0.167185, 0.000000, 0.000000, 0.000000, 1.000000, -0.072794, -0.154514, 0.985305, 0.236185, -0.575515, -0.800343, -0.168027, 0.007338, 0.814545, -0.579290, -0.030665, 0.257481, 0.000000, 0.000000, 0.000000, 1.000000, 0.002059, -0.037105, -0.999309, 0.106790, -0.999352, 0.035842, -0.003390, -0.001057, 0.035943, 0.998668, -0.037007, -0.008589, 0.000000, 0.000000, 0.000000, 1.000000
-3.4922, 1.7647, -0.4786, 169.2942, 238.2942, 7.2353, 257.5521, 107.6358, -1.0190, -8.4569, 0.575116, 0.800861, 0.166923, 0.001765, -0.814570, 0.579466, 0.026362, -0.000479, -0.075614, -0.151132, 0.985617, 0.169294, 0.000000, 0.000000, 0.000000, 1.000000, -0.075614, -0.151132, 0.985617, 0.238294, -0.575116, -0.800861, -0.166923, 0.007235, 0.814570, -0.579466, -0.026362, 0.257552, 0.000000, 0.000000, 0.000000, 1.000000, 0.004919, -0.047127, -0.998877, 0.107636, -0.999333, 0.035910, -0.006615, -0.001019, 0.036182, 0.998243, -0.046919, -0.008457, 0.000000, 0.000000, 0.000000, 1.000000
-3.1733, 1.9062, -0.6218, 172.2872, 241.2872, 7.0938, 257.6953, 107.1558, -1.0093, -8.6021, 0.575608, 0.799213, 0.173018, 0.001906, -0.814342, 0.579477, 0.032459, -0.000622, -0.074318, -0.159579, 0.984384, 0.172287, 0.000000, 0.000000, 0.000000, 1.000000, -0.074318, -0.159579, 0.984384, 0.241287, -0.575608, -0.799213, -0.173018, 0.007094, 0.814342, -0.579477, -0.032459, 0.257695, 0.000000, 0.000000, 0.000000, 1.000000, 0.003553, -0.044096, -0.999021, 0.107156, -0.999329, 0.036275, -0.005155, -0.001009, 0.036467, 0.998368, -0.043938, -0.008602, 0.000000, 0.000000, 0.000000, 1.000000
-2.8580, 2.0546, -0.7639, 174.7131, 243.7131, 6.9454, 257.8374, 107.2044, -1.0393, -8.6452, 0.576753, 0.797565, 0.176763, 0.002055, -0.814129, 0.579033, 0.043756, -0.000764, -0.067454, -0.169144, 0.983280, 0.174713, 0.000000, 0.000000, 0.000000, 1.000000, -0.067454, -0.169144, 0.983280, 0.243713, -0.576753, -0.797565, -0.176763, 0.006945, 0.814129, -0.579033, -0.043756, 0.257837, 0.000000, 0.000000, 0.000000, 1.000000, -0.003384, -0.039888, -0.999198, 0.107204, -0.999343, 0.036191, 0.001940, -0.001039, 0.036085, 0.998549, -0.039985, -0.008645, 0.000000, 0.000000, 0.000000, 1.000000
-2.5899, 2.1616, -0.8217, 177.1706, 246.1706, 6.8384, 257.8951, 106.8626, -0.9770, -8.7581, 0.575901, 0.797458, 0.179997, 0.002162, -0.814501, 0.578598, 0.042581, -0.000822, -0.070189, -0.171130, 0.982745, 0.177171, 0.000000, 0.000000, 0.000000, 1.000000, -0.070189, -0.171130, 0.982745, 0.246171, -0.575901, -0.797458, -0.179997, 0.006838, 0.814501, -0.578598, -0.042581, 0.257895, 0.000000, 0.000000, 0.000000, 1.000000, -0.000498, -0.042575, -0.999093, 0.106863, -0.999360, 0.035753, -0.001026, -0.000977, 0.035765, 0.998453, -0.042566, -0.008758, 0.000000, 0.000000, 0.000000, 1.000000
-2.3137, 2.2506, -0.9106, 179.0748, 248.0748, 6.7494, 257.9841, 107.1315, -0.9659, -8.7830, 0.575906, 0.795416, 0.188802, 0.002251, -0.814323, 0.578540, 0.046577, -0.000911, -0.072182, -0.180570, 0.980910, 0.179075, 0.000000, 0.000000, 0.000000, 1.000000, -0.072182, -0.180570, 0.980910, 0.248075, -0.575906, -0.795416, -0.188802, 0.006749, 0.814323, -0.578540, -0.046577, 0.257984, 0.000000, 0.000000, 0.000000, 1.000000, 0.001444, -0.037753, -0.999286, 0.107132, -0.999340, 0.036221, -0.002813, -0.000966, 0.036302, 0.998630, -0.037676, -0.008783, 0.000000, 0.000000, 0.000000, 1.000000
-2.0359, 2.4600, -0.9366, 181.7643, 250.7643, 6.5400, 258.0100, 106.6194, -0.9191, -8.8584, 0.575834, 0.796703, 0.183518, 0.002460, -0.814575, 0.578270, 0.045502, -0.000937, -0.069872, -0.175691, 0.981963, 0.181764, 0.000000, 0.000000, 0.000000, 1.000000, -0.069872, -0.175691, 0.981963, 0.250764, -0.575834, -0.796703, -0.183518, 0.006540, 0.814575, -0.578270, -0.045502, 0.258010, 0.000000, 0.000000, 0.000000, 1.000000, -0.000755, -0.047608, -0.998866, 0.106619, -0.999366, 0.035590, -0.000941, -0.000919, 0.035594, 0.998232, -0.047604, -0.008858, 0.000000, 0.000000, 0.000000, 1.000000
-1.7486, 2.5931, -1.0492, 183.6118, 252.6118, 6.4069, 258.1227, 107.0249, -0.9556, -8.8523, 0.576333, 0.794358, 0.191925, 0.002593, -0.814187, 0.578337, 0.051246, -0.001049, -0.070290, -0.185797, 0.980071, 0.183612, 0.000000, 0.000000, 0.000000, 1.000000, -0.070290, -0.185797, 0.980071, 0.252612, -0.576333, -0.794358, -0.191925, 0.006407, 0.814187, -0.578337, -0.051246, 0.258123, 0.000000, 0.000000, 0.000000, 1.000000, -0.000473, -0.042274, -0.999106, 0.107025, -0.999341, 0.036288, -0.001062, -0.000956, 0.036301, 0.998447, -0.042264, -0.008852, 0.000000, 0.000000, 0.000000, 1.000000
-1.4612, 2.7153, -1.0966, 185.6305, 254.6305, 6.2847, 258.1700, 107.2653, -0.9213, -8.8663, 0.576313, 0.793117, 0.197049, 0.002715, -0.814117, 0.578201, 0.053821, -0.001097, -0.071248, -0.191438, 0.978915, 0.185630, 0.000000, 0.000000, 0.000000, 1.000000, -0.071248, -0.191438, 0.978915, 0.254630, -0.576313, -0.793117, -0.197049, 0.006285, 0.814117, -0.578201, -0.053821, 0.258170, 0.000000, 0.000000, 0.000000, 1.000000, 0.000468, -0.041519, -0.999138, 0.107265, -0.999332, 0.036494, -0.001985, -0.000921, 0.036545, 0.998471, -0.041474, -0.008866, 0.000000, 0.000000, 0.000000, 1.000000
-1.1568, 2.9328, -1.1237, 187.7918, 256.7918, 6.0672, 258.1971, 107.4761, -0.9128, -8.8130, 0.576997, 0.793128, 0.194996, 0.002933, -0.814141, 0.577579, 0.059809, -0.001124, -0.065190, -0.193263, 0.978979, 0.187792, 0.000000, 0.000000, 0.000000, 1.000000, -0.065190, -0.193263, 0.978979, 0.256792, -0.576997, -0.793128, -0.194996, 0.006067, 0.814141, -0.577579, -0.059809, 0.258197, 0.000000, 0.000000, 0.000000, 1.000000, -0.005547, -0.045009, -0.998971, 0.107476, -0.999350, 0.035847, 0.003934, -0.000913, 0.035633, 0.998343, -0.045178, -0.008813, 0.000000, 0.000000, 0.000000, 1.000000
-0.8222, 3.1317, -1.1570, 190.3203, 259.3203, 5.8683, 258.2305, 107.5724, -0.8754, -8.8378, 0.576671, 0.793696, 0.193642, 0.003132, -0.814443, 0.577154, 0.059802, -0.001157, -0.064297, -0.192197, 0.979248, 0.190320, 0.000000, 0.000000, 0.000000, 1.000000, -0.064297, -0.192197, 0.979248, 0.259320, -0.576671, -0.793696, -0.193642, 0.005868, 0.814443, -0.577154, -0.059802, 0.258230, 0.000000, 0.000000, 0.000000, 1.000000, -0.006287, -0.051973, -0.998629, 0.107572, -0.999369, 0.035236, 0.004458, -0.000875, 0.034956, 0.998027, -0.052162, -0.008838, 0.000000, 0.000000, 0.000000, 1.000000
-0.4599, 3.3750, -1.2337, 193.0118, 262.0118, 5.6250, 258.3072, 107.7217, -0.8876, -8.8685, 0.577191, 0.791234, 0.201988, 0.003375, -0.814140, 0.576785, 0.067047, -0.001234, -0.063454, -0.203146, 0.977090, 0.193012, 0.000000, 0.000000, 0.000000, 1.000000, -0.063454, -0.203146, 0.977090, 0.262012, -0.577191, -0.791234, -0.201988, 0.005625, 0.814140, -0.576785, -0.067047, 0.258307, 0.000000, 0.000000, 0.000000, 1.000000, -0.007230, -0.047080, -0.998865, 0.107722, -0.999351, 0.035587, 0.005556, -0.000888, 0.035285, 0.998257, -0.047307, -0.008868, 0.000000, 0.000000, 0.000000, 1.000000
-0.2248, 3.6008, -1.2355, 195.6597, 264.6597, 5.3992, 258.3090, 106.9296, -0.8377, -9.0464, 0.576891, 0.790245, 0.206663, 0.003601, -0.814301, 0.576259, 0.069566, -0.001236, -0.064117, -0.208418, 0.975936, 0.195660, 0.000000, 0.000000, 0.000000, 1.000000, -0.064117, -0.208418, 0.975936, 0.264660, -0.576891, -0.790245, -0.206663, 0.005399, 0.814301, -0.576259, -0.069566, 0.258309, 0.000000, 0.000000, 0.000000, 1.000000, -0.006486, -0.045800, -0.998930, 0.106930, -0.999363, 0.035359, 0.004867, -0.000838, 0.035098, 0.998325, -0.046000, -0.009046, 0.000000, 0.000000, 0.000000, 1.000000
0.0519, 3.7162, -1.2546, 197.3534, 266.3534, 5.2838, 258.3281, 107.4108, -0.7985, -9.0334, 0.576353, 0.789066, 0.212584, 0.003716, -0.814337, 0.576319, 0.068640, -0.001255, -0.068354, -0.212676, 0.974729, 0.197353, 0.000000, 0.000000, 0.000000, 1.000000, -0.068354, -0.212676, 0.974729, 0.266353, -0.576353, -0.789066, -0.212584, 0.005284, 0.814337, -0.576319, -0.068640, 0.258328, 0.000000, 0.000000, 0.000000, 1.000000, -0.002246, -0.046230, -0.998928, 0.107411, -0.999359, 0.035784, 0.000591, -0.000799, 0.035718, 0.998290, -0.046281, -0.009033, 0.000000, 0.000000, 0.000000, 1.000000
0.3534, 3.9731, -1.3042, 199.6290, 268.6290, 5.0269, 258.3777, 107.4933, -0.8257, -9.0506, 0.577439, 0.786693, 0.218354, 0.003973, -0.813927, 0.575638, 0.078509, -0.001304, -0.063931, -0.223058, 0.972706, 0.199629, 0.000000, 0.000000, 0.000000, 1.000000, -0.063931, -0.223058, 0.972706, 0.268629, -0.577439, -0.786693, -0.218354, 0.005027, 0.813927, -0.575638, -0.078509, 0.258378, 0.000000, 0.000000, 0.000000, 1.000000, -0.006802, -0.040827, -0.999143, 0.107493, -0.999342, 0.035871, 0.005337, -0.000826, 0.035623, 0.998522, -0.041044, -0.009051, 0.000000, 0.000000, 0.000000, 1.000000
0.6639, 4.2480, -1.2538, 202.2836, 271.2836, 4.7520, 258.3273, 107.2685, -0.7562, -9.1011, 0.576748, 0.788277, 0.214431, 0.004248, -0.814408, 0.575390, 0.075276, -0.001254, -0.064043, -0.218049, 0.973834, 0.202284, 0.000000, 0.000000, 0.000000, 1.000000, -0.064043, -0.218049, 0.973834, 0.271284, -0.576748, -0.788277, -0.214431, 0.004752, 0.814408, -0.575390, -0.075276, 0.258327, 0.000000, 0.000000, 0.000000, 1.000000, -0.006449, -0.051438, -0.998655, 0.107268, -0.999373, 0.035093, 0.004646, -0.000756, 0.034806, 0.998059, -0.051632, -0.009101, 0.000000, 0.000000, 0.000000, 1.000000
0.9654, 4.4123, -1.3159, 204.0028, 273.0028, 4.5877, 258.3893, 107.9146, -0.7779, -9.0703, 0.576831, 0.784208, 0.228658, 0.004412, -0.814050, 0.575076, 0.081300, -0.001316, -0.067740, -0.233035, 0.970106, 0.204003, 0.000000, 0.000000, 0.000000, 1.000000, -0.067740, -0.233035, 0.970106, 0.273003, -0.576831, -0.784208, -0.228658, 0.004588, 0.814050, -0.575076, -0.081300, 0.258389, 0.000000, 0.000000, 0.000000, 1.000000, -0.002938, -0.041213, -0.999146, 0.107915, -0.999346, 0.036140, 0.001448, -0.000778, 0.036049, 0.998497, -0.041292, -0.009070, 0.000000, 0.000000, 0.000000, 1.000000
1.3114, 4.7082, -1.2666, 206.5898, 275.5898, 4.2918, 258.3400, 108.0298, -0.7240, -9.0638, 0.576767, 0.784767, 0.226893, 0.004708, -0.814267, 0.574603, 0.082474, -0.001267, -0.065650, -0.232320, 0.970421, 0.206590, 0.000000, 0.000000, 0.000000, 1.000000, -0.065650, -0.232320, 0.970421, 0.275590, -0.576767, -0.784767, -0.226893, 0.004292, 0.814267, -0.574603, -0.082474, 0.258340, 0.000000, 0.000000, 0.000000, 1.000000, -0.004882, -0.048032, -0.998834, 0.108030, -0.999366, 0.035471, 0.003179, -0.000724, 0.035277, 0.998216, -0.048174, -0.009064, 0.000000, 0.000000, 0.000000, 1.000000
1.5933, 5.0404, -1.2406, 209.4181, 278.4181, 3.9596, 258.3141, 107.4127, -0.6989, -9.2109, 0.576547, 0.784082, 0.229801, 0.005040, -0.814525, 0.573710, 0.086056, -0.001241, -0.064365, -0.236794, 0.969425, 0.209418, 0.000000, 0.000000, 0.000000, 1.000000, -0.064365, -0.236794, 0.969425, 0.278418, -0.576547, -0.784082, -0.229801, 0.003960, 0.814525, -0.573710, -0.086056, 0.258314, 0.000000, 0.000000, 0.000000, 1.000000, -0.006006, -0.048382, -0.998811, 0.107413, -0.999384, 0.034822, 0.004323, -0.000699, 0.034572, 0.998222, -0.048562, -0.009211, 0.000000, 0.000000, 0.000000, 1.000000
1.9293, 5.3028, -1.2397, 211.7119, 280.7119, 3.6972, 258.3131, 107.7503, -0.6865, -9.2161, 0.577279, 0.781920, 0.235267, 0.005303, -0.814210, 0.573001, 0.093450, -0.001240, -0.061738, -0.245503, 0.967428, 0.211712, 0.000000, 0.000000, 0.000000, 1.000000, -0.061738, -0.245503, 0.967428, 0.280712, -0.577279, -0.781920, -0.235267, 0.003697, 0.814210, -0.573001, -0.093450, 0.258313, 0.000000, 0.000000, 0.000000, 1.000000, -0.008725, -0.045248, -0.998938, 0.107750, -0.999366, 0.034880, 0.007149, -0.000687, 0.034520, 0.998367, -0.045524, -0.009216, 0.000000, 0.000000, 0.000000, 1.000000
2.2176, 5.6317, -1.1746, 214.2912, 283.2912, 3.3683, 258.2481, 107.4237, -0.6428, -9.2940, 0.577343, 0.782645, 0.232684, 0.005632, -0.814304, 0.572810, 0.093801, -0.001175, -0.059871, -0.243631, 0.968018, 0.214291, 0.000000, 0.000000, 0.000000, 1.000000, -0.059871, -0.243631, 0.968018, 0.283291, -0.577343, -0.782645, -0.232684, 0.003368, 0.814304, -0.572810, -0.093801, 0.258248, 0.000000, 0.000000, 0.000000, 1.000000, -0.010489, -0.052240, -0.998579, 0.107424, -0.999369, 0.034426, 0.008697, -0.000643, 0.033923, 0.998041, -0.052568, -0.009294, 0.000000, 0.000000, 0.000000, 1.000000
2.5176, 5.8893, -1.1324, 216.2946, 285.2946, 3.1107, 258.2059, 107.7614, -0.6134, -9.2658, 0.577146, 0.781376, 0.237392, 0.005889, -0.814215, 0.572972, 0.093577, -0.001132, -0.062900, -0.247296, 0.966896, 0.216295, 0.000000, 0.000000, 0.000000, 1.000000, -0.062900, -0.247296, 0.966896, 0.285295, -0.577146, -0.781376, -0.237392, 0.003111, 0.814215, -0.572972, -0.093577, 0.258206, 0.000000, 0.000000, 0.000000, 1.000000, -0.007534, -0.053640, -0.998532, 0.107761, -0.999370, 0.035027, 0.005659, -0.000613, 0.034672, 0.997946, -0.053870, -0.009266, 0.000000, 0.000000, 0.000000, 1.000000
2.8037, 6.1930, -1.0973, 218.5412, 287.5412, 2.8070, 258.1707, 107.7500, -0.6018, -9.3070, 0.577415, 0.778806, 0.245058, 0.006193, -0.814081, 0.572046, 0.100178, -0.001097, -0.062166, -0.257341, 0.964319, 0.218541, 0.000000, 0.000000, 0.000000, 1.000000, -0.062166, -0.257341, 0.964319, 0.287541, -0.577415, -0.778806, -0.245058, 0.002807, 0.814081, -0.572046, -0.100178, 0.258171, 0.000000, 0.000000, 0.000000, 1.000000, -0.008304, -0.048231, -0.998802, 0.107750, -0.999363, 0.035055, 0.006616, -0.000602, 0.034694, 0.998221, -0.048491, -0.009307, 0.000000, 0.000000, 0.000000, 1.000000
3.1288, 6.5398, -1.0757, 221.0362, 290.0362, 2.4602, 258.1492, 107.7960, -0.6088, -9.3578, 0.577893, 0.778327, 0.245454, 0.006540, -0.814137, 0.570716, 0.107069, -0.001076, -0.056750, -0.261707, 0.963477, 0.221036, 0.000000, 0.000000, 0.000000, 1.000000, -0.056750, -0.261707, 0.963477, 0.290036, -0.577893, -0.778327, -0.245454, 0.002460, 0.814137, -0.570716, -0.107069, 0.258149, 0.000000, 0.000000, 0.000000, 1.000000, -0.013549, -0.049451, -0.998685, 0.107796, -0.999353, 0.033938, 0.011878, -0.000609, 0.033306, 0.998200, -0.049879, -0.009358, 0.000000, 0.000000, 0.000000, 1.000000
3.4160, 6.8039, -1.0053, 223.1869, 292.1869, 2.1961, 258.0787, 107.8961, -0.5525, -9.4027, 0.577779, 0.777335, 0.248840, 0.006804, -0.814171, 0.570355, 0.108722, -0.001005, -0.057414, -0.265416, 0.962423, 0.223187, 0.000000, 0.000000, 0.000000, 1.000000, -0.057414, -0.265416, 0.962423, 0.292187, -0.577779, -0.777335, -0.248840, 0.002196, 0.814171, -0.570355, -0.108722, 0.258079, 0.000000, 0.000000, 0.000000, 1.000000, -0.012854, -0.050606, -0.998636, 0.107896, -0.999361, 0.033951, 0.011143, -0.000553, 0.033341, 0.998141, -0.051011, -0.009403, 0.000000, 0.000000, 0.000000, 1.000000
3.7015, 7.1769, -0.9538, 225.3886, 294.3886, 1.8231, 258.0272, 107.9071, -0.5692, -9.4015, 0.577676, 0.775638, 0.254315, 0.007177, -0.814120, 0.570058, 0.110646, -0.000954, -0.059153, -0.270961, 0.960771, 0.225389, 0.000000, 0.000000, 0.000000, 1.000000, -0.059153, -0.270961, 0.960771, 0.294389, -0.577676, -0.775638, -0.254315, 0.001823, 0.814120, -0.570058, -0.110646, 0.258027, 0.000000, 0.000000, 0.000000, 1.000000, -0.011158, -0.049794, -0.998697, 0.107907, -0.999367, 0.034298, 0.009455, -0.000569, 0.033782, 0.998170, -0.050145, -0.009402, 0.000000, 0.000000, 0.000000, 1.000000
3.9842, 7.5510, -0.8477, 227.9005, 296.9005, 1.4490, 257.9212, 107.5980, -0.5234, -9.4858, 0.577662, 0.774820, 0.256829, 0.007551, -0.814069, 0.569964, 0.111504, -0.000848, -0.059987, -0.273488, 0.960003, 0.227901, 0.000000, 0.000000, 0.000000, 1.000000, -0.059987, -0.273488, 0.960003, 0.296901, -0.577662, -0.774820, -0.256829, 0.001449, 0.814069, -0.569964, -0.111504, 0.257921, 0.000000, 0.000000, 0.000000, 1.000000, -0.010347, -0.052077, -0.998589, 0.107598, -0.999368, 0.034509, 0.008555, -0.000523, 0.034015, 0.998047, -0.052401, -0.009486, 0.000000, 0.000000, 0.000000, 1.000000
4.2561, 7.8557, -0.7675, 230.1502, 299.1502, 1.1443, 257.8409, 107.4789, -0.4776, -9.5798, 0.577900, 0.775369, 0.254625, 0.007856, -0.814292, 0.568633, 0.116558, -0.000767, -0.054412, -0.274698, 0.959990, 0.230150, 0.000000, 0.000000, 0.000000, 1.000000, -0.054412, -0.274698, 0.959990, 0.299150, -0.577900, -0.775369, -0.254625, 0.001144, 0.814292, -0.568633, -0.116558, 0.257841, 0.000000, 0.000000, 0.000000, 1.000000, -0.015619, -0.055662, -0.998328, 0.107479, -0.999360, 0.033016, 0.013794, -0.000478, 0.032193, 0.997904, -0.056142, -0.009580, 0.000000, 0.000000, 0.000000, 1.000000
4.5168, 8.1548, -0.7054, 231.9147, 300.9147, 0.8452, 257.7788, 107.7378, -0.4730, -9.5515, 0.578211, 0.771803, 0.264559, 0.008155, -0.814008, 0.567706, 0.122888, -0.000705, -0.055346, -0.286408, 0.956508, 0.231915, 0.000000, 0.000000, 0.000000, 1.000000, -0.055346, -0.286408, 0.956508, 0.300915, -0.578211, -0.771803, -0.264559, 0.000845, 0.814008, -0.567706, -0.122888, 0.257779, 0.000000, 0.000000, 0.000000, 1.000000, -0.014846, -0.047956, -0.998739, 0.107738, -0.999351, 0.033505, 0.013246, -0.000473, 0.032828, 0.998287, -0.048423, -0.009551, 0.000000, 0.000000, 0.000000, 1.000000
4.8123, 8.4922, -0.6206, 233.7999, 302.7998, 0.5078, 257.6940, 108.1383, -0.4620, -9.4824, 0.577842, 0.769372, 0.272335, 0.008492, -0.813951, 0.567728, 0.123162, -0.000621, -0.059855, -0.292836, 0.954288, 0.233800, 0.000000, 0.000000, 0.000000, 1.000000, -0.059855, -0.292836, 0.954288, 0.302800, -0.577842, -0.769372, -0.272335, 0.000508, 0.813951, -0.567728, -0.123162, 0.257694, 0.000000, 0.000000, 0.000000, 1.000000, -0.010472, -0.046311, -0.998872, 0.108138, -0.999366, 0.034473, 0.008879, -0.000462, 0.034023, 0.998332, -0.046643, -0.009482, 0.000000, 0.000000, 0.000000, 1.000000
5.1008, 8.9038, -0.5235, 236.1136, 305.1136, 0.0962, 257.5970, 108.0588, -0.4573, -9.5139, 0.578262, 0.767648, 0.276278, 0.008904, -0.813812, 0.566662, 0.128857, -0.000524, -0.057639, -0.299352, 0.952400, 0.236114, 0.000000, 0.000000, 0.000000, 1.000000, -0.057639, -0.299352, 0.952400, 0.305114, -0.578262, -0.767648, -0.276278, 0.000096, 0.813812, -0.566662, -0.128857, 0.257597, 0.000000, 0.000000, 0.000000, 1.000000, -0.012677, -0.044532, -0.998928, 0.108059, -0.999355, 0.034142, 0.011160, -0.000457, 0.033608, 0.998424, -0.044936, -0.009514, 0.000000, 0.000000, 0.000000, 1.000000
5.3345, 9.1779, -0.4447, 237.8053, 306.8053, -0.1779, 257.5182, 108.1862, -0.4317, -9.5304, 0.577770, 0.767023, 0.279030, 0.009178, -0.813956, 0.566800, 0.127335, -0.000445, -0.060485, -0.300689, 0.951802, 0.237805, 0.000000, 0.000000, 0.000000, 1.000000, -0.060485, -0.300689, 0.951802, 0.306805, -0.577770, -0.767023, -0.279030, -0.000178, 0.813956, -0.566800, -0.127335, 0.257518, 0.000000, 0.000000, 0.000000, 1.000000, -0.009812, -0.047175, -0.998838, 0.108186, -0.999371, 0.034515, 0.008188, -0.000432, 0.034089, 0.998290, -0.047484, -0.009530, 0.000000, 0.000000, 0.000000, 1.000000
5.6907, 9.5946, -0.3052, 240.4783, 309.4784, -0.5946, 257.3787, 108.2926, -0.3710, -9.5916, 0.577804, 0.767320, 0.278139, 0.009595, -0.814289, 0.565116, 0.132576, -0.000305, -0.055453, -0.303089, 0.951348, 0.240478, 0.000000, 0.000000, 0.000000, 1.000000, -0.055453, -0.303089, 0.951348, 0.309478, -0.577804, -0.767320, -0.278139, -0.000595, 0.814289, -0.565116, -0.132576, 0.257379, 0.000000, 0.000000, 0.000000, 1.000000, -0.014442, -0.050988, -0.998595, 0.108293, -0.999380, 0.032798, 0.012779, -0.000371, 0.032100, 0.998161, -0.051430, -0.009592, 0.000000, 0.000000, 0.000000, 1.000000
6.0380, 10.0133, -0.1892, 242.7918, 311.7918, -1.0133, 257.2627, 108.6713, -0.3527, -9.5627, 0.578150, 0.765526, 0.282334, 0.010013, -0.813982, 0.565040, 0.134773, -0.000189, -0.056358, -0.307734, 0.949802, 0.242792, 0.000000, 0.000000, 0.000000, 1.000000, -0.056358, -0.307734, 0.949802, 0.311792, -0.578150, -0.765526, -0.282334, -0.001013, 0.813982, -0.565040, -0.134773, 0.257263, 0.000000, 0.000000, 0.000000, 1.000000, -0.013718, -0.052110, -0.998547, 0.108671, -0.999369, 0.033439, 0.011984, -0.000353, 0.032766, 0.998081, -0.052536, -0.009563, 0.000000, 0.000000, 0.000000, 1.000000
6.3921, 10.5481, -0.0733, 245.4178, 314.4178, -1.5481, 257.1467, 108.7763, -0.3803, -9.5611, 0.577638, 0.761181, 0.294851, 0.010548, -0.814037, 0.563986, 0.138792, -0.000073, -0.060646, -0.320191, 0.945410, 0.245418, 0.000000, 0.000000, 0.000000, 1.000000, -0.060646, -0.320191, 0.945410, 0.314418, -0.577638, -0.761181, -0.294851, -0.001548, 0.814037, -0.563986, -0.138792, 0.257147, 0.000000, 0.000000, 0.000000, 1.000000, -0.009515, -0.045086, -0.998938, 0.108776, -0.999382, 0.034219, 0.007975, -0.000380, 0.033824, 0.998397, -0.045384, -0.009561, 0.000000, 0.000000, 0.000000, 1.000000
6.6870, 10.9917, 0.1192, 247.6852, 316.6852, -1.9917, 256.9542, 108.7768, -0.3182, -9.5521, 0.577893, 0.758603, 0.300933, 0.010992, -0.813776, 0.563517, 0.142190, 0.000119, -0.061715, -0.327062, 0.942985, 0.247685, 0.000000, 0.000000, 0.000000, 1.000000, -0.061715, -0.327062, 0.942985, 0.316685, -0.577893, -0.758603, -0.300933, -0.001992, 0.813776, -0.563517, -0.142190, 0.256954, 0.000000, 0.000000, 0.000000, 1.000000, -0.008625, -0.042908, -0.999042, 0.108777, -0.999367, 0.034842, 0.007131, -0.000318, 0.034503, 0.998471, -0.043181, -0.009552, 0.000000, 0.000000, 0.000000, 1.000000
6.9684, 11.4810, 0.2854, 250.4204, 319.4204, -2.4810, 256.7880, 108.2300, -0.2778, -9.7272, 0.578214, 0.759537, 0.297945, 0.011481, -0.813814, 0.562917, 0.144331, 0.000285, -0.058093, -0.325927, 0.943609, 0.250420, 0.000000, 0.000000, 0.000000, 1.000000, -0.058093, -0.325927, 0.943609, 0.319420, -0.578214, -0.759537, -0.297945, -0.002481, 0.813814, -0.562917, -0.144331, 0.256788, 0.000000, 0.000000, 0.000000, 1.000000, -0.012059, -0.049087, -0.998722, 0.108230, -0.999372, 0.033885, 0.010401, -0.000278, 0.033331, 0.998220, -0.049465, -0.009727, 0.000000, 0.000000, 0.000000, 1.000000
7.2431, 11.8587, 0.4205, 252.2701, 321.2701, -2.8587, 256.6530, 108.4965, -0.2531, -9.6936, 0.577971, 0.757051, 0.304670, 0.011859, -0.813873, 0.562041, 0.147377, 0.000420, -0.059665, -0.333142, 0.940987, 0.252270, 0.000000, 0.000000, 0.000000, 1.000000, -0.059665, -0.333142, 0.940987, 0.321270, -0.577971, -0.757051, -0.304670, -0.002859, 0.813873, -0.562041, -0.147377, 0.256653, 0.000000, 0.000000, 0.000000, 1.000000, -0.010486, -0.046205, -0.998877, 0.108497, -0.999379, 0.034101, 0.008914, -0.000253, 0.033651, 0.998350, -0.046534, -0.009694, 0.000000, 0.000000, 0.000000, 1.000000
7.6203, 12.2652, 0.5473, 254.3955, 323.3955, -3.2652, 256.5262, 109.2963, -0.2305, -9.6164, 0.578440, 0.756425, 0.305333, 0.012265, -0.813621, 0.561873, 0.149397, 0.000547, -0.058550, -0.334842, 0.940453, 0.254396, 0.000000, 0.000000, 0.000000, 1.000000, -0.058550, -0.334842, 0.940453, 0.323396, -0.578440, -0.756425, -0.305333, -0.003265, 0.813621, -0.561873, -0.149397, 0.256526, 0.000000, 0.000000, 0.000000, 1.000000, -0.011684, -0.050966, -0.998632, 0.109296, -0.999366, 0.034197, 0.009948, -0.000231, 0.033643, 0.998115, -0.051333, -0.009616, 0.000000, 0.000000, 0.000000, 1.000000
7.8920, 12.9206, 0.7665, 257.3277, 326.3277, -3.9206, 256.3070, 108.4353, -0.2282, -9.7693, 0.579436, 0.753038, 0.311750, 0.012921, -0.813308, 0.559012, 0.161357, 0.000766, -0.052764, -0.347044, 0.936363, 0.257328, 0.000000, 0.000000, 0.000000, 1.000000, -0.052764, -0.347044, 0.936363, 0.326328, -0.579436, -0.753038, -0.311750, -0.003921, 0.813308, -0.559012, -0.161357, 0.256307, 0.000000, 0.000000, 0.000000, 1.000000, -0.017386, -0.042793, -0.998933, 0.108435, -0.999328, 0.032975, 0.015980, -0.000228, 0.032256, 0.998540, -0.043337, -0.009769, 0.000000, 0.000000, 0.000000, 1.000000
8.1805, 13.2492, 0.9108, 259.0897, 328.0896, -4.2492, 256.1626, 108.9116, -0.1741, -9.7436, 0.578740, 0.752519, 0.314284, 0.013249, -0.813581, 0.559277, 0.159046, 0.000911, -0.056087, -0.347742, 0.935911, 0.259090, 0.000000, 0.000000, 0.000000, 1.000000, -0.056087, -0.347742, 0.935911, 0.328090, -0.578740, -0.752519, -0.314284, -0.004249, 0.813581, -0.559277, -0.159046, 0.256163, 0.000000, 0.000000, 0.000000, 1.000000, -0.014007, -0.047044, -0.998795, 0.108912, -0.999364, 0.033433, 0.012440, -0.000174, 0.032807, 0.998333, -0.047482, -0.009744, 0.000000, 0.000000, 0.000000, 1.000000
8.5249, 13.7776, 1.0866, 261.2566, 330.2566, -4.7776, 255.9868, 109.3747, -0.1782, -9.6423, 0.579851, 0.748934, 0.320736, 0.013778, -0.812859, 0.558419, 0.165613, 0.001087, -0.055072, -0.356744, 0.932578, 0.261257, 0.000000, 0.000000, 0.000000, 1.000000, -0.055072, -0.356744, 0.932578, 0.330257, -0.579851, -0.748934, -0.320736, -0.004778, 0.812859, -0.558419, -0.165613, 0.255987, 0.000000, 0.000000, 0.000000, 1.000000, -0.015428, -0.043360, -0.998940, 0.109375, -0.999319, 0.034173, 0.013950, -0.000178, 0.033532, 0.998475, -0.043857, -0.009642, 0.000000, 0.000000, 0.000000, 1.000000
8.8623, 14.3886, 1.3231, 264.2509, 333.2508, -5.3886, 255.7503, 108.9883, -0.1319, -9.8019, 0.579531, 0.749702, 0.319516, 0.014389, -0.813132, 0.558116, 0.165295, 0.001323, -0.054405, -0.355603, 0.933052, 0.264251, 0.000000, 0.000000, 0.000000, 1.000000, -0.054405, -0.355603, 0.933052, 0.333251, -0.579531, -0.749702, -0.319516, -0.005389, 0.813132, -0.558116, -0.165295, 0.255750, 0.000000, 0.000000, 0.000000, 1.000000, -0.015838, -0.050511, -0.998598, 0.108988, -0.999337, 0.033551, 0.014153, -0.000132, 0.032789, 0.998160, -0.051009, -0.009802, 0.000000, 0.000000, 0.000000, 1.000000
9.1380, 14.9739, 1.6091, 267.0476, 336.0476, -5.9739, 255.4644, 108.3084, -0.0453, -9.9774, 0.578516, 0.749126, 0.322691, 0.014974, -0.813898, 0.556234, 0.167849, 0.001609, -0.053751, -0.359741, 0.931503, 0.267048, 0.000000, 0.000000, 0.000000, 1.000000, -0.053751, -0.359741, 0.931503, 0.336048, -0.578516, -0.749126, -0.322691, -0.005974, 0.813898, -0.556234, -0.167849, 0.255464, 0.000000, 0.000000, 0.000000, 1.000000, -0.015888, -0.050989, -0.998573, 0.108308, -0.999384, 0.032059, 0.014264, -0.000045, 0.031286, 0.998185, -0.051467, -0.009977, 0.000000, 0.000000, 0.000000, 1.000000
9.4046, 15.4131, 1.7847, 269.0934, 338.0934, -6.4131, 255.2887, 108.3188, -0.0129, -10.0385, 0.578403, 0.747973, 0.325556, 0.015413, -0.814034, 0.555113, 0.170878, 0.001785, -0.052908, -0.363850, 0.929954, 0.269093, 0.000000, 0.000000, 0.000000, 1.000000, -0.052908, -0.363850, 0.929954, 0.338093, -0.578403, -0.747973, -0.325556, -0.006413, 0.814034, -0.555113, -0.170878, 0.255289, 0.000000, 0.000000, 0.000000, 1.000000, -0.016552, -0.051260, -0.998548, 0.108319, -0.999391, 0.031522, 0.014948, -0.000013, 0.030710, 0.998188, -0.051750, -0.010039, 0.000000, 0.000000, 0.000000, 1.000000
9.6971, 15.9064, 1.9791, 270.9474, 339.9474, -6.9064, 255.0943, 108.6822, -0.0042, -9.9439, 0.578941, 0.745815, 0.329526, 0.015906, -0.813542, 0.555410, 0.172249, 0.001979, -0.054556, -0.367805, 0.928301, 0.270947, 0.000000, 0.000000, 0.000000, 1.000000, -0.054556, -0.367805, 0.928301, 0.339947, -0.578941, -0.745815, -0.329526, -0.006906, 0.813542, -0.555410, -0.172249, 0.255094, 0.000000, 0.000000, 0.000000, 1.000000, -0.015311, -0.052013, -0.998529, 0.108682, -0.999372, 0.032726, 0.013619, -0.000004, 0.031970, 0.998110, -0.052481, -0.009944, 0.000000, 0.000000, 0.000000, 1.000000
10.0000, 16.3741, 2.1479, 272.8404, 341.8404, -7.3741, 254.9256, 109.1076, -0.0005, -9.8917, 0.578639, 0.743164, 0.335982, 0.016374, -0.813674, 0.554198, 0.175494, 0.002148, -0.055780, -0.374928, 0.925374, 0.272840, 0.000000, 0.000000, 0.000000, 1.000000, -0.055780, -0.374928, 0.925374, 0.341840, -0.578639, -0.743164, -0.335982, -0.007374, 0.813674, -0.554198, -0.175494, 0.254926, 0.000000, 0.000000, 0.000000, 1.000000, -0.014025, -0.049608, -0.998670, 0.109108, -0.999386, 0.032771, 0.012407, -0.000000, 0.032112, 0.998231, -0.050037, -0.009892, 0.000000, 0.000000, 0.000000, 1.000000
10.0000, 17.0674, 2.4079, 275.5250, 344.5250, -8.0674, 254.6655, 106.3650, -0.0173, -10.3752, 0.578739, 0.739074, 0.344720, 0.017067, -0.813460, 0.553149, 0.179749, 0.002408, -0.057834, -0.384443, 0.921335, 0.275525, 0.000000, 0.000000, 0.000000, 1.000000, -0.057834, -0.384443, 0.921335, 0.344525, -0.578739, -0.739074, -0.344720, -0.008067, 0.813460, -0.553149, -0.179749, 0.254666, 0.000000, 0.000000, 0.000000, 1.000000, -0.012246, -0.039241, -0.999155, 0.106365, -0.999375, 0.033623, 0.010928, -0.000017, 0.033166, 0.998664, -0.039628, -0.010375, 0.000000, 0.000000, 0.000000, 1.000000
