# Joint_B_Angle(deg), Cam_X(mm), Cam_Y(mm), Cam_Z(mm), Torso_X(mm), Torso_Y(mm), Torso_Z(mm), EE_X(mm), EE_Y(mm), EE_Z(mm), T_cam2marker_flat(16), T_torso2marker_flat(16), T_ee2marker_flat(16)
-18.6170, 26.3609, 168.6726, 380.8935, 449.8935, -17.3609, 88.4008, 67.7584, 81.8761, -56.8874, -0.448913, -0.893351, 0.020026, 0.026361, 0.885558, -0.441779, 0.143592, 0.168673, -0.119431, 0.082194, 0.989434, 0.380893, 0.000000, 0.000000, 0.000000, 1.000000, -0.119431, 0.082194, 0.989434, 0.449893, 0.448913, 0.893351, -0.020026, -0.017361, -0.885558, 0.441779, -0.143592, 0.088401, 0.000000, 0.000000, 0.000000, 1.000000, 0.984173, -0.117853, 0.132345, 0.067758, 0.106233, -0.205392, -0.972897, 0.081876, 0.141842, 0.971558, -0.189621, -0.056887, 0.000000, 0.000000, 0.000000, 1.000000
-18.2404, 27.2707, 166.1126, 380.4275, 449.4275, -18.2707, 90.9609, 66.2652, 81.9079, -56.5824, -0.435443, -0.899899, 0.023913, 0.027271, 0.891843, -0.427625, 0.147489, 0.166113, -0.122500, 0.085550, 0.988775, 0.380428, 0.000000, 0.000000, 0.000000, 1.000000, -0.122500, 0.085550, 0.988775, 0.449428, 0.435443, 0.899899, -0.023913, -0.018271, -0.891843, 0.427625, -0.147489, 0.090961, 0.000000, 0.000000, 0.000000, 1.000000, 0.984906, -0.108570, 0.134805, 0.066265, 0.110251, -0.206883, -0.972134, 0.081908, 0.133434, 0.972323, -0.191791, -0.056582, 0.000000, 0.000000, 0.000000, 1.000000
-17.3751, 27.6399, 165.0265, 380.1957, 449.1957, -18.6399, 92.0469, 67.9251, 81.1658, -55.9560, -0.430184, -0.902489, 0.021330, 0.027640, 0.894291, -0.422813, 0.146536, 0.165027, -0.123228, 0.082113, 0.988975, 0.380196, 0.000000, 0.000000, 0.000000, 1.000000, -0.123228, 0.082113, 0.988975, 0.449196, 0.430184, 0.902489, -0.021330, -0.018640, -0.894291, 0.422813, -0.146536, 0.092047, 0.000000, 0.000000, 0.000000, 1.000000, 0.983868, -0.117557, 0.134844, 0.067925, 0.109687, -0.199040, -0.973834, 0.081166, 0.141321, 0.972915, -0.182934, -0.055956, 0.000000, 0.000000, 0.000000, 1.000000
-16.8833, 28.3863, 162.8243, 379.7950, 448.7950, -19.3863, 94.2491, 67.1900, 81.0116, -55.5898, -0.416421, -0.908683, 0.029805, 0.028386, 0.902047, -0.408839, 0.138430, 0.162824, -0.113604, 0.084530, 0.989924, 0.379795, 0.000000, 0.000000, 0.000000, 1.000000, -0.113604, 0.084530, 0.989924, 0.448795, 0.416421, 0.908683, -0.029805, -0.019386, -0.902047, 0.408839, -0.138430, 0.094249, 0.000000, 0.000000, 0.000000, 1.000000, 0.986041, -0.110509, 0.124546, 0.067190, 0.100822, -0.199014, -0.974797, 0.081012, 0.132510, 0.973746, -0.185094, -0.055590, 0.000000, 0.000000, 0.000000, 1.000000
-16.3861, 28.9402, 161.1810, 379.4111, 448.4111, -19.9402, 95.8925, 67.0609, 80.8388, -55.2303, -0.410386, -0.911526, 0.026530, 0.028940, 0.904263, -0.403012, 0.141032, 0.161181, -0.117862, 0.081868, 0.989650, 0.379411, 0.000000, 0.000000, 0.000000, 1.000000, -0.117862, 0.081868, 0.989650, 0.448411, 0.410386, 0.911526, -0.026530, -0.019940, -0.904263, 0.403012, -0.141032, 0.095892, 0.000000, 0.000000, 0.000000, 1.000000, 0.985385, -0.112357, 0.128035, 0.067061, 0.104637, -0.193864, -0.975432, 0.080839, 0.134419, 0.974573, -0.179274, -0.055230, 0.000000, 0.000000, 0.000000, 1.000000
-15.8482, 29.3905, 159.7296, 379.5169, 448.5169, -20.3905, 97.3438, 67.2743, 80.1333, -54.8693, -0.400915, -0.915423, 0.035613, 0.029391, 0.907374, -0.391433, 0.153141, 0.159730, -0.126249, 0.093710, 0.987562, 0.379517, 0.000000, 0.000000, 0.000000, 1.000000, -0.126249, 0.093710, 0.987562, 0.448517, 0.400915, 0.915423, -0.035613, -0.020391, -0.907374, 0.391433, -0.153141, 0.097344, 0.000000, 0.000000, 0.000000, 1.000000, 0.984553, -0.109065, 0.136966, 0.067274, 0.112845, -0.202842, -0.972688, 0.080133, 0.133869, 0.973119, -0.187401, -0.054869, 0.000000, 0.000000, 0.000000, 1.000000
-15.2657, 29.7719, 158.3866, 379.2137, 448.2138, -20.7719, 98.6869, 67.7490, 79.7838, -54.4063, -0.394956, -0.918154, 0.031677, 0.029772, 0.909649, -0.386005, 0.153423, 0.158387, -0.128639, 0.089411, 0.987653, 0.379214, 0.000000, 0.000000, 0.000000, 1.000000, -0.128639, 0.089411, 0.987653, 0.448214, 0.394956, 0.918154, -0.031677, -0.020772, -0.909649, 0.386005, -0.153423, 0.098687, 0.000000, 0.000000, 0.000000, 1.000000, 0.983937, -0.112759, 0.138394, 0.067749, 0.114571, -0.195637, -0.973961, 0.079784, 0.136898, 0.974172, -0.179575, -0.054406, 0.000000, 0.000000, 0.000000, 1.000000
-14.5582, 30.3259, 156.6802, 379.0482, 448.0482, -21.3259, 100.3932, 68.2231, 79.1691, -53.9436, -0.385217, -0.922177, 0.034600, 0.030326, 0.914374, -0.376358, 0.149249, 0.156680, -0.124612, 0.089130, 0.988194, 0.379048, 0.000000, 0.000000, 0.000000, 1.000000, -0.124612, 0.089130, 0.988194, 0.448048, 0.385217, 0.922177, -0.034600, -0.021326, -0.914374, 0.376358, -0.149249, 0.100393, 0.000000, 0.000000, 0.000000, 1.000000, 0.984448, -0.114126, 0.133555, 0.068223, 0.110074, -0.191783, -0.975245, 0.079169, 0.136915, 0.974779, -0.176238, -0.053944, 0.000000, 0.000000, 0.000000, 1.000000
-14.0045, 30.8888, 154.4932, 378.6564, 447.6564, -21.8888, 102.5802, 67.7347, 78.9434, -53.4679, -0.374214, -0.926454, 0.040583, 0.030889, 0.917835, -0.363772, 0.158898, 0.154493, -0.132449, 0.096711, 0.986461, 0.378656, 0.000000, 0.000000, 0.000000, 1.000000, -0.132449, 0.096711, 0.986461, 0.447656, 0.374214, 0.926454, -0.040583, -0.021889, -0.917835, 0.363772, -0.158898, 0.102580, 0.000000, 0.000000, 0.000000, 1.000000, 0.983835, -0.110061, 0.141265, 0.067735, 0.117782, -0.196520, -0.973400, 0.078943, 0.134895, 0.974303, -0.180380, -0.053468, 0.000000, 0.000000, 0.000000, 1.000000
-13.2829, 31.2407, 152.8094, 377.9426, 446.9426, -22.2407, 104.2641, 68.3173, 78.8494, -52.7873, -0.364310, -0.930311, 0.042414, 0.031241, 0.923594, -0.355091, 0.144514, 0.152809, -0.119382, 0.091821, 0.988593, 0.377943, 0.000000, 0.000000, 0.000000, 1.000000, -0.119382, 0.091821, 0.988593, 0.446943, 0.364310, 0.930311, -0.042414, -0.022241, -0.923594, 0.355091, -0.144514, 0.104264, 0.000000, 0.000000, 0.000000, 1.000000, 0.985503, -0.112663, 0.126851, 0.068317, 0.104210, -0.188046, -0.976616, 0.078849, 0.133882, 0.975677, -0.173579, -0.052787, 0.000000, 0.000000, 0.000000, 1.000000
-12.5919, 31.8071, 150.9806, 378.1045, 447.1045, -22.8071, 106.0929, 68.5991, 77.9402, -52.4010, -0.352920, -0.934386, 0.048687, 0.031807, 0.927807, -0.342761, 0.147272, 0.150981, -0.120921, 0.097148, 0.987897, 0.378105, 0.000000, 0.000000, 0.000000, 1.000000, -0.120921, 0.097148, 0.987897, 0.447105, 0.352920, 0.934386, -0.048687, -0.022807, -0.927807, 0.342761, -0.147272, 0.106093, 0.000000, 0.000000, 0.000000, 1.000000, 0.985528, -0.111205, 0.127939, 0.068599, 0.105298, -0.189857, -0.976149, 0.077940, 0.132843, 0.975494, -0.175400, -0.052401, 0.000000, 0.000000, 0.000000, 1.000000
-11.9474, 32.2884, 148.7488, 377.6496, 446.6496, -23.2884, 108.3246, 68.3589, 77.6865, -51.8338, -0.343411, -0.938028, 0.046606, 0.032288, 0.930200, -0.332858, 0.154706, 0.148749, -0.129605, 0.096481, 0.986861, 0.377650, 0.000000, 0.000000, 0.000000, 1.000000, -0.129605, 0.096481, 0.986861, 0.446650, 0.343411, 0.938028, -0.046606, -0.023288, -0.930200, 0.332858, -0.154706, 0.108325, 0.000000, 0.000000, 0.000000, 1.000000, 0.984480, -0.111432, 0.135582, 0.068359, 0.113364, -0.185972, -0.975993, 0.077686, 0.133971, 0.976216, -0.170453, -0.051834, 0.000000, 0.000000, 0.000000, 1.000000
-11.3192, 32.7117, 146.9064, 377.1538, 446.1538, -23.7117, 110.1671, 68.4541, 77.4986, -51.3303, -0.331291, -0.942034, 0.053087, 0.032712, 0.936339, -0.321314, 0.141514, 0.146906, -0.116253, 0.096590, 0.988512, 0.377154, 0.000000, 0.000000, 0.000000, 1.000000, -0.116253, 0.096590, 0.988512, 0.446154, 0.331291, 0.942034, -0.053087, -0.023712, -0.936339, 0.321314, -0.141514, 0.110167, 0.000000, 0.000000, 0.000000, 1.000000, 0.986549, -0.109726, 0.121167, 0.068454, 0.099772, -0.182967, -0.978043, 0.077499, 0.129486, 0.976977, -0.169558, -0.051330, 0.000000, 0.000000, 0.000000, 1.000000
-10.6466, 33.1868, 145.1472, 377.3719, 446.3719, -24.1868, 111.9263, 68.7494, 76.5614, -50.9420, -0.323068, -0.944764, 0.055215, 0.033187, 0.937581, -0.311585, 0.154453, 0.145147, -0.128717, 0.101667, 0.986456, 0.377372, 0.000000, 0.000000, 0.000000, 1.000000, -0.128717, 0.101667, 0.986456, 0.446372, 0.323068, 0.944764, -0.055215, -0.024187, -0.937581, 0.311585, -0.154453, 0.111926, 0.000000, 0.000000, 0.000000, 1.000000, 0.984864, -0.110844, 0.133257, 0.068749, 0.111345, -0.184612, -0.976484, 0.076561, 0.132838, 0.976541, -0.169475, -0.050942, 0.000000, 0.000000, 0.000000, 1.000000
-9.8374, 33.5258, 142.9292, 376.7709, 445.7709, -24.5258, 114.1443, 69.0507, 76.2795, -50.1750, -0.309356, -0.948835, 0.063325, 0.033526, 0.943216, -0.297686, 0.147400, 0.142929, -0.121007, 0.105328, 0.987048, 0.376771, 0.000000, 0.000000, 0.000000, 1.000000, -0.121007, 0.105328, 0.987048, 0.445771, 0.309356, 0.948835, -0.063325, -0.024526, -0.943216, 0.297686, -0.147400, 0.114144, 0.000000, 0.000000, 0.000000, 1.000000, 0.986105, -0.109886, 0.124587, 0.069051, 0.102968, -0.184222, -0.977476, 0.076280, 0.130362, 0.976723, -0.170348, -0.050175, 0.000000, 0.000000, 0.000000, 1.000000
-9.1780, 34.0244, 140.5128, 376.6347, 445.6347, -25.0244, 116.5606, 68.6461, 75.7174, -49.7044, -0.300064, -0.951621, 0.066181, 0.034024, 0.944104, -0.286334, 0.163344, 0.140513, -0.136492, 0.111495, 0.984347, 0.376635, 0.000000, 0.000000, 0.000000, 1.000000, -0.136492, 0.111495, 0.984347, 0.445635, 0.300064, 0.951621, -0.066181, -0.025024, -0.944104, 0.286334, -0.163344, 0.116561, 0.000000, 0.000000, 0.000000, 1.000000, 0.984162, -0.109224, 0.139627, 0.068646, 0.117608, -0.187059, -0.975283, 0.075717, 0.132643, 0.976258, -0.171251, -0.049704, 0.000000, 0.000000, 0.000000, 1.000000
-8.4001, 34.3454, 138.8108, 376.4723, 445.4723, -25.3454, 118.2627, 69.3369, 75.0493, -49.1202, -0.287853, -0.955103, 0.070137, 0.034345, 0.948707, -0.274393, 0.157047, 0.138811, -0.130751, 0.111746, 0.985097, 0.376472, 0.000000, 0.000000, 0.000000, 1.000000, -0.130751, 0.111746, 0.985097, 0.445472, 0.287853, 0.955103, -0.070137, -0.025345, -0.948707, 0.274393, -0.157047, 0.118263, 0.000000, 0.000000, 0.000000, 1.000000, 0.985071, -0.109782, 0.132605, 0.069337, 0.111038, -0.183456, -0.976737, 0.075049, 0.131555, 0.976879, -0.168527, -0.049120, 0.000000, 0.000000, 0.000000, 1.000000
-7.7366, 34.8187, 136.4285, 376.5500, 445.5500, -25.8187, 120.6449, 68.9683, 74.2810, -48.6945, -0.278568, -0.957929, 0.069074, 0.034819, 0.948590, -0.263173, 0.175834, 0.136429, -0.150258, 0.114505, 0.981993, 0.376550, 0.000000, 0.000000, 0.000000, 1.000000, -0.150258, 0.114505, 0.981993, 0.445550, 0.278568, 0.957929, -0.069074, -0.025819, -0.948590, 0.263173, -0.175834, 0.120645, 0.000000, 0.000000, 0.000000, 1.000000, 0.982440, -0.109309, 0.151205, 0.068968, 0.129637, -0.182924, -0.974543, 0.074281, 0.134185, 0.977031, -0.165541, -0.048695, 0.000000, 0.000000, 0.000000, 1.000000
-7.4413, 35.0969, 134.1273, 375.6163, 444.6163, -26.0969, 122.9462, 67.5780, 74.9133, -48.3221, -0.264982, -0.961632, 0.071048, 0.035097, 0.954452, -0.251096, 0.161161, 0.134127, -0.137137, 0.110516, 0.984368, 0.375616, 0.000000, 0.000000, 0.000000, 1.000000, -0.137137, 0.110516, 0.984368, 0.444616, 0.264982, 0.961632, -0.071048, -0.026097, -0.954452, 0.251096, -0.161161, 0.122946, 0.000000, 0.000000, 0.000000, 1.000000, 0.985438, -0.101665, 0.136292, 0.067578, 0.116814, -0.177671, -0.977132, 0.074913, 0.123555, 0.978824, -0.163208, -0.048322, 0.000000, 0.000000, 0.000000, 1.000000
-6.1897, 35.2478, 133.0235, 375.5191, 444.5191, -26.2478, 124.0500, 70.3256, 73.6692, -47.3543, -0.261381, -0.962583, 0.071510, 0.035248, 0.954217, -0.246525, 0.169395, 0.133023, -0.145428, 0.112512, 0.982951, 0.375519, 0.000000, 0.000000, 0.000000, 1.000000, -0.145428, 0.112512, 0.982951, 0.444519, 0.261381, 0.962583, -0.071510, -0.026248, -0.954217, 0.246525, -0.169395, 0.124050, 0.000000, 0.000000, 0.000000, 1.000000, 0.982542, -0.117826, 0.143975, 0.070326, 0.122433, -0.173174, -0.977252, 0.073669, 0.140078, 0.977818, -0.155725, -0.047354, 0.000000, 0.000000, 0.000000, 1.000000
-5.5224, 35.6484, 129.5907, 374.9764, 443.9764, -26.6484, 127.4828, 68.9271, 73.5389, -46.7600, -0.241152, -0.967240, 0.079322, 0.035648, 0.960205, -0.225932, 0.164198, 0.129591, -0.140898, 0.115762, 0.983233, 0.374976, 0.000000, 0.000000, 0.000000, 1.000000, -0.140898, 0.115762, 0.983233, 0.443976, 0.241152, 0.967240, -0.079322, -0.026648, -0.960205, 0.225932, -0.164198, 0.127483, 0.000000, 0.000000, 0.000000, 1.000000, 0.984595, -0.107942, 0.137556, 0.068927, 0.117604, -0.173351, -0.977813, 0.073539, 0.129392, 0.978927, -0.157986, -0.046760, 0.000000, 0.000000, 0.000000, 1.000000
-5.2512, 35.8685, 127.4435, 374.4965, 443.4965, -26.8685, 129.6300, 67.6069, 73.7597, -46.4865, -0.228090, -0.970270, 0.080934, 0.035868, 0.964601, -0.213889, 0.154260, 0.127443, -0.132363, 0.113254, 0.984710, 0.374497, 0.000000, 0.000000, 0.000000, 1.000000, -0.132363, 0.113254, 0.984710, 0.443497, 0.228090, 0.970270, -0.080934, -0.026868, -0.964601, 0.213889, -0.154260, 0.129630, 0.000000, 0.000000, 0.000000, 1.000000, 0.986791, -0.100090, 0.127377, 0.067607, 0.109211, -0.169721, -0.979422, 0.073760, 0.119649, 0.980396, -0.156549, -0.046486, 0.000000, 0.000000, 0.000000, 1.000000
-4.6553, 36.0366, 126.0852, 374.5022, 443.5022, -27.0366, 130.9882, 68.0600, 73.1390, -46.0549, -0.221412, -0.971570, 0.083832, 0.036037, 0.965210, -0.206076, 0.160940, 0.126085, -0.139089, 0.116550, 0.983397, 0.374502, 0.000000, 0.000000, 0.000000, 1.000000, -0.139089, 0.116550, 0.983397, 0.443502, 0.221412, 0.971570, -0.083832, -0.027037, -0.965210, 0.206076, -0.160940, 0.130988, 0.000000, 0.000000, 0.000000, 1.000000, 0.985776, -0.102146, 0.133464, 0.068060, 0.114887, -0.170051, -0.978715, 0.073139, 0.122668, 0.980127, -0.155896, -0.046055, 0.000000, 0.000000, 0.000000, 1.000000
-4.1454, 36.1928, 125.0302, 374.5587, 443.5587, -27.1928, 132.0433, 68.5479, 72.5582, -45.7170, -0.216974, -0.972509, 0.084551, 0.036193, 0.965104, -0.200697, 0.168212, 0.125030, -0.146619, 0.118098, 0.982118, 0.374559, 0.000000, 0.000000, 0.000000, 1.000000, -0.146619, 0.118098, 0.982118, 0.443559, 0.216974, 0.972509, -0.084551, -0.027193, -0.965104, 0.200697, -0.168212, 0.132043, 0.000000, 0.000000, 0.000000, 1.000000, 0.984485, -0.105206, 0.140429, 0.068548, 0.121453, -0.169045, -0.978097, 0.072558, 0.126640, 0.979977, -0.153645, -0.045717, 0.000000, 0.000000, 0.000000, 1.000000
-3.6143, 36.3345, 123.5130, 374.7076, 443.7076, -27.3345, 133.5605, 68.6359, 71.8707, -45.3139, -0.209336, -0.973734, 0.089555, 0.036335, 0.965912, -0.191649, 0.174027, 0.123513, -0.152293, 0.122932, 0.980660, 0.374708, 0.000000, 0.000000, 0.000000, 1.000000, -0.152293, 0.122932, 0.980660, 0.443708, 0.209336, 0.973734, -0.089555, -0.027335, -0.965912, 0.191649, -0.174027, 0.133560, 0.000000, 0.000000, 0.000000, 1.000000, 0.983762, -0.105007, 0.145552, 0.068636, 0.126283, -0.171282, -0.977095, 0.071871, 0.127532, 0.979610, -0.155240, -0.045314, 0.000000, 0.000000, 0.000000, 1.000000
-3.1647, 36.4810, 121.8475, 374.4389, 443.4389, -27.4810, 135.2260, 68.3330, 71.6931, -44.9559, -0.200118, -0.974971, 0.096871, 0.036481, 0.967651, -0.181170, 0.175582, 0.121847, -0.153638, 0.128874, 0.979687, 0.374439, 0.000000, 0.000000, 0.000000, 1.000000, -0.153638, 0.128874, 0.979687, 0.443439, 0.200118, 0.974971, -0.096871, -0.027481, -0.967651, 0.181170, -0.175582, 0.135226, 0.000000, 0.000000, 0.000000, 1.000000, 0.983959, -0.102058, 0.146316, 0.068333, 0.127020, -0.175094, -0.976324, 0.071693, 0.125260, 0.979248, -0.159322, -0.044956, 0.000000, 0.000000, 0.000000, 1.000000
-2.2533, 36.5902, 120.2227, 374.3679, 443.3679, -27.5902, 136.8508, 69.4606, 70.8269, -44.2310, -0.192939, -0.976901, 0.091868, 0.036590, 0.966960, -0.173403, 0.186868, 0.120223, -0.166621, 0.124887, 0.978080, 0.374368, 0.000000, 0.000000, 0.000000, 1.000000, -0.166621, 0.124887, 0.978080, 0.443368, 0.192939, 0.976901, -0.091868, -0.027590, -0.966960, 0.173403, -0.186868, 0.136851, 0.000000, 0.000000, 0.000000, 1.000000, 0.981445, -0.109228, 0.157589, 0.069461, 0.138223, -0.166569, -0.976293, 0.070827, 0.132888, 0.979961, -0.148381, -0.044231, 0.000000, 0.000000, 0.000000, 1.000000
-1.5117, 36.6987, 117.8247, 373.7943, 442.7943, -27.6987, 139.2488, 69.3067, 70.6654, -43.5811, -0.177734, -0.980046, 0.088992, 0.036699, 0.972062, -0.160756, 0.171033, 0.117825, -0.153315, 0.116904, 0.981238, 0.373794, 0.000000, 0.000000, 0.000000, 1.000000, -0.153315, 0.116904, 0.981238, 0.442794, 0.177734, 0.980046, -0.088992, -0.027699, -0.972062, 0.160756, -0.171033, 0.139249, 0.000000, 0.000000, 0.000000, 1.000000, 0.983979, -0.108543, 0.141438, 0.069307, 0.123773, -0.155103, -0.980114, 0.070665, 0.128322, 0.981917, -0.139183, -0.043581, 0.000000, 0.000000, 0.000000, 1.000000
-1.1613, 36.8085, 115.2922, 373.5698, 442.5698, -27.8085, 141.7812, 67.8294, 70.5814, -43.2742, -0.166350, -0.980647, 0.103242, 0.036809, 0.971114, -0.144762, 0.189689, 0.115292, -0.171073, 0.131815, 0.976401, 0.373570, 0.000000, 0.000000, 0.000000, 1.000000, -0.171073, 0.131815, 0.976401, 0.442570, 0.166350, 0.980647, -0.103242, -0.027809, -0.971114, 0.144762, -0.189689, 0.141781, 0.000000, 0.000000, 0.000000, 1.000000, 0.982290, -0.098744, 0.159234, 0.067829, 0.141195, -0.168551, -0.975528, 0.070581, 0.123167, 0.980735, -0.151623, -0.043274, 0.000000, 0.000000, 0.000000, 1.000000
-0.4977, 36.8806, 114.4992, 373.5020, 442.5020, -27.8806, 142.5743, 69.0222, 69.9699, -42.7954, -0.163070, -0.981422, 0.101090, 0.036881, 0.970916, -0.141426, 0.193186, 0.114499, -0.175300, 0.129653, 0.975941, 0.373502, 0.000000, 0.000000, 0.000000, 1.000000, -0.175300, 0.129653, 0.975941, 0.442502, 0.163070, 0.981422, -0.101090, -0.027881, -0.970916, 0.141426, -0.193186, 0.142574, 0.000000, 0.000000, 0.000000, 1.000000, 0.980962, -0.106352, 0.162488, 0.069022, 0.144000, -0.163027, -0.976056, 0.069970, 0.130296, 0.980873, -0.144608, -0.042795, 0.000000, 0.000000, 0.000000, 1.000000
0.1277, 36.8884, 112.3218, 373.2399, 442.2399, -27.8884, 144.7517, 68.7193, 69.6297, -42.2292, -0.150964, -0.982851, 0.105893, 0.036888, 0.973100, -0.128893, 0.190954, 0.112322, -0.174031, 0.131872, 0.975870, 0.373240, 0.000000, 0.000000, 0.000000, 1.000000, -0.174031, 0.131872, 0.975870, 0.442240, 0.150964, 0.982851, -0.105893, -0.027888, -0.973100, 0.128893, -0.190954, 0.144752, 0.000000, 0.000000, 0.000000, 1.000000, 0.981642, -0.104237, 0.159732, 0.068719, 0.141659, -0.162347, -0.976512, 0.069630, 0.127721, 0.981213, -0.144601, -0.042229, 0.000000, 0.000000, 0.000000, 1.000000
0.9200, 36.9024, 110.4212, 373.1406, 442.1406, -27.9024, 146.6523, 69.1764, 68.9500, -41.5740, -0.141478, -0.982908, 0.117795, 0.036902, 0.972969, -0.116125, 0.199618, 0.110421, -0.182527, 0.142853, 0.972768, 0.373141, 0.000000, 0.000000, 0.000000, 1.000000, -0.182527, 0.142853, 0.972768, 0.442141, 0.141478, 0.982908, -0.117795, -0.027902, -0.972969, 0.116125, -0.199618, 0.146652, 0.000000, 0.000000, 0.000000, 1.000000, 0.980218, -0.104971, 0.167794, 0.069176, 0.148617, -0.169534, -0.974254, 0.068950, 0.130716, 0.979918, -0.150580, -0.041574, 0.000000, 0.000000, 0.000000, 1.000000
1.5504, 36.9067, 107.9743, 372.8970, 441.8970, -27.9067, 149.0992, 68.6045, 68.6078, -41.0473, -0.128577, -0.984678, 0.117804, 0.036907, 0.974148, -0.103158, 0.200983, 0.107974, -0.185751, 0.140600, 0.972486, 0.372897, 0.000000, 0.000000, 0.000000, 1.000000, -0.185751, 0.140600, 0.972486, 0.441897, 0.128577, 0.984678, -0.117804, -0.027907, -0.974148, 0.103158, -0.200983, 0.149099, 0.000000, 0.000000, 0.000000, 1.000000, 0.980310, -0.102400, 0.168840, 0.068605, 0.150715, -0.164436, -0.974806, 0.068608, 0.127584, 0.981058, -0.145765, -0.041047, 0.000000, 0.000000, 0.000000, 1.000000
1.8637, 36.8782, 106.0256, 372.5857, 441.5857, -27.8782, 151.0479, 67.5924, 68.6540, -40.7607, -0.117870, -0.984830, 0.127348, 0.036878, 0.974805, -0.090295, 0.203966, 0.106026, -0.189373, 0.148181, 0.970660, 0.372586, 0.000000, 0.000000, 0.000000, 1.000000, -0.189373, 0.148181, 0.970660, 0.441586, 0.117870, 0.984830, -0.127348, -0.027878, -0.974805, 0.090295, -0.203966, 0.151048, 0.000000, 0.000000, 0.000000, 1.000000, 0.980558, -0.095004, 0.171699, 0.067592, 0.153866, -0.170795, -0.973219, 0.068654, 0.121784, 0.980716, -0.152856, -0.040761, 0.000000, 0.000000, 0.000000, 1.000000
2.5310, 36.8175, 104.6409, 372.1205, 441.1205, -27.8175, 152.4326, 68.1898, 68.4685, -40.1802, -0.107739, -0.986622, 0.122347, 0.036818, 0.978757, -0.083669, 0.187176, 0.104641, -0.174435, 0.139914, 0.974678, 0.372120, 0.000000, 0.000000, 0.000000, 1.000000, -0.174435, 0.139914, 0.974678, 0.441120, 0.107739, 0.986622, -0.122347, -0.027818, -0.978757, 0.083669, -0.187176, 0.152433, 0.000000, 0.000000, 0.000000, 1.000000, 0.983014, -0.099210, 0.154405, 0.068190, 0.137477, -0.159317, -0.977608, 0.068469, 0.121587, 0.982230, -0.142972, -0.040180, 0.000000, 0.000000, 0.000000, 1.000000
2.8780, 36.8168, 103.0876, 372.4408, 441.4408, -27.8168, 153.9859, 67.6455, 67.8427, -39.9383, -0.102497, -0.986257, 0.129584, 0.036817, 0.975186, -0.073928, 0.208680, 0.103088, -0.196232, 0.147758, 0.969361, 0.372441, 0.000000, 0.000000, 0.000000, 1.000000, -0.196232, 0.147758, 0.969361, 0.441441, 0.102497, 0.986257, -0.129584, -0.027817, -0.975186, 0.073928, -0.208680, 0.153986, 0.000000, 0.000000, 0.000000, 1.000000, 0.979748, -0.095517, 0.175981, 0.067645, 0.158676, -0.165679, -0.973331, 0.067843, 0.122126, 0.981543, -0.147167, -0.039938, 0.000000, 0.000000, 0.000000, 1.000000
3.4609, 36.7290, 101.7101, 372.1173, 441.1173, -27.7290, 155.3634, 67.9873, 67.6097, -39.4210, -0.094953, -0.984901, 0.144754, 0.036729, 0.975316, -0.062921, 0.211658, 0.101710, -0.199354, 0.161278, 0.966565, 0.372117, 0.000000, 0.000000, 0.000000, 1.000000, -0.199354, 0.161278, 0.966565, 0.441117, 0.094953, 0.984901, -0.144754, -0.027729, -0.975316, 0.062921, -0.211658, 0.155363, 0.000000, 0.000000, 0.000000, 1.000000, 0.979259, -0.094684, 0.179127, 0.067987, 0.160568, -0.176527, -0.971111, 0.067610, 0.123569, 0.979731, -0.157663, -0.039421, 0.000000, 0.000000, 0.000000, 1.000000
4.2218, 36.6093, 100.2779, 371.6437, 440.6438, -27.6093, 156.7956, 68.7927, 67.3472, -38.7414, -0.085351, -0.985243, 0.148364, 0.036609, 0.979674, -0.055857, 0.192661, 0.100278, -0.181531, 0.161792, 0.969985, 0.371644, 0.000000, 0.000000, 0.000000, 1.000000, -0.181531, 0.161792, 0.969985, 0.440644, 0.085351, 0.985243, -0.148364, -0.027609, -0.979674, 0.055857, -0.192661, 0.156796, 0.000000, 0.000000, 0.000000, 1.000000, 0.982030, -0.100317, 0.159857, 0.068793, 0.140959, -0.173349, -0.974721, 0.067347, 0.125492, 0.979738, -0.156094, -0.038741, 0.000000, 0.000000, 0.000000, 1.000000
4.6542, 36.4873, 97.8259, 371.4427, 440.4426, -27.4873, 159.2475, 67.6064, 67.1990, -38.3804, -0.072911, -0.984743, 0.158002, 0.036487, 0.977820, -0.039392, 0.205711, 0.097826, -0.196349, 0.169496, 0.965773, 0.371443, 0.000000, 0.000000, 0.000000, 1.000000, -0.196349, 0.169496, 0.965773, 0.440443, 0.072911, 0.984743, -0.158002, -0.027487, -0.977820, 0.039392, -0.205711, 0.159248, 0.000000, 0.000000, 0.000000, 1.000000, 0.980620, -0.091361, 0.173316, 0.067606, 0.154982, -0.179454, -0.971482, 0.067199, 0.119858, 0.979515, -0.161817, -0.038380, 0.000000, 0.000000, 0.000000, 1.000000
5.3435, 36.4374, 96.4942, 371.3884, 440.3884, -27.4374, 160.5792, 68.2776, 66.5980, -37.8598, -0.066085, -0.986573, 0.149353, 0.036437, 0.979015, -0.035192, 0.200726, 0.096494, -0.192775, 0.159484, 0.968196, 0.371388, 0.000000, 0.000000, 0.000000, 1.000000, -0.192775, 0.159484, 0.968196, 0.440388, 0.066085, 0.986573, -0.149353, -0.027437, -0.979015, 0.035192, -0.200726, 0.160579, 0.000000, 0.000000, 0.000000, 1.000000, 0.980954, -0.098317, 0.167518, 0.068278, 0.149803, -0.166054, -0.974672, 0.066598, 0.123643, 0.981203, -0.148163, -0.037860, 0.000000, 0.000000, 0.000000, 1.000000
5.9559, 36.2307, 94.3448, 370.9006, 439.9006, -27.2307, 162.7286, 67.9139, 66.5483, -37.3013, -0.052651, -0.986622, 0.154287, 0.036231, 0.982456, -0.023497, 0.185007, 0.094345, -0.178907, 0.161321, 0.970550, 0.370901, 0.000000, 0.000000, 0.000000, 1.000000, -0.178907, 0.161321, 0.970550, 0.439901, 0.052651, 0.986622, -0.154287, -0.027231, -0.982456, 0.023497, -0.185007, 0.162729, 0.000000, 0.000000, 0.000000, 1.000000, 0.983657, -0.096923, 0.151736, 0.067914, 0.134439, -0.165202, -0.977054, 0.066548, 0.119767, 0.981486, -0.149472, -0.037301, 0.000000, 0.000000, 0.000000, 1.000000
6.6219, 36.0788, 92.4094, 370.7931, 439.7931, -27.0788, 164.6640, 67.8990, 66.0605, -36.7678, -0.043591, -0.987668, 0.150373, 0.036079, 0.980030, -0.013044, 0.198422, 0.092409, -0.194013, 0.156019, 0.968513, 0.370793, 0.000000, 0.000000, 0.000000, 1.000000, -0.194013, 0.156019, 0.968513, 0.439793, 0.043591, 0.987668, -0.150373, -0.027079, -0.980030, 0.013044, -0.198422, 0.164664, 0.000000, 0.000000, 0.000000, 1.000000, 0.981551, -0.097421, 0.164520, 0.067899, 0.148091, -0.156904, -0.976448, 0.066061, 0.120940, 0.982797, -0.139582, -0.036768, 0.000000, 0.000000, 0.000000, 1.000000
7.1681, 35.7964, 90.4514, 370.3209, 439.3209, -26.7964, 166.6221, 67.5180, 66.0663, -36.2196, -0.032170, -0.983830, 0.176194, 0.035796, 0.980642, 0.002997, 0.195786, 0.090451, -0.193148, 0.179082, 0.964688, 0.370321, 0.000000, 0.000000, 0.000000, 1.000000, -0.193148, 0.179082, 0.964688, 0.439321, 0.032170, 0.983830, -0.176194, -0.026796, -0.980642, -0.002997, -0.195786, 0.166622, 0.000000, 0.000000, 0.000000, 1.000000, 0.982234, -0.091309, 0.163947, 0.067518, 0.145903, -0.177848, -0.973182, 0.066066, 0.118018, 0.979813, -0.161366, -0.036220, 0.000000, 0.000000, 0.000000, 1.000000
7.5193, 35.7300, 88.9460, 370.5988, 439.5988, -26.7300, 168.1274, 67.0073, 65.5039, -36.0174, -0.024274, -0.988827, 0.147076, 0.035730, 0.980116, 0.005443, 0.198352, 0.088946, -0.196937, 0.148966, 0.969033, 0.370599, 0.000000, 0.000000, 0.000000, 1.000000, -0.196937, 0.148966, 0.969033, 0.439599, 0.024274, 0.988827, -0.147076, -0.026730, -0.980116, -0.005443, -0.198352, 0.168127, 0.000000, 0.000000, 0.000000, 1.000000, 0.982088, -0.093709, 0.163470, 0.067007, 0.148857, -0.146044, -0.978015, 0.065504, 0.115523, 0.984830, -0.129479, -0.036017, 0.000000, 0.000000, 0.000000, 1.000000
8.2661, 35.5127, 87.7234, 370.0938, 439.0938, -26.5127, 169.3500, 67.9301, 65.3104, -35.3396, -0.018097, -0.984805, 0.172721, 0.035513, 0.980646, 0.016201, 0.195117, 0.087723, -0.194950, 0.172909, 0.965452, 0.370094, 0.000000, 0.000000, 0.000000, 1.000000, -0.194950, 0.172909, 0.965452, 0.439094, 0.018097, 0.984805, -0.172721, -0.026513, -0.980646, -0.016201, -0.195117, 0.169350, 0.000000, 0.000000, 0.000000, 1.000000, 0.982008, -0.096241, 0.162474, 0.067930, 0.145036, -0.166608, -0.975298, 0.065310, 0.120933, 0.981315, -0.149652, -0.035340, 0.000000, 0.000000, 0.000000, 1.000000
8.6462, 35.2210, 85.3540, 369.8361, 438.8361, -26.2210, 171.7195, 66.6425, 65.3059, -35.0115, -0.005414, -0.985687, 0.168497, 0.035221, 0.981062, 0.027390, 0.191749, 0.085354, -0.193619, 0.166344, 0.966872, 0.369836, 0.000000, 0.000000, 0.000000, 1.000000, -0.193619, 0.166344, 0.966872, 0.438836, 0.005414, 0.985687, -0.168497, -0.026221, -0.981062, -0.027390, -0.191749, 0.171719, 0.000000, 0.000000, 0.000000, 1.000000, 0.983155, -0.091212, 0.158389, 0.066642, 0.142676, -0.158634, -0.976974, 0.065306, 0.114238, 0.983115, -0.142948, -0.035012, 0.000000, 0.000000, 0.000000, 1.000000
9.2922, 34.9920, 83.9889, 369.6740, 438.6740, -25.9919, 173.0845, 67.1058, 64.8888, -34.4456, 0.004052, -0.985054, 0.172196, 0.034992, 0.983343, 0.035215, 0.178313, 0.083989, -0.181712, 0.168605, 0.968790, 0.369674, 0.000000, 0.000000, 0.000000, 1.000000, -0.181712, 0.168605, 0.968790, 0.438674, -0.004052, 0.985054, -0.172196, -0.025992, -0.983343, -0.035215, -0.178313, 0.173085, 0.000000, 0.000000, 0.000000, 1.000000, 0.984933, -0.094246, 0.144998, 0.067106, 0.129010, -0.157936, -0.978985, 0.064889, 0.115166, 0.982941, -0.143398, -0.034446, 0.000000, 0.000000, 0.000000, 1.000000
9.9501, 34.7799, 82.1367, 369.8088, 438.8088, -25.7799, 174.9367, 67.0992, 64.1936, -33.9587, 0.012083, -0.985778, 0.167615, 0.034780, 0.978760, 0.045968, 0.199791, 0.082137, -0.204654, 0.161641, 0.965396, 0.369809, 0.000000, 0.000000, 0.000000, 1.000000, -0.204654, 0.161641, 0.965396, 0.438809, -0.012083, 0.985778, -0.167615, -0.025780, -0.978760, -0.045968, -0.199791, 0.174937, 0.000000, 0.000000, 0.000000, 1.000000, 0.981712, -0.094246, 0.165408, 0.067099, 0.150472, -0.148114, -0.977456, 0.064194, 0.116621, 0.984469, -0.131224, -0.033959, 0.000000, 0.000000, 0.000000, 1.000000
10.4315, 34.3971, 80.1875, 369.2581, 438.2581, -25.3971, 176.8859, 66.5092, 64.3737, -33.4791, 0.021413, -0.981241, 0.191594, 0.034397, 0.977781, 0.060527, 0.200703, 0.080188, -0.208534, 0.183039, 0.960734, 0.369258, 0.000000, 0.000000, 0.000000, 1.000000, -0.208534, 0.183039, 0.960734, 0.438258, -0.021413, 0.981241, -0.191594, -0.025397, -0.977781, -0.060527, -0.200703, 0.176886, 0.000000, 0.000000, 0.000000, 1.000000, 0.981545, -0.088463, 0.169542, 0.066509, 0.153086, -0.167849, -0.973854, 0.064374, 0.114607, 0.981836, -0.151209, -0.033479, 0.000000, 0.000000, 0.000000, 1.000000
10.7376, 34.1116, 78.7966, 368.7245, 437.7245, -25.1116, 178.2769, 65.9873, 64.6835, -33.1683, 0.031317, -0.978343, 0.204610, 0.034112, 0.980313, 0.069993, 0.184630, 0.078797, -0.194953, 0.194799, 0.961273, 0.368725, 0.000000, 0.000000, 0.000000, 1.000000, -0.194953, 0.194799, 0.961273, 0.437725, -0.031317, 0.978343, -0.204610, -0.025112, -0.980313, -0.069993, -0.184630, 0.178277, 0.000000, 0.000000, 0.000000, 1.000000, 0.984236, -0.084480, 0.155378, 0.065987, 0.138454, -0.178588, -0.974134, 0.064684, 0.110043, 0.980290, -0.164076, -0.033168, 0.000000, 0.000000, 0.000000, 1.000000
11.7330, 33.8861, 77.4712, 368.7415, 437.7415, -24.8861, 179.6022, 67.4375, 63.7523, -32.3797, 0.038368, -0.978566, 0.202328, 0.033886, 0.979630, 0.076775, 0.185554, 0.077471, -0.197111, 0.191087, 0.961578, 0.368742, 0.000000, 0.000000, 0.000000, 1.000000, -0.197111, 0.191087, 0.961578, 0.437742, -0.038368, 0.978566, -0.202328, -0.024886, -0.979630, -0.076775, -0.185554, 0.179602, 0.000000, 0.000000, 0.000000, 1.000000, 0.983324, -0.094170, 0.155584, 0.067438, 0.138089, -0.170095, -0.975705, 0.063752, 0.118346, 0.980918, -0.154254, -0.032380, 0.000000, 0.000000, 0.000000, 1.000000
12.2643, 33.3911, 74.7927, 368.5008, 437.5008, -24.3911, 182.2807, 66.2197, 63.6343, -31.9296, 0.052901, -0.978279, 0.200429, 0.033391, 0.977943, 0.091365, 0.187832, 0.074793, -0.202064, 0.186071, 0.961534, 0.368501, 0.000000, 0.000000, 0.000000, 1.000000, -0.202064, 0.186071, 0.961534, 0.437501, -0.052901, 0.978279, -0.200429, -0.024391, -0.977943, -0.091365, -0.187832, 0.182281, 0.000000, 0.000000, 0.000000, 1.000000, 0.983604, -0.088290, 0.157254, 0.066220, 0.141454, -0.163195, -0.976401, 0.063634, 0.111870, 0.982635, -0.148030, -0.031930, 0.000000, 0.000000, 0.000000, 1.000000
12.9858, 33.1535, 73.4992, 368.4612, 437.4612, -24.1535, 183.5742, 66.9190, 63.0425, -31.3660, 0.059422, -0.978418, 0.197908, 0.033153, 0.976614, 0.098018, 0.191355, 0.073499, -0.206624, 0.181910, 0.961361, 0.368461, 0.000000, 0.000000, 0.000000, 1.000000, -0.206624, 0.181910, 0.961361, 0.437461, -0.059422, 0.978418, -0.197908, -0.024153, -0.976614, -0.098018, -0.191355, 0.183574, 0.000000, 0.000000, 0.000000, 1.000000, 0.982700, -0.093515, 0.159860, 0.066919, 0.144155, -0.155680, -0.977232, 0.063043, 0.116273, 0.983371, -0.139506, -0.031366, 0.000000, 0.000000, 0.000000, 1.000000
13.3664, 32.6030, 71.0913, 367.9741, 436.9741, -23.6030, 185.9821, 65.5462, 63.3181, -30.9910, 0.075136, -0.975697, 0.205838, 0.032603, 0.978342, 0.112056, 0.174040, 0.071091, -0.192876, 0.188304, 0.962985, 0.367974, 0.000000, 0.000000, 0.000000, 1.000000, -0.192876, 0.188304, 0.962985, 0.436974, -0.075136, 0.975697, -0.205838, -0.023603, -0.978342, -0.112056, -0.174040, 0.185982, 0.000000, 0.000000, 0.000000, 1.000000, 0.985833, -0.086011, 0.144000, 0.065546, 0.128879, -0.161033, -0.978498, 0.063318, 0.107350, 0.983194, -0.147667, -0.030991, 0.000000, 0.000000, 0.000000, 1.000000
14.5688, 32.2791, 69.4847, 367.8727, 436.8727, -23.2791, 187.5887, 67.2427, 62.3450, -30.0640, 0.082762, -0.975010, 0.206169, 0.032279, 0.977038, 0.120142, 0.175964, 0.069485, -0.196336, 0.186872, 0.962565, 0.367873, 0.000000, 0.000000, 0.000000, 1.000000, -0.196336, 0.186872, 0.962565, 0.436873, -0.082762, 0.975010, -0.206169, -0.023279, -0.977038, -0.120142, -0.175964, 0.187589, 0.000000, 0.000000, 0.000000, 1.000000, 0.984544, -0.097874, 0.145238, 0.067243, 0.129214, -0.153868, -0.979606, 0.062345, 0.118226, 0.983232, -0.138843, -0.030064, 0.000000, 0.000000, 0.000000, 1.000000
14.8893, 31.5792, 66.5138, 367.5600, 436.5600, -22.5792, 190.5597, 65.1040, 62.5641, -29.7701, 0.097654, -0.972372, 0.212029, 0.031579, 0.973432, 0.137660, 0.182978, 0.066514, -0.207110, 0.188527, 0.959981, 0.367560, 0.000000, 0.000000, 0.000000, 1.000000, -0.207110, 0.188527, 0.959981, 0.436560, -0.097654, 0.972372, -0.212029, -0.022579, -0.973432, -0.137660, -0.182978, 0.190560, 0.000000, 0.000000, 0.000000, 1.000000, 0.984460, -0.085692, 0.153285, 0.065104, 0.138795, -0.155093, -0.978101, 0.062564, 0.107588, 0.984176, -0.140789, -0.029770, 0.000000, 0.000000, 0.000000, 1.000000
16.0627, 31.1989, 65.2545, 367.5698, 436.5698, -22.1990, 191.8189, 67.0119, 61.5042, -28.7733, 0.105845, -0.971200, 0.213467, 0.031199, 0.973548, 0.144925, 0.176636, 0.065255, -0.202486, 0.189125, 0.960849, 0.367570, 0.000000, 0.000000, 0.000000, 1.000000, -0.202486, 0.189125, 0.960849, 0.436570, -0.105845, 0.971200, -0.213467, -0.022199, -0.973548, -0.144925, -0.176636, 0.191819, 0.000000, 0.000000, 0.000000, 1.000000, 0.984344, -0.097933, 0.146549, 0.067012, 0.130963, -0.150096, -0.979959, 0.061504, 0.117967, 0.983809, -0.134921, -0.028773, 0.000000, 0.000000, 0.000000, 1.000000
16.4105, 30.4664, 62.1552, 367.5679, 436.5679, -21.4664, 194.9182, 64.7865, 61.4128, -28.5254, 0.123570, -0.970475, 0.207143, 0.030466, 0.971190, 0.161136, 0.175571, 0.062155, -0.203765, 0.179480, 0.962427, 0.367568, 0.000000, 0.000000, 0.000000, 1.000000, -0.203765, 0.179480, 0.962427, 0.436568, -0.123570, 0.970475, -0.207143, -0.021466, -0.971190, -0.161136, -0.175571, 0.194918, 0.000000, 0.000000, 0.000000, 1.000000, 0.985792, -0.087087, 0.143631, 0.064787, 0.130658, -0.139800, -0.981521, 0.061413, 0.105557, 0.986343, -0.126435, -0.028525, 0.000000, 0.000000, 0.000000, 1.000000
17.2883, 30.0053, 60.5212, 367.2084, 436.2084, -21.0053, 196.5523, 65.5124, 61.0542, -27.8243, 0.132161, -0.966378, 0.220561, 0.030005, 0.970155, 0.171747, 0.171180, 0.060521, -0.203305, 0.191355, 0.960235, 0.367208, 0.000000, 0.000000, 0.000000, 1.000000, -0.203305, 0.191355, 0.960235, 0.436208, -0.132161, 0.966378, -0.220561, -0.021005, -0.970155, -0.171747, -0.171180, 0.196552, 0.000000, 0.000000, 0.000000, 1.000000, 0.985626, -0.091384, 0.142092, 0.065512, 0.127662, -0.147994, -0.980714, 0.061054, 0.110650, 0.984757, -0.134201, -0.027824, 0.000000, 0.000000, 0.000000, 1.000000
17.9510, 29.4472, 58.4286, 367.9004, 436.9004, -20.4472, 198.6448, 65.0921, 59.9011, -27.2909, 0.146505, -0.968998, 0.198944, 0.029447, 0.969898, 0.180255, 0.163725, 0.058429, -0.194509, 0.168969, 0.966238, 0.367900, 0.000000, 0.000000, 0.000000, 1.000000, -0.194509, 0.168969, 0.966238, 0.436900, -0.146505, 0.968998, -0.198944, -0.020447, -0.969898, -0.180255, -0.163725, 0.198645, 0.000000, 0.000000, 0.000000, 1.000000, 0.987369, -0.093023, 0.128255, 0.065092, 0.116466, -0.122674, -0.985590, 0.059901, 0.107416, 0.988078, -0.110290, -0.027291, 0.000000, 0.000000, 0.000000, 1.000000
18.3171, 28.8345, 56.6201, 366.9156, 435.9156, -19.8345, 200.4534, 64.2648, 60.6936, -26.9455, 0.154488, -0.962728, 0.222010, 0.028834, 0.965864, 0.194459, 0.171149, 0.056620, -0.207941, 0.187991, 0.959906, 0.366916, 0.000000, 0.000000, 0.000000, 1.000000, -0.207941, 0.187991, 0.959906, 0.435916, -0.154488, 0.962728, -0.222010, -0.019834, -0.965864, -0.194459, -0.171149, 0.200453, 0.000000, 0.000000, 0.000000, 1.000000, 0.986229, -0.085416, 0.141621, 0.064265, 0.128736, -0.141086, -0.981591, 0.060694, 0.103824, 0.986306, -0.128147, -0.026945, 0.000000, 0.000000, 0.000000, 1.000000
19.0321, 28.4682, 55.2029, 367.4591, 436.4591, -19.4682, 201.8705, 64.6858, 59.5888, -26.4203, 0.162199, -0.963766, 0.211770, 0.028468, 0.964667, 0.200031, 0.171480, 0.055203, -0.207627, 0.176473, 0.962158, 0.367459, 0.000000, 0.000000, 0.000000, 1.000000, -0.207627, 0.176473, 0.962158, 0.436459, -0.162199, 0.963766, -0.211770, -0.019468, -0.964667, -0.200031, -0.171480, 0.201871, 0.000000, 0.000000, 0.000000, 1.000000, 0.986185, -0.091251, 0.138250, 0.064686, 0.126256, -0.126217, -0.983935, 0.059589, 0.107235, 0.987797, -0.112952, -0.026420, 0.000000, 0.000000, 0.000000, 1.000000
19.6271, 27.7736, 53.2491, 366.7045, 435.7045, -18.7736, 203.8244, 64.2875, 59.9572, -25.8967, 0.173016, -0.959444, 0.222561, 0.027774, 0.961350, 0.213646, 0.173671, 0.053249, -0.214177, 0.183911, 0.959325, 0.366705, 0.000000, 0.000000, 0.000000, 1.000000, -0.214177, 0.183911, 0.959325, 0.435705, -0.173016, 0.959444, -0.222561, -0.018774, -0.961350, -0.213646, -0.173671, 0.203824, 0.000000, 0.000000, 0.000000, 1.000000, 0.985841, -0.087578, 0.142995, 0.064288, 0.130818, -0.131786, -0.982608, 0.059957, 0.104900, 0.987402, -0.118463, -0.025897, 0.000000, 0.000000, 0.000000, 1.000000
19.9767, 27.2109, 51.7501, 366.6706, 435.6705, -18.2109, 205.3234, 63.6353, 59.8061, -25.5395, 0.181913, -0.956247, 0.229127, 0.027211, 0.961643, 0.221658, 0.161585, 0.051750, -0.205303, 0.190944, 0.959891, 0.366671, 0.000000, 0.000000, 0.000000, 1.000000, -0.205303, 0.190944, 0.959891, 0.435671, -0.181913, 0.956247, -0.229127, -0.018211, -0.961643, -0.221658, -0.161585, 0.205323, 0.000000, 0.000000, 0.000000, 1.000000, 0.987426, -0.085473, 0.132984, 0.063635, 0.120477, -0.137769, -0.983110, 0.059806, 0.102350, 0.986770, -0.125739, -0.025540, 0.000000, 0.000000, 0.000000, 1.000000
20.0061, 26.7632, 50.3667, 366.3867, 435.3867, -17.7632, 206.7067, 62.2922, 60.1943, -25.5152, 0.189851, -0.953354, 0.234677, 0.026763, 0.959353, 0.230965, 0.162166, 0.050367, -0.208804, 0.194351, 0.958451, 0.366387, 0.000000, 0.000000, 0.000000, 1.000000, -0.208804, 0.194351, 0.958451, 0.435387, -0.189851, 0.953354, -0.234677, -0.017763, -0.959353, -0.230965, -0.162166, 0.206707, 0.000000, 0.000000, 0.000000, 1.000000, 0.987847, -0.076569, 0.135264, 0.062292, 0.123485, -0.141896, -0.982149, 0.060194, 0.094395, 0.986916, -0.130717, -0.025515, 0.000000, 0.000000, 0.000000, 1.000000
