# Joint_A_Angle(deg), Cam_X(mm), Cam_Y(mm), Cam_Z(mm), Torso_X(mm), Torso_Y(mm), Torso_Z(mm), EE_X(mm), EE_Y(mm), EE_Z(mm), T_cam2marker_flat(16), T_torso2marker_flat(16), T_ee2marker_flat(16)
-19.6954, 32.2417, -1.9811, 188.8281, 257.8281, -23.2417, 259.0545, -23.6355, -36.6371, -42.8852, 0.618970, 0.780995, -0.083203, 0.032242, -0.728121, 0.610308, 0.312031, -0.001981, 0.294474, -0.132556, 0.946422, 0.188828, 0.000000, 0.000000, 0.000000, 1.000000, 0.294474, -0.132556, 0.946422, 0.257828, -0.618970, -0.780995, 0.083203, -0.023242, 0.728121, -0.610308, -0.312031, 0.259055, 0.000000, 0.000000, 0.000000, 1.000000, -0.982550, 0.181908, 0.038802, -0.023636, 0.032857, -0.035583, 0.998826, -0.036637, 0.183075, 0.982672, 0.028985, -0.042885, 0.000000, 0.000000, 0.000000, 1.000000
-19.3682, 32.1147, -1.7702, 188.9656, 257.9656, -23.1147, 258.8437, -23.6436, -36.4324, -42.8756, 0.620952, 0.780235, -0.075179, 0.032115, -0.729946, 0.610537, 0.307285, -0.001770, 0.285654, -0.135932, 0.948643, 0.188966, 0.000000, 0.000000, 0.000000, 1.000000, 0.285654, -0.135932, 0.948643, 0.257966, -0.620952, -0.780235, 0.075179, -0.023115, 0.729946, -0.610537, -0.307285, 0.258844, 0.000000, 0.000000, 0.000000, 1.000000, -0.982418, 0.183170, 0.036102, -0.023644, 0.029435, -0.038988, 0.998806, -0.036432, 0.184359, 0.982308, 0.032910, -0.042876, 0.000000, 0.000000, 0.000000, 1.000000
-19.0393, 31.9515, -1.6158, 188.8411, 257.8411, -22.9515, 258.6893, -23.6105, -36.4929, -42.9116, 0.620721, 0.780472, -0.074623, 0.031951, -0.731150, 0.610589, 0.304304, -0.001616, 0.283064, -0.134327, 0.949648, 0.188841, 0.000000, 0.000000, 0.000000, 1.000000, 0.283064, -0.134327, 0.949648, 0.257841, -0.620721, -0.780472, 0.074623, -0.022951, 0.731150, -0.610589, -0.304304, 0.258689, 0.000000, 0.000000, 0.000000, 1.000000, -0.982451, 0.182454, 0.038732, -0.023611, 0.032367, -0.037739, 0.998763, -0.036493, 0.183690, 0.982490, 0.031171, -0.042912, 0.000000, 0.000000, 0.000000, 1.000000
-18.7339, 31.7185, -1.3652, 188.6109, 257.6109, -22.7185, 258.4386, -23.4221, -36.6272, -42.9596, 0.620673, 0.780663, -0.073014, 0.031719, -0.732615, 0.610599, 0.300738, -0.001365, 0.279358, -0.133169, 0.950908, 0.188611, 0.000000, 0.000000, 0.000000, 1.000000, 0.279358, -0.133169, 0.950908, 0.257611, -0.620673, -0.780663, 0.073014, -0.022719, 0.732615, -0.610599, -0.300738, 0.258439, 0.000000, 0.000000, 0.000000, 1.000000, -0.982512, 0.181871, 0.039910, -0.023422, 0.033739, -0.036901, 0.998749, -0.036627, 0.183117, 0.982630, 0.030119, -0.042960, 0.000000, 0.000000, 0.000000, 1.000000
-18.4441, 31.5809, -1.1736, 188.6444, 257.6444, -22.5809, 258.2470, -23.3878, -36.5321, -42.9667, 0.621288, 0.780671, -0.067482, 0.031581, -0.735046, 0.610478, 0.294998, -0.001174, 0.271493, -0.133676, 0.953112, 0.188644, 0.000000, 0.000000, 0.000000, 1.000000, 0.271493, -0.133676, 0.953112, 0.257644, -0.621288, -0.780671, 0.067482, -0.022581, 0.735046, -0.610478, -0.294998, 0.258247, 0.000000, 0.000000, 0.000000, 1.000000, -0.982660, 0.181709, 0.036901, -0.023388, 0.030542, -0.037672, 0.998823, -0.036532, 0.182885, 0.982630, 0.031470, -0.042967, 0.000000, 0.000000, 0.000000, 1.000000
-18.1641, 31.3787, -0.9232, 188.5633, 257.5633, -22.3787, 257.9967, -23.2376, -36.5297, -42.9977, 0.621212, 0.780890, -0.065628, 0.031379, -0.737009, 0.610651, 0.289696, -0.000923, 0.266296, -0.131594, 0.954866, 0.188563, 0.000000, 0.000000, 0.000000, 1.000000, 0.266296, -0.131594, 0.954866, 0.257563, -0.621212, -0.780890, 0.065628, -0.022379, 0.737009, -0.610651, -0.289696, 0.257997, 0.000000, 0.000000, 0.000000, 1.000000, -0.982817, 0.181046, 0.035948, -0.023238, 0.029927, -0.035878, 0.998908, -0.036530, 0.182138, 0.982820, 0.029843, -0.042998, 0.000000, 0.000000, 0.000000, 1.000000
-17.8941, 31.2260, -0.7306, 188.5942, 257.5942, -22.2260, 257.8041, -23.1807, -36.4392, -43.0192, 0.622135, 0.780581, -0.060337, 0.031226, -0.737738, 0.610296, 0.288585, -0.000731, 0.262088, -0.135026, 0.955551, 0.188594, 0.000000, 0.000000, 0.000000, 1.000000, 0.262088, -0.135026, 0.955551, 0.257594, -0.622135, -0.780581, 0.060337, -0.022226, 0.737738, -0.610296, -0.288585, 0.257804, 0.000000, 0.000000, 0.000000, 1.000000, -0.982682, 0.181569, 0.037008, -0.023181, 0.030317, -0.039492, 0.998760, -0.036439, 0.182805, 0.982585, 0.033303, -0.043019, 0.000000, 0.000000, 0.000000, 1.000000
-17.6201, 31.0708, -0.5444, 188.5185, 257.5185, -22.0708, 257.6179, -23.1043, -36.4543, -43.0401, 0.621923, 0.780831, -0.059281, 0.031071, -0.740121, 0.610848, 0.281220, -0.000544, 0.255797, -0.131022, 0.957811, 0.188519, 0.000000, 0.000000, 0.000000, 1.000000, 0.255797, -0.131022, 0.957811, 0.257519, -0.621923, -0.780831, 0.059281, -0.022071, 0.740121, -0.610848, -0.281220, 0.257618, 0.000000, 0.000000, 0.000000, 1.000000, -0.982923, 0.180762, 0.034461, -0.023104, 0.028451, -0.035736, 0.998956, -0.036454, 0.181805, 0.982877, 0.029983, -0.043040, 0.000000, 0.000000, 0.000000, 1.000000
-17.3586, 30.8901, -0.3571, 188.3386, 257.3386, -21.8901, 257.4306, -22.9818, -36.5706, -43.0783, 0.622290, 0.780678, -0.057422, 0.030890, -0.740495, 0.610869, 0.280190, -0.000357, 0.253816, -0.131839, 0.958226, 0.188339, 0.000000, 0.000000, 0.000000, 1.000000, 0.253816, -0.131839, 0.958226, 0.257339, -0.622290, -0.780678, 0.057422, -0.021890, 0.740495, -0.610869, -0.280190, 0.257431, 0.000000, 0.000000, 0.000000, 1.000000, -0.982804, 0.180884, 0.037120, -0.022982, 0.030966, -0.036733, 0.998845, -0.036571, 0.182039, 0.982818, 0.030501, -0.043078, 0.000000, 0.000000, 0.000000, 1.000000
-17.1033, 30.7731, -0.1633, 188.3764, 257.3764, -21.7731, 257.2368, -22.9327, -36.4796, -43.0696, 0.623102, 0.780292, -0.053740, 0.030773, -0.742373, 0.611653, 0.273429, -0.000163, 0.246224, -0.130479, 0.960390, 0.188376, 0.000000, 0.000000, 0.000000, 1.000000, 0.246224, -0.130479, 0.960390, 0.257376, -0.623102, -0.780292, 0.053740, -0.021773, 0.742373, -0.611653, -0.273429, 0.257237, 0.000000, 0.000000, 0.000000, 1.000000, -0.982864, 0.181253, 0.033556, -0.022933, 0.027573, -0.035427, 0.998992, -0.036480, 0.182259, 0.982798, 0.029822, -0.043070, 0.000000, 0.000000, 0.000000, 1.000000
-16.8253, 30.5973, 0.0133, 188.1623, 257.1623, -21.5973, 257.0602, -22.8249, -36.6356, -43.1051, 0.622837, 0.780595, -0.052400, 0.030597, -0.742705, 0.610997, 0.273992, 0.000013, 0.245893, -0.131735, 0.960303, 0.188162, 0.000000, 0.000000, 0.000000, 1.000000, 0.245893, -0.131735, 0.960303, 0.257162, -0.622837, -0.780595, 0.052400, -0.021597, 0.742705, -0.610997, -0.273992, 0.257060, 0.000000, 0.000000, 0.000000, 1.000000, -0.982802, 0.180669, 0.038201, -0.022825, 0.032013, -0.037048, 0.998801, -0.036636, 0.181867, 0.982846, 0.030627, -0.043105, 0.000000, 0.000000, 0.000000, 1.000000
-16.5625, 30.4109, 0.2178, 188.2863, 257.2863, -21.4109, 256.8556, -22.7579, -36.4566, -43.1566, 0.623497, 0.780488, -0.045726, 0.030411, -0.744682, 0.610671, 0.269314, 0.000218, 0.238120, -0.133866, 0.961966, 0.188286, 0.000000, 0.000000, 0.000000, 1.000000, 0.238120, -0.133866, 0.961966, 0.257286, -0.623497, -0.780488, 0.045726, -0.021411, 0.744682, -0.610671, -0.269314, 0.256856, 0.000000, 0.000000, 0.000000, 1.000000, -0.982897, 0.180749, 0.035255, -0.022758, 0.028577, -0.039416, 0.998814, -0.036457, 0.181924, 0.982739, 0.033577, -0.043157, 0.000000, 0.000000, 0.000000, 1.000000
-16.2991, 30.2798, 0.4092, 188.2055, 257.2055, -21.2798, 256.6642, -22.6798, -36.4858, -43.1544, 0.623419, 0.780684, -0.043376, 0.030280, -0.746294, 0.610670, 0.264814, 0.000409, 0.233225, -0.132719, 0.963323, 0.188205, 0.000000, 0.000000, 0.000000, 1.000000, 0.233225, -0.132719, 0.963323, 0.257205, -0.623419, -0.780684, 0.043376, -0.021280, 0.746294, -0.610670, -0.264814, 0.256664, 0.000000, 0.000000, 0.000000, 1.000000, -0.983019, 0.180224, 0.034527, -0.022680, 0.028019, -0.038528, 0.998865, -0.036486, 0.181350, 0.982871, 0.032824, -0.043154, 0.000000, 0.000000, 0.000000, 1.000000
-16.0458, 30.1231, 0.5851, 188.2035, 257.2035, -21.1231, 256.4884, -22.6152, -36.4407, -43.1873, 0.623669, 0.780631, -0.040647, 0.030123, -0.747277, 0.610665, 0.262039, 0.000585, 0.229378, -0.133051, 0.964201, 0.188204, 0.000000, 0.000000, 0.000000, 1.000000, 0.229378, -0.133051, 0.964201, 0.257204, -0.623669, -0.780631, 0.040647, -0.021123, 0.747277, -0.610665, -0.262039, 0.256488, 0.000000, 0.000000, 0.000000, 1.000000, -0.983015, 0.180147, 0.035060, -0.022615, 0.028465, -0.039063, 0.998831, -0.036441, 0.181306, 0.982864, 0.033272, -0.043187, 0.000000, 0.000000, 0.000000, 1.000000
-15.7887, 29.9894, 0.7083, 188.1273, 257.1273, -20.9894, 256.3652, -22.5930, -36.4817, -43.2204, 0.623644, 0.780790, -0.037892, 0.029989, -0.748148, 0.610218, 0.260592, 0.000708, 0.226591, -0.134168, 0.964705, 0.188127, 0.000000, 0.000000, 0.000000, 1.000000, 0.226591, -0.134168, 0.964705, 0.257127, -0.623644, -0.780790, 0.037892, -0.020989, 0.748148, -0.610218, -0.260592, 0.256365, 0.000000, 0.000000, 0.000000, 1.000000, -0.983021, 0.179751, 0.036868, -0.022593, 0.030056, -0.040474, 0.998728, -0.036482, 0.181014, 0.982879, 0.034384, -0.043220, 0.000000, 0.000000, 0.000000, 1.000000
-15.5206, 29.8460, 0.8789, 187.9513, 256.9513, -20.8460, 256.1946, -22.5112, -36.6113, -43.2329, 0.624100, 0.780450, -0.037372, 0.029846, -0.749080, 0.611247, 0.255453, 0.000879, 0.222212, -0.131433, 0.966099, 0.187951, 0.000000, 0.000000, 0.000000, 1.000000, 0.222212, -0.131433, 0.966099, 0.256951, -0.624100, -0.780450, 0.037372, -0.020846, 0.749080, -0.611247, -0.255453, 0.256195, 0.000000, 0.000000, 0.000000, 1.000000, -0.982980, 0.180039, 0.036550, -0.022511, 0.030218, -0.037791, 0.998829, -0.036611, 0.181210, 0.982933, 0.031708, -0.043233, 0.000000, 0.000000, 0.000000, 1.000000
-15.2380, 29.6962, 1.1005, 188.0603, 257.0603, -20.6962, 255.9730, -22.4518, -36.4526, -43.2422, 0.624403, 0.780479, -0.031209, 0.029696, -0.750245, 0.610376, 0.254113, 0.001100, 0.217379, -0.135255, 0.966671, 0.188060, 0.000000, 0.000000, 0.000000, 1.000000, 0.217379, -0.135255, 0.966671, 0.257060, -0.624403, -0.780479, 0.031209, -0.020696, 0.750245, -0.610376, -0.254113, 0.255973, 0.000000, 0.000000, 0.000000, 1.000000, -0.982985, 0.179866, 0.037259, -0.022452, 0.030178, -0.041946, 0.998664, -0.036453, 0.181189, 0.982796, 0.035804, -0.043242, 0.000000, 0.000000, 0.000000, 1.000000
-14.9772, 29.5419, 1.2913, 187.8836, 256.8836, -20.5419, 255.7822, -22.3439, -36.5815, -43.2549, 0.624330, 0.780495, -0.032232, 0.029542, -0.751795, 0.611555, 0.246586, 0.001291, 0.212171, -0.129720, 0.968585, 0.187884, 0.000000, 0.000000, 0.000000, 1.000000, 0.212171, -0.129720, 0.968585, 0.256884, -0.624330, -0.780495, 0.032232, -0.020542, 0.751795, -0.611555, -0.246586, 0.255782, 0.000000, 0.000000, 0.000000, 1.000000, -0.983105, 0.179587, 0.035402, -0.022344, 0.029302, -0.036506, 0.998904, -0.036582, 0.180682, 0.983065, 0.030627, -0.043255, 0.000000, 0.000000, 0.000000, 1.000000
-14.7114, 29.3829, 1.4807, 187.9267, 256.9267, -20.3829, 255.5927, -22.2826, -36.4964, -43.2852, 0.624714, 0.780380, -0.027196, 0.029383, -0.752405, 0.610904, 0.246339, 0.001481, 0.208852, -0.133429, 0.968802, 0.187927, 0.000000, 0.000000, 0.000000, 1.000000, 0.208852, -0.133429, 0.968802, 0.256927, -0.624714, -0.780380, 0.027196, -0.020383, 0.752405, -0.610904, -0.246339, 0.255593, 0.000000, 0.000000, 0.000000, 1.000000, -0.983025, 0.179630, 0.037357, -0.022283, 0.030555, -0.040485, 0.998713, -0.036496, 0.180911, 0.982901, 0.034309, -0.043285, 0.000000, 0.000000, 0.000000, 1.000000
-14.4492, 29.1751, 1.6608, 187.6553, 256.6553, -20.1751, 255.4127, -22.1437, -36.7211, -43.3441, 0.623947, 0.780993, -0.027210, 0.029175, -0.752660, 0.609949, 0.247922, 0.001661, 0.210222, -0.134210, 0.968398, 0.187655, 0.000000, 0.000000, 0.000000, 1.000000, 0.210222, -0.134210, 0.968398, 0.256655, -0.623947, -0.780993, 0.027210, -0.020175, 0.752660, -0.609949, -0.247922, 0.255413, 0.000000, 0.000000, 0.000000, 1.000000, -0.982989, 0.178481, 0.043337, -0.022144, 0.036452, -0.041677, 0.998466, -0.036721, 0.180013, 0.983060, 0.034462, -0.043344, 0.000000, 0.000000, 0.000000, 1.000000
-14.1757, 29.0685, 1.8760, 187.7724, 256.7724, -20.0685, 255.1975, -22.1032, -36.5638, -43.3201, 0.624031, 0.781048, -0.023432, 0.029069, -0.756046, 0.611089, 0.234447, 0.001876, 0.197433, -0.128587, 0.971846, 0.187772, 0.000000, 0.000000, 0.000000, 1.000000, 0.197433, -0.128587, 0.971846, 0.256772, -0.624031, -0.781048, 0.023432, -0.020069, 0.756046, -0.611089, -0.234447, 0.255197, 0.000000, 0.000000, 0.000000, 1.000000, -0.983405, 0.178203, 0.034037, -0.022103, 0.028021, -0.036166, 0.998953, -0.036564, 0.179247, 0.983329, 0.030572, -0.043320, 0.000000, 0.000000, 0.000000, 1.000000
-13.9102, 28.8712, 2.0572, 187.7388, 256.7388, -19.8712, 255.0162, -22.0146, -36.5593, -43.3833, 0.624145, 0.781092, -0.018383, 0.028871, -0.755923, 0.609648, 0.238557, 0.002057, 0.197543, -0.134998, 0.970954, 0.187739, 0.000000, 0.000000, 0.000000, 1.000000, 0.197543, -0.134998, 0.970954, 0.256739, -0.624145, -0.781092, 0.018383, -0.019871, 0.755923, -0.609648, -0.238557, 0.255016, 0.000000, 0.000000, 0.000000, 1.000000, -0.983234, 0.177926, 0.039908, -0.022015, 0.032758, -0.042941, 0.998540, -0.036559, 0.179380, 0.983107, 0.036393, -0.043383, 0.000000, 0.000000, 0.000000, 1.000000
-13.6219, 28.7427, 2.2549, 187.5844, 256.5844, -19.7427, 254.8186, -21.9387, -36.6740, -43.3688, 0.624118, 0.781113, -0.018400, 0.028743, -0.757777, 0.610875, 0.229360, 0.002255, 0.190396, -0.129204, 0.973168, 0.187584, 0.000000, 0.000000, 0.000000, 1.000000, 0.190396, -0.129204, 0.973168, 0.256584, -0.624118, -0.781113, 0.018400, -0.019743, 0.757777, -0.610875, -0.229360, 0.254819, 0.000000, 0.000000, 0.000000, 1.000000, -0.983396, 0.177747, 0.036586, -0.021939, 0.030427, -0.037255, 0.998842, -0.036674, 0.178904, 0.983371, 0.031228, -0.043369, 0.000000, 0.000000, 0.000000, 1.000000
-13.3519, 28.5127, 2.5007, 187.5749, 256.5749, -19.5127, 254.5727, -21.7871, -36.6363, -43.4314, 0.624428, 0.780988, -0.012171, 0.028513, -0.758499, 0.610020, 0.229250, 0.002501, 0.186466, -0.133918, 0.973292, 0.187575, 0.000000, 0.000000, 0.000000, 1.000000, 0.186466, -0.133918, 0.973292, 0.256575, -0.624428, -0.780988, 0.012171, -0.019513, 0.758499, -0.610020, -0.229250, 0.254573, 0.000000, 0.000000, 0.000000, 1.000000, -0.983345, 0.177695, 0.038181, -0.021787, 0.031138, -0.042257, 0.998621, -0.036636, 0.179064, 0.983178, 0.036020, -0.043431, 0.000000, 0.000000, 0.000000, 1.000000
-13.0917, 28.3731, 2.6994, 187.4320, 256.4320, -19.3731, 254.3741, -21.6898, -36.7429, -43.4292, 0.624552, 0.780847, -0.014600, 0.028373, -0.759443, 0.611580, 0.221847, 0.002699, 0.182157, -0.127467, 0.974972, 0.187432, 0.000000, 0.000000, 0.000000, 1.000000, 0.182157, -0.127467, 0.974972, 0.256432, -0.624552, -0.780847, 0.014600, -0.019373, 0.759443, -0.611580, -0.221847, 0.254374, 0.000000, 0.000000, 0.000000, 1.000000, -0.983356, 0.177851, 0.037141, -0.021690, 0.031247, -0.035833, 0.998869, -0.036743, 0.178981, 0.983405, 0.029680, -0.043429, 0.000000, 0.000000, 0.000000, 1.000000
-12.8503, 28.2235, 2.8934, 187.4933, 256.4934, -19.2235, 254.1800, -21.6142, -36.6499, -43.4525, 0.624741, 0.780793, -0.007875, 0.028223, -0.760360, 0.610624, 0.221337, 0.002893, 0.177627, -0.132290, 0.975165, 0.187493, 0.000000, 0.000000, 0.000000, 1.000000, 0.177627, -0.132290, 0.975165, 0.256493, -0.624741, -0.780793, 0.007875, -0.019223, 0.760360, -0.610624, -0.221337, 0.254180, 0.000000, 0.000000, 0.000000, 1.000000, -0.983368, 0.177680, 0.037642, -0.021614, 0.030831, -0.040939, 0.998686, -0.036650, 0.178987, 0.983236, 0.034781, -0.043453, 0.000000, 0.000000, 0.000000, 1.000000
-12.5723, 28.1255, 3.0203, 187.4820, 256.4820, -19.1255, 254.0532, -21.6325, -36.6428, -43.4545, 0.624889, 0.780693, -0.005551, 0.028125, -0.761722, 0.611232, 0.214885, 0.003020, 0.171152, -0.130052, 0.976623, 0.187482, 0.000000, 0.000000, 0.000000, 1.000000, 0.171152, -0.130052, 0.976623, 0.256482, -0.624889, -0.780693, 0.005551, -0.019125, 0.761722, -0.611232, -0.214885, 0.254053, 0.000000, 0.000000, 0.000000, 1.000000, -0.983442, 0.177704, 0.035533, -0.021633, 0.029068, -0.038850, 0.998822, -0.036643, 0.178875, 0.983317, 0.033042, -0.043454, 0.000000, 0.000000, 0.000000, 1.000000
-12.3124, 27.9576, 3.2050, 187.2566, 256.2566, -18.9576, 253.8685, -21.5228, -36.8367, -43.4781, 0.624351, 0.781100, -0.008232, 0.027958, -0.762188, 0.611475, 0.212527, 0.003205, 0.171038, -0.126417, 0.977121, 0.187257, 0.000000, 0.000000, 0.000000, 1.000000, 0.171038, -0.126417, 0.977121, 0.256257, -0.624351, -0.781100, 0.008232, -0.018958, 0.762188, -0.611475, -0.212527, 0.253868, 0.000000, 0.000000, 0.000000, 1.000000, -0.983432, 0.176992, 0.039174, -0.021523, 0.033409, -0.035437, 0.998813, -0.036837, 0.178171, 0.983574, 0.028937, -0.043478, 0.000000, 0.000000, 0.000000, 1.000000
-12.0395, 27.7828, 3.3976, 187.3869, 256.3869, -18.7828, 253.6758, -21.4660, -36.6800, -43.5262, 0.624247, 0.781227, -0.000316, 0.027783, -0.763127, 0.609870, 0.213768, 0.003398, 0.167194, -0.133203, 0.976884, 0.187387, 0.000000, 0.000000, 0.000000, 1.000000, 0.167194, -0.133203, 0.976884, 0.256387, -0.624247, -0.781227, 0.000316, -0.018783, 0.763127, -0.609870, -0.213768, 0.253676, 0.000000, 0.000000, 0.000000, 1.000000, -0.983459, 0.176374, 0.041238, -0.021466, 0.034228, -0.042608, 0.998505, -0.036680, 0.177868, 0.983401, 0.035867, -0.043526, 0.000000, 0.000000, 0.000000, 1.000000
-11.7806, 27.6402, 3.6025, 187.3317, 256.3317, -18.6402, 253.4709, -21.3769, -36.7059, -43.5293, 0.624221, 0.781247, 0.000700, 0.027640, -0.764912, 0.610986, 0.203977, 0.003603, 0.158929, -0.127862, 0.978975, 0.187332, 0.000000, 0.000000, 0.000000, 1.000000, 0.158929, -0.127862, 0.978975, 0.256332, -0.624221, -0.781247, -0.000700, -0.018640, 0.764912, -0.610986, -0.203977, 0.253471, 0.000000, 0.000000, 0.000000, 1.000000, -0.983648, 0.176377, 0.036438, -0.021377, 0.030302, -0.037359, 0.998842, -0.036706, 0.177534, 0.983614, 0.031403, -0.043529, 0.000000, 0.000000, 0.000000, 1.000000
-11.5084, 27.4883, 3.8018, 187.3778, 256.3778, -18.4883, 253.2716, -21.3105, -36.6348, -43.5488, 0.624479, 0.781012, 0.006844, 0.027488, -0.766141, 0.610838, 0.199766, 0.003802, 0.151839, -0.129993, 0.979820, 0.187378, 0.000000, 0.000000, 0.000000, 1.000000, 0.151839, -0.129993, 0.979820, 0.256378, -0.624479, -0.781012, -0.006844, -0.018488, 0.766141, -0.610838, -0.199766, 0.253272, 0.000000, 0.000000, 0.000000, 1.000000, -0.983702, 0.176479, 0.034434, -0.021311, 0.027842, -0.039694, 0.998824, -0.036635, 0.177639, 0.983504, 0.034133, -0.043549, 0.000000, 0.000000, 0.000000, 1.000000
-11.2425, 27.3104, 3.9821, 187.2749, 256.2749, -18.3104, 253.0914, -21.2238, -36.7149, -43.5907, 0.624416, 0.781043, 0.008731, 0.027310, -0.766775, 0.610802, 0.197425, 0.003982, 0.148865, -0.129970, 0.980279, 0.187275, 0.000000, 0.000000, 0.000000, 1.000000, 0.148865, -0.129970, 0.980279, 0.256275, -0.624416, -0.781043, -0.008731, -0.018310, 0.766775, -0.610802, -0.197425, 0.253091, 0.000000, 0.000000, 0.000000, 1.000000, -0.983686, 0.176248, 0.036033, -0.021224, 0.029440, -0.039882, 0.998771, -0.036715, 0.177468, 0.983538, 0.034042, -0.043591, 0.000000, 0.000000, 0.000000, 1.000000
-10.9751, 27.1720, 4.1953, 187.2828, 256.2828, -18.1720, 252.8782, -21.1439, -36.6820, -43.5897, 0.625109, 0.780435, 0.012633, 0.027172, -0.767073, 0.611252, 0.194858, 0.004195, 0.144352, -0.131498, 0.980750, 0.187283, 0.000000, 0.000000, 0.000000, 1.000000, 0.144352, -0.131498, 0.980750, 0.256283, -0.625109, -0.780435, -0.012633, -0.018172, 0.767073, -0.611252, -0.194858, 0.252878, 0.000000, 0.000000, 0.000000, 1.000000, -0.983544, 0.176941, 0.036516, -0.021144, 0.029607, -0.041534, 0.998698, -0.036682, 0.178228, 0.983345, 0.035612, -0.043590, 0.000000, 0.000000, 0.000000, 1.000000
-10.7068, 27.0137, 4.3767, 187.1369, 256.1369, -18.0137, 252.6967, -21.0615, -36.8084, -43.6105, 0.624413, 0.780992, 0.012646, 0.027014, -0.768101, 0.611005, 0.191557, 0.004377, 0.141878, -0.129324, 0.981400, 0.187137, 0.000000, 0.000000, 0.000000, 1.000000, 0.141878, -0.129324, 0.981400, 0.256137, -0.624413, -0.780992, -0.012646, -0.018014, 0.768101, -0.611005, -0.191557, 0.252697, 0.000000, 0.000000, 0.000000, 1.000000, -0.983651, 0.175997, 0.038160, -0.021062, 0.031656, -0.039620, 0.998713, -0.036808, 0.177283, 0.983593, 0.033401, -0.043610, 0.000000, 0.000000, 0.000000, 1.000000
-10.4557, 26.8464, 4.5429, 187.0104, 256.0104, -17.8464, 252.5306, -20.9821, -36.9179, -43.6491, 0.624607, 0.780832, 0.012989, 0.026846, -0.768111, 0.611259, 0.190705, 0.004543, 0.140969, -0.129093, 0.981561, 0.187010, 0.000000, 0.000000, 0.000000, 1.000000, 0.140969, -0.129093, 0.981561, 0.256010, -0.624607, -0.780832, -0.012989, -0.017846, 0.768111, -0.611259, -0.190705, 0.252531, 0.000000, 0.000000, 0.000000, 1.000000, -0.983495, 0.176094, 0.041582, -0.020982, 0.035139, -0.039550, 0.998600, -0.036918, 0.177492, 0.983579, 0.032710, -0.043649, 0.000000, 0.000000, 0.000000, 1.000000
-10.1749, 26.6825, 4.7572, 187.0751, 256.0751, -17.6825, 252.3163, -20.9038, -36.8343, -43.6727, 0.624500, 0.780769, 0.019976, 0.026683, -0.769751, 0.610955, 0.184979, 0.004757, 0.132221, -0.130896, 0.982539, 0.187075, 0.000000, 0.000000, 0.000000, 1.000000, 0.132221, -0.130896, 0.982539, 0.256075, -0.624500, -0.780769, -0.019976, -0.017683, 0.769751, -0.610955, -0.184979, 0.252316, 0.000000, 0.000000, 0.000000, 1.000000, -0.983679, 0.175875, 0.037992, -0.020904, 0.031134, -0.041591, 0.998650, -0.036834, 0.177218, 0.983534, 0.035437, -0.043673, 0.000000, 0.000000, 0.000000, 1.000000
-9.9094, 26.5233, 4.9564, 187.0570, 256.0570, -17.5233, 252.1170, -20.8225, -36.8350, -43.6949, 0.623812, 0.781256, 0.022323, 0.026523, -0.771314, 0.610758, 0.179025, 0.004956, 0.126230, -0.128896, 0.983591, 0.187057, 0.000000, 0.000000, 0.000000, 1.000000, 0.126230, -0.128896, 0.983591, 0.256057, -0.623812, -0.781256, -0.022323, -0.017523, 0.771314, -0.610758, -0.179025, 0.252117, 0.000000, 0.000000, 0.000000, 1.000000, -0.983893, 0.175056, 0.036180, -0.020822, 0.029639, -0.039838, 0.998766, -0.036835, 0.176282, 0.983752, 0.034007, -0.043695, 0.000000, 0.000000, 0.000000, 1.000000
-9.6440, 26.3938, 5.1978, 187.2085, 256.2085, -17.3938, 251.8757, -20.7343, -36.6646, -43.6833, 0.623706, 0.781160, 0.027936, 0.026394, -0.773226, 0.611347, 0.168453, 0.005198, 0.114510, -0.126666, 0.985314, 0.187208, 0.000000, 0.000000, 0.000000, 1.000000, 0.114510, -0.126666, 0.985314, 0.256208, -0.623706, -0.781160, -0.027936, -0.017394, 0.773226, -0.611347, -0.168453, 0.251876, 0.000000, 0.000000, 0.000000, 1.000000, -0.984117, 0.175196, 0.028651, -0.020734, 0.022366, -0.037744, 0.999037, -0.036665, 0.176109, 0.983810, 0.033226, -0.043683, 0.000000, 0.000000, 0.000000, 1.000000
-9.3764, 26.2065, 5.3787, 187.0811, 256.0811, -17.2065, 251.6947, -20.6447, -36.7798, -43.7309, 0.623404, 0.781384, 0.028387, 0.026207, -0.773449, 0.610937, 0.168914, 0.005379, 0.114644, -0.127258, 0.985222, 0.187081, 0.000000, 0.000000, 0.000000, 1.000000, 0.114644, -0.127258, 0.985222, 0.256081, -0.623404, -0.781384, -0.028387, -0.017207, 0.773449, -0.610937, -0.168914, 0.251695, 0.000000, 0.000000, 0.000000, 1.000000, -0.984067, 0.174616, 0.033496, -0.020645, 0.027154, -0.038583, 0.998886, -0.036780, 0.175714, 0.983880, 0.033227, -0.043731, 0.000000, 0.000000, 0.000000, 1.000000
-9.1083, 26.0549, 5.5716, 187.1187, 256.1187, -17.0549, 251.5019, -20.5780, -36.7316, -43.7532, 0.624022, 0.780557, 0.036434, 0.026055, -0.774103, 0.611155, 0.165089, 0.005572, 0.106595, -0.131222, 0.985606, 0.187119, 0.000000, 0.000000, 0.000000, 1.000000, 0.106595, -0.131222, 0.985606, 0.256119, -0.624022, -0.780557, -0.036434, -0.017055, 0.774103, -0.611155, -0.165089, 0.251502, 0.000000, 0.000000, 0.000000, 1.000000, -0.984011, 0.175407, 0.030908, -0.020578, 0.023761, -0.042703, 0.998805, -0.036732, 0.176518, 0.983569, 0.037853, -0.043753, 0.000000, 0.000000, 0.000000, 1.000000
-8.8392, 25.9289, 5.7459, 187.0596, 256.0596, -16.9289, 251.3276, -20.5306, -36.7826, -43.7548, 0.623280, 0.781364, 0.031507, 0.025929, -0.774669, 0.611434, 0.161359, 0.005746, 0.106816, -0.124979, 0.986393, 0.187060, 0.000000, 0.000000, 0.000000, 1.000000, 0.106816, -0.124979, 0.986393, 0.256060, -0.623280, -0.781364, -0.031507, -0.016929, 0.774669, -0.611434, -0.161359, 0.251328, 0.000000, 0.000000, 0.000000, 1.000000, -0.984053, 0.174489, 0.034553, -0.020531, 0.028576, -0.036654, 0.998919, -0.036783, 0.175566, 0.983977, 0.031084, -0.043755, 0.000000, 0.000000, 0.000000, 1.000000
-8.5616, 25.7571, 5.9842, 187.1548, 256.1548, -16.7571, 251.0892, -20.4260, -36.6750, -43.7770, 0.623740, 0.780425, 0.043415, 0.025757, -0.775740, 0.611275, 0.156749, 0.005984, 0.095792, -0.131450, 0.986684, 0.187155, 0.000000, 0.000000, 0.000000, 1.000000, 0.095792, -0.131450, 0.986684, 0.256155, -0.623740, -0.780425, -0.043415, -0.016757, 0.775740, -0.611275, -0.156749, 0.251089, 0.000000, 0.000000, 0.000000, 1.000000, -0.984088, 0.175189, 0.029645, -0.020426, 0.022375, -0.043330, 0.998810, -0.036675, 0.176265, 0.983581, 0.038721, -0.043777, 0.000000, 0.000000, 0.000000, 1.000000
-8.3101, 25.5883, 6.1148, 186.8999, 255.8999, -16.5883, 250.9587, -20.3689, -36.9288, -43.8235, 0.623472, 0.780894, 0.038565, 0.025588, -0.775326, 0.611163, 0.159213, 0.006115, 0.100759, -0.129165, 0.986491, 0.186900, 0.000000, 0.000000, 0.000000, 1.000000, 0.100759, -0.129165, 0.986491, 0.255900, -0.623472, -0.780894, -0.038565, -0.016588, 0.775326, -0.611163, -0.159213, 0.250959, 0.000000, 0.000000, 0.000000, 1.000000, -0.983908, 0.174489, 0.038450, -0.020369, 0.031711, -0.041245, 0.998646, -0.036929, 0.175838, 0.983795, 0.035048, -0.043824, 0.000000, 0.000000, 0.000000, 1.000000
-8.0343, 25.4523, 6.3749, 187.0742, 256.0742, -16.4523, 250.6986, -20.2668, -36.7428, -43.8103, 0.623356, 0.780390, 0.049186, 0.025452, -0.777028, 0.611177, 0.150630, 0.006375, 0.087489, -0.132115, 0.987366, 0.187074, 0.000000, 0.000000, 0.000000, 1.000000, 0.087489, -0.132115, 0.987366, 0.256074, -0.623356, -0.780390, -0.049186, -0.016452, 0.777028, -0.611177, -0.150630, 0.250699, 0.000000, 0.000000, 0.000000, 1.000000, -0.984133, 0.174776, 0.030589, -0.020267, 0.023158, -0.044395, 0.998746, -0.036743, 0.175915, 0.983607, 0.039643, -0.043810, 0.000000, 0.000000, 0.000000, 1.000000
-7.7739, 25.2822, 6.5602, 186.9236, 255.9236, -16.2822, 250.5132, -20.1781, -36.8898, -43.8390, 0.622370, 0.781327, 0.046736, 0.025282, -0.778091, 0.611097, 0.145377, 0.006560, 0.085027, -0.126843, 0.988272, 0.186924, 0.000000, 0.000000, 0.000000, 1.000000, 0.085027, -0.126843, 0.988272, 0.255924, -0.622370, -0.781327, -0.046736, -0.016282, 0.778091, -0.611097, -0.145377, 0.250513, 0.000000, 0.000000, 0.000000, 1.000000, -0.984298, 0.173666, 0.031587, -0.020178, 0.025118, -0.039326, 0.998911, -0.036890, 0.174719, 0.984019, 0.034347, -0.043839, 0.000000, 0.000000, 0.000000, 1.000000
-7.5081, 25.1066, 6.7842, 187.0771, 256.0771, -16.1066, 250.2893, -20.0780, -36.7331, -43.8771, 0.622632, 0.780239, 0.059636, 0.025107, -0.779067, 0.610940, 0.140738, 0.006784, 0.073376, -0.134088, 0.988249, 0.187077, 0.000000, 0.000000, 0.000000, 1.000000, 0.073376, -0.134088, 0.988249, 0.256077, -0.622632, -0.780239, -0.059636, -0.016107, 0.779067, -0.610940, -0.140738, 0.250289, 0.000000, 0.000000, 0.000000, 1.000000, -0.984337, 0.174372, 0.025968, -0.020078, 0.018062, -0.046774, 0.998742, -0.036733, 0.175367, 0.983568, 0.042892, -0.043877, 0.000000, 0.000000, 0.000000, 1.000000
-7.2406, 24.9614, 6.9686, 186.8902, 255.8902, -15.9614, 250.1048, -20.0049, -36.9191, -43.8808, 0.621502, 0.781779, 0.050565, 0.024961, -0.779761, 0.611091, 0.136163, 0.006969, 0.075549, -0.124054, 0.989395, 0.186890, 0.000000, 0.000000, 0.000000, 1.000000, 0.075549, -0.124054, 0.989395, 0.255890, -0.621502, -0.781779, -0.050565, -0.015961, 0.779761, -0.611091, -0.136163, 0.250105, 0.000000, 0.000000, 0.000000, 1.000000, -0.984457, 0.172900, 0.030807, -0.020005, 0.024779, -0.036917, 0.999011, -0.036919, 0.173867, 0.984247, 0.032059, -0.043881, 0.000000, 0.000000, 0.000000, 1.000000
-6.9840, 24.7942, 7.1563, 186.9819, 255.9819, -15.7942, 249.9171, -19.9305, -36.8293, -43.9247, 0.622098, 0.780433, 0.062597, 0.024794, -0.780066, 0.610987, 0.134876, 0.007156, 0.067015, -0.132736, 0.988883, 0.186982, 0.000000, 0.000000, 0.000000, 1.000000, 0.067015, -0.132736, 0.988883, 0.255982, -0.622098, -0.780433, -0.062597, -0.015794, 0.780066, -0.610987, -0.134876, 0.249917, 0.000000, 0.000000, 0.000000, 1.000000, -0.984368, 0.173813, 0.028436, -0.019931, 0.020764, -0.045802, 0.998735, -0.036829, 0.174895, 0.983713, 0.041477, -0.043925, 0.000000, 0.000000, 0.000000, 1.000000
-6.7032, 24.6507, 7.3295, 186.8314, 255.8314, -15.6507, 249.7440, -19.8803, -36.9840, -43.9336, 0.621306, 0.781553, 0.056152, 0.024651, -0.780436, 0.610832, 0.133433, 0.007329, 0.069985, -0.126725, 0.989466, 0.186831, 0.000000, 0.000000, 0.000000, 1.000000, 0.069985, -0.126725, 0.989466, 0.255831, -0.621306, -0.781553, -0.056152, -0.015651, 0.780436, -0.610832, -0.133433, 0.249744, 0.000000, 0.000000, 0.000000, 1.000000, -0.984371, 0.172585, 0.035032, -0.019880, 0.028535, -0.039986, 0.998793, -0.036984, 0.173777, 0.984183, 0.034436, -0.043934, 0.000000, 0.000000, 0.000000, 1.000000
-6.4316, 24.4936, 7.5263, 186.7118, 255.7118, -15.4936, 249.5471, -19.8012, -37.1067, -43.9464, 0.621547, 0.781373, 0.055994, 0.024494, -0.780543, 0.611640, 0.129033, 0.007526, 0.066574, -0.123906, 0.990058, 0.186712, 0.000000, 0.000000, 0.000000, 1.000000, 0.066574, -0.123906, 0.990058, 0.255712, -0.621547, -0.781373, -0.055994, -0.015494, 0.780543, -0.611640, -0.129033, 0.249547, 0.000000, 0.000000, 0.000000, 1.000000, -0.984258, 0.173046, 0.035925, -0.019801, 0.029897, -0.037314, 0.998856, -0.037107, 0.174188, 0.984207, 0.031553, -0.043946, 0.000000, 0.000000, 0.000000, 1.000000
-6.1781, 24.3205, 7.7147, 186.7676, 255.7676, -15.3205, 249.3587, -19.7180, -37.0577, -43.9927, 0.621129, 0.781145, 0.063327, 0.024320, -0.781348, 0.610967, 0.127339, 0.007715, 0.060780, -0.128575, 0.989836, 0.186768, 0.000000, 0.000000, 0.000000, 1.000000, 0.060780, -0.128575, 0.989836, 0.255768, -0.621129, -0.781145, -0.063327, -0.015320, 0.781348, -0.610967, -0.127339, 0.249359, 0.000000, 0.000000, 0.000000, 1.000000, -0.984355, 0.172619, 0.035326, -0.019718, 0.028440, -0.042203, 0.998704, -0.037058, 0.173886, 0.984084, 0.036634, -0.043993, 0.000000, 0.000000, 0.000000, 1.000000
-5.9065, 24.2080, 7.9196, 186.6508, 255.6508, -15.2080, 249.1539, -19.6546, -37.1779, -43.9626, 0.620483, 0.782126, 0.057260, 0.024208, -0.781949, 0.611483, 0.121011, 0.007920, 0.059632, -0.119860, 0.990998, 0.186651, 0.000000, 0.000000, 0.000000, 1.000000, 0.059632, -0.119860, 0.990998, 0.255651, -0.620483, -0.782126, -0.057260, -0.015208, 0.781949, -0.611483, -0.121011, 0.249154, 0.000000, 0.000000, 0.000000, 1.000000, -0.984383, 0.172040, 0.037303, -0.019655, 0.031976, -0.033631, 0.998923, -0.037178, 0.173109, 0.984516, 0.027605, -0.043963, 0.000000, 0.000000, 0.000000, 1.000000
-5.6439, 24.0386, 8.1244, 186.7047, 255.7047, -15.0386, 248.9491, -19.5642, -37.1329, -43.9970, 0.620554, 0.781658, 0.062642, 0.024039, -0.782222, 0.611421, 0.119552, 0.008124, 0.055148, -0.123188, 0.990850, 0.186705, 0.000000, 0.000000, 0.000000, 1.000000, 0.055148, -0.123188, 0.990850, 0.255705, -0.620554, -0.781658, -0.062642, -0.015039, 0.782222, -0.611421, -0.119552, 0.248949, 0.000000, 0.000000, 0.000000, 1.000000, -0.984333, 0.172180, 0.037989, -0.019564, 0.032048, -0.037154, 0.998796, -0.037133, 0.173384, 0.984365, 0.031053, -0.043997, 0.000000, 0.000000, 0.000000, 1.000000
-5.3609, 23.9165, 8.3233, 186.6445, 255.6445, -14.9165, 248.7501, -19.5117, -37.2014, -43.9815, 0.619644, 0.782539, 0.060617, 0.023917, -0.783436, 0.611966, 0.108285, 0.008323, 0.047642, -0.114587, 0.992270, 0.186644, 0.000000, 0.000000, 0.000000, 1.000000, 0.047642, -0.114587, 0.992270, 0.255644, -0.619644, -0.782539, -0.060617, -0.014917, 0.783436, -0.611966, -0.108285, 0.248750, 0.000000, 0.000000, 0.000000, 1.000000, -0.984553, 0.171777, 0.033889, -0.019512, 0.029384, -0.028698, 0.999156, -0.037201, 0.172604, 0.984718, 0.023208, -0.043981, 0.000000, 0.000000, 0.000000, 1.000000
-5.1067, 23.7185, 8.5669, 186.7324, 255.7324, -14.7185, 248.5065, -19.3700, -37.1238, -44.0264, 0.619143, 0.781903, 0.072725, 0.023718, -0.784366, 0.611303, 0.105257, 0.008567, 0.037843, -0.122212, 0.991782, 0.186732, 0.000000, 0.000000, 0.000000, 1.000000, 0.037843, -0.122212, 0.991782, 0.255732, -0.619143, -0.781903, -0.072725, -0.014718, 0.784366, -0.611303, -0.105257, 0.248507, 0.000000, 0.000000, 0.000000, 1.000000, -0.984715, 0.171585, 0.029907, -0.019370, 0.023973, -0.036551, 0.999044, -0.037124, 0.172514, 0.984491, 0.031879, -0.044026, 0.000000, 0.000000, 0.000000, 1.000000
-4.8395, 23.5835, 8.7811, 186.7117, 255.7117, -14.5835, 248.2923, -19.2886, -37.1553, -44.0197, 0.618358, 0.782674, 0.071100, 0.023584, -0.785353, 0.612033, 0.092930, 0.008781, 0.029218, -0.113303, 0.993131, 0.186712, 0.000000, 0.000000, 0.000000, 1.000000, 0.029218, -0.113303, 0.993131, 0.255712, -0.618358, -0.782674, -0.071100, -0.014584, 0.785353, -0.612033, -0.092930, 0.248292, 0.000000, 0.000000, 0.000000, 1.000000, -0.984885, 0.171480, 0.024404, -0.019289, 0.019930, -0.027765, 0.999416, -0.037155, 0.172057, 0.984796, 0.023928, -0.044020, 0.000000, 0.000000, 0.000000, 1.000000
-4.5760, 23.4136, 8.9319, 186.6181, 255.6181, -14.4136, 248.1415, -19.2424, -37.2668, -44.0676, 0.618348, 0.782435, 0.073761, 0.023414, -0.785266, 0.611336, 0.098112, 0.008932, 0.031673, -0.118590, 0.992438, 0.186618, 0.000000, 0.000000, 0.000000, 1.000000, 0.031673, -0.118590, 0.992438, 0.255618, -0.618348, -0.782435, -0.073761, -0.014414, 0.785266, -0.611336, -0.098112, 0.248142, 0.000000, 0.000000, 0.000000, 1.000000, -0.984750, 0.170955, 0.032264, -0.019242, 0.026959, -0.033265, 0.999083, -0.037267, 0.171872, 0.984717, 0.028149, -0.044068, 0.000000, 0.000000, 0.000000, 1.000000
-4.3095, 23.3171, 9.1226, 186.5497, 255.5497, -14.3171, 247.9508, -19.2002, -37.3472, -44.0340, 0.618809, 0.782936, 0.063928, 0.023317, -0.784727, 0.612409, 0.095704, 0.009123, 0.035780, -0.109388, 0.993355, 0.186550, 0.000000, 0.000000, 0.000000, 1.000000, 0.035780, -0.109388, 0.993355, 0.255550, -0.618809, -0.782936, -0.063928, -0.014317, 0.784727, -0.612409, -0.095704, 0.247951, 0.000000, 0.000000, 0.000000, 1.000000, -0.984418, 0.171373, 0.039396, -0.019200, 0.035771, -0.024188, 0.999067, -0.037347, 0.172166, 0.984909, 0.017681, -0.044034, 0.000000, 0.000000, 0.000000, 1.000000
-4.0441, 23.0951, 9.3683, 186.6818, 255.6818, -14.0951, 247.7052, -19.0511, -37.2354, -44.1020, 0.617247, 0.782287, 0.083861, 0.023095, -0.786627, 0.611591, 0.084704, 0.009368, 0.014974, -0.118251, 0.992871, 0.186682, 0.000000, 0.000000, 0.000000, 1.000000, 0.014974, -0.118251, 0.992871, 0.255682, -0.617247, -0.782287, -0.083861, -0.014095, 0.786627, -0.611591, -0.084704, 0.247705, 0.000000, 0.000000, 0.000000, 1.000000, -0.984968, 0.170939, 0.024865, -0.019051, 0.019449, -0.033283, 0.999257, -0.037235, 0.171639, 0.984719, 0.029458, -0.044102, 0.000000, 0.000000, 0.000000, 1.000000
-3.7762, 22.9292, 9.7220, 186.7915, 255.7915, -13.9292, 247.3514, -18.8344, -37.1390, -44.0678, 0.614933, 0.782956, 0.094009, 0.022929, -0.788499, 0.612186, 0.059138, 0.009722, -0.011249, -0.110492, 0.993813, 0.186791, 0.000000, 0.000000, 0.000000, 1.000000, -0.011249, -0.110492, 0.993813, 0.255791, -0.614933, -0.782956, -0.094009, -0.013929, 0.788499, -0.612186, -0.059138, 0.247351, 0.000000, 0.000000, 0.000000, 1.000000, -0.985278, 0.170949, 0.002167, -0.018834, -0.002253, -0.025658, 0.999668, -0.037139, 0.170948, 0.984946, 0.025665, -0.044068, 0.000000, 0.000000, 0.000000, 1.000000
-3.4926, 22.8155, 9.8622, 186.6027, 255.6027, -13.8155, 247.2113, -18.8396, -37.3489, -44.0613, 0.615090, 0.783967, 0.084022, 0.022815, -0.788437, 0.612330, 0.058475, 0.009862, -0.005607, -0.102214, 0.994747, 0.186603, 0.000000, 0.000000, 0.000000, 1.000000, -0.005607, -0.102214, 0.994747, 0.255603, -0.615090, -0.783967, -0.084022, -0.013815, 0.788437, -0.612330, -0.058475, 0.247211, 0.000000, 0.000000, 0.000000, 1.000000, -0.985300, 0.170466, 0.011204, -0.018840, 0.008337, -0.017520, 0.999812, -0.037349, 0.170630, 0.985208, 0.015841, -0.044061, 0.000000, 0.000000, 0.000000, 1.000000
-3.2251, 22.7102, 10.1679, 186.4986, 255.4986, -13.7102, 246.9055, -18.6935, -37.4673, -43.9780, 0.614865, 0.785496, 0.070263, 0.022710, -0.788603, 0.613159, 0.046270, 0.010168, -0.006737, -0.083860, 0.996455, 0.186499, 0.000000, 0.000000, 0.000000, 1.000000, -0.006737, -0.083860, 0.996455, 0.255499, -0.614865, -0.785496, -0.070263, -0.013710, 0.788603, -0.613159, -0.046270, 0.246906, 0.000000, 0.000000, 0.000000, 1.000000, -0.985296, 0.170466, 0.011552, -0.018694, 0.011851, 0.000738, 0.999929, -0.037467, 0.170446, 0.985363, -0.002747, -0.043978, 0.000000, 0.000000, 0.000000, 1.000000
-2.9654, 22.5994, 10.2914, 186.4437, 255.4437, -13.5994, 246.7821, -18.7019, -37.5445, -43.9900, 0.615740, 0.785750, 0.058832, 0.022599, -0.787912, 0.613271, 0.055613, 0.010291, 0.007617, -0.080598, 0.996718, 0.186444, 0.000000, 0.000000, 0.000000, 1.000000, 0.007617, -0.080598, 0.996718, 0.255444, -0.615740, -0.785750, -0.058832, -0.013599, 0.787912, -0.613271, -0.055613, 0.246782, 0.000000, 0.000000, 0.000000, 1.000000, -0.984915, 0.170476, 0.029685, -0.018702, 0.030789, 0.003836, 0.999519, -0.037544, 0.170280, 0.985354, -0.009027, -0.043990, 0.000000, 0.000000, 0.000000, 1.000000
-2.6956, 22.0145, 10.3545, 186.6959, 255.6959, -13.0145, 246.7190, -18.5423, -37.3594, -44.4729, 0.611808, 0.775753, 0.154592, 0.022015, -0.790130, 0.608541, 0.073291, 0.010354, -0.037220, -0.166988, 0.985256, 0.186696, 0.000000, 0.000000, 0.000000, 1.000000, -0.037220, -0.166988, 0.985256, 0.255696, -0.611808, -0.775753, -0.154592, -0.013015, 0.790130, -0.608541, -0.073291, 0.246719, 0.000000, 0.000000, 0.000000, 1.000000, -0.985450, 0.169901, 0.004734, -0.018542, -0.009586, -0.083365, 0.996473, -0.037359, 0.169697, 0.981929, 0.083781, -0.044473, 0.000000, 0.000000, 0.000000, 1.000000
-2.4354, 22.3172, 10.5712, 186.4186, 255.4186, -13.3172, 246.5023, -18.6666, -37.6227, -44.0581, 0.617085, 0.784599, 0.060088, 0.022317, -0.786687, 0.613357, 0.070122, 0.010571, 0.018162, -0.090542, 0.995727, 0.186419, 0.000000, 0.000000, 0.000000, 1.000000, 0.018162, -0.090542, 0.995727, 0.255419, -0.617085, -0.784599, -0.060088, -0.013317, 0.786687, -0.613357, -0.070122, 0.246502, 0.000000, 0.000000, 0.000000, 1.000000, -0.983957, 0.170953, 0.051029, -0.018667, 0.050661, -0.006514, 0.998695, -0.037623, 0.171062, 0.985258, -0.002251, -0.044058, 0.000000, 0.000000, 0.000000, 1.000000
-2.1779, 21.7493, 10.6812, 186.6667, 255.6667, -12.7493, 246.3923, -18.4644, -37.4420, -44.5049, 0.612490, 0.775850, 0.151369, 0.021749, -0.789832, 0.608405, 0.077515, 0.010681, -0.031954, -0.167033, 0.985433, 0.186667, 0.000000, 0.000000, 0.000000, 1.000000, -0.031954, -0.167033, 0.985433, 0.255667, -0.612490, -0.775850, -0.151369, -0.012749, 0.789832, -0.608405, -0.077515, 0.246392, 0.000000, 0.000000, 0.000000, 1.000000, -0.985437, 0.168987, 0.018896, -0.018464, 0.004747, -0.083743, 0.996476, -0.037442, 0.169974, 0.982054, 0.081722, -0.044505, 0.000000, 0.000000, 0.000000, 1.000000
-1.9099, 22.0806, 10.9127, 186.3564, 255.3564, -13.0806, 246.1608, -18.5980, -37.7360, -44.0542, 0.616702, 0.785058, 0.057980, 0.022081, -0.787083, 0.613690, 0.062328, 0.010913, 0.013349, -0.084073, 0.996370, 0.186356, 0.000000, 0.000000, 0.000000, 1.000000, 0.013349, -0.084073, 0.996370, 0.255356, -0.616702, -0.785058, -0.057980, -0.013081, 0.787083, -0.613690, -0.062328, 0.246161, 0.000000, 0.000000, 0.000000, 1.000000, -0.983753, 0.171141, 0.054232, -0.018598, 0.054979, -0.000379, 0.998487, -0.037736, 0.170903, 0.985246, -0.009037, -0.044054, 0.000000, 0.000000, 0.000000, 1.000000
