# Joint_A_Angle(deg), Cam_X(mm), Cam_Y(mm), Cam_Z(mm), Torso_X(mm), Torso_Y(mm), Torso_Z(mm), EE_X(mm), EE_Y(mm), EE_Z(mm), T_cam2marker_flat(16), T_torso2marker_flat(16), T_ee2marker_flat(16)
-19.2675, 40.5024, -36.6615, 195.7501, 264.7508, -31.5024, 293.7331, 102.6792, -1.7948, -8.4714, 0.832482, 0.513292, 0.208577, 0.040502, -0.536662, 0.840610, 0.073274, -0.036662, -0.137721, -0.172935, 0.975257, 0.195750, 0.000000, 0.000000, 0.000000, 1.000000, -0.137717, -0.172941, 0.975257, 0.264751, -0.832482, -0.513292, -0.208577, -0.031502, 0.536663, -0.840608, -0.073282, 0.293733, 0.000000, 0.000000, 0.000000, 1.000000, -0.025090, -0.039481, -0.998905, 0.102679, -0.998613, 0.047259, 0.023215, -0.001795, 0.046291, 0.998102, -0.040612, -0.008471, 0.000000, 0.000000, 0.000000, 1.000000
-18.7783, 39.5826, -36.0271, 195.8704, 264.8712, -30.5826, 293.0987, 102.7337, -1.8120, -8.4714, 0.827793, 0.520700, 0.208878, 0.039583, -0.543733, 0.836335, 0.069987, -0.036027, -0.138249, -0.171509, 0.975434, 0.195870, 0.000000, 0.000000, 0.000000, 1.000000, -0.138245, -0.171515, 0.975434, 0.264871, -0.827793, -0.520700, -0.208878, -0.030583, 0.543734, -0.836334, -0.069995, 0.293099, 0.000000, 0.000000, 0.000000, 1.000000, -0.022754, -0.042307, -0.998846, 0.102734, -0.998652, 0.047588, 0.020734, -0.001812, 0.046655, 0.997971, -0.043332, -0.008471, 0.000000, 0.000000, 0.000000, 1.000000
-18.2285, 38.5438, -35.3340, 195.9379, 264.9386, -29.5438, 292.4056, 102.8634, -1.8495, -8.4863, 0.822615, 0.528266, 0.210329, 0.038544, -0.551775, 0.830968, 0.070968, -0.035334, -0.137287, -0.174434, 0.975051, 0.195938, 0.000000, 0.000000, 0.000000, 1.000000, -0.137283, -0.174440, 0.975051, 0.264939, -0.822615, -0.528266, -0.210329, -0.029544, 0.551776, -0.830966, -0.070975, 0.292406, 0.000000, 0.000000, 0.000000, 1.000000, -0.021642, -0.040877, -0.998930, 0.102863, -0.998674, 0.047558, 0.019691, -0.001850, 0.046702, 0.998032, -0.041852, -0.008486, 0.000000, 0.000000, 0.000000, 1.000000
-17.5843, 37.4752, -34.6099, 196.0632, 265.0639, -28.4752, 291.6815, 102.9420, -2.0568, -8.5147, 0.817760, 0.535480, 0.211022, 0.037475, -0.559495, 0.825597, 0.073180, -0.034610, -0.135033, -0.177909, 0.974738, 0.196063, 0.000000, 0.000000, 0.000000, 1.000000, -0.135029, -0.177916, 0.974738, 0.265064, -0.817760, -0.535480, -0.211022, -0.028475, 0.559496, -0.825595, -0.073187, 0.291682, 0.000000, 0.000000, 0.000000, 1.000000, -0.021886, -0.038827, -0.999006, 0.102942, -0.998581, 0.049372, 0.019958, -0.002057, 0.048548, 0.998026, -0.039852, -0.008515, 0.000000, 0.000000, 0.000000, 1.000000
-16.7790, 36.3050, -33.8057, 196.2370, 265.2377, -27.3050, 290.8773, 102.9917, -2.5058, -8.5550, 0.811710, 0.544285, 0.211852, 0.036305, -0.568330, 0.819673, 0.071673, -0.033806, -0.134639, -0.178580, 0.974670, 0.196237, 0.000000, 0.000000, 0.000000, 1.000000, -0.134635, -0.178586, 0.974669, 0.265238, -0.811710, -0.544285, -0.211852, -0.027305, 0.568331, -0.819671, -0.071681, 0.290877, 0.000000, 0.000000, 0.000000, 1.000000, -0.019935, -0.039827, -0.999008, 0.102992, -0.998445, 0.052823, 0.017818, -0.002506, 0.052061, 0.997809, -0.040818, -0.008555, 0.000000, 0.000000, 0.000000, 1.000000
-16.2768, 34.8153, -32.7317, 196.4432, 265.4439, -25.8153, 289.8033, 103.0648, -1.8316, -8.6060, 0.803890, 0.556669, 0.209477, 0.034815, -0.580083, 0.811598, 0.069368, -0.032732, -0.131396, -0.177278, 0.975350, 0.196443, 0.000000, 0.000000, 0.000000, 1.000000, -0.131391, -0.177285, 0.975349, 0.265444, -0.803890, -0.556669, -0.209477, -0.025815, 0.580084, -0.811597, -0.069376, 0.289803, 0.000000, 0.000000, 0.000000, 1.000000, -0.020019, -0.043421, -0.998856, 0.103065, -0.998725, 0.047182, 0.017965, -0.001832, 0.046348, 0.997942, -0.044310, -0.008606, 0.000000, 0.000000, 0.000000, 1.000000
-15.6499, 33.8091, -31.9961, 196.6368, 265.6375, -24.8091, 289.0677, 103.0609, -2.0339, -8.6490, 0.798585, 0.563279, 0.212080, 0.033809, -0.587448, 0.806148, 0.070922, -0.031996, -0.131019, -0.181224, 0.974675, 0.196637, 0.000000, 0.000000, 0.000000, 1.000000, -0.131015, -0.181230, 0.974675, 0.265637, -0.798585, -0.563279, -0.212080, -0.024809, 0.587449, -0.806147, -0.070930, 0.289068, 0.000000, 0.000000, 0.000000, 1.000000, -0.018374, -0.040761, -0.999000, 0.103061, -0.998661, 0.049069, 0.016365, -0.002034, 0.048353, 0.997963, -0.041608, -0.008649, 0.000000, 0.000000, 0.000000, 1.000000
-15.1091, 32.7038, -31.1518, 196.7767, 265.7774, -23.7038, 288.2234, 103.1234, -1.8995, -8.6704, 0.792641, 0.571410, 0.212630, 0.032704, -0.595895, 0.799833, 0.071950, -0.031152, -0.128956, -0.183736, 0.974480, 0.196777, 0.000000, 0.000000, 0.000000, 1.000000, -0.128951, -0.183742, 0.974480, 0.265777, -0.792641, -0.571410, -0.212630, -0.023704, 0.595896, -0.799831, -0.071957, 0.288223, 0.000000, 0.000000, 0.000000, 1.000000, -0.018095, -0.039781, -0.999045, 0.103123, -0.998719, 0.047951, 0.016179, -0.001899, 0.047261, 0.998057, -0.040598, -0.008670, 0.000000, 0.000000, 0.000000, 1.000000
-14.4882, 31.7247, -30.3785, 196.9188, 265.9195, -22.7247, 287.4501, 103.1588, -2.0934, -8.6814, 0.787209, 0.578738, 0.212989, 0.031725, -0.603384, 0.794180, 0.072153, -0.030379, -0.127394, -0.185313, 0.974387, 0.196919, 0.000000, 0.000000, 0.000000, 1.000000, -0.127389, -0.185319, 0.974386, 0.265919, -0.787209, -0.578738, -0.212989, -0.022725, 0.603385, -0.794178, -0.072160, 0.287450, 0.000000, 0.000000, 0.000000, 1.000000, -0.017549, -0.039564, -0.999063, 0.103159, -0.998658, 0.049392, 0.015586, -0.002093, 0.048729, 0.997996, -0.040378, -0.008681, 0.000000, 0.000000, 0.000000, 1.000000
-13.8472, 30.5800, -29.4907, 197.1500, 266.1507, -21.5800, 286.5623, 103.1391, -2.1248, -8.7395, 0.780834, 0.588622, 0.209338, 0.030580, -0.612296, 0.787583, 0.069332, -0.029491, -0.124061, -0.182313, 0.975382, 0.197150, 0.000000, 0.000000, 0.000000, 1.000000, -0.124056, -0.182319, 0.975382, 0.266151, -0.780834, -0.588622, -0.209338, -0.021580, 0.612297, -0.787581, -0.069339, 0.286562, 0.000000, 0.000000, 0.000000, 1.000000, -0.018343, -0.044309, -0.998849, 0.103139, -0.998655, 0.049262, 0.016155, -0.002125, 0.048490, 0.997803, -0.045153, -0.008739, 0.000000, 0.000000, 0.000000, 1.000000
-13.1583, 29.5172, -28.5929, 197.3011, 266.3018, -20.5172, 285.6645, 103.1751, -2.3339, -8.7345, 0.774902, 0.597697, 0.205631, 0.029517, -0.620714, 0.780991, 0.069041, -0.028593, -0.119331, -0.181138, 0.976191, 0.197301, 0.000000, 0.000000, 0.000000, 1.000000, -0.119326, -0.181144, 0.976191, 0.266302, -0.774902, -0.597697, -0.205631, -0.020517, 0.620715, -0.780990, -0.069048, 0.285664, 0.000000, 0.000000, 0.000000, 1.000000, -0.020641, -0.047093, -0.998677, 0.103175, -0.998565, 0.050336, 0.018265, -0.002334, 0.049409, 0.997621, -0.048065, -0.008735, 0.000000, 0.000000, 0.000000, 1.000000
-12.5759, 28.1863, -27.5522, 197.3739, 266.3745, -19.1863, 284.6237, 103.3404, -2.0125, -8.7939, 0.767406, 0.604851, 0.212706, 0.028186, -0.630024, 0.772936, 0.075095, -0.027552, -0.118988, -0.191638, 0.974226, 0.197374, 0.000000, 0.000000, 0.000000, 1.000000, -0.118983, -0.191644, 0.974226, 0.266375, -0.767406, -0.604851, -0.212706, -0.019186, 0.630025, -0.772935, -0.075102, 0.284624, 0.000000, 0.000000, 0.000000, 1.000000, -0.018236, -0.038009, -0.999111, 0.103340, -0.998687, 0.048529, 0.016382, -0.002012, 0.047863, 0.998098, -0.038844, -0.008794, 0.000000, 0.000000, 0.000000, 1.000000
-12.0691, 27.1029, -26.6414, 197.6016, 266.6023, -18.1029, 283.7130, 103.3066, -1.7650, -8.8494, 0.760649, 0.614606, 0.208979, 0.027103, -0.638874, 0.765831, 0.073091, -0.026641, -0.115120, -0.189108, 0.975185, 0.197602, 0.000000, 0.000000, 0.000000, 1.000000, -0.115115, -0.189114, 0.975184, 0.266602, -0.760649, -0.614606, -0.208979, -0.018103, 0.638875, -0.765830, -0.073099, 0.283713, 0.000000, 0.000000, 0.000000, 1.000000, -0.019455, -0.042221, -0.998919, 0.103307, -0.998798, 0.045775, 0.017518, -0.001765, 0.044986, 0.998059, -0.043061, -0.008849, 0.000000, 0.000000, 0.000000, 1.000000
-11.4465, 26.3346, -25.9973, 197.6323, 266.6330, -17.3346, 283.0689, 103.4088, -2.2220, -8.8593, 0.755286, 0.619684, 0.213391, 0.026335, -0.644408, 0.761527, 0.069386, -0.025997, -0.119506, -0.189917, 0.974500, 0.197632, 0.000000, 0.000000, 0.000000, 1.000000, -0.119501, -0.189923, 0.974499, 0.266633, -0.755286, -0.619684, -0.213391, -0.017335, 0.644409, -0.761526, -0.069394, 0.283069, 0.000000, 0.000000, 0.000000, 1.000000, -0.013376, -0.042308, -0.999015, 0.103409, -0.998690, 0.049921, 0.011257, -0.002222, 0.049396, 0.997857, -0.042921, -0.008859, 0.000000, 0.000000, 0.000000, 1.000000
-10.8090, 25.2444, -25.0129, 197.7896, 266.7903, -16.2444, 282.0845, 103.4377, -2.2349, -8.8710, 0.748310, 0.628109, 0.213336, 0.025244, -0.652772, 0.754461, 0.068399, -0.025013, -0.117992, -0.190444, 0.974582, 0.197790, 0.000000, 0.000000, 0.000000, 1.000000, -0.117987, -0.190449, 0.974581, 0.266790, -0.748310, -0.628109, -0.213336, -0.016244, 0.652772, -0.754459, -0.068407, 0.282084, 0.000000, 0.000000, 0.000000, 1.000000, -0.012317, -0.043246, -0.998989, 0.103438, -0.998694, 0.050066, 0.010146, -0.002235, 0.049577, 0.997809, -0.043806, -0.008871, 0.000000, 0.000000, 0.000000, 1.000000
-10.1292, 24.2012, -24.0746, 197.9902, 266.9909, -15.2012, 281.1461, 103.4174, -2.4078, -8.9093, 0.741880, 0.636823, 0.209927, 0.024201, -0.661113, 0.746979, 0.070374, -0.024075, -0.111995, -0.190994, 0.975181, 0.197990, 0.000000, 0.000000, 0.000000, 1.000000, -0.111990, -0.191000, 0.975181, 0.266991, -0.741880, -0.636823, -0.209927, -0.015201, 0.661114, -0.746977, -0.070381, 0.281146, 0.000000, 0.000000, 0.000000, 1.000000, -0.015719, -0.044195, -0.998899, 0.103417, -0.998635, 0.050457, 0.013482, -0.002408, 0.049806, 0.997748, -0.044928, -0.008909, 0.000000, 0.000000, 0.000000, 1.000000
-9.6393, 22.9841, -22.9928, 198.1204, 267.1211, -13.9841, 280.0643, 103.4951, -1.9231, -8.9686, 0.734191, 0.645749, 0.209694, 0.022984, -0.670222, 0.738670, 0.071895, -0.022993, -0.108469, -0.193326, 0.975120, 0.198120, 0.000000, 0.000000, 0.000000, 1.000000, -0.108463, -0.193332, 0.975120, 0.267121, -0.734191, -0.645749, -0.209694, -0.013984, 0.670223, -0.738669, -0.071903, 0.280064, 0.000000, 0.000000, 0.000000, 1.000000, -0.016353, -0.043402, -0.998924, 0.103495, -0.998810, 0.046615, 0.014326, -0.001923, 0.045944, 0.997970, -0.044112, -0.008969, 0.000000, 0.000000, 0.000000, 1.000000
-9.1836, 22.2222, -22.2562, 198.1549, 267.1555, -13.2222, 279.3278, 103.5836, -1.9320, -8.9575, 0.729183, 0.649679, 0.214964, 0.022222, -0.675431, 0.733744, 0.073571, -0.022256, -0.109931, -0.198840, 0.973847, 0.198155, 0.000000, 0.000000, 0.000000, 1.000000, -0.109926, -0.198846, 0.973846, 0.267155, -0.729183, -0.649679, -0.214964, -0.013222, 0.675432, -0.733743, -0.073579, 0.279328, 0.000000, 0.000000, 0.000000, 1.000000, -0.013210, -0.038610, -0.999167, 0.103584, -0.998797, 0.047707, 0.011362, -0.001932, 0.047229, 0.998115, -0.039193, -0.008957, 0.000000, 0.000000, 0.000000, 1.000000
-8.6209, 21.4396, -21.5634, 198.1949, 267.1955, -12.4396, 278.6350, 103.6758, -2.2078, -8.9965, 0.723413, 0.656063, 0.215070, 0.021440, -0.681369, 0.728675, 0.069068, -0.021563, -0.111403, -0.196507, 0.974153, 0.198195, 0.000000, 0.000000, 0.000000, 1.000000, -0.111398, -0.196512, 0.974153, 0.267196, -0.723413, -0.656063, -0.215070, -0.012440, 0.681369, -0.728673, -0.069076, 0.278635, 0.000000, 0.000000, 0.000000, 1.000000, -0.009799, -0.041981, -0.999070, 0.103676, -0.998733, 0.049733, 0.007706, -0.002208, 0.049363, 0.997880, -0.042415, -0.008996, 0.000000, 0.000000, 0.000000, 1.000000
-8.0545, 20.4374, -20.5941, 198.3510, 267.3516, -11.4374, 277.6657, 103.6854, -2.1306, -9.0333, 0.716891, 0.663557, 0.213915, 0.020437, -0.689114, 0.720966, 0.073009, -0.020594, -0.105780, -0.199751, 0.974120, 0.198351, 0.000000, 0.000000, 0.000000, 1.000000, -0.105775, -0.199757, 0.974120, 0.267352, -0.716891, -0.663557, -0.213915, -0.011437, 0.689115, -0.720964, -0.073017, 0.277666, 0.000000, 0.000000, 0.000000, 1.000000, -0.012873, -0.040007, -0.999117, 0.103685, -0.998761, 0.048559, 0.010924, -0.002131, 0.048079, 0.998019, -0.040582, -0.009033, 0.000000, 0.000000, 0.000000, 1.000000
-7.5458, 19.4427, -19.5863, 198.5358, 267.5364, -10.4427, 276.6578, 103.6618, -1.8938, -9.0624, 0.709450, 0.671936, 0.212562, 0.019443, -0.696902, 0.713776, 0.069651, -0.019586, -0.104921, -0.197549, 0.974662, 0.198536, 0.000000, 0.000000, 0.000000, 1.000000, -0.104915, -0.197554, 0.974662, 0.267536, -0.709450, -0.671936, -0.212562, -0.010443, 0.696903, -0.713774, -0.069658, 0.276658, 0.000000, 0.000000, 0.000000, 1.000000, -0.011121, -0.043553, -0.998989, 0.103662, -0.998866, 0.046740, 0.009082, -0.001894, 0.046298, 0.997957, -0.044023, -0.009062, 0.000000, 0.000000, 0.000000, 1.000000
-7.0032, 18.6749, -18.8445, 198.5500, 267.5506, -9.6749, 275.9160, 103.7708, -2.1020, -9.0827, 0.703804, 0.677576, 0.213426, 0.018675, -0.702360, 0.708754, 0.066016, -0.018844, -0.106536, -0.196364, 0.974726, 0.198550, 0.000000, 0.000000, 0.000000, 1.000000, -0.106530, -0.196369, 0.974726, 0.267551, -0.703804, -0.677576, -0.213426, -0.009675, 0.702361, -0.708753, -0.066023, 0.275916, 0.000000, 0.000000, 0.000000, 1.000000, -0.007648, -0.045635, -0.998929, 0.103771, -0.998792, 0.048840, 0.005416, -0.002102, 0.048541, 0.997764, -0.045953, -0.009083, 0.000000, 0.000000, 0.000000, 1.000000
-6.4318, 17.7960, -17.9618, 198.5518, 267.5523, -8.7960, 275.0334, 103.9063, -2.2015, -9.0921, 0.697338, 0.683571, 0.215523, 0.017796, -0.709345, 0.701290, 0.070860, -0.017962, -0.102707, -0.202293, 0.973924, 0.198552, 0.000000, 0.000000, 0.000000, 1.000000, -0.102701, -0.202299, 0.973924, 0.267552, -0.697338, -0.683571, -0.215523, -0.008796, 0.709346, -0.701289, -0.070867, 0.275033, 0.000000, 0.000000, 0.000000, 1.000000, -0.009077, -0.040722, -0.999129, 0.103906, -0.998789, 0.048684, 0.007089, -0.002201, 0.048353, 0.997984, -0.041114, -0.009092, 0.000000, 0.000000, 0.000000, 1.000000
-5.8137, 16.8593, -16.9441, 198.9366, 267.9371, -7.8593, 274.0157, 103.6745, -2.2344, -9.1587, 0.690097, 0.693443, 0.207129, 0.016859, -0.717133, 0.693731, 0.066761, -0.016944, -0.097397, -0.194611, 0.976033, 0.198937, 0.000000, 0.000000, 0.000000, 1.000000, -0.097391, -0.194616, 0.976033, 0.267937, -0.690097, -0.693443, -0.207129, -0.007859, 0.717134, -0.693730, -0.066769, 0.274016, 0.000000, 0.000000, 0.000000, 1.000000, -0.011665, -0.049888, -0.998687, 0.103675, -0.998801, 0.048063, 0.009265, -0.002234, 0.047538, 0.997598, -0.050388, -0.009159, 0.000000, 0.000000, 0.000000, 1.000000
-5.2362, 15.9706, -16.0473, 198.7532, 267.7538, -6.9706, 273.1189, 103.9897, -2.3503, -9.1439, 0.683722, 0.696904, 0.216448, 0.015971, -0.722921, 0.687312, 0.070623, -0.016047, -0.099549, -0.204761, 0.973736, 0.198753, 0.000000, 0.000000, 0.000000, 1.000000, -0.099544, -0.204767, 0.973736, 0.267754, -0.683722, -0.696904, -0.216448, -0.006971, 0.722922, -0.687310, -0.070631, 0.273119, 0.000000, 0.000000, 0.000000, 1.000000, -0.007461, -0.040370, -0.999157, 0.103990, -0.998731, 0.050060, 0.005435, -0.002350, 0.049799, 0.997930, -0.040693, -0.009144, 0.000000, 0.000000, 0.000000, 1.000000
-4.6662, 15.0478, -15.0003, 199.0798, 268.0803, -6.0478, 272.0718, 103.8079, -2.2654, -9.1969, 0.676625, 0.705731, 0.210055, 0.015048, -0.730471, 0.679259, 0.070842, -0.015000, -0.092686, -0.201373, 0.975120, 0.199080, 0.000000, 0.000000, 0.000000, 1.000000, -0.092681, -0.201378, 0.975119, 0.268080, -0.676625, -0.705731, -0.210055, -0.006048, 0.730472, -0.679258, -0.070850, 0.272072, 0.000000, 0.000000, 0.000000, 1.000000, -0.011604, -0.045091, -0.998915, 0.103808, -0.998778, 0.048507, 0.009413, -0.002265, 0.048030, 0.997805, -0.045599, -0.009197, 0.000000, 0.000000, 0.000000, 1.000000
-4.0931, 14.1905, -14.1191, 198.9913, 267.9918, -5.1905, 271.1906, 104.0252, -2.3953, -9.2174, 0.669982, 0.711057, 0.213357, 0.014190, -0.736581, 0.672550, 0.071593, -0.014119, -0.092587, -0.205120, 0.974348, 0.198991, 0.000000, 0.000000, 0.000000, 1.000000, -0.092581, -0.205126, 0.974347, 0.267992, -0.669982, -0.711057, -0.213357, -0.005190, 0.736581, -0.672548, -0.071600, 0.271191, 0.000000, 0.000000, 0.000000, 1.000000, -0.009476, -0.042184, -0.999065, 0.104025, -0.998741, 0.049619, 0.007377, -0.002395, 0.049261, 0.997877, -0.042601, -0.009217, 0.000000, 0.000000, 0.000000, 1.000000
-3.5101, 13.2170, -13.0403, 199.0099, 268.0104, -4.2170, 270.1119, 104.1500, -2.3140, -9.2380, 0.661816, 0.717533, 0.217131, 0.013217, -0.743885, 0.664464, 0.071572, -0.013040, -0.092920, -0.208888, 0.973515, 0.199010, 0.000000, 0.000000, 0.000000, 1.000000, -0.092915, -0.208893, 0.973514, 0.268010, -0.661816, -0.717533, -0.217131, -0.004217, 0.743886, -0.664462, -0.071580, 0.270112, 0.000000, 0.000000, 0.000000, 1.000000, -0.006438, -0.039416, -0.999202, 0.104150, -0.998783, 0.049122, 0.004497, -0.002314, 0.048905, 0.998015, -0.039685, -0.009238, 0.000000, 0.000000, 0.000000, 1.000000
-2.9418, 12.4074, -12.1100, 199.0723, 268.0728, -3.4074, 269.1816, 104.2054, -2.4125, -9.2549, 0.655300, 0.723401, 0.217423, 0.012407, -0.750057, 0.657230, 0.073917, -0.012110, -0.089426, -0.211517, 0.973275, 0.199072, 0.000000, 0.000000, 0.000000, 1.000000, -0.089420, -0.211522, 0.973274, 0.268073, -0.655300, -0.723401, -0.217423, -0.003407, 0.750057, -0.657228, -0.073924, 0.269182, 0.000000, 0.000000, 0.000000, 1.000000, -0.007607, -0.037675, -0.999261, 0.104205, -0.998757, 0.049515, 0.005737, -0.002413, 0.049262, 0.998063, -0.038005, -0.009255, 0.000000, 0.000000, 0.000000, 1.000000
-2.3193, 11.5160, -11.0367, 199.2463, 268.2468, -2.5160, 268.1082, 104.1603, -2.4671, -9.2835, 0.647538, 0.731087, 0.214958, 0.011516, -0.757138, 0.649173, 0.072912, -0.011037, -0.086240, -0.209966, 0.973898, 0.199246, 0.000000, 0.000000, 0.000000, 1.000000, -0.086234, -0.209971, 0.973897, 0.268247, -0.647538, -0.731087, -0.214958, -0.002516, 0.757139, -0.649172, -0.072919, 0.268108, 0.000000, 0.000000, 0.000000, 1.000000, -0.008083, -0.040339, -0.999153, 0.104160, -0.998758, 0.049445, 0.006083, -0.002467, 0.049157, 0.997962, -0.040688, -0.009284, 0.000000, 0.000000, 0.000000, 1.000000
-1.7869, 10.7074, -10.0684, 199.2588, 268.2593, -1.7074, 267.1400, 104.2600, -2.4576, -9.2899, 0.639854, 0.737076, 0.217501, 0.010707, -0.763334, 0.642321, 0.068888, -0.010068, -0.088930, -0.210104, 0.973626, 0.199259, 0.000000, 0.000000, 0.000000, 1.000000, -0.088924, -0.210109, 0.973625, 0.268259, -0.639854, -0.737076, -0.217501, -0.001707, 0.763335, -0.642319, -0.068895, 0.267140, 0.000000, 0.000000, 0.000000, 1.000000, -0.002997, -0.041063, -0.999152, 0.104260, -0.998766, 0.049655, 0.000955, -0.002458, 0.049574, 0.997922, -0.041161, -0.009290, 0.000000, 0.000000, 0.000000, 1.000000
-1.3882, 9.8253, -8.9894, 199.4372, 268.4378, -0.8253, 266.0609, 104.2078, -1.9901, -9.3459, 0.633150, 0.743640, 0.214757, 0.009825, -0.769998, 0.633404, 0.076829, -0.008989, -0.078895, -0.214006, 0.973641, 0.199437, 0.000000, 0.000000, 0.000000, 1.000000, -0.078889, -0.214011, 0.973641, 0.268438, -0.633150, -0.743640, -0.214757, -0.000825, 0.769998, -0.633402, -0.076836, 0.266061, 0.000000, 0.000000, 0.000000, 1.000000, -0.010378, -0.038111, -0.999220, 0.104208, -0.998938, 0.045257, 0.008649, -0.001990, 0.044892, 0.998248, -0.038540, -0.009346, 0.000000, 0.000000, 0.000000, 1.000000
-0.8426, 9.2946, -8.3292, 199.5253, 268.5258, -0.2946, 265.4008, 104.1940, -2.4189, -9.3634, 0.628006, 0.748364, 0.213448, 0.009295, -0.773850, 0.629526, 0.069659, -0.008329, -0.082241, -0.208923, 0.974468, 0.199525, 0.000000, 0.000000, 0.000000, 1.000000, -0.082235, -0.208928, 0.974467, 0.268526, -0.628006, -0.748364, -0.213448, -0.000295, 0.773851, -0.629525, -0.069666, 0.265401, 0.000000, 0.000000, 0.000000, 1.000000, -0.005512, -0.043829, -0.999024, 0.104194, -0.998781, 0.049239, 0.003350, -0.002419, 0.049044, 0.997825, -0.044047, -0.009363, 0.000000, 0.000000, 0.000000, 1.000000
-0.2095, 8.4011, -7.2180, 199.4689, 268.4694, 0.5989, 264.2896, 104.3680, -2.4873, -9.3635, 0.619653, 0.754311, 0.216897, 0.008401, -0.780749, 0.620692, 0.071919, -0.007218, -0.080377, -0.213907, 0.973542, 0.199469, 0.000000, 0.000000, 0.000000, 1.000000, -0.080371, -0.213912, 0.973541, 0.268469, -0.619653, -0.754311, -0.216897, 0.000599, 0.780750, -0.620690, -0.071926, 0.264290, 0.000000, 0.000000, 0.000000, 1.000000, -0.004583, -0.039688, -0.999202, 0.104368, -0.998781, 0.049282, 0.002624, -0.002487, 0.049139, 0.997996, -0.039865, -0.009364, 0.000000, 0.000000, 0.000000, 1.000000
0.3192, 7.5342, -6.0653, 199.7757, 268.7762, 1.4658, 263.1369, 104.1815, -2.2677, -9.4320, 0.611735, 0.762524, 0.210562, 0.007534, -0.787645, 0.611835, 0.072620, -0.006065, -0.073455, -0.210273, 0.974879, 0.199776, 0.000000, 0.000000, 0.000000, 1.000000, -0.073449, -0.210277, 0.974879, 0.268776, -0.611735, -0.762524, -0.210562, 0.001466, 0.787645, -0.611833, -0.072628, 0.263137, 0.000000, 0.000000, 0.000000, 1.000000, -0.008640, -0.044417, -0.998976, 0.104182, -0.998883, 0.046804, 0.006558, -0.002268, 0.046465, 0.997916, -0.044772, -0.009432, 0.000000, 0.000000, 0.000000, 1.000000
0.8475, 6.7499, -5.1132, 199.6020, 268.6025, 2.2501, 262.1847, 104.4562, -2.2925, -9.4402, 0.604059, 0.766677, 0.217531, 0.006750, -0.793230, 0.604721, 0.071404, -0.005113, -0.076802, -0.215685, 0.973438, 0.199602, 0.000000, 0.000000, 0.000000, 1.000000, -0.076795, -0.215689, 0.973438, 0.268602, -0.604059, -0.766677, -0.217531, 0.002250, 0.793231, -0.604719, -0.071412, 0.262185, 0.000000, 0.000000, 0.000000, 1.000000, -0.002979, -0.039576, -0.999212, 0.104456, -0.998873, 0.047443, 0.001099, -0.002292, 0.047362, 0.998090, -0.039673, -0.009440, 0.000000, 0.000000, 0.000000, 1.000000
1.4021, 6.1573, -4.3032, 199.7045, 268.7050, 2.8427, 261.3748, 104.4300, -2.5862, -9.4571, 0.597912, 0.771630, 0.216998, 0.006157, -0.798119, 0.598176, 0.072050, -0.004303, -0.074207, -0.216269, 0.973510, 0.199704, 0.000000, 0.000000, 0.000000, 1.000000, -0.074201, -0.216274, 0.973509, 0.268705, -0.597912, -0.771630, -0.216998, 0.002843, 0.798120, -0.598174, -0.072057, 0.261375, 0.000000, 0.000000, 0.000000, 1.000000, -0.003492, -0.039640, -0.999208, 0.104430, -0.998803, 0.048884, 0.001551, -0.002586, 0.048784, 0.998018, -0.039763, -0.009457, 0.000000, 0.000000, 0.000000, 1.000000
1.9455, 5.2827, -3.1229, 199.7070, 268.7074, 3.7173, 260.1945, 104.5361, -2.3969, -9.4772, 0.589882, 0.777413, 0.218331, 0.005283, -0.804289, 0.589710, 0.073224, -0.003123, -0.071827, -0.218794, 0.973124, 0.199707, 0.000000, 0.000000, 0.000000, 1.000000, -0.071821, -0.218799, 0.973123, 0.268707, -0.589882, -0.777413, -0.218331, 0.003717, 0.804289, -0.589709, -0.073231, 0.260194, 0.000000, 0.000000, 0.000000, 1.000000, -0.003210, -0.037862, -0.999278, 0.104536, -0.998848, 0.047957, 0.001391, -0.002397, 0.047870, 0.998132, -0.037973, -0.009477, 0.000000, 0.000000, 0.000000, 1.000000
2.4815, 4.5733, -2.1068, 199.8957, 268.8962, 4.4267, 259.1784, 104.4368, -2.4072, -9.5179, 0.582806, 0.783769, 0.214579, 0.004573, -0.809865, 0.581912, 0.074143, -0.002107, -0.066755, -0.216991, 0.973888, 0.199896, 0.000000, 0.000000, 0.000000, 1.000000, -0.066749, -0.216996, 0.973888, 0.268896, -0.582806, -0.783769, -0.214579, 0.004427, 0.809865, -0.581910, -0.074151, 0.259178, 0.000000, 0.000000, 0.000000, 1.000000, -0.005815, -0.040462, -0.999164, 0.104437, -0.998868, 0.047417, 0.003893, -0.002407, 0.047220, 0.998055, -0.040691, -0.009518, 0.000000, 0.000000, 0.000000, 1.000000
3.0703, 3.9009, -1.1335, 199.8927, 268.8931, 5.0991, 258.2051, 104.5171, -2.6094, -9.5109, 0.575529, 0.788876, 0.215501, 0.003901, -0.814988, 0.575051, 0.071483, -0.001134, -0.067533, -0.216772, 0.973884, 0.199893, 0.000000, 0.000000, 0.000000, 1.000000, -0.067527, -0.216776, 0.973883, 0.268893, -0.575529, -0.788876, -0.215501, 0.005099, 0.814989, -0.575050, -0.071491, 0.258205, 0.000000, 0.000000, 0.000000, 1.000000, -0.002773, -0.041310, -0.999143, 0.104517, -0.998790, 0.049167, 0.000740, -0.002609, 0.049095, 0.997936, -0.041397, -0.009511, 0.000000, 0.000000, 0.000000, 1.000000
3.6371, 3.1818, -0.1263, 199.8745, 268.8749, 5.8182, 257.1978, 104.6204, -2.7077, -9.5313, 0.568469, 0.793158, 0.218504, 0.003182, -0.820397, 0.566395, 0.078396, -0.000126, -0.061579, -0.223826, 0.972682, 0.199875, 0.000000, 0.000000, 0.000000, 1.000000, -0.061572, -0.223830, 0.972681, 0.268875, -0.568469, -0.793158, -0.218504, 0.005818, 0.820397, -0.566393, -0.078404, 0.257198, 0.000000, 0.000000, 0.000000, 1.000000, -0.006249, -0.034774, -0.999376, 0.104620, -0.998786, 0.049054, 0.004538, -0.002708, 0.048865, 0.998191, -0.035039, -0.009531, 0.000000, 0.000000, 0.000000, 1.000000
4.2086, 2.3857, 1.1050, 200.2381, 269.2386, 6.6143, 255.9666, 104.3541, -2.5668, -9.6100, 0.559002, 0.801750, 0.211456, 0.002386, -0.826940, 0.557742, 0.071372, 0.001105, -0.060715, -0.214759, 0.974778, 0.200238, 0.000000, 0.000000, 0.000000, 1.000000, -0.060709, -0.214763, 0.974778, 0.269239, -0.559002, -0.801750, -0.211456, 0.006614, 0.826941, -0.557740, -0.071380, 0.255967, 0.000000, 0.000000, 0.000000, 1.000000, -0.004111, -0.044854, -0.998985, 0.104354, -0.998863, 0.047638, 0.001972, -0.002567, 0.047501, 0.997857, -0.044999, -0.009610, 0.000000, 0.000000, 0.000000, 1.000000
4.8254, 1.7181, 2.0590, 200.0627, 269.0631, 7.2819, 255.0125, 104.6011, -2.8645, -9.5962, 0.551706, 0.805442, 0.216526, 0.001718, -0.831924, 0.549914, 0.074143, 0.002059, -0.059353, -0.221038, 0.973457, 0.200063, 0.000000, 0.000000, 0.000000, 1.000000, -0.059346, -0.221043, 0.973457, 0.269063, -0.551706, -0.805442, -0.216526, 0.007282, 0.831924, -0.549912, -0.074151, 0.255013, 0.000000, 0.000000, 0.000000, 1.000000, -0.003141, -0.038995, -0.999234, 0.104601, -0.998775, 0.049462, 0.001209, -0.002865, 0.049377, 0.998014, -0.039102, -0.009596, 0.000000, 0.000000, 0.000000, 1.000000
5.3824, 0.9324, 3.2917, 200.1268, 269.1272, 8.0676, 253.7799, 104.6209, -2.7108, -9.6170, 0.543350, 0.811142, 0.216380, 0.000932, -0.837499, 0.541550, 0.072930, 0.003292, -0.058024, -0.220845, 0.973581, 0.200127, 0.000000, 0.000000, 0.000000, 1.000000, -0.058018, -0.220849, 0.973581, 0.269127, -0.543350, -0.811142, -0.216380, 0.008068, 0.837499, -0.541549, -0.072937, 0.253780, 0.000000, 0.000000, 0.000000, 1.000000, -0.001818, -0.039826, -0.999205, 0.104621, -0.998795, 0.049086, -0.000139, -0.002711, 0.049052, 0.998000, -0.039867, -0.009617, 0.000000, 0.000000, 0.000000, 1.000000
5.9212, 0.2801, 4.3752, 200.4922, 269.4926, 8.7199, 252.6964, 104.3307, -2.6972, -9.6952, 0.535666, 0.817963, 0.209758, 0.000280, -0.842821, 0.533215, 0.073038, 0.004375, -0.052104, -0.215913, 0.975021, 0.200492, 0.000000, 0.000000, 0.000000, 1.000000, -0.052098, -0.215917, 0.975021, 0.269493, -0.535666, -0.817963, -0.209758, 0.008720, 0.842821, -0.533214, -0.073045, 0.252696, 0.000000, 0.000000, 0.000000, 1.000000, -0.005113, -0.045508, -0.998951, 0.104331, -0.998839, 0.048078, 0.002923, -0.002697, 0.047895, 0.997806, -0.045701, -0.009695, 0.000000, 0.000000, 0.000000, 1.000000
6.4674, -0.4799, 5.4969, 200.1570, 269.1574, 9.4799, 251.5747, 104.7392, -2.6465, -9.6729, 0.526554, 0.821876, 0.217394, -0.000480, -0.848574, 0.523630, 0.075721, 0.005497, -0.051601, -0.224346, 0.973143, 0.200157, 0.000000, 0.000000, 0.000000, 1.000000, -0.051594, -0.224350, 0.973142, 0.269157, -0.526554, -0.821876, -0.217394, 0.009480, 0.848574, -0.523628, -0.075728, 0.251575, 0.000000, 0.000000, 0.000000, 1.000000, -0.002791, -0.037465, -0.999294, 0.104739, -0.998896, 0.046966, 0.001029, -0.002647, 0.046895, 0.998194, -0.037555, -0.009673, 0.000000, 0.000000, 0.000000, 1.000000
7.0467, -1.1483, 6.5796, 200.1959, 269.1963, 10.1483, 250.4919, 104.7679, -2.7368, -9.7019, 0.518424, 0.826633, 0.218895, -0.001148, -0.853706, 0.515057, 0.076833, 0.006580, -0.049231, -0.226703, 0.972719, 0.200196, 0.000000, 0.000000, 0.000000, 1.000000, -0.049224, -0.226707, 0.972718, 0.269196, -0.518424, -0.826633, -0.218895, 0.010148, 0.853706, -0.515055, -0.076840, 0.250492, 0.000000, 0.000000, 0.000000, 1.000000, -0.002570, -0.035582, -0.999363, 0.104768, -0.998887, 0.047166, 0.000889, -0.002737, 0.047105, 0.998253, -0.035664, -0.009702, 0.000000, 0.000000, 0.000000, 1.000000
7.7368, -1.7476, 7.6387, 200.3074, 269.3077, 10.7476, 249.4328, 104.7115, -3.1392, -9.7087, 0.511827, 0.831006, 0.217859, -0.001748, -0.858003, 0.507217, 0.081009, 0.007639, -0.043183, -0.228386, 0.972613, 0.200307, 0.000000, 0.000000, 0.000000, 1.000000, -0.043176, -0.228390, 0.972612, 0.269308, -0.511827, -0.831006, -0.217859, 0.010748, 0.858003, -0.507215, -0.081016, 0.249433, 0.000000, 0.000000, 0.000000, 1.000000, -0.006354, -0.034323, -0.999391, 0.104712, -0.998731, 0.050156, 0.004627, -0.003139, 0.049966, 0.998151, -0.034599, -0.009709, 0.000000, 0.000000, 0.000000, 1.000000
8.3229, -2.5538, 9.0858, 200.5256, 269.5260, 11.5538, 247.9858, 104.5678, -2.8551, -9.7608, 0.500811, 0.839140, 0.212207, -0.002554, -0.864486, 0.497119, 0.074415, 0.009086, -0.043048, -0.220718, 0.974387, 0.200526, 0.000000, 0.000000, 0.000000, 1.000000, -0.043041, -0.220722, 0.974387, 0.269526, -0.500811, -0.839140, -0.212207, 0.011554, 0.864486, -0.497117, -0.074422, 0.247986, 0.000000, 0.000000, 0.000000, 1.000000, -0.003133, -0.042806, -0.999078, 0.104568, -0.998851, 0.047920, 0.001079, -0.002855, 0.047829, 0.997934, -0.042907, -0.009761, 0.000000, 0.000000, 0.000000, 1.000000
8.8822, -3.2875, 10.3140, 200.3667, 269.3670, 12.2875, 246.7576, 104.7900, -2.7486, -9.7692, 0.491447, 0.843596, 0.216392, -0.003288, -0.869837, 0.487765, 0.073949, 0.010314, -0.043165, -0.224567, 0.973502, 0.200367, 0.000000, 0.000000, 0.000000, 1.000000, -0.043159, -0.224571, 0.973501, 0.269367, -0.491447, -0.843596, -0.216392, 0.012288, 0.869838, -0.487763, -0.073956, 0.246758, 0.000000, 0.000000, 0.000000, 1.000000, -0.000187, -0.039338, -0.999226, 0.104790, -0.998885, 0.047186, -0.001671, -0.002749, 0.047215, 0.998111, -0.039303, -0.009769, 0.000000, 0.000000, 0.000000, 1.000000
9.4889, -3.8543, 11.4094, 200.5235, 269.5238, 12.8543, 245.6621, 104.6784, -2.9384, -9.7875, 0.484268, 0.848223, 0.214483, -0.003854, -0.874117, 0.479560, 0.077081, 0.011409, -0.037476, -0.224811, 0.973681, 0.200523, 0.000000, 0.000000, 0.000000, 1.000000, -0.037469, -0.224815, 0.973681, 0.269524, -0.484268, -0.848223, -0.214483, 0.012854, 0.874117, -0.479559, -0.077088, 0.245662, 0.000000, 0.000000, 0.000000, 1.000000, -0.003482, -0.039495, -0.999214, 0.104678, -0.998830, 0.048344, 0.001569, -0.002938, 0.048244, 0.998050, -0.039617, -0.009787, 0.000000, 0.000000, 0.000000, 1.000000
10.1309, -4.4149, 12.4714, 200.6607, 269.6610, 13.4149, 244.6001, 104.5874, -3.2455, -9.8186, 0.476553, 0.853354, 0.211389, -0.004415, -0.878404, 0.472060, 0.074607, 0.012471, -0.036122, -0.221239, 0.974550, 0.200661, 0.000000, 0.000000, 0.000000, 1.000000, -0.036115, -0.221242, 0.974550, 0.269661, -0.476553, -0.853354, -0.211389, 0.013415, 0.878404, -0.472059, -0.074615, 0.244600, 0.000000, 0.000000, 0.000000, 1.000000, -0.002464, -0.043522, -0.999049, 0.104587, -0.998717, 0.050635, 0.000257, -0.003245, 0.050575, 0.997768, -0.043591, -0.009819, 0.000000, 0.000000, 0.000000, 1.000000
10.6976, -5.2003, 13.8945, 200.5656, 269.5659, 14.2003, 243.1770, 104.7428, -2.9595, -9.8487, 0.466214, 0.857736, 0.216641, -0.005200, -0.884171, 0.460004, 0.081474, 0.013895, -0.029773, -0.229532, 0.972846, 0.200566, 0.000000, 0.000000, 0.000000, 1.000000, -0.029766, -0.229536, 0.972845, 0.269566, -0.466214, -0.857736, -0.216641, 0.014200, 0.884171, -0.460002, -0.081481, 0.243177, 0.000000, 0.000000, 0.000000, 1.000000, -0.005468, -0.035501, -0.999355, 0.104743, -0.998862, 0.047541, 0.003777, -0.002959, 0.047376, 0.998238, -0.035721, -0.009849, 0.000000, 0.000000, 0.000000, 1.000000
11.3154, -5.7954, 15.0464, 200.6431, 269.6434, 14.7954, 242.0252, 104.7096, -3.1169, -9.8843, 0.456779, 0.862966, 0.215971, -0.005795, -0.889013, 0.451498, 0.076192, 0.015046, -0.031759, -0.226804, 0.973423, 0.200643, 0.000000, 0.000000, 0.000000, 1.000000, -0.031752, -0.226807, 0.973422, 0.269643, -0.456779, -0.862966, -0.215971, 0.014795, 0.889014, -0.451496, -0.076200, 0.242025, 0.000000, 0.000000, 0.000000, 1.000000, -0.000750, -0.038645, -0.999253, 0.104710, -0.998825, 0.048447, -0.001124, -0.003117, 0.048454, 0.998078, -0.038636, -0.009884, 0.000000, 0.000000, 0.000000, 1.000000
11.9116, -6.4091, 16.3180, 200.7380, 269.7384, 15.4091, 240.7536, 104.6530, -3.1078, -9.9070, 0.447808, 0.868507, 0.212517, -0.006409, -0.893690, 0.442219, 0.075902, 0.016318, -0.028058, -0.223914, 0.974205, 0.200738, 0.000000, 0.000000, 0.000000, 1.000000, -0.028051, -0.223917, 0.974204, 0.269738, -0.447808, -0.868507, -0.212517, 0.015409, 0.893690, -0.442218, -0.075909, 0.240754, 0.000000, 0.000000, 0.000000, 1.000000, -0.001644, -0.041951, -0.999118, 0.104653, -0.998840, 0.048152, -0.000378, -0.003108, 0.048126, 0.997959, -0.041982, -0.009907, 0.000000, 0.000000, 0.000000, 1.000000
12.5469, -7.0444, 17.5682, 200.5674, 269.5677, 16.0444, 239.5033, 104.8598, -3.2062, -9.8990, 0.438508, 0.872267, 0.216474, -0.007044, -0.898352, 0.432376, 0.077548, 0.017568, -0.025956, -0.228476, 0.973204, 0.200567, 0.000000, 0.000000, 0.000000, 1.000000, -0.025949, -0.228479, 0.973203, 0.269568, -0.438508, -0.872267, -0.216474, 0.016044, 0.898353, -0.432375, -0.077556, 0.239503, 0.000000, 0.000000, 0.000000, 1.000000, -0.000917, -0.037577, -0.999293, 0.104860, -0.998817, 0.048624, -0.000912, -0.003206, 0.048624, 0.998110, -0.037578, -0.009899, 0.000000, 0.000000, 0.000000, 1.000000
13.1069, -7.6532, 18.8784, 200.7298, 269.7301, 16.6532, 238.1932, 104.7334, -3.0792, -9.9522, 0.429354, 0.877371, 0.214187, -0.007653, -0.902925, 0.422141, 0.080771, 0.018878, -0.019551, -0.228074, 0.973448, 0.200730, 0.000000, 0.000000, 0.000000, 1.000000, -0.019544, -0.228077, 0.973447, 0.269730, -0.429354, -0.877371, -0.214187, 0.016653, 0.902925, -0.422139, -0.080779, 0.238193, 0.000000, 0.000000, 0.000000, 1.000000, -0.004382, -0.038287, -0.999257, 0.104733, -0.998893, 0.046969, 0.002581, -0.003079, 0.046836, 0.998162, -0.038450, -0.009952, 0.000000, 0.000000, 0.000000, 1.000000
13.7259, -8.0930, 19.7624, 200.5365, 269.5368, 17.0930, 237.3091, 104.9473, -3.5539, -9.9283, 0.422084, 0.880036, 0.217672, -0.008093, -0.906279, 0.415554, 0.077286, 0.019762, -0.022440, -0.229893, 0.972957, 0.200537, 0.000000, 0.000000, 0.000000, 1.000000, -0.022433, -0.229896, 0.972957, 0.269537, -0.422084, -0.880036, -0.217672, 0.017093, 0.906279, -0.415553, -0.077294, 0.237309, 0.000000, 0.000000, 0.000000, 1.000000, 0.000528, -0.036587, -0.999330, 0.104947, -0.998715, 0.050629, -0.002381, -0.003554, 0.050682, 0.998047, -0.036513, -0.009928, 0.000000, 0.000000, 0.000000, 1.000000
14.3258, -8.7392, 21.3040, 200.7386, 269.7389, 17.7392, 235.7676, 104.7705, -3.2942, -9.9671, 0.411796, 0.886427, 0.211357, -0.008739, -0.911118, 0.404808, 0.077416, 0.021304, -0.016936, -0.224451, 0.974338, 0.200739, 0.000000, 0.000000, 0.000000, 1.000000, -0.016929, -0.224454, 0.974338, 0.269739, -0.411796, -0.886427, -0.211357, 0.017739, 0.911119, -0.404807, -0.077423, 0.235768, 0.000000, 0.000000, 0.000000, 1.000000, -0.001761, -0.042428, -0.999098, 0.104770, -0.998810, 0.048764, -0.000310, -0.003294, 0.048733, 0.997909, -0.042464, -0.009967, 0.000000, 0.000000, 0.000000, 1.000000
14.9070, -9.3333, 22.6384, 200.8089, 269.8091, 18.3333, 234.4332, 104.7270, -3.2041, -10.0169, 0.401288, 0.891414, 0.210593, -0.009333, -0.915873, 0.393518, 0.079496, 0.022638, -0.012009, -0.224777, 0.974336, 0.200809, 0.000000, 0.000000, 0.000000, 1.000000, -0.012002, -0.224780, 0.974336, 0.269809, -0.401288, -0.891414, -0.210593, 0.018333, 0.915873, -0.393516, -0.079503, 0.234433, 0.000000, 0.000000, 0.000000, 1.000000, -0.003446, -0.042309, -0.999099, 0.104727, -0.998915, 0.046554, 0.001474, -0.003204, 0.046450, 0.998019, -0.042424, -0.010017, 0.000000, 0.000000, 0.000000, 1.000000
15.5034, -9.8970, 23.8902, 200.6992, 269.6995, 18.8970, 233.1814, 104.8570, -3.2395, -10.0341, 0.391782, 0.894554, 0.215130, -0.009897, -0.919993, 0.383681, 0.080014, 0.023890, -0.010964, -0.229266, 0.973302, 0.200699, 0.000000, 0.000000, 0.000000, 1.000000, -0.010957, -0.229269, 0.973301, 0.269699, -0.391782, -0.894554, -0.215130, 0.018897, 0.919993, -0.383679, -0.080021, 0.233181, 0.000000, 0.000000, 0.000000, 1.000000, -0.001698, -0.037852, -0.999282, 0.104857, -0.998912, 0.046625, -0.000068, -0.003239, 0.046594, 0.998195, -0.037890, -0.010034, 0.000000, 0.000000, 0.000000, 1.000000
16.1109, -10.3641, 25.0676, 200.7193, 269.7195, 19.3641, 232.0039, 104.8448, -3.4050, -10.0359, 0.383445, 0.898337, 0.214384, -0.010364, -0.923500, 0.375677, 0.077556, 0.025068, -0.010867, -0.227722, 0.973666, 0.200719, 0.000000, 0.000000, 0.000000, 1.000000, -0.010860, -0.227725, 0.973665, 0.269720, -0.383445, -0.898337, -0.214384, 0.019364, 0.923500, -0.375675, -0.077564, 0.232004, 0.000000, 0.000000, 0.000000, 1.000000, 0.000614, -0.039540, -0.999218, 0.104845, -0.998825, 0.048389, -0.002529, -0.003405, 0.048451, 0.998046, -0.039464, -0.010036, 0.000000, 0.000000, 0.000000, 1.000000
16.7111, -10.8958, 26.4207, 200.7176, 269.7178, 19.8958, 230.6509, 104.8534, -3.3666, -10.0470, 0.373739, 0.902561, 0.213782, -0.010896, -0.927490, 0.365893, 0.076708, 0.026421, -0.008988, -0.226950, 0.973865, 0.200718, 0.000000, 0.000000, 0.000000, 1.000000, -0.008980, -0.226952, 0.973864, 0.269718, -0.373739, -0.902561, -0.213782, 0.019896, 0.927490, -0.365891, -0.076715, 0.230651, 0.000000, 0.000000, 0.000000, 1.000000, 0.001595, -0.040430, -0.999181, 0.104853, -0.998831, 0.048206, -0.003545, -0.003367, 0.048310, 0.998019, -0.040305, -0.010047, 0.000000, 0.000000, 0.000000, 1.000000
17.4207, -11.3959, 27.7204, 200.6216, 269.6218, 20.3959, 229.3511, 104.9499, -3.6465, -10.0295, 0.364190, 0.906458, 0.213773, -0.011396, -0.931300, 0.356123, 0.076528, 0.027720, -0.006760, -0.226958, 0.973881, 0.200622, 0.000000, 0.000000, 0.000000, 1.000000, -0.006753, -0.226961, 0.973881, 0.269622, -0.364190, -0.906458, -0.213773, 0.020396, 0.931300, -0.356121, -0.076536, 0.229351, 0.000000, 0.000000, 0.000000, 1.000000, 0.002184, -0.040486, -0.999178, 0.104950, -0.998737, 0.050060, -0.004211, -0.003647, 0.050189, 0.997925, -0.040326, -0.010030, 0.000000, 0.000000, 0.000000, 1.000000
18.1813, -12.0047, 29.2476, 200.6202, 269.6204, 21.0047, 227.8240, 104.9613, -3.7985, -10.0806, 0.352336, 0.911070, 0.214035, -0.012005, -0.935869, 0.343712, 0.077531, 0.029248, -0.002930, -0.227626, 0.973744, 0.200620, 0.000000, 0.000000, 0.000000, 1.000000, -0.002923, -0.227628, 0.973744, 0.269620, -0.352336, -0.911070, -0.214035, 0.021005, 0.935869, -0.343710, -0.077538, 0.227824, 0.000000, 0.000000, 0.000000, 1.000000, 0.001875, -0.039840, -0.999204, 0.104961, -0.998738, 0.050084, -0.003871, -0.003799, 0.050199, 0.997950, -0.039696, -0.010081, 0.000000, 0.000000, 0.000000, 1.000000
18.8123, -12.5531, 30.8431, 200.7608, 269.7610, 21.5531, 226.2285, 104.8144, -3.6020, -10.1228, 0.341650, 0.915502, 0.212440, -0.012553, -0.939824, 0.332221, 0.079748, 0.030843, 0.002433, -0.226902, 0.973915, 0.200761, 0.000000, 0.000000, 0.000000, 1.000000, 0.002440, -0.226904, 0.973914, 0.269761, -0.341650, -0.915502, -0.212440, 0.021553, 0.939824, -0.332219, -0.079756, 0.226229, 0.000000, 0.000000, 0.000000, 1.000000, -0.000261, -0.040576, -0.999176, 0.104814, -0.998808, 0.048774, -0.001720, -0.003602, 0.048803, 0.997985, -0.040540, -0.010123, 0.000000, 0.000000, 0.000000, 1.000000
19.4390, -12.9561, 31.9486, 200.7059, 269.7060, 21.9561, 225.1230, 104.8651, -3.9042, -10.1327, 0.333072, 0.918344, 0.213792, -0.012956, -0.942894, 0.323514, 0.079305, 0.031949, 0.003665, -0.227997, 0.973655, 0.200706, 0.000000, 0.000000, 0.000000, 1.000000, 0.003672, -0.228000, 0.973654, 0.269706, -0.333072, -0.918344, -0.213792, 0.021956, 0.942894, -0.323512, -0.079313, 0.225123, 0.000000, 0.000000, 0.000000, 1.000000, 0.000976, -0.039420, -0.999222, 0.104865, -0.998717, 0.050551, -0.002970, -0.003904, 0.050629, 0.997943, -0.039320, -0.010133, 0.000000, 0.000000, 0.000000, 1.000000
