# Joint_6_Angle(deg), Cam_X(mm), Cam_Y(mm), Cam_Z(mm), Torso_X(mm), Torso_Y(mm), Torso_Z(mm), EE_X(mm), EE_Y(mm), EE_Z(mm), T_cam2marker_flat(16), T_torso2marker_flat(16), T_ee2marker_flat(16)
-19.7728, 22.4878, 2.3840, 191.5361, 213.5361, -22.4878, 197.6895, -1.4220, -99.8304, 21.8353, 0.928142, -0.000121, -0.372227, 0.022488, -0.005309, 0.999894, -0.013562, 0.002384, 0.372189, 0.014563, 0.928043, 0.191536, 0.000000, 0.000000, 0.000000, 1.000000, 0.372189, 0.014563, 0.928043, 0.213536, -0.928142, 0.000121, 0.372227, -0.022488, 0.005309, -0.999894, 0.013562, 0.197689, 0.000000, 0.000000, 0.000000, 1.000000, -0.989290, 0.144411, -0.021227, -0.001422, -0.016041, 0.036982, 0.999187, -0.099830, 0.145079, 0.988826, -0.034270, 0.021835, 0.000000, 0.000000, 0.000000, 1.000000
-19.5003, 22.4000, 2.3729, 191.5638, 213.5638, -22.4000, 197.7005, -1.8288, -99.7636, 21.8125, 0.929037, -0.000049, -0.369987, 0.022400, -0.005168, 0.999901, -0.013107, 0.002373, 0.369951, 0.014089, 0.928944, 0.191564, 0.000000, 0.000000, 0.000000, 1.000000, 0.369951, 0.014089, 0.928944, 0.213564, -0.929037, 0.000049, 0.369987, -0.022400, 0.005168, -0.999901, 0.013107, 0.197701, 0.000000, 0.000000, 0.000000, 1.000000, -0.989297, 0.144701, -0.018794, -0.001829, -0.013742, 0.035830, 0.999263, -0.099764, 0.145268, 0.988826, -0.033458, 0.021812, 0.000000, 0.000000, 0.000000, 1.000000
-19.2630, 22.1595, 2.3710, 191.4247, 213.4247, -22.1595, 197.7025, -1.9700, -99.7928, 21.7700, 0.930596, -0.000093, -0.366047, 0.022159, -0.005180, 0.999896, -0.013424, 0.002371, 0.366010, 0.014388, 0.930500, 0.191425, 0.000000, 0.000000, 0.000000, 1.000000, 0.366010, 0.014388, 0.930500, 0.213425, -0.930596, 0.000093, 0.366047, -0.022159, 0.005180, -0.999896, 0.013424, 0.197702, 0.000000, 0.000000, 0.000000, 1.000000, -0.989284, 0.144776, -0.018890, -0.001970, -0.013882, 0.035524, 0.999272, -0.099793, 0.145342, 0.988827, -0.033133, 0.021770, 0.000000, 0.000000, 0.000000, 1.000000
-19.0125, 21.9203, 2.3866, 191.3792, 213.3792, -21.9203, 197.6868, -2.1680, -99.7355, 21.7486, 0.932378, -0.000483, -0.361484, 0.021920, -0.004883, 0.999891, -0.013931, 0.002387, 0.361451, 0.014755, 0.932274, 0.191379, 0.000000, 0.000000, 0.000000, 1.000000, 0.361451, 0.014755, 0.932274, 0.213379, -0.932378, 0.000483, 0.361484, -0.021920, 0.004883, -0.999891, 0.013931, 0.197687, 0.000000, 0.000000, 0.000000, 1.000000, -0.989219, 0.145149, -0.019438, -0.002168, -0.014444, 0.035376, 0.999270, -0.099735, 0.145731, 0.988777, -0.032898, 0.021749, 0.000000, 0.000000, 0.000000, 1.000000
-18.7708, 21.6776, 2.3826, 191.2757, 213.2757, -21.6776, 197.6909, -2.3285, -99.7317, 21.7051, 0.934055, -0.000192, -0.357129, 0.021678, -0.005204, 0.999886, -0.014150, 0.002383, 0.357091, 0.015075, 0.933948, 0.191276, 0.000000, 0.000000, 0.000000, 1.000000, 0.357091, 0.015075, 0.933948, 0.213276, -0.934055, 0.000192, 0.357129, -0.021678, 0.005204, -0.999886, 0.014150, 0.197691, 0.000000, 0.000000, 0.000000, 1.000000, -0.989245, 0.144911, -0.019866, -0.002329, -0.014947, 0.034954, 0.999277, -0.099732, 0.145501, 0.988827, -0.032412, 0.021705, 0.000000, 0.000000, 0.000000, 1.000000
-18.5401, 21.4430, 2.3672, 191.1244, 213.1244, -21.4430, 197.7062, -2.4615, -99.7763, 21.6498, 0.935042, 0.000048, -0.354538, 0.021443, -0.005153, 0.999896, -0.013457, 0.002367, 0.354500, 0.014410, 0.934945, 0.191124, 0.000000, 0.000000, 0.000000, 1.000000, 0.354500, 0.014410, 0.934945, 0.213124, -0.935042, -0.000048, 0.354538, -0.021443, 0.005153, -0.999896, 0.013457, 0.197706, 0.000000, 0.000000, 0.000000, 1.000000, -0.989248, 0.145075, -0.018483, -0.002462, -0.013735, 0.033663, 0.999339, -0.099776, 0.145601, 0.988848, -0.031308, 0.021650, 0.000000, 0.000000, 0.000000, 1.000000
-18.2949, 21.3040, 2.3622, 191.0884, 213.0884, -21.3040, 197.7113, -2.7484, -99.7480, 21.6230, 0.936189, 0.000098, -0.351497, 0.021304, -0.005142, 0.999897, -0.013418, 0.002362, 0.351459, 0.014370, 0.936093, 0.191088, 0.000000, 0.000000, 0.000000, 1.000000, 0.351459, 0.014370, 0.936093, 0.213088, -0.936189, -0.000098, 0.351497, -0.021304, 0.005142, -0.999897, 0.013418, 0.197711, 0.000000, 0.000000, 0.000000, 1.000000, -0.989251, 0.145186, -0.017413, -0.002748, -0.012750, 0.032986, 0.999374, -0.099748, 0.145670, 0.988854, -0.030780, 0.021623, 0.000000, 0.000000, 0.000000, 1.000000
-18.0545, 21.0651, 2.3845, 190.9731, 212.9731, -21.0651, 197.6889, -2.9021, -99.7569, 21.6057, 0.937896, -0.000344, -0.346916, 0.021065, -0.004968, 0.999884, -0.014422, 0.002385, 0.346880, 0.015250, 0.937785, 0.190973, 0.000000, 0.000000, 0.000000, 1.000000, 0.346880, 0.015250, 0.937785, 0.212973, -0.937896, 0.000344, 0.346916, -0.021065, 0.004968, -0.999884, 0.014422, 0.197689, 0.000000, 0.000000, 0.000000, 1.000000, -0.989204, 0.145413, -0.018198, -0.002902, -0.013482, 0.033356, 0.999353, -0.099757, 0.145926, 0.988809, -0.031036, 0.021606, 0.000000, 0.000000, 0.000000, 1.000000
-17.8198, 20.8328, 2.3696, 190.8836, 212.8836, -20.8328, 197.7039, -3.0668, -99.7455, 21.5534, 0.939212, -0.000413, -0.343338, 0.020833, -0.004782, 0.999887, -0.014284, 0.002370, 0.343305, 0.015057, 0.939103, 0.190884, 0.000000, 0.000000, 0.000000, 1.000000, 0.343305, 0.015057, 0.939103, 0.212884, -0.939212, 0.000413, 0.343338, -0.020833, 0.004782, -0.999887, 0.014284, 0.197704, 0.000000, 0.000000, 0.000000, 1.000000, -0.989170, 0.145681, -0.017853, -0.003067, -0.013236, 0.032605, 0.999381, -0.099745, 0.146173, 0.988794, -0.030324, 0.021553, 0.000000, 0.000000, 0.000000, 1.000000
-17.5482, 20.6494, 2.3770, 190.8241, 212.8241, -20.6494, 197.6964, -3.3480, -99.7211, 21.5316, 0.940484, -0.000475, -0.339839, 0.020649, -0.004727, 0.999884, -0.014479, 0.002377, 0.339806, 0.015224, 0.940372, 0.190824, 0.000000, 0.000000, 0.000000, 1.000000, 0.339806, 0.015224, 0.940372, 0.212824, -0.940484, 0.000475, 0.339839, -0.020649, 0.004727, -0.999884, 0.014479, 0.197696, 0.000000, 0.000000, 0.000000, 1.000000, -0.989166, 0.145832, -0.016825, -0.003348, -0.012268, 0.032092, 0.999410, -0.099721, 0.146286, 0.988789, -0.029955, 0.021532, 0.000000, 0.000000, 0.000000, 1.000000
-17.2925, 20.4129, 2.3618, 190.6820, 212.6820, -20.4129, 197.7116, -3.5277, -99.7567, 21.4767, 0.941793, -0.000046, -0.336193, 0.020413, -0.004492, 0.999909, -0.012720, 0.002362, 0.336163, 0.013489, 0.941707, 0.190682, 0.000000, 0.000000, 0.000000, 1.000000, 0.336163, 0.013489, 0.941707, 0.212682, -0.941793, 0.000046, 0.336193, -0.020413, 0.004492, -0.999909, 0.012720, 0.197712, 0.000000, 0.000000, 0.000000, 1.000000, -0.989129, 0.146184, -0.015936, -0.003528, -0.011718, 0.029667, 0.999491, -0.099757, 0.146582, 0.988812, -0.027632, 0.021477, 0.000000, 0.000000, 0.000000, 1.000000
-17.0108, 20.1686, 2.3700, 190.6939, 212.6939, -20.1686, 197.7035, -3.7942, -99.6432, 21.4492, 0.943957, -0.000310, -0.330068, 0.020169, -0.004285, 0.999904, -0.013192, 0.002370, 0.330040, 0.013867, 0.943865, 0.190694, 0.000000, 0.000000, 0.000000, 1.000000, 0.330040, 0.013867, 0.943865, 0.212694, -0.943957, 0.000310, 0.330068, -0.020169, 0.004285, -0.999904, 0.013192, 0.197703, 0.000000, 0.000000, 0.000000, 1.000000, -0.989064, 0.146443, -0.017513, -0.003794, -0.013345, 0.029393, 0.999479, -0.099643, 0.146882, 0.988782, -0.027118, 0.021449, 0.000000, 0.000000, 0.000000, 1.000000
-16.7629, 19.9514, 2.3628, 190.6145, 212.6145, -19.9514, 197.7106, -3.9977, -99.6271, 21.4073, 0.945092, -0.000329, -0.326803, 0.019951, -0.004298, 0.999900, -0.013438, 0.002363, 0.326775, 0.014104, 0.944997, 0.190615, 0.000000, 0.000000, 0.000000, 1.000000, 0.326775, 0.014104, 0.944997, 0.212615, -0.945092, 0.000329, 0.326803, -0.019951, 0.004298, -0.999900, 0.013438, 0.197711, 0.000000, 0.000000, 0.000000, 1.000000, -0.989070, 0.146507, -0.016642, -0.003998, -0.012523, 0.028989, 0.999501, -0.099627, 0.146916, 0.988785, -0.026838, 0.021407, 0.000000, 0.000000, 0.000000, 1.000000
-16.5032, 19.7051, 2.3639, 190.6077, 212.6077, -19.7051, 197.7095, -4.2176, -99.5320, 21.3718, 0.947184, -0.000353, -0.320691, 0.019705, -0.004277, 0.999897, -0.013731, 0.002364, 0.320662, 0.014378, 0.947084, 0.190608, 0.000000, 0.000000, 0.000000, 1.000000, 0.320662, 0.014378, 0.947084, 0.212608, -0.947184, 0.000353, 0.320691, -0.019705, 0.004277, -0.999897, 0.013731, 0.197710, 0.000000, 0.000000, 0.000000, 1.000000, -0.989027, 0.146567, -0.018539, -0.004218, -0.014498, 0.028590, 0.999486, -0.099532, 0.147021, 0.988788, -0.026151, 0.021372, 0.000000, 0.000000, 0.000000, 1.000000
-16.2180, 19.4852, 2.3569, 190.4570, 212.4570, -19.4852, 197.7165, -4.4595, -99.5797, 21.3270, 0.947926, -0.000316, -0.318491, 0.019485, -0.004187, 0.999901, -0.013455, 0.002357, 0.318463, 0.014087, 0.947830, 0.190457, 0.000000, 0.000000, 0.000000, 1.000000, 0.318463, 0.014087, 0.947830, 0.212457, -0.947926, 0.000316, 0.318491, -0.019485, 0.004187, -0.999901, 0.013455, 0.197717, 0.000000, 0.000000, 0.000000, 1.000000, -0.989044, 0.146769, -0.015818, -0.004460, -0.011894, 0.027574, 0.999549, -0.099580, 0.147139, 0.988786, -0.025527, 0.021327, 0.000000, 0.000000, 0.000000, 1.000000
-15.9500, 19.2186, 2.3612, 190.4890, 212.4890, -19.2186, 197.7122, -4.6860, -99.4406, 21.2931, 0.949990, -0.000746, -0.312279, 0.019219, -0.003622, 0.999904, -0.013405, 0.002361, 0.312259, 0.013866, 0.949896, 0.190489, 0.000000, 0.000000, 0.000000, 1.000000, 0.312259, 0.013866, 0.949896, 0.212489, -0.949990, 0.000746, 0.312279, -0.019219, 0.003622, -0.999904, 0.013405, 0.197712, 0.000000, 0.000000, 0.000000, 1.000000, -0.988925, 0.147370, -0.017604, -0.004686, -0.013797, 0.026818, 0.999545, -0.099441, 0.147775, 0.988718, -0.024487, 0.021293, 0.000000, 0.000000, 0.000000, 1.000000
-15.6845, 19.0012, 2.3442, 190.1867, 212.1867, -19.0012, 197.7293, -4.8494, -99.6346, 21.2332, 0.950393, -0.000625, -0.311049, 0.019001, -0.003734, 0.999903, -0.013419, 0.002344, 0.311028, 0.013915, 0.950299, 0.190187, 0.000000, 0.000000, 0.000000, 1.000000, 0.311028, 0.013915, 0.950299, 0.212187, -0.950393, 0.000625, 0.311049, -0.019001, 0.003734, -0.999903, 0.013419, 0.197729, 0.000000, 0.000000, 0.000000, 1.000000, -0.988980, 0.147364, -0.014255, -0.004849, -0.010513, 0.026142, 0.999603, -0.099635, 0.147678, 0.988737, -0.024305, 0.021233, 0.000000, 0.000000, 0.000000, 1.000000
-15.4485, 18.7299, 2.3503, 190.1943, 212.1943, -18.7299, 197.7232, -5.0070, -99.5204, 21.1995, 0.952192, -0.000727, -0.305498, 0.018730, -0.003511, 0.999905, -0.013324, 0.002350, 0.305479, 0.013760, 0.952099, 0.190194, 0.000000, 0.000000, 0.000000, 1.000000, 0.305479, 0.013760, 0.952099, 0.212194, -0.952192, 0.000727, 0.305498, -0.018730, 0.003511, -0.999905, 0.013324, 0.197723, 0.000000, 0.000000, 0.000000, 1.000000, -0.988917, 0.147615, -0.015892, -0.005007, -0.012269, 0.025421, 0.999602, -0.099520, 0.147960, 0.988718, -0.023328, 0.021200, 0.000000, 0.000000, 0.000000, 1.000000
-15.2306, 18.5117, 2.3527, 190.1190, 212.1190, -18.5117, 197.7208, -5.1570, -99.5038, 21.1670, 0.953703, -0.000494, -0.300749, 0.018512, -0.003592, 0.999909, -0.013032, 0.002353, 0.300728, 0.013509, 0.953614, 0.190119, 0.000000, 0.000000, 0.000000, 1.000000, 0.300728, 0.013509, 0.953614, 0.212119, -0.953703, 0.000494, 0.300749, -0.018512, 0.003592, -0.999909, 0.013032, 0.197721, 0.000000, 0.000000, 0.000000, 1.000000, -0.988906, 0.147570, -0.016972, -0.005157, -0.013493, 0.024548, 0.999608, -0.099504, 0.147929, 0.988747, -0.022284, 0.021167, 0.000000, 0.000000, 0.000000, 1.000000
-14.9779, 18.3267, 2.3460, 190.1380, 212.1380, -18.3267, 197.7274, -5.4288, -99.4048, 21.1339, 0.955165, -0.000225, -0.296074, 0.018327, -0.003679, 0.999913, -0.012629, 0.002346, 0.296051, 0.013152, 0.955082, 0.190138, 0.000000, 0.000000, 0.000000, 1.000000, 0.296051, 0.013152, 0.955082, 0.212138, -0.955165, 0.000225, 0.296074, -0.018327, 0.003679, -0.999913, 0.012629, 0.197727, 0.000000, 0.000000, 0.000000, 1.000000, -0.988905, 0.147535, -0.017346, -0.005429, -0.014032, 0.023474, 0.999626, -0.099405, 0.147887, 0.988778, -0.021144, 0.021134, 0.000000, 0.000000, 0.000000, 1.000000
-14.7155, 18.1063, 2.3577, 190.0609, 212.0609, -18.1063, 197.7158, -5.6514, -99.3850, 21.1101, 0.956235, -0.000213, -0.292601, 0.018106, -0.004115, 0.999891, -0.014176, 0.002358, 0.292572, 0.014760, 0.956129, 0.190061, 0.000000, 0.000000, 0.000000, 1.000000, 0.292572, 0.014760, 0.956129, 0.212061, -0.956235, 0.000213, 0.292601, -0.018106, 0.004115, -0.999891, 0.014176, 0.197716, 0.000000, 0.000000, 0.000000, 1.000000, -0.988977, 0.147139, -0.016587, -0.005651, -0.013147, 0.024325, 0.999618, -0.099385, 0.147487, 0.988817, -0.022122, 0.021110, 0.000000, 0.000000, 0.000000, 1.000000
-14.4488, 17.8613, 2.3504, 189.9503, 211.9503, -17.8613, 197.7231, -5.8513, -99.3895, 21.0628, 0.957951, -0.000129, -0.286932, 0.017861, -0.003759, 0.999908, -0.012999, 0.002350, 0.286908, 0.013531, 0.957863, 0.189950, 0.000000, 0.000000, 0.000000, 1.000000, 0.286908, 0.013531, 0.957863, 0.211950, -0.957951, 0.000129, 0.286932, -0.017861, 0.003759, -0.999908, 0.012999, 0.197723, 0.000000, 0.000000, 0.000000, 1.000000, -0.988899, 0.147542, -0.017614, -0.005851, -0.014457, 0.022443, 0.999644, -0.099389, 0.147884, 0.988801, -0.020061, 0.021063, 0.000000, 0.000000, 0.000000, 1.000000
-14.1873, 17.6240, 2.3679, 189.8648, 211.8648, -17.6240, 197.7055, -6.0540, -99.3726, 21.0419, 0.958562, -0.000490, -0.284883, 0.017624, -0.003610, 0.999897, -0.013866, 0.002368, 0.284861, 0.014320, 0.958462, 0.189865, 0.000000, 0.000000, 0.000000, 1.000000, 0.284861, 0.014320, 0.958462, 0.211865, -0.958562, 0.000490, 0.284883, -0.017624, 0.003610, -0.999897, 0.013866, 0.197706, 0.000000, 0.000000, 0.000000, 1.000000, -0.988907, 0.147748, -0.015297, -0.006054, -0.012082, 0.022631, 0.999671, -0.099373, 0.148046, 0.988766, -0.020595, 0.021042, 0.000000, 0.000000, 0.000000, 1.000000
-13.9469, 17.3680, 2.3711, 189.9184, 211.9184, -17.3680, 197.7023, -6.2440, -99.2202, 21.0093, 0.960868, -0.000283, -0.277006, 0.017368, -0.003608, 0.999902, -0.013535, 0.002371, 0.276983, 0.014005, 0.960773, 0.189918, 0.000000, 0.000000, 0.000000, 1.000000, 0.276983, 0.014005, 0.960773, 0.211918, -0.960868, 0.000283, 0.277006, -0.017368, 0.003608, -0.999902, 0.013535, 0.197702, 0.000000, 0.000000, 0.000000, 1.000000, -0.988841, 0.147738, -0.019166, -0.006244, -0.016141, 0.021649, 0.999635, -0.099220, 0.148100, 0.988789, -0.019023, 0.021009, 0.000000, 0.000000, 0.000000, 1.000000
-13.7298, 17.1146, 2.3735, 189.7733, 211.7733, -17.1146, 197.7000, -6.3383, -99.2615, 20.9690, 0.961394, -0.000106, -0.275175, 0.017115, -0.003558, 0.999912, -0.012816, 0.002373, 0.275152, 0.013300, 0.961309, 0.189773, 0.000000, 0.000000, 0.000000, 1.000000, 0.275152, 0.013300, 0.961309, 0.211773, -0.961394, 0.000106, 0.275175, -0.017115, 0.003558, -0.999912, 0.012816, 0.197700, 0.000000, 0.000000, 0.000000, 1.000000, -0.988860, 0.147856, -0.017155, -0.006338, -0.014298, 0.020364, 0.999690, -0.099261, 0.148159, 0.988799, -0.018023, 0.020969, 0.000000, 0.000000, 0.000000, 1.000000
-13.4701, 16.9500, 2.3814, 189.7333, 211.7333, -16.9500, 197.6920, -6.6197, -99.2232, 20.9511, 0.962614, 0.000154, -0.270876, 0.016950, -0.003375, 0.999929, -0.011426, 0.002381, 0.270855, 0.011913, 0.962546, 0.189733, 0.000000, 0.000000, 0.000000, 1.000000, 0.270855, 0.011913, 0.962546, 0.211733, -0.962614, -0.000154, 0.270876, -0.016950, 0.003375, -0.999929, 0.011426, 0.197692, 0.000000, 0.000000, 0.000000, 1.000000, -0.988830, 0.148094, -0.016835, -0.006620, -0.014281, 0.018289, 0.999731, -0.099223, 0.148362, 0.988804, -0.015970, 0.020951, 0.000000, 0.000000, 0.000000, 1.000000
-13.1955, 16.7270, 2.3866, 189.5967, 211.5967, -16.7270, 197.6868, -6.8450, -99.2590, 20.9184, 0.962753, -0.000465, -0.270380, 0.016727, -0.003517, 0.999892, -0.014240, 0.002387, 0.270358, 0.014661, 0.962648, 0.189597, 0.000000, 0.000000, 0.000000, 1.000000, 0.270358, 0.014661, 0.962648, 0.211597, -0.962753, 0.000465, 0.270380, -0.016727, 0.003517, -0.999892, 0.014240, 0.197687, 0.000000, 0.000000, 0.000000, 1.000000, -0.988902, 0.147999, -0.012967, -0.006845, -0.010058, 0.020390, 0.999742, -0.099259, 0.148225, 0.988777, -0.018675, 0.020918, 0.000000, 0.000000, 0.000000, 1.000000
-12.9520, 16.4760, 2.3938, 189.5375, 211.5375, -16.4760, 197.6796, -7.0111, -99.2166, 20.8864, 0.964585, -0.000325, -0.263774, 0.016476, -0.003719, 0.999883, -0.014829, 0.002394, 0.263748, 0.015285, 0.964471, 0.189538, 0.000000, 0.000000, 0.000000, 1.000000, 0.263748, 0.015285, 0.964471, 0.211538, -0.964585, 0.000325, 0.263774, -0.016476, 0.003719, -0.999883, 0.014829, 0.197680, 0.000000, 0.000000, 0.000000, 1.000000, -0.988898, 0.147779, -0.015582, -0.007011, -0.012716, 0.020322, 0.999713, -0.099217, 0.148053, 0.988812, -0.018218, 0.020886, 0.000000, 0.000000, 0.000000, 1.000000
-12.7261, 16.2503, 2.3796, 189.5159, 211.5159, -16.2503, 197.6938, -7.1839, -99.1477, 20.8383, 0.965461, -0.000149, -0.260547, 0.016250, -0.003937, 0.999877, -0.015159, 0.002380, 0.260517, 0.015661, 0.965342, 0.189516, 0.000000, 0.000000, 0.000000, 1.000000, 0.260517, 0.015661, 0.965342, 0.211516, -0.965461, 0.000149, 0.260547, -0.016250, 0.003937, -0.999877, 0.015159, 0.197694, 0.000000, 0.000000, 0.000000, 1.000000, -0.988935, 0.147588, -0.014995, -0.007184, -0.012166, 0.020054, 0.999725, -0.099148, 0.147848, 0.988846, -0.018036, 0.020838, 0.000000, 0.000000, 0.000000, 1.000000
-12.5002, 16.0797, 2.3968, 189.4915, 211.4915, -16.0797, 197.6767, -7.4032, -99.0962, 20.8293, 0.966392, -0.000277, -0.257075, 0.016080, -0.004080, 0.999857, -0.016414, 0.002397, 0.257042, 0.016911, 0.966252, 0.189491, 0.000000, 0.000000, 0.000000, 1.000000, 0.257042, 0.016911, 0.966252, 0.211491, -0.966392, 0.000277, 0.257075, -0.016080, 0.004080, -0.999857, 0.016414, 0.197677, 0.000000, 0.000000, 0.000000, 1.000000, -0.988959, 0.147452, -0.014791, -0.007403, -0.011864, 0.020710, 0.999715, -0.099096, 0.147717, 0.988852, -0.018732, 0.020829, 0.000000, 0.000000, 0.000000, 1.000000
-12.2638, 15.8233, 2.3918, 189.4324, 211.4324, -15.8233, 197.6816, -7.5530, -99.0540, 20.7845, 0.967661, -0.000125, -0.252256, 0.015823, -0.003978, 0.999868, -0.015754, 0.002392, 0.252225, 0.016248, 0.967532, 0.189432, 0.000000, 0.000000, 0.000000, 1.000000, 0.252225, 0.016248, 0.967532, 0.211432, -0.967661, 0.000125, 0.252256, -0.015823, 0.003978, -0.999868, 0.015754, 0.197682, 0.000000, 0.000000, 0.000000, 1.000000, -0.988931, 0.147567, -0.015493, -0.007553, -0.012765, 0.019422, 0.999730, -0.099054, 0.147828, 0.988861, -0.017323, 0.020784, 0.000000, 0.000000, 0.000000, 1.000000
-12.0538, 15.5904, 2.4012, 189.4087, 211.4087, -15.5904, 197.6722, -7.6863, -98.9877, 20.7586, 0.969336, -0.000337, -0.245740, 0.015590, -0.003780, 0.999860, -0.016284, 0.002401, 0.245711, 0.016714, 0.969199, 0.189409, 0.000000, 0.000000, 0.000000, 1.000000, 0.245711, 0.016714, 0.969199, 0.211409, -0.969336, 0.000337, 0.245740, -0.015590, 0.003780, -0.999860, 0.016284, 0.197672, 0.000000, 0.000000, 0.000000, 1.000000, -0.988855, 0.147719, -0.018555, -0.007686, -0.015863, 0.019386, 0.999686, -0.098988, 0.148032, 0.988839, -0.016826, 0.020759, 0.000000, 0.000000, 0.000000, 1.000000
-11.7980, 15.3978, 2.3891, 189.3293, 211.3293, -15.3978, 197.6843, -7.9258, -98.9797, 20.7153, 0.970011, 0.000245, -0.243059, 0.015398, -0.003906, 0.999886, -0.014578, 0.002389, 0.243028, 0.015091, 0.969902, 0.189329, 0.000000, 0.000000, 0.000000, 1.000000, 0.243028, 0.015091, 0.969902, 0.211329, -0.970011, -0.000245, 0.243059, -0.015398, 0.003906, -0.999886, 0.014578, 0.197684, 0.000000, 0.000000, 0.000000, 1.000000, -0.988899, 0.147664, -0.016573, -0.007926, -0.014216, 0.017008, 0.999754, -0.098980, 0.147909, 0.988891, -0.014720, 0.020715, 0.000000, 0.000000, 0.000000, 1.000000
-11.5717, 15.1647, 2.3855, 189.2843, 211.2843, -15.1647, 197.6879, -8.0831, -98.9321, 20.6758, 0.970988, -0.000062, -0.239128, 0.015165, -0.003409, 0.999895, -0.014103, 0.002386, 0.239104, 0.014509, 0.970886, 0.189284, 0.000000, 0.000000, 0.000000, 1.000000, 0.239104, 0.014509, 0.970886, 0.211284, -0.970988, 0.000062, 0.239128, -0.015165, 0.003409, -0.999895, 0.014103, 0.197688, 0.000000, 0.000000, 0.000000, 1.000000, -0.988823, 0.148171, -0.016557, -0.008083, -0.014352, 0.015939, 0.999770, -0.098932, 0.148400, 0.988833, -0.013634, 0.020676, 0.000000, 0.000000, 0.000000, 1.000000
-11.3194, 15.0127, 2.3978, 189.2339, 211.2339, -15.0127, 197.6757, -8.3588, -98.9066, 20.6637, 0.971628, -0.000182, -0.236515, 0.015013, -0.003424, 0.999884, -0.014837, 0.002398, 0.236491, 0.015226, 0.971514, 0.189234, 0.000000, 0.000000, 0.000000, 1.000000, 0.236491, 0.015226, 0.971514, 0.211234, -0.971628, 0.000182, 0.236515, -0.015013, 0.003424, -0.999884, 0.014837, 0.197676, 0.000000, 0.000000, 0.000000, 1.000000, -0.988848, 0.148177, -0.014923, -0.008359, -0.012689, 0.016012, 0.999791, -0.098907, 0.148385, 0.988831, -0.013953, 0.020664, 0.000000, 0.000000, 0.000000, 1.000000
-11.0470, 14.7809, 2.4023, 189.2221, 211.2221, -14.7809, 197.6711, -8.6034, -98.8205, 20.6336, 0.972408, -0.000821, -0.233286, 0.014781, -0.002723, 0.999886, -0.014871, 0.002402, 0.233271, 0.015096, 0.972295, 0.189222, 0.000000, 0.000000, 0.000000, 1.000000, 0.233271, 0.015096, 0.972295, 0.211222, -0.972408, 0.000821, 0.233286, -0.014781, 0.002723, -0.999886, 0.014871, 0.197671, 0.000000, 0.000000, 0.000000, 1.000000, -0.988761, 0.148895, -0.013458, -0.008603, -0.011299, 0.015337, 0.999819, -0.098821, 0.149074, 0.988734, -0.013482, 0.020634, 0.000000, 0.000000, 0.000000, 1.000000
-10.8022, 14.5395, 2.3853, 189.1803, 211.1803, -14.5395, 197.6882, -8.7865, -98.7655, 20.5797, 0.973681, -0.000150, -0.227914, 0.014540, -0.003057, 0.999901, -0.013715, 0.002385, 0.227893, 0.014051, 0.973585, 0.189180, 0.000000, 0.000000, 0.000000, 1.000000, 0.227893, 0.014051, 0.973585, 0.211180, -0.973681, 0.000150, 0.227914, -0.014540, 0.003057, -0.999901, 0.013715, 0.197688, 0.000000, 0.000000, 0.000000, 1.000000, -0.988797, 0.148565, -0.014471, -0.008786, -0.012601, 0.013525, 0.999829, -0.098765, 0.148735, 0.988810, -0.011501, 0.020580, 0.000000, 0.000000, 0.000000, 1.000000
-10.5513, 14.2816, 2.3993, 189.1359, 211.1359, -14.2816, 197.6742, -8.9587, -98.7084, 20.5539, 0.974959, -0.000609, -0.222382, 0.014282, -0.002953, 0.999873, -0.015684, 0.002399, 0.222363, 0.015948, 0.974834, 0.189136, 0.000000, 0.000000, 0.000000, 1.000000, 0.222363, 0.015948, 0.974834, 0.211136, -0.974959, 0.000609, 0.222382, -0.014282, 0.002953, -0.999873, 0.015684, 0.197674, 0.000000, 0.000000, 0.000000, 1.000000, -0.988765, 0.148618, -0.015996, -0.008959, -0.013946, 0.014825, 0.999793, -0.098708, 0.148824, 0.988784, -0.012586, 0.020554, 0.000000, 0.000000, 0.000000, 1.000000
-10.3241, 14.0307, 2.3816, 189.1093, 211.1093, -14.0307, 197.6918, -9.1054, -98.6397, 20.4985, 0.976239, -0.000031, -0.216698, 0.014031, -0.003219, 0.999888, -0.014646, 0.002382, 0.216674, 0.014996, 0.976129, 0.189109, 0.000000, 0.000000, 0.000000, 1.000000, 0.216674, 0.014996, 0.976129, 0.211109, -0.976239, 0.000031, 0.216698, -0.014031, 0.003219, -0.999888, 0.014646, 0.197692, 0.000000, 0.000000, 0.000000, 1.000000, -0.988779, 0.148340, -0.017636, -0.009105, -0.015855, 0.013176, 0.999788, -0.098640, 0.148541, 0.988849, -0.010676, 0.020499, 0.000000, 0.000000, 0.000000, 1.000000
-10.0991, 13.8470, 2.3998, 189.0371, 211.0371, -13.8470, 197.6737, -9.2968, -98.6315, 20.4868, 0.976788, -0.000351, -0.214208, 0.013847, -0.003148, 0.999867, -0.015995, 0.002400, 0.214185, 0.016298, 0.976657, 0.189037, 0.000000, 0.000000, 0.000000, 1.000000, 0.214185, 0.016298, 0.976657, 0.211037, -0.976788, 0.000351, 0.214208, -0.013847, 0.003148, -0.999867, 0.015995, 0.197674, 0.000000, 0.000000, 0.000000, 1.000000, -0.988791, 0.148402, -0.016429, -0.009297, -0.014521, 0.013934, 0.999797, -0.098632, 0.148601, 0.988829, -0.011623, 0.020487, 0.000000, 0.000000, 0.000000, 1.000000
-9.8499, 13.6083, 2.3834, 188.9414, 210.9414, -13.6083, 197.6900, -9.4771, -98.6299, 20.4320, 0.977264, 0.000246, -0.212028, 0.013608, -0.003465, 0.999884, -0.014808, 0.002383, 0.212000, 0.015206, 0.977151, 0.188941, 0.000000, 0.000000, 0.000000, 1.000000, 0.212000, 0.015206, 0.977151, 0.210941, -0.977264, -0.000246, 0.212028, -0.013608, 0.003465, -0.999884, 0.014808, 0.197690, 0.000000, 0.000000, 0.000000, 1.000000, -0.988867, 0.148130, -0.014110, -0.009477, -0.012456, 0.012090, 0.999849, -0.098630, 0.148278, 0.988894, -0.010110, 0.020432, 0.000000, 0.000000, 0.000000, 1.000000
-9.5977, 13.3805, 2.4008, 188.9157, 210.9157, -13.3805, 197.6726, -9.6833, -98.5623, 20.4146, 0.978615, 0.000174, -0.205700, 0.013381, -0.003402, 0.999877, -0.015337, 0.002401, 0.205672, 0.015709, 0.978495, 0.188916, 0.000000, 0.000000, 0.000000, 1.000000, 0.205672, 0.015709, 0.978495, 0.210916, -0.978615, -0.000174, 0.205700, -0.013381, 0.003402, -0.999877, 0.015337, 0.197673, 0.000000, 0.000000, 0.000000, 1.000000, -0.988834, 0.148141, -0.016183, -0.009683, -0.014573, 0.011945, 0.999822, -0.098562, 0.148308, 0.988894, -0.009652, 0.020415, 0.000000, 0.000000, 0.000000, 1.000000
-9.3819, 13.1256, 2.3770, 188.7820, 210.7820, -13.1256, 197.6964, -9.7835, -98.6004, 20.3487, 0.979222, 0.000200, -0.202791, 0.013126, -0.002903, 0.999911, -0.013034, 0.002377, 0.202771, 0.013352, 0.979135, 0.188782, 0.000000, 0.000000, 0.000000, 1.000000, 0.202771, 0.013352, 0.979135, 0.210782, -0.979222, -0.000200, 0.202791, -0.013126, 0.002903, -0.999911, 0.013034, 0.197696, 0.000000, 0.000000, 0.000000, 1.000000, -0.988773, 0.148668, -0.015011, -0.009784, -0.013815, 0.009080, 0.999863, -0.098600, 0.148784, 0.988845, -0.006924, 0.020349, 0.000000, 0.000000, 0.000000, 1.000000
-9.1292, 12.9777, 2.4085, 188.7680, 210.7680, -12.9777, 197.6650, -10.0677, -98.5388, 20.3575, 0.979349, -0.000608, -0.202175, 0.012978, -0.002544, 0.999879, -0.015328, 0.002408, 0.202160, 0.015526, 0.979229, 0.188768, 0.000000, 0.000000, 0.000000, 1.000000, 0.202160, 0.015526, 0.979229, 0.210768, -0.979349, 0.000608, 0.202175, -0.012978, 0.002544, -0.999879, 0.015328, 0.197665, 0.000000, 0.000000, 0.000000, 1.000000, -0.988765, 0.149028, -0.011565, -0.010068, -0.010079, 0.010720, 0.999892, -0.098539, 0.149136, 0.988775, -0.009098, 0.020357, 0.000000, 0.000000, 0.000000, 1.000000
-8.8857, 12.7282, 2.3937, 188.6759, 210.6759, -12.7282, 197.6797, -10.2284, -98.5333, 20.3028, 0.980163, -0.000139, -0.198193, 0.012728, -0.002679, 0.999899, -0.013948, 0.002394, 0.198175, 0.014202, 0.980064, 0.188676, 0.000000, 0.000000, 0.000000, 1.000000, 0.198175, 0.014202, 0.980064, 0.210676, -0.980163, 0.000139, 0.198193, -0.012728, 0.002679, -0.999899, 0.013948, 0.197680, 0.000000, 0.000000, 0.000000, 1.000000, -0.988791, 0.148893, -0.011129, -0.010228, -0.009945, 0.008694, 0.999913, -0.098533, 0.148976, 0.988815, -0.007116, 0.020303, 0.000000, 0.000000, 0.000000, 1.000000
-8.6607, 12.4820, 2.3959, 188.6418, 210.6418, -12.4820, 197.6776, -10.3698, -98.4754, 20.2674, 0.981159, -0.000301, -0.193200, 0.012482, -0.002288, 0.999911, -0.013177, 0.002396, 0.193186, 0.013371, 0.981071, 0.188642, 0.000000, 0.000000, 0.000000, 1.000000, 0.193186, 0.013371, 0.981071, 0.210642, -0.981159, 0.000301, 0.193200, -0.012482, 0.002288, -0.999911, 0.013177, 0.197678, 0.000000, 0.000000, 0.000000, 1.000000, -0.988725, 0.149251, -0.012120, -0.010370, -0.011150, 0.007329, 0.999911, -0.098475, 0.149327, 0.988772, -0.005582, 0.020267, 0.000000, 0.000000, 0.000000, 1.000000
-8.4226, 12.2936, 2.3848, 188.5972, 210.5972, -12.2936, 197.6886, -10.5895, -98.4374, 20.2270, 0.981700, -0.000257, -0.190435, 0.012294, -0.002215, 0.999916, -0.012769, 0.002385, 0.190423, 0.012957, 0.981617, 0.188597, 0.000000, 0.000000, 0.000000, 1.000000, 0.190423, 0.012957, 0.981617, 0.210597, -0.981700, 0.000257, 0.190435, -0.012294, 0.002215, -0.999916, 0.012769, 0.197689, 0.000000, 0.000000, 0.000000, 1.000000, -0.988731, 0.149320, -0.010686, -0.010589, -0.009856, 0.006294, 0.999932, -0.098437, 0.149377, 0.988769, -0.004752, 0.020227, 0.000000, 0.000000, 0.000000, 1.000000
-8.1831, 12.0295, 2.4225, 188.6748, 210.6748, -12.0295, 197.6509, -10.7541, -98.2647, 20.2283, 0.983488, -0.000552, -0.180974, 0.012030, -0.002535, 0.999855, -0.016826, 0.002423, 0.180957, 0.017007, 0.983344, 0.188675, 0.000000, 0.000000, 0.000000, 1.000000, 0.180957, 0.017007, 0.983344, 0.210675, -0.983488, 0.000552, 0.180974, -0.012030, 0.002535, -0.999855, 0.016826, 0.197651, 0.000000, 0.000000, 0.000000, 1.000000, -0.988721, 0.148841, -0.016626, -0.010754, -0.015353, 0.009700, 0.999835, -0.098265, 0.148978, 0.988814, -0.007305, 0.020228, 0.000000, 0.000000, 0.000000, 1.000000
-7.9682, 11.8854, 2.3765, 188.5990, 210.5990, -11.8854, 197.6970, -10.9754, -98.2700, 20.1588, 0.983280, -0.000219, -0.182100, 0.011885, -0.002127, 0.999917, -0.012688, 0.002376, 0.182088, 0.012864, 0.983198, 0.188599, 0.000000, 0.000000, 0.000000, 1.000000, 0.182088, 0.012864, 0.983198, 0.210599, -0.983280, 0.000219, 0.182100, -0.011885, 0.002127, -0.999917, 0.012688, 0.197697, 0.000000, 0.000000, 0.000000, 1.000000, -0.988722, 0.149346, -0.011129, -0.010975, -0.010498, 0.005010, 0.999932, -0.098270, 0.149392, 0.988772, -0.003386, 0.020159, 0.000000, 0.000000, 0.000000, 1.000000
-7.7326, 11.6260, 2.4072, 188.6627, 210.6627, -11.6260, 197.6662, -11.1346, -98.1128, 20.1533, 0.985057, -0.000303, -0.172227, 0.011626, -0.002310, 0.999885, -0.014975, 0.002407, 0.172212, 0.015149, 0.984944, 0.188663, 0.000000, 0.000000, 0.000000, 1.000000, 0.172212, 0.015149, 0.984944, 0.210663, -0.985057, 0.000303, 0.172227, -0.011626, 0.002310, -0.999885, 0.014975, 0.197666, 0.000000, 0.000000, 0.000000, 1.000000, -0.988683, 0.149020, -0.017274, -0.011135, -0.016466, 0.006657, 0.999842, -0.098113, 0.149111, 0.988812, -0.004128, 0.020153, 0.000000, 0.000000, 0.000000, 1.000000
-7.5146, 11.4616, 2.4135, 188.5796, 210.5796, -11.4616, 197.6600, -11.3319, -98.1211, 20.1322, 0.985164, -0.000234, -0.171616, 0.011462, -0.002573, 0.999867, -0.016131, 0.002413, 0.171597, 0.016333, 0.985032, 0.188580, 0.000000, 0.000000, 0.000000, 1.000000, 0.171597, 0.016333, 0.985032, 0.210580, -0.985164, 0.000234, 0.171616, -0.011462, 0.002573, -0.999867, 0.016131, 0.197660, 0.000000, 0.000000, 0.000000, 1.000000, -0.988771, 0.148759, -0.014255, -0.011332, -0.013326, 0.007241, 0.999885, -0.098121, 0.148845, 0.988847, -0.005177, 0.020132, 0.000000, 0.000000, 0.000000, 1.000000
-7.2532, 11.2103, 2.4052, 188.5368, 210.5368, -11.2103, 197.6682, -11.5289, -98.0650, 20.0854, 0.986311, -0.000428, -0.164893, 0.011210, -0.002230, 0.999871, -0.015935, 0.002405, 0.164878, 0.016085, 0.986183, 0.188537, 0.000000, 0.000000, 0.000000, 1.000000, 0.164878, 0.016085, 0.986183, 0.210537, -0.986311, 0.000428, 0.164893, -0.011210, 0.002230, -0.999871, 0.015935, 0.197668, 0.000000, 0.000000, 0.000000, 1.000000, -0.988698, 0.149024, -0.016405, -0.011529, -0.015632, 0.006353, 0.999858, -0.098065, 0.149107, 0.988813, -0.003952, 0.020085, 0.000000, 0.000000, 0.000000, 1.000000
-7.0282, 10.9495, 2.3923, 188.4945, 210.4945, -10.9495, 197.6812, -11.6547, -98.0145, 20.0327, 0.986832, -0.000051, -0.161751, 0.010949, -0.002403, 0.999885, -0.014977, 0.002392, 0.161733, 0.015168, 0.986718, 0.188494, 0.000000, 0.000000, 0.000000, 1.000000, 0.161733, 0.015168, 0.986718, 0.210494, -0.986832, 0.000051, 0.161751, -0.010949, 0.002403, -0.999885, 0.014977, 0.197681, 0.000000, 0.000000, 0.000000, 1.000000, -0.988740, 0.148841, -0.015483, -0.011655, -0.014935, 0.004799, 0.999877, -0.098015, 0.148897, 0.988849, -0.002522, 0.020033, 0.000000, 0.000000, 0.000000, 1.000000
-6.7997, 10.8199, 2.3934, 188.4499, 210.4499, -10.8199, 197.6800, -11.9117, -97.9888, 20.0131, 0.986871, 0.000028, -0.161511, 0.010820, -0.002282, 0.999903, -0.013772, 0.002393, 0.161495, 0.013960, 0.986775, 0.188450, 0.000000, 0.000000, 0.000000, 1.000000, 0.161495, 0.013960, 0.986775, 0.210450, -0.986871, -0.000028, 0.161511, -0.010820, 0.002282, -0.999903, 0.013772, 0.197680, 0.000000, 0.000000, 0.000000, 1.000000, -0.988771, 0.148989, -0.011556, -0.011912, -0.011234, 0.003001, 0.999932, -0.097989, 0.149014, 0.988834, -0.001294, 0.020013, 0.000000, 0.000000, 0.000000, 1.000000
-6.5812, 10.5491, 2.4072, 188.4103, 210.4103, -10.5491, 197.6663, -12.0125, -97.9361, 19.9854, 0.987363, -0.000381, -0.158477, 0.010549, -0.002317, 0.999856, -0.016839, 0.002407, 0.158460, 0.016993, 0.987219, 0.188410, 0.000000, 0.000000, 0.000000, 1.000000, 0.158460, 0.016993, 0.987219, 0.210410, -0.987363, 0.000381, 0.158477, -0.010549, 0.002317, -0.999856, 0.016839, 0.197666, 0.000000, 0.000000, 0.000000, 1.000000, -0.988790, 0.148890, -0.011239, -0.012013, -0.010538, 0.005492, 0.999929, -0.097936, 0.148941, 0.988838, -0.003862, 0.019985, 0.000000, 0.000000, 0.000000, 1.000000
-6.3541, 10.3956, 2.4119, 188.3146, 210.3146, -10.3956, 197.6615, -12.2350, -97.9569, 19.9639, 0.987875, -0.000314, -0.155253, 0.010396, -0.002515, 0.999834, -0.018023, 0.002412, 0.155233, 0.018195, 0.987710, 0.188315, 0.000000, 0.000000, 0.000000, 1.000000, 0.155233, 0.018195, 0.987710, 0.210315, -0.987875, 0.000314, 0.155253, -0.010396, 0.002515, -0.999834, 0.018023, 0.197662, 0.000000, 0.000000, 0.000000, 1.000000, -0.988833, 0.148648, -0.010676, -0.012235, -0.009883, 0.006077, 0.999933, -0.097957, 0.148702, 0.988872, -0.004540, 0.019964, 0.000000, 0.000000, 0.000000, 1.000000
-6.0992, 10.1309, 2.4049, 188.3535, 210.3535, -10.1309, 197.6686, -12.4194, -97.8205, 19.9194, 0.988492, -0.000293, -0.151273, 0.010131, -0.002219, 0.999862, -0.016436, 0.002405, 0.151257, 0.016582, 0.988355, 0.188353, 0.000000, 0.000000, 0.000000, 1.000000, 0.151257, 0.016582, 0.988355, 0.210353, -0.988492, 0.000293, 0.151273, -0.010131, 0.002219, -0.999862, 0.016436, 0.197669, 0.000000, 0.000000, 0.000000, 1.000000, -0.988800, 0.148910, -0.009973, -0.012419, -0.009510, 0.003820, 0.999948, -0.097820, 0.148940, 0.988843, -0.002361, 0.019919, 0.000000, 0.000000, 0.000000, 1.000000
-5.8729, 9.8636, 2.4109, 188.3635, 210.3635, -9.8636, 197.6625, -12.5453, -97.7190, 19.8864, 0.989856, 0.000091, -0.142071, 0.009864, -0.002440, 0.999863, -0.016356, 0.002411, 0.142050, 0.016537, 0.989721, 0.188363, 0.000000, 0.000000, 0.000000, 1.000000, 0.142050, 0.016537, 0.989721, 0.210363, -0.989856, -0.000091, 0.142071, -0.009864, 0.002440, -0.999863, 0.016356, 0.197663, 0.000000, 0.000000, 0.000000, 1.000000, -0.988787, 0.148556, -0.015207, -0.012545, -0.014908, 0.003127, 0.999884, -0.097719, 0.148587, 0.988899, -0.000877, 0.019886, 0.000000, 0.000000, 0.000000, 1.000000
-5.6426, 9.6747, 2.4111, 188.2289, 210.2288, -9.6747, 197.6624, -12.7332, -97.7719, 19.8538, 0.989644, -0.000546, -0.143540, 0.009675, -0.002144, 0.999825, -0.018584, 0.002411, 0.143525, 0.018699, 0.989470, 0.188229, 0.000000, 0.000000, 0.000000, 1.000000, 0.143525, 0.018699, 0.989470, 0.210229, -0.989644, 0.000546, 0.143540, -0.009675, 0.002144, -0.999825, 0.018584, 0.197662, 0.000000, 0.000000, 0.000000, 1.000000, -0.988807, 0.148863, -0.010052, -0.012733, -0.009448, 0.004764, 0.999944, -0.097772, 0.148902, 0.988846, -0.003304, 0.019854, 0.000000, 0.000000, 0.000000, 1.000000
-5.3851, 9.4916, 2.3943, 188.2694, 210.2694, -9.4916, 197.6792, -13.0019, -97.6462, 19.8117, 0.990423, -0.000121, -0.138064, 0.009492, -0.002002, 0.999882, -0.015240, 0.002394, 0.138050, 0.015371, 0.990306, 0.188269, 0.000000, 0.000000, 0.000000, 1.000000, 0.138050, 0.015371, 0.990306, 0.210269, -0.990423, 0.000121, 0.138064, -0.009492, 0.002002, -0.999882, 0.015240, 0.197679, 0.000000, 0.000000, 0.000000, 1.000000, -0.988788, 0.148957, -0.010528, -0.013002, -0.010535, 0.000740, 0.999944, -0.097646, 0.148956, 0.988843, 0.000838, 0.019812, 0.000000, 0.000000, 0.000000, 1.000000
-5.1166, 9.2570, 2.4104, 188.1760, 210.1760, -9.2570, 197.6630, -13.2143, -97.6431, 19.7897, 0.991071, -0.000073, -0.133334, 0.009257, -0.002592, 0.999800, -0.019813, 0.002410, 0.133309, 0.019982, 0.990873, 0.188176, 0.000000, 0.000000, 0.000000, 1.000000, 0.133309, 0.019982, 0.990873, 0.210176, -0.991071, 0.000073, 0.133334, -0.009257, 0.002592, -0.999800, 0.019813, 0.197663, 0.000000, 0.000000, 0.000000, 1.000000, -0.988885, 0.148254, -0.011241, -0.013214, -0.010677, 0.004599, 0.999932, -0.097643, 0.148295, 0.988939, -0.002965, 0.019790, 0.000000, 0.000000, 0.000000, 1.000000
-4.8863, 8.9708, 2.4068, 188.2100, 210.2100, -8.9708, 197.6667, -13.3315, -97.5154, 19.7452, 0.991621, -0.000505, -0.129177, 0.008971, -0.001530, 0.999876, -0.015657, 0.002407, 0.129169, 0.015724, 0.991498, 0.188210, 0.000000, 0.000000, 0.000000, 1.000000, 0.129169, 0.015724, 0.991498, 0.210210, -0.991621, 0.000505, 0.129177, -0.008971, 0.001530, -0.999876, 0.015657, 0.197667, 0.000000, 0.000000, 0.000000, 1.000000, -0.988736, 0.149285, -0.010750, -0.013332, -0.010895, -0.000153, 0.999941, -0.097515, 0.149274, 0.988794, 0.001778, 0.019745, 0.000000, 0.000000, 0.000000, 1.000000
-4.6441, 8.7389, 2.4045, 188.1354, 210.1354, -8.7389, 197.6689, -13.5068, -97.5005, 19.7061, 0.991972, -0.000433, -0.126458, 0.008739, -0.001496, 0.999884, -0.015163, 0.002405, 0.126450, 0.015230, 0.991856, 0.188135, 0.000000, 0.000000, 0.000000, 1.000000, 0.126450, 0.015230, 0.991856, 0.210135, -0.991972, 0.000433, 0.126458, -0.008739, 0.001496, -0.999884, 0.015163, 0.197669, 0.000000, 0.000000, 0.000000, 1.000000, -0.988753, 0.149279, -0.009160, -0.013507, -0.009458, -0.001283, 0.999954, -0.097501, 0.149260, 0.988794, 0.002681, 0.019706, 0.000000, 0.000000, 0.000000, 1.000000
-4.3871, 8.5687, 2.3860, 188.0911, 210.0911, -8.5687, 197.6875, -13.7745, -97.4602, 19.6611, 0.992319, -0.000483, -0.123707, 0.008569, -0.001105, 0.999918, -0.012768, 0.002386, 0.123703, 0.012806, 0.992237, 0.188091, 0.000000, 0.000000, 0.000000, 1.000000, 0.123703, 0.012806, 0.992237, 0.210091, -0.992319, 0.000483, 0.123707, -0.008569, 0.001105, -0.999918, 0.012768, 0.197687, 0.000000, 0.000000, 0.000000, 1.000000, -0.988716, 0.149634, -0.007058, -0.013775, -0.007796, -0.004350, 0.999960, -0.097460, 0.149598, 0.988732, 0.005467, 0.019661, 0.000000, 0.000000, 0.000000, 1.000000
-4.1265, 8.3216, 2.3748, 188.0361, 210.0361, -8.3216, 197.6986, -13.9702, -97.4195, 19.6116, 0.992551, -0.000450, -0.121829, 0.008322, -0.001176, 0.999911, -0.013277, 0.002375, 0.121824, 0.013322, 0.992462, 0.188036, 0.000000, 0.000000, 0.000000, 1.000000, 0.121824, 0.013322, 0.992462, 0.210036, -0.992551, 0.000450, 0.121829, -0.008322, 0.001176, -0.999911, 0.013277, 0.197699, 0.000000, 0.000000, 0.000000, 1.000000, -0.988749, 0.149516, -0.004456, -0.013970, -0.005190, -0.004523, 0.999976, -0.097420, 0.149492, 0.988749, 0.005248, 0.019612, 0.000000, 0.000000, 0.000000, 1.000000
-3.8799, 8.0838, 2.3815, 188.0624, 210.0624, -8.0838, 197.6920, -14.1579, -97.3033, 19.5841, 0.993372, -0.000596, -0.114938, 0.008084, -0.001049, 0.999898, -0.014256, 0.002381, 0.114935, 0.014282, 0.993270, 0.188062, 0.000000, 0.000000, 0.000000, 1.000000, 0.114935, 0.014282, 0.993270, 0.210062, -0.993372, 0.000596, 0.114938, -0.008084, 0.001049, -0.999898, 0.014256, 0.197692, 0.000000, 0.000000, 0.000000, 1.000000, -0.988732, 0.149523, -0.007160, -0.014158, -0.007876, -0.004195, 0.999960, -0.097303, 0.149487, 0.988749, 0.005325, 0.019584, 0.000000, 0.000000, 0.000000, 1.000000
-3.6229, 7.8157, 2.3857, 188.0834, 210.0834, -7.8157, 197.6877, -14.3329, -97.1863, 19.5496, 0.993955, -0.000514, -0.109789, 0.007816, -0.001024, 0.999902, -0.013958, 0.002386, 0.109785, 0.013986, 0.993857, 0.188083, 0.000000, 0.000000, 0.000000, 1.000000, 0.109785, 0.013986, 0.993857, 0.210083, -0.993955, 0.000514, 0.109789, -0.007816, 0.001024, -0.999902, 0.013958, 0.197688, 0.000000, 0.000000, 0.000000, 1.000000, -0.988738, 0.149456, -0.007752, -0.014333, -0.008621, -0.005169, 0.999950, -0.097186, 0.149409, 0.988755, 0.006400, 0.019550, 0.000000, 0.000000, 0.000000, 1.000000
