# Joint_A_Angle(deg), Cam_X(mm), Cam_Y(mm), Cam_Z(mm), Torso_X(mm), Torso_Y(mm), Torso_Z(mm), EE_X(mm), EE_Y(mm), EE_Z(mm), T_cam2marker_flat(16), T_torso2marker_flat(16), T_ee2marker_flat(16)
-19.7103, -22.2330, 12.2196, 382.0108, 451.0108, 31.2330, 244.8539, 20.6567, -24.0835, -54.5036, 0.289949, 0.953608, -0.081000, -0.022233, -0.946726, 0.298187, 0.121629, 0.012220, 0.140139, 0.041419, 0.989265, 0.382011, 0.000000, 0.000000, 0.000000, 1.000000, 0.140139, 0.041419, 0.989265, 0.451011, -0.289949, -0.953608, 0.081000, 0.031233, 0.946726, -0.298187, -0.121629, 0.244854, 0.000000, 0.000000, 0.000000, 1.000000, -0.997604, 0.045029, 0.052528, 0.020657, 0.046241, -0.130798, 0.990330, -0.024084, 0.051464, 0.990386, 0.128402, -0.054504, 0.000000, 0.000000, 0.000000, 1.000000
-19.3440, -22.4857, 12.8616, 381.7967, 450.7967, 31.4857, 244.2119, 20.2488, -24.5622, -54.6941, 0.284530, 0.954861, -0.085345, -0.022486, -0.945286, 0.294267, 0.140860, 0.012862, 0.159616, 0.040596, 0.986344, 0.381797, 0.000000, 0.000000, 0.000000, 1.000000, 0.159616, 0.040596, 0.986344, 0.450797, -0.284530, -0.954861, 0.085345, 0.031486, 0.945286, -0.294267, -0.140860, 0.244212, 0.000000, 0.000000, 0.000000, 1.000000, -0.996195, 0.047033, 0.073370, 0.020249, 0.066713, -0.130150, 0.989247, -0.024562, 0.056077, 0.990378, 0.126517, -0.054694, 0.000000, 0.000000, 0.000000, 1.000000
-19.0231, -22.8714, 13.9595, 382.2934, 451.2934, 31.8714, 243.1139, 20.3905, -24.2588, -54.7653, 0.278675, 0.956491, -0.086401, -0.022871, -0.947299, 0.288564, 0.139120, 0.013960, 0.157999, 0.043079, 0.986499, 0.382293, 0.000000, 0.000000, 0.000000, 1.000000, 0.157999, 0.043079, 0.986499, 0.451293, -0.278675, -0.956491, 0.086401, 0.031871, 0.947299, -0.288564, -0.139120, 0.243114, 0.000000, 0.000000, 0.000000, 1.000000, -0.996281, 0.046200, 0.072736, 0.020391, 0.066386, -0.126625, 0.989727, -0.024259, 0.054936, 0.990874, 0.123087, -0.054765, 0.000000, 0.000000, 0.000000, 1.000000
-18.7220, -23.1518, 14.7265, 382.3951, 451.3951, 32.1518, 242.3469, 20.2751, -24.3612, -54.8893, 0.272723, 0.958518, -0.082857, -0.023152, -0.946373, 0.282775, 0.156256, 0.014727, 0.173204, 0.035800, 0.984235, 0.382395, 0.000000, 0.000000, 0.000000, 1.000000, 0.173204, 0.035800, 0.984235, 0.451395, -0.272723, -0.958518, 0.082857, 0.032152, 0.946373, -0.282775, -0.156256, 0.242347, 0.000000, 0.000000, 0.000000, 1.000000, -0.994930, 0.045654, 0.089606, 0.020275, 0.082855, -0.132865, 0.987665, -0.024361, 0.056996, 0.990082, 0.128409, -0.054889, 0.000000, 0.000000, 0.000000, 1.000000
-18.4240, -23.6080, 15.8626, 383.2098, 452.2098, 32.6080, 241.2108, 20.5085, -23.7141, -54.9734, 0.272070, 0.958859, -0.081045, -0.023608, -0.955052, 0.279369, 0.099136, 0.015863, 0.117698, 0.050430, 0.991768, 0.383210, 0.000000, 0.000000, 0.000000, 1.000000, 0.117698, 0.050430, 0.991768, 0.452210, -0.272070, -0.958859, 0.081045, 0.032608, 0.955052, -0.279369, -0.099136, 0.241211, 0.000000, 0.000000, 0.000000, 1.000000, -0.998360, 0.045964, 0.034114, 0.020508, 0.028525, -0.117202, 0.992698, -0.023714, 0.049627, 0.992044, 0.115699, -0.054973, 0.000000, 0.000000, 0.000000, 1.000000
-18.1135, -23.7975, 16.5862, 382.8492, 451.8492, 32.7975, 240.4872, 20.3431, -24.2938, -55.1109, 0.266975, 0.959380, -0.091182, -0.023798, -0.954253, 0.276389, 0.114063, 0.016586, 0.134632, 0.056559, 0.989280, 0.382849, 0.000000, 0.000000, 0.000000, 1.000000, 0.134632, 0.056559, 0.989280, 0.451849, -0.266975, -0.959380, 0.091182, 0.032798, 0.954253, -0.276389, -0.114063, 0.240487, 0.000000, 0.000000, 0.000000, 1.000000, -0.997525, 0.047586, 0.051773, 0.020343, 0.046292, -0.109828, 0.992872, -0.024294, 0.052933, 0.992811, 0.107353, -0.055111, 0.000000, 0.000000, 0.000000, 1.000000
-17.8183, -24.2191, 17.5997, 382.7951, 451.7951, 33.2191, 239.4738, 20.5278, -24.5083, -55.3507, 0.258186, 0.963572, -0.069785, -0.024219, -0.951439, 0.266139, 0.154708, 0.017600, 0.167644, 0.026452, 0.985493, 0.382795, 0.000000, 0.000000, 0.000000, 1.000000, 0.167644, 0.026452, 0.985493, 0.451795, -0.258186, -0.963572, 0.069785, 0.033219, 0.951439, -0.266139, -0.154708, 0.239474, 0.000000, 0.000000, 0.000000, 1.000000, -0.995185, 0.043948, 0.087612, 0.020528, 0.080748, -0.139086, 0.986983, -0.024508, 0.055561, 0.989305, 0.134867, -0.055351, 0.000000, 0.000000, 0.000000, 1.000000
-17.5081, -24.4864, 18.3574, 383.0228, 452.0228, 33.4864, 238.7160, 20.3572, -24.5013, -55.4624, 0.254351, 0.963749, -0.080585, -0.024486, -0.954290, 0.263630, 0.140818, 0.018357, 0.156958, 0.041084, 0.986750, 0.383023, 0.000000, 0.000000, 0.000000, 1.000000, 0.156958, 0.041084, 0.986750, 0.452023, -0.254351, -0.963749, 0.080585, 0.033486, 0.954290, -0.263630, -0.140818, 0.238716, 0.000000, 0.000000, 0.000000, 1.000000, -0.995968, 0.045391, 0.077383, 0.020357, 0.071286, -0.123288, 0.989807, -0.024501, 0.054469, 0.991332, 0.119555, -0.055462, 0.000000, 0.000000, 0.000000, 1.000000
-17.2096, -24.7201, 19.0956, 382.8344, 451.8344, 33.7201, 237.9779, 20.2330, -24.8948, -55.6166, 0.250279, 0.965276, -0.074851, -0.024720, -0.953339, 0.259188, 0.154812, 0.019096, 0.168837, 0.032612, 0.985104, 0.382834, 0.000000, 0.000000, 0.000000, 1.000000, 0.168837, 0.032612, 0.985104, 0.451834, -0.250279, -0.965276, 0.074851, 0.033720, 0.953339, -0.259188, -0.154812, 0.237978, 0.000000, 0.000000, 0.000000, 1.000000, -0.994804, 0.046312, 0.090663, 0.020233, 0.083954, -0.130561, 0.987879, -0.024895, 0.057588, 0.990358, 0.125995, -0.055617, 0.000000, 0.000000, 0.000000, 1.000000
-16.9261, -25.1330, 20.3918, 383.8173, 452.8173, 34.1330, 236.6816, 20.6441, -24.0705, -55.6282, 0.249614, 0.966176, -0.064779, -0.025133, -0.962704, 0.254815, 0.090942, 0.020392, 0.104373, 0.039663, 0.993747, 0.383817, 0.000000, 0.000000, 0.000000, 1.000000, 0.104373, 0.039663, 0.993747, 0.452817, -0.249614, -0.966176, 0.064779, 0.034133, 0.962704, -0.254815, -0.090942, 0.236682, 0.000000, 0.000000, 0.000000, 1.000000, -0.998594, 0.045981, 0.026392, 0.020644, 0.020582, -0.122537, 0.992251, -0.024070, 0.048858, 0.991398, 0.121418, -0.055628, 0.000000, 0.000000, 0.000000, 1.000000
-16.6368, -25.3151, 21.1139, 383.9238, 452.9238, 34.3151, 235.9595, 20.4952, -24.1783, -55.6949, 0.243711, 0.965719, -0.089398, -0.025315, -0.963957, 0.251343, 0.087251, 0.021114, 0.106729, 0.064912, 0.992167, 0.383924, 0.000000, 0.000000, 0.000000, 1.000000, 0.106729, 0.064912, 0.992167, 0.452924, -0.243711, -0.965719, 0.089398, 0.034315, 0.963957, -0.251343, -0.087251, 0.235960, 0.000000, 0.000000, 0.000000, 1.000000, -0.998550, 0.045541, 0.028697, 0.020495, 0.024205, -0.096307, 0.995057, -0.024178, 0.048079, 0.994309, 0.095065, -0.055695, 0.000000, 0.000000, 0.000000, 1.000000
-16.3424, -25.5670, 21.8570, 383.8469, 452.8469, 34.5670, 235.2165, 20.3812, -24.4562, -55.8586, 0.240097, 0.967098, -0.084115, -0.025567, -0.963579, 0.247939, 0.100206, 0.021857, 0.117764, 0.056992, 0.991405, 0.383847, 0.000000, 0.000000, 0.000000, 1.000000, 0.117764, 0.056992, 0.991405, 0.452847, -0.240097, -0.967098, 0.084115, 0.034567, 0.963579, -0.247939, -0.100206, 0.235216, 0.000000, 0.000000, 0.000000, 1.000000, -0.998035, 0.047396, 0.040973, 0.020381, 0.035918, -0.102988, 0.994034, -0.024456, 0.051333, 0.993553, 0.101084, -0.055859, 0.000000, 0.000000, 0.000000, 1.000000
-16.0785, -25.8200, 22.4914, 383.5388, 452.5388, 34.8200, 234.5820, 20.2640, -24.9422, -56.0791, 0.231525, 0.970149, -0.072165, -0.025820, -0.957884, 0.240292, 0.157216, 0.022491, 0.169864, 0.032726, 0.984924, 0.383539, 0.000000, 0.000000, 0.000000, 1.000000, 0.169864, 0.032726, 0.984924, 0.452539, -0.231525, -0.970149, 0.072165, 0.034820, 0.957884, -0.240292, -0.157216, 0.234582, 0.000000, 0.000000, 0.000000, 1.000000, -0.994372, 0.045437, 0.095706, 0.020264, 0.089314, -0.126378, 0.987953, -0.024942, 0.056985, 0.990941, 0.121609, -0.056079, 0.000000, 0.000000, 0.000000, 1.000000
-15.7912, -26.0824, 23.3286, 383.9491, 452.9491, 35.0824, 233.7449, 20.2266, -24.7301, -56.1594, 0.228348, 0.971134, -0.068969, -0.026082, -0.959719, 0.236443, 0.151770, 0.023329, 0.163696, 0.031534, 0.986007, 0.383949, 0.000000, 0.000000, 0.000000, 1.000000, 0.163696, 0.031534, 0.986007, 0.452949, -0.228348, -0.971134, 0.068969, 0.035082, 0.959719, -0.236443, -0.151770, 0.233745, 0.000000, 0.000000, 0.000000, 1.000000, -0.994827, 0.046297, 0.090421, 0.020227, 0.083955, -0.126429, 0.988417, -0.024730, 0.057193, 0.990895, 0.121888, -0.056159, 0.000000, 0.000000, 0.000000, 1.000000
-15.5168, -26.4456, 24.4228, 384.1032, 453.1032, 35.4456, 232.6507, 20.5182, -24.7305, -56.3306, 0.223260, 0.973210, -0.054927, -0.026446, -0.964271, 0.228751, 0.133621, 0.024423, 0.142606, 0.023132, 0.989509, 0.384103, 0.000000, 0.000000, 0.000000, 1.000000, 0.142606, 0.023132, 0.989509, 0.453103, -0.223260, -0.973210, 0.054927, 0.035446, 0.964271, -0.228751, -0.133621, 0.232651, 0.000000, 0.000000, 0.000000, 1.000000, -0.996565, 0.043492, 0.070468, 0.020518, 0.064079, -0.133981, 0.988910, -0.024730, 0.052451, 0.990029, 0.130734, -0.056331, 0.000000, 0.000000, 0.000000, 1.000000
-15.2410, -26.7002, 25.3035, 384.5020, 453.5020, 35.7002, 231.7699, 20.5565, -24.5196, -56.4053, 0.222179, 0.973392, -0.056076, -0.026700, -0.968712, 0.226904, 0.100555, 0.025304, 0.110603, 0.031980, 0.993350, 0.384502, 0.000000, 0.000000, 0.000000, 1.000000, 0.110603, 0.031980, 0.993350, 0.453502, -0.222179, -0.973392, 0.056076, 0.035700, 0.968712, -0.226904, -0.100555, 0.231770, 0.000000, 0.000000, 0.000000, 1.000000, -0.998211, 0.045556, 0.038723, 0.020556, 0.032814, -0.123987, 0.991741, -0.024520, 0.049981, 0.991238, 0.122270, -0.056405, 0.000000, 0.000000, 0.000000, 1.000000
-14.9353, -26.9591, 26.0491, 384.5167, 453.5167, 35.9591, 231.0243, 20.3960, -24.7220, -56.5812, 0.219403, 0.974825, -0.039727, -0.026959, -0.970832, 0.222177, 0.090126, 0.026049, 0.096683, 0.018794, 0.995138, 0.384517, 0.000000, 0.000000, 0.000000, 1.000000, 0.096683, 0.018794, 0.995138, 0.453517, -0.219403, -0.974825, 0.039727, 0.035959, 0.970832, -0.222177, -0.090126, 0.231024, 0.000000, 0.000000, 0.000000, 1.000000, -0.998565, 0.046598, 0.026382, 0.020396, 0.019829, -0.135872, 0.990528, -0.024722, 0.049741, 0.989630, 0.134753, -0.056581, 0.000000, 0.000000, 0.000000, 1.000000
-14.6229, -27.2405, 26.8254, 384.3035, 453.3035, 36.2405, 230.2481, 20.2624, -25.1511, -56.8134, 0.214616, 0.976583, -0.015010, -0.027241, -0.971681, 0.215044, 0.097945, 0.026825, 0.098880, -0.006435, 0.995079, 0.384304, 0.000000, 0.000000, 0.000000, 1.000000, 0.098880, -0.006435, 0.995079, 0.453304, -0.214616, -0.976583, 0.015010, 0.036241, 0.971681, -0.215044, -0.097945, 0.230248, 0.000000, 0.000000, 0.000000, 1.000000, -0.998459, 0.046127, 0.030861, 0.020262, 0.023123, -0.159745, 0.986887, -0.025151, 0.050452, 0.986080, 0.158432, -0.056813, 0.000000, 0.000000, 0.000000, 1.000000
-14.3005, -27.5391, 27.9185, 384.9113, 453.9113, 36.5391, 229.1549, 20.3555, -24.7658, -56.8849, 0.206944, 0.978041, -0.024703, -0.027539, -0.971657, 0.208411, 0.111572, 0.027919, 0.114270, 0.000913, 0.993449, 0.384911, 0.000000, 0.000000, 0.000000, 1.000000, 0.114270, 0.000913, 0.993449, 0.453911, -0.206944, -0.978041, 0.024703, 0.036539, 0.971657, -0.208411, -0.111572, 0.229155, 0.000000, 0.000000, 0.000000, 1.000000, -0.997915, 0.044122, 0.047104, 0.020356, 0.039926, -0.151399, 0.987666, -0.024766, 0.050710, 0.987487, 0.149322, -0.056885, 0.000000, 0.000000, 0.000000, 1.000000
-13.9798, -27.7346, 28.7038, 385.2012, 454.2012, 36.7346, 228.3697, 20.1604, -24.7174, -56.9644, 0.202709, 0.978555, -0.036595, -0.027735, -0.970349, 0.205752, 0.126840, 0.028704, 0.131650, 0.009799, 0.991248, 0.385201, 0.000000, 0.000000, 0.000000, 1.000000, 0.131650, 0.009799, 0.991248, 0.454201, -0.202709, -0.978555, 0.036595, 0.036735, 0.970349, -0.205752, -0.126840, 0.228370, 0.000000, 0.000000, 0.000000, 1.000000, -0.996817, 0.046103, 0.065047, 0.020160, 0.057958, -0.141218, 0.988280, -0.024717, 0.054748, 0.988904, 0.138097, -0.056964, 0.000000, 0.000000, 0.000000, 1.000000
-13.7025, -28.0387, 29.7523, 384.9006, 453.9006, 37.0387, 227.3211, 20.4090, -25.1857, -57.1916, 0.199402, 0.979908, -0.004350, -0.028039, -0.975269, 0.198886, 0.096410, 0.029752, 0.095338, -0.014982, 0.995332, 0.384901, 0.000000, 0.000000, 0.000000, 1.000000, 0.095338, -0.014982, 0.995332, 0.453901, -0.199402, -0.979908, 0.004350, 0.037039, 0.975269, -0.198886, -0.096410, 0.227321, 0.000000, 0.000000, 0.000000, 1.000000, -0.998504, 0.045291, 0.030621, 0.020409, 0.022766, -0.164759, 0.986071, -0.025186, 0.049706, 0.985293, 0.163482, -0.057192, 0.000000, 0.000000, 0.000000, 1.000000
-13.4151, -28.1661, 30.5159, 385.4051, 454.4051, 37.1661, 226.5575, 20.2655, -24.9095, -57.1770, 0.192633, 0.979607, -0.057129, -0.028166, -0.973753, 0.198025, 0.112213, 0.030516, 0.121237, 0.034014, 0.992041, 0.385405, 0.000000, 0.000000, 0.000000, 1.000000, 0.121237, 0.034014, 0.992041, 0.454405, -0.192633, -0.979607, 0.057129, 0.037166, 0.973753, -0.198025, -0.112213, 0.226558, 0.000000, 0.000000, 0.000000, 1.000000, -0.997408, 0.046019, 0.055321, 0.020265, 0.049723, -0.114984, 0.992122, -0.024910, 0.052018, 0.992301, 0.112398, -0.057177, 0.000000, 0.000000, 0.000000, 1.000000
-13.1405, -28.4615, 31.4282, 385.0593, 454.0593, 37.4615, 225.6453, 20.3852, -25.4292, -57.4329, 0.190888, 0.981607, -0.003014, -0.028461, -0.978264, 0.190490, 0.081930, 0.031428, 0.080997, -0.012691, 0.996634, 0.385059, 0.000000, 0.000000, 0.000000, 1.000000, 0.080997, -0.012691, 0.996634, 0.454059, -0.190888, -0.981607, 0.003014, 0.037461, 0.978264, -0.190490, -0.081930, 0.225645, 0.000000, 0.000000, 0.000000, 1.000000, -0.998790, 0.045767, 0.018018, 0.020385, 0.010460, -0.160305, 0.987012, -0.025429, 0.048061, 0.986006, 0.159632, -0.057433, 0.000000, 0.000000, 0.000000, 1.000000
-12.8649, -28.5939, 32.1425, 385.6134, 454.6134, 37.5939, 224.9310, 20.2239, -25.0966, -57.4287, 0.185137, 0.981994, -0.037591, -0.028594, -0.977462, 0.187962, 0.096121, 0.032142, 0.101456, 0.018948, 0.994660, 0.385613, 0.000000, 0.000000, 0.000000, 1.000000, 0.101456, 0.018948, 0.994660, 0.454613, -0.185137, -0.981994, 0.037591, 0.037594, 0.977462, -0.187962, -0.096121, 0.224931, 0.000000, 0.000000, 0.000000, 1.000000, -0.998229, 0.045723, 0.038059, 0.020224, 0.031937, -0.127873, 0.991276, -0.025097, 0.050191, 0.990736, 0.126186, -0.057429, 0.000000, 0.000000, 0.000000, 1.000000
-12.6114, -28.8784, 33.1268, 385.4758, 454.4758, 37.8784, 223.9466, 20.4677, -25.3868, -57.6359, 0.179478, 0.983507, -0.022402, -0.028878, -0.977990, 0.180842, 0.104076, 0.033127, 0.106411, 0.003229, 0.994317, 0.385476, 0.000000, 0.000000, 0.000000, 1.000000, 0.106411, 0.003229, 0.994317, 0.454476, -0.179478, -0.983507, 0.022402, 0.037878, 0.977990, -0.180842, -0.104076, 0.223947, 0.000000, 0.000000, 0.000000, 1.000000, -0.998059, 0.043631, 0.044435, 0.020468, 0.037799, -0.142631, 0.989054, -0.025387, 0.049491, 0.988814, 0.140705, -0.057636, 0.000000, 0.000000, 0.000000, 1.000000
-12.3584, -29.0454, 33.6836, 385.4768, 454.4768, 38.0454, 223.3899, 20.2591, -25.5796, -57.7727, 0.176324, 0.984300, -0.007964, -0.029045, -0.979134, 0.176217, 0.101210, 0.033684, 0.101024, -0.010048, 0.994833, 0.385477, 0.000000, 0.000000, 0.000000, 1.000000, 0.101024, -0.010048, 0.994833, 0.454477, -0.176324, -0.984300, 0.007964, 0.038045, 0.979134, -0.176217, -0.101210, 0.223390, 0.000000, 0.000000, 0.000000, 1.000000, -0.998216, 0.043898, 0.040478, 0.020259, 0.033232, -0.154781, 0.987390, -0.025580, 0.049610, 0.986973, 0.153046, -0.057773, 0.000000, 0.000000, 0.000000, 1.000000
-12.1006, -29.2102, 34.5343, 385.8960, 454.8960, 38.2102, 222.5392, 20.3007, -25.3525, -57.8083, 0.172316, 0.984732, -0.024712, -0.029210, -0.979741, 0.173934, 0.099269, 0.034534, 0.102051, 0.007105, 0.994754, 0.385896, 0.000000, 0.000000, 0.000000, 1.000000, 0.102051, 0.007105, 0.994754, 0.454896, -0.172316, -0.984732, 0.024712, 0.038210, 0.979741, -0.173934, -0.099269, 0.222539, 0.000000, 0.000000, 0.000000, 1.000000, -0.998131, 0.044759, 0.041597, 0.020301, 0.035127, -0.136715, 0.989987, -0.025353, 0.049998, 0.989599, 0.134887, -0.057808, 0.000000, 0.000000, 0.000000, 1.000000
-11.8065, -29.4426, 35.3013, 385.5576, 454.5576, 38.4426, 221.7721, 20.2032, -25.8997, -58.0435, 0.167404, 0.985867, 0.006530, -0.029443, -0.980426, 0.165777, 0.106217, 0.035301, 0.103634, -0.024183, 0.994322, 0.385558, 0.000000, 0.000000, 0.000000, 1.000000, 0.103634, -0.024183, 0.994322, 0.454558, -0.167404, -0.985867, -0.006530, 0.038443, 0.980426, -0.165777, -0.106217, 0.221772, 0.000000, 0.000000, 0.000000, 1.000000, -0.998031, 0.043226, 0.045440, 0.020203, 0.037643, -0.166640, 0.985299, -0.025900, 0.050163, 0.985070, 0.164684, -0.058043, 0.000000, 0.000000, 0.000000, 1.000000
-11.5485, -29.5662, 36.1179, 386.0901, 455.0901, 38.5662, 220.9556, 20.2002, -25.5672, -58.0350, 0.162640, 0.986327, -0.026580, -0.029566, -0.980360, 0.164584, 0.108657, 0.036118, 0.111546, 0.008386, 0.993724, 0.386090, 0.000000, 0.000000, 0.000000, 1.000000, 0.111546, 0.008386, 0.993724, 0.455090, -0.162640, -0.986327, 0.026580, 0.038566, 0.980360, -0.164584, -0.108657, 0.220956, 0.000000, 0.000000, 0.000000, 1.000000, -0.997627, 0.044299, 0.052701, 0.020200, 0.046379, -0.133293, 0.989991, -0.025567, 0.050880, 0.990086, 0.130922, -0.058035, 0.000000, 0.000000, 0.000000, 1.000000
-11.2770, -29.8279, 36.8859, 385.7992, 454.7992, 38.8279, 220.1875, 20.1700, -26.0437, -58.2933, 0.159916, 0.987050, 0.012598, -0.029828, -0.982317, 0.157864, 0.100661, 0.036886, 0.097369, -0.028473, 0.994841, 0.385799, 0.000000, 0.000000, 0.000000, 1.000000, 0.097369, -0.028473, 0.994841, 0.454799, -0.159916, -0.987050, -0.012598, 0.038828, 0.982317, -0.157864, -0.100661, 0.220188, 0.000000, 0.000000, 0.000000, 1.000000, -0.998185, 0.044135, 0.040964, 0.020170, 0.032967, -0.168727, 0.985111, -0.026044, 0.050390, 0.984674, 0.166966, -0.058293, 0.000000, 0.000000, 0.000000, 1.000000
-11.0131, -29.9562, 37.6399, 385.8997, 454.8997, 38.9562, 219.4335, 20.1092, -26.1478, -58.3676, 0.155477, 0.987839, -0.000496, -0.029956, -0.983424, 0.154830, 0.094367, 0.037640, 0.093296, -0.014184, 0.995537, 0.385900, 0.000000, 0.000000, 0.000000, 1.000000, 0.093296, -0.014184, 0.995537, 0.454900, -0.155477, -0.987839, 0.000496, 0.038956, 0.983424, -0.154830, -0.094367, 0.219434, 0.000000, 0.000000, 0.000000, 1.000000, -0.998320, 0.044520, 0.037085, 0.020109, 0.029843, -0.153530, 0.987693, -0.026148, 0.049666, 0.987141, 0.151943, -0.058368, 0.000000, 0.000000, 0.000000, 1.000000
-10.7401, -30.2009, 38.4618, 385.9036, 454.9036, 39.2009, 218.6117, 20.1059, -26.3360, -58.5673, 0.151206, 0.988196, 0.024586, -0.030201, -0.983538, 0.147911, 0.103805, 0.038462, 0.098943, -0.039878, 0.994294, 0.385904, 0.000000, 0.000000, 0.000000, 1.000000, 0.098943, -0.039878, 0.994294, 0.454904, -0.151206, -0.988196, -0.024586, 0.039201, 0.983538, -0.147911, -0.103805, 0.218612, 0.000000, 0.000000, 0.000000, 1.000000, -0.998051, 0.043518, 0.044727, 0.020106, 0.036313, -0.177891, 0.983380, -0.026336, 0.050751, 0.983088, 0.175964, -0.058567, 0.000000, 0.000000, 0.000000, 1.000000
-10.4775, -30.3625, 39.2410, 386.2065, 455.2065, 39.3625, 217.8324, 20.0633, -26.2350, -58.6497, 0.146100, 0.989179, 0.013414, -0.030363, -0.982633, 0.143538, 0.117595, 0.039241, 0.114397, -0.030362, 0.992971, 0.386206, 0.000000, 0.000000, 0.000000, 1.000000, 0.114397, -0.030362, 0.992971, 0.455206, -0.146100, -0.989179, -0.013414, 0.039363, 0.982633, -0.143538, -0.117595, 0.217832, 0.000000, 0.000000, 0.000000, 1.000000, -0.997238, 0.042803, 0.060694, 0.020063, 0.052727, -0.167497, 0.984462, -0.026235, 0.052304, 0.984943, 0.164778, -0.058650, 0.000000, 0.000000, 0.000000, 1.000000
-10.2195, -30.4956, 40.0772, 386.4107, 455.4107, 39.4956, 216.9963, 20.0992, -26.2250, -58.7145, 0.142337, 0.989699, 0.015394, -0.030496, -0.985435, 0.140228, 0.096196, 0.040077, 0.093047, -0.028862, 0.995243, 0.386411, 0.000000, 0.000000, 0.000000, 1.000000, 0.093047, -0.028862, 0.995243, 0.455411, -0.142337, -0.989699, -0.015394, 0.039496, 0.985435, -0.140228, -0.096196, 0.216996, 0.000000, 0.000000, 0.000000, 1.000000, -0.998252, 0.043607, 0.039888, 0.020099, 0.032185, -0.164928, 0.985780, -0.026225, 0.049566, 0.985341, 0.163236, -0.058715, 0.000000, 0.000000, 0.000000, 1.000000
-9.9475, -30.6757, 40.8732, 386.5983, 455.5983, 39.6757, 216.2003, 20.0513, -26.2442, -58.8390, 0.137501, 0.990407, 0.013728, -0.030676, -0.984170, 0.135044, 0.114772, 0.040873, 0.111817, -0.029292, 0.993297, 0.386598, 0.000000, 0.000000, 0.000000, 1.000000, 0.111817, -0.029292, 0.993297, 0.455598, -0.137501, -0.990407, -0.013728, 0.039676, 0.984170, -0.135044, -0.114772, 0.216200, 0.000000, 0.000000, 0.000000, 1.000000, -0.997300, 0.042830, 0.059643, 0.020051, 0.051854, -0.164308, 0.985045, -0.026244, 0.051990, 0.985479, 0.161643, -0.058839, 0.000000, 0.000000, 0.000000, 1.000000
-9.6791, -30.8295, 41.6903, 386.7495, 455.7494, 39.8295, 215.3832, 20.0360, -26.2979, -58.9433, 0.132657, 0.991158, 0.002671, -0.030829, -0.984039, 0.131380, 0.120027, 0.041690, 0.118614, -0.018551, 0.992767, 0.386749, 0.000000, 0.000000, 0.000000, 1.000000, 0.118614, -0.018551, 0.992767, 0.455749, -0.132657, -0.991158, -0.002671, 0.039829, 0.984039, -0.131380, -0.120027, 0.215383, 0.000000, 0.000000, 0.000000, 1.000000, -0.996841, 0.042930, 0.066821, 0.020036, 0.059555, -0.152595, 0.986493, -0.026298, 0.052546, 0.987356, 0.149556, -0.058943, 0.000000, 0.000000, 0.000000, 1.000000
-9.4176, -30.9939, 42.4600, 386.6967, 455.6967, 39.9939, 214.6135, 20.0074, -26.5465, -59.0925, 0.127658, 0.991563, 0.022520, -0.030994, -0.985710, 0.124323, 0.113667, 0.042460, 0.109908, -0.036709, 0.993264, 0.386697, 0.000000, 0.000000, 0.000000, 1.000000, 0.109908, -0.036709, 0.993264, 0.455697, -0.127658, -0.991563, -0.022520, 0.039994, 0.985710, -0.124323, -0.113667, 0.214613, 0.000000, 0.000000, 0.000000, 1.000000, -0.997377, 0.041098, 0.059580, 0.020007, 0.051801, -0.169589, 0.984153, -0.026546, 0.050551, 0.984658, 0.167015, -0.059093, 0.000000, 0.000000, 0.000000, 1.000000
-9.1489, -31.0933, 43.2582, 386.9429, 455.9429, 40.0933, 213.8152, 19.9619, -26.5152, -59.1394, 0.124370, 0.992165, 0.011893, -0.031093, -0.985310, 0.122079, 0.119420, 0.043258, 0.117033, -0.026571, 0.992773, 0.386943, 0.000000, 0.000000, 0.000000, 1.000000, 0.117033, -0.026571, 0.992773, 0.455943, -0.124370, -0.992165, -0.011893, 0.040093, 0.985310, -0.122079, -0.119420, 0.213815, 0.000000, 0.000000, 0.000000, 1.000000, -0.996830, 0.042675, 0.067141, 0.019962, 0.059602, -0.158388, 0.985576, -0.026515, 0.052694, 0.986454, 0.155343, -0.059139, 0.000000, 0.000000, 0.000000, 1.000000
-8.8750, -31.2669, 44.0462, 387.1268, 456.1268, 40.2669, 213.0272, 19.9020, -26.5387, -59.2735, 0.119368, 0.992661, 0.019394, -0.031267, -0.986942, 0.116508, 0.111223, 0.044046, 0.108147, -0.032417, 0.993606, 0.387127, 0.000000, 0.000000, 0.000000, 1.000000, 0.108147, -0.032417, 0.993606, 0.456127, -0.119368, -0.992661, -0.019394, 0.040267, 0.986942, -0.116508, -0.111223, 0.213027, 0.000000, 0.000000, 0.000000, 1.000000, -0.997370, 0.041875, 0.059158, 0.019902, 0.051592, -0.163090, 0.985261, -0.026539, 0.050906, 0.985722, 0.160501, -0.059273, 0.000000, 0.000000, 0.000000, 1.000000
-8.6120, -31.4199, 44.8560, 387.4762, 456.4762, 40.4199, 212.2174, 19.8809, -26.3948, -59.3651, 0.115296, 0.993255, 0.012337, -0.031420, -0.986972, 0.113146, 0.114385, 0.044856, 0.112218, -0.025364, 0.993360, 0.387476, 0.000000, 0.000000, 0.000000, 1.000000, 0.112218, -0.025364, 0.993360, 0.456476, -0.115296, -0.993255, -0.012337, 0.040420, 0.986972, -0.113146, -0.114385, 0.212217, 0.000000, 0.000000, 0.000000, 1.000000, -0.997059, 0.042407, 0.063837, 0.019881, 0.056554, -0.155013, 0.986292, -0.026395, 0.051721, 0.987002, 0.152159, -0.059365, 0.000000, 0.000000, 0.000000, 1.000000
-8.3396, -31.5760, 45.6620, 387.4652, 456.4652, 40.5760, 211.4115, 19.8481, -26.6138, -59.5131, 0.110655, 0.993545, 0.024985, -0.031576, -0.987914, 0.107212, 0.111946, 0.045662, 0.108545, -0.037070, 0.993400, 0.387465, 0.000000, 0.000000, 0.000000, 1.000000, 0.108545, -0.037070, 0.993400, 0.456465, -0.110655, -0.993545, -0.024985, 0.040576, 0.987914, -0.107212, -0.111946, 0.211411, 0.000000, 0.000000, 0.000000, 1.000000, -0.997250, 0.041503, 0.061401, 0.019848, 0.053742, -0.165513, 0.984742, -0.026614, 0.051032, 0.985334, 0.162828, -0.059513, 0.000000, 0.000000, 0.000000, 1.000000
-8.0670, -31.6588, 46.4864, 387.5892, 456.5892, 40.6588, 210.5871, 19.8229, -26.7072, -59.5733, 0.106526, 0.994037, 0.023298, -0.031659, -0.988476, 0.103337, 0.110617, 0.046486, 0.107549, -0.034813, 0.993590, 0.387589, 0.000000, 0.000000, 0.000000, 1.000000, 0.107549, -0.034813, 0.993590, 0.456589, -0.106526, -0.994037, -0.023298, 0.040659, 0.988476, -0.103337, -0.110617, 0.210587, 0.000000, 0.000000, 0.000000, 1.000000, -0.997255, 0.041965, 0.060997, 0.019823, 0.053444, -0.162131, 0.985321, -0.026707, 0.051239, 0.985877, 0.159443, -0.059573, 0.000000, 0.000000, 0.000000, 1.000000
-7.8164, -31.8426, 47.3045, 387.5865, 456.5865, 40.8426, 209.7690, 19.8669, -26.8959, -59.7496, 0.102459, 0.994347, 0.027871, -0.031843, -0.989359, 0.098955, 0.106664, 0.047304, 0.103303, -0.038503, 0.993904, 0.387587, 0.000000, 0.000000, 0.000000, 1.000000, 0.103303, -0.038503, 0.993904, 0.456587, -0.102459, -0.994347, -0.027871, 0.040843, 0.989359, -0.098955, -0.106664, 0.209769, 0.000000, 0.000000, 0.000000, 1.000000, -0.997458, 0.041832, 0.057680, 0.019867, 0.050054, -0.164749, 0.985065, -0.026896, 0.050710, 0.985448, 0.162237, -0.059750, 0.000000, 0.000000, 0.000000, 1.000000
-7.5636, -31.9477, 48.1188, 388.0148, 457.0148, 40.9477, 208.9547, 19.8759, -26.6694, -59.7972, 0.097710, 0.995016, 0.019880, -0.031948, -0.989700, 0.095049, 0.107047, 0.048119, 0.104624, -0.030135, 0.994055, 0.388015, 0.000000, 0.000000, 0.000000, 1.000000, 0.104624, -0.030135, 0.994055, 0.457015, -0.097710, -0.995016, -0.019880, 0.040948, 0.989700, -0.095049, -0.107047, 0.208955, 0.000000, 0.000000, 0.000000, 1.000000, -0.997368, 0.041631, 0.059368, 0.019876, 0.052231, -0.155437, 0.986464, -0.026669, 0.050296, 0.986968, 0.152854, -0.059797, 0.000000, 0.000000, 0.000000, 1.000000
-7.2849, -32.0585, 48.9368, 388.1341, 457.1341, 41.0585, 208.1366, 19.8211, -26.7743, -59.8986, 0.094093, 0.995326, 0.021724, -0.032059, -0.989043, 0.090961, 0.116277, 0.048937, 0.113758, -0.032427, 0.992979, 0.388134, 0.000000, 0.000000, 0.000000, 1.000000, 0.113758, -0.032427, 0.992979, 0.457134, -0.094093, -0.995326, -0.021724, 0.041059, 0.989043, -0.090961, -0.116277, 0.208137, 0.000000, 0.000000, 0.000000, 1.000000, -0.996690, 0.042188, 0.069499, 0.019821, 0.062109, -0.156517, 0.985721, -0.026774, 0.052464, 0.986774, 0.153379, -0.059899, 0.000000, 0.000000, 0.000000, 1.000000
-6.9919, -32.2113, 49.7261, 388.1948, 457.1948, 41.2113, 207.3474, 19.6983, -26.9460, -60.0567, 0.088394, 0.995650, 0.029454, -0.032211, -0.990450, 0.084714, 0.108780, 0.049726, 0.105811, -0.038788, 0.993629, 0.388195, 0.000000, 0.000000, 0.000000, 1.000000, 0.105811, -0.038788, 0.993629, 0.457195, -0.088394, -0.995650, -0.029454, 0.041211, 0.990450, -0.084714, -0.108780, 0.207347, 0.000000, 0.000000, 0.000000, 1.000000, -0.997197, 0.041016, 0.062582, 0.019698, 0.055187, -0.161641, 0.985305, -0.026946, 0.050530, 0.985997, 0.158924, -0.060057, 0.000000, 0.000000, 0.000000, 1.000000
-6.7178, -32.3498, 50.7862, 388.6056, 457.6056, 41.3498, 206.2872, 19.8870, -26.7447, -60.1445, 0.083230, 0.996329, 0.020028, -0.032350, -0.990575, 0.080522, 0.110802, 0.050786, 0.108782, -0.029061, 0.993641, 0.388606, 0.000000, 0.000000, 0.000000, 1.000000, 0.108782, -0.029061, 0.993641, 0.457606, -0.083230, -0.996329, -0.020028, 0.041350, 0.990575, -0.080522, -0.110802, 0.206287, 0.000000, 0.000000, 0.000000, 1.000000, -0.996988, 0.040846, 0.065926, 0.019887, 0.059070, -0.150877, 0.986786, -0.026745, 0.050253, 0.987708, 0.148010, -0.060144, 0.000000, 0.000000, 0.000000, 1.000000
-6.4297, -32.4763, 51.5671, 388.3877, 457.3877, 41.4763, 205.5064, 19.7809, -27.1920, -60.3182, 0.078795, 0.996464, 0.029163, -0.032476, -0.990721, 0.075024, 0.113331, 0.051567, 0.110742, -0.037822, 0.993129, 0.388388, 0.000000, 0.000000, 0.000000, 1.000000, 0.110742, -0.037822, 0.993129, 0.457388, -0.078795, -0.996464, -0.029163, 0.041476, 0.990721, -0.075024, -0.113331, 0.205506, 0.000000, 0.000000, 0.000000, 1.000000, -0.996794, 0.040449, 0.069031, 0.019781, 0.061820, -0.158351, 0.985446, -0.027192, 0.050791, 0.986554, 0.155342, -0.060318, 0.000000, 0.000000, 0.000000, 1.000000
-6.1310, -32.6088, 52.5117, 389.3380, 458.3380, 41.6088, 204.5618, 19.7533, -26.4851, -60.3548, 0.074318, 0.997108, 0.015884, -0.032609, -0.990499, 0.071959, 0.117187, 0.052512, 0.115705, -0.024442, 0.992983, 0.389338, 0.000000, 0.000000, 0.000000, 1.000000, 0.115705, -0.024442, 0.992983, 0.458338, -0.074318, -0.997108, -0.015884, 0.041609, 0.990499, -0.071959, -0.117187, 0.204562, 0.000000, 0.000000, 0.000000, 1.000000, -0.996366, 0.041679, 0.074286, 0.019753, 0.067595, -0.143785, 0.987298, -0.026485, 0.051831, 0.988731, 0.140445, -0.060355, 0.000000, 0.000000, 0.000000, 1.000000
-5.8225, -32.6821, 53.1933, 388.7267, 457.7267, 41.6821, 203.8802, 19.5008, -27.3507, -60.5368, 0.069865, 0.996964, 0.034377, -0.032682, -0.990074, 0.065087, 0.124565, 0.053193, 0.121950, -0.042738, 0.991616, 0.388727, 0.000000, 0.000000, 0.000000, 1.000000, 0.121950, -0.042738, 0.991616, 0.457727, -0.069865, -0.996964, -0.034377, 0.041682, 0.990074, -0.065087, -0.124565, 0.203880, 0.000000, 0.000000, 0.000000, 1.000000, -0.995803, 0.040664, 0.081998, 0.019501, 0.074483, -0.160627, 0.984201, -0.027351, 0.053193, 0.986177, 0.156924, -0.060537, 0.000000, 0.000000, 0.000000, 1.000000
-5.5447, -32.8284, 54.3055, 389.1731, 458.1731, 41.8284, 202.7679, 19.7247, -27.1173, -60.6491, 0.064340, 0.997400, 0.032468, -0.032828, -0.991844, 0.060326, 0.112278, 0.054306, 0.110027, -0.039427, 0.993146, 0.389173, 0.000000, 0.000000, 0.000000, 1.000000, 0.110027, -0.039427, 0.993146, 0.458173, -0.064340, -0.997400, -0.032468, 0.041828, 0.991844, -0.060326, -0.112278, 0.202768, 0.000000, 0.000000, 0.000000, 1.000000, -0.996685, 0.040290, 0.070682, 0.019725, 0.063588, -0.156190, 0.985678, -0.027117, 0.050753, 0.986905, 0.153110, -0.060649, 0.000000, 0.000000, 0.000000, 1.000000
-5.2715, -32.9318, 55.1010, 389.4092, 458.4092, 41.9318, 201.9725, 19.6527, -27.1064, -60.7566, 0.059520, 0.997426, 0.039994, -0.032932, -0.991641, 0.054485, 0.116963, 0.055101, 0.114483, -0.046621, 0.992331, 0.389409, 0.000000, 0.000000, 0.000000, 1.000000, 0.114483, -0.046621, 0.992331, 0.458409, -0.059520, -0.997426, -0.039994, 0.041932, 0.991641, -0.054485, -0.116963, 0.201972, 0.000000, 0.000000, 0.000000, 1.000000, -0.996318, 0.039196, 0.076245, 0.019653, 0.068949, -0.162190, 0.984348, -0.027106, 0.050949, 0.985981, 0.158890, -0.060757, 0.000000, 0.000000, 0.000000, 1.000000
-5.0015, -33.0316, 55.9261, 389.4601, 458.4601, 42.0316, 201.1473, 19.6329, -27.2717, -60.8847, 0.054698, 0.997780, 0.037988, -0.033032, -0.992332, 0.050098, 0.112992, 0.055926, 0.110838, -0.043878, 0.992869, 0.389460, 0.000000, 0.000000, 0.000000, 1.000000, 0.110838, -0.043878, 0.992869, 0.458460, -0.054698, -0.997780, -0.037988, 0.042032, 0.992332, -0.050098, -0.112992, 0.201147, 0.000000, 0.000000, 0.000000, 1.000000, -0.996559, 0.039126, 0.073073, 0.019633, 0.066022, -0.158321, 0.985178, -0.027272, 0.050115, 0.986612, 0.155193, -0.060885, 0.000000, 0.000000, 0.000000, 1.000000
-4.7243, -33.1168, 56.7857, 389.8456, 458.8456, 42.1168, 200.2878, 19.6070, -27.1155, -60.9642, 0.050700, 0.998137, 0.033945, -0.033117, -0.992328, 0.046510, 0.114549, 0.056786, 0.112756, -0.039492, 0.992838, 0.389846, 0.000000, 0.000000, 0.000000, 1.000000, 0.112756, -0.039492, 0.992838, 0.458846, -0.050700, -0.998137, -0.033945, 0.042117, 0.992328, -0.046510, -0.114549, 0.200288, 0.000000, 0.000000, 0.000000, 1.000000, -0.996340, 0.039892, 0.075594, 0.019607, 0.068684, -0.152759, 0.985874, -0.027115, 0.050876, 0.987458, 0.149460, -0.060964, 0.000000, 0.000000, 0.000000, 1.000000
-4.4304, -33.2276, 57.5376, 389.7469, 458.7468, 42.2276, 199.5358, 19.4405, -27.4566, -61.1326, 0.045914, 0.998130, 0.040347, -0.033228, -0.992201, 0.040881, 0.117754, 0.057538, 0.115884, -0.045439, 0.992223, 0.389747, 0.000000, 0.000000, 0.000000, 1.000000, 0.115884, -0.045439, 0.992223, 0.458747, -0.045914, -0.998130, -0.040347, 0.042228, 0.992201, -0.040881, -0.117754, 0.199536, 0.000000, 0.000000, 0.000000, 1.000000, -0.996043, 0.039307, 0.079706, 0.019441, 0.072600, -0.157401, 0.984862, -0.027457, 0.051258, 0.986752, 0.153925, -0.061133, 0.000000, 0.000000, 0.000000, 1.000000
-4.1383, -33.3098, 58.3941, 390.3918, 459.3918, 42.3098, 198.6794, 19.3534, -27.0584, -61.1909, 0.042096, 0.998553, 0.033471, -0.033310, -0.991893, 0.037748, 0.121340, 0.058394, 0.119901, -0.038307, 0.992047, 0.390392, 0.000000, 0.000000, 0.000000, 1.000000, 0.119901, -0.038307, 0.992047, 0.459392, -0.042096, -0.998553, -0.033471, 0.042310, 0.991893, -0.037748, -0.121340, 0.198679, 0.000000, 0.000000, 0.000000, 1.000000, -0.995613, 0.040681, 0.084262, 0.019353, 0.077342, -0.149024, 0.985804, -0.027058, 0.052660, 0.987996, 0.145223, -0.061191, 0.000000, 0.000000, 0.000000, 1.000000
-3.8496, -33.3753, 59.5510, 390.6336, 459.6336, 42.3753, 197.5225, 19.5913, -27.0488, -61.2825, 0.036921, 0.999060, 0.022726, -0.033375, -0.993683, 0.034291, 0.106854, 0.059551, 0.105974, -0.026528, 0.994015, 0.390634, 0.000000, 0.000000, 0.000000, 1.000000, 0.105974, -0.026528, 0.994015, 0.459634, -0.036921, -0.999060, -0.022726, 0.042375, 0.993683, -0.034291, -0.106854, 0.197522, 0.000000, 0.000000, 0.000000, 1.000000, -0.996640, 0.041517, 0.070599, 0.019591, 0.064362, -0.136067, 0.988607, -0.027049, 0.050651, 0.989829, 0.132937, -0.061282, 0.000000, 0.000000, 0.000000, 1.000000
-3.5698, -33.4703, 60.2588, 390.2426, 459.2425, 42.4703, 196.8147, 19.4345, -27.6700, -61.4754, 0.032434, 0.998740, 0.038302, -0.033470, -0.993564, 0.028057, 0.109738, 0.060259, 0.108525, -0.041615, 0.993222, 0.390243, 0.000000, 0.000000, 0.000000, 1.000000, 0.108525, -0.041615, 0.993222, 0.459243, -0.032434, -0.998740, -0.038302, 0.042470, 0.993564, -0.028057, -0.109738, 0.196815, 0.000000, 0.000000, 0.000000, 1.000000, -0.996409, 0.040430, 0.074396, 0.019434, 0.067569, -0.149839, 0.986399, -0.027670, 0.051028, 0.987883, 0.146569, -0.061475, 0.000000, 0.000000, 0.000000, 1.000000
-3.2709, -33.5045, 61.0856, 390.6168, 459.6168, 42.5045, 195.9879, 19.3045, -27.5552, -61.5307, 0.028150, 0.998609, 0.044578, -0.033505, -0.994070, 0.023281, 0.106217, 0.061086, 0.105032, -0.047303, 0.993343, 0.390617, 0.000000, 0.000000, 0.000000, 1.000000, 0.105032, -0.047303, 0.993343, 0.459617, -0.028150, -0.998609, -0.044578, 0.042505, 0.994070, -0.023281, -0.106217, 0.195988, 0.000000, 0.000000, 0.000000, 1.000000, -0.996575, 0.040741, 0.071957, 0.019305, 0.064885, -0.154157, 0.985914, -0.027555, 0.051260, 0.987206, 0.150986, -0.061531, 0.000000, 0.000000, 0.000000, 1.000000
-2.9878, -33.5887, 61.8891, 390.7012, 459.7012, 42.5887, 195.1844, 19.2116, -27.7076, -61.6678, 0.022942, 0.998581, 0.048061, -0.033589, -0.993722, 0.017512, 0.110503, 0.061889, 0.109504, -0.050294, 0.992713, 0.390701, 0.000000, 0.000000, 0.000000, 1.000000, 0.109504, -0.050294, 0.992713, 0.459701, -0.022942, -0.998581, -0.048061, 0.042589, 0.993722, -0.017512, -0.110503, 0.195184, 0.000000, 0.000000, 0.000000, 1.000000, -0.996222, 0.039709, 0.077234, 0.019212, 0.070171, -0.155920, 0.985274, -0.027708, 0.051166, 0.986971, 0.152544, -0.061668, 0.000000, 0.000000, 0.000000, 1.000000
-2.7107, -33.6948, 63.0314, 391.2504, 460.2504, 42.6948, 194.0420, 19.4595, -27.3776, -61.7869, 0.017097, 0.999149, 0.037542, -0.033695, -0.994059, 0.012949, 0.108067, 0.063031, 0.107489, -0.039167, 0.993434, 0.391250, 0.000000, 0.000000, 0.000000, 1.000000, 0.107489, -0.039167, 0.993434, 0.460250, -0.017097, -0.999149, -0.037542, 0.042695, 0.994059, -0.012949, -0.108067, 0.194042, 0.000000, 0.000000, 0.000000, 1.000000, -0.996380, 0.039326, 0.075365, 0.019460, 0.069000, -0.143698, 0.987213, -0.027378, 0.049653, 0.988840, 0.140464, -0.061787, 0.000000, 0.000000, 0.000000, 1.000000
-2.4290, -33.7396, 63.7980, 391.1856, 460.1856, 42.7396, 193.2754, 19.3346, -27.6858, -61.9080, 0.011944, 0.998871, 0.045971, -0.033740, -0.993370, 0.006597, 0.114768, 0.063798, 0.114335, -0.047037, 0.992328, 0.391186, 0.000000, 0.000000, 0.000000, 1.000000, 0.114335, -0.047037, 0.992328, 0.460186, -0.011944, -0.998871, -0.045971, 0.042740, 0.993370, -0.006597, -0.114768, 0.193275, 0.000000, 0.000000, 0.000000, 1.000000, -0.995805, 0.037831, 0.083316, 0.019335, 0.076757, -0.150312, 0.985654, -0.027686, 0.049812, 0.987915, 0.146778, -0.061908, 0.000000, 0.000000, 0.000000, 1.000000
-2.1477, -33.7675, 64.6103, 391.5282, 460.5282, 42.7675, 192.4632, 19.2460, -27.5871, -61.9740, 0.008724, 0.999185, 0.039421, -0.033767, -0.993523, 0.004195, 0.113556, 0.064610, 0.113298, -0.040156, 0.992749, 0.391528, 0.000000, 0.000000, 0.000000, 1.000000, 0.113298, -0.040156, 0.992749, 0.460528, -0.008724, -0.999185, -0.039421, 0.042767, 0.993523, -0.004195, -0.113556, 0.192463, 0.000000, 0.000000, 0.000000, 1.000000, -0.995774, 0.039824, 0.082759, 0.019246, 0.076334, -0.142181, 0.986893, -0.027587, 0.051068, 0.989039, 0.138541, -0.061974, 0.000000, 0.000000, 0.000000, 1.000000
-1.8675, -33.8260, 65.4222, 391.6751, 460.6751, 42.8260, 191.6512, 19.1654, -27.6789, -62.0942, 0.004417, 0.998733, 0.050135, -0.033826, -0.993829, -0.001172, 0.110915, 0.065422, 0.110833, -0.050315, 0.992564, 0.391675, 0.000000, 0.000000, 0.000000, 1.000000, 0.110833, -0.050315, 0.992564, 0.460675, -0.004417, -0.998733, -0.050135, 0.042826, 0.993829, 0.001172, -0.110915, 0.191651, 0.000000, 0.000000, 0.000000, 1.000000, -0.995905, 0.039360, 0.081387, 0.019165, 0.074586, -0.151022, 0.985713, -0.027679, 0.051089, 0.987746, 0.147468, -0.062094, 0.000000, 0.000000, 0.000000, 1.000000
-1.5855, -33.8889, 66.2505, 392.0404, 461.0404, 42.8889, 190.8230, 19.0861, -27.5557, -62.2013, -0.000212, 0.999166, 0.040826, -0.033889, -0.994074, -0.004648, 0.108608, 0.066250, 0.108707, -0.040561, 0.993246, 0.392040, 0.000000, 0.000000, 0.000000, 1.000000, 0.108707, -0.040561, 0.993246, 0.461040, 0.000212, -0.999166, -0.040826, 0.042889, 0.994074, 0.004648, -0.108608, 0.190823, 0.000000, 0.000000, 0.000000, 1.000000, -0.996015, 0.040211, 0.079606, 0.019086, 0.073264, -0.140079, 0.987426, -0.027556, 0.050857, 0.989323, 0.136575, -0.062201, 0.000000, 0.000000, 0.000000, 1.000000
-1.3212, -33.8952, 67.0544, 392.0855, 461.0855, 42.8952, 190.0191, 19.0551, -27.7372, -62.2840, -0.003773, 0.999322, 0.036628, -0.033895, -0.994609, -0.007546, 0.103424, 0.067054, 0.103630, -0.036040, 0.993963, 0.392085, 0.000000, 0.000000, 0.000000, 1.000000, 0.103630, -0.036040, 0.993963, 0.461085, 0.003773, -0.999322, -0.036628, 0.042895, 0.994609, 0.007546, -0.103424, 0.190019, 0.000000, 0.000000, 0.000000, 1.000000, -0.996328, 0.041541, 0.074872, 0.019055, 0.068685, -0.134369, 0.988548, -0.027737, 0.051125, 0.990060, 0.131022, -0.062284, 0.000000, 0.000000, 0.000000, 1.000000
-1.0532, -33.9817, 67.9156, 392.3253, 461.3253, 42.9817, 189.1578, 19.0537, -27.7229, -62.4340, -0.008838, 0.999015, 0.043491, -0.033982, -0.993958, -0.013535, 0.108926, 0.067916, 0.109408, -0.042265, 0.993098, 0.392325, 0.000000, 0.000000, 0.000000, 1.000000, 0.109408, -0.042265, 0.993098, 0.461325, 0.008838, -0.999015, -0.043491, 0.042982, 0.993958, 0.013535, -0.108926, 0.189158, 0.000000, 0.000000, 0.000000, 1.000000, -0.995858, 0.040121, 0.081591, 0.019054, 0.075280, -0.139397, 0.987371, -0.027723, 0.050988, 0.989423, 0.135799, -0.062434, 0.000000, 0.000000, 0.000000, 1.000000
