# Joint_A_Angle(deg), Cam_X(mm), Cam_Y(mm), Cam_Z(mm), Torso_X(mm), Torso_Y(mm), Torso_Z(mm), EE_X(mm), EE_Y(mm), EE_Z(mm), T_cam2marker_flat(16), T_torso2marker_flat(16), T_ee2marker_flat(16)
-19.5877, 30.9018, 15.2243, 152.8753, 221.8753, -21.9018, 241.8491, 102.5474, -1.0691, -9.1581, 0.609998, 0.788755, -0.075955, 0.030902, -0.791251, 0.601140, -0.112037, 0.015224, -0.042710, 0.128442, 0.990797, 0.152875, 0.000000, 0.000000, 0.000000, 1.000000, -0.042710, 0.128442, 0.990797, 0.221875, -0.609998, -0.788755, 0.075955, -0.021902, 0.791251, -0.601140, 0.112037, 0.241849, 0.000000, 0.000000, 0.000000, 1.000000, -0.025417, -0.044420, -0.998690, 0.102547, -0.998860, 0.041497, 0.023575, -0.001069, 0.040395, 0.998151, -0.045424, -0.009158, 0.000000, 0.000000, 0.000000, 1.000000
-18.9297, 30.6068, 15.0457, 153.3295, 222.3295, -21.6068, 242.0277, 103.6070, -1.0113, -8.2830, 0.609820, 0.789366, -0.070862, 0.030607, -0.791268, 0.601339, -0.110843, 0.015046, -0.044884, 0.123665, 0.991308, 0.153329, 0.000000, 0.000000, 0.000000, 1.000000, -0.044884, 0.123665, 0.991308, 0.222329, -0.609820, -0.789366, 0.070862, -0.021607, 0.791268, -0.601339, 0.110843, 0.242028, 0.000000, 0.000000, 0.000000, 1.000000, -0.023721, -0.051097, -0.998412, 0.103607, -0.998926, 0.040965, 0.021637, -0.001011, 0.039795, 0.997853, -0.052014, -0.008283, 0.000000, 0.000000, 0.000000, 1.000000
-18.3371, 29.5464, 14.1205, 154.6892, 223.6892, -20.5464, 242.9529, 103.5324, -1.0529, -8.5203, 0.610097, 0.789758, -0.063755, 0.029546, -0.791133, 0.602788, -0.103705, 0.014121, -0.043471, 0.113709, 0.992563, 0.154689, 0.000000, 0.000000, 0.000000, 1.000000, -0.043471, 0.113709, 0.992563, 0.223689, -0.610097, -0.789758, 0.063755, -0.020546, 0.791133, -0.602788, 0.103705, 0.242953, 0.000000, 0.000000, 0.000000, 1.000000, -0.025523, -0.051365, -0.998354, 0.103532, -0.998876, 0.041205, 0.023417, -0.001053, 0.039934, 0.997830, -0.052359, -0.008520, 0.000000, 0.000000, 0.000000, 1.000000
-17.6442, 28.7741, 13.4748, 155.8469, 224.8469, -19.7741, 243.5986, 103.9326, -1.0484, -8.2054, 0.609921, 0.790456, -0.056355, 0.028774, -0.791344, 0.603741, -0.096290, 0.013475, -0.042089, 0.103326, 0.993757, 0.155847, 0.000000, 0.000000, 0.000000, 1.000000, -0.042089, 0.103326, 0.993757, 0.224847, -0.609921, -0.790456, 0.056355, -0.019774, 0.791344, -0.603741, 0.096290, 0.243599, 0.000000, 0.000000, 0.000000, 1.000000, -0.027400, -0.053003, -0.998218, 0.103933, -0.998847, 0.040835, 0.025249, -0.001048, 0.039424, 0.997759, -0.054061, -0.008205, 0.000000, 0.000000, 0.000000, 1.000000
-17.1093, 27.7228, 12.5785, 157.3870, 226.3870, -18.7228, 244.4950, 103.5750, -1.0589, -8.5451, 0.610463, 0.790805, -0.044297, 0.027723, -0.790978, 0.605787, -0.085879, 0.012578, -0.041079, 0.087465, 0.995320, 0.157387, 0.000000, 0.000000, 0.000000, 1.000000, -0.041079, 0.087465, 0.995320, 0.226387, -0.610463, -0.790805, 0.044297, -0.018723, 0.790978, -0.605787, 0.085879, 0.244495, 0.000000, 0.000000, 0.000000, 1.000000, -0.028750, -0.046346, -0.998512, 0.103575, -0.998792, 0.041164, 0.026847, -0.001059, 0.039859, 0.998077, -0.047473, -0.008545, 0.000000, 0.000000, 0.000000, 1.000000
-16.5807, 26.8244, 11.8037, 158.6163, 227.6163, -17.8244, 245.2698, 103.5344, -1.0813, -8.7286, 0.610247, 0.791292, -0.038143, 0.026824, -0.791188, 0.606307, -0.080079, 0.011804, -0.040240, 0.079046, 0.996058, 0.158616, 0.000000, 0.000000, 0.000000, 1.000000, -0.040240, 0.079046, 0.996058, 0.227616, -0.610247, -0.791292, 0.038143, -0.017824, 0.791188, -0.606307, 0.080079, 0.245270, 0.000000, 0.000000, 0.000000, 1.000000, -0.029966, -0.047127, -0.998439, 0.103534, -0.998777, 0.040704, 0.028055, -0.001081, 0.039319, 0.998059, -0.048289, -0.008729, 0.000000, 0.000000, 0.000000, 1.000000
-15.7490, 26.3125, 11.4078, 159.4935, 228.4935, -17.3125, 245.6657, 104.5784, -1.0445, -7.8452, 0.609699, 0.792103, -0.028964, 0.026312, -0.791443, 0.606376, -0.076976, 0.011408, -0.043409, 0.069856, 0.996612, 0.159493, 0.000000, 0.000000, 0.000000, 1.000000, -0.043409, 0.069856, 0.996612, 0.228493, -0.609699, -0.792103, 0.028964, -0.017312, 0.791443, -0.606376, 0.076976, 0.245666, 0.000000, 0.000000, 0.000000, 1.000000, -0.027374, -0.052463, -0.998248, 0.104578, -0.998894, 0.039636, 0.025308, -0.001044, 0.038239, 0.997836, -0.053490, -0.007845, 0.000000, 0.000000, 0.000000, 1.000000
-15.2247, 25.0610, 10.3270, 161.3463, 230.3463, -16.0610, 246.7465, 103.9213, -1.0668, -8.5185, 0.610004, 0.792123, -0.020899, 0.025061, -0.791346, 0.607623, -0.067575, 0.010327, -0.040829, 0.057759, 0.997495, 0.161346, 0.000000, 0.000000, 0.000000, 1.000000, -0.040829, 0.057759, 0.997495, 0.230346, -0.610004, -0.792123, 0.020899, -0.016061, 0.791346, -0.607623, 0.067575, 0.246746, 0.000000, 0.000000, 0.000000, 1.000000, -0.030302, -0.049450, -0.998317, 0.103921, -0.998807, 0.039774, 0.028347, -0.001067, 0.038305, 0.997984, -0.050597, -0.008518, 0.000000, 0.000000, 0.000000, 1.000000
-14.5600, 24.2198, 9.6176, 162.7059, 231.7059, -15.2198, 247.4559, 104.1073, -1.0598, -8.4087, 0.610191, 0.792116, -0.014828, 0.024220, -0.791176, 0.608277, -0.063559, 0.009618, -0.041327, 0.050514, 0.997868, 0.162706, 0.000000, 0.000000, 0.000000, 1.000000, -0.041327, 0.050514, 0.997868, 0.231706, -0.610191, -0.792116, 0.014828, -0.015220, 0.791176, -0.608277, 0.063559, 0.247456, 0.000000, 0.000000, 0.000000, 1.000000, -0.030248, -0.053763, -0.998096, 0.104107, -0.998812, 0.039793, 0.028126, -0.001060, 0.038206, 0.997761, -0.054902, -0.008409, 0.000000, 0.000000, 0.000000, 1.000000
-13.9855, 23.3537, 8.9025, 164.1871, 233.1871, -14.3537, 248.1709, 103.9747, -1.0343, -8.5020, 0.609642, 0.792674, 0.001886, 0.023354, -0.791449, 0.608829, -0.054180, 0.008903, -0.044095, 0.031538, 0.998529, 0.164187, 0.000000, 0.000000, 0.000000, 1.000000, -0.044095, 0.031538, 0.998529, 0.233187, -0.609642, -0.792674, -0.001886, -0.014354, 0.791449, -0.608829, 0.054180, 0.248171, 0.000000, 0.000000, 0.000000, 1.000000, -0.027852, -0.044842, -0.998606, 0.103975, -0.998914, 0.038565, 0.026129, -0.001034, 0.037339, 0.998249, -0.045867, -0.008502, 0.000000, 0.000000, 0.000000, 1.000000
-13.4628, 22.6641, 8.2325, 165.2668, 234.2668, -13.6641, 248.8410, 104.1250, -1.1030, -8.5254, 0.610396, 0.792089, 0.003393, 0.022664, -0.791221, 0.609917, -0.044386, 0.008232, -0.037228, 0.024408, 0.999009, 0.165267, 0.000000, 0.000000, 0.000000, 1.000000, -0.037228, 0.024408, 0.999009, 0.234267, -0.610396, -0.792089, -0.003393, -0.013664, 0.791221, -0.609917, 0.044386, 0.248841, 0.000000, 0.000000, 0.000000, 1.000000, -0.035077, -0.046753, -0.998290, 0.104125, -0.998675, 0.039278, 0.033251, -0.001103, 0.037657, 0.998134, -0.048069, -0.008525, 0.000000, 0.000000, 0.000000, 1.000000
-12.9666, 21.9416, 7.6237, 166.5008, 235.5008, -12.9416, 249.4498, 104.0737, -1.0919, -8.6014, 0.610491, 0.791932, 0.011999, 0.021942, -0.791159, 0.610463, -0.037457, 0.007624, -0.036988, 0.013374, 0.999226, 0.166501, 0.000000, 0.000000, 0.000000, 1.000000, -0.036988, 0.013374, 0.999226, 0.235501, -0.610491, -0.791932, -0.011999, -0.012942, 0.791159, -0.610463, 0.037457, 0.249450, 0.000000, 0.000000, 0.000000, 1.000000, -0.035644, -0.044364, -0.998379, 0.104074, -0.998662, 0.039026, 0.033920, -0.001092, 0.037457, 0.998253, -0.045696, -0.008601, 0.000000, 0.000000, 0.000000, 1.000000
-12.4411, 21.2469, 7.0219, 167.7327, 236.7327, -12.2469, 250.0516, 104.1000, -1.0914, -8.6085, 0.610816, 0.791584, 0.017271, 0.021247, -0.791123, 0.611053, -0.027173, 0.007022, -0.032063, 0.002934, 0.999482, 0.167733, 0.000000, 0.000000, 0.000000, 1.000000, -0.032063, 0.002934, 0.999482, 0.236733, -0.610816, -0.791584, -0.017271, -0.012247, 0.791123, -0.611053, 0.027173, 0.250052, 0.000000, 0.000000, 0.000000, 1.000000, -0.040919, -0.043067, -0.998234, 0.104100, -0.998470, 0.038961, 0.039247, -0.001091, 0.037202, 0.998312, -0.044595, -0.008608, 0.000000, 0.000000, 0.000000, 1.000000
-11.9745, 20.6376, 6.3797, 168.7463, 237.7463, -11.6376, 250.6937, 104.2073, -1.1885, -8.6761, 0.612100, 0.790697, 0.011460, 0.020638, -0.790471, 0.612202, -0.019110, 0.006380, -0.022126, 0.002638, 0.999752, 0.168746, 0.000000, 0.000000, 0.000000, 1.000000, -0.022126, 0.002638, 0.999752, 0.237746, -0.612100, -0.790697, -0.011460, -0.011638, 0.790471, -0.612202, 0.019110, 0.250694, 0.000000, 0.000000, 0.000000, 1.000000, -0.051207, -0.050796, -0.997395, 0.104207, -0.997973, 0.040387, 0.049180, -0.001188, 0.037783, 0.997892, -0.052761, -0.008676, 0.000000, 0.000000, 0.000000, 1.000000
-11.4199, 20.0681, 5.8769, 169.8695, 238.8695, -11.0681, 251.1965, 104.4183, -1.1876, -8.4837, 0.611609, 0.790864, 0.021649, 0.020068, -0.790854, 0.611905, -0.011075, 0.005877, -0.022006, -0.010348, 0.999704, 0.169870, 0.000000, 0.000000, 0.000000, 1.000000, -0.022006, -0.010348, 0.999704, 0.238870, -0.611609, -0.790864, -0.021649, -0.011068, 0.790854, -0.611905, 0.011075, 0.251197, 0.000000, 0.000000, 0.000000, 1.000000, -0.051655, -0.047545, -0.997533, 0.104418, -0.997992, 0.039123, 0.049814, -0.001188, 0.036658, 0.998103, -0.049471, -0.008484, 0.000000, 0.000000, 0.000000, 1.000000
-10.8157, 19.3545, 5.2150, 171.0908, 240.0908, -10.3545, 251.8584, 104.6649, -1.2257, -8.4253, 0.612199, 0.790010, 0.033128, 0.019355, -0.790565, 0.612338, 0.006947, 0.005215, -0.014797, -0.030443, 0.999427, 0.171091, 0.000000, 0.000000, 0.000000, 1.000000, -0.014797, -0.030443, 0.999427, 0.240091, -0.612199, -0.790010, -0.033128, -0.010355, 0.790565, -0.612338, -0.006947, 0.251858, 0.000000, 0.000000, 0.000000, 1.000000, -0.059265, -0.037983, -0.997519, 0.104665, -0.997584, 0.038535, 0.057801, -0.001226, 0.036244, 0.998535, -0.040175, -0.008425, 0.000000, 0.000000, 0.000000, 1.000000
-10.2556, 18.6366, 4.6386, 172.5317, 241.5317, -9.6366, 252.4349, 104.6022, -1.1762, -8.4288, 0.612213, 0.789917, 0.035030, 0.018637, -0.790426, 0.612556, 0.001167, 0.004639, -0.020536, -0.028403, 0.999386, 0.172532, 0.000000, 0.000000, 0.000000, 1.000000, -0.020536, -0.028403, 0.999386, 0.241532, -0.612213, -0.789917, -0.035030, -0.009637, 0.790426, -0.612556, -0.001167, 0.252435, 0.000000, 0.000000, 0.000000, 1.000000, -0.053912, -0.049757, -0.997305, 0.104602, -0.997889, 0.038912, 0.052002, -0.001176, 0.036219, 0.998003, -0.051749, -0.008429, 0.000000, 0.000000, 0.000000, 1.000000
-9.7090, 17.9868, 3.9223, 173.7382, 242.7382, -8.9868, 253.1512, 104.7429, -1.2964, -8.4759, 0.613188, 0.789521, 0.025648, 0.017987, -0.789923, 0.613045, 0.014011, 0.003922, -0.004661, -0.028851, 0.999573, 0.173738, 0.000000, 0.000000, 0.000000, 1.000000, -0.004661, -0.028851, 0.999573, 0.242738, -0.613188, -0.789521, -0.025648, -0.008987, 0.789923, -0.613045, -0.014011, 0.253151, 0.000000, 0.000000, 0.000000, 1.000000, -0.070133, -0.058784, -0.995804, 0.104743, -0.996911, 0.039506, 0.067879, -0.001296, 0.035350, 0.997489, -0.061373, -0.008476, 0.000000, 0.000000, 0.000000, 1.000000
-9.0860, 17.3857, 3.4024, 175.0575, 244.0575, -8.3857, 253.6710, 104.9535, -1.2771, -8.2502, 0.613302, 0.789368, 0.027553, 0.017386, -0.789836, 0.613115, 0.015791, 0.003402, -0.004428, -0.031447, 0.999496, 0.175058, 0.000000, 0.000000, 0.000000, 1.000000, -0.004428, -0.031447, 0.999496, 0.244058, -0.613302, -0.789368, -0.027553, -0.008386, 0.789836, -0.613115, -0.015791, 0.253671, 0.000000, 0.000000, 0.000000, 1.000000, -0.070760, -0.067030, -0.995239, 0.104953, -0.996889, 0.039466, 0.068219, -0.001277, 0.034705, 0.996970, -0.069614, -0.008250, 0.000000, 0.000000, 0.000000, 1.000000
-8.5204, 16.7103, 2.7700, 176.4780, 245.4780, -7.7103, 254.3035, 104.9489, -1.2991, -8.2773, 0.613235, 0.789524, 0.024407, 0.016710, -0.789896, 0.612825, 0.022593, 0.002770, 0.002880, -0.033134, 0.999447, 0.176478, 0.000000, 0.000000, 0.000000, 1.000000, 0.002880, -0.033134, 0.999447, 0.245478, -0.613235, -0.789524, -0.024407, -0.007710, 0.789896, -0.612825, -0.022593, 0.254303, 0.000000, 0.000000, 0.000000, 1.000000, -0.078335, -0.075215, -0.994086, 0.104949, -0.996377, 0.039020, 0.075563, -0.001299, 0.033105, 0.996404, -0.077999, -0.008277, 0.000000, 0.000000, 0.000000, 1.000000
-7.9569, 15.2364, 2.3054, 177.6102, 246.6102, -6.2364, 254.7681, 105.3449, -0.7435, -8.8307, 0.602775, 0.778216, 0.176188, 0.015236, -0.791037, 0.611754, 0.004206, 0.002305, -0.104511, -0.141906, 0.984348, 0.177610, 0.000000, 0.000000, 0.000000, 1.000000, -0.104511, -0.141906, 0.984348, 0.246610, -0.602775, -0.778216, -0.176188, -0.006236, 0.791037, -0.611754, -0.004206, 0.254768, 0.000000, 0.000000, 0.000000, 1.000000, 0.029149, 0.024281, -0.999280, 0.105345, -0.998919, 0.036928, -0.028241, -0.000744, 0.036216, 0.999023, 0.025331, -0.008831, 0.000000, 0.000000, 0.000000, 1.000000
-7.3474, 14.8019, 1.8734, 179.0245, 248.0245, -5.8019, 255.2000, 105.4366, -0.7424, -8.4882, 0.604541, 0.780907, 0.157207, 0.014802, -0.790767, 0.612117, 0.000288, 0.001873, -0.096004, -0.124488, 0.987566, 0.179024, 0.000000, 0.000000, 0.000000, 1.000000, -0.096004, -0.124488, 0.987566, 0.248024, -0.604541, -0.780907, -0.157207, -0.005802, 0.790767, -0.612117, -0.000288, 0.255200, 0.000000, 0.000000, 0.000000, 1.000000, 0.020083, -0.003976, -0.999790, 0.105437, -0.999114, 0.036909, -0.020216, -0.000742, 0.036982, 0.999311, -0.003231, -0.008488, 0.000000, 0.000000, 0.000000, 1.000000
-6.8167, 14.0745, 1.2737, 180.3403, 249.3403, -5.0745, 255.7998, 105.4967, -0.7152, -8.6221, 0.602879, 0.779194, 0.171447, 0.014074, -0.790977, 0.611845, 0.000690, 0.001274, -0.104362, -0.136026, 0.985193, 0.180340, 0.000000, 0.000000, 0.000000, 1.000000, -0.104362, -0.136026, 0.985193, 0.249340, -0.602879, -0.779194, -0.171447, -0.005074, 0.790977, -0.611845, -0.000690, 0.255800, 0.000000, 0.000000, 0.000000, 1.000000, 0.028256, -0.001566, -0.999600, 0.105497, -0.998920, 0.036856, -0.028295, -0.000715, 0.036885, 0.999319, -0.000522, -0.008622, 0.000000, 0.000000, 0.000000, 1.000000
-6.2694, 13.5639, 0.8602, 181.6747, 250.6747, -4.5639, 256.2133, 105.5478, -0.6608, -8.4569, 0.602751, 0.780516, 0.165788, 0.013564, -0.790581, 0.612300, -0.008360, 0.000860, -0.108037, -0.126029, 0.986126, 0.181675, 0.000000, 0.000000, 0.000000, 1.000000, -0.108037, -0.126029, 0.986126, 0.250675, -0.602751, -0.780516, -0.165788, -0.004564, 0.790581, -0.612300, 0.008360, 0.256213, 0.000000, 0.000000, 0.000000, 1.000000, 0.031536, -0.021198, -0.999278, 0.105548, -0.998786, 0.037174, -0.032309, -0.000661, 0.037832, 0.999084, -0.020000, -0.008457, 0.000000, 0.000000, 0.000000, 1.000000
-5.7101, 13.0520, 0.3285, 182.9838, 251.9838, -4.0520, 256.7449, 105.6629, -0.7033, -8.3464, 0.603364, 0.780530, 0.163475, 0.013052, -0.790664, 0.612230, -0.004927, 0.000329, -0.103930, -0.126281, 0.986535, 0.182984, 0.000000, 0.000000, 0.000000, 1.000000, -0.103930, -0.126281, 0.986535, 0.251984, -0.603364, -0.780530, -0.163475, -0.004052, 0.790664, -0.612230, 0.004927, 0.256745, 0.000000, 0.000000, 0.000000, 1.000000, 0.027019, -0.030702, -0.999163, 0.105663, -0.998915, 0.037091, -0.028152, -0.000703, 0.037924, 0.998840, -0.029666, -0.008346, 0.000000, 0.000000, 0.000000, 1.000000
-5.1676, 12.5761, -0.1401, 184.4597, 253.4597, -3.5761, 257.2136, 105.5737, -0.7037, -8.2402, 0.604103, 0.780687, 0.159962, 0.012576, -0.790680, 0.612227, -0.001911, -0.000140, -0.099425, -0.125324, 0.987121, 0.184460, 0.000000, 0.000000, 0.000000, 1.000000, -0.099425, -0.125324, 0.987121, 0.253460, -0.604103, -0.780687, -0.159962, -0.003576, 0.790680, -0.612227, 0.001911, 0.257214, 0.000000, 0.000000, 0.000000, 1.000000, 0.022098, -0.041126, -0.998910, 0.105574, -0.999033, 0.037066, -0.023627, -0.000704, 0.037998, 0.998466, -0.040268, -0.008240, 0.000000, 0.000000, 0.000000, 1.000000
-4.6387, 12.1045, -0.5157, 185.4044, 254.4044, -3.1045, 257.5892, 105.9769, -0.6688, -8.0207, 0.603258, 0.779819, 0.167216, 0.012105, -0.790068, 0.612964, -0.008288, -0.000516, -0.108961, -0.127112, 0.985885, 0.185404, 0.000000, 0.000000, 0.000000, 1.000000, -0.108961, -0.127112, 0.985885, 0.254404, -0.603258, -0.779819, -0.167216, -0.003105, 0.790068, -0.612964, 0.008288, 0.257589, 0.000000, 0.000000, 0.000000, 1.000000, 0.031234, -0.048458, -0.998337, 0.105977, -0.998728, 0.038039, -0.033092, -0.000669, 0.039579, 0.998101, -0.047208, -0.008021, 0.000000, 0.000000, 0.000000, 1.000000
-4.1409, 11.5603, -1.1767, 187.1165, 256.1165, -2.5603, 258.2501, 105.5897, -0.7690, -8.2287, 0.606255, 0.778519, 0.162367, 0.011560, -0.790558, 0.612162, 0.016631, -0.001177, -0.086447, -0.138443, 0.986590, 0.187117, 0.000000, 0.000000, 0.000000, 1.000000, -0.086447, -0.138443, 0.986590, 0.256117, -0.606255, -0.778519, -0.162367, -0.002560, 0.790558, -0.612162, -0.016631, 0.258250, 0.000000, 0.000000, 0.000000, 1.000000, 0.008275, -0.045734, -0.998919, 0.105590, -0.999253, 0.037331, -0.009987, -0.000769, 0.037748, 0.998256, -0.045391, -0.008229, 0.000000, 0.000000, 0.000000, 1.000000
-3.6607, 10.9853, -1.6451, 188.3287, 257.3287, -1.9853, 258.7186, 105.6576, -0.7307, -8.3015, 0.605143, 0.777159, 0.172702, 0.010985, -0.790792, 0.611830, 0.017681, -0.001645, -0.091923, -0.147271, 0.984815, 0.188329, 0.000000, 0.000000, 0.000000, 1.000000, -0.091923, -0.147271, 0.984815, 0.257329, -0.605143, -0.777159, -0.172702, -0.001985, 0.790792, -0.611830, -0.017681, 0.258719, 0.000000, 0.000000, 0.000000, 1.000000, 0.013549, -0.045172, -0.998887, 0.105658, -0.999191, 0.037218, -0.015236, -0.000731, 0.037865, 0.998286, -0.044632, -0.008301, 0.000000, 0.000000, 0.000000, 1.000000
-3.0352, 10.5772, -2.0952, 189.9911, 258.9911, -1.5772, 259.1686, 105.5967, -0.7418, -8.0638, 0.606617, 0.779407, 0.156655, 0.010577, -0.791070, 0.611343, 0.021650, -0.002095, -0.078896, -0.137058, 0.987416, 0.189991, 0.000000, 0.000000, 0.000000, 1.000000, -0.078896, -0.137058, 0.987416, 0.258991, -0.606617, -0.779407, -0.156655, -0.001577, 0.791070, -0.611343, -0.021650, 0.259169, 0.000000, 0.000000, 0.000000, 1.000000, 0.000129, -0.066474, -0.997788, 0.105597, -0.999339, 0.036251, -0.002545, -0.000742, 0.036340, 0.997129, -0.066425, -0.008064, 0.000000, 0.000000, 0.000000, 1.000000
-2.3321, 9.9525, -2.7103, 191.3390, 260.3390, -0.9525, 259.7837, 106.0882, -0.7842, -7.8976, 0.606420, 0.775327, 0.176418, 0.009952, -0.790935, 0.610974, 0.033638, -0.002710, -0.081707, -0.159934, 0.983740, 0.191339, 0.000000, 0.000000, 0.000000, 1.000000, -0.081707, -0.159934, 0.983740, 0.260339, -0.606420, -0.775327, -0.176418, -0.000952, 0.790935, -0.610974, -0.033638, 0.259784, 0.000000, 0.000000, 0.000000, 1.000000, 0.002453, -0.055521, -0.998454, 0.106088, -0.999317, 0.036679, -0.004495, -0.000784, 0.036871, 0.997784, -0.055393, -0.007898, 0.000000, 0.000000, 0.000000, 1.000000
-1.6099, 9.3000, -3.3291, 193.1995, 262.1995, -0.3000, 260.4026, 106.1449, -0.7771, -7.8451, 0.606759, 0.773442, 0.183388, 0.009300, -0.791072, 0.610131, 0.044108, -0.003329, -0.077776, -0.171836, 0.982051, 0.193200, 0.000000, 0.000000, 0.000000, 1.000000, -0.077776, -0.171836, 0.982051, 0.262200, -0.606759, -0.773442, -0.183388, -0.000300, 0.791072, -0.610131, -0.044108, 0.260403, 0.000000, 0.000000, 0.000000, 1.000000, -0.001895, -0.056046, -0.998426, 0.106145, -0.999343, 0.036234, -0.000137, -0.000777, 0.036185, 0.997770, -0.056078, -0.007845, 0.000000, 0.000000, 0.000000, 1.000000
-1.0243, 8.6765, -3.9377, 195.0802, 264.0802, 0.3235, 261.0112, 105.8729, -0.7768, -8.0415, 0.606640, 0.772062, 0.189496, 0.008676, -0.791124, 0.609738, 0.048398, -0.003938, -0.078176, -0.179275, 0.980688, 0.195080, 0.000000, 0.000000, 0.000000, 1.000000, -0.078176, -0.179275, 0.980688, 0.264080, -0.606640, -0.772062, -0.189496, 0.000324, 0.791124, -0.609738, -0.048398, 0.261011, 0.000000, 0.000000, 0.000000, 1.000000, -0.001845, -0.058678, -0.998275, 0.105873, -0.999345, 0.036182, -0.000280, -0.000777, 0.036136, 0.997621, -0.058707, -0.008041, 0.000000, 0.000000, 0.000000, 1.000000
-0.4222, 8.1835, -4.4164, 196.3716, 265.3716, 0.8165, 261.4898, 106.1807, -0.7886, -7.9030, 0.607330, 0.768072, 0.203017, 0.008183, -0.790974, 0.608474, 0.064185, -0.004416, -0.074232, -0.199562, 0.977069, 0.196372, 0.000000, 0.000000, 0.000000, 1.000000, -0.074232, -0.199562, 0.977069, 0.265372, -0.607330, -0.768072, -0.203017, 0.000817, 0.790974, -0.608474, -0.064185, 0.261490, 0.000000, 0.000000, 0.000000, 1.000000, -0.006216, -0.048483, -0.998805, 0.106181, -0.999341, 0.036015, 0.004471, -0.000789, 0.035755, 0.998175, -0.048675, -0.007903, 0.000000, 0.000000, 0.000000, 1.000000
0.1190, 7.6495, -4.9017, 197.8922, 266.8921, 1.3505, 261.9752, 106.1461, -0.7658, -7.9809, 0.606723, 0.767111, 0.208395, 0.007650, -0.791104, 0.608331, 0.063933, -0.004902, -0.077730, -0.203652, 0.975953, 0.197892, 0.000000, 0.000000, 0.000000, 1.000000, -0.077730, -0.203652, 0.975953, 0.266892, -0.606723, -0.767111, -0.208395, 0.001350, 0.791104, -0.608331, -0.063933, 0.261975, 0.000000, 0.000000, 0.000000, 1.000000, -0.003020, -0.053713, -0.998552, 0.106146, -0.999345, 0.036163, 0.001077, -0.000766, 0.036053, 0.997901, -0.053787, -0.007981, 0.000000, 0.000000, 0.000000, 1.000000
0.6871, 7.2173, -5.3535, 199.2629, 268.2629, 1.7827, 262.4270, 106.2995, -0.7851, -7.8831, 0.607005, 0.765151, 0.214683, 0.007217, -0.791301, 0.606888, 0.074358, -0.005354, -0.073393, -0.215014, 0.973849, 0.199263, 0.000000, 0.000000, 0.000000, 1.000000, -0.073393, -0.215014, 0.973849, 0.268263, -0.607005, -0.765151, -0.214683, 0.001783, 0.791301, -0.606888, -0.074358, 0.262427, 0.000000, 0.000000, 0.000000, 1.000000, -0.007597, -0.052037, -0.998616, 0.106300, -0.999360, 0.035312, 0.005763, -0.000785, 0.034964, 0.998021, -0.052272, -0.007883, 0.000000, 0.000000, 0.000000, 1.000000
1.3308, 6.7678, -5.7609, 200.7165, 269.7165, 2.2322, 262.8343, 106.5571, -0.7525, -7.6656, 0.606883, 0.762959, 0.222679, 0.006768, -0.791350, 0.606098, 0.080066, -0.005761, -0.073878, -0.224808, 0.971598, 0.200717, 0.000000, 0.000000, 0.000000, 1.000000, -0.073878, -0.224808, 0.971598, 0.269717, -0.606883, -0.762959, -0.222679, 0.002232, 0.791350, -0.606098, -0.080066, 0.262834, 0.000000, 0.000000, 0.000000, 1.000000, -0.007488, -0.053197, -0.998556, 0.106557, -0.999363, 0.035239, 0.005617, -0.000753, 0.034890, 0.997962, -0.053427, -0.007666, 0.000000, 0.000000, 0.000000, 1.000000
1.9178, 6.2018, -6.3153, 202.4980, 271.4980, 2.7982, 263.3887, 106.4278, -0.7486, -7.8328, 0.606837, 0.760565, 0.230846, 0.006202, -0.791085, 0.606093, 0.082681, -0.006315, -0.077030, -0.232792, 0.969471, 0.202498, 0.000000, 0.000000, 0.000000, 1.000000, -0.077030, -0.232792, 0.969471, 0.271498, -0.606837, -0.760565, -0.230846, 0.002798, 0.791085, -0.606093, -0.082681, 0.263389, 0.000000, 0.000000, 0.000000, 1.000000, -0.004853, -0.055136, -0.998467, 0.106428, -0.999346, 0.036050, 0.002867, -0.000749, 0.035837, 0.997828, -0.055275, -0.007833, 0.000000, 0.000000, 0.000000, 1.000000
2.5922, 5.7869, -6.7242, 203.8837, 272.8837, 3.2131, 263.7976, 106.8322, -0.7421, -7.5370, 0.606631, 0.758876, 0.236866, 0.005787, -0.791551, 0.604237, 0.091355, -0.006724, -0.073796, -0.242910, 0.967238, 0.203884, 0.000000, 0.000000, 0.000000, 1.000000, -0.073796, -0.242910, 0.967238, 0.272884, -0.606631, -0.758876, -0.236866, 0.003213, 0.791551, -0.604237, -0.091355, 0.263798, 0.000000, 0.000000, 0.000000, 1.000000, -0.008238, -0.056549, -0.998366, 0.106832, -0.999375, 0.034796, 0.006275, -0.000742, 0.034384, 0.997793, -0.056800, -0.007537, 0.000000, 0.000000, 0.000000, 1.000000
3.1573, 5.2715, -7.2606, 205.9179, 274.9179, 3.7285, 264.3340, 106.4224, -0.7349, -7.8038, 0.607072, 0.756522, 0.243182, 0.005272, -0.791526, 0.602771, 0.100764, -0.007261, -0.070353, -0.253656, 0.964733, 0.205918, 0.000000, 0.000000, 0.000000, 1.000000, -0.070353, -0.253656, 0.964733, 0.274918, -0.607072, -0.756522, -0.243182, 0.003728, 0.791526, -0.602771, -0.100764, 0.264334, 0.000000, 0.000000, 0.000000, 1.000000, -0.011974, -0.055328, -0.998396, 0.106422, -0.999364, 0.034200, 0.010090, -0.000735, 0.033587, 0.997882, -0.055703, -0.007804, 0.000000, 0.000000, 0.000000, 1.000000
3.8593, 4.8651, -7.6363, 207.2031, 276.2031, 4.1349, 264.7098, 106.9995, -0.7135, -7.4237, 0.607128, 0.753480, 0.252316, 0.004865, -0.791353, 0.602047, 0.106302, -0.007636, -0.071810, -0.264210, 0.961788, 0.207203, 0.000000, 0.000000, 0.000000, 1.000000, -0.071810, -0.264210, 0.961788, 0.276203, -0.607128, -0.753480, -0.252316, 0.004135, 0.791353, -0.602047, -0.106302, 0.264710, 0.000000, 0.000000, 0.000000, 1.000000, -0.011049, -0.056571, -0.998337, 0.107000, -0.999359, 0.034617, 0.009099, -0.000713, 0.034045, 0.997798, -0.056917, -0.007424, 0.000000, 0.000000, 0.000000, 1.000000
4.4124, 4.3551, -8.1172, 209.2070, 278.2070, 4.6449, 265.1906, 106.6097, -0.6663, -7.7034, 0.607029, 0.751541, 0.258268, 0.004355, -0.791610, 0.600398, 0.113473, -0.008117, -0.069784, -0.273329, 0.959386, 0.209207, 0.000000, 0.000000, 0.000000, 1.000000, -0.069784, -0.273329, 0.959386, 0.278207, -0.607029, -0.751541, -0.258268, 0.004645, 0.791610, -0.600398, -0.113473, 0.265191, 0.000000, 0.000000, 0.000000, 1.000000, -0.013218, -0.056791, -0.998299, 0.106610, -0.999366, 0.033748, 0.011313, -0.000666, 0.033048, 0.997816, -0.057201, -0.007703, 0.000000, 0.000000, 0.000000, 1.000000
4.9466, 3.9393, -8.5966, 210.6990, 279.6990, 5.0607, 265.6700, 106.6418, -0.7090, -7.7927, 0.607208, 0.747049, 0.270585, 0.003939, -0.791305, 0.599301, 0.121141, -0.008597, -0.071664, -0.287673, 0.955044, 0.210699, 0.000000, 0.000000, 0.000000, 1.000000, -0.071664, -0.287673, 0.955044, 0.279699, -0.607208, -0.747049, -0.270585, 0.005061, 0.791305, -0.599301, -0.121141, 0.265670, 0.000000, 0.000000, 0.000000, 1.000000, -0.011863, -0.051061, -0.998625, 0.106642, -0.999356, 0.034431, 0.010111, -0.000709, 0.033867, 0.998102, -0.051437, -0.007793, 0.000000, 0.000000, 0.000000, 1.000000
5.4828, 3.6676, -8.8719, 211.8840, 280.8840, 5.3324, 265.9454, 106.9002, -0.6910, -7.5594, 0.606965, 0.745317, 0.275855, 0.003668, -0.791497, 0.598183, 0.125340, -0.008872, -0.071594, -0.294415, 0.952992, 0.211884, 0.000000, 0.000000, 0.000000, 1.000000, -0.071594, -0.294415, 0.952992, 0.280884, -0.606965, -0.745317, -0.275855, 0.005332, 0.791497, -0.598183, -0.125340, 0.265945, 0.000000, 0.000000, 0.000000, 1.000000, -0.012138, -0.053372, -0.998501, 0.106900, -0.999367, 0.034043, 0.010329, -0.000691, 0.033441, 0.997994, -0.053752, -0.007559, 0.000000, 0.000000, 0.000000, 1.000000
6.0626, 3.3155, -9.2378, 213.2090, 282.2090, 5.6845, 266.3112, 107.1743, -0.6902, -7.4121, 0.606917, 0.741419, 0.286268, 0.003316, -0.791427, 0.596779, 0.132280, -0.009238, -0.072764, -0.306843, 0.948975, 0.213209, 0.000000, 0.000000, 0.000000, 1.000000, -0.072764, -0.306843, 0.948975, 0.282209, -0.606917, -0.741419, -0.286268, 0.005684, 0.791427, -0.596779, -0.132280, 0.266311, 0.000000, 0.000000, 0.000000, 1.000000, -0.011381, -0.050391, -0.998665, 0.107174, -0.999366, 0.034269, 0.009660, -0.000690, 0.033736, 0.998141, -0.050749, -0.007412, 0.000000, 0.000000, 0.000000, 1.000000
6.6523, 2.9011, -9.6178, 215.1115, 284.1114, 6.0989, 266.6912, 106.9670, -0.6236, -7.5199, 0.606483, 0.740001, 0.290821, 0.002901, -0.791844, 0.595198, 0.136829, -0.009618, -0.071843, -0.313269, 0.946943, 0.215111, 0.000000, 0.000000, 0.000000, 1.000000, -0.071843, -0.313269, 0.946943, 0.284111, -0.606483, -0.740001, -0.290821, 0.006099, 0.791844, -0.595198, -0.136829, 0.266691, 0.000000, 0.000000, 0.000000, 1.000000, -0.012370, -0.053970, -0.998466, 0.106967, -0.999388, 0.033347, 0.010579, -0.000624, 0.032724, 0.997986, -0.054350, -0.007520, 0.000000, 0.000000, 0.000000, 1.000000
7.2600, 2.5823, -10.0151, 216.6698, 285.6698, 6.4177, 267.0886, 107.1026, -0.6510, -7.4221, 0.606997, 0.736743, 0.297933, 0.002582, -0.791609, 0.593588, 0.144941, -0.010015, -0.070065, -0.323826, 0.943519, 0.216670, 0.000000, 0.000000, 0.000000, 1.000000, -0.070065, -0.323826, 0.943519, 0.285670, -0.606997, -0.736743, -0.297933, 0.006418, 0.791609, -0.593588, -0.144941, 0.267089, 0.000000, 0.000000, 0.000000, 1.000000, -0.014576, -0.053408, -0.998466, 0.107103, -0.999368, 0.033169, 0.012815, -0.000651, 0.032434, 0.998022, -0.053857, -0.007422, 0.000000, 0.000000, 0.000000, 1.000000
7.8039, 2.2100, -10.4115, 218.1936, 287.1936, 6.7900, 267.4850, 107.1515, -0.6491, -7.4808, 0.606364, 0.732880, 0.308562, 0.002210, -0.791739, 0.592526, 0.148533, -0.010412, -0.073974, -0.334365, 0.939536, 0.218194, 0.000000, 0.000000, 0.000000, 1.000000, -0.073974, -0.334365, 0.939536, 0.287194, -0.606364, -0.732880, -0.308562, 0.006790, 0.791739, -0.592526, -0.148533, 0.267485, 0.000000, 0.000000, 0.000000, 1.000000, -0.011041, -0.051639, -0.998605, 0.107152, -0.999386, 0.033788, 0.009302, -0.000649, 0.033261, 0.998094, -0.051980, -0.007481, 0.000000, 0.000000, 0.000000, 1.000000
8.4492, 1.9846, -10.6718, 219.3917, 288.3917, 7.0154, 267.7452, 107.6668, -0.6448, -7.0488, 0.606439, 0.729966, 0.315248, 0.001985, -0.791842, 0.590458, 0.156032, -0.010672, -0.072243, -0.344250, 0.936094, 0.219392, 0.000000, 0.000000, 0.000000, 1.000000, -0.072243, -0.344250, 0.936094, 0.288392, -0.606439, -0.729966, -0.315248, 0.007015, 0.791842, -0.590458, -0.156032, 0.267745, 0.000000, 0.000000, 0.000000, 1.000000, -0.013010, -0.052407, -0.998541, 0.107667, -0.999389, 0.033087, 0.011284, -0.000645, 0.032447, 0.998078, -0.052805, -0.007049, 0.000000, 0.000000, 0.000000, 1.000000
9.0014, 1.6216, -11.0787, 221.3127, 290.3127, 7.3784, 268.1521, 107.3904, -0.6284, -7.2710, 0.607068, 0.726216, 0.322612, 0.001622, -0.791531, 0.588545, 0.164603, -0.011079, -0.070335, -0.355283, 0.932109, 0.221313, 0.000000, 0.000000, 0.000000, 1.000000, -0.070335, -0.355283, 0.932109, 0.290313, -0.607068, -0.726216, -0.322612, 0.007378, 0.791531, -0.588545, -0.164603, 0.268152, 0.000000, 0.000000, 0.000000, 1.000000, -0.015350, -0.050236, -0.998619, 0.107390, -0.999364, 0.032913, 0.013706, -0.000628, 0.032179, 0.998195, -0.050710, -0.007271, 0.000000, 0.000000, 0.000000, 1.000000
9.5306, 1.3197, -11.3774, 223.0654, 292.0655, 7.6803, 268.4509, 107.1847, -0.5716, -7.3802, 0.607127, 0.725040, 0.325137, 0.001320, -0.791546, 0.587711, 0.167484, -0.011377, -0.069654, -0.359045, 0.930717, 0.223065, 0.000000, 0.000000, 0.000000, 1.000000, -0.069654, -0.359045, 0.930717, 0.292065, -0.607127, -0.725040, -0.325137, 0.007680, 0.791546, -0.587711, -0.167484, 0.268451, 0.000000, 0.000000, 0.000000, 1.000000, -0.016284, -0.055440, -0.998329, 0.107185, -0.999362, 0.032647, 0.014488, -0.000572, 0.031790, 0.997928, -0.055936, -0.007380, 0.000000, 0.000000, 0.000000, 1.000000
10.0504, 1.0636, -11.6780, 224.2673, 293.2673, 7.9364, 268.7515, 107.4495, -0.5820, -7.2584, 0.606111, 0.720576, 0.336749, 0.001064, -0.792013, 0.585698, 0.172260, -0.011678, -0.073107, -0.371118, 0.925703, 0.224267, 0.000000, 0.000000, 0.000000, 1.000000, -0.073107, -0.371118, 0.925703, 0.293267, -0.606111, -0.720576, -0.336749, 0.007936, 0.792013, -0.585698, -0.172260, 0.268751, 0.000000, 0.000000, 0.000000, 1.000000, -0.012973, -0.051484, -0.998590, 0.107450, -0.999400, 0.032732, 0.011296, -0.000582, 0.032104, 0.998137, -0.051877, -0.007258, 0.000000, 0.000000, 0.000000, 1.000000
10.6953, 0.8379, -11.9637, 225.9539, 294.9540, 8.1621, 269.0371, 107.5588, -0.5632, -7.0857, 0.606851, 0.718297, 0.340266, 0.000838, -0.791747, 0.583893, 0.179459, -0.011964, -0.069774, -0.378309, 0.923046, 0.225954, 0.000000, 0.000000, 0.000000, 1.000000, -0.069774, -0.378309, 0.923046, 0.294954, -0.606851, -0.718297, -0.340266, 0.008162, 0.791747, -0.583893, -0.179459, 0.269037, 0.000000, 0.000000, 0.000000, 1.000000, -0.016673, -0.055003, -0.998347, 0.107559, -0.999374, 0.032070, 0.014923, -0.000563, 0.031196, 0.997971, -0.055503, -0.007086, 0.000000, 0.000000, 0.000000, 1.000000
11.2465, 0.5372, -12.2647, 227.7960, 296.7960, 8.4628, 269.3381, 107.3555, -0.5025, -7.2334, 0.606169, 0.716027, 0.346215, 0.000537, -0.792303, 0.581622, 0.184313, -0.012265, -0.069394, -0.386032, 0.919872, 0.227796, 0.000000, 0.000000, 0.000000, 1.000000, -0.069394, -0.386032, 0.919872, 0.296796, -0.606169, -0.716027, -0.346215, 0.008463, 0.792303, -0.581622, -0.184313, 0.269338, 0.000000, 0.000000, 0.000000, 1.000000, -0.016930, -0.056325, -0.998269, 0.107355, -0.999404, 0.030986, 0.015201, -0.000502, 0.030077, 0.997932, -0.056816, -0.007233, 0.000000, 0.000000, 0.000000, 1.000000
11.8383, 0.3612, -12.5608, 228.8793, 297.8793, 8.6388, 269.6342, 107.8834, -0.5641, -6.8896, 0.606943, 0.709453, 0.358185, 0.000361, -0.791491, 0.580331, 0.191725, -0.012561, -0.071846, -0.399866, 0.913753, 0.228879, 0.000000, 0.000000, 0.000000, 1.000000, -0.071846, -0.399866, 0.913753, 0.297879, -0.606943, -0.709453, -0.358185, 0.008639, 0.791491, -0.580331, -0.191725, 0.269634, 0.000000, 0.000000, 0.000000, 1.000000, -0.015539, -0.051382, -0.998558, 0.107883, -0.999367, 0.032752, 0.013866, -0.000564, 0.031992, 0.998142, -0.051859, -0.006890, 0.000000, 0.000000, 0.000000, 1.000000
12.3884, 0.0908, -12.8557, 230.7620, 299.7620, 8.9092, 269.9292, 107.6500, -0.5131, -7.0593, 0.606533, 0.707493, 0.362727, 0.000091, -0.792045, 0.577370, 0.198266, -0.012856, -0.069156, -0.407551, 0.910560, 0.230762, 0.000000, 0.000000, 0.000000, 1.000000, -0.069156, -0.407551, 0.910560, 0.299762, -0.606533, -0.707493, -0.362727, 0.008909, 0.792045, -0.577370, -0.198266, 0.269929, 0.000000, 0.000000, 0.000000, 1.000000, -0.017943, -0.052713, -0.998448, 0.107650, -0.999388, 0.030930, 0.016327, -0.000513, 0.030022, 0.998131, -0.053236, -0.007059, 0.000000, 0.000000, 0.000000, 1.000000
13.1245, -0.1090, -13.1137, 232.3449, 301.3449, 9.1090, 270.1871, 108.0847, -0.4942, -6.6863, 0.606367, 0.704530, 0.368722, -0.000109, -0.792045, 0.576281, 0.201406, -0.013114, -0.070591, -0.414171, 0.907458, 0.232345, 0.000000, 0.000000, 0.000000, 1.000000, -0.070591, -0.414171, 0.907458, 0.301345, -0.606367, -0.704530, -0.368722, 0.009109, 0.792045, -0.576281, -0.201406, 0.270187, 0.000000, 0.000000, 0.000000, 1.000000, -0.016994, -0.058219, -0.998159, 0.108085, -0.999395, 0.031287, 0.015191, -0.000494, 0.030345, 0.997813, -0.058716, -0.006686, 0.000000, 0.000000, 0.000000, 1.000000
13.6746, -0.3191, -13.3817, 233.9924, 302.9924, 9.3191, 270.4552, 108.0511, -0.4730, -6.7187, 0.606139, 0.700373, 0.376927, -0.000319, -0.792277, 0.573359, 0.208700, -0.013382, -0.069947, -0.425131, 0.902425, 0.233992, 0.000000, 0.000000, 0.000000, 1.000000, -0.069947, -0.425131, 0.902425, 0.302992, -0.606139, -0.700373, -0.376927, 0.009319, 0.792277, -0.573359, -0.208700, 0.270455, 0.000000, 0.000000, 0.000000, 1.000000, -0.017700, -0.055763, -0.998287, 0.108051, -0.999405, 0.030535, 0.016014, -0.000473, 0.029589, 0.997977, -0.056270, -0.006719, 0.000000, 0.000000, 0.000000, 1.000000
14.3827, -0.5147, -13.6449, 235.8715, 304.8715, 9.5147, 270.7184, 108.1824, -0.4397, -6.5656, 0.605793, 0.696834, 0.383976, -0.000515, -0.792485, 0.571300, 0.213504, -0.013645, -0.070588, -0.433634, 0.898320, 0.235872, 0.000000, 0.000000, 0.000000, 1.000000, -0.070588, -0.433634, 0.898320, 0.304872, -0.605793, -0.696834, -0.383976, 0.009515, 0.792485, -0.571300, -0.213504, 0.270718, 0.000000, 0.000000, 0.000000, 1.000000, -0.017308, -0.058679, -0.998127, 0.108182, -0.999420, 0.030301, 0.015549, -0.000440, 0.029331, 0.997817, -0.059169, -0.006566, 0.000000, 0.000000, 0.000000, 1.000000
15.0010, -0.7346, -13.9537, 237.4334, 306.4334, 9.7346, 271.0272, 108.4160, -0.4521, -6.4822, 0.605801, 0.690023, 0.396073, -0.000735, -0.792286, 0.568698, 0.221055, -0.013954, -0.072712, -0.447718, 0.891213, 0.237433, 0.000000, 0.000000, 0.000000, 1.000000, -0.072712, -0.447718, 0.891213, 0.306433, -0.605801, -0.690023, -0.396073, 0.009735, 0.792286, -0.568698, -0.221055, 0.271027, 0.000000, 0.000000, 0.000000, 1.000000, -0.015838, -0.053632, -0.998435, 0.108416, -0.999415, 0.031120, 0.014182, -0.000452, 0.030311, 0.998076, -0.054093, -0.006482, 0.000000, 0.000000, 0.000000, 1.000000
15.7248, -0.9349, -14.2329, 239.9281, 308.9281, 9.9349, 271.3064, 108.0860, -0.3851, -6.6536, 0.605640, 0.688288, 0.399324, -0.000935, -0.792756, 0.565307, 0.227962, -0.014233, -0.068837, -0.454629, 0.888017, 0.239928, 0.000000, 0.000000, 0.000000, 1.000000, -0.068837, -0.454629, 0.888017, 0.308928, -0.605640, -0.688288, -0.399324, 0.009935, 0.792756, -0.565307, -0.227962, 0.271306, 0.000000, 0.000000, 0.000000, 1.000000, -0.019359, -0.058691, -0.998088, 0.108086, -0.999427, 0.028875, 0.017687, -0.000385, 0.027781, 0.997859, -0.059216, -0.006654, 0.000000, 0.000000, 0.000000, 1.000000
16.2794, -1.0919, -14.4760, 241.5422, 310.5422, 10.0919, 271.5495, 108.1106, -0.3767, -6.6688, 0.605384, 0.681067, 0.411895, -0.001092, -0.792694, 0.562554, 0.234883, -0.014476, -0.071742, -0.468701, 0.880439, 0.241542, 0.000000, 0.000000, 0.000000, 1.000000, -0.071742, -0.468701, 0.880439, 0.310542, -0.605384, -0.681067, -0.411895, 0.010092, 0.792694, -0.562554, -0.234883, 0.271549, 0.000000, 0.000000, 0.000000, 1.000000, -0.017047, -0.052348, -0.998483, 0.108111, -0.999435, 0.029809, 0.015500, -0.000377, 0.028952, 0.998184, -0.052826, -0.006669, 0.000000, 0.000000, 0.000000, 1.000000
16.9670, -1.2136, -14.6801, 243.0671, 312.0671, 10.2136, 271.7536, 108.5001, -0.3634, -6.3534, 0.605662, 0.677969, 0.416571, -0.001214, -0.792633, 0.560111, 0.240848, -0.014680, -0.070039, -0.476061, 0.876619, 0.243067, 0.000000, 0.000000, 0.000000, 1.000000, -0.070039, -0.476061, 0.876619, 0.312067, -0.605662, -0.677969, -0.416571, 0.010214, 0.792633, -0.560111, -0.240848, 0.271754, 0.000000, 0.000000, 0.000000, 1.000000, -0.018982, -0.056018, -0.998249, 0.108500, -0.999426, 0.029091, 0.017372, -0.000363, 0.028067, 0.998006, -0.056538, -0.006353, 0.000000, 0.000000, 0.000000, 1.000000
17.5855, -1.3328, -14.9325, 245.2075, 314.2075, 10.3328, 272.0060, 108.2336, -0.3469, -6.5317, 0.605994, 0.672759, 0.424460, -0.001333, -0.792428, 0.557165, 0.248243, -0.014933, -0.069486, -0.486788, 0.870752, 0.245207, 0.000000, 0.000000, 0.000000, 1.000000, -0.069486, -0.486788, 0.870752, 0.314207, -0.605994, -0.672759, -0.424460, 0.010333, 0.792428, -0.557165, -0.248243, 0.272006, 0.000000, 0.000000, 0.000000, 1.000000, -0.019959, -0.054529, -0.998313, 0.108234, -0.999412, 0.028944, 0.018400, -0.000347, 0.027892, 0.998093, -0.055075, -0.006532, 0.000000, 0.000000, 0.000000, 1.000000
18.2644, -1.4044, -15.1104, 246.5382, 315.5382, 10.4044, 272.1838, 108.7554, -0.3551, -6.1055, 0.606432, 0.665623, 0.434955, -0.001404, -0.791963, 0.554446, 0.255703, -0.015110, -0.070957, -0.499535, 0.863383, 0.246538, 0.000000, 0.000000, 0.000000, 1.000000, -0.070957, -0.499535, 0.863383, 0.315538, -0.606432, -0.665623, -0.434955, 0.010404, 0.791963, -0.554446, -0.255703, 0.272184, 0.000000, 0.000000, 0.000000, 1.000000, -0.019396, -0.051550, -0.998482, 0.108755, -0.999392, 0.029951, 0.017867, -0.000355, 0.028985, 0.998221, -0.052099, -0.006105, 0.000000, 0.000000, 0.000000, 1.000000
18.8002, -1.5143, -15.3104, 248.5110, 317.5110, 10.5143, 272.3839, 108.4479, -0.3133, -6.3495, 0.605650, 0.662642, 0.440561, -0.001514, -0.792590, 0.551508, 0.260077, -0.015310, -0.070635, -0.506700, 0.859224, 0.248511, 0.000000, 0.000000, 0.000000, 1.000000, -0.070635, -0.506700, 0.859224, 0.317511, -0.605650, -0.662642, -0.440561, 0.010514, 0.792590, -0.551508, -0.260077, 0.272384, 0.000000, 0.000000, 0.000000, 1.000000, -0.019383, -0.052684, -0.998423, 0.108448, -0.999426, 0.028777, 0.017884, -0.000313, 0.027789, 0.998196, -0.053211, -0.006349, 0.000000, 0.000000, 0.000000, 1.000000
19.3255, -1.6041, -15.4744, 249.9175, 318.9175, 10.6041, 272.5479, 108.5774, -0.2943, -6.2813, 0.605246, 0.658220, 0.447688, -0.001604, -0.792754, 0.549429, 0.263947, -0.015474, -0.072237, -0.514659, 0.854346, 0.249917, 0.000000, 0.000000, 0.000000, 1.000000, -0.072237, -0.514659, 0.854346, 0.318917, -0.605246, -0.658220, -0.447688, 0.010604, 0.792754, -0.549429, -0.263947, 0.272548, 0.000000, 0.000000, 0.000000, 1.000000, -0.018070, -0.052513, -0.998457, 0.108577, -0.999440, 0.029077, 0.016559, -0.000294, 0.028162, 0.998197, -0.053009, -0.006281, 0.000000, 0.000000, 0.000000, 1.000000
