# Joint_B_Angle(deg), Cam_X(mm), Cam_Y(mm), Cam_Z(mm), Torso_X(mm), Torso_Y(mm), Torso_Z(mm), EE_X(mm), EE_Y(mm), EE_Z(mm), T_cam2marker_flat(16), T_torso2marker_flat(16), T_ee2marker_flat(16)
-19.7407, -20.4666, 11.4315, 384.1953, 453.1952, 29.4666, 245.6419, 19.3534, -22.2825, -52.6455, 0.290194, 0.954130, -0.073643, -0.020467, -0.943322, 0.298157, 0.145762, 0.011432, 0.161033, 0.027170, 0.986575, 0.384195, 0.000000, 0.000000, 0.000000, 1.000000, 0.161033, 0.027170, 0.986575, 0.453195, -0.290194, -0.954130, 0.073643, 0.029467, 0.943322, -0.298157, -0.145762, 0.245642, 0.000000, 0.000000, 0.000000, 1.000000, -0.996207, 0.045607, 0.074104, 0.019353, 0.066793, -0.145020, 0.987172, -0.022283, 0.055769, 0.988377, 0.141424, -0.052646, 0.000000, 0.000000, 0.000000, 1.000000
-19.4146, -20.6898, 12.0789, 384.0931, 453.0931, 29.6898, 244.9946, 19.0644, -22.6175, -52.7741, 0.288189, 0.955644, -0.060764, -0.020690, -0.944238, 0.294156, 0.147942, 0.012079, 0.159254, 0.014740, 0.987128, 0.384093, 0.000000, 0.000000, 0.000000, 1.000000, 0.159254, 0.014740, 0.987128, 0.453093, -0.288189, -0.955644, 0.060764, 0.029690, 0.944238, -0.294156, -0.147942, 0.244995, 0.000000, 0.000000, 0.000000, 1.000000, -0.996114, 0.047766, 0.073999, 0.019064, 0.065733, -0.156023, 0.985564, -0.022618, 0.058622, 0.986598, 0.152276, -0.052774, 0.000000, 0.000000, 0.000000, 1.000000
-19.0936, -20.9320, 12.8174, 384.3648, 453.3648, 29.9320, 244.2561, 18.8537, -22.5719, -52.8337, 0.283911, 0.955196, -0.083634, -0.020932, -0.946319, 0.293188, 0.136088, 0.012817, 0.154512, 0.040507, 0.987160, 0.384365, 0.000000, 0.000000, 0.000000, 1.000000, 0.154512, 0.040507, 0.987160, 0.453365, -0.283911, -0.955196, 0.083634, 0.029932, 0.946319, -0.293188, -0.136088, 0.244256, 0.000000, 0.000000, 0.000000, 1.000000, -0.996364, 0.050042, 0.068959, 0.018854, 0.062014, -0.129080, 0.989693, -0.022572, 0.058428, 0.990371, 0.125507, -0.052834, 0.000000, 0.000000, 0.000000, 1.000000
-18.8057, -21.3229, 13.8194, 384.0084, 453.0083, 30.3229, 243.2541, 19.0837, -23.0753, -53.0749, 0.278878, 0.956427, -0.086460, -0.021323, -0.947529, 0.288693, 0.137280, 0.013819, 0.156259, 0.043639, 0.986752, 0.384008, 0.000000, 0.000000, 0.000000, 1.000000, 0.156259, 0.043639, 0.986752, 0.453008, -0.278878, -0.956427, 0.086460, 0.030323, 0.947529, -0.288693, -0.137280, 0.243254, 0.000000, 0.000000, 0.000000, 1.000000, -0.996190, 0.049877, 0.071542, 0.019084, 0.064844, -0.124961, 0.990040, -0.023075, 0.058320, 0.990907, 0.121251, -0.053075, 0.000000, 0.000000, 0.000000, 1.000000
-18.5093, -21.6488, 14.6592, 384.4091, 453.4092, 30.6489, 242.4142, 19.0481, -22.8653, -53.1710, 0.277324, 0.957904, -0.074243, -0.021649, -0.950789, 0.284734, 0.122174, 0.014659, 0.138170, 0.036708, 0.989728, 0.384409, 0.000000, 0.000000, 0.000000, 1.000000, 0.138170, 0.036708, 0.989728, 0.453409, -0.277324, -0.957904, 0.074243, 0.030649, 0.950789, -0.284734, -0.122174, 0.242414, 0.000000, 0.000000, 0.000000, 1.000000, -0.997193, 0.051125, 0.054708, 0.019048, 0.047627, -0.130711, 0.990276, -0.022865, 0.057779, 0.990101, 0.127909, -0.053171, 0.000000, 0.000000, 0.000000, 1.000000
-18.2188, -22.0115, 15.4137, 384.2361, 453.2362, 31.0115, 241.6597, 19.0041, -23.2084, -53.4238, 0.269964, 0.960465, -0.068017, -0.022012, -0.949097, 0.277343, 0.149317, 0.015414, 0.162278, 0.024245, 0.986447, 0.384236, 0.000000, 0.000000, 0.000000, 1.000000, 0.162278, 0.024245, 0.986447, 0.453236, -0.269964, -0.960465, 0.068017, 0.031012, 0.949097, -0.277343, -0.149317, 0.241660, 0.000000, 0.000000, 0.000000, 1.000000, -0.995525, 0.049143, 0.080717, 0.019004, 0.073014, -0.142254, 0.987134, -0.023208, 0.059993, 0.988609, 0.138030, -0.053424, 0.000000, 0.000000, 0.000000, 1.000000
-17.9462, -22.4270, 16.5208, 384.8100, 453.8100, 31.4270, 240.5527, 19.3063, -22.7783, -53.5185, 0.264161, 0.962179, -0.066558, -0.022427, -0.953123, 0.270987, 0.134620, 0.016521, 0.147565, 0.027876, 0.988659, 0.384810, 0.000000, 0.000000, 0.000000, 1.000000, 0.147565, 0.027876, 0.988659, 0.453810, -0.264161, -0.962179, 0.066558, 0.031427, 0.953123, -0.270987, -0.134620, 0.240553, 0.000000, 0.000000, 0.000000, 1.000000, -0.996675, 0.046768, 0.066716, 0.019306, 0.059708, -0.137880, 0.988648, -0.022778, 0.055436, 0.989344, 0.134629, -0.053519, 0.000000, 0.000000, 0.000000, 1.000000
-17.6838, -22.6790, 17.3112, 384.9320, 453.9320, 31.6790, 239.7622, 19.3277, -22.8281, -53.6107, 0.260252, 0.962724, -0.073703, -0.022679, -0.954278, 0.268091, 0.132216, 0.017311, 0.147046, 0.035923, 0.988477, 0.384932, 0.000000, 0.000000, 0.000000, 1.000000, 0.147046, 0.035923, 0.988477, 0.453932, -0.260252, -0.962724, 0.073703, 0.031679, 0.954278, -0.268091, -0.132216, 0.239762, 0.000000, 0.000000, 0.000000, 1.000000, -0.996633, 0.047486, 0.066839, 0.019328, 0.060243, -0.128875, 0.989829, -0.022828, 0.055617, 0.990523, 0.125581, -0.053611, 0.000000, 0.000000, 0.000000, 1.000000
-17.4089, -23.0376, 18.0908, 384.9364, 453.9364, 32.0376, 238.9827, 19.3368, -22.9828, -53.8336, 0.257781, 0.964359, -0.059669, -0.023038, -0.956172, 0.263493, 0.127696, 0.018091, 0.138867, 0.024137, 0.990017, 0.384936, 0.000000, 0.000000, 0.000000, 1.000000, 0.138867, 0.024137, 0.990017, 0.453936, -0.257781, -0.964359, 0.059669, 0.032038, 0.956172, -0.263493, -0.127696, 0.238983, 0.000000, 0.000000, 0.000000, 1.000000, -0.997039, 0.048104, 0.059989, 0.019337, 0.052761, -0.139551, 0.988808, -0.022983, 0.055937, 0.989046, 0.136600, -0.053834, 0.000000, 0.000000, 0.000000, 1.000000
-17.1349, -23.2544, 18.9421, 385.2483, 454.2483, 32.2544, 238.1314, 19.3581, -22.8619, -53.8572, 0.255147, 0.963889, -0.076278, -0.023254, -0.959945, 0.261969, 0.099387, 0.018942, 0.115781, 0.047865, 0.992121, 0.385248, 0.000000, 0.000000, 0.000000, 1.000000, 0.115781, 0.047865, 0.992121, 0.454248, -0.255147, -0.963889, 0.076278, 0.032254, 0.959945, -0.261969, -0.099387, 0.238131, 0.000000, 0.000000, 0.000000, 1.000000, -0.998107, 0.049366, 0.036673, 0.019358, 0.030802, -0.114834, 0.992907, -0.022862, 0.053228, 0.992157, 0.113096, -0.053857, 0.000000, 0.000000, 0.000000, 1.000000
-16.8741, -23.5824, 19.6721, 385.3080, 454.3081, 32.5824, 237.4014, 19.3486, -22.9572, -54.0574, 0.250732, 0.966344, -0.057553, -0.023582, -0.960503, 0.255748, 0.109672, 0.019672, 0.120700, 0.027782, 0.992300, 0.385308, 0.000000, 0.000000, 0.000000, 1.000000, 0.120700, 0.027782, 0.992300, 0.454308, -0.250732, -0.966344, 0.057553, 0.032582, 0.960503, -0.255748, -0.109672, 0.237401, 0.000000, 0.000000, 0.000000, 1.000000, -0.997873, 0.048625, 0.043410, 0.019349, 0.036554, -0.133947, 0.990314, -0.022957, 0.053969, 0.989795, 0.131885, -0.054057, 0.000000, 0.000000, 0.000000, 1.000000
-16.6030, -23.9211, 20.5106, 385.3607, 454.3607, 32.9211, 236.5628, 19.4127, -23.0656, -54.2517, 0.246148, 0.968131, -0.046183, -0.023921, -0.960044, 0.250083, 0.125591, 0.020511, 0.133138, 0.013424, 0.991007, 0.385361, 0.000000, 0.000000, 0.000000, 1.000000, 0.133138, 0.013424, 0.991007, 0.454361, -0.246148, -0.968131, 0.046183, 0.032921, 0.960044, -0.250083, -0.125591, 0.236563, 0.000000, 0.000000, 0.000000, 1.000000, -0.997176, 0.048261, 0.057544, 0.019413, 0.049879, -0.147248, 0.987841, -0.023066, 0.056148, 0.987921, 0.144425, -0.054252, 0.000000, 0.000000, 0.000000, 1.000000
-16.3375, -24.2262, 21.2750, 385.4651, 454.4651, 33.2262, 235.7985, 19.4076, -23.1291, -54.4236, 0.239176, 0.969808, -0.047623, -0.024226, -0.959089, 0.243615, 0.144224, 0.021275, 0.151471, 0.011180, 0.988398, 0.385465, 0.000000, 0.000000, 0.000000, 1.000000, 0.151471, 0.011180, 0.988398, 0.454465, -0.239176, -0.969808, 0.047623, 0.033226, 0.959089, -0.243615, -0.144224, 0.235798, 0.000000, 0.000000, 0.000000, 1.000000, -0.995952, 0.046099, 0.077166, 0.019408, 0.069547, -0.148682, 0.986436, -0.023129, 0.056947, 0.987810, 0.144874, -0.054424, 0.000000, 0.000000, 0.000000, 1.000000
-16.0761, -24.4701, 22.1275, 385.6868, 454.6868, 33.4701, 234.9460, 19.4813, -23.0790, -54.5024, 0.234565, 0.970731, -0.051577, -0.024470, -0.961082, 0.239545, 0.137619, 0.022127, 0.145946, 0.017289, 0.989141, 0.385687, 0.000000, 0.000000, 0.000000, 1.000000, 0.145946, 0.017289, 0.989141, 0.454687, -0.234565, -0.970731, 0.051577, 0.033470, 0.961082, -0.239545, -0.137619, 0.234946, 0.000000, 0.000000, 0.000000, 1.000000, -0.996338, 0.045773, 0.072211, 0.019481, 0.065081, -0.141682, 0.987771, -0.023079, 0.055445, 0.988853, 0.138185, -0.054502, 0.000000, 0.000000, 0.000000, 1.000000
-15.8177, -24.7353, 22.8909, 385.5075, 454.5075, 33.7353, 234.1825, 19.5116, -23.4192, -54.6880, 0.232185, 0.971728, -0.042834, -0.024735, -0.962614, 0.235878, 0.133175, 0.022891, 0.139513, 0.010312, 0.990166, 0.385507, 0.000000, 0.000000, 0.000000, 1.000000, 0.139513, 0.010312, 0.990166, 0.454507, -0.232185, -0.971728, 0.042834, 0.033735, 0.962614, -0.235878, -0.133175, 0.234183, 0.000000, 0.000000, 0.000000, 1.000000, -0.996670, 0.046748, 0.066811, 0.019512, 0.059259, -0.147569, 0.987275, -0.023419, 0.056012, 0.987946, 0.144307, -0.054688, 0.000000, 0.000000, 0.000000, 1.000000
-15.5564, -24.8493, 23.5464, 386.0667, 455.0667, 33.8493, 233.5270, 19.3402, -23.0700, -54.6337, 0.232395, 0.970067, -0.070444, -0.024849, -0.968190, 0.237634, 0.078350, 0.023546, 0.092745, 0.049995, 0.994434, 0.386067, 0.000000, 0.000000, 0.000000, 1.000000, 0.092745, 0.049995, 0.994434, 0.455067, -0.232395, -0.970067, 0.070444, 0.033849, 0.968190, -0.237634, -0.078350, 0.233527, 0.000000, 0.000000, 0.000000, 1.000000, -0.998562, 0.050201, 0.018798, 0.019340, 0.013345, -0.106845, 0.994186, -0.023070, 0.051918, 0.993008, 0.106022, -0.054634, 0.000000, 0.000000, 0.000000, 1.000000
-15.2873, -25.1483, 24.2108, 385.8991, 454.8991, 34.1483, 232.8626, 19.2449, -23.4073, -54.8772, 0.223758, 0.973276, -0.051641, -0.025148, -0.963618, 0.228863, 0.138067, 0.024211, 0.146196, 0.018868, 0.989076, 0.385899, 0.000000, 0.000000, 0.000000, 1.000000, 0.146196, 0.018868, 0.989076, 0.454899, -0.223758, -0.973276, 0.051641, 0.034148, 0.963618, -0.228863, -0.138067, 0.232863, 0.000000, 0.000000, 0.000000, 1.000000, -0.996051, 0.047666, 0.074907, 0.019245, 0.067763, -0.137031, 0.988246, -0.023407, 0.057370, 0.989419, 0.133259, -0.054877, 0.000000, 0.000000, 0.000000, 1.000000
-15.0148, -25.4476, 24.9635, 385.8381, 454.8381, 34.4476, 232.1100, 19.2126, -23.6434, -55.0907, 0.218503, 0.974844, -0.043996, -0.025448, -0.962562, 0.222723, 0.154498, 0.024963, 0.160410, 0.008590, 0.987013, 0.385838, 0.000000, 0.000000, 0.000000, 1.000000, 0.160410, 0.008590, 0.987013, 0.454838, -0.218503, -0.974844, 0.043996, 0.034448, 0.962562, -0.222723, -0.154498, 0.232110, 0.000000, 0.000000, 0.000000, 1.000000, -0.994791, 0.046539, 0.090689, 0.019213, 0.083020, -0.146300, 0.985750, -0.023643, 0.059143, 0.988145, 0.141674, -0.055091, 0.000000, 0.000000, 0.000000, 1.000000
-14.7586, -25.6718, 25.8016, 386.1118, 455.1118, 34.6718, 231.2718, 19.2780, -23.5426, -55.1633, 0.215525, 0.975418, -0.045919, -0.025672, -0.966022, 0.219846, 0.135899, 0.025802, 0.142653, 0.015069, 0.989658, 0.386112, 0.000000, 0.000000, 0.000000, 1.000000, 0.142653, 0.015069, 0.989658, 0.455112, -0.215525, -0.975418, 0.045919, 0.034672, 0.966022, -0.219846, -0.135899, 0.231272, 0.000000, 0.000000, 0.000000, 1.000000, -0.996184, 0.047366, 0.073313, 0.019278, 0.066117, -0.138844, 0.988105, -0.023543, 0.056982, 0.989181, 0.135182, -0.055163, 0.000000, 0.000000, 0.000000, 1.000000
-14.4870, -25.9299, 26.5760, 386.1700, 455.1700, 34.9299, 230.4975, 19.2530, -23.6665, -55.3213, 0.209876, 0.976103, -0.056344, -0.025930, -0.964848, 0.216090, 0.149579, 0.026576, 0.158180, 0.022970, 0.987143, 0.386170, 0.000000, 0.000000, 0.000000, 1.000000, 0.158180, 0.022970, 0.987143, 0.455170, -0.209876, -0.976103, 0.056344, 0.034930, 0.964848, -0.216090, -0.149579, 0.230497, 0.000000, 0.000000, 0.000000, 1.000000, -0.994855, 0.047472, 0.089494, 0.019253, 0.082682, -0.129961, 0.988066, -0.023666, 0.058536, 0.990382, 0.125368, -0.055321, 0.000000, 0.000000, 0.000000, 1.000000
-14.2308, -26.2503, 27.4565, 386.3566, 455.3566, 35.2503, 229.6169, 19.3801, -23.6352, -55.5022, 0.209043, 0.977537, -0.026890, -0.026250, -0.970090, 0.210763, 0.120435, 0.027457, 0.123397, 0.000910, 0.992357, 0.386357, 0.000000, 0.000000, 0.000000, 1.000000, 0.123397, 0.000910, 0.992357, 0.455357, -0.209043, -0.977537, 0.026890, 0.035250, 0.970090, -0.210763, -0.120435, 0.229617, 0.000000, 0.000000, 0.000000, 1.000000, -0.997272, 0.047684, 0.056354, 0.019380, 0.048580, -0.150868, 0.987359, -0.023635, 0.055583, 0.987403, 0.148140, -0.055502, 0.000000, 0.000000, 0.000000, 1.000000
-13.9471, -26.4900, 28.2354, 386.4172, 455.4172, 35.4900, 228.8380, 19.3185, -23.7711, -55.6512, 0.205264, 0.978245, -0.030044, -0.026490, -0.971648, 0.207368, 0.113575, 0.028235, 0.117334, 0.005880, 0.993075, 0.386417, 0.000000, 0.000000, 0.000000, 1.000000, 0.117334, 0.005880, 0.993075, 0.455417, -0.205264, -0.978245, 0.030044, 0.035490, 0.971648, -0.207368, -0.113575, 0.228838, 0.000000, 0.000000, 0.000000, 1.000000, -0.997523, 0.048544, 0.050902, 0.019318, 0.043395, -0.144800, 0.988509, -0.023771, 0.055357, 0.988269, 0.142334, -0.055651, 0.000000, 0.000000, 0.000000, 1.000000
-13.6857, -26.8045, 29.2829, 386.3350, 455.3350, 35.8045, 227.7906, 19.6041, -24.0086, -55.8502, 0.199990, 0.979634, -0.017939, -0.026804, -0.974468, 0.200776, 0.100505, 0.029283, 0.102060, -0.002619, 0.994775, 0.386335, 0.000000, 0.000000, 0.000000, 1.000000, 0.102060, -0.002619, 0.994775, 0.455335, -0.199990, -0.979634, 0.017939, 0.035804, 0.974468, -0.200776, -0.100505, 0.227791, 0.000000, 0.000000, 0.000000, 1.000000, -0.998226, 0.046644, 0.036998, 0.019604, 0.029495, -0.152368, 0.987884, -0.024009, 0.051716, 0.987223, 0.150722, -0.055850, 0.000000, 0.000000, 0.000000, 1.000000
-13.3991, -26.9224, 29.8323, 386.5316, 455.5317, 35.9224, 227.2411, 19.2782, -24.0423, -55.9049, 0.196156, 0.980070, -0.031387, -0.026922, -0.973292, 0.198493, 0.115342, 0.029832, 0.119274, 0.007923, 0.992830, 0.386532, 0.000000, 0.000000, 0.000000, 1.000000, 0.119274, 0.007923, 0.992830, 0.455532, -0.196156, -0.980070, 0.031387, 0.035922, 0.973292, -0.198493, -0.115342, 0.227241, 0.000000, 0.000000, 0.000000, 1.000000, -0.997335, 0.048343, 0.054638, 0.019278, 0.047357, -0.140695, 0.988920, -0.024042, 0.055495, 0.988872, 0.138031, -0.055905, 0.000000, 0.000000, 0.000000, 1.000000
-13.1269, -27.2715, 30.8275, 386.7249, 455.7249, 36.2715, 226.2460, 19.4694, -24.0118, -56.1160, 0.186460, 0.982189, -0.023173, -0.027272, -0.969239, 0.187756, 0.159131, 0.030827, 0.160647, -0.007211, 0.986986, 0.386725, 0.000000, 0.000000, 0.000000, 1.000000, 0.160647, -0.007211, 0.986986, 0.455725, -0.186460, -0.982189, 0.023173, 0.036272, 0.969239, -0.187756, -0.159131, 0.226246, 0.000000, 0.000000, 0.000000, 1.000000, -0.994282, 0.042864, 0.097810, 0.019469, 0.090095, -0.155027, 0.983793, -0.024012, 0.057333, 0.986980, 0.150279, -0.056116, 0.000000, 0.000000, 0.000000, 1.000000
-12.8430, -27.5592, 31.7874, 387.0258, 456.0258, 36.5592, 225.2860, 19.5724, -23.8985, -56.2645, 0.185158, 0.982613, -0.013722, -0.027559, -0.976979, 0.185567, 0.105244, 0.031787, 0.105961, -0.006081, 0.994352, 0.387026, 0.000000, 0.000000, 0.000000, 1.000000, 0.105961, -0.006081, 0.994352, 0.456026, -0.185158, -0.982613, 0.013722, 0.036559, 0.976979, -0.185567, -0.105244, 0.225286, 0.000000, 0.000000, 0.000000, 1.000000, -0.998023, 0.045215, 0.043661, 0.019572, 0.036290, -0.152646, 0.987614, -0.023899, 0.051320, 0.987246, 0.150703, -0.056264, 0.000000, 0.000000, 0.000000, 1.000000
-12.5343, -27.7239, 32.5820, 386.8966, 455.8966, 36.7239, 224.4915, 19.4412, -24.2622, -56.3910, 0.182824, 0.983119, -0.007256, -0.027724, -0.978237, 0.182643, 0.098455, 0.032582, 0.098118, -0.010902, 0.995115, 0.386897, 0.000000, 0.000000, 0.000000, 1.000000, 0.098118, -0.010902, 0.995115, 0.455897, -0.182824, -0.983119, 0.007256, 0.036724, 0.978237, -0.182643, -0.098455, 0.224491, 0.000000, 0.000000, 0.000000, 1.000000, -0.998177, 0.047584, 0.037126, 0.019441, 0.029282, -0.156063, 0.987313, -0.024262, 0.052774, 0.986600, 0.154385, -0.056391, 0.000000, 0.000000, 0.000000, 1.000000
-12.2144, -27.9454, 33.3505, 386.9498, 455.9498, 36.9454, 223.7229, 19.2496, -24.4457, -56.5551, 0.175467, 0.984395, -0.013312, -0.027945, -0.976012, 0.175711, 0.128558, 0.033351, 0.128891, -0.009565, 0.991613, 0.386950, 0.000000, 0.000000, 0.000000, 1.000000, 0.128891, -0.009565, 0.991613, 0.455950, -0.175467, -0.984395, 0.013312, 0.036945, 0.976012, -0.175711, -0.128558, 0.223723, 0.000000, 0.000000, 0.000000, 1.000000, -0.996575, 0.045713, 0.068905, 0.019250, 0.061144, -0.153616, 0.986237, -0.024446, 0.055669, 0.987073, 0.150295, -0.056555, 0.000000, 0.000000, 0.000000, 1.000000
-11.9010, -28.2419, 34.4026, 386.7327, 455.7327, 37.2419, 222.6709, 19.3825, -24.8684, -56.7959, 0.172107, 0.985078, 0.000284, -0.028242, -0.980158, 0.171219, 0.099876, 0.034403, 0.098337, -0.017468, 0.995000, 0.386733, 0.000000, 0.000000, 0.000000, 1.000000, 0.098337, -0.017468, 0.995000, 0.455733, -0.172107, -0.985078, -0.000284, 0.037242, 0.980158, -0.171219, -0.099876, 0.222671, 0.000000, 0.000000, 0.000000, 1.000000, -0.998121, 0.046772, 0.039579, 0.019383, 0.031617, -0.160139, 0.986588, -0.024868, 0.052483, 0.985986, 0.158359, -0.056796, 0.000000, 0.000000, 0.000000, 1.000000
-11.6198, -28.4841, 35.1884, 387.1766, 456.1766, 37.4841, 221.8850, 19.2988, -24.6302, -56.9215, 0.167783, 0.985823, -0.001093, -0.028484, -0.979873, 0.166891, 0.109531, 0.035188, 0.108161, -0.017307, 0.993983, 0.387177, 0.000000, 0.000000, 0.000000, 1.000000, 0.108161, -0.017307, 0.993983, 0.456177, -0.167783, -0.985823, 0.001093, 0.037484, 0.979873, -0.166891, -0.109531, 0.221885, 0.000000, 0.000000, 0.000000, 1.000000, -0.997624, 0.046959, 0.050417, 0.019299, 0.042371, -0.158867, 0.986390, -0.024630, 0.054330, 0.986183, 0.156500, -0.056922, 0.000000, 0.000000, 0.000000, 1.000000
-11.3313, -28.7261, 36.2417, 387.2145, 456.2145, 37.7261, 220.8318, 19.4839, -24.7872, -57.0778, 0.161329, 0.986883, -0.005902, -0.028726, -0.980226, 0.160930, 0.115146, 0.036242, 0.114586, -0.012791, 0.993331, 0.387214, 0.000000, 0.000000, 0.000000, 1.000000, 0.114586, -0.012791, 0.993331, 0.456214, -0.161329, -0.986883, 0.005902, 0.037726, 0.980226, -0.160930, -0.115146, 0.220832, 0.000000, 0.000000, 0.000000, 1.000000, -0.997313, 0.045380, 0.057514, 0.019484, 0.049935, -0.153361, 0.986908, -0.024787, 0.053606, 0.987128, 0.150683, -0.057078, 0.000000, 0.000000, 0.000000, 1.000000
-11.0112, -28.8975, 37.1441, 387.4002, 456.4002, 37.8975, 219.9294, 19.4038, -24.8456, -57.1739, 0.156971, 0.987434, -0.018299, -0.028897, -0.981746, 0.158028, 0.105839, 0.037144, 0.107401, 0.001351, 0.994215, 0.387400, 0.000000, 0.000000, 0.000000, 1.000000, 0.107401, 0.001351, 0.994215, 0.456400, -0.156971, -0.987434, 0.018299, 0.037897, 0.981746, -0.158028, -0.105839, 0.219929, 0.000000, 0.000000, 0.000000, 1.000000, -0.997617, 0.046872, 0.050635, 0.019404, 0.043739, -0.137982, 0.989468, -0.024846, 0.053365, 0.989325, 0.135603, -0.057174, 0.000000, 0.000000, 0.000000, 1.000000
-10.7238, -29.1785, 37.8558, 387.3891, 456.3891, 38.1785, 219.2177, 19.2578, -25.0592, -57.4254, 0.152346, 0.988185, 0.016773, -0.029179, -0.981824, 0.149378, 0.117083, 0.037856, 0.113194, -0.034305, 0.992980, 0.387389, 0.000000, 0.000000, 0.000000, 1.000000, 0.113194, -0.034305, 0.992980, 0.456389, -0.152346, -0.988185, -0.016773, 0.038179, 0.981824, -0.149378, -0.117083, 0.219218, 0.000000, 0.000000, 0.000000, 1.000000, -0.997250, 0.044913, 0.058957, 0.019258, 0.050403, -0.172243, 0.983764, -0.025059, 0.054339, 0.984030, 0.169505, -0.057425, 0.000000, 0.000000, 0.000000, 1.000000
-10.4535, -29.3963, 39.0199, 387.6693, 456.6693, 38.3963, 218.0535, 19.5910, -24.9589, -57.5240, 0.146873, 0.989152, -0.002513, -0.029396, -0.984167, 0.146387, 0.099929, 0.039020, 0.099213, -0.012204, 0.994991, 0.387669, 0.000000, 0.000000, 0.000000, 1.000000, 0.099213, -0.012204, 0.994991, 0.456669, -0.146873, -0.989152, 0.002513, 0.038396, 0.984167, -0.146387, -0.099929, 0.218054, 0.000000, 0.000000, 0.000000, 1.000000, -0.997987, 0.045043, 0.044640, 0.019591, 0.037458, -0.149300, 0.988082, -0.024959, 0.051171, 0.987765, 0.147312, -0.057524, 0.000000, 0.000000, 0.000000, 1.000000
-10.1659, -29.5925, 39.7601, 387.4575, 456.4575, 38.5925, 217.3133, 19.4707, -25.3843, -57.7244, 0.144059, 0.989474, 0.013723, -0.029592, -0.984525, 0.141913, 0.102815, 0.039760, 0.099785, -0.028322, 0.994606, 0.387458, 0.000000, 0.000000, 0.000000, 1.000000, 0.099785, -0.028322, 0.994606, 0.456458, -0.144059, -0.989474, -0.013723, 0.038592, 0.984525, -0.141913, -0.102815, 0.217313, 0.000000, 0.000000, 0.000000, 1.000000, -0.997835, 0.046144, 0.046869, 0.019471, 0.038714, -0.164026, 0.985696, -0.025384, 0.053172, 0.985376, 0.161885, -0.057724, 0.000000, 0.000000, 0.000000, 1.000000
-9.8903, -29.8075, 40.5827, 387.8033, 456.8033, 38.8075, 216.4907, 19.4404, -25.2408, -57.8587, 0.138128, 0.990377, 0.008653, -0.029808, -0.984511, 0.136347, 0.110213, 0.040583, 0.107972, -0.023743, 0.993870, 0.387803, 0.000000, 0.000000, 0.000000, 1.000000, 0.107972, -0.023743, 0.993870, 0.456803, -0.138128, -0.990377, -0.008653, 0.038808, 0.984511, -0.136347, -0.110213, 0.216491, 0.000000, 0.000000, 0.000000, 1.000000, -0.997445, 0.044778, 0.055663, 0.019440, 0.047921, -0.158472, 0.986200, -0.025241, 0.052981, 0.986348, 0.155921, -0.057859, 0.000000, 0.000000, 0.000000, 1.000000
-9.5985, -29.9639, 41.3892, 387.9550, 456.9550, 38.9639, 215.6843, 19.3484, -25.3140, -57.9706, 0.133695, 0.990982, 0.008969, -0.029964, -0.983994, 0.131666, 0.120086, 0.041389, 0.117822, -0.024880, 0.992723, 0.387955, 0.000000, 0.000000, 0.000000, 1.000000, 0.117822, -0.024880, 0.992723, 0.456955, -0.133695, -0.990982, -0.008969, 0.038964, 0.983994, -0.131666, -0.120086, 0.215684, 0.000000, 0.000000, 0.000000, 1.000000, -0.996779, 0.044899, 0.066456, 0.019348, 0.058578, -0.158409, 0.985634, -0.025314, 0.054781, 0.986352, 0.155269, -0.057971, 0.000000, 0.000000, 0.000000, 1.000000
-9.3083, -30.1572, 42.2272, 388.0493, 457.0493, 39.1572, 214.8463, 19.2981, -25.4362, -58.1273, 0.129630, 0.991499, 0.011196, -0.030157, -0.986651, 0.127857, 0.100856, 0.042227, 0.098567, -0.024121, 0.994838, 0.388049, 0.000000, 0.000000, 0.000000, 1.000000, 0.098567, -0.024121, 0.994838, 0.457049, -0.129630, -0.991499, -0.011196, 0.039157, 0.986651, -0.127857, -0.100856, 0.214846, 0.000000, 0.000000, 0.000000, 1.000000, -0.997801, 0.045773, 0.047939, 0.019298, 0.040238, -0.156430, 0.986869, -0.025436, 0.052671, 0.986628, 0.154244, -0.058127, 0.000000, 0.000000, 0.000000, 1.000000
-9.0433, -30.3670, 43.3380, 388.1184, 457.1184, 39.3670, 213.7355, 19.5935, -25.5509, -58.2793, 0.123909, 0.992238, 0.010489, -0.030367, -0.986812, 0.122108, 0.106261, 0.043338, 0.104155, -0.023517, 0.994283, 0.388118, 0.000000, 0.000000, 0.000000, 1.000000, 0.104155, -0.023517, 0.994283, 0.457118, -0.123909, -0.992238, -0.010489, 0.039367, 0.986812, -0.122108, -0.106261, 0.213735, 0.000000, 0.000000, 0.000000, 1.000000, -0.997535, 0.044263, 0.054445, 0.019593, 0.046989, -0.154846, 0.986821, -0.025551, 0.052111, 0.986947, 0.152385, -0.058279, 0.000000, 0.000000, 0.000000, 1.000000
-8.7884, -30.5135, 43.7942, 387.8808, 456.8808, 39.5135, 213.2793, 19.2839, -25.9899, -58.4669, 0.120344, 0.992304, 0.029166, -0.030513, -0.986086, 0.116093, 0.118983, 0.043794, 0.114681, -0.043079, 0.992468, 0.387881, 0.000000, 0.000000, 0.000000, 1.000000, 0.114681, -0.043079, 0.992468, 0.456881, -0.120344, -0.992304, -0.029166, 0.039513, 0.986086, -0.116093, -0.118983, 0.213279, 0.000000, 0.000000, 0.000000, 1.000000, -0.996837, 0.043426, 0.066564, 0.019284, 0.058108, -0.173180, 0.983174, -0.025990, 0.054223, 0.983932, 0.170109, -0.058467, 0.000000, 0.000000, 0.000000, 1.000000
-8.5230, -30.6672, 44.6831, 388.2375, 457.2375, 39.6672, 212.3903, 19.3373, -25.8356, -58.5504, 0.116192, 0.993102, 0.015750, -0.030667, -0.987924, 0.113921, 0.105019, 0.044683, 0.102500, -0.027762, 0.994346, 0.388238, 0.000000, 0.000000, 0.000000, 1.000000, 0.102500, -0.027762, 0.994346, 0.457238, -0.116192, -0.993102, -0.015750, 0.039667, 0.987924, -0.113921, -0.105019, 0.212390, 0.000000, 0.000000, 0.000000, 1.000000, -0.997508, 0.044759, 0.054534, 0.019337, 0.046892, -0.156893, 0.986502, -0.025836, 0.052710, 0.986601, 0.154403, -0.058550, 0.000000, 0.000000, 0.000000, 1.000000
-8.2457, -30.8186, 45.3971, 387.9668, 456.9668, 39.8186, 211.6764, 19.2154, -26.3183, -58.7348, 0.111669, 0.993324, 0.028952, -0.030819, -0.988109, 0.107890, 0.109545, 0.045397, 0.105690, -0.040841, 0.993560, 0.387967, 0.000000, 0.000000, 0.000000, 1.000000, 0.105690, -0.040841, 0.993560, 0.456967, -0.111669, -0.993324, -0.028952, 0.039819, 0.988109, -0.107890, -0.109545, 0.211676, 0.000000, 0.000000, 0.000000, 1.000000, -0.997290, 0.043915, 0.059020, 0.019215, 0.050825, -0.168722, 0.984352, -0.026318, 0.053186, 0.984685, 0.166033, -0.058735, 0.000000, 0.000000, 0.000000, 1.000000
-7.9462, -31.0133, 46.5844, 388.8564, 457.8564, 40.0133, 210.4891, 19.4379, -25.6525, -58.7864, 0.105930, 0.994373, 0.001205, -0.031013, -0.988071, 0.105123, 0.112536, 0.046584, 0.111776, -0.013111, 0.993647, 0.388856, 0.000000, 0.000000, 0.000000, 1.000000, 0.111776, -0.013111, 0.993647, 0.457856, -0.105930, -0.994373, -0.001205, 0.040013, 0.988071, -0.105123, -0.112536, 0.210489, 0.000000, 0.000000, 0.000000, 1.000000, -0.996899, 0.044642, 0.064799, 0.019438, 0.057980, -0.140013, 0.988451, -0.025653, 0.053199, 0.989143, 0.136990, -0.058786, 0.000000, 0.000000, 0.000000, 1.000000
-7.6368, -31.2351, 47.3641, 388.5341, 457.5341, 40.2351, 209.7093, 19.2871, -26.2054, -59.0562, 0.101296, 0.994090, 0.039036, -0.031235, -0.988389, 0.096093, 0.117701, 0.047364, 0.113254, -0.050506, 0.992282, 0.388534, 0.000000, 0.000000, 0.000000, 1.000000, 0.113254, -0.050506, 0.992282, 0.457534, -0.101296, -0.994090, -0.039036, 0.040235, 0.988389, -0.096093, -0.117701, 0.209709, 0.000000, 0.000000, 0.000000, 1.000000, -0.996734, 0.042498, 0.068673, 0.019287, 0.060201, -0.175820, 0.982580, -0.026205, 0.053832, 0.983505, 0.172687, -0.059056, 0.000000, 0.000000, 0.000000, 1.000000
-7.3477, -31.4000, 48.2135, 388.9507, 457.9507, 40.4000, 208.8599, 19.2247, -26.0156, -59.1706, 0.095701, 0.994981, 0.029210, -0.031400, -0.988501, 0.091544, 0.120359, 0.048214, 0.117081, -0.040392, 0.992301, 0.388951, 0.000000, 0.000000, 0.000000, 1.000000, 0.117081, -0.040392, 0.992301, 0.457951, -0.095701, -0.994981, -0.029210, 0.040400, 0.988501, -0.091544, -0.120359, 0.208860, 0.000000, 0.000000, 0.000000, 1.000000, -0.996449, 0.042151, 0.072883, 0.019225, 0.065023, -0.164652, 0.984206, -0.026016, 0.053485, 0.985451, 0.161326, -0.059171, 0.000000, 0.000000, 0.000000, 1.000000
-7.0802, -31.5433, 49.3242, 389.1041, 458.1041, 40.5433, 207.7493, 19.4980, -26.0609, -59.2835, 0.091114, 0.995596, 0.022063, -0.031543, -0.990163, 0.088210, 0.108614, 0.049324, 0.106190, -0.031742, 0.993839, 0.389104, 0.000000, 0.000000, 0.000000, 1.000000, 0.106190, -0.031742, 0.993839, 0.458104, -0.091114, -0.995596, -0.022063, 0.040543, 0.990163, -0.088210, -0.108614, 0.207749, 0.000000, 0.000000, 0.000000, 1.000000, -0.997131, 0.042746, 0.062464, 0.019498, 0.055147, -0.154958, 0.986381, -0.026061, 0.051843, 0.986996, 0.152156, -0.059284, 0.000000, 0.000000, 0.000000, 1.000000
-6.7917, -31.6538, 50.1352, 389.3461, 458.3461, 40.6538, 206.9382, 19.4045, -26.0518, -59.3777, 0.086076, 0.996261, 0.007450, -0.031654, -0.989163, 0.084566, 0.120026, 0.050135, 0.118947, -0.017700, 0.992743, 0.389346, 0.000000, 0.000000, 0.000000, 1.000000, 0.118947, -0.017700, 0.992743, 0.458346, -0.086076, -0.996261, -0.007450, 0.040654, 0.989163, -0.084566, -0.120026, 0.206938, 0.000000, 0.000000, 0.000000, 1.000000, -0.996216, 0.043177, 0.075429, 0.019405, 0.068731, -0.139820, 0.987789, -0.026052, 0.053196, 0.989235, 0.136323, -0.059378, 0.000000, 0.000000, 0.000000, 1.000000
-6.5041, -31.8067, 50.9423, 389.5667, 458.5667, 40.8067, 206.1312, 19.3118, -26.0583, -59.5204, 0.082166, 0.996551, 0.011629, -0.031807, -0.989820, 0.080240, 0.117546, 0.050942, 0.116208, -0.021169, 0.992999, 0.389567, 0.000000, 0.000000, 0.000000, 1.000000, 0.116208, -0.021169, 0.992999, 0.458567, -0.082166, -0.996551, -0.011629, 0.040807, 0.989820, -0.080240, -0.117546, 0.206131, 0.000000, 0.000000, 0.000000, 1.000000, -0.996328, 0.043718, 0.073618, 0.019312, 0.066742, -0.142021, 0.987611, -0.026058, 0.053632, 0.988898, 0.138582, -0.059520, 0.000000, 0.000000, 0.000000, 1.000000
-6.2077, -31.9648, 51.7294, 389.3956, 458.3956, 40.9648, 205.3440, 19.1896, -26.4609, -59.7220, 0.076884, 0.996600, 0.029622, -0.031965, -0.990361, 0.072902, 0.117773, 0.051729, 0.115213, -0.038391, 0.992599, 0.389396, 0.000000, 0.000000, 0.000000, 1.000000, 0.115213, -0.038391, 0.992599, 0.458396, -0.076884, -0.996600, -0.029622, 0.040965, 0.990361, -0.072902, -0.117773, 0.205344, 0.000000, 0.000000, 0.000000, 1.000000, -0.996368, 0.042000, 0.074068, 0.019190, 0.066583, -0.157899, 0.985208, -0.026461, 0.053074, 0.986562, 0.154529, -0.059722, 0.000000, 0.000000, 0.000000, 1.000000
-5.9251, -32.1137, 52.5863, 389.7985, 458.7985, 41.1137, 204.4871, 19.1482, -26.2842, -59.8432, 0.073062, 0.997082, 0.022140, -0.032114, -0.990068, 0.069838, 0.122018, 0.052586, 0.120116, -0.030835, 0.992281, 0.389799, 0.000000, 0.000000, 0.000000, 1.000000, 0.120116, -0.030835, 0.992281, 0.458799, -0.073062, -0.997082, -0.022140, 0.041114, 0.990068, -0.069838, -0.122018, 0.204487, 0.000000, 0.000000, 0.000000, 1.000000, -0.995892, 0.043207, 0.079576, 0.019148, 0.072326, -0.149173, 0.986162, -0.026284, 0.054480, 0.987867, 0.145435, -0.059843, 0.000000, 0.000000, 0.000000, 1.000000
-5.6637, -32.2735, 53.6657, 389.5573, 458.5572, 41.2735, 203.4078, 19.4254, -26.7137, -60.0464, 0.067237, 0.997278, 0.030258, -0.032273, -0.991984, 0.063566, 0.109207, 0.053666, 0.106986, -0.037358, 0.993558, 0.389557, 0.000000, 0.000000, 0.000000, 1.000000, 0.106986, -0.037358, 0.993558, 0.458557, -0.067237, -0.997278, -0.030258, 0.041273, 0.991984, -0.063566, -0.109207, 0.203408, 0.000000, 0.000000, 0.000000, 1.000000, -0.996869, 0.041494, 0.067305, 0.019425, 0.060146, -0.154597, 0.986145, -0.026714, 0.051324, 0.987106, 0.151618, -0.060046, 0.000000, 0.000000, 0.000000, 1.000000
-5.4044, -32.3846, 54.5322, 389.8215, 458.8215, 41.3846, 202.5413, 19.4722, -26.6550, -60.1514, 0.062212, 0.997454, 0.034871, -0.032385, -0.992356, 0.058088, 0.108882, 0.054532, 0.106579, -0.041378, 0.993443, 0.389822, 0.000000, 0.000000, 0.000000, 1.000000, 0.106579, -0.041378, 0.993443, 0.458822, -0.062212, -0.997454, -0.034871, 0.041385, 0.992356, -0.058088, -0.108882, 0.202541, 0.000000, 0.000000, 0.000000, 1.000000, -0.996884, 0.040419, 0.067741, 0.019472, 0.060591, -0.157519, 0.985655, -0.026655, 0.050509, 0.986688, 0.154579, -0.060151, 0.000000, 0.000000, 0.000000, 1.000000
-5.1313, -32.5066, 55.3392, 390.1143, 459.1143, 41.5066, 201.7343, 19.4135, -26.5838, -60.2721, 0.057998, 0.997954, 0.026895, -0.032507, -0.991493, 0.054436, 0.118232, 0.055339, 0.116526, -0.033524, 0.992622, 0.390114, 0.000000, 0.000000, 0.000000, 1.000000, 0.116526, -0.033524, 0.992622, 0.459114, -0.057998, -0.997954, -0.026895, 0.041507, 0.991493, -0.054436, -0.118232, 0.201734, 0.000000, 0.000000, 0.000000, 1.000000, -0.996100, 0.040905, 0.078180, 0.019414, 0.071313, -0.148558, 0.986329, -0.026584, 0.051960, 0.988057, 0.145062, -0.060272, 0.000000, 0.000000, 0.000000, 1.000000
-4.8766, -32.6456, 56.1710, 390.2115, 459.2116, 41.6456, 200.9024, 19.4477, -26.6839, -60.4324, 0.053613, 0.997912, 0.036007, -0.032646, -0.992106, 0.049138, 0.115373, 0.056171, 0.113363, -0.041908, 0.992669, 0.390212, 0.000000, 0.000000, 0.000000, 1.000000, 0.113363, -0.041908, 0.992669, 0.459212, -0.053613, -0.997912, -0.036007, 0.041646, 0.992106, -0.049138, -0.115373, 0.200902, 0.000000, 0.000000, 0.000000, 1.000000, -0.996304, 0.040120, 0.075951, 0.019448, 0.068845, -0.155797, 0.985387, -0.026684, 0.051367, 0.986974, 0.152459, -0.060432, 0.000000, 0.000000, 0.000000, 1.000000
-4.6046, -32.7323, 56.7356, 390.4557, 459.4558, 41.7323, 200.3379, 19.1485, -26.6748, -60.5337, 0.050488, 0.997910, 0.040332, -0.032732, -0.992904, 0.045799, 0.109744, 0.056736, 0.107667, -0.045587, 0.993141, 0.390456, 0.000000, 0.000000, 0.000000, 1.000000, 0.107667, -0.045587, 0.993141, 0.459456, -0.050488, -0.997910, -0.040332, 0.041732, 0.992904, -0.045799, -0.109744, 0.200338, 0.000000, 0.000000, 0.000000, 1.000000, -0.996600, 0.041355, 0.071268, 0.019149, 0.063897, -0.158218, 0.985335, -0.026675, 0.052024, 0.986538, 0.155037, -0.060534, 0.000000, 0.000000, 0.000000, 1.000000
-4.3392, -32.8148, 57.5319, 390.2226, 459.2226, 41.8148, 199.5416, 19.1264, -27.1201, -60.6839, 0.045745, 0.997818, 0.047605, -0.032815, -0.993252, 0.040349, 0.108730, 0.057532, 0.106572, -0.052257, 0.992931, 0.390223, 0.000000, 0.000000, 0.000000, 1.000000, 0.106572, -0.052257, 0.992931, 0.459223, -0.045745, -0.997818, -0.047605, 0.041815, 0.993252, -0.040349, -0.108730, 0.199542, 0.000000, 0.000000, 0.000000, 1.000000, -0.996656, 0.040525, 0.070955, 0.019126, 0.063431, -0.163700, 0.984469, -0.027120, 0.051510, 0.985678, 0.160582, -0.060684, 0.000000, 0.000000, 0.000000, 1.000000
-4.0757, -32.9081, 58.3906, 390.5933, 459.5933, 41.9081, 198.6829, 19.1412, -26.9664, -60.7793, 0.041284, 0.998508, 0.035744, -0.032908, -0.993021, 0.037049, 0.111970, 0.058391, 0.110479, -0.040117, 0.993069, 0.390593, 0.000000, 0.000000, 0.000000, 1.000000, 0.110479, -0.040117, 0.993069, 0.459593, -0.041284, -0.998508, -0.035744, 0.041908, 0.993021, -0.037049, -0.111970, 0.198683, 0.000000, 0.000000, 0.000000, 1.000000, -0.996325, 0.041059, 0.075167, 0.019141, 0.068203, -0.150534, 0.986249, -0.026966, 0.051809, 0.987752, 0.147181, -0.060779, 0.000000, 0.000000, 0.000000, 1.000000
-3.8123, -33.0276, 59.1630, 390.5298, 459.5298, 42.0276, 197.9105, 19.0923, -27.2394, -60.9532, 0.036970, 0.998503, 0.040307, -0.033028, -0.993551, 0.032400, 0.108656, 0.059163, 0.107187, -0.044064, 0.993262, 0.390530, 0.000000, 0.000000, 0.000000, 1.000000, 0.107187, -0.044064, 0.993262, 0.459530, -0.036970, -0.998503, -0.040307, 0.042028, 0.993551, -0.032400, -0.108656, 0.197910, 0.000000, 0.000000, 0.000000, 1.000000, -0.996525, 0.040890, 0.072566, 0.019092, 0.065510, -0.153300, 0.986006, -0.027239, 0.051442, 0.987333, 0.150089, -0.060953, 0.000000, 0.000000, 0.000000, 1.000000
-3.5413, -33.1349, 60.0240, 391.0694, 460.0694, 42.1349, 197.0495, 19.0772, -26.9252, -61.0534, 0.032889, 0.998782, 0.036791, -0.033135, -0.993099, 0.028511, 0.113764, 0.060024, 0.112576, -0.040279, 0.992826, 0.391069, 0.000000, 0.000000, 0.000000, 1.000000, 0.112576, -0.040279, 0.992826, 0.460069, -0.032889, -0.998782, -0.036791, 0.042135, 0.993099, -0.028511, -0.113764, 0.197049, 0.000000, 0.000000, 0.000000, 1.000000, -0.996046, 0.041278, 0.078672, 0.019077, 0.071755, -0.148366, 0.986326, -0.026925, 0.052386, 0.988071, 0.144817, -0.061053, 0.000000, 0.000000, 0.000000, 1.000000
-3.2656, -33.2157, 60.8747, 390.8777, 459.8778, 42.2157, 196.1987, 19.0668, -27.3424, -61.2124, 0.028442, 0.998564, 0.045390, -0.033216, -0.993945, 0.023431, 0.107353, 0.060875, 0.106135, -0.048169, 0.993184, 0.390878, 0.000000, 0.000000, 0.000000, 1.000000, 0.106135, -0.048169, 0.993184, 0.459878, -0.028442, -0.998564, -0.045390, 0.042216, 0.993945, -0.023431, -0.107353, 0.196199, 0.000000, 0.000000, 0.000000, 1.000000, -0.996472, 0.040990, 0.073240, 0.019067, 0.066073, -0.154986, 0.985705, -0.027342, 0.051755, 0.987066, 0.151730, -0.061212, 0.000000, 0.000000, 0.000000, 1.000000
-2.9979, -33.3162, 62.0072, 391.4623, 460.4624, 42.3163, 195.0662, 19.3392, -26.9658, -61.3140, 0.022570, 0.999071, 0.036698, -0.033316, -0.993676, 0.018380, 0.110773, 0.062007, 0.109996, -0.038966, 0.993168, 0.391462, 0.000000, 0.000000, 0.000000, 1.000000, 0.109996, -0.038966, 0.993168, 0.460462, -0.022570, -0.999071, -0.036698, 0.042316, 0.993676, -0.018380, -0.110773, 0.195066, 0.000000, 0.000000, 0.000000, 1.000000, -0.996213, 0.040036, 0.077186, 0.019339, 0.070652, -0.144735, 0.986945, -0.026966, 0.050685, 0.988660, 0.141358, -0.061314, 0.000000, 0.000000, 0.000000, 1.000000
-2.7461, -33.3938, 62.8299, 391.5081, 460.5080, 42.3938, 194.2435, 19.3639, -27.1278, -61.4481, 0.017757, 0.999027, 0.040369, -0.033394, -0.993430, 0.013063, 0.113697, 0.062830, 0.113059, -0.042123, 0.992695, 0.391508, 0.000000, 0.000000, 0.000000, 1.000000, 0.113059, -0.042123, 0.992695, 0.460508, -0.017757, -0.999027, -0.040369, 0.042394, 0.993430, -0.013063, -0.113697, 0.194244, 0.000000, 0.000000, 0.000000, 1.000000, -0.995949, 0.038945, 0.081051, 0.019364, 0.074530, -0.146800, 0.986354, -0.027128, 0.050312, 0.988399, 0.143303, -0.061448, 0.000000, 0.000000, 0.000000, 1.000000
-2.4809, -33.4559, 63.2900, 391.2154, 460.2154, 42.4559, 193.7835, 18.9960, -27.6534, -61.5991, 0.015686, 0.998783, 0.046751, -0.033456, -0.995017, 0.010988, 0.099103, 0.063290, 0.098468, -0.048073, 0.993978, 0.391215, 0.000000, 0.000000, 0.000000, 1.000000, 0.098468, -0.048073, 0.993978, 0.460215, -0.015686, -0.998783, -0.046751, 0.042456, 0.995017, -0.010988, -0.099103, 0.193783, 0.000000, 0.000000, 0.000000, 1.000000, -0.996863, 0.041403, 0.067454, 0.018996, 0.060471, -0.151435, 0.986616, -0.027653, 0.051064, 0.987600, 0.148457, -0.061599, 0.000000, 0.000000, 0.000000, 1.000000
-2.1997, -33.5746, 64.1778, 391.6449, 460.6449, 42.5746, 192.8956, 18.9780, -27.4561, -61.7464, 0.010667, 0.998743, 0.048983, -0.033575, -0.994073, 0.005292, 0.108589, 0.064178, 0.108193, -0.049851, 0.992879, 0.391645, 0.000000, 0.000000, 0.000000, 1.000000, 0.108193, -0.049851, 0.992879, 0.460645, -0.010667, -0.998743, -0.048983, 0.042575, 0.994073, -0.005292, -0.108589, 0.192896, 0.000000, 0.000000, 0.000000, 1.000000, -0.996139, 0.040366, 0.077963, 0.018978, 0.070997, -0.151997, 0.985828, -0.027456, 0.051644, 0.987556, 0.148544, -0.061746, 0.000000, 0.000000, 0.000000, 1.000000
-1.9463, -33.6382, 64.9858, 391.6559, 460.6559, 42.6382, 192.0877, 18.9852, -27.6549, -61.8790, 0.006021, 0.998875, 0.047037, -0.033638, -0.994216, 0.000935, 0.107394, 0.064986, 0.107230, -0.047412, 0.993103, 0.391656, 0.000000, 0.000000, 0.000000, 1.000000, 0.107230, -0.047412, 0.993103, 0.460656, -0.006021, -0.998875, -0.047037, 0.042638, 0.994216, -0.000935, -0.107394, 0.192088, 0.000000, 0.000000, 0.000000, 1.000000, -0.996191, 0.040096, 0.077433, 0.018985, 0.070695, -0.148469, 0.986387, -0.027655, 0.051047, 0.988104, 0.145069, -0.061879, 0.000000, 0.000000, 0.000000, 1.000000
-1.6809, -33.7280, 65.8506, 391.9667, 460.9667, 42.7280, 191.2229, 18.9949, -27.5664, -62.0148, 0.001528, 0.998731, 0.050330, -0.033728, -0.994567, -0.003720, 0.104030, 0.065851, 0.104085, -0.050215, 0.993300, 0.391967, 0.000000, 0.000000, 0.000000, 1.000000, 0.104085, -0.050215, 0.993300, 0.460967, -0.001528, -0.998731, -0.050330, 0.042728, 0.994567, 0.003720, -0.104030, 0.191223, 0.000000, 0.000000, 0.000000, 1.000000, -0.996376, 0.039857, 0.075139, 0.018995, 0.068376, -0.150081, 0.986306, -0.027566, 0.050589, 0.987870, 0.146812, -0.062015, 0.000000, 0.000000, 0.000000, 1.000000
-1.4082, -33.7628, 66.6305, 391.9450, 460.9450, 42.7628, 190.4430, 18.9142, -27.8207, -62.1312, -0.002242, 0.998575, 0.053314, -0.033763, -0.993811, -0.008146, 0.110781, 0.066630, 0.111058, -0.052735, 0.992414, 0.391945, 0.000000, 0.000000, 0.000000, 1.000000, 0.111058, -0.052735, 0.992414, 0.460945, 0.002242, -0.998575, -0.053314, 0.042763, 0.993811, 0.008146, -0.110781, 0.190443, 0.000000, 0.000000, 0.000000, 1.000000, -0.995763, 0.039985, 0.082812, 0.018914, 0.075886, -0.151358, 0.985562, -0.027821, 0.051942, 0.987670, 0.147683, -0.062131, 0.000000, 0.000000, 0.000000, 1.000000
