# Joint_5_Angle(deg), Cam_X(mm), Cam_Y(mm), Cam_Z(mm), Torso_X(mm), Torso_Y(mm), Torso_Z(mm), EE_X(mm), EE_Y(mm), EE_Z(mm), T_cam2marker_flat(16), T_torso2marker_flat(16), T_ee2marker_flat(16)
-9.9798, 22.4489, 7.2787, 168.0561, 190.0561, -22.4489, 192.7947, 150.8748, 36.2049, 33.5305, 0.612621, 0.790071, 0.021966, 0.022449, -0.789675, 0.613012, -0.025082, 0.007279, -0.033282, -0.001980, 0.999444, 0.168056, 0.000000, 0.000000, 0.000000, 1.000000, -0.033282, -0.001980, 0.999444, 0.190056, -0.612621, -0.790071, -0.021966, -0.022449, 0.789675, -0.613012, 0.025082, 0.192795, 0.000000, 0.000000, 0.000000, 1.000000, -0.039382, -0.028403, -0.998820, 0.150875, -0.998426, 0.041063, 0.038198, 0.036205, 0.039930, 0.998753, -0.029976, 0.033531, 0.000000, 0.000000, 0.000000, 1.000000
-9.7372, 22.4383, 7.2903, 168.1451, 190.1451, -22.4383, 192.7832, 151.1731, 36.2268, 34.1649, 0.612458, 0.790169, 0.023006, 0.022438, -0.789673, 0.612889, -0.027998, 0.007290, -0.036223, -0.001020, 0.999343, 0.168145, 0.000000, 0.000000, 0.000000, 1.000000, -0.036223, -0.001020, 0.999343, 0.190145, -0.612458, -0.790169, -0.023006, -0.022438, 0.789673, -0.612889, 0.027998, 0.192783, 0.000000, 0.000000, 0.000000, 1.000000, -0.036607, -0.033599, -0.998765, 0.151173, -0.998539, 0.040975, 0.035220, 0.036227, 0.039741, 0.998595, -0.035050, 0.034165, 0.000000, 0.000000, 0.000000, 1.000000
-9.5027, 22.1518, 7.0204, 168.5841, 190.5841, -22.1518, 193.0531, 151.1185, 36.2044, 34.3763, 0.612572, 0.789921, 0.027931, 0.022152, -0.789838, 0.613093, -0.016540, 0.007020, -0.030190, -0.011929, 0.999473, 0.168584, 0.000000, 0.000000, 0.000000, 1.000000, -0.030190, -0.011929, 0.999473, 0.190584, -0.612572, -0.789921, -0.027931, -0.022152, 0.789838, -0.613093, 0.016540, 0.193053, 0.000000, 0.000000, 0.000000, 1.000000, -0.042796, -0.026788, -0.998725, 0.151118, -0.998309, 0.040506, 0.041692, 0.036204, 0.039338, 0.998820, -0.028476, 0.034376, 0.000000, 0.000000, 0.000000, 1.000000
-9.3762, 21.9279, 6.7813, 169.0772, 191.0772, -21.9279, 193.2922, 150.8363, 36.1748, 34.3677, 0.612888, 0.789781, 0.024797, 0.021928, -0.789631, 0.613327, -0.017696, 0.006781, -0.029185, -0.008735, 0.999536, 0.169077, 0.000000, 0.000000, 0.000000, 1.000000, -0.029185, -0.008735, 0.999536, 0.191077, -0.612888, -0.789781, -0.024797, -0.021928, 0.789631, -0.613327, 0.017696, 0.193292, 0.000000, 0.000000, 0.000000, 1.000000, -0.043902, -0.032159, -0.998518, 0.150836, -0.998252, 0.041005, 0.042570, 0.036175, 0.039576, 0.998641, -0.033903, 0.034368, 0.000000, 0.000000, 0.000000, 1.000000
-9.1044, 21.6497, 6.5981, 169.4691, 191.4691, -21.6497, 193.4754, 150.8912, 36.2147, 34.7328, 0.612468, 0.789940, 0.029612, 0.021650, -0.789875, 0.613042, -0.016653, 0.006598, -0.031308, -0.013190, 0.999423, 0.169469, 0.000000, 0.000000, 0.000000, 1.000000, -0.031308, -0.013190, 0.999423, 0.191469, -0.612468, -0.789940, -0.029612, -0.021650, 0.789875, -0.613042, 0.016653, 0.193475, 0.000000, 0.000000, 0.000000, 1.000000, -0.041948, -0.032478, -0.998592, 0.150891, -0.998359, 0.040364, 0.040625, 0.036215, 0.038987, 0.998657, -0.034118, 0.034733, 0.000000, 0.000000, 0.000000, 1.000000
-8.8655, 21.4100, 6.3304, 169.9090, 191.9090, -21.4100, 193.7431, 150.8409, 36.1672, 34.9891, 0.613351, 0.789424, 0.024705, 0.021410, -0.789429, 0.613727, -0.011886, 0.006330, -0.024545, -0.012213, 0.999624, 0.169909, 0.000000, 0.000000, 0.000000, 1.000000, -0.024545, -0.012213, 0.999624, 0.191909, -0.613351, -0.789424, -0.024705, -0.021410, 0.789429, -0.613727, 0.011886, 0.193743, 0.000000, 0.000000, 0.000000, 1.000000, -0.048908, -0.037552, -0.998097, 0.150841, -0.998025, 0.041289, 0.047351, 0.036167, 0.039432, 0.998441, -0.039498, 0.034989, 0.000000, 0.000000, 0.000000, 1.000000
-8.7394, 21.0053, 6.0785, 170.7608, 192.7609, -21.0053, 193.9949, 150.2186, 36.2573, 34.7998, 0.611764, 0.789701, 0.046013, 0.021005, -0.790096, 0.612840, -0.013216, 0.006079, -0.038635, -0.028270, 0.998853, 0.170761, 0.000000, 0.000000, 0.000000, 1.000000, -0.038635, -0.028270, 0.998853, 0.192761, -0.611764, -0.789701, -0.046013, -0.021005, 0.790096, -0.612840, 0.013216, 0.193995, 0.000000, 0.000000, 0.000000, 1.000000, -0.034843, -0.023805, -0.999109, 0.150219, -0.998654, 0.039263, 0.033892, 0.036257, 0.038421, 0.998945, -0.025141, 0.034800, 0.000000, 0.000000, 0.000000, 1.000000
-8.3656, 20.8890, 5.8379, 170.9601, 192.9601, -20.8890, 194.2356, 150.6107, 36.1431, 35.5350, 0.613133, 0.789188, 0.035353, 0.020889, -0.789690, 0.613505, 0.000414, 0.005838, -0.021363, -0.028172, 0.999375, 0.170960, 0.000000, 0.000000, 0.000000, 1.000000, -0.021363, -0.028172, 0.999375, 0.192960, -0.613133, -0.789188, -0.035353, -0.020889, 0.789690, -0.613505, -0.000414, 0.194236, 0.000000, 0.000000, 0.000000, 1.000000, -0.052406, -0.030356, -0.998164, 0.150611, -0.997884, 0.040107, 0.051171, 0.036143, 0.038480, 0.998734, -0.032394, 0.035535, 0.000000, 0.000000, 0.000000, 1.000000
-8.0352, 20.3720, 5.4565, 171.9290, 193.9290, -20.3720, 194.6170, 150.2024, 36.2013, 35.6992, 0.612900, 0.788638, 0.049031, 0.020372, -0.789625, 0.613588, 0.001293, 0.005456, -0.029065, -0.039509, 0.998796, 0.171929, 0.000000, 0.000000, 0.000000, 1.000000, -0.029065, -0.039509, 0.998796, 0.193929, -0.612900, -0.788638, -0.049031, -0.020372, 0.789625, -0.613588, -0.001293, 0.194617, 0.000000, 0.000000, 0.000000, 1.000000, -0.044938, -0.024780, -0.998682, 0.150202, -0.998246, 0.039684, 0.043934, 0.036201, 0.038543, 0.998905, -0.026520, 0.035699, 0.000000, 0.000000, 0.000000, 1.000000
-7.9255, 20.1977, 5.1683, 172.2999, 194.2999, -20.1977, 194.9051, 150.0158, 36.0944, 35.6522, 0.614201, 0.788700, 0.026626, 0.020198, -0.788998, 0.614395, 0.001129, 0.005168, -0.015469, -0.021702, 0.999645, 0.172300, 0.000000, 0.000000, 0.000000, 1.000000, -0.015469, -0.021702, 0.999645, 0.194300, -0.614201, -0.788700, -0.026626, -0.020198, 0.788998, -0.614395, -0.001129, 0.194905, 0.000000, 0.000000, 0.000000, 1.000000, -0.058657, -0.044402, -0.997290, 0.150016, -0.997519, 0.041574, 0.056819, 0.036094, 0.038938, 0.998148, -0.046731, 0.035652, 0.000000, 0.000000, 0.000000, 1.000000
-7.6555, 19.8709, 4.8448, 172.9178, 194.9178, -19.8709, 195.2286, 149.8489, 36.0646, 35.8617, 0.614263, 0.788101, 0.039719, 0.019871, -0.789057, 0.613982, 0.020380, 0.004845, -0.008325, -0.043859, 0.999003, 0.172918, 0.000000, 0.000000, 0.000000, 1.000000, -0.008325, -0.043859, 0.999003, 0.194918, -0.614263, -0.788101, -0.039719, -0.019871, 0.789057, -0.613982, -0.020380, 0.195229, 0.000000, 0.000000, 0.000000, 1.000000, -0.065953, -0.027011, -0.997457, 0.149849, -0.997093, 0.040004, 0.064846, 0.036065, 0.038150, 0.998834, -0.029571, 0.035862, 0.000000, 0.000000, 0.000000, 1.000000
-7.4351, 19.6869, 4.5980, 173.2626, 195.2626, -19.6869, 195.4754, 149.8638, 35.9950, 36.1194, 0.615067, 0.787775, 0.033227, 0.019687, -0.788471, 0.614378, 0.029229, 0.004598, 0.002612, -0.044176, 0.999020, 0.173263, 0.000000, 0.000000, 0.000000, 1.000000, 0.002612, -0.044176, 0.999020, 0.195263, -0.615067, -0.787775, -0.033227, -0.019687, 0.788471, -0.614378, -0.029229, 0.195475, 0.000000, 0.000000, 0.000000, 1.000000, -0.077052, -0.030498, -0.996561, 0.149864, -0.996301, 0.040492, 0.075792, 0.035995, 0.038041, 0.998714, -0.033505, 0.036119, 0.000000, 0.000000, 0.000000, 1.000000
-7.3114, 19.4934, 4.4183, 173.6133, 195.6133, -19.4934, 195.6552, 149.7251, 35.9858, 36.1541, 0.614892, 0.788321, 0.021388, 0.019493, -0.788609, 0.614603, 0.018950, 0.004418, 0.001793, -0.028519, 0.999592, 0.173613, 0.000000, 0.000000, 0.000000, 1.000000, 0.001793, -0.028519, 0.999592, 0.195613, -0.614892, -0.788321, -0.021388, -0.019493, 0.788609, -0.614603, -0.018950, 0.195655, 0.000000, 0.000000, 0.000000, 1.000000, -0.076303, -0.048277, -0.995915, 0.149725, -0.996371, 0.041476, 0.074327, 0.035986, 0.037718, 0.997972, -0.051267, 0.036154, 0.000000, 0.000000, 0.000000, 1.000000
-7.0620, 19.2532, 4.2512, 174.1272, 196.1272, -19.2532, 195.8222, 149.6245, 36.0257, 36.4719, 0.614838, 0.787738, 0.037979, 0.019253, -0.788653, 0.614113, 0.029854, 0.004251, 0.000194, -0.048308, 0.998832, 0.174127, 0.000000, 0.000000, 0.000000, 1.000000, 0.000194, -0.048308, 0.998832, 0.196127, -0.614838, -0.787738, -0.037979, -0.019253, 0.788653, -0.614113, -0.029854, 0.195822, 0.000000, 0.000000, 0.000000, 1.000000, -0.074871, -0.032893, -0.996651, 0.149625, -0.996490, 0.040003, 0.073539, 0.036026, 0.037450, 0.998658, -0.035772, 0.036472, 0.000000, 0.000000, 0.000000, 1.000000
-6.8131, 19.0420, 3.9896, 174.5549, 196.5549, -19.0420, 196.0838, 149.6050, 35.9657, 36.7620, 0.615211, 0.787846, 0.028540, 0.019042, -0.788327, 0.614437, 0.031729, 0.003990, 0.007461, -0.042018, 0.999089, 0.174555, 0.000000, 0.000000, 0.000000, 1.000000, 0.007461, -0.042018, 0.999089, 0.196555, -0.615211, -0.787846, -0.028540, -0.019042, 0.788327, -0.614437, -0.031729, 0.196084, 0.000000, 0.000000, 0.000000, 1.000000, -0.082294, -0.043491, -0.995659, 0.149605, -0.995922, 0.040653, 0.080540, 0.035966, 0.036974, 0.998226, -0.046659, 0.036762, 0.000000, 0.000000, 0.000000, 1.000000
-6.6854, 18.8084, 3.8337, 175.0791, 197.0791, -18.8084, 196.2397, 149.3066, 36.0114, 36.7687, 0.615028, 0.787967, 0.029151, 0.018808, -0.788505, 0.614574, 0.023638, 0.003834, 0.000711, -0.037524, 0.999295, 0.175079, 0.000000, 0.000000, 0.000000, 1.000000, 0.000711, -0.037524, 0.999295, 0.197079, -0.615028, -0.787967, -0.029151, -0.018808, 0.788505, -0.614574, -0.023638, 0.196240, 0.000000, 0.000000, 0.000000, 1.000000, -0.075651, -0.050192, -0.995870, 0.149307, -0.996442, 0.041014, 0.073627, 0.036011, 0.037150, 0.997897, -0.053116, 0.036769, 0.000000, 0.000000, 0.000000, 1.000000
-6.2602, 18.5968, 3.6455, 175.4871, 197.4871, -18.5968, 196.4280, 149.5777, 36.0099, 37.5586, 0.614918, 0.787906, 0.032858, 0.018597, -0.788582, 0.614177, 0.030417, 0.003645, 0.003785, -0.044615, 0.998997, 0.175487, 0.000000, 0.000000, 0.000000, 1.000000, 0.003785, -0.044615, 0.998997, 0.197487, -0.614918, -0.787906, -0.032858, -0.018597, 0.788582, -0.614177, -0.030417, 0.196428, 0.000000, 0.000000, 0.000000, 1.000000, -0.078963, -0.050550, -0.995595, 0.149578, -0.996222, 0.040221, 0.076971, 0.036010, 0.036153, 0.997911, -0.053535, 0.037559, 0.000000, 0.000000, 0.000000, 1.000000
-6.1242, 18.1769, 3.2120, 176.4009, 198.4009, -18.1769, 196.8615, 148.9298, 35.9657, 37.2312, 0.615115, 0.787815, 0.031331, 0.018177, -0.788388, 0.614146, 0.035628, 0.003212, 0.008826, -0.046616, 0.998874, 0.176401, 0.000000, 0.000000, 0.000000, 1.000000, 0.008826, -0.046616, 0.998874, 0.198401, -0.615115, -0.787815, -0.031331, -0.018177, 0.788388, -0.614146, -0.035628, 0.196861, 0.000000, 0.000000, 0.000000, 1.000000, -0.084076, -0.050921, -0.995157, 0.148930, -0.995818, 0.040106, 0.082079, 0.035966, 0.035732, 0.997897, -0.054080, 0.037231, 0.000000, 0.000000, 0.000000, 1.000000
-5.8746, 17.2345, 3.3371, 177.0463, 199.0463, -17.2345, 196.7363, 148.7894, 36.6585, 37.1268, 0.603357, 0.781127, 0.160628, 0.017234, -0.790441, 0.612468, -0.009319, 0.003337, -0.105658, -0.121344, 0.986971, 0.177046, 0.000000, 0.000000, 0.000000, 1.000000, -0.105658, -0.121344, 0.986971, 0.199046, -0.603357, -0.781127, -0.160628, -0.017234, 0.790441, -0.612468, 0.009319, 0.196736, 0.000000, 0.000000, 0.000000, 1.000000, 0.030827, 0.019710, -0.999330, 0.148789, -0.998852, 0.037280, -0.030077, 0.036658, 0.036663, 0.999110, 0.020836, 0.037127, 0.000000, 0.000000, 0.000000, 1.000000
-5.6254, 17.8321, 2.9563, 177.3430, 199.3430, -17.8321, 197.1171, 148.8004, 36.0245, 38.0017, 0.614777, 0.788190, 0.028393, 0.017832, -0.788701, 0.614412, 0.021194, 0.002956, -0.000740, -0.035423, 0.999372, 0.177343, 0.000000, 0.000000, 0.000000, 1.000000, -0.000740, -0.035423, 0.999372, 0.199343, -0.614777, -0.788190, -0.028393, -0.017832, 0.788701, -0.614412, -0.021194, 0.197117, 0.000000, 0.000000, 0.000000, 1.000000, -0.074854, -0.070755, -0.994681, 0.148800, -0.996559, 0.040903, 0.072085, 0.036025, 0.035585, 0.996655, -0.073573, 0.038002, 0.000000, 0.000000, 0.000000, 1.000000
-5.3554, 16.7057, 2.8449, 177.9567, 199.9567, -16.7057, 197.2285, 148.7523, 36.6292, 37.6630, 0.603169, 0.778655, 0.172866, 0.016706, -0.790049, 0.613026, -0.004643, 0.002845, -0.109587, -0.133772, 0.984934, 0.177957, 0.000000, 0.000000, 0.000000, 1.000000, -0.109587, -0.133772, 0.984934, 0.199957, -0.603169, -0.778655, -0.172866, -0.016706, 0.790049, -0.613026, 0.004643, 0.197229, 0.000000, 0.000000, 0.000000, 1.000000, 0.034408, 0.023297, -0.999136, 0.148752, -0.998705, 0.038277, -0.033501, 0.036629, 0.037464, 0.998996, 0.024584, 0.037663, 0.000000, 0.000000, 0.000000, 1.000000
-5.1177, 16.3496, 2.5687, 178.4863, 200.4863, -16.3496, 197.5047, 148.6406, 36.6484, 37.7714, 0.602550, 0.777305, 0.180917, 0.016350, -0.789996, 0.613104, -0.003076, 0.002569, -0.113312, -0.141071, 0.983493, 0.178486, 0.000000, 0.000000, 0.000000, 1.000000, -0.113312, -0.141071, 0.983493, 0.200486, -0.602550, -0.777305, -0.180917, -0.016350, 0.789996, -0.613104, 0.003076, 0.197505, 0.000000, 0.000000, 0.000000, 1.000000, 0.038026, 0.026565, -0.998924, 0.148641, -0.998570, 0.038601, -0.036986, 0.036648, 0.037576, 0.998902, 0.027995, 0.037771, 0.000000, 0.000000, 0.000000, 1.000000
-4.8590, 16.1752, 2.3265, 179.0524, 201.0524, -16.1752, 197.7470, 148.5002, 36.5928, 38.0928, 0.603865, 0.777310, 0.176453, 0.016175, -0.790052, 0.613031, 0.003233, 0.002326, -0.105658, -0.141359, 0.984304, 0.179052, 0.000000, 0.000000, 0.000000, 1.000000, -0.105658, -0.141359, 0.984304, 0.201052, -0.603865, -0.777310, -0.176453, -0.016175, 0.790052, -0.613031, -0.003233, 0.197747, 0.000000, 0.000000, 0.000000, 1.000000, 0.030094, 0.022342, -0.999297, 0.148500, -0.998831, 0.038518, -0.029219, 0.036593, 0.037838, 0.999008, 0.023475, 0.038093, 0.000000, 0.000000, 0.000000, 1.000000
-4.7283, 15.9489, 2.2130, 179.6806, 201.6806, -15.9489, 197.8604, 148.1104, 36.6763, 38.1059, 0.602752, 0.779696, 0.169600, 0.015949, -0.789537, 0.613530, -0.014581, 0.002213, -0.115423, -0.125116, 0.985405, 0.179681, 0.000000, 0.000000, 0.000000, 1.000000, -0.115423, -0.125116, 0.985405, 0.201681, -0.602752, -0.779696, -0.169600, -0.015949, 0.789537, -0.613530, 0.014581, 0.197860, 0.000000, 0.000000, 0.000000, 1.000000, 0.039823, 0.003640, -0.999200, 0.148110, -0.998464, 0.038702, -0.039653, 0.036676, 0.038527, 0.999244, 0.005176, 0.038106, 0.000000, 0.000000, 0.000000, 1.000000
-4.3194, 15.7631, 2.0345, 180.1659, 202.1659, -15.7631, 198.0389, 148.2778, 36.6733, 38.8484, 0.602648, 0.779685, 0.170018, 0.015763, -0.789864, 0.613162, -0.012135, 0.002035, -0.113710, -0.126978, 0.985366, 0.180166, 0.000000, 0.000000, 0.000000, 1.000000, -0.113710, -0.126978, 0.985366, 0.202166, -0.602648, -0.779685, -0.170018, -0.015763, 0.789864, -0.613162, 0.012135, 0.198039, 0.000000, 0.000000, 0.000000, 1.000000, 0.037875, -0.001642, -0.999281, 0.148278, -0.998548, 0.038277, -0.037910, 0.036673, 0.038311, 0.999266, -0.000190, 0.038848, 0.000000, 0.000000, 0.000000, 1.000000
-4.0766, 15.4841, 1.6173, 181.1249, 203.1249, -15.4841, 198.4561, 147.7451, 36.5640, 38.8808, 0.605841, 0.779317, 0.160069, 0.015484, -0.789967, 0.613130, 0.004819, 0.001617, -0.094388, -0.129369, 0.987094, 0.181125, 0.000000, 0.000000, 0.000000, 1.000000, -0.094388, -0.129369, 0.987094, 0.203125, -0.605841, -0.779317, -0.160069, -0.015484, 0.789967, -0.613130, -0.004819, 0.198456, 0.000000, 0.000000, 0.000000, 1.000000, 0.018135, -0.003457, -0.999830, 0.147745, -0.999100, 0.038293, -0.018255, 0.036564, 0.038350, 0.999261, -0.002760, 0.038881, 0.000000, 0.000000, 0.000000, 1.000000
-3.9531, 15.1284, 1.4247, 181.5934, 203.5934, -15.1284, 198.6487, 147.5264, 36.6466, 38.7378, 0.603324, 0.778599, 0.172582, 0.015128, -0.789627, 0.613540, -0.007538, 0.001425, -0.111755, -0.131727, 0.984966, 0.181593, 0.000000, 0.000000, 0.000000, 1.000000, -0.111755, -0.131727, 0.984966, 0.203593, -0.603324, -0.778599, -0.172582, -0.015128, 0.789627, -0.613540, 0.007538, 0.198649, 0.000000, 0.000000, 0.000000, 1.000000, 0.035589, -0.003180, -0.999361, 0.147526, -0.998607, 0.038873, -0.035685, 0.036647, 0.038962, 0.999239, -0.001792, 0.038738, 0.000000, 0.000000, 0.000000, 1.000000
-3.5567, 14.9500, 1.2039, 182.0399, 204.0399, -14.9500, 198.8695, 147.7133, 36.6022, 39.4246, 0.604072, 0.777240, 0.176053, 0.014950, -0.789958, 0.613150, 0.003560, 0.001204, -0.105180, -0.141225, 0.984374, 0.182040, 0.000000, 0.000000, 0.000000, 1.000000, -0.105180, -0.141225, 0.984374, 0.204040, -0.604072, -0.777240, -0.176053, -0.014950, 0.789958, -0.613150, -0.003560, 0.198870, 0.000000, 0.000000, 0.000000, 1.000000, 0.028719, -0.000493, -0.999587, 0.147713, -0.998840, 0.038664, -0.028717, 0.036602, 0.038663, 0.999252, 0.000618, 0.039425, 0.000000, 0.000000, 0.000000, 1.000000
-3.3807, 14.6235, 0.9727, 182.8128, 204.8128, -14.6235, 199.1007, 147.2723, 36.6582, 39.3690, 0.603067, 0.778557, 0.173664, 0.014623, -0.789661, 0.613489, -0.008160, 0.000973, -0.112894, -0.132214, 0.984771, 0.182813, 0.000000, 0.000000, 0.000000, 1.000000, -0.112894, -0.132214, 0.984771, 0.204813, -0.603067, -0.778557, -0.173664, -0.014623, 0.789661, -0.613489, 0.008160, 0.199101, 0.000000, 0.000000, 0.000000, 1.000000, 0.036363, -0.012674, -0.999258, 0.147272, -0.998567, 0.038821, -0.036830, 0.036658, 0.039259, 0.999166, -0.011244, 0.039369, 0.000000, 0.000000, 0.000000, 1.000000
-3.0245, 14.4939, 0.6277, 183.4250, 205.4250, -14.4939, 199.4458, 147.2310, 36.4964, 39.8878, 0.607692, 0.776440, 0.166887, 0.014494, -0.789435, 0.613498, 0.020311, 0.000628, -0.086615, -0.144089, 0.985767, 0.183425, 0.000000, 0.000000, 0.000000, 1.000000, -0.086615, -0.144089, 0.985767, 0.205425, -0.607692, -0.776440, -0.166887, -0.014494, 0.789435, -0.613498, -0.020311, 0.199446, 0.000000, 0.000000, 0.000000, 1.000000, 0.009442, -0.006829, -0.999932, 0.147231, -0.999184, 0.039206, -0.009703, 0.036496, 0.039269, 0.999208, -0.006454, 0.039888, 0.000000, 0.000000, 0.000000, 1.000000
-2.9125, 14.2592, 0.4731, 184.2806, 206.2806, -14.2592, 199.6004, 146.5988, 36.5675, 39.7654, 0.606247, 0.779633, 0.156959, 0.014259, -0.789631, 0.613579, 0.002199, 0.000473, -0.094593, -0.125273, 0.987603, 0.184281, 0.000000, 0.000000, 0.000000, 1.000000, -0.094593, -0.125273, 0.987603, 0.206281, -0.606247, -0.779633, -0.156959, -0.014259, 0.789631, -0.613579, -0.002199, 0.199600, 0.000000, 0.000000, 0.000000, 1.000000, 0.017474, -0.027862, -0.999459, 0.146599, -0.999076, 0.038767, -0.018548, 0.036568, 0.039262, 0.998860, -0.027158, 0.039765, 0.000000, 0.000000, 0.000000, 1.000000
-2.4970, 13.9782, 0.2622, 184.6310, 206.6309, -13.9782, 199.8113, 146.9250, 36.5839, 40.4273, 0.605503, 0.777225, 0.171135, 0.013978, -0.789819, 0.613270, 0.009282, 0.000262, -0.097738, -0.140786, 0.985204, 0.184631, 0.000000, 0.000000, 0.000000, 1.000000, -0.097738, -0.140786, 0.985204, 0.206631, -0.605503, -0.777225, -0.171135, -0.013978, 0.789819, -0.613270, -0.009282, 0.199811, 0.000000, 0.000000, 0.000000, 1.000000, 0.020420, -0.019408, -0.999603, 0.146925, -0.999023, 0.038798, -0.021161, 0.036584, 0.039194, 0.999059, -0.018597, 0.040427, 0.000000, 0.000000, 0.000000, 1.000000
-2.1948, 13.7421, -0.0286, 185.6896, 207.6896, -13.7421, 200.1020, 146.3818, 36.5597, 40.6684, 0.606698, 0.778993, 0.158394, 0.013742, -0.789693, 0.613454, 0.007759, -0.000029, -0.091122, -0.129790, 0.987346, 0.185690, 0.000000, 0.000000, 0.000000, 1.000000, -0.091122, -0.129790, 0.987346, 0.207690, -0.606698, -0.778993, -0.158394, -0.013742, 0.789693, -0.613454, -0.007759, 0.200102, 0.000000, 0.000000, 0.000000, 1.000000, 0.013491, -0.035809, -0.999268, 0.146382, -0.999140, 0.038710, -0.014876, 0.036560, 0.039214, 0.998609, -0.035256, 0.040668, 0.000000, 0.000000, 0.000000, 1.000000
-2.0569, 13.3811, -0.3227, 186.3552, 208.3552, -13.3811, 200.3962, 146.0075, 36.5769, 40.4495, 0.605608, 0.777718, 0.168503, 0.013381, -0.789757, 0.613375, 0.007420, -0.000323, -0.097585, -0.137570, 0.985673, 0.186355, 0.000000, 0.000000, 0.000000, 1.000000, -0.097585, -0.137570, 0.985673, 0.208355, -0.605608, -0.777718, -0.168503, -0.013381, 0.789757, -0.613375, -0.007420, 0.200396, 0.000000, 0.000000, 0.000000, 1.000000, 0.019947, -0.030335, -0.999341, 0.146008, -0.999023, 0.038828, -0.021119, 0.036577, 0.039443, 0.998785, -0.029531, 0.040450, 0.000000, 0.000000, 0.000000, 1.000000
-1.6449, 13.2123, -0.5549, 186.7652, 208.7652, -13.2123, 200.6283, 146.2513, 36.5151, 41.1599, 0.606847, 0.775341, 0.174879, 0.013212, -0.789687, 0.613116, 0.021983, -0.000555, -0.090177, -0.151440, 0.984345, 0.186765, 0.000000, 0.000000, 0.000000, 1.000000, -0.090177, -0.151440, 0.984345, 0.208765, -0.606847, -0.775341, -0.174879, -0.013212, 0.789687, -0.613116, -0.021983, 0.200628, 0.000000, 0.000000, 0.000000, 1.000000, 0.012157, -0.023449, -0.999651, 0.146251, -0.999154, 0.039003, -0.013066, 0.036515, 0.039296, 0.998964, -0.022955, 0.041160, 0.000000, 0.000000, 0.000000, 1.000000
-1.5264, 12.8466, -0.8659, 187.9341, 209.9341, -12.8466, 200.9394, 145.3606, 36.5571, 40.7816, 0.606839, 0.777094, 0.166944, 0.012847, -0.789943, 0.612902, 0.018485, -0.000866, -0.087956, -0.143093, 0.985793, 0.187934, 0.000000, 0.000000, 0.000000, 1.000000, -0.087956, -0.143093, 0.985793, 0.209934, -0.606839, -0.777094, -0.166944, -0.012847, 0.789943, -0.612902, -0.018485, 0.200939, 0.000000, 0.000000, 0.000000, 1.000000, 0.009910, -0.034022, -0.999372, 0.145361, -0.999199, 0.038410, -0.011216, 0.036557, 0.038768, 0.998683, -0.033614, 0.040782, 0.000000, 0.000000, 0.000000, 1.000000
-1.2995, 12.6991, -0.9782, 188.0909, 210.0909, -12.6991, 201.0516, 145.5729, 36.5624, 41.1471, 0.605576, 0.775919, 0.176713, 0.012699, -0.789875, 0.613088, 0.014839, -0.000978, -0.096827, -0.148567, 0.984151, 0.188091, 0.000000, 0.000000, 0.000000, 1.000000, -0.096827, -0.148567, 0.984151, 0.210091, -0.605576, -0.775919, -0.176713, -0.012699, 0.789875, -0.613088, -0.014839, 0.201052, 0.000000, 0.000000, 0.000000, 1.000000, 0.018691, -0.032397, -0.999300, 0.145573, -0.999046, 0.038851, -0.019946, 0.036562, 0.039470, 0.998720, -0.031640, 0.041147, 0.000000, 0.000000, 0.000000, 1.000000
-1.0540, 12.5473, -1.1583, 188.5568, 210.5568, -12.5473, 201.2318, 145.5132, 36.5370, 41.4592, 0.606544, 0.774850, 0.178078, 0.012547, -0.789766, 0.612985, 0.022781, -0.001158, -0.091507, -0.154458, 0.983753, 0.188557, 0.000000, 0.000000, 0.000000, 1.000000, -0.091507, -0.154458, 0.983753, 0.210557, -0.606544, -0.774850, -0.178078, -0.012547, 0.789766, -0.612985, -0.022781, 0.201232, 0.000000, 0.000000, 0.000000, 1.000000, 0.013117, -0.030691, -0.999443, 0.145513, -0.999138, 0.038965, -0.014310, 0.036537, 0.039383, 0.998769, -0.030153, 0.041459, 0.000000, 0.000000, 0.000000, 1.000000
-0.9347, 12.3447, -1.3600, 189.3592, 211.3592, -12.3447, 201.4335, 144.9514, 36.5479, 41.3330, 0.607110, 0.776529, 0.168585, 0.012345, -0.789919, 0.612819, 0.021926, -0.001360, -0.086286, -0.146479, 0.985443, 0.189359, 0.000000, 0.000000, 0.000000, 1.000000, -0.086286, -0.146479, 0.985443, 0.211359, -0.607110, -0.776529, -0.168585, -0.012345, 0.789919, -0.612819, -0.021926, 0.201433, 0.000000, 0.000000, 0.000000, 1.000000, 0.007820, -0.040903, -0.999133, 0.144951, -0.999217, 0.038424, -0.009393, 0.036548, 0.038775, 0.998424, -0.040570, 0.041333, 0.000000, 0.000000, 0.000000, 1.000000
-0.5192, 12.1666, -1.5361, 189.7216, 211.7216, -12.1666, 201.6096, 145.2459, 36.5336, 42.0721, 0.606906, 0.775951, 0.171945, 0.012167, -0.789993, 0.612662, 0.023589, -0.001536, -0.087040, -0.150152, 0.984824, 0.189722, 0.000000, 0.000000, 0.000000, 1.000000, -0.087040, -0.150152, 0.984824, 0.211722, -0.606906, -0.775951, -0.171945, -0.012167, 0.789993, -0.612662, -0.023589, 0.201610, 0.000000, 0.000000, 0.000000, 1.000000, 0.008321, -0.044426, -0.998978, 0.145246, -0.999213, 0.038369, -0.010029, 0.036534, 0.038776, 0.998276, -0.044071, 0.042072, 0.000000, 0.000000, 0.000000, 1.000000
-0.3799, 11.8245, -1.9046, 190.5903, 212.5903, -11.8245, 201.9781, 144.6891, 36.4939, 41.7686, 0.607745, 0.772300, 0.184927, 0.011824, -0.789654, 0.612399, 0.037596, -0.001905, -0.084214, -0.168878, 0.982033, 0.190590, 0.000000, 0.000000, 0.000000, 1.000000, -0.084214, -0.168878, 0.982033, 0.212590, -0.607745, -0.772300, -0.184927, -0.011824, 0.789654, -0.612399, -0.037596, 0.201978, 0.000000, 0.000000, 0.000000, 1.000000, 0.005273, -0.027793, -0.999600, 0.144689, -0.999222, 0.038932, -0.006354, 0.036494, 0.039093, 0.998855, -0.027567, 0.041769, 0.000000, 0.000000, 0.000000, 1.000000
-0.1481, 11.6565, -2.0115, 191.0947, 213.0947, -11.6565, 202.0850, 144.5733, 36.5402, 42.0578, 0.606865, 0.774151, 0.180012, 0.011656, -0.790083, 0.612235, 0.030616, -0.002012, -0.086508, -0.160804, 0.983188, 0.191095, 0.000000, 0.000000, 0.000000, 1.000000, -0.086508, -0.160804, 0.983188, 0.213095, -0.606865, -0.774151, -0.180012, -0.011656, 0.790083, -0.612235, -0.030616, 0.202085, 0.000000, 0.000000, 0.000000, 1.000000, 0.007563, -0.040091, -0.999167, 0.144573, -0.999225, 0.038304, -0.009101, 0.036540, 0.038637, 0.998462, -0.039770, 0.042058, 0.000000, 0.000000, 0.000000, 1.000000
-0.0185, 11.5031, -2.1871, 191.5234, 213.5234, -11.5031, 202.2605, 144.3851, 36.5167, 42.0745, 0.606822, 0.773447, 0.183158, 0.011503, -0.790031, 0.612225, 0.032131, -0.002187, -0.087282, -0.164199, 0.982558, 0.191523, 0.000000, 0.000000, 0.000000, 1.000000, -0.087282, -0.164199, 0.982558, 0.213523, -0.606822, -0.773447, -0.183158, -0.011503, 0.790031, -0.612225, -0.032131, 0.202261, 0.000000, 0.000000, 0.000000, 1.000000, 0.008237, -0.038889, -0.999210, 0.144385, -0.999213, 0.038460, -0.009734, 0.036517, 0.038808, 0.998503, -0.038542, 0.042074, 0.000000, 0.000000, 0.000000, 1.000000
0.2481, 11.2700, -2.3840, 191.8163, 213.8163, -11.2700, 202.4575, 144.5458, 36.5124, 42.3879, 0.606668, 0.770376, 0.196152, 0.011270, -0.789746, 0.612260, 0.037946, -0.002384, -0.090863, -0.177931, 0.979839, 0.191816, 0.000000, 0.000000, 0.000000, 1.000000, -0.090863, -0.177931, 0.979839, 0.213816, -0.606668, -0.770376, -0.196152, -0.011270, 0.789746, -0.612260, -0.037946, 0.202457, 0.000000, 0.000000, 0.000000, 1.000000, 0.011562, -0.029494, -0.999498, 0.144546, -0.999147, 0.039285, -0.012717, 0.036512, 0.039641, 0.998793, -0.029015, 0.042388, 0.000000, 0.000000, 0.000000, 1.000000
0.5049, 11.1276, -2.5650, 192.5883, 214.5883, -11.1276, 202.6384, 144.2055, 36.5027, 42.6546, 0.607487, 0.771030, 0.190977, 0.011128, -0.789920, 0.611693, 0.043108, -0.002565, -0.083581, -0.177044, 0.980648, 0.192588, 0.000000, 0.000000, 0.000000, 1.000000, -0.083581, -0.177044, 0.980648, 0.214588, -0.607487, -0.771030, -0.190977, -0.011128, 0.789920, -0.611693, -0.043108, 0.202638, 0.000000, 0.000000, 0.000000, 1.000000, 0.004126, -0.034938, -0.999381, 0.144206, -0.999243, 0.038510, -0.005471, 0.036503, 0.038677, 0.998647, -0.034753, 0.042655, 0.000000, 0.000000, 0.000000, 1.000000
0.6374, 10.9018, -2.7928, 193.2130, 215.2130, -10.9018, 202.8663, 143.8521, 36.4927, 42.5437, 0.607850, 0.770497, 0.191967, 0.010902, -0.790053, 0.611080, 0.048958, -0.002793, -0.079585, -0.181424, 0.980179, 0.193213, 0.000000, 0.000000, 0.000000, 1.000000, -0.079585, -0.181424, 0.980179, 0.215213, -0.607850, -0.770497, -0.191967, -0.010902, 0.790053, -0.611080, -0.048958, 0.202866, 0.000000, 0.000000, 0.000000, 1.000000, 0.000075, -0.032825, -0.999461, 0.143852, -0.999277, 0.038007, -0.001324, 0.036493, 0.038030, 0.998738, -0.032798, 0.042544, 0.000000, 0.000000, 0.000000, 1.000000
1.0224, 10.6633, -2.9873, 193.7365, 215.7365, -10.6633, 203.0607, 143.9611, 36.5100, 43.0958, 0.607010, 0.769818, 0.197279, 0.010663, -0.790067, 0.611335, 0.045425, -0.002987, -0.085634, -0.183437, 0.979294, 0.193737, 0.000000, 0.000000, 0.000000, 1.000000, -0.085634, -0.183437, 0.979294, 0.215737, -0.607010, -0.769818, -0.197279, -0.010663, 0.790067, -0.611335, -0.045425, 0.203061, 0.000000, 0.000000, 0.000000, 1.000000, 0.005889, -0.037445, -0.999281, 0.143961, -0.999233, 0.038463, -0.007330, 0.036510, 0.038710, 0.998558, -0.037189, 0.043096, 0.000000, 0.000000, 0.000000, 1.000000
1.1599, 10.4072, -3.2283, 194.5284, 216.5284, -10.4072, 203.3017, 143.4632, 36.5187, 42.9231, 0.606909, 0.769058, 0.200526, 0.010407, -0.790201, 0.610915, 0.048630, -0.003228, -0.085106, -0.187970, 0.978481, 0.194528, 0.000000, 0.000000, 0.000000, 1.000000, -0.085106, -0.187970, 0.978481, 0.216528, -0.606909, -0.769058, -0.200526, -0.010407, 0.790201, -0.610915, -0.048630, 0.203302, 0.000000, 0.000000, 0.000000, 1.000000, 0.005314, -0.035235, -0.999365, 0.143463, -0.999246, 0.038239, -0.006662, 0.036519, 0.038449, 0.998647, -0.035006, 0.042923, 0.000000, 0.000000, 0.000000, 1.000000
1.4221, 10.3112, -3.3506, 195.0081, 217.0081, -10.3112, 203.4240, 143.4028, 36.5093, 43.3244, 0.607734, 0.768673, 0.199502, 0.010311, -0.790072, 0.610628, 0.054037, -0.003351, -0.080285, -0.190460, 0.978406, 0.195008, 0.000000, 0.000000, 0.000000, 1.000000, -0.080285, -0.190460, 0.978406, 0.217008, -0.607734, -0.768673, -0.199502, -0.010311, 0.790072, -0.610628, -0.054037, 0.203424, 0.000000, 0.000000, 0.000000, 1.000000, 0.000261, -0.037277, -0.999305, 0.143403, -0.999275, 0.038047, -0.001680, 0.036509, 0.038083, 0.998580, -0.037240, 0.043324, 0.000000, 0.000000, 0.000000, 1.000000
1.6537, 10.0701, -3.5575, 195.4138, 217.4138, -10.0701, 203.6309, 143.4106, 36.5096, 43.5018, 0.607297, 0.767512, 0.205223, 0.010070, -0.790122, 0.610475, 0.055021, -0.003557, -0.083054, -0.195565, 0.977168, 0.195414, 0.000000, 0.000000, 0.000000, 1.000000, -0.083054, -0.195565, 0.977168, 0.217414, -0.607297, -0.767512, -0.205223, -0.010070, 0.790122, -0.610475, -0.055021, 0.203631, 0.000000, 0.000000, 0.000000, 1.000000, 0.002897, -0.036083, -0.999345, 0.143411, -0.999260, 0.038230, -0.004277, 0.036510, 0.038360, 0.998617, -0.035945, 0.043502, 0.000000, 0.000000, 0.000000, 1.000000
1.8083, 9.8442, -3.8016, 196.0631, 218.0631, -9.8442, 203.8750, 143.0732, 36.4882, 43.4185, 0.608155, 0.764983, 0.212012, 0.009844, -0.789765, 0.610026, 0.064339, -0.003802, -0.080114, -0.206568, 0.975147, 0.196063, 0.000000, 0.000000, 0.000000, 1.000000, -0.080114, -0.206568, 0.975147, 0.218063, -0.608155, -0.764983, -0.212012, -0.009844, 0.789765, -0.610026, -0.064339, 0.203875, 0.000000, 0.000000, 0.000000, 1.000000, -0.000284, -0.027490, -0.999622, 0.143073, -0.999257, 0.038542, -0.000776, 0.036488, 0.038549, 0.998879, -0.027480, 0.043418, 0.000000, 0.000000, 0.000000, 1.000000
2.0507, 9.7627, -3.9075, 196.5698, 218.5698, -9.7627, 203.9810, 142.9546, 36.4853, 43.7779, 0.607828, 0.766706, 0.206659, 0.009763, -0.790050, 0.610064, 0.060362, -0.003908, -0.079795, -0.199961, 0.976549, 0.196570, 0.000000, 0.000000, 0.000000, 1.000000, -0.079795, -0.199961, 0.976549, 0.218570, -0.607828, -0.766706, -0.206659, -0.009763, 0.790050, -0.610064, -0.060362, 0.203981, 0.000000, 0.000000, 0.000000, 1.000000, -0.000656, -0.038522, -0.999258, 0.142955, -0.999276, 0.038048, -0.000811, 0.036485, 0.038051, 0.998533, -0.038519, 0.043778, 0.000000, 0.000000, 0.000000, 1.000000
2.2619, 9.5535, -4.1060, 197.3504, 219.3504, -9.5535, 204.1795, 142.5650, 36.5007, 43.8373, 0.608062, 0.767008, 0.204838, 0.009553, -0.790412, 0.609024, 0.065874, -0.004106, -0.074225, -0.201962, 0.976577, 0.197350, 0.000000, 0.000000, 0.000000, 1.000000, -0.074225, -0.201962, 0.976577, 0.219350, -0.608062, -0.767008, -0.204838, -0.009553, 0.790412, -0.609024, -0.065874, 0.204179, 0.000000, 0.000000, 0.000000, 1.000000, -0.006209, -0.040249, -0.999170, 0.142565, -0.999308, 0.036885, 0.004724, 0.036501, 0.036665, 0.998509, -0.040450, 0.043837, 0.000000, 0.000000, 0.000000, 1.000000
2.5029, 9.3487, -4.2787, 197.7435, 219.7435, -9.3487, 204.3522, 142.5903, 36.5068, 44.0814, 0.607059, 0.765028, 0.214967, 0.009349, -0.790424, 0.609196, 0.064114, -0.004279, -0.081908, -0.208836, 0.974515, 0.197743, 0.000000, 0.000000, 0.000000, 1.000000, -0.081908, -0.208836, 0.974515, 0.219743, -0.607059, -0.765028, -0.214967, -0.009349, 0.790424, -0.609196, -0.064114, 0.204352, 0.000000, 0.000000, 0.000000, 1.000000, 0.001304, -0.037343, -0.999302, 0.142590, -0.999286, 0.037680, -0.002712, 0.036507, 0.037755, 0.998592, -0.037267, 0.044081, 0.000000, 0.000000, 0.000000, 1.000000
2.6774, 9.1366, -4.5088, 198.3630, 220.3630, -9.1366, 204.5823, 142.3106, 36.4867, 44.0629, 0.607647, 0.763725, 0.217919, 0.009137, -0.790258, 0.608750, 0.070116, -0.004509, -0.079109, -0.214818, 0.973445, 0.198363, 0.000000, 0.000000, 0.000000, 1.000000, -0.079109, -0.214818, 0.973445, 0.220363, -0.607647, -0.763725, -0.217919, -0.009137, 0.790258, -0.608750, -0.070116, 0.204582, 0.000000, 0.000000, 0.000000, 1.000000, -0.001672, -0.034250, -0.999412, 0.142311, -0.999291, 0.037645, 0.000382, 0.036487, 0.037609, 0.998704, -0.034288, 0.044063, 0.000000, 0.000000, 0.000000, 1.000000
2.9369, 8.9963, -4.6213, 198.9274, 220.9274, -8.9963, 204.6948, 142.1767, 36.5166, 44.3905, 0.607751, 0.763207, 0.219440, 0.008996, -0.790340, 0.608257, 0.073388, -0.004621, -0.077466, -0.218034, 0.972862, 0.198927, 0.000000, 0.000000, 0.000000, 1.000000, -0.077466, -0.218034, 0.972862, 0.220927, -0.607751, -0.763207, -0.219440, -0.008996, 0.790340, -0.608257, -0.073388, 0.204695, 0.000000, 0.000000, 0.000000, 1.000000, -0.003445, -0.035497, -0.999364, 0.142177, -0.999301, 0.037314, 0.002119, 0.036517, 0.037215, 0.998673, -0.035601, 0.044391, 0.000000, 0.000000, 0.000000, 1.000000
3.1803, 8.8538, -4.7854, 199.6783, 221.6783, -8.8538, 204.8588, 141.8461, 36.5193, 44.5957, 0.607878, 0.764416, 0.214831, 0.008854, -0.790444, 0.608248, 0.072331, -0.004785, -0.075379, -0.213780, 0.973969, 0.199678, 0.000000, 0.000000, 0.000000, 1.000000, -0.075379, -0.213780, 0.973969, 0.221678, -0.607878, -0.764416, -0.214831, -0.008854, 0.790444, -0.608248, -0.072331, 0.204859, 0.000000, 0.000000, 0.000000, 1.000000, -0.005635, -0.044141, -0.999009, 0.141846, -0.999311, 0.036911, 0.004006, 0.036519, 0.036698, 0.998343, -0.044318, 0.044596, 0.000000, 0.000000, 0.000000, 1.000000
3.3157, 8.6743, -5.0071, 200.1337, 222.1337, -8.6743, 205.0806, 141.6642, 36.4753, 44.5452, 0.608750, 0.761440, 0.222784, 0.008674, -0.789934, 0.607808, 0.081079, -0.005007, -0.073673, -0.225342, 0.971490, 0.200134, 0.000000, 0.000000, 0.000000, 1.000000, -0.073673, -0.225342, 0.971490, 0.222134, -0.608750, -0.761440, -0.222784, -0.008674, 0.789934, -0.607808, -0.081079, 0.205081, 0.000000, 0.000000, 0.000000, 1.000000, -0.007634, -0.034574, -0.999373, 0.141664, -0.999278, 0.037450, 0.006338, 0.036475, 0.037207, 0.998700, -0.034835, 0.044545, 0.000000, 0.000000, 0.000000, 1.000000
3.7112, 8.4743, -5.1514, 200.4500, 222.4500, -8.4743, 205.2248, 141.9785, 36.4963, 45.2026, 0.607999, 0.760089, 0.229354, 0.008474, -0.790074, 0.607710, 0.080445, -0.005151, -0.078235, -0.230117, 0.970013, 0.200450, 0.000000, 0.000000, 0.000000, 1.000000, -0.078235, -0.230117, 0.970013, 0.222450, -0.607999, -0.760089, -0.229354, -0.008474, 0.790074, -0.607710, -0.080445, 0.205225, 0.000000, 0.000000, 0.000000, 1.000000, -0.003300, -0.036520, -0.999328, 0.141978, -0.999283, 0.037812, 0.001918, 0.036496, 0.037716, 0.998617, -0.036618, 0.045203, 0.000000, 0.000000, 0.000000, 1.000000
3.9773, 8.2243, -5.3994, 201.6593, 223.6593, -8.2243, 205.4729, 141.2784, 36.5255, 45.1977, 0.608159, 0.760910, 0.226183, 0.008224, -0.790334, 0.607049, 0.082846, -0.005399, -0.074266, -0.229143, 0.970555, 0.201659, 0.000000, 0.000000, 0.000000, 1.000000, -0.074266, -0.229143, 0.970555, 0.223659, -0.608159, -0.760910, -0.226183, -0.008224, 0.790334, -0.607049, -0.082846, 0.205473, 0.000000, 0.000000, 0.000000, 1.000000, -0.007299, -0.042239, -0.999081, 0.141278, -0.999304, 0.036869, 0.005742, 0.036526, 0.036593, 0.998427, -0.042479, 0.045198, 0.000000, 0.000000, 0.000000, 1.000000
4.3218, 7.9674, -5.6539, 202.2637, 224.2637, -7.9674, 205.7274, 141.2725, 36.5104, 45.5364, 0.607676, 0.758809, 0.234390, 0.007967, -0.790251, 0.607069, 0.083483, -0.005654, -0.078943, -0.235958, 0.968552, 0.202264, 0.000000, 0.000000, 0.000000, 1.000000, -0.078943, -0.235958, 0.968552, 0.224264, -0.607676, -0.758809, -0.234390, -0.007967, 0.790251, -0.607069, -0.083483, 0.205727, 0.000000, 0.000000, 0.000000, 1.000000, -0.002920, -0.041156, -0.999148, 0.141273, -0.999291, 0.037614, 0.001371, 0.036510, 0.037526, 0.998444, -0.041236, 0.045536, 0.000000, 0.000000, 0.000000, 1.000000
4.4407, 7.7272, -5.8971, 203.1277, 225.1277, -7.7272, 205.9706, 140.7007, 36.5133, 45.2631, 0.607959, 0.757560, 0.237673, 0.007727, -0.790424, 0.605747, 0.091113, -0.005897, -0.074946, -0.243255, 0.967063, 0.203128, 0.000000, 0.000000, 0.000000, 1.000000, -0.074946, -0.243255, 0.967063, 0.225128, -0.607959, -0.757560, -0.237673, -0.007727, 0.790424, -0.605747, -0.091113, 0.205971, 0.000000, 0.000000, 0.000000, 1.000000, -0.006881, -0.035764, -0.999337, 0.140701, -0.999309, 0.036741, 0.005566, 0.036513, 0.036518, 0.998685, -0.035992, 0.045263, 0.000000, 0.000000, 0.000000, 1.000000
4.6934, 7.5938, -6.0412, 203.5601, 225.5601, -7.5938, 206.1146, 140.6898, 36.5045, 45.5764, 0.608562, 0.756091, 0.240788, 0.007594, -0.790086, 0.605513, 0.095490, -0.006041, -0.073601, -0.248355, 0.965869, 0.203560, 0.000000, 0.000000, 0.000000, 1.000000, -0.073601, -0.248355, 0.965869, 0.225560, -0.608562, -0.756091, -0.240788, -0.007594, 0.790086, -0.605513, -0.095490, 0.206115, 0.000000, 0.000000, 0.000000, 1.000000, -0.008529, -0.034867, -0.999356, 0.140690, -0.999288, 0.037034, 0.007236, 0.036505, 0.036757, 0.998706, -0.035158, 0.045576, 0.000000, 0.000000, 0.000000, 1.000000
4.9583, 7.4704, -6.1381, 204.1918, 226.1918, -7.4704, 206.2115, 140.4974, 36.5422, 45.8952, 0.607942, 0.757240, 0.238733, 0.007470, -0.790478, 0.605464, 0.092502, -0.006138, -0.074498, -0.244949, 0.966669, 0.204192, 0.000000, 0.000000, 0.000000, 1.000000, -0.074498, -0.244949, 0.966669, 0.226192, -0.607942, -0.757240, -0.238733, -0.007470, 0.790478, -0.605464, -0.092502, 0.206212, 0.000000, 0.000000, 0.000000, 1.000000, -0.007628, -0.043049, -0.999044, 0.140497, -0.999313, 0.036572, 0.006054, 0.036542, 0.036277, 0.998403, -0.043298, 0.045895, 0.000000, 0.000000, 0.000000, 1.000000
5.2110, 7.2513, -6.3811, 204.6541, 226.6541, -7.2513, 206.4545, 140.4934, 36.5044, 46.0732, 0.607334, 0.754432, 0.248955, 0.007251, -0.790516, 0.605024, 0.095027, -0.006381, -0.078932, -0.254516, 0.963842, 0.204654, 0.000000, 0.000000, 0.000000, 1.000000, -0.078932, -0.254516, 0.963842, 0.226654, -0.607334, -0.754432, -0.248955, -0.007251, 0.790516, -0.605024, -0.095027, 0.206455, 0.000000, 0.000000, 0.000000, 1.000000, -0.003386, -0.037497, -0.999291, 0.140493, -0.999307, 0.037156, 0.001992, 0.036504, 0.037055, 0.998606, -0.037597, 0.046073, 0.000000, 0.000000, 0.000000, 1.000000
5.4885, 7.0887, -6.5633, 205.5019, 227.5019, -7.0887, 206.6367, 140.1344, 36.5108, 46.2736, 0.607751, 0.754259, 0.248459, 0.007089, -0.790500, 0.604473, 0.098602, -0.006563, -0.075815, -0.256332, 0.963611, 0.205502, 0.000000, 0.000000, 0.000000, 1.000000, -0.075815, -0.256332, 0.963611, 0.227502, -0.607751, -0.754259, -0.248459, -0.007089, 0.790500, -0.604473, -0.098602, 0.206637, 0.000000, 0.000000, 0.000000, 1.000000, -0.006654, -0.040490, -0.999158, 0.140134, -0.999314, 0.036679, 0.005168, 0.036511, 0.036438, 0.998506, -0.040706, 0.046274, 0.000000, 0.000000, 0.000000, 1.000000
5.6085, 6.8996, -6.7493, 206.2907, 228.2907, -6.8996, 206.8227, 139.6244, 36.5253, 46.0799, 0.607800, 0.753404, 0.250921, 0.006900, -0.790296, 0.604755, 0.098507, -0.006749, -0.077530, -0.258174, 0.962982, 0.206291, 0.000000, 0.000000, 0.000000, 1.000000, -0.077530, -0.258174, 0.962982, 0.228291, -0.607800, -0.753404, -0.250921, -0.006900, 0.790296, -0.604755, -0.098507, 0.206823, 0.000000, 0.000000, 0.000000, 1.000000, -0.005136, -0.040619, -0.999161, 0.139624, -0.999299, 0.037271, 0.003622, 0.036525, 0.037092, 0.998479, -0.040782, 0.046080, 0.000000, 0.000000, 0.000000, 1.000000
