# Joint_B_Angle(deg), Cam_X(mm), Cam_Y(mm), Cam_Z(mm), Torso_X(mm), Torso_Y(mm), Torso_Z(mm), EE_X(mm), EE_Y(mm), EE_Z(mm), T_cam2marker_flat(16), T_torso2marker_flat(16), T_ee2marker_flat(16)
-19.5943, 23.1280, 37.0355, 209.3289, 278.3289, -14.1280, 220.0379, 55.1072, 43.1627, -28.9409, 0.377598, -0.874559, -0.304248, 0.023128, 0.847320, 0.458859, -0.267388, 0.037036, 0.373454, -0.156830, 0.914296, 0.209329, 0.000000, 0.000000, 0.000000, 1.000000, 0.373454, -0.156830, 0.914296, 0.278329, -0.377598, 0.874559, 0.304248, -0.014128, -0.847320, -0.458859, 0.267388, 0.220038, 0.000000, 0.000000, 0.000000, 1.000000, 0.977727, -0.200021, 0.063576, 0.055107, 0.067710, 0.013886, -0.997608, 0.043163, 0.198660, 0.979693, 0.027120, -0.028941, 0.000000, 0.000000, 0.000000, 1.000000
-19.0459, 23.0045, 36.7088, 209.0515, 278.0515, -14.0045, 220.3646, 55.0928, 42.7368, -29.0277, 0.378666, -0.874156, -0.304077, 0.023005, 0.849100, 0.458847, -0.261703, 0.036709, 0.368293, -0.159094, 0.915996, 0.209051, 0.000000, 0.000000, 0.000000, 1.000000, 0.368293, -0.159094, 0.915996, 0.278051, -0.378666, 0.874156, 0.304077, -0.014005, -0.849100, -0.458847, 0.261703, 0.220365, 0.000000, 0.000000, 0.000000, 1.000000, 0.977878, -0.200685, 0.058983, 0.055093, 0.063867, 0.017944, -0.997797, 0.042737, 0.199185, 0.979491, 0.030364, -0.029028, 0.000000, 0.000000, 0.000000, 1.000000
-18.4465, 22.8202, 36.3334, 209.0564, 278.0564, -13.8202, 220.7401, 55.1686, 41.9786, -29.1116, 0.381634, -0.874579, -0.299109, 0.022820, 0.851532, 0.458531, -0.254248, 0.036333, 0.359511, -0.157671, 0.919724, 0.209056, 0.000000, 0.000000, 0.000000, 1.000000, 0.359511, -0.157671, 0.919724, 0.278056, -0.381634, 0.874579, 0.299109, -0.013820, -0.851532, -0.458531, 0.254248, 0.220740, 0.000000, 0.000000, 0.000000, 1.000000, 0.977999, -0.200319, 0.058220, 0.055169, 0.063197, 0.018535, -0.997829, 0.041979, 0.198805, 0.979555, 0.030787, -0.029112, 0.000000, 0.000000, 0.000000, 1.000000
-17.6871, 22.5701, 35.8059, 208.8209, 277.8209, -13.5701, 221.2676, 55.1010, 41.2201, -29.2232, 0.385332, -0.874408, -0.294838, 0.022570, 0.854038, 0.458942, -0.244930, 0.035806, 0.349483, -0.157423, 0.923623, 0.208821, 0.000000, 0.000000, 0.000000, 1.000000, 0.349483, -0.157423, 0.923623, 0.277821, -0.385332, 0.874408, 0.294838, -0.013570, -0.854038, -0.458942, 0.244930, 0.221268, 0.000000, 0.000000, 0.000000, 1.000000, 0.978299, -0.199559, 0.055737, 0.055101, 0.061166, 0.021142, -0.997904, 0.041220, 0.197962, 0.979658, 0.032889, -0.029223, 0.000000, 0.000000, 0.000000, 1.000000
-17.1936, 22.2918, 35.2305, 208.5775, 277.5775, -13.2918, 221.8430, 54.7811, 40.7101, -29.3414, 0.388877, -0.875029, -0.288267, 0.022292, 0.856713, 0.458544, -0.236179, 0.035230, 0.338846, -0.155118, 0.927966, 0.208577, 0.000000, 0.000000, 0.000000, 1.000000, 0.338846, -0.155118, 0.927966, 0.277577, -0.388877, 0.875029, 0.288267, -0.013292, -0.856713, -0.458544, 0.236179, 0.221843, 0.000000, 0.000000, 0.000000, 1.000000, 0.978221, -0.199034, 0.058897, 0.054781, 0.064235, 0.020466, -0.997725, 0.040710, 0.197376, 0.979779, 0.032805, -0.029341, 0.000000, 0.000000, 0.000000, 1.000000
-16.3784, 22.0945, 34.7703, 208.3827, 277.3827, -13.0945, 222.3032, 54.8300, 39.9146, -29.4559, 0.391923, -0.874446, -0.285903, 0.022095, 0.859291, 0.458953, -0.225789, 0.034770, 0.328656, -0.157182, 0.931278, 0.208383, 0.000000, 0.000000, 0.000000, 1.000000, 0.328656, -0.157182, 0.931278, 0.277383, -0.391923, 0.874446, 0.285903, -0.013095, -0.859291, -0.458953, 0.225789, 0.222303, 0.000000, 0.000000, 0.000000, 1.000000, 0.978469, -0.198939, 0.054973, 0.054830, 0.061237, 0.025466, -0.997798, 0.039915, 0.197101, 0.979681, 0.037100, -0.029456, 0.000000, 0.000000, 0.000000, 1.000000
-15.7267, 21.8257, 34.1671, 208.0695, 277.0695, -12.8257, 222.9063, 54.5641, 39.3306, -29.5947, 0.395286, -0.874577, -0.280828, 0.021826, 0.861714, 0.458948, -0.216366, 0.034167, 0.318115, -0.156467, 0.935051, 0.208070, 0.000000, 0.000000, 0.000000, 1.000000, 0.318115, -0.156467, 0.935051, 0.277070, -0.395286, 0.874577, 0.280828, -0.012826, -0.861714, -0.458948, 0.216366, 0.222906, 0.000000, 0.000000, 0.000000, 1.000000, 0.978579, -0.198430, 0.054847, 0.054564, 0.061402, 0.027033, -0.997747, 0.039331, 0.196500, 0.979742, 0.038638, -0.029595, 0.000000, 0.000000, 0.000000, 1.000000
-15.4301, 21.5879, 33.6292, 207.8342, 276.8342, -12.5879, 223.4443, 54.1466, 39.0487, -29.7225, 0.397730, -0.874513, -0.277556, 0.021588, 0.864314, 0.458620, -0.206465, 0.033629, 0.307849, -0.157778, 0.938262, 0.207834, 0.000000, 0.000000, 0.000000, 1.000000, 0.307849, -0.157778, 0.938262, 0.276834, -0.397730, 0.874513, 0.277556, -0.012588, -0.864314, -0.458620, 0.206465, 0.223444, 0.000000, 0.000000, 0.000000, 1.000000, 0.978156, -0.199006, 0.060061, 0.054147, 0.067177, 0.029192, -0.997314, 0.039049, 0.196718, 0.979563, 0.041923, -0.029722, 0.000000, 0.000000, 0.000000, 1.000000
-14.4571, 21.4065, 33.2744, 207.7374, 276.7374, -12.4065, 223.7990, 54.4010, 38.0706, -29.7904, 0.400031, -0.874727, -0.273547, 0.021406, 0.865877, 0.458532, -0.200014, 0.033274, 0.300388, -0.156846, 0.940833, 0.207737, 0.000000, 0.000000, 0.000000, 1.000000, 0.300388, -0.156846, 0.940833, 0.276737, -0.400031, 0.874727, 0.273547, -0.012406, -0.865877, -0.458532, 0.200014, 0.223799, 0.000000, 0.000000, 0.000000, 1.000000, 0.978805, -0.198317, 0.051101, 0.054401, 0.058500, 0.031623, -0.997786, 0.038071, 0.196262, 0.979628, 0.042555, -0.029790, 0.000000, 0.000000, 0.000000, 1.000000
-14.1710, 21.0885, 32.5286, 207.4012, 276.4012, -12.0885, 224.5449, 53.7332, 37.8313, -29.9763, 0.403427, -0.874453, -0.269405, 0.021089, 0.868843, 0.458435, -0.186948, 0.032529, 0.286982, -0.158650, 0.944707, 0.207401, 0.000000, 0.000000, 0.000000, 1.000000, 0.286982, -0.158650, 0.944707, 0.276401, -0.403427, 0.874453, 0.269405, -0.012089, -0.868843, -0.458435, 0.186948, 0.224545, 0.000000, 0.000000, 0.000000, 1.000000, 0.978238, -0.198743, 0.059604, 0.053733, 0.067729, 0.034335, -0.997113, 0.037831, 0.196122, 0.979450, 0.047048, -0.029976, 0.000000, 0.000000, 0.000000, 1.000000
-13.2420, 20.9431, 32.2303, 207.3914, 276.3914, -11.9431, 224.8431, 54.0308, 36.8527, -30.0430, 0.405962, -0.874467, -0.265522, 0.020943, 0.870168, 0.458657, -0.180116, 0.032230, 0.279289, -0.157929, 0.947131, 0.207391, 0.000000, 0.000000, 0.000000, 1.000000, 0.279289, -0.157929, 0.947131, 0.276391, -0.405962, 0.874467, 0.265522, -0.011943, -0.870168, -0.458657, 0.180116, 0.224843, 0.000000, 0.000000, 0.000000, 1.000000, 0.978895, -0.197746, 0.051584, 0.054031, 0.060025, 0.036930, -0.997513, 0.036853, 0.195349, 0.979557, 0.048021, -0.030043, 0.000000, 0.000000, 0.000000, 1.000000
-12.9696, 20.6171, 31.6247, 207.3429, 276.3429, -11.6171, 225.4488, 53.5507, 36.4093, -30.1526, 0.410176, -0.874486, -0.258903, 0.020617, 0.872737, 0.458771, -0.166911, 0.031625, 0.264739, -0.157491, 0.951373, 0.207343, 0.000000, 0.000000, 0.000000, 1.000000, 0.264739, -0.157491, 0.951373, 0.276343, -0.410176, 0.874486, 0.258903, -0.011617, -0.872737, -0.458771, 0.166911, 0.225449, 0.000000, 0.000000, 0.000000, 1.000000, 0.978375, -0.197340, 0.061956, 0.053551, 0.070683, 0.037484, -0.996794, 0.036409, 0.194385, 0.979618, 0.050622, -0.030153, 0.000000, 0.000000, 0.000000, 1.000000
-11.9395, 20.4686, 31.2255, 207.1122, 276.1121, -11.4686, 225.8480, 53.7341, 35.5293, -30.2665, 0.411338, -0.874398, -0.257352, 0.020469, 0.873967, 0.458531, -0.161034, 0.031225, 0.258812, -0.158678, 0.952805, 0.207112, 0.000000, 0.000000, 0.000000, 1.000000, 0.258812, -0.158678, 0.952805, 0.276112, -0.411338, 0.874398, 0.257352, -0.011469, -0.873967, -0.458531, 0.161034, 0.225848, 0.000000, 0.000000, 0.000000, 1.000000, 0.979104, -0.197161, 0.049824, 0.053734, 0.059232, 0.042109, -0.997356, 0.035529, 0.194541, 0.979466, 0.052908, -0.030266, 0.000000, 0.000000, 0.000000, 1.000000
-11.1924, 20.1042, 30.4932, 206.8842, 275.8842, -11.1042, 226.5802, 53.3571, 34.7925, -30.4132, 0.414899, -0.874389, -0.251601, 0.020104, 0.876586, 0.458242, -0.147006, 0.030493, 0.243835, -0.159557, 0.956601, 0.206884, 0.000000, 0.000000, 0.000000, 1.000000, 0.243835, -0.159557, 0.956601, 0.275884, -0.414899, 0.874389, 0.251601, -0.011104, -0.876586, -0.458242, 0.147006, 0.226580, 0.000000, 0.000000, 0.000000, 1.000000, 0.979008, -0.197090, 0.051947, 0.053357, 0.062053, 0.045446, -0.997038, 0.034793, 0.194146, 0.979331, 0.056722, -0.030413, 0.000000, 0.000000, 0.000000, 1.000000
-10.5038, 19.8274, 29.9517, 206.9410, 275.9410, -10.8274, 227.1217, 53.2186, 33.9160, -30.5283, 0.418902, -0.875097, -0.242334, 0.019827, 0.878047, 0.458393, -0.137509, 0.029952, 0.231418, -0.155178, 0.960399, 0.206941, 0.000000, 0.000000, 0.000000, 1.000000, 0.231418, -0.155178, 0.960399, 0.275941, -0.418902, 0.875097, 0.242334, -0.010827, -0.878047, -0.458393, 0.137509, 0.227122, 0.000000, 0.000000, 0.000000, 1.000000, 0.979242, -0.195467, 0.053642, 0.053219, 0.063305, 0.043522, -0.997045, 0.033916, 0.192554, 0.979744, 0.054992, -0.030528, 0.000000, 0.000000, 0.000000, 1.000000
-9.7853, 19.5501, 29.3516, 206.7459, 275.7459, -10.5501, 227.7218, 52.9641, 33.2483, -30.6649, 0.421232, -0.874930, -0.238874, 0.019550, 0.879797, 0.458160, -0.126677, 0.029352, 0.220276, -0.156800, 0.962752, 0.206746, 0.000000, 0.000000, 0.000000, 1.000000, 0.220276, -0.156800, 0.962752, 0.275746, -0.421232, 0.874930, 0.238874, -0.010550, -0.879797, -0.458160, 0.126677, 0.227722, 0.000000, 0.000000, 0.000000, 1.000000, 0.979325, -0.195470, 0.052100, 0.052964, 0.062518, 0.047506, -0.996913, 0.033248, 0.192391, 0.979558, 0.058745, -0.030665, 0.000000, 0.000000, 0.000000, 1.000000
-9.0721, 19.2604, 28.6919, 206.4302, 275.4302, -10.2604, 228.3816, 52.6111, 32.6984, -30.8217, 0.424128, -0.874506, -0.235275, 0.019260, 0.881536, 0.458176, -0.113879, 0.028692, 0.207385, -0.159104, 0.965234, 0.206430, 0.000000, 0.000000, 0.000000, 1.000000, 0.207385, -0.159104, 0.965234, 0.275430, -0.424128, 0.874506, 0.235275, -0.010260, -0.881536, -0.458176, 0.113879, 0.228382, 0.000000, 0.000000, 0.000000, 1.000000, 0.979356, -0.195264, 0.052287, 0.052611, 0.063622, 0.052235, -0.996606, 0.032698, 0.191870, 0.979359, 0.063580, -0.030822, 0.000000, 0.000000, 0.000000, 1.000000
-8.6506, 18.9863, 28.2046, 206.5070, 275.5070, -9.9863, 228.8688, 52.3390, 32.0874, -30.9068, 0.427198, -0.875378, -0.226309, 0.018986, 0.882504, 0.458145, -0.106255, 0.028205, 0.196695, -0.154326, 0.968243, 0.206507, 0.000000, 0.000000, 0.000000, 1.000000, 0.196695, -0.154326, 0.968243, 0.275507, -0.427198, 0.875378, 0.226309, -0.009986, -0.882504, -0.458145, 0.106255, 0.228869, 0.000000, 0.000000, 0.000000, 1.000000, 0.979340, -0.194073, 0.056815, 0.052339, 0.067501, 0.048897, -0.996520, 0.032087, 0.190620, 0.979768, 0.060987, -0.030907, 0.000000, 0.000000, 0.000000, 1.000000
-7.5938, 18.7512, 27.6834, 206.3479, 275.3479, -9.7512, 229.3900, 52.3417, 31.1322, -31.0307, 0.429737, -0.874695, -0.224130, 0.018751, 0.883766, 0.458341, -0.094238, 0.027683, 0.185158, -0.157581, 0.969992, 0.206348, 0.000000, 0.000000, 0.000000, 1.000000, 0.185158, -0.157581, 0.969992, 0.275348, -0.429737, 0.874695, 0.224130, -0.009751, -0.883766, -0.458341, 0.094238, 0.229390, 0.000000, 0.000000, 0.000000, 1.000000, 0.979867, -0.193437, 0.049425, 0.052342, 0.061278, 0.055778, -0.996561, 0.031132, 0.190015, 0.979526, 0.066508, -0.031031, 0.000000, 0.000000, 0.000000, 1.000000
-7.2615, 18.3676, 26.8409, 206.0616, 275.0616, -9.3676, 230.2325, 51.5741, 30.8863, -31.2264, 0.432818, -0.874430, -0.219182, 0.018368, 0.885168, 0.458278, -0.080365, 0.026841, 0.170720, -0.159230, 0.972368, 0.206062, 0.000000, 0.000000, 0.000000, 1.000000, 0.170720, -0.159230, 0.972368, 0.275062, -0.432818, 0.874430, 0.219182, -0.009368, -0.885168, -0.458278, 0.080365, 0.230233, 0.000000, 0.000000, 0.000000, 1.000000, 0.979408, -0.193424, 0.057854, 0.051574, 0.070382, 0.058532, -0.995801, 0.030886, 0.189226, 0.979368, 0.070940, -0.031226, 0.000000, 0.000000, 0.000000, 1.000000
-6.6564, 18.2001, 26.5494, 206.1516, 275.1515, -9.2001, 230.5240, 51.5958, 30.1738, -31.2770, 0.434687, -0.874517, -0.215098, 0.018200, 0.886094, 0.457985, -0.071323, 0.026549, 0.160885, -0.159594, 0.973984, 0.206152, 0.000000, 0.000000, 0.000000, 1.000000, 0.160885, -0.159594, 0.973984, 0.275152, -0.434687, 0.874517, 0.215098, -0.009200, -0.886094, -0.457985, 0.071323, 0.230524, 0.000000, 0.000000, 0.000000, 1.000000, 0.979503, -0.193162, 0.057119, 0.051596, 0.070065, 0.060861, -0.995684, 0.030174, 0.188852, 0.979277, 0.073147, -0.031277, 0.000000, 0.000000, 0.000000, 1.000000
-6.3549, 17.9842, 26.1097, 205.8685, 274.8685, -8.9842, 230.9638, 51.2190, 30.0667, -31.3595, 0.436037, -0.874663, -0.211745, 0.017984, 0.886292, 0.458179, -0.067514, 0.026110, 0.156069, -0.158229, 0.974990, 0.205869, 0.000000, 0.000000, 0.000000, 1.000000, 0.156069, -0.158229, 0.974990, 0.274869, -0.436037, 0.874663, 0.211745, -0.008984, -0.886292, -0.458179, 0.067514, 0.230964, 0.000000, 0.000000, 0.000000, 1.000000, 0.979648, -0.192448, 0.057032, 0.051219, 0.069864, 0.060555, -0.995717, 0.030067, 0.188170, 0.979437, 0.072768, -0.031360, 0.000000, 0.000000, 0.000000, 1.000000
-5.2756, 17.8207, 25.7369, 205.8403, 274.8403, -8.8207, 231.3366, 51.3837, 29.0418, -31.4564, 0.437347, -0.874697, -0.208885, 0.017821, 0.886993, 0.457853, -0.060126, 0.025737, 0.148230, -0.158984, 0.976090, 0.205840, 0.000000, 0.000000, 0.000000, 1.000000, 0.148230, -0.158984, 0.976090, 0.274840, -0.437347, 0.874697, 0.208885, -0.008821, -0.886993, -0.457853, 0.060126, 0.231337, 0.000000, 0.000000, 0.000000, 1.000000, 0.980375, -0.191713, 0.045940, 0.051384, 0.059360, 0.064853, -0.996128, 0.029042, 0.187992, 0.979306, 0.074960, -0.031456, 0.000000, 0.000000, 0.000000, 1.000000
-4.6433, 17.4045, 24.9523, 205.8293, 274.8293, -8.4045, 232.1212, 50.8412, 28.3077, -31.6061, 0.441291, -0.875411, -0.197275, 0.017404, 0.887443, 0.458336, -0.048722, 0.024952, 0.133070, -0.153570, 0.979137, 0.205829, 0.000000, 0.000000, 0.000000, 1.000000, 0.133070, -0.153570, 0.979137, 0.274829, -0.441291, 0.875411, 0.197275, -0.008404, -0.887443, -0.458336, 0.048722, 0.232121, 0.000000, 0.000000, 0.000000, 1.000000, 0.980463, -0.189893, 0.051320, 0.050841, 0.064070, 0.061623, -0.996041, 0.028308, 0.185979, 0.979869, 0.072585, -0.031606, 0.000000, 0.000000, 0.000000, 1.000000
-4.3392, 17.1296, 24.4305, 205.7032, 274.7032, -8.1296, 232.6430, 50.3953, 28.0469, -31.7006, 0.443735, -0.874965, -0.193741, 0.017130, 0.887877, 0.458560, -0.037379, 0.024430, 0.121547, -0.155432, 0.980340, 0.205703, 0.000000, 0.000000, 0.000000, 1.000000, 0.121547, -0.155432, 0.980340, 0.274703, -0.443735, 0.874965, 0.193741, -0.008130, -0.887877, -0.458560, 0.037379, 0.232643, 0.000000, 0.000000, 0.000000, 1.000000, 0.980211, -0.189506, 0.057221, 0.050395, 0.070589, 0.064554, -0.995414, 0.028047, 0.184943, 0.979755, 0.076653, -0.031701, 0.000000, 0.000000, 0.000000, 1.000000
-3.6176, 17.0235, 24.1845, 205.6149, 274.6149, -8.0235, 232.8889, 50.4722, 27.4501, -31.7622, 0.443984, -0.874660, -0.194545, 0.017024, 0.888410, 0.457969, -0.031494, 0.024185, 0.116642, -0.158853, 0.980388, 0.205615, 0.000000, 0.000000, 0.000000, 1.000000, 0.116642, -0.158853, 0.980388, 0.274615, -0.443984, 0.874660, 0.194545, -0.008024, -0.888410, -0.457969, 0.031494, 0.232889, 0.000000, 0.000000, 0.000000, 1.000000, 0.980643, -0.189618, 0.048821, 0.050472, 0.063149, 0.070265, -0.995527, 0.027450, 0.185340, 0.979340, 0.080879, -0.031762, 0.000000, 0.000000, 0.000000, 1.000000
-3.1170, 16.6778, 23.4661, 205.4441, 274.4441, -7.6778, 233.6073, 49.9106, 27.0411, -31.9183, 0.446710, -0.874391, -0.189447, 0.016678, 0.888882, 0.457817, -0.017096, 0.023466, 0.101681, -0.160759, 0.981742, 0.205444, 0.000000, 0.000000, 0.000000, 1.000000, 0.101681, -0.160759, 0.981742, 0.274444, -0.446710, 0.874391, 0.189447, -0.007678, -0.888882, -0.457817, 0.017096, 0.233607, 0.000000, 0.000000, 0.000000, 1.000000, 0.980394, -0.189308, 0.054681, 0.049911, 0.069739, 0.073815, -0.994831, 0.027041, 0.184293, 0.979139, 0.085570, -0.031918, 0.000000, 0.000000, 0.000000, 1.000000
-2.4772, 16.5012, 23.1717, 205.6496, 274.6496, -7.5012, 233.9017, 49.9089, 26.2229, -31.9699, 0.448378, -0.875276, -0.181241, 0.016501, 0.888759, 0.458163, -0.013899, 0.023172, 0.095203, -0.154848, 0.983341, 0.205650, 0.000000, 0.000000, 0.000000, 1.000000, 0.095203, -0.154848, 0.983341, 0.274650, -0.448378, 0.875276, 0.181241, -0.007501, -0.888759, -0.458163, 0.013899, 0.233902, 0.000000, 0.000000, 0.000000, 1.000000, 0.980889, -0.187704, 0.051231, 0.049909, 0.065387, 0.070016, -0.995401, 0.026223, 0.183253, 0.979727, 0.080951, -0.031970, 0.000000, 0.000000, 0.000000, 1.000000
-2.1999, 16.2437, 22.6253, 205.4154, 274.4154, -7.2437, 234.4482, 49.4132, 26.1193, -32.0873, 0.449911, -0.874998, -0.178772, 0.016244, 0.889109, 0.457689, -0.002558, 0.022625, 0.084060, -0.157797, 0.983887, 0.205415, 0.000000, 0.000000, 0.000000, 1.000000, 0.084060, -0.157797, 0.983887, 0.274415, -0.449911, 0.874998, 0.178772, -0.007244, -0.889109, -0.457689, 0.002558, 0.234448, 0.000000, 0.000000, 0.000000, 1.000000, 0.980508, -0.188065, 0.056885, 0.049413, 0.071866, 0.073819, -0.994679, 0.026119, 0.182865, 0.979378, 0.085896, -0.032087, 0.000000, 0.000000, 0.000000, 1.000000
-1.2357, 16.0157, 22.1883, 205.5599, 274.5599, -7.0157, 234.8852, 49.3874, 25.0726, -32.1819, 0.451885, -0.875369, -0.171838, 0.016016, 0.888961, 0.457957, 0.004808, 0.022188, 0.074486, -0.154930, 0.985113, 0.205560, 0.000000, 0.000000, 0.000000, 1.000000, 0.074486, -0.154930, 0.985113, 0.274560, -0.451885, 0.875369, 0.171838, -0.007016, -0.888961, -0.457957, -0.004808, 0.234885, 0.000000, 0.000000, 0.000000, 1.000000, 0.981192, -0.186373, 0.050268, 0.049387, 0.065060, 0.074117, -0.995125, 0.025073, 0.181739, 0.979679, 0.084849, -0.032182, 0.000000, 0.000000, 0.000000, 1.000000
-0.8719, 15.7083, 21.5024, 205.2617, 274.2617, -6.7083, 235.5710, 48.7780, 24.9564, -32.3415, 0.453550, -0.874147, -0.173665, 0.015708, 0.889082, 0.457305, 0.020104, 0.021502, 0.061844, -0.163520, 0.984600, 0.205262, 0.000000, 0.000000, 0.000000, 1.000000, 0.061844, -0.163520, 0.984600, 0.274262, -0.453550, 0.874147, 0.173665, -0.006708, -0.889082, -0.457305, -0.020104, 0.235571, 0.000000, 0.000000, 0.000000, 1.000000, 0.980842, -0.186928, 0.054827, 0.048778, 0.071545, 0.083893, -0.993903, 0.024956, 0.181188, 0.978785, 0.095659, -0.032341, 0.000000, 0.000000, 0.000000, 1.000000
-0.0795, 15.4944, 21.1237, 205.2965, 274.2965, -6.4944, 235.9497, 48.6953, 24.1923, -32.4066, 0.455479, -0.874011, -0.169244, 0.015494, 0.888821, 0.457211, 0.030910, 0.021124, 0.050365, -0.164507, 0.985089, 0.205297, 0.000000, 0.000000, 0.000000, 1.000000, 0.050365, -0.164507, 0.985089, 0.274297, -0.455479, 0.874011, 0.169244, -0.006494, -0.888821, -0.457211, -0.030910, 0.235950, 0.000000, 0.000000, 0.000000, 1.000000, 0.981181, -0.185871, 0.052314, 0.048695, 0.069550, 0.087454, -0.993738, 0.024192, 0.180132, 0.978675, 0.098736, -0.032407, 0.000000, 0.000000, 0.000000, 1.000000
0.3999, 15.2153, 20.5608, 205.2195, 274.2194, -6.2153, 236.5126, 48.2745, 23.7916, -32.5260, 0.457038, -0.874391, -0.162965, 0.015215, 0.888413, 0.457614, 0.036235, 0.020561, 0.042891, -0.161341, 0.985966, 0.205219, 0.000000, 0.000000, 0.000000, 1.000000, 0.042891, -0.161341, 0.985966, 0.274219, -0.457038, 0.874391, 0.162965, -0.006215, -0.888413, -0.457614, -0.036235, 0.236513, 0.000000, 0.000000, 0.000000, 1.000000, 0.981423, -0.184652, 0.052089, 0.048275, 0.068904, 0.085848, -0.993923, 0.023792, 0.179058, 0.979047, 0.096977, -0.032526, 0.000000, 0.000000, 0.000000, 1.000000
0.9681, 14.9361, 19.9991, 205.1065, 274.1065, -5.9361, 237.0744, 47.8833, 23.3605, -32.6423, 0.458936, -0.873759, -0.161005, 0.014936, 0.887917, 0.457447, 0.048435, 0.019999, 0.031330, -0.165188, 0.985764, 0.205106, 0.000000, 0.000000, 0.000000, 1.000000, 0.031330, -0.165188, 0.985764, 0.274106, -0.458936, 0.873759, 0.161005, -0.005936, -0.887917, -0.457447, -0.048435, 0.237074, 0.000000, 0.000000, 0.000000, 1.000000, 0.981499, -0.183979, 0.053024, 0.047883, 0.070822, 0.091553, -0.993279, 0.023361, 0.177888, 0.978657, 0.102889, -0.032642, 0.000000, 0.000000, 0.000000, 1.000000
1.4867, 14.7070, 19.5510, 204.9770, 273.9770, -5.7070, 237.5225, 47.5868, 23.0081, -32.7279, 0.460166, -0.873870, -0.156840, 0.014707, 0.887496, 0.457621, 0.054159, 0.019551, 0.024446, -0.164117, 0.986138, 0.204977, 0.000000, 0.000000, 0.000000, 1.000000, 0.024446, -0.164117, 0.986138, 0.273977, -0.460166, 0.873870, 0.156840, -0.005707, -0.887496, -0.457621, -0.054159, 0.237522, 0.000000, 0.000000, 0.000000, 1.000000, 0.981791, -0.182960, 0.051109, 0.047587, 0.068884, 0.092148, -0.993360, 0.023008, 0.177035, 0.978792, 0.103073, -0.032728, 0.000000, 0.000000, 0.000000, 1.000000
2.2777, 14.4929, 19.2111, 205.3281, 274.3281, -5.4929, 237.8624, 47.5334, 21.9655, -32.7854, 0.461956, -0.874464, -0.148017, 0.014493, 0.886835, 0.457508, 0.064888, 0.019211, 0.010976, -0.161242, 0.986854, 0.205328, 0.000000, 0.000000, 0.000000, 1.000000, 0.010976, -0.161242, 0.986854, 0.274328, -0.461956, 0.874464, 0.148017, -0.005493, -0.886835, -0.457508, -0.064888, 0.237862, 0.000000, 0.000000, 0.000000, 1.000000, 0.981987, -0.181858, 0.051278, 0.047533, 0.068864, 0.091744, -0.993399, 0.021965, 0.175953, 0.979036, 0.102615, -0.032785, 0.000000, 0.000000, 0.000000, 1.000000
2.7290, 14.1619, 18.6112, 205.4096, 274.4096, -5.1619, 238.4623, 47.0365, 21.4587, -32.8947, 0.463089, -0.875948, -0.135145, 0.014162, 0.886312, 0.457677, 0.070596, 0.018611, 0.000014, -0.152472, 0.988308, 0.205410, 0.000000, 0.000000, 0.000000, 1.000000, 0.000014, -0.152472, 0.988308, 0.274410, -0.463089, 0.875948, 0.135145, -0.005162, -0.886312, -0.457677, -0.070596, 0.238462, 0.000000, 0.000000, 0.000000, 1.000000, 0.981863, -0.181168, 0.055886, 0.047036, 0.072124, 0.084314, -0.993826, 0.021459, 0.175338, 0.979831, 0.095851, -0.032895, 0.000000, 0.000000, 0.000000, 1.000000
3.3363, 13.9267, 18.1130, 205.2023, 274.2023, -4.9267, 238.9605, 46.7078, 21.1329, -33.0019, 0.464601, -0.874385, -0.139989, 0.013927, 0.885493, 0.457515, 0.081129, 0.018113, -0.006891, -0.161652, 0.986824, 0.205202, 0.000000, 0.000000, 0.000000, 1.000000, -0.006891, -0.161652, 0.986824, 0.274202, -0.464601, 0.874385, 0.139989, -0.004927, -0.885493, -0.457515, -0.081129, 0.238960, 0.000000, 0.000000, 0.000000, 1.000000, 0.982343, -0.180105, 0.050638, 0.046708, 0.068700, 0.095504, -0.993056, 0.021133, 0.174018, 0.979000, 0.106191, -0.033002, 0.000000, 0.000000, 0.000000, 1.000000
3.6281, 13.6783, 17.6285, 205.1275, 274.1275, -4.6783, 239.4449, 46.2754, 20.9387, -33.0974, 0.465908, -0.874232, -0.136554, 0.013678, 0.884677, 0.457350, 0.090428, 0.017629, -0.016602, -0.162938, 0.986497, 0.205127, 0.000000, 0.000000, 0.000000, 1.000000, -0.016602, -0.162938, 0.986497, 0.274127, -0.465908, 0.874232, 0.136554, -0.004678, -0.884677, -0.457350, -0.090428, 0.239445, 0.000000, 0.000000, 0.000000, 1.000000, 0.982175, -0.179741, 0.055006, 0.046275, 0.073465, 0.097711, -0.992500, 0.020939, 0.173018, 0.978849, 0.109173, -0.033097, 0.000000, 0.000000, 0.000000, 1.000000
4.8274, 13.5331, 17.3583, 205.1053, 274.1053, -4.5331, 239.7152, 46.4001, 19.9763, -33.1465, 0.466439, -0.874347, -0.133984, 0.013533, 0.884366, 0.457838, 0.091005, 0.017358, -0.018227, -0.160939, 0.986796, 0.205105, 0.000000, 0.000000, 0.000000, 1.000000, -0.018227, -0.160939, 0.986796, 0.274105, -0.466439, 0.874347, 0.133984, -0.004533, -0.884366, -0.457838, -0.091005, 0.239715, 0.000000, 0.000000, 0.000000, 1.000000, 0.983499, -0.177247, 0.036253, 0.046400, 0.054546, 0.099451, -0.993546, 0.019976, 0.172497, 0.979129, 0.107478, -0.033146, 0.000000, 0.000000, 0.000000, 1.000000
5.5318, 13.0248, 16.3989, 205.1898, 274.1898, -4.0248, 240.6746, 45.5754, 19.2934, -33.3353, 0.469212, -0.874277, -0.124419, 0.013025, 0.882075, 0.457263, 0.113372, 0.016399, -0.042226, -0.162942, 0.985732, 0.205190, 0.000000, 0.000000, 0.000000, 1.000000, -0.042226, -0.162942, 0.985732, 0.274190, -0.469212, 0.874277, 0.124419, -0.004025, -0.882075, -0.457263, -0.113372, 0.240675, 0.000000, 0.000000, 0.000000, 1.000000, 0.983153, -0.176491, 0.047543, 0.045575, 0.066592, 0.103630, -0.992384, 0.019293, 0.170220, 0.978832, 0.113637, -0.033335, 0.000000, 0.000000, 0.000000, 1.000000
5.8939, 12.7255, 15.8527, 205.0897, 274.0897, -3.7255, 241.2207, 45.0786, 19.0931, -33.4269, 0.470192, -0.874359, -0.120066, 0.012726, 0.881258, 0.457734, 0.117741, 0.015853, -0.047990, -0.161170, 0.985759, 0.205090, 0.000000, 0.000000, 0.000000, 1.000000, -0.047990, -0.161170, 0.985759, 0.274090, -0.470192, 0.874359, 0.120066, -0.003726, -0.881258, -0.457734, -0.117741, 0.241221, 0.000000, 0.000000, 0.000000, 1.000000, 0.983345, -0.175460, 0.047386, 0.045079, 0.066198, 0.102965, -0.992480, 0.019093, 0.169262, 0.979087, 0.112865, -0.033427, 0.000000, 0.000000, 0.000000, 1.000000
6.8713, 12.5324, 15.4996, 205.3433, 274.3433, -3.5324, 241.5738, 45.0030, 18.0674, -33.5038, 0.471534, -0.874869, -0.110722, 0.012532, 0.879534, 0.457485, 0.130869, 0.015500, -0.063839, -0.159093, 0.985197, 0.205343, 0.000000, 0.000000, 0.000000, 1.000000, -0.063839, -0.159093, 0.985197, 0.274343, -0.471534, 0.874869, 0.110722, -0.003532, -0.879534, -0.457485, -0.130869, 0.241574, 0.000000, 0.000000, 0.000000, 1.000000, 0.983616, -0.174165, 0.046544, 0.045003, 0.065350, 0.103849, -0.992444, 0.018067, 0.168016, 0.979225, 0.113530, -0.033504, 0.000000, 0.000000, 0.000000, 1.000000
7.6856, 12.1002, 14.7636, 205.4918, 274.4918, -3.1002, 242.3098, 44.4084, 17.2869, -33.6203, 0.472830, -0.875343, -0.101026, 0.012100, 0.878024, 0.458388, 0.137676, 0.014764, -0.074205, -0.153801, 0.985312, 0.205492, 0.000000, 0.000000, 0.000000, 1.000000, -0.074205, -0.153801, 0.985312, 0.274492, -0.472830, 0.875343, 0.101026, -0.003100, -0.878024, -0.458388, -0.137676, 0.242310, 0.000000, 0.000000, 0.000000, 1.000000, 0.984079, -0.172263, 0.043750, 0.044408, 0.061821, 0.100976, -0.992966, 0.017287, 0.166634, 0.979862, 0.110018, -0.033620, 0.000000, 0.000000, 0.000000, 1.000000
8.2622, 11.7556, 14.0209, 205.2082, 274.2082, -2.7556, 243.0526, 43.7857, 17.1430, -33.7861, 0.474431, -0.873807, -0.106662, 0.011756, 0.876449, 0.457568, 0.149896, 0.014021, -0.082175, -0.164599, 0.982932, 0.205208, 0.000000, 0.000000, 0.000000, 1.000000, -0.082175, -0.164599, 0.982932, 0.274208, -0.474431, 0.873807, 0.106662, -0.002756, -0.876449, -0.457568, -0.149896, 0.243053, 0.000000, 0.000000, 0.000000, 1.000000, 0.984493, -0.170801, 0.040001, 0.043786, 0.059999, 0.113575, -0.991716, 0.017143, 0.164843, 0.978738, 0.122062, -0.033786, 0.000000, 0.000000, 0.000000, 1.000000
8.6805, 11.4887, 13.5717, 205.3783, 274.3783, -2.4887, 243.5017, 43.3881, 16.6688, -33.8589, 0.475925, -0.874056, -0.097576, 0.011489, 0.873925, 0.457540, 0.164052, 0.013572, -0.098746, -0.163350, 0.981614, 0.205378, 0.000000, 0.000000, 0.000000, 1.000000, -0.098746, -0.163350, 0.981614, 0.274378, -0.475925, 0.874056, 0.097576, -0.002489, -0.873925, -0.457540, -0.164052, 0.243502, 0.000000, 0.000000, 0.000000, 1.000000, 0.984169, -0.170169, 0.049538, 0.043388, 0.069523, 0.113563, -0.991095, 0.016669, 0.163028, 0.978849, 0.123596, -0.033859, 0.000000, 0.000000, 0.000000, 1.000000
9.8468, 11.3015, 13.1901, 205.3572, 274.3572, -2.3015, 243.8833, 43.3034, 15.8251, -33.9428, 0.476424, -0.873766, -0.097737, 0.011302, 0.873106, 0.457098, 0.169552, 0.013190, -0.103473, -0.166113, 0.980663, 0.205357, 0.000000, 0.000000, 0.000000, 1.000000, -0.103473, -0.166113, 0.980663, 0.274357, -0.476424, 0.873766, 0.097737, -0.002302, -0.873106, -0.457098, -0.169552, 0.243883, 0.000000, 0.000000, 0.000000, 1.000000, 0.985233, -0.167880, 0.033635, 0.043303, 0.054255, 0.119794, -0.991315, 0.015825, 0.162393, 0.978502, 0.127133, -0.033943, 0.000000, 0.000000, 0.000000, 1.000000
10.2828, 10.7748, 12.2592, 205.5113, 274.5113, -1.7748, 244.8142, 42.3581, 15.4013, -34.1035, 0.478210, -0.873846, -0.087800, 0.010775, 0.869557, 0.457080, 0.186946, 0.012259, -0.123231, -0.165747, 0.978439, 0.205511, 0.000000, 0.000000, 0.000000, 1.000000, -0.123231, -0.165747, 0.978439, 0.274511, -0.478210, 0.873846, 0.087800, -0.001775, -0.869557, -0.457080, -0.186946, 0.244814, 0.000000, 0.000000, 0.000000, 1.000000, 0.984875, -0.167045, 0.046009, 0.042358, 0.066741, 0.120702, -0.990443, 0.015401, 0.159895, 0.978533, 0.130026, -0.034104, 0.000000, 0.000000, 0.000000, 1.000000
11.2293, 10.5457, 11.8359, 205.6714, 274.6714, -1.5457, 245.2375, 42.1226, 14.5751, -34.1897, 0.479059, -0.874097, -0.080351, 0.010546, 0.868182, 0.458329, 0.190247, 0.011836, -0.129468, -0.160899, 0.978442, 0.205671, 0.000000, 0.000000, 0.000000, 1.000000, -0.129468, -0.160899, 0.978442, 0.274671, -0.479059, 0.874097, 0.080351, -0.001546, -0.868182, -0.458329, -0.190247, 0.245238, 0.000000, 0.000000, 0.000000, 1.000000, 0.985688, -0.164514, 0.036802, 0.042123, 0.056792, 0.118509, -0.991327, 0.014575, 0.158726, 0.979230, 0.126156, -0.034190, 0.000000, 0.000000, 0.000000, 1.000000
11.6921, 10.1295, 11.1126, 205.8211, 274.8211, -1.1295, 245.9608, 41.4039, 14.1520, -34.3108, 0.479587, -0.874814, -0.068534, 0.010130, 0.865479, 0.458694, 0.201362, 0.011113, -0.144718, -0.155885, 0.977116, 0.205821, 0.000000, 0.000000, 0.000000, 1.000000, -0.144718, -0.155885, 0.977116, 0.274821, -0.479587, 0.874814, 0.068534, -0.001130, -0.865479, -0.458694, -0.201362, 0.245961, 0.000000, 0.000000, 0.000000, 1.000000, 0.985427, -0.164071, 0.044879, 0.041404, 0.064262, 0.114809, -0.991307, 0.014152, 0.157492, 0.979745, 0.123679, -0.034311, 0.000000, 0.000000, 0.000000, 1.000000
12.3886, 9.8869, 10.6861, 205.8231, 274.8231, -0.8869, 246.3873, 41.0889, 13.6910, -34.3796, 0.480130, -0.874694, -0.066227, 0.009887, 0.863441, 0.457933, 0.211580, 0.010686, -0.154740, -0.158769, 0.975114, 0.205823, 0.000000, 0.000000, 0.000000, 1.000000, -0.154740, -0.158769, 0.975114, 0.274823, -0.480130, 0.874694, 0.066227, -0.000887, -0.863441, -0.457933, -0.211580, 0.246387, 0.000000, 0.000000, 0.000000, 1.000000, 0.985723, -0.162940, 0.042435, 0.041089, 0.062449, 0.119739, -0.990839, 0.013691, 0.156367, 0.979343, 0.128205, -0.034380, 0.000000, 0.000000, 0.000000, 1.000000
12.6677, 9.6033, 10.1644, 205.9558, 274.9558, -0.6033, 246.9091, 40.5598, 13.4167, -34.4814, 0.480636, -0.874929, -0.059057, 0.009603, 0.861089, 0.458148, 0.220512, 0.010164, -0.165875, -0.156840, 0.973595, 0.205956, 0.000000, 0.000000, 0.000000, 1.000000, -0.165875, -0.156840, 0.973595, 0.274956, -0.480636, 0.874929, 0.059057, -0.000603, -0.861089, -0.458148, -0.220512, 0.246909, 0.000000, 0.000000, 0.000000, 1.000000, 0.985483, -0.162505, 0.049152, 0.040560, 0.068961, 0.118594, -0.990545, 0.013417, 0.155139, 0.979555, 0.128078, -0.034481, 0.000000, 0.000000, 0.000000, 1.000000
13.7927, 9.4422, 9.8800, 206.0382, 275.0382, -0.4422, 247.1935, 40.4850, 12.5741, -34.5323, 0.481089, -0.874834, -0.056734, 0.009442, 0.860098, 0.458480, 0.223666, 0.009880, -0.169660, -0.156400, 0.973013, 0.206038, 0.000000, 0.000000, 0.000000, 1.000000, -0.169660, -0.156400, 0.973013, 0.275038, -0.481089, 0.874834, 0.056734, -0.000442, -0.860098, -0.458480, -0.223666, 0.247193, 0.000000, 0.000000, 0.000000, 1.000000, 0.986564, -0.159875, 0.033651, 0.040485, 0.053463, 0.121283, -0.991177, 0.012574, 0.154383, 0.979658, 0.128201, -0.034532, 0.000000, 0.000000, 0.000000, 1.000000
14.1029, 8.9790, 9.0792, 206.2428, 275.2428, 0.0210, 247.9943, 39.6186, 12.2651, -34.6674, 0.481895, -0.875089, -0.044680, 0.008979, 0.855420, 0.458792, 0.240346, 0.009079, -0.189826, -0.154042, 0.969658, 0.206243, 0.000000, 0.000000, 0.000000, 1.000000, -0.189826, -0.154042, 0.969658, 0.275243, -0.481895, 0.875089, 0.044680, 0.000021, -0.855420, -0.458792, -0.240346, 0.247994, 0.000000, 0.000000, 0.000000, 1.000000, 0.985993, -0.159399, 0.049095, 0.039619, 0.068678, 0.119773, -0.990423, 0.012265, 0.151993, 0.979922, 0.129043, -0.034667, 0.000000, 0.000000, 0.000000, 1.000000
15.0434, 8.7871, 8.7280, 206.2956, 275.2956, 0.2129, 248.3455, 39.4162, 11.6162, -34.7331, 0.481772, -0.875382, -0.040035, 0.008787, 0.853857, 0.458672, 0.246066, 0.008728, -0.197038, -0.152732, 0.968426, 0.206296, 0.000000, 0.000000, 0.000000, 1.000000, -0.197038, -0.152732, 0.968426, 0.275296, -0.481772, 0.875382, 0.040035, 0.000213, -0.853857, -0.458672, -0.246066, 0.248345, 0.000000, 0.000000, 0.000000, 1.000000, 0.986639, -0.157857, 0.040297, 0.039416, 0.059845, 0.121104, -0.990834, 0.011616, 0.151530, 0.980008, 0.128933, -0.034733, 0.000000, 0.000000, 0.000000, 1.000000
15.5769, 8.4290, 8.1005, 206.4618, 275.4618, 0.5710, 248.9730, 38.7918, 11.1904, -34.8424, 0.482634, -0.875072, -0.036251, 0.008429, 0.850128, 0.458121, 0.259630, 0.008100, -0.210588, -0.156124, 0.965027, 0.206462, 0.000000, 0.000000, 0.000000, 1.000000, -0.210588, -0.156124, 0.965027, 0.275462, -0.482634, 0.875072, 0.036251, 0.000571, -0.850128, -0.458121, -0.259630, 0.248973, 0.000000, 0.000000, 0.000000, 1.000000, 0.986681, -0.156485, 0.044420, 0.038792, 0.064548, 0.125989, -0.989929, 0.011190, 0.149312, 0.979612, 0.134411, -0.034842, 0.000000, 0.000000, 0.000000, 1.000000
15.8515, 8.1412, 7.5980, 206.6557, 275.6557, 0.8588, 249.4754, 38.2500, 10.9005, -34.9325, 0.483134, -0.874968, -0.031816, 0.008141, 0.847584, 0.458285, 0.267538, 0.007598, -0.219507, -0.156224, 0.963022, 0.206656, 0.000000, 0.000000, 0.000000, 1.000000, -0.219507, -0.156224, 0.963022, 0.275656, -0.483134, 0.874968, 0.031816, 0.000859, -0.847584, -0.458285, -0.267538, 0.249475, 0.000000, 0.000000, 0.000000, 1.000000, 0.986601, -0.155674, 0.048828, 0.038250, 0.068982, 0.126807, -0.989526, 0.010900, 0.147852, 0.979635, 0.135846, -0.034932, 0.000000, 0.000000, 0.000000, 1.000000
16.8315, 7.9658, 7.2839, 206.6947, 275.6947, 1.0342, 249.7895, 38.0740, 10.2669, -34.9878, 0.483094, -0.875210, -0.025054, 0.007966, 0.845497, 0.458876, 0.273070, 0.007284, -0.227497, -0.153102, 0.961668, 0.206695, 0.000000, 0.000000, 0.000000, 1.000000, -0.227497, -0.153102, 0.961668, 0.275695, -0.483094, 0.875210, 0.025054, 0.001034, -0.845497, -0.458876, -0.273070, 0.249790, 0.000000, 0.000000, 0.000000, 1.000000, 0.987289, -0.153678, 0.040533, 0.038074, 0.060309, 0.126293, -0.990158, 0.010267, 0.147046, 0.980017, 0.133956, -0.034988, 0.000000, 0.000000, 0.000000, 1.000000
17.2701, 7.5421, 6.5807, 206.8848, 275.8848, 1.4579, 250.4927, 37.3164, 9.9318, -35.0929, 0.483407, -0.875203, -0.018339, 0.007542, 0.841022, 0.458511, 0.287141, 0.006581, -0.242898, -0.154230, 0.957713, 0.206885, 0.000000, 0.000000, 0.000000, 1.000000, -0.242898, -0.154230, 0.957713, 0.275885, -0.483407, 0.875203, 0.018339, 0.001458, -0.841022, -0.458511, -0.287141, 0.250493, 0.000000, 0.000000, 0.000000, 1.000000, 0.987062, -0.152794, 0.048611, 0.037316, 0.068635, 0.128637, -0.989314, 0.009932, 0.144908, 0.979850, 0.137459, -0.035093, 0.000000, 0.000000, 0.000000, 1.000000
18.5585, 7.3594, 6.2226, 206.9886, 275.9886, 1.6406, 250.8508, 37.1235, 9.0683, -35.1728, 0.483450, -0.875252, -0.014473, 0.007359, 0.838803, 0.458462, 0.293636, 0.006223, -0.250370, -0.154098, 0.955808, 0.206989, 0.000000, 0.000000, 0.000000, 1.000000, -0.250370, -0.154098, 0.955808, 0.275989, -0.483450, 0.875252, 0.014473, 0.001641, -0.838803, -0.458462, -0.293636, 0.250851, 0.000000, 0.000000, 0.000000, 1.000000, 0.988106, -0.149955, 0.034072, 0.037123, 0.054151, 0.131923, -0.989780, 0.009068, 0.143928, 0.979852, 0.138474, -0.035173, 0.000000, 0.000000, 0.000000, 1.000000
18.9962, 6.7956, 5.2532, 207.3679, 276.3679, 2.2044, 251.8202, 36.0282, 8.6429, -35.3401, 0.484207, -0.874934, -0.005871, 0.006796, 0.833081, 0.458973, 0.308741, 0.005253, -0.267434, -0.154385, 0.951128, 0.207368, 0.000000, 0.000000, 0.000000, 1.000000, -0.267434, -0.154385, 0.951128, 0.276368, -0.484207, 0.874934, 0.005871, 0.002204, -0.833081, -0.458973, -0.308741, 0.251820, 0.000000, 0.000000, 0.000000, 1.000000, 0.987951, -0.148300, 0.044282, 0.036028, 0.064327, 0.133223, -0.988996, 0.008643, 0.140768, 0.979928, 0.141158, -0.035340, 0.000000, 0.000000, 0.000000, 1.000000
19.9973, 6.5385, 4.8201, 207.3904, 276.3904, 2.4615, 252.2534, 35.6815, 8.1018, -35.4027, 0.484496, -0.874786, -0.003677, 0.006538, 0.828780, 0.457662, 0.321977, 0.004820, -0.279978, -0.159044, 0.946740, 0.207390, 0.000000, 0.000000, 0.000000, 1.000000, -0.279978, -0.159044, 0.946740, 0.276390, -0.484496, 0.874786, 0.003677, 0.002462, -0.828780, -0.457662, -0.321977, 0.252253, 0.000000, 0.000000, 0.000000, 1.000000, 0.988521, -0.145855, 0.039404, 0.035682, 0.060136, 0.140590, -0.988240, 0.008102, 0.138600, 0.979266, 0.147747, -0.035403, 0.000000, 0.000000, 0.000000, 1.000000
20.0017, 6.0813, 4.0863, 207.6946, 276.6946, 2.9187, 252.9872, 34.7776, 7.9936, -35.5061, 0.483899, -0.875096, 0.007016, 0.006081, 0.823831, 0.458226, 0.333665, 0.004086, -0.295204, -0.155680, 0.942666, 0.207695, 0.000000, 0.000000, 0.000000, 1.000000, -0.295204, -0.155680, 0.942666, 0.276695, -0.483899, 0.875096, -0.007016, 0.002919, -0.823831, -0.458226, -0.333665, 0.252987, 0.000000, 0.000000, 0.000000, 1.000000, 0.987670, -0.146329, 0.055637, 0.034778, 0.075966, 0.137234, -0.987621, 0.007994, 0.136882, 0.979671, 0.146658, -0.035506, 0.000000, 0.000000, 0.000000, 1.000000
