# Joint_A_Angle(deg), Cam_X(mm), Cam_Y(mm), Cam_Z(mm), Torso_X(mm), Torso_Y(mm), Torso_Z(mm), EE_X(mm), EE_Y(mm), EE_Z(mm), T_cam2marker_flat(16), T_torso2marker_flat(16), T_ee2marker_flat(16)
-19.6985, 43.5449, -34.8666, 192.1124, 261.1061, -34.5880, 291.9400, 102.0437, -1.9079, -7.1342, 0.834088, 0.516674, 0.193251, 0.043545, -0.534909, 0.843152, 0.054471, -0.034867, -0.134796, -0.148805, 0.979636, 0.192112, 0.000000, 0.000000, 0.000000, 1.000000, -0.134947, -0.148898, 0.979601, 0.261106, -0.834064, -0.516647, -0.193427, -0.034588, 0.534909, -0.843152, -0.054471, 0.291940, 0.000000, 0.000000, 0.000000, 1.000000, -0.018473, -0.039431, -0.999052, 0.102044, -0.998983, 0.041830, 0.016821, -0.001908, 0.041127, 0.998346, -0.040164, -0.007134, 0.000000, 0.000000, 0.000000, 1.000000
-19.2465, 43.0515, -34.5349, 192.0869, 261.0809, -34.0936, 291.6083, 102.1557, -2.3649, -7.1117, 0.832334, 0.519206, 0.194024, 0.043051, -0.538347, 0.840582, 0.060038, -0.034535, -0.131921, -0.154424, 0.979158, 0.192087, 0.000000, 0.000000, 0.000000, 1.000000, -0.132068, -0.154515, 0.979124, 0.261081, -0.832311, -0.519179, -0.194197, -0.034094, 0.538347, -0.840582, -0.060038, 0.291608, 0.000000, 0.000000, 0.000000, 1.000000, -0.020597, -0.034360, -0.999197, 0.102156, -0.998789, 0.045379, 0.019028, -0.002365, 0.044689, 0.998379, -0.035253, -0.007112, 0.000000, 0.000000, 0.000000, 1.000000
-18.7789, 42.2682, -34.0008, 192.2677, 261.2621, -33.3086, 291.0743, 102.1181, -2.4778, -7.1277, 0.828252, 0.526456, 0.191945, 0.042268, -0.544698, 0.836811, 0.055239, -0.034001, -0.131541, -0.150304, 0.979850, 0.192268, 0.000000, 0.000000, 0.000000, 1.000000, -0.131681, -0.150393, 0.979817, 0.261262, -0.828230, -0.526431, -0.192110, -0.033309, 0.544698, -0.836811, -0.055239, 0.291074, 0.000000, 0.000000, 0.000000, 1.000000, -0.019544, -0.039728, -0.999019, 0.102118, -0.998779, 0.046111, 0.017706, -0.002478, 0.045362, 0.998146, -0.040581, -0.007128, 0.000000, 0.000000, 0.000000, 1.000000
-18.5131, 41.3845, -33.4272, 192.3150, 261.3096, -32.4249, 290.5006, 102.2298, -2.0430, -7.1560, 0.824539, 0.530911, 0.195624, 0.041384, -0.550735, 0.832347, 0.062367, -0.033427, -0.129715, -0.159161, 0.978694, 0.192315, 0.000000, 0.000000, 0.000000, 1.000000, -0.129855, -0.159251, 0.978661, 0.261310, -0.824517, -0.530884, -0.195789, -0.032425, 0.550735, -0.832347, -0.062367, 0.290501, 0.000000, 0.000000, 0.000000, 1.000000, -0.019996, -0.031806, -0.999294, 0.102230, -0.998888, 0.043322, 0.018609, -0.002043, 0.042700, 0.998555, -0.032637, -0.007156, 0.000000, 0.000000, 0.000000, 1.000000
-17.7080, 40.6692, -32.9408, 192.4737, 261.4686, -31.7078, 290.0143, 102.2017, -3.0212, -7.1670, 0.820238, 0.538122, 0.193996, 0.040669, -0.556679, 0.828951, 0.054297, -0.032941, -0.131595, -0.152530, 0.979499, 0.192474, 0.000000, 0.000000, 0.000000, 1.000000, -0.131727, -0.152616, 0.979467, 0.261469, -0.820217, -0.538097, -0.194154, -0.031708, 0.556679, -0.828951, -0.054297, 0.290014, 0.000000, 0.000000, 0.000000, 1.000000, -0.016736, -0.039630, -0.999074, 0.102202, -0.998613, 0.050542, 0.014723, -0.003021, 0.049911, 0.997935, -0.040421, -0.007167, 0.000000, 0.000000, 0.000000, 1.000000
-17.4573, 39.3321, -31.9946, 192.6558, 261.6510, -30.3698, 289.0681, 102.2576, -1.9524, -7.2042, 0.813524, 0.546854, 0.197811, 0.039332, -0.566548, 0.822019, 0.057515, -0.031995, -0.131152, -0.158859, 0.978551, 0.192656, 0.000000, 0.000000, 0.000000, 1.000000, -0.131280, -0.158945, 0.978520, 0.261651, -0.813504, -0.546829, -0.197965, -0.030370, 0.566548, -0.822019, -0.057515, 0.289068, 0.000000, 0.000000, 0.000000, 1.000000, -0.014865, -0.034949, -0.999279, 0.102258, -0.998986, 0.042997, 0.013356, -0.001952, 0.042499, 0.998464, -0.035553, -0.007204, 0.000000, 0.000000, 0.000000, 1.000000
-16.5929, 38.6653, -31.5529, 192.7448, 261.7404, -29.7011, 288.6263, 102.2896, -3.1432, -7.2221, 0.810553, 0.551031, 0.198415, 0.038665, -0.571093, 0.818747, 0.059203, -0.031553, -0.129829, -0.161300, 0.978329, 0.192745, 0.000000, 0.000000, 0.000000, 1.000000, -0.129950, -0.161383, 0.978299, 0.261740, -0.810534, -0.551007, -0.198561, -0.029701, 0.571093, -0.818747, -0.059203, 0.288626, 0.000000, 0.000000, 0.000000, 1.000000, -0.015121, -0.033287, -0.999331, 0.102290, -0.998533, 0.052469, 0.013361, -0.003143, 0.051990, 0.998068, -0.034031, -0.007222, 0.000000, 0.000000, 0.000000, 1.000000
-16.0954, 37.1281, -30.4477, 192.9115, 261.9074, -28.1630, 287.5211, 102.3938, -2.3944, -7.2721, 0.802606, 0.561469, 0.201435, 0.037128, -0.582310, 0.810717, 0.060434, -0.030448, -0.129375, -0.165803, 0.977636, 0.192912, 0.000000, 0.000000, 0.000000, 1.000000, -0.129492, -0.165884, 0.977606, 0.261907, -0.802587, -0.561445, -0.201578, -0.028163, 0.582310, -0.810717, -0.060434, 0.287521, 0.000000, 0.000000, 0.000000, 1.000000, -0.012873, -0.030685, -0.999446, 0.102394, -0.998807, 0.047486, 0.011407, -0.002394, 0.047109, 0.998400, -0.031259, -0.007272, 0.000000, 0.000000, 0.000000, 1.000000
-15.7298, 36.3099, -29.8068, 193.0384, 262.0345, -27.3440, 286.8802, 102.4083, -2.1909, -7.2715, 0.798294, 0.570416, 0.193265, 0.036310, -0.589797, 0.805384, 0.059125, -0.029807, -0.121926, -0.161186, 0.979364, 0.193038, 0.000000, 0.000000, 0.000000, 1.000000, -0.122039, -0.161267, 0.979336, 0.262034, -0.798277, -0.570394, -0.193404, -0.027344, 0.589797, -0.805384, -0.059125, 0.286880, 0.000000, 0.000000, 0.000000, 1.000000, -0.018535, -0.036799, -0.999151, 0.102408, -0.998878, 0.044244, 0.016900, -0.002191, 0.043585, 0.998343, -0.037578, -0.007271, 0.000000, 0.000000, 0.000000, 1.000000
-15.1407, 35.5395, -29.2270, 193.1978, 262.1941, -26.5726, 286.3005, 102.3850, -2.5744, -7.2950, 0.794085, 0.575126, 0.196621, 0.035539, -0.595105, 0.801473, 0.059077, -0.029227, -0.123610, -0.163922, 0.978698, 0.193198, 0.000000, 0.000000, 0.000000, 1.000000, -0.123719, -0.164002, 0.978671, 0.262194, -0.794068, -0.575103, -0.196756, -0.026573, 0.595105, -0.801473, -0.059077, 0.286300, 0.000000, 0.000000, 0.000000, 1.000000, -0.015528, -0.034920, -0.999269, 0.102385, -0.998748, 0.048082, 0.013840, -0.002574, 0.047564, 0.998233, -0.035623, -0.007295, 0.000000, 0.000000, 0.000000, 1.000000
-14.7639, 34.7043, -28.5918, 193.2288, 262.2253, -25.7365, 285.6653, 102.4967, -2.4004, -7.3052, 0.789359, 0.581645, 0.196473, 0.034704, -0.601555, 0.796706, 0.058237, -0.028592, -0.122659, -0.164159, 0.978778, 0.193229, 0.000000, 0.000000, 0.000000, 1.000000, -0.122764, -0.164237, 0.978752, 0.262225, -0.789342, -0.581623, -0.196605, -0.025737, 0.601555, -0.796706, -0.058237, 0.285665, 0.000000, 0.000000, 0.000000, 1.000000, -0.014871, -0.035815, -0.999248, 0.102497, -0.998825, 0.046625, 0.013193, -0.002400, 0.046117, 0.998270, -0.036466, -0.007305, 0.000000, 0.000000, 0.000000, 1.000000
-14.3007, 33.6888, -27.8160, 193.3982, 262.3950, -24.7202, 284.8894, 102.5046, -2.1820, -7.3527, 0.782637, 0.589326, 0.200435, 0.033689, -0.609493, 0.790924, 0.054381, -0.027816, -0.126481, -0.164724, 0.978197, 0.193398, 0.000000, 0.000000, 0.000000, 1.000000, -0.126583, -0.164801, 0.978170, 0.262395, -0.782621, -0.589304, -0.200563, -0.024720, 0.609493, -0.790924, -0.054381, 0.284889, 0.000000, 0.000000, 0.000000, 1.000000, -0.009009, -0.036577, -0.999290, 0.102505, -0.998955, 0.045103, 0.007355, -0.002182, 0.044802, 0.998312, -0.036945, -0.007353, 0.000000, 0.000000, 0.000000, 1.000000
-13.7621, 33.0615, -27.2989, 193.4915, 262.4885, -24.0919, 284.3723, 102.5175, -2.6073, -7.3472, 0.779494, 0.594153, 0.198421, 0.033062, -0.614127, 0.787277, 0.055163, -0.027299, -0.123437, -0.164855, 0.978563, 0.193492, 0.000000, 0.000000, 0.000000, 1.000000, -0.123535, -0.164930, 0.978538, 0.262488, -0.779478, -0.594133, -0.198545, -0.024092, 0.614127, -0.787277, -0.055163, 0.284372, 0.000000, 0.000000, 0.000000, 1.000000, -0.010886, -0.037273, -0.999246, 0.102518, -0.998783, 0.048479, 0.009072, -0.002607, 0.048105, 0.998128, -0.037756, -0.007347, 0.000000, 0.000000, 0.000000, 1.000000
-13.3800, 32.1140, -26.5633, 193.6120, 262.6092, -23.1436, 283.6367, 102.5604, -2.2863, -7.3960, 0.774696, 0.599239, 0.201888, 0.032114, -0.620743, 0.781544, 0.062187, -0.026563, -0.120520, -0.173496, 0.977432, 0.193612, 0.000000, 0.000000, 0.000000, 1.000000, -0.120615, -0.173570, 0.977408, 0.262609, -0.774681, -0.599218, -0.202008, -0.023144, 0.620743, -0.781544, -0.062187, 0.283637, 0.000000, 0.000000, 0.000000, 1.000000, -0.012106, -0.029609, -0.999488, 0.102560, -0.998860, 0.046524, 0.010720, -0.002286, 0.046183, 0.998478, -0.030139, -0.007396, 0.000000, 0.000000, 0.000000, 1.000000
-12.8711, 31.2031, -25.7812, 193.7128, 262.7102, -22.2317, 282.8547, 102.6104, -2.2577, -7.3885, 0.769163, 0.608906, 0.193962, 0.031203, -0.628614, 0.775542, 0.058125, -0.025781, -0.115033, -0.166635, 0.979286, 0.193713, 0.000000, 0.000000, 0.000000, 1.000000, -0.115124, -0.166707, 0.979262, 0.262710, -0.769150, -0.608886, -0.194078, -0.022232, 0.628614, -0.775542, -0.058125, 0.282855, 0.000000, 0.000000, 0.000000, 1.000000, -0.015555, -0.038016, -0.999156, 0.102610, -0.998887, 0.045101, 0.013835, -0.002258, 0.044537, 0.998259, -0.038675, -0.007388, 0.000000, 0.000000, 0.000000, 1.000000
-12.4176, 30.5432, -25.2281, 193.8326, 262.8301, -21.5709, 282.3015, 102.6024, -2.4364, -7.4063, 0.765076, 0.611792, 0.200924, 0.030543, -0.632892, 0.771959, 0.059385, -0.025228, -0.118774, -0.172598, 0.977805, 0.193833, 0.000000, 0.000000, 0.000000, 1.000000, -0.118862, -0.172668, 0.977782, 0.262830, -0.765062, -0.611772, -0.201037, -0.021571, 0.632892, -0.771959, -0.059385, 0.282302, 0.000000, 0.000000, 0.000000, 1.000000, -0.010659, -0.032614, -0.999411, 0.102602, -0.998817, 0.047775, 0.009094, -0.002436, 0.047450, 0.998326, -0.033085, -0.007406, 0.000000, 0.000000, 0.000000, 1.000000
-11.9000, 29.7601, -24.5782, 193.9509, 262.9487, -20.7859, 281.6517, 102.6165, -2.6084, -7.4357, 0.759455, 0.619358, 0.199055, 0.029760, -0.639496, 0.766925, 0.053589, -0.024578, -0.119469, -0.167993, 0.978522, 0.193951, 0.000000, 0.000000, 0.000000, 1.000000, -0.119550, -0.168060, 0.978501, 0.262949, -0.759443, -0.619340, -0.199160, -0.020786, 0.639496, -0.766925, -0.053589, 0.281652, 0.000000, 0.000000, 0.000000, 1.000000, -0.008190, -0.038427, -0.999228, 0.102617, -0.998807, 0.048425, 0.006325, -0.002608, 0.048145, 0.998087, -0.038778, -0.007436, 0.000000, 0.000000, 0.000000, 1.000000
-11.6525, 28.8783, -23.8169, 194.0798, 263.0777, -19.9032, 280.8903, 102.6342, -2.0085, -7.4689, 0.754927, 0.626589, 0.193574, 0.028878, -0.646564, 0.760511, 0.059826, -0.023817, -0.109729, -0.170322, 0.979260, 0.194080, 0.000000, 0.000000, 0.000000, 1.000000, -0.109807, -0.170387, 0.979240, 0.263078, -0.754916, -0.626571, -0.193675, -0.019903, 0.646564, -0.760511, -0.059826, 0.280890, 0.000000, 0.000000, 0.000000, 1.000000, -0.016058, -0.037326, -0.999174, 0.102634, -0.998976, 0.042867, 0.014453, -0.002008, 0.042292, 0.998383, -0.037976, -0.007469, 0.000000, 0.000000, 0.000000, 1.000000
-11.1762, 28.2255, -23.2714, 194.0978, 263.0961, -19.2467, 280.3448, 102.7244, -2.2617, -7.4873, 0.750920, 0.628568, 0.202539, 0.028225, -0.650498, 0.756915, 0.062706, -0.023271, -0.113889, -0.178838, 0.977265, 0.194098, 0.000000, 0.000000, 0.000000, 1.000000, -0.113956, -0.178894, 0.977247, 0.263096, -0.750910, -0.628552, -0.202625, -0.019247, 0.650498, -0.756915, -0.062706, 0.280345, 0.000000, 0.000000, 0.000000, 1.000000, -0.010809, -0.029246, -0.999514, 0.102724, -0.998883, 0.046301, 0.009447, -0.002262, 0.046002, 0.998499, -0.029714, -0.007487, 0.000000, 0.000000, 0.000000, 1.000000
-10.6980, 27.6087, -22.6934, 194.2346, 263.2457, -18.4644, 279.7668, 102.7134, -2.3924, -7.5987, 0.746268, 0.635220, 0.198946, 0.027609, -0.655938, 0.752628, 0.057406, -0.022693, -0.113267, -0.173336, 0.978328, 0.194235, 0.000000, 0.000000, 0.000000, 1.000000, -0.112821, -0.172956, 0.978446, 0.263246, -0.746335, -0.635324, -0.198361, -0.018464, 0.655938, -0.752628, -0.057406, 0.279767, 0.000000, 0.000000, 0.000000, 1.000000, -0.010439, -0.036225, -0.999289, 0.102713, -0.998833, 0.047507, 0.008712, -0.002392, 0.047158, 0.998214, -0.036678, -0.007599, 0.000000, 0.000000, 0.000000, 1.000000
-10.2586, 26.8173, -21.8541, 194.3264, 263.3368, -17.6757, 278.9275, 102.7403, -2.2555, -7.5242, 0.739306, 0.641789, 0.203800, 0.026817, -0.662903, 0.746835, 0.052884, -0.021854, -0.118265, -0.174197, 0.977583, 0.194326, 0.000000, 0.000000, 0.000000, 1.000000, -0.117831, -0.173821, 0.977703, 0.263337, -0.739375, -0.641891, -0.203226, -0.017676, 0.662903, -0.746835, -0.052884, 0.278928, 0.000000, 0.000000, 0.000000, 1.000000, -0.003442, -0.036440, -0.999330, 0.102740, -0.998923, 0.046376, 0.001750, -0.002255, 0.046281, 0.998259, -0.036560, -0.007524, 0.000000, 0.000000, 0.000000, 1.000000
-9.9978, 26.1131, -21.1881, 194.4656, 263.4754, -16.9742, 278.2616, 102.7148, -1.8823, -7.5403, 0.735112, 0.647746, 0.200088, 0.026113, -0.668329, 0.741938, 0.053519, -0.021188, -0.113786, -0.173067, 0.978315, 0.194466, 0.000000, 0.000000, 0.000000, 1.000000, -0.113363, -0.172694, 0.978430, 0.263475, -0.735177, -0.647846, -0.199525, -0.016974, 0.668329, -0.741938, -0.053519, 0.278262, 0.000000, 0.000000, 0.000000, 1.000000, -0.006394, -0.038515, -0.999238, 0.102715, -0.999046, 0.043414, 0.004719, -0.001882, 0.043200, 0.998314, -0.038756, -0.007540, 0.000000, 0.000000, 0.000000, 1.000000
-9.5269, 25.6558, -20.7935, 194.4823, 263.4916, -16.5215, 277.8669, 102.7720, -2.3743, -7.5522, 0.732101, 0.650870, 0.200991, 0.025656, -0.671768, 0.738747, 0.054599, -0.020793, -0.112944, -0.174991, 0.978070, 0.194482, 0.000000, 0.000000, 0.000000, 1.000000, -0.112537, -0.174629, 0.978182, 0.263492, -0.732163, -0.650967, -0.200447, -0.016522, 0.671768, -0.738747, -0.054599, 0.277867, 0.000000, 0.000000, 0.000000, 1.000000, -0.006238, -0.037104, -0.999292, 0.102772, -0.998886, 0.046969, 0.004491, -0.002374, 0.046769, 0.998207, -0.037356, -0.007552, 0.000000, 0.000000, 0.000000, 1.000000
-9.0729, 24.9021, -20.0516, 194.5905, 263.5990, -15.7724, 277.1251, 102.7817, -2.3649, -7.5454, 0.726819, 0.657315, 0.199178, 0.024902, -0.677612, 0.733601, 0.051682, -0.020052, -0.112146, -0.172529, 0.978600, 0.194590, 0.000000, 0.000000, 0.000000, 1.000000, -0.111756, -0.172176, 0.978706, 0.263599, -0.726879, -0.657407, -0.198653, -0.015772, 0.677612, -0.733601, -0.051682, 0.277125, 0.000000, 0.000000, 0.000000, 1.000000, -0.005331, -0.040560, -0.999163, 0.102782, -0.998889, 0.047005, 0.003421, -0.002365, 0.046827, 0.998071, -0.040765, -0.007545, 0.000000, 0.000000, 0.000000, 1.000000
-8.7754, 24.1220, -19.3740, 194.6219, 263.6296, -14.9979, 276.4474, 102.8766, -2.0301, -7.5984, 0.722354, 0.661851, 0.200395, 0.024122, -0.683204, 0.727856, 0.058798, -0.019374, -0.106943, -0.179384, 0.977949, 0.194622, 0.000000, 0.000000, 0.000000, 1.000000, -0.106572, -0.179044, 0.978052, 0.263630, -0.722409, -0.661943, -0.199893, -0.014998, 0.683204, -0.727856, -0.058798, 0.276447, 0.000000, 0.000000, 0.000000, 1.000000, -0.008902, -0.034488, -0.999365, 0.102877, -0.998995, 0.044218, 0.007373, -0.002030, 0.043936, 0.998426, -0.034847, -0.007598, 0.000000, 0.000000, 0.000000, 1.000000
-8.2035, 23.5416, -18.8024, 194.7666, 263.7734, -14.4285, 275.8758, 102.8231, -2.5365, -7.6043, 0.717203, 0.666914, 0.202106, 0.023542, -0.687604, 0.724380, 0.049738, -0.018802, -0.113230, -0.174641, 0.978100, 0.194767, 0.000000, 0.000000, 0.000000, 1.000000, -0.112895, -0.174329, 0.978194, 0.263773, -0.717256, -0.666995, -0.201648, -0.014428, 0.687604, -0.724380, -0.049738, 0.275876, 0.000000, 0.000000, 0.000000, 1.000000, -0.001245, -0.039949, -0.999201, 0.102823, -0.998813, 0.048705, -0.000703, -0.002537, 0.048695, 0.998014, -0.039962, -0.007604, 0.000000, 0.000000, 0.000000, 1.000000
-7.7687, 22.6845, -17.9600, 194.8502, 263.8559, -13.5834, 275.0335, 102.8706, -2.3482, -7.6143, 0.712377, 0.673434, 0.197498, 0.022684, -0.694134, 0.717596, 0.056869, -0.017960, -0.103426, -0.177603, 0.978652, 0.194850, 0.000000, 0.000000, 0.000000, 1.000000, -0.103128, -0.177321, 0.978735, 0.263856, -0.712420, -0.673508, -0.197089, -0.013583, 0.694134, -0.717596, -0.056869, 0.275033, 0.000000, 0.000000, 0.000000, 1.000000, -0.009102, -0.038009, -0.999236, 0.102871, -0.998886, 0.046616, 0.007326, -0.002348, 0.046302, 0.998189, -0.038391, -0.007614, 0.000000, 0.000000, 0.000000, 1.000000
-7.2299, 21.9142, -17.1824, 194.9034, 263.9079, -12.8298, 274.2558, 102.9322, -2.5129, -7.6033, 0.705501, 0.679874, 0.200102, 0.021914, -0.700242, 0.712224, 0.048972, -0.017182, -0.109222, -0.174670, 0.978550, 0.194903, 0.000000, 0.000000, 0.000000, 1.000000, -0.108976, -0.174433, 0.978620, 0.263908, -0.705539, -0.679934, -0.199760, -0.012830, 0.700242, -0.712224, -0.048972, 0.274256, 0.000000, 0.000000, 0.000000, 1.000000, -0.001377, -0.041865, -0.999122, 0.102932, -0.998846, 0.048028, -0.000636, -0.002513, 0.048013, 0.997968, -0.041883, -0.007603, 0.000000, 0.000000, 0.000000, 1.000000
-6.6665, 20.9978, -16.3470, 194.8790, 263.8828, -11.9217, 273.4205, 103.0996, -2.5966, -7.6541, 0.700280, 0.683615, 0.205616, 0.020998, -0.706186, 0.705529, 0.059419, -0.016347, -0.104448, -0.186813, 0.976827, 0.194879, 0.000000, 0.000000, 0.000000, 1.000000, -0.104228, -0.186598, 0.976892, 0.263883, -0.700313, -0.683674, -0.205309, -0.011922, 0.706186, -0.705529, -0.059419, 0.273420, 0.000000, 0.000000, 0.000000, 1.000000, -0.004325, -0.030397, -0.999529, 0.103100, -0.998785, 0.049207, 0.002825, -0.002597, 0.049098, 0.998326, -0.030573, -0.007654, 0.000000, 0.000000, 0.000000, 1.000000
-6.2128, 20.1686, -15.4845, 195.0656, 264.0689, -11.0981, 272.5579, 103.0406, -2.4429, -7.6893, 0.693671, 0.691560, 0.201409, 0.020169, -0.713019, 0.698911, 0.055915, -0.015484, -0.102098, -0.182395, 0.977910, 0.195066, 0.000000, 0.000000, 0.000000, 1.000000, -0.101896, -0.182193, 0.977969, 0.264069, -0.693701, -0.691613, -0.201124, -0.011098, 0.713019, -0.698911, -0.055915, 0.272558, 0.000000, 0.000000, 0.000000, 1.000000, -0.004542, -0.035975, -0.999342, 0.103041, -0.998874, 0.047364, 0.002835, -0.002443, 0.047231, 0.998230, -0.036149, -0.007689, 0.000000, 0.000000, 0.000000, 1.000000
-5.8999, 19.4229, -14.7207, 195.0573, 264.0602, -10.3552, 271.7941, 103.1597, -2.1091, -7.7041, 0.688066, 0.696549, 0.203431, 0.019423, -0.718261, 0.693651, 0.054312, -0.014721, -0.103279, -0.183487, 0.977582, 0.195057, 0.000000, 0.000000, 0.000000, 1.000000, -0.103086, -0.183292, 0.977639, 0.264060, -0.688095, -0.696601, -0.203157, -0.010355, 0.718261, -0.693651, -0.054312, 0.271794, 0.000000, 0.000000, 0.000000, 1.000000, -0.001695, -0.035641, -0.999363, 0.103160, -0.998964, 0.045500, 0.000072, -0.002109, 0.045469, 0.998328, -0.035682, -0.007704, 0.000000, 0.000000, 0.000000, 1.000000
-5.4105, 18.5661, -13.8234, 195.1830, 264.1855, -9.5020, 270.8968, 103.1637, -1.9994, -7.7432, 0.680688, 0.703285, 0.205071, 0.018566, -0.725094, 0.686701, 0.051768, -0.013823, -0.104415, -0.183934, 0.977377, 0.195183, 0.000000, 0.000000, 0.000000, 1.000000, -0.104235, -0.183748, 0.977431, 0.264186, -0.680715, -0.703334, -0.204812, -0.009502, 0.725094, -0.686701, -0.051768, 0.270897, 0.000000, 0.000000, 0.000000, 1.000000, 0.001640, -0.036201, -0.999343, 0.103164, -0.999010, 0.044364, -0.003247, -0.001999, 0.044452, 0.998359, -0.036092, -0.007743, 0.000000, 0.000000, 0.000000, 1.000000
-4.9816, 18.1468, -13.3748, 195.1870, 264.1893, -9.0846, 270.4482, 103.2207, -2.3831, -7.7403, 0.677351, 0.706249, 0.205930, 0.018147, -0.728289, 0.683283, 0.052148, -0.013375, -0.103879, -0.185299, 0.977176, 0.195187, 0.000000, 0.000000, 0.000000, 1.000000, -0.103705, -0.185117, 0.977229, 0.264189, -0.677378, -0.706297, -0.205679, -0.009085, 0.728289, -0.683283, -0.052148, 0.270448, 0.000000, 0.000000, 0.000000, 1.000000, 0.002139, -0.035284, -0.999375, 0.103221, -0.998878, 0.047207, -0.003805, -0.002383, 0.047312, 0.998262, -0.035144, -0.007740, 0.000000, 0.000000, 0.000000, 1.000000
-4.5382, 17.4914, -12.6654, 195.2903, 264.2924, -8.4328, 269.7388, 103.2148, -2.4427, -7.7661, 0.673323, 0.710758, 0.203614, 0.017491, -0.733124, 0.677496, 0.059394, -0.012665, -0.095733, -0.189266, 0.977248, 0.195290, 0.000000, 0.000000, 0.000000, 1.000000, -0.095570, -0.189094, 0.977297, 0.264292, -0.673346, -0.710804, -0.203378, -0.008433, 0.733124, -0.677496, -0.059394, 0.269739, 0.000000, 0.000000, 0.000000, 1.000000, -0.004455, -0.032008, -0.999478, 0.103215, -0.998878, 0.047274, 0.002938, -0.002443, 0.047155, 0.998369, -0.032182, -0.007766, 0.000000, 0.000000, 0.000000, 1.000000
-4.0535, 16.8306, -11.8919, 195.4233, 264.4251, -7.7748, 268.9654, 103.1766, -2.5427, -7.7678, 0.668172, 0.717596, 0.196474, 0.016831, -0.738460, 0.671835, 0.057574, -0.011892, -0.090683, -0.183558, 0.978817, 0.195423, 0.000000, 0.000000, 0.000000, 1.000000, -0.090530, -0.183393, 0.978862, 0.264425, -0.668193, -0.717638, -0.196249, -0.007775, 0.738460, -0.671835, -0.057574, 0.268965, 0.000000, 0.000000, 0.000000, 1.000000, -0.007750, -0.038665, -0.999222, 0.103177, -0.998852, 0.047539, 0.005908, -0.002543, 0.047273, 0.998121, -0.038989, -0.007768, 0.000000, 0.000000, 0.000000, 1.000000
-3.6062, 16.0653, -11.0876, 195.3404, 264.3420, -7.0114, 268.1610, 103.3695, -2.4850, -7.7893, 0.660821, 0.721823, 0.205639, 0.016065, -0.743813, 0.666446, 0.050919, -0.011088, -0.100292, -0.186605, 0.977302, 0.195340, 0.000000, 0.000000, 0.000000, 1.000000, -0.100145, -0.186445, 0.977348, 0.264342, -0.660843, -0.721865, -0.205421, -0.007011, 0.743813, -0.666446, -0.050919, 0.268161, 0.000000, 0.000000, 0.000000, 1.000000, 0.003679, -0.036252, -0.999336, 0.103369, -0.998821, 0.048246, -0.005428, -0.002485, 0.048410, 0.998177, -0.036032, -0.007789, 0.000000, 0.000000, 0.000000, 1.000000
-3.1511, 15.3866, -10.3452, 195.4031, 264.4045, -6.3354, 267.4187, 103.4059, -2.5361, -7.8254, 0.656555, 0.725152, 0.207583, 0.015387, -0.748720, 0.659899, 0.062861, -0.010345, -0.091400, -0.196694, 0.976196, 0.195403, 0.000000, 0.000000, 0.000000, 1.000000, -0.091262, -0.196541, 0.976239, 0.264404, -0.656574, -0.725193, -0.207377, -0.006335, 0.748720, -0.659899, -0.062861, 0.267419, 0.000000, 0.000000, 0.000000, 1.000000, -0.003581, -0.026709, -0.999637, 0.103406, -0.998837, 0.048154, 0.002291, -0.002536, 0.048076, 0.998483, -0.026851, -0.007825, 0.000000, 0.000000, 0.000000, 1.000000
-2.6798, 14.7572, -9.5783, 195.5811, 264.5823, -5.7079, 266.6517, 103.3175, -2.6266, -7.8429, 0.650811, 0.731569, 0.203109, 0.014757, -0.753858, 0.654442, 0.058343, -0.009578, -0.090241, -0.191085, 0.977416, 0.195581, 0.000000, 0.000000, 0.000000, 1.000000, -0.090109, -0.190937, 0.977458, 0.264582, -0.650829, -0.731607, -0.202910, -0.005708, 0.753858, -0.654442, -0.058343, 0.266652, 0.000000, 0.000000, 0.000000, 1.000000, -0.002984, -0.033191, -0.999445, 0.103317, -0.998817, 0.048603, 0.001368, -0.002627, 0.048531, 0.998267, -0.033297, -0.007843, 0.000000, 0.000000, 0.000000, 1.000000
-2.4346, 13.9946, -8.6126, 195.7891, 264.7901, -4.9462, 265.6860, 103.2151, -1.9524, -7.8645, 0.643513, 0.739982, 0.195750, 0.013995, -0.760331, 0.647450, 0.052014, -0.008613, -0.088249, -0.182306, 0.979273, 0.195789, 0.000000, 0.000000, 0.000000, 1.000000, -0.088121, -0.182159, 0.979312, 0.264790, -0.643531, -0.740018, -0.195555, -0.004946, 0.760331, -0.647450, -0.052014, 0.265686, 0.000000, 0.000000, 0.000000, 1.000000, -0.002738, -0.043091, -0.999067, 0.103215, -0.999077, 0.042942, 0.000886, -0.001952, 0.042864, 0.998148, -0.043169, -0.007865, 0.000000, 0.000000, 0.000000, 1.000000
-2.0305, 13.5521, -8.1455, 195.7943, 264.7952, -4.5056, 265.2189, 103.2748, -2.2523, -7.9014, 0.640158, 0.741471, 0.201043, 0.013552, -0.763314, 0.643482, 0.057295, -0.008145, -0.086885, -0.190137, 0.977905, 0.195794, 0.000000, 0.000000, 0.000000, 1.000000, -0.086762, -0.189995, 0.977944, 0.264795, -0.640175, -0.741507, -0.200856, -0.004506, 0.763314, -0.643482, -0.057295, 0.265219, 0.000000, 0.000000, 0.000000, 1.000000, -0.003056, -0.035520, -0.999364, 0.103275, -0.998972, 0.045314, 0.001444, -0.002252, 0.045234, 0.998341, -0.035622, -0.007901, 0.000000, 0.000000, 0.000000, 1.000000
-1.7453, 13.0258, -7.5109, 195.7339, 264.7347, -3.9802, 264.5843, 103.4044, -2.0980, -7.8947, 0.634900, 0.745176, 0.203997, 0.013026, -0.767380, 0.638860, 0.054640, -0.007511, -0.089610, -0.191234, 0.977445, 0.195734, 0.000000, 0.000000, 0.000000, 1.000000, -0.089490, -0.191094, 0.977484, 0.264735, -0.634916, -0.745212, -0.203814, -0.003980, 0.767380, -0.638860, -0.054640, 0.264584, 0.000000, 0.000000, 0.000000, 1.000000, 0.001112, -0.034942, -0.999389, 0.103404, -0.999015, 0.044293, -0.002660, -0.002098, 0.044359, 0.998407, -0.034858, -0.007895, 0.000000, 0.000000, 0.000000, 1.000000
-0.9791, 12.5333, -6.8542, 195.8099, 264.8105, -3.4896, 263.9276, 103.3922, -3.0518, -7.8632, 0.631027, 0.749767, 0.199134, 0.012533, -0.771083, 0.634352, 0.055031, -0.006854, -0.085060, -0.188275, 0.978426, 0.195810, 0.000000, 0.000000, 0.000000, 1.000000, -0.084947, -0.188140, 0.978462, 0.264811, -0.631042, -0.749801, -0.198958, -0.003490, 0.771083, -0.634352, -0.055031, 0.263928, 0.000000, 0.000000, 0.000000, 1.000000, -0.002122, -0.038509, -0.999256, 0.103392, -0.998671, 0.051529, 0.000135, -0.003052, 0.051486, 0.997929, -0.038567, -0.007863, 0.000000, 0.000000, 0.000000, 1.000000
-0.7614, 11.5814, -5.6066, 196.0566, 265.0571, -2.5385, 262.6800, 103.2737, -1.9743, -7.9110, 0.622109, 0.758971, 0.192206, 0.011581, -0.778780, 0.625118, 0.052232, -0.005607, -0.080509, -0.182181, 0.979963, 0.196057, 0.000000, 0.000000, 0.000000, 1.000000, -0.080399, -0.182047, 0.979997, 0.265057, -0.622123, -0.759003, -0.192034, -0.002538, 0.778780, -0.625118, -0.052232, 0.262680, 0.000000, 0.000000, 0.000000, 1.000000, -0.003892, -0.045811, -0.998943, 0.103274, -0.999076, 0.042926, 0.001924, -0.001974, 0.042792, 0.998027, -0.045935, -0.007911, 0.000000, 0.000000, 0.000000, 1.000000
-0.3801, 11.2389, -5.2987, 195.7836, 264.7840, -2.1971, 262.3722, 103.5930, -2.4302, -7.9186, 0.619363, 0.757489, 0.206396, 0.011239, -0.780335, 0.622881, 0.055645, -0.005299, -0.086409, -0.195522, 0.976885, 0.195784, 0.000000, 0.000000, 0.000000, 1.000000, -0.086302, -0.195391, 0.976921, 0.264784, -0.619378, -0.757523, -0.206227, -0.002197, 0.780335, -0.622881, -0.055645, 0.262372, 0.000000, 0.000000, 0.000000, 1.000000, 0.002585, -0.032349, -0.999473, 0.103593, -0.998856, 0.047647, -0.004125, -0.002430, 0.047755, 0.998340, -0.032189, -0.007919, 0.000000, 0.000000, 0.000000, 1.000000
0.1074, 10.6347, -4.4995, 195.9285, 264.9288, -1.5937, 261.5730, 103.5284, -2.5526, -7.9395, 0.613926, 0.762851, 0.202860, 0.010635, -0.785485, 0.615836, 0.061314, -0.004500, -0.078156, -0.196986, 0.977286, 0.195929, 0.000000, 0.000000, 0.000000, 1.000000, -0.078052, -0.196857, 0.977320, 0.264929, -0.613939, -0.762885, -0.202695, -0.001594, 0.785485, -0.615836, -0.061314, 0.261573, 0.000000, 0.000000, 0.000000, 1.000000, -0.003774, -0.031607, -0.999493, 0.103528, -0.998882, 0.047211, 0.002279, -0.002553, 0.047115, 0.998385, -0.031750, -0.007939, 0.000000, 0.000000, 0.000000, 1.000000
0.5741, 9.9952, -3.6835, 195.9131, 264.9132, -0.9552, 260.7569, 103.6263, -2.6043, -7.9498, 0.608344, 0.766981, 0.204101, 0.009995, -0.790101, 0.609611, 0.064150, -0.003683, -0.075221, -0.200286, 0.976846, 0.195913, 0.000000, 0.000000, 0.000000, 1.000000, -0.075120, -0.200159, 0.976879, 0.264913, -0.608356, -0.767014, -0.203940, -0.000955, 0.790101, -0.609611, -0.064150, 0.260757, 0.000000, 0.000000, 0.000000, 1.000000, -0.004981, -0.028865, -0.999571, 0.103626, -0.998857, 0.047663, 0.003602, -0.002604, 0.047538, 0.998446, -0.029069, -0.007950, 0.000000, 0.000000, 0.000000, 1.000000
0.9433, 9.3840, -2.8565, 196.0310, 265.0310, -0.3448, 259.9299, 103.5874, -2.4279, -7.9749, 0.601538, 0.772681, 0.202771, 0.009384, -0.794724, 0.604582, 0.053793, -0.002856, -0.081027, -0.193506, 0.977747, 0.196031, 0.000000, 0.000000, 0.000000, 1.000000, -0.080930, -0.193382, 0.977780, 0.265031, -0.601551, -0.772712, -0.202614, -0.000345, 0.794724, -0.604582, -0.053793, 0.259930, 0.000000, 0.000000, 0.000000, 1.000000, 0.002574, -0.036355, -0.999336, 0.103587, -0.998876, 0.047197, -0.004290, -0.002428, 0.047321, 0.998224, -0.036192, -0.007975, 0.000000, 0.000000, 0.000000, 1.000000
1.4810, 8.6295, -1.8824, 196.0282, 265.0281, 0.4087, 258.9559, 103.6871, -2.4496, -8.0049, 0.594059, 0.777374, 0.206843, 0.008630, -0.800718, 0.596086, 0.059428, -0.001882, -0.077099, -0.200926, 0.976568, 0.196028, 0.000000, 0.000000, 0.000000, 1.000000, -0.077005, -0.200804, 0.976600, 0.265028, -0.594071, -0.777405, -0.206689, 0.000409, 0.800718, -0.596086, -0.059428, 0.258956, 0.000000, 0.000000, 0.000000, 1.000000, 0.000945, -0.029567, -0.999562, 0.103687, -0.998919, 0.046430, -0.002318, -0.002450, 0.046478, 0.998484, -0.029491, -0.008005, 0.000000, 0.000000, 0.000000, 1.000000
2.0136, 8.0027, -1.0547, 196.0425, 265.0424, 1.0346, 258.1281, 103.7522, -2.6514, -8.0283, 0.588133, 0.781837, 0.206957, 0.008003, -0.805406, 0.589484, 0.061876, -0.001055, -0.073621, -0.203076, 0.976391, 0.196043, 0.000000, 0.000000, 0.000000, 1.000000, -0.073530, -0.202956, 0.976423, 0.265042, -0.588144, -0.781868, -0.206807, 0.001035, 0.805406, -0.589484, -0.061876, 0.258128, 0.000000, 0.000000, 0.000000, 1.000000, -0.000705, -0.027987, -0.999608, 0.103752, -0.998865, 0.047621, -0.000629, -0.002651, 0.047620, 0.998473, -0.027989, -0.008028, 0.000000, 0.000000, 0.000000, 1.000000
2.2474, 7.3330, -0.0337, 196.2771, 265.2768, 1.7034, 257.1072, 103.5985, -1.9614, -8.0531, 0.581259, 0.788982, 0.199112, 0.007333, -0.810797, 0.582282, 0.059629, -0.000034, -0.068893, -0.196099, 0.978161, 0.196277, 0.000000, 0.000000, 0.000000, 1.000000, -0.068806, -0.195981, 0.978191, 0.265277, -0.581269, -0.789011, -0.198966, 0.001703, 0.810797, -0.582282, -0.059629, 0.257107, 0.000000, 0.000000, 0.000000, 1.000000, -0.003294, -0.035830, -0.999352, 0.103598, -0.999107, 0.042209, 0.001780, -0.001961, 0.042118, 0.998466, -0.035937, -0.008053, 0.000000, 0.000000, 0.000000, 1.000000
2.7404, 6.9667, 0.4502, 196.2101, 265.2098, 2.0687, 256.6233, 103.7095, -2.5068, -8.0511, 0.576950, 0.790784, 0.204426, 0.006967, -0.813389, 0.579050, 0.055678, 0.000450, -0.074343, -0.198401, 0.977297, 0.196210, 0.000000, 0.000000, 0.000000, 1.000000, -0.074259, -0.198286, 0.977327, 0.265210, -0.576961, -0.790812, -0.204283, 0.002069, 0.813389, -0.579050, -0.055678, 0.256623, 0.000000, 0.000000, 0.000000, 1.000000, 0.003185, -0.033755, -0.999425, 0.103710, -0.998885, 0.046974, -0.004769, -0.002507, 0.047108, 0.998326, -0.033568, -0.008051, 0.000000, 0.000000, 0.000000, 1.000000
3.1540, 6.3883, 1.2654, 196.2565, 265.2561, 2.6462, 255.8081, 103.7335, -2.4683, -8.0768, 0.571321, 0.794910, 0.204231, 0.006388, -0.817763, 0.572480, 0.059422, 0.001265, -0.069684, -0.200962, 0.977117, 0.196256, 0.000000, 0.000000, 0.000000, 1.000000, -0.069602, -0.200849, 0.977146, 0.265256, -0.571331, -0.794938, -0.204093, 0.002646, 0.817763, -0.572480, -0.059422, 0.255808, 0.000000, 0.000000, 0.000000, 1.000000, 0.000296, -0.031702, -0.999497, 0.103733, -0.998927, 0.046284, -0.001764, -0.002468, 0.046316, 0.998425, -0.031655, -0.008077, 0.000000, 0.000000, 0.000000, 1.000000
3.6075, 5.7681, 2.1608, 196.2758, 265.2754, 3.2655, 254.9126, 103.7869, -2.4348, -8.0939, 0.564285, 0.799545, 0.205693, 0.005768, -0.822466, 0.566049, 0.056025, 0.002161, -0.071638, -0.200790, 0.977012, 0.196276, 0.000000, 0.000000, 0.000000, 1.000000, -0.071560, -0.200679, 0.977040, 0.265275, -0.564295, -0.799573, -0.205558, 0.003265, 0.822466, -0.566049, -0.056025, 0.254913, 0.000000, 0.000000, 0.000000, 1.000000, 0.004172, -0.032428, -0.999465, 0.103787, -0.998912, 0.046298, -0.005672, -0.002435, 0.046458, 0.998401, -0.032199, -0.008094, 0.000000, 0.000000, 0.000000, 1.000000
3.8167, 5.3307, 2.8275, 196.3896, 265.3892, 3.7020, 254.2459, 103.7247, -2.1190, -8.1207, 0.560292, 0.803039, 0.202979, 0.005331, -0.825722, 0.560821, 0.060521, 0.002828, -0.065234, -0.201514, 0.977311, 0.196390, 0.000000, 0.000000, 0.000000, 1.000000, -0.065159, -0.201406, 0.977338, 0.265389, -0.560301, -0.803066, -0.202848, 0.003702, 0.825722, -0.560821, -0.060521, 0.254246, 0.000000, 0.000000, 0.000000, 1.000000, -0.000870, -0.032116, -0.999484, 0.103725, -0.999048, 0.043629, -0.000532, -0.002119, 0.043623, 0.998531, -0.032124, -0.008121, 0.000000, 0.000000, 0.000000, 1.000000
4.2871, 4.8870, 3.5313, 196.3995, 265.3990, 4.1448, 253.5421, 103.7618, -2.3812, -8.1036, 0.554669, 0.806927, 0.203004, 0.004887, -0.829170, 0.556388, 0.053942, 0.003531, -0.069422, -0.198244, 0.977691, 0.196400, 0.000000, 0.000000, 0.000000, 1.000000, -0.069349, -0.198139, 0.977718, 0.265399, -0.554678, -0.806953, -0.202876, 0.004145, 0.829170, -0.556388, -0.053942, 0.253542, 0.000000, 0.000000, 0.000000, 1.000000, 0.004752, -0.035832, -0.999347, 0.103762, -0.998912, 0.046204, -0.006406, -0.002381, 0.046403, 0.998289, -0.035573, -0.008104, 0.000000, 0.000000, 0.000000, 1.000000
4.5549, 4.3873, 4.1494, 196.3078, 265.3073, 4.6434, 252.9241, 103.9169, -2.2227, -8.1656, 0.549234, 0.809011, 0.209388, 0.004387, -0.832896, 0.550342, 0.058370, 0.004149, -0.068013, -0.206458, 0.976089, 0.196308, 0.000000, 0.000000, 0.000000, 1.000000, -0.067944, -0.206355, 0.976115, 0.265307, -0.549243, -0.809037, -0.209265, 0.004643, 0.832896, -0.550342, -0.058370, 0.252924, 0.000000, 0.000000, 0.000000, 1.000000, 0.004922, -0.027867, -0.999600, 0.103917, -0.999004, 0.044190, -0.006151, -0.002223, 0.044344, 0.998634, -0.027621, -0.008166, 0.000000, 0.000000, 0.000000, 1.000000
5.0181, 3.8645, 5.0257, 196.4399, 265.4393, 5.1654, 252.0477, 103.8402, -2.2737, -8.1663, 0.543508, 0.813959, 0.205110, 0.003864, -0.837060, 0.543810, 0.060013, 0.005026, -0.062692, -0.204307, 0.976897, 0.196440, 0.000000, 0.000000, 0.000000, 1.000000, -0.062626, -0.204207, 0.976923, 0.265439, -0.543515, -0.813984, -0.204990, 0.005165, 0.837060, -0.543810, -0.060013, 0.252048, 0.000000, 0.000000, 0.000000, 1.000000, 0.001398, -0.030576, -0.999531, 0.103840, -0.999017, 0.044241, -0.002750, -0.002274, 0.044305, 0.998553, -0.030484, -0.008166, 0.000000, 0.000000, 0.000000, 1.000000
5.8063, 3.2134, 6.0829, 196.5501, 265.5494, 5.8147, 250.9906, 103.7998, -2.8615, -8.1720, 0.536245, 0.818757, 0.205129, 0.003213, -0.841913, 0.536177, 0.060805, 0.006083, -0.060200, -0.205307, 0.976844, 0.196550, 0.000000, 0.000000, 0.000000, 1.000000, -0.060139, -0.205213, 0.976868, 0.265549, -0.536252, -0.818781, -0.205016, 0.005815, 0.841913, -0.536177, -0.060805, 0.250991, 0.000000, 0.000000, 0.000000, 1.000000, 0.001026, -0.030105, -0.999546, 0.103800, -0.998799, 0.048927, -0.002498, -0.002861, 0.048980, 0.998349, -0.030019, -0.008172, 0.000000, 0.000000, 0.000000, 1.000000
6.2125, 2.5821, 7.1237, 196.6912, 265.6904, 6.4450, 249.9497, 103.7264, -2.5843, -8.2060, 0.528306, 0.825032, 0.200538, 0.002582, -0.847195, 0.527857, 0.060234, 0.007124, -0.056160, -0.201717, 0.977832, 0.196691, 0.000000, 0.000000, 0.000000, 1.000000, -0.056102, -0.201625, 0.977855, 0.265690, -0.528312, -0.825054, -0.200430, 0.006445, 0.847195, -0.527857, -0.060234, 0.249950, 0.000000, 0.000000, 0.000000, 1.000000, -0.000662, -0.034375, -0.999409, 0.103726, -0.998948, 0.045853, -0.000915, -0.002584, 0.045857, 0.998357, -0.034370, -0.008206, 0.000000, 0.000000, 0.000000, 1.000000
6.5490, 1.9527, 8.1421, 196.7015, 265.7007, 7.0744, 248.9313, 103.7814, -2.1711, -8.2324, 0.521466, 0.828644, 0.203527, 0.001953, -0.851686, 0.520009, 0.064969, 0.008142, -0.052000, -0.207221, 0.976911, 0.196701, 0.000000, 0.000000, 0.000000, 1.000000, -0.051942, -0.207128, 0.976934, 0.265701, -0.521471, -0.828667, -0.203419, 0.007074, 0.851686, -0.520009, -0.064969, 0.248931, 0.000000, 0.000000, 0.000000, 1.000000, -0.002783, -0.029253, -0.999568, 0.103781, -0.999080, 0.042863, 0.001527, -0.002171, 0.042800, 0.998653, -0.029345, -0.008232, 0.000000, 0.000000, 0.000000, 1.000000
6.9757, 1.5838, 8.6523, 196.4673, 265.4665, 7.4423, 248.4212, 104.0532, -2.5498, -8.2265, 0.516763, 0.830043, 0.209723, 0.001584, -0.854292, 0.515979, 0.062854, 0.008652, -0.056041, -0.211646, 0.975738, 0.196467, 0.000000, 0.000000, 0.000000, 1.000000, -0.055985, -0.211556, 0.975761, 0.265466, -0.516769, -0.830066, -0.209618, 0.007442, 0.854292, -0.515979, -0.062854, 0.248421, 0.000000, 0.000000, 0.000000, 1.000000, 0.002420, -0.024963, -0.999685, 0.104053, -0.998939, 0.045906, -0.003565, -0.002550, 0.045981, 0.998634, -0.024825, -0.008227, 0.000000, 0.000000, 0.000000, 1.000000
7.4843, 1.1577, 9.3717, 196.5865, 265.5856, 7.8675, 247.7017, 103.9790, -2.8934, -8.2534, 0.511595, 0.833533, 0.208552, 0.001158, -0.857552, 0.510475, 0.063398, 0.009372, -0.053616, -0.211279, 0.975954, 0.196586, 0.000000, 0.000000, 0.000000, 1.000000, -0.053563, -0.211192, 0.975976, 0.265586, -0.511600, -0.833555, -0.208451, 0.007867, 0.857552, -0.510475, -0.063398, 0.247702, 0.000000, 0.000000, 0.000000, 1.000000, 0.001507, -0.025687, -0.999669, 0.103979, -0.998829, 0.048292, -0.002747, -0.002893, 0.048346, 0.998503, -0.025584, -0.008253, 0.000000, 0.000000, 0.000000, 1.000000
7.9835, 0.5534, 10.4334, 196.6313, 265.6305, 8.4699, 246.6400, 103.9909, -2.8334, -8.2622, 0.503995, 0.838824, 0.205822, 0.000553, -0.862220, 0.502606, 0.062953, 0.010433, -0.050641, -0.209192, 0.976562, 0.196631, 0.000000, 0.000000, 0.000000, 1.000000, -0.050593, -0.209112, 0.976582, 0.265630, -0.504000, -0.838844, -0.205729, 0.008470, 0.862220, -0.502606, -0.062953, 0.246640, 0.000000, 0.000000, 0.000000, 1.000000, 0.000729, -0.028306, -0.999599, 0.103991, -0.998862, 0.047652, -0.002078, -0.002833, 0.047691, 0.998463, -0.028239, -0.008262, 0.000000, 0.000000, 0.000000, 1.000000
8.4700, -0.1606, 11.6304, 196.6174, 265.6165, 9.1839, 245.4431, 104.0749, -2.5753, -8.3035, 0.495027, 0.843745, 0.207465, -0.000161, -0.867536, 0.493231, 0.064069, 0.011630, -0.048271, -0.211699, 0.976142, 0.196617, 0.000000, 0.000000, 0.000000, 1.000000, -0.048223, -0.211618, 0.976162, 0.265616, -0.495032, -0.843766, -0.207372, 0.009184, 0.867536, -0.493231, -0.064069, 0.245443, 0.000000, 0.000000, 0.000000, 1.000000, 0.000897, -0.026271, -0.999654, 0.104075, -0.998964, 0.045455, -0.002091, -0.002575, 0.045494, 0.998621, -0.026203, -0.008303, 0.000000, 0.000000, 0.000000, 1.000000
8.8047, -0.6742, 12.5735, 196.6906, 265.6897, 9.6966, 244.4999, 104.0478, -2.2789, -8.3250, 0.488251, 0.848049, 0.205968, -0.000674, -0.871509, 0.486151, 0.064261, 0.012574, -0.045635, -0.210879, 0.976446, 0.196691, 0.000000, 0.000000, 0.000000, 1.000000, -0.045590, -0.210801, 0.976465, 0.265690, -0.488255, -0.848069, -0.205879, 0.009697, 0.871509, -0.486151, -0.064261, 0.244500, 0.000000, 0.000000, 0.000000, 1.000000, 0.000203, -0.027499, -0.999622, 0.104048, -0.999072, 0.043060, -0.001388, -0.002279, 0.043082, 0.998694, -0.027465, -0.008325, 0.000000, 0.000000, 0.000000, 1.000000
9.2760, -0.9835, 13.1207, 196.7108, 265.7099, 10.0050, 243.9528, 104.0563, -2.7480, -8.3335, 0.483953, 0.850117, 0.207585, -0.000983, -0.873765, 0.482495, 0.061101, 0.013121, -0.048216, -0.210950, 0.976307, 0.196711, 0.000000, 0.000000, 0.000000, 1.000000, -0.048173, -0.210875, 0.976325, 0.265710, -0.483957, -0.850135, -0.207499, 0.010005, 0.873765, -0.482495, -0.061101, 0.243953, 0.000000, 0.000000, 0.000000, 1.000000, 0.003869, -0.027616, -0.999611, 0.104056, -0.998878, 0.047080, -0.005167, -0.002748, 0.047205, 0.998509, -0.027403, -0.008333, 0.000000, 0.000000, 0.000000, 1.000000
9.5219, -1.4144, 14.0861, 197.0849, 266.0841, 10.4350, 242.9873, 103.7167, -2.2526, -8.3634, 0.477889, 0.856402, 0.195443, -0.001414, -0.877436, 0.475918, 0.060067, 0.014086, -0.041574, -0.200194, 0.978874, 0.197085, 0.000000, 0.000000, 0.000000, 1.000000, -0.041533, -0.200122, 0.978890, 0.266084, -0.477892, -0.856419, -0.195361, 0.010435, 0.877436, -0.475918, -0.060067, 0.242987, 0.000000, 0.000000, 0.000000, 1.000000, -0.000899, -0.038977, -0.999240, 0.103717, -0.999073, 0.043040, -0.000780, -0.002253, 0.043038, 0.998313, -0.038980, -0.008363, 0.000000, 0.000000, 0.000000, 1.000000
