# Joint_A_Angle(deg), Cam_X(mm), Cam_Y(mm), Cam_Z(mm), Torso_X(mm), Torso_Y(mm), Torso_Z(mm), EE_X(mm), EE_Y(mm), EE_Z(mm), T_cam2marker_flat(16), T_torso2marker_flat(16), T_ee2marker_flat(16)
-19.8435, 47.7243, -17.8555, 195.2666, 264.2666, -38.7243, 274.9290, -23.8464, -36.1024, -41.8002, 0.717505, 0.691675, -0.082293, 0.047724, -0.640687, 0.701695, 0.311680, -0.017856, 0.273326, -0.170908, 0.946617, 0.195267, 0.000000, 0.000000, 0.000000, 1.000000, 0.273326, -0.170908, 0.946617, 0.264267, -0.717505, -0.691675, 0.082293, -0.038724, 0.640687, -0.701695, -0.311680, 0.274929, 0.000000, 0.000000, 0.000000, 1.000000, -0.982721, 0.182429, 0.031301, -0.023846, 0.024460, -0.039634, 0.998915, -0.036102, 0.183471, 0.982420, 0.034487, -0.041800, 0.000000, 0.000000, 0.000000, 1.000000
-19.5161, 47.6835, -17.8243, 195.2640, 264.2640, -38.6835, 274.8978, -24.0041, -35.9561, -41.8148, 0.717748, 0.691635, -0.080488, 0.047683, -0.641148, 0.701553, 0.311051, -0.017824, 0.271600, -0.171652, 0.946979, 0.195264, 0.000000, 0.000000, 0.000000, 1.000000, 0.271600, -0.171652, 0.946979, 0.264264, -0.717748, -0.691635, 0.080488, -0.038683, 0.641148, -0.701553, -0.311051, 0.274898, 0.000000, 0.000000, 0.000000, 1.000000, -0.982604, 0.182310, 0.035386, -0.024004, 0.028281, -0.041425, 0.998741, -0.035956, 0.183546, 0.982368, 0.035548, -0.041815, 0.000000, 0.000000, 0.000000, 1.000000
-19.2254, 47.5403, -17.6451, 195.1243, 264.1243, -38.5403, 274.7185, -23.9287, -35.9093, -41.8142, 0.718701, 0.691258, -0.075044, 0.047540, -0.643824, 0.702348, 0.303642, -0.017645, 0.262602, -0.169912, 0.949826, 0.195124, 0.000000, 0.000000, 0.000000, 1.000000, 0.262602, -0.169912, 0.949826, 0.264124, -0.718701, -0.691258, 0.075044, -0.038540, 0.643824, -0.702348, -0.303642, 0.274719, 0.000000, 0.000000, 0.000000, 1.000000, -0.982726, 0.182477, 0.030843, -0.023929, 0.023842, -0.040438, 0.998898, -0.035909, 0.183523, 0.982378, 0.035389, -0.041814, 0.000000, 0.000000, 0.000000, 1.000000
-18.9218, 47.3807, -17.4741, 194.9485, 263.9485, -38.3807, 274.5476, -23.8490, -35.8945, -41.8286, 0.718680, 0.691595, -0.072080, 0.047381, -0.645703, 0.702244, 0.299869, -0.017474, 0.258005, -0.168968, 0.951253, 0.194948, 0.000000, 0.000000, 0.000000, 1.000000, 0.258005, -0.168968, 0.951253, 0.263948, -0.718680, -0.691595, 0.072080, -0.038381, 0.645703, -0.702244, -0.299869, 0.274548, 0.000000, 0.000000, 0.000000, 1.000000, -0.982853, 0.181743, 0.031134, -0.023849, 0.024144, -0.040549, 0.998886, -0.035895, 0.182803, 0.982510, 0.035466, -0.041829, 0.000000, 0.000000, 0.000000, 1.000000
-18.6280, 47.2180, -17.3375, 194.7272, 263.7272, -38.2180, 274.4110, -23.7762, -35.9385, -41.8617, 0.718833, 0.691563, -0.070846, 0.047218, -0.646659, 0.702583, 0.297001, -0.017338, 0.255170, -0.167681, 0.952245, 0.194727, 0.000000, 0.000000, 0.000000, 1.000000, 0.255170, -0.167681, 0.952245, 0.263727, -0.718833, -0.691563, 0.070846, -0.038218, 0.646659, -0.702583, -0.297001, 0.274411, 0.000000, 0.000000, 0.000000, 1.000000, -0.982837, 0.181493, 0.033048, -0.023776, 0.026173, -0.040147, 0.998851, -0.035938, 0.182611, 0.982572, 0.034707, -0.041862, 0.000000, 0.000000, 0.000000, 1.000000
-18.3535, 47.0826, -17.1141, 194.6501, 263.6501, -38.0826, 274.1876, -23.6775, -35.8327, -41.8344, 0.720055, 0.690902, -0.064619, 0.047083, -0.648324, 0.703019, 0.292302, -0.017114, 0.247380, -0.168579, 0.954140, 0.194650, 0.000000, 0.000000, 0.000000, 1.000000, 0.247380, -0.168579, 0.954140, 0.263650, -0.720055, -0.690902, 0.064619, -0.038083, 0.648324, -0.703019, -0.292302, 0.274188, 0.000000, 0.000000, 0.000000, 1.000000, -0.982793, 0.182242, 0.030103, -0.023677, 0.022858, -0.041725, 0.998868, -0.035833, 0.183292, 0.982368, 0.036841, -0.041834, 0.000000, 0.000000, 0.000000, 1.000000
-18.0479, 46.9223, -16.9495, 194.4655, 263.4655, -37.9223, 274.0230, -23.6027, -35.8325, -41.8524, 0.719983, 0.691215, -0.062016, 0.046922, -0.649833, 0.702841, 0.289366, -0.016950, 0.243601, -0.168039, 0.955208, 0.194466, 0.000000, 0.000000, 0.000000, 1.000000, 0.243601, -0.168039, 0.955208, 0.263466, -0.719983, -0.691215, 0.062016, -0.037922, 0.649833, -0.702841, -0.289366, 0.274023, 0.000000, 0.000000, 0.000000, 1.000000, -0.982878, 0.181566, 0.031377, -0.023603, 0.024083, -0.042240, 0.998817, -0.035833, 0.182676, 0.982471, 0.037144, -0.041852, 0.000000, 0.000000, 0.000000, 1.000000
-17.7251, 46.7245, -16.7991, 194.1840, 263.1840, -37.7245, 273.8725, -23.5065, -35.9212, -41.9007, 0.719887, 0.691451, -0.060491, 0.046724, -0.651688, 0.703330, 0.283955, -0.016799, 0.238886, -0.164994, 0.956928, 0.194184, 0.000000, 0.000000, 0.000000, 1.000000, 0.238886, -0.164994, 0.956928, 0.263184, -0.719887, -0.691451, 0.060491, -0.037724, 0.651688, -0.703330, -0.283955, 0.273873, 0.000000, 0.000000, 0.000000, 1.000000, -0.983005, 0.180852, 0.031529, -0.023506, 0.024640, -0.040218, 0.998887, -0.035921, 0.181919, 0.982688, 0.035078, -0.041901, 0.000000, 0.000000, 0.000000, 1.000000
-17.4140, 46.5052, -16.5909, 193.8842, 262.8842, -37.5052, 273.6644, -23.3417, -36.0204, -41.9312, 0.720006, 0.691518, -0.058253, 0.046505, -0.652839, 0.703412, 0.281090, -0.016591, 0.235355, -0.164357, 0.957912, 0.193884, 0.000000, 0.000000, 0.000000, 1.000000, 0.235355, -0.164357, 0.957912, 0.262884, -0.720006, -0.691518, 0.058253, -0.037505, 0.652839, -0.703412, -0.281090, 0.273664, 0.000000, 0.000000, 0.000000, 1.000000, -0.983014, 0.180510, 0.033174, -0.023342, 0.026260, -0.040563, 0.998832, -0.036020, 0.181645, 0.982736, 0.035134, -0.041931, 0.000000, 0.000000, 0.000000, 1.000000
-17.0919, 46.3590, -16.4245, 193.7534, 262.7535, -37.3590, 273.4980, -23.2993, -35.9679, -41.9413, 0.720506, 0.691355, -0.053851, 0.046359, -0.654289, 0.703492, 0.277498, -0.016425, 0.229733, -0.164705, 0.959216, 0.193753, 0.000000, 0.000000, 0.000000, 1.000000, 0.229733, -0.164705, 0.959216, 0.262753, -0.720506, -0.691355, 0.053851, -0.037359, 0.654289, -0.703492, -0.277498, 0.273498, 0.000000, 0.000000, 0.000000, 1.000000, -0.983014, 0.180515, 0.033121, -0.023299, 0.025961, -0.041886, 0.998785, -0.035968, 0.181683, 0.982680, 0.036488, -0.041941, 0.000000, 0.000000, 0.000000, 1.000000
-16.7752, 46.1683, -16.2252, 193.5877, 262.5877, -37.1683, 273.2987, -23.1949, -35.9427, -41.9652, 0.720921, 0.691239, -0.049623, 0.046168, -0.655828, 0.703624, 0.273499, -0.016225, 0.223969, -0.164627, 0.960591, 0.193588, 0.000000, 0.000000, 0.000000, 1.000000, 0.223969, -0.164627, 0.960591, 0.262588, -0.720921, -0.691239, 0.049623, -0.037168, 0.655828, -0.703624, -0.273499, 0.273299, 0.000000, 0.000000, 0.000000, 1.000000, -0.983041, 0.180435, 0.032758, -0.023195, 0.025431, -0.042773, 0.998761, -0.035943, 0.181612, 0.982657, 0.037459, -0.041965, 0.000000, 0.000000, 0.000000, 1.000000
-16.4933, 45.9633, -16.0189, 193.3073, 262.3073, -36.9633, 273.0924, -23.0299, -36.0435, -41.9868, 0.721156, 0.691182, -0.046913, 0.045963, -0.657742, 0.704380, 0.266877, -0.016019, 0.217505, -0.161604, 0.962588, 0.193307, 0.000000, 0.000000, 0.000000, 1.000000, 0.217505, -0.161604, 0.962588, 0.262307, -0.721156, -0.691182, 0.046913, -0.036963, 0.657742, -0.704380, -0.266877, 0.273092, 0.000000, 0.000000, 0.000000, 1.000000, -0.983158, 0.180200, 0.030473, -0.023030, 0.023530, -0.040544, 0.998901, -0.036044, 0.181238, 0.982794, 0.035621, -0.041987, 0.000000, 0.000000, 0.000000, 1.000000
-16.2090, 45.7852, -15.8713, 193.1485, 262.1485, -36.7852, 272.9448, -22.9548, -36.0418, -42.0313, 0.721214, 0.691365, -0.043177, 0.045785, -0.659289, 0.704208, 0.263492, -0.015871, 0.212575, -0.161568, 0.963695, 0.193149, 0.000000, 0.000000, 0.000000, 1.000000, 0.212575, -0.161568, 0.963695, 0.262149, -0.721214, -0.691365, 0.043177, -0.036785, 0.659289, -0.704208, -0.263492, 0.272945, 0.000000, 0.000000, 0.000000, 1.000000, -0.983245, 0.179748, 0.030344, -0.022955, 0.023249, -0.041448, 0.998870, -0.036042, 0.180803, 0.982839, 0.036575, -0.042031, 0.000000, 0.000000, 0.000000, 1.000000
-15.9146, 45.6813, -15.7065, 193.1478, 262.1478, -36.6813, 272.7800, -22.9500, -35.8830, -42.0191, 0.721969, 0.690818, -0.039140, 0.045681, -0.660198, 0.704694, 0.259895, -0.015707, 0.207122, -0.161796, 0.964843, 0.193148, 0.000000, 0.000000, 0.000000, 1.000000, 0.207122, -0.161796, 0.964843, 0.262148, -0.721969, -0.690818, 0.039140, -0.036681, 0.660198, -0.704694, -0.259895, 0.272780, 0.000000, 0.000000, 0.000000, 1.000000, -0.983156, 0.180280, 0.030070, -0.022950, 0.022763, -0.042463, 0.998839, -0.035883, 0.181348, 0.982698, 0.037644, -0.042019, 0.000000, 0.000000, 0.000000, 1.000000
-15.6256, 45.4932, -15.5314, 192.8363, 261.8363, -36.4932, 272.6048, -22.8203, -36.0252, -42.0427, 0.722068, 0.690762, -0.038301, 0.045493, -0.660729, 0.704968, 0.257795, -0.015531, 0.205076, -0.160839, 0.965440, 0.192836, 0.000000, 0.000000, 0.000000, 1.000000, 0.205076, -0.160839, 0.965440, 0.261836, -0.722068, -0.690762, 0.038301, -0.036493, 0.660729, -0.704968, -0.257795, 0.272605, 0.000000, 0.000000, 0.000000, 1.000000, -0.983096, 0.180122, 0.032832, -0.022820, 0.025592, -0.042374, 0.998774, -0.036025, 0.181292, 0.982731, 0.037048, -0.042043, 0.000000, 0.000000, 0.000000, 1.000000
-15.3294, 45.3409, -15.3903, 192.7044, 261.7044, -36.3409, 272.4637, -22.7806, -35.9994, -42.0723, 0.721985, 0.690985, -0.035750, 0.045341, -0.662045, 0.704916, 0.254540, -0.015390, 0.201084, -0.160106, 0.966401, 0.192704, 0.000000, 0.000000, 0.000000, 1.000000, 0.201084, -0.160106, 0.966401, 0.261704, -0.721985, -0.690985, 0.035750, -0.036341, 0.662045, -0.704916, -0.254540, 0.272464, 0.000000, 0.000000, 0.000000, 1.000000, -0.983163, 0.179586, 0.033760, -0.022781, 0.026512, -0.042610, 0.998740, -0.035999, 0.180799, 0.982819, 0.037131, -0.042072, 0.000000, 0.000000, 0.000000, 1.000000
-15.0684, 45.1418, -15.1771, 192.4981, 261.4981, -36.1418, 272.2506, -22.6204, -36.0453, -42.0915, 0.722147, 0.691062, -0.030602, 0.045142, -0.663987, 0.704902, 0.249468, -0.015177, 0.193970, -0.159833, 0.967899, 0.192498, 0.000000, 0.000000, 0.000000, 1.000000, 0.193970, -0.159833, 0.967899, 0.261498, -0.722147, -0.691062, 0.030602, -0.036142, 0.663987, -0.704902, -0.249468, 0.272251, 0.000000, 0.000000, 0.000000, 1.000000, -0.983309, 0.179283, 0.031005, -0.022620, 0.023622, -0.043166, 0.998789, -0.036045, 0.180404, 0.982850, 0.038210, -0.042092, 0.000000, 0.000000, 0.000000, 1.000000
-14.8006, 44.9729, -15.0000, 192.3127, 261.3127, -35.9729, 272.0735, -22.5154, -36.0787, -42.1091, 0.721946, 0.691356, -0.028672, 0.044973, -0.665139, 0.704799, 0.246673, -0.015000, 0.190747, -0.159014, 0.968674, 0.192313, 0.000000, 0.000000, 0.000000, 1.000000, 0.190747, -0.159014, 0.968674, 0.261313, -0.721946, -0.691356, 0.028672, -0.035973, 0.665139, -0.704799, -0.246673, 0.272073, 0.000000, 0.000000, 0.000000, 1.000000, -0.983382, 0.178675, 0.032186, -0.022515, 0.024834, -0.043232, 0.998756, -0.036079, 0.179844, 0.982958, 0.038076, -0.042109, 0.000000, 0.000000, 0.000000, 1.000000
-14.5488, 44.8510, -14.8207, 192.3164, 261.3164, -35.8510, 271.8942, -22.4622, -35.9356, -42.1035, 0.722533, 0.690910, -0.024295, 0.044851, -0.666308, 0.705314, 0.242005, -0.014821, 0.184339, -0.158668, 0.969971, 0.192316, 0.000000, 0.000000, 0.000000, 1.000000, 0.184339, -0.158668, 0.969971, 0.261316, -0.722533, -0.690910, 0.024295, -0.035851, 0.666308, -0.705314, -0.242005, 0.271894, 0.000000, 0.000000, 0.000000, 1.000000, -0.983372, 0.179088, 0.030110, -0.022462, 0.022648, -0.043564, 0.998794, -0.035936, 0.180183, 0.982868, 0.038784, -0.042103, 0.000000, 0.000000, 0.000000, 1.000000
-14.2800, 44.7380, -14.7188, 192.1267, 261.1267, -35.7380, 271.7922, -22.4496, -35.9927, -42.1193, 0.722348, 0.691148, -0.022974, 0.044738, -0.666967, 0.705082, 0.240864, -0.014719, 0.182672, -0.158665, 0.970287, 0.192127, 0.000000, 0.000000, 0.000000, 1.000000, 0.182672, -0.158665, 0.970287, 0.261127, -0.722348, -0.691148, 0.022974, -0.035738, 0.666967, -0.705082, -0.240864, 0.271792, 0.000000, 0.000000, 0.000000, 1.000000, -0.983374, 0.178558, 0.033047, -0.022450, 0.025490, -0.044450, 0.998686, -0.035993, 0.179792, 0.982925, 0.039159, -0.042119, 0.000000, 0.000000, 0.000000, 1.000000
-14.0234, 44.5678, -14.5521, 191.9088, 260.9088, -35.5678, 271.6255, -22.3420, -36.0684, -42.1412, 0.722461, 0.691096, -0.020880, 0.044568, -0.668116, 0.705574, 0.236192, -0.014552, 0.177964, -0.156689, 0.971482, 0.191909, 0.000000, 0.000000, 0.000000, 1.000000, 0.177964, -0.156689, 0.971482, 0.260909, -0.722461, -0.691096, 0.020880, -0.035568, 0.668116, -0.705574, -0.236192, 0.271626, 0.000000, 0.000000, 0.000000, 1.000000, -0.983418, 0.178437, 0.032405, -0.022342, 0.025068, -0.043218, 0.998751, -0.036068, 0.179615, 0.983002, 0.038028, -0.042141, 0.000000, 0.000000, 0.000000, 1.000000
-13.7461, 44.4493, -14.3859, 191.8541, 260.8541, -35.4493, 271.4594, -22.3057, -35.9795, -42.1355, 0.722840, 0.690814, -0.016665, 0.044449, -0.669126, 0.705762, 0.232745, -0.014386, 0.172545, -0.157087, 0.972395, 0.191854, 0.000000, 0.000000, 0.000000, 1.000000, 0.172545, -0.157087, 0.972395, 0.260854, -0.722840, -0.690814, 0.016665, -0.035449, 0.669126, -0.705762, -0.232745, 0.271459, 0.000000, 0.000000, 0.000000, 1.000000, -0.983404, 0.178607, 0.031871, -0.022306, 0.024299, -0.044427, 0.998717, -0.035980, 0.179794, 0.982917, 0.039350, -0.042135, 0.000000, 0.000000, 0.000000, 1.000000
-13.4862, 44.2652, -14.2148, 191.6725, 260.6725, -35.2652, 271.2883, -22.1954, -36.0205, -42.1692, 0.722577, 0.691157, -0.013604, 0.044265, -0.670455, 0.705458, 0.229825, -0.014215, 0.168442, -0.156946, 0.973137, 0.191673, 0.000000, 0.000000, 0.000000, 1.000000, 0.168442, -0.156946, 0.973137, 0.260673, -0.722577, -0.691157, 0.013604, -0.035265, 0.670455, -0.705458, -0.229825, 0.271288, 0.000000, 0.000000, 0.000000, 1.000000, -0.983516, 0.177938, 0.032168, -0.022195, 0.024493, -0.045162, 0.998679, -0.036021, 0.179156, 0.983005, 0.040059, -0.042169, 0.000000, 0.000000, 0.000000, 1.000000
-13.2203, 44.0728, -14.0494, 191.4629, 260.4629, -35.0728, 271.1229, -22.0845, -36.0896, -42.2105, 0.722354, 0.691406, -0.012743, 0.044073, -0.671417, 0.705644, 0.226420, -0.014049, 0.165540, -0.154999, 0.973946, 0.191463, 0.000000, 0.000000, 0.000000, 1.000000, 0.165540, -0.154999, 0.973946, 0.260463, -0.722354, -0.691406, 0.012743, -0.035073, 0.671417, -0.705644, -0.226420, 0.271123, 0.000000, 0.000000, 0.000000, 1.000000, -0.983566, 0.177421, 0.033459, -0.022085, 0.026029, -0.044044, 0.998690, -0.036090, 0.178663, 0.983149, 0.038702, -0.042211, 0.000000, 0.000000, 0.000000, 1.000000
-12.9428, 43.9639, -13.8860, 191.3133, 260.3133, -34.9639, 270.9595, -22.0424, -36.0988, -42.1906, 0.722482, 0.691313, -0.010285, 0.043964, -0.672691, 0.706300, 0.220515, -0.013886, 0.159709, -0.152400, 0.975329, 0.191313, 0.000000, 0.000000, 0.000000, 1.000000, 0.159709, -0.152400, 0.975329, 0.260313, -0.722482, -0.691313, 0.010285, -0.034964, 0.672691, -0.706300, -0.220515, 0.270959, 0.000000, 0.000000, 0.000000, 1.000000, -0.983623, 0.177384, 0.031949, -0.022042, 0.024827, -0.042227, 0.998800, -0.036099, 0.178520, 0.983235, 0.037131, -0.042191, 0.000000, 0.000000, 0.000000, 1.000000
-12.6899, 43.8179, -13.7085, 191.3228, 260.3228, -34.8179, 270.7819, -21.9770, -35.9581, -42.2060, 0.723119, 0.690717, -0.003023, 0.043818, -0.673496, 0.706048, 0.218858, -0.013708, 0.153303, -0.156224, 0.975752, 0.191323, 0.000000, 0.000000, 0.000000, 1.000000, 0.153303, -0.156224, 0.975752, 0.260323, -0.723119, -0.690717, 0.003023, -0.034818, 0.673496, -0.706048, -0.218858, 0.270782, 0.000000, 0.000000, 0.000000, 1.000000, -0.983566, 0.177914, 0.030735, -0.021977, 0.022738, -0.046814, 0.998645, -0.035958, 0.179111, 0.982932, 0.041999, -0.042206, 0.000000, 0.000000, 0.000000, 1.000000
-12.3849, 43.6197, -13.5354, 191.0556, 260.0557, -34.6197, 270.6088, -21.8744, -36.0729, -42.2425, 0.722743, 0.691104, -0.004183, 0.043620, -0.673871, 0.706039, 0.217729, -0.013535, 0.153427, -0.154543, 0.976000, 0.191056, 0.000000, 0.000000, 0.000000, 1.000000, 0.153427, -0.154543, 0.976000, 0.260056, -0.722743, -0.691104, 0.004183, -0.034620, 0.673871, -0.706039, -0.217729, 0.270609, 0.000000, 0.000000, 0.000000, 1.000000, -0.983527, 0.177187, 0.035769, -0.021874, 0.028009, -0.046105, 0.998544, -0.036073, 0.178578, 0.983097, 0.040382, -0.042243, 0.000000, 0.000000, 0.000000, 1.000000
-12.1217, 43.4329, -13.3209, 190.8627, 259.8627, -34.4329, 270.3944, -21.7329, -36.1249, -42.2522, 0.722889, 0.690965, 0.000043, 0.043433, -0.675569, 0.706768, 0.209964, -0.013321, 0.145047, -0.151810, 0.977709, 0.190863, 0.000000, 0.000000, 0.000000, 1.000000, 0.145047, -0.151810, 0.977709, 0.259863, -0.722889, -0.690965, -0.000043, -0.034433, 0.675569, -0.706768, -0.209964, 0.270394, 0.000000, 0.000000, 0.000000, 1.000000, -0.983662, 0.177256, 0.031463, -0.021733, 0.023998, -0.044104, 0.998739, -0.036125, 0.178420, 0.983176, 0.039129, -0.042252, 0.000000, 0.000000, 0.000000, 1.000000
-11.8657, 43.3154, -13.1500, 190.8692, 259.8692, -34.3154, 270.2234, -21.6887, -35.9932, -42.2481, 0.723215, 0.690593, 0.006433, 0.043315, -0.676858, 0.706918, 0.205258, -0.013150, 0.137202, -0.152800, 0.978687, 0.190869, 0.000000, 0.000000, 0.000000, 1.000000, 0.137202, -0.152800, 0.978687, 0.259869, -0.723215, -0.690593, -0.006433, -0.034315, 0.676858, -0.706918, -0.205258, 0.270223, 0.000000, 0.000000, 0.000000, 1.000000, -0.983710, 0.177529, 0.028257, -0.021689, 0.020416, -0.045841, 0.998740, -0.035993, 0.178601, 0.983047, 0.041470, -0.042248, 0.000000, 0.000000, 0.000000, 1.000000
-11.6161, 43.1273, -12.9874, 190.6171, 259.6171, -34.1273, 270.0609, -21.5731, -36.1200, -42.2841, 0.722934, 0.690875, 0.007680, 0.043127, -0.677695, 0.706891, 0.202568, -0.012987, 0.134520, -0.151648, 0.979238, 0.190617, 0.000000, 0.000000, 0.000000, 1.000000, 0.134520, -0.151648, 0.979238, 0.259617, -0.722934, -0.690875, -0.007680, -0.034127, 0.677695, -0.706891, -0.202568, 0.270061, 0.000000, 0.000000, 0.000000, 1.000000, -0.983765, 0.176990, 0.029687, -0.021573, 0.021955, -0.045488, 0.998724, -0.036120, 0.178114, 0.983161, 0.040863, -0.042284, 0.000000, 0.000000, 0.000000, 1.000000
-11.3491, 43.0212, -12.8673, 190.4369, 259.4369, -34.0212, 269.9407, -21.5597, -36.1789, -42.2844, 0.722383, 0.691473, 0.005253, 0.043021, -0.678447, 0.707264, 0.198713, -0.012867, 0.133689, -0.147111, 0.980044, 0.190437, 0.000000, 0.000000, 0.000000, 1.000000, 0.133689, -0.147111, 0.980044, 0.259437, -0.722383, -0.691473, -0.005253, -0.034021, 0.678447, -0.707264, -0.198713, 0.269941, 0.000000, 0.000000, 0.000000, 1.000000, -0.983824, 0.176152, 0.032573, -0.021560, 0.025590, -0.041770, 0.998799, -0.036179, 0.177301, 0.983476, 0.036587, -0.042284, 0.000000, 0.000000, 0.000000, 1.000000
-11.0656, 42.8426, -12.6998, 190.2957, 259.2957, -33.8426, 269.7732, -21.4823, -36.1863, -42.3192, 0.722461, 0.691334, 0.010322, 0.042843, -0.679365, 0.707020, 0.196434, -0.012700, 0.128504, -0.148928, 0.980463, 0.190296, 0.000000, 0.000000, 0.000000, 1.000000, 0.128504, -0.148928, 0.980463, 0.259296, -0.722461, -0.691334, -0.010322, -0.033843, 0.679365, -0.707020, -0.196434, 0.269773, 0.000000, 0.000000, 0.000000, 1.000000, -0.983839, 0.176049, 0.032659, -0.021482, 0.025193, -0.044474, 0.998693, -0.036186, 0.177272, 0.983376, 0.039320, -0.042319, 0.000000, 0.000000, 0.000000, 1.000000
-10.8163, 42.6456, -12.5377, 190.0441, 259.0440, -33.6456, 269.6111, -21.3644, -36.3185, -42.3626, 0.722301, 0.691466, 0.012458, 0.042646, -0.680054, 0.706875, 0.194560, -0.012538, 0.125725, -0.149003, 0.980812, 0.190044, 0.000000, 0.000000, 0.000000, 1.000000, 0.125725, -0.149003, 0.980812, 0.259044, -0.722301, -0.691466, -0.012458, -0.033646, 0.680054, -0.706875, -0.194560, 0.269611, 0.000000, 0.000000, 0.000000, 1.000000, -0.983855, 0.175670, 0.034200, -0.021364, 0.026619, -0.045333, 0.998617, -0.036318, 0.176977, 0.983405, 0.039925, -0.042363, 0.000000, 0.000000, 0.000000, 1.000000
-10.5447, 42.5645, -12.3478, 190.1041, 259.1041, -33.5645, 269.4213, -21.3435, -36.1308, -42.3226, 0.722922, 0.690704, 0.017642, 0.042564, -0.680635, 0.707528, 0.190105, -0.012348, 0.118824, -0.149439, 0.981605, 0.190104, 0.000000, 0.000000, 0.000000, 1.000000, 0.118824, -0.149439, 0.981605, 0.259104, -0.722922, -0.690704, -0.017642, -0.033564, 0.680635, -0.707528, -0.190105, 0.269421, 0.000000, 0.000000, 0.000000, 1.000000, -0.983778, 0.176472, 0.032234, -0.021344, 0.024377, -0.046509, 0.998620, -0.036131, 0.177728, 0.983206, 0.041453, -0.042323, 0.000000, 0.000000, 0.000000, 1.000000
-10.2658, 42.3649, -12.1641, 189.8804, 258.8804, -33.3649, 269.2376, -21.2308, -36.2241, -42.3579, 0.722310, 0.691318, 0.018638, 0.042365, -0.682131, 0.707756, 0.183793, -0.012164, 0.113868, -0.145469, 0.982788, 0.189880, 0.000000, 0.000000, 0.000000, 1.000000, 0.113868, -0.145469, 0.982788, 0.258880, -0.722310, -0.691318, -0.018638, -0.033365, 0.682131, -0.707756, -0.183793, 0.269238, 0.000000, 0.000000, 0.000000, 1.000000, -0.983956, 0.175641, 0.031330, -0.021231, 0.024055, -0.043401, 0.998768, -0.036224, 0.176784, 0.983497, 0.038480, -0.042358, 0.000000, 0.000000, 0.000000, 1.000000
-10.0024, 42.2104, -11.9978, 189.7849, 258.7849, -33.2104, 269.0712, -21.1625, -36.2005, -42.3777, 0.722361, 0.691161, 0.022143, 0.042210, -0.682636, 0.707604, 0.182496, -0.011998, 0.110465, -0.146943, 0.982957, 0.189785, 0.000000, 0.000000, 0.000000, 1.000000, 0.110465, -0.146943, 0.982957, 0.258785, -0.722361, -0.691161, -0.022143, -0.033210, 0.682636, -0.707604, -0.182496, 0.269071, 0.000000, 0.000000, 0.000000, 1.000000, -0.983922, 0.175562, 0.032786, -0.021163, 0.025125, -0.045688, 0.998640, -0.036200, 0.176821, 0.983408, 0.040542, -0.042378, 0.000000, 0.000000, 0.000000, 1.000000
-9.7585, 42.0434, -11.8283, 189.6401, 258.6401, -33.0434, 268.9017, -21.0684, -36.2333, -42.4016, 0.722057, 0.691352, 0.025820, 0.042043, -0.683722, 0.707395, 0.179212, -0.011828, 0.105634, -0.147055, 0.983472, 0.189640, 0.000000, 0.000000, 0.000000, 1.000000, 0.105634, -0.147055, 0.983472, 0.258640, -0.722057, -0.691352, -0.025820, -0.033043, 0.683722, -0.707395, -0.179212, 0.268902, 0.000000, 0.000000, 0.000000, 1.000000, -0.984025, 0.175096, 0.032203, -0.021068, 0.024393, -0.046572, 0.998617, -0.036233, 0.176353, 0.983449, 0.041557, -0.042402, 0.000000, 0.000000, 0.000000, 1.000000
-9.4667, 41.9002, -11.6275, 189.6509, 258.6509, -32.9002, 268.7010, -21.0074, -36.0922, -42.4013, 0.721653, 0.691576, 0.030663, 0.041900, -0.685414, 0.707607, 0.171756, -0.011628, 0.097085, -0.144965, 0.984662, 0.189651, 0.000000, 0.000000, 0.000000, 1.000000, 0.097085, -0.144965, 0.984662, 0.258651, -0.721653, -0.691576, -0.030663, -0.032900, 0.685414, -0.707607, -0.171756, 0.268701, 0.000000, 0.000000, 0.000000, 1.000000, -0.984214, 0.174701, 0.028317, -0.021007, 0.020684, -0.045356, 0.998757, -0.036092, 0.175769, 0.983576, 0.041027, -0.042401, 0.000000, 0.000000, 0.000000, 1.000000
-9.1986, 41.6813, -11.3891, 189.4180, 258.4180, -32.6813, 268.4626, -20.8355, -36.1991, -42.4196, 0.721883, 0.691171, 0.034163, 0.041681, -0.685803, 0.707931, 0.168844, -0.011389, 0.092515, -0.145315, 0.985050, 0.189418, 0.000000, 0.000000, 0.000000, 1.000000, 0.092515, -0.145315, 0.985050, 0.258418, -0.721883, -0.691171, -0.034163, -0.032681, 0.685803, -0.707931, -0.168844, 0.268463, 0.000000, 0.000000, 0.000000, 1.000000, -0.984151, 0.175016, 0.028570, -0.020836, 0.020725, -0.046490, 0.998704, -0.036199, 0.176118, 0.983467, 0.042126, -0.042420, 0.000000, 0.000000, 0.000000, 1.000000
-8.9400, 41.4992, -11.2376, 189.2160, 258.2160, -32.4992, 268.3110, -20.7530, -36.2909, -42.4613, 0.721344, 0.691725, 0.034334, 0.041499, -0.686486, 0.707560, 0.167620, -0.011238, 0.091654, -0.144482, 0.985254, 0.189216, 0.000000, 0.000000, 0.000000, 1.000000, 0.091654, -0.144482, 0.985254, 0.258216, -0.721344, -0.691725, -0.034334, -0.032499, 0.686486, -0.707560, -0.167620, 0.268311, 0.000000, 0.000000, 0.000000, 1.000000, -0.984207, 0.174110, 0.031983, -0.020753, 0.024228, -0.046487, 0.998625, -0.036291, 0.175357, 0.983628, 0.041534, -0.042461, 0.000000, 0.000000, 0.000000, 1.000000
-8.6807, 41.4058, -11.0950, 189.1123, 258.1123, -32.4058, 268.1684, -20.7386, -36.2857, -42.4448, 0.721364, 0.691581, 0.036726, 0.041406, -0.687325, 0.708404, 0.160461, -0.011095, 0.084955, -0.140993, 0.986359, 0.189112, 0.000000, 0.000000, 0.000000, 1.000000, 0.084955, -0.140993, 0.986359, 0.258112, -0.721364, -0.691581, -0.036726, -0.032406, 0.687325, -0.708404, -0.160461, 0.268168, 0.000000, 0.000000, 0.000000, 1.000000, -0.984244, 0.174385, 0.029230, -0.020739, 0.021917, -0.043713, 0.998804, -0.036286, 0.175454, 0.983707, 0.039202, -0.042445, 0.000000, 0.000000, 0.000000, 1.000000
-8.3878, 41.3048, -10.9322, 189.1964, 258.1964, -32.3048, 268.0056, -20.7401, -36.0800, -42.4388, 0.721682, 0.690872, 0.043249, 0.041305, -0.687919, 0.708834, 0.155951, -0.010932, 0.077086, -0.142299, 0.986817, 0.189196, 0.000000, 0.000000, 0.000000, 1.000000, 0.077086, -0.142299, 0.986817, 0.258196, -0.721682, -0.690872, -0.043249, -0.032305, 0.687919, -0.708834, -0.155951, 0.268006, 0.000000, 0.000000, 0.000000, 1.000000, -0.984199, 0.175019, 0.026848, -0.020740, 0.019088, -0.045874, 0.998765, -0.036080, 0.176035, 0.983496, 0.041809, -0.042439, 0.000000, 0.000000, 0.000000, 1.000000
-8.1207, 41.0378, -10.7135, 188.8009, 257.8009, -32.0378, 267.7869, -20.5473, -36.3603, -42.4935, 0.720902, 0.691627, 0.044188, 0.041038, -0.688959, 0.708295, 0.153795, -0.010713, 0.075071, -0.141315, 0.987114, 0.188801, 0.000000, 0.000000, 0.000000, 1.000000, 0.075071, -0.141315, 0.987114, 0.257801, -0.720902, -0.691627, -0.044188, -0.032038, 0.688959, -0.708295, -0.153795, 0.267787, 0.000000, 0.000000, 0.000000, 1.000000, -0.984338, 0.173856, 0.029196, -0.020547, 0.021542, -0.045747, 0.998721, -0.036360, 0.174970, 0.983708, 0.041286, -0.042494, 0.000000, 0.000000, 0.000000, 1.000000
-7.8598, 40.8757, -10.5177, 188.7870, 257.7870, -31.8757, 267.5911, -20.4580, -36.2655, -42.5094, 0.720515, 0.691732, 0.048620, 0.040876, -0.690087, 0.708383, 0.148233, -0.010518, 0.068097, -0.140356, 0.987757, 0.188787, 0.000000, 0.000000, 0.000000, 1.000000, 0.068097, -0.140356, 0.987757, 0.257787, -0.720515, -0.691732, -0.048620, -0.031876, 0.690087, -0.708383, -0.148233, 0.267591, 0.000000, 0.000000, 0.000000, 1.000000, -0.984458, 0.173594, 0.026594, -0.020458, 0.018946, -0.045570, 0.998781, -0.036265, 0.174594, 0.983762, 0.041573, -0.042509, 0.000000, 0.000000, 0.000000, 1.000000
-7.5977, 40.7379, -10.3237, 188.7202, 257.7202, -31.7379, 267.3971, -20.3818, -36.2236, -42.5020, 0.720945, 0.690902, 0.053787, 0.040738, -0.690214, 0.708945, 0.144922, -0.010324, 0.061995, -0.141605, 0.987980, 0.188720, 0.000000, 0.000000, 0.000000, 1.000000, 0.061995, -0.141605, 0.987980, 0.257720, -0.720945, -0.690902, -0.053787, -0.031738, 0.690214, -0.708945, -0.144922, 0.267397, 0.000000, 0.000000, 0.000000, 1.000000, -0.984346, 0.174401, 0.025433, -0.020382, 0.017375, -0.047577, 0.998716, -0.036224, 0.175387, 0.983525, 0.043802, -0.042502, 0.000000, 0.000000, 0.000000, 1.000000
-7.3408, 40.6176, -10.2209, 188.5178, 257.5178, -31.6176, 267.2943, -20.3801, -36.3271, -42.5221, 0.720404, 0.691664, 0.051184, 0.040618, -0.690614, 0.708603, 0.144688, -0.010221, 0.063806, -0.139582, 0.988153, 0.188518, 0.000000, 0.000000, 0.000000, 1.000000, 0.063806, -0.139582, 0.988153, 0.257518, -0.720404, -0.691664, -0.051184, -0.031618, 0.690614, -0.708603, -0.144688, 0.267294, 0.000000, 0.000000, 0.000000, 1.000000, -0.984364, 0.173347, 0.031272, -0.020380, 0.023563, -0.046355, 0.998647, -0.036327, 0.174563, 0.983769, 0.041546, -0.042522, 0.000000, 0.000000, 0.000000, 1.000000
-7.0730, 40.4298, -10.0343, 188.2674, 257.2674, -31.4298, 267.1077, -20.2753, -36.4711, -42.5438, 0.720339, 0.691686, 0.051778, 0.040430, -0.690874, 0.708846, 0.142233, -0.010034, 0.061678, -0.138229, 0.988478, 0.188267, 0.000000, 0.000000, 0.000000, 1.000000, 0.061678, -0.138229, 0.988478, 0.257267, -0.720339, -0.691686, -0.051778, -0.031430, 0.690874, -0.708846, -0.142233, 0.267108, 0.000000, 0.000000, 0.000000, 1.000000, -0.984307, 0.173243, 0.033577, -0.020275, 0.026005, -0.045792, 0.998612, -0.036471, 0.174540, 0.983814, 0.040569, -0.042544, 0.000000, 0.000000, 0.000000, 1.000000
-6.8065, 40.2665, -9.8678, 188.1202, 257.1202, -31.2665, 266.9413, -20.2072, -36.5153, -42.5663, 0.719866, 0.691993, 0.054210, 0.040267, -0.691725, 0.708726, 0.138650, -0.009868, 0.057524, -0.137308, 0.988857, 0.188120, 0.000000, 0.000000, 0.000000, 1.000000, 0.057524, -0.137308, 0.988857, 0.257120, -0.719866, -0.691993, -0.054210, -0.031267, 0.691725, -0.708726, -0.138650, 0.266941, 0.000000, 0.000000, 0.000000, 1.000000, -0.984391, 0.172708, 0.033873, -0.020207, 0.026348, -0.045678, 0.998609, -0.036515, 0.174015, 0.983913, 0.040414, -0.042566, 0.000000, 0.000000, 0.000000, 1.000000
-6.5393, 40.1191, -9.6964, 188.1358, 257.1358, -31.1191, 266.7699, -20.1527, -36.3973, -42.5870, 0.719634, 0.691606, 0.061702, 0.040119, -0.692573, 0.708591, 0.135058, -0.009696, 0.049685, -0.139925, 0.988915, 0.188136, 0.000000, 0.000000, 0.000000, 1.000000, 0.049685, -0.139925, 0.988915, 0.257136, -0.719634, -0.691606, -0.061702, -0.031119, 0.692573, -0.708591, -0.135058, 0.266770, 0.000000, 0.000000, 0.000000, 1.000000, -0.984476, 0.172722, 0.031224, -0.020153, 0.023053, -0.049116, 0.998527, -0.036397, 0.174001, 0.983745, 0.044372, -0.042587, 0.000000, 0.000000, 0.000000, 1.000000
-6.2741, 39.9470, -9.4779, 187.9657, 256.9656, -30.9470, 266.5514, -20.0369, -36.4636, -42.5843, 0.718811, 0.692470, 0.061615, 0.039947, -0.693767, 0.708802, 0.127619, -0.009478, 0.044699, -0.134481, 0.989908, 0.187966, 0.000000, 0.000000, 0.000000, 1.000000, 0.044699, -0.134481, 0.989908, 0.256966, -0.718811, -0.692470, -0.061615, -0.030947, 0.693767, -0.708802, -0.127619, 0.266551, 0.000000, 0.000000, 0.000000, 1.000000, -0.984653, 0.171951, 0.029843, -0.020037, 0.022510, -0.044436, 0.998759, -0.036464, 0.173064, 0.984103, 0.039884, -0.042584, 0.000000, 0.000000, 0.000000, 1.000000
-6.0253, 39.7788, -9.3145, 187.7927, 256.7927, -30.7788, 266.3879, -19.9586, -36.5442, -42.6103, 0.718784, 0.692388, 0.062836, 0.039779, -0.693923, 0.708946, 0.125962, -0.009314, 0.042667, -0.134143, 0.990043, 0.187793, 0.000000, 0.000000, 0.000000, 1.000000, 0.042667, -0.134143, 0.990043, 0.256793, -0.718784, -0.692388, -0.062836, -0.030779, 0.693923, -0.708946, -0.125962, 0.266388, 0.000000, 0.000000, 0.000000, 1.000000, -0.984589, 0.171910, 0.032125, -0.019959, 0.024755, -0.044840, 0.998687, -0.036544, 0.173125, 0.984092, 0.039893, -0.042610, 0.000000, 0.000000, 0.000000, 1.000000
-5.7476, 39.6089, -9.1224, 187.7736, 256.7736, -30.6089, 266.1959, -19.8799, -36.4610, -42.6341, 0.718418, 0.692325, 0.067535, 0.039609, -0.694641, 0.708900, 0.122208, -0.009122, 0.036733, -0.134709, 0.990204, 0.187774, 0.000000, 0.000000, 0.000000, 1.000000, 0.036733, -0.134709, 0.990204, 0.256774, -0.718418, -0.692325, -0.067535, -0.030609, 0.694641, -0.708900, -0.122208, 0.266196, 0.000000, 0.000000, 0.000000, 1.000000, -0.984655, 0.171706, 0.031167, -0.019880, 0.023546, -0.046243, 0.998653, -0.036461, 0.172916, 0.984062, 0.041491, -0.042634, 0.000000, 0.000000, 0.000000, 1.000000
-5.4688, 39.4772, -8.9120, 187.7097, 256.7097, -30.4772, 265.9855, -19.8079, -36.4202, -42.6126, 0.718303, 0.691961, 0.072327, 0.039477, -0.695084, 0.709265, 0.117481, -0.008912, 0.029993, -0.134660, 0.990438, 0.187710, 0.000000, 0.000000, 0.000000, 1.000000, 0.029993, -0.134660, 0.990438, 0.256710, -0.718303, -0.691961, -0.072327, -0.030477, 0.695084, -0.709265, -0.117481, 0.265985, 0.000000, 0.000000, 0.000000, 1.000000, -0.984661, 0.171987, 0.029383, -0.019808, 0.021587, -0.047024, 0.998660, -0.036420, 0.173139, 0.983976, 0.042590, -0.042613, 0.000000, 0.000000, 0.000000, 1.000000
-5.2104, 39.2795, -8.7542, 187.5166, 256.5166, -30.2795, 265.8276, -19.7243, -36.5242, -42.6639, 0.718027, 0.691826, 0.076243, 0.039280, -0.695544, 0.709195, 0.115158, -0.008754, 0.025598, -0.135716, 0.990417, 0.187517, 0.000000, 0.000000, 0.000000, 1.000000, 0.025598, -0.135716, 0.990417, 0.256517, -0.718027, -0.691826, -0.076243, -0.030280, 0.695544, -0.709195, -0.115158, 0.265828, 0.000000, 0.000000, 0.000000, 1.000000, -0.984681, 0.171816, 0.029703, -0.019724, 0.021596, -0.048862, 0.998572, -0.036524, 0.173022, 0.983917, 0.044403, -0.042664, 0.000000, 0.000000, 0.000000, 1.000000
-4.9269, 39.1377, -8.5486, 187.4704, 256.4704, -30.1377, 265.6221, -19.6553, -36.4678, -42.6549, 0.717084, 0.692490, 0.079050, 0.039138, -0.696808, 0.709701, 0.103847, -0.008549, 0.015811, -0.129549, 0.991447, 0.187470, 0.000000, 0.000000, 0.000000, 1.000000, 0.015811, -0.129549, 0.991447, 0.256470, -0.717084, -0.692490, -0.079050, -0.030138, 0.696808, -0.709701, -0.103847, 0.265622, 0.000000, 0.000000, 0.000000, 1.000000, -0.984895, 0.171505, 0.023840, -0.019655, 0.016605, -0.043500, 0.998915, -0.036468, 0.172356, 0.984222, 0.039995, -0.042655, 0.000000, 0.000000, 0.000000, 1.000000
-4.6716, 38.9519, -8.3851, 187.3306, 256.3306, -29.9519, 265.4585, -19.5744, -36.5219, -42.6979, 0.717125, 0.691940, 0.083369, 0.038952, -0.696772, 0.709140, 0.107840, -0.008385, 0.015499, -0.135424, 0.990667, 0.187331, 0.000000, 0.000000, 0.000000, 1.000000, 0.015499, -0.135424, 0.990667, 0.256331, -0.717125, -0.691940, -0.083369, -0.029952, 0.696772, -0.709140, -0.107840, 0.265459, 0.000000, 0.000000, 0.000000, 1.000000, -0.984804, 0.171235, 0.028993, -0.019574, 0.020672, -0.050181, 0.998526, -0.036522, 0.172437, 0.983952, 0.045878, -0.042698, 0.000000, 0.000000, 0.000000, 1.000000
-4.4018, 38.7740, -8.2015, 187.1586, 256.1586, -29.7740, 265.2749, -19.4923, -36.6025, -42.7200, 0.716489, 0.692728, 0.082288, 0.038774, -0.697473, 0.709132, 0.103261, -0.008201, 0.013179, -0.131379, 0.991245, 0.187159, 0.000000, 0.000000, 0.000000, 1.000000, 0.013179, -0.131379, 0.991245, 0.256159, -0.716489, -0.692728, -0.082288, -0.029774, 0.697473, -0.709132, -0.103261, 0.265275, 0.000000, 0.000000, 0.000000, 1.000000, -0.984881, 0.170509, 0.030612, -0.019492, 0.022919, -0.046905, 0.998636, -0.036603, 0.171712, 0.984239, 0.042288, -0.042720, 0.000000, 0.000000, 0.000000, 1.000000
-4.1293, 38.6377, -8.0010, 187.1085, 256.1085, -29.6377, 265.0744, -19.4238, -36.5588, -42.7092, 0.716524, 0.691820, 0.089322, 0.038638, -0.697548, 0.709789, 0.098112, -0.008001, 0.004476, -0.132606, 0.991159, 0.187109, 0.000000, 0.000000, 0.000000, 1.000000, 0.004476, -0.132606, 0.991159, 0.256109, -0.716524, -0.691820, -0.089322, -0.029638, 0.697548, -0.709789, -0.098112, 0.265074, 0.000000, 0.000000, 0.000000, 1.000000, -0.984839, 0.171348, 0.027070, -0.019424, 0.018929, -0.048966, 0.998621, -0.036559, 0.172437, 0.983993, 0.044981, -0.042709, 0.000000, 0.000000, 0.000000, 1.000000
-3.8674, 38.3846, -7.7921, 186.8450, 255.8450, -29.3846, 264.8656, -19.2742, -36.7408, -42.7697, 0.716144, 0.692334, 0.088386, 0.038385, -0.697910, 0.708940, 0.101615, -0.007792, 0.007691, -0.134457, 0.990890, 0.186845, 0.000000, 0.000000, 0.000000, 1.000000, 0.007691, -0.134457, 0.990890, 0.255845, -0.716144, -0.692334, -0.088386, -0.029385, 0.697910, -0.708940, -0.101615, 0.264866, 0.000000, 0.000000, 0.000000, 1.000000, -0.984800, 0.170126, 0.035014, -0.019274, 0.026582, -0.051594, 0.998314, -0.036741, 0.171645, 0.984071, 0.046288, -0.042770, 0.000000, 0.000000, 0.000000, 1.000000
-3.6013, 38.2749, -7.6312, 186.7158, 255.7158, -29.2749, 264.7047, -19.2513, -36.7808, -42.7536, 0.715737, 0.692394, 0.091165, 0.038275, -0.698369, 0.709868, 0.091477, -0.007631, -0.001377, -0.129140, 0.991625, 0.186716, 0.000000, 0.000000, 0.000000, 1.000000, -0.001377, -0.129140, 0.991625, 0.255716, -0.715737, -0.692394, -0.091165, -0.029275, 0.698369, -0.709868, -0.091477, 0.264705, 0.000000, 0.000000, 0.000000, 1.000000, -0.984881, 0.170649, 0.029814, -0.019251, 0.022079, -0.047044, 0.998649, -0.036781, 0.171821, 0.984208, 0.042565, -0.042754, 0.000000, 0.000000, 0.000000, 1.000000
-3.3354, 38.1518, -7.4729, 186.7523, 255.7523, -29.1518, 264.5464, -19.2209, -36.6581, -42.7640, 0.715523, 0.692330, 0.093305, 0.038152, -0.698586, 0.709541, 0.092360, -0.007473, -0.002260, -0.131267, 0.991344, 0.186752, 0.000000, 0.000000, 0.000000, 1.000000, -0.002260, -0.131267, 0.991344, 0.255752, -0.715523, -0.692330, -0.093305, -0.029152, 0.698586, -0.709541, -0.092360, 0.264546, 0.000000, 0.000000, 0.000000, 1.000000, -0.984831, 0.170172, 0.033911, -0.019221, 0.025744, -0.049972, 0.998419, -0.036658, 0.171597, 0.984147, 0.044833, -0.042764, 0.000000, 0.000000, 0.000000, 1.000000
-3.0621, 37.9739, -7.2590, 186.5944, 255.5944, -28.9739, 264.3325, -19.1207, -36.7303, -42.7697, 0.714368, 0.693014, 0.097003, 0.037974, -0.699661, 0.709811, 0.081508, -0.007259, -0.012368, -0.126096, 0.991941, 0.186594, 0.000000, 0.000000, 0.000000, 1.000000, -0.012368, -0.126096, 0.991941, 0.255594, -0.714368, -0.693014, -0.097003, -0.028974, 0.699661, -0.709811, -0.081508, 0.264332, 0.000000, 0.000000, 0.000000, 1.000000, -0.985081, 0.169846, 0.027707, -0.019121, 0.020236, -0.045566, 0.998756, -0.036730, 0.170898, 0.984417, 0.041450, -0.042770, 0.000000, 0.000000, 0.000000, 1.000000
-2.8042, 37.8145, -7.0173, 186.6499, 255.6499, -28.8146, 264.0907, -18.9957, -36.5940, -42.7624, 0.713232, 0.692313, 0.109560, 0.037815, -0.700420, 0.709906, 0.073788, -0.007017, -0.026693, -0.129366, 0.991238, 0.186650, 0.000000, 0.000000, 0.000000, 1.000000, -0.026693, -0.129366, 0.991238, 0.255650, -0.713232, -0.692313, -0.109560, -0.028815, 0.700420, -0.709906, -0.073788, 0.264091, 0.000000, 0.000000, 0.000000, 1.000000, -0.985260, 0.170051, 0.018605, -0.018996, 0.010291, -0.049643, 0.998714, -0.036594, 0.170756, 0.984184, 0.047162, -0.042762, 0.000000, 0.000000, 0.000000, 1.000000
-2.5275, 37.6676, -6.8565, 186.3434, 255.3434, -28.6676, 263.9300, -18.9647, -36.8151, -42.7614, 0.713190, 0.693994, 0.098649, 0.037668, -0.700665, 0.709938, 0.071112, -0.006857, -0.020684, -0.119836, 0.992578, 0.186343, 0.000000, 0.000000, 0.000000, 1.000000, -0.020684, -0.119836, 0.992578, 0.255343, -0.713190, -0.693994, -0.098649, -0.028668, 0.700665, -0.709938, -0.071112, 0.263930, 0.000000, 0.000000, 0.000000, 1.000000, -0.985208, 0.169118, 0.027654, -0.018965, 0.021031, -0.040829, 0.998945, -0.036815, 0.170068, 0.984750, 0.036668, -0.042761, 0.000000, 0.000000, 0.000000, 1.000000
-2.2630, 37.4543, -6.5692, 186.4162, 255.4162, -28.4543, 263.6426, -18.7748, -36.6666, -42.7727, 0.712577, 0.692586, 0.112063, 0.037454, -0.700753, 0.710403, 0.065366, -0.006569, -0.034339, -0.125107, 0.991549, 0.186416, 0.000000, 0.000000, 0.000000, 1.000000, -0.034339, -0.125107, 0.991549, 0.255416, -0.712577, -0.692586, -0.112063, -0.028454, 0.700753, -0.710403, -0.065366, 0.263643, 0.000000, 0.000000, 0.000000, 1.000000, -0.985254, 0.169955, 0.019763, -0.018775, 0.011932, -0.046972, 0.998825, -0.036667, 0.170684, 0.984332, 0.044251, -0.042773, 0.000000, 0.000000, 0.000000, 1.000000
-1.9951, 37.2545, -6.3933, 186.2395, 255.2395, -28.2545, 263.4667, -18.6927, -36.7693, -42.8166, 0.711577, 0.693399, 0.113385, 0.037255, -0.701668, 0.709655, 0.063650, -0.006393, -0.036330, -0.124850, 0.991510, 0.186239, 0.000000, 0.000000, 0.000000, 1.000000, -0.036330, -0.124850, 0.991510, 0.255239, -0.711577, -0.693399, -0.113385, -0.028255, 0.701668, -0.709655, -0.063650, 0.263467, 0.000000, 0.000000, 0.000000, 1.000000, -0.985422, 0.168664, 0.022252, -0.018693, 0.014432, -0.047449, 0.998769, -0.036769, 0.169512, 0.984531, 0.044323, -0.042817, 0.000000, 0.000000, 0.000000, 1.000000
-1.7367, 37.1232, -6.2203, 186.0209, 255.0209, -28.1232, 263.2937, -18.6505, -36.9118, -42.8033, 0.711375, 0.694727, 0.106301, 0.037123, -0.701944, 0.709841, 0.058317, -0.006220, -0.034942, -0.116103, 0.992622, 0.186021, 0.000000, 0.000000, 0.000000, 1.000000, -0.034942, -0.116103, 0.992622, 0.255021, -0.711375, -0.694727, -0.106301, -0.028123, 0.701944, -0.709841, -0.058317, 0.263294, 0.000000, 0.000000, 0.000000, 1.000000, -0.985396, 0.168188, 0.026587, -0.018651, 0.020235, -0.039373, 0.999020, -0.036912, 0.169070, 0.984968, 0.035395, -0.042803, 0.000000, 0.000000, 0.000000, 1.000000
