# Joint_B_Angle(deg), Cam_X(mm), Cam_Y(mm), Cam_Z(mm), Torso_X(mm), Torso_Y(mm), Torso_Z(mm), EE_X(mm), EE_Y(mm), EE_Z(mm), T_cam2marker_flat(16), T_torso2marker_flat(16), T_ee2marker_flat(16)
-19.7842, 36.2454, -6.0406, 188.3578, 257.3578, -27.2454, 263.1140, -22.1958, -44.2481, -40.8533, 0.643661, 0.760122, -0.088970, 0.036245, -0.709092, 0.636068, 0.304312, -0.006041, 0.287906, -0.132786, 0.948408, 0.188358, 0.000000, 0.000000, 0.000000, 1.000000, 0.287906, -0.132786, 0.948408, 0.257358, -0.643661, -0.760122, 0.088970, -0.027245, 0.709092, -0.636068, -0.304312, 0.263114, 0.000000, 0.000000, 0.000000, 1.000000, -0.983980, 0.175621, 0.030678, -0.022196, 0.032359, 0.006717, 0.999454, -0.044248, 0.175319, 0.984435, -0.012292, -0.040853, 0.000000, 0.000000, 0.000000, 1.000000
-19.5372, 36.1847, -5.9649, 188.4564, 257.4564, -27.1847, 263.0384, -22.3207, -44.0326, -40.8770, 0.643841, 0.760246, -0.086576, 0.036185, -0.710949, 0.636215, 0.299635, -0.005965, 0.282877, -0.131366, 0.950118, 0.188456, 0.000000, 0.000000, 0.000000, 1.000000, 0.282877, -0.131366, 0.950118, 0.257456, -0.643841, -0.760246, 0.086576, -0.027185, 0.710949, -0.636215, -0.299635, 0.263038, 0.000000, 0.000000, 0.000000, 1.000000, -0.984070, 0.175318, 0.029479, -0.022321, 0.031251, 0.007353, 0.999485, -0.044033, 0.175011, 0.984484, -0.012715, -0.040877, 0.000000, 0.000000, 0.000000, 1.000000
-19.2880, 36.0117, -5.7797, 188.2643, 257.2643, -27.0117, 262.8531, -22.2211, -44.0575, -40.9163, 0.643568, 0.760452, -0.086797, 0.036012, -0.711769, 0.636320, 0.297459, -0.005780, 0.281434, -0.129655, 0.950781, 0.188264, 0.000000, 0.000000, 0.000000, 1.000000, 0.281434, -0.129655, 0.950781, 0.257264, -0.643568, -0.760452, 0.086797, -0.027012, 0.711769, -0.636320, -0.297459, 0.262853, 0.000000, 0.000000, 0.000000, 1.000000, -0.984072, 0.174870, 0.031971, -0.022221, 0.033934, 0.008247, 0.999390, -0.044058, 0.174500, 0.984557, -0.014050, -0.040916, 0.000000, 0.000000, 0.000000, 1.000000
-19.0424, 35.8587, -5.6076, 188.1639, 257.1639, -26.8587, 262.6811, -22.1647, -44.0023, -40.9533, 0.644176, 0.760265, -0.083864, 0.035859, -0.712310, 0.636234, 0.296346, -0.005608, 0.278659, -0.131161, 0.951392, 0.188164, 0.000000, 0.000000, 0.000000, 1.000000, 0.278659, -0.131161, 0.951392, 0.257164, -0.644176, -0.760265, 0.083864, -0.026859, 0.712310, -0.636234, -0.296346, 0.262681, 0.000000, 0.000000, 0.000000, 1.000000, -0.983933, 0.175326, 0.033701, -0.022165, 0.035306, 0.006039, 0.999358, -0.044002, 0.175010, 0.984492, -0.012132, -0.040953, 0.000000, 0.000000, 0.000000, 1.000000
-18.7980, 35.7701, -5.4865, 188.2410, 257.2410, -26.7701, 262.5600, -22.2279, -43.7956, -40.9764, 0.644396, 0.760422, -0.080701, 0.035770, -0.715054, 0.636604, 0.288847, -0.005487, 0.271021, -0.128426, 0.953968, 0.188241, 0.000000, 0.000000, 0.000000, 1.000000, 0.271021, -0.128426, 0.953968, 0.257241, -0.644396, -0.760422, 0.080701, -0.026770, 0.715054, -0.636604, -0.288847, 0.262560, 0.000000, 0.000000, 0.000000, 1.000000, -0.984150, 0.174863, 0.029522, -0.022228, 0.031405, 0.008012, 0.999475, -0.043796, 0.174535, 0.984560, -0.013376, -0.040976, 0.000000, 0.000000, 0.000000, 1.000000
-18.5647, 35.6061, -5.3069, 188.1210, 257.1211, -26.6061, 262.3804, -22.1445, -43.7634, -41.0173, 0.644903, 0.760267, -0.078062, 0.035606, -0.715174, 0.636340, 0.289131, -0.005307, 0.269491, -0.130634, 0.954102, 0.188121, 0.000000, 0.000000, 0.000000, 1.000000, 0.269491, -0.130634, 0.954102, 0.257121, -0.644903, -0.760267, 0.078062, -0.026606, 0.715174, -0.636340, -0.289131, 0.262380, 0.000000, 0.000000, 0.000000, 1.000000, -0.983976, 0.175322, 0.032462, -0.022144, 0.033882, 0.005113, 0.999413, -0.043763, 0.175053, 0.984498, -0.010971, -0.041017, 0.000000, 0.000000, 0.000000, 1.000000
-18.3256, 35.4188, -5.1348, 188.0159, 257.0159, -26.4188, 262.2083, -22.0638, -43.7170, -41.0834, 0.644965, 0.760378, -0.076457, 0.035419, -0.715666, 0.636053, 0.288548, -0.005135, 0.268036, -0.131385, 0.954408, 0.188016, 0.000000, 0.000000, 0.000000, 1.000000, 0.268036, -0.131385, 0.954408, 0.257016, -0.644965, -0.760378, 0.076457, -0.026419, 0.715666, -0.636053, -0.288548, 0.262208, 0.000000, 0.000000, 0.000000, 1.000000, -0.983894, 0.175238, 0.035264, -0.022064, 0.036454, 0.003576, 0.999329, -0.043717, 0.174995, 0.984519, -0.009906, -0.041083, 0.000000, 0.000000, 0.000000, 1.000000
-18.0628, 35.2855, -5.0197, 187.9771, 256.9770, -26.2855, 262.0931, -22.0919, -43.6164, -41.1374, 0.645301, 0.760487, -0.072434, 0.035285, -0.716854, 0.635579, 0.286636, -0.005020, 0.264021, -0.133042, 0.955297, 0.187977, 0.000000, 0.000000, 0.000000, 1.000000, 0.264021, -0.133042, 0.955297, 0.256977, -0.645301, -0.760487, 0.072434, -0.026285, 0.716854, -0.635579, -0.286636, 0.262093, 0.000000, 0.000000, 0.000000, 1.000000, -0.983871, 0.175218, 0.036016, -0.022092, 0.036768, 0.001046, 0.999323, -0.043616, 0.175062, 0.984529, -0.007472, -0.041137, 0.000000, 0.000000, 0.000000, 1.000000
-17.8044, 35.1691, -4.8322, 187.9371, 256.9371, -26.1691, 261.9057, -22.0647, -43.5014, -41.1407, 0.645917, 0.760195, -0.069966, 0.035169, -0.718575, 0.636370, 0.280504, -0.004832, 0.257762, -0.130906, 0.957299, 0.187937, 0.000000, 0.000000, 0.000000, 1.000000, 0.257762, -0.130906, 0.957299, 0.256937, -0.645917, -0.760195, 0.069966, -0.026169, 0.718575, -0.636370, -0.280504, 0.261906, 0.000000, 0.000000, 0.000000, 1.000000, -0.983902, 0.175502, 0.033711, -0.022065, 0.034694, 0.002534, 0.999395, -0.043501, 0.175311, 0.984476, -0.008582, -0.041141, 0.000000, 0.000000, 0.000000, 1.000000
-17.5289, 34.9608, -4.6420, 187.8361, 256.8361, -25.9608, 261.7155, -21.9866, -43.4353, -41.2163, 0.645333, 0.760868, -0.068008, 0.034961, -0.719657, 0.635400, 0.279932, -0.004642, 0.256204, -0.131706, 0.957608, 0.187836, 0.000000, 0.000000, 0.000000, 1.000000, 0.256204, -0.131706, 0.957608, 0.256836, -0.645333, -0.760868, 0.068008, -0.025961, 0.719657, -0.635400, -0.279932, 0.261715, 0.000000, 0.000000, 0.000000, 1.000000, -0.983952, 0.174559, 0.036979, -0.021987, 0.037670, 0.000642, 0.999290, -0.043435, 0.174412, 0.984646, -0.007208, -0.041216, 0.000000, 0.000000, 0.000000, 1.000000
-17.2542, 34.8040, -4.4703, 187.7190, 256.7190, -25.8040, 261.5437, -21.9452, -43.3935, -41.2552, 0.645982, 0.760550, -0.065351, 0.034804, -0.721795, 0.636434, 0.271964, -0.004470, 0.248434, -0.128514, 0.960086, 0.187719, 0.000000, 0.000000, 0.000000, 1.000000, 0.248434, -0.128514, 0.960086, 0.256719, -0.645982, -0.760550, 0.065351, -0.025804, 0.721795, -0.636434, -0.271964, 0.261544, 0.000000, 0.000000, 0.000000, 1.000000, -0.984038, 0.174830, 0.033227, -0.021945, 0.034309, 0.003165, 0.999406, -0.043393, 0.174621, 0.984594, -0.009113, -0.041255, 0.000000, 0.000000, 0.000000, 1.000000
-16.9620, 34.6819, -4.2809, 187.8431, 256.8431, -25.6819, 261.3544, -21.9756, -43.1098, -41.2776, 0.646973, 0.760147, -0.060018, 0.034682, -0.722441, 0.636251, 0.270672, -0.004281, 0.243937, -0.131758, 0.960799, 0.187843, 0.000000, 0.000000, 0.000000, 1.000000, 0.243937, -0.131758, 0.960799, 0.256843, -0.646973, -0.760147, 0.060018, -0.025682, 0.722441, -0.636251, -0.270672, 0.261354, 0.000000, 0.000000, 0.000000, 1.000000, -0.983853, 0.175642, 0.034392, -0.021976, 0.034775, -0.000899, 0.999395, -0.043110, 0.175566, 0.984454, -0.005223, -0.041278, 0.000000, 0.000000, 0.000000, 1.000000
-16.6874, 34.4570, -4.0556, 187.5814, 256.5814, -25.4570, 261.1290, -21.8218, -43.1955, -41.3352, 0.646565, 0.760495, -0.060005, 0.034457, -0.723904, 0.636462, 0.266230, -0.004056, 0.240658, -0.128697, 0.962040, 0.187581, 0.000000, 0.000000, 0.000000, 1.000000, 0.240658, -0.128697, 0.962040, 0.256581, -0.646565, -0.760495, 0.060005, -0.025457, 0.723904, -0.636462, -0.266230, 0.261129, 0.000000, 0.000000, 0.000000, 1.000000, -0.983949, 0.174945, 0.035200, -0.021822, 0.035976, 0.001266, 0.999352, -0.043195, 0.174787, 0.984577, -0.007539, -0.041335, 0.000000, 0.000000, 0.000000, 1.000000
-16.3815, 34.3336, -3.8470, 187.8240, 256.8240, -25.3336, 260.9205, -21.8693, -42.7894, -41.3600, 0.647879, 0.760021, -0.051196, 0.034334, -0.726168, 0.636524, 0.259839, -0.003847, 0.230071, -0.131167, 0.964294, 0.187824, 0.000000, 0.000000, 0.000000, 1.000000, 0.230071, -0.131167, 0.964294, 0.256824, -0.647879, -0.760021, 0.051196, -0.025334, 0.726168, -0.636524, -0.259839, 0.260920, 0.000000, 0.000000, 0.000000, 1.000000, -0.983964, 0.175785, 0.030257, -0.021869, 0.030372, -0.002037, 0.999537, -0.042789, 0.175765, 0.984427, -0.003335, -0.041360, 0.000000, 0.000000, 0.000000, 1.000000
-16.0928, 34.1327, -3.6456, 187.6349, 256.6349, -25.1327, 260.7190, -21.7742, -42.8095, -41.4154, 0.647422, 0.760429, -0.050915, 0.034133, -0.727013, 0.636255, 0.258130, -0.003646, 0.228684, -0.130104, 0.964768, 0.187635, 0.000000, 0.000000, 0.000000, 1.000000, 0.228684, -0.130104, 0.964768, 0.256635, -0.647422, -0.760429, 0.050915, -0.025133, 0.727013, -0.636255, -0.258130, 0.260719, 0.000000, 0.000000, 0.000000, 1.000000, -0.983974, 0.175112, 0.033625, -0.021774, 0.033804, -0.001964, 0.999427, -0.042809, 0.175078, 0.984547, -0.003987, -0.041415, 0.000000, 0.000000, 0.000000, 1.000000
-15.8054, 33.9377, -3.4669, 187.4268, 256.4268, -24.9377, 260.5404, -21.6968, -42.8562, -41.4755, 0.647413, 0.760481, -0.050245, 0.033938, -0.727728, 0.636423, 0.255689, -0.003467, 0.226424, -0.128972, 0.965452, 0.187427, 0.000000, 0.000000, 0.000000, 1.000000, 0.226424, -0.128972, 0.965452, 0.256427, -0.647413, -0.760481, 0.050245, -0.024938, 0.727728, -0.636423, -0.255689, 0.260540, 0.000000, 0.000000, 0.000000, 1.000000, -0.983910, 0.174976, 0.036113, -0.021697, 0.036376, -0.001704, 0.999337, -0.042856, 0.174921, 0.984571, -0.004689, -0.041475, 0.000000, 0.000000, 0.000000, 1.000000
-15.5215, 33.7595, -3.2290, 187.4659, 256.4659, -24.7595, 260.3024, -21.6275, -42.6522, -41.5142, 0.648382, 0.760098, -0.043031, 0.033759, -0.729542, 0.636488, 0.250304, -0.003229, 0.217644, -0.130900, 0.967210, 0.187466, 0.000000, 0.000000, 0.000000, 1.000000, 0.217644, -0.130900, 0.967210, 0.256466, -0.648382, -0.760098, 0.043031, -0.024759, 0.729542, -0.636488, -0.250304, 0.260302, 0.000000, 0.000000, 0.000000, 1.000000, -0.983922, 0.175610, 0.032546, -0.021628, 0.032270, -0.004425, 0.999469, -0.042652, 0.175660, 0.984450, -0.001313, -0.041514, 0.000000, 0.000000, 0.000000, 1.000000
-15.2394, 33.5712, -3.0464, 187.4005, 256.4005, -24.5712, 260.1198, -21.5759, -42.5645, -41.5795, 0.648079, 0.760488, -0.040641, 0.033571, -0.730902, 0.636084, 0.247347, -0.003046, 0.213955, -0.130595, 0.968074, 0.187401, 0.000000, 0.000000, 0.000000, 1.000000, 0.213955, -0.130595, 0.968074, 0.256401, -0.648079, -0.760488, 0.040641, -0.024571, 0.730902, -0.636084, -0.247347, 0.260120, 0.000000, 0.000000, 0.000000, 1.000000, -0.983997, 0.174988, 0.033607, -0.021576, 0.033229, -0.005091, 0.999435, -0.042564, 0.175060, 0.984557, -0.000805, -0.041580, 0.000000, 0.000000, 0.000000, 1.000000
-14.9766, 33.4346, -2.8620, 187.4875, 256.4875, -24.4346, 259.9354, -21.5639, -42.3376, -41.6135, 0.649181, 0.759866, -0.034163, 0.033435, -0.732120, 0.636398, 0.242895, -0.002862, 0.206309, -0.132672, 0.969451, 0.187487, 0.000000, 0.000000, 0.000000, 1.000000, 0.206309, -0.132672, 0.969451, 0.256487, -0.649181, -0.759866, 0.034163, -0.024435, 0.732120, -0.636398, -0.242895, 0.259935, 0.000000, 0.000000, 0.000000, 1.000000, -0.983914, 0.175949, 0.030903, -0.021564, 0.029991, -0.007840, 0.999519, -0.042338, 0.176107, 0.984368, 0.002437, -0.041614, 0.000000, 0.000000, 0.000000, 1.000000
-14.7419, 33.2781, -2.6768, 187.3566, 256.3566, -24.2781, 259.7502, -21.4773, -42.3345, -41.6441, 0.648662, 0.760233, -0.035825, 0.033278, -0.733353, 0.636929, 0.237728, -0.002677, 0.203547, -0.127933, 0.970671, 0.187357, 0.000000, 0.000000, 0.000000, 1.000000, 0.203547, -0.127933, 0.970671, 0.256357, -0.648662, -0.760233, 0.035825, -0.024278, 0.733353, -0.636929, -0.237728, 0.259750, 0.000000, 0.000000, 0.000000, 1.000000, -0.984025, 0.175265, 0.031263, -0.021477, 0.031074, -0.003825, 0.999510, -0.042335, 0.175298, 0.984514, -0.001682, -0.041644, 0.000000, 0.000000, 0.000000, 1.000000
-14.4967, 33.0860, -2.4874, 187.2839, 256.2839, -24.0860, 259.5609, -21.3881, -42.2706, -41.7088, 0.648539, 0.760517, -0.031811, 0.033086, -0.734585, 0.636282, 0.235650, -0.002487, 0.199457, -0.129461, 0.971317, 0.187284, 0.000000, 0.000000, 0.000000, 1.000000, 0.199457, -0.129461, 0.971317, 0.256284, -0.648539, -0.760517, 0.031811, -0.024086, 0.734585, -0.636282, -0.235650, 0.259561, 0.000000, 0.000000, 0.000000, 1.000000, -0.984087, 0.174846, 0.031642, -0.021388, 0.031035, -0.006209, 0.999499, -0.042271, 0.174955, 0.984576, 0.000684, -0.041709, 0.000000, 0.000000, 0.000000, 1.000000
-14.2225, 32.9960, -2.3592, 187.3707, 256.3707, -23.9960, 259.4326, -21.4526, -42.0553, -41.7305, 0.649424, 0.759922, -0.027691, 0.032996, -0.735013, 0.636639, 0.233340, -0.002359, 0.194949, -0.131183, 0.972001, 0.187371, 0.000000, 0.000000, 0.000000, 1.000000, 0.194949, -0.131183, 0.972001, 0.256371, -0.649424, -0.759922, 0.027691, -0.023996, 0.735013, -0.636639, -0.233340, 0.259433, 0.000000, 0.000000, 0.000000, 1.000000, -0.983909, 0.175732, 0.032271, -0.021453, 0.031236, -0.008650, 0.999475, -0.042055, 0.175919, 0.984400, 0.003022, -0.041730, 0.000000, 0.000000, 0.000000, 1.000000
-13.9667, 32.7868, -2.1778, 187.1675, 256.1675, -23.7868, 259.2513, -21.3448, -42.1192, -41.8018, 0.648747, 0.760511, -0.027384, 0.032787, -0.736484, 0.636498, 0.229044, -0.002178, 0.191620, -0.128424, 0.973031, 0.187168, 0.000000, 0.000000, 0.000000, 1.000000, 0.191620, -0.128424, 0.973031, 0.256168, -0.648747, -0.760511, 0.027384, -0.023787, 0.736484, -0.636498, -0.229044, 0.259251, 0.000000, 0.000000, 0.000000, 1.000000, -0.984062, 0.174780, 0.032769, -0.021345, 0.032080, -0.006767, 0.999462, -0.042119, 0.174908, 0.984584, 0.001052, -0.041802, 0.000000, 0.000000, 0.000000, 1.000000
-13.7030, 32.6477, -1.9657, 187.1639, 256.1639, -23.6477, 259.0391, -21.2883, -41.9810, -41.8158, 0.648929, 0.760474, -0.023891, 0.032648, -0.737278, 0.636270, 0.227113, -0.001966, 0.187915, -0.129766, 0.973575, 0.187164, 0.000000, 0.000000, 0.000000, 1.000000, 0.187915, -0.129766, 0.973575, 0.256164, -0.648929, -0.760474, 0.023891, -0.023648, 0.737278, -0.636270, -0.227113, 0.259039, 0.000000, 0.000000, 0.000000, 1.000000, -0.984020, 0.174808, 0.033877, -0.021288, 0.032820, -0.008932, 0.999421, -0.041981, 0.175010, 0.984562, 0.003052, -0.041816, 0.000000, 0.000000, 0.000000, 1.000000
-13.4306, 32.5034, -1.7971, 187.1959, 256.1959, -23.5034, 258.8706, -21.2777, -41.8143, -41.8592, 0.649204, 0.760360, -0.019668, 0.032503, -0.739096, 0.636733, 0.219793, -0.001797, 0.179645, -0.128154, 0.975348, 0.187196, 0.000000, 0.000000, 0.000000, 1.000000, 0.179645, -0.128154, 0.975348, 0.256196, -0.649204, -0.760360, 0.019668, -0.023503, 0.739096, -0.636733, -0.219793, 0.258871, 0.000000, 0.000000, 0.000000, 1.000000, -0.984122, 0.174938, 0.030005, -0.021278, 0.029036, -0.008091, 0.999546, -0.041814, 0.175102, 0.984546, 0.002883, -0.041859, 0.000000, 0.000000, 0.000000, 1.000000
-13.1467, 32.3309, -1.5968, 187.1213, 256.1213, -23.3309, 258.6703, -21.2154, -41.7430, -41.9013, 0.649352, 0.760285, -0.017536, 0.032331, -0.739244, 0.636458, 0.220092, -0.001597, 0.178494, -0.129953, 0.975322, 0.187121, 0.000000, 0.000000, 0.000000, 1.000000, 0.178494, -0.129953, 0.975322, 0.256121, -0.649352, -0.760285, 0.017536, -0.023331, 0.739244, -0.636458, -0.220092, 0.258670, 0.000000, 0.000000, 0.000000, 1.000000, -0.983977, 0.174998, 0.034134, -0.021215, 0.032753, -0.010777, 0.999405, -0.041743, 0.175262, 0.984510, 0.004872, -0.041901, 0.000000, 0.000000, 0.000000, 1.000000
-12.8958, 32.1069, -1.3663, 187.0245, 256.0245, -23.1069, 258.4397, -21.0739, -41.7016, -41.9706, 0.649311, 0.760425, -0.012227, 0.032107, -0.741473, 0.636541, 0.212209, -0.001366, 0.169152, -0.128723, 0.977148, 0.187025, 0.000000, 0.000000, 0.000000, 1.000000, 0.169152, -0.128723, 0.977148, 0.256025, -0.649311, -0.760425, 0.012227, -0.023107, 0.741473, -0.636541, -0.212209, 0.258440, 0.000000, 0.000000, 0.000000, 1.000000, -0.984190, 0.174751, 0.028854, -0.021074, 0.027473, -0.010319, 0.999569, -0.041702, 0.174974, 0.984559, 0.005355, -0.041971, 0.000000, 0.000000, 0.000000, 1.000000
-12.5991, 32.0035, -1.2448, 187.0340, 256.0340, -23.0035, 258.3182, -21.1357, -41.5607, -42.0002, 0.649305, 0.760434, -0.011945, 0.032003, -0.741629, 0.636572, 0.211569, -0.001245, 0.168488, -0.128515, 0.977290, 0.187034, 0.000000, 0.000000, 0.000000, 1.000000, 0.168488, -0.128515, 0.977290, 0.256034, -0.649305, -0.760434, 0.011945, -0.023003, 0.741629, -0.636572, -0.211569, 0.258318, 0.000000, 0.000000, 0.000000, 1.000000, -0.984060, 0.174685, 0.033325, -0.021136, 0.031891, -0.011013, 0.999431, -0.041561, 0.174952, 0.984563, 0.005267, -0.042000, 0.000000, 0.000000, 0.000000, 1.000000
-12.3456, 31.7426, -1.0031, 186.9327, 255.9327, -22.7426, 258.0765, -20.9669, -41.5243, -42.0954, 0.649191, 0.760582, -0.008197, 0.031743, -0.742513, 0.636033, 0.210087, -0.001003, 0.165001, -0.130300, 0.977648, 0.186933, 0.000000, 0.000000, 0.000000, 1.000000, 0.165001, -0.130300, 0.977648, 0.255933, -0.649191, -0.760582, 0.008197, -0.022743, 0.742513, -0.636033, -0.210087, 0.258077, 0.000000, 0.000000, 0.000000, 1.000000, -0.984074, 0.174371, 0.034540, -0.020967, 0.032661, -0.013639, 0.999373, -0.041524, 0.174733, 0.984585, 0.007727, -0.042095, 0.000000, 0.000000, 0.000000, 1.000000
-12.0999, 31.6360, -0.8635, 186.8086, 255.8086, -22.6360, 257.9370, -20.9541, -41.5325, -42.1064, 0.649395, 0.760421, -0.006789, 0.031636, -0.743668, 0.636903, 0.203252, -0.000863, 0.158881, -0.126942, 0.979103, 0.186809, 0.000000, 0.000000, 0.000000, 1.000000, 0.158881, -0.126942, 0.979103, 0.255809, -0.649395, -0.760421, 0.006789, -0.022636, 0.743668, -0.636903, -0.203252, 0.257937, 0.000000, 0.000000, 0.000000, 1.000000, -0.984109, 0.174638, 0.032096, -0.020954, 0.030657, -0.010930, 0.999470, -0.041532, 0.174897, 0.984572, 0.005402, -0.042106, 0.000000, 0.000000, 0.000000, 1.000000
-11.8063, 31.4744, -0.6849, 186.9337, 255.9337, -22.4744, 257.7584, -20.9508, -41.2723, -42.1682, 0.649538, 0.760322, -0.003391, 0.031474, -0.743592, 0.636164, 0.205830, -0.000685, 0.158655, -0.131173, 0.978582, 0.186934, 0.000000, 0.000000, 0.000000, 1.000000, 0.158655, -0.131173, 0.978582, 0.255934, -0.649538, -0.760322, 0.003391, -0.022474, 0.743592, -0.636164, -0.205830, 0.257758, 0.000000, 0.000000, 0.000000, 1.000000, -0.983915, 0.174602, 0.037765, -0.020951, 0.035493, -0.016120, 0.999240, -0.041272, 0.175078, 0.984507, 0.009663, -0.042168, 0.000000, 0.000000, 0.000000, 1.000000
-11.5497, 31.2878, -0.4370, 186.8060, 255.8060, -22.2878, 257.5105, -20.8125, -41.2648, -42.1939, 0.649206, 0.760613, -0.000512, 0.031288, -0.746207, 0.637040, 0.193276, -0.000437, 0.147335, -0.125094, 0.981144, 0.186806, 0.000000, 0.000000, 0.000000, 1.000000, 0.147335, -0.125094, 0.981144, 0.255806, -0.649206, -0.760613, 0.000512, -0.022288, 0.746207, -0.637040, -0.193276, 0.257510, 0.000000, 0.000000, 0.000000, 1.000000, -0.984245, 0.174290, 0.029747, -0.020812, 0.028304, -0.010760, 0.999541, -0.041265, 0.174530, 0.984636, 0.005657, -0.042194, 0.000000, 0.000000, 0.000000, 1.000000
-11.2975, 31.1036, -0.2191, 186.8087, 255.8087, -22.1036, 257.2926, -20.7156, -41.1371, -42.2444, 0.649329, 0.760488, 0.005553, 0.031104, -0.746517, 0.635972, 0.195581, -0.000219, 0.145205, -0.131142, 0.980672, 0.186809, 0.000000, 0.000000, 0.000000, 1.000000, 0.145205, -0.131142, 0.980672, 0.255809, -0.649329, -0.760488, -0.005553, -0.022104, 0.746517, -0.635972, -0.195581, 0.257293, 0.000000, 0.000000, 0.000000, 1.000000, -0.984154, 0.174200, 0.033107, -0.020716, 0.030491, -0.017669, 0.999379, -0.041137, 0.174677, 0.984552, 0.012078, -0.042244, 0.000000, 0.000000, 0.000000, 1.000000
-11.0153, 31.0156, -0.1328, 186.7074, 255.7073, -22.0156, 257.2062, -20.7868, -41.1224, -42.2679, 0.649495, 0.760354, 0.004154, 0.031016, -0.746707, 0.636788, 0.192169, -0.000133, 0.143471, -0.127915, 0.981353, 0.186707, 0.000000, 0.000000, 0.000000, 1.000000, 0.143471, -0.127915, 0.981353, 0.255707, -0.649495, -0.760354, -0.004154, -0.022016, 0.746707, -0.636788, -0.192169, 0.257206, 0.000000, 0.000000, 0.000000, 1.000000, -0.984015, 0.174460, 0.035743, -0.020787, 0.033601, -0.015214, 0.999320, -0.041122, 0.174885, 0.984547, 0.009109, -0.042268, 0.000000, 0.000000, 0.000000, 1.000000
-10.7635, 30.8534, 0.1157, 186.8587, 255.8587, -21.8534, 256.9578, -20.6921, -40.8457, -42.2979, 0.649466, 0.760285, 0.012660, 0.030853, -0.748709, 0.636493, 0.185231, 0.000116, 0.132771, -0.129780, 0.982613, 0.186859, 0.000000, 0.000000, 0.000000, 1.000000, 0.132771, -0.129780, 0.982613, 0.255859, -0.649466, -0.760285, -0.012660, -0.021853, 0.748709, -0.636493, -0.185231, 0.256958, 0.000000, 0.000000, 0.000000, 1.000000, -0.984224, 0.174406, 0.029754, -0.020692, 0.027049, -0.017870, 0.999474, -0.040846, 0.174846, 0.984512, 0.012870, -0.042298, 0.000000, 0.000000, 0.000000, 1.000000
-10.4933, 30.6261, 0.2843, 186.7078, 255.7078, -21.6261, 256.7892, -20.6076, -40.8759, -42.3961, 0.649004, 0.760690, 0.012038, 0.030626, -0.748594, 0.635703, 0.188386, 0.000284, 0.135651, -0.131275, 0.982021, 0.186708, 0.000000, 0.000000, 0.000000, 1.000000, 0.135651, -0.131275, 0.982021, 0.255708, -0.649004, -0.760690, -0.012038, -0.021626, 0.748594, -0.635703, -0.188386, 0.256789, 0.000000, 0.000000, 0.000000, 1.000000, -0.984097, 0.173618, 0.037552, -0.020608, 0.034551, -0.020281, 0.999197, -0.040876, 0.174240, 0.984604, 0.013960, -0.042396, 0.000000, 0.000000, 0.000000, 1.000000
-10.2168, 30.5134, 0.4684, 186.7669, 255.7669, -21.5134, 256.6051, -20.5971, -40.6931, -42.4069, 0.649482, 0.760125, 0.019562, 0.030513, -0.750098, 0.636275, 0.180298, 0.000468, 0.124602, -0.131773, 0.983418, 0.186767, 0.000000, 0.000000, 0.000000, 1.000000, 0.124602, -0.131773, 0.983418, 0.255767, -0.649482, -0.760125, -0.019562, -0.021513, 0.750098, -0.636275, -0.180298, 0.256605, 0.000000, 0.000000, 0.000000, 1.000000, -0.984180, 0.174350, 0.031494, -0.020597, 0.028164, -0.021541, 0.999371, -0.040693, 0.174919, 0.984448, 0.016290, -0.042407, 0.000000, 0.000000, 0.000000, 1.000000
-9.9708, 30.2857, 0.6372, 186.5914, 255.5914, -21.2857, 256.4362, -20.4929, -40.7594, -42.5030, 0.648658, 0.760887, 0.017156, 0.030286, -0.750021, 0.635241, 0.184219, 0.000637, 0.129271, -0.132362, 0.982736, 0.186591, 0.000000, 0.000000, 0.000000, 1.000000, 0.129271, -0.132362, 0.982736, 0.255591, -0.648658, -0.760887, -0.017156, -0.021286, 0.750021, -0.635241, -0.184219, 0.256436, 0.000000, 0.000000, 0.000000, 1.000000, -0.984082, 0.173051, 0.040441, -0.020493, 0.037011, -0.023001, 0.999050, -0.040759, 0.173817, 0.984644, 0.016230, -0.042503, 0.000000, 0.000000, 0.000000, 1.000000
-9.7000, 30.2166, 0.8702, 186.7814, 255.7815, -21.2166, 256.2032, -20.4711, -40.4437, -42.4640, 0.649452, 0.759949, 0.026262, 0.030217, -0.752110, 0.636899, 0.169380, 0.000870, 0.111994, -0.129756, 0.985201, 0.186781, 0.000000, 0.000000, 0.000000, 1.000000, 0.111994, -0.129756, 0.985201, 0.255781, -0.649452, -0.759949, -0.026262, -0.021217, 0.752110, -0.636899, -0.169380, 0.256203, 0.000000, 0.000000, 0.000000, 1.000000, -0.984260, 0.174559, 0.027594, -0.020471, 0.024290, -0.021034, 0.999484, -0.040444, 0.175049, 0.984422, 0.016463, -0.042464, 0.000000, 0.000000, 0.000000, 1.000000
-9.4157, 29.9755, 1.0036, 186.5892, 255.5892, -20.9755, 256.0698, -20.4161, -40.5211, -42.5878, 0.648687, 0.760659, 0.024542, 0.029975, -0.751574, 0.635199, 0.177926, 0.001004, 0.119752, -0.133864, 0.983738, 0.186589, 0.000000, 0.000000, 0.000000, 1.000000, 0.119752, -0.133864, 0.983738, 0.255589, -0.648687, -0.760659, -0.024542, -0.020975, 0.751574, -0.635199, -0.177926, 0.256070, 0.000000, 0.000000, 0.000000, 1.000000, -0.984063, 0.173051, 0.040897, -0.020416, 0.036913, -0.026177, 0.998976, -0.040521, 0.173944, 0.984565, 0.019372, -0.042588, 0.000000, 0.000000, 0.000000, 1.000000
-9.1749, 29.8232, 1.2034, 186.4452, 255.4452, -20.8232, 255.8701, -20.3242, -40.5564, -42.6063, 0.648713, 0.760604, 0.025555, 0.029823, -0.752897, 0.636520, 0.167297, 0.001203, 0.110980, -0.127768, 0.985575, 0.186445, 0.000000, 0.000000, 0.000000, 1.000000, 0.110980, -0.127768, 0.985575, 0.255445, -0.648713, -0.760604, -0.025555, -0.020823, 0.752897, -0.636520, -0.167297, 0.255870, 0.000000, 0.000000, 0.000000, 1.000000, -0.984199, 0.173510, 0.035297, -0.020324, 0.032189, -0.020693, 0.999268, -0.040556, 0.174113, 0.984615, 0.014781, -0.042606, 0.000000, 0.000000, 0.000000, 1.000000
-8.9060, 29.7132, 1.4177, 186.5413, 255.5413, -20.7132, 255.6558, -20.2838, -40.3420, -42.6032, 0.648634, 0.760554, 0.028848, 0.029713, -0.754030, 0.636991, 0.160253, 0.001418, 0.103505, -0.125698, 0.986654, 0.186541, 0.000000, 0.000000, 0.000000, 1.000000, 0.103505, -0.125698, 0.986654, 0.255541, -0.648634, -0.760554, -0.028848, -0.020713, 0.754030, -0.636991, -0.160253, 0.255656, 0.000000, 0.000000, 0.000000, 1.000000, -0.984281, 0.173650, 0.032183, -0.020284, 0.029255, -0.019397, 0.999384, -0.040342, 0.174167, 0.984616, 0.014012, -0.042603, 0.000000, 0.000000, 0.000000, 1.000000
-8.6401, 29.5194, 1.6200, 186.4848, 255.4848, -20.5194, 255.4534, -20.1942, -40.2857, -42.6644, 0.648076, 0.760934, 0.031249, 0.029519, -0.754945, 0.636491, 0.157918, 0.001620, 0.100275, -0.125934, 0.986958, 0.186485, 0.000000, 0.000000, 0.000000, 1.000000, 0.100275, -0.125934, 0.986958, 0.255485, -0.648076, -0.760934, -0.031249, -0.020519, 0.754945, -0.636491, -0.157918, 0.255453, 0.000000, 0.000000, 0.000000, 1.000000, -0.984357, 0.172957, 0.033576, -0.020194, 0.030487, -0.020484, 0.999325, -0.040286, 0.173528, 0.984716, 0.014891, -0.042664, 0.000000, 0.000000, 0.000000, 1.000000
-8.3843, 29.3650, 1.8433, 186.6119, 255.6119, -20.3650, 255.2301, -20.1148, -40.0485, -42.6979, 0.648243, 0.760390, 0.039855, 0.029365, -0.756106, 0.636644, 0.151616, 0.001843, 0.089913, -0.128419, 0.987636, 0.186612, 0.000000, 0.000000, 0.000000, 1.000000, 0.089913, -0.128419, 0.987636, 0.255612, -0.648243, -0.760390, -0.039855, -0.020365, 0.756106, -0.636644, -0.151616, 0.255230, 0.000000, 0.000000, 0.000000, 1.000000, -0.984434, 0.173477, 0.028223, -0.020115, 0.024472, -0.023725, 0.999419, -0.040048, 0.174045, 0.984552, 0.019110, -0.042698, 0.000000, 0.000000, 0.000000, 1.000000
-8.1281, 29.1806, 1.9859, 186.4151, 255.4151, -20.1806, 255.0875, -20.0625, -40.1446, -42.7677, 0.647961, 0.760690, 0.038698, 0.029181, -0.756279, 0.636506, 0.151332, 0.001986, 0.090485, -0.127324, 0.987725, 0.186415, 0.000000, 0.000000, 0.000000, 1.000000, 0.090485, -0.127324, 0.987725, 0.255415, -0.647961, -0.760690, -0.038698, -0.020181, 0.756279, -0.636506, -0.151332, 0.255088, 0.000000, 0.000000, 0.000000, 1.000000, -0.984366, 0.173013, 0.033025, -0.020062, 0.029410, -0.023417, 0.999293, -0.040145, 0.173664, 0.984641, 0.017963, -0.042768, 0.000000, 0.000000, 0.000000, 1.000000
-7.8886, 29.0337, 2.2066, 186.5833, 255.5833, -20.0337, 254.8668, -19.9788, -39.8751, -42.7999, 0.647994, 0.760117, 0.048228, 0.029034, -0.757304, 0.636254, 0.147213, 0.002207, 0.081214, -0.131917, 0.987928, 0.186583, 0.000000, 0.000000, 0.000000, 1.000000, 0.081214, -0.131917, 0.987928, 0.255583, -0.647994, -0.760117, -0.048228, -0.020034, 0.757304, -0.636254, -0.147213, 0.254867, 0.000000, 0.000000, 0.000000, 1.000000, -0.984442, 0.173327, 0.028838, -0.019979, 0.024210, -0.028753, 0.999293, -0.039875, 0.174033, 0.984445, 0.024110, -0.042800, 0.000000, 0.000000, 0.000000, 1.000000
-7.6478, 28.8720, 2.3723, 186.4339, 255.4339, -19.8720, 254.7011, -19.9115, -39.9286, -42.8431, 0.647294, 0.761038, 0.042806, 0.028872, -0.757779, 0.636422, 0.144008, 0.002372, 0.082353, -0.125653, 0.988650, 0.186434, 0.000000, 0.000000, 0.000000, 1.000000, 0.082353, -0.125653, 0.988650, 0.255434, -0.647294, -0.761038, -0.042806, -0.019872, 0.757779, -0.636422, -0.144008, 0.254701, 0.000000, 0.000000, 0.000000, 1.000000, -0.984467, 0.172445, 0.032965, -0.019912, 0.029398, -0.023201, 0.999298, -0.039929, 0.173089, 0.984746, 0.017771, -0.042843, 0.000000, 0.000000, 0.000000, 1.000000
-7.3907, 28.7582, 2.5176, 186.4095, 255.4095, -19.7582, 254.5558, -19.9064, -39.8534, -42.8666, 0.647253, 0.760826, 0.046983, 0.028758, -0.758490, 0.636679, 0.139042, 0.002518, 0.075874, -0.125632, 0.989171, 0.186410, 0.000000, 0.000000, 0.000000, 1.000000, 0.075874, -0.125632, 0.989171, 0.255410, -0.647253, -0.760826, -0.046983, -0.019758, 0.758490, -0.636679, -0.139042, 0.254556, 0.000000, 0.000000, 0.000000, 1.000000, -0.984492, 0.172666, 0.031032, -0.019906, 0.027302, -0.023937, 0.999341, -0.039853, 0.173295, 0.984690, 0.018852, -0.042867, 0.000000, 0.000000, 0.000000, 1.000000
-7.1407, 28.5848, 2.7212, 186.4866, 255.4866, -19.5848, 254.3522, -19.8221, -39.6778, -42.9217, 0.646728, 0.760939, 0.052113, 0.028585, -0.759661, 0.636514, 0.133286, 0.002721, 0.068252, -0.125788, 0.989707, 0.186487, 0.000000, 0.000000, 0.000000, 1.000000, 0.068252, -0.125788, 0.989707, 0.255487, -0.646728, -0.760939, -0.052113, -0.019585, 0.759661, -0.636514, -0.133286, 0.254352, 0.000000, 0.000000, 0.000000, 1.000000, -0.984639, 0.172370, 0.027815, -0.019822, 0.023881, -0.024856, 0.999406, -0.039678, 0.172959, 0.984719, 0.020358, -0.042922, 0.000000, 0.000000, 0.000000, 1.000000
-6.8695, 28.4210, 2.9075, 186.3783, 255.3783, -19.4210, 254.1660, -19.7604, -39.6818, -42.9603, 0.646304, 0.761249, 0.052841, 0.028421, -0.760171, 0.636253, 0.131614, 0.002907, 0.066571, -0.125230, 0.989892, 0.186378, 0.000000, 0.000000, 0.000000, 1.000000, 0.066571, -0.125230, 0.989892, 0.255378, -0.646304, -0.761249, -0.052841, -0.019421, 0.760171, -0.636253, -0.131614, 0.254166, 0.000000, 0.000000, 0.000000, 1.000000, -0.984646, 0.171838, 0.030726, -0.019760, 0.026799, -0.025126, 0.999325, -0.039682, 0.172494, 0.984805, 0.020136, -0.042960, 0.000000, 0.000000, 0.000000, 1.000000
-6.6045, 28.2536, 3.1124, 186.4246, 255.4246, -19.2536, 253.9610, -19.6851, -39.5342, -43.0068, 0.646458, 0.760494, 0.061168, 0.028254, -0.760735, 0.636402, 0.127576, 0.003112, 0.058094, -0.129005, 0.989941, 0.186425, 0.000000, 0.000000, 0.000000, 1.000000, 0.058094, -0.129005, 0.989941, 0.255425, -0.646458, -0.760494, -0.061168, -0.019254, 0.760735, -0.636402, -0.127576, 0.253961, 0.000000, 0.000000, 0.000000, 1.000000, -0.984634, 0.172425, 0.027669, -0.019685, 0.022880, -0.029701, 0.999297, -0.039534, 0.173125, 0.984575, 0.025300, -0.043007, 0.000000, 0.000000, 0.000000, 1.000000
-6.3374, 28.1074, 3.2865, 186.3648, 255.3648, -19.1074, 253.7870, -19.6426, -39.4945, -43.0407, 0.646238, 0.760904, 0.058323, 0.028107, -0.760981, 0.636789, 0.124129, 0.003286, 0.057310, -0.124599, 0.990551, 0.186365, 0.000000, 0.000000, 0.000000, 1.000000, 0.057310, -0.124599, 0.990551, 0.255365, -0.646238, -0.760904, -0.058323, -0.019107, 0.760981, -0.636789, -0.124129, 0.253787, 0.000000, 0.000000, 0.000000, 1.000000, -0.984581, 0.172203, 0.030757, -0.019643, 0.026658, -0.026066, 0.999305, -0.039494, 0.172885, 0.984716, 0.021074, -0.043041, 0.000000, 0.000000, 0.000000, 1.000000
-6.0710, 27.9536, 3.5290, 186.4388, 255.4388, -18.9536, 253.5445, -19.5426, -39.3179, -43.0592, 0.645472, 0.760845, 0.066944, 0.027954, -0.762502, 0.636831, 0.114176, 0.003529, 0.044238, -0.124742, 0.991202, 0.186439, 0.000000, 0.000000, 0.000000, 1.000000, 0.044238, -0.124742, 0.991202, 0.255439, -0.645472, -0.760845, -0.066944, -0.018954, 0.762502, -0.636831, -0.114176, 0.253544, 0.000000, 0.000000, 0.000000, 1.000000, -0.984814, 0.172153, 0.022450, -0.019543, 0.018062, -0.027009, 0.999472, -0.039318, 0.172668, 0.984700, 0.023489, -0.043059, 0.000000, 0.000000, 0.000000, 1.000000
-5.7762, 27.7771, 3.6780, 186.3093, 255.3093, -18.7771, 253.3954, -19.5224, -39.3445, -43.1253, 0.645208, 0.761309, 0.064145, 0.027777, -0.762541, 0.636499, 0.115762, 0.003678, 0.047302, -0.123604, 0.991204, 0.186309, 0.000000, 0.000000, 0.000000, 1.000000, 0.047302, -0.123604, 0.991204, 0.255309, -0.645208, -0.761309, -0.064145, -0.018777, 0.762541, -0.636499, -0.115762, 0.253395, 0.000000, 0.000000, 0.000000, 1.000000, -0.984725, 0.171448, 0.030369, -0.019522, 0.026160, -0.026760, 0.999300, -0.039345, 0.172140, 0.984830, 0.021866, -0.043125, 0.000000, 0.000000, 0.000000, 1.000000
-5.4642, 27.6159, 3.8875, 186.3181, 255.3181, -18.6159, 253.1860, -19.4746, -39.2236, -43.1608, 0.644928, 0.761202, 0.068113, 0.027616, -0.763192, 0.636804, 0.109629, 0.003887, 0.040075, -0.122686, 0.991636, 0.186318, 0.000000, 0.000000, 0.000000, 1.000000, 0.040075, -0.122686, 0.991636, 0.255318, -0.644928, -0.761202, -0.068113, -0.018616, 0.763192, -0.636804, -0.109629, 0.253186, 0.000000, 0.000000, 0.000000, 1.000000, -0.984756, 0.171587, 0.028504, -0.019475, 0.024263, -0.026764, 0.999347, -0.039224, 0.172238, 0.984805, 0.022193, -0.043161, 0.000000, 0.000000, 0.000000, 1.000000
-5.1719, 27.3392, 4.1620, 186.4181, 255.4181, -18.3392, 252.9115, -19.3009, -39.0234, -43.2718, 0.644534, 0.759537, 0.087628, 0.027339, -0.764129, 0.636000, 0.107749, 0.004162, 0.026108, -0.136407, 0.990309, 0.186418, 0.000000, 0.000000, 0.000000, 1.000000, 0.026108, -0.136407, 0.990309, 0.255418, -0.644534, -0.759537, -0.087628, -0.018339, 0.764129, -0.636000, -0.107749, 0.252911, 0.000000, 0.000000, 0.000000, 1.000000, -0.984853, 0.171963, 0.022212, -0.019301, 0.015292, -0.041462, 0.999023, -0.039023, 0.172716, 0.984231, 0.038204, -0.043272, 0.000000, 0.000000, 0.000000, 1.000000
-4.8731, 27.2570, 4.3518, 186.3748, 255.3748, -18.2570, 252.7217, -19.2979, -38.9586, -43.2442, 0.643798, 0.761783, 0.072185, 0.027257, -0.764631, 0.636831, 0.098924, 0.004352, 0.029389, -0.118882, 0.992473, 0.186375, 0.000000, 0.000000, 0.000000, 1.000000, 0.029389, -0.118882, 0.992473, 0.255375, -0.643798, -0.761783, -0.072185, -0.018257, 0.764631, -0.636831, -0.098924, 0.252722, 0.000000, 0.000000, 0.000000, 1.000000, -0.984896, 0.170950, 0.027494, -0.019298, 0.023611, -0.024704, 0.999416, -0.038959, 0.171530, 0.984970, 0.020294, -0.043244, 0.000000, 0.000000, 0.000000, 1.000000
-4.6173, 27.0155, 4.5643, 186.3706, 255.3706, -18.0155, 252.5092, -19.1666, -38.8803, -43.3461, 0.643526, 0.760099, 0.090131, 0.027016, -0.765249, 0.636381, 0.097026, 0.004564, 0.016392, -0.131411, 0.991192, 0.186371, 0.000000, 0.000000, 0.000000, 1.000000, 0.016392, -0.131411, 0.991192, 0.255371, -0.643526, -0.760099, -0.090131, -0.018016, 0.765249, -0.636381, -0.097026, 0.252509, 0.000000, 0.000000, 0.000000, 1.000000, -0.984951, 0.171513, 0.021336, -0.019167, 0.015011, -0.038088, 0.999162, -0.038880, 0.172182, 0.984445, 0.034940, -0.043346, 0.000000, 0.000000, 0.000000, 1.000000
-4.3563, 26.9133, 4.7123, 186.3198, 255.3198, -17.9133, 252.3612, -19.1636, -38.8422, -43.3558, 0.644030, 0.760786, 0.080188, 0.026913, -0.764605, 0.636782, 0.099434, 0.004712, 0.024586, -0.125351, 0.991808, 0.186320, 0.000000, 0.000000, 0.000000, 1.000000, 0.024586, -0.125351, 0.991808, 0.255320, -0.644030, -0.760786, -0.080188, -0.017913, 0.764605, -0.636782, -0.099434, 0.252361, 0.000000, 0.000000, 0.000000, 1.000000, -0.984675, 0.171262, 0.032947, -0.019164, 0.027731, -0.032761, 0.999078, -0.038842, 0.172183, 0.984681, 0.027510, -0.043356, 0.000000, 0.000000, 0.000000, 1.000000
-4.0869, 26.7138, 4.9456, 186.3892, 255.3892, -17.7138, 252.1279, -19.0447, -38.6852, -43.4180, 0.642818, 0.760268, 0.093688, 0.026714, -0.765977, 0.636672, 0.089041, 0.004946, 0.008046, -0.129000, 0.991612, 0.186389, 0.000000, 0.000000, 0.000000, 1.000000, 0.008046, -0.129000, 0.991612, 0.255389, -0.642818, -0.760268, -0.093688, -0.017714, 0.765977, -0.636672, -0.089041, 0.252128, 0.000000, 0.000000, 0.000000, 1.000000, -0.984976, 0.171300, 0.021888, -0.019045, 0.015726, -0.037245, 0.999182, -0.038685, 0.171975, 0.984515, 0.033991, -0.043418, 0.000000, 0.000000, 0.000000, 1.000000
-3.8197, 26.5970, 5.1575, 186.3147, 255.3147, -17.5970, 251.9159, -18.9827, -38.6688, -43.4064, 0.642426, 0.761324, 0.087601, 0.026597, -0.766304, 0.636964, 0.083988, 0.005158, 0.008144, -0.121085, 0.992609, 0.186315, 0.000000, 0.000000, 0.000000, 1.000000, 0.008144, -0.121085, 0.992609, 0.255315, -0.642426, -0.761324, -0.087601, -0.017597, 0.766304, -0.636964, -0.083988, 0.251916, 0.000000, 0.000000, 0.000000, 1.000000, -0.984979, 0.170820, 0.025216, -0.018983, 0.020369, -0.030065, 0.999340, -0.038669, 0.171466, 0.984843, 0.026133, -0.043406, 0.000000, 0.000000, 0.000000, 1.000000
-3.5429, 26.4208, 5.2556, 186.2150, 255.2150, -17.4208, 251.8179, -18.9964, -38.6855, -43.5002, 0.642795, 0.761092, 0.086912, 0.026421, -0.765883, 0.636227, 0.092947, 0.005256, 0.015445, -0.126310, 0.991871, 0.186215, 0.000000, 0.000000, 0.000000, 1.000000, 0.015445, -0.126310, 0.991871, 0.255215, -0.642795, -0.761092, -0.086912, -0.017421, 0.765883, -0.636227, -0.092947, 0.251818, 0.000000, 0.000000, 0.000000, 1.000000, -0.984681, 0.170144, 0.038146, -0.018996, 0.032448, -0.036145, 0.998820, -0.038686, 0.171322, 0.984756, 0.030070, -0.043500, 0.000000, 0.000000, 0.000000, 1.000000
-3.2880, 26.2112, 5.5978, 186.3784, 255.3784, -17.2112, 251.4756, -18.7662, -38.4411, -43.5256, 0.640298, 0.761283, 0.102307, 0.026211, -0.768029, 0.636640, 0.069435, 0.005598, -0.012273, -0.123034, 0.992327, 0.186378, 0.000000, 0.000000, 0.000000, 1.000000, -0.012273, -0.123034, 0.992327, 0.255378, -0.640298, -0.761283, -0.102307, -0.017211, 0.768029, -0.636640, -0.069435, 0.251476, 0.000000, 0.000000, 0.000000, 1.000000, -0.985292, 0.170263, 0.014533, -0.018766, 0.008933, -0.033606, 0.999395, -0.038441, 0.170648, 0.984825, 0.031591, -0.043526, 0.000000, 0.000000, 0.000000, 1.000000
-3.0243, 26.0779, 5.7426, 186.3241, 255.3241, -17.0780, 251.3309, -18.7515, -38.4144, -43.5633, 0.640323, 0.761830, 0.097984, 0.026078, -0.768070, 0.636292, 0.072118, 0.005743, -0.007405, -0.121437, 0.992572, 0.186324, 0.000000, 0.000000, 0.000000, 1.000000, -0.007405, -0.121437, 0.992572, 0.255324, -0.640323, -0.761830, -0.097984, -0.017078, 0.768070, -0.636292, -0.072118, 0.251331, 0.000000, 0.000000, 0.000000, 1.000000, -0.985239, 0.169548, 0.023617, -0.018752, 0.018316, -0.032766, 0.999295, -0.038414, 0.170202, 0.984977, 0.029177, -0.043563, 0.000000, 0.000000, 0.000000, 1.000000
-2.7615, 25.8199, 5.9716, 186.4022, 255.4022, -16.8199, 251.1019, -18.5992, -38.2651, -43.6790, 0.638332, 0.760293, 0.120364, 0.025820, -0.769183, 0.636066, 0.061461, 0.005972, -0.029831, -0.131814, 0.990825, 0.186402, 0.000000, 0.000000, 0.000000, 1.000000, -0.029831, -0.131814, 0.990825, 0.255402, -0.638332, -0.760293, -0.120364, -0.016820, 0.769183, -0.636066, -0.061461, 0.251102, 0.000000, 0.000000, 0.000000, 1.000000, -0.985445, 0.169815, 0.007773, -0.018599, 0.000295, -0.044017, 0.999031, -0.038265, 0.169992, 0.984493, 0.043326, -0.043679, 0.000000, 0.000000, 0.000000, 1.000000
-2.4842, 25.8995, 6.2615, 186.1077, 255.1077, -16.8995, 250.8119, -18.5784, -38.4522, -43.4388, 0.638435, 0.765798, 0.077164, 0.025900, -0.769293, 0.638064, 0.032599, 0.006262, -0.024271, -0.080175, 0.996485, 0.186108, 0.000000, 0.000000, 0.000000, 1.000000, -0.024271, -0.080175, 0.996485, 0.255108, -0.638435, -0.765798, -0.077164, -0.016900, 0.769293, -0.638064, -0.032599, 0.250812, 0.000000, 0.000000, 0.000000, 1.000000, -0.985471, 0.169595, 0.009244, -0.018578, 0.010606, 0.007123, 0.999918, -0.038452, 0.169515, 0.985488, -0.008818, -0.043439, 0.000000, 0.000000, 0.000000, 1.000000
-2.2271, 25.6139, 6.3235, 186.3052, 255.3052, -16.6139, 250.7499, -18.5499, -38.1965, -43.6724, 0.639283, 0.761767, 0.105014, 0.025614, -0.768691, 0.636753, 0.060498, 0.006324, -0.020783, -0.119399, 0.992629, 0.186305, 0.000000, 0.000000, 0.000000, 1.000000, -0.020783, -0.119399, 0.992629, 0.255305, -0.639283, -0.761767, -0.105014, -0.016614, 0.768691, -0.636753, -0.060498, 0.250750, 0.000000, 0.000000, 0.000000, 1.000000, -0.985230, 0.169555, 0.023945, -0.018550, 0.018593, -0.033087, 0.999280, -0.038197, 0.170226, 0.984965, 0.029446, -0.043672, 0.000000, 0.000000, 0.000000, 1.000000
