# Joint_A_Angle(deg), Cam_X(mm), Cam_Y(mm), Cam_Z(mm), Torso_X(mm), Torso_Y(mm), Torso_Z(mm), EE_X(mm), EE_Y(mm), EE_Z(mm), T_cam2marker_flat(16), T_torso2marker_flat(16), T_ee2marker_flat(16)
-19.3978, 38.0178, -33.3864, 196.0287, 265.0286, -29.0188, 290.4598, 102.7465, -2.7120, -7.2143, 0.810718, 0.544929, 0.213981, 0.038018, -0.569457, 0.818840, 0.072246, -0.033386, -0.135847, -0.180424, 0.974163, 0.196029, 0.000000, 0.000000, 0.000000, 1.000000, -0.135850, -0.180426, 0.974162, 0.265029, -0.810718, -0.544929, -0.213984, -0.029019, 0.569457, -0.818840, -0.072246, 0.290460, 0.000000, 0.000000, 0.000000, 1.000000, -0.018391, -0.038169, -0.999102, 0.102747, -0.998858, 0.044782, 0.016676, -0.002712, 0.044105, 0.998267, -0.038949, -0.007214, 0.000000, 0.000000, 0.000000, 1.000000
-18.9036, 37.5308, -33.0236, 196.0990, 265.0989, -28.5317, 290.0971, 102.7666, -3.2414, -7.1990, 0.808064, 0.547196, 0.218198, 0.037531, -0.572563, 0.816658, 0.072391, -0.033024, -0.138581, -0.183429, 0.973216, 0.196099, 0.000000, 0.000000, 0.000000, 1.000000, -0.138584, -0.183431, 0.973215, 0.265099, -0.808063, -0.547195, -0.218201, -0.028532, 0.572563, -0.816658, -0.072391, 0.290097, 0.000000, 0.000000, 0.000000, 1.000000, -0.014805, -0.035636, -0.999255, 0.102767, -0.998671, 0.049865, 0.013018, -0.003241, 0.049364, 0.998120, -0.036326, -0.007199, 0.000000, 0.000000, 0.000000, 1.000000
-18.3766, 36.3601, -32.1713, 196.2202, 265.2201, -27.3611, 289.2448, 102.8626, -3.0081, -7.2125, 0.802585, 0.554758, 0.219319, 0.036360, -0.580893, 0.810448, 0.075749, -0.032171, -0.135724, -0.188196, 0.972708, 0.196220, 0.000000, 0.000000, 0.000000, 1.000000, -0.135727, -0.188199, 0.972707, 0.265220, -0.802584, -0.554758, -0.219323, -0.027361, 0.580893, -0.810448, -0.075749, 0.289245, 0.000000, 0.000000, 0.000000, 1.000000, -0.015417, -0.032349, -0.999358, 0.102863, -0.998718, 0.048688, 0.013831, -0.003008, 0.048209, 0.998290, -0.033058, -0.007213, 0.000000, 0.000000, 0.000000, 1.000000
-17.8228, 35.3817, -31.4318, 196.4096, 265.4095, -26.3826, 288.5053, 102.8555, -3.0459, -7.2291, 0.796994, 0.564062, 0.215951, 0.035382, -0.589245, 0.804656, 0.072926, -0.031432, -0.132631, -0.185370, 0.973677, 0.196410, 0.000000, 0.000000, 0.000000, 1.000000, -0.132634, -0.185372, 0.973676, 0.265409, -0.796993, -0.564062, -0.215955, -0.026383, 0.589245, -0.804656, -0.072926, 0.288505, 0.000000, 0.000000, 0.000000, 1.000000, -0.016227, -0.036857, -0.999189, 0.102855, -0.998745, 0.047960, 0.014451, -0.003046, 0.047389, 0.998169, -0.037589, -0.007229, 0.000000, 0.000000, 0.000000, 1.000000
-17.2725, 34.3937, -30.7093, 196.4694, 265.4693, -25.3946, 287.7827, 102.9772, -3.0975, -7.2464, 0.792470, 0.569420, 0.218521, 0.034394, -0.595912, 0.799201, 0.078532, -0.030709, -0.129925, -0.192453, 0.972667, 0.196469, 0.000000, 0.000000, 0.000000, 1.000000, -0.129928, -0.192456, 0.972666, 0.265469, -0.792470, -0.569420, -0.218525, -0.025395, 0.595912, -0.799201, -0.078532, 0.287783, 0.000000, 0.000000, 0.000000, 1.000000, -0.017088, -0.030859, -0.999378, 0.102977, -0.998675, 0.049046, 0.015561, -0.003098, 0.048535, 0.998320, -0.031656, -0.007246, 0.000000, 0.000000, 0.000000, 1.000000
-16.7644, 33.4261, -29.9408, 196.7116, 265.7115, -24.4271, 287.0143, 102.9136, -3.0140, -7.2720, 0.786164, 0.579079, 0.215900, 0.033426, -0.604005, 0.793898, 0.070022, -0.029941, -0.130855, -0.185453, 0.973902, 0.196712, 0.000000, 0.000000, 0.000000, 1.000000, -0.130858, -0.185455, 0.973901, 0.265711, -0.786164, -0.579078, -0.215904, -0.024427, 0.604005, -0.793898, -0.070022, 0.287014, 0.000000, 0.000000, 0.000000, 1.000000, -0.013866, -0.039523, -0.999122, 0.102914, -0.998769, 0.048135, 0.011957, -0.003014, 0.047620, 0.998059, -0.040142, -0.007272, 0.000000, 0.000000, 0.000000, 1.000000
-16.2246, 32.4730, -29.1791, 196.9783, 265.9782, -23.4739, 286.2526, 102.8236, -3.0165, -7.3097, 0.780943, 0.588025, 0.210604, 0.032473, -0.612148, 0.787548, 0.071007, -0.029179, -0.124107, -0.184373, 0.974989, 0.196978, 0.000000, 0.000000, 0.000000, 1.000000, -0.124110, -0.184376, 0.974988, 0.265978, -0.780943, -0.588025, -0.210608, -0.023474, 0.612148, -0.787548, -0.071007, 0.286253, 0.000000, 0.000000, 0.000000, 1.000000, -0.018310, -0.042206, -0.998941, 0.102824, -0.998768, 0.046853, 0.016327, -0.003016, 0.046114, 0.998010, -0.043011, -0.007310, 0.000000, 0.000000, 0.000000, 1.000000
-15.6705, 31.4735, -28.3998, 196.8983, 265.8982, -22.4744, 285.4733, 103.0776, -3.0516, -7.2932, 0.775957, 0.590739, 0.221174, 0.031473, -0.617894, 0.782369, 0.078144, -0.028400, -0.126877, -0.197298, 0.972099, 0.196898, 0.000000, 0.000000, 0.000000, 1.000000, -0.126880, -0.197301, 0.972098, 0.265898, -0.775957, -0.590738, -0.221178, -0.022474, 0.617894, -0.782369, -0.078144, 0.285473, 0.000000, 0.000000, 0.000000, 1.000000, -0.013862, -0.029943, -0.999456, 0.103078, -0.998702, 0.049417, 0.012371, -0.003052, 0.049020, 0.998329, -0.030589, -0.007293, 0.000000, 0.000000, 0.000000, 1.000000
-15.1561, 30.5499, -27.6361, 197.2000, 266.1999, -21.5509, 284.7096, 102.9462, -3.0133, -7.3438, 0.770340, 0.600806, 0.213560, 0.030550, -0.625997, 0.776296, 0.074112, -0.027636, -0.121259, -0.190780, 0.974115, 0.197200, 0.000000, 0.000000, 0.000000, 1.000000, -0.121262, -0.190782, 0.974114, 0.266200, -0.770340, -0.600806, -0.213564, -0.021551, 0.625997, -0.776296, -0.074112, 0.284710, 0.000000, 0.000000, 0.000000, 1.000000, -0.017122, -0.038173, -0.999124, 0.102946, -0.998742, 0.047752, 0.015291, -0.003013, 0.047127, 0.998129, -0.038943, -0.007344, 0.000000, 0.000000, 0.000000, 1.000000
-14.6153, 29.5654, -26.8495, 197.2374, 266.2374, -20.5663, 283.9230, 103.0827, -3.0101, -7.3640, 0.764766, 0.606658, 0.217021, 0.029565, -0.632971, 0.770316, 0.077211, -0.026850, -0.120334, -0.196416, 0.973109, 0.197237, 0.000000, 0.000000, 0.000000, 1.000000, -0.120337, -0.196419, 0.973108, 0.266237, -0.764766, -0.606658, -0.217025, -0.020566, 0.632971, -0.770316, -0.077211, 0.283923, 0.000000, 0.000000, 0.000000, 1.000000, -0.015974, -0.033644, -0.999306, 0.103083, -0.998736, 0.048178, 0.014343, -0.003010, 0.047662, 0.998272, -0.034371, -0.007364, 0.000000, 0.000000, 0.000000, 1.000000
-14.1009, 28.6564, -26.0466, 197.4379, 266.4378, -19.6574, 283.1201, 103.0416, -2.9706, -7.3756, 0.758685, 0.614495, 0.216315, 0.028656, -0.640130, 0.764847, 0.072405, -0.026047, -0.120955, -0.193403, 0.973635, 0.197438, 0.000000, 0.000000, 0.000000, 1.000000, -0.120958, -0.193405, 0.973634, 0.266438, -0.758685, -0.614494, -0.216319, -0.019657, 0.640130, -0.764847, -0.072405, 0.283120, 0.000000, 0.000000, 0.000000, 1.000000, -0.013193, -0.037996, -0.999191, 0.103042, -0.998777, 0.048119, 0.011358, -0.002971, 0.047649, 0.998119, -0.038584, -0.007376, 0.000000, 0.000000, 0.000000, 1.000000
-13.5629, 27.6998, -25.2528, 197.4563, 266.4562, -18.7008, 282.3262, 103.1887, -2.9800, -7.3915, 0.752604, 0.620767, 0.219625, 0.027700, -0.646978, 0.759172, 0.071256, -0.025253, -0.122499, -0.195720, 0.972979, 0.197456, 0.000000, 0.000000, 0.000000, 1.000000, -0.122502, -0.195723, 0.972978, 0.266456, -0.752604, -0.620766, -0.219628, -0.018701, 0.646978, -0.759172, -0.071256, 0.282326, 0.000000, 0.000000, 0.000000, 1.000000, -0.009551, -0.036799, -0.999277, 0.103189, -0.998778, 0.048815, 0.007749, -0.002980, 0.048495, 0.998130, -0.037221, -0.007392, 0.000000, 0.000000, 0.000000, 1.000000
-13.0088, 26.7669, -24.4246, 197.6210, 266.6210, -17.7679, 281.4980, 103.1857, -3.0031, -7.4128, 0.746175, 0.628332, 0.220050, 0.026767, -0.654527, 0.752800, 0.069909, -0.024425, -0.121727, -0.196193, 0.972980, 0.197621, 0.000000, 0.000000, 0.000000, 1.000000, -0.121730, -0.196195, 0.972980, 0.266621, -0.746174, -0.628331, -0.220053, -0.017768, 0.654527, -0.752800, -0.069909, 0.281498, 0.000000, 0.000000, 0.000000, 1.000000, -0.007990, -0.037639, -0.999259, 0.103186, -0.998799, 0.048612, 0.006155, -0.003003, 0.048344, 0.998108, -0.037982, -0.007413, 0.000000, 0.000000, 0.000000, 1.000000
-12.3837, 25.6734, -23.4794, 197.7028, 266.7027, -16.6743, 280.5528, 103.2919, -3.0056, -7.4458, 0.740541, 0.634196, 0.222248, 0.025673, -0.661819, 0.745652, 0.077455, -0.023479, -0.116597, -0.204447, 0.971909, 0.197703, 0.000000, 0.000000, 0.000000, 1.000000, -0.116600, -0.204449, 0.971908, 0.266703, -0.740541, -0.634195, -0.222251, -0.016674, 0.661819, -0.745652, -0.077455, 0.280553, 0.000000, 0.000000, 0.000000, 1.000000, -0.010851, -0.030482, -0.999476, 0.103292, -0.998735, 0.049411, 0.009336, -0.003006, 0.049101, 0.998313, -0.030979, -0.007446, 0.000000, 0.000000, 0.000000, 1.000000
-11.8006, 24.9775, -22.8004, 198.0119, 267.0119, -15.9785, 279.8738, 103.1043, -3.3524, -7.4720, 0.734458, 0.642939, 0.217260, 0.024978, -0.668817, 0.740029, 0.070999, -0.022800, -0.115131, -0.197453, 0.973528, 0.198012, 0.000000, 0.000000, 0.000000, 1.000000, -0.115134, -0.197455, 0.973527, 0.267012, -0.734457, -0.642938, -0.217264, -0.015978, 0.668817, -0.740029, -0.070999, 0.279874, 0.000000, 0.000000, 0.000000, 1.000000, -0.010096, -0.038881, -0.999193, 0.103104, -0.998702, 0.050275, 0.008135, -0.003352, 0.049918, 0.997978, -0.039338, -0.007472, 0.000000, 0.000000, 0.000000, 1.000000
-11.3201, 23.7700, -21.6936, 198.1216, 267.1215, -14.7710, 278.7670, 103.1970, -2.8257, -7.5108, 0.727425, 0.651619, 0.215048, 0.023770, -0.677390, 0.731945, 0.073480, -0.021694, -0.109522, -0.199122, 0.973835, 0.198122, 0.000000, 0.000000, 0.000000, 1.000000, -0.109525, -0.199125, 0.973834, 0.267122, -0.727425, -0.651618, -0.215051, -0.014771, 0.677390, -0.731945, -0.073480, 0.278767, 0.000000, 0.000000, 0.000000, 1.000000, -0.012950, -0.038687, -0.999167, 0.103197, -0.998848, 0.046682, 0.011139, -0.002826, 0.046213, 0.998160, -0.039247, -0.007511, 0.000000, 0.000000, 0.000000, 1.000000
-10.6788, 22.9926, -20.9611, 198.1715, 267.1715, -13.9935, 278.0346, 103.2748, -3.2431, -7.5100, 0.721167, 0.656877, 0.220068, 0.022993, -0.683177, 0.727010, 0.068745, -0.020961, -0.114835, -0.199922, 0.973059, 0.198172, 0.000000, 0.000000, 0.000000, 1.000000, -0.114838, -0.199925, 0.973058, 0.267171, -0.721167, -0.656877, -0.220072, -0.013994, 0.683177, -0.727010, -0.068745, 0.278035, 0.000000, 0.000000, 0.000000, 1.000000, -0.005730, -0.038769, -0.999232, 0.103275, -0.998712, 0.050608, 0.003764, -0.003243, 0.050423, 0.997966, -0.039009, -0.007510, 0.000000, 0.000000, 0.000000, 1.000000
-9.9677, 21.9604, -19.9868, 198.0739, 267.0739, -12.9614, 277.0602, 103.5358, -3.4891, -7.4877, 0.714603, 0.662658, 0.224116, 0.021960, -0.690547, 0.719422, 0.074679, -0.019987, -0.111747, -0.208128, 0.971697, 0.198074, 0.000000, 0.000000, 0.000000, 1.000000, -0.111750, -0.208131, 0.971696, 0.267074, -0.714602, -0.662657, -0.224120, -0.012961, 0.690547, -0.719422, -0.074679, 0.277060, 0.000000, 0.000000, 0.000000, 1.000000, -0.006384, -0.031595, -0.999480, 0.103536, -0.998600, 0.052686, 0.004713, -0.003489, 0.052510, 0.998111, -0.031887, -0.007488, 0.000000, 0.000000, 0.000000, 1.000000
-9.4268, 20.6653, -18.6679, 198.3225, 267.3225, -11.6662, 275.7414, 103.4967, -2.8766, -7.5272, 0.705130, 0.674848, 0.217650, 0.020665, -0.700970, 0.709703, 0.070447, -0.018668, -0.106925, -0.202241, 0.973481, 0.198323, 0.000000, 0.000000, 0.000000, 1.000000, -0.106928, -0.202243, 0.973480, 0.267322, -0.705129, -0.674848, -0.217654, -0.011666, 0.700970, -0.709703, -0.070447, 0.275741, 0.000000, 0.000000, 0.000000, 1.000000, -0.007699, -0.039409, -0.999194, 0.103497, -0.998859, 0.047396, 0.005827, -0.002877, 0.047128, 0.998098, -0.039729, -0.007527, 0.000000, 0.000000, 0.000000, 1.000000
-8.8418, 19.9688, -17.9546, 198.5200, 267.5200, -10.9697, 275.0281, 103.4138, -3.2186, -7.5563, 0.701108, 0.679298, 0.216798, 0.019969, -0.706008, 0.703956, 0.077453, -0.017955, -0.100002, -0.207364, 0.973139, 0.198520, 0.000000, 0.000000, 0.000000, 1.000000, -0.100005, -0.207367, 0.973138, 0.267520, -0.701108, -0.679297, -0.216801, -0.010970, 0.706008, -0.703956, -0.077453, 0.275028, 0.000000, 0.000000, 0.000000, 1.000000, -0.012901, -0.035046, -0.999302, 0.103414, -0.998694, 0.049856, 0.011144, -0.003219, 0.049431, 0.998141, -0.035644, -0.007556, 0.000000, 0.000000, 0.000000, 1.000000
-8.3599, 18.9331, -16.9622, 198.3177, 267.3177, -9.9341, 274.0357, 103.7749, -2.9309, -7.5566, 0.693591, 0.683369, 0.227900, 0.018933, -0.713235, 0.695864, 0.084077, -0.016962, -0.101131, -0.220862, 0.970048, 0.198318, 0.000000, 0.000000, 0.000000, 1.000000, -0.101134, -0.220864, 0.970047, 0.267318, -0.693590, -0.683369, -0.227904, -0.009934, 0.713235, -0.695864, -0.084077, 0.274036, 0.000000, 0.000000, 0.000000, 1.000000, -0.009265, -0.022299, -0.999708, 0.103775, -0.998804, 0.048201, 0.008181, -0.002931, 0.048005, 0.998589, -0.022719, -0.007557, 0.000000, 0.000000, 0.000000, 1.000000
-7.7592, 18.0998, -16.0371, 198.6487, 267.6487, -9.1007, 273.1106, 103.5778, -3.0497, -7.5965, 0.686518, 0.693257, 0.219290, 0.018100, -0.720280, 0.689649, 0.074702, -0.016037, -0.099445, -0.209234, 0.972796, 0.198649, 0.000000, 0.000000, 0.000000, 1.000000, -0.099448, -0.209237, 0.972795, 0.267649, -0.686518, -0.693256, -0.219293, -0.009101, 0.720280, -0.689649, -0.074702, 0.273111, 0.000000, 0.000000, 0.000000, 1.000000, -0.008470, -0.035396, -0.999337, 0.103578, -0.998792, 0.048666, 0.006742, -0.003050, 0.048396, 0.998188, -0.035766, -0.007597, 0.000000, 0.000000, 0.000000, 1.000000
-7.1783, 17.3709, -15.2737, 198.7262, 267.7262, -8.3718, 272.3472, 103.6140, -3.3376, -7.6148, 0.680798, 0.698189, 0.221464, 0.017371, -0.725378, 0.684626, 0.071514, -0.015274, -0.101689, -0.209332, 0.972543, 0.198726, 0.000000, 0.000000, 0.000000, 1.000000, -0.101692, -0.209335, 0.972542, 0.267726, -0.680798, -0.698188, -0.221468, -0.008372, 0.725378, -0.684626, -0.071514, 0.272347, 0.000000, 0.000000, 0.000000, 1.000000, -0.004406, -0.036066, -0.999340, 0.103614, -0.998655, 0.051785, 0.002534, -0.003338, 0.051660, 0.998007, -0.036245, -0.007615, 0.000000, 0.000000, 0.000000, 1.000000
-6.6272, 16.2836, -14.1204, 198.7218, 267.7218, -7.2845, 271.1938, 103.7823, -3.0381, -7.6359, 0.672040, 0.705611, 0.224669, 0.016284, -0.733744, 0.675442, 0.073471, -0.014120, -0.099909, -0.214225, 0.971661, 0.198722, 0.000000, 0.000000, 0.000000, 1.000000, -0.099912, -0.214228, 0.971660, 0.267722, -0.672039, -0.705610, -0.224673, -0.007285, 0.733744, -0.675442, -0.073471, 0.271194, 0.000000, 0.000000, 0.000000, 1.000000, -0.003159, -0.032347, -0.999472, 0.103782, -0.998789, 0.049180, 0.001565, -0.003038, 0.049103, 0.998266, -0.032463, -0.007636, 0.000000, 0.000000, 0.000000, 1.000000
-6.0234, 15.4563, -13.1902, 198.8751, 267.8750, -6.4573, 270.2637, 103.7545, -3.1833, -7.6606, 0.665679, 0.712501, 0.221840, 0.015456, -0.740078, 0.668455, 0.073836, -0.013190, -0.095682, -0.213330, 0.972284, 0.198875, 0.000000, 0.000000, 0.000000, 1.000000, -0.095684, -0.213333, 0.972283, 0.267875, -0.665679, -0.712501, -0.221844, -0.006457, 0.740078, -0.668455, -0.073836, 0.270264, 0.000000, 0.000000, 0.000000, 1.000000, -0.005058, -0.034280, -0.999399, 0.103755, -0.998741, 0.050046, 0.003338, -0.003183, 0.049901, 0.998158, -0.034490, -0.007661, 0.000000, 0.000000, 0.000000, 1.000000
-5.3930, 14.6454, -12.2419, 199.0175, 268.0175, -5.6463, 269.3154, 103.7314, -3.3882, -7.6694, 0.658733, 0.719403, 0.220294, 0.014645, -0.746667, 0.661086, 0.073841, -0.012242, -0.092512, -0.213128, 0.972635, 0.199017, 0.000000, 0.000000, 0.000000, 1.000000, -0.092514, -0.213131, 0.972634, 0.268017, -0.658733, -0.719403, -0.220298, -0.005646, 0.746667, -0.661086, -0.073841, 0.269315, 0.000000, 0.000000, 0.000000, 1.000000, -0.005768, -0.035511, -0.999353, 0.103731, -0.998690, 0.051016, 0.003952, -0.003388, 0.050843, 0.998066, -0.035759, -0.007669, 0.000000, 0.000000, 0.000000, 1.000000
-4.6852, 13.6085, -11.0174, 199.3365, 268.3365, -4.6095, 268.0909, 103.5688, -3.4028, -7.7307, 0.650140, 0.729362, 0.212953, 0.013609, -0.754837, 0.652023, 0.071324, -0.011017, -0.086829, -0.207115, 0.974456, 0.199337, 0.000000, 0.000000, 0.000000, 1.000000, -0.086832, -0.207118, 0.974455, 0.268336, -0.650139, -0.729362, -0.212957, -0.004609, 0.754837, -0.652023, -0.071324, 0.268091, 0.000000, 0.000000, 0.000000, 1.000000, -0.008342, -0.042949, -0.999042, 0.103569, -0.998699, 0.050613, 0.006164, -0.003403, 0.050300, 0.997794, -0.043315, -0.007731, 0.000000, 0.000000, 0.000000, 1.000000
-4.1135, 12.5335, -9.7688, 199.2891, 268.2891, -3.5344, 266.8422, 103.7666, -3.0915, -7.7410, 0.640808, 0.735373, 0.220435, 0.012533, -0.762536, 0.642946, 0.071829, -0.009769, -0.088907, -0.214118, 0.972753, 0.199289, 0.000000, 0.000000, 0.000000, 1.000000, -0.088909, -0.214121, 0.972753, 0.268289, -0.640807, -0.735372, -0.220439, -0.003534, 0.762536, -0.642946, -0.071829, 0.266842, 0.000000, 0.000000, 0.000000, 1.000000, -0.003296, -0.036855, -0.999315, 0.103767, -0.998789, 0.049180, 0.001480, -0.003091, 0.049092, 0.998110, -0.036972, -0.007741, 0.000000, 0.000000, 0.000000, 1.000000
-3.4720, 11.6294, -8.6835, 199.3863, 268.3863, -2.6304, 265.7570, 103.7976, -3.1638, -7.7703, 0.633722, 0.741856, 0.219195, 0.011629, -0.769331, 0.634018, 0.078430, -0.008684, -0.080789, -0.218336, 0.972524, 0.199386, 0.000000, 0.000000, 0.000000, 1.000000, -0.080792, -0.218339, 0.972523, 0.268386, -0.633722, -0.741855, -0.219198, -0.002630, 0.769331, -0.634018, -0.078430, 0.265757, 0.000000, 0.000000, 0.000000, 1.000000, -0.008720, -0.033577, -0.999398, 0.103798, -0.998772, 0.049028, 0.007068, -0.003164, 0.048761, 0.998233, -0.033963, -0.007770, 0.000000, 0.000000, 0.000000, 1.000000
-2.9116, 10.7624, -7.5710, 199.5316, 268.5315, -1.7634, 264.6445, 103.7705, -3.0455, -7.7869, 0.624999, 0.749920, 0.216785, 0.010762, -0.776555, 0.625608, 0.074679, -0.007571, -0.079619, -0.215020, 0.973359, 0.199532, 0.000000, 0.000000, 0.000000, 1.000000, -0.079622, -0.215023, 0.973358, 0.268532, -0.624999, -0.749920, -0.216789, -0.001763, 0.776555, -0.625608, -0.074679, 0.264644, 0.000000, 0.000000, 0.000000, 1.000000, -0.007000, -0.038004, -0.999253, 0.103770, -0.998857, 0.047520, 0.005190, -0.003046, 0.047288, 0.998147, -0.038293, -0.007787, 0.000000, 0.000000, 0.000000, 1.000000
-2.3144, 9.9791, -6.6115, 199.4090, 268.4090, -0.9800, 263.6849, 103.9949, -3.2055, -7.7711, 0.618919, 0.752981, 0.223513, 0.009979, -0.781571, 0.618661, 0.080035, -0.006611, -0.078014, -0.224226, 0.971409, 0.199409, 0.000000, 0.000000, 0.000000, 1.000000, -0.078016, -0.224229, 0.971409, 0.268409, -0.618919, -0.752981, -0.223517, -0.000980, 0.781571, -0.618661, -0.080035, 0.263685, 0.000000, 0.000000, 0.000000, 1.000000, -0.006565, -0.029247, -0.999551, 0.103995, -0.998744, 0.049849, 0.005101, -0.003205, 0.049678, 0.998328, -0.029538, -0.007771, 0.000000, 0.000000, 0.000000, 1.000000
-1.7102, 9.0784, -5.4449, 199.5141, 268.5141, -0.0793, 262.5184, 104.0098, -3.1294, -7.7989, 0.609898, 0.760814, 0.221781, 0.009078, -0.788730, 0.609948, 0.076600, -0.005445, -0.076997, -0.221644, 0.972083, 0.199514, 0.000000, 0.000000, 0.000000, 1.000000, -0.076999, -0.221647, 0.972082, 0.268514, -0.609898, -0.760813, -0.221785, -0.000079, 0.788730, -0.609948, -0.076600, 0.262518, 0.000000, 0.000000, 0.000000, 1.000000, -0.004628, -0.032881, -0.999449, 0.104010, -0.998797, 0.048951, 0.003015, -0.003129, 0.048825, 0.998260, -0.033068, -0.007799, 0.000000, 0.000000, 0.000000, 1.000000
-1.1567, 8.3647, -4.4989, 199.6535, 268.6535, 0.6343, 261.5724, 103.9656, -3.2218, -7.8306, 0.603597, 0.766689, 0.218767, 0.008365, -0.794194, 0.602333, 0.080318, -0.004499, -0.070191, -0.222223, 0.972466, 0.199653, 0.000000, 0.000000, 0.000000, 1.000000, -0.070194, -0.222226, 0.972465, 0.268653, -0.603596, -0.766688, -0.218771, 0.000634, 0.794194, -0.602333, -0.080318, 0.261572, 0.000000, 0.000000, 0.000000, 1.000000, -0.009108, -0.033080, -0.999411, 0.103966, -0.998772, 0.048973, 0.007482, -0.003222, 0.048697, 0.998252, -0.033485, -0.007831, 0.000000, 0.000000, 0.000000, 1.000000
-0.6130, 7.5148, -3.3296, 199.7920, 268.7920, 1.4842, 260.4030, 103.9354, -3.0316, -7.8580, 0.594682, 0.774835, 0.214441, 0.007515, -0.801122, 0.593508, 0.077142, -0.003330, -0.067500, -0.217668, 0.973686, 0.199792, 0.000000, 0.000000, 0.000000, 1.000000, -0.067503, -0.217671, 0.973685, 0.268792, -0.594682, -0.774834, -0.214444, 0.001484, 0.801122, -0.593508, -0.077142, 0.260403, 0.000000, 0.000000, 0.000000, 1.000000, -0.008834, -0.038683, -0.999212, 0.103935, -0.998875, 0.046892, 0.007016, -0.003032, 0.046583, 0.998151, -0.039054, -0.007858, 0.000000, 0.000000, 0.000000, 1.000000
-0.0339, 6.7458, -2.3442, 199.6106, 268.6106, 2.2532, 259.4177, 104.2105, -3.1419, -7.8518, 0.586737, 0.777479, 0.226422, 0.006746, -0.806467, 0.586290, 0.076652, -0.002344, -0.073154, -0.227576, 0.971008, 0.199611, 0.000000, 0.000000, 0.000000, 1.000000, -0.073156, -0.227579, 0.971008, 0.268611, -0.586737, -0.777478, -0.226426, 0.002253, 0.806467, -0.586290, -0.076652, 0.259418, 0.000000, 0.000000, 0.000000, 1.000000, -0.000905, -0.029121, -0.999575, 0.104211, -0.998804, 0.048899, -0.000520, -0.003142, 0.048893, 0.998379, -0.029130, -0.007852, 0.000000, 0.000000, 0.000000, 1.000000
0.5772, 6.1808, -1.5174, 199.6660, 268.6660, 2.8182, 258.5909, 104.2212, -3.5561, -7.8373, 0.581224, 0.782645, 0.222811, 0.006181, -0.810785, 0.580307, 0.076627, -0.001517, -0.069326, -0.225189, 0.971846, 0.199666, 0.000000, 0.000000, 0.000000, 1.000000, -0.069329, -0.225192, 0.971845, 0.268666, -0.581224, -0.782645, -0.222814, 0.002818, 0.810785, -0.580307, -0.076627, 0.258591, 0.000000, 0.000000, 0.000000, 1.000000, -0.002818, -0.032155, -0.999479, 0.104221, -0.998653, 0.051871, 0.001147, -0.003556, 0.051807, 0.998136, -0.032258, -0.007837, 0.000000, 0.000000, 0.000000, 1.000000
1.2201, 5.2284, -0.1360, 199.9464, 268.9464, 3.7706, 257.2094, 104.0601, -3.3570, -7.9080, 0.570921, 0.790752, 0.220818, 0.005228, -0.818323, 0.569809, 0.075266, -0.000136, -0.066307, -0.223672, 0.972406, 0.199946, 0.000000, 0.000000, 0.000000, 1.000000, -0.066309, -0.223675, 0.972406, 0.268946, -0.570920, -0.790751, -0.220822, 0.003771, 0.818323, -0.569809, -0.075266, 0.257209, 0.000000, 0.000000, 0.000000, 1.000000, -0.002457, -0.034664, -0.999396, 0.104060, -0.998750, 0.049971, 0.000722, -0.003357, 0.049916, 0.998149, -0.034743, -0.007908, 0.000000, 0.000000, 0.000000, 1.000000
1.9198, 4.5270, 0.8343, 199.7637, 268.7638, 4.4721, 256.2392, 104.3210, -3.7973, -7.8825, 0.563509, 0.794631, 0.225874, 0.004527, -0.823515, 0.561987, 0.077416, 0.000834, -0.065421, -0.229635, 0.971076, 0.199764, 0.000000, 0.000000, 0.000000, 1.000000, -0.065423, -0.229638, 0.971075, 0.268764, -0.563509, -0.794630, -0.225878, 0.004472, 0.823515, -0.561987, -0.077416, 0.256239, 0.000000, 0.000000, 0.000000, 1.000000, -0.000979, -0.029156, -0.999574, 0.104321, -0.998586, 0.053158, -0.000573, -0.003797, 0.053152, 0.998160, -0.029167, -0.007883, 0.000000, 0.000000, 0.000000, 1.000000
2.4698, 3.4339, 2.5534, 200.0921, 269.0921, 5.5652, 254.5201, 104.1174, -3.0225, -7.9527, 0.551571, 0.804330, 0.220959, 0.003434, -0.831796, 0.550173, 0.073654, 0.002553, -0.062324, -0.224418, 0.972498, 0.200092, 0.000000, 0.000000, 0.000000, 1.000000, -0.062326, -0.224421, 0.972497, 0.269092, -0.551571, -0.804329, -0.220963, 0.005565, 0.831796, -0.550173, -0.073654, 0.254520, 0.000000, 0.000000, 0.000000, 1.000000, -0.000216, -0.035507, -0.999369, 0.104117, -0.998851, 0.047901, -0.001486, -0.003023, 0.047923, 0.998221, -0.035476, -0.007953, 0.000000, 0.000000, 0.000000, 1.000000
3.0850, 2.9355, 3.2149, 199.9210, 268.9210, 6.0636, 253.8585, 104.3452, -3.6361, -7.9508, 0.546055, 0.806248, 0.227570, 0.002935, -0.835472, 0.544108, 0.077021, 0.003215, -0.061725, -0.232186, 0.970711, 0.199921, 0.000000, 0.000000, 0.000000, 1.000000, -0.061727, -0.232189, 0.970710, 0.268921, -0.546055, -0.806247, -0.227574, 0.006064, 0.835472, -0.544108, -0.077021, 0.253859, 0.000000, 0.000000, 0.000000, 1.000000, 0.000925, -0.027934, -0.999609, 0.104345, -0.998642, 0.052051, -0.002378, -0.003636, 0.052097, 0.998254, -0.027848, -0.007951, 0.000000, 0.000000, 0.000000, 1.000000
3.6756, 2.0485, 4.6685, 200.0910, 269.0910, 6.9505, 252.4050, 104.2675, -3.2985, -7.9787, 0.535122, 0.814575, 0.223857, 0.002049, -0.842673, 0.533390, 0.073468, 0.004668, -0.059558, -0.227952, 0.971849, 0.200091, 0.000000, 0.000000, 0.000000, 1.000000, -0.059560, -0.227955, 0.971848, 0.269091, -0.535121, -0.814574, -0.223860, 0.006951, 0.842673, -0.533390, -0.073468, 0.252405, 0.000000, 0.000000, 0.000000, 1.000000, 0.002233, -0.033097, -0.999450, 0.104267, -0.998786, 0.049104, -0.003858, -0.003299, 0.049204, 0.998245, -0.032947, -0.007979, 0.000000, 0.000000, 0.000000, 1.000000
4.2288, 1.3334, 5.8210, 200.1902, 269.1902, 7.6657, 251.2524, 104.2432, -3.2242, -8.0118, 0.527542, 0.819873, 0.222501, 0.001333, -0.847882, 0.524438, 0.077847, 0.005821, -0.052863, -0.229722, 0.971820, 0.200190, 0.000000, 0.000000, 0.000000, 1.000000, -0.052865, -0.229725, 0.971819, 0.269190, -0.527542, -0.819872, -0.222505, 0.007666, 0.847882, -0.524438, -0.077847, 0.251252, 0.000000, 0.000000, 0.000000, 1.000000, -0.001844, -0.031880, -0.999490, 0.104243, -0.998834, 0.048274, 0.000303, -0.003224, 0.048240, 0.998325, -0.031932, -0.008012, 0.000000, 0.000000, 0.000000, 1.000000
4.8209, 0.5798, 7.0961, 200.3347, 269.3347, 8.4192, 249.9774, 104.1734, -3.1139, -8.0431, 0.518318, 0.826726, 0.218791, 0.000580, -0.853641, 0.515541, 0.074254, 0.007096, -0.051408, -0.225257, 0.972942, 0.200335, 0.000000, 0.000000, 0.000000, 1.000000, -0.051410, -0.225260, 0.972941, 0.269335, -0.518318, -0.826726, -0.218795, 0.008419, 0.853641, -0.515541, -0.074254, 0.249977, 0.000000, 0.000000, 0.000000, 1.000000, -0.000411, -0.037067, -0.999313, 0.104173, -0.998862, 0.047681, -0.001358, -0.003114, 0.047699, 0.998175, -0.037044, -0.008043, 0.000000, 0.000000, 0.000000, 1.000000
5.2632, -0.0646, 8.1291, 200.2770, 269.2771, 9.0636, 248.9444, 104.2937, -2.9289, -8.0651, 0.510796, 0.830174, 0.223381, -0.000065, -0.858328, 0.507148, 0.077937, 0.008129, -0.048586, -0.231544, 0.971610, 0.200277, 0.000000, 0.000000, 0.000000, 1.000000, -0.048588, -0.231547, 0.971610, 0.269277, -0.510795, -0.830173, -0.223385, 0.009064, 0.858328, -0.507148, -0.077937, 0.248944, 0.000000, 0.000000, 0.000000, 1.000000, -0.000818, -0.031086, -0.999516, 0.104294, -0.998935, 0.046130, -0.000618, -0.002929, 0.046127, 0.998452, -0.031091, -0.008065, 0.000000, 0.000000, 0.000000, 1.000000
5.9068, -0.5513, 9.0072, 200.4011, 269.4011, 9.5504, 248.0663, 104.2139, -3.4161, -8.0716, 0.504561, 0.834712, 0.220621, -0.000551, -0.862153, 0.500713, 0.077318, 0.009007, -0.045930, -0.229221, 0.972290, 0.200401, 0.000000, 0.000000, 0.000000, 1.000000, -0.045931, -0.229225, 0.972289, 0.269401, -0.504561, -0.834711, -0.220625, 0.009550, 0.862153, -0.500713, -0.077318, 0.248066, 0.000000, 0.000000, 0.000000, 1.000000, -0.001468, -0.033859, -0.999426, 0.104214, -0.998768, 0.049622, -0.000214, -0.003416, 0.049601, 0.998194, -0.033891, -0.008072, 0.000000, 0.000000, 0.000000, 1.000000
6.3889, -1.2597, 10.2041, 200.1958, 269.1958, 10.2588, 246.8693, 104.4773, -3.1548, -8.0543, 0.496176, 0.838373, 0.225699, -0.001260, -0.867302, 0.490573, 0.084412, 0.010204, -0.039953, -0.237633, 0.970533, 0.200196, 0.000000, 0.000000, 0.000000, 1.000000, -0.039955, -0.237636, 0.970532, 0.269196, -0.496176, -0.838372, -0.225703, 0.010259, 0.867302, -0.490573, -0.084412, 0.246869, 0.000000, 0.000000, 0.000000, 1.000000, -0.004658, -0.025722, -0.999658, 0.104477, -0.998886, 0.047061, 0.003443, -0.003155, 0.046957, 0.998561, -0.025913, -0.008054, 0.000000, 0.000000, 0.000000, 1.000000
7.0320, -1.7847, 11.1206, 200.2339, 269.2340, 10.7838, 245.9529, 104.4863, -3.5928, -8.0715, 0.488527, 0.842918, 0.225459, -0.001785, -0.871496, 0.484057, 0.078637, 0.011121, -0.042850, -0.234903, 0.971074, 0.200234, 0.000000, 0.000000, 0.000000, 1.000000, -0.042852, -0.234906, 0.971073, 0.269234, -0.488527, -0.842917, -0.225462, 0.010784, 0.871496, -0.484057, -0.078637, 0.245953, 0.000000, 0.000000, 0.000000, 1.000000, 0.000433, -0.028882, -0.999583, 0.104486, -0.998723, 0.050489, -0.001892, -0.003593, 0.050523, 0.998307, -0.028823, -0.008072, 0.000000, 0.000000, 0.000000, 1.000000
7.7720, -2.4710, 12.3859, 200.3573, 269.3573, 11.4700, 244.6876, 104.4210, -3.8706, -8.1023, 0.479478, 0.848881, 0.222490, -0.002471, -0.876723, 0.474403, 0.079366, 0.012386, -0.038177, -0.233117, 0.971699, 0.200357, 0.000000, 0.000000, 0.000000, 1.000000, -0.038179, -0.233120, 0.971698, 0.269357, -0.479478, -0.848880, -0.222494, 0.011470, 0.876723, -0.474403, -0.079366, 0.244688, 0.000000, 0.000000, 0.000000, 1.000000, -0.001327, -0.031194, -0.999512, 0.104421, -0.998640, 0.052141, -0.000301, -0.003871, 0.052125, 0.998152, -0.031221, -0.008102, 0.000000, 0.000000, 0.000000, 1.000000
8.4092, -3.3239, 13.9609, 200.2617, 269.2617, 12.3229, 243.1125, 104.5795, -3.5650, -8.1137, 0.467465, 0.854702, 0.225744, -0.003324, -0.883276, 0.462008, 0.079830, 0.013961, -0.036065, -0.236712, 0.970910, 0.200262, 0.000000, 0.000000, 0.000000, 1.000000, -0.036066, -0.236715, 0.970909, 0.269262, -0.467465, -0.854702, -0.225748, 0.012323, 0.883276, -0.462008, -0.079830, 0.243113, 0.000000, 0.000000, 0.000000, 1.000000, 0.000243, -0.028029, -0.999607, 0.104580, -0.998774, 0.049466, -0.001630, -0.003565, 0.049493, 0.998382, -0.027982, -0.008114, 0.000000, 0.000000, 0.000000, 1.000000
9.0220, -3.8697, 15.1116, 200.5009, 269.5009, 12.8688, 241.9619, 104.3782, -3.7106, -8.1422, 0.459892, 0.859594, 0.222705, -0.003870, -0.887426, 0.453736, 0.081234, 0.015112, -0.031221, -0.234993, 0.971496, 0.200501, 0.000000, 0.000000, 0.000000, 1.000000, -0.031223, -0.234996, 0.971495, 0.269501, -0.459892, -0.859593, -0.222709, 0.012869, 0.887426, -0.453736, -0.081234, 0.241962, 0.000000, 0.000000, 0.000000, 1.000000, -0.002151, -0.030137, -0.999543, 0.104378, -0.998718, 0.050621, 0.000623, -0.003711, 0.050579, 0.998263, -0.030207, -0.008142, 0.000000, 0.000000, 0.000000, 1.000000
9.6445, -4.6313, 16.5635, 200.4381, 269.4381, 13.6304, 240.5099, 104.4938, -3.5221, -8.1723, 0.448653, 0.865356, 0.223316, -0.004631, -0.893166, 0.442847, 0.078369, 0.016564, -0.031078, -0.234619, 0.971591, 0.200438, 0.000000, 0.000000, 0.000000, 1.000000, -0.031080, -0.234622, 0.971590, 0.269438, -0.448653, -0.865355, -0.223320, 0.013630, 0.893166, -0.442847, -0.078369, 0.240510, 0.000000, 0.000000, 0.000000, 1.000000, 0.001049, -0.030923, -0.999521, 0.104494, -0.998787, 0.049181, -0.002570, -0.003522, 0.049237, 0.998311, -0.030834, -0.008172, 0.000000, 0.000000, 0.000000, 1.000000
10.1738, -5.2540, 17.8315, 200.4624, 269.4625, 14.2531, 239.2419, 104.5078, -3.3408, -8.1993, 0.439528, 0.869840, 0.224038, -0.005254, -0.897850, 0.432701, 0.081457, 0.017832, -0.026087, -0.236955, 0.971170, 0.200462, 0.000000, 0.000000, 0.000000, 1.000000, -0.026089, -0.236958, 0.971170, 0.269462, -0.439528, -0.869840, -0.224041, 0.014253, 0.897850, -0.432701, -0.081457, 0.239242, 0.000000, 0.000000, 0.000000, 1.000000, -0.001050, -0.028847, -0.999583, 0.104508, -0.998882, 0.047275, -0.000315, -0.003341, 0.047265, 0.998465, -0.028864, -0.008199, 0.000000, 0.000000, 0.000000, 1.000000
10.7492, -5.7750, 18.9638, 200.5668, 269.5669, 14.7740, 238.1097, 104.4319, -3.4315, -8.2207, 0.431620, 0.873899, 0.223618, -0.005775, -0.901743, 0.424531, 0.081449, 0.018964, -0.023755, -0.236801, 0.971268, 0.200567, 0.000000, 0.000000, 0.000000, 1.000000, -0.023757, -0.236804, 0.971267, 0.269567, -0.431620, -0.873898, -0.223622, 0.014774, 0.901743, -0.424531, -0.081449, 0.238110, 0.000000, 0.000000, 0.000000, 1.000000, -0.000963, -0.029249, -0.999572, 0.104432, -0.998838, 0.048198, -0.000448, -0.003431, 0.048190, 0.998409, -0.029261, -0.008221, 0.000000, 0.000000, 0.000000, 1.000000
11.3694, -6.4012, 20.2024, 200.4381, 269.4382, 15.4003, 236.8711, 104.5971, -3.4908, -8.2436, 0.422202, 0.877893, 0.225942, -0.006401, -0.906220, 0.414960, 0.081073, 0.020202, -0.022583, -0.238983, 0.970761, 0.200438, 0.000000, 0.000000, 0.000000, 1.000000, -0.022585, -0.238986, 0.970760, 0.269438, -0.422202, -0.877892, -0.225946, 0.015400, 0.906220, -0.414960, -0.081073, 0.236871, 0.000000, 0.000000, 0.000000, 1.000000, 0.000674, -0.027252, -0.999628, 0.104597, -0.998816, 0.048611, -0.001999, -0.003491, 0.048648, 0.998446, -0.027187, -0.008244, 0.000000, 0.000000, 0.000000, 1.000000
11.9704, -6.8984, 21.3896, 200.6655, 269.6656, 15.8974, 235.6839, 104.3915, -3.6001, -8.2797, 0.413845, 0.883376, 0.219952, -0.006898, -0.910173, 0.406233, 0.080991, 0.021390, -0.017806, -0.233712, 0.972143, 0.200666, 0.000000, 0.000000, 0.000000, 1.000000, -0.017807, -0.233715, 0.972142, 0.269666, -0.413845, -0.883375, -0.219955, 0.015897, 0.910173, -0.406233, -0.080991, 0.235684, 0.000000, 0.000000, 0.000000, 1.000000, -0.001479, -0.032890, -0.999458, 0.104391, -0.998800, 0.048978, -0.000134, -0.003600, 0.048956, 0.998258, -0.032922, -0.008280, 0.000000, 0.000000, 0.000000, 1.000000
12.5587, -7.5450, 22.9068, 200.5466, 269.5467, 16.5440, 234.1666, 104.5264, -3.3204, -8.2560, 0.402276, 0.888312, 0.221533, -0.007545, -0.915332, 0.395122, 0.077754, 0.022907, -0.018463, -0.234055, 0.972048, 0.200547, 0.000000, 0.000000, 0.000000, 1.000000, -0.018464, -0.234058, 0.972047, 0.269547, -0.402276, -0.888311, -0.221537, 0.016544, 0.915332, -0.395122, -0.077754, 0.234167, 0.000000, 0.000000, 0.000000, 1.000000, 0.002521, -0.032757, -0.999460, 0.104526, -0.998883, 0.047081, -0.004063, -0.003320, 0.047188, 0.998354, -0.032602, -0.008256, 0.000000, 0.000000, 0.000000, 1.000000
12.8784, -7.9457, 23.8593, 200.6958, 269.6958, 16.9447, 233.2142, 104.3941, -3.0309, -8.3088, 0.396148, 0.892122, 0.217220, -0.007946, -0.918103, 0.388054, 0.080627, 0.023859, -0.012364, -0.231371, 0.972787, 0.200696, 0.000000, 0.000000, 0.000000, 1.000000, -0.012365, -0.231374, 0.972786, 0.269696, -0.396148, -0.892121, -0.217224, 0.016945, 0.918103, -0.388054, -0.080627, 0.233214, 0.000000, 0.000000, 0.000000, 1.000000, -0.001572, -0.035638, -0.999363, 0.104394, -0.999001, 0.044695, -0.000023, -0.003031, 0.044667, 0.998365, -0.035673, -0.008309, 0.000000, 0.000000, 0.000000, 1.000000
13.4656, -8.2647, 24.5618, 200.5804, 269.5805, 17.2637, 232.5116, 104.5195, -3.6274, -8.2938, 0.390410, 0.893781, 0.220761, -0.008265, -0.920563, 0.382102, 0.081002, 0.024562, -0.011956, -0.234848, 0.971958, 0.200580, 0.000000, 0.000000, 0.000000, 1.000000, -0.011957, -0.234852, 0.971958, 0.269580, -0.390410, -0.893780, -0.220765, 0.017264, 0.920563, -0.382102, -0.081002, 0.232512, 0.000000, 0.000000, 0.000000, 1.000000, -0.000305, -0.032147, -0.999483, 0.104520, -0.998809, 0.048769, -0.001264, -0.003627, 0.048785, 0.998293, -0.032123, -0.008294, 0.000000, 0.000000, 0.000000, 1.000000
14.0430, -8.8950, 26.1011, 200.5775, 269.5775, 17.8940, 230.9724, 104.5366, -3.3086, -8.3224, 0.378909, 0.897938, 0.223911, -0.008895, -0.925385, 0.370111, 0.081732, 0.026101, -0.009482, -0.238173, 0.971177, 0.200577, 0.000000, 0.000000, 0.000000, 1.000000, -0.009483, -0.238176, 0.971176, 0.269578, -0.378909, -0.897937, -0.223914, 0.017894, 0.925385, -0.370111, -0.081732, 0.230972, 0.000000, 0.000000, 0.000000, 1.000000, 0.000628, -0.028865, -0.999583, 0.104537, -0.998933, 0.046147, -0.001961, -0.003309, 0.046184, 0.998518, -0.028805, -0.008322, 0.000000, 0.000000, 0.000000, 1.000000
14.6177, -9.2798, 26.9893, 200.4434, 269.4435, 18.2789, 230.0841, 104.6792, -3.6797, -8.3176, 0.372237, 0.900329, 0.225493, -0.009280, -0.928112, 0.362888, 0.083189, 0.026989, -0.006932, -0.240248, 0.970687, 0.200443, 0.000000, 0.000000, 0.000000, 1.000000, -0.006933, -0.240252, 0.970686, 0.269444, -0.372237, -0.900328, -0.225497, 0.018279, 0.928112, -0.362888, -0.083189, 0.230084, 0.000000, 0.000000, 0.000000, 1.000000, 0.000089, -0.026789, -0.999641, 0.104679, -0.998819, 0.048566, -0.001390, -0.003680, 0.048586, 0.998461, -0.026753, -0.008318, 0.000000, 0.000000, 0.000000, 1.000000
15.1317, -9.7736, 28.3924, 200.6902, 269.6903, 18.7727, 228.6811, 104.4341, -3.3903, -8.3661, 0.362045, 0.905797, 0.220125, -0.009774, -0.932143, 0.353249, 0.079523, 0.028392, -0.005727, -0.233979, 0.972225, 0.200690, 0.000000, 0.000000, 0.000000, 1.000000, -0.005728, -0.233983, 0.972224, 0.269690, -0.362045, -0.905796, -0.220129, 0.018773, 0.932143, -0.353249, -0.079523, 0.228681, 0.000000, 0.000000, 0.000000, 1.000000, 0.001845, -0.033300, -0.999444, 0.104434, -0.998909, 0.046586, -0.003396, -0.003390, 0.046673, 0.998359, -0.033178, -0.008366, 0.000000, 0.000000, 0.000000, 1.000000
15.6667, -10.2117, 29.5064, 200.5633, 269.5633, 19.2108, 227.5671, 104.5622, -3.4391, -8.3649, 0.354388, 0.908569, 0.221160, -0.010212, -0.935098, 0.344257, 0.084133, 0.029506, 0.000305, -0.236622, 0.971602, 0.200563, 0.000000, 0.000000, 0.000000, 1.000000, 0.000303, -0.236625, 0.971601, 0.269563, -0.354388, -0.908568, -0.221164, 0.019211, 0.935098, -0.344257, -0.084133, 0.227567, 0.000000, 0.000000, 0.000000, 1.000000, -0.001784, -0.030609, -0.999530, 0.104562, -0.998917, 0.046527, 0.000358, -0.003439, 0.046494, 0.998448, -0.030658, -0.008365, 0.000000, 0.000000, 0.000000, 1.000000
16.2141, -10.6644, 30.7693, 200.7407, 269.7408, 19.6635, 226.3042, 104.3867, -3.3749, -8.4251, 0.345018, 0.913028, 0.217585, -0.010664, -0.938596, 0.335630, 0.079938, 0.030769, -0.000042, -0.231804, 0.972762, 0.200741, 0.000000, 0.000000, 0.000000, 1.000000, -0.000044, -0.231808, 0.972762, 0.269741, -0.345018, -0.913027, -0.217588, 0.019663, 0.938596, -0.335630, -0.079938, 0.226304, 0.000000, 0.000000, 0.000000, 1.000000, 0.001214, -0.035563, -0.999367, 0.104387, -0.998918, 0.046428, -0.002865, -0.003375, 0.046500, 0.998288, -0.035468, -0.008425, 0.000000, 0.000000, 0.000000, 1.000000
16.7325, -11.0591, 31.8355, 200.5803, 269.5804, 20.0581, 225.2379, 104.5406, -3.4443, -8.4121, 0.336819, 0.915427, 0.220334, -0.011059, -0.941568, 0.327097, 0.080355, 0.031836, 0.001488, -0.234525, 0.972109, 0.200580, 0.000000, 0.000000, 0.000000, 1.000000, 0.001487, -0.234528, 0.972108, 0.269580, -0.336819, -0.915426, -0.220338, 0.020058, 0.941568, -0.327097, -0.080355, 0.225238, 0.000000, 0.000000, 0.000000, 1.000000, 0.002060, -0.032746, -0.999462, 0.104541, -0.998905, 0.046641, -0.003587, -0.003444, 0.046733, 0.998375, -0.032614, -0.008412, 0.000000, 0.000000, 0.000000, 1.000000
17.2948, -11.4466, 32.9780, 200.5114, 269.5115, 20.4456, 224.0955, 104.5976, -3.5468, -8.4030, 0.328661, 0.917988, 0.221991, -0.011447, -0.944439, 0.318416, 0.081528, 0.032978, 0.004156, -0.236452, 0.971634, 0.200511, 0.000000, 0.000000, 0.000000, 1.000000, 0.004155, -0.236456, 0.971633, 0.269511, -0.328661, -0.917987, -0.221995, 0.020446, 0.944439, -0.318416, -0.081528, 0.224095, 0.000000, 0.000000, 0.000000, 1.000000, 0.001791, -0.030720, -0.999526, 0.104598, -0.998870, 0.047423, -0.003247, -0.003547, 0.047500, 0.998402, -0.030600, -0.008403, 0.000000, 0.000000, 0.000000, 1.000000
17.9065, -11.8499, 34.1632, 200.5409, 269.5410, 20.8489, 222.9103, 104.5596, -3.7212, -8.4313, 0.319372, 0.921533, 0.220860, -0.011850, -0.947592, 0.308503, 0.083036, 0.034163, 0.008385, -0.235805, 0.971764, 0.200541, 0.000000, 0.000000, 0.000000, 1.000000, 0.008383, -0.235808, 0.971763, 0.269541, -0.319372, -0.921532, -0.220864, 0.020849, 0.947592, -0.308503, -0.083036, 0.222910, 0.000000, 0.000000, 0.000000, 1.000000, 0.000326, -0.031307, -0.999510, 0.104560, -0.998867, 0.047561, -0.001815, -0.003721, 0.047594, 0.998378, -0.031256, -0.008431, 0.000000, 0.000000, 0.000000, 1.000000
18.4345, -12.2822, 35.4400, 200.3149, 269.3150, 21.2812, 221.6334, 104.7665, -3.5999, -8.4127, 0.309514, 0.923845, 0.225191, -0.012282, -0.950847, 0.298328, 0.083004, 0.035440, 0.009502, -0.239813, 0.970773, 0.200315, 0.000000, 0.000000, 0.000000, 1.000000, 0.009501, -0.239817, 0.970772, 0.269315, -0.309514, -0.923844, -0.225195, 0.021281, 0.950847, -0.298328, -0.083004, 0.221633, 0.000000, 0.000000, 0.000000, 1.000000, 0.002011, -0.027074, -0.999631, 0.104767, -0.998916, 0.046436, -0.003267, -0.003600, 0.046507, 0.998554, -0.026952, -0.008413, 0.000000, 0.000000, 0.000000, 1.000000
