# Joint_B_Angle(deg), Cam_X(mm), Cam_Y(mm), Cam_Z(mm), Torso_X(mm), Torso_Y(mm), Torso_Z(mm), EE_X(mm), EE_Y(mm), EE_Z(mm), T_cam2marker_flat(16), T_torso2marker_flat(16), T_ee2marker_flat(16)
-19.7446, 32.2545, -1.9831, 188.8240, 257.8240, -23.2545, 259.0565, -22.1722, -44.2603, -41.2425, 0.619314, 0.780806, -0.082415, 0.032255, -0.727854, 0.610313, 0.312643, -0.001983, 0.294412, -0.133638, 0.946289, 0.188824, 0.000000, 0.000000, 0.000000, 1.000000, 0.294412, -0.133638, 0.946289, 0.257824, -0.619314, -0.780806, 0.082415, -0.023255, 0.727854, -0.610313, -0.312643, 0.259057, 0.000000, 0.000000, 0.000000, 1.000000, -0.984001, 0.174695, 0.034968, -0.022172, 0.036954, 0.008128, 0.999284, -0.044260, 0.174286, 0.984589, -0.014453, -0.041243, 0.000000, 0.000000, 0.000000, 1.000000
-19.4269, 32.1885, -1.9129, 188.7579, 257.7579, -23.1885, 258.9863, -22.3090, -44.1765, -41.2613, 0.619420, 0.780676, -0.082856, 0.032189, -0.728281, 0.610819, 0.310656, -0.001913, 0.293132, -0.132084, 0.946904, 0.188758, 0.000000, 0.000000, 0.000000, 1.000000, 0.293132, -0.132084, 0.946904, 0.257758, -0.619420, -0.780676, 0.082856, -0.023189, 0.728281, -0.610819, -0.310656, 0.258986, 0.000000, 0.000000, 0.000000, 1.000000, -0.983836, 0.174795, 0.038891, -0.022309, 0.041058, 0.008798, 0.999118, -0.044176, 0.174299, 0.984566, -0.015832, -0.041261, 0.000000, 0.000000, 0.000000, 1.000000
-19.1228, 32.0050, -1.6670, 188.8513, 257.8513, -23.0050, 258.7404, -22.2751, -43.8900, -41.3157, 0.620508, 0.780554, -0.075533, 0.032005, -0.730949, 0.610571, 0.304822, -0.001667, 0.284048, -0.133934, 0.949409, 0.188851, 0.000000, 0.000000, 0.000000, 1.000000, 0.284048, -0.133934, 0.949409, 0.257851, -0.620508, -0.780554, 0.075533, -0.023005, 0.730949, -0.610571, -0.304822, 0.258740, 0.000000, 0.000000, 0.000000, 1.000000, -0.983907, 0.175189, 0.035147, -0.022275, 0.036771, 0.006032, 0.999306, -0.043890, 0.174855, 0.984516, -0.012377, -0.041316, 0.000000, 0.000000, 0.000000, 1.000000
-18.8446, 31.7930, -1.4219, 188.6670, 257.6670, -22.7930, 258.4953, -22.1326, -43.8805, -41.3695, 0.620466, 0.780689, -0.074473, 0.031793, -0.732299, 0.610741, 0.301218, -0.001422, 0.280641, -0.132360, 0.950643, 0.188667, 0.000000, 0.000000, 0.000000, 1.000000, 0.280641, -0.132360, 0.950643, 0.257667, -0.620466, -0.780689, 0.074473, -0.022793, 0.732299, -0.610741, -0.301218, 0.258495, 0.000000, 0.000000, 0.000000, 1.000000, -0.983927, 0.174877, 0.036145, -0.022133, 0.037905, 0.006734, 0.999259, -0.043881, 0.174504, 0.984567, -0.013254, -0.041369, 0.000000, 0.000000, 0.000000, 1.000000
-18.5915, 31.6541, -1.2270, 188.7439, 257.7439, -22.6541, 258.3005, -22.1165, -43.6490, -41.4071, 0.621458, 0.780578, -0.066999, 0.031654, -0.734608, 0.610304, 0.296446, -0.001227, 0.272289, -0.135010, 0.952697, 0.188744, 0.000000, 0.000000, 0.000000, 1.000000, 0.272289, -0.135010, 0.952697, 0.257744, -0.621458, -0.780578, 0.066999, -0.022654, 0.734608, -0.610304, -0.296446, 0.258300, 0.000000, 0.000000, 0.000000, 1.000000, -0.983983, 0.175282, 0.032453, -0.022116, 0.033551, 0.003299, 0.999432, -0.043649, 0.175075, 0.984513, -0.009127, -0.041407, 0.000000, 0.000000, 0.000000, 1.000000
-18.3415, 31.5369, -1.1036, 188.6339, 257.6339, -22.5369, 258.1770, -22.1189, -43.6198, -41.4417, 0.621700, 0.780555, -0.064982, 0.031537, -0.735511, 0.610313, 0.294180, -0.001104, 0.269283, -0.135097, 0.953538, 0.188634, 0.000000, 0.000000, 0.000000, 1.000000, 0.269283, -0.135097, 0.953538, 0.257634, -0.621700, -0.780555, 0.064982, -0.022537, 0.735511, -0.610313, -0.294180, 0.258177, 0.000000, 0.000000, 0.000000, 1.000000, -0.983931, 0.175336, 0.033732, -0.022119, 0.034699, 0.002454, 0.999395, -0.043620, 0.175147, 0.984506, -0.008499, -0.041442, 0.000000, 0.000000, 0.000000, 1.000000
-18.0646, 31.3802, -0.9319, 188.5573, 257.5573, -22.3802, 258.0053, -22.0908, -43.5343, -41.4915, 0.621379, 0.780765, -0.065536, 0.031380, -0.736489, 0.610581, 0.291160, -0.000932, 0.267342, -0.132654, 0.954427, 0.188557, 0.000000, 0.000000, 0.000000, 1.000000, 0.267342, -0.132654, 0.954427, 0.257557, -0.621379, -0.780765, 0.065536, -0.022380, 0.736489, -0.610581, -0.291160, 0.258005, 0.000000, 0.000000, 0.000000, 1.000000, -0.983934, 0.174856, 0.036059, -0.022091, 0.037337, 0.004023, 0.999295, -0.043534, 0.174587, 0.984586, -0.010487, -0.041491, 0.000000, 0.000000, 0.000000, 1.000000
-17.7829, 31.2446, -0.7313, 188.5914, 257.5914, -22.2446, 257.8048, -22.0791, -43.3348, -41.5196, 0.622473, 0.780363, -0.059672, 0.031245, -0.738039, 0.610661, 0.287040, -0.000731, 0.260434, -0.134634, 0.956058, 0.188591, 0.000000, 0.000000, 0.000000, 1.000000, 0.260434, -0.134634, 0.956058, 0.257591, -0.622473, -0.780363, 0.059672, -0.022245, 0.738039, -0.610661, -0.287040, 0.257805, 0.000000, 0.000000, 0.000000, 1.000000, -0.983860, 0.175621, 0.034294, -0.022079, 0.035065, 0.001289, 0.999384, -0.043335, 0.175469, 0.984457, -0.007427, -0.041520, 0.000000, 0.000000, 0.000000, 1.000000
-17.5126, 31.0026, -0.4985, 188.3894, 257.3894, -22.0026, 257.5720, -21.9223, -43.3568, -41.6037, 0.622210, 0.780660, -0.058521, 0.031003, -0.739209, 0.610490, 0.284380, -0.000499, 0.257730, -0.133685, 0.956924, 0.188389, 0.000000, 0.000000, 0.000000, 1.000000, 0.257730, -0.133685, 0.956924, 0.257389, -0.622210, -0.780660, 0.058521, -0.022003, 0.739209, -0.610490, -0.284380, 0.257572, 0.000000, 0.000000, 0.000000, 1.000000, -0.983890, 0.175109, 0.036006, -0.021922, 0.036806, 0.001324, 0.999322, -0.043357, 0.174943, 0.984548, -0.007747, -0.041604, 0.000000, 0.000000, 0.000000, 1.000000
-17.2564, 30.8438, -0.2911, 188.2600, 257.2600, -21.8438, 257.3645, -21.8338, -43.3256, -41.6336, 0.622186, 0.780675, -0.058571, 0.030844, -0.740614, 0.611201, 0.279149, -0.000291, 0.253724, -0.130304, 0.958460, 0.188260, 0.000000, 0.000000, 0.000000, 1.000000, 0.253724, -0.130304, 0.958460, 0.257260, -0.622186, -0.780675, 0.058571, -0.021844, 0.740614, -0.611201, -0.279149, 0.257365, 0.000000, 0.000000, 0.000000, 1.000000, -0.983938, 0.174902, 0.035709, -0.021834, 0.036976, 0.003988, 0.999308, -0.043326, 0.174639, 0.984578, -0.010391, -0.041634, 0.000000, 0.000000, 0.000000, 1.000000
-17.0042, 30.7116, -0.0940, 188.3116, 257.3115, -21.7116, 257.1675, -21.8066, -43.1259, -41.6619, 0.622824, 0.780559, -0.053082, 0.030712, -0.742945, 0.611346, 0.272559, -0.000094, 0.245200, -0.130319, 0.960674, 0.188312, 0.000000, 0.000000, 0.000000, 1.000000, 0.245200, -0.130319, 0.960674, 0.257312, -0.622824, -0.780559, 0.053082, -0.021712, 0.742945, -0.611346, -0.272559, 0.257167, 0.000000, 0.000000, 0.000000, 1.000000, -0.984050, 0.175100, 0.031391, -0.021807, 0.032460, 0.003244, 0.999468, -0.043126, 0.174905, 0.984545, -0.008876, -0.041662, 0.000000, 0.000000, 0.000000, 1.000000
-16.7023, 30.6040, 0.0058, 188.2099, 257.2099, -21.6040, 257.0676, -21.8743, -43.0814, -41.6999, 0.623334, 0.780230, -0.051920, 0.030604, -0.742802, 0.611563, 0.272462, 0.000006, 0.244336, -0.131269, 0.960765, 0.188210, 0.000000, 0.000000, 0.000000, 1.000000, 0.244336, -0.131269, 0.960765, 0.257210, -0.623334, -0.780230, 0.051920, -0.021604, 0.742802, -0.611563, -0.272462, 0.257068, 0.000000, 0.000000, 0.000000, 1.000000, -0.983790, 0.175673, 0.036003, -0.021874, 0.036832, 0.001463, 0.999320, -0.043081, 0.175501, 0.984447, -0.007910, -0.041700, 0.000000, 0.000000, 0.000000, 1.000000
-16.4246, 30.3775, 0.2626, 188.1591, 257.1591, -21.3775, 256.8108, -21.7452, -42.9562, -41.7734, 0.623367, 0.780536, -0.046649, 0.030378, -0.744614, 0.610772, 0.269273, 0.000263, 0.238669, -0.133120, 0.961934, 0.188159, 0.000000, 0.000000, 0.000000, 1.000000, 0.238669, -0.133120, 0.961934, 0.257159, -0.623367, -0.780536, 0.046649, -0.021378, 0.744614, -0.610772, -0.269273, 0.256811, 0.000000, 0.000000, 0.000000, 1.000000, -0.983884, 0.175274, 0.035359, -0.021745, 0.035669, -0.001384, 0.999363, -0.042956, 0.175211, 0.984519, -0.004890, -0.041773, 0.000000, 0.000000, 0.000000, 1.000000
-16.1609, 30.2261, 0.4492, 188.1089, 257.1089, -21.2261, 256.6242, -21.7007, -42.8565, -41.8140, 0.623193, 0.780854, -0.043547, 0.030226, -0.746858, 0.610733, 0.263076, 0.000449, 0.232019, -0.131424, 0.963792, 0.188109, 0.000000, 0.000000, 0.000000, 1.000000, 0.232019, -0.131424, 0.963792, 0.257109, -0.623193, -0.780854, 0.043547, -0.021226, 0.746858, -0.610733, -0.263076, 0.256624, 0.000000, 0.000000, 0.000000, 1.000000, -0.984074, 0.174708, 0.032800, -0.021701, 0.033213, -0.000560, 0.999448, -0.042857, 0.174630, 0.984620, -0.005252, -0.041814, 0.000000, 0.000000, 0.000000, 1.000000
-15.8691, 30.0542, 0.6525, 188.1543, 257.1543, -21.0542, 256.4210, -21.6733, -42.6503, -41.8736, 0.623743, 0.780621, -0.039699, 0.030054, -0.747298, 0.610463, 0.262452, 0.000652, 0.229110, -0.134035, 0.964128, 0.188154, 0.000000, 0.000000, 0.000000, 1.000000, 0.229110, -0.134035, 0.964128, 0.257154, -0.623743, -0.780621, 0.039699, -0.021054, 0.747298, -0.610463, -0.262452, 0.256421, 0.000000, 0.000000, 0.000000, 1.000000, -0.983904, 0.175146, 0.035450, -0.021673, 0.035287, -0.004047, 0.999369, -0.042650, 0.175179, 0.984534, -0.002199, -0.041874, 0.000000, 0.000000, 0.000000, 1.000000
-15.5729, 29.9285, 0.8465, 188.0593, 257.0593, -20.9285, 256.2269, -21.6480, -42.5834, -41.8840, 0.624108, 0.780445, -0.037349, 0.029928, -0.749529, 0.611516, 0.253484, 0.000847, 0.220670, -0.130207, 0.966618, 0.188059, 0.000000, 0.000000, 0.000000, 1.000000, 0.220670, -0.130207, 0.966618, 0.257059, -0.624108, -0.780445, 0.037349, -0.020928, 0.749529, -0.611516, -0.253484, 0.256227, 0.000000, 0.000000, 0.000000, 1.000000, -0.984016, 0.175301, 0.031326, -0.021648, 0.031644, -0.000982, 0.999499, -0.042583, 0.175244, 0.984514, -0.004581, -0.041884, 0.000000, 0.000000, 0.000000, 1.000000
-15.2864, 29.7319, 1.0296, 188.0572, 257.0572, -20.7319, 256.0438, -21.6100, -42.4324, -41.9704, 0.624347, 0.780531, -0.031002, 0.029732, -0.749931, 0.610033, 0.255858, 0.001030, 0.218617, -0.136495, 0.966217, 0.188057, 0.000000, 0.000000, 0.000000, 1.000000, 0.218617, -0.136495, 0.966217, 0.257057, -0.624347, -0.780531, 0.031002, -0.020732, 0.749931, -0.610033, -0.255858, 0.256044, 0.000000, 0.000000, 0.000000, 1.000000, -0.983883, 0.175274, 0.035399, -0.021610, 0.034474, -0.008320, 0.999371, -0.042432, 0.175458, 0.984485, 0.002143, -0.041970, 0.000000, 0.000000, 0.000000, 1.000000
-15.0100, 29.5357, 1.2854, 187.8399, 256.8399, -20.5357, 255.7881, -21.4586, -42.4804, -42.0022, 0.624214, 0.780584, -0.032334, 0.029536, -0.751542, 0.611265, 0.248070, 0.001285, 0.213404, -0.130548, 0.968202, 0.187840, 0.000000, 0.000000, 0.000000, 1.000000, 0.213404, -0.130548, 0.968202, 0.256840, -0.624214, -0.780584, 0.032334, -0.020536, 0.751542, -0.611265, -0.248070, 0.255788, 0.000000, 0.000000, 0.000000, 1.000000, -0.983975, 0.175070, 0.033806, -0.021459, 0.033786, -0.003095, 0.999424, -0.042480, 0.175074, 0.984551, -0.002870, -0.042002, 0.000000, 0.000000, 0.000000, 1.000000
-14.7362, 29.3962, 1.4636, 187.8994, 256.8994, -20.3962, 255.6099, -21.4538, -42.2792, -42.0465, 0.624579, 0.780483, -0.027332, 0.029396, -0.752600, 0.610875, 0.245815, 0.001464, 0.208551, -0.132961, 0.968931, 0.187899, 0.000000, 0.000000, 0.000000, 1.000000, 0.208551, -0.132961, 0.968931, 0.256899, -0.624579, -0.780483, 0.027332, -0.020396, 0.752600, -0.610875, -0.245815, 0.255610, 0.000000, 0.000000, 0.000000, 1.000000, -0.983935, 0.175239, 0.034118, -0.021454, 0.033520, -0.006370, 0.999418, -0.042279, 0.175354, 0.984505, 0.000394, -0.042046, 0.000000, 0.000000, 0.000000, 1.000000
-14.4431, 29.1815, 1.6489, 187.6403, 256.6403, -20.1815, 255.4245, -21.3590, -42.3809, -42.1236, 0.623708, 0.781181, -0.027280, 0.029182, -0.752755, 0.609683, 0.248287, 0.001649, 0.210589, -0.134323, 0.968302, 0.187640, 0.000000, 0.000000, 0.000000, 1.000000, 0.210589, -0.134323, 0.968302, 0.256640, -0.623708, -0.781181, 0.027280, -0.020182, 0.752755, -0.609683, -0.248287, 0.255425, 0.000000, 0.000000, 0.000000, 1.000000, -0.983854, 0.174108, 0.041447, -0.021359, 0.040524, -0.008857, 0.999139, -0.042381, 0.174325, 0.984687, 0.001659, -0.042124, 0.000000, 0.000000, 0.000000, 1.000000
-14.1464, 29.0687, 1.8674, 187.7343, 256.7344, -20.0687, 255.2060, -21.3542, -42.1316, -42.1288, 0.624041, 0.781034, -0.023645, 0.029069, -0.755629, 0.610896, 0.236285, 0.001867, 0.198991, -0.129584, 0.971396, 0.187734, 0.000000, 0.000000, 0.000000, 1.000000, 0.198991, -0.129584, 0.971396, 0.256734, -0.624041, -0.781034, 0.023645, -0.020069, 0.755629, -0.610896, -0.236285, 0.255206, 0.000000, 0.000000, 0.000000, 1.000000, -0.984106, 0.174293, 0.034010, -0.021354, 0.033677, -0.004870, 0.999421, -0.042132, 0.174358, 0.984682, -0.001077, -0.042129, 0.000000, 0.000000, 0.000000, 1.000000
-13.8792, 28.8983, 2.0739, 187.7640, 256.7640, -19.8983, 254.9995, -21.2969, -41.9597, -42.1843, 0.623860, 0.781291, -0.019578, 0.028898, -0.756379, 0.609894, 0.236475, 0.002074, 0.196696, -0.132719, 0.971440, 0.187764, 0.000000, 0.000000, 0.000000, 1.000000, 0.196696, -0.132719, 0.971440, 0.256764, -0.623860, -0.781291, 0.019578, -0.019898, 0.756379, -0.609894, -0.236475, 0.255000, 0.000000, 0.000000, 0.000000, 1.000000, -0.984081, 0.173850, 0.036882, -0.021297, 0.035871, -0.008957, 0.999316, -0.041960, 0.174062, 0.984731, 0.002579, -0.042184, 0.000000, 0.000000, 0.000000, 1.000000
-13.6020, 28.7591, 2.2515, 187.6459, 256.6459, -19.7591, 254.8220, -21.2597, -41.9363, -42.2120, 0.624304, 0.780991, -0.017244, 0.028759, -0.758153, 0.611073, 0.227581, 0.002251, 0.188276, -0.129006, 0.973607, 0.187646, 0.000000, 0.000000, 0.000000, 1.000000, 0.188276, -0.129006, 0.973607, 0.256646, -0.624304, -0.780991, 0.017244, -0.019759, 0.758153, -0.611073, -0.227581, 0.254822, 0.000000, 0.000000, 0.000000, 1.000000, -0.984152, 0.174309, 0.032573, -0.021260, 0.032031, -0.005924, 0.999469, -0.041936, 0.174410, 0.984673, 0.000247, -0.042212, 0.000000, 0.000000, 0.000000, 1.000000
-13.3211, 28.5135, 2.4931, 187.6183, 256.6183, -19.5135, 254.5804, -21.1348, -41.8115, -42.3115, 0.624618, 0.780846, -0.011538, 0.028514, -0.758500, 0.610126, 0.228966, 0.002493, 0.185826, -0.134265, 0.973366, 0.187618, 0.000000, 0.000000, 0.000000, 1.000000, 0.185826, -0.134265, 0.973366, 0.256618, -0.624618, -0.780846, 0.011538, -0.019514, 0.758500, -0.610126, -0.228966, 0.254580, 0.000000, 0.000000, 0.000000, 1.000000, -0.984012, 0.174432, 0.035976, -0.021135, 0.034388, -0.012121, 0.999335, -0.041811, 0.174752, 0.984595, 0.005929, -0.042311, 0.000000, 0.000000, 0.000000, 1.000000
-13.0504, 28.3958, 2.6816, 187.4806, 256.4806, -19.3957, 254.3919, -21.0904, -41.8106, -42.3135, 0.624549, 0.780837, -0.015227, 0.028396, -0.759574, 0.611845, 0.220662, 0.002682, 0.181618, -0.126248, 0.975231, 0.187481, 0.000000, 0.000000, 0.000000, 1.000000, 0.181618, -0.126248, 0.975231, 0.256481, -0.624549, -0.780837, 0.015227, -0.019396, 0.759574, -0.611845, -0.220662, 0.254392, 0.000000, 0.000000, 0.000000, 1.000000, -0.984031, 0.174524, 0.035000, -0.021090, 0.034704, -0.004748, 0.999386, -0.041811, 0.174583, 0.984642, -0.001384, -0.042313, 0.000000, 0.000000, 0.000000, 1.000000
-12.7828, 28.2434, 2.8811, 187.5378, 256.5378, -19.2434, 254.1924, -21.0497, -41.6188, -42.3589, 0.624903, 0.780676, -0.006360, 0.028243, -0.761160, 0.611053, 0.217370, 0.002881, 0.173582, -0.130994, 0.976068, 0.187538, 0.000000, 0.000000, 0.000000, 1.000000, 0.173582, -0.130994, 0.976068, 0.256538, -0.624903, -0.780676, 0.006360, -0.019243, 0.761160, -0.611053, -0.217370, 0.254192, 0.000000, 0.000000, 0.000000, 1.000000, -0.984094, 0.174661, 0.032450, -0.021050, 0.031115, -0.010375, 0.999462, -0.041619, 0.174904, 0.984574, 0.004775, -0.042359, 0.000000, 0.000000, 0.000000, 1.000000
-12.5191, 28.0754, 3.0832, 187.4048, 256.4048, -19.0754, 253.9902, -20.9653, -41.6164, -42.3989, 0.624738, 0.780815, -0.005469, 0.028075, -0.761933, 0.611132, 0.214419, 0.003083, 0.170764, -0.129789, 0.976726, 0.187405, 0.000000, 0.000000, 0.000000, 1.000000, 0.170764, -0.129789, 0.976726, 0.256405, -0.624738, -0.780815, 0.005469, -0.019075, 0.761933, -0.611132, -0.214419, 0.253990, 0.000000, 0.000000, 0.000000, 1.000000, -0.984084, 0.174424, 0.033974, -0.020965, 0.032734, -0.009978, 0.999414, -0.041616, 0.174660, 0.984620, 0.004110, -0.042399, 0.000000, 0.000000, 0.000000, 1.000000
-12.2599, 27.9176, 3.3034, 187.4580, 256.4580, -18.9176, 253.7700, -20.8958, -41.4308, -42.4391, 0.624946, 0.780667, -0.001621, 0.027918, -0.763145, 0.611354, 0.209418, 0.003303, 0.164477, -0.129638, 0.977825, 0.187458, 0.000000, 0.000000, 0.000000, 1.000000, 0.164477, -0.129638, 0.977825, 0.256458, -0.624946, -0.780667, 0.001621, -0.018918, 0.763145, -0.611354, -0.209418, 0.253770, 0.000000, 0.000000, 0.000000, 1.000000, -0.984111, 0.174616, 0.032170, -0.020896, 0.030794, -0.010581, 0.999470, -0.041431, 0.174864, 0.984580, 0.005035, -0.042439, 0.000000, 0.000000, 0.000000, 1.000000
-12.0094, 27.7503, 3.4824, 187.3450, 256.3450, -18.7503, 253.5911, -20.8252, -41.4208, -42.4912, 0.624477, 0.781043, -0.000123, 0.027750, -0.764343, 0.611157, 0.205591, 0.003482, 0.160651, -0.128293, 0.978638, 0.187345, 0.000000, 0.000000, 0.000000, 1.000000, 0.160651, -0.128293, 0.978638, 0.256345, -0.624477, -0.781043, 0.000123, -0.018750, 0.764343, -0.611157, -0.205591, 0.253591, 0.000000, 0.000000, 0.000000, 1.000000, -0.984210, 0.174017, 0.032393, -0.020825, 0.031118, -0.010050, 0.999465, -0.041421, 0.174250, 0.984691, 0.004476, -0.042491, 0.000000, 0.000000, 0.000000, 1.000000
-11.7536, 27.6473, 3.6026, 187.3337, 256.3337, -18.6473, 253.4709, -20.8550, -41.3194, -42.5242, 0.624304, 0.781181, 0.000668, 0.027647, -0.764809, 0.611046, 0.204179, 0.003603, 0.159093, -0.127981, 0.978933, 0.187334, 0.000000, 0.000000, 0.000000, 1.000000, 0.159093, -0.127981, 0.978933, 0.256334, -0.624304, -0.781181, -0.000668, -0.018647, 0.764809, -0.611046, -0.204179, 0.253471, 0.000000, 0.000000, 0.000000, 1.000000, -0.984158, 0.173764, 0.035214, -0.020855, 0.033898, -0.010537, 0.999370, -0.041319, 0.174025, 0.984731, 0.004480, -0.042524, 0.000000, 0.000000, 0.000000, 1.000000
-11.4816, 27.5030, 3.7987, 187.3237, 256.3237, -18.5030, 253.2747, -20.8106, -41.1992, -42.5578, 0.624881, 0.780682, 0.007676, 0.027503, -0.765512, 0.610748, 0.202431, 0.003799, 0.153346, -0.132372, 0.979266, 0.187324, 0.000000, 0.000000, 0.000000, 1.000000, 0.153346, -0.132372, 0.979266, 0.256324, -0.624881, -0.780682, -0.007676, -0.018503, 0.765512, -0.610748, -0.202431, 0.253275, 0.000000, 0.000000, 0.000000, 1.000000, -0.984068, 0.174305, 0.035047, -0.020811, 0.032801, -0.015748, 0.999338, -0.041199, 0.174741, 0.984566, 0.009780, -0.042558, 0.000000, 0.000000, 0.000000, 1.000000
-11.2078, 27.3163, 3.9753, 187.2427, 256.2427, -18.3163, 253.0982, -20.7539, -41.1537, -42.6312, 0.624222, 0.781215, 0.007126, 0.027316, -0.766780, 0.610890, 0.197134, 0.003975, 0.149651, -0.128519, 0.980351, 0.187243, 0.000000, 0.000000, 0.000000, 1.000000, 0.149651, -0.128519, 0.980351, 0.256243, -0.624222, -0.781215, -0.007126, -0.018316, 0.766780, -0.610890, -0.197134, 0.253098, 0.000000, 0.000000, 0.000000, 1.000000, -0.984186, 0.173576, 0.035346, -0.020754, 0.033642, -0.012748, 0.999353, -0.041154, 0.173915, 0.984738, 0.006707, -0.042631, 0.000000, 0.000000, 0.000000, 1.000000
-10.9512, 27.1924, 4.1749, 187.2557, 256.2557, -18.1924, 252.8986, -20.7073, -41.0181, -42.6474, 0.625054, 0.780513, 0.010380, 0.027192, -0.766518, 0.611225, 0.197113, 0.004175, 0.147504, -0.131163, 0.980326, 0.187256, 0.000000, 0.000000, 0.000000, 1.000000, 0.147504, -0.131163, 0.980326, 0.256256, -0.625054, -0.780513, -0.010380, -0.018192, 0.766518, -0.611225, -0.197113, 0.252899, 0.000000, 0.000000, 0.000000, 1.000000, -0.983916, 0.174489, 0.038253, -0.020707, 0.035994, -0.016095, 0.999222, -0.041018, 0.174969, 0.984528, 0.009556, -0.042647, 0.000000, 0.000000, 0.000000, 1.000000
-10.6862, 27.0032, 4.3897, 187.1825, 256.1825, -18.0032, 252.6838, -20.6103, -40.9650, -42.7058, 0.624360, 0.780992, 0.015052, 0.027003, -0.768813, 0.610985, 0.188743, 0.004390, 0.138210, -0.129415, 0.981911, 0.187183, 0.000000, 0.000000, 0.000000, 1.000000, 0.138210, -0.129415, 0.981911, 0.256183, -0.624360, -0.780992, -0.015052, -0.018003, 0.768813, -0.610985, -0.188743, 0.252684, 0.000000, 0.000000, 0.000000, 1.000000, -0.984230, 0.173755, 0.033165, -0.020610, 0.030993, -0.015203, 0.999404, -0.040965, 0.174156, 0.984672, 0.009578, -0.042706, 0.000000, 0.000000, 0.000000, 1.000000
-10.4098, 26.8399, 4.5772, 187.1081, 256.1081, -17.8399, 252.4963, -20.5577, -40.9144, -42.7541, 0.624308, 0.781059, 0.013638, 0.026840, -0.768968, 0.611382, 0.186818, 0.004577, 0.137578, -0.127119, 0.982300, 0.187108, 0.000000, 0.000000, 0.000000, 1.000000, 0.137578, -0.127119, 0.982300, 0.256108, -0.624308, -0.781059, -0.013638, -0.017840, 0.768968, -0.611382, -0.186818, 0.252496, 0.000000, 0.000000, 0.000000, 1.000000, -0.984103, 0.173714, 0.036945, -0.020558, 0.035095, -0.013711, 0.999290, -0.040914, 0.174098, 0.984701, 0.007396, -0.042754, 0.000000, 0.000000, 0.000000, 1.000000
-10.1430, 26.7050, 4.7526, 187.0759, 256.0759, -17.7050, 252.3209, -20.5271, -40.8279, -42.7871, 0.624552, 0.780767, 0.018358, 0.026705, -0.769473, 0.611157, 0.185467, 0.004753, 0.133587, -0.129960, 0.982479, 0.187076, 0.000000, 0.000000, 0.000000, 1.000000, 0.133587, -0.129960, 0.982479, 0.256076, -0.624552, -0.780767, -0.018358, -0.017705, 0.769473, -0.611157, -0.185467, 0.252321, 0.000000, 0.000000, 0.000000, 1.000000, -0.984020, 0.173923, 0.038148, -0.020527, 0.035667, -0.017370, 0.999213, -0.040828, 0.174449, 0.984606, 0.010889, -0.042787, 0.000000, 0.000000, 0.000000, 1.000000
-9.8798, 26.5456, 4.9521, 187.0619, 256.0619, -17.5456, 252.1213, -20.4629, -40.7231, -42.8320, 0.623792, 0.781329, 0.020186, 0.026546, -0.771181, 0.611079, 0.178499, 0.004952, 0.127131, -0.126914, 0.983733, 0.187062, 0.000000, 0.000000, 0.000000, 1.000000, 0.127131, -0.126914, 0.983733, 0.256062, -0.623792, -0.781329, -0.020186, -0.017546, 0.771181, -0.611079, -0.178499, 0.252121, 0.000000, 0.000000, 0.000000, 1.000000, -0.984248, 0.173164, 0.035653, -0.020463, 0.033533, -0.015149, 0.999323, -0.040723, 0.173586, 0.984777, 0.009104, -0.042832, 0.000000, 0.000000, 0.000000, 1.000000
-9.6130, 26.3906, 5.1884, 187.2545, 256.2545, -17.3906, 251.8851, -20.3930, -40.4088, -42.8752, 0.623697, 0.781063, 0.030712, 0.026391, -0.773409, 0.610935, 0.169108, 0.005188, 0.113321, -0.129225, 0.985119, 0.187255, 0.000000, 0.000000, 0.000000, 1.000000, 0.113321, -0.129225, 0.985119, 0.256255, -0.623697, -0.781063, -0.030712, -0.017391, 0.773409, -0.610935, -0.169108, 0.251885, 0.000000, 0.000000, 0.000000, 1.000000, -0.984493, 0.173341, 0.026942, -0.020393, 0.024137, -0.018272, 0.999542, -0.040409, 0.173754, 0.984692, 0.013804, -0.042875, 0.000000, 0.000000, 0.000000, 1.000000
-9.3661, 26.2414, 5.3636, 187.0751, 256.0752, -17.2414, 251.7099, -20.3244, -40.4793, -42.9071, 0.623464, 0.781380, 0.027154, 0.026241, -0.773332, 0.611185, 0.168554, 0.005364, 0.115108, -0.126086, 0.985318, 0.187075, 0.000000, 0.000000, 0.000000, 1.000000, 0.115108, -0.126086, 0.985318, 0.256075, -0.623464, -0.781380, -0.027154, -0.017241, 0.773332, -0.611185, -0.168554, 0.251710, 0.000000, 0.000000, 0.000000, 1.000000, -0.984387, 0.173004, 0.032446, -0.020324, 0.030154, -0.015866, 0.999419, -0.040479, 0.173418, 0.984793, 0.010402, -0.042907, 0.000000, 0.000000, 0.000000, 1.000000
-9.0716, 26.0440, 5.5800, 187.1741, 256.1741, -17.0440, 251.4935, -20.2588, -40.2551, -42.9881, 0.623764, 0.780601, 0.039751, 0.026044, -0.774596, 0.610566, 0.164955, 0.005580, 0.104493, -0.133683, 0.985500, 0.187174, 0.000000, 0.000000, 0.000000, 1.000000, 0.104493, -0.133683, 0.985500, 0.256174, -0.623764, -0.780601, -0.039751, -0.017044, 0.774596, -0.610566, -0.164955, 0.251493, 0.000000, 0.000000, 0.000000, 1.000000, -0.984425, 0.173496, 0.028410, -0.020259, 0.024544, -0.024391, 0.999401, -0.040255, 0.174085, 0.984532, 0.019753, -0.042988, 0.000000, 0.000000, 0.000000, 1.000000
-8.8075, 25.8991, 5.7417, 186.9734, 255.9734, -16.8991, 251.3317, -20.2149, -40.3453, -43.0205, 0.623653, 0.780982, 0.033526, 0.025899, -0.774304, 0.611296, 0.163618, 0.005742, 0.107289, -0.128000, 0.985954, 0.186973, 0.000000, 0.000000, 0.000000, 1.000000, 0.107289, -0.128000, 0.985954, 0.255973, -0.623653, -0.780982, -0.033526, -0.016899, 0.774304, -0.611296, -0.163618, 0.251332, 0.000000, 0.000000, 0.000000, 1.000000, -0.984254, 0.173307, 0.034778, -0.020215, 0.031885, -0.019450, 0.999302, -0.040345, 0.173862, 0.984676, 0.013618, -0.043021, 0.000000, 0.000000, 0.000000, 1.000000
-8.5553, 25.7589, 5.9876, 187.0685, 256.0685, -16.7589, 251.0858, -20.1189, -40.1369, -43.0371, 0.623600, 0.780721, 0.039967, 0.025759, -0.775432, 0.611272, 0.158278, 0.005988, 0.099140, -0.129694, 0.986585, 0.187069, 0.000000, 0.000000, 0.000000, 1.000000, 0.099140, -0.129694, 0.986585, 0.256069, -0.623600, -0.780721, -0.039967, -0.016759, 0.775432, -0.611272, -0.158278, 0.251086, 0.000000, 0.000000, 0.000000, 1.000000, -0.984338, 0.173474, 0.031379, -0.020119, 0.027997, -0.021906, 0.999368, -0.040137, 0.174051, 0.984595, 0.016706, -0.043037, 0.000000, 0.000000, 0.000000, 1.000000
-8.2837, 25.5872, 6.1193, 186.8591, 255.8591, -16.5872, 250.9541, -20.0941, -40.2405, -43.1063, 0.623574, 0.780865, 0.037486, 0.025587, -0.775100, 0.611300, 0.159786, 0.006119, 0.101856, -0.128694, 0.986440, 0.186859, 0.000000, 0.000000, 0.000000, 1.000000, 0.101856, -0.128694, 0.986440, 0.255859, -0.623574, -0.780865, -0.037486, -0.016587, 0.775100, -0.611300, -0.159786, 0.250954, 0.000000, 0.000000, 0.000000, 1.000000, -0.984122, 0.173240, 0.038630, -0.020094, 0.035395, -0.021726, 0.999137, -0.040241, 0.173929, 0.984640, 0.015250, -0.043106, 0.000000, 0.000000, 0.000000, 1.000000
-8.0165, 25.4438, 6.3605, 187.0650, 256.0650, -16.4438, 250.7130, -20.0185, -39.9208, -43.1383, 0.623522, 0.780333, 0.047980, 0.025444, -0.776710, 0.611293, 0.151799, 0.006360, 0.089123, -0.131916, 0.987246, 0.187065, 0.000000, 0.000000, 0.000000, 1.000000, 0.089123, -0.131916, 0.987246, 0.256065, -0.623522, -0.780333, -0.047980, -0.016444, 0.776710, -0.611293, -0.151799, 0.250713, 0.000000, 0.000000, 0.000000, 1.000000, -0.984314, 0.173641, 0.031229, -0.020019, 0.027161, -0.025756, 0.999299, -0.039921, 0.174324, 0.984472, 0.020636, -0.043138, 0.000000, 0.000000, 0.000000, 1.000000
-7.7418, 25.2706, 6.5712, 187.0007, 256.0008, -16.2706, 250.5023, -19.9378, -39.8729, -43.1854, 0.621968, 0.781525, 0.048725, 0.025271, -0.778732, 0.610825, 0.143070, 0.006571, 0.082051, -0.126928, 0.988512, 0.187001, 0.000000, 0.000000, 0.000000, 1.000000, 0.082051, -0.126928, 0.988512, 0.256001, -0.621968, -0.781525, -0.048725, -0.016271, 0.778732, -0.610825, -0.143070, 0.250502, 0.000000, 0.000000, 0.000000, 1.000000, -0.984673, 0.172163, 0.027928, -0.019938, 0.024565, -0.021633, 0.999464, -0.039873, 0.172675, 0.984831, 0.017072, -0.043185, 0.000000, 0.000000, 0.000000, 1.000000
-7.4703, 25.1162, 6.7716, 187.0750, 256.0750, -16.1162, 250.3018, -19.8827, -39.6905, -43.2338, 0.622861, 0.780051, 0.059710, 0.025116, -0.778825, 0.611040, 0.141642, 0.006772, 0.074003, -0.134727, 0.988115, 0.187075, 0.000000, 0.000000, 0.000000, 1.000000, 0.074003, -0.134727, 0.988115, 0.256075, -0.622861, -0.780051, -0.059710, -0.016116, 0.778825, -0.611040, -0.141642, 0.250302, 0.000000, 0.000000, 0.000000, 1.000000, -0.984485, 0.173498, 0.026209, -0.019883, 0.021274, -0.030243, 0.999316, -0.039691, 0.174172, 0.984370, 0.026083, -0.043234, 0.000000, 0.000000, 0.000000, 1.000000
-7.2040, 24.9577, 6.9502, 186.8321, 255.8321, -15.9577, 250.1232, -19.8188, -39.8288, -43.2663, 0.621598, 0.781711, 0.050447, 0.024958, -0.779500, 0.610903, 0.138480, 0.006950, 0.077433, -0.125402, 0.989080, 0.186832, 0.000000, 0.000000, 0.000000, 1.000000, 0.077433, -0.125402, 0.989080, 0.255832, -0.621598, -0.781711, -0.050447, -0.015958, 0.779500, -0.610903, -0.138480, 0.250123, 0.000000, 0.000000, 0.000000, 1.000000, -0.984592, 0.171832, 0.032427, -0.019819, 0.029123, -0.021714, 0.999340, -0.039829, 0.172423, 0.984887, 0.016375, -0.043266, 0.000000, 0.000000, 0.000000, 1.000000
-6.9394, 24.7343, 7.2320, 186.9171, 255.9171, -15.7343, 249.8414, -19.6542, -39.6368, -43.3381, 0.621899, 0.780765, 0.060398, 0.024734, -0.780108, 0.610947, 0.134816, 0.007232, 0.068360, -0.130959, 0.989028, 0.186917, 0.000000, 0.000000, 0.000000, 1.000000, 0.068360, -0.130959, 0.989028, 0.255917, -0.621899, -0.780765, -0.060398, -0.015734, 0.780108, -0.610947, -0.134816, 0.249841, 0.000000, 0.000000, 0.000000, 1.000000, -0.984570, 0.172558, 0.029094, -0.019654, 0.024609, -0.028075, 0.999303, -0.039637, 0.173255, 0.984599, 0.023396, -0.043338, 0.000000, 0.000000, 0.000000, 1.000000
-6.6727, 24.6419, 7.3438, 186.8251, 255.8251, -15.6419, 249.7296, -19.6912, -39.6309, -43.3581, 0.621554, 0.781251, 0.057594, 0.024642, -0.780540, 0.611387, 0.130242, 0.007344, 0.066539, -0.125907, 0.989808, 0.186825, 0.000000, 0.000000, 0.000000, 1.000000, 0.066539, -0.125907, 0.989808, 0.255825, -0.621554, -0.781251, -0.057594, -0.015642, 0.780540, -0.611387, -0.130242, 0.249730, 0.000000, 0.000000, 0.000000, 1.000000, -0.984557, 0.172296, 0.031020, -0.019691, 0.027323, -0.023789, 0.999344, -0.039631, 0.172920, 0.984758, 0.018714, -0.043358, 0.000000, 0.000000, 0.000000, 1.000000
-6.4121, 24.4745, 7.6131, 186.9504, 255.9504, -15.4745, 249.4604, -19.5619, -39.4017, -43.3903, 0.621311, 0.780380, 0.070563, 0.024475, -0.781825, 0.611415, 0.122155, 0.007613, 0.052184, -0.131064, 0.990000, 0.186950, 0.000000, 0.000000, 0.000000, 1.000000, 0.052184, -0.131064, 0.990000, 0.255950, -0.621311, -0.780380, -0.070563, -0.015475, 0.781825, -0.611415, -0.122155, 0.249460, 0.000000, 0.000000, 0.000000, 1.000000, -0.984689, 0.172892, 0.022292, -0.019562, 0.017402, -0.029747, 0.999406, -0.039402, 0.173452, 0.984492, 0.026283, -0.043390, 0.000000, 0.000000, 0.000000, 1.000000
-6.1462, 24.3417, 7.7174, 186.7514, 255.7514, -15.3417, 249.3560, -19.5803, -39.5075, -43.4392, 0.621403, 0.781012, 0.062283, 0.024342, -0.781091, 0.611321, 0.127213, 0.007717, 0.061280, -0.127699, 0.989918, 0.186751, 0.000000, 0.000000, 0.000000, 1.000000, 0.061280, -0.127699, 0.989918, 0.255751, -0.621403, -0.781012, -0.062283, -0.015342, 0.781091, -0.611321, -0.127213, 0.249356, 0.000000, 0.000000, 0.000000, 1.000000, -0.984427, 0.172210, 0.035310, -0.019580, 0.031085, -0.027173, 0.999147, -0.039507, 0.173023, 0.984685, 0.021397, -0.043439, 0.000000, 0.000000, 0.000000, 1.000000
-5.8816, 24.2351, 7.9476, 186.6806, 255.6806, -15.2351, 249.1258, -19.5065, -39.4748, -43.4180, 0.620415, 0.782367, 0.054662, 0.024235, -0.782022, 0.611850, 0.118670, 0.007948, 0.059398, -0.116371, 0.991428, 0.186681, 0.000000, 0.000000, 0.000000, 1.000000, 0.059398, -0.116371, 0.991428, 0.255681, -0.620415, -0.782367, -0.054662, -0.015235, 0.782022, -0.611850, -0.118670, 0.249126, 0.000000, 0.000000, 0.000000, 1.000000, -0.984541, 0.171419, 0.035967, -0.019506, 0.033620, -0.016573, 0.999297, -0.039475, 0.171895, 0.985059, 0.010553, -0.043418, 0.000000, 0.000000, 0.000000, 1.000000
-5.6136, 24.0222, 8.1289, 186.7442, 255.7442, -15.0222, 248.9446, -19.4330, -39.3195, -43.5258, 0.620066, 0.781652, 0.067359, 0.024022, -0.782914, 0.610948, 0.117424, 0.008129, 0.050632, -0.125547, 0.990795, 0.186744, 0.000000, 0.000000, 0.000000, 1.000000, 0.050632, -0.125547, 0.990795, 0.255744, -0.620066, -0.781652, -0.067359, -0.015022, 0.782914, -0.610948, -0.117424, 0.248945, 0.000000, 0.000000, 0.000000, 1.000000, -0.984659, 0.171236, 0.033546, -0.019433, 0.029413, -0.026619, 0.999213, -0.039320, 0.171994, 0.984870, 0.021174, -0.043526, 0.000000, 0.000000, 0.000000, 1.000000
-5.3407, 23.8730, 8.3198, 186.6305, 255.6305, -14.8730, 248.7536, -19.3775, -39.3355, -43.5565, 0.619701, 0.782062, 0.065953, 0.023873, -0.783421, 0.611348, 0.111827, 0.008320, 0.047135, -0.120968, 0.991537, 0.186631, 0.000000, 0.000000, 0.000000, 1.000000, 0.047135, -0.120968, 0.991537, 0.255631, -0.619701, -0.782062, -0.065953, -0.014873, 0.783421, -0.611348, -0.111827, 0.248754, 0.000000, 0.000000, 0.000000, 1.000000, -0.984664, 0.171112, 0.034022, -0.019378, 0.030561, -0.022822, 0.999272, -0.039336, 0.171764, 0.984987, 0.017242, -0.043556, 0.000000, 0.000000, 0.000000, 1.000000
-5.0752, 23.7215, 8.5584, 186.6684, 255.6684, -14.7215, 248.5150, -19.2788, -39.2015, -43.5810, 0.619160, 0.782206, 0.069241, 0.023721, -0.784292, 0.611597, 0.104094, 0.008558, 0.039075, -0.118756, 0.992154, 0.186668, 0.000000, 0.000000, 0.000000, 1.000000, 0.039075, -0.118756, 0.992154, 0.255668, -0.619160, -0.782206, -0.069241, -0.014721, 0.784292, -0.611597, -0.104094, 0.248515, 0.000000, 0.000000, 0.000000, 1.000000, -0.984790, 0.171091, 0.030269, -0.019279, 0.027003, -0.021385, 0.999407, -0.039201, 0.171637, 0.985023, 0.016440, -0.043581, 0.000000, 0.000000, 0.000000, 1.000000
-4.8212, 23.5041, 8.7778, 186.8741, 255.8741, -14.5041, 248.2956, -19.1613, -38.9119, -43.6882, 0.618834, 0.780236, 0.090977, 0.023504, -0.785173, 0.610943, 0.101255, 0.008778, 0.023421, -0.134093, 0.990692, 0.186874, 0.000000, 0.000000, 0.000000, 1.000000, 0.023421, -0.134093, 0.990692, 0.255874, -0.618834, -0.780236, -0.090977, -0.014504, 0.785173, -0.610943, -0.101255, 0.248296, 0.000000, 0.000000, 0.000000, 1.000000, -0.984900, 0.171726, 0.021944, -0.019161, 0.015707, -0.037591, 0.999170, -0.038912, 0.172408, 0.984427, 0.034326, -0.043688, 0.000000, 0.000000, 0.000000, 1.000000
-4.5360, 23.4362, 8.9372, 186.6015, 255.6015, -14.4362, 248.1363, -19.1770, -39.0826, -43.6473, 0.618750, 0.782639, 0.067998, 0.023436, -0.784655, 0.611481, 0.102015, 0.008937, 0.038262, -0.116477, 0.992456, 0.186602, 0.000000, 0.000000, 0.000000, 1.000000, 0.038262, -0.116477, 0.992456, 0.255602, -0.618750, -0.782639, -0.067998, -0.014436, 0.784655, -0.611481, -0.102015, 0.248136, 0.000000, 0.000000, 0.000000, 1.000000, -0.984603, 0.170531, 0.038425, -0.019177, 0.035408, -0.020701, 0.999159, -0.039083, 0.171183, 0.985135, 0.014344, -0.043647, 0.000000, 0.000000, 0.000000, 1.000000
-4.2812, 23.3361, 9.1156, 186.5425, 255.5425, -14.3361, 247.9578, -19.1453, -39.0530, -43.6459, 0.619169, 0.782955, 0.060097, 0.023336, -0.784208, 0.612572, 0.098856, 0.009116, 0.040586, -0.108337, 0.993285, 0.186542, 0.000000, 0.000000, 0.000000, 1.000000, 0.040586, -0.108337, 0.993285, 0.255542, -0.619169, -0.782955, -0.060097, -0.014336, 0.784208, -0.612572, -0.098856, 0.247958, 0.000000, 0.000000, 0.000000, 1.000000, -0.984274, 0.171128, 0.043809, -0.019145, 0.042158, -0.013270, 0.999023, -0.039053, 0.171542, 0.985159, 0.005846, -0.043646, 0.000000, 0.000000, 0.000000, 1.000000
-4.0039, 23.1193, 9.3896, 186.6321, 255.6321, -14.1193, 247.6839, -18.9911, -38.8729, -43.7160, 0.617148, 0.782851, 0.079198, 0.023119, -0.786692, 0.611894, 0.081861, 0.009390, 0.015624, -0.112825, 0.993492, 0.186632, 0.000000, 0.000000, 0.000000, 1.000000, 0.015624, -0.112825, 0.993492, 0.255632, -0.617148, -0.782851, -0.079198, -0.014119, 0.786692, -0.611894, -0.081861, 0.247684, 0.000000, 0.000000, 0.000000, 1.000000, -0.985039, 0.170559, 0.024639, -0.018991, 0.021781, -0.018610, 0.999590, -0.038873, 0.170947, 0.985172, 0.014616, -0.043716, 0.000000, 0.000000, 0.000000, 1.000000
-3.7411, 22.8246, 9.7738, 186.8024, 255.8024, -13.8246, 247.2997, -18.6923, -38.6206, -43.8103, 0.612670, 0.781812, 0.115782, 0.022825, -0.789664, 0.611595, 0.048809, 0.009774, -0.032652, -0.121333, 0.992075, 0.186802, 0.000000, 0.000000, 0.000000, 1.000000, -0.032652, -0.121333, 0.992075, 0.255802, -0.612670, -0.781812, -0.115782, -0.013825, 0.789664, -0.611595, -0.048809, 0.247300, 0.000000, 0.000000, 0.000000, 1.000000, -0.985165, 0.170746, -0.017175, -0.018692, -0.022268, -0.027960, 0.999361, -0.038621, 0.170156, 0.984918, 0.031348, -0.043810, 0.000000, 0.000000, 0.000000, 1.000000
-3.4704, 22.8041, 9.8426, 186.6200, 255.6200, -13.8041, 247.2308, -18.8041, -38.7120, -43.7788, 0.615164, 0.783739, 0.085592, 0.022804, -0.788394, 0.611921, 0.063155, 0.009843, -0.002878, -0.106331, 0.994327, 0.186620, 0.000000, 0.000000, 0.000000, 1.000000, -0.002878, -0.106331, 0.994327, 0.255620, -0.615164, -0.783739, -0.085592, -0.013804, 0.788394, -0.611921, -0.063155, 0.247231, 0.000000, 0.000000, 0.000000, 1.000000, -0.985342, 0.169977, 0.014435, -0.018804, 0.012291, -0.013658, 0.999831, -0.038712, 0.170145, 0.985353, 0.011368, -0.043779, 0.000000, 0.000000, 0.000000, 1.000000
-3.2142, 22.3094, 9.9672, 186.7375, 255.7375, -13.3094, 247.1062, -18.6335, -38.5473, -44.1657, 0.612415, 0.775342, 0.154248, 0.022309, -0.789840, 0.608304, 0.078229, 0.009967, -0.033175, -0.169740, 0.984930, 0.186737, 0.000000, 0.000000, 0.000000, 1.000000, -0.033175, -0.169740, 0.984930, 0.255737, -0.612415, -0.775342, -0.154248, -0.013309, 0.789840, -0.608304, -0.078229, 0.247106, 0.000000, 0.000000, 0.000000, 1.000000, -0.985365, 0.170456, -0.000192, -0.018634, -0.013757, -0.078404, 0.996827, -0.038547, 0.169900, 0.982241, 0.079602, -0.044166, 0.000000, 0.000000, 0.000000, 1.000000
-2.9382, 22.6265, 10.2967, 186.4820, 255.4820, -13.6265, 246.7767, -18.6797, -38.6717, -43.7086, 0.615119, 0.786172, 0.059687, 0.022626, -0.788434, 0.613436, 0.045480, 0.010297, -0.000859, -0.075035, 0.997181, 0.186482, 0.000000, 0.000000, 0.000000, 1.000000, -0.000859, -0.075035, 0.997181, 0.255482, -0.615119, -0.786172, -0.059687, -0.013626, 0.788434, -0.613436, -0.045480, 0.246777, 0.000000, 0.000000, 0.000000, 1.000000, -0.985183, 0.170295, 0.020352, -0.018680, 0.023448, 0.016188, 0.999594, -0.038672, 0.169896, 0.985260, -0.019941, -0.043709, 0.000000, 0.000000, 0.000000, 1.000000
-2.6767, 22.3787, 10.5075, 186.5769, 255.5769, -13.3787, 246.5660, -18.5523, -38.5068, -43.8361, 0.614040, 0.784723, 0.084644, 0.022379, -0.789101, 0.612612, 0.045005, 0.010507, -0.016537, -0.094428, 0.995394, 0.186577, 0.000000, 0.000000, 0.000000, 1.000000, -0.016537, -0.094428, 0.995394, 0.255577, -0.614040, -0.784723, -0.084644, -0.013379, 0.789101, -0.612612, -0.045005, 0.246566, 0.000000, 0.000000, 0.000000, 1.000000, -0.985349, 0.170072, 0.012729, -0.018552, 0.012218, -0.004051, 0.999917, -0.038507, 0.170110, 0.985423, 0.001914, -0.043836, 0.000000, 0.000000, 0.000000, 1.000000
-2.4012, 22.3294, 10.5465, 186.4528, 255.4528, -13.3294, 246.5270, -18.6819, -38.5440, -43.8494, 0.616512, 0.784721, 0.064236, 0.022329, -0.787252, 0.613128, 0.065641, 0.010546, 0.012125, -0.091038, 0.995774, 0.186453, 0.000000, 0.000000, 0.000000, 1.000000, 0.012125, -0.091038, 0.995774, 0.255453, -0.616512, -0.784721, -0.064236, -0.013329, 0.787252, -0.613128, -0.065641, 0.246527, 0.000000, 0.000000, 0.000000, 1.000000, -0.984302, 0.170567, 0.045348, -0.018682, 0.045766, -0.001480, 0.998951, -0.038544, 0.170455, 0.985345, -0.006349, -0.043849, 0.000000, 0.000000, 0.000000, 1.000000
-2.1502, 21.7083, 10.6358, 186.6046, 255.6046, -12.7083, 246.4376, -18.4766, -38.3664, -44.3670, 0.612711, 0.774404, 0.157745, 0.021708, -0.789707, 0.607701, 0.084036, 0.010636, -0.030784, -0.176062, 0.983898, 0.186605, 0.000000, 0.000000, 0.000000, 1.000000, -0.030784, -0.176062, 0.983898, 0.255605, -0.612711, -0.774404, -0.157745, -0.012708, 0.789707, -0.607701, -0.084036, 0.246438, 0.000000, 0.000000, 0.000000, 1.000000, -0.985420, 0.168740, 0.021776, -0.018477, 0.006952, -0.087951, 0.996101, -0.038366, 0.169997, 0.981729, 0.085496, -0.044367, 0.000000, 0.000000, 0.000000, 1.000000
-1.8716, 22.0510, 10.9123, 186.4273, 255.4273, -13.0510, 246.1612, -18.5846, -38.4142, -43.9197, 0.616597, 0.784668, 0.064062, 0.022051, -0.787218, 0.613492, 0.062572, 0.010912, 0.009797, -0.089013, 0.995982, 0.186427, 0.000000, 0.000000, 0.000000, 1.000000, 0.009797, -0.089013, 0.995982, 0.255427, -0.616597, -0.784668, -0.064062, -0.013051, 0.787218, -0.613492, -0.062572, 0.246161, 0.000000, 0.000000, 0.000000, 1.000000, -0.983909, 0.170947, 0.051961, -0.018585, 0.052557, -0.001038, 0.998617, -0.038414, 0.170764, 0.985280, -0.007963, -0.043920, 0.000000, 0.000000, 0.000000, 1.000000
