# Joint_A_Angle(deg), Cam_X(mm), Cam_Y(mm), Cam_Z(mm), Torso_X(mm), Torso_Y(mm), Torso_Z(mm), EE_X(mm), EE_Y(mm), EE_Z(mm), T_cam2marker_flat(16), T_torso2marker_flat(16), T_ee2marker_flat(16)
-19.7304, 42.1962, -36.1726, 195.4992, 264.4992, -33.1962, 293.2460, 102.4446, -1.8442, -7.1300, 0.831040, 0.511716, 0.217989, 0.042196, -0.536818, 0.840489, 0.073514, -0.036173, -0.145599, -0.178114, 0.973179, 0.195499, 0.000000, 0.000000, 0.000000, 1.000000, -0.145599, -0.178114, 0.973179, 0.264499, -0.831040, -0.511716, -0.217989, -0.033196, 0.536818, -0.840489, -0.073514, 0.293246, 0.000000, 0.000000, 0.000000, 1.000000, -0.017084, -0.034020, -0.999275, 0.102445, -0.999091, 0.039624, 0.015732, -0.001844, 0.039060, 0.998635, -0.034666, -0.007130, 0.000000, 0.000000, 0.000000, 1.000000
-19.4723, 42.1416, -36.1376, 195.5030, 264.5030, -33.1416, 293.2111, 102.4513, -2.3749, -7.1223, 0.831017, 0.512537, 0.216139, 0.042142, -0.537387, 0.840077, 0.074063, -0.036138, -0.143613, -0.177698, 0.973550, 0.195503, 0.000000, 0.000000, 0.000000, 1.000000, -0.143613, -0.177698, 0.973550, 0.264503, -0.831017, -0.512537, -0.216139, -0.033142, 0.537387, -0.840077, -0.074063, 0.293211, 0.000000, 0.000000, 0.000000, 1.000000, -0.018940, -0.034587, -0.999222, 0.102451, -0.998910, 0.043289, 0.017435, -0.002375, 0.042652, 0.998464, -0.035369, -0.007122, 0.000000, 0.000000, 0.000000, 1.000000
-19.2181, 41.7172, -35.8706, 195.5941, 264.5941, -32.7172, 292.9440, 102.4445, -2.4526, -7.1444, 0.828919, 0.515696, 0.216682, 0.041717, -0.540286, 0.838448, 0.071390, -0.035871, -0.144861, -0.176246, 0.973629, 0.195594, 0.000000, 0.000000, 0.000000, 1.000000, -0.144861, -0.176246, 0.973629, 0.264594, -0.828919, -0.515696, -0.216682, -0.032717, 0.540286, -0.838448, -0.071390, 0.292944, 0.000000, 0.000000, 0.000000, 1.000000, -0.016944, -0.036623, -0.999185, 0.102444, -0.998894, 0.044463, 0.015309, -0.002453, 0.043866, 0.998340, -0.037336, -0.007144, 0.000000, 0.000000, 0.000000, 1.000000
-18.9897, 41.2210, -35.5527, 195.6167, 264.6167, -32.2210, 292.6262, 102.5170, -2.3944, -7.1526, 0.826284, 0.518707, 0.219540, 0.041221, -0.544146, 0.835782, 0.073305, -0.035553, -0.145464, -0.180032, 0.972846, 0.195617, 0.000000, 0.000000, 0.000000, 1.000000, -0.145464, -0.180032, 0.972846, 0.264617, -0.826284, -0.518707, -0.219540, -0.032221, 0.544146, -0.835782, -0.073305, 0.292626, 0.000000, 0.000000, 0.000000, 1.000000, -0.015347, -0.033477, -0.999322, 0.102517, -0.998939, 0.043914, 0.013870, -0.002394, 0.043420, 0.998474, -0.034115, -0.007153, 0.000000, 0.000000, 0.000000, 1.000000
-18.6983, 40.8860, -35.3307, 195.6636, 264.6636, -31.8860, 292.4041, 102.5347, -2.6624, -7.1546, 0.825089, 0.521178, 0.218179, 0.040886, -0.546394, 0.834312, 0.073326, -0.035331, -0.143813, -0.179712, 0.973150, 0.195664, 0.000000, 0.000000, 0.000000, 1.000000, -0.143813, -0.179712, 0.973150, 0.264664, -0.825089, -0.521178, -0.218179, -0.031886, 0.546394, -0.834312, -0.073326, 0.292404, 0.000000, 0.000000, 0.000000, 1.000000, -0.016431, -0.034265, -0.999278, 0.102535, -0.998822, 0.046210, 0.014839, -0.002662, 0.045668, 0.998344, -0.034984, -0.007155, 0.000000, 0.000000, 0.000000, 1.000000
-18.4504, 40.2236, -34.8513, 195.8413, 264.8413, -31.2236, 291.9248, 102.4841, -2.3991, -7.1631, 0.821551, 0.527754, 0.215710, 0.040224, -0.552042, 0.830905, 0.069617, -0.034851, -0.142493, -0.176275, 0.973973, 0.195841, 0.000000, 0.000000, 0.000000, 1.000000, -0.142493, -0.176275, 0.973973, 0.264841, -0.821551, -0.527754, -0.215710, -0.031224, 0.552042, -0.830905, -0.069617, 0.291925, 0.000000, 0.000000, 0.000000, 1.000000, -0.016296, -0.038902, -0.999110, 0.102484, -0.998933, 0.043810, 0.014588, -0.002399, 0.043204, 0.998282, -0.039575, -0.007163, 0.000000, 0.000000, 0.000000, 1.000000
-18.1959, 39.8869, -34.6006, 195.8484, 264.8485, -30.8869, 291.6741, 102.5379, -2.5701, -7.1397, 0.820077, 0.529552, 0.216908, 0.039887, -0.554284, 0.829294, 0.071003, -0.034601, -0.142280, -0.178456, 0.973606, 0.195848, 0.000000, 0.000000, 0.000000, 1.000000, -0.142280, -0.178456, 0.973606, 0.264848, -0.820077, -0.529552, -0.216908, -0.030887, 0.554284, -0.829294, -0.071003, 0.291674, 0.000000, 0.000000, 0.000000, 1.000000, -0.015926, -0.037098, -0.999185, 0.102538, -0.998861, 0.045543, 0.014230, -0.002570, 0.044978, 0.998273, -0.037781, -0.007140, 0.000000, 0.000000, 0.000000, 1.000000
-17.9452, 39.3472, -34.2538, 195.8975, 264.8975, -30.3472, 291.3273, 102.5931, -2.5083, -7.1641, 0.817735, 0.532019, 0.219695, 0.039347, -0.558206, 0.826103, 0.077205, -0.034254, -0.140416, -0.185768, 0.972509, 0.195897, 0.000000, 0.000000, 0.000000, 1.000000, -0.140416, -0.185768, 0.972509, 0.264897, -0.817735, -0.532019, -0.219695, -0.030347, 0.558206, -0.826103, -0.077205, 0.291327, 0.000000, 0.000000, 0.000000, 1.000000, -0.016775, -0.030369, -0.999398, 0.102593, -0.998869, 0.044988, 0.015399, -0.002508, 0.044493, 0.998526, -0.031090, -0.007164, 0.000000, 0.000000, 0.000000, 1.000000
-17.6731, 38.8518, -33.8923, 195.9667, 264.9667, -29.8518, 290.9658, 102.6163, -2.5191, -7.1585, 0.815546, 0.536901, 0.215922, 0.038852, -0.562183, 0.823551, 0.075585, -0.033892, -0.137241, -0.183031, 0.973481, 0.195967, 0.000000, 0.000000, 0.000000, 1.000000, -0.137241, -0.183031, 0.973481, 0.264967, -0.815546, -0.536901, -0.215922, -0.029852, 0.562183, -0.823551, -0.075585, 0.290966, 0.000000, 0.000000, 0.000000, 1.000000, -0.018920, -0.033989, -0.999243, 0.102616, -0.998847, 0.044756, 0.017390, -0.002519, 0.044131, 0.998420, -0.034796, -0.007158, 0.000000, 0.000000, 0.000000, 1.000000
-17.4236, 38.3107, -33.5314, 196.0378, 265.0378, -29.3107, 290.6048, 102.6492, -2.4423, -7.1835, 0.811885, 0.539933, 0.222070, 0.038311, -0.566173, 0.820973, 0.073836, -0.033531, -0.142447, -0.185676, 0.972231, 0.196038, 0.000000, 0.000000, 0.000000, 1.000000, -0.142447, -0.185676, 0.972231, 0.265038, -0.811885, -0.539933, -0.222070, -0.029311, 0.566173, -0.820973, -0.073836, 0.290605, 0.000000, 0.000000, 0.000000, 1.000000, -0.012618, -0.031956, -0.999410, 0.102649, -0.998934, 0.044788, 0.011180, -0.002442, 0.044404, 0.998485, -0.032487, -0.007184, 0.000000, 0.000000, 0.000000, 1.000000
-17.1916, 37.8428, -33.1867, 196.1240, 265.1240, -28.8428, 290.2601, 102.6508, -2.3901, -7.1869, 0.809841, 0.544762, 0.217698, 0.037843, -0.569959, 0.818509, 0.072043, -0.033187, -0.138941, -0.182422, 0.973354, 0.196124, 0.000000, 0.000000, 0.000000, 1.000000, -0.138941, -0.182422, 0.973354, 0.265124, -0.809841, -0.544762, -0.217698, -0.028843, 0.569959, -0.818509, -0.072043, 0.290260, 0.000000, 0.000000, 0.000000, 1.000000, -0.015135, -0.036068, -0.999235, 0.102651, -0.998939, 0.044028, 0.013542, -0.002390, 0.043505, 0.998379, -0.036696, -0.007187, 0.000000, 0.000000, 0.000000, 1.000000
-16.9543, 37.5225, -32.9523, 196.1816, 265.1816, -28.5225, 290.0258, 102.6535, -2.5367, -7.1882, 0.808427, 0.545835, 0.220251, 0.037523, -0.571886, 0.816942, 0.074519, -0.032952, -0.139257, -0.186201, 0.972593, 0.196182, 0.000000, 0.000000, 0.000000, 1.000000, -0.139257, -0.186201, 0.972593, 0.265182, -0.808427, -0.545835, -0.220251, -0.028523, 0.571886, -0.816942, -0.074519, 0.290026, 0.000000, 0.000000, 0.000000, 1.000000, -0.014300, -0.032547, -0.999368, 0.102653, -0.998867, 0.045830, 0.012800, -0.002537, 0.045384, 0.998419, -0.033166, -0.007188, 0.000000, 0.000000, 0.000000, 1.000000
-16.7295, 37.0167, -32.5978, 196.2860, 265.2860, -28.0167, 289.6713, 102.6461, -2.4302, -7.2145, 0.805494, 0.551580, 0.216656, 0.037017, -0.576414, 0.814123, 0.070362, -0.032598, -0.137575, -0.181559, 0.973709, 0.196286, 0.000000, 0.000000, 0.000000, 1.000000, -0.137575, -0.181559, 0.973709, 0.265286, -0.805494, -0.551580, -0.216656, -0.028017, 0.576414, -0.814123, -0.070362, 0.289671, 0.000000, 0.000000, 0.000000, 1.000000, -0.014769, -0.038193, -0.999161, 0.102646, -0.998937, 0.044214, 0.013075, -0.002430, 0.043678, 0.998292, -0.038805, -0.007215, 0.000000, 0.000000, 0.000000, 1.000000
-16.5050, 36.5045, -32.2256, 196.2911, 265.2911, -27.5045, 289.2990, 102.7343, -2.3211, -7.2112, 0.803291, 0.553951, 0.218776, 0.036504, -0.580068, 0.810974, 0.076440, -0.032226, -0.135078, -0.188309, 0.972776, 0.196291, 0.000000, 0.000000, 0.000000, 1.000000, -0.135078, -0.188309, 0.972776, 0.265291, -0.803291, -0.553951, -0.218776, -0.027504, 0.580068, -0.810974, -0.076440, 0.289299, 0.000000, 0.000000, 0.000000, 1.000000, -0.016287, -0.031986, -0.999356, 0.102734, -0.998947, 0.043394, 0.014891, -0.002321, 0.042890, 0.998546, -0.032659, -0.007211, 0.000000, 0.000000, 0.000000, 1.000000
-16.2355, 36.1415, -31.9900, 196.3290, 265.3290, -27.1415, 289.0635, 102.7664, -2.5113, -7.2358, 0.801534, 0.556506, 0.218735, 0.036142, -0.582387, 0.809480, 0.074620, -0.031990, -0.135535, -0.187199, 0.972927, 0.196329, 0.000000, 0.000000, 0.000000, 1.000000, -0.135535, -0.187199, 0.972927, 0.265329, -0.801534, -0.556506, -0.218735, -0.027142, 0.582387, -0.809480, -0.074620, 0.289063, 0.000000, 0.000000, 0.000000, 1.000000, -0.015192, -0.033555, -0.999321, 0.102766, -0.998878, 0.045347, 0.013663, -0.002511, 0.044857, 0.998408, -0.034206, -0.007236, 0.000000, 0.000000, 0.000000, 1.000000
-15.9887, 35.6717, -31.6201, 196.4685, 265.4685, -26.6717, 288.6936, 102.7148, -2.4695, -7.2440, 0.798935, 0.559691, 0.220112, 0.035672, -0.586210, 0.806487, 0.077049, -0.031620, -0.134394, -0.190589, 0.972427, 0.196469, 0.000000, 0.000000, 0.000000, 1.000000, -0.134394, -0.190589, 0.972427, 0.265469, -0.798935, -0.559691, -0.220112, -0.026672, 0.586210, -0.806487, -0.077049, 0.288694, 0.000000, 0.000000, 0.000000, 1.000000, -0.015289, -0.030803, -0.999409, 0.102715, -0.998897, 0.044860, 0.013899, -0.002470, 0.044405, 0.998518, -0.031455, -0.007244, 0.000000, 0.000000, 0.000000, 1.000000
-15.7558, 35.1641, -31.2366, 196.4781, 265.4781, -26.1641, 288.3100, 102.7965, -2.3761, -7.2379, 0.795911, 0.564489, 0.218810, 0.035164, -0.590156, 0.804036, 0.072399, -0.031237, -0.135063, -0.186755, 0.973078, 0.196478, 0.000000, 0.000000, 0.000000, 1.000000, -0.135063, -0.186755, 0.973078, 0.265478, -0.795911, -0.564489, -0.218810, -0.026164, 0.590156, -0.804036, -0.072399, 0.288310, 0.000000, 0.000000, 0.000000, 1.000000, -0.013523, -0.035468, -0.999279, 0.102797, -0.998950, 0.044232, 0.011949, -0.002376, 0.043777, 0.998391, -0.036029, -0.007238, 0.000000, 0.000000, 0.000000, 1.000000
-15.5318, 34.6925, -30.9040, 196.5405, 265.5405, -25.6925, 287.9775, 102.8232, -2.3142, -7.2651, 0.793423, 0.567426, 0.220245, 0.034692, -0.593694, 0.801234, 0.074504, -0.030904, -0.134193, -0.189871, 0.972595, 0.196541, 0.000000, 0.000000, 0.000000, 1.000000, -0.134193, -0.189871, 0.972595, 0.265541, -0.793423, -0.567426, -0.220245, -0.025692, 0.593694, -0.801234, -0.074504, 0.287977, 0.000000, 0.000000, 0.000000, 1.000000, -0.013413, -0.032936, -0.999367, 0.102823, -0.998973, 0.043696, 0.011967, -0.002314, 0.043274, 0.998502, -0.033489, -0.007265, 0.000000, 0.000000, 0.000000, 1.000000
-15.3035, 34.3769, -30.6361, 196.6082, 265.6082, -25.3769, 287.7096, 102.8117, -2.4221, -7.2524, 0.792407, 0.569837, 0.217661, 0.034377, -0.595923, 0.799366, 0.076750, -0.030636, -0.130256, -0.190526, 0.973002, 0.196608, 0.000000, 0.000000, 0.000000, 1.000000, -0.130256, -0.190526, 0.973002, 0.265608, -0.792407, -0.569837, -0.217661, -0.025377, 0.595923, -0.799366, -0.076750, 0.287710, 0.000000, 0.000000, 0.000000, 1.000000, -0.016747, -0.032733, -0.999324, 0.102812, -0.998890, 0.044565, 0.015280, -0.002422, 0.044035, 0.998470, -0.033443, -0.007252, 0.000000, 0.000000, 0.000000, 1.000000
-15.0703, 33.8885, -30.2574, 196.7485, 265.7485, -24.8885, 287.3308, 102.7632, -2.3295, -7.2761, 0.788951, 0.574281, 0.218534, 0.033889, -0.599914, 0.796834, 0.071823, -0.030257, -0.132889, -0.187766, 0.973183, 0.196748, 0.000000, 0.000000, 0.000000, 1.000000, -0.132889, -0.187766, 0.973183, 0.265748, -0.788951, -0.574281, -0.218534, -0.024889, 0.599914, -0.796834, -0.071823, 0.287331, 0.000000, 0.000000, 0.000000, 1.000000, -0.012976, -0.036267, -0.999258, 0.102763, -0.998966, 0.044016, 0.011375, -0.002329, 0.043571, 0.998372, -0.036800, -0.007276, 0.000000, 0.000000, 0.000000, 1.000000
-14.8458, 33.5980, -30.0224, 196.8575, 265.8575, -24.5980, 287.0959, 102.7087, -2.4628, -7.2865, 0.787620, 0.577277, 0.215422, 0.033598, -0.602446, 0.794845, 0.072661, -0.030022, -0.129282, -0.187009, 0.973814, 0.196858, 0.000000, 0.000000, 0.000000, 1.000000, -0.129282, -0.187009, 0.973814, 0.265858, -0.787620, -0.577277, -0.215422, -0.024598, 0.602446, -0.794845, -0.072661, 0.287096, 0.000000, 0.000000, 0.000000, 1.000000, -0.015886, -0.037559, -0.999168, 0.102709, -0.998909, 0.044490, 0.014210, -0.002463, 0.043919, 0.998304, -0.038224, -0.007286, 0.000000, 0.000000, 0.000000, 1.000000
-14.6339, 33.0833, -29.6271, 196.8422, 265.8422, -24.0833, 286.7005, 102.8151, -2.3116, -7.2833, 0.784422, 0.580531, 0.218323, 0.033083, -0.606215, 0.792031, 0.072048, -0.029627, -0.131092, -0.188867, 0.973213, 0.196842, 0.000000, 0.000000, 0.000000, 1.000000, -0.131092, -0.188867, 0.973213, 0.265842, -0.784422, -0.580531, -0.218323, -0.024083, 0.606215, -0.792031, -0.072048, 0.286701, 0.000000, 0.000000, 0.000000, 1.000000, -0.012993, -0.036318, -0.999256, 0.102815, -0.998981, 0.043668, 0.011403, -0.002312, 0.043221, 0.998386, -0.036848, -0.007283, 0.000000, 0.000000, 0.000000, 1.000000
-14.4052, 32.7516, -29.3684, 196.9444, 265.9444, -23.7516, 286.4419, 102.7754, -2.4096, -7.3020, 0.782574, 0.582759, 0.219018, 0.032752, -0.608703, 0.790050, 0.072808, -0.029368, -0.130606, -0.190295, 0.973001, 0.196944, 0.000000, 0.000000, 0.000000, 1.000000, -0.130606, -0.190295, 0.973001, 0.265944, -0.782574, -0.582759, -0.219018, -0.023752, 0.608703, -0.790050, -0.072808, 0.286442, 0.000000, 0.000000, 0.000000, 1.000000, -0.012770, -0.035314, -0.999295, 0.102775, -0.998946, 0.044509, 0.011193, -0.002410, 0.044083, 0.998385, -0.035845, -0.007302, 0.000000, 0.000000, 0.000000, 1.000000
-14.1819, 32.2876, -28.9710, 197.0574, 266.0574, -23.2876, 286.0445, 102.7453, -2.3048, -7.3007, 0.780216, 0.587925, 0.213560, 0.032288, -0.612882, 0.786787, 0.073089, -0.028971, -0.125055, -0.187912, 0.974192, 0.197057, 0.000000, 0.000000, 0.000000, 1.000000, -0.125055, -0.187912, 0.974192, 0.266057, -0.780216, -0.587925, -0.213560, -0.023288, 0.612882, -0.786787, -0.073089, 0.286044, 0.000000, 0.000000, 0.000000, 1.000000, -0.017144, -0.038596, -0.999108, 0.102745, -0.998967, 0.042725, 0.015491, -0.002305, 0.042089, 0.998341, -0.039288, -0.007301, 0.000000, 0.000000, 0.000000, 1.000000
-13.9446, 31.9223, -28.7266, 196.9818, 265.9818, -22.9223, 285.8001, 102.8865, -2.4302, -7.3127, 0.777766, 0.588647, 0.220398, 0.031922, -0.614988, 0.785122, 0.073309, -0.028727, -0.129886, -0.192559, 0.972651, 0.196982, 0.000000, 0.000000, 0.000000, 1.000000, -0.129886, -0.192559, 0.972651, 0.265982, -0.777766, -0.588647, -0.220398, -0.022922, 0.614988, -0.785122, -0.073309, 0.285800, 0.000000, 0.000000, 0.000000, 1.000000, -0.011681, -0.034142, -0.999349, 0.102887, -0.998952, 0.044626, 0.010152, -0.002430, 0.044250, 0.998420, -0.034628, -0.007313, 0.000000, 0.000000, 0.000000, 1.000000
-13.7047, 31.4579, -28.3674, 197.0102, 266.0102, -22.4579, 285.4409, 102.9417, -2.3995, -7.3249, 0.776134, 0.590959, 0.219962, 0.031458, -0.617843, 0.782428, 0.077949, -0.028367, -0.126039, -0.196401, 0.972389, 0.197010, 0.000000, 0.000000, 0.000000, 1.000000, -0.126039, -0.196401, 0.972389, 0.266010, -0.776134, -0.590959, -0.219962, -0.022458, 0.617843, -0.782428, -0.077949, 0.285441, 0.000000, 0.000000, 0.000000, 1.000000, -0.014716, -0.030766, -0.999418, 0.102942, -0.998906, 0.044823, 0.013329, -0.002399, 0.044386, 0.998521, -0.031392, -0.007325, 0.000000, 0.000000, 0.000000, 1.000000
-13.4860, 30.9882, -27.9815, 197.0777, 266.0777, -21.9882, 285.0549, 102.9579, -2.2935, -7.3328, 0.773037, 0.594359, 0.221700, 0.030988, -0.621650, 0.779388, 0.078134, -0.027981, -0.126351, -0.198220, 0.971980, 0.197078, 0.000000, 0.000000, 0.000000, 1.000000, -0.126351, -0.198220, 0.971980, 0.266078, -0.773037, -0.594359, -0.221700, -0.021988, 0.621650, -0.779388, -0.078134, 0.285055, 0.000000, 0.000000, 0.000000, 1.000000, -0.013290, -0.029578, -0.999474, 0.102958, -0.998965, 0.043876, 0.011985, -0.002293, 0.043499, 0.998599, -0.030130, -0.007333, 0.000000, 0.000000, 0.000000, 1.000000
-13.2519, 30.6706, -27.7249, 197.1648, 266.1648, -21.6706, 284.7983, 102.9293, -2.4184, -7.3492, 0.770385, 0.598493, 0.219802, 0.030671, -0.624512, 0.777775, 0.071069, -0.027725, -0.128422, -0.192020, 0.972952, 0.197165, 0.000000, 0.000000, 0.000000, 1.000000, -0.128422, -0.192020, 0.972952, 0.266165, -0.770385, -0.598493, -0.219802, -0.021671, 0.624512, -0.777775, -0.071069, 0.284798, 0.000000, 0.000000, 0.000000, 1.000000, -0.010366, -0.036436, -0.999282, 0.102929, -0.998966, 0.044625, 0.008736, -0.002418, 0.044274, 0.998339, -0.036860, -0.007349, 0.000000, 0.000000, 0.000000, 1.000000
-13.0396, 30.2120, -27.3196, 197.2850, 266.2850, -21.2120, 284.3931, 102.8902, -2.2864, -7.3532, 0.767653, 0.602358, 0.218799, 0.030212, -0.627996, 0.775115, 0.069409, -0.027320, -0.127786, -0.190687, 0.973298, 0.197285, 0.000000, 0.000000, 0.000000, 1.000000, -0.127786, -0.190687, 0.973298, 0.266285, -0.767653, -0.602358, -0.218799, -0.021212, 0.627996, -0.775115, -0.069409, 0.284393, 0.000000, 0.000000, 0.000000, 1.000000, -0.009975, -0.038437, -0.999211, 0.102890, -0.999003, 0.043877, 0.008285, -0.002286, 0.043524, 0.998297, -0.038837, -0.007353, 0.000000, 0.000000, 0.000000, 1.000000
-12.7838, 29.8803, -27.0525, 197.2902, 266.2902, -20.8803, 284.1260, 102.9431, -2.4548, -7.3539, 0.766250, 0.604403, 0.218079, 0.029880, -0.630581, 0.772532, 0.074571, -0.027053, -0.123402, -0.194657, 0.973078, 0.197290, 0.000000, 0.000000, 0.000000, 1.000000, -0.123402, -0.194657, 0.973078, 0.266290, -0.766250, -0.604403, -0.218079, -0.020880, 0.630581, -0.772532, -0.074571, 0.284126, 0.000000, 0.000000, 0.000000, 1.000000, -0.013611, -0.034881, -0.999299, 0.102943, -0.998932, 0.044609, 0.012048, -0.002455, 0.044158, 0.998395, -0.035451, -0.007354, 0.000000, 0.000000, 0.000000, 1.000000
-12.5417, 29.3751, -26.6574, 197.2720, 266.2720, -20.3751, 283.7308, 103.0500, -2.3820, -7.3660, 0.762873, 0.607052, 0.222513, 0.029375, -0.633936, 0.769943, 0.072883, -0.026657, -0.127079, -0.196659, 0.972202, 0.197272, 0.000000, 0.000000, 0.000000, 1.000000, -0.127079, -0.196659, 0.972202, 0.266272, -0.762873, -0.607052, -0.222513, -0.020375, 0.633936, -0.769943, -0.072883, 0.283731, 0.000000, 0.000000, 0.000000, 1.000000, -0.008912, -0.033371, -0.999403, 0.103050, -0.998964, 0.044904, 0.007409, -0.002382, 0.044630, 0.998434, -0.033737, -0.007366, 0.000000, 0.000000, 0.000000, 1.000000
-12.3295, 28.9287, -26.2638, 197.4626, 266.4626, -19.9287, 283.3372, 102.9411, -2.2580, -7.3953, 0.759945, 0.611178, 0.221236, 0.028929, -0.637627, 0.767044, 0.071240, -0.026264, -0.126157, -0.195204, 0.972615, 0.197463, 0.000000, 0.000000, 0.000000, 1.000000, -0.126157, -0.195204, 0.972615, 0.266463, -0.759945, -0.611178, -0.221236, -0.019929, 0.637627, -0.767044, -0.071240, 0.283337, 0.000000, 0.000000, 0.000000, 1.000000, -0.008727, -0.035534, -0.999330, 0.102941, -0.999014, 0.043822, 0.007166, -0.002258, 0.043538, 0.998407, -0.035881, -0.007395, 0.000000, 0.000000, 0.000000, 1.000000
-12.0999, 28.6314, -25.9779, 197.4809, 266.4809, -19.6314, 283.0513, 102.9710, -2.3771, -7.3697, 0.758663, 0.613952, 0.217932, 0.028631, -0.639957, 0.764954, 0.072805, -0.025978, -0.122009, -0.194701, 0.973245, 0.197481, 0.000000, 0.000000, 0.000000, 1.000000, -0.122009, -0.194701, 0.973245, 0.266481, -0.758663, -0.613952, -0.217932, -0.019631, 0.639957, -0.764954, -0.072805, 0.283051, 0.000000, 0.000000, 0.000000, 1.000000, -0.012190, -0.036516, -0.999259, 0.102971, -0.998956, 0.044456, 0.010561, -0.002377, 0.044037, 0.998344, -0.037019, -0.007370, 0.000000, 0.000000, 0.000000, 1.000000
-11.8834, 28.1646, -25.6044, 197.4758, 266.4758, -19.1646, 282.6779, 103.0576, -2.2862, -7.3851, 0.755498, 0.617077, 0.220086, 0.028165, -0.643387, 0.762190, 0.071555, -0.025604, -0.123593, -0.195660, 0.972852, 0.197476, 0.000000, 0.000000, 0.000000, 1.000000, -0.123593, -0.195660, 0.972852, 0.266476, -0.755498, -0.617077, -0.220086, -0.019165, 0.643387, -0.762190, -0.071555, 0.282678, 0.000000, 0.000000, 0.000000, 1.000000, -0.009555, -0.036114, -0.999302, 0.103058, -0.999001, 0.043969, 0.007963, -0.002286, 0.043651, 0.998380, -0.036498, -0.007385, 0.000000, 0.000000, 0.000000, 1.000000
-11.6292, 27.8676, -25.3621, 197.5252, 266.5252, -18.8676, 282.4355, 103.0616, -2.4880, -7.4005, 0.753823, 0.619424, 0.219239, 0.027868, -0.645702, 0.760140, 0.072506, -0.025362, -0.121741, -0.196219, 0.972973, 0.197525, 0.000000, 0.000000, 0.000000, 1.000000, -0.121741, -0.196219, 0.972973, 0.266525, -0.753823, -0.619424, -0.219239, -0.018868, 0.645702, -0.760140, -0.072506, 0.282436, 0.000000, 0.000000, 0.000000, 1.000000, -0.010707, -0.035970, -0.999295, 0.103062, -0.998935, 0.045241, 0.009075, -0.002488, 0.044883, 0.998328, -0.036416, -0.007400, 0.000000, 0.000000, 0.000000, 1.000000
-11.3871, 27.4064, -24.9570, 197.5209, 266.5209, -18.4064, 282.0305, 103.1432, -2.4390, -7.3929, 0.751422, 0.622479, 0.218824, 0.027406, -0.649040, 0.757021, 0.075279, -0.024957, -0.118795, -0.198592, 0.972856, 0.197521, 0.000000, 0.000000, 0.000000, 1.000000, -0.118795, -0.198592, 0.972856, 0.266521, -0.751422, -0.622479, -0.218824, -0.018406, 0.649040, -0.757021, -0.075279, 0.282030, 0.000000, 0.000000, 0.000000, 1.000000, -0.012638, -0.034155, -0.999337, 0.103143, -0.998933, 0.044840, 0.011100, -0.002439, 0.044431, 0.998410, -0.034686, -0.007393, 0.000000, 0.000000, 0.000000, 1.000000
-11.1596, 26.9438, -24.5470, 197.7892, 266.7892, -17.9438, 281.6204, 102.9619, -2.3193, -7.4508, 0.747921, 0.627581, 0.216234, 0.026944, -0.653440, 0.753396, 0.073553, -0.024547, -0.116749, -0.196308, 0.973567, 0.197789, 0.000000, 0.000000, 0.000000, 1.000000, -0.116749, -0.196308, 0.973567, 0.266789, -0.747921, -0.627581, -0.216234, -0.017944, 0.653440, -0.753396, -0.073553, 0.281620, 0.000000, 0.000000, 0.000000, 1.000000, -0.013328, -0.037293, -0.999216, 0.102962, -0.999009, 0.042930, 0.011723, -0.002319, 0.042459, 0.998382, -0.037828, -0.007451, 0.000000, 0.000000, 0.000000, 1.000000
-10.9351, 26.6317, -24.2549, 197.7014, 266.7014, -17.6317, 281.3283, 103.0972, -2.4244, -7.4135, 0.745857, 0.628968, 0.219307, 0.026632, -0.655549, 0.751495, 0.074232, -0.024255, -0.118118, -0.199133, 0.972828, 0.197701, 0.000000, 0.000000, 0.000000, 1.000000, -0.118118, -0.199133, 0.972828, 0.266701, -0.745857, -0.628968, -0.219307, -0.017632, 0.655549, -0.751495, -0.074232, 0.281328, 0.000000, 0.000000, 0.000000, 1.000000, -0.011297, -0.034739, -0.999333, 0.103097, -0.998975, 0.044205, 0.009757, -0.002424, 0.043837, 0.998418, -0.035203, -0.007414, 0.000000, 0.000000, 0.000000, 1.000000
-10.7097, 26.1444, -23.8268, 197.7815, 266.7815, -17.1444, 280.9002, 103.1018, -2.2924, -7.4350, 0.742982, 0.631346, 0.222216, 0.026144, -0.658784, 0.748468, 0.076153, -0.023827, -0.118243, -0.202972, 0.972019, 0.197781, 0.000000, 0.000000, 0.000000, 1.000000, -0.118243, -0.202972, 0.972019, 0.266781, -0.742982, -0.631346, -0.222216, -0.017144, 0.658784, -0.748468, -0.076153, 0.280900, 0.000000, 0.000000, 0.000000, 1.000000, -0.010160, -0.031351, -0.999457, 0.103102, -0.998998, 0.043893, 0.008779, -0.002292, 0.043594, 0.998544, -0.031765, -0.007435, 0.000000, 0.000000, 0.000000, 1.000000
-10.4660, 25.8221, -23.5936, 197.7514, 266.7514, -16.8221, 280.6671, 103.1895, -2.4686, -7.4629, 0.740809, 0.633625, 0.222983, 0.025822, -0.661116, 0.746514, 0.075123, -0.023594, -0.118860, -0.203069, 0.971923, 0.197751, 0.000000, 0.000000, 0.000000, 1.000000, -0.118860, -0.203069, 0.971923, 0.266751, -0.740809, -0.633625, -0.222983, -0.016822, 0.661116, -0.746514, -0.075123, 0.280667, 0.000000, 0.000000, 0.000000, 1.000000, -0.008806, -0.031644, -0.999460, 0.103190, -0.998953, 0.045153, 0.007372, -0.002469, 0.044896, 0.998479, -0.032009, -0.007463, 0.000000, 0.000000, 0.000000, 1.000000
-10.2227, 25.4002, -23.1575, 197.8439, 266.8440, -16.4002, 280.2309, 103.1651, -2.4176, -7.4428, 0.738266, 0.637726, 0.219702, 0.025400, -0.664332, 0.743843, 0.073217, -0.023157, -0.116731, -0.200009, 0.972816, 0.197844, 0.000000, 0.000000, 0.000000, 1.000000, -0.116731, -0.200009, 0.972816, 0.266844, -0.738266, -0.637726, -0.219702, -0.016400, 0.664332, -0.743843, -0.073217, 0.280231, 0.000000, 0.000000, 0.000000, 1.000000, -0.009925, -0.035369, -0.999325, 0.103165, -0.998953, 0.044984, 0.008330, -0.002418, 0.044659, 0.998361, -0.035779, -0.007443, 0.000000, 0.000000, 0.000000, 1.000000
-9.9869, 24.9431, -22.7307, 198.0062, 267.0062, -15.9431, 279.8041, 103.0830, -2.3231, -7.4726, 0.734029, 0.641835, 0.221920, 0.024943, -0.668502, 0.740441, 0.069659, -0.022731, -0.119609, -0.199486, 0.972573, 0.198006, 0.000000, 0.000000, 0.000000, 1.000000, -0.119609, -0.199486, 0.972573, 0.267006, -0.734029, -0.641835, -0.221920, -0.015943, 0.668502, -0.740441, -0.069659, 0.279804, 0.000000, 0.000000, 0.000000, 1.000000, -0.005707, -0.036582, -0.999314, 0.103083, -0.999029, 0.043874, 0.004100, -0.002323, 0.043694, 0.998367, -0.036797, -0.007473, 0.000000, 0.000000, 0.000000, 1.000000
-9.7604, 24.5075, -22.3265, 197.9617, 266.9617, -15.5075, 279.3999, 103.1971, -2.2619, -7.4576, 0.731665, 0.644491, 0.222033, 0.024507, -0.671351, 0.737743, 0.070872, -0.022326, -0.118127, -0.200916, 0.972460, 0.197962, 0.000000, 0.000000, 0.000000, 1.000000, -0.118127, -0.200916, 0.972460, 0.266962, -0.731665, -0.644491, -0.222033, -0.015507, 0.671351, -0.737743, -0.070872, 0.279400, 0.000000, 0.000000, 0.000000, 1.000000, -0.006281, -0.035615, -0.999346, 0.103197, -0.999025, 0.043897, 0.004715, -0.002262, 0.043700, 0.998401, -0.035856, -0.007458, 0.000000, 0.000000, 0.000000, 1.000000
-9.5275, 24.2043, -22.0612, 197.9502, 266.9502, -15.2043, 279.1347, 103.2591, -2.4023, -7.4616, 0.731232, 0.644983, 0.222026, 0.024204, -0.672841, 0.735528, 0.079267, -0.022061, -0.112180, -0.207351, 0.971813, 0.197950, 0.000000, 0.000000, 0.000000, 1.000000, -0.112180, -0.207351, 0.971813, 0.266950, -0.731232, -0.644983, -0.222026, -0.015204, 0.672841, -0.735528, -0.079267, 0.279135, 0.000000, 0.000000, 0.000000, 1.000000, -0.011767, -0.029330, -0.999501, 0.103259, -0.998918, 0.045320, 0.010430, -0.002402, 0.044992, 0.998542, -0.029832, -0.007462, 0.000000, 0.000000, 0.000000, 1.000000
-9.2927, 23.7779, -21.6541, 198.1807, 267.1807, -14.7779, 278.7276, 103.1055, -2.3340, -7.5088, 0.727366, 0.651071, 0.216899, 0.023778, -0.677019, 0.732464, 0.071712, -0.021654, -0.112181, -0.199006, 0.973556, 0.198181, 0.000000, 0.000000, 0.000000, 1.000000, -0.112181, -0.199006, 0.973556, 0.267181, -0.727366, -0.651071, -0.216899, -0.014778, 0.677019, -0.732464, -0.071712, 0.278728, 0.000000, 0.000000, 0.000000, 1.000000, -0.010414, -0.038608, -0.999200, 0.103105, -0.998996, 0.043935, 0.008714, -0.002334, 0.043563, 0.998288, -0.039027, -0.007509, 0.000000, 0.000000, 0.000000, 1.000000
-9.0609, 23.4632, -21.3506, 198.1570, 267.1570, -14.4632, 278.4241, 103.1787, -2.4383, -7.4941, 0.724409, 0.653250, 0.220219, 0.023463, -0.679525, 0.730445, 0.068524, -0.021351, -0.116095, -0.199284, 0.973041, 0.198157, 0.000000, 0.000000, 0.000000, 1.000000, -0.116095, -0.199284, 0.973041, 0.267157, -0.724409, -0.653250, -0.220219, -0.014463, 0.679525, -0.730445, -0.068524, 0.278424, 0.000000, 0.000000, 0.000000, 1.000000, -0.005671, -0.038696, -0.999235, 0.103179, -0.998980, 0.044994, 0.003927, -0.002438, 0.044807, 0.998238, -0.038911, -0.007494, 0.000000, 0.000000, 0.000000, 1.000000
-8.8089, 23.0078, -20.9030, 198.2243, 267.2243, -14.0078, 277.9764, 103.1858, -2.3791, -7.4974, 0.721700, 0.656104, 0.220629, 0.023008, -0.682515, 0.727630, 0.068756, -0.020903, -0.115425, -0.200204, 0.972931, 0.198224, 0.000000, 0.000000, 0.000000, 1.000000, -0.115425, -0.200204, 0.972931, 0.267224, -0.721700, -0.656104, -0.220629, -0.014008, 0.682515, -0.727630, -0.068756, 0.277976, 0.000000, 0.000000, 0.000000, 1.000000, -0.005363, -0.038260, -0.999253, 0.103186, -0.998967, 0.045299, 0.003627, -0.002379, 0.045126, 0.998241, -0.038463, -0.007497, 0.000000, 0.000000, 0.000000, 1.000000
-8.5870, 22.5368, -20.5086, 198.1653, 267.1653, -13.5368, 277.5821, 103.3235, -2.2916, -7.5218, 0.718749, 0.659229, 0.220947, 0.022537, -0.686090, 0.723962, 0.071827, -0.020509, -0.112607, -0.203215, 0.972637, 0.198165, 0.000000, 0.000000, 0.000000, 1.000000, -0.112607, -0.203215, 0.972637, 0.267165, -0.718749, -0.659229, -0.220947, -0.013537, 0.686090, -0.723962, -0.071827, 0.277582, 0.000000, 0.000000, 0.000000, 1.000000, -0.007011, -0.035796, -0.999335, 0.103323, -0.999014, 0.044055, 0.005431, -0.002292, 0.043831, 0.998388, -0.036069, -0.007522, 0.000000, 0.000000, 0.000000, 1.000000
-8.3330, 22.3087, -20.2430, 198.3149, 267.3149, -13.3087, 277.3165, 103.2115, -2.5154, -7.5205, 0.717454, 0.662920, 0.214000, 0.022309, -0.688666, 0.721228, 0.074628, -0.020243, -0.104870, -0.200917, 0.973979, 0.198315, 0.000000, 0.000000, 0.000000, 1.000000, -0.104870, -0.200917, 0.973979, 0.267315, -0.717454, -0.662920, -0.214000, -0.013309, 0.688666, -0.721228, -0.074628, 0.277316, 0.000000, 0.000000, 0.000000, 1.000000, -0.013907, -0.038678, -0.999155, 0.103212, -0.998947, 0.044230, 0.012192, -0.002515, 0.043721, 0.998272, -0.039252, -0.007521, 0.000000, 0.000000, 0.000000, 1.000000
-8.0746, 21.8829, -19.8229, 198.3263, 267.3263, -12.8829, 276.8964, 103.2677, -2.5175, -7.5163, 0.714435, 0.665011, 0.217582, 0.021883, -0.691456, 0.718612, 0.074068, -0.019823, -0.107101, -0.203365, 0.973228, 0.198326, 0.000000, 0.000000, 0.000000, 1.000000, -0.107101, -0.203365, 0.973228, 0.267326, -0.714435, -0.665011, -0.217582, -0.012883, 0.691456, -0.718612, -0.074068, 0.276896, 0.000000, 0.000000, 0.000000, 1.000000, -0.010745, -0.036596, -0.999272, 0.103268, -0.998939, 0.045152, 0.009087, -0.002517, 0.044787, 0.998310, -0.037043, -0.007516, 0.000000, 0.000000, 0.000000, 1.000000
-7.8311, 21.4021, -19.3911, 198.2615, 267.2615, -12.4021, 276.4645, 103.4100, -2.4472, -7.5267, 0.711388, 0.667107, 0.221124, 0.021402, -0.694707, 0.715092, 0.077621, -0.019391, -0.106342, -0.208835, 0.972152, 0.198261, 0.000000, 0.000000, 0.000000, 1.000000, -0.106342, -0.208835, 0.972152, 0.267261, -0.711388, -0.667107, -0.221124, -0.012402, 0.694707, -0.715092, -0.077621, 0.276465, 0.000000, 0.000000, 0.000000, 1.000000, -0.010414, -0.031519, -0.999449, 0.103410, -0.998954, 0.044836, 0.008994, -0.002447, 0.044527, 0.998497, -0.031953, -0.007527, 0.000000, 0.000000, 0.000000, 1.000000
-7.6050, 20.9767, -18.9370, 198.4286, 267.4286, -11.9767, 276.0105, 103.3128, -2.3340, -7.5442, 0.707741, 0.672813, 0.215465, 0.020977, -0.698601, 0.711912, 0.071684, -0.018937, -0.105162, -0.201258, 0.973877, 0.198429, 0.000000, 0.000000, 0.000000, 1.000000, -0.105162, -0.201258, 0.973877, 0.267429, -0.707741, -0.672813, -0.215465, -0.011977, 0.698601, -0.711912, -0.071684, 0.276010, 0.000000, 0.000000, 0.000000, 1.000000, -0.010280, -0.039951, -0.999149, 0.103313, -0.999022, 0.043392, 0.008543, -0.002334, 0.043014, 0.998259, -0.040358, -0.007544, 0.000000, 0.000000, 0.000000, 1.000000
-7.3648, 20.6871, -18.6501, 198.3031, 267.3031, -11.6871, 275.7235, 103.4794, -2.4976, -7.5105, 0.706269, 0.672450, 0.221349, 0.020687, -0.700073, 0.709893, 0.077128, -0.018650, -0.105270, -0.209434, 0.972140, 0.198303, 0.000000, 0.000000, 0.000000, 1.000000, -0.105270, -0.209434, 0.972140, 0.267303, -0.706269, -0.672450, -0.221349, -0.011687, 0.700073, -0.709893, -0.077128, 0.275724, 0.000000, 0.000000, 0.000000, 1.000000, -0.009672, -0.031792, -0.999448, 0.103479, -0.998931, 0.045495, 0.008220, -0.002498, 0.045209, 0.998459, -0.032198, -0.007510, 0.000000, 0.000000, 0.000000, 1.000000
-7.1293, 20.3668, -18.3472, 198.3998, 267.3998, -11.3668, 275.4207, 103.4380, -2.5949, -7.5433, 0.703505, 0.675239, 0.221661, 0.020367, -0.702673, 0.707588, 0.074630, -0.018347, -0.106451, -0.208258, 0.972264, 0.198400, 0.000000, 0.000000, 0.000000, 1.000000, -0.106451, -0.208258, 0.972264, 0.267400, -0.703505, -0.675239, -0.221661, -0.011367, 0.702673, -0.707588, -0.074630, 0.275421, 0.000000, 0.000000, 0.000000, 1.000000, -0.007602, -0.033407, -0.999413, 0.103438, -0.998916, 0.046155, 0.006055, -0.002595, 0.045926, 0.998375, -0.033722, -0.007543, 0.000000, 0.000000, 0.000000, 1.000000
-6.8865, 19.7737, -17.7711, 198.4053, 267.4053, -10.7737, 274.8445, 103.5271, -2.3351, -7.5635, 0.698687, 0.679527, 0.223784, 0.019774, -0.707240, 0.703219, 0.072760, -0.017771, -0.107927, -0.209105, 0.971919, 0.198405, 0.000000, 0.000000, 0.000000, 1.000000, -0.107927, -0.209105, 0.971919, 0.267405, -0.698687, -0.679527, -0.223784, -0.010774, 0.707240, -0.703219, -0.072760, 0.274845, 0.000000, 0.000000, 0.000000, 1.000000, -0.004554, -0.033255, -0.999437, 0.103527, -0.999017, 0.044215, 0.003081, -0.002335, 0.044087, 0.998468, -0.033423, -0.007564, 0.000000, 0.000000, 0.000000, 1.000000
-6.6418, 19.5486, -17.4581, 198.6650, 267.6650, -10.5486, 274.5316, 103.3039, -2.4939, -7.5668, 0.697167, 0.684119, 0.214333, 0.019549, -0.709477, 0.701320, 0.069228, -0.017458, -0.102955, -0.200328, 0.974304, 0.198665, 0.000000, 0.000000, 0.000000, 1.000000, -0.102955, -0.200328, 0.974304, 0.267665, -0.697167, -0.684119, -0.214333, -0.010549, 0.709477, -0.701320, -0.069228, 0.274532, 0.000000, 0.000000, 0.000000, 1.000000, -0.008760, -0.042684, -0.999050, 0.103304, -0.998968, 0.044905, 0.006840, -0.002494, 0.044570, 0.998079, -0.043033, -0.007567, 0.000000, 0.000000, 0.000000, 1.000000
-6.3418, 19.1283, -17.0451, 198.6755, 267.6755, -10.1283, 274.1185, 103.3601, -2.6020, -7.5788, 0.694146, 0.686318, 0.217092, 0.019128, -0.712623, 0.697778, 0.072625, -0.017045, -0.101638, -0.205117, 0.973446, 0.198676, 0.000000, 0.000000, 0.000000, 1.000000, -0.101638, -0.205117, 0.973446, 0.267676, -0.694146, -0.686318, -0.217092, -0.010128, 0.712623, -0.697778, -0.072625, 0.274119, 0.000000, 0.000000, 0.000000, 1.000000, -0.008983, -0.038287, -0.999226, 0.103360, -0.998935, 0.045567, 0.007234, -0.002602, 0.045255, 0.998227, -0.038655, -0.007579, 0.000000, 0.000000, 0.000000, 1.000000
-6.1144, 18.5265, -16.4567, 198.6927, 267.6927, -9.5265, 273.5301, 103.4391, -2.2913, -7.6120, 0.689543, 0.689796, 0.220709, 0.018526, -0.716651, 0.693872, 0.070374, -0.016457, -0.104600, -0.206697, 0.972798, 0.198693, 0.000000, 0.000000, 0.000000, 1.000000, -0.104600, -0.206697, 0.972798, 0.267693, -0.689543, -0.689796, -0.220709, -0.009526, 0.716651, -0.693872, -0.070374, 0.273530, 0.000000, 0.000000, 0.000000, 1.000000, -0.004606, -0.037269, -0.999295, 0.103439, -0.999020, 0.044169, 0.002957, -0.002291, 0.044027, 0.998329, -0.037436, -0.007612, 0.000000, 0.000000, 0.000000, 1.000000
-5.8786, 18.2798, -16.1642, 198.6872, 267.6872, -9.2798, 273.2377, 103.4788, -2.4568, -7.5844, 0.688303, 0.691698, 0.218615, 0.018280, -0.718707, 0.691141, 0.076057, -0.016164, -0.098485, -0.209471, 0.972843, 0.198687, 0.000000, 0.000000, 0.000000, 1.000000, -0.098485, -0.209471, 0.972843, 0.267687, -0.688303, -0.691698, -0.218615, -0.009280, 0.718707, -0.691141, -0.076057, 0.273238, 0.000000, 0.000000, 0.000000, 1.000000, -0.010000, -0.034816, -0.999344, 0.103479, -0.998964, 0.044714, 0.008438, -0.002457, 0.044391, 0.998393, -0.035227, -0.007584, 0.000000, 0.000000, 0.000000, 1.000000
-5.6451, 17.8162, -15.6996, 198.7254, 267.7254, -8.8162, 272.7730, 103.5144, -2.3415, -7.6117, 0.684272, 0.695257, 0.219975, 0.017816, -0.722332, 0.687611, 0.073669, -0.015700, -0.100039, -0.209305, 0.972720, 0.198725, 0.000000, 0.000000, 0.000000, 1.000000, -0.100039, -0.209305, 0.972720, 0.267725, -0.684272, -0.695257, -0.219975, -0.008816, 0.722332, -0.687611, -0.073669, 0.272773, 0.000000, 0.000000, 0.000000, 1.000000, -0.007160, -0.035536, -0.999343, 0.103514, -0.999024, 0.043822, 0.005600, -0.002342, 0.043595, 0.998407, -0.035815, -0.007612, 0.000000, 0.000000, 0.000000, 1.000000
-5.4109, 17.5106, -15.3923, 198.5949, 267.5949, -8.5106, 272.4657, 103.6879, -2.4658, -7.5887, 0.681535, 0.696784, 0.223611, 0.017511, -0.724495, 0.685497, 0.072111, -0.015392, -0.103039, -0.211151, 0.972007, 0.198595, 0.000000, 0.000000, 0.000000, 1.000000, -0.103039, -0.211151, 0.972007, 0.267595, -0.681535, -0.696784, -0.223611, -0.008511, 0.724495, -0.685497, -0.072111, 0.272466, 0.000000, 0.000000, 0.000000, 1.000000, -0.003385, -0.033941, -0.999418, 0.103688, -0.998979, 0.045141, 0.001850, -0.002466, 0.045052, 0.998404, -0.034059, -0.007589, 0.000000, 0.000000, 0.000000, 1.000000
-5.1611, 17.1278, -14.9344, 198.7982, 267.7982, -8.1278, 272.0078, 103.5449, -2.4305, -7.6077, 0.678518, 0.701043, 0.219436, 0.017128, -0.727764, 0.682136, 0.071066, -0.014934, -0.099865, -0.207917, 0.973035, 0.198798, 0.000000, 0.000000, 0.000000, 1.000000, -0.099865, -0.207917, 0.973035, 0.267798, -0.678518, -0.701043, -0.219436, -0.008128, 0.727764, -0.682136, -0.071066, 0.272008, 0.000000, 0.000000, 0.000000, 1.000000, -0.005388, -0.037808, -0.999271, 0.103545, -0.999002, 0.044501, 0.003703, -0.002430, 0.044329, 0.998294, -0.038010, -0.007608, 0.000000, 0.000000, 0.000000, 1.000000
-4.9489, 16.6756, -14.4874, 198.7667, 267.7667, -7.6756, 271.5608, 103.6466, -2.2940, -7.6297, 0.675044, 0.703449, 0.222433, 0.016676, -0.730956, 0.678586, 0.072280, -0.014487, -0.100095, -0.211381, 0.972265, 0.198767, 0.000000, 0.000000, 0.000000, 1.000000, -0.100095, -0.211381, 0.972265, 0.267767, -0.675044, -0.703449, -0.222433, -0.007676, 0.730956, -0.678586, -0.072280, 0.271561, 0.000000, 0.000000, 0.000000, 1.000000, -0.004003, -0.034740, -0.999388, 0.103647, -0.999045, 0.043630, 0.002485, -0.002294, 0.043517, 0.998444, -0.034881, -0.007630, 0.000000, 0.000000, 0.000000, 1.000000
-4.7059, 16.4312, -14.2288, 198.7989, 267.7989, -7.4312, 271.3023, 103.6525, -2.4997, -7.6390, 0.673206, 0.705049, 0.222932, 0.016431, -0.732769, 0.676530, 0.073196, -0.014229, -0.099213, -0.212634, 0.972082, 0.198799, 0.000000, 0.000000, 0.000000, 1.000000, -0.099213, -0.212634, 0.972082, 0.267799, -0.673206, -0.705049, -0.222932, -0.007431, 0.732769, -0.676530, -0.073196, 0.271302, 0.000000, 0.000000, 0.000000, 1.000000, -0.004226, -0.033740, -0.999422, 0.103652, -0.998976, 0.045155, 0.002700, -0.002500, 0.045037, 0.998410, -0.033896, -0.007639, 0.000000, 0.000000, 0.000000, 1.000000
-4.4447, 16.0377, -13.7672, 198.8649, 267.8650, -7.0377, 270.8407, 103.6440, -2.4944, -7.6361, 0.669624, 0.708663, 0.222261, 0.016038, -0.735840, 0.673615, 0.069151, -0.013767, -0.100713, -0.209853, 0.972532, 0.198865, 0.000000, 0.000000, 0.000000, 1.000000, -0.100713, -0.209853, 0.972532, 0.267865, -0.669624, -0.708663, -0.222261, -0.007038, 0.735840, -0.673615, -0.069151, 0.270841, 0.000000, 0.000000, 0.000000, 1.000000, -0.001602, -0.037051, -0.999312, 0.103644, -0.998968, 0.045426, -0.000083, -0.002494, 0.045398, 0.998280, -0.037086, -0.007636, 0.000000, 0.000000, 0.000000, 1.000000
-4.1811, 15.6307, -13.3005, 198.8826, 267.8826, -6.6307, 270.3739, 103.6852, -2.4867, -7.6303, 0.666925, 0.711689, 0.220703, 0.015631, -0.738713, 0.670290, 0.070812, -0.013300, -0.097539, -0.210263, 0.972767, 0.198883, 0.000000, 0.000000, 0.000000, 1.000000, -0.097539, -0.210263, 0.972767, 0.267883, -0.666925, -0.711689, -0.220703, -0.006631, 0.738713, -0.670290, -0.070812, 0.270374, 0.000000, 0.000000, 0.000000, 1.000000, -0.003722, -0.037102, -0.999305, 0.103685, -0.998962, 0.045511, 0.002031, -0.002487, 0.045404, 0.998275, -0.037233, -0.007630, 0.000000, 0.000000, 0.000000, 1.000000
