# Joint_B_Angle(deg), Cam_X(mm), Cam_Y(mm), Cam_Z(mm), Torso_X(mm), Torso_Y(mm), Torso_Z(mm), EE_X(mm), EE_Y(mm), EE_Z(mm), T_cam2marker_flat(16), T_torso2marker_flat(16), T_ee2marker_flat(16)
-9.7881, 4.2746, -1.0414, 122.5734, 191.5734, 4.7254, 258.1149, 104.7500, -1.0559, -8.2647, 0.603103, 0.786505, 0.132952, 0.004275, -0.790675, 0.611472, -0.030593, -0.001041, -0.105358, -0.086671, 0.990650, 0.122573, 0.000000, 0.000000, 0.000000, 1.000000, -0.105358, -0.086671, 0.990650, 0.191573, -0.603103, -0.786505, -0.132952, 0.004725, 0.790675, -0.611472, 0.030593, 0.258115, 0.000000, 0.000000, 0.000000, 1.000000, 0.031112, 0.000386, -0.999516, 0.104750, -0.998874, 0.035857, -0.031078, -0.001056, 0.035828, 0.999357, 0.001501, -0.008265, 0.000000, 0.000000, 0.000000, 1.000000
-9.5172, 4.2729, -1.1436, 123.3580, 192.3580, 4.7271, 258.2170, 106.0636, -1.0819, -8.0453, 0.603590, 0.786189, 0.132611, 0.004273, -0.790809, 0.611513, -0.025941, -0.001144, -0.101488, -0.089212, 0.990829, 0.123358, 0.000000, 0.000000, 0.000000, 1.000000, -0.101488, -0.089212, 0.990829, 0.192358, -0.603590, -0.786189, -0.132611, 0.004727, 0.790809, -0.611513, 0.025941, 0.258217, 0.000000, 0.000000, 0.000000, 1.000000, 0.027041, -0.001780, -0.999633, 0.106064, -0.998989, 0.035892, -0.027088, -0.001082, 0.035927, 0.999354, -0.000808, -0.008045, 0.000000, 0.000000, 0.000000, 1.000000
-9.2343, 4.2064, -1.4069, 125.3639, 194.3639, 4.7936, 258.4804, 106.2650, -1.1144, -8.0739, 0.603968, 0.785308, 0.136065, 0.004206, -0.790787, 0.611745, -0.020567, -0.001407, -0.099388, -0.095176, 0.990486, 0.125364, 0.000000, 0.000000, 0.000000, 1.000000, -0.099388, -0.095176, 0.990486, 0.194364, -0.603968, -0.785308, -0.136065, 0.004794, 0.790787, -0.611745, 0.020567, 0.258480, 0.000000, 0.000000, 0.000000, 1.000000, 0.024733, -0.000688, -0.999694, 0.106265, -0.999040, 0.036165, -0.024742, -0.001114, 0.036171, 0.999346, 0.000207, -0.008074, 0.000000, 0.000000, 0.000000, 1.000000
-8.9694, 4.1990, -1.5635, 127.7951, 196.7951, 4.8010, 258.6369, 105.8997, -1.0639, -8.0690, 0.603776, 0.786076, 0.132438, 0.004199, -0.790440, 0.611888, -0.028254, -0.001563, -0.103247, -0.087625, 0.990789, 0.127795, 0.000000, 0.000000, 0.000000, 1.000000, -0.103247, -0.087625, 0.990789, 0.196795, -0.603776, -0.786076, -0.132438, 0.004801, 0.790440, -0.611888, 0.028254, 0.258637, 0.000000, 0.000000, 0.000000, 1.000000, 0.028417, -0.012897, -0.999513, 0.105900, -0.998921, 0.036375, -0.028869, -0.001064, 0.036730, 0.999255, -0.011849, -0.008069, 0.000000, 0.000000, 0.000000, 1.000000
-8.6709, 4.2127, -1.7412, 129.5486, 198.5486, 4.7873, 258.8146, 106.4644, -1.0912, -7.9552, 0.604921, 0.786124, 0.126806, 0.004213, -0.790561, 0.611969, -0.022527, -0.001741, -0.095310, -0.086621, 0.991672, 0.129549, 0.000000, 0.000000, 0.000000, 1.000000, -0.095310, -0.086621, 0.991672, 0.198549, -0.604921, -0.786124, -0.126806, 0.004787, 0.790561, -0.611969, 0.022527, 0.258815, 0.000000, 0.000000, 0.000000, 1.000000, 0.020208, -0.019104, -0.999613, 0.106464, -0.999116, 0.036485, -0.020895, -0.001091, 0.036870, 0.999152, -0.018349, -0.007955, 0.000000, 0.000000, 0.000000, 1.000000
-8.3928, 4.1898, -2.0027, 131.9799, 200.9799, 4.8102, 259.0762, 106.2068, -1.1170, -8.0294, 0.605245, 0.785594, 0.128533, 0.004190, -0.790823, 0.611843, -0.015708, -0.002003, -0.090983, -0.092139, 0.991581, 0.131980, 0.000000, 0.000000, 0.000000, 1.000000, -0.090983, -0.092139, 0.991581, 0.200980, -0.605245, -0.785594, -0.128533, 0.004810, 0.790823, -0.611843, 0.015708, 0.259076, 0.000000, 0.000000, 0.000000, 1.000000, 0.015698, -0.018412, -0.999707, 0.106207, -0.999207, 0.036296, -0.016359, -0.001117, 0.036586, 0.999171, -0.017828, -0.008029, 0.000000, 0.000000, 0.000000, 1.000000
-8.0676, 4.1372, -2.1513, 134.0038, 203.0038, 4.8628, 259.2247, 106.7221, -1.0630, -7.9644, 0.604839, 0.785555, 0.130665, 0.004137, -0.790671, 0.611945, -0.019039, -0.002151, -0.094916, -0.091798, 0.991244, 0.134004, 0.000000, 0.000000, 0.000000, 1.000000, -0.094916, -0.091798, 0.991244, 0.203004, -0.604839, -0.785555, -0.130665, 0.004863, 0.790671, -0.611945, 0.019039, 0.259225, 0.000000, 0.000000, 0.000000, 1.000000, 0.019440, -0.024418, -0.999513, 0.106722, -0.999130, 0.036426, -0.020322, -0.001063, 0.036904, 0.999038, -0.023688, -0.007964, 0.000000, 0.000000, 0.000000, 1.000000
-7.7560, 4.1175, -2.4625, 136.6638, 205.6638, 4.8825, 259.5359, 106.5020, -1.1147, -8.0733, 0.605292, 0.784444, 0.135161, 0.004117, -0.790864, 0.611915, -0.009693, -0.002462, -0.090310, -0.101027, 0.990776, 0.136664, 0.000000, 0.000000, 0.000000, 1.000000, -0.090310, -0.101027, 0.990776, 0.205664, -0.605292, -0.784444, -0.135161, 0.004883, 0.790864, -0.611915, 0.009693, 0.259536, 0.000000, 0.000000, 0.000000, 1.000000, 0.014619, -0.020558, -0.999682, 0.106502, -0.999220, 0.036385, -0.015360, -0.001115, 0.036689, 0.999126, -0.020010, -0.008073, 0.000000, 0.000000, 0.000000, 1.000000
-7.4448, 4.1126, -2.5832, 139.1280, 208.1280, 4.8874, 259.6567, 106.4700, -1.0342, -8.0499, 0.604828, 0.785010, 0.133950, 0.004113, -0.790482, 0.612205, -0.018525, -0.002583, -0.096547, -0.094680, 0.990815, 0.139128, 0.000000, 0.000000, 0.000000, 1.000000, -0.096547, -0.094680, 0.990815, 0.208128, -0.604828, -0.785010, -0.133950, 0.004887, 0.790482, -0.612205, 0.018525, 0.259657, 0.000000, 0.000000, 0.000000, 1.000000, 0.020648, -0.032348, -0.999263, 0.106470, -0.999086, 0.036746, -0.021834, -0.001034, 0.037425, 0.998801, -0.031560, -0.008050, 0.000000, 0.000000, 0.000000, 1.000000
-7.1453, 4.1289, -2.8223, 141.2393, 210.2393, 4.8711, 259.8958, 106.6979, -1.0873, -8.0598, 0.605820, 0.784190, 0.134269, 0.004129, -0.790862, 0.611967, -0.005798, -0.002822, -0.086715, -0.102676, 0.990928, 0.141239, 0.000000, 0.000000, 0.000000, 1.000000, -0.086715, -0.102676, 0.990928, 0.210239, -0.605820, -0.784190, -0.134269, 0.004871, 0.790862, -0.611967, 0.005798, 0.259896, 0.000000, 0.000000, 0.000000, 1.000000, 0.010593, -0.029538, -0.999508, 0.106698, -0.999267, 0.036457, -0.011668, -0.001087, 0.036784, 0.998899, -0.029130, -0.008060, 0.000000, 0.000000, 0.000000, 1.000000
-6.8508, 4.1564, -2.9789, 143.9344, 212.9344, 4.8436, 260.0524, 106.3096, -1.0382, -8.1105, 0.605524, 0.784343, 0.134708, 0.004156, -0.790547, 0.612293, -0.011531, -0.002979, -0.091525, -0.099511, 0.990818, 0.143934, 0.000000, 0.000000, 0.000000, 1.000000, -0.091525, -0.099511, 0.990818, 0.212934, -0.605524, -0.784343, -0.134708, 0.004844, 0.790547, -0.612293, 0.011531, 0.260052, 0.000000, 0.000000, 0.000000, 1.000000, 0.015192, -0.037830, -0.999169, 0.106310, -0.999183, 0.036859, -0.016588, -0.001038, 0.037456, 0.998604, -0.037239, -0.008111, 0.000000, 0.000000, 0.000000, 1.000000
-6.4470, 4.0933, -3.1439, 145.9157, 214.9157, 4.9067, 260.2174, 107.4871, -0.9944, -8.0058, 0.604669, 0.783178, 0.144942, 0.004093, -0.790714, 0.612122, -0.008833, -0.003144, -0.095640, -0.109267, 0.989401, 0.145916, 0.000000, 0.000000, 0.000000, 1.000000, -0.095640, -0.109267, 0.989401, 0.214916, -0.604669, -0.783178, -0.144942, 0.004907, 0.790714, -0.612122, 0.008833, 0.260217, 0.000000, 0.000000, 0.000000, 1.000000, 0.019130, -0.035049, -0.999203, 0.107487, -0.999118, 0.036698, -0.020416, -0.000994, 0.037384, 0.998712, -0.034316, -0.008006, 0.000000, 0.000000, 0.000000, 1.000000
-6.1229, 4.1681, -3.3785, 149.0573, 218.0573, 4.8319, 260.4520, 106.8872, -1.0043, -8.1210, 0.605205, 0.783112, 0.143045, 0.004168, -0.790711, 0.612161, -0.005930, -0.003379, -0.092210, -0.109519, 0.989698, 0.149057, 0.000000, 0.000000, 0.000000, 1.000000, -0.092210, -0.109519, 0.989698, 0.218057, -0.605205, -0.783112, -0.143045, 0.004832, 0.790711, -0.612161, 0.005930, 0.260452, 0.000000, 0.000000, 0.000000, 1.000000, 0.015449, -0.040440, -0.999063, 0.106887, -0.999181, 0.036750, -0.016938, -0.001004, 0.037400, 0.998506, -0.039839, -0.008121, 0.000000, 0.000000, 0.000000, 1.000000
-5.8093, 4.2485, -3.6189, 151.8950, 220.8950, 4.7515, 260.6924, 106.5083, -1.0437, -8.2221, 0.606090, 0.782419, 0.143096, 0.004248, -0.790922, 0.611902, 0.004233, -0.003619, -0.084248, -0.115743, 0.989700, 0.151895, 0.000000, 0.000000, 0.000000, 1.000000, -0.084248, -0.115743, 0.989700, 0.220895, -0.606090, -0.782419, -0.143096, 0.004752, 0.790922, -0.611902, -0.004233, 0.260692, 0.000000, 0.000000, 0.000000, 1.000000, 0.007259, -0.039648, -0.999187, 0.106508, -0.999296, 0.036496, -0.008708, -0.001044, 0.036812, 0.998547, -0.039355, -0.008222, 0.000000, 0.000000, 0.000000, 1.000000
-5.5533, 4.2212, -3.7706, 154.1796, 223.1796, 4.7788, 260.8441, 106.2472, -0.9882, -8.3605, 0.605157, 0.781036, 0.154165, 0.004221, -0.790716, 0.612178, 0.002427, -0.003771, -0.092481, -0.123370, 0.988042, 0.154180, 0.000000, 0.000000, 0.000000, 1.000000, -0.092481, -0.123370, 0.988042, 0.223180, -0.605157, -0.781036, -0.154165, 0.004779, 0.790716, -0.612178, -0.002427, 0.260844, 0.000000, 0.000000, 0.000000, 1.000000, 0.015351, -0.036373, -0.999220, 0.106247, -0.999177, 0.036975, -0.016696, -0.000988, 0.037554, 0.998654, -0.035775, -0.008360, 0.000000, 0.000000, 0.000000, 1.000000
-5.2318, 4.2956, -3.8850, 155.8961, 224.8961, 4.7044, 260.9584, 107.0349, -1.0017, -8.2261, 0.605823, 0.781275, 0.150290, 0.004296, -0.790888, 0.611921, 0.007048, -0.003885, -0.086459, -0.123133, 0.988617, 0.155896, 0.000000, 0.000000, 0.000000, 1.000000, -0.086459, -0.123133, 0.988617, 0.224896, -0.605823, -0.781275, -0.150290, 0.004704, 0.790888, -0.611921, -0.007048, 0.260958, 0.000000, 0.000000, 0.000000, 1.000000, 0.009107, -0.042242, -0.999066, 0.107035, -0.999271, 0.036645, -0.010658, -0.001002, 0.037061, 0.998435, -0.041877, -0.008226, 0.000000, 0.000000, 0.000000, 1.000000
-4.8932, 4.3251, -4.0018, 158.2323, 227.2323, 4.6749, 261.0753, 107.3548, -0.9471, -8.2184, 0.605132, 0.780227, 0.158306, 0.004325, -0.790812, 0.612024, 0.006494, -0.004002, -0.091820, -0.129120, 0.987369, 0.158232, 0.000000, 0.000000, 0.000000, 1.000000, -0.091820, -0.129120, 0.987369, 0.227232, -0.605132, -0.780227, -0.158306, 0.004675, 0.790812, -0.612024, -0.006494, 0.261075, 0.000000, 0.000000, 0.000000, 1.000000, 0.014276, -0.042074, -0.999012, 0.107355, -0.999193, 0.036908, -0.015833, -0.000947, 0.037538, 0.998433, -0.041513, -0.008218, 0.000000, 0.000000, 0.000000, 1.000000
-4.5570, 4.4251, -4.2057, 160.9491, 229.9491, 4.5749, 261.2792, 107.2758, -0.9768, -8.2884, 0.605703, 0.779156, 0.161365, 0.004425, -0.790810, 0.611906, 0.013794, -0.004206, -0.087993, -0.135964, 0.986798, 0.160949, 0.000000, 0.000000, 0.000000, 1.000000, -0.087993, -0.135964, 0.986798, 0.229949, -0.605703, -0.779156, -0.161365, 0.004575, 0.790810, -0.611906, -0.013794, 0.261279, 0.000000, 0.000000, 0.000000, 1.000000, 0.010193, -0.041009, -0.999107, 0.107276, -0.999249, 0.036943, -0.011710, -0.000977, 0.037391, 0.998476, -0.040602, -0.008288, 0.000000, 0.000000, 0.000000, 1.000000
-4.2796, 4.5928, -4.3182, 163.9127, 232.9127, 4.4072, 261.3916, 106.4872, -0.9537, -8.3911, 0.606557, 0.780400, 0.151871, 0.004593, -0.791043, 0.611524, 0.016982, -0.004318, -0.079620, -0.130438, 0.988254, 0.163913, 0.000000, 0.000000, 0.000000, 1.000000, -0.079620, -0.130438, 0.988254, 0.232913, -0.606557, -0.780400, -0.151871, 0.004407, 0.791043, -0.611524, -0.016982, 0.261392, 0.000000, 0.000000, 0.000000, 1.000000, 0.001652, -0.051480, -0.998673, 0.106487, -0.999334, 0.036308, -0.003524, -0.000954, 0.036441, 0.998014, -0.051385, -0.008391, 0.000000, 0.000000, 0.000000, 1.000000
-4.0016, 4.6014, -4.4443, 165.7417, 234.7417, 4.3986, 261.5178, 106.8489, -0.9307, -8.4310, 0.605370, 0.777878, 0.168619, 0.004601, -0.790880, 0.611726, 0.017359, -0.004444, -0.089646, -0.143866, 0.985528, 0.165742, 0.000000, 0.000000, 0.000000, 1.000000, -0.089646, -0.143866, 0.985528, 0.234742, -0.605370, -0.777878, -0.168619, 0.004399, 0.790880, -0.611726, -0.017359, 0.261518, 0.000000, 0.000000, 0.000000, 1.000000, 0.011517, -0.042689, -0.999022, 0.106849, -0.999230, 0.036972, -0.013099, -0.000931, 0.037495, 0.998404, -0.042230, -0.008431, 0.000000, 0.000000, 0.000000, 1.000000
-3.6608, 4.7730, -4.5483, 168.0575, 237.0575, 4.2270, 261.6217, 107.1875, -0.9492, -8.3469, 0.606668, 0.779323, 0.156871, 0.004773, -0.791223, 0.611046, 0.024274, -0.004548, -0.076938, -0.138846, 0.987321, 0.168058, 0.000000, 0.000000, 0.000000, 1.000000, -0.076938, -0.138846, 0.987321, 0.237058, -0.606668, -0.779323, -0.156871, 0.004227, 0.791223, -0.611046, -0.024274, 0.261622, 0.000000, 0.000000, 0.000000, 1.000000, -0.001378, -0.053786, -0.998551, 0.107188, -0.999354, 0.035942, -0.000557, -0.000949, 0.035920, 0.997905, -0.053801, -0.008347, 0.000000, 0.000000, 0.000000, 1.000000
-3.2911, 4.8236, -4.6630, 170.5900, 239.5900, 4.1764, 261.7365, 107.5659, -0.8911, -8.3810, 0.605723, 0.776881, 0.171920, 0.004824, -0.790959, 0.611400, 0.023949, -0.004663, -0.086507, -0.150488, 0.984820, 0.170590, 0.000000, 0.000000, 0.000000, 1.000000, -0.086507, -0.150488, 0.984820, 0.239590, -0.605723, -0.776881, -0.171920, 0.004176, 0.790959, -0.611400, -0.023949, 0.261736, 0.000000, 0.000000, 0.000000, 1.000000, 0.007916, -0.048372, -0.998798, 0.107566, -0.999275, 0.036812, -0.009703, -0.000891, 0.037237, 0.998151, -0.048046, -0.008381, 0.000000, 0.000000, 0.000000, 1.000000
-2.9532, 4.9933, -4.8518, 173.6928, 242.6928, 4.0067, 261.9252, 107.1250, -0.9212, -8.5380, 0.607263, 0.774599, 0.176715, 0.004993, -0.790910, 0.610499, 0.041864, -0.004852, -0.075456, -0.165188, 0.983371, 0.173693, 0.000000, 0.000000, 0.000000, 1.000000, -0.075456, -0.165188, 0.983371, 0.242693, -0.607263, -0.774599, -0.176715, 0.004007, 0.790910, -0.610499, -0.041864, 0.261925, 0.000000, 0.000000, 0.000000, 1.000000, -0.003412, -0.039379, -0.999219, 0.107125, -0.999337, 0.036350, 0.001980, -0.000921, 0.036244, 0.998563, -0.039477, -0.008538, 0.000000, 0.000000, 0.000000, 1.000000
-2.6579, 5.1426, -4.9128, 176.2185, 245.2185, 3.8574, 261.9863, 106.9180, -0.8770, -8.5918, 0.606538, 0.776011, 0.172969, 0.005143, -0.791504, 0.609905, 0.039223, -0.004913, -0.075057, -0.160696, 0.984146, 0.176219, 0.000000, 0.000000, 0.000000, 1.000000, -0.075057, -0.160696, 0.984146, 0.245219, -0.606538, -0.776011, -0.172969, 0.003857, 0.791504, -0.609905, -0.039223, 0.261986, 0.000000, 0.000000, 0.000000, 1.000000, -0.003795, -0.049166, -0.998783, 0.106918, -0.999372, 0.035371, 0.002056, -0.000877, 0.035227, 0.998164, -0.049269, -0.008592, 0.000000, 0.000000, 0.000000, 1.000000
-2.3130, 5.2802, -4.9955, 178.5221, 247.5221, 3.7198, 262.0690, 107.3165, -0.8594, -8.5673, 0.606371, 0.774227, 0.181347, 0.005280, -0.791256, 0.610110, 0.040980, -0.004996, -0.078913, -0.168341, 0.982565, 0.178522, 0.000000, 0.000000, 0.000000, 1.000000, -0.078913, -0.168341, 0.982565, 0.247522, -0.606371, -0.774227, -0.181347, 0.003720, 0.791256, -0.610110, -0.040980, 0.262069, 0.000000, 0.000000, 0.000000, 1.000000, -0.000234, -0.047355, -0.998878, 0.107317, -0.999350, 0.036025, -0.001474, -0.000859, 0.036054, 0.998228, -0.047333, -0.008567, 0.000000, 0.000000, 0.000000, 1.000000
-2.0084, 5.4330, -5.0684, 181.0068, 250.0068, 3.5670, 262.1418, 107.2263, -0.8297, -8.6305, 0.606092, 0.773425, 0.185649, 0.005433, -0.791483, 0.609572, 0.044456, -0.005068, -0.078783, -0.173883, 0.981610, 0.181007, 0.000000, 0.000000, 0.000000, 1.000000, -0.078783, -0.173883, 0.981610, 0.250007, -0.606092, -0.773425, -0.185649, 0.003567, 0.791483, -0.609572, -0.044456, 0.262142, 0.000000, 0.000000, 0.000000, 1.000000, -0.000474, -0.047056, -0.998892, 0.107226, -0.999363, 0.035656, -0.001206, -0.000830, 0.035673, 0.998256, -0.047043, -0.008631, 0.000000, 0.000000, 0.000000, 1.000000
-1.7172, 5.6065, -5.1321, 183.3489, 252.3489, 3.3935, 262.2056, 107.1689, -0.8149, -8.6710, 0.606352, 0.772586, 0.188279, 0.005607, -0.791271, 0.609699, 0.046446, -0.005132, -0.078910, -0.177142, 0.981017, 0.183349, 0.000000, 0.000000, 0.000000, 1.000000, -0.078910, -0.177142, 0.981017, 0.252349, -0.606352, -0.772586, -0.188279, 0.003393, 0.791271, -0.609699, -0.046446, 0.262206, 0.000000, 0.000000, 0.000000, 1.000000, -0.000607, -0.048784, -0.998809, 0.107169, -0.999351, 0.036012, -0.001151, -0.000815, 0.036025, 0.998160, -0.048774, -0.008671, 0.000000, 0.000000, 0.000000, 1.000000
-1.4346, 5.8052, -5.2265, 185.6806, 254.6806, 3.1948, 262.3000, 107.0540, -0.8401, -8.7305, 0.607301, 0.770677, 0.192984, 0.005805, -0.790865, 0.609557, 0.054523, -0.005227, -0.075615, -0.185736, 0.979686, 0.185681, 0.000000, 0.000000, 0.000000, 1.000000, -0.075615, -0.185736, 0.979686, 0.254681, -0.607301, -0.770677, -0.192984, 0.003195, 0.790865, -0.609557, -0.054523, 0.262300, 0.000000, 0.000000, 0.000000, 1.000000, -0.004231, -0.044920, -0.998982, 0.107054, -0.999334, 0.036387, 0.002597, -0.000840, 0.036233, 0.998328, -0.045044, -0.008731, 0.000000, 0.000000, 0.000000, 1.000000
-1.1547, 5.9600, -5.2435, 187.8916, 256.8916, 3.0400, 262.3169, 107.0413, -0.7857, -8.7665, 0.606560, 0.771732, 0.191089, 0.005960, -0.791367, 0.609131, 0.051942, -0.005243, -0.076313, -0.182727, 0.980197, 0.187892, 0.000000, 0.000000, 0.000000, 1.000000, -0.076313, -0.182727, 0.980197, 0.256892, -0.606560, -0.771732, -0.191089, 0.003040, 0.791367, -0.609131, -0.051942, 0.262317, 0.000000, 0.000000, 0.000000, 1.000000, -0.003518, -0.052924, -0.998592, 0.107041, -0.999363, 0.035646, 0.001632, -0.000786, 0.035510, 0.997962, -0.053016, -0.008766, 0.000000, 0.000000, 0.000000, 1.000000
-0.8217, 6.1178, -5.3057, 189.8042, 258.8042, 2.8822, 262.3792, 107.7336, -0.7911, -8.6939, 0.607168, 0.769119, 0.199509, 0.006118, -0.790809, 0.609345, 0.057616, -0.005306, -0.077256, -0.192756, 0.978201, 0.189804, 0.000000, 0.000000, 0.000000, 1.000000, -0.077256, -0.192756, 0.978201, 0.258804, -0.607168, -0.769119, -0.199509, 0.002882, 0.790809, -0.609345, -0.057616, 0.262379, 0.000000, 0.000000, 0.000000, 1.000000, -0.003004, -0.048416, -0.998823, 0.107734, -0.999329, 0.036616, 0.001231, -0.000791, 0.036513, 0.998156, -0.048494, -0.008694, 0.000000, 0.000000, 0.000000, 1.000000
-0.4813, 6.2936, -5.3597, 192.4055, 261.4055, 2.7064, 262.4331, 107.8144, -0.7510, -8.7706, 0.606509, 0.767127, 0.208957, 0.006294, -0.791197, 0.608264, 0.063422, -0.005360, -0.078449, -0.203793, 0.975866, 0.192406, 0.000000, 0.000000, 0.000000, 1.000000, -0.078449, -0.203793, 0.975866, 0.261406, -0.606509, -0.767127, -0.208957, 0.002706, 0.791197, -0.608264, -0.063422, 0.262433, 0.000000, 0.000000, 0.000000, 1.000000, -0.001875, -0.043105, -0.999069, 0.107814, -0.999348, 0.036102, 0.000318, -0.000751, 0.036054, 0.998418, -0.043144, -0.008771, 0.000000, 0.000000, 0.000000, 1.000000
-0.1691, 6.5688, -5.3566, 194.9781, 263.9781, 2.4312, 262.4300, 107.6779, -0.7241, -8.7824, 0.606711, 0.767711, 0.206207, 0.006569, -0.791432, 0.607653, 0.066285, -0.005357, -0.074415, -0.203414, 0.976261, 0.194978, 0.000000, 0.000000, 0.000000, 1.000000, -0.074415, -0.203414, 0.976261, 0.263978, -0.606711, -0.767711, -0.206207, 0.002431, 0.791432, -0.607653, -0.066285, 0.262430, 0.000000, 0.000000, 0.000000, 1.000000, -0.005991, -0.048996, -0.998781, 0.107678, -0.999368, 0.035294, 0.004264, -0.000724, 0.035042, 0.998175, -0.049177, -0.008782, 0.000000, 0.000000, 0.000000, 1.000000
0.1769, 6.7884, -5.3907, 197.2676, 266.2676, 2.2116, 262.4641, 108.0963, -0.7155, -8.7545, 0.606621, 0.765617, 0.214106, 0.006788, -0.791376, 0.607206, 0.070893, -0.005391, -0.075730, -0.212444, 0.974234, 0.197268, 0.000000, 0.000000, 0.000000, 1.000000, -0.075730, -0.212444, 0.974234, 0.266268, -0.606621, -0.765617, -0.214106, 0.002212, 0.791376, -0.607206, -0.070893, 0.262464, 0.000000, 0.000000, 0.000000, 1.000000, -0.004920, -0.045757, -0.998940, 0.108096, -0.999364, 0.035497, 0.003296, -0.000716, 0.035309, 0.998322, -0.045903, -0.008755, 0.000000, 0.000000, 0.000000, 1.000000
0.5288, 7.0588, -5.4139, 200.1453, 269.1453, 1.9412, 262.4873, 107.9837, -0.6854, -8.8403, 0.606909, 0.765104, 0.215122, 0.007059, -0.791370, 0.606770, 0.074597, -0.005414, -0.073455, -0.215514, 0.973734, 0.200145, 0.000000, 0.000000, 0.000000, 1.000000, -0.073455, -0.215514, 0.973734, 0.269145, -0.606909, -0.765104, -0.215122, 0.001941, 0.791370, -0.606770, -0.074597, 0.262487, 0.000000, 0.000000, 0.000000, 1.000000, -0.007398, -0.048762, -0.998783, 0.107984, -0.999363, 0.035221, 0.005683, -0.000685, 0.034901, 0.998189, -0.048991, -0.008840, 0.000000, 0.000000, 0.000000, 1.000000
0.8410, 7.3951, -5.3861, 203.3380, 272.3380, 1.6049, 262.4596, 107.2424, -0.6296, -9.0024, 0.607218, 0.765285, 0.213600, 0.007395, -0.791274, 0.606798, 0.075384, -0.005386, -0.071922, -0.214790, 0.974009, 0.203338, 0.000000, 0.000000, 0.000000, 1.000000, -0.071922, -0.214790, 0.974009, 0.272338, -0.607218, -0.765285, -0.213600, 0.001605, 0.791274, -0.606798, -0.075384, 0.262460, 0.000000, 0.000000, 0.000000, 1.000000, -0.009151, -0.054946, -0.998447, 0.107242, -0.999355, 0.035190, 0.007223, -0.000630, 0.034739, 0.997869, -0.055232, -0.009002, 0.000000, 0.000000, 0.000000, 1.000000
1.1323, 7.5946, -5.4201, 204.9894, 273.9894, 1.4054, 262.4936, 107.8642, -0.6548, -8.9295, 0.606601, 0.761096, 0.229710, 0.007595, -0.791220, 0.606127, 0.081121, -0.005420, -0.077493, -0.230960, 0.969872, 0.204989, 0.000000, 0.000000, 0.000000, 1.000000, -0.077493, -0.230960, 0.969872, 0.273989, -0.606601, -0.761096, -0.229710, 0.001405, 0.791220, -0.606127, -0.081121, 0.262494, 0.000000, 0.000000, 0.000000, 1.000000, -0.003829, -0.043339, -0.999053, 0.107864, -0.999352, 0.035914, 0.002273, -0.000655, 0.035782, 0.998415, -0.043448, -0.008930, 0.000000, 0.000000, 0.000000, 1.000000
1.4307, 7.8967, -5.4039, 207.5683, 276.5683, 1.1033, 262.4774, 107.6209, -0.6324, -9.0046, 0.606770, 0.761809, 0.226885, 0.007897, -0.791505, 0.605326, 0.084263, -0.005404, -0.073147, -0.230709, 0.970269, 0.207568, 0.000000, 0.000000, 0.000000, 1.000000, -0.073147, -0.230709, 0.970269, 0.276568, -0.606770, -0.761809, -0.226885, 0.001103, 0.791505, -0.605326, -0.084263, 0.262477, 0.000000, 0.000000, 0.000000, 1.000000, -0.008190, -0.048883, -0.998771, 0.107621, -0.999371, 0.034869, 0.006489, -0.000632, 0.034509, 0.998196, -0.049137, -0.009005, 0.000000, 0.000000, 0.000000, 1.000000
1.7305, 8.1549, -5.3912, 209.6061, 278.6061, 0.8451, 262.4646, 107.9209, -0.6260, -8.9736, 0.607679, 0.759121, 0.233371, 0.008155, -0.790876, 0.605220, 0.090687, -0.005391, -0.072399, -0.239676, 0.968150, 0.209606, 0.000000, 0.000000, 0.000000, 1.000000, -0.072399, -0.239676, 0.968150, 0.278606, -0.607679, -0.759121, -0.233371, 0.000845, 0.790876, -0.605220, -0.090687, 0.262465, 0.000000, 0.000000, 0.000000, 1.000000, -0.009404, -0.044790, -0.998952, 0.107921, -0.999332, 0.035698, 0.007807, -0.000626, 0.035311, 0.998358, -0.045096, -0.008974, 0.000000, 0.000000, 0.000000, 1.000000
2.0386, 8.4607, -5.3398, 212.3717, 281.3717, 0.5393, 262.4133, 107.5754, -0.5638, -9.0933, 0.606808, 0.759506, 0.234383, 0.008461, -0.791575, 0.604174, 0.091558, -0.005340, -0.072069, -0.241090, 0.967823, 0.212372, 0.000000, 0.000000, 0.000000, 1.000000, -0.072069, -0.241090, 0.967823, 0.281372, -0.606808, -0.759506, -0.234383, 0.000539, 0.791575, -0.604174, -0.091558, 0.262413, 0.000000, 0.000000, 0.000000, 1.000000, -0.009587, -0.048797, -0.998763, 0.107575, -0.999373, 0.034524, 0.007906, -0.000564, 0.034096, 0.998212, -0.049097, -0.009093, 0.000000, 0.000000, 0.000000, 1.000000
2.3007, 8.7376, -5.3236, 214.4208, 283.4208, 0.2624, 262.3971, 107.5712, -0.5646, -9.1216, 0.607400, 0.757662, 0.238775, 0.008738, -0.791093, 0.604283, 0.094935, -0.005324, -0.072359, -0.246557, 0.966423, 0.214421, 0.000000, 0.000000, 0.000000, 1.000000, -0.072359, -0.246557, 0.966423, 0.283421, -0.607400, -0.757662, -0.238775, 0.000262, 0.791093, -0.604283, -0.094935, 0.262397, 0.000000, 0.000000, 0.000000, 1.000000, -0.009689, -0.047648, -0.998817, 0.107571, -0.999345, 0.035290, 0.008011, -0.000565, 0.034866, 0.998241, -0.047959, -0.009122, 0.000000, 0.000000, 0.000000, 1.000000
2.6299, 8.9699, -5.2829, 216.3444, 285.3444, 0.0301, 262.3564, 108.2183, -0.5286, -9.0515, 0.606582, 0.756428, 0.244691, 0.008970, -0.791616, 0.603119, 0.097934, -0.005283, -0.073498, -0.253107, 0.964642, 0.216344, 0.000000, 0.000000, 0.000000, 1.000000, -0.073498, -0.253107, 0.964642, 0.285344, -0.606582, -0.756428, -0.244691, 0.000030, 0.791616, -0.603119, -0.097934, 0.262356, 0.000000, 0.000000, 0.000000, 1.000000, -0.008511, -0.046663, -0.998874, 0.108218, -0.999378, 0.034590, 0.006900, -0.000529, 0.034229, 0.998312, -0.046928, -0.009051, 0.000000, 0.000000, 0.000000, 1.000000
2.9301, 9.3617, -5.2298, 219.0113, 288.0113, -0.3617, 262.3032, 107.8898, -0.5217, -9.1260, 0.606897, 0.754043, 0.251188, 0.009362, -0.791268, 0.602925, 0.101866, -0.005230, -0.074637, -0.260579, 0.962563, 0.219011, 0.000000, 0.000000, 0.000000, 1.000000, -0.074637, -0.260579, 0.962563, 0.288011, -0.606897, -0.754043, -0.251188, -0.000362, 0.791268, -0.602925, -0.101866, 0.262303, 0.000000, 0.000000, 0.000000, 1.000000, -0.007743, -0.044086, -0.998998, 0.107890, -0.999358, 0.035278, 0.006189, -0.000522, 0.034970, 0.998405, -0.044331, -0.009126, 0.000000, 0.000000, 0.000000, 1.000000
3.2272, 9.7144, -5.1536, 221.6386, 290.6386, -0.7144, 262.2271, 107.5859, -0.4763, -9.2249, 0.607196, 0.755163, 0.247065, 0.009714, -0.791296, 0.602852, 0.102078, -0.005154, -0.071858, -0.257483, 0.963607, 0.221639, 0.000000, 0.000000, 0.000000, 1.000000, -0.071858, -0.257483, 0.963607, 0.290639, -0.607196, -0.755163, -0.247065, -0.000714, 0.791296, -0.602852, -0.102078, 0.262227, 0.000000, 0.000000, 0.000000, 1.000000, -0.010642, -0.052517, -0.998563, 0.107586, -0.999356, 0.034792, 0.008821, -0.000476, 0.034279, 0.998014, -0.052853, -0.009225, 0.000000, 0.000000, 0.000000, 1.000000
3.5140, 9.9673, -5.1052, 223.4874, 292.4874, -0.9673, 262.1786, 107.9745, -0.4513, -9.1990, 0.606572, 0.752528, 0.256460, 0.009967, -0.791325, 0.602571, 0.103502, -0.005105, -0.076647, -0.265725, 0.960997, 0.223487, 0.000000, 0.000000, 0.000000, 1.000000, -0.076647, -0.265725, 0.960997, 0.292487, -0.606572, -0.752528, -0.256460, -0.000967, 0.791325, -0.602571, -0.103502, 0.262179, 0.000000, 0.000000, 0.000000, 1.000000, -0.006093, -0.048893, -0.998785, 0.107974, -0.999360, 0.035499, 0.004359, -0.000451, 0.035243, 0.998173, -0.049078, -0.009199, 0.000000, 0.000000, 0.000000, 1.000000
3.8030, 10.2886, -5.0754, 225.5851, 294.5851, -1.2886, 262.1488, 108.1294, -0.4633, -9.2154, 0.607418, 0.750803, 0.259497, 0.010289, -0.791153, 0.601186, 0.112481, -0.005075, -0.071555, -0.273625, 0.959171, 0.225585, 0.000000, 0.000000, 0.000000, 1.000000, -0.071555, -0.273625, 0.959171, 0.294585, -0.607418, -0.750803, -0.259497, -0.001289, 0.791153, -0.601186, -0.112481, 0.262149, 0.000000, 0.000000, 0.000000, 1.000000, -0.011358, -0.045764, -0.998888, 0.108129, -0.999346, 0.034808, 0.009769, -0.000463, 0.034322, 0.998346, -0.046129, -0.009215, 0.000000, 0.000000, 0.000000, 1.000000
4.1612, 10.6545, -4.9737, 228.0382, 297.0382, -1.6545, 262.0472, 108.4642, -0.4173, -9.1892, 0.607669, 0.750749, 0.259066, 0.010654, -0.791113, 0.600894, 0.114312, -0.004974, -0.069852, -0.274415, 0.959071, 0.228038, 0.000000, 0.000000, 0.000000, 1.000000, -0.069852, -0.274415, 0.959071, 0.297038, -0.607669, -0.750749, -0.259066, -0.001654, 0.791113, -0.600894, -0.114312, 0.262047, 0.000000, 0.000000, 0.000000, 1.000000, -0.013261, -0.051205, -0.998600, 0.108464, -0.999337, 0.034545, 0.011499, -0.000417, 0.033908, 0.998091, -0.051629, -0.009189, 0.000000, 0.000000, 0.000000, 1.000000
4.4817, 11.0621, -4.8711, 230.5050, 299.5050, -2.0621, 261.9445, 108.4832, -0.3936, -9.1998, 0.607394, 0.746389, 0.271986, 0.011062, -0.791166, 0.599228, 0.122404, -0.004871, -0.071621, -0.289533, 0.954485, 0.230505, 0.000000, 0.000000, 0.000000, 1.000000, -0.071621, -0.289533, 0.954485, 0.299505, -0.607394, -0.746389, -0.271986, -0.002062, 0.791166, -0.599228, -0.122404, 0.261945, 0.000000, 0.000000, 0.000000, 1.000000, -0.011693, -0.040982, -0.999091, 0.108483, -0.999347, 0.034635, 0.010275, -0.000394, 0.034182, 0.998559, -0.041361, -0.009200, 0.000000, 0.000000, 0.000000, 1.000000
4.8086, 11.4630, -4.7486, 233.0894, 302.0894, -2.4630, 261.8220, 108.4440, -0.3415, -9.2487, 0.607471, 0.746766, 0.270775, 0.011463, -0.791263, 0.598856, 0.123587, -0.004749, -0.069865, -0.289330, 0.954676, 0.233089, 0.000000, 0.000000, 0.000000, 1.000000, -0.069865, -0.289330, 0.954676, 0.302089, -0.607471, -0.746766, -0.270775, -0.002463, 0.791263, -0.598856, -0.123587, 0.261822, 0.000000, 0.000000, 0.000000, 1.000000, -0.013548, -0.046937, -0.998806, 0.108444, -0.999346, 0.034129, 0.011951, -0.000342, 0.033527, 0.998315, -0.047368, -0.009249, 0.000000, 0.000000, 0.000000, 1.000000
5.1160, 11.9011, -4.6594, 235.6467, 304.6467, -2.9011, 261.7328, 108.2744, -0.3399, -9.3205, 0.606986, 0.745073, 0.276467, 0.011901, -0.791361, 0.598589, 0.124254, -0.004659, -0.072912, -0.294206, 0.952957, 0.235647, 0.000000, 0.000000, 0.000000, 1.000000, -0.072912, -0.294206, 0.952957, 0.304647, -0.606986, -0.745073, -0.276467, -0.002901, 0.791361, -0.598589, -0.124254, 0.261733, 0.000000, 0.000000, 0.000000, 1.000000, -0.010704, -0.047145, -0.998831, 0.108274, -0.999362, 0.034543, 0.009079, -0.000340, 0.034074, 0.998291, -0.047485, -0.009320, 0.000000, 0.000000, 0.000000, 1.000000
5.4206, 12.2514, -4.5718, 237.7512, 306.7512, -3.2514, 261.6452, 108.5390, -0.3212, -9.3204, 0.607868, 0.742480, 0.281459, 0.012251, -0.791093, 0.596789, 0.134218, -0.004572, -0.068318, -0.304247, 0.950140, 0.237751, 0.000000, 0.000000, 0.000000, 1.000000, -0.068318, -0.304247, 0.950140, 0.306751, -0.607868, -0.742480, -0.281459, -0.003251, 0.791093, -0.596789, -0.134218, 0.261645, 0.000000, 0.000000, 0.000000, 1.000000, -0.015505, -0.041961, -0.998999, 0.108539, -0.999327, 0.033863, 0.014088, -0.000321, 0.033238, 0.998545, -0.042458, -0.009320, 0.000000, 0.000000, 0.000000, 1.000000
5.7509, 12.6836, -4.4522, 240.2466, 309.2466, -3.6836, 261.5256, 108.6080, -0.2960, -9.3534, 0.608032, 0.742333, 0.281493, 0.012684, -0.790938, 0.597063, 0.133913, -0.004452, -0.068661, -0.304067, 0.950173, 0.240247, 0.000000, 0.000000, 0.000000, 1.000000, -0.068661, -0.304067, 0.950173, 0.309247, -0.608032, -0.742333, -0.281493, -0.003684, 0.790938, -0.597063, -0.133913, 0.261526, 0.000000, 0.000000, 0.000000, 1.000000, -0.015454, -0.047878, -0.998734, 0.108608, -0.999320, 0.034184, 0.013824, -0.000296, 0.033479, 0.998268, -0.048373, -0.009353, 0.000000, 0.000000, 0.000000, 1.000000
6.0898, 13.1316, -4.3196, 242.5984, 311.5984, -4.1316, 261.3930, 108.8735, -0.2795, -9.3182, 0.607952, 0.740242, 0.287115, 0.013132, -0.790868, 0.596546, 0.136605, -0.004320, -0.070157, -0.310120, 0.948105, 0.242598, 0.000000, 0.000000, 0.000000, 1.000000, -0.070157, -0.310120, 0.948105, 0.311598, -0.607952, -0.740242, -0.287115, -0.004132, 0.790868, -0.596546, -0.136605, 0.261393, 0.000000, 0.000000, 0.000000, 1.000000, -0.014243, -0.047375, -0.998776, 0.108874, -0.999324, 0.034541, 0.012613, -0.000279, 0.033901, 0.998280, -0.047834, -0.009318, 0.000000, 0.000000, 0.000000, 1.000000
6.4488, 13.6524, -4.1352, 245.2838, 314.2838, -4.6524, 261.2087, 108.9547, -0.2393, -9.3059, 0.607468, 0.736941, 0.296479, 0.013652, -0.791073, 0.595085, 0.141693, -0.004135, -0.072011, -0.320611, 0.944470, 0.245284, 0.000000, 0.000000, 0.000000, 1.000000, -0.072011, -0.320611, 0.944470, 0.314284, -0.607468, -0.736941, -0.296479, -0.004652, 0.791073, -0.595085, -0.141693, 0.261209, 0.000000, 0.000000, 0.000000, 1.000000, -0.012539, -0.042546, -0.999016, 0.108955, -0.999343, 0.034514, 0.011073, -0.000239, 0.034009, 0.998498, -0.042951, -0.009306, 0.000000, 0.000000, 0.000000, 1.000000
6.7722, 14.0944, -3.9814, 247.7737, 316.7737, -5.0944, 261.0548, 108.9758, -0.1922, -9.3620, 0.607404, 0.737093, 0.296233, 0.014094, -0.791201, 0.594720, 0.142508, -0.003981, -0.071134, -0.320940, 0.944425, 0.247774, 0.000000, 0.000000, 0.000000, 1.000000, -0.071134, -0.320940, 0.944425, 0.316774, -0.607404, -0.737093, -0.296233, -0.005094, 0.791201, -0.594720, -0.142508, 0.261055, 0.000000, 0.000000, 0.000000, 1.000000, -0.013501, -0.047870, -0.998762, 0.108976, -0.999348, 0.034106, 0.011874, -0.000192, 0.033496, 0.998271, -0.048299, -0.009362, 0.000000, 0.000000, 0.000000, 1.000000
7.0696, 14.6262, -3.8090, 250.6518, 319.6518, -5.6262, 260.8824, 108.4060, -0.1544, -9.5353, 0.606707, 0.736536, 0.299034, 0.014626, -0.791740, 0.593533, 0.144452, -0.003809, -0.071093, -0.324397, 0.943246, 0.250652, 0.000000, 0.000000, 0.000000, 1.000000, -0.071093, -0.324397, 0.943246, 0.319652, -0.606707, -0.736536, -0.299034, -0.005626, 0.791740, -0.593533, -0.144452, 0.260882, 0.000000, 0.000000, 0.000000, 1.000000, -0.013386, -0.049469, -0.998686, 0.108406, -0.999379, 0.033217, 0.011750, -0.000154, 0.032593, 0.998223, -0.049883, -0.009535, 0.000000, 0.000000, 0.000000, 1.000000
7.3337, 15.0143, -3.6941, 252.2722, 321.2722, -6.0143, 260.7675, 108.8025, -0.1698, -9.4346, 0.607558, 0.732074, 0.308123, 0.015014, -0.790929, 0.593191, 0.150186, -0.003694, -0.072828, -0.334950, 0.939417, 0.252272, 0.000000, 0.000000, 0.000000, 1.000000, -0.072828, -0.334950, 0.939417, 0.321272, -0.607558, -0.732074, -0.308123, -0.006014, 0.790929, -0.593191, -0.150186, 0.260768, 0.000000, 0.000000, 0.000000, 1.000000, -0.012363, -0.042723, -0.999010, 0.108803, -0.999336, 0.034766, 0.010880, -0.000170, 0.034267, 0.998482, -0.043125, -0.009435, 0.000000, 0.000000, 0.000000, 1.000000
7.6019, 15.4310, -3.5518, 254.5121, 323.5121, -6.4310, 260.6252, 108.6456, -0.1354, -9.5342, 0.606968, 0.731467, 0.310719, 0.015431, -0.791314, 0.592446, 0.151095, -0.003552, -0.073563, -0.337586, 0.938416, 0.254512, 0.000000, 0.000000, 0.000000, 1.000000, -0.073563, -0.337586, 0.938416, 0.323512, -0.606968, -0.731467, -0.310719, -0.006431, 0.791314, -0.592446, -0.151095, 0.260625, 0.000000, 0.000000, 0.000000, 1.000000, -0.011575, -0.044630, -0.998937, 0.108646, -0.999360, 0.034325, 0.010046, -0.000135, 0.033840, 0.998414, -0.044998, -0.009534, 0.000000, 0.000000, 0.000000, 1.000000
7.9186, 15.8567, -3.3774, 256.4856, 325.4856, -6.8567, 260.4509, 109.1036, -0.0991, -9.4517, 0.606839, 0.731351, 0.311244, 0.015857, -0.791562, 0.591531, 0.153364, -0.003377, -0.071947, -0.339436, 0.937874, 0.256486, 0.000000, 0.000000, 0.000000, 1.000000, -0.071947, -0.339436, 0.937874, 0.325486, -0.606839, -0.731351, -0.311244, -0.006857, 0.791562, -0.591531, -0.153364, 0.260451, 0.000000, 0.000000, 0.000000, 1.000000, -0.013160, -0.048248, -0.998749, 0.109104, -0.999371, 0.033516, 0.011549, -0.000099, 0.032917, 0.998273, -0.048659, -0.009452, 0.000000, 0.000000, 0.000000, 1.000000
8.2291, 16.3370, -3.2039, 258.8986, 327.8986, -7.3370, 260.2774, 109.0932, -0.0637, -9.5188, 0.606601, 0.728882, 0.317437, 0.016337, -0.791481, 0.591242, 0.154891, -0.003204, -0.074785, -0.345202, 0.935544, 0.258899, 0.000000, 0.000000, 0.000000, 1.000000, -0.074785, -0.345202, 0.935544, 0.327899, -0.606601, -0.728882, -0.317437, -0.007337, 0.791481, -0.591242, -0.154891, 0.260277, 0.000000, 0.000000, 0.000000, 1.000000, -0.010664, -0.047435, -0.998817, 0.109093, -0.999371, 0.034297, 0.009041, -0.000064, 0.033828, 0.998285, -0.047771, -0.009519, 0.000000, 0.000000, 0.000000, 1.000000
8.5250, 16.8528, -3.0276, 261.0631, 330.0631, -7.8528, 260.1011, 109.1862, -0.0643, -9.4930, 0.606728, 0.726359, 0.322931, 0.016853, -0.791469, 0.589761, 0.160493, -0.003028, -0.073877, -0.352965, 0.932715, 0.261063, 0.000000, 0.000000, 0.000000, 1.000000, -0.073877, -0.352965, 0.932715, 0.330063, -0.606728, -0.726359, -0.322931, -0.007853, 0.791469, -0.589761, -0.160493, 0.260101, 0.000000, 0.000000, 0.000000, 1.000000, -0.011718, -0.044309, -0.998949, 0.109186, -0.999370, 0.034000, 0.010215, -0.000064, 0.033511, 0.998439, -0.044679, -0.009493, 0.000000, 0.000000, 0.000000, 1.000000
8.8254, 17.4137, -2.7959, 263.7802, 332.7802, -8.4137, 259.8694, 108.7849, -0.0066, -9.6301, 0.607194, 0.726957, 0.320700, 0.017414, -0.791412, 0.589199, 0.162824, -0.002796, -0.070591, -0.352672, 0.933081, 0.263780, 0.000000, 0.000000, 0.000000, 1.000000, -0.070591, -0.352672, 0.933081, 0.332780, -0.607194, -0.726957, -0.320700, -0.008414, 0.791412, -0.589199, -0.162824, 0.259869, 0.000000, 0.000000, 0.000000, 1.000000, -0.015075, -0.049929, -0.998639, 0.108785, -0.999358, 0.033218, 0.013425, -0.000007, 0.032502, 0.998200, -0.050398, -0.009630, 0.000000, 0.000000, 0.000000, 1.000000
9.1126, 17.8793, -2.5907, 265.7446, 334.7446, -8.8793, 259.6642, 109.0111, 0.0311, -9.5797, 0.606675, 0.723560, 0.329251, 0.017879, -0.791604, 0.587828, 0.166794, -0.002591, -0.072857, -0.361826, 0.929394, 0.265745, 0.000000, 0.000000, 0.000000, 1.000000, -0.072857, -0.361826, 0.929394, 0.334745, -0.606675, -0.723560, -0.329251, -0.008879, 0.791604, -0.587828, -0.166794, 0.259664, 0.000000, 0.000000, 0.000000, 1.000000, -0.012946, -0.045086, -0.998899, 0.109011, -0.999376, 0.033415, 0.011444, 0.000031, 0.032862, 0.998424, -0.045491, -0.009580, 0.000000, 0.000000, 0.000000, 1.000000
9.3848, 18.2993, -2.4466, 267.5236, 336.5236, -9.2993, 259.5200, 109.3192, 0.0323, -9.5496, 0.606768, 0.722995, 0.330320, 0.018299, -0.791595, 0.587350, 0.168515, -0.002447, -0.072178, -0.363729, 0.928704, 0.267524, 0.000000, 0.000000, 0.000000, 1.000000, -0.072178, -0.363729, 0.928704, 0.336524, -0.606768, -0.722995, -0.330320, -0.009299, 0.791595, -0.587350, -0.168515, 0.259520, 0.000000, 0.000000, 0.000000, 1.000000, -0.013757, -0.047799, -0.998762, 0.109319, -0.999374, 0.033217, 0.012175, 0.000032, 0.032594, 0.998304, -0.048226, -0.009550, 0.000000, 0.000000, 0.000000, 1.000000
9.6473, 18.8442, -2.2291, 269.7075, 338.7075, -9.8442, 259.3026, 109.1253, 0.0496, -9.5768, 0.607367, 0.720422, 0.334810, 0.018844, -0.791140, 0.586779, 0.172589, -0.002229, -0.072122, -0.369707, 0.926345, 0.269708, 0.000000, 0.000000, 0.000000, 1.000000, -0.072122, -0.369707, 0.926345, 0.338708, -0.607367, -0.720422, -0.334810, -0.009844, 0.791140, -0.586779, -0.172589, 0.259303, 0.000000, 0.000000, 0.000000, 1.000000, -0.014267, -0.045873, -0.998845, 0.109125, -0.999347, 0.033815, 0.012721, 0.000050, 0.033193, 0.998375, -0.046326, -0.009577, 0.000000, 0.000000, 0.000000, 1.000000
9.9533, 19.3016, -2.0358, 271.7250, 340.7250, -10.3016, 259.1093, 109.4592, 0.0862, -9.5624, 0.607024, 0.717565, 0.341500, 0.019302, -0.791305, 0.585370, 0.176575, -0.002036, -0.073200, -0.377416, 0.923146, 0.271725, 0.000000, 0.000000, 0.000000, 1.000000, -0.073200, -0.377416, 0.923146, 0.340725, -0.607024, -0.717565, -0.341500, -0.010302, 0.791305, -0.585370, -0.176575, 0.259109, 0.000000, 0.000000, 0.000000, 1.000000, -0.013307, -0.042873, -0.998992, 0.109459, -0.999359, 0.033773, 0.011863, 0.000086, 0.033230, 0.998510, -0.043294, -0.009562, 0.000000, 0.000000, 0.000000, 1.000000
10.0000, 19.8895, -1.8129, 274.3932, 343.3932, -10.8895, 258.8864, 107.1406, 0.1177, -10.0721, 0.607413, 0.717889, 0.340125, 0.019890, -0.791208, 0.584986, 0.178273, -0.001813, -0.070988, -0.377395, 0.923328, 0.274393, 0.000000, 0.000000, 0.000000, 1.000000, -0.070988, -0.377395, 0.923328, 0.343393, -0.607413, -0.717889, -0.340125, -0.010890, 0.791208, -0.584986, -0.178273, 0.258886, 0.000000, 0.000000, 0.000000, 1.000000, -0.015502, -0.043755, -0.998922, 0.107141, -0.999347, 0.033275, 0.014051, 0.000118, 0.032624, 0.998488, -0.044243, -0.010072, 0.000000, 0.000000, 0.000000, 1.000000
10.0000, 20.1613, -1.6645, 275.6662, 344.6662, -11.1613, 258.7379, 105.8571, 0.1720, -10.3289, 0.607598, 0.717971, 0.339622, 0.020161, -0.791269, 0.584169, 0.180663, -0.001664, -0.068686, -0.378503, 0.923048, 0.275666, 0.000000, 0.000000, 0.000000, 1.000000, -0.068686, -0.378503, 0.923048, 0.344666, -0.607598, -0.717971, -0.339622, -0.011161, 0.791269, -0.584169, -0.180663, 0.258738, 0.000000, 0.000000, 0.000000, 1.000000, -0.017643, -0.042627, -0.998935, 0.105857, -0.999340, 0.032484, 0.016264, 0.000172, 0.031756, 0.998563, -0.043172, -0.010329, 0.000000, 0.000000, 0.000000, 1.000000
