# Joint_A_Angle(deg), Cam_X(mm), Cam_Y(mm), Cam_Z(mm), Torso_X(mm), Torso_Y(mm), Torso_Z(mm), EE_X(mm), EE_Y(mm), EE_Z(mm), T_cam2marker_flat(16), T_torso2marker_flat(16), T_ee2marker_flat(16)
-19.4403, 30.7430, 15.2548, 152.9560, 221.9560, -21.7430, 241.8186, 102.8208, -0.9505, -8.9896, 0.609806, 0.789022, -0.074699, 0.030743, -0.791325, 0.600914, -0.112724, 0.015255, -0.044054, 0.127851, 0.990814, 0.152956, 0.000000, 0.000000, 0.000000, 1.000000, -0.044054, 0.127851, 0.990814, 0.221956, -0.609806, -0.789022, 0.074699, -0.021743, 0.791325, -0.600914, 0.112724, 0.241819, 0.000000, 0.000000, 0.000000, 1.000000, -0.024188, -0.046493, -0.998626, 0.102821, -0.998906, 0.041123, 0.022280, -0.000951, 0.040030, 0.998072, -0.047437, -0.008990, 0.000000, 0.000000, 0.000000, 1.000000
-18.8943, 30.2760, 14.8427, 153.5993, 222.5993, -21.2760, 242.2307, 103.4050, -0.9695, -8.5768, 0.610103, 0.789101, -0.071374, 0.030276, -0.791155, 0.601838, -0.108930, 0.014843, -0.043001, 0.122926, 0.991484, 0.153599, 0.000000, 0.000000, 0.000000, 1.000000, -0.043001, 0.122926, 0.991484, 0.222599, -0.610103, -0.789101, 0.071374, -0.021276, 0.791155, -0.601838, 0.108930, 0.242231, 0.000000, 0.000000, 0.000000, 1.000000, -0.025595, -0.051008, -0.998370, 0.103405, -0.998863, 0.041476, 0.023489, -0.000969, 0.040211, 0.997837, -0.052012, -0.008577, 0.000000, 0.000000, 0.000000, 1.000000
-18.2224, 29.4691, 14.1828, 154.8315, 223.8315, -20.4691, 242.8906, 103.6723, -0.9513, -8.3218, 0.609751, 0.790151, -0.062171, 0.029469, -0.791377, 0.602598, -0.102948, 0.014183, -0.043881, 0.111973, 0.992742, 0.154832, 0.000000, 0.000000, 0.000000, 1.000000, -0.043881, 0.111973, 0.992742, 0.223832, -0.609751, -0.790151, 0.062171, -0.020469, 0.791377, -0.602598, 0.102948, 0.242891, 0.000000, 0.000000, 0.000000, 1.000000, -0.025212, -0.051724, -0.998343, 0.103672, -0.998904, 0.040706, 0.023118, -0.000951, 0.039443, 0.997831, -0.052694, -0.008322, 0.000000, 0.000000, 0.000000, 1.000000
-17.6490, 28.4477, 13.3058, 156.1590, 225.1590, -19.4477, 243.7676, 103.6058, -0.9786, -8.5531, 0.609962, 0.790594, -0.053923, 0.028448, -0.791223, 0.603864, -0.096512, 0.013306, -0.043740, 0.101533, 0.993870, 0.156159, 0.000000, 0.000000, 0.000000, 1.000000, -0.043740, 0.101533, 0.993870, 0.225159, -0.609962, -0.790594, 0.053923, -0.019448, 0.791223, -0.603864, 0.096512, 0.243768, 0.000000, 0.000000, 0.000000, 1.000000, -0.025734, -0.051197, -0.998357, 0.103606, -0.998890, 0.040734, 0.023659, -0.000979, 0.039455, 0.997858, -0.052189, -0.008553, 0.000000, 0.000000, 0.000000, 1.000000
-17.0494, 27.6520, 12.6576, 157.3941, 226.3942, -18.6520, 244.4159, 103.7236, -0.9571, -8.4387, 0.609595, 0.791545, -0.043009, 0.027652, -0.791506, 0.604778, -0.088104, 0.012658, -0.043727, 0.087750, 0.995182, 0.157394, 0.000000, 0.000000, 0.000000, 1.000000, -0.043727, 0.087750, 0.995182, 0.226394, -0.609595, -0.791545, 0.043009, -0.018652, 0.791506, -0.604778, 0.088104, 0.244416, 0.000000, 0.000000, 0.000000, 1.000000, -0.026177, -0.047836, -0.998512, 0.103724, -0.998907, 0.039942, 0.024274, -0.000957, 0.038722, 0.998056, -0.048830, -0.008439, 0.000000, 0.000000, 0.000000, 1.000000
-16.5177, 26.7518, 11.8854, 158.7255, 227.7255, -17.7518, 245.1881, 103.5892, -0.9691, -8.6136, 0.609726, 0.791789, -0.036117, 0.026752, -0.791383, 0.605611, -0.083356, 0.011885, -0.044128, 0.079407, 0.995865, 0.158726, 0.000000, 0.000000, 0.000000, 1.000000, -0.044128, 0.079407, 0.995865, 0.227726, -0.609726, -0.791789, 0.036117, -0.017752, 0.791383, -0.605611, 0.083356, 0.245188, 0.000000, 0.000000, 0.000000, 1.000000, -0.026129, -0.048720, -0.998471, 0.103589, -0.998911, 0.039884, 0.024195, -0.000969, 0.038644, 0.998016, -0.049709, -0.008614, 0.000000, 0.000000, 0.000000, 1.000000
-15.9939, 26.0068, 11.2405, 159.8166, 228.8166, -17.0068, 245.8329, 103.6929, -0.9844, -8.6210, 0.609890, 0.791916, -0.030063, 0.026007, -0.791327, 0.606507, -0.077149, 0.011241, -0.042862, 0.070842, 0.996566, 0.159817, 0.000000, 0.000000, 0.000000, 1.000000, -0.042862, 0.070842, 0.996566, 0.228817, -0.609890, -0.791916, 0.030063, -0.017007, 0.791327, -0.606507, 0.077149, 0.245833, 0.000000, 0.000000, 0.000000, 1.000000, -0.027744, -0.049242, -0.998401, 0.103693, -0.998870, 0.039927, 0.025788, -0.000984, 0.038593, 0.997989, -0.050294, -0.008621, 0.000000, 0.000000, 0.000000, 1.000000
-15.4685, 25.2382, 10.5616, 160.9494, 229.9494, -16.2382, 246.5119, 103.7662, -1.0109, -8.6732, 0.609797, 0.792175, -0.024637, 0.025238, -0.791592, 0.607226, -0.068254, 0.010562, -0.039109, 0.061124, 0.997364, 0.160949, 0.000000, 0.000000, 0.000000, 1.000000, -0.039109, 0.061124, 0.997364, 0.229949, -0.609797, -0.792175, 0.024637, -0.016238, 0.791592, -0.607226, 0.068254, 0.246512, 0.000000, 0.000000, 0.000000, 1.000000, -0.031855, -0.048660, -0.998307, 0.103766, -0.998764, 0.039669, 0.029936, -0.001011, 0.038145, 0.998027, -0.049864, -0.008673, 0.000000, 0.000000, 0.000000, 1.000000
-14.8826, 24.4607, 9.9054, 162.1446, 231.1446, -15.4607, 247.1680, 103.9301, -1.0092, -8.6196, 0.610201, 0.792119, -0.014221, 0.024461, -0.791275, 0.608465, -0.060457, 0.009905, -0.039236, 0.048144, 0.998069, 0.162145, 0.000000, 0.000000, 0.000000, 1.000000, -0.039236, 0.048144, 0.998069, 0.231145, -0.610201, -0.792119, 0.014221, -0.015461, 0.791275, -0.608465, 0.060457, 0.247168, 0.000000, 0.000000, 0.000000, 1.000000, -0.032116, -0.045843, -0.998432, 0.103930, -0.998749, 0.039782, 0.030299, -0.001009, 0.038330, 0.998156, -0.047063, -0.008620, 0.000000, 0.000000, 0.000000, 1.000000
-14.2976, 23.7999, 9.3440, 163.3562, 232.3562, -14.7999, 247.7294, 104.0843, -0.9969, -8.4282, 0.610274, 0.792152, -0.007741, 0.023800, -0.791153, 0.608946, -0.057103, 0.009344, -0.040520, 0.040972, 0.998338, 0.163356, 0.000000, 0.000000, 0.000000, 1.000000, -0.040520, 0.040972, 0.998338, 0.232356, -0.610274, -0.792152, 0.007741, -0.014800, 0.791153, -0.608946, 0.057103, 0.247729, 0.000000, 0.000000, 0.000000, 1.000000, -0.031222, -0.048856, -0.998318, 0.104084, -0.998784, 0.039642, 0.029297, -0.000997, 0.038144, 0.998019, -0.050034, -0.008428, 0.000000, 0.000000, 0.000000, 1.000000
-13.6837, 22.9499, 8.6007, 164.6927, 233.6927, -13.9499, 248.4728, 104.1911, -1.0140, -8.4574, 0.610370, 0.792114, 0.002192, 0.022950, -0.791132, 0.609747, -0.048152, 0.008601, -0.039478, 0.027656, 0.998838, 0.164693, 0.000000, 0.000000, 0.000000, 1.000000, -0.039478, 0.027656, 0.998838, 0.233693, -0.610370, -0.792114, -0.002192, -0.013950, 0.791132, -0.609747, 0.048152, 0.248473, 0.000000, 0.000000, 0.000000, 1.000000, -0.032673, -0.046227, -0.998396, 0.104191, -0.998748, 0.039365, 0.030862, -0.001014, 0.037875, 0.998155, -0.047455, -0.008457, 0.000000, 0.000000, 0.000000, 1.000000
-13.1720, 22.0493, 7.8770, 166.2065, 235.2065, -13.0493, 249.1965, 103.8997, -0.9733, -8.7202, 0.609802, 0.792414, 0.014871, 0.022049, -0.791553, 0.609868, -0.038798, 0.007877, -0.039814, 0.011888, 0.999136, 0.166206, 0.000000, 0.000000, 0.000000, 1.000000, -0.039814, 0.011888, 0.999136, 0.235206, -0.609802, -0.792414, -0.014871, -0.013049, 0.791553, -0.609868, 0.038798, 0.249196, 0.000000, 0.000000, 0.000000, 1.000000, -0.032656, -0.039434, -0.998688, 0.103900, -0.998786, 0.038164, 0.031152, -0.000973, 0.036886, 0.998493, -0.040633, -0.008720, 0.000000, 0.000000, 0.000000, 1.000000
-12.6547, 21.4070, 7.2202, 167.2615, 236.2615, -12.4070, 249.8532, 104.0751, -1.0604, -8.7219, 0.611096, 0.791433, 0.013954, 0.021407, -0.791048, 0.611240, -0.025058, 0.007220, -0.028361, 0.004275, 0.999589, 0.167261, 0.000000, 0.000000, 0.000000, 1.000000, -0.028361, 0.004275, 0.999589, 0.236261, -0.611096, -0.791433, -0.013954, -0.012407, 0.791048, -0.611240, 0.025058, 0.249853, 0.000000, 0.000000, 0.000000, 1.000000, -0.044479, -0.040739, -0.998179, 0.104075, -0.998307, 0.039304, 0.042881, -0.001060, 0.037486, 0.998396, -0.042418, -0.008722, 0.000000, 0.000000, 0.000000, 1.000000
-12.0841, 20.7001, 6.5991, 168.4998, 237.4998, -11.7001, 250.4744, 104.2074, -1.0680, -8.6749, 0.610832, 0.791408, 0.023608, 0.020700, -0.791218, 0.611245, -0.018790, 0.006599, -0.029301, -0.007201, 0.999545, 0.168500, 0.000000, 0.000000, 0.000000, 1.000000, -0.029301, -0.007201, 0.999545, 0.237500, -0.610832, -0.791408, -0.023608, -0.011700, 0.791218, -0.611245, 0.018790, 0.250474, 0.000000, 0.000000, 0.000000, 1.000000, -0.043899, -0.039245, -0.998265, 0.104207, -0.998359, 0.038504, 0.042389, -0.001068, 0.036773, 0.998488, -0.040871, -0.008675, 0.000000, 0.000000, 0.000000, 1.000000
-11.5358, 20.0407, 6.0279, 169.6068, 238.6068, -11.0407, 251.0455, 104.4245, -1.0718, -8.6038, 0.610963, 0.791423, 0.019345, 0.020041, -0.791224, 0.611255, -0.018236, 0.006028, -0.026258, -0.004164, 0.999647, 0.169607, 0.000000, 0.000000, 0.000000, 1.000000, -0.026258, -0.004164, 0.999647, 0.238607, -0.610963, -0.791423, -0.019345, -0.011041, 0.791224, -0.611255, 0.018236, 0.251046, 0.000000, 0.000000, 0.000000, 1.000000, -0.047291, -0.051822, -0.997536, 0.104425, -0.998222, 0.038720, 0.045312, -0.001072, 0.036277, 0.997905, -0.053561, -0.008604, 0.000000, 0.000000, 0.000000, 1.000000
-11.0143, 19.3605, 5.4170, 170.8800, 239.8800, -10.3605, 251.6565, 104.4238, -1.0841, -8.6408, 0.611195, 0.790902, 0.030247, 0.019360, -0.791061, 0.611668, -0.009165, 0.005417, -0.025750, -0.018325, 0.999500, 0.170880, 0.000000, 0.000000, 0.000000, 1.000000, -0.025750, -0.018325, 0.999500, 0.239880, -0.611195, -0.790902, -0.030247, -0.010360, 0.791061, -0.611668, 0.009165, 0.251656, 0.000000, 0.000000, 0.000000, 1.000000, -0.048144, -0.046754, -0.997746, 0.104424, -0.998188, 0.038347, 0.046368, -0.001084, 0.036093, 0.998170, -0.048516, -0.008641, 0.000000, 0.000000, 0.000000, 1.000000
-10.3553, 18.7746, 4.8251, 171.9754, 240.9754, -9.7746, 252.2483, 104.9196, -1.1481, -8.3365, 0.612014, 0.790401, 0.026568, 0.018775, -0.790719, 0.612173, 0.002582, 0.004825, -0.014224, -0.022588, 0.999644, 0.171975, 0.000000, 0.000000, 0.000000, 1.000000, -0.014224, -0.022588, 0.999644, 0.240975, -0.612014, -0.790401, -0.026568, -0.009775, 0.790719, -0.612173, -0.002582, 0.252248, 0.000000, 0.000000, 0.000000, 1.000000, -0.060100, -0.053933, -0.996734, 0.104920, -0.997561, 0.038743, 0.058053, -0.001148, 0.035486, 0.997793, -0.056130, -0.008336, 0.000000, 0.000000, 0.000000, 1.000000
-9.8305, 18.0892, 4.1510, 173.4409, 242.4409, -9.0892, 252.9224, 104.7537, -1.1950, -8.4456, 0.613320, 0.789209, 0.031439, 0.018089, -0.789794, 0.613207, 0.014250, 0.004151, -0.008032, -0.033571, 0.999404, 0.173441, 0.000000, 0.000000, 0.000000, 1.000000, -0.008032, -0.033571, 0.999404, 0.242441, -0.613320, -0.789209, -0.031439, -0.009089, 0.789794, -0.613207, -0.014250, 0.252922, 0.000000, 0.000000, 0.000000, 1.000000, -0.066716, -0.052016, -0.996415, 0.104754, -0.997123, 0.039489, 0.064702, -0.001195, 0.035981, 0.997865, -0.054501, -0.008446, 0.000000, 0.000000, 0.000000, 1.000000
-9.2385, 17.5127, 3.5198, 174.4596, 243.4596, -8.5127, 253.5537, 105.1855, -1.3019, -8.2895, 0.613077, 0.789872, 0.015464, 0.017513, -0.789966, 0.612678, 0.024074, 0.003520, 0.009541, -0.026975, 0.999591, 0.174460, 0.000000, 0.000000, 0.000000, 1.000000, 0.009541, -0.026975, 0.999591, 0.243460, -0.613077, -0.789872, -0.015464, -0.008513, 0.789966, -0.612678, -0.024074, 0.253554, 0.000000, 0.000000, 0.000000, 1.000000, -0.084498, -0.068951, -0.994035, 0.105185, -0.995868, 0.039147, 0.081938, -0.001302, 0.033263, 0.996852, -0.071974, -0.008289, 0.000000, 0.000000, 0.000000, 1.000000
-8.6254, 16.8636, 2.9004, 175.8373, 244.8373, -7.8636, 254.1730, 105.3279, -1.3316, -8.1903, 0.613608, 0.789540, 0.010560, 0.016864, -0.789419, 0.613109, 0.030257, 0.002900, 0.017415, -0.026902, 0.999486, 0.175837, 0.000000, 0.000000, 0.000000, 1.000000, 0.017415, -0.026902, 0.999486, 0.244837, -0.613608, -0.789540, -0.010560, -0.007864, 0.789419, -0.613109, -0.030257, 0.254173, 0.000000, 0.000000, 0.000000, 1.000000, -0.092728, -0.079646, -0.992501, 0.105328, -0.995169, 0.039693, 0.089792, -0.001332, 0.032244, 0.996033, -0.082942, -0.008190, 0.000000, 0.000000, 0.000000, 1.000000
-8.0553, 15.2594, 2.4505, 177.3844, 246.3845, -6.2594, 254.6229, 105.3426, -0.6591, -8.8716, 0.602904, 0.779439, 0.170240, 0.015259, -0.791229, 0.611515, 0.002324, 0.002451, -0.102293, -0.136100, 0.985400, 0.177384, 0.000000, 0.000000, 0.000000, 1.000000, -0.102293, -0.136100, 0.985400, 0.246384, -0.602904, -0.779439, -0.170240, -0.006259, 0.791229, -0.611515, -0.002324, 0.254623, 0.000000, 0.000000, 0.000000, 1.000000, 0.027006, 0.020005, -0.999435, 0.105343, -0.998990, 0.036449, -0.026265, -0.000659, 0.035903, 0.999135, 0.020969, -0.008872, 0.000000, 0.000000, 0.000000, 1.000000
-7.4415, 14.7581, 1.9705, 178.7848, 247.7848, -5.7581, 255.1030, 105.4678, -0.6594, -8.5988, 0.604286, 0.780669, 0.159354, 0.014758, -0.790937, 0.611896, 0.001655, 0.001970, -0.096216, -0.127039, 0.987220, 0.178785, 0.000000, 0.000000, 0.000000, 1.000000, -0.096216, -0.127039, 0.987220, 0.247785, -0.604286, -0.780669, -0.159354, -0.005758, 0.790937, -0.611896, -0.001655, 0.255103, 0.000000, 0.000000, 0.000000, 1.000000, 0.020401, 0.000152, -0.999792, 0.105468, -0.999119, 0.036694, -0.020382, -0.000659, 0.036683, 0.999327, 0.000900, -0.008599, 0.000000, 0.000000, 0.000000, 1.000000
-6.8396, 14.0526, 1.4299, 180.0101, 249.0101, -5.0526, 255.6436, 105.7778, -0.6033, -8.5349, 0.602396, 0.779615, 0.171233, 0.014053, -0.790706, 0.612172, -0.005490, 0.001430, -0.109104, -0.132088, 0.985215, 0.180010, 0.000000, 0.000000, 0.000000, 1.000000, -0.109104, -0.132088, 0.985215, 0.249010, -0.602396, -0.779615, -0.171233, -0.005053, 0.790706, -0.612172, 0.005490, 0.255644, 0.000000, 0.000000, 0.000000, 1.000000, 0.033031, -0.005203, -0.999441, 0.105778, -0.998757, 0.037167, -0.033201, -0.000603, 0.037319, 0.999295, -0.003968, -0.008535, 0.000000, 0.000000, 0.000000, 1.000000
-6.2861, 13.5124, 0.8788, 181.7040, 250.7040, -4.5124, 256.1947, 105.4967, -0.6179, -8.5126, 0.603809, 0.781427, 0.157438, 0.013512, -0.790654, 0.612230, -0.006407, 0.000879, -0.101394, -0.120610, 0.987508, 0.181704, 0.000000, 0.000000, 0.000000, 1.000000, -0.101394, -0.120610, 0.987508, 0.250704, -0.603809, -0.781427, -0.157438, -0.004512, 0.790654, -0.612230, 0.006407, 0.256195, 0.000000, 0.000000, 0.000000, 1.000000, 0.024833, -0.026472, -0.999341, 0.105497, -0.998983, 0.036985, -0.025804, -0.000618, 0.037644, 0.998965, -0.025527, -0.008513, 0.000000, 0.000000, 0.000000, 1.000000
-5.6705, 12.9698, 0.4023, 183.0787, 252.0787, -3.9697, 256.6711, 105.6818, -0.5932, -8.3014, 0.603483, 0.782018, 0.155745, 0.012970, -0.790782, 0.612032, -0.008964, 0.000402, -0.102331, -0.117751, 0.987757, 0.183079, 0.000000, 0.000000, 0.000000, 1.000000, -0.102331, -0.117751, 0.987757, 0.252079, -0.603483, -0.782018, -0.155745, -0.003970, 0.790782, -0.612032, 0.008964, 0.256671, 0.000000, 0.000000, 0.000000, 1.000000, 0.025410, -0.040113, -0.998872, 0.105682, -0.998965, 0.036687, -0.026885, -0.000593, 0.037724, 0.998521, -0.039139, -0.008301, 0.000000, 0.000000, 0.000000, 1.000000
-5.0489, 12.3878, -0.2203, 184.5733, 253.5733, -3.3878, 257.2937, 105.7841, -0.6560, -8.2270, 0.604182, 0.781247, 0.156896, 0.012388, -0.790954, 0.611875, -0.000924, -0.000220, -0.096723, -0.123539, 0.987615, 0.184573, 0.000000, 0.000000, 0.000000, 1.000000, -0.096723, -0.123539, 0.987615, 0.253573, -0.604182, -0.781247, -0.156896, -0.003388, 0.790954, -0.611875, 0.000924, 0.257294, 0.000000, 0.000000, 0.000000, 1.000000, 0.019368, -0.045111, -0.998794, 0.105784, -0.999109, 0.036592, -0.021026, -0.000656, 0.037496, 0.998312, -0.044362, -0.008227, 0.000000, 0.000000, 0.000000, 1.000000
-4.3632, 11.7806, -0.8113, 186.1903, 255.1903, -2.7806, 257.8847, 105.9292, -0.6698, -8.0718, 0.605137, 0.780280, 0.158028, 0.011781, -0.790902, 0.611899, 0.007286, -0.000811, -0.091012, -0.129394, 0.987408, 0.186190, 0.000000, 0.000000, 0.000000, 1.000000, -0.091012, -0.129394, 0.987408, 0.255190, -0.605137, -0.780280, -0.158028, -0.002781, 0.790902, -0.611899, -0.007286, 0.257885, 0.000000, 0.000000, 0.000000, 1.000000, 0.013134, -0.051130, -0.998606, 0.105929, -0.999211, 0.036753, -0.015024, -0.000670, 0.037470, 0.998016, -0.050607, -0.008072, 0.000000, 0.000000, 0.000000, 1.000000
-3.7364, 11.0615, -1.4781, 187.8316, 256.8316, -2.0615, 258.5516, 105.9521, -0.6788, -8.1780, 0.605188, 0.778210, 0.167742, 0.011062, -0.790984, 0.611621, 0.016240, -0.001478, -0.089957, -0.142510, 0.985697, 0.187832, 0.000000, 0.000000, 0.000000, 1.000000, -0.089957, -0.142510, 0.985697, 0.256832, -0.605188, -0.778210, -0.167742, -0.002062, 0.790984, -0.611621, -0.016240, 0.258552, 0.000000, 0.000000, 0.000000, 1.000000, 0.011684, -0.048784, -0.998741, 0.105952, -0.999232, 0.036790, -0.013487, -0.000679, 0.037401, 0.998132, -0.048317, -0.008178, 0.000000, 0.000000, 0.000000, 1.000000
-3.0211, 10.4865, -2.0225, 189.4770, 258.4770, -1.4865, 259.0960, 106.1542, -0.6713, -7.9519, 0.605749, 0.777198, 0.170389, 0.010487, -0.790897, 0.611543, 0.022272, -0.002023, -0.086890, -0.148251, 0.985125, 0.189477, 0.000000, 0.000000, 0.000000, 1.000000, -0.086890, -0.148251, 0.985125, 0.258477, -0.605749, -0.777198, -0.170389, -0.001487, 0.790897, -0.611543, -0.022272, 0.259096, 0.000000, 0.000000, 0.000000, 1.000000, 0.008101, -0.055421, -0.998430, 0.106154, -0.999267, 0.036902, -0.010156, -0.000671, 0.037406, 0.997781, -0.055081, -0.007952, 0.000000, 0.000000, 0.000000, 1.000000
-2.4653, 9.8193, -2.6967, 191.2732, 260.2732, -0.8193, 259.7702, 105.8794, -0.7052, -8.2169, 0.606445, 0.775511, 0.175520, 0.009819, -0.790898, 0.611073, 0.032715, -0.002697, -0.081885, -0.158659, 0.983932, 0.191273, 0.000000, 0.000000, 0.000000, 1.000000, -0.081885, -0.158659, 0.983932, 0.260273, -0.606445, -0.775511, -0.175520, -0.000819, 0.790898, -0.611073, -0.032715, 0.259770, 0.000000, 0.000000, 0.000000, 1.000000, 0.002711, -0.054564, -0.998507, 0.105879, -0.999313, 0.036753, -0.004721, -0.000705, 0.036955, 0.997834, -0.054427, -0.008217, 0.000000, 0.000000, 0.000000, 1.000000
-1.8915, 9.3214, -3.1720, 192.6148, 261.6148, -0.3214, 260.2455, 106.0509, -0.7078, -8.1167, 0.606770, 0.773427, 0.183412, 0.009321, -0.791089, 0.610084, 0.044455, -0.003172, -0.077514, -0.172069, 0.982030, 0.192615, 0.000000, 0.000000, 0.000000, 1.000000, -0.077514, -0.172069, 0.982030, 0.261615, -0.606770, -0.773427, -0.183412, -0.000321, 0.791089, -0.610084, -0.044455, 0.260245, 0.000000, 0.000000, 0.000000, 1.000000, -0.001966, -0.050981, -0.998698, 0.106051, -0.999345, 0.036197, 0.000119, -0.000708, 0.036143, 0.998043, -0.051019, -0.008117, 0.000000, 0.000000, 0.000000, 1.000000
-1.3141, 8.7700, -3.7084, 194.1900, 263.1901, 0.2300, 260.7818, 106.0305, -0.7125, -8.1512, 0.606856, 0.771412, 0.191442, 0.008770, -0.790973, 0.609788, 0.050192, -0.003708, -0.078021, -0.181885, 0.980220, 0.194190, 0.000000, 0.000000, 0.000000, 1.000000, -0.078021, -0.181885, 0.980220, 0.263190, -0.606856, -0.771412, -0.191442, 0.000230, 0.790973, -0.609788, -0.050192, 0.260782, 0.000000, 0.000000, 0.000000, 1.000000, -0.001868, -0.051031, -0.998695, 0.106031, -0.999336, 0.036422, 0.000008, -0.000712, 0.036374, 0.998033, -0.051065, -0.008151, 0.000000, 0.000000, 0.000000, 1.000000
-0.7771, 8.2559, -4.1550, 195.5134, 264.5134, 0.7441, 261.2284, 106.1545, -0.6837, -8.1324, 0.606167, 0.769925, 0.199442, 0.008256, -0.791266, 0.609136, 0.053404, -0.004155, -0.080370, -0.190183, 0.978453, 0.195513, 0.000000, 0.000000, 0.000000, 1.000000, -0.080370, -0.190183, 0.978453, 0.264513, -0.606167, -0.769925, -0.199442, 0.000744, 0.791266, -0.609136, -0.053404, 0.261228, 0.000000, 0.000000, 0.000000, 1.000000, 0.000252, -0.051944, -0.998650, 0.106155, -0.999344, 0.036159, -0.002133, -0.000684, 0.036221, 0.997995, -0.051901, -0.008132, 0.000000, 0.000000, 0.000000, 1.000000
-0.2467, 7.8542, -4.5876, 197.0398, 266.0398, 1.1458, 261.6610, 106.0475, -0.6940, -8.0907, 0.606988, 0.769666, 0.197942, 0.007854, -0.791224, 0.608586, 0.059894, -0.004588, -0.074366, -0.192971, 0.978382, 0.197040, 0.000000, 0.000000, 0.000000, 1.000000, -0.074366, -0.192971, 0.978382, 0.266040, -0.606988, -0.769666, -0.197942, 0.001146, 0.791224, -0.608586, -0.059894, 0.261661, 0.000000, 0.000000, 0.000000, 1.000000, -0.006083, -0.058376, -0.998276, 0.106047, -0.999356, 0.035664, 0.004004, -0.000694, 0.035369, 0.997657, -0.058556, -0.008091, 0.000000, 0.000000, 0.000000, 1.000000
0.3887, 7.3882, -5.0249, 198.3419, 267.3419, 1.6118, 262.0984, 106.4254, -0.6871, -7.8615, 0.606494, 0.767101, 0.209094, 0.007388, -0.791402, 0.607725, 0.065971, -0.005025, -0.076465, -0.205489, 0.975668, 0.198342, 0.000000, 0.000000, 0.000000, 1.000000, -0.076465, -0.205489, 0.975668, 0.267342, -0.606494, -0.767101, -0.209094, 0.001612, 0.791402, -0.607725, -0.065971, 0.262098, 0.000000, 0.000000, 0.000000, 1.000000, -0.004313, -0.056657, -0.998384, 0.106425, -0.999365, 0.035554, 0.002299, -0.000687, 0.035367, 0.997760, -0.056774, -0.007862, 0.000000, 0.000000, 0.000000, 1.000000
1.0082, 6.8819, -5.5318, 199.8875, 268.8875, 2.1181, 262.6052, 106.5585, -0.6959, -7.8076, 0.607532, 0.763606, 0.218656, 0.006882, -0.790965, 0.606793, 0.078598, -0.005532, -0.072661, -0.220700, 0.972632, 0.199888, 0.000000, 0.000000, 0.000000, 1.000000, -0.072661, -0.220700, 0.972632, 0.268888, -0.607532, -0.763606, -0.218656, 0.002118, 0.790965, -0.606793, -0.078598, 0.262605, 0.000000, 0.000000, 0.000000, 1.000000, -0.008663, -0.051834, -0.998618, 0.106558, -0.999338, 0.035732, 0.006814, -0.000696, 0.035330, 0.998016, -0.052109, -0.007808, 0.000000, 0.000000, 0.000000, 1.000000
1.6456, 6.3517, -6.0113, 201.7352, 270.7352, 2.6483, 263.0848, 106.4594, -0.6472, -7.8212, 0.607295, 0.763421, 0.219957, 0.006352, -0.791321, 0.605889, 0.081910, -0.006011, -0.070738, -0.223800, 0.972065, 0.201735, 0.000000, 0.000000, 0.000000, 1.000000, -0.070738, -0.223800, 0.972065, 0.270735, -0.607295, -0.763421, -0.219957, 0.002648, 0.791321, -0.605889, -0.081910, 0.263085, 0.000000, 0.000000, 0.000000, 1.000000, -0.010790, -0.059820, -0.998151, 0.106459, -0.999353, 0.034884, 0.008713, -0.000647, 0.034298, 0.997599, -0.060158, -0.007821, 0.000000, 0.000000, 0.000000, 1.000000
2.2794, 5.8676, -6.5103, 203.1356, 272.1356, 3.1324, 263.5838, 106.7810, -0.6728, -7.7042, 0.606835, 0.759948, 0.232874, 0.005868, -0.791422, 0.604813, 0.088617, -0.006510, -0.073501, -0.238077, 0.968461, 0.203136, 0.000000, 0.000000, 0.000000, 1.000000, -0.073501, -0.238077, 0.968461, 0.272136, -0.606835, -0.759948, -0.232874, 0.003132, 0.791422, -0.604813, -0.088617, 0.263584, 0.000000, 0.000000, 0.000000, 1.000000, -0.008397, -0.056148, -0.998387, 0.106781, -0.999367, 0.034999, 0.006437, -0.000673, 0.034581, 0.997809, -0.056406, -0.007704, 0.000000, 0.000000, 0.000000, 1.000000
2.8127, 5.4183, -6.9888, 204.7529, 273.7528, 3.5817, 264.0623, 106.6619, -0.6865, -7.8113, 0.607621, 0.757122, 0.239923, 0.005418, -0.791168, 0.603489, 0.099264, -0.006989, -0.069636, -0.250134, 0.965704, 0.204753, 0.000000, 0.000000, 0.000000, 1.000000, -0.069636, -0.250134, 0.965704, 0.273753, -0.607621, -0.757122, -0.239923, 0.003582, 0.791168, -0.603489, -0.099264, 0.264062, 0.000000, 0.000000, 0.000000, 1.000000, -0.012647, -0.053004, -0.998514, 0.106662, -0.999339, 0.034698, 0.010816, -0.000686, 0.034073, 0.997991, -0.053408, -0.007811, 0.000000, 0.000000, 0.000000, 1.000000
3.3469, 4.9516, -7.4397, 206.6224, 275.6224, 4.0484, 264.5131, 106.3191, -0.6496, -8.0066, 0.606760, 0.755870, 0.245975, 0.004952, -0.791542, 0.602905, 0.099840, -0.007440, -0.072834, -0.255278, 0.964121, 0.206622, 0.000000, 0.000000, 0.000000, 1.000000, -0.072834, -0.255278, 0.964121, 0.275622, -0.606760, -0.755870, -0.245975, 0.004048, 0.791542, -0.602905, -0.099840, 0.264513, 0.000000, 0.000000, 0.000000, 1.000000, -0.009635, -0.056992, -0.998328, 0.106319, -0.999372, 0.034580, 0.007671, -0.000650, 0.034085, 0.997776, -0.057290, -0.008007, 0.000000, 0.000000, 0.000000, 1.000000
3.9979, 4.6530, -7.7609, 207.5609, 276.5609, 4.3470, 264.8343, 107.0710, -0.6710, -7.5018, 0.607774, 0.752376, 0.254048, 0.004653, -0.791085, 0.601538, 0.111071, -0.007761, -0.069253, -0.268480, 0.960793, 0.207561, 0.000000, 0.000000, 0.000000, 1.000000, -0.069253, -0.268480, 0.960793, 0.276561, -0.607774, -0.752376, -0.254048, 0.004347, 0.791085, -0.601538, -0.111071, 0.264834, 0.000000, 0.000000, 0.000000, 1.000000, -0.013769, -0.054627, -0.998412, 0.107071, -0.999332, 0.034548, 0.011892, -0.000671, 0.033843, 0.997909, -0.055066, -0.007502, 0.000000, 0.000000, 0.000000, 1.000000
4.6226, 4.1563, -8.2475, 209.5328, 278.5328, 4.8437, 265.3210, 106.8779, -0.6385, -7.6339, 0.607380, 0.749455, 0.263453, 0.004156, -0.791304, 0.600070, 0.117276, -0.008248, -0.070197, -0.279702, 0.957517, 0.209533, 0.000000, 0.000000, 0.000000, 1.000000, -0.070197, -0.279702, 0.957517, 0.278533, -0.607380, -0.749455, -0.263453, 0.004844, 0.791304, -0.600070, -0.117276, 0.265321, 0.000000, 0.000000, 0.000000, 1.000000, -0.013097, -0.053840, -0.998464, 0.106878, -0.999350, 0.034244, 0.011262, -0.000639, 0.033585, 0.997962, -0.054254, -0.007634, 0.000000, 0.000000, 0.000000, 1.000000
5.1531, 3.7109, -8.6830, 211.2674, 280.2674, 5.2891, 265.7564, 106.6808, -0.6111, -7.8126, 0.607094, 0.747887, 0.268517, 0.003711, -0.791561, 0.598846, 0.121715, -0.008683, -0.069772, -0.286440, 0.955554, 0.211267, 0.000000, 0.000000, 0.000000, 1.000000, -0.069772, -0.286440, 0.955554, 0.280267, -0.607094, -0.747887, -0.268517, 0.005289, 0.791561, -0.598846, -0.121715, 0.265756, 0.000000, 0.000000, 0.000000, 1.000000, -0.013678, -0.056089, -0.998332, 0.106681, -0.999363, 0.033675, 0.011801, -0.000611, 0.032957, 0.997858, -0.056514, -0.007813, 0.000000, 0.000000, 0.000000, 1.000000
5.7118, 3.3762, -9.0437, 212.4634, 281.4634, 5.6238, 266.1171, 107.0172, -0.6253, -7.6396, 0.607510, 0.743473, 0.279605, 0.003376, -0.791184, 0.597596, 0.130023, -0.009044, -0.070422, -0.300210, 0.951270, 0.212463, 0.000000, 0.000000, 0.000000, 1.000000, -0.070422, -0.300210, 0.951270, 0.281463, -0.607510, -0.743473, -0.279605, 0.005624, 0.791184, -0.597596, -0.130023, 0.266117, 0.000000, 0.000000, 0.000000, 1.000000, -0.013584, -0.051337, -0.998589, 0.107017, -0.999344, 0.034230, 0.011834, -0.000625, 0.033574, 0.998095, -0.051769, -0.007640, 0.000000, 0.000000, 0.000000, 1.000000
6.4608, 3.0131, -9.3879, 214.2118, 283.2118, 5.9869, 266.4614, 107.2937, -0.5704, -7.3280, 0.607010, 0.744116, 0.278983, 0.003013, -0.791795, 0.596265, 0.132397, -0.009388, -0.067829, -0.301264, 0.951125, 0.214212, 0.000000, 0.000000, 0.000000, 1.000000, -0.067829, -0.301264, 0.951125, 0.283212, -0.607010, -0.744116, -0.278983, 0.005987, 0.791795, -0.596265, -0.132397, 0.266461, 0.000000, 0.000000, 0.000000, 1.000000, -0.016167, -0.063407, -0.997857, 0.107294, -0.999366, 0.032701, 0.014114, -0.000570, 0.031736, 0.997452, -0.063896, -0.007328, 0.000000, 0.000000, 0.000000, 1.000000
7.1127, 2.5704, -9.8445, 216.0102, 285.0102, 6.4296, 266.9180, 107.3562, -0.5571, -7.3542, 0.606720, 0.738934, 0.293031, 0.002570, -0.791944, 0.593731, 0.142509, -0.009845, -0.068677, -0.318527, 0.945423, 0.216010, 0.000000, 0.000000, 0.000000, 1.000000, -0.068677, -0.318527, 0.945423, 0.285010, -0.606720, -0.738934, -0.293031, 0.006430, 0.791944, -0.593731, -0.142509, 0.266918, 0.000000, 0.000000, 0.000000, 1.000000, -0.015620, -0.056592, -0.998275, 0.107356, -0.999379, 0.032406, 0.013800, -0.000557, 0.031570, 0.997871, -0.057063, -0.007354, 0.000000, 0.000000, 0.000000, 1.000000
7.6851, 2.1816, -10.2901, 217.7083, 286.7083, 6.8184, 267.3636, 107.3212, -0.5733, -7.4604, 0.607266, 0.733124, 0.306198, 0.002182, -0.791402, 0.592164, 0.151738, -0.010290, -0.070077, -0.334471, 0.939797, 0.217708, 0.000000, 0.000000, 0.000000, 1.000000, -0.070077, -0.334471, 0.939797, 0.286708, -0.607266, -0.733124, -0.306198, 0.006818, 0.791402, -0.592164, -0.151738, 0.267364, 0.000000, 0.000000, 0.000000, 1.000000, -0.014929, -0.049569, -0.998659, 0.107321, -0.999355, 0.033356, 0.013284, -0.000573, 0.032653, 0.998214, -0.050035, -0.007460, 0.000000, 0.000000, 0.000000, 1.000000
8.2620, 1.8877, -10.6346, 219.1467, 288.1467, 7.1123, 267.7081, 107.4960, -0.5806, -7.3446, 0.606683, 0.731265, 0.311749, 0.001888, -0.791731, 0.591053, 0.154333, -0.010635, -0.071402, -0.340452, 0.937547, 0.219147, 0.000000, 0.000000, 0.000000, 1.000000, -0.071402, -0.340452, 0.937547, 0.288147, -0.606683, -0.731265, -0.311749, 0.007112, 0.791731, -0.591053, -0.154333, 0.267708, 0.000000, 0.000000, 0.000000, 1.000000, -0.013775, -0.053272, -0.998485, 0.107496, -0.999380, 0.033101, 0.012022, -0.000581, 0.032411, 0.998031, -0.053695, -0.007345, 0.000000, 0.000000, 0.000000, 1.000000
8.8825, 1.5631, -10.9841, 221.0077, 290.0077, 7.4369, 268.0576, 107.4066, -0.5442, -7.3516, 0.606570, 0.728900, 0.317455, 0.001563, -0.791800, 0.589812, 0.158665, -0.010984, -0.071588, -0.347603, 0.934905, 0.221008, 0.000000, 0.000000, 0.000000, 1.000000, -0.071588, -0.347603, 0.934905, 0.290008, -0.606570, -0.728900, -0.317455, 0.007437, 0.791800, -0.589812, -0.158665, 0.268058, 0.000000, 0.000000, 0.000000, 1.000000, -0.013902, -0.056461, -0.998308, 0.107407, -0.999384, 0.032950, 0.012054, -0.000544, 0.032214, 0.997861, -0.056884, -0.007352, 0.000000, 0.000000, 0.000000, 1.000000
9.4842, 1.2245, -11.3159, 222.6382, 291.6382, 7.7755, 268.3894, 107.4978, -0.5017, -7.3166, 0.606831, 0.725107, 0.325539, 0.001224, -0.791730, 0.587581, 0.167069, -0.011316, -0.070138, -0.359122, 0.930652, 0.222638, 0.000000, 0.000000, 0.000000, 1.000000, -0.070138, -0.359122, 0.930652, 0.291638, -0.606831, -0.725107, -0.325539, 0.007776, 0.791730, -0.587581, -0.167069, 0.268389, 0.000000, 0.000000, 0.000000, 1.000000, -0.015669, -0.054637, -0.998383, 0.107498, -0.999375, 0.032509, 0.013905, -0.000502, 0.031697, 0.997977, -0.055112, -0.007317, 0.000000, 0.000000, 0.000000, 1.000000
10.0936, 0.9314, -11.6833, 224.2835, 293.2835, 8.0686, 268.7567, 107.5943, -0.5133, -7.2728, 0.606148, 0.720953, 0.335874, 0.000931, -0.792106, 0.585318, 0.173120, -0.011683, -0.071782, -0.370985, 0.925861, 0.224284, 0.000000, 0.000000, 0.000000, 1.000000, -0.071782, -0.370985, 0.925861, 0.293284, -0.606148, -0.720953, -0.335874, 0.008069, 0.792106, -0.585318, -0.173120, 0.268757, 0.000000, 0.000000, 0.000000, 1.000000, -0.014186, -0.052502, -0.998520, 0.107594, -0.999402, 0.032226, 0.012504, -0.000513, 0.031522, 0.998101, -0.052928, -0.007273, 0.000000, 0.000000, 0.000000, 1.000000
10.7034, 0.7218, -11.9049, 225.5881, 294.5881, 8.2782, 268.9784, 107.9483, -0.4792, -6.9542, 0.606150, 0.719233, 0.339537, 0.000722, -0.792156, 0.584159, 0.176766, -0.011905, -0.071208, -0.376113, 0.923833, 0.225588, 0.000000, 0.000000, 0.000000, 1.000000, -0.071208, -0.376113, 0.923833, 0.294588, -0.606150, -0.719233, -0.339537, 0.008278, 0.792156, -0.584159, -0.176766, 0.268978, 0.000000, 0.000000, 0.000000, 1.000000, -0.015028, -0.057611, -0.998226, 0.107948, -0.999403, 0.031913, 0.013204, -0.000479, 0.031095, 0.997829, -0.058056, -0.006954, 0.000000, 0.000000, 0.000000, 1.000000
11.2840, 0.4382, -12.2630, 227.3903, 296.3903, 8.5618, 269.3364, 107.8520, -0.4776, -7.0447, 0.606740, 0.713406, 0.350598, 0.000438, -0.791805, 0.581301, 0.187440, -0.012263, -0.070082, -0.391332, 0.917577, 0.227390, 0.000000, 0.000000, 0.000000, 1.000000, -0.070082, -0.391332, 0.917577, 0.296390, -0.606740, -0.713406, -0.350598, 0.008562, 0.791805, -0.581301, -0.187440, 0.269336, 0.000000, 0.000000, 0.000000, 1.000000, -0.016656, -0.051202, -0.998549, 0.107852, -0.999379, 0.031874, 0.015035, -0.000478, 0.031058, 0.998180, -0.051701, -0.007045, 0.000000, 0.000000, 0.000000, 1.000000
11.8167, 0.1364, -12.5751, 229.2166, 298.2166, 8.8636, 269.6486, 107.6348, -0.4264, -7.2394, 0.605825, 0.710939, 0.357131, 0.000136, -0.792464, 0.579029, 0.191640, -0.012575, -0.070545, -0.399114, 0.914184, 0.229217, 0.000000, 0.000000, 0.000000, 1.000000, -0.070545, -0.399114, 0.914184, 0.298217, -0.605825, -0.710939, -0.357131, 0.008864, 0.792464, -0.579029, -0.191640, 0.269649, 0.000000, 0.000000, 0.000000, 1.000000, -0.016025, -0.052078, -0.998514, 0.107635, -0.999418, 0.030899, 0.014428, -0.000426, 0.030102, 0.998165, -0.052543, -0.007239, 0.000000, 0.000000, 0.000000, 1.000000
12.5943, -0.0736, -12.8531, 230.9313, 299.9313, 9.0736, 269.9265, 108.0494, -0.4085, -6.8543, 0.606577, 0.708852, 0.359992, -0.000074, -0.792071, 0.577820, 0.196846, -0.012853, -0.068476, -0.404541, 0.911953, 0.230931, 0.000000, 0.000000, 0.000000, 1.000000, -0.068476, -0.404541, 0.911953, 0.299931, -0.606577, -0.708852, -0.359992, 0.009074, 0.792071, -0.577820, -0.196846, 0.269927, 0.000000, 0.000000, 0.000000, 1.000000, -0.018659, -0.059695, -0.998042, 0.108049, -0.999386, 0.030737, 0.016846, -0.000409, 0.029671, 0.997743, -0.060232, -0.006854, 0.000000, 0.000000, 0.000000, 1.000000
13.1572, -0.2993, -13.1793, 232.4811, 301.4811, 9.2993, 270.2528, 108.1424, -0.4326, -6.8475, 0.606553, 0.701890, 0.373422, -0.000299, -0.791846, 0.575410, 0.204653, -0.013179, -0.071227, -0.419826, 0.904805, 0.232481, 0.000000, 0.000000, 0.000000, 1.000000, -0.071227, -0.419826, 0.904805, 0.301481, -0.606553, -0.701890, -0.373422, 0.009299, 0.791846, -0.575410, -0.204653, 0.270253, 0.000000, 0.000000, 0.000000, 1.000000, -0.016569, -0.052584, -0.998479, 0.108142, -0.999386, 0.031714, 0.014914, -0.000433, 0.030882, 0.998113, -0.053077, -0.006847, 0.000000, 0.000000, 0.000000, 1.000000
13.7910, -0.5319, -13.4651, 234.3929, 303.3929, 9.5319, 270.5385, 108.0860, -0.3939, -6.8737, 0.605813, 0.699330, 0.379379, -0.000532, -0.792440, 0.572890, 0.209371, -0.013465, -0.070923, -0.427474, 0.901241, 0.234393, 0.000000, 0.000000, 0.000000, 1.000000, -0.070923, -0.427474, 0.901241, 0.303393, -0.605813, -0.699330, -0.379379, 0.009532, 0.792440, -0.572890, -0.209371, 0.270539, 0.000000, 0.000000, 0.000000, 1.000000, -0.016725, -0.055263, -0.998332, 0.108086, -0.999418, 0.030601, 0.015049, -0.000394, 0.029718, 0.998003, -0.055742, -0.006874, 0.000000, 0.000000, 0.000000, 1.000000
14.4587, -0.7215, -13.7375, 235.9863, 304.9863, 9.7215, 270.8109, 108.3765, -0.3920, -6.6608, 0.606682, 0.693942, 0.387792, -0.000721, -0.791965, 0.569811, 0.219332, -0.013737, -0.068764, -0.440183, 0.895271, 0.235986, 0.000000, 0.000000, 0.000000, 1.000000, -0.068764, -0.440183, 0.895271, 0.304986, -0.606682, -0.693942, -0.387792, 0.009721, 0.791965, -0.569811, -0.219332, 0.270811, 0.000000, 0.000000, 0.000000, 1.000000, -0.019436, -0.052775, -0.998417, 0.108377, -0.999381, 0.030308, 0.017853, -0.000392, 0.029318, 0.998146, -0.053331, -0.006661, 0.000000, 0.000000, 0.000000, 1.000000
15.0752, -0.9093, -13.9699, 237.7190, 306.7190, 9.9093, 271.0434, 108.4287, -0.3486, -6.6029, 0.606243, 0.690174, 0.395133, -0.000909, -0.792228, 0.567587, 0.224099, -0.013970, -0.069604, -0.448894, 0.890870, 0.237719, 0.000000, 0.000000, 0.000000, 1.000000, -0.069604, -0.448894, 0.890870, 0.306719, -0.606243, -0.690174, -0.395133, 0.009909, 0.792228, -0.567587, -0.224099, 0.271043, 0.000000, 0.000000, 0.000000, 1.000000, -0.018767, -0.053783, -0.998376, 0.108429, -0.999401, 0.030058, 0.017167, -0.000349, 0.029086, 0.998100, -0.054315, -0.006603, 0.000000, 0.000000, 0.000000, 1.000000
15.6994, -1.0497, -14.2427, 239.4651, 308.4651, 10.0497, 271.3161, 108.4873, -0.3645, -6.5402, 0.606599, 0.685656, 0.402386, -0.001050, -0.792045, 0.564871, 0.231485, -0.014243, -0.068577, -0.459126, 0.885720, 0.239465, 0.000000, 0.000000, 0.000000, 1.000000, -0.068577, -0.459126, 0.885720, 0.308465, -0.606599, -0.685656, -0.402386, 0.010050, 0.792045, -0.564871, -0.231485, 0.271316, 0.000000, 0.000000, 0.000000, 1.000000, -0.020171, -0.053170, -0.998382, 0.108487, -0.999385, 0.029734, 0.018607, -0.000365, 0.028697, 0.998143, -0.053737, -0.006540, 0.000000, 0.000000, 0.000000, 1.000000
16.3578, -1.2388, -14.4934, 241.4040, 310.4040, 10.2388, 271.5668, 108.4880, -0.3206, -6.5481, 0.606643, 0.680470, 0.411030, -0.001239, -0.791996, 0.562035, 0.238453, -0.014493, -0.068753, -0.470189, 0.879884, 0.241404, 0.000000, 0.000000, 0.000000, 1.000000, -0.068753, -0.470189, 0.879884, 0.310404, -0.606643, -0.680470, -0.411030, 0.010239, 0.791996, -0.562035, -0.238453, 0.271567, 0.000000, 0.000000, 0.000000, 1.000000, -0.020382, -0.052114, -0.998433, 0.108488, -0.999383, 0.029639, 0.018854, -0.000321, 0.028610, 0.998201, -0.052686, -0.006548, 0.000000, 0.000000, 0.000000, 1.000000
16.8613, -1.3983, -14.7022, 243.2051, 312.2051, 10.3983, 271.7756, 108.2401, -0.2695, -6.7517, 0.605966, 0.676678, 0.418224, -0.001398, -0.792315, 0.560335, 0.241376, -0.014702, -0.071012, -0.477631, 0.875686, 0.243205, 0.000000, 0.000000, 0.000000, 1.000000, -0.071012, -0.477631, 0.875686, 0.312205, -0.605966, -0.676678, -0.418224, 0.010398, 0.792315, -0.560335, -0.241376, 0.271776, 0.000000, 0.000000, 0.000000, 1.000000, -0.018322, -0.052380, -0.998459, 0.108240, -0.999412, 0.029919, 0.016770, -0.000270, 0.028995, 0.998179, -0.052897, -0.006752, 0.000000, 0.000000, 0.000000, 1.000000
17.4781, -1.4787, -14.8860, 244.3730, 313.3730, 10.4787, 271.9594, 108.7541, -0.2891, -6.3522, 0.605537, 0.672789, 0.425066, -0.001479, -0.792569, 0.558045, 0.245806, -0.014886, -0.071830, -0.485738, 0.871148, 0.244373, 0.000000, 0.000000, 0.000000, 1.000000, -0.071830, -0.485738, 0.871148, 0.313373, -0.605537, -0.672789, -0.425066, 0.010479, 0.792569, -0.558045, -0.245806, 0.271959, 0.000000, 0.000000, 0.000000, 1.000000, -0.017675, -0.053860, -0.998392, 0.108754, -0.999428, 0.029729, 0.016090, -0.000289, 0.028815, 0.998106, -0.054354, -0.006352, 0.000000, 0.000000, 0.000000, 1.000000
17.9823, -1.5757, -15.0896, 246.1364, 315.1364, 10.5757, 272.1630, 108.5293, -0.2727, -6.5149, 0.605839, 0.669264, 0.430170, -0.001576, -0.792421, 0.555806, 0.251294, -0.015090, -0.070909, -0.493119, 0.867067, 0.246136, 0.000000, 0.000000, 0.000000, 1.000000, -0.070909, -0.493119, 0.867067, 0.315136, -0.605839, -0.669264, -0.430170, 0.010576, 0.792421, -0.555806, -0.251294, 0.272163, 0.000000, 0.000000, 0.000000, 1.000000, -0.018883, -0.054181, -0.998353, 0.108529, -0.999417, 0.029421, 0.017307, -0.000273, 0.028435, 0.998098, -0.054705, -0.006515, 0.000000, 0.000000, 0.000000, 1.000000
18.6678, -1.6811, -15.2308, 247.8530, 316.8530, 10.6811, 272.3043, 108.7580, -0.2040, -6.2958, 0.605367, 0.666649, 0.434867, -0.001681, -0.792981, 0.552256, 0.257282, -0.015231, -0.068641, -0.500591, 0.862958, 0.247853, 0.000000, 0.000000, 0.000000, 1.000000, -0.068641, -0.500591, 0.862958, 0.316853, -0.605367, -0.666649, -0.434867, 0.010681, 0.792981, -0.552256, -0.257282, 0.272304, 0.000000, 0.000000, 0.000000, 1.000000, -0.020727, -0.057675, -0.998120, 0.108758, -0.999438, 0.027516, 0.019164, -0.000204, 0.026359, 0.997956, -0.058213, -0.006296, 0.000000, 0.000000, 0.000000, 1.000000
19.2178, -1.7408, -15.4370, 249.7259, 318.7259, 10.7408, 272.5105, 108.5533, -0.2035, -6.4384, 0.605849, 0.658935, 0.445815, -0.001741, -0.792508, 0.549049, 0.265475, -0.015437, -0.069843, -0.514149, 0.854852, 0.249726, 0.000000, 0.000000, 0.000000, 1.000000, -0.069843, -0.514149, 0.854852, 0.318726, -0.605849, -0.658935, -0.445815, 0.010741, 0.792508, -0.549049, -0.265475, 0.272510, 0.000000, 0.000000, 0.000000, 1.000000, -0.020354, -0.051377, -0.998472, 0.108553, -0.999418, 0.028403, 0.018912, -0.000203, 0.027388, 0.998275, -0.051925, -0.006438, 0.000000, 0.000000, 0.000000, 1.000000
20.0000, -1.7767, -15.5762, 250.9725, 319.9725, 10.7767, 272.6497, 109.3753, -0.2069, -5.7497, 0.606237, 0.654185, 0.452237, -0.001777, -0.792180, 0.546921, 0.270790, -0.015576, -0.070191, -0.522416, 0.849797, 0.250972, 0.000000, 0.000000, 0.000000, 1.000000, -0.070191, -0.522416, 0.849797, 0.319972, -0.606237, -0.654185, -0.452237, 0.010777, 0.792180, -0.546921, -0.270790, 0.272650, 0.000000, 0.000000, 0.000000, 1.000000, -0.020729, -0.055258, -0.998257, 0.109375, -0.999401, 0.028831, 0.019157, -0.000207, 0.027722, 0.998056, -0.055822, -0.005750, 0.000000, 0.000000, 0.000000, 1.000000
