# Joint_5_Angle(deg), Cam_X(mm), Cam_Y(mm), Cam_Z(mm), Torso_X(mm), Torso_Y(mm), Torso_Z(mm), EE_X(mm), EE_Y(mm), EE_Z(mm), T_cam2marker_flat(16), T_torso2marker_flat(16), T_ee2marker_flat(16)
-9.9653, 19.2513, 4.2898, 160.5477, 182.5477, -19.2513, 195.7836, 152.2666, 35.9971, 35.9431, 0.612831, 0.789959, 0.020059, 0.019251, -0.789740, 0.613145, -0.019070, 0.004290, -0.027364, -0.004154, 0.999617, 0.160548, 0.000000, 0.000000, 0.000000, 1.000000, -0.027364, -0.004154, 0.999617, 0.182548, -0.612831, -0.789959, -0.020059, -0.019251, 0.789740, -0.613145, 0.019070, 0.195784, 0.000000, 0.000000, 0.000000, 1.000000, -0.048119, -0.050439, -0.997567, 0.152267, -0.998179, 0.038804, 0.046187, 0.035997, 0.036380, 0.997973, -0.052214, 0.035943, 0.000000, 0.000000, 0.000000, 1.000000
-9.8440, 19.2212, 4.2579, 160.5744, 182.5744, -19.2212, 195.8155, 152.4300, 35.9906, 36.2210, 0.612852, 0.789911, 0.021290, 0.019221, -0.789781, 0.613181, -0.015954, 0.004258, -0.025657, -0.007037, 0.999646, 0.160574, 0.000000, 0.000000, 0.000000, 1.000000, -0.025657, -0.007037, 0.999646, 0.182574, -0.612852, -0.789911, -0.021290, -0.019221, 0.789781, -0.613181, 0.015954, 0.195816, 0.000000, 0.000000, 0.000000, 1.000000, -0.049898, -0.049676, -0.997518, 0.152430, -0.998099, 0.038650, 0.048003, 0.035991, 0.036169, 0.998017, -0.051510, 0.036221, 0.000000, 0.000000, 0.000000, 1.000000
-9.7277, 19.0781, 4.1783, 160.8619, 182.8619, -19.0781, 195.8951, 152.3351, 36.0302, 36.3505, 0.612806, 0.789850, 0.024628, 0.019078, -0.789678, 0.613246, -0.018400, 0.004178, -0.029636, -0.008173, 0.999527, 0.160862, 0.000000, 0.000000, 0.000000, 1.000000, -0.029636, -0.008173, 0.999527, 0.182862, -0.612806, -0.789850, -0.024628, -0.019078, 0.789678, -0.613246, 0.018400, 0.195895, 0.000000, 0.000000, 0.000000, 1.000000, -0.046004, -0.050563, -0.997661, 0.152335, -0.998280, 0.038654, 0.044074, 0.036030, 0.036335, 0.997973, -0.052254, 0.036350, 0.000000, 0.000000, 0.000000, 1.000000
-9.6082, 18.9136, 4.0111, 161.2287, 183.2287, -18.9136, 196.0624, 152.1663, 36.0168, 36.4144, 0.612896, 0.789572, 0.030571, 0.018914, -0.789652, 0.613433, -0.012259, 0.004011, -0.028432, -0.016627, 0.999457, 0.161229, 0.000000, 0.000000, 0.000000, 1.000000, -0.028432, -0.016627, 0.999457, 0.183229, -0.612896, -0.789572, -0.030571, -0.018914, 0.789652, -0.613433, 0.012259, 0.196062, 0.000000, 0.000000, 0.000000, 1.000000, -0.047285, -0.044199, -0.997903, 0.152166, -0.998223, 0.038348, 0.045602, 0.036017, 0.036252, 0.998287, -0.045934, 0.036414, 0.000000, 0.000000, 0.000000, 1.000000
-9.4871, 18.8062, 3.9170, 161.3241, 183.3241, -18.8062, 196.1565, 152.2666, 36.0098, 36.5879, 0.612803, 0.789834, 0.025186, 0.018806, -0.789790, 0.613216, -0.014051, 0.003917, -0.026542, -0.011281, 0.999584, 0.161324, 0.000000, 0.000000, 0.000000, 1.000000, -0.026542, -0.011281, 0.999584, 0.183324, -0.612803, -0.789834, -0.025186, -0.018806, 0.789790, -0.613216, 0.014051, 0.196156, 0.000000, 0.000000, 0.000000, 1.000000, -0.049237, -0.051659, -0.997450, 0.152267, -0.998143, 0.038412, 0.047281, 0.036010, 0.035871, 0.997926, -0.053455, 0.036588, 0.000000, 0.000000, 0.000000, 1.000000
-9.3509, 18.7040, 3.6957, 161.6068, 183.6068, -18.7040, 196.3777, 152.2007, 35.9103, 36.7191, 0.614190, 0.788940, 0.018577, 0.018704, -0.788995, 0.614371, -0.005903, 0.003696, -0.016070, -0.011032, 0.999810, 0.161607, 0.000000, 0.000000, 0.000000, 1.000000, -0.016070, -0.011032, 0.999810, 0.183607, -0.614190, -0.788940, -0.018577, -0.018704, 0.788995, -0.614371, 0.005903, 0.196378, 0.000000, 0.000000, 0.000000, 1.000000, -0.059862, -0.054169, -0.996736, 0.152201, -0.997534, 0.039886, 0.057742, 0.035910, 0.036628, 0.997735, -0.056423, 0.036719, 0.000000, 0.000000, 0.000000, 1.000000
-9.2349, 18.5136, 3.6324, 161.9600, 183.9600, -18.5136, 196.4411, 152.0456, 35.9953, 36.8117, 0.613223, 0.789526, 0.024634, 0.018514, -0.789460, 0.613628, -0.014615, 0.003632, -0.026655, -0.010485, 0.999590, 0.161960, 0.000000, 0.000000, 0.000000, 1.000000, -0.026655, -0.010485, 0.999590, 0.183960, -0.613223, -0.789526, -0.024634, -0.018514, 0.789460, -0.613628, 0.014615, 0.196441, 0.000000, 0.000000, 0.000000, 1.000000, -0.049317, -0.056805, -0.997166, 0.152046, -0.998127, 0.038983, 0.047144, 0.035995, 0.036194, 0.997624, -0.058621, 0.036812, 0.000000, 0.000000, 0.000000, 1.000000
-9.1110, 18.2990, 3.5073, 162.3569, 184.3569, -18.2990, 196.5662, 151.8608, 36.0475, 36.8656, 0.612904, 0.789458, 0.033239, 0.018299, -0.789566, 0.613530, -0.012877, 0.003507, -0.030559, -0.018352, 0.999364, 0.162357, 0.000000, 0.000000, 0.000000, 1.000000, -0.030559, -0.018352, 0.999364, 0.184357, -0.612904, -0.789458, -0.033239, -0.018299, 0.789566, -0.613530, 0.012877, 0.196566, 0.000000, 0.000000, 0.000000, 1.000000, -0.045482, -0.051133, -0.997656, 0.151861, -0.998314, 0.038366, 0.043546, 0.036047, 0.036050, 0.997955, -0.052791, 0.036866, 0.000000, 0.000000, 0.000000, 1.000000
-8.9864, 18.2599, 3.3263, 162.4102, 184.4102, -18.2599, 196.7472, 152.0001, 35.9272, 37.0547, 0.613394, 0.789475, 0.021847, 0.018260, -0.789640, 0.613568, -0.001635, 0.003326, -0.014695, -0.016248, 0.999760, 0.162410, 0.000000, 0.000000, 0.000000, 1.000000, -0.014695, -0.016248, 0.999760, 0.184410, -0.613394, -0.789475, -0.021847, -0.018260, 0.789640, -0.613568, 0.001635, 0.196747, 0.000000, 0.000000, 0.000000, 1.000000, -0.061389, -0.055395, -0.996575, 0.152000, -0.997496, 0.038541, 0.059303, 0.035927, 0.035124, 0.997720, -0.057623, 0.037055, 0.000000, 0.000000, 0.000000, 1.000000
-8.8530, 18.1591, 3.2318, 162.6245, 184.6245, -18.1591, 196.8416, 152.0006, 35.9248, 37.2558, 0.614015, 0.789184, 0.013211, 0.018159, -0.789126, 0.614144, -0.010346, 0.003232, -0.016278, -0.004073, 0.999859, 0.162624, 0.000000, 0.000000, 0.000000, 1.000000, -0.016278, -0.004073, 0.999859, 0.184624, -0.614015, -0.789184, -0.013211, -0.018159, 0.789126, -0.614144, 0.010346, 0.196842, 0.000000, 0.000000, 0.000000, 1.000000, -0.059954, -0.069786, -0.995759, 0.152001, -0.997555, 0.040070, 0.057254, 0.035925, 0.035904, 0.996757, -0.072018, 0.037256, 0.000000, 0.000000, 0.000000, 1.000000
-8.7359, 17.8760, 3.0821, 163.1420, 185.1420, -17.8760, 196.9914, 151.6932, 36.0055, 37.2097, 0.613260, 0.789225, 0.032184, 0.017876, -0.789536, 0.613687, -0.004556, 0.003082, -0.023347, -0.022616, 0.999472, 0.163142, 0.000000, 0.000000, 0.000000, 1.000000, -0.023347, -0.022616, 0.999472, 0.185142, -0.613260, -0.789225, -0.032184, -0.017876, 0.789536, -0.613687, 0.004556, 0.196991, 0.000000, 0.000000, 0.000000, 1.000000, -0.052925, -0.053397, -0.997170, 0.151693, -0.997968, 0.038316, 0.050915, 0.036006, 0.035489, 0.997838, -0.055317, 0.037210, 0.000000, 0.000000, 0.000000, 1.000000
-8.6186, 17.7572, 2.9198, 163.3253, 185.3253, -17.7572, 197.1537, 151.7013, 35.9562, 37.3150, 0.613664, 0.789122, 0.026509, 0.017757, -0.789361, 0.613925, -0.002265, 0.002920, -0.018062, -0.019535, 0.999646, 0.163325, 0.000000, 0.000000, 0.000000, 1.000000, -0.018062, -0.019535, 0.999646, 0.185325, -0.613664, -0.789122, -0.026509, -0.017757, 0.789361, -0.613925, 0.002265, 0.197154, 0.000000, 0.000000, 0.000000, 1.000000, -0.058292, -0.058489, -0.996585, 0.151701, -0.997672, 0.038795, 0.056079, 0.035956, 0.035382, 0.997534, -0.060615, 0.037315, 0.000000, 0.000000, 0.000000, 1.000000
-8.4955, 17.7001, 2.7836, 163.4818, 185.4818, -17.7001, 197.2898, 151.7386, 35.8903, 37.5023, 0.613975, 0.789078, 0.019747, 0.017700, -0.789249, 0.614071, 0.001468, 0.002784, -0.010968, -0.016486, 0.999804, 0.163482, 0.000000, 0.000000, 0.000000, 1.000000, -0.010968, -0.016486, 0.999804, 0.185482, -0.613975, -0.789078, -0.019747, -0.017700, 0.789249, -0.614071, -0.001468, 0.197290, 0.000000, 0.000000, 0.000000, 1.000000, -0.065452, -0.063655, -0.995823, 0.151739, -0.997242, 0.039162, 0.063042, 0.035890, 0.034985, 0.997203, -0.066043, 0.037502, 0.000000, 0.000000, 0.000000, 1.000000
-8.3793, 17.4891, 2.6806, 163.9618, 185.9618, -17.4891, 197.3928, 151.4614, 35.9644, 37.5391, 0.614136, 0.788509, 0.033009, 0.017489, -0.788976, 0.614422, 0.001855, 0.002681, -0.018819, -0.027183, 0.999453, 0.163962, 0.000000, 0.000000, 0.000000, 1.000000, -0.018819, -0.027183, 0.999453, 0.185962, -0.614136, -0.788509, -0.033009, -0.017489, 0.788976, -0.614422, -0.001855, 0.197393, 0.000000, 0.000000, 0.000000, 1.000000, -0.057737, -0.054983, -0.996817, 0.151461, -0.997689, 0.038992, 0.055636, 0.035964, 0.035809, 0.997726, -0.057107, 0.037539, 0.000000, 0.000000, 0.000000, 1.000000
-8.2690, 17.3530, 2.5446, 164.2071, 186.2071, -17.3530, 197.5289, 151.4000, 35.9510, 37.6202, 0.613889, 0.788904, 0.027758, 0.017353, -0.789232, 0.614094, 0.001447, 0.002545, -0.015905, -0.022796, 0.999614, 0.164207, 0.000000, 0.000000, 0.000000, 1.000000, -0.015905, -0.022796, 0.999614, 0.186207, -0.613889, -0.788904, -0.027758, -0.017353, 0.789232, -0.614094, -0.001447, 0.197529, 0.000000, 0.000000, 0.000000, 1.000000, -0.060674, -0.061309, -0.996273, 0.151400, -0.997540, 0.038819, 0.058363, 0.035951, 0.035096, 0.997364, -0.063514, 0.037620, 0.000000, 0.000000, 0.000000, 1.000000
-8.1360, 17.2689, 2.3842, 164.2863, 186.2863, -17.2689, 197.6892, 151.5321, 35.8755, 37.8031, 0.614319, 0.788753, 0.021945, 0.017269, -0.789050, 0.614200, 0.012589, 0.002384, -0.003548, -0.025049, 0.999680, 0.164286, 0.000000, 0.000000, 0.000000, 1.000000, -0.003548, -0.025049, 0.999680, 0.186286, -0.614319, -0.788753, -0.021945, -0.017269, 0.789050, -0.614200, -0.012589, 0.197689, 0.000000, 0.000000, 0.000000, 1.000000, -0.073078, -0.061366, -0.995437, 0.151532, -0.996736, 0.038827, 0.070779, 0.035875, 0.034307, 0.997360, -0.064003, 0.037803, 0.000000, 0.000000, 0.000000, 1.000000
-8.0158, 17.0912, 2.2541, 164.6323, 186.6323, -17.0912, 197.8194, 151.3910, 35.8984, 37.8703, 0.614211, 0.788686, 0.026824, 0.017091, -0.789099, 0.614176, 0.010489, 0.002254, -0.008202, -0.027609, 0.999585, 0.164632, 0.000000, 0.000000, 0.000000, 1.000000, -0.008202, -0.027609, 0.999585, 0.186632, -0.614211, -0.788686, -0.026824, -0.017091, 0.789099, -0.614176, -0.010489, 0.197819, 0.000000, 0.000000, 0.000000, 1.000000, -0.068516, -0.060909, -0.995789, 0.151391, -0.997055, 0.038659, 0.066238, 0.035898, 0.034462, 0.997394, -0.063378, 0.037870, 0.000000, 0.000000, 0.000000, 1.000000
-7.8985, 16.9976, 2.2132, 164.9194, 186.9195, -16.9976, 197.8603, 151.2949, 35.9406, 38.0544, 0.613994, 0.789027, 0.021162, 0.016998, -0.789128, 0.614208, -0.005028, 0.002213, -0.016965, -0.013612, 0.999763, 0.164919, 0.000000, 0.000000, 0.000000, 1.000000, -0.016965, -0.013612, 0.999763, 0.186919, -0.613994, -0.789027, -0.021162, -0.016998, 0.789128, -0.614208, 0.005028, 0.197860, 0.000000, 0.000000, 0.000000, 1.000000, -0.059859, -0.076889, -0.995241, 0.151295, -0.997595, 0.039514, 0.056948, 0.035941, 0.034947, 0.996256, -0.079070, 0.038054, 0.000000, 0.000000, 0.000000, 1.000000
-7.7680, 16.8958, 2.0280, 165.0968, 187.0968, -16.8958, 198.0455, 151.3281, 35.8624, 38.1920, 0.614256, 0.788851, 0.020080, 0.016896, -0.789093, 0.614198, 0.009660, 0.002028, -0.004713, -0.021779, 0.999752, 0.165097, 0.000000, 0.000000, 0.000000, 1.000000, -0.004713, -0.021779, 0.999752, 0.187097, -0.614256, -0.788851, -0.020080, -0.016896, 0.789093, -0.614198, -0.009660, 0.198045, 0.000000, 0.000000, 0.000000, 1.000000, -0.072133, -0.071030, -0.994862, 0.151328, -0.996820, 0.039008, 0.069490, 0.035862, 0.033872, 0.996711, -0.073618, 0.038192, 0.000000, 0.000000, 0.000000, 1.000000
-7.6496, 16.7021, 1.8737, 165.4930, 187.4930, -16.7021, 198.1998, 151.1371, 35.8787, 38.2202, 0.614402, 0.788540, 0.026749, 0.016702, -0.788990, 0.614138, 0.018128, 0.001874, -0.002133, -0.032243, 0.999478, 0.165493, 0.000000, 0.000000, 0.000000, 1.000000, -0.002133, -0.032243, 0.999478, 0.187493, -0.614402, -0.788540, -0.026749, -0.016702, 0.788990, -0.614138, -0.018128, 0.198200, 0.000000, 0.000000, 0.000000, 1.000000, -0.074781, -0.062666, -0.995229, 0.151137, -0.996632, 0.038373, 0.072471, 0.035879, 0.033649, 0.997297, -0.065325, 0.038220, 0.000000, 0.000000, 0.000000, 1.000000
-7.5274, 16.5648, 1.6889, 165.6926, 187.6926, -16.5648, 198.3846, 151.1405, 35.8231, 38.3041, 0.614660, 0.788515, 0.020914, 0.016565, -0.788787, 0.614342, 0.019982, 0.001689, 0.002908, -0.028779, 0.999582, 0.165693, 0.000000, 0.000000, 0.000000, 1.000000, 0.002908, -0.028779, 0.999582, 0.187693, -0.614660, -0.788515, -0.020914, -0.016565, 0.788787, -0.614342, -0.019982, 0.198385, 0.000000, 0.000000, 0.000000, 1.000000, -0.079887, -0.068227, -0.994466, 0.151141, -0.996247, 0.038807, 0.077368, 0.035823, 0.033313, 0.996915, -0.071071, 0.038304, 0.000000, 0.000000, 0.000000, 1.000000
-7.4052, 16.4128, 1.5717, 166.0464, 188.0464, -16.4128, 198.5017, 150.9931, 35.8421, 38.3998, 0.614697, 0.788450, 0.022228, 0.016413, -0.788755, 0.614317, 0.021891, 0.001572, 0.003605, -0.030989, 0.999513, 0.166046, 0.000000, 0.000000, 0.000000, 1.000000, 0.003605, -0.030989, 0.999513, 0.188046, -0.614697, -0.788450, -0.022228, -0.016413, 0.788755, -0.614317, -0.021891, 0.198502, 0.000000, 0.000000, 0.000000, 1.000000, -0.080653, -0.068152, -0.994410, 0.150993, -0.996192, 0.038663, 0.078148, 0.035842, 0.033120, 0.996926, -0.071011, 0.038400, 0.000000, 0.000000, 0.000000, 1.000000
-7.2666, 16.3248, 1.4988, 166.2279, 188.2279, -16.3248, 198.5747, 151.0335, 35.8473, 38.6331, 0.614531, 0.788573, 0.022443, 0.016325, -0.788893, 0.614285, 0.017405, 0.001499, -0.000061, -0.028401, 0.999597, 0.166228, 0.000000, 0.000000, 0.000000, 1.000000, -0.000061, -0.028401, 0.999597, 0.188228, -0.614531, -0.788573, -0.022443, -0.016325, 0.788893, -0.614285, -0.017405, 0.198575, 0.000000, 0.000000, 0.000000, 1.000000, -0.077076, -0.073147, -0.994338, 0.151034, -0.996476, 0.038754, 0.074391, 0.035847, 0.033094, 0.996568, -0.075876, 0.038633, 0.000000, 0.000000, 0.000000, 1.000000
-7.1383, 16.1959, 1.3454, 166.5469, 188.5469, -16.1959, 198.7280, 150.9273, 35.8211, 38.7443, 0.614919, 0.788391, 0.017727, 0.016196, -0.788560, 0.614546, 0.022492, 0.001345, 0.006838, -0.027810, 0.999590, 0.166547, 0.000000, 0.000000, 0.000000, 1.000000, 0.006838, -0.027810, 0.999590, 0.188547, -0.614919, -0.788391, -0.017727, -0.016196, 0.788560, -0.614546, -0.022492, 0.198728, 0.000000, 0.000000, 0.000000, 1.000000, -0.084042, -0.075942, -0.993564, 0.150927, -0.995926, 0.039116, 0.081252, 0.035821, 0.032694, 0.996345, -0.078920, 0.038744, 0.000000, 0.000000, 0.000000, 1.000000
-7.0064, 16.0426, 1.2353, 166.8705, 188.8705, -16.0426, 198.8381, 150.8251, 35.8444, 38.8690, 0.614407, 0.788787, 0.017854, 0.016043, -0.788987, 0.614198, 0.016134, 0.001235, 0.001760, -0.024000, 0.999710, 0.166870, 0.000000, 0.000000, 0.000000, 1.000000, 0.001760, -0.024000, 0.999710, 0.188870, -0.614407, -0.788787, -0.017854, -0.016043, 0.788987, -0.614198, -0.016134, 0.198838, 0.000000, 0.000000, 0.000000, 1.000000, -0.079014, -0.082061, -0.993490, 0.150825, -0.996347, 0.038882, 0.076030, 0.035844, 0.032390, 0.995869, -0.084834, 0.038869, 0.000000, 0.000000, 0.000000, 1.000000
-6.8647, 15.9467, 1.0660, 167.0286, 189.0286, -15.9467, 199.0074, 150.8947, 35.7743, 39.0487, 0.614716, 0.788693, 0.009394, 0.015947, -0.788656, 0.614416, 0.022704, 0.001066, 0.012135, -0.021366, 0.999698, 0.167029, 0.000000, 0.000000, 0.000000, 1.000000, 0.012135, -0.021366, 0.999698, 0.189029, -0.614716, -0.788693, -0.009394, -0.015947, 0.788656, -0.614416, -0.022704, 0.199007, 0.000000, 0.000000, 0.000000, 1.000000, -0.089419, -0.087124, -0.992176, 0.150895, -0.995496, 0.039307, 0.086267, 0.035774, 0.031484, 0.995422, -0.090247, 0.039049, 0.000000, 0.000000, 0.000000, 1.000000
-6.7419, 15.7980, 0.9479, 167.3615, 189.3615, -15.7980, 199.1256, 150.7696, 35.7892, 39.1462, 0.614715, 0.788637, 0.013297, 0.015798, -0.788694, 0.614387, 0.022140, 0.000948, 0.009291, -0.024097, 0.999666, 0.167361, 0.000000, 0.000000, 0.000000, 1.000000, 0.009291, -0.024097, 0.999666, 0.189361, -0.614715, -0.788637, -0.013297, -0.015798, 0.788694, -0.614387, -0.022140, 0.199126, 0.000000, 0.000000, 0.000000, 1.000000, -0.086668, -0.086544, -0.992471, 0.150770, -0.995736, 0.039116, 0.083542, 0.035789, 0.031591, 0.995480, -0.089565, 0.039146, 0.000000, 0.000000, 0.000000, 1.000000
-6.6056, 14.7630, 1.0259, 167.8815, 189.8815, -14.7630, 199.0476, 150.5989, 36.4910, 38.6593, 0.604678, 0.780010, 0.161086, 0.014763, -0.789207, 0.614033, -0.010779, 0.001026, -0.107320, -0.120612, 0.986882, 0.167882, 0.000000, 0.000000, 0.000000, 1.000000, -0.107320, -0.120612, 0.986882, 0.189882, -0.604678, -0.780010, -0.161086, -0.014763, 0.789207, -0.614033, 0.010779, 0.199048, 0.000000, 0.000000, 0.000000, 1.000000, 0.030146, 0.007878, -0.999514, 0.150599, -0.998879, 0.036757, -0.029837, 0.036491, 0.036504, 0.999293, 0.008977, 0.038659, 0.000000, 0.000000, 0.000000, 1.000000
-6.4850, 14.5601, 0.8640, 168.1353, 190.1353, -14.5601, 199.2094, 150.5586, 36.4960, 38.6892, 0.604219, 0.779120, 0.167009, 0.014560, -0.789470, 0.613748, -0.007010, 0.000864, -0.107963, -0.127613, 0.985931, 0.168135, 0.000000, 0.000000, 0.000000, 1.000000, -0.107963, -0.127613, 0.985931, 0.190135, -0.604219, -0.779120, -0.167009, -0.014560, 0.789470, -0.613748, 0.007010, 0.199209, 0.000000, 0.000000, 0.000000, 1.000000, 0.030772, 0.012833, -0.999444, 0.150559, -0.998874, 0.036529, -0.030286, 0.036496, 0.036121, 0.999250, 0.013943, 0.038689, 0.000000, 0.000000, 0.000000, 1.000000
-6.3668, 15.4452, 0.5578, 168.1956, 190.1956, -15.4452, 199.5156, 150.5561, 35.7386, 39.5240, 0.614880, 0.788620, 0.001081, 0.015445, -0.788485, 0.614748, 0.019391, 0.000558, 0.014627, -0.012775, 0.999811, 0.168196, 0.000000, 0.000000, 0.000000, 1.000000, 0.014627, -0.012775, 0.999811, 0.190196, -0.614880, -0.788620, -0.001081, -0.015445, 0.788485, -0.614748, -0.019391, 0.199516, 0.000000, 0.000000, 0.000000, 1.000000, -0.092182, -0.104270, -0.990268, 0.150556, -0.995271, 0.040249, 0.088410, 0.035739, 0.030639, 0.993734, -0.107487, 0.039524, 0.000000, 0.000000, 0.000000, 1.000000
-6.2512, 14.3297, 0.6886, 168.7926, 190.7927, -14.3297, 199.3849, 150.2936, 36.5356, 38.9369, 0.603680, 0.780549, 0.162215, 0.014330, -0.789095, 0.614010, -0.017902, 0.000689, -0.113575, -0.117196, 0.986593, 0.168793, 0.000000, 0.000000, 0.000000, 1.000000, -0.113575, -0.117196, 0.986593, 0.190793, -0.603680, -0.780549, -0.162215, -0.014330, 0.789095, -0.614010, 0.017902, 0.199385, 0.000000, 0.000000, 0.000000, 1.000000, 0.036251, -0.001761, -0.999341, 0.150294, -0.998668, 0.036676, -0.036292, 0.036536, 0.036716, 0.999326, -0.000429, 0.038937, 0.000000, 0.000000, 0.000000, 1.000000
-6.1148, 14.1700, 0.5659, 168.9470, 190.9470, -14.1700, 199.5076, 150.3699, 36.5400, 39.0761, 0.603318, 0.780043, 0.165954, 0.014170, -0.789423, 0.613677, -0.014593, 0.000566, -0.113225, -0.122204, 0.986026, 0.168947, 0.000000, 0.000000, 0.000000, 1.000000, -0.113225, -0.122204, 0.986026, 0.190947, -0.603318, -0.780043, -0.165954, -0.014170, 0.789423, -0.613677, 0.014593, 0.199508, 0.000000, 0.000000, 0.000000, 1.000000, 0.035874, 0.000892, -0.999356, 0.150370, -0.998698, 0.036332, -0.035818, 0.036540, 0.036277, 0.999339, 0.002194, 0.039076, 0.000000, 0.000000, 0.000000, 1.000000
-5.9825, 14.0989, 0.4826, 169.3121, 191.3121, -14.0989, 199.5909, 150.2183, 36.5405, 39.2717, 0.603963, 0.780571, 0.161054, 0.014099, -0.788990, 0.614148, -0.017791, 0.000483, -0.112798, -0.116325, 0.986785, 0.169312, 0.000000, 0.000000, 0.000000, 1.000000, -0.112798, -0.116325, 0.986785, 0.191312, -0.603963, -0.780571, -0.161054, -0.014099, 0.788990, -0.614148, 0.017791, 0.199591, 0.000000, 0.000000, 0.000000, 1.000000, 0.035268, -0.007315, -0.999351, 0.150218, -0.998690, 0.036840, -0.035514, 0.036540, 0.037076, 0.999294, -0.006006, 0.039272, 0.000000, 0.000000, 0.000000, 1.000000
-5.8406, 13.8672, 0.3642, 169.4795, 191.4795, -13.8672, 199.7092, 150.3006, 36.5912, 39.3677, 0.602013, 0.779888, 0.171330, 0.013867, -0.788893, 0.614088, -0.023323, 0.000364, -0.123401, -0.121120, 0.984938, 0.169480, 0.000000, 0.000000, 0.000000, 1.000000, -0.123401, -0.121120, 0.984938, 0.191480, -0.602013, -0.779888, -0.171330, -0.013867, 0.788893, -0.614088, 0.023323, 0.199709, 0.000000, 0.000000, 0.000000, 1.000000, 0.045947, -0.004947, -0.998932, 0.150301, -0.998258, 0.036835, -0.046099, 0.036591, 0.037024, 0.999309, -0.003246, 0.039368, 0.000000, 0.000000, 0.000000, 1.000000
-5.7212, 13.7201, 0.1444, 169.8195, 191.8195, -13.7201, 199.9291, 150.1682, 36.5231, 39.3901, 0.603384, 0.778146, 0.174402, 0.013720, -0.789244, 0.614013, -0.009026, 0.000144, -0.114109, -0.132200, 0.984633, 0.169819, 0.000000, 0.000000, 0.000000, 1.000000, -0.114109, -0.132200, 0.984633, 0.191819, -0.603384, -0.778146, -0.174402, -0.013720, 0.789244, -0.614013, 0.009026, 0.199929, 0.000000, 0.000000, 0.000000, 1.000000, 0.036485, 0.004188, -0.999325, 0.150168, -0.998657, 0.036972, -0.036306, 0.036523, 0.036796, 0.999307, 0.005531, 0.039390, 0.000000, 0.000000, 0.000000, 1.000000
-5.5982, 13.6915, 0.0416, 170.2838, 192.2838, -13.6915, 200.0319, 149.8990, 36.4904, 39.5681, 0.604751, 0.780383, 0.158993, 0.013691, -0.789133, 0.614093, -0.012571, 0.000042, -0.107447, -0.117864, 0.987200, 0.170284, 0.000000, 0.000000, 0.000000, 1.000000, -0.107447, -0.117864, 0.987200, 0.192284, -0.604751, -0.780383, -0.158993, -0.013691, 0.789133, -0.614093, 0.012571, 0.200032, 0.000000, 0.000000, 0.000000, 1.000000, 0.029613, -0.012466, -0.999484, 0.149899, -0.998871, 0.036791, -0.030053, 0.036490, 0.037147, 0.999245, -0.011363, 0.039568, 0.000000, 0.000000, 0.000000, 1.000000
-5.4705, 13.4892, -0.0211, 170.5427, 192.5427, -13.4892, 200.0945, 149.8652, 36.5759, 39.6688, 0.602597, 0.780535, 0.166262, 0.013489, -0.789028, 0.613946, -0.022497, -0.000021, -0.119635, -0.117629, 0.985825, 0.170543, 0.000000, 0.000000, 0.000000, 1.000000, -0.119635, -0.117629, 0.985825, 0.192543, -0.602597, -0.780535, -0.166262, -0.013489, 0.789028, -0.613946, 0.022497, 0.200095, 0.000000, 0.000000, 0.000000, 1.000000, 0.041900, -0.014946, -0.999010, 0.149865, -0.998429, 0.036601, -0.042423, 0.036576, 0.037198, 0.999218, -0.013389, 0.039669, 0.000000, 0.000000, 0.000000, 1.000000
-5.3407, 13.4363, -0.1671, 170.9162, 192.9162, -13.4363, 200.2405, 149.7005, 36.5155, 39.8298, 0.604706, 0.780931, 0.156455, 0.013436, -0.788779, 0.614410, -0.018105, -0.000167, -0.110266, -0.112461, 0.987519, 0.170916, 0.000000, 0.000000, 0.000000, 1.000000, -0.110266, -0.112461, 0.987519, 0.192916, -0.604706, -0.780931, -0.156455, -0.013436, 0.788779, -0.614410, 0.018105, 0.200241, 0.000000, 0.000000, 0.000000, 1.000000, 0.032230, -0.022386, -0.999230, 0.149701, -0.998764, 0.037126, -0.033047, 0.036515, 0.037838, 0.999060, -0.021162, 0.039830, 0.000000, 0.000000, 0.000000, 1.000000
-5.2240, 13.1934, -0.4225, 171.1007, 193.1007, -13.1934, 200.4960, 149.7350, 36.4627, 39.7655, 0.605065, 0.777578, 0.171083, 0.013193, -0.789192, 0.614146, -0.000197, -0.000423, -0.105223, -0.134899, 0.985256, 0.171101, 0.000000, 0.000000, 0.000000, 1.000000, -0.105223, -0.134899, 0.985256, 0.193101, -0.605065, -0.777578, -0.171083, -0.013193, 0.789192, -0.614146, 0.000197, 0.200496, 0.000000, 0.000000, 0.000000, 1.000000, 0.027126, -0.001734, -0.999630, 0.149735, -0.998938, 0.037212, -0.027172, 0.036463, 0.037246, 0.999306, -0.000723, 0.039766, 0.000000, 0.000000, 0.000000, 1.000000
-5.0935, 13.1552, -0.4016, 171.3447, 193.3447, -13.1552, 200.4751, 149.6934, 36.5197, 40.0540, 0.604192, 0.779609, 0.164805, 0.013155, -0.788753, 0.614520, -0.015332, -0.000402, -0.113229, -0.120727, 0.986207, 0.171345, 0.000000, 0.000000, 0.000000, 1.000000, -0.113229, -0.120727, 0.986207, 0.193345, -0.604192, -0.779609, -0.164805, -0.013155, 0.788753, -0.614520, 0.015332, 0.200475, 0.000000, 0.000000, 0.000000, 1.000000, 0.035072, -0.018330, -0.999217, 0.149693, -0.998662, 0.037376, -0.035738, 0.036520, 0.038002, 0.999133, -0.016995, 0.040054, 0.000000, 0.000000, 0.000000, 1.000000
-4.9737, 13.0036, -0.5503, 171.6554, 193.6554, -13.0036, 200.6238, 149.5919, 36.5098, 40.1145, 0.604244, 0.779454, 0.165351, 0.013004, -0.789152, 0.614099, -0.011020, -0.000550, -0.110131, -0.123828, 0.986173, 0.171655, 0.000000, 0.000000, 0.000000, 1.000000, -0.110131, -0.123828, 0.986173, 0.193655, -0.604244, -0.779454, -0.165351, -0.013004, 0.789152, -0.614099, 0.011020, 0.200624, 0.000000, 0.000000, 0.000000, 1.000000, 0.031937, -0.017323, -0.999340, 0.149592, -0.998789, 0.036897, -0.032559, 0.036510, 0.037437, 0.999169, -0.016123, 0.040114, 0.000000, 0.000000, 0.000000, 1.000000
-4.8454, 12.9236, -0.6078, 172.0901, 194.0901, -12.9236, 200.6812, 149.3672, 36.5415, 40.2888, 0.604185, 0.781565, 0.155294, 0.012924, -0.789155, 0.613890, -0.019314, -0.000608, -0.110429, -0.110882, 0.987679, 0.172090, 0.000000, 0.000000, 0.000000, 1.000000, -0.110429, -0.110882, 0.987679, 0.194090, -0.604185, -0.781565, -0.155294, -0.012924, 0.789155, -0.613890, 0.019314, 0.200681, 0.000000, 0.000000, 0.000000, 1.000000, 0.032156, -0.032667, -0.998949, 0.149367, -0.998779, 0.036452, -0.033343, 0.036542, 0.037503, 0.998801, -0.031455, 0.040289, 0.000000, 0.000000, 0.000000, 1.000000
-4.7219, 12.8188, -0.7866, 172.4257, 194.4257, -12.8188, 200.8601, 149.2404, 36.4818, 40.3731, 0.605578, 0.779791, 0.158752, 0.012819, -0.788755, 0.614622, -0.010232, -0.000787, -0.105551, -0.119020, 0.987265, 0.172426, 0.000000, 0.000000, 0.000000, 1.000000, -0.105551, -0.119020, 0.987265, 0.194426, -0.605578, -0.779791, -0.158752, -0.012819, 0.788755, -0.614622, 0.010232, 0.200860, 0.000000, 0.000000, 0.000000, 1.000000, 0.027027, -0.026525, -0.999283, 0.149240, -0.998905, 0.037479, -0.028012, 0.036482, 0.038195, 0.998945, -0.025483, 0.040373, 0.000000, 0.000000, 0.000000, 1.000000
-4.5896, 12.6047, -0.9133, 172.6027, 194.6027, -12.6047, 200.9867, 149.2998, 36.5163, 40.4465, 0.604217, 0.779372, 0.165834, 0.012605, -0.788740, 0.614556, -0.014458, -0.000913, -0.113183, -0.122064, 0.986048, 0.172603, 0.000000, 0.000000, 0.000000, 1.000000, -0.113183, -0.122064, 0.986048, 0.194603, -0.604217, -0.779372, -0.165834, -0.012605, 0.788740, -0.614556, 0.014458, 0.200987, 0.000000, 0.000000, 0.000000, 1.000000, 0.034686, -0.025759, -0.999066, 0.149300, -0.998663, 0.037445, -0.035638, 0.036516, 0.038328, 0.998967, -0.024425, 0.040447, 0.000000, 0.000000, 0.000000, 1.000000
-4.4684, 12.5658, -1.0352, 173.1059, 195.1059, -12.5658, 201.1086, 148.9927, 36.4769, 40.5838, 0.605666, 0.781033, 0.152173, 0.012566, -0.789077, 0.614183, -0.011697, -0.001035, -0.102598, -0.112992, 0.988285, 0.173106, 0.000000, 0.000000, 0.000000, 1.000000, -0.102598, -0.112992, 0.988285, 0.195106, -0.605666, -0.781033, -0.152173, -0.012566, 0.789077, -0.614183, 0.011697, 0.201109, 0.000000, 0.000000, 0.000000, 1.000000, 0.023941, -0.037080, -0.999025, 0.148993, -0.999000, 0.036845, -0.025308, 0.036477, 0.037747, 0.998633, -0.036161, 0.040584, 0.000000, 0.000000, 0.000000, 1.000000
-4.3286, 12.3998, -1.0761, 173.1572, 195.1572, -12.3998, 201.1495, 149.1768, 36.5438, 40.7834, 0.604073, 0.780158, 0.162633, 0.012400, -0.788588, 0.614620, -0.019278, -0.001076, -0.114998, -0.116605, 0.986498, 0.173157, 0.000000, 0.000000, 0.000000, 1.000000, -0.114998, -0.116605, 0.986498, 0.195157, -0.604073, -0.780158, -0.162633, -0.012400, 0.788588, -0.614620, 0.019278, 0.201150, 0.000000, 0.000000, 0.000000, 1.000000, 0.036319, -0.035822, -0.998698, 0.149177, -0.998589, 0.037441, -0.037658, 0.036544, 0.038742, 0.998657, -0.034412, 0.040783, 0.000000, 0.000000, 0.000000, 1.000000
-4.2128, 12.2661, -1.2513, 173.5235, 195.5235, -12.2661, 201.3247, 149.0144, 36.5061, 40.8188, 0.604816, 0.779586, 0.162610, 0.012266, -0.788895, 0.614422, -0.011428, -0.001251, -0.108820, -0.121370, 0.986624, 0.173523, 0.000000, 0.000000, 0.000000, 1.000000, -0.108820, -0.121370, 0.986624, 0.195523, -0.604816, -0.779586, -0.162610, -0.012266, 0.788895, -0.614422, 0.011428, 0.201325, 0.000000, 0.000000, 0.000000, 1.000000, 0.030040, -0.033044, -0.999002, 0.149014, -0.998816, 0.037263, -0.031267, 0.036506, 0.038259, 0.998759, -0.031885, 0.040819, 0.000000, 0.000000, 0.000000, 1.000000
-4.0937, 12.1461, -1.4207, 173.7756, 195.7756, -12.1461, 201.4941, 148.9671, 36.4568, 40.8942, 0.605824, 0.778116, 0.165869, 0.012146, -0.788674, 0.614802, -0.003551, -0.001421, -0.104740, -0.128665, 0.986142, 0.173776, 0.000000, 0.000000, 0.000000, 1.000000, -0.104740, -0.128665, 0.986142, 0.195776, -0.605824, -0.778116, -0.165869, -0.012146, 0.788674, -0.614802, 0.003551, 0.201494, 0.000000, 0.000000, 0.000000, 1.000000, 0.025762, -0.027698, -0.999284, 0.148967, -0.998922, 0.037889, -0.026803, 0.036457, 0.038604, 0.998898, -0.026692, 0.040894, 0.000000, 0.000000, 0.000000, 1.000000
-3.9775, 12.0778, -1.4309, 174.2810, 196.2810, -12.0778, 201.5043, 148.6522, 36.5252, 41.0550, 0.604995, 0.781411, 0.152899, 0.012078, -0.788972, 0.614192, -0.017087, -0.001431, -0.107261, -0.110296, 0.988094, 0.174281, 0.000000, 0.000000, 0.000000, 1.000000, -0.107261, -0.110296, 0.988094, 0.196281, -0.604995, -0.781411, -0.152899, -0.012078, 0.788972, -0.614192, 0.017087, 0.201504, 0.000000, 0.000000, 0.000000, 1.000000, 0.028320, -0.048354, -0.998429, 0.148652, -0.998868, 0.036830, -0.030116, 0.036525, 0.038228, 0.998151, -0.047256, 0.041055, 0.000000, 0.000000, 0.000000, 1.000000
-3.8571, 11.9699, -1.5506, 174.4615, 196.4615, -11.9699, 201.6240, 148.6739, 36.5039, 41.1825, 0.605507, 0.780644, 0.154781, 0.011970, -0.788716, 0.614593, -0.014249, -0.001551, -0.106251, -0.113450, 0.987846, 0.174462, 0.000000, 0.000000, 0.000000, 1.000000, -0.106251, -0.113450, 0.987846, 0.196462, -0.605507, -0.780644, -0.154781, -0.011970, 0.788716, -0.614593, 0.014249, 0.201624, 0.000000, 0.000000, 0.000000, 1.000000, 0.027147, -0.047228, -0.998515, 0.148674, -0.998883, 0.037369, -0.028925, 0.036504, 0.038680, 0.998185, -0.046161, 0.041182, 0.000000, 0.000000, 0.000000, 1.000000
-3.7351, 11.7927, -1.7153, 174.7170, 196.7170, -11.7927, 201.7888, 148.6381, 36.4918, 41.2199, 0.605003, 0.778845, 0.165443, 0.011793, -0.789065, 0.614278, -0.006293, -0.001715, -0.106530, -0.126738, 0.986199, 0.174717, 0.000000, 0.000000, 0.000000, 1.000000, -0.106530, -0.126738, 0.986199, 0.196717, -0.605003, -0.778845, -0.165443, -0.011793, 0.789065, -0.614278, 0.006293, 0.201789, 0.000000, 0.000000, 0.000000, 1.000000, 0.027441, -0.035954, -0.998977, 0.148638, -0.998894, 0.037182, -0.028777, 0.036492, 0.038179, 0.998662, -0.034894, 0.041220, 0.000000, 0.000000, 0.000000, 1.000000
-3.6024, 11.6472, -1.8254, 174.9840, 196.9840, -11.6472, 201.8988, 148.5996, 36.5065, 41.3399, 0.604564, 0.778526, 0.168521, 0.011647, -0.788578, 0.614830, -0.011363, -0.001825, -0.112458, -0.126022, 0.985633, 0.174984, 0.000000, 0.000000, 0.000000, 1.000000, -0.112458, -0.126022, 0.985633, 0.196984, -0.604564, -0.778526, -0.168521, -0.011647, 0.788578, -0.614830, 0.011363, 0.201899, 0.000000, 0.000000, 0.000000, 1.000000, 0.033240, -0.038935, -0.998689, 0.148600, -0.998680, 0.037868, -0.034716, 0.036506, 0.039170, 0.998524, -0.037625, 0.041340, 0.000000, 0.000000, 0.000000, 1.000000
-3.4875, 11.6268, -1.9944, 175.5508, 197.5508, -11.6268, 202.0679, 148.2204, 36.4228, 41.4273, 0.607258, 0.779523, 0.153564, 0.011627, -0.788994, 0.614400, 0.001199, -0.001994, -0.093415, -0.121889, 0.988138, 0.175551, 0.000000, 0.000000, 0.000000, 1.000000, -0.093415, -0.121889, 0.988138, 0.197551, -0.607258, -0.779523, -0.153564, -0.011627, 0.788994, -0.614400, -0.001199, 0.202068, 0.000000, 0.000000, 0.000000, 1.000000, 0.013977, -0.045162, -0.998882, 0.148220, -0.999183, 0.037244, -0.015665, 0.036423, 0.037910, 0.998285, -0.044605, 0.041427, 0.000000, 0.000000, 0.000000, 1.000000
-3.3667, 11.4351, -2.0199, 175.6065, 197.6065, -11.4351, 202.0934, 148.3775, 36.5174, 41.5635, 0.604743, 0.779040, 0.165479, 0.011435, -0.789019, 0.614309, -0.008569, -0.002020, -0.108331, -0.125385, 0.986176, 0.175607, 0.000000, 0.000000, 0.000000, 1.000000, -0.108331, -0.125385, 0.986176, 0.197607, -0.604743, -0.779040, -0.165479, -0.011435, 0.789019, -0.614309, 0.008569, 0.202093, 0.000000, 0.000000, 0.000000, 1.000000, 0.029010, -0.043742, -0.998622, 0.148377, -0.998838, 0.037194, -0.030645, 0.036517, 0.038483, 0.998350, -0.042612, 0.041564, 0.000000, 0.000000, 0.000000, 1.000000
-3.2504, 11.3922, -2.2067, 176.0909, 198.0909, -11.3922, 202.2801, 148.0866, 36.4263, 41.6377, 0.606932, 0.779433, 0.155296, 0.011392, -0.789184, 0.614154, 0.001863, -0.002207, -0.093924, -0.123688, 0.987866, 0.176091, 0.000000, 0.000000, 0.000000, 1.000000, -0.093924, -0.123688, 0.987866, 0.198091, -0.606932, -0.779433, -0.155296, -0.011392, 0.789184, -0.614154, -0.001863, 0.202280, 0.000000, 0.000000, 0.000000, 1.000000, 0.014388, -0.047499, -0.998768, 0.148087, -0.999186, 0.036964, -0.016152, 0.036426, 0.037686, 0.998187, -0.046928, 0.041638, 0.000000, 0.000000, 0.000000, 1.000000
-3.1348, 11.2480, -2.2341, 176.4285, 198.4285, -11.2480, 202.3075, 147.9508, 36.5125, 41.7471, 0.605558, 0.781121, 0.152149, 0.011248, -0.789185, 0.614048, -0.011493, -0.002234, -0.102404, -0.113114, 0.988291, 0.176429, 0.000000, 0.000000, 0.000000, 1.000000, -0.102404, -0.113114, 0.988291, 0.198429, -0.605558, -0.781121, -0.152149, -0.011248, 0.789185, -0.614048, 0.011493, 0.202308, 0.000000, 0.000000, 0.000000, 1.000000, 0.022891, -0.060201, -0.997924, 0.147951, -0.999011, 0.036674, -0.025129, 0.036512, 0.038111, 0.997512, -0.059302, 0.041747, 0.000000, 0.000000, 0.000000, 1.000000
-3.0039, 11.1334, -2.3691, 176.4797, 198.4797, -11.1334, 202.4425, 148.1179, 36.4732, 41.9068, 0.605579, 0.779528, 0.160031, 0.011133, -0.789029, 0.614320, -0.006627, -0.002369, -0.103476, -0.122256, 0.987090, 0.176480, 0.000000, 0.000000, 0.000000, 1.000000, -0.103476, -0.122256, 0.987090, 0.198480, -0.605579, -0.779528, -0.160031, -0.011133, 0.789029, -0.614320, 0.006627, 0.202443, 0.000000, 0.000000, 0.000000, 1.000000, 0.023845, -0.053224, -0.998298, 0.148118, -0.998976, 0.037149, -0.025842, 0.036473, 0.038461, 0.997891, -0.052283, 0.041907, 0.000000, 0.000000, 0.000000, 1.000000
-2.8679, 10.9974, -2.4903, 176.8733, 198.8733, -10.9974, 202.5638, 147.9599, 36.4826, 42.0094, 0.605833, 0.779000, 0.161634, 0.010997, -0.789249, 0.614072, -0.001288, -0.002490, -0.100258, -0.126789, 0.986850, 0.176873, 0.000000, 0.000000, 0.000000, 1.000000, -0.100258, -0.126789, 0.986850, 0.198873, -0.605833, -0.779000, -0.161634, -0.010997, 0.789249, -0.614072, 0.001288, 0.202564, 0.000000, 0.000000, 0.000000, 1.000000, 0.020559, -0.051034, -0.998485, 0.147960, -0.999066, 0.036922, -0.022459, 0.036483, 0.038012, 0.998014, -0.050228, 0.042009, 0.000000, 0.000000, 0.000000, 1.000000
-2.7330, 10.8793, -2.6558, 177.1958, 199.1958, -10.8793, 202.7292, 147.8691, 36.4406, 42.1093, 0.606279, 0.778171, 0.163937, 0.010879, -0.789203, 0.614122, 0.003566, -0.002656, -0.097902, -0.131541, 0.986464, 0.177196, 0.000000, 0.000000, 0.000000, 1.000000, -0.097902, -0.131541, 0.986464, 0.199196, -0.606279, -0.778171, -0.163937, -0.010879, 0.789203, -0.614122, -0.003566, 0.202729, 0.000000, 0.000000, 0.000000, 1.000000, 0.018073, -0.048569, -0.998656, 0.147869, -0.999114, 0.037095, -0.019885, 0.036441, 0.038011, 0.998131, -0.047856, 0.042109, 0.000000, 0.000000, 0.000000, 1.000000
-2.6049, 10.7671, -2.7622, 177.6154, 199.6154, -10.7671, 202.8356, 147.6696, 36.4501, 42.2119, 0.606165, 0.779661, 0.157140, 0.010767, -0.789689, 0.613503, 0.002275, -0.002762, -0.094632, -0.125471, 0.987574, 0.177615, 0.000000, 0.000000, 0.000000, 1.000000, -0.094632, -0.125471, 0.987574, 0.199615, -0.606165, -0.779661, -0.157140, -0.010767, 0.789689, -0.613503, -0.002275, 0.202836, 0.000000, 0.000000, 0.000000, 1.000000, 0.014829, -0.057006, -0.998264, 0.147670, -0.999203, 0.036173, -0.016908, 0.036450, 0.037074, 0.997718, -0.056424, 0.042212, 0.000000, 0.000000, 0.000000, 1.000000
-2.4594, 10.6052, -2.8893, 177.8833, 199.8833, -10.6052, 202.9628, 147.6547, 36.4606, 42.3348, 0.606315, 0.778165, 0.163832, 0.010605, -0.789197, 0.614128, 0.003719, -0.002889, -0.097720, -0.131550, 0.986481, 0.177883, 0.000000, 0.000000, 0.000000, 1.000000, -0.097720, -0.131550, 0.986481, 0.199883, -0.606315, -0.778165, -0.163832, -0.010605, 0.789197, -0.614128, -0.003719, 0.202963, 0.000000, 0.000000, 0.000000, 1.000000, 0.017705, -0.053325, -0.998420, 0.147655, -0.999117, 0.037103, -0.019699, 0.036461, 0.038095, 0.997888, -0.052621, 0.042335, 0.000000, 0.000000, 0.000000, 1.000000
-2.3381, 10.5570, -3.0384, 178.2989, 200.2989, -10.5570, 203.1118, 147.4396, 36.3984, 42.4443, 0.607330, 0.778371, 0.159027, 0.010557, -0.789319, 0.613909, 0.009608, -0.003038, -0.090149, -0.131359, 0.987227, 0.178299, 0.000000, 0.000000, 0.000000, 1.000000, -0.090149, -0.131359, 0.987227, 0.200299, -0.607330, -0.778371, -0.159027, -0.010557, 0.789319, -0.613909, -0.009608, 0.203112, 0.000000, 0.000000, 0.000000, 1.000000, 0.010019, -0.055654, -0.998400, 0.147440, -0.999249, 0.036816, -0.012080, 0.036398, 0.037429, 0.997771, -0.055243, 0.042444, 0.000000, 0.000000, 0.000000, 1.000000
-2.1990, 10.3457, -3.1988, 178.5217, 200.5217, -10.3457, 203.2723, 147.4718, 36.4071, 42.4994, 0.607366, 0.776447, 0.168038, 0.010346, -0.789284, 0.613802, 0.016663, -0.003199, -0.090204, -0.142750, 0.985640, 0.178522, 0.000000, 0.000000, 0.000000, 1.000000, -0.090204, -0.142750, 0.985640, 0.200522, -0.607366, -0.776447, -0.168038, -0.010346, 0.789284, -0.613802, -0.016663, 0.203272, 0.000000, 0.000000, 0.000000, 1.000000, 0.009972, -0.046540, -0.998867, 0.147472, -0.999246, 0.037010, -0.011701, 0.036407, 0.037513, 0.998231, -0.046135, 0.042499, 0.000000, 0.000000, 0.000000, 1.000000
-2.0707, 10.2471, -3.2499, 178.9920, 200.9920, -10.2471, 203.3233, 147.2185, 36.4574, 42.6313, 0.606900, 0.777953, 0.162672, 0.010247, -0.789431, 0.613757, 0.010030, -0.003250, -0.092038, -0.134505, 0.986629, 0.178992, 0.000000, 0.000000, 0.000000, 1.000000, -0.092038, -0.134505, 0.986629, 0.200992, -0.606900, -0.777953, -0.162672, -0.010247, 0.789431, -0.613757, -0.010030, 0.203323, 0.000000, 0.000000, 0.000000, 1.000000, 0.011784, -0.057140, -0.998297, 0.147219, -0.999230, 0.036705, -0.013896, 0.036457, 0.037436, 0.997691, -0.056663, 0.042631, 0.000000, 0.000000, 0.000000, 1.000000
-1.9505, 10.1027, -3.4240, 179.2420, 201.2420, -10.1027, 203.4974, 147.1853, 36.4183, 42.6761, 0.606840, 0.777011, 0.167331, 0.010103, -0.789618, 0.613409, 0.015217, -0.003424, -0.090819, -0.141362, 0.985783, 0.179242, 0.000000, 0.000000, 0.000000, 1.000000, -0.090819, -0.141362, 0.985783, 0.201242, -0.606840, -0.777011, -0.167331, -0.010103, 0.789618, -0.613409, -0.015217, 0.203497, 0.000000, 0.000000, 0.000000, 1.000000, 0.010535, -0.052318, -0.998575, 0.147185, -0.999257, 0.036466, -0.012453, 0.036418, 0.037066, 0.997964, -0.051895, 0.042676, 0.000000, 0.000000, 0.000000, 1.000000
-1.8292, 10.0049, -3.5383, 179.6906, 201.6906, -10.0049, 203.6117, 146.9471, 36.4152, 42.7555, 0.607979, 0.777273, 0.161892, 0.010005, -0.789344, 0.613691, 0.017908, -0.003538, -0.085432, -0.138677, 0.986646, 0.179691, 0.000000, 0.000000, 0.000000, 1.000000, -0.085432, -0.138677, 0.986646, 0.201691, -0.607979, -0.777273, -0.161892, -0.010005, 0.789344, -0.613691, -0.017908, 0.203612, 0.000000, 0.000000, 0.000000, 1.000000, 0.004945, -0.057124, -0.998355, 0.146947, -0.999300, 0.036739, -0.007051, 0.036415, 0.037081, 0.997691, -0.056903, 0.042756, 0.000000, 0.000000, 0.000000, 1.000000
-1.7115, 9.7941, -3.6493, 179.7525, 201.7525, -9.7941, 203.7227, 147.1048, 36.4520, 42.8146, 0.606088, 0.774602, 0.180691, 0.009794, -0.789070, 0.614143, 0.014001, -0.003649, -0.100125, -0.151064, 0.983440, 0.179753, 0.000000, 0.000000, 0.000000, 1.000000, -0.100125, -0.151064, 0.983440, 0.201753, -0.606088, -0.774602, -0.180691, -0.009794, 0.789070, -0.614143, -0.014001, 0.203723, 0.000000, 0.000000, 0.000000, 1.000000, 0.019596, -0.046551, -0.998724, 0.147105, -0.999059, 0.037748, -0.021362, 0.036452, 0.038694, 0.998202, -0.045767, 0.042815, 0.000000, 0.000000, 0.000000, 1.000000
