# Joint_B_Angle(deg), Cam_X(mm), Cam_Y(mm), Cam_Z(mm), Torso_X(mm), Torso_Y(mm), Torso_Z(mm), EE_X(mm), EE_Y(mm), EE_Z(mm), T_cam2marker_flat(16), T_torso2marker_flat(16), T_ee2marker_flat(16)
-9.7828, 5.5329, -0.7966, 122.9474, 191.9474, 3.4671, 257.8701, 104.2560, -1.5578, -7.1480, 0.603776, 0.786206, 0.131660, 0.005533, -0.790688, 0.611648, -0.026455, -0.000797, -0.101328, -0.088129, 0.990942, 0.122947, 0.000000, 0.000000, 0.000000, 1.000000, -0.101328, -0.088129, 0.990942, 0.191947, -0.603776, -0.786206, -0.131660, 0.003467, 0.790688, -0.611648, 0.026455, 0.257870, 0.000000, 0.000000, 0.000000, 1.000000, 0.027085, 0.001919, -0.999631, 0.104256, -0.998983, 0.036115, -0.026998, -0.001558, 0.036049, 0.999346, 0.002895, -0.007148, 0.000000, 0.000000, 0.000000, 1.000000
-9.5107, 5.5214, -0.8443, 123.8018, 192.8018, 3.4786, 257.9178, 105.5051, -1.5289, -6.9123, 0.603291, 0.786967, 0.129318, 0.005521, -0.791040, 0.611099, -0.028516, -0.000844, -0.101467, -0.085092, 0.991193, 0.123802, 0.000000, 0.000000, 0.000000, 1.000000, -0.101467, -0.085092, 0.991193, 0.192802, -0.603291, -0.786967, -0.129318, 0.003479, 0.791040, -0.611099, 0.028516, 0.257918, 0.000000, 0.000000, 0.000000, 1.000000, 0.027107, -0.005934, -0.999615, 0.105505, -0.998999, 0.035445, -0.027300, -0.001529, 0.035593, 0.999354, -0.004968, -0.006912, 0.000000, 0.000000, 0.000000, 1.000000
-9.2232, 5.4350, -1.1202, 125.7928, 194.7928, 3.5650, 258.1937, 105.7535, -1.5611, -6.9597, 0.603604, 0.785317, 0.137624, 0.005435, -0.790765, 0.611711, -0.022364, -0.001120, -0.101749, -0.095329, 0.990232, 0.125793, 0.000000, 0.000000, 0.000000, 1.000000, -0.101749, -0.095329, 0.990232, 0.194793, -0.603604, -0.785317, -0.137624, 0.003565, 0.790765, -0.611711, 0.022364, 0.258194, 0.000000, 0.000000, 0.000000, 1.000000, 0.027170, -0.000587, -0.999631, 0.105754, -0.998976, 0.036167, -0.027173, -0.001561, 0.036169, 0.999346, 0.000396, -0.006960, 0.000000, 0.000000, 0.000000, 1.000000
-8.9356, 5.3826, -1.2759, 127.7996, 196.7996, 3.6174, 258.3494, 105.9842, -1.5141, -6.9200, 0.603106, 0.785052, 0.141270, 0.005383, -0.790604, 0.611827, -0.024760, -0.001276, -0.105871, -0.096756, 0.989661, 0.127800, 0.000000, 0.000000, 0.000000, 1.000000, -0.105871, -0.096756, 0.989661, 0.196800, -0.603106, -0.785052, -0.141270, 0.003617, 0.790604, -0.611827, 0.024760, 0.258349, 0.000000, 0.000000, 0.000000, 1.000000, 0.031139, -0.004154, -0.999506, 0.105984, -0.998851, 0.036312, -0.031270, -0.001514, 0.036424, 0.999332, -0.003019, -0.006920, 0.000000, 0.000000, 0.000000, 1.000000
-8.6455, 5.4007, -1.4996, 130.2512, 199.2512, 3.5993, 258.5730, 105.7865, -1.5315, -6.9166, 0.603751, 0.785315, 0.136988, 0.005401, -0.790492, 0.611986, -0.024391, -0.001500, -0.102989, -0.093561, 0.990272, 0.130251, 0.000000, 0.000000, 0.000000, 1.000000, -0.102989, -0.093561, 0.990272, 0.199251, -0.603751, -0.785315, -0.136988, 0.003599, 0.790492, -0.611986, 0.024391, 0.258573, 0.000000, 0.000000, 0.000000, 1.000000, 0.028013, -0.012417, -0.999530, 0.105787, -0.998928, 0.036516, -0.028449, -0.001531, 0.036853, 0.999256, -0.011381, -0.006917, 0.000000, 0.000000, 0.000000, 1.000000
-8.3563, 5.4059, -1.7880, 132.6801, 201.6801, 3.5941, 258.8615, 105.6085, -1.5956, -6.9735, 0.604328, 0.784858, 0.137061, 0.005406, -0.791195, 0.611431, -0.012735, -0.001788, -0.093798, -0.100746, 0.990481, 0.132680, 0.000000, 0.000000, 0.000000, 1.000000, -0.093798, -0.100746, 0.990481, 0.201680, -0.604328, -0.784858, -0.137061, 0.003594, 0.791195, -0.611431, 0.012735, 0.258861, 0.000000, 0.000000, 0.000000, 1.000000, 0.018647, -0.010276, -0.999773, 0.105608, -0.999178, 0.035817, -0.019004, -0.001596, 0.036005, 0.999306, -0.009599, -0.006973, 0.000000, 0.000000, 0.000000, 1.000000
-8.0692, 5.4061, -1.9008, 134.7358, 203.7358, 3.5939, 258.9742, 105.7851, -1.5407, -6.9035, 0.604029, 0.785328, 0.135680, 0.005406, -0.790797, 0.611741, -0.020291, -0.001901, -0.098937, -0.095039, 0.990545, 0.134736, 0.000000, 0.000000, 0.000000, 1.000000, -0.098937, -0.095039, 0.990545, 0.203736, -0.604029, -0.785328, -0.135680, 0.003594, 0.790797, -0.611741, 0.020291, 0.258974, 0.000000, 0.000000, 0.000000, 1.000000, 0.023592, -0.021003, -0.999501, 0.105785, -0.999048, 0.036204, -0.024342, -0.001541, 0.036697, 0.999124, -0.020129, -0.006903, 0.000000, 0.000000, 0.000000, 1.000000
-7.8056, 5.4138, -2.1043, 136.8100, 205.8100, 3.5862, 259.1777, 105.7633, -1.5625, -6.9226, 0.604471, 0.784698, 0.137342, 0.005414, -0.790857, 0.611820, -0.014879, -0.002104, -0.095705, -0.099624, 0.990412, 0.136810, 0.000000, 0.000000, 0.000000, 1.000000, -0.095705, -0.099624, 0.990412, 0.205810, -0.604471, -0.784698, -0.137342, 0.003586, 0.790857, -0.611820, 0.014879, 0.259178, 0.000000, 0.000000, 0.000000, 1.000000, 0.020162, -0.020973, -0.999577, 0.105763, -0.999122, 0.036305, -0.020915, -0.001563, 0.036728, 0.999121, -0.020222, -0.006923, 0.000000, 0.000000, 0.000000, 1.000000
-7.5295, 5.4206, -2.2261, 138.9108, 207.9108, 3.5794, 259.2995, 105.8126, -1.5156, -6.8915, 0.604088, 0.785332, 0.135393, 0.005421, -0.790994, 0.611558, -0.018068, -0.002226, -0.096990, -0.096181, 0.990627, 0.138911, 0.000000, 0.000000, 0.000000, 1.000000, -0.096990, -0.096181, 0.990627, 0.207911, -0.604088, -0.785332, -0.135393, 0.003579, 0.790994, -0.611558, 0.018068, 0.259300, 0.000000, 0.000000, 0.000000, 1.000000, 0.021314, -0.029281, -0.999344, 0.105813, -0.999103, 0.035971, -0.022363, -0.001516, 0.036602, 0.998924, -0.028488, -0.006891, 0.000000, 0.000000, 0.000000, 1.000000
-7.2693, 5.4034, -2.4366, 140.9332, 209.9332, 3.5966, 259.5100, 105.8233, -1.5324, -6.9514, 0.604515, 0.783940, 0.141418, 0.005403, -0.790869, 0.611883, -0.011229, -0.002437, -0.095334, -0.105055, 0.989886, 0.140933, 0.000000, 0.000000, 0.000000, 1.000000, -0.095334, -0.105055, 0.989886, 0.209933, -0.604515, -0.783940, -0.141418, 0.003597, 0.790869, -0.611883, 0.011229, 0.259510, 0.000000, 0.000000, 0.000000, 1.000000, 0.019445, -0.024842, -0.999502, 0.105823, -0.999130, 0.036407, -0.020343, -0.001532, 0.036894, 0.999028, -0.024113, -0.006951, 0.000000, 0.000000, 0.000000, 1.000000
-7.0090, 5.4302, -2.6708, 142.9810, 211.9810, 3.5698, 259.7443, 105.8058, -1.5922, -7.0022, 0.605584, 0.782561, 0.144449, 0.005430, -0.791032, 0.611771, 0.001996, -0.002671, -0.086808, -0.115473, 0.989510, 0.142981, 0.000000, 0.000000, 0.000000, 1.000000, -0.086808, -0.115473, 0.989510, 0.211981, -0.605584, -0.782561, -0.144449, 0.003570, 0.791032, -0.611771, -0.001996, 0.259744, 0.000000, 0.000000, 0.000000, 1.000000, 0.010693, -0.018875, -0.999765, 0.105806, -0.999274, 0.036371, -0.011374, -0.001592, 0.036577, 0.999160, -0.018472, -0.007002, 0.000000, 0.000000, 0.000000, 1.000000
-6.7188, 5.4672, -2.7836, 145.0491, 214.0492, 3.5328, 259.8571, 105.9963, -1.5577, -6.9473, 0.605308, 0.782872, 0.143926, 0.005467, -0.790831, 0.612027, -0.003075, -0.002784, -0.090494, -0.111960, 0.989584, 0.145049, 0.000000, 0.000000, 0.000000, 1.000000, -0.090494, -0.111960, 0.989584, 0.214049, -0.605308, -0.782872, -0.143926, 0.003533, 0.790831, -0.612027, 0.003075, 0.259857, 0.000000, 0.000000, 0.000000, 1.000000, 0.014185, -0.027459, -0.999522, 0.105996, -0.999213, 0.036649, -0.015188, -0.001558, 0.037049, 0.998951, -0.026917, -0.006947, 0.000000, 0.000000, 0.000000, 1.000000
-6.4067, 5.5098, -2.9834, 147.4198, 216.4198, 3.4902, 260.0569, 106.0601, -1.5756, -6.9636, 0.605261, 0.782667, 0.145231, 0.005510, -0.791162, 0.611606, 0.001207, -0.002983, -0.087879, -0.115632, 0.989397, 0.147420, 0.000000, 0.000000, 0.000000, 1.000000, -0.087879, -0.115632, 0.989397, 0.216420, -0.605261, -0.782667, -0.145231, 0.003490, 0.791162, -0.611606, -0.001207, 0.260057, 0.000000, 0.000000, 0.000000, 1.000000, 0.011421, -0.029233, -0.999507, 0.106060, -0.999268, 0.036164, -0.012476, -0.001576, 0.036510, 0.998918, -0.028798, -0.006964, 0.000000, 0.000000, 0.000000, 1.000000
-6.1069, 5.5100, -3.1281, 149.8094, 218.8094, 3.4900, 260.2015, 106.0175, -1.5228, -7.0132, 0.604758, 0.781848, 0.151598, 0.005510, -0.791024, 0.611784, 0.000368, -0.003128, -0.092457, -0.120140, 0.988442, 0.149809, 0.000000, 0.000000, 0.000000, 1.000000, -0.092457, -0.120140, 0.988442, 0.218809, -0.604758, -0.781848, -0.151598, 0.003490, 0.791024, -0.611784, -0.000368, 0.260202, 0.000000, 0.000000, 0.000000, 1.000000, 0.015821, -0.029885, -0.999428, 0.106018, -0.999192, 0.036461, -0.016908, -0.001523, 0.036945, 0.998888, -0.029284, -0.007013, 0.000000, 0.000000, 0.000000, 1.000000
-5.7780, 5.5647, -3.2367, 151.9099, 220.9099, 3.4353, 260.3101, 106.4769, -1.4928, -6.9269, 0.604670, 0.781864, 0.151863, 0.005565, -0.791004, 0.611811, -0.000371, -0.003237, -0.093202, -0.119900, 0.988401, 0.151910, 0.000000, 0.000000, 0.000000, 1.000000, -0.093202, -0.119900, 0.988401, 0.220910, -0.604670, -0.781864, -0.151863, 0.003435, 0.791004, -0.611811, 0.000371, 0.260310, 0.000000, 0.000000, 0.000000, 1.000000, 0.016357, -0.035860, -0.999223, 0.106477, -0.999178, 0.036489, -0.017665, -0.001493, 0.037094, 0.998690, -0.035233, -0.006927, 0.000000, 0.000000, 0.000000, 1.000000
-5.4944, 5.6616, -3.4833, 154.6669, 223.6669, 3.3384, 260.5567, 105.9396, -1.5526, -7.0635, 0.605701, 0.780400, 0.155246, 0.005662, -0.791016, 0.611691, 0.011304, -0.003483, -0.086141, -0.129649, 0.987811, 0.154667, 0.000000, 0.000000, 0.000000, 1.000000, -0.086141, -0.129649, 0.987811, 0.223667, -0.605701, -0.780400, -0.155246, 0.003338, 0.791016, -0.611691, -0.011304, 0.260557, 0.000000, 0.000000, 0.000000, 1.000000, 0.009046, -0.030948, -0.999480, 0.105940, -0.999280, 0.036543, -0.010176, -0.001553, 0.036839, 0.998853, -0.030596, -0.007063, 0.000000, 0.000000, 0.000000, 1.000000
-5.1755, 5.6616, -3.6002, 156.5873, 225.5873, 3.3384, 260.6736, 106.5127, -1.5105, -7.0311, 0.604929, 0.778880, 0.165548, 0.005662, -0.790860, 0.611899, 0.010984, -0.003600, -0.092744, -0.137569, 0.986141, 0.156587, 0.000000, 0.000000, 0.000000, 1.000000, -0.092744, -0.137569, 0.986141, 0.225587, -0.604929, -0.778880, -0.165548, 0.003338, 0.790860, -0.611899, -0.010984, 0.260674, 0.000000, 0.000000, 0.000000, 1.000000, 0.015463, -0.028458, -0.999475, 0.106513, -0.999178, 0.037026, -0.016513, -0.001511, 0.037477, 0.998909, -0.027862, -0.007031, 0.000000, 0.000000, 0.000000, 1.000000
-4.7810, 5.8132, -3.7549, 159.4292, 228.4293, 3.1868, 260.8284, 106.7398, -1.5212, -6.9680, 0.605349, 0.779423, 0.161409, 0.005813, -0.791151, 0.611449, 0.014527, -0.003755, -0.087370, -0.136493, 0.986781, 0.159429, 0.000000, 0.000000, 0.000000, 1.000000, -0.087370, -0.136493, 0.986781, 0.228429, -0.605349, -0.779423, -0.161409, 0.003187, 0.791151, -0.611449, -0.014527, 0.260828, 0.000000, 0.000000, 0.000000, 1.000000, 0.009864, -0.036473, -0.999286, 0.106740, -0.999274, 0.036423, -0.011194, -0.001521, 0.036805, 0.998671, -0.036087, -0.006968, 0.000000, 0.000000, 0.000000, 1.000000
-4.4011, 5.9317, -3.8897, 162.1926, 231.1926, 3.0683, 260.9631, 106.9387, -1.5021, -6.9426, 0.605616, 0.778825, 0.163280, 0.005932, -0.790941, 0.611683, 0.015997, -0.003890, -0.087416, -0.138833, 0.986450, 0.162193, 0.000000, 0.000000, 0.000000, 1.000000, -0.087416, -0.138833, 0.986450, 0.231193, -0.605616, -0.778825, -0.163280, 0.003068, 0.790941, -0.611683, -0.015997, 0.260963, 0.000000, 0.000000, 0.000000, 1.000000, 0.009604, -0.040696, -0.999125, 0.106939, -0.999261, 0.036792, -0.011104, -0.001502, 0.037212, 0.998494, -0.040312, -0.006943, 0.000000, 0.000000, 0.000000, 1.000000
-4.1052, 6.0732, -4.0272, 165.3160, 234.3160, 2.9268, 261.1006, 106.1372, -1.4729, -7.0955, 0.605308, 0.778362, 0.166596, 0.006073, -0.791237, 0.611208, 0.019215, -0.004027, -0.086869, -0.143448, 0.985838, 0.165316, 0.000000, 0.000000, 0.000000, 1.000000, -0.086869, -0.143448, 0.985838, 0.234316, -0.605308, -0.778362, -0.166596, 0.002927, 0.791237, -0.611208, -0.019215, 0.261101, 0.000000, 0.000000, 0.000000, 1.000000, 0.008950, -0.041217, -0.999110, 0.106137, -0.999285, 0.036344, -0.010451, -0.001473, 0.036743, 0.998489, -0.040862, -0.007096, 0.000000, 0.000000, 0.000000, 1.000000
-3.8028, 6.1623, -4.1868, 167.6771, 236.6771, 2.8377, 261.2603, 106.1467, -1.4857, -7.1682, 0.605431, 0.777041, 0.172221, 0.006162, -0.791306, 0.610888, 0.025525, -0.004187, -0.085373, -0.151733, 0.984728, 0.167677, 0.000000, 0.000000, 0.000000, 1.000000, -0.085373, -0.151733, 0.984728, 0.236677, -0.605431, -0.777041, -0.172221, 0.002838, 0.791306, -0.610888, -0.025525, 0.261260, 0.000000, 0.000000, 0.000000, 1.000000, 0.007272, -0.038098, -0.999248, 0.106147, -0.999305, 0.036257, -0.008655, -0.001486, 0.036560, 0.998616, -0.037808, -0.007168, 0.000000, 0.000000, 0.000000, 1.000000
-3.4949, 6.3318, -4.2578, 170.1605, 239.1605, 2.6682, 261.3312, 106.0611, -1.4643, -7.1548, 0.605553, 0.777624, 0.169137, 0.006332, -0.791515, 0.610567, 0.026682, -0.004258, -0.082521, -0.150031, 0.985231, 0.170160, 0.000000, 0.000000, 0.000000, 1.000000, -0.082521, -0.150031, 0.985231, 0.239160, -0.605553, -0.777624, -0.169137, 0.002668, 0.791515, -0.610567, -0.026682, 0.261331, 0.000000, 0.000000, 0.000000, 1.000000, 0.004274, -0.045227, -0.998968, 0.106061, -0.999342, 0.035780, -0.005895, -0.001464, 0.036010, 0.998336, -0.045045, -0.007155, 0.000000, 0.000000, 0.000000, 1.000000
-3.2802, 6.4067, -4.3704, 172.1163, 241.1164, 2.5933, 261.4439, 105.7959, -1.4596, -7.2695, 0.605745, 0.775116, 0.179631, 0.006407, -0.791230, 0.610609, 0.033351, -0.004370, -0.083833, -0.162331, 0.983169, 0.172116, 0.000000, 0.000000, 0.000000, 1.000000, -0.083833, -0.162331, 0.983169, 0.241116, -0.605745, -0.775116, -0.179631, 0.002593, 0.791230, -0.610609, -0.033351, 0.261444, 0.000000, 0.000000, 0.000000, 1.000000, 0.005364, -0.036440, -0.999321, 0.105796, -0.999315, 0.036388, -0.006691, -0.001460, 0.036607, 0.998673, -0.036220, -0.007270, 0.000000, 0.000000, 0.000000, 1.000000
-3.0063, 6.5224, -4.3880, 173.8956, 242.8956, 2.4776, 261.4614, 106.1472, -1.4138, -7.1916, 0.605571, 0.775776, 0.177357, 0.006522, -0.791071, 0.611076, 0.028141, -0.004388, -0.086548, -0.157343, 0.983744, 0.173896, 0.000000, 0.000000, 0.000000, 1.000000, -0.086548, -0.157343, 0.983744, 0.242896, -0.605571, -0.775776, -0.177357, 0.002478, 0.791071, -0.611076, -0.028141, 0.261461, 0.000000, 0.000000, 0.000000, 1.000000, 0.007866, -0.046249, -0.998899, 0.106147, -0.999279, 0.036741, -0.009570, -0.001414, 0.037143, 0.998254, -0.045927, -0.007192, 0.000000, 0.000000, 0.000000, 1.000000
-2.7308, 6.6338, -4.5041, 175.8422, 244.8422, 2.3662, 261.5776, 106.3562, -1.4337, -7.2139, 0.605534, 0.774036, 0.184925, 0.006634, -0.791299, 0.610345, 0.036390, -0.004504, -0.084701, -0.168366, 0.982079, 0.175842, 0.000000, 0.000000, 0.000000, 1.000000, -0.084701, -0.168366, 0.982079, 0.244842, -0.605534, -0.774036, -0.184925, 0.002366, 0.791299, -0.610345, -0.036390, 0.261578, 0.000000, 0.000000, 0.000000, 1.000000, 0.005909, -0.039884, -0.999187, 0.106356, -0.999311, 0.036368, -0.007361, -0.001434, 0.036632, 0.998542, -0.039642, -0.007214, 0.000000, 0.000000, 0.000000, 1.000000
-2.4601, 6.8429, -4.5778, 178.4546, 247.4546, 2.1571, 261.6512, 105.8571, -1.4282, -7.2924, 0.606003, 0.775128, 0.178709, 0.006843, -0.791485, 0.609998, 0.038136, -0.004578, -0.079452, -0.164556, 0.983163, 0.178455, 0.000000, 0.000000, 0.000000, 1.000000, -0.079452, -0.164556, 0.983163, 0.247455, -0.606003, -0.775128, -0.178709, 0.002157, 0.791485, -0.609998, -0.038136, 0.261651, 0.000000, 0.000000, 0.000000, 1.000000, 0.000535, -0.048524, -0.998822, 0.105857, -0.999359, 0.035725, -0.002271, -0.001428, 0.035793, 0.998183, -0.048473, -0.007292, 0.000000, 0.000000, 0.000000, 1.000000
-2.2019, 6.9783, -4.6686, 180.4030, 249.4030, 2.0217, 261.7420, 105.9281, -1.4413, -7.3238, 0.606167, 0.772133, 0.190715, 0.006978, -0.791129, 0.610002, 0.044854, -0.004669, -0.081703, -0.178069, 0.980620, 0.180403, 0.000000, 0.000000, 0.000000, 1.000000, -0.081703, -0.178069, 0.980620, 0.249403, -0.606167, -0.772133, -0.190715, 0.002022, 0.791129, -0.610002, -0.044854, 0.261742, 0.000000, 0.000000, 0.000000, 1.000000, 0.002502, -0.039216, -0.999228, 0.105928, -0.999326, 0.036497, -0.003935, -0.001441, 0.036623, 0.998564, -0.039098, -0.007324, 0.000000, 0.000000, 0.000000, 1.000000
-1.9240, 7.1135, -4.7063, 182.1852, 251.1852, 1.8865, 261.7797, 106.3101, -1.4229, -7.2702, 0.606193, 0.772365, 0.189690, 0.007113, -0.791220, 0.609845, 0.045384, -0.004706, -0.080628, -0.177598, 0.980795, 0.182185, 0.000000, 0.000000, 0.000000, 1.000000, -0.080628, -0.177598, 0.980795, 0.251185, -0.606193, -0.772365, -0.189690, 0.001887, 0.791220, -0.609845, -0.045384, 0.261780, 0.000000, 0.000000, 0.000000, 1.000000, 0.001281, -0.044556, -0.999006, 0.106310, -0.999338, 0.036268, -0.002899, -0.001423, 0.036361, 0.998348, -0.044480, -0.007270, 0.000000, 0.000000, 0.000000, 1.000000
-1.6331, 7.2936, -4.7587, 184.5231, 253.5231, 1.7064, 261.8322, 106.2461, -1.4029, -7.3062, 0.605918, 0.771440, 0.194275, 0.007294, -0.791339, 0.609504, 0.047823, -0.004759, -0.081519, -0.182715, 0.979781, 0.184523, 0.000000, 0.000000, 0.000000, 1.000000, -0.081519, -0.182715, 0.979781, 0.253523, -0.605918, -0.771440, -0.194275, 0.001706, 0.791339, -0.609504, -0.047823, 0.261832, 0.000000, 0.000000, 0.000000, 1.000000, 0.002033, -0.044422, -0.999011, 0.106246, -0.999339, 0.036161, -0.003641, -0.001403, 0.036287, 0.998358, -0.044319, -0.007306, 0.000000, 0.000000, 0.000000, 1.000000
-1.3349, 7.4390, -4.8501, 186.4441, 255.4441, 1.5610, 261.9235, 106.6549, -1.4241, -7.2971, 0.606457, 0.769266, 0.201095, 0.007439, -0.791449, 0.608297, 0.059861, -0.004850, -0.076277, -0.195460, 0.977741, 0.186444, 0.000000, 0.000000, 0.000000, 1.000000, -0.076277, -0.195460, 0.977741, 0.255444, -0.606457, -0.769266, -0.201095, 0.001561, 0.791449, -0.608297, -0.059861, 0.261924, 0.000000, 0.000000, 0.000000, 1.000000, -0.003355, -0.036659, -0.999322, 0.106655, -0.999367, 0.035529, 0.002052, -0.001424, 0.035429, 0.998696, -0.036755, -0.007297, 0.000000, 0.000000, 0.000000, 1.000000
-1.0515, 7.6374, -4.8695, 188.9068, 257.9068, 1.3626, 261.9429, 106.4089, -1.3789, -7.3617, 0.605987, 0.769071, 0.203248, 0.007637, -0.791656, 0.608065, 0.059477, -0.004869, -0.077846, -0.196945, 0.977319, 0.188907, 0.000000, 0.000000, 0.000000, 1.000000, -0.077846, -0.196945, 0.977319, 0.257907, -0.605987, -0.769071, -0.203248, 0.001363, 0.791656, -0.608065, -0.059477, 0.261943, 0.000000, 0.000000, 0.000000, 1.000000, -0.001883, -0.040095, -0.999194, 0.106409, -0.999375, 0.035346, 0.000465, -0.001379, 0.035299, 0.998570, -0.040136, -0.007362, 0.000000, 0.000000, 0.000000, 1.000000
-0.7549, 7.8673, -4.9178, 191.3514, 260.3514, 1.1327, 261.9913, 106.2803, -1.3768, -7.4097, 0.606104, 0.768467, 0.205175, 0.007867, -0.791450, 0.608323, 0.059586, -0.004918, -0.079022, -0.198501, 0.976910, 0.191351, 0.000000, 0.000000, 0.000000, 1.000000, -0.079022, -0.198501, 0.976910, 0.260351, -0.606104, -0.768467, -0.205175, 0.001133, 0.791450, -0.608323, -0.059586, 0.261991, 0.000000, 0.000000, 0.000000, 1.000000, -0.000974, -0.043637, -0.999047, 0.106280, -0.999359, 0.035794, -0.000590, -0.001377, 0.035786, 0.998406, -0.043644, -0.007410, 0.000000, 0.000000, 0.000000, 1.000000
-0.4606, 8.0860, -4.9598, 193.3776, 262.3776, 0.9140, 262.0333, 106.5419, -1.3928, -7.3751, 0.607104, 0.766706, 0.208774, 0.008086, -0.791136, 0.607790, 0.068522, -0.004960, -0.074354, -0.206768, 0.975560, 0.193378, 0.000000, 0.000000, 0.000000, 1.000000, -0.074354, -0.206768, 0.975560, 0.262378, -0.607104, -0.766706, -0.208774, 0.000914, 0.791136, -0.607790, -0.068522, 0.262033, 0.000000, 0.000000, 0.000000, 1.000000, -0.005937, -0.040303, -0.999170, 0.106542, -0.999349, 0.035790, 0.004494, -0.001393, 0.035579, 0.998546, -0.040489, -0.007375, 0.000000, 0.000000, 0.000000, 1.000000
-0.1917, 8.3141, -4.9365, 195.8492, 264.8492, 0.6859, 262.0100, 106.1721, -1.3295, -7.4507, 0.606270, 0.766556, 0.211726, 0.008314, -0.791369, 0.607831, 0.065399, -0.004937, -0.078561, -0.207203, 0.975138, 0.195849, 0.000000, 0.000000, 0.000000, 1.000000, -0.078561, -0.207203, 0.975138, 0.264849, -0.606270, -0.766556, -0.211726, 0.000686, 0.791369, -0.607831, -0.065399, 0.262010, 0.000000, 0.000000, 0.000000, 1.000000, -0.001818, -0.044536, -0.999006, 0.106172, -0.999356, 0.035879, 0.000219, -0.001330, 0.035834, 0.998363, -0.044573, -0.007451, 0.000000, 0.000000, 0.000000, 1.000000
0.1028, 8.4536, -4.9987, 197.4350, 266.4350, 0.5464, 262.0722, 106.8861, -1.3476, -7.3955, 0.606781, 0.763805, 0.220043, 0.008454, -0.791111, 0.607198, 0.073854, -0.004999, -0.077200, -0.218891, 0.972691, 0.197435, 0.000000, 0.000000, 0.000000, 1.000000, -0.077200, -0.218891, 0.972691, 0.266435, -0.606781, -0.763805, -0.220043, 0.000546, 0.791111, -0.607198, -0.073854, 0.262072, 0.000000, 0.000000, 0.000000, 1.000000, -0.003467, -0.037658, -0.999285, 0.106886, -0.999345, 0.036122, 0.002106, -0.001348, 0.036017, 0.998638, -0.037758, -0.007395, 0.000000, 0.000000, 0.000000, 1.000000
0.3857, 8.7459, -4.9917, 199.8375, 268.8375, 0.2541, 262.0652, 106.6797, -1.3396, -7.4166, 0.606900, 0.763196, 0.221821, 0.008746, -0.791160, 0.606731, 0.077091, -0.004992, -0.075750, -0.222282, 0.972035, 0.199838, 0.000000, 0.000000, 0.000000, 1.000000, -0.075750, -0.222282, 0.972035, 0.268838, -0.606900, -0.763196, -0.221821, 0.000254, 0.791160, -0.606731, -0.077091, 0.262065, 0.000000, 0.000000, 0.000000, 1.000000, -0.005065, -0.039124, -0.999222, 0.106680, -0.999350, 0.035853, 0.003662, -0.001340, 0.035681, 0.998591, -0.039280, -0.007417, 0.000000, 0.000000, 0.000000, 1.000000
0.6714, 9.0117, -4.9644, 202.4494, 271.4494, -0.0117, 262.0378, 106.3017, -1.2847, -7.5116, 0.606018, 0.764780, 0.218758, 0.009012, -0.791742, 0.606461, 0.073144, -0.004964, -0.076729, -0.217526, 0.973034, 0.202449, 0.000000, 0.000000, 0.000000, 1.000000, -0.076729, -0.217526, 0.973034, 0.271449, -0.606018, -0.764780, -0.218758, -0.000012, 0.791742, -0.606461, -0.073144, 0.262038, 0.000000, 0.000000, 0.000000, 1.000000, -0.004016, -0.049056, -0.998788, 0.106302, -0.999383, 0.035056, 0.002297, -0.001285, 0.034901, 0.998181, -0.049166, -0.007512, 0.000000, 0.000000, 0.000000, 1.000000
0.9483, 9.2110, -5.0088, 204.1515, 273.1515, -0.2110, 262.0822, 106.7553, -1.3146, -7.4778, 0.606095, 0.760496, 0.233011, 0.009211, -0.791395, 0.605926, 0.080922, -0.005009, -0.079646, -0.233450, 0.969101, 0.204152, 0.000000, 0.000000, 0.000000, 1.000000, -0.079646, -0.233450, 0.969101, 0.273152, -0.606095, -0.760496, -0.233011, -0.000211, 0.791395, -0.605926, -0.080922, 0.262082, 0.000000, 0.000000, 0.000000, 1.000000, -0.001441, -0.037420, -0.999299, 0.106755, -0.999353, 0.035963, 0.000094, -0.001315, 0.035934, 0.998652, -0.037448, -0.007478, 0.000000, 0.000000, 0.000000, 1.000000
1.2162, 9.4786, -4.9625, 206.4077, 275.4077, -0.4786, 262.0360, 106.5831, -1.2708, -7.5105, 0.607060, 0.760744, 0.229667, 0.009479, -0.791107, 0.605843, 0.084286, -0.004963, -0.075022, -0.232858, 0.969613, 0.206408, 0.000000, 0.000000, 0.000000, 1.000000, -0.075022, -0.232858, 0.969613, 0.275408, -0.607060, -0.760744, -0.229667, -0.000479, 0.791107, -0.605843, -0.084286, 0.262036, 0.000000, 0.000000, 0.000000, 1.000000, -0.006327, -0.042714, -0.999067, 0.106583, -0.999348, 0.035795, 0.004798, -0.001271, 0.035556, 0.998446, -0.042913, -0.007510, 0.000000, 0.000000, 0.000000, 1.000000
1.4962, 9.7091, -4.9625, 208.4265, 277.4265, -0.7091, 262.0360, 106.7485, -1.2601, -7.5266, 0.606964, 0.759838, 0.232896, 0.009709, -0.791242, 0.605195, 0.087612, -0.004963, -0.074376, -0.237454, 0.968547, 0.208427, 0.000000, 0.000000, 0.000000, 1.000000, -0.074376, -0.237454, 0.968547, 0.277427, -0.606964, -0.759838, -0.232896, -0.000709, 0.791242, -0.605195, -0.087612, 0.262036, 0.000000, 0.000000, 0.000000, 1.000000, -0.007078, -0.042881, -0.999055, 0.106748, -0.999356, 0.035464, 0.005558, -0.001260, 0.035192, 0.998451, -0.043104, -0.007527, 0.000000, 0.000000, 0.000000, 1.000000
1.7784, 9.9105, -4.9441, 210.0112, 279.0112, -0.9105, 262.0175, 107.3534, -1.2485, -7.4365, 0.606145, 0.758054, 0.240710, 0.009910, -0.791805, 0.603698, 0.092698, -0.004944, -0.075046, -0.246784, 0.966160, 0.210011, 0.000000, 0.000000, 0.000000, 1.000000, -0.075046, -0.246784, 0.966160, 0.279011, -0.606145, -0.758054, -0.240710, -0.000910, 0.791805, -0.603698, -0.092698, 0.262018, 0.000000, 0.000000, 0.000000, 1.000000, -0.006325, -0.038230, -0.999249, 0.107353, -0.999388, 0.034613, 0.005002, -0.001248, 0.034396, 0.998669, -0.038425, -0.007437, 0.000000, 0.000000, 0.000000, 1.000000
2.0626, 10.2165, -4.8966, 212.4351, 281.4351, -1.2165, 261.9701, 107.1419, -1.2140, -7.4958, 0.605983, 0.757904, 0.241591, 0.010216, -0.791742, 0.604048, 0.090947, -0.004897, -0.077003, -0.246390, 0.966107, 0.212435, 0.000000, 0.000000, 0.000000, 1.000000, -0.077003, -0.246390, 0.966107, 0.281435, -0.605983, -0.757904, -0.241591, -0.001216, 0.791742, -0.604048, -0.090947, 0.261970, 0.000000, 0.000000, 0.000000, 1.000000, -0.004591, -0.043558, -0.999040, 0.107142, -0.999382, 0.035013, 0.003066, -0.001214, 0.034846, 0.998437, -0.043692, -0.007496, 0.000000, 0.000000, 0.000000, 1.000000
2.3578, 10.5278, -4.8768, 214.6803, 283.6803, -1.5278, 261.9503, 107.1891, -1.2178, -7.5123, 0.606963, 0.754682, 0.249100, 0.010528, -0.791322, 0.602903, 0.101578, -0.004877, -0.073524, -0.258772, 0.963136, 0.214680, 0.000000, 0.000000, 0.000000, 1.000000, -0.073524, -0.258772, 0.963136, 0.283680, -0.606963, -0.754682, -0.249100, -0.001528, 0.791322, -0.602903, -0.101578, 0.261950, 0.000000, 0.000000, 0.000000, 1.000000, -0.008409, -0.035866, -0.999321, 0.107189, -0.999360, 0.035062, 0.007151, -0.001218, 0.034782, 0.998741, -0.036138, -0.007512, 0.000000, 0.000000, 0.000000, 1.000000
2.6335, 10.8847, -4.8110, 217.1772, 286.1772, -1.8847, 261.8844, 106.8311, -1.1925, -7.5804, 0.606474, 0.754967, 0.249428, 0.010885, -0.791645, 0.602583, 0.100957, -0.004811, -0.074082, -0.258686, 0.963116, 0.217177, 0.000000, 0.000000, 0.000000, 1.000000, -0.074082, -0.258686, 0.963116, 0.286177, -0.606474, -0.754967, -0.249428, -0.001885, 0.791645, -0.602583, -0.100957, 0.261884, 0.000000, 0.000000, 0.000000, 1.000000, -0.007867, -0.040797, -0.999136, 0.106831, -0.999379, 0.034643, 0.006455, -0.001192, 0.034350, 0.998567, -0.041044, -0.007580, 0.000000, 0.000000, 0.000000, 1.000000
2.9028, 11.1770, -4.7704, 219.3148, 288.3148, -2.1770, 261.8438, 106.7885, -1.1760, -7.6248, 0.606990, 0.753924, 0.251319, 0.011177, -0.791369, 0.602383, 0.104260, -0.004770, -0.072787, -0.262171, 0.962273, 0.219315, 0.000000, 0.000000, 0.000000, 1.000000, -0.072787, -0.262171, 0.962273, 0.288315, -0.606990, -0.753924, -0.251319, -0.002177, 0.791369, -0.602383, -0.104260, 0.261844, 0.000000, 0.000000, 0.000000, 1.000000, -0.009442, -0.041855, -0.999079, 0.106788, -0.999361, 0.034835, 0.007985, -0.001176, 0.034469, 0.998516, -0.042157, -0.007625, 0.000000, 0.000000, 0.000000, 1.000000
3.1760, 11.5287, -4.7053, 221.7969, 290.7969, -2.5287, 261.7788, 106.4314, -1.1495, -7.7215, 0.606927, 0.753514, 0.252698, 0.011529, -0.791580, 0.601533, 0.107514, -0.004705, -0.070993, -0.265284, 0.961553, 0.221797, 0.000000, 0.000000, 0.000000, 1.000000, -0.070993, -0.265284, 0.961553, 0.290797, -0.606927, -0.753514, -0.252698, -0.002529, 0.791580, -0.601533, -0.107514, 0.261779, 0.000000, 0.000000, 0.000000, 1.000000, -0.011262, -0.043438, -0.998993, 0.106431, -0.999369, 0.034160, 0.009781, -0.001149, 0.033700, 0.998472, -0.043796, -0.007721, 0.000000, 0.000000, 0.000000, 1.000000
3.4685, 11.7133, -4.6744, 222.8923, 291.8923, -2.7133, 261.7479, 107.5922, -1.1530, -7.5172, 0.606294, 0.751084, 0.261304, 0.011713, -0.791471, 0.601870, 0.106423, -0.004674, -0.077339, -0.271338, 0.959372, 0.222892, 0.000000, 0.000000, 0.000000, 1.000000, -0.077339, -0.271338, 0.959372, 0.291892, -0.606294, -0.751084, -0.261304, -0.002713, 0.791471, -0.601870, -0.106423, 0.261748, 0.000000, 0.000000, 0.000000, 1.000000, -0.005253, -0.042127, -0.999098, 0.107592, -0.999366, 0.035407, 0.003761, -0.001153, 0.035217, 0.998485, -0.042286, -0.007517, 0.000000, 0.000000, 0.000000, 1.000000
3.7452, 12.1574, -4.5650, 225.7229, 294.7229, -3.1574, 261.6385, 106.9034, -1.1189, -7.6456, 0.606765, 0.749660, 0.264283, 0.012157, -0.791513, 0.600397, 0.114151, -0.004565, -0.073100, -0.278446, 0.957666, 0.225723, 0.000000, 0.000000, 0.000000, 1.000000, -0.073100, -0.278446, 0.957666, 0.294723, -0.606765, -0.749660, -0.264283, -0.003157, 0.791513, -0.600397, -0.114151, 0.261638, 0.000000, 0.000000, 0.000000, 1.000000, -0.009565, -0.039613, -0.999169, 0.106903, -0.999370, 0.034526, 0.008198, -0.001119, 0.034173, 0.998618, -0.039918, -0.007646, 0.000000, 0.000000, 0.000000, 1.000000
4.0220, 12.4598, -4.5011, 227.6970, 296.6970, -3.4598, 261.5745, 107.0757, -1.1010, -7.6469, 0.607086, 0.748096, 0.267954, 0.012460, -0.791269, 0.600116, 0.117277, -0.004501, -0.073069, -0.283221, 0.956267, 0.227697, 0.000000, 0.000000, 0.000000, 1.000000, -0.073069, -0.283221, 0.956267, 0.296697, -0.607086, -0.748096, -0.267954, -0.003460, 0.791269, -0.600116, -0.117277, 0.261575, 0.000000, 0.000000, 0.000000, 1.000000, -0.009889, -0.039419, -0.999174, 0.107076, -0.999356, 0.034862, 0.008516, -0.001101, 0.034498, 0.998614, -0.039739, -0.007647, 0.000000, 0.000000, 0.000000, 1.000000
4.2905, 12.7973, -4.4575, 229.6502, 298.6502, -3.7973, 261.5309, 107.1971, -1.1214, -7.6462, 0.607979, 0.745702, 0.272562, 0.012797, -0.790915, 0.598847, 0.125839, -0.004457, -0.069385, -0.292081, 0.953873, 0.229650, 0.000000, 0.000000, 0.000000, 1.000000, -0.069385, -0.292081, 0.953873, 0.298650, -0.607979, -0.745702, -0.272562, -0.003797, 0.790915, -0.598847, -0.125839, 0.261531, 0.000000, 0.000000, 0.000000, 1.000000, -0.013843, -0.034844, -0.999297, 0.107197, -0.999322, 0.034583, 0.012638, -0.001121, 0.034119, 0.998794, -0.035300, -0.007646, 0.000000, 0.000000, 0.000000, 1.000000
4.5635, 13.1445, -4.3192, 232.0802, 301.0802, -4.1445, 261.3926, 106.8908, -1.0365, -7.7454, 0.606923, 0.748068, 0.268398, 0.013145, -0.791424, 0.599780, 0.117950, -0.004319, -0.072745, -0.284003, 0.956060, 0.232080, 0.000000, 0.000000, 0.000000, 1.000000, -0.072745, -0.284003, 0.956060, 0.301080, -0.606923, -0.748068, -0.268398, -0.004145, 0.791424, -0.599780, -0.117950, 0.261393, 0.000000, 0.000000, 0.000000, 1.000000, -0.010447, -0.048064, -0.998790, 0.106891, -0.999364, 0.034548, 0.008790, -0.001037, 0.034084, 0.998247, -0.048395, -0.007745, 0.000000, 0.000000, 0.000000, 1.000000
4.8200, 13.4796, -4.2436, 234.0936, 303.0936, -4.4796, 261.3170, 106.8635, -1.0251, -7.7838, 0.606297, 0.746769, 0.273385, 0.013480, -0.791901, 0.598418, 0.121612, -0.004244, -0.072782, -0.290227, 0.954186, 0.234094, 0.000000, 0.000000, 0.000000, 1.000000, -0.072782, -0.290227, 0.954186, 0.303094, -0.606297, -0.746769, -0.273385, -0.004480, 0.791901, -0.598418, -0.121612, 0.261317, 0.000000, 0.000000, 0.000000, 1.000000, -0.010301, -0.046089, -0.998884, 0.106863, -0.999392, 0.033749, 0.008749, -0.001025, 0.033308, 0.998367, -0.046409, -0.007784, 0.000000, 0.000000, 0.000000, 1.000000
5.0883, 13.8237, -4.1481, 235.7784, 304.7783, -4.8237, 261.2215, 107.2314, -1.0264, -7.6855, 0.606213, 0.742548, 0.284831, 0.013824, -0.791393, 0.598684, 0.123588, -0.004148, -0.078754, -0.300334, 0.950577, 0.235778, 0.000000, 0.000000, 0.000000, 1.000000, -0.078754, -0.300334, 0.950577, 0.304778, -0.606213, -0.742548, -0.284831, -0.004824, 0.791393, -0.598684, -0.123588, 0.261222, 0.000000, 0.000000, 0.000000, 1.000000, -0.004905, -0.039988, -0.999188, 0.107231, -0.999357, 0.035686, 0.003478, -0.001026, 0.035518, 0.998563, -0.040138, -0.007686, 0.000000, 0.000000, 0.000000, 1.000000
5.3760, 14.2111, -4.0888, 237.7454, 306.7454, -5.2111, 261.1622, 107.4773, -1.0618, -7.6532, 0.607508, 0.740541, 0.287288, 0.014211, -0.791017, 0.596951, 0.133950, -0.004089, -0.072301, -0.308625, 0.948432, 0.237745, 0.000000, 0.000000, 0.000000, 1.000000, -0.072301, -0.308625, 0.948432, 0.306745, -0.607508, -0.740541, -0.287288, -0.005211, 0.791017, -0.596951, -0.133950, 0.261162, 0.000000, 0.000000, 0.000000, 1.000000, -0.011592, -0.036346, -0.999272, 0.107477, -0.999339, 0.034847, 0.010325, -0.001062, 0.034446, 0.998732, -0.036726, -0.007653, 0.000000, 0.000000, 0.000000, 1.000000
5.7009, 14.6028, -3.9312, 240.2254, 309.2254, -5.6028, 261.0046, 107.5171, -0.9834, -7.7009, 0.606561, 0.740726, 0.288806, 0.014603, -0.791445, 0.597062, 0.130884, -0.003931, -0.075486, -0.307963, 0.948399, 0.240225, 0.000000, 0.000000, 0.000000, 1.000000, -0.075486, -0.307963, 0.948399, 0.309225, -0.606561, -0.740726, -0.288806, -0.005603, 0.791445, -0.597062, -0.130884, 0.261005, 0.000000, 0.000000, 0.000000, 1.000000, -0.008441, -0.042705, -0.999052, 0.107517, -0.999367, 0.034877, 0.006953, -0.000983, 0.034547, 0.998479, -0.042972, -0.007701, 0.000000, 0.000000, 0.000000, 1.000000
5.9679, 15.0591, -3.8192, 242.4496, 311.4496, -6.0591, 260.8927, 107.3360, -0.9976, -7.7262, 0.606136, 0.738395, 0.295588, 0.015059, -0.791656, 0.595932, 0.134707, -0.003819, -0.076683, -0.315655, 0.945771, 0.242450, 0.000000, 0.000000, 0.000000, 1.000000, -0.076683, -0.315655, 0.945771, 0.311450, -0.606136, -0.738395, -0.295588, -0.006059, 0.791656, -0.595932, -0.134707, 0.260893, 0.000000, 0.000000, 0.000000, 1.000000, -0.007315, -0.039248, -0.999203, 0.107336, -0.999378, 0.034759, 0.005951, -0.000998, 0.034497, 0.998625, -0.039478, -0.007726, 0.000000, 0.000000, 0.000000, 1.000000
6.2426, 15.4253, -3.6954, 244.4182, 313.4182, -6.4253, 260.7688, 107.4836, -0.9683, -7.7209, 0.607229, 0.734959, 0.301842, 0.015425, -0.790986, 0.595024, 0.142434, -0.003695, -0.074920, -0.325243, 0.942658, 0.244418, 0.000000, 0.000000, 0.000000, 1.000000, -0.074920, -0.325243, 0.942658, 0.313418, -0.607229, -0.734959, -0.301842, -0.006425, 0.790986, -0.595024, -0.142434, 0.260769, 0.000000, 0.000000, 0.000000, 1.000000, -0.009587, -0.033834, -0.999382, 0.107484, -0.999341, 0.035323, 0.008391, -0.000968, 0.035018, 0.998803, -0.034150, -0.007721, 0.000000, 0.000000, 0.000000, 1.000000
6.5526, 15.8679, -3.5579, 246.7948, 315.7948, -6.8679, 260.6314, 107.4981, -0.9430, -7.7615, 0.607224, 0.737103, 0.296579, 0.015868, -0.791430, 0.594084, 0.143888, -0.003558, -0.070133, -0.322093, 0.944107, 0.246795, 0.000000, 0.000000, 0.000000, 1.000000, -0.070133, -0.322093, 0.944107, 0.315795, -0.607224, -0.737103, -0.296579, -0.006868, 0.791430, -0.594084, -0.143888, 0.260631, 0.000000, 0.000000, 0.000000, 1.000000, -0.014149, -0.042734, -0.998986, 0.107498, -0.999356, 0.033544, 0.012719, -0.000943, 0.032966, 0.998523, -0.043181, -0.007762, 0.000000, 0.000000, 0.000000, 1.000000
6.8424, 16.3498, -3.4040, 249.1027, 318.1027, -7.3498, 260.4775, 107.4065, -0.9320, -7.7781, 0.607341, 0.733872, 0.304251, 0.016350, -0.791293, 0.592874, 0.149517, -0.003404, -0.070656, -0.331559, 0.940785, 0.249103, 0.000000, 0.000000, 0.000000, 1.000000, -0.070656, -0.331559, 0.940785, 0.318103, -0.607341, -0.733872, -0.304251, -0.007350, 0.791293, -0.592874, -0.149517, 0.260477, 0.000000, 0.000000, 0.000000, 1.000000, -0.013893, -0.037719, -0.999192, 0.107407, -0.999351, 0.033754, 0.012621, -0.000932, 0.033250, 0.998718, -0.038164, -0.007778, 0.000000, 0.000000, 0.000000, 1.000000
7.1172, 16.8089, -3.2751, 251.2629, 320.2629, -7.8089, 260.3486, 107.3502, -0.9386, -7.8026, 0.607811, 0.731674, 0.308576, 0.016809, -0.790976, 0.592189, 0.153849, -0.003275, -0.070168, -0.337587, 0.938675, 0.251263, 0.000000, 0.000000, 0.000000, 1.000000, -0.070168, -0.337587, 0.938675, 0.320263, -0.607811, -0.731674, -0.308576, -0.007809, 0.790976, -0.592189, -0.153849, 0.260349, 0.000000, 0.000000, 0.000000, 1.000000, -0.014717, -0.036067, -0.999241, 0.107350, -0.999329, 0.034038, 0.013490, -0.000939, 0.033526, 0.998770, -0.036543, -0.007803, 0.000000, 0.000000, 0.000000, 1.000000
7.3884, 17.2023, -3.0859, 253.4546, 322.4546, -8.2023, 260.1593, 107.2527, -0.8559, -7.8691, 0.606838, 0.731953, 0.309826, 0.017202, -0.791610, 0.591603, 0.152838, -0.003086, -0.071424, -0.338009, 0.938429, 0.253455, 0.000000, 0.000000, 0.000000, 1.000000, -0.071424, -0.338009, 0.938429, 0.322455, -0.606838, -0.731953, -0.309826, -0.008202, 0.791610, -0.591603, -0.152838, 0.260159, 0.000000, 0.000000, 0.000000, 1.000000, -0.013273, -0.040405, -0.999095, 0.107253, -0.999372, 0.033370, 0.011927, -0.000856, 0.032858, 0.998626, -0.040823, -0.007869, 0.000000, 0.000000, 0.000000, 1.000000
7.6630, 17.5590, -2.9468, 255.3461, 324.3461, -8.5590, 260.0203, 107.4807, -0.8143, -7.8823, 0.606924, 0.732018, 0.309505, 0.017559, -0.791670, 0.591144, 0.154297, -0.002947, -0.070014, -0.338673, 0.938296, 0.255346, 0.000000, 0.000000, 0.000000, 1.000000, -0.070014, -0.338673, 0.938296, 0.324346, -0.606924, -0.732018, -0.309505, -0.008559, 0.791670, -0.591144, -0.154297, 0.260020, 0.000000, 0.000000, 0.000000, 1.000000, -0.014749, -0.044524, -0.998899, 0.107481, -0.999370, 0.032912, 0.013289, -0.000814, 0.032284, 0.998466, -0.044981, -0.007882, 0.000000, 0.000000, 0.000000, 1.000000
7.9794, 18.0849, -2.7928, 257.4897, 326.4897, -9.0849, 259.8662, 107.7389, -0.8403, -7.8124, 0.607011, 0.729431, 0.315387, 0.018085, -0.791481, 0.590558, 0.157477, -0.002793, -0.071386, -0.345214, 0.935805, 0.257490, 0.000000, 0.000000, 0.000000, 1.000000, -0.071386, -0.345214, 0.935805, 0.326490, -0.607011, -0.729431, -0.315387, -0.009085, 0.791481, -0.590558, -0.157477, 0.259866, 0.000000, 0.000000, 0.000000, 1.000000, -0.013730, -0.043006, -0.998980, 0.107739, -0.999364, 0.033466, 0.012294, -0.000840, 0.032903, 0.998514, -0.043438, -0.007812, 0.000000, 0.000000, 0.000000, 1.000000
8.2798, 18.6965, -2.5716, 260.1334, 329.1334, -9.6965, 259.6451, 107.3750, -0.8257, -7.8708, 0.607556, 0.726318, 0.321462, 0.018696, -0.791149, 0.589270, 0.163844, -0.002572, -0.070425, -0.353869, 0.932640, 0.260133, 0.000000, 0.000000, 0.000000, 1.000000, -0.070425, -0.353869, 0.932640, 0.329133, -0.607556, -0.726318, -0.321462, -0.009696, 0.791149, -0.589270, -0.163844, 0.259645, 0.000000, 0.000000, 0.000000, 1.000000, -0.015037, -0.038964, -0.999127, 0.107375, -0.999341, 0.033602, 0.013730, -0.000826, 0.033037, 0.998675, -0.039443, -0.007871, 0.000000, 0.000000, 0.000000, 1.000000
8.5649, 19.1295, -2.3827, 262.2967, 331.2966, -10.1295, 259.4561, 107.4053, -0.7682, -7.9231, 0.606540, 0.726817, 0.322253, 0.019129, -0.791833, 0.588683, 0.162646, -0.002383, -0.071490, -0.353822, 0.932577, 0.262297, 0.000000, 0.000000, 0.000000, 1.000000, -0.071490, -0.353822, 0.932577, 0.331297, -0.606540, -0.726817, -0.322253, -0.010129, 0.791833, -0.588683, -0.162646, 0.259456, 0.000000, 0.000000, 0.000000, 1.000000, -0.013736, -0.044052, -0.998935, 0.107405, -0.999385, 0.032839, 0.012294, -0.000768, 0.032263, 0.998489, -0.044476, -0.007923, 0.000000, 0.000000, 0.000000, 1.000000
8.8479, 19.5984, -2.2109, 264.4992, 333.4992, -10.5984, 259.2843, 107.3763, -0.7426, -7.9879, 0.606443, 0.725388, 0.325637, 0.019598, -0.791812, 0.588305, 0.164108, -0.002211, -0.072532, -0.357366, 0.931144, 0.264499, 0.000000, 0.000000, 0.000000, 1.000000, -0.072532, -0.357366, 0.931144, 0.333499, -0.606443, -0.725388, -0.325637, -0.010598, 0.791812, -0.588305, -0.164108, 0.259284, 0.000000, 0.000000, 0.000000, 1.000000, -0.012913, -0.045157, -0.998896, 0.107376, -0.999387, 0.033106, 0.011423, -0.000743, 0.032554, 0.998431, -0.045557, -0.007988, 0.000000, 0.000000, 0.000000, 1.000000
9.1272, 20.1434, -1.9920, 266.5223, 335.5223, -11.1434, 259.0655, 107.4474, -0.7356, -7.9145, 0.606788, 0.721846, 0.332785, 0.020143, -0.791484, 0.587269, 0.169316, -0.001992, -0.073214, -0.366133, 0.927678, 0.266522, 0.000000, 0.000000, 0.000000, 1.000000, -0.073214, -0.366133, 0.927678, 0.335522, -0.606788, -0.721846, -0.332785, -0.011143, 0.791484, -0.587269, -0.169316, 0.259065, 0.000000, 0.000000, 0.000000, 1.000000, -0.012637, -0.040537, -0.999098, 0.107447, -0.999369, 0.033687, 0.011274, -0.000736, 0.033199, 0.998610, -0.040937, -0.007915, 0.000000, 0.000000, 0.000000, 1.000000
