# Joint_4_Angle(deg), Cam_X(mm), Cam_Y(mm), Cam_Z(mm), Torso_X(mm), Torso_Y(mm), Torso_Z(mm), EE_X(mm), EE_Y(mm), EE_Z(mm), T_cam2marker_flat(16), T_torso2marker_flat(16), T_ee2marker_flat(16)
-9.8510, 20.8215, -17.5687, 196.9694, 218.9694, -20.8215, 217.6421, 134.9681, 43.0981, 43.2404, 0.637967, 0.765516, 0.083572, 0.020821, -0.763615, 0.614872, 0.197037, -0.017569, 0.099448, -0.189520, 0.976828, 0.196969, 0.000000, 0.000000, 0.000000, 1.000000, 0.099448, -0.189520, 0.976828, 0.218969, -0.637967, -0.765516, -0.083572, -0.020821, 0.763615, -0.614872, -0.197037, 0.217642, 0.000000, 0.000000, 0.000000, 1.000000, -0.012444, -0.045743, -0.998876, 0.134968, -0.999440, 0.031599, 0.011004, 0.043098, 0.031060, 0.998453, -0.046110, 0.043240, 0.000000, 0.000000, 0.000000, 1.000000
-9.6071, 20.7185, -17.4170, 197.0700, 219.0700, -20.7185, 217.4905, 135.0338, 42.6872, 43.2201, 0.637841, 0.765416, 0.085425, 0.020719, -0.763636, 0.614113, 0.199314, -0.017417, 0.100097, -0.192364, 0.976205, 0.197070, 0.000000, 0.000000, 0.000000, 1.000000, 0.100097, -0.192364, 0.976205, 0.219070, -0.637841, -0.765416, -0.085425, -0.020719, 0.763636, -0.614113, -0.199314, 0.217490, 0.000000, 0.000000, 0.000000, 1.000000, -0.017305, -0.042679, -0.998939, 0.135034, -0.999372, 0.031626, 0.015962, 0.042687, 0.030911, 0.998588, -0.043199, 0.043220, 0.000000, 0.000000, 0.000000, 1.000000
-9.4028, 20.4341, -17.0692, 196.9187, 218.9187, -20.4341, 217.1426, 135.2963, 42.6586, 43.2312, 0.637718, 0.764985, 0.090073, 0.020434, -0.764444, 0.614197, 0.195927, -0.017069, 0.094559, -0.193802, 0.976473, 0.196919, 0.000000, 0.000000, 0.000000, 1.000000, 0.094559, -0.193802, 0.976473, 0.218919, -0.637718, -0.764985, -0.090073, -0.020434, 0.764444, -0.614197, -0.195927, 0.217143, 0.000000, 0.000000, 0.000000, 1.000000, -0.015316, -0.041133, -0.999036, 0.135296, -0.999379, 0.032327, 0.013990, 0.042659, 0.031720, 0.998631, -0.041603, 0.043231, 0.000000, 0.000000, 0.000000, 1.000000
-9.2184, 20.2037, -16.7791, 196.9095, 218.9095, -20.2037, 216.8525, 135.4124, 42.5861, 43.2185, 0.636765, 0.766040, 0.087823, 0.020204, -0.765818, 0.615067, 0.187660, -0.016779, 0.089738, -0.186752, 0.978300, 0.196910, 0.000000, 0.000000, 0.000000, 1.000000, 0.089738, -0.186752, 0.978300, 0.218910, -0.636765, -0.766040, -0.087823, -0.020204, 0.765818, -0.615067, -0.187660, 0.216853, 0.000000, 0.000000, 0.000000, 1.000000, -0.013447, -0.048183, -0.998748, 0.135412, -0.999417, 0.031991, 0.011912, 0.042586, 0.031377, 0.998326, -0.048585, 0.043218, 0.000000, 0.000000, 0.000000, 1.000000
-8.9901, 19.9746, -16.5337, 196.8368, 218.8368, -19.9746, 216.6072, 135.6325, 42.3769, 43.1945, 0.635986, 0.766689, 0.087807, 0.019975, -0.765985, 0.613353, 0.192523, -0.016534, 0.093749, -0.189700, 0.977356, 0.196837, 0.000000, 0.000000, 0.000000, 1.000000, 0.093749, -0.189700, 0.977356, 0.218837, -0.635986, -0.766689, -0.087807, -0.019975, 0.765985, -0.613353, -0.192523, 0.216607, 0.000000, 0.000000, 0.000000, 1.000000, -0.021176, -0.044935, -0.998765, 0.135633, -0.999330, 0.030777, 0.019804, 0.042377, 0.029849, 0.998516, -0.045556, 0.043194, 0.000000, 0.000000, 0.000000, 1.000000
-8.8726, 19.7249, -16.2220, 196.7746, 218.7746, -19.7249, 216.2954, 135.7507, 42.4972, 43.1928, 0.636347, 0.765550, 0.094844, 0.019725, -0.766483, 0.613627, 0.189644, -0.016222, 0.086983, -0.193376, 0.977261, 0.196775, 0.000000, 0.000000, 0.000000, 1.000000, 0.086983, -0.193376, 0.977261, 0.218775, -0.636347, -0.765550, -0.094844, -0.019725, 0.766483, -0.613627, -0.189644, 0.216295, 0.000000, 0.000000, 0.000000, 1.000000, -0.016614, -0.041207, -0.999013, 0.135751, -0.999367, 0.032121, 0.015295, 0.042497, 0.031459, 0.998634, -0.041715, 0.043193, 0.000000, 0.000000, 0.000000, 1.000000
-8.6300, 19.6256, -16.0895, 196.7410, 218.7410, -19.6256, 216.1630, 135.9495, 42.0807, 43.1953, 0.635515, 0.766640, 0.091558, 0.019626, -0.767087, 0.613469, 0.187705, -0.016090, 0.087735, -0.189522, 0.977949, 0.196741, 0.000000, 0.000000, 0.000000, 1.000000, 0.087735, -0.189522, 0.977949, 0.218741, -0.635515, -0.766640, -0.091558, -0.019626, 0.767087, -0.613469, -0.187705, 0.216163, 0.000000, 0.000000, 0.000000, 1.000000, -0.021336, -0.044929, -0.998762, 0.135949, -0.999310, 0.031332, 0.019938, 0.042081, 0.030397, 0.998499, -0.045567, 0.043195, 0.000000, 0.000000, 0.000000, 1.000000
-8.3962, 19.3224, -15.7186, 196.7383, 218.7383, -19.3224, 215.7921, 136.0931, 41.9949, 43.1700, 0.635551, 0.765300, 0.101939, 0.019322, -0.768399, 0.614160, 0.179916, -0.015719, 0.075083, -0.192675, 0.978386, 0.196738, 0.000000, 0.000000, 0.000000, 1.000000, 0.075083, -0.192675, 0.978386, 0.218738, -0.635551, -0.765300, -0.101939, -0.019322, 0.768399, -0.614160, -0.179916, 0.215792, 0.000000, 0.000000, 0.000000, 1.000000, -0.012884, -0.041686, -0.999048, 0.136093, -0.999382, 0.033206, 0.011503, 0.041995, 0.032695, 0.998579, -0.042088, 0.043170, 0.000000, 0.000000, 0.000000, 1.000000
-8.2011, 19.0779, -15.4197, 196.7051, 218.7051, -19.0779, 215.4932, 136.2451, 41.9115, 43.1566, 0.634784, 0.765798, 0.102967, 0.019078, -0.769101, 0.613374, 0.179598, -0.015420, 0.074379, -0.193198, 0.978337, 0.196705, 0.000000, 0.000000, 0.000000, 1.000000, 0.074379, -0.193198, 0.978337, 0.218705, -0.634784, -0.765798, -0.102967, -0.019078, 0.769101, -0.613374, -0.179598, 0.215493, 0.000000, 0.000000, 0.000000, 1.000000, -0.015357, -0.040985, -0.999042, 0.136245, -0.999372, 0.032547, 0.014027, 0.041911, 0.031941, 0.998630, -0.041459, 0.043157, 0.000000, 0.000000, 0.000000, 1.000000
-8.0169, 18.8218, -15.0710, 196.6591, 218.6591, -18.8218, 215.1445, 136.3947, 41.9011, 43.1661, 0.634417, 0.765655, 0.106243, 0.018822, -0.769957, 0.613763, 0.174532, -0.015071, 0.068423, -0.192528, 0.978903, 0.196659, 0.000000, 0.000000, 0.000000, 1.000000, 0.068423, -0.192528, 0.978903, 0.218659, -0.634417, -0.765655, -0.106243, -0.018822, 0.769957, -0.613763, -0.174532, 0.215144, 0.000000, 0.000000, 0.000000, 1.000000, -0.012569, -0.041584, -0.999056, 0.136395, -0.999389, 0.033115, 0.011195, 0.041901, 0.032618, 0.998586, -0.041975, 0.043166, 0.000000, 0.000000, 0.000000, 1.000000
-7.6133, 18.6104, -14.8180, 196.6201, 218.6201, -18.6104, 214.8915, 136.7094, 41.2555, 43.1492, 0.633527, 0.766649, 0.104364, 0.018610, -0.770829, 0.613740, 0.170722, -0.014818, 0.066831, -0.188604, 0.979777, 0.196620, 0.000000, 0.000000, 0.000000, 1.000000, 0.066831, -0.188604, 0.979777, 0.218620, -0.633527, -0.766649, -0.104364, -0.018610, 0.770829, -0.613740, -0.170722, 0.214891, 0.000000, 0.000000, 0.000000, 1.000000, -0.017766, -0.045306, -0.998815, 0.136709, -0.999331, 0.032747, 0.016290, 0.041256, 0.031970, 0.998436, -0.045857, 0.043149, 0.000000, 0.000000, 0.000000, 1.000000
-7.4815, 18.2787, -14.3875, 196.5807, 218.5807, -18.2787, 214.4610, 136.8137, 41.4808, 43.1466, 0.632685, 0.766731, 0.108786, 0.018279, -0.772074, 0.613620, 0.165445, -0.014388, 0.060098, -0.188665, 0.980201, 0.196581, 0.000000, 0.000000, 0.000000, 1.000000, 0.060098, -0.188665, 0.980201, 0.218581, -0.632685, -0.766731, -0.108786, -0.018279, 0.772074, -0.613620, -0.165445, 0.214461, 0.000000, 0.000000, 0.000000, 1.000000, -0.013169, -0.045161, -0.998893, 0.136814, -0.999395, 0.032770, 0.011694, 0.041481, 0.032206, 0.998442, -0.045565, 0.043147, 0.000000, 0.000000, 0.000000, 1.000000
-7.0627, 18.0531, -14.1462, 196.5846, 218.5846, -18.0531, 214.2197, 137.1018, 40.7923, 43.1016, 0.632614, 0.765789, 0.115609, 0.018053, -0.772625, 0.613750, 0.162361, -0.014146, 0.053379, -0.192035, 0.979935, 0.196585, 0.000000, 0.000000, 0.000000, 1.000000, 0.053379, -0.192035, 0.979935, 0.218585, -0.632614, -0.765789, -0.115609, -0.018053, 0.772625, -0.613750, -0.162361, 0.214220, 0.000000, 0.000000, 0.000000, 1.000000, -0.013833, -0.041521, -0.999042, 0.137102, -0.999340, 0.034125, 0.012419, 0.040792, 0.033576, 0.998555, -0.041966, 0.043102, 0.000000, 0.000000, 0.000000, 1.000000
-6.8695, 17.5784, -13.5233, 196.4448, 218.4448, -17.5784, 213.5968, 137.3408, 41.1115, 43.1208, 0.631831, 0.765805, 0.119716, 0.017578, -0.773557, 0.613239, 0.159840, -0.013523, 0.048992, -0.193599, 0.979857, 0.196445, 0.000000, 0.000000, 0.000000, 1.000000, 0.048992, -0.193599, 0.979857, 0.218445, -0.631831, -0.765805, -0.119716, -0.017578, 0.773557, -0.613239, -0.159840, 0.213597, 0.000000, 0.000000, 0.000000, 1.000000, -0.012650, -0.039799, -0.999128, 0.137341, -0.999358, 0.034006, 0.011298, 0.041111, 0.033526, 0.998629, -0.040204, 0.043121, 0.000000, 0.000000, 0.000000, 1.000000
-6.5606, 17.3983, -13.2635, 196.4178, 218.4178, -17.3983, 213.3370, 137.5715, 40.6756, 43.1312, 0.631079, 0.766693, 0.117991, 0.017398, -0.774357, 0.613633, 0.154354, -0.013264, 0.045939, -0.188777, 0.980945, 0.196418, 0.000000, 0.000000, 0.000000, 1.000000, 0.045939, -0.188777, 0.980945, 0.218418, -0.631079, -0.766693, -0.117991, -0.017398, 0.774357, -0.613633, -0.154354, 0.213337, 0.000000, 0.000000, 0.000000, 1.000000, -0.014811, -0.044513, -0.998899, 0.137571, -0.999335, 0.033951, 0.013305, 0.040676, 0.033322, 0.998432, -0.044986, 0.043131, 0.000000, 0.000000, 0.000000, 1.000000
-6.3661, 17.1011, -12.8916, 196.4037, 218.4037, -17.1011, 212.9650, 137.7087, 40.6775, 43.1143, 0.629922, 0.767072, 0.121650, 0.017101, -0.775619, 0.613213, 0.149618, -0.012892, 0.040170, -0.188602, 0.981232, 0.196404, 0.000000, 0.000000, 0.000000, 1.000000, 0.040170, -0.188602, 0.981232, 0.218404, -0.629922, -0.767072, -0.121650, -0.017101, 0.775619, -0.613213, -0.149618, 0.212965, 0.000000, 0.000000, 0.000000, 1.000000, -0.012192, -0.044559, -0.998932, 0.137709, -0.999377, 0.033621, 0.010698, 0.040678, 0.033109, 0.998441, -0.044941, 0.043114, 0.000000, 0.000000, 0.000000, 1.000000
-6.1783, 16.8181, -12.5182, 196.3925, 218.3925, -16.8181, 212.5916, 137.8375, 40.6875, 43.1088, 0.629256, 0.767037, 0.125267, 0.016818, -0.776417, 0.613178, 0.145564, -0.012518, 0.034842, -0.188857, 0.981386, 0.196392, 0.000000, 0.000000, 0.000000, 1.000000, 0.034842, -0.188857, 0.981386, 0.218392, -0.629256, -0.767037, -0.125267, -0.016818, 0.776417, -0.613178, -0.145564, 0.212592, 0.000000, 0.000000, 0.000000, 1.000000, -0.010046, -0.044189, -0.998973, 0.137838, -0.999390, 0.033855, 0.008552, 0.040688, 0.033442, 0.998449, -0.044502, 0.043109, 0.000000, 0.000000, 0.000000, 1.000000
-5.7333, 16.6148, -12.2981, 196.3244, 218.3244, -16.6148, 212.3716, 138.2150, 39.8992, 43.0851, 0.629147, 0.765974, 0.132126, 0.016615, -0.776663, 0.612687, 0.146321, -0.012298, 0.031126, -0.194674, 0.980374, 0.196324, 0.000000, 0.000000, 0.000000, 1.000000, 0.031126, -0.194674, 0.980374, 0.218324, -0.629147, -0.765974, -0.132126, -0.016615, 0.776663, -0.612687, -0.146321, 0.212372, 0.000000, 0.000000, 0.000000, 1.000000, -0.014132, -0.038007, -0.999178, 0.138215, -0.999312, 0.034793, 0.012811, 0.039899, 0.034278, 0.998672, -0.038473, 0.043085, 0.000000, 0.000000, 0.000000, 1.000000
-5.4672, 16.1801, -11.7334, 196.3413, 218.3413, -16.1801, 211.8069, 138.3700, 39.9592, 43.0638, 0.627855, 0.767062, 0.131963, 0.016180, -0.777928, 0.613001, 0.138049, -0.011733, 0.024999, -0.189332, 0.981595, 0.196341, 0.000000, 0.000000, 0.000000, 1.000000, 0.024999, -0.189332, 0.981595, 0.218341, -0.627855, -0.767062, -0.131963, -0.016180, 0.777928, -0.613001, -0.138049, 0.211807, 0.000000, 0.000000, 0.000000, 1.000000, -0.012392, -0.043278, -0.998986, 0.138370, -0.999343, 0.034579, 0.010898, 0.039959, 0.034073, 0.998464, -0.043678, 0.043064, 0.000000, 0.000000, 0.000000, 1.000000
-5.1833, 15.8667, -11.3779, 196.2322, 218.2322, -15.8667, 211.4513, 138.6738, 39.7368, 43.0450, 0.627221, 0.766961, 0.135517, 0.015867, -0.778565, 0.612802, 0.135313, -0.011378, 0.020735, -0.190380, 0.981492, 0.196232, 0.000000, 0.000000, 0.000000, 1.000000, 0.020735, -0.190380, 0.981492, 0.218232, -0.627221, -0.766961, -0.135517, -0.015867, 0.778565, -0.612802, -0.135313, 0.211451, 0.000000, 0.000000, 0.000000, 1.000000, -0.012986, -0.042039, -0.999032, 0.138674, -0.999326, 0.034842, 0.011524, 0.039737, 0.034323, 0.998508, -0.042463, 0.043045, 0.000000, 0.000000, 0.000000, 1.000000
-5.0548, 15.5983, -10.9874, 196.1956, 218.1956, -15.5983, 211.0609, 138.7875, 39.8948, 43.0675, 0.626405, 0.767107, 0.138436, 0.015598, -0.779361, 0.613011, 0.129669, -0.010987, 0.014607, -0.189117, 0.981846, 0.196196, 0.000000, 0.000000, 0.000000, 1.000000, 0.014607, -0.189117, 0.981846, 0.218196, -0.626405, -0.767107, -0.138436, -0.015598, 0.779361, -0.613011, -0.129669, 0.211061, 0.000000, 0.000000, 0.000000, 1.000000, -0.009002, -0.043246, -0.999024, 0.138787, -0.999357, 0.035057, 0.007488, 0.039895, 0.034699, 0.998449, -0.043534, 0.043067, 0.000000, 0.000000, 0.000000, 1.000000
-4.7828, 15.3963, -10.7213, 196.2177, 218.2177, -15.3963, 210.7947, 138.9515, 39.5592, 43.0538, 0.625841, 0.766717, 0.143068, 0.015396, -0.779880, 0.612698, 0.128012, -0.010721, 0.010491, -0.191691, 0.981399, 0.196218, 0.000000, 0.000000, 0.000000, 1.000000, 0.010491, -0.191691, 0.981399, 0.218218, -0.625841, -0.766717, -0.143068, -0.015396, 0.779880, -0.612698, -0.128012, 0.210795, 0.000000, 0.000000, 0.000000, 1.000000, -0.009564, -0.040459, -0.999135, 0.138951, -0.999340, 0.035392, 0.008133, 0.039559, 0.035033, 0.998554, -0.040771, 0.043054, 0.000000, 0.000000, 0.000000, 1.000000
-4.4587, 15.1880, -10.4421, 196.1590, 218.1590, -15.1880, 210.5155, 139.2289, 39.1093, 43.0604, 0.625587, 0.766753, 0.143985, 0.015188, -0.780081, 0.612250, 0.128929, -0.010442, 0.010702, -0.192976, 0.981145, 0.196159, 0.000000, 0.000000, 0.000000, 1.000000, 0.010702, -0.192976, 0.981145, 0.218159, -0.625587, -0.766753, -0.143985, -0.015188, 0.780081, -0.612250, -0.128929, 0.210516, 0.000000, 0.000000, 0.000000, 1.000000, -0.015345, -0.038951, -0.999123, 0.139229, -0.999276, 0.035393, 0.013968, 0.039109, 0.034818, 0.998614, -0.039466, 0.043060, 0.000000, 0.000000, 0.000000, 1.000000
-4.2983, 14.8254, -10.0145, 196.0479, 218.0479, -14.8254, 210.0879, 139.4538, 39.2730, 43.0473, 0.624718, 0.766208, 0.150508, 0.014825, -0.780838, 0.611907, 0.125941, -0.010014, 0.004400, -0.196200, 0.980554, 0.196048, 0.000000, 0.000000, 0.000000, 1.000000, 0.004400, -0.196200, 0.980554, 0.218048, -0.624718, -0.766208, -0.150508, -0.014825, 0.780838, -0.611907, -0.125941, 0.210088, 0.000000, 0.000000, 0.000000, 1.000000, -0.011745, -0.035567, -0.999298, 0.139454, -0.999310, 0.035627, 0.010477, 0.039273, 0.035229, 0.998732, -0.035961, 0.043047, 0.000000, 0.000000, 0.000000, 1.000000
-3.9083, 14.5568, -9.6546, 196.0917, 218.0917, -14.5568, 209.7280, 139.6781, 38.7578, 43.0285, 0.623895, 0.766609, 0.151874, 0.014557, -0.781508, 0.611801, 0.122251, -0.009655, 0.000802, -0.194963, 0.980810, 0.196092, 0.000000, 0.000000, 0.000000, 1.000000, 0.000802, -0.194963, 0.980810, 0.218092, -0.623895, -0.766609, -0.151874, -0.014557, 0.781508, -0.611801, -0.122251, 0.209728, 0.000000, 0.000000, 0.000000, 1.000000, -0.014799, -0.036589, -0.999221, 0.139678, -0.999270, 0.035731, 0.013491, 0.038758, 0.035209, 0.998691, -0.037091, 0.043029, 0.000000, 0.000000, 0.000000, 1.000000
-3.7903, 14.2283, -9.2086, 196.1101, 218.1101, -14.2283, 209.2821, 139.7436, 39.0198, 43.0235, 0.622474, 0.767746, 0.151962, 0.014228, -0.782618, 0.612061, 0.113535, -0.009209, -0.005844, -0.189601, 0.981844, 0.196110, 0.000000, 0.000000, 0.000000, 1.000000, -0.005844, -0.189601, 0.981844, 0.218110, -0.622474, -0.767746, -0.151962, -0.014228, 0.782618, -0.612061, -0.113535, 0.209282, 0.000000, 0.000000, 0.000000, 1.000000, -0.009974, -0.041982, -0.999069, 0.139744, -0.999336, 0.035434, 0.008488, 0.039020, 0.035045, 0.998490, -0.042308, 0.043023, 0.000000, 0.000000, 0.000000, 1.000000
-3.4038, 14.0538, -9.0206, 196.1106, 218.1106, -14.0538, 209.0941, 140.0132, 38.3168, 42.9889, 0.621878, 0.767511, 0.155547, 0.014054, -0.783043, 0.612113, 0.110279, -0.009021, -0.010572, -0.190380, 0.981654, 0.196111, 0.000000, 0.000000, 0.000000, 1.000000, -0.010572, -0.190380, 0.981654, 0.218111, -0.621878, -0.767511, -0.155547, -0.014054, 0.783043, -0.612113, -0.110279, 0.209094, 0.000000, 0.000000, 0.000000, 1.000000, -0.011943, -0.040944, -0.999090, 0.140013, -0.999295, 0.036063, 0.010468, 0.038317, 0.035602, 0.998510, -0.041346, 0.042989, 0.000000, 0.000000, 0.000000, 1.000000
-3.2772, 13.7055, -8.5196, 196.0686, 218.0686, -13.7055, 208.5930, 140.1443, 38.6121, 43.0139, 0.621051, 0.767627, 0.158252, 0.013705, -0.783655, 0.611622, 0.108641, -0.008520, -0.013395, -0.191486, 0.981404, 0.196069, 0.000000, 0.000000, 0.000000, 1.000000, -0.013395, -0.191486, 0.981404, 0.218069, -0.621051, -0.767627, -0.158252, -0.013705, 0.783655, -0.611622, -0.108641, 0.208593, 0.000000, 0.000000, 0.000000, 1.000000, -0.011167, -0.039750, -0.999147, 0.140144, -0.999314, 0.035730, 0.009747, 0.038612, 0.035312, 0.998571, -0.040122, 0.043014, 0.000000, 0.000000, 0.000000, 1.000000
-2.8718, 13.4868, -8.2447, 196.1130, 218.1130, -13.4868, 208.3181, 140.3818, 37.9565, 42.9846, 0.619416, 0.768087, 0.162377, 0.013487, -0.784716, 0.611903, 0.098968, -0.008245, -0.023343, -0.188722, 0.981753, 0.196113, 0.000000, 0.000000, 0.000000, 1.000000, -0.023343, -0.188722, 0.981753, 0.218113, -0.619416, -0.768087, -0.162377, -0.013487, 0.784716, -0.611903, -0.098968, 0.208318, 0.000000, 0.000000, 0.000000, 1.000000, -0.008105, -0.042309, -0.999072, 0.140382, -0.999322, 0.036215, 0.006574, 0.037957, 0.035903, 0.998448, -0.042574, 0.042985, 0.000000, 0.000000, 0.000000, 1.000000
-2.5983, 13.1197, -7.7425, 196.0960, 218.0960, -13.1197, 207.8160, 140.5947, 37.8971, 42.9871, 0.618336, 0.768583, 0.164135, 0.013120, -0.785359, 0.612116, 0.092330, -0.007743, -0.029507, -0.185996, 0.982107, 0.196096, 0.000000, 0.000000, 0.000000, 1.000000, -0.029507, -0.185996, 0.982107, 0.218096, -0.618336, -0.768583, -0.164135, -0.013120, 0.785359, -0.612116, -0.092330, 0.207816, 0.000000, 0.000000, 0.000000, 1.000000, -0.006588, -0.044912, -0.998969, 0.140595, -0.999322, 0.036496, 0.004950, 0.037897, 0.036236, 0.998324, -0.045122, 0.042987, 0.000000, 0.000000, 0.000000, 1.000000
-2.4721, 12.8071, -7.3654, 196.0091, 218.0091, -12.8071, 207.4389, 140.7834, 38.0689, 42.9785, 0.617218, 0.768277, 0.169685, 0.012807, -0.786007, 0.611727, 0.089350, -0.007365, -0.035155, -0.188521, 0.981440, 0.196009, 0.000000, 0.000000, 0.000000, 1.000000, -0.035155, -0.188521, 0.981440, 0.218009, -0.617218, -0.768277, -0.169685, -0.012807, 0.786007, -0.611727, -0.089350, 0.207439, 0.000000, 0.000000, 0.000000, 1.000000, -0.002993, -0.042269, -0.999102, 0.140783, -0.999335, 0.036444, 0.001452, 0.038069, 0.036350, 0.998441, -0.042350, 0.042979, 0.000000, 0.000000, 0.000000, 1.000000
-2.0522, 12.6613, -7.1599, 196.0493, 218.0493, -12.6613, 207.2334, 141.0278, 37.2740, 42.9668, 0.617715, 0.768645, 0.166173, 0.012661, -0.785772, 0.611739, 0.091308, -0.007160, -0.031471, -0.186977, 0.981860, 0.196049, 0.000000, 0.000000, 0.000000, 1.000000, -0.031471, -0.186977, 0.981860, 0.218049, -0.617715, -0.768645, -0.166173, -0.012661, 0.785772, -0.611739, -0.091308, 0.207233, 0.000000, 0.000000, 0.000000, 1.000000, -0.014024, -0.043580, -0.998951, 0.141028, -0.999246, 0.036796, 0.012423, 0.037274, 0.036216, 0.998372, -0.044063, 0.042967, 0.000000, 0.000000, 0.000000, 1.000000
-1.9202, 12.2092, -6.6135, 195.9517, 217.9517, -12.2092, 206.6870, 141.2456, 37.6474, 42.9492, 0.616732, 0.766523, 0.179118, 0.012209, -0.786142, 0.611408, 0.090335, -0.006614, -0.040270, -0.196525, 0.979672, 0.195952, 0.000000, 0.000000, 0.000000, 1.000000, -0.040270, -0.196525, 0.979672, 0.217952, -0.616732, -0.766523, -0.179118, -0.012209, 0.786142, -0.611408, -0.090335, 0.206687, 0.000000, 0.000000, 0.000000, 1.000000, -0.007528, -0.033734, -0.999403, 0.141246, -0.999275, 0.037560, 0.006259, 0.037647, 0.037327, 0.998725, -0.033992, 0.042949, 0.000000, 0.000000, 0.000000, 1.000000
-1.6884, 12.0755, -6.4693, 195.9925, 217.9925, -12.0755, 206.5428, 141.3706, 37.2639, 42.9145, 0.615514, 0.766875, 0.181782, 0.012075, -0.786805, 0.611261, 0.085424, -0.006469, -0.045606, -0.195607, 0.979621, 0.195992, 0.000000, 0.000000, 0.000000, 1.000000, -0.045606, -0.195607, 0.979621, 0.217992, -0.615514, -0.766875, -0.181782, -0.012075, 0.786805, -0.611261, -0.085424, 0.206543, 0.000000, 0.000000, 0.000000, 1.000000, -0.006058, -0.034533, -0.999385, 0.141371, -0.999285, 0.037517, 0.004761, 0.037264, 0.037329, 0.998699, -0.034736, 0.042915, 0.000000, 0.000000, 0.000000, 1.000000
-1.5579, 11.8092, -6.0861, 195.9475, 217.9475, -11.8092, 206.1595, 141.5174, 37.4011, 42.9359, 0.614671, 0.767553, 0.181772, 0.011809, -0.787320, 0.611046, 0.082150, -0.006086, -0.048016, -0.193608, 0.979903, 0.195947, 0.000000, 0.000000, 0.000000, 1.000000, -0.048016, -0.193608, 0.979903, 0.217947, -0.614671, -0.767553, -0.181772, -0.011809, 0.787320, -0.611046, -0.082150, 0.206160, 0.000000, 0.000000, 0.000000, 1.000000, -0.005760, -0.036513, -0.999317, 0.141517, -0.999299, 0.037175, 0.004401, 0.037401, 0.036988, 0.998641, -0.036702, 0.042936, 0.000000, 0.000000, 0.000000, 1.000000
-1.2872, 11.6942, -5.9135, 195.9704, 217.9704, -11.6942, 205.9870, 141.6784, 36.9301, 42.9358, 0.614658, 0.767423, 0.182366, 0.011694, -0.787426, 0.610579, 0.084586, -0.005914, -0.046436, -0.195591, 0.979586, 0.195970, 0.000000, 0.000000, 0.000000, 1.000000, -0.046436, -0.195591, 0.979586, 0.217970, -0.614658, -0.767423, -0.182366, -0.011694, 0.787426, -0.610579, -0.084586, 0.205987, 0.000000, 0.000000, 0.000000, 1.000000, -0.012002, -0.034337, -0.999338, 0.141678, -0.999255, 0.037069, 0.010727, 0.036930, 0.036676, 0.998723, -0.034756, 0.042936, 0.000000, 0.000000, 0.000000, 1.000000
-1.0608, 11.3602, -5.4887, 196.0087, 218.0087, -11.3602, 205.5621, 141.8193, 36.9031, 42.9071, 0.612162, 0.768199, 0.187425, 0.011360, -0.788394, 0.611176, 0.069999, -0.005489, -0.060776, -0.190615, 0.979782, 0.196009, 0.000000, 0.000000, 0.000000, 1.000000, -0.060776, -0.190615, 0.979782, 0.218009, -0.612162, -0.768199, -0.187425, -0.011360, 0.788394, -0.611176, -0.069999, 0.205562, 0.000000, 0.000000, 0.000000, 1.000000, -0.001382, -0.039249, -0.999229, 0.141819, -0.999293, 0.037606, -0.000095, 0.036903, 0.037581, 0.998522, -0.039273, 0.042907, 0.000000, 0.000000, 0.000000, 1.000000
-0.8057, 11.1197, -5.1911, 195.8639, 217.8639, -11.1197, 205.2646, 142.1494, 36.6349, 42.9200, 0.611682, 0.767407, 0.192173, 0.011120, -0.788601, 0.610791, 0.071018, -0.005191, -0.062878, -0.194988, 0.978788, 0.195864, 0.000000, 0.000000, 0.000000, 1.000000, -0.062878, -0.194988, 0.978788, 0.217864, -0.611682, -0.767407, -0.192173, -0.011120, 0.788601, -0.610791, -0.071018, 0.205265, 0.000000, 0.000000, 0.000000, 1.000000, -0.003663, -0.034625, -0.999394, 0.142149, -0.999283, 0.037793, 0.002353, 0.036635, 0.037689, 0.998686, -0.034738, 0.042920, 0.000000, 0.000000, 0.000000, 1.000000
-0.6787, 10.8990, -4.8828, 195.9517, 217.9517, -10.8990, 204.9562, 142.1670, 36.6988, 42.9030, 0.610795, 0.767887, 0.193077, 0.010899, -0.789015, 0.610674, 0.067318, -0.004883, -0.066214, -0.193458, 0.978872, 0.195952, 0.000000, 0.000000, 0.000000, 1.000000, -0.066214, -0.193458, 0.978872, 0.217952, -0.610795, -0.767887, -0.193077, -0.010899, 0.789015, -0.610674, -0.067318, 0.204956, 0.000000, 0.000000, 0.000000, 1.000000, -0.002404, -0.036123, -0.999344, 0.142167, -0.999291, 0.037646, 0.001043, 0.036699, 0.037583, 0.998638, -0.036188, 0.042903, 0.000000, 0.000000, 0.000000, 1.000000
-0.2237, 10.7225, -4.6721, 195.8898, 217.8898, -10.7225, 204.7456, 142.5369, 35.8210, 42.8932, 0.610853, 0.766778, 0.197258, 0.010722, -0.788831, 0.610767, 0.068627, -0.004672, -0.067857, -0.197525, 0.977947, 0.195890, 0.000000, 0.000000, 0.000000, 1.000000, -0.067857, -0.197525, 0.977947, 0.217890, -0.610853, -0.766778, -0.197258, -0.010722, 0.788831, -0.610767, -0.068627, 0.204746, 0.000000, 0.000000, 0.000000, 1.000000, -0.008772, -0.031631, -0.999461, 0.142537, -0.999227, 0.038583, 0.007549, 0.035821, 0.038324, 0.998755, -0.031945, 0.042893, 0.000000, 0.000000, 0.000000, 1.000000
-0.0754, 10.2970, -4.0902, 195.9443, 217.9443, -10.2970, 204.1637, 142.6274, 36.1693, 42.8811, 0.609077, 0.768337, 0.196681, 0.010297, -0.789765, 0.610318, 0.061508, -0.004090, -0.072779, -0.192795, 0.978536, 0.195944, 0.000000, 0.000000, 0.000000, 1.000000, -0.072779, -0.192795, 0.978536, 0.217944, -0.609077, -0.768337, -0.196681, -0.010297, 0.789765, -0.610318, -0.061508, 0.204164, 0.000000, 0.000000, 0.000000, 1.000000, -0.006102, -0.036442, -0.999317, 0.142627, -0.999274, 0.037797, 0.004723, 0.036169, 0.037599, 0.998621, -0.036646, 0.042881, 0.000000, 0.000000, 0.000000, 1.000000
0.3023, 9.9748, -3.6933, 195.8670, 217.8670, -9.9748, 203.7668, 142.9832, 35.7171, 42.8696, 0.606999, 0.766848, 0.208559, 0.009975, -0.790255, 0.610171, 0.056464, -0.003693, -0.083958, -0.199089, 0.976378, 0.195867, 0.000000, 0.000000, 0.000000, 1.000000, -0.083958, -0.199089, 0.976378, 0.217867, -0.606999, -0.766848, -0.208559, -0.009975, 0.790255, -0.610171, -0.056464, 0.203767, 0.000000, 0.000000, 0.000000, 1.000000, -0.001327, -0.029730, -0.999557, 0.142983, -0.999260, 0.038468, 0.000182, 0.035717, 0.038446, 0.998817, -0.029759, 0.042870, 0.000000, 0.000000, 0.000000, 1.000000
0.4353, 9.7021, -3.3230, 195.8897, 217.8897, -9.7021, 203.3965, 143.0807, 35.8406, 42.8625, 0.605824, 0.767519, 0.209506, 0.009702, -0.790670, 0.610087, 0.051329, -0.003323, -0.088421, -0.196746, 0.976459, 0.195890, 0.000000, 0.000000, 0.000000, 1.000000, -0.088421, -0.196746, 0.976459, 0.217890, -0.605824, -0.767519, -0.209506, -0.009702, 0.790670, -0.610087, -0.051329, 0.203396, 0.000000, 0.000000, 0.000000, 1.000000, 0.000988, -0.032063, -0.999485, 0.143081, -0.999263, 0.038327, -0.002217, 0.035841, 0.038379, 0.998751, -0.032002, 0.042862, 0.000000, 0.000000, 0.000000, 1.000000
0.8875, 9.5006, -3.0777, 195.8640, 217.8639, -9.5006, 203.1511, 143.4159, 35.0068, 42.8449, 0.605078, 0.766970, 0.213627, 0.009501, -0.790904, 0.609836, 0.050709, -0.003078, -0.091385, -0.199642, 0.975598, 0.195864, 0.000000, 0.000000, 0.000000, 1.000000, -0.091385, -0.199642, 0.975598, 0.217864, -0.605078, -0.766970, -0.213627, -0.009501, 0.790904, -0.609836, -0.050709, 0.203151, 0.000000, 0.000000, 0.000000, 1.000000, -0.003831, -0.028806, -0.999578, 0.143416, -0.999249, 0.038647, 0.002716, 0.035007, 0.038552, 0.998838, -0.028933, 0.042845, 0.000000, 0.000000, 0.000000, 1.000000
1.1448, 9.0762, -2.4826, 196.0482, 218.0482, -9.0762, 202.5560, 143.4585, 35.0975, 42.8092, 0.604291, 0.767488, 0.213997, 0.009076, -0.791521, 0.609016, 0.050921, -0.002483, -0.091246, -0.200154, 0.975506, 0.196048, 0.000000, 0.000000, 0.000000, 1.000000, -0.091246, -0.200154, 0.975506, 0.218048, -0.604291, -0.767488, -0.213997, -0.009076, 0.791521, -0.609016, -0.050921, 0.202556, 0.000000, 0.000000, 0.000000, 1.000000, -0.008224, -0.028210, -0.999568, 0.143459, -0.999257, 0.037884, 0.007152, 0.035097, 0.037666, 0.998884, -0.028500, 0.042809, 0.000000, 0.000000, 0.000000, 1.000000
1.3926, 8.8380, -2.1735, 195.9004, 217.9004, -8.8380, 202.2469, 143.7920, 34.8416, 42.8311, 0.603836, 0.766509, 0.218738, 0.008838, -0.791338, 0.609411, 0.049010, -0.002173, -0.095735, -0.202690, 0.974552, 0.195900, 0.000000, 0.000000, 0.000000, 1.000000, -0.095735, -0.202690, 0.974552, 0.217900, -0.603836, -0.766509, -0.218738, -0.008838, 0.791338, -0.609411, -0.049010, 0.202247, 0.000000, 0.000000, 0.000000, 1.000000, -0.008098, -0.025375, -0.999645, 0.143792, -0.999223, 0.038760, 0.007111, 0.034842, 0.038566, 0.998926, -0.025669, 0.042831, 0.000000, 0.000000, 0.000000, 1.000000
1.5159, 8.5486, -1.8333, 195.9100, 217.9100, -8.5486, 201.9067, 143.9088, 34.9711, 42.7965, 0.603084, 0.766177, 0.221950, 0.008549, -0.791677, 0.608976, 0.048949, -0.001833, -0.097659, -0.205232, 0.973829, 0.195910, 0.000000, 0.000000, 0.000000, 1.000000, -0.097659, -0.205232, 0.973829, 0.217910, -0.603084, -0.766177, -0.221950, -0.008549, 0.791677, -0.608976, -0.048949, 0.201907, 0.000000, 0.000000, 0.000000, 1.000000, -0.008182, -0.022725, -0.999708, 0.143909, -0.999233, 0.038460, 0.007304, 0.034971, 0.038283, 0.999002, -0.023022, 0.042797, 0.000000, 0.000000, 0.000000, 1.000000
1.8907, 8.4086, -1.5923, 195.8731, 217.8731, -8.4086, 201.6658, 144.1925, 34.2875, 42.8284, 0.600955, 0.767137, 0.224396, 0.008409, -0.791775, 0.609758, 0.035889, -0.001592, -0.109296, -0.199239, 0.973837, 0.195873, 0.000000, 0.000000, 0.000000, 1.000000, -0.109296, -0.199239, 0.973837, 0.217873, -0.600955, -0.767137, -0.224396, -0.008409, 0.791775, -0.609758, -0.035889, 0.201666, 0.000000, 0.000000, 0.000000, 1.000000, -0.002926, -0.028548, -0.999588, 0.144193, -0.999218, 0.039488, 0.001797, 0.034288, 0.039420, 0.998812, -0.028642, 0.042828, 0.000000, 0.000000, 0.000000, 1.000000
2.0160, 8.0797, -1.1087, 196.0181, 218.0181, -8.0797, 201.1821, 144.1851, 34.5645, 42.8142, 0.600841, 0.767587, 0.223161, 0.008080, -0.792122, 0.609227, 0.037212, -0.001109, -0.107392, -0.199129, 0.974071, 0.196018, 0.000000, 0.000000, 0.000000, 1.000000, -0.107392, -0.199129, 0.974071, 0.218018, -0.600841, -0.767587, -0.223161, -0.008080, 0.792122, -0.609227, -0.037212, 0.201182, 0.000000, 0.000000, 0.000000, 1.000000, -0.006905, -0.028654, -0.999566, 0.144185, -0.999225, 0.038930, 0.005787, 0.034564, 0.038748, 0.998831, -0.028900, 0.042814, 0.000000, 0.000000, 0.000000, 1.000000
2.4161, 7.7982, -0.7994, 195.8043, 217.8043, -7.7982, 200.8729, 144.6872, 33.9301, 42.8151, 0.598796, 0.766520, 0.232144, 0.007798, -0.792749, 0.608508, 0.035587, -0.000799, -0.113983, -0.205341, 0.972030, 0.195804, 0.000000, 0.000000, 0.000000, 1.000000, -0.113983, -0.205341, 0.972030, 0.217804, -0.598796, -0.766520, -0.232144, -0.007798, 0.792749, -0.608508, -0.035587, 0.200873, 0.000000, 0.000000, 0.000000, 1.000000, -0.006966, -0.022076, -0.999732, 0.144687, -0.999235, 0.038637, 0.006109, 0.033930, 0.038492, 0.999009, -0.022328, 0.042815, 0.000000, 0.000000, 0.000000, 1.000000
2.6899, 7.5113, -0.3518, 196.0865, 218.0865, -7.5113, 200.4253, 144.6308, 33.7888, 42.7788, 0.598493, 0.767411, 0.229969, 0.007511, -0.792725, 0.608759, 0.031624, -0.000352, -0.115727, -0.201229, 0.972684, 0.196086, 0.000000, 0.000000, 0.000000, 1.000000, -0.115727, -0.201229, 0.972684, 0.218086, -0.598493, -0.767411, -0.229969, -0.007511, 0.792725, -0.608759, -0.031624, 0.200425, 0.000000, 0.000000, 0.000000, 1.000000, -0.009978, -0.026101, -0.999610, 0.144631, -0.999197, 0.039046, 0.008954, 0.033789, 0.038797, 0.998897, -0.026469, 0.042779, 0.000000, 0.000000, 0.000000, 1.000000
2.9586, 7.2369, 0.0258, 196.1261, 218.1261, -7.2369, 200.0476, 144.8067, 33.5682, 42.7682, 0.597161, 0.767529, 0.233022, 0.007237, -0.793109, 0.608412, 0.028494, 0.000026, -0.119903, -0.201827, 0.972054, 0.196126, 0.000000, 0.000000, 0.000000, 1.000000, -0.119903, -0.201827, 0.972054, 0.218126, -0.597161, -0.767529, -0.233022, -0.007237, 0.793109, -0.608412, -0.028494, 0.200048, 0.000000, 0.000000, 0.000000, 1.000000, -0.010273, -0.025358, -0.999626, 0.144807, -0.999201, 0.038870, 0.009282, 0.033568, 0.038620, 0.998922, -0.025737, 0.042768, 0.000000, 0.000000, 0.000000, 1.000000
3.2601, 6.9624, 0.3952, 196.1490, 218.1490, -6.9624, 199.6783, 145.0193, 33.2539, 42.7559, 0.596125, 0.767921, 0.234378, 0.006962, -0.793378, 0.608209, 0.025157, 0.000395, -0.123232, -0.200947, 0.971820, 0.196149, 0.000000, 0.000000, 0.000000, 1.000000, -0.123232, -0.200947, 0.971820, 0.218149, -0.596125, -0.767921, -0.234378, -0.006962, 0.793378, -0.608209, -0.025157, 0.199678, 0.000000, 0.000000, 0.000000, 1.000000, -0.012037, -0.026098, -0.999587, 0.145019, -0.999184, 0.038865, 0.011018, 0.033254, 0.038561, 0.998904, -0.026544, 0.042756, 0.000000, 0.000000, 0.000000, 1.000000
3.5194, 6.6251, 0.8649, 196.2026, 218.2026, -6.6251, 199.2086, 145.1926, 33.1679, 42.7458, 0.594224, 0.768630, 0.236865, 0.006625, -0.793435, 0.608442, 0.016093, 0.000865, -0.131749, -0.197500, 0.971409, 0.196203, 0.000000, 0.000000, 0.000000, 1.000000, -0.131749, -0.197500, 0.971409, 0.218203, -0.594224, -0.768630, -0.236865, -0.006625, 0.793435, -0.608442, -0.016093, 0.199209, 0.000000, 0.000000, 0.000000, 1.000000, -0.007842, -0.029438, -0.999536, 0.145193, -0.999203, 0.039342, 0.006681, 0.033168, 0.039127, 0.998792, -0.029723, 0.042746, 0.000000, 0.000000, 0.000000, 1.000000
3.6466, 6.3621, 1.2215, 196.2000, 218.2000, -6.3621, 198.8519, 145.3289, 33.2794, 42.7438, 0.592943, 0.768796, 0.239522, 0.006362, -0.793821, 0.607999, 0.013625, 0.001222, -0.135155, -0.198216, 0.970795, 0.196200, 0.000000, 0.000000, 0.000000, 1.000000, -0.135155, -0.198216, 0.970795, 0.218200, -0.592943, -0.768796, -0.239522, -0.006362, 0.793821, -0.607999, -0.013625, 0.198852, 0.000000, 0.000000, 0.000000, 1.000000, -0.006428, -0.028693, -0.999568, 0.145329, -0.999228, 0.038916, 0.005309, 0.033279, 0.038747, 0.998830, -0.028921, 0.042744, 0.000000, 0.000000, 0.000000, 1.000000
3.9052, 6.1693, 1.4909, 196.2099, 218.2100, -6.1693, 198.5826, 145.5136, 32.9430, 42.7416, 0.592046, 0.768702, 0.242029, 0.006169, -0.793690, 0.608246, 0.009674, 0.001491, -0.139777, -0.197824, 0.970221, 0.196210, 0.000000, 0.000000, 0.000000, 1.000000, -0.139777, -0.197824, 0.970221, 0.218210, -0.592046, -0.768702, -0.242029, -0.006169, 0.793690, -0.608246, -0.009674, 0.198583, 0.000000, 0.000000, 0.000000, 1.000000, -0.006247, -0.028875, -0.999563, 0.145514, -0.999208, 0.039471, 0.005105, 0.032943, 0.039307, 0.998803, -0.029099, 0.042742, 0.000000, 0.000000, 0.000000, 1.000000
4.1535, 5.9827, 1.7196, 196.1820, 218.1820, -5.9827, 198.3539, 145.7279, 32.5901, 42.7298, 0.590739, 0.768296, 0.246471, 0.005983, -0.794109, 0.607709, 0.008972, 0.001720, -0.142890, -0.201024, 0.969109, 0.196182, 0.000000, 0.000000, 0.000000, 1.000000, -0.142890, -0.201024, 0.969109, 0.218182, -0.590739, -0.768296, -0.246471, -0.005983, 0.794109, -0.607709, -0.008972, 0.198354, 0.000000, 0.000000, 0.000000, 1.000000, -0.007218, -0.025503, -0.999649, 0.145728, -0.999218, 0.039046, 0.006219, 0.032590, 0.038874, 0.998912, -0.025765, 0.042730, 0.000000, 0.000000, 0.000000, 1.000000
4.4264, 5.7001, 2.0918, 196.2667, 218.2667, -5.7001, 197.9817, 145.8716, 32.3597, 42.6989, 0.589785, 0.768720, 0.247434, 0.005700, -0.794274, 0.607532, 0.005774, 0.002092, -0.145886, -0.199936, 0.968888, 0.196267, 0.000000, 0.000000, 0.000000, 1.000000, -0.145886, -0.199936, 0.968888, 0.218267, -0.589785, -0.768720, -0.247434, -0.005700, 0.794274, -0.607532, -0.005774, 0.197982, 0.000000, 0.000000, 0.000000, 1.000000, -0.008831, -0.026477, -0.999610, 0.145872, -0.999206, 0.039071, 0.007793, 0.032360, 0.038849, 0.998886, -0.026801, 0.042699, 0.000000, 0.000000, 0.000000, 1.000000
4.6720, 5.4339, 2.4775, 196.3406, 218.3406, -5.4339, 197.5960, 146.0068, 32.1993, 42.6915, 0.588850, 0.768619, 0.249959, 0.005434, -0.794324, 0.607486, 0.003251, 0.002477, -0.149348, -0.200463, 0.968251, 0.196341, 0.000000, 0.000000, 0.000000, 1.000000, -0.149348, -0.200463, 0.968251, 0.218341, -0.588850, -0.768619, -0.249959, -0.005434, 0.794324, -0.607486, -0.003251, 0.197596, 0.000000, 0.000000, 0.000000, 1.000000, -0.009527, -0.025774, -0.999622, 0.146007, -0.999194, 0.039236, 0.008511, 0.032199, 0.039001, 0.998898, -0.026127, 0.042691, 0.000000, 0.000000, 0.000000, 1.000000
4.7944, 5.1713, 2.8341, 196.3253, 218.3253, -5.1713, 197.2394, 146.1591, 32.3180, 42.6926, 0.588023, 0.767887, 0.254123, 0.005171, -0.794286, 0.607540, 0.002110, 0.002834, -0.152770, -0.203087, 0.967170, 0.196325, 0.000000, 0.000000, 0.000000, 1.000000, -0.152770, -0.203087, 0.967170, 0.218325, -0.588023, -0.767887, -0.254123, -0.005171, 0.794286, -0.607540, -0.002110, 0.197239, 0.000000, 0.000000, 0.000000, 1.000000, -0.008144, -0.022966, -0.999703, 0.146159, -0.999197, 0.039400, 0.007235, 0.032318, 0.039222, 0.998960, -0.023269, 0.042693, 0.000000, 0.000000, 0.000000, 1.000000
5.0194, 5.0945, 2.9926, 196.4607, 218.4607, -5.0945, 197.0808, 146.1751, 31.9287, 42.6889, 0.588215, 0.767780, 0.254000, 0.005094, -0.794419, 0.607358, 0.003825, 0.002993, -0.151333, -0.204032, 0.967197, 0.196461, 0.000000, 0.000000, 0.000000, 1.000000, -0.151333, -0.204032, 0.967197, 0.218461, -0.588215, -0.767780, -0.254000, -0.005094, 0.794419, -0.607358, -0.003825, 0.197081, 0.000000, 0.000000, 0.000000, 1.000000, -0.013500, -0.021873, -0.999670, 0.146175, -0.999145, 0.039356, 0.012631, 0.031929, 0.039067, 0.998986, -0.022385, 0.042689, 0.000000, 0.000000, 0.000000, 1.000000
5.1354, 4.8329, 3.2632, 196.3320, 218.3320, -4.8329, 196.8103, 146.4349, 31.9742, 42.6676, 0.586170, 0.768129, 0.257649, 0.004833, -0.794573, 0.607164, -0.002426, 0.003263, -0.158298, -0.203299, 0.966236, 0.196332, 0.000000, 0.000000, 0.000000, 1.000000, -0.158298, -0.203299, 0.966236, 0.218332, -0.586170, -0.768129, -0.257649, -0.004833, 0.794573, -0.607164, 0.002426, 0.196810, 0.000000, 0.000000, 0.000000, 1.000000, -0.008262, -0.022594, -0.999711, 0.146435, -0.999204, 0.039217, 0.007371, 0.031974, 0.039039, 0.998975, -0.022900, 0.042668, 0.000000, 0.000000, 0.000000, 1.000000
5.3119, 4.7502, 3.4821, 196.5174, 218.5174, -4.7502, 196.5913, 146.3775, 31.7711, 42.6833, 0.585736, 0.768764, 0.256740, 0.004750, -0.794627, 0.607079, -0.004904, 0.003482, -0.159631, -0.201140, 0.966468, 0.196517, 0.000000, 0.000000, 0.000000, 1.000000, -0.159631, -0.201140, 0.966468, 0.218517, -0.585736, -0.768764, -0.256740, -0.004750, 0.794627, -0.607079, 0.004904, 0.196591, 0.000000, 0.000000, 0.000000, 1.000000, -0.009936, -0.024723, -0.999645, 0.146378, -0.999188, 0.039292, 0.008960, 0.031771, 0.039057, 0.998922, -0.025094, 0.042683, 0.000000, 0.000000, 0.000000, 1.000000
5.4943, 4.5108, 3.8033, 196.5551, 218.5551, -4.5108, 196.2701, 146.5097, 31.6993, 42.6689, 0.584825, 0.768647, 0.259156, 0.004511, -0.794520, 0.607186, -0.007933, 0.003803, -0.163454, -0.201265, 0.965803, 0.196555, 0.000000, 0.000000, 0.000000, 1.000000, -0.163454, -0.201265, 0.965803, 0.218555, -0.584825, -0.768647, -0.259156, -0.004511, 0.794520, -0.607186, 0.007933, 0.196270, 0.000000, 0.000000, 0.000000, 1.000000, -0.009192, -0.024444, -0.999659, 0.146510, -0.999182, 0.039586, 0.008219, 0.031699, 0.039372, 0.998917, -0.024788, 0.042669, 0.000000, 0.000000, 0.000000, 1.000000
5.7553, 4.3731, 4.0079, 196.5835, 218.5835, -4.3731, 196.0656, 146.6655, 31.2696, 42.6683, 0.585276, 0.768270, 0.259256, 0.004373, -0.795080, 0.606500, -0.002373, 0.004008, -0.159062, -0.204741, 0.965806, 0.196584, 0.000000, 0.000000, 0.000000, 1.000000, -0.159062, -0.204741, 0.965806, 0.218584, -0.585276, -0.768270, -0.259256, -0.004373, 0.795080, -0.606500, 0.002373, 0.196066, 0.000000, 0.000000, 0.000000, 1.000000, -0.018082, -0.020828, -0.999620, 0.146665, -0.999095, 0.038881, 0.017262, 0.031270, 0.038507, 0.999027, -0.021512, 0.042668, 0.000000, 0.000000, 0.000000, 1.000000
6.0007, 4.0768, 4.3473, 196.3852, 218.3852, -4.0768, 195.7261, 147.0758, 31.0383, 42.6736, 0.581616, 0.768268, 0.267372, 0.004077, -0.794801, 0.606700, -0.014357, 0.004347, -0.173245, -0.204157, 0.963487, 0.196385, 0.000000, 0.000000, 0.000000, 1.000000, -0.173245, -0.204157, 0.963487, 0.218385, -0.581616, -0.768268, -0.267372, -0.004077, 0.794801, -0.606700, 0.014357, 0.195726, 0.000000, 0.000000, 0.000000, 1.000000, -0.007722, -0.021218, -0.999745, 0.147076, -0.999202, 0.039347, 0.006883, 0.031038, 0.039191, 0.999000, -0.021505, 0.042674, 0.000000, 0.000000, 0.000000, 1.000000
6.2495, 3.8675, 4.6437, 196.4675, 218.4675, -3.8675, 195.4297, 147.1945, 30.7619, 42.6572, 0.581154, 0.768010, 0.269111, 0.003868, -0.795011, 0.606437, -0.013846, 0.004644, -0.173832, -0.205899, 0.963010, 0.196468, 0.000000, 0.000000, 0.000000, 1.000000, -0.173832, -0.205899, 0.963010, 0.218468, -0.581154, -0.768010, -0.269111, -0.003868, 0.795011, -0.606437, 0.013846, 0.195430, 0.000000, 0.000000, 0.000000, 1.000000, -0.011364, -0.019307, -0.999749, 0.147194, -0.999176, 0.039173, 0.010601, 0.030762, 0.038958, 0.999046, -0.019737, 0.042657, 0.000000, 0.000000, 0.000000, 1.000000
