# Joint_B_Angle(deg), Cam_X(mm), Cam_Y(mm), Cam_Z(mm), Torso_X(mm), Torso_Y(mm), Torso_Z(mm), EE_X(mm), EE_Y(mm), EE_Z(mm), T_cam2marker_flat(16), T_torso2marker_flat(16), T_ee2marker_flat(16)
-19.5807, 30.7618, 15.2388, 153.0682, 222.0682, -21.7618, 241.8347, 102.3620, -0.9603, -9.2340, 0.609776, 0.789091, -0.074219, 0.030762, -0.791247, 0.600663, -0.114597, 0.015239, -0.045846, 0.128604, 0.990636, 0.153068, 0.000000, 0.000000, 0.000000, 1.000000, -0.045846, 0.128604, 0.990636, 0.222068, -0.609776, -0.789091, 0.074219, -0.021762, 0.791247, -0.600663, 0.114597, 0.241835, 0.000000, 0.000000, 0.000000, 1.000000, -0.022302, -0.044728, -0.998750, 0.102362, -0.998954, 0.040892, 0.020475, -0.000960, 0.039925, 0.998162, -0.045593, -0.009234, 0.000000, 0.000000, 0.000000, 1.000000
-18.9131, 30.4366, 14.8909, 153.5910, 222.5910, -21.4366, 242.1826, 103.3594, -1.0178, -8.4608, 0.609726, 0.789403, -0.071255, 0.030437, -0.791542, 0.601765, -0.106495, 0.014891, -0.041189, 0.121334, 0.991757, 0.153591, 0.000000, 0.000000, 0.000000, 1.000000, -0.041189, 0.121334, 0.991757, 0.222591, -0.609726, -0.789403, 0.071255, -0.021437, 0.791542, -0.601765, 0.106495, 0.242183, 0.000000, 0.000000, 0.000000, 1.000000, -0.027431, -0.049007, -0.998422, 0.103359, -0.998832, 0.041088, 0.025425, -0.001018, 0.039777, 0.997953, -0.050077, -0.008461, 0.000000, 0.000000, 0.000000, 1.000000
-18.2897, 29.4929, 14.1768, 154.8969, 223.8969, -20.4929, 242.8967, 103.4327, -0.9591, -8.4321, 0.609730, 0.790177, -0.062046, 0.029493, -0.791296, 0.602347, -0.105022, 0.014177, -0.045612, 0.113132, 0.992532, 0.154897, 0.000000, 0.000000, 0.000000, 1.000000, -0.045612, 0.113132, 0.992532, 0.223897, -0.609730, -0.790177, 0.062046, -0.020493, 0.791296, -0.602347, 0.105022, 0.242897, 0.000000, 0.000000, 0.000000, 1.000000, -0.023436, -0.051636, -0.998391, 0.103433, -0.998950, 0.040528, 0.021353, -0.000959, 0.039361, 0.997843, -0.052531, -0.008432, 0.000000, 0.000000, 0.000000, 1.000000
-17.7040, 28.5832, 13.4073, 156.1570, 225.1570, -19.5832, 243.6662, 103.4706, -0.9685, -8.4920, 0.609713, 0.790874, -0.052616, 0.028583, -0.791371, 0.603677, -0.096472, 0.013407, -0.044534, 0.100459, 0.993944, 0.156157, 0.000000, 0.000000, 0.000000, 1.000000, -0.044534, 0.100459, 0.993944, 0.225157, -0.609713, -0.790874, 0.052616, -0.019583, 0.791371, -0.603677, 0.096472, 0.243666, 0.000000, 0.000000, 0.000000, 1.000000, -0.024918, -0.049093, -0.998483, 0.103471, -0.998924, 0.040302, 0.022948, -0.000968, 0.039114, 0.997981, -0.050045, -0.008492, 0.000000, 0.000000, 0.000000, 1.000000
-17.1140, 27.6781, 12.6465, 157.4864, 226.4864, -18.6781, 244.4269, 103.4625, -0.9685, -8.5456, 0.609784, 0.791358, -0.043772, 0.027678, -0.791395, 0.604949, -0.087917, 0.012647, -0.043094, 0.088251, 0.995166, 0.157486, 0.000000, 0.000000, 0.000000, 1.000000, -0.043094, 0.088251, 0.995166, 0.226486, -0.609784, -0.791358, 0.043772, -0.018678, 0.791395, -0.604949, 0.087917, 0.244427, 0.000000, 0.000000, 0.000000, 1.000000, -0.026759, -0.047102, -0.998532, 0.103463, -0.998883, 0.040185, 0.024873, -0.000968, 0.038955, 0.998081, -0.048124, -0.008546, 0.000000, 0.000000, 0.000000, 1.000000
-16.5428, 26.7586, 11.8748, 158.7808, 227.7808, -17.7586, 245.1987, 103.4571, -0.9716, -8.6665, 0.609765, 0.791786, -0.035510, 0.026759, -0.791258, 0.605547, -0.084988, 0.011875, -0.045789, 0.079920, 0.995749, 0.158781, 0.000000, 0.000000, 0.000000, 1.000000, -0.045789, 0.079920, 0.995749, 0.227781, -0.609765, -0.791786, 0.035510, -0.017759, 0.791258, -0.605547, 0.084988, 0.245199, 0.000000, 0.000000, 0.000000, 1.000000, -0.024449, -0.048707, -0.998514, 0.103457, -0.998953, 0.039829, 0.022517, -0.000972, 0.038673, 0.998019, -0.049630, -0.008666, 0.000000, 0.000000, 0.000000, 1.000000
-15.9287, 26.0133, 11.2220, 159.9200, 228.9200, -17.0133, 245.8515, 103.7230, -0.9898, -8.5150, 0.609930, 0.791889, -0.029970, 0.026013, -0.791331, 0.606615, -0.076243, 0.011222, -0.042196, 0.070220, 0.996639, 0.159920, 0.000000, 0.000000, 0.000000, 1.000000, -0.042196, 0.070220, 0.996639, 0.228920, -0.609930, -0.791889, 0.029970, -0.017013, 0.791331, -0.606615, 0.076243, 0.245851, 0.000000, 0.000000, 0.000000, 1.000000, -0.028456, -0.049657, -0.998361, 0.103723, -0.998851, 0.039946, 0.026483, -0.000990, 0.038565, 0.997967, -0.050736, -0.008515, 0.000000, 0.000000, 0.000000, 1.000000
-15.3127, 25.1481, 10.4126, 161.1806, 230.1806, -16.1481, 246.6608, 103.8754, -1.0572, -8.5572, 0.610426, 0.791651, -0.025862, 0.025148, -0.791172, 0.607848, -0.067587, 0.010413, -0.037785, 0.061719, 0.997378, 0.161181, 0.000000, 0.000000, 0.000000, 1.000000, -0.037785, 0.061719, 0.997378, 0.230181, -0.610426, -0.791651, 0.025862, -0.016148, 0.791172, -0.607848, 0.067587, 0.246661, 0.000000, 0.000000, 0.000000, 1.000000, -0.033277, -0.051818, -0.998102, 0.103875, -0.998693, 0.040479, 0.031195, -0.001057, 0.038785, 0.997836, -0.053098, -0.008557, 0.000000, 0.000000, 0.000000, 1.000000
-14.8493, 24.2688, 9.6458, 162.5836, 231.5836, -15.2688, 247.4276, 103.5454, -1.0717, -8.8752, 0.610417, 0.791919, -0.016005, 0.024269, -0.791288, 0.608777, -0.057047, 0.009646, -0.035433, 0.047487, 0.998243, 0.162584, 0.000000, 0.000000, 0.000000, 1.000000, -0.035433, 0.047487, 0.998243, 0.231584, -0.610417, -0.791919, 0.016005, -0.015269, 0.791288, -0.608777, 0.057047, 0.247428, 0.000000, 0.000000, 0.000000, 1.000000, -0.035943, -0.045648, -0.998311, 0.103545, -0.998614, 0.040063, 0.034122, -0.001072, 0.038438, 0.998154, -0.047025, -0.008875, 0.000000, 0.000000, 0.000000, 1.000000
-14.2802, 23.6784, 9.1656, 163.5644, 232.5644, -14.6784, 247.9078, 103.8967, -1.0506, -8.6100, 0.610762, 0.791772, -0.008218, 0.023678, -0.790960, 0.609588, -0.052773, 0.009166, -0.036774, 0.038732, 0.998573, 0.163564, 0.000000, 0.000000, 0.000000, 1.000000, -0.036774, 0.038732, 0.998573, 0.232564, -0.610762, -0.791772, 0.008218, -0.014678, 0.790960, -0.609588, 0.052773, 0.247908, 0.000000, 0.000000, 0.000000, 1.000000, -0.034986, -0.046780, -0.998292, 0.103897, -0.998643, 0.040182, 0.033115, -0.001051, 0.038565, 0.998097, -0.048122, -0.008610, 0.000000, 0.000000, 0.000000, 1.000000
-13.7133, 22.8251, 8.4842, 164.8980, 233.8980, -13.8251, 248.5893, 103.9019, -1.0158, -8.6933, 0.610175, 0.792266, -0.000991, 0.022825, -0.791350, 0.609409, -0.048847, 0.008484, -0.038096, 0.030590, 0.998806, 0.164898, 0.000000, 0.000000, 0.000000, 1.000000, -0.038096, 0.030590, 0.998806, 0.233898, -0.610175, -0.792266, 0.000991, -0.013825, 0.791350, -0.609409, 0.048847, 0.248589, 0.000000, 0.000000, 0.000000, 1.000000, -0.034032, -0.048570, -0.998240, 0.103902, -0.998715, 0.039170, 0.032143, -0.001016, 0.037540, 0.998051, -0.049840, -0.008693, 0.000000, 0.000000, 0.000000, 1.000000
-13.1223, 22.0706, 7.8674, 166.3104, 235.3104, -13.0706, 249.2060, 103.8928, -0.9798, -8.6302, 0.609802, 0.792403, 0.015491, 0.022071, -0.791475, 0.609875, -0.040248, 0.007867, -0.041341, 0.012283, 0.999070, 0.166310, 0.000000, 0.000000, 0.000000, 1.000000, -0.041341, 0.012283, 0.999070, 0.235310, -0.609802, -0.792403, -0.015491, -0.013071, 0.791475, -0.609875, 0.040248, 0.249206, 0.000000, 0.000000, 0.000000, 1.000000, -0.031164, -0.040600, -0.998689, 0.103893, -0.998833, 0.038164, 0.029617, -0.000980, 0.036911, 0.998446, -0.041742, -0.008630, 0.000000, 0.000000, 0.000000, 1.000000
-12.5629, 21.2950, 7.1226, 167.5083, 236.5083, -12.2950, 249.9509, 104.0308, -1.0511, -8.7217, 0.610503, 0.791904, 0.013174, 0.021295, -0.791299, 0.610575, -0.032308, 0.007123, -0.033628, 0.009299, 0.999391, 0.167508, 0.000000, 0.000000, 0.000000, 1.000000, -0.033628, 0.009299, 0.999391, 0.236508, -0.610503, -0.791904, -0.013174, -0.012295, 0.791299, -0.610575, 0.032308, 0.249951, 0.000000, 0.000000, 0.000000, 1.000000, -0.039256, -0.047311, -0.998108, 0.104031, -0.998545, 0.038808, 0.037434, -0.001051, 0.036964, 0.998126, -0.048766, -0.008722, 0.000000, 0.000000, 0.000000, 1.000000
-11.8045, 20.6557, 6.5631, 168.7454, 237.7454, -11.6557, 250.5104, 104.5992, -1.0479, -8.2440, 0.610892, 0.791499, 0.018444, 0.020656, -0.790983, 0.611163, -0.028737, 0.006563, -0.034017, 0.002966, 0.999417, 0.168745, 0.000000, 0.000000, 0.000000, 1.000000, -0.034017, 0.002966, 0.999417, 0.237745, -0.610892, -0.791499, -0.018444, -0.011656, 0.790983, -0.611163, 0.028737, 0.250510, 0.000000, 0.000000, 0.000000, 1.000000, -0.039381, -0.054161, -0.997755, 0.104599, -0.998540, 0.039068, 0.037291, -0.001048, 0.036961, 0.997768, -0.055621, -0.008244, 0.000000, 0.000000, 0.000000, 1.000000
-10.9246, 19.7425, 5.6869, 170.4184, 239.4184, -10.7425, 251.3866, 105.0420, -1.1126, -7.9877, 0.611569, 0.790738, 0.026767, 0.019743, -0.790856, 0.611944, -0.008373, 0.005687, -0.023001, -0.016048, 0.999607, 0.170418, 0.000000, 0.000000, 0.000000, 1.000000, -0.023001, -0.016048, 0.999607, 0.239418, -0.611569, -0.790738, -0.026767, -0.010743, 0.790856, -0.611944, 0.008373, 0.251387, 0.000000, 0.000000, 0.000000, 1.000000, -0.050971, -0.050468, -0.997424, 0.105042, -0.998043, 0.038787, 0.049040, -0.001113, 0.036212, 0.997972, -0.052346, -0.007988, 0.000000, 0.000000, 0.000000, 1.000000
-10.1530, 18.6942, 4.7819, 172.3548, 241.3548, -9.6942, 252.2915, 105.0034, -1.1036, -8.0958, 0.611692, 0.790349, 0.034352, 0.018694, -0.790739, 0.612144, -0.003451, 0.004782, -0.023756, -0.025052, 0.999404, 0.172355, 0.000000, 0.000000, 0.000000, 1.000000, -0.023756, -0.025052, 0.999404, 0.241355, -0.611692, -0.790349, -0.034352, -0.009694, 0.790739, -0.612144, 0.003451, 0.252292, 0.000000, 0.000000, 0.000000, 1.000000, -0.050716, -0.054908, -0.997203, 0.105003, -0.998073, 0.038532, 0.048639, -0.001104, 0.035753, 0.997748, -0.056757, -0.008096, 0.000000, 0.000000, 0.000000, 1.000000
-9.6098, 17.8899, 3.9146, 173.9198, 242.9198, -8.8899, 253.1589, 104.7959, -1.2316, -8.3932, 0.613079, 0.789546, 0.027387, 0.017890, -0.790021, 0.612711, 0.021260, 0.003915, 0.000006, -0.034670, 0.999399, 0.173920, 0.000000, 0.000000, 0.000000, 1.000000, 0.000006, -0.034670, 0.999399, 0.242920, -0.613079, -0.789546, -0.027387, -0.008890, 0.790021, -0.612711, -0.021260, 0.253159, 0.000000, 0.000000, 0.000000, 1.000000, -0.074812, -0.054717, -0.995695, 0.104796, -0.996596, 0.038770, 0.072749, -0.001232, 0.034623, 0.997749, -0.057431, -0.008393, 0.000000, 0.000000, 0.000000, 1.000000
-8.9765, 17.2036, 3.3101, 175.3777, 244.3777, -8.2036, 253.7633, 104.9048, -1.2219, -8.2823, 0.613041, 0.789614, 0.026286, 0.017204, -0.790051, 0.612664, 0.021528, 0.003310, 0.000894, -0.033964, 0.999423, 0.175378, 0.000000, 0.000000, 0.000000, 1.000000, 0.000894, -0.033964, 0.999423, 0.244378, -0.613041, -0.789614, -0.026286, -0.008204, 0.790051, -0.612664, -0.021528, 0.253763, 0.000000, 0.000000, 0.000000, 1.000000, -0.076068, -0.066450, -0.994886, 0.104905, -0.996534, 0.038744, 0.073607, -0.001222, 0.033654, 0.997037, -0.069167, -0.008282, 0.000000, 0.000000, 0.000000, 1.000000
-8.3607, 15.7338, 2.8237, 176.8339, 245.8339, -6.7338, 254.2498, 105.0888, -0.6633, -8.7789, 0.603610, 0.781168, 0.159472, 0.015734, -0.791333, 0.611385, 0.000389, 0.002824, -0.097195, -0.126430, 0.987202, 0.176834, 0.000000, 0.000000, 0.000000, 1.000000, -0.097195, -0.126430, 0.987202, 0.245834, -0.603610, -0.781168, -0.159472, -0.006734, 0.791333, -0.611385, -0.000389, 0.254250, 0.000000, 0.000000, 0.000000, 1.000000, 0.022049, 0.015610, -0.999635, 0.105089, -0.999121, 0.035992, -0.021476, -0.000663, 0.035643, 0.999230, 0.016390, -0.008779, 0.000000, 0.000000, 0.000000, 1.000000
-7.7940, 15.0595, 2.2454, 178.2440, 247.2440, -6.0595, 254.8280, 105.1149, -0.6427, -8.7855, 0.602904, 0.781638, 0.159838, 0.015060, -0.791323, 0.611379, -0.004916, 0.002245, -0.101564, -0.123520, 0.987131, 0.178244, 0.000000, 0.000000, 0.000000, 1.000000, -0.101564, -0.123520, 0.987131, 0.247244, -0.602904, -0.781638, -0.159838, -0.006060, 0.791323, -0.611379, 0.004916, 0.254828, 0.000000, 0.000000, 0.000000, 1.000000, 0.026119, 0.002779, -0.999655, 0.105115, -0.999016, 0.035922, -0.026003, -0.000643, 0.035837, 0.999351, 0.003714, -0.008786, 0.000000, 0.000000, 0.000000, 1.000000
-7.1457, 14.5843, 1.7878, 179.2687, 248.2687, -5.5843, 255.2856, 105.6904, -0.6667, -8.3730, 0.603707, 0.780492, 0.162387, 0.014584, -0.791012, 0.611800, 0.000210, 0.001788, -0.099184, -0.128577, 0.986727, 0.179269, 0.000000, 0.000000, 0.000000, 1.000000, -0.099184, -0.128577, 0.986727, 0.248269, -0.603707, -0.780492, -0.162387, -0.005584, 0.791012, -0.611800, -0.000210, 0.255286, 0.000000, 0.000000, 0.000000, 1.000000, 0.023231, -0.003366, -0.999724, 0.105690, -0.999059, 0.036566, -0.023339, -0.000667, 0.036635, 0.999326, -0.002513, -0.008373, 0.000000, 0.000000, 0.000000, 1.000000
-6.5140, 13.8467, 1.1570, 181.2273, 250.2273, -4.8467, 255.9164, 105.3566, -0.6130, -8.4419, 0.603665, 0.782866, 0.150695, 0.013847, -0.790636, 0.612149, -0.012951, 0.001157, -0.102387, -0.111327, 0.988495, 0.181227, 0.000000, 0.000000, 0.000000, 1.000000, -0.102387, -0.111327, 0.988495, 0.250227, -0.603665, -0.782866, -0.150695, -0.004847, 0.790636, -0.612149, 0.012951, 0.255916, 0.000000, 0.000000, 0.000000, 1.000000, 0.025982, -0.031794, -0.999157, 0.105357, -0.998957, 0.036708, -0.027145, -0.000613, 0.037540, 0.998820, -0.030807, -0.008442, 0.000000, 0.000000, 0.000000, 1.000000
-5.9359, 13.1747, 0.5126, 182.7077, 251.7077, -4.1747, 256.5608, 105.3731, -0.6425, -8.5136, 0.604362, 0.781553, 0.154664, 0.013175, -0.790957, 0.611870, -0.001193, 0.000513, -0.095567, -0.121612, 0.987966, 0.182708, 0.000000, 0.000000, 0.000000, 1.000000, -0.095567, -0.121612, 0.987966, 0.251708, -0.604362, -0.781553, -0.154664, -0.004175, 0.790957, -0.611870, 0.001193, 0.256561, 0.000000, 0.000000, 0.000000, 1.000000, 0.018775, -0.031507, -0.999327, 0.105373, -0.999135, 0.036507, -0.019922, -0.000642, 0.037110, 0.998837, -0.030795, -0.008514, 0.000000, 0.000000, 0.000000, 1.000000
-5.2733, 12.6137, 0.0276, 183.9205, 252.9205, -3.6137, 257.0459, 105.8360, -0.6257, -8.2171, 0.603493, 0.780619, 0.162573, 0.012614, -0.790958, 0.611868, -0.001838, 0.000028, -0.100908, -0.127479, 0.986695, 0.183920, 0.000000, 0.000000, 0.000000, 1.000000, -0.100908, -0.127479, 0.986695, 0.252920, -0.603493, -0.780619, -0.162573, -0.003614, 0.790958, -0.611868, 0.001838, 0.257046, 0.000000, 0.000000, 0.000000, 1.000000, 0.023750, -0.037121, -0.999029, 0.105836, -0.999013, 0.036626, -0.025111, -0.000626, 0.037523, 0.998639, -0.036214, -0.008217, 0.000000, 0.000000, 0.000000, 1.000000
-4.6363, 11.9690, -0.6671, 185.8284, 254.8284, -2.9690, 257.7406, 105.5898, -0.6813, -8.2871, 0.605229, 0.780468, 0.156738, 0.011969, -0.790931, 0.611861, 0.007377, -0.000667, -0.090144, -0.128434, 0.987613, 0.185828, 0.000000, 0.000000, 0.000000, 1.000000, -0.090144, -0.128434, 0.987613, 0.254828, -0.605229, -0.780468, -0.156738, -0.002969, 0.790931, -0.611861, -0.007377, 0.257741, 0.000000, 0.000000, 0.000000, 1.000000, 0.012442, -0.047255, -0.998805, 0.105590, -0.999228, 0.036640, -0.014181, -0.000681, 0.037266, 0.998211, -0.046763, -0.008287, 0.000000, 0.000000, 0.000000, 1.000000
-4.0079, 11.3445, -1.2407, 187.4366, 256.4366, -2.3445, 258.3142, 105.6217, -0.6716, -8.2518, 0.605085, 0.779485, 0.162095, 0.011345, -0.791044, 0.611650, 0.011578, -0.001241, -0.090121, -0.135230, 0.986707, 0.187437, 0.000000, 0.000000, 0.000000, 1.000000, -0.090121, -0.135230, 0.986707, 0.256437, -0.605085, -0.779485, -0.162095, -0.002345, 0.791044, -0.611650, -0.011578, 0.258314, 0.000000, 0.000000, 0.000000, 1.000000, 0.012043, -0.051341, -0.998609, 0.105622, -0.999235, 0.036552, -0.013930, -0.000672, 0.037216, 0.998012, -0.050862, -0.008252, 0.000000, 0.000000, 0.000000, 1.000000
-3.4475, 10.7776, -1.7597, 188.9967, 257.9967, -1.7776, 258.8332, 105.5396, -0.6542, -8.2704, 0.605398, 0.778331, 0.166414, 0.010778, -0.790628, 0.612156, 0.013124, -0.001760, -0.091657, -0.139517, 0.985969, 0.188997, 0.000000, 0.000000, 0.000000, 1.000000, -0.091657, -0.139517, 0.985969, 0.257997, -0.605398, -0.778331, -0.166414, -0.001778, 0.790628, -0.612156, -0.013124, 0.258833, 0.000000, 0.000000, 0.000000, 1.000000, 0.013092, -0.056705, -0.998305, 0.105540, -0.999187, 0.037325, -0.015223, -0.000654, 0.038125, 0.997693, -0.056170, -0.008270, 0.000000, 0.000000, 0.000000, 1.000000
-2.8445, 10.1697, -2.3807, 190.4030, 259.4030, -1.1697, 259.4541, 105.7325, -0.7069, -8.2841, 0.606513, 0.775385, 0.175838, 0.010170, -0.790920, 0.610981, 0.033879, -0.002381, -0.081164, -0.159622, 0.983836, 0.190403, 0.000000, 0.000000, 0.000000, 1.000000, -0.081164, -0.159622, 0.983836, 0.259403, -0.606513, -0.775385, -0.175838, -0.001170, 0.790920, -0.610981, -0.033879, 0.259454, 0.000000, 0.000000, 0.000000, 1.000000, 0.002237, -0.046894, -0.998897, 0.105733, -0.999321, 0.036640, -0.003958, -0.000707, 0.036785, 0.998228, -0.046780, -0.008284, 0.000000, 0.000000, 0.000000, 1.000000
-2.2846, 9.6579, -2.8139, 191.9599, 260.9599, -0.6579, 259.8873, 105.6565, -0.6519, -8.2366, 0.605693, 0.775921, 0.176301, 0.009658, -0.791333, 0.610575, 0.031465, -0.002814, -0.083231, -0.158571, 0.983833, 0.191960, 0.000000, 0.000000, 0.000000, 1.000000, -0.083231, -0.158571, 0.983833, 0.260960, -0.605693, -0.775921, -0.176301, -0.000658, 0.791333, -0.610575, -0.031465, 0.259887, 0.000000, 0.000000, 0.000000, 1.000000, 0.004097, -0.057758, -0.998322, 0.105657, -0.999330, 0.036074, -0.006188, -0.000652, 0.036371, 0.997679, -0.057571, -0.008237, 0.000000, 0.000000, 0.000000, 1.000000
-1.6760, 9.2013, -3.3314, 193.2481, 262.2481, -0.2013, 260.4049, 105.9579, -0.7166, -8.0575, 0.606858, 0.773903, 0.181100, 0.009201, -0.791219, 0.609861, 0.045191, -0.003331, -0.075473, -0.170714, 0.982426, 0.193248, 0.000000, 0.000000, 0.000000, 1.000000, -0.075473, -0.170714, 0.982426, 0.262248, -0.606858, -0.773903, -0.181100, -0.000201, 0.791219, -0.609861, -0.045191, 0.260405, 0.000000, 0.000000, 0.000000, 1.000000, -0.004097, -0.056050, -0.998420, 0.105958, -0.999357, 0.035795, 0.002091, -0.000717, 0.035621, 0.997786, -0.056160, -0.008058, 0.000000, 0.000000, 0.000000, 1.000000
-0.9381, 8.5667, -3.9344, 195.1809, 264.1809, 0.4333, 261.0079, 105.9923, -0.7017, -7.9903, 0.606999, 0.772233, 0.187641, 0.008567, -0.791218, 0.609337, 0.051796, -0.003934, -0.074338, -0.179905, 0.980871, 0.195181, 0.000000, 0.000000, 0.000000, 1.000000, -0.074338, -0.179905, 0.980871, 0.264181, -0.606999, -0.772233, -0.187641, 0.000433, 0.791218, -0.609337, -0.051796, 0.261008, 0.000000, 0.000000, 0.000000, 1.000000, -0.005688, -0.059560, -0.998209, 0.105992, -0.999357, 0.035679, 0.003566, -0.000702, 0.035403, 0.997587, -0.059724, -0.007990, 0.000000, 0.000000, 0.000000, 1.000000
-0.2498, 7.9437, -4.5546, 196.9602, 265.9602, 1.0563, 261.6281, 106.0745, -0.7185, -7.9981, 0.607265, 0.769645, 0.197167, 0.007944, -0.791175, 0.608484, 0.061552, -0.004555, -0.072600, -0.193372, 0.978436, 0.196960, 0.000000, 0.000000, 0.000000, 1.000000, -0.072600, -0.193372, 0.978436, 0.265960, -0.607265, -0.769645, -0.197167, 0.001056, 0.791175, -0.608484, -0.061552, 0.261628, 0.000000, 0.000000, 0.000000, 1.000000, -0.007861, -0.057828, -0.998296, 0.106075, -0.999352, 0.035522, 0.005812, -0.000718, 0.035125, 0.997694, -0.058070, -0.007998, 0.000000, 0.000000, 0.000000, 1.000000
0.5053, 7.3975, -5.0353, 198.4462, 267.4462, 1.6025, 262.1088, 106.5762, -0.6872, -7.6815, 0.606646, 0.767250, 0.208108, 0.007397, -0.791449, 0.607515, 0.067334, -0.005035, -0.074767, -0.205555, 0.975785, 0.198446, 0.000000, 0.000000, 0.000000, 1.000000, -0.074767, -0.205555, 0.975785, 0.267446, -0.606646, -0.767250, -0.208108, 0.001603, 0.791449, -0.607515, -0.067334, 0.262109, 0.000000, 0.000000, 0.000000, 1.000000, -0.006055, -0.058547, -0.998266, 0.106576, -0.999370, 0.035251, 0.003994, -0.000687, 0.034956, 0.997662, -0.058724, -0.007681, 0.000000, 0.000000, 0.000000, 1.000000
1.1666, 6.7343, -5.6905, 200.5147, 269.5147, 2.2657, 262.7639, 106.3624, -0.6886, -7.9008, 0.606674, 0.763880, 0.220075, 0.006734, -0.791264, 0.606890, 0.074738, -0.005690, -0.076471, -0.219479, 0.972616, 0.200515, 0.000000, 0.000000, 0.000000, 1.000000, -0.076471, -0.219479, 0.972616, 0.269515, -0.606674, -0.763880, -0.220075, 0.002266, 0.791264, -0.606890, -0.074738, 0.262764, 0.000000, 0.000000, 0.000000, 1.000000, -0.004853, -0.055754, -0.998433, 0.106362, -0.999359, 0.035698, 0.002864, -0.000689, 0.035482, 0.997806, -0.055891, -0.007901, 0.000000, 0.000000, 0.000000, 1.000000
1.7805, 6.2229, -6.1694, 202.0374, 271.0374, 2.7771, 263.2429, 106.5182, -0.6734, -7.8567, 0.606619, 0.761527, 0.228233, 0.006223, -0.791445, 0.605583, 0.082974, -0.006169, -0.075027, -0.230967, 0.970064, 0.202037, 0.000000, 0.000000, 0.000000, 1.000000, -0.075027, -0.230967, 0.970064, 0.271037, -0.606619, -0.761527, -0.228233, 0.002777, 0.791445, -0.605583, -0.082974, 0.263243, 0.000000, 0.000000, 0.000000, 1.000000, -0.006578, -0.054675, -0.998482, 0.106518, -0.999370, 0.035177, 0.004657, -0.000673, 0.034869, 0.997884, -0.054872, -0.007857, 0.000000, 0.000000, 0.000000, 1.000000
2.4469, 5.7646, -6.6301, 203.8885, 272.8885, 3.2354, 263.7036, 106.4775, -0.6507, -7.7730, 0.607152, 0.760795, 0.229255, 0.005765, -0.791410, 0.604779, 0.088955, -0.006630, -0.070972, -0.235444, 0.969293, 0.203889, 0.000000, 0.000000, 0.000000, 1.000000, -0.070972, -0.235444, 0.969293, 0.272889, -0.607152, -0.760795, -0.229255, 0.003235, 0.791410, -0.604779, -0.088955, 0.263704, 0.000000, 0.000000, 0.000000, 1.000000, -0.010999, -0.061716, -0.998033, 0.106477, -0.999361, 0.034627, 0.008872, -0.000651, 0.034011, 0.997493, -0.062057, -0.007773, 0.000000, 0.000000, 0.000000, 1.000000
3.1277, 5.1975, -7.1664, 205.9118, 274.9118, 3.8025, 264.2398, 106.3605, -0.6142, -7.8605, 0.606602, 0.758510, 0.238110, 0.005197, -0.791892, 0.602972, 0.096605, -0.007166, -0.070298, -0.247158, 0.966422, 0.205912, 0.000000, 0.000000, 0.000000, 1.000000, -0.070298, -0.247158, 0.966422, 0.274912, -0.606602, -0.758510, -0.238110, 0.003803, 0.791892, -0.602972, -0.096605, 0.264240, 0.000000, 0.000000, 0.000000, 1.000000, -0.011823, -0.061562, -0.998033, 0.106360, -0.999386, 0.033644, 0.009764, -0.000614, 0.032977, 0.997536, -0.061922, -0.007860, 0.000000, 0.000000, 0.000000, 1.000000
3.7242, 4.6782, -7.7002, 207.4112, 276.4112, 4.3218, 264.7737, 106.5454, -0.6407, -7.9211, 0.606997, 0.752555, 0.255374, 0.004678, -0.791504, 0.601299, 0.109369, -0.007700, -0.071250, -0.268516, 0.960637, 0.207411, 0.000000, 0.000000, 0.000000, 1.000000, -0.071250, -0.268516, 0.960637, 0.276411, -0.606997, -0.752555, -0.255374, 0.004322, 0.791504, -0.601299, -0.109369, 0.264774, 0.000000, 0.000000, 0.000000, 1.000000, -0.011435, -0.049754, -0.998696, 0.106545, -0.999367, 0.034205, 0.009739, -0.000641, 0.033676, 0.998176, -0.050114, -0.007921, 0.000000, 0.000000, 0.000000, 1.000000
4.2798, 4.3004, -8.0624, 208.7853, 277.7853, 4.6996, 265.1358, 106.6998, -0.6185, -7.8228, 0.606260, 0.750915, 0.261868, 0.004300, -0.791827, 0.600564, 0.111051, -0.008062, -0.073879, -0.274680, 0.958693, 0.208785, 0.000000, 0.000000, 0.000000, 1.000000, -0.073879, -0.274680, 0.958693, 0.277785, -0.606260, -0.750915, -0.261868, 0.004700, 0.791827, -0.600564, -0.111051, 0.265136, 0.000000, 0.000000, 0.000000, 1.000000, -0.009015, -0.053021, -0.998553, 0.106700, -0.999392, 0.034116, 0.007212, -0.000619, 0.033685, 0.998010, -0.053297, -0.007823, 0.000000, 0.000000, 0.000000, 1.000000
4.8881, 3.8618, -8.5020, 210.5812, 279.5812, 5.1382, 265.5755, 106.6186, -0.5940, -7.8677, 0.606562, 0.748349, 0.268433, 0.003862, -0.791752, 0.599241, 0.118484, -0.008502, -0.072189, -0.284400, 0.955984, 0.210581, 0.000000, 0.000000, 0.000000, 1.000000, -0.072189, -0.284400, 0.955984, 0.279581, -0.606562, -0.748349, -0.268433, 0.005138, 0.791752, -0.599241, -0.118484, 0.265575, 0.000000, 0.000000, 0.000000, 1.000000, -0.011065, -0.053496, -0.998507, 0.106619, -0.999385, 0.033831, 0.009263, -0.000594, 0.033285, 0.997995, -0.053838, -0.007868, 0.000000, 0.000000, 0.000000, 1.000000
5.4998, 3.5308, -8.8407, 212.0871, 281.0871, 5.4692, 265.9141, 106.7802, -0.5704, -7.6843, 0.606330, 0.746798, 0.273234, 0.003531, -0.791992, 0.598003, 0.123049, -0.008841, -0.071502, -0.291007, 0.954045, 0.212087, 0.000000, 0.000000, 0.000000, 1.000000, -0.071502, -0.291007, 0.954045, 0.281087, -0.606330, -0.746798, -0.273234, 0.005469, 0.791992, -0.598003, -0.123049, 0.265914, 0.000000, 0.000000, 0.000000, 1.000000, -0.011953, -0.057288, -0.998286, 0.106780, -0.999396, 0.033251, 0.010059, -0.000570, 0.032618, 0.997804, -0.057651, -0.007684, 0.000000, 0.000000, 0.000000, 1.000000
6.2410, 3.1269, -9.2701, 213.8232, 282.8232, 5.8731, 266.3435, 107.0734, -0.5619, -7.4585, 0.606477, 0.744393, 0.279401, 0.003127, -0.792044, 0.596402, 0.130276, -0.009270, -0.069659, -0.300307, 0.951295, 0.213823, 0.000000, 0.000000, 0.000000, 1.000000, -0.069659, -0.300307, 0.951295, 0.282823, -0.606477, -0.744393, -0.279401, 0.005873, 0.792044, -0.596402, -0.130276, 0.266344, 0.000000, 0.000000, 0.000000, 1.000000, -0.014131, -0.060491, -0.998069, 0.107073, -0.999392, 0.032677, 0.012169, -0.000562, 0.031878, 0.997634, -0.060916, -0.007459, 0.000000, 0.000000, 0.000000, 1.000000
7.0600, 2.7023, -9.7336, 215.6647, 284.6647, 6.2977, 266.8071, 107.4735, -0.5617, -7.1750, 0.606538, 0.739952, 0.290832, 0.002702, -0.791915, 0.594749, 0.138364, -0.009734, -0.070589, -0.314237, 0.946716, 0.215665, 0.000000, 0.000000, 0.000000, 1.000000, -0.070589, -0.314237, 0.946716, 0.284665, -0.606538, -0.739952, -0.290832, 0.006298, 0.791915, -0.594749, -0.138364, 0.266807, 0.000000, 0.000000, 0.000000, 1.000000, -0.013767, -0.060066, -0.998099, 0.107474, -0.999389, 0.032908, 0.011805, -0.000562, 0.032137, 0.997652, -0.060483, -0.007175, 0.000000, 0.000000, 0.000000, 1.000000
7.6282, 2.1786, -10.3016, 217.8165, 286.8165, 6.8214, 267.3751, 107.0755, -0.5669, -7.6280, 0.607015, 0.733631, 0.305479, 0.002179, -0.791550, 0.592300, 0.150431, -0.010302, -0.070574, -0.333115, 0.940241, 0.217816, 0.000000, 0.000000, 0.000000, 1.000000, -0.070574, -0.333115, 0.940241, 0.286816, -0.607015, -0.733631, -0.305479, 0.006821, 0.791550, -0.592300, -0.150431, 0.267375, 0.000000, 0.000000, 0.000000, 1.000000, -0.014329, -0.049935, -0.998650, 0.107076, -0.999367, 0.033226, 0.012677, -0.000567, 0.032548, 0.998200, -0.050380, -0.007628, 0.000000, 0.000000, 0.000000, 1.000000
8.1946, 1.9030, -10.6211, 219.3438, 288.3438, 7.0970, 267.6946, 107.1343, -0.5583, -7.5402, 0.606426, 0.732117, 0.310247, 0.001903, -0.791910, 0.591226, 0.152742, -0.010621, -0.071601, -0.338315, 0.938305, 0.219344, 0.000000, 0.000000, 0.000000, 1.000000, -0.071601, -0.338315, 0.938305, 0.288344, -0.606426, -0.732117, -0.310247, 0.007097, 0.791910, -0.591226, -0.152742, 0.267695, 0.000000, 0.000000, 0.000000, 1.000000, -0.013435, -0.054302, -0.998434, 0.107134, -0.999392, 0.032859, 0.011661, -0.000558, 0.032174, 0.997984, -0.054711, -0.007540, 0.000000, 0.000000, 0.000000, 1.000000
8.7857, 1.5352, -10.9881, 221.1465, 290.1465, 7.4648, 268.0616, 107.0497, -0.5151, -7.6220, 0.606149, 0.728747, 0.318608, 0.001535, -0.792094, 0.589332, 0.158982, -0.010988, -0.071908, -0.348734, 0.934459, 0.221146, 0.000000, 0.000000, 0.000000, 1.000000, -0.071908, -0.348734, 0.934459, 0.290146, -0.606149, -0.728747, -0.318608, 0.007465, 0.792094, -0.589332, -0.158982, 0.268062, 0.000000, 0.000000, 0.000000, 1.000000, -0.013353, -0.053507, -0.998478, 0.107050, -0.999403, 0.032525, 0.011622, -0.000515, 0.031853, 0.998038, -0.053910, -0.007622, 0.000000, 0.000000, 0.000000, 1.000000
9.3343, 1.2722, -11.2737, 222.4976, 291.4976, 7.7278, 268.3472, 107.2363, -0.4988, -7.4930, 0.606511, 0.725830, 0.324522, 0.001272, -0.791838, 0.588229, 0.164254, -0.011274, -0.071673, -0.356591, 0.931507, 0.222498, 0.000000, 0.000000, 0.000000, 1.000000, -0.071673, -0.356591, 0.931507, 0.291498, -0.606511, -0.725830, -0.324522, 0.007728, 0.791838, -0.588229, -0.164254, 0.268347, 0.000000, 0.000000, 0.000000, 1.000000, -0.014054, -0.054624, -0.998408, 0.107236, -0.999388, 0.032755, 0.012276, -0.000499, 0.032032, 0.997970, -0.055051, -0.007493, 0.000000, 0.000000, 0.000000, 1.000000
9.9991, 1.0269, -11.5904, 223.8875, 292.8875, 7.9731, 268.6638, 107.6628, -0.5151, -7.1748, 0.607274, 0.721604, 0.332423, 0.001027, -0.791456, 0.585998, 0.173790, -0.011590, -0.069392, -0.368637, 0.926980, 0.223888, 0.000000, 0.000000, 0.000000, 1.000000, -0.069392, -0.368637, 0.926980, 0.292888, -0.607274, -0.721604, -0.332423, 0.007973, 0.791456, -0.585998, -0.173790, 0.268664, 0.000000, 0.000000, 0.000000, 1.000000, -0.016853, -0.053266, -0.998438, 0.107663, -0.999356, 0.032526, 0.015133, -0.000515, 0.031669, 0.998050, -0.053780, -0.007175, 0.000000, 0.000000, 0.000000, 1.000000
10.5616, 0.6782, -11.9638, 226.0066, 295.0066, 8.3218, 269.0373, 107.2555, -0.4657, -7.4754, 0.606014, 0.718930, 0.340420, 0.000678, -0.792254, 0.583858, 0.177323, -0.011964, -0.071274, -0.377159, 0.923402, 0.226007, 0.000000, 0.000000, 0.000000, 1.000000, -0.071274, -0.377159, 0.923402, 0.295007, -0.606014, -0.718930, -0.340420, 0.008322, 0.792254, -0.583858, -0.177323, 0.269037, 0.000000, 0.000000, 0.000000, 1.000000, -0.014823, -0.053929, -0.998435, 0.107256, -0.999410, 0.031725, 0.013124, -0.000466, 0.030967, 0.998041, -0.054367, -0.007475, 0.000000, 0.000000, 0.000000, 1.000000
11.3594, 0.4972, -12.2354, 227.3167, 296.3167, 8.5028, 269.3088, 108.0453, -0.4883, -6.8245, 0.607336, 0.714238, 0.347861, 0.000497, -0.791450, 0.581946, 0.186938, -0.012235, -0.068918, -0.388849, 0.918720, 0.227317, 0.000000, 0.000000, 0.000000, 1.000000, -0.068918, -0.388849, 0.918720, 0.296317, -0.607336, -0.714238, -0.347861, 0.008503, 0.791450, -0.581946, -0.186938, 0.269309, 0.000000, 0.000000, 0.000000, 1.000000, -0.018052, -0.055107, -0.998317, 0.108045, -0.999353, 0.032051, 0.016301, -0.000488, 0.031098, 0.997966, -0.055650, -0.006824, 0.000000, 0.000000, 0.000000, 1.000000
12.0385, 0.1007, -12.6417, 229.8699, 298.8699, 8.8993, 269.7152, 107.5763, -0.4071, -7.1898, 0.606147, 0.712201, 0.354055, 0.000101, -0.792447, 0.578811, 0.192369, -0.012642, -0.067925, -0.397174, 0.915226, 0.229870, 0.000000, 0.000000, 0.000000, 1.000000, -0.067925, -0.397174, 0.915226, 0.298870, -0.606147, -0.712201, -0.354055, 0.008899, 0.792447, -0.578811, -0.192369, 0.269715, 0.000000, 0.000000, 0.000000, 1.000000, -0.018610, -0.058040, -0.998141, 0.107576, -0.999405, 0.030087, 0.016884, -0.000407, 0.029051, 0.997861, -0.058566, -0.007190, 0.000000, 0.000000, 0.000000, 1.000000
12.5967, -0.1450, -12.9930, 231.3051, 300.3051, 9.1450, 270.0665, 107.7668, -0.4480, -7.1594, 0.606003, 0.704886, 0.368641, -0.000145, -0.792146, 0.577035, 0.198835, -0.012993, -0.072562, -0.412512, 0.908058, 0.231305, 0.000000, 0.000000, 0.000000, 1.000000, -0.072562, -0.412512, 0.908058, 0.300305, -0.606003, -0.704886, -0.368641, 0.009145, 0.792146, -0.577035, -0.198835, 0.270066, 0.000000, 0.000000, 0.000000, 1.000000, -0.014796, -0.050785, -0.998600, 0.107767, -0.999408, 0.031779, 0.013191, -0.000448, 0.031065, 0.998204, -0.051226, -0.007159, 0.000000, 0.000000, 0.000000, 1.000000
13.2441, -0.3274, -13.2480, 232.9635, 301.9635, 9.3274, 270.3214, 107.9279, -0.4314, -6.9784, 0.606274, 0.701962, 0.373741, -0.000327, -0.792006, 0.575409, 0.204037, -0.013248, -0.071827, -0.419707, 0.904813, 0.232964, 0.000000, 0.000000, 0.000000, 1.000000, -0.071827, -0.419707, 0.904813, 0.301964, -0.606274, -0.701962, -0.373741, 0.009327, 0.792006, -0.575409, -0.204037, 0.270321, 0.000000, 0.000000, 0.000000, 1.000000, -0.015938, -0.054140, -0.998406, 0.107928, -0.999398, 0.031636, 0.014239, -0.000431, 0.030815, 0.998032, -0.054612, -0.006978, 0.000000, 0.000000, 0.000000, 1.000000
14.0413, -0.5758, -13.5192, 234.6870, 303.6870, 9.5758, 270.5926, 108.4186, -0.3853, -6.6133, 0.605493, 0.698346, 0.381696, -0.000576, -0.792605, 0.572413, 0.210048, -0.013519, -0.071801, -0.429717, 0.900105, 0.234687, 0.000000, 0.000000, 0.000000, 1.000000, -0.071801, -0.429717, 0.900105, 0.303687, -0.605493, -0.698346, -0.381696, 0.009576, 0.792605, -0.572413, -0.210048, 0.270593, 0.000000, 0.000000, 0.000000, 1.000000, -0.015916, -0.057039, -0.998245, 0.108419, -0.999432, 0.030578, 0.014187, -0.000385, 0.029715, 0.997904, -0.057493, -0.006613, 0.000000, 0.000000, 0.000000, 1.000000
14.5436, -0.8023, -13.8344, 236.9609, 305.9609, 9.8023, 270.9079, 107.7661, -0.3482, -7.0970, 0.605905, 0.693048, 0.390593, -0.000802, -0.792472, 0.568867, 0.219951, -0.013834, -0.069759, -0.442803, 0.893901, 0.236961, 0.000000, 0.000000, 0.000000, 1.000000, -0.069759, -0.442803, 0.893901, 0.305961, -0.605905, -0.693048, -0.390593, 0.009802, 0.792472, -0.568867, -0.219951, 0.270908, 0.000000, 0.000000, 0.000000, 1.000000, -0.018162, -0.051275, -0.998519, 0.107766, -0.999416, 0.029826, 0.016647, -0.000348, 0.028928, 0.998239, -0.051787, -0.007097, 0.000000, 0.000000, 0.000000, 1.000000
15.1056, -0.9466, -14.0602, 238.5525, 307.5525, 9.9466, 271.1336, 107.7998, -0.3347, -7.0463, 0.605990, 0.690444, 0.395047, -0.000947, -0.792424, 0.567398, 0.223885, -0.014060, -0.069569, -0.448716, 0.890962, 0.238552, 0.000000, 0.000000, 0.000000, 1.000000, -0.069569, -0.448716, 0.890962, 0.307552, -0.605990, -0.690444, -0.395047, 0.009947, 0.792424, -0.567398, -0.223885, 0.271134, 0.000000, 0.000000, 0.000000, 1.000000, -0.018659, -0.054449, -0.998342, 0.107800, -0.999413, 0.029716, 0.017058, -0.000335, 0.028738, 0.998074, -0.054972, -0.007046, 0.000000, 0.000000, 0.000000, 1.000000
15.9386, -1.0831, -14.2728, 239.9793, 308.9793, 10.0831, 271.3463, 108.6005, -0.3268, -6.3995, 0.606270, 0.685686, 0.402829, -0.001083, -0.792140, 0.565501, 0.229615, -0.014273, -0.070356, -0.458305, 0.886006, 0.239979, 0.000000, 0.000000, 0.000000, 1.000000, -0.070356, -0.458305, 0.886006, 0.308979, -0.606270, -0.685686, -0.402829, 0.010083, 0.792140, -0.565501, -0.229615, 0.271346, 0.000000, 0.000000, 0.000000, 1.000000, -0.018599, -0.058115, -0.998137, 0.108601, -0.999400, 0.030242, 0.016861, -0.000327, 0.029206, 0.997852, -0.058643, -0.006400, 0.000000, 0.000000, 0.000000, 1.000000
16.5410, -1.3063, -14.6116, 242.3244, 311.3244, 10.3063, 271.6850, 108.1687, -0.3057, -6.7988, 0.606453, 0.679697, 0.412586, -0.001306, -0.792223, 0.560779, 0.240643, -0.014612, -0.067806, -0.472799, 0.878558, 0.242324, 0.000000, 0.000000, 0.000000, 1.000000, -0.067806, -0.472799, 0.878558, 0.311324, -0.606453, -0.679697, -0.412586, 0.010306, 0.792223, -0.560779, -0.240643, 0.271685, 0.000000, 0.000000, 0.000000, 1.000000, -0.021139, -0.052319, -0.998407, 0.108169, -0.999391, 0.028835, 0.019649, -0.000306, 0.027761, 0.998214, -0.052896, -0.006799, 0.000000, 0.000000, 0.000000, 1.000000
17.1744, -1.4432, -14.7856, 243.7801, 312.7801, 10.4432, 271.8590, 108.4979, -0.2641, -6.5484, 0.605256, 0.675231, 0.421578, -0.001443, -0.792796, 0.559019, 0.242843, -0.014786, -0.071695, -0.481208, 0.873670, 0.243780, 0.000000, 0.000000, 0.000000, 1.000000, -0.071695, -0.481208, 0.873670, 0.312780, -0.605256, -0.675231, -0.421578, 0.010443, 0.792796, -0.559019, -0.242843, 0.271859, 0.000000, 0.000000, 0.000000, 1.000000, -0.017451, -0.053700, -0.998405, 0.108498, -0.999442, 0.029387, 0.015888, -0.000264, 0.028487, 0.998125, -0.054183, -0.006548, 0.000000, 0.000000, 0.000000, 1.000000
17.7526, -1.5256, -15.0107, 245.3529, 314.3529, 10.5256, 272.0842, 108.5975, -0.2871, -6.4650, 0.605421, 0.670172, 0.429341, -0.001526, -0.792594, 0.556811, 0.248508, -0.015011, -0.072518, -0.490745, 0.868280, 0.245353, 0.000000, 0.000000, 0.000000, 1.000000, -0.072518, -0.490745, 0.868280, 0.314353, -0.605421, -0.670172, -0.429341, 0.010526, 0.792594, -0.556811, -0.248508, 0.272084, 0.000000, 0.000000, 0.000000, 1.000000, -0.017178, -0.052777, -0.998459, 0.108598, -0.999433, 0.029837, 0.015618, -0.000287, 0.028967, 0.998160, -0.053259, -0.006465, 0.000000, 0.000000, 0.000000, 1.000000
18.3314, -1.6613, -15.1848, 247.5630, 316.5630, 10.6613, 272.2582, 108.1881, -0.1925, -6.7488, 0.605421, 0.668535, 0.431887, -0.001661, -0.792940, 0.553441, 0.254854, -0.015185, -0.068645, -0.496754, 0.865172, 0.247563, 0.000000, 0.000000, 0.000000, 1.000000, -0.068645, -0.496754, 0.865172, 0.316563, -0.605421, -0.668535, -0.431887, 0.010661, 0.792940, -0.553441, -0.254854, 0.272258, 0.000000, 0.000000, 0.000000, 1.000000, -0.020609, -0.056149, -0.998210, 0.108188, -0.999436, 0.027617, 0.019081, -0.000192, 0.026496, 0.998040, -0.056686, -0.006749, 0.000000, 0.000000, 0.000000, 1.000000
18.8523, -1.7143, -15.3426, 248.9123, 317.9123, 10.7143, 272.4161, 108.3316, -0.1938, -6.6234, 0.605819, 0.663257, 0.439402, -0.001714, -0.792621, 0.550924, 0.261219, -0.015343, -0.068822, -0.506530, 0.859471, 0.248912, 0.000000, 0.000000, 0.000000, 1.000000, -0.068822, -0.506530, 0.859471, 0.317912, -0.605819, -0.663257, -0.439402, 0.010714, 0.792621, -0.550924, -0.261219, 0.272416, 0.000000, 0.000000, 0.000000, 1.000000, -0.020984, -0.053853, -0.998328, 0.108332, -0.999420, 0.027926, 0.019501, -0.000194, 0.026830, 0.998158, -0.054408, -0.006623, 0.000000, 0.000000, 0.000000, 1.000000
19.4611, -1.7213, -15.5113, 250.2916, 319.2916, 10.7213, 272.5847, 108.6389, -0.2284, -6.3323, 0.606579, 0.657487, 0.446960, -0.001721, -0.792023, 0.548548, 0.267946, -0.015511, -0.069008, -0.516532, 0.853482, 0.250292, 0.000000, 0.000000, 0.000000, 1.000000, -0.069008, -0.516532, 0.853482, 0.319292, -0.606579, -0.657487, -0.446960, 0.010721, 0.792023, -0.548548, -0.267946, 0.272585, 0.000000, 0.000000, 0.000000, 1.000000, -0.021659, -0.052706, -0.998375, 0.108639, -0.999387, 0.028619, 0.020170, -0.000228, 0.027509, 0.998200, -0.053294, -0.006332, 0.000000, 0.000000, 0.000000, 1.000000
20.0000, -1.8003, -15.6615, 251.9218, 320.9218, 10.8003, 272.7349, 108.6179, -0.1885, -6.3623, 0.605450, 0.652935, 0.455089, -0.001800, -0.792821, 0.544909, 0.272965, -0.015661, -0.069754, -0.526071, 0.847575, 0.251922, 0.000000, 0.000000, 0.000000, 1.000000, -0.069754, -0.526071, 0.847575, 0.320922, -0.605450, -0.652935, -0.455089, 0.010800, 0.792821, -0.544909, -0.272965, 0.272735, 0.000000, 0.000000, 0.000000, 1.000000, -0.020516, -0.050979, -0.998489, 0.108618, -0.999436, 0.027613, 0.019125, -0.000188, 0.026596, 0.998318, -0.051517, -0.006362, 0.000000, 0.000000, 0.000000, 1.000000
20.0000, -1.8761, -15.7940, 253.8993, 322.8993, 10.8761, 272.8675, 107.0758, -0.1112, -7.6072, 0.605022, 0.651087, 0.458294, -0.001876, -0.793189, 0.542955, 0.275774, -0.015794, -0.069280, -0.530364, 0.844935, 0.253899, 0.000000, 0.000000, 0.000000, 1.000000, -0.069280, -0.530364, 0.844935, 0.322899, -0.605022, -0.651087, -0.458294, 0.010876, 0.793189, -0.542955, -0.275774, 0.272867, 0.000000, 0.000000, 0.000000, 1.000000, -0.020585, -0.045988, -0.998730, 0.107076, -0.999454, 0.026787, 0.019366, -0.000111, 0.025863, 0.998583, -0.046515, -0.007607, 0.000000, 0.000000, 0.000000, 1.000000
20.0000, -1.8972, -15.8267, 254.3189, 323.3189, 10.8972, 272.9002, 106.7524, -0.0956, -7.8769, 0.604847, 0.649232, 0.461149, -0.001897, -0.793262, 0.542083, 0.277273, -0.015827, -0.069967, -0.533520, 0.842889, 0.254319, 0.000000, 0.000000, 0.000000, 1.000000, -0.069967, -0.533520, 0.842889, 0.323319, -0.604847, -0.649232, -0.461149, 0.010897, 0.793262, -0.542083, -0.277273, 0.272900, 0.000000, 0.000000, 0.000000, 1.000000, -0.019915, -0.042231, -0.998909, 0.106752, -0.999461, 0.026927, 0.018787, -0.000096, 0.026104, 0.998745, -0.042744, -0.007877, 0.000000, 0.000000, 0.000000, 1.000000
