# Joint_6_Angle(deg), Cam_X(mm), Cam_Y(mm), Cam_Z(mm), Torso_X(mm), Torso_Y(mm), Torso_Z(mm), EE_X(mm), EE_Y(mm), EE_Z(mm), T_cam2marker_flat(16), T_torso2marker_flat(16), T_ee2marker_flat(16)
-19.8877, 44.9802, -33.5316, 188.4083, 210.4083, -44.9802, 233.6051, 142.4377, 17.1380, 52.5102, 0.836425, 0.521034, 0.170045, 0.044980, -0.534612, 0.843969, 0.043669, -0.033532, -0.120760, -0.127434, 0.984468, 0.188408, 0.000000, 0.000000, 0.000000, 1.000000, -0.120760, -0.127434, 0.984468, 0.210408, -0.836425, -0.521034, -0.170045, -0.044980, 0.534612, -0.843969, -0.043669, 0.233605, 0.000000, 0.000000, 0.000000, 1.000000, -0.022933, -0.037008, -0.999052, 0.142438, -0.999045, 0.038017, 0.021524, 0.017138, 0.037184, 0.998592, -0.037844, 0.052510, 0.000000, 0.000000, 0.000000, 1.000000
-19.4326, 44.8292, -33.4287, 188.4365, 210.4365, -44.8292, 233.5022, 142.4352, 16.7466, 52.3724, 0.835017, 0.522232, 0.173265, 0.044829, -0.535790, 0.843400, 0.040071, -0.033429, -0.125205, -0.126293, 0.984060, 0.188437, 0.000000, 0.000000, 0.000000, 1.000000, -0.125205, -0.126293, 0.984060, 0.210437, -0.835017, -0.522232, -0.173265, -0.044829, 0.535790, -0.843400, -0.040071, 0.233502, 0.000000, 0.000000, 0.000000, 1.000000, -0.018226, -0.038335, -0.999099, 0.142435, -0.998859, 0.044808, 0.016503, 0.016747, 0.044135, 0.998260, -0.039108, 0.052372, 0.000000, 0.000000, 0.000000, 1.000000
-18.9593, 44.1066, -32.9404, 188.4776, 210.4776, -44.1066, 233.0138, 142.5151, 17.0154, 52.2228, 0.831726, 0.529301, 0.167547, 0.044107, -0.541955, 0.839543, 0.038122, -0.032940, -0.120485, -0.122511, 0.985127, 0.188478, 0.000000, 0.000000, 0.000000, 1.000000, -0.120485, -0.122511, 0.985127, 0.210478, -0.831726, -0.529301, -0.167547, -0.044107, 0.541955, -0.839543, -0.038122, 0.233014, 0.000000, 0.000000, 0.000000, 1.000000, -0.021762, -0.043259, -0.998827, 0.142515, -0.998762, 0.045644, 0.019784, 0.017015, 0.044734, 0.998021, -0.044199, 0.052223, 0.000000, 0.000000, 0.000000, 1.000000
-18.7042, 43.0493, -32.2618, 188.6507, 210.6507, -43.0493, 232.3352, 142.5240, 17.9572, 52.0734, 0.826928, 0.534934, 0.173310, 0.043049, -0.548686, 0.835043, 0.040568, -0.032262, -0.123020, -0.128640, 0.984031, 0.188651, 0.000000, 0.000000, 0.000000, 1.000000, -0.123020, -0.128640, 0.984031, 0.210651, -0.826928, -0.534934, -0.173310, -0.043049, 0.548686, -0.835043, -0.040568, 0.232335, 0.000000, 0.000000, 0.000000, 1.000000, -0.017867, -0.038169, -0.999112, 0.142524, -0.998980, 0.042131, 0.016255, 0.017957, 0.041473, 0.998383, -0.038882, 0.052073, 0.000000, 0.000000, 0.000000, 1.000000
-18.0079, 42.3691, -31.7871, 188.7726, 210.7726, -42.3691, 231.8606, 142.5170, 17.9074, 51.8316, 0.823006, 0.540824, 0.173697, 0.042369, -0.554440, 0.831328, 0.038602, -0.031787, -0.123522, -0.128074, 0.984042, 0.188773, 0.000000, 0.000000, 0.000000, 1.000000, -0.123522, -0.128074, 0.984042, 0.210773, -0.823006, -0.540824, -0.173697, -0.042369, 0.554440, -0.831328, -0.038602, 0.231861, 0.000000, 0.000000, 0.000000, 1.000000, -0.016200, -0.039715, -0.999080, 0.142517, -0.998771, 0.047453, 0.014308, 0.017907, 0.046841, 0.998084, -0.040435, 0.051832, 0.000000, 0.000000, 0.000000, 1.000000
-17.6522, 41.1608, -30.9485, 188.9246, 210.9246, -41.1608, 231.0220, 142.5679, 18.9296, 51.6687, 0.816949, 0.549775, 0.174189, 0.041161, -0.563401, 0.825335, 0.037440, -0.030949, -0.123181, -0.128725, 0.984000, 0.188925, 0.000000, 0.000000, 0.000000, 1.000000, -0.123181, -0.128725, 0.984000, 0.210925, -0.816949, -0.549775, -0.174189, -0.041161, 0.563401, -0.825335, -0.037440, 0.231022, 0.000000, 0.000000, 0.000000, 1.000000, -0.014710, -0.040570, -0.999068, 0.142568, -0.998995, 0.042902, 0.012966, 0.018930, 0.042336, 0.998255, -0.041160, 0.051669, 0.000000, 0.000000, 0.000000, 1.000000
-16.7502, 40.4934, -30.5033, 188.9393, 210.9393, -40.4934, 230.5767, 142.6647, 18.5682, 51.3357, 0.814337, 0.554068, 0.172811, 0.040493, -0.568281, 0.821689, 0.043401, -0.030503, -0.117950, -0.133548, 0.983998, 0.188939, 0.000000, 0.000000, 0.000000, 1.000000, -0.117950, -0.133548, 0.983998, 0.210939, -0.814337, -0.554068, -0.172811, -0.040493, 0.568281, -0.821689, -0.043401, 0.230577, 0.000000, 0.000000, 0.000000, 1.000000, -0.018965, -0.036528, -0.999153, 0.142665, -0.998480, 0.052414, 0.017036, 0.018568, 0.051747, 0.997957, -0.037467, 0.051336, 0.000000, 0.000000, 0.000000, 1.000000
-16.5052, 38.9616, -29.4191, 189.2106, 211.2106, -38.9616, 229.4926, 142.6512, 20.1464, 51.1547, 0.805614, 0.565136, 0.177783, 0.038962, -0.579517, 0.814059, 0.038323, -0.029419, -0.123068, -0.133902, 0.983323, 0.189211, 0.000000, 0.000000, 0.000000, 1.000000, -0.123068, -0.133902, 0.983323, 0.211211, -0.805614, -0.565136, -0.177783, -0.038962, 0.579517, -0.814059, -0.038323, 0.229493, 0.000000, 0.000000, 0.000000, 1.000000, -0.011449, -0.038011, -0.999212, 0.142651, -0.999013, 0.043329, 0.009798, 0.020146, 0.042922, 0.998337, -0.038469, 0.051155, 0.000000, 0.000000, 0.000000, 1.000000
-15.5092, 38.1237, -28.8041, 189.2854, 211.2854, -38.1237, 228.8776, 142.7143, 19.8989, 50.7721, 0.801367, 0.571118, 0.177862, 0.038124, -0.585748, 0.809518, 0.039740, -0.028804, -0.121287, -0.136029, 0.983253, 0.189285, 0.000000, 0.000000, 0.000000, 1.000000, -0.121287, -0.136029, 0.983253, 0.211285, -0.801367, -0.571118, -0.177862, -0.038124, 0.585748, -0.809518, -0.039740, 0.228878, 0.000000, 0.000000, 0.000000, 1.000000, -0.011913, -0.036898, -0.999248, 0.142714, -0.998547, 0.052966, 0.009948, 0.019899, 0.052559, 0.997914, -0.037475, 0.050772, 0.000000, 0.000000, 0.000000, 1.000000
-15.2514, 36.6972, -27.7125, 189.4724, 211.4724, -36.6972, 227.7859, 142.7606, 21.3693, 50.6248, 0.793027, 0.583394, 0.175384, 0.036697, -0.597215, 0.801321, 0.034910, -0.027712, -0.120172, -0.132427, 0.983881, 0.189472, 0.000000, 0.000000, 0.000000, 1.000000, -0.120172, -0.132427, 0.983881, 0.211472, -0.793027, -0.583394, -0.175384, -0.036697, 0.597215, -0.801321, -0.034910, 0.227786, 0.000000, 0.000000, 0.000000, 1.000000, -0.010545, -0.042458, -0.999043, 0.142761, -0.999023, 0.043323, 0.008704, 0.021369, 0.042912, 0.998159, -0.042873, 0.050625, 0.000000, 0.000000, 0.000000, 1.000000
-14.7377, 35.8524, -27.0707, 189.5104, 211.5104, -35.8524, 227.1442, 142.8594, 21.7580, 50.4014, 0.788640, 0.589660, 0.174207, 0.035852, -0.603693, 0.796336, 0.037474, -0.027071, -0.116630, -0.134720, 0.983996, 0.189510, 0.000000, 0.000000, 0.000000, 1.000000, -0.116630, -0.134720, 0.983996, 0.211510, -0.788640, -0.589660, -0.174207, -0.035852, 0.603693, -0.796336, -0.037474, 0.227144, 0.000000, 0.000000, 0.000000, 1.000000, -0.012683, -0.041212, -0.999070, 0.142859, -0.998970, 0.044047, 0.010864, 0.021758, 0.043558, 0.998179, -0.041729, 0.050401, 0.000000, 0.000000, 0.000000, 1.000000
-14.3499, 35.1746, -26.5484, 189.6758, 211.6757, -35.1746, 226.6219, 142.8065, 22.1209, 50.2035, 0.784621, 0.593622, 0.178839, 0.035175, -0.608342, 0.792790, 0.037463, -0.026548, -0.119543, -0.138190, 0.983165, 0.189676, 0.000000, 0.000000, 0.000000, 1.000000, -0.119543, -0.138190, 0.983165, 0.211676, -0.784621, -0.593622, -0.178839, -0.035175, 0.608342, -0.792790, -0.037463, 0.226622, 0.000000, 0.000000, 0.000000, 1.000000, -0.008711, -0.038429, -0.999223, 0.142806, -0.998958, 0.045109, 0.006974, 0.022121, 0.044806, 0.998243, -0.038782, 0.050203, 0.000000, 0.000000, 0.000000, 1.000000
-13.9935, 34.4211, -25.9085, 189.7465, 211.7465, -34.4211, 225.9820, 142.8543, 22.6451, 50.0686, 0.780440, 0.602234, 0.168011, 0.034421, -0.615327, 0.787466, 0.035637, -0.025909, -0.110841, -0.131194, 0.985141, 0.189746, 0.000000, 0.000000, 0.000000, 1.000000, -0.110841, -0.131194, 0.985141, 0.211746, -0.780440, -0.602234, -0.168011, -0.034421, 0.615327, -0.787466, -0.035637, 0.225982, 0.000000, 0.000000, 0.000000, 1.000000, -0.015897, -0.046718, -0.998782, 0.142854, -0.999011, 0.042222, 0.013926, 0.022645, 0.041520, 0.998015, -0.047343, 0.050069, 0.000000, 0.000000, 0.000000, 1.000000
-13.4734, 33.9153, -25.5203, 189.7715, 211.7715, -33.9153, 225.5937, 142.9110, 22.5988, 49.8340, 0.777816, 0.603317, 0.176101, 0.033915, -0.617827, 0.785389, 0.038142, -0.025520, -0.115296, -0.138467, 0.983633, 0.189772, 0.000000, 0.000000, 0.000000, 1.000000, -0.115296, -0.138467, 0.983633, 0.211772, -0.777816, -0.603317, -0.176101, -0.033915, 0.617827, -0.785389, -0.038142, 0.225594, 0.000000, 0.000000, 0.000000, 1.000000, -0.010845, -0.039715, -0.999152, 0.142911, -0.998795, 0.048257, 0.008923, 0.022599, 0.047862, 0.998045, -0.040191, 0.049834, 0.000000, 0.000000, 0.000000, 1.000000
-13.2060, 32.9738, -24.7670, 189.9123, 211.9123, -32.9738, 224.8404, 142.9226, 23.4602, 49.6696, 0.772142, 0.609937, 0.178255, 0.032974, -0.625122, 0.779464, 0.040726, -0.024767, -0.114103, -0.142877, 0.983141, 0.189912, 0.000000, 0.000000, 0.000000, 1.000000, -0.114103, -0.142877, 0.983141, 0.211912, -0.772142, -0.609937, -0.178255, -0.032974, 0.625122, -0.779464, -0.040726, 0.224840, 0.000000, 0.000000, 0.000000, 1.000000, -0.010370, -0.036419, -0.999283, 0.142923, -0.999011, 0.043577, 0.008779, 0.023460, 0.043227, 0.998386, -0.036835, 0.049670, 0.000000, 0.000000, 0.000000, 1.000000
-12.3478, 32.3494, -24.2145, 190.0504, 212.0504, -32.3494, 224.2880, 142.8833, 23.1731, 49.3058, 0.768613, 0.616939, 0.169178, 0.032349, -0.630605, 0.775163, 0.038202, -0.024214, -0.107572, -0.136047, 0.984845, 0.190050, 0.000000, 0.000000, 0.000000, 1.000000, -0.107572, -0.136047, 0.984845, 0.212050, -0.768613, -0.616939, -0.169178, -0.032349, 0.630605, -0.775163, -0.038202, 0.224288, 0.000000, 0.000000, 0.000000, 1.000000, -0.015666, -0.044276, -0.998897, 0.142883, -0.998594, 0.051285, 0.013389, 0.023173, 0.050636, 0.997702, -0.045017, 0.049306, 0.000000, 0.000000, 0.000000, 1.000000
-11.8195, 30.9289, -23.0698, 190.1357, 212.1357, -30.9289, 223.1432, 143.0243, 24.2921, 48.9908, 0.759969, 0.624428, 0.180382, 0.030929, -0.640423, 0.766770, 0.043843, -0.023070, -0.110935, -0.148840, 0.982619, 0.190136, 0.000000, 0.000000, 0.000000, 1.000000, -0.110935, -0.148840, 0.982619, 0.212136, -0.759969, -0.624428, -0.180382, -0.030929, 0.640423, -0.766770, -0.043843, 0.223143, 0.000000, 0.000000, 0.000000, 1.000000, -0.009969, -0.032823, -0.999411, 0.143024, -0.998816, 0.047920, 0.008389, 0.024292, 0.047616, 0.998312, -0.033262, 0.048991, 0.000000, 0.000000, 0.000000, 1.000000
-11.2860, 30.1622, -22.3687, 190.3179, 212.3179, -30.1622, 222.4421, 142.9624, 24.6359, 48.7373, 0.753646, 0.632539, 0.178639, 0.030162, -0.646902, 0.761933, 0.031250, -0.022369, -0.116344, -0.139114, 0.983418, 0.190318, 0.000000, 0.000000, 0.000000, 1.000000, -0.116344, -0.139114, 0.983418, 0.212318, -0.753646, -0.632539, -0.178639, -0.030162, 0.646902, -0.761933, -0.031250, 0.222442, 0.000000, 0.000000, 0.000000, 1.000000, -0.002966, -0.043704, -0.999040, 0.142962, -0.998792, 0.049125, 0.000816, 0.024636, 0.049043, 0.997836, -0.043797, 0.048737, 0.000000, 0.000000, 0.000000, 1.000000
-10.6928, 29.0886, -21.4428, 190.4413, 212.4413, -29.0886, 221.5163, 143.0072, 25.2653, 48.4131, 0.748538, 0.641478, 0.167918, 0.029089, -0.655493, 0.754068, 0.041355, -0.021443, -0.100093, -0.141025, 0.984933, 0.190441, 0.000000, 0.000000, 0.000000, 1.000000, -0.100093, -0.141025, 0.984933, 0.212441, -0.748538, -0.641478, -0.167918, -0.029089, 0.655493, -0.754068, -0.041355, 0.221516, 0.000000, 0.000000, 0.000000, 1.000000, -0.017223, -0.043208, -0.998918, 0.143007, -0.998760, 0.047422, 0.015169, 0.025265, 0.046716, 0.997940, -0.043971, 0.048413, 0.000000, 0.000000, 0.000000, 1.000000
-10.1290, 28.1245, -20.6038, 190.5316, 212.5316, -28.1245, 220.6773, 143.0673, 25.7884, 48.0989, 0.740856, 0.647555, 0.178342, 0.028125, -0.662227, 0.748581, 0.032903, -0.020604, -0.112197, -0.142479, 0.983418, 0.190532, 0.000000, 0.000000, 0.000000, 1.000000, -0.112197, -0.142479, 0.983418, 0.212532, -0.740856, -0.647555, -0.178342, -0.028125, 0.662227, -0.748581, -0.032903, 0.220677, 0.000000, 0.000000, 0.000000, 1.000000, -0.003386, -0.042711, -0.999082, 0.143067, -0.998800, 0.048952, 0.001292, 0.025788, 0.048852, 0.997887, -0.042826, 0.048099, 0.000000, 0.000000, 0.000000, 1.000000
-9.8730, 27.1316, -19.6249, 190.6763, 212.6763, -27.1316, 219.6984, 143.0717, 26.8463, 47.9790, 0.733873, 0.656915, 0.172900, 0.027132, -0.670269, 0.741617, 0.027258, -0.019625, -0.110319, -0.135893, 0.984562, 0.190676, 0.000000, 0.000000, 0.000000, 1.000000, -0.110319, -0.135893, 0.984562, 0.212676, -0.733873, -0.656915, -0.172900, -0.027132, 0.670269, -0.741617, -0.027258, 0.219698, 0.000000, 0.000000, 0.000000, 1.000000, -0.003261, -0.050654, -0.998711, 0.143072, -0.999091, 0.042623, 0.001100, 0.026846, 0.042512, 0.997806, -0.050746, 0.047979, 0.000000, 0.000000, 0.000000, 1.000000
-9.3412, 26.6311, -19.2388, 190.7116, 212.7116, -26.6311, 219.3123, 143.1174, 26.7571, 47.6555, 0.731453, 0.656848, 0.183104, 0.026631, -0.672856, 0.738822, 0.037514, -0.019239, -0.110640, -0.150643, 0.982377, 0.190712, 0.000000, 0.000000, 0.000000, 1.000000, -0.110640, -0.150643, 0.982377, 0.212712, -0.731453, -0.656848, -0.183104, -0.026631, 0.672856, -0.738822, -0.037514, 0.219312, 0.000000, 0.000000, 0.000000, 1.000000, -0.002281, -0.036068, -0.999347, 0.143117, -0.998827, 0.048419, 0.000533, 0.026757, 0.048368, 0.998176, -0.036136, 0.047655, 0.000000, 0.000000, 0.000000, 1.000000
-8.8027, 25.8786, -18.4768, 190.8266, 212.8266, -25.8786, 218.5502, 143.1142, 27.1060, 47.3964, 0.724679, 0.665606, 0.178350, 0.025879, -0.679525, 0.733239, 0.024612, -0.018477, -0.114392, -0.139029, 0.983659, 0.190827, 0.000000, 0.000000, 0.000000, 1.000000, -0.114392, -0.139029, 0.983659, 0.212827, -0.724679, -0.665606, -0.178350, -0.025879, 0.679525, -0.733239, -0.024612, 0.218550, 0.000000, 0.000000, 0.000000, 1.000000, 0.003209, -0.048879, -0.998800, 0.143114, -0.998786, 0.048932, -0.005604, 0.027106, 0.049147, 0.997605, -0.048663, 0.047396, 0.000000, 0.000000, 0.000000, 1.000000
-8.1081, 25.0988, -17.8112, 190.8399, 212.8399, -25.0988, 217.8846, 143.2220, 27.1789, 46.9838, 0.720630, 0.669081, 0.181721, 0.025099, -0.684740, 0.727938, 0.035190, -0.017811, -0.108737, -0.149791, 0.982720, 0.190840, 0.000000, 0.000000, 0.000000, 1.000000, -0.108737, -0.149791, 0.982720, 0.212840, -0.720630, -0.669081, -0.181721, -0.025099, 0.684740, -0.727938, -0.035190, 0.217885, 0.000000, 0.000000, 0.000000, 1.000000, -0.001140, -0.038767, -0.999248, 0.143222, -0.998555, 0.053740, -0.000945, 0.027179, 0.053737, 0.997802, -0.038773, 0.046984, 0.000000, 0.000000, 0.000000, 1.000000
-7.6001, 23.8726, -16.5191, 191.1276, 213.1276, -23.8726, 216.5926, 143.1173, 28.2869, 46.7063, 0.710979, 0.681395, 0.173812, 0.023873, -0.694938, 0.718619, 0.025449, -0.016519, -0.107564, -0.138882, 0.984450, 0.191128, 0.000000, 0.000000, 0.000000, 1.000000, -0.107564, -0.138882, 0.984450, 0.213128, -0.710979, -0.681395, -0.173812, -0.023873, 0.694938, -0.718619, -0.025449, 0.216593, 0.000000, 0.000000, 0.000000, 1.000000, 0.000363, -0.051401, -0.998678, 0.143117, -0.998818, 0.048517, -0.002860, 0.028287, 0.048600, 0.997499, -0.051322, 0.046706, 0.000000, 0.000000, 0.000000, 1.000000
-7.3734, 22.9560, -15.6625, 191.0858, 213.0858, -22.9560, 215.7360, 143.2954, 29.2180, 46.5356, 0.705063, 0.686292, 0.178578, 0.022956, -0.701490, 0.711876, 0.033827, -0.015663, -0.103910, -0.149120, 0.983344, 0.191086, 0.000000, 0.000000, 0.000000, 1.000000, -0.103910, -0.149120, 0.983344, 0.213086, -0.705063, -0.686292, -0.178578, -0.022956, 0.701490, -0.711876, -0.033827, 0.215736, 0.000000, 0.000000, 0.000000, 1.000000, -0.001560, -0.042006, -0.999116, 0.143295, -0.999065, 0.043233, -0.000258, 0.029218, 0.043205, 0.998182, -0.042034, 0.046536, 0.000000, 0.000000, 0.000000, 1.000000
-6.9271, 22.6909, -15.3330, 191.1724, 213.1724, -22.6909, 215.4064, 143.2455, 29.0344, 46.3263, 0.702558, 0.690534, 0.171975, 0.022691, -0.703937, 0.709799, 0.025680, -0.015333, -0.104335, -0.139101, 0.984767, 0.191172, 0.000000, 0.000000, 0.000000, 1.000000, -0.104335, -0.139101, 0.984767, 0.213172, -0.702558, -0.690534, -0.171975, -0.022691, 0.703937, -0.709799, -0.025680, 0.215406, 0.000000, 0.000000, 0.000000, 1.000000, -0.000470, -0.052539, -0.998619, 0.143246, -0.998865, 0.047594, -0.002033, 0.029034, 0.047635, 0.997484, -0.052501, 0.046326, 0.000000, 0.000000, 0.000000, 1.000000
-6.6067, 21.9298, -14.6132, 191.2621, 213.2621, -21.9298, 214.6867, 143.2715, 29.6420, 46.0834, 0.697106, 0.694632, 0.177566, 0.021930, -0.709467, 0.704054, 0.031064, -0.014613, -0.103438, -0.147632, 0.983619, 0.191262, 0.000000, 0.000000, 0.000000, 1.000000, -0.103438, -0.147632, 0.983619, 0.213262, -0.697106, -0.694632, -0.177566, -0.021930, 0.709467, -0.704054, -0.031064, 0.214687, 0.000000, 0.000000, 0.000000, 1.000000, 0.000136, -0.044707, -0.999000, 0.143271, -0.998967, 0.045383, -0.002167, 0.029642, 0.045435, 0.997969, -0.044654, 0.046083, 0.000000, 0.000000, 0.000000, 1.000000
-6.0735, 21.1965, -13.9121, 191.2359, 213.2359, -21.1965, 213.9855, 143.4059, 29.9103, 45.7501, 0.691584, 0.697830, 0.186401, 0.021196, -0.714321, 0.699024, 0.033333, -0.013912, -0.107038, -0.156202, 0.981908, 0.191236, 0.000000, 0.000000, 0.000000, 1.000000, -0.107038, -0.156202, 0.981908, 0.213236, -0.691584, -0.697830, -0.186401, -0.021196, 0.714321, -0.699024, -0.033333, 0.213986, 0.000000, 0.000000, 0.000000, 1.000000, 0.005105, -0.036693, -0.999314, 0.143406, -0.998823, 0.048013, -0.006865, 0.029910, 0.048232, 0.998173, -0.036404, 0.045750, 0.000000, 0.000000, 0.000000, 1.000000
-5.6068, 20.5131, -13.1428, 191.3199, 213.3199, -20.5131, 213.2162, 143.4182, 30.2960, 45.4993, 0.686671, 0.704746, 0.178368, 0.020513, -0.719944, 0.693275, 0.032412, -0.013143, -0.100816, -0.150671, 0.983430, 0.191320, 0.000000, 0.000000, 0.000000, 1.000000, -0.100816, -0.150671, 0.983430, 0.213320, -0.686671, -0.704746, -0.178368, -0.020513, 0.719944, -0.693275, -0.032412, 0.213216, 0.000000, 0.000000, 0.000000, 1.000000, 0.000407, -0.043173, -0.999068, 0.143418, -0.998853, 0.047808, -0.002473, 0.030296, 0.047870, 0.997923, -0.043104, 0.045499, 0.000000, 0.000000, 0.000000, 1.000000
-5.0375, 19.7671, -12.3980, 191.3367, 213.3367, -19.7671, 212.4715, 143.5106, 30.5526, 45.1335, 0.680471, 0.709061, 0.184911, 0.019767, -0.725371, 0.687577, 0.032770, -0.012398, -0.103904, -0.156428, 0.982209, 0.191337, 0.000000, 0.000000, 0.000000, 1.000000, -0.103904, -0.156428, 0.982209, 0.213337, -0.680471, -0.709061, -0.184911, -0.019767, 0.725371, -0.687577, -0.032770, 0.212471, 0.000000, 0.000000, 0.000000, 1.000000, 0.005053, -0.038095, -0.999261, 0.143511, -0.998720, 0.050100, -0.006960, 0.030553, 0.050328, 0.998017, -0.037793, 0.045134, 0.000000, 0.000000, 0.000000, 1.000000
-4.8023, 18.7961, -11.3544, 191.3858, 213.3858, -18.7961, 211.4279, 143.5996, 31.6472, 44.9564, 0.671965, 0.715743, 0.190197, 0.018796, -0.732552, 0.680103, 0.028765, -0.011354, -0.108765, -0.158658, 0.981324, 0.191386, 0.000000, 0.000000, 0.000000, 1.000000, -0.108765, -0.158658, 0.981324, 0.213386, -0.671965, -0.715743, -0.190197, -0.018796, 0.732552, -0.680103, -0.028765, 0.211428, 0.000000, 0.000000, 0.000000, 1.000000, 0.012019, -0.036843, -0.999249, 0.143600, -0.998938, 0.044016, -0.013639, 0.031647, 0.044486, 0.998351, -0.036275, 0.044956, 0.000000, 0.000000, 0.000000, 1.000000
-4.2278, 18.4370, -10.8945, 191.5715, 213.5715, -18.4370, 210.9680, 143.4644, 31.4400, 44.6321, 0.669035, 0.720213, 0.183537, 0.018437, -0.735593, 0.676964, 0.024951, -0.010895, -0.106278, -0.151701, 0.982696, 0.191571, 0.000000, 0.000000, 0.000000, 1.000000, -0.106278, -0.151701, 0.982696, 0.213571, -0.669035, -0.720213, -0.183537, -0.018437, 0.735593, -0.676964, -0.024951, 0.210968, 0.000000, 0.000000, 0.000000, 1.000000, 0.010393, -0.044368, -0.998961, 0.143464, -0.998701, 0.049378, -0.012583, 0.031440, 0.049885, 0.997794, -0.043797, 0.044632, 0.000000, 0.000000, 0.000000, 1.000000
-3.7604, 17.6148, -9.9937, 191.6303, 213.6303, -17.6148, 210.0672, 143.5218, 32.0017, 44.3194, 0.663670, 0.726306, 0.178947, 0.017615, -0.742239, 0.669113, 0.037001, -0.009994, -0.092862, -0.157379, 0.983163, 0.191630, 0.000000, 0.000000, 0.000000, 1.000000, -0.092862, -0.157379, 0.983163, 0.213630, -0.663670, -0.726306, -0.178947, -0.017615, 0.742239, -0.669113, -0.037001, 0.210067, 0.000000, 0.000000, 0.000000, 1.000000, -0.001169, -0.039605, -0.999215, 0.143522, -0.998888, 0.047135, -0.000700, 0.032002, 0.047126, 0.998103, -0.039616, 0.044319, 0.000000, 0.000000, 0.000000, 1.000000
-3.2183, 16.9491, -9.1866, 191.7272, 213.7272, -16.9491, 209.2600, 143.5155, 32.2875, 44.0018, 0.657837, 0.732905, 0.173495, 0.016949, -0.747608, 0.663346, 0.032478, -0.009187, -0.091284, -0.151071, 0.984299, 0.191727, 0.000000, 0.000000, 0.000000, 1.000000, -0.091284, -0.151071, 0.984299, 0.213727, -0.657837, -0.732905, -0.173495, -0.016949, 0.747608, -0.663346, -0.032478, 0.209260, 0.000000, 0.000000, 0.000000, 1.000000, -0.001158, -0.046775, -0.998905, 0.143515, -0.998822, 0.048502, -0.001114, 0.032287, 0.048501, 0.997727, -0.046776, 0.044002, 0.000000, 0.000000, 0.000000, 1.000000
-2.7514, 16.0729, -8.3356, 191.5961, 213.5961, -16.0729, 208.4091, 143.7727, 32.8221, 43.6275, 0.651358, 0.734820, 0.189134, 0.016073, -0.753040, 0.656612, 0.042333, -0.008336, -0.093080, -0.169999, 0.981038, 0.191596, 0.000000, 0.000000, 0.000000, 1.000000, -0.093080, -0.169999, 0.981038, 0.213596, -0.651358, -0.734820, -0.189134, -0.016073, 0.753040, -0.656612, -0.042333, 0.208409, 0.000000, 0.000000, 0.000000, 1.000000, 0.002286, -0.028278, -0.999597, 0.143773, -0.998810, 0.048639, -0.003660, 0.032822, 0.048723, 0.998416, -0.028133, 0.043627, 0.000000, 0.000000, 0.000000, 1.000000
-2.5258, 15.4309, -7.5192, 191.6951, 213.6950, -15.4309, 207.5927, 143.7588, 33.5445, 43.4911, 0.644531, 0.740642, 0.189816, 0.015431, -0.758132, 0.651258, 0.033142, -0.007519, -0.099073, -0.165267, 0.981260, 0.191695, 0.000000, 0.000000, 0.000000, 1.000000, -0.099073, -0.165267, 0.981260, 0.213695, -0.644531, -0.740642, -0.189816, -0.015431, 0.758132, -0.651258, -0.033142, 0.207593, 0.000000, 0.000000, 0.000000, 1.000000, 0.009877, -0.033775, -0.999381, 0.143759, -0.998914, 0.045175, -0.011399, 0.033545, 0.045532, 0.998408, -0.033292, 0.043491, 0.000000, 0.000000, 0.000000, 1.000000
-1.7101, 14.9007, -6.8911, 191.8265, 213.8265, -14.9007, 206.9645, 143.7017, 33.2095, 42.9652, 0.639972, 0.745496, 0.186203, 0.014901, -0.762591, 0.645942, 0.034853, -0.006891, -0.094294, -0.164302, 0.981893, 0.191826, 0.000000, 0.000000, 0.000000, 1.000000, -0.094294, -0.164302, 0.981893, 0.213826, -0.639972, -0.745496, -0.186203, -0.014901, 0.762591, -0.645942, -0.034853, 0.206965, 0.000000, 0.000000, 0.000000, 1.000000, 0.006440, -0.035395, -0.999353, 0.143702, -0.998596, 0.052310, -0.008288, 0.033209, 0.052570, 0.998003, -0.035008, 0.042965, 0.000000, 0.000000, 0.000000, 1.000000
-1.1424, 13.8643, -5.5731, 191.8834, 213.8834, -13.8643, 205.6465, 143.7795, 34.0704, 42.6080, 0.630341, 0.753937, 0.185067, 0.013864, -0.770513, 0.636689, 0.030599, -0.005573, -0.094761, -0.161884, 0.982249, 0.191883, 0.000000, 0.000000, 0.000000, 1.000000, -0.094761, -0.161884, 0.982249, 0.213883, -0.630341, -0.753937, -0.185067, -0.013864, 0.770513, -0.636689, -0.030599, 0.205647, 0.000000, 0.000000, 0.000000, 1.000000, 0.009399, -0.038934, -0.999198, 0.143779, -0.998687, 0.049955, -0.011340, 0.034070, 0.050357, 0.997992, -0.038413, 0.042608, 0.000000, 0.000000, 0.000000, 1.000000
-0.8659, 12.9896, -4.5139, 191.9380, 213.9380, -12.9896, 204.5873, 143.8422, 35.0443, 42.3778, 0.622663, 0.760506, 0.184177, 0.012990, -0.777443, 0.627957, 0.035400, -0.004514, -0.088733, -0.165229, 0.982255, 0.191938, 0.000000, 0.000000, 0.000000, 1.000000, -0.088733, -0.165229, 0.982255, 0.213938, -0.622663, -0.760506, -0.184177, -0.012990, 0.777443, -0.627957, -0.035400, 0.204587, 0.000000, 0.000000, 0.000000, 1.000000, 0.005549, -0.036491, -0.999319, 0.143842, -0.999022, 0.043624, -0.007141, 0.035044, 0.043855, 0.998381, -0.036213, 0.042378, 0.000000, 0.000000, 0.000000, 1.000000
-0.3966, 12.6284, -4.0610, 192.0220, 214.0220, -12.6284, 204.1345, 143.8070, 34.9494, 42.0578, 0.620141, 0.762470, 0.184567, 0.012628, -0.779867, 0.624686, 0.039676, -0.004061, -0.085045, -0.168542, 0.982019, 0.192022, 0.000000, 0.000000, 0.000000, 1.000000, -0.085045, -0.168542, 0.982019, 0.214022, -0.620141, -0.762470, -0.184567, -0.012628, 0.779867, -0.624686, -0.039676, 0.204134, 0.000000, 0.000000, 0.000000, 1.000000, 0.002626, -0.033462, -0.999437, 0.143807, -0.998849, 0.047769, -0.004224, 0.034949, 0.047883, 0.998298, -0.033298, 0.042058, 0.000000, 0.000000, 0.000000, 1.000000
-0.1479, 11.9858, -3.1928, 192.1517, 214.1517, -11.9858, 203.2663, 143.7600, 35.6756, 41.8791, 0.613172, 0.768840, 0.181399, 0.011986, -0.785051, 0.618619, 0.031710, -0.003193, -0.087837, -0.161852, 0.982898, 0.192152, 0.000000, 0.000000, 0.000000, 1.000000, -0.087837, -0.161852, 0.982898, 0.214152, -0.613172, -0.768840, -0.181399, -0.011986, 0.785051, -0.618619, -0.031710, 0.203266, 0.000000, 0.000000, 0.000000, 1.000000, 0.007128, -0.040940, -0.999136, 0.143760, -0.998993, 0.043964, -0.008929, 0.035676, 0.044292, 0.998194, -0.040585, 0.041879, 0.000000, 0.000000, 0.000000, 1.000000
0.6453, 11.2886, -2.4114, 191.8959, 213.8959, -11.2886, 202.4848, 144.1060, 35.5409, 41.3372, 0.606754, 0.770623, 0.194909, 0.011289, -0.789672, 0.612418, 0.036908, -0.002411, -0.090923, -0.176308, 0.980127, 0.191896, 0.000000, 0.000000, 0.000000, 1.000000, -0.090923, -0.176308, 0.980127, 0.213896, -0.606754, -0.770623, -0.194909, -0.011289, 0.789672, -0.612418, -0.036908, 0.202485, 0.000000, 0.000000, 0.000000, 1.000000, 0.011767, -0.026812, -0.999571, 0.144106, -0.998629, 0.050686, -0.013115, 0.035541, 0.051016, 0.998355, -0.026179, 0.041337, 0.000000, 0.000000, 0.000000, 1.000000
1.0806, 10.4552, -1.2775, 192.0387, 214.0387, -10.4552, 201.3509, 144.0692, 36.3172, 41.0132, 0.598817, 0.778247, 0.189076, 0.010455, -0.796148, 0.604089, 0.034994, -0.001277, -0.086985, -0.171487, 0.981339, 0.192039, 0.000000, 0.000000, 0.000000, 1.000000, -0.086985, -0.171487, 0.981339, 0.214039, -0.598817, -0.778247, -0.189076, -0.010455, 0.796148, -0.604089, -0.034994, 0.201351, 0.000000, 0.000000, 0.000000, 1.000000, 0.009982, -0.032585, -0.999419, 0.144069, -0.998808, 0.047440, -0.011523, 0.036317, 0.047788, 0.998342, -0.032073, 0.041013, 0.000000, 0.000000, 0.000000, 1.000000
1.3443, 9.8686, -0.4955, 192.1510, 214.1510, -9.8686, 200.5690, 144.0329, 36.9120, 40.7912, 0.593845, 0.781521, 0.191241, 0.009869, -0.800974, 0.596717, 0.048674, -0.000496, -0.076077, -0.182083, 0.980336, 0.192151, 0.000000, 0.000000, 0.000000, 1.000000, -0.076077, -0.182083, 0.980336, 0.214151, -0.593845, -0.781521, -0.191241, -0.009869, 0.800974, -0.596717, -0.048674, 0.200569, 0.000000, 0.000000, 0.000000, 1.000000, 0.000674, -0.022463, -0.999747, 0.144033, -0.999056, 0.043408, -0.001648, 0.036912, 0.043434, 0.998805, -0.022413, 0.040791, 0.000000, 0.000000, 0.000000, 1.000000
1.8303, 9.4698, 0.0530, 192.2314, 214.2314, -9.4698, 200.0205, 144.0032, 36.8777, 40.4459, 0.588889, 0.785282, 0.191157, 0.009470, -0.803529, 0.594292, 0.034017, 0.000053, -0.086890, -0.173632, 0.980970, 0.192231, 0.000000, 0.000000, 0.000000, 1.000000, -0.086890, -0.173632, 0.980970, 0.214231, -0.588889, -0.785282, -0.191157, -0.009470, 0.803529, -0.594292, -0.034017, 0.200020, 0.000000, 0.000000, 0.000000, 1.000000, 0.012420, -0.031344, -0.999431, 0.144003, -0.998734, 0.048332, -0.013927, 0.036878, 0.048741, 0.998339, -0.030704, 0.040446, 0.000000, 0.000000, 0.000000, 1.000000
2.2858, 8.9251, 0.8526, 192.3007, 214.3007, -8.9251, 199.2208, 143.9990, 37.1742, 40.1362, 0.584721, 0.789627, 0.185985, 0.008925, -0.807955, 0.587439, 0.046083, 0.000853, -0.072867, -0.177213, 0.981471, 0.192301, 0.000000, 0.000000, 0.000000, 1.000000, -0.072867, -0.177213, 0.981471, 0.214301, -0.584721, -0.789627, -0.185985, -0.008925, 0.807955, -0.587439, -0.046083, 0.199221, 0.000000, 0.000000, 0.000000, 1.000000, -0.000122, -0.028325, -0.999599, 0.143999, -0.998849, 0.047944, -0.001237, 0.037174, 0.047960, 0.998448, -0.028298, 0.040136, 0.000000, 0.000000, 0.000000, 1.000000
2.5458, 8.2834, 1.6889, 192.1626, 214.1626, -8.2834, 198.3846, 144.2151, 37.8289, 39.9288, 0.577370, 0.793974, 0.190392, 0.008283, -0.812585, 0.581530, 0.039088, 0.001689, -0.079683, -0.177278, 0.980930, 0.192163, 0.000000, 0.000000, 0.000000, 1.000000, -0.079683, -0.177278, 0.980930, 0.214163, -0.577370, -0.793974, -0.190392, -0.008283, 0.812585, -0.581530, -0.039088, 0.198385, 0.000000, 0.000000, 0.000000, 1.000000, 0.008353, -0.028798, -0.999550, 0.144215, -0.998933, 0.045160, -0.009649, 0.037829, 0.045418, 0.998565, -0.028390, 0.039929, 0.000000, 0.000000, 0.000000, 1.000000
2.9859, 7.7322, 2.5028, 192.3793, 214.3793, -7.7322, 197.5706, 144.0675, 38.1683, 39.5812, 0.571791, 0.798556, 0.188054, 0.007732, -0.817225, 0.574557, 0.045017, 0.002503, -0.072100, -0.179423, 0.981126, 0.192379, 0.000000, 0.000000, 0.000000, 1.000000, -0.072100, -0.179423, 0.981126, 0.214379, -0.571791, -0.798556, -0.188054, -0.007732, 0.817225, -0.574557, -0.045017, 0.197571, 0.000000, 0.000000, 0.000000, 1.000000, 0.002404, -0.027222, -0.999627, 0.144067, -0.999009, 0.044373, -0.003611, 0.038168, 0.044454, 0.998644, -0.027089, 0.039581, 0.000000, 0.000000, 0.000000, 1.000000
3.4477, 7.3390, 3.0154, 192.2695, 214.2695, -7.3390, 197.0581, 144.2245, 38.1140, 39.2474, 0.567080, 0.800908, 0.192269, 0.007339, -0.820393, 0.570005, 0.045284, 0.003015, -0.073326, -0.183415, 0.980297, 0.192270, 0.000000, 0.000000, 0.000000, 1.000000, -0.073326, -0.183415, 0.980297, 0.214270, -0.567080, -0.800908, -0.192269, -0.007339, 0.820393, -0.570005, -0.045284, 0.197058, 0.000000, 0.000000, 0.000000, 1.000000, 0.004780, -0.023530, -0.999712, 0.144224, -0.998873, 0.047088, -0.005885, 0.038114, 0.047213, 0.998614, -0.023279, 0.039247, 0.000000, 0.000000, 0.000000, 1.000000
4.0507, 6.7756, 3.8988, 192.3728, 214.3728, -6.7756, 196.1747, 144.1857, 38.2613, 38.8229, 0.560844, 0.806207, 0.188373, 0.006776, -0.824586, 0.564337, 0.039768, 0.003899, -0.074244, -0.177633, 0.981292, 0.192373, 0.000000, 0.000000, 0.000000, 1.000000, -0.074244, -0.177633, 0.981292, 0.214373, -0.560844, -0.806207, -0.188373, -0.006776, 0.824586, -0.564337, -0.039768, 0.196175, 0.000000, 0.000000, 0.000000, 1.000000, 0.007238, -0.029923, -0.999526, 0.144186, -0.998694, 0.050333, -0.008739, 0.038261, 0.050571, 0.998284, -0.029520, 0.038823, 0.000000, 0.000000, 0.000000, 1.000000
4.3073, 6.0463, 5.0542, 192.5535, 214.5535, -6.0463, 195.0192, 144.0890, 39.2490, 38.6061, 0.553466, 0.811722, 0.186500, 0.006046, -0.830307, 0.555312, 0.047120, 0.005054, -0.065317, -0.180931, 0.981324, 0.192553, 0.000000, 0.000000, 0.000000, 1.000000, -0.065317, -0.180931, 0.981324, 0.214553, -0.553466, -0.811722, -0.186500, -0.006046, 0.830307, -0.555312, -0.047120, 0.195019, 0.000000, 0.000000, 0.000000, 1.000000, 0.000420, -0.027288, -0.999628, 0.144089, -0.999028, 0.044060, -0.001623, 0.039249, 0.044088, 0.998656, -0.027243, 0.038606, 0.000000, 0.000000, 0.000000, 1.000000
5.1258, 5.5790, 5.7722, 192.6664, 214.6664, -5.5790, 194.3013, 144.0312, 38.8713, 38.0014, 0.548007, 0.816538, 0.181535, 0.005579, -0.833999, 0.550045, 0.043542, 0.005772, -0.064299, -0.175261, 0.982420, 0.192666, 0.000000, 0.000000, 0.000000, 1.000000, -0.064299, -0.175261, 0.982420, 0.214666, -0.548007, -0.816538, -0.181535, -0.005579, 0.833999, -0.550045, -0.043542, 0.194301, 0.000000, 0.000000, 0.000000, 1.000000, 0.000795, -0.033496, -0.999439, 0.144031, -0.998662, 0.051650, -0.002526, 0.038871, 0.051705, 0.998103, -0.033410, 0.038001, 0.000000, 0.000000, 0.000000, 1.000000
5.5934, 4.6623, 7.1147, 192.6714, 214.6714, -4.6623, 192.9587, 144.1333, 39.7792, 37.5824, 0.537811, 0.821970, 0.187415, 0.004662, -0.840922, 0.538862, 0.049771, 0.007115, -0.060081, -0.184369, 0.981019, 0.192671, 0.000000, 0.000000, 0.000000, 1.000000, -0.060081, -0.184369, 0.981019, 0.214671, -0.537811, -0.821970, -0.187415, -0.004662, 0.840922, -0.538862, -0.049771, 0.192959, 0.000000, 0.000000, 0.000000, 1.000000, -0.000764, -0.025038, -0.999686, 0.144133, -0.998897, 0.046944, -0.000413, 0.039779, 0.046939, 0.998584, -0.025046, 0.037582, 0.000000, 0.000000, 0.000000, 1.000000
6.1095, 4.1662, 7.9850, 192.7319, 214.7319, -4.1662, 192.0884, 144.1231, 39.9936, 37.2213, 0.531748, 0.826276, 0.185771, 0.004166, -0.844940, 0.532519, 0.049993, 0.007985, -0.057619, -0.183549, 0.981320, 0.192732, 0.000000, 0.000000, 0.000000, 1.000000, -0.057619, -0.183549, 0.981320, 0.214732, -0.531748, -0.826276, -0.185771, -0.004166, 0.844940, -0.532519, -0.049993, 0.192088, 0.000000, 0.000000, 0.000000, 1.000000, -0.001652, -0.026338, -0.999652, 0.144123, -0.998831, 0.048346, 0.000377, 0.039994, 0.048319, 0.998483, -0.026387, 0.037221, 0.000000, 0.000000, 0.000000, 1.000000
6.3672, 3.4837, 9.0273, 192.6886, 214.6886, -3.4837, 191.0461, 144.2423, 40.8376, 36.9789, 0.523159, 0.831035, 0.188905, 0.003484, -0.849972, 0.524934, 0.044638, 0.009027, -0.062067, -0.183917, 0.980980, 0.192689, 0.000000, 0.000000, 0.000000, 1.000000, -0.062067, -0.183917, 0.980980, 0.214689, -0.523159, -0.831035, -0.188905, -0.003484, 0.849972, -0.524934, -0.044638, 0.191046, 0.000000, 0.000000, 0.000000, 1.000000, 0.004793, -0.026496, -0.999637, 0.144242, -0.999019, 0.043887, -0.005954, 0.040838, 0.044028, 0.998685, -0.026260, 0.036979, 0.000000, 0.000000, 0.000000, 1.000000
6.8647, 3.0605, 9.7052, 192.6600, 214.6600, -3.0605, 190.3682, 144.3159, 40.8676, 36.5971, 0.518288, 0.833748, 0.190371, 0.003060, -0.853233, 0.519229, 0.048927, 0.009705, -0.058053, -0.187790, 0.980492, 0.192660, 0.000000, 0.000000, 0.000000, 1.000000, -0.058053, -0.187790, 0.980492, 0.214660, -0.518288, -0.833748, -0.190371, -0.003060, 0.853233, -0.519229, -0.048927, 0.190368, 0.000000, 0.000000, 0.000000, 1.000000, 0.002096, -0.022924, -0.999735, 0.144316, -0.998933, 0.046077, -0.003150, 0.040868, 0.046137, 0.998675, -0.022803, 0.036597, 0.000000, 0.000000, 0.000000, 1.000000
7.3255, 2.5375, 10.6530, 192.8663, 214.8663, -2.5375, 189.4204, 144.1642, 41.2459, 36.2261, 0.511435, 0.839008, 0.185741, 0.002538, -0.857377, 0.512751, 0.044633, 0.010653, -0.057791, -0.182077, 0.981585, 0.192866, 0.000000, 0.000000, 0.000000, 1.000000, -0.057791, -0.182077, 0.981585, 0.214866, -0.511435, -0.839008, -0.185741, -0.002538, 0.857377, -0.512751, -0.044633, 0.189420, 0.000000, 0.000000, 0.000000, 1.000000, 0.003527, -0.029190, -0.999568, 0.144164, -0.998922, 0.046172, -0.004873, 0.041246, 0.046294, 0.998507, -0.028996, 0.036226, 0.000000, 0.000000, 0.000000, 1.000000
7.7388, 2.0463, 11.4865, 192.8290, 214.8290, -2.0463, 188.5870, 144.2501, 41.5684, 35.9043, 0.505494, 0.841769, 0.189476, 0.002046, -0.861146, 0.505905, 0.049868, 0.011486, -0.053880, -0.188374, 0.980618, 0.192829, 0.000000, 0.000000, 0.000000, 1.000000, -0.053880, -0.188374, 0.980618, 0.214829, -0.505494, -0.841769, -0.189476, -0.002046, 0.861146, -0.505905, -0.049868, 0.188587, 0.000000, 0.000000, 0.000000, 1.000000, 0.001186, -0.023189, -0.999730, 0.144250, -0.998950, 0.045766, -0.002246, 0.041568, 0.045805, 0.998683, -0.023110, 0.035904, 0.000000, 0.000000, 0.000000, 1.000000
8.1352, 1.5079, 12.3116, 192.8122, 214.8122, -1.5079, 187.7618, 144.3270, 41.9299, 35.5363, 0.499346, 0.844874, 0.191943, 0.001508, -0.865031, 0.498628, 0.055601, 0.012312, -0.048732, -0.193800, 0.979830, 0.192812, 0.000000, 0.000000, 0.000000, 1.000000, -0.048732, -0.193800, 0.979830, 0.214812, -0.499346, -0.844874, -0.191943, -0.001508, 0.865031, -0.498628, -0.055601, 0.187762, 0.000000, 0.000000, 0.000000, 1.000000, -0.002314, -0.018084, -0.999834, 0.144327, -0.999005, 0.044566, 0.001506, 0.041930, 0.044531, 0.998843, -0.018169, 0.035536, 0.000000, 0.000000, 0.000000, 1.000000
8.6357, 1.1334, 13.0813, 192.9422, 214.9422, -1.1334, 186.9922, 144.2301, 42.0071, 35.1680, 0.493119, 0.850252, 0.184132, 0.001133, -0.868449, 0.493585, 0.046580, 0.013081, -0.051280, -0.182878, 0.981797, 0.192942, 0.000000, 0.000000, 0.000000, 1.000000, -0.051280, -0.182878, 0.981797, 0.214942, -0.493119, -0.850252, -0.184132, -0.001133, 0.868449, -0.493585, -0.046580, 0.186992, 0.000000, 0.000000, 0.000000, 1.000000, 0.001684, -0.029549, -0.999562, 0.144230, -0.998900, 0.046795, -0.003066, 0.042007, 0.046865, 0.998467, -0.029438, 0.035168, 0.000000, 0.000000, 0.000000, 1.000000
9.1837, 0.6087, 13.9633, 192.9428, 214.9428, -0.6087, 186.1101, 144.2835, 42.1687, 34.7033, 0.486845, 0.853071, 0.187754, 0.000609, -0.872193, 0.486463, 0.051316, 0.013963, -0.047559, -0.188741, 0.980875, 0.192943, 0.000000, 0.000000, 0.000000, 1.000000, -0.047559, -0.188741, 0.980875, 0.214943, -0.486845, -0.853071, -0.187754, -0.000609, 0.872193, -0.486463, -0.051316, 0.186110, 0.000000, 0.000000, 0.000000, 1.000000, -0.000407, -0.023968, -0.999713, 0.144284, -0.998823, 0.048495, -0.000756, 0.042169, 0.048499, 0.998536, -0.023960, 0.034703, 0.000000, 0.000000, 0.000000, 1.000000
9.6853, -0.0762, 15.2684, 193.0014, 215.0014, 0.0762, 184.8051, 144.2874, 42.8508, 34.2928, 0.476908, 0.859241, 0.185105, -0.000076, -0.877542, 0.477392, 0.044909, 0.015268, -0.049780, -0.183855, 0.981692, 0.193001, 0.000000, 0.000000, 0.000000, 1.000000, -0.049780, -0.183855, 0.981692, 0.215001, -0.476908, -0.859241, -0.185105, 0.000076, 0.877542, -0.477392, -0.044909, 0.184805, 0.000000, 0.000000, 0.000000, 1.000000, 0.004166, -0.029455, -0.999557, 0.144287, -0.998900, 0.046560, -0.005535, 0.042851, 0.046702, 0.998481, -0.029228, 0.034293, 0.000000, 0.000000, 0.000000, 1.000000
9.9266, -0.5375, 16.1163, 193.0291, 215.0291, 0.5375, 183.9571, 144.3033, 43.4331, 34.0679, 0.471147, 0.862319, 0.185544, -0.000538, -0.880917, 0.470691, 0.049343, 0.016116, -0.044784, -0.186697, 0.981396, 0.193029, 0.000000, 0.000000, 0.000000, 1.000000, -0.044784, -0.186697, 0.981396, 0.215029, -0.471147, -0.862319, -0.185544, 0.000538, 0.880917, -0.470691, -0.049343, 0.183957, 0.000000, 0.000000, 0.000000, 1.000000, 0.000702, -0.026903, -0.999638, 0.144303, -0.999060, 0.043297, -0.001866, 0.043433, 0.043332, 0.998700, -0.026847, 0.034068, 0.000000, 0.000000, 0.000000, 1.000000
10.3623, -0.8967, 16.8435, 193.0625, 215.0625, 0.8967, 183.2299, 144.3000, 43.5519, 33.7251, 0.466177, 0.864818, 0.186465, -0.000897, -0.883763, 0.464878, 0.053391, 0.016844, -0.040510, -0.189681, 0.981010, 0.193063, 0.000000, 0.000000, 0.000000, 1.000000, -0.040510, -0.189681, 0.981010, 0.215063, -0.466177, -0.864818, -0.186465, 0.000897, 0.883763, -0.464878, -0.053391, 0.183230, 0.000000, 0.000000, 0.000000, 1.000000, -0.002256, -0.024147, -0.999706, 0.144300, -0.999010, 0.044472, 0.001181, 0.043552, 0.044430, 0.998719, -0.024223, 0.033725, 0.000000, 0.000000, 0.000000, 1.000000
10.7607, -1.2930, 17.6415, 193.2258, 215.2258, 1.2930, 182.4319, 144.1733, 43.8117, 33.3725, 0.460045, 0.869248, 0.181013, -0.001293, -0.886858, 0.459709, 0.046368, 0.017642, -0.042908, -0.181865, 0.982387, 0.193226, 0.000000, 0.000000, 0.000000, 1.000000, -0.042908, -0.181865, 0.982387, 0.215226, -0.460045, -0.869248, -0.181013, 0.001293, 0.886858, -0.459709, -0.046368, 0.182432, 0.000000, 0.000000, 0.000000, 1.000000, 0.001555, -0.032375, -0.999475, 0.144173, -0.998977, 0.045111, -0.003016, 0.043812, 0.045185, 0.998457, -0.032272, 0.033373, 0.000000, 0.000000, 0.000000, 1.000000
11.0911, -1.7580, 18.5226, 193.1361, 215.1361, 1.7580, 181.5508, 144.3025, 44.2739, 33.0922, 0.453410, 0.871984, 0.184562, -0.001758, -0.890416, 0.452374, 0.050177, 0.018523, -0.039738, -0.187087, 0.981539, 0.193136, 0.000000, 0.000000, 0.000000, 1.000000, -0.039738, -0.187087, 0.981539, 0.215136, -0.453410, -0.871984, -0.184562, 0.001758, 0.890416, -0.452374, -0.050177, 0.181551, 0.000000, 0.000000, 0.000000, 1.000000, 0.000066, -0.027389, -0.999625, 0.144302, -0.999078, 0.042905, -0.001242, 0.044274, 0.042923, 0.998704, -0.027361, 0.033092, 0.000000, 0.000000, 0.000000, 1.000000
