# Joint_A_Angle(deg), Cam_X(mm), Cam_Y(mm), Cam_Z(mm), Torso_X(mm), Torso_Y(mm), Torso_Z(mm), EE_X(mm), EE_Y(mm), EE_Z(mm), T_cam2marker_flat(16), T_torso2marker_flat(16), T_ee2marker_flat(16)
-19.7055, 23.0605, 34.2525, 219.5182, 288.5182, -14.0605, 222.8209, 57.6370, 33.2738, -31.1451, 0.370216, -0.859699, -0.351934, 0.023061, 0.852932, 0.464678, -0.237868, 0.034253, 0.368031, -0.212113, 0.905296, 0.219518, 0.000000, 0.000000, 0.000000, 1.000000, 0.368031, -0.212113, 0.905296, 0.288518, -0.370216, 0.859699, 0.351934, -0.014061, -0.852932, -0.464678, 0.237868, 0.222821, 0.000000, 0.000000, 0.000000, 1.000000, 0.975289, -0.213293, 0.057594, 0.057637, 0.073896, 0.069257, -0.994858, 0.033274, 0.208207, 0.974531, 0.083307, -0.031145, 0.000000, 0.000000, 0.000000, 1.000000
-18.8864, 22.9603, 33.9791, 218.9625, 287.9625, -13.9603, 223.0943, 57.6092, 32.8249, -31.2025, 0.371977, -0.859240, -0.351198, 0.022960, 0.853970, 0.465068, -0.233338, 0.033979, 0.363824, -0.213116, 0.906760, 0.218962, 0.000000, 0.000000, 0.000000, 1.000000, 0.363824, -0.213116, 0.906760, 0.287962, -0.371977, 0.859240, 0.351198, -0.013960, -0.853970, -0.465068, 0.233338, 0.223094, 0.000000, 0.000000, 0.000000, 1.000000, 0.976062, -0.212202, 0.047690, 0.057609, 0.064597, 0.073462, -0.995204, 0.032825, 0.207680, 0.974461, 0.085411, -0.031202, 0.000000, 0.000000, 0.000000, 1.000000
-18.2588, 22.7571, 33.5654, 218.5871, 287.5871, -13.7571, 223.5081, 57.3932, 32.3384, -31.2740, 0.376359, -0.860431, -0.343530, 0.022757, 0.857141, 0.464113, -0.223401, 0.033565, 0.351658, -0.210375, 0.912184, 0.218587, 0.000000, 0.000000, 0.000000, 1.000000, 0.351658, -0.210375, 0.912184, 0.287587, -0.376359, 0.860431, 0.343530, -0.013757, -0.857141, -0.464113, 0.223401, 0.223508, 0.000000, 0.000000, 0.000000, 1.000000, 0.976070, -0.211523, 0.050453, 0.057393, 0.067181, 0.072653, -0.995092, 0.032338, 0.206820, 0.974669, 0.085124, -0.031274, 0.000000, 0.000000, 0.000000, 1.000000
-17.4766, 22.5554, 33.1999, 218.0801, 287.0801, -13.5554, 223.8735, 57.2410, 31.8385, -31.3101, 0.380359, -0.861297, -0.336889, 0.022555, 0.859039, 0.463966, -0.216302, 0.033200, 0.342606, -0.207128, 0.916362, 0.218080, 0.000000, 0.000000, 0.000000, 1.000000, 0.342606, -0.207128, 0.916362, 0.287080, -0.380359, 0.861297, 0.336889, -0.013555, -0.859039, -0.463966, 0.216302, 0.223874, 0.000000, 0.000000, 0.000000, 1.000000, 0.976615, -0.209714, 0.047354, 0.057241, 0.063787, 0.072298, -0.995341, 0.031838, 0.205313, 0.975086, 0.083984, -0.031310, 0.000000, 0.000000, 0.000000, 1.000000
-16.9242, 22.3129, 32.7844, 217.5451, 286.5451, -13.3129, 224.2891, 56.8872, 31.5801, -31.3430, 0.384186, -0.862209, -0.330148, 0.022313, 0.861672, 0.463264, -0.207142, 0.032784, 0.331545, -0.204898, 0.920921, 0.217545, 0.000000, 0.000000, 0.000000, 1.000000, 0.331545, -0.204898, 0.920921, 0.286545, -0.384186, 0.862209, 0.330148, -0.013313, -0.861672, -0.463264, 0.207142, 0.224289, 0.000000, 0.000000, 0.000000, 1.000000, 0.976614, -0.209097, 0.050042, 0.056887, 0.066369, 0.071804, -0.995208, 0.031580, 0.204502, 0.975255, 0.084002, -0.031343, 0.000000, 0.000000, 0.000000, 1.000000
-16.5702, 22.1181, 32.4619, 217.1131, 286.1131, -13.1181, 224.6116, 56.5640, 31.4689, -31.3624, 0.387426, -0.863551, -0.322771, 0.022118, 0.863006, 0.462853, -0.202454, 0.032462, 0.324225, -0.200117, 0.924571, 0.217113, 0.000000, 0.000000, 0.000000, 1.000000, 0.324225, -0.200117, 0.924571, 0.286113, -0.387426, 0.863551, 0.322771, -0.013118, -0.863006, -0.462853, 0.202454, 0.224612, 0.000000, 0.000000, 0.000000, 1.000000, 0.976762, -0.207728, 0.052773, 0.056564, 0.068289, 0.068237, -0.995329, 0.031469, 0.203157, 0.975804, 0.080837, -0.031362, 0.000000, 0.000000, 0.000000, 1.000000
-15.3982, 21.9769, 32.0985, 216.5588, 285.5588, -12.9769, 224.9749, 56.6334, 30.6763, -31.4425, 0.389562, -0.862990, -0.321697, 0.021977, 0.865231, 0.462622, -0.193278, 0.032099, 0.315621, -0.203048, 0.926906, 0.216559, 0.000000, 0.000000, 0.000000, 1.000000, 0.315621, -0.203048, 0.926906, 0.285559, -0.389562, 0.862990, 0.321697, -0.012977, -0.865231, -0.462622, 0.193278, 0.224975, 0.000000, 0.000000, 0.000000, 1.000000, 0.977431, -0.207293, 0.040721, 0.056633, 0.057435, 0.075258, -0.995509, 0.030676, 0.203298, 0.975380, 0.085465, -0.031442, 0.000000, 0.000000, 0.000000, 1.000000
-14.6323, 21.6344, 31.4522, 215.8843, 284.8843, -12.6344, 225.6213, 56.1138, 30.2765, -31.5297, 0.395990, -0.864300, -0.310126, 0.021634, 0.868596, 0.462126, -0.178829, 0.031452, 0.297879, -0.198559, 0.933725, 0.215884, 0.000000, 0.000000, 0.000000, 1.000000, 0.297879, -0.198559, 0.933725, 0.284884, -0.395990, 0.864300, 0.310126, -0.012634, -0.868596, -0.462126, 0.178829, 0.225621, 0.000000, 0.000000, 0.000000, 1.000000, 0.977485, -0.205673, 0.047135, 0.056114, 0.063433, 0.073379, -0.995285, 0.030276, 0.201244, 0.975866, 0.084773, -0.031530, 0.000000, 0.000000, 0.000000, 1.000000
-14.2479, 21.3160, 30.9169, 215.2585, 284.2585, -12.3160, 226.1566, 55.5091, 30.2534, -31.5708, 0.399881, -0.864940, -0.303273, 0.021316, 0.871309, 0.461412, -0.167092, 0.030917, 0.284458, -0.197428, 0.938140, 0.215259, 0.000000, 0.000000, 0.000000, 1.000000, 0.284458, -0.197428, 0.938140, 0.284259, -0.399881, 0.864940, 0.303273, -0.012316, -0.871309, -0.461412, 0.167092, 0.226157, 0.000000, 0.000000, 0.000000, 1.000000, 0.977102, -0.205643, 0.054623, 0.055509, 0.071049, 0.073354, -0.994772, 0.030253, 0.200561, 0.975874, 0.086285, -0.031571, 0.000000, 0.000000, 0.000000, 1.000000
-13.4604, 21.1869, 30.6459, 214.8890, 283.8890, -12.1869, 226.4275, 55.5120, 29.7313, -31.6140, 0.401832, -0.865020, -0.300452, 0.021187, 0.872124, 0.461543, -0.162411, 0.030646, 0.279161, -0.196769, 0.939868, 0.214889, 0.000000, 0.000000, 0.000000, 1.000000, 0.279161, -0.196769, 0.939868, 0.283889, -0.401832, 0.865020, 0.300452, -0.012187, -0.872124, -0.461543, 0.162411, 0.226428, 0.000000, 0.000000, 0.000000, 1.000000, 0.977790, -0.204327, 0.046660, 0.055512, 0.063279, 0.075569, -0.995131, 0.029731, 0.199806, 0.975981, 0.086820, -0.031614, 0.000000, 0.000000, 0.000000, 1.000000
-13.1243, 20.8994, 30.1571, 214.4341, 283.4341, -11.8994, 226.9163, 54.9977, 29.6359, -31.6605, 0.406309, -0.865742, -0.292238, 0.020899, 0.875115, 0.460698, -0.148091, 0.030157, 0.262842, -0.195571, 0.944810, 0.214434, 0.000000, 0.000000, 0.000000, 1.000000, 0.262842, -0.195571, 0.944810, 0.283434, -0.406309, 0.865742, 0.292238, -0.011899, -0.875115, -0.460698, 0.148091, 0.226916, 0.000000, 0.000000, 0.000000, 1.000000, 0.977153, -0.204498, 0.057908, 0.054998, 0.074676, 0.075253, -0.994364, 0.029636, 0.198988, 0.975970, 0.088805, -0.031660, 0.000000, 0.000000, 0.000000, 1.000000
-12.2449, 20.7579, 29.9091, 214.1412, 283.1412, -11.7579, 227.1644, 55.0799, 28.9710, -31.6842, 0.407598, -0.866987, -0.286701, 0.020758, 0.875536, 0.460238, -0.147028, 0.029909, 0.259422, -0.191089, 0.946671, 0.214141, 0.000000, 0.000000, 0.000000, 1.000000, 0.259422, -0.191089, 0.946671, 0.283141, -0.407598, 0.866987, 0.286701, -0.011758, -0.875536, -0.460238, 0.147028, 0.227164, 0.000000, 0.000000, 0.000000, 1.000000, 0.978071, -0.202855, 0.047192, 0.055080, 0.063318, 0.073750, -0.995265, 0.028971, 0.198414, 0.976428, 0.084977, -0.031684, 0.000000, 0.000000, 0.000000, 1.000000
-11.4765, 20.4449, 29.2892, 213.2679, 282.2679, -11.4449, 227.7843, 54.5340, 28.8374, -31.7677, 0.411910, -0.866446, -0.282137, 0.020445, 0.877788, 0.460401, -0.132359, 0.029289, 0.244578, -0.193136, 0.950200, 0.213268, 0.000000, 0.000000, 0.000000, 1.000000, 0.244578, -0.193136, 0.950200, 0.282268, -0.411910, 0.866446, 0.282137, -0.011445, -0.877788, -0.460401, 0.132359, 0.227784, 0.000000, 0.000000, 0.000000, 1.000000, 0.978159, -0.202080, 0.048660, 0.054534, 0.065717, 0.078572, -0.994740, 0.028837, 0.197194, 0.976212, 0.090136, -0.031768, 0.000000, 0.000000, 0.000000, 1.000000
-10.6649, 20.1605, 28.8456, 212.8655, 281.8655, -11.1605, 228.2279, 54.3132, 28.2833, -31.7912, 0.415154, -0.868068, -0.272223, 0.020161, 0.879199, 0.459724, -0.125149, 0.028846, 0.233785, -0.187382, 0.954061, 0.212865, 0.000000, 0.000000, 0.000000, 1.000000, 0.233785, -0.187382, 0.954061, 0.281865, -0.415154, 0.868068, 0.272223, -0.011161, -0.879199, -0.459724, 0.125149, 0.228228, 0.000000, 0.000000, 0.000000, 1.000000, 0.978550, -0.200599, 0.046902, 0.054313, 0.063163, 0.075444, -0.995148, 0.028283, 0.196087, 0.976764, 0.086496, -0.031791, 0.000000, 0.000000, 0.000000, 1.000000
-10.0677, 19.8602, 28.2789, 212.3121, 281.3121, -10.8602, 228.7946, 53.8342, 28.0570, -31.8697, 0.419289, -0.867498, -0.267664, 0.019860, 0.881151, 0.459847, -0.110063, 0.028279, 0.218564, -0.189704, 0.957205, 0.212312, 0.000000, 0.000000, 0.000000, 1.000000, 0.218564, -0.189704, 0.957205, 0.281312, -0.419289, 0.867498, 0.267664, -0.010860, -0.881151, -0.459847, 0.110063, 0.228795, 0.000000, 0.000000, 0.000000, 1.000000, 0.978420, -0.200082, 0.051597, 0.053834, 0.068780, 0.079897, -0.994427, 0.028057, 0.194845, 0.976516, 0.091934, -0.031870, 0.000000, 0.000000, 0.000000, 1.000000
-9.1775, 19.5817, 27.7611, 211.6296, 280.6296, -10.5817, 229.3124, 53.5114, 27.7080, -31.9286, 0.421735, -0.868355, -0.260959, 0.019582, 0.882224, 0.459425, -0.103001, 0.027761, 0.209333, -0.186786, 0.959839, 0.211630, 0.000000, 0.000000, 0.000000, 1.000000, 0.209333, -0.186786, 0.959839, 0.280630, -0.421735, 0.868355, 0.260959, -0.010582, -0.882224, -0.459425, 0.103001, 0.229312, 0.000000, 0.000000, 0.000000, 1.000000, 0.978954, -0.198795, 0.046147, 0.053511, 0.063127, 0.079939, -0.994799, 0.027708, 0.194072, 0.976776, 0.090806, -0.031929, 0.000000, 0.000000, 0.000000, 1.000000
-8.7190, 19.2624, 27.2584, 211.3403, 280.3403, -10.2624, 229.8151, 53.0792, 27.3960, -31.9674, 0.425909, -0.869110, -0.251495, 0.019262, 0.883882, 0.459059, -0.089542, 0.027258, 0.193273, -0.184155, 0.963708, 0.211340, 0.000000, 0.000000, 0.000000, 1.000000, 0.193273, -0.184155, 0.963708, 0.280340, -0.425909, 0.869110, 0.251495, -0.010262, -0.883882, -0.459059, 0.089542, 0.229815, 0.000000, 0.000000, 0.000000, 1.000000, 0.978625, -0.198135, 0.055103, 0.053079, 0.071932, 0.078766, -0.994295, 0.027396, 0.192664, 0.977005, 0.091335, -0.031967, 0.000000, 0.000000, 0.000000, 1.000000
-7.4711, 19.0270, 26.8822, 210.8866, 279.8866, -10.0270, 230.1912, 53.1199, 26.5579, -31.9864, 0.428126, -0.869907, -0.244886, 0.019027, 0.884211, 0.459212, -0.085419, 0.026882, 0.186761, -0.179961, 0.965782, 0.210887, 0.000000, 0.000000, 0.000000, 1.000000, 0.186761, -0.179961, 0.965782, 0.279887, -0.428126, 0.869907, 0.244886, -0.010027, -0.884211, -0.459212, 0.085419, 0.230191, 0.000000, 0.000000, 0.000000, 1.000000, 0.979821, -0.195633, 0.040959, 0.053120, 0.057354, 0.078890, -0.995232, 0.026558, 0.191469, 0.977499, 0.088519, -0.031986, 0.000000, 0.000000, 0.000000, 1.000000
-6.8790, 18.5348, 25.9996, 209.9390, 278.9390, -9.5348, 231.0738, 52.1866, 26.6841, -32.0846, 0.432448, -0.869903, -0.237185, 0.018535, 0.885702, 0.459105, -0.068961, 0.026000, 0.168882, -0.180253, 0.969014, 0.209939, 0.000000, 0.000000, 0.000000, 1.000000, 0.168882, -0.180253, 0.969014, 0.278939, -0.432448, 0.869903, 0.237185, -0.009535, -0.885702, -0.459105, 0.068961, 0.231074, 0.000000, 0.000000, 0.000000, 1.000000, 0.979601, -0.194961, 0.048703, 0.052187, 0.065601, 0.081174, -0.994539, 0.026684, 0.189943, 0.977446, 0.092307, -0.032085, 0.000000, 0.000000, 0.000000, 1.000000
-6.4208, 18.3080, 25.5476, 209.5216, 278.5216, -9.3080, 231.5258, 51.8156, 26.5551, -32.1586, 0.435088, -0.870254, -0.230989, 0.018308, 0.886953, 0.458405, -0.056391, 0.025548, 0.154961, -0.180342, 0.971321, 0.209522, 0.000000, 0.000000, 0.000000, 1.000000, 0.154961, -0.180342, 0.971321, 0.278522, -0.435088, 0.870254, 0.230989, -0.009308, -0.886953, -0.458405, 0.056391, 0.231526, 0.000000, 0.000000, 0.000000, 1.000000, 0.979265, -0.195072, 0.054648, 0.051816, 0.071932, 0.082644, -0.993980, 0.026555, 0.189382, 0.977301, 0.094962, -0.032159, 0.000000, 0.000000, 0.000000, 1.000000
-5.5057, 18.0570, 25.1675, 209.1647, 278.1647, -9.0570, 231.9059, 51.7089, 25.9734, -32.1730, 0.436834, -0.870709, -0.225925, 0.018057, 0.887201, 0.458491, -0.051574, 0.025168, 0.148491, -0.177912, 0.972778, 0.209165, 0.000000, 0.000000, 0.000000, 1.000000, 0.148491, -0.177912, 0.972778, 0.278165, -0.436834, 0.870709, 0.225925, -0.009057, -0.887201, -0.458491, 0.051574, 0.231906, 0.000000, 0.000000, 0.000000, 1.000000, 0.980051, -0.193385, 0.045856, 0.051709, 0.062972, 0.083307, -0.994532, 0.025973, 0.188508, 0.977580, 0.093823, -0.032173, 0.000000, 0.000000, 0.000000, 1.000000
-5.1073, 17.7047, 24.6216, 208.8181, 277.8180, -8.7047, 232.4518, 51.1806, 25.8120, -32.2090, 0.440674, -0.871552, -0.214951, 0.017705, 0.887848, 0.458494, -0.038844, 0.024622, 0.132408, -0.173726, 0.975852, 0.208818, 0.000000, 0.000000, 0.000000, 1.000000, 0.132408, -0.173726, 0.975852, 0.277818, -0.440674, 0.871552, 0.214951, -0.008705, -0.887848, -0.458494, 0.038844, 0.232452, 0.000000, 0.000000, 0.000000, 1.000000, 0.979723, -0.192382, 0.055964, 0.051181, 0.072579, 0.080427, -0.994115, 0.025812, 0.186748, 0.978019, 0.092759, -0.032209, 0.000000, 0.000000, 0.000000, 1.000000
-4.2768, 17.4708, 24.2001, 208.3027, 277.3027, -8.4708, 232.8733, 50.9766, 25.4790, -32.2534, 0.441826, -0.871715, -0.211900, 0.017471, 0.888431, 0.457934, -0.031412, 0.024200, 0.124419, -0.174380, 0.976786, 0.208303, 0.000000, 0.000000, 0.000000, 1.000000, 0.124419, -0.174380, 0.976786, 0.277303, -0.441826, 0.871715, 0.211900, -0.008471, -0.888431, -0.457934, 0.031412, 0.232873, 0.000000, 0.000000, 0.000000, 1.000000, 0.980179, -0.191864, 0.049367, 0.050977, 0.066469, 0.083742, -0.994268, 0.025479, 0.186630, 0.977842, 0.094835, -0.032253, 0.000000, 0.000000, 0.000000, 1.000000
-3.6004, 17.1334, 23.6790, 208.0053, 277.0053, -8.1334, 233.3945, 50.6104, 25.0480, -32.2888, 0.444659, -0.873078, -0.200032, 0.017133, 0.888534, 0.458153, -0.024541, 0.023679, 0.113071, -0.166823, 0.979482, 0.208005, 0.000000, 0.000000, 0.000000, 1.000000, 0.113071, -0.166823, 0.979482, 0.277005, -0.444659, 0.873078, 0.200032, -0.008133, -0.888534, -0.458153, 0.024541, 0.233394, 0.000000, 0.000000, 0.000000, 1.000000, 0.980477, -0.190042, 0.050495, 0.050610, 0.066426, 0.078414, -0.994705, 0.025048, 0.185076, 0.978640, 0.089507, -0.032289, 0.000000, 0.000000, 0.000000, 1.000000
-3.0122, 16.7850, 23.1169, 207.5485, 276.5485, -7.7850, 233.9565, 50.1335, 24.8609, -32.3318, 0.447569, -0.872702, -0.195123, 0.016785, 0.888920, 0.457968, -0.009307, 0.023117, 0.097483, -0.169284, 0.980735, 0.207549, 0.000000, 0.000000, 0.000000, 1.000000, 0.097483, -0.169284, 0.980735, 0.276549, -0.447569, 0.872702, 0.195123, -0.007785, -0.888920, -0.457968, 0.009307, 0.233957, 0.000000, 0.000000, 0.000000, 1.000000, 0.980298, -0.189599, 0.055396, 0.050133, 0.072183, 0.082809, -0.993948, 0.024861, 0.183864, 0.978363, 0.094863, -0.032332, 0.000000, 0.000000, 0.000000, 1.000000
-2.4781, 16.5959, 22.7579, 207.1232, 276.1232, -7.5959, 234.3155, 49.8949, 24.7460, -32.3784, 0.448754, -0.872577, -0.192952, 0.016596, 0.888987, 0.457920, -0.003287, 0.022758, 0.091225, -0.170057, 0.981203, 0.207123, 0.000000, 0.000000, 0.000000, 1.000000, 0.091225, -0.170057, 0.981203, 0.276123, -0.448754, 0.872577, 0.192952, -0.007596, -0.888987, -0.457920, 0.003287, 0.234316, 0.000000, 0.000000, 0.000000, 1.000000, 0.980603, -0.188917, 0.052241, 0.049895, 0.069393, 0.085344, -0.993932, 0.024746, 0.183312, 0.978278, 0.096798, -0.032378, 0.000000, 0.000000, 0.000000, 1.000000
-1.7780, 16.3265, 22.3494, 206.7692, 275.7692, -7.3265, 234.7241, 49.6552, 24.4057, -32.3956, 0.450609, -0.873359, -0.184918, 0.016326, 0.888837, 0.458221, 0.001766, 0.022349, 0.083191, -0.165158, 0.982752, 0.206769, 0.000000, 0.000000, 0.000000, 1.000000, 0.083191, -0.165158, 0.982752, 0.275769, -0.450609, 0.873359, 0.184918, -0.007326, -0.888837, -0.458221, -0.001766, 0.234724, 0.000000, 0.000000, 0.000000, 1.000000, 0.981075, -0.187301, 0.049086, 0.049655, 0.065549, 0.082740, -0.994413, 0.024406, 0.182193, 0.978812, 0.093452, -0.032396, 0.000000, 0.000000, 0.000000, 1.000000
-1.0545, 16.0140, 21.7870, 206.2436, 275.2436, -7.0140, 235.2864, 49.2513, 24.2071, -32.4634, 0.452400, -0.873366, -0.180461, 0.016014, 0.888896, 0.457949, 0.012079, 0.021787, 0.072093, -0.165876, 0.983508, 0.206244, 0.000000, 0.000000, 0.000000, 1.000000, 0.072093, -0.165876, 0.983508, 0.275244, -0.452400, 0.873366, 0.180461, -0.007014, -0.888896, -0.457949, -0.012079, 0.235286, 0.000000, 0.000000, 0.000000, 1.000000, 0.981296, -0.186566, 0.047439, 0.049251, 0.064373, 0.085782, -0.994232, 0.024207, 0.181421, 0.978690, 0.096187, -0.032463, 0.000000, 0.000000, 0.000000, 1.000000
-0.6282, 15.6715, 21.3523, 206.1184, 275.1184, -6.6715, 235.7211, 48.8646, 23.8853, -32.4514, 0.454093, -0.875101, -0.167327, 0.015671, 0.888949, 0.457602, 0.019225, 0.021352, 0.059745, -0.157476, 0.985714, 0.206118, 0.000000, 0.000000, 0.000000, 1.000000, 0.059745, -0.157476, 0.985714, 0.275118, -0.454093, 0.875101, 0.167327, -0.006671, -0.888949, -0.457602, -0.019225, 0.235721, 0.000000, 0.000000, 0.000000, 1.000000, 0.981063, -0.186052, 0.053854, 0.048865, 0.069499, 0.078612, -0.994480, 0.023885, 0.180791, 0.979390, 0.090054, -0.032451, 0.000000, 0.000000, 0.000000, 1.000000
0.1294, 15.4015, 20.8462, 205.5960, 274.5960, -6.4015, 236.2272, 48.5478, 23.6871, -32.5186, 0.456196, -0.874022, -0.167243, 0.015402, 0.888615, 0.457445, 0.033278, 0.020846, 0.047419, -0.163796, 0.985354, 0.205596, 0.000000, 0.000000, 0.000000, 1.000000, 0.047419, -0.163796, 0.985354, 0.274596, -0.456196, 0.874022, 0.167243, -0.006402, -0.888615, -0.457445, -0.033278, 0.236227, 0.000000, 0.000000, 0.000000, 1.000000, 0.981320, -0.185281, 0.051792, 0.048548, 0.068960, 0.087444, -0.993780, 0.023687, 0.179599, 0.978787, 0.098587, -0.032519, 0.000000, 0.000000, 0.000000, 1.000000
0.5370, 15.1028, 20.3169, 205.0903, 274.0903, -6.1028, 236.7566, 48.0563, 23.7744, -32.5782, 0.457836, -0.874321, -0.161087, 0.015103, 0.888113, 0.458049, 0.038042, 0.020317, 0.040525, -0.160480, 0.986207, 0.205090, 0.000000, 0.000000, 0.000000, 1.000000, 0.040525, -0.160480, 0.986207, 0.274090, -0.457836, 0.874321, 0.161087, -0.006103, -0.888113, -0.458049, -0.038042, 0.236757, 0.000000, 0.000000, 0.000000, 1.000000, 0.981543, -0.183956, 0.052290, 0.048056, 0.068971, 0.085477, -0.993950, 0.023774, 0.178374, 0.979211, 0.096587, -0.032578, 0.000000, 0.000000, 0.000000, 1.000000
1.5289, 14.8294, 19.8985, 204.8899, 273.8899, -5.8294, 237.1749, 47.9437, 23.0890, -32.6067, 0.459164, -0.874874, -0.154155, 0.014829, 0.887909, 0.457451, 0.048546, 0.019899, 0.028047, -0.159166, 0.986853, 0.204890, 0.000000, 0.000000, 0.000000, 1.000000, 0.028047, -0.159166, 0.986853, 0.273890, -0.459164, 0.874874, 0.154155, -0.005829, -0.887909, -0.457451, -0.048546, 0.237175, 0.000000, 0.000000, 0.000000, 1.000000, 0.981935, -0.183121, 0.047646, 0.047944, 0.064508, 0.087252, -0.994095, 0.023089, 0.177882, 0.979211, 0.097489, -0.032607, 0.000000, 0.000000, 0.000000, 1.000000
2.1054, 14.3721, 19.1645, 204.3276, 273.3276, -5.3721, 237.9090, 47.2641, 23.0881, -32.6629, 0.461758, -0.874651, -0.147532, 0.014372, 0.886944, 0.457264, 0.065115, 0.019164, 0.010508, -0.160920, 0.986912, 0.204328, 0.000000, 0.000000, 0.000000, 1.000000, 0.010508, -0.160920, 0.986912, 0.273328, -0.461758, 0.874651, 0.147532, -0.005372, -0.886944, -0.457264, -0.065115, 0.237909, 0.000000, 0.000000, 0.000000, 1.000000, 0.981697, -0.182409, 0.054748, 0.047264, 0.072273, 0.090850, -0.993239, 0.023088, 0.176202, 0.979016, 0.102371, -0.032663, 0.000000, 0.000000, 0.000000, 1.000000
2.5304, 14.1049, 18.7754, 204.2075, 273.2075, -5.1049, 238.2981, 46.9547, 22.8156, -32.6829, 0.463422, -0.875233, -0.138593, 0.014105, 0.886136, 0.457414, 0.074399, 0.018775, -0.001722, -0.157290, 0.987551, 0.204207, 0.000000, 0.000000, 0.000000, 1.000000, -0.001722, -0.157290, 0.987551, 0.273207, -0.463422, 0.875233, 0.138593, -0.005105, -0.886136, -0.457414, -0.074399, 0.238298, 0.000000, 0.000000, 0.000000, 1.000000, 0.981521, -0.181649, 0.060162, 0.046955, 0.077257, 0.088545, -0.993072, 0.022816, 0.175063, 0.979369, 0.100942, -0.032683, 0.000000, 0.000000, 0.000000, 1.000000
3.7011, 13.8428, 18.3521, 203.7247, 272.7247, -4.8428, 238.7214, 46.8850, 22.3023, -32.7078, 0.463729, -0.875418, -0.136379, 0.013843, 0.885973, 0.457732, 0.074385, 0.018352, -0.002693, -0.155323, 0.987860, 0.203725, 0.000000, 0.000000, 0.000000, 1.000000, -0.002693, -0.155323, 0.987860, 0.272725, -0.463729, 0.875418, 0.136379, -0.004843, -0.885973, -0.457732, -0.074385, 0.238721, 0.000000, 0.000000, 0.000000, 1.000000, 0.982889, -0.179532, 0.041206, 0.046885, 0.058170, 0.090270, -0.994217, 0.022302, 0.174774, 0.979602, 0.099168, -0.032708, 0.000000, 0.000000, 0.000000, 1.000000
4.1748, 13.3082, 17.5757, 203.2570, 272.2570, -4.3082, 239.4977, 46.1000, 22.3306, -32.7340, 0.465737, -0.876473, -0.122003, 0.013308, 0.884721, 0.458238, 0.085364, 0.017576, -0.018912, -0.147696, 0.988852, 0.203257, 0.000000, 0.000000, 0.000000, 1.000000, -0.018912, -0.147696, 0.988852, 0.272257, -0.465737, 0.876473, 0.122003, -0.004308, -0.884721, -0.458238, -0.085364, 0.239498, 0.000000, 0.000000, 0.000000, 1.000000, 0.982627, -0.178584, 0.050521, 0.046100, 0.066397, 0.084064, -0.994246, 0.022331, 0.173309, 0.980327, 0.094461, -0.032734, 0.000000, 0.000000, 0.000000, 1.000000
4.9740, 12.9989, 17.0940, 203.1493, 272.1493, -3.9989, 239.9794, 45.8323, 21.7709, -32.7779, 0.467101, -0.877249, -0.110683, 0.012999, 0.883600, 0.458487, 0.095076, 0.017094, -0.032659, -0.142210, 0.989298, 0.203149, 0.000000, 0.000000, 0.000000, 1.000000, -0.032659, -0.142210, 0.989298, 0.272149, -0.467101, 0.877249, 0.110683, -0.003999, -0.883600, -0.458487, -0.095076, 0.239979, 0.000000, 0.000000, 0.000000, 1.000000, 0.982798, -0.177429, 0.051263, 0.045832, 0.066499, 0.081019, -0.994492, 0.021771, 0.172299, 0.980793, 0.091424, -0.032778, 0.000000, 0.000000, 0.000000, 1.000000
5.5149, 12.6534, 16.5432, 202.5611, 271.5611, -3.6534, 240.5302, 45.3689, 21.9050, -32.8091, 0.469144, -0.875953, -0.112294, 0.012653, 0.882071, 0.458582, 0.107950, 0.016543, -0.043064, -0.149695, 0.987794, 0.202561, 0.000000, 0.000000, 0.000000, 1.000000, -0.043064, -0.149695, 0.987794, 0.271561, -0.469144, 0.875953, 0.112294, -0.003653, -0.882071, -0.458582, -0.107950, 0.240530, 0.000000, 0.000000, 0.000000, 1.000000, 0.983058, -0.176049, 0.051025, 0.045369, 0.067734, 0.090244, -0.993614, 0.021905, 0.170320, 0.980236, 0.100640, -0.032809, 0.000000, 0.000000, 0.000000, 1.000000
6.1260, 12.3909, 16.1039, 202.2713, 271.2713, -3.3909, 240.9695, 45.0853, 21.6997, -32.8541, 0.469480, -0.876008, -0.110448, 0.012391, 0.881463, 0.457772, 0.116054, 0.016104, -0.051105, -0.151841, 0.987083, 0.202271, 0.000000, 0.000000, 0.000000, 1.000000, -0.051105, -0.151841, 0.987083, 0.271271, -0.469480, 0.876008, 0.110448, -0.003391, -0.881463, -0.457772, -0.116054, 0.240970, 0.000000, 0.000000, 0.000000, 1.000000, 0.983258, -0.175801, 0.047936, 0.045085, 0.065286, 0.094270, -0.993404, 0.021700, 0.170122, 0.979902, 0.104169, -0.032854, 0.000000, 0.000000, 0.000000, 1.000000
6.8153, 12.0459, 15.6375, 202.0802, 271.0802, -3.0459, 241.4360, 44.7606, 21.3406, -32.8559, 0.470657, -0.876749, -0.098957, 0.012046, 0.880532, 0.459614, 0.115835, 0.015637, -0.056076, -0.141653, 0.988327, 0.202080, 0.000000, 0.000000, 0.000000, 1.000000, -0.056076, -0.141653, 0.988327, 0.271080, -0.470657, 0.876749, 0.098957, -0.003046, -0.880532, -0.459614, -0.115835, 0.241436, 0.000000, 0.000000, 0.000000, 1.000000, 0.983896, -0.173529, 0.042851, 0.044761, 0.058505, 0.086123, -0.994565, 0.021341, 0.168896, 0.981056, 0.094889, -0.032856, 0.000000, 0.000000, 0.000000, 1.000000
7.3914, 11.6830, 15.0716, 201.7614, 270.7614, -2.6830, 242.0019, 44.3034, 21.2085, -32.8974, 0.471833, -0.877050, -0.090312, 0.011683, 0.878714, 0.459363, 0.129793, 0.015072, -0.072349, -0.140599, 0.987420, 0.201761, 0.000000, 0.000000, 0.000000, 1.000000, -0.072349, -0.140599, 0.987420, 0.270761, -0.471833, 0.877050, 0.090312, -0.002683, -0.878714, -0.459363, -0.129793, 0.242002, 0.000000, 0.000000, 0.000000, 1.000000, 0.983689, -0.173033, 0.049148, 0.044303, 0.064938, 0.086811, -0.994106, 0.021209, 0.167746, 0.981083, 0.096632, -0.032897, 0.000000, 0.000000, 0.000000, 1.000000
8.1503, 11.3380, 14.4720, 201.2442, 270.2442, -2.3380, 242.6015, 43.9003, 21.1509, -32.9627, 0.472968, -0.876055, -0.093963, 0.011338, 0.877815, 0.459356, 0.135764, 0.014472, -0.075775, -0.146694, 0.986275, 0.201244, 0.000000, 0.000000, 0.000000, 1.000000, -0.075775, -0.146694, 0.986275, 0.270244, -0.472968, 0.876055, 0.093963, -0.002338, -0.877815, -0.459356, -0.135764, 0.242601, 0.000000, 0.000000, 0.000000, 1.000000, 0.984484, -0.171197, 0.038515, 0.043900, 0.055441, 0.095211, -0.993912, 0.021151, 0.166488, 0.980626, 0.103225, -0.032963, 0.000000, 0.000000, 0.000000, 1.000000
8.6599, 10.8606, 13.8372, 201.0512, 270.0512, -1.8606, 243.2362, 43.2976, 20.9671, -32.9626, 0.474476, -0.876555, -0.080774, 0.010861, 0.875182, 0.459893, 0.150185, 0.013837, -0.094498, -0.141952, 0.985353, 0.201051, 0.000000, 0.000000, 0.000000, 1.000000, -0.094498, -0.141952, 0.985353, 0.270051, -0.474476, 0.876555, 0.080774, -0.001861, -0.875182, -0.459893, -0.150185, 0.243236, 0.000000, 0.000000, 0.000000, 1.000000, 0.984164, -0.170318, 0.049120, 0.043298, 0.065506, 0.091961, -0.993606, 0.020967, 0.164712, 0.981089, 0.101662, -0.032963, 0.000000, 0.000000, 0.000000, 1.000000
9.3810, 10.6923, 13.5597, 200.8761, 269.8761, -1.6923, 243.5137, 43.2405, 20.6102, -32.9895, 0.474347, -0.877015, -0.076421, 0.010692, 0.874911, 0.460018, 0.151377, 0.013560, -0.097604, -0.138667, 0.985518, 0.200876, 0.000000, 0.000000, 0.000000, 1.000000, -0.097604, -0.138667, 0.985518, 0.269876, -0.474347, 0.877015, 0.076421, -0.001692, -0.874911, -0.460018, -0.151377, 0.243514, 0.000000, 0.000000, 0.000000, 1.000000, 0.984717, -0.169444, 0.040267, 0.043240, 0.056281, 0.090792, -0.994278, 0.020610, 0.164818, 0.981349, 0.098941, -0.032989, 0.000000, 0.000000, 0.000000, 1.000000
10.0595, 10.2807, 12.9439, 200.5630, 269.5630, -1.2807, 244.1295, 42.7584, 20.4429, -33.0231, 0.475461, -0.877032, -0.068933, 0.010281, 0.872504, 0.460075, 0.164521, 0.012944, -0.112576, -0.138367, 0.983962, 0.200563, 0.000000, 0.000000, 0.000000, 1.000000, -0.112576, -0.138367, 0.983962, 0.269563, -0.475461, 0.877032, 0.068933, -0.001281, -0.872504, -0.460075, -0.164521, 0.244130, 0.000000, 0.000000, 0.000000, 1.000000, 0.984771, -0.168331, 0.043473, 0.042758, 0.059687, 0.092497, -0.993922, 0.020443, 0.163287, 0.981381, 0.101136, -0.033023, 0.000000, 0.000000, 0.000000, 1.000000
10.4988, 9.9323, 12.4752, 200.4391, 269.4391, -0.9323, 244.5983, 42.3368, 20.2703, -33.0274, 0.475181, -0.878154, -0.055218, 0.009932, 0.871511, 0.461090, 0.166927, 0.012475, -0.121127, -0.127444, 0.984422, 0.200439, 0.000000, 0.000000, 0.000000, 1.000000, -0.121127, -0.127444, 0.984422, 0.269439, -0.475181, 0.878154, 0.055218, -0.000932, -0.871511, -0.461090, -0.166927, 0.244598, 0.000000, 0.000000, 0.000000, 1.000000, 0.984692, -0.168079, 0.046154, 0.042337, 0.060757, 0.082801, -0.994712, 0.020270, 0.163369, 0.982290, 0.091745, -0.033027, 0.000000, 0.000000, 0.000000, 1.000000
11.6227, 9.5178, 11.8182, 200.0679, 269.0679, -0.5178, 245.2553, 41.9822, 19.8648, -33.0808, 0.476567, -0.877561, -0.052644, 0.009518, 0.869488, 0.461642, 0.175719, 0.011818, -0.129902, -0.129515, 0.983032, 0.200068, 0.000000, 0.000000, 0.000000, 1.000000, -0.129902, -0.129515, 0.983032, 0.269068, -0.476567, 0.877561, 0.052644, -0.000518, -0.869488, -0.461642, -0.175719, 0.245255, 0.000000, 0.000000, 0.000000, 1.000000, 0.985585, -0.165475, 0.035215, 0.041982, 0.050336, 0.088097, -0.994839, 0.019865, 0.161519, 0.982271, 0.095157, -0.033081, 0.000000, 0.000000, 0.000000, 1.000000
12.3847, 9.0394, 11.1590, 199.9021, 268.9021, -0.0394, 245.9145, 41.4456, 19.5407, -33.0963, 0.475918, -0.878864, -0.033175, 0.009039, 0.865668, 0.461443, 0.194138, 0.011159, -0.155313, -0.121112, 0.980413, 0.199902, 0.000000, 0.000000, 0.000000, 1.000000, -0.155313, -0.121112, 0.980413, 0.268902, -0.475918, 0.878864, 0.033175, -0.000039, -0.865668, -0.461443, -0.194138, 0.245914, 0.000000, 0.000000, 0.000000, 1.000000, 0.984933, -0.165960, 0.048614, 0.041446, 0.062904, 0.081961, -0.994648, 0.019541, 0.161087, 0.982721, 0.091165, -0.033096, 0.000000, 0.000000, 0.000000, 1.000000
12.8630, 8.6017, 10.5159, 199.4771, 268.4771, 0.3983, 246.5576, 40.8738, 19.6927, -33.1200, 0.477523, -0.877868, -0.036322, 0.008602, 0.864726, 0.462248, 0.196408, 0.010516, -0.155630, -0.125198, 0.979849, 0.199477, 0.000000, 0.000000, 0.000000, 1.000000, -0.155630, -0.125198, 0.979849, 0.268477, -0.477523, 0.877868, 0.036322, 0.000398, -0.864726, -0.462248, -0.196408, 0.246558, 0.000000, 0.000000, 0.000000, 1.000000, 0.985698, -0.163648, 0.040235, 0.040874, 0.055095, 0.087301, -0.994657, 0.019693, 0.159261, 0.982648, 0.095068, -0.033120, 0.000000, 0.000000, 0.000000, 1.000000
13.7134, 8.1750, 9.8662, 199.2492, 268.2492, 0.8250, 247.2072, 40.4163, 19.3971, -33.1671, 0.477555, -0.878304, -0.022874, 0.008175, 0.860791, 0.462500, 0.212445, 0.009866, -0.176012, -0.121143, 0.976905, 0.199249, 0.000000, 0.000000, 0.000000, 1.000000, -0.176012, -0.121143, 0.976905, 0.268249, -0.477555, 0.878304, 0.022874, 0.000825, -0.860791, -0.462500, -0.212445, 0.247207, 0.000000, 0.000000, 0.000000, 1.000000, 0.985552, -0.162842, 0.046575, 0.040416, 0.061152, 0.085677, -0.994445, 0.019397, 0.157947, 0.982925, 0.094397, -0.033167, 0.000000, 0.000000, 0.000000, 1.000000
14.3741, 7.8243, 9.3616, 199.0493, 268.0492, 1.1757, 247.7118, 40.0520, 19.2035, -33.1872, 0.478107, -0.878065, -0.020377, 0.007824, 0.859045, 0.462667, 0.219046, 0.009362, -0.182909, -0.122232, 0.975502, 0.199049, 0.000000, 0.000000, 0.000000, 1.000000, -0.182909, -0.122232, 0.975502, 0.268049, -0.478107, 0.878065, 0.020377, 0.001176, -0.859045, -0.462667, -0.219046, 0.247712, 0.000000, 0.000000, 0.000000, 1.000000, 0.985990, -0.161438, 0.041968, 0.040052, 0.056834, 0.088599, -0.994445, 0.019204, 0.156823, 0.982898, 0.096532, -0.033187, 0.000000, 0.000000, 0.000000, 1.000000
14.7074, 7.4504, 8.8847, 198.9900, 267.9900, 1.5496, 248.1888, 39.5698, 19.1036, -33.1799, 0.478130, -0.878206, -0.012047, 0.007450, 0.856693, 0.463307, 0.226771, 0.008885, -0.193570, -0.118746, 0.973874, 0.198990, 0.000000, 0.000000, 0.000000, 1.000000, -0.193570, -0.118746, 0.973874, 0.267990, -0.478130, 0.878206, 0.012047, 0.001550, -0.856693, -0.463307, -0.226771, 0.248189, 0.000000, 0.000000, 0.000000, 1.000000, 0.985821, -0.160941, 0.047486, 0.039570, 0.061939, 0.086008, -0.994367, 0.019104, 0.155950, 0.983209, 0.094757, -0.033180, 0.000000, 0.000000, 0.000000, 1.000000
15.3270, 7.2518, 8.5715, 198.8063, 267.8063, 1.7482, 248.5019, 39.4340, 18.9075, -33.2041, 0.477485, -0.878634, -0.003227, 0.007252, 0.854992, 0.463784, 0.232149, 0.008572, -0.202477, -0.113607, 0.972675, 0.198806, 0.000000, 0.000000, 0.000000, 1.000000, -0.202477, -0.113607, 0.972675, 0.267806, -0.477485, 0.878634, 0.003227, 0.001748, -0.854992, -0.463784, -0.232149, 0.248502, 0.000000, 0.000000, 0.000000, 1.000000, 0.985927, -0.160589, 0.046456, 0.039434, 0.060328, 0.082613, -0.994754, 0.018908, 0.155909, 0.983558, 0.091139, -0.033204, 0.000000, 0.000000, 0.000000, 1.000000
15.9220, 6.8693, 8.0380, 198.6582, 267.6582, 2.1307, 249.0355, 39.0001, 18.7428, -33.2196, 0.477657, -0.878542, 0.002699, 0.006869, 0.852051, 0.463999, 0.242308, 0.008038, -0.214130, -0.113441, 0.970196, 0.198658, 0.000000, 0.000000, 0.000000, 1.000000, -0.214130, -0.113441, 0.970196, 0.267658, -0.477657, 0.878542, -0.002699, 0.002131, -0.852051, -0.463999, -0.242308, 0.249035, 0.000000, 0.000000, 0.000000, 1.000000, 0.986023, -0.159528, 0.048064, 0.039000, 0.062080, 0.084068, -0.994524, 0.018743, 0.154614, 0.983607, 0.092796, -0.033220, 0.000000, 0.000000, 0.000000, 1.000000
16.5048, 6.5493, 7.6001, 198.4528, 267.4528, 2.4507, 249.4734, 38.6861, 18.6323, -33.2230, 0.477433, -0.878620, 0.009259, 0.006549, 0.851110, 0.465051, 0.243597, 0.007600, -0.218335, -0.108420, 0.969832, 0.198453, 0.000000, 0.000000, 0.000000, 1.000000, -0.218335, -0.108420, 0.969832, 0.267453, -0.477433, 0.878620, -0.009259, 0.002451, -0.851110, -0.465051, -0.243597, 0.249473, 0.000000, 0.000000, 0.000000, 1.000000, 0.986394, -0.158678, 0.042980, 0.038686, 0.056324, 0.080579, -0.995156, 0.018632, 0.154446, 0.984037, 0.088420, -0.033223, 0.000000, 0.000000, 0.000000, 1.000000
16.9121, 6.1925, 7.0466, 198.1828, 267.1828, 2.8075, 250.0268, 38.2148, 18.7335, -33.2643, 0.477206, -0.878622, 0.017246, 0.006192, 0.846614, 0.464906, 0.259050, 0.007047, -0.235625, -0.109020, 0.965710, 0.198183, 0.000000, 0.000000, 0.000000, 1.000000, -0.235625, -0.109020, 0.965710, 0.267183, -0.477206, 0.878622, -0.017246, 0.002808, -0.846614, -0.464906, -0.259050, 0.250027, 0.000000, 0.000000, 0.000000, 1.000000, 0.985973, -0.158118, 0.053437, 0.038215, 0.067092, 0.082318, -0.994345, 0.018733, 0.152825, 0.983983, 0.091772, -0.033264, 0.000000, 0.000000, 0.000000, 1.000000
17.7108, 5.7627, 6.4533, 198.0644, 267.0644, 3.2373, 250.6202, 37.7724, 18.4474, -33.2806, 0.477330, -0.878449, 0.021973, 0.005763, 0.844126, 0.465340, 0.266289, 0.006453, -0.244146, -0.108560, 0.963643, 0.198064, 0.000000, 0.000000, 0.000000, 1.000000, -0.244146, -0.108560, 0.963643, 0.267064, -0.477330, 0.878449, -0.021973, 0.003237, -0.844126, -0.465340, -0.266289, 0.250620, 0.000000, 0.000000, 0.000000, 1.000000, 0.986474, -0.156597, 0.048435, 0.037772, 0.062160, 0.083972, -0.994527, 0.018447, 0.151673, 0.984086, 0.092571, -0.033281, 0.000000, 0.000000, 0.000000, 1.000000
18.2826, 5.5042, 6.0862, 197.8889, 266.8889, 3.4958, 250.9873, 37.5469, 18.3269, -33.2909, 0.476327, -0.878778, 0.029359, 0.005504, 0.841275, 0.465200, 0.275400, 0.006086, -0.255673, -0.106481, 0.960881, 0.197889, 0.000000, 0.000000, 0.000000, 1.000000, -0.255673, -0.106481, 0.960881, 0.266889, -0.476327, 0.878778, -0.029359, 0.003496, -0.841275, -0.465200, -0.275400, 0.250987, 0.000000, 0.000000, 0.000000, 1.000000, 0.986391, -0.156449, 0.050554, 0.037547, 0.064216, 0.083540, -0.994433, 0.018327, 0.151355, 0.984147, 0.092449, -0.033291, 0.000000, 0.000000, 0.000000, 1.000000
18.8303, 5.1018, 5.5666, 197.8225, 266.8225, 3.8982, 251.5068, 37.0894, 18.1605, -33.2866, 0.476958, -0.878229, 0.035007, 0.005102, 0.839470, 0.466984, 0.277878, 0.005567, -0.260388, -0.103149, 0.959978, 0.197823, 0.000000, 0.000000, 0.000000, 1.000000, -0.260388, -0.103149, 0.959978, 0.266823, -0.476958, 0.878229, -0.035007, 0.003898, -0.839470, -0.466984, -0.277878, 0.251507, 0.000000, 0.000000, 0.000000, 1.000000, 0.986882, -0.154590, 0.046539, 0.037089, 0.059667, 0.081394, -0.994894, 0.018160, 0.150012, 0.984620, 0.089551, -0.033287, 0.000000, 0.000000, 0.000000, 1.000000
19.1391, 4.7907, 5.0970, 197.7106, 266.7106, 4.2093, 251.9765, 36.6591, 18.1863, -33.3215, 0.476965, -0.878078, 0.038509, 0.004791, 0.836687, 0.467028, 0.286076, 0.005097, -0.269181, -0.104228, 0.957433, 0.197711, 0.000000, 0.000000, 0.000000, 1.000000, -0.269181, -0.104228, 0.957433, 0.266711, -0.476965, 0.878078, -0.038509, 0.004209, -0.836687, -0.467028, -0.286076, 0.251976, 0.000000, 0.000000, 0.000000, 1.000000, 0.986828, -0.153808, 0.050140, 0.036659, 0.063506, 0.083257, -0.994502, 0.018186, 0.148788, 0.984587, 0.091928, -0.033321, 0.000000, 0.000000, 0.000000, 1.000000
19.8070, 4.4944, 4.6803, 197.6107, 266.6107, 4.5056, 252.3932, 36.3918, 17.9636, -33.3364, 0.476868, -0.877922, 0.043013, 0.004494, 0.834545, 0.467582, 0.291378, 0.004680, -0.275919, -0.103053, 0.955641, 0.197611, 0.000000, 0.000000, 0.000000, 1.000000, -0.275919, -0.103053, 0.955641, 0.266611, -0.476868, 0.877922, -0.043013, 0.004506, -0.834545, -0.467582, -0.291378, 0.252393, 0.000000, 0.000000, 0.000000, 1.000000, 0.987239, -0.152554, 0.045671, 0.036392, 0.058964, 0.083780, -0.994738, 0.017964, 0.147925, 0.984738, 0.091706, -0.033336, 0.000000, 0.000000, 0.000000, 1.000000
20.0054, 4.2104, 4.2752, 197.4765, 266.4766, 4.7896, 252.7983, 36.0007, 18.0765, -33.3520, 0.475517, -0.878227, 0.051003, 0.004210, 0.831794, 0.467734, 0.298905, 0.004275, -0.286362, -0.099710, 0.952919, 0.197477, 0.000000, 0.000000, 0.000000, 1.000000, -0.286362, -0.099710, 0.952919, 0.266477, -0.475517, 0.878227, -0.051003, 0.004790, -0.831794, -0.467734, -0.298905, 0.252798, 0.000000, 0.000000, 0.000000, 1.000000, 0.986773, -0.153055, 0.053420, 0.036001, 0.066409, 0.081046, -0.994496, 0.018076, 0.147883, 0.984889, 0.090138, -0.033352, 0.000000, 0.000000, 0.000000, 1.000000
20.0061, 4.0268, 4.0391, 197.3758, 266.3758, 4.9732, 253.0344, 35.7306, 18.2390, -33.3456, 0.474749, -0.878356, 0.055710, 0.004027, 0.830287, 0.467967, 0.302704, 0.004039, -0.291952, -0.097453, 0.951455, 0.197376, 0.000000, 0.000000, 0.000000, 1.000000, -0.291952, -0.097453, 0.951455, 0.266376, -0.474749, 0.878356, -0.055710, 0.004973, -0.830287, -0.467967, -0.302704, 0.253034, 0.000000, 0.000000, 0.000000, 1.000000, 0.986365, -0.153442, 0.059486, 0.035731, 0.072223, 0.078812, -0.994270, 0.018239, 0.147875, 0.985010, 0.088819, -0.033346, 0.000000, 0.000000, 0.000000, 1.000000
