# Joint_A_Angle(deg), Cam_X(mm), Cam_Y(mm), Cam_Z(mm), Torso_X(mm), Torso_Y(mm), Torso_Z(mm), EE_X(mm), EE_Y(mm), EE_Z(mm), T_cam2marker_flat(16), T_torso2marker_flat(16), T_ee2marker_flat(16)
-19.7429, 35.8224, -6.0507, 190.3576, 259.3576, -26.8224, 263.1241, -23.6396, -36.5552, -42.6071, 0.644615, 0.760049, -0.082449, 0.035822, -0.708554, 0.634451, 0.308906, -0.006051, 0.287093, -0.140705, 0.947512, 0.190358, 0.000000, 0.000000, 0.000000, 1.000000, 0.287093, -0.140705, 0.947512, 0.259358, -0.644615, -0.760049, 0.082449, -0.026822, 0.708554, -0.634451, -0.308906, 0.263124, 0.000000, 0.000000, 0.000000, 1.000000, -0.982655, 0.182297, 0.034012, -0.023640, 0.028065, -0.035104, 0.998990, -0.036555, 0.183306, 0.982617, 0.029379, -0.042607, 0.000000, 0.000000, 0.000000, 1.000000
-19.3891, 35.7265, -5.9421, 190.4063, 259.4063, -26.7265, 263.0156, -23.7399, -36.4303, -42.6154, 0.645203, 0.760012, -0.078064, 0.035726, -0.709537, 0.633955, 0.307666, -0.005942, 0.283319, -0.143118, 0.948287, 0.190406, 0.000000, 0.000000, 0.000000, 1.000000, 0.283319, -0.143118, 0.948287, 0.259406, -0.645203, -0.760012, 0.078064, -0.026726, 0.709537, -0.633955, -0.307666, 0.263016, 0.000000, 0.000000, 0.000000, 1.000000, -0.982549, 0.182339, 0.036733, -0.023740, 0.030278, -0.038060, 0.998817, -0.036430, 0.183522, 0.982499, 0.031875, -0.042615, 0.000000, 0.000000, 0.000000, 1.000000
-19.0876, 35.4903, -5.7142, 190.1543, 259.1543, -26.4903, 262.7877, -23.5580, -36.5585, -42.6706, 0.645517, 0.759959, -0.075955, 0.035490, -0.710579, 0.634060, 0.305032, -0.005714, 0.279973, -0.142931, 0.949308, 0.190154, 0.000000, 0.000000, 0.000000, 1.000000, 0.279973, -0.142931, 0.949308, 0.259154, -0.645517, -0.759959, 0.075955, -0.026490, 0.710579, -0.634060, -0.305032, 0.262788, 0.000000, 0.000000, 0.000000, 1.000000, -0.982508, 0.182203, 0.038466, -0.023558, 0.032002, -0.038284, 0.998754, -0.036558, 0.183449, 0.982515, 0.031783, -0.042671, 0.000000, 0.000000, 0.000000, 1.000000
-18.8191, 35.4149, -5.5561, 190.1523, 259.1523, -26.4149, 262.6296, -23.5595, -36.4833, -42.6390, 0.646024, 0.759708, -0.074142, 0.035415, -0.712768, 0.635149, 0.297571, -0.005556, 0.273158, -0.139391, 0.951816, 0.190152, 0.000000, 0.000000, 0.000000, 1.000000, 0.273158, -0.139391, 0.951816, 0.259152, -0.646024, -0.759708, 0.074142, -0.026415, 0.712768, -0.635149, -0.297571, 0.262630, 0.000000, 0.000000, 0.000000, 1.000000, -0.982637, 0.182128, 0.035397, -0.023560, 0.029504, -0.034962, 0.998953, -0.036483, 0.183175, 0.982653, 0.028982, -0.042639, 0.000000, 0.000000, 0.000000, 1.000000
-18.5781, 35.2293, -5.3577, 190.1673, 259.1672, -26.2293, 262.4311, -23.4591, -36.3767, -42.6849, 0.646850, 0.759723, -0.066374, 0.035229, -0.714108, 0.633952, 0.296907, -0.005358, 0.267645, -0.144656, 0.952597, 0.190167, 0.000000, 0.000000, 0.000000, 1.000000, 0.267645, -0.144656, 0.952597, 0.259167, -0.646850, -0.759723, 0.066374, -0.026229, 0.714108, -0.633952, -0.296907, 0.262431, 0.000000, 0.000000, 0.000000, 1.000000, -0.982616, 0.182331, 0.034949, -0.023459, 0.027974, -0.040690, 0.998780, -0.036377, 0.183531, 0.982395, 0.034882, -0.042685, 0.000000, 0.000000, 0.000000, 1.000000
-18.2716, 35.0290, -5.1974, 189.9642, 258.9642, -26.0290, 262.2708, -23.3687, -36.4833, -42.7455, 0.646332, 0.760154, -0.066487, 0.035029, -0.714817, 0.633658, 0.295827, -0.005197, 0.267004, -0.143677, 0.952925, 0.189964, 0.000000, 0.000000, 0.000000, 1.000000, 0.267004, -0.143677, 0.952925, 0.258964, -0.646332, -0.760154, 0.066487, -0.026029, 0.714817, -0.633658, -0.295827, 0.262271, 0.000000, 0.000000, 0.000000, 1.000000, -0.982620, 0.181409, 0.039344, -0.023369, 0.032548, -0.040292, 0.998658, -0.036483, 0.182751, 0.982582, 0.033687, -0.042746, 0.000000, 0.000000, 0.000000, 1.000000
-18.0154, 34.8605, -4.9598, 189.8388, 258.8388, -25.8605, 262.0332, -23.2185, -36.5059, -42.7477, 0.646277, 0.760313, -0.065201, 0.034860, -0.717793, 0.634684, 0.286268, -0.004960, 0.259035, -0.138207, 0.955929, 0.189839, 0.000000, 0.000000, 0.000000, 1.000000, 0.259035, -0.138207, 0.955929, 0.258839, -0.646277, -0.760313, 0.065201, -0.025860, 0.717793, -0.634684, -0.286268, 0.262033, 0.000000, 0.000000, 0.000000, 1.000000, -0.982943, 0.180652, 0.034468, -0.023219, 0.028573, -0.035129, 0.998974, -0.036506, 0.181677, 0.982920, 0.029368, -0.042748, 0.000000, 0.000000, 0.000000, 1.000000
-17.7469, 34.7789, -4.8209, 189.8843, 258.8843, -25.7789, 261.8944, -23.2435, -36.3936, -42.7341, 0.647108, 0.760028, -0.060082, 0.034779, -0.718230, 0.634156, 0.286343, -0.004821, 0.255730, -0.142142, 0.956241, 0.189884, 0.000000, 0.000000, 0.000000, 1.000000, 0.255730, -0.142142, 0.956241, 0.258884, -0.647108, -0.760028, 0.060082, -0.025779, 0.718230, -0.634156, -0.286343, 0.261894, 0.000000, 0.000000, 0.000000, 1.000000, -0.982777, 0.181144, 0.036550, -0.023243, 0.029878, -0.039426, 0.998776, -0.036394, 0.182363, 0.982666, 0.033334, -0.042734, 0.000000, 0.000000, 0.000000, 1.000000
-17.4766, 34.5612, -4.6220, 189.6618, 258.6618, -25.5612, 261.6955, -23.0868, -36.5181, -42.7912, 0.646555, 0.760594, -0.058855, 0.034561, -0.719324, 0.633526, 0.284987, -0.004622, 0.254045, -0.141924, 0.956723, 0.189662, 0.000000, 0.000000, 0.000000, 1.000000, 0.254045, -0.141924, 0.956723, 0.258662, -0.646555, -0.760594, 0.058855, -0.025561, 0.719324, -0.633526, -0.284987, 0.261695, 0.000000, 0.000000, 0.000000, 1.000000, -0.982860, 0.180098, 0.039379, -0.023087, 0.032723, -0.039786, 0.998672, -0.036518, 0.181426, 0.982844, 0.033211, -0.042791, 0.000000, 0.000000, 0.000000, 1.000000
-17.2340, 34.3754, -4.3997, 189.4988, 258.4988, -25.3754, 261.4732, -22.9241, -36.5866, -42.8145, 0.647546, 0.760017, -0.055303, 0.034375, -0.721080, 0.634605, 0.278066, -0.004400, 0.246430, -0.140183, 0.958969, 0.189499, 0.000000, 0.000000, 0.000000, 1.000000, 0.246430, -0.140183, 0.958969, 0.258499, -0.647546, -0.760017, 0.055303, -0.025375, 0.721080, -0.634605, -0.278066, 0.261473, 0.000000, 0.000000, 0.000000, 1.000000, -0.982895, 0.180712, 0.035514, -0.022924, 0.029077, -0.038148, 0.998849, -0.036587, 0.181859, 0.982796, 0.032241, -0.042814, 0.000000, 0.000000, 0.000000, 1.000000
-16.9838, 34.3175, -4.2617, 189.6085, 258.6085, -25.3175, 261.3352, -22.9641, -36.4189, -42.7861, 0.648270, 0.759734, -0.050495, 0.034317, -0.722317, 0.634608, 0.274828, -0.004262, 0.240841, -0.141689, 0.960167, 0.189608, 0.000000, 0.000000, 0.000000, 1.000000, 0.240841, -0.141689, 0.960167, 0.258608, -0.648270, -0.759734, 0.050495, -0.025317, 0.722317, -0.634608, -0.274828, 0.261335, 0.000000, 0.000000, 0.000000, 1.000000, -0.982872, 0.181035, 0.034468, -0.022964, 0.027670, -0.039947, 0.998819, -0.036419, 0.182198, 0.982665, 0.034253, -0.042786, 0.000000, 0.000000, 0.000000, 1.000000
-16.7214, 34.1285, -4.0919, 189.4196, 258.4196, -25.1285, 261.1653, -22.8508, -36.5254, -42.8354, 0.648065, 0.759986, -0.049323, 0.034128, -0.723369, 0.634511, 0.272273, -0.004092, 0.238220, -0.140772, 0.960955, 0.189420, 0.000000, 0.000000, 0.000000, 1.000000, 0.238220, -0.140772, 0.960955, 0.258420, -0.648065, -0.759986, 0.049323, -0.025128, 0.723369, -0.634511, -0.272273, 0.261165, 0.000000, 0.000000, 0.000000, 1.000000, -0.982923, 0.180438, 0.036119, -0.022851, 0.029457, -0.039464, 0.998787, -0.036525, 0.181645, 0.982794, 0.033475, -0.042835, 0.000000, 0.000000, 0.000000, 1.000000
-16.4533, 33.9767, -3.9093, 189.3213, 258.3213, -24.9767, 260.9828, -22.7702, -36.5445, -42.8515, 0.647962, 0.760083, -0.049176, 0.033977, -0.724539, 0.635000, 0.267990, -0.003909, 0.234922, -0.138018, 0.962166, 0.189321, 0.000000, 0.000000, 0.000000, 1.000000, 0.234922, -0.138018, 0.962166, 0.258321, -0.647962, -0.760083, 0.049176, -0.024977, 0.724539, -0.635000, -0.267990, 0.260983, 0.000000, 0.000000, 0.000000, 1.000000, -0.982975, 0.180007, 0.036845, -0.022770, 0.030654, -0.037059, 0.998843, -0.036544, 0.181164, 0.982967, 0.030910, -0.042852, 0.000000, 0.000000, 0.000000, 1.000000
-16.1978, 33.8430, -3.7285, 189.3566, 258.3566, -24.8430, 260.8019, -22.7214, -36.4375, -42.8621, 0.649340, 0.759439, -0.040134, 0.033843, -0.726049, 0.634765, 0.264436, -0.003728, 0.226298, -0.142569, 0.963568, 0.189357, 0.000000, 0.000000, 0.000000, 1.000000, 0.226298, -0.142569, 0.963568, 0.258357, -0.649340, -0.759439, 0.040134, -0.024843, 0.726049, -0.634765, -0.264436, 0.260802, 0.000000, 0.000000, 0.000000, 1.000000, -0.982923, 0.180952, 0.033457, -0.022721, 0.026289, -0.041868, 0.998777, -0.036437, 0.182132, 0.982600, 0.036396, -0.042862, 0.000000, 0.000000, 0.000000, 1.000000
-15.9368, 33.6678, -3.5528, 189.1842, 258.1842, -24.6678, 260.6263, -22.6151, -36.5324, -42.8977, 0.649177, 0.759571, -0.040257, 0.033668, -0.726760, 0.635014, 0.261871, -0.003553, 0.224473, -0.140744, 0.964263, 0.189184, 0.000000, 0.000000, 0.000000, 1.000000, 0.224473, -0.140744, 0.964263, 0.258184, -0.649177, -0.759571, 0.040257, -0.024668, 0.726760, -0.635014, -0.261871, 0.260626, 0.000000, 0.000000, 0.000000, 1.000000, -0.982922, 0.180517, 0.035757, -0.022615, 0.028911, -0.040413, 0.998765, -0.036532, 0.181739, 0.982741, 0.034504, -0.042898, 0.000000, 0.000000, 0.000000, 1.000000
-15.6823, 33.4998, -3.3753, 189.0866, 258.0866, -24.4998, 260.4487, -22.5225, -36.5570, -42.9311, 0.648764, 0.759968, -0.039411, 0.033500, -0.728317, 0.635089, 0.257325, -0.003375, 0.220588, -0.138239, 0.965521, 0.189087, 0.000000, 0.000000, 0.000000, 1.000000, 0.220588, -0.138239, 0.965521, 0.258087, -0.648764, -0.759968, 0.039411, -0.024500, 0.728317, -0.635089, -0.257325, 0.260449, 0.000000, 0.000000, 0.000000, 1.000000, -0.983078, 0.179683, 0.035661, -0.022523, 0.029227, -0.038329, 0.998838, -0.036557, 0.180841, 0.982978, 0.032429, -0.042931, 0.000000, 0.000000, 0.000000, 1.000000
-15.4033, 33.3600, -3.1578, 189.0880, 258.0880, -24.3600, 260.2312, -22.4461, -36.4771, -42.9251, 0.649231, 0.759807, -0.034535, 0.033360, -0.729682, 0.635017, 0.253610, -0.003158, 0.214625, -0.139452, 0.966690, 0.189088, 0.000000, 0.000000, 0.000000, 1.000000, 0.214625, -0.139452, 0.966690, 0.258088, -0.649231, -0.759807, 0.034535, -0.024360, 0.729682, -0.635017, -0.253610, 0.260231, 0.000000, 0.000000, 0.000000, 1.000000, -0.983099, 0.179758, 0.034690, -0.022446, 0.027947, -0.039912, 0.998812, -0.036477, 0.180929, 0.982901, 0.034213, -0.042925, 0.000000, 0.000000, 0.000000, 1.000000
-15.1260, 33.2084, -2.9921, 189.0238, 258.0238, -24.2084, 260.0656, -22.3934, -36.4730, -42.9511, 0.648906, 0.760177, -0.032436, 0.033208, -0.731377, 0.634940, 0.248875, -0.002992, 0.209784, -0.137774, 0.967992, 0.189024, 0.000000, 0.000000, 0.000000, 1.000000, 0.209784, -0.137774, 0.967992, 0.258024, -0.648906, -0.760177, 0.032436, -0.024208, 0.731377, -0.634940, -0.248875, 0.260066, 0.000000, 0.000000, 0.000000, 1.000000, -0.983258, 0.178983, 0.034202, -0.022393, 0.027702, -0.038690, 0.998867, -0.036473, 0.180103, 0.983091, 0.033084, -0.042951, 0.000000, 0.000000, 0.000000, 1.000000
-14.8599, 33.0310, -2.8141, 188.8740, 257.8740, -24.0310, 259.8876, -22.2938, -36.5517, -42.9882, 0.649502, 0.759761, -0.030166, 0.033031, -0.731905, 0.635456, 0.245991, -0.002814, 0.206064, -0.137693, 0.968803, 0.188874, 0.000000, 0.000000, 0.000000, 1.000000, 0.206064, -0.137693, 0.968803, 0.257874, -0.649502, -0.759761, 0.030166, -0.024031, 0.731905, -0.635456, -0.245991, 0.259888, 0.000000, 0.000000, 0.000000, 1.000000, -0.983145, 0.179431, 0.035089, -0.022294, 0.028557, -0.038859, 0.998837, -0.036552, 0.180586, 0.983003, 0.033080, -0.042988, 0.000000, 0.000000, 0.000000, 1.000000
-14.6068, 32.8820, -2.6252, 188.8909, 257.8909, -23.8820, 259.6986, -22.2232, -36.4689, -43.0072, 0.649789, 0.759735, -0.024019, 0.032882, -0.733303, 0.634875, 0.243311, -0.002625, 0.200101, -0.140487, 0.969651, 0.188891, 0.000000, 0.000000, 0.000000, 1.000000, 0.200101, -0.140487, 0.969651, 0.257891, -0.649789, -0.759735, 0.024019, -0.023882, 0.733303, -0.634875, -0.243311, 0.259699, 0.000000, 0.000000, 0.000000, 1.000000, -0.983206, 0.179311, 0.033964, -0.022223, 0.026830, -0.042062, 0.998755, -0.036469, 0.180516, 0.982893, 0.036545, -0.043007, 0.000000, 0.000000, 0.000000, 1.000000
-14.3499, 32.7138, -2.4517, 188.7271, 257.7271, -23.7138, 259.5252, -22.1245, -36.5665, -43.0382, 0.649648, 0.759873, -0.023467, 0.032714, -0.734288, 0.635171, 0.239539, -0.002452, 0.196925, -0.138384, 0.970603, 0.188727, 0.000000, 0.000000, 0.000000, 1.000000, 0.196925, -0.138384, 0.970603, 0.257727, -0.649648, -0.759873, 0.023467, -0.023714, 0.734288, -0.635171, -0.239539, 0.259525, 0.000000, 0.000000, 0.000000, 1.000000, -0.983249, 0.178915, 0.034782, -0.022125, 0.027998, -0.040305, 0.998795, -0.036567, 0.180102, 0.983039, 0.034621, -0.043038, 0.000000, 0.000000, 0.000000, 1.000000
-14.1174, 32.5645, -2.2523, 188.7893, 257.7893, -23.5645, 259.3258, -22.0397, -36.4419, -43.0566, 0.649722, 0.759942, -0.018707, 0.032564, -0.735914, 0.634964, 0.235056, -0.002252, 0.190508, -0.138954, 0.971802, 0.188789, 0.000000, 0.000000, 0.000000, 1.000000, 0.190508, -0.138954, 0.971802, 0.257789, -0.649722, -0.759942, 0.018707, -0.023564, 0.735914, -0.634964, -0.235056, 0.259326, 0.000000, 0.000000, 0.000000, 1.000000, -0.983380, 0.178645, 0.032412, -0.022040, 0.025432, -0.041227, 0.998826, -0.036442, 0.179772, 0.983049, 0.035999, -0.043057, 0.000000, 0.000000, 0.000000, 1.000000
-13.8498, 32.4379, -2.1512, 188.6224, 257.6224, -23.4379, 259.2246, -22.0303, -36.5595, -43.0869, 0.649840, 0.759882, -0.016943, 0.032438, -0.735794, 0.634517, 0.236632, -0.002151, 0.190563, -0.141306, 0.971452, 0.188622, 0.000000, 0.000000, 0.000000, 1.000000, 0.190563, -0.141306, 0.971452, 0.257622, -0.649840, -0.759882, 0.016943, -0.023438, 0.735794, -0.634517, -0.236632, 0.259225, 0.000000, 0.000000, 0.000000, 1.000000, -0.983219, 0.178519, 0.037559, -0.022030, 0.030159, -0.043988, 0.998577, -0.036560, 0.179917, 0.982953, 0.037865, -0.043087, 0.000000, 0.000000, 0.000000, 1.000000
-13.5912, 32.3029, -1.9574, 188.5426, 257.5426, -23.3029, 259.0309, -21.9487, -36.5761, -43.0845, 0.649955, 0.759806, -0.015896, 0.032303, -0.737041, 0.635305, 0.230559, -0.001957, 0.185279, -0.138137, 0.972928, 0.188543, 0.000000, 0.000000, 0.000000, 1.000000, 0.185279, -0.138137, 0.972928, 0.257543, -0.649955, -0.759806, 0.015896, -0.023303, 0.737041, -0.635305, -0.230559, 0.259031, 0.000000, 0.000000, 0.000000, 1.000000, -0.983280, 0.178482, 0.036122, -0.021949, 0.029232, -0.041083, 0.998728, -0.036576, 0.179739, 0.983085, 0.035178, -0.043084, 0.000000, 0.000000, 0.000000, 1.000000
-13.3244, 32.1248, -1.7508, 188.4480, 257.4480, -23.1248, 258.8243, -21.8374, -36.6047, -43.1113, 0.649913, 0.759901, -0.012813, 0.032125, -0.737817, 0.634891, 0.229217, -0.001751, 0.182317, -0.139517, 0.973291, 0.188448, 0.000000, 0.000000, 0.000000, 1.000000, 0.182317, -0.139517, 0.973291, 0.257448, -0.649913, -0.759901, 0.012813, -0.023125, 0.737817, -0.634891, -0.229217, 0.258824, 0.000000, 0.000000, 0.000000, 1.000000, -0.983274, 0.178123, 0.037995, -0.021837, 0.030819, -0.042884, 0.998605, -0.036605, 0.179503, 0.983073, 0.036677, -0.043111, 0.000000, 0.000000, 0.000000, 1.000000
-13.0810, 31.9959, -1.5689, 188.3392, 257.3392, -22.9959, 258.6424, -21.7552, -36.6564, -43.1085, 0.649756, 0.760063, -0.011034, 0.031996, -0.739857, 0.635681, 0.220274, -0.001569, 0.174437, -0.134960, 0.975376, 0.188339, 0.000000, 0.000000, 0.000000, 1.000000, 0.174437, -0.134960, 0.975376, 0.257339, -0.649756, -0.760063, 0.011034, -0.022996, 0.739857, -0.635681, -0.220274, 0.258642, 0.000000, 0.000000, 0.000000, 1.000000, -0.983502, 0.177787, 0.033396, -0.021755, 0.026942, -0.038598, 0.998892, -0.036656, 0.178879, 0.983312, 0.033171, -0.043109, 0.000000, 0.000000, 0.000000, 1.000000
-12.8219, 31.8327, -1.3871, 188.2986, 257.2986, -22.8327, 258.4605, -21.6769, -36.6404, -43.1390, 0.649853, 0.760019, -0.007945, 0.031833, -0.740000, 0.635053, 0.221602, -0.001387, 0.173467, -0.138130, 0.975105, 0.188299, 0.000000, 0.000000, 0.000000, 1.000000, 0.173467, -0.138130, 0.975105, 0.257299, -0.649853, -0.760019, 0.007945, -0.022833, 0.740000, -0.635053, -0.221602, 0.258461, 0.000000, 0.000000, 0.000000, 1.000000, -0.983387, 0.177604, 0.037501, -0.021677, 0.030465, -0.042179, 0.998645, -0.036640, 0.178945, 0.983198, 0.036068, -0.043139, 0.000000, 0.000000, 0.000000, 1.000000
-12.5666, 31.6555, -1.1813, 188.2609, 257.2609, -22.6555, 258.2548, -21.5693, -36.6190, -43.1701, 0.649516, 0.760322, -0.006243, 0.031655, -0.741300, 0.635049, 0.217227, -0.001181, 0.169127, -0.136465, 0.976101, 0.188261, 0.000000, 0.000000, 0.000000, 1.000000, 0.169127, -0.136465, 0.976101, 0.257261, -0.649516, -0.760322, 0.006243, -0.022655, 0.741300, -0.635049, -0.217227, 0.258255, 0.000000, 0.000000, 0.000000, 1.000000, -0.983507, 0.177003, 0.037199, -0.021569, 0.030415, -0.040891, 0.998701, -0.036619, 0.178294, 0.983360, 0.034833, -0.043170, 0.000000, 0.000000, 0.000000, 1.000000
-12.3016, 31.5425, -0.9907, 188.3023, 257.3023, -22.5425, 258.0642, -21.5249, -36.5240, -43.1583, 0.650072, 0.759872, 0.001089, 0.031543, -0.743376, 0.635662, 0.208148, -0.000991, 0.157473, -0.136121, 0.978097, 0.188302, 0.000000, 0.000000, 0.000000, 1.000000, 0.157473, -0.136121, 0.978097, 0.257302, -0.650072, -0.759872, -0.001089, -0.022543, 0.743376, -0.635662, -0.208148, 0.258064, 0.000000, 0.000000, 0.000000, 1.000000, -0.983659, 0.177511, 0.030077, -0.021525, 0.023179, -0.040802, 0.998898, -0.036524, 0.178543, 0.983273, 0.036021, -0.043158, 0.000000, 0.000000, 0.000000, 1.000000
-12.0452, 31.3394, -0.8289, 188.0781, 257.0781, -22.3394, 257.9023, -21.4147, -36.6965, -43.2205, 0.649734, 0.760160, 0.001339, 0.031339, -0.743122, 0.634799, 0.211661, -0.000829, 0.160046, -0.138518, 0.977342, 0.188078, 0.000000, 0.000000, 0.000000, 1.000000, 0.160046, -0.138518, 0.977342, 0.257078, -0.649734, -0.760160, -0.001339, -0.022339, 0.743122, -0.634799, -0.211661, 0.257902, 0.000000, 0.000000, 0.000000, 1.000000, -0.983533, 0.176797, 0.037498, -0.021415, 0.030224, -0.043659, 0.998589, -0.036696, 0.178185, 0.983279, 0.037597, -0.043220, 0.000000, 0.000000, 0.000000, 1.000000
-11.7967, 31.2164, -0.7177, 187.9714, 256.9714, -22.2164, 257.7911, -21.4013, -36.7641, -43.2475, 0.649300, 0.760533, 0.000174, 0.031216, -0.743481, 0.634693, 0.210716, -0.000718, 0.160146, -0.136947, 0.977547, 0.187971, 0.000000, 0.000000, 0.000000, 1.000000, 0.160146, -0.136947, 0.977547, 0.256971, -0.649300, -0.760533, -0.000174, -0.022216, 0.743481, -0.634693, -0.210716, 0.257791, 0.000000, 0.000000, 0.000000, 1.000000, -0.983493, 0.176108, 0.041561, -0.021401, 0.034592, -0.042462, 0.998499, -0.036764, 0.177609, 0.983455, 0.035669, -0.043247, 0.000000, 0.000000, 0.000000, 1.000000
-11.5308, 31.1146, -0.5106, 188.0402, 257.0402, -22.1146, 257.5841, -21.3521, -36.6433, -43.2198, 0.649855, 0.760032, 0.006297, 0.031115, -0.745252, 0.635546, 0.201691, -0.000511, 0.149290, -0.135763, 0.979429, 0.188040, 0.000000, 0.000000, 0.000000, 1.000000, 0.149290, -0.135763, 0.979429, 0.257040, -0.649855, -0.760032, -0.006297, -0.022115, 0.745252, -0.635546, -0.201691, 0.257584, 0.000000, 0.000000, 0.000000, 1.000000, -0.983632, 0.176730, 0.035123, -0.021352, 0.028204, -0.041511, 0.998740, -0.036643, 0.177966, 0.983384, 0.035847, -0.043220, 0.000000, 0.000000, 0.000000, 1.000000
-11.2757, 30.8691, -0.3362, 187.8250, 256.8249, -21.8691, 257.4096, -21.2136, -36.8093, -43.3126, 0.649325, 0.760481, 0.006710, 0.030869, -0.745080, 0.634357, 0.206027, -0.000336, 0.152424, -0.138778, 0.978523, 0.187825, 0.000000, 0.000000, 0.000000, 1.000000, 0.152424, -0.138778, 0.978523, 0.256825, -0.649325, -0.760481, -0.006710, -0.021869, 0.745080, -0.634357, -0.206027, 0.257410, 0.000000, 0.000000, 0.000000, 1.000000, -0.983497, 0.175703, 0.043165, -0.021214, 0.035774, -0.045017, 0.998345, -0.036809, 0.177355, 0.983413, 0.037989, -0.043313, 0.000000, 0.000000, 0.000000, 1.000000
-11.0017, 30.7863, -0.1514, 187.8327, 256.8327, -21.7863, 257.2248, -21.1901, -36.7544, -43.2748, 0.649531, 0.760298, 0.007536, 0.030786, -0.746780, 0.636058, 0.194293, -0.000151, 0.142927, -0.131827, 0.980915, 0.187833, 0.000000, 0.000000, 0.000000, 1.000000, 0.142927, -0.131827, 0.980915, 0.256833, -0.649531, -0.760298, -0.007536, -0.021786, 0.746780, -0.636058, -0.194293, 0.257225, 0.000000, 0.000000, 0.000000, 1.000000, -0.983662, 0.176147, 0.037174, -0.021190, 0.030895, -0.038254, 0.998790, -0.036754, 0.177356, 0.983620, 0.032187, -0.043275, 0.000000, 0.000000, 0.000000, 1.000000
-10.7444, 30.6068, 0.0528, 187.8389, 256.8389, -21.6068, 257.0207, -21.0900, -36.7006, -43.3116, 0.649578, 0.760150, 0.014850, 0.030607, -0.747689, 0.635145, 0.193782, 0.000053, 0.137872, -0.136980, 0.980932, 0.187839, 0.000000, 0.000000, 0.000000, 1.000000, 0.137872, -0.136980, 0.980932, 0.256839, -0.649578, -0.760150, -0.014850, -0.021607, 0.747689, -0.635145, -0.193782, 0.257021, 0.000000, 0.000000, 0.000000, 1.000000, -0.983693, 0.175903, 0.037506, -0.021090, 0.030236, -0.043829, 0.998581, -0.036701, 0.177297, 0.983431, 0.037795, -0.043312, 0.000000, 0.000000, 0.000000, 1.000000
-10.4392, 30.4629, 0.2505, 187.7328, 256.7328, -21.4629, 256.8229, -21.0302, -36.7571, -43.3097, 0.649288, 0.760391, 0.015209, 0.030463, -0.749092, 0.635927, 0.185628, 0.000251, 0.131478, -0.131919, 0.982502, 0.187733, 0.000000, 0.000000, 0.000000, 1.000000, 0.131478, -0.131919, 0.982502, 0.256733, -0.649288, -0.760391, -0.015209, -0.021463, 0.749092, -0.635927, -0.185628, 0.256823, 0.000000, 0.000000, 0.000000, 1.000000, -0.983819, 0.175622, 0.035458, -0.021030, 0.029016, -0.039114, 0.998813, -0.036757, 0.176800, 0.983680, 0.033385, -0.043310, 0.000000, 0.000000, 0.000000, 1.000000
-10.1747, 30.3241, 0.4412, 187.8192, 256.8192, -21.3241, 256.6322, -20.9756, -36.6282, -43.3237, 0.649886, 0.759683, 0.023026, 0.030324, -0.750007, 0.636116, 0.181235, 0.000441, 0.123034, -0.135052, 0.983170, 0.187819, 0.000000, 0.000000, 0.000000, 1.000000, 0.123034, -0.135052, 0.983170, 0.256819, -0.649886, -0.759683, -0.023026, -0.021324, 0.750007, -0.636116, -0.181235, 0.256632, 0.000000, 0.000000, 0.000000, 1.000000, -0.983805, 0.176315, 0.032266, -0.020976, 0.025132, -0.042547, 0.998778, -0.036628, 0.177472, 0.983414, 0.037427, -0.043324, 0.000000, 0.000000, 0.000000, 1.000000
-9.8932, 30.1465, 0.6272, 187.7270, 256.7270, -21.1465, 256.4463, -20.8957, -36.6776, -43.3592, 0.649083, 0.760357, 0.023419, 0.030146, -0.751164, 0.635763, 0.177644, 0.000627, 0.120184, -0.132898, 0.983816, 0.187727, 0.000000, 0.000000, 0.000000, 1.000000, 0.120184, -0.132898, 0.983816, 0.256727, -0.649083, -0.760357, -0.023419, -0.021146, 0.751164, -0.635763, -0.177644, 0.256446, 0.000000, 0.000000, 0.000000, 1.000000, -0.983947, 0.175230, 0.033804, -0.020896, 0.027043, -0.040828, 0.998800, -0.036678, 0.176400, 0.983681, 0.035434, -0.043359, 0.000000, 0.000000, 0.000000, 1.000000
-9.6385, 29.9336, 0.8987, 187.7138, 256.7138, -20.9336, 256.1748, -20.7164, -36.6414, -43.3901, 0.649689, 0.759502, 0.032582, 0.029934, -0.752005, 0.635819, 0.173846, 0.000899, 0.111320, -0.137447, 0.984234, 0.187714, 0.000000, 0.000000, 0.000000, 1.000000, 0.111320, -0.137447, 0.984234, 0.256714, -0.649689, -0.759502, -0.032582, -0.020934, 0.752005, -0.635819, -0.173846, 0.256175, 0.000000, 0.000000, 0.000000, 1.000000, -0.983924, 0.176001, 0.030298, -0.020716, 0.022582, -0.045679, 0.998701, -0.036641, 0.177156, 0.983330, 0.040971, -0.043390, 0.000000, 0.000000, 0.000000, 1.000000
-9.3762, 29.8299, 1.0340, 187.6467, 256.6467, -20.8299, 256.0394, -20.7082, -36.6759, -43.3902, 0.649316, 0.759832, 0.032314, 0.029830, -0.752836, 0.636153, 0.168958, 0.001034, 0.107823, -0.134034, 0.985093, 0.187647, 0.000000, 0.000000, 0.000000, 1.000000, 0.107823, -0.134034, 0.985093, 0.256647, -0.649316, -0.759832, -0.032314, -0.020830, 0.752836, -0.636153, -0.168958, 0.256039, 0.000000, 0.000000, 0.000000, 1.000000, -0.983987, 0.175573, 0.030705, -0.020708, 0.023567, -0.042596, 0.998814, -0.036676, 0.176673, 0.983544, 0.037776, -0.043390, 0.000000, 0.000000, 0.000000, 1.000000
-9.1083, 29.6383, 1.1888, 187.4508, 256.4508, -20.6383, 255.8847, -20.6307, -36.8381, -43.4463, 0.649060, 0.760090, 0.031354, 0.029638, -0.752891, 0.635917, 0.169601, 0.001189, 0.108973, -0.133688, 0.985014, 0.187451, 0.000000, 0.000000, 0.000000, 1.000000, 0.108973, -0.133688, 0.985014, 0.256451, -0.649060, -0.760090, -0.031354, -0.020638, 0.752891, -0.635917, -0.169601, 0.255885, 0.000000, 0.000000, 0.000000, 1.000000, -0.983894, 0.175008, 0.036394, -0.020631, 0.029357, -0.042630, 0.998660, -0.036838, 0.176325, 0.983644, 0.036806, -0.043446, 0.000000, 0.000000, 0.000000, 1.000000
-8.8387, 29.5290, 1.4054, 187.5764, 256.5764, -20.5290, 255.6681, -20.5734, -36.6735, -43.4248, 0.649028, 0.759885, 0.036560, 0.029529, -0.754288, 0.636503, 0.160975, 0.001405, 0.099052, -0.132054, 0.986281, 0.187576, 0.000000, 0.000000, 0.000000, 1.000000, 0.099052, -0.132054, 0.986281, 0.256576, -0.649028, -0.759885, -0.036560, -0.020529, 0.754288, -0.636503, -0.160975, 0.255668, 0.000000, 0.000000, 0.000000, 1.000000, -0.984035, 0.175267, 0.030921, -0.020573, 0.024032, -0.041298, 0.998858, -0.036674, 0.176344, 0.983654, 0.036427, -0.043425, 0.000000, 0.000000, 0.000000, 1.000000
-8.5777, 29.3391, 1.5750, 187.3769, 256.3769, -20.3391, 255.4984, -20.4810, -36.8408, -43.4720, 0.648646, 0.760234, 0.036076, 0.029339, -0.754330, 0.635859, 0.163310, 0.001575, 0.101215, -0.133144, 0.985915, 0.187377, 0.000000, 0.000000, 0.000000, 1.000000, 0.101215, -0.133144, 0.985915, 0.256377, -0.648646, -0.760234, -0.036076, -0.020339, 0.754330, -0.635859, -0.163310, 0.255498, 0.000000, 0.000000, 0.000000, 1.000000, -0.983944, 0.174443, 0.037731, -0.020481, 0.030707, -0.042789, 0.998612, -0.036841, 0.175816, 0.983737, 0.036746, -0.043472, 0.000000, 0.000000, 0.000000, 1.000000
-8.3046, 29.1936, 1.7873, 187.5300, 256.5300, -20.1936, 255.2862, -20.4122, -36.6530, -43.4859, 0.648944, 0.759237, 0.049292, 0.029194, -0.755834, 0.635907, 0.156006, 0.001787, 0.087100, -0.138496, 0.986525, 0.187530, 0.000000, 0.000000, 0.000000, 1.000000, 0.087100, -0.138496, 0.986525, 0.256530, -0.648944, -0.759237, -0.049292, -0.020194, 0.755834, -0.635907, -0.156006, 0.255286, 0.000000, 0.000000, 0.000000, 1.000000, -0.984089, 0.175217, 0.029474, -0.020412, 0.021276, -0.048485, 0.998597, -0.036653, 0.176400, 0.983335, 0.043986, -0.043486, 0.000000, 0.000000, 0.000000, 1.000000
-8.0391, 29.0232, 1.9723, 187.3483, 256.3483, -20.0232, 255.1012, -20.3222, -36.8035, -43.5096, 0.648107, 0.760190, 0.045466, 0.029023, -0.756645, 0.636021, 0.151542, 0.001972, 0.086284, -0.132617, 0.987405, 0.187348, 0.000000, 0.000000, 0.000000, 1.000000, 0.086284, -0.132617, 0.987405, 0.256348, -0.648107, -0.760190, -0.045466, -0.020023, 0.756645, -0.636021, -0.151542, 0.255101, 0.000000, 0.000000, 0.000000, 1.000000, -0.984194, 0.174162, 0.032098, -0.020322, 0.024972, -0.042952, 0.998765, -0.036803, 0.175325, 0.983780, 0.037924, -0.043510, 0.000000, 0.000000, 0.000000, 1.000000
-7.7737, 28.8756, 2.1943, 187.4768, 256.4768, -19.8756, 254.8791, -20.2356, -36.6426, -43.5192, 0.648193, 0.759283, 0.057742, 0.028876, -0.757863, 0.635883, 0.145936, 0.002194, 0.074090, -0.138355, 0.987608, 0.187477, 0.000000, 0.000000, 0.000000, 1.000000, 0.074090, -0.138355, 0.987608, 0.256477, -0.648193, -0.759283, -0.057742, -0.019876, 0.757863, -0.635883, -0.145936, 0.254879, 0.000000, 0.000000, 0.000000, 1.000000, -0.984285, 0.174712, 0.025675, -0.020236, 0.017344, -0.049045, 0.998646, -0.036643, 0.175735, 0.983397, 0.045244, -0.043519, 0.000000, 0.000000, 0.000000, 1.000000
-7.5190, 28.7129, 2.3782, 187.3519, 256.3519, -19.7129, 254.6952, -20.1489, -36.7403, -43.5417, 0.647498, 0.760124, 0.054386, 0.028713, -0.758433, 0.635806, 0.143286, 0.002378, 0.074336, -0.134026, 0.988186, 0.187352, 0.000000, 0.000000, 0.000000, 1.000000, 0.074336, -0.134026, 0.988186, 0.256352, -0.647498, -0.760124, -0.054386, -0.019713, 0.758433, -0.635806, -0.143286, 0.254695, 0.000000, 0.000000, 0.000000, 1.000000, -0.984355, 0.173714, 0.029460, -0.020149, 0.021940, -0.045051, 0.998744, -0.036740, 0.174823, 0.983765, 0.040535, -0.043542, 0.000000, 0.000000, 0.000000, 1.000000
-7.2356, 28.5588, 2.5718, 187.2070, 256.2070, -19.5588, 254.5017, -20.0762, -36.8566, -43.5484, 0.647121, 0.760645, 0.051516, 0.028559, -0.758839, 0.636126, 0.139670, 0.002572, 0.073469, -0.129476, 0.988857, 0.187207, 0.000000, 0.000000, 0.000000, 1.000000, 0.073469, -0.129476, 0.988857, 0.256207, -0.647121, -0.760645, -0.051516, -0.019559, 0.758839, -0.636126, -0.139670, 0.254502, 0.000000, 0.000000, 0.000000, 1.000000, -0.984341, 0.173220, 0.032664, -0.020076, 0.025958, -0.040841, 0.998828, -0.036857, 0.174351, 0.984036, 0.035705, -0.043548, 0.000000, 0.000000, 0.000000, 1.000000
-6.9739, 28.4011, 2.7385, 187.0965, 256.0965, -19.4011, 254.3349, -20.0142, -36.9440, -43.5757, 0.647255, 0.760073, 0.057878, 0.028401, -0.759218, 0.636008, 0.138138, 0.002739, 0.068184, -0.133353, 0.988720, 0.187097, 0.000000, 0.000000, 0.000000, 1.000000, 0.068184, -0.133353, 0.988720, 0.256097, -0.647255, -0.760073, -0.057878, -0.019401, 0.759218, -0.636008, -0.138138, 0.254335, 0.000000, 0.000000, 0.000000, 1.000000, -0.984301, 0.173445, 0.032687, -0.020014, 0.025222, -0.045068, 0.998665, -0.036944, 0.174686, 0.983812, 0.039986, -0.043576, 0.000000, 0.000000, 0.000000, 1.000000
-6.7080, 28.2545, 2.9566, 187.0604, 256.0604, -19.2545, 254.1168, -19.9208, -36.9536, -43.5735, 0.646932, 0.760475, 0.056182, 0.028254, -0.759666, 0.636336, 0.134106, 0.002957, 0.066233, -0.129437, 0.989373, 0.187060, 0.000000, 0.000000, 0.000000, 1.000000, 0.066233, -0.129437, 0.989373, 0.256060, -0.646932, -0.760475, -0.056182, -0.019254, 0.759666, -0.636336, -0.134106, 0.254117, 0.000000, 0.000000, 0.000000, 1.000000, -0.984294, 0.173108, 0.034638, -0.019921, 0.027854, -0.041467, 0.998752, -0.036954, 0.174328, 0.984030, 0.035994, -0.043573, 0.000000, 0.000000, 0.000000, 1.000000
-6.4536, 28.0673, 3.1669, 187.1128, 256.1128, -19.0673, 253.9065, -19.8111, -36.8796, -43.6179, 0.646410, 0.759888, 0.068734, 0.028067, -0.761114, 0.635884, 0.127899, 0.003167, 0.053482, -0.134990, 0.989403, 0.187113, 0.000000, 0.000000, 0.000000, 1.000000, 0.053482, -0.134990, 0.989403, 0.256113, -0.646410, -0.759888, -0.068734, -0.019067, 0.761114, -0.635884, -0.127899, 0.253907, 0.000000, 0.000000, 0.000000, 1.000000, -0.984524, 0.173101, 0.027379, -0.019811, 0.019442, -0.047385, 0.998687, -0.036880, 0.174171, 0.983764, 0.043286, -0.043618, 0.000000, 0.000000, 0.000000, 1.000000
-6.1512, 27.9606, 3.3125, 186.9210, 255.9210, -18.9606, 253.7609, -19.8170, -37.0498, -43.6023, 0.646132, 0.761084, 0.057141, 0.027961, -0.760880, 0.636472, 0.126353, 0.003313, 0.059797, -0.125118, 0.990338, 0.186921, 0.000000, 0.000000, 0.000000, 1.000000, 0.059797, -0.125118, 0.990338, 0.255921, -0.646132, -0.761084, -0.057141, -0.018961, 0.760880, -0.636472, -0.126353, 0.253761, 0.000000, 0.000000, 0.000000, 1.000000, -0.984342, 0.172327, 0.037076, -0.019817, 0.030996, -0.037839, 0.998803, -0.037050, 0.173523, 0.984313, 0.031905, -0.043602, 0.000000, 0.000000, 0.000000, 1.000000
-5.9012, 27.7606, 3.6312, 186.9251, 255.9251, -18.7606, 253.4422, -19.6022, -37.0198, -43.6002, 0.645250, 0.761235, 0.064596, 0.027761, -0.762758, 0.637156, 0.110600, 0.003631, 0.043035, -0.120636, 0.991764, 0.186925, 0.000000, 0.000000, 0.000000, 1.000000, 0.043035, -0.120636, 0.991764, 0.255925, -0.645250, -0.761235, -0.064596, -0.018761, 0.762758, -0.637156, -0.110600, 0.253442, 0.000000, 0.000000, 0.000000, 1.000000, -0.984717, 0.172499, 0.024004, -0.019602, 0.018467, -0.033633, 0.999264, -0.037020, 0.173180, 0.984435, 0.029933, -0.043600, 0.000000, 0.000000, 0.000000, 1.000000
-5.6437, 27.6310, 3.7562, 187.0304, 256.0304, -18.6310, 253.3172, -19.5983, -36.9015, -43.6417, 0.645021, 0.760817, 0.071450, 0.027631, -0.762943, 0.635884, 0.116486, 0.003756, 0.043191, -0.129648, 0.990619, 0.187030, 0.000000, 0.000000, 0.000000, 1.000000, 0.043191, -0.129648, 0.990619, 0.256030, -0.645021, -0.760817, -0.071450, -0.018631, 0.762943, -0.635884, -0.116486, 0.253317, 0.000000, 0.000000, 0.000000, 1.000000, -0.984675, 0.171774, 0.030155, -0.019598, 0.023078, -0.043050, 0.998806, -0.036901, 0.172867, 0.984195, 0.038426, -0.043642, 0.000000, 0.000000, 0.000000, 1.000000
-5.3776, 27.4681, 3.9096, 186.8621, 255.8621, -18.4681, 253.1639, -19.5494, -37.0561, -43.6747, 0.645166, 0.760890, 0.069337, 0.027468, -0.762699, 0.635996, 0.117472, 0.003910, 0.045285, -0.128672, 0.990653, 0.186862, 0.000000, 0.000000, 0.000000, 1.000000, 0.045285, -0.128672, 0.990653, 0.255862, -0.645166, -0.760890, -0.069337, -0.018468, 0.762699, -0.635996, -0.117472, 0.253164, 0.000000, 0.000000, 0.000000, 1.000000, -0.984483, 0.171605, 0.036682, -0.019549, 0.029819, -0.042400, 0.998656, -0.037056, 0.172930, 0.984253, 0.036625, -0.043675, 0.000000, 0.000000, 0.000000, 1.000000
-5.1284, 27.3094, 4.1495, 186.8089, 255.8089, -18.3094, 252.9240, -19.4213, -37.0922, -43.6716, 0.644163, 0.761574, 0.071133, 0.027309, -0.764138, 0.636622, 0.103955, 0.004149, 0.033884, -0.121320, 0.992035, 0.186809, 0.000000, 0.000000, 0.000000, 1.000000, 0.033884, -0.121320, 0.992035, 0.255809, -0.644163, -0.761574, -0.071133, -0.018309, 0.764138, -0.636622, -0.103955, 0.252924, 0.000000, 0.000000, 0.000000, 1.000000, -0.984788, 0.171428, 0.028379, -0.019421, 0.022645, -0.035307, 0.999120, -0.037092, 0.172279, 0.984564, 0.030888, -0.043672, 0.000000, 0.000000, 0.000000, 1.000000
-4.8500, 27.1589, 4.2897, 186.7602, 255.7602, -18.1589, 252.7838, -19.4028, -37.1300, -43.7094, 0.644397, 0.761139, 0.073623, 0.027159, -0.763791, 0.635979, 0.110244, 0.004290, 0.037088, -0.127273, 0.991174, 0.186760, 0.000000, 0.000000, 0.000000, 1.000000, 0.037088, -0.127273, 0.991174, 0.255760, -0.644397, -0.761139, -0.073623, -0.018159, 0.763791, -0.635979, -0.110244, 0.252784, 0.000000, 0.000000, 0.000000, 1.000000, -0.984552, 0.171045, 0.037417, -0.019403, 0.030717, -0.041653, 0.998660, -0.037130, 0.172374, 0.984382, 0.035755, -0.043709, 0.000000, 0.000000, 0.000000, 1.000000
-4.5650, 26.9623, 4.5441, 186.7739, 255.7739, -17.9623, 252.5293, -19.2681, -37.1030, -43.7349, 0.643570, 0.760894, 0.082811, 0.026962, -0.765080, 0.636470, 0.097771, 0.004544, 0.021687, -0.126279, 0.991758, 0.186774, 0.000000, 0.000000, 0.000000, 1.000000, 0.021687, -0.126279, 0.991758, 0.255774, -0.643570, -0.760894, -0.082811, -0.017962, 0.765080, -0.636470, -0.097771, 0.252529, 0.000000, 0.000000, 0.000000, 1.000000, -0.984838, 0.171369, 0.026953, -0.019268, 0.020204, -0.041005, 0.998955, -0.037103, 0.172295, 0.984353, 0.036921, -0.043735, 0.000000, 0.000000, 0.000000, 1.000000
-4.3040, 26.8136, 4.6847, 186.7341, 255.7341, -17.8136, 252.3888, -19.2397, -37.1353, -43.7729, 0.643886, 0.760629, 0.082789, 0.026814, -0.764674, 0.636031, 0.103625, 0.004685, 0.026164, -0.130029, 0.991165, 0.186734, 0.000000, 0.000000, 0.000000, 1.000000, 0.026164, -0.130029, 0.991165, 0.255734, -0.643886, -0.760629, -0.082789, -0.017814, 0.764674, -0.636031, -0.103625, 0.252389, 0.000000, 0.000000, 0.000000, 1.000000, -0.984596, 0.170979, 0.036565, -0.019240, 0.029251, -0.045108, 0.998554, -0.037135, 0.172381, 0.984241, 0.039412, -0.043773, 0.000000, 0.000000, 0.000000, 1.000000
-4.0373, 26.7077, 4.9511, 186.6229, 255.6229, -17.7077, 252.1223, -19.1272, -37.2303, -43.7047, 0.642180, 0.762779, 0.075975, 0.026708, -0.766436, 0.637186, 0.081052, 0.004951, 0.013414, -0.110280, 0.993810, 0.186623, 0.000000, 0.000000, 0.000000, 1.000000, 0.013414, -0.110280, 0.993810, 0.255623, -0.642180, -0.762779, -0.075975, -0.017708, 0.766436, -0.637186, -0.081052, 0.252122, 0.000000, 0.000000, 0.000000, 1.000000, -0.985030, 0.170553, 0.025042, -0.019127, 0.020983, -0.025556, 0.999453, -0.037230, 0.171099, 0.985017, 0.021595, -0.043705, 0.000000, 0.000000, 0.000000, 1.000000
-3.7705, 26.4993, 5.1366, 186.6311, 255.6311, -17.4993, 251.9369, -19.0349, -37.2193, -43.7754, 0.641994, 0.761708, 0.087432, 0.026499, -0.766653, 0.636367, 0.085325, 0.005137, 0.009354, -0.121808, 0.992510, 0.186631, 0.000000, 0.000000, 0.000000, 1.000000, 0.009354, -0.121808, 0.992510, 0.255631, -0.641994, -0.761708, -0.087432, -0.017499, 0.766653, -0.636367, -0.085325, 0.251937, 0.000000, 0.000000, 0.000000, 1.000000, -0.985006, 0.170289, 0.027644, -0.019035, 0.021558, -0.037486, 0.999065, -0.037219, 0.171166, 0.984681, 0.033253, -0.043775, 0.000000, 0.000000, 0.000000, 1.000000
-3.5024, 26.4103, 5.3634, 186.6158, 255.6158, -17.4103, 251.7101, -18.9673, -37.2228, -43.7204, 0.641441, 0.762785, 0.081931, 0.026410, -0.767167, 0.637367, 0.072231, 0.005363, 0.002876, -0.109187, 0.994017, 0.186616, 0.000000, 0.000000, 0.000000, 1.000000, 0.002876, -0.109187, 0.994017, 0.255616, -0.641441, -0.762785, -0.081931, -0.017410, 0.767167, -0.637367, -0.072231, 0.251710, 0.000000, 0.000000, 0.000000, 1.000000, -0.985078, 0.170469, 0.023706, -0.018967, 0.019706, -0.025119, 0.999490, -0.037223, 0.170977, 0.985043, 0.021385, -0.043720, 0.000000, 0.000000, 0.000000, 1.000000
-3.2350, 26.2018, 5.5148, 186.5758, 255.5758, -17.2018, 251.5586, -18.9050, -37.2643, -43.8040, 0.641631, 0.761817, 0.089130, 0.026202, -0.766995, 0.636470, 0.081390, 0.005515, 0.005275, -0.120584, 0.992689, 0.186576, 0.000000, 0.000000, 0.000000, 1.000000, 0.005275, -0.120584, 0.992689, 0.255576, -0.641631, -0.761817, -0.089130, -0.017202, 0.766995, -0.636470, -0.081390, 0.251559, 0.000000, 0.000000, 0.000000, 1.000000, -0.984906, 0.169981, 0.032676, -0.018905, 0.026771, -0.036913, 0.998960, -0.037264, 0.171010, 0.984756, 0.031805, -0.043804, 0.000000, 0.000000, 0.000000, 1.000000
-2.9705, 26.0991, 5.7706, 186.5448, 255.5449, -17.0991, 251.3028, -18.8036, -37.2863, -43.7452, 0.640618, 0.762792, 0.088076, 0.026099, -0.767829, 0.637389, 0.064597, 0.005771, -0.006865, -0.109009, 0.994017, 0.186545, 0.000000, 0.000000, 0.000000, 1.000000, -0.006865, -0.109009, 0.994017, 0.255545, -0.640618, -0.762792, -0.088076, -0.017099, 0.767829, -0.637389, -0.064597, 0.251303, 0.000000, 0.000000, 0.000000, 1.000000, -0.985126, 0.170252, 0.023256, -0.018804, 0.019171, -0.025597, 0.999488, -0.037286, 0.170760, 0.985068, 0.021952, -0.043745, 0.000000, 0.000000, 0.000000, 1.000000
-2.7055, 25.8626, 5.8874, 186.5190, 255.5190, -16.8626, 251.1861, -18.7565, -37.3203, -43.8715, 0.640537, 0.761666, 0.097869, 0.025863, -0.767912, 0.636114, 0.075298, 0.005887, -0.004904, -0.123385, 0.992347, 0.186519, 0.000000, 0.000000, 0.000000, 1.000000, -0.004904, -0.123385, 0.992347, 0.255519, -0.640537, -0.761666, -0.097869, -0.016863, 0.767912, -0.636114, -0.075298, 0.251186, 0.000000, 0.000000, 0.000000, 1.000000, -0.985027, 0.169361, 0.032217, -0.018756, 0.025728, -0.040374, 0.998853, -0.037320, 0.170468, 0.984727, 0.035412, -0.043872, 0.000000, 0.000000, 0.000000, 1.000000
-2.4398, 25.7303, 6.1521, 186.4804, 255.4804, -16.7303, 250.9213, -18.6340, -37.3554, -43.8330, 0.639684, 0.762526, 0.096742, 0.025730, -0.768470, 0.637091, 0.059741, 0.006152, -0.016079, -0.112559, 0.993515, 0.186480, 0.000000, 0.000000, 0.000000, 1.000000, -0.016079, -0.112559, 0.993515, 0.255480, -0.639684, -0.762526, -0.096742, -0.016730, 0.768470, -0.637091, -0.059741, 0.250921, 0.000000, 0.000000, 0.000000, 1.000000, -0.985186, 0.169814, 0.023927, -0.018634, 0.019133, -0.029815, 0.999372, -0.037355, 0.170421, 0.985025, 0.026124, -0.043833, 0.000000, 0.000000, 0.000000, 1.000000
-2.1724, 25.5710, 6.2661, 186.4714, 255.4714, -16.5710, 250.8073, -18.6295, -37.3686, -43.8953, 0.640270, 0.761842, 0.098238, 0.025571, -0.768120, 0.636107, 0.073206, 0.006266, -0.006718, -0.122330, 0.992467, 0.186471, 0.000000, 0.000000, 0.000000, 1.000000, -0.006718, -0.122330, 0.992467, 0.255471, -0.640270, -0.761842, -0.098238, -0.016571, 0.768120, -0.636107, -0.073206, 0.250807, 0.000000, 0.000000, 0.000000, 1.000000, -0.984840, 0.168917, 0.039468, -0.018630, 0.033169, -0.039954, 0.998651, -0.037369, 0.170266, 0.984820, 0.033746, -0.043895, 0.000000, 0.000000, 0.000000, 1.000000
