# Joint_A_Angle(deg), Cam_X(mm), Cam_Y(mm), Cam_Z(mm), Torso_X(mm), Torso_Y(mm), Torso_Z(mm), EE_X(mm), EE_Y(mm), EE_Z(mm), T_cam2marker_flat(16), T_torso2marker_flat(16), T_ee2marker_flat(16)
-19.7560, 24.1559, 168.1874, 383.3139, 452.3139, -15.1559, 88.8861, 64.3677, 80.4640, -55.7513, -0.451459, -0.892242, 0.009411, 0.024156, 0.885002, -0.446400, 0.132280, 0.168187, -0.113824, 0.068048, 0.991168, 0.383314, 0.000000, 0.000000, 0.000000, 1.000000, -0.113824, 0.068048, 0.991168, 0.452314, 0.451459, 0.892242, -0.009411, -0.015156, -0.885002, 0.446400, -0.132280, 0.088886, 0.000000, 0.000000, 0.000000, 1.000000, 0.986695, -0.103753, 0.125171, 0.064368, 0.102918, -0.197403, -0.974905, 0.080464, 0.125859, 0.974817, -0.184099, -0.055751, 0.000000, 0.000000, 0.000000, 1.000000
-19.2161, 24.3478, 167.6167, 383.2388, 452.2388, -15.3478, 89.4567, 65.5093, 79.9348, -55.3645, -0.447964, -0.894002, 0.009414, 0.024348, 0.886939, -0.443050, 0.130559, 0.167617, -0.112549, 0.066835, 0.991396, 0.383239, 0.000000, 0.000000, 0.000000, 1.000000, -0.112549, 0.066835, 0.991396, 0.452239, 0.447964, 0.894002, -0.009414, -0.015348, -0.886939, 0.443050, -0.130559, 0.089457, 0.000000, 0.000000, 0.000000, 1.000000, 0.986333, -0.108980, 0.123577, 0.065509, 0.100899, -0.193431, -0.975912, 0.079935, 0.130258, 0.975043, -0.179791, -0.055365, 0.000000, 0.000000, 0.000000, 1.000000
-18.5325, 24.9620, 166.0519, 382.5676, 451.5676, -15.9620, 91.0215, 66.0279, 79.8415, -54.8652, -0.440691, -0.897604, 0.009915, 0.024962, 0.890297, -0.435639, 0.132629, 0.166052, -0.114729, 0.067276, 0.991116, 0.382568, 0.000000, 0.000000, 0.000000, 1.000000, -0.114729, 0.067276, 0.991116, 0.451568, 0.440691, 0.897604, -0.009915, -0.015962, -0.890297, 0.435639, -0.132629, 0.091022, 0.000000, 0.000000, 0.000000, 1.000000, 0.985757, -0.112139, 0.125332, 0.066028, 0.102479, -0.190368, -0.976349, 0.079841, 0.133346, 0.975287, -0.176165, -0.054865, 0.000000, 0.000000, 0.000000, 1.000000
-17.8205, 25.6212, 164.2141, 382.0207, 451.0207, -16.6212, 92.8594, 66.3612, 79.5906, -54.3313, -0.430246, -0.902554, 0.016847, 0.025621, 0.895408, -0.424322, 0.134894, 0.164214, -0.114600, 0.073122, 0.990717, 0.382021, 0.000000, 0.000000, 0.000000, 1.000000, -0.114600, 0.073122, 0.990717, 0.451021, 0.430246, 0.902554, -0.016847, -0.016621, -0.895408, 0.424322, -0.134894, 0.092859, 0.000000, 0.000000, 0.000000, 1.000000, 0.985836, -0.111634, 0.125164, 0.066361, 0.102111, -0.192518, -0.975966, 0.079591, 0.133047, 0.974923, -0.178392, -0.054331, 0.000000, 0.000000, 0.000000, 1.000000
-17.3878, 26.4024, 162.4120, 381.8917, 450.8917, -17.4024, 94.6615, 65.7908, 79.2549, -54.1857, -0.420453, -0.907142, 0.017714, 0.026402, 0.899649, -0.414289, 0.137828, 0.162412, -0.117691, 0.073887, 0.990298, 0.381892, 0.000000, 0.000000, 0.000000, 1.000000, -0.117691, 0.073887, 0.990298, 0.450892, 0.420453, 0.907142, -0.017714, -0.017402, -0.899649, 0.414289, -0.137828, 0.094661, 0.000000, 0.000000, 0.000000, 1.000000, 0.985936, -0.107847, 0.127665, 0.065791, 0.105458, -0.191122, -0.975885, 0.079255, 0.129646, 0.975624, -0.177061, -0.054186, 0.000000, 0.000000, 0.000000, 1.000000
-16.6916, 27.0567, 160.4414, 381.3180, 450.3180, -18.0567, 96.6320, 65.9409, 79.0529, -53.6555, -0.407828, -0.912741, 0.024069, 0.027057, 0.906323, -0.401482, 0.131874, 0.160441, -0.110703, 0.075597, 0.990974, 0.381318, 0.000000, 0.000000, 0.000000, 1.000000, -0.110703, 0.075597, 0.990974, 0.450318, 0.407828, 0.912741, -0.024069, -0.018057, -0.906323, 0.401482, -0.131874, 0.096632, 0.000000, 0.000000, 0.000000, 1.000000, 0.987151, -0.105502, 0.120006, 0.065941, 0.098534, -0.189311, -0.976961, 0.079053, 0.125790, 0.976233, -0.176483, -0.053656, 0.000000, 0.000000, 0.000000, 1.000000
-15.8488, 27.5129, 159.2458, 381.3521, 450.3522, -18.5129, 97.8276, 67.3518, 78.0958, -53.1492, -0.402993, -0.914828, 0.026210, 0.027513, 0.907564, -0.395773, 0.140324, 0.159246, -0.117999, 0.080336, 0.989759, 0.381352, 0.000000, 0.000000, 0.000000, 1.000000, -0.117999, 0.080336, 0.989759, 0.450352, 0.402993, 0.914828, -0.026210, -0.018513, -0.907564, 0.395773, -0.140324, 0.097828, 0.000000, 0.000000, 0.000000, 1.000000, 0.985347, -0.113425, 0.127382, 0.067352, 0.104382, -0.189633, -0.976291, 0.078096, 0.134892, 0.975281, -0.175015, -0.053149, 0.000000, 0.000000, 0.000000, 1.000000
-15.5001, 28.3515, 157.0654, 381.0026, 450.0026, -19.3515, 100.0081, 66.1319, 78.0769, -53.0411, -0.390996, -0.919868, 0.031072, 0.028351, 0.912349, -0.382905, 0.144926, 0.157065, -0.121416, 0.085014, 0.988954, 0.381003, 0.000000, 0.000000, 0.000000, 1.000000, -0.121416, 0.085014, 0.988954, 0.450003, 0.390996, 0.919868, -0.031072, -0.019351, -0.912349, 0.382905, -0.144926, 0.100008, 0.000000, 0.000000, 0.000000, 1.000000, 0.985842, -0.105443, 0.130375, 0.066132, 0.108381, -0.192575, -0.975279, 0.078077, 0.127943, 0.975601, -0.178420, -0.053041, 0.000000, 0.000000, 0.000000, 1.000000
-14.4112, 28.8270, 155.7680, 381.0340, 450.0340, -19.8270, 101.3055, 68.2108, 76.8561, -52.3643, -0.382145, -0.923593, 0.030672, 0.028827, 0.916226, -0.374355, 0.142790, 0.155768, -0.120398, 0.082669, 0.989278, 0.381034, 0.000000, 0.000000, 0.000000, 1.000000, -0.120398, 0.082669, 0.989278, 0.450034, 0.382145, 0.923593, -0.030672, -0.019827, -0.916226, 0.374355, -0.142790, 0.101305, 0.000000, 0.000000, 0.000000, 1.000000, 0.985124, -0.114283, 0.128333, 0.068211, 0.105862, -0.184672, -0.977082, 0.076856, 0.135364, 0.976133, -0.169827, -0.052364, 0.000000, 0.000000, 0.000000, 1.000000
-13.8985, 29.8205, 152.6464, 380.4620, 449.4620, -20.8205, 104.4271, 66.5609, 76.8796, -52.0727, -0.368217, -0.929141, 0.033356, 0.029820, 0.920347, -0.359175, 0.154775, 0.152646, -0.131827, 0.087690, 0.987386, 0.380462, 0.000000, 0.000000, 0.000000, 1.000000, -0.131827, 0.087690, 0.987386, 0.449462, 0.368217, 0.929141, -0.033356, -0.020820, -0.920347, 0.359175, -0.154775, 0.104427, 0.000000, 0.000000, 0.000000, 1.000000, 0.984511, -0.106704, 0.139116, 0.066561, 0.117528, -0.187142, -0.975277, 0.076880, 0.130100, 0.976521, -0.171702, -0.052073, 0.000000, 0.000000, 0.000000, 1.000000
-12.9571, 30.1601, 151.3837, 380.0967, 449.0967, -21.1601, 105.6898, 68.2253, 76.2131, -51.3668, -0.359543, -0.932334, 0.038507, 0.030160, 0.924522, -0.350331, 0.150088, 0.151384, -0.126442, 0.089563, 0.987923, 0.380097, 0.000000, 0.000000, 0.000000, 1.000000, -0.126442, 0.089563, 0.987923, 0.449097, 0.359543, 0.932334, -0.038507, -0.021160, -0.924522, 0.350331, -0.150088, 0.105690, 0.000000, 0.000000, 0.000000, 1.000000, 0.984637, -0.112985, 0.133129, 0.068225, 0.110910, -0.184179, -0.976615, 0.076213, 0.134863, 0.976377, -0.168818, -0.051367, 0.000000, 0.000000, 0.000000, 1.000000
-12.0887, 30.8583, 148.8957, 379.6520, 448.6520, -21.8583, 108.1778, 68.3742, 75.7209, -50.7696, -0.344887, -0.937619, 0.043860, 0.030858, 0.930680, -0.335514, 0.145825, 0.148896, -0.122013, 0.091112, 0.988338, 0.379652, 0.000000, 0.000000, 0.000000, 1.000000, -0.122013, 0.091112, 0.988338, 0.448652, 0.344887, 0.937619, -0.043860, -0.021858, -0.930680, 0.335514, -0.145825, 0.108178, 0.000000, 0.000000, 0.000000, 1.000000, 0.985514, -0.111765, 0.127558, 0.068374, 0.105976, -0.181373, -0.977688, 0.075721, 0.132407, 0.977043, -0.166901, -0.050770, 0.000000, 0.000000, 0.000000, 1.000000
-11.6629, 31.5217, 146.2622, 378.8583, 447.8583, -22.5217, 110.8112, 66.9978, 76.0626, -50.4355, -0.330798, -0.942334, 0.050780, 0.031522, 0.935776, -0.320585, 0.146796, 0.146262, -0.122051, 0.096078, 0.987863, 0.378858, 0.000000, 0.000000, 0.000000, 1.000000, -0.122051, 0.096078, 0.987863, 0.447858, 0.330798, 0.942334, -0.050780, -0.022522, -0.935776, 0.320585, -0.146796, 0.110811, 0.000000, 0.000000, 0.000000, 1.000000, 0.986532, -0.103257, 0.126854, 0.066998, 0.106355, -0.184271, -0.977104, 0.076063, 0.124268, 0.977437, -0.170807, -0.050436, 0.000000, 0.000000, 0.000000, 1.000000
-10.7126, 31.8890, 145.0447, 378.8048, 447.8048, -22.8890, 112.0287, 68.7012, 75.0946, -49.8276, -0.323724, -0.944741, 0.051647, 0.031889, 0.937972, -0.313285, 0.148533, 0.145045, -0.124145, 0.096527, 0.987558, 0.378805, 0.000000, 0.000000, 0.000000, 1.000000, -0.124145, 0.096527, 0.987558, 0.447805, 0.323724, 0.944741, -0.051647, -0.022889, -0.937972, 0.313285, -0.148533, 0.112029, 0.000000, 0.000000, 0.000000, 1.000000, 0.985473, -0.111401, 0.128190, 0.068701, 0.106870, -0.179853, -0.977871, 0.075095, 0.131991, 0.977365, -0.165334, -0.049828, 0.000000, 0.000000, 0.000000, 1.000000
-10.1733, 32.5663, 142.4723, 378.5705, 447.5705, -23.5663, 114.6012, 67.7286, 74.7700, -49.5454, -0.311267, -0.948851, 0.052862, 0.032566, 0.940275, -0.299432, 0.161936, 0.142472, -0.137825, 0.100110, 0.985384, 0.378571, 0.000000, 0.000000, 0.000000, 1.000000, -0.137825, 0.100110, 0.985384, 0.447571, 0.311267, 0.948851, -0.052862, -0.023566, -0.940275, 0.299432, -0.161936, 0.114601, 0.000000, 0.000000, 0.000000, 1.000000, 0.984326, -0.105987, 0.140959, 0.067729, 0.120319, -0.180795, -0.976133, 0.074770, 0.128942, 0.977793, -0.165209, -0.049545, 0.000000, 0.000000, 0.000000, 1.000000
-9.4252, 32.8508, 140.8592, 378.0800, 447.0800, -23.8508, 116.2142, 68.4224, 74.4553, -48.9165, -0.302438, -0.951411, 0.057860, 0.032851, 0.943902, -0.290501, 0.157029, 0.140859, -0.132590, 0.102106, 0.985898, 0.378080, 0.000000, 0.000000, 0.000000, 1.000000, -0.132590, 0.102106, 0.985898, 0.447080, 0.302438, 0.951411, -0.057860, -0.023851, -0.943902, 0.290501, -0.157029, 0.116214, 0.000000, 0.000000, 0.000000, 1.000000, 0.984813, -0.109178, 0.134997, 0.068422, 0.114110, -0.179000, -0.977209, 0.074455, 0.130854, 0.977773, -0.163823, -0.048916, 0.000000, 0.000000, 0.000000, 1.000000
-9.1271, 33.4560, 138.5646, 377.7511, 446.7511, -24.4560, 118.5088, 66.9831, 74.4945, -48.8418, -0.292277, -0.954822, 0.053749, 0.033456, 0.946595, -0.280842, 0.158385, 0.138565, -0.136134, 0.097171, 0.985913, 0.377751, 0.000000, 0.000000, 0.000000, 1.000000, -0.136134, 0.097171, 0.985913, 0.446751, 0.292277, 0.954822, -0.053749, -0.024456, -0.946595, 0.280842, -0.158385, 0.118509, 0.000000, 0.000000, 0.000000, 1.000000, 0.985101, -0.103967, 0.136990, 0.066983, 0.117759, -0.172731, -0.977904, 0.074494, 0.125332, 0.979467, -0.157915, -0.048842, 0.000000, 0.000000, 0.000000, 1.000000
-8.0772, 33.5861, 137.5375, 377.3755, 446.3755, -24.5861, 119.5359, 69.2029, 73.7372, -47.9790, -0.284651, -0.957090, 0.054333, 0.033586, 0.949572, -0.273735, 0.152912, 0.137538, -0.131478, 0.095119, 0.986745, 0.377376, 0.000000, 0.000000, 0.000000, 1.000000, -0.131478, 0.095119, 0.986745, 0.446376, 0.284651, 0.957090, -0.054333, -0.024586, -0.949572, 0.273735, -0.152912, 0.119536, 0.000000, 0.000000, 0.000000, 1.000000, 0.984802, -0.113997, 0.131036, 0.069203, 0.111253, -0.165317, -0.979945, 0.073737, 0.133373, 0.979630, -0.150122, -0.047979, 0.000000, 0.000000, 0.000000, 1.000000
-7.5273, 34.1296, 134.7084, 376.7265, 445.7265, -25.1296, 122.3650, 68.0261, 73.8290, -47.5987, -0.268232, -0.961094, 0.065961, 0.034130, 0.955072, -0.256342, 0.148749, 0.134708, -0.126053, 0.102897, 0.986673, 0.376726, 0.000000, 0.000000, 0.000000, 1.000000, -0.126053, 0.102897, 0.986673, 0.445726, 0.268232, 0.961094, -0.065961, -0.025130, -0.955072, 0.256342, -0.148749, 0.122365, 0.000000, 0.000000, 0.000000, 1.000000, 0.986562, -0.105413, 0.124837, 0.068026, 0.105751, -0.170472, -0.979671, 0.073829, 0.124552, 0.979708, -0.157033, -0.047599, 0.000000, 0.000000, 0.000000, 1.000000
-7.2614, 34.4543, 133.0321, 376.5345, 445.5346, -25.4543, 124.0414, 67.1410, 73.7589, -47.4516, -0.263492, -0.963018, 0.056293, 0.034454, 0.953601, -0.251216, 0.165937, 0.133032, -0.145658, 0.097405, 0.984528, 0.376535, 0.000000, 0.000000, 0.000000, 1.000000, -0.145658, 0.097405, 0.984528, 0.445535, 0.263492, 0.963018, -0.056293, -0.025454, -0.953601, 0.251216, -0.165937, 0.124041, 0.000000, 0.000000, 0.000000, 1.000000, 0.984172, -0.104405, 0.143197, 0.067141, 0.125009, -0.163741, -0.978551, 0.073759, 0.125613, 0.980963, -0.148098, -0.047452, 0.000000, 0.000000, 0.000000, 1.000000
-6.3603, 34.6318, 132.0434, 376.5340, 445.5340, -25.6318, 125.0300, 68.9033, 72.8053, -46.8087, -0.256213, -0.963894, 0.072548, 0.034632, 0.955330, -0.241069, 0.170969, 0.132043, -0.147307, 0.113111, 0.982602, 0.376534, 0.000000, 0.000000, 0.000000, 1.000000, -0.147307, 0.113111, 0.982602, 0.445534, 0.256213, 0.963894, -0.072548, -0.025632, -0.955330, 0.241069, -0.170969, 0.125030, 0.000000, 0.000000, 0.000000, 1.000000, 0.983291, -0.109421, 0.145482, 0.068903, 0.125048, -0.174781, -0.976634, 0.072805, 0.132292, 0.978508, -0.158177, -0.046809, 0.000000, 0.000000, 0.000000, 1.000000
-5.9368, 35.0234, 129.6987, 376.2134, 445.2134, -26.0234, 127.3747, 67.8287, 72.7094, -46.5426, -0.244719, -0.966876, 0.072547, 0.035023, 0.957248, -0.229023, 0.176704, 0.129699, -0.154235, 0.112689, 0.981587, 0.376213, 0.000000, 0.000000, 0.000000, 1.000000, -0.154235, 0.112689, 0.981587, 0.445213, 0.244719, 0.966876, -0.072547, -0.026023, -0.957248, 0.229023, -0.176704, 0.127375, 0.000000, 0.000000, 0.000000, 1.000000, 0.983032, -0.104121, 0.151020, 0.067829, 0.131707, -0.172405, -0.976181, 0.072709, 0.127677, 0.979508, -0.155766, -0.046543, 0.000000, 0.000000, 0.000000, 1.000000
-4.8386, 35.2694, 128.1815, 376.1219, 445.1219, -26.2694, 128.8919, 69.6442, 71.6499, -45.7556, -0.235722, -0.968678, 0.078096, 0.035269, 0.958807, -0.218706, 0.181261, 0.128182, -0.158504, 0.117607, 0.980329, 0.376122, 0.000000, 0.000000, 0.000000, 1.000000, -0.158504, 0.117607, 0.980329, 0.445122, 0.235722, 0.968678, -0.078096, -0.026269, -0.958807, 0.218706, -0.181261, 0.128892, 0.000000, 0.000000, 0.000000, 1.000000, 0.981634, -0.111990, 0.154443, 0.069644, 0.133961, -0.171752, -0.975990, 0.071650, 0.135828, 0.978754, -0.153596, -0.045756, 0.000000, 0.000000, 0.000000, 1.000000
-4.1067, 35.6791, 125.2527, 375.4987, 444.4987, -26.6791, 131.8207, 68.9235, 71.5463, -45.2483, -0.220549, -0.972099, 0.079889, 0.035679, 0.962205, -0.203425, 0.181053, 0.125253, -0.159750, 0.116800, 0.980223, 0.375499, 0.000000, 0.000000, 0.000000, 1.000000, -0.159750, 0.116800, 0.980223, 0.444499, 0.220549, 0.972099, -0.079889, -0.026679, -0.962205, 0.203425, -0.181053, 0.131821, 0.000000, 0.000000, 0.000000, 1.000000, 0.982132, -0.108579, 0.153709, 0.068924, 0.134340, -0.167482, -0.976679, 0.071546, 0.131791, 0.979878, -0.149903, -0.045248, 0.000000, 0.000000, 0.000000, 1.000000
-3.3435, 35.9242, 123.1405, 375.1157, 444.1157, -26.9242, 133.9329, 69.1166, 71.1575, -44.6828, -0.207549, -0.973644, 0.094560, 0.035924, 0.965722, -0.188531, 0.178428, 0.123141, -0.155898, 0.128351, 0.979399, 0.375116, 0.000000, 0.000000, 0.000000, 1.000000, -0.155898, 0.128351, 0.979399, 0.444116, 0.207549, 0.973644, -0.094560, -0.026924, -0.965722, 0.188531, -0.178428, 0.133933, 0.000000, 0.000000, 0.000000, 1.000000, 0.983018, -0.106519, 0.149432, 0.069117, 0.129365, -0.175314, -0.975976, 0.071158, 0.130157, 0.978733, -0.158557, -0.044683, 0.000000, 0.000000, 0.000000, 1.000000
-2.6717, 36.2053, 120.8910, 374.8598, 443.8598, -27.2053, 136.1824, 68.8857, 70.7497, -44.2443, -0.195091, -0.977550, 0.079589, 0.036205, 0.968014, -0.178863, 0.175944, 0.120891, -0.157758, 0.111369, 0.981177, 0.374860, 0.000000, 0.000000, 0.000000, 1.000000, -0.157758, 0.111369, 0.981177, 0.443860, 0.195091, 0.977550, -0.079589, -0.027205, -0.968014, 0.178863, -0.175944, 0.136182, 0.000000, 0.000000, 0.000000, 1.000000, 0.983175, -0.107369, 0.147776, 0.068886, 0.130240, -0.155191, -0.979262, 0.070750, 0.128076, 0.982032, -0.138596, -0.044244, 0.000000, 0.000000, 0.000000, 1.000000
-2.0911, 36.3555, 118.9001, 374.4839, 443.4839, -27.3555, 138.1734, 68.6461, 70.5535, -43.7849, -0.187248, -0.977255, 0.099552, 0.036355, 0.966964, -0.165529, 0.193857, 0.118900, -0.172969, 0.132562, 0.975966, 0.374484, 0.000000, 0.000000, 0.000000, 1.000000, -0.172969, 0.132562, 0.975966, 0.443484, 0.187248, 0.977255, -0.099552, -0.027355, -0.966964, 0.165529, -0.193857, 0.138173, 0.000000, 0.000000, 0.000000, 1.000000, 0.980933, -0.104222, 0.164038, 0.068646, 0.144467, -0.173555, -0.974170, 0.070554, 0.130000, 0.979294, -0.155189, -0.043785, 0.000000, 0.000000, 0.000000, 1.000000
-1.4824, 36.4938, 117.0283, 374.0004, 443.0004, -27.4938, 140.0452, 68.6090, 70.4371, -43.3161, -0.175247, -0.979257, 0.101710, 0.036494, 0.970827, -0.154712, 0.183190, 0.117028, -0.163654, 0.130846, 0.977802, 0.374000, 0.000000, 0.000000, 0.000000, 1.000000, -0.163654, 0.130846, 0.977802, 0.443000, 0.175247, 0.979257, -0.101710, -0.027494, -0.970827, 0.154712, -0.183190, 0.140045, 0.000000, 0.000000, 0.000000, 1.000000, 0.982810, -0.103385, 0.152957, 0.068609, 0.134192, -0.168973, -0.976443, 0.070437, 0.126795, 0.980184, -0.152195, -0.043316, 0.000000, 0.000000, 0.000000, 1.000000
-0.9279, 36.6769, 115.2450, 373.9801, 442.9801, -27.6769, 141.8284, 68.4810, 69.9193, -42.9764, -0.166841, -0.981227, 0.096736, 0.036677, 0.970448, -0.146072, 0.192075, 0.115245, -0.174339, 0.125924, 0.976601, 0.373980, 0.000000, 0.000000, 0.000000, 1.000000, -0.174339, 0.125924, 0.976601, 0.442980, 0.166841, 0.981227, -0.096736, -0.027677, -0.970448, 0.146072, -0.192075, 0.141828, 0.000000, 0.000000, 0.000000, 1.000000, 0.981352, -0.103752, 0.161811, 0.068481, 0.143917, -0.161431, -0.976334, 0.069919, 0.127418, 0.981415, -0.143489, -0.042976, 0.000000, 0.000000, 0.000000, 1.000000
-0.3194, 36.7831, 113.7057, 373.8560, 442.8560, -27.7831, 143.3677, 68.7600, 69.4434, -42.5396, -0.157546, -0.980539, 0.117141, 0.036783, 0.970094, -0.131493, 0.204030, 0.113706, -0.184656, 0.145782, 0.971931, 0.373856, 0.000000, 0.000000, 0.000000, 1.000000, -0.184656, 0.145782, 0.971931, 0.442856, 0.157546, 0.980539, -0.117141, -0.027783, -0.970094, 0.131493, -0.204030, 0.143368, 0.000000, 0.000000, 0.000000, 1.000000, 0.979889, -0.099869, 0.172754, 0.068760, 0.153171, -0.178425, -0.971958, 0.069443, 0.127892, 0.978872, -0.159540, -0.042540, 0.000000, 0.000000, 0.000000, 1.000000
0.4793, 36.8945, 111.7550, 373.4903, 442.4903, -27.8945, 145.3184, 69.1950, 69.0243, -41.9511, -0.148301, -0.982563, 0.112147, 0.036894, 0.971197, -0.123315, 0.203887, 0.111755, -0.186503, 0.139154, 0.972550, 0.373490, 0.000000, 0.000000, 0.000000, 1.000000, -0.186503, 0.139154, 0.972550, 0.442490, 0.148301, 0.982563, -0.112147, -0.027894, -0.971197, 0.123315, -0.203887, 0.145318, 0.000000, 0.000000, 0.000000, 1.000000, 0.979442, -0.104725, 0.172415, 0.069195, 0.153464, -0.167921, -0.973782, 0.069024, 0.130931, 0.980222, -0.148398, -0.041951, 0.000000, 0.000000, 0.000000, 1.000000
0.9033, 36.8999, 109.3178, 372.7525, 441.7525, -27.8999, 147.7557, 68.0407, 69.3870, -41.5528, -0.133119, -0.983109, 0.125599, 0.036900, 0.976143, -0.108120, 0.188297, 0.109318, -0.171536, 0.147669, 0.974048, 0.372752, 0.000000, 0.000000, 0.000000, 1.000000, -0.171536, 0.147669, 0.974048, 0.441752, 0.133119, 0.983109, -0.125599, -0.027900, -0.976143, 0.108120, -0.188297, 0.147756, 0.000000, 0.000000, 0.000000, 1.000000, 0.982945, -0.096837, 0.156336, 0.068041, 0.137853, -0.174675, -0.974928, 0.069387, 0.121717, 0.979853, -0.158347, -0.041553, 0.000000, 0.000000, 0.000000, 1.000000
1.8135, 36.9847, 108.0880, 372.7574, 441.7573, -27.9847, 148.9854, 69.5040, 68.4687, -40.9125, -0.126585, -0.984789, 0.119025, 0.036985, 0.976845, -0.102893, 0.187580, 0.108088, -0.172480, 0.140014, 0.975011, 0.372757, 0.000000, 0.000000, 0.000000, 1.000000, -0.172480, 0.140014, 0.975011, 0.441757, 0.126585, 0.984789, -0.119025, -0.027985, -0.976845, 0.102893, -0.187580, 0.148985, 0.000000, 0.000000, 0.000000, 1.000000, 0.982122, -0.106487, 0.155229, 0.069504, 0.136831, -0.162476, -0.977179, 0.068469, 0.129278, 0.980950, -0.145000, -0.040913, 0.000000, 0.000000, 0.000000, 1.000000
2.4387, 37.0202, 105.3286, 372.0762, 441.0762, -28.0202, 151.7449, 68.6132, 68.5887, -40.4460, -0.111910, -0.985440, 0.128001, 0.037020, 0.977785, -0.086224, 0.191054, 0.105329, -0.177235, 0.146538, 0.973198, 0.372076, 0.000000, 0.000000, 0.000000, 1.000000, -0.177235, 0.146538, 0.973198, 0.441076, 0.111910, 0.985440, -0.128001, -0.028020, -0.977785, 0.086224, -0.191054, 0.151745, 0.000000, 0.000000, 0.000000, 1.000000, 0.982243, -0.100444, 0.158461, 0.068613, 0.140452, -0.166297, -0.976022, 0.068589, 0.124387, 0.980947, -0.149236, -0.040446, 0.000000, 0.000000, 0.000000, 1.000000
2.7488, 37.0543, 103.4837, 371.8714, 440.8714, -28.0543, 153.5898, 67.6897, 68.5358, -40.2553, -0.103328, -0.985502, 0.134571, 0.037054, 0.975731, -0.074170, 0.206029, 0.103484, -0.193061, 0.152594, 0.969248, 0.371871, 0.000000, 0.000000, 0.000000, 1.000000, -0.193061, 0.152594, 0.969248, 0.440871, 0.103328, 0.985502, -0.134571, -0.028054, -0.975731, 0.074170, -0.206029, 0.153590, 0.000000, 0.000000, 0.000000, 1.000000, 0.980360, -0.093768, 0.173497, 0.067690, 0.155798, -0.171155, -0.972848, 0.068536, 0.120917, 0.980772, -0.153184, -0.040255, 0.000000, 0.000000, 0.000000, 1.000000
3.5272, 37.0247, 102.1956, 371.8979, 440.8979, -28.0247, 154.8778, 68.6871, 67.7453, -39.6465, -0.095414, -0.984850, 0.144801, 0.037025, 0.977238, -0.064984, 0.201950, 0.102196, -0.189480, 0.160774, 0.968633, 0.371898, 0.000000, 0.000000, 0.000000, 1.000000, -0.189480, 0.160774, 0.968633, 0.440898, 0.095414, 0.984850, -0.144801, -0.028025, -0.977238, 0.064984, -0.201950, 0.154878, 0.000000, 0.000000, 0.000000, 1.000000, 0.980690, -0.097826, 0.169342, 0.068687, 0.150480, -0.175593, -0.972894, 0.067745, 0.124909, 0.979590, -0.157481, -0.039646, 0.000000, 0.000000, 0.000000, 1.000000
4.2316, 37.0142, 100.2561, 371.5121, 440.5121, -28.0142, 156.8174, 68.8246, 67.4742, -39.1355, -0.085974, -0.985745, 0.144621, 0.037014, 0.977219, -0.055163, 0.204940, 0.100256, -0.194041, 0.158946, 0.968031, 0.371512, 0.000000, 0.000000, 0.000000, 1.000000, -0.194041, 0.158946, 0.968031, 0.440512, 0.085974, 0.985745, -0.144621, -0.028014, -0.977219, 0.055163, -0.204940, 0.156817, 0.000000, 0.000000, 0.000000, 1.000000, 0.980028, -0.099691, 0.172066, 0.068825, 0.153547, -0.170484, -0.973323, 0.067474, 0.126366, 0.980304, -0.151772, -0.039136, 0.000000, 0.000000, 0.000000, 1.000000
4.6626, 36.9622, 98.1823, 371.3360, 440.3360, -27.9622, 158.8912, 68.0166, 67.2868, -38.8292, -0.075569, -0.987399, 0.139043, 0.036962, 0.976812, -0.045293, 0.209251, 0.098182, -0.200317, 0.151632, 0.967926, 0.371336, 0.000000, 0.000000, 0.000000, 1.000000, -0.200317, 0.151632, 0.967926, 0.440336, 0.075569, 0.987399, -0.139043, -0.027962, -0.976812, 0.045293, -0.209251, 0.158891, 0.000000, 0.000000, 0.000000, 1.000000, 0.979637, -0.096783, 0.175909, 0.068017, 0.158958, -0.161346, -0.974012, 0.067287, 0.122650, 0.982141, -0.142676, -0.038829, 0.000000, 0.000000, 0.000000, 1.000000
5.3454, 36.8197, 96.4532, 370.5743, 439.5743, -27.8197, 160.6203, 68.3030, 67.4133, -38.2321, -0.064362, -0.984777, 0.161467, 0.036820, 0.979678, -0.031551, 0.198081, 0.096453, -0.189971, 0.170934, 0.966795, 0.370574, 0.000000, 0.000000, 0.000000, 1.000000, -0.189971, 0.170934, 0.966795, 0.439574, 0.064362, 0.984777, -0.161467, -0.027820, -0.979678, 0.031551, -0.198081, 0.160620, 0.000000, 0.000000, 0.000000, 1.000000, 0.981588, -0.095099, 0.165653, 0.068303, 0.147005, -0.177619, -0.973057, 0.067413, 0.121960, 0.979493, -0.160369, -0.038232, 0.000000, 0.000000, 0.000000, 1.000000
5.9498, 36.7474, 94.6081, 370.4113, 439.4113, -27.7474, 162.4654, 68.2198, 67.0327, -37.7985, -0.055374, -0.985072, 0.162994, 0.036747, 0.979071, -0.021551, 0.202375, 0.094608, -0.195842, 0.170789, 0.965649, 0.370411, 0.000000, 0.000000, 0.000000, 1.000000, -0.195842, 0.170789, 0.965649, 0.439411, 0.055374, 0.985072, -0.162994, -0.027747, -0.979071, 0.021551, -0.202375, 0.162465, 0.000000, 0.000000, 0.000000, 1.000000, 0.980858, -0.095197, 0.169866, 0.068220, 0.151523, -0.174765, -0.972881, 0.067033, 0.122302, 0.979997, -0.156995, -0.037798, 0.000000, 0.000000, 0.000000, 1.000000
6.5518, 36.5881, 92.9949, 370.0217, 439.0217, -27.5881, 164.0786, 68.3593, 66.8757, -37.2797, -0.045470, -0.983096, 0.177357, 0.036588, 0.980028, -0.009493, 0.198635, 0.092995, -0.193594, 0.182847, 0.963892, 0.370022, 0.000000, 0.000000, 0.000000, 1.000000, -0.193594, 0.182847, 0.963892, 0.439022, 0.045470, 0.983096, -0.177357, -0.027588, -0.980028, 0.009493, -0.198635, 0.164079, 0.000000, 0.000000, 0.000000, 1.000000, 0.981489, -0.093600, 0.167090, 0.068359, 0.147856, -0.184219, -0.971701, 0.066876, 0.121732, 0.978418, -0.166969, -0.037280, 0.000000, 0.000000, 0.000000, 1.000000
7.1489, 36.5275, 91.1588, 369.9046, 438.9046, -27.5275, 165.9147, 68.2550, 66.4653, -36.8986, -0.036546, -0.985451, 0.165982, 0.036527, 0.979801, -0.002658, 0.199956, 0.091159, -0.196605, 0.169937, 0.965644, 0.369905, 0.000000, 0.000000, 0.000000, 1.000000, -0.196605, 0.169937, 0.965644, 0.438905, 0.036546, 0.985451, -0.165982, -0.027527, -0.979801, 0.002658, -0.199956, 0.165915, 0.000000, 0.000000, 0.000000, 1.000000, 0.981210, -0.096319, 0.167183, 0.068255, 0.149461, -0.168534, -0.974298, 0.066465, 0.122020, 0.980978, -0.150972, -0.036899, 0.000000, 0.000000, 0.000000, 1.000000
7.5179, 36.4324, 89.3147, 369.6010, 438.6010, -27.4324, 167.7588, 67.4884, 66.4806, -36.6805, -0.025263, -0.986574, 0.161352, 0.036432, 0.981147, 0.006466, 0.193155, 0.089315, -0.191604, 0.163190, 0.967810, 0.369601, 0.000000, 0.000000, 0.000000, 1.000000, -0.191604, 0.163190, 0.967810, 0.438601, 0.025263, 0.986574, -0.161352, -0.027432, -0.981147, -0.006466, -0.193155, 0.167759, 0.000000, 0.000000, 0.000000, 1.000000, 0.982759, -0.093155, 0.159708, 0.067488, 0.143508, -0.160308, -0.976579, 0.066481, 0.116575, 0.982661, -0.144176, -0.036681, 0.000000, 0.000000, 0.000000, 1.000000
8.3703, 36.2456, 87.9374, 369.3036, 438.3036, -27.2456, 169.1361, 68.5627, 65.9760, -35.9631, -0.018559, -0.983283, 0.181136, 0.036246, 0.980059, 0.017956, 0.197892, 0.087937, -0.197837, 0.181197, 0.963342, 0.369304, 0.000000, 0.000000, 0.000000, 1.000000, -0.197837, 0.181197, 0.963342, 0.438304, 0.018559, 0.983283, -0.181136, -0.027246, -0.980059, -0.017956, -0.197892, 0.169136, 0.000000, 0.000000, 0.000000, 1.000000, 0.981359, -0.096492, 0.166206, 0.068563, 0.147727, -0.174436, -0.973524, 0.065976, 0.122930, 0.979929, -0.156930, -0.035963, 0.000000, 0.000000, 0.000000, 1.000000
9.0682, 35.9949, 85.4755, 368.7164, 437.7164, -26.9949, 171.5979, 68.1188, 65.9799, -35.4413, -0.004011, -0.982641, 0.185472, 0.035995, 0.979713, 0.033302, 0.197620, 0.085476, -0.200366, 0.182502, 0.962573, 0.368716, 0.000000, 0.000000, 0.000000, 1.000000, -0.200366, 0.182502, 0.962573, 0.437716, 0.004011, 0.982641, -0.185472, -0.026995, -0.979713, -0.033302, -0.197620, 0.171598, 0.000000, 0.000000, 0.000000, 1.000000, 0.981710, -0.092876, 0.166191, 0.068119, 0.148475, -0.172902, -0.973684, 0.065980, 0.119166, 0.980550, -0.155950, -0.035441, 0.000000, 0.000000, 0.000000, 1.000000
9.4863, 35.8299, 83.4877, 368.8434, 437.8434, -26.8299, 173.5857, 67.3140, 65.5364, -35.1922, 0.007327, -0.983772, 0.179272, 0.035830, 0.981380, 0.041485, 0.187541, 0.083488, -0.191934, 0.174560, 0.965759, 0.368843, 0.000000, 0.000000, 0.000000, 1.000000, -0.191934, 0.174560, 0.965759, 0.437843, -0.007327, 0.983772, -0.179272, -0.026830, -0.981380, -0.041485, -0.187541, 0.173586, 0.000000, 0.000000, 0.000000, 1.000000, 0.983660, -0.091428, 0.155091, 0.067314, 0.138834, -0.163216, -0.976773, 0.065536, 0.114618, 0.982345, -0.147855, -0.035192, 0.000000, 0.000000, 0.000000, 1.000000
10.2493, 35.6275, 82.1289, 368.3940, 437.3940, -26.6275, 174.9446, 68.1379, 65.2886, -34.5758, 0.014024, -0.983118, 0.182433, 0.035628, 0.981125, 0.048722, 0.187136, 0.082129, -0.192865, 0.176365, 0.965245, 0.368394, 0.000000, 0.000000, 0.000000, 1.000000, -0.192865, 0.176365, 0.965245, 0.437394, -0.014024, 0.983118, -0.182433, -0.026628, -0.981125, -0.048722, -0.187136, 0.174945, 0.000000, 0.000000, 0.000000, 1.000000, 0.983189, -0.096975, 0.154712, 0.068138, 0.137848, -0.161439, -0.977208, 0.065289, 0.119741, 0.982107, -0.145358, -0.034576, 0.000000, 0.000000, 0.000000, 1.000000
10.9056, 35.2978, 79.8900, 367.8676, 436.8676, -26.2978, 177.1835, 67.7700, 65.2821, -34.0591, 0.025286, -0.981262, 0.191011, 0.035298, 0.979993, 0.062065, 0.189107, 0.079890, -0.197419, 0.182407, 0.963200, 0.367868, 0.000000, 0.000000, 0.000000, 1.000000, -0.197419, 0.182407, 0.963200, 0.436868, -0.025286, 0.981262, -0.191011, -0.026298, -0.979993, -0.062065, -0.189107, 0.177183, 0.000000, 0.000000, 0.000000, 1.000000, 0.982935, -0.094798, 0.157647, 0.067770, 0.140676, -0.164828, -0.976239, 0.065282, 0.118530, 0.981756, -0.148679, -0.034059, 0.000000, 0.000000, 0.000000, 1.000000
11.5724, 35.0860, 78.1277, 367.6235, 436.6235, -26.0860, 178.9458, 67.8981, 64.9599, -33.6003, 0.037173, -0.981245, 0.189148, 0.035086, 0.981094, 0.071809, 0.179716, 0.078128, -0.189928, 0.178891, 0.965363, 0.367624, 0.000000, 0.000000, 0.000000, 1.000000, -0.189928, 0.178891, 0.965363, 0.436624, -0.037173, 0.981245, -0.189148, -0.026086, -0.981094, -0.071809, -0.179716, 0.178946, 0.000000, 0.000000, 0.000000, 1.000000, 0.984371, -0.096061, 0.147600, 0.067898, 0.131278, -0.158398, -0.978609, 0.064960, 0.117386, 0.982691, -0.143311, -0.033600, 0.000000, 0.000000, 0.000000, 1.000000
12.0726, 34.7521, 75.9969, 367.3589, 436.3589, -25.7521, 181.0766, 67.1724, 64.8546, -33.2329, 0.047601, -0.977710, 0.204490, 0.034752, 0.978700, 0.086581, 0.186143, 0.075997, -0.199699, 0.191274, 0.961007, 0.367359, 0.000000, 0.000000, 0.000000, 1.000000, -0.199699, 0.191274, 0.961007, 0.436359, -0.047601, 0.977710, -0.204490, -0.025752, -0.978700, -0.086581, -0.186143, 0.181077, 0.000000, 0.000000, 0.000000, 1.000000, 0.983577, -0.090037, 0.156430, 0.067172, 0.139689, -0.169109, -0.975648, 0.064855, 0.114298, 0.981476, -0.153755, -0.033233, 0.000000, 0.000000, 0.000000, 1.000000
12.5914, 34.5005, 74.6113, 367.0037, 436.0036, -25.5005, 182.4622, 67.2490, 64.7790, -32.8263, 0.054493, -0.976536, 0.208344, 0.034500, 0.978011, 0.094265, 0.186032, 0.074611, -0.201307, 0.193626, 0.960200, 0.367004, 0.000000, 0.000000, 0.000000, 1.000000, -0.201307, 0.193626, 0.960200, 0.436004, -0.054493, 0.976536, -0.208344, -0.025500, -0.978011, -0.094265, -0.186032, 0.182462, 0.000000, 0.000000, 0.000000, 1.000000, 0.983421, -0.091069, 0.156809, 0.067249, 0.139888, -0.169250, -0.975595, 0.064779, 0.115386, 0.981357, -0.153704, -0.032826, 0.000000, 0.000000, 0.000000, 1.000000
13.1299, 34.2191, 73.0282, 366.7457, 435.7457, -25.2191, 184.0452, 67.1720, 64.6030, -32.4220, 0.063718, -0.974821, 0.213692, 0.034219, 0.977404, 0.104202, 0.183911, 0.073028, -0.201548, 0.197145, 0.959433, 0.366746, 0.000000, 0.000000, 0.000000, 1.000000, -0.201548, 0.197145, 0.959433, 0.435746, -0.063718, 0.974821, -0.213692, -0.025219, -0.977404, -0.104202, -0.183911, 0.184045, 0.000000, 0.000000, 0.000000, 1.000000, 0.983707, -0.090201, 0.155514, 0.067172, 0.138578, -0.170620, -0.975543, 0.064603, 0.114529, 0.981200, -0.155340, -0.032422, 0.000000, 0.000000, 0.000000, 1.000000
13.5615, 33.9371, 71.4438, 366.4064, 435.4064, -24.9371, 185.6296, 66.7975, 64.6186, -32.1173, 0.072720, -0.975258, 0.208765, 0.033937, 0.977057, 0.111674, 0.181350, 0.071444, -0.200177, 0.190788, 0.961004, 0.366406, 0.000000, 0.000000, 0.000000, 1.000000, -0.200177, 0.190788, 0.961004, 0.435406, -0.072720, 0.975258, -0.208765, -0.024937, -0.977057, -0.111674, -0.181350, 0.185630, 0.000000, 0.000000, 0.000000, 1.000000, 0.984336, -0.089715, 0.151772, 0.066798, 0.135880, -0.162481, -0.977311, 0.064619, 0.112340, 0.982625, -0.147745, -0.032117, 0.000000, 0.000000, 0.000000, 1.000000
14.4637, 33.6317, 69.8898, 366.2456, 435.2456, -24.6317, 187.1837, 67.7459, 63.9896, -31.4270, 0.081580, -0.972050, 0.220144, 0.033632, 0.976800, 0.121862, 0.176103, 0.069890, -0.198008, 0.200670, 0.959440, 0.366246, 0.000000, 0.000000, 0.000000, 1.000000, -0.198008, 0.200670, 0.959440, 0.435246, -0.081580, 0.972050, -0.220144, -0.024632, -0.976800, -0.121862, -0.176103, 0.187184, 0.000000, 0.000000, 0.000000, 1.000000, 0.984346, -0.094823, 0.148565, 0.067746, 0.131225, -0.168402, -0.976945, 0.063990, 0.117655, 0.981147, -0.153323, -0.031427, 0.000000, 0.000000, 0.000000, 1.000000
14.7782, 33.1627, 67.5602, 366.1053, 435.1053, -24.1627, 189.5133, 66.2609, 63.9869, -31.2166, 0.094147, -0.971773, 0.216320, 0.033163, 0.974613, 0.134301, 0.179144, 0.067560, -0.203140, 0.193962, 0.959746, 0.366105, 0.000000, 0.000000, 0.000000, 1.000000, -0.203140, 0.193962, 0.959746, 0.435105, -0.094147, 0.971773, -0.216320, -0.024163, -0.974613, -0.134301, -0.179144, 0.189513, 0.000000, 0.000000, 0.000000, 1.000000, 0.984732, -0.087383, 0.150559, 0.066261, 0.135202, -0.160891, -0.977668, 0.063987, 0.109655, 0.983096, -0.146620, -0.031217, 0.000000, 0.000000, 0.000000, 1.000000
15.4818, 32.9303, 66.4782, 365.6864, 434.6864, -23.9303, 190.5952, 67.1408, 63.7883, -30.6929, 0.099304, -0.969053, 0.225998, 0.032930, 0.973598, 0.141537, 0.179094, 0.066478, -0.205539, 0.202246, 0.957523, 0.365686, 0.000000, 0.000000, 0.000000, 1.000000, -0.205539, 0.202246, 0.957523, 0.434686, -0.099304, 0.969053, -0.225998, -0.023930, -0.973598, -0.141537, -0.179094, 0.190595, 0.000000, 0.000000, 0.000000, 1.000000, 0.984021, -0.092071, 0.152399, 0.067141, 0.135730, -0.166080, -0.976727, 0.063788, 0.115239, 0.981805, -0.150929, -0.030693, 0.000000, 0.000000, 0.000000, 1.000000
16.1551, 32.4835, 64.4362, 365.7090, 434.7090, -23.4835, 192.6372, 66.9172, 63.2575, -30.1996, 0.112232, -0.968655, 0.221612, 0.032484, 0.973480, 0.151923, 0.171042, 0.064436, -0.199348, 0.196539, 0.960017, 0.365709, 0.000000, 0.000000, 0.000000, 1.000000, -0.199348, 0.196539, 0.960017, 0.434709, -0.112232, 0.968655, -0.221612, -0.023484, -0.973480, -0.151923, -0.171042, 0.192637, 0.000000, 0.000000, 0.000000, 1.000000, 0.985371, -0.092666, 0.143029, 0.066917, 0.127322, -0.157593, -0.979262, 0.063257, 0.113285, 0.983147, -0.143489, -0.030200, 0.000000, 0.000000, 0.000000, 1.000000
16.7939, 32.0160, 62.5583, 365.3643, 434.3643, -23.0160, 194.5152, 66.7750, 63.1228, -29.7104, 0.120133, -0.965585, 0.230680, 0.032016, 0.969956, 0.163676, 0.179988, 0.062558, -0.211551, 0.202127, 0.956238, 0.365364, 0.000000, 0.000000, 0.000000, 1.000000, -0.211551, 0.202127, 0.956238, 0.434364, -0.120133, 0.965585, -0.230680, -0.023016, -0.969956, -0.163676, -0.179988, 0.194515, 0.000000, 0.000000, 0.000000, 1.000000, 0.983851, -0.091624, 0.153759, 0.066775, 0.137765, -0.160787, -0.977327, 0.063123, 0.114269, 0.982727, -0.145568, -0.029710, 0.000000, 0.000000, 0.000000, 1.000000
17.3871, 31.6173, 60.9042, 365.4316, 434.4316, -22.6173, 196.1692, 66.7046, 62.6077, -29.2729, 0.131513, -0.964091, 0.230723, 0.031617, 0.969388, 0.173753, 0.173484, 0.060904, -0.207343, 0.200845, 0.957429, 0.365432, 0.000000, 0.000000, 0.000000, 1.000000, -0.207343, 0.200845, 0.957429, 0.434432, -0.131513, 0.964091, -0.230723, -0.022617, -0.969388, -0.173753, -0.173484, 0.196169, 0.000000, 0.000000, 0.000000, 1.000000, 0.984910, -0.091294, 0.147032, 0.066705, 0.131545, -0.157193, -0.978768, 0.062608, 0.112468, 0.983339, -0.142812, -0.029273, 0.000000, 0.000000, 0.000000, 1.000000
17.9997, 31.1563, 58.9644, 365.0926, 434.0926, -22.1563, 198.1091, 66.4251, 62.5070, -28.8680, 0.141324, -0.962822, 0.230220, 0.031156, 0.967570, 0.183523, 0.173571, 0.058964, -0.209368, 0.198225, 0.957534, 0.365093, 0.000000, 0.000000, 0.000000, 1.000000, -0.209368, 0.198225, 0.957534, 0.434093, -0.141324, 0.962822, -0.230220, -0.022156, -0.967570, -0.183523, -0.173571, 0.198109, 0.000000, 0.000000, 0.000000, 1.000000, 0.984956, -0.091535, 0.146572, 0.066425, 0.131629, -0.152145, -0.979554, 0.062507, 0.111964, 0.984110, -0.137807, -0.028868, 0.000000, 0.000000, 0.000000, 1.000000
18.5856, 30.7519, 57.2577, 365.2845, 434.2845, -21.7519, 199.8157, 66.2621, 61.8895, -28.4760, 0.151565, -0.963399, 0.221110, 0.030752, 0.966210, 0.191583, 0.172437, 0.057258, -0.208487, 0.187503, 0.959883, 0.365284, 0.000000, 0.000000, 0.000000, 1.000000, -0.208487, 0.187503, 0.959883, 0.434284, -0.151565, 0.963399, -0.221110, -0.021752, -0.966210, -0.191583, -0.172437, 0.199816, 0.000000, 0.000000, 0.000000, 1.000000, 0.985452, -0.092780, 0.142392, 0.066262, 0.128795, -0.138946, -0.981889, 0.061890, 0.110884, 0.985944, -0.124975, -0.028476, 0.000000, 0.000000, 0.000000, 1.000000
19.1784, 30.1478, 55.3656, 364.6255, 433.6255, -21.1478, 201.7079, 65.9571, 62.1424, -27.9937, 0.161709, -0.958153, 0.236207, 0.030148, 0.963764, 0.204795, 0.170932, 0.055366, -0.212153, 0.200007, 0.956550, 0.364626, 0.000000, 0.000000, 0.000000, 1.000000, -0.212153, 0.200007, 0.956550, 0.433626, -0.161709, 0.958153, -0.236207, -0.021148, -0.963764, -0.204795, -0.170932, 0.201708, 0.000000, 0.000000, 0.000000, 1.000000, 0.985378, -0.089638, 0.144898, 0.065957, 0.130514, -0.149584, -0.980097, 0.062142, 0.109528, 0.984677, -0.135698, -0.027994, 0.000000, 0.000000, 0.000000, 1.000000
19.4830, 29.7532, 53.8382, 364.7222, 433.7222, -20.7532, 203.2353, 65.2069, 61.8872, -27.8159, 0.169053, -0.956889, 0.236187, 0.029753, 0.961426, 0.212857, 0.174221, 0.053838, -0.216984, 0.197624, 0.955962, 0.364722, 0.000000, 0.000000, 0.000000, 1.000000, -0.216984, 0.197624, 0.955962, 0.433722, -0.169053, 0.956889, -0.236187, -0.020753, -0.961426, -0.212857, -0.174221, 0.203235, 0.000000, 0.000000, 0.000000, 1.000000, 0.985226, -0.086437, 0.147846, 0.065207, 0.134240, -0.146294, -0.980091, 0.061887, 0.106346, 0.985457, -0.132530, -0.027816, 0.000000, 0.000000, 0.000000, 1.000000
20.0021, 29.4006, 52.6272, 364.7149, 433.7149, -20.4006, 204.4463, 65.3590, 61.5048, -27.4387, 0.177760, -0.956504, 0.231306, 0.029401, 0.961416, 0.218950, 0.166552, 0.052627, -0.209952, 0.192775, 0.958519, 0.364715, 0.000000, 0.000000, 0.000000, 1.000000, -0.209952, 0.192775, 0.958519, 0.433715, -0.177760, 0.956504, -0.231306, -0.020401, -0.961416, -0.218950, -0.166552, 0.204446, 0.000000, 0.000000, 0.000000, 1.000000, 0.986386, -0.088715, 0.138461, 0.065359, 0.125364, -0.139236, -0.982292, 0.061505, 0.106423, 0.986277, -0.126219, -0.027439, 0.000000, 0.000000, 0.000000, 1.000000
20.0021, 28.9793, 51.2565, 364.5493, 433.5493, -19.9793, 205.8170, 63.9466, 61.8001, -27.4521, 0.183850, -0.954225, 0.235911, 0.028979, 0.959404, 0.226421, 0.168157, 0.051256, -0.213874, 0.195418, 0.957115, 0.364549, 0.000000, 0.000000, 0.000000, 1.000000, -0.213874, 0.195418, 0.957115, 0.433549, -0.183850, 0.954225, -0.235911, -0.019979, -0.959404, -0.226421, -0.168157, 0.205817, 0.000000, 0.000000, 0.000000, 1.000000, 0.986611, -0.081179, 0.141455, 0.063947, 0.128969, -0.142578, -0.981345, 0.061800, 0.099833, 0.986449, -0.130199, -0.027452, 0.000000, 0.000000, 0.000000, 1.000000
