# Joint_5_Angle(deg), Cam_X(mm), Cam_Y(mm), Cam_Z(mm), Torso_X(mm), Torso_Y(mm), Torso_Z(mm), EE_X(mm), EE_Y(mm), EE_Z(mm), T_cam2marker_flat(16), T_torso2marker_flat(16), T_ee2marker_flat(16)
-9.9431, -26.2959, 4.3893, 189.0690, 211.0690, 26.2959, 195.6842, -5.4943, -94.5557, 16.9710, 0.984421, 0.174672, -0.020109, -0.026296, -0.174596, 0.984625, 0.005475, 0.004389, 0.020756, -0.001879, 0.999783, 0.189069, 0.000000, 0.000000, 0.000000, 1.000000, 0.020756, -0.001879, 0.999783, 0.211069, -0.984421, -0.174672, 0.020109, 0.026296, 0.174596, -0.984625, -0.005475, 0.195684, 0.000000, 0.000000, 0.000000, 1.000000, -0.988858, 0.146860, -0.024320, -0.005494, -0.028723, -0.027937, 0.999197, -0.094556, 0.146062, 0.988763, 0.031844, 0.016971, 0.000000, 0.000000, 0.000000, 1.000000
-9.8227, -26.2709, 4.3490, 188.9567, 210.9567, 26.2709, 195.7244, -5.2960, -94.6528, 16.9120, 0.984497, 0.174887, -0.013412, -0.026271, -0.174796, 0.984574, 0.007713, 0.004349, 0.014554, -0.005250, 0.999880, 0.188957, 0.000000, 0.000000, 0.000000, 1.000000, 0.014554, -0.005250, 0.999880, 0.210957, -0.984497, -0.174887, 0.013412, 0.026271, 0.174796, -0.984574, -0.007713, 0.195724, 0.000000, 0.000000, 0.000000, 1.000000, -0.989017, 0.144719, -0.030042, -0.005296, -0.034945, -0.031455, 0.998894, -0.094653, 0.143614, 0.988973, 0.036166, 0.016912, 0.000000, 0.000000, 0.000000, 1.000000
-9.6796, -25.9371, 4.3005, 188.8965, 210.8965, 25.9371, 195.7730, -5.3532, -94.7112, 16.9388, 0.985030, 0.172062, -0.010500, -0.025937, -0.172015, 0.985081, 0.005217, 0.004300, 0.011241, -0.003333, 0.999931, 0.188896, 0.000000, 0.000000, 0.000000, 1.000000, 0.011241, -0.003333, 0.999931, 0.210896, -0.985030, -0.172062, 0.010500, 0.025937, 0.172015, -0.985081, -0.005217, 0.195773, 0.000000, 0.000000, 0.000000, 1.000000, -0.988857, 0.145007, -0.033678, -0.005353, -0.038354, -0.029569, 0.998827, -0.094711, 0.143841, 0.988989, 0.034801, 0.016939, 0.000000, 0.000000, 0.000000, 1.000000
-9.5493, -25.5012, 4.2037, 188.8922, 210.8922, 25.5012, 195.8697, -5.5493, -94.7199, 16.9549, 0.985285, 0.170359, -0.013833, -0.025501, -0.170245, 0.985360, 0.009040, 0.004204, 0.015170, -0.006552, 0.999863, 0.188892, 0.000000, 0.000000, 0.000000, 1.000000, 0.015170, -0.006552, 0.999863, 0.210892, -0.985285, -0.170359, 0.013833, 0.025501, 0.170245, -0.985360, -0.009040, 0.195870, 0.000000, 0.000000, 0.000000, 1.000000, -0.989051, 0.144613, -0.029402, -0.005549, -0.034497, -0.032851, 0.998865, -0.094720, 0.143483, 0.988943, 0.037480, 0.016955, 0.000000, 0.000000, 0.000000, 1.000000
-9.4278, -25.1270, 4.1459, 188.8143, 210.8143, 25.1270, 195.9276, -5.6882, -94.8008, 16.9869, 0.985825, 0.167653, -0.006473, -0.025127, -0.167610, 0.985830, 0.006726, 0.004146, 0.007509, -0.005545, 0.999956, 0.188814, 0.000000, 0.000000, 0.000000, 1.000000, 0.007509, -0.005545, 0.999956, 0.210814, -0.985825, -0.167653, 0.006473, 0.025127, 0.167610, -0.985830, -0.006726, 0.195928, 0.000000, 0.000000, 0.000000, 1.000000, -0.988704, 0.145190, -0.037193, -0.005688, -0.042243, -0.031854, 0.998599, -0.094801, 0.143802, 0.988891, 0.037627, 0.016987, 0.000000, 0.000000, 0.000000, 1.000000
-9.3085, -24.7222, 4.0810, 188.8350, 210.8350, 24.7222, 195.9925, -5.8679, -94.7850, 17.0243, 0.986004, 0.166562, -0.007281, -0.024722, -0.166477, 0.985984, 0.011035, 0.004081, 0.009017, -0.009668, 0.999913, 0.188835, 0.000000, 0.000000, 0.000000, 1.000000, 0.009017, -0.009668, 0.999913, 0.210835, -0.986004, -0.166562, 0.007281, 0.024722, 0.166477, -0.985984, -0.011035, 0.195992, 0.000000, 0.000000, 0.000000, 1.000000, -0.988893, 0.144407, -0.035172, -0.005868, -0.040780, -0.036057, 0.998517, -0.094785, 0.142925, 0.988861, 0.041546, 0.017024, 0.000000, 0.000000, 0.000000, 1.000000
-9.1969, -24.4294, 4.0337, 188.8801, 210.8801, 24.4294, 196.0398, -5.9502, -94.7402, 17.0457, 0.986315, 0.164283, -0.013902, -0.024429, -0.164149, 0.986382, 0.010308, 0.004034, 0.015406, -0.007885, 0.999850, 0.188880, 0.000000, 0.000000, 0.000000, 1.000000, 0.015406, -0.007885, 0.999850, 0.210880, -0.986315, -0.164283, 0.013902, 0.024429, 0.164149, -0.986382, -0.010308, 0.196040, 0.000000, 0.000000, 0.000000, 1.000000, -0.989046, 0.144693, -0.029180, -0.005950, -0.034485, -0.034293, 0.998817, -0.094740, 0.143521, 0.988882, 0.038907, 0.017046, 0.000000, 0.000000, 0.000000, 1.000000
-9.0648, -23.9834, 3.9485, 188.9296, 210.9296, 23.9834, 196.1249, -6.1528, -94.6958, 17.0722, 0.986621, 0.162133, -0.017079, -0.023983, -0.161877, 0.986691, 0.015401, 0.003949, 0.019349, -0.012430, 0.999736, 0.188930, 0.000000, 0.000000, 0.000000, 1.000000, 0.019349, -0.012430, 0.999736, 0.210930, -0.986621, -0.162133, 0.017079, 0.023983, 0.161877, -0.986691, -0.015401, 0.196125, 0.000000, 0.000000, 0.000000, 1.000000, -0.989158, 0.144767, -0.024691, -0.006153, -0.030621, -0.038880, 0.998775, -0.094696, 0.143630, 0.988702, 0.042891, 0.017072, 0.000000, 0.000000, 0.000000, 1.000000
-8.9398, -23.6260, 3.9319, 188.8015, 210.8015, 23.6260, 196.1416, -6.2550, -94.8263, 17.1317, 0.987221, 0.159286, -0.004769, -0.023626, -0.159257, 0.987219, 0.005958, 0.003932, 0.005657, -0.005122, 0.999971, 0.188801, 0.000000, 0.000000, 0.000000, 1.000000, 0.005657, -0.005122, 0.999971, 0.210801, -0.987221, -0.159286, 0.004769, 0.023626, 0.159257, -0.987219, -0.005958, 0.196142, 0.000000, 0.000000, 0.000000, 1.000000, -0.988626, 0.145151, -0.039361, -0.006255, -0.044392, -0.031589, 0.998515, -0.094826, 0.143692, 0.988905, 0.037673, 0.017132, 0.000000, 0.000000, 0.000000, 1.000000
-8.8200, -23.1844, 3.8692, 188.8291, 210.8292, 23.1844, 196.2042, -6.4680, -94.8056, 17.1776, 0.987454, 0.157381, -0.012854, -0.023184, -0.157263, 0.987508, 0.009783, 0.003869, 0.014233, -0.007639, 0.999870, 0.188829, 0.000000, 0.000000, 0.000000, 1.000000, 0.014233, -0.007639, 0.999870, 0.210829, -0.987454, -0.157381, 0.012854, 0.023184, 0.157263, -0.987508, -0.009783, 0.196204, 0.000000, 0.000000, 0.000000, 1.000000, -0.988943, 0.145106, -0.030593, -0.006468, -0.035907, -0.034146, 0.998772, -0.094806, 0.143884, 0.988827, 0.038979, 0.017178, 0.000000, 0.000000, 0.000000, 1.000000
-8.6952, -22.9196, 3.8608, 188.8963, 210.8963, 22.9196, 196.2127, -6.4902, -94.7363, 17.2220, 0.987863, 0.154600, -0.015047, -0.022920, -0.154505, 0.987965, 0.007262, 0.003861, 0.015989, -0.004849, 0.999860, 0.188896, 0.000000, 0.000000, 0.000000, 1.000000, 0.015989, -0.004849, 0.999860, 0.210896, -0.987863, -0.154600, 0.015047, 0.022920, 0.154505, -0.987965, -0.007262, 0.196213, 0.000000, 0.000000, 0.000000, 1.000000, -0.988906, 0.145618, -0.029325, -0.006490, -0.034241, -0.031368, 0.998921, -0.094736, 0.144541, 0.988844, 0.036006, 0.017222, 0.000000, 0.000000, 0.000000, 1.000000
-8.5630, -22.5175, 3.7589, 188.8288, 210.8288, 22.5175, 196.3146, -6.6494, -94.8061, 17.2104, 0.987969, 0.153977, -0.014451, -0.022518, -0.153774, 0.988004, 0.014217, 0.003759, 0.016466, -0.011824, 0.999794, 0.188829, 0.000000, 0.000000, 0.000000, 1.000000, 0.016466, -0.011824, 0.999794, 0.210829, -0.987969, -0.153977, 0.014451, 0.022518, 0.153774, -0.988004, -0.014217, 0.196315, 0.000000, 0.000000, 0.000000, 1.000000, -0.989144, 0.144267, -0.027935, -0.006649, -0.033813, -0.038455, 0.998688, -0.094806, 0.143003, 0.988791, 0.042916, 0.017210, 0.000000, 0.000000, 0.000000, 1.000000
-8.4305, -22.1080, 3.7468, 188.8108, 210.8108, 22.1080, 196.3266, -6.7920, -94.8286, 17.2872, 0.988516, 0.150423, -0.014445, -0.022108, -0.150369, 0.988619, 0.004769, 0.003747, 0.014998, -0.002543, 0.999884, 0.188811, 0.000000, 0.000000, 0.000000, 1.000000, 0.014998, -0.002543, 0.999884, 0.210811, -0.988516, -0.150423, 0.014445, 0.022108, 0.150369, -0.988619, -0.004769, 0.196327, 0.000000, 0.000000, 0.000000, 1.000000, -0.988933, 0.145133, -0.030803, -0.006792, -0.035395, -0.029166, 0.998948, -0.094829, 0.144082, 0.988982, 0.033980, 0.017287, 0.000000, 0.000000, 0.000000, 1.000000
-8.3112, -21.7016, 3.6621, 188.8030, 210.8030, 21.7016, 196.4114, -6.9786, -94.8410, 17.2958, 0.988735, 0.148582, -0.018058, -0.021702, -0.148413, 0.988871, 0.010358, 0.003662, 0.019396, -0.007561, 0.999783, 0.188803, 0.000000, 0.000000, 0.000000, 1.000000, 0.019396, -0.007561, 0.999783, 0.210803, -0.988735, -0.148582, 0.018058, 0.021702, 0.148413, -0.988871, -0.010358, 0.196411, 0.000000, 0.000000, 0.000000, 1.000000, -0.989074, 0.145143, -0.025794, -0.006979, -0.031074, -0.034224, 0.998931, -0.094841, 0.144105, 0.988819, 0.038360, 0.017296, 0.000000, 0.000000, 0.000000, 1.000000
-8.1890, -21.3301, 3.6354, 188.7865, 210.7865, 21.3301, 196.4381, -7.1102, -94.8610, 17.3476, 0.989033, 0.147161, -0.012564, -0.021330, -0.147078, 0.989098, 0.007348, 0.003635, 0.013509, -0.005420, 0.999894, 0.188787, 0.000000, 0.000000, 0.000000, 1.000000, 0.013509, -0.005420, 0.999894, 0.210787, -0.989033, -0.147161, 0.012564, 0.021330, 0.147078, -0.989098, -0.007348, 0.196438, 0.000000, 0.000000, 0.000000, 1.000000, -0.989007, 0.144364, -0.031995, -0.007110, -0.037006, -0.032159, 0.998797, -0.094861, 0.143161, 0.989002, 0.037148, 0.017348, 0.000000, 0.000000, 0.000000, 1.000000
-8.0637, -21.0514, 3.5608, 188.7986, 210.7985, 21.0514, 196.5127, -7.1616, -94.8463, 17.3264, 0.989365, 0.144876, -0.012926, -0.021051, -0.144704, 0.989384, 0.013415, 0.003561, 0.014732, -0.011402, 0.999826, 0.188799, 0.000000, 0.000000, 0.000000, 1.000000, 0.014732, -0.011402, 0.999826, 0.210799, -0.989365, -0.144876, 0.012926, 0.021051, 0.144704, -0.989384, -0.013415, 0.196513, 0.000000, 0.000000, 0.000000, 1.000000, -0.989013, 0.144752, -0.029992, -0.007162, -0.035869, -0.038162, 0.998628, -0.094846, 0.143409, 0.988732, 0.042935, 0.017326, 0.000000, 0.000000, 0.000000, 1.000000
-7.9427, -20.5925, 3.5340, 188.8642, 210.8642, 20.5925, 196.5395, -7.3817, -94.7892, 17.4040, 0.989450, 0.142558, -0.025791, -0.020592, -0.142260, 0.989743, 0.013048, 0.003534, 0.027386, -0.009241, 0.999582, 0.188864, 0.000000, 0.000000, 0.000000, 1.000000, 0.027386, -0.009241, 0.999582, 0.210864, -0.989450, -0.142558, 0.025791, 0.020592, 0.142260, -0.989743, -0.013048, 0.196539, 0.000000, 0.000000, 0.000000, 1.000000, -0.989287, 0.144890, -0.017863, -0.007382, -0.023316, -0.036030, 0.999079, -0.094789, 0.144112, 0.988792, 0.039022, 0.017404, 0.000000, 0.000000, 0.000000, 1.000000
-7.7900, -20.2976, 3.4711, 188.6992, 210.6992, 20.2976, 196.6024, -7.3861, -94.9487, 17.3840, 0.990090, 0.140295, -0.006290, -0.020298, -0.140217, 0.990054, 0.011507, 0.003471, 0.007842, -0.010511, 0.999914, 0.188699, 0.000000, 0.000000, 0.000000, 1.000000, 0.007842, -0.010511, 0.999914, 0.210699, -0.990090, -0.140295, 0.006290, 0.020298, 0.140217, -0.990054, -0.011507, 0.196602, 0.000000, 0.000000, 0.000000, 1.000000, -0.988798, 0.144576, -0.037099, -0.007386, -0.042921, -0.037364, 0.998380, -0.094949, 0.142955, 0.988788, 0.043151, 0.017384, 0.000000, 0.000000, 0.000000, 1.000000
-7.6540, -19.8445, 3.4307, 188.7851, 210.7851, 19.8445, 196.6428, -7.5784, -94.8689, 17.4413, 0.990329, 0.138137, -0.012907, -0.019845, -0.137954, 0.990338, 0.014135, 0.003431, 0.014735, -0.012218, 0.999817, 0.188785, 0.000000, 0.000000, 0.000000, 1.000000, 0.014735, -0.012218, 0.999817, 0.210785, -0.990329, -0.138137, 0.012907, 0.019845, 0.137954, -0.990338, -0.014135, 0.196643, 0.000000, 0.000000, 0.000000, 1.000000, -0.989052, 0.144461, -0.030116, -0.007578, -0.036120, -0.039118, 0.998582, -0.094869, 0.143078, 0.988737, 0.043908, 0.017441, 0.000000, 0.000000, 0.000000, 1.000000
-7.5201, -19.4847, 3.4144, 188.6729, 210.6729, 19.4847, 196.6591, -7.6691, -94.9827, 17.4883, 0.990797, 0.135151, -0.007479, -0.019485, -0.135101, 0.990808, 0.006908, 0.003414, 0.008344, -0.005834, 0.999948, 0.188673, 0.000000, 0.000000, 0.000000, 1.000000, 0.008344, -0.005834, 0.999948, 0.210673, -0.990797, -0.135151, 0.007479, 0.019485, 0.135101, -0.990808, -0.006908, 0.196659, 0.000000, 0.000000, 0.000000, 1.000000, -0.988744, 0.144856, -0.037443, -0.007669, -0.042613, -0.032750, 0.998555, -0.094983, 0.143421, 0.988911, 0.038554, 0.017488, 0.000000, 0.000000, 0.000000, 1.000000
-7.3857, -19.0864, 3.3785, 188.6874, 210.6874, 19.0864, 196.6950, -7.8078, -94.9715, 17.5301, 0.991040, 0.133347, -0.007576, -0.019086, -0.133285, 0.991044, 0.008145, 0.003378, 0.008595, -0.007062, 0.999938, 0.188687, 0.000000, 0.000000, 0.000000, 1.000000, 0.008595, -0.007062, 0.999938, 0.210687, -0.991040, -0.133347, 0.007576, 0.019086, 0.133285, -0.991044, -0.008145, 0.196695, 0.000000, 0.000000, 0.000000, 1.000000, -0.988824, 0.144396, -0.037100, -0.007808, -0.042435, -0.034043, 0.998519, -0.094972, 0.142919, 0.988934, 0.039790, 0.017530, 0.000000, 0.000000, 0.000000, 1.000000
-7.2595, -18.6208, 3.3101, 188.6787, 210.6787, 18.6208, 196.7634, -8.0358, -94.9876, 17.5590, 0.991354, 0.130554, -0.013176, -0.018621, -0.130436, 0.991412, 0.009466, 0.003310, 0.014299, -0.007665, 0.999868, 0.188679, 0.000000, 0.000000, 0.000000, 1.000000, 0.014299, -0.007665, 0.999868, 0.210679, -0.991354, -0.130554, 0.013176, 0.018621, 0.130436, -0.991412, -0.009466, 0.196763, 0.000000, 0.000000, 0.000000, 1.000000, -0.988927, 0.145035, -0.031435, -0.008036, -0.036828, -0.034652, 0.998721, -0.094988, 0.143761, 0.988820, 0.039610, 0.017559, 0.000000, 0.000000, 0.000000, 1.000000
-7.1275, -18.2431, 3.2508, 188.6874, 210.6874, 18.2431, 196.8226, -8.1658, -94.9809, 17.5706, 0.991663, 0.128561, -0.008747, -0.018243, -0.128460, 0.991652, 0.011187, 0.003251, 0.010112, -0.009971, 0.999899, 0.188687, 0.000000, 0.000000, 0.000000, 1.000000, 0.010112, -0.009971, 0.999899, 0.210687, -0.991663, -0.128561, 0.008747, 0.018243, 0.128460, -0.991652, -0.011187, 0.196823, 0.000000, 0.000000, 0.000000, 1.000000, -0.988823, 0.144851, -0.035321, -0.008166, -0.041087, -0.037006, 0.998470, -0.094981, 0.143322, 0.988761, 0.042544, 0.017571, 0.000000, 0.000000, 0.000000, 1.000000
-6.9930, -17.8143, 3.1991, 188.6736, 210.6736, 17.8143, 196.8743, -8.3368, -94.9996, 17.6005, 0.991816, 0.126915, -0.013897, -0.017814, -0.126706, 0.991827, 0.015001, 0.003199, 0.015687, -0.013117, 0.999791, 0.188674, 0.000000, 0.000000, 0.000000, 1.000000, 0.015687, -0.013117, 0.999791, 0.210674, -0.991816, -0.126915, 0.013897, 0.017814, 0.126706, -0.991827, -0.015001, 0.196874, 0.000000, 0.000000, 0.000000, 1.000000, -0.989094, 0.144314, -0.029446, -0.008337, -0.035596, -0.040221, 0.998557, -0.095000, 0.142921, 0.988714, 0.044919, 0.017601, 0.000000, 0.000000, 0.000000, 1.000000
-6.8480, -17.4805, 3.1477, 188.6271, 210.6271, 17.4805, 196.9258, -8.3957, -95.0442, 17.6002, 0.992294, 0.123892, -0.001581, -0.017480, -0.123862, 0.992218, 0.012682, 0.003148, 0.003140, -0.012389, 0.999918, 0.188627, 0.000000, 0.000000, 0.000000, 1.000000, 0.003140, -0.012389, 0.999918, 0.210627, -0.992294, -0.123892, 0.001581, 0.017480, 0.123862, -0.992218, -0.012682, 0.196926, 0.000000, 0.000000, 0.000000, 1.000000, -0.988568, 0.144798, -0.042041, -0.008396, -0.048232, -0.039509, 0.998054, -0.095044, 0.142855, 0.988672, 0.046041, 0.017600, 0.000000, 0.000000, 0.000000, 1.000000
-6.7217, -16.9090, 3.0973, 188.5906, 210.5906, 16.9090, 196.9762, -8.7192, -95.0942, 17.6675, 0.992624, 0.121051, -0.006706, -0.016909, -0.120958, 0.992575, 0.012837, 0.003097, 0.008210, -0.011931, 0.999895, 0.188591, 0.000000, 0.000000, 0.000000, 1.000000, 0.008210, -0.011931, 0.999895, 0.210591, -0.992624, -0.121051, 0.006706, 0.016909, 0.120958, -0.992575, -0.012837, 0.196976, 0.000000, 0.000000, 0.000000, 1.000000, -0.988670, 0.145432, -0.037162, -0.008719, -0.043269, -0.039055, 0.998300, -0.095094, 0.143734, 0.988597, 0.044905, 0.017668, 0.000000, 0.000000, 0.000000, 1.000000
-6.5900, -16.6947, 3.0203, 188.5425, 210.5425, 16.6947, 197.0531, -8.6958, -95.1350, 17.6126, 0.992861, 0.119272, 0.000750, -0.016695, -0.119267, 0.992715, 0.017125, 0.003020, 0.001298, -0.017092, 0.999853, 0.188543, 0.000000, 0.000000, 0.000000, 1.000000, 0.001298, -0.017092, 0.999853, 0.210543, -0.992861, -0.119272, -0.000750, 0.016695, 0.119267, -0.992715, -0.017125, 0.197053, 0.000000, 0.000000, 0.000000, 1.000000, -0.988459, 0.145160, -0.043324, -0.008696, -0.050233, -0.044271, 0.997756, -0.095135, 0.142917, 0.988417, 0.051052, 0.017613, 0.000000, 0.000000, 0.000000, 1.000000
-6.4472, -16.2074, 3.0711, 188.5949, 210.5949, 16.2074, 197.0023, -8.8854, -95.0918, 17.7513, 0.993032, 0.116889, -0.014981, -0.016207, -0.116794, 0.993131, 0.007048, 0.003071, 0.015702, -0.005249, 0.999863, 0.188595, 0.000000, 0.000000, 0.000000, 1.000000, 0.015702, -0.005249, 0.999863, 0.210595, -0.993032, -0.116889, 0.014981, 0.016207, 0.116794, -0.993131, -0.007048, 0.197002, 0.000000, 0.000000, 0.000000, 1.000000, -0.989015, 0.144551, -0.030883, -0.008885, -0.035939, -0.032496, 0.998825, -0.095092, 0.143377, 0.988964, 0.037334, 0.017751, 0.000000, 0.000000, 0.000000, 1.000000
-6.3213, -15.8295, 2.9902, 188.6168, 210.6168, 15.8295, 197.0833, -9.0344, -95.0724, 17.7367, 0.993320, 0.114955, -0.009986, -0.015830, -0.114823, 0.993302, 0.012947, 0.002990, 0.011407, -0.011714, 0.999866, 0.188617, 0.000000, 0.000000, 0.000000, 1.000000, 0.011407, -0.011714, 0.999866, 0.210617, -0.993320, -0.114955, 0.009986, 0.015830, 0.114823, -0.993302, -0.012947, 0.197083, 0.000000, 0.000000, 0.000000, 1.000000, -0.988897, 0.144598, -0.034273, -0.009034, -0.040305, -0.038997, 0.998426, -0.095072, 0.143034, 0.988722, 0.044393, 0.017737, 0.000000, 0.000000, 0.000000, 1.000000
-6.1888, -15.4694, 2.9940, 188.5566, 210.5566, 15.4694, 197.0794, -9.1277, -95.1351, 17.7938, 0.993636, 0.112635, -0.000640, -0.015469, -0.112626, 0.993606, 0.007927, 0.002994, 0.001529, -0.007804, 0.999968, 0.188557, 0.000000, 0.000000, 0.000000, 1.000000, 0.001529, -0.007804, 0.999968, 0.210557, -0.993636, -0.112635, 0.000640, 0.015469, 0.112626, -0.993606, -0.007927, 0.197079, 0.000000, 0.000000, 0.000000, 1.000000, -0.988502, 0.144450, -0.044693, -0.009128, -0.050261, -0.035130, 0.998118, -0.095135, 0.142608, 0.988888, 0.041987, 0.017794, 0.000000, 0.000000, 0.000000, 1.000000
-6.0543, -14.9937, 2.9298, 188.6167, 210.6167, 14.9937, 197.1437, -9.3536, -95.0822, 17.8166, 0.993777, 0.109773, -0.018893, -0.014994, -0.109573, 0.993914, 0.011320, 0.002930, 0.020021, -0.009180, 0.999757, 0.188617, 0.000000, 0.000000, 0.000000, 1.000000, 0.020021, -0.009180, 0.999757, 0.210617, -0.993777, -0.109773, 0.018893, 0.014994, 0.109573, -0.993914, -0.011320, 0.197144, 0.000000, 0.000000, 0.000000, 1.000000, -0.989076, 0.145044, -0.026276, -0.009354, -0.031889, -0.036515, 0.998824, -0.095082, 0.143914, 0.988751, 0.040741, 0.017817, 0.000000, 0.000000, 0.000000, 1.000000
-5.9291, -14.6813, 2.8586, 188.4707, 210.4708, 14.6813, 197.2148, -9.4304, -95.2271, 17.7860, 0.994180, 0.107649, 0.004203, -0.014681, -0.107703, 0.994053, 0.016062, 0.002859, -0.002449, -0.016422, 0.999862, 0.188471, 0.000000, 0.000000, 0.000000, 1.000000, -0.002449, -0.016422, 0.999862, 0.210471, -0.994180, -0.107649, -0.004203, 0.014681, 0.107703, -0.994053, -0.016062, 0.197215, 0.000000, 0.000000, 0.000000, 1.000000, -0.988243, 0.145320, -0.047519, -0.009430, -0.054404, -0.043780, 0.997559, -0.095227, 0.142885, 0.988416, 0.051171, 0.017786, 0.000000, 0.000000, 0.000000, 1.000000
-5.8083, -14.2295, 2.8318, 188.5598, 210.5598, 14.2295, 197.2417, -9.6498, -95.1466, 17.8411, 0.994416, 0.105260, -0.007584, -0.014230, -0.105142, 0.994350, 0.014607, 0.002832, 0.009078, -0.013728, 0.999865, 0.188560, 0.000000, 0.000000, 0.000000, 1.000000, 0.009078, -0.013728, 0.999865, 0.210560, -0.994416, -0.105260, 0.007584, 0.014230, 0.105142, -0.994350, -0.014607, 0.197242, 0.000000, 0.000000, 0.000000, 1.000000, -0.988682, 0.145496, -0.036591, -0.009650, -0.042994, -0.041109, 0.998229, -0.095147, 0.143735, 0.988504, 0.046899, 0.017841, 0.000000, 0.000000, 0.000000, 1.000000
-5.6821, -13.8790, 2.8411, 188.3473, 210.3473, 13.8790, 197.2324, -9.7396, -95.3616, 17.8931, 0.994682, 0.102839, 0.005561, -0.013879, -0.102880, 0.994665, 0.007581, 0.002841, -0.004752, -0.008112, 0.999956, 0.188347, 0.000000, 0.000000, 0.000000, 1.000000, -0.004752, -0.008112, 0.999956, 0.210347, -0.994682, -0.102839, -0.005561, 0.013879, 0.102880, -0.994665, -0.007581, 0.197232, 0.000000, 0.000000, 0.000000, 1.000000, -0.988039, 0.145479, -0.051144, -0.009740, -0.056878, -0.035529, 0.997749, -0.095362, 0.143334, 0.988723, 0.043378, 0.017893, 0.000000, 0.000000, 0.000000, 1.000000
-5.5725, -13.4936, 2.8003, 188.3214, 210.3214, 13.4936, 197.2732, -9.9143, -95.3935, 17.9152, 0.994846, 0.100594, 0.012771, -0.013494, -0.100719, 0.994869, 0.009548, 0.002800, -0.011745, -0.010785, 0.999873, 0.188321, 0.000000, 0.000000, 0.000000, 1.000000, -0.011745, -0.010785, 0.999873, 0.210321, -0.994846, -0.100594, -0.012771, 0.013494, 0.100719, -0.994869, -0.009548, 0.197273, 0.000000, 0.000000, 0.000000, 1.000000, -0.987607, 0.145943, -0.057734, -0.009914, -0.063942, -0.038207, 0.997222, -0.095394, 0.143332, 0.988555, 0.047065, 0.017915, 0.000000, 0.000000, 0.000000, 1.000000
-5.4457, -13.1958, 2.7555, 188.4756, 210.4756, 13.1958, 197.3179, -9.9822, -95.2385, 17.9127, 0.995032, 0.099346, 0.006480, -0.013196, -0.099432, 0.994937, 0.014646, 0.002756, -0.004992, -0.015218, 0.999872, 0.188476, 0.000000, 0.000000, 0.000000, 1.000000, -0.004992, -0.015218, 0.999872, 0.210476, -0.995032, -0.099346, -0.006480, 0.013196, 0.099432, -0.994937, -0.014646, 0.197318, 0.000000, 0.000000, 0.000000, 1.000000, -0.988113, 0.145198, -0.050508, -0.009982, -0.057262, -0.042716, 0.997445, -0.095238, 0.142670, 0.988480, 0.050522, 0.017913, 0.000000, 0.000000, 0.000000, 1.000000
-5.3139, -12.7348, 2.6734, 188.3986, 210.3986, 12.7348, 197.4000, -10.1976, -95.3216, 17.9025, 0.995286, 0.096891, -0.004156, -0.012735, -0.096788, 0.995100, 0.020225, 0.002673, 0.006095, -0.019727, 0.999787, 0.188399, 0.000000, 0.000000, 0.000000, 1.000000, 0.006095, -0.019727, 0.999787, 0.210399, -0.995286, -0.096891, 0.004156, 0.012735, 0.096788, -0.995100, -0.020225, 0.197400, 0.000000, 0.000000, 0.000000, 1.000000, -0.988581, 0.145564, -0.038961, -0.010198, -0.046282, -0.047244, 0.997811, -0.095322, 0.143404, 0.988220, 0.053441, 0.017902, 0.000000, 0.000000, 0.000000, 1.000000
-5.1921, -12.3233, 2.6406, 188.4474, 210.4474, 12.3233, 197.4328, -10.3776, -95.2789, 17.9342, 0.995498, 0.094729, -0.003112, -0.012323, -0.094643, 0.995288, 0.021087, 0.002641, 0.005095, -0.020697, 0.999773, 0.188447, 0.000000, 0.000000, 0.000000, 1.000000, 0.005095, -0.020697, 0.999773, 0.210447, -0.995498, -0.094729, 0.003112, 0.012323, 0.094643, -0.995288, -0.021087, 0.197433, 0.000000, 0.000000, 0.000000, 1.000000, -0.988531, 0.145657, -0.039882, -0.010378, -0.047361, -0.048242, 0.997712, -0.095279, 0.143400, 0.988158, 0.054587, 0.017934, 0.000000, 0.000000, 0.000000, 1.000000
-5.0737, -11.8639, 2.5981, 188.4811, 210.4811, 11.8639, 197.4753, -10.6113, -95.2542, 17.9669, 0.995510, 0.092494, -0.020094, -0.011864, -0.092026, 0.995489, 0.023064, 0.002598, 0.022137, -0.021111, 0.999532, 0.188481, 0.000000, 0.000000, 0.000000, 1.000000, 0.022137, -0.021111, 0.999532, 0.210481, -0.995510, -0.092494, 0.020094, 0.011864, 0.092026, -0.995489, -0.023064, 0.197475, 0.000000, 0.000000, 0.000000, 1.000000, -0.989037, 0.145857, -0.023041, -0.010611, -0.030436, -0.048676, 0.998351, -0.095254, 0.144495, 0.988108, 0.052582, 0.017967, 0.000000, 0.000000, 0.000000, 1.000000
-4.9474, -11.7209, 2.6558, 188.3577, 210.3577, 11.7209, 197.4177, -10.4928, -95.3701, 18.0143, 0.995880, 0.090366, 0.007577, -0.011721, -0.090448, 0.995837, 0.011304, 0.002656, -0.006524, -0.011942, 0.999907, 0.188358, 0.000000, 0.000000, 0.000000, 1.000000, -0.006524, -0.011942, 0.999907, 0.210358, -0.995880, -0.090366, -0.007577, 0.011721, 0.090448, -0.995837, -0.011304, 0.197418, 0.000000, 0.000000, 0.000000, 1.000000, -0.987965, 0.145390, -0.052794, -0.010493, -0.059124, -0.039565, 0.997466, -0.095370, 0.142933, 0.988583, 0.047685, 0.018014, 0.000000, 0.000000, 0.000000, 1.000000
-4.8184, -11.3301, 2.6128, 188.3898, 210.3898, 11.3301, 197.4607, -10.6420, -95.3418, 18.0254, 0.996058, 0.088241, 0.009004, -0.011330, -0.088367, 0.995980, 0.014639, 0.002613, -0.007676, -0.015377, 0.999852, 0.188390, 0.000000, 0.000000, 0.000000, 1.000000, -0.007676, -0.015377, 0.999852, 0.210390, -0.996058, -0.088241, -0.009004, 0.011330, 0.088367, -0.995980, -0.014639, 0.197461, 0.000000, 0.000000, 0.000000, 1.000000, -0.987920, 0.145432, -0.053506, -0.010642, -0.060346, -0.043034, 0.997249, -0.095342, 0.142729, 0.988432, 0.051290, 0.018025, 0.000000, 0.000000, 0.000000, 1.000000
-4.6817, -10.8522, 2.6112, 188.4737, 210.4737, 10.8522, 197.4622, -10.8538, -95.2666, 18.0950, 0.996285, 0.085795, -0.007406, -0.010852, -0.085700, 0.996245, 0.012335, 0.002611, 0.008436, -0.011654, 0.999897, 0.188474, 0.000000, 0.000000, 0.000000, 1.000000, 0.008436, -0.011654, 0.999897, 0.210474, -0.996285, -0.085795, 0.007406, 0.010852, 0.085700, -0.996245, -0.012335, 0.197462, 0.000000, 0.000000, 0.000000, 1.000000, -0.988644, 0.145338, -0.038204, -0.010854, -0.044360, -0.039352, 0.998240, -0.095267, 0.143579, 0.988599, 0.045352, 0.018095, 0.000000, 0.000000, 0.000000, 1.000000
-4.5488, -10.5337, 2.4896, 188.3359, 210.3359, 10.5337, 197.5838, -10.9338, -95.4017, 18.0034, 0.996492, 0.083592, 0.004111, -0.010534, -0.083670, 0.996172, 0.025318, 0.002490, -0.001979, -0.025573, 0.999671, 0.188336, 0.000000, 0.000000, 0.000000, 1.000000, -0.001979, -0.025573, 0.999671, 0.210336, -0.996492, -0.083592, -0.004111, 0.010534, 0.083670, -0.996172, -0.025318, 0.197584, 0.000000, 0.000000, 0.000000, 1.000000, -0.988210, 0.145849, -0.046564, -0.010934, -0.054845, -0.053279, 0.997072, -0.095402, 0.142941, 0.987871, 0.060650, 0.018003, 0.000000, 0.000000, 0.000000, 1.000000
-4.4174, -10.1330, 2.4804, 188.3562, 210.3562, 10.1330, 197.5931, -11.0802, -95.3861, 18.0448, 0.996632, 0.081561, 0.008499, -0.010133, -0.081738, 0.996386, 0.023091, 0.002480, -0.006585, -0.023708, 0.999697, 0.188356, 0.000000, 0.000000, 0.000000, 1.000000, -0.006585, -0.023708, 0.999697, 0.210356, -0.996632, -0.081561, -0.008499, 0.010133, 0.081738, -0.996386, -0.023091, 0.197593, 0.000000, 0.000000, 0.000000, 1.000000, -0.988015, 0.145522, -0.051467, -0.011080, -0.059511, -0.051467, 0.996900, -0.095386, 0.142422, 0.988015, 0.059511, 0.018045, 0.000000, 0.000000, 0.000000, 1.000000
-4.2838, -9.8104, 2.4885, 188.2571, 210.2571, 9.8104, 197.5850, -11.1356, -95.4857, 18.0796, 0.996682, 0.078528, 0.021393, -0.009810, -0.078889, 0.996746, 0.016580, 0.002488, -0.020021, -0.018213, 0.999634, 0.188257, 0.000000, 0.000000, 0.000000, 1.000000, -0.020021, -0.018213, 0.999634, 0.210257, -0.996682, -0.078528, -0.021393, 0.009810, 0.078889, -0.996746, -0.016580, 0.197585, 0.000000, 0.000000, 0.000000, 1.000000, -0.987108, 0.145991, -0.065613, -0.011136, -0.073023, -0.045981, 0.996270, -0.095486, 0.142430, 0.988217, 0.056049, 0.018080, 0.000000, 0.000000, 0.000000, 1.000000
-4.1495, -9.4307, 2.4461, 188.2045, 210.2045, 9.4307, 197.6273, -11.2597, -95.5408, 18.0783, 0.996748, 0.076402, 0.025620, -0.009431, -0.076953, 0.996808, 0.021270, 0.002446, -0.023914, -0.023173, 0.999445, 0.188204, 0.000000, 0.000000, 0.000000, 1.000000, -0.023914, -0.023173, 0.999445, 0.210204, -0.996748, -0.076402, -0.025620, 0.009431, 0.076953, -0.996808, -0.021270, 0.197627, 0.000000, 0.000000, 0.000000, 1.000000, -0.986887, 0.146007, -0.068822, -0.011260, -0.076981, -0.050976, 0.995729, -0.095541, 0.141875, 0.987969, 0.061547, 0.018078, 0.000000, 0.000000, 0.000000, 1.000000
-4.0276, -8.8830, 2.4843, 188.3222, 210.3222, 8.8830, 197.5892, -11.5616, -95.4386, 18.2005, 0.997236, 0.074243, 0.002851, -0.008883, -0.074271, 0.997171, 0.011607, 0.002484, -0.001981, -0.011786, 0.999929, 0.188322, 0.000000, 0.000000, 0.000000, 1.000000, -0.001981, -0.011786, 0.999929, 0.210322, -0.997236, -0.074243, -0.002851, 0.008883, 0.074271, -0.997171, -0.011607, 0.197589, 0.000000, 0.000000, 0.000000, 1.000000, -0.988144, 0.145538, -0.048888, -0.011562, -0.055199, -0.039644, 0.997688, -0.095439, 0.143264, 0.988558, 0.047207, 0.018201, 0.000000, 0.000000, 0.000000, 1.000000
-3.9017, -8.4988, 2.4228, 188.3131, 210.3131, 8.4988, 197.6507, -11.7125, -95.4511, 18.1830, 0.997400, 0.072008, 0.002739, -0.008499, -0.072044, 0.997264, 0.016562, 0.002423, -0.001538, -0.016716, 0.999859, 0.188313, 0.000000, 0.000000, 0.000000, 1.000000, -0.001538, -0.016716, 0.999859, 0.210313, -0.997400, -0.072008, -0.002739, 0.008499, 0.072044, -0.997264, -0.016562, 0.197651, 0.000000, 0.000000, 0.000000, 1.000000, -0.988157, 0.145811, -0.047809, -0.011713, -0.054841, -0.044593, 0.997499, -0.095451, 0.143314, 0.988307, 0.052061, 0.018183, 0.000000, 0.000000, 0.000000, 1.000000
-3.7923, -7.5424, 2.5341, 188.3416, 210.3416, 7.5424, 197.5394, -12.4183, -95.4638, 18.4612, 0.993542, 0.067884, -0.090918, -0.007542, -0.068634, 0.997629, -0.005153, 0.002534, 0.090352, 0.011360, 0.995845, 0.188342, 0.000000, 0.000000, 0.000000, 1.000000, 0.090352, 0.011360, 0.995845, 0.210342, -0.993542, -0.067884, 0.090918, 0.007542, 0.068634, -0.997629, 0.005153, 0.197539, 0.000000, 0.000000, 0.000000, 1.000000, -0.988417, 0.146660, 0.039022, -0.012418, 0.037002, -0.016480, 0.999179, -0.095464, 0.147182, 0.989050, 0.010863, 0.018461, 0.000000, 0.000000, 0.000000, 1.000000
-3.6587, -7.8675, 2.3610, 188.2689, 210.2689, 7.8675, 197.7124, -11.8829, -95.4971, 18.1773, 0.997545, 0.068039, 0.016596, -0.007867, -0.068398, 0.997413, 0.022125, 0.002361, -0.015047, -0.023206, 0.999617, 0.188269, 0.000000, 0.000000, 0.000000, 1.000000, -0.015047, -0.023206, 0.999617, 0.210269, -0.997545, -0.068039, -0.016596, 0.007867, 0.068398, -0.997413, -0.022125, 0.197712, 0.000000, 0.000000, 0.000000, 1.000000, -0.987463, 0.145851, -0.060367, -0.011883, -0.068463, -0.051144, 0.996342, -0.095497, 0.142230, 0.987984, 0.060488, 0.018177, 0.000000, 0.000000, 0.000000, 1.000000
-3.5222, -7.5246, 2.3348, 188.1714, 210.1714, 7.5246, 197.7387, -11.9620, -95.5951, 18.1759, 0.997515, 0.065650, 0.025572, -0.007525, -0.066281, 0.997497, 0.024642, 0.002335, -0.023890, -0.026276, 0.999369, 0.188171, 0.000000, 0.000000, 0.000000, 1.000000, -0.023890, -0.026276, 0.999369, 0.210171, -0.997515, -0.065650, -0.025572, 0.007525, 0.066281, -0.997497, -0.024642, 0.197739, 0.000000, 0.000000, 0.000000, 1.000000, -0.986893, 0.146004, -0.068737, -0.011962, -0.077363, -0.054239, 0.995527, -0.095595, 0.141622, 0.987796, 0.064824, 0.018176, 0.000000, 0.000000, 0.000000, 1.000000
-3.4014, -7.1120, 2.2427, 188.1464, 210.1464, 7.1120, 197.8307, -12.1566, -95.6249, 18.1310, 0.997717, 0.063099, 0.024060, -0.007112, -0.063905, 0.997364, 0.034359, 0.002243, -0.021828, -0.035818, 0.999120, 0.188146, 0.000000, 0.000000, 0.000000, 1.000000, -0.021828, -0.035818, 0.999120, 0.210146, -0.997717, -0.063099, -0.024060, 0.007112, 0.063905, -0.997364, -0.034359, 0.197831, 0.000000, 0.000000, 0.000000, 1.000000, -0.986996, 0.146858, -0.065362, -0.012157, -0.075387, -0.063765, 0.995113, -0.095625, 0.141972, 0.987100, 0.074007, 0.018131, 0.000000, 0.000000, 0.000000, 1.000000
-3.2862, -6.0375, 2.4831, 188.2235, 210.2235, 6.0375, 197.5904, -12.9441, -95.5985, 18.5505, 0.993558, 0.058787, -0.096886, -0.006038, -0.060144, 0.998128, -0.011142, 0.002483, 0.096049, 0.016897, 0.995233, 0.188223, 0.000000, 0.000000, 0.000000, 1.000000, 0.096049, 0.016897, 0.995233, 0.210223, -0.993558, -0.058787, 0.096886, 0.006038, 0.060144, -0.998128, 0.011142, 0.197590, 0.000000, 0.000000, 0.000000, 1.000000, -0.988228, 0.146661, 0.043548, -0.012944, 0.042383, -0.011062, 0.999040, -0.095598, 0.147002, 0.989125, 0.004715, 0.018551, 0.000000, 0.000000, 0.000000, 1.000000
-3.1770, -5.8684, 2.4334, 188.2393, 210.2393, 5.8684, 197.6401, -12.9157, -95.5767, 18.4996, 0.994712, 0.058527, -0.084396, -0.005868, -0.058831, 0.998267, -0.001107, 0.002433, 0.084185, 0.006066, 0.996432, 0.188239, 0.000000, 0.000000, 0.000000, 1.000000, 0.084185, 0.006066, 0.996432, 0.210239, -0.994712, -0.058527, 0.084396, 0.005868, 0.058831, -0.998267, 0.001107, 0.197640, 0.000000, 0.000000, 0.000000, 1.000000, -0.988783, 0.145596, 0.033310, -0.012916, 0.030426, -0.021991, 0.999295, -0.095577, 0.146225, 0.989100, 0.017315, 0.018500, 0.000000, 0.000000, 0.000000, 1.000000
-3.0678, -5.4450, 2.3557, 188.1878, 210.1878, 5.4450, 197.7178, -13.1385, -95.6356, 18.4695, 0.994614, 0.056392, -0.086963, -0.005445, -0.056158, 0.998409, 0.005144, 0.002356, 0.087115, -0.000232, 0.996198, 0.188188, 0.000000, 0.000000, 0.000000, 1.000000, 0.087115, -0.000232, 0.996198, 0.210188, -0.994614, -0.056392, 0.086963, 0.005445, 0.056158, -0.998409, -0.005144, 0.197718, 0.000000, 0.000000, 0.000000, 1.000000, -0.988569, 0.146142, 0.037059, -0.013138, 0.033269, -0.028293, 0.999046, -0.095636, 0.147051, 0.988859, 0.023107, 0.018470, 0.000000, 0.000000, 0.000000, 1.000000
-2.9564, -5.1952, 2.4336, 188.2026, 210.2026, 5.1952, 197.6398, -13.1593, -95.6221, 18.5578, 0.995285, 0.053613, -0.080824, -0.005195, -0.054165, 0.998521, -0.004648, 0.002434, 0.080456, 0.009004, 0.996718, 0.188203, 0.000000, 0.000000, 0.000000, 1.000000, 0.080456, 0.009004, 0.996718, 0.210203, -0.995285, -0.053613, 0.080824, 0.005195, 0.054165, -0.998521, 0.004648, 0.197640, 0.000000, 0.000000, 0.000000, 1.000000, -0.988783, 0.146510, 0.029026, -0.013159, 0.026516, -0.019055, 0.999467, -0.095622, 0.146985, 0.989026, 0.014957, 0.018558, 0.000000, 0.000000, 0.000000, 1.000000
-2.8411, -4.7441, 2.3762, 188.1476, 210.1476, 4.7441, 197.6973, -13.3942, -95.6856, 18.5486, 0.994571, 0.051897, -0.090194, -0.004744, -0.051966, 0.998648, 0.001581, 0.002376, 0.090154, 0.003114, 0.995923, 0.188148, 0.000000, 0.000000, 0.000000, 1.000000, 0.090154, 0.003114, 0.995923, 0.210148, -0.994571, -0.051897, 0.090194, 0.004744, 0.051966, -0.998648, -0.001581, 0.197697, 0.000000, 0.000000, 0.000000, 1.000000, -0.988421, 0.146519, 0.039447, -0.013394, 0.036168, -0.024980, 0.999034, -0.095686, 0.147363, 0.988892, 0.019391, 0.018549, 0.000000, 0.000000, 0.000000, 1.000000
-2.7292, -4.5097, 2.3719, 188.0635, 210.0635, 4.5097, 197.7015, -13.4103, -95.7681, 18.5483, 0.994819, 0.050646, -0.088146, -0.004510, -0.051008, 0.998697, -0.001864, 0.002372, 0.087936, 0.006350, 0.996106, 0.188064, 0.000000, 0.000000, 0.000000, 1.000000, 0.087936, 0.006350, 0.996106, 0.210064, -0.994819, -0.050646, 0.088146, 0.004510, 0.051008, -0.998697, 0.001864, 0.197702, 0.000000, 0.000000, 0.000000, 1.000000, -0.988652, 0.145668, 0.036712, -0.013410, 0.033889, -0.021813, 0.999188, -0.095768, 0.146351, 0.989093, 0.016629, 0.018548, 0.000000, 0.000000, 0.000000, 1.000000
-2.6220, -4.1330, 2.4049, 188.1115, 210.1115, 4.1330, 197.6686, -13.5745, -95.7281, 18.6176, 0.995761, 0.048159, -0.078369, -0.004133, -0.049065, 0.998749, -0.009683, 0.002405, 0.077804, 0.013487, 0.996877, 0.188112, 0.000000, 0.000000, 0.000000, 1.000000, 0.077804, 0.013487, 0.996877, 0.210112, -0.995761, -0.048159, 0.078369, 0.004133, 0.049065, -0.998749, 0.009683, 0.197669, 0.000000, 0.000000, 0.000000, 1.000000, -0.988967, 0.145915, 0.025546, -0.013574, 0.023655, -0.014680, 0.999612, -0.095728, 0.146233, 0.989188, 0.011066, 0.018618, 0.000000, 0.000000, 0.000000, 1.000000
-2.5036, -3.7385, 2.4533, 188.1264, 210.1264, 3.7385, 197.6201, -13.7309, -95.7211, 18.6994, 0.995813, 0.045133, -0.079501, -0.003738, -0.046876, 0.998697, -0.020185, 0.002453, 0.078486, 0.023827, 0.996630, 0.188126, 0.000000, 0.000000, 0.000000, 1.000000, 0.078486, 0.023827, 0.996630, 0.210126, -0.995813, -0.045133, 0.079501, 0.003738, 0.046876, -0.998697, 0.020185, 0.197620, 0.000000, 0.000000, 0.000000, 1.000000, -0.988931, 0.146317, 0.024629, -0.013731, 0.024256, -0.004331, 0.999696, -0.095721, 0.146380, 0.989228, 0.000734, 0.018699, 0.000000, 0.000000, 0.000000, 1.000000
-2.3726, -3.5681, 2.4490, 188.1449, 210.1449, 3.5681, 197.6245, -13.6548, -95.6951, 18.6817, 0.997335, 0.043830, -0.058330, -0.003568, -0.044941, 0.998830, -0.017872, 0.002449, 0.057479, 0.020446, 0.998137, 0.188145, 0.000000, 0.000000, 0.000000, 1.000000, 0.057479, 0.020446, 0.998137, 0.210145, -0.997335, -0.043830, 0.058330, 0.003568, 0.044941, -0.998830, 0.017872, 0.197624, 0.000000, 0.000000, 0.000000, 1.000000, -0.989344, 0.145533, 0.004232, -0.013655, 0.003131, -0.007792, 0.999965, -0.095695, 0.145561, 0.989323, 0.007254, 0.018682, 0.000000, 0.000000, 0.000000, 1.000000
-2.2676, -3.0033, 2.3066, 188.0978, 210.0978, 3.0033, 197.7669, -14.0367, -95.7563, 18.6086, 0.995478, 0.041899, -0.085253, -0.003003, -0.041842, 0.999121, 0.002453, 0.002307, 0.085280, 0.001126, 0.996356, 0.188098, 0.000000, 0.000000, 0.000000, 1.000000, 0.085280, 0.001126, 0.996356, 0.210098, -0.995478, -0.041899, 0.085253, 0.003003, 0.041842, -0.999121, -0.002453, 0.197767, 0.000000, 0.000000, 0.000000, 1.000000, -0.988588, 0.146633, 0.034536, -0.014037, 0.030885, -0.027101, 0.999155, -0.095756, 0.147445, 0.988820, 0.022263, 0.018609, 0.000000, 0.000000, 0.000000, 1.000000
-2.1529, -2.7878, 2.3439, 188.0926, 210.0926, 2.7878, 197.7296, -14.0263, -95.7597, 18.6438, 0.996303, 0.040045, -0.076000, -0.002788, -0.040741, 0.999141, -0.007619, 0.002344, 0.075629, 0.010687, 0.997079, 0.188093, 0.000000, 0.000000, 0.000000, 1.000000, 0.075629, 0.010687, 0.997079, 0.210093, -0.996303, -0.040045, 0.076000, 0.002788, 0.040741, -0.999141, 0.007619, 0.197730, 0.000000, 0.000000, 0.000000, 1.000000, -0.989005, 0.146004, 0.023502, -0.014026, 0.021157, -0.017591, 0.999621, -0.095760, 0.146362, 0.989128, 0.014309, 0.018644, 0.000000, 0.000000, 0.000000, 1.000000
-2.0248, -2.4035, 2.3578, 188.0556, 210.0556, 2.4035, 197.7157, -14.1601, -95.8017, 18.6804, 0.996396, 0.038058, -0.075811, -0.002404, -0.038816, 0.999210, -0.008549, 0.002358, 0.075426, 0.011461, 0.997086, 0.188056, 0.000000, 0.000000, 0.000000, 1.000000, 0.075426, 0.011461, 0.997086, 0.210056, -0.996396, -0.038058, 0.075811, 0.002404, 0.038816, -0.999210, 0.008549, 0.197716, 0.000000, 0.000000, 0.000000, 1.000000, -0.989055, 0.145723, 0.023121, -0.014160, 0.020884, -0.016863, 0.999640, -0.095802, 0.146060, 0.989182, 0.013635, 0.018680, 0.000000, 0.000000, 0.000000, 1.000000
-1.9123, -2.0087, 2.4027, 187.9876, 209.9876, 2.0087, 197.6707, -14.3251, -95.8784, 18.7528, 0.996903, 0.035136, -0.070349, -0.002009, -0.036399, 0.999197, -0.016761, 0.002403, 0.069703, 0.019270, 0.997382, 0.187988, 0.000000, 0.000000, 0.000000, 1.000000, 0.069703, 0.019270, 0.997382, 0.209988, -0.996903, -0.035136, 0.070349, 0.002009, 0.036399, -0.999197, 0.016761, 0.197671, 0.000000, 0.000000, 0.000000, 1.000000, -0.989113, 0.146262, 0.016214, -0.014325, 0.015053, -0.009039, 0.999846, -0.095878, 0.146386, 0.989205, 0.006738, 0.018753, 0.000000, 0.000000, 0.000000, 1.000000
-1.7930, -1.7675, 2.3462, 188.0747, 210.0747, 1.7675, 197.7272, -14.3535, -95.7880, 18.7001, 0.997341, 0.033440, -0.064752, -0.001768, -0.033928, 0.999404, -0.006445, 0.002346, 0.064497, 0.008625, 0.997881, 0.188075, 0.000000, 0.000000, 0.000000, 1.000000, 0.064497, 0.008625, 0.997881, 0.210075, -0.997341, -0.033440, 0.064752, 0.001768, 0.033928, -0.999404, 0.006445, 0.197727, 0.000000, 0.000000, 0.000000, 1.000000, -0.989140, 0.146442, 0.012531, -0.014353, 0.009746, -0.019716, 0.999758, -0.095788, 0.146654, 0.989023, 0.018074, 0.018700, 0.000000, 0.000000, 0.000000, 1.000000
-1.6671, -1.2921, 2.3916, 187.9687, 209.9687, 1.2921, 197.6818, -14.5726, -95.9052, 18.7790, 0.996829, 0.030775, -0.073375, -0.001292, -0.032087, 0.999344, -0.016777, 0.002392, 0.072811, 0.019078, 0.997163, 0.187969, 0.000000, 0.000000, 0.000000, 1.000000, 0.072811, 0.019078, 0.997163, 0.209969, -0.996829, -0.030775, 0.073375, 0.001292, 0.032087, -0.999344, 0.016777, 0.197682, 0.000000, 0.000000, 0.000000, 1.000000, -0.989046, 0.146359, 0.019174, -0.014573, 0.018009, -0.009283, 0.999795, -0.095905, 0.146507, 0.989188, 0.006546, 0.018779, 0.000000, 0.000000, 0.000000, 1.000000
