# Joint_A_Angle(deg), Cam_X(mm), Cam_Y(mm), Cam_Z(mm), Torso_X(mm), Torso_Y(mm), Torso_Z(mm), EE_X(mm), EE_Y(mm), EE_Z(mm), T_cam2marker_flat(16), T_torso2marker_flat(16), T_ee2marker_flat(16)
-19.5991, 27.7746, 19.3834, 153.4221, 222.4221, -18.7746, 237.6900, 102.3252, -1.0866, -9.3588, 0.578542, 0.812423, -0.072511, 0.027775, -0.814176, 0.569860, -0.111255, 0.019383, -0.049065, 0.123402, 0.991143, 0.153422, 0.000000, 0.000000, 0.000000, 1.000000, -0.049065, 0.123402, 0.991143, 0.222422, -0.578542, -0.812423, 0.072511, -0.018775, 0.814176, -0.569860, 0.111255, 0.237690, 0.000000, 0.000000, 0.000000, 1.000000, -0.022303, -0.041877, -0.998874, 0.102325, -0.998947, 0.041007, 0.020585, -0.001087, 0.040099, 0.998281, -0.042747, -0.009359, 0.000000, 0.000000, 0.000000, 1.000000
-18.9867, 27.4707, 19.1186, 153.7816, 222.7816, -18.4707, 237.9549, 103.3657, -1.0721, -8.6319, 0.578610, 0.812590, -0.070061, 0.027471, -0.814182, 0.570394, -0.108439, 0.019119, -0.048154, 0.119786, 0.991631, 0.153782, 0.000000, 0.000000, 0.000000, 1.000000, -0.048154, 0.119786, 0.991631, 0.222782, -0.578610, -0.812590, 0.070061, -0.018471, 0.814182, -0.570394, 0.108439, 0.237955, 0.000000, 0.000000, 0.000000, 1.000000, -0.023220, -0.048899, -0.998534, 0.103366, -0.998931, 0.041074, 0.021217, -0.001072, 0.039977, 0.997959, -0.049800, -0.008632, 0.000000, 0.000000, 0.000000, 1.000000
-18.3545, 26.5455, 18.3467, 155.1108, 224.1108, -17.5455, 238.7267, 103.4308, -1.0683, -8.6022, 0.578644, 0.813198, -0.062289, 0.026546, -0.814164, 0.571455, -0.102839, 0.018347, -0.048033, 0.110221, 0.992746, 0.155111, 0.000000, 0.000000, 0.000000, 1.000000, -0.048033, 0.110221, 0.992746, 0.224111, -0.578644, -0.813198, 0.062289, -0.017546, 0.814164, -0.571455, 0.102839, 0.238727, 0.000000, 0.000000, 0.000000, 1.000000, -0.023348, -0.050290, -0.998462, 0.103431, -0.998936, 0.040900, 0.021300, -0.001068, 0.039766, 0.997897, -0.051191, -0.008602, 0.000000, 0.000000, 0.000000, 1.000000
-17.7727, 25.6231, 17.6050, 156.4160, 225.4160, -16.6231, 239.4684, 103.4171, -1.0468, -8.6605, 0.578140, 0.814356, -0.050781, 0.025623, -0.814371, 0.572057, -0.097726, 0.017605, -0.050534, 0.097854, 0.993917, 0.156416, 0.000000, 0.000000, 0.000000, 1.000000, -0.050534, 0.097854, 0.993917, 0.225416, -0.578140, -0.814356, 0.050781, -0.016623, 0.814371, -0.572057, 0.097726, 0.239468, 0.000000, 0.000000, 0.000000, 1.000000, -0.020881, -0.048058, -0.998626, 0.103417, -0.999026, 0.039843, 0.018972, -0.001047, 0.038876, 0.998050, -0.048843, -0.008661, 0.000000, 0.000000, 0.000000, 1.000000
-17.1944, 24.8689, 16.9282, 157.4498, 226.4498, -15.8689, 240.1452, 103.6816, -1.0835, -8.5730, 0.578532, 0.814264, -0.047689, 0.024869, -0.814376, 0.573354, -0.089760, 0.016928, -0.045745, 0.090766, 0.994821, 0.157450, 0.000000, 0.000000, 0.000000, 1.000000, -0.045745, 0.090766, 0.994821, 0.226450, -0.578532, -0.814264, 0.047689, -0.015869, 0.814376, -0.573354, 0.089760, 0.240145, 0.000000, 0.000000, 0.000000, 1.000000, -0.025656, -0.050965, -0.998371, 0.103682, -0.998903, 0.040438, 0.023606, -0.001084, 0.039169, 0.997881, -0.051947, -0.008573, 0.000000, 0.000000, 0.000000, 1.000000
-16.5670, 23.9536, 16.1211, 158.8256, 227.8256, -14.9536, 240.9524, 103.7212, -1.1131, -8.6016, 0.578529, 0.814804, -0.037389, 0.023954, -0.814471, 0.574602, -0.080432, 0.016121, -0.044053, 0.076985, 0.996059, 0.158826, 0.000000, 0.000000, 0.000000, 1.000000, -0.044053, 0.076985, 0.996059, 0.227826, -0.578529, -0.814804, 0.037389, -0.014954, 0.814471, -0.574602, 0.080432, 0.240952, 0.000000, 0.000000, 0.000000, 1.000000, -0.027352, -0.048074, -0.998469, 0.103721, -0.998870, 0.040162, 0.025429, -0.001113, 0.038878, 0.998036, -0.049118, -0.008602, 0.000000, 0.000000, 0.000000, 1.000000
-16.0262, 23.1814, 15.4888, 159.8705, 228.8705, -14.1814, 241.5847, 103.9108, -1.1055, -8.5919, 0.579075, 0.814718, -0.030097, 0.023181, -0.814039, 0.575772, -0.076334, 0.015489, -0.044862, 0.068703, 0.996628, 0.159871, 0.000000, 0.000000, 0.000000, 1.000000, -0.044862, 0.068703, 0.996628, 0.228871, -0.579075, -0.814718, 0.030097, -0.014181, 0.814039, -0.575772, 0.076334, 0.241585, 0.000000, 0.000000, 0.000000, 1.000000, -0.026526, -0.049157, -0.998439, 0.103911, -0.998875, 0.040570, 0.024541, -0.001105, 0.039300, 0.997967, -0.050178, -0.008592, 0.000000, 0.000000, 0.000000, 1.000000
-15.4710, 22.3208, 14.7616, 161.3386, 230.3386, -13.3208, 242.3119, 103.7175, -1.0977, -8.6874, 0.579204, 0.814934, -0.020133, 0.022321, -0.813937, 0.576778, -0.069526, 0.014762, -0.045047, 0.056656, 0.997377, 0.161339, 0.000000, 0.000000, 0.000000, 1.000000, -0.045047, 0.056656, 0.997377, 0.230339, -0.579204, -0.814934, 0.020133, -0.013321, 0.813937, -0.576778, 0.069526, 0.242312, 0.000000, 0.000000, 0.000000, 1.000000, -0.026342, -0.046760, -0.998559, 0.103718, -0.998884, 0.040408, 0.024459, -0.001098, 0.039206, 0.998089, -0.047772, -0.008687, 0.000000, 0.000000, 0.000000, 1.000000
-14.9364, 21.5582, 14.0965, 162.5311, 231.5311, -12.5582, 242.9769, 103.7627, -1.1134, -8.7193, 0.578876, 0.815285, -0.014624, 0.021558, -0.814383, 0.577147, -0.060669, 0.014097, -0.041022, 0.047030, 0.998051, 0.162531, 0.000000, 0.000000, 0.000000, 1.000000, -0.041022, 0.047030, 0.998051, 0.231531, -0.578876, -0.815285, 0.014624, -0.012558, 0.814383, -0.577147, 0.060669, 0.242977, 0.000000, 0.000000, 0.000000, 1.000000, -0.030371, -0.046469, -0.998458, 0.103763, -0.998800, 0.039819, 0.028528, -0.001113, 0.038432, 0.998126, -0.047623, -0.008719, 0.000000, 0.000000, 0.000000, 1.000000
-14.3750, 20.8549, 13.5321, 163.6162, 232.6162, -11.8549, 243.5414, 103.9896, -1.0835, -8.6076, 0.578792, 0.815432, -0.008417, 0.020855, -0.814258, 0.577334, -0.060581, 0.013532, -0.044540, 0.041918, 0.998128, 0.163616, 0.000000, 0.000000, 0.000000, 1.000000, -0.044540, 0.041918, 0.998128, 0.232616, -0.578792, -0.815432, 0.008417, -0.011855, 0.814258, -0.577334, 0.060581, 0.243541, 0.000000, 0.000000, 0.000000, 1.000000, -0.026845, -0.051152, -0.998330, 0.103990, -0.998910, 0.039512, 0.024836, -0.001084, 0.038175, 0.997909, -0.052157, -0.008608, 0.000000, 0.000000, 0.000000, 1.000000
-13.7240, 20.0144, 12.7557, 164.9698, 233.9698, -11.0144, 244.3178, 104.1634, -1.1308, -8.5782, 0.579168, 0.815204, -0.002845, 0.020014, -0.814378, 0.578417, -0.047136, 0.012756, -0.036780, 0.029617, 0.998884, 0.164970, 0.000000, 0.000000, 0.000000, 1.000000, -0.036780, 0.029617, 0.998884, 0.233970, -0.579168, -0.815204, 0.002845, -0.011014, 0.814378, -0.578417, 0.047136, 0.244318, 0.000000, 0.000000, 0.000000, 1.000000, -0.034601, -0.050167, -0.998141, 0.104163, -0.998681, 0.039648, 0.032627, -0.001131, 0.037938, 0.997954, -0.051472, -0.008578, 0.000000, 0.000000, 0.000000, 1.000000
-13.1950, 19.1378, 12.0286, 166.4371, 235.4371, -10.1378, 245.0449, 103.9566, -1.1182, -8.7905, 0.579056, 0.815213, 0.011042, 0.019138, -0.814415, 0.579010, -0.038419, 0.012029, -0.037713, 0.013254, 0.999201, 0.166437, 0.000000, 0.000000, 0.000000, 1.000000, -0.037713, 0.013254, 0.999201, 0.235437, -0.579056, -0.815213, -0.011042, -0.010138, 0.814415, -0.579010, 0.038419, 0.245045, 0.000000, 0.000000, 0.000000, 1.000000, -0.033653, -0.043048, -0.998506, 0.103957, -0.998728, 0.038971, 0.031981, -0.001118, 0.037536, 0.998313, -0.044304, -0.008791, 0.000000, 0.000000, 0.000000, 1.000000
-12.6710, 18.4640, 11.4514, 167.6172, 236.6172, -9.4640, 245.6221, 104.0277, -1.1124, -8.7635, 0.578956, 0.815207, 0.015723, 0.018464, -0.814482, 0.579120, -0.035206, 0.011451, -0.037806, 0.007576, 0.999256, 0.167617, 0.000000, 0.000000, 0.000000, 1.000000, -0.037806, 0.007576, 0.999256, 0.236617, -0.578956, -0.815207, -0.015723, -0.009464, 0.814482, -0.579120, 0.035206, 0.245622, 0.000000, 0.000000, 0.000000, 1.000000, -0.033542, -0.046519, -0.998354, 0.104028, -0.998748, 0.038653, 0.031754, -0.001112, 0.037112, 0.998169, -0.047757, -0.008763, 0.000000, 0.000000, 0.000000, 1.000000
-12.2434, 17.7451, 10.7940, 168.7909, 237.7909, -8.7451, 246.2795, 103.8895, -1.1565, -9.0024, 0.579895, 0.814227, 0.027504, 0.017745, -0.813949, 0.580477, -0.023100, 0.010794, -0.034774, -0.008991, 0.999355, 0.168791, 0.000000, 0.000000, 0.000000, 1.000000, -0.034774, -0.008991, 0.999355, 0.237791, -0.579895, -0.814227, -0.027504, -0.008745, 0.813949, -0.580477, 0.023100, 0.246279, 0.000000, 0.000000, 0.000000, 1.000000, -0.036605, -0.037346, -0.998632, 0.103890, -0.998615, 0.039155, 0.035141, -0.001157, 0.037789, 0.998535, -0.038727, -0.009002, 0.000000, 0.000000, 0.000000, 1.000000
-11.8147, 17.3306, 10.3863, 169.5980, 238.5980, -8.3306, 246.6871, 104.1093, -1.1841, -8.8371, 0.580065, 0.814198, 0.024637, 0.017331, -0.814100, 0.580492, -0.016424, 0.010386, -0.027674, -0.010530, 0.999562, 0.169598, 0.000000, 0.000000, 0.000000, 1.000000, -0.027674, -0.010530, 0.999562, 0.238598, -0.580065, -0.814198, -0.024637, -0.008331, 0.814100, -0.580492, 0.016424, 0.246687, 0.000000, 0.000000, 0.000000, 1.000000, -0.043686, -0.043286, -0.998107, 0.104109, -0.998353, 0.039065, 0.042003, -0.001184, 0.037173, 0.998299, -0.044921, -0.008837, 0.000000, 0.000000, 0.000000, 1.000000
-11.2242, 16.6927, 9.9114, 170.7291, 239.7291, -7.6927, 247.1621, 104.4064, -1.1121, -8.6256, 0.578952, 0.814276, 0.042076, 0.016693, -0.814591, 0.579877, -0.013569, 0.009911, -0.035448, -0.026419, 0.999022, 0.170729, 0.000000, 0.000000, 0.000000, 1.000000, -0.035448, -0.026419, 0.999022, 0.239729, -0.578952, -0.814276, -0.042076, -0.007693, 0.814591, -0.579877, 0.013569, 0.247162, 0.000000, 0.000000, 0.000000, 1.000000, -0.035834, -0.037784, -0.998643, 0.104406, -0.998707, 0.037397, 0.034421, -0.001112, 0.036045, 0.998586, -0.039075, -0.008626, 0.000000, 0.000000, 0.000000, 1.000000
-10.6616, 15.8737, 9.2250, 172.2024, 241.2024, -6.8737, 247.8485, 104.3201, -1.0967, -8.7661, 0.579435, 0.812947, 0.058069, 0.015874, -0.814446, 0.580227, 0.003874, 0.009225, -0.030544, -0.049539, 0.998305, 0.172202, 0.000000, 0.000000, 0.000000, 1.000000, -0.030544, -0.049539, 0.998305, 0.241202, -0.579435, -0.812947, -0.058069, -0.006874, 0.814446, -0.580227, -0.003874, 0.247848, 0.000000, 0.000000, 0.000000, 1.000000, -0.040729, -0.024456, -0.998871, 0.104320, -0.998529, 0.036816, 0.039814, -0.001097, 0.035801, 0.999023, -0.025920, -0.008766, 0.000000, 0.000000, 0.000000, 1.000000
-10.1928, 15.0962, 8.6011, 173.4255, 242.4255, -6.0962, 248.4724, 104.2724, -1.0760, -9.0013, 0.578651, 0.810483, 0.090995, 0.015096, -0.814601, 0.579804, 0.015918, 0.008601, -0.039858, -0.083335, 0.995724, 0.173425, 0.000000, 0.000000, 0.000000, 1.000000, -0.039858, -0.083335, 0.995724, 0.242425, -0.578651, -0.810483, -0.090995, -0.006096, 0.814601, -0.579804, -0.015918, 0.248472, 0.000000, 0.000000, 0.000000, 1.000000, -0.031359, 0.001223, -0.999507, 0.104272, -0.998877, 0.035499, 0.031383, -0.001076, 0.035520, 0.999369, 0.000108, -0.009001, 0.000000, 0.000000, 0.000000, 1.000000
-9.6810, 14.3106, 7.9632, 174.5180, 243.5180, -5.3106, 249.1103, 104.4668, -1.0687, -9.1703, 0.578097, 0.807336, 0.118373, 0.014311, -0.814749, 0.579054, 0.029671, 0.007963, -0.044590, -0.113597, 0.992526, 0.174518, 0.000000, 0.000000, 0.000000, 1.000000, -0.044590, -0.113597, 0.992526, 0.243518, -0.578097, -0.807336, -0.118373, -0.005311, 0.814749, -0.579054, -0.029671, 0.249110, 0.000000, 0.000000, 0.000000, 1.000000, -0.026564, 0.022709, -0.999389, 0.104467, -0.999029, 0.034541, 0.027340, -0.001069, 0.035141, 0.999145, 0.021770, -0.009170, 0.000000, 0.000000, 0.000000, 1.000000
-9.1794, 13.6943, 7.5089, 175.7489, 244.7489, -4.6943, 249.5646, 104.4906, -0.9924, -9.1377, 0.576659, 0.808046, 0.120526, 0.013694, -0.815093, 0.579063, 0.017604, 0.007509, -0.055567, -0.108392, 0.992554, 0.175749, 0.000000, 0.000000, 0.000000, 1.000000, -0.055567, -0.108392, 0.992554, 0.244749, -0.576659, -0.808046, -0.120526, -0.004694, 0.815093, -0.579063, -0.017604, 0.249565, 0.000000, 0.000000, 0.000000, 1.000000, -0.015459, 0.008703, -0.999843, 0.104491, -0.999280, 0.034517, 0.015751, -0.000992, 0.034649, 0.999366, 0.008163, -0.009138, 0.000000, 0.000000, 0.000000, 1.000000
-8.6472, 13.0605, 7.1493, 176.4932, 245.4932, -4.0605, 249.9242, 105.0776, -0.8582, -8.9675, 0.573550, 0.806535, 0.143326, 0.013060, -0.815115, 0.579296, 0.002004, 0.007149, -0.081411, -0.117977, 0.989674, 0.176493, 0.000000, 0.000000, 0.000000, 1.000000, -0.081411, -0.117977, 0.989674, 0.245493, -0.573550, -0.806535, -0.143326, -0.004060, 0.815115, -0.579296, -0.002004, 0.249924, 0.000000, 0.000000, 0.000000, 1.000000, 0.010610, 0.009114, -0.999902, 0.105078, -0.999338, 0.034896, -0.010286, -0.000858, 0.034799, 0.999349, 0.009478, -0.008967, 0.000000, 0.000000, 0.000000, 1.000000
-8.1285, 12.4889, 6.5913, 177.8060, 246.8060, -3.4889, 250.4821, 105.0696, -0.8867, -8.9487, 0.574733, 0.805671, 0.143446, 0.012489, -0.814872, 0.579559, 0.009758, 0.006591, -0.075273, -0.122498, 0.989610, 0.177806, 0.000000, 0.000000, 0.000000, 1.000000, -0.075273, -0.122498, 0.989610, 0.246806, -0.574733, -0.805671, -0.143446, -0.003489, 0.814872, -0.579559, -0.009758, 0.250482, 0.000000, 0.000000, 0.000000, 1.000000, 0.004403, 0.004655, -0.999979, 0.105070, -0.999368, 0.035288, -0.004236, -0.000887, 0.035268, 0.999366, 0.004808, -0.008949, 0.000000, 0.000000, 0.000000, 1.000000
-7.5481, 11.8613, 6.0978, 178.9511, 247.9511, -2.8613, 250.9756, 105.3869, -0.8380, -8.8168, 0.573634, 0.805192, 0.150365, 0.011861, -0.814728, 0.579834, 0.003178, 0.006098, -0.084628, -0.124330, 0.988625, 0.178951, 0.000000, 0.000000, 0.000000, 1.000000, -0.084628, -0.124330, 0.988625, 0.247951, -0.573634, -0.805192, -0.150365, -0.002861, 0.814728, -0.579834, -0.003178, 0.250976, 0.000000, 0.000000, 0.000000, 1.000000, 0.013851, -0.003598, -0.999898, 0.105387, -0.999266, 0.035658, -0.013971, -0.000838, 0.035705, 0.999358, -0.003101, -0.008817, 0.000000, 0.000000, 0.000000, 1.000000
-6.9613, 11.3312, 5.5716, 180.3285, 249.3285, -2.3312, 251.5018, 105.4837, -0.8542, -8.6505, 0.575010, 0.803961, 0.151690, 0.011331, -0.814584, 0.579864, 0.014545, 0.005572, -0.076266, -0.131928, 0.988321, 0.180329, 0.000000, 0.000000, 0.000000, 1.000000, -0.076266, -0.131928, 0.988321, 0.249329, -0.575010, -0.803961, -0.151690, -0.002331, 0.814584, -0.579864, -0.014545, 0.251502, 0.000000, 0.000000, 0.000000, 1.000000, 0.005409, -0.006145, -0.999967, 0.105484, -0.999341, 0.035851, -0.005626, -0.000854, 0.035885, 0.999338, -0.005947, -0.008651, 0.000000, 0.000000, 0.000000, 1.000000
-6.3940, 10.7151, 5.0418, 181.8072, 250.8072, -1.7151, 252.0317, 105.4570, -0.8218, -8.6201, 0.575088, 0.804977, 0.145898, 0.010715, -0.814270, 0.580443, 0.007089, 0.005042, -0.078980, -0.122877, 0.989274, 0.181807, 0.000000, 0.000000, 0.000000, 1.000000, -0.078980, -0.122877, 0.989274, 0.250807, -0.575088, -0.804977, -0.145898, -0.001715, 0.814270, -0.580443, -0.007089, 0.252032, 0.000000, 0.000000, 0.000000, 1.000000, 0.008095, -0.025154, -0.999651, 0.105457, -0.999298, 0.036368, -0.009007, -0.000822, 0.036582, 0.999022, -0.024842, -0.008620, 0.000000, 0.000000, 0.000000, 1.000000
-5.7395, 10.0087, 4.4740, 183.2083, 252.2083, -1.0087, 252.5994, 105.7362, -0.7710, -8.5249, 0.573579, 0.803593, 0.158886, 0.010009, -0.814116, 0.580698, 0.001982, 0.004474, -0.090672, -0.130489, 0.987295, 0.183208, 0.000000, 0.000000, 0.000000, 1.000000, -0.090672, -0.130489, 0.987295, 0.252208, -0.573579, -0.803593, -0.158886, -0.001009, 0.814116, -0.580698, -0.001982, 0.252599, 0.000000, 0.000000, 0.000000, 1.000000, 0.019887, -0.028849, -0.999386, 0.105736, -0.999102, 0.036828, -0.020945, -0.000771, 0.037410, 0.998905, -0.028091, -0.008525, 0.000000, 0.000000, 0.000000, 1.000000
-5.0332, 9.3986, 3.9600, 184.7115, 253.7115, -0.3986, 253.1134, 106.0276, -0.7180, -8.2544, 0.573113, 0.803148, 0.162771, 0.009399, -0.814034, 0.580818, 0.000311, 0.003960, -0.094291, -0.132679, 0.986664, 0.184712, 0.000000, 0.000000, 0.000000, 1.000000, -0.094291, -0.132679, 0.986664, 0.253712, -0.573113, -0.803148, -0.162771, -0.000399, 0.814034, -0.580818, -0.000311, 0.253113, 0.000000, 0.000000, 0.000000, 1.000000, 0.023541, -0.038941, -0.998964, 0.106028, -0.999002, 0.037013, -0.024985, -0.000718, 0.037948, 0.998556, -0.038030, -0.008254, 0.000000, 0.000000, 0.000000, 1.000000
-4.2309, 8.7223, 3.2878, 186.6973, 255.6973, 0.2777, 253.7856, 106.0989, -0.7236, -8.0496, 0.574149, 0.803442, 0.157586, 0.008722, -0.814641, 0.579847, 0.011751, 0.003288, -0.081934, -0.135122, 0.987435, 0.186697, 0.000000, 0.000000, 0.000000, 1.000000, -0.081934, -0.135122, 0.987435, 0.255697, -0.574149, -0.803442, -0.157586, 0.000278, 0.814641, -0.579847, -0.011751, 0.253786, 0.000000, 0.000000, 0.000000, 1.000000, 0.011273, -0.050541, -0.998658, 0.106099, -0.999271, 0.035861, -0.013095, -0.000724, 0.036474, 0.998078, -0.050100, -0.008050, 0.000000, 0.000000, 0.000000, 1.000000
-3.5876, 7.9809, 2.5412, 188.6277, 257.6277, 1.0191, 254.5322, 105.8882, -0.7715, -8.2452, 0.575418, 0.801326, 0.163617, 0.007981, -0.814076, 0.580399, 0.020443, 0.002541, -0.078581, -0.144960, 0.986312, 0.188628, 0.000000, 0.000000, 0.000000, 1.000000, -0.078581, -0.144960, 0.986312, 0.257628, -0.575418, -0.801326, -0.163617, 0.001019, 0.814076, -0.580399, -0.020443, 0.254532, 0.000000, 0.000000, 0.000000, 1.000000, 0.007735, -0.051737, -0.998631, 0.105888, -0.999275, 0.036828, -0.009648, -0.000771, 0.037277, 0.997981, -0.051415, -0.008245, 0.000000, 0.000000, 0.000000, 1.000000
-3.0527, 7.3574, 1.9345, 190.1384, 259.1384, 1.6426, 255.1390, 105.8193, -0.8024, -8.4027, 0.576368, 0.798734, 0.172698, 0.007357, -0.814046, 0.579705, 0.035670, 0.001934, -0.071624, -0.161143, 0.984329, 0.190138, 0.000000, 0.000000, 0.000000, 1.000000, -0.071624, -0.161143, 0.984329, 0.259138, -0.576368, -0.798734, -0.172698, 0.001643, 0.814046, -0.579705, -0.035670, 0.255139, 0.000000, 0.000000, 0.000000, 1.000000, 0.000759, -0.044678, -0.999001, 0.105819, -0.999326, 0.036622, -0.002397, -0.000802, 0.036692, 0.998330, -0.044620, -0.008403, 0.000000, 0.000000, 0.000000, 1.000000
-2.4111, 6.8869, 1.4733, 191.5861, 260.5861, 2.1131, 255.6001, 106.0294, -0.7922, -8.1588, 0.575986, 0.798975, 0.172859, 0.006887, -0.814107, 0.579785, 0.032862, 0.001473, -0.073965, -0.159653, 0.984398, 0.191586, 0.000000, 0.000000, 0.000000, 1.000000, -0.073965, -0.159653, 0.984398, 0.260586, -0.575986, -0.798975, -0.172859, 0.002113, 0.814107, -0.579785, -0.032862, 0.255600, 0.000000, 0.000000, 0.000000, 1.000000, 0.003151, -0.057370, -0.998348, 0.106029, -0.999315, 0.036628, -0.005259, -0.000792, 0.036870, 0.997681, -0.057215, -0.008159, 0.000000, 0.000000, 0.000000, 1.000000
-1.7923, 6.2922, 0.9182, 193.0964, 262.0964, 2.7078, 256.1552, 106.1689, -0.7908, -8.1347, 0.576399, 0.796506, 0.182597, 0.006292, -0.814422, 0.578242, 0.048513, 0.000918, -0.066944, -0.176674, 0.981990, 0.193096, 0.000000, 0.000000, 0.000000, 1.000000, -0.066944, -0.176674, 0.981990, 0.262096, -0.576399, -0.796506, -0.182597, 0.002708, 0.814422, -0.578242, -0.048513, 0.256155, 0.000000, 0.000000, 0.000000, 1.000000, -0.003716, -0.050943, -0.998695, 0.106169, -0.999364, 0.035602, 0.001903, -0.000791, 0.035459, 0.998067, -0.051043, -0.008135, 0.000000, 0.000000, 0.000000, 1.000000
-1.2089, 5.6453, 0.2784, 194.8528, 263.8528, 3.3547, 256.7950, 106.0184, -0.8191, -8.3356, 0.576724, 0.793730, 0.193344, 0.005645, -0.814229, 0.577742, 0.056965, 0.000278, -0.066488, -0.190279, 0.979476, 0.194853, 0.000000, 0.000000, 0.000000, 1.000000, -0.066488, -0.190279, 0.979476, 0.263853, -0.576724, -0.793730, -0.193344, 0.003355, 0.814229, -0.577742, -0.056965, 0.256795, 0.000000, 0.000000, 0.000000, 1.000000, -0.004213, -0.047236, -0.998875, 0.106018, -0.999354, 0.035838, 0.002521, -0.000819, 0.035678, 0.998241, -0.047357, -0.008336, 0.000000, 0.000000, 0.000000, 1.000000
-0.5462, 5.1370, -0.1344, 196.2393, 265.2393, 3.8630, 257.2078, 106.3720, -0.7517, -8.0796, 0.575514, 0.792474, 0.201911, 0.005137, -0.814417, 0.577803, 0.053561, -0.000134, -0.074219, -0.195265, 0.977938, 0.196239, 0.000000, 0.000000, 0.000000, 1.000000, -0.074219, -0.195265, 0.977938, 0.265239, -0.575514, -0.792474, -0.201911, 0.003863, 0.814417, -0.577803, -0.053561, 0.257208, 0.000000, 0.000000, 0.000000, 1.000000, 0.003605, -0.053669, -0.998552, 0.106372, -0.999327, 0.036245, -0.005555, -0.000752, 0.036491, 0.997901, -0.053503, -0.008080, 0.000000, 0.000000, 0.000000, 1.000000
0.0599, 4.6191, -0.6560, 197.8414, 266.8414, 4.3809, 257.7295, 106.4077, -0.7611, -8.0611, 0.576239, 0.790415, 0.207829, 0.004619, -0.814417, 0.576613, 0.065132, -0.000656, -0.068356, -0.206791, 0.975994, 0.197841, 0.000000, 0.000000, 0.000000, 1.000000, -0.068356, -0.206791, 0.975994, 0.266841, -0.576239, -0.790415, -0.207829, 0.004381, 0.814417, -0.576613, -0.065132, 0.257729, 0.000000, 0.000000, 0.000000, 1.000000, -0.002201, -0.052497, -0.998619, 0.106408, -0.999364, 0.035649, 0.000329, -0.000761, 0.035582, 0.997985, -0.052542, -0.008061, 0.000000, 0.000000, 0.000000, 1.000000
0.6319, 4.1179, -1.1841, 199.3425, 268.3425, 4.8821, 258.2575, 106.4692, -0.7941, -8.0831, 0.577475, 0.787132, 0.216669, 0.004118, -0.814041, 0.575348, 0.079446, -0.001184, -0.062125, -0.222256, 0.973007, 0.199343, 0.000000, 0.000000, 0.000000, 1.000000, -0.062125, -0.222256, 0.973007, 0.268343, -0.577475, -0.787132, -0.216669, 0.004882, 0.814041, -0.575348, -0.079446, 0.258258, 0.000000, 0.000000, 0.000000, 1.000000, -0.008511, -0.046629, -0.998876, 0.106469, -0.999349, 0.035428, 0.006861, -0.000794, 0.035068, 0.998284, -0.046900, -0.008083, 0.000000, 0.000000, 0.000000, 1.000000
1.2507, 3.6769, -1.5622, 200.8629, 269.8629, 5.3231, 258.6357, 106.6002, -0.7310, -7.9064, 0.576550, 0.786905, 0.219932, 0.003677, -0.814287, 0.575548, 0.075366, -0.001562, -0.067276, -0.222540, 0.972600, 0.200863, 0.000000, 0.000000, 0.000000, 1.000000, -0.067276, -0.222540, 0.972600, 0.269863, -0.576550, -0.786905, -0.219932, 0.005323, 0.814287, -0.575548, -0.075366, 0.258636, 0.000000, 0.000000, 0.000000, 1.000000, -0.003262, -0.057102, -0.998363, 0.106600, -0.999363, 0.035680, 0.001224, -0.000731, 0.035552, 0.997731, -0.057182, -0.007906, 0.000000, 0.000000, 0.000000, 1.000000
1.8734, 3.1209, -2.1413, 202.7422, 271.7422, 5.8791, 259.2148, 106.4602, -0.7512, -8.0386, 0.577014, 0.784280, 0.227948, 0.003121, -0.814314, 0.573914, 0.086690, -0.002141, -0.062833, -0.235643, 0.969806, 0.202742, 0.000000, 0.000000, 0.000000, 1.000000, -0.062833, -0.235643, 0.969806, 0.271742, -0.577014, -0.784280, -0.227948, 0.005879, 0.814314, -0.573914, -0.086690, 0.259215, 0.000000, 0.000000, 0.000000, 1.000000, -0.007591, -0.054532, -0.998483, 0.106460, -0.999373, 0.034942, 0.005690, -0.000751, 0.034578, 0.997900, -0.054763, -0.008039, 0.000000, 0.000000, 0.000000, 1.000000
2.4423, 2.6193, -2.6166, 204.1937, 273.1937, 6.3807, 259.6901, 106.5907, -0.7447, -8.0621, 0.576922, 0.780927, 0.239405, 0.002619, -0.814146, 0.573400, 0.091537, -0.002617, -0.065792, -0.247720, 0.966595, 0.204194, 0.000000, 0.000000, 0.000000, 1.000000, -0.065792, -0.247720, 0.966595, 0.273194, -0.576922, -0.780927, -0.239405, 0.006381, 0.814146, -0.573400, -0.091537, 0.259690, 0.000000, 0.000000, 0.000000, 1.000000, -0.004724, -0.051938, -0.998639, 0.106591, -0.999362, 0.035606, 0.002876, -0.000745, 0.035409, 0.998015, -0.052073, -0.008062, 0.000000, 0.000000, 0.000000, 1.000000
3.1335, 2.2105, -3.0139, 205.7790, 274.7790, 6.7895, 260.0874, 106.8523, -0.7077, -7.7950, 0.576893, 0.779844, 0.242976, 0.002210, -0.814363, 0.572173, 0.097107, -0.003014, -0.063296, -0.253892, 0.965159, 0.205779, 0.000000, 0.000000, 0.000000, 1.000000, -0.063296, -0.253892, 0.965159, 0.274779, -0.576893, -0.779844, -0.242976, 0.006790, 0.814363, -0.572173, -0.097107, 0.260087, 0.000000, 0.000000, 0.000000, 1.000000, -0.007013, -0.057660, -0.998312, 0.106852, -0.999382, 0.034783, 0.005012, -0.000708, 0.034436, 0.997730, -0.057868, -0.007795, 0.000000, 0.000000, 0.000000, 1.000000
3.9633, 1.8204, -3.3871, 207.1755, 276.1755, 7.1796, 260.4606, 107.6125, -0.6622, -7.1926, 0.577046, 0.777657, 0.249534, 0.001820, -0.814427, 0.570753, 0.104640, -0.003387, -0.061048, -0.263610, 0.962696, 0.207175, 0.000000, 0.000000, 0.000000, 1.000000, -0.061048, -0.263610, 0.962696, 0.276175, -0.577046, -0.777657, -0.249534, 0.007180, 0.814427, -0.570753, -0.104640, 0.260461, 0.000000, 0.000000, 0.000000, 1.000000, -0.009106, -0.062089, -0.998029, 0.107613, -0.999391, 0.034190, 0.006991, -0.000662, 0.033689, 0.997485, -0.062363, -0.007193, 0.000000, 0.000000, 0.000000, 1.000000
4.6060, 1.1446, -4.0969, 209.7517, 278.7517, 7.8554, 261.1704, 106.9742, -0.6860, -7.7461, 0.576904, 0.773858, 0.261390, 0.001145, -0.814473, 0.569199, 0.112452, -0.004097, -0.061761, -0.277769, 0.958660, 0.209752, 0.000000, 0.000000, 0.000000, 1.000000, -0.061761, -0.277769, 0.958660, 0.278752, -0.576904, -0.773858, -0.261390, 0.007855, 0.814473, -0.569199, -0.112452, 0.261170, 0.000000, 0.000000, 0.000000, 1.000000, -0.008326, -0.058570, -0.998249, 0.106974, -0.999398, 0.034123, 0.006333, -0.000686, 0.033692, 0.997700, -0.058819, -0.007746, 0.000000, 0.000000, 0.000000, 1.000000
5.0446, 0.7251, -4.5720, 211.2215, 280.2215, 8.2749, 261.6454, 106.8095, -0.7347, -8.0055, 0.577378, 0.769122, 0.274018, 0.000725, -0.814178, 0.567526, 0.122589, -0.004572, -0.061226, -0.293880, 0.953879, 0.211222, 0.000000, 0.000000, 0.000000, 1.000000, -0.061226, -0.293880, 0.953879, 0.280222, -0.577378, -0.769122, -0.274018, 0.008275, 0.814178, -0.567526, -0.122589, 0.261645, 0.000000, 0.000000, 0.000000, 1.000000, -0.008979, -0.049364, -0.998740, 0.106809, -0.999383, 0.034371, 0.007286, -0.000735, 0.033968, 0.998189, -0.049642, -0.008005, 0.000000, 0.000000, 0.000000, 1.000000
5.5962, 0.4178, -4.8036, 212.7415, 281.7415, 8.5822, 261.8770, 106.7981, -0.6313, -7.8664, 0.577702, 0.769263, 0.272939, 0.000418, -0.814216, 0.566670, 0.126242, -0.004804, -0.057553, -0.295161, 0.953712, 0.212741, 0.000000, 0.000000, 0.000000, 1.000000, -0.057553, -0.295161, 0.953712, 0.281741, -0.577702, -0.769263, -0.272939, 0.008582, 0.814216, -0.566670, -0.126242, 0.261877, 0.000000, 0.000000, 0.000000, 1.000000, -0.012462, -0.057698, -0.998256, 0.106798, -0.999384, 0.033486, 0.010540, -0.000631, 0.032820, 0.997772, -0.058080, -0.007866, 0.000000, 0.000000, 0.000000, 1.000000
6.1698, 0.1180, -5.2024, 213.8710, 282.8710, 8.8820, 262.2758, 107.2317, -0.6927, -7.6407, 0.578482, 0.763920, 0.285979, 0.000118, -0.813739, 0.564728, 0.137516, -0.005202, -0.056448, -0.312263, 0.948317, 0.213871, 0.000000, 0.000000, 0.000000, 1.000000, -0.056448, -0.312263, 0.948317, 0.282871, -0.578482, -0.763920, -0.285979, 0.008882, 0.813739, -0.564728, -0.137516, 0.262276, 0.000000, 0.000000, 0.000000, 1.000000, -0.013760, -0.049701, -0.998669, 0.107232, -0.999356, 0.033794, 0.012087, -0.000693, 0.033148, 0.998192, -0.050134, -0.007641, 0.000000, 0.000000, 0.000000, 1.000000
6.8169, -0.2916, -5.5960, 215.7388, 284.7388, 9.2916, 262.6695, 107.1937, -0.6422, -7.6369, 0.577818, 0.762582, 0.290853, -0.000292, -0.814013, 0.564321, 0.137563, -0.005596, -0.059231, -0.316245, 0.946827, 0.215739, 0.000000, 0.000000, 0.000000, 1.000000, -0.059231, -0.316245, 0.946827, 0.284739, -0.577818, -0.762582, -0.290853, 0.009292, 0.814013, -0.564321, -0.137563, 0.262669, 0.000000, 0.000000, 0.000000, 1.000000, -0.010845, -0.056768, -0.998329, 0.107194, -0.999384, 0.033939, 0.008926, -0.000642, 0.033375, 0.997810, -0.057101, -0.007637, 0.000000, 0.000000, 0.000000, 1.000000
7.4539, -0.6559, -5.9611, 217.3107, 286.3107, 9.6559, 263.0346, 107.3985, -0.6111, -7.5070, 0.577328, 0.759811, 0.298964, -0.000656, -0.814277, 0.562840, 0.142000, -0.005961, -0.060376, -0.325420, 0.943640, 0.217311, 0.000000, 0.000000, 0.000000, 1.000000, -0.060376, -0.325420, 0.943640, 0.286311, -0.577328, -0.759811, -0.298964, 0.009656, 0.814277, -0.562840, -0.142000, 0.263035, 0.000000, 0.000000, 0.000000, 1.000000, -0.009512, -0.058188, -0.998260, 0.107398, -0.999404, 0.033680, 0.007559, -0.000611, 0.033181, 0.997737, -0.058474, -0.007507, 0.000000, 0.000000, 0.000000, 1.000000
8.0405, -0.9687, -6.3053, 218.5576, 287.5576, 9.9687, 263.3788, 107.7740, -0.6131, -7.3063, 0.577427, 0.755205, 0.310230, -0.000969, -0.814271, 0.560390, 0.151413, -0.006305, -0.059502, -0.340041, 0.938526, 0.218558, 0.000000, 0.000000, 0.000000, 1.000000, -0.059502, -0.340041, 0.938526, 0.287558, -0.577427, -0.755205, -0.310230, 0.009969, 0.814271, -0.560390, -0.151413, 0.263379, 0.000000, 0.000000, 0.000000, 1.000000, -0.010291, -0.052915, -0.998546, 0.107774, -0.999408, 0.033321, 0.008534, -0.000613, 0.032821, 0.998043, -0.053226, -0.007306, 0.000000, 0.000000, 0.000000, 1.000000
8.5955, -1.3562, -6.7374, 220.8604, 289.8603, 10.3562, 263.8108, 107.1606, -0.5910, -7.6960, 0.577801, 0.753673, 0.313245, -0.001356, -0.814241, 0.558709, 0.157655, -0.006737, -0.056192, -0.346150, 0.936495, 0.220860, 0.000000, 0.000000, 0.000000, 1.000000, -0.056192, -0.346150, 0.936495, 0.289860, -0.577801, -0.753673, -0.313245, 0.010356, 0.814241, -0.558709, -0.157655, 0.263811, 0.000000, 0.000000, 0.000000, 1.000000, -0.013399, -0.056141, -0.998333, 0.107161, -0.999408, 0.032398, 0.011592, -0.000591, 0.031694, 0.997897, -0.056542, -0.007696, 0.000000, 0.000000, 0.000000, 1.000000
9.1985, -1.6111, -7.0483, 221.8661, 290.8661, 10.6111, 264.1217, 107.7863, -0.6101, -7.3266, 0.577685, 0.748514, 0.325588, -0.001611, -0.814223, 0.556581, 0.165104, -0.007048, -0.057634, -0.360479, 0.930985, 0.221866, 0.000000, 0.000000, 0.000000, 1.000000, -0.057634, -0.360479, 0.930985, 0.290866, -0.577685, -0.748514, -0.325588, 0.010611, 0.814223, -0.556581, -0.165104, 0.264122, 0.000000, 0.000000, 0.000000, 1.000000, -0.011970, -0.051297, -0.998612, 0.107786, -0.999414, 0.032640, 0.010303, -0.000610, 0.032066, 0.998150, -0.051658, -0.007327, 0.000000, 0.000000, 0.000000, 1.000000
9.7794, -1.9404, -7.3710, 223.9234, 292.9234, 10.9404, 264.4445, 107.4425, -0.5420, -7.5026, 0.578490, 0.746202, 0.329441, -0.001940, -0.813834, 0.555234, 0.171436, -0.007371, -0.054991, -0.367284, 0.928482, 0.223923, 0.000000, 0.000000, 0.000000, 1.000000, -0.054991, -0.367284, 0.928482, 0.292923, -0.578490, -0.746202, -0.329441, 0.010940, 0.813834, -0.555234, -0.171436, 0.264444, 0.000000, 0.000000, 0.000000, 1.000000, -0.014672, -0.054124, -0.998426, 0.107443, -0.999392, 0.032391, 0.012930, -0.000542, 0.031640, 0.998009, -0.054566, -0.007503, 0.000000, 0.000000, 0.000000, 1.000000
10.5112, -2.2095, -7.7218, 225.5931, 294.5931, 11.2095, 264.7952, 107.7936, -0.5413, -7.2199, 0.578156, 0.742736, 0.337756, -0.002210, -0.814122, 0.552647, 0.178288, -0.007722, -0.054239, -0.378053, 0.924194, 0.225593, 0.000000, 0.000000, 0.000000, 1.000000, -0.054239, -0.378053, 0.924194, 0.294593, -0.578156, -0.742736, -0.337756, 0.011210, 0.814122, -0.552647, -0.178288, 0.264795, 0.000000, 0.000000, 0.000000, 1.000000, -0.015069, -0.055320, -0.998355, 0.107794, -0.999414, 0.031523, 0.013339, -0.000541, 0.030733, 0.997971, -0.055763, -0.007220, 0.000000, 0.000000, 0.000000, 1.000000
11.0823, -2.5248, -8.0770, 227.4841, 296.4841, 11.5248, 265.1505, 107.6060, -0.5191, -7.3855, 0.578161, 0.739325, 0.345151, -0.002525, -0.814077, 0.551141, 0.183094, -0.008077, -0.054861, -0.386837, 0.920515, 0.227484, 0.000000, 0.000000, 0.000000, 1.000000, -0.054861, -0.386837, 0.920515, 0.296484, -0.578161, -0.739325, -0.345151, 0.011525, 0.814077, -0.551141, -0.183094, 0.265150, 0.000000, 0.000000, 0.000000, 1.000000, -0.014440, -0.055746, -0.998341, 0.107606, -0.999419, 0.031644, 0.012689, -0.000519, 0.030884, 0.997943, -0.056170, -0.007385, 0.000000, 0.000000, 0.000000, 1.000000
11.6880, -2.7956, -8.3351, 229.1546, 298.1546, 11.7956, 265.4085, 107.6708, -0.4505, -7.3218, 0.577682, 0.736795, 0.351308, -0.002796, -0.814478, 0.548740, 0.188440, -0.008335, -0.053935, -0.394991, 0.917100, 0.229155, 0.000000, 0.000000, 0.000000, 1.000000, -0.053935, -0.394991, 0.917100, 0.298155, -0.577682, -0.736795, -0.351308, 0.011796, 0.814478, -0.548740, -0.188440, 0.265409, 0.000000, 0.000000, 0.000000, 1.000000, -0.014904, -0.057509, -0.998234, 0.107671, -0.999446, 0.030571, 0.013161, -0.000451, 0.029760, 0.997877, -0.057933, -0.007322, 0.000000, 0.000000, 0.000000, 1.000000
12.3010, -3.0213, -8.6790, 230.4754, 299.4755, 12.0213, 265.7525, 108.0734, -0.4970, -7.1084, 0.578278, 0.730196, 0.363879, -0.003021, -0.813939, 0.546797, 0.196257, -0.008679, -0.055662, -0.409666, 0.910536, 0.230475, 0.000000, 0.000000, 0.000000, 1.000000, -0.055662, -0.409666, 0.910536, 0.299475, -0.578278, -0.730196, -0.363879, 0.012021, 0.813939, -0.546797, -0.196257, 0.265752, 0.000000, 0.000000, 0.000000, 1.000000, -0.013632, -0.052054, -0.998551, 0.108073, -0.999423, 0.031772, 0.011987, -0.000497, 0.031102, 0.998139, -0.052457, -0.007108, 0.000000, 0.000000, 0.000000, 1.000000
12.8658, -3.2366, -8.9391, 232.3974, 301.3974, 12.2366, 266.0126, 107.8197, -0.4512, -7.2232, 0.578852, 0.727201, 0.368931, -0.003237, -0.813598, 0.545390, 0.201513, -0.008939, -0.054671, -0.416807, 0.907349, 0.232397, 0.000000, 0.000000, 0.000000, 1.000000, -0.054671, -0.416807, 0.907349, 0.301397, -0.578852, -0.727201, -0.368931, 0.012237, 0.813598, -0.545390, -0.201513, 0.266013, 0.000000, 0.000000, 0.000000, 1.000000, -0.014741, -0.054037, -0.998430, 0.107820, -0.999408, 0.031848, 0.013032, -0.000451, 0.031093, 0.998031, -0.054475, -0.007223, 0.000000, 0.000000, 0.000000, 1.000000
13.4602, -3.4390, -9.1904, 233.8717, 302.8717, 12.4390, 266.2638, 108.0329, -0.4273, -7.0731, 0.578488, 0.724222, 0.375306, -0.003439, -0.813940, 0.542645, 0.207457, -0.009190, -0.053413, -0.425488, 0.903387, 0.233872, 0.000000, 0.000000, 0.000000, 1.000000, -0.053413, -0.425488, 0.903387, 0.302872, -0.578488, -0.724222, -0.375306, 0.012439, 0.813940, -0.542645, -0.207457, 0.266264, 0.000000, 0.000000, 0.000000, 1.000000, -0.015532, -0.054898, -0.998371, 0.108033, -0.999432, 0.030718, 0.013860, -0.000427, 0.029907, 0.998019, -0.055344, -0.007073, 0.000000, 0.000000, 0.000000, 1.000000
14.0014, -3.6317, -9.4642, 235.5169, 304.5169, 12.6317, 266.5376, 107.9836, -0.4228, -7.1206, 0.579603, 0.718426, 0.384611, -0.003632, -0.813268, 0.539807, 0.217262, -0.009464, -0.051529, -0.438717, 0.897147, 0.235517, 0.000000, 0.000000, 0.000000, 1.000000, -0.051529, -0.438717, 0.897147, 0.304517, -0.579603, -0.718426, -0.384611, 0.012632, 0.813268, -0.539807, -0.217262, 0.266538, 0.000000, 0.000000, 0.000000, 1.000000, -0.017725, -0.049629, -0.998610, 0.107984, -0.999393, 0.030831, 0.016206, -0.000423, 0.029984, 0.998292, -0.050146, -0.007121, 0.000000, 0.000000, 0.000000, 1.000000
14.5642, -3.7625, -9.7129, 237.0199, 306.0199, 12.7625, 266.7863, 108.0856, -0.4379, -7.0130, 0.579701, 0.715780, 0.389366, -0.003762, -0.813122, 0.539084, 0.219594, -0.009713, -0.052720, -0.443901, 0.894524, 0.237020, 0.000000, 0.000000, 0.000000, 1.000000, -0.052720, -0.443901, 0.894524, 0.306020, -0.579701, -0.715780, -0.389366, 0.012762, 0.813122, -0.539084, -0.219594, 0.266786, 0.000000, 0.000000, 0.000000, 1.000000, -0.016679, -0.053610, -0.998423, 0.108086, -0.999394, 0.031395, 0.015010, -0.000438, 0.030541, 0.998068, -0.054101, -0.007013, 0.000000, 0.000000, 0.000000, 1.000000
15.1873, -3.9439, -9.8963, 238.5834, 307.5834, 12.9439, 266.9697, 108.2893, -0.3635, -6.8358, 0.579105, 0.712973, 0.395357, -0.003944, -0.813608, 0.536221, 0.224742, -0.009896, -0.051764, -0.451815, 0.890609, 0.238583, 0.000000, 0.000000, 0.000000, 1.000000, -0.051764, -0.451815, 0.890609, 0.307583, -0.579105, -0.712973, -0.395357, 0.012944, 0.813608, -0.536221, -0.224742, 0.266970, 0.000000, 0.000000, 0.000000, 1.000000, -0.017030, -0.055701, -0.998302, 0.108289, -0.999428, 0.030124, 0.015368, -0.000363, 0.029216, 0.997993, -0.056182, -0.006836, 0.000000, 0.000000, 0.000000, 1.000000
15.7255, -4.1313, -10.1706, 240.2488, 309.2488, 13.1313, 267.2441, 108.2444, -0.3630, -6.9316, 0.579089, 0.708563, 0.403231, -0.004131, -0.813595, 0.533904, 0.230239, -0.010171, -0.052148, -0.461395, 0.885661, 0.240249, 0.000000, 0.000000, 0.000000, 1.000000, -0.052148, -0.461395, 0.885661, 0.309249, -0.579089, -0.708563, -0.403231, 0.013131, 0.813595, -0.533904, -0.230239, 0.267244, 0.000000, 0.000000, 0.000000, 1.000000, -0.016604, -0.054298, -0.998387, 0.108244, -0.999434, 0.030110, 0.014984, -0.000363, 0.029248, 0.998071, -0.054767, -0.006932, 0.000000, 0.000000, 0.000000, 1.000000
16.2667, -4.2585, -10.3408, 241.9287, 310.9287, 13.2585, 267.4142, 108.1518, -0.3085, -6.9482, 0.578841, 0.706159, 0.407777, -0.004258, -0.813816, 0.531821, 0.234245, -0.010341, -0.051450, -0.467446, 0.882523, 0.241929, 0.000000, 0.000000, 0.000000, 1.000000, -0.051450, -0.467446, 0.882523, 0.310929, -0.578841, -0.706159, -0.407777, 0.013258, 0.813816, -0.531821, -0.234245, 0.267414, 0.000000, 0.000000, 0.000000, 1.000000, -0.016939, -0.056943, -0.998234, 0.108152, -0.999452, 0.029370, 0.015284, -0.000308, 0.028448, 0.997945, -0.057409, -0.006948, 0.000000, 0.000000, 0.000000, 1.000000
16.8547, -4.3777, -10.5870, 243.3677, 312.3677, 13.3777, 267.6605, 108.3971, -0.3310, -6.7947, 0.579294, 0.699764, 0.418030, -0.004378, -0.813391, 0.529632, 0.240593, -0.010587, -0.053044, -0.479396, 0.875994, 0.243368, 0.000000, 0.000000, 0.000000, 1.000000, -0.053044, -0.479396, 0.875994, 0.312368, -0.579294, -0.699764, -0.418030, 0.013378, 0.813391, -0.529632, -0.240593, 0.267660, 0.000000, 0.000000, 0.000000, 1.000000, -0.015796, -0.053522, -0.998442, 0.108397, -0.999436, 0.030444, 0.014180, -0.000331, 0.029638, 0.998102, -0.053973, -0.006795, 0.000000, 0.000000, 0.000000, 1.000000
17.4607, -4.4923, -10.7689, 245.2399, 314.2399, 13.4923, 267.8424, 108.3084, -0.2797, -6.8134, 0.579598, 0.697617, 0.421184, -0.004492, -0.813437, 0.526264, 0.247720, -0.010769, -0.048840, -0.486185, 0.872490, 0.245240, 0.000000, 0.000000, 0.000000, 1.000000, -0.048840, -0.486185, 0.872490, 0.314240, -0.579598, -0.697617, -0.421184, 0.013492, 0.813437, -0.526264, -0.247720, 0.267842, 0.000000, 0.000000, 0.000000, 1.000000, -0.019370, -0.056471, -0.998216, 0.108308, -0.999437, 0.028459, 0.017784, -0.000280, 0.027404, 0.997999, -0.056990, -0.006813, 0.000000, 0.000000, 0.000000, 1.000000
18.0374, -4.6029, -10.9526, 246.8049, 315.8049, 13.6029, 268.0260, 108.4204, -0.2502, -6.7348, 0.579471, 0.692844, 0.429162, -0.004603, -0.813424, 0.524333, 0.251827, -0.010953, -0.050547, -0.495017, 0.867412, 0.246805, 0.000000, 0.000000, 0.000000, 1.000000, -0.050547, -0.495017, 0.867412, 0.315805, -0.579471, -0.692844, -0.429162, 0.013603, 0.813424, -0.524333, -0.251827, 0.268026, 0.000000, 0.000000, 0.000000, 1.000000, -0.017767, -0.056328, -0.998254, 0.108420, -0.999448, 0.029019, 0.016151, -0.000250, 0.028059, 0.997991, -0.056812, -0.006735, 0.000000, 0.000000, 0.000000, 1.000000
18.6789, -4.6787, -11.1757, 248.3051, 317.3051, 13.6787, 268.2491, 108.7381, -0.2717, -6.5041, 0.579050, 0.686914, 0.439146, -0.004679, -0.813589, 0.521652, 0.256813, -0.011176, -0.052673, -0.505992, 0.860928, 0.248305, 0.000000, 0.000000, 0.000000, 1.000000, -0.052673, -0.505992, 0.860928, 0.317305, -0.579050, -0.686914, -0.439146, 0.013679, 0.813589, -0.521652, -0.256813, 0.268249, 0.000000, 0.000000, 0.000000, 1.000000, -0.015628, -0.054774, -0.998376, 0.108738, -0.999467, 0.029490, 0.014027, -0.000272, 0.028674, 0.998063, -0.055206, -0.006504, 0.000000, 0.000000, 0.000000, 1.000000
19.2398, -4.7676, -11.3268, 250.2415, 319.2415, 13.7676, 268.4002, 108.5066, -0.2107, -6.6550, 0.579679, 0.682301, 0.445464, -0.004768, -0.813341, 0.517693, 0.265463, -0.011327, -0.049487, -0.516197, 0.855039, 0.250242, 0.000000, 0.000000, 0.000000, 1.000000, -0.049487, -0.516197, 0.855039, 0.319242, -0.579679, -0.682301, -0.445464, 0.013768, 0.813341, -0.517693, -0.265463, 0.268400, 0.000000, 0.000000, 0.000000, 1.000000, -0.018534, -0.052757, -0.998435, 0.108507, -0.999456, 0.028218, 0.017062, -0.000211, 0.027273, 0.998209, -0.053251, -0.006655, 0.000000, 0.000000, 0.000000, 1.000000
