# Joint_4_Angle(deg), Cam_X(mm), Cam_Y(mm), Cam_Z(mm), Torso_X(mm), Torso_Y(mm), Torso_Z(mm), EE_X(mm), EE_Y(mm), EE_Z(mm), T_cam2marker_flat(16), T_torso2marker_flat(16), T_ee2marker_flat(16)
-9.8093, 21.4461, -18.2386, 216.8224, 238.8224, -21.4461, 218.3121, 134.2887, 43.0881, 46.0996, 0.641745, 0.757374, 0.120617, 0.021446, -0.760419, 0.607955, 0.228371, -0.018239, 0.099633, -0.238275, 0.966074, 0.216822, 0.000000, 0.000000, 0.000000, 1.000000, 0.099633, -0.238275, 0.966074, 0.238822, -0.641745, -0.757374, -0.120617, -0.021446, 0.760419, -0.607955, -0.228371, 0.218312, 0.000000, 0.000000, 0.000000, 1.000000, -0.016932, -0.063961, -0.997809, 0.134289, -0.999481, 0.028425, 0.015139, 0.043088, 0.027395, 0.997547, -0.064409, 0.046100, 0.000000, 0.000000, 0.000000, 1.000000
-9.6053, 21.2915, -18.0166, 216.8444, 238.8444, -21.2915, 218.0900, 134.3926, 42.8771, 46.1016, 0.641094, 0.757846, 0.121113, 0.021292, -0.761384, 0.608225, 0.224405, -0.018017, 0.096400, -0.236078, 0.966941, 0.216844, 0.000000, 0.000000, 0.000000, 1.000000, 0.096400, -0.236078, 0.966941, 0.238844, -0.641094, -0.757846, -0.121113, -0.021292, 0.761384, -0.608225, -0.224405, 0.218090, 0.000000, 0.000000, 0.000000, 1.000000, -0.017056, -0.066102, -0.997667, 0.134393, -0.999482, 0.028377, 0.015206, 0.042877, 0.027306, 0.997409, -0.066552, 0.046102, 0.000000, 0.000000, 0.000000, 1.000000
-9.3287, 21.0320, -17.7240, 216.7575, 238.7575, -21.0320, 217.7974, 134.6564, 42.6242, 46.0959, 0.640609, 0.757668, 0.124736, 0.021032, -0.762393, 0.608231, 0.220933, -0.017724, 0.091526, -0.236630, 0.967279, 0.216757, 0.000000, 0.000000, 0.000000, 1.000000, 0.091526, -0.236630, 0.967279, 0.238757, -0.640609, -0.757668, -0.124736, -0.021032, 0.762393, -0.608231, -0.220933, 0.217797, 0.000000, 0.000000, 0.000000, 1.000000, -0.016905, -0.065408, -0.997715, 0.134656, -0.999470, 0.028855, 0.015044, 0.042624, 0.027805, 0.997441, -0.065861, 0.046096, 0.000000, 0.000000, 0.000000, 1.000000
-9.0543, 20.7220, -17.3556, 216.5643, 238.5643, -20.7220, 217.4291, 135.0113, 42.4738, 46.1264, 0.640145, 0.757253, 0.129549, 0.020722, -0.763398, 0.608060, 0.217913, -0.017356, 0.086242, -0.238394, 0.967332, 0.216564, 0.000000, 0.000000, 0.000000, 1.000000, 0.086242, -0.238394, 0.967332, 0.238564, -0.640145, -0.757253, -0.129549, -0.020722, 0.763398, -0.608060, -0.217913, 0.217429, 0.000000, 0.000000, 0.000000, 1.000000, -0.016333, -0.063471, -0.997850, 0.135011, -0.999462, 0.029427, 0.014487, 0.042474, 0.028445, 0.997550, -0.063918, 0.046126, 0.000000, 0.000000, 0.000000, 1.000000
-8.6933, 20.3949, -16.9176, 216.6317, 238.6317, -20.3949, 216.9910, 135.1702, 42.1626, 46.1063, 0.639583, 0.757134, 0.132976, 0.020395, -0.764346, 0.607921, 0.214959, -0.016918, 0.081914, -0.239123, 0.967528, 0.216632, 0.000000, 0.000000, 0.000000, 1.000000, 0.081914, -0.239123, 0.967528, 0.238632, -0.639583, -0.757134, -0.132976, -0.020395, 0.764346, -0.607921, -0.214959, 0.216991, 0.000000, 0.000000, 0.000000, 1.000000, -0.018176, -0.062534, -0.997877, 0.135170, -0.999421, 0.029843, 0.016334, 0.042163, 0.028758, 0.997597, -0.063040, 0.046106, 0.000000, 0.000000, 0.000000, 1.000000
-8.4270, 20.0286, -16.5117, 216.5913, 238.5913, -20.0286, 216.5851, 135.3791, 42.0808, 46.0697, 0.638637, 0.756553, 0.140610, 0.020029, -0.766261, 0.608468, 0.206423, -0.016512, 0.070613, -0.239573, 0.968307, 0.216591, 0.000000, 0.000000, 0.000000, 1.000000, 0.070613, -0.239573, 0.968307, 0.238591, -0.638637, -0.756553, -0.140610, -0.020029, 0.766261, -0.608468, -0.206423, 0.216585, 0.000000, 0.000000, 0.000000, 1.000000, -0.011425, -0.061982, -0.998012, 0.135379, -0.999476, 0.030949, 0.009519, 0.042081, 0.030297, 0.997597, -0.062303, 0.046070, 0.000000, 0.000000, 0.000000, 1.000000
-8.1248, 19.7116, -16.0780, 216.5693, 238.5693, -19.7116, 216.1514, 135.5826, 41.9038, 46.0813, 0.637303, 0.757617, 0.140928, 0.019712, -0.767776, 0.608570, 0.200406, -0.016078, 0.066066, -0.235920, 0.969524, 0.216569, 0.000000, 0.000000, 0.000000, 1.000000, 0.066066, -0.235920, 0.969524, 0.238569, -0.637303, -0.757617, -0.140928, -0.019712, 0.767776, -0.608570, -0.200406, 0.216151, 0.000000, 0.000000, 0.000000, 1.000000, -0.011750, -0.065532, -0.997781, 0.135583, -0.999488, 0.030469, 0.009769, 0.041904, 0.029761, 0.997385, -0.065856, 0.046081, 0.000000, 0.000000, 0.000000, 1.000000
-7.8445, 19.4217, -15.7230, 216.4363, 238.4363, -19.4217, 215.7964, 135.8904, 41.7052, 46.1017, 0.636427, 0.757862, 0.143548, 0.019422, -0.768816, 0.608233, 0.197419, -0.015723, 0.062305, -0.236005, 0.969752, 0.216436, 0.000000, 0.000000, 0.000000, 1.000000, 0.062305, -0.236005, 0.969752, 0.238436, -0.636427, -0.757862, -0.143548, -0.019422, 0.768816, -0.608233, -0.197419, 0.215796, 0.000000, 0.000000, 0.000000, 1.000000, -0.012644, -0.065274, -0.997787, 0.135890, -0.999481, 0.030377, 0.010679, 0.041705, 0.029613, 0.997405, -0.065624, 0.046102, 0.000000, 0.000000, 0.000000, 1.000000
-7.5432, 19.1235, -15.3527, 216.4471, 238.4471, -19.1235, 215.4261, 136.0758, 41.4643, 46.0818, 0.635575, 0.758641, 0.143209, 0.019124, -0.769365, 0.606954, 0.199211, -0.015353, 0.064208, -0.236794, 0.969436, 0.216447, 0.000000, 0.000000, 0.000000, 1.000000, 0.064208, -0.236794, 0.969436, 0.238447, -0.635575, -0.758641, -0.143209, -0.019124, 0.769365, -0.606954, -0.199211, 0.215426, 0.000000, 0.000000, 0.000000, 1.000000, -0.019417, -0.064235, -0.997746, 0.136076, -0.999417, 0.029274, 0.017565, 0.041464, 0.028080, 0.997505, -0.064766, 0.046082, 0.000000, 0.000000, 0.000000, 1.000000
-7.2567, 18.8015, -14.9557, 216.4205, 238.4205, -18.8015, 215.0292, 136.2866, 41.2951, 46.0699, 0.634779, 0.759540, 0.141965, 0.018801, -0.770141, 0.606993, 0.196065, -0.014956, 0.062748, -0.233791, 0.970260, 0.216421, 0.000000, 0.000000, 0.000000, 1.000000, 0.062748, -0.233791, 0.970260, 0.238421, -0.634779, -0.759540, -0.141965, -0.018801, 0.770141, -0.606993, -0.196065, 0.215029, 0.000000, 0.000000, 0.000000, 1.000000, -0.022687, -0.067145, -0.997485, 0.136287, -0.999365, 0.028929, 0.020783, 0.041295, 0.027460, 0.997324, -0.067759, 0.046070, 0.000000, 0.000000, 0.000000, 1.000000
-6.9480, 18.4641, -14.5157, 216.3840, 238.3841, -18.4641, 214.5892, 136.5185, 41.1159, 46.0738, 0.633971, 0.759166, 0.147472, 0.018464, -0.771352, 0.607004, 0.191213, -0.014516, 0.055646, -0.234977, 0.970407, 0.216384, 0.000000, 0.000000, 0.000000, 1.000000, 0.055646, -0.234977, 0.970407, 0.238384, -0.633971, -0.759166, -0.147472, -0.018464, 0.771352, -0.607004, -0.191213, 0.214589, 0.000000, 0.000000, 0.000000, 1.000000, -0.020869, -0.065781, -0.997616, 0.136518, -0.999383, 0.029577, 0.018955, 0.041116, 0.028260, 0.997396, -0.066358, 0.046074, 0.000000, 0.000000, 0.000000, 1.000000
-6.6867, 18.1251, -14.0975, 216.2964, 238.2964, -18.1251, 214.1710, 136.7722, 41.0343, 46.0793, 0.633048, 0.758166, 0.156314, 0.018125, -0.772886, 0.607661, 0.182746, -0.014098, 0.043566, -0.236500, 0.970654, 0.216296, 0.000000, 0.000000, 0.000000, 1.000000, 0.043566, -0.236500, 0.970654, 0.238296, -0.633048, -0.758166, -0.156314, -0.018125, 0.772886, -0.607661, -0.182746, 0.214171, 0.000000, 0.000000, 0.000000, 1.000000, -0.013381, -0.064119, -0.997853, 0.136772, -0.999452, 0.031064, 0.011406, 0.041034, 0.030266, 0.997459, -0.064499, 0.046079, 0.000000, 0.000000, 0.000000, 1.000000
-6.3932, 17.9061, -13.7973, 216.3252, 238.3252, -17.9061, 213.8708, 136.9383, 40.7034, 46.0746, 0.632109, 0.760227, 0.149974, 0.017906, -0.773330, 0.606685, 0.184102, -0.013797, 0.048972, -0.232352, 0.971398, 0.216325, 0.000000, 0.000000, 0.000000, 1.000000, 0.048972, -0.232352, 0.971398, 0.238325, -0.632109, -0.760227, -0.149974, -0.017906, 0.773330, -0.606685, -0.184102, 0.213871, 0.000000, 0.000000, 0.000000, 1.000000, -0.023364, -0.068160, -0.997401, 0.136938, -0.999344, 0.029221, 0.021413, 0.040703, 0.027685, 0.997246, -0.068798, 0.046075, 0.000000, 0.000000, 0.000000, 1.000000
-6.0737, 17.5693, -13.3638, 216.2739, 238.2739, -17.5693, 213.4372, 137.1997, 40.4898, 46.0801, 0.631509, 0.759408, 0.156513, 0.017569, -0.774324, 0.607205, 0.178110, -0.013364, 0.040223, -0.233670, 0.971484, 0.216274, 0.000000, 0.000000, 0.000000, 1.000000, 0.040223, -0.233670, 0.971484, 0.238274, -0.631509, -0.759408, -0.156513, -0.017569, 0.774324, -0.607205, -0.178110, 0.213437, 0.000000, 0.000000, 0.000000, 1.000000, -0.020253, -0.066668, -0.997570, 0.137200, -0.999367, 0.030547, 0.018248, 0.040490, 0.029256, 0.997308, -0.067244, 0.046080, 0.000000, 0.000000, 0.000000, 1.000000
-5.7485, 17.1847, -12.9368, 216.1353, 238.1353, -17.1847, 213.0103, 137.5609, 40.2863, 46.0708, 0.630407, 0.758691, 0.164241, 0.017185, -0.775559, 0.606557, 0.174918, -0.012937, 0.033087, -0.237648, 0.970788, 0.216135, 0.000000, 0.000000, 0.000000, 1.000000, 0.033087, -0.237648, 0.970788, 0.238135, -0.630407, -0.758691, -0.164241, -0.017185, 0.775559, -0.606557, -0.174918, 0.213010, 0.000000, 0.000000, 0.000000, 1.000000, -0.018624, -0.062408, -0.997877, 0.137561, -0.999382, 0.030936, 0.016718, 0.040286, 0.029827, 0.997571, -0.062945, 0.046071, 0.000000, 0.000000, 0.000000, 1.000000
-5.4899, 16.8656, -12.5404, 216.1825, 238.1825, -16.8656, 212.6138, 137.6911, 40.1740, 46.0391, 0.629280, 0.758937, 0.167396, 0.016866, -0.776657, 0.606204, 0.171232, -0.012540, 0.028478, -0.237762, 0.970906, 0.216183, 0.000000, 0.000000, 0.000000, 1.000000, 0.028478, -0.237762, 0.970906, 0.238183, -0.629280, -0.758937, -0.167396, -0.016866, 0.776657, -0.606204, -0.171232, 0.212614, 0.000000, 0.000000, 0.000000, 1.000000, -0.018269, -0.062145, -0.997900, 0.137691, -0.999392, 0.030785, 0.016379, 0.040174, 0.029702, 0.997592, -0.062670, 0.046039, 0.000000, 0.000000, 0.000000, 1.000000
-5.1715, 16.5790, -12.1655, 216.1028, 238.1028, -16.5790, 212.2390, 137.9828, 39.8814, 46.0575, 0.628956, 0.757820, 0.173557, 0.016579, -0.777186, 0.607167, 0.165318, -0.012166, 0.019903, -0.238863, 0.970849, 0.216103, 0.000000, 0.000000, 0.000000, 1.000000, 0.019903, -0.238863, 0.970849, 0.238103, -0.628956, -0.757820, -0.173557, -0.016579, 0.777186, -0.607167, -0.165318, 0.212239, 0.000000, 0.000000, 0.000000, 1.000000, -0.015461, -0.060849, -0.998027, 0.137983, -0.999378, 0.032585, 0.013495, 0.039881, 0.031699, 0.997615, -0.061315, 0.046057, 0.000000, 0.000000, 0.000000, 1.000000
-4.8792, 16.1957, -11.6750, 215.9743, 237.9743, -16.1957, 211.7484, 138.3049, 39.8008, 46.0825, 0.627312, 0.757958, 0.178827, 0.016196, -0.778662, 0.606675, 0.160095, -0.011675, 0.012855, -0.239676, 0.970768, 0.215974, 0.000000, 0.000000, 0.000000, 1.000000, 0.012855, -0.239676, 0.970768, 0.237974, -0.627312, -0.757958, -0.178827, -0.016196, 0.778662, -0.606675, -0.160095, 0.211748, 0.000000, 0.000000, 0.000000, 1.000000, -0.013173, -0.059847, -0.998121, 0.138305, -0.999411, 0.032425, 0.011245, 0.039801, 0.031691, 0.997681, -0.060239, 0.046082, 0.000000, 0.000000, 0.000000, 1.000000
-4.5490, 15.9330, -11.2810, 216.0120, 238.0120, -15.9330, 211.3545, 138.4865, 39.4758, 46.0952, 0.626373, 0.758823, 0.178450, 0.015933, -0.779444, 0.606411, 0.157267, -0.011281, 0.011123, -0.237600, 0.971299, 0.216012, 0.000000, 0.000000, 0.000000, 1.000000, 0.011123, -0.237600, 0.971299, 0.238012, -0.626373, -0.758823, -0.178450, -0.015933, 0.779444, -0.606411, -0.157267, 0.211354, 0.000000, 0.000000, 0.000000, 1.000000, -0.016917, -0.061797, -0.997945, 0.138487, -0.999375, 0.032029, 0.014957, 0.039476, 0.031039, 0.997575, -0.062300, 0.046095, 0.000000, 0.000000, 0.000000, 1.000000
-4.2341, 15.6065, -10.8724, 216.0306, 238.0306, -15.6065, 210.9459, 138.6893, 39.2371, 46.0731, 0.625521, 0.759335, 0.179257, 0.015606, -0.780162, 0.606299, 0.154105, -0.010872, 0.008334, -0.236246, 0.971658, 0.216031, 0.000000, 0.000000, 0.000000, 1.000000, 0.008334, -0.236246, 0.971658, 0.238031, -0.625521, -0.759335, -0.179257, -0.015606, 0.780162, -0.606299, -0.154105, 0.210946, 0.000000, 0.000000, 0.000000, 1.000000, -0.019415, -0.063015, -0.997824, 0.138689, -0.999337, 0.031971, 0.017425, 0.039237, 0.030804, 0.997500, -0.063594, 0.046073, 0.000000, 0.000000, 0.000000, 1.000000
-3.9661, 15.2520, -10.4530, 215.9520, 237.9520, -15.2520, 210.5265, 138.9595, 39.1355, 46.0647, 0.624317, 0.759197, 0.183978, 0.015252, -0.781171, 0.606562, 0.147835, -0.010453, 0.000642, -0.236014, 0.971749, 0.215952, 0.000000, 0.000000, 0.000000, 1.000000, 0.000642, -0.236014, 0.971749, 0.237952, -0.624317, -0.759197, -0.183978, -0.015252, 0.781171, -0.606562, -0.147835, 0.210526, 0.000000, 0.000000, 0.000000, 1.000000, -0.016280, -0.063098, -0.997875, 0.138959, -0.999368, 0.032559, 0.014246, 0.039136, 0.031591, 0.997476, -0.063588, 0.046065, 0.000000, 0.000000, 0.000000, 1.000000
-3.6723, 14.9777, -10.0862, 215.8500, 237.8500, -14.9777, 210.1596, 139.2609, 38.8796, 46.0946, 0.624133, 0.757653, 0.190840, 0.014978, -0.781313, 0.606075, 0.149072, -0.010086, -0.002719, -0.242147, 0.970236, 0.215850, 0.000000, 0.000000, 0.000000, 1.000000, -0.002719, -0.242147, 0.970236, 0.237850, -0.624133, -0.757653, -0.190840, -0.014978, 0.781313, -0.606075, -0.149072, 0.210160, 0.000000, 0.000000, 0.000000, 1.000000, -0.018126, -0.056615, -0.998232, 0.139261, -0.999312, 0.033345, 0.016254, 0.038880, 0.032366, 0.997839, -0.057181, 0.046095, 0.000000, 0.000000, 0.000000, 1.000000
-3.3902, 14.6168, -9.6478, 215.8285, 237.8285, -14.6168, 209.7212, 139.4882, 38.7602, 46.0752, 0.622323, 0.757351, 0.197823, 0.014617, -0.782646, 0.606363, 0.140674, -0.009648, -0.013412, -0.242370, 0.970091, 0.215829, 0.000000, 0.000000, 0.000000, 1.000000, -0.013412, -0.242370, 0.970091, 0.237829, -0.622323, -0.757351, -0.197823, -0.014617, 0.782646, -0.606363, -0.140674, 0.209721, 0.000000, 0.000000, 0.000000, 1.000000, -0.012169, -0.056210, -0.998345, 0.139488, -0.999368, 0.034029, 0.010266, 0.038760, 0.033396, 0.997839, -0.056589, 0.046075, 0.000000, 0.000000, 0.000000, 1.000000
-3.0832, 14.3160, -9.2392, 215.8391, 237.8391, -14.3160, 209.3127, 139.6935, 38.5200, 46.0752, 0.620969, 0.759613, 0.193353, 0.014316, -0.783744, 0.605483, 0.138335, -0.009239, -0.011990, -0.237441, 0.971328, 0.215839, 0.000000, 0.000000, 0.000000, 1.000000, -0.011990, -0.237441, 0.971328, 0.237839, -0.620969, -0.759613, -0.193353, -0.014316, 0.783744, -0.605483, -0.138335, 0.209313, 0.000000, 0.000000, 0.000000, 1.000000, -0.018365, -0.061158, -0.997959, 0.139693, -0.999341, 0.032378, 0.016406, 0.038520, 0.031309, 0.997603, -0.061712, 0.046075, 0.000000, 0.000000, 0.000000, 1.000000
-2.7143, 14.0348, -8.8739, 215.7868, 237.7868, -14.0348, 208.9474, 140.0034, 38.0792, 46.0842, 0.620542, 0.757951, 0.201089, 0.014035, -0.783926, 0.606038, 0.134825, -0.008874, -0.019677, -0.241304, 0.970250, 0.215787, 0.000000, 0.000000, 0.000000, 1.000000, -0.019677, -0.241304, 0.970250, 0.237787, -0.620542, -0.757951, -0.201089, -0.014035, 0.783926, -0.606038, -0.134825, 0.208947, 0.000000, 0.000000, 0.000000, 1.000000, -0.017325, -0.056924, -0.998228, 0.140003, -0.999300, 0.034097, 0.015399, 0.038079, 0.033160, 0.997796, -0.057475, 0.046084, 0.000000, 0.000000, 0.000000, 1.000000
-2.4271, 13.5925, -8.3185, 215.7031, 237.7031, -13.5925, 208.3920, 140.3021, 38.0835, 46.0877, 0.618633, 0.758604, 0.204483, 0.013592, -0.785216, 0.605907, 0.127720, -0.008319, -0.027008, -0.239575, 0.970502, 0.215703, 0.000000, 0.000000, 0.000000, 1.000000, -0.027008, -0.239575, 0.970502, 0.237703, -0.618633, -0.758604, -0.204483, -0.013592, 0.785216, -0.605907, -0.127720, 0.208392, 0.000000, 0.000000, 0.000000, 1.000000, -0.014650, -0.058551, -0.998177, 0.140302, -0.999343, 0.033944, 0.012676, 0.038084, 0.033140, 0.997707, -0.059010, 0.046088, 0.000000, 0.000000, 0.000000, 1.000000
-2.1593, 13.3116, -7.9707, 215.7424, 237.7425, -13.3116, 208.0441, 140.4629, 37.8751, 46.0597, 0.617963, 0.757808, 0.209401, 0.013312, -0.785610, 0.605571, 0.126891, -0.007971, -0.030648, -0.242921, 0.969562, 0.215742, 0.000000, 0.000000, 0.000000, 1.000000, -0.030648, -0.242921, 0.969562, 0.237742, -0.617963, -0.757808, -0.209401, -0.013312, 0.785610, -0.605571, -0.126891, 0.208044, 0.000000, 0.000000, 0.000000, 1.000000, -0.015616, -0.054942, -0.998367, 0.140463, -0.999317, 0.034293, 0.013744, 0.037875, 0.033482, 0.997900, -0.055440, 0.046060, 0.000000, 0.000000, 0.000000, 1.000000
-1.8822, 13.0173, -7.5942, 215.8309, 237.8309, -13.0173, 207.6676, 140.5834, 37.6762, 46.0232, 0.616697, 0.759376, 0.207444, 0.013017, -0.786560, 0.605046, 0.123464, -0.007594, -0.031758, -0.239307, 0.970425, 0.215831, 0.000000, 0.000000, 0.000000, 1.000000, -0.031758, -0.239307, 0.970425, 0.237831, -0.616697, -0.759376, -0.207444, -0.013017, 0.786560, -0.605046, -0.123464, 0.207668, 0.000000, 0.000000, 0.000000, 1.000000, -0.018920, -0.058561, -0.998105, 0.140583, -0.999299, 0.033357, 0.016986, 0.037676, 0.032299, 0.997726, -0.059151, 0.046023, 0.000000, 0.000000, 0.000000, 1.000000
-1.5858, 12.7407, -7.2132, 215.7008, 237.7008, -12.7407, 207.2866, 140.9209, 37.4130, 46.0678, 0.615850, 0.757906, 0.215191, 0.012741, -0.786822, 0.605690, 0.118540, -0.007213, -0.040497, -0.242320, 0.969351, 0.215701, 0.000000, 0.000000, 0.000000, 1.000000, -0.040497, -0.242320, 0.969351, 0.237701, -0.615850, -0.757906, -0.215191, -0.012741, 0.786822, -0.605690, -0.118540, 0.207287, 0.000000, 0.000000, 0.000000, 1.000000, -0.015492, -0.055212, -0.998354, 0.140921, -0.999298, 0.034905, 0.013577, 0.037413, 0.034097, 0.997864, -0.055714, 0.046068, 0.000000, 0.000000, 0.000000, 1.000000
-1.3175, 12.4388, -6.7502, 215.8363, 237.8363, -12.4388, 206.8237, 140.9837, 37.3110, 46.0609, 0.613788, 0.759927, 0.213954, 0.012439, -0.788188, 0.605306, 0.111201, -0.006750, -0.045003, -0.236890, 0.970494, 0.215836, 0.000000, 0.000000, 0.000000, 1.000000, -0.045003, -0.236890, 0.970494, 0.237836, -0.613788, -0.759927, -0.213954, -0.012439, 0.788188, -0.605306, -0.111201, 0.206824, 0.000000, 0.000000, 0.000000, 1.000000, -0.015134, -0.060717, -0.998040, 0.140984, -0.999338, 0.033938, 0.013089, 0.037311, 0.033077, 0.997578, -0.061191, 0.046061, 0.000000, 0.000000, 0.000000, 1.000000
-0.9868, 12.1519, -6.3959, 215.7377, 237.7377, -12.1519, 206.4694, 141.3223, 36.9458, 46.0730, 0.613206, 0.758113, 0.221909, 0.012152, -0.788371, 0.604958, 0.111790, -0.006396, -0.049496, -0.243497, 0.968638, 0.215738, 0.000000, 0.000000, 0.000000, 1.000000, -0.049496, -0.243497, 0.968638, 0.237738, -0.613206, -0.758113, -0.221909, -0.012152, 0.788371, -0.604958, -0.111790, 0.206469, 0.000000, 0.000000, 0.000000, 1.000000, -0.016436, -0.053683, -0.998423, 0.141322, -0.999291, 0.034698, 0.014585, 0.036946, 0.033860, 0.997955, -0.054215, 0.046073, 0.000000, 0.000000, 0.000000, 1.000000
-0.7273, 11.8377, -5.9688, 215.8950, 237.8950, -11.8377, 206.0423, 141.3702, 36.8441, 46.0297, 0.611805, 0.759960, 0.219442, 0.011838, -0.789202, 0.605185, 0.104452, -0.005969, -0.053424, -0.237088, 0.970018, 0.215895, 0.000000, 0.000000, 0.000000, 1.000000, -0.053424, -0.237088, 0.970018, 0.237895, -0.611805, -0.759960, -0.219442, -0.011838, 0.789202, -0.605185, -0.104452, 0.206042, 0.000000, 0.000000, 0.000000, 1.000000, -0.016729, -0.060169, -0.998048, 0.141370, -0.999299, 0.034429, 0.014674, 0.036844, 0.033479, 0.997594, -0.060703, 0.046030, 0.000000, 0.000000, 0.000000, 1.000000
-0.4333, 11.5409, -5.6431, 215.6931, 237.6931, -11.5409, 205.7166, 141.7922, 36.5421, 46.0485, 0.611111, 0.757956, 0.228138, 0.011541, -0.789405, 0.604775, 0.105293, -0.005643, -0.058164, -0.244439, 0.967919, 0.215693, 0.000000, 0.000000, 0.000000, 1.000000, -0.058164, -0.244439, 0.967919, 0.237693, -0.611111, -0.757956, -0.228138, -0.011541, 0.789405, -0.604775, -0.105293, 0.205717, 0.000000, 0.000000, 0.000000, 1.000000, -0.017122, -0.052381, -0.998480, 0.141792, -0.999267, 0.035093, 0.015294, 0.036542, 0.034239, 0.998010, -0.052944, 0.046049, 0.000000, 0.000000, 0.000000, 1.000000
-0.1637, 11.1997, -5.1787, 215.7625, 237.7625, -11.1997, 205.2521, 141.9367, 36.4542, 46.0321, 0.609234, 0.758265, 0.232095, 0.011200, -0.790323, 0.604581, 0.099352, -0.005179, -0.064984, -0.243959, 0.967606, 0.215763, 0.000000, 0.000000, 0.000000, 1.000000, -0.064984, -0.243959, 0.967606, 0.237763, -0.609234, -0.758265, -0.232095, -0.011200, 0.790323, -0.604581, -0.099352, 0.205252, 0.000000, 0.000000, 0.000000, 1.000000, -0.014692, -0.052737, -0.998500, 0.141937, -0.999303, 0.035034, 0.012853, 0.036454, 0.034304, 0.997994, -0.053215, 0.046032, 0.000000, 0.000000, 0.000000, 1.000000
0.1804, 10.9245, -4.8057, 215.6315, 237.6315, -10.9245, 204.8792, 142.3132, 36.0537, 46.0734, 0.608355, 0.757674, 0.236291, 0.010925, -0.790584, 0.604722, 0.096380, -0.004806, -0.069865, -0.245441, 0.966891, 0.215631, 0.000000, 0.000000, 0.000000, 1.000000, -0.069865, -0.245441, 0.966891, 0.237631, -0.608355, -0.757674, -0.236291, -0.010925, 0.790584, -0.604722, -0.096380, 0.204879, 0.000000, 0.000000, 0.000000, 1.000000, -0.015768, -0.050962, -0.998576, 0.142313, -0.999265, 0.035694, 0.013957, 0.036054, 0.034932, 0.998063, -0.051488, 0.046073, 0.000000, 0.000000, 0.000000, 1.000000
0.4698, 10.5554, -4.2823, 215.9275, 237.9275, -10.5554, 204.3557, 142.2599, 35.9966, 46.0019, 0.605817, 0.760687, 0.233110, 0.010555, -0.791909, 0.604745, 0.084637, -0.004282, -0.076590, -0.235876, 0.968760, 0.215928, 0.000000, 0.000000, 0.000000, 1.000000, -0.076590, -0.235876, 0.968760, 0.237928, -0.605817, -0.760687, -0.233110, -0.010555, 0.791909, -0.604745, -0.084637, 0.204356, 0.000000, 0.000000, 0.000000, 1.000000, -0.013540, -0.060750, -0.998061, 0.142260, -0.999322, 0.034991, 0.011427, 0.035997, 0.034229, 0.997539, -0.061183, 0.046002, 0.000000, 0.000000, 0.000000, 1.000000
0.7985, 10.2889, -3.9232, 215.8492, 237.8491, -10.2889, 203.9967, 142.5780, 35.6187, 46.0263, 0.604905, 0.759360, 0.239712, 0.010289, -0.792012, 0.604932, 0.082313, -0.003923, -0.082505, -0.239646, 0.967348, 0.215849, 0.000000, 0.000000, 0.000000, 1.000000, -0.082505, -0.239646, 0.967348, 0.237849, -0.604905, -0.759360, -0.239712, -0.010289, 0.792012, -0.604932, -0.082313, 0.203997, 0.000000, 0.000000, 0.000000, 1.000000, -0.013373, -0.056597, -0.998308, 0.142578, -0.999290, 0.035932, 0.011349, 0.035619, 0.035229, 0.997750, -0.057037, 0.046026, 0.000000, 0.000000, 0.000000, 1.000000
1.0854, 9.9313, -3.3933, 216.0284, 238.0284, -9.9313, 203.4668, 142.6349, 35.5570, 46.0015, 0.603066, 0.761383, 0.237922, 0.009931, -0.793071, 0.604337, 0.076257, -0.003393, -0.085724, -0.234677, 0.968286, 0.216028, 0.000000, 0.000000, 0.000000, 1.000000, -0.085724, -0.234677, 0.968286, 0.238028, -0.603066, -0.761383, -0.237922, -0.009931, 0.793071, -0.604337, -0.076257, 0.203467, 0.000000, 0.000000, 0.000000, 1.000000, -0.014670, -0.061669, -0.997989, 0.142635, -0.999308, 0.035014, 0.012525, 0.035557, 0.034172, 0.997482, -0.062140, 0.046001, 0.000000, 0.000000, 0.000000, 1.000000
1.3597, 9.6294, -3.0535, 215.9227, 237.9227, -9.6294, 203.1270, 142.9600, 35.3136, 45.9959, 0.601937, 0.760248, 0.244324, 0.009629, -0.793326, 0.604244, 0.074319, -0.003054, -0.091131, -0.238564, 0.966841, 0.215923, 0.000000, 0.000000, 0.000000, 1.000000, -0.091131, -0.238564, 0.966841, 0.237923, -0.601937, -0.760248, -0.244324, -0.009629, 0.793326, -0.604244, -0.074319, 0.203127, 0.000000, 0.000000, 0.000000, 1.000000, -0.013956, -0.057462, -0.998250, 0.142960, -0.999298, 0.035515, 0.011926, 0.035314, 0.034767, 0.997716, -0.057918, 0.045996, 0.000000, 0.000000, 0.000000, 1.000000
1.5704, 9.3603, -2.6960, 215.9099, 237.9099, -9.3603, 202.7695, 143.1473, 35.2315, 45.9979, 0.600730, 0.759507, 0.249545, 0.009360, -0.793413, 0.604697, 0.069547, -0.002696, -0.098078, -0.239771, 0.965863, 0.215910, 0.000000, 0.000000, 0.000000, 1.000000, -0.098078, -0.239771, 0.965863, 0.237910, -0.600730, -0.759507, -0.249545, -0.009360, 0.793413, -0.604697, -0.069547, 0.202769, 0.000000, 0.000000, 0.000000, 1.000000, -0.010664, -0.056007, -0.998373, 0.143147, -0.999300, 0.036400, 0.008632, 0.035232, 0.035857, 0.997767, -0.056356, 0.045998, 0.000000, 0.000000, 0.000000, 1.000000
1.9002, 9.1087, -2.3872, 215.6451, 237.6451, -9.1087, 202.4606, 143.6471, 34.7749, 46.0605, 0.599806, 0.757480, 0.257792, 0.009109, -0.793758, 0.603918, 0.072324, -0.002387, -0.100901, -0.248005, 0.963490, 0.215645, 0.000000, 0.000000, 0.000000, 1.000000, -0.100901, -0.248005, 0.963490, 0.237645, -0.599806, -0.757480, -0.257792, -0.009109, 0.793758, -0.603918, -0.072324, 0.202461, 0.000000, 0.000000, 0.000000, 1.000000, -0.013427, -0.047299, -0.998791, 0.143647, -0.999269, 0.036388, 0.011710, 0.034775, 0.035790, 0.998218, -0.047753, 0.046060, 0.000000, 0.000000, 0.000000, 1.000000
2.2115, 8.8002, -1.9591, 215.7628, 237.7628, -8.8002, 202.0326, 143.7795, 34.5311, 46.0338, 0.598109, 0.758200, 0.259611, 0.008800, -0.794412, 0.603643, 0.067264, -0.001959, -0.105713, -0.246469, 0.963368, 0.215763, 0.000000, 0.000000, 0.000000, 1.000000, -0.105713, -0.246469, 0.963368, 0.237763, -0.598109, -0.758200, -0.259611, -0.008800, 0.794412, -0.603643, -0.067264, 0.202033, 0.000000, 0.000000, 0.000000, 1.000000, -0.013719, -0.048753, -0.998717, 0.143780, -0.999274, 0.036176, 0.011960, 0.034531, 0.035547, 0.998155, -0.049214, 0.046034, 0.000000, 0.000000, 0.000000, 1.000000
2.5042, 8.4505, -1.4169, 215.9641, 237.9641, -8.4505, 201.4904, 143.8265, 34.4598, 46.0161, 0.596278, 0.760142, 0.258141, 0.008451, -0.794993, 0.603808, 0.058327, -0.001417, -0.111531, -0.239999, 0.964345, 0.215964, 0.000000, 0.000000, 0.000000, 1.000000, -0.111531, -0.239999, 0.964345, 0.237964, -0.596278, -0.760142, -0.258141, -0.008451, 0.794993, -0.603808, -0.058327, 0.201490, 0.000000, 0.000000, 0.000000, 1.000000, -0.012697, -0.055313, -0.998388, 0.143826, -0.999288, 0.036191, 0.010704, 0.034460, 0.035541, 0.997813, -0.055733, 0.046016, 0.000000, 0.000000, 0.000000, 1.000000
2.8312, 8.1642, -1.0621, 215.9756, 237.9756, -8.1642, 201.1356, 144.0715, 34.0915, 45.9962, 0.595373, 0.759683, 0.261558, 0.008164, -0.795177, 0.603740, 0.056494, -0.001062, -0.114996, -0.241620, 0.963533, 0.215976, 0.000000, 0.000000, 0.000000, 1.000000, -0.114996, -0.241620, 0.963533, 0.237976, -0.595373, -0.759683, -0.261558, -0.008164, 0.795177, -0.603740, -0.056494, 0.201136, 0.000000, 0.000000, 0.000000, 1.000000, -0.014822, -0.053422, -0.998462, 0.144071, -0.999250, 0.036515, 0.012880, 0.034091, 0.035771, 0.997904, -0.053923, 0.045996, 0.000000, 0.000000, 0.000000, 1.000000
3.1441, 7.8423, -0.6309, 215.9822, 237.9822, -7.8423, 200.7043, 144.3190, 33.8388, 45.9941, 0.593532, 0.759694, 0.265679, 0.007842, -0.795691, 0.603466, 0.052009, -0.000631, -0.120817, -0.242267, 0.962658, 0.215982, 0.000000, 0.000000, 0.000000, 1.000000, -0.120817, -0.242267, 0.962658, 0.237982, -0.593532, -0.759694, -0.265679, -0.007842, 0.795691, -0.603466, -0.052009, 0.200704, 0.000000, 0.000000, 0.000000, 1.000000, -0.014152, -0.052592, -0.998516, 0.144319, -0.999259, 0.036495, 0.012240, 0.033839, 0.035797, 0.997949, -0.053070, 0.045994, 0.000000, 0.000000, 0.000000, 1.000000
3.4394, 7.4976, -0.1234, 216.0530, 238.0530, -7.4976, 200.1968, 144.4990, 33.7121, 45.9992, 0.591989, 0.759977, 0.268299, 0.007498, -0.795438, 0.604527, 0.042729, -0.000123, -0.129721, -0.238711, 0.962387, 0.216053, 0.000000, 0.000000, 0.000000, 1.000000, -0.129721, -0.238711, 0.962387, 0.238053, -0.591989, -0.759977, -0.268299, -0.007498, 0.795438, -0.604527, -0.042729, 0.200197, 0.000000, 0.000000, 0.000000, 1.000000, -0.010407, -0.055930, -0.998380, 0.144499, -0.999246, 0.037930, 0.008291, 0.033712, 0.037405, 0.997714, -0.056283, 0.045999, 0.000000, 0.000000, 0.000000, 1.000000
3.7072, 7.2692, 0.2056, 216.0562, 238.0562, -7.2692, 199.8678, 144.7037, 33.4337, 46.0114, 0.590881, 0.760345, 0.269694, 0.007269, -0.795751, 0.604323, 0.039675, 0.000206, -0.132816, -0.238053, 0.962128, 0.216056, 0.000000, 0.000000, 0.000000, 1.000000, -0.132816, -0.238053, 0.962128, 0.238056, -0.590881, -0.760345, -0.269694, -0.007269, 0.795751, -0.604323, -0.039675, 0.199868, 0.000000, 0.000000, 0.000000, 1.000000, -0.011778, -0.056479, -0.998334, 0.144704, -0.999235, 0.037904, 0.009644, 0.033434, 0.037296, 0.997684, -0.056882, 0.046011, 0.000000, 0.000000, 0.000000, 1.000000
4.0373, 6.9411, 0.6405, 216.1272, 238.1272, -6.9411, 199.4329, 144.9067, 33.1486, 45.9875, 0.588865, 0.760479, 0.273697, 0.006941, -0.796611, 0.603325, 0.037562, 0.000641, -0.136563, -0.240149, 0.961082, 0.216127, 0.000000, 0.000000, 0.000000, 1.000000, -0.136563, -0.240149, 0.961082, 0.238127, -0.588865, -0.760479, -0.273697, -0.006941, 0.796611, -0.603325, -0.037562, 0.199433, 0.000000, 0.000000, 0.000000, 1.000000, -0.013292, -0.054263, -0.998438, 0.144907, -0.999250, 0.037045, 0.011289, 0.033149, 0.036375, 0.997839, -0.054715, 0.045987, 0.000000, 0.000000, 0.000000, 1.000000
4.3053, 6.6432, 1.0247, 216.0593, 238.0593, -6.6432, 199.0487, 145.1996, 32.9408, 45.9991, 0.587692, 0.759105, 0.279960, 0.006643, -0.797092, 0.602571, 0.039398, 0.001025, -0.138788, -0.246308, 0.959203, 0.216059, 0.000000, 0.000000, 0.000000, 1.000000, -0.138788, -0.246308, 0.959203, 0.238059, -0.587692, -0.759105, -0.279960, -0.006643, 0.797092, -0.602571, -0.039398, 0.199049, 0.000000, 0.000000, 0.000000, 1.000000, -0.015458, -0.047786, -0.998738, 0.145200, -0.999237, 0.036563, 0.013716, 0.032941, 0.035861, 0.998188, -0.048315, 0.045999, 0.000000, 0.000000, 0.000000, 1.000000
4.5760, 6.3248, 1.4732, 216.1749, 238.1749, -6.3248, 198.6002, 145.3256, 32.8155, 45.9773, 0.586338, 0.760026, 0.280302, 0.006325, -0.797170, 0.602858, 0.032904, 0.001473, -0.143974, -0.242741, 0.959348, 0.216175, 0.000000, 0.000000, 0.000000, 1.000000, -0.143974, -0.242741, 0.959348, 0.238175, -0.586338, -0.760026, -0.280302, -0.006325, 0.797170, -0.602858, -0.032904, 0.198600, 0.000000, 0.000000, 0.000000, 1.000000, -0.014839, -0.051294, -0.998573, 0.145326, -0.999230, 0.037038, 0.012946, 0.032815, 0.036321, 0.997997, -0.051805, 0.045977, 0.000000, 0.000000, 0.000000, 1.000000
4.8724, 6.1219, 1.7487, 216.1941, 238.1941, -6.1219, 198.3248, 145.5292, 32.4041, 45.9736, 0.586610, 0.758333, 0.284289, 0.006122, -0.797152, 0.602619, 0.037395, 0.001749, -0.142960, -0.248558, 0.958009, 0.216194, 0.000000, 0.000000, 0.000000, 1.000000, -0.142960, -0.248558, 0.958009, 0.238194, -0.586610, -0.758333, -0.284289, -0.006122, 0.797152, -0.602619, -0.037395, 0.198325, 0.000000, 0.000000, 0.000000, 1.000000, -0.021055, -0.045048, -0.998763, 0.145529, -0.999121, 0.037155, 0.019386, 0.032404, 0.036236, 0.998294, -0.045790, 0.045974, 0.000000, 0.000000, 0.000000, 1.000000
5.1491, 5.8196, 2.2184, 216.2450, 238.2450, -5.8196, 197.8551, 145.7162, 32.2608, 45.9954, 0.583999, 0.759693, 0.286026, 0.005820, -0.797343, 0.602941, 0.026563, 0.002218, -0.152277, -0.243574, 0.957854, 0.216245, 0.000000, 0.000000, 0.000000, 1.000000, -0.152277, -0.243574, 0.957854, 0.238245, -0.583999, -0.759693, -0.286026, -0.005820, 0.797343, -0.602941, -0.026563, 0.197855, 0.000000, 0.000000, 0.000000, 1.000000, -0.016225, -0.050029, -0.998616, 0.145716, -0.999187, 0.037666, 0.014348, 0.032261, 0.036896, 0.998037, -0.050600, 0.045995, 0.000000, 0.000000, 0.000000, 1.000000
5.4558, 5.5131, 2.6258, 216.2269, 238.2269, -5.5131, 197.4477, 145.9908, 31.9798, 45.9989, 0.582100, 0.759017, 0.291638, 0.005513, -0.797623, 0.602700, 0.023443, 0.002626, -0.157977, -0.246263, 0.956241, 0.216227, 0.000000, 0.000000, 0.000000, 1.000000, -0.157977, -0.246263, 0.956241, 0.238227, -0.582100, -0.759017, -0.291638, -0.005513, 0.797623, -0.602700, -0.023443, 0.197448, 0.000000, 0.000000, 0.000000, 1.000000, -0.015561, -0.047060, -0.998771, 0.145991, -0.999195, 0.037670, 0.013793, 0.031980, 0.036975, 0.998182, -0.047608, 0.045999, 0.000000, 0.000000, 0.000000, 1.000000
5.7746, 5.2331, 3.0458, 216.4019, 238.4019, -5.2331, 197.0276, 146.0823, 31.6940, 45.9725, 0.580741, 0.759822, 0.292250, 0.005233, -0.797850, 0.602561, 0.018837, 0.003046, -0.161786, -0.244111, 0.956156, 0.216402, 0.000000, 0.000000, 0.000000, 1.000000, -0.161786, -0.244111, 0.956156, 0.238402, -0.580741, -0.759822, -0.292250, -0.005233, 0.797850, -0.602561, -0.018837, 0.197028, 0.000000, 0.000000, 0.000000, 1.000000, -0.017071, -0.049141, -0.998646, 0.146082, -0.999172, 0.037735, 0.015223, 0.031694, 0.036936, 0.998079, -0.049744, 0.045972, 0.000000, 0.000000, 0.000000, 1.000000
6.0677, 4.8985, 3.4701, 216.2790, 238.2790, -4.8985, 196.6034, 146.4594, 31.4558, 45.9953, 0.578560, 0.758832, 0.299070, 0.004899, -0.797935, 0.602563, 0.014742, 0.003470, -0.169022, -0.247168, 0.954117, 0.216279, 0.000000, 0.000000, 0.000000, 1.000000, -0.169022, -0.247168, 0.954117, 0.238279, -0.578560, -0.758832, -0.299070, -0.004899, 0.797935, -0.602563, -0.014742, 0.196603, 0.000000, 0.000000, 0.000000, 1.000000, -0.014638, -0.045737, -0.998846, 0.146459, -0.999194, 0.038001, 0.012903, 0.031456, 0.037367, 0.998230, -0.046257, 0.045995, 0.000000, 0.000000, 0.000000, 1.000000
6.4536, 4.5910, 3.9699, 216.6656, 238.6656, -4.5910, 196.1036, 146.3990, 31.1149, 45.9305, 0.576423, 0.761445, 0.296545, 0.004591, -0.798539, 0.601906, 0.006670, 0.003970, -0.173413, -0.240647, 0.954996, 0.216666, 0.000000, 0.000000, 0.000000, 1.000000, -0.173413, -0.240647, 0.954996, 0.238666, -0.576423, -0.761445, -0.296545, -0.004591, 0.798539, -0.601906, -0.006670, 0.196104, 0.000000, 0.000000, 0.000000, 1.000000, -0.016494, -0.052484, -0.998486, 0.146399, -0.999191, 0.037509, 0.014534, 0.031115, 0.036689, 0.997917, -0.053060, 0.045931, 0.000000, 0.000000, 0.000000, 1.000000
6.7869, 4.1850, 4.4360, 216.3051, 238.3051, -4.1850, 195.6374, 147.0474, 30.7990, 45.9931, 0.574399, 0.758855, 0.306929, 0.004185, -0.798723, 0.601656, 0.007220, 0.004436, -0.179187, -0.249299, 0.951705, 0.216305, 0.000000, 0.000000, 0.000000, 1.000000, -0.179187, -0.249299, 0.951705, 0.238305, -0.574399, -0.758855, -0.306929, -0.004185, 0.798723, -0.601656, -0.007220, 0.195637, 0.000000, 0.000000, 0.000000, 1.000000, -0.016187, -0.043250, -0.998933, 0.147047, -0.999193, 0.037419, 0.014571, 0.030799, 0.036749, 0.998363, -0.043821, 0.045993, 0.000000, 0.000000, 0.000000, 1.000000
7.1240, 3.9310, 4.8739, 216.5779, 238.5779, -3.9310, 195.1995, 147.0535, 30.4827, 45.9679, 0.573401, 0.759258, 0.307797, 0.003931, -0.798699, 0.601719, 0.003621, 0.004874, -0.182458, -0.247913, 0.951445, 0.216578, 0.000000, 0.000000, 0.000000, 1.000000, -0.182458, -0.247913, 0.951445, 0.238578, -0.573401, -0.759258, -0.307797, -0.003931, 0.798699, -0.601719, -0.003621, 0.195200, 0.000000, 0.000000, 0.000000, 1.000000, -0.018653, -0.044469, -0.998837, 0.147054, -0.999142, 0.037765, 0.016978, 0.030483, 0.036966, 0.998297, -0.045135, 0.045968, 0.000000, 0.000000, 0.000000, 1.000000
7.4421, 3.5622, 5.4232, 216.8701, 238.8701, -3.5622, 194.6503, 147.0723, 30.3715, 45.9126, 0.570932, 0.761254, 0.307456, 0.003562, -0.798849, 0.601503, -0.005883, 0.005423, -0.189414, -0.242252, 0.951544, 0.216870, 0.000000, 0.000000, 0.000000, 1.000000, -0.189414, -0.242252, 0.951544, 0.238870, -0.570932, -0.761254, -0.307456, -0.003562, 0.798849, -0.601503, 0.005883, 0.194650, 0.000000, 0.000000, 0.000000, 1.000000, -0.016820, -0.050257, -0.998595, 0.147072, -0.999172, 0.037860, 0.014925, 0.030372, 0.037056, 0.998018, -0.050852, 0.045913, 0.000000, 0.000000, 0.000000, 1.000000
7.7234, 3.2360, 5.8485, 216.7967, 238.7967, -3.2360, 194.2250, 147.4018, 30.1585, 45.9276, 0.568980, 0.760398, 0.313141, 0.003236, -0.799100, 0.601148, -0.007792, 0.005848, -0.194169, -0.245797, 0.949675, 0.216797, 0.000000, 0.000000, 0.000000, 1.000000, -0.194169, -0.245797, 0.949675, 0.238797, -0.568980, -0.760398, -0.313141, -0.003236, 0.799100, -0.601148, 0.007792, 0.194225, 0.000000, 0.000000, 0.000000, 1.000000, -0.016585, -0.046451, -0.998783, 0.147402, -0.999184, 0.037566, 0.014845, 0.030159, 0.036831, 0.998214, -0.047036, 0.045928, 0.000000, 0.000000, 0.000000, 1.000000
8.0051, 2.9410, 6.2902, 216.8613, 238.8613, -2.9410, 193.7832, 147.5930, 29.9667, 45.9350, 0.567500, 0.760811, 0.314818, 0.002941, -0.798460, 0.601856, -0.015161, 0.006290, -0.201010, -0.242766, 0.949031, 0.216861, 0.000000, 0.000000, 0.000000, 1.000000, -0.201010, -0.242766, 0.949031, 0.238861, -0.567500, -0.760811, -0.314818, -0.002941, 0.798460, -0.601856, 0.015161, 0.193783, 0.000000, 0.000000, 0.000000, 1.000000, -0.014584, -0.049244, -0.998680, 0.147593, -0.999168, 0.038770, 0.012680, 0.029967, 0.038095, 0.998034, -0.049769, 0.045935, 0.000000, 0.000000, 0.000000, 1.000000
8.2822, 2.7010, 6.6536, 217.0024, 239.0024, -2.7010, 193.4199, 147.6922, 29.7081, 45.9169, 0.566097, 0.760603, 0.317832, 0.002701, -0.798907, 0.601245, -0.015889, 0.006654, -0.203180, -0.244923, 0.948014, 0.217002, 0.000000, 0.000000, 0.000000, 1.000000, -0.203180, -0.244923, 0.948014, 0.239002, -0.566097, -0.760603, -0.317832, -0.002701, 0.798907, -0.601245, 0.015889, 0.193420, 0.000000, 0.000000, 0.000000, 1.000000, -0.016886, -0.046971, -0.998754, 0.147692, -0.999157, 0.038166, 0.015097, 0.029708, 0.037410, 0.998167, -0.047576, 0.045917, 0.000000, 0.000000, 0.000000, 1.000000
8.6005, 2.4385, 7.0096, 216.9029, 238.9029, -2.4385, 193.0638, 148.0456, 29.2972, 45.9489, 0.563446, 0.760401, 0.322985, 0.002438, -0.798972, 0.600997, -0.021120, 0.007010, -0.210173, -0.246156, 0.946168, 0.216903, 0.000000, 0.000000, 0.000000, 1.000000, -0.210173, -0.246156, 0.946168, 0.238903, -0.563446, -0.760401, -0.322985, -0.002438, 0.798972, -0.600997, 0.021120, 0.193064, 0.000000, 0.000000, 0.000000, 1.000000, -0.014960, -0.045539, -0.998851, 0.148046, -0.999188, 0.038066, 0.013229, 0.029297, 0.037420, 0.998237, -0.046071, 0.045949, 0.000000, 0.000000, 0.000000, 1.000000
8.8877, 2.1614, 7.4625, 217.2498, 239.2498, -2.1614, 192.6110, 147.9746, 29.1484, 45.8925, 0.563401, 0.760462, 0.322919, 0.002161, -0.798966, 0.600997, -0.021359, 0.007462, -0.210316, -0.245967, 0.946186, 0.217250, 0.000000, 0.000000, 0.000000, 1.000000, -0.210316, -0.245967, 0.946186, 0.239250, -0.563401, -0.760462, -0.322919, -0.002161, 0.798966, -0.600997, 0.021359, 0.192611, 0.000000, 0.000000, 0.000000, 1.000000, -0.019818, -0.045545, -0.998766, 0.147975, -0.999103, 0.038300, 0.018078, 0.029148, 0.037430, 0.998228, -0.046263, 0.045892, 0.000000, 0.000000, 0.000000, 1.000000
9.1419, 1.9281, 7.8430, 217.4087, 239.4087, -1.9281, 192.2304, 148.0465, 28.9622, 45.8840, 0.562507, 0.760432, 0.324545, 0.001928, -0.799068, 0.600809, -0.022779, 0.007843, -0.212311, -0.246520, 0.945596, 0.217409, 0.000000, 0.000000, 0.000000, 1.000000, -0.212311, -0.246520, 0.945596, 0.239409, -0.562507, -0.760432, -0.324545, -0.001928, 0.799068, -0.600809, 0.022779, 0.192230, 0.000000, 0.000000, 0.000000, 1.000000, -0.022068, -0.044853, -0.998750, 0.148047, -0.999061, 0.038239, 0.020358, 0.028962, 0.037279, 0.998261, -0.045655, 0.045884, 0.000000, 0.000000, 0.000000, 1.000000
9.4478, 1.6524, 8.2158, 217.4658, 239.4658, -1.6524, 191.8577, 148.2556, 28.6350, 45.8689, 0.560610, 0.759995, 0.328822, 0.001652, -0.798986, 0.600772, -0.026348, 0.008216, -0.217572, -0.247953, 0.944024, 0.217466, 0.000000, 0.000000, 0.000000, 1.000000, -0.217572, -0.247953, 0.944024, 0.239466, -0.560610, -0.759995, -0.328822, -0.001652, 0.798986, -0.600772, 0.026348, 0.191858, 0.000000, 0.000000, 0.000000, 1.000000, -0.021812, -0.043156, -0.998830, 0.148256, -0.999061, 0.038351, 0.020160, 0.028635, 0.037436, 0.998332, -0.043952, 0.045869, 0.000000, 0.000000, 0.000000, 1.000000
9.7578, 1.3353, 8.6581, 217.5179, 239.5179, -1.3353, 191.4154, 148.4893, 28.3732, 45.8634, 0.558441, 0.761008, 0.330168, 0.001335, -0.798899, 0.600560, -0.032993, 0.008658, -0.223394, -0.245346, 0.943345, 0.217518, 0.000000, 0.000000, 0.000000, 1.000000, -0.223394, -0.245346, 0.943345, 0.239518, -0.558441, -0.761008, -0.330168, -0.001335, 0.798899, -0.600560, 0.032993, 0.191415, 0.000000, 0.000000, 0.000000, 1.000000, -0.021007, -0.045749, -0.998732, 0.148489, -0.999074, 0.038483, 0.019251, 0.028373, 0.037554, 0.998211, -0.046515, 0.045863, 0.000000, 0.000000, 0.000000, 1.000000
