# Joint_B_Angle(deg), Cam_X(mm), Cam_Y(mm), Cam_Z(mm), Torso_X(mm), Torso_Y(mm), Torso_Z(mm), EE_X(mm), EE_Y(mm), EE_Z(mm), T_cam2marker_flat(16), T_torso2marker_flat(16), T_ee2marker_flat(16)
-19.6584, 32.1343, 15.5881, 152.8328, 221.8328, -23.1343, 241.4854, 102.4767, -1.4883, -8.0815, 0.609796, 0.789665, -0.067661, 0.032134, -0.791070, 0.601197, -0.113008, 0.015588, -0.048561, 0.122437, 0.991288, 0.152833, 0.000000, 0.000000, 0.000000, 1.000000, -0.048561, 0.122437, 0.991288, 0.221833, -0.609796, -0.789665, 0.067661, -0.023134, 0.791070, -0.601197, 0.113008, 0.241485, 0.000000, 0.000000, 0.000000, 1.000000, -0.019522, -0.037093, -0.999121, 0.102477, -0.999014, 0.040566, 0.018014, -0.001488, 0.039863, 0.998488, -0.037849, -0.008081, 0.000000, 0.000000, 0.000000, 1.000000
-19.3985, 32.0486, 15.4968, 153.0509, 222.0509, -23.0486, 241.5766, 102.8509, -1.4974, -7.7206, 0.609464, 0.790131, -0.065163, 0.032049, -0.791459, 0.601562, -0.108237, 0.015497, -0.046321, 0.117540, 0.991987, 0.153051, 0.000000, 0.000000, 0.000000, 1.000000, -0.046321, 0.117540, 0.991987, 0.222051, -0.609464, -0.790131, 0.065163, -0.023049, 0.791459, -0.601562, 0.108237, 0.241577, 0.000000, 0.000000, 0.000000, 1.000000, -0.021977, -0.036704, -0.999084, 0.102851, -0.998980, 0.040244, 0.020496, -0.001497, 0.039455, 0.998516, -0.037551, -0.007721, 0.000000, 0.000000, 0.000000, 1.000000
-19.1283, 31.7130, 15.1950, 153.3455, 222.3455, -22.7130, 241.8784, 103.1460, -1.5276, -7.6592, 0.610071, 0.789668, -0.065103, 0.031713, -0.790944, 0.602043, -0.109326, 0.015195, -0.047137, 0.118190, 0.991872, 0.153345, 0.000000, 0.000000, 0.000000, 1.000000, -0.047137, 0.118190, 0.991872, 0.222345, -0.610071, -0.789668, 0.065103, -0.022713, 0.790944, -0.602043, 0.109326, 0.241878, 0.000000, 0.000000, 0.000000, 1.000000, -0.021289, -0.042019, -0.998890, 0.103146, -0.998970, 0.040949, 0.019568, -0.001528, 0.040082, 0.998277, -0.042848, -0.007659, 0.000000, 0.000000, 0.000000, 1.000000
-18.8875, 31.2923, 14.8737, 153.9535, 222.9535, -22.2923, 242.1998, 103.0594, -1.5020, -7.7102, 0.609526, 0.790508, -0.059796, 0.031292, -0.791386, 0.602284, -0.104701, 0.014874, -0.046753, 0.111140, 0.992704, 0.153954, 0.000000, 0.000000, 0.000000, 1.000000, -0.046753, 0.111140, 0.992704, 0.222954, -0.609526, -0.790508, 0.059796, -0.022292, 0.791386, -0.602284, 0.104701, 0.242200, 0.000000, 0.000000, 0.000000, 1.000000, -0.021892, -0.039162, -0.998993, 0.103059, -0.998987, 0.040156, 0.020317, -0.001502, 0.039320, 0.998426, -0.040001, -0.007710, 0.000000, 0.000000, 0.000000, 1.000000
-18.6651, 30.8947, 14.5363, 154.6417, 223.6417, -21.8947, 242.5371, 102.8516, -1.4971, -7.7822, 0.609653, 0.790819, -0.054112, 0.030895, -0.791187, 0.602922, -0.102510, 0.014536, -0.048442, 0.105308, 0.993259, 0.154642, 0.000000, 0.000000, 0.000000, 1.000000, -0.048442, 0.105308, 0.993259, 0.223642, -0.609653, -0.790819, 0.054112, -0.021895, 0.791187, -0.602922, 0.102510, 0.242537, 0.000000, 0.000000, 0.000000, 1.000000, -0.020342, -0.037168, -0.999102, 0.102852, -0.999019, 0.040079, 0.018850, -0.001497, 0.039343, 0.998505, -0.037947, -0.007782, 0.000000, 0.000000, 0.000000, 1.000000
-18.4414, 30.5331, 14.2214, 155.0696, 224.0696, -21.5331, 242.8520, 102.9105, -1.5134, -7.8292, 0.609625, 0.790792, -0.054823, 0.030533, -0.791327, 0.603064, -0.100578, 0.014221, -0.046475, 0.104698, 0.993418, 0.155070, 0.000000, 0.000000, 0.000000, 1.000000, -0.046475, 0.104698, 0.993418, 0.224070, -0.609625, -0.790792, 0.054823, -0.021533, 0.791327, -0.603064, 0.100578, 0.242852, 0.000000, 0.000000, 0.000000, 1.000000, -0.022468, -0.040447, -0.998929, 0.102910, -0.998976, 0.040166, 0.020843, -0.001513, 0.039280, 0.998374, -0.041308, -0.007829, 0.000000, 0.000000, 0.000000, 1.000000
-18.2113, 30.2682, 13.9940, 155.4457, 224.4457, -21.2682, 243.0794, 103.0462, -1.5182, -7.7402, 0.609788, 0.790948, -0.050591, 0.030268, -0.791245, 0.603848, -0.096437, 0.013994, -0.045728, 0.098836, 0.994053, 0.155446, 0.000000, 0.000000, 0.000000, 1.000000, -0.045728, 0.098836, 0.994053, 0.224446, -0.609788, -0.790948, 0.050591, -0.021268, 0.791245, -0.603848, 0.096437, 0.243079, 0.000000, 0.000000, 0.000000, 1.000000, -0.023361, -0.038545, -0.998984, 0.103046, -0.998950, 0.040295, 0.021806, -0.001518, 0.039413, 0.998444, -0.039446, -0.007740, 0.000000, 0.000000, 0.000000, 1.000000
-17.9630, 29.8814, 13.6274, 155.9404, 224.9404, -20.8814, 243.4461, 103.0942, -1.5572, -7.7927, 0.609542, 0.791251, -0.048776, 0.029881, -0.791567, 0.604111, -0.092042, 0.013627, -0.043362, 0.094714, 0.994560, 0.155940, 0.000000, 0.000000, 0.000000, 1.000000, -0.043362, 0.094714, 0.994560, 0.224940, -0.609542, -0.791251, 0.048776, -0.020881, 0.791567, -0.604111, 0.092042, 0.243446, 0.000000, 0.000000, 0.000000, 1.000000, -0.025917, -0.038742, -0.998913, 0.103094, -0.998901, 0.040040, 0.024364, -0.001557, 0.039052, 0.998447, -0.039737, -0.007793, 0.000000, 0.000000, 0.000000, 1.000000
-17.7415, 29.6099, 13.4706, 156.5375, 225.5375, -20.6099, 243.6029, 102.9985, -1.4850, -7.6755, 0.609330, 0.791897, -0.040201, 0.029610, -0.791454, 0.604344, -0.091483, 0.013471, -0.048150, 0.087561, 0.994995, 0.156538, 0.000000, 0.000000, 0.000000, 1.000000, -0.048150, 0.087561, 0.994995, 0.225538, -0.609330, -0.791897, 0.040201, -0.020610, 0.791454, -0.604344, 0.091483, 0.243603, 0.000000, 0.000000, 0.000000, 1.000000, -0.021289, -0.035456, -0.999144, 0.102998, -0.999028, 0.039345, 0.019890, -0.001485, 0.038606, 0.998596, -0.036259, -0.007675, 0.000000, 0.000000, 0.000000, 1.000000
-17.5201, 29.2559, 13.1255, 156.9898, 225.9898, -20.2559, 243.9479, 103.0319, -1.5284, -7.7436, 0.609662, 0.791629, -0.040438, 0.029256, -0.791329, 0.604888, -0.088932, 0.013126, -0.045941, 0.086218, 0.995216, 0.156990, 0.000000, 0.000000, 0.000000, 1.000000, -0.045941, 0.086218, 0.995216, 0.225990, -0.609662, -0.791629, 0.040438, -0.020256, 0.791329, -0.604888, 0.088932, 0.243948, 0.000000, 0.000000, 0.000000, 1.000000, -0.023630, -0.037929, -0.999001, 0.103032, -0.998961, 0.039847, 0.022116, -0.001528, 0.038968, 0.998486, -0.038831, -0.007744, 0.000000, 0.000000, 0.000000, 1.000000
-17.2966, 28.9883, 12.8878, 157.4225, 226.4225, -19.9883, 244.1856, 103.1001, -1.5359, -7.6780, 0.609674, 0.791862, -0.035386, 0.028988, -0.791338, 0.605486, -0.084675, 0.012888, -0.045625, 0.079626, 0.995780, 0.157423, 0.000000, 0.000000, 0.000000, 1.000000, -0.045625, 0.079626, 0.995780, 0.226423, -0.609674, -0.791862, 0.035386, -0.019988, 0.791338, -0.605486, 0.084675, 0.244186, 0.000000, 0.000000, 0.000000, 1.000000, -0.024098, -0.035207, -0.999089, 0.103100, -0.998953, 0.039727, 0.022695, -0.001536, 0.038892, 0.998590, -0.036127, -0.007678, 0.000000, 0.000000, 0.000000, 1.000000
-17.0734, 28.6112, 12.5908, 157.8931, 226.8931, -19.6112, 244.4826, 103.1273, -1.5257, -7.7364, 0.609806, 0.791758, -0.035432, 0.028611, -0.791223, 0.605589, -0.085024, 0.012591, -0.045861, 0.079882, 0.995749, 0.157893, 0.000000, 0.000000, 0.000000, 1.000000, -0.045861, 0.079882, 0.995749, 0.226893, -0.609806, -0.791758, 0.035432, -0.019611, 0.791223, -0.605589, 0.085024, 0.244483, 0.000000, 0.000000, 0.000000, 1.000000, -0.024006, -0.039343, -0.998937, 0.103127, -0.998952, 0.039889, 0.022436, -0.001526, 0.038964, 0.998429, -0.040260, -0.007736, 0.000000, 0.000000, 0.000000, 1.000000
-16.8441, 28.3179, 12.3614, 158.4310, 227.4310, -19.3179, 244.7120, 103.1076, -1.5041, -7.6762, 0.609638, 0.792196, -0.027690, 0.028318, -0.791270, 0.606100, -0.080837, 0.012361, -0.047256, 0.071192, 0.996343, 0.158431, 0.000000, 0.000000, 0.000000, 1.000000, -0.047256, 0.071192, 0.996343, 0.227431, -0.609638, -0.792196, 0.027690, -0.019318, 0.791270, -0.606100, 0.080837, 0.244712, 0.000000, 0.000000, 0.000000, 1.000000, -0.022773, -0.034640, -0.999140, 0.103108, -0.998993, 0.039432, 0.021403, -0.001504, 0.038657, 0.998622, -0.035503, -0.007676, 0.000000, 0.000000, 0.000000, 1.000000
-16.6160, 27.9697, 12.0157, 158.8848, 227.8847, -18.9697, 245.0577, 103.1624, -1.5513, -7.7349, 0.609918, 0.791915, -0.029488, 0.027970, -0.791222, 0.606458, -0.078586, 0.012016, -0.044350, 0.071263, 0.996471, 0.158885, 0.000000, 0.000000, 0.000000, 1.000000, -0.044350, 0.071263, 0.996471, 0.227885, -0.609918, -0.791915, 0.029488, -0.018970, 0.791222, -0.606458, 0.078586, 0.245058, 0.000000, 0.000000, 0.000000, 1.000000, -0.025825, -0.038655, -0.998919, 0.103162, -0.998909, 0.039890, 0.024281, -0.001551, 0.038908, 0.998456, -0.039643, -0.007735, 0.000000, 0.000000, 0.000000, 1.000000
-16.3901, 27.6032, 11.7377, 159.5145, 228.5145, -18.6032, 245.3357, 103.0439, -1.5203, -7.7704, 0.609486, 0.792442, -0.023721, 0.027603, -0.791414, 0.606383, -0.077229, 0.011738, -0.046815, 0.065843, 0.996731, 0.159515, 0.000000, 0.000000, 0.000000, 1.000000, -0.046815, 0.065843, 0.996731, 0.228515, -0.609486, -0.792442, 0.023721, -0.018603, 0.791414, -0.606383, 0.077229, 0.245336, 0.000000, 0.000000, 0.000000, 1.000000, -0.023526, -0.037203, -0.999031, 0.103044, -0.998990, 0.039138, 0.022067, -0.001520, 0.038279, 0.998541, -0.038086, -0.007770, 0.000000, 0.000000, 0.000000, 1.000000
-16.1224, 27.3380, 11.4951, 159.8853, 228.8853, -18.3380, 245.5784, 103.2827, -1.5377, -7.6361, 0.609641, 0.792405, -0.020796, 0.027338, -0.791385, 0.606938, -0.073050, 0.011495, -0.045263, 0.060992, 0.997111, 0.159885, 0.000000, 0.000000, 0.000000, 1.000000, -0.045263, 0.060992, 0.997111, 0.228885, -0.609641, -0.792405, 0.020796, -0.018338, 0.791385, -0.606938, 0.073050, 0.245578, 0.000000, 0.000000, 0.000000, 1.000000, -0.025255, -0.036991, -0.998996, 0.103283, -0.998945, 0.039264, 0.023799, -0.001538, 0.038345, 0.998544, -0.037944, -0.007636, 0.000000, 0.000000, 0.000000, 1.000000
-15.8799, 26.9953, 11.1399, 160.3780, 229.3780, -17.9953, 245.9336, 103.3370, -1.5930, -7.6745, 0.610378, 0.791822, -0.021348, 0.026995, -0.791104, 0.608024, -0.066797, 0.011140, -0.039911, 0.057659, 0.997538, 0.160378, 0.000000, 0.000000, 0.000000, 1.000000, -0.039911, 0.057659, 0.997538, 0.229378, -0.610378, -0.791822, 0.021348, -0.017995, 0.791104, -0.608024, 0.066797, 0.245934, 0.000000, 0.000000, 0.000000, 1.000000, -0.030755, -0.037803, -0.998812, 0.103337, -0.998762, 0.040245, 0.029231, -0.001593, 0.039093, 0.998474, -0.038994, -0.007674, 0.000000, 0.000000, 0.000000, 1.000000
-15.6607, 26.5936, 10.8492, 161.0451, 230.0451, -17.5936, 246.2242, 103.1716, -1.5493, -7.7650, 0.610104, 0.792211, -0.013204, 0.026594, -0.791131, 0.608191, -0.064923, 0.010849, -0.043402, 0.050056, 0.997803, 0.161045, 0.000000, 0.000000, 0.000000, 1.000000, -0.043402, 0.050056, 0.997803, 0.230045, -0.610104, -0.792211, 0.013204, -0.017594, 0.791131, -0.608191, 0.064923, 0.246224, 0.000000, 0.000000, 0.000000, 1.000000, -0.027416, -0.034040, -0.999044, 0.103172, -0.998875, 0.039614, 0.026062, -0.001549, 0.038689, 0.998635, -0.035088, -0.007765, 0.000000, 0.000000, 0.000000, 1.000000
-15.3919, 26.3423, 10.5965, 161.3978, 230.3978, -17.3423, 246.4769, 103.4342, -1.5842, -7.6277, 0.610054, 0.792265, -0.012212, 0.026342, -0.791335, 0.608410, -0.060226, 0.010597, -0.040285, 0.046405, 0.998110, 0.161398, 0.000000, 0.000000, 0.000000, 1.000000, -0.040285, 0.046405, 0.998110, 0.230398, -0.610054, -0.792265, 0.012212, -0.017342, 0.791335, -0.608410, 0.060226, 0.246477, 0.000000, 0.000000, 0.000000, 1.000000, -0.030718, -0.035071, -0.998913, 0.103434, -0.998789, 0.039500, 0.029327, -0.001584, 0.038429, 0.998604, -0.036242, -0.007628, 0.000000, 0.000000, 0.000000, 1.000000
-15.1608, 25.9644, 10.3022, 161.9911, 230.9911, -16.9644, 246.7712, 103.3728, -1.5625, -7.6852, 0.609847, 0.792486, -0.007284, 0.025964, -0.791329, 0.608402, -0.060386, 0.010302, -0.043424, 0.042590, 0.998149, 0.161991, 0.000000, 0.000000, 0.000000, 1.000000, -0.043424, 0.042590, 0.998149, 0.230991, -0.609847, -0.792486, 0.007284, -0.016964, 0.791329, -0.608402, 0.060386, 0.246771, 0.000000, 0.000000, 0.000000, 1.000000, -0.027735, -0.035302, -0.998992, 0.103373, -0.998888, 0.039094, 0.026350, -0.001562, 0.038124, 0.998612, -0.036347, -0.007685, 0.000000, 0.000000, 0.000000, 1.000000
-14.9395, 25.5995, 9.9911, 162.6887, 231.6887, -16.5995, 247.0824, 103.1854, -1.5545, -7.7621, 0.609689, 0.792639, -0.001756, 0.025599, -0.791456, 0.608654, -0.056021, 0.009991, -0.043336, 0.035545, 0.998428, 0.162689, 0.000000, 0.000000, 0.000000, 1.000000, -0.043336, 0.035545, 0.998428, 0.231689, -0.609689, -0.792639, 0.001756, -0.016599, 0.791456, -0.608654, 0.056021, 0.247082, 0.000000, 0.000000, 0.000000, 1.000000, -0.027971, -0.032124, -0.999092, 0.103185, -0.998893, 0.038708, 0.026721, -0.001555, 0.037814, 0.998734, -0.033171, -0.007762, 0.000000, 0.000000, 0.000000, 1.000000
-14.7165, 25.3586, 9.8041, 162.9851, 231.9851, -16.3586, 247.2694, 103.4057, -1.5461, -7.6651, 0.609542, 0.792753, -0.000795, 0.025359, -0.791485, 0.608510, -0.057165, 0.009804, -0.044834, 0.035473, 0.998364, 0.162985, 0.000000, 0.000000, 0.000000, 1.000000, -0.044834, 0.035473, 0.998364, 0.231985, -0.609542, -0.792753, 0.000795, -0.016359, 0.791485, -0.608510, 0.057165, 0.247269, 0.000000, 0.000000, 0.000000, 1.000000, -0.026618, -0.035952, -0.998999, 0.103406, -0.998939, 0.038519, 0.025230, -0.001546, 0.037574, 0.998611, -0.036939, -0.007665, 0.000000, 0.000000, 0.000000, 1.000000
-14.4838, 25.0385, 9.5088, 163.5795, 232.5795, -16.0385, 247.5646, 103.3499, -1.5585, -7.6804, 0.609861, 0.792508, 0.001178, 0.025039, -0.791324, 0.609030, -0.053755, 0.009509, -0.043318, 0.031851, 0.998553, 0.163580, 0.000000, 0.000000, 0.000000, 1.000000, -0.043318, 0.031851, 0.998553, 0.232580, -0.609861, -0.792508, -0.001178, -0.016039, 0.791324, -0.609030, 0.053755, 0.247565, 0.000000, 0.000000, 0.000000, 1.000000, -0.028289, -0.036355, -0.998938, 0.103350, -0.998885, 0.038825, 0.026875, -0.001559, 0.037807, 0.998584, -0.037412, -0.007680, 0.000000, 0.000000, 0.000000, 1.000000
-14.2482, 24.6676, 9.2120, 164.1817, 233.1817, -15.6676, 247.8614, 103.2976, -1.5422, -7.7354, 0.609753, 0.792545, 0.008561, 0.024668, -0.791279, 0.609329, -0.050943, 0.009212, -0.045591, 0.024289, 0.998665, 0.164182, 0.000000, 0.000000, 0.000000, 1.000000, -0.045591, 0.024289, 0.998665, 0.233182, -0.609753, -0.792545, -0.008561, -0.015668, 0.791279, -0.609329, 0.050943, 0.247861, 0.000000, 0.000000, 0.000000, 1.000000, -0.026171, -0.032905, -0.999116, 0.103298, -0.998948, 0.038508, 0.024898, -0.001542, 0.037654, 0.998716, -0.033878, -0.007735, 0.000000, 0.000000, 0.000000, 1.000000
-13.9600, 24.4586, 9.0115, 164.5398, 233.5398, -15.4586, 248.0620, 103.6083, -1.5588, -7.5066, 0.609979, 0.792391, 0.006406, 0.024459, -0.791298, 0.609528, -0.048198, 0.009011, -0.042096, 0.024331, 0.998817, 0.164540, 0.000000, 0.000000, 0.000000, 1.000000, -0.042096, 0.024331, 0.998817, 0.233540, -0.609979, -0.792391, -0.006406, -0.015459, 0.791298, -0.609528, 0.048198, 0.248062, 0.000000, 0.000000, 0.000000, 1.000000, -0.029859, -0.037951, -0.998833, 0.103608, -0.998845, 0.038761, 0.028386, -0.001559, 0.037638, 0.998528, -0.039065, -0.007507, 0.000000, 0.000000, 0.000000, 1.000000
-13.7316, 24.0919, 8.6785, 165.2102, 234.2102, -15.0919, 248.3950, 103.4731, -1.5695, -7.5979, 0.610102, 0.792226, 0.012384, 0.024092, -0.791219, 0.610003, -0.043245, 0.008678, -0.041814, 0.016585, 0.998988, 0.165210, 0.000000, 0.000000, 0.000000, 1.000000, -0.041814, 0.016585, 0.998988, 0.234210, -0.610102, -0.792226, -0.012384, -0.015092, 0.791219, -0.610003, 0.043245, 0.248395, 0.000000, 0.000000, 0.000000, 1.000000, -0.030294, -0.034176, -0.998957, 0.103473, -0.998831, 0.038690, 0.028966, -0.001570, 0.037660, 0.998667, -0.035308, -0.007598, 0.000000, 0.000000, 0.000000, 1.000000
-13.5035, 23.7559, 8.3231, 165.6185, 234.6185, -14.7559, 248.7504, 103.5978, -1.6349, -7.6747, 0.610644, 0.791854, 0.009003, 0.023756, -0.791124, 0.610507, -0.037469, 0.008323, -0.035166, 0.015757, 0.999257, 0.165619, 0.000000, 0.000000, 0.000000, 1.000000, -0.035166, 0.015757, 0.999257, 0.234619, -0.610644, -0.791854, -0.009003, -0.014756, 0.791124, -0.610507, 0.037469, 0.248750, 0.000000, 0.000000, 0.000000, 1.000000, -0.037101, -0.037280, -0.998616, 0.103598, -0.998594, 0.039256, 0.035635, -0.001635, 0.037873, 0.998533, -0.038684, -0.007675, 0.000000, 0.000000, 0.000000, 1.000000
-13.2704, 23.4072, 8.0118, 166.3198, 235.3198, -14.4072, 249.0616, 103.4472, -1.6362, -7.7363, 0.610995, 0.791523, 0.013273, 0.023407, -0.790967, 0.611082, -0.030803, 0.008012, -0.032492, 0.008322, 0.999437, 0.166320, 0.000000, 0.000000, 0.000000, 1.000000, -0.032492, 0.008322, 0.999437, 0.235320, -0.610995, -0.791523, -0.013273, -0.014407, 0.790967, -0.611082, 0.030803, 0.249062, 0.000000, 0.000000, 0.000000, 1.000000, -0.039938, -0.033886, -0.998627, 0.103447, -0.998478, 0.039384, 0.038595, -0.001636, 0.038023, 0.998649, -0.035407, -0.007736, 0.000000, 0.000000, 0.000000, 1.000000
-13.0054, 23.1959, 7.8049, 166.6738, 235.6738, -14.1959, 249.2686, 103.7133, -1.6569, -7.5603, 0.610941, 0.791585, 0.012029, 0.023196, -0.791052, 0.610992, -0.030429, 0.007805, -0.031437, 0.009075, 0.999465, 0.166674, 0.000000, 0.000000, 0.000000, 1.000000, -0.031437, 0.009075, 0.999465, 0.235674, -0.610941, -0.791585, -0.012029, -0.014196, 0.791052, -0.610992, 0.030429, 0.249269, 0.000000, 0.000000, 0.000000, 1.000000, -0.041165, -0.039261, -0.998381, 0.103713, -0.998440, 0.039329, 0.039621, -0.001657, 0.037710, 0.998455, -0.040819, -0.007560, 0.000000, 0.000000, 0.000000, 1.000000
-12.7245, 22.8201, 7.5677, 167.4147, 236.4147, -13.8201, 249.5057, 103.6423, -1.5794, -7.5215, 0.610436, 0.791718, 0.023449, 0.022820, -0.791078, 0.610886, -0.031847, 0.007568, -0.039538, 0.000890, 0.999218, 0.167415, 0.000000, 0.000000, 0.000000, 1.000000, -0.039538, 0.000890, 0.999218, 0.236415, -0.610436, -0.791718, -0.023449, -0.013820, 0.791078, -0.610886, 0.031847, 0.249506, 0.000000, 0.000000, 0.000000, 1.000000, -0.033239, -0.036012, -0.998798, 0.103642, -0.998748, 0.038582, 0.031846, -0.001579, 0.037388, 0.998606, -0.037250, -0.007521, 0.000000, 0.000000, 0.000000, 1.000000
-12.4964, 22.5160, 7.2386, 167.9349, 236.9349, -13.5160, 249.8349, 103.6623, -1.6340, -7.5681, 0.611211, 0.791169, 0.021752, 0.022516, -0.790739, 0.611597, -0.026088, 0.007239, -0.033943, -0.001255, 0.999423, 0.167935, 0.000000, 0.000000, 0.000000, 1.000000, -0.033943, -0.001255, 0.999423, 0.236935, -0.611211, -0.791169, -0.021752, -0.013516, 0.790739, -0.611597, 0.026088, 0.249835, 0.000000, 0.000000, 0.000000, 1.000000, -0.039011, -0.037783, -0.998524, 0.103662, -0.998522, 0.039324, 0.037523, -0.001634, 0.037848, 0.998512, -0.039262, -0.007568, 0.000000, 0.000000, 0.000000, 1.000000
-12.2694, 22.1004, 6.9463, 168.6702, 237.6702, -13.1004, 250.1272, 103.4776, -1.5787, -7.6975, 0.610181, 0.791412, 0.036685, 0.022100, -0.791344, 0.611049, -0.019846, 0.006946, -0.038123, -0.016921, 0.999130, 0.168670, 0.000000, 0.000000, 0.000000, 1.000000, -0.038123, -0.016921, 0.999130, 0.237670, -0.610181, -0.791412, -0.036685, -0.013100, 0.791344, -0.611049, 0.019846, 0.250127, 0.000000, 0.000000, 0.000000, 1.000000, -0.034935, -0.026167, -0.999047, 0.103478, -0.998716, 0.037620, 0.033938, -0.001579, 0.036697, 0.998949, -0.027447, -0.007697, 0.000000, 0.000000, 0.000000, 1.000000
-12.0467, 21.9177, 6.7421, 168.9866, 237.9866, -12.9177, 250.3314, 103.6863, -1.6164, -7.5771, 0.610884, 0.791116, 0.030925, 0.021918, -0.791018, 0.611521, -0.018241, 0.006742, -0.033342, -0.013319, 0.999355, 0.168987, 0.000000, 0.000000, 0.000000, 1.000000, -0.033342, -0.013319, 0.999355, 0.237987, -0.610884, -0.791116, -0.030925, -0.012918, 0.791018, -0.611521, 0.018241, 0.250331, 0.000000, 0.000000, 0.000000, 1.000000, -0.039888, -0.033599, -0.998639, 0.103686, -0.998516, 0.038432, 0.038590, -0.001616, 0.037083, 0.998696, -0.035082, -0.007577, 0.000000, 0.000000, 0.000000, 1.000000
-11.8322, 21.5962, 6.4941, 169.6045, 238.6045, -12.5962, 250.5793, 103.5869, -1.5879, -7.6263, 0.610648, 0.791311, 0.030606, 0.021596, -0.791080, 0.611319, -0.021947, 0.006494, -0.036077, -0.010810, 0.999291, 0.169605, 0.000000, 0.000000, 0.000000, 1.000000, -0.036077, -0.010810, 0.999291, 0.238605, -0.610648, -0.791311, -0.030606, -0.012596, 0.791080, -0.611319, 0.021947, 0.250579, 0.000000, 0.000000, 0.000000, 1.000000, -0.037284, -0.039858, -0.998509, 0.103587, -0.998625, 0.038335, 0.035758, -0.001588, 0.036852, 0.998470, -0.041232, -0.007626, 0.000000, 0.000000, 0.000000, 1.000000
-11.6119, 21.4051, 6.2675, 170.0247, 239.0247, -12.4051, 250.8060, 103.6890, -1.6316, -7.5379, 0.611118, 0.790960, 0.030270, 0.021405, -0.790826, 0.611744, -0.019071, 0.006267, -0.033602, -0.012284, 0.999360, 0.170025, 0.000000, 0.000000, 0.000000, 1.000000, -0.033602, -0.012284, 0.999360, 0.239025, -0.611118, -0.790960, -0.030270, -0.012405, 0.790826, -0.611744, 0.019071, 0.250806, 0.000000, 0.000000, 0.000000, 1.000000, -0.039925, -0.042188, -0.998312, 0.103689, -0.998514, 0.038778, 0.038294, -0.001632, 0.037097, 0.998357, -0.043674, -0.007538, 0.000000, 0.000000, 0.000000, 1.000000
-11.3976, 21.0084, 5.8939, 170.6388, 239.6388, -12.0084, 251.1796, 103.6002, -1.6620, -7.7257, 0.611576, 0.790113, 0.041193, 0.021008, -0.790788, 0.612091, 0.000147, 0.005894, -0.025098, -0.032665, 0.999151, 0.170639, 0.000000, 0.000000, 0.000000, 1.000000, -0.025098, -0.032665, 0.999151, 0.239639, -0.611576, -0.790113, -0.041193, -0.012008, 0.790788, -0.612091, -0.000147, 0.251180, 0.000000, 0.000000, 0.000000, 1.000000, -0.048571, -0.025545, -0.998493, 0.103600, -0.998141, 0.038095, 0.047580, -0.001662, 0.036823, 0.998948, -0.027348, -0.007726, 0.000000, 0.000000, 0.000000, 1.000000
-11.1611, 20.8848, 5.7087, 170.8204, 239.8204, -11.8848, 251.3647, 103.9744, -1.7280, -7.5167, 0.612285, 0.790195, 0.026421, 0.020885, -0.790404, 0.612574, -0.003821, 0.005709, -0.019204, -0.018544, 0.999644, 0.170820, 0.000000, 0.000000, 0.000000, 1.000000, -0.019204, -0.018544, 0.999644, 0.239820, -0.612285, -0.790195, -0.026421, -0.011885, 0.790404, -0.612574, 0.003821, 0.251365, 0.000000, 0.000000, 0.000000, 1.000000, -0.054649, -0.043722, -0.997548, 0.103974, -0.997818, 0.039448, 0.052935, -0.001728, 0.037037, 0.998265, -0.045782, -0.007517, 0.000000, 0.000000, 0.000000, 1.000000
-10.9274, 20.5328, 5.4893, 171.5409, 240.5409, -11.5328, 251.5842, 103.8275, -1.6514, -7.5542, 0.611538, 0.790352, 0.036946, 0.020533, -0.790753, 0.612109, -0.005573, 0.005489, -0.027019, -0.025807, 0.999302, 0.171541, 0.000000, 0.000000, 0.000000, 1.000000, -0.027019, -0.025807, 0.999302, 0.240541, -0.611538, -0.790352, -0.036946, -0.011533, 0.790753, -0.612109, 0.005573, 0.251584, 0.000000, 0.000000, 0.000000, 1.000000, -0.046956, -0.040589, -0.998072, 0.103827, -0.998228, 0.038462, 0.045400, -0.001651, 0.036545, 0.998435, -0.042323, -0.007554, 0.000000, 0.000000, 0.000000, 1.000000
-10.6996, 20.1868, 5.1473, 172.2551, 241.2551, -11.1868, 251.9262, 103.6728, -1.6783, -7.6719, 0.611755, 0.789558, 0.048518, 0.020187, -0.790710, 0.612134, 0.008360, 0.005147, -0.023099, -0.043478, 0.998787, 0.172255, 0.000000, 0.000000, 0.000000, 1.000000, -0.023099, -0.043478, 0.998787, 0.241255, -0.611755, -0.789558, -0.048518, -0.011187, 0.790710, -0.612134, -0.008360, 0.251926, 0.000000, 0.000000, 0.000000, 1.000000, -0.051023, -0.026899, -0.998335, 0.103673, -0.998039, 0.037680, 0.049993, -0.001678, 0.036273, 0.998928, -0.028769, -0.007672, 0.000000, 0.000000, 0.000000, 1.000000
-10.4413, 20.0518, 4.9536, 172.5293, 241.5293, -11.0518, 252.1199, 104.0089, -1.7381, -7.4464, 0.612488, 0.789619, 0.036890, 0.020052, -0.790336, 0.612600, 0.009501, 0.004954, -0.015097, -0.034975, 0.999274, 0.172529, 0.000000, 0.000000, 0.000000, 1.000000, -0.015097, -0.034975, 0.999274, 0.241529, -0.612488, -0.789619, -0.036890, -0.011052, 0.790336, -0.612600, -0.009501, 0.252120, 0.000000, 0.000000, 0.000000, 1.000000, -0.059216, -0.039860, -0.997449, 0.104009, -0.997587, 0.038631, 0.057680, -0.001738, 0.036233, 0.998458, -0.042051, -0.007446, 0.000000, 0.000000, 0.000000, 1.000000
-10.1915, 19.7145, 4.6396, 173.1554, 242.1554, -10.7145, 252.4339, 103.9960, -1.7535, -7.4986, 0.612646, 0.789425, 0.038377, 0.019714, -0.790277, 0.612552, 0.015539, 0.004640, -0.011241, -0.039849, 0.999142, 0.173155, 0.000000, 0.000000, 0.000000, 1.000000, -0.011241, -0.039849, 0.999142, 0.242155, -0.612646, -0.789425, -0.038377, -0.010714, 0.790277, -0.612552, -0.015539, 0.252434, 0.000000, 0.000000, 0.000000, 1.000000, -0.063223, -0.039346, -0.997224, 0.103996, -0.997356, 0.038356, 0.061718, -0.001753, 0.035821, 0.998489, -0.041667, -0.007499, 0.000000, 0.000000, 0.000000, 1.000000
-9.9738, 19.4015, 4.3986, 173.8207, 242.8207, -10.4015, 252.6748, 103.8704, -1.7208, -7.5529, 0.612535, 0.789196, 0.044398, 0.019401, -0.790277, 0.612591, 0.013920, 0.004399, -0.016212, -0.043613, 0.998917, 0.173821, 0.000000, 0.000000, 0.000000, 1.000000, -0.016212, -0.043613, 0.998917, 0.242821, -0.612535, -0.789196, -0.044398, -0.010401, 0.790277, -0.612591, -0.013920, 0.252675, 0.000000, 0.000000, 0.000000, 1.000000, -0.058406, -0.039372, -0.997516, 0.103870, -0.997647, 0.038251, 0.056904, -0.001721, 0.035916, 0.998492, -0.041514, -0.007553, 0.000000, 0.000000, 0.000000, 1.000000
-9.7238, 19.1713, 4.1694, 174.2885, 243.2885, -10.1713, 252.9041, 104.0083, -1.7407, -7.4599, 0.612849, 0.788783, 0.047301, 0.019171, -0.790144, 0.612423, 0.024731, 0.004169, -0.009461, -0.052531, 0.998574, 0.174289, 0.000000, 0.000000, 0.000000, 1.000000, -0.009461, -0.052531, 0.998574, 0.243289, -0.612849, -0.788783, -0.047301, -0.010171, 0.790144, -0.612423, -0.024731, 0.252904, 0.000000, 0.000000, 0.000000, 1.000000, -0.065304, -0.034824, -0.997258, 0.104008, -0.997238, 0.037717, 0.063986, -0.001741, 0.035385, 0.998682, -0.037191, -0.007460, 0.000000, 0.000000, 0.000000, 1.000000
-9.4583, 18.8745, 3.8499, 174.8395, 243.8395, -9.8745, 253.2235, 104.1081, -1.7893, -7.4543, 0.613575, 0.788354, 0.044984, 0.018874, -0.789636, 0.612672, 0.033294, 0.003850, -0.001313, -0.055950, 0.998433, 0.174840, 0.000000, 0.000000, 0.000000, 1.000000, -0.001313, -0.055950, 0.998433, 0.243840, -0.613575, -0.788354, -0.044984, -0.009874, 0.789636, -0.612672, -0.033294, 0.253224, 0.000000, 0.000000, 0.000000, 1.000000, -0.073643, -0.036006, -0.996634, 0.104108, -0.996663, 0.037924, 0.072275, -0.001789, 0.035194, 0.998632, -0.038679, -0.007454, 0.000000, 0.000000, 0.000000, 1.000000
-9.1752, 18.6232, 3.5714, 175.3647, 244.3647, -9.6232, 253.5021, 104.2706, -1.8329, -7.3557, 0.613547, 0.788633, 0.040213, 0.018623, -0.789650, 0.612509, 0.035860, 0.003571, 0.003650, -0.053756, 0.998547, 0.175365, 0.000000, 0.000000, 0.000000, 1.000000, 0.003650, -0.053756, 0.998547, 0.244365, -0.613547, -0.788633, -0.040213, -0.009623, 0.789650, -0.612509, -0.035860, 0.253502, 0.000000, 0.000000, 0.000000, 1.000000, -0.078738, -0.043149, -0.995961, 0.104271, -0.996305, 0.037786, 0.077128, -0.001833, 0.034306, 0.998354, -0.045965, -0.007356, 0.000000, 0.000000, 0.000000, 1.000000
-8.9285, 18.4052, 3.3176, 175.8486, 244.8486, -9.4052, 253.7558, 104.3876, -1.8785, -7.2791, 0.613973, 0.789000, 0.022732, 0.018405, -0.789214, 0.613144, 0.034571, 0.003318, 0.013338, -0.039167, 0.999144, 0.175849, 0.000000, 0.000000, 0.000000, 1.000000, 0.013338, -0.039167, 0.999144, 0.244849, -0.613973, -0.789000, -0.022732, -0.009405, 0.789214, -0.613144, -0.034571, 0.253756, 0.000000, 0.000000, 0.000000, 1.000000, -0.088552, -0.061970, -0.994142, 0.104388, -0.995506, 0.039132, 0.086234, -0.001878, 0.033558, 0.997311, -0.065157, -0.007279, 0.000000, 0.000000, 0.000000, 1.000000
-8.6914, 17.3463, 3.2740, 176.7301, 245.7301, -8.3463, 253.7995, 104.1970, -1.2387, -7.8195, 0.603219, 0.781100, 0.161275, 0.017346, -0.791594, 0.611046, 0.001342, 0.003274, -0.097498, -0.128473, 0.986909, 0.176730, 0.000000, 0.000000, 0.000000, 1.000000, -0.097498, -0.128473, 0.986909, 0.245730, -0.603219, -0.781100, -0.161275, -0.008346, 0.791594, -0.611046, -0.001342, 0.253799, 0.000000, 0.000000, 0.000000, 1.000000, 0.022617, 0.023493, -0.999468, 0.104197, -0.999128, 0.035623, -0.021772, -0.001239, 0.035093, 0.999089, 0.024278, -0.007820, 0.000000, 0.000000, 0.000000, 1.000000
-8.4733, 16.9861, 3.0217, 177.3184, 246.3184, -7.9861, 254.0518, 104.1683, -1.1934, -7.9244, 0.602522, 0.779978, 0.169122, 0.016986, -0.791320, 0.611403, -0.000549, 0.003022, -0.103830, -0.133498, 0.985595, 0.177318, 0.000000, 0.000000, 0.000000, 1.000000, -0.103830, -0.133498, 0.985595, 0.246318, -0.602522, -0.779978, -0.169122, -0.007986, 0.791320, -0.611403, 0.000549, 0.254052, 0.000000, 0.000000, 0.000000, 1.000000, 0.028849, 0.024815, -0.999276, 0.104168, -0.998954, 0.036204, -0.027941, -0.001193, 0.035484, 0.999036, 0.025834, -0.007924, 0.000000, 0.000000, 0.000000, 1.000000
-8.2357, 16.8322, 2.7973, 177.7486, 246.7486, -7.8322, 254.2761, 104.3154, -1.2560, -7.7956, 0.603678, 0.779187, 0.168644, 0.016832, -0.791402, 0.611233, 0.008816, 0.002797, -0.096212, -0.138787, 0.985638, 0.177749, 0.000000, 0.000000, 0.000000, 1.000000, -0.096212, -0.138787, 0.985638, 0.246749, -0.603678, -0.779187, -0.168644, -0.007832, 0.791402, -0.611233, -0.008816, 0.254276, 0.000000, 0.000000, 0.000000, 1.000000, 0.020998, 0.026020, -0.999441, 0.104315, -0.999145, 0.036146, -0.020051, -0.001256, 0.035604, 0.999008, 0.026756, -0.007796, 0.000000, 0.000000, 0.000000, 1.000000
-8.0085, 16.4578, 2.5678, 178.2330, 247.2330, -7.4578, 254.5057, 104.4160, -1.1915, -7.8736, 0.601099, 0.778302, 0.181455, 0.016458, -0.791448, 0.611237, 0.000062, 0.002568, -0.110863, -0.143649, 0.983399, 0.178233, 0.000000, 0.000000, 0.000000, 1.000000, -0.110863, -0.143649, 0.983399, 0.247233, -0.601099, -0.778302, -0.181455, -0.007458, 0.791448, -0.611237, -0.000062, 0.254506, 0.000000, 0.000000, 0.000000, 1.000000, 0.035724, 0.026997, -0.998997, 0.104416, -0.998737, 0.036314, -0.034733, -0.001192, 0.035340, 0.998976, 0.028260, -0.007874, 0.000000, 0.000000, 0.000000, 1.000000
-7.7763, 16.3721, 2.4250, 178.8032, 247.8032, -7.3721, 254.6485, 104.4036, -1.2173, -7.6719, 0.602932, 0.779732, 0.168791, 0.016372, -0.791116, 0.611666, 0.000320, 0.002425, -0.102995, -0.133726, 0.985652, 0.178803, 0.000000, 0.000000, 0.000000, 1.000000, -0.102995, -0.133726, 0.985652, 0.247803, -0.602932, -0.779732, -0.168791, -0.007372, 0.791116, -0.611666, -0.000320, 0.254648, 0.000000, 0.000000, 0.000000, 1.000000, 0.027527, 0.012918, -0.999538, 0.104404, -0.998966, 0.036543, -0.027039, -0.001217, 0.036177, 0.999249, 0.013910, -0.007672, 0.000000, 0.000000, 0.000000, 1.000000
-7.5493, 16.0944, 2.2008, 179.3338, 248.3338, -7.0944, 254.8726, 104.4474, -1.2010, -7.6785, 0.602082, 0.780478, 0.168380, 0.016094, -0.791163, 0.611578, -0.005811, 0.002201, -0.107513, -0.129717, 0.985705, 0.179334, 0.000000, 0.000000, 0.000000, 1.000000, -0.107513, -0.129717, 0.985705, 0.248334, -0.602082, -0.780478, -0.168380, -0.007094, 0.791163, -0.611578, 0.005811, 0.254873, 0.000000, 0.000000, 0.000000, 1.000000, 0.031977, 0.004886, -0.999477, 0.104447, -0.998835, 0.036327, -0.031779, -0.001201, 0.036153, 0.999328, 0.006042, -0.007678, 0.000000, 0.000000, 0.000000, 1.000000
-7.3176, 15.7780, 1.9164, 179.8010, 248.8010, -6.7780, 255.1570, 104.5737, -1.2158, -7.7358, 0.602099, 0.778857, 0.175666, 0.015778, -0.791121, 0.611659, -0.000352, 0.001916, -0.107722, -0.138762, 0.984450, 0.179801, 0.000000, 0.000000, 0.000000, 1.000000, -0.107722, -0.138762, 0.984450, 0.248801, -0.602099, -0.778857, -0.175666, -0.006778, 0.791121, -0.611659, 0.000352, 0.255157, 0.000000, 0.000000, 0.000000, 1.000000, 0.032033, 0.010025, -0.999437, 0.104574, -0.998826, 0.036685, -0.031646, -0.001216, 0.036347, 0.999277, 0.011188, -0.007736, 0.000000, 0.000000, 0.000000, 1.000000
-7.0804, 15.6464, 1.8651, 180.4058, 249.4058, -6.6464, 255.2084, 104.5456, -1.1383, -7.5193, 0.601119, 0.781101, 0.168929, 0.015646, -0.790590, 0.612109, -0.017049, 0.001865, -0.116720, -0.123305, 0.985481, 0.180406, 0.000000, 0.000000, 0.000000, 1.000000, -0.116720, -0.123305, 0.985481, 0.249406, -0.601119, -0.781101, -0.168929, -0.006646, 0.790590, -0.612109, 0.017049, 0.255208, 0.000000, 0.000000, 0.000000, 1.000000, 0.040911, -0.009736, -0.999115, 0.104546, -0.998469, 0.036855, -0.041244, -0.001138, 0.037224, 0.999273, -0.008213, -0.007519, 0.000000, 0.000000, 0.000000, 1.000000
-6.8514, 15.3890, 1.5031, 181.0248, 250.0248, -6.3890, 255.5703, 104.5115, -1.2395, -7.6036, 0.603421, 0.779423, 0.168473, 0.015389, -0.790889, 0.611958, 0.001572, 0.001503, -0.101873, -0.134192, 0.985705, 0.181025, 0.000000, 0.000000, 0.000000, 1.000000, -0.101873, -0.134192, 0.985705, 0.250025, -0.603421, -0.779423, -0.168473, -0.006389, 0.790889, -0.611958, -0.001572, 0.255570, 0.000000, 0.000000, 0.000000, 1.000000, 0.025749, -0.002713, -0.999665, 0.104512, -0.998984, 0.036926, -0.025832, -0.001239, 0.036984, 0.999314, -0.001760, -0.007604, 0.000000, 0.000000, 0.000000, 1.000000
-6.6210, 15.2016, 1.4103, 181.3989, 250.3989, -6.2016, 255.6631, 104.7066, -1.1798, -7.4401, 0.602514, 0.780497, 0.166736, 0.015202, -0.790820, 0.612007, -0.007134, 0.001410, -0.107612, -0.127560, 0.985976, 0.181399, 0.000000, 0.000000, 0.000000, 1.000000, -0.107612, -0.127560, 0.985976, 0.250399, -0.602514, -0.780497, -0.166736, -0.006202, 0.790820, -0.612007, 0.007134, 0.255663, 0.000000, 0.000000, 0.000000, 1.000000, 0.031406, -0.013449, -0.999416, 0.104707, -0.998813, 0.036818, -0.031883, -0.001180, 0.037225, 0.999231, -0.012276, -0.007440, 0.000000, 0.000000, 0.000000, 1.000000
-6.3565, 14.9634, 1.1389, 182.1427, 251.1427, -5.9634, 255.9346, 104.6296, -1.2096, -7.4138, 0.603294, 0.780124, 0.165660, 0.014963, -0.790854, 0.612002, -0.001926, 0.001139, -0.102887, -0.129851, 0.986181, 0.182143, 0.000000, 0.000000, 0.000000, 1.000000, -0.102887, -0.129851, 0.986181, 0.251143, -0.603294, -0.780124, -0.165660, -0.005963, 0.790854, -0.612002, 0.001926, 0.255935, 0.000000, 0.000000, 0.000000, 1.000000, 0.026448, -0.015741, -0.999526, 0.104630, -0.998955, 0.036867, -0.027013, -0.001210, 0.037274, 0.999196, -0.014750, -0.007414, 0.000000, 0.000000, 0.000000, 1.000000
-6.1236, 14.7100, 0.9495, 182.8823, 251.8823, -5.7100, 256.1239, 104.4856, -1.1642, -7.4127, 0.602477, 0.781916, 0.160088, 0.014710, -0.790994, 0.611725, -0.011008, 0.000950, -0.106537, -0.119996, 0.987041, 0.182882, 0.000000, 0.000000, 0.000000, 1.000000, -0.106537, -0.119996, 0.987041, 0.251882, -0.602477, -0.781916, -0.160088, -0.005710, 0.790994, -0.611725, 0.011008, 0.256124, 0.000000, 0.000000, 0.000000, 1.000000, 0.030033, -0.029804, -0.999104, 0.104486, -0.998856, 0.036308, -0.031109, -0.001164, 0.037203, 0.998896, -0.028680, -0.007413, 0.000000, 0.000000, 0.000000, 1.000000
-5.8918, 14.3874, 0.5643, 183.3690, 252.3690, -5.3874, 256.5092, 104.6083, -1.2560, -7.5464, 0.604098, 0.777461, 0.174988, 0.014387, -0.790732, 0.612074, 0.010380, 0.000564, -0.099035, -0.144639, 0.984516, 0.183369, 0.000000, 0.000000, 0.000000, 1.000000, -0.099035, -0.144639, 0.984516, 0.252369, -0.604098, -0.777461, -0.174988, -0.005387, 0.790732, -0.612074, -0.010380, 0.256509, 0.000000, 0.000000, 0.000000, 1.000000, 0.022210, -0.008830, -0.999714, 0.104608, -0.999046, 0.037410, -0.022526, -0.001256, 0.037599, 0.999261, -0.007991, -0.007546, 0.000000, 0.000000, 0.000000, 1.000000
-5.6575, 14.3079, 0.5043, 184.0177, 253.0177, -5.3079, 256.5691, 104.5265, -1.2125, -7.3196, 0.603986, 0.780656, 0.160550, 0.014308, -0.790880, 0.611971, -0.000362, 0.000504, -0.098535, -0.126757, 0.987028, 0.184018, 0.000000, 0.000000, 0.000000, 1.000000, -0.098535, -0.126757, 0.987028, 0.253018, -0.603986, -0.780656, -0.160550, -0.005308, 0.790880, -0.611971, 0.000362, 0.256569, 0.000000, 0.000000, 0.000000, 1.000000, 0.021588, -0.031066, -0.999284, 0.104527, -0.999066, 0.036754, -0.022726, -0.001212, 0.037434, 0.998841, -0.030244, -0.007320, 0.000000, 0.000000, 0.000000, 1.000000
-5.4288, 13.9924, 0.1884, 184.4991, 253.4991, -4.9924, 256.8850, 104.6474, -1.2524, -7.4155, 0.603957, 0.778621, 0.170249, 0.013992, -0.791403, 0.611170, 0.012354, 0.000188, -0.094432, -0.142197, 0.985324, 0.184499, 0.000000, 0.000000, 0.000000, 1.000000, -0.094432, -0.142197, 0.985324, 0.253499, -0.603957, -0.778621, -0.170249, -0.004992, 0.791403, -0.611170, -0.012354, 0.256885, 0.000000, 0.000000, 0.000000, 1.000000, 0.017426, -0.019476, -0.999658, 0.104647, -0.999181, 0.036179, -0.018123, -0.001252, 0.036519, 0.999155, -0.018830, -0.007415, 0.000000, 0.000000, 0.000000, 1.000000
-5.1950, 13.8270, 0.0323, 184.9163, 253.9163, -4.8270, 257.0412, 104.8125, -1.2538, -7.2799, 0.603937, 0.778683, 0.170035, 0.013827, -0.790991, 0.611777, 0.007813, 0.000032, -0.097939, -0.139215, 0.985407, 0.184916, 0.000000, 0.000000, 0.000000, 1.000000, -0.097939, -0.139215, 0.985407, 0.253916, -0.603937, -0.778683, -0.170035, -0.004827, 0.790991, -0.611777, -0.007813, 0.257041, 0.000000, 0.000000, 0.000000, 1.000000, 0.020712, -0.026521, -0.999434, 0.104812, -0.999086, 0.036849, -0.021683, -0.001254, 0.037403, 0.998969, -0.025734, -0.007280, 0.000000, 0.000000, 0.000000, 1.000000
-4.9683, 13.5788, -0.1554, 185.7201, 254.7201, -4.5788, 257.2288, 104.5982, -1.2055, -7.3090, 0.603541, 0.779304, 0.168593, 0.013579, -0.790947, 0.611877, 0.003147, -0.000155, -0.100706, -0.135248, 0.985681, 0.185720, 0.000000, 0.000000, 0.000000, 1.000000, -0.100706, -0.135248, 0.985681, 0.254720, -0.603541, -0.779304, -0.168593, -0.004579, 0.790947, -0.611877, -0.003147, 0.257229, 0.000000, 0.000000, 0.000000, 1.000000, 0.023351, -0.034487, -0.999132, 0.104598, -0.999017, 0.036854, -0.024621, -0.001205, 0.037671, 0.998725, -0.033593, -0.007309, 0.000000, 0.000000, 0.000000, 1.000000
-4.7301, 13.2651, -0.4170, 186.2483, 255.2483, -4.2651, 257.4905, 104.6985, -1.1990, -7.3672, 0.602763, 0.777655, 0.178688, 0.013265, -0.790949, 0.611859, 0.005255, -0.000417, -0.105245, -0.144501, 0.983892, 0.186248, 0.000000, 0.000000, 0.000000, 1.000000, -0.105245, -0.144501, 0.983892, 0.255248, -0.602763, -0.777655, -0.178688, -0.004265, 0.790949, -0.611859, -0.005255, 0.257490, 0.000000, 0.000000, 0.000000, 1.000000, 0.027795, -0.029250, -0.999186, 0.104699, -0.998893, 0.037133, -0.028874, -0.001199, 0.037948, 0.998882, -0.028185, -0.007367, 0.000000, 0.000000, 0.000000, 1.000000
-4.4743, 13.1710, -0.5696, 186.8445, 255.8445, -4.1710, 257.6431, 104.7285, -1.2261, -7.1694, 0.604294, 0.778619, 0.169059, 0.013171, -0.790850, 0.611952, 0.008447, -0.000570, -0.096879, -0.138805, 0.985570, 0.186844, 0.000000, 0.000000, 0.000000, 1.000000, -0.096879, -0.138805, 0.985570, 0.255844, -0.604294, -0.778619, -0.169059, -0.004171, 0.790850, -0.611952, -0.008447, 0.257643, 0.000000, 0.000000, 0.000000, 1.000000, 0.019126, -0.039482, -0.999037, 0.104729, -0.999101, 0.037057, -0.020591, -0.001226, 0.037835, 0.998533, -0.038738, -0.007169, 0.000000, 0.000000, 0.000000, 1.000000
-4.2195, 12.9480, -0.7693, 187.6593, 256.6593, -3.9480, 257.8427, 104.5693, -1.2012, -7.1458, 0.604369, 0.779930, 0.162624, 0.012948, -0.790944, 0.611868, 0.004966, -0.000769, -0.095632, -0.131627, 0.986676, 0.187659, 0.000000, 0.000000, 0.000000, 1.000000, -0.095632, -0.131627, 0.986676, 0.256659, -0.604369, -0.779930, -0.162624, -0.003948, 0.790944, -0.611868, -0.004966, 0.257843, 0.000000, 0.000000, 0.000000, 1.000000, 0.017724, -0.051204, -0.998531, 0.104569, -0.999132, 0.036743, -0.019619, -0.001201, 0.037694, 0.998012, -0.050508, -0.007146, 0.000000, 0.000000, 0.000000, 1.000000
-3.9407, 12.6508, -1.1167, 188.2178, 257.2178, -3.6508, 258.1902, 104.7408, -1.2718, -7.1782, 0.605200, 0.776430, 0.175754, 0.012651, -0.791221, 0.611008, 0.025270, -0.001117, -0.087766, -0.154353, 0.984110, 0.188218, 0.000000, 0.000000, 0.000000, 1.000000, -0.087766, -0.154353, 0.984110, 0.257218, -0.605200, -0.776430, -0.175754, -0.003651, 0.791221, -0.611008, -0.025270, 0.258190, 0.000000, 0.000000, 0.000000, 1.000000, 0.009690, -0.033076, -0.999406, 0.104741, -0.999276, 0.036447, -0.010895, -0.001272, 0.036786, 0.998788, -0.032699, -0.007178, 0.000000, 0.000000, 0.000000, 1.000000
