# Joint_A_Angle(deg), Cam_X(mm), Cam_Y(mm), Cam_Z(mm), Torso_X(mm), Torso_Y(mm), Torso_Z(mm), EE_X(mm), EE_Y(mm), EE_Z(mm), T_cam2marker_flat(16), T_torso2marker_flat(16), T_ee2marker_flat(16)
-19.5142, 40.6503, -36.6267, 195.6964, 264.6965, -31.6494, 293.7001, 102.7210, -1.3308, -8.3600, 0.832312, 0.512925, 0.210155, 0.040650, -0.536388, 0.840897, 0.071969, -0.036627, -0.139804, -0.172625, 0.975016, 0.195696, 0.000000, 0.000000, 0.000000, 1.000000, -0.139801, -0.172623, 0.975016, 0.264696, -0.832312, -0.512926, -0.210151, -0.031649, 0.536388, -0.840897, -0.071969, 0.293700, 0.000000, 0.000000, 0.000000, 1.000000, -0.023057, -0.039802, -0.998942, 0.102721, -0.998827, 0.043476, 0.021322, -0.001331, 0.042581, 0.998261, -0.040758, -0.008360, 0.000000, 0.000000, 0.000000, 1.000000
-18.9712, 40.1486, -36.2810, 195.6902, 264.6903, -31.1476, 293.3545, 102.8201, -1.9934, -8.3349, 0.830479, 0.515148, 0.211962, 0.040149, -0.539396, 0.838704, 0.075014, -0.036281, -0.139130, -0.176629, 0.974395, 0.195690, 0.000000, 0.000000, 0.000000, 1.000000, -0.139127, -0.176627, 0.974396, 0.264690, -0.830479, -0.515148, -0.211958, -0.031148, 0.539396, -0.838704, -0.075014, 0.293354, 0.000000, 0.000000, 0.000000, 1.000000, -0.022969, -0.036293, -0.999077, 0.102820, -0.998561, 0.049279, 0.021167, -0.001993, 0.048465, 0.998125, -0.037373, -0.008335, 0.000000, 0.000000, 0.000000, 1.000000
-18.3007, 39.1847, -35.6446, 195.8669, 264.8670, -30.1837, 292.7180, 102.8310, -2.3868, -8.3673, 0.825600, 0.524451, 0.208173, 0.039185, -0.547682, 0.833580, 0.072029, -0.035645, -0.135753, -0.173479, 0.975436, 0.195867, 0.000000, 0.000000, 0.000000, 1.000000, -0.135750, -0.173477, 0.975437, 0.264867, -0.825600, -0.524452, -0.208169, -0.030184, 0.547682, -0.833580, -0.072029, 0.292718, 0.000000, 0.000000, 0.000000, 1.000000, -0.024236, -0.041174, -0.998858, 0.102831, -0.998453, 0.051016, 0.022124, -0.002387, 0.050047, 0.997849, -0.042347, -0.008367, 0.000000, 0.000000, 0.000000, 1.000000
-17.6314, 37.7745, -34.6794, 196.0690, 265.0692, -28.7735, 291.7529, 102.8984, -2.2267, -8.4055, 0.818935, 0.534276, 0.209509, 0.037774, -0.557966, 0.826655, 0.072910, -0.034679, -0.134237, -0.176607, 0.975085, 0.196069, 0.000000, 0.000000, 0.000000, 1.000000, -0.134234, -0.176605, 0.975086, 0.265069, -0.818936, -0.534277, -0.209505, -0.028774, 0.557966, -0.826655, -0.072910, 0.291753, 0.000000, 0.000000, 0.000000, 1.000000, -0.023078, -0.039967, -0.998935, 0.102898, -0.998511, 0.050329, 0.021054, -0.002227, 0.049434, 0.997933, -0.041069, -0.008406, 0.000000, 0.000000, 0.000000, 1.000000
-17.1079, 36.5953, -33.8554, 196.2588, 265.2589, -27.5944, 290.9288, 102.9331, -1.9966, -8.4468, 0.811680, 0.545232, 0.209518, 0.036595, -0.567895, 0.820554, 0.064702, -0.033855, -0.136644, -0.171501, 0.975662, 0.196259, 0.000000, 0.000000, 0.000000, 1.000000, -0.136641, -0.171499, 0.975663, 0.265259, -0.811680, -0.545233, -0.209514, -0.027594, 0.567895, -0.820554, -0.064702, 0.290929, 0.000000, 0.000000, 0.000000, 1.000000, -0.018025, -0.047055, -0.998730, 0.102933, -0.998727, 0.047914, 0.015767, -0.001997, 0.047111, 0.997743, -0.047859, -0.008447, 0.000000, 0.000000, 0.000000, 1.000000
-16.4552, 35.6128, -33.1426, 196.3421, 265.3422, -26.6119, 290.2160, 103.0317, -2.3042, -8.4478, 0.807855, 0.551366, 0.208246, 0.035613, -0.574931, 0.814979, 0.072555, -0.033143, -0.129712, -0.178341, 0.975382, 0.196342, 0.000000, 0.000000, 0.000000, 1.000000, -0.129709, -0.178339, 0.975382, 0.265342, -0.807855, -0.551366, -0.208243, -0.026612, 0.574931, -0.814979, -0.072555, 0.290216, 0.000000, 0.000000, 0.000000, 1.000000, -0.023097, -0.041474, -0.998873, 0.103032, -0.998522, 0.050122, 0.021008, -0.002304, 0.049195, 0.997882, -0.042571, -0.008448, 0.000000, 0.000000, 0.000000, 1.000000
-15.9467, 34.2456, -32.1558, 196.5671, 265.5672, -25.2446, 289.2293, 103.0642, -1.7901, -8.5110, 0.800436, 0.561297, 0.210354, 0.034246, -0.585066, 0.807917, 0.070482, -0.032156, -0.130387, -0.179487, 0.975081, 0.196567, 0.000000, 0.000000, 0.000000, 1.000000, -0.130384, -0.179485, 0.975082, 0.265567, -0.800436, -0.561298, -0.210350, -0.025245, 0.585066, -0.807917, -0.070482, 0.289229, 0.000000, 0.000000, 0.000000, 1.000000, -0.019652, -0.042191, -0.998916, 0.103064, -0.998749, 0.046774, 0.017673, -0.001790, 0.045978, 0.998014, -0.043058, -0.008511, 0.000000, 0.000000, 0.000000, 1.000000
-15.3849, 33.4289, -31.5347, 196.6595, 265.6596, -24.4280, 288.6081, 103.1211, -2.0709, -8.5160, 0.795745, 0.566653, 0.213762, 0.033429, -0.591111, 0.803506, 0.070473, -0.031535, -0.131825, -0.182435, 0.974340, 0.196660, 0.000000, 0.000000, 0.000000, 1.000000, -0.131822, -0.182433, 0.974341, 0.265660, -0.795745, -0.566654, -0.213758, -0.024428, 0.591111, -0.803506, -0.070473, 0.288608, 0.000000, 0.000000, 0.000000, 1.000000, -0.016534, -0.040276, -0.999052, 0.103121, -0.998679, 0.049280, 0.014541, -0.002071, 0.048648, 0.997973, -0.041037, -0.008516, 0.000000, 0.000000, 0.000000, 1.000000
-14.8046, 32.3038, -30.6937, 196.8079, 265.8080, -23.3028, 287.7671, 103.1807, -2.0134, -8.5585, 0.789617, 0.575607, 0.212561, 0.032304, -0.599865, 0.797030, 0.070036, -0.030694, -0.129105, -0.182809, 0.974635, 0.196808, 0.000000, 0.000000, 0.000000, 1.000000, -0.129102, -0.182807, 0.974636, 0.265808, -0.789617, -0.575608, -0.212557, -0.023303, 0.599865, -0.797030, -0.070036, 0.287767, 0.000000, 0.000000, 0.000000, 1.000000, -0.016813, -0.041548, -0.998995, 0.103181, -0.998718, 0.048415, 0.014795, -0.002013, 0.047752, 0.997963, -0.042308, -0.008559, 0.000000, 0.000000, 0.000000, 1.000000
-14.2691, 31.3116, -29.9136, 196.9915, 265.9916, -22.3106, 286.9871, 103.1788, -1.9874, -8.5906, 0.784254, 0.583704, 0.210320, 0.031312, -0.607523, 0.791270, 0.069345, -0.029914, -0.125943, -0.182159, 0.975170, 0.196992, 0.000000, 0.000000, 0.000000, 1.000000, -0.125940, -0.182156, 0.975171, 0.265992, -0.784255, -0.583705, -0.210316, -0.022311, 0.607523, -0.791270, -0.069345, 0.286987, 0.000000, 0.000000, 0.000000, 1.000000, -0.017810, -0.043659, -0.998888, 0.103179, -0.998723, 0.048017, 0.015709, -0.001987, 0.047278, 0.997892, -0.044459, -0.008591, 0.000000, 0.000000, 0.000000, 1.000000
-13.7307, 30.3691, -29.1372, 197.1701, 266.1701, -21.3681, 286.2107, 103.1696, -2.0094, -8.6056, 0.778439, 0.592325, 0.207806, 0.030369, -0.615241, 0.785625, 0.065362, -0.029137, -0.124542, -0.178731, 0.975984, 0.197170, 0.000000, 0.000000, 0.000000, 1.000000, -0.124539, -0.178729, 0.975985, 0.266170, -0.778440, -0.592326, -0.207802, -0.021368, 0.615241, -0.785625, -0.065362, 0.286211, 0.000000, 0.000000, 0.000000, 1.000000, -0.016992, -0.048589, -0.998674, 0.103170, -0.998753, 0.047721, 0.014671, -0.002009, 0.046945, 0.997678, -0.049340, -0.008606, 0.000000, 0.000000, 0.000000, 1.000000
-13.2238, 29.4159, -28.4011, 197.2989, 266.2989, -20.4150, 285.4745, 103.2149, -1.9834, -8.6582, 0.773495, 0.597420, 0.211649, 0.029416, -0.621710, 0.780103, 0.070114, -0.028401, -0.123221, -0.185817, 0.974827, 0.197299, 0.000000, 0.000000, 0.000000, 1.000000, -0.123218, -0.185815, 0.974828, 0.266299, -0.773495, -0.597421, -0.211646, -0.020415, 0.621710, -0.780103, -0.070114, 0.285475, 0.000000, 0.000000, 0.000000, 1.000000, -0.016430, -0.042517, -0.998961, 0.103215, -0.998733, 0.048223, 0.014373, -0.001983, 0.047562, 0.997931, -0.043255, -0.008658, 0.000000, 0.000000, 0.000000, 1.000000
-12.7248, 28.4697, -27.6233, 197.3363, 266.3364, -19.4688, 284.6968, 103.3426, -1.9288, -8.6654, 0.767793, 0.604820, 0.211392, 0.028470, -0.629356, 0.773774, 0.072005, -0.027623, -0.120020, -0.188326, 0.974745, 0.197336, 0.000000, 0.000000, 0.000000, 1.000000, -0.120017, -0.188323, 0.974746, 0.266336, -0.767794, -0.604821, -0.211389, -0.019469, 0.629356, -0.773774, -0.072005, 0.284697, 0.000000, 0.000000, 0.000000, 1.000000, -0.017381, -0.041357, -0.998993, 0.103343, -0.998779, 0.046939, 0.015434, -0.001929, 0.046254, 0.998041, -0.042122, -0.008665, 0.000000, 0.000000, 0.000000, 1.000000
-12.1678, 27.6383, -26.9525, 197.3812, 266.3812, -18.6374, 284.0259, 103.4444, -2.1648, -8.6886, 0.763170, 0.609983, 0.213291, 0.027638, -0.635076, 0.768975, 0.073186, -0.026952, -0.119373, -0.191310, 0.974244, 0.197381, 0.000000, 0.000000, 0.000000, 1.000000, -0.119371, -0.191307, 0.974244, 0.266381, -0.763170, -0.609983, -0.213288, -0.018637, 0.635076, -0.768975, -0.073186, 0.284026, 0.000000, 0.000000, 0.000000, 1.000000, -0.016318, -0.039323, -0.999093, 0.103444, -0.998682, 0.049274, 0.014372, -0.002165, 0.048665, 0.998011, -0.040075, -0.008689, 0.000000, 0.000000, 0.000000, 1.000000
-11.6361, 26.5684, -26.0439, 197.5008, 266.5008, -17.5675, 283.1174, 103.5116, -1.9995, -8.7195, 0.756527, 0.617669, 0.214829, 0.026568, -0.643168, 0.762188, 0.073519, -0.026044, -0.118330, -0.193790, 0.973881, 0.197501, 0.000000, 0.000000, 0.000000, 1.000000, -0.118327, -0.193788, 0.973881, 0.266501, -0.756527, -0.617670, -0.214825, -0.017567, 0.643168, -0.762188, -0.073519, 0.283117, 0.000000, 0.000000, 0.000000, 1.000000, -0.014914, -0.038219, -0.999158, 0.103512, -0.998759, 0.048060, 0.013070, -0.002000, 0.047520, 0.998113, -0.038888, -0.008719, 0.000000, 0.000000, 0.000000, 1.000000
-11.1022, 25.8329, -25.3751, 197.7540, 266.7540, -16.8319, 282.4485, 103.3889, -2.2285, -8.7518, 0.752023, 0.625312, 0.208435, 0.025833, -0.649544, 0.756802, 0.073090, -0.025375, -0.112040, -0.190353, 0.975301, 0.197754, 0.000000, 0.000000, 0.000000, 1.000000, -0.112037, -0.190351, 0.975302, 0.266754, -0.752024, -0.625313, -0.208431, -0.016832, 0.649544, -0.756802, -0.073090, 0.282449, 0.000000, 0.000000, 0.000000, 1.000000, -0.019260, -0.042938, -0.998892, 0.103389, -0.998671, 0.048591, 0.017167, -0.002228, 0.047800, 0.997895, -0.043817, -0.008752, 0.000000, 0.000000, 0.000000, 1.000000
-10.6081, 24.7305, -24.3983, 197.8960, 266.8961, -15.7296, 281.4717, 103.4362, -1.9041, -8.7873, 0.744637, 0.633848, 0.209170, 0.024731, -0.658159, 0.749424, 0.072039, -0.024398, -0.111095, -0.191310, 0.975222, 0.197896, 0.000000, 0.000000, 0.000000, 1.000000, -0.111093, -0.191308, 0.975223, 0.266896, -0.744637, -0.633849, -0.209166, -0.015730, 0.658159, -0.749424, -0.072039, 0.281472, 0.000000, 0.000000, 0.000000, 1.000000, -0.017526, -0.043460, -0.998901, 0.103436, -0.998825, 0.045897, 0.015528, -0.001904, 0.045172, 0.998000, -0.044213, -0.008787, 0.000000, 0.000000, 0.000000, 1.000000
-10.0876, 23.9300, -23.7085, 197.9005, 266.9006, -14.9290, 280.7819, 103.5675, -2.0716, -8.8078, 0.738962, 0.638988, 0.213610, 0.023930, -0.663838, 0.744707, 0.068780, -0.023708, -0.115127, -0.192629, 0.974495, 0.197901, 0.000000, 0.000000, 0.000000, 1.000000, -0.115125, -0.192626, 0.974496, 0.266901, -0.738962, -0.638989, -0.213607, -0.014929, 0.663838, -0.744707, -0.068780, 0.280782, 0.000000, 0.000000, 0.000000, 1.000000, -0.011696, -0.043033, -0.999005, 0.103568, -0.998806, 0.047883, 0.009631, -0.002072, 0.047421, 0.997926, -0.043541, -0.008808, 0.000000, 0.000000, 0.000000, 1.000000
-9.5467, 23.0972, -22.9020, 197.9635, 266.9636, -14.0963, 279.9755, 103.6396, -2.1760, -8.7893, 0.734332, 0.644130, 0.214131, 0.023097, -0.669871, 0.738652, 0.075279, -0.022902, -0.109678, -0.198720, 0.973900, 0.197964, 0.000000, 0.000000, 0.000000, 1.000000, -0.109676, -0.198717, 0.973901, 0.266964, -0.734333, -0.644131, -0.214127, -0.014096, 0.669871, -0.738652, -0.075279, 0.279975, 0.000000, 0.000000, 0.000000, 1.000000, -0.015232, -0.037882, -0.999166, 0.103640, -0.998722, 0.048744, 0.013377, -0.002176, 0.048197, 0.998093, -0.038576, -0.008789, 0.000000, 0.000000, 0.000000, 1.000000
-9.0107, 22.1253, -22.0554, 198.0964, 267.0964, -13.1244, 279.1288, 103.6753, -2.1361, -8.8641, 0.727658, 0.651219, 0.215471, 0.022125, -0.676750, 0.732818, 0.070622, -0.022055, -0.111910, -0.197209, 0.973953, 0.198096, 0.000000, 0.000000, 0.000000, 1.000000, -0.111907, -0.197206, 0.973954, 0.267096, -0.727658, -0.651220, -0.215467, -0.013124, 0.676750, -0.732818, -0.070622, 0.279129, 0.000000, 0.000000, 0.000000, 1.000000, -0.010775, -0.040565, -0.999119, 0.103675, -0.998751, 0.049178, 0.008775, -0.002136, 0.048779, 0.997966, -0.041044, -0.008864, 0.000000, 0.000000, 0.000000, 1.000000
-8.4777, 21.1215, -21.0463, 198.3994, 267.3995, -12.1206, 278.1197, 103.5399, -1.9339, -8.9027, 0.720360, 0.661192, 0.209539, 0.021121, -0.685268, 0.725138, 0.067691, -0.021046, -0.107188, -0.192352, 0.975454, 0.198399, 0.000000, 0.000000, 0.000000, 1.000000, -0.107185, -0.192350, 0.975455, 0.267399, -0.720360, -0.661193, -0.209535, -0.012121, 0.685268, -0.725138, -0.067691, 0.278120, 0.000000, 0.000000, 0.000000, 1.000000, -0.012714, -0.047020, -0.998813, 0.103540, -0.998857, 0.046618, 0.010520, -0.001934, 0.046068, 0.997805, -0.047559, -0.008903, 0.000000, 0.000000, 0.000000, 1.000000
-7.9839, 20.3680, -20.3749, 198.2878, 267.2878, -11.3670, 277.4484, 103.7731, -2.1002, -8.9146, 0.715035, 0.665050, 0.215484, 0.020368, -0.690423, 0.720169, 0.068352, -0.020375, -0.109727, -0.197650, 0.974112, 0.198288, 0.000000, 0.000000, 0.000000, 1.000000, -0.109725, -0.197647, 0.974113, 0.267288, -0.715036, -0.665050, -0.215481, -0.011367, 0.690423, -0.720169, -0.068352, 0.277448, 0.000000, 0.000000, 0.000000, 1.000000, -0.008458, -0.042414, -0.999064, 0.103773, -0.998806, 0.048426, 0.006400, -0.002100, 0.048109, 0.997926, -0.042773, -0.008915, 0.000000, 0.000000, 0.000000, 1.000000
-7.4140, 19.5445, -19.5181, 198.4174, 267.4174, -10.5435, 276.5916, 103.7740, -2.2369, -8.9131, 0.709614, 0.670950, 0.215113, 0.019544, -0.696742, 0.713648, 0.072501, -0.019518, -0.104870, -0.201326, 0.973894, 0.198417, 0.000000, 0.000000, 0.000000, 1.000000, -0.104868, -0.201323, 0.973895, 0.267417, -0.709614, -0.670951, -0.215109, -0.010544, 0.696742, -0.713648, -0.072501, 0.276592, 0.000000, 0.000000, 0.000000, 1.000000, -0.011199, -0.039737, -0.999147, 0.103774, -0.998745, 0.049220, 0.009237, -0.002237, 0.048811, 0.997997, -0.040239, -0.008913, 0.000000, 0.000000, 0.000000, 1.000000
-6.7174, 18.6436, -18.6230, 198.5212, 267.5213, -9.6427, 275.6964, 103.8154, -2.5927, -8.9391, 0.702255, 0.679214, 0.213322, 0.018644, -0.704331, 0.706490, 0.069202, -0.018623, -0.103707, -0.198847, 0.974528, 0.198521, 0.000000, 0.000000, 0.000000, 1.000000, -0.103704, -0.198844, 0.974529, 0.267521, -0.702255, -0.679215, -0.213319, -0.009643, 0.704331, -0.706490, -0.069202, 0.275696, 0.000000, 0.000000, 0.000000, 1.000000, -0.009778, -0.043523, -0.999005, 0.103815, -0.998680, 0.050807, 0.007562, -0.002593, 0.050427, 0.997760, -0.043962, -0.008939, 0.000000, 0.000000, 0.000000, 1.000000
-6.1714, 17.5260, -17.4806, 198.6119, 267.6120, -8.5251, 274.5541, 103.9007, -2.2718, -8.9711, 0.694592, 0.687212, 0.212797, 0.017526, -0.712653, 0.697711, 0.072971, -0.017481, -0.098324, -0.202335, 0.974368, 0.198612, 0.000000, 0.000000, 0.000000, 1.000000, -0.098321, -0.202333, 0.974369, 0.267612, -0.694592, -0.687213, -0.212793, -0.008525, 0.712653, -0.697711, -0.072971, 0.274554, 0.000000, 0.000000, 0.000000, 1.000000, -0.012281, -0.041340, -0.999070, 0.103901, -0.998787, 0.048153, 0.010285, -0.002272, 0.047683, 0.997984, -0.041881, -0.008971, 0.000000, 0.000000, 0.000000, 1.000000
-5.7547, 16.6724, -16.5731, 198.8642, 267.8642, -7.6714, 273.6465, 103.7861, -1.9826, -9.0304, 0.687670, 0.695192, 0.209327, 0.016672, -0.719322, 0.691473, 0.066642, -0.016573, -0.098415, -0.196401, 0.975572, 0.198864, 0.000000, 0.000000, 0.000000, 1.000000, -0.098412, -0.196399, 0.975573, 0.267864, -0.687671, -0.695193, -0.209323, -0.007671, 0.719322, -0.691473, -0.066642, 0.273647, 0.000000, 0.000000, 0.000000, 1.000000, -0.009846, -0.048471, -0.998776, 0.103786, -0.998908, 0.046086, 0.007611, -0.001983, 0.045661, 0.997761, -0.048872, -0.009030, 0.000000, 0.000000, 0.000000, 1.000000
-5.2365, 15.9460, -15.8323, 198.8757, 267.8757, -6.9450, 272.9057, 103.8874, -2.1630, -9.0541, 0.682744, 0.699496, 0.211108, 0.015946, -0.724416, 0.685726, 0.070712, -0.015832, -0.095300, -0.201209, 0.974902, 0.198876, 0.000000, 0.000000, 0.000000, 1.000000, -0.095297, -0.201206, 0.974902, 0.267876, -0.682744, -0.699497, -0.211104, -0.006945, 0.724416, -0.685726, -0.070712, 0.272906, 0.000000, 0.000000, 0.000000, 1.000000, -0.011145, -0.044377, -0.998953, 0.103887, -0.998829, 0.047520, 0.009033, -0.002163, 0.047069, 0.997884, -0.044855, -0.009054, 0.000000, 0.000000, 0.000000, 1.000000
-4.7394, 15.1106, -14.9172, 198.8804, 267.8804, -6.1096, 271.9907, 104.0063, -2.0929, -9.0522, 0.675514, 0.705423, 0.214613, 0.015111, -0.730810, 0.679210, 0.067757, -0.014917, -0.097970, -0.202612, 0.974346, 0.198880, 0.000000, 0.000000, 0.000000, 1.000000, -0.097967, -0.202609, 0.974347, 0.267880, -0.675514, -0.705424, -0.214609, -0.006110, 0.730810, -0.679210, -0.067757, 0.271991, 0.000000, 0.000000, 0.000000, 1.000000, -0.006173, -0.043898, -0.999017, 0.104006, -0.998873, 0.047282, 0.004094, -0.002093, 0.047056, 0.997917, -0.044140, -0.009052, 0.000000, 0.000000, 0.000000, 1.000000
-4.2528, 14.4684, -14.2003, 198.9186, 267.9186, -5.4675, 271.2737, 104.0630, -2.2700, -9.0545, 0.671327, 0.709500, 0.214311, 0.014468, -0.735420, 0.673593, 0.073693, -0.014200, -0.092073, -0.207081, 0.973982, 0.198919, 0.000000, 0.000000, 0.000000, 1.000000, -0.092070, -0.207078, 0.973983, 0.267919, -0.671328, -0.709501, -0.214307, -0.005467, 0.735420, -0.673593, -0.073693, 0.271274, 0.000000, 0.000000, 0.000000, 1.000000, -0.010384, -0.040085, -0.999142, 0.104063, -0.998790, 0.048453, 0.008436, -0.002270, 0.048074, 0.998021, -0.040540, -0.009055, 0.000000, 0.000000, 0.000000, 1.000000
-3.6984, 13.6306, -13.2658, 199.0405, 268.0405, -4.6296, 270.3393, 104.0677, -2.3077, -9.0897, 0.664390, 0.716451, 0.212802, 0.013631, -0.742089, 0.666216, 0.073893, -0.013266, -0.088831, -0.207012, 0.974297, 0.199041, 0.000000, 0.000000, 0.000000, 1.000000, -0.088829, -0.207009, 0.974298, 0.268041, -0.664390, -0.716452, -0.212798, -0.004630, 0.742089, -0.666216, -0.073893, 0.270339, 0.000000, 0.000000, 0.000000, 1.000000, -0.011157, -0.041200, -0.999089, 0.104068, -0.998803, 0.048046, 0.009172, -0.002308, 0.047625, 0.997995, -0.041686, -0.009090, 0.000000, 0.000000, 0.000000, 1.000000
-3.2063, 12.7663, -12.3317, 199.0075, 268.0075, -3.7654, 269.4052, 104.2283, -2.1977, -9.1199, 0.657444, 0.721196, 0.218276, 0.012766, -0.748174, 0.659196, 0.075470, -0.012332, -0.089458, -0.212926, 0.972965, 0.199008, 0.000000, 0.000000, 0.000000, 1.000000, -0.089455, -0.212923, 0.972965, 0.268008, -0.657444, -0.721197, -0.218272, -0.003765, 0.748174, -0.659196, -0.075470, 0.269405, 0.000000, 0.000000, 0.000000, 1.000000, -0.008254, -0.036031, -0.999317, 0.104228, -0.998841, 0.047694, 0.006530, -0.002198, 0.047426, 0.998212, -0.036383, -0.009120, 0.000000, 0.000000, 0.000000, 1.000000
-2.7114, 12.0244, -11.3985, 199.2726, 268.2726, -3.0234, 268.4720, 104.0711, -2.1458, -9.1462, 0.650388, 0.729577, 0.211456, 0.012024, -0.754420, 0.652879, 0.067819, -0.011399, -0.088575, -0.203635, 0.975032, 0.199273, 0.000000, 0.000000, 0.000000, 1.000000, -0.088573, -0.203633, 0.975033, 0.268273, -0.650388, -0.729578, -0.211452, -0.003023, 0.754420, -0.652879, -0.067819, 0.268472, 0.000000, 0.000000, 0.000000, 1.000000, -0.006763, -0.046489, -0.998896, 0.104071, -0.998885, 0.046982, 0.004576, -0.002146, 0.046718, 0.997813, -0.046755, -0.009146, 0.000000, 0.000000, 0.000000, 1.000000
-2.2257, 11.3506, -10.6399, 199.3011, 268.3011, -2.3496, 267.7133, 104.1413, -2.2718, -9.1782, 0.644499, 0.733998, 0.214169, 0.011351, -0.759691, 0.646430, 0.070700, -0.010640, -0.086551, -0.208268, 0.974235, 0.199301, 0.000000, 0.000000, 0.000000, 1.000000, -0.086549, -0.208265, 0.974236, 0.268301, -0.644499, -0.733999, -0.214165, -0.002350, 0.759691, -0.646430, -0.070700, 0.267713, 0.000000, 0.000000, 0.000000, 1.000000, -0.006754, -0.042528, -0.999072, 0.104141, -0.998870, 0.047282, 0.004740, -0.002272, 0.047036, 0.997976, -0.042799, -0.009178, 0.000000, 0.000000, 0.000000, 1.000000
-1.7854, 10.6959, -9.8409, 199.3916, 268.3916, -1.6950, 266.9143, 104.1431, -2.2668, -9.1967, 0.639802, 0.738704, 0.212062, 0.010696, -0.764239, 0.640672, 0.074009, -0.009841, -0.081191, -0.209417, 0.974450, 0.199392, 0.000000, 0.000000, 0.000000, 1.000000, -0.081189, -0.209415, 0.974451, 0.268392, -0.639802, -0.738705, -0.212058, -0.001695, 0.764239, -0.640672, -0.074009, 0.266914, 0.000000, 0.000000, 0.000000, 1.000000, -0.010325, -0.042059, -0.999062, 0.104143, -0.998839, 0.047451, 0.008325, -0.002267, 0.047056, 0.997988, -0.042500, -0.009197, 0.000000, 0.000000, 0.000000, 1.000000
-1.2146, 9.8687, -8.8961, 199.3201, 268.3201, -0.8677, 265.9696, 104.3306, -2.3609, -9.2218, 0.631739, 0.744258, 0.216760, 0.009869, -0.770509, 0.633537, 0.070335, -0.008896, -0.084978, -0.211448, 0.973688, 0.199320, 0.000000, 0.000000, 0.000000, 1.000000, -0.084976, -0.211445, 0.973689, 0.268320, -0.631740, -0.744259, -0.216756, -0.000868, 0.770509, -0.633537, -0.070335, 0.265970, 0.000000, 0.000000, 0.000000, 1.000000, -0.004080, -0.040823, -0.999158, 0.104331, -0.998834, 0.048221, 0.002109, -0.002361, 0.048094, 0.998002, -0.040973, -0.009222, 0.000000, 0.000000, 0.000000, 1.000000
-0.5855, 9.2733, -8.0852, 199.4922, 268.4922, -0.2724, 265.1587, 104.2378, -2.8186, -9.2175, 0.625922, 0.749644, 0.215072, 0.009273, -0.775186, 0.628254, 0.066208, -0.008085, -0.085487, -0.208162, 0.974351, 0.199492, 0.000000, 0.000000, 0.000000, 1.000000, -0.085485, -0.208159, 0.974352, 0.268492, -0.625922, -0.749645, -0.215068, -0.000272, 0.775186, -0.628254, -0.066208, 0.265159, 0.000000, 0.000000, 0.000000, 1.000000, -0.001703, -0.044844, -0.998993, 0.104238, -0.998647, 0.052000, -0.000632, -0.002819, 0.051976, 0.997640, -0.044872, -0.009218, 0.000000, 0.000000, 0.000000, 1.000000
-0.0938, 8.2398, -6.8181, 199.5335, 268.5335, 0.7611, 263.8916, 104.3381, -2.3398, -9.2702, 0.617286, 0.756675, 0.215407, 0.008240, -0.782876, 0.617881, 0.072994, -0.006818, -0.077864, -0.213695, 0.973792, 0.199534, 0.000000, 0.000000, 0.000000, 1.000000, -0.077861, -0.213692, 0.973793, 0.268534, -0.617287, -0.756676, -0.215404, 0.000761, 0.782876, -0.617881, -0.072994, 0.263892, 0.000000, 0.000000, 0.000000, 1.000000, -0.006181, -0.040300, -0.999168, 0.104338, -0.998854, 0.047668, 0.004257, -0.002340, 0.047456, 0.998050, -0.040549, -0.009270, 0.000000, 0.000000, 0.000000, 1.000000
0.4581, 7.4709, -5.8544, 199.3796, 268.3796, 1.5300, 262.9278, 104.5887, -2.4161, -9.2545, 0.610101, 0.760971, 0.220679, 0.007471, -0.788534, 0.610366, 0.075285, -0.005854, -0.077405, -0.219945, 0.972437, 0.199380, 0.000000, 0.000000, 0.000000, 1.000000, -0.077403, -0.219942, 0.972437, 0.268380, -0.610101, -0.760972, -0.220676, 0.001530, 0.788534, -0.610366, -0.075285, 0.262928, 0.000000, 0.000000, 0.000000, 1.000000, -0.004304, -0.034650, -0.999390, 0.104589, -0.998832, 0.048246, 0.002629, -0.002416, 0.048126, 0.998234, -0.034817, -0.009254, 0.000000, 0.000000, 0.000000, 1.000000
0.9731, 6.7785, -4.8795, 199.7336, 268.7336, 2.2224, 261.9530, 104.3296, -2.4062, -9.3159, 0.603684, 0.767737, 0.214813, 0.006779, -0.793988, 0.603249, 0.075328, -0.004880, -0.071753, -0.216033, 0.973746, 0.199734, 0.000000, 0.000000, 0.000000, 1.000000, -0.071751, -0.216030, 0.973747, 0.268734, -0.603685, -0.767738, -0.214809, 0.002222, 0.793988, -0.603249, -0.075328, 0.261953, 0.000000, 0.000000, 0.000000, 1.000000, -0.007644, -0.039447, -0.999192, 0.104330, -0.998840, 0.047803, 0.005754, -0.002406, 0.047538, 0.998078, -0.039766, -0.009316, 0.000000, 0.000000, 0.000000, 1.000000
1.5268, 6.0193, -3.8886, 199.6940, 268.6940, 2.9817, 260.9620, 104.4651, -2.4632, -9.3289, 0.595459, 0.773581, 0.216800, 0.006019, -0.799970, 0.595789, 0.071300, -0.003889, -0.074011, -0.215890, 0.973609, 0.199694, 0.000000, 0.000000, 0.000000, 1.000000, -0.074008, -0.215887, 0.973610, 0.268694, -0.595459, -0.773581, -0.216796, 0.002982, 0.799970, -0.595789, -0.071300, 0.260962, 0.000000, 0.000000, 0.000000, 1.000000, -0.002859, -0.040349, -0.999182, 0.104465, -0.998846, 0.048024, 0.000918, -0.002463, 0.047948, 0.998031, -0.040440, -0.009329, 0.000000, 0.000000, 0.000000, 1.000000
2.0353, 5.3125, -2.8598, 199.9716, 268.9716, 3.6884, 259.9333, 104.2781, -2.3924, -9.3751, 0.588768, 0.780921, 0.208600, 0.005313, -0.805653, 0.587836, 0.073294, -0.002860, -0.065385, -0.211212, 0.975251, 0.199972, 0.000000, 0.000000, 0.000000, 1.000000, -0.065383, -0.211209, 0.975252, 0.268972, -0.588769, -0.780922, -0.208596, 0.003688, 0.805653, -0.587836, -0.073294, 0.259933, 0.000000, 0.000000, 0.000000, 1.000000, -0.008975, -0.045950, -0.998903, 0.104278, -0.998895, 0.046507, 0.006835, -0.002392, 0.046142, 0.997861, -0.046316, -0.009375, 0.000000, 0.000000, 0.000000, 1.000000
2.5497, 4.5609, -1.9119, 199.6890, 268.6890, 4.4401, 258.9854, 104.6500, -2.4134, -9.3670, 0.580956, 0.783672, 0.219882, 0.004561, -0.811014, 0.580213, 0.074888, -0.001912, -0.068891, -0.221834, 0.972648, 0.199689, 0.000000, 0.000000, 0.000000, 1.000000, -0.068889, -0.221831, 0.972649, 0.268689, -0.580956, -0.783673, -0.219878, 0.004440, 0.811014, -0.580213, -0.074888, 0.258985, 0.000000, 0.000000, 0.000000, 1.000000, -0.003148, -0.035690, -0.999358, 0.104650, -0.998896, 0.046950, 0.001469, -0.002413, 0.046867, 0.998259, -0.035798, -0.009367, 0.000000, 0.000000, 0.000000, 1.000000
3.0510, 4.0064, -1.0652, 200.0559, 269.0559, 4.9946, 258.1387, 104.3560, -2.5574, -9.4335, 0.575323, 0.790539, 0.209884, 0.004006, -0.815543, 0.574012, 0.073481, -0.001065, -0.062386, -0.213445, 0.974961, 0.200056, 0.000000, 0.000000, 0.000000, 1.000000, -0.062384, -0.213442, 0.974962, 0.269056, -0.575323, -0.790540, -0.209880, 0.004995, 0.815543, -0.574012, -0.073481, 0.258139, 0.000000, 0.000000, 0.000000, 1.000000, -0.007590, -0.044913, -0.998962, 0.104356, -0.998868, 0.047260, 0.005465, -0.002557, 0.046966, 0.997872, -0.045220, -0.009434, 0.000000, 0.000000, 0.000000, 1.000000
3.4449, 3.3135, -0.0457, 199.9918, 268.9918, 5.6875, 257.1192, 104.4959, -2.2554, -9.4217, 0.568600, 0.794794, 0.212125, 0.003313, -0.820436, 0.566667, 0.075977, -0.000046, -0.059818, -0.217236, 0.974285, 0.199992, 0.000000, 0.000000, 0.000000, 1.000000, -0.059816, -0.217232, 0.974285, 0.268992, -0.568600, -0.794795, -0.212121, 0.005687, 0.820436, -0.566667, -0.075977, 0.257119, 0.000000, 0.000000, 0.000000, 1.000000, -0.007933, -0.041637, -0.999101, 0.104496, -0.998949, 0.045439, 0.006038, -0.002255, 0.045147, 0.998099, -0.041954, -0.009422, 0.000000, 0.000000, 0.000000, 1.000000
3.9420, 2.8385, 0.6795, 200.1664, 269.1664, 6.1625, 256.3940, 104.3786, -2.5468, -9.4540, 0.563166, 0.799693, 0.208172, 0.002838, -0.824353, 0.561164, 0.074408, 0.000679, -0.057315, -0.213511, 0.975258, 0.200166, 0.000000, 0.000000, 0.000000, 1.000000, -0.057313, -0.213508, 0.975259, 0.269166, -0.563167, -0.799693, -0.208168, 0.006162, 0.824353, -0.561164, -0.074408, 0.256394, 0.000000, 0.000000, 0.000000, 1.000000, -0.008626, -0.045938, -0.998907, 0.104379, -0.998872, 0.047052, 0.006462, -0.002547, 0.046703, 0.997836, -0.046292, -0.009454, 0.000000, 0.000000, 0.000000, 1.000000
4.4414, 2.1384, 1.6331, 199.9398, 268.9398, 6.8626, 255.4403, 104.6831, -2.5534, -9.4540, 0.555287, 0.802187, 0.219438, 0.002138, -0.829298, 0.553955, 0.073472, 0.001633, -0.062621, -0.222778, 0.972856, 0.199940, 0.000000, 0.000000, 0.000000, 1.000000, -0.062619, -0.222775, 0.972857, 0.268940, -0.555287, -0.802188, -0.219435, 0.006863, 0.829298, -0.553955, -0.073472, 0.255440, 0.000000, 0.000000, 0.000000, 1.000000, -0.001085, -0.036958, -0.999316, 0.104683, -0.998856, 0.047822, -0.000684, -0.002553, 0.047815, 0.998172, -0.036968, -0.009454, 0.000000, 0.000000, 0.000000, 1.000000
4.9653, 1.5037, 2.6796, 200.2038, 269.2038, 7.4972, 254.3939, 104.4896, -2.5476, -9.4909, 0.547718, 0.809060, 0.213134, 0.001504, -0.834849, 0.545265, 0.075587, 0.002680, -0.055060, -0.219336, 0.974095, 0.200204, 0.000000, 0.000000, 0.000000, 1.000000, -0.055058, -0.219333, 0.974095, 0.269204, -0.547718, -0.809061, -0.213131, 0.007497, 0.834849, -0.545265, -0.075587, 0.254394, 0.000000, 0.000000, 0.000000, 1.000000, -0.005969, -0.041183, -0.999134, 0.104490, -0.998926, 0.046149, 0.004065, -0.002548, 0.045941, 0.998085, -0.041414, -0.009491, 0.000000, 0.000000, 0.000000, 1.000000
5.4917, 0.8113, 3.7371, 200.1540, 269.1539, 8.1896, 253.3364, 104.6121, -2.5246, -9.4991, 0.540427, 0.813603, 0.214450, 0.000811, -0.839692, 0.537715, 0.076032, 0.003737, -0.053453, -0.221161, 0.973771, 0.200154, 0.000000, 0.000000, 0.000000, 1.000000, -0.053451, -0.221158, 0.973772, 0.269154, -0.540427, -0.813604, -0.214446, 0.008190, 0.839692, -0.537715, -0.076032, 0.253336, 0.000000, 0.000000, 0.000000, 1.000000, -0.005248, -0.039855, -0.999192, 0.104612, -0.998916, 0.046431, 0.003394, -0.002525, 0.046258, 0.998126, -0.040055, -0.009499, 0.000000, 0.000000, 0.000000, 1.000000
6.0561, 0.3669, 4.4058, 200.1705, 269.1704, 8.6341, 252.6676, 104.6449, -3.0484, -9.5173, 0.535519, 0.816410, 0.216088, 0.000367, -0.842941, 0.532378, 0.077616, 0.004406, -0.051674, -0.223714, 0.973284, 0.200170, 0.000000, 0.000000, 0.000000, 1.000000, -0.051672, -0.223711, 0.973285, 0.269170, -0.535519, -0.816411, -0.216084, 0.008634, 0.842941, -0.532378, -0.077616, 0.252668, 0.000000, 0.000000, 0.000000, 1.000000, -0.005436, -0.037598, -0.999278, 0.104645, -0.998736, 0.050128, 0.003547, -0.003048, 0.049958, 0.998035, -0.037823, -0.009517, 0.000000, 0.000000, 0.000000, 1.000000
6.6169, -0.4790, 5.7750, 200.1897, 269.1896, 9.4799, 251.2985, 104.7102, -2.7578, -9.5409, 0.525383, 0.823345, 0.214651, -0.000479, -0.849294, 0.522775, 0.073518, 0.005775, -0.051684, -0.220927, 0.973920, 0.200190, 0.000000, 0.000000, 0.000000, 1.000000, -0.051682, -0.220924, 0.973921, 0.269190, -0.525384, -0.823346, -0.214647, 0.009480, 0.849294, -0.522775, -0.073518, 0.251298, 0.000000, 0.000000, 0.000000, 1.000000, -0.002306, -0.041122, -0.999151, 0.104710, -0.998835, 0.048257, 0.000319, -0.002758, 0.048203, 0.997988, -0.041186, -0.009541, 0.000000, 0.000000, 0.000000, 1.000000
7.1480, -1.1141, 6.8224, 200.3609, 269.3609, 10.1151, 250.2511, 104.6062, -2.7755, -9.5980, 0.518290, 0.827429, 0.216189, -0.001114, -0.853995, 0.514190, 0.079379, 0.006822, -0.045482, -0.225766, 0.973119, 0.200361, 0.000000, 0.000000, 0.000000, 1.000000, -0.045480, -0.225763, 0.973120, 0.269361, -0.518290, -0.827430, -0.216185, 0.010115, 0.853995, -0.514190, -0.079379, 0.250251, 0.000000, 0.000000, 0.000000, 1.000000, -0.006077, -0.036678, -0.999309, 0.104606, -0.998846, 0.047832, 0.004319, -0.002776, 0.047641, 0.998182, -0.036927, -0.009598, 0.000000, 0.000000, 0.000000, 1.000000
7.6887, -1.6542, 7.7254, 200.3046, 269.3046, 10.6551, 249.3481, 104.7113, -2.9975, -9.5918, 0.511544, 0.831113, 0.218113, -0.001654, -0.858093, 0.507325, 0.079355, 0.007725, -0.044701, -0.227755, 0.972692, 0.200305, 0.000000, 0.000000, 0.000000, 1.000000, -0.044699, -0.227752, 0.972693, 0.269305, -0.511544, -0.831114, -0.218109, 0.010655, 0.858093, -0.507325, -0.079355, 0.249348, 0.000000, 0.000000, 0.000000, 1.000000, -0.004765, -0.035042, -0.999374, 0.104711, -0.998775, 0.049391, 0.003030, -0.002997, 0.049254, 0.998165, -0.035235, -0.009592, 0.000000, 0.000000, 0.000000, 1.000000
8.2161, -2.3638, 8.8984, 200.1493, 269.1492, 11.3647, 248.1750, 104.9290, -2.8741, -9.5900, 0.501939, 0.836068, 0.221469, -0.002364, -0.863778, 0.497629, 0.079071, 0.008898, -0.044101, -0.230989, 0.971956, 0.200149, 0.000000, 0.000000, 0.000000, 1.000000, -0.044099, -0.230986, 0.971957, 0.269149, -0.501939, -0.836069, -0.221465, 0.011365, 0.863778, -0.497629, -0.079071, 0.248175, 0.000000, 0.000000, 0.000000, 1.000000, -0.002418, -0.032259, -0.999477, 0.104929, -0.998867, 0.047585, 0.000881, -0.002874, 0.047532, 0.998346, -0.032338, -0.009590, 0.000000, 0.000000, 0.000000, 1.000000
8.7419, -2.9628, 10.0103, 200.3762, 269.3761, 11.9637, 247.0631, 104.7564, -2.8400, -9.6357, 0.494664, 0.841857, 0.215833, -0.002963, -0.868183, 0.489976, 0.078624, 0.010010, -0.039562, -0.226275, 0.973260, 0.200376, 0.000000, 0.000000, 0.000000, 1.000000, -0.039561, -0.226272, 0.973260, 0.269376, -0.494665, -0.841858, -0.215829, 0.011964, 0.868183, -0.489976, -0.078624, 0.247063, 0.000000, 0.000000, 0.000000, 1.000000, -0.004568, -0.037536, -0.999285, 0.104756, -0.998870, 0.047451, 0.002783, -0.002840, 0.047313, 0.998168, -0.037710, -0.009636, 0.000000, 0.000000, 0.000000, 1.000000
9.2591, -3.5874, 11.0818, 200.2371, 269.2370, 12.5883, 245.9917, 104.9467, -2.8221, -9.6364, 0.486360, 0.845583, 0.220101, -0.003587, -0.872824, 0.481820, 0.077635, 0.011082, -0.040402, -0.229868, 0.972383, 0.200237, 0.000000, 0.000000, 0.000000, 1.000000, -0.040400, -0.229865, 0.972384, 0.269237, -0.486360, -0.845583, -0.220097, 0.012588, 0.872824, -0.481820, -0.077635, 0.245992, 0.000000, 0.000000, 0.000000, 1.000000, -0.001254, -0.034244, -0.999413, 0.104947, -0.998876, 0.047397, -0.000370, -0.002822, 0.047382, 0.998289, -0.034265, -0.009636, 0.000000, 0.000000, 0.000000, 1.000000
9.8169, -4.1497, 12.1703, 200.4654, 269.4653, 13.1506, 244.9032, 104.7657, -2.9022, -9.6827, 0.478046, 0.851034, 0.217286, -0.004150, -0.877504, 0.473503, 0.076032, 0.012170, -0.038180, -0.227016, 0.973142, 0.200465, 0.000000, 0.000000, 0.000000, 1.000000, -0.038178, -0.227013, 0.973143, 0.269465, -0.478047, -0.851034, -0.217283, 0.013151, 0.877504, -0.473503, -0.076032, 0.244903, 0.000000, 0.000000, 0.000000, 1.000000, -0.000886, -0.037580, -0.999293, 0.104766, -0.998879, 0.047329, -0.000894, -0.002902, 0.047329, 0.998172, -0.037580, -0.009683, 0.000000, 0.000000, 0.000000, 1.000000
10.3928, -4.7305, 13.2419, 200.4785, 269.4785, 13.7314, 243.8316, 104.7983, -3.0389, -9.7053, 0.470638, 0.855586, 0.215574, -0.004730, -0.881639, 0.465658, 0.076646, 0.013242, -0.034806, -0.226132, 0.973475, 0.200479, 0.000000, 0.000000, 0.000000, 1.000000, -0.034805, -0.226128, 0.973476, 0.269478, -0.470638, -0.855587, -0.215571, 0.013731, 0.881639, -0.465658, -0.076646, 0.243832, 0.000000, 0.000000, 0.000000, 1.000000, -0.001905, -0.038839, -0.999244, 0.104798, -0.998831, 0.048344, 0.000025, -0.003039, 0.048307, 0.998075, -0.038886, -0.009705, 0.000000, 0.000000, 0.000000, 1.000000
11.0648, -5.4156, 14.5382, 200.4287, 269.4286, 14.4166, 242.5352, 104.8968, -3.1557, -9.7159, 0.460820, 0.860239, 0.218254, -0.005416, -0.886830, 0.455841, 0.075768, 0.014538, -0.034311, -0.228470, 0.972946, 0.200429, 0.000000, 0.000000, 0.000000, 1.000000, -0.034309, -0.228467, 0.972947, 0.269429, -0.460820, -0.860239, -0.218250, 0.014417, 0.886830, -0.455841, -0.075768, 0.242535, 0.000000, 0.000000, 0.000000, 1.000000, 0.000550, -0.036833, -0.999321, 0.104897, -0.998789, 0.049137, -0.002361, -0.003156, 0.049190, 0.998113, -0.036762, -0.009716, 0.000000, 0.000000, 0.000000, 1.000000
11.6564, -6.0463, 15.8225, 200.5229, 269.5228, 15.0472, 241.2509, 104.8439, -3.1152, -9.7419, 0.451623, 0.865804, 0.215454, -0.006046, -0.891748, 0.445790, 0.077823, 0.015823, -0.028668, -0.227278, 0.973408, 0.200523, 0.000000, 0.000000, 0.000000, 1.000000, -0.028666, -0.227274, 0.973409, 0.269523, -0.451623, -0.865805, -0.215450, 0.015047, 0.891748, -0.445790, -0.077823, 0.241251, 0.000000, 0.000000, 0.000000, 1.000000, -0.002137, -0.038437, -0.999259, 0.104844, -0.998847, 0.048016, 0.000289, -0.003115, 0.047969, 0.998107, -0.038495, -0.009742, 0.000000, 0.000000, 0.000000, 1.000000
12.3140, -6.6669, 17.1014, 200.4870, 269.4870, 15.6679, 239.9720, 104.9144, -3.2416, -9.7381, 0.441935, 0.870529, 0.216502, -0.006667, -0.896549, 0.436672, 0.074278, 0.017101, -0.029879, -0.226931, 0.973452, 0.200487, 0.000000, 0.000000, 0.000000, 1.000000, -0.029877, -0.226927, 0.973453, 0.269487, -0.441935, -0.870530, -0.216498, 0.015668, 0.896549, -0.436672, -0.074278, 0.239972, 0.000000, 0.000000, 0.000000, 1.000000, 0.001894, -0.039102, -0.999233, 0.104914, -0.998780, 0.049226, -0.003820, -0.003242, 0.049338, 0.998022, -0.038961, -0.009738, 0.000000, 0.000000, 0.000000, 1.000000
12.9683, -7.2934, 18.4258, 200.7305, 269.7304, 16.2943, 238.6477, 104.7129, -3.3136, -9.8117, 0.432741, 0.876136, 0.212417, -0.007293, -0.901223, 0.426449, 0.077062, 0.018426, -0.023068, -0.224782, 0.974136, 0.200730, 0.000000, 0.000000, 0.000000, 1.000000, -0.023067, -0.224779, 0.974137, 0.269730, -0.432741, -0.876137, -0.212413, 0.016294, 0.901223, -0.426449, -0.077062, 0.238648, 0.000000, 0.000000, 0.000000, 1.000000, -0.001941, -0.041621, -0.999132, 0.104713, -0.998796, 0.049048, -0.000102, -0.003314, 0.049010, 0.997929, -0.041666, -0.009812, 0.000000, 0.000000, 0.000000, 1.000000
13.5544, -7.8918, 19.7233, 200.8429, 269.8428, 16.8928, 237.3502, 104.6332, -3.2638, -9.8552, 0.423497, 0.881103, 0.210496, -0.007892, -0.905723, 0.416392, 0.079274, 0.019723, -0.017801, -0.224223, 0.974375, 0.200843, 0.000000, 0.000000, 0.000000, 1.000000, -0.017799, -0.224220, 0.974376, 0.269843, -0.423497, -0.881103, -0.210493, 0.016893, 0.905723, -0.416392, -0.079274, 0.237350, 0.000000, 0.000000, 0.000000, 1.000000, -0.004293, -0.042464, -0.999089, 0.104633, -0.998842, 0.048068, 0.002249, -0.003264, 0.047928, 0.997941, -0.042621, -0.009855, 0.000000, 0.000000, 0.000000, 1.000000
14.1758, -8.4692, 20.9636, 200.6283, 269.6282, 17.4701, 236.1098, 104.8688, -3.3615, -9.8264, 0.413770, 0.884431, 0.215814, -0.008469, -0.910195, 0.406698, 0.078377, 0.020964, -0.018452, -0.228863, 0.973284, 0.200628, 0.000000, 0.000000, 0.000000, 1.000000, -0.018451, -0.228860, 0.973285, 0.269628, -0.413770, -0.884432, -0.215811, 0.017470, 0.910195, -0.406698, -0.078377, 0.236110, 0.000000, 0.000000, 0.000000, 1.000000, -0.000822, -0.037921, -0.999280, 0.104869, -0.998817, 0.048621, -0.001023, -0.003361, 0.048625, 0.998097, -0.037917, -0.009826, 0.000000, 0.000000, 0.000000, 1.000000
14.8090, -9.0674, 22.3400, 200.7587, 269.7587, 18.0684, 234.7334, 104.7644, -3.3514, -9.8739, 0.403872, 0.889617, 0.213236, -0.009067, -0.914695, 0.396482, 0.078326, 0.022340, -0.014864, -0.226679, 0.973856, 0.200759, 0.000000, 0.000000, 0.000000, 1.000000, -0.014863, -0.226676, 0.973857, 0.269759, -0.403872, -0.889618, -0.213232, 0.018068, 0.914695, -0.396482, -0.078326, 0.234733, 0.000000, 0.000000, 0.000000, 1.000000, -0.001392, -0.040370, -0.999184, 0.104764, -0.998835, 0.048259, -0.000558, -0.003351, 0.048242, 0.998019, -0.040390, -0.009874, 0.000000, 0.000000, 0.000000, 1.000000
15.3891, -9.6051, 23.6073, 200.7149, 269.7149, 18.6061, 233.4661, 104.8229, -3.3413, -9.8770, 0.395515, 0.893067, 0.214474, -0.009605, -0.918415, 0.386859, 0.082790, 0.023607, -0.009034, -0.229721, 0.973215, 0.200715, 0.000000, 0.000000, 0.000000, 1.000000, -0.009032, -0.229717, 0.973215, 0.269715, -0.395515, -0.893068, -0.214470, 0.018606, 0.918415, -0.386859, -0.082790, 0.233466, 0.000000, 0.000000, 0.000000, 1.000000, -0.004581, -0.037404, -0.999290, 0.104823, -0.998837, 0.048135, 0.002777, -0.003341, 0.047997, 0.998140, -0.037581, -0.009877, 0.000000, 0.000000, 0.000000, 1.000000
15.9651, -10.1726, 24.9418, 200.5374, 269.5374, 19.1736, 232.1316, 105.0115, -3.2487, -9.8637, 0.384754, 0.897629, 0.215003, -0.010173, -0.922924, 0.377472, 0.075669, 0.024942, -0.013235, -0.227546, 0.973677, 0.200537, 0.000000, 0.000000, 0.000000, 1.000000, -0.013233, -0.227542, 0.973678, 0.269537, -0.384754, -0.897630, -0.214999, 0.019174, 0.922924, -0.377472, -0.075669, 0.232132, 0.000000, 0.000000, 0.000000, 1.000000, 0.002573, -0.039767, -0.999206, 0.105012, -0.998848, 0.047783, -0.004473, -0.003249, 0.047923, 0.998066, -0.039598, -0.009864, 0.000000, 0.000000, 0.000000, 1.000000
16.4765, -10.6387, 26.0935, 200.6681, 269.6680, 19.6396, 230.9799, 104.8948, -3.2115, -9.9178, 0.376465, 0.901671, 0.212753, -0.010639, -0.926400, 0.368257, 0.078548, 0.026094, -0.007523, -0.226665, 0.973944, 0.200668, 0.000000, 0.000000, 0.000000, 1.000000, -0.007522, -0.226661, 0.973945, 0.269668, -0.376465, -0.901672, -0.212749, 0.019640, 0.926400, -0.368257, -0.078548, 0.230980, 0.000000, 0.000000, 0.000000, 1.000000, -0.000541, -0.040767, -0.999169, 0.104895, -0.998910, 0.046648, -0.001363, -0.003212, 0.046665, 0.998079, -0.040748, -0.009918, 0.000000, 0.000000, 0.000000, 1.000000
