# Joint_B_Angle(deg), Cam_X(mm), Cam_Y(mm), Cam_Z(mm), Torso_X(mm), Torso_Y(mm), Torso_Z(mm), EE_X(mm), EE_Y(mm), EE_Z(mm), T_cam2marker_flat(16), T_torso2marker_flat(16), T_ee2marker_flat(16)
-19.2844, 27.7774, 19.3812, 153.3376, 222.3376, -18.7774, 237.6923, 103.1680, -1.0582, -8.8063, 0.578461, 0.812564, -0.071579, 0.027777, -0.814176, 0.569766, -0.111734, 0.019381, -0.050008, 0.122912, 0.991157, 0.153338, 0.000000, 0.000000, 0.000000, 1.000000, -0.050008, 0.122912, 0.991157, 0.222338, -0.578461, -0.812564, 0.071579, -0.018777, 0.814176, -0.569766, 0.111734, 0.237692, 0.000000, 0.000000, 0.000000, 1.000000, -0.021353, -0.046938, -0.998670, 0.103168, -0.998984, 0.040665, 0.019448, -0.001058, 0.039699, 0.998070, -0.047759, -0.008806, 0.000000, 0.000000, 0.000000, 1.000000
-18.7508, 27.0516, 18.7815, 154.2428, 223.2428, -18.0516, 238.2920, 103.4405, -1.0577, -8.7156, 0.578521, 0.813136, -0.064210, 0.027052, -0.814100, 0.570739, -0.107227, 0.018781, -0.050543, 0.114306, 0.992159, 0.154243, 0.000000, 0.000000, 0.000000, 1.000000, -0.050543, 0.114306, 0.992159, 0.223243, -0.578521, -0.813136, 0.064210, -0.018052, 0.814100, -0.570739, 0.107227, 0.238292, 0.000000, 0.000000, 0.000000, 1.000000, -0.020819, -0.047573, -0.998651, 0.103441, -0.999000, 0.040510, 0.018896, -0.001058, 0.039557, 0.998046, -0.048369, -0.008716, 0.000000, 0.000000, 0.000000, 1.000000
-18.1487, 26.0884, 18.0233, 155.6486, 224.6486, -17.0884, 239.0502, 103.3659, -1.0185, -8.7657, 0.578372, 0.813965, -0.054278, 0.026088, -0.814209, 0.571866, -0.100171, 0.018023, -0.050496, 0.102130, 0.993489, 0.155649, 0.000000, 0.000000, 0.000000, 1.000000, -0.050496, 0.102130, 0.993489, 0.224649, -0.578372, -0.813965, 0.054278, -0.017088, 0.814209, -0.571866, 0.100171, 0.239050, 0.000000, 0.000000, 0.000000, 1.000000, -0.020883, -0.045835, -0.998731, 0.103366, -0.999015, 0.040081, 0.019049, -0.001018, 0.039157, 0.998145, -0.046627, -0.008766, 0.000000, 0.000000, 0.000000, 1.000000
-17.5057, 25.3576, 17.3236, 156.5367, 225.5367, -16.3576, 239.7499, 103.9191, -1.0929, -8.5535, 0.579122, 0.813528, -0.052826, 0.025358, -0.813944, 0.573331, -0.093743, 0.017324, -0.045976, 0.097286, 0.994194, 0.156537, 0.000000, 0.000000, 0.000000, 1.000000, -0.045976, 0.097286, 0.994194, 0.225537, -0.579122, -0.813528, 0.052826, -0.016358, 0.813944, -0.573331, 0.093743, 0.239750, 0.000000, 0.000000, 0.000000, 1.000000, -0.025370, -0.052091, -0.998320, 0.103919, -0.998882, 0.041167, 0.023236, -0.001093, 0.039887, 0.997794, -0.053077, -0.008554, 0.000000, 0.000000, 0.000000, 1.000000
-16.7919, 24.4345, 16.6144, 157.9843, 226.9843, -15.4345, 240.4591, 104.0895, -1.0248, -8.3662, 0.578451, 0.814723, -0.040246, 0.024434, -0.814222, 0.573703, -0.088923, 0.016614, -0.049358, 0.084207, 0.995225, 0.157984, 0.000000, 0.000000, 0.000000, 1.000000, -0.049358, 0.084207, 0.995225, 0.226984, -0.578451, -0.814723, 0.040246, -0.015434, 0.814222, -0.573703, 0.088923, 0.240459, 0.000000, 0.000000, 0.000000, 1.000000, -0.022021, -0.051477, -0.998431, 0.104089, -0.999006, 0.039847, 0.019979, -0.001025, 0.038756, 0.997879, -0.052303, -0.008366, 0.000000, 0.000000, 0.000000, 1.000000
-16.1818, 23.4020, 15.6919, 159.5067, 228.5067, -14.4020, 241.3815, 103.9434, -1.0775, -8.5899, 0.578807, 0.814889, -0.030647, 0.023402, -0.814184, 0.575383, -0.077711, 0.015692, -0.045692, 0.069932, 0.996505, 0.159507, 0.000000, 0.000000, 0.000000, 1.000000, -0.045692, 0.069932, 0.996505, 0.228507, -0.578807, -0.814889, 0.030647, -0.014402, 0.814184, -0.575383, 0.077711, 0.241382, 0.000000, 0.000000, 0.000000, 1.000000, -0.025680, -0.047758, -0.998529, 0.103943, -0.998913, 0.040106, 0.023771, -0.001078, 0.038912, 0.998053, -0.048736, -0.008590, 0.000000, 0.000000, 0.000000, 1.000000
-15.5551, 22.5097, 14.9410, 160.8557, 229.8557, -13.5097, 242.1324, 104.0322, -1.0755, -8.5921, 0.578771, 0.815209, -0.021427, 0.022510, -0.814310, 0.576320, -0.068952, 0.014941, -0.043861, 0.057356, 0.997390, 0.160856, 0.000000, 0.000000, 0.000000, 1.000000, -0.043861, 0.057356, 0.997390, 0.229856, -0.578771, -0.815209, 0.021427, -0.013510, 0.814310, -0.576320, 0.068952, 0.242132, 0.000000, 0.000000, 0.000000, 1.000000, -0.027513, -0.046086, -0.998559, 0.104032, -0.998878, 0.039788, 0.025685, -0.001076, 0.038547, 0.998145, -0.047129, -0.008592, 0.000000, 0.000000, 0.000000, 1.000000
-14.9464, 21.6705, 14.2419, 162.2410, 231.2410, -12.6705, 242.8316, 104.0565, -1.0586, -8.5681, 0.578742, 0.815395, -0.013753, 0.021670, -0.814213, 0.576787, -0.066132, 0.014242, -0.045991, 0.049471, 0.997716, 0.162241, 0.000000, 0.000000, 0.000000, 1.000000, -0.045991, 0.049471, 0.997716, 0.231241, -0.578742, -0.815395, 0.013753, -0.012670, 0.814213, -0.576787, 0.066132, 0.242832, 0.000000, 0.000000, 0.000000, 1.000000, -0.025377, -0.048812, -0.998486, 0.104056, -0.998944, 0.039494, 0.023457, -0.001059, 0.038289, 0.998027, -0.049763, -0.008568, 0.000000, 0.000000, 0.000000, 1.000000
-14.2613, 20.8492, 13.5184, 163.4944, 232.4945, -11.8492, 243.5551, 104.3994, -1.0763, -8.4162, 0.578978, 0.815277, -0.010435, 0.020849, -0.814174, 0.577415, -0.060930, 0.013518, -0.043650, 0.043773, 0.998087, 0.163494, 0.000000, 0.000000, 0.000000, 1.000000, -0.043650, 0.043773, 0.998087, 0.232494, -0.578978, -0.815277, 0.010435, -0.011849, 0.814174, -0.577415, 0.060930, 0.243555, 0.000000, 0.000000, 0.000000, 1.000000, -0.027713, -0.055030, -0.998100, 0.104399, -0.998887, 0.039653, 0.025549, -0.001076, 0.038171, 0.997697, -0.056068, -0.008416, 0.000000, 0.000000, 0.000000, 1.000000
-13.7280, 19.8317, 12.6378, 165.1408, 234.1408, -10.8317, 244.4356, 104.0128, -1.1014, -8.8111, 0.579007, 0.815294, 0.006787, 0.019832, -0.814281, 0.578668, -0.045722, 0.012638, -0.041204, 0.020947, 0.998931, 0.165141, 0.000000, 0.000000, 0.000000, 1.000000, -0.041204, 0.020947, 0.998931, 0.234141, -0.579007, -0.815294, -0.006787, -0.010832, 0.814281, -0.578668, 0.045722, 0.244436, 0.000000, 0.000000, 0.000000, 1.000000, -0.030151, -0.041501, -0.998683, 0.104013, -0.998829, 0.039059, 0.028533, -0.001101, 0.037823, 0.998375, -0.042630, -0.008811, 0.000000, 0.000000, 0.000000, 1.000000
-13.0543, 19.1092, 11.9727, 166.4070, 235.4070, -10.1092, 245.1007, 104.3386, -1.1253, -8.5927, 0.579302, 0.815008, 0.013090, 0.019109, -0.814386, 0.579389, -0.032924, 0.011973, -0.034417, 0.008413, 0.999372, 0.166407, 0.000000, 0.000000, 0.000000, 1.000000, -0.034417, 0.008413, 0.999372, 0.235407, -0.579302, -0.815008, -0.013090, -0.010109, 0.814386, -0.579389, 0.032924, 0.245101, 0.000000, 0.000000, 0.000000, 1.000000, -0.036928, -0.040703, -0.998489, 0.104339, -0.998617, 0.038918, 0.035346, -0.001125, 0.037420, 0.998413, -0.042084, -0.008593, 0.000000, 0.000000, 0.000000, 1.000000
-12.4784, 18.3074, 11.2818, 167.7677, 236.7677, -9.3074, 245.7917, 104.3570, -1.1282, -8.6479, 0.579700, 0.814556, 0.021126, 0.018307, -0.814156, 0.580080, -0.025622, 0.011282, -0.033125, -0.002347, 0.999448, 0.167768, 0.000000, 0.000000, 0.000000, 1.000000, -0.033125, -0.002347, 0.999448, 0.236768, -0.579700, -0.814556, -0.021126, -0.009307, 0.814156, -0.580080, 0.025622, 0.245792, 0.000000, 0.000000, 0.000000, 1.000000, -0.038222, -0.039963, -0.998470, 0.104357, -0.998567, 0.038974, 0.036665, -0.001128, 0.037449, 0.998441, -0.041396, -0.008648, 0.000000, 0.000000, 0.000000, 1.000000
-11.8930, 17.4581, 10.5599, 169.1937, 238.1937, -8.4581, 246.5136, 104.3477, -1.1263, -8.7588, 0.579760, 0.814146, 0.032322, 0.017458, -0.814194, 0.580395, -0.015140, 0.010560, -0.031086, -0.017539, 0.999363, 0.169194, 0.000000, 0.000000, 0.000000, 1.000000, -0.031086, -0.017539, 0.999363, 0.238194, -0.579760, -0.814146, -0.032322, -0.008458, 0.814194, -0.580395, 0.015140, 0.246514, 0.000000, 0.000000, 0.000000, 1.000000, -0.040243, -0.034995, -0.998577, 0.104348, -0.998506, 0.038392, 0.038895, -0.001126, 0.036976, 0.998650, -0.036488, -0.008759, 0.000000, 0.000000, 0.000000, 1.000000
-11.2929, 16.6449, 9.9011, 170.7040, 239.7040, -7.6449, 247.1723, 104.2999, -1.0850, -8.7980, 0.579016, 0.814036, 0.045679, 0.016645, -0.814479, 0.580051, -0.012821, 0.009901, -0.036933, -0.029781, 0.998874, 0.170704, 0.000000, 0.000000, 0.000000, 1.000000, -0.036933, -0.029781, 0.998874, 0.239704, -0.579016, -0.814036, -0.045679, -0.007645, 0.814479, -0.580051, 0.012821, 0.247172, 0.000000, 0.000000, 0.000000, 1.000000, -0.034339, -0.033270, -0.998856, 0.104300, -0.998756, 0.037306, 0.033093, -0.001085, 0.036162, 0.998750, -0.034509, -0.008798, 0.000000, 0.000000, 0.000000, 1.000000
-10.7456, 16.0493, 9.3452, 171.8336, 240.8336, -7.0493, 247.7283, 104.4999, -1.1074, -8.6823, 0.579450, 0.813751, 0.045246, 0.016049, -0.814319, 0.580350, -0.008891, 0.009345, -0.033494, -0.031693, 0.998936, 0.171834, 0.000000, 0.000000, 0.000000, 1.000000, -0.033494, -0.031693, 0.998936, 0.240834, -0.579450, -0.813751, -0.045246, -0.007049, 0.814319, -0.580350, 0.008891, 0.247728, 0.000000, 0.000000, 0.000000, 1.000000, -0.037774, -0.040881, -0.998450, 0.104500, -0.998637, 0.037566, 0.036243, -0.001107, 0.036026, 0.998458, -0.042244, -0.008682, 0.000000, 0.000000, 0.000000, 1.000000
-10.1621, 15.4725, 8.6300, 172.9941, 241.9941, -6.4725, 248.4434, 104.7572, -1.2685, -8.5836, 0.581489, 0.812714, 0.036968, 0.015473, -0.813532, 0.581206, 0.019092, 0.008630, -0.005970, -0.041176, 0.999134, 0.172994, 0.000000, 0.000000, 0.000000, 1.000000, -0.005970, -0.041176, 0.999134, 0.241994, -0.581489, -0.812714, -0.036968, -0.006473, 0.813532, -0.581206, -0.019092, 0.248443, 0.000000, 0.000000, 0.000000, 1.000000, -0.065317, -0.041505, -0.997001, 0.104757, -0.997236, 0.038184, 0.063743, -0.001268, 0.035423, 0.998408, -0.043885, -0.008584, 0.000000, 0.000000, 0.000000, 1.000000
-9.5957, 14.4054, 7.9644, 174.4926, 243.4926, -5.4054, 249.1090, 104.7054, -1.0989, -8.9360, 0.579789, 0.808880, 0.097764, 0.014405, -0.814130, 0.579893, 0.030280, 0.007964, -0.032200, -0.097148, 0.994749, 0.174493, 0.000000, 0.000000, 0.000000, 1.000000, -0.032200, -0.097148, 0.994749, 0.243493, -0.579789, -0.808880, -0.097764, -0.005405, 0.814130, -0.579893, -0.030280, 0.249109, 0.000000, 0.000000, 0.000000, 1.000000, -0.039034, 0.004651, -0.999227, 0.104705, -0.998606, 0.035376, 0.039175, -0.001099, 0.035531, 0.999363, 0.003264, -0.008936, 0.000000, 0.000000, 0.000000, 1.000000
-9.0636, 13.6491, 7.4066, 175.6081, 244.6081, -4.6491, 249.6669, 104.9316, -1.0381, -9.0086, 0.577786, 0.806399, 0.126037, 0.013649, -0.814761, 0.578986, 0.030654, 0.007407, -0.048254, -0.120401, 0.991552, 0.175608, 0.000000, 0.000000, 0.000000, 1.000000, -0.048254, -0.120401, 0.991552, 0.244608, -0.577786, -0.806399, -0.126037, -0.004649, 0.814761, -0.578986, -0.030654, 0.249667, 0.000000, 0.000000, 0.000000, 1.000000, -0.022822, 0.018747, -0.999564, 0.104932, -0.999132, 0.034410, 0.023458, -0.001038, 0.034835, 0.999232, 0.017946, -0.009009, 0.000000, 0.000000, 0.000000, 1.000000
-8.4272, 12.9649, 6.9686, 177.0185, 246.0185, -3.9649, 250.1049, 105.1095, -0.8897, -8.8050, 0.575980, 0.807396, 0.127900, 0.012965, -0.814449, 0.580213, 0.005043, 0.006969, -0.070138, -0.107073, 0.991774, 0.177018, 0.000000, 0.000000, 0.000000, 1.000000, -0.070138, -0.107073, 0.991774, 0.246018, -0.575980, -0.807396, -0.127900, -0.003965, 0.814449, -0.580213, -0.005043, 0.250105, 0.000000, 0.000000, 0.000000, 1.000000, -0.000850, -0.005711, -0.999983, 0.105109, -0.999359, 0.035786, 0.000645, -0.000890, 0.035782, 0.999343, -0.005738, -0.008805, 0.000000, 0.000000, 0.000000, 1.000000
-7.8463, 12.1268, 6.3113, 178.2378, 247.2378, -3.1268, 250.7621, 105.3803, -0.8574, -8.9395, 0.574659, 0.805063, 0.147104, 0.012127, -0.814544, 0.580054, 0.007513, 0.006311, -0.079279, -0.124140, 0.989093, 0.178238, 0.000000, 0.000000, 0.000000, 1.000000, -0.079279, -0.124140, 0.989093, 0.247238, -0.574659, -0.805063, -0.147104, -0.003127, 0.814544, -0.580054, -0.007513, 0.250762, 0.000000, 0.000000, 0.000000, 1.000000, 0.008418, 0.001377, -0.999964, 0.105380, -0.999324, 0.035789, -0.008363, -0.000857, 0.035776, 0.999358, 0.001678, -0.008940, 0.000000, 0.000000, 0.000000, 1.000000
-7.2595, 11.5769, 5.8668, 179.4833, 248.4833, -2.5769, 251.2067, 105.6053, -0.8032, -8.7204, 0.574094, 0.805172, 0.148710, 0.011577, -0.814566, 0.580057, 0.003980, 0.005867, -0.083056, -0.123419, 0.988873, 0.179483, 0.000000, 0.000000, 0.000000, 1.000000, -0.083056, -0.123419, 0.988873, 0.248483, -0.574094, -0.805172, -0.148710, -0.002577, 0.814566, -0.580057, -0.003980, 0.251207, 0.000000, 0.000000, 0.000000, 1.000000, 0.012267, -0.009593, -0.999879, 0.105605, -0.999280, 0.035779, -0.012603, -0.000803, 0.035896, 0.999314, -0.009148, -0.008720, 0.000000, 0.000000, 0.000000, 1.000000
-6.6261, 10.9809, 5.3947, 181.0856, 250.0856, -1.9809, 251.6788, 105.6013, -0.7205, -8.5298, 0.573695, 0.806896, 0.140688, 0.010981, -0.814384, 0.580282, -0.007244, 0.005395, -0.087483, -0.110418, 0.990027, 0.181086, 0.000000, 0.000000, 0.000000, 1.000000, -0.087483, -0.110418, 0.990027, 0.250086, -0.573695, -0.806896, -0.140688, -0.001981, 0.814384, -0.580282, 0.007244, 0.251679, 0.000000, 0.000000, 0.000000, 1.000000, 0.016728, -0.033758, -0.999290, 0.105601, -0.999195, 0.035871, -0.017938, -0.000720, 0.036451, 0.998786, -0.033131, -0.008530, 0.000000, 0.000000, 0.000000, 1.000000
-6.0639, 10.2930, 4.7464, 182.4615, 251.4615, -1.2930, 252.3271, 105.6845, -0.7550, -8.6234, 0.573768, 0.804734, 0.152294, 0.010293, -0.814125, 0.580688, -0.001184, 0.004746, -0.089388, -0.123307, 0.988334, 0.182462, 0.000000, 0.000000, 0.000000, 1.000000, -0.089388, -0.123307, 0.988334, 0.251462, -0.573768, -0.804734, -0.152294, -0.001293, 0.814125, -0.580688, 0.001184, 0.252327, 0.000000, 0.000000, 0.000000, 1.000000, 0.018608, -0.030514, -0.999361, 0.105684, -0.999138, 0.036536, -0.019719, -0.000755, 0.037115, 0.998866, -0.029808, -0.008623, 0.000000, 0.000000, 0.000000, 1.000000
-5.4833, 9.7710, 4.1704, 183.8163, 252.8163, -0.7710, 252.9031, 105.8117, -0.8204, -8.5153, 0.575040, 0.803245, 0.155324, 0.009771, -0.814329, 0.580230, 0.014191, 0.004170, -0.078724, -0.134645, 0.987762, 0.183816, 0.000000, 0.000000, 0.000000, 1.000000, -0.078724, -0.134645, 0.987762, 0.252816, -0.575040, -0.803245, -0.155324, -0.000771, 0.814329, -0.580230, -0.014191, 0.252903, 0.000000, 0.000000, 0.000000, 1.000000, 0.007917, -0.029208, -0.999542, 0.105812, -0.999304, 0.036218, -0.008974, -0.000820, 0.036463, 0.998917, -0.028900, -0.008515, 0.000000, 0.000000, 0.000000, 1.000000
-4.8995, 9.1628, 3.5443, 185.3504, 254.3504, -0.1628, 253.5292, 105.7970, -0.8692, -8.5416, 0.576583, 0.801120, 0.160496, 0.009163, -0.814236, 0.579667, 0.031728, 0.003544, -0.067617, -0.148975, 0.986526, 0.185350, 0.000000, 0.000000, 0.000000, 1.000000, -0.067617, -0.148975, 0.986526, 0.254350, -0.576583, -0.801120, -0.160496, -0.000163, 0.814236, -0.579667, -0.031728, 0.253529, 0.000000, 0.000000, 0.000000, 1.000000, -0.003255, -0.024902, -0.999685, 0.105797, -0.999350, 0.035972, 0.002358, -0.000869, 0.035902, 0.999042, -0.025003, -0.008542, 0.000000, 0.000000, 0.000000, 1.000000
-4.3118, 8.6155, 3.1599, 186.7427, 255.7427, 0.3845, 253.9136, 105.9187, -0.7588, -8.3662, 0.574835, 0.802638, 0.159173, 0.008616, -0.814393, 0.580095, 0.015932, 0.003160, -0.079548, -0.138788, 0.987122, 0.186743, 0.000000, 0.000000, 0.000000, 1.000000, -0.079548, -0.138788, 0.987122, 0.255743, -0.574835, -0.802638, -0.159173, 0.000384, 0.814393, -0.580095, -0.015932, 0.253914, 0.000000, 0.000000, 0.000000, 1.000000, 0.008814, -0.045453, -0.998928, 0.105919, -0.999292, 0.036140, -0.010461, -0.000759, 0.036576, 0.998313, -0.045102, -0.008366, 0.000000, 0.000000, 0.000000, 1.000000
-3.7370, 7.9823, 2.5724, 188.2775, 257.2775, 1.0177, 254.5010, 105.9069, -0.7632, -8.4351, 0.574908, 0.800611, 0.168829, 0.007982, -0.814513, 0.579603, 0.025079, 0.002572, -0.077775, -0.151932, 0.985326, 0.188277, 0.000000, 0.000000, 0.000000, 1.000000, -0.077775, -0.151932, 0.985326, 0.257277, -0.574908, -0.800611, -0.168829, 0.001018, 0.814513, -0.579603, -0.025079, 0.254501, 0.000000, 0.000000, 0.000000, 1.000000, 0.007093, -0.042182, -0.999085, 0.105907, -0.999315, 0.035981, -0.008614, -0.000763, 0.036311, 0.998462, -0.041897, -0.008435, 0.000000, 0.000000, 0.000000, 1.000000
-3.2022, 7.5148, 2.1375, 189.6160, 258.6160, 1.4852, 254.9360, 105.9621, -0.7469, -8.3333, 0.575403, 0.800042, 0.169837, 0.007515, -0.814299, 0.579786, 0.027655, 0.002137, -0.076344, -0.154210, 0.985084, 0.189616, 0.000000, 0.000000, 0.000000, 1.000000, -0.076344, -0.154210, 0.985084, 0.258616, -0.575403, -0.800042, -0.169837, 0.001485, 0.814299, -0.579786, -0.027655, 0.254936, 0.000000, 0.000000, 0.000000, 1.000000, 0.005604, -0.049173, -0.998775, 0.105962, -0.999314, 0.036284, -0.007394, -0.000747, 0.036603, 0.998131, -0.048936, -0.008333, 0.000000, 0.000000, 0.000000, 1.000000
-2.6495, 6.9967, 1.6550, 190.8788, 259.8788, 2.0033, 255.4185, 106.1544, -0.7464, -8.2595, 0.575435, 0.798210, 0.178141, 0.006997, -0.814174, 0.579717, 0.032382, 0.001655, -0.077424, -0.163671, 0.983472, 0.190879, 0.000000, 0.000000, 0.000000, 1.000000, -0.077424, -0.163671, 0.983472, 0.259879, -0.575435, -0.798210, -0.178141, 0.002003, 0.814174, -0.579717, -0.032382, 0.255418, 0.000000, 0.000000, 0.000000, 1.000000, 0.006663, -0.049189, -0.998767, 0.106154, -0.999294, 0.036611, -0.008470, -0.000746, 0.036983, 0.998118, -0.048910, -0.008260, 0.000000, 0.000000, 0.000000, 1.000000
-2.1153, 6.4683, 1.1099, 192.2258, 261.2258, 2.5317, 255.9635, 106.2370, -0.7889, -8.2900, 0.576431, 0.795927, 0.185004, 0.006468, -0.814187, 0.578679, 0.047223, 0.001110, -0.069472, -0.177849, 0.981602, 0.192226, 0.000000, 0.000000, 0.000000, 1.000000, -0.069472, -0.177849, 0.981602, 0.261226, -0.576431, -0.795927, -0.185004, 0.002532, 0.814187, -0.578679, -0.047223, 0.255964, 0.000000, 0.000000, 0.000000, 1.000000, -0.001274, -0.044130, -0.999025, 0.106237, -0.999349, 0.036087, -0.000320, -0.000789, 0.036065, 0.998374, -0.044147, -0.008290, 0.000000, 0.000000, 0.000000, 1.000000
-1.4968, 6.0004, 0.6964, 193.6096, 262.6096, 2.9996, 256.3771, 106.4656, -0.7468, -8.0622, 0.575582, 0.795088, 0.191153, 0.006000, -0.814224, 0.578892, 0.043852, 0.000696, -0.075791, -0.180882, 0.980580, 0.193610, 0.000000, 0.000000, 0.000000, 1.000000, -0.075791, -0.180882, 0.980580, 0.262610, -0.575582, -0.795088, -0.191153, 0.003000, 0.814224, -0.578892, -0.043852, 0.256377, 0.000000, 0.000000, 0.000000, 1.000000, 0.005085, -0.051792, -0.998645, 0.106466, -0.999309, 0.036514, -0.006982, -0.000747, 0.036826, 0.997990, -0.051571, -0.008062, 0.000000, 0.000000, 0.000000, 1.000000
-0.9028, 5.4819, 0.2046, 195.5747, 264.5747, 3.5181, 256.8689, 106.1011, -0.7085, -8.1153, 0.576354, 0.795832, 0.185655, 0.005482, -0.814507, 0.577862, 0.051507, 0.000205, -0.066292, -0.180904, 0.981264, 0.195575, 0.000000, 0.000000, 0.000000, 1.000000, -0.066292, -0.180904, 0.981264, 0.264575, -0.576354, -0.795832, -0.185655, 0.003518, 0.814507, -0.577862, -0.051507, 0.256869, 0.000000, 0.000000, 0.000000, 1.000000, -0.004247, -0.062212, -0.998054, 0.106101, -0.999377, 0.035223, 0.002057, -0.000709, 0.035027, 0.997441, -0.062323, -0.008115, 0.000000, 0.000000, 0.000000, 1.000000
-0.3564, 4.9172, -0.4087, 196.7852, 265.7852, 4.0828, 257.4821, 106.3891, -0.7969, -8.1900, 0.576910, 0.790602, 0.205240, 0.004917, -0.814094, 0.577011, 0.065642, -0.000409, -0.066529, -0.204954, 0.976508, 0.196785, 0.000000, 0.000000, 0.000000, 1.000000, -0.066529, -0.204954, 0.976508, 0.265785, -0.576910, -0.790602, -0.205240, 0.004083, 0.814094, -0.577011, -0.065642, 0.257482, 0.000000, 0.000000, 0.000000, 1.000000, -0.004154, -0.047151, -0.998879, 0.106389, -0.999353, 0.035873, 0.002463, -0.000797, 0.035716, 0.998243, -0.047269, -0.008190, 0.000000, 0.000000, 0.000000, 1.000000
0.2245, 4.4725, -0.7777, 198.3504, 267.3504, 4.5275, 257.8511, 106.3738, -0.7233, -8.0718, 0.576543, 0.791434, 0.203055, 0.004473, -0.814320, 0.576938, 0.063442, -0.000778, -0.066940, -0.201929, 0.977110, 0.198350, 0.000000, 0.000000, 0.000000, 1.000000, -0.066940, -0.201929, 0.977110, 0.267350, -0.576543, -0.791434, -0.203055, 0.004527, 0.814320, -0.576938, -0.063442, 0.257851, 0.000000, 0.000000, 0.000000, 1.000000, -0.003612, -0.060392, -0.998168, 0.106374, -0.999368, 0.035521, 0.001467, -0.000723, 0.035367, 0.997543, -0.060482, -0.008072, 0.000000, 0.000000, 0.000000, 1.000000
0.7937, 3.9362, -1.3147, 199.7852, 268.7852, 5.0638, 258.3881, 106.5058, -0.7490, -8.1176, 0.577228, 0.786673, 0.218981, 0.003936, -0.814003, 0.575628, 0.077791, -0.001315, -0.064856, -0.223154, 0.972623, 0.199785, 0.000000, 0.000000, 0.000000, 1.000000, -0.064856, -0.223154, 0.972623, 0.268785, -0.577228, -0.786673, -0.218981, 0.005064, 0.814003, -0.575628, -0.077791, 0.258388, 0.000000, 0.000000, 0.000000, 1.000000, -0.005790, -0.048552, -0.998804, 0.106506, -0.999354, 0.035720, 0.004056, -0.000749, 0.035480, 0.998182, -0.048727, -0.008118, 0.000000, 0.000000, 0.000000, 1.000000
1.4003, 3.4421, -1.7972, 201.3772, 270.3772, 5.5579, 258.8707, 106.5686, -0.7406, -8.0857, 0.576623, 0.785334, 0.225292, 0.003442, -0.814182, 0.575274, 0.078536, -0.001797, -0.067928, -0.228714, 0.971121, 0.201377, 0.000000, 0.000000, 0.000000, 1.000000, -0.067928, -0.228714, 0.971121, 0.270377, -0.576623, -0.785334, -0.225292, 0.005558, 0.814182, -0.575274, -0.078536, 0.258871, 0.000000, 0.000000, 0.000000, 1.000000, -0.002631, -0.053404, -0.998570, 0.106569, -0.999359, 0.035801, 0.000718, -0.000741, 0.035711, 0.997931, -0.053464, -0.008086, 0.000000, 0.000000, 0.000000, 1.000000
2.0235, 3.0240, -2.1704, 202.9224, 271.9224, 5.9760, 259.2439, 106.6926, -0.6848, -7.9037, 0.576772, 0.783948, 0.229693, 0.003024, -0.814212, 0.574489, 0.083789, -0.002170, -0.066269, -0.235346, 0.969650, 0.202922, 0.000000, 0.000000, 0.000000, 1.000000, -0.066269, -0.235346, 0.969650, 0.271922, -0.576772, -0.783948, -0.229693, 0.005976, 0.814212, -0.574489, -0.083789, 0.259244, 0.000000, 0.000000, 0.000000, 1.000000, -0.004217, -0.057462, -0.998339, 0.106693, -0.999368, 0.035483, 0.002179, -0.000685, 0.035298, 0.997717, -0.057575, -0.007904, 0.000000, 0.000000, 0.000000, 1.000000
2.6230, 2.5221, -2.6932, 204.4336, 273.4336, 6.4779, 259.7666, 106.8443, -0.7120, -7.9150, 0.577608, 0.779684, 0.241790, 0.002522, -0.813961, 0.572572, 0.098124, -0.002693, -0.061936, -0.253485, 0.965355, 0.204434, 0.000000, 0.000000, 0.000000, 1.000000, -0.061936, -0.253485, 0.965355, 0.273434, -0.577608, -0.779684, -0.241790, 0.006478, 0.813961, -0.572572, -0.098124, 0.259767, 0.000000, 0.000000, 0.000000, 1.000000, -0.008569, -0.049207, -0.998752, 0.106844, -0.999360, 0.035115, 0.006844, -0.000712, 0.034734, 0.998171, -0.049476, -0.007915, 0.000000, 0.000000, 0.000000, 1.000000
3.2205, 2.0524, -3.1474, 206.2357, 275.2357, 6.9476, 260.2208, 106.7098, -0.6831, -7.9700, 0.577418, 0.778518, 0.245964, 0.002052, -0.814071, 0.571965, 0.100720, -0.003147, -0.062271, -0.258390, 0.964032, 0.206236, 0.000000, 0.000000, 0.000000, 1.000000, -0.062271, -0.258390, 0.964032, 0.275236, -0.577418, -0.778518, -0.245964, 0.006948, 0.814071, -0.571965, -0.100720, 0.260221, 0.000000, 0.000000, 0.000000, 1.000000, -0.008139, -0.054553, -0.998478, 0.106710, -0.999370, 0.034935, 0.006238, -0.000683, 0.034542, 0.997900, -0.054803, -0.007970, 0.000000, 0.000000, 0.000000, 1.000000
3.8209, 1.6953, -3.5265, 207.4833, 276.4833, 7.3047, 260.5999, 107.0751, -0.6863, -7.7298, 0.577048, 0.775712, 0.255511, 0.001695, -0.814140, 0.571155, 0.104677, -0.003526, -0.064738, -0.268425, 0.961123, 0.207483, 0.000000, 0.000000, 0.000000, 1.000000, -0.064738, -0.268425, 0.961123, 0.276483, -0.577048, -0.775712, -0.255511, 0.007305, 0.814140, -0.571155, -0.104677, 0.260600, 0.000000, 0.000000, 0.000000, 1.000000, -0.005643, -0.054583, -0.998493, 0.107075, -0.999374, 0.035184, 0.003725, -0.000686, 0.034927, 0.997889, -0.054747, -0.007730, 0.000000, 0.000000, 0.000000, 1.000000
4.5338, 1.1731, -4.0368, 209.3838, 278.3838, 7.8269, 261.1103, 107.1622, -0.6623, -7.7020, 0.576985, 0.773170, 0.263243, 0.001173, -0.814443, 0.568881, 0.114267, -0.004037, -0.061406, -0.280326, 0.957939, 0.209384, 0.000000, 0.000000, 0.000000, 1.000000, -0.061406, -0.280326, 0.957939, 0.278384, -0.576985, -0.773170, -0.263243, 0.007827, 0.814443, -0.568881, -0.114267, 0.261110, 0.000000, 0.000000, 0.000000, 1.000000, -0.008666, -0.054706, -0.998465, 0.107162, -0.999400, 0.033957, 0.006814, -0.000662, 0.033532, 0.997925, -0.054967, -0.007702, 0.000000, 0.000000, 0.000000, 1.000000
5.1319, 0.7697, -4.4858, 210.9077, 279.9077, 8.2303, 261.5592, 107.3057, -0.6833, -7.6526, 0.577472, 0.769476, 0.272823, 0.000770, -0.813968, 0.568474, 0.119554, -0.004486, -0.063098, -0.291108, 0.954607, 0.210908, 0.000000, 0.000000, 0.000000, 1.000000, -0.063098, -0.291108, 0.954607, 0.279908, -0.577472, -0.769476, -0.272823, 0.008230, 0.813968, -0.568474, -0.119554, 0.261559, 0.000000, 0.000000, 0.000000, 1.000000, -0.007248, -0.053789, -0.998526, 0.107306, -0.999373, 0.034995, 0.005369, -0.000683, 0.034655, 0.997939, -0.054008, -0.007653, 0.000000, 0.000000, 0.000000, 1.000000
5.7727, 0.3630, -4.8578, 212.9512, 281.9512, 8.6370, 261.9312, 107.0636, -0.6057, -7.6804, 0.577996, 0.769263, 0.272314, 0.000363, -0.814100, 0.566565, 0.127459, -0.004858, -0.056234, -0.295362, 0.953729, 0.212951, 0.000000, 0.000000, 0.000000, 1.000000, -0.056234, -0.295362, 0.953729, 0.281951, -0.577996, -0.769263, -0.272314, 0.008637, 0.814100, -0.566565, -0.127459, 0.261931, 0.000000, 0.000000, 0.000000, 1.000000, -0.013757, -0.060628, -0.998066, 0.107064, -0.999378, 0.033249, 0.011756, -0.000606, 0.032472, 0.997606, -0.061048, -0.007680, 0.000000, 0.000000, 0.000000, 1.000000
6.2972, -0.0065, -5.2652, 214.4606, 283.4606, 9.0065, 262.3387, 107.0558, -0.6179, -7.7428, 0.578593, 0.764150, 0.285141, -0.000007, -0.813542, 0.565623, 0.134983, -0.005265, -0.058135, -0.310075, 0.948933, 0.214461, 0.000000, 0.000000, 0.000000, 1.000000, -0.058135, -0.310075, 0.948933, 0.283461, -0.578593, -0.764150, -0.285141, 0.009007, 0.813542, -0.565623, -0.134983, 0.262339, 0.000000, 0.000000, 0.000000, 1.000000, -0.012216, -0.054230, -0.998454, 0.107056, -0.999354, 0.034405, 0.010359, -0.000618, 0.033790, 0.997936, -0.054615, -0.007743, 0.000000, 0.000000, 0.000000, 1.000000
6.8412, -0.3665, -5.6488, 215.9211, 284.9210, 9.3665, 262.7223, 107.1415, -0.6173, -7.7419, 0.577571, 0.762473, 0.291628, -0.000366, -0.814169, 0.564065, 0.137695, -0.005649, -0.059508, -0.316963, 0.946569, 0.215921, 0.000000, 0.000000, 0.000000, 1.000000, -0.059508, -0.316963, 0.946569, 0.284921, -0.577571, -0.762473, -0.291628, 0.009366, 0.814169, -0.564065, -0.137695, 0.262722, 0.000000, 0.000000, 0.000000, 1.000000, -0.010447, -0.056504, -0.998348, 0.107142, -0.999398, 0.033613, 0.008555, -0.000617, 0.033074, 0.997836, -0.056821, -0.007742, 0.000000, 0.000000, 0.000000, 1.000000
7.4615, -0.6646, -5.9383, 217.2345, 286.2345, 9.6646, 263.0117, 107.5121, -0.5752, -7.4557, 0.577434, 0.759523, 0.299491, -0.000665, -0.814199, 0.562854, 0.142392, -0.005938, -0.060419, -0.326067, 0.943414, 0.217234, 0.000000, 0.000000, 0.000000, 1.000000, -0.060419, -0.326067, 0.943414, 0.286234, -0.577434, -0.759523, -0.299491, 0.009665, 0.814199, -0.562854, -0.142392, 0.263012, 0.000000, 0.000000, 0.000000, 1.000000, -0.009491, -0.057682, -0.998290, 0.107512, -0.999404, 0.033683, 0.007555, -0.000575, 0.033190, 0.997767, -0.057967, -0.007456, 0.000000, 0.000000, 0.000000, 1.000000
8.0954, -0.9772, -6.2917, 218.4908, 287.4908, 9.9772, 263.3651, 107.9892, -0.5811, -7.1732, 0.577788, 0.754890, 0.310327, -0.000977, -0.814105, 0.560172, 0.153104, -0.006292, -0.058260, -0.341100, 0.938220, 0.218491, 0.000000, 0.000000, 0.000000, 1.000000, -0.058260, -0.341100, 0.938220, 0.287491, -0.577788, -0.754890, -0.310327, 0.009977, 0.814105, -0.560172, -0.153104, 0.263365, 0.000000, 0.000000, 0.000000, 1.000000, -0.011553, -0.052806, -0.998538, 0.107989, -0.999403, 0.033122, 0.009811, -0.000581, 0.032555, 0.998055, -0.053157, -0.007173, 0.000000, 0.000000, 0.000000, 1.000000
8.7288, -1.4055, -6.7713, 220.9525, 289.9525, 10.4055, 263.8447, 107.4355, -0.5616, -7.5353, 0.577710, 0.752580, 0.316029, -0.001406, -0.814204, 0.558668, 0.157993, -0.006771, -0.057653, -0.348586, 0.935502, 0.220952, 0.000000, 0.000000, 0.000000, 1.000000, -0.057653, -0.348586, 0.935502, 0.289952, -0.577710, -0.752580, -0.316029, 0.010406, 0.814204, -0.558668, -0.157993, 0.263845, 0.000000, 0.000000, 0.000000, 1.000000, -0.011991, -0.055890, -0.998365, 0.107435, -0.999414, 0.032695, 0.010173, -0.000562, 0.032073, 0.997901, -0.056249, -0.007535, 0.000000, 0.000000, 0.000000, 1.000000
9.4385, -1.6604, -7.0697, 222.0553, 291.0553, 10.6604, 264.1431, 108.2164, -0.5571, -6.9972, 0.578024, 0.748284, 0.325515, -0.001660, -0.813990, 0.556843, 0.165368, -0.007070, -0.057518, -0.360552, 0.930964, 0.222055, 0.000000, 0.000000, 0.000000, 1.000000, -0.057518, -0.360552, 0.930964, 0.291055, -0.578024, -0.748284, -0.325515, 0.010660, 0.813990, -0.556843, -0.165368, 0.264143, 0.000000, 0.000000, 0.000000, 1.000000, -0.012185, -0.055433, -0.998388, 0.108216, -0.999407, 0.032844, 0.010374, -0.000557, 0.032216, 0.997922, -0.055800, -0.006997, 0.000000, 0.000000, 0.000000, 1.000000
10.0588, -2.0610, -7.5132, 224.5179, 293.5179, 11.0610, 264.5866, 107.6492, -0.5254, -7.3891, 0.578232, 0.744449, 0.333832, -0.002061, -0.813997, 0.554129, 0.174215, -0.007513, -0.055292, -0.372475, 0.926394, 0.224518, 0.000000, 0.000000, 0.000000, 1.000000, -0.055292, -0.372475, 0.926394, 0.293518, -0.578232, -0.744449, -0.333832, 0.011061, 0.813997, -0.554129, -0.174215, 0.264587, 0.000000, 0.000000, 0.000000, 1.000000, -0.014204, -0.053473, -0.998468, 0.107649, -0.999409, 0.032010, 0.012503, -0.000525, 0.031292, 0.998056, -0.053896, -0.007389, 0.000000, 0.000000, 0.000000, 1.000000
10.6794, -2.2978, -7.7839, 226.0683, 295.0683, 11.2978, 264.8574, 107.8270, -0.4907, -7.2024, 0.578584, 0.741369, 0.340017, -0.002298, -0.813745, 0.552971, 0.179004, -0.007784, -0.055311, -0.380256, 0.923226, 0.226068, 0.000000, 0.000000, 0.000000, 1.000000, -0.055311, -0.380256, 0.923226, 0.295068, -0.578584, -0.741369, -0.340017, 0.011298, 0.813745, -0.552971, -0.179004, 0.264857, 0.000000, 0.000000, 0.000000, 1.000000, -0.014291, -0.055858, -0.998336, 0.107827, -0.999400, 0.032290, 0.012500, -0.000491, 0.031538, 0.997916, -0.056286, -0.007202, 0.000000, 0.000000, 0.000000, 1.000000
11.2728, -2.5709, -8.1105, 227.5941, 296.5941, 11.5709, 265.1840, 107.9983, -0.4862, -7.1233, 0.578347, 0.737589, 0.348536, -0.002571, -0.813928, 0.550571, 0.185454, -0.008111, -0.055105, -0.390940, 0.918765, 0.227594, 0.000000, 0.000000, 0.000000, 1.000000, -0.055105, -0.390940, 0.918765, 0.296594, -0.578347, -0.737589, -0.348536, 0.011571, 0.813928, -0.550571, -0.185454, 0.265184, 0.000000, 0.000000, 0.000000, 1.000000, -0.014267, -0.054643, -0.998404, 0.107998, -0.999417, 0.031767, 0.012543, -0.000486, 0.031031, 0.998000, -0.055065, -0.007123, 0.000000, 0.000000, 0.000000, 1.000000
11.9003, -2.8889, -8.4841, 229.6081, 298.6081, 11.8889, 265.5575, 107.8520, -0.4678, -7.2676, 0.578389, 0.733828, 0.356319, -0.002889, -0.813975, 0.548043, 0.192597, -0.008484, -0.053945, -0.401431, 0.914299, 0.229608, 0.000000, 0.000000, 0.000000, 1.000000, -0.053945, -0.401431, 0.914299, 0.298608, -0.578389, -0.733828, -0.356319, 0.011889, 0.813975, -0.548043, -0.192597, 0.265558, 0.000000, 0.000000, 0.000000, 1.000000, -0.015221, -0.054186, -0.998415, 0.107852, -0.999423, 0.031140, 0.013547, -0.000468, 0.030357, 0.998045, -0.054629, -0.007268, 0.000000, 0.000000, 0.000000, 1.000000
12.4376, -3.0798, -8.7301, 230.9182, 299.9182, 12.0798, 265.8036, 108.0573, -0.4581, -7.1187, 0.578259, 0.729161, 0.365978, -0.003080, -0.813909, 0.546529, 0.197122, -0.008730, -0.056284, -0.411861, 0.909507, 0.230918, 0.000000, 0.000000, 0.000000, 1.000000, -0.056284, -0.411861, 0.909507, 0.299918, -0.578259, -0.729161, -0.365978, 0.012080, 0.813909, -0.546529, -0.197122, 0.265804, 0.000000, 0.000000, 0.000000, 1.000000, -0.013029, -0.052063, -0.998559, 0.108057, -0.999427, 0.031869, 0.011379, -0.000458, 0.031231, 0.998135, -0.052448, -0.007119, 0.000000, 0.000000, 0.000000, 1.000000
13.0483, -3.2712, -8.9586, 232.6351, 301.6351, 12.2712, 266.0320, 108.0761, -0.4068, -7.0215, 0.578708, 0.726680, 0.370180, -0.003271, -0.813791, 0.544223, 0.203877, -0.008959, -0.053307, -0.419235, 0.906312, 0.232635, 0.000000, 0.000000, 0.000000, 1.000000, -0.053307, -0.419235, 0.906312, 0.301635, -0.578708, -0.726680, -0.370180, 0.012271, 0.813791, -0.544223, -0.203877, 0.266032, 0.000000, 0.000000, 0.000000, 1.000000, -0.015784, -0.054660, -0.998380, 0.108076, -0.999423, 0.030899, 0.014109, -0.000407, 0.030078, 0.998027, -0.055116, -0.007022, 0.000000, 0.000000, 0.000000, 1.000000
13.6380, -3.5371, -9.3217, 234.5968, 303.5968, 12.5371, 266.3952, 107.9047, -0.4158, -7.2170, 0.578603, 0.722106, 0.379186, -0.003537, -0.813799, 0.542097, 0.209435, -0.009322, -0.054321, -0.429760, 0.901308, 0.234597, 0.000000, 0.000000, 0.000000, 1.000000, -0.054321, -0.429760, 0.901308, 0.303597, -0.578603, -0.722106, -0.379186, 0.012537, 0.813799, -0.542097, -0.209435, 0.266395, 0.000000, 0.000000, 0.000000, 1.000000, -0.014758, -0.053284, -0.998470, 0.107905, -0.999431, 0.031069, 0.013114, -0.000416, 0.030322, 0.998096, -0.053712, -0.007217, 0.000000, 0.000000, 0.000000, 1.000000
14.2588, -3.6931, -9.5327, 235.9132, 304.9132, 12.6931, 266.6062, 108.2998, -0.3909, -6.9013, 0.579375, 0.717246, 0.387148, -0.003693, -0.813401, 0.539103, 0.218509, -0.009533, -0.051987, -0.441505, 0.895751, 0.235913, 0.000000, 0.000000, 0.000000, 1.000000, -0.051987, -0.441505, 0.895751, 0.304913, -0.579375, -0.717246, -0.387148, 0.012693, 0.813401, -0.539103, -0.218509, 0.266606, 0.000000, 0.000000, 0.000000, 1.000000, -0.017124, -0.051070, -0.998548, 0.108300, -0.999410, 0.030613, 0.015573, -0.000391, 0.029774, 0.998226, -0.051564, -0.006901, 0.000000, 0.000000, 0.000000, 1.000000
14.8224, -3.8659, -9.8042, 237.7070, 306.7070, 12.8659, 266.8777, 108.1778, -0.3867, -6.9803, 0.579261, 0.714148, 0.393000, -0.003866, -0.813505, 0.537011, 0.223222, -0.009804, -0.051632, -0.449011, 0.892033, 0.237707, 0.000000, 0.000000, 0.000000, 1.000000, -0.051632, -0.449011, 0.892033, 0.306707, -0.579261, -0.714148, -0.393000, 0.012866, 0.813505, -0.537011, -0.223222, 0.266878, 0.000000, 0.000000, 0.000000, 1.000000, -0.017267, -0.052531, -0.998470, 0.108178, -0.999422, 0.030167, 0.015696, -0.000387, 0.029296, 0.998164, -0.053021, -0.006980, 0.000000, 0.000000, 0.000000, 1.000000
15.4784, -4.0577, -10.0388, 239.5093, 308.5093, 13.0577, 267.1123, 108.2730, -0.3347, -6.8993, 0.579014, 0.710351, 0.400179, -0.004058, -0.813616, 0.535106, 0.227354, -0.010039, -0.052637, -0.457234, 0.887788, 0.239509, 0.000000, 0.000000, 0.000000, 1.000000, -0.052637, -0.457234, 0.887788, 0.308509, -0.579014, -0.710351, -0.400179, 0.013058, 0.813616, -0.535106, -0.227354, 0.267112, 0.000000, 0.000000, 0.000000, 1.000000, -0.016155, -0.054723, -0.998371, 0.108273, -0.999438, 0.030223, 0.014515, -0.000335, 0.029380, 0.998044, -0.055180, -0.006899, 0.000000, 0.000000, 0.000000, 1.000000
16.0834, -4.1970, -10.2745, 240.8678, 309.8678, 13.1970, 267.3479, 108.6191, -0.3397, -6.6645, 0.578822, 0.705877, 0.408293, -0.004197, -0.813725, 0.532569, 0.232858, -0.010274, -0.053075, -0.467021, 0.882652, 0.240868, 0.000000, 0.000000, 0.000000, 1.000000, -0.053075, -0.467021, 0.882652, 0.309868, -0.578822, -0.705877, -0.408293, 0.013197, 0.813725, -0.532569, -0.232858, 0.267348, 0.000000, 0.000000, 0.000000, 1.000000, -0.015565, -0.054226, -0.998407, 0.108619, -0.999451, 0.030052, 0.013949, -0.000340, 0.029248, 0.998076, -0.054664, -0.006664, 0.000000, 0.000000, 0.000000, 1.000000
16.6787, -4.3232, -10.4855, 242.5291, 311.5291, 13.3232, 267.5589, 108.6805, -0.3168, -6.5931, 0.579366, 0.701164, 0.415577, -0.004323, -0.813347, 0.530456, 0.238920, -0.010485, -0.052924, -0.476430, 0.877618, 0.242529, 0.000000, 0.000000, 0.000000, 1.000000, -0.052924, -0.476430, 0.877618, 0.311529, -0.579366, -0.701164, -0.415577, 0.013323, 0.813347, -0.530456, -0.238920, 0.267559, 0.000000, 0.000000, 0.000000, 1.000000, -0.015940, -0.053888, -0.998420, 0.108681, -0.999436, 0.030390, 0.014316, -0.000317, 0.029571, 0.998084, -0.054342, -0.006593, 0.000000, 0.000000, 0.000000, 1.000000
17.2095, -4.4712, -10.7003, 244.5203, 313.5203, 13.4712, 267.7738, 108.3369, -0.2738, -6.8493, 0.579618, 0.697755, 0.420929, -0.004471, -0.813341, 0.527172, 0.246100, -0.010700, -0.050184, -0.485003, 0.873071, 0.244520, 0.000000, 0.000000, 0.000000, 1.000000, -0.050184, -0.485003, 0.873071, 0.313520, -0.579618, -0.697755, -0.420929, 0.013471, 0.813341, -0.527172, -0.246100, 0.267774, 0.000000, 0.000000, 0.000000, 1.000000, -0.018287, -0.053447, -0.998403, 0.108337, -0.999437, 0.029083, 0.016749, -0.000274, 0.028142, 0.998147, -0.053949, -0.006849, 0.000000, 0.000000, 0.000000, 1.000000
17.8136, -4.5853, -10.8594, 246.0782, 315.0782, 13.5853, 267.9328, 108.5088, -0.2201, -6.7000, 0.579437, 0.693874, 0.427541, -0.004585, -0.813482, 0.524561, 0.251162, -0.010859, -0.049997, -0.493330, 0.868404, 0.246078, 0.000000, 0.000000, 0.000000, 1.000000, -0.049997, -0.493330, 0.868404, 0.315078, -0.579437, -0.693874, -0.427541, 0.013585, 0.813482, -0.524561, -0.251162, 0.267933, 0.000000, 0.000000, 0.000000, 1.000000, -0.018207, -0.054449, -0.998351, 0.108509, -0.999452, 0.028610, 0.016667, -0.000220, 0.027655, 0.998107, -0.054940, -0.006700, 0.000000, 0.000000, 0.000000, 1.000000
18.3949, -4.6611, -11.0756, 247.4579, 316.4580, 13.6611, 268.1491, 108.7832, -0.2461, -6.5082, 0.578984, 0.688675, 0.436468, -0.004661, -0.813699, 0.521990, 0.255775, -0.011076, -0.051686, -0.503243, 0.862598, 0.247458, 0.000000, 0.000000, 0.000000, 1.000000, -0.051686, -0.503243, 0.862598, 0.316458, -0.578984, -0.688675, -0.436468, 0.013661, 0.813699, -0.521990, -0.255775, 0.268149, 0.000000, 0.000000, 0.000000, 1.000000, -0.016408, -0.053113, -0.998454, 0.108783, -0.999474, 0.028823, 0.014891, -0.000246, 0.027987, 0.998172, -0.053558, -0.006508, 0.000000, 0.000000, 0.000000, 1.000000
18.9795, -4.7286, -11.2203, 249.2344, 318.2344, 13.7286, 268.2938, 108.7203, -0.1976, -6.4996, 0.579640, 0.685130, 0.441152, -0.004729, -0.813303, 0.520003, 0.261028, -0.011220, -0.050562, -0.510092, 0.858632, 0.249234, 0.000000, 0.000000, 0.000000, 1.000000, -0.050562, -0.510092, 0.858632, 0.318234, -0.579640, -0.685130, -0.441152, 0.013729, 0.813303, -0.520003, -0.261028, 0.268294, 0.000000, 0.000000, 0.000000, 1.000000, -0.017656, -0.055349, -0.998311, 0.108720, -0.999457, 0.028765, 0.016081, -0.000198, 0.027827, 0.998053, -0.055827, -0.006500, 0.000000, 0.000000, 0.000000, 1.000000
19.5185, -4.7682, -11.3684, 250.8646, 319.8646, 13.7682, 268.4419, 108.6713, -0.1785, -6.4925, 0.579748, 0.679233, 0.450038, -0.004768, -0.813230, 0.516587, 0.267945, -0.011368, -0.050487, -0.521325, 0.851864, 0.250865, 0.000000, 0.000000, 0.000000, 1.000000, -0.050487, -0.521325, 0.851864, 0.319865, -0.579748, -0.679233, -0.450038, 0.013768, 0.813230, -0.516587, -0.267945, 0.268442, 0.000000, 0.000000, 0.000000, 1.000000, -0.017688, -0.051624, -0.998510, 0.108671, -0.999459, 0.028606, 0.016225, -0.000178, 0.027726, 0.998257, -0.052102, -0.006492, 0.000000, 0.000000, 0.000000, 1.000000
20.0000, -4.8519, -11.5432, 252.3836, 321.3836, 13.8519, 268.6166, 108.6206, -0.1673, -6.5849, 0.579673, 0.676125, 0.454790, -0.004852, -0.813336, 0.514095, 0.272381, -0.011543, -0.049641, -0.527789, 0.847924, 0.252384, 0.000000, 0.000000, 0.000000, 1.000000, -0.049641, -0.527789, 0.847924, 0.321384, -0.579673, -0.676125, -0.454790, 0.013852, 0.813336, -0.514095, -0.272381, 0.268617, 0.000000, 0.000000, 0.000000, 1.000000, -0.018218, -0.052463, -0.998457, 0.108621, -0.999470, 0.027916, 0.016769, -0.000167, 0.026993, 0.998233, -0.052944, -0.006585, 0.000000, 0.000000, 0.000000, 1.000000
