# Joint_A_Angle(deg), Cam_X(mm), Cam_Y(mm), Cam_Z(mm), Torso_X(mm), Torso_Y(mm), Torso_Z(mm), EE_X(mm), EE_Y(mm), EE_Z(mm), T_cam2marker_flat(16), T_torso2marker_flat(16), T_ee2marker_flat(16)
-19.4100, 32.1204, 15.5451, 152.9982, 221.9982, -23.1204, 241.5283, 102.8938, -1.5073, -7.6523, 0.609630, 0.789869, -0.066764, 0.032120, -0.791281, 0.601374, -0.110564, 0.015545, -0.047181, 0.120233, 0.991624, 0.152998, 0.000000, 0.000000, 0.000000, 1.000000, -0.047181, 0.120233, 0.991624, 0.221998, -0.609630, -0.789869, 0.066764, -0.023120, 0.791281, -0.601374, 0.110564, 0.241528, 0.000000, 0.000000, 0.000000, 1.000000, -0.021046, -0.039278, -0.999007, 0.102894, -0.998990, 0.040492, 0.019453, -0.001507, 0.039688, 0.998408, -0.040090, -0.007652, 0.000000, 0.000000, 0.000000, 1.000000
-18.8459, 31.5086, 15.0382, 153.8026, 222.8026, -22.5086, 242.0352, 103.3355, -1.5081, -7.3680, 0.609316, 0.790541, -0.061472, 0.031509, -0.791539, 0.601835, -0.106115, 0.015038, -0.046893, 0.113316, 0.992452, 0.153803, 0.000000, 0.000000, 0.000000, 1.000000, -0.046893, 0.113316, 0.992452, 0.222803, -0.609316, -0.790541, 0.061472, -0.022509, 0.791539, -0.601835, 0.106115, 0.242035, 0.000000, 0.000000, 0.000000, 1.000000, -0.021752, -0.042166, -0.998874, 0.103335, -0.998999, 0.039985, 0.020067, -0.001508, 0.039093, 0.998310, -0.042994, -0.007368, 0.000000, 0.000000, 0.000000, 1.000000
-18.2388, 30.7198, 14.3715, 154.9639, 223.9639, -21.7198, 242.7019, 103.5098, -1.5109, -7.2253, 0.609542, 0.790864, -0.054709, 0.030720, -0.791399, 0.603015, -0.100303, 0.014372, -0.046336, 0.104436, 0.993452, 0.154964, 0.000000, 0.000000, 0.000000, 1.000000, -0.046336, 0.104436, 0.993452, 0.223964, -0.609542, -0.790864, 0.054709, -0.021720, 0.791399, -0.603015, 0.100303, 0.242702, 0.000000, 0.000000, 0.000000, 1.000000, -0.022705, -0.043789, -0.998783, 0.103510, -0.998975, 0.040125, 0.020950, -0.001511, 0.039158, 0.998235, -0.044656, -0.007225, 0.000000, 0.000000, 0.000000, 1.000000
-17.5978, 29.8291, 13.6108, 156.2333, 225.2333, -20.8291, 243.4626, 103.6557, -1.5235, -7.1645, 0.609717, 0.791285, -0.045966, 0.029829, -0.791304, 0.604342, -0.092781, 0.013611, -0.045637, 0.092943, 0.994625, 0.156233, 0.000000, 0.000000, 0.000000, 1.000000, -0.045637, 0.092943, 0.994625, 0.225233, -0.609717, -0.791285, 0.045966, -0.020829, 0.791304, -0.604342, 0.092781, 0.243463, 0.000000, 0.000000, 0.000000, 1.000000, -0.023830, -0.043393, -0.998774, 0.103656, -0.998950, 0.040139, 0.022090, -0.001524, 0.039131, 0.998251, -0.044304, -0.007165, 0.000000, 0.000000, 0.000000, 1.000000
-16.9946, 28.9303, 12.8314, 157.6766, 226.6766, -19.9303, 244.2420, 103.5512, -1.5342, -7.1965, 0.609542, 0.791967, -0.035312, 0.028930, -0.791525, 0.605513, -0.082721, 0.012831, -0.044130, 0.078372, 0.995947, 0.157677, 0.000000, 0.000000, 0.000000, 1.000000, -0.044130, 0.078372, 0.995947, 0.226677, -0.609542, -0.791967, 0.035312, -0.019930, 0.791525, -0.605513, 0.082721, 0.244242, 0.000000, 0.000000, 0.000000, 1.000000, -0.025758, -0.039290, -0.998896, 0.103551, -0.998920, 0.039658, 0.024199, -0.001534, 0.038664, 0.998441, -0.040269, -0.007197, 0.000000, 0.000000, 0.000000, 1.000000
-16.4200, 28.0396, 12.0941, 158.9879, 227.9879, -19.0396, 244.9794, 103.5277, -1.5249, -7.2694, 0.609581, 0.792211, -0.028489, 0.028040, -0.791426, 0.606135, -0.079032, 0.012094, -0.045342, 0.070723, 0.996465, 0.158988, 0.000000, 0.000000, 0.000000, 1.000000, -0.045342, 0.070723, 0.996465, 0.227988, -0.609581, -0.792211, 0.028489, -0.019040, 0.791426, -0.606135, 0.079032, 0.244979, 0.000000, 0.000000, 0.000000, 1.000000, -0.024930, -0.041633, -0.998822, 0.103528, -0.998949, 0.039477, 0.023288, -0.001525, 0.038461, 0.998353, -0.042573, -0.007269, 0.000000, 0.000000, 0.000000, 1.000000
-15.8038, 27.4121, 11.5329, 159.9022, 228.9022, -18.4121, 245.5406, 104.0125, -1.5529, -6.9704, 0.609990, 0.792087, -0.022618, 0.027412, -0.791213, 0.607253, -0.072288, 0.011533, -0.043523, 0.061990, 0.997127, 0.159902, 0.000000, 0.000000, 0.000000, 1.000000, -0.043523, 0.061990, 0.997127, 0.228902, -0.609990, -0.792087, 0.022618, -0.018412, 0.791213, -0.607253, 0.072288, 0.245541, 0.000000, 0.000000, 0.000000, 1.000000, -0.027153, -0.043579, -0.998681, 0.104012, -0.998883, 0.039835, 0.025420, -0.001553, 0.038675, 0.998255, -0.044612, -0.006970, 0.000000, 0.000000, 0.000000, 1.000000
-15.3052, 26.4469, 10.6706, 161.3326, 230.3326, -17.4469, 246.4028, 103.7110, -1.5934, -7.3364, 0.610210, 0.792058, -0.016984, 0.026447, -0.791219, 0.608197, -0.063786, 0.010671, -0.040192, 0.052361, 0.997819, 0.161333, 0.000000, 0.000000, 0.000000, 1.000000, -0.040192, 0.052361, 0.997819, 0.230333, -0.610210, -0.792058, 0.016984, -0.017447, 0.791219, -0.608197, 0.063786, 0.246403, 0.000000, 0.000000, 0.000000, 1.000000, -0.030820, -0.042600, -0.998617, 0.103711, -0.998778, 0.039932, 0.029121, -0.001593, 0.038636, 0.998294, -0.043778, -0.007336, 0.000000, 0.000000, 0.000000, 1.000000
-14.7478, 25.7831, 10.1077, 162.4340, 231.4340, -16.7831, 246.9657, 103.8920, -1.5884, -7.1914, 0.610113, 0.792293, -0.005886, 0.025783, -0.791287, 0.608927, -0.055425, 0.010108, -0.040328, 0.038473, 0.998446, 0.162434, 0.000000, 0.000000, 0.000000, 1.000000, -0.040328, 0.038473, 0.998446, 0.231434, -0.610113, -0.792293, 0.005886, -0.016783, 0.791287, -0.608927, 0.055425, 0.246966, 0.000000, 0.000000, 0.000000, 1.000000, -0.031058, -0.038427, -0.998779, 0.103892, -0.998787, 0.039400, 0.029542, -0.001588, 0.038217, 0.998484, -0.039604, -0.007191, 0.000000, 0.000000, 0.000000, 1.000000
-14.1202, 24.8629, 9.3387, 164.0201, 233.0201, -15.8629, 247.7347, 103.7614, -1.5681, -7.2627, 0.609928, 0.792452, 0.002786, 0.024863, -0.791432, 0.609314, -0.048702, 0.009339, -0.040291, 0.027500, 0.998809, 0.164020, 0.000000, 0.000000, 0.000000, 1.000000, -0.040291, 0.027500, 0.998809, 0.233020, -0.609928, -0.792452, -0.002786, -0.015863, 0.791432, -0.609314, 0.048702, 0.247735, 0.000000, 0.000000, 0.000000, 1.000000, -0.031509, -0.038405, -0.998765, 0.103761, -0.998794, 0.038840, 0.030016, -0.001568, 0.037639, 0.998507, -0.039582, -0.007263, 0.000000, 0.000000, 0.000000, 1.000000
-13.5421, 24.1506, 8.7068, 165.1904, 234.1904, -15.1506, 248.3667, 103.9388, -1.5863, -7.1834, 0.610177, 0.792211, 0.009272, 0.024151, -0.791287, 0.609964, -0.042524, 0.008707, -0.039344, 0.018610, 0.999052, 0.165190, 0.000000, 0.000000, 0.000000, 1.000000, -0.039344, 0.018610, 0.999052, 0.234190, -0.610177, -0.792211, -0.009272, -0.015151, 0.791287, -0.609964, 0.042524, 0.248367, 0.000000, 0.000000, 0.000000, 1.000000, -0.032841, -0.039569, -0.998677, 0.103939, -0.998754, 0.038874, 0.031303, -0.001586, 0.037584, 0.998460, -0.040797, -0.007183, 0.000000, 0.000000, 0.000000, 1.000000
-12.8694, 23.3311, 7.9393, 166.5666, 235.5666, -14.3311, 249.1341, 104.1404, -1.6379, -7.1150, 0.610428, 0.791957, 0.013493, 0.023331, -0.791338, 0.610507, -0.032641, 0.007939, -0.034088, 0.009248, 0.999376, 0.166567, 0.000000, 0.000000, 0.000000, 1.000000, -0.034088, 0.009248, 0.999376, 0.235567, -0.610428, -0.791957, -0.013493, -0.014331, 0.791338, -0.610507, 0.032641, 0.249134, 0.000000, 0.000000, 0.000000, 1.000000, -0.038538, -0.041919, -0.998378, 0.104140, -0.998565, 0.038794, 0.036917, -0.001638, 0.037184, 0.998368, -0.043354, -0.007115, 0.000000, 0.000000, 0.000000, 1.000000
-12.2643, 22.6025, 7.2669, 167.9031, 236.9031, -13.6025, 249.8065, 104.2345, -1.6678, -7.0519, 0.610905, 0.791533, 0.016469, 0.022603, -0.791184, 0.611126, -0.023514, 0.007267, -0.028677, 0.001335, 0.999588, 0.167903, 0.000000, 0.000000, 0.000000, 1.000000, -0.028677, 0.001335, 0.999588, 0.236903, -0.610905, -0.791533, -0.016469, -0.013603, 0.791184, -0.611126, 0.023514, 0.249807, 0.000000, 0.000000, 0.000000, 1.000000, -0.044353, -0.044523, -0.998023, 0.104235, -0.998330, 0.038979, 0.042628, -0.001668, 0.037004, 0.998248, -0.046177, -0.007052, 0.000000, 0.000000, 0.000000, 1.000000
-11.6803, 21.7576, 6.5769, 169.3853, 238.3853, -12.7576, 250.4966, 104.1550, -1.6343, -7.1528, 0.610759, 0.791194, 0.031393, 0.021758, -0.791136, 0.611398, -0.017223, 0.006577, -0.032820, -0.014317, 0.999359, 0.169385, 0.000000, 0.000000, 0.000000, 1.000000, -0.032820, -0.014317, 0.999359, 0.238385, -0.610759, -0.791194, -0.031393, -0.012758, 0.791136, -0.611398, 0.017223, 0.250497, 0.000000, 0.000000, 0.000000, 1.000000, -0.040587, -0.039071, -0.998412, 0.104155, -0.998502, 0.038280, 0.039093, -0.001634, 0.036691, 0.998503, -0.040566, -0.007153, 0.000000, 0.000000, 0.000000, 1.000000
-11.1207, 20.9686, 5.8402, 170.8363, 239.8363, -11.9686, 251.2332, 104.0570, -1.6731, -7.2930, 0.611238, 0.790590, 0.036820, 0.020969, -0.791002, 0.611793, -0.005076, 0.005840, -0.026539, -0.026023, 0.999309, 0.170836, 0.000000, 0.000000, 0.000000, 1.000000, -0.026539, -0.026023, 0.999309, 0.239836, -0.611238, -0.790590, -0.036820, -0.011969, 0.791002, -0.611793, 0.005076, 0.251233, 0.000000, 0.000000, 0.000000, 1.000000, -0.047238, -0.037107, -0.998194, 0.104057, -0.998222, 0.038116, 0.045823, -0.001673, 0.036347, 0.998584, -0.038841, -0.007293, 0.000000, 0.000000, 0.000000, 1.000000
-10.4760, 20.3927, 5.3122, 171.9622, 240.9622, -11.3927, 251.7613, 104.4723, -1.6889, -6.9739, 0.611676, 0.790373, 0.034092, 0.020393, -0.790824, 0.612043, -0.000404, 0.005312, -0.021185, -0.026713, 0.999419, 0.171962, 0.000000, 0.000000, 0.000000, 1.000000, -0.021185, -0.026713, 0.999419, 0.240962, -0.611676, -0.790373, -0.034092, -0.011393, 0.790824, -0.612043, 0.000404, 0.251761, 0.000000, 0.000000, 0.000000, 1.000000, -0.053012, -0.047628, -0.997457, 0.104472, -0.997950, 0.038395, 0.051205, -0.001689, 0.035859, 0.998127, -0.049565, -0.006974, 0.000000, 0.000000, 0.000000, 1.000000
-9.9526, 19.6652, 4.5218, 173.3492, 242.3492, -10.6652, 252.5517, 104.3700, -1.8117, -7.1819, 0.612904, 0.789307, 0.036638, 0.019665, -0.790156, 0.612319, 0.026816, 0.004522, -0.001268, -0.045385, 0.998969, 0.173349, 0.000000, 0.000000, 0.000000, 1.000000, -0.001268, -0.045385, 0.998969, 0.242349, -0.612904, -0.789307, -0.036638, -0.010665, 0.790156, -0.612319, -0.026816, 0.252552, 0.000000, 0.000000, 0.000000, 1.000000, -0.073261, -0.038067, -0.996586, 0.104370, -0.996697, 0.037904, 0.071821, -0.001812, 0.035041, 0.998556, -0.040719, -0.007182, 0.000000, 0.000000, 0.000000, 1.000000
-9.4320, 19.0768, 3.9328, 174.5085, 243.5085, -10.0768, 253.1406, 104.4839, -1.8674, -7.1566, 0.613501, 0.789132, 0.029800, 0.019077, -0.789634, 0.612549, 0.035535, 0.003933, 0.009788, -0.045331, 0.998924, 0.174508, 0.000000, 0.000000, 0.000000, 1.000000, 0.009788, -0.045331, 0.998924, 0.243508, -0.613501, -0.789132, -0.029800, -0.010077, 0.789634, -0.612549, -0.035535, 0.253141, 0.000000, 0.000000, 0.000000, 1.000000, -0.084624, -0.047170, -0.995296, 0.104484, -0.995829, 0.038197, 0.082859, -0.001867, 0.034109, 0.998156, -0.050205, -0.007157, 0.000000, 0.000000, 0.000000, 1.000000
-8.8233, 18.4666, 3.4164, 175.8106, 244.8106, -9.4666, 253.6570, 104.6701, -1.8413, -6.9692, 0.613452, 0.788827, 0.037807, 0.018467, -0.789691, 0.612230, 0.039527, 0.003416, 0.008034, -0.054104, 0.998503, 0.175811, 0.000000, 0.000000, 0.000000, 1.000000, 0.008034, -0.054104, 0.998503, 0.244811, -0.613452, -0.788827, -0.037807, -0.009467, 0.789691, -0.612230, -0.039527, 0.253657, 0.000000, 0.000000, 0.000000, 1.000000, -0.083235, -0.049030, -0.995323, 0.104670, -0.995973, 0.037488, 0.081442, -0.001841, 0.033320, 0.998094, -0.051953, -0.006969, 0.000000, 0.000000, 0.000000, 1.000000
-8.0240, 17.0666, 3.0689, 177.3729, 246.3729, -8.0666, 254.0045, 105.1521, -1.2027, -7.0107, 0.602466, 0.780395, 0.167387, 0.017067, -0.791452, 0.611231, -0.001069, 0.003069, -0.103146, -0.131834, 0.985891, 0.177373, 0.000000, 0.000000, 0.000000, 1.000000, -0.103146, -0.131834, 0.985891, 0.246373, -0.602466, -0.780395, -0.167387, -0.008067, 0.791452, -0.611231, 0.001069, 0.254005, 0.000000, 0.000000, 0.000000, 1.000000, 0.027951, 0.015205, -0.999494, 0.105152, -0.998976, 0.036011, -0.027388, -0.001203, 0.035577, 0.999236, 0.016196, -0.007011, 0.000000, 0.000000, 0.000000, 1.000000
-7.4454, 16.2015, 2.2734, 179.1405, 248.1405, -7.2015, 254.8001, 104.8724, -1.2229, -7.3286, 0.602898, 0.779145, 0.171604, 0.016202, -0.791119, 0.611658, 0.002296, 0.002273, -0.103174, -0.137144, 0.985163, 0.179141, 0.000000, 0.000000, 0.000000, 1.000000, -0.103174, -0.137144, 0.985163, 0.248141, -0.602898, -0.779145, -0.171604, -0.007202, 0.791119, -0.611658, -0.002296, 0.254800, 0.000000, 0.000000, 0.000000, 1.000000, 0.027549, 0.010542, -0.999565, 0.104872, -0.998957, 0.036703, -0.027145, -0.001223, 0.036401, 0.999271, 0.011542, -0.007329, 0.000000, 0.000000, 0.000000, 1.000000
-6.8245, 15.5704, 1.7919, 180.5372, 249.5372, -6.5704, 255.2816, 105.0305, -1.1496, -7.1658, 0.601163, 0.779974, 0.173906, 0.015570, -0.790392, 0.612429, -0.014518, 0.001792, -0.117829, -0.128726, 0.984655, 0.180537, 0.000000, 0.000000, 0.000000, 1.000000, -0.117829, -0.128726, 0.984655, 0.249537, -0.601163, -0.779974, -0.173906, -0.006570, 0.790392, -0.612429, 0.014518, 0.255282, 0.000000, 0.000000, 0.000000, 1.000000, 0.041877, -0.008747, -0.999085, 0.105031, -0.998408, 0.037451, -0.042176, -0.001150, 0.037785, 0.999260, -0.007165, -0.007166, 0.000000, 0.000000, 0.000000, 1.000000
-6.2169, 15.0286, 1.2326, 181.8054, 250.8054, -6.0286, 255.8408, 105.2814, -1.2004, -6.9939, 0.601960, 0.778937, 0.175787, 0.015029, -0.790885, 0.611956, -0.003380, 0.001233, -0.110206, -0.136993, 0.984422, 0.181805, 0.000000, 0.000000, 0.000000, 1.000000, -0.110206, -0.136993, 0.984422, 0.250805, -0.601960, -0.778937, -0.175787, -0.006029, 0.790885, -0.611956, 0.003380, 0.255841, 0.000000, 0.000000, 0.000000, 1.000000, 0.033842, -0.011010, -0.999367, 0.105281, -0.998726, 0.037076, -0.034229, -0.001200, 0.037430, 0.999252, -0.009741, -0.006994, 0.000000, 0.000000, 0.000000, 1.000000
-5.6616, 14.5419, 0.6904, 183.2513, 252.2513, -5.5419, 256.3831, 105.2350, -1.2565, -6.9025, 0.603950, 0.777867, 0.173686, 0.014542, -0.790620, 0.612266, 0.007106, 0.000690, -0.100815, -0.141612, 0.984775, 0.183251, 0.000000, 0.000000, 0.000000, 1.000000, -0.100815, -0.141612, 0.984775, 0.252251, -0.603950, -0.777867, -0.173686, -0.005542, 0.790620, -0.612266, -0.007106, 0.256383, 0.000000, 0.000000, 0.000000, 1.000000, 0.023881, -0.015973, -0.999587, 0.105235, -0.998993, 0.037617, -0.024468, -0.001256, 0.037993, 0.999165, -0.015058, -0.006903, 0.000000, 0.000000, 0.000000, 1.000000
-5.1135, 13.9846, 0.1718, 184.8401, 253.8401, -4.9846, 256.9017, 105.0517, -1.2423, -6.9042, 0.604157, 0.779615, 0.164909, 0.013985, -0.791214, 0.611489, 0.007833, 0.000172, -0.094733, -0.135211, 0.986278, 0.184840, 0.000000, 0.000000, 0.000000, 1.000000, -0.094733, -0.135211, 0.986278, 0.253840, -0.604157, -0.779615, -0.164909, -0.004985, 0.791214, -0.611489, -0.007833, 0.256902, 0.000000, 0.000000, 0.000000, 1.000000, 0.017526, -0.032103, -0.999331, 0.105052, -0.999161, 0.036432, -0.018693, -0.001242, 0.037007, 0.998820, -0.031438, -0.006904, 0.000000, 0.000000, 0.000000, 1.000000
-4.5630, 13.3302, -0.3919, 186.2953, 255.2953, -4.3302, 257.4654, 105.0349, -1.2183, -6.9964, 0.602779, 0.778141, 0.176503, 0.013330, -0.790900, 0.611937, 0.003203, -0.000392, -0.105516, -0.141528, 0.984295, 0.186295, 0.000000, 0.000000, 0.000000, 1.000000, -0.105516, -0.141528, 0.984295, 0.255295, -0.602779, -0.778141, -0.176503, -0.004330, 0.790900, -0.611937, -0.003203, 0.257465, 0.000000, 0.000000, 0.000000, 1.000000, 0.027994, -0.035245, -0.998987, 0.105035, -0.998878, 0.037198, -0.029303, -0.001218, 0.038193, 0.998686, -0.034164, -0.006996, 0.000000, 0.000000, 0.000000, 1.000000
-3.7862, 12.9232, -0.8859, 187.9293, 256.9293, -3.9232, 257.9594, 105.3231, -1.2678, -6.4831, 0.605160, 0.780202, 0.158323, 0.012923, -0.791414, 0.611134, 0.013417, -0.000886, -0.086289, -0.133418, 0.987296, 0.187929, 0.000000, 0.000000, 0.000000, 1.000000, -0.086289, -0.133418, 0.987296, 0.256929, -0.605160, -0.780202, -0.158323, -0.003923, 0.791414, -0.611134, -0.013417, 0.257959, 0.000000, 0.000000, 0.000000, 1.000000, 0.008212, -0.057081, -0.998336, 0.105323, -0.999301, 0.035931, -0.010274, -0.001268, 0.036458, 0.997723, -0.056746, -0.006483, 0.000000, 0.000000, 0.000000, 1.000000
-3.2136, 12.1434, -1.6147, 189.7122, 258.7122, -3.1434, 258.6882, 105.0945, -1.2820, -6.8224, 0.604988, 0.776504, 0.176155, 0.012143, -0.791183, 0.611134, 0.023320, -0.001615, -0.089546, -0.153479, 0.984086, 0.189712, 0.000000, 0.000000, 0.000000, 1.000000, -0.089546, -0.153479, 0.984086, 0.258712, -0.604988, -0.776504, -0.176155, -0.003143, 0.791183, -0.611134, -0.023320, 0.258688, 0.000000, 0.000000, 0.000000, 1.000000, 0.011050, -0.046694, -0.998848, 0.105095, -0.999247, 0.036640, -0.012768, -0.001282, 0.037194, 0.998237, -0.046254, -0.006822, 0.000000, 0.000000, 0.000000, 1.000000
-2.5464, 11.6358, -2.0680, 191.0784, 260.0784, -2.6358, 259.1415, 105.4307, -1.2594, -6.5432, 0.605035, 0.775183, 0.181724, 0.011636, -0.791008, 0.611244, 0.026204, -0.002068, -0.090765, -0.159600, 0.983000, 0.191078, 0.000000, 0.000000, 0.000000, 1.000000, -0.090765, -0.159600, 0.983000, 0.260078, -0.605035, -0.775183, -0.181724, -0.002636, 0.791008, -0.611244, -0.026204, 0.259141, 0.000000, 0.000000, 0.000000, 1.000000, 0.011782, -0.052074, -0.998574, 0.105431, -0.999219, 0.037057, -0.013722, -0.001259, 0.037718, 0.997955, -0.051597, -0.006543, 0.000000, 0.000000, 0.000000, 1.000000
-1.9385, 11.1321, -2.6073, 192.4627, 261.4627, -2.1321, 259.6808, 105.6268, -1.3077, -6.4338, 0.605963, 0.772741, 0.188891, 0.011132, -0.791356, 0.609755, 0.044207, -0.002607, -0.081017, -0.176268, 0.981003, 0.192463, 0.000000, 0.000000, 0.000000, 1.000000, -0.081017, -0.176268, 0.981003, 0.261463, -0.605963, -0.772741, -0.188891, -0.002132, 0.791356, -0.609755, -0.044207, 0.259681, 0.000000, 0.000000, 0.000000, 1.000000, 0.001725, -0.045804, -0.998949, 0.105627, -0.999344, 0.036071, -0.003379, -0.001308, 0.036188, 0.998299, -0.045711, -0.006434, 0.000000, 0.000000, 0.000000, 1.000000
-1.3949, 10.6338, -3.1200, 194.0751, 263.0751, -1.6338, 260.1935, 105.4606, -1.3212, -6.4873, 0.606289, 0.771698, 0.192082, 0.010634, -0.791271, 0.609514, 0.048821, -0.003120, -0.079402, -0.181589, 0.980164, 0.194075, 0.000000, 0.000000, 0.000000, 1.000000, -0.079402, -0.181589, 0.980164, 0.263075, -0.606289, -0.771698, -0.192082, -0.001634, 0.791271, -0.609514, -0.048821, 0.260193, 0.000000, 0.000000, 0.000000, 1.000000, -0.000267, -0.049854, -0.998757, 0.105461, -0.999347, 0.036099, -0.001534, -0.001321, 0.036130, 0.998104, -0.049831, -0.006487, 0.000000, 0.000000, 0.000000, 1.000000
-0.7418, 10.0015, -3.7172, 196.0048, 265.0048, -1.0015, 260.7907, 105.2888, -1.3033, -6.5848, 0.605771, 0.770033, 0.200227, 0.010002, -0.791697, 0.608390, 0.055475, -0.003717, -0.079099, -0.192125, 0.978178, 0.196005, 0.000000, 0.000000, 0.000000, 1.000000, -0.079099, -0.192125, 0.978178, 0.265005, -0.605771, -0.770033, -0.200227, -0.001002, 0.791697, -0.608390, -0.055475, 0.260791, 0.000000, 0.000000, 0.000000, 1.000000, -0.000812, -0.050543, -0.998722, 0.105289, -0.999373, 0.035397, -0.000979, -0.001303, 0.035401, 0.998094, -0.050540, -0.006585, 0.000000, 0.000000, 0.000000, 1.000000
-0.1775, 9.4445, -4.2395, 197.4821, 266.4821, -0.4445, 261.3129, 105.3397, -1.3003, -6.6496, 0.605939, 0.767295, 0.209989, 0.009445, -0.791454, 0.608092, 0.061843, -0.004239, -0.080241, -0.203669, 0.975746, 0.197482, 0.000000, 0.000000, 0.000000, 1.000000, -0.080241, -0.203669, 0.975746, 0.266482, -0.605939, -0.767295, -0.209989, -0.000445, 0.791454, -0.608092, -0.061843, 0.261313, 0.000000, 0.000000, 0.000000, 1.000000, -0.000122, -0.048530, -0.998822, 0.105340, -0.999354, 0.035916, -0.001623, -0.001300, 0.035952, 0.998176, -0.048503, -0.006650, 0.000000, 0.000000, 0.000000, 1.000000
0.3730, 9.0367, -4.6845, 198.8670, 267.8670, -0.0367, 261.7579, 105.4139, -1.3274, -6.5671, 0.606731, 0.765363, 0.214703, 0.009037, -0.791518, 0.606606, 0.074355, -0.004684, -0.073332, -0.215055, 0.973845, 0.198867, 0.000000, 0.000000, 0.000000, 1.000000, -0.073332, -0.215055, 0.973845, 0.267867, -0.606731, -0.765363, -0.214703, -0.000037, 0.791518, -0.606606, -0.074355, 0.261758, 0.000000, 0.000000, 0.000000, 1.000000, -0.007311, -0.046527, -0.998890, 0.105414, -0.999371, 0.035014, 0.005683, -0.001327, 0.034710, 0.998303, -0.046754, -0.006567, 0.000000, 0.000000, 0.000000, 1.000000
1.1206, 8.5660, -5.1156, 200.1589, 269.1589, 0.4340, 262.1891, 106.0526, -1.3134, -6.1466, 0.606040, 0.761873, 0.228613, 0.008566, -0.791260, 0.606830, 0.075268, -0.005116, -0.081385, -0.226508, 0.970603, 0.200159, 0.000000, 0.000000, 0.000000, 1.000000, -0.081385, -0.226508, 0.970603, 0.269159, -0.606040, -0.761873, -0.228613, 0.000434, 0.791260, -0.606830, -0.075268, 0.262189, 0.000000, 0.000000, 0.000000, 1.000000, 0.000114, -0.047670, -0.998863, 0.106053, -0.999336, 0.036398, -0.001851, -0.001313, 0.036444, 0.998200, -0.047634, -0.006147, 0.000000, 0.000000, 0.000000, 1.000000
1.6333, 7.9390, -5.7249, 202.3513, 271.3513, 1.0610, 262.7983, 105.3621, -1.2896, -6.6459, 0.606398, 0.760120, 0.233450, 0.007939, -0.791506, 0.605128, 0.085663, -0.005725, -0.076153, -0.236723, 0.968588, 0.202351, 0.000000, 0.000000, 0.000000, 1.000000, -0.076153, -0.236723, 0.968588, 0.271351, -0.606398, -0.760120, -0.233450, 0.001061, 0.791506, -0.605128, -0.085663, 0.262798, 0.000000, 0.000000, 0.000000, 1.000000, -0.005285, -0.046168, -0.998920, 0.105362, -0.999370, 0.035300, 0.003656, -0.001290, 0.035093, 0.998310, -0.046325, -0.006646, 0.000000, 0.000000, 0.000000, 1.000000
2.1959, 7.5495, -6.1173, 203.8960, 272.8960, 1.4505, 263.1908, 105.3309, -1.2732, -6.5807, 0.606369, 0.759331, 0.236079, 0.007549, -0.791786, 0.603969, 0.091078, -0.006117, -0.073426, -0.242151, 0.967456, 0.203896, 0.000000, 0.000000, 0.000000, 1.000000, -0.073426, -0.242151, 0.967456, 0.272896, -0.606369, -0.759331, -0.236079, 0.001451, 0.791786, -0.603969, -0.091078, 0.263191, 0.000000, 0.000000, 0.000000, 1.000000, -0.008190, -0.050441, -0.998693, 0.105331, -0.999386, 0.034428, 0.006456, -0.001273, 0.034057, 0.998133, -0.050692, -0.006581, 0.000000, 0.000000, 0.000000, 1.000000
2.7485, 7.1340, -6.5273, 205.1365, 274.1365, 1.8660, 263.6008, 105.5843, -1.2777, -6.4850, 0.605975, 0.755788, 0.248151, 0.007134, -0.791841, 0.602919, 0.097351, -0.006527, -0.076039, -0.255488, 0.963817, 0.205136, 0.000000, 0.000000, 0.000000, 1.000000, -0.076039, -0.255488, 0.963817, 0.274136, -0.605975, -0.755788, -0.248151, 0.001866, 0.791841, -0.602919, -0.097351, 0.263601, 0.000000, 0.000000, 0.000000, 1.000000, -0.005915, -0.046246, -0.998913, 0.105584, -0.999389, 0.034672, 0.004312, -0.001278, 0.034435, 0.998328, -0.046423, -0.006485, 0.000000, 0.000000, 0.000000, 1.000000
3.3521, 6.7530, -6.9230, 206.6534, 275.6534, 2.2470, 263.9965, 105.6889, -1.2707, -6.3543, 0.606381, 0.754354, 0.251500, 0.006753, -0.791704, 0.602256, 0.102428, -0.006923, -0.074201, -0.261223, 0.962422, 0.206653, 0.000000, 0.000000, 0.000000, 1.000000, -0.074201, -0.261223, 0.962422, 0.275653, -0.606381, -0.754354, -0.251500, 0.002247, 0.791704, -0.602256, -0.102428, 0.263996, 0.000000, 0.000000, 0.000000, 1.000000, -0.008155, -0.050822, -0.998674, 0.105689, -0.999382, 0.034554, 0.006402, -0.001271, 0.034183, 0.998110, -0.051073, -0.006354, 0.000000, 0.000000, 0.000000, 1.000000
3.9391, 6.3162, -7.3554, 208.1501, 277.1501, 2.6838, 264.4289, 105.8052, -1.2628, -6.3232, 0.606341, 0.750368, 0.263246, 0.006316, -0.791734, 0.600554, 0.111771, -0.007355, -0.074224, -0.276192, 0.958232, 0.208150, 0.000000, 0.000000, 0.000000, 1.000000, -0.074224, -0.276192, 0.958232, 0.277150, -0.606341, -0.750368, -0.263246, 0.002684, 0.791734, -0.600554, -0.111771, 0.264429, 0.000000, 0.000000, 0.000000, 1.000000, -0.008466, -0.045485, -0.998929, 0.105805, -0.999384, 0.034409, 0.006904, -0.001263, 0.034058, 0.998372, -0.045748, -0.006323, 0.000000, 0.000000, 0.000000, 1.000000
4.5024, 5.8867, -7.8155, 209.6916, 278.6916, 3.1133, 264.8890, 105.8374, -1.2785, -6.3720, 0.606495, 0.746576, 0.273475, 0.005887, -0.791496, 0.599574, 0.118514, -0.007816, -0.075489, -0.288332, 0.954550, 0.209692, 0.000000, 0.000000, 0.000000, 1.000000, -0.075489, -0.288332, 0.954550, 0.278692, -0.606495, -0.746576, -0.273475, 0.003113, 0.791496, -0.599574, -0.118514, 0.264889, 0.000000, 0.000000, 0.000000, 1.000000, -0.007691, -0.042566, -0.999064, 0.105837, -0.999370, 0.034940, 0.006205, -0.001278, 0.034643, 0.998482, -0.042808, -0.006372, 0.000000, 0.000000, 0.000000, 1.000000
5.1205, 5.5402, -8.1562, 211.4680, 280.4680, 3.4598, 265.2297, 105.7428, -1.2283, -6.2821, 0.606007, 0.746584, 0.274533, 0.005540, -0.792121, 0.597972, 0.122370, -0.008156, -0.072803, -0.291620, 0.953760, 0.211468, 0.000000, 0.000000, 0.000000, 1.000000, -0.072803, -0.291620, 0.953760, 0.280468, -0.606007, -0.746584, -0.274533, 0.003460, 0.792121, -0.597972, -0.122370, 0.265230, 0.000000, 0.000000, 0.000000, 1.000000, -0.010337, -0.050026, -0.998694, 0.105743, -0.999404, 0.033399, 0.008671, -0.001228, 0.032922, 0.998189, -0.050341, -0.006282, 0.000000, 0.000000, 0.000000, 1.000000
5.7905, 5.1774, -8.5760, 213.0282, 282.0282, 3.8226, 265.6495, 105.9965, -1.2484, -6.0940, 0.606402, 0.743104, 0.282972, 0.005177, -0.791861, 0.596729, 0.129887, -0.008576, -0.072338, -0.302838, 0.950293, 0.213028, 0.000000, 0.000000, 0.000000, 1.000000, -0.072338, -0.302838, 0.950293, 0.282028, -0.606402, -0.743104, -0.282972, 0.003823, 0.791861, -0.596729, -0.129887, 0.265649, 0.000000, 0.000000, 0.000000, 1.000000, -0.011324, -0.049903, -0.998690, 0.105997, -0.999389, 0.033602, 0.009652, -0.001248, 0.033076, 0.998189, -0.050253, -0.006094, 0.000000, 0.000000, 0.000000, 1.000000
6.4099, 4.7726, -8.9825, 214.5928, 283.5928, 4.2274, 266.0559, 106.1527, -1.2331, -6.0369, 0.606393, 0.738794, 0.294058, 0.004773, -0.791788, 0.595056, 0.137768, -0.008982, -0.073198, -0.316373, 0.945807, 0.214593, 0.000000, 0.000000, 0.000000, 1.000000, -0.073198, -0.316373, 0.945807, 0.283593, -0.606393, -0.738794, -0.294058, 0.004227, 0.791788, -0.595056, -0.137768, 0.266056, 0.000000, 0.000000, 0.000000, 1.000000, -0.010889, -0.046410, -0.998863, 0.106153, -0.999386, 0.033769, 0.009326, -0.001233, 0.033298, 0.998352, -0.046749, -0.006037, 0.000000, 0.000000, 0.000000, 1.000000
6.9931, 4.4253, -9.3606, 216.3088, 285.3088, 4.5747, 266.4341, 106.0732, -1.2172, -6.0566, 0.606429, 0.736484, 0.299725, 0.004425, -0.791764, 0.593999, 0.142393, -0.009361, -0.073167, -0.323663, 0.943339, 0.216309, 0.000000, 0.000000, 0.000000, 1.000000, -0.073167, -0.323663, 0.943339, 0.285309, -0.606429, -0.736484, -0.299725, 0.004575, 0.791764, -0.593999, -0.142393, 0.266434, 0.000000, 0.000000, 0.000000, 1.000000, -0.011273, -0.048861, -0.998742, 0.106073, -0.999385, 0.033727, 0.009630, -0.001217, 0.033214, 0.998236, -0.049212, -0.006057, 0.000000, 0.000000, 0.000000, 1.000000
7.5818, 4.0691, -9.7581, 217.7991, 286.7991, 4.9309, 266.8316, 106.2319, -1.2280, -6.0127, 0.605882, 0.731963, 0.311667, 0.004069, -0.791777, 0.592938, 0.146676, -0.009758, -0.077438, -0.335639, 0.938802, 0.217799, 0.000000, 0.000000, 0.000000, 1.000000, -0.077438, -0.335639, 0.938802, 0.286799, -0.605882, -0.731963, -0.311667, 0.004931, 0.791777, -0.592938, -0.146676, 0.266832, 0.000000, 0.000000, 0.000000, 1.000000, -0.007483, -0.046317, -0.998899, 0.106232, -0.999383, 0.034626, 0.005881, -0.001228, 0.034315, 0.998327, -0.046548, -0.006013, 0.000000, 0.000000, 0.000000, 1.000000
8.1952, 3.7838, -10.0574, 219.5230, 288.5230, 5.2162, 267.1309, 106.2007, -1.1833, -5.9181, 0.606596, 0.730737, 0.313154, 0.003784, -0.791882, 0.590274, 0.156527, -0.010057, -0.070467, -0.342929, 0.936715, 0.219523, 0.000000, 0.000000, 0.000000, 1.000000, -0.070467, -0.342929, 0.936715, 0.288523, -0.606596, -0.730737, -0.313154, 0.005216, 0.791882, -0.590274, -0.156527, 0.267131, 0.000000, 0.000000, 0.000000, 1.000000, -0.014483, -0.049411, -0.998674, 0.106201, -0.999384, 0.032650, 0.012878, -0.001183, 0.031970, 0.998245, -0.049853, -0.005918, 0.000000, 0.000000, 0.000000, 1.000000
8.8104, 3.4399, -10.4968, 221.2235, 290.2235, 5.5601, 267.5703, 106.2522, -1.2203, -5.9466, 0.606914, 0.724705, 0.326278, 0.003440, -0.791444, 0.588603, 0.164813, -0.010497, -0.072608, -0.358258, 0.930795, 0.221223, 0.000000, 0.000000, 0.000000, 1.000000, -0.072608, -0.358258, 0.930795, 0.290223, -0.606914, -0.724705, -0.326278, 0.005560, 0.791444, -0.588603, -0.164813, 0.267570, 0.000000, 0.000000, 0.000000, 1.000000, -0.013066, -0.043623, -0.998963, 0.106252, -0.999365, 0.033688, 0.011600, -0.001220, 0.033147, 0.998480, -0.044035, -0.005947, 0.000000, 0.000000, 0.000000, 1.000000
9.3188, 3.1036, -10.8096, 223.1888, 292.1888, 5.8964, 267.8831, 105.8050, -1.1399, -6.2199, 0.605587, 0.723495, 0.331389, 0.003104, -0.792420, 0.586474, 0.167684, -0.010810, -0.073033, -0.364147, 0.928474, 0.223189, 0.000000, 0.000000, 0.000000, 1.000000, -0.073033, -0.364147, 0.928474, 0.292189, -0.605587, -0.723495, -0.331389, 0.005896, 0.792420, -0.586474, -0.167684, 0.267883, 0.000000, 0.000000, 0.000000, 1.000000, -0.012299, -0.046280, -0.998853, 0.105805, -0.999422, 0.032238, 0.010812, -0.001140, 0.031700, 0.998408, -0.046650, -0.006220, 0.000000, 0.000000, 0.000000, 1.000000
9.8627, 2.8978, -11.1005, 224.0821, 293.0821, 6.1022, 268.1739, 106.3702, -1.1936, -5.8917, 0.605712, 0.719292, 0.340194, 0.002898, -0.792131, 0.585475, 0.172476, -0.011100, -0.075114, -0.373949, 0.924403, 0.224082, 0.000000, 0.000000, 0.000000, 1.000000, -0.075114, -0.373949, 0.924403, 0.293082, -0.605712, -0.719292, -0.340194, 0.006102, 0.792131, -0.585475, -0.172476, 0.268174, 0.000000, 0.000000, 0.000000, 1.000000, -0.010816, -0.045096, -0.998924, 0.106370, -0.999407, 0.033157, 0.009325, -0.001194, 0.032701, 0.998432, -0.045428, -0.005892, 0.000000, 0.000000, 0.000000, 1.000000
10.4755, 2.6559, -11.3391, 225.8376, 294.8376, 6.3441, 268.4125, 106.3220, -1.1224, -5.8019, 0.606442, 0.717093, 0.343520, 0.002656, -0.791882, 0.583688, 0.179529, -0.011339, -0.071769, -0.380902, 0.921826, 0.225838, 0.000000, 0.000000, 0.000000, 1.000000, -0.071769, -0.380902, 0.921826, 0.294838, -0.606442, -0.717093, -0.343520, 0.006344, 0.791882, -0.583688, -0.179529, 0.268413, 0.000000, 0.000000, 0.000000, 1.000000, -0.014510, -0.048305, -0.998727, 0.106322, -0.999388, 0.032481, 0.012949, -0.001122, 0.031815, 0.998304, -0.048747, -0.005802, 0.000000, 0.000000, 0.000000, 1.000000
11.0802, 2.4219, -11.6964, 227.5869, 296.5869, 6.5781, 268.7698, 106.2924, -1.1528, -5.7992, 0.606104, 0.714191, 0.350098, 0.002422, -0.792149, 0.581685, 0.184776, -0.011696, -0.071681, -0.389323, 0.918308, 0.227587, 0.000000, 0.000000, 0.000000, 1.000000, -0.071681, -0.389323, 0.918308, 0.296587, -0.606104, -0.714191, -0.350098, 0.006578, 0.792149, -0.581685, -0.184776, 0.268770, 0.000000, 0.000000, 0.000000, 1.000000, -0.014737, -0.049740, -0.998654, 0.106292, -0.999403, 0.031931, 0.013158, -0.001153, 0.031234, 0.998252, -0.050181, -0.005799, 0.000000, 0.000000, 0.000000, 1.000000
11.7686, 2.1546, -11.9950, 228.9876, 297.9876, 6.8454, 269.0684, 106.7777, -1.1410, -5.4920, 0.605702, 0.708031, 0.363067, 0.002155, -0.792232, 0.579135, 0.192280, -0.011995, -0.074125, -0.404098, 0.911707, 0.228988, 0.000000, 0.000000, 0.000000, 1.000000, -0.074125, -0.404098, 0.911707, 0.297988, -0.605702, -0.708031, -0.363067, 0.006845, 0.792232, -0.579135, -0.192280, 0.269068, 0.000000, 0.000000, 0.000000, 1.000000, -0.012754, -0.045549, -0.998881, 0.106778, -0.999412, 0.032369, 0.011285, -0.001141, 0.031818, 0.998438, -0.045935, -0.005492, 0.000000, 0.000000, 0.000000, 1.000000
12.4146, 1.9172, -12.2997, 230.9221, 299.9221, 7.0828, 269.3732, 106.6904, -1.1134, -5.4978, 0.605748, 0.705604, 0.367684, 0.001917, -0.792317, 0.577228, 0.197588, -0.012300, -0.072819, -0.411011, 0.908718, 0.230922, 0.000000, 0.000000, 0.000000, 1.000000, -0.072819, -0.411011, 0.908718, 0.299922, -0.605748, -0.705604, -0.367684, 0.007083, 0.792317, -0.577228, -0.197588, 0.269373, 0.000000, 0.000000, 0.000000, 1.000000, -0.014270, -0.049271, -0.998683, 0.106690, -0.999416, 0.031729, 0.012715, -0.001113, 0.031061, 0.998281, -0.049695, -0.005498, 0.000000, 0.000000, 0.000000, 1.000000
13.0335, 1.6688, -12.6175, 232.8518, 301.8518, 7.3312, 269.6909, 106.5671, -1.0904, -5.5850, 0.605324, 0.700773, 0.377492, 0.001669, -0.792654, 0.574003, 0.205478, -0.012617, -0.072688, -0.423601, 0.902928, 0.232852, 0.000000, 0.000000, 0.000000, 1.000000, -0.072688, -0.423601, 0.902928, 0.301852, -0.605324, -0.700773, -0.377492, 0.007331, 0.792654, -0.574003, -0.205478, 0.269691, 0.000000, 0.000000, 0.000000, 1.000000, -0.014468, -0.046224, -0.998826, 0.106567, -0.999434, 0.031004, 0.013042, -0.001090, 0.030365, 0.998450, -0.046646, -0.005585, 0.000000, 0.000000, 0.000000, 1.000000
13.6548, 1.4527, -12.8897, 234.6776, 303.6776, 7.5473, 269.9631, 106.5308, -1.0565, -5.5888, 0.605393, 0.697615, 0.383187, 0.001453, -0.792626, 0.572211, 0.210519, -0.012890, -0.072403, -0.431171, 0.899361, 0.234678, 0.000000, 0.000000, 0.000000, 1.000000, -0.072403, -0.431171, 0.899361, 0.303678, -0.605393, -0.697615, -0.383187, 0.007547, 0.792626, -0.572211, -0.210519, 0.269963, 0.000000, 0.000000, 0.000000, 1.000000, -0.015082, -0.048667, -0.998701, 0.106531, -0.999432, 0.030835, 0.013591, -0.001056, 0.030134, 0.998339, -0.049104, -0.005589, 0.000000, 0.000000, 0.000000, 1.000000
14.2808, 1.3012, -13.1454, 235.8044, 304.8044, 7.6988, 270.2188, 107.0949, -1.0963, -5.2065, 0.605789, 0.691711, 0.393136, 0.001301, -0.792188, 0.570275, 0.217312, -0.013145, -0.073879, -0.443083, 0.893431, 0.235804, 0.000000, 0.000000, 0.000000, 1.000000, -0.073879, -0.443083, 0.893431, 0.304804, -0.605789, -0.691711, -0.393136, 0.007699, 0.792188, -0.570275, -0.217312, 0.270219, 0.000000, 0.000000, 0.000000, 1.000000, -0.014398, -0.046190, -0.998829, 0.107095, -0.999410, 0.031827, 0.012935, -0.001096, 0.031192, 0.998426, -0.046621, -0.005206, 0.000000, 0.000000, 0.000000, 1.000000
14.8677, 1.1116, -13.4258, 237.9763, 306.9763, 7.8884, 270.4992, 106.6926, -1.0597, -5.4576, 0.605222, 0.688248, 0.400026, 0.001112, -0.792695, 0.567181, 0.223473, -0.013426, -0.073082, -0.452350, 0.888841, 0.237976, 0.000000, 0.000000, 0.000000, 1.000000, -0.073082, -0.452350, 0.888841, 0.306976, -0.605222, -0.688248, -0.400026, 0.007888, 0.792695, -0.567181, -0.223473, 0.270499, 0.000000, 0.000000, 0.000000, 1.000000, -0.015037, -0.046131, -0.998822, 0.106693, -0.999437, 0.030655, 0.013630, -0.001060, 0.029990, 0.998465, -0.046566, -0.005458, 0.000000, 0.000000, 0.000000, 1.000000
15.5554, 0.9756, -13.6460, 239.3383, 308.3383, 8.0244, 270.7195, 107.1944, -1.0630, -5.0654, 0.605353, 0.683767, 0.407444, 0.000976, -0.792489, 0.565497, 0.228418, -0.013646, -0.074223, -0.461169, 0.884203, 0.239338, 0.000000, 0.000000, 0.000000, 1.000000, -0.074223, -0.461169, 0.884203, 0.308338, -0.605353, -0.683767, -0.407444, 0.008024, 0.792489, -0.565497, -0.228418, 0.270719, 0.000000, 0.000000, 0.000000, 1.000000, -0.014524, -0.048109, -0.998736, 0.107194, -0.999427, 0.031249, 0.013028, -0.001063, 0.030583, 0.998353, -0.048535, -0.005065, 0.000000, 0.000000, 0.000000, 1.000000
16.1581, 0.7863, -13.9170, 241.3409, 310.3408, 8.2137, 270.9905, 106.9994, -1.0310, -5.2321, 0.605454, 0.678860, 0.415421, 0.000786, -0.792553, 0.561954, 0.236787, -0.013917, -0.072703, -0.472607, 0.878270, 0.241341, 0.000000, 0.000000, 0.000000, 1.000000, -0.072703, -0.472607, 0.878270, 0.310341, -0.605454, -0.678860, -0.415421, 0.008214, 0.792553, -0.561954, -0.236787, 0.270990, 0.000000, 0.000000, 0.000000, 1.000000, -0.016174, -0.045715, -0.998824, 0.106999, -0.999429, 0.030392, 0.014793, -0.001031, 0.029680, 0.998492, -0.046180, -0.005232, 0.000000, 0.000000, 0.000000, 1.000000
16.7064, 0.6480, -14.1258, 243.3589, 312.3590, 8.3520, 271.1993, 106.6434, -0.9768, -5.4597, 0.605212, 0.676010, 0.420391, 0.000648, -0.792855, 0.559241, 0.242138, -0.014126, -0.071412, -0.479854, 0.874437, 0.243359, 0.000000, 0.000000, 0.000000, 1.000000, -0.071412, -0.479854, 0.874437, 0.312359, -0.605212, -0.676010, -0.420391, 0.008352, 0.792855, -0.559241, -0.242138, 0.271199, 0.000000, 0.000000, 0.000000, 1.000000, -0.017365, -0.047103, -0.998739, 0.106643, -0.999442, 0.029319, 0.015994, -0.000977, 0.028529, 0.998460, -0.047586, -0.005460, 0.000000, 0.000000, 0.000000, 1.000000
17.2413, 0.5703, -14.2976, 244.6458, 313.6458, 8.4297, 271.3711, 106.8508, -0.9797, -5.2828, 0.605778, 0.670636, 0.428113, 0.000570, -0.792336, 0.557430, 0.247942, -0.014298, -0.072364, -0.489408, 0.869048, 0.244646, 0.000000, 0.000000, 0.000000, 1.000000, -0.072364, -0.489408, 0.869048, 0.313646, -0.605778, -0.670636, -0.428113, 0.008430, 0.792336, -0.557430, -0.247942, 0.271371, 0.000000, 0.000000, 0.000000, 1.000000, -0.017226, -0.045366, -0.998822, 0.106851, -0.999416, 0.030274, 0.015861, -0.000980, 0.029519, 0.998512, -0.045861, -0.005283, 0.000000, 0.000000, 0.000000, 1.000000
17.7985, 0.4966, -14.4547, 246.3546, 315.3546, 8.5034, 271.5281, 106.7550, -0.9429, -5.2887, 0.605031, 0.668094, 0.433115, 0.000497, -0.792966, 0.554617, 0.252202, -0.014455, -0.071718, -0.496035, 0.865336, 0.246355, 0.000000, 0.000000, 0.000000, 1.000000, -0.071718, -0.496035, 0.865336, 0.315355, -0.605031, -0.668094, -0.433115, 0.008503, 0.792966, -0.554617, -0.252202, 0.271528, 0.000000, 0.000000, 0.000000, 1.000000, -0.017533, -0.047562, -0.998714, 0.106755, -0.999449, 0.028986, 0.016165, -0.000943, 0.028179, 0.998448, -0.048044, -0.005289, 0.000000, 0.000000, 0.000000, 1.000000
18.4842, 0.4307, -14.5979, 247.6445, 316.6445, 8.5693, 271.6714, 107.3027, -0.9293, -4.8271, 0.605041, 0.663106, 0.440700, 0.000431, -0.792851, 0.552458, 0.257248, -0.014598, -0.072886, -0.505055, 0.860004, 0.247645, 0.000000, 0.000000, 0.000000, 1.000000, -0.072886, -0.505055, 0.860004, 0.316645, -0.605041, -0.663106, -0.440700, 0.008569, 0.792851, -0.552458, -0.257248, 0.271671, 0.000000, 0.000000, 0.000000, 1.000000, -0.016932, -0.049001, -0.998655, 0.107303, -0.999445, 0.029473, 0.015499, -0.000929, 0.028674, 0.998364, -0.049473, -0.004827, 0.000000, 0.000000, 0.000000, 1.000000
19.1661, 0.3785, -14.8181, 249.3548, 318.3548, 8.6215, 271.8915, 107.5136, -0.9560, -4.6434, 0.606090, 0.654829, 0.451502, 0.000379, -0.792141, 0.548243, 0.268221, -0.014818, -0.071894, -0.520219, 0.851001, 0.249355, 0.000000, 0.000000, 0.000000, 1.000000, -0.071894, -0.520219, 0.851001, 0.318355, -0.606090, -0.654829, -0.451502, 0.008621, 0.792141, -0.548243, -0.268221, 0.271892, 0.000000, 0.000000, 0.000000, 1.000000, -0.018803, -0.043123, -0.998893, 0.107514, -0.999404, 0.029753, 0.017528, -0.000956, 0.028964, 0.998627, -0.043657, -0.004643, 0.000000, 0.000000, 0.000000, 1.000000
19.7960, 0.2873, -15.0316, 251.5892, 320.5892, 8.7127, 272.1050, 107.2056, -0.9175, -4.8900, 0.604819, 0.651672, 0.457730, 0.000287, -0.792996, 0.545634, 0.270999, -0.015032, -0.073150, -0.526884, 0.846784, 0.251589, 0.000000, 0.000000, 0.000000, 1.000000, -0.073150, -0.526884, 0.846784, 0.320589, -0.604819, -0.651672, -0.457730, 0.008713, 0.792996, -0.545634, -0.270999, 0.272105, 0.000000, 0.000000, 0.000000, 1.000000, -0.017216, -0.046325, -0.998778, 0.107206, -0.999454, 0.028983, 0.015883, -0.000918, 0.028212, 0.998506, -0.046799, -0.004890, 0.000000, 0.000000, 0.000000, 1.000000
20.0000, 0.2286, -15.1740, 253.5712, 322.5712, 8.7714, 272.2475, 106.1159, -0.8580, -5.7490, 0.604526, 0.648117, 0.463134, 0.000229, -0.793370, 0.542050, 0.277030, -0.015174, -0.071494, -0.534908, 0.841880, 0.253571, 0.000000, 0.000000, 0.000000, 1.000000, -0.071494, -0.534908, 0.841880, 0.322571, -0.604526, -0.648117, -0.463134, 0.008771, 0.793370, -0.542050, -0.277030, 0.272247, 0.000000, 0.000000, 0.000000, 1.000000, -0.018418, -0.040520, -0.999009, 0.106116, -0.999470, 0.027555, 0.017309, -0.000858, 0.026826, 0.998799, -0.041006, -0.005749, 0.000000, 0.000000, 0.000000, 1.000000
