# Joint_B_Angle(deg), Cam_X(mm), Cam_Y(mm), Cam_Z(mm), Torso_X(mm), Torso_Y(mm), Torso_Z(mm), EE_X(mm), EE_Y(mm), EE_Z(mm), T_cam2marker_flat(16), T_torso2marker_flat(16), T_ee2marker_flat(16)
-19.2502, 30.8994, 15.2304, 152.9999, 222.0000, -21.8986, 241.8431, 103.2309, -1.0682, -8.5455, 0.609701, 0.789181, -0.073885, 0.030899, -0.791318, 0.600676, -0.114033, 0.015230, -0.045611, 0.127993, 0.990726, 0.153000, 0.000000, 0.000000, 0.000000, 1.000000, -0.045609, 0.127996, 0.990725, 0.222000, -0.609701, -0.789180, 0.073889, -0.021899, 0.791318, -0.600676, 0.114033, 0.241843, 0.000000, 0.000000, 0.000000, 1.000000, -0.022747, -0.049949, -0.998493, 0.103231, -0.998948, 0.040905, 0.020711, -0.001068, 0.039809, 0.997914, -0.050827, -0.008546, 0.000000, 0.000000, 0.000000, 1.000000
-18.5908, 30.1167, 14.6146, 154.1047, 223.1048, -21.1160, 242.4588, 103.5938, -1.0371, -8.2703, 0.609937, 0.789665, -0.066383, 0.030117, -0.791247, 0.602255, -0.105913, 0.014615, -0.043656, 0.117126, 0.992157, 0.154105, 0.000000, 0.000000, 0.000000, 1.000000, -0.043654, 0.117129, 0.992157, 0.223105, -0.609937, -0.789664, 0.066387, -0.021116, 0.791247, -0.602255, 0.105913, 0.242459, 0.000000, 0.000000, 0.000000, 1.000000, -0.025140, -0.050457, -0.998410, 0.103594, -0.998887, 0.041133, 0.023073, -0.001037, 0.039904, 0.997879, -0.051435, -0.008270, 0.000000, 0.000000, 0.000000, 1.000000
-18.0302, 29.0801, 13.7016, 155.4083, 224.4084, -20.0793, 243.3718, 103.5095, -1.0866, -8.5508, 0.610291, 0.789852, -0.060650, 0.029080, -0.791072, 0.603610, -0.099292, 0.013702, -0.041817, 0.108575, 0.993208, 0.155408, 0.000000, 0.000000, 0.000000, 1.000000, -0.041815, 0.108578, 0.993208, 0.224408, -0.610292, -0.789851, 0.060653, -0.020079, 0.791072, -0.603610, 0.099292, 0.243372, 0.000000, 0.000000, 0.000000, 1.000000, -0.027343, -0.051580, -0.998294, 0.103509, -0.998820, 0.041517, 0.025212, -0.001087, 0.040146, 0.997805, -0.052655, -0.008551, 0.000000, 0.000000, 0.000000, 1.000000
-17.4254, 28.2795, 13.0513, 156.6860, 225.6861, -19.2787, 244.0221, 103.5904, -1.0609, -8.4228, 0.610016, 0.790816, -0.049911, 0.028279, -0.791230, 0.604508, -0.092337, 0.013051, -0.042850, 0.095818, 0.994476, 0.156686, 0.000000, 0.000000, 0.000000, 1.000000, -0.042848, 0.095821, 0.994476, 0.225686, -0.610016, -0.790815, 0.049915, -0.019279, 0.791230, -0.604508, 0.092337, 0.244022, 0.000000, 0.000000, 0.000000, 1.000000, -0.026748, -0.049329, -0.998424, 0.103590, -0.998862, 0.040779, 0.024745, -0.001061, 0.039494, 0.997950, -0.050363, -0.008423, 0.000000, 0.000000, 0.000000, 1.000000
-16.8827, 27.3850, 12.2546, 157.9477, 226.9477, -18.3842, 244.8188, 103.5414, -1.1011, -8.5819, 0.610121, 0.791164, -0.042564, 0.027385, -0.791286, 0.605726, -0.083436, 0.012255, -0.040230, 0.084586, 0.995604, 0.157948, 0.000000, 0.000000, 0.000000, 1.000000, -0.040227, 0.084590, 0.995604, 0.226948, -0.610121, -0.791164, 0.042568, -0.018384, 0.791286, -0.605726, 0.083436, 0.244819, 0.000000, 0.000000, 0.000000, 1.000000, -0.029738, -0.047492, -0.998429, 0.103541, -0.998782, 0.040767, 0.027809, -0.001101, 0.039382, 0.998039, -0.048646, -0.008582, 0.000000, 0.000000, 0.000000, 1.000000
-16.3808, 26.6138, 11.6251, 159.1230, 228.1230, -17.6130, 245.4483, 103.5052, -1.0828, -8.6327, 0.610077, 0.791534, -0.035790, 0.026614, -0.791211, 0.606170, -0.080890, 0.011625, -0.042332, 0.077667, 0.996080, 0.159123, 0.000000, 0.000000, 0.000000, 1.000000, -0.042330, 0.077670, 0.996080, 0.228123, -0.610077, -0.791533, 0.035794, -0.017613, 0.791211, -0.606170, 0.080890, 0.245448, 0.000000, 0.000000, 0.000000, 1.000000, -0.027978, -0.049306, -0.998392, 0.103505, -0.998845, 0.040420, 0.025995, -0.001083, 0.039074, 0.997965, -0.050380, -0.008633, 0.000000, 0.000000, 0.000000, 1.000000
-15.7408, 25.9690, 11.1219, 160.1873, 229.1874, -16.9682, 245.9515, 103.9154, -1.0430, -8.2697, 0.609873, 0.792086, -0.025592, 0.025969, -0.791251, 0.606783, -0.075741, 0.011122, -0.044464, 0.066442, 0.996799, 0.160187, 0.000000, 0.000000, 0.000000, 1.000000, -0.044462, 0.066445, 0.996799, 0.229187, -0.609873, -0.792086, 0.025596, -0.016968, 0.791251, -0.606783, 0.075741, 0.245952, 0.000000, 0.000000, 0.000000, 1.000000, -0.026283, -0.049231, -0.998442, 0.103915, -0.998911, 0.039798, 0.024333, -0.001043, 0.038538, 0.997994, -0.050223, -0.008270, 0.000000, 0.000000, 0.000000, 1.000000
-15.1785, 24.9802, 10.2665, 161.6768, 230.6769, -15.9794, 246.8069, 103.7176, -1.0600, -8.5379, 0.609900, 0.792293, -0.017139, 0.024980, -0.791313, 0.607688, -0.067382, 0.010267, -0.042972, 0.054658, 0.997580, 0.161677, 0.000000, 0.000000, 0.000000, 1.000000, -0.042969, 0.054661, 0.997580, 0.230677, -0.609900, -0.792293, 0.017142, -0.015979, 0.791313, -0.607688, 0.067382, 0.246807, 0.000000, 0.000000, 0.000000, 1.000000, -0.028153, -0.047223, -0.998488, 0.103718, -0.998871, 0.039573, 0.026292, -0.001060, 0.038272, 0.998100, -0.048283, -0.008538, 0.000000, 0.000000, 0.000000, 1.000000
-14.5198, 24.2349, 9.6357, 162.8364, 231.8364, -15.2341, 247.4378, 104.0900, -1.0589, -8.3177, 0.609983, 0.792343, -0.010643, 0.024235, -0.791186, 0.608236, -0.063824, 0.009636, -0.044097, 0.047352, 0.997904, 0.162836, 0.000000, 0.000000, 0.000000, 1.000000, -0.044095, 0.047355, 0.997904, 0.231836, -0.609983, -0.792343, 0.010647, -0.015234, 0.791186, -0.608236, 0.063824, 0.247438, 0.000000, 0.000000, 0.000000, 1.000000, -0.027465, -0.051378, -0.998302, 0.104090, -0.998897, 0.039469, 0.025450, -0.001059, 0.038094, 0.997899, -0.052406, -0.008318, 0.000000, 0.000000, 0.000000, 1.000000
-13.9443, 23.2758, 8.7643, 164.3594, 233.3594, -14.2750, 248.3091, 103.9157, -1.1038, -8.5774, 0.610408, 0.792086, -0.001517, 0.023276, -0.791205, 0.609637, -0.048340, 0.008764, -0.037365, 0.030708, 0.998830, 0.164359, 0.000000, 0.000000, 0.000000, 1.000000, -0.037362, 0.030711, 0.998830, 0.233359, -0.610408, -0.792086, 0.001521, -0.014275, 0.791205, -0.609637, 0.048340, 0.248309, 0.000000, 0.000000, 0.000000, 1.000000, -0.034585, -0.044718, -0.998401, 0.103916, -0.998678, 0.039569, 0.032822, -0.001104, 0.038038, 0.998216, -0.046027, -0.008577, 0.000000, 0.000000, 0.000000, 1.000000
-13.4321, 22.5633, 8.1339, 165.5667, 234.5667, -13.5625, 248.9395, 103.9190, -1.1179, -8.6200, 0.610507, 0.791986, 0.006209, 0.022563, -0.791149, 0.610190, -0.041835, 0.008134, -0.036922, 0.020628, 0.999105, 0.165567, 0.000000, 0.000000, 0.000000, 1.000000, -0.036919, 0.020631, 0.999105, 0.234567, -0.610508, -0.791986, -0.006205, -0.013562, 0.791149, -0.610190, 0.041835, 0.248940, 0.000000, 0.000000, 0.000000, 1.000000, -0.035369, -0.043560, -0.998425, 0.103919, -0.998658, 0.039358, 0.033660, -0.001118, 0.037830, 0.998275, -0.044893, -0.008620, 0.000000, 0.000000, 0.000000, 1.000000
-12.8577, 21.9117, 7.5280, 166.6220, 235.6221, -12.9109, 249.5455, 104.2245, -1.1582, -8.4911, 0.611058, 0.791574, 0.004389, 0.021912, -0.790928, 0.610767, -0.037372, 0.007528, -0.032263, 0.019365, 0.999292, 0.166622, 0.000000, 0.000000, 0.000000, 1.000000, -0.032261, 0.019368, 0.999292, 0.235622, -0.611058, -0.791574, -0.004385, -0.012911, 0.790928, -0.610767, 0.037372, 0.249545, 0.000000, 0.000000, 0.000000, 1.000000, -0.040420, -0.052254, -0.997815, 0.104224, -0.998464, 0.039975, 0.038352, -0.001158, 0.037884, 0.997833, -0.053790, -0.008491, 0.000000, 0.000000, 0.000000, 1.000000
-12.2550, 21.2007, 6.8852, 167.8928, 236.8928, -12.1998, 250.1883, 104.3929, -1.1788, -8.3974, 0.611526, 0.791120, 0.012817, 0.021201, -0.790757, 0.611642, -0.024448, 0.006885, -0.027181, 0.004815, 0.999619, 0.167893, 0.000000, 0.000000, 0.000000, 1.000000, -0.027179, 0.004818, 0.999619, 0.236893, -0.611526, -0.791120, -0.012813, -0.012200, 0.790757, -0.611642, 0.024448, 0.250188, 0.000000, 0.000000, 0.000000, 1.000000, -0.045911, -0.048188, -0.997783, 0.104393, -0.998234, 0.039911, 0.044004, -0.001179, 0.037702, 0.998041, -0.049935, -0.008397, 0.000000, 0.000000, 0.000000, 1.000000
-11.7685, 20.4071, 6.2302, 169.2894, 238.2895, -11.4063, 250.8432, 104.1817, -1.1525, -8.6075, 0.611204, 0.791244, 0.019063, 0.020407, -0.791007, 0.611493, -0.019597, 0.006230, -0.027163, -0.003102, 0.999626, 0.169289, 0.000000, 0.000000, 0.000000, 1.000000, -0.027161, -0.003099, 0.999626, 0.238289, -0.611204, -0.791244, -0.019060, -0.011406, 0.791007, -0.611493, 0.019597, 0.250843, 0.000000, 0.000000, 0.000000, 1.000000, -0.046226, -0.048790, -0.997739, 0.104182, -0.998249, 0.039154, 0.044335, -0.001152, 0.036902, 0.998041, -0.050514, -0.008607, 0.000000, 0.000000, 0.000000, 1.000000
-11.1803, 19.8489, 5.7382, 170.4007, 239.4008, -10.8481, 251.3353, 104.4843, -1.1503, -8.3418, 0.611691, 0.790681, 0.025635, 0.019849, -0.790628, 0.612123, -0.014602, 0.005738, -0.027237, -0.011336, 0.999565, 0.170401, 0.000000, 0.000000, 0.000000, 1.000000, -0.027235, -0.011333, 0.999565, 0.239401, -0.611691, -0.790681, -0.025631, -0.010848, 0.790628, -0.612123, 0.014602, 0.251335, 0.000000, 0.000000, 0.000000, 1.000000, -0.046566, -0.050772, -0.997624, 0.104484, -0.998228, 0.039404, 0.044589, -0.001150, 0.037046, 0.997933, -0.052517, -0.008342, 0.000000, 0.000000, 0.000000, 1.000000
-10.4987, 19.1234, 5.0502, 171.7121, 240.7122, -10.1226, 252.0232, 104.8250, -1.1962, -8.1778, 0.612247, 0.790219, 0.026594, 0.019123, -0.790411, 0.612558, -0.004801, 0.005050, -0.020084, -0.018081, 0.999635, 0.171712, 0.000000, 0.000000, 0.000000, 1.000000, -0.020082, -0.018078, 0.999635, 0.240712, -0.612247, -0.790219, -0.026590, -0.010123, 0.790411, -0.612558, 0.004801, 0.252023, 0.000000, 0.000000, 0.000000, 1.000000, -0.054172, -0.055877, -0.996967, 0.104825, -0.997864, 0.039543, 0.052004, -0.001196, 0.036517, 0.997654, -0.057900, -0.008178, 0.000000, 0.000000, 0.000000, 1.000000
-9.7399, 18.2567, 4.2767, 173.4173, 242.4173, -9.2559, 252.7968, 104.9806, -1.2020, -8.0817, 0.612447, 0.789708, 0.035649, 0.018257, -0.790393, 0.612514, 0.010286, 0.004277, -0.013713, -0.034476, 0.999311, 0.173417, 0.000000, 0.000000, 0.000000, 1.000000, -0.013711, -0.034473, 0.999312, 0.242417, -0.612447, -0.789708, -0.035645, -0.009256, 0.790393, -0.612514, -0.010286, 0.252797, 0.000000, 0.000000, 0.000000, 1.000000, -0.061002, -0.052739, -0.996743, 0.104981, -0.997510, 0.038634, 0.059005, -0.001202, 0.035396, 0.997861, -0.054965, -0.008082, 0.000000, 0.000000, 0.000000, 1.000000
-9.1081, 17.5098, 3.4290, 174.8076, 243.8077, -8.5089, 253.6445, 105.1548, -1.3598, -8.1525, 0.613402, 0.789521, 0.019875, 0.017510, -0.789737, 0.612950, 0.024648, 0.003429, 0.007278, -0.030815, 0.999499, 0.174808, 0.000000, 0.000000, 0.000000, 1.000000, 0.007281, -0.030812, 0.999499, 0.243808, -0.613402, -0.789521, -0.019871, -0.008509, 0.789737, -0.612950, -0.024648, 0.253644, 0.000000, 0.000000, 0.000000, 1.000000, -0.082337, -0.067350, -0.994326, 0.105155, -0.996033, 0.039358, 0.079813, -0.001360, 0.033759, 0.996953, -0.070323, -0.008153, 0.000000, 0.000000, 0.000000, 1.000000
-8.5718, 16.9133, 2.8595, 176.1140, 245.1140, -7.9124, 254.2140, 105.1830, -1.3845, -8.1184, 0.613304, 0.789838, 0.003649, 0.016913, -0.789695, 0.613089, 0.022453, 0.002859, 0.015497, -0.016652, 0.999741, 0.176114, 0.000000, 0.000000, 0.000000, 1.000000, 0.015500, -0.016649, 0.999741, 0.245114, -0.613304, -0.789838, -0.003645, -0.007912, 0.789695, -0.613089, -0.022453, 0.254214, 0.000000, 0.000000, 0.000000, 1.000000, -0.090785, -0.090761, -0.991726, 0.105183, -0.995355, 0.040297, 0.087429, -0.001384, 0.032028, 0.995057, -0.093998, -0.008118, 0.000000, 0.000000, 0.000000, 1.000000
-8.0561, 15.4834, 2.4803, 177.6739, 246.6739, -6.4825, 254.5932, 105.0341, -0.7544, -8.7224, 0.604725, 0.780819, 0.156936, 0.015483, -0.791006, 0.611795, 0.004078, 0.002480, -0.092829, -0.126603, 0.987600, 0.177674, 0.000000, 0.000000, 0.000000, 1.000000, -0.092826, -0.126600, 0.987601, 0.246674, -0.604726, -0.780820, -0.156932, -0.006483, 0.791006, -0.611795, -0.004078, 0.254593, 0.000000, 0.000000, 0.000000, 1.000000, 0.017411, 0.010436, -0.999794, 0.105034, -0.999184, 0.036621, -0.017018, -0.000754, 0.036435, 0.999275, 0.011065, -0.008722, 0.000000, 0.000000, 0.000000, 1.000000
-7.5238, 14.7991, 2.0012, 178.7287, 247.7287, -5.7982, 255.0723, 105.3362, -0.6728, -8.7044, 0.601519, 0.780002, 0.172543, 0.014799, -0.790962, 0.611809, -0.008304, 0.002001, -0.112041, -0.131480, 0.984967, 0.178729, 0.000000, 0.000000, 0.000000, 1.000000, -0.112038, -0.131477, 0.984968, 0.247729, -0.601520, -0.780003, -0.172539, -0.005798, 0.790962, -0.611809, 0.008304, 0.255072, 0.000000, 0.000000, 0.000000, 1.000000, 0.036543, 0.006096, -0.999314, 0.105336, -0.998665, 0.036756, -0.036295, -0.000673, 0.036510, 0.999306, 0.007431, -0.008704, 0.000000, 0.000000, 0.000000, 1.000000
-7.0058, 14.3987, 1.6030, 179.8387, 248.8387, -5.3979, 255.4705, 105.5140, -0.6857, -8.4515, 0.602797, 0.780647, 0.165004, 0.014399, -0.790788, 0.612053, -0.006738, 0.001603, -0.106251, -0.126421, 0.986270, 0.179839, 0.000000, 0.000000, 0.000000, 1.000000, -0.106249, -0.126418, 0.986271, 0.248839, -0.602798, -0.780647, -0.165000, -0.005398, 0.790788, -0.612053, 0.006738, 0.255470, 0.000000, 0.000000, 0.000000, 1.000000, 0.030292, -0.008041, -0.999509, 0.105514, -0.998850, 0.036943, -0.030569, -0.000686, 0.037171, 0.999285, -0.006912, -0.008451, 0.000000, 0.000000, 0.000000, 1.000000
-6.4692, 13.8199, 1.0175, 181.4583, 250.4583, -4.8190, 256.0560, 105.2702, -0.7112, -8.4983, 0.603960, 0.781400, 0.156991, 0.013820, -0.791100, 0.611686, -0.001142, 0.001017, -0.096922, -0.123506, 0.987599, 0.181458, 0.000000, 0.000000, 0.000000, 1.000000, -0.096919, -0.123503, 0.987600, 0.250458, -0.603960, -0.781400, -0.156988, -0.004819, 0.791100, -0.611686, 0.001142, 0.256056, 0.000000, 0.000000, 0.000000, 1.000000, 0.020560, -0.020386, -0.999581, 0.105270, -0.999110, 0.036417, -0.021293, -0.000711, 0.036836, 0.999129, -0.019619, -0.008498, 0.000000, 0.000000, 0.000000, 1.000000
-5.9217, 13.2668, 0.5048, 182.6751, 251.6751, -4.2659, 256.5686, 105.4523, -0.7212, -8.4156, 0.603801, 0.780918, 0.159975, 0.013267, -0.790677, 0.612219, -0.004261, 0.000505, -0.101267, -0.123915, 0.987112, 0.182675, 0.000000, 0.000000, 0.000000, 1.000000, -0.101265, -0.123912, 0.987113, 0.251675, -0.603801, -0.780918, -0.159971, -0.004266, 0.790677, -0.612219, 0.004261, 0.256569, 0.000000, 0.000000, 0.000000, 1.000000, 0.024502, -0.029467, -0.999265, 0.105452, -0.998984, 0.037100, -0.025589, -0.000721, 0.037827, 0.998877, -0.028528, -0.008416, 0.000000, 0.000000, 0.000000, 1.000000
-5.4067, 12.7112, 0.0374, 183.9141, 252.9141, -3.7103, 257.0360, 105.5436, -0.6914, -8.3807, 0.603228, 0.779671, 0.168016, 0.012711, -0.790618, 0.612304, -0.002811, 0.000037, -0.105068, -0.131140, 0.985780, 0.183914, 0.000000, 0.000000, 0.000000, 1.000000, -0.105066, -0.131137, 0.985781, 0.252914, -0.603229, -0.779671, -0.168012, -0.003710, 0.790618, -0.612304, 0.002811, 0.257036, 0.000000, 0.000000, 0.000000, 1.000000, 0.027999, -0.031120, -0.999123, 0.105544, -0.998876, 0.037375, -0.029156, -0.000691, 0.038249, 0.998817, -0.030039, -0.008381, 0.000000, 0.000000, 0.000000, 1.000000
-4.6967, 12.2181, -0.4813, 185.3541, 254.3541, -3.2173, 257.5548, 105.8898, -0.7251, -8.0102, 0.604368, 0.779766, 0.163414, 0.012218, -0.790930, 0.611882, 0.005433, -0.000481, -0.095754, -0.132533, 0.986543, 0.185354, 0.000000, 0.000000, 0.000000, 1.000000, -0.095752, -0.132530, 0.986543, 0.254354, -0.604368, -0.779767, -0.163411, -0.003217, 0.790930, -0.611882, -0.005433, 0.257555, 0.000000, 0.000000, 0.000000, 1.000000, 0.018183, -0.042127, -0.998947, 0.105890, -0.999125, 0.036878, -0.019741, -0.000725, 0.037670, 0.998431, -0.041420, -0.008010, 0.000000, 0.000000, 0.000000, 1.000000
-4.1286, 11.5754, -1.1499, 187.1646, 256.1646, -2.5745, 258.2233, 105.5877, -0.7676, -8.1890, 0.606268, 0.779060, 0.159699, 0.011575, -0.790686, 0.612010, 0.016123, -0.001150, -0.085177, -0.136047, 0.987034, 0.187165, 0.000000, 0.000000, 0.000000, 1.000000, -0.085174, -0.136044, 0.987035, 0.256165, -0.606268, -0.779061, -0.159696, -0.002575, 0.790686, -0.612010, -0.016123, 0.258223, 0.000000, 0.000000, 0.000000, 1.000000, 0.007065, -0.048451, -0.998801, 0.105588, -0.999271, 0.037139, -0.008870, -0.000768, 0.037524, 0.998135, -0.048154, -0.008189, 0.000000, 0.000000, 0.000000, 1.000000
-3.4951, 10.9556, -1.7518, 188.6820, 257.6820, -1.9547, 258.8252, 105.7299, -0.7900, -8.1519, 0.606788, 0.776232, 0.171089, 0.010956, -0.790735, 0.611396, 0.030530, -0.001752, -0.080905, -0.153811, 0.984783, 0.188682, 0.000000, 0.000000, 0.000000, 1.000000, -0.080903, -0.153808, 0.984783, 0.257682, -0.606789, -0.776233, -0.171085, -0.001955, 0.790735, -0.611396, -0.030530, 0.258825, 0.000000, 0.000000, 0.000000, 1.000000, 0.002372, -0.041510, -0.999135, 0.105730, -0.999307, 0.037009, -0.003910, -0.000790, 0.037139, 0.998452, -0.041393, -0.008152, 0.000000, 0.000000, 0.000000, 1.000000
-2.7995, 10.3104, -2.2664, 190.1639, 259.1639, -1.3095, 259.3399, 106.0629, -0.7295, -7.9749, 0.605406, 0.775698, 0.178257, 0.010310, -0.790951, 0.611324, 0.026050, -0.002266, -0.088766, -0.156763, 0.983639, 0.190164, 0.000000, 0.000000, 0.000000, 1.000000, -0.088764, -0.156760, 0.983640, 0.259164, -0.605407, -0.775699, -0.178253, -0.001310, 0.790951, -0.611324, -0.026050, 0.259340, 0.000000, 0.000000, 0.000000, 1.000000, 0.009894, -0.050631, -0.998668, 0.106063, -0.999244, 0.037049, -0.011778, -0.000729, 0.037596, 0.998030, -0.050226, -0.007975, 0.000000, 0.000000, 0.000000, 1.000000
-2.2540, 9.7801, -2.8020, 191.9136, 260.9136, -0.7792, 259.8755, 105.7750, -0.7332, -8.0680, 0.605182, 0.775684, 0.179078, 0.009780, -0.791252, 0.610845, 0.028084, -0.002802, -0.087604, -0.158691, 0.983434, 0.191914, 0.000000, 0.000000, 0.000000, 1.000000, -0.087602, -0.158688, 0.983435, 0.260914, -0.605183, -0.775685, -0.179074, -0.000779, 0.791252, -0.610845, -0.028084, 0.259875, 0.000000, 0.000000, 0.000000, 1.000000, 0.008475, -0.058217, -0.998268, 0.105775, -0.999276, 0.036530, -0.010614, -0.000733, 0.037085, 0.997635, -0.057865, -0.008068, 0.000000, 0.000000, 0.000000, 1.000000
-1.6973, 9.1828, -3.3830, 193.3125, 262.3125, -0.1819, 260.4565, 105.8838, -0.7602, -8.1567, 0.605822, 0.772529, 0.190207, 0.009183, -0.791368, 0.609750, 0.044052, -0.003383, -0.081947, -0.177212, 0.980755, 0.193312, 0.000000, 0.000000, 0.000000, 1.000000, -0.081945, -0.177209, 0.980756, 0.262312, -0.605822, -0.772529, -0.190203, -0.000182, 0.791368, -0.609750, -0.044052, 0.260456, 0.000000, 0.000000, 0.000000, 1.000000, 0.002486, -0.049125, -0.998790, 0.105884, -0.999337, 0.036144, -0.004265, -0.000760, 0.036310, 0.998138, -0.049002, -0.008157, 0.000000, 0.000000, 0.000000, 1.000000
-1.1689, 8.7260, -3.8486, 194.6735, 263.6735, 0.2750, 260.9220, 105.9331, -0.7773, -8.1226, 0.606614, 0.770284, 0.196676, 0.008726, -0.791091, 0.609362, 0.053417, -0.003849, -0.078700, -0.187992, 0.979012, 0.194673, 0.000000, 0.000000, 0.000000, 1.000000, -0.078698, -0.187989, 0.979013, 0.263673, -0.606615, -0.770285, -0.196672, 0.000275, 0.791091, -0.609362, -0.053417, 0.260922, 0.000000, 0.000000, 0.000000, 1.000000, -0.001203, -0.047326, -0.998879, 0.105933, -0.999339, 0.036358, -0.000520, -0.000777, 0.036342, 0.998218, -0.047339, -0.008123, 0.000000, 0.000000, 0.000000, 1.000000
-0.6670, 8.2525, -4.2888, 196.0881, 265.0881, 0.7484, 261.3623, 105.8795, -0.7604, -8.1593, 0.606288, 0.769470, 0.200828, 0.008253, -0.791100, 0.609330, 0.053642, -0.004289, -0.081095, -0.191397, 0.978157, 0.196088, 0.000000, 0.000000, 0.000000, 1.000000, -0.081093, -0.191394, 0.978158, 0.265088, -0.606288, -0.769470, -0.200824, 0.000748, 0.791100, -0.609330, -0.053642, 0.261362, 0.000000, 0.000000, 0.000000, 1.000000, 0.000874, -0.052579, -0.998616, 0.105880, -0.999327, 0.036561, -0.002800, -0.000760, 0.036658, 0.997947, -0.052512, -0.008159, 0.000000, 0.000000, 0.000000, 1.000000
-0.0950, 7.8277, -4.7194, 197.5943, 266.5943, 1.1732, 261.7929, 105.8961, -0.7572, -8.0576, 0.606553, 0.768660, 0.203115, 0.007828, -0.791425, 0.608102, 0.062120, -0.004719, -0.075765, -0.198429, 0.977182, 0.197594, 0.000000, 0.000000, 0.000000, 1.000000, -0.075763, -0.198426, 0.977183, 0.266594, -0.606553, -0.768661, -0.203111, 0.001173, 0.791425, -0.608102, -0.062120, 0.261793, 0.000000, 0.000000, 0.000000, 1.000000, -0.004667, -0.055443, -0.998451, 0.105896, -0.999365, 0.035529, 0.002698, -0.000757, 0.035324, 0.997829, -0.055574, -0.008058, 0.000000, 0.000000, 0.000000, 1.000000
0.5280, 7.3495, -5.1751, 198.8885, 267.8885, 1.6514, 262.2486, 106.2600, -0.7586, -7.8738, 0.606898, 0.766097, 0.211589, 0.007349, -0.791373, 0.607110, 0.071730, -0.005175, -0.073506, -0.210979, 0.974723, 0.198888, 0.000000, 0.000000, 0.000000, 1.000000, -0.073503, -0.210976, 0.974724, 0.267888, -0.606898, -0.766098, -0.211585, 0.001651, 0.791373, -0.607110, -0.071730, 0.262249, 0.000000, 0.000000, 0.000000, 1.000000, -0.007316, -0.053469, -0.998543, 0.106260, -0.999362, 0.035311, 0.005432, -0.000759, 0.034969, 0.997945, -0.053694, -0.007874, 0.000000, 0.000000, 0.000000, 1.000000
1.0431, 6.8475, -5.7075, 200.4662, 269.4662, 2.1535, 262.7810, 106.1245, -0.7885, -8.0385, 0.607734, 0.762476, 0.222012, 0.006847, -0.790943, 0.606213, 0.083150, -0.005708, -0.071187, -0.226133, 0.971492, 0.200466, 0.000000, 0.000000, 0.000000, 1.000000, -0.071184, -0.226130, 0.971493, 0.269466, -0.607735, -0.762477, -0.222009, 0.002153, 0.790943, -0.606213, -0.083150, 0.262781, 0.000000, 0.000000, 0.000000, 1.000000, -0.010119, -0.046857, -0.998850, 0.106124, -0.999331, 0.035595, 0.008454, -0.000788, 0.035158, 0.998267, -0.047186, -0.008038, 0.000000, 0.000000, 0.000000, 1.000000
1.5582, 6.4076, -6.0801, 201.9793, 270.9793, 2.5933, 263.1536, 106.0281, -0.7289, -8.0588, 0.606741, 0.762189, 0.225683, 0.006408, -0.791484, 0.605563, 0.082739, -0.006080, -0.073602, -0.228826, 0.970681, 0.201979, 0.000000, 0.000000, 0.000000, 1.000000, -0.073600, -0.228823, 0.970682, 0.270979, -0.606742, -0.762190, -0.225680, 0.002593, 0.791484, -0.605563, -0.082739, 0.263154, 0.000000, 0.000000, 0.000000, 1.000000, -0.007796, -0.053104, -0.998559, 0.106028, -0.999368, 0.035041, 0.005939, -0.000729, 0.034675, 0.997974, -0.053343, -0.008059, 0.000000, 0.000000, 0.000000, 1.000000
2.1445, 6.1079, -6.4490, 203.0977, 272.0977, 2.8931, 263.5225, 106.4434, -0.7756, -7.7345, 0.607404, 0.759666, 0.232310, 0.006108, -0.791195, 0.604727, 0.091193, -0.006449, -0.071208, -0.239194, 0.968357, 0.203098, 0.000000, 0.000000, 0.000000, 1.000000, -0.071205, -0.239191, 0.968358, 0.272098, -0.607405, -0.759667, -0.232306, 0.002893, 0.791195, -0.604727, -0.091193, 0.263522, 0.000000, 0.000000, 0.000000, 1.000000, -0.010652, -0.052629, -0.998557, 0.106443, -0.999346, 0.035081, 0.008811, -0.000776, 0.034567, 0.997998, -0.052968, -0.007735, 0.000000, 0.000000, 0.000000, 1.000000
2.7053, 5.6211, -6.8863, 204.8304, 273.8304, 3.3799, 263.9597, 106.2819, -0.7259, -7.8305, 0.607065, 0.758622, 0.236569, 0.005621, -0.791525, 0.603644, 0.095402, -0.006886, -0.070429, -0.245166, 0.966920, 0.204830, 0.000000, 0.000000, 0.000000, 1.000000, -0.070427, -0.245163, 0.966921, 0.273830, -0.607065, -0.758623, -0.236565, 0.003380, 0.791525, -0.603644, -0.095402, 0.263960, 0.000000, 0.000000, 0.000000, 1.000000, -0.011593, -0.056289, -0.998347, 0.106282, -0.999362, 0.034379, 0.009666, -0.000726, 0.033778, 0.997822, -0.056651, -0.007830, 0.000000, 0.000000, 0.000000, 1.000000
3.3061, 5.2135, -7.2825, 206.3613, 275.3613, 3.7874, 264.3560, 106.3881, -0.7030, -7.7215, 0.607079, 0.757308, 0.240706, 0.005214, -0.791610, 0.602786, 0.100016, -0.007283, -0.069351, -0.251263, 0.965431, 0.206361, 0.000000, 0.000000, 0.000000, 1.000000, -0.069349, -0.251260, 0.965432, 0.275361, -0.607079, -0.757309, -0.240702, 0.003787, 0.791610, -0.602786, -0.100016, 0.264356, 0.000000, 0.000000, 0.000000, 1.000000, -0.012960, -0.060477, -0.998085, 0.106388, -0.999362, 0.034006, 0.010916, -0.000703, 0.033281, 0.997590, -0.060880, -0.007722, 0.000000, 0.000000, 0.000000, 1.000000
3.8998, 4.7428, -7.7738, 207.6376, 276.6376, 4.2582, 264.8473, 106.7593, -0.7390, -7.6582, 0.607436, 0.751818, 0.256498, 0.004743, -0.790990, 0.602205, 0.108098, -0.007774, -0.073194, -0.268550, 0.960481, 0.207638, 0.000000, 0.000000, 0.000000, 1.000000, -0.073192, -0.268547, 0.960482, 0.276638, -0.607436, -0.751819, -0.256494, 0.004258, 0.790990, -0.602205, -0.108098, 0.264847, 0.000000, 0.000000, 0.000000, 1.000000, -0.009865, -0.052755, -0.998559, 0.106759, -0.999339, 0.035476, 0.007999, -0.000739, 0.035003, 0.997977, -0.053070, -0.007658, 0.000000, 0.000000, 0.000000, 1.000000
4.5865, 4.3151, -8.1699, 209.5167, 278.5167, 4.6859, 265.2433, 106.7626, -0.6795, -7.5413, 0.606796, 0.751772, 0.258142, 0.004315, -0.791806, 0.600130, 0.113520, -0.008170, -0.069577, -0.273282, 0.959414, 0.209517, 0.000000, 0.000000, 0.000000, 1.000000, -0.069575, -0.273279, 0.959415, 0.278517, -0.606797, -0.751773, -0.258138, 0.004686, 0.791806, -0.600130, -0.113520, 0.265243, 0.000000, 0.000000, 0.000000, 1.000000, -0.013373, -0.059960, -0.998111, 0.106763, -0.999375, 0.033480, 0.011378, -0.000679, 0.032734, 0.997639, -0.060370, -0.007541, 0.000000, 0.000000, 0.000000, 1.000000
5.1631, 3.8513, -8.6799, 211.3555, 280.3555, 5.1497, 265.7533, 106.5895, -0.6946, -7.7258, 0.607162, 0.747611, 0.269132, 0.003851, -0.791364, 0.599394, 0.120288, -0.008680, -0.071387, -0.286015, 0.955562, 0.211355, 0.000000, 0.000000, 0.000000, 1.000000, -0.071385, -0.286013, 0.955563, 0.280355, -0.607163, -0.747612, -0.269128, 0.005150, 0.791364, -0.599394, -0.120288, 0.265753, 0.000000, 0.000000, 0.000000, 1.000000, -0.012185, -0.056635, -0.998321, 0.106590, -0.999356, 0.034380, 0.010247, -0.000695, 0.033742, 0.997803, -0.057018, -0.007726, 0.000000, 0.000000, 0.000000, 1.000000
5.6973, 3.4977, -9.0208, 212.7656, 281.7656, 5.5033, 266.0942, 106.6719, -0.6666, -7.6777, 0.606728, 0.745173, 0.276765, 0.003498, -0.791829, 0.597187, 0.127968, -0.009021, -0.069922, -0.296792, 0.952379, 0.212766, 0.000000, 0.000000, 0.000000, 1.000000, -0.069920, -0.296789, 0.952380, 0.281766, -0.606728, -0.745174, -0.276761, 0.005503, 0.791829, -0.597187, -0.127968, 0.266094, 0.000000, 0.000000, 0.000000, 1.000000, -0.013656, -0.054750, -0.998407, 0.106672, -0.999378, 0.033227, 0.011847, -0.000667, 0.032526, 0.997947, -0.055170, -0.007678, 0.000000, 0.000000, 0.000000, 1.000000
6.2271, 3.1685, -9.3770, 214.2281, 283.2280, 5.8325, 266.4505, 106.6981, -0.6614, -7.6570, 0.607096, 0.742338, 0.283493, 0.003168, -0.791644, 0.595910, 0.134879, -0.009377, -0.068810, -0.306310, 0.949442, 0.214228, 0.000000, 0.000000, 0.000000, 1.000000, -0.068808, -0.306307, 0.949443, 0.283228, -0.607096, -0.742340, -0.283489, 0.005833, 0.791644, -0.595910, -0.134879, 0.266450, 0.000000, 0.000000, 0.000000, 1.000000, -0.015141, -0.053981, -0.998427, 0.106698, -0.999361, 0.033150, 0.013363, -0.000661, 0.032377, 0.997992, -0.054449, -0.007657, 0.000000, 0.000000, 0.000000, 1.000000
6.9010, 2.8507, -9.7447, 215.4874, 284.4873, 6.1503, 266.8181, 107.2526, -0.6866, -7.3008, 0.607509, 0.737729, 0.294429, 0.002851, -0.791189, 0.594856, 0.142008, -0.009745, -0.070380, -0.319220, 0.945064, 0.215487, 0.000000, 0.000000, 0.000000, 1.000000, -0.070377, -0.319217, 0.945065, 0.284487, -0.607509, -0.737731, -0.294426, 0.006150, 0.791189, -0.594856, -0.142008, 0.266818, 0.000000, 0.000000, 0.000000, 1.000000, -0.014281, -0.052018, -0.998544, 0.107253, -0.999342, 0.034039, 0.012519, -0.000687, 0.033338, 0.998066, -0.052470, -0.007301, 0.000000, 0.000000, 0.000000, 1.000000
7.3898, 2.4558, -10.1040, 217.3938, 286.3938, 6.5453, 267.1774, 106.8147, -0.6142, -7.5947, 0.606689, 0.736916, 0.298135, 0.002456, -0.791876, 0.593132, 0.145350, -0.010104, -0.069723, -0.324268, 0.943392, 0.217394, 0.000000, 0.000000, 0.000000, 1.000000, -0.069721, -0.324265, 0.943393, 0.286394, -0.606689, -0.736917, -0.298131, 0.006545, 0.791876, -0.593132, -0.145350, 0.267177, 0.000000, 0.000000, 0.000000, 1.000000, -0.014772, -0.055302, -0.998360, 0.106815, -0.999379, 0.032749, 0.012973, -0.000614, 0.031978, 0.997932, -0.055751, -0.007595, 0.000000, 0.000000, 0.000000, 1.000000
7.9139, 2.2198, -10.3869, 218.3188, 287.3188, 6.7812, 267.4604, 107.3048, -0.6417, -7.3008, 0.607088, 0.732749, 0.307446, 0.002220, -0.791482, 0.592018, 0.151894, -0.010387, -0.070713, -0.335551, 0.939364, 0.218319, 0.000000, 0.000000, 0.000000, 1.000000, -0.070711, -0.335548, 0.939366, 0.287319, -0.607089, -0.732750, -0.307442, 0.006781, 0.791482, -0.592018, -0.151894, 0.267460, 0.000000, 0.000000, 0.000000, 1.000000, -0.014362, -0.052389, -0.998523, 0.107305, -0.999361, 0.033448, 0.012619, -0.000642, 0.032738, 0.998066, -0.052836, -0.007301, 0.000000, 0.000000, 0.000000, 1.000000
8.3950, 1.8742, -10.7771, 220.1633, 289.1632, 7.1268, 267.8505, 106.9153, -0.6274, -7.5927, 0.606378, 0.730238, 0.314734, 0.001874, -0.791948, 0.590225, 0.156373, -0.010777, -0.071574, -0.344074, 0.936210, 0.220163, 0.000000, 0.000000, 0.000000, 1.000000, -0.071572, -0.344072, 0.936212, 0.289163, -0.606379, -0.730240, -0.314730, 0.007127, 0.791948, -0.590225, -0.156373, 0.267851, 0.000000, 0.000000, 0.000000, 1.000000, -0.013510, -0.051739, -0.998569, 0.106915, -0.999391, 0.032835, 0.011819, -0.000627, 0.032177, 0.998121, -0.052151, -0.007593, 0.000000, 0.000000, 0.000000, 1.000000
8.8986, 1.6902, -10.9790, 221.0150, 290.0150, 7.3109, 268.0525, 107.4033, -0.6243, -7.2367, 0.606575, 0.728011, 0.319478, 0.001690, -0.791718, 0.589757, 0.159280, -0.010979, -0.072457, -0.349552, 0.934111, 0.221015, 0.000000, 0.000000, 0.000000, 1.000000, -0.072455, -0.349549, 0.934112, 0.290015, -0.606575, -0.728013, -0.319475, 0.007311, 0.791718, -0.589757, -0.159280, 0.268052, 0.000000, 0.000000, 0.000000, 1.000000, -0.013100, -0.054610, -0.998422, 0.107403, -0.999380, 0.033352, 0.011288, -0.000624, 0.032683, 0.997951, -0.055013, -0.007237, 0.000000, 0.000000, 0.000000, 1.000000
9.3896, 1.3676, -11.3110, 222.8287, 291.8287, 7.6334, 268.3845, 107.0655, -0.5783, -7.4733, 0.606804, 0.726057, 0.323467, 0.001368, -0.791843, 0.587564, 0.166596, -0.011311, -0.069099, -0.357226, 0.931458, 0.222829, 0.000000, 0.000000, 0.000000, 1.000000, -0.069097, -0.357223, 0.931460, 0.291829, -0.606804, -0.726058, -0.323464, 0.007633, 0.791843, -0.587564, -0.166596, 0.268385, 0.000000, 0.000000, 0.000000, 1.000000, -0.016493, -0.055047, -0.998348, 0.107066, -0.999374, 0.032153, 0.014737, -0.000578, 0.031289, 0.997966, -0.055543, -0.007473, 0.000000, 0.000000, 0.000000, 1.000000
9.9199, 1.1478, -11.5649, 223.8540, 292.8540, 7.8532, 268.6383, 107.4908, -0.5843, -7.2045, 0.606502, 0.721622, 0.333791, 0.001148, -0.791782, 0.586393, 0.170954, -0.011565, -0.072369, -0.367973, 0.927016, 0.223854, 0.000000, 0.000000, 0.000000, 1.000000, -0.072366, -0.367970, 0.927017, 0.292854, -0.606502, -0.721624, -0.333787, 0.007853, 0.791782, -0.586393, -0.170954, 0.268638, 0.000000, 0.000000, 0.000000, 1.000000, -0.013719, -0.052646, -0.998519, 0.107491, -0.999383, 0.033000, 0.011991, -0.000584, 0.032320, 0.998068, -0.053066, -0.007204, 0.000000, 0.000000, 0.000000, 1.000000
10.4331, 0.8704, -11.8962, 225.6010, 294.6010, 8.1306, 268.9697, 107.2676, -0.5685, -7.3634, 0.606820, 0.718122, 0.340690, 0.000870, -0.791802, 0.583588, 0.180206, -0.011896, -0.069413, -0.379111, 0.922744, 0.225601, 0.000000, 0.000000, 0.000000, 1.000000, -0.069410, -0.379109, 0.922745, 0.294601, -0.606820, -0.718124, -0.340686, 0.008131, 0.791802, -0.583588, -0.180206, 0.268970, 0.000000, 0.000000, 0.000000, 1.000000, -0.016791, -0.049643, -0.998626, 0.107268, -0.999374, 0.031950, 0.015216, -0.000569, 0.031151, 0.998256, -0.050148, -0.007363, 0.000000, 0.000000, 0.000000, 1.000000
10.9999, 0.6693, -12.1180, 227.1834, 296.1834, 8.3317, 269.1914, 107.2756, -0.5196, -7.2504, 0.605792, 0.718068, 0.342629, 0.000669, -0.792500, 0.582713, 0.179968, -0.012118, -0.070425, -0.380557, 0.922072, 0.227183, 0.000000, 0.000000, 0.000000, 1.000000, -0.070423, -0.380554, 0.922073, 0.296183, -0.605792, -0.718069, -0.342626, 0.008332, 0.792500, -0.582713, -0.179968, 0.269191, 0.000000, 0.000000, 0.000000, 1.000000, -0.015645, -0.058020, -0.998193, 0.107276, -0.999418, 0.031168, 0.013853, -0.000520, 0.030308, 0.997829, -0.058474, -0.007250, 0.000000, 0.000000, 0.000000, 1.000000
11.5668, 0.3871, -12.4455, 228.4019, 297.4019, 8.6140, 269.5190, 107.6714, -0.5357, -7.1036, 0.606358, 0.711475, 0.355152, 0.000387, -0.791860, 0.581090, 0.187860, -0.012446, -0.072717, -0.395141, 0.915738, 0.228402, 0.000000, 0.000000, 0.000000, 1.000000, -0.072715, -0.395139, 0.915739, 0.297402, -0.606358, -0.711477, -0.355149, 0.008614, 0.791860, -0.581090, -0.187860, 0.269519, 0.000000, 0.000000, 0.000000, 1.000000, -0.014256, -0.051894, -0.998551, 0.107671, -0.999389, 0.032622, 0.012572, -0.000536, 0.031922, 0.998120, -0.052327, -0.007104, 0.000000, 0.000000, 0.000000, 1.000000
12.1069, 0.2067, -12.7121, 230.1028, 299.1028, 8.7943, 269.7855, 107.5302, -0.5267, -7.1255, 0.606635, 0.708196, 0.361181, 0.000207, -0.791794, 0.578884, 0.194824, -0.012712, -0.071108, -0.404168, 0.911917, 0.230103, 0.000000, 0.000000, 0.000000, 1.000000, -0.071106, -0.404165, 0.911918, 0.299103, -0.606635, -0.708198, -0.361177, 0.008794, 0.791794, -0.578884, -0.194824, 0.269786, 0.000000, 0.000000, 0.000000, 1.000000, -0.016113, -0.051479, -0.998544, 0.107530, -0.999380, 0.032081, 0.014472, -0.000527, 0.031289, 0.998159, -0.051964, -0.007126, 0.000000, 0.000000, 0.000000, 1.000000
12.5885, -0.0037, -12.9387, 231.5603, 300.5603, 9.0047, 270.0122, 107.4833, -0.4852, -7.1588, 0.606435, 0.705721, 0.366325, -0.000004, -0.792080, 0.576506, 0.200622, -0.012939, -0.069605, -0.411823, 0.908601, 0.231560, 0.000000, 0.000000, 0.000000, 1.000000, -0.069603, -0.411821, 0.908603, 0.300560, -0.606435, -0.705723, -0.366322, 0.009005, 0.792080, -0.576506, -0.200622, 0.270012, 0.000000, 0.000000, 0.000000, 1.000000, -0.017560, -0.051557, -0.998516, 0.107483, -0.999391, 0.031034, 0.015973, -0.000485, 0.030165, 0.998188, -0.052071, -0.007159, 0.000000, 0.000000, 0.000000, 1.000000
13.1871, -0.1762, -13.2162, 233.0268, 302.0268, 9.1773, 270.2897, 107.7017, -0.5064, -6.9878, 0.606349, 0.701881, 0.373770, -0.000176, -0.792049, 0.574869, 0.205390, -0.013216, -0.070709, -0.420582, 0.904495, 0.233027, 0.000000, 0.000000, 0.000000, 1.000000, -0.070707, -0.420579, 0.904496, 0.302027, -0.606349, -0.701883, -0.373766, 0.009177, 0.792049, -0.574869, -0.205390, 0.270290, 0.000000, 0.000000, 0.000000, 1.000000, -0.016873, -0.052299, -0.998489, 0.107702, -0.999394, 0.031300, 0.015249, -0.000506, 0.030455, 0.998141, -0.052796, -0.006988, 0.000000, 0.000000, 0.000000, 1.000000
13.7517, -0.4098, -13.4240, 234.6867, 303.6867, 9.4109, 270.4975, 107.6911, -0.4218, -6.9879, 0.605551, 0.699874, 0.378794, -0.000410, -0.792715, 0.572401, 0.209667, -0.013424, -0.070082, -0.427240, 0.901418, 0.234687, 0.000000, 0.000000, 0.000000, 1.000000, -0.070080, -0.427237, 0.901420, 0.303687, -0.605551, -0.699875, -0.378791, 0.009411, 0.792715, -0.572401, -0.209667, 0.270497, 0.000000, 0.000000, 0.000000, 1.000000, -0.017229, -0.054888, -0.998344, 0.107691, -0.999429, 0.029981, 0.015599, -0.000422, 0.029075, 0.998042, -0.055373, -0.006988, 0.000000, 0.000000, 0.000000, 1.000000
14.2214, -0.5735, -13.7242, 235.9616, 304.9615, 9.5746, 270.7976, 107.7991, -0.4801, -6.9934, 0.605883, 0.693376, 0.390045, -0.000574, -0.792233, 0.570608, 0.216269, -0.013724, -0.072608, -0.440041, 0.895038, 0.235962, 0.000000, 0.000000, 0.000000, 1.000000, -0.072605, -0.440038, 0.895039, 0.304962, -0.605883, -0.693378, -0.390042, 0.009575, 0.792233, -0.570608, -0.216269, 0.270798, 0.000000, 0.000000, 0.000000, 1.000000, -0.015521, -0.048688, -0.998693, 0.107799, -0.999410, 0.031369, 0.014003, -0.000480, 0.030646, 0.998321, -0.049146, -0.006993, 0.000000, 0.000000, 0.000000, 1.000000
14.7703, -0.6941, -13.9058, 237.2627, 306.2626, 9.6952, 270.9792, 108.0271, -0.4652, -6.7766, 0.605896, 0.691088, 0.394064, -0.000694, -0.792309, 0.568826, 0.220644, -0.013906, -0.071669, -0.445908, 0.892205, 0.237263, 0.000000, 0.000000, 0.000000, 1.000000, -0.071667, -0.445906, 0.892206, 0.306263, -0.605896, -0.691090, -0.394061, 0.009695, 0.792309, -0.568826, -0.220644, 0.270979, 0.000000, 0.000000, 0.000000, 1.000000, -0.016614, -0.051738, -0.998522, 0.108027, -0.999412, 0.030825, 0.015032, -0.000465, 0.030001, 0.998185, -0.052220, -0.006777, 0.000000, 0.000000, 0.000000, 1.000000
15.2986, -0.8451, -14.1166, 238.9249, 307.9248, 9.8462, 271.1900, 107.9228, -0.4306, -6.8241, 0.606141, 0.688358, 0.398443, -0.000845, -0.792227, 0.566933, 0.225751, -0.014117, -0.070493, -0.452494, 0.888977, 0.238925, 0.000000, 0.000000, 0.000000, 1.000000, -0.070490, -0.452491, 0.888978, 0.307925, -0.606142, -0.688359, -0.398439, 0.009846, 0.792227, -0.566933, -0.225751, 0.271190, 0.000000, 0.000000, 0.000000, 1.000000, -0.018033, -0.053589, -0.998400, 0.107923, -0.999403, 0.030396, 0.016420, -0.000431, 0.029468, 0.998100, -0.054105, -0.006824, 0.000000, 0.000000, 0.000000, 1.000000
15.7838, -0.9845, -14.3147, 240.2101, 309.2100, 9.9856, 271.3882, 108.0444, -0.4194, -6.7592, 0.605478, 0.683268, 0.408094, -0.000984, -0.792494, 0.564746, 0.230251, -0.014315, -0.073146, -0.462824, 0.883427, 0.240210, 0.000000, 0.000000, 0.000000, 1.000000, -0.073144, -0.462822, 0.883429, 0.309210, -0.605478, -0.683270, -0.408091, 0.009986, 0.792494, -0.564746, -0.230251, 0.271388, 0.000000, 0.000000, 0.000000, 1.000000, -0.015640, -0.050342, -0.998610, 0.108044, -0.999425, 0.030825, 0.014099, -0.000419, 0.030073, 0.998256, -0.050795, -0.006759, 0.000000, 0.000000, 0.000000, 1.000000
16.2853, -1.0771, -14.4744, 241.4439, 310.4438, 10.0783, 271.5479, 108.2233, -0.4076, -6.5923, 0.605256, 0.680252, 0.413428, -0.001077, -0.792639, 0.562914, 0.234203, -0.014474, -0.073407, -0.469452, 0.879901, 0.241444, 0.000000, 0.000000, 0.000000, 1.000000, -0.073405, -0.469449, 0.879903, 0.310444, -0.605256, -0.680254, -0.413424, 0.010078, 0.792639, -0.562914, -0.234203, 0.271548, 0.000000, 0.000000, 0.000000, 1.000000, -0.015542, -0.051585, -0.998548, 0.108223, -0.999434, 0.030609, 0.013975, -0.000408, 0.029843, 0.998199, -0.052032, -0.006592, 0.000000, 0.000000, 0.000000, 1.000000
16.7351, -1.2229, -14.6548, 243.2574, 312.2573, 10.2240, 271.7282, 107.8263, -0.3405, -6.8802, 0.605362, 0.678850, 0.415570, -0.001223, -0.792916, 0.559877, 0.240463, -0.014655, -0.069430, -0.475080, 0.877199, 0.243257, 0.000000, 0.000000, 0.000000, 1.000000, -0.069427, -0.475077, 0.877201, 0.312257, -0.605363, -0.678852, -0.415567, 0.010224, 0.792916, -0.559877, -0.240463, 0.271728, 0.000000, 0.000000, 0.000000, 1.000000, -0.019132, -0.053218, -0.998400, 0.107826, -0.999437, 0.028549, 0.017630, -0.000340, 0.027565, 0.998175, -0.053734, -0.006880, 0.000000, 0.000000, 0.000000, 1.000000
17.2411, -1.3132, -14.8036, 244.5300, 313.5300, 10.3144, 271.8771, 107.9928, -0.3185, -6.7363, 0.605463, 0.674695, 0.422138, -0.001313, -0.792794, 0.557906, 0.245395, -0.014804, -0.069947, -0.483246, 0.872686, 0.244530, 0.000000, 0.000000, 0.000000, 1.000000, -0.069944, -0.483244, 0.872687, 0.313530, -0.605463, -0.674697, -0.422135, 0.010314, 0.792794, -0.557906, -0.245395, 0.271877, 0.000000, 0.000000, 0.000000, 1.000000, -0.019017, -0.052675, -0.998431, 0.107993, -0.999433, 0.028769, 0.017518, -0.000318, 0.027801, 0.998197, -0.053192, -0.006736, 0.000000, 0.000000, 0.000000, 1.000000
17.7932, -1.3890, -14.9921, 245.8742, 314.8742, 10.3901, 272.0656, 108.2147, -0.3319, -6.5620, 0.605434, 0.670058, 0.429502, -0.001389, -0.792660, 0.556245, 0.249561, -0.014992, -0.071688, -0.491542, 0.867898, 0.245874, 0.000000, 0.000000, 0.000000, 1.000000, -0.071685, -0.491540, 0.867900, 0.314874, -0.605434, -0.670060, -0.429499, 0.010390, 0.792660, -0.556245, -0.249561, 0.272066, 0.000000, 0.000000, 0.000000, 1.000000, -0.017843, -0.052687, -0.998452, 0.108215, -0.999432, 0.029509, 0.016304, -0.000332, 0.028605, 0.998175, -0.053183, -0.006562, 0.000000, 0.000000, 0.000000, 1.000000
