# Joint_B_Angle(deg), Cam_X(mm), Cam_Y(mm), Cam_Z(mm), Torso_X(mm), Torso_Y(mm), Torso_Z(mm), EE_X(mm), EE_Y(mm), EE_Z(mm), T_cam2marker_flat(16), T_torso2marker_flat(16), T_ee2marker_flat(16)
-19.5866, 29.1810, 19.5651, 153.1214, 222.1213, -20.1818, 237.5084, 102.7285, -1.6956, -8.0908, 0.579044, 0.812474, -0.067782, 0.029181, -0.813786, 0.570914, -0.108670, 0.019565, -0.049594, 0.118085, 0.991764, 0.153121, 0.000000, 0.000000, 0.000000, 1.000000, -0.049596, 0.118082, 0.991765, 0.222121, -0.579044, -0.812474, 0.067778, -0.020182, 0.813786, -0.570914, 0.108670, 0.237508, 0.000000, 0.000000, 0.000000, 1.000000, -0.021703, -0.036732, -0.999089, 0.102729, -0.998944, 0.041262, 0.020183, -0.001696, 0.040483, 0.998473, -0.037589, -0.008091, 0.000000, 0.000000, 0.000000, 1.000000
-18.9696, 28.9354, 19.4047, 153.5573, 222.5572, -19.9362, 237.6688, 103.7017, -1.6198, -7.2408, 0.578534, 0.813201, -0.063268, 0.028935, -0.814036, 0.570755, -0.107629, 0.019405, -0.051414, 0.113770, 0.992176, 0.153557, 0.000000, 0.000000, 0.000000, 1.000000, -0.051416, 0.113767, 0.992176, 0.222557, -0.578534, -0.813201, 0.063264, -0.019936, 0.814036, -0.570755, 0.107629, 0.237669, 0.000000, 0.000000, 0.000000, 1.000000, -0.019943, -0.043201, -0.998867, 0.103702, -0.999018, 0.040395, 0.018199, -0.001620, 0.039563, 0.998249, -0.043965, -0.007241, 0.000000, 0.000000, 0.000000, 1.000000
-18.3462, 27.8411, 18.4924, 155.0175, 224.0174, -18.8419, 238.5811, 103.5871, -1.6317, -7.4343, 0.578890, 0.813698, -0.052752, 0.027841, -0.813843, 0.572567, -0.099128, 0.018492, -0.050456, 0.100316, 0.993675, 0.155017, 0.000000, 0.000000, 0.000000, 1.000000, -0.050458, 0.100313, 0.993676, 0.224017, -0.578890, -0.813698, 0.052748, -0.018842, 0.813843, -0.572567, 0.099128, 0.238581, 0.000000, 0.000000, 0.000000, 1.000000, -0.020883, -0.040502, -0.998961, 0.103587, -0.998989, 0.040625, 0.019237, -0.001632, 0.039803, 0.998353, -0.041309, -0.007434, 0.000000, 0.000000, 0.000000, 1.000000
-17.7718, 27.1029, 17.8090, 156.0627, 225.0626, -18.1036, 239.2645, 103.8088, -1.6816, -7.3312, 0.578525, 0.814185, -0.049115, 0.027103, -0.814323, 0.573072, -0.092016, 0.017809, -0.046772, 0.093229, 0.994546, 0.156063, 0.000000, 0.000000, 0.000000, 1.000000, -0.046774, 0.093226, 0.994546, 0.225063, -0.578525, -0.814185, 0.049111, -0.018104, 0.814323, -0.573072, 0.092016, 0.239264, 0.000000, 0.000000, 0.000000, 1.000000, -0.024604, -0.043412, -0.998754, 0.103809, -0.998928, 0.040244, 0.022859, -0.001682, 0.039201, 0.998246, -0.044356, -0.007331, 0.000000, 0.000000, 0.000000, 1.000000
-17.1883, 26.1805, 17.0740, 157.4520, 226.4519, -17.1813, 239.9994, 103.7144, -1.6486, -7.3897, 0.578692, 0.814771, -0.035550, 0.026180, -0.813989, 0.574347, -0.086877, 0.017074, -0.050367, 0.079212, 0.995584, 0.157452, 0.000000, 0.000000, 0.000000, 1.000000, -0.050370, 0.079209, 0.995585, 0.226452, -0.578692, -0.814771, 0.035546, -0.017181, 0.813989, -0.574347, 0.086877, 0.239999, 0.000000, 0.000000, 0.000000, 1.000000, -0.020998, -0.039515, -0.998998, 0.103714, -0.999013, 0.039947, 0.019418, -0.001649, 0.039140, 0.998420, -0.040315, -0.007390, 0.000000, 0.000000, 0.000000, 1.000000
-16.5824, 25.4116, 16.4166, 158.6236, 227.6235, -16.4123, 240.6569, 103.9043, -1.6495, -7.2582, 0.578466, 0.815197, -0.028824, 0.025412, -0.814258, 0.574973, -0.079939, 0.016417, -0.048593, 0.069712, 0.996383, 0.158624, 0.000000, 0.000000, 0.000000, 1.000000, -0.048595, 0.069709, 0.996383, 0.227624, -0.578466, -0.815197, 0.028820, -0.016412, 0.814258, -0.574973, 0.079939, 0.240657, 0.000000, 0.000000, 0.000000, 1.000000, -0.022785, -0.040569, -0.998917, 0.103904, -0.998994, 0.039530, 0.021182, -0.001649, 0.038628, 0.998394, -0.041429, -0.007258, 0.000000, 0.000000, 0.000000, 1.000000
-15.9975, 24.5533, 15.6949, 159.9374, 228.9374, -15.5541, 241.3786, 103.9105, -1.6469, -7.2832, 0.578660, 0.815283, -0.021595, 0.024553, -0.814204, 0.575957, -0.073114, 0.015695, -0.047171, 0.059891, 0.997090, 0.159937, 0.000000, 0.000000, 0.000000, 1.000000, -0.047173, 0.059888, 0.997090, 0.228937, -0.578660, -0.815283, 0.021591, -0.015554, 0.814204, -0.575957, 0.073114, 0.241379, 0.000000, 0.000000, 0.000000, 1.000000, -0.024202, -0.040906, -0.998870, 0.103910, -0.998961, 0.039579, 0.022584, -0.001647, 0.038611, 0.998379, -0.041821, -0.007283, 0.000000, 0.000000, 0.000000, 1.000000
-15.4668, 23.6610, 14.9043, 161.3669, 230.3668, -14.6618, 242.1691, 103.6845, -1.6792, -7.4852, 0.578742, 0.815445, -0.010371, 0.023661, -0.814261, 0.577104, -0.062694, 0.014904, -0.045139, 0.044728, 0.997979, 0.161367, 0.000000, 0.000000, 0.000000, 1.000000, -0.045141, 0.044725, 0.997979, 0.230367, -0.578742, -0.815445, 0.010367, -0.014662, 0.814261, -0.577104, 0.062694, 0.242169, 0.000000, 0.000000, 0.000000, 1.000000, -0.026233, -0.034967, -0.999044, 0.103684, -0.998917, 0.039345, 0.024852, -0.001679, 0.038439, 0.998614, -0.035961, -0.007485, 0.000000, 0.000000, 0.000000, 1.000000
-14.8486, 22.9387, 14.3245, 162.4729, 231.4729, -13.9395, 242.7489, 104.0014, -1.6459, -7.2855, 0.578798, 0.815453, -0.005431, 0.022939, -0.814033, 0.577370, -0.063200, 0.014325, -0.048401, 0.041001, 0.997986, 0.162473, 0.000000, 0.000000, 0.000000, 1.000000, -0.048403, 0.040998, 0.997986, 0.231473, -0.578798, -0.815453, 0.005427, -0.013940, 0.814033, -0.577370, 0.063200, 0.242749, 0.000000, 0.000000, 0.000000, 1.000000, -0.022963, -0.042016, -0.998853, 0.104001, -0.999001, 0.039280, 0.021314, -0.001646, 0.038340, 0.998344, -0.042876, -0.007286, 0.000000, 0.000000, 0.000000, 1.000000
-14.2962, 22.1282, 13.5929, 163.8293, 232.8292, -13.1290, 243.4806, 103.9212, -1.6785, -7.3746, 0.579528, 0.814951, 0.001544, 0.022128, -0.813743, 0.578770, -0.053367, 0.013593, -0.044385, 0.029672, 0.998574, 0.163829, 0.000000, 0.000000, 0.000000, 1.000000, -0.044387, 0.029669, 0.998574, 0.232829, -0.579528, -0.814951, -0.001547, -0.013129, 0.813743, -0.578770, 0.053367, 0.243481, 0.000000, 0.000000, 0.000000, 1.000000, -0.026984, -0.040248, -0.998825, 0.103921, -0.998881, 0.039903, 0.025378, -0.001679, 0.038834, 0.998393, -0.041280, -0.007375, 0.000000, 0.000000, 0.000000, 1.000000
-13.7255, 21.4044, 12.9838, 165.0094, 234.0093, -12.4052, 244.0896, 104.0713, -1.6678, -7.3001, 0.578914, 0.815325, 0.010238, 0.021404, -0.814175, 0.578691, -0.047286, 0.012984, -0.044478, 0.019039, 0.998829, 0.165009, 0.000000, 0.000000, 0.000000, 1.000000, -0.044480, 0.019036, 0.998829, 0.234009, -0.578913, -0.815325, -0.010241, -0.012405, 0.814175, -0.578691, 0.047286, 0.244090, 0.000000, 0.000000, 0.000000, 1.000000, -0.026875, -0.039621, -0.998853, 0.104071, -0.998923, 0.038866, 0.025335, -0.001668, 0.037818, 0.998459, -0.040623, -0.007300, 0.000000, 0.000000, 0.000000, 1.000000
-13.0946, 20.7077, 12.3003, 166.1245, 235.1245, -11.7086, 244.7732, 104.4291, -1.7348, -7.1424, 0.579723, 0.814720, 0.012372, 0.020708, -0.813952, 0.579742, -0.037163, 0.012300, -0.037450, 0.011474, 0.999233, 0.166125, 0.000000, 0.000000, 0.000000, 1.000000, -0.037452, 0.011471, 0.999233, 0.235124, -0.579723, -0.814720, -0.012376, -0.011709, 0.813952, -0.579742, 0.037163, 0.244773, 0.000000, 0.000000, 0.000000, 1.000000, -0.033915, -0.042996, -0.998499, 0.104429, -0.998699, 0.039524, 0.032220, -0.001735, 0.038080, 0.998293, -0.044281, -0.007142, 0.000000, 0.000000, 0.000000, 1.000000
-12.5334, 19.8927, 11.6146, 167.6406, 236.6405, -10.8936, 245.4588, 104.2451, -1.7162, -7.2373, 0.579846, 0.814358, 0.024469, 0.019893, -0.813984, 0.580338, -0.025245, 0.011615, -0.034759, -0.005279, 0.999382, 0.167641, 0.000000, 0.000000, 0.000000, 1.000000, -0.034761, -0.005282, 0.999382, 0.236641, -0.579846, -0.814358, -0.024473, -0.010894, 0.813984, -0.580338, 0.025245, 0.245459, 0.000000, 0.000000, 0.000000, 1.000000, -0.036599, -0.036038, -0.998680, 0.104245, -0.998618, 0.039034, 0.035188, -0.001716, 0.037715, 0.998588, -0.037416, -0.007237, 0.000000, 0.000000, 0.000000, 1.000000
-11.9165, 19.1251, 10.9071, 169.0178, 238.0178, -10.1259, 246.1663, 104.3352, -1.7480, -7.2124, 0.580337, 0.813799, 0.030662, 0.019125, -0.813727, 0.580966, -0.018049, 0.010907, -0.032502, -0.014476, 0.999367, 0.169018, 0.000000, 0.000000, 0.000000, 1.000000, -0.032505, -0.014479, 0.999367, 0.238018, -0.580337, -0.813799, -0.030666, -0.010126, 0.813727, -0.580966, 0.018049, 0.246166, 0.000000, 0.000000, 0.000000, 1.000000, -0.038867, -0.037570, -0.998538, 0.104335, -0.998531, 0.039210, 0.037391, -0.001748, 0.037748, 0.998524, -0.039038, -0.007212, 0.000000, 0.000000, 0.000000, 1.000000
-11.3690, 18.2880, 10.1901, 170.5439, 239.5439, -9.2889, 246.8833, 104.1348, -1.7449, -7.3995, 0.580215, 0.813353, 0.042514, 0.018288, -0.813860, 0.581004, -0.008166, 0.010190, -0.031342, -0.029863, 0.999062, 0.170544, 0.000000, 0.000000, 0.000000, 1.000000, -0.031345, -0.029866, 0.999062, 0.239544, -0.580215, -0.813353, -0.042518, -0.009289, 0.813860, -0.581004, 0.008166, 0.246883, 0.000000, 0.000000, 0.000000, 1.000000, -0.040002, -0.031756, -0.998695, 0.104135, -0.998510, 0.038409, 0.038773, -0.001745, 0.037128, 0.998757, -0.033245, -0.007400, 0.000000, 0.000000, 0.000000, 1.000000
-10.8008, 17.8136, 9.6338, 171.4699, 240.4699, -8.8145, 247.4396, 104.5590, -1.8463, -7.1305, 0.581358, 0.812660, 0.040094, 0.017814, -0.813473, 0.581549, 0.007905, 0.009634, -0.016892, -0.037211, 0.999165, 0.171470, 0.000000, 0.000000, 0.000000, 1.000000, -0.016895, -0.037214, 0.999164, 0.240470, -0.581358, -0.812660, -0.040097, -0.008814, 0.813473, -0.581549, -0.007905, 0.247440, 0.000000, 0.000000, 0.000000, 1.000000, -0.054467, -0.034278, -0.997927, 0.104559, -0.997836, 0.038726, 0.053132, -0.001846, 0.036824, 0.998662, -0.036313, -0.007130, 0.000000, 0.000000, 0.000000, 1.000000
-10.1747, 17.0010, 9.1181, 172.8679, 241.8678, -8.0019, 247.9553, 104.6895, -1.6928, -7.0583, 0.579754, 0.811112, 0.077344, 0.017001, -0.814094, 0.580568, 0.013817, 0.009118, -0.033696, -0.070976, 0.996909, 0.172868, 0.000000, 0.000000, 0.000000, 1.000000, -0.033698, -0.070979, 0.996908, 0.241868, -0.579754, -0.811112, -0.077348, -0.008002, 0.814094, -0.580568, -0.013817, 0.247955, 0.000000, 0.000000, 0.000000, 1.000000, -0.037572, -0.011474, -0.999228, 0.104690, -0.998646, 0.036437, 0.037131, -0.001693, 0.035983, 0.999270, -0.012828, -0.007058, 0.000000, 0.000000, 0.000000, 1.000000
-9.6516, 16.1290, 8.1663, 174.6693, 243.6693, -7.1299, 248.9072, 104.1975, -1.8513, -7.5146, 0.581986, 0.810092, 0.071020, 0.016129, -0.813082, 0.581157, 0.033961, 0.008166, -0.013762, -0.077510, 0.996897, 0.174669, 0.000000, 0.000000, 0.000000, 1.000000, -0.013764, -0.077513, 0.996896, 0.243669, -0.581986, -0.810091, -0.071023, -0.007130, 0.813082, -0.581157, -0.033961, 0.248907, 0.000000, 0.000000, 0.000000, 1.000000, -0.057598, -0.013992, -0.998242, 0.104198, -0.997684, 0.037038, 0.057047, -0.001851, 0.036175, 0.999216, -0.016093, -0.007515, 0.000000, 0.000000, 0.000000, 1.000000
-9.1250, 15.1937, 7.8533, 175.5521, 244.5521, -6.1945, 249.2201, 104.6502, -1.5044, -7.5901, 0.575064, 0.805894, 0.140841, 0.015194, -0.815168, 0.579024, 0.015206, 0.007853, -0.069296, -0.123554, 0.989915, 0.175552, 0.000000, 0.000000, 0.000000, 1.000000, -0.069298, -0.123557, 0.989915, 0.244552, -0.575064, -0.805893, -0.140845, -0.006195, 0.815168, -0.579024, -0.015206, 0.249220, 0.000000, 0.000000, 0.000000, 1.000000, -0.001607, 0.023030, -0.999733, 0.104650, -0.999404, 0.034444, 0.002400, -0.001504, 0.034490, 0.999141, 0.022961, -0.007590, 0.000000, 0.000000, 0.000000, 1.000000
-8.5730, 14.4625, 7.2620, 176.8557, 245.8556, -5.4633, 249.8114, 104.7293, -1.4715, -7.6538, 0.574278, 0.804928, 0.149320, 0.014462, -0.814885, 0.579537, 0.009948, 0.007262, -0.078529, -0.127392, 0.988739, 0.176856, 0.000000, 0.000000, 0.000000, 1.000000, -0.078532, -0.127395, 0.988738, 0.245856, -0.574277, -0.804927, -0.149324, -0.005463, 0.814885, -0.579537, -0.009948, 0.249811, 0.000000, 0.000000, 0.000000, 1.000000, 0.007690, 0.017326, -0.999820, 0.104729, -0.999357, 0.035149, -0.007077, -0.001471, 0.035020, 0.999232, 0.017585, -0.007654, 0.000000, 0.000000, 0.000000, 1.000000
-8.0477, 14.0680, 6.8407, 178.0122, 247.0122, -5.0689, 250.2327, 104.8548, -1.4929, -7.3873, 0.575854, 0.805500, 0.139866, 0.014068, -0.814579, 0.579878, 0.014202, 0.006841, -0.069666, -0.122111, 0.990069, 0.178012, 0.000000, 0.000000, 0.000000, 1.000000, -0.069668, -0.122114, 0.990068, 0.247012, -0.575853, -0.805499, -0.139870, -0.005069, 0.814579, -0.579878, -0.014202, 0.250233, 0.000000, 0.000000, 0.000000, 1.000000, -0.001276, 0.002845, -0.999995, 0.104855, -0.999370, 0.035478, 0.001376, -0.001493, 0.035482, 0.999366, 0.002798, -0.007387, 0.000000, 0.000000, 0.000000, 1.000000
-7.5169, 13.4169, 6.3169, 179.1920, 248.1920, -4.4178, 250.7566, 105.0129, -1.4580, -7.3907, 0.575007, 0.803361, 0.154850, 0.013417, -0.814588, 0.579796, 0.016842, 0.006317, -0.076252, -0.135823, 0.987794, 0.179192, 0.000000, 0.000000, 0.000000, 1.000000, -0.076254, -0.135826, 0.987794, 0.248192, -0.575006, -0.803360, -0.154854, -0.004418, 0.814588, -0.579796, -0.016842, 0.250757, 0.000000, 0.000000, 0.000000, 1.000000, 0.005394, 0.007460, -0.999958, 0.105013, -0.999351, 0.035669, -0.005124, -0.001458, 0.035630, 0.999336, 0.007647, -0.007391, 0.000000, 0.000000, 0.000000, 1.000000
-6.9620, 12.9174, 5.9024, 180.4143, 249.4143, -3.9182, 251.1711, 105.1685, -1.4105, -7.1791, 0.574449, 0.805168, 0.147354, 0.012917, -0.814321, 0.580407, 0.003124, 0.005902, -0.083010, -0.121787, 0.989079, 0.180414, 0.000000, 0.000000, 0.000000, 1.000000, -0.083012, -0.121791, 0.989078, 0.249414, -0.574448, -0.805168, -0.147357, -0.003918, 0.814321, -0.580407, -0.003124, 0.251171, 0.000000, 0.000000, 0.000000, 1.000000, 0.012180, -0.016383, -0.999792, 0.105168, -0.999266, 0.036118, -0.012766, -0.001411, 0.036319, 0.999213, -0.015931, -0.007179, 0.000000, 0.000000, 0.000000, 1.000000
-6.4495, 12.1913, 5.3618, 181.7624, 250.7624, -3.1922, 251.7117, 105.1476, -1.3395, -7.3291, 0.572253, 0.803287, 0.165098, 0.012191, -0.813850, 0.581042, -0.006150, 0.005362, -0.100869, -0.130846, 0.986258, 0.181762, 0.000000, 0.000000, 0.000000, 1.000000, -0.100872, -0.130849, 0.986257, 0.250762, -0.572252, -0.803286, -0.165102, -0.003192, 0.813850, -0.581042, 0.006150, 0.251712, 0.000000, 0.000000, 0.000000, 1.000000, 0.030162, -0.016103, -0.999415, 0.105148, -0.998839, 0.037075, -0.030742, -0.001340, 0.037548, 0.999183, -0.014966, -0.007329, 0.000000, 0.000000, 0.000000, 1.000000
-6.0457, 11.8120, 4.9294, 182.9812, 251.9811, -2.8129, 252.1441, 104.9530, -1.3845, -7.3247, 0.573636, 0.804111, 0.156040, 0.011812, -0.814268, 0.580486, 0.002040, 0.004929, -0.088938, -0.128229, 0.987749, 0.182981, 0.000000, 0.000000, 0.000000, 1.000000, -0.088941, -0.128232, 0.987748, 0.251981, -0.573635, -0.804110, -0.156044, -0.002813, 0.814268, -0.580486, -0.002040, 0.252144, 0.000000, 0.000000, 0.000000, 1.000000, 0.018195, -0.025848, -0.999500, 0.104953, -0.999157, 0.036326, -0.019128, -0.001385, 0.036802, 0.999006, -0.025165, -0.007325, 0.000000, 0.000000, 0.000000, 1.000000
-5.5017, 11.4326, 4.5044, 184.1315, 253.1315, -2.4335, 252.5690, 105.1541, -1.4181, -7.0577, 0.575190, 0.803453, 0.153687, 0.011433, -0.813987, 0.580795, 0.010119, 0.004504, -0.081131, -0.130920, 0.988068, 0.184132, 0.000000, 0.000000, 0.000000, 1.000000, -0.081133, -0.130923, 0.988067, 0.253131, -0.575190, -0.803453, -0.153691, -0.002433, 0.813987, -0.580795, -0.010119, 0.252569, 0.000000, 0.000000, 0.000000, 1.000000, 0.010249, -0.032588, -0.999416, 0.105154, -0.999259, 0.036758, -0.011446, -0.001418, 0.037109, 0.998793, -0.032187, -0.007058, 0.000000, 0.000000, 0.000000, 1.000000
-4.9689, 10.7783, 3.9667, 185.2102, 254.2101, -1.7792, 253.1068, 105.4591, -1.4011, -7.0933, 0.573986, 0.800712, 0.171465, 0.010778, -0.814221, 0.580347, 0.015519, 0.003967, -0.087083, -0.148518, 0.985068, 0.185210, 0.000000, 0.000000, 0.000000, 1.000000, -0.087086, -0.148521, 0.985067, 0.254210, -0.573986, -0.800711, -0.171469, -0.001779, 0.814221, -0.580347, -0.015519, 0.253107, 0.000000, 0.000000, 0.000000, 1.000000, 0.016341, -0.024075, -0.999577, 0.105459, -0.999177, 0.036733, -0.017219, -0.001401, 0.037132, 0.999035, -0.023455, -0.007093, 0.000000, 0.000000, 0.000000, 1.000000
-4.4149, 10.2735, 3.4837, 186.5997, 255.5997, -1.2744, 253.5897, 105.4866, -1.3989, -7.0009, 0.574079, 0.800010, 0.174406, 0.010274, -0.814192, 0.580313, 0.018086, 0.003484, -0.086741, -0.152383, 0.984508, 0.186600, 0.000000, 0.000000, 0.000000, 1.000000, -0.086743, -0.152386, 0.984507, 0.255600, -0.574079, -0.800009, -0.174410, -0.001274, 0.814192, -0.580313, -0.018086, 0.253590, 0.000000, 0.000000, 0.000000, 1.000000, 0.016002, -0.029814, -0.999427, 0.105487, -0.999175, 0.036830, -0.017096, -0.001399, 0.037319, 0.998877, -0.029200, -0.007001, 0.000000, 0.000000, 0.000000, 1.000000
-3.7880, 9.7565, 2.9443, 187.9297, 256.9297, -0.7574, 254.1291, 105.7541, -1.4362, -6.8152, 0.575224, 0.797892, 0.180240, 0.009757, -0.814110, 0.579873, 0.031175, 0.002944, -0.079642, -0.164668, 0.983128, 0.187930, 0.000000, 0.000000, 0.000000, 1.000000, -0.079644, -0.164671, 0.983128, 0.256930, -0.575223, -0.797891, -0.180244, -0.000757, 0.814110, -0.579873, -0.031175, 0.254129, 0.000000, 0.000000, 0.000000, 1.000000, 0.008838, -0.028281, -0.999561, 0.105754, -0.999273, 0.036823, -0.009877, -0.001436, 0.037086, 0.998922, -0.027935, -0.006815, 0.000000, 0.000000, 0.000000, 1.000000
-3.1631, 9.2740, 2.5344, 189.7190, 258.7190, -0.2749, 254.5390, 105.5621, -1.3557, -6.6385, 0.575343, 0.800440, 0.168157, 0.009274, -0.814117, 0.580221, 0.023578, 0.002534, -0.078695, -0.150465, 0.985478, 0.189719, 0.000000, 0.000000, 0.000000, 1.000000, -0.078698, -0.150468, 0.985478, 0.258719, -0.575343, -0.800439, -0.168160, -0.000275, 0.814117, -0.580221, -0.023578, 0.254539, 0.000000, 0.000000, 0.000000, 1.000000, 0.007907, -0.053599, -0.998531, 0.105562, -0.999281, 0.036605, -0.009878, -0.001356, 0.037081, 0.997891, -0.053271, -0.006638, 0.000000, 0.000000, 0.000000, 1.000000
-2.5788, 8.7052, 1.9436, 191.3656, 260.3656, 0.2939, 255.1299, 105.4556, -1.3917, -6.6940, 0.576243, 0.798610, 0.173687, 0.008705, -0.814177, 0.579440, 0.036944, 0.001944, -0.071138, -0.162700, 0.984108, 0.191366, 0.000000, 0.000000, 0.000000, 1.000000, -0.071140, -0.162703, 0.984107, 0.260366, -0.576242, -0.798609, -0.173691, 0.000294, 0.814177, -0.579440, -0.036944, 0.255130, 0.000000, 0.000000, 0.000000, 1.000000, 0.000371, -0.051413, -0.998677, 0.105456, -0.999344, 0.036161, -0.002233, -0.001392, 0.036228, 0.998023, -0.051366, -0.006694, 0.000000, 0.000000, 0.000000, 1.000000
-1.9613, 8.0626, 1.3587, 192.7466, 261.7466, 0.9364, 255.7147, 105.7117, -1.3971, -6.7005, 0.575486, 0.794119, 0.195425, 0.008063, -0.814290, 0.578560, 0.046905, 0.001359, -0.075817, -0.186126, 0.979596, 0.192747, 0.000000, 0.000000, 0.000000, 1.000000, -0.075819, -0.186129, 0.979596, 0.261747, -0.575485, -0.794118, -0.195429, 0.000936, 0.814290, -0.578560, -0.046905, 0.255715, 0.000000, 0.000000, 0.000000, 1.000000, 0.005124, -0.038335, -0.999252, 0.105712, -0.999316, 0.036394, -0.006521, -0.001397, 0.036617, 0.998602, -0.038122, -0.006701, 0.000000, 0.000000, 0.000000, 1.000000
-1.3876, 7.6478, 0.9458, 194.2456, 263.2456, 1.3512, 256.1277, 105.6991, -1.3800, -6.5485, 0.575803, 0.795293, 0.189631, 0.007648, -0.814340, 0.578530, 0.046397, 0.000946, -0.072808, -0.181140, 0.980759, 0.194246, 0.000000, 0.000000, 0.000000, 1.000000, -0.072810, -0.181143, 0.980758, 0.263246, -0.575802, -0.795293, -0.189635, 0.001351, 0.814340, -0.578530, -0.046397, 0.256128, 0.000000, 0.000000, 0.000000, 1.000000, 0.002158, -0.053442, -0.998569, 0.105699, -0.999343, 0.036020, -0.004088, -0.001380, 0.036187, 0.997921, -0.053329, -0.006549, 0.000000, 0.000000, 0.000000, 1.000000
-0.7686, 7.0924, 0.3685, 195.8929, 264.8929, 1.9067, 256.7049, 105.7023, -1.4110, -6.5650, 0.576954, 0.792034, 0.199516, 0.007092, -0.814013, 0.577661, 0.060751, 0.000369, -0.067136, -0.197459, 0.978009, 0.195893, 0.000000, 0.000000, 0.000000, 1.000000, -0.067138, -0.197462, 0.978009, 0.264893, -0.576954, -0.792033, -0.199520, 0.001907, 0.814013, -0.577661, -0.060751, 0.256705, 0.000000, 0.000000, 0.000000, 1.000000, -0.003602, -0.047589, -0.998861, 0.105702, -0.999348, 0.036047, 0.001887, -0.001411, 0.035916, 0.998216, -0.047688, -0.006565, 0.000000, 0.000000, 0.000000, 1.000000
-0.2161, 6.5238, -0.1603, 197.2793, 266.2793, 2.4753, 257.2337, 105.8162, -1.4158, -6.6366, 0.576439, 0.789121, 0.212146, 0.006524, -0.814103, 0.576968, 0.065914, -0.000160, -0.070388, -0.210704, 0.975012, 0.197279, 0.000000, 0.000000, 0.000000, 1.000000, -0.070390, -0.210707, 0.975012, 0.266279, -0.576439, -0.789120, -0.212150, 0.002475, 0.814103, -0.576968, -0.065914, 0.257234, 0.000000, 0.000000, 0.000000, 1.000000, -0.000302, -0.043659, -0.999046, 0.105816, -0.999343, 0.036230, -0.001281, -0.001416, 0.036251, 0.998389, -0.043641, -0.006637, 0.000000, 0.000000, 0.000000, 1.000000
0.3533, 6.0900, -0.5564, 198.6966, 267.6966, 2.9090, 257.6298, 105.9033, -1.3810, -6.5156, 0.576067, 0.788185, 0.216592, 0.006090, -0.814312, 0.576397, 0.068287, -0.000556, -0.071020, -0.215711, 0.973871, 0.198697, 0.000000, 0.000000, 0.000000, 1.000000, -0.071022, -0.215714, 0.973870, 0.267697, -0.576066, -0.788184, -0.216595, 0.002909, 0.814312, -0.576397, -0.068287, 0.257630, 0.000000, 0.000000, 0.000000, 1.000000, 0.000447, -0.048474, -0.998824, 0.105903, -0.999351, 0.035942, -0.002191, -0.001381, 0.036006, 0.998178, -0.048426, -0.006516, 0.000000, 0.000000, 0.000000, 1.000000
0.8867, 5.6045, -1.0674, 200.2493, 269.2493, 3.3946, 258.1409, 105.8113, -1.4085, -6.6129, 0.577117, 0.784694, 0.226254, 0.005604, -0.814031, 0.574957, 0.082325, -0.001067, -0.065486, -0.231689, 0.970583, 0.200249, 0.000000, 0.000000, 0.000000, 1.000000, -0.065488, -0.231692, 0.970582, 0.269249, -0.577117, -0.784693, -0.226257, 0.003395, 0.814031, -0.574957, -0.082325, 0.258141, 0.000000, 0.000000, 0.000000, 1.000000, -0.005142, -0.041374, -0.999130, 0.105811, -0.999357, 0.035663, 0.003667, -0.001409, 0.035480, 0.998507, -0.041531, -0.006613, 0.000000, 0.000000, 0.000000, 1.000000
1.4256, 5.1779, -1.4739, 201.7247, 270.7247, 3.8211, 258.5473, 105.7902, -1.3859, -6.5877, 0.576776, 0.783777, 0.230268, 0.005178, -0.814295, 0.574124, 0.085469, -0.001474, -0.065214, -0.236803, 0.969367, 0.201725, 0.000000, 0.000000, 0.000000, 1.000000, -0.065216, -0.236806, 0.969366, 0.270725, -0.576775, -0.783776, -0.230272, 0.003821, 0.814295, -0.574124, -0.085469, 0.258547, 0.000000, 0.000000, 0.000000, 1.000000, -0.005251, -0.045540, -0.998949, 0.105790, -0.999376, 0.035145, 0.003651, -0.001386, 0.034942, 0.998344, -0.045696, -0.006588, 0.000000, 0.000000, 0.000000, 1.000000
1.9731, 4.7821, -1.8866, 203.2347, 272.2347, 4.2170, 258.9600, 105.7567, -1.3831, -6.5481, 0.577534, 0.781901, 0.234702, 0.004782, -0.813932, 0.573689, 0.091631, -0.001887, -0.063000, -0.243951, 0.967739, 0.203235, 0.000000, 0.000000, 0.000000, 1.000000, -0.063002, -0.243954, 0.967738, 0.272235, -0.577534, -0.781900, -0.234706, 0.004217, 0.813932, -0.573689, -0.091631, 0.258960, 0.000000, 0.000000, 0.000000, 1.000000, -0.007578, -0.047692, -0.998833, 0.105757, -0.999357, 0.035362, 0.005893, -0.001383, 0.035040, 0.998236, -0.047929, -0.006548, 0.000000, 0.000000, 0.000000, 1.000000
2.5248, 4.3380, -2.2962, 204.4932, 273.4932, 4.6611, 259.3697, 105.9947, -1.3665, -6.4736, 0.576760, 0.778583, 0.247298, 0.004338, -0.814247, 0.572343, 0.097084, -0.002296, -0.065951, -0.257356, 0.964063, 0.204493, 0.000000, 0.000000, 0.000000, 1.000000, -0.065954, -0.257359, 0.964063, 0.273493, -0.576759, -0.778582, -0.247302, 0.004661, 0.814247, -0.572343, -0.097084, 0.259370, 0.000000, 0.000000, 0.000000, 1.000000, -0.004476, -0.043452, -0.999046, 0.105995, -0.999375, 0.035239, 0.002944, -0.001367, 0.035077, 0.998434, -0.043582, -0.006474, 0.000000, 0.000000, 0.000000, 1.000000
3.0686, 3.9785, -2.7162, 205.9421, 274.9421, 5.0206, 259.7896, 106.0190, -1.3945, -6.4198, 0.577676, 0.776319, 0.252229, 0.003978, -0.813968, 0.571029, 0.106682, -0.002716, -0.061211, -0.266934, 0.961769, 0.205942, 0.000000, 0.000000, 0.000000, 1.000000, -0.061213, -0.266937, 0.961768, 0.274942, -0.577675, -0.776318, -0.252233, 0.005021, 0.813968, -0.571029, -0.106682, 0.259790, 0.000000, 0.000000, 0.000000, 1.000000, -0.009239, -0.043022, -0.999031, 0.106019, -0.999364, 0.034799, 0.007743, -0.001394, 0.034432, 0.998468, -0.043317, -0.006420, 0.000000, 0.000000, 0.000000, 1.000000
3.5304, 3.6017, -3.0714, 207.3786, 276.3786, 5.3974, 260.1448, 105.8726, -1.3660, -6.5033, 0.577512, 0.775171, 0.256105, 0.003602, -0.813904, 0.571119, 0.106693, -0.003071, -0.063562, -0.270062, 0.960743, 0.207379, 0.000000, 0.000000, 0.000000, 1.000000, -0.063564, -0.270065, 0.960742, 0.276379, -0.577512, -0.775170, -0.256109, 0.005397, 0.813904, -0.571119, -0.106693, 0.260145, 0.000000, 0.000000, 0.000000, 1.000000, -0.006938, -0.047786, -0.998834, 0.105873, -0.999363, 0.035305, 0.005253, -0.001366, 0.035012, 0.998233, -0.048000, -0.006503, 0.000000, 0.000000, 0.000000, 1.000000
4.0909, 3.2828, -3.3806, 208.2710, 277.2710, 5.7162, 260.4540, 106.4503, -1.3561, -6.1679, 0.576958, 0.771719, 0.267525, 0.003283, -0.814181, 0.569481, 0.113144, -0.003381, -0.065035, -0.283093, 0.956885, 0.208271, 0.000000, 0.000000, 0.000000, 1.000000, -0.065037, -0.283096, 0.956884, 0.277271, -0.576957, -0.771718, -0.267529, 0.005716, 0.814181, -0.569481, -0.113144, 0.260454, 0.000000, 0.000000, 0.000000, 1.000000, -0.005305, -0.043995, -0.999018, 0.106450, -0.999379, 0.035047, 0.003764, -0.001356, 0.034847, 0.998417, -0.044153, -0.006168, 0.000000, 0.000000, 0.000000, 1.000000
4.6456, 2.8710, -3.8062, 210.3536, 279.3536, 6.1280, 260.8796, 105.9446, -1.3235, -6.3790, 0.577347, 0.771032, 0.268662, 0.002871, -0.814170, 0.568475, 0.118163, -0.003806, -0.061620, -0.286958, 0.955959, 0.210354, 0.000000, 0.000000, 0.000000, 1.000000, -0.061623, -0.286961, 0.955958, 0.279354, -0.577347, -0.771031, -0.268666, 0.006128, 0.814170, -0.568475, -0.118163, 0.260880, 0.000000, 0.000000, 0.000000, 1.000000, -0.008599, -0.049677, -0.998728, 0.105945, -0.999386, 0.034341, 0.006897, -0.001324, 0.033955, 0.998175, -0.049942, -0.006379, 0.000000, 0.000000, 0.000000, 1.000000
5.3564, 2.5299, -4.1975, 211.5042, 280.5042, 6.4691, 261.2709, 106.6557, -1.3446, -5.9275, 0.578252, 0.766322, 0.279954, 0.002530, -0.813706, 0.566618, 0.129720, -0.004197, -0.059220, -0.302811, 0.951209, 0.211504, 0.000000, 0.000000, 0.000000, 1.000000, -0.059222, -0.302814, 0.951208, 0.280504, -0.578252, -0.766321, -0.279958, 0.006469, 0.813706, -0.566618, -0.129720, 0.261271, 0.000000, 0.000000, 0.000000, 1.000000, -0.011143, -0.045445, -0.998905, 0.106656, -0.999361, 0.034432, 0.009582, -0.001345, 0.033959, 0.998373, -0.045800, -0.005927, 0.000000, 0.000000, 0.000000, 1.000000
5.9922, 2.0666, -4.6409, 213.4856, 282.4857, 6.9324, 261.7144, 106.4751, -1.3000, -6.0378, 0.577063, 0.764216, 0.288047, 0.002067, -0.814375, 0.565036, 0.132394, -0.004641, -0.061580, -0.310978, 0.948420, 0.213486, 0.000000, 0.000000, 0.000000, 1.000000, -0.061582, -0.310981, 0.948419, 0.282486, -0.577063, -0.764215, -0.288051, 0.006932, 0.814375, -0.565036, -0.132394, 0.261714, 0.000000, 0.000000, 0.000000, 1.000000, -0.008396, -0.047982, -0.998813, 0.106475, -0.999406, 0.033778, 0.006779, -0.001300, 0.033413, 0.998277, -0.048237, -0.006038, 0.000000, 0.000000, 0.000000, 1.000000
6.6627, 1.6402, -5.1193, 215.1848, 284.1848, 7.3587, 262.1928, 106.6447, -1.3191, -5.9899, 0.577544, 0.758110, 0.302841, 0.001640, -0.814047, 0.562717, 0.143794, -0.005119, -0.061402, -0.329574, 0.942131, 0.215185, 0.000000, 0.000000, 0.000000, 1.000000, -0.061405, -0.329577, 0.942130, 0.284185, -0.577544, -0.758108, -0.302845, 0.007359, 0.814047, -0.562717, -0.143794, 0.262193, 0.000000, 0.000000, 0.000000, 1.000000, -0.008712, -0.039984, -0.999162, 0.106645, -0.999391, 0.034113, 0.007349, -0.001319, 0.033790, 0.998618, -0.040257, -0.005990, 0.000000, 0.000000, 0.000000, 1.000000
7.3173, 1.3036, -5.4568, 217.3208, 286.3208, 7.6954, 262.5303, 106.3338, -1.2470, -6.0087, 0.577365, 0.758959, 0.301050, 0.001304, -0.814366, 0.561846, 0.145384, -0.005457, -0.058804, -0.329104, 0.942461, 0.217321, 0.000000, 0.000000, 0.000000, 1.000000, -0.058806, -0.329107, 0.942460, 0.286321, -0.577364, -0.758958, -0.301053, 0.007695, 0.814366, -0.561846, -0.145384, 0.262530, 0.000000, 0.000000, 0.000000, 1.000000, -0.010939, -0.051982, -0.998588, 0.106334, -0.999415, 0.032927, 0.009234, -0.001247, 0.032400, 0.998105, -0.052311, -0.006009, 0.000000, 0.000000, 0.000000, 1.000000
7.8178, 0.9429, -5.9215, 218.9323, 287.9323, 8.0560, 262.9949, 106.1975, -1.3093, -6.2176, 0.578539, 0.752248, 0.315303, 0.000943, -0.813647, 0.559359, 0.158419, -0.005921, -0.057197, -0.348197, 0.935675, 0.218932, 0.000000, 0.000000, 0.000000, 1.000000, -0.057200, -0.348200, 0.935674, 0.287932, -0.578538, -0.752247, -0.315307, 0.008056, 0.813647, -0.559359, -0.158419, 0.262995, 0.000000, 0.000000, 0.000000, 1.000000, -0.012897, -0.040345, -0.999103, 0.106197, -0.999374, 0.033445, 0.011550, -0.001309, 0.032949, 0.998626, -0.040751, -0.006218, 0.000000, 0.000000, 0.000000, 1.000000
8.4702, 0.6666, -6.1688, 220.5018, 289.5018, 8.3324, 263.2423, 106.3907, -1.2286, -5.9634, 0.577571, 0.752138, 0.317332, 0.000667, -0.814247, 0.558602, 0.158004, -0.006169, -0.058421, -0.349645, 0.935059, 0.220502, 0.000000, 0.000000, 0.000000, 1.000000, -0.058423, -0.349648, 0.935058, 0.289502, -0.577571, -0.752137, -0.317336, 0.008332, 0.814247, -0.558602, -0.158004, 0.263242, 0.000000, 0.000000, 0.000000, 1.000000, -0.011253, -0.050220, -0.998675, 0.106391, -0.999417, 0.032773, 0.009614, -0.001229, 0.032247, 0.998200, -0.050559, -0.005963, 0.000000, 0.000000, 0.000000, 1.000000
9.0573, 0.3557, -6.5250, 221.7292, 290.7292, 8.6433, 263.5984, 106.7872, -1.2438, -5.7863, 0.577230, 0.747019, 0.329798, 0.000356, -0.814265, 0.556957, 0.163618, -0.006525, -0.061458, -0.362988, 0.929765, 0.221729, 0.000000, 0.000000, 0.000000, 1.000000, -0.061460, -0.362991, 0.929763, 0.290729, -0.577230, -0.747018, -0.329802, 0.008643, 0.814265, -0.556957, -0.163618, 0.263598, 0.000000, 0.000000, 0.000000, 1.000000, -0.008289, -0.046101, -0.998902, 0.106787, -0.999417, 0.033453, 0.006749, -0.001244, 0.033105, 0.998376, -0.046351, -0.005786, 0.000000, 0.000000, 0.000000, 1.000000
9.6581, 0.0578, -6.8909, 223.4879, 292.4879, 8.9412, 263.9644, 106.7376, -1.2443, -5.8059, 0.578204, 0.742847, 0.337430, 0.000058, -0.813794, 0.554724, 0.173263, -0.006891, -0.058472, -0.374780, 0.925268, 0.223488, 0.000000, 0.000000, 0.000000, 1.000000, -0.058474, -0.374783, 0.925267, 0.292488, -0.578204, -0.742845, -0.337433, 0.008941, 0.813794, -0.554724, -0.173263, 0.263964, 0.000000, 0.000000, 0.000000, 1.000000, -0.011392, -0.043885, -0.998972, 0.106738, -0.999399, 0.033214, 0.009938, -0.001244, 0.032744, 0.998484, -0.044237, -0.005806, 0.000000, 0.000000, 0.000000, 1.000000
10.2317, -0.2096, -7.1624, 225.3692, 294.3692, 9.2085, 264.2358, 106.4977, -1.1785, -5.8721, 0.577968, 0.742665, 0.338233, -0.000210, -0.814220, 0.552611, 0.177949, -0.007162, -0.054755, -0.378245, 0.924085, 0.225369, 0.000000, 0.000000, 0.000000, 1.000000, -0.054758, -0.378248, 0.924083, 0.294369, -0.577968, -0.742664, -0.338237, 0.009209, 0.814220, -0.552611, -0.177949, 0.264236, 0.000000, 0.000000, 0.000000, 1.000000, -0.014514, -0.050277, -0.998630, 0.106498, -0.999425, 0.031345, 0.012948, -0.001179, 0.030651, 0.998243, -0.050703, -0.005872, 0.000000, 0.000000, 0.000000, 1.000000
10.8920, -0.4494, -7.5004, 226.5509, 295.5510, 9.4484, 264.5739, 107.0984, -1.2160, -5.5040, 0.578071, 0.736512, 0.351260, -0.000449, -0.813841, 0.551592, 0.182781, -0.007500, -0.059131, -0.391531, 0.918263, 0.226551, 0.000000, 0.000000, 0.000000, 1.000000, -0.059134, -0.391533, 0.918262, 0.295551, -0.578071, -0.736511, -0.351264, 0.009448, 0.813841, -0.551592, -0.182781, 0.264574, 0.000000, 0.000000, 0.000000, 1.000000, -0.010606, -0.047237, -0.998827, 0.107098, -0.999410, 0.033132, 0.009045, -0.001216, 0.032666, 0.998334, -0.047561, -0.005504, 0.000000, 0.000000, 0.000000, 1.000000
11.4095, -0.7578, -7.8739, 228.6430, 297.6431, 9.7567, 264.9473, 106.6010, -1.2066, -5.8803, 0.578425, 0.732151, 0.359693, -0.000758, -0.813770, 0.548501, 0.192161, -0.007874, -0.056601, -0.403858, 0.913069, 0.228643, 0.000000, 0.000000, 0.000000, 1.000000, -0.056604, -0.403861, 0.913068, 0.297643, -0.578425, -0.732150, -0.359697, 0.009757, 0.813770, -0.548501, -0.192161, 0.264947, 0.000000, 0.000000, 0.000000, 1.000000, -0.012967, -0.042864, -0.998997, 0.106601, -0.999412, 0.032271, 0.011588, -0.001207, 0.031742, 0.998560, -0.043257, -0.005880, 0.000000, 0.000000, 0.000000, 1.000000
12.1350, -0.9115, -8.0183, 229.7471, 298.7472, 9.9104, 265.0917, 107.3614, -1.1302, -5.2101, 0.577963, 0.731191, 0.362379, -0.000911, -0.814134, 0.547147, 0.194465, -0.008018, -0.056084, -0.407418, 0.911518, 0.229747, 0.000000, 0.000000, 0.000000, 1.000000, -0.056086, -0.407421, 0.911517, 0.298747, -0.577963, -0.731190, -0.362382, 0.009910, 0.814134, -0.547147, -0.194465, 0.265092, 0.000000, 0.000000, 0.000000, 1.000000, -0.013072, -0.051672, -0.998579, 0.107361, -0.999439, 0.031456, 0.011455, -0.001130, 0.030820, 0.998169, -0.052054, -0.005210, 0.000000, 0.000000, 0.000000, 1.000000
12.5661, -1.1744, -8.4099, 231.9904, 300.9905, 10.1733, 265.4833, 106.5453, -1.1603, -5.8271, 0.578223, 0.726285, 0.371709, -0.001174, -0.813912, 0.545102, 0.201026, -0.008410, -0.056617, -0.418776, 0.906323, 0.231990, 0.000000, 0.000000, 0.000000, 1.000000, -0.056620, -0.418779, 0.906321, 0.300990, -0.578223, -0.726284, -0.371712, 0.010173, 0.813912, -0.545102, -0.201026, 0.265483, 0.000000, 0.000000, 0.000000, 1.000000, -0.012694, -0.046667, -0.998830, 0.106545, -0.999430, 0.031831, 0.011215, -0.001160, 0.031271, 0.998403, -0.047044, -0.005827, 0.000000, 0.000000, 0.000000, 1.000000
13.1743, -1.3360, -8.5895, 233.1362, 302.1362, 10.3349, 265.6629, 107.0268, -1.1160, -5.4379, 0.578868, 0.723337, 0.376424, -0.001336, -0.813590, 0.543262, 0.207214, -0.008589, -0.054611, -0.426205, 0.902977, 0.233136, 0.000000, 0.000000, 0.000000, 1.000000, -0.054613, -0.426208, 0.902975, 0.302136, -0.578868, -0.723335, -0.376428, 0.010335, 0.813590, -0.543262, -0.207214, 0.265663, 0.000000, 0.000000, 0.000000, 1.000000, -0.014721, -0.049083, -0.998686, 0.107027, -0.999417, 0.031506, 0.013184, -0.001116, 0.030818, 0.998298, -0.049518, -0.005438, 0.000000, 0.000000, 0.000000, 1.000000
13.7068, -1.5547, -8.8800, 234.9182, 303.9183, 10.5537, 265.9534, 106.8325, -1.1046, -5.5974, 0.578959, 0.719082, 0.384353, -0.001555, -0.813565, 0.540707, 0.213888, -0.008880, -0.054019, -0.436529, 0.898067, 0.234918, 0.000000, 0.000000, 0.000000, 1.000000, -0.054022, -0.436531, 0.898066, 0.303918, -0.578959, -0.719080, -0.384357, 0.010554, 0.813565, -0.540707, -0.213888, 0.265953, 0.000000, 0.000000, 0.000000, 1.000000, -0.015209, -0.046929, -0.998782, 0.106832, -0.999420, 0.031159, 0.013755, -0.001105, 0.030475, 0.998412, -0.047376, -0.005597, 0.000000, 0.000000, 0.000000, 1.000000
14.2694, -1.6986, -9.1017, 236.3093, 305.3094, 10.6975, 266.1752, 107.0113, -1.0961, -5.4366, 0.578465, 0.714989, 0.392644, -0.001699, -0.813846, 0.538381, 0.218634, -0.009102, -0.055071, -0.446024, 0.893325, 0.236309, 0.000000, 0.000000, 0.000000, 1.000000, -0.055073, -0.446027, 0.893324, 0.305309, -0.578465, -0.714987, -0.392647, 0.010698, 0.813846, -0.538381, -0.218634, 0.266175, 0.000000, 0.000000, 0.000000, 1.000000, -0.013932, -0.046152, -0.998837, 0.107011, -0.999442, 0.030960, 0.012510, -0.001096, 0.030347, 0.998455, -0.046558, -0.005437, 0.000000, 0.000000, 0.000000, 1.000000
14.8803, -1.8511, -9.3571, 237.9936, 306.9936, 10.8500, 266.4306, 107.0653, -1.0925, -5.3633, 0.579104, 0.710888, 0.399094, -0.001851, -0.813490, 0.536061, 0.225551, -0.009357, -0.053598, -0.455276, 0.888736, 0.237994, 0.000000, 0.000000, 0.000000, 1.000000, -0.053600, -0.455279, 0.888734, 0.306994, -0.579104, -0.710887, -0.399097, 0.010850, 0.813490, -0.536061, -0.225551, 0.266431, 0.000000, 0.000000, 0.000000, 1.000000, -0.015483, -0.046433, -0.998801, 0.107065, -0.999427, 0.030786, 0.014061, -0.001093, 0.030096, 0.998447, -0.046883, -0.005363, 0.000000, 0.000000, 0.000000, 1.000000
15.4341, -2.0427, -9.5865, 239.8418, 308.8419, 11.0416, 266.6599, 106.8699, -1.0418, -5.5080, 0.578664, 0.707050, 0.406482, -0.002043, -0.813838, 0.533030, 0.231401, -0.009586, -0.053055, -0.464714, 0.883870, 0.239842, 0.000000, 0.000000, 0.000000, 1.000000, -0.053057, -0.464717, 0.883868, 0.308842, -0.578664, -0.707048, -0.406486, 0.011042, 0.813838, -0.533030, -0.231401, 0.266660, 0.000000, 0.000000, 0.000000, 1.000000, -0.015584, -0.045508, -0.998842, 0.106870, -0.999452, 0.029872, 0.014232, -0.001042, 0.029189, 0.998517, -0.045948, -0.005508, 0.000000, 0.000000, 0.000000, 1.000000
16.0256, -2.1425, -9.7958, 241.1703, 310.1704, 11.1414, 266.8693, 107.1715, -1.0497, -5.2563, 0.578596, 0.703188, 0.413223, -0.002143, -0.813854, 0.531035, 0.235889, -0.009796, -0.053561, -0.472788, 0.879547, 0.241170, 0.000000, 0.000000, 0.000000, 1.000000, -0.053564, -0.472790, 0.879546, 0.310170, -0.578596, -0.703186, -0.413226, 0.011141, 0.813854, -0.531035, -0.235889, 0.266869, 0.000000, 0.000000, 0.000000, 1.000000, -0.015015, -0.046662, -0.998798, 0.107172, -0.999460, 0.029906, 0.013628, -0.001050, 0.029234, 0.998463, -0.047085, -0.005256, 0.000000, 0.000000, 0.000000, 1.000000
16.6385, -2.2165, -10.0032, 242.5995, 311.5996, 11.2153, 267.0766, 107.4300, -1.0638, -5.0059, 0.579934, 0.697758, 0.420489, -0.002216, -0.812964, 0.528999, 0.243412, -0.010003, -0.052595, -0.483005, 0.874037, 0.242600, 0.000000, 0.000000, 0.000000, 1.000000, -0.052597, -0.483008, 0.874035, 0.311600, -0.579934, -0.697756, -0.420492, 0.011215, 0.812964, -0.528999, -0.243412, 0.267077, 0.000000, 0.000000, 0.000000, 1.000000, -0.016577, -0.045636, -0.998821, 0.107430, -0.999414, 0.030665, 0.015185, -0.001064, 0.029935, 0.998487, -0.046118, -0.005006, 0.000000, 0.000000, 0.000000, 1.000000
17.2861, -2.3536, -10.2317, 244.4718, 313.4718, 11.3525, 267.3052, 107.4351, -1.0361, -4.9900, 0.579362, 0.692130, 0.430461, -0.002354, -0.813287, 0.525811, 0.249171, -0.010232, -0.053882, -0.494449, 0.867535, 0.244472, 0.000000, 0.000000, 0.000000, 1.000000, -0.053884, -0.494451, 0.867533, 0.313472, -0.579362, -0.692128, -0.430464, 0.011352, 0.813287, -0.525811, -0.249171, 0.267305, 0.000000, 0.000000, 0.000000, 1.000000, -0.015037, -0.043796, -0.998927, 0.107435, -0.999440, 0.030516, 0.013707, -0.001036, 0.029883, 0.998574, -0.044230, -0.004990, 0.000000, 0.000000, 0.000000, 1.000000
17.9478, -2.4964, -10.4134, 246.7603, 315.7604, 11.4952, 267.4869, 107.1270, -0.9449, -5.1714, 0.579142, 0.690960, 0.432630, -0.002496, -0.813588, 0.523507, 0.253011, -0.010413, -0.051664, -0.498512, 0.865342, 0.246760, 0.000000, 0.000000, 0.000000, 1.000000, -0.051666, -0.498515, 0.865340, 0.315760, -0.579142, -0.690958, -0.432633, 0.011495, 0.813588, -0.523507, -0.253011, 0.267487, 0.000000, 0.000000, 0.000000, 1.000000, -0.016607, -0.050754, -0.998573, 0.107127, -0.999464, 0.029018, 0.015146, -0.000945, 0.028208, 0.998289, -0.051209, -0.005171, 0.000000, 0.000000, 0.000000, 1.000000
18.6478, -2.5580, -10.6174, 248.1536, 317.1537, 11.5569, 267.6908, 107.6359, -0.9599, -4.7656, 0.579404, 0.684654, 0.442199, -0.002558, -0.813343, 0.520701, 0.259507, -0.010617, -0.052581, -0.510019, 0.858555, 0.248154, 0.000000, 0.000000, 0.000000, 1.000000, -0.052583, -0.510022, 0.858553, 0.317154, -0.579404, -0.684652, -0.442202, 0.011557, 0.813343, -0.520701, -0.259507, 0.267691, 0.000000, 0.000000, 0.000000, 1.000000, -0.015907, -0.049567, -0.998644, 0.107636, -0.999458, 0.029567, 0.014453, -0.000960, 0.028810, 0.998333, -0.050010, -0.004766, 0.000000, 0.000000, 0.000000, 1.000000
