# Joint_B_Angle(deg), Cam_X(mm), Cam_Y(mm), Cam_Z(mm), Torso_X(mm), Torso_Y(mm), Torso_Z(mm), EE_X(mm), EE_Y(mm), EE_Z(mm), T_cam2marker_flat(16), T_torso2marker_flat(16), T_ee2marker_flat(16)
-19.7732, 49.3693, -17.7133, 187.0959, 256.0959, -40.3693, 274.7868, -22.5366, -44.0242, -39.6916, 0.711520, 0.692979, -0.116267, 0.049369, -0.646394, 0.710399, 0.278402, -0.017713, 0.275523, -0.122935, 0.953401, 0.187096, 0.000000, 0.000000, 0.000000, 1.000000, 0.275523, -0.122935, 0.953401, 0.256096, -0.711520, -0.692979, 0.116267, -0.040369, 0.646394, -0.710399, -0.278402, 0.274787, 0.000000, 0.000000, 0.000000, 1.000000, -0.984185, 0.175393, 0.024847, -0.022537, 0.026732, 0.008392, 0.999607, -0.044024, 0.175115, 0.984463, -0.012948, -0.039692, 0.000000, 0.000000, 0.000000, 1.000000
-19.4621, 49.3349, -17.6384, 187.2358, 256.2358, -40.3349, 274.7118, -22.7346, -43.7440, -39.6877, 0.712937, 0.692195, -0.112187, 0.049335, -0.646666, 0.710868, 0.276566, -0.017638, 0.271188, -0.124627, 0.954424, 0.187236, 0.000000, 0.000000, 0.000000, 1.000000, 0.271188, -0.124627, 0.954424, 0.256236, -0.712937, -0.692195, 0.112187, -0.040335, 0.646666, -0.710868, -0.276566, 0.274712, 0.000000, 0.000000, 0.000000, 1.000000, -0.983916, 0.176700, 0.026218, -0.022735, 0.027715, 0.006006, 0.999598, -0.043744, 0.176471, 0.984246, -0.010807, -0.039688, 0.000000, 0.000000, 0.000000, 1.000000
-19.1914, 49.0400, -17.4223, 186.9889, 255.9889, -40.0400, 274.4958, -22.5388, -43.7924, -39.7792, 0.712754, 0.692638, -0.110607, 0.049040, -0.648227, 0.710700, 0.273325, -0.017422, 0.267924, -0.123115, 0.955541, 0.186989, 0.000000, 0.000000, 0.000000, 1.000000, 0.267924, -0.123115, 0.955541, 0.255989, -0.712754, -0.692638, 0.110607, -0.040040, 0.648227, -0.710700, -0.273325, 0.274496, 0.000000, 0.000000, 0.000000, 1.000000, -0.984023, 0.175947, 0.027234, -0.022539, 0.028834, 0.006544, 0.999563, -0.043792, 0.175692, 0.984378, -0.011513, -0.039779, 0.000000, 0.000000, 0.000000, 1.000000
-18.9299, 48.8650, -17.2701, 186.9430, 255.9430, -39.8650, 274.3435, -22.5072, -43.6799, -39.8281, 0.713138, 0.692834, -0.106840, 0.048865, -0.649489, 0.710350, 0.271233, -0.017270, 0.263813, -0.124035, 0.956566, 0.186943, 0.000000, 0.000000, 0.000000, 1.000000, 0.263813, -0.124035, 0.956566, 0.255943, -0.713138, -0.692834, 0.106840, -0.039865, 0.649489, -0.710350, -0.271233, 0.274344, 0.000000, 0.000000, 0.000000, 1.000000, -0.984031, 0.175824, 0.027724, -0.022507, 0.029010, 0.004749, 0.999568, -0.043680, 0.175617, 0.984410, -0.009774, -0.039828, 0.000000, 0.000000, 0.000000, 1.000000
-18.6798, 48.7297, -17.1029, 187.0625, 256.0625, -39.7297, 274.1764, -22.5195, -43.4130, -39.8502, 0.714721, 0.692283, -0.099596, 0.048730, -0.650781, 0.710420, 0.267932, -0.017103, 0.256240, -0.126681, 0.958276, 0.187062, 0.000000, 0.000000, 0.000000, 1.000000, 0.256240, -0.126681, 0.958276, 0.256062, -0.714721, -0.692283, 0.099596, -0.039730, 0.650781, -0.710420, -0.267932, 0.274176, 0.000000, 0.000000, 0.000000, 1.000000, -0.983917, 0.176883, 0.024882, -0.022519, 0.025549, 0.001492, 0.999672, -0.043413, 0.176788, 0.984231, -0.005987, -0.039850, 0.000000, 0.000000, 0.000000, 1.000000
-18.4122, 48.6052, -16.9952, 186.9455, 255.9455, -39.6052, 274.0686, -22.5372, -43.3839, -39.8782, 0.714506, 0.692454, -0.099942, 0.048605, -0.651536, 0.710614, 0.265572, -0.016995, 0.254916, -0.124637, 0.958897, 0.186945, 0.000000, 0.000000, 0.000000, 1.000000, 0.254916, -0.124637, 0.958897, 0.255945, -0.714506, -0.692454, 0.099942, -0.039605, 0.651536, -0.710614, -0.265572, 0.274069, 0.000000, 0.000000, 0.000000, 1.000000, -0.983920, 0.176435, 0.027773, -0.022537, 0.028695, 0.002675, 0.999585, -0.043384, 0.176287, 0.984309, -0.007695, -0.039878, 0.000000, 0.000000, 0.000000, 1.000000
-18.1437, 48.3786, -16.8468, 186.7785, 255.7785, -39.3786, 273.9202, -22.4525, -43.3859, -39.9606, 0.714395, 0.692883, -0.097735, 0.048379, -0.652824, 0.710245, 0.263389, -0.016847, 0.251913, -0.124360, 0.959726, 0.186779, 0.000000, 0.000000, 0.000000, 1.000000, 0.251913, -0.124360, 0.959726, 0.255779, -0.714395, -0.692883, 0.097735, -0.039379, 0.652824, -0.710245, -0.263389, 0.273920, 0.000000, 0.000000, 0.000000, 1.000000, -0.983983, 0.175842, 0.029276, -0.022453, 0.030095, 0.001993, 0.999545, -0.043386, 0.175703, 0.984416, -0.007253, -0.039961, 0.000000, 0.000000, 0.000000, 1.000000
-17.8783, 48.2045, -16.6724, 186.7606, 255.7606, -39.2045, 273.7459, -22.4120, -43.2441, -39.9982, 0.715257, 0.692697, -0.092615, 0.048205, -0.654037, 0.710175, 0.260552, -0.016672, 0.246256, -0.125788, 0.961007, 0.186761, 0.000000, 0.000000, 0.000000, 1.000000, 0.246256, -0.125788, 0.961007, 0.255761, -0.715257, -0.692697, 0.092615, -0.039205, 0.654037, -0.710175, -0.260552, 0.273746, 0.000000, 0.000000, 0.000000, 1.000000, -0.983937, 0.176242, 0.028409, -0.022412, 0.028824, -0.000207, 0.999584, -0.043244, 0.176175, 0.984347, -0.004877, -0.039998, 0.000000, 0.000000, 0.000000, 1.000000
-17.5900, 48.0239, -16.4924, 186.6658, 255.6658, -39.0239, 273.5658, -22.3617, -43.1674, -40.0313, 0.715239, 0.692934, -0.090971, 0.048024, -0.655488, 0.710276, 0.256600, -0.016492, 0.242422, -0.123900, 0.962227, 0.186666, 0.000000, 0.000000, 0.000000, 1.000000, 0.242422, -0.123900, 0.962227, 0.255666, -0.715239, -0.692934, 0.090971, -0.039024, 0.655488, -0.710276, -0.256600, 0.273566, 0.000000, 0.000000, 0.000000, 1.000000, -0.984006, 0.175740, 0.029122, -0.022362, 0.029715, 0.000743, 0.999558, -0.043167, 0.175641, 0.984436, -0.005953, -0.040031, 0.000000, 0.000000, 0.000000, 1.000000
-17.3021, 47.7732, -16.2821, 186.5815, 255.5815, -38.7732, 273.3556, -22.2488, -43.0705, -40.1043, 0.715728, 0.692908, -0.087247, 0.047773, -0.657238, 0.710533, 0.251359, -0.016282, 0.236160, -0.122563, 0.963954, 0.186582, 0.000000, 0.000000, 0.000000, 1.000000, 0.236160, -0.122563, 0.963954, 0.255582, -0.715728, -0.692908, 0.087247, -0.038773, 0.657238, -0.710533, -0.251359, 0.273356, 0.000000, 0.000000, 0.000000, 1.000000, -0.984068, 0.175653, 0.027491, -0.022249, 0.028143, 0.001219, 0.999603, -0.043070, 0.175550, 0.984451, -0.006143, -0.040104, 0.000000, 0.000000, 0.000000, 1.000000
-17.0341, 47.5697, -16.1022, 186.4572, 255.4572, -38.5697, 273.1757, -22.1631, -43.0323, -40.1533, 0.715894, 0.693027, -0.084909, 0.047570, -0.657658, 0.710151, 0.251339, -0.016102, 0.234483, -0.124091, 0.964168, 0.186457, 0.000000, 0.000000, 0.000000, 1.000000, 0.234483, -0.124091, 0.964168, 0.255457, -0.715894, -0.693027, 0.084909, -0.038570, 0.657658, -0.710151, -0.251339, 0.273176, 0.000000, 0.000000, 0.000000, 1.000000, -0.983976, 0.175630, 0.030737, -0.022163, 0.031011, -0.001182, 0.999518, -0.043032, 0.175582, 0.984456, -0.004283, -0.040153, 0.000000, 0.000000, 0.000000, 1.000000
-16.7673, 47.4550, -15.9535, 186.5179, 255.5179, -38.4550, 273.0270, -22.1931, -42.8291, -40.1647, 0.716412, 0.693063, -0.080116, 0.047455, -0.660062, 0.710499, 0.243945, -0.015954, 0.225991, -0.121883, 0.966474, 0.186518, 0.000000, 0.000000, 0.000000, 1.000000, 0.225991, -0.121883, 0.966474, 0.255518, -0.716412, -0.693063, 0.080116, -0.038455, 0.660062, -0.710499, -0.243945, 0.273027, 0.000000, 0.000000, 0.000000, 1.000000, -0.984147, 0.175391, 0.026307, -0.022193, 0.026761, 0.000223, 0.999642, -0.042829, 0.175323, 0.984499, -0.004913, -0.040165, 0.000000, 0.000000, 0.000000, 1.000000
-16.5010, 47.2582, -15.7723, 186.4762, 255.4762, -38.2582, 272.8458, -22.1261, -42.7143, -40.2146, 0.717380, 0.692561, -0.075659, 0.047258, -0.659983, 0.710353, 0.244583, -0.015772, 0.223133, -0.125525, 0.966672, 0.186476, 0.000000, 0.000000, 0.000000, 1.000000, 0.223133, -0.125525, 0.966672, 0.255476, -0.717380, -0.692561, 0.075659, -0.038258, 0.659983, -0.710353, -0.244583, 0.272846, 0.000000, 0.000000, 0.000000, 1.000000, -0.983906, 0.176349, 0.028798, -0.022126, 0.028515, -0.004140, 0.999585, -0.042714, 0.176395, 0.984319, -0.000956, -0.040215, 0.000000, 0.000000, 0.000000, 1.000000
-16.2369, 47.0897, -15.6144, 186.3790, 255.3790, -38.0897, 272.6879, -22.0801, -42.6626, -40.2505, 0.717546, 0.692551, -0.074173, 0.047090, -0.661313, 0.710835, 0.239538, -0.015614, 0.218617, -0.122828, 0.968049, 0.186379, 0.000000, 0.000000, 0.000000, 1.000000, 0.218617, -0.122828, 0.968049, 0.255379, -0.717546, -0.692551, 0.074173, -0.038090, 0.661313, -0.710835, -0.239538, 0.272688, 0.000000, 0.000000, 0.000000, 1.000000, -0.983957, 0.176147, 0.028298, -0.022080, 0.028351, -0.002219, 0.999596, -0.042663, 0.176139, 0.984361, -0.002810, -0.040251, 0.000000, 0.000000, 0.000000, 1.000000
-15.9715, 46.8931, -15.4397, 186.3307, 255.3307, -37.8931, 272.5132, -22.0154, -42.5590, -40.3036, 0.717579, 0.692951, -0.069988, 0.046893, -0.663026, 0.710426, 0.235992, -0.015440, 0.213252, -0.122939, 0.969231, 0.186331, 0.000000, 0.000000, 0.000000, 1.000000, 0.213252, -0.122939, 0.969231, 0.255331, -0.717579, -0.692951, 0.069988, -0.037893, 0.663026, -0.710426, -0.235992, 0.272513, 0.000000, 0.000000, 0.000000, 1.000000, -0.984078, 0.175602, 0.027453, -0.022015, 0.027306, -0.003252, 0.999622, -0.042559, 0.175625, 0.984456, -0.001595, -0.040304, 0.000000, 0.000000, 0.000000, 1.000000
-15.7162, 46.7190, -15.2501, 186.2754, 255.2754, -37.7190, 272.3236, -21.9428, -42.4655, -40.3291, 0.718035, 0.692799, -0.066752, 0.046719, -0.663525, 0.710326, 0.234885, -0.015250, 0.210143, -0.124364, 0.969729, 0.186275, 0.000000, 0.000000, 0.000000, 1.000000, 0.210143, -0.124364, 0.969729, 0.255275, -0.718035, -0.692799, 0.066752, -0.037719, 0.663525, -0.710326, -0.234885, 0.272324, 0.000000, 0.000000, 0.000000, 1.000000, -0.983983, 0.175882, 0.029040, -0.021943, 0.028528, -0.005439, 0.999578, -0.042466, 0.175966, 0.984396, 0.000334, -0.040329, 0.000000, 0.000000, 0.000000, 1.000000
-15.4323, 46.5451, -15.0941, 186.2347, 255.2347, -37.5451, 272.1676, -21.9204, -42.3554, -40.3753, 0.718239, 0.692895, -0.063480, 0.046545, -0.665211, 0.710555, 0.229361, -0.015094, 0.204029, -0.122508, 0.971269, 0.186235, 0.000000, 0.000000, 0.000000, 1.000000, 0.204029, -0.122508, 0.971269, 0.255235, -0.718239, -0.692895, 0.063480, -0.037545, 0.665211, -0.710555, -0.229361, 0.272168, 0.000000, 0.000000, 0.000000, 1.000000, -0.984077, 0.175613, 0.027431, -0.021920, 0.027069, -0.004455, 0.999624, -0.042355, 0.175669, 0.984449, -0.000370, -0.040375, 0.000000, 0.000000, 0.000000, 1.000000
-15.1660, 46.4073, -14.9240, 186.3539, 255.3539, -37.4073, 271.9975, -21.9251, -42.0955, -40.3978, 0.719384, 0.692313, -0.056476, 0.046407, -0.666125, 0.710642, 0.226421, -0.014924, 0.196889, -0.125264, 0.972391, 0.186354, 0.000000, 0.000000, 0.000000, 1.000000, 0.196889, -0.125264, 0.972391, 0.255354, -0.719384, -0.692313, 0.056476, -0.037407, 0.666125, -0.710642, -0.226421, 0.271997, 0.000000, 0.000000, 0.000000, 1.000000, -0.983967, 0.176527, 0.025438, -0.021925, 0.024423, -0.007922, 0.999670, -0.042096, 0.176670, 0.984264, 0.003483, -0.040398, 0.000000, 0.000000, 0.000000, 1.000000
-14.8957, 46.2018, -14.7521, 186.1659, 255.1659, -37.2018, 271.8255, -21.8322, -42.1326, -40.4478, 0.718735, 0.692909, -0.057419, 0.046202, -0.667428, 0.710724, 0.222286, -0.014752, 0.194833, -0.121442, 0.973289, 0.186166, 0.000000, 0.000000, 0.000000, 1.000000, 0.194833, -0.121442, 0.973289, 0.255166, -0.718735, -0.692909, 0.057419, -0.037202, 0.667428, -0.710724, -0.222286, 0.271826, 0.000000, 0.000000, 0.000000, 1.000000, -0.984103, 0.175490, 0.027283, -0.021832, 0.026818, -0.005021, 0.999628, -0.042133, 0.175562, 0.984468, 0.000235, -0.040448, 0.000000, 0.000000, 0.000000, 1.000000
-14.5815, 46.0049, -14.5843, 186.0759, 255.0759, -37.0049, 271.6578, -21.7987, -42.0599, -40.5015, 0.718572, 0.693367, -0.053822, 0.046005, -0.668548, 0.710019, 0.221172, -0.014584, 0.191568, -0.122946, 0.973748, 0.186076, 0.000000, 0.000000, 0.000000, 1.000000, 0.191568, -0.122946, 0.973748, 0.255076, -0.718572, -0.693367, 0.053822, -0.037005, 0.668548, -0.710019, -0.221172, 0.271658, 0.000000, 0.000000, 0.000000, 1.000000, -0.984137, 0.174907, 0.029689, -0.021799, 0.028801, -0.007614, 0.999556, -0.042060, 0.175056, 0.984555, 0.002455, -0.040501, 0.000000, 0.000000, 0.000000, 1.000000
-14.2625, 45.8381, -14.4188, 186.1339, 255.1338, -36.8381, 271.4923, -21.8140, -41.8434, -40.5448, 0.719517, 0.692836, -0.047684, 0.045838, -0.669329, 0.710137, 0.218412, -0.014419, 0.185186, -0.125235, 0.974691, 0.186134, 0.000000, 0.000000, 0.000000, 1.000000, 0.185186, -0.125235, 0.974691, 0.255134, -0.719517, -0.692836, 0.047684, -0.036838, 0.669329, -0.710137, -0.218412, 0.271492, 0.000000, 0.000000, 0.000000, 1.000000, -0.984013, 0.175670, 0.029302, -0.021814, 0.027839, -0.010791, 0.999554, -0.041843, 0.175908, 0.984390, 0.005728, -0.040545, 0.000000, 0.000000, 0.000000, 1.000000
-13.9597, 45.5865, -14.1944, 186.1043, 255.1043, -36.5865, 271.2679, -21.7044, -41.7064, -40.6150, 0.719752, 0.692867, -0.043504, 0.045587, -0.670722, 0.710181, 0.213952, -0.014194, 0.179136, -0.124813, 0.975875, 0.186104, 0.000000, 0.000000, 0.000000, 1.000000, 0.179136, -0.124813, 0.975875, 0.255104, -0.719752, -0.692867, 0.043504, -0.036587, 0.670722, -0.710181, -0.213952, 0.271268, 0.000000, 0.000000, 0.000000, 1.000000, -0.984060, 0.175554, 0.028397, -0.021704, 0.026829, -0.011298, 0.999576, -0.041706, 0.175801, 0.984405, 0.006408, -0.040615, 0.000000, 0.000000, 0.000000, 1.000000
-13.6661, 45.3773, -14.0218, 185.9750, 254.9750, -36.3773, 271.0952, -21.6367, -41.6839, -40.6725, 0.719473, 0.693218, -0.042509, 0.045377, -0.671658, 0.710060, 0.211401, -0.014022, 0.176731, -0.123546, 0.976475, 0.185975, 0.000000, 0.000000, 0.000000, 1.000000, 0.176731, -0.123546, 0.976475, 0.254975, -0.719473, -0.693218, 0.042509, -0.036377, 0.671658, -0.710060, -0.211401, 0.271095, 0.000000, 0.000000, 0.000000, 1.000000, -0.984089, 0.174982, 0.030814, -0.021637, 0.029344, -0.010985, 0.999509, -0.041684, 0.175235, 0.984510, 0.005675, -0.040672, 0.000000, 0.000000, 0.000000, 1.000000
-13.4042, 45.1890, -13.8001, 186.1271, 255.1271, -36.1890, 270.8736, -21.5651, -41.3901, -40.7085, 0.720351, 0.692759, -0.034327, 0.045189, -0.673656, 0.710557, 0.203214, -0.013800, 0.165170, -0.123261, 0.978532, 0.186127, 0.000000, 0.000000, 0.000000, 1.000000, 0.165170, -0.123261, 0.978532, 0.255127, -0.720351, -0.692759, 0.034327, -0.036189, 0.673656, -0.710557, -0.203214, 0.270874, 0.000000, 0.000000, 0.000000, 1.000000, -0.984184, 0.175548, 0.023751, -0.021565, 0.022091, -0.011403, 0.999691, -0.041390, 0.175765, 0.984405, 0.007344, -0.040709, 0.000000, 0.000000, 0.000000, 1.000000
-13.1410, 44.9512, -13.6257, 185.9064, 254.9064, -35.9512, 270.6991, -21.4423, -41.4713, -40.7803, 0.720167, 0.692975, -0.033847, 0.044951, -0.673552, 0.710016, 0.205440, -0.013626, 0.166397, -0.125154, 0.978084, 0.185906, 0.000000, 0.000000, 0.000000, 1.000000, 0.166397, -0.125154, 0.978084, 0.254906, -0.720167, -0.692975, 0.033847, -0.035951, 0.673552, -0.710016, -0.205440, 0.270699, 0.000000, 0.000000, 0.000000, 1.000000, -0.984073, 0.175234, 0.029901, -0.021442, 0.027847, -0.014173, 0.999512, -0.041471, 0.175572, 0.984425, 0.009067, -0.040780, 0.000000, 0.000000, 0.000000, 1.000000
-12.8804, 44.8061, -13.4739, 185.8749, 254.8749, -35.8061, 270.5474, -21.4200, -41.3750, -40.8065, 0.719998, 0.693282, -0.031029, 0.044806, -0.675402, 0.710302, 0.198251, -0.013474, 0.159484, -0.121783, 0.979660, 0.185875, 0.000000, 0.000000, 0.000000, 1.000000, 0.159484, -0.121783, 0.979660, 0.254875, -0.719998, -0.693282, 0.031029, -0.035806, 0.675402, -0.710302, -0.198251, 0.270547, 0.000000, 0.000000, 0.000000, 1.000000, -0.984256, 0.174702, 0.026840, -0.021420, 0.025199, -0.011608, 0.999615, -0.041375, 0.174946, 0.984553, 0.007023, -0.040807, 0.000000, 0.000000, 0.000000, 1.000000
-12.6215, 44.7146, -13.3431, 186.0298, 255.0298, -35.7146, 270.4165, -21.4719, -41.1013, -40.8175, 0.720879, 0.692614, -0.024880, 0.044715, -0.676064, 0.710649, 0.194719, -0.013343, 0.152546, -0.123548, 0.980544, 0.186030, 0.000000, 0.000000, 0.000000, 1.000000, 0.152546, -0.123548, 0.980544, 0.255030, -0.720879, -0.692614, 0.024880, -0.035715, 0.676064, -0.710649, -0.194719, 0.270417, 0.000000, 0.000000, 0.000000, 1.000000, -0.984153, 0.175577, 0.024803, -0.021472, 0.022684, -0.014066, 0.999644, -0.041101, 0.175864, 0.984365, 0.009860, -0.040817, 0.000000, 0.000000, 0.000000, 1.000000
-12.3548, 44.4839, -13.1677, 185.7758, 254.7758, -35.4839, 270.2411, -21.3514, -41.2187, -40.8801, 0.720455, 0.693010, -0.026111, 0.044484, -0.676338, 0.710451, 0.194489, -0.013168, 0.153334, -0.122461, 0.980557, 0.185776, 0.000000, 0.000000, 0.000000, 1.000000, 0.153334, -0.122461, 0.980557, 0.254776, -0.720455, -0.693010, 0.026111, -0.035484, 0.676338, -0.710451, -0.194489, 0.270241, 0.000000, 0.000000, 0.000000, 1.000000, -0.984118, 0.174964, 0.029996, -0.021351, 0.028003, -0.013850, 0.999512, -0.041219, 0.175294, 0.984477, 0.008730, -0.040880, 0.000000, 0.000000, 0.000000, 1.000000
-12.0898, 44.2904, -12.9983, 185.7157, 254.7157, -35.2904, 270.0718, -21.2848, -41.1489, -40.9328, 0.720553, 0.693051, -0.022011, 0.044290, -0.677464, 0.710404, 0.190707, -0.012998, 0.147806, -0.122503, 0.981400, 0.185716, 0.000000, 0.000000, 0.000000, 1.000000, 0.147806, -0.122503, 0.981400, 0.254716, -0.720553, -0.693051, 0.022011, -0.035290, 0.677464, -0.710404, -0.190707, 0.270072, 0.000000, 0.000000, 0.000000, 1.000000, -0.984167, 0.174842, 0.029080, -0.021285, 0.026921, -0.014709, 0.999529, -0.041149, 0.175188, 0.984487, 0.009769, -0.040933, 0.000000, 0.000000, 0.000000, 1.000000
-11.8235, 44.1012, -12.8061, 185.7100, 254.7100, -35.1012, 269.8795, -21.2104, -41.0228, -40.9732, 0.721108, 0.692585, -0.018129, 0.044101, -0.677849, 0.710693, 0.188246, -0.012806, 0.143261, -0.123457, 0.981955, 0.185710, 0.000000, 0.000000, 0.000000, 1.000000, 0.143261, -0.123457, 0.981955, 0.254710, -0.721108, -0.692585, 0.018129, -0.035101, 0.677849, -0.710693, -0.188246, 0.269880, 0.000000, 0.000000, 0.000000, 1.000000, -0.984057, 0.175404, 0.029404, -0.021210, 0.026940, -0.016413, 0.999502, -0.041023, 0.175800, 0.984360, 0.011426, -0.040973, 0.000000, 0.000000, 0.000000, 1.000000
-11.5348, 43.9295, -12.6579, 185.6449, 254.6449, -34.9295, 269.7314, -21.1893, -40.9556, -41.0201, 0.720757, 0.693014, -0.015501, 0.043929, -0.679071, 0.710393, 0.184944, -0.012658, 0.139181, -0.122773, 0.982627, 0.185645, 0.000000, 0.000000, 0.000000, 1.000000, 0.139181, -0.122773, 0.982627, 0.254645, -0.720757, -0.693014, 0.015501, -0.034929, 0.679071, -0.710393, -0.184944, 0.269731, 0.000000, 0.000000, 0.000000, 1.000000, -0.984152, 0.174739, 0.030175, -0.021189, 0.027685, -0.016671, 0.999478, -0.040956, 0.175150, 0.984474, 0.011570, -0.041020, 0.000000, 0.000000, 0.000000, 1.000000
-11.2658, 43.7088, -12.4256, 185.6890, 254.6890, -34.7088, 269.4991, -21.0714, -40.7762, -41.0670, 0.721246, 0.692606, -0.010014, 0.043709, -0.679886, 0.710618, 0.181045, -0.012426, 0.132509, -0.123770, 0.983424, 0.185689, 0.000000, 0.000000, 0.000000, 1.000000, 0.132509, -0.123770, 0.983424, 0.254689, -0.721246, -0.692606, 0.010014, -0.034709, 0.679886, -0.710618, -0.181045, 0.269499, 0.000000, 0.000000, 0.000000, 1.000000, -0.984122, 0.175202, 0.028423, -0.021071, 0.025584, -0.018441, 0.999503, -0.040776, 0.175639, 0.984360, 0.013666, -0.041067, 0.000000, 0.000000, 0.000000, 1.000000
-11.0052, 43.4930, -12.2636, 185.5478, 254.5478, -34.4930, 269.3371, -20.9831, -40.7954, -41.1350, 0.720803, 0.693089, -0.008478, 0.043493, -0.680968, 0.710374, 0.177908, -0.012264, 0.129329, -0.122463, 0.984011, 0.185548, 0.000000, 0.000000, 0.000000, 1.000000, 0.129329, -0.122463, 0.984011, 0.254548, -0.720803, -0.693089, 0.008478, -0.034493, 0.680968, -0.710374, -0.177908, 0.269337, 0.000000, 0.000000, 0.000000, 1.000000, -0.984219, 0.174481, 0.029486, -0.020983, 0.026756, -0.017982, 0.999480, -0.040795, 0.174921, 0.984496, 0.013030, -0.041135, 0.000000, 0.000000, 0.000000, 1.000000
-10.7372, 43.2976, -12.0812, 185.5687, 254.5687, -34.2976, 269.1546, -20.9153, -40.6501, -41.1884, 0.721134, 0.692791, -0.002328, 0.043298, -0.681762, 0.710243, 0.175375, -0.012081, 0.123152, -0.124882, 0.984499, 0.185569, 0.000000, 0.000000, 0.000000, 1.000000, 0.123152, -0.124882, 0.984499, 0.254569, -0.721134, -0.692791, 0.002328, -0.034298, 0.681762, -0.710243, -0.175375, 0.269155, 0.000000, 0.000000, 0.000000, 1.000000, -0.984203, 0.174743, 0.028463, -0.020915, 0.025138, -0.021212, 0.999459, -0.040650, 0.175253, 0.984386, 0.016484, -0.041188, 0.000000, 0.000000, 0.000000, 1.000000
-10.4779, 43.1307, -11.9104, 185.4225, 254.4225, -34.1307, 268.9838, -20.8479, -40.6766, -41.2114, 0.720557, 0.693388, -0.003151, 0.043131, -0.682969, 0.710500, 0.169535, -0.011910, 0.119793, -0.120008, 0.985519, 0.185423, 0.000000, 0.000000, 0.000000, 1.000000, 0.119793, -0.120008, 0.985519, 0.254423, -0.720557, -0.693388, 0.003151, -0.034131, 0.682969, -0.710500, -0.169535, 0.268984, 0.000000, 0.000000, 0.000000, 1.000000, -0.984335, 0.173962, 0.028681, -0.020848, 0.026094, -0.017137, 0.999513, -0.040677, 0.174368, 0.984603, 0.012329, -0.041211, 0.000000, 0.000000, 0.000000, 1.000000
-10.2344, 43.0094, -11.7866, 185.5074, 254.5074, -34.0094, 268.8601, -20.8591, -40.4874, -41.2446, 0.720889, 0.693047, 0.001957, 0.043009, -0.683178, 0.710143, 0.170191, -0.011787, 0.116561, -0.124026, 0.985409, 0.185507, 0.000000, 0.000000, 0.000000, 1.000000, 0.116561, -0.124026, 0.985409, 0.254507, -0.720889, -0.693047, -0.001957, -0.034009, 0.683178, -0.710143, -0.170191, 0.268860, 0.000000, 0.000000, 0.000000, 1.000000, -0.984234, 0.174229, 0.030462, -0.020859, 0.027052, -0.021909, 0.999394, -0.040487, 0.174790, 0.984461, 0.016850, -0.041245, 0.000000, 0.000000, 0.000000, 1.000000
-9.9549, 42.8210, -11.6308, 185.4091, 254.4091, -33.8210, 268.7042, -20.8105, -40.4637, -41.2977, 0.720631, 0.693311, 0.003237, 0.042821, -0.684252, 0.710447, 0.164515, -0.011631, 0.111760, -0.120770, 0.986369, 0.185409, 0.000000, 0.000000, 0.000000, 1.000000, 0.111760, -0.120770, 0.986369, 0.254409, -0.720631, -0.693311, -0.003237, -0.033821, 0.684252, -0.710447, -0.164515, 0.268704, 0.000000, 0.000000, 0.000000, 1.000000, -0.984312, 0.173878, 0.029933, -0.020811, 0.026950, -0.019488, 0.999447, -0.040464, 0.174365, 0.984574, 0.014497, -0.041298, 0.000000, 0.000000, 0.000000, 1.000000
-9.6895, 42.6702, -11.4410, 185.4987, 254.4987, -33.6702, 268.5145, -20.7655, -40.2554, -41.3167, 0.720969, 0.692910, 0.008937, 0.042670, -0.684594, 0.710199, 0.164159, -0.011441, 0.107401, -0.124472, 0.986393, 0.185499, 0.000000, 0.000000, 0.000000, 1.000000, 0.107401, -0.124472, 0.986393, 0.254499, -0.720969, -0.692910, -0.008937, -0.033670, 0.684594, -0.710199, -0.164159, 0.268514, 0.000000, 0.000000, 0.000000, 1.000000, -0.984228, 0.174182, 0.030924, -0.020766, 0.027151, -0.024002, 0.999343, -0.040255, 0.174810, 0.984421, 0.018894, -0.041317, 0.000000, 0.000000, 0.000000, 1.000000
-9.4052, 42.4899, -11.2703, 185.4687, 254.4687, -33.4899, 268.3437, -20.7190, -40.1631, -41.3604, 0.720414, 0.693449, 0.011514, 0.042490, -0.686165, 0.710235, 0.157298, -0.011270, 0.100901, -0.121220, 0.987484, 0.185469, 0.000000, 0.000000, 0.000000, 1.000000, 0.100901, -0.121220, 0.987484, 0.254469, -0.720414, -0.693449, -0.011514, -0.033490, 0.686165, -0.710235, -0.157298, 0.268344, 0.000000, 0.000000, 0.000000, 1.000000, -0.984419, 0.173473, 0.028754, -0.020719, 0.025382, -0.021628, 0.999444, -0.040163, 0.173999, 0.984601, 0.016888, -0.041360, 0.000000, 0.000000, 0.000000, 1.000000
-9.1529, 42.2507, -11.0323, 185.4640, 254.4640, -33.2507, 268.1058, -20.5632, -40.0515, -41.4147, 0.720563, 0.693185, 0.016841, 0.042251, -0.686840, 0.710215, 0.154417, -0.011032, 0.095078, -0.122834, 0.987862, 0.185464, 0.000000, 0.000000, 0.000000, 1.000000, 0.095078, -0.122834, 0.987862, 0.254464, -0.720563, -0.693185, -0.016841, -0.033251, 0.686840, -0.710215, -0.154417, 0.268106, 0.000000, 0.000000, 0.000000, 1.000000, -0.984417, 0.173657, 0.027670, -0.020563, 0.023858, -0.024000, 0.999427, -0.040052, 0.174221, 0.984514, 0.019483, -0.041415, 0.000000, 0.000000, 0.000000, 1.000000
-8.8708, 42.1187, -10.9327, 185.4019, 254.4019, -33.1187, 268.0061, -20.5974, -40.0024, -41.4581, 0.720584, 0.693129, 0.018191, 0.042119, -0.687133, 0.710348, 0.152493, -0.010933, 0.092776, -0.122384, 0.988137, 0.185402, 0.000000, 0.000000, 0.000000, 1.000000, 0.092776, -0.122384, 0.988137, 0.254402, -0.720584, -0.693129, -0.018191, -0.033119, 0.687133, -0.710348, -0.152493, 0.268006, 0.000000, 0.000000, 0.000000, 1.000000, -0.984345, 0.173639, 0.030231, -0.020597, 0.026389, -0.024394, 0.999354, -0.040002, 0.174265, 0.984507, 0.019430, -0.041458, 0.000000, 0.000000, 0.000000, 1.000000
-8.5979, 41.9111, -10.6846, 185.5869, 254.5869, -32.9111, 267.7580, -20.4803, -39.6968, -41.4971, 0.720999, 0.692406, 0.027087, 0.041911, -0.688063, 0.710754, 0.146284, -0.010685, 0.082035, -0.124108, 0.988872, 0.185587, 0.000000, 0.000000, 0.000000, 1.000000, 0.082035, -0.124108, 0.988872, 0.254587, -0.720999, -0.692406, -0.027087, -0.032911, 0.688063, -0.710754, -0.146284, 0.267758, 0.000000, 0.000000, 0.000000, 1.000000, -0.984364, 0.174407, 0.024701, -0.020480, 0.020313, -0.026904, 0.999432, -0.039697, 0.174972, 0.984306, 0.022941, -0.041497, 0.000000, 0.000000, 0.000000, 1.000000
-8.3145, 41.7051, -10.5007, 185.4957, 254.4957, -32.7051, 267.5741, -20.4006, -39.6708, -41.5488, 0.719986, 0.693422, 0.028034, 0.041705, -0.689591, 0.710300, 0.141204, -0.010501, 0.078001, -0.120997, 0.989583, 0.185496, 0.000000, 0.000000, 0.000000, 1.000000, 0.078001, -0.120997, 0.989583, 0.254496, -0.719986, -0.693422, -0.028034, -0.032705, 0.689591, -0.710300, -0.141204, 0.267574, 0.000000, 0.000000, 0.000000, 1.000000, -0.984591, 0.173082, 0.024949, -0.020401, 0.020985, -0.024699, 0.999475, -0.039671, 0.173607, 0.984598, 0.020686, -0.041549, 0.000000, 0.000000, 0.000000, 1.000000
-8.0591, 41.5181, -10.3086, 185.4628, 254.4628, -32.5181, 267.3820, -20.3101, -39.5973, -41.5852, 0.720571, 0.692630, 0.032262, 0.041518, -0.689380, 0.710646, 0.140491, -0.010309, 0.074381, -0.123475, 0.989556, 0.185463, 0.000000, 0.000000, 0.000000, 1.000000, 0.074381, -0.123475, 0.989556, 0.254463, -0.720571, -0.692630, -0.032262, -0.032518, 0.689380, -0.710646, -0.140491, 0.267382, 0.000000, 0.000000, 0.000000, 1.000000, -0.984414, 0.173884, 0.026344, -0.020310, 0.021813, -0.027919, 0.999372, -0.039597, 0.174510, 0.984370, 0.023691, -0.041585, 0.000000, 0.000000, 0.000000, 1.000000
-7.7968, 41.3351, -10.1676, 185.3823, 254.3823, -32.3351, 267.2410, -20.2648, -39.5753, -41.6441, 0.719859, 0.693367, 0.032344, 0.041335, -0.690351, 0.710321, 0.137333, -0.010168, 0.072247, -0.121189, 0.989997, 0.185382, 0.000000, 0.000000, 0.000000, 1.000000, 0.072247, -0.121189, 0.989997, 0.254382, -0.719859, -0.693367, -0.032344, -0.032335, 0.690351, -0.710321, -0.137333, 0.267241, 0.000000, 0.000000, 0.000000, 1.000000, -0.984531, 0.172913, 0.028296, -0.020265, 0.024076, -0.026452, 0.999360, -0.039575, 0.173551, 0.984582, 0.021880, -0.041644, 0.000000, 0.000000, 0.000000, 1.000000
-7.5129, 41.1210, -9.9907, 185.1875, 254.1875, -32.1210, 267.0641, -20.1807, -39.6581, -41.6975, 0.719431, 0.693807, 0.032410, 0.041121, -0.690903, 0.710075, 0.135818, -0.009991, 0.071218, -0.120104, 0.990204, 0.185187, 0.000000, 0.000000, 0.000000, 1.000000, 0.071218, -0.120104, 0.990204, 0.254187, -0.719431, -0.693807, -0.032410, -0.032121, 0.690903, -0.710075, -0.135818, 0.267064, 0.000000, 0.000000, 0.000000, 1.000000, -0.984533, 0.172259, 0.031978, -0.020181, 0.027866, -0.026239, 0.999267, -0.039658, 0.172972, 0.984702, 0.021033, -0.041698, 0.000000, 0.000000, 0.000000, 1.000000
-7.2413, 40.9634, -9.7946, 185.2805, 254.2805, -31.9634, 266.8680, -20.1226, -39.4569, -41.7185, 0.719225, 0.693777, 0.037269, 0.040963, -0.692030, 0.710584, 0.127138, -0.009795, 0.061723, -0.117232, 0.991185, 0.185280, 0.000000, 0.000000, 0.000000, 1.000000, 0.061723, -0.117232, 0.991185, 0.254280, -0.719225, -0.693777, -0.037269, -0.031963, 0.692030, -0.710584, -0.127138, 0.266868, 0.000000, 0.000000, 0.000000, 1.000000, -0.984662, 0.172404, 0.026798, -0.020123, 0.022972, -0.024151, 0.999444, -0.039457, 0.172956, 0.984730, 0.019820, -0.041719, 0.000000, 0.000000, 0.000000, 1.000000
-6.9658, 40.7661, -9.6365, 185.2505, 254.2505, -31.7661, 266.7099, -20.0672, -39.3830, -41.7834, 0.719314, 0.693361, 0.042869, 0.040766, -0.692153, 0.710063, 0.129364, -0.009636, 0.059257, -0.122725, 0.990670, 0.185251, 0.000000, 0.000000, 0.000000, 1.000000, 0.059257, -0.122725, 0.990670, 0.254251, -0.719314, -0.693361, -0.042869, -0.031766, 0.692153, -0.710063, -0.129364, 0.266710, 0.000000, 0.000000, 0.000000, 1.000000, -0.984569, 0.172382, 0.030143, -0.020067, 0.025249, -0.030511, 0.999215, -0.039383, 0.173166, 0.984558, 0.025688, -0.041783, 0.000000, 0.000000, 0.000000, 1.000000
-6.6797, 40.5989, -9.4446, 185.2651, 254.2651, -31.5989, 266.5180, -20.0109, -39.2585, -41.8080, 0.718572, 0.694016, 0.044683, 0.040599, -0.693547, 0.710370, 0.119865, -0.009445, 0.051447, -0.117121, 0.991784, 0.185265, 0.000000, 0.000000, 0.000000, 1.000000, 0.051447, -0.117121, 0.991784, 0.254265, -0.718572, -0.694016, -0.044683, -0.031599, 0.693547, -0.710370, -0.119865, 0.266518, 0.000000, 0.000000, 0.000000, 1.000000, -0.984773, 0.171841, 0.026339, -0.020011, 0.022240, -0.025739, 0.999421, -0.039258, 0.172419, 0.984788, 0.021525, -0.041808, 0.000000, 0.000000, 0.000000, 1.000000
-6.3751, 40.3968, -9.2791, 185.2580, 254.2580, -31.3968, 266.3526, -19.9668, -39.1543, -41.8744, 0.718701, 0.693578, 0.049179, 0.040397, -0.693488, 0.709882, 0.123052, -0.009279, 0.050434, -0.122543, 0.991181, 0.185258, 0.000000, 0.000000, 0.000000, 1.000000, 0.050434, -0.122543, 0.991181, 0.254258, -0.718701, -0.693578, -0.049179, -0.031397, 0.693488, -0.709882, -0.123052, 0.266353, 0.000000, 0.000000, 0.000000, 1.000000, -0.984628, 0.171778, 0.031616, -0.019967, 0.026480, -0.032110, 0.999134, -0.039154, 0.172644, 0.984612, 0.027067, -0.041874, 0.000000, 0.000000, 0.000000, 1.000000
-6.0983, 40.1764, -9.0442, 185.1970, 254.1970, -31.1764, 266.1176, -19.8342, -39.1105, -41.9105, 0.718011, 0.694179, 0.050751, 0.040176, -0.694801, 0.710500, 0.111542, -0.009044, 0.041372, -0.115350, 0.992463, 0.185197, 0.000000, 0.000000, 0.000000, 1.000000, 0.041372, -0.115350, 0.992463, 0.254197, -0.718011, -0.694179, -0.050751, -0.031176, 0.694801, -0.710500, -0.111542, 0.266118, 0.000000, 0.000000, 0.000000, 1.000000, -0.984833, 0.171519, 0.026166, -0.019834, 0.022077, -0.025700, 0.999426, -0.039111, 0.172093, 0.984845, 0.021524, -0.041910, 0.000000, 0.000000, 0.000000, 1.000000
-5.8399, 39.9879, -8.8917, 185.1507, 254.1507, -30.9879, 265.9652, -19.7751, -39.0651, -41.9701, 0.718233, 0.693615, 0.055132, 0.039988, -0.694618, 0.710134, 0.114961, -0.008892, 0.040588, -0.120865, 0.991839, 0.185151, 0.000000, 0.000000, 0.000000, 1.000000, 0.040588, -0.120865, 0.991839, 0.254151, -0.718233, -0.693615, -0.055132, -0.030988, 0.694618, -0.710134, -0.114961, 0.265965, 0.000000, 0.000000, 0.000000, 1.000000, -0.984682, 0.171602, 0.030889, -0.019775, 0.025763, -0.032021, 0.999155, -0.039065, 0.172446, 0.984646, 0.027110, -0.041970, 0.000000, 0.000000, 0.000000, 1.000000
-5.5771, 39.8136, -8.7127, 185.1308, 254.1308, -30.8136, 265.7862, -19.7065, -38.9906, -42.0050, 0.717839, 0.693878, 0.056933, 0.039814, -0.695278, 0.710249, 0.110155, -0.008713, 0.035998, -0.118658, 0.992282, 0.185131, 0.000000, 0.000000, 0.000000, 1.000000, 0.035998, -0.118658, 0.992282, 0.254131, -0.717839, -0.693878, -0.056933, -0.030814, 0.695278, -0.710249, -0.110155, 0.265786, 0.000000, 0.000000, 0.000000, 1.000000, -0.984740, 0.171336, 0.030516, -0.019707, 0.025642, -0.030589, 0.999203, -0.038991, 0.172133, 0.984738, 0.025729, -0.042005, 0.000000, 0.000000, 0.000000, 1.000000
-5.3095, 39.6201, -8.5129, 185.1539, 254.1539, -30.6201, 265.5864, -19.6137, -38.8728, -42.0469, 0.717384, 0.693977, 0.061289, 0.039620, -0.696068, 0.710298, 0.104720, -0.008513, 0.029139, -0.117786, 0.992611, 0.185154, 0.000000, 0.000000, 0.000000, 1.000000, 0.029139, -0.117786, 0.992611, 0.254154, -0.717384, -0.693977, -0.061289, -0.030620, 0.696068, -0.710298, -0.104720, 0.265586, 0.000000, 0.000000, 0.000000, 1.000000, -0.984840, 0.171154, 0.028221, -0.019614, 0.023332, -0.030511, 0.999262, -0.038873, 0.171889, 0.984772, 0.026055, -0.042047, 0.000000, 0.000000, 0.000000, 1.000000
-5.0590, 39.4299, -8.3539, 185.0977, 254.0977, -30.4299, 265.4274, -19.5424, -38.8438, -42.1033, 0.717256, 0.693798, 0.064719, 0.039430, -0.696323, 0.710187, 0.103772, -0.008354, 0.026034, -0.119496, 0.992493, 0.185098, 0.000000, 0.000000, 0.000000, 1.000000, 0.026034, -0.119496, 0.992493, 0.254098, -0.717256, -0.693798, -0.064719, -0.030430, 0.696323, -0.710187, -0.103772, 0.265427, 0.000000, 0.000000, 0.000000, 1.000000, -0.984809, 0.171062, 0.029818, -0.019542, 0.024524, -0.032981, 0.999155, -0.038844, 0.171901, 0.984708, 0.028285, -0.042103, 0.000000, 0.000000, 0.000000, 1.000000
-4.8041, 39.3010, -8.2313, 185.1816, 254.1816, -30.3010, 265.3048, -19.5412, -38.6735, -42.1433, 0.717113, 0.693484, 0.069490, 0.039301, -0.696624, 0.710119, 0.102209, -0.008231, 0.021534, -0.121704, 0.992333, 0.185182, 0.000000, 0.000000, 0.000000, 1.000000, 0.021534, -0.121704, 0.992333, 0.254182, -0.717113, -0.693484, -0.069490, -0.030301, 0.696624, -0.710119, -0.102209, 0.265305, 0.000000, 0.000000, 0.000000, 1.000000, -0.984796, 0.171069, 0.030204, -0.019541, 0.024394, -0.035964, 0.999055, -0.038674, 0.171994, 0.984602, 0.031244, -0.042143, 0.000000, 0.000000, 0.000000, 1.000000
-4.5136, 39.1313, -8.0387, 185.2733, 254.2733, -30.1313, 265.1122, -19.4824, -38.4829, -42.1760, 0.716491, 0.693470, 0.075763, 0.039131, -0.697489, 0.710242, 0.095207, -0.008039, 0.012213, -0.121059, 0.992570, 0.185273, 0.000000, 0.000000, 0.000000, 1.000000, 0.012213, -0.121059, 0.992570, 0.254273, -0.716491, -0.693470, -0.075763, -0.030131, 0.697489, -0.710242, -0.095207, 0.265112, 0.000000, 0.000000, 0.000000, 1.000000, -0.984932, 0.170988, 0.025923, -0.019482, 0.020015, -0.036184, 0.999145, -0.038483, 0.171780, 0.984608, 0.032216, -0.042176, 0.000000, 0.000000, 0.000000, 1.000000
-4.2429, 38.9605, -7.8840, 185.2351, 254.2351, -29.9605, 264.9574, -19.4384, -38.4321, -42.2207, 0.716562, 0.693440, 0.075368, 0.038960, -0.697409, 0.710294, 0.095410, -0.007884, 0.012628, -0.120930, 0.992581, 0.185235, 0.000000, 0.000000, 0.000000, 1.000000, 0.012628, -0.120930, 0.992581, 0.254235, -0.716562, -0.693440, -0.075368, -0.029960, 0.697409, -0.710294, -0.095410, 0.264957, 0.000000, 0.000000, 0.000000, 1.000000, -0.984804, 0.170874, 0.031039, -0.019438, 0.025091, -0.036862, 0.999005, -0.038432, 0.171849, 0.984603, 0.032014, -0.042221, 0.000000, 0.000000, 0.000000, 1.000000
-3.9524, 38.7136, -7.6339, 185.1430, 254.1430, -29.7136, 264.7073, -19.2862, -38.4303, -42.2667, 0.715777, 0.694168, 0.076117, 0.038714, -0.698292, 0.710347, 0.088298, -0.007634, 0.007225, -0.116353, 0.993182, 0.185143, 0.000000, 0.000000, 0.000000, 1.000000, 0.007225, -0.116353, 0.993182, 0.254143, -0.715777, -0.694168, -0.076117, -0.029714, 0.698292, -0.710347, -0.088298, 0.264707, 0.000000, 0.000000, 0.000000, 1.000000, -0.984936, 0.170315, 0.029900, -0.019286, 0.024605, -0.033114, 0.999149, -0.038430, 0.171160, 0.984833, 0.028425, -0.042267, 0.000000, 0.000000, 0.000000, 1.000000
-3.6659, 38.5425, -7.4348, 185.2423, 254.2423, -29.5425, 264.5083, -19.2159, -38.2383, -42.2975, 0.714690, 0.694328, 0.084419, 0.038543, -0.699430, 0.710166, 0.080387, -0.007435, -0.004137, -0.116497, 0.993182, 0.185242, 0.000000, 0.000000, 0.000000, 1.000000, -0.004137, -0.116497, 0.993182, 0.254242, -0.714690, -0.694328, -0.084419, -0.029543, 0.699430, -0.710166, -0.080387, 0.264508, 0.000000, 0.000000, 0.000000, 1.000000, -0.985177, 0.169906, 0.023625, -0.019216, 0.018081, -0.034105, 0.999255, -0.038238, 0.170585, 0.984870, 0.030527, -0.042297, 0.000000, 0.000000, 0.000000, 1.000000
-3.3693, 38.3402, -7.2973, 185.0498, 254.0498, -29.3402, 264.3707, -19.1863, -38.3403, -42.3645, 0.715535, 0.693946, 0.080299, 0.038340, -0.698567, 0.710163, 0.087595, -0.007297, 0.003761, -0.118771, 0.992914, 0.185050, 0.000000, 0.000000, 0.000000, 1.000000, 0.003761, -0.118771, 0.992914, 0.254050, -0.715535, -0.693946, -0.080299, -0.029340, 0.698567, -0.710163, -0.087595, 0.264371, 0.000000, 0.000000, 0.000000, 1.000000, -0.984761, 0.169919, 0.037052, -0.019186, 0.031149, -0.037279, 0.998819, -0.038340, 0.171099, 0.984753, 0.031418, -0.042365, 0.000000, 0.000000, 0.000000, 1.000000
-3.1043, 38.1693, -7.0767, 185.1621, 254.1621, -29.1693, 264.1502, -19.0828, -38.1449, -42.3837, 0.713917, 0.694515, 0.089281, 0.038169, -0.700111, 0.710315, 0.072774, -0.007077, -0.012875, -0.114461, 0.993344, 0.185162, 0.000000, 0.000000, 0.000000, 1.000000, -0.012875, -0.114461, 0.993344, 0.254162, -0.713917, -0.694515, -0.089281, -0.029169, 0.700111, -0.710315, -0.072774, 0.264150, 0.000000, 0.000000, 0.000000, 1.000000, -0.985209, 0.169612, 0.024408, -0.019083, 0.018950, -0.033721, 0.999252, -0.038145, 0.170308, 0.984934, 0.030008, -0.042384, 0.000000, 0.000000, 0.000000, 1.000000
-2.8367, 37.9777, -6.9001, 185.1539, 254.1539, -28.9777, 263.9735, -19.0057, -38.0736, -42.4350, 0.714234, 0.694230, 0.088961, 0.037978, -0.699845, 0.710064, 0.077619, -0.006900, -0.009282, -0.117698, 0.993006, 0.185154, 0.000000, 0.000000, 0.000000, 1.000000, -0.009282, -0.117698, 0.993006, 0.254154, -0.714234, -0.694230, -0.088961, -0.028978, 0.699845, -0.710064, -0.077619, 0.263974, 0.000000, 0.000000, 0.000000, 1.000000, -0.984998, 0.169343, 0.033189, -0.019006, 0.027165, -0.037768, 0.998917, -0.038074, 0.170413, 0.984833, 0.032601, -0.042435, 0.000000, 0.000000, 0.000000, 1.000000
-2.5708, 37.8155, -6.7495, 185.1911, 254.1911, -28.8155, 263.8230, -18.9645, -37.9575, -42.4815, 0.713715, 0.693516, 0.098217, 0.037816, -0.700185, 0.710167, 0.073513, -0.006750, -0.018768, -0.121237, 0.992446, 0.185191, 0.000000, 0.000000, 0.000000, 1.000000, -0.018768, -0.121237, 0.992446, 0.254191, -0.713715, -0.693516, -0.098217, -0.028816, 0.700185, -0.710167, -0.073513, 0.263823, 0.000000, 0.000000, 0.000000, 1.000000, -0.985089, 0.169571, 0.029081, -0.018964, 0.022234, -0.042136, 0.998864, -0.037957, 0.170603, 0.984617, 0.037738, -0.042482, 0.000000, 0.000000, 0.000000, 1.000000
-2.3014, 37.6366, -6.5238, 185.2038, 254.2038, -28.6366, 263.5973, -18.8549, -37.8654, -42.4958, 0.712511, 0.694562, 0.099562, 0.037637, -0.701117, 0.710341, 0.062053, -0.006524, -0.027623, -0.114019, 0.993095, 0.185204, 0.000000, 0.000000, 0.000000, 1.000000, -0.027623, -0.114019, 0.993095, 0.254204, -0.712511, -0.694562, -0.099562, -0.028637, 0.701117, -0.710341, -0.062053, 0.263597, 0.000000, 0.000000, 0.000000, 1.000000, -0.985309, 0.169130, 0.023708, -0.018855, 0.017923, -0.035650, 0.999204, -0.037865, 0.169840, 0.984949, 0.032095, -0.042496, 0.000000, 0.000000, 0.000000, 1.000000
-2.0333, 37.4742, -6.3714, 185.1931, 254.1931, -28.4742, 263.4449, -18.8139, -37.7990, -42.5373, 0.712253, 0.694079, 0.104644, 0.037474, -0.701208, 0.710302, 0.061468, -0.006371, -0.031665, -0.117158, 0.992608, 0.185193, 0.000000, 0.000000, 0.000000, 1.000000, -0.031665, -0.117158, 0.992608, 0.254193, -0.712253, -0.694079, -0.104644, -0.028474, 0.701208, -0.710302, -0.061468, 0.263445, 0.000000, 0.000000, 0.000000, 1.000000, -0.985284, 0.169097, 0.024932, -0.018814, 0.018482, -0.039610, 0.999044, -0.037799, 0.169923, 0.984803, 0.035902, -0.042537, 0.000000, 0.000000, 0.000000, 1.000000
-1.7688, 37.3074, -6.1899, 185.1804, 254.1804, -28.3074, 263.2634, -18.7443, -37.7368, -42.5654, 0.711950, 0.694965, 0.100751, 0.037307, -0.701513, 0.710350, 0.057303, -0.006190, -0.031744, -0.111475, 0.993260, 0.185180, 0.000000, 0.000000, 0.000000, 1.000000, -0.031744, -0.111475, 0.993260, 0.254180, -0.711950, -0.694965, -0.100751, -0.028307, 0.701513, -0.710350, -0.057303, 0.263263, 0.000000, 0.000000, 0.000000, 1.000000, -0.985262, 0.168667, 0.028451, -0.018744, 0.022920, -0.034650, 0.999137, -0.037737, 0.169507, 0.985064, 0.030274, -0.042565, 0.000000, 0.000000, 0.000000, 1.000000
