--- Captured Sample ---
q_arm = [-1.208 -0.964  0.13  -1.944  0.968 -1.071  0.287 -1.161  0.718  0.094
 -1.965 -1.188 -1.231 -0.203]
q_head = [ 0.   -0.05]
marker_right =
[[-0.026  0.999 -0.024  0.077]
 [-0.999 -0.027 -0.022 -0.001]
 [-0.022  0.023  0.999  0.178]
 [ 0.     0.     0.     1.   ]]
marker_left =
[[-0.005 -1.     0.009 -0.07 ]
 [ 0.998 -0.006 -0.07   0.002]
 [ 0.07   0.008  0.998  0.181]
 [ 0.     0.     0.     1.   ]]

--- Captured Sample ---
q_arm = [-1.295 -0.964  0.13  -1.944  0.968 -1.071  0.287 -1.248  0.718  0.094
 -1.965 -1.188 -1.231 -0.203]
q_head = [ 0.002 -0.155]
marker_right =
[[-0.023  0.998 -0.052  0.07 ]
 [-1.    -0.023  0.     0.001]
 [-0.001  0.052  0.999  0.164]
 [ 0.     0.     0.     1.   ]]
marker_left =
[[-0.002 -0.999  0.037 -0.062]
 [ 0.999 -0.003 -0.048  0.004]
 [ 0.048  0.037  0.998  0.168]
 [ 0.     0.     0.     1.   ]]

--- Captured Sample ---
q_arm = [-1.164 -0.964  0.13  -1.944  0.968 -1.071  0.287 -1.117  0.718  0.094
 -1.965 -1.188 -1.231 -0.203]
q_head = [ 0. -0.]
marker_right =
[[-0.027  1.    -0.01   0.08 ]
 [-0.999 -0.028 -0.031 -0.002]
 [-0.031  0.009  0.999  0.184]
 [ 0.     0.     0.     1.   ]]
marker_left =
[[-0.006 -1.    -0.007 -0.073]
 [ 0.997 -0.006 -0.078  0.001]
 [ 0.078 -0.008  0.997  0.187]
 [ 0.     0.     0.     1.   ]]

--- Captured Sample ---
q_arm = [-1.12  -0.964  0.13  -1.944  0.968 -1.071  0.287 -1.073  0.718  0.094
 -1.965 -1.188 -1.231 -0.203]
q_head = [-0.001  0.049]
marker_right =
[[-0.027  1.     0.004  0.084]
 [-0.999 -0.027 -0.039 -0.003]
 [-0.039 -0.005  0.999  0.191]
 [ 0.     0.     0.     1.   ]]
marker_left =
[[-0.007 -1.    -0.024 -0.077]
 [ 0.996 -0.005 -0.087 -0.001]
 [ 0.086 -0.024  0.996  0.194]
 [ 0.     0.     0.     1.   ]]

--- Captured Sample ---
q_arm = [-1.208 -1.008  0.13  -1.944  0.968 -1.071  0.287 -1.161  0.674  0.094
 -1.965 -1.188 -1.231 -0.203]
q_head = [ 0.   -0.05]
marker_right =
[[-0.045  0.999  0.013  0.083]
 [-0.998 -0.045 -0.035 -0.002]
 [-0.034 -0.015  0.999  0.181]
 [ 0.     0.     0.     1.   ]]
marker_left =
[[ 0.017 -0.999  0.042 -0.064]
 [ 0.998  0.015 -0.058  0.002]
 [ 0.057  0.043  0.997  0.178]
 [ 0.     0.     0.     1.   ]]

--- Captured Sample ---
q_arm = [-1.208 -1.052  0.13  -1.944  0.968 -1.071  0.287 -1.161  0.63   0.094
 -1.965 -1.188 -1.231 -0.203]
q_head = [ 0.   -0.05]
marker_right =
[[-0.065  0.997  0.049  0.089]
 [-0.997 -0.062 -0.047 -0.003]
 [-0.044 -0.052  0.998  0.184]
 [ 0.     0.     0.     1.   ]]
marker_left =
[[ 0.04  -0.996  0.076 -0.059]
 [ 0.998  0.036 -0.046  0.002]
 [ 0.043  0.077  0.996  0.175]
 [ 0.     0.     0.     1.   ]]

--- Captured Sample ---
q_arm = [-1.208 -0.921  0.13  -1.944  0.968 -1.071  0.287 -1.161  0.761  0.094
 -1.965 -1.188 -1.231 -0.203]
q_head = [ 0.   -0.05]
marker_right =
[[-0.008  0.998 -0.061  0.071]
 [-1.    -0.008 -0.01  -0.001]
 [-0.01   0.061  0.998  0.174]
 [ 0.     0.     0.     1.   ]]
marker_left =
[[-0.028 -0.999 -0.026 -0.075]
 [ 0.996 -0.026 -0.083  0.001]
 [ 0.082 -0.029  0.996  0.183]
 [ 0.     0.     0.     1.   ]]

--- Captured Sample ---
q_arm = [-1.208 -0.877  0.13  -1.944  0.968 -1.071  0.287 -1.161  0.805  0.094
 -1.965 -1.188 -1.231 -0.203]
q_head = [ 0.   -0.05]
marker_right =
[[ 0.01   0.995 -0.096  0.065]
 [-1.     0.011  0.002 -0.   ]
 [ 0.003  0.096  0.995  0.171]
 [ 0.     0.     0.     1.   ]]
marker_left =
[[-0.052 -0.997 -0.059 -0.081]
 [ 0.994 -0.046 -0.097  0.   ]
 [ 0.094 -0.064  0.993  0.186]
 [ 0.     0.     0.     1.   ]]

--- Captured Sample ---
q_arm = [-1.208 -0.964  0.13  -1.944  0.924 -1.071  0.287 -1.161  0.718  0.094
 -1.965 -1.232 -1.231 -0.203]
q_head = [ 0.   -0.05]
marker_right =
[[-0.017  0.998 -0.059  0.079]
 [-1.    -0.017  0.002 -0.004]
 [ 0.001  0.059  0.998  0.171]
 [ 0.     0.     0.     1.   ]]
marker_left =
[[-0.013 -0.999 -0.029 -0.068]
 [ 0.996 -0.011 -0.086  0.003]
 [ 0.085 -0.03   0.996  0.188]
 [ 0.     0.     0.     1.   ]]

--- Captured Sample ---
q_arm = [-1.208 -0.964  0.13  -1.944  0.88  -1.071  0.287 -1.161  0.718  0.094
 -1.965 -1.276 -1.231 -0.203]
q_head = [ 0.   -0.05]
marker_right =
[[-0.01   0.996 -0.092  0.081]
 [-1.    -0.007  0.026 -0.007]
 [ 0.025  0.092  0.995  0.166]
 [ 0.     0.     0.     1.   ]]
marker_left =
[[-0.022 -0.997 -0.07  -0.066]
 [ 0.995 -0.015 -0.1    0.005]
 [ 0.099 -0.072  0.992  0.195]
 [ 0.     0.     0.     1.   ]]

--- Captured Sample ---
q_arm = [-1.208 -0.964  0.13  -1.944  1.011 -1.071  0.287 -1.161  0.718  0.094
 -1.965 -1.145 -1.231 -0.203]
q_head = [ 0.   -0.05]
marker_right =
[[-0.036  0.999  0.01   0.075]
 [-0.998 -0.035 -0.047  0.002]
 [-0.046 -0.012  0.999  0.184]
 [ 0.     0.     0.     1.   ]]
marker_left =
[[ 0.002 -0.999  0.048 -0.072]
 [ 0.999 -0.    -0.054 -0.   ]
 [ 0.054  0.048  0.997  0.174]
 [ 0.     0.     0.     1.   ]]

--- Captured Sample ---
q_arm = [-1.208 -0.964  0.13  -1.944  1.055 -1.071  0.287 -1.161  0.718  0.094
 -1.965 -1.101 -1.231 -0.203]
q_head = [ 0.   -0.05]
marker_right =
[[-0.046  0.998  0.045  0.074]
 [-0.997 -0.043 -0.07   0.004]
 [-0.068 -0.048  0.997  0.19 ]
 [ 0.     0.     0.     1.   ]]
marker_left =
[[ 0.009 -0.996  0.085 -0.074]
 [ 0.999  0.006 -0.039 -0.002]
 [ 0.038  0.085  0.996  0.167]
 [ 0.     0.     0.     1.   ]]

--- Captured Sample ---
q_arm = [-1.208 -0.964  0.13  -1.944  0.968 -1.071  0.287 -1.161  0.718  0.094
 -1.965 -1.188 -1.231 -0.203]
q_head = [ 0.   -0.05]
marker_right =
[[-0.026  0.999 -0.024  0.077]
 [-0.999 -0.027 -0.022 -0.001]
 [-0.022  0.023  0.999  0.178]
 [ 0.     0.     0.     1.   ]]
marker_left =
[[-0.005 -1.     0.008 -0.07 ]
 [ 0.998 -0.006 -0.07   0.002]
 [ 0.07   0.008  0.998  0.181]
 [ 0.     0.     0.     1.   ]]

--- Captured Sample ---
q_arm = [-1.17  -0.945  0.128 -1.92   0.932 -1.103  0.317 -1.109  0.731  0.092
 -1.989 -1.228 -1.207 -0.173]
q_head = [ 0. -0.]
marker_right =
[[-0.029  0.998 -0.049  0.082]
 [-0.999 -0.03  -0.026 -0.002]
 [-0.027  0.048  0.998  0.183]
 [ 0.     0.     0.     1.   ]]
marker_left =
[[-0.005 -0.999 -0.049 -0.071]
 [ 0.997 -0.001 -0.08   0.   ]
 [ 0.08  -0.049  0.996  0.189]
 [ 0.     0.     0.     1.   ]]

--- Captured Sample ---
q_arm = [-1.176 -0.925  0.126 -1.896  0.9   -1.136  0.342 -1.102  0.746  0.089
 -2.013 -1.268 -1.183 -0.141]
q_head = [-0. -0.]
marker_right =
[[-0.031  0.995 -0.092  0.084]
 [-0.999 -0.033 -0.019 -0.002]
 [-0.022  0.091  0.996  0.181]
 [ 0.     0.     0.     1.   ]]
marker_left =
[[-0.005 -0.996 -0.092 -0.07 ]
 [ 0.997  0.003 -0.082  0.   ]
 [ 0.082 -0.092  0.992  0.191]
 [ 0.     0.     0.     1.   ]]

--- Captured Sample ---
q_arm = [-1.16  -0.989  0.137 -1.968  1.    -1.035  0.259 -1.125  0.703  0.096
 -1.94  -1.151 -1.257 -0.231]
q_head = [0. 0.]
marker_right =
[[-0.024  0.999  0.03   0.079]
 [-0.999 -0.023 -0.035 -0.002]
 [-0.034 -0.031  0.999  0.186]
 [ 0.     0.     0.     1.   ]]
marker_left =
[[-0.007 -0.999  0.034 -0.076]
 [ 0.997 -0.01  -0.077  0.001]
 [ 0.077  0.034  0.996  0.185]
 [ 0.     0.     0.     1.   ]]

--- Captured Sample ---
q_arm = [-1.156 -1.012  0.143 -1.991  1.036 -1.001  0.225 -1.134  0.689  0.097
 -1.916 -1.115 -1.283 -0.257]
q_head = [0. 0.]
marker_right =
[[-0.023  0.997  0.07   0.077]
 [-0.999 -0.02  -0.041 -0.003]
 [-0.039 -0.071  0.997  0.188]
 [ 0.     0.     0.     1.   ]]
marker_left =
[[-0.008 -0.997  0.077 -0.078]
 [ 0.997 -0.014 -0.074  0.001]
 [ 0.075  0.076  0.994  0.183]
 [ 0.     0.     0.     1.   ]]

--- Captured Sample ---
q_arm = [-1.188 -0.982  0.149 -1.931  0.963 -1.101  0.284 -1.135  0.737  0.081
 -1.953 -1.184 -1.259 -0.199]
q_head = [0. 0.]
marker_right =
[[-0.071  0.997 -0.01   0.08 ]
 [-0.997 -0.071 -0.032 -0.   ]
 [-0.032  0.007  0.999  0.184]
 [ 0.     0.     0.     1.   ]]
marker_left =
[[-0.05  -0.999 -0.008 -0.073]
 [ 0.996 -0.05  -0.079  0.003]
 [ 0.079 -0.012  0.997  0.187]
 [ 0.     0.     0.     1.   ]]

--- Captured Sample ---
q_arm = [-1.212 -0.994  0.165 -1.918  0.962 -1.134  0.279 -1.153  0.756  0.067
 -1.941 -1.179 -1.288 -0.195]
q_head = [0. 0.]
marker_right =
[[-0.114  0.993 -0.01   0.079]
 [-0.993 -0.115 -0.033  0.002]
 [-0.034  0.007  0.999  0.184]
 [ 0.     0.     0.     1.   ]]
marker_left =
[[-0.094 -0.996 -0.009 -0.073]
 [ 0.993 -0.093 -0.079  0.005]
 [ 0.078 -0.016  0.997  0.187]
 [ 0.     0.     0.     1.   ]]

--- Captured Sample ---
q_arm = [-1.142 -0.953  0.118 -1.956  0.966 -1.035  0.295 -1.1    0.698  0.106
 -1.976 -1.193 -1.202 -0.209]
q_head = [0. 0.]
marker_right =
[[ 0.018  1.    -0.01   0.081]
 [-0.999  0.018 -0.028 -0.004]
 [-0.028  0.01   1.     0.185]
 [ 0.     0.     0.     1.   ]]
marker_left =
[[ 0.037 -0.999 -0.008 -0.074]
 [ 0.996  0.038 -0.079 -0.002]
 [ 0.08  -0.005  0.997  0.187]
 [ 0.     0.     0.     1.   ]]

--- Captured Sample ---
q_arm = [-1.12  -0.937  0.104 -1.969  0.967 -1.002  0.301 -1.083  0.677  0.117
 -1.987 -1.197 -1.174 -0.215]
q_head = [0. 0.]
marker_right =
[[ 0.061  0.998 -0.005  0.082]
 [-0.998  0.061 -0.029 -0.007]
 [-0.028  0.007  1.     0.185]
 [ 0.     0.     0.     1.   ]]
marker_left =
[[ 0.081 -0.997 -0.009 -0.074]
 [ 0.994  0.081 -0.078 -0.004]
 [ 0.079 -0.003  0.997  0.187]
 [ 0.     0.     0.     1.   ]]

--- Captured Sample ---
q_arm = [-1.166 -0.976  0.14  -1.944  0.956 -1.061  0.252 -1.117  0.712  0.097
 -1.965 -1.192 -1.236 -0.245]
q_head = [0. 0.]
marker_right =
[[-0.027  1.    -0.009  0.08 ]
 [-1.    -0.027  0.012 -0.005]
 [ 0.011  0.009  1.     0.184]
 [ 0.     0.     0.     1.   ]]
marker_left =
[[-0.007 -1.    -0.008 -0.073]
 [ 0.993 -0.006 -0.121  0.003]
 [ 0.121 -0.009  0.993  0.187]
 [ 0.     0.     0.     1.   ]]

--- Captured Sample ---
q_arm = [-1.167 -0.983  0.147 -1.944  0.948 -1.054  0.213 -1.118  0.707  0.101
 -1.965 -1.197 -1.241 -0.286]
q_head = [0. 0.]
marker_right =
[[-0.028  1.    -0.005  0.08 ]
 [-0.998 -0.027  0.054 -0.007]
 [ 0.053  0.007  0.999  0.185]
 [ 0.     0.     0.     1.   ]]
marker_left =
[[-0.007 -1.    -0.007 -0.073]
 [ 0.987 -0.006 -0.163  0.005]
 [ 0.162 -0.008  0.987  0.188]
 [ 0.     0.     0.     1.   ]]

--- Captured Sample ---
q_arm = [-1.163 -0.961  0.127 -1.944  0.971 -1.074  0.328 -1.116  0.724  0.089
 -1.965 -1.184 -1.225 -0.163]
q_head = [0. 0.]
marker_right =
[[-0.026  1.    -0.012  0.08 ]
 [-0.997 -0.027 -0.073  0.   ]
 [-0.073  0.01   0.997  0.184]
 [ 0.     0.     0.     1.   ]]
marker_left =
[[-0.006 -1.    -0.009 -0.073]
 [ 0.999 -0.006 -0.037 -0.002]
 [ 0.037 -0.01   0.999  0.187]
 [ 0.     0.     0.     1.   ]]

--- Captured Sample ---
q_arm = [-1.162 -0.953  0.121 -1.944  0.979 -1.081  0.367 -1.116  0.729  0.085
 -1.965 -1.179 -1.219 -0.121]
q_head = [0. 0.]
marker_right =
[[-0.026  1.    -0.012  0.081]
 [-0.993 -0.027 -0.115  0.002]
 [-0.115  0.009  0.993  0.185]
 [ 0.     0.     0.     1.   ]]
marker_left =
[[-0.006 -1.    -0.008 -0.073]
 [ 1.    -0.006  0.006 -0.004]
 [-0.006 -0.008  1.     0.187]
 [ 0.     0.     0.     1.   ]]

--- Captured Sample ---
q_arm = [-1.131 -0.988  0.092 -1.937  0.93  -1.1    0.314 -1.14   0.7    0.054
 -1.97  -1.224 -1.201 -0.186]
q_head = [-0.057  0.   ]
marker_right =
[[-0.024  0.998 -0.063  0.083]
 [-0.999 -0.026 -0.032 -0.002]
 [-0.033  0.062  0.998  0.19 ]
 [ 0.     0.     0.     1.   ]]
marker_left =
[[-0.012 -0.998 -0.063 -0.071]
 [ 0.997 -0.007 -0.079  0.   ]
 [ 0.078 -0.064  0.995  0.183]
 [ 0.     0.     0.     1.   ]]

--- Captured Sample ---
q_arm = [-1.098 -1.006  0.051 -1.927  0.896 -1.134  0.337 -1.163  0.68   0.016
 -1.973 -1.262 -1.174 -0.168]
q_head = [-0.113  0.001]
marker_right =
[[-0.02   0.993 -0.116  0.085]
 [-0.999 -0.024 -0.033 -0.002]
 [-0.035  0.116  0.993  0.196]
 [ 0.     0.     0.     1.   ]]
marker_left =
[[-0.016 -0.993 -0.115 -0.068]
 [ 0.997 -0.007 -0.078  0.   ]
 [ 0.077 -0.116  0.99   0.18 ]
 [ 0.     0.     0.     1.   ]]

--- Captured Sample ---
q_arm = [-1.199 -0.951  0.178 -1.948  0.996 -1.033  0.268 -1.094  0.739  0.129
 -1.956 -1.149 -1.256 -0.223]
q_head = [0.056 0.   ]
marker_right =
[[-0.029  0.999  0.044  0.077]
 [-0.999 -0.028 -0.029 -0.002]
 [-0.027 -0.044  0.999  0.18 ]
 [ 0.     0.     0.     1.   ]]
marker_left =
[[-0.001 -0.999  0.047 -0.076]
 [ 0.997 -0.005 -0.08   0.   ]
 [ 0.08   0.047  0.996  0.192]
 [ 0.     0.     0.     1.   ]]

--- Captured Sample ---
q_arm = [-1.234 -0.929  0.219 -1.948  1.031 -1.003  0.244 -1.073  0.757  0.167
 -1.943 -1.114 -1.287 -0.242]
q_head = [0.113 0.002]
marker_right =
[[-0.032  0.995  0.095  0.074]
 [-0.999 -0.029 -0.029 -0.003]
 [-0.026 -0.096  0.995  0.177]
 [ 0.     0.     0.     1.   ]]
marker_left =
[[ 0.003 -0.995  0.101 -0.078]
 [ 0.997 -0.005 -0.082  0.   ]
 [ 0.082  0.1    0.992  0.199]
 [ 0.     0.     0.     1.   ]]

--- Captured Sample ---
q_arm = [-1.112 -0.972  0.134 -1.985  0.968 -1.045  0.31  -1.063  0.71   0.094
 -2.004 -1.193 -1.22  -0.221]
q_head = [0.    0.054]
marker_right =
[[-0.025  1.    -0.005  0.081]
 [-0.996 -0.026 -0.084  0.   ]
 [-0.084  0.003  0.996  0.182]
 [ 0.     0.     0.     1.   ]]
marker_left =
[[-0.005 -1.    -0.01  -0.074]
 [ 0.991 -0.004 -0.132  0.003]
 [ 0.132 -0.011  0.991  0.184]
 [ 0.     0.     0.     1.   ]]

--- Captured Sample ---
q_arm = [-1.059 -0.968  0.131 -2.023  0.979 -1.03   0.328 -1.011  0.697  0.095
 -2.041 -1.201 -1.213 -0.239]
q_head = [0.   0.11]
marker_right =
[[-0.024  1.    -0.     0.081]
 [-0.99  -0.024 -0.14   0.002]
 [-0.14  -0.003  0.99   0.18 ]
 [ 0.     0.     0.     1.   ]]
marker_left =
[[-0.004 -1.    -0.013 -0.074]
 [ 0.982 -0.002 -0.187  0.005]
 [ 0.187 -0.013  0.982  0.182]
 [ 0.     0.     0.     1.   ]]

--- Captured Sample ---
q_arm = [-1.22  -0.976  0.145 -1.9    0.948 -1.08   0.281 -1.17   0.732  0.087
 -1.922 -1.178 -1.235 -0.193]
q_head = [-0.    -0.053]
marker_right =
[[-0.029  1.    -0.012  0.08 ]
 [-0.999 -0.028  0.021 -0.005]
 [ 0.02   0.012  1.     0.188]
 [ 0.     0.     0.     1.   ]]
marker_left =
[[-0.008 -1.    -0.007 -0.073]
 [ 1.    -0.008 -0.027 -0.002]
 [ 0.027 -0.007  1.     0.191]
 [ 0.     0.     0.     1.   ]]

--- Captured Sample ---
q_arm = [-1.274 -0.976  0.151 -1.854  0.94  -1.099  0.268 -1.224  0.742  0.082
 -1.877 -1.171 -1.245 -0.182]
q_head = [-0.    -0.104]
marker_right =
[[-0.031  0.999 -0.016  0.08 ]
 [-0.997 -0.03   0.072 -0.007]
 [ 0.071  0.018  0.997  0.193]
 [ 0.     0.     0.     1.   ]]
marker_left =
[[-0.01  -1.    -0.006 -0.073]
 [ 1.    -0.01   0.024 -0.005]
 [-0.024 -0.005  1.     0.196]
 [ 0.     0.     0.     1.   ]]

--- Captured Sample ---
q_arm = [-1.318 -0.976  0.151 -1.854  0.94  -1.099  0.268 -1.267  0.742  0.082
 -1.877 -1.171 -1.245 -0.182]
q_head = [ 0.    -0.156]
marker_right =
[[-0.03   0.999 -0.03   0.076]
 [-0.996 -0.027  0.081 -0.007]
 [ 0.081  0.032  0.996  0.186]
 [ 0.     0.     0.     1.   ]]
marker_left =
[[-0.009 -1.     0.01  -0.069]
 [ 0.999 -0.008  0.034 -0.004]
 [-0.034  0.01   0.999  0.189]
 [ 0.     0.     0.     1.   ]]

--- Captured Sample ---
q_arm = [-1.362 -0.976  0.151 -1.854  0.94  -1.099  0.268 -1.311  0.742  0.082
 -1.877 -1.171 -1.245 -0.182]
q_head = [ 0.001 -0.21 ]
marker_right =
[[-0.029  0.999 -0.043  0.073]
 [-0.995 -0.024  0.095 -0.006]
 [ 0.094  0.045  0.995  0.18 ]
 [ 0.     0.     0.     1.   ]]
marker_left =
[[-0.007 -1.     0.025 -0.065]
 [ 0.999 -0.006  0.047 -0.003]
 [-0.046  0.025  0.999  0.183]
 [ 0.     0.     0.     1.   ]]

--- Captured Sample ---
q_arm = [-1.231 -0.976  0.151 -1.854  0.94  -1.099  0.268 -1.18   0.742  0.082
 -1.877 -1.171 -1.245 -0.182]
q_head = [-0.    -0.054]
marker_right =
[[-0.031  1.    -0.001  0.084]
 [-0.998 -0.031  0.062 -0.008]
 [ 0.062  0.002  0.998  0.199]
 [ 0.     0.     0.     1.   ]]
marker_left =
[[-0.01  -1.    -0.02  -0.077]
 [ 1.    -0.011  0.013 -0.006]
 [-0.013 -0.02   1.     0.202]
 [ 0.     0.     0.     1.   ]]

--- Captured Sample ---
q_arm = [-1.187 -0.976  0.151 -1.854  0.94  -1.099  0.268 -1.136  0.742  0.082
 -1.877 -1.171 -1.245 -0.182]
q_head = [-0.001 -0.004]
marker_right =
[[-0.03   0.999  0.014  0.087]
 [-0.998 -0.031  0.054 -0.009]
 [ 0.054 -0.012  0.998  0.206]
 [ 0.     0.     0.     1.   ]]
marker_left =
[[-0.01  -0.999 -0.036 -0.081]
 [ 1.    -0.01   0.005 -0.007]
 [-0.005 -0.036  0.999  0.208]
 [ 0.     0.     0.     1.   ]]

--- Captured Sample ---
q_arm = [-1.274 -1.02   0.151 -1.854  0.94  -1.099  0.268 -1.224  0.698  0.082
 -1.877 -1.171 -1.245 -0.182]
q_head = [-0.    -0.104]
marker_right =
[[-0.045  0.999  0.023  0.087]
 [-0.997 -0.047  0.059 -0.009]
 [ 0.06  -0.021  0.998  0.196]
 [ 0.     0.     0.     1.   ]]
marker_left =
[[ 0.009 -1.     0.03  -0.067]
 [ 0.999  0.01   0.037 -0.004]
 [-0.037  0.029  0.999  0.193]
 [ 0.     0.     0.     1.   ]]

--- Captured Sample ---
q_arm = [-1.274 -1.063  0.151 -1.854  0.94  -1.099  0.268 -1.224  0.655  0.082
 -1.877 -1.171 -1.245 -0.182]
q_head = [ 0.    -0.104]
marker_right =
[[-0.061  0.996  0.062  0.094]
 [-0.997 -0.063  0.045 -0.01 ]
 [ 0.049 -0.059  0.997  0.198]
 [ 0.     0.     0.     1.   ]]
marker_left =
[[ 0.027 -0.997  0.066 -0.061]
 [ 0.998  0.03   0.049 -0.003]
 [-0.051  0.064  0.997  0.19 ]
 [ 0.     0.     0.     1.   ]]

--- Captured Sample ---
q_arm = [-1.274 -0.933  0.151 -1.854  0.94  -1.099  0.268 -1.224  0.786  0.082
 -1.877 -1.171 -1.245 -0.182]
q_head = [-0.    -0.104]
marker_right =
[[-0.016  0.998 -0.053  0.073]
 [-0.996 -0.011  0.085 -0.006]
 [ 0.084  0.054  0.995  0.19 ]
 [ 0.     0.     0.     1.   ]]
marker_left =
[[-0.03  -0.999 -0.043 -0.079]
 [ 1.    -0.03   0.008 -0.006]
 [-0.01  -0.043  0.999  0.198]
 [ 0.     0.     0.     1.   ]]

--- Captured Sample ---
q_arm = [-1.274 -0.889  0.151 -1.854  0.94  -1.099  0.268 -1.224  0.829  0.082
 -1.877 -1.171 -1.245 -0.182]
q_head = [-0.    -0.104]
marker_right =
[[-0.002  0.996 -0.091  0.066]
 [-0.995  0.007  0.097 -0.006]
 [ 0.097  0.09   0.991  0.186]
 [ 0.     0.     0.     1.   ]]
marker_left =
[[-0.049 -0.996 -0.076 -0.086]
 [ 0.999 -0.049 -0.007 -0.007]
 [ 0.003 -0.076  0.997  0.2  ]
 [ 0.     0.     0.     1.   ]]

--- Captured Sample ---
q_arm = [-1.274 -0.976  0.151 -1.854  0.896 -1.099  0.268 -1.224  0.742  0.082
 -1.877 -1.215 -1.245 -0.182]
q_head = [-0.    -0.104]
marker_right =
[[-0.022  0.999 -0.049  0.082]
 [-0.995 -0.017  0.096 -0.011]
 [ 0.095  0.051  0.994  0.187]
 [ 0.     0.     0.     1.   ]]
marker_left =
[[-0.018 -0.999 -0.043 -0.071]
 [ 1.    -0.018  0.007 -0.002]
 [-0.008 -0.043  0.999  0.203]
 [ 0.     0.     0.     1.   ]]

--- Captured Sample ---
q_arm = [-1.274 -0.976  0.151 -1.854  0.852 -1.099  0.268 -1.224  0.742  0.082
 -1.877 -1.258 -1.245 -0.182]
q_head = [-0.    -0.104]
marker_right =
[[-0.014  0.996 -0.083  0.084]
 [-0.993 -0.004  0.119 -0.015]
 [ 0.118  0.084  0.989  0.181]
 [ 0.     0.     0.     1.   ]]
marker_left =
[[-0.026 -0.996 -0.081 -0.07 ]
 [ 1.    -0.025 -0.007 -0.   ]
 [ 0.005 -0.082  0.997  0.21 ]
 [ 0.     0.     0.     1.   ]]

--- Captured Sample ---
q_arm = [-1.274 -0.976  0.151 -1.854  0.983 -1.099  0.268 -1.224  0.742  0.082
 -1.877 -1.127 -1.245 -0.182]
q_head = [ 0.    -0.104]
marker_right =
[[-0.04   0.999  0.02   0.078]
 [-0.998 -0.041  0.048 -0.004]
 [ 0.049 -0.018  0.999  0.199]
 [ 0.     0.     0.     1.   ]]
marker_left =
[[-0.003 -0.999  0.033 -0.075]
 [ 0.999 -0.001  0.039 -0.007]
 [-0.039  0.033  0.999  0.189]
 [ 0.     0.     0.     1.   ]]

--- Captured Sample ---
q_arm = [-1.274 -0.976  0.151 -1.854  1.027 -1.099  0.268 -1.224  0.742  0.082
 -1.877 -1.084 -1.245 -0.182]
q_head = [-0.    -0.104]
marker_right =
[[-0.05   0.997  0.056  0.077]
 [-0.998 -0.052  0.025 -0.001]
 [ 0.028 -0.055  0.998  0.205]
 [ 0.     0.     0.     1.   ]]
marker_left =
[[ 0.004 -0.997  0.073 -0.078]
 [ 0.999  0.008  0.054 -0.009]
 [-0.054  0.072  0.996  0.182]
 [ 0.     0.     0.     1.   ]]

--- Captured Sample ---
q_arm = [-1.274 -0.976  0.151 -1.854  0.94  -1.099  0.268 -1.224  0.742  0.082
 -1.877 -1.171 -1.245 -0.182]
q_head = [-0.    -0.104]
marker_right =
[[-0.031  0.999 -0.015  0.08 ]
 [-0.997 -0.03   0.071 -0.007]
 [ 0.07   0.017  0.997  0.193]
 [ 0.     0.     0.     1.   ]]
marker_left =
[[-0.009 -1.    -0.005 -0.073]
 [ 1.    -0.01   0.024 -0.005]
 [-0.024 -0.004  1.     0.196]
 [ 0.     0.     0.     1.   ]]

--- Captured Sample ---
q_arm = [-1.204 -0.909  0.168 -1.791  0.929 -1.151  0.409 -1.135  0.708  0.063
 -1.864 -1.221 -1.233 -0.28 ]
q_head = [-0.001  0.023]
marker_right =
[[-0.036  0.998 -0.043  0.08 ]
 [-0.998 -0.038 -0.047 -0.005]
 [-0.048  0.041  0.998  0.213]
 [ 0.     0.     0.     1.   ]]
marker_left =
[[-0.008 -0.998 -0.055 -0.071]
 [ 0.995 -0.003 -0.101 -0.003]
 [ 0.101 -0.055  0.993  0.219]
 [ 0.     0.     0.     1.   ]]

--- Captured Sample ---
q_arm = [-1.212 -0.89   0.165 -1.765  0.898 -1.187  0.433 -1.126  0.722  0.06
 -1.89  -1.26  -1.205 -0.249]
q_head = [-0.002  0.023]
marker_right =
[[-0.038  0.996 -0.086  0.082]
 [-0.998 -0.041 -0.041 -0.005]
 [-0.045  0.084  0.995  0.211]
 [ 0.     0.     0.     1.   ]]
marker_left =
[[-0.007 -0.995 -0.097 -0.069]
 [ 0.995  0.003 -0.103 -0.003]
 [ 0.103 -0.098  0.99   0.221]
 [ 0.     0.     0.     1.   ]]

--- Captured Sample ---
q_arm = [-1.191 -0.948  0.177 -1.842  0.994 -1.078  0.354 -1.153  0.684  0.068
 -1.811 -1.147 -1.289 -0.336]
q_head = [-0.002  0.023]
marker_right =
[[-0.031  0.999  0.037  0.077]
 [-0.998 -0.029 -0.058 -0.005]
 [-0.057 -0.039  0.998  0.216]
 [ 0.     0.     0.     1.   ]]
marker_left =
[[-0.011 -1.     0.027 -0.075]
 [ 0.995 -0.013 -0.098 -0.002]
 [ 0.098  0.026  0.995  0.215]
 [ 0.     0.     0.     1.   ]]

--- Captured Sample ---
q_arm = [-1.186 -0.969  0.183 -1.868  1.029 -1.043  0.322 -1.163  0.672  0.069
 -1.785 -1.112 -1.318 -0.36 ]
q_head = [-0.002  0.023]
marker_right =
[[-0.029  0.997  0.078  0.075]
 [-0.998 -0.024 -0.061 -0.006]
 [-0.059 -0.08   0.995  0.218]
 [ 0.     0.     0.     1.   ]]
marker_left =
[[-0.012 -0.997  0.071 -0.077]
 [ 0.995 -0.019 -0.096 -0.002]
 [ 0.098  0.069  0.993  0.213]
 [ 0.     0.     0.     1.   ]]

--- Captured Sample ---
q_arm = [-1.22  -0.942  0.189 -1.804  0.962 -1.146  0.377 -1.161  0.715  0.051
 -1.827 -1.181 -1.288 -0.304]
q_head = [-0.002  0.023]
marker_right =
[[-0.078  0.997 -0.002  0.078]
 [-0.995 -0.078 -0.054 -0.003]
 [-0.054 -0.002  0.999  0.214]
 [ 0.     0.     0.     1.   ]]
marker_left =
[[-0.054 -0.998 -0.013 -0.073]
 [ 0.994 -0.052 -0.101 -0.001]
 [ 0.1   -0.018  0.995  0.217]
 [ 0.     0.     0.     1.   ]]

--- Captured Sample ---
q_arm = [-1.244 -0.954  0.206 -1.791  0.965 -1.178  0.371 -1.179  0.733  0.037
 -1.815 -1.181 -1.316 -0.298]
q_head = [-0.002  0.023]
marker_right =
[[-0.121  0.993 -0.003  0.077]
 [-0.991 -0.121 -0.054 -0.001]
 [-0.054 -0.003  0.999  0.214]
 [ 0.     0.     0.     1.   ]]
marker_left =
[[-0.097 -0.995 -0.016 -0.073]
 [ 0.99  -0.095 -0.102  0.002]
 [ 0.1   -0.026  0.995  0.217]
 [ 0.     0.     0.     1.   ]]

--- Captured Sample ---
q_arm = [-1.175 -0.915  0.157 -1.829  0.958 -1.082  0.39  -1.127  0.677  0.078
 -1.848 -1.183 -1.232 -0.315]
q_head = [-0.002  0.023]
marker_right =
[[ 0.01   1.    -0.003  0.079]
 [-0.999  0.01  -0.05  -0.007]
 [-0.05   0.004  0.999  0.215]
 [ 0.     0.     0.     1.   ]]
marker_left =
[[ 0.034 -0.999 -0.015 -0.073]
 [ 0.994  0.035 -0.102 -0.005]
 [ 0.103 -0.012  0.995  0.217]
 [ 0.     0.     0.     1.   ]]

--- Captured Sample ---
q_arm = [-1.154 -0.899  0.142 -1.841  0.956 -1.051  0.397 -1.11   0.657  0.091
 -1.859 -1.184 -1.205 -0.322]
q_head = [-0.002  0.023]
marker_right =
[[ 0.054  0.999 -0.003  0.08 ]
 [-0.997  0.054 -0.05  -0.009]
 [-0.05   0.005  0.999  0.215]
 [ 0.     0.     0.     1.   ]]
marker_left =
[[ 0.076 -0.997 -0.016 -0.074]
 [ 0.992  0.078 -0.103 -0.007]
 [ 0.104 -0.008  0.995  0.217]
 [ 0.     0.     0.     1.   ]]

--- Captured Sample ---
q_arm = [-1.199 -0.936  0.18  -1.816  0.952 -1.107  0.345 -1.144  0.692  0.069
 -1.838 -1.187 -1.265 -0.351]
q_head = [-0.002  0.023]
marker_right =
[[-0.034  0.999 -0.003  0.078]
 [-0.999 -0.034 -0.011 -0.007]
 [-0.011  0.002  1.     0.214]
 [ 0.     0.     0.     1.   ]]
marker_left =
[[-0.01  -1.    -0.014 -0.073]
 [ 0.99  -0.008 -0.144 -0.   ]
 [ 0.144 -0.016  0.989  0.217]
 [ 0.     0.     0.     1.   ]]

--- Captured Sample ---
q_arm = [-1.201 -0.943  0.187 -1.816  0.945 -1.102  0.306 -1.144  0.687  0.073
 -1.838 -1.191 -1.27  -0.392]
q_head = [-0.002  0.023]
marker_right =
[[-0.034  0.999  0.     0.078]
 [-0.999 -0.034  0.031 -0.01 ]
 [ 0.031  0.001  1.     0.214]
 [ 0.     0.     0.     1.   ]]
marker_left =
[[-0.011 -1.    -0.013 -0.073]
 [ 0.983 -0.008 -0.184  0.002]
 [ 0.184 -0.015  0.983  0.217]
 [ 0.     0.     0.     1.   ]]

--- Captured Sample ---
q_arm = [-1.196 -0.923  0.166 -1.816  0.967 -1.12   0.422 -1.143  0.702  0.061
 -1.838 -1.178 -1.254 -0.268]
q_head = [-0.002  0.023]
marker_right =
[[-0.033  0.999 -0.005  0.078]
 [-0.995 -0.033 -0.093 -0.003]
 [-0.094  0.002  0.996  0.214]
 [ 0.     0.     0.     1.   ]]
marker_left =
[[-0.009 -1.    -0.013 -0.073]
 [ 0.998 -0.008 -0.057 -0.005]
 [ 0.057 -0.013  0.998  0.216]
 [ 0.     0.     0.     1.   ]]

--- Captured Sample ---
q_arm = [-1.195 -0.916  0.16  -1.816  0.974 -1.126  0.461 -1.143  0.707  0.057
 -1.838 -1.173 -1.249 -0.226]
q_head = [-0.002  0.023]
marker_right =
[[-0.032  0.999 -0.004  0.079]
 [-0.99  -0.032 -0.135 -0.   ]
 [-0.135 -0.     0.991  0.215]
 [ 0.     0.     0.     1.   ]]
marker_left =
[[-0.009 -1.    -0.016 -0.073]
 [ 1.    -0.008 -0.018 -0.007]
 [ 0.018 -0.016  1.     0.216]
 [ 0.     0.     0.     1.   ]]

--- Captured Sample ---
q_arm = [-1.169 -0.951  0.138 -1.81   0.929 -1.145  0.404 -1.164  0.677  0.031
 -1.843 -1.215 -1.231 -0.294]
q_head = [-0.052  0.023]
marker_right =
[[-0.031  0.998 -0.052  0.081]
 [-0.998 -0.034 -0.054 -0.005]
 [-0.055  0.05   0.997  0.219]
 [ 0.     0.     0.     1.   ]]
marker_left =
[[-0.014 -0.998 -0.062 -0.071]
 [ 0.995 -0.008 -0.101 -0.003]
 [ 0.101 -0.063  0.993  0.213]
 [ 0.     0.     0.     1.   ]]

--- Captured Sample ---
q_arm = [-1.141 -0.971  0.103 -1.799  0.899 -1.178  0.425 -1.185  0.656 -0.003
 -1.846 -1.248 -1.204 -0.279]
q_head = [-0.103  0.023]
marker_right =
[[-0.028  0.995 -0.097  0.083]
 [-0.998 -0.034 -0.054 -0.005]
 [-0.057  0.096  0.994  0.224]
 [ 0.     0.     0.     1.   ]]
marker_left =
[[-0.018 -0.994 -0.11  -0.069]
 [ 0.995 -0.007 -0.098 -0.003]
 [ 0.097 -0.111  0.989  0.21 ]
 [ 0.     0.     0.     1.   ]]

--- Captured Sample ---
q_arm = [-1.227 -0.909  0.21  -1.82   0.989 -1.082  0.364 -1.124  0.719  0.097
 -1.829 -1.148 -1.286 -0.326]
q_head = [0.049 0.023]
marker_right =
[[-0.036  0.998  0.044  0.076]
 [-0.998 -0.034 -0.053 -0.005]
 [-0.051 -0.046  0.998  0.211]
 [ 0.     0.     0.     1.   ]]
marker_left =
[[-0.006 -0.999  0.037 -0.075]
 [ 0.995 -0.009 -0.102 -0.003]
 [ 0.102  0.036  0.994  0.221]
 [ 0.     0.     0.     1.   ]]

--- Captured Sample ---
q_arm = [-1.257 -0.885  0.245 -1.821  1.02  -1.053  0.344 -1.106  0.738  0.13
 -1.817 -1.117 -1.316 -0.343]
q_head = [0.1   0.024]
marker_right =
[[-0.039  0.995  0.092  0.073]
 [-0.998 -0.034 -0.051 -0.005]
 [-0.048 -0.094  0.994  0.208]
 [ 0.     0.     0.     1.   ]]
marker_left =
[[-0.001 -0.996  0.085 -0.077]
 [ 0.995 -0.009 -0.101 -0.003]
 [ 0.102  0.085  0.991  0.227]
 [ 0.     0.     0.     1.   ]]

--- Captured Sample ---
q_arm = [-1.147 -0.931  0.174 -1.857  0.964 -1.093  0.401 -1.092  0.689  0.065
 -1.876 -1.187 -1.249 -0.325]
q_head = [-0.001  0.072]
marker_right =
[[-0.032  0.999  0.002  0.079]
 [-0.994 -0.031 -0.101 -0.003]
 [-0.101 -0.005  0.995  0.212]
 [ 0.     0.     0.     1.   ]]
marker_left =
[[-0.009 -1.    -0.016 -0.073]
 [ 0.989 -0.006 -0.151 -0.001]
 [ 0.151 -0.017  0.988  0.214]
 [ 0.     0.     0.     1.   ]]

--- Captured Sample ---
q_arm = [-1.096 -0.928  0.172 -1.894  0.973 -1.078  0.419 -1.041  0.677  0.066
 -1.912 -1.194 -1.243 -0.342]
q_head = [-0.001  0.122]
marker_right =
[[-0.031  0.999  0.007  0.079]
 [-0.988 -0.03  -0.151 -0.001]
 [-0.15  -0.011  0.989  0.211]
 [ 0.     0.     0.     1.   ]]
marker_left =
[[-0.008 -1.    -0.018 -0.073]
 [ 0.98  -0.004 -0.199  0.002]
 [ 0.199 -0.019  0.98   0.212]
 [ 0.     0.     0.     1.   ]]

--- Captured Sample ---
q_arm = [-1.251 -0.934  0.181 -1.773  0.947 -1.128  0.373 -1.195  0.709  0.06
 -1.795 -1.174 -1.266 -0.298]
q_head = [-0.002 -0.025]
marker_right =
[[-0.035  0.999 -0.007  0.078]
 [-0.999 -0.035 -0.007 -0.007]
 [-0.007  0.007  1.     0.218]
 [ 0.     0.     0.     1.   ]]
marker_left =
[[-0.011 -1.    -0.011 -0.073]
 [ 0.998 -0.01  -0.054 -0.005]
 [ 0.054 -0.012  0.998  0.22 ]
 [ 0.     0.     0.     1.   ]]

--- Captured Sample ---
q_arm = [-1.304 -0.934  0.187 -1.726  0.94  -1.148  0.361 -1.248  0.718  0.056
 -1.75  -1.168 -1.277 -0.288]
q_head = [-0.002 -0.072]
marker_right =
[[-0.037  0.999 -0.008  0.078]
 [-0.998 -0.037  0.041 -0.01 ]
 [ 0.041  0.009  0.999  0.222]
 [ 0.     0.     0.     1.   ]]
marker_left =
[[-0.013 -1.    -0.011 -0.073]
 [ 1.    -0.013 -0.008 -0.007]
 [ 0.008 -0.011  1.     0.224]
 [ 0.     0.     0.     1.   ]]

--- Captured Sample ---
q_arm = [-1.347 -0.934  0.187 -1.726  0.94  -1.148  0.361 -1.292  0.718  0.056
 -1.75  -1.168 -1.277 -0.288]
q_head = [-0.001 -0.123]
marker_right =
[[-0.037  0.999 -0.023  0.074]
 [-0.998 -0.036  0.049 -0.009]
 [ 0.048  0.024  0.999  0.215]
 [ 0.     0.     0.     1.   ]]
marker_left =
[[-0.011 -1.     0.003 -0.068]
 [ 1.    -0.011  0.002 -0.006]
 [-0.002  0.003  1.     0.218]
 [ 0.     0.     0.     1.   ]]

--- Captured Sample ---
q_arm = [-1.391 -0.934  0.187 -1.726  0.94  -1.148  0.361 -1.335  0.718  0.056
 -1.75  -1.168 -1.277 -0.288]
q_head = [-0.001 -0.175]
marker_right =
[[-0.036  0.999 -0.038  0.07 ]
 [-0.998 -0.033  0.06  -0.008]
 [ 0.059  0.04   0.997  0.209]
 [ 0.     0.     0.     1.   ]]
marker_left =
[[-0.01  -1.     0.018 -0.064]
 [ 1.    -0.01   0.011 -0.005]
 [-0.011  0.018  1.     0.212]
 [ 0.     0.     0.     1.   ]]

--- Captured Sample ---
q_arm = [-1.26  -0.934  0.187 -1.726  0.94  -1.148  0.361 -1.204  0.718  0.056
 -1.75  -1.168 -1.277 -0.288]
q_head = [-0.002 -0.023]
marker_right =
[[-0.037  0.999  0.009  0.082]
 [-0.999 -0.037  0.034 -0.011]
 [ 0.034 -0.007  0.999  0.228]
 [ 0.     0.     0.     1.   ]]
marker_left =
[[-0.013 -1.    -0.024 -0.077]
 [ 1.    -0.013 -0.017 -0.008]
 [ 0.017 -0.024  1.     0.23 ]
 [ 0.     0.     0.     1.   ]]

--- Captured Sample ---
q_arm = [-1.216 -0.934  0.187 -1.726  0.94  -1.148  0.361 -1.161  0.718  0.056
 -1.75  -1.168 -1.277 -0.288]
q_head = [-0.002  0.025]
marker_right =
[[-0.037  0.999  0.02   0.086]
 [-0.999 -0.037  0.026 -0.012]
 [ 0.027 -0.019  0.999  0.235]
 [ 0.     0.     0.     1.   ]]
marker_left =
[[-0.013 -0.999 -0.039 -0.082]
 [ 1.    -0.012 -0.023 -0.01 ]
 [ 0.023 -0.04   0.999  0.237]
 [ 0.     0.     0.     1.   ]]

--- Captured Sample ---
q_arm = [-1.304 -0.977  0.187 -1.726  0.94  -1.148  0.361 -1.248  0.674  0.056
 -1.75  -1.168 -1.277 -0.288]
q_head = [-0.002 -0.072]
marker_right =
[[-0.051  0.998  0.03   0.086]
 [-0.998 -0.051  0.028 -0.011]
 [ 0.03  -0.029  0.999  0.225]
 [ 0.     0.     0.     1.   ]]
marker_left =
[[ 0.005 -1.     0.025 -0.065]
 [ 1.     0.005  0.007 -0.006]
 [-0.007  0.025  1.     0.221]
 [ 0.     0.     0.     1.   ]]

--- Captured Sample ---
q_arm = [-1.304 -1.021  0.187 -1.726  0.94  -1.148  0.361 -1.248  0.63   0.056
 -1.75  -1.168 -1.277 -0.288]
q_head = [-0.001 -0.072]
marker_right =
[[-0.065  0.995  0.069  0.095]
 [-0.998 -0.066  0.013 -0.013]
 [ 0.018 -0.068  0.998  0.227]
 [ 0.     0.     0.     1.   ]]
marker_left =
[[ 0.022 -0.998  0.062 -0.057]
 [ 1.     0.024  0.019 -0.004]
 [-0.02   0.062  0.998  0.218]
 [ 0.     0.     0.     1.   ]]

--- Captured Sample ---
q_arm = [-1.304 -0.89   0.187 -1.726  0.94  -1.148  0.361 -1.248  0.761  0.056
 -1.75  -1.168 -1.277 -0.288]
q_head = [-0.001 -0.072]
marker_right =
[[-0.024  0.998 -0.049  0.069]
 [-0.998 -0.022  0.054 -0.008]
 [ 0.052  0.05   0.997  0.218]
 [ 0.     0.     0.     1.   ]]
marker_left =
[[-0.031 -0.998 -0.048 -0.08 ]
 [ 0.999 -0.03  -0.022 -0.009]
 [ 0.02  -0.048  0.999  0.227]
 [ 0.     0.     0.     1.   ]]

--- Captured Sample ---
q_arm = [-1.304 -0.846  0.187 -1.726  0.94  -1.148  0.361 -1.248  0.805  0.056
 -1.75  -1.168 -1.277 -0.288]
q_head = [-0.002 -0.072]
marker_right =
[[-0.011  0.996 -0.088  0.061]
 [-0.998 -0.005  0.067 -0.006]
 [ 0.066  0.089  0.994  0.215]
 [ 0.     0.     0.     1.   ]]
marker_left =
[[-0.051 -0.995 -0.082 -0.088]
 [ 0.998 -0.048 -0.038 -0.011]
 [ 0.034 -0.083  0.996  0.228]
 [ 0.     0.     0.     1.   ]]

--- Captured Sample ---
q_arm = [-1.304 -0.934  0.187 -1.726  0.897 -1.148  0.361 -1.248  0.718  0.056
 -1.75  -1.211 -1.277 -0.288]
q_head = [-0.001 -0.072]
marker_right =
[[-0.024  0.999 -0.042  0.08 ]
 [-0.998 -0.022  0.061 -0.013]
 [ 0.06   0.044  0.997  0.216]
 [ 0.     0.     0.     1.   ]]
marker_left =
[[-0.025 -0.999 -0.046 -0.071]
 [ 0.999 -0.024 -0.022 -0.004]
 [ 0.02  -0.046  0.999  0.231]
 [ 0.     0.     0.     1.   ]]

--- Captured Sample ---
q_arm = [-1.304 -0.934  0.187 -1.726  0.853 -1.148  0.361 -1.248  0.718  0.056
 -1.75  -1.255 -1.277 -0.288]
q_head = [-0.002 -0.072]
marker_right =
[[-0.013  0.997 -0.078  0.082]
 [-0.996 -0.006  0.084 -0.017]
 [ 0.083  0.079  0.993  0.21 ]
 [ 0.     0.     0.     1.   ]]
marker_left =
[[-0.038 -0.995 -0.087 -0.069]
 [ 0.999 -0.034 -0.036 -0.002]
 [ 0.033 -0.088  0.996  0.238]
 [ 0.     0.     0.     1.   ]]

--- Captured Sample ---
q_arm = [-1.304 -0.934  0.187 -1.726  0.984 -1.148  0.361 -1.248  0.718  0.056
 -1.75  -1.124 -1.277 -0.288]
q_head = [-0.001 -0.072]
marker_right =
[[-0.051  0.998  0.024  0.076]
 [-0.999 -0.051  0.019 -0.006]
 [ 0.02  -0.023  1.     0.228]
 [ 0.     0.     0.     1.   ]]
marker_left =
[[-0.001 -1.     0.028 -0.075]
 [ 1.    -0.001  0.007 -0.01 ]
 [-0.007  0.028  1.     0.217]
 [ 0.     0.     0.     1.   ]]

--- Captured Sample ---
q_arm = [-1.304 -0.934  0.187 -1.726  1.028 -1.148  0.361 -1.248  0.718  0.056
 -1.75  -1.081 -1.277 -0.288]
q_head = [-0.001 -0.072]
marker_right =
[[-0.064  0.996  0.059  0.075]
 [-0.998 -0.064 -0.002 -0.002]
 [ 0.002 -0.059  0.998  0.234]
 [ 0.     0.     0.     1.   ]]
marker_left =
[[ 0.01  -0.998  0.066 -0.077]
 [ 1.     0.011  0.021 -0.013]
 [-0.021  0.066  0.998  0.21 ]
 [ 0.     0.     0.     1.   ]]

--- Captured Sample ---
q_arm = [-1.304 -0.934  0.187 -1.726  0.94  -1.148  0.361 -1.248  0.718  0.056
 -1.75  -1.168 -1.277 -0.288]
q_head = [-0.002 -0.072]
marker_right =
[[-0.037  0.999 -0.007  0.078]
 [-0.998 -0.037  0.042 -0.01 ]
 [ 0.042  0.009  0.999  0.222]
 [ 0.     0.     0.     1.   ]]
marker_left =
[[-0.013 -1.    -0.011 -0.073]
 [ 1.    -0.013 -0.006 -0.007]
 [ 0.006 -0.011  1.     0.224]
 [ 0.     0.     0.     1.   ]]

--- Captured Sample ---
q_arm = [-1.247 -0.869  0.202 -1.648  0.928 -1.204  0.5   -1.17   0.685  0.038
 -1.727 -1.214 -1.262 -0.386]
q_head = [-0.003  0.041]
marker_right =
[[-0.044  0.998 -0.039  0.078]
 [-0.997 -0.047 -0.066 -0.008]
 [-0.068  0.036  0.997  0.243]
 [ 0.     0.     0.     1.   ]]
marker_left =
[[-0.012 -0.998 -0.057 -0.071]
 [ 0.993 -0.006 -0.121 -0.006]
 [ 0.12  -0.058  0.991  0.248]
 [ 0.     0.     0.     1.   ]]

--- Captured Sample ---
q_arm = [-1.256 -0.852  0.2   -1.619  0.899 -1.243  0.523 -1.16   0.697  0.034
 -1.755 -1.252 -1.231 -0.357]
q_head = [-0.003  0.041]
marker_right =
[[-0.046  0.996 -0.079  0.08 ]
 [-0.997 -0.051 -0.059 -0.008]
 [-0.063  0.076  0.995  0.241]
 [ 0.     0.     0.     1.   ]]
marker_left =
[[-0.01  -0.995 -0.101 -0.069]
 [ 0.993  0.001 -0.117 -0.007]
 [ 0.117 -0.101  0.988  0.25 ]
 [ 0.     0.     0.     1.   ]]

--- Captured Sample ---
q_arm = [-1.231 -0.905  0.212 -1.705  0.99  -1.127  0.448 -1.192  0.663  0.043
 -1.67  -1.144 -1.325 -0.439]
q_head = [-0.003  0.042]
marker_right =
[[-0.038  0.998  0.046  0.075]
 [-0.997 -0.035 -0.075 -0.008]
 [-0.073 -0.049  0.996  0.247]
 [ 0.     0.     0.     1.   ]]
marker_left =
[[-0.015 -1.     0.022 -0.075]
 [ 0.993 -0.017 -0.117 -0.006]
 [ 0.117  0.02   0.993  0.244]
 [ 0.     0.     0.     1.   ]]

--- Captured Sample ---
q_arm = [-1.224 -0.923  0.217 -1.732  1.024 -1.089  0.418 -1.203  0.653  0.045
 -1.64  -1.11  -1.358 -0.463]
q_head = [-0.003  0.042]
marker_right =
[[-0.036  0.996  0.085  0.073]
 [-0.997 -0.03  -0.077 -0.009]
 [-0.074 -0.087  0.993  0.248]
 [ 0.     0.     0.     1.   ]]
marker_left =
[[-0.016 -0.998  0.066 -0.077]
 [ 0.993 -0.024 -0.114 -0.005]
 [ 0.115  0.064  0.991  0.242]
 [ 0.     0.     0.     1.   ]]

--- Captured Sample ---
q_arm = [-1.261 -0.9    0.225 -1.664  0.963 -1.196  0.468 -1.198  0.693  0.025
 -1.688 -1.18  -1.32  -0.408]
q_head = [-0.003  0.042]
marker_right =
[[-0.085  0.996  0.007  0.076]
 [-0.994 -0.084 -0.071 -0.006]
 [-0.07  -0.012  0.997  0.245]
 [ 0.     0.     0.     1.   ]]
marker_left =
[[-0.058 -0.998 -0.018 -0.072]
 [ 0.991 -0.055 -0.121 -0.004]
 [ 0.12  -0.025  0.992  0.246]
 [ 0.     0.     0.     1.   ]]

--- Captured Sample ---
q_arm = [-1.284 -0.911  0.242 -1.652  0.968 -1.227  0.462 -1.216  0.709  0.01
 -1.677 -1.183 -1.347 -0.402]
q_head = [-0.003  0.042]
marker_right =
[[-0.128  0.992  0.007  0.075]
 [-0.989 -0.127 -0.073 -0.003]
 [-0.071 -0.017  0.997  0.245]
 [ 0.     0.     0.     1.   ]]
marker_left =
[[-0.101 -0.995 -0.023 -0.072]
 [ 0.988 -0.098 -0.121 -0.002]
 [ 0.118 -0.035  0.992  0.246]
 [ 0.     0.     0.     1.   ]]

--- Captured Sample ---
q_arm = [-1.217 -0.874  0.191 -1.689  0.953 -1.134  0.483 -1.164  0.656  0.055
 -1.709 -1.175 -1.266 -0.421]
q_head = [-0.003  0.042]
marker_right =
[[ 0.003  1.     0.001  0.077]
 [-0.998  0.003 -0.069 -0.01 ]
 [-0.069 -0.     0.998  0.244]
 [ 0.     0.     0.     1.   ]]
marker_left =
[[ 0.029 -0.999 -0.017 -0.073]
 [ 0.992  0.031 -0.12  -0.008]
 [ 0.12  -0.013  0.993  0.246]
 [ 0.     0.     0.     1.   ]]

--- Captured Sample ---
q_arm = [-1.196 -0.859  0.174 -1.701  0.947 -1.104  0.491 -1.148  0.637  0.068
 -1.719 -1.173 -1.239 -0.428]
q_head = [-0.003  0.042]
marker_right =
[[ 0.046  0.999  0.002  0.078]
 [-0.997  0.047 -0.067 -0.012]
 [-0.067  0.001  0.998  0.245]
 [ 0.     0.     0.     1.   ]]
marker_left =
[[ 0.073 -0.997 -0.019 -0.073]
 [ 0.99   0.075 -0.118 -0.01 ]
 [ 0.119 -0.01   0.993  0.246]
 [ 0.     0.     0.     1.   ]]

--- Captured Sample ---
q_arm = [-1.24  -0.894  0.215 -1.677  0.95  -1.159  0.436 -1.181  0.67   0.044
 -1.698 -1.182 -1.297 -0.456]
q_head = [-0.003  0.042]
marker_right =
[[-0.041  0.999  0.004  0.076]
 [-0.999 -0.041 -0.028 -0.01 ]
 [-0.028 -0.005  1.     0.244]
 [ 0.     0.     0.     1.   ]]
marker_left =
[[-0.014 -1.    -0.016 -0.073]
 [ 0.987 -0.011 -0.159 -0.004]
 [ 0.159 -0.018  0.987  0.246]
 [ 0.     0.     0.     1.   ]]

--- Captured Sample ---
q_arm = [-1.242 -0.9    0.221 -1.677  0.943 -1.154  0.397 -1.181  0.666  0.049
 -1.698 -1.186 -1.301 -0.497]
q_head = [-0.003  0.042]
marker_right =
[[-0.042  0.999  0.006  0.076]
 [-0.999 -0.042  0.013 -0.013]
 [ 0.013 -0.005  1.     0.244]
 [ 0.     0.     0.     1.   ]]
marker_left =
[[-0.015 -1.    -0.018 -0.073]
 [ 0.979 -0.011 -0.202 -0.001]
 [ 0.202 -0.021  0.979  0.247]
 [ 0.     0.     0.     1.   ]]

--- Captured Sample ---
q_arm = [-1.237 -0.882  0.201 -1.677  0.964 -1.17   0.515 -1.181  0.68   0.036
 -1.698 -1.173 -1.288 -0.372]
q_head = [-0.003  0.042]
marker_right =
[[-0.041  0.999  0.003  0.077]
 [-0.993 -0.041 -0.112 -0.006]
 [-0.112 -0.008  0.994  0.245]
 [ 0.     0.     0.     1.   ]]
marker_left =
[[-0.013 -1.    -0.021 -0.073]
 [ 0.997 -0.011 -0.077 -0.008]
 [ 0.077 -0.022  0.997  0.246]
 [ 0.     0.     0.     1.   ]]

--- Captured Sample ---
q_arm = [-1.236 -0.876  0.195 -1.677  0.971 -1.175  0.555 -1.18   0.684  0.031
 -1.698 -1.168 -1.283 -0.331]
q_head = [-0.003  0.042]
marker_right =
[[-0.041  0.999  0.     0.077]
 [-0.987 -0.04  -0.154 -0.003]
 [-0.154 -0.006  0.988  0.245]
 [ 0.     0.     0.     1.   ]]
marker_left =
[[-0.013 -1.    -0.016 -0.073]
 [ 0.999 -0.012 -0.037 -0.011]
 [ 0.037 -0.017  0.999  0.246]
 [ 0.     0.     0.     1.   ]]

--- Captured Sample ---
q_arm = [-1.215 -0.91   0.178 -1.67   0.93  -1.195  0.494 -1.198  0.654  0.01
 -1.704 -1.206 -1.265 -0.401]
q_head = [-0.049  0.042]
marker_right =
[[-0.039  0.998 -0.04   0.078]
 [-0.997 -0.042 -0.071 -0.008]
 [-0.072  0.037  0.997  0.249]
