# Joint_4_Angle(deg), Cam_X(mm), Cam_Y(mm), Cam_Z(mm), Torso_X(mm), Torso_Y(mm), Torso_Z(mm), EE_X(mm), EE_Y(mm), EE_Z(mm), T_cam2marker_flat(16), T_torso2marker_flat(16), T_ee2marker_flat(16)
-14.9926, -6.1966, 6.2046, 207.0994, 229.0994, 6.1966, 193.8688, 13.6925, 96.7365, 12.4504, 0.995849, -0.090904, -0.004554, -0.006197, 0.089310, 0.985588, -0.143667, 0.006205, 0.017548, 0.142664, 0.989616, 0.207099, 0.000000, 0.000000, 0.000000, 1.000000, 0.017548, 0.142664, 0.989616, 0.229099, -0.995849, 0.090904, 0.004554, 0.006197, -0.089310, -0.985588, 0.143667, 0.193869, 0.000000, 0.000000, 0.000000, 1.000000, 0.999328, 0.034502, -0.012388, 0.013693, -0.013580, 0.034541, -0.999311, 0.096737, -0.034050, 0.998808, 0.034987, 0.012450, 0.000000, 0.000000, 0.000000, 1.000000
-14.9869, -6.1727, 6.2412, 207.0368, 229.0368, 6.1727, 193.8322, 13.7166, 96.8162, 12.4819, 0.995777, -0.091262, -0.009994, -0.006173, 0.088786, 0.984978, -0.148108, 0.006241, 0.023361, 0.146595, 0.988921, 0.207037, 0.000000, 0.000000, 0.000000, 1.000000, 0.023361, 0.146595, 0.988921, 0.229037, -0.995777, 0.091262, 0.009994, 0.006173, -0.088786, -0.984978, 0.148108, 0.193832, 0.000000, 0.000000, 0.000000, 1.000000, 0.999251, 0.034091, -0.018291, 0.013717, -0.019333, 0.030473, -0.999349, 0.096816, -0.033511, 0.998954, 0.031109, 0.012482, 0.000000, 0.000000, 0.000000, 1.000000
-14.8559, -6.2352, 6.0724, 207.4689, 229.4689, 6.2352, 194.0011, 13.6902, 96.6163, 12.6234, 0.995865, -0.090546, -0.007441, -0.006235, 0.088715, 0.986839, -0.135196, 0.006072, 0.019585, 0.133977, 0.990791, 0.207469, 0.000000, 0.000000, 0.000000, 1.000000, 0.019585, 0.133977, 0.990791, 0.229469, -0.995865, 0.090546, 0.007441, 0.006235, -0.088715, -0.986839, 0.135196, 0.194001, 0.000000, 0.000000, 0.000000, 1.000000, 0.999303, 0.034513, -0.014217, 0.013690, -0.015628, 0.040965, -0.999038, 0.096616, -0.033897, 0.998564, 0.041475, 0.012623, 0.000000, 0.000000, 0.000000, 1.000000
-14.5644, -6.3177, 5.7069, 208.1071, 230.1071, 6.3177, 194.3666, 13.6889, 96.4906, 12.8816, 0.995845, -0.090753, -0.007546, -0.006318, 0.088894, 0.986741, -0.135792, 0.005707, 0.019769, 0.134557, 0.990709, 0.208107, 0.000000, 0.000000, 0.000000, 1.000000, 0.019769, 0.134557, 0.990709, 0.230107, -0.995845, 0.090753, 0.007546, 0.006318, -0.088894, -0.986741, 0.135792, 0.194367, 0.000000, 0.000000, 0.000000, 1.000000, 0.999334, 0.033427, -0.014633, 0.013689, -0.015815, 0.035371, -0.999249, 0.096491, -0.032885, 0.998815, 0.035876, 0.012882, 0.000000, 0.000000, 0.000000, 1.000000
-14.3695, -6.4613, 5.3051, 208.8720, 230.8720, 6.4613, 194.7684, 13.5865, 96.0474, 12.9648, 0.996053, -0.088421, -0.007809, -0.006461, 0.086623, 0.987458, -0.131995, 0.005305, 0.019382, 0.130798, 0.991220, 0.208872, 0.000000, 0.000000, 0.000000, 1.000000, 0.019382, 0.130798, 0.991220, 0.230872, -0.996053, 0.088421, 0.007809, 0.006461, -0.086623, -0.987458, 0.131995, 0.194768, 0.000000, 0.000000, 0.000000, 1.000000, 0.999273, 0.035210, -0.014603, 0.013586, -0.015864, 0.035822, -0.999232, 0.096047, -0.034660, 0.998738, 0.036355, 0.012965, 0.000000, 0.000000, 0.000000, 1.000000
-13.8562, -6.6952, 4.7122, 210.1228, 232.1229, 6.6952, 195.3612, 13.5076, 95.7093, 13.4812, 0.996091, -0.088188, -0.005048, -0.006695, 0.086924, 0.988774, -0.121534, 0.004712, 0.015709, 0.120620, 0.992574, 0.210123, 0.000000, 0.000000, 0.000000, 1.000000, 0.015709, 0.120620, 0.992574, 0.232123, -0.996091, 0.088188, 0.005048, 0.006695, -0.086924, -0.988774, 0.121534, 0.195361, 0.000000, 0.000000, 0.000000, 1.000000, 0.999362, 0.033972, -0.011033, 0.013508, -0.012298, 0.037258, -0.999230, 0.095709, -0.033535, 0.998728, 0.037652, 0.013481, 0.000000, 0.000000, 0.000000, 1.000000
-13.6389, -6.7874, 4.4077, 210.9356, 232.9356, 6.7874, 195.6657, 13.4757, 95.2778, 13.6855, 0.996069, -0.087736, -0.012189, -0.006787, 0.085758, 0.989629, -0.115242, 0.004408, 0.022173, 0.113744, 0.993263, 0.210936, 0.000000, 0.000000, 0.000000, 1.000000, 0.022173, 0.113744, 0.993263, 0.232936, -0.996069, 0.087736, 0.012189, 0.006787, -0.085758, -0.989629, 0.115242, 0.195666, 0.000000, 0.000000, 0.000000, 1.000000, 0.999274, 0.033814, -0.017539, 0.013476, -0.018903, 0.040447, -0.999003, 0.095278, -0.033071, 0.998609, 0.041057, 0.013686, 0.000000, 0.000000, 0.000000, 1.000000
-13.2858, -6.9213, 4.0460, 211.6118, 233.6118, 6.9213, 196.0274, 13.4551, 95.2325, 14.0406, 0.996181, -0.086588, -0.011222, -0.006921, 0.084607, 0.989057, -0.120864, 0.004046, 0.021565, 0.119453, 0.992606, 0.211612, 0.000000, 0.000000, 0.000000, 1.000000, 0.021565, 0.119453, 0.992606, 0.233612, -0.996181, 0.086588, 0.011222, 0.006921, -0.084607, -0.989057, 0.120864, 0.196027, 0.000000, 0.000000, 0.000000, 1.000000, 0.999271, 0.033875, -0.017619, 0.013455, -0.018592, 0.028638, -0.999417, 0.095232, -0.033351, 0.999016, 0.029247, 0.014041, 0.000000, 0.000000, 0.000000, 1.000000
-13.0014, -7.1314, 3.4605, 212.7059, 234.7059, 7.1314, 196.6130, 13.3010, 94.6113, 14.1245, 0.996437, -0.084329, -0.001628, -0.007131, 0.083756, 0.991576, -0.098803, 0.003460, 0.009946, 0.098314, 0.995106, 0.212706, 0.000000, 0.000000, 0.000000, 1.000000, 0.009946, 0.098314, 0.995106, 0.234706, -0.996437, 0.084329, 0.001628, 0.007131, -0.083756, -0.991576, 0.098803, 0.196613, 0.000000, 0.000000, 0.000000, 1.000000, 0.999357, 0.035400, -0.005669, 0.013301, -0.007261, 0.045013, -0.998960, 0.094611, -0.035108, 0.998359, 0.045241, 0.014125, 0.000000, 0.000000, 0.000000, 1.000000
-12.6802, -7.2040, 3.2093, 213.5824, 235.5824, 7.2040, 196.8641, 13.3300, 94.3233, 14.5431, 0.996333, -0.084183, -0.015261, -0.007204, 0.082268, 0.991658, -0.099231, 0.003209, 0.023487, 0.097612, 0.994947, 0.213582, 0.000000, 0.000000, 0.000000, 1.000000, 0.023487, 0.097612, 0.994947, 0.235582, -0.996333, 0.084183, 0.015261, 0.007204, -0.082268, -0.991658, 0.099231, 0.196864, 0.000000, 0.000000, 0.000000, 1.000000, 0.999212, 0.034585, -0.019463, 0.013330, -0.020850, 0.040205, -0.998974, 0.094323, -0.033767, 0.998593, 0.040894, 0.014543, 0.000000, 0.000000, 0.000000, 1.000000
-12.3361, -7.3490, 2.6590, 214.6483, 236.6483, 7.3490, 197.4144, 13.2692, 93.8496, 14.7319, 0.996492, -0.083029, -0.010516, -0.007349, 0.081764, 0.992635, -0.089385, 0.002659, 0.017860, 0.088212, 0.995942, 0.214648, 0.000000, 0.000000, 0.000000, 1.000000, 0.017860, 0.088212, 0.995942, 0.236648, -0.996492, 0.083029, 0.010516, 0.007349, -0.081764, -0.992635, 0.089385, 0.197414, 0.000000, 0.000000, 0.000000, 1.000000, 0.999300, 0.034749, -0.013884, 0.013269, -0.015399, 0.043731, -0.998925, 0.093850, -0.034104, 0.998439, 0.044236, 0.014732, 0.000000, 0.000000, 0.000000, 1.000000
-12.0390, -7.5022, 2.3403, 215.2794, 237.2794, 7.5022, 197.7331, 13.2056, 93.7483, 15.0078, 0.996600, -0.081860, -0.009333, -0.007502, 0.080677, 0.992578, -0.090991, 0.002340, 0.016712, 0.089929, 0.995808, 0.215279, 0.000000, 0.000000, 0.000000, 1.000000, 0.016712, 0.089929, 0.995808, 0.237279, -0.996600, 0.081860, 0.009333, 0.007502, -0.080677, -0.992578, 0.090991, 0.197733, 0.000000, 0.000000, 0.000000, 1.000000, 0.999300, 0.035026, -0.013165, 0.013206, -0.014457, 0.036909, -0.999214, 0.093748, -0.034513, 0.998705, 0.037390, 0.015008, 0.000000, 0.000000, 0.000000, 1.000000
-11.7497, -7.6912, 1.9489, 216.1404, 238.1404, 7.6912, 198.1246, 13.1078, 93.3940, 15.2273, 0.996682, -0.081319, -0.003512, -0.007691, 0.080817, 0.993814, -0.076178, 0.001949, 0.009685, 0.075641, 0.997088, 0.216140, 0.000000, 0.000000, 0.000000, 1.000000, 0.009685, 0.075641, 0.997088, 0.238140, -0.996682, 0.081319, 0.003512, 0.007691, -0.080817, -0.993814, 0.076178, 0.198125, 0.000000, 0.000000, 0.000000, 1.000000, 0.999378, 0.034753, -0.006038, 0.013108, -0.007643, 0.046261, -0.998900, 0.093394, -0.034436, 0.998325, 0.046498, 0.015227, 0.000000, 0.000000, 0.000000, 1.000000
-11.3504, -7.8232, 1.4790, 217.2948, 239.2948, 7.8232, 198.5944, 13.0878, 92.9487, 15.5701, 0.996759, -0.080187, -0.006387, -0.007823, 0.079539, 0.994331, -0.070569, 0.001479, 0.012009, 0.069833, 0.997486, 0.217295, 0.000000, 0.000000, 0.000000, 1.000000, 0.012009, 0.069833, 0.997486, 0.239295, -0.996759, 0.080187, 0.006387, 0.007823, -0.079539, -0.994331, 0.070569, 0.198594, 0.000000, 0.000000, 0.000000, 1.000000, 0.999361, 0.034707, -0.008561, 0.013088, -0.010128, 0.045228, -0.998925, 0.092949, -0.034282, 0.998374, 0.045550, 0.015570, 0.000000, 0.000000, 0.000000, 1.000000
-11.0751, -7.9598, 1.1044, 218.1443, 240.1443, 7.9598, 198.9691, 13.0303, 92.5822, 15.7608, 0.996809, -0.078648, -0.013669, -0.007960, 0.077747, 0.995330, -0.057215, 0.001104, 0.018105, 0.055969, 0.998268, 0.218144, 0.000000, 0.000000, 0.000000, 1.000000, 0.018105, 0.055969, 0.998268, 0.240144, -0.996809, 0.078648, 0.013669, 0.007960, -0.077747, -0.995330, 0.057215, 0.198969, 0.000000, 0.000000, 0.000000, 1.000000, 0.999265, 0.035452, -0.014567, 0.013030, -0.016483, 0.054376, -0.998384, 0.092582, -0.034602, 0.997891, 0.054921, 0.015761, 0.000000, 0.000000, 0.000000, 1.000000
-10.4788, -8.2991, 0.4505, 219.8174, 241.8174, 8.2991, 199.6230, 12.8541, 91.9755, 16.2969, 0.997020, -0.077137, 0.000368, -0.008299, 0.077009, 0.995071, -0.062484, 0.000450, 0.004453, 0.062326, 0.998046, 0.219817, 0.000000, 0.000000, 0.000000, 1.000000, 0.004453, 0.062326, 0.998046, 0.241817, -0.997020, 0.077137, -0.000368, 0.008299, -0.077009, -0.995071, 0.062484, 0.199623, 0.000000, 0.000000, 0.000000, 1.000000, 0.999380, 0.035168, -0.001593, 0.012854, -0.002922, 0.037784, -0.999282, 0.091975, -0.035083, 0.998667, 0.037863, 0.016297, 0.000000, 0.000000, 0.000000, 1.000000
-10.0118, -8.4893, -0.0725, 221.1380, 243.1380, 8.4893, 200.1459, 12.8008, 91.4863, 16.6811, 0.997151, -0.075128, -0.006804, -0.008489, 0.074587, 0.995405, -0.060041, -0.000072, 0.011284, 0.059362, 0.998173, 0.221138, 0.000000, 0.000000, 0.000000, 1.000000, 0.011284, 0.059362, 0.998173, 0.243138, -0.997151, 0.075128, 0.006804, 0.008489, -0.074587, -0.995405, 0.060041, 0.200146, 0.000000, 0.000000, 0.000000, 1.000000, 0.999320, 0.035788, -0.008856, 0.012801, -0.010029, 0.032734, -0.999414, 0.091486, -0.035477, 0.998823, 0.033070, 0.016681, 0.000000, 0.000000, 0.000000, 1.000000
-9.6062, -8.6089, -0.3893, 222.2172, 244.2172, 8.6089, 200.4628, 12.8156, 91.1404, 17.1278, 0.997044, -0.074461, -0.018946, -0.008609, 0.072919, 0.994733, -0.072040, -0.000389, 0.024211, 0.070446, 0.997222, 0.222217, 0.000000, 0.000000, 0.000000, 1.000000, 0.024211, 0.070446, 0.997222, 0.244217, -0.997044, 0.074461, 0.018946, 0.008609, -0.072919, -0.994733, 0.072040, 0.200463, 0.000000, 0.000000, 0.000000, 1.000000, 0.999124, 0.035207, -0.022605, 0.012816, -0.023133, 0.014660, -0.999625, 0.091140, -0.034862, 0.999273, 0.015462, 0.017128, 0.000000, 0.000000, 0.000000, 1.000000
-9.3696, -8.8560, -0.9720, 223.2288, 245.2288, 8.8560, 201.0455, 12.6019, 90.5264, 17.0397, 0.997283, -0.073389, -0.006409, -0.008856, 0.073151, 0.996818, -0.031674, -0.000972, 0.008713, 0.031119, 0.999478, 0.223229, 0.000000, 0.000000, 0.000000, 1.000000, 0.008713, 0.031119, 0.999478, 0.245229, -0.997283, 0.073389, 0.006409, 0.008856, -0.073151, -0.996818, 0.031674, 0.201045, 0.000000, 0.000000, 0.000000, 1.000000, 0.999348, 0.035631, -0.005898, 0.012602, -0.007675, 0.049955, -0.998722, 0.090526, -0.035291, 0.998116, 0.050196, 0.017040, 0.000000, 0.000000, 0.000000, 1.000000
-8.8974, -9.0528, -1.4259, 224.4771, 246.4771, 9.0528, 201.4993, 12.5507, 90.1258, 17.4575, 0.997299, -0.072624, -0.011008, -0.009053, 0.072319, 0.997044, -0.025956, -0.001426, 0.012860, 0.025089, 0.999602, 0.224477, 0.000000, 0.000000, 0.000000, 1.000000, 0.012860, 0.025089, 0.999602, 0.246477, -0.997299, 0.072624, 0.011008, 0.009053, -0.072319, -0.997044, 0.025956, 0.201499, 0.000000, 0.000000, 0.000000, 1.000000, 0.999335, 0.034985, -0.010290, 0.012551, -0.011960, 0.047873, -0.998782, 0.090126, -0.034450, 0.998241, 0.048260, 0.017457, 0.000000, 0.000000, 0.000000, 1.000000
-8.5720, -9.2255, -1.7859, 225.4662, 247.4662, 9.2255, 201.8593, 12.4815, 89.7168, 17.7031, 0.997440, -0.070744, -0.010393, -0.009226, 0.070537, 0.997326, -0.019100, -0.001786, 0.011717, 0.018318, 0.999764, 0.225466, 0.000000, 0.000000, 0.000000, 1.000000, 0.011717, 0.018318, 0.999764, 0.247466, -0.997440, 0.070744, 0.010393, 0.009226, -0.070537, -0.997326, 0.019100, 0.201859, 0.000000, 0.000000, 0.000000, 1.000000, 0.999312, 0.035896, -0.009336, 0.012481, -0.011093, 0.049049, -0.998735, 0.089717, -0.035392, 0.998151, 0.049413, 0.017703, 0.000000, 0.000000, 0.000000, 1.000000
-8.1448, -9.4612, -2.2992, 226.6292, 248.6292, 9.4612, 202.3727, 12.3524, 89.3163, 17.9652, 0.997655, -0.068418, -0.001976, -0.009461, 0.068433, 0.997618, 0.008630, -0.002299, 0.001380, -0.008745, 0.999961, 0.226629, 0.000000, 0.000000, 0.000000, 1.000000, 0.001380, -0.008745, 0.999961, 0.248629, -0.997655, 0.068418, 0.001976, 0.009461, -0.068433, -0.997618, -0.008630, 0.202373, 0.000000, 0.000000, 0.000000, 1.000000, 0.999318, 0.036882, 0.001711, 0.012352, -0.000829, 0.068743, -0.997634, 0.089316, -0.036912, 0.996952, 0.068727, 0.017965, 0.000000, 0.000000, 0.000000, 1.000000
-7.7423, -9.7590, -2.5523, 227.4597, 249.4597, 9.7590, 202.6258, 12.1937, 89.2156, 18.4240, 0.997249, -0.068747, 0.027719, -0.009759, 0.069350, 0.997363, -0.021412, -0.002552, -0.026174, 0.023275, 0.999386, 0.227460, 0.000000, 0.000000, 0.000000, 1.000000, -0.026174, 0.023275, 0.999386, 0.249460, -0.997249, 0.068747, -0.027719, 0.009759, -0.069350, -0.997363, 0.021412, 0.202626, 0.000000, 0.000000, 0.000000, 1.000000, 0.998989, 0.035411, 0.027700, 0.012194, 0.026648, 0.029850, -0.999199, 0.089216, -0.036209, 0.998927, 0.028876, 0.018424, 0.000000, 0.000000, 0.000000, 1.000000
-7.4749, -9.8113, -2.9144, 228.6255, 250.6255, 9.8113, 202.9879, 12.2185, 88.5239, 18.5469, 0.997765, -0.066812, 0.001374, -0.009811, 0.066825, 0.997651, -0.015067, -0.002914, -0.000364, 0.015125, 0.999886, 0.228625, 0.000000, 0.000000, 0.000000, 1.000000, -0.000364, 0.015125, 0.999886, 0.250625, -0.997765, 0.066812, -0.001374, 0.009811, -0.066825, -0.997651, 0.015067, 0.202988, 0.000000, 0.000000, 0.000000, 1.000000, 0.999330, 0.036547, 0.001853, 0.012219, 0.000632, 0.033402, -0.999442, 0.088524, -0.036589, 0.998774, 0.033356, 0.018547, 0.000000, 0.000000, 0.000000, 1.000000
-7.1466, -9.9155, -3.0946, 229.4487, 251.4487, 9.9155, 203.1681, 12.2182, 88.2969, 18.9266, 0.997710, -0.067364, -0.006075, -0.009916, 0.067174, 0.997365, -0.027415, -0.003095, 0.007906, 0.026944, 0.999606, 0.229449, 0.000000, 0.000000, 0.000000, 1.000000, 0.007906, 0.026944, 0.999606, 0.251449, -0.997710, 0.067364, 0.006075, 0.009916, -0.067174, -0.997365, 0.027415, 0.203168, 0.000000, 0.000000, 0.000000, 1.000000, 0.999363, 0.035003, -0.007004, 0.012218, -0.007566, 0.015947, -0.999844, 0.088297, -0.034886, 0.999260, 0.016201, 0.018927, 0.000000, 0.000000, 0.000000, 1.000000
-6.9130, -10.1672, -3.5070, 230.2253, 252.2253, 10.1672, 203.5805, 12.0164, 87.9327, 18.9361, 0.997762, -0.065884, 0.011432, -0.010167, 0.065806, 0.997807, 0.007108, -0.003507, -0.011875, -0.006340, 0.999909, 0.230225, 0.000000, 0.000000, 0.000000, 1.000000, -0.011875, -0.006340, 0.999909, 0.252225, -0.997762, 0.065884, -0.011432, 0.010167, -0.065806, -0.997807, -0.007108, 0.203580, 0.000000, 0.000000, 0.000000, 1.000000, 0.999266, 0.035760, 0.013757, 0.012016, 0.012134, 0.045206, -0.998904, 0.087933, -0.036343, 0.998337, 0.044739, 0.018936, 0.000000, 0.000000, 0.000000, 1.000000
-6.3866, -10.3885, -3.9750, 231.8295, 253.8294, 10.3885, 204.0484, 11.9683, 87.2745, 19.3593, 0.997981, -0.063390, 0.004063, -0.010389, 0.063354, 0.997956, 0.008333, -0.003975, -0.004583, -0.008059, 0.999957, 0.231829, 0.000000, 0.000000, 0.000000, 1.000000, -0.004583, -0.008059, 0.999957, 0.253829, -0.997981, 0.063390, -0.004063, 0.010389, -0.063354, -0.997956, -0.008333, 0.204048, 0.000000, 0.000000, 0.000000, 1.000000, 0.999309, 0.036686, 0.005951, 0.011968, 0.004561, 0.037878, -0.999272, 0.087275, -0.036885, 0.998609, 0.037684, 0.019359, 0.000000, 0.000000, 0.000000, 1.000000
-5.9955, -10.5889, -4.2241, 232.5964, 254.5964, 10.5889, 204.2976, 11.8866, 87.2150, 19.7517, 0.997816, -0.063173, 0.019279, -0.010589, 0.063228, 0.997997, -0.002260, -0.004224, -0.019098, 0.003474, 0.999812, 0.232596, 0.000000, 0.000000, 0.000000, 1.000000, -0.019098, 0.003474, 0.999812, 0.254596, -0.997816, 0.063173, -0.019279, 0.010589, -0.063228, -0.997997, 0.002260, 0.204298, 0.000000, 0.000000, 0.000000, 1.000000, 0.999164, 0.035738, 0.019828, 0.011887, 0.019134, 0.019634, -0.999624, 0.087215, -0.036114, 0.999168, 0.018933, 0.019752, 0.000000, 0.000000, 0.000000, 1.000000
-5.6380, -10.7967, -4.6059, 233.7719, 255.7719, 10.7967, 204.6794, 11.7894, 86.6804, 19.9624, 0.997883, -0.061796, 0.020282, -0.010797, 0.061679, 0.998076, 0.006353, -0.004606, -0.020635, -0.005089, 0.999774, 0.233772, 0.000000, 0.000000, 0.000000, 1.000000, -0.020635, -0.005089, 0.999774, 0.255772, -0.997883, 0.061796, -0.020282, 0.010797, -0.061679, -0.998076, -0.006353, 0.204679, 0.000000, 0.000000, 0.000000, 1.000000, 0.999124, 0.036037, 0.021290, 0.011789, 0.020504, 0.022048, -0.999547, 0.086680, -0.036490, 0.999107, 0.021290, 0.019962, 0.000000, 0.000000, 0.000000, 1.000000
-5.4292, -10.8873, -4.8132, 234.9153, 256.9153, 10.8873, 204.8867, 11.7494, 85.9139, 20.0990, 0.998111, -0.061414, 0.001763, -0.010887, 0.061420, 0.998106, -0.003597, -0.004813, -0.001538, 0.003699, 0.999992, 0.234915, 0.000000, 0.000000, 0.000000, 1.000000, -0.001538, 0.003699, 0.999992, 0.256915, -0.998111, 0.061414, -0.001763, 0.010887, -0.061420, -0.998106, 0.003597, 0.204887, 0.000000, 0.000000, 0.000000, 1.000000, 0.999357, 0.035794, 0.001847, 0.011749, 0.001501, 0.009679, -0.999952, 0.085914, -0.035810, 0.999312, 0.009619, 0.020099, 0.000000, 0.000000, 0.000000, 1.000000
-4.8520, -11.1729, -5.2832, 236.4808, 258.4808, 11.1729, 205.3566, 11.6487, 85.3873, 20.5414, 0.998141, -0.060609, 0.006434, -0.011173, 0.060594, 0.998159, 0.002484, -0.005283, -0.006573, -0.002089, 0.999976, 0.236481, 0.000000, 0.000000, 0.000000, 1.000000, -0.006573, -0.002089, 0.999976, 0.258481, -0.998141, 0.060609, -0.006434, 0.011173, -0.060594, -0.998159, -0.002484, 0.205357, 0.000000, 0.000000, 0.000000, 1.000000, 0.999371, 0.034857, 0.006559, 0.011649, 0.006370, 0.005543, -0.999964, 0.085387, -0.034892, 0.999377, 0.005317, 0.020541, 0.000000, 0.000000, 0.000000, 1.000000
-4.4154, -11.3443, -5.6112, 237.8050, 259.8050, 11.3443, 205.6847, 11.6183, 84.8489, 20.8842, 0.998264, -0.058245, -0.008769, -0.011344, 0.058332, 0.998247, 0.009981, -0.005611, 0.008172, -0.010475, 0.999912, 0.237805, 0.000000, 0.000000, 0.000000, 1.000000, 0.008172, -0.010475, 0.999912, 0.259805, -0.998264, 0.058245, 0.008769, 0.011344, -0.058332, -0.998247, -0.009981, 0.205685, 0.000000, 0.000000, 0.000000, 1.000000, 0.999321, 0.035902, -0.008254, 0.011618, -0.008490, 0.006422, -0.999943, 0.084849, -0.035847, 0.999335, 0.006722, 0.020884, 0.000000, 0.000000, 0.000000, 1.000000
-4.1533, -11.4542, -5.9505, 238.3765, 260.3765, 11.4542, 206.0240, 11.5725, 84.7513, 20.9440, 0.998269, -0.057803, -0.010838, -0.011454, 0.058179, 0.997570, 0.038334, -0.005951, 0.008596, -0.038899, 0.999206, 0.238377, 0.000000, 0.000000, 0.000000, 1.000000, 0.008596, -0.038899, 0.999206, 0.260377, -0.998269, 0.057803, 0.010838, 0.011454, -0.058179, -0.997570, -0.038334, 0.206024, 0.000000, 0.000000, 0.000000, 1.000000, 0.999339, 0.035503, -0.007816, 0.011572, -0.008895, 0.030346, -0.999500, 0.084751, -0.035248, 0.998909, 0.030642, 0.020944, 0.000000, 0.000000, 0.000000, 1.000000
-3.8424, -11.6157, -6.1573, 239.5865, 261.5865, 11.6157, 206.2307, 11.5172, 84.1008, 21.2012, 0.998304, -0.057150, -0.011082, -0.011616, 0.057404, 0.998061, 0.024080, -0.006157, 0.009685, -0.024676, 0.999649, 0.239586, 0.000000, 0.000000, 0.000000, 1.000000, 0.009685, -0.024676, 0.999649, 0.261586, -0.998304, 0.057150, 0.011082, 0.011616, -0.057404, -0.998061, -0.024080, 0.206231, 0.000000, 0.000000, 0.000000, 1.000000, 0.999331, 0.035254, -0.009719, 0.011517, -0.010104, 0.010773, -0.999891, 0.084101, -0.035145, 0.999320, 0.011122, 0.021201, 0.000000, 0.000000, 0.000000, 1.000000
-3.5000, -11.8395, -6.4592, 240.5276, 262.5276, 11.8395, 206.5327, 11.3930, 83.7776, 21.4104, 0.998434, -0.055739, -0.004723, -0.011839, 0.055893, 0.997466, 0.044008, -0.006459, 0.002258, -0.044203, 0.999020, 0.240528, 0.000000, 0.000000, 0.000000, 1.000000, 0.002258, -0.044203, 0.999020, 0.262528, -0.998434, 0.055739, 0.004723, 0.011839, -0.055893, -0.997466, -0.044008, 0.206533, 0.000000, 0.000000, 0.000000, 1.000000, 0.999365, 0.035593, -0.001812, 0.011393, -0.002683, 0.024426, -0.999698, 0.083778, -0.035538, 0.999068, 0.024505, 0.021410, 0.000000, 0.000000, 0.000000, 1.000000
-3.0830, -12.0101, -6.7157, 241.9540, 263.9540, 12.0101, 206.7892, 11.3446, 83.1039, 21.7491, 0.998423, -0.053936, -0.015568, -0.012010, 0.054430, 0.997963, 0.033277, -0.006716, 0.013742, -0.034072, 0.999325, 0.241954, 0.000000, 0.000000, 0.000000, 1.000000, 0.013742, -0.034072, 0.999325, 0.263954, -0.998423, 0.053936, 0.015568, 0.012010, -0.054430, -0.997963, -0.033277, 0.206789, 0.000000, 0.000000, 0.000000, 1.000000, 0.999251, 0.036162, -0.013780, 0.011345, -0.014047, 0.007125, -0.999876, 0.083104, -0.036060, 0.999321, 0.007628, 0.021749, 0.000000, 0.000000, 0.000000, 1.000000
-2.8536, -12.1908, -6.8895, 242.7779, 264.7779, 12.1908, 206.9630, 11.2409, 82.6931, 21.9028, 0.998519, -0.053662, -0.008912, -0.012191, 0.053899, 0.998126, 0.028985, -0.006890, 0.007340, -0.029423, 0.999540, 0.242778, 0.000000, 0.000000, 0.000000, 1.000000, 0.007340, -0.029423, 0.999540, 0.264778, -0.998519, 0.053662, 0.008912, 0.012191, -0.053899, -0.998126, -0.028985, 0.206963, 0.000000, 0.000000, 0.000000, 1.000000, 0.999330, 0.035750, -0.007787, 0.011241, -0.007739, -0.001472, -0.999969, 0.082693, -0.035761, 0.999360, -0.001195, 0.021903, 0.000000, 0.000000, 0.000000, 1.000000
-2.5249, -12.3198, -7.2182, 243.5113, 265.5113, 12.3198, 207.2917, 11.2136, 82.5541, 22.0398, 0.998513, -0.052576, -0.014379, -0.012320, 0.053265, 0.997189, 0.052697, -0.007218, 0.011568, -0.053385, 0.998507, 0.243511, 0.000000, 0.000000, 0.000000, 1.000000, 0.011568, -0.053385, 0.998507, 0.265511, -0.998513, 0.052576, 0.014379, 0.012320, -0.053265, -0.997189, -0.052697, 0.207292, 0.000000, 0.000000, 0.000000, 1.000000, 0.999293, 0.035797, -0.011474, 0.011214, -0.012084, 0.016856, -0.999785, 0.082554, -0.035596, 0.999217, 0.017277, 0.022040, 0.000000, 0.000000, 0.000000, 1.000000
-2.1364, -12.4732, -7.5151, 244.5130, 266.5130, 12.4732, 207.5885, 11.1671, 82.2565, 22.2808, 0.998508, -0.051047, -0.019403, -0.012473, 0.052338, 0.995946, 0.073162, -0.007515, 0.015590, -0.074068, 0.997131, 0.244513, 0.000000, 0.000000, 0.000000, 1.000000, 0.015590, -0.074068, 0.997131, 0.266513, -0.998508, 0.051047, 0.019403, 0.012473, -0.052338, -0.995946, -0.073162, 0.207589, 0.000000, 0.000000, 0.000000, 1.000000, 0.999239, 0.036078, -0.014855, 0.011167, -0.015973, 0.030906, -0.999395, 0.082256, -0.035597, 0.998871, 0.031459, 0.022281, 0.000000, 0.000000, 0.000000, 1.000000
-1.7200, -12.7723, -7.8462, 246.0743, 268.0743, 12.7723, 207.9196, 11.0016, 81.4488, 22.5034, 0.998693, -0.049216, -0.013798, -0.012772, 0.050042, 0.996446, 0.067764, -0.007846, 0.010414, -0.068366, 0.997606, 0.246074, 0.000000, 0.000000, 0.000000, 1.000000, 0.010414, -0.068366, 0.997606, 0.268074, -0.998693, 0.049216, 0.013798, 0.012772, -0.050042, -0.996446, -0.067764, 0.207920, 0.000000, 0.000000, 0.000000, 1.000000, 0.999275, 0.036684, -0.010182, 0.011002, -0.010849, 0.018032, -0.999779, 0.081449, -0.036492, 0.999164, 0.018417, 0.022503, 0.000000, 0.000000, 0.000000, 1.000000
-1.3217, -12.9233, -8.1875, 247.0999, 269.0999, 12.9233, 208.2609, 10.9601, 81.1486, 22.6910, 0.998565, -0.047348, -0.025022, -0.012923, 0.049410, 0.994761, 0.089491, -0.008187, 0.020654, -0.090599, 0.995673, 0.247100, 0.000000, 0.000000, 0.000000, 1.000000, 0.020654, -0.090599, 0.995673, 0.269100, -0.998565, 0.047348, 0.025022, 0.012923, -0.049410, -0.994761, -0.089491, 0.208261, 0.000000, 0.000000, 0.000000, 1.000000, 0.999111, 0.037254, -0.019731, 0.010960, -0.020981, 0.033487, -0.999219, 0.081149, -0.036564, 0.998745, 0.034239, 0.022691, 0.000000, 0.000000, 0.000000, 1.000000
-0.9283, -13.2075, -8.4051, 248.3676, 270.3676, 13.2075, 208.4785, 10.8133, 80.5884, 22.9809, 0.998844, -0.046917, -0.010457, -0.013207, 0.047673, 0.994751, 0.090545, -0.008405, 0.006154, -0.090939, 0.995837, 0.248368, 0.000000, 0.000000, 0.000000, 1.000000, 0.006154, -0.090939, 0.995837, 0.270368, -0.998844, 0.046917, 0.010457, 0.013207, -0.047673, -0.994751, -0.090545, 0.208479, 0.000000, 0.000000, 0.000000, 1.000000, 0.999318, 0.036506, -0.005598, 0.010813, -0.006588, 0.027065, -0.999612, 0.080588, -0.036340, 0.998967, 0.027287, 0.022981, 0.000000, 0.000000, 0.000000, 1.000000
-0.6440, -13.3157, -8.6130, 249.1620, 271.1620, 13.3157, 208.6865, 10.7813, 80.3115, 23.1325, 0.998808, -0.045792, -0.016902, -0.013316, 0.047199, 0.994330, 0.095285, -0.008613, 0.012443, -0.095969, 0.995307, 0.249162, 0.000000, 0.000000, 0.000000, 1.000000, 0.012443, -0.095969, 0.995307, 0.271162, -0.998808, 0.045792, 0.016902, 0.013316, -0.047199, -0.994330, -0.095285, 0.208686, 0.000000, 0.000000, 0.000000, 1.000000, 0.999256, 0.036749, -0.011732, 0.010781, -0.012737, 0.027235, -0.999548, 0.080311, -0.036413, 0.998953, 0.027683, 0.023133, 0.000000, 0.000000, 0.000000, 1.000000
-0.1626, -13.5472, -8.9105, 250.5257, 272.5257, 13.5472, 208.9840, 10.6979, 79.8189, 23.4340, 0.998834, -0.043533, -0.020888, -0.013547, 0.045521, 0.993244, 0.106739, -0.008911, 0.016100, -0.107565, 0.994068, 0.250526, 0.000000, 0.000000, 0.000000, 1.000000, 0.016100, -0.107565, 0.994068, 0.272526, -0.998834, 0.043533, 0.020888, 0.013547, -0.045521, -0.993244, -0.106739, 0.208984, 0.000000, 0.000000, 0.000000, 1.000000, 0.999182, 0.037499, -0.015129, 0.010698, -0.016281, 0.030616, -0.999399, 0.079819, -0.037013, 0.998828, 0.031202, 0.023434, 0.000000, 0.000000, 0.000000, 1.000000
0.2744, -13.7940, -9.0999, 252.0891, 274.0891, 13.7940, 209.1734, 10.5928, 79.0411, 23.7495, 0.998816, -0.043151, -0.022473, -0.013794, 0.045141, 0.994236, 0.097246, -0.009100, 0.018147, -0.098145, 0.995007, 0.252089, 0.000000, 0.000000, 0.000000, 1.000000, 0.018147, -0.098145, 0.995007, 0.274089, -0.998816, 0.043151, 0.022473, 0.013794, -0.045141, -0.994236, -0.097246, 0.209173, 0.000000, 0.000000, 0.000000, 1.000000, 0.999170, 0.036616, -0.017824, 0.010593, -0.018334, 0.013639, -0.999739, 0.079041, -0.036364, 0.999236, 0.014299, 0.023750, 0.000000, 0.000000, 0.000000, 1.000000
0.6968, -14.0206, -9.4010, 253.3099, 275.3099, 14.0206, 209.4745, 10.5092, 78.5869, 23.9460, 0.998986, -0.040659, -0.019357, -0.014021, 0.042647, 0.992242, 0.116782, -0.009401, 0.014458, -0.117489, 0.992969, 0.253310, 0.000000, 0.000000, 0.000000, 1.000000, 0.014458, -0.117489, 0.992969, 0.275310, -0.998986, 0.040659, 0.019357, 0.014021, -0.042647, -0.992242, -0.116782, 0.209474, 0.000000, 0.000000, 0.000000, 1.000000, 0.999194, 0.037741, -0.013692, 0.010509, -0.014672, 0.025828, -0.999559, 0.078587, -0.037371, 0.998954, 0.026361, 0.023946, 0.000000, 0.000000, 0.000000, 1.000000
0.9620, -14.1689, -9.5683, 254.2200, 276.2199, 14.1689, 209.6417, 10.4305, 78.1606, 24.0714, 0.998966, -0.039882, -0.021817, -0.014169, 0.042238, 0.991747, 0.121055, -0.009568, 0.016809, -0.121852, 0.992406, 0.254220, 0.000000, 0.000000, 0.000000, 1.000000, 0.016809, -0.121852, 0.992406, 0.276220, -0.998966, 0.039882, 0.021817, 0.014169, -0.042238, -0.991747, -0.121055, 0.209642, 0.000000, 0.000000, 0.000000, 1.000000, 0.999163, 0.037691, -0.015875, 0.010431, -0.016850, 0.025669, -0.999528, 0.078161, -0.037266, 0.998960, 0.026283, 0.024071, 0.000000, 0.000000, 0.000000, 1.000000
1.2658, -14.2987, -9.7529, 254.7929, 276.7929, 14.2987, 209.8263, 10.3987, 78.1374, 24.2590, 0.999037, -0.039007, -0.020095, -0.014299, 0.041264, 0.990924, 0.127932, -0.009753, 0.014922, -0.128638, 0.991579, 0.254793, 0.000000, 0.000000, 0.000000, 1.000000, 0.014922, -0.128638, 0.991579, 0.276793, -0.999037, 0.039007, 0.020095, 0.014299, -0.041264, -0.990924, -0.127932, 0.209826, 0.000000, 0.000000, 0.000000, 1.000000, 0.999196, 0.037613, -0.013908, 0.010399, -0.014939, 0.027284, -0.999516, 0.078137, -0.037215, 0.998920, 0.027824, 0.024259, 0.000000, 0.000000, 0.000000, 1.000000
1.5965, -14.5341, -9.9005, 256.2006, 278.2006, 14.5341, 209.9740, 10.2643, 77.3276, 24.4355, 0.999106, -0.038950, -0.016451, -0.014534, 0.040713, 0.991230, 0.125718, -0.009901, 0.011410, -0.126275, 0.991930, 0.256201, 0.000000, 0.000000, 0.000000, 1.000000, 0.011410, -0.126275, 0.991930, 0.278201, -0.999106, 0.038950, 0.016451, 0.014534, -0.040713, -0.991230, -0.125718, 0.209974, 0.000000, 0.000000, 0.000000, 1.000000, 0.999270, 0.036689, -0.010662, 0.010264, -0.011373, 0.019223, -0.999751, 0.077328, -0.036475, 0.999142, 0.019626, 0.024435, 0.000000, 0.000000, 0.000000, 1.000000
2.0316, -14.7435, -10.1479, 257.4879, 279.4879, 14.7435, 210.2213, 10.1925, 76.8299, 24.6527, 0.999029, -0.036719, -0.024329, -0.014744, 0.039696, 0.989915, 0.135986, -0.010148, 0.019090, -0.136819, 0.990412, 0.257488, 0.000000, 0.000000, 0.000000, 1.000000, 0.019090, -0.136819, 0.990412, 0.279488, -0.999029, 0.036719, 0.024329, 0.014744, -0.039696, -0.989915, -0.135986, 0.210221, 0.000000, 0.000000, 0.000000, 1.000000, 0.999131, 0.037548, -0.018119, 0.010193, -0.018968, 0.022380, -0.999570, 0.076830, -0.037126, 0.999044, 0.023073, 0.024653, 0.000000, 0.000000, 0.000000, 1.000000
2.4847, -15.0112, -10.3954, 258.5898, 280.5897, 15.0112, 210.4689, 10.0707, 76.5484, 24.9074, 0.999159, -0.034116, -0.022740, -0.015011, 0.037267, 0.986923, 0.156824, -0.010395, 0.017093, -0.157540, 0.987365, 0.258590, 0.000000, 0.000000, 0.000000, 1.000000, 0.017093, -0.157540, 0.987365, 0.280590, -0.999159, 0.034116, 0.022740, 0.015011, -0.037267, -0.986923, -0.156824, 0.210469, 0.000000, 0.000000, 0.000000, 1.000000, 0.999134, 0.038651, -0.015405, 0.010071, -0.016781, 0.035535, -0.999228, 0.076548, -0.038073, 0.998621, 0.036153, 0.024907, 0.000000, 0.000000, 0.000000, 1.000000
2.7692, -15.1980, -10.4765, 259.8013, 281.8013, 15.1980, 210.5500, 9.9843, 75.8464, 25.0705, 0.999093, -0.033879, -0.025784, -0.015198, 0.037304, 0.988486, 0.146640, -0.010477, 0.020519, -0.147469, 0.988854, 0.259801, 0.000000, 0.000000, 0.000000, 1.000000, 0.020519, -0.147469, 0.988854, 0.281801, -0.999093, 0.033879, 0.025784, 0.015198, -0.037304, -0.988486, -0.146640, 0.210550, 0.000000, 0.000000, 0.000000, 1.000000, 0.999083, 0.038104, -0.019523, 0.009984, -0.020313, 0.020457, -0.999584, 0.075846, -0.037689, 0.999064, 0.021212, 0.025071, 0.000000, 0.000000, 0.000000, 1.000000
3.3653, -15.4935, -10.8125, 261.5619, 283.5619, 15.4935, 210.8859, 9.8632, 75.1741, 25.3175, 0.999124, -0.031496, -0.027559, -0.015493, 0.035494, 0.986602, 0.159237, -0.010812, 0.022175, -0.160075, 0.986856, 0.261562, 0.000000, 0.000000, 0.000000, 1.000000, 0.022175, -0.160075, 0.986856, 0.283562, -0.999124, 0.031496, 0.027559, 0.015493, -0.035494, -0.986602, -0.159237, 0.210886, 0.000000, 0.000000, 0.000000, 1.000000, 0.999039, 0.038607, -0.020737, 0.009863, -0.021635, 0.022975, -0.999502, 0.075174, -0.038111, 0.998990, 0.023788, 0.025318, 0.000000, 0.000000, 0.000000, 1.000000
3.8006, -15.7177, -10.9850, 262.4557, 284.4558, 15.7177, 211.0585, 9.7908, 75.0590, 25.6109, 0.998994, -0.029644, -0.033664, -0.015718, 0.034961, 0.984767, 0.170329, -0.010985, 0.028102, -0.171334, 0.984812, 0.262456, 0.000000, 0.000000, 0.000000, 1.000000, 0.028102, -0.171334, 0.984812, 0.284456, -0.998994, 0.029644, 0.033664, 0.015718, -0.034961, -0.984767, -0.170329, 0.211058, 0.000000, 0.000000, 0.000000, 1.000000, 0.998884, 0.039076, -0.026547, 0.009791, -0.027609, 0.026905, -0.999257, 0.075059, -0.038333, 0.998874, 0.027953, 0.025611, 0.000000, 0.000000, 0.000000, 1.000000
4.1711, -15.9830, -11.1185, 263.9863, 285.9863, 15.9830, 211.1919, 9.6390, 74.2003, 25.7567, 0.999119, -0.027623, -0.031586, -0.015983, 0.032654, 0.984581, 0.171852, -0.011118, 0.026352, -0.172732, 0.984616, 0.263986, 0.000000, 0.000000, 0.000000, 1.000000, 0.026352, -0.172732, 0.984616, 0.285986, -0.999119, 0.027623, 0.031586, 0.015983, -0.032654, -0.984581, -0.171852, 0.211192, 0.000000, 0.000000, 0.000000, 1.000000, 0.998897, 0.039971, -0.024622, 0.009639, -0.025514, 0.021962, -0.999433, 0.074200, -0.039408, 0.998959, 0.022957, 0.025757, 0.000000, 0.000000, 0.000000, 1.000000
4.4435, -16.1555, -11.2701, 264.9384, 286.9384, 16.1555, 211.3436, 9.5471, 73.7494, 25.8269, 0.999311, -0.026435, -0.026056, -0.016155, 0.030766, 0.982629, 0.183013, -0.011270, 0.020765, -0.183688, 0.982765, 0.264938, 0.000000, 0.000000, 0.000000, 1.000000, 0.020765, -0.183688, 0.982765, 0.286938, -0.999311, 0.026435, 0.026056, 0.016155, -0.030766, -0.982629, -0.183013, 0.211344, 0.000000, 0.000000, 0.000000, 1.000000, 0.999018, 0.040257, -0.018531, 0.009547, -0.019683, 0.028414, -0.999402, 0.073749, -0.039707, 0.998785, 0.029178, 0.025827, 0.000000, 0.000000, 0.000000, 1.000000
4.9654, -16.4092, -11.4387, 266.4167, 288.4167, 16.4092, 211.5121, 9.4628, 73.2093, 26.1146, 0.999212, -0.025062, -0.030791, -0.016409, 0.030487, 0.981166, 0.190743, -0.011439, 0.025431, -0.191531, 0.981157, 0.266417, 0.000000, 0.000000, 0.000000, 1.000000, 0.025431, -0.191531, 0.981157, 0.288417, -0.999212, 0.025062, 0.030791, 0.016409, -0.030487, -0.981166, -0.190743, 0.211512, 0.000000, 0.000000, 0.000000, 1.000000, 0.998931, 0.040000, -0.023173, 0.009463, -0.024281, 0.027432, -0.999329, 0.073209, -0.039337, 0.998823, 0.028374, 0.026115, 0.000000, 0.000000, 0.000000, 1.000000
5.2082, -16.5592, -11.5181, 267.1548, 289.1548, 16.5592, 211.5916, 9.3971, 72.9079, 26.2347, 0.999351, -0.023924, -0.026921, -0.016559, 0.028779, 0.979868, 0.197560, -0.011518, 0.021653, -0.198207, 0.979921, 0.267155, 0.000000, 0.000000, 0.000000, 1.000000, 0.021653, -0.198207, 0.979921, 0.289155, -0.999351, 0.023924, 0.026921, 0.016559, -0.028779, -0.979868, -0.197560, 0.211592, 0.000000, 0.000000, 0.000000, 1.000000, 0.999002, 0.040358, -0.019151, 0.009397, -0.020372, 0.030062, -0.999340, 0.072908, -0.039756, 0.998733, 0.030854, 0.026235, 0.000000, 0.000000, 0.000000, 1.000000
5.6274, -16.7901, -11.6473, 268.4959, 290.4959, 16.7901, 211.7207, 9.2993, 72.3232, 26.4263, 0.999307, -0.022990, -0.029267, -0.016790, 0.028383, 0.979433, 0.199765, -0.011647, 0.024073, -0.200457, 0.979407, 0.268496, 0.000000, 0.000000, 0.000000, 1.000000, 0.024073, -0.200457, 0.979407, 0.290496, -0.999307, 0.022990, 0.029267, 0.016790, -0.028383, -0.979433, -0.199765, 0.211721, 0.000000, 0.000000, 0.000000, 1.000000, 0.998964, 0.040014, -0.021675, 0.009299, -0.022693, 0.025157, -0.999426, 0.072323, -0.039445, 0.998882, 0.026039, 0.026426, 0.000000, 0.000000, 0.000000, 1.000000
5.9704, -16.9877, -11.7333, 269.5341, 291.5341, 16.9877, 211.8067, 9.2066, 71.9010, 26.6032, 0.999278, -0.020789, -0.031797, -0.016988, 0.026935, 0.977950, 0.207094, -0.011733, 0.026790, -0.207801, 0.977804, 0.269534, 0.000000, 0.000000, 0.000000, 1.000000, 0.026790, -0.207801, 0.977804, 0.291534, -0.999278, 0.020789, 0.031797, 0.016988, -0.026935, -0.977950, -0.207094, 0.211807, 0.000000, 0.000000, 0.000000, 1.000000, 0.998868, 0.041122, -0.023925, 0.009207, -0.025038, 0.026771, -0.999328, 0.071901, -0.040454, 0.998795, 0.027770, 0.026603, 0.000000, 0.000000, 0.000000, 1.000000
6.1860, -17.1335, -11.8433, 270.1646, 292.1645, 17.1335, 211.9167, 9.1264, 71.6673, 26.6604, 0.999394, -0.021190, -0.027608, -0.017134, 0.026667, 0.975976, 0.216239, -0.011843, 0.022363, -0.216844, 0.975950, 0.270165, 0.000000, 0.000000, 0.000000, 1.000000, 0.022363, -0.216844, 0.975950, 0.292165, -0.999394, 0.021190, 0.027608, 0.017134, -0.026667, -0.975976, -0.216239, 0.211917, 0.000000, 0.000000, 0.000000, 1.000000, 0.999013, 0.040000, -0.019335, 0.009126, -0.020634, 0.032317, -0.999265, 0.071667, -0.039346, 0.998677, 0.033110, 0.026660, 0.000000, 0.000000, 0.000000, 1.000000
6.5705, -17.3375, -11.9466, 271.2018, 293.2018, 17.3375, 212.0200, 9.0576, 71.3188, 26.8588, 0.999438, -0.019718, -0.027117, -0.017338, 0.025198, 0.975286, 0.219506, -0.011947, 0.022119, -0.220066, 0.975234, 0.271202, 0.000000, 0.000000, 0.000000, 1.000000, 0.022119, -0.220066, 0.975234, 0.293202, -0.999438, 0.019718, 0.027117, 0.017338, -0.025198, -0.975286, -0.219506, 0.212020, 0.000000, 0.000000, 0.000000, 1.000000, 0.999005, 0.040295, -0.019113, 0.009058, -0.020290, 0.029008, -0.999373, 0.071319, -0.039715, 0.998767, 0.029797, 0.026859, 0.000000, 0.000000, 0.000000, 1.000000
6.7733, -17.5175, -11.9892, 272.0671, 294.0671, 17.5175, 212.0626, 8.9365, 70.8219, 26.9136, 0.999453, -0.020719, -0.025794, -0.017517, 0.025964, 0.974396, 0.223333, -0.011989, 0.020507, -0.223880, 0.974401, 0.272067, 0.000000, 0.000000, 0.000000, 1.000000, 0.020507, -0.223880, 0.974401, 0.294067, -0.999453, 0.020719, 0.025794, 0.017517, -0.025964, -0.974396, -0.223333, 0.212063, 0.000000, 0.000000, 0.000000, 1.000000, 0.999097, 0.038652, -0.017644, 0.008936, -0.018788, 0.029435, -0.999390, 0.070822, -0.038109, 0.998819, 0.030134, 0.026914, 0.000000, 0.000000, 0.000000, 1.000000
7.1539, -17.6651, -12.0693, 273.1667, 295.1667, 17.6651, 212.1428, 8.9204, 70.4036, 27.0967, 0.999511, -0.018817, -0.024990, -0.017665, 0.024031, 0.973296, 0.228291, -0.012069, 0.020027, -0.228779, 0.973272, 0.273167, 0.000000, 0.000000, 0.000000, 1.000000, 0.020027, -0.228779, 0.973272, 0.295167, -0.999511, 0.018817, 0.024990, 0.017665, -0.024031, -0.973296, -0.228291, 0.212143, 0.000000, 0.000000, 0.000000, 1.000000, 0.999080, 0.039376, -0.016975, 0.008920, -0.018081, 0.027922, -0.999447, 0.070404, -0.038880, 0.998834, 0.028609, 0.027097, 0.000000, 0.000000, 0.000000, 1.000000
7.5028, -17.9376, -12.0982, 274.2396, 296.2396, 17.9376, 212.1717, 8.7524, 69.9492, 27.2948, 0.999611, -0.016401, -0.022546, -0.017938, 0.021241, 0.971813, 0.234794, -0.012098, 0.018059, -0.235182, 0.971784, 0.274240, 0.000000, 0.000000, 0.000000, 1.000000, 0.018059, -0.235182, 0.971784, 0.296240, -0.999611, 0.016401, 0.022546, 0.017938, -0.021241, -0.971813, -0.234794, 0.212172, 0.000000, 0.000000, 0.000000, 1.000000, 0.999070, 0.040684, -0.014280, 0.008752, -0.015448, 0.028520, -0.999474, 0.069949, -0.040255, 0.998765, 0.029122, 0.027295, 0.000000, 0.000000, 0.000000, 1.000000
7.7126, -18.0617, -12.1906, 275.2033, 297.2033, 18.0617, 212.2641, 8.6896, 69.3803, 27.2667, 0.999491, -0.015947, -0.027615, -0.018062, 0.022015, 0.971564, 0.235750, -0.012191, 0.023070, -0.236238, 0.971421, 0.275203, 0.000000, 0.000000, 0.000000, 1.000000, 0.023070, -0.236238, 0.971421, 0.297203, -0.999491, 0.015947, 0.027615, 0.018062, -0.022015, -0.971564, -0.235750, 0.212264, 0.000000, 0.000000, 0.000000, 1.000000, 0.998991, 0.040498, -0.019429, 0.008690, -0.020492, 0.026004, -0.999452, 0.069380, -0.039971, 0.998841, 0.026807, 0.027267, 0.000000, 0.000000, 0.000000, 1.000000
8.3013, -18.3214, -12.2506, 276.7312, 298.7312, 18.3214, 212.3240, 8.6275, 68.8928, 27.6073, 0.999500, -0.014994, -0.027852, -0.018321, 0.021337, 0.969618, 0.243693, -0.012251, 0.023351, -0.244165, 0.969453, 0.276731, 0.000000, 0.000000, 0.000000, 1.000000, 0.023351, -0.244165, 0.969453, 0.298731, -0.999500, 0.014994, 0.027852, 0.018321, -0.021337, -0.969618, -0.243693, 0.212324, 0.000000, 0.000000, 0.000000, 1.000000, 0.999020, 0.039616, -0.019736, 0.008628, -0.020699, 0.024053, -0.999496, 0.068893, -0.039121, 0.998925, 0.024850, 0.027607, 0.000000, 0.000000, 0.000000, 1.000000
8.6706, -18.5636, -12.3270, 277.7237, 299.7237, 18.5636, 212.4004, 8.5072, 68.5624, 27.7694, 0.999601, -0.013737, -0.024684, -0.018564, 0.019488, 0.967916, 0.250516, -0.012327, 0.020450, -0.250897, 0.967798, 0.277724, 0.000000, 0.000000, 0.000000, 1.000000, 0.020450, -0.250897, 0.967798, 0.299724, -0.999601, 0.013737, 0.024684, 0.018564, -0.019488, -0.967916, -0.250516, 0.212400, 0.000000, 0.000000, 0.000000, 1.000000, 0.999075, 0.039707, -0.016528, 0.008507, -0.017516, 0.024655, -0.999543, 0.068562, -0.039281, 0.998907, 0.025328, 0.027769, 0.000000, 0.000000, 0.000000, 1.000000
