# Joint_A_Angle(deg), Cam_X(mm), Cam_Y(mm), Cam_Z(mm), Torso_X(mm), Torso_Y(mm), Torso_Z(mm), EE_X(mm), EE_Y(mm), EE_Z(mm), T_cam2marker_flat(16), T_torso2marker_flat(16), T_ee2marker_flat(16)
-14.9904, -49.2826, -75.3332, 326.2194, 395.2194, 58.2826, 332.4066, 29.3578, -27.8001, -56.2494, 0.337013, 0.923663, -0.182395, -0.049283, -0.941302, 0.334529, -0.045171, -0.075333, 0.019294, 0.186912, 0.982187, 0.326219, 0.000000, 0.000000, 0.000000, 1.000000, 0.019294, 0.186912, 0.982187, 0.395219, -0.337013, -0.923663, 0.182395, 0.058283, 0.941302, -0.334529, 0.045171, 0.332407, 0.000000, 0.000000, 0.000000, 1.000000, -0.995537, 0.001674, 0.094354, 0.029358, 0.093790, -0.093019, 0.991237, -0.027800, 0.010436, 0.995663, 0.092447, -0.056249, 0.000000, 0.000000, 0.000000, 1.000000
-14.9499, -49.3121, -75.2217, 325.9360, 394.9360, 58.3121, 332.2952, 29.3220, -28.1162, -56.3283, 0.334984, 0.925011, -0.179276, -0.049312, -0.941794, 0.334460, -0.034063, -0.075222, 0.028452, 0.180252, 0.983209, 0.325936, 0.000000, 0.000000, 0.000000, 1.000000, 0.028452, 0.180252, 0.983209, 0.394936, -0.334984, -0.925011, 0.179276, 0.058312, 0.941794, -0.334460, 0.034063, 0.332295, 0.000000, 0.000000, 0.000000, 1.000000, -0.994595, 0.001319, 0.103825, 0.029322, 0.103179, -0.099534, 0.989670, -0.028116, 0.011639, 0.995033, 0.098860, -0.056328, 0.000000, 0.000000, 0.000000, 1.000000
-14.7754, -49.5065, -74.9561, 326.4592, 395.4592, 58.5065, 332.0296, 29.1201, -27.7551, -56.3152, 0.337459, 0.923731, -0.181224, -0.049507, -0.941294, 0.333032, -0.055269, -0.074956, 0.009300, 0.189236, 0.981888, 0.326459, 0.000000, 0.000000, 0.000000, 1.000000, 0.009300, 0.189236, 0.981888, 0.395459, -0.337459, -0.923731, 0.181224, 0.058507, 0.941294, -0.333032, 0.055269, 0.332030, 0.000000, 0.000000, 0.000000, 1.000000, -0.996366, 0.004016, 0.085083, 0.029120, 0.084382, -0.089658, 0.992392, -0.027755, 0.011614, 0.995965, 0.088993, -0.056315, 0.000000, 0.000000, 0.000000, 1.000000
-14.6658, -49.6889, -74.6357, 326.4616, 395.4616, 58.6890, 331.7091, 29.1336, -27.8520, -56.4039, 0.336048, 0.925081, -0.176906, -0.049689, -0.941815, 0.331538, -0.055369, -0.074636, 0.007430, 0.185220, 0.982669, 0.326462, 0.000000, 0.000000, 0.000000, 1.000000, 0.007430, 0.185220, 0.982669, 0.395462, -0.336048, -0.925081, 0.176906, 0.058689, 0.941815, -0.331538, 0.055369, 0.331709, 0.000000, 0.000000, 0.000000, 1.000000, -0.996473, 0.003682, 0.083832, 0.029134, 0.083126, -0.093114, 0.992179, -0.027852, 0.011459, 0.995649, 0.092479, -0.056404, 0.000000, 0.000000, 0.000000, 1.000000
-14.4402, -50.0205, -73.8464, 326.3808, 395.3808, 59.0205, 330.9198, 29.2597, -28.1668, -56.5317, 0.328475, 0.928180, -0.174890, -0.050021, -0.944245, 0.327110, -0.037418, -0.073846, 0.022478, 0.177430, 0.983877, 0.326381, 0.000000, 0.000000, 0.000000, 1.000000, 0.022478, 0.177430, 0.983877, 0.395381, -0.328475, -0.928180, 0.174890, 0.059021, 0.944245, -0.327110, 0.037418, 0.330920, 0.000000, 0.000000, 0.000000, 1.000000, -0.994919, 0.001641, 0.100665, 0.029260, 0.100001, -0.099623, 0.989987, -0.028167, 0.011653, 0.995024, 0.098953, -0.056532, 0.000000, 0.000000, 0.000000, 1.000000
-14.1763, -50.4442, -73.3023, 326.8597, 395.8597, 59.4442, 330.3758, 29.1077, -27.9149, -56.6778, 0.326644, 0.930283, -0.166968, -0.050444, -0.944985, 0.324731, -0.039419, -0.073302, 0.017549, 0.170658, 0.985174, 0.326860, 0.000000, 0.000000, 0.000000, 1.000000, 0.017549, 0.170658, 0.985174, 0.395860, -0.326644, -0.930283, 0.166968, 0.059444, 0.944985, -0.324731, 0.039419, 0.330376, 0.000000, 0.000000, 0.000000, 1.000000, -0.995285, 0.002569, 0.096955, 0.029108, 0.096150, -0.105099, 0.989803, -0.027915, 0.012733, 0.994458, 0.104357, -0.056678, 0.000000, 0.000000, 0.000000, 1.000000
-13.9115, -50.7031, -72.4728, 326.6958, 395.6958, 59.7031, 329.5462, 29.1136, -28.3654, -56.7648, 0.322079, 0.931083, -0.171318, -0.050703, -0.946557, 0.319997, -0.040403, -0.072473, 0.017203, 0.175175, 0.984387, 0.326696, 0.000000, 0.000000, 0.000000, 1.000000, 0.017203, 0.175175, 0.984387, 0.395696, -0.322079, -0.931083, 0.171318, 0.059703, 0.946557, -0.319997, 0.040403, 0.329546, 0.000000, 0.000000, 0.000000, 1.000000, -0.995163, 0.002632, 0.098201, 0.029114, 0.097459, -0.099057, 0.990298, -0.028365, 0.012334, 0.995078, 0.098322, -0.056765, 0.000000, 0.000000, 0.000000, 1.000000
-13.7721, -50.8525, -72.0869, 326.9003, 395.9003, 59.8525, 329.1604, 29.0958, -28.3121, -56.7606, 0.321566, 0.929688, -0.179652, -0.050853, -0.946867, 0.316948, -0.054646, -0.072087, 0.006136, 0.187679, 0.982211, 0.326900, 0.000000, 0.000000, 0.000000, 1.000000, 0.006136, 0.187679, 0.982211, 0.395900, -0.321566, -0.929688, 0.179652, 0.059853, 0.946867, -0.316948, 0.054646, 0.329160, 0.000000, 0.000000, 0.000000, 1.000000, -0.996130, 0.003569, 0.087820, 0.029096, 0.087193, -0.085656, 0.992502, -0.028312, 0.011064, 0.996318, 0.085014, -0.056761, 0.000000, 0.000000, 0.000000, 1.000000
-13.5158, -51.3092, -71.5060, 327.4510, 396.4510, 60.3092, 328.5794, 29.0183, -27.9843, -56.9133, 0.320449, 0.932842, -0.164675, -0.051309, -0.947257, 0.314827, -0.059898, -0.071506, -0.004031, 0.175183, 0.984528, 0.327451, 0.000000, 0.000000, 0.000000, 1.000000, -0.004031, 0.175183, 0.984528, 0.396451, -0.320449, -0.932842, 0.164675, 0.060309, 0.947257, -0.314827, 0.059898, 0.328579, 0.000000, 0.000000, 0.000000, 1.000000, -0.996883, 0.003794, 0.078805, 0.029018, 0.078067, -0.096938, 0.992224, -0.027984, 0.011404, 0.995283, 0.096339, -0.056913, 0.000000, 0.000000, 0.000000, 1.000000
-13.2606, -51.5260, -70.6373, 326.8319, 395.8319, 60.5260, 327.7108, 29.0380, -28.8812, -57.0783, 0.310344, 0.935389, -0.169509, -0.051526, -0.950298, 0.309934, -0.029564, -0.070637, 0.024882, 0.170260, 0.985085, 0.326832, 0.000000, 0.000000, 0.000000, 1.000000, 0.024882, 0.170260, 0.985085, 0.395832, -0.310344, -0.935389, 0.169509, 0.060526, 0.950298, -0.309934, 0.029564, 0.327711, 0.000000, 0.000000, 0.000000, 1.000000, -0.993960, 0.002203, 0.109719, 0.029038, 0.108945, -0.100364, 0.988968, -0.028881, 0.013191, 0.994948, 0.099518, -0.057078, 0.000000, 0.000000, 0.000000, 1.000000
-12.9893, -51.9951, -69.9284, 327.6806, 396.6806, 60.9951, 327.0018, 29.0605, -28.2986, -57.1361, 0.309886, 0.935265, -0.171024, -0.051995, -0.950760, 0.305797, -0.050438, -0.069928, 0.005126, 0.178233, 0.983975, 0.327681, 0.000000, 0.000000, 0.000000, 1.000000, 0.005126, 0.178233, 0.983975, 0.396681, -0.309886, -0.935265, 0.171024, 0.060995, 0.950760, -0.305797, 0.050438, 0.327002, 0.000000, 0.000000, 0.000000, 1.000000, -0.995828, 0.003548, 0.091178, 0.029061, 0.090480, -0.090858, 0.991745, -0.028299, 0.011803, 0.995858, 0.090158, -0.057136, 0.000000, 0.000000, 0.000000, 1.000000
-12.7154, -52.3432, -69.2346, 327.6422, 396.6421, 61.3432, 326.3080, 28.9446, -28.5960, -57.3280, 0.305614, 0.938116, -0.162908, -0.052343, -0.952134, 0.302239, -0.045736, -0.069235, 0.006331, 0.169088, 0.985581, 0.327642, 0.000000, 0.000000, 0.000000, 1.000000, 0.006331, 0.169088, 0.985581, 0.396642, -0.305614, -0.938116, 0.162908, 0.061343, 0.952134, -0.302239, 0.045736, 0.326308, 0.000000, 0.000000, 0.000000, 1.000000, -0.995574, 0.003067, 0.093933, 0.028945, 0.093176, -0.098543, 0.990761, -0.028596, 0.012295, 0.995128, 0.097821, -0.057328, 0.000000, 0.000000, 0.000000, 1.000000
-12.3876, -52.8051, -68.2828, 328.0659, 397.0660, 61.8051, 325.3563, 28.9742, -28.5102, -57.4455, 0.299742, 0.940024, -0.162818, -0.052805, -0.954006, 0.296283, -0.045713, -0.068283, 0.005269, 0.169032, 0.985596, 0.328066, 0.000000, 0.000000, 0.000000, 1.000000, 0.005269, 0.169032, 0.985596, 0.397066, -0.299742, -0.940024, 0.162818, 0.061805, 0.954006, -0.296283, 0.045713, 0.325356, 0.000000, 0.000000, 0.000000, 1.000000, -0.995489, 0.002304, 0.094853, 0.028974, 0.094187, -0.096668, 0.990850, -0.028510, 0.011453, 0.995314, 0.096015, -0.057445, 0.000000, 0.000000, 0.000000, 1.000000
-12.1720, -52.9987, -67.7470, 328.1955, 397.1955, 61.9987, 324.8204, 28.8607, -28.6078, -57.4883, 0.294210, 0.939944, -0.173046, -0.052999, -0.955637, 0.291980, -0.038796, -0.067747, 0.014059, 0.176783, 0.984149, 0.328195, 0.000000, 0.000000, 0.000000, 1.000000, 0.014059, 0.176783, 0.984149, 0.397195, -0.294210, -0.939944, 0.173046, 0.061999, 0.955637, -0.291980, 0.038796, 0.324820, 0.000000, 0.000000, 0.000000, 1.000000, -0.994466, 0.002549, 0.105029, 0.028861, 0.104404, -0.087586, 0.990671, -0.028608, 0.011724, 0.996154, 0.086836, -0.057488, 0.000000, 0.000000, 0.000000, 1.000000
-11.8724, -53.4257, -66.8518, 328.5709, 397.5709, 62.4257, 323.9253, 28.9115, -28.5453, -57.6054, 0.291338, 0.941864, -0.167374, -0.053426, -0.956600, 0.287965, -0.044632, -0.066852, 0.006160, 0.173113, 0.984883, 0.328571, 0.000000, 0.000000, 0.000000, 1.000000, 0.006160, 0.173113, 0.984883, 0.397571, -0.291338, -0.941864, 0.167374, 0.062426, 0.956600, -0.287965, 0.044632, 0.323925, 0.000000, 0.000000, 0.000000, 1.000000, -0.995120, 0.002831, 0.098628, 0.028911, 0.097980, -0.089617, 0.991145, -0.028545, 0.011645, 0.995972, 0.088902, -0.057605, 0.000000, 0.000000, 0.000000, 1.000000
-11.6120, -53.7181, -66.1731, 328.4468, 397.4468, 62.7181, 323.2466, 28.7951, -28.9257, -57.7819, 0.284730, 0.944318, -0.164902, -0.053718, -0.958482, 0.283233, -0.033033, -0.066173, 0.015512, 0.167461, 0.985757, 0.328447, 0.000000, 0.000000, 0.000000, 1.000000, 0.015512, 0.167461, 0.985757, 0.397447, -0.284730, -0.944318, 0.164902, 0.062718, 0.958482, -0.283233, 0.033033, 0.323247, 0.000000, 0.000000, 0.000000, 1.000000, -0.993966, 0.001429, 0.109677, 0.028795, 0.109062, -0.093716, 0.989607, -0.028926, 0.011693, 0.995598, 0.092995, -0.057782, 0.000000, 0.000000, 0.000000, 1.000000
-11.4103, -53.9962, -65.6620, 328.9850, 397.9849, 62.9962, 322.7355, 28.7654, -28.5967, -57.8085, 0.286684, 0.945148, -0.156550, -0.053996, -0.958003, 0.281702, -0.053619, -0.065662, -0.006578, 0.165347, 0.986214, 0.328985, 0.000000, 0.000000, 0.000000, 1.000000, -0.006578, 0.165347, 0.986214, 0.397985, -0.286684, -0.945148, 0.156550, 0.062996, 0.958003, -0.281702, 0.053619, 0.322735, 0.000000, 0.000000, 0.000000, 1.000000, -0.996096, 0.002898, 0.088224, 0.028765, 0.087553, -0.094830, 0.991636, -0.028597, 0.011240, 0.995489, 0.094206, -0.057808, 0.000000, 0.000000, 0.000000, 1.000000
-11.1427, -54.3240, -64.8380, 329.2201, 398.2201, 63.3240, 321.9114, 28.8065, -28.6548, -57.8942, 0.279038, 0.946458, -0.162340, -0.054324, -0.960241, 0.276542, -0.038238, -0.064838, 0.008703, 0.166556, 0.985994, 0.329220, 0.000000, 0.000000, 0.000000, 1.000000, 0.008703, 0.166556, 0.985994, 0.398220, -0.279038, -0.946458, 0.162340, 0.063324, 0.960241, -0.276542, 0.038238, 0.321911, 0.000000, 0.000000, 0.000000, 1.000000, -0.994440, 0.002188, 0.105286, 0.028806, 0.104640, -0.091978, 0.990248, -0.028655, 0.011850, 0.995759, 0.091237, -0.057894, 0.000000, 0.000000, 0.000000, 1.000000
-10.7923, -54.8232, -63.8318, 329.6875, 398.6875, 63.8232, 320.9052, 28.8261, -28.5504, -58.0564, 0.279549, 0.948284, -0.150368, -0.054823, -0.959896, 0.272560, -0.065662, -0.063832, -0.021282, 0.162693, 0.986447, 0.329687, 0.000000, 0.000000, 0.000000, 1.000000, -0.021282, 0.162693, 0.986447, 0.398687, -0.279549, -0.948284, 0.150368, 0.063823, 0.959896, -0.272560, 0.065662, 0.320905, 0.000000, 0.000000, 0.000000, 1.000000, -0.997048, 0.003348, 0.076708, 0.028826, 0.076056, -0.093958, 0.992667, -0.028550, 0.010531, 0.995571, 0.093426, -0.058056, 0.000000, 0.000000, 0.000000, 1.000000
-10.5079, -55.1680, -63.1746, 330.0054, 399.0054, 64.1680, 320.2480, 28.6661, -28.5114, -58.1930, 0.272643, 0.950892, -0.146529, -0.055168, -0.962075, 0.268057, -0.050571, -0.063175, -0.008810, 0.154760, 0.987913, 0.330005, 0.000000, 0.000000, 0.000000, 1.000000, -0.008810, 0.154760, 0.987913, 0.399005, -0.272643, -0.950892, 0.146529, 0.064168, 0.962075, -0.268057, 0.050571, 0.320248, 0.000000, 0.000000, 0.000000, 1.000000, -0.995854, 0.002279, 0.090940, 0.028666, 0.090255, -0.100222, 0.990863, -0.028511, 0.011372, 0.994962, 0.099601, -0.058193, 0.000000, 0.000000, 0.000000, 1.000000
-10.3565, -55.2748, -62.7485, 329.6640, 398.6640, 64.2748, 319.8219, 28.5802, -29.0123, -58.3045, 0.268780, 0.951101, -0.152198, -0.055275, -0.963198, 0.264990, -0.045051, -0.062748, -0.002517, 0.158706, 0.987323, 0.329664, 0.000000, 0.000000, 0.000000, 1.000000, -0.002517, 0.158706, 0.987323, 0.398664, -0.268780, -0.951101, 0.152198, 0.064275, 0.963198, -0.264990, 0.045051, 0.319822, 0.000000, 0.000000, 0.000000, 1.000000, -0.995165, 0.002210, 0.098189, 0.028580, 0.097532, -0.095327, 0.990657, -0.029012, 0.011550, 0.995444, 0.094650, -0.058305, 0.000000, 0.000000, 0.000000, 1.000000
-10.0926, -55.6554, -61.8965, 330.0044, 399.0044, 64.6554, 318.9699, 28.6832, -28.9602, -58.4213, 0.260420, 0.953207, -0.153550, -0.055655, -0.965428, 0.258970, -0.029722, -0.061896, 0.011434, 0.155981, 0.987694, 0.330004, 0.000000, 0.000000, 0.000000, 1.000000, 0.011434, 0.155981, 0.987694, 0.399004, -0.260420, -0.953207, 0.153550, 0.064655, 0.965428, -0.258970, 0.029722, 0.318970, 0.000000, 0.000000, 0.000000, 1.000000, -0.993485, 0.000008, 0.113966, 0.028683, 0.113435, -0.096300, 0.988867, -0.028960, 0.010982, 0.995352, 0.095672, -0.058421, 0.000000, 0.000000, 0.000000, 1.000000
-9.8888, -55.9770, -61.2960, 330.6040, 399.6040, 64.9770, 318.3694, 28.7488, -28.5810, -58.4710, 0.267458, 0.953203, -0.140959, -0.055977, -0.962991, 0.259355, -0.073368, -0.061296, -0.033376, 0.155365, 0.987293, 0.330604, 0.000000, 0.000000, 0.000000, 1.000000, -0.033376, 0.155365, 0.987293, 0.399604, -0.267458, -0.953203, 0.140959, 0.064977, 0.962991, -0.259355, 0.073368, 0.318369, 0.000000, 0.000000, 0.000000, 1.000000, -0.997589, 0.003717, 0.069305, 0.028749, 0.068629, -0.096094, 0.993003, -0.028581, 0.010350, 0.995365, 0.095608, -0.058471, 0.000000, 0.000000, 0.000000, 1.000000
-9.4656, -56.3425, -60.1503, 330.6133, 399.6133, 65.3425, 317.2238, 28.5787, -29.0325, -58.6293, 0.257058, 0.955708, -0.143327, -0.056343, -0.966260, 0.251691, -0.054715, -0.060150, -0.016217, 0.152556, 0.988162, 0.330613, 0.000000, 0.000000, 0.000000, 1.000000, -0.016217, 0.152556, 0.988162, 0.399613, -0.257058, -0.955708, 0.143327, 0.065343, 0.966260, -0.251691, 0.054715, 0.317224, 0.000000, 0.000000, 0.000000, 1.000000, -0.996022, 0.002476, 0.089077, 0.028579, 0.088425, -0.096288, 0.991418, -0.029032, 0.011032, 0.995350, 0.095686, -0.058629, 0.000000, 0.000000, 0.000000, 1.000000
-9.1602, -56.6858, -59.3202, 330.9121, 399.9121, 65.6858, 316.3936, 28.5095, -29.0612, -58.7501, 0.255155, 0.956662, -0.140330, -0.056686, -0.966507, 0.248216, -0.065207, -0.059320, -0.027549, 0.152268, 0.987955, 0.330912, 0.000000, 0.000000, 0.000000, 1.000000, -0.027549, 0.152268, 0.987955, 0.399912, -0.255155, -0.956662, 0.140330, 0.065686, 0.966507, -0.248216, 0.065207, 0.316394, 0.000000, 0.000000, 0.000000, 1.000000, -0.996862, 0.003962, 0.079056, 0.028510, 0.078325, -0.094906, 0.992400, -0.029061, 0.011435, 0.995478, 0.094298, -0.058750, 0.000000, 0.000000, 0.000000, 1.000000
-8.8687, -57.0143, -58.4664, 331.0255, 400.0255, 66.0143, 315.5398, 28.4835, -29.2647, -58.8984, 0.241530, 0.957781, -0.155946, -0.057014, -0.970381, 0.239182, -0.033934, -0.058466, 0.004798, 0.159524, 0.987182, 0.331025, 0.000000, 0.000000, 0.000000, 1.000000, 0.004798, 0.159524, 0.987182, 0.400025, -0.241530, -0.957781, 0.155946, 0.066014, 0.970381, -0.239182, 0.033934, 0.315540, 0.000000, 0.000000, 0.000000, 1.000000, -0.993500, 0.000648, 0.113827, 0.028484, 0.113356, -0.085432, 0.989875, -0.029265, 0.010366, 0.996344, 0.084804, -0.058898, 0.000000, 0.000000, 0.000000, 1.000000
-8.7142, -57.2568, -57.9506, 331.4802, 400.4802, 66.2568, 315.0240, 28.5901, -28.9885, -58.9338, 0.241543, 0.958961, -0.148498, -0.057257, -0.970365, 0.237582, -0.044130, -0.057951, -0.007038, 0.154756, 0.987928, 0.331480, 0.000000, 0.000000, 0.000000, 1.000000, -0.007038, 0.154756, 0.987928, 0.400480, -0.241543, -0.958961, 0.148498, 0.066257, 0.970365, -0.237582, 0.044130, 0.315024, 0.000000, 0.000000, 0.000000, 1.000000, -0.994720, 0.000874, 0.102623, 0.028590, 0.102135, -0.089359, 0.990749, -0.028988, 0.010036, 0.995999, 0.088798, -0.058934, 0.000000, 0.000000, 0.000000, 1.000000
-8.2484, -57.7063, -56.7928, 331.3651, 400.3651, 66.7063, 313.8662, 28.2953, -29.5819, -59.2288, 0.239531, 0.963136, -0.122451, -0.057706, -0.970694, 0.235043, -0.050082, -0.056793, -0.019454, 0.130858, 0.991210, 0.331365, 0.000000, 0.000000, 0.000000, 1.000000, -0.019454, 0.130858, 0.991210, 0.400365, -0.239531, -0.963136, 0.122451, 0.066706, 0.970694, -0.235043, 0.050082, 0.313866, 0.000000, 0.000000, 0.000000, 1.000000, -0.995751, 0.002534, 0.092047, 0.028295, 0.091200, -0.110891, 0.989639, -0.029582, 0.012715, 0.993829, 0.110189, -0.059229, 0.000000, 0.000000, 0.000000, 1.000000
-7.9380, -58.0763, -55.8699, 331.9005, 400.9005, 67.0763, 312.9433, 28.3284, -29.3982, -59.3182, 0.231183, 0.962098, -0.144641, -0.058076, -0.972850, 0.226946, -0.045370, -0.055870, -0.010824, 0.151203, 0.988444, 0.331901, 0.000000, 0.000000, 0.000000, 1.000000, -0.010824, 0.151203, 0.988444, 0.400901, -0.231183, -0.962098, 0.144641, 0.067076, 0.972850, -0.226946, 0.045370, 0.312943, 0.000000, 0.000000, 0.000000, 1.000000, -0.994722, 0.002443, 0.102581, 0.028328, 0.101964, -0.088409, 0.990852, -0.029398, 0.011490, 0.996081, 0.087693, -0.059318, 0.000000, 0.000000, 0.000000, 1.000000
-7.7450, -58.3562, -55.2193, 332.4252, 401.4252, 67.3562, 312.2927, 28.4558, -29.1024, -59.3631, 0.233634, 0.961930, -0.141797, -0.058356, -0.971290, 0.224164, -0.079666, -0.055219, -0.044847, 0.156339, 0.986685, 0.332425, 0.000000, 0.000000, 0.000000, 1.000000, -0.044847, 0.156339, 0.986685, 0.401425, -0.233634, -0.961930, 0.141797, 0.067356, 0.971290, -0.224164, 0.079666, 0.312293, 0.000000, 0.000000, 0.000000, 1.000000, -0.997599, 0.003607, 0.069165, 0.028456, 0.068636, -0.082145, 0.994254, -0.029102, 0.009268, 0.996614, 0.081700, -0.059363, 0.000000, 0.000000, 0.000000, 1.000000
-7.4951, -58.5636, -54.5121, 332.2366, 401.2366, 67.5636, 311.5855, 28.3546, -29.5662, -59.5102, 0.222438, 0.964928, -0.139413, -0.058564, -0.974924, 0.219162, -0.038623, -0.054512, -0.006714, 0.144508, 0.989481, 0.332237, 0.000000, 0.000000, 0.000000, 1.000000, -0.006714, 0.144508, 0.989481, 0.401237, -0.222438, -0.964928, 0.139413, 0.067564, 0.974924, -0.219162, 0.038623, 0.311586, 0.000000, 0.000000, 0.000000, 1.000000, -0.994022, 0.000898, 0.109173, 0.028355, 0.108624, -0.092294, 0.989789, -0.029566, 0.010965, 0.995731, 0.091645, -0.059510, 0.000000, 0.000000, 0.000000, 1.000000
-7.3212, -58.7455, -54.0399, 332.5807, 401.5807, 67.7455, 311.1134, 28.3287, -29.4189, -59.5424, 0.227389, 0.965933, -0.123567, -0.058746, -0.972725, 0.219328, -0.075510, -0.054040, -0.045836, 0.137366, 0.989459, 0.332581, 0.000000, 0.000000, 0.000000, 1.000000, -0.045836, 0.137366, 0.989459, 0.401581, -0.227389, -0.965933, 0.123567, 0.067746, 0.972725, -0.219328, 0.075510, 0.311113, 0.000000, 0.000000, 0.000000, 1.000000, -0.997520, 0.002903, 0.070321, 0.028329, 0.069692, -0.098685, 0.992675, -0.029419, 0.009822, 0.995115, 0.098238, -0.059542, 0.000000, 0.000000, 0.000000, 1.000000
-6.8931, -59.1630, -52.9182, 333.0467, 402.0467, 68.1630, 309.9917, 28.1719, -29.4257, -59.6965, 0.218876, 0.966031, -0.137395, -0.059163, -0.975116, 0.211466, -0.066571, -0.052918, -0.035255, 0.148547, 0.988277, 0.333047, 0.000000, 0.000000, 0.000000, 1.000000, -0.035255, 0.148547, 0.988277, 0.402047, -0.218876, -0.966031, 0.137395, 0.068163, 0.975116, -0.211466, 0.066571, 0.309992, 0.000000, 0.000000, 0.000000, 1.000000, -0.996529, 0.003741, 0.083166, 0.028172, 0.082551, -0.084805, 0.992972, -0.029426, 0.010767, 0.996391, 0.084202, -0.059697, 0.000000, 0.000000, 0.000000, 1.000000
-6.5635, -59.5358, -51.9934, 333.4712, 402.4712, 68.5358, 309.0668, 28.1292, -29.3675, -59.8433, 0.212888, 0.967382, -0.137300, -0.059536, -0.976484, 0.205752, -0.064387, -0.051993, -0.034037, 0.147779, 0.988435, 0.333471, 0.000000, 0.000000, 0.000000, 1.000000, -0.034037, 0.147779, 0.988435, 0.402471, -0.212888, -0.967382, 0.137300, 0.068536, 0.976484, -0.205752, 0.064387, 0.309067, 0.000000, 0.000000, 0.000000, 1.000000, -0.996279, 0.003333, 0.086125, 0.028129, 0.085548, -0.083482, 0.992830, -0.029367, 0.010499, 0.996504, 0.082887, -0.059843, 0.000000, 0.000000, 0.000000, 1.000000
-6.2779, -59.7595, -51.1490, 333.4698, 402.4697, 68.7595, 308.2225, 28.0664, -29.7014, -59.9563, 0.206370, 0.969823, -0.129827, -0.059759, -0.978220, 0.201473, -0.049936, -0.051149, -0.022273, 0.137305, 0.990278, 0.333470, 0.000000, 0.000000, 0.000000, 1.000000, -0.022273, 0.137305, 0.990278, 0.402470, -0.206370, -0.969823, 0.129827, 0.068759, 0.978220, -0.201473, 0.049936, 0.308222, 0.000000, 0.000000, 0.000000, 1.000000, -0.995038, 0.002171, 0.099468, 0.028066, 0.098845, -0.092174, 0.990825, -0.029701, 0.011319, 0.995741, 0.091502, -0.059956, 0.000000, 0.000000, 0.000000, 1.000000
-6.1088, -59.9166, -50.6617, 333.4932, 402.4932, 68.9166, 307.7351, 28.0250, -29.8688, -60.0452, 0.208270, 0.971193, -0.115792, -0.059917, -0.977095, 0.201310, -0.068992, -0.050662, -0.043695, 0.127509, 0.990874, 0.333493, 0.000000, 0.000000, 0.000000, 1.000000, -0.043695, 0.127509, 0.990874, 0.402493, -0.208270, -0.971193, 0.115792, 0.068917, 0.977095, -0.201310, 0.068992, 0.307735, 0.000000, 0.000000, 0.000000, 1.000000, -0.996906, 0.003351, 0.078532, 0.028025, 0.077792, -0.101170, 0.991823, -0.029869, 0.011268, 0.994864, 0.100596, -0.060045, 0.000000, 0.000000, 0.000000, 1.000000
-5.8654, -60.2323, -49.9060, 334.1685, 403.1685, 69.2323, 306.9794, 28.1147, -29.4814, -60.1072, 0.204180, 0.970693, -0.126748, -0.060232, -0.977589, 0.195400, -0.078348, -0.049906, -0.051285, 0.139905, 0.988836, 0.334168, 0.000000, 0.000000, 0.000000, 1.000000, -0.051285, 0.139905, 0.988836, 0.403168, -0.204180, -0.970693, 0.126748, 0.069232, 0.977589, -0.195400, 0.078348, 0.306979, 0.000000, 0.000000, 0.000000, 1.000000, -0.997385, 0.003309, 0.072194, 0.028115, 0.071633, -0.087087, 0.993622, -0.029481, 0.009575, 0.996195, 0.086622, -0.060107, 0.000000, 0.000000, 0.000000, 1.000000
-5.5219, -60.4860, -48.9365, 334.0976, 403.0976, 69.4860, 306.0100, 27.9795, -29.9475, -60.2639, 0.194434, 0.972032, -0.131718, -0.060486, -0.980355, 0.188022, -0.059603, -0.048937, -0.033170, 0.140719, 0.989494, 0.334098, 0.000000, 0.000000, 0.000000, 1.000000, -0.033170, 0.140719, 0.989494, 0.403098, -0.194434, -0.972032, 0.131718, 0.069486, 0.980355, -0.188022, 0.059603, 0.306010, 0.000000, 0.000000, 0.000000, 1.000000, -0.995719, 0.001715, 0.092419, 0.027979, 0.091950, -0.083890, 0.992224, -0.029947, 0.009455, 0.996474, 0.083373, -0.060264, 0.000000, 0.000000, 0.000000, 1.000000
-5.2543, -60.8140, -48.1501, 334.5634, 403.5634, 69.8140, 305.2235, 27.9955, -29.7865, -60.3936, 0.194321, 0.972754, -0.126445, -0.060814, -0.979728, 0.186063, -0.074247, -0.048150, -0.048697, 0.138309, 0.989191, 0.334563, 0.000000, 0.000000, 0.000000, 1.000000, -0.048697, 0.138309, 0.989191, 0.403563, -0.194321, -0.972754, 0.126445, 0.069814, 0.979728, -0.186063, 0.074247, 0.305224, 0.000000, 0.000000, 0.000000, 1.000000, -0.996963, 0.003840, 0.077788, 0.027995, 0.077182, -0.084905, 0.993395, -0.029787, 0.010419, 0.996382, 0.084351, -0.060394, 0.000000, 0.000000, 0.000000, 1.000000
-4.8564, -61.1881, -47.1477, 334.9009, 403.9009, 70.1881, 304.2211, 27.7875, -29.8855, -60.5906, 0.187142, 0.975948, -0.111816, -0.061188, -0.981211, 0.180276, -0.068740, -0.047148, -0.046929, 0.122579, 0.991349, 0.334901, 0.000000, 0.000000, 0.000000, 1.000000, -0.046929, 0.122579, 0.991349, 0.403901, -0.187142, -0.975948, 0.111816, 0.070188, 0.981211, -0.180276, 0.068740, 0.304221, 0.000000, 0.000000, 0.000000, 1.000000, -0.996660, 0.002235, 0.081630, 0.027788, 0.081018, -0.098101, 0.991873, -0.029885, 0.010224, 0.995174, 0.097593, -0.060591, 0.000000, 0.000000, 0.000000, 1.000000
-4.5318, -61.4695, -46.0765, 335.1643, 404.1643, 70.4695, 303.1499, 27.8579, -30.0249, -60.6956, 0.182888, 0.976974, -0.109879, -0.061470, -0.981642, 0.175311, -0.075137, -0.046076, -0.054144, 0.121603, 0.991101, 0.335164, 0.000000, 0.000000, 0.000000, 1.000000, -0.054144, 0.121603, 0.991101, 0.404164, -0.182888, -0.976974, 0.109879, 0.070470, 0.981642, -0.175311, 0.075137, 0.303150, 0.000000, 0.000000, 0.000000, 1.000000, -0.997112, 0.002500, 0.075904, 0.027858, 0.075304, -0.097048, 0.992427, -0.030025, 0.009848, 0.995277, 0.096579, -0.060696, 0.000000, 0.000000, 0.000000, 1.000000
-4.2864, -61.6689, -45.4704, 335.3267, 404.3267, 70.6689, 302.5438, 27.7047, -30.1352, -60.8056, 0.173487, 0.976325, -0.129198, -0.061669, -0.984513, 0.168571, -0.048145, -0.045470, -0.025226, 0.135549, 0.990449, 0.335327, 0.000000, 0.000000, 0.000000, 1.000000, -0.025226, 0.135549, 0.990449, 0.404327, -0.173487, -0.976325, 0.129198, 0.070669, 0.984513, -0.168571, 0.048145, 0.302544, 0.000000, 0.000000, 0.000000, 1.000000, -0.994326, 0.001974, 0.106355, 0.027705, 0.105844, -0.081274, 0.991056, -0.030135, 0.010600, 0.996690, 0.080604, -0.060806, 0.000000, 0.000000, 0.000000, 1.000000
-3.8600, -62.0618, -44.2195, 336.2077, 405.2077, 71.0618, 301.2929, 27.7173, -29.7721, -60.8900, 0.169598, 0.975976, -0.136772, -0.062062, -0.984468, 0.161387, -0.069119, -0.044219, -0.045386, 0.146370, 0.988188, 0.336208, 0.000000, 0.000000, 0.000000, 1.000000, -0.045386, 0.146370, 0.988188, 0.405208, -0.169598, -0.975976, 0.136772, 0.071062, 0.984468, -0.161387, 0.069119, 0.301293, 0.000000, 0.000000, 0.000000, 1.000000, -0.996111, 0.003602, 0.088032, 0.027717, 0.087587, -0.067739, 0.993851, -0.029772, 0.009543, 0.997697, 0.067160, -0.060890, 0.000000, 0.000000, 0.000000, 1.000000
-3.5450, -62.3320, -43.1826, 335.9700, 404.9700, 71.3320, 300.2561, 27.7142, -30.3869, -61.1116, 0.167300, 0.980036, -0.107427, -0.062332, -0.984139, 0.159484, -0.077693, -0.043183, -0.059009, 0.118721, 0.991173, 0.335970, 0.000000, 0.000000, 0.000000, 1.000000, -0.059009, 0.118721, 0.991173, 0.404970, -0.167300, -0.980036, 0.107427, 0.071332, 0.984139, -0.159484, 0.077693, 0.300256, 0.000000, 0.000000, 0.000000, 1.000000, -0.997126, 0.002618, 0.075711, 0.027714, 0.075134, -0.093621, 0.992769, -0.030387, 0.009687, 0.995604, 0.093155, -0.061112, 0.000000, 0.000000, 0.000000, 1.000000
-3.2180, -62.5829, -42.3508, 336.4159, 405.4159, 71.5829, 299.4243, 27.5576, -30.3211, -61.2068, 0.153964, 0.979524, -0.129724, -0.062583, -0.987895, 0.150086, -0.039217, -0.042351, -0.018944, 0.134192, 0.990774, 0.336416, 0.000000, 0.000000, 0.000000, 1.000000, -0.018944, 0.134192, 0.990774, 0.405416, -0.153964, -0.979524, 0.129724, 0.071583, 0.987895, -0.150086, 0.039217, 0.299424, 0.000000, 0.000000, 0.000000, 1.000000, -0.993029, 0.001086, 0.117869, 0.027558, 0.117450, -0.075597, 0.990197, -0.030321, 0.009985, 0.997138, 0.074943, -0.061207, 0.000000, 0.000000, 0.000000, 1.000000
-3.0059, -62.7950, -41.6339, 336.5582, 405.5582, 71.7950, 298.7074, 27.6172, -30.4411, -61.3257, 0.153600, 0.981878, -0.111008, -0.062795, -0.987592, 0.148825, -0.050139, -0.041634, -0.032710, 0.117332, 0.992554, 0.336558, 0.000000, 0.000000, 0.000000, 1.000000, -0.032710, 0.117332, 0.992554, 0.405558, -0.153600, -0.981878, 0.111008, 0.071795, 0.987592, -0.148825, 0.050139, 0.298707, 0.000000, 0.000000, 0.000000, 1.000000, -0.994483, 0.000716, 0.104894, 0.027617, 0.104392, -0.091256, 0.990341, -0.030441, 0.010281, 0.995827, 0.090678, -0.061326, 0.000000, 0.000000, 0.000000, 1.000000
-2.7346, -63.0177, -40.8773, 336.7620, 405.7620, 72.0177, 297.9507, 27.5319, -30.5557, -61.4506, 0.154081, 0.982845, -0.101363, -0.063018, -0.986158, 0.146615, -0.077433, -0.040877, -0.061243, 0.111891, 0.991831, 0.336762, 0.000000, 0.000000, 0.000000, 1.000000, -0.061243, 0.111891, 0.991831, 0.405762, -0.154081, -0.982845, 0.101363, 0.072018, 0.986158, -0.146615, 0.077433, 0.297951, 0.000000, 0.000000, 0.000000, 1.000000, -0.997005, 0.002184, 0.077306, 0.027532, 0.076747, -0.095192, 0.992496, -0.030556, 0.009526, 0.995457, 0.094739, -0.061451, 0.000000, 0.000000, 0.000000, 1.000000
-2.4583, -63.2181, -40.1161, 337.1908, 406.1908, 72.2181, 297.1896, 27.4601, -30.4626, -61.5122, 0.153794, 0.982314, -0.106800, -0.063218, -0.984650, 0.143331, -0.099598, -0.040116, -0.082529, 0.120478, 0.989280, 0.337191, 0.000000, 0.000000, 0.000000, 1.000000, -0.082529, 0.120478, 0.989280, 0.406191, -0.153794, -0.982314, 0.106800, 0.072218, 0.984650, -0.143331, 0.099598, 0.297190, 0.000000, 0.000000, 0.000000, 1.000000, -0.998368, 0.004862, 0.056894, 0.027460, 0.056276, -0.085058, 0.994785, -0.030463, 0.009676, 0.996364, 0.084646, -0.061512, 0.000000, 0.000000, 0.000000, 1.000000
-2.2880, -63.3950, -39.4487, 337.2573, 406.2573, 72.3950, 296.5222, 27.5901, -30.6206, -61.6198, 0.146211, 0.984115, -0.100701, -0.063395, -0.987099, 0.138419, -0.080475, -0.039449, -0.065258, 0.111168, 0.991657, 0.337257, 0.000000, 0.000000, 0.000000, 1.000000, -0.065258, 0.111168, 0.991657, 0.406257, -0.146211, -0.984115, 0.100701, 0.072395, 0.987099, -0.138419, 0.080475, 0.296522, 0.000000, 0.000000, 0.000000, 1.000000, -0.997148, 0.001327, 0.075461, 0.027590, 0.075012, -0.092868, 0.992849, -0.030621, 0.008325, 0.995677, 0.092504, -0.061620, 0.000000, 0.000000, 0.000000, 1.000000
-1.7928, -63.6646, -38.0015, 337.0469, 406.0469, 72.6646, 295.0750, 27.3902, -31.4334, -61.8436, 0.140361, 0.987044, -0.077742, -0.063665, -0.987140, 0.133442, -0.088022, -0.038002, -0.076508, 0.089098, 0.993080, 0.337047, 0.000000, 0.000000, 0.000000, 1.000000, -0.076508, 0.089098, 0.993080, 0.406047, -0.140361, -0.987044, 0.077742, 0.072665, 0.987140, -0.133442, 0.088022, 0.295075, 0.000000, 0.000000, 0.000000, 1.000000, -0.997799, 0.001162, 0.066307, 0.027390, 0.065761, -0.111869, 0.991545, -0.031433, 0.008570, 0.993722, 0.111546, -0.061844, 0.000000, 0.000000, 0.000000, 1.000000
-1.6408, -63.8747, -37.6864, 338.1082, 407.1082, 72.8747, 294.7598, 27.3805, -30.5470, -61.8297, 0.132984, 0.984192, -0.116968, -0.063875, -0.989705, 0.125566, -0.068687, -0.037686, -0.052914, 0.124899, 0.990758, 0.338108, 0.000000, 0.000000, 0.000000, 1.000000, -0.052914, 0.124899, 0.990758, 0.407108, -0.132984, -0.984192, 0.116968, 0.072875, 0.989705, -0.125566, 0.068687, 0.294760, 0.000000, 0.000000, 0.000000, 1.000000, -0.995857, 0.001502, 0.090926, 0.027381, 0.090560, -0.074684, 0.993087, -0.030547, 0.008282, 0.997206, 0.074239, -0.061830, 0.000000, 0.000000, 0.000000, 1.000000
-1.3769, -64.0725, -37.0083, 338.3358, 407.3358, 73.0725, 294.0817, 27.2378, -30.6262, -61.9512, 0.132259, 0.985722, -0.104209, -0.064073, -0.988824, 0.123910, -0.082908, -0.037008, -0.068812, 0.114010, 0.991094, 0.338336, 0.000000, 0.000000, 0.000000, 1.000000, -0.068812, 0.114010, 0.991094, 0.407336, -0.132259, -0.985722, 0.104209, 0.073073, 0.988824, -0.123910, 0.082908, 0.294082, 0.000000, 0.000000, 0.000000, 1.000000, -0.997111, 0.002521, 0.075919, 0.027238, 0.075439, -0.084122, 0.993596, -0.030626, 0.008891, 0.996452, 0.083689, -0.061951, 0.000000, 0.000000, 0.000000, 1.000000
-1.2215, -64.2543, -36.4659, 338.6375, 407.6375, 73.2543, 293.5394, 27.3269, -30.5227, -62.0399, 0.127279, 0.986692, -0.101185, -0.064254, -0.990365, 0.120811, -0.067684, -0.036466, -0.054559, 0.108825, 0.992563, 0.338638, 0.000000, 0.000000, 0.000000, 1.000000, -0.054559, 0.108825, 0.992563, 0.407638, -0.127279, -0.986692, 0.101185, 0.073254, 0.990365, -0.120811, 0.067684, 0.293539, 0.000000, 0.000000, 0.000000, 1.000000, -0.995846, 0.001200, 0.091042, 0.027327, 0.090583, -0.088146, 0.991980, -0.030523, 0.009215, 0.996107, 0.087671, -0.062040, 0.000000, 0.000000, 0.000000, 1.000000
-0.7547, -64.4217, -35.2918, 338.8397, 407.8397, 73.4217, 292.3653, 26.9935, -30.8865, -62.1278, 0.121734, 0.986551, -0.109081, -0.064422, -0.990672, 0.113986, -0.074668, -0.035292, -0.061230, 0.117153, 0.991225, 0.338840, 0.000000, 0.000000, 0.000000, 1.000000, -0.061230, 0.117153, 0.991225, 0.407840, -0.121734, -0.986551, 0.109081, 0.073422, 0.990672, -0.113986, 0.074668, 0.292365, 0.000000, 0.000000, 0.000000, 1.000000, -0.996268, 0.003551, 0.086244, 0.026994, 0.085717, -0.076923, 0.993346, -0.030887, 0.010161, 0.997031, 0.076331, -0.062128, 0.000000, 0.000000, 0.000000, 1.000000
-0.5730, -64.7638, -34.5812, 339.7784, 408.7784, 73.7638, 291.6546, 27.2736, -30.1886, -62.2464, 0.116865, 0.983996, -0.134518, -0.064764, -0.990859, 0.106330, -0.083024, -0.034581, -0.067392, 0.142991, 0.987427, 0.339778, 0.000000, 0.000000, 0.000000, 1.000000, -0.067392, 0.142991, 0.987427, 0.408778, -0.116865, -0.983996, 0.134518, 0.073764, 0.990859, -0.106330, 0.083024, 0.291655, 0.000000, 0.000000, 0.000000, 1.000000, -0.996701, 0.003214, 0.081100, 0.027274, 0.080843, -0.049350, 0.995504, -0.030189, 0.007201, 0.998776, 0.048928, -0.062246, 0.000000, 0.000000, 0.000000, 1.000000
-0.1468, -64.8740, -33.2920, 339.0061, 408.0061, 73.8740, 290.3654, 27.0327, -31.4949, -62.4581, 0.113040, 0.990900, -0.073073, -0.064874, -0.990376, 0.106459, -0.088436, -0.033292, -0.079852, 0.082366, 0.993398, 0.339006, 0.000000, 0.000000, 0.000000, 1.000000, -0.079852, 0.082366, 0.993398, 0.408006, -0.113040, -0.990900, 0.073073, 0.073874, 0.990376, -0.106459, 0.088436, 0.290365, 0.000000, 0.000000, 0.000000, 1.000000, -0.997524, 0.000626, 0.070323, 0.027033, 0.069848, -0.107601, 0.991738, -0.031495, 0.008188, 0.994194, 0.107290, -0.062458, 0.000000, 0.000000, 0.000000, 1.000000
0.0474, -64.9526, -32.8064, 339.1468, 408.1468, 73.9526, 289.8799, 26.8984, -31.5898, -62.5001, 0.110939, 0.990861, -0.076721, -0.064953, -0.989942, 0.103356, -0.096599, -0.032806, -0.087786, 0.086666, 0.992362, 0.339147, 0.000000, 0.000000, 0.000000, 1.000000, -0.087786, 0.086666, 0.992362, 0.408147, -0.110939, -0.990861, 0.076721, 0.073953, 0.989942, -0.103356, 0.096599, 0.289880, 0.000000, 0.000000, 0.000000, 1.000000, -0.998003, 0.001467, 0.063155, 0.026898, 0.062676, -0.102081, 0.992800, -0.031590, 0.007904, 0.994775, 0.101785, -0.062500, 0.000000, 0.000000, 0.000000, 1.000000
0.2998, -65.1073, -32.1056, 339.1648, 408.1648, 74.1073, 289.1791, 26.7737, -31.8767, -62.6325, 0.107713, 0.991822, -0.068460, -0.065107, -0.990457, 0.101100, -0.093667, -0.032106, -0.085979, 0.077896, 0.993247, 0.339165, 0.000000, 0.000000, 0.000000, 1.000000, -0.085979, 0.077896, 0.993247, 0.408165, -0.107713, -0.991822, 0.068460, 0.074107, 0.990457, -0.101100, 0.093667, 0.289179, 0.000000, 0.000000, 0.000000, 1.000000, -0.997818, 0.002025, 0.065991, 0.026774, 0.065375, -0.109312, 0.991855, -0.031877, 0.009222, 0.994005, 0.108942, -0.062633, 0.000000, 0.000000, 0.000000, 1.000000
0.5156, -65.3233, -31.3859, 339.7212, 408.7212, 74.3233, 288.4594, 26.8762, -31.6031, -62.7209, 0.105197, 0.991640, -0.074729, -0.065323, -0.989399, 0.096801, -0.108256, -0.031386, -0.100117, 0.085325, 0.991310, 0.339721, 0.000000, 0.000000, 0.000000, 1.000000, -0.100117, 0.085325, 0.991310, 0.408721, -0.105197, -0.991640, 0.074729, 0.074323, 0.989399, -0.096801, 0.108256, 0.288459, 0.000000, 0.000000, 0.000000, 1.000000, -0.998609, 0.002549, 0.052671, 0.026876, 0.052149, -0.100430, 0.993576, -0.031603, 0.007822, 0.994941, 0.100158, -0.062721, 0.000000, 0.000000, 0.000000, 1.000000
0.7606, -65.4781, -30.7579, 340.1187, 409.1186, 74.4781, 287.8313, 26.7616, -31.5035, -62.7939, 0.098547, 0.991428, -0.085787, -0.065478, -0.992400, 0.091527, -0.082251, -0.030758, -0.073694, 0.093241, 0.992913, 0.340119, 0.000000, 0.000000, 0.000000, 1.000000, -0.073694, 0.093241, 0.992913, 0.409119, -0.098547, -0.991428, 0.085787, 0.074478, 0.992400, -0.091527, 0.082251, 0.287831, 0.000000, 0.000000, 0.000000, 1.000000, -0.996768, 0.002689, 0.080295, 0.026762, 0.079721, -0.090780, 0.992675, -0.031503, 0.009958, 0.995867, 0.090273, -0.062794, 0.000000, 0.000000, 0.000000, 1.000000
1.0171, -65.6437, -30.0076, 340.3985, 409.3985, 74.6437, 287.0811, 26.7115, -31.5471, -62.8947, 0.093862, 0.992686, -0.075930, -0.065644, -0.992214, 0.087001, -0.089117, -0.030008, -0.081859, 0.083703, 0.993123, 0.340398, 0.000000, 0.000000, 0.000000, 1.000000, -0.081859, 0.083703, 0.993123, 0.409398, -0.093862, -0.992686, 0.075930, 0.074644, 0.992214, -0.087001, 0.089117, 0.287081, 0.000000, 0.000000, 0.000000, 1.000000, -0.997309, 0.000927, 0.073313, 0.026712, 0.072866, -0.098406, 0.992475, -0.031547, 0.008135, 0.995146, 0.098074, -0.062895, 0.000000, 0.000000, 0.000000, 1.000000
1.2122, -65.6870, -29.3105, 340.0585, 409.0585, 74.6870, 286.3839, 26.7028, -32.1532, -62.9830, 0.092612, 0.993575, -0.065049, -0.065687, -0.991568, 0.086083, -0.096866, -0.029310, -0.090644, 0.073472, 0.993169, 0.340058, 0.000000, 0.000000, 0.000000, 1.000000, -0.090644, 0.073472, 0.993169, 0.409058, -0.092612, -0.993575, 0.065049, 0.074687, 0.991568, -0.086083, 0.096866, 0.286384, 0.000000, 0.000000, 0.000000, 1.000000, -0.997869, 0.001606, 0.065226, 0.026703, 0.064675, -0.107514, 0.992098, -0.032153, 0.008606, 0.994202, 0.107181, -0.062983, 0.000000, 0.000000, 0.000000, 1.000000
1.4426, -65.8330, -28.7454, 340.1941, 409.1940, 74.8330, 285.8189, 26.5303, -32.2882, -63.1031, 0.089540, 0.994606, -0.052355, -0.065833, -0.991857, 0.084266, -0.095491, -0.028745, -0.090564, 0.060479, 0.994053, 0.340194, 0.000000, 0.000000, 0.000000, 1.000000, -0.090564, 0.060479, 0.994053, 0.409194, -0.089540, -0.994606, 0.052355, 0.074833, 0.991857, -0.084266, 0.095491, 0.285819, 0.000000, 0.000000, 0.000000, 1.000000, -0.997801, 0.001531, 0.066260, 0.026530, 0.065608, -0.119028, 0.990721, -0.032288, 0.009403, 0.992890, 0.118666, -0.063103, 0.000000, 0.000000, 0.000000, 1.000000
1.7004, -66.0923, -28.0168, 341.1491, 410.1492, 75.0923, 285.0903, 26.5671, -31.6584, -63.1871, 0.084193, 0.993646, -0.074695, -0.066092, -0.993131, 0.077564, -0.087606, -0.028017, -0.081256, 0.081558, 0.993351, 0.341149, 0.000000, 0.000000, 0.000000, 1.000000, -0.081256, 0.081558, 0.993351, 0.410149, -0.084193, -0.993646, 0.074695, 0.075092, 0.993131, -0.077564, 0.087606, 0.285090, 0.000000, 0.000000, 0.000000, 1.000000, -0.997055, 0.002628, 0.076647, 0.026567, 0.076040, -0.096160, 0.992457, -0.031658, 0.009978, 0.995362, 0.095677, -0.063187, 0.000000, 0.000000, 0.000000, 1.000000
1.9044, -66.0882, -27.2539, 340.8526, 409.8526, 75.0882, 284.3274, 26.5944, -32.2496, -63.2246, 0.081350, 0.994449, -0.066735, -0.066088, -0.991803, 0.074150, -0.104060, -0.027254, -0.098534, 0.074653, 0.992330, 0.340853, 0.000000, 0.000000, 0.000000, 1.000000, -0.098534, 0.074653, 0.992330, 0.409853, -0.081350, -0.994449, 0.066735, 0.075088, 0.991803, -0.074150, 0.104060, 0.284327, 0.000000, 0.000000, 0.000000, 1.000000, -0.998185, 0.001516, 0.060208, 0.026594, 0.059743, -0.101559, 0.993034, -0.032250, 0.007620, 0.994828, 0.101284, -0.063225, 0.000000, 0.000000, 0.000000, 1.000000
2.3089, -66.3265, -26.2325, 341.6310, 410.6310, 75.3265, 283.3060, 26.4020, -31.9706, -63.3363, 0.071992, 0.995282, -0.065046, -0.066326, -0.994576, 0.066727, -0.079783, -0.026233, -0.075066, 0.070437, 0.994688, 0.341631, 0.000000, 0.000000, 0.000000, 1.000000, -0.075066, 0.070437, 0.994688, 0.410631, -0.071992, -0.995282, 0.065046, 0.075326, 0.994576, -0.066727, 0.079783, 0.283306, 0.000000, 0.000000, 0.000000, 1.000000, -0.996336, 0.000216, 0.085526, 0.026402, 0.085050, -0.102819, 0.991057, -0.031971, 0.009007, 0.994700, 0.102424, -0.063336, 0.000000, 0.000000, 0.000000, 1.000000
2.4607, -66.4114, -25.7108, 341.9373, 410.9372, 75.4114, 282.7843, 26.4681, -31.8762, -63.3670, 0.071652, 0.993586, -0.087485, -0.066411, -0.993522, 0.063339, -0.094357, -0.025711, -0.088210, 0.093679, 0.991687, 0.341937, 0.000000, 0.000000, 0.000000, 1.000000, -0.088210, 0.093679, 0.991687, 0.410937, -0.071652, -0.993586, 0.087485, 0.075411, 0.993522, -0.063339, 0.094357, 0.282784, 0.000000, 0.000000, 0.000000, 1.000000, -0.997341, 0.003271, 0.072799, 0.026468, 0.072317, -0.078730, 0.994270, -0.031876, 0.008984, 0.996891, 0.078284, -0.063367, 0.000000, 0.000000, 0.000000, 1.000000
