# Joint_A_Angle(deg), Cam_X(mm), Cam_Y(mm), Cam_Z(mm), Torso_X(mm), Torso_Y(mm), Torso_Z(mm), EE_X(mm), EE_Y(mm), EE_Z(mm), T_cam2marker_flat(16), T_torso2marker_flat(16), T_ee2marker_flat(16)
-14.9917, 1.4065, 18.3030, 178.2913, 247.2913, 7.5935, 238.7704, 3.4276, 32.1343, -44.6991, 0.577878, -0.778259, -0.245703, 0.001406, 0.763497, 0.621892, -0.174135, 0.018303, 0.288323, -0.086965, 0.953576, 0.178291, 0.000000, 0.000000, 0.000000, 1.000000, 0.288323, -0.086965, 0.953576, 0.247291, -0.577878, 0.778259, 0.245703, 0.007594, -0.763497, -0.621892, 0.174135, 0.238770, 0.000000, 0.000000, 0.000000, 1.000000, 0.998604, 0.036668, 0.038026, 0.003428, 0.035991, 0.054655, -0.997857, 0.032134, -0.038668, 0.997832, 0.053259, -0.044699, 0.000000, 0.000000, 0.000000, 1.000000
-14.9552, 1.4146, 18.3106, 178.3429, 247.3429, 7.5854, 238.7628, 3.4749, 32.0869, -44.7037, 0.577653, -0.778461, -0.245593, 0.001415, 0.763876, 0.621586, -0.173563, 0.018311, 0.287769, -0.087343, 0.953709, 0.178343, 0.000000, 0.000000, 0.000000, 1.000000, 0.287769, -0.087343, 0.953709, 0.247343, -0.577653, 0.778461, 0.245593, 0.007585, -0.763876, -0.621586, 0.173563, 0.238763, 0.000000, 0.000000, 0.000000, 1.000000, 0.998623, 0.036234, 0.037938, 0.003475, 0.035918, 0.054873, -0.997847, 0.032087, -0.038238, 0.997836, 0.053496, -0.044704, 0.000000, 0.000000, 0.000000, 1.000000
-14.8113, 1.3313, 18.2232, 178.3868, 247.3868, 7.6687, 238.8502, 3.4561, 31.9977, -44.6890, 0.578655, -0.778400, -0.243419, 0.001331, 0.764121, 0.621770, -0.171818, 0.018223, 0.285094, -0.086578, 0.954581, 0.178387, 0.000000, 0.000000, 0.000000, 1.000000, 0.285094, -0.086578, 0.954581, 0.247387, -0.578655, 0.778400, 0.243419, 0.007669, -0.764121, -0.621770, 0.171818, 0.238850, 0.000000, 0.000000, 0.000000, 1.000000, 0.998591, 0.036792, 0.038250, 0.003456, 0.036229, 0.054114, -0.997877, 0.031998, -0.038783, 0.997857, 0.052705, -0.044689, 0.000000, 0.000000, 0.000000, 1.000000
-14.5648, 1.2152, 18.0295, 178.2968, 247.2968, 7.7848, 239.0440, 3.3515, 31.9979, -44.7032, 0.579326, -0.777901, -0.243419, 0.001215, 0.764811, 0.622050, -0.167688, 0.018029, 0.281863, -0.089023, 0.955316, 0.178297, 0.000000, 0.000000, 0.000000, 1.000000, 0.281863, -0.089023, 0.955316, 0.247297, -0.579326, 0.777901, 0.243419, 0.007785, -0.764811, -0.622050, 0.167688, 0.239044, 0.000000, 0.000000, 0.000000, 1.000000, 0.998624, 0.036744, 0.037410, 0.003352, 0.035301, 0.056447, -0.997781, 0.031998, -0.038775, 0.997729, 0.055072, -0.044703, 0.000000, 0.000000, 0.000000, 1.000000
-14.3218, 1.0776, 17.8589, 178.3219, 247.3219, 7.9224, 239.2145, 3.2872, 31.8912, -44.6919, 0.580756, -0.778024, -0.239586, 0.001078, 0.765787, 0.621966, -0.163487, 0.017859, 0.276211, -0.088526, 0.957011, 0.178322, 0.000000, 0.000000, 0.000000, 1.000000, 0.276211, -0.088526, 0.957011, 0.247322, -0.580756, 0.778024, 0.239586, 0.007922, -0.765787, -0.621966, 0.163487, 0.239215, 0.000000, 0.000000, 0.000000, 1.000000, 0.998551, 0.037006, 0.039062, 0.003287, 0.036964, 0.055773, -0.997759, 0.031891, -0.039101, 0.997757, 0.054324, -0.044692, 0.000000, 0.000000, 0.000000, 1.000000
-13.9432, 0.8605, 17.5759, 178.2873, 247.2873, 8.1395, 239.4975, 3.1481, 31.7927, -44.6786, 0.582135, -0.778021, -0.236225, 0.000860, 0.766477, 0.622048, -0.159903, 0.017576, 0.271351, -0.087976, 0.958451, 0.178287, 0.000000, 0.000000, 0.000000, 1.000000, 0.271351, -0.087976, 0.958451, 0.247287, -0.582135, 0.778021, 0.236225, 0.008140, -0.766477, -0.622048, 0.159903, 0.239498, 0.000000, 0.000000, 0.000000, 1.000000, 0.998588, 0.037607, 0.037529, 0.003148, 0.035429, 0.055022, -0.997856, 0.031793, -0.039591, 0.997777, 0.053612, -0.044679, 0.000000, 0.000000, 0.000000, 1.000000
-13.7606, 0.7552, 17.3795, 178.1330, 247.1330, 8.2448, 239.6940, 2.9916, 31.8644, -44.7001, 0.583421, -0.777480, -0.234831, 0.000755, 0.766726, 0.622613, -0.156474, 0.017379, 0.267864, -0.088761, 0.959359, 0.178133, 0.000000, 0.000000, 0.000000, 1.000000, 0.267864, -0.088761, 0.959359, 0.247133, -0.583421, 0.777480, 0.234831, 0.008245, -0.766726, -0.622613, 0.156474, 0.239694, 0.000000, 0.000000, 0.000000, 1.000000, 0.998541, 0.038282, 0.038074, 0.002992, 0.035903, 0.055888, -0.997791, 0.031864, -0.040325, 0.997703, 0.054432, -0.044700, 0.000000, 0.000000, 0.000000, 1.000000
-13.4664, 0.6233, 17.2257, 178.1130, 247.1130, 8.3767, 239.8478, 2.9565, 31.8071, -44.6816, 0.583721, -0.778106, -0.231993, 0.000623, 0.767369, 0.622049, -0.155565, 0.017226, 0.265357, -0.087217, 0.960197, 0.178113, 0.000000, 0.000000, 0.000000, 1.000000, 0.265357, -0.087217, 0.960197, 0.247113, -0.583721, 0.778106, 0.231993, 0.008377, -0.767369, -0.622049, 0.155565, 0.239848, 0.000000, 0.000000, 0.000000, 1.000000, 0.998639, 0.038241, 0.035465, 0.002957, 0.033376, 0.053967, -0.997985, 0.031807, -0.040078, 0.997810, 0.052617, -0.044682, 0.000000, 0.000000, 0.000000, 1.000000
-13.2018, 0.4946, 17.0367, 178.1045, 247.1045, 8.5054, 240.0367, 2.8826, 31.7348, -44.6866, 0.584688, -0.778031, -0.229798, 0.000495, 0.767498, 0.622269, -0.154038, 0.017037, 0.262842, -0.086306, 0.960971, 0.178104, 0.000000, 0.000000, 0.000000, 1.000000, 0.262842, -0.086306, 0.960971, 0.247104, -0.584688, 0.778031, 0.229798, 0.008505, -0.767498, -0.622269, 0.154038, 0.240037, 0.000000, 0.000000, 0.000000, 1.000000, 0.998680, 0.038970, 0.033465, 0.002883, 0.031378, 0.052979, -0.998102, 0.031735, -0.040669, 0.997835, 0.051687, -0.044687, 0.000000, 0.000000, 0.000000, 1.000000
-12.9968, 0.3419, 16.8137, 178.0832, 247.0832, 8.6581, 240.2598, 2.7309, 31.6670, -44.6913, 0.585880, -0.777998, -0.226857, 0.000342, 0.769403, 0.621910, -0.145763, 0.016814, 0.254488, -0.089145, 0.962958, 0.178083, 0.000000, 0.000000, 0.000000, 1.000000, 0.254488, -0.089145, 0.962958, 0.247083, -0.585880, 0.777998, 0.226857, 0.008658, -0.769403, -0.621910, 0.145763, 0.240260, 0.000000, 0.000000, 0.000000, 1.000000, 0.998529, 0.038077, 0.038587, 0.002731, 0.036443, 0.055488, -0.997794, 0.031667, -0.040135, 0.997733, 0.054019, -0.044691, 0.000000, 0.000000, 0.000000, 1.000000
-12.7560, 0.2224, 16.6677, 178.0773, 247.0773, 8.7776, 240.4058, 2.6820, 31.6068, -44.6789, 0.586676, -0.778198, -0.224098, 0.000222, 0.769908, 0.621784, -0.143619, 0.016668, 0.251105, -0.088277, 0.963926, 0.178077, 0.000000, 0.000000, 0.000000, 1.000000, 0.251105, -0.088277, 0.963926, 0.247077, -0.586676, 0.778198, 0.224098, 0.008778, -0.769908, -0.621784, 0.143619, 0.240406, 0.000000, 0.000000, 0.000000, 1.000000, 0.998547, 0.038348, 0.037866, 0.002682, 0.035750, 0.054430, -0.997877, 0.031607, -0.040328, 0.997781, 0.052980, -0.044679, 0.000000, 0.000000, 0.000000, 1.000000
-12.4798, 0.0867, 16.4521, 178.0305, 247.0305, 8.9133, 240.6214, 2.5768, 31.5680, -44.6920, 0.587678, -0.777655, -0.223354, 0.000087, 0.770288, 0.622218, -0.139646, 0.016452, 0.247572, -0.089979, 0.964682, 0.178031, 0.000000, 0.000000, 0.000000, 1.000000, 0.247572, -0.089979, 0.964682, 0.247031, -0.587678, 0.777655, 0.223354, 0.008913, -0.770288, -0.622218, 0.139646, 0.240621, 0.000000, 0.000000, 0.000000, 1.000000, 0.998570, 0.038774, 0.036806, 0.002577, 0.034601, 0.056073, -0.997827, 0.031568, -0.040754, 0.997673, 0.054651, -0.044692, 0.000000, 0.000000, 0.000000, 1.000000
-12.3372, -0.0080, 16.3088, 178.0330, 247.0330, 9.0080, 240.7646, 2.4911, 31.5119, -44.6985, 0.588530, -0.777861, -0.220373, -0.000008, 0.771260, 0.621928, -0.135514, 0.016309, 0.242467, -0.090211, 0.965957, 0.178033, 0.000000, 0.000000, 0.000000, 1.000000, 0.242467, -0.090211, 0.965957, 0.247033, -0.588530, 0.777861, 0.220373, 0.009008, -0.771260, -0.621928, 0.135514, 0.240765, 0.000000, 0.000000, 0.000000, 1.000000, 0.998474, 0.038508, 0.039571, 0.002491, 0.037378, 0.056099, -0.997725, 0.031512, -0.040640, 0.997682, 0.054575, -0.044699, 0.000000, 0.000000, 0.000000, 1.000000
-12.0733, -0.1534, 16.1606, 178.1544, 247.1544, 9.1534, 240.9129, 2.4723, 31.3260, -44.6724, 0.589299, -0.778412, -0.216338, -0.000153, 0.771495, 0.621675, -0.135334, 0.016161, 0.239837, -0.087151, 0.966893, 0.178154, 0.000000, 0.000000, 0.000000, 1.000000, 0.239837, -0.087151, 0.966893, 0.247154, -0.589299, 0.778412, 0.216338, 0.009153, -0.771495, -0.621675, 0.135334, 0.240913, 0.000000, 0.000000, 0.000000, 1.000000, 0.998528, 0.039097, 0.037591, 0.002472, 0.035502, 0.052824, -0.997973, 0.031326, -0.041003, 0.997838, 0.051359, -0.044672, 0.000000, 0.000000, 0.000000, 1.000000
-11.8022, -0.2380, 15.9520, 177.8879, 246.8879, 9.2380, 241.1214, 2.3380, 31.5141, -44.7125, 0.589293, -0.777979, -0.217904, -0.000238, 0.771265, 0.622027, -0.135028, 0.015952, 0.240591, -0.088491, 0.966584, 0.177888, 0.000000, 0.000000, 0.000000, 1.000000, 0.240591, -0.088491, 0.966584, 0.246888, -0.589293, 0.777979, 0.217904, 0.009238, -0.771265, -0.622027, 0.135028, 0.241121, 0.000000, 0.000000, 0.000000, 1.000000, 0.998702, 0.039504, 0.032157, 0.002338, 0.029998, 0.054078, -0.998086, 0.031514, -0.041167, 0.997755, 0.052823, -0.044713, 0.000000, 0.000000, 0.000000, 1.000000
-11.5277, -0.4425, 15.6746, 177.8614, 246.8614, 9.4425, 241.3988, 2.1495, 31.4371, -44.7066, 0.591164, -0.777709, -0.213761, -0.000442, 0.773180, 0.621886, -0.124299, 0.015675, 0.229604, -0.091795, 0.968946, 0.177861, 0.000000, 0.000000, 0.000000, 1.000000, 0.229604, -0.091795, 0.968946, 0.246861, -0.591164, 0.777709, 0.213761, 0.009442, -0.773180, -0.621886, 0.124299, 0.241399, 0.000000, 0.000000, 0.000000, 1.000000, 0.998489, 0.038930, 0.038774, 0.002150, 0.036517, 0.057097, -0.997701, 0.031437, -0.041055, 0.997609, 0.055589, -0.044707, 0.000000, 0.000000, 0.000000, 1.000000
-11.3412, -0.5580, 15.5392, 177.9738, 246.9738, 9.5580, 241.5343, 2.1100, 31.2746, -44.6969, 0.591978, -0.777956, -0.210585, -0.000558, 0.773392, 0.621847, -0.123171, 0.015539, 0.226773, -0.089950, 0.969785, 0.177974, 0.000000, 0.000000, 0.000000, 1.000000, 0.226773, -0.089950, 0.969785, 0.246974, -0.591978, 0.777956, 0.210585, 0.009558, -0.773392, -0.621847, 0.123171, 0.241534, 0.000000, 0.000000, 0.000000, 1.000000, 0.998485, 0.039429, 0.038391, 0.002110, 0.036189, 0.055137, -0.997823, 0.031275, -0.041460, 0.997700, 0.053627, -0.044697, 0.000000, 0.000000, 0.000000, 1.000000
-11.0955, -0.7114, 15.3345, 177.9313, 246.9313, 9.7114, 241.7390, 1.9859, 31.2405, -44.6894, 0.592669, -0.777253, -0.211236, -0.000711, 0.774275, 0.622044, -0.116443, 0.015334, 0.221904, -0.094543, 0.970474, 0.177931, 0.000000, 0.000000, 0.000000, 1.000000, 0.221904, -0.094543, 0.970474, 0.246931, -0.592669, 0.777253, 0.211236, 0.009711, -0.774275, -0.622044, 0.116443, 0.241739, 0.000000, 0.000000, 0.000000, 1.000000, 0.998466, 0.039034, 0.039271, 0.001986, 0.036905, 0.059570, -0.997542, 0.031241, -0.041277, 0.997461, 0.058038, -0.044689, 0.000000, 0.000000, 0.000000, 1.000000
-10.8242, -0.8814, 15.1425, 178.0847, 247.0847, 9.8814, 241.9309, 1.9259, 31.0171, -44.6703, 0.595091, -0.777466, -0.203503, -0.000881, 0.774478, 0.622408, -0.113101, 0.015143, 0.214594, -0.090303, 0.972520, 0.178085, 0.000000, 0.000000, 0.000000, 1.000000, 0.214594, -0.090303, 0.972520, 0.247085, -0.595091, 0.777466, 0.203503, 0.009881, -0.774478, -0.622408, 0.113101, 0.241931, 0.000000, 0.000000, 0.000000, 1.000000, 0.998294, 0.040552, 0.041997, 0.001926, 0.039724, 0.055311, -0.997679, 0.031017, -0.042781, 0.997645, 0.053606, -0.044670, 0.000000, 0.000000, 0.000000, 1.000000
-10.5517, -0.9575, 14.9689, 177.8649, 246.8649, 9.9575, 242.1045, 1.8394, 31.1762, -44.6991, 0.594179, -0.777610, -0.205605, -0.000958, 0.774965, 0.621908, -0.112516, 0.014969, 0.215361, -0.092482, 0.972145, 0.177865, 0.000000, 0.000000, 0.000000, 1.000000, 0.215361, -0.092482, 0.972145, 0.246865, -0.594179, 0.777610, 0.205605, 0.009958, -0.774965, -0.621908, 0.112516, 0.242105, 0.000000, 0.000000, 0.000000, 1.000000, 0.998543, 0.039800, 0.036443, 0.001839, 0.034138, 0.057112, -0.997784, 0.031176, -0.041793, 0.997574, 0.055671, -0.044699, 0.000000, 0.000000, 0.000000, 1.000000
-10.3258, -1.0834, 14.7473, 177.7854, 246.7854, 10.0834, 242.3261, 1.6966, 31.1853, -44.7221, 0.594734, -0.776951, -0.206493, -0.001083, 0.775657, 0.622082, -0.106627, 0.014747, 0.211299, -0.096753, 0.972621, 0.177785, 0.000000, 0.000000, 0.000000, 1.000000, 0.211299, -0.096753, 0.972621, 0.246785, -0.594734, 0.776951, 0.206493, 0.010083, -0.775657, -0.622082, 0.106627, 0.242326, 0.000000, 0.000000, 0.000000, 1.000000, 0.998541, 0.039492, 0.036821, 0.001697, 0.034362, 0.061242, -0.997531, 0.031185, -0.041650, 0.997341, 0.059795, -0.044722, 0.000000, 0.000000, 0.000000, 1.000000
-9.8960, -1.3332, 14.4489, 177.7748, 246.7748, 10.3332, 242.6245, 1.5509, 31.0892, -44.6923, 0.597116, -0.777049, -0.199116, -0.001333, 0.775917, 0.622475, -0.102359, 0.014449, 0.203482, -0.093377, 0.974616, 0.177775, 0.000000, 0.000000, 0.000000, 1.000000, 0.203482, -0.093377, 0.974616, 0.246775, -0.597116, 0.777049, 0.199116, 0.010333, -0.775917, -0.622475, 0.102359, 0.242625, 0.000000, 0.000000, 0.000000, 1.000000, 0.998462, 0.041004, 0.037323, 0.001551, 0.034925, 0.057715, -0.997722, 0.031089, -0.043064, 0.997491, 0.056194, -0.044692, 0.000000, 0.000000, 0.000000, 1.000000
-9.6198, -1.5513, 14.2043, 177.9146, 246.9146, 10.5513, 242.8692, 1.4166, 30.8685, -44.6641, 0.599253, -0.776798, -0.193600, -0.001551, 0.776176, 0.622987, -0.097152, 0.014204, 0.196078, -0.092049, 0.976258, 0.177915, 0.000000, 0.000000, 0.000000, 1.000000, 0.196078, -0.092049, 0.976258, 0.246915, -0.599253, 0.776798, 0.193600, 0.010551, -0.776176, -0.622987, 0.097152, 0.242869, 0.000000, 0.000000, 0.000000, 1.000000, 0.998306, 0.042137, 0.040112, 0.001417, 0.037709, 0.056351, -0.997699, 0.030868, -0.044300, 0.997521, 0.054667, -0.044664, 0.000000, 0.000000, 0.000000, 1.000000
-9.3843, -1.6545, 14.0261, 177.9011, 246.9011, 10.6545, 243.0473, 1.3409, 30.8298, -44.6833, 0.598667, -0.777574, -0.192293, -0.001655, 0.777434, 0.621865, -0.094236, 0.014026, 0.192856, -0.093079, 0.976802, 0.177901, 0.000000, 0.000000, 0.000000, 1.000000, 0.192856, -0.093079, 0.976802, 0.246901, -0.598667, 0.777574, 0.192293, 0.010655, -0.777434, -0.621865, 0.094236, 0.243047, 0.000000, 0.000000, 0.000000, 1.000000, 0.998399, 0.040806, 0.039182, 0.001341, 0.036830, 0.056870, -0.997702, 0.030830, -0.042941, 0.997547, 0.055276, -0.044683, 0.000000, 0.000000, 0.000000, 1.000000
-9.1940, -1.7677, 13.8733, 177.7721, 246.7721, 10.7677, 243.2001, 1.2291, 30.9081, -44.6742, 0.599826, -0.777428, -0.189248, -0.001768, 0.777612, 0.622123, -0.091013, 0.013873, 0.188492, -0.092569, 0.977702, 0.177772, 0.000000, 0.000000, 0.000000, 1.000000, 0.188492, -0.092569, 0.977702, 0.246772, -0.599826, 0.777428, 0.189248, 0.010768, -0.777612, -0.622123, 0.091013, 0.243200, 0.000000, 0.000000, 0.000000, 1.000000, 0.998328, 0.041397, 0.040346, 0.001229, 0.037985, 0.056302, -0.997691, 0.030908, -0.043573, 0.997555, 0.054635, -0.044674, 0.000000, 0.000000, 0.000000, 1.000000
-8.9521, -1.8797, 13.7553, 177.8530, 246.8530, 10.8797, 243.3181, 1.2202, 30.7873, -44.6557, 0.599978, -0.777507, -0.188437, -0.001880, 0.777633, 0.622110, -0.090917, 0.013755, 0.187917, -0.091986, 0.977868, 0.177853, 0.000000, 0.000000, 0.000000, 1.000000, 0.187917, -0.091986, 0.977868, 0.246853, -0.599978, 0.777507, 0.188437, 0.010880, -0.777633, -0.622110, 0.090917, 0.243318, 0.000000, 0.000000, 0.000000, 1.000000, 0.998455, 0.041707, 0.036708, 0.001220, 0.034366, 0.055544, -0.997865, 0.030787, -0.043657, 0.997585, 0.054025, -0.044656, 0.000000, 0.000000, 0.000000, 1.000000
-8.8020, -1.9447, 13.5878, 177.7824, 246.7824, 10.9447, 243.4857, 1.1152, 30.8170, -44.6970, 0.600622, -0.777031, -0.188352, -0.001945, 0.778368, 0.622111, -0.084385, 0.013588, 0.182746, -0.095924, 0.978469, 0.177782, 0.000000, 0.000000, 0.000000, 1.000000, 0.182746, -0.095924, 0.978469, 0.246782, -0.600622, 0.777031, 0.188352, 0.010945, -0.778368, -0.622111, 0.084385, 0.243486, 0.000000, 0.000000, 0.000000, 1.000000, 0.998367, 0.041265, 0.039494, 0.001115, 0.037008, 0.059352, -0.997551, 0.030817, -0.043508, 0.997384, 0.057728, -0.044697, 0.000000, 0.000000, 0.000000, 1.000000
-8.5546, -2.0847, 13.4676, 177.7321, 246.7321, 11.0847, 243.6059, 1.0629, 30.8208, -44.6510, 0.600718, -0.777932, -0.184282, -0.002085, 0.777819, 0.621988, -0.090160, 0.013468, 0.184759, -0.089177, 0.978730, 0.177732, 0.000000, 0.000000, 0.000000, 1.000000, 0.184759, -0.089177, 0.978730, 0.246732, -0.600718, 0.777932, 0.184282, 0.011085, -0.777819, -0.621988, 0.090160, 0.243606, 0.000000, 0.000000, 0.000000, 1.000000, 0.998561, 0.042354, 0.032904, 0.001063, 0.030667, 0.052426, -0.998154, 0.030821, -0.044001, 0.997726, 0.051051, -0.044651, 0.000000, 0.000000, 0.000000, 1.000000
-8.2828, -2.2351, 13.1432, 177.5774, 246.5774, 11.2351, 243.9302, 0.8329, 30.8963, -44.7102, 0.601511, -0.776517, -0.187632, -0.002235, 0.778450, 0.622501, -0.080673, 0.013143, 0.179445, -0.097536, 0.978921, 0.177577, 0.000000, 0.000000, 0.000000, 1.000000, 0.179445, -0.097536, 0.978921, 0.246577, -0.601511, 0.776517, 0.187632, 0.011235, -0.778450, -0.622501, 0.080673, 0.243930, 0.000000, 0.000000, 0.000000, 1.000000, 0.998539, 0.042067, 0.033916, 0.000833, 0.031329, 0.060688, -0.997665, 0.030896, -0.044027, 0.997270, 0.059281, -0.044710, 0.000000, 0.000000, 0.000000, 1.000000
-8.1380, -2.3746, 12.9802, 177.7764, 246.7764, 11.3746, 244.0932, 0.7425, 30.6548, -44.7012, 0.604060, -0.776517, -0.179256, -0.002375, 0.779441, 0.622533, -0.070170, 0.012980, 0.166081, -0.097333, 0.981297, 0.177776, 0.000000, 0.000000, 0.000000, 1.000000, 0.166081, -0.097333, 0.981297, 0.246776, -0.604060, 0.776517, 0.179256, 0.011375, -0.779441, -0.622533, 0.070170, 0.244093, 0.000000, 0.000000, 0.000000, 1.000000, 0.998091, 0.042286, 0.045020, 0.000742, 0.042425, 0.060388, -0.997273, 0.030655, -0.044890, 0.997279, 0.058478, -0.044701, 0.000000, 0.000000, 0.000000, 1.000000
-7.8260, -2.4820, 12.8629, 177.7946, 246.7946, 11.4820, 244.2106, 0.7585, 30.5998, -44.6830, 0.602988, -0.777931, -0.176720, -0.002482, 0.779316, 0.621766, -0.077932, 0.012863, 0.170504, -0.090728, 0.981171, 0.177795, 0.000000, 0.000000, 0.000000, 1.000000, 0.170504, -0.090728, 0.981171, 0.246795, -0.602988, 0.777931, 0.176720, 0.011482, -0.779316, -0.621766, 0.077932, 0.244211, 0.000000, 0.000000, 0.000000, 1.000000, 0.998490, 0.042528, 0.034767, 0.000758, 0.032478, 0.053371, -0.998046, 0.030600, -0.044300, 0.997669, 0.051909, -0.044683, 0.000000, 0.000000, 0.000000, 1.000000
-7.5544, -2.6735, 12.5821, 177.6975, 246.6975, 11.6735, 244.4914, 0.5512, 30.6248, -44.6863, 0.604309, -0.777243, -0.175229, -0.002674, 0.780110, 0.621914, -0.068201, 0.012582, 0.161986, -0.095483, 0.982163, 0.177697, 0.000000, 0.000000, 0.000000, 1.000000, 0.161986, -0.095483, 0.982163, 0.246697, -0.604309, 0.777243, 0.175229, 0.011674, -0.780110, -0.621914, 0.068201, 0.244491, 0.000000, 0.000000, 0.000000, 1.000000, 0.998346, 0.042356, 0.038880, 0.000551, 0.036394, 0.057950, -0.997656, 0.030625, -0.044510, 0.997421, 0.056313, -0.044686, 0.000000, 0.000000, 0.000000, 1.000000
-7.3931, -2.8511, 12.4890, 177.8083, 246.8083, 11.8511, 244.5845, 0.4844, 30.4757, -44.6016, 0.606784, -0.777442, -0.165521, -0.002851, 0.779872, 0.622543, -0.065113, 0.012489, 0.153665, -0.089576, 0.984054, 0.177808, 0.000000, 0.000000, 0.000000, 1.000000, 0.153665, -0.089576, 0.984054, 0.246808, -0.606784, 0.777442, 0.165521, 0.011851, -0.779872, -0.622543, 0.065113, 0.244584, 0.000000, 0.000000, 0.000000, 1.000000, 0.998043, 0.044053, 0.044376, 0.000484, 0.042064, 0.052093, -0.997756, 0.030476, -0.046266, 0.997670, 0.050138, -0.044602, 0.000000, 0.000000, 0.000000, 1.000000
-7.0983, -3.0171, 12.2511, 177.8833, 246.8833, 12.0171, 244.8223, 0.3700, 30.3448, -44.6086, 0.607650, -0.777417, -0.162430, -0.003017, 0.780476, 0.622387, -0.059091, 0.012251, 0.147033, -0.090866, 0.984949, 0.177883, 0.000000, 0.000000, 0.000000, 1.000000, 0.147033, -0.090866, 0.984949, 0.246883, -0.607650, 0.777417, 0.162430, 0.012017, -0.780476, -0.622387, 0.059091, 0.244822, 0.000000, 0.000000, 0.000000, 1.000000, 0.997973, 0.043966, 0.046008, 0.000370, 0.043652, 0.053116, -0.997634, 0.030345, -0.046305, 0.997620, 0.051089, -0.044609, 0.000000, 0.000000, 0.000000, 1.000000
-6.8438, -3.0699, 12.1423, 177.7620, 246.7620, 12.0699, 244.9312, 0.3653, 30.4410, -44.6233, 0.606063, -0.777872, -0.166142, -0.003070, 0.780030, 0.622115, -0.067282, 0.012142, 0.155696, -0.088819, 0.983804, 0.177762, 0.000000, 0.000000, 0.000000, 1.000000, 0.155696, -0.088819, 0.983804, 0.246762, -0.606063, 0.777872, 0.166142, 0.012070, -0.780030, -0.622115, 0.067282, 0.244931, 0.000000, 0.000000, 0.000000, 1.000000, 0.998493, 0.044102, 0.032674, 0.000365, 0.030422, 0.050810, -0.998245, 0.030441, -0.045685, 0.997734, 0.049392, -0.044623, 0.000000, 0.000000, 0.000000, 1.000000
-6.5582, -3.2434, 11.8991, 177.7707, 246.7707, 12.2434, 245.1744, 0.2247, 30.3768, -44.6244, 0.607670, -0.777386, -0.162506, -0.003243, 0.780480, 0.622400, -0.058892, 0.011899, 0.146925, -0.091046, 0.984949, 0.177771, 0.000000, 0.000000, 0.000000, 1.000000, 0.146925, -0.091046, 0.984949, 0.246771, -0.607670, 0.777386, 0.162506, 0.012243, -0.780480, -0.622400, 0.058892, 0.245174, 0.000000, 0.000000, 0.000000, 1.000000, 0.998336, 0.044461, 0.036712, 0.000225, 0.034345, 0.052882, -0.998010, 0.030377, -0.046314, 0.997611, 0.051267, -0.044624, 0.000000, 0.000000, 0.000000, 1.000000
-6.4013, -3.2879, 11.7498, 177.6462, 246.6462, 12.2879, 245.3236, 0.1403, 30.4749, -44.6692, 0.607383, -0.776285, -0.168725, -0.003288, 0.781116, 0.622286, -0.051172, 0.011750, 0.144719, -0.100713, 0.984334, 0.177646, 0.000000, 0.000000, 0.000000, 1.000000, 0.144719, -0.100713, 0.984334, 0.246646, -0.607383, 0.776285, 0.168725, 0.012288, -0.781116, -0.622286, 0.051172, 0.245324, 0.000000, 0.000000, 0.000000, 1.000000, 0.998387, 0.043435, 0.036569, 0.000140, 0.033821, 0.062406, -0.997478, 0.030475, -0.045607, 0.997105, 0.060836, -0.044669, 0.000000, 0.000000, 0.000000, 1.000000
-6.1521, -3.5058, 11.5516, 177.8512, 246.8512, 12.5058, 245.5219, 0.0250, 30.2199, -44.6173, 0.610403, -0.777239, -0.152665, -0.003506, 0.780883, 0.622791, -0.048497, 0.011552, 0.132773, -0.089611, 0.987087, 0.177851, 0.000000, 0.000000, 0.000000, 1.000000, 0.132773, -0.089611, 0.987087, 0.246851, -0.610403, 0.777239, 0.152665, 0.012506, -0.780883, -0.622791, 0.048497, 0.245522, 0.000000, 0.000000, 0.000000, 1.000000, 0.997998, 0.045479, 0.043959, 0.000025, 0.041618, 0.051217, -0.997820, 0.030220, -0.047632, 0.997651, 0.049222, -0.044617, 0.000000, 0.000000, 0.000000, 1.000000
-5.9388, -3.6142, 11.4171, 177.7424, 246.7424, 12.6142, 245.6563, -0.0506, 30.2971, -44.6023, 0.609114, -0.778217, -0.152833, -0.003614, 0.781113, 0.622030, -0.054225, 0.011417, 0.137266, -0.086351, 0.986763, 0.177742, 0.000000, 0.000000, 0.000000, 1.000000, 0.137266, -0.086351, 0.986763, 0.246742, -0.609114, 0.778217, 0.152833, 0.012614, -0.781113, -0.622030, 0.054225, 0.245656, 0.000000, 0.000000, 0.000000, 1.000000, 0.998355, 0.045050, 0.035478, -0.000051, 0.033327, 0.047621, -0.998309, 0.030297, -0.046663, 0.997849, 0.046042, -0.044602, 0.000000, 0.000000, 0.000000, 1.000000
-5.4875, -3.8678, 11.0221, 177.7120, 246.7120, 12.8678, 246.0513, -0.2797, 30.2525, -44.6248, 0.610862, -0.776988, -0.152107, -0.003868, 0.781414, 0.622589, -0.042128, 0.011022, 0.127433, -0.093124, 0.987466, 0.177712, 0.000000, 0.000000, 0.000000, 1.000000, 0.127433, -0.093124, 0.987466, 0.246712, -0.610862, 0.776988, 0.152107, 0.012868, -0.781414, -0.622589, 0.042128, 0.246051, 0.000000, 0.000000, 0.000000, 1.000000, 0.998246, 0.045487, 0.037898, -0.000280, 0.035417, 0.054162, -0.997904, 0.030252, -0.047444, 0.997496, 0.052456, -0.044625, 0.000000, 0.000000, 0.000000, 1.000000
-5.1990, -3.9934, 10.7989, 177.8816, 246.8816, 12.9934, 246.2746, -0.3528, 30.0478, -44.6606, 0.612045, -0.776174, -0.151511, -0.003993, 0.782640, 0.621982, -0.024785, 0.010799, 0.113475, -0.103409, 0.988145, 0.177882, 0.000000, 0.000000, 0.000000, 1.000000, 0.113475, -0.103409, 0.988145, 0.246882, -0.612045, 0.776174, 0.151511, 0.012993, -0.782640, -0.621982, 0.024785, 0.246275, 0.000000, 0.000000, 0.000000, 1.000000, 0.997904, 0.044134, 0.047318, -0.000353, 0.044437, 0.064125, -0.996952, 0.030048, -0.047033, 0.996966, 0.062029, -0.044661, 0.000000, 0.000000, 0.000000, 1.000000
-5.0344, -4.1069, 10.7251, 177.8036, 246.8036, 13.1069, 246.3484, -0.4026, 30.1041, -44.6078, 0.611074, -0.777915, -0.146412, -0.004107, 0.781503, 0.622300, -0.044677, 0.010725, 0.125867, -0.087120, 0.988214, 0.177804, 0.000000, 0.000000, 0.000000, 1.000000, 0.125867, -0.087120, 0.988214, 0.246804, -0.611074, 0.777915, 0.146412, 0.013107, -0.781503, -0.622300, 0.044677, 0.246348, 0.000000, 0.000000, 0.000000, 1.000000, 0.998448, 0.046068, 0.031306, -0.000403, 0.029104, 0.047728, -0.998436, 0.030104, -0.047490, 0.997797, 0.046313, -0.044608, 0.000000, 0.000000, 0.000000, 1.000000
-4.5475, -4.3407, 10.3309, 177.7273, 246.7273, 13.3407, 246.7425, -0.6098, 30.1178, -44.6436, 0.612944, -0.776658, -0.145263, -0.004341, 0.781759, 0.622801, -0.031176, 0.010331, 0.114683, -0.094452, 0.988902, 0.177727, 0.000000, 0.000000, 0.000000, 1.000000, 0.114683, -0.094452, 0.988902, 0.246727, -0.612944, 0.776658, 0.145263, 0.013341, -0.781759, -0.622801, 0.031176, 0.246743, 0.000000, 0.000000, 0.000000, 1.000000, 0.998321, 0.046537, 0.034489, -0.000610, 0.031924, 0.054780, -0.997988, 0.030118, -0.048332, 0.997413, 0.053203, -0.044644, 0.000000, 0.000000, 0.000000, 1.000000
-4.3767, -4.4988, 10.0871, 177.8587, 246.8587, 13.4988, 246.9863, -0.7889, 29.9491, -44.6633, 0.613907, -0.776994, -0.139278, -0.004499, 0.782941, 0.621835, -0.018017, 0.010087, 0.100607, -0.097985, 0.990089, 0.177859, 0.000000, 0.000000, 0.000000, 1.000000, 0.100607, -0.097985, 0.990089, 0.246859, -0.613907, 0.776994, 0.139278, 0.013499, -0.782941, -0.621835, 0.018017, 0.246986, 0.000000, 0.000000, 0.000000, 1.000000, 0.997929, 0.045228, 0.045741, -0.000789, 0.043087, 0.058010, -0.997386, 0.029949, -0.047764, 0.997291, 0.055942, -0.044663, 0.000000, 0.000000, 0.000000, 1.000000
-3.9239, -4.7865, 9.7658, 177.9309, 246.9309, 13.7865, 247.3077, -0.9673, 29.8235, -44.6200, 0.616417, -0.776330, -0.131689, -0.004787, 0.782808, 0.622250, -0.004067, 0.009766, 0.085101, -0.100580, 0.991283, 0.177931, 0.000000, 0.000000, 0.000000, 1.000000, 0.085101, -0.100580, 0.991283, 0.246931, -0.616417, 0.776330, 0.131689, 0.013787, -0.782808, -0.622250, 0.004067, 0.247308, 0.000000, 0.000000, 0.000000, 1.000000, 0.997497, 0.046055, 0.053647, -0.000967, 0.050829, 0.060330, -0.996883, 0.029823, -0.049148, 0.997115, 0.057838, -0.044620, 0.000000, 0.000000, 0.000000, 1.000000
-3.7378, -4.9147, 9.6214, 178.0029, 247.0029, 13.9147, 247.4521, -1.0513, 29.7292, -44.6032, 0.617341, -0.776988, -0.123209, -0.004915, 0.782517, 0.622605, -0.005493, 0.009621, 0.080979, -0.093022, 0.992365, 0.178003, 0.000000, 0.000000, 0.000000, 1.000000, 0.080979, -0.093022, 0.992365, 0.247003, -0.617341, 0.776988, 0.123209, 0.013915, -0.782517, -0.622605, 0.005493, 0.247452, 0.000000, 0.000000, 0.000000, 1.000000, 0.997414, 0.047146, 0.054249, -0.001051, 0.051753, 0.052649, -0.997271, 0.029729, -0.049873, 0.997500, 0.050073, -0.044603, 0.000000, 0.000000, 0.000000, 1.000000
-3.4614, -4.9896, 9.4946, 177.8095, 246.8095, 13.9896, 247.5789, -1.0777, 29.9078, -44.6071, 0.615517, -0.776762, -0.133340, -0.004990, 0.782695, 0.622289, -0.012055, 0.009495, 0.092340, -0.096944, 0.990997, 0.177809, 0.000000, 0.000000, 0.000000, 1.000000, 0.092340, -0.096944, 0.990997, 0.246809, -0.615517, 0.776762, 0.133340, 0.013990, -0.782695, -0.622289, 0.012055, 0.247579, 0.000000, 0.000000, 0.000000, 1.000000, 0.998177, 0.046780, 0.038146, -0.001078, 0.035492, 0.056309, -0.997782, 0.029908, -0.048824, 0.997317, 0.054546, -0.044607, 0.000000, 0.000000, 0.000000, 1.000000
-3.1999, -5.1762, 9.2270, 177.9721, 246.9721, 14.1762, 247.8464, -1.2453, 29.7118, -44.6189, 0.618180, -0.776354, -0.122994, -0.005176, 0.782769, 0.622280, 0.006357, 0.009227, 0.071602, -0.100206, 0.992387, 0.177972, 0.000000, 0.000000, 0.000000, 1.000000, 0.071602, -0.100206, 0.992387, 0.246972, -0.618180, 0.776354, 0.122994, 0.014176, -0.782769, -0.622280, -0.006357, 0.247846, 0.000000, 0.000000, 0.000000, 1.000000, 0.997407, 0.046869, 0.054612, -0.001245, 0.051794, 0.059372, -0.996891, 0.029712, -0.049966, 0.997135, 0.056790, -0.044619, 0.000000, 0.000000, 0.000000, 1.000000
-2.9674, -5.2332, 9.0399, 177.8942, 246.8942, 14.2332, 248.0336, -1.3183, 29.7752, -44.6778, 0.616706, -0.776067, -0.131882, -0.005233, 0.783341, 0.621568, 0.005401, 0.009040, 0.077782, -0.106640, 0.991251, 0.177894, 0.000000, 0.000000, 0.000000, 1.000000, 0.077782, -0.106640, 0.991251, 0.246894, -0.616706, 0.776067, 0.131882, 0.014233, -0.783341, -0.621568, -0.005401, 0.248034, 0.000000, 0.000000, 0.000000, 1.000000, 0.997950, 0.045945, 0.044558, -0.001318, 0.041498, 0.065546, -0.996986, 0.029775, -0.048728, 0.996791, 0.063505, -0.044678, 0.000000, 0.000000, 0.000000, 1.000000
-2.7204, -5.3842, 8.8400, 177.8463, 246.8463, 14.3842, 248.2335, -1.4441, 29.7996, -44.6692, 0.617650, -0.775586, -0.130288, -0.005384, 0.782915, 0.622071, 0.008424, 0.008840, 0.074515, -0.107208, 0.991440, 0.177846, 0.000000, 0.000000, 0.000000, 1.000000, 0.074515, -0.107208, 0.991440, 0.246846, -0.617650, 0.775586, 0.130288, 0.014384, -0.782915, -0.622071, -0.008424, 0.248233, 0.000000, 0.000000, 0.000000, 1.000000, 0.997948, 0.046848, 0.043648, -0.001444, 0.040509, 0.065993, -0.996997, 0.029800, -0.049588, 0.996720, 0.063960, -0.044669, 0.000000, 0.000000, 0.000000, 1.000000
-2.4667, -5.5557, 8.6617, 177.9298, 246.9298, 14.5557, 248.4118, -1.5463, 29.6946, -44.6376, 0.618309, -0.776262, -0.122925, -0.005556, 0.783005, 0.621915, 0.011151, 0.008662, 0.067793, -0.103146, 0.992353, 0.177930, 0.000000, 0.000000, 0.000000, 1.000000, 0.067793, -0.103146, 0.992353, 0.246930, -0.618309, 0.776262, 0.122925, 0.014556, -0.783005, -0.621915, -0.011151, 0.248412, 0.000000, 0.000000, 0.000000, 1.000000, 0.997843, 0.047064, 0.045774, -0.001546, 0.042835, 0.061674, -0.997177, 0.029695, -0.049754, 0.996986, 0.059525, -0.044638, 0.000000, 0.000000, 0.000000, 1.000000
-2.2318, -5.7051, 8.4554, 177.9169, 246.9169, 14.7051, 248.6180, -1.6791, 29.6868, -44.6357, 0.619265, -0.776281, -0.117890, -0.005705, 0.782902, 0.621900, 0.017432, 0.008455, 0.059783, -0.103091, 0.992874, 0.177917, 0.000000, 0.000000, 0.000000, 1.000000, 0.059783, -0.103091, 0.992874, 0.246917, -0.619265, 0.776281, 0.117890, 0.014705, -0.782902, -0.621900, -0.017432, 0.248618, 0.000000, 0.000000, 0.000000, 1.000000, 0.997642, 0.047299, 0.049733, -0.001679, 0.046790, 0.061424, -0.997014, 0.029687, -0.050213, 0.996990, 0.059066, -0.044636, 0.000000, 0.000000, 0.000000, 1.000000
-1.9685, -5.8116, 8.3005, 177.9358, 246.9358, 14.8116, 248.7730, -1.7277, 29.6569, -44.6402, 0.618962, -0.775907, -0.121875, -0.005812, 0.782740, 0.622187, 0.014172, 0.008300, 0.064833, -0.104169, 0.992444, 0.177936, 0.000000, 0.000000, 0.000000, 1.000000, 0.064833, -0.104169, 0.992444, 0.246936, -0.618962, 0.775907, 0.121875, 0.014812, -0.782740, -0.622187, -0.014172, 0.248773, 0.000000, 0.000000, 0.000000, 1.000000, 0.998043, 0.047922, 0.040162, -0.001728, 0.037141, 0.062328, -0.997364, 0.029657, -0.050299, 0.996905, 0.060426, -0.044640, 0.000000, 0.000000, 0.000000, 1.000000
-1.6934, -5.9454, 8.1054, 177.8983, 246.8983, 14.9454, 248.9680, -1.8248, 29.6799, -44.6433, 0.619784, -0.775942, -0.117397, -0.005945, 0.782719, 0.622022, 0.020987, 0.008105, 0.056738, -0.104896, 0.992863, 0.177898, 0.000000, 0.000000, 0.000000, 1.000000, 0.056738, -0.104896, 0.992863, 0.246898, -0.619784, 0.775942, 0.117397, 0.014945, -0.782719, -0.622022, -0.020987, 0.248968, 0.000000, 0.000000, 0.000000, 1.000000, 0.997898, 0.047997, 0.043541, -0.001825, 0.040489, 0.062809, -0.997204, 0.029680, -0.050597, 0.996871, 0.060734, -0.044643, 0.000000, 0.000000, 0.000000, 1.000000
-1.5326, -6.0579, 7.9356, 177.8790, 246.8790, 15.0579, 249.1379, -1.9455, 29.6857, -44.6499, 0.619257, -0.775837, -0.120819, -0.006058, 0.782660, 0.622249, 0.015761, 0.007936, 0.062951, -0.104321, 0.992549, 0.177879, 0.000000, 0.000000, 0.000000, 1.000000, 0.062951, -0.104321, 0.992549, 0.246879, -0.619257, 0.775837, 0.120819, 0.015058, -0.782660, -0.622249, -0.015761, 0.249138, 0.000000, 0.000000, 0.000000, 1.000000, 0.998229, 0.048472, 0.034481, -0.001946, 0.031442, 0.062122, -0.997573, 0.029686, -0.050496, 0.996891, 0.060488, -0.044650, 0.000000, 0.000000, 0.000000, 1.000000
-1.2357, -6.2351, 7.6736, 177.9553, 246.9553, 15.2351, 249.3999, -2.1003, 29.5924, -44.6620, 0.621326, -0.775523, -0.111880, -0.006235, 0.782514, 0.621491, 0.037679, 0.007674, 0.040311, -0.110959, 0.993007, 0.177955, 0.000000, 0.000000, 0.000000, 1.000000, 0.040311, -0.110959, 0.993007, 0.246955, -0.621326, 0.775523, 0.111880, 0.015235, -0.782514, -0.621491, -0.037679, 0.249400, 0.000000, 0.000000, 0.000000, 1.000000, 0.997487, 0.047781, 0.052318, -0.002100, 0.048984, 0.068471, -0.996450, 0.029592, -0.051194, 0.996508, 0.065958, -0.044662, 0.000000, 0.000000, 0.000000, 1.000000
-0.9883, -6.3671, 7.4793, 177.9206, 246.9206, 15.3671, 249.5942, -2.2094, 29.6166, -44.6662, 0.621003, -0.775334, -0.114949, -0.006367, 0.782508, 0.621712, 0.033976, 0.007479, 0.045122, -0.111048, 0.992790, 0.177921, 0.000000, 0.000000, 0.000000, 1.000000, 0.045122, -0.111048, 0.992790, 0.246921, -0.621003, 0.775334, 0.114949, 0.015367, -0.782508, -0.621712, -0.033976, 0.249594, 0.000000, 0.000000, 0.000000, 1.000000, 0.997895, 0.048358, 0.043217, -0.002209, 0.039859, 0.068378, -0.996863, 0.029617, -0.051161, 0.996487, 0.066306, -0.044666, 0.000000, 0.000000, 0.000000, 1.000000
-0.7976, -6.4094, 7.3150, 177.8036, 246.8036, 15.4094, 249.7584, -2.2779, 29.7306, -44.7219, 0.620962, -0.774381, -0.121406, -0.006409, 0.782630, 0.621127, 0.041139, 0.007315, 0.043551, -0.120562, 0.991750, 0.177804, 0.000000, 0.000000, 0.000000, 1.000000, 0.043551, -0.120562, 0.991750, 0.246804, -0.620962, 0.774381, 0.121406, 0.015409, -0.782630, -0.621127, -0.041139, 0.249758, 0.000000, 0.000000, 0.000000, 1.000000, 0.997972, 0.047906, 0.041907, -0.002278, 0.038102, 0.077749, -0.996245, 0.029731, -0.050984, 0.995821, 0.075766, -0.044722, 0.000000, 0.000000, 0.000000, 1.000000
-0.5047, -6.6249, 7.1597, 177.9452, 246.9452, 15.6249, 249.9137, -2.3660, 29.5781, -44.6439, 0.621426, -0.775550, -0.111138, -0.006625, 0.782518, 0.621393, 0.039194, 0.007160, 0.038663, -0.111323, 0.993032, 0.177945, 0.000000, 0.000000, 0.000000, 1.000000, 0.038663, -0.111323, 0.993032, 0.246945, -0.621426, 0.775550, 0.111138, 0.015625, -0.782518, -0.621393, -0.039194, 0.249914, 0.000000, 0.000000, 0.000000, 1.000000, 0.997969, 0.048529, 0.041255, -0.002366, 0.037896, 0.068213, -0.996951, 0.029578, -0.051195, 0.996490, 0.066235, -0.044644, 0.000000, 0.000000, 0.000000, 1.000000
-0.2219, -6.7587, 6.9016, 178.0002, 247.0002, 15.7587, 250.1719, -2.5036, 29.5167, -44.6880, 0.622287, -0.774833, -0.111325, -0.006759, 0.782164, 0.621154, 0.048857, 0.006902, 0.031294, -0.117477, 0.992582, 0.178000, 0.000000, 0.000000, 0.000000, 1.000000, 0.031294, -0.117477, 0.992582, 0.247000, -0.622287, 0.774833, 0.111325, 0.015759, -0.782164, -0.621154, -0.048857, 0.250172, 0.000000, 0.000000, 0.000000, 1.000000, 0.997843, 0.048659, 0.044057, -0.002504, 0.040378, 0.074155, -0.996429, 0.029517, -0.051752, 0.996059, 0.072030, -0.044688, 0.000000, 0.000000, 0.000000, 1.000000
0.0040, -6.9201, 6.7797, 177.9939, 246.9939, 15.9201, 250.2937, -2.5803, 29.5171, -44.6276, 0.621951, -0.776081, -0.104284, -0.006920, 0.782343, 0.621531, 0.040466, 0.006780, 0.033411, -0.106754, 0.993724, 0.177994, 0.000000, 0.000000, 0.000000, 1.000000, 0.033411, -0.106754, 0.993724, 0.246994, -0.621951, 0.776081, 0.104284, 0.015920, -0.782343, -0.621531, -0.040466, 0.250294, 0.000000, 0.000000, 0.000000, 1.000000, 0.998084, 0.049235, 0.037463, -0.002580, 0.034320, 0.063189, -0.997411, 0.029517, -0.051475, 0.996786, 0.061378, -0.044628, 0.000000, 0.000000, 0.000000, 1.000000
0.2184, -6.9572, 6.5748, 177.9058, 246.9058, 15.9572, 250.4986, -2.6633, 29.6070, -44.7125, 0.622539, -0.774104, -0.114926, -0.006957, 0.782032, 0.620890, 0.054051, 0.006575, 0.029515, -0.123525, 0.991902, 0.177906, 0.000000, 0.000000, 0.000000, 1.000000, 0.029515, -0.123525, 0.991902, 0.246906, -0.622539, 0.774104, 0.114926, 0.015957, -0.782032, -0.620890, -0.054051, 0.250499, 0.000000, 0.000000, 0.000000, 1.000000, 0.998053, 0.049062, 0.038502, -0.002663, 0.034505, 0.079857, -0.996209, 0.029607, -0.051950, 0.995598, 0.078008, -0.044712, 0.000000, 0.000000, 0.000000, 1.000000
0.4592, -7.1093, 6.4643, 177.9938, 246.9938, 16.1093, 250.6092, -2.7113, 29.5171, -44.6575, 0.621654, -0.775389, -0.110988, -0.007109, 0.782438, 0.621325, 0.041779, 0.006464, 0.036564, -0.112813, 0.992943, 0.177994, 0.000000, 0.000000, 0.000000, 1.000000, 0.036564, -0.112813, 0.992943, 0.246994, -0.621654, 0.775389, 0.110988, 0.016109, -0.782438, -0.621325, -0.041779, 0.250609, 0.000000, 0.000000, 0.000000, 1.000000, 0.998412, 0.049622, 0.026661, -0.002711, 0.023209, 0.068883, -0.997355, 0.029517, -0.051327, 0.996390, 0.067622, -0.044657, 0.000000, 0.000000, 0.000000, 1.000000
0.6526, -7.2342, 6.2027, 177.9812, 246.9812, 16.2342, 250.8707, -2.8974, 29.5257, -44.7076, 0.623781, -0.774173, -0.107486, -0.007234, 0.781401, 0.620793, 0.063474, 0.006203, 0.017587, -0.123583, 0.992178, 0.177981, 0.000000, 0.000000, 0.000000, 1.000000, 0.017587, -0.123583, 0.992178, 0.246981, -0.623781, 0.774173, 0.107486, 0.016234, -0.781401, -0.620793, -0.063474, 0.250871, 0.000000, 0.000000, 0.000000, 1.000000, 0.997849, 0.049545, 0.042925, -0.002897, 0.038900, 0.079533, -0.996073, 0.029526, -0.052764, 0.995600, 0.077435, -0.044708, 0.000000, 0.000000, 0.000000, 1.000000
0.9066, -7.3203, 6.0570, 177.8879, 246.8879, 16.3203, 251.0164, -2.9398, 29.6236, -44.7180, 0.622619, -0.774027, -0.115012, -0.007320, 0.782036, 0.620668, 0.056487, 0.006057, 0.027662, -0.125114, 0.991757, 0.177888, 0.000000, 0.000000, 0.000000, 1.000000, 0.027662, -0.125114, 0.991757, 0.246888, -0.622619, 0.774027, 0.115012, 0.016320, -0.782036, -0.620668, -0.056487, 0.251016, 0.000000, 0.000000, 0.000000, 1.000000, 0.998354, 0.049803, 0.028450, -0.002940, 0.024362, 0.080848, -0.996429, 0.029624, -0.051926, 0.995481, 0.079502, -0.044718, 0.000000, 0.000000, 0.000000, 1.000000
1.1507, -7.4464, 5.8514, 177.9507, 246.9507, 16.4464, 251.2221, -3.0509, 29.5631, -44.7383, 0.624145, -0.773184, -0.112384, -0.007446, 0.781172, 0.620237, 0.071248, 0.005851, 0.014617, -0.132261, 0.991107, 0.177951, 0.000000, 0.000000, 0.000000, 1.000000, 0.014617, -0.132261, 0.991107, 0.246951, -0.624145, 0.773184, 0.112384, 0.016446, -0.781172, -0.620237, -0.071248, 0.251222, 0.000000, 0.000000, 0.000000, 1.000000, 0.998039, 0.049962, 0.037697, -0.003051, 0.033208, 0.087818, -0.995583, 0.029563, -0.053052, 0.994883, 0.085986, -0.044738, 0.000000, 0.000000, 0.000000, 1.000000
1.2889, -7.6047, 5.7975, 178.0682, 247.0682, 16.6047, 251.2759, -3.1106, 29.4426, -44.6466, 0.624175, -0.775000, -0.098901, -0.007605, 0.781191, 0.621039, 0.063649, 0.005798, 0.012094, -0.116989, 0.993060, 0.178068, 0.000000, 0.000000, 0.000000, 1.000000, 0.012094, -0.116989, 0.993060, 0.247068, -0.624175, 0.775000, 0.098901, 0.016605, -0.781191, -0.621039, -0.063649, 0.251276, 0.000000, 0.000000, 0.000000, 1.000000, 0.998041, 0.050427, 0.037037, -0.003111, 0.033336, 0.072348, -0.996822, 0.029443, -0.052946, 0.996104, 0.070525, -0.044647, 0.000000, 0.000000, 0.000000, 1.000000
1.5609, -7.6402, 5.6136, 178.0119, 247.0119, 16.6402, 251.4599, -3.1429, 29.5105, -44.7221, 0.623646, -0.773663, -0.111850, -0.007640, 0.781516, 0.620236, 0.067374, 0.005614, 0.017249, -0.129429, 0.991439, 0.178012, 0.000000, 0.000000, 0.000000, 1.000000, 0.017249, -0.129429, 0.991439, 0.247012, -0.623646, 0.773663, 0.111850, 0.016640, -0.781516, -0.620236, -0.067374, 0.251460, 0.000000, 0.000000, 0.000000, 1.000000, 0.998343, 0.050419, 0.027747, -0.003143, 0.023413, 0.084603, -0.996140, 0.029510, -0.052571, 0.995138, 0.083282, -0.044722, 0.000000, 0.000000, 0.000000, 1.000000
