# Joint_B_Angle(deg), Cam_X(mm), Cam_Y(mm), Cam_Z(mm), Torso_X(mm), Torso_Y(mm), Torso_Z(mm), EE_X(mm), EE_Y(mm), EE_Z(mm), T_cam2marker_flat(16), T_torso2marker_flat(16), T_ee2marker_flat(16)
-14.9919, 1.5289, 17.8263, 180.4219, 249.4219, 7.4711, 239.2472, 3.8109, 30.0349, -45.1764, 0.577425, -0.776974, -0.250781, 0.001529, 0.764352, 0.622411, -0.168438, 0.017826, 0.286961, -0.094425, 0.953277, 0.180422, 0.000000, 0.000000, 0.000000, 1.000000, 0.286961, -0.094425, 0.953277, 0.249422, -0.577425, 0.776974, 0.250781, 0.007471, -0.764352, -0.622411, 0.168438, 0.239247, 0.000000, 0.000000, 0.000000, 1.000000, 0.998594, 0.035381, 0.039463, 0.003811, 0.037214, 0.062112, -0.997375, 0.030035, -0.037739, 0.997442, 0.060708, -0.045176, 0.000000, 0.000000, 0.000000, 1.000000
-14.9357, 1.5653, 17.8484, 180.5081, 249.5081, 7.4347, 239.2251, 3.9048, 29.9629, -45.1972, 0.576738, -0.776686, -0.253243, 0.001565, 0.765002, 0.622231, -0.166133, 0.017848, 0.286609, -0.097917, 0.953031, 0.180508, 0.000000, 0.000000, 0.000000, 1.000000, 0.286609, -0.097917, 0.953031, 0.249508, -0.576738, 0.776686, 0.253243, 0.007435, -0.765002, -0.622231, 0.166133, 0.239225, 0.000000, 0.000000, 0.000000, 1.000000, 0.998654, 0.034340, 0.038873, 0.003905, 0.036567, 0.065404, -0.997189, 0.029963, -0.036786, 0.997268, 0.064060, -0.045197, 0.000000, 0.000000, 0.000000, 1.000000
-14.7880, 1.5026, 17.7289, 180.3559, 249.3558, 7.4974, 239.3446, 3.8066, 30.0553, -45.2086, 0.576877, -0.776637, -0.253075, 0.001503, 0.765086, 0.622265, -0.165616, 0.017729, 0.286103, -0.098084, 0.953165, 0.180356, 0.000000, 0.000000, 0.000000, 1.000000, 0.286103, -0.098084, 0.953165, 0.249356, -0.576877, 0.776637, 0.253075, 0.007497, -0.765086, -0.622265, 0.165616, 0.239345, 0.000000, 0.000000, 0.000000, 1.000000, 0.998725, 0.034509, 0.036839, 0.003807, 0.034522, 0.065492, -0.997256, 0.030055, -0.036827, 0.997256, 0.064217, -0.045209, 0.000000, 0.000000, 0.000000, 1.000000
-14.5740, 1.3313, 17.5657, 180.4783, 249.4783, 7.6687, 239.5078, 3.7373, 29.8496, -45.1702, 0.580331, -0.775912, -0.247339, 0.001331, 0.765564, 0.623347, -0.159221, 0.017566, 0.277719, -0.096953, 0.955757, 0.180478, 0.000000, 0.000000, 0.000000, 1.000000, 0.277719, -0.096953, 0.955757, 0.249478, -0.580331, 0.775912, 0.247339, 0.007669, -0.765564, -0.623347, 0.159221, 0.239508, 0.000000, 0.000000, 0.000000, 1.000000, 0.998456, 0.036345, 0.042020, 0.003737, 0.039609, 0.064697, -0.997119, 0.029850, -0.038959, 0.997243, 0.063158, -0.045170, 0.000000, 0.000000, 0.000000, 1.000000
-14.4000, 1.2665, 17.3832, 180.2161, 249.2161, 7.7335, 239.6902, 3.5688, 30.0316, -45.2114, 0.579851, -0.775561, -0.249555, 0.001267, 0.766271, 0.623208, -0.156333, 0.017383, 0.276770, -0.100577, 0.955658, 0.180216, 0.000000, 0.000000, 0.000000, 1.000000, 0.276770, -0.100577, 0.955658, 0.249216, -0.579851, 0.775561, 0.249555, 0.007733, -0.766271, -0.623208, 0.156333, 0.239690, 0.000000, 0.000000, 0.000000, 1.000000, 0.998568, 0.035496, 0.040016, 0.003569, 0.037533, 0.068071, -0.996974, 0.030032, -0.038112, 0.997049, 0.066642, -0.045211, 0.000000, 0.000000, 0.000000, 1.000000
-14.0102, 1.0672, 17.1400, 180.1669, 249.1669, 7.9328, 239.9334, 3.4595, 29.9568, -45.1887, 0.581747, -0.776315, -0.242704, 0.001067, 0.767838, 0.622598, -0.150986, 0.017140, 0.268319, -0.098522, 0.958279, 0.180167, 0.000000, 0.000000, 0.000000, 1.000000, 0.268319, -0.098522, 0.958279, 0.249167, -0.581747, 0.776315, 0.242704, 0.007933, -0.767838, -0.622598, 0.150986, 0.239933, 0.000000, 0.000000, 0.000000, 1.000000, 0.998482, 0.035697, 0.041936, 0.003460, 0.039532, 0.065576, -0.997064, 0.029957, -0.038342, 0.997209, 0.064066, -0.045189, 0.000000, 0.000000, 0.000000, 1.000000
-13.8041, 0.9362, 16.9979, 180.1469, 249.1469, 8.0638, 240.0755, 3.3787, 29.9043, -45.1640, 0.581864, -0.776584, -0.241561, 0.000936, 0.767812, 0.622466, -0.151660, 0.016998, 0.268140, -0.097228, 0.958461, 0.180147, 0.000000, 0.000000, 0.000000, 1.000000, 0.268140, -0.097228, 0.958461, 0.249147, -0.581864, 0.776584, 0.241561, 0.008064, -0.767812, -0.622466, 0.151660, 0.240076, 0.000000, 0.000000, 0.000000, 1.000000, 0.998607, 0.036073, 0.038497, 0.003379, 0.036130, 0.064129, -0.997287, 0.029904, -0.038444, 0.997289, 0.062737, -0.045164, 0.000000, 0.000000, 0.000000, 1.000000
-13.3721, 0.7516, 16.7539, 180.0046, 249.0046, 8.2484, 240.3196, 3.2700, 29.9235, -45.1494, 0.583324, -0.776642, -0.237823, 0.000752, 0.768302, 0.622584, -0.148666, 0.016754, 0.263525, -0.095999, 0.959864, 0.180005, 0.000000, 0.000000, 0.000000, 1.000000, 0.263525, -0.095999, 0.959864, 0.249005, -0.583324, 0.776642, 0.237823, 0.008248, -0.768302, -0.622584, 0.148666, 0.240320, 0.000000, 0.000000, 0.000000, 1.000000, 0.998675, 0.036977, 0.035778, 0.003270, 0.033413, 0.062696, -0.997473, 0.029923, -0.039127, 0.997347, 0.061377, -0.045149, 0.000000, 0.000000, 0.000000, 1.000000
-13.0518, 0.5253, 16.4927, 180.0933, 249.0933, 8.4747, 240.5808, 3.1338, 29.7190, -45.1218, 0.585464, -0.776635, -0.232530, 0.000525, 0.769619, 0.622590, -0.141663, 0.016493, 0.254791, -0.096021, 0.962217, 0.180093, 0.000000, 0.000000, 0.000000, 1.000000, 0.254791, -0.096021, 0.962217, 0.249093, -0.585464, 0.776635, 0.232530, 0.008475, -0.769619, -0.622590, 0.141663, 0.240581, 0.000000, 0.000000, 0.000000, 1.000000, 0.998531, 0.037329, 0.039277, 0.003134, 0.036894, 0.062512, -0.997362, 0.029719, -0.039686, 0.997346, 0.061043, -0.045122, 0.000000, 0.000000, 0.000000, 1.000000
-12.8663, 0.4352, 16.2789, 179.7118, 248.7118, 8.5648, 240.7946, 2.9036, 30.0115, -45.1550, 0.584618, -0.776545, -0.234948, 0.000435, 0.770495, 0.622111, -0.138977, 0.016279, 0.254085, -0.099778, 0.962021, 0.179712, 0.000000, 0.000000, 0.000000, 1.000000, 0.254085, -0.099778, 0.962021, 0.248712, -0.584618, 0.776545, 0.234948, 0.008565, -0.770495, -0.622111, 0.138977, 0.240795, 0.000000, 0.000000, 0.000000, 1.000000, 0.998670, 0.036132, 0.036784, 0.002904, 0.034346, 0.065906, -0.997235, 0.030011, -0.038456, 0.997171, 0.064577, -0.045155, 0.000000, 0.000000, 0.000000, 1.000000
-12.4273, 0.1875, 16.0135, 179.8827, 248.8827, 8.8125, 241.0599, 2.8359, 29.7221, -45.1163, 0.587740, -0.776398, -0.227527, 0.000188, 0.771317, 0.622598, -0.132070, 0.016014, 0.244197, -0.097873, 0.964774, 0.179883, 0.000000, 0.000000, 0.000000, 1.000000, 0.244197, -0.097873, 0.964774, 0.248883, -0.587740, 0.776398, 0.227527, 0.008812, -0.771317, -0.622598, 0.132070, 0.241060, 0.000000, 0.000000, 0.000000, 1.000000, 0.998514, 0.037630, 0.039424, 0.002836, 0.036965, 0.063926, -0.997270, 0.029722, -0.040047, 0.997245, 0.062440, -0.045116, 0.000000, 0.000000, 0.000000, 1.000000
-12.2695, 0.0769, 15.7994, 179.5777, 248.5776, 8.9231, 241.2741, 2.6039, 29.9428, -45.1367, 0.587590, -0.776196, -0.228597, 0.000077, 0.772014, 0.622393, -0.128923, 0.015799, 0.242347, -0.100726, 0.964947, 0.179578, 0.000000, 0.000000, 0.000000, 1.000000, 0.242347, -0.100726, 0.964947, 0.248578, -0.587590, 0.776196, 0.228597, 0.008923, -0.772014, -0.622393, 0.128923, 0.241274, 0.000000, 0.000000, 0.000000, 1.000000, 0.998570, 0.036968, 0.038621, 0.002604, 0.036101, 0.066562, -0.997129, 0.029943, -0.039433, 0.997097, 0.065132, -0.045137, 0.000000, 0.000000, 0.000000, 1.000000
-11.8239, -0.1680, 15.6111, 179.7017, 248.7017, 9.1680, 241.4624, 2.5863, 29.7189, -45.0532, 0.590614, -0.777023, -0.217738, -0.000168, 0.772284, 0.622515, -0.126698, 0.015611, 0.233992, -0.093326, 0.967749, 0.179702, 0.000000, 0.000000, 0.000000, 1.000000, 0.233992, -0.093326, 0.967749, 0.248702, -0.590614, 0.777023, 0.217738, 0.009168, -0.772284, -0.622515, 0.126698, 0.241462, 0.000000, 0.000000, 0.000000, 1.000000, 0.998460, 0.039110, 0.039355, 0.002586, 0.037009, 0.059015, -0.997571, 0.029719, -0.041337, 0.997491, 0.057477, -0.045053, 0.000000, 0.000000, 0.000000, 1.000000
-11.6583, -0.2406, 15.4011, 179.5429, 248.5429, 9.2406, 241.6724, 2.4239, 29.8105, -45.1089, 0.589307, -0.776897, -0.221695, -0.000241, 0.773478, 0.621790, -0.122920, 0.015401, 0.233344, -0.099038, 0.967337, 0.179543, 0.000000, 0.000000, 0.000000, 1.000000, 0.233344, -0.099038, 0.967337, 0.248543, -0.589307, 0.776897, 0.221695, 0.009241, -0.773478, -0.621790, 0.122920, 0.241672, 0.000000, 0.000000, 0.000000, 1.000000, 0.998614, 0.037261, 0.037168, 0.002424, 0.034721, 0.064289, -0.997327, 0.029811, -0.039551, 0.997235, 0.062906, -0.045109, 0.000000, 0.000000, 0.000000, 1.000000
-11.3757, -0.4517, 15.2285, 179.6966, 248.6966, 9.4517, 241.8450, 2.3576, 29.5781, -45.0452, 0.593460, -0.775969, -0.213722, -0.000452, 0.773534, 0.623249, -0.114917, 0.015228, 0.222374, -0.097123, 0.970112, 0.179697, 0.000000, 0.000000, 0.000000, 1.000000, 0.222374, -0.097123, 0.970112, 0.248697, -0.593460, 0.775969, 0.213722, 0.009452, -0.773534, -0.623249, 0.114917, 0.241845, 0.000000, 0.000000, 0.000000, 1.000000, 0.998253, 0.039744, 0.043713, 0.002358, 0.041169, 0.062703, -0.997183, 0.029578, -0.042373, 0.997241, 0.060957, -0.045045, 0.000000, 0.000000, 0.000000, 1.000000
-11.1059, -0.5772, 15.0730, 179.6864, 248.6864, 9.5772, 242.0004, 2.3017, 29.5248, -45.0332, 0.593073, -0.776842, -0.211613, -0.000577, 0.774191, 0.622400, -0.115093, 0.015073, 0.221117, -0.095571, 0.970553, 0.179686, 0.000000, 0.000000, 0.000000, 1.000000, 0.221117, -0.095571, 0.970553, 0.248686, -0.593073, 0.776842, 0.211613, 0.009577, -0.774191, -0.622400, 0.115093, 0.242000, 0.000000, 0.000000, 0.000000, 1.000000, 0.998421, 0.039281, 0.040157, 0.002302, 0.037729, 0.060700, -0.997443, 0.029525, -0.041618, 0.997383, 0.059122, -0.045033, 0.000000, 0.000000, 0.000000, 1.000000
-10.8998, -0.7002, 14.8817, 179.5561, 248.5561, 9.7002, 242.1917, 2.1551, 29.5855, -45.0385, 0.593850, -0.776333, -0.211305, -0.000700, 0.775038, 0.622476, -0.108812, 0.014882, 0.216006, -0.099152, 0.971344, 0.179556, 0.000000, 0.000000, 0.000000, 1.000000, 0.216006, -0.099152, 0.971344, 0.248556, -0.593850, 0.776333, 0.211305, 0.009700, -0.775038, -0.622476, 0.108812, 0.242192, 0.000000, 0.000000, 0.000000, 1.000000, 0.998362, 0.038937, 0.041922, 0.002155, 0.039371, 0.064127, -0.997165, 0.029585, -0.041515, 0.997182, 0.062489, -0.045039, 0.000000, 0.000000, 0.000000, 1.000000
-10.4911, -0.8721, 14.6006, 179.3827, 248.3827, 9.8721, 242.4729, 2.0046, 29.6575, -45.0543, 0.594428, -0.777132, -0.206693, -0.000872, 0.775812, 0.621846, -0.106884, 0.014601, 0.211594, -0.096820, 0.972550, 0.179383, 0.000000, 0.000000, 0.000000, 1.000000, 0.211594, -0.096820, 0.972550, 0.248383, -0.594428, 0.777132, 0.206693, 0.009872, -0.775812, -0.621846, 0.106884, 0.242473, 0.000000, 0.000000, 0.000000, 1.000000, 0.998469, 0.039022, 0.039197, 0.002005, 0.036759, 0.061336, -0.997440, 0.029657, -0.041326, 0.997354, 0.059808, -0.045054, 0.000000, 0.000000, 0.000000, 1.000000
-10.2876, -0.9996, 14.4787, 179.3330, 248.3330, 9.9996, 242.5948, 1.9301, 29.6548, -45.0193, 0.595628, -0.776621, -0.205149, -0.001000, 0.774805, 0.622851, -0.108328, 0.014479, 0.211907, -0.094427, 0.972717, 0.179333, 0.000000, 0.000000, 0.000000, 1.000000, 0.211907, -0.094427, 0.972717, 0.248333, -0.595628, 0.776621, 0.205149, 0.010000, -0.774805, -0.622851, 0.108328, 0.242595, 0.000000, 0.000000, 0.000000, 1.000000, 0.998536, 0.040902, 0.035405, 0.001930, 0.032953, 0.059141, -0.997706, 0.029655, -0.042902, 0.997411, 0.057706, -0.045019, 0.000000, 0.000000, 0.000000, 1.000000
-10.0274, -1.1631, 14.2444, 179.3057, 248.3057, 10.1631, 242.8290, 1.7807, 29.6044, -45.0216, 0.596661, -0.776368, -0.203097, -0.001163, 0.776662, 0.622351, -0.097339, 0.014244, 0.201969, -0.099660, 0.974308, 0.179306, 0.000000, 0.000000, 0.000000, 1.000000, 0.201969, -0.099660, 0.974308, 0.248306, -0.596661, 0.776368, 0.203097, 0.010163, -0.776662, -0.622351, 0.097339, 0.242829, 0.000000, 0.000000, 0.000000, 1.000000, 0.998366, 0.039669, 0.041142, 0.001781, 0.038551, 0.063992, -0.997205, 0.029604, -0.042190, 0.997162, 0.062358, -0.045022, 0.000000, 0.000000, 0.000000, 1.000000
-9.7739, -1.2992, 14.0515, 179.2106, 248.2106, 10.2992, 243.0220, 1.6600, 29.6335, -45.0188, 0.597692, -0.776257, -0.200474, -0.001299, 0.777226, 0.622364, -0.092641, 0.014051, 0.196681, -0.100442, 0.975309, 0.179211, 0.000000, 0.000000, 0.000000, 1.000000, 0.196681, -0.100442, 0.975309, 0.248211, -0.597692, 0.776257, 0.200474, 0.010299, -0.777226, -0.622364, 0.092641, 0.243022, 0.000000, 0.000000, 0.000000, 1.000000, 0.998316, 0.039841, 0.042168, 0.001660, 0.039540, 0.064598, -0.997128, 0.029633, -0.042451, 0.997116, 0.062914, -0.045019, 0.000000, 0.000000, 0.000000, 1.000000
-9.5498, -1.4203, 13.8814, 179.1147, 248.1147, 10.4203, 243.1920, 1.5506, 29.6720, -45.0149, 0.597610, -0.776226, -0.200835, -0.001420, 0.776896, 0.622526, -0.094306, 0.013881, 0.198228, -0.099670, 0.975075, 0.179115, 0.000000, 0.000000, 0.000000, 1.000000, 0.198228, -0.099670, 0.975075, 0.248115, -0.597610, 0.776226, 0.200835, 0.010420, -0.776896, -0.622526, 0.094306, 0.243192, 0.000000, 0.000000, 0.000000, 1.000000, 0.998509, 0.040417, 0.036684, 0.001551, 0.034063, 0.063722, -0.997386, 0.029672, -0.042649, 0.997149, 0.062250, -0.045015, 0.000000, 0.000000, 0.000000, 1.000000
-9.3059, -1.6083, 13.7111, 179.2270, 248.2270, 10.6083, 243.3624, 1.4613, 29.4974, -44.9666, 0.599681, -0.776231, -0.194547, -0.001608, 0.777531, 0.622687, -0.087789, 0.013711, 0.189286, -0.098620, 0.976957, 0.179227, 0.000000, 0.000000, 0.000000, 1.000000, 0.189286, -0.098620, 0.976957, 0.248227, -0.599681, 0.776231, 0.194547, 0.010608, -0.777531, -0.622687, 0.087789, 0.243362, 0.000000, 0.000000, 0.000000, 1.000000, 0.998292, 0.041051, 0.041577, 0.001461, 0.038963, 0.062552, -0.997281, 0.029497, -0.043540, 0.997197, 0.060846, -0.044967, 0.000000, 0.000000, 0.000000, 1.000000
-9.1600, -1.7327, 13.5601, 179.2368, 248.2368, 10.7327, 243.5133, 1.3485, 29.4399, -44.9539, 0.600780, -0.776270, -0.190967, -0.001733, 0.777758, 0.622809, -0.084867, 0.013560, 0.184815, -0.097540, 0.977921, 0.179237, 0.000000, 0.000000, 0.000000, 1.000000, 0.184815, -0.097540, 0.977921, 0.248237, -0.600780, 0.776270, 0.190967, 0.010733, -0.777758, -0.622809, 0.084867, 0.243513, 0.000000, 0.000000, 0.000000, 1.000000, 0.998186, 0.041526, 0.043588, 0.001348, 0.040993, 0.061407, -0.997271, 0.029440, -0.044089, 0.997249, 0.059594, -0.044954, 0.000000, 0.000000, 0.000000, 1.000000
-8.6950, -1.9069, 13.2238, 178.9691, 247.9691, 10.9069, 243.8496, 1.1631, 29.6109, -44.9955, 0.600614, -0.776210, -0.191729, -0.001907, 0.778782, 0.622238, -0.079488, 0.013224, 0.181001, -0.101573, 0.978224, 0.178969, 0.000000, 0.000000, 0.000000, 1.000000, 0.181001, -0.101573, 0.978224, 0.247969, -0.600614, 0.776210, 0.191729, 0.010907, -0.778782, -0.622238, 0.079488, 0.243850, 0.000000, 0.000000, 0.000000, 1.000000, 0.998392, 0.040733, 0.039433, 0.001163, 0.036737, 0.064928, -0.997213, 0.029611, -0.043179, 0.997058, 0.063327, -0.044995, 0.000000, 0.000000, 0.000000, 1.000000
-8.4023, -2.0698, 13.0370, 178.9655, 247.9655, 11.0698, 244.0365, 1.0726, 29.5550, -44.9718, 0.601613, -0.776249, -0.188413, -0.002070, 0.778680, 0.622512, -0.078336, 0.013037, 0.178098, -0.099585, 0.978961, 0.178966, 0.000000, 0.000000, 0.000000, 1.000000, 0.178098, -0.099585, 0.978961, 0.247966, -0.601613, 0.776249, 0.188413, 0.011070, -0.778680, -0.622512, 0.078336, 0.244036, 0.000000, 0.000000, 0.000000, 1.000000, 0.998435, 0.041679, 0.037277, 0.001073, 0.034617, 0.062811, -0.997425, 0.029555, -0.043913, 0.997155, 0.061270, -0.044972, 0.000000, 0.000000, 0.000000, 1.000000
-8.0982, -2.2521, 12.8174, 178.8944, 247.8944, 11.2521, 244.2561, 0.9365, 29.5591, -44.9481, 0.602369, -0.776884, -0.183312, -0.002252, 0.779663, 0.621870, -0.073512, 0.012817, 0.171106, -0.098640, 0.980302, 0.178894, 0.000000, 0.000000, 0.000000, 1.000000, 0.171106, -0.098640, 0.980302, 0.247894, -0.602369, 0.776884, 0.183312, 0.011252, -0.779663, -0.621870, 0.073512, 0.244256, 0.000000, 0.000000, 0.000000, 1.000000, 0.998384, 0.041334, 0.038991, 0.000936, 0.036409, 0.061476, -0.997444, 0.029559, -0.043625, 0.997252, 0.059871, -0.044948, 0.000000, 0.000000, 0.000000, 1.000000
-7.8574, -2.3895, 12.6316, 178.8410, 247.8410, 11.3895, 244.4418, 0.8237, 29.5605, -44.9421, 0.603160, -0.776281, -0.183265, -0.002389, 0.779669, 0.622283, -0.069850, 0.012632, 0.168266, -0.100755, 0.980579, 0.178841, 0.000000, 0.000000, 0.000000, 1.000000, 0.168266, -0.100755, 0.980579, 0.247841, -0.603160, 0.776281, 0.183265, 0.011389, -0.779669, -0.622283, 0.069850, 0.244442, 0.000000, 0.000000, 0.000000, 1.000000, 0.998409, 0.041838, 0.037816, 0.000824, 0.035114, 0.063521, -0.997363, 0.029560, -0.044130, 0.997103, 0.061950, -0.044942, 0.000000, 0.000000, 0.000000, 1.000000
-7.4549, -2.5964, 12.3866, 178.7581, 247.7581, 11.5964, 244.6868, 0.7019, 29.5719, -44.9127, 0.603834, -0.776870, -0.178485, -0.002596, 0.779391, 0.622370, -0.072146, 0.012387, 0.167132, -0.095546, 0.981294, 0.178758, 0.000000, 0.000000, 0.000000, 1.000000, 0.167132, -0.095546, 0.981294, 0.247758, -0.603834, 0.776870, 0.178485, 0.011596, -0.779391, -0.622370, 0.072146, 0.244687, 0.000000, 0.000000, 0.000000, 1.000000, 0.998568, 0.043031, 0.031799, 0.000702, 0.029276, 0.058043, -0.997885, 0.029572, -0.044786, 0.997386, 0.056700, -0.044913, 0.000000, 0.000000, 0.000000, 1.000000
-7.2286, -2.7677, 12.1517, 178.7077, 247.7077, 11.7677, 244.9217, 0.5237, 29.5629, -44.9079, 0.604899, -0.776224, -0.177688, -0.002768, 0.780504, 0.622176, -0.060907, 0.012152, 0.157831, -0.101844, 0.982200, 0.178708, 0.000000, 0.000000, 0.000000, 1.000000, 0.157831, -0.101844, 0.982200, 0.247708, -0.604899, 0.776224, 0.177688, 0.011768, -0.780504, -0.622176, 0.060907, 0.244922, 0.000000, 0.000000, 0.000000, 1.000000, 0.998402, 0.042271, 0.037511, 0.000524, 0.034756, 0.064120, -0.997337, 0.029563, -0.044564, 0.997047, 0.062548, -0.044908, 0.000000, 0.000000, 0.000000, 1.000000
-6.7935, -2.9998, 11.8665, 178.6480, 247.6480, 11.9998, 245.2070, 0.3765, 29.5486, -44.8825, 0.606779, -0.776380, -0.170450, -0.003000, 0.780431, 0.622585, -0.057579, 0.011866, 0.150823, -0.098087, 0.983683, 0.178648, 0.000000, 0.000000, 0.000000, 1.000000, 0.150823, -0.098087, 0.983683, 0.247648, -0.606779, 0.776380, 0.170450, 0.012000, -0.780431, -0.622585, 0.057579, 0.245207, 0.000000, 0.000000, 0.000000, 1.000000, 0.998361, 0.043684, 0.036977, 0.000377, 0.034318, 0.060135, -0.997600, 0.029549, -0.045803, 0.997234, 0.058537, -0.044883, 0.000000, 0.000000, 0.000000, 1.000000
-6.5610, -3.2012, 11.6114, 178.7532, 247.7532, 12.2012, 245.4621, 0.1959, 29.3846, -44.8723, 0.608661, -0.775822, -0.166230, -0.003201, 0.780927, 0.622822, -0.047397, 0.011611, 0.140303, -0.100965, 0.984947, 0.178753, 0.000000, 0.000000, 0.000000, 1.000000, 0.140303, -0.100965, 0.984947, 0.247753, -0.608661, 0.775822, 0.166230, 0.012201, -0.780927, -0.622822, 0.047397, 0.245462, 0.000000, 0.000000, 0.000000, 1.000000, 0.998077, 0.043920, 0.043738, 0.000196, 0.040931, 0.062892, -0.997181, 0.029385, -0.046547, 0.997053, 0.060974, -0.044872, 0.000000, 0.000000, 0.000000, 1.000000
-6.3615, -3.2637, 11.5105, 178.7148, 247.7148, 12.2637, 245.5629, 0.1749, 29.4011, -44.8784, 0.608060, -0.776429, -0.165592, -0.003264, 0.781342, 0.622225, -0.048376, 0.011511, 0.140596, -0.099969, 0.985007, 0.178715, 0.000000, 0.000000, 0.000000, 1.000000, 0.140596, -0.099969, 0.985007, 0.247715, -0.608060, 0.776429, 0.165592, 0.012264, -0.781342, -0.622225, 0.048376, 0.245563, 0.000000, 0.000000, 0.000000, 1.000000, 0.998259, 0.043489, 0.039850, 0.000175, 0.037132, 0.061606, -0.997410, 0.029401, -0.045831, 0.997153, 0.059884, -0.044878, 0.000000, 0.000000, 0.000000, 1.000000
-6.0939, -3.4475, 11.3601, 178.6482, 247.6482, 12.4475, 245.7134, 0.0753, 29.4235, -44.8136, 0.609268, -0.776353, -0.161460, -0.003448, 0.781103, 0.622668, -0.046504, 0.011360, 0.136640, -0.097783, 0.985783, 0.178648, 0.000000, 0.000000, 0.000000, 1.000000, 0.136640, -0.097783, 0.985783, 0.247648, -0.609268, 0.776353, 0.161460, 0.012448, -0.781103, -0.622668, 0.046504, 0.245713, 0.000000, 0.000000, 0.000000, 1.000000, 0.998239, 0.044549, 0.039179, 0.000075, 0.036505, 0.059311, -0.997572, 0.029423, -0.046764, 0.997245, 0.057581, -0.044814, 0.000000, 0.000000, 0.000000, 1.000000
-5.7858, -3.5696, 11.0422, 178.5341, 247.5341, 12.5696, 246.0313, -0.1110, 29.4845, -44.8940, 0.609670, -0.775415, -0.164424, -0.003570, 0.782154, 0.622161, -0.033922, 0.011042, 0.128602, -0.107924, 0.985806, 0.178534, 0.000000, 0.000000, 0.000000, 1.000000, 0.128602, -0.107924, 0.985806, 0.247534, -0.609670, 0.775415, 0.164424, 0.012570, -0.782154, -0.622161, 0.033922, 0.246031, 0.000000, 0.000000, 0.000000, 1.000000, 0.998166, 0.043315, 0.042279, -0.000111, 0.039223, 0.069132, -0.996836, 0.029485, -0.046100, 0.996667, 0.067307, -0.044894, 0.000000, 0.000000, 0.000000, 1.000000
-5.4870, -3.7411, 10.8603, 178.4922, 247.4922, 12.7411, 246.2132, -0.2084, 29.4847, -44.8586, 0.610212, -0.776079, -0.159194, -0.003741, 0.782223, 0.622059, -0.034200, 0.010860, 0.125570, -0.103656, 0.986655, 0.178492, 0.000000, 0.000000, 0.000000, 1.000000, 0.125570, -0.103656, 0.986655, 0.247492, -0.610212, 0.776079, 0.159194, 0.012741, -0.782223, -0.622059, 0.034200, 0.246213, 0.000000, 0.000000, 0.000000, 1.000000, 0.998236, 0.043898, 0.039969, -0.000208, 0.037088, 0.064600, -0.997222, 0.029485, -0.046358, 0.996945, 0.062858, -0.044859, 0.000000, 0.000000, 0.000000, 1.000000
-5.1855, -3.9764, 10.6402, 178.5591, 247.5591, 12.9764, 246.4332, -0.3546, 29.3674, -44.7987, 0.612701, -0.775827, -0.150633, -0.003976, 0.781731, 0.622951, -0.028778, 0.010640, 0.116164, -0.100122, 0.988171, 0.178559, 0.000000, 0.000000, 0.000000, 1.000000, 0.116164, -0.100122, 0.988171, 0.247559, -0.612701, 0.775827, 0.150633, 0.012976, -0.781731, -0.622951, 0.028778, 0.246433, 0.000000, 0.000000, 0.000000, 1.000000, 0.997979, 0.045648, 0.044213, -0.000355, 0.041391, 0.061002, -0.997279, 0.029367, -0.048221, 0.997093, 0.058989, -0.044799, 0.000000, 0.000000, 0.000000, 1.000000
-4.8832, -4.0651, 10.4255, 178.3435, 247.3435, 13.0651, 246.6479, -0.4560, 29.5503, -44.8414, 0.611822, -0.775908, -0.153753, -0.004065, 0.782310, 0.622288, -0.027342, 0.010426, 0.116894, -0.103554, 0.987731, 0.178344, 0.000000, 0.000000, 0.000000, 1.000000, 0.116894, -0.103554, 0.987731, 0.247344, -0.611822, 0.775908, 0.153753, 0.013065, -0.782310, -0.622288, 0.027342, 0.246648, 0.000000, 0.000000, 0.000000, 1.000000, 0.998260, 0.044874, 0.038265, -0.000456, 0.035348, 0.064076, -0.997319, 0.029550, -0.047205, 0.996936, 0.062378, -0.044841, 0.000000, 0.000000, 0.000000, 1.000000
-4.6595, -4.2626, 10.2915, 178.3647, 247.3646, 13.2626, 246.7820, -0.5585, 29.4944, -44.7600, 0.611968, -0.777209, -0.146430, -0.004263, 0.782277, 0.622082, -0.032501, 0.010291, 0.116351, -0.094659, 0.988687, 0.178365, 0.000000, 0.000000, 0.000000, 1.000000, 0.116351, -0.094659, 0.988687, 0.247365, -0.611968, 0.777209, 0.146430, 0.013263, -0.782277, -0.622082, 0.032501, 0.246782, 0.000000, 0.000000, 0.000000, 1.000000, 0.998367, 0.045513, 0.034520, -0.000559, 0.032002, 0.054932, -0.997977, 0.029494, -0.047317, 0.997452, 0.053386, -0.044760, 0.000000, 0.000000, 0.000000, 1.000000
-4.4007, -4.4136, 10.0675, 178.4201, 247.4201, 13.4136, 247.0059, -0.6849, 29.4039, -44.7703, 0.614309, -0.776161, -0.142124, -0.004414, 0.782325, 0.622592, -0.018590, 0.010068, 0.102914, -0.099767, 0.989674, 0.178420, 0.000000, 0.000000, 0.000000, 1.000000, 0.102914, -0.099767, 0.989674, 0.247420, -0.614309, 0.776161, 0.142124, 0.013414, -0.782325, -0.622592, 0.018590, 0.247006, 0.000000, 0.000000, 0.000000, 1.000000, 0.997976, 0.046049, 0.043862, -0.000685, 0.041069, 0.059948, -0.997356, 0.029404, -0.048557, 0.997139, 0.057935, -0.044770, 0.000000, 0.000000, 0.000000, 1.000000
-4.1335, -4.4970, 9.8591, 178.2950, 247.2950, 13.4970, 247.2143, -0.7811, 29.5032, -44.8179, 0.613435, -0.775937, -0.147037, -0.004497, 0.782792, 0.622055, -0.016892, 0.009859, 0.104572, -0.104737, 0.988987, 0.178295, 0.000000, 0.000000, 0.000000, 1.000000, 0.104572, -0.104737, 0.988987, 0.247295, -0.613435, 0.775937, 0.147037, 0.013497, -0.782792, -0.622055, 0.016892, 0.247214, 0.000000, 0.000000, 0.000000, 1.000000, 0.998261, 0.045341, 0.037682, -0.000781, 0.034710, 0.064631, -0.997305, 0.029503, -0.047654, 0.996879, 0.062945, -0.044818, 0.000000, 0.000000, 0.000000, 1.000000
-3.9683, -4.6560, 9.6539, 178.2882, 247.2882, 13.6560, 247.4195, -0.9541, 29.4767, -44.8079, 0.614403, -0.775709, -0.144167, -0.004656, 0.783213, 0.621710, -0.007337, 0.009654, 0.095322, -0.108406, 0.989526, 0.178288, 0.000000, 0.000000, 0.000000, 1.000000, 0.095322, -0.108406, 0.989526, 0.247288, -0.614403, 0.775709, 0.144167, 0.013656, -0.783213, -0.621710, 0.007337, 0.247420, 0.000000, 0.000000, 0.000000, 1.000000, 0.998011, 0.044886, 0.044255, -0.000954, 0.041138, 0.068130, -0.996828, 0.029477, -0.047758, 0.996666, 0.066148, -0.044808, 0.000000, 0.000000, 0.000000, 1.000000
-3.4752, -4.8980, 9.3849, 178.2399, 247.2399, 13.8980, 247.6885, -1.0630, 29.4847, -44.7656, 0.615248, -0.776369, -0.136823, -0.004898, 0.782817, 0.622168, -0.010270, 0.009385, 0.093100, -0.100789, 0.990542, 0.178240, 0.000000, 0.000000, 0.000000, 1.000000, 0.093100, -0.100789, 0.990542, 0.247240, -0.615248, 0.776369, 0.136823, 0.013898, -0.782817, -0.622168, 0.010270, 0.247689, 0.000000, 0.000000, 0.000000, 1.000000, 0.998213, 0.046419, 0.037639, -0.001063, 0.034818, 0.060154, -0.997582, 0.029485, -0.048571, 0.997109, 0.058431, -0.044766, 0.000000, 0.000000, 0.000000, 1.000000
-3.1768, -5.0897, 9.1380, 178.2240, 247.2240, 14.0897, 247.9355, -1.2214, 29.4674, -44.7529, 0.616627, -0.776002, -0.132635, -0.005090, 0.782820, 0.622247, -0.001179, 0.009138, 0.083446, -0.103103, 0.991164, 0.178224, 0.000000, 0.000000, 0.000000, 1.000000, 0.083446, -0.103103, 0.991164, 0.247224, -0.616627, 0.776002, 0.132635, 0.014090, -0.782820, -0.622247, 0.001179, 0.247935, 0.000000, 0.000000, 0.000000, 1.000000, 0.998012, 0.046728, 0.042286, -0.001221, 0.039341, 0.062251, -0.997285, 0.029467, -0.049234, 0.996966, 0.060289, -0.044753, 0.000000, 0.000000, 0.000000, 1.000000
-2.8898, -5.2669, 8.9180, 178.1954, 247.1954, 14.2669, 248.1554, -1.3573, 29.4682, -44.7355, 0.616810, -0.776331, -0.129827, -0.005267, 0.783223, 0.621732, 0.003307, 0.008918, 0.078150, -0.103723, 0.991531, 0.178195, 0.000000, 0.000000, 0.000000, 1.000000, 0.078150, -0.103723, 0.991531, 0.247195, -0.616810, 0.776331, 0.129827, 0.014267, -0.783223, -0.621732, -0.003307, 0.248155, 0.000000, 0.000000, 0.000000, 1.000000, 0.998017, 0.046361, 0.042585, -0.001357, 0.039647, 0.062563, -0.997253, 0.029468, -0.048898, 0.996964, 0.060601, -0.044736, 0.000000, 0.000000, 0.000000, 1.000000
-2.6754, -5.3800, 8.7465, 178.1613, 247.1613, 14.3800, 248.3270, -1.4549, 29.4843, -44.7419, 0.617485, -0.775629, -0.130813, -0.005380, 0.782832, 0.622204, 0.006026, 0.008746, 0.076719, -0.106125, 0.991389, 0.178161, 0.000000, 0.000000, 0.000000, 1.000000, 0.076719, -0.106125, 0.991389, 0.247161, -0.617485, 0.775629, 0.130813, 0.014380, -0.782832, -0.622204, -0.006026, 0.248327, 0.000000, 0.000000, 0.000000, 1.000000, 0.998069, 0.047113, 0.040475, -0.001455, 0.037377, 0.064876, -0.997193, 0.029484, -0.049606, 0.996781, 0.062990, -0.044742, 0.000000, 0.000000, 0.000000, 1.000000
-2.4350, -5.4876, 8.6371, 178.1222, 247.1222, 14.4876, 248.4364, -1.4860, 29.5115, -44.7164, 0.616903, -0.776418, -0.128868, -0.005488, 0.783174, 0.621796, 0.002859, 0.008637, 0.077910, -0.102689, 0.991658, 0.178122, 0.000000, 0.000000, 0.000000, 1.000000, 0.077910, -0.102689, 0.991658, 0.247122, -0.616903, 0.776418, 0.128868, 0.014488, -0.783174, -0.621796, -0.002859, 0.248436, 0.000000, 0.000000, 0.000000, 1.000000, 0.998287, 0.046970, 0.034869, -0.001486, 0.031968, 0.061162, -0.997616, 0.029512, -0.048991, 0.997022, 0.059556, -0.044716, 0.000000, 0.000000, 0.000000, 1.000000
-2.1555, -5.6517, 8.3480, 178.0981, 247.0981, 14.6517, 248.7254, -1.6735, 29.5100, -44.7501, 0.617948, -0.775718, -0.128065, -0.005652, 0.783142, 0.621706, 0.013063, 0.008348, 0.069486, -0.108365, 0.991680, 0.178098, 0.000000, 0.000000, 0.000000, 1.000000, 0.069486, -0.108365, 0.991680, 0.247098, -0.617948, 0.775718, 0.128065, 0.014652, -0.783142, -0.621706, -0.013063, 0.248725, 0.000000, 0.000000, 0.000000, 1.000000, 0.998142, 0.047013, 0.038750, -0.001674, 0.035573, 0.066635, -0.997143, 0.029510, -0.049461, 0.996669, 0.064839, -0.044750, 0.000000, 0.000000, 0.000000, 1.000000
-1.9428, -5.8463, 8.2076, 178.1897, 247.1897, 14.8463, 248.8659, -1.7809, 29.3989, -44.6781, 0.619870, -0.775870, -0.117418, -0.005846, 0.782679, 0.622054, 0.021515, 0.008208, 0.056348, -0.105237, 0.992849, 0.178190, 0.000000, 0.000000, 0.000000, 1.000000, 0.056348, -0.105237, 0.992849, 0.247190, -0.619870, 0.775870, 0.117418, 0.014846, -0.782679, -0.622054, -0.021515, 0.248866, 0.000000, 0.000000, 0.000000, 1.000000, 0.997697, 0.047766, 0.048153, -0.001781, 0.045085, 0.063355, -0.996972, 0.029399, -0.050672, 0.996847, 0.061055, -0.044678, 0.000000, 0.000000, 0.000000, 1.000000
-1.5420, -6.0612, 7.8843, 178.0606, 247.0606, 15.0612, 249.1891, -1.9735, 29.5039, -44.6856, 0.619922, -0.775716, -0.118159, -0.006061, 0.782800, 0.621769, 0.025048, 0.007884, 0.054037, -0.108022, 0.992679, 0.178061, 0.000000, 0.000000, 0.000000, 1.000000, 0.054037, -0.108022, 0.992679, 0.247061, -0.619922, 0.775716, 0.118159, 0.015061, -0.782800, -0.621769, -0.025048, 0.249189, 0.000000, 0.000000, 0.000000, 1.000000, 0.997904, 0.047808, 0.043609, -0.001974, 0.040418, 0.065790, -0.997015, 0.029504, -0.050534, 0.996688, 0.063720, -0.044686, 0.000000, 0.000000, 0.000000, 1.000000
-1.3219, -6.1913, 7.6759, 178.0538, 247.0538, 15.1913, 249.3976, -2.1051, 29.4971, -44.7009, 0.620556, -0.775906, -0.113492, -0.006191, 0.782838, 0.621394, 0.032168, 0.007676, 0.045564, -0.108808, 0.993018, 0.178054, 0.000000, 0.000000, 0.000000, 1.000000, 0.045564, -0.108808, 0.993018, 0.247054, -0.620556, 0.775906, 0.113492, 0.015191, -0.782838, -0.621394, -0.032168, 0.249398, 0.000000, 0.000000, 0.000000, 1.000000, 0.997700, 0.047577, 0.048281, -0.002105, 0.045072, 0.066354, -0.996778, 0.029497, -0.050628, 0.996661, 0.064057, -0.044701, 0.000000, 0.000000, 0.000000, 1.000000
-1.0437, -6.3505, 7.6341, 178.1027, 247.1027, 15.3505, 249.4393, -2.0837, 29.4428, -44.5982, 0.619902, -0.776827, -0.110731, -0.006350, 0.782637, 0.622275, 0.015880, 0.007634, 0.056569, -0.096506, 0.993724, 0.178103, 0.000000, 0.000000, 0.000000, 1.000000, 0.056569, -0.096506, 0.993724, 0.247103, -0.619902, 0.776827, 0.110731, 0.015350, -0.782637, -0.622275, -0.015880, 0.249439, 0.000000, 0.000000, 0.000000, 1.000000, 0.998285, 0.049109, 0.031866, -0.002084, 0.029212, 0.053832, -0.998123, 0.029443, -0.050732, 0.997342, 0.052306, -0.044598, 0.000000, 0.000000, 0.000000, 1.000000
-0.7853, -6.5037, 7.2859, 178.0417, 247.0417, 15.5037, 249.7875, -2.3272, 29.4868, -44.6735, 0.622366, -0.775428, -0.106636, -0.006504, 0.782159, 0.621302, 0.047024, 0.007286, 0.029789, -0.112673, 0.993186, 0.178042, 0.000000, 0.000000, 0.000000, 1.000000, 0.029789, -0.112673, 0.993186, 0.247042, -0.622366, 0.775428, 0.106636, 0.015504, -0.782159, -0.621302, -0.047024, 0.249788, 0.000000, 0.000000, 0.000000, 1.000000, 0.997328, 0.048092, 0.054996, -0.002327, 0.051570, 0.069791, -0.996228, 0.029487, -0.051749, 0.996402, 0.067125, -0.044673, 0.000000, 0.000000, 0.000000, 1.000000
-0.5010, -6.5759, 7.1271, 177.9043, 246.9043, 15.5759, 249.9464, -2.3620, 29.6238, -44.7008, 0.620647, -0.774807, -0.120296, -0.006576, 0.782781, 0.621137, 0.037980, 0.007127, 0.045293, -0.117737, 0.992011, 0.177904, 0.000000, 0.000000, 0.000000, 1.000000, 0.045293, -0.117737, 0.992011, 0.246904, -0.620647, 0.774807, 0.120296, 0.015576, -0.782781, -0.621137, -0.037980, 0.249946, 0.000000, 0.000000, 0.000000, 1.000000, 0.998230, 0.048288, 0.034724, -0.002362, 0.031061, 0.074642, -0.996727, 0.029624, -0.050722, 0.996041, 0.073010, -0.044701, 0.000000, 0.000000, 0.000000, 1.000000
-0.3406, -6.6744, 6.9284, 177.8145, 246.8145, 15.6744, 250.1451, -2.5039, 29.7059, -44.7322, 0.621676, -0.774087, -0.119615, -0.006674, 0.782381, 0.620975, 0.047641, 0.006928, 0.037400, -0.123202, 0.991677, 0.177814, 0.000000, 0.000000, 0.000000, 1.000000, 0.037400, -0.123202, 0.991677, 0.246814, -0.621676, 0.774087, 0.119615, 0.015674, -0.782381, -0.620975, -0.047641, 0.250145, 0.000000, 0.000000, 0.000000, 1.000000, 0.998021, 0.048392, 0.040155, -0.002504, 0.036200, 0.080004, -0.996137, 0.029706, -0.051418, 0.995619, 0.078094, -0.044732, 0.000000, 0.000000, 0.000000, 1.000000
0.0642, -6.8184, 6.6881, 177.7766, 246.7766, 15.8184, 250.3853, -2.5753, 29.7437, -44.7532, 0.620910, -0.773498, -0.127167, -0.006818, 0.782582, 0.621009, 0.043754, 0.006688, 0.045128, -0.126686, 0.990916, 0.177777, 0.000000, 0.000000, 0.000000, 1.000000, 0.045128, -0.126686, 0.990916, 0.246777, -0.620910, 0.773498, 0.127167, 0.015818, -0.782582, -0.621009, -0.043754, 0.250385, 0.000000, 0.000000, 0.000000, 1.000000, 0.998467, 0.049100, 0.025546, -0.002575, 0.021400, 0.083179, -0.996305, 0.029744, -0.051044, 0.995324, 0.082001, -0.044753, 0.000000, 0.000000, 0.000000, 1.000000
0.2206, -7.0268, 6.6239, 177.9857, 246.9857, 16.0268, 250.4496, -2.6543, 29.5253, -44.6312, 0.621978, -0.775681, -0.107066, -0.007027, 0.782366, 0.621260, 0.044033, 0.006624, 0.032361, -0.111152, 0.993276, 0.177986, 0.000000, 0.000000, 0.000000, 1.000000, 0.032361, -0.111152, 0.993276, 0.246986, -0.621978, 0.775681, 0.107066, 0.016027, -0.782366, -0.621260, -0.044033, 0.250450, 0.000000, 0.000000, 0.000000, 1.000000, 0.998180, 0.049222, 0.034838, -0.002654, 0.031481, 0.067401, -0.997229, 0.029525, -0.051434, 0.996511, 0.065729, -0.044631, 0.000000, 0.000000, 0.000000, 1.000000
0.4544, -7.0561, 6.3957, 177.7959, 246.7959, 16.0561, 250.6777, -2.7473, 29.7187, -44.7312, 0.621852, -0.773280, -0.123851, -0.007056, 0.782158, 0.621159, 0.048904, 0.006396, 0.039114, -0.127282, 0.991095, 0.177796, 0.000000, 0.000000, 0.000000, 1.000000, 0.039114, -0.127282, 0.991095, 0.246796, -0.621852, 0.773280, 0.123851, 0.016056, -0.782158, -0.621159, -0.048904, 0.250678, 0.000000, 0.000000, 0.000000, 1.000000, 0.998445, 0.049879, 0.024886, -0.002747, 0.020664, 0.083456, -0.996297, 0.029719, -0.051772, 0.995262, 0.082295, -0.044731, 0.000000, 0.000000, 0.000000, 1.000000
0.6192, -7.1684, 6.2854, 177.8695, 246.8695, 16.1684, 250.7881, -2.8127, 29.6433, -44.7077, 0.622695, -0.773666, -0.117012, -0.007168, 0.781882, 0.621003, 0.054917, 0.006285, 0.030178, -0.125686, 0.991611, 0.177869, 0.000000, 0.000000, 0.000000, 1.000000, 0.030178, -0.125686, 0.991611, 0.246869, -0.622695, 0.773666, 0.117012, 0.016168, -0.781882, -0.621003, -0.054917, 0.250788, 0.000000, 0.000000, 0.000000, 1.000000, 0.998278, 0.049855, 0.030905, -0.002813, 0.026764, 0.081690, -0.996298, 0.029643, -0.052195, 0.995410, 0.080215, -0.044708, 0.000000, 0.000000, 0.000000, 1.000000
0.8868, -7.3561, 6.1179, 177.8835, 246.8835, 16.3561, 250.9556, -2.9186, 29.6272, -44.6534, 0.622522, -0.774787, -0.110325, -0.007356, 0.781988, 0.621407, 0.048456, 0.006118, 0.031014, -0.116437, 0.992714, 0.177884, 0.000000, 0.000000, 0.000000, 1.000000, 0.031014, -0.116437, 0.992714, 0.246884, -0.622522, 0.774787, 0.110325, 0.016356, -0.781988, -0.621407, -0.048456, 0.250956, 0.000000, 0.000000, 0.000000, 1.000000, 0.998419, 0.050376, 0.024932, -0.002919, 0.021260, 0.072160, -0.997166, 0.029627, -0.052032, 0.996120, 0.070975, -0.044653, 0.000000, 0.000000, 0.000000, 1.000000
1.1588, -7.4749, 5.8423, 177.7954, 246.7954, 16.4749, 251.2311, -3.0752, 29.7184, -44.7130, 0.623879, -0.772845, -0.116127, -0.007475, 0.781363, 0.619811, 0.072839, 0.005842, 0.015684, -0.136180, 0.990560, 0.177795, 0.000000, 0.000000, 0.000000, 1.000000, 0.015684, -0.136180, 0.990560, 0.246795, -0.623879, 0.772845, 0.116127, 0.016475, -0.781363, -0.619811, -0.072839, 0.251231, 0.000000, 0.000000, 0.000000, 1.000000, 0.998097, 0.049655, 0.036573, -0.003075, 0.031906, 0.091732, -0.995272, 0.029718, -0.052776, 0.994545, 0.089973, -0.044713, 0.000000, 0.000000, 0.000000, 1.000000
1.3434, -7.6046, 5.6612, 177.7544, 246.7544, 16.6046, 251.4122, -3.2038, 29.7597, -44.7112, 0.623611, -0.772754, -0.118156, -0.007605, 0.781447, 0.620325, 0.067364, 0.005661, 0.021239, -0.134341, 0.990708, 0.177754, 0.000000, 0.000000, 0.000000, 1.000000, 0.021239, -0.134341, 0.990708, 0.246754, -0.623611, 0.772754, 0.118156, 0.016605, -0.781447, -0.620325, -0.067364, 0.251412, 0.000000, 0.000000, 0.000000, 1.000000, 0.998339, 0.050498, 0.027747, -0.003204, 0.023134, 0.089745, -0.995696, 0.029760, -0.052771, 0.994684, 0.088428, -0.044711, 0.000000, 0.000000, 0.000000, 1.000000
1.8562, -7.9623, 5.4539, 177.9767, 246.9767, 16.9623, 251.6195, -3.3064, 29.5449, -44.5518, 0.624237, -0.775668, -0.093098, -0.007962, 0.781141, 0.621561, 0.058997, 0.005454, 0.012104, -0.109551, 0.993907, 0.177977, 0.000000, 0.000000, 0.000000, 1.000000, 0.012104, -0.109551, 0.993907, 0.246977, -0.624237, 0.775668, 0.093098, 0.016962, -0.781141, -0.621561, -0.058997, 0.251620, 0.000000, 0.000000, 0.000000, 1.000000, 0.998320, 0.051429, 0.026692, -0.003306, 0.023358, 0.064373, -0.997653, 0.029545, -0.053027, 0.996600, 0.063063, -0.044552, 0.000000, 0.000000, 0.000000, 1.000000
2.1564, -8.0115, 5.2913, 177.8664, 246.8664, 17.0115, 251.7822, -3.3157, 29.6700, -44.6013, 0.623493, -0.774013, -0.110277, -0.008011, 0.781305, 0.622008, 0.051654, 0.005291, 0.028612, -0.118366, 0.992558, 0.177866, 0.000000, 0.000000, 0.000000, 1.000000, 0.028612, -0.118366, 0.992558, 0.246866, -0.623493, 0.774013, 0.110277, 0.017011, -0.781305, -0.622008, -0.051654, 0.251782, 0.000000, 0.000000, 0.000000, 1.000000, 0.998588, 0.052847, 0.005476, -0.003316, 0.001606, 0.072992, -0.997331, 0.029670, -0.053105, 0.995931, 0.072804, -0.044601, 0.000000, 0.000000, 0.000000, 1.000000
2.3752, -8.4469, 5.1979, 178.0109, 247.0109, 17.4469, 251.8756, -3.5279, 29.5161, -44.3089, 0.624467, -0.778786, -0.059443, -0.008447, 0.781034, 0.623150, 0.040872, 0.005198, 0.005212, -0.071950, 0.997395, 0.178011, 0.000000, 0.000000, 0.000000, 1.000000, 0.005212, -0.071950, 0.997395, 0.247011, -0.624467, 0.778786, 0.059443, 0.017447, -0.781034, -0.623150, -0.040872, 0.251876, 0.000000, 0.000000, 0.000000, 1.000000, 0.998372, 0.052390, 0.022563, -0.003528, 0.021213, 0.026180, -0.999432, 0.029516, -0.052951, 0.998284, 0.025026, -0.044309, 0.000000, 0.000000, 0.000000, 1.000000
2.8011, -8.5534, 4.8412, 178.0977, 247.0977, 17.5534, 252.2322, -3.6592, 29.4547, -44.4339, 0.624802, -0.777104, -0.075710, -0.008553, 0.780778, 0.622210, 0.056928, 0.004841, 0.002868, -0.094682, 0.995503, 0.178098, 0.000000, 0.000000, 0.000000, 1.000000, 0.002868, -0.094682, 0.995503, 0.247098, -0.624802, 0.777104, 0.075710, 0.017553, -0.780778, -0.622210, -0.056928, 0.252232, 0.000000, 0.000000, 0.000000, 1.000000, 0.998450, 0.052421, 0.018703, -0.003659, 0.016157, 0.048587, -0.998688, 0.029455, -0.053261, 0.997442, 0.047665, -0.044434, 0.000000, 0.000000, 0.000000, 1.000000
3.1175, -8.6491, 4.6008, 177.9076, 246.9076, 17.6491, 252.4727, -3.7498, 29.6645, -44.4872, 0.625353, -0.775445, -0.087280, -0.008649, 0.780315, 0.622330, 0.061756, 0.004601, 0.006429, -0.106726, 0.994268, 0.177908, 0.000000, 0.000000, 0.000000, 1.000000, 0.006429, -0.106726, 0.994268, 0.246908, -0.625353, 0.775445, 0.087280, 0.017649, -0.780315, -0.622330, -0.061756, 0.252473, 0.000000, 0.000000, 0.000000, 1.000000, 0.998508, 0.053619, 0.010367, -0.003750, 0.007120, 0.060399, -0.998149, 0.029665, -0.054146, 0.996733, 0.059927, -0.044487, 0.000000, 0.000000, 0.000000, 1.000000
3.3983, -8.8923, 4.2971, 178.0609, 247.0609, 17.8923, 252.7763, -3.9918, 29.5261, -44.4736, 0.626648, -0.775961, -0.072095, -0.008892, 0.779074, 0.621535, 0.082089, 0.004297, -0.018888, -0.107608, 0.994014, 0.178061, 0.000000, 0.000000, 0.000000, 1.000000, -0.018888, -0.107608, 0.994014, 0.247061, -0.626648, 0.775961, 0.072095, 0.017892, -0.779074, -0.621535, -0.082089, 0.252776, 0.000000, 0.000000, 0.000000, 1.000000, 0.998120, 0.052962, 0.030844, -0.003992, 0.027596, 0.061013, -0.997755, 0.029526, -0.054725, 0.996731, 0.059437, -0.044474, 0.000000, 0.000000, 0.000000, 1.000000
