# Joint_5_Angle(deg), Cam_X(mm), Cam_Y(mm), Cam_Z(mm), Torso_X(mm), Torso_Y(mm), Torso_Z(mm), EE_X(mm), EE_Y(mm), EE_Z(mm), T_cam2marker_flat(16), T_torso2marker_flat(16), T_ee2marker_flat(16)
-24.9855, -52.9769, 16.2431, 230.3093, 252.3120, 52.9654, 183.8304, 21.8222, -93.2874, 10.3400, 0.878833, 0.476131, 0.030865, -0.052977, -0.476523, 0.879138, 0.006455, 0.016243, -0.024061, -0.020381, 0.999503, 0.230309, 0.000000, 0.000000, 0.000000, 1.000000, -0.024105, -0.020404, 0.999501, 0.252312, -0.878831, -0.476130, -0.030914, 0.052965, 0.476523, -0.879138, -0.006455, 0.183830, 0.000000, 0.000000, 0.000000, 1.000000, -0.995657, 0.090705, 0.020953, 0.021822, 0.018980, -0.022557, 0.999565, -0.093287, 0.091138, 0.995622, 0.020737, 0.010340, 0.000000, 0.000000, 0.000000, 1.000000
-24.7889, -52.6574, 16.1365, 230.5534, 252.5561, 52.6459, 183.9370, 21.9001, -92.9668, 10.4513, 0.880516, 0.473294, 0.026158, -0.052657, -0.473446, 0.880823, -0.000425, 0.016136, -0.023242, -0.012010, 0.999658, 0.230553, 0.000000, 0.000000, 0.000000, 1.000000, -0.023286, -0.012034, 0.999656, 0.252556, -0.880515, -0.473293, -0.026208, 0.052646, 0.473446, -0.880823, 0.000425, 0.183937, 0.000000, 0.000000, 0.000000, 1.000000, -0.995631, 0.090982, 0.021014, 0.021900, 0.019741, -0.014875, 0.999694, -0.092967, 0.091267, 0.995741, 0.013014, 0.010451, 0.000000, 0.000000, 0.000000, 1.000000
-24.5292, -52.0005, 15.8482, 230.6602, 252.6628, 51.9890, 184.2252, 21.7155, -92.7469, 10.6032, 0.882719, 0.469371, 0.022302, -0.052000, -0.469511, 0.882926, 0.001175, 0.015848, -0.019140, -0.011509, 0.999751, 0.230660, 0.000000, 0.000000, 0.000000, 1.000000, -0.019184, -0.011532, 0.999750, 0.252663, -0.882718, -0.469371, -0.022352, 0.051989, 0.469511, -0.882926, -0.001175, 0.184225, 0.000000, 0.000000, 0.000000, 1.000000, -0.995538, 0.090975, 0.025056, 0.021715, 0.023763, -0.015277, 0.999601, -0.092747, 0.091322, 0.995736, 0.013047, 0.010603, 0.000000, 0.000000, 0.000000, 1.000000
-23.8091, -50.1507, 15.0110, 230.1889, 252.1914, 50.1393, 185.0625, 21.1200, -92.9032, 10.9861, 0.888226, 0.458945, 0.020596, -0.050151, -0.458984, 0.888439, -0.003057, 0.015011, -0.019701, -0.006738, 0.999783, 0.230189, 0.000000, 0.000000, 0.000000, 1.000000, -0.019746, -0.006761, 0.999782, 0.252191, -0.888225, -0.458945, -0.020646, 0.050139, 0.458984, -0.888439, 0.003057, 0.185062, 0.000000, 0.000000, 0.000000, 1.000000, -0.995601, 0.090561, 0.024045, 0.021120, 0.022961, -0.012990, 0.999652, -0.092903, 0.090842, 0.995806, 0.010853, 0.010986, 0.000000, 0.000000, 0.000000, 1.000000
-23.4327, -49.0404, 14.5230, 229.7428, 251.7452, 49.0289, 185.5504, 20.6489, -93.1786, 11.2060, 0.890821, 0.453791, 0.022642, -0.049040, -0.453893, 0.891056, -0.000687, 0.014523, -0.020487, -0.009665, 0.999743, 0.229743, 0.000000, 0.000000, 0.000000, 1.000000, -0.020532, -0.009688, 0.999742, 0.251745, -0.890820, -0.453790, -0.022692, 0.049029, 0.453893, -0.891056, 0.000687, 0.185550, 0.000000, 0.000000, 0.000000, 1.000000, -0.995689, 0.089725, 0.023499, 0.020649, 0.022042, -0.017192, 0.999609, -0.093179, 0.090094, 0.995818, 0.015140, 0.011206, 0.000000, 0.000000, 0.000000, 1.000000
-22.5778, -46.7473, 13.4857, 229.3057, 251.3081, 46.7359, 186.5878, 19.8266, -93.2397, 11.6073, 0.897386, 0.440798, 0.019919, -0.046747, -0.440874, 0.897569, -0.000625, 0.013486, -0.018154, -0.008221, 0.999801, 0.229306, 0.000000, 0.000000, 0.000000, 1.000000, -0.018199, -0.008243, 0.999800, 0.251308, -0.897385, -0.440797, -0.019968, 0.046736, 0.440874, -0.897569, 0.000625, 0.186588, 0.000000, 0.000000, 0.000000, 1.000000, -0.995651, 0.089576, 0.025615, 0.019827, 0.024032, -0.018708, 0.999536, -0.093240, 0.090014, 0.995804, 0.016474, 0.011607, 0.000000, 0.000000, 0.000000, 1.000000
-21.9885, -45.0066, 12.7364, 228.9574, 250.9597, 44.9952, 187.3370, 19.0968, -93.3236, 11.9069, 0.902144, 0.430914, 0.021225, -0.045007, -0.431053, 0.902324, 0.002267, 0.012736, -0.018175, -0.011195, 0.999772, 0.228957, 0.000000, 0.000000, 0.000000, 1.000000, -0.018220, -0.011216, 0.999771, 0.250960, -0.902143, -0.430913, -0.021275, 0.044995, 0.431053, -0.902324, -0.002267, 0.187337, 0.000000, 0.000000, 0.000000, 1.000000, -0.995585, 0.090246, 0.025792, 0.019097, 0.023738, -0.023755, 0.999436, -0.093324, 0.090808, 0.995636, 0.021508, 0.011907, 0.000000, 0.000000, 0.000000, 1.000000
-21.6345, -43.7834, 12.2264, 228.6915, 250.6937, 43.7720, 187.8470, 18.4700, -93.4236, 12.1114, 0.905567, 0.423811, 0.018217, -0.043783, -0.423850, 0.905731, -0.001890, 0.012226, -0.017301, -0.006010, 0.999832, 0.228691, 0.000000, 0.000000, 0.000000, 1.000000, -0.017346, -0.006031, 0.999831, 0.250694, -0.905566, -0.423811, -0.018267, 0.043772, 0.423850, -0.905731, 0.001890, 0.187847, 0.000000, 0.000000, 0.000000, 1.000000, -0.995394, 0.092235, 0.026151, 0.018470, 0.024417, -0.019875, 0.999504, -0.093424, 0.092709, 0.995539, 0.017531, 0.012111, 0.000000, 0.000000, 0.000000, 1.000000
-21.0538, -42.5848, 11.7945, 228.5829, 250.5851, 42.5734, 188.2790, 18.3525, -93.2989, 12.3732, 0.908857, 0.416865, 0.014223, -0.042585, -0.416816, 0.908969, -0.006369, 0.011794, -0.015584, -0.000140, 0.999879, 0.228583, 0.000000, 0.000000, 0.000000, 1.000000, -0.015629, -0.000161, 0.999878, 0.250585, -0.908857, -0.416865, -0.014273, 0.042573, 0.416816, -0.908969, 0.006369, 0.188279, 0.000000, 0.000000, 0.000000, 1.000000, -0.995557, 0.090147, 0.027205, 0.018353, 0.025872, -0.015922, 0.999538, -0.093299, 0.090539, 0.995801, 0.013519, 0.012373, 0.000000, 0.000000, 0.000000, 1.000000
-20.7057, -41.3452, 11.2765, 228.0737, 250.0758, 41.3338, 188.7969, 17.6802, -93.6439, 12.5489, 0.911464, 0.411029, 0.017016, -0.041345, -0.410956, 0.911622, -0.007724, 0.011277, -0.018687, 0.000048, 0.999825, 0.228074, 0.000000, 0.000000, 0.000000, 1.000000, -0.018732, 0.000027, 0.999825, 0.250076, -0.911463, -0.411029, -0.017066, 0.041334, 0.410956, -0.911622, 0.007724, 0.188797, 0.000000, 0.000000, 0.000000, 1.000000, -0.995601, 0.090561, 0.024023, 0.017680, 0.022578, -0.016953, 0.999601, -0.093644, 0.090933, 0.995747, 0.014834, 0.012549, 0.000000, 0.000000, 0.000000, 1.000000
-20.1175, -39.8254, 10.6943, 227.6905, 249.6924, 39.8141, 189.3792, 17.2044, -93.7779, 12.8021, 0.915380, 0.401849, 0.024426, -0.039825, -0.401623, 0.915702, -0.013762, 0.010694, -0.027897, 0.002788, 0.999607, 0.227690, 0.000000, 0.000000, 0.000000, 1.000000, -0.027943, 0.002768, 0.999606, 0.249692, -0.915379, -0.401849, -0.024476, 0.039814, 0.401623, -0.915702, 0.013762, 0.189379, 0.000000, 0.000000, 0.000000, 1.000000, -0.995784, 0.090578, 0.014458, 0.017204, 0.013039, -0.016241, 0.999783, -0.093778, 0.090793, 0.995757, 0.014991, 0.012802, 0.000000, 0.000000, 0.000000, 1.000000
-19.7479, -38.8540, 10.3949, 228.1257, 250.1277, 38.8426, 189.6786, 16.9488, -93.1889, 13.0273, 0.918592, 0.395194, 0.003230, -0.038854, -0.395160, 0.918579, -0.007803, 0.010395, -0.006051, 0.005892, 0.999964, 0.228126, 0.000000, 0.000000, 0.000000, 1.000000, -0.006097, 0.005872, 0.999964, 0.250128, -0.918592, -0.395194, -0.003280, 0.038843, 0.395160, -0.918579, 0.007803, 0.189679, 0.000000, 0.000000, 0.000000, 1.000000, -0.995153, 0.091580, 0.035823, 0.016949, 0.034642, -0.014449, 0.999295, -0.093189, 0.092033, 0.995693, 0.011207, 0.013027, 0.000000, 0.000000, 0.000000, 1.000000
-18.8473, -36.3830, 9.4084, 226.9673, 248.9691, 36.3717, 190.6651, 16.0106, -93.9597, 13.3248, 0.923902, 0.382033, 0.021357, -0.036383, -0.381779, 0.924131, -0.015073, 0.009408, -0.025495, 0.005773, 0.999658, 0.226967, 0.000000, 0.000000, 0.000000, 1.000000, -0.025541, 0.005754, 0.999657, 0.248969, -0.923901, -0.382033, -0.021407, 0.036372, 0.381779, -0.924131, 0.015073, 0.190665, 0.000000, 0.000000, 0.000000, 1.000000, -0.995780, 0.090331, 0.016199, 0.016011, 0.014666, -0.017614, 0.999737, -0.093960, 0.090593, 0.995756, 0.016215, 0.013325, 0.000000, 0.000000, 0.000000, 1.000000
-18.4535, -35.1515, 8.9913, 226.7294, 248.7311, 35.1402, 191.0822, 15.4812, -94.0253, 13.5233, 0.926223, 0.376417, 0.020516, -0.035151, -0.376228, 0.926442, -0.012528, 0.008991, -0.023723, 0.003885, 0.999711, 0.226729, 0.000000, 0.000000, 0.000000, 1.000000, -0.023769, 0.003867, 0.999710, 0.248731, -0.926222, -0.376417, -0.020566, 0.035140, 0.376228, -0.926442, 0.012528, 0.191082, 0.000000, 0.000000, 0.000000, 1.000000, -0.995821, 0.089538, 0.017998, 0.015481, 0.016195, -0.020822, 0.999652, -0.094025, 0.089882, 0.995766, 0.019285, 0.013523, 0.000000, 0.000000, 0.000000, 1.000000
-17.5526, -32.6448, 8.1425, 226.1344, 248.1360, 32.6335, 191.9310, 14.5835, -94.2398, 13.8848, 0.932138, 0.361526, 0.020432, -0.032645, -0.361270, 0.932337, -0.015207, 0.008142, -0.024547, 0.006794, 0.999676, 0.226134, 0.000000, 0.000000, 0.000000, 1.000000, -0.024594, 0.006776, 0.999675, 0.248136, -0.932137, -0.361526, -0.020482, 0.032634, 0.361270, -0.932337, 0.015207, 0.191931, 0.000000, 0.000000, 0.000000, 1.000000, -0.995792, 0.090135, 0.016563, 0.014584, 0.014725, -0.021020, 0.999671, -0.094240, 0.090454, 0.995708, 0.019604, 0.013885, 0.000000, 0.000000, 0.000000, 1.000000
-17.1149, -31.3473, 7.7260, 226.2163, 248.2178, 31.3360, 192.3474, 14.0856, -93.9718, 14.0806, 0.934979, 0.354521, 0.011363, -0.031347, -0.354313, 0.934973, -0.016942, 0.007726, -0.016631, 0.011814, 0.999792, 0.226216, 0.000000, 0.000000, 0.000000, 1.000000, -0.016677, 0.011797, 0.999791, 0.248218, -0.934978, -0.354521, -0.011413, 0.031336, 0.354313, -0.934973, 0.016942, 0.192347, 0.000000, 0.000000, 0.000000, 1.000000, -0.995632, 0.090276, 0.023807, 0.014086, 0.022315, -0.017496, 0.999598, -0.093972, 0.090656, 0.995763, 0.015405, 0.014081, 0.000000, 0.000000, 0.000000, 1.000000
-16.6188, -30.1394, 7.2894, 225.7735, 247.7750, 30.1282, 192.7841, 13.7480, -94.2118, 14.1906, 0.937218, 0.348179, 0.019823, -0.030139, -0.347923, 0.937399, -0.015267, 0.007289, -0.023898, 0.007412, 0.999687, 0.225774, 0.000000, 0.000000, 0.000000, 1.000000, -0.023945, 0.007394, 0.999686, 0.247775, -0.937217, -0.348179, -0.019873, 0.030128, 0.347923, -0.937399, 0.015267, 0.192784, 0.000000, 0.000000, 0.000000, 1.000000, -0.995950, 0.088340, 0.016749, 0.013748, 0.014724, -0.023518, 0.999615, -0.094212, 0.088700, 0.995813, 0.022122, 0.014191, 0.000000, 0.000000, 0.000000, 1.000000
-15.9253, -28.2582, 6.7570, 225.4228, 247.4242, 28.2470, 193.3164, 13.1416, -94.2787, 14.4791, 0.941272, 0.337120, 0.018875, -0.028258, -0.336693, 0.941344, -0.022575, 0.006757, -0.025379, 0.014894, 0.999567, 0.225423, 0.000000, 0.000000, 0.000000, 1.000000, -0.025425, 0.014877, 0.999566, 0.247424, -0.941271, -0.337121, -0.018925, 0.028247, 0.336693, -0.941344, 0.022575, 0.193316, 0.000000, 0.000000, 0.000000, 1.000000, -0.995981, 0.088423, 0.014271, 0.013142, 0.012692, -0.018393, 0.999750, -0.094279, 0.088664, 0.995913, 0.017197, 0.014479, 0.000000, 0.000000, 0.000000, 1.000000
-15.3628, -26.2752, 6.2320, 225.1660, 247.1673, 26.2640, 193.8415, 12.1910, -94.2908, 14.7938, 0.945499, 0.325539, 0.007468, -0.026275, -0.325265, 0.945284, -0.025331, 0.006232, -0.015306, 0.021521, 0.999651, 0.225166, 0.000000, 0.000000, 0.000000, 1.000000, -0.015353, 0.021505, 0.999651, 0.247167, -0.945498, -0.325540, -0.007518, 0.026264, 0.325265, -0.945284, 0.025331, 0.193841, 0.000000, 0.000000, 0.000000, 1.000000, -0.995558, 0.091202, 0.023368, 0.012191, 0.022202, -0.013775, 0.999659, -0.094291, 0.091492, 0.995737, 0.011689, 0.014794, 0.000000, 0.000000, 0.000000, 1.000000
-15.0190, -25.2712, 5.9938, 225.2616, 247.2629, 25.2600, 194.0796, 11.8410, -94.0556, 14.9717, 0.947773, 0.318942, -0.001770, -0.025271, -0.318859, 0.947365, -0.028778, 0.005994, -0.007502, 0.027839, 0.999584, 0.225262, 0.000000, 0.000000, 0.000000, 1.000000, -0.007549, 0.027823, 0.999584, 0.247263, -0.947772, -0.318943, 0.001720, 0.025260, 0.318859, -0.947365, 0.028778, 0.194080, 0.000000, 0.000000, 0.000000, 1.000000, -0.995257, 0.092423, 0.030340, 0.011841, 0.029667, -0.008657, 0.999522, -0.094056, 0.092641, 0.995682, 0.005874, 0.014972, 0.000000, 0.000000, 0.000000, 1.000000
-14.4721, -23.7649, 5.4399, 224.2613, 246.2625, 23.7537, 194.6335, 11.2466, -94.8262, 15.0015, 0.949891, 0.311814, 0.021883, -0.023765, -0.311348, 0.950034, -0.022302, 0.005440, -0.027744, 0.014371, 0.999512, 0.224261, 0.000000, 0.000000, 0.000000, 1.000000, -0.027791, 0.014355, 0.999511, 0.246262, -0.949890, -0.311815, -0.021933, 0.023754, 0.311348, -0.950034, 0.022302, 0.194634, 0.000000, 0.000000, 0.000000, 1.000000, -0.995871, 0.090090, 0.011137, 0.011247, 0.009018, -0.023898, 0.999674, -0.094826, 0.090327, 0.995647, 0.022987, 0.015002, 0.000000, 0.000000, 0.000000, 1.000000
-14.1302, -22.7190, 5.2932, 224.5519, 246.5530, 22.7078, 194.7803, 10.8941, -94.4005, 15.2654, 0.952445, 0.304706, 0.001517, -0.022719, -0.304481, 0.951912, -0.033976, 0.005293, -0.011796, 0.031899, 0.999421, 0.224552, 0.000000, 0.000000, 0.000000, 1.000000, -0.011844, 0.031883, 0.999421, 0.246553, -0.952445, -0.304708, -0.001566, 0.022708, 0.304481, -0.951912, 0.033976, 0.194780, 0.000000, 0.000000, 0.000000, 1.000000, -0.995423, 0.092192, 0.025171, 0.010894, 0.024576, -0.007584, 0.999669, -0.094401, 0.092353, 0.995712, 0.005284, 0.015265, 0.000000, 0.000000, 0.000000, 1.000000
-13.5277, -21.1508, 4.7716, 224.0684, 246.0695, 21.1397, 195.3019, 10.3788, -94.6388, 15.3268, 0.954890, 0.296745, 0.011296, -0.021151, -0.296483, 0.954822, -0.020324, 0.004772, -0.016816, 0.016059, 0.999730, 0.224068, 0.000000, 0.000000, 0.000000, 1.000000, -0.016864, 0.016044, 0.999729, 0.246069, -0.954889, -0.296745, -0.011345, 0.021140, 0.296483, -0.954822, 0.020324, 0.195302, 0.000000, 0.000000, 0.000000, 1.000000, -0.995743, 0.089686, 0.021276, 0.010379, 0.019071, -0.025374, 0.999496, -0.094639, 0.090181, 0.995647, 0.023555, 0.015327, 0.000000, 0.000000, 0.000000, 1.000000
-13.1700, -19.8561, 4.4960, 223.8965, 245.8974, 19.8450, 195.5775, 9.7525, -94.6593, 15.5249, 0.957269, 0.289017, 0.010258, -0.019856, -0.288679, 0.957072, -0.026020, 0.004496, -0.017338, 0.021947, 0.999609, 0.223896, 0.000000, 0.000000, 0.000000, 1.000000, -0.017386, 0.021933, 0.999608, 0.245897, -0.957268, -0.289018, -0.010308, 0.019845, 0.288679, -0.957072, 0.026020, 0.195577, 0.000000, 0.000000, 0.000000, 1.000000, -0.995580, 0.091779, 0.019950, 0.009752, 0.018117, -0.020757, 0.999620, -0.094659, 0.092158, 0.995563, 0.019002, 0.015525, 0.000000, 0.000000, 0.000000, 1.000000
-12.5677, -18.1577, 4.1712, 223.8346, 245.8355, 18.1465, 195.9023, 9.1997, -94.4850, 15.7934, 0.960339, 0.278422, -0.015132, -0.018158, -0.278800, 0.959647, -0.036720, 0.004171, 0.004298, 0.039483, 0.999211, 0.223835, 0.000000, 0.000000, 0.000000, 1.000000, 0.004250, 0.039469, 0.999212, 0.245836, -0.960340, -0.278424, 0.015082, 0.018147, 0.278800, -0.959647, 0.036720, 0.195902, 0.000000, 0.000000, 0.000000, 1.000000, -0.994893, 0.092915, 0.039438, 0.009200, 0.039118, -0.005258, 0.999221, -0.094485, 0.093050, 0.995660, 0.001597, 0.015793, 0.000000, 0.000000, 0.000000, 1.000000
-11.9573, -16.7069, 3.7533, 223.1469, 245.1477, 16.6957, 196.3202, 8.8306, -94.9340, 15.8355, 0.962132, 0.271452, 0.024793, -0.016707, -0.270420, 0.961978, -0.038366, 0.003753, -0.034265, 0.030208, 0.998956, 0.223147, 0.000000, 0.000000, 0.000000, 1.000000, -0.034313, 0.030195, 0.998955, 0.245148, -0.962131, -0.271454, -0.024843, 0.016696, 0.270420, -0.961978, 0.038366, 0.196320, 0.000000, 0.000000, 0.000000, 1.000000, -0.995993, 0.089418, 0.001526, 0.008831, 0.000055, -0.016459, 0.999865, -0.094934, 0.089431, 0.995858, 0.016389, 0.015835, 0.000000, 0.000000, 0.000000, 1.000000
-11.4844, -15.0148, 3.4302, 222.8612, 244.8619, 15.0037, 196.6433, 8.0210, -95.0240, 16.0631, 0.965211, 0.261304, 0.009412, -0.015015, -0.260772, 0.964632, -0.038507, 0.003430, -0.019141, 0.034713, 0.999214, 0.222861, 0.000000, 0.000000, 0.000000, 1.000000, -0.019189, 0.034700, 0.999214, 0.244862, -0.965210, -0.261306, -0.009462, 0.015004, 0.260772, -0.964632, 0.038507, 0.196643, 0.000000, 0.000000, 0.000000, 1.000000, -0.995643, 0.091901, 0.015758, 0.008021, 0.014568, -0.013609, 0.999801, -0.095024, 0.092097, 0.995675, 0.012211, 0.016063, 0.000000, 0.000000, 0.000000, 1.000000
-10.5317, -12.4713, 2.9075, 222.4108, 244.4114, 12.4602, 197.1660, 7.2411, -95.1062, 16.2961, 0.968811, 0.247581, 0.010459, -0.012471, -0.246901, 0.968024, -0.044386, 0.002907, -0.021114, 0.040420, 0.998960, 0.222411, 0.000000, 0.000000, 0.000000, 1.000000, -0.021162, 0.040407, 0.998959, 0.244411, -0.968810, -0.247583, -0.010509, 0.012460, 0.246901, -0.968024, 0.044386, 0.197166, 0.000000, 0.000000, 0.000000, 1.000000, -0.995879, 0.089813, 0.012584, 0.007241, 0.011644, -0.010983, 0.999872, -0.095106, 0.089939, 0.995898, 0.009892, 0.016296, 0.000000, 0.000000, 0.000000, 1.000000
-9.8774, -10.4283, 2.5036, 222.0880, 244.0885, 10.4172, 197.5699, 6.4045, -95.1688, 16.4760, 0.971936, 0.235241, 0.001129, -0.010428, -0.235015, 0.971190, -0.039460, 0.002504, -0.010379, 0.038087, 0.999221, 0.222088, 0.000000, 0.000000, 0.000000, 1.000000, -0.010428, 0.038075, 0.999220, 0.244089, -0.971936, -0.235243, -0.001179, 0.010417, 0.235015, -0.971190, 0.039460, 0.197570, 0.000000, 0.000000, 0.000000, 1.000000, -0.995571, 0.091184, 0.022891, 0.006404, 0.021563, -0.015522, 0.999647, -0.095169, 0.091508, 0.995713, 0.013487, 0.016476, 0.000000, 0.000000, 0.000000, 1.000000
-9.2002, -8.4556, 2.1987, 221.6941, 243.6945, 8.4446, 197.8748, 5.7026, -95.3035, 16.6867, 0.974476, 0.224477, 0.002405, -0.008456, -0.224103, 0.973369, -0.048272, 0.002199, -0.013177, 0.046501, 0.998831, 0.221694, 0.000000, 0.000000, 0.000000, 1.000000, -0.013226, 0.046490, 0.998831, 0.243695, -0.974476, -0.224480, -0.002455, 0.008445, 0.224103, -0.973369, 0.048272, 0.197875, 0.000000, 0.000000, 0.000000, 1.000000, -0.995696, 0.090762, 0.018751, 0.005703, 0.017979, -0.009308, 0.999795, -0.095304, 0.090918, 0.995829, 0.007636, 0.016687, 0.000000, 0.000000, 0.000000, 1.000000
-8.7155, -6.8059, 2.0380, 221.3422, 243.3426, 6.7948, 198.0354, 4.9845, -95.4698, 16.9411, 0.976734, 0.214308, -0.007939, -0.006806, -0.214344, 0.974362, -0.068380, 0.002038, -0.006918, 0.068491, 0.997628, 0.221342, 0.000000, 0.000000, 0.000000, 1.000000, -0.006967, 0.068480, 0.997628, 0.243343, -0.976733, -0.214312, 0.007890, 0.006795, 0.214344, -0.974362, 0.068380, 0.198035, 0.000000, 0.000000, 0.000000, 1.000000, -0.995394, 0.093209, 0.022405, 0.004984, 0.023537, 0.011067, 0.999662, -0.095470, 0.092929, 0.995585, -0.013210, 0.016941, 0.000000, 0.000000, 0.000000, 1.000000
-8.0637, -4.9207, 1.4187, 221.0149, 243.0151, 4.9097, 198.6547, 4.2171, -95.5288, 16.7768, 0.978807, 0.204646, 0.007500, -0.004921, -0.204503, 0.978727, -0.016483, 0.001419, -0.010714, 0.014600, 0.999836, 0.221015, 0.000000, 0.000000, 0.000000, 1.000000, -0.010762, 0.014589, 0.999836, 0.243015, -0.978807, -0.204647, -0.007550, 0.004910, 0.204503, -0.978727, 0.016483, 0.198655, 0.000000, 0.000000, 0.000000, 1.000000, -0.995617, 0.090644, 0.023013, 0.004217, 0.018996, -0.044936, 0.998809, -0.095529, 0.091570, 0.994869, 0.043017, 0.016777, 0.000000, 0.000000, 0.000000, 1.000000
-7.4973, -3.3194, 1.2540, 220.6329, 242.6330, 3.3084, 198.8194, 3.6902, -95.7023, 16.9495, 0.980462, 0.195792, 0.018991, -0.003319, -0.195238, 0.980367, -0.027619, 0.001254, -0.024026, 0.023372, 0.999438, 0.220633, 0.000000, 0.000000, 0.000000, 1.000000, -0.024075, 0.023362, 0.999437, 0.242633, -0.980460, -0.195793, -0.019041, 0.003308, 0.195238, -0.980367, 0.027619, 0.198819, 0.000000, 0.000000, 0.000000, 1.000000, -0.995890, 0.090181, 0.008407, 0.003690, 0.004996, -0.037989, 0.999266, -0.095702, 0.090434, 0.995201, 0.037383, 0.016950, 0.000000, 0.000000, 0.000000, 1.000000
-7.1580, -1.9800, 1.1869, 220.4356, 242.4357, 1.9690, 198.8865, 3.0171, -95.7709, 17.1808, 0.982262, 0.187414, 0.006050, -0.001980, -0.186860, 0.981027, -0.051673, 0.001187, -0.015619, 0.049626, 0.998646, 0.220436, 0.000000, 0.000000, 0.000000, 1.000000, -0.015668, 0.049617, 0.998645, 0.242436, -0.982262, -0.187417, -0.006099, 0.001969, 0.186860, -0.981027, 0.051673, 0.198887, 0.000000, 0.000000, 0.000000, 1.000000, -0.995524, 0.093483, 0.013923, 0.003017, 0.012772, -0.012906, 0.999835, -0.095771, 0.093647, 0.995537, 0.011654, 0.017181, 0.000000, 0.000000, 0.000000, 1.000000
-6.1209, 0.5813, 0.8153, 219.9895, 241.9894, -0.5923, 199.2582, 2.3826, -95.8394, 17.2628, 0.984707, 0.173116, 0.019544, 0.000581, -0.172208, 0.984196, -0.041259, 0.000815, -0.026378, 0.037262, 0.998957, 0.219989, 0.000000, 0.000000, 0.000000, 1.000000, -0.026427, 0.037254, 0.998956, 0.241989, -0.984706, -0.173118, -0.019594, -0.000592, 0.172208, -0.984196, 0.041259, 0.199258, 0.000000, 0.000000, 0.000000, 1.000000, -0.995946, 0.089889, 0.003380, 0.002383, 0.000818, -0.028523, 0.999593, -0.095839, 0.089949, 0.995543, 0.028334, 0.017263, 0.000000, 0.000000, 0.000000, 1.000000
-5.7889, 1.6934, 0.6715, 219.7025, 241.7025, -1.7044, 199.4020, 1.8848, -95.9991, 17.3182, 0.985953, 0.166924, -0.005702, 0.001693, -0.167015, 0.985025, -0.042797, 0.000671, -0.001527, 0.043149, 0.999067, 0.219703, 0.000000, 0.000000, 0.000000, 1.000000, -0.001577, 0.043140, 0.999068, 0.241702, -0.985953, -0.166926, 0.005652, -0.001704, 0.167015, -0.985025, 0.042797, 0.199402, 0.000000, 0.000000, 0.000000, 1.000000, -0.995517, 0.090579, 0.027230, 0.001885, 0.025178, -0.023715, 0.999402, -0.095999, 0.091171, 0.995607, 0.021328, 0.017318, 0.000000, 0.000000, 0.000000, 1.000000
-5.1992, 3.3057, 0.4451, 219.5430, 241.5429, -3.3167, 199.6283, 1.3674, -95.9414, 17.3547, 0.987516, 0.157492, 0.002873, 0.003306, -0.157321, 0.987028, -0.032043, 0.000445, -0.007883, 0.031191, 0.999482, 0.219543, 0.000000, 0.000000, 0.000000, 1.000000, -0.007932, 0.031183, 0.999482, 0.241543, -0.987516, -0.157493, -0.002923, -0.003317, 0.157321, -0.987028, 0.032043, 0.199628, 0.000000, 0.000000, 0.000000, 1.000000, -0.995740, 0.089703, 0.021343, 0.001367, 0.018034, -0.037541, 0.999132, -0.095941, 0.090427, 0.995261, 0.035763, 0.017355, 0.000000, 0.000000, 0.000000, 1.000000
-4.6022, 5.1951, 0.4002, 219.0143, 241.0141, -5.2060, 199.6732, 0.6250, -96.2594, 17.5838, 0.988936, 0.146728, 0.021841, 0.005195, -0.145328, 0.987809, -0.055796, 0.000400, -0.029761, 0.052004, 0.998203, 0.219014, 0.000000, 0.000000, 0.000000, 1.000000, -0.029810, 0.051997, 0.998202, 0.241014, -0.988934, -0.146730, -0.021890, -0.005206, 0.145328, -0.987809, 0.055796, 0.199673, 0.000000, 0.000000, 0.000000, 1.000000, -0.995869, 0.090752, -0.003082, 0.000625, -0.004792, -0.018634, 0.999815, -0.096259, 0.090677, 0.995699, 0.018991, 0.017584, 0.000000, 0.000000, 0.000000, 1.000000
-3.8685, 7.2490, 0.0792, 218.7813, 240.7809, -7.2599, 199.9943, -0.0825, -96.2196, 17.5376, 0.990936, 0.134138, 0.007285, 0.007249, -0.133905, 0.990645, -0.026294, 0.000079, -0.010744, 0.025080, 0.999628, 0.218781, 0.000000, 0.000000, 0.000000, 1.000000, -0.010793, 0.025074, 0.999627, 0.240781, -0.990935, -0.134139, -0.007335, -0.007260, 0.133905, -0.990645, 0.026294, 0.199994, 0.000000, 0.000000, 0.000000, 1.000000, -0.995767, 0.090236, 0.017458, -0.000082, 0.013172, -0.047880, 0.998766, -0.096220, 0.090960, 0.994769, 0.046488, 0.017538, 0.000000, 0.000000, 0.000000, 1.000000
-3.5158, 8.8972, 0.1649, 218.3729, 240.3724, -8.9080, 199.9085, -1.0237, -96.5053, 17.8592, 0.992074, 0.125338, 0.008973, 0.008897, -0.124385, 0.989655, -0.071496, 0.000165, -0.017842, 0.069813, 0.997401, 0.218373, 0.000000, 0.000000, 0.000000, 1.000000, -0.017891, 0.069807, 0.997400, 0.240372, -0.992073, -0.125341, -0.009023, -0.008908, 0.124385, -0.989655, 0.071496, 0.199909, 0.000000, 0.000000, 0.000000, 1.000000, -0.995565, 0.093902, 0.005671, -0.001024, 0.005291, -0.004292, 0.999977, -0.096505, 0.093924, 0.995572, 0.003776, 0.017859, 0.000000, 0.000000, 0.000000, 1.000000
-2.5240, 11.5201, -0.0730, 218.0146, 240.0140, -11.5309, 200.1464, -1.7978, -96.5134, 17.8634, 0.993784, 0.110827, 0.010539, 0.011520, -0.109993, 0.992076, -0.060721, -0.000073, -0.017185, 0.059185, 0.998099, 0.218015, 0.000000, 0.000000, 0.000000, 1.000000, -0.017234, 0.059179, 0.998099, 0.240014, -0.993783, -0.110830, -0.010588, -0.011531, 0.109993, -0.992076, 0.060721, 0.200146, 0.000000, 0.000000, 0.000000, 1.000000, -0.995808, 0.091261, 0.006221, -0.001798, 0.004597, -0.017988, 0.999828, -0.096513, 0.091357, 0.995665, 0.017493, 0.017863, 0.000000, 0.000000, 0.000000, 1.000000
-1.8437, 13.6114, -0.1914, 217.4170, 239.4163, -13.6222, 200.2649, -2.6197, -96.8699, 17.9043, 0.995134, 0.097941, -0.010741, 0.013611, -0.098391, 0.993578, -0.055871, -0.000191, 0.005200, 0.056656, 0.998380, 0.217417, 0.000000, 0.000000, 0.000000, 1.000000, 0.005151, 0.056651, 0.998381, 0.239416, -0.995134, -0.097944, 0.010692, -0.013622, 0.098391, -0.993578, 0.055871, 0.200265, 0.000000, 0.000000, 0.000000, 1.000000, -0.995329, 0.092445, 0.027816, -0.002620, 0.025826, -0.022660, 0.999410, -0.096870, 0.093021, 0.995460, 0.020167, 0.017904, 0.000000, 0.000000, 0.000000, 1.000000
-1.1584, 15.5242, -0.2233, 217.2615, 239.2607, -15.5350, 200.2967, -3.2323, -96.7941, 17.9958, 0.996123, 0.087810, 0.005277, 0.015524, -0.087342, 0.994398, -0.059535, -0.000223, -0.010476, 0.058843, 0.998212, 0.217262, 0.000000, 0.000000, 0.000000, 1.000000, -0.010525, 0.058839, 0.998212, 0.239261, -0.996123, -0.087813, -0.005327, -0.015535, 0.087342, -0.994398, 0.059535, 0.200297, 0.000000, 0.000000, 0.000000, 1.000000, -0.995802, 0.090853, 0.011152, -0.003232, 0.009138, -0.022552, 0.999704, -0.096794, 0.091078, 0.995609, 0.021627, 0.017996, 0.000000, 0.000000, 0.000000, 1.000000
-0.6981, 16.8243, -0.2085, 216.9895, 238.9887, -16.8351, 200.2820, -3.6605, -96.9135, 18.0651, 0.996677, 0.080902, 0.009511, 0.016824, -0.080037, 0.994302, -0.070414, -0.000209, -0.015154, 0.069419, 0.997472, 0.216990, 0.000000, 0.000000, 0.000000, 1.000000, -0.015203, 0.069415, 0.997472, 0.238989, -0.996676, -0.080905, -0.009561, -0.016835, 0.080037, -0.994302, 0.070414, 0.200282, 0.000000, 0.000000, 0.000000, 1.000000, -0.995928, 0.090019, 0.004955, -0.003660, 0.003768, -0.013353, 0.999904, -0.096913, 0.090077, 0.995851, 0.012960, 0.018065, 0.000000, 0.000000, 0.000000, 1.000000
0.1745, 19.5214, -0.3044, 216.4785, 238.4775, -19.5322, 200.3779, -4.7254, -97.1227, 18.0726, 0.997892, 0.064607, 0.006162, 0.019521, -0.064129, 0.996174, -0.059368, -0.000304, -0.009974, 0.058848, 0.998217, 0.216478, 0.000000, 0.000000, 0.000000, 1.000000, -0.010023, 0.058845, 0.998217, 0.238477, -0.997891, -0.064610, -0.006211, -0.019532, 0.064129, -0.996174, 0.059368, 0.200378, 0.000000, 0.000000, 0.000000, 1.000000, -0.995789, 0.091153, 0.009770, -0.004725, 0.007370, -0.026632, 0.999618, -0.097123, 0.091379, 0.995481, 0.025848, 0.018073, 0.000000, 0.000000, 0.000000, 1.000000
0.8435, 21.5013, -0.2901, 216.0525, 238.0515, -21.5121, 200.3635, -5.4449, -97.3262, 18.1100, 0.998560, 0.053646, -0.000482, 0.021501, -0.053559, 0.996333, -0.066720, -0.000290, -0.003099, 0.066650, 0.997772, 0.216053, 0.000000, 0.000000, 0.000000, 1.000000, -0.003149, 0.066647, 0.997772, 0.238051, -0.998560, -0.053649, 0.000432, -0.021512, 0.053559, -0.996333, 0.066720, 0.200364, 0.000000, 0.000000, 0.000000, 1.000000, -0.995764, 0.090724, 0.014967, -0.005445, 0.013128, -0.020834, 0.999697, -0.097326, 0.091009, 0.995658, 0.019555, 0.018110, 0.000000, 0.000000, 0.000000, 1.000000
1.2393, 22.8202, -0.2387, 215.7938, 237.7927, -22.8309, 200.3121, -6.0139, -97.4558, 18.1791, 0.998963, 0.045521, 0.000110, 0.022820, -0.045393, 0.996332, -0.072535, -0.000239, -0.003411, 0.072455, 0.997366, 0.215794, 0.000000, 0.000000, 0.000000, 1.000000, -0.003461, 0.072452, 0.997366, 0.237793, -0.998963, -0.045525, -0.000160, -0.022831, 0.045393, -0.996332, 0.072535, 0.200312, 0.000000, 0.000000, 0.000000, 1.000000, -0.995657, 0.092115, 0.013451, -0.006014, 0.012005, -0.016231, 0.999796, -0.097456, 0.092315, 0.995616, 0.015055, 0.018179, 0.000000, 0.000000, 0.000000, 1.000000
1.8936, 24.8569, -0.2453, 215.3912, 237.3900, -24.8676, 200.3188, -6.8249, -97.6388, 18.1578, 0.999425, 0.033824, -0.002524, 0.024857, -0.033918, 0.997171, -0.067073, -0.000245, 0.000248, 0.067120, 0.997745, 0.215391, 0.000000, 0.000000, 0.000000, 1.000000, 0.000198, 0.067118, 0.997745, 0.237390, -0.999425, -0.033828, 0.002474, -0.024868, 0.033918, -0.997171, 0.067073, 0.200319, 0.000000, 0.000000, 0.000000, 1.000000, -0.995578, 0.092469, 0.016565, -0.006825, 0.014446, -0.023543, 0.999618, -0.097639, 0.092823, 0.995437, 0.022103, 0.018158, 0.000000, 0.000000, 0.000000, 1.000000
2.4996, 26.4311, -0.1768, 215.2066, 237.2053, -26.4418, 200.2502, -7.2567, -97.6315, 18.1634, 0.999615, 0.025478, 0.010967, 0.026431, -0.024598, 0.996950, -0.074061, -0.000177, -0.012821, 0.073762, 0.997193, 0.215207, 0.000000, 0.000000, 0.000000, 1.000000, -0.012871, 0.073761, 0.997193, 0.237205, -0.999615, -0.025482, -0.011017, -0.026442, 0.024598, -0.996950, 0.074061, 0.200250, 0.000000, 0.000000, 0.000000, 1.000000, -0.995897, 0.090474, 0.002121, -0.007257, 0.000434, -0.018662, 0.999826, -0.097632, 0.090498, 0.995724, 0.018547, 0.018163, 0.000000, 0.000000, 0.000000, 1.000000
2.9648, 27.7555, -0.0924, 214.8646, 236.8632, -27.7662, 200.1659, -7.7045, -97.8274, 18.1789, 0.999805, 0.017943, 0.008214, 0.027755, -0.017265, 0.996940, -0.076237, -0.000092, -0.009557, 0.076080, 0.997056, 0.214865, 0.000000, 0.000000, 0.000000, 1.000000, -0.009607, 0.076079, 0.997056, 0.236863, -0.999805, -0.017946, -0.008264, -0.027766, 0.017265, -0.996940, 0.076237, 0.200166, 0.000000, 0.000000, 0.000000, 1.000000, -0.995929, 0.090027, 0.004462, -0.007705, 0.002878, -0.017710, 0.999839, -0.097827, 0.090092, 0.995782, 0.017379, 0.018179, 0.000000, 0.000000, 0.000000, 1.000000
3.9421, 30.7785, 0.0441, 214.3351, 236.3335, -30.7892, 200.0294, -8.8923, -98.0449, 18.1627, 0.999987, -0.000494, 0.005121, 0.030779, 0.000889, 0.996997, -0.077430, 0.000044, -0.005068, 0.077433, 0.996985, 0.214335, 0.000000, 0.000000, 0.000000, 1.000000, -0.005118, 0.077433, 0.996984, 0.236334, -0.999987, 0.000490, -0.005171, -0.030789, -0.000889, -0.996997, 0.077430, 0.200029, 0.000000, 0.000000, 0.000000, 1.000000, -0.995767, 0.091632, 0.007124, -0.008892, 0.005382, -0.019244, 0.999800, -0.098045, 0.091750, 0.995607, 0.018669, 0.018163, 0.000000, 0.000000, 0.000000, 1.000000
4.3038, 32.0790, 0.1428, 214.1894, 236.1878, -32.0897, 199.9306, -9.5092, -98.0784, 18.2064, 0.999967, -0.007112, 0.003874, 0.032079, 0.007402, 0.996704, -0.080790, 0.000143, -0.003286, 0.080816, 0.996724, 0.214189, 0.000000, 0.000000, 0.000000, 1.000000, -0.003336, 0.080816, 0.996723, 0.236188, -0.999967, 0.007108, -0.003923, -0.032090, -0.007402, -0.996704, 0.080790, 0.199931, 0.000000, 0.000000, 0.000000, 1.000000, -0.995722, 0.092056, 0.007961, -0.009509, 0.006431, -0.016909, 0.999836, -0.098078, 0.092176, 0.995610, 0.016245, 0.018206, 0.000000, 0.000000, 0.000000, 1.000000
4.8981, 33.7518, 0.2740, 213.8654, 235.8637, -33.7625, 199.7995, -10.0660, -98.2199, 18.1781, 0.999855, -0.016851, 0.002301, 0.033752, 0.016981, 0.996620, -0.080380, 0.000274, -0.000939, 0.080407, 0.996762, 0.213865, 0.000000, 0.000000, 0.000000, 1.000000, -0.000989, 0.080408, 0.996762, 0.235864, -0.999855, 0.016847, -0.002351, -0.033762, -0.016981, -0.996620, 0.080380, 0.199799, 0.000000, 0.000000, 0.000000, 1.000000, -0.995756, 0.091551, 0.009378, -0.010066, 0.007665, -0.019037, 0.999789, -0.098220, 0.091710, 0.995618, 0.018254, 0.018178, 0.000000, 0.000000, 0.000000, 1.000000
5.2389, 35.0999, 0.4323, 213.6194, 235.6177, -35.1106, 199.6411, -10.7700, -98.3654, 18.2547, 0.999694, -0.024330, 0.004438, 0.035100, 0.024621, 0.996020, -0.085659, 0.000432, -0.002337, 0.085742, 0.996315, 0.213619, 0.000000, 0.000000, 0.000000, 1.000000, -0.002386, 0.085743, 0.996314, 0.235618, -0.999694, 0.024326, -0.004488, -0.035111, -0.024621, -0.996020, 0.085659, 0.199641, 0.000000, 0.000000, 0.000000, 1.000000, -0.995623, 0.093213, 0.006770, -0.010770, 0.005425, -0.014680, 0.999878, -0.098365, 0.093300, 0.995538, 0.014110, 0.018255, 0.000000, 0.000000, 0.000000, 1.000000
6.1956, 37.3557, 0.6136, 213.2293, 235.2275, -37.3663, 199.4598, -11.2375, -98.4648, 18.0922, 0.999277, -0.037924, 0.002814, 0.037356, 0.038027, 0.995825, -0.082982, 0.000614, 0.000345, 0.083029, 0.996547, 0.213229, 0.000000, 0.000000, 0.000000, 1.000000, 0.000295, 0.083031, 0.996547, 0.235227, -0.999277, 0.037920, -0.002863, -0.037366, -0.038027, -0.995825, 0.082982, 0.199460, 0.000000, 0.000000, 0.000000, 1.000000, -0.995879, 0.090309, 0.008278, -0.011237, 0.006486, -0.020119, 0.999777, -0.098465, 0.090456, 0.995711, 0.019450, 0.018092, 0.000000, 0.000000, 0.000000, 1.000000
6.5681, 39.0093, 0.8252, 213.0506, 235.0486, -39.0199, 199.2483, -12.1885, -98.5372, 18.1897, 0.998843, -0.046935, 0.010492, 0.039009, 0.047657, 0.995250, -0.084888, 0.000825, -0.006458, 0.085290, 0.996335, 0.213051, 0.000000, 0.000000, 0.000000, 1.000000, -0.006507, 0.085292, 0.996335, 0.235049, -0.998843, 0.046930, -0.010541, -0.039020, -0.047657, -0.995250, 0.084888, 0.199248, 0.000000, 0.000000, 0.000000, 1.000000, -0.995673, 0.092924, 0.000392, -0.012189, -0.001373, -0.018922, 0.999820, -0.098537, 0.092915, 0.995493, 0.018967, 0.018190, 0.000000, 0.000000, 0.000000, 1.000000
7.1754, 40.0379, 0.9433, 212.8511, 234.8491, -40.0485, 199.1301, -12.0851, -98.5571, 18.0359, 0.998569, -0.052554, 0.009932, 0.040038, 0.053233, 0.994576, -0.089359, 0.000943, -0.005182, 0.089760, 0.995950, 0.212851, 0.000000, 0.000000, 0.000000, 1.000000, -0.005232, 0.089763, 0.995949, 0.234849, -0.998568, 0.052550, -0.009982, -0.040049, -0.053233, -0.994576, 0.089359, 0.199130, 0.000000, 0.000000, 0.000000, 1.000000, -0.996106, 0.088156, 0.000591, -0.012085, -0.000833, -0.016126, 0.999870, -0.098557, 0.088154, 0.995976, 0.016136, 0.018036, 0.000000, 0.000000, 0.000000, 1.000000
7.5463, 41.9826, 1.1783, 212.5112, 234.5091, -41.9932, 198.8951, -13.3353, -98.7904, 18.1150, 0.997908, -0.064338, 0.006390, 0.041983, 0.064653, 0.993767, -0.090816, 0.001178, -0.000507, 0.091039, 0.995847, 0.212511, 0.000000, 0.000000, 0.000000, 1.000000, -0.000557, 0.091042, 0.995847, 0.234509, -0.997908, 0.064334, -0.006440, -0.041993, -0.064653, -0.993767, 0.090816, 0.198895, 0.000000, 0.000000, 0.000000, 1.000000, -0.995606, 0.093560, 0.003983, -0.013335, 0.002506, -0.015902, 0.999870, -0.098790, 0.093611, 0.995487, 0.015598, 0.018115, 0.000000, 0.000000, 0.000000, 1.000000
8.6146, 44.6300, 1.5483, 212.1481, 234.1459, -44.6405, 198.5251, -13.9896, -98.8473, 17.9552, 0.996829, -0.079348, 0.006019, 0.044630, 0.079566, 0.992655, -0.091136, 0.001548, 0.001257, 0.091326, 0.995820, 0.212148, 0.000000, 0.000000, 0.000000, 1.000000, 0.001207, 0.091330, 0.995820, 0.234146, -0.996829, 0.079344, -0.006069, -0.044641, -0.079566, -0.992655, 0.091136, 0.198525, 0.000000, 0.000000, 0.000000, 1.000000, -0.995914, 0.090217, 0.004035, -0.013990, 0.002369, -0.018573, 0.999825, -0.098847, 0.090276, 0.995749, 0.018283, 0.017955, 0.000000, 0.000000, 0.000000, 1.000000
9.0000, 46.3148, 1.8637, 211.9836, 233.9813, -46.3253, 198.2098, -14.9552, -98.9144, 18.0627, 0.996050, -0.087987, 0.011949, 0.046315, 0.088738, 0.991147, -0.098761, 0.001864, -0.003154, 0.099432, 0.995039, 0.211984, 0.000000, 0.000000, 0.000000, 1.000000, -0.003203, 0.099436, 0.995039, 0.233981, -0.996050, 0.087982, -0.011999, -0.046325, -0.088738, -0.991147, 0.098761, 0.198210, 0.000000, 0.000000, 0.000000, 1.000000, -0.995728, 0.092317, -0.002061, -0.014955, -0.003135, -0.011492, 0.999929, -0.098914, 0.092287, 0.995663, 0.011732, 0.018063, 0.000000, 0.000000, 0.000000, 1.000000
9.6262, 47.8965, 2.0789, 211.5574, 233.5550, -47.9071, 197.9945, -15.3753, -99.1598, 17.8933, 0.995091, -0.098812, 0.005506, 0.047897, 0.098876, 0.990282, -0.097800, 0.002079, 0.004211, 0.097864, 0.995191, 0.211557, 0.000000, 0.000000, 0.000000, 1.000000, 0.004162, 0.097869, 0.995191, 0.233555, -0.995091, 0.098807, -0.005556, -0.047907, -0.098876, -0.990282, 0.097800, 0.197995, 0.000000, 0.000000, 0.000000, 1.000000, -0.995715, 0.092383, 0.004248, -0.015375, 0.002895, -0.014776, 0.999887, -0.099160, 0.092435, 0.995614, 0.014446, 0.017893, 0.000000, 0.000000, 0.000000, 1.000000
10.0384, 48.8762, 2.2907, 211.4872, 233.4847, -48.8868, 197.7828, -15.5890, -99.1210, 17.8636, 0.994701, -0.102292, 0.010344, 0.048876, 0.102813, 0.989462, -0.101955, 0.002291, 0.000194, 0.102478, 0.994735, 0.211487, 0.000000, 0.000000, 0.000000, 1.000000, 0.000144, 0.102483, 0.994735, 0.233485, -0.994701, 0.102287, -0.010394, -0.048887, -0.102813, -0.989462, 0.101955, 0.197783, 0.000000, 0.000000, 0.000000, 1.000000, -0.996046, 0.088836, -0.000640, -0.015589, -0.001647, -0.011264, 0.999935, -0.099121, 0.088824, 0.995983, 0.011366, 0.017864, 0.000000, 0.000000, 0.000000, 1.000000
10.8927, 51.6628, 2.7567, 211.1632, 233.1606, -51.6734, 197.3168, -16.7930, -99.2140, 17.7599, 0.992793, -0.119212, 0.012300, 0.051663, 0.119844, 0.987867, -0.098771, 0.002757, -0.000376, 0.099533, 0.995034, 0.211163, 0.000000, 0.000000, 0.000000, 1.000000, -0.000425, 0.099539, 0.995034, 0.233161, -0.992793, 0.119207, -0.012349, -0.051673, -0.119844, -0.987867, 0.098771, 0.197317, 0.000000, 0.000000, 0.000000, 1.000000, -0.995837, 0.091103, -0.002870, -0.016793, -0.004392, -0.016516, 0.999854, -0.099214, 0.091042, 0.995705, 0.016847, 0.017760, 0.000000, 0.000000, 0.000000, 1.000000
11.2608, 52.8791, 2.9610, 211.0770, 233.0744, -52.8896, 197.1125, -17.3283, -99.2014, 17.7059, 0.991867, -0.126298, 0.015793, 0.052879, 0.127249, 0.986765, -0.100507, 0.002961, -0.002890, 0.101700, 0.994811, 0.211077, 0.000000, 0.000000, 0.000000, 1.000000, -0.002939, 0.101706, 0.994810, 0.233074, -0.991866, 0.126293, -0.015842, -0.052890, -0.127249, -0.986765, 0.100507, 0.197112, 0.000000, 0.000000, 0.000000, 1.000000, -0.995746, 0.091919, -0.006410, -0.017328, -0.007851, -0.015315, 0.999852, -0.099201, 0.091807, 0.995649, 0.015972, 0.017706, 0.000000, 0.000000, 0.000000, 1.000000
11.8848, 54.4545, 3.3107, 210.6635, 232.6608, -54.4650, 196.7627, -17.7524, -99.4512, 17.5822, 0.990705, -0.135711, 0.009320, 0.054454, 0.135944, 0.985311, -0.103351, 0.003311, 0.004843, 0.103657, 0.994601, 0.210663, 0.000000, 0.000000, 0.000000, 1.000000, 0.004794, 0.103664, 0.994601, 0.232661, -0.990705, 0.135706, -0.009369, -0.054465, -0.135944, -0.985311, 0.103351, 0.196763, 0.000000, 0.000000, 0.000000, 1.000000, -0.995880, 0.090684, 0.000005, -0.017752, -0.001361, -0.015005, 0.999886, -0.099451, 0.090674, 0.995767, 0.015067, 0.017582, 0.000000, 0.000000, 0.000000, 1.000000
12.2847, 55.5149, 3.5453, 210.6498, 232.6470, -55.5254, 196.5281, -18.0750, -99.3625, 17.5289, 0.989981, -0.140728, 0.011554, 0.055515, 0.141159, 0.984344, -0.105554, 0.003545, 0.003481, 0.106127, 0.994346, 0.210650, 0.000000, 0.000000, 0.000000, 1.000000, 0.003432, 0.106134, 0.994346, 0.232647, -0.989981, 0.140723, -0.011604, -0.055525, -0.141159, -0.984344, 0.105554, 0.196528, 0.000000, 0.000000, 0.000000, 1.000000, -0.996039, 0.088890, -0.002219, -0.018075, -0.003439, -0.013584, 0.999902, -0.099363, 0.088851, 0.995949, 0.013836, 0.017529, 0.000000, 0.000000, 0.000000, 1.000000
12.7661, 57.1302, 3.8610, 210.2521, 232.2492, -57.1407, 196.2125, -18.8050, -99.6351, 17.4182, 0.988432, -0.151240, 0.011320, 0.057130, 0.151592, 0.982914, -0.104403, 0.003861, 0.004664, 0.104912, 0.994471, 0.210252, 0.000000, 0.000000, 0.000000, 1.000000, 0.004614, 0.104919, 0.994470, 0.232249, -0.988432, 0.151235, -0.011369, -0.057141, -0.151592, -0.982914, 0.104403, 0.196212, 0.000000, 0.000000, 0.000000, 1.000000, -0.995830, 0.091199, -0.002182, -0.018805, -0.003661, -0.016044, 0.999865, -0.099635, 0.091152, 0.995703, 0.016311, 0.017418, 0.000000, 0.000000, 0.000000, 1.000000
