# Joint_B_Angle(deg), Cam_X(mm), Cam_Y(mm), Cam_Z(mm), Torso_X(mm), Torso_Y(mm), Torso_Z(mm), EE_X(mm), EE_Y(mm), EE_Z(mm), T_cam2marker_flat(16), T_torso2marker_flat(16), T_ee2marker_flat(16)
-14.9908, -49.2596, -75.4136, 326.4776, 395.4776, 58.2596, 332.4871, 27.5380, -26.2155, -54.3940, 0.342401, 0.924332, -0.168443, -0.049260, -0.939553, 0.337068, -0.060205, -0.075414, 0.001127, 0.178875, 0.983871, 0.326478, 0.000000, 0.000000, 0.000000, 1.000000, 0.001127, 0.178875, 0.983871, 0.395478, -0.342401, -0.924332, 0.168443, 0.058260, 0.939553, -0.337068, 0.060205, 0.332487, 0.000000, 0.000000, 0.000000, 1.000000, -0.997502, 0.006485, 0.070344, 0.027538, 0.069223, -0.108915, 0.991638, -0.026215, 0.014092, 0.994030, 0.108194, -0.054394, 0.000000, 0.000000, 0.000000, 1.000000
-14.9596, -49.2542, -75.3887, 326.4115, 395.4115, 58.2542, 332.4622, 27.4591, -26.3128, -54.4105, 0.340702, 0.923476, -0.176392, -0.049254, -0.940162, 0.335481, -0.059565, -0.075389, 0.004169, 0.186131, 0.982516, 0.326412, 0.000000, 0.000000, 0.000000, 1.000000, 0.004169, 0.186131, 0.982516, 0.395412, -0.340702, -0.923476, 0.176392, 0.058254, 0.940162, -0.335481, 0.059565, 0.332462, 0.000000, 0.000000, 0.000000, 1.000000, -0.997259, 0.006312, 0.073724, 0.027459, 0.072707, -0.101362, 0.992189, -0.026313, 0.013736, 0.994830, 0.100626, -0.054410, 0.000000, 0.000000, 0.000000, 1.000000
-14.8885, -49.2698, -75.1215, 325.9030, 394.9030, 58.2698, 332.1950, 27.4617, -26.9027, -54.5086, 0.336558, 0.924534, -0.178790, -0.049270, -0.941369, 0.335075, -0.039356, -0.075122, 0.023522, 0.181553, 0.983100, 0.325903, 0.000000, 0.000000, 0.000000, 1.000000, 0.023522, 0.181553, 0.983100, 0.394903, -0.336558, -0.924534, 0.178790, 0.058270, 0.941369, -0.335075, 0.039356, 0.332195, 0.000000, 0.000000, 0.000000, 1.000000, -0.995579, 0.006422, 0.093713, 0.027462, 0.092516, -0.105593, 0.990096, -0.026903, 0.016254, 0.994389, 0.104532, -0.054509, 0.000000, 0.000000, 0.000000, 1.000000
-14.7001, -49.6254, -74.7336, 326.5651, 395.5651, 58.6254, 331.8071, 27.4188, -26.4167, -54.5846, 0.336167, 0.925507, -0.174437, -0.049625, -0.941776, 0.331728, -0.054904, -0.074734, 0.007051, 0.182738, 0.983136, 0.326565, 0.000000, 0.000000, 0.000000, 1.000000, 0.007051, 0.182738, 0.983136, 0.395565, -0.336167, -0.925507, 0.174437, 0.058625, 0.941776, -0.331728, 0.054904, 0.331807, 0.000000, 0.000000, 0.000000, 1.000000, -0.996914, 0.006133, 0.078264, 0.027419, 0.077216, -0.103258, 0.991653, -0.026417, 0.014163, 0.994636, 0.102466, -0.054585, 0.000000, 0.000000, 0.000000, 1.000000
-14.4861, -49.8370, -74.0738, 326.1510, 395.1510, 58.8370, 331.1472, 27.4242, -27.0633, -54.7599, 0.331009, 0.927317, -0.174687, -0.049837, -0.943448, 0.328841, -0.042077, -0.074074, 0.018425, 0.178736, 0.983725, 0.326151, 0.000000, 0.000000, 0.000000, 1.000000, 0.018425, 0.178736, 0.983725, 0.395151, -0.331009, -0.927317, 0.174687, 0.058837, 0.943448, -0.328841, 0.042077, 0.331147, 0.000000, 0.000000, 0.000000, 1.000000, -0.995822, 0.006044, 0.091115, 0.027424, 0.089965, -0.106038, 0.990284, -0.027063, 0.015647, 0.994344, 0.105051, -0.054760, 0.000000, 0.000000, 0.000000, 1.000000
-14.2866, -50.1655, -73.5748, 326.8113, 395.8113, 59.1655, 330.6482, 27.4415, -26.6135, -54.7861, 0.330062, 0.927288, -0.176627, -0.050166, -0.943946, 0.325211, -0.056598, -0.073575, 0.004958, 0.185408, 0.982649, 0.326811, 0.000000, 0.000000, 0.000000, 1.000000, 0.004958, 0.185408, 0.982649, 0.395811, -0.330062, -0.927288, 0.176627, 0.059166, 0.943946, -0.325211, 0.056598, 0.330648, 0.000000, 0.000000, 0.000000, 1.000000, -0.996880, 0.006425, 0.078672, 0.027442, 0.077666, -0.098108, 0.992141, -0.026614, 0.014093, 0.995155, 0.097303, -0.054786, 0.000000, 0.000000, 0.000000, 1.000000
-13.8722, -50.5685, -72.4480, 326.5947, 395.5947, 59.5685, 329.5215, 27.3476, -27.2846, -55.0100, 0.322021, 0.929906, -0.177699, -0.050568, -0.946592, 0.319488, -0.043496, -0.072448, 0.016326, 0.182215, 0.983123, 0.326595, 0.000000, 0.000000, 0.000000, 1.000000, 0.016326, 0.182215, 0.983123, 0.395595, -0.322021, -0.929906, 0.177699, 0.059568, 0.946592, -0.319488, 0.043496, 0.329521, 0.000000, 0.000000, 0.000000, 1.000000, -0.995671, 0.006762, 0.092696, 0.027348, 0.091578, -0.098890, 0.990876, -0.027285, 0.015867, 0.995075, 0.097842, -0.055010, 0.000000, 0.000000, 0.000000, 1.000000
-13.5850, -51.0200, -71.6891, 326.9298, 395.9298, 60.0200, 328.7626, 27.3563, -27.2395, -55.1985, 0.316596, 0.932463, -0.174013, -0.051020, -0.948389, 0.314656, -0.039367, -0.071689, 0.018046, 0.177495, 0.983956, 0.326930, 0.000000, 0.000000, 0.000000, 1.000000, 0.018046, 0.177495, 0.983956, 0.395930, -0.316596, -0.932463, 0.174013, 0.060020, 0.948389, -0.314656, 0.039367, 0.328763, 0.000000, 0.000000, 0.000000, 1.000000, -0.995335, 0.005742, 0.096305, 0.027356, 0.095223, -0.101869, 0.990230, -0.027240, 0.015496, 0.994781, 0.100847, -0.055199, 0.000000, 0.000000, 0.000000, 1.000000
-13.4185, -51.3357, -71.0858, 327.0058, 396.0058, 60.3357, 328.1592, 27.5211, -27.3422, -55.3442, 0.311775, 0.934506, -0.171743, -0.051336, -0.949816, 0.311365, -0.030024, -0.071086, 0.025417, 0.172485, 0.984684, 0.327006, 0.000000, 0.000000, 0.000000, 1.000000, 0.025417, 0.172485, 0.984684, 0.396006, -0.311775, -0.934506, 0.171743, 0.060336, 0.949816, -0.311365, 0.030024, 0.328159, 0.000000, 0.000000, 0.000000, 1.000000, -0.994464, 0.004323, 0.104990, 0.027521, 0.103947, -0.105827, 0.988937, -0.027342, 0.015386, 0.994375, 0.104791, -0.055344, 0.000000, 0.000000, 0.000000, 1.000000
-13.1164, -51.6700, -70.3848, 327.2335, 396.2335, 60.6700, 327.4582, 27.3786, -27.4334, -55.4827, 0.310077, 0.935768, -0.167902, -0.051670, -0.950651, 0.307171, -0.043681, -0.070385, 0.010699, 0.173160, 0.984836, 0.327233, 0.000000, 0.000000, 0.000000, 1.000000, 0.010699, 0.173160, 0.984836, 0.396233, -0.310077, -0.935768, 0.167902, 0.060670, 0.950651, -0.307171, 0.043681, 0.327458, 0.000000, 0.000000, 0.000000, 1.000000, -0.995763, 0.004991, 0.091826, 0.027379, 0.090821, -0.103360, 0.990489, -0.027433, 0.014435, 0.994631, 0.102469, -0.055483, 0.000000, 0.000000, 0.000000, 1.000000
-12.8500, -52.0851, -69.6317, 327.8990, 396.8990, 61.0851, 326.7051, 27.4575, -27.0631, -55.5550, 0.309079, 0.936366, -0.166397, -0.052085, -0.951030, 0.303692, -0.057554, -0.069632, -0.003358, 0.176038, 0.984378, 0.327899, 0.000000, 0.000000, 0.000000, 1.000000, -0.003358, 0.176038, 0.984378, 0.396899, -0.309079, -0.936366, 0.166397, 0.061085, 0.951030, -0.303692, 0.057554, 0.326705, 0.000000, 0.000000, 0.000000, 1.000000, -0.996852, 0.006132, 0.079052, 0.027458, 0.078061, -0.098910, 0.992030, -0.027063, 0.013902, 0.995077, 0.098120, -0.055555, 0.000000, 0.000000, 0.000000, 1.000000
-12.5633, -52.5196, -68.7939, 328.0346, 397.0346, 61.5196, 325.8673, 27.5148, -27.2294, -55.7770, 0.303706, 0.938803, -0.162517, -0.052520, -0.952765, 0.299086, -0.052780, -0.068794, -0.000943, 0.170870, 0.985293, 0.328035, 0.000000, 0.000000, 0.000000, 1.000000, -0.000943, 0.170870, 0.985293, 0.397035, -0.303706, -0.938803, 0.162517, 0.061520, 0.952765, -0.299086, 0.052780, 0.325867, 0.000000, 0.000000, 0.000000, 1.000000, -0.996508, 0.005306, 0.083331, 0.027515, 0.082353, -0.102321, 0.991337, -0.027229, 0.013787, 0.994737, 0.101527, -0.055777, 0.000000, 0.000000, 0.000000, 1.000000
-12.3568, -52.7135, -68.2164, 328.0377, 397.0377, 61.7135, 325.2899, 27.4861, -27.4638, -55.8625, 0.301397, 0.938273, -0.169717, -0.052713, -0.953488, 0.295731, -0.058343, -0.068216, -0.004551, 0.179407, 0.983764, 0.328038, 0.000000, 0.000000, 0.000000, 1.000000, -0.004551, 0.179407, 0.983764, 0.397038, -0.301397, -0.938273, 0.169717, 0.061713, 0.953488, -0.295731, 0.058343, 0.325290, 0.000000, 0.000000, 0.000000, 1.000000, -0.996709, 0.006416, 0.080808, 0.027486, 0.079872, -0.092482, 0.992506, -0.027464, 0.013841, 0.995694, 0.091665, -0.055863, 0.000000, 0.000000, 0.000000, 1.000000
-12.0781, -53.0678, -67.5895, 328.5408, 397.5408, 62.0678, 324.6630, 27.3734, -27.2558, -55.9745, 0.299845, 0.941664, -0.152845, -0.053068, -0.953902, 0.293794, -0.061290, -0.067590, -0.012809, 0.164177, 0.986348, 0.328541, 0.000000, 0.000000, 0.000000, 1.000000, -0.012809, 0.164177, 0.986348, 0.397541, -0.299845, -0.941664, 0.152845, 0.062068, 0.953902, -0.293794, 0.061290, 0.324663, 0.000000, 0.000000, 0.000000, 1.000000, -0.997239, 0.006823, 0.073945, 0.027373, 0.072805, -0.106236, 0.991672, -0.027256, 0.014621, 0.994318, 0.105446, -0.055974, 0.000000, 0.000000, 0.000000, 1.000000
-11.7721, -53.4510, -66.6975, 328.5490, 397.5490, 62.4510, 323.7710, 27.3939, -27.5835, -56.1863, 0.290886, 0.942299, -0.165706, -0.053451, -0.956757, 0.286306, -0.051427, -0.066698, -0.001017, 0.173499, 0.984833, 0.328549, 0.000000, 0.000000, 0.000000, 1.000000, -0.001017, 0.173499, 0.984833, 0.397549, -0.290886, -0.942299, 0.165706, 0.062451, 0.956757, -0.286306, 0.051427, 0.323771, 0.000000, 0.000000, 0.000000, 1.000000, -0.996108, 0.005384, 0.087978, 0.027394, 0.087076, -0.094763, 0.991684, -0.027583, 0.013676, 0.995485, 0.093925, -0.056186, 0.000000, 0.000000, 0.000000, 1.000000
-11.5330, -53.9712, -65.8828, 329.5413, 398.5413, 62.9712, 322.9562, 27.6731, -26.8635, -56.2687, 0.293555, 0.944651, -0.146495, -0.053971, -0.955260, 0.284093, -0.082277, -0.065883, -0.036104, 0.164094, 0.985784, 0.329541, 0.000000, 0.000000, 0.000000, 1.000000, -0.036104, 0.164094, 0.985784, 0.398541, -0.293555, -0.944651, 0.146495, 0.062971, 0.955260, -0.284093, 0.082277, 0.322956, 0.000000, 0.000000, 0.000000, 1.000000, -0.998536, 0.005679, 0.053786, 0.027673, 0.052918, -0.102831, 0.993290, -0.026864, 0.011172, 0.994683, 0.102380, -0.056269, 0.000000, 0.000000, 0.000000, 1.000000
-10.9929, -54.4406, -64.3998, 329.1778, 398.1778, 63.4406, 321.4732, 27.5197, -27.8425, -56.5937, 0.278933, 0.947746, -0.154836, -0.054441, -0.960304, 0.274693, -0.048576, -0.064400, -0.003505, 0.162239, 0.986745, 0.329178, 0.000000, 0.000000, 0.000000, 1.000000, -0.003505, 0.162239, 0.986745, 0.398178, -0.278933, -0.947746, 0.154836, 0.063441, 0.960304, -0.274693, 0.048576, 0.321473, 0.000000, 0.000000, 0.000000, 1.000000, -0.995921, 0.004548, 0.090115, 0.027520, 0.089195, -0.101215, 0.990858, -0.027843, 0.013628, 0.994854, 0.100397, -0.056594, 0.000000, 0.000000, 0.000000, 1.000000
-10.7820, -54.6633, -63.8780, 329.3413, 398.3413, 63.6633, 320.9514, 27.4434, -27.9138, -56.6949, 0.276874, 0.947574, -0.159514, -0.054663, -0.960892, 0.272122, -0.051347, -0.063878, -0.005248, 0.167492, 0.985859, 0.329341, 0.000000, 0.000000, 0.000000, 1.000000, -0.005248, 0.167492, 0.985859, 0.398341, -0.276874, -0.947574, 0.159514, 0.063663, 0.960892, -0.272122, 0.051347, 0.320951, 0.000000, 0.000000, 0.000000, 1.000000, -0.995979, 0.006116, 0.089381, 0.027443, 0.088404, -0.094705, 0.991572, -0.027914, 0.014529, 0.995487, 0.093784, -0.056695, 0.000000, 0.000000, 0.000000, 1.000000
-10.3939, -55.1688, -62.7704, 329.4298, 398.4298, 64.1688, 319.8438, 27.4489, -28.2531, -56.9935, 0.268768, 0.951380, -0.150465, -0.055169, -0.963203, 0.265189, -0.043750, -0.062770, -0.001721, 0.156687, 0.987647, 0.329430, 0.000000, 0.000000, 0.000000, 1.000000, -0.001721, 0.156687, 0.987647, 0.398430, -0.268768, -0.951380, 0.150465, 0.064169, 0.963203, -0.265189, 0.043750, 0.319844, 0.000000, 0.000000, 0.000000, 1.000000, -0.995422, 0.003782, 0.095500, 0.027449, 0.094605, -0.102967, 0.990176, -0.028253, 0.013578, 0.994678, 0.102138, -0.056993, 0.000000, 0.000000, 0.000000, 1.000000
-10.2448, -55.4643, -62.2313, 329.9885, 398.9884, 64.4643, 319.3047, 27.6377, -27.8749, -57.0431, 0.270459, 0.950893, -0.150512, -0.055464, -0.962522, 0.263811, -0.062894, -0.062231, -0.020099, 0.161882, 0.986605, 0.329988, 0.000000, 0.000000, 0.000000, 1.000000, -0.020099, 0.161882, 0.986605, 0.398988, -0.270459, -0.950893, 0.150512, 0.064464, 0.962522, -0.263811, 0.062894, 0.319305, 0.000000, 0.000000, 0.000000, 1.000000, -0.996971, 0.005563, 0.077571, 0.027638, 0.076670, -0.096928, 0.992334, -0.027875, 0.013039, 0.995276, 0.096208, -0.057043, 0.000000, 0.000000, 0.000000, 1.000000
-9.9606, -55.6688, -61.6615, 330.1126, 399.1126, 64.6688, 318.7350, 27.3704, -28.0640, -57.1575, 0.265931, 0.953012, -0.145079, -0.055669, -0.963837, 0.260164, -0.057726, -0.061662, -0.017270, 0.155184, 0.987735, 0.330113, 0.000000, 0.000000, 0.000000, 1.000000, -0.017270, 0.155184, 0.987735, 0.399113, -0.265931, -0.953012, 0.145079, 0.064669, 0.963837, -0.260164, 0.057726, 0.318735, 0.000000, 0.000000, 0.000000, 1.000000, -0.996616, 0.005516, 0.082012, 0.027370, 0.081026, -0.101892, 0.991490, -0.028064, 0.013825, 0.994780, 0.101100, -0.057157, 0.000000, 0.000000, 0.000000, 1.000000
-9.8207, -55.8569, -61.1839, 330.3093, 399.3093, 64.8569, 318.2573, 27.4639, -28.0396, -57.2152, 0.260520, 0.952533, -0.157511, -0.055857, -0.965454, 0.256123, -0.047962, -0.061184, -0.005343, 0.164564, 0.986352, 0.330309, 0.000000, 0.000000, 0.000000, 1.000000, -0.005343, 0.164564, 0.986352, 0.399309, -0.260520, -0.952533, 0.157511, 0.064857, 0.965454, -0.256123, 0.047962, 0.318257, 0.000000, 0.000000, 0.000000, 1.000000, -0.995463, 0.005018, 0.095012, 0.027464, 0.094158, -0.091439, 0.991349, -0.028040, 0.013662, 0.995798, 0.090551, -0.057215, 0.000000, 0.000000, 0.000000, 1.000000
-9.5445, -56.2663, -60.3318, 330.3702, 399.3702, 65.2663, 317.4053, 27.5371, -28.2852, -57.4730, 0.258143, 0.956284, -0.137419, -0.056266, -0.965999, 0.253364, -0.051502, -0.060332, -0.014433, 0.146041, 0.989173, 0.330370, 0.000000, 0.000000, 0.000000, 1.000000, -0.014433, 0.146041, 0.989173, 0.399370, -0.258143, -0.956284, 0.137419, 0.065266, 0.965999, -0.253364, 0.051502, 0.317405, 0.000000, 0.000000, 0.000000, 1.000000, -0.996163, 0.004056, 0.087419, 0.027537, 0.086467, -0.108317, 0.990349, -0.028285, 0.013485, 0.994108, 0.107551, -0.057473, 0.000000, 0.000000, 0.000000, 1.000000
-9.2584, -56.5284, -59.5237, 330.6241, 399.6241, 65.5284, 316.5971, 27.5180, -28.3790, -57.5617, 0.249970, 0.956275, -0.151833, -0.056528, -0.968253, 0.246942, -0.038792, -0.059524, 0.000398, 0.156709, 0.987645, 0.330624, 0.000000, 0.000000, 0.000000, 1.000000, 0.000398, 0.156709, 0.987645, 0.399624, -0.249970, -0.956275, 0.151833, 0.065528, 0.968253, -0.246942, 0.038792, 0.316597, 0.000000, 0.000000, 0.000000, 1.000000, -0.994554, 0.003696, 0.104152, 0.027518, 0.103324, -0.095639, 0.990039, -0.028379, 0.013620, 0.995409, 0.094736, -0.057562, 0.000000, 0.000000, 0.000000, 1.000000
-9.1006, -56.7076, -59.0600, 330.5474, 399.5474, 65.7076, 316.1334, 27.5107, -28.6352, -57.6948, 0.247518, 0.958904, -0.138701, -0.056708, -0.968853, 0.243832, -0.043237, -0.059060, -0.007640, 0.145083, 0.989390, 0.330547, 0.000000, 0.000000, 0.000000, 1.000000, -0.007640, 0.145083, 0.989390, 0.399547, -0.247518, -0.958904, 0.138701, 0.065708, 0.968853, -0.243832, 0.043237, 0.316133, 0.000000, 0.000000, 0.000000, 1.000000, -0.995268, 0.001423, 0.097153, 0.027511, 0.096454, -0.106144, 0.989662, -0.028635, 0.011721, 0.994350, 0.105504, -0.057695, 0.000000, 0.000000, 0.000000, 1.000000
-8.6416, -57.2316, -57.8485, 331.2077, 400.2077, 66.2316, 314.9220, 27.4492, -28.5075, -57.9033, 0.244836, 0.959442, -0.139740, -0.057232, -0.969380, 0.239419, -0.054608, -0.057849, -0.018937, 0.148831, 0.988681, 0.331208, 0.000000, 0.000000, 0.000000, 1.000000, -0.018937, 0.148831, 0.988681, 0.400208, -0.244836, -0.959442, 0.139740, 0.066232, 0.969380, -0.239419, 0.054608, 0.314922, 0.000000, 0.000000, 0.000000, 1.000000, -0.996120, 0.004996, 0.087859, 0.027449, 0.086926, -0.099740, 0.991209, -0.028508, 0.013715, 0.995001, 0.098919, -0.057903, 0.000000, 0.000000, 0.000000, 1.000000
-8.3599, -57.5833, -57.1168, 331.5963, 400.5963, 66.5833, 314.1903, 27.4044, -28.4377, -58.0720, 0.241861, 0.960938, -0.134543, -0.057583, -0.969891, 0.235342, -0.062654, -0.057117, -0.028543, 0.145646, 0.988925, 0.331596, 0.000000, 0.000000, 0.000000, 1.000000, -0.028543, 0.145646, 0.988925, 0.400596, -0.241861, -0.960938, 0.134543, 0.066583, 0.969891, -0.235342, 0.062654, 0.314190, 0.000000, 0.000000, 0.000000, 1.000000, -0.996804, 0.005000, 0.079724, 0.027404, 0.078812, -0.101120, 0.991748, -0.028438, 0.013020, 0.994862, 0.100403, -0.058072, 0.000000, 0.000000, 0.000000, 1.000000
-8.0870, -57.9154, -56.2359, 331.5882, 400.5882, 66.9154, 313.3094, 27.4820, -28.7716, -58.2881, 0.231538, 0.963338, -0.135537, -0.057915, -0.972821, 0.228817, -0.035539, -0.056236, -0.003223, 0.140082, 0.990135, 0.331588, 0.000000, 0.000000, 0.000000, 1.000000, -0.003223, 0.140082, 0.990135, 0.400588, -0.231538, -0.963338, 0.135537, 0.066915, 0.972821, -0.228817, 0.035539, 0.313309, 0.000000, 0.000000, 0.000000, 1.000000, -0.994246, 0.002011, 0.107098, 0.027482, 0.106302, -0.104628, 0.988814, -0.028772, 0.013194, 0.994509, 0.103812, -0.058288, 0.000000, 0.000000, 0.000000, 1.000000
-7.8965, -58.1266, -55.5274, 331.6978, 400.6978, 67.1266, 312.6008, 27.6321, -28.9141, -58.3746, 0.228132, 0.963902, -0.137294, -0.058127, -0.973574, 0.224320, -0.042834, -0.055527, -0.010491, 0.143437, 0.989604, 0.331698, 0.000000, 0.000000, 0.000000, 1.000000, -0.010491, 0.143437, 0.989604, 0.400698, -0.228132, -0.963902, 0.137294, 0.067127, 0.973574, -0.224320, 0.042834, 0.312601, 0.000000, 0.000000, 0.000000, 1.000000, -0.994880, 0.001043, 0.101056, 0.027632, 0.100448, -0.099869, 0.989917, -0.028914, 0.011125, 0.995000, 0.099253, -0.058375, 0.000000, 0.000000, 0.000000, 1.000000
-7.4219, -58.5342, -54.3804, 332.1378, 401.1378, 67.5342, 311.4539, 27.4014, -29.0316, -58.5737, 0.223748, 0.965067, -0.136317, -0.058534, -0.974449, 0.218682, -0.051263, -0.054380, -0.019662, 0.144304, 0.989338, 0.332138, 0.000000, 0.000000, 0.000000, 1.000000, -0.019662, 0.144304, 0.989338, 0.401138, -0.223748, -0.965067, 0.136317, 0.067534, 0.974449, -0.218682, 0.051263, 0.311454, 0.000000, 0.000000, 0.000000, 1.000000, -0.995556, 0.003246, 0.094118, 0.027401, 0.093372, -0.096090, 0.990984, -0.029032, 0.012260, 0.995367, 0.095360, -0.058574, 0.000000, 0.000000, 0.000000, 1.000000
-7.2578, -58.7797, -53.8633, 332.6463, 401.6463, 67.7797, 310.9368, 27.5021, -28.7267, -58.6359, 0.223100, 0.965890, -0.131466, -0.058780, -0.974321, 0.216749, -0.060971, -0.053863, -0.030397, 0.141692, 0.989444, 0.332646, 0.000000, 0.000000, 0.000000, 1.000000, -0.030397, 0.141692, 0.989444, 0.401646, -0.223100, -0.965890, 0.131466, 0.067780, 0.974321, -0.216749, 0.060971, 0.310937, 0.000000, 0.000000, 0.000000, 1.000000, -0.996449, 0.003598, 0.084126, 0.027502, 0.083374, -0.097680, 0.991719, -0.028727, 0.011785, 0.995211, 0.097034, -0.058636, 0.000000, 0.000000, 0.000000, 1.000000
-6.8262, -59.1782, -52.7211, 332.8337, 401.8337, 68.1782, 309.7945, 27.3676, -29.0513, -58.8864, 0.215415, 0.967323, -0.133724, -0.059178, -0.976081, 0.209173, -0.059263, -0.052721, -0.029355, 0.143291, 0.989245, 0.332834, 0.000000, 0.000000, 0.000000, 1.000000, -0.029355, 0.143291, 0.989245, 0.401834, -0.215415, -0.967323, 0.133724, 0.068178, 0.976081, -0.209173, 0.059263, 0.309795, 0.000000, 0.000000, 0.000000, 1.000000, -0.996151, 0.003243, 0.087588, 0.027368, 0.086907, -0.093135, 0.991853, -0.029051, 0.011374, 0.995648, 0.092494, -0.058886, 0.000000, 0.000000, 0.000000, 1.000000
-6.6399, -59.4948, -52.0305, 333.1580, 402.1580, 68.4948, 309.1039, 27.5597, -28.9600, -59.0408, 0.210214, 0.969657, -0.124800, -0.059495, -0.977483, 0.206061, -0.045452, -0.052030, -0.018356, 0.131544, 0.991140, 0.333158, 0.000000, 0.000000, 0.000000, 1.000000, -0.018356, 0.131544, 0.991140, 0.402158, -0.210214, -0.969657, 0.124800, 0.068495, 0.977483, -0.206061, 0.045452, 0.309104, 0.000000, 0.000000, 0.000000, 1.000000, -0.995008, 0.001412, 0.099789, 0.027560, 0.099107, -0.103552, 0.989674, -0.028960, 0.011730, 0.994623, 0.102895, -0.059041, 0.000000, 0.000000, 0.000000, 1.000000
-6.1695, -59.8024, -50.8142, 333.4172, 402.4172, 68.8024, 307.8876, 27.3598, -29.2842, -59.1995, 0.201508, 0.970720, -0.130756, -0.059802, -0.979453, 0.198593, -0.035096, -0.050814, -0.008101, 0.135142, 0.990793, 0.333417, 0.000000, 0.000000, 0.000000, 1.000000, -0.008101, 0.135142, 0.990793, 0.402417, -0.201508, -0.970720, 0.130756, 0.068802, 0.979453, -0.198593, 0.035096, 0.307888, 0.000000, 0.000000, 0.000000, 1.000000, -0.993644, 0.002120, 0.112548, 0.027360, 0.111816, -0.096825, 0.989001, -0.029284, 0.012994, 0.995299, 0.095972, -0.059199, 0.000000, 0.000000, 0.000000, 1.000000
-5.9763, -60.0614, -50.2851, 333.7004, 402.7004, 69.0614, 307.3585, 27.3558, -29.2251, -59.3482, 0.204474, 0.971425, -0.120517, -0.060061, -0.978016, 0.197592, -0.066653, -0.050285, -0.040935, 0.131497, 0.990471, 0.333700, 0.000000, 0.000000, 0.000000, 1.000000, -0.040935, 0.131497, 0.990471, 0.402700, -0.204474, -0.971425, 0.120517, 0.069061, 0.978016, -0.197592, 0.066653, 0.307359, 0.000000, 0.000000, 0.000000, 1.000000, -0.996761, 0.003741, 0.080335, 0.027356, 0.079567, -0.099401, 0.991861, -0.029225, 0.011696, 0.995040, 0.098781, -0.059348, 0.000000, 0.000000, 0.000000, 1.000000
-5.6971, -60.4313, -49.3468, 334.0655, 403.0655, 69.4313, 306.4203, 27.5091, -29.2132, -59.5428, 0.203069, 0.973346, -0.106590, -0.060431, -0.976965, 0.194117, -0.088646, -0.049347, -0.065593, 0.122136, 0.990344, 0.334065, 0.000000, 0.000000, 0.000000, 1.000000, -0.065593, 0.122136, 0.990344, 0.403065, -0.203069, -0.973346, 0.106590, 0.069431, 0.976965, -0.194117, 0.088646, 0.306420, 0.000000, 0.000000, 0.000000, 1.000000, -0.998369, 0.003428, 0.056988, 0.027509, 0.056295, -0.106925, 0.992672, -0.029213, 0.009497, 0.994261, 0.106558, -0.059543, 0.000000, 0.000000, 0.000000, 1.000000
-5.4255, -60.6039, -48.6793, 334.2849, 403.2849, 69.6039, 305.7528, 27.3657, -29.3296, -59.6302, 0.197078, 0.973342, -0.117327, -0.060604, -0.979269, 0.189724, -0.070968, -0.048679, -0.046816, 0.128880, 0.990554, 0.334285, 0.000000, 0.000000, 0.000000, 1.000000, -0.046816, 0.128880, 0.990554, 0.403285, -0.197078, -0.973342, 0.117327, 0.069604, 0.979269, -0.189724, 0.070968, 0.305753, 0.000000, 0.000000, 0.000000, 1.000000, -0.997003, 0.004462, 0.077234, 0.027366, 0.076422, -0.098391, 0.992209, -0.029330, 0.012026, 0.995138, 0.097755, -0.059630, 0.000000, 0.000000, 0.000000, 1.000000
-5.2251, -60.8644, -47.9380, 334.2368, 403.2368, 69.8644, 305.0115, 27.5015, -29.6333, -59.8296, 0.194394, 0.975903, -0.099121, -0.060864, -0.979501, 0.187679, -0.073171, -0.047938, -0.052805, 0.111313, 0.992382, 0.334237, 0.000000, 0.000000, 0.000000, 1.000000, -0.052805, 0.111313, 0.992382, 0.403237, -0.194394, -0.975903, 0.099121, 0.069864, 0.979501, -0.187679, 0.073171, 0.305011, 0.000000, 0.000000, 0.000000, 1.000000, -0.997377, 0.003079, 0.072321, 0.027502, 0.071493, -0.114584, 0.990838, -0.029633, 0.011338, 0.993409, 0.114064, -0.059830, 0.000000, 0.000000, 0.000000, 1.000000
-4.9979, -61.0073, -47.4314, 334.6257, 403.6257, 70.0073, 304.5048, 27.3552, -29.5247, -59.8685, 0.189059, 0.974830, -0.118169, -0.061007, -0.981010, 0.182196, -0.066507, -0.047431, -0.043303, 0.128499, 0.990764, 0.334626, 0.000000, 0.000000, 0.000000, 1.000000, -0.043303, 0.128499, 0.990764, 0.403626, -0.189059, -0.974830, 0.118169, 0.070007, 0.981010, -0.182196, 0.066507, 0.304505, 0.000000, 0.000000, 0.000000, 1.000000, -0.996537, 0.003853, 0.083063, 0.027355, 0.082314, -0.095773, 0.991994, -0.029525, 0.011777, 0.995396, 0.095124, -0.059869, 0.000000, 0.000000, 0.000000, 1.000000
-4.7210, -61.2906, -46.6896, 334.8940, 403.8940, 70.2906, 303.7630, 27.2932, -29.5907, -60.0492, 0.178962, 0.976932, -0.116516, -0.061291, -0.983755, 0.175988, -0.035420, -0.046690, -0.014098, 0.120962, 0.992557, 0.334894, 0.000000, 0.000000, 0.000000, 1.000000, -0.014098, 0.120962, 0.992557, 0.403894, -0.178962, -0.976932, 0.116516, 0.070291, 0.983755, -0.175988, 0.035420, 0.303763, 0.000000, 0.000000, 0.000000, 1.000000, -0.993471, 0.001012, 0.114084, 0.027293, 0.113397, -0.101128, 0.988390, -0.029591, 0.012538, 0.994873, 0.100353, -0.060049, 0.000000, 0.000000, 0.000000, 1.000000
-4.4200, -61.5499, -45.8127, 335.2155, 404.2155, 70.5499, 302.8862, 27.2864, -29.6561, -60.1854, 0.179272, 0.976546, -0.119248, -0.061550, -0.982766, 0.172210, -0.067185, -0.045813, -0.045073, 0.129237, 0.990589, 0.335215, 0.000000, 0.000000, 0.000000, 1.000000, -0.045073, 0.129237, 0.990589, 0.404215, -0.179272, -0.976546, 0.119248, 0.070550, 0.982766, -0.172210, 0.067185, 0.302886, 0.000000, 0.000000, 0.000000, 1.000000, -0.996430, 0.003429, 0.084351, 0.027286, 0.083691, -0.090988, 0.992329, -0.029656, 0.011078, 0.995846, 0.090377, -0.060185, 0.000000, 0.000000, 0.000000, 1.000000
-4.1150, -61.7967, -44.9730, 335.4190, 404.4190, 70.7967, 302.0464, 27.2143, -29.8350, -60.3468, 0.172522, 0.977016, -0.125200, -0.061797, -0.984312, 0.166232, -0.059138, -0.044973, -0.036967, 0.133438, 0.990367, 0.335419, 0.000000, 0.000000, 0.000000, 1.000000, -0.036967, 0.133438, 0.990367, 0.404419, -0.172522, -0.977016, 0.125200, 0.070797, 0.984312, -0.166232, 0.059138, 0.302046, 0.000000, 0.000000, 0.000000, 1.000000, -0.995556, 0.003098, 0.094125, 0.027214, 0.093527, -0.084571, 0.992018, -0.029835, 0.011033, 0.996413, 0.083905, -0.060347, 0.000000, 0.000000, 0.000000, 1.000000
-3.9441, -61.9447, -44.3357, 335.4798, 404.4798, 70.9447, 301.4092, 27.3295, -30.0134, -60.4353, 0.171264, 0.978977, -0.110785, -0.061945, -0.984077, 0.164553, -0.067187, -0.044336, -0.047545, 0.120527, 0.991571, 0.335480, 0.000000, 0.000000, 0.000000, 1.000000, -0.047545, 0.120527, 0.991571, 0.404480, -0.171264, -0.978977, 0.110785, 0.070945, 0.984077, -0.164553, 0.067187, 0.301409, 0.000000, 0.000000, 0.000000, 1.000000, -0.996432, 0.002241, 0.084368, 0.027330, 0.083761, -0.096344, 0.991817, -0.030013, 0.010351, 0.995346, 0.095813, -0.060435, 0.000000, 0.000000, 0.000000, 1.000000
-3.6822, -62.2312, -43.6429, 335.9449, 404.9449, 71.2312, 300.7163, 27.2891, -29.8690, -60.5939, 0.164010, 0.978531, -0.124810, -0.062231, -0.985873, 0.158236, -0.054915, -0.043643, -0.033987, 0.132053, 0.990660, 0.335945, 0.000000, 0.000000, 0.000000, 1.000000, -0.033987, 0.132053, 0.990660, 0.404945, -0.164010, -0.978531, 0.124810, 0.071231, 0.985873, -0.158236, 0.054915, 0.300716, 0.000000, 0.000000, 0.000000, 1.000000, -0.995039, 0.001998, 0.099469, 0.027289, 0.098963, -0.082809, 0.991640, -0.029869, 0.010218, 0.996563, 0.082200, -0.060594, 0.000000, 0.000000, 0.000000, 1.000000
-3.3638, -62.4370, -42.7791, 336.0757, 405.0758, 71.4370, 299.8525, 27.1773, -30.1450, -60.7428, 0.164865, 0.980881, -0.103404, -0.062437, -0.984704, 0.157697, -0.074090, -0.042779, -0.056367, 0.114037, 0.991876, 0.336076, 0.000000, 0.000000, 0.000000, 1.000000, -0.056367, 0.114037, 0.991876, 0.405076, -0.164865, -0.980881, 0.103404, 0.071437, 0.984704, -0.157697, 0.074090, 0.299853, 0.000000, 0.000000, 0.000000, 1.000000, -0.996930, 0.003922, 0.078194, 0.027177, 0.077423, -0.099081, 0.992063, -0.030145, 0.011639, 0.995072, 0.098473, -0.060743, 0.000000, 0.000000, 0.000000, 1.000000
-3.1893, -62.6528, -42.0662, 336.3996, 405.3996, 71.6528, 299.1396, 27.4005, -30.0734, -60.8405, 0.159232, 0.979942, -0.119824, -0.062653, -0.985551, 0.150686, -0.077347, -0.042066, -0.057739, 0.130409, 0.989778, 0.336400, 0.000000, 0.000000, 0.000000, 1.000000, -0.057739, 0.130409, 0.989778, 0.405400, -0.159232, -0.979942, 0.119824, 0.071653, 0.985551, -0.150686, 0.077347, 0.299140, 0.000000, 0.000000, 0.000000, 1.000000, -0.996949, 0.002310, 0.078018, 0.027401, 0.077575, -0.081058, 0.993686, -0.030073, 0.008620, 0.996707, 0.080632, -0.060840, 0.000000, 0.000000, 0.000000, 1.000000
-2.7754, -62.9851, -41.0583, 337.0547, 406.0547, 71.9851, 298.1318, 27.2169, -29.9327, -61.0223, 0.151033, 0.981403, -0.118480, -0.062985, -0.987514, 0.144360, -0.063061, -0.041058, -0.044785, 0.126525, 0.990952, 0.337055, 0.000000, 0.000000, 0.000000, 1.000000, -0.044785, 0.126525, 0.990952, 0.406055, -0.151033, -0.981403, 0.118480, 0.071985, 0.987514, -0.144360, 0.063061, 0.298132, 0.000000, 0.000000, 0.000000, 1.000000, -0.995657, 0.002209, 0.093071, 0.027217, 0.092577, -0.082061, 0.992318, -0.029933, 0.009829, 0.996625, 0.081500, -0.061022, 0.000000, 0.000000, 0.000000, 1.000000
-2.5174, -63.2158, -40.3630, 337.0241, 406.0242, 72.2158, 297.4364, 27.1116, -30.2772, -61.2438, 0.147058, 0.984298, -0.097633, -0.063216, -0.988084, 0.141653, -0.060197, -0.040363, -0.045421, 0.105322, 0.993400, 0.337024, 0.000000, 0.000000, 0.000000, 1.000000, -0.045421, 0.105322, 0.993400, 0.406024, -0.147058, -0.984298, 0.097633, 0.072216, 0.988084, -0.141653, 0.060197, 0.297436, 0.000000, 0.000000, 0.000000, 1.000000, -0.995602, 0.000442, 0.093685, 0.027112, 0.093157, -0.101453, 0.990469, -0.030277, 0.009942, 0.994840, 0.100966, -0.061244, 0.000000, 0.000000, 0.000000, 1.000000
-2.3445, -63.3466, -39.6960, 337.3391, 406.3391, 72.3466, 296.7694, 27.2776, -30.2228, -61.2776, 0.144298, 0.983296, -0.110935, -0.063347, -0.988195, 0.137362, -0.067845, -0.039696, -0.051474, 0.119415, 0.991509, 0.337339, 0.000000, 0.000000, 0.000000, 1.000000, -0.051474, 0.119415, 0.991509, 0.406339, -0.144298, -0.983296, 0.110935, 0.072347, 0.988195, -0.137362, 0.067845, 0.296769, 0.000000, 0.000000, 0.000000, 1.000000, -0.996071, 0.001203, 0.088548, 0.027278, 0.088116, -0.086073, 0.992385, -0.030223, 0.008816, 0.996288, 0.085629, -0.061278, 0.000000, 0.000000, 0.000000, 1.000000
-2.0681, -63.5257, -39.0429, 337.7865, 406.7865, 72.5257, 296.1164, 27.1287, -30.1253, -61.3681, 0.140397, 0.982961, -0.118647, -0.063526, -0.988846, 0.133193, -0.066654, -0.039043, -0.049715, 0.126682, 0.990697, 0.337786, 0.000000, 0.000000, 0.000000, 1.000000, -0.049715, 0.126682, 0.990697, 0.406786, -0.140397, -0.982961, 0.118647, 0.072526, 0.988846, -0.133193, 0.066654, 0.296116, 0.000000, 0.000000, 0.000000, 1.000000, -0.995797, 0.002756, 0.091541, 0.027129, 0.091059, -0.076953, 0.992868, -0.030125, 0.009781, 0.997031, 0.076378, -0.061368, 0.000000, 0.000000, 0.000000, 1.000000
-1.8123, -63.6952, -38.1738, 337.9782, 406.9782, 72.6952, 295.2472, 27.2194, -30.2938, -61.4727, 0.140248, 0.982167, -0.125212, -0.063695, -0.987221, 0.129051, -0.093492, -0.038174, -0.075666, 0.136724, 0.987715, 0.337978, 0.000000, 0.000000, 0.000000, 1.000000, -0.075666, 0.136724, 0.987715, 0.406978, -0.140248, -0.982167, 0.125212, 0.072695, 0.987221, -0.129051, 0.093492, 0.295247, 0.000000, 0.000000, 0.000000, 1.000000, -0.997780, 0.004472, 0.066450, 0.027219, 0.066018, -0.065159, 0.995689, -0.030294, 0.008782, 0.997865, 0.064719, -0.061473, 0.000000, 0.000000, 0.000000, 1.000000
-1.6640, -63.8185, -37.7775, 338.2764, 407.2764, 72.8185, 294.8510, 27.1954, -30.1889, -61.5344, 0.132410, 0.982599, -0.130257, -0.063818, -0.990263, 0.125439, -0.060375, -0.037778, -0.042985, 0.136983, 0.989640, 0.338276, 0.000000, 0.000000, 0.000000, 1.000000, -0.042985, 0.136983, 0.989640, 0.407276, -0.132410, -0.982599, 0.130257, 0.072818, 0.990263, -0.125439, 0.060375, 0.294851, 0.000000, 0.000000, 0.000000, 1.000000, -0.994954, 0.003368, 0.100275, 0.027195, 0.099858, -0.063673, 0.992962, -0.030189, 0.009729, 0.997965, 0.063015, -0.061534, 0.000000, 0.000000, 0.000000, 1.000000
-1.3933, -64.0310, -36.9878, 338.2675, 407.2674, 73.0310, 294.0612, 27.1367, -30.5467, -61.7400, 0.129156, 0.984165, -0.121403, -0.064031, -0.990201, 0.121442, -0.068953, -0.036988, -0.053118, 0.129119, 0.990205, 0.338267, 0.000000, 0.000000, 0.000000, 1.000000, -0.053118, 0.129119, 0.990205, 0.407267, -0.129156, -0.984165, 0.121403, 0.073031, 0.990201, -0.121442, 0.068953, 0.294061, 0.000000, 0.000000, 0.000000, 1.000000, -0.995809, 0.002591, 0.091416, 0.027137, 0.091015, -0.069614, 0.993413, -0.030547, 0.008938, 0.997571, 0.069087, -0.061740, 0.000000, 0.000000, 0.000000, 1.000000
-1.1336, -64.2260, -36.2324, 337.9819, 406.9819, 73.2260, 293.3059, 27.0345, -31.1607, -61.9853, 0.128825, 0.988908, -0.073927, -0.064226, -0.989096, 0.122768, -0.081346, -0.036232, -0.071368, 0.083601, 0.993940, 0.337982, 0.000000, 0.000000, 0.000000, 1.000000, -0.071368, 0.083601, 0.993940, 0.406982, -0.128825, -0.988908, 0.073927, 0.073226, 0.989096, -0.122768, 0.081346, 0.293306, 0.000000, 0.000000, 0.000000, 1.000000, -0.997245, 0.000964, 0.074173, 0.027034, 0.073584, -0.113583, 0.990800, -0.031161, 0.009380, 0.993528, 0.113199, -0.061985, 0.000000, 0.000000, 0.000000, 1.000000
-0.8350, -64.5062, -35.4250, 339.0656, 408.0656, 73.5062, 292.4984, 27.0685, -30.4777, -62.0578, 0.115325, 0.985753, -0.122439, -0.064506, -0.992855, 0.110587, -0.044832, -0.035425, -0.030653, 0.126735, 0.991463, 0.339066, 0.000000, 0.000000, 0.000000, 1.000000, -0.030653, 0.126735, 0.991463, 0.408066, -0.115325, -0.985753, 0.122439, 0.073506, 0.992855, -0.110587, 0.044832, 0.292498, 0.000000, 0.000000, 0.000000, 1.000000, -0.993148, 0.000638, 0.116863, 0.027069, 0.116552, -0.067715, 0.990874, -0.030478, 0.008545, 0.997705, 0.067176, -0.062058, 0.000000, 0.000000, 0.000000, 1.000000
-0.6462, -64.6941, -34.6773, 339.2361, 408.2361, 73.6941, 291.7508, 27.2490, -30.5829, -62.1936, 0.118950, 0.987308, -0.105230, -0.064694, -0.990511, 0.110648, -0.081520, -0.034677, -0.068842, 0.113928, 0.991101, 0.339236, 0.000000, 0.000000, 0.000000, 1.000000, -0.068842, 0.113928, 0.991101, 0.408236, -0.118950, -0.987308, 0.105230, 0.073694, 0.990511, -0.110648, 0.081520, 0.291751, 0.000000, 0.000000, 0.000000, 1.000000, -0.996863, 0.001746, 0.079133, 0.027249, 0.078744, -0.079518, 0.993718, -0.030583, 0.008027, 0.996832, 0.079131, -0.062194, 0.000000, 0.000000, 0.000000, 1.000000
-0.4094, -64.7511, -34.0103, 339.2042, 408.2042, 73.7511, 291.0838, 27.1502, -30.9395, -62.2653, 0.116294, 0.988372, -0.097965, -0.064751, -0.990221, 0.107726, -0.088642, -0.034010, -0.077058, 0.107316, 0.991234, 0.339204, 0.000000, 0.000000, 0.000000, 1.000000, -0.077058, 0.107316, 0.991234, 0.408204, -0.116294, -0.988372, 0.097965, 0.073751, 0.990221, -0.107726, 0.088642, 0.291084, 0.000000, 0.000000, 0.000000, 1.000000, -0.997409, 0.001688, 0.071919, 0.027150, 0.071520, -0.084494, 0.993854, -0.030940, 0.007755, 0.996423, 0.084154, -0.062265, 0.000000, 0.000000, 0.000000, 1.000000
-0.2292, -64.8337, -33.5581, 338.7757, 407.7757, 73.8337, 290.6315, 26.9635, -31.5890, -62.4404, 0.113771, 0.990567, -0.076378, -0.064834, -0.991151, 0.107875, -0.077343, -0.033558, -0.068374, 0.084502, 0.994075, 0.338776, 0.000000, 0.000000, 0.000000, 1.000000, -0.068374, 0.084502, 0.994075, 0.407776, -0.113771, -0.990567, 0.076378, 0.073834, 0.991151, -0.107875, 0.077343, 0.290632, 0.000000, 0.000000, 0.000000, 1.000000, -0.996677, 0.001140, 0.081449, 0.026963, 0.080868, -0.106180, 0.991053, -0.031589, 0.009778, 0.994346, 0.105735, -0.062440, 0.000000, 0.000000, 0.000000, 1.000000
0.2145, -65.1977, -32.3080, 340.0080, 409.0080, 74.1977, 289.3815, 26.9996, -30.9606, -62.5923, 0.107434, 0.989564, -0.096027, -0.065198, -0.990978, 0.098799, -0.090560, -0.032308, -0.080127, 0.104890, 0.991251, 0.340008, 0.000000, 0.000000, 0.000000, 1.000000, -0.080127, 0.104890, 0.991251, 0.409008, -0.107434, -0.989564, 0.096027, 0.074198, 0.990978, -0.098799, 0.090560, 0.289381, 0.000000, 0.000000, 0.000000, 1.000000, -0.997427, 0.002726, 0.071635, 0.027000, 0.071166, -0.082565, 0.994042, -0.030961, 0.008624, 0.996582, 0.082158, -0.062592, 0.000000, 0.000000, 0.000000, 1.000000
0.3610, -65.2607, -31.9012, 339.5493, 408.5493, 74.2607, 288.9746, 26.8689, -31.6021, -62.7495, 0.104331, 0.991126, -0.082366, -0.065261, -0.991814, 0.097556, -0.082394, -0.031901, -0.073627, 0.090288, 0.993190, 0.339549, 0.000000, 0.000000, 0.000000, 1.000000, -0.073627, 0.090288, 0.993190, 0.408549, -0.104331, -0.991126, 0.082366, 0.074261, 0.991814, -0.097556, 0.082394, 0.288975, 0.000000, 0.000000, 0.000000, 1.000000, -0.996885, 0.001538, 0.078857, 0.026869, 0.078345, -0.096097, 0.992284, -0.031602, 0.009104, 0.995371, 0.095677, -0.062750, 0.000000, 0.000000, 0.000000, 1.000000
0.6220, -65.4006, -31.0999, 340.2463, 409.2463, 74.4006, 288.1734, 26.9407, -31.2850, -62.7741, 0.102376, 0.990160, -0.095406, -0.065401, -0.990531, 0.092653, -0.101307, -0.031100, -0.091471, 0.104874, 0.990270, 0.340246, 0.000000, 0.000000, 0.000000, 1.000000, -0.091471, 0.104874, 0.990270, 0.409246, -0.102376, -0.990160, 0.095406, 0.074401, 0.990531, -0.092653, 0.101307, 0.288173, 0.000000, 0.000000, 0.000000, 1.000000, -0.998070, 0.003358, 0.062007, 0.026941, 0.061543, -0.079692, 0.994918, -0.031285, 0.008282, 0.996814, 0.079332, -0.062774, 0.000000, 0.000000, 0.000000, 1.000000
0.9356, -65.6348, -30.2841, 340.5764, 409.5764, 74.6348, 287.3576, 26.8133, -31.3605, -62.9775, 0.096114, 0.991413, -0.088674, -0.065635, -0.991950, 0.088023, -0.091036, -0.030284, -0.082449, 0.096710, 0.991892, 0.340576, 0.000000, 0.000000, 0.000000, 1.000000, -0.082449, 0.096710, 0.991892, 0.409576, -0.096114, -0.991413, 0.088674, 0.074635, 0.991950, -0.088023, 0.091036, 0.287358, 0.000000, 0.000000, 0.000000, 1.000000, -0.997361, 0.002605, 0.072550, 0.026813, 0.072062, -0.085547, 0.993725, -0.031360, 0.008795, 0.996331, 0.085134, -0.062977, 0.000000, 0.000000, 0.000000, 1.000000
1.1619, -65.7153, -29.4540, 340.2208, 409.2208, 74.7153, 286.5275, 26.8555, -32.0486, -63.1295, 0.092152, 0.993350, -0.069019, -0.065715, -0.992075, 0.085646, -0.091933, -0.029454, -0.085410, 0.076943, 0.993370, 0.340221, 0.000000, 0.000000, 0.000000, 1.000000, -0.085410, 0.076943, 0.993370, 0.409221, -0.092152, -0.993350, 0.069019, 0.074715, 0.992075, -0.085646, 0.091933, 0.286527, 0.000000, 0.000000, 0.000000, 1.000000, -0.997499, 0.000747, 0.070680, 0.026855, 0.070223, -0.103586, 0.992138, -0.032049, 0.008063, 0.994620, 0.103275, -0.063130, 0.000000, 0.000000, 0.000000, 1.000000
1.4421, -65.9331, -28.5741, 340.5016, 409.5015, 74.9331, 285.6476, 26.8861, -32.1554, -63.3185, 0.088159, 0.993716, -0.068973, -0.065933, -0.992225, 0.081498, -0.094060, -0.028574, -0.087848, 0.076729, 0.993174, 0.340502, 0.000000, 0.000000, 0.000000, 1.000000, -0.087848, 0.076729, 0.993174, 0.409502, -0.088159, -0.993716, 0.068973, 0.074933, 0.992225, -0.081498, 0.094060, 0.285648, 0.000000, 0.000000, 0.000000, 1.000000, -0.997585, 0.001211, 0.069439, 0.026886, 0.068955, -0.101812, 0.992411, -0.032155, 0.008272, 0.994803, 0.101482, -0.063319, 0.000000, 0.000000, 0.000000, 1.000000
1.6879, -66.0789, -27.8850, 341.1130, 410.1130, 75.0789, 284.9585, 26.8828, -31.8885, -63.3848, 0.084435, 0.992871, -0.084126, -0.066079, -0.991897, 0.075707, -0.102025, -0.027885, -0.094929, 0.092059, 0.991218, 0.341113, 0.000000, 0.000000, 0.000000, 1.000000, -0.094929, 0.092059, 0.991218, 0.410113, -0.084435, -0.992871, 0.084126, 0.075079, 0.991897, -0.075707, 0.102025, 0.284958, 0.000000, 0.000000, 0.000000, 1.000000, -0.997986, 0.002059, 0.063400, 0.026883, 0.062999, -0.084614, 0.994420, -0.031888, 0.007412, 0.996412, 0.084314, -0.063385, 0.000000, 0.000000, 0.000000, 1.000000
1.8444, -66.1893, -27.3268, 341.0467, 410.0467, 75.1893, 284.4003, 26.9279, -32.1790, -63.5186, 0.079585, 0.994674, -0.065493, -0.066189, -0.993304, 0.073613, -0.089037, -0.027327, -0.083742, 0.072140, 0.993873, 0.341047, 0.000000, 0.000000, 0.000000, 1.000000, -0.083742, 0.072140, 0.993873, 0.410047, -0.079585, -0.994674, 0.065493, 0.075189, 0.993304, -0.073613, 0.089037, 0.284400, 0.000000, 0.000000, 0.000000, 1.000000, -0.997148, -0.000725, 0.075465, 0.026928, 0.075137, -0.103160, 0.991823, -0.032179, 0.007066, 0.994664, 0.102921, -0.063519, 0.000000, 0.000000, 0.000000, 1.000000
2.3065, -66.4091, -26.1919, 341.7496, 410.7496, 75.4091, 283.2654, 26.6878, -32.0942, -63.6890, 0.071590, 0.994522, -0.076157, -0.066409, -0.994636, 0.065466, -0.080081, -0.026192, -0.074657, 0.081481, 0.993875, 0.341750, 0.000000, 0.000000, 0.000000, 1.000000, -0.074657, 0.081481, 0.993875, 0.410750, -0.071590, -0.994522, 0.076157, 0.075409, 0.994636, -0.065466, 0.080081, 0.283265, 0.000000, 0.000000, 0.000000, 1.000000, -0.996245, 0.000376, 0.086579, 0.026688, 0.086190, -0.090453, 0.992164, -0.032094, 0.008205, 0.995901, 0.090081, -0.063689, 0.000000, 0.000000, 0.000000, 1.000000
