# Joint_B_Angle(deg), Cam_X(mm), Cam_Y(mm), Cam_Z(mm), Torso_X(mm), Torso_Y(mm), Torso_Z(mm), EE_X(mm), EE_Y(mm), EE_Z(mm), T_cam2marker_flat(16), T_torso2marker_flat(16), T_ee2marker_flat(16)
-14.9801, 36.4608, -11.0468, 175.2252, 244.2252, -27.4608, 268.1203, -15.8912, -35.9734, -45.4993, 0.675940, 0.732116, -0.084330, 0.036461, -0.705780, 0.676024, 0.211816, -0.011047, 0.212082, -0.083656, 0.973665, 0.175225, 0.000000, 0.000000, 0.000000, 1.000000, 0.212082, -0.083656, 0.973665, 0.244225, -0.675940, -0.732116, 0.084330, -0.027461, 0.705780, -0.676024, -0.211816, 0.268120, 0.000000, 0.000000, 0.000000, 1.000000, -0.990563, 0.127545, 0.050169, -0.015891, 0.048702, -0.014596, 0.998707, -0.035973, 0.128113, 0.991725, 0.008247, -0.045499, 0.000000, 0.000000, 0.000000, 1.000000
-14.9467, 36.5051, -11.0582, 175.3278, 244.3278, -27.5051, 268.1317, -15.9645, -35.8678, -45.4748, 0.676248, 0.731890, -0.083814, 0.036505, -0.706154, 0.676432, 0.209252, -0.011058, 0.209844, -0.082320, 0.974263, 0.175328, 0.000000, 0.000000, 0.000000, 1.000000, 0.209844, -0.082320, 0.974263, 0.244328, -0.676248, -0.731890, 0.083814, -0.027505, 0.706154, -0.676432, -0.209252, 0.268132, 0.000000, 0.000000, 0.000000, 1.000000, -0.990628, 0.127763, 0.048308, -0.015964, 0.046995, -0.013274, 0.998807, -0.035868, 0.128252, 0.991716, 0.007146, -0.045475, 0.000000, 0.000000, 0.000000, 1.000000
-14.8039, 36.4147, -10.9623, 175.2686, 244.2686, -27.4147, 268.0357, -15.9150, -35.8648, -45.4895, 0.675761, 0.732329, -0.083915, 0.036415, -0.706995, 0.676143, 0.207336, -0.010962, 0.208577, -0.080782, 0.974664, 0.175269, 0.000000, 0.000000, 0.000000, 1.000000, 0.208577, -0.080782, 0.974664, 0.244269, -0.675761, -0.732329, 0.083915, -0.027415, 0.706995, -0.676143, -0.207336, 0.268036, 0.000000, 0.000000, 0.000000, 1.000000, -0.990680, 0.126985, 0.049263, -0.015915, 0.048108, -0.012152, 0.998768, -0.035865, 0.127428, 0.991830, 0.005930, -0.045490, 0.000000, 0.000000, 0.000000, 1.000000
-14.6659, 36.3379, -10.8732, 175.3318, 244.3318, -27.3379, 267.9467, -15.8963, -35.7451, -45.5031, 0.677090, 0.731699, -0.078518, 0.036338, -0.707484, 0.676593, 0.204178, -0.010873, 0.202521, -0.082697, 0.975780, 0.175332, 0.000000, 0.000000, 0.000000, 1.000000, 0.202521, -0.082697, 0.975780, 0.244332, -0.677090, -0.731699, 0.078518, -0.027338, 0.707484, -0.676593, -0.204178, 0.267947, 0.000000, 0.000000, 0.000000, 1.000000, -0.990715, 0.127999, 0.045831, -0.015896, 0.044371, -0.014233, 0.998914, -0.035745, 0.128512, 0.991672, 0.008422, -0.045503, 0.000000, 0.000000, 0.000000, 1.000000
-14.3495, 36.1817, -10.6860, 175.2275, 244.2275, -27.1817, 267.7595, -15.8365, -35.7213, -45.5161, 0.677294, 0.731676, -0.076961, 0.036182, -0.708108, 0.676691, 0.201674, -0.010686, 0.199639, -0.082096, 0.976424, 0.175228, 0.000000, 0.000000, 0.000000, 1.000000, 0.199639, -0.082096, 0.976424, 0.244228, -0.677294, -0.731676, 0.076961, -0.027182, 0.708108, -0.676691, -0.201674, 0.267759, 0.000000, 0.000000, 0.000000, 1.000000, -0.990607, 0.127913, 0.048342, -0.015836, 0.046891, -0.014331, 0.998797, -0.035721, 0.128452, 0.991682, 0.008198, -0.045516, 0.000000, 0.000000, 0.000000, 1.000000
-14.0704, 36.0071, -10.5332, 175.1201, 244.1201, -27.0071, 267.6067, -15.7700, -35.7169, -45.5638, 0.676920, 0.732076, -0.076441, 0.036007, -0.709912, 0.676779, 0.194923, -0.010533, 0.194432, -0.077680, 0.977835, 0.175120, 0.000000, 0.000000, 0.000000, 1.000000, 0.194432, -0.077680, 0.977835, 0.244120, -0.676920, -0.732076, 0.076441, -0.027007, 0.709912, -0.676779, -0.194923, 0.267607, 0.000000, 0.000000, 0.000000, 1.000000, -0.990776, 0.126990, 0.047291, -0.015770, 0.046318, -0.010605, 0.998870, -0.035717, 0.127348, 0.991847, 0.004625, -0.045564, 0.000000, 0.000000, 0.000000, 1.000000
-13.8604, 35.8159, -10.3670, 174.9833, 243.9833, -26.8159, 267.4404, -15.6359, -35.7589, -45.6158, 0.677555, 0.731716, -0.074234, 0.035816, -0.709648, 0.676937, 0.195332, -0.010367, 0.193180, -0.079668, 0.977924, 0.174983, 0.000000, 0.000000, 0.000000, 1.000000, 0.193180, -0.079668, 0.977924, 0.243983, -0.677555, -0.731716, 0.074234, -0.026816, 0.709648, -0.676937, -0.195332, 0.267440, 0.000000, 0.000000, 0.000000, 1.000000, -0.990567, 0.127589, 0.049983, -0.015636, 0.048722, -0.012991, 0.998728, -0.035759, 0.128076, 0.991742, 0.006652, -0.045616, 0.000000, 0.000000, 0.000000, 1.000000
-13.4130, 35.5722, -10.0487, 174.9408, 243.9408, -26.5722, 267.1222, -15.5120, -35.6202, -45.6265, 0.677899, 0.731783, -0.070333, 0.035572, -0.711621, 0.677201, 0.187067, -0.010049, 0.184522, -0.076762, 0.979826, 0.174941, 0.000000, 0.000000, 0.000000, 1.000000, 0.184522, -0.076762, 0.979826, 0.243941, -0.677899, -0.731783, 0.070333, -0.026572, 0.711621, -0.677201, -0.187067, 0.267122, 0.000000, 0.000000, 0.000000, 1.000000, -0.990680, 0.127235, 0.048620, -0.015512, 0.047595, -0.011079, 0.998805, -0.035620, 0.127622, 0.991811, 0.004920, -0.045626, 0.000000, 0.000000, 0.000000, 1.000000
-13.1313, 35.4069, -9.8481, 175.0650, 244.0651, -26.4069, 266.9215, -15.4474, -35.3851, -45.6500, 0.678899, 0.731574, -0.062415, 0.035407, -0.712308, 0.676862, 0.185677, -0.009848, 0.178082, -0.081597, 0.980627, 0.175065, 0.000000, 0.000000, 0.000000, 1.000000, 0.178082, -0.081597, 0.980627, 0.244065, -0.678899, -0.731574, 0.062415, -0.026407, 0.712308, -0.676862, -0.185677, 0.266922, 0.000000, 0.000000, 0.000000, 1.000000, -0.990665, 0.127706, 0.047695, -0.015447, 0.045956, -0.016525, 0.998807, -0.035385, 0.128342, 0.991674, 0.010502, -0.045650, 0.000000, 0.000000, 0.000000, 1.000000
-12.9318, 35.2456, -9.6793, 175.0192, 244.0192, -26.2456, 266.7527, -15.3351, -35.3464, -45.6805, 0.678576, 0.732107, -0.059618, 0.035246, -0.713798, 0.676395, 0.181611, -0.009679, 0.173284, -0.080681, 0.981562, 0.175019, 0.000000, 0.000000, 0.000000, 1.000000, 0.173284, -0.080681, 0.981562, 0.244019, -0.678576, -0.732107, 0.059618, -0.026246, 0.713798, -0.676395, -0.181611, 0.266753, 0.000000, 0.000000, 0.000000, 1.000000, -0.990849, 0.126838, 0.046158, -0.015335, 0.044465, -0.016150, 0.998880, -0.035346, 0.127441, 0.991792, 0.010363, -0.045680, 0.000000, 0.000000, 0.000000, 1.000000
-12.5187, 35.0051, -9.4268, 175.0152, 244.0152, -26.0051, 266.5003, -15.2463, -35.1965, -45.7287, 0.679721, 0.731519, -0.053465, 0.035005, -0.714755, 0.676977, 0.175576, -0.009427, 0.164632, -0.081129, 0.983013, 0.175015, 0.000000, 0.000000, 0.000000, 1.000000, 0.164632, -0.081129, 0.983013, 0.244015, -0.679721, -0.731519, 0.053465, -0.026005, 0.714755, -0.676977, -0.175576, 0.266500, 0.000000, 0.000000, 0.000000, 1.000000, -0.990818, 0.127585, 0.044743, -0.015246, 0.042868, -0.017408, 0.998929, -0.035196, 0.128228, 0.991675, 0.011779, -0.045729, 0.000000, 0.000000, 0.000000, 1.000000
-12.3126, 34.8463, -9.3000, 174.8746, 243.8746, -25.8463, 266.3734, -15.1607, -35.2587, -45.7771, 0.679490, 0.731737, -0.053429, 0.034846, -0.715022, 0.676768, 0.175294, -0.009300, 0.164428, -0.080907, 0.983065, 0.174875, 0.000000, 0.000000, 0.000000, 1.000000, 0.164428, -0.080907, 0.983065, 0.243875, -0.679490, -0.731737, 0.053429, -0.025846, 0.715022, -0.676768, -0.175294, 0.266373, 0.000000, 0.000000, 0.000000, 1.000000, -0.990711, 0.127200, 0.048082, -0.015161, 0.046203, -0.017682, 0.998776, -0.035259, 0.127894, 0.991719, 0.011641, -0.045777, 0.000000, 0.000000, 0.000000, 1.000000
-12.0327, 34.6665, -9.1123, 174.7482, 243.7482, -25.6665, 266.1858, -15.0619, -35.2801, -45.8080, 0.678937, 0.732297, -0.052775, 0.034666, -0.716470, 0.676531, 0.170226, -0.009112, 0.160360, -0.077760, 0.983991, 0.174748, 0.000000, 0.000000, 0.000000, 1.000000, 0.160360, -0.077760, 0.983991, 0.243748, -0.678937, -0.732297, 0.052775, -0.025666, 0.716470, -0.676531, -0.170226, 0.266186, 0.000000, 0.000000, 0.000000, 1.000000, -0.990822, 0.126214, 0.048396, -0.015062, 0.046845, -0.015231, 0.998786, -0.035280, 0.126798, 0.991886, 0.009179, -0.045808, 0.000000, 0.000000, 0.000000, 1.000000
-11.7347, 34.4986, -8.8842, 174.8313, 243.8313, -25.4986, 265.9577, -14.9735, -35.0861, -45.8155, 0.680067, 0.731685, -0.046338, 0.034499, -0.717057, 0.676979, 0.165918, -0.008884, 0.152769, -0.079608, 0.985050, 0.174831, 0.000000, 0.000000, 0.000000, 1.000000, 0.152769, -0.079608, 0.985050, 0.243831, -0.680067, -0.731685, 0.046338, -0.025499, 0.717057, -0.676979, -0.165918, 0.265958, 0.000000, 0.000000, 0.000000, 1.000000, -0.990816, 0.127064, 0.046249, -0.014974, 0.044361, -0.017649, 0.998860, -0.035086, 0.127736, 0.991737, 0.011850, -0.045816, 0.000000, 0.000000, 0.000000, 1.000000
-11.5515, 34.3130, -8.7653, 174.7448, 243.7448, -25.3130, 265.8388, -14.8720, -35.1046, -45.8929, 0.679971, 0.731943, -0.043592, 0.034313, -0.717487, 0.676442, 0.166249, -0.008765, 0.151173, -0.081768, 0.985120, 0.174745, 0.000000, 0.000000, 0.000000, 1.000000, 0.151173, -0.081768, 0.985120, 0.243745, -0.679971, -0.731943, 0.043592, -0.025313, 0.717487, -0.676442, -0.166249, 0.265839, 0.000000, 0.000000, 0.000000, 1.000000, -0.990778, 0.126669, 0.048102, -0.014872, 0.045897, -0.020269, 0.998741, -0.035105, 0.127484, 0.991738, 0.014268, -0.045893, 0.000000, 0.000000, 0.000000, 1.000000
-11.0509, 34.0409, -8.4538, 174.7964, 243.7964, -25.0409, 265.5273, -14.7738, -34.8811, -45.9351, 0.680573, 0.731777, -0.036378, 0.034041, -0.718926, 0.676548, 0.159461, -0.008454, 0.141302, -0.082372, 0.986534, 0.174796, 0.000000, 0.000000, 0.000000, 1.000000, 0.141302, -0.082372, 0.986534, 0.243796, -0.680573, -0.731777, 0.036378, -0.025041, 0.718926, -0.676548, -0.159461, 0.265527, 0.000000, 0.000000, 0.000000, 1.000000, -0.990823, 0.126732, 0.047001, -0.014774, 0.044569, -0.021959, 0.998765, -0.034881, 0.127607, 0.991694, 0.016109, -0.045935, 0.000000, 0.000000, 0.000000, 1.000000
-10.9125, 33.9049, -8.3185, 174.7616, 243.7616, -24.9049, 265.3920, -14.6662, -34.8621, -45.9652, 0.680999, 0.731589, -0.031904, 0.033905, -0.719664, 0.676680, 0.155524, -0.008319, 0.135369, -0.082951, 0.987317, 0.174762, 0.000000, 0.000000, 0.000000, 1.000000, 0.135369, -0.082951, 0.987317, 0.243762, -0.680999, -0.731589, 0.031904, -0.024905, 0.719664, -0.676680, -0.155524, 0.265392, 0.000000, 0.000000, 0.000000, 1.000000, -0.990952, 0.126953, 0.043552, -0.014666, 0.040977, -0.022823, 0.998899, -0.034862, 0.127807, 0.991646, 0.017414, -0.045965, 0.000000, 0.000000, 0.000000, 1.000000
-10.5930, 33.7006, -8.1581, 174.4727, 243.4727, -24.7006, 265.2316, -14.5840, -35.0465, -46.0239, 0.680407, 0.731990, -0.035171, 0.033701, -0.719604, 0.676432, 0.156875, -0.008158, 0.138622, -0.081430, 0.986992, 0.174473, 0.000000, 0.000000, 0.000000, 1.000000, 0.138622, -0.081430, 0.986992, 0.243473, -0.680407, -0.731990, 0.035171, -0.024701, 0.719604, -0.676432, -0.156875, 0.265232, 0.000000, 0.000000, 0.000000, 1.000000, -0.990628, 0.126243, 0.052148, -0.014584, 0.049753, -0.022051, 0.998518, -0.035046, 0.127206, 0.991754, 0.015563, -0.046024, 0.000000, 0.000000, 0.000000, 1.000000
-10.3263, 33.5442, -7.9620, 174.6047, 243.6047, -24.5442, 265.0355, -14.5096, -34.8246, -46.0431, 0.680760, 0.731963, -0.028207, 0.033544, -0.721239, 0.676519, 0.148785, -0.007962, 0.127988, -0.080943, 0.988467, 0.174605, 0.000000, 0.000000, 0.000000, 1.000000, 0.127988, -0.080943, 0.988467, 0.243605, -0.680760, -0.731963, 0.028207, -0.024544, 0.721239, -0.676519, -0.148785, 0.265035, 0.000000, 0.000000, 0.000000, 1.000000, -0.990937, 0.126181, 0.046069, -0.014510, 0.043615, -0.022145, 0.998803, -0.034825, 0.127050, 0.991760, 0.016441, -0.046043, 0.000000, 0.000000, 0.000000, 1.000000
-10.1769, 33.3826, -7.8344, 174.4459, 243.4459, -24.3826, 264.9078, -14.3889, -34.9298, -46.0925, 0.680861, 0.731884, -0.027805, 0.033383, -0.720774, 0.676300, 0.151994, -0.007834, 0.130046, -0.083446, 0.987990, 0.174446, 0.000000, 0.000000, 0.000000, 1.000000, 0.130046, -0.083446, 0.987990, 0.243446, -0.680861, -0.731884, 0.027805, -0.024383, 0.720774, -0.676300, -0.151994, 0.264908, 0.000000, 0.000000, 0.000000, 1.000000, -0.990687, 0.126215, 0.051072, -0.014389, 0.048292, -0.024985, 0.998521, -0.034930, 0.127304, 0.991688, 0.018657, -0.046093, 0.000000, 0.000000, 0.000000, 1.000000
-9.7229, 33.1199, -7.5559, 174.5140, 243.5140, -24.1199, 264.6294, -14.2924, -34.7185, -46.1470, 0.680793, 0.732117, -0.022948, 0.033120, -0.722229, 0.676161, 0.145574, -0.007556, 0.122094, -0.082532, 0.989081, 0.174514, 0.000000, 0.000000, 0.000000, 1.000000, 0.122094, -0.082532, 0.989081, 0.243514, -0.680793, -0.732117, 0.022948, -0.024120, 0.722229, -0.676161, -0.145574, 0.264629, 0.000000, 0.000000, 0.000000, 1.000000, -0.990764, 0.125691, 0.050871, -0.014292, 0.048087, -0.025089, 0.998528, -0.034719, 0.126782, 0.991752, 0.018814, -0.046147, 0.000000, 0.000000, 0.000000, 1.000000
-9.5181, 33.0129, -7.3859, 174.5321, 243.5321, -24.0129, 264.4593, -14.2179, -34.6331, -46.1359, 0.680508, 0.732449, -0.020664, 0.033013, -0.723568, 0.676170, 0.138722, -0.007386, 0.115580, -0.079450, 0.990116, 0.174532, 0.000000, 0.000000, 0.000000, 1.000000, 0.115580, -0.079450, 0.990116, 0.243532, -0.680508, -0.732449, 0.020664, -0.024013, 0.723568, -0.676170, -0.138722, 0.264459, 0.000000, 0.000000, 0.000000, 1.000000, -0.990998, 0.125174, 0.047489, -0.014218, 0.045021, -0.022470, 0.998733, -0.034633, 0.126083, 0.991880, 0.016633, -0.046136, 0.000000, 0.000000, 0.000000, 1.000000
-9.2667, 32.8953, -7.2404, 174.3850, 243.3850, -23.8953, 264.3138, -14.1727, -34.7037, -46.1397, 0.680891, 0.732092, -0.020723, 0.032895, -0.724015, 0.677105, 0.131650, -0.007240, 0.110412, -0.074635, 0.991080, 0.174385, 0.000000, 0.000000, 0.000000, 1.000000, 0.110412, -0.074635, 0.991080, 0.243385, -0.680891, -0.732092, 0.020723, -0.023895, 0.724015, -0.677105, -0.131650, 0.264314, 0.000000, 0.000000, 0.000000, 1.000000, -0.990998, 0.125687, 0.046114, -0.014173, 0.044180, -0.018140, 0.998859, -0.034704, 0.126380, 0.991904, 0.012424, -0.046140, 0.000000, 0.000000, 0.000000, 1.000000
-9.0180, 32.6728, -7.0621, 174.3604, 243.3604, -23.6728, 264.1356, -14.0474, -34.6512, -46.2155, 0.680761, 0.732300, -0.017375, 0.032673, -0.724113, 0.676352, 0.134941, -0.007062, 0.110569, -0.079281, 0.990701, 0.174360, 0.000000, 0.000000, 0.000000, 1.000000, 0.110569, -0.079281, 0.990701, 0.243360, -0.680761, -0.732300, 0.017375, -0.023673, 0.724113, -0.676352, -0.134941, 0.264136, 0.000000, 0.000000, 0.000000, 1.000000, -0.990811, 0.125196, 0.051185, -0.014047, 0.048630, -0.023378, 0.998543, -0.034651, 0.126210, 0.991857, 0.017075, -0.046215, 0.000000, 0.000000, 0.000000, 1.000000
-8.8638, 32.6130, -6.9487, 174.4072, 243.4072, -23.6130, 264.0222, -14.0171, -34.5574, -46.2003, 0.680779, 0.732346, -0.014437, 0.032613, -0.725107, 0.676579, 0.128296, -0.006949, 0.103725, -0.076873, 0.991631, 0.174407, 0.000000, 0.000000, 0.000000, 1.000000, 0.103725, -0.076873, 0.991631, 0.243407, -0.680779, -0.732346, 0.014437, -0.023613, 0.725107, -0.676579, -0.128296, 0.264022, 0.000000, 0.000000, 0.000000, 1.000000, -0.991040, 0.125131, 0.046719, -0.014017, 0.044395, -0.021296, 0.998787, -0.034557, 0.125974, 0.991912, 0.015550, -0.046200, 0.000000, 0.000000, 0.000000, 1.000000
-8.3856, 32.3285, -6.6427, 174.3522, 243.3522, -23.3285, 263.7162, -13.8878, -34.4725, -46.2507, 0.681087, 0.732172, -0.006688, 0.032328, -0.725947, 0.676431, 0.124265, -0.006643, 0.095507, -0.079781, 0.992226, 0.174352, 0.000000, 0.000000, 0.000000, 1.000000, 0.095507, -0.079781, 0.992226, 0.243352, -0.681087, -0.732172, 0.006688, -0.023328, 0.725947, -0.676431, -0.124265, 0.263716, 0.000000, 0.000000, 0.000000, 1.000000, -0.991020, 0.125098, 0.047229, -0.013888, 0.044408, -0.025252, 0.998694, -0.034473, 0.126127, 0.991823, 0.019470, -0.046251, 0.000000, 0.000000, 0.000000, 1.000000
-8.2208, 32.1845, -6.4988, 174.2240, 243.2240, -23.1845, 263.5723, -13.7793, -34.5509, -46.2777, 0.681109, 0.732105, -0.010643, 0.032185, -0.725815, 0.677027, 0.121769, -0.006499, 0.096354, -0.075213, 0.992501, 0.174224, 0.000000, 0.000000, 0.000000, 1.000000, 0.096354, -0.075213, 0.992501, 0.243224, -0.681109, -0.732105, 0.010643, -0.023185, 0.725815, -0.677027, -0.121769, 0.263572, 0.000000, 0.000000, 0.000000, 1.000000, -0.990840, 0.125296, 0.050373, -0.013779, 0.048112, -0.021013, 0.998621, -0.034551, 0.126182, 0.991897, 0.014792, -0.046278, 0.000000, 0.000000, 0.000000, 1.000000
-7.8816, 31.9669, -6.2774, 174.2627, 243.2627, -22.9669, 263.3508, -13.6790, -34.4173, -46.3275, 0.681044, 0.732235, -0.003306, 0.031967, -0.726815, 0.676537, 0.118479, -0.006277, 0.088991, -0.078287, 0.992951, 0.174263, 0.000000, 0.000000, 0.000000, 1.000000, 0.088991, -0.078287, 0.992951, 0.243263, -0.681044, -0.732235, 0.003306, -0.022967, 0.726815, -0.676537, -0.118479, 0.263351, 0.000000, 0.000000, 0.000000, 1.000000, -0.990950, 0.124847, 0.049314, -0.013679, 0.046564, -0.024853, 0.998606, -0.034417, 0.125899, 0.991865, 0.018815, -0.046327, 0.000000, 0.000000, 0.000000, 1.000000
-7.5775, 31.8098, -6.0452, 174.3957, 243.3957, -22.8098, 263.1186, -13.5874, -34.1989, -46.3263, 0.681203, 0.732084, 0.004014, 0.031810, -0.728025, 0.676828, 0.109013, -0.006045, 0.077090, -0.077182, 0.994032, 0.174396, 0.000000, 0.000000, 0.000000, 1.000000, 0.077090, -0.077182, 0.994032, 0.243396, -0.681203, -0.732084, -0.004014, -0.022810, 0.728025, -0.676828, -0.109013, 0.263119, 0.000000, 0.000000, 0.000000, 1.000000, -0.991242, 0.124990, 0.042619, -0.013587, 0.039872, -0.024397, 0.998907, -0.034199, 0.125893, 0.991858, 0.019199, -0.046326, 0.000000, 0.000000, 0.000000, 1.000000
-7.3525, 31.6329, -5.9170, 174.1735, 243.1735, -22.6329, 262.9905, -13.5055, -34.3621, -46.3847, 0.680731, 0.732533, 0.000180, 0.031633, -0.727975, 0.676468, 0.111551, -0.005917, 0.081593, -0.076067, 0.993759, 0.174174, 0.000000, 0.000000, 0.000000, 1.000000, 0.081593, -0.076067, 0.993759, 0.243174, -0.680731, -0.732533, -0.000180, -0.022633, 0.727975, -0.676468, -0.111551, 0.262990, 0.000000, 0.000000, 0.000000, 1.000000, -0.990942, 0.124294, 0.050848, -0.013506, 0.048255, -0.023789, 0.998552, -0.034362, 0.125323, 0.991960, 0.017576, -0.046385, 0.000000, 0.000000, 0.000000, 1.000000
-7.0778, 31.4932, -5.7210, 174.2084, 243.2084, -22.4932, 262.7945, -13.4308, -34.2537, -46.3858, 0.680920, 0.732334, 0.005861, 0.031493, -0.728847, 0.676853, 0.103210, -0.005721, 0.071617, -0.074550, 0.994642, 0.174208, 0.000000, 0.000000, 0.000000, 1.000000, 0.071617, -0.074550, 0.994642, 0.243208, -0.680920, -0.732334, -0.005861, -0.022493, 0.728847, -0.676853, -0.103210, 0.262794, 0.000000, 0.000000, 0.000000, 1.000000, -0.991168, 0.124554, 0.045521, -0.013431, 0.043000, -0.022852, 0.998814, -0.034254, 0.125446, 0.991950, 0.017294, -0.046386, 0.000000, 0.000000, 0.000000, 1.000000
-6.7997, 31.2580, -5.5411, 174.1249, 243.1249, -22.2580, 262.6145, -13.3112, -34.2670, -46.4681, 0.680655, 0.732555, 0.008499, 0.031258, -0.729094, 0.676214, 0.105625, -0.005541, 0.071629, -0.078091, 0.994370, 0.174125, 0.000000, 0.000000, 0.000000, 1.000000, 0.071629, -0.078091, 0.994370, 0.243125, -0.680655, -0.732555, -0.008499, -0.022258, 0.729094, -0.676214, -0.105625, 0.262615, 0.000000, 0.000000, 0.000000, 1.000000, -0.990993, 0.123901, 0.050799, -0.013311, 0.047805, -0.027020, 0.998491, -0.034267, 0.125087, 0.991927, 0.020854, -0.046468, 0.000000, 0.000000, 0.000000, 1.000000
-6.6296, 31.1705, -5.4088, 174.0282, 243.0282, -22.1705, 262.4822, -13.2517, -34.3193, -46.4576, 0.680431, 0.732794, 0.005094, 0.031170, -0.729604, 0.676787, 0.098169, -0.005409, 0.068490, -0.070514, 0.995157, 0.174028, 0.000000, 0.000000, 0.000000, 1.000000, 0.068490, -0.070514, 0.995157, 0.243028, -0.680431, -0.732794, -0.005094, -0.022170, 0.729604, -0.676787, -0.098169, 0.262482, 0.000000, 0.000000, 0.000000, 1.000000, -0.991046, 0.123940, 0.049674, -0.013252, 0.047582, -0.019788, 0.998671, -0.034319, 0.124758, 0.992092, 0.013714, -0.046458, 0.000000, 0.000000, 0.000000, 1.000000
-6.2925, 30.9522, -5.1936, 174.1019, 243.1019, -21.9522, 262.2671, -13.1530, -34.1632, -46.5132, 0.680620, 0.732539, 0.011960, 0.030952, -0.729881, 0.676556, 0.097703, -0.005194, 0.063479, -0.075228, 0.995144, 0.174102, 0.000000, 0.000000, 0.000000, 1.000000, 0.063479, -0.075228, 0.995144, 0.243102, -0.680620, -0.732539, -0.011960, -0.021952, 0.729881, -0.676556, -0.097703, 0.262267, 0.000000, 0.000000, 0.000000, 1.000000, -0.990977, 0.123883, 0.051166, -0.013153, 0.048399, -0.025242, 0.998509, -0.034163, 0.124989, 0.991976, 0.019018, -0.046513, 0.000000, 0.000000, 0.000000, 1.000000
-5.9972, 30.7871, -4.9460, 174.1008, 243.1008, -21.7871, 262.0195, -13.0315, -34.0907, -46.5032, 0.680512, 0.732565, 0.015888, 0.030787, -0.730699, 0.676843, 0.089239, -0.004946, 0.054619, -0.072338, 0.995884, 0.174101, 0.000000, 0.000000, 0.000000, 1.000000, 0.054619, -0.072338, 0.995884, 0.243101, -0.680512, -0.732565, -0.015888, -0.021787, 0.730699, -0.676843, -0.089239, 0.262019, 0.000000, 0.000000, 0.000000, 1.000000, -0.991172, 0.123922, 0.047135, -0.013031, 0.044621, -0.022981, 0.998740, -0.034091, 0.124849, 0.992026, 0.017249, -0.046503, 0.000000, 0.000000, 0.000000, 1.000000
-5.6711, 30.5632, -4.7435, 174.0399, 243.0399, -21.5632, 261.8169, -12.9296, -34.0768, -46.5642, 0.680064, 0.732818, 0.022148, 0.030563, -0.731684, 0.676481, 0.083736, -0.004743, 0.046380, -0.073151, 0.996242, 0.174040, 0.000000, 0.000000, 0.000000, 1.000000, 0.046380, -0.073151, 0.996242, 0.243040, -0.680064, -0.732818, -0.022148, -0.021563, 0.731684, -0.676481, -0.083736, 0.261817, 0.000000, 0.000000, 0.000000, 1.000000, -0.991355, 0.123356, 0.044694, -0.012930, 0.041981, -0.024503, 0.998818, -0.034077, 0.124306, 0.992060, 0.019113, -0.046564, 0.000000, 0.000000, 0.000000, 1.000000
-5.4576, 30.4443, -4.5828, 174.0873, 243.0873, -21.4443, 261.6562, -12.8569, -33.9798, -46.5695, 0.680613, 0.732337, 0.021168, 0.030444, -0.731073, 0.676980, 0.085032, -0.004583, 0.047942, -0.073349, 0.996153, 0.174087, 0.000000, 0.000000, 0.000000, 1.000000, 0.047942, -0.073349, 0.996153, 0.243087, -0.680613, -0.732337, -0.021168, -0.021444, 0.731073, -0.676980, -0.085032, 0.261656, 0.000000, 0.000000, 0.000000, 1.000000, -0.991026, 0.123951, 0.050042, -0.012857, 0.047276, -0.025161, 0.998565, -0.033980, 0.125033, 0.991969, 0.019075, -0.046570, 0.000000, 0.000000, 0.000000, 1.000000
-5.2194, 30.2806, -4.4502, 173.9434, 242.9434, -21.2806, 261.5237, -12.7946, -34.0720, -46.6185, 0.679952, 0.732940, 0.021550, 0.030281, -0.731783, 0.676431, 0.083277, -0.004450, 0.046460, -0.072395, 0.996293, 0.173943, 0.000000, 0.000000, 0.000000, 1.000000, 0.046460, -0.072395, 0.996293, 0.242943, -0.679952, -0.732940, -0.021550, -0.021281, 0.731783, -0.676431, -0.083277, 0.261524, 0.000000, 0.000000, 0.000000, 1.000000, -0.991009, 0.123046, 0.052543, -0.012795, 0.049869, -0.024717, 0.998450, -0.034072, 0.124154, 0.992093, 0.018358, -0.046618, 0.000000, 0.000000, 0.000000, 1.000000
-4.9597, 30.0952, -4.2309, 174.0414, 243.0414, -21.0952, 261.3044, -12.6625, -33.9174, -46.6461, 0.679444, 0.733160, 0.028840, 0.030095, -0.732805, 0.676095, 0.076766, -0.004231, 0.036783, -0.073292, 0.996632, 0.174041, 0.000000, 0.000000, 0.000000, 1.000000, 0.036783, -0.073292, 0.996632, 0.243041, -0.679444, -0.733160, -0.028840, -0.021095, 0.732805, -0.676095, -0.076766, 0.261304, 0.000000, 0.000000, 0.000000, 1.000000, -0.991326, 0.122529, 0.047531, -0.012663, 0.044648, -0.026171, 0.998660, -0.033917, 0.123609, 0.992120, 0.020473, -0.046646, 0.000000, 0.000000, 0.000000, 1.000000
-4.7553, 29.9653, -4.0961, 174.0630, 243.0630, -20.9653, 261.1696, -12.5980, -33.8527, -46.6742, 0.679530, 0.732945, 0.032107, 0.029965, -0.732949, 0.676322, 0.073309, -0.004096, 0.032017, -0.073348, 0.996792, 0.174063, 0.000000, 0.000000, 0.000000, 1.000000, 0.032017, -0.073348, 0.996792, 0.243063, -0.679530, -0.732945, -0.032107, -0.020965, 0.732949, -0.676322, -0.073309, 0.261170, 0.000000, 0.000000, 0.000000, 1.000000, -0.991354, 0.122745, 0.046380, -0.012598, 0.043422, -0.026667, 0.998701, -0.033853, 0.123822, 0.992080, 0.021107, -0.046674, 0.000000, 0.000000, 0.000000, 1.000000
-4.3106, 29.6430, -3.8339, 173.9016, 242.9016, -20.6430, 260.9073, -12.4618, -33.9257, -46.7756, 0.679755, 0.732767, 0.031397, 0.029643, -0.732657, 0.676432, 0.075193, -0.003834, 0.033861, -0.074116, 0.996675, 0.173902, 0.000000, 0.000000, 0.000000, 1.000000, 0.033861, -0.074116, 0.996675, 0.242902, -0.679755, -0.732767, -0.031397, -0.020643, 0.732657, -0.676432, -0.075193, 0.260907, 0.000000, 0.000000, 0.000000, 1.000000, -0.990856, 0.122717, 0.056074, -0.012462, 0.052973, -0.028392, 0.998192, -0.033926, 0.124087, 0.992036, 0.021632, -0.046776, 0.000000, 0.000000, 0.000000, 1.000000
-4.1063, 29.4936, -3.6003, 174.0763, 243.0763, -20.4936, 260.6737, -12.3029, -33.7105, -46.7693, 0.679255, 0.732732, 0.041428, 0.029494, -0.733614, 0.676324, 0.066296, -0.003600, 0.020558, -0.075424, 0.996940, 0.174076, 0.000000, 0.000000, 0.000000, 1.000000, 0.020558, -0.075424, 0.996940, 0.243076, -0.679255, -0.732732, -0.041428, -0.020494, 0.733614, -0.676324, -0.066296, 0.260674, 0.000000, 0.000000, 0.000000, 1.000000, -0.991372, 0.122526, 0.046568, -0.012303, 0.043183, -0.030140, 0.998612, -0.033711, 0.123759, 0.992008, 0.024588, -0.046769, 0.000000, 0.000000, 0.000000, 1.000000
-3.8681, 29.3605, -3.5096, 173.8982, 242.8982, -20.3605, 260.5830, -12.2955, -33.8427, -46.8161, 0.679258, 0.732984, 0.036652, 0.029361, -0.733411, 0.676136, 0.070344, -0.003510, 0.026779, -0.074663, 0.996849, 0.173898, 0.000000, 0.000000, 0.000000, 1.000000, 0.026779, -0.074663, 0.996849, 0.242898, -0.679258, -0.732984, -0.036652, -0.020361, 0.733411, -0.676136, -0.070344, 0.260583, 0.000000, 0.000000, 0.000000, 1.000000, -0.990890, 0.122116, 0.056787, -0.012295, 0.053519, -0.029878, 0.998120, -0.033843, 0.123583, 0.992066, 0.023070, -0.046816, 0.000000, 0.000000, 0.000000, 1.000000
-3.5873, 29.1983, -3.2628, 174.0676, 243.0676, -20.1983, 260.3362, -12.1618, -33.6200, -46.8124, 0.678950, 0.732388, 0.051327, 0.029198, -0.734157, 0.676654, 0.056155, -0.003263, 0.006397, -0.075809, 0.997102, 0.174068, 0.000000, 0.000000, 0.000000, 1.000000, 0.006397, -0.075809, 0.997102, 0.243068, -0.678950, -0.732388, -0.051327, -0.020198, 0.734157, -0.676654, -0.056155, 0.260336, 0.000000, 0.000000, 0.000000, 1.000000, -0.991570, 0.122706, 0.041615, -0.012162, 0.038001, -0.031648, 0.998776, -0.033620, 0.123873, 0.991938, 0.026718, -0.046812, 0.000000, 0.000000, 0.000000, 1.000000
-3.2981, 29.0531, -3.1008, 173.8725, 242.8725, -20.0531, 260.1742, -12.1212, -33.7608, -46.8267, 0.679137, 0.732850, 0.041282, 0.029053, -0.733893, 0.676941, 0.056139, -0.003101, 0.013196, -0.068422, 0.997569, 0.173873, 0.000000, 0.000000, 0.000000, 1.000000, 0.013196, -0.068422, 0.997569, 0.242873, -0.679137, -0.732850, -0.041282, -0.020053, 0.733893, -0.676941, -0.056139, 0.260174, 0.000000, 0.000000, 0.000000, 1.000000, -0.991050, 0.122738, 0.052492, -0.012121, 0.049804, -0.024866, 0.998449, -0.033761, 0.123853, 0.992128, 0.018530, -0.046827, 0.000000, 0.000000, 0.000000, 1.000000
-3.1153, 28.8967, -2.9663, 173.9979, 242.9979, -19.8967, 260.0397, -12.0244, -33.6059, -46.8814, 0.678877, 0.732178, 0.055153, 0.028897, -0.734244, 0.676594, 0.055735, -0.002966, 0.003491, -0.078333, 0.996921, 0.173998, 0.000000, 0.000000, 0.000000, 1.000000, 0.003491, -0.078333, 0.996921, 0.242998, -0.678877, -0.732178, -0.055153, -0.019897, 0.734244, -0.676594, -0.055735, 0.260040, 0.000000, 0.000000, 0.000000, 1.000000, -0.991351, 0.122429, 0.047270, -0.012024, 0.043263, -0.035190, 0.998444, -0.033606, 0.123901, 0.991853, 0.029589, -0.046881, 0.000000, 0.000000, 0.000000, 1.000000
-2.7690, 28.7142, -2.6311, 174.0558, 243.0558, -19.7142, 259.7046, -11.8464, -33.4879, -46.8374, 0.677739, 0.733157, 0.056133, 0.028714, -0.735203, 0.676926, 0.035329, -0.002631, -0.012096, -0.065213, 0.997798, 0.174056, 0.000000, 0.000000, 0.000000, 1.000000, -0.012096, -0.065213, 0.997798, 0.243056, -0.677739, -0.733157, -0.056133, -0.019714, 0.735203, -0.676926, -0.035329, 0.259705, 0.000000, 0.000000, 0.000000, 1.000000, -0.991816, 0.122441, 0.036174, -0.011846, 0.033631, -0.022776, 0.999175, -0.033488, 0.123164, 0.992214, 0.018472, -0.046837, 0.000000, 0.000000, 0.000000, 1.000000
-2.2610, 28.4264, -2.2707, 174.1479, 243.1479, -19.4264, 259.3442, -11.6784, -33.3134, -46.8658, 0.676818, 0.733570, 0.061583, 0.028426, -0.735815, 0.676662, 0.026541, -0.002271, -0.022202, -0.063277, 0.997749, 0.174148, 0.000000, 0.000000, 0.000000, 1.000000, -0.022202, -0.063277, 0.997749, 0.243148, -0.676818, -0.733570, -0.061583, -0.019426, 0.735815, -0.676662, -0.026541, 0.259344, 0.000000, 0.000000, 0.000000, 1.000000, -0.991938, 0.121875, 0.034721, -0.011678, 0.032286, -0.021898, 0.999239, -0.033313, 0.122542, 0.992304, 0.017787, -0.046866, 0.000000, 0.000000, 0.000000, 1.000000
-2.1190, 28.3004, -2.3177, 174.0074, 243.0074, -19.3004, 259.3911, -11.7333, -33.4324, -46.9887, 0.677467, 0.733145, 0.059466, 0.028300, -0.735518, 0.676011, 0.044978, -0.002318, -0.007224, -0.074209, 0.997217, 0.174007, 0.000000, 0.000000, 0.000000, 1.000000, -0.007224, -0.074209, 0.997217, 0.243007, -0.677467, -0.733145, -0.059466, -0.019300, 0.735518, -0.676011, -0.044978, 0.259391, 0.000000, 0.000000, 0.000000, 1.000000, -0.991219, 0.120975, 0.053390, -0.011733, 0.049724, -0.033125, 0.998214, -0.033432, 0.122527, 0.992103, 0.026819, -0.046989, 0.000000, 0.000000, 0.000000, 1.000000
-1.8417, 28.1601, -1.9522, 174.0693, 243.0693, -19.1601, 259.0257, -11.5130, -33.3301, -46.8930, 0.676418, 0.733834, 0.062811, 0.028160, -0.736006, 0.676665, 0.020507, -0.001952, -0.027453, -0.060101, 0.997815, 0.174069, 0.000000, 0.000000, 0.000000, 1.000000, -0.027453, -0.060101, 0.997815, 0.243069, -0.676418, -0.733834, -0.062811, -0.019160, 0.736006, -0.676665, -0.020507, 0.259026, 0.000000, 0.000000, 0.000000, 1.000000, -0.991894, 0.121739, 0.036418, -0.011513, 0.034281, -0.019603, 0.999220, -0.033330, 0.122358, 0.992369, 0.015271, -0.046893, 0.000000, 0.000000, 0.000000, 1.000000
-1.5425, 27.9347, -1.8517, 173.9730, 242.9730, -18.9347, 258.9252, -11.4806, -33.3846, -47.0129, 0.676928, 0.733182, 0.064911, 0.027935, -0.735759, 0.676501, 0.031701, -0.001852, -0.020670, -0.069218, 0.997387, 0.173973, 0.000000, 0.000000, 0.000000, 1.000000, -0.020670, -0.069218, 0.997387, 0.242973, -0.676928, -0.733182, -0.064911, -0.018935, 0.735759, -0.676501, -0.031701, 0.258925, 0.000000, 0.000000, 0.000000, 1.000000, -0.991379, 0.121319, 0.049496, -0.011481, 0.046257, -0.029373, 0.998498, -0.033385, 0.122591, 0.992179, 0.023508, -0.047013, 0.000000, 0.000000, 0.000000, 1.000000
-1.3623, 27.8410, -1.6802, 174.0771, 243.0771, -18.8410, 258.7536, -11.3851, -33.2560, -46.9942, 0.676705, 0.732840, 0.070822, 0.027841, -0.735574, 0.677080, 0.022231, -0.001680, -0.031661, -0.067138, 0.997241, 0.174077, 0.000000, 0.000000, 0.000000, 1.000000, -0.031661, -0.067138, 0.997241, 0.243077, -0.676705, -0.732840, -0.070822, -0.018841, 0.735574, -0.677080, -0.022231, 0.258754, 0.000000, 0.000000, 0.000000, 1.000000, -0.991658, 0.122029, 0.041506, -0.011385, 0.038397, -0.027722, 0.998878, -0.033256, 0.123043, 0.992139, 0.022805, -0.046994, 0.000000, 0.000000, 0.000000, 1.000000
-1.1026, 27.6703, -1.5667, 173.8819, 242.8819, -18.6703, 258.6401, -11.3583, -33.4153, -47.0575, 0.676606, 0.733635, 0.063109, 0.027670, -0.736021, 0.676363, 0.028398, -0.001567, -0.021851, -0.065664, 0.997603, 0.173882, 0.000000, 0.000000, 0.000000, 1.000000, -0.021851, -0.065664, 0.997603, 0.242882, -0.676606, -0.733635, -0.063109, -0.018670, 0.736021, -0.676363, -0.028398, 0.258640, 0.000000, 0.000000, 0.000000, 1.000000, -0.991103, 0.120962, 0.055532, -0.011358, 0.052671, -0.026722, 0.998254, -0.033415, 0.122235, 0.992297, 0.020113, -0.047057, 0.000000, 0.000000, 0.000000, 1.000000
-0.8292, 27.5068, -1.3086, 174.0704, 243.0704, -18.5068, 258.3820, -11.1994, -33.1947, -47.0491, 0.675154, 0.734045, 0.073105, 0.027507, -0.736567, 0.676254, 0.012239, -0.001309, -0.040454, -0.062110, 0.997249, 0.174070, 0.000000, 0.000000, 0.000000, 1.000000, -0.040454, -0.062110, 0.997249, 0.243070, -0.675154, -0.734045, -0.073105, -0.018507, 0.736567, -0.676254, -0.012239, 0.258382, 0.000000, 0.000000, 0.000000, 1.000000, -0.991819, 0.120770, 0.041358, -0.011199, 0.038767, -0.023722, 0.998967, -0.033195, 0.121626, 0.992397, 0.018846, -0.047049, 0.000000, 0.000000, 0.000000, 1.000000
-0.4926, 27.3034, -1.1049, 173.8814, 242.8814, -18.3034, 258.1783, -11.1263, -33.3414, -47.0867, 0.675698, 0.734353, 0.064480, 0.027303, -0.736450, 0.676331, 0.014751, -0.001105, -0.032777, -0.057454, 0.997810, 0.173881, 0.000000, 0.000000, 0.000000, 1.000000, -0.032777, -0.057454, 0.997810, 0.242881, -0.675698, -0.734353, -0.064480, -0.018303, 0.736450, -0.676331, -0.014751, 0.258178, 0.000000, 0.000000, 0.000000, 1.000000, -0.991181, 0.120885, 0.054293, -0.011126, 0.052279, -0.019772, 0.998437, -0.033341, 0.121769, 0.992470, 0.013278, -0.047087, 0.000000, 0.000000, 0.000000, 1.000000
-0.2808, 27.1393, -0.9406, 174.0186, 243.0187, -18.1393, 258.0140, -11.0099, -33.1843, -47.1309, 0.674977, 0.734213, 0.073059, 0.027139, -0.736631, 0.676224, 0.009814, -0.000941, -0.042199, -0.060442, 0.997279, 0.174019, 0.000000, 0.000000, 0.000000, 1.000000, -0.042199, -0.060442, 0.997279, 0.243019, -0.674977, -0.734213, -0.073059, -0.018139, 0.736631, -0.676224, -0.009814, 0.258014, 0.000000, 0.000000, 0.000000, 1.000000, -0.991498, 0.120555, 0.048977, -0.011010, 0.046509, -0.023201, 0.998648, -0.033184, 0.121528, 0.992436, 0.017396, -0.047131, 0.000000, 0.000000, 0.000000, 1.000000
0.0233, 26.9956, -0.7432, 173.9735, 242.9735, -17.9956, 257.8166, -10.9467, -33.1921, -47.1306, 0.674689, 0.734598, 0.071842, 0.026996, -0.736669, 0.676244, 0.003552, -0.000743, -0.045974, -0.055321, 0.997410, 0.173974, 0.000000, 0.000000, 0.000000, 1.000000, -0.045974, -0.055321, 0.997410, 0.242974, -0.674689, -0.734598, -0.071842, -0.017996, 0.736669, -0.676244, -0.003552, 0.257817, 0.000000, 0.000000, 0.000000, 1.000000, -0.991436, 0.120679, 0.049905, -0.010947, 0.047991, -0.018711, 0.998673, -0.033192, 0.121453, 0.992515, 0.012759, -0.047131, 0.000000, 0.000000, 0.000000, 1.000000
0.3186, 26.8126, -0.5419, 173.9531, 242.9531, -17.8126, 257.6153, -10.8506, -33.1824, -47.1611, 0.674123, 0.735035, 0.072678, 0.026813, -0.736850, 0.676051, -0.002666, -0.000542, -0.051094, -0.051756, 0.997352, 0.173953, 0.000000, 0.000000, 0.000000, 1.000000, -0.051094, -0.051756, 0.997352, 0.242953, -0.674123, -0.735035, -0.072678, -0.017813, 0.736850, -0.676051, 0.002666, 0.257615, 0.000000, 0.000000, 0.000000, 1.000000, -0.991477, 0.120507, 0.049515, -0.010851, 0.047965, -0.015737, 0.998725, -0.033182, 0.121133, 0.992588, 0.009823, -0.047161, 0.000000, 0.000000, 0.000000, 1.000000
0.4667, 26.7261, -0.4251, 173.9563, 242.9563, -17.7261, 257.4985, -10.7914, -33.1652, -47.1635, 0.674892, 0.734676, 0.069077, 0.026726, -0.736594, 0.676326, 0.003489, -0.000425, -0.044155, -0.053237, 0.997605, 0.173956, 0.000000, 0.000000, 0.000000, 1.000000, -0.044155, -0.053237, 0.997605, 0.242956, -0.674892, -0.734676, -0.069077, -0.017726, 0.736594, -0.676326, -0.003489, 0.257499, 0.000000, 0.000000, 0.000000, 1.000000, -0.990916, 0.120753, 0.059192, -0.010791, 0.057486, -0.017569, 0.998192, -0.033165, 0.121575, 0.992527, 0.010468, -0.047164, 0.000000, 0.000000, 0.000000, 1.000000
0.9571, 26.4360, -0.0893, 173.9700, 242.9700, -17.4360, 257.1628, -10.6342, -33.1064, -47.2044, 0.674469, 0.734379, 0.076019, 0.026436, -0.736344, 0.676600, -0.003166, -0.000089, -0.053760, -0.053840, 0.997101, 0.173970, 0.000000, 0.000000, 0.000000, 1.000000, -0.053760, -0.053840, 0.997101, 0.242970, -0.674469, -0.734379, -0.076019, -0.017436, 0.736344, -0.676600, 0.003166, 0.257163, 0.000000, 0.000000, 0.000000, 1.000000, -0.990948, 0.120928, 0.058289, -0.010634, 0.056368, -0.019247, 0.998225, -0.033106, 0.121835, 0.992475, 0.012257, -0.047204, 0.000000, 0.000000, 0.000000, 1.000000
1.2582, 26.2592, 0.0944, 173.9383, 242.9383, -17.2592, 256.9790, -10.5609, -33.1110, -47.2395, 0.674185, 0.735053, 0.071918, 0.026259, -0.736861, 0.676041, -0.002021, 0.000094, -0.050105, -0.051631, 0.997409, 0.173938, 0.000000, 0.000000, 0.000000, 1.000000, -0.050105, -0.051631, 0.997409, 0.242938, -0.674185, -0.735053, -0.071918, -0.017259, 0.736861, -0.676041, 0.002021, 0.256979, 0.000000, 0.000000, 0.000000, 1.000000, -0.990493, 0.120228, 0.066852, -0.010561, 0.065205, -0.017585, 0.997717, -0.033111, 0.121129, 0.992591, 0.009579, -0.047240, 0.000000, 0.000000, 0.000000, 1.000000
1.4849, 26.0516, 0.2271, 173.9648, 242.9648, -17.0516, 256.8463, -10.4621, -33.0731, -47.3321, 0.674031, 0.734269, 0.080818, 0.026052, -0.736591, 0.676337, -0.001581, 0.000227, -0.055821, -0.058465, 0.996728, 0.173965, 0.000000, 0.000000, 0.000000, 1.000000, -0.055821, -0.058465, 0.996728, 0.242965, -0.674031, -0.734269, -0.080818, -0.017052, 0.736591, -0.676337, 0.001581, 0.256846, 0.000000, 0.000000, 0.000000, 1.000000, -0.990571, 0.120068, 0.065969, -0.010462, 0.063418, -0.024944, 0.997675, -0.033073, 0.121434, 0.992452, 0.017094, -0.047332, 0.000000, 0.000000, 0.000000, 1.000000
1.7943, 25.8523, 0.3920, 174.0728, 243.0728, -16.8523, 256.6815, -10.3796, -32.9421, -47.4033, 0.674231, 0.733389, 0.086908, 0.025852, -0.736430, 0.676499, 0.004451, 0.000392, -0.055529, -0.067003, 0.996206, 0.174073, 0.000000, 0.000000, 0.000000, 1.000000, -0.055529, -0.067003, 0.996206, 0.243073, -0.674231, -0.733389, -0.086908, -0.016852, 0.736430, -0.676499, -0.004451, 0.256681, 0.000000, 0.000000, 0.000000, 1.000000, -0.990164, 0.119548, 0.072688, -0.010380, 0.069066, -0.034166, 0.997027, -0.032942, 0.121676, 0.992240, 0.025573, -0.047403, 0.000000, 0.000000, 0.000000, 1.000000
2.0711, 25.8244, 0.5086, 173.8088, 242.8088, -16.8244, 256.5649, -10.4611, -33.1648, -47.3455, 0.675460, 0.734425, 0.066134, 0.025824, -0.736213, 0.676737, 0.004081, 0.000509, -0.041758, -0.051445, 0.997802, 0.173809, 0.000000, 0.000000, 0.000000, 1.000000, -0.041758, -0.051445, 0.997802, 0.242809, -0.675460, -0.734425, -0.066134, -0.016824, 0.736213, -0.676737, -0.004081, 0.256565, 0.000000, 0.000000, 0.000000, 1.000000, -0.988638, 0.120913, 0.089308, -0.010461, 0.087619, -0.019226, 0.995969, -0.033165, 0.122143, 0.992477, 0.008413, -0.047345, 0.000000, 0.000000, 0.000000, 1.000000
2.3616, 25.5973, 0.6962, 174.0535, 243.0535, -16.5973, 256.3772, -10.3155, -32.9095, -47.4324, 0.675052, 0.733403, 0.080154, 0.025597, -0.736213, 0.676695, 0.008621, 0.000696, -0.047917, -0.064830, 0.996745, 0.174053, 0.000000, 0.000000, 0.000000, 1.000000, -0.047917, -0.064830, 0.996745, 0.243053, -0.675052, -0.733403, -0.080154, -0.016597, 0.736213, -0.676695, -0.008621, 0.256377, 0.000000, 0.000000, 0.000000, 1.000000, -0.988742, 0.119636, 0.089869, -0.010315, 0.086483, -0.033209, 0.995700, -0.032909, 0.122105, 0.992262, 0.022489, -0.047432, 0.000000, 0.000000, 0.000000, 1.000000
2.6508, 25.3467, 0.9144, 174.1911, 243.1911, -16.3467, 256.1590, -10.1431, -32.7678, -47.5155, 0.673969, 0.732697, 0.094453, 0.025347, -0.736466, 0.676429, 0.007810, 0.000914, -0.058168, -0.074824, 0.995499, 0.174191, 0.000000, 0.000000, 0.000000, 1.000000, -0.058168, -0.074824, 0.995499, 0.243191, -0.673969, -0.732697, -0.094453, -0.016347, 0.736466, -0.676429, -0.007810, 0.256159, 0.000000, 0.000000, 0.000000, 1.000000, -0.989255, 0.118314, 0.085891, -0.010143, 0.081219, -0.043766, 0.995735, -0.032768, 0.121568, 0.992011, 0.033686, -0.047516, 0.000000, 0.000000, 0.000000, 1.000000
3.1166, 25.1211, 1.1970, 174.2051, 243.2051, -16.1211, 255.8764, -10.0498, -32.7227, -47.5350, 0.674427, 0.733174, 0.087204, 0.025121, -0.736197, 0.676756, 0.003794, 0.001197, -0.056234, -0.066758, 0.996183, 0.174205, 0.000000, 0.000000, 0.000000, 1.000000, -0.056234, -0.066758, 0.996183, 0.243205, -0.674427, -0.733174, -0.087204, -0.016121, 0.736197, -0.676756, -0.003794, 0.255876, 0.000000, 0.000000, 0.000000, 1.000000, -0.988330, 0.119094, 0.094973, -0.010050, 0.091204, -0.036722, 0.995155, -0.032723, 0.122004, 0.992204, 0.025432, -0.047535, 0.000000, 0.000000, 0.000000, 1.000000
