# Joint_4_Angle(deg), Cam_X(mm), Cam_Y(mm), Cam_Z(mm), Torso_X(mm), Torso_Y(mm), Torso_Z(mm), EE_X(mm), EE_Y(mm), EE_Z(mm), T_cam2marker_flat(16), T_torso2marker_flat(16), T_ee2marker_flat(16)
-14.9911, 26.9990, -11.9323, 261.8611, 283.8697, -26.9186, 211.9987, -7.0200, -78.6331, 27.9895, 0.999604, 0.019106, 0.020679, 0.026999, -0.022713, 0.981262, 0.191334, -0.011932, -0.016636, -0.191728, 0.981307, 0.261861, 0.000000, 0.000000, 0.000000, 1.000000, -0.016328, -0.191748, 0.981308, 0.283870, -0.999609, -0.019164, -0.020378, -0.026919, 0.022714, -0.981257, -0.191360, 0.211999, 0.000000, 0.000000, 0.000000, 1.000000, -0.995596, 0.093632, 0.004600, -0.007020, 0.002724, -0.020154, 0.999793, -0.078633, 0.093705, 0.995403, 0.019810, 0.027989, 0.000000, 0.000000, 0.000000, 1.000000
-14.9383, 27.0227, -11.8893, 262.0417, 284.0503, -26.9423, 211.9557, -7.0590, -78.3580, 27.9331, 0.999606, 0.019454, 0.020241, 0.027023, -0.022831, 0.982866, 0.182900, -0.011889, -0.016336, -0.183290, 0.982923, 0.262042, 0.000000, 0.000000, 0.000000, 1.000000, -0.016029, -0.183311, 0.982924, 0.284050, -0.999611, -0.019510, -0.019939, -0.026942, 0.022832, -0.982861, -0.182927, 0.211956, 0.000000, 0.000000, 0.000000, 1.000000, -0.995597, 0.093641, 0.004154, -0.007059, 0.002999, -0.012470, 0.999918, -0.078358, 0.093685, 0.995528, 0.012134, 0.027933, 0.000000, 0.000000, 0.000000, 1.000000
-14.7593, 26.9562, -11.8261, 261.5961, 283.6047, -26.8760, 211.8925, -7.0579, -78.4840, 27.8259, 0.999662, 0.021498, 0.014602, 0.026956, -0.023775, 0.983410, 0.179834, -0.011826, -0.010494, -0.180120, 0.983589, 0.261596, 0.000000, 0.000000, 0.000000, 1.000000, -0.010186, -0.180140, 0.983588, 0.283605, -0.999665, -0.021553, -0.014300, -0.026876, 0.023775, -0.983405, -0.179860, 0.211893, 0.000000, 0.000000, 0.000000, 1.000000, -0.995696, 0.092170, 0.009695, -0.007058, 0.008598, -0.012294, 0.999887, -0.078484, 0.092279, 0.995667, 0.011448, 0.027826, 0.000000, 0.000000, 0.000000, 1.000000
-14.5918, 26.9232, -11.7698, 261.1908, 283.1993, -26.8431, 211.8363, -7.0864, -78.5906, 27.7228, 0.999633, 0.022290, 0.015409, 0.026923, -0.024635, 0.984411, 0.174152, -0.011770, -0.011287, -0.174467, 0.984598, 0.261191, 0.000000, 0.000000, 0.000000, 1.000000, -0.010980, -0.174487, 0.984598, 0.283199, -0.999636, -0.022343, -0.015107, -0.026843, 0.024635, -0.984406, -0.174178, 0.211836, 0.000000, 0.000000, 0.000000, 1.000000, -0.995725, 0.091975, 0.008509, -0.007086, 0.007675, -0.009422, 0.999926, -0.078591, 0.092049, 0.995717, 0.008676, 0.027723, 0.000000, 0.000000, 0.000000, 1.000000
-14.3123, 26.7070, -11.6419, 260.2993, 282.3078, -26.6271, 211.7083, -6.9709, -78.9788, 27.5969, 0.999526, 0.021068, 0.022455, 0.026707, -0.024536, 0.985578, 0.167434, -0.011642, -0.018604, -0.167906, 0.985628, 0.260299, 0.000000, 0.000000, 0.000000, 1.000000, -0.018297, -0.167926, 0.985630, 0.282308, -0.999532, -0.021120, -0.022153, -0.026627, 0.024536, -0.985573, -0.167461, 0.211708, 0.000000, 0.000000, 0.000000, 1.000000, -0.995561, 0.094110, 0.001185, -0.006971, 0.000471, -0.007605, 0.999971, -0.078979, 0.094117, 0.995533, 0.007526, 0.027597, 0.000000, 0.000000, 0.000000, 1.000000
-13.9790, 26.6227, -11.5730, 259.6280, 281.6364, -26.5431, 211.6394, -7.0145, -79.0648, 27.3156, 0.999529, 0.022718, 0.020629, 0.026623, -0.025844, 0.985668, 0.166704, -0.011573, -0.016546, -0.167158, 0.985791, 0.259628, 0.000000, 0.000000, 0.000000, 1.000000, -0.016238, -0.167178, 0.985793, 0.281636, -0.999534, -0.022770, -0.020326, -0.026543, 0.025844, -0.985664, -0.166730, 0.211639, 0.000000, 0.000000, 0.000000, 1.000000, -0.995623, 0.093392, 0.003457, -0.007015, 0.002294, -0.012560, 0.999918, -0.079065, 0.093428, 0.995550, 0.012291, 0.027316, 0.000000, 0.000000, 0.000000, 1.000000
-13.7109, 26.4344, -11.4004, 258.2780, 280.2864, -26.3551, 211.4669, -6.9200, -79.9194, 27.3098, 0.999556, 0.023546, 0.018259, 0.026434, -0.026187, 0.986546, 0.161374, -0.011400, -0.014213, -0.161780, 0.986724, 0.258278, 0.000000, 0.000000, 0.000000, 1.000000, -0.013906, -0.161799, 0.986726, 0.280286, -0.999560, -0.023595, -0.017956, -0.026355, 0.026187, -0.986542, -0.161400, 0.211467, 0.000000, 0.000000, 0.000000, 1.000000, -0.995610, 0.093427, 0.005621, -0.006920, 0.004546, -0.011713, 0.999921, -0.079919, 0.093485, 0.995557, 0.011237, 0.027310, 0.000000, 0.000000, 0.000000, 1.000000
-13.4011, 26.2916, -11.3004, 257.4735, 279.4818, -26.2126, 211.3670, -6.8942, -80.1742, 27.0910, 0.999587, 0.024936, 0.014274, 0.026292, -0.026892, 0.986880, 0.159202, -0.011300, -0.010117, -0.159520, 0.987143, 0.257473, 0.000000, 0.000000, 0.000000, 1.000000, -0.009809, -0.159539, 0.987143, 0.279482, -0.999590, -0.024985, -0.013971, -0.026213, 0.026893, -0.986875, -0.159229, 0.211367, 0.000000, 0.000000, 0.000000, 1.000000, -0.995623, 0.092938, 0.009827, -0.006894, 0.008493, -0.014738, 0.999855, -0.080174, 0.093069, 0.995563, 0.013884, 0.027091, 0.000000, 0.000000, 0.000000, 1.000000
-13.0619, 26.0682, -11.1143, 256.1927, 278.2010, -25.9896, 211.1808, -6.7928, -80.8398, 26.9685, 0.999538, 0.025170, 0.017038, 0.026068, -0.027526, 0.987345, 0.156182, -0.011114, -0.012891, -0.156578, 0.987581, 0.256193, 0.000000, 0.000000, 0.000000, 1.000000, -0.012584, -0.156597, 0.987582, 0.278201, -0.999542, -0.025218, -0.016735, -0.025990, 0.027526, -0.987341, -0.156208, 0.211181, 0.000000, 0.000000, 0.000000, 1.000000, -0.995574, 0.093696, 0.007280, -0.006793, 0.005655, -0.017602, 0.999829, -0.080840, 0.093808, 0.995445, 0.016994, 0.026969, 0.000000, 0.000000, 0.000000, 1.000000
-12.8782, 26.0312, -11.0219, 255.8977, 277.9059, -25.9527, 211.0885, -6.8203, -80.8055, 26.8445, 0.999524, 0.027355, 0.014253, 0.026031, -0.029141, 0.988904, 0.145673, -0.011022, -0.010110, -0.146019, 0.989230, 0.255898, 0.000000, 0.000000, 0.000000, 1.000000, -0.009802, -0.146037, 0.989231, 0.277906, -0.999527, -0.027399, -0.013949, -0.025953, 0.029141, -0.988900, -0.145699, 0.211088, 0.000000, 0.000000, 0.000000, 1.000000, -0.995692, 0.092273, 0.009081, -0.006820, 0.008188, -0.010048, 0.999916, -0.080806, 0.092357, 0.995683, 0.009249, 0.026845, 0.000000, 0.000000, 0.000000, 1.000000
-12.4835, 25.6992, -10.8853, 254.5593, 276.5675, -25.6211, 210.9519, -6.6418, -81.4437, 26.5759, 0.999259, 0.027502, 0.026916, 0.025699, -0.031178, 0.988588, 0.147384, -0.010885, -0.022556, -0.148114, 0.988713, 0.254559, 0.000000, 0.000000, 0.000000, 1.000000, -0.022248, -0.148132, 0.988717, 0.276568, -0.999266, -0.027548, -0.026613, -0.025621, 0.031179, -0.988584, -0.147411, 0.210952, 0.000000, 0.000000, 0.000000, 1.000000, -0.995649, 0.093146, -0.002625, -0.006642, -0.004410, -0.018964, 0.999810, -0.081444, 0.093079, 0.995472, 0.019293, 0.026576, 0.000000, 0.000000, 0.000000, 1.000000
-12.1153, 25.6009, -10.6584, 253.5682, 275.5763, -25.5231, 210.7251, -6.6709, -81.7670, 26.4046, 0.999497, 0.027356, 0.016028, 0.025601, -0.029259, 0.990555, 0.133961, -0.010658, -0.012212, -0.134363, 0.990857, 0.253568, 0.000000, 0.000000, 0.000000, 1.000000, -0.011905, -0.134381, 0.990858, 0.275576, -0.999501, -0.027397, -0.015724, -0.025523, 0.029259, -0.990551, -0.133988, 0.210725, 0.000000, 0.000000, 0.000000, 1.000000, -0.995488, 0.094619, 0.007137, -0.006671, 0.006083, -0.011427, 0.999916, -0.081767, 0.094693, 0.995448, 0.010800, 0.026405, 0.000000, 0.000000, 0.000000, 1.000000
-11.8531, 25.4184, -10.4967, 252.4691, 274.4772, -25.3409, 210.5634, -6.5834, -82.3909, 26.3111, 0.999407, 0.029003, 0.018549, 0.025418, -0.031238, 0.990423, 0.134489, -0.010497, -0.014471, -0.134989, 0.990741, 0.252469, 0.000000, 0.000000, 0.000000, 1.000000, -0.014164, -0.135007, 0.990743, 0.274477, -0.999412, -0.029044, -0.018245, -0.025341, 0.031238, -0.990419, -0.134516, 0.210563, 0.000000, 0.000000, 0.000000, 1.000000, -0.995590, 0.093676, 0.005131, -0.006583, 0.003596, -0.016546, 0.999857, -0.082391, 0.093747, 0.995465, 0.016136, 0.026311, 0.000000, 0.000000, 0.000000, 1.000000
-11.2799, 25.1350, -10.2225, 251.0824, 273.0904, -25.0579, 210.2892, -6.5110, -82.7537, 25.9036, 0.999207, 0.030889, 0.025127, 0.025135, -0.033636, 0.992507, 0.117464, -0.010222, -0.021311, -0.118216, 0.992759, 0.251082, 0.000000, 0.000000, 0.000000, 1.000000, -0.021003, -0.118233, 0.992764, 0.273090, -0.999213, -0.030925, -0.024823, -0.025058, 0.033636, -0.992504, -0.117490, 0.210289, 0.000000, 0.000000, 0.000000, 1.000000, -0.995593, 0.093739, -0.002575, -0.006511, -0.003479, -0.009488, 0.999949, -0.082754, 0.093710, 0.995552, 0.009773, 0.025904, 0.000000, 0.000000, 0.000000, 1.000000
-10.9657, 24.9042, -10.0106, 249.6243, 271.6322, -24.8276, 210.0774, -6.3952, -83.6421, 25.7971, 0.999270, 0.031684, 0.021337, 0.024904, -0.033992, 0.992399, 0.118277, -0.010011, -0.017428, -0.118916, 0.992751, 0.249624, 0.000000, 0.000000, 0.000000, 1.000000, -0.017120, -0.118933, 0.992755, 0.271632, -0.999275, -0.031721, -0.021033, -0.024828, 0.033993, -0.992395, -0.118303, 0.210077, 0.000000, 0.000000, 0.000000, 1.000000, -0.995591, 0.093784, 0.001803, -0.006395, 0.000342, -0.015594, 0.999878, -0.083642, 0.093801, 0.995470, 0.015493, 0.025797, 0.000000, 0.000000, 0.000000, 1.000000
-10.6657, 24.8219, -9.8450, 248.9434, 270.9513, -24.7455, 209.9117, -6.4217, -83.7847, 25.5941, 0.999295, 0.033372, 0.017181, 0.024822, -0.035083, 0.993149, 0.111460, -0.009845, -0.013343, -0.111984, 0.993620, 0.248943, 0.000000, 0.000000, 0.000000, 1.000000, -0.013036, -0.112001, 0.993623, 0.270951, -0.999299, -0.033406, -0.016876, -0.024746, 0.035083, -0.993146, -0.111487, 0.209912, 0.000000, 0.000000, 0.000000, 1.000000, -0.995643, 0.093077, 0.005564, -0.006422, 0.004302, -0.013757, 0.999896, -0.083785, 0.093144, 0.995564, 0.013297, 0.025594, 0.000000, 0.000000, 0.000000, 1.000000
-10.3329, 24.6387, -9.6222, 248.1281, 270.1359, -24.5626, 209.6890, -6.3547, -84.0008, 25.3962, 0.999171, 0.033989, 0.022421, 0.024639, -0.036030, 0.994534, 0.097995, -0.009622, -0.018968, -0.098722, 0.994934, 0.248128, 0.000000, 0.000000, 0.000000, 1.000000, -0.018660, -0.098738, 0.994939, 0.270136, -0.999176, -0.034019, -0.022116, -0.024563, 0.036031, -0.994532, -0.098022, 0.209689, 0.000000, 0.000000, 0.000000, 1.000000, -0.995604, 0.093662, -0.000816, -0.006355, -0.001398, -0.006150, 0.999980, -0.084001, 0.093655, 0.995585, 0.006254, 0.025396, 0.000000, 0.000000, 0.000000, 1.000000
-10.0731, 24.5274, -9.3829, 247.0467, 269.0544, -24.4517, 209.4497, -6.3302, -84.6069, 25.3461, 0.999343, 0.035605, 0.006830, 0.024527, -0.036080, 0.995183, 0.091151, -0.009383, -0.003552, -0.091338, 0.995814, 0.247047, 0.000000, 0.000000, 0.000000, 1.000000, -0.003244, -0.091353, 0.995813, 0.269054, -0.999344, -0.035633, -0.006525, -0.024452, 0.036080, -0.995181, -0.091178, 0.209450, 0.000000, 0.000000, 0.000000, 1.000000, -0.995573, 0.092919, 0.014187, -0.006330, 0.013951, -0.003182, 0.999898, -0.084607, 0.092954, 0.995669, 0.001871, 0.025346, 0.000000, 0.000000, 0.000000, 1.000000
-9.7686, 24.3763, -9.2898, 246.2065, 268.2142, -24.3008, 209.3566, -6.3020, -84.9086, 25.0539, 0.999268, 0.036232, 0.012282, 0.024376, -0.037250, 0.994632, 0.096535, -0.009290, -0.008719, -0.096922, 0.995254, 0.246207, 0.000000, 0.000000, 0.000000, 1.000000, -0.008411, -0.096937, 0.995255, 0.268214, -0.999271, -0.036261, -0.011977, -0.024301, 0.037250, -0.994630, -0.096562, 0.209357, 0.000000, 0.000000, 0.000000, 1.000000, -0.995616, 0.093003, 0.009971, -0.006302, 0.008704, -0.014027, 0.999864, -0.084909, 0.093130, 0.995567, 0.013156, 0.025054, 0.000000, 0.000000, 0.000000, 1.000000
-9.5792, 24.2870, -9.1306, 245.6051, 267.6128, -24.2117, 209.1974, -6.2773, -85.1664, 24.9761, 0.999245, 0.035575, 0.015590, 0.024287, -0.036843, 0.995220, 0.090440, -0.009131, -0.012298, -0.090946, 0.995780, 0.245605, 0.000000, 0.000000, 0.000000, 1.000000, -0.011991, -0.090962, 0.995782, 0.267613, -0.999249, -0.035603, -0.015285, -0.024212, 0.036843, -0.995218, -0.090467, 0.209197, 0.000000, 0.000000, 0.000000, 1.000000, -0.995524, 0.094299, 0.006218, -0.006277, 0.005175, -0.011303, 0.999923, -0.085166, 0.094362, 0.995480, 0.010765, 0.024976, 0.000000, 0.000000, 0.000000, 1.000000
-9.1859, 24.0257, -8.9050, 244.1877, 266.1953, -23.9508, 208.9719, -6.1656, -85.8803, 24.7044, 0.999116, 0.038701, 0.016430, 0.024026, -0.040024, 0.995159, 0.089758, -0.008905, -0.012877, -0.090337, 0.995828, 0.244188, 0.000000, 0.000000, 0.000000, 1.000000, -0.012569, -0.090351, 0.995831, 0.266195, -0.999120, -0.038729, -0.016124, -0.023951, 0.040024, -0.995157, -0.089785, 0.208972, 0.000000, 0.000000, 0.000000, 1.000000, -0.995717, 0.092266, 0.005935, -0.006166, 0.004346, -0.017415, 0.999839, -0.085880, 0.092354, 0.995582, 0.016939, 0.024704, 0.000000, 0.000000, 0.000000, 1.000000
-8.8440, 23.8938, -8.6266, 243.4901, 265.4976, -23.8191, 208.6936, -6.1480, -85.9607, 24.5138, 0.999074, 0.039231, 0.017665, 0.023894, -0.040445, 0.996392, 0.074618, -0.008627, -0.014674, -0.075263, 0.997056, 0.243490, 0.000000, 0.000000, 0.000000, 1.000000, -0.014366, -0.075278, 0.997059, 0.265498, -0.999078, -0.039254, -0.017359, -0.023819, 0.040445, -0.996390, -0.074645, 0.208694, 0.000000, 0.000000, 0.000000, 1.000000, -0.995661, 0.092993, 0.003276, -0.006148, 0.002526, -0.008177, 0.999963, -0.085961, 0.093017, 0.995633, 0.007906, 0.024514, 0.000000, 0.000000, 0.000000, 1.000000
-8.4379, 23.6701, -8.3997, 242.1765, 264.1840, -23.5958, 208.4666, -6.0804, -86.5485, 24.1997, 0.999004, 0.040081, 0.019605, 0.023670, -0.041433, 0.996374, 0.074310, -0.008400, -0.016555, -0.075048, 0.997042, 0.242177, 0.000000, 0.000000, 0.000000, 1.000000, -0.016247, -0.075063, 0.997046, 0.264184, -0.999009, -0.040104, -0.019299, -0.023596, 0.041434, -0.996372, -0.074337, 0.208467, 0.000000, 0.000000, 0.000000, 1.000000, -0.995640, 0.093254, 0.001977, -0.006080, 0.000585, -0.014945, 0.999888, -0.086549, 0.093273, 0.995530, 0.014825, 0.024200, 0.000000, 0.000000, 0.000000, 1.000000
-8.2488, 23.5821, -8.2192, 241.3759, 263.3834, -23.5081, 208.2862, -6.0575, -87.0062, 24.1357, 0.999088, 0.041359, 0.010633, 0.023582, -0.041962, 0.997020, 0.064736, -0.008219, -0.007924, -0.065123, 0.997846, 0.241376, 0.000000, 0.000000, 0.000000, 1.000000, -0.007616, -0.065137, 0.997847, 0.263383, -0.999090, -0.041379, -0.010327, -0.023508, 0.041963, -0.997018, -0.064762, 0.208286, 0.000000, 0.000000, 0.000000, 1.000000, -0.995645, 0.092704, 0.009896, -0.006058, 0.009172, -0.008236, 0.999924, -0.087006, 0.092778, 0.995660, 0.007350, 0.024136, 0.000000, 0.000000, 0.000000, 1.000000
-7.8928, 23.4107, -7.9452, 240.4852, 262.4926, -23.3369, 208.0122, -6.0116, -87.2572, 23.9066, 0.998974, 0.042981, 0.014251, 0.023411, -0.043728, 0.997409, 0.057124, -0.007945, -0.011759, -0.057688, 0.998265, 0.240485, 0.000000, 0.000000, 0.000000, 1.000000, -0.011451, -0.057702, 0.998268, 0.262493, -0.998978, -0.042998, -0.013945, -0.023337, 0.043729, -0.997407, -0.057150, 0.208012, 0.000000, 0.000000, 0.000000, 1.000000, -0.995722, 0.092208, 0.005872, -0.006012, 0.005258, -0.006897, 0.999962, -0.087257, 0.092245, 0.995716, 0.006383, 0.023907, 0.000000, 0.000000, 0.000000, 1.000000
-7.6346, 23.3255, -7.7271, 239.6799, 261.6873, -23.2520, 207.7941, -6.0163, -87.5970, 23.7681, 0.998996, 0.044405, 0.005861, 0.023325, -0.044608, 0.998169, 0.040848, -0.007727, -0.004036, -0.041068, 0.999148, 0.239680, 0.000000, 0.000000, 0.000000, 1.000000, -0.003728, -0.041082, 0.999149, 0.261687, -0.998998, -0.044418, -0.005554, -0.023252, 0.044608, -0.998168, -0.040875, 0.207794, 0.000000, 0.000000, 0.000000, 1.000000, -0.995699, 0.091814, 0.012392, -0.006016, 0.012935, 0.005315, 0.999902, -0.087597, 0.091739, 0.995762, -0.006479, 0.023768, 0.000000, 0.000000, 0.000000, 1.000000
-7.3542, 23.1681, -7.4896, 238.8879, 260.8952, -23.0949, 207.5566, -5.9565, -87.8855, 23.6000, 0.998958, 0.044522, 0.010042, 0.023168, -0.044913, 0.998074, 0.042797, -0.007490, -0.008117, -0.043203, 0.999033, 0.238888, 0.000000, 0.000000, 0.000000, 1.000000, -0.007809, -0.043216, 0.999035, 0.260895, -0.998960, -0.044536, -0.009735, -0.023095, 0.044913, -0.998073, -0.042823, 0.207557, 0.000000, 0.000000, 0.000000, 1.000000, -0.995679, 0.092425, 0.008964, -0.005956, 0.008849, -0.001652, 0.999959, -0.087885, 0.092436, 0.995718, 0.000827, 0.023600, 0.000000, 0.000000, 0.000000, 1.000000
-7.0020, 22.9581, -7.3216, 237.8624, 259.8697, -22.8851, 207.3887, -5.8871, -88.2837, 23.2517, 0.998883, 0.043487, 0.018505, 0.022958, -0.044470, 0.997410, 0.056535, -0.007322, -0.015999, -0.057295, 0.998229, 0.237862, 0.000000, 0.000000, 0.000000, 1.000000, -0.015691, -0.057308, 0.998233, 0.259870, -0.998887, -0.043505, -0.018199, -0.022885, 0.044471, -0.997408, -0.056562, 0.207389, 0.000000, 0.000000, 0.000000, 1.000000, -0.995556, 0.094125, 0.003034, -0.005887, 0.000981, -0.021845, 0.999761, -0.088284, 0.094169, 0.995321, 0.021656, 0.023252, 0.000000, 0.000000, 0.000000, 1.000000
-6.6114, 22.7656, -6.9451, 236.6174, 258.6246, -22.6930, 207.0122, -5.8275, -88.8257, 23.0521, 0.998869, 0.046268, 0.010948, 0.022766, -0.046649, 0.998205, 0.037556, -0.006945, -0.009191, -0.038024, 0.999235, 0.236617, 0.000000, 0.000000, 0.000000, 1.000000, -0.008883, -0.038036, 0.999237, 0.258625, -0.998872, -0.046280, -0.010641, -0.022693, 0.046649, -0.998204, -0.037582, 0.207012, 0.000000, 0.000000, 0.000000, 1.000000, -0.995647, 0.092808, 0.008539, -0.005827, 0.007714, -0.009244, 0.999928, -0.088826, 0.092880, 0.995641, 0.008488, 0.023052, 0.000000, 0.000000, 0.000000, 1.000000
-6.3611, 22.5955, -6.8087, 235.7353, 257.7424, -22.5232, 206.8759, -5.7601, -89.2616, 22.8097, 0.998825, 0.045897, 0.015547, 0.022596, -0.046540, 0.997953, 0.043863, -0.006809, -0.013502, -0.044535, 0.998917, 0.235735, 0.000000, 0.000000, 0.000000, 1.000000, -0.013194, -0.044547, 0.998920, 0.257742, -0.998829, -0.045911, -0.015240, -0.022523, 0.046540, -0.997952, -0.043890, 0.206876, 0.000000, 0.000000, 0.000000, 1.000000, -0.995584, 0.093725, 0.005281, -0.005760, 0.003414, -0.020078, 0.999793, -0.089262, 0.093811, 0.995396, 0.019670, 0.022810, 0.000000, 0.000000, 0.000000, 1.000000
-6.0177, 22.4900, -6.4804, 234.9303, 256.9374, -22.4179, 206.5476, -5.7682, -89.4488, 22.6173, 0.998801, 0.047621, 0.011389, 0.022490, -0.047915, 0.998484, 0.027099, -0.006480, -0.010082, -0.027612, 0.999568, 0.234930, 0.000000, 0.000000, 0.000000, 1.000000, -0.009774, -0.027624, 0.999571, 0.256937, -0.998804, -0.047629, -0.011083, -0.022418, 0.047915, -0.998483, -0.027126, 0.206548, 0.000000, 0.000000, 0.000000, 1.000000, -0.995611, 0.093275, 0.007614, -0.005768, 0.006801, -0.009039, 0.999936, -0.089449, 0.093338, 0.995599, 0.008365, 0.022617, 0.000000, 0.000000, 0.000000, 1.000000
-5.6747, 22.2657, -6.1947, 233.7387, 255.7457, -22.1940, 206.2619, -5.6712, -90.0269, 22.3660, 0.998681, 0.048424, 0.017095, 0.022266, -0.048820, 0.998529, 0.023591, -0.006195, -0.015928, -0.024394, 0.999576, 0.233739, 0.000000, 0.000000, 0.000000, 1.000000, -0.015620, -0.024406, 0.999580, 0.255746, -0.998685, -0.048431, -0.016788, -0.022194, 0.048821, -0.998528, -0.023618, 0.206262, 0.000000, 0.000000, 0.000000, 1.000000, -0.995620, 0.093469, 0.002031, -0.005671, 0.000939, -0.011718, 0.999931, -0.090027, 0.093486, 0.995553, 0.011579, 0.022366, 0.000000, 0.000000, 0.000000, 1.000000
-5.4358, 22.2012, -5.9642, 232.9311, 254.9381, -22.1297, 206.0314, -5.6899, -90.4055, 22.2288, 0.998723, 0.050100, 0.006540, 0.022201, -0.050182, 0.998656, 0.012934, -0.005964, -0.005884, -0.013246, 0.999895, 0.232931, 0.000000, 0.000000, 0.000000, 1.000000, -0.005576, -0.013257, 0.999897, 0.254938, -0.998725, -0.050105, -0.006234, -0.022130, 0.050182, -0.998656, -0.012961, 0.206031, 0.000000, 0.000000, 0.000000, 1.000000, -0.995634, 0.092654, 0.011353, -0.005690, 0.010969, -0.004658, 0.999929, -0.090406, 0.092700, 0.995687, 0.003621, 0.022229, 0.000000, 0.000000, 0.000000, 1.000000
-4.8836, 21.8818, -5.4949, 231.4509, 253.4577, -21.8108, 205.5622, -5.5697, -90.8985, 21.8040, 0.998566, 0.049835, 0.019573, 0.021882, -0.050169, 0.998597, 0.016971, -0.005495, -0.018700, -0.017928, 0.999664, 0.231451, 0.000000, 0.000000, 0.000000, 1.000000, -0.018392, -0.017940, 0.999670, 0.253458, -0.998571, -0.049841, -0.019266, -0.021811, 0.050170, -0.998596, -0.016997, 0.205562, 0.000000, 0.000000, 0.000000, 1.000000, -0.995541, 0.094335, -0.000064, -0.005570, -0.001851, -0.018860, 0.999820, -0.090899, 0.094317, 0.995362, 0.018950, 0.021804, 0.000000, 0.000000, 0.000000, 1.000000
-4.5791, 21.7425, -5.2487, 230.3365, 252.3433, -21.6718, 205.3160, -5.5466, -91.4678, 21.5534, 0.998665, 0.050885, 0.008874, 0.021743, -0.051053, 0.998499, 0.019827, -0.005249, -0.007852, -0.020253, 0.999764, 0.230336, 0.000000, 0.000000, 0.000000, 1.000000, -0.007544, -0.020264, 0.999766, 0.252343, -0.998667, -0.050892, -0.008567, -0.021672, 0.051053, -0.998499, -0.019854, 0.205316, 0.000000, 0.000000, 0.000000, 1.000000, -0.995500, 0.094064, 0.011435, -0.005547, 0.008987, -0.026413, 0.999611, -0.091468, 0.094330, 0.995216, 0.025449, 0.021553, 0.000000, 0.000000, 0.000000, 1.000000
-4.0643, 21.5376, -4.6873, 228.5367, 250.5434, -21.4675, 204.7546, -5.5182, -92.3475, 21.2587, 0.998494, 0.054549, -0.005771, 0.021538, -0.054530, 0.998507, 0.003346, -0.004687, 0.005945, -0.003026, 0.999978, 0.228537, 0.000000, 0.000000, 0.000000, 1.000000, 0.006253, -0.003036, 0.999976, 0.250543, -0.998493, -0.054550, 0.006078, -0.021468, 0.054530, -0.998506, -0.003373, 0.204755, 0.000000, 0.000000, 0.000000, 1.000000, -0.995448, 0.092137, 0.024380, -0.005518, 0.022815, -0.018001, 0.999578, -0.092348, 0.092537, 0.995584, 0.015817, 0.021259, 0.000000, 0.000000, 0.000000, 1.000000
-3.8287, 21.3874, -4.4918, 228.0863, 250.0930, -21.3174, 204.5591, -5.4517, -92.3773, 21.0532, 0.998486, 0.054844, 0.004326, 0.021387, -0.054811, 0.998470, -0.007338, -0.004492, -0.004722, 0.007090, 0.999964, 0.228086, 0.000000, 0.000000, 0.000000, 1.000000, -0.004414, 0.007080, 0.999965, 0.250093, -0.998487, -0.054842, -0.004019, -0.021317, 0.054811, -0.998470, 0.007311, 0.204559, 0.000000, 0.000000, 0.000000, 1.000000, -0.995610, 0.092661, 0.013213, -0.005452, 0.012158, -0.011943, 0.999855, -0.092377, 0.092805, 0.995626, 0.010764, 0.021053, 0.000000, 0.000000, 0.000000, 1.000000
-3.2779, 21.1806, -4.0119, 226.3824, 248.3890, -21.1111, 204.0793, -5.4508, -93.0954, 20.5909, 0.998485, 0.055021, -0.001143, 0.021181, -0.055021, 0.998485, -0.000514, -0.004012, 0.001113, 0.000576, 0.999999, 0.226382, 0.000000, 0.000000, 0.000000, 1.000000, 0.001421, 0.000566, 0.999999, 0.248389, -0.998484, -0.055021, 0.001450, -0.021111, 0.055021, -0.998485, 0.000487, 0.204079, 0.000000, 0.000000, 0.000000, 1.000000, -0.995374, 0.093854, 0.020549, -0.005451, 0.017999, -0.027944, 0.999447, -0.093095, 0.094376, 0.995194, 0.026125, 0.020591, 0.000000, 0.000000, 0.000000, 1.000000
-3.0872, 21.0829, -3.7614, 225.8157, 247.8223, -21.0136, 203.8288, -5.4119, -93.3240, 20.5056, 0.998402, 0.056393, -0.003717, 0.021083, -0.056450, 0.998248, -0.017756, -0.003761, 0.002709, 0.017938, 0.999835, 0.225816, 0.000000, 0.000000, 0.000000, 1.000000, 0.003017, 0.017928, 0.999835, 0.247822, -0.998401, -0.056387, 0.004024, -0.021014, 0.056450, -0.998248, 0.017729, 0.203829, 0.000000, 0.000000, 0.000000, 1.000000, -0.995418, 0.093318, 0.020843, -0.005412, 0.019634, -0.013851, 0.999711, -0.093324, 0.093580, 0.995540, 0.011955, 0.020506, 0.000000, 0.000000, 0.000000, 1.000000
-2.7435, 20.8749, -3.4543, 224.9671, 246.9736, -20.8059, 203.5217, -5.3290, -93.5594, 20.2039, 0.998348, 0.057089, 0.006441, 0.020875, -0.056964, 0.998211, -0.018178, -0.003454, -0.007467, 0.017781, 0.999814, 0.224967, 0.000000, 0.000000, 0.000000, 1.000000, -0.007159, 0.017772, 0.999816, 0.246974, -0.998351, -0.057083, -0.006134, -0.020806, 0.056964, -0.998211, 0.018151, 0.203522, 0.000000, 0.000000, 0.000000, 1.000000, -0.995550, 0.093552, 0.011304, -0.005329, 0.009480, -0.019918, 0.999757, -0.093559, 0.093755, 0.995415, 0.018943, 0.020204, 0.000000, 0.000000, 0.000000, 1.000000
-2.4414, 20.7718, -3.1112, 223.6803, 245.6867, -20.7032, 203.1787, -5.3350, -94.3085, 19.9951, 0.998152, 0.058651, -0.015868, 0.020772, -0.058988, 0.998023, -0.021710, -0.003111, 0.014563, 0.022606, 0.999638, 0.223680, 0.000000, 0.000000, 0.000000, 1.000000, 0.014871, 0.022597, 0.999634, 0.245687, -0.998148, -0.058644, 0.016175, -0.020703, 0.058988, -0.998023, 0.021683, 0.203179, 0.000000, 0.000000, 0.000000, 1.000000, -0.995118, 0.092897, 0.033312, -0.005335, 0.031559, -0.020273, 0.999296, -0.094309, 0.093507, 0.995469, 0.017242, 0.019995, 0.000000, 0.000000, 0.000000, 1.000000
-2.0430, 20.4839, -2.6946, 222.8779, 244.8843, -20.4155, 202.7621, -5.1816, -94.4041, 19.6867, 0.998175, 0.058695, 0.014179, 0.020484, -0.058307, 0.997950, -0.026385, -0.002695, -0.015698, 0.025510, 0.999551, 0.222878, 0.000000, 0.000000, 0.000000, 1.000000, -0.015390, 0.025501, 0.999556, 0.244884, -0.998180, -0.058687, -0.013872, -0.020416, 0.058307, -0.997951, 0.026358, 0.202762, 0.000000, 0.000000, 0.000000, 1.000000, -0.995567, 0.093983, 0.003571, -0.005182, 0.001299, -0.024231, 0.999706, -0.094404, 0.094042, 0.995279, 0.024002, 0.019687, 0.000000, 0.000000, 0.000000, 1.000000
-1.8439, 20.3813, -2.4349, 222.2293, 244.2356, -20.3131, 202.5024, -5.1433, -94.7015, 19.5750, 0.998021, 0.060360, 0.017614, 0.020381, -0.059588, 0.997361, -0.041466, -0.002435, -0.020071, 0.040335, 0.998985, 0.222229, 0.000000, 0.000000, 0.000000, 1.000000, -0.019763, 0.040326, 0.998991, 0.244236, -0.998027, -0.060348, -0.017308, -0.020313, 0.059589, -0.997363, 0.041439, 0.202502, 0.000000, 0.000000, 0.000000, 1.000000, -0.995654, 0.093110, -0.001799, -0.005143, -0.003004, -0.012805, 0.999914, -0.094701, 0.093079, 0.995574, 0.013029, 0.019575, 0.000000, 0.000000, 0.000000, 1.000000
-1.4827, 20.3203, -2.1531, 221.0407, 243.0470, -20.2517, 202.2206, -5.2274, -95.2403, 19.1952, 0.998135, 0.060904, -0.004174, 0.020320, -0.061016, 0.997479, -0.036237, -0.002153, 0.001956, 0.036424, 0.999335, 0.221041, 0.000000, 0.000000, 0.000000, 1.000000, 0.002268, 0.036416, 0.999334, 0.243047, -0.998134, -0.060893, 0.004484, -0.020252, 0.061016, -0.997480, 0.036210, 0.202221, 0.000000, 0.000000, 0.000000, 1.000000, -0.995397, 0.093481, 0.021143, -0.005227, 0.019077, -0.022933, 0.999555, -0.095240, 0.093924, 0.995357, 0.021044, 0.019195, 0.000000, 0.000000, 0.000000, 1.000000
-1.2160, 20.1225, -1.7499, 220.1338, 242.1401, -20.0541, 201.8175, -5.1100, -95.6813, 19.0749, 0.998079, 0.061693, 0.005591, 0.020122, -0.061400, 0.997200, -0.042686, -0.001750, -0.008209, 0.042261, 0.999073, 0.220134, 0.000000, 0.000000, 0.000000, 1.000000, -0.007897, 0.042253, 0.999076, 0.242140, -0.998082, -0.061680, -0.005281, -0.020054, 0.061400, -0.997201, 0.042660, 0.201817, 0.000000, 0.000000, 0.000000, 1.000000, -0.995558, 0.093512, 0.010943, -0.005110, 0.008953, -0.021677, 0.999725, -0.095681, 0.093723, 0.995382, 0.020743, 0.019075, 0.000000, 0.000000, 0.000000, 1.000000
-0.7297, 19.8801, -1.2318, 218.7495, 240.7557, -19.8122, 201.2994, -5.0412, -96.2024, 18.6624, 0.998063, 0.062106, 0.003664, 0.019880, -0.061879, 0.997069, -0.044986, -0.001232, -0.006447, 0.044672, 0.998981, 0.218749, 0.000000, 0.000000, 0.000000, 1.000000, -0.006136, 0.044664, 0.998983, 0.240756, -0.998065, -0.062092, -0.003354, -0.019812, 0.061879, -0.997071, 0.044959, 0.201299, 0.000000, 0.000000, 0.000000, 1.000000, -0.995441, 0.094451, 0.013300, -0.005041, 0.010733, -0.027636, 0.999560, -0.096202, 0.094777, 0.995146, 0.026496, 0.018662, 0.000000, 0.000000, 0.000000, 1.000000
-0.4682, 19.7415, -0.9170, 217.9502, 239.9563, -19.6738, 200.9846, -4.9924, -96.5402, 18.4639, 0.997913, 0.063928, 0.009058, 0.019741, -0.063368, 0.996608, -0.052500, -0.000917, -0.012383, 0.051816, 0.998580, 0.217950, 0.000000, 0.000000, 0.000000, 1.000000, -0.012071, 0.051809, 0.998584, 0.239956, -0.997917, -0.063912, -0.008748, -0.019674, 0.063368, -0.996610, 0.052473, 0.200985, 0.000000, 0.000000, 0.000000, 1.000000, -0.995597, 0.093457, 0.007234, -0.004992, 0.004921, -0.024960, 0.999676, -0.096540, 0.093607, 0.995310, 0.024390, 0.018464, 0.000000, 0.000000, 0.000000, 1.000000
0.1068, 19.5719, -0.3127, 216.4415, 238.4476, -19.5046, 200.3803, -5.0277, -97.0263, 17.9645, 0.997813, 0.065870, -0.005607, 0.019572, -0.066088, 0.995996, -0.060201, -0.000313, 0.001619, 0.060440, 0.998170, 0.216442, 0.000000, 0.000000, 0.000000, 1.000000, 0.001931, 0.060434, 0.998170, 0.238448, -0.997812, -0.065851, 0.005917, -0.019505, 0.066088, -0.995998, 0.060175, 0.200380, 0.000000, 0.000000, 0.000000, 1.000000, -0.995415, 0.093208, 0.021458, -0.005028, 0.019092, -0.026199, 0.999474, -0.097026, 0.093721, 0.995302, 0.024300, 0.017965, 0.000000, 0.000000, 0.000000, 1.000000
0.3219, 19.3754, 0.0097, 215.8833, 237.8893, -19.3084, 200.0580, -4.8948, -97.2123, 17.8465, 0.997731, 0.066376, 0.011296, 0.019375, -0.065518, 0.995776, -0.064318, 0.000010, -0.015518, 0.063432, 0.997865, 0.215883, 0.000000, 0.000000, 0.000000, 1.000000, -0.015206, 0.063426, 0.997871, 0.237889, -0.997736, -0.066356, -0.010987, -0.019308, 0.065518, -0.995778, 0.064292, 0.200058, 0.000000, 0.000000, 0.000000, 1.000000, -0.995625, 0.093329, 0.004475, -0.004895, 0.001971, -0.026900, 0.999636, -0.097212, 0.093416, 0.995272, 0.026599, 0.017846, 0.000000, 0.000000, 0.000000, 1.000000
0.9281, 19.1706, 0.6754, 214.0046, 236.0105, -19.1042, 199.3923, -4.9124, -98.0147, 17.2850, 0.997725, 0.067381, -0.002079, 0.019171, -0.067327, 0.994418, -0.081238, 0.000675, -0.003406, 0.081193, 0.996693, 0.214005, 0.000000, 0.000000, 0.000000, 1.000000, -0.003095, 0.081187, 0.996694, 0.236011, -0.997726, -0.067356, 0.002389, -0.019104, 0.067327, -0.994420, 0.081211, 0.199392, 0.000000, 0.000000, 0.000000, 1.000000, -0.995423, 0.094226, 0.015971, -0.004912, 0.014191, -0.019527, 0.999709, -0.098015, 0.094511, 0.995359, 0.018100, 0.017285, 0.000000, 0.000000, 0.000000, 1.000000
1.2261, 18.9861, 1.0575, 213.0962, 235.1020, -18.9199, 199.0103, -4.8294, -98.4006, 17.0402, 0.997647, 0.068553, 0.000598, 0.018986, -0.068288, 0.994479, -0.079673, 0.001057, -0.006057, 0.079445, 0.996821, 0.213096, 0.000000, 0.000000, 0.000000, 1.000000, -0.005745, 0.079439, 0.996823, 0.235102, -0.997649, -0.068528, -0.000289, -0.018920, 0.068288, -0.994481, 0.079646, 0.199010, 0.000000, 0.000000, 0.000000, 1.000000, -0.995488, 0.093836, 0.014071, -0.004829, 0.011641, -0.026393, 0.999584, -0.098401, 0.094168, 0.995238, 0.025181, 0.017040, 0.000000, 0.000000, 0.000000, 1.000000
1.5721, 18.8726, 1.4859, 212.2231, 234.2289, -18.8067, 198.5818, -4.8328, -98.6654, 16.7675, 0.997527, 0.070266, 0.001621, 0.018873, -0.069840, 0.993538, -0.089468, 0.001486, -0.007897, 0.089134, 0.995988, 0.212223, 0.000000, 0.000000, 0.000000, 1.000000, -0.007586, 0.089129, 0.995991, 0.234229, -0.997529, -0.070239, -0.001312, -0.018807, 0.069840, -0.993540, 0.089442, 0.198582, 0.000000, 0.000000, 0.000000, 1.000000, -0.995574, 0.093201, 0.012050, -0.004833, 0.009984, -0.022604, 0.999695, -0.098665, 0.093445, 0.995391, 0.021574, 0.016768, 0.000000, 0.000000, 0.000000, 1.000000
1.9103, 18.7121, 1.8945, 211.3245, 233.3303, -18.6456, 198.1732, -4.7882, -98.9686, 16.4716, 0.997474, 0.070992, 0.002182, 0.018712, -0.070488, 0.993236, -0.092274, 0.001895, -0.008718, 0.091887, 0.995731, 0.211324, 0.000000, 0.000000, 0.000000, 1.000000, -0.008402, 0.091883, 0.995734, 0.233330, -0.997477, -0.070963, -0.001869, -0.018646, 0.070488, -0.993238, 0.092247, 0.198173, 0.000000, 0.000000, 0.000000, 1.000000, -0.995559, 0.093423, 0.011605, -0.004788, 0.009245, -0.025655, 0.999628, -0.098969, 0.093686, 0.995296, 0.024677, 0.016472, 0.000000, 0.000000, 0.000000, 1.000000
2.1408, 18.6043, 2.2668, 210.4274, 232.4332, -18.5381, 197.8010, -4.7530, -99.4693, 16.3239, 0.997388, 0.072174, 0.002804, 0.018604, -0.071458, 0.991662, -0.107238, 0.002267, -0.010520, 0.106758, 0.994229, 0.210427, 0.000000, 0.000000, 0.000000, 1.000000, -0.010205, 0.106754, 0.994233, 0.232433, -0.997391, -0.072140, -0.002491, -0.018538, 0.071458, -0.991665, 0.107212, 0.197801, 0.000000, 0.000000, 0.000000, 1.000000, -0.995621, 0.093057, 0.008895, -0.004753, 0.007563, -0.014663, 0.999864, -0.099469, 0.093175, 0.995553, 0.013895, 0.016324, 0.000000, 0.000000, 0.000000, 1.000000
2.3757, 18.4890, 2.4496, 209.9912, 231.9970, -18.4230, 197.6182, -4.7317, -99.4810, 16.0331, 0.997416, 0.071702, 0.004393, 0.018489, -0.070944, 0.992796, -0.096557, 0.002450, -0.011284, 0.095996, 0.995318, 0.209991, 0.000000, 0.000000, 0.000000, 1.000000, -0.010969, 0.095992, 0.995322, 0.231997, -0.997420, -0.071671, -0.004080, -0.018423, 0.070944, -0.992798, 0.096531, 0.197618, 0.000000, 0.000000, 0.000000, 1.000000, -0.995525, 0.094024, 0.009497, -0.004732, 0.006746, -0.029534, 0.999541, -0.099481, 0.094261, 0.995132, 0.028768, 0.016033, 0.000000, 0.000000, 0.000000, 1.000000
2.6670, 18.3630, 2.8192, 209.1748, 231.1805, -18.2972, 197.2486, -4.7055, -99.7862, 15.7768, 0.997280, 0.073451, 0.006188, 0.018363, -0.072373, 0.991643, -0.106802, 0.002819, -0.013981, 0.106064, 0.994261, 0.209175, 0.000000, 0.000000, 0.000000, 1.000000, -0.013665, 0.106060, 0.994266, 0.231181, -0.997284, -0.073418, -0.005875, -0.018297, 0.072374, -0.991646, 0.106775, 0.197249, 0.000000, 0.000000, 0.000000, 1.000000, -0.995626, 0.093197, 0.006502, -0.004706, 0.004244, -0.024406, 0.999693, -0.099786, 0.093327, 0.995349, 0.023904, 0.015777, 0.000000, 0.000000, 0.000000, 1.000000
3.0171, 18.1887, 3.4182, 207.9315, 229.9371, -18.1233, 196.6497, -4.6366, -100.4341, 15.5734, 0.997229, 0.074342, 0.002774, 0.018189, -0.073496, 0.990288, -0.118015, 0.003418, -0.011521, 0.117484, 0.993008, 0.207932, 0.000000, 0.000000, 0.000000, 1.000000, -0.011205, 0.117481, 0.993012, 0.229937, -0.997233, -0.074305, -0.002462, -0.018123, 0.073496, -0.990291, 0.117989, 0.196650, 0.000000, 0.000000, 0.000000, 1.000000, -0.995593, 0.093391, 0.008578, -0.004637, 0.006838, -0.018932, 0.999797, -0.100434, 0.093534, 0.995449, 0.018210, 0.015573, 0.000000, 0.000000, 0.000000, 1.000000
3.4260, 18.0208, 3.9377, 206.7235, 228.7290, -17.9558, 196.1302, -4.6137, -100.9245, 15.1850, 0.997115, 0.075892, 0.001434, 0.018021, -0.075065, 0.988700, -0.129763, 0.003938, -0.011266, 0.129281, 0.991544, 0.206723, 0.000000, 0.000000, 0.000000, 1.000000, -0.010950, 0.129279, 0.991548, 0.228729, -0.997119, -0.075851, -0.001122, -0.017956, 0.075065, -0.988703, 0.129737, 0.196130, 0.000000, 0.000000, 0.000000, 1.000000, -0.995622, 0.093079, 0.008587, -0.004614, 0.007309, -0.014064, 0.999874, -0.100925, 0.093188, 0.995559, 0.013322, 0.015185, 0.000000, 0.000000, 0.000000, 1.000000
3.6352, 17.8786, 4.2581, 206.0165, 228.0220, -17.8138, 195.8098, -4.5408, -101.2718, 15.0124, 0.997084, 0.076212, 0.003803, 0.017879, -0.075081, 0.988745, -0.129410, 0.004258, -0.013622, 0.128747, 0.991584, 0.206016, 0.000000, 0.000000, 0.000000, 1.000000, -0.013307, 0.128745, 0.991589, 0.228022, -0.997089, -0.076172, -0.003491, -0.017814, 0.075082, -0.988748, 0.129383, 0.195810, 0.000000, 0.000000, 0.000000, 1.000000, -0.995614, 0.093320, 0.006657, -0.004541, 0.004979, -0.018201, 0.999822, -0.101272, 0.093424, 0.995470, 0.017657, 0.015012, 0.000000, 0.000000, 0.000000, 1.000000
3.9931, 17.7661, 4.6208, 205.3219, 227.3273, -17.7016, 195.4471, -4.5598, -101.3278, 14.6266, 0.997070, 0.076489, 0.000414, 0.017766, -0.075772, 0.988433, -0.131370, 0.004621, -0.010458, 0.130953, 0.991333, 0.205322, 0.000000, 0.000000, 0.000000, 1.000000, -0.010142, 0.130951, 0.991337, 0.227327, -0.997074, -0.076448, -0.000102, -0.017702, 0.075772, -0.988437, 0.131343, 0.195447, 0.000000, 0.000000, 0.000000, 1.000000, -0.995516, 0.094035, 0.010255, -0.004560, 0.008207, -0.022139, 0.999721, -0.101328, 0.094236, 0.995323, 0.021268, 0.014627, 0.000000, 0.000000, 0.000000, 1.000000
4.2741, 17.6498, 5.0654, 204.4502, 226.4556, -17.5855, 195.0026, -4.5316, -101.7189, 14.4202, 0.997016, 0.077131, -0.003127, 0.017650, -0.076857, 0.988057, -0.133556, 0.005065, -0.007212, 0.133397, 0.991036, 0.204450, 0.000000, 0.000000, 0.000000, 1.000000, -0.006896, 0.133395, 0.991039, 0.226456, -0.997018, -0.077089, 0.003439, -0.017585, 0.076857, -0.988060, 0.133529, 0.195003, 0.000000, 0.000000, 0.000000, 1.000000, -0.995459, 0.094178, 0.013836, -0.004532, 0.011576, -0.024505, 0.999633, -0.101719, 0.094483, 0.995254, 0.023303, 0.014420, 0.000000, 0.000000, 0.000000, 1.000000
4.5358, 17.5522, 5.3855, 203.6985, 225.7038, -17.4881, 194.6825, -4.5302, -102.0088, 14.1423, 0.996881, 0.078913, 0.001394, 0.017552, -0.077901, 0.986625, -0.143185, 0.005386, -0.012675, 0.142630, 0.989695, 0.203698, 0.000000, 0.000000, 0.000000, 1.000000, -0.012359, 0.142628, 0.989699, 0.225704, -0.996884, -0.078868, -0.001083, -0.017488, 0.077901, -0.986629, 0.143158, 0.194682, 0.000000, 0.000000, 0.000000, 1.000000, -0.995614, 0.093200, 0.008154, -0.004530, 0.006348, -0.019661, 0.999787, -0.102009, 0.093340, 0.995453, 0.018983, 0.014142, 0.000000, 0.000000, 0.000000, 1.000000
4.7854, 17.4096, 5.7482, 203.0388, 225.0442, -17.3449, 194.3198, -4.4681, -102.2382, 13.9292, 0.996842, 0.079289, 0.004325, 0.017410, -0.077828, 0.986377, -0.144923, 0.005748, -0.015756, 0.144129, 0.989434, 0.203039, 0.000000, 0.000000, 0.000000, 1.000000, -0.015437, 0.144127, 0.989439, 0.225044, -0.996847, -0.079243, -0.004010, -0.017345, 0.077828, -0.986381, 0.144896, 0.194320, 0.000000, 0.000000, 0.000000, 1.000000, -0.995603, 0.093514, 0.005384, -0.004468, 0.003298, -0.022440, 0.999743, -0.102238, 0.093611, 0.995365, 0.022033, 0.013929, 0.000000, 0.000000, 0.000000, 1.000000
5.3132, 17.1630, 6.5283, 201.5807, 223.5859, -17.0988, 193.5397, -4.3939, -102.7883, 13.4762, 0.996630, 0.081631, 0.008021, 0.017163, -0.079374, 0.984466, -0.156611, 0.006528, -0.020681, 0.155446, 0.987628, 0.201581, 0.000000, 0.000000, 0.000000, 1.000000, -0.020361, 0.155446, 0.987635, 0.223586, -0.996637, -0.081581, -0.007707, -0.017099, 0.079374, -0.984470, 0.156584, 0.193540, 0.000000, 0.000000, 0.000000, 1.000000, -0.995693, 0.092706, 0.000575, -0.004394, -0.001289, -0.020044, 0.999798, -0.102788, 0.092698, 0.995492, 0.020077, 0.013476, 0.000000, 0.000000, 0.000000, 1.000000
5.6191, 17.0383, 7.0085, 200.6981, 222.7034, -16.9744, 193.0596, -4.3662, -103.1491, 13.2283, 0.996551, 0.082714, 0.006741, 0.017038, -0.080475, 0.983013, -0.164954, 0.007008, -0.020271, 0.163843, 0.986278, 0.200698, 0.000000, 0.000000, 0.000000, 1.000000, -0.019951, 0.163843, 0.986285, 0.222703, -0.996557, -0.082662, -0.006427, -0.016974, 0.080476, -0.983017, 0.164928, 0.193060, 0.000000, 0.000000, 0.000000, 1.000000, -0.995711, 0.092520, 0.000871, -0.004366, -0.000686, -0.016789, 0.999859, -0.103149, 0.092521, 0.995569, 0.016780, 0.013228, 0.000000, 0.000000, 0.000000, 1.000000
6.1396, 16.8403, 7.7168, 199.2549, 221.2600, -16.7769, 192.3513, -4.3511, -103.6855, 12.6984, 0.996489, 0.083723, -0.000913, 0.016840, -0.082709, 0.982604, -0.166279, 0.007717, -0.013024, 0.165771, 0.986078, 0.199255, 0.000000, 0.000000, 0.000000, 1.000000, -0.012704, 0.165771, 0.986082, 0.221260, -0.996493, -0.083670, 0.001227, -0.016777, 0.082709, -0.982608, 0.166253, 0.192351, 0.000000, 0.000000, 0.000000, 1.000000, -0.995631, 0.092935, 0.009035, -0.004351, 0.006852, -0.023783, 0.999694, -0.103685, 0.093121, 0.995388, 0.023043, 0.012698, 0.000000, 0.000000, 0.000000, 1.000000
6.3815, 16.7190, 8.0849, 198.4529, 220.4580, -16.6558, 191.9832, -4.3141, -104.0707, 12.4530, 0.996496, 0.083641, 0.000054, 0.016719, -0.082340, 0.981109, -0.175056, 0.008085, -0.014695, 0.174439, 0.984558, 0.198453, 0.000000, 0.000000, 0.000000, 1.000000, -0.014376, 0.174439, 0.984563, 0.220458, -0.996501, -0.083585, 0.000259, -0.016656, 0.082340, -0.981114, 0.175030, 0.191983, 0.000000, 0.000000, 0.000000, 1.000000, -0.995573, 0.093736, 0.006915, -0.004314, 0.005140, -0.019159, 0.999803, -0.104071, 0.093850, 0.995413, 0.018593, 0.012453, 0.000000, 0.000000, 0.000000, 1.000000
