# Joint_6_Angle(deg), Cam_X(mm), Cam_Y(mm), Cam_Z(mm), Torso_X(mm), Torso_Y(mm), Torso_Z(mm), EE_X(mm), EE_Y(mm), EE_Z(mm), T_cam2marker_flat(16), T_torso2marker_flat(16), T_ee2marker_flat(16)
-19.9841, 4.7502, -7.8636, 255.5297, 277.5297, -4.7502, 207.9371, 1.6480, 80.5209, 22.8375, 0.932670, -0.043558, -0.358090, 0.004750, 0.078242, 0.993478, 0.082940, -0.007864, 0.352142, -0.105374, 0.929996, 0.255530, 0.000000, 0.000000, 0.000000, 1.000000, 0.352142, -0.105374, 0.929996, 0.277530, -0.932670, 0.043558, 0.358090, -0.004750, -0.078242, -0.993478, -0.082940, 0.207937, 0.000000, 0.000000, 0.000000, 1.000000, 0.999585, 0.026035, -0.012330, 0.001648, -0.013278, 0.036564, -0.999243, 0.080521, -0.025565, 0.998992, 0.036895, 0.022838, 0.000000, 0.000000, 0.000000, 1.000000
-19.9481, 4.7031, -7.8777, 255.6373, 277.6373, -4.7031, 207.9512, 1.6895, 80.4033, 22.8187, 0.932692, -0.042396, -0.358174, 0.004703, 0.077968, 0.993286, 0.085459, -0.007878, 0.352146, -0.107634, 0.929736, 0.255637, 0.000000, 0.000000, 0.000000, 1.000000, 0.352146, -0.107634, 0.929736, 0.277637, -0.932692, 0.042396, 0.358174, -0.004703, -0.077968, -0.993286, -0.085459, 0.207951, 0.000000, 0.000000, 0.000000, 1.000000, 0.999570, 0.026364, -0.012865, 0.001689, -0.013890, 0.039076, -0.999140, 0.080403, -0.025839, 0.998888, 0.039425, 0.022819, 0.000000, 0.000000, 0.000000, 1.000000
-19.7319, 4.5754, -7.9187, 255.5043, 277.5043, -4.5754, 207.9922, 1.8247, 80.4799, 22.7989, 0.934919, -0.042572, -0.352299, 0.004575, 0.078139, 0.993108, 0.087356, -0.007919, 0.346152, -0.109199, 0.931801, 0.255504, 0.000000, 0.000000, 0.000000, 1.000000, 0.346152, -0.109199, 0.931801, 0.277504, -0.934919, 0.042572, 0.352299, -0.004575, -0.078139, -0.993108, -0.087356, 0.207992, 0.000000, 0.000000, 0.000000, 1.000000, 0.999614, 0.025806, -0.010246, 0.001825, -0.011284, 0.040395, -0.999120, 0.080480, -0.025369, 0.998851, 0.040671, 0.022799, 0.000000, 0.000000, 0.000000, 1.000000
-19.4041, 4.2958, -7.9443, 254.7647, 276.7647, -4.2958, 208.0177, 1.7771, 81.0720, 22.8552, 0.933568, -0.041826, -0.355952, 0.004296, 0.078450, 0.992930, 0.089079, -0.007944, 0.349709, -0.111086, 0.930249, 0.254765, 0.000000, 0.000000, 0.000000, 1.000000, 0.349709, -0.111086, 0.930249, 0.276765, -0.933568, 0.041826, 0.355952, -0.004296, -0.078450, -0.992930, -0.089079, 0.208018, 0.000000, 0.000000, 0.000000, 1.000000, 0.999465, 0.026099, -0.019725, 0.001777, -0.020817, 0.042281, -0.998889, 0.081072, -0.025236, 0.998765, 0.042802, 0.022855, 0.000000, 0.000000, 0.000000, 1.000000
-18.9844, 3.9351, -7.9373, 255.1307, 277.1307, -3.9351, 208.0108, 2.1497, 80.5930, 22.8619, 0.937883, -0.042537, -0.344333, 0.003935, 0.076905, 0.993256, 0.086770, -0.007937, 0.338320, -0.107861, 0.934829, 0.255131, 0.000000, 0.000000, 0.000000, 1.000000, 0.338320, -0.107861, 0.934829, 0.277131, -0.937883, 0.042537, 0.344333, -0.003935, -0.076905, -0.993256, -0.086770, 0.208011, 0.000000, 0.000000, 0.000000, 1.000000, 0.999530, 0.026808, -0.014867, 0.002150, -0.015901, 0.038797, -0.999121, 0.080593, -0.026208, 0.998887, 0.039205, 0.022862, 0.000000, 0.000000, 0.000000, 1.000000
-18.7176, 3.6579, -7.9694, 254.8143, 276.8143, -3.6579, 208.0429, 2.1599, 80.7932, 22.8776, 0.938628, -0.042540, -0.342298, 0.003658, 0.077176, 0.993108, 0.088207, -0.007969, 0.336187, -0.109211, 0.935442, 0.254814, 0.000000, 0.000000, 0.000000, 1.000000, 0.336187, -0.109211, 0.935442, 0.276814, -0.938628, 0.042540, 0.342298, -0.003658, -0.077176, -0.993108, -0.088207, 0.208043, 0.000000, 0.000000, 0.000000, 1.000000, 0.999499, 0.026543, -0.017259, 0.002160, -0.018312, 0.039953, -0.999034, 0.080793, -0.025828, 0.998849, 0.040419, 0.022878, 0.000000, 0.000000, 0.000000, 1.000000
-17.9653, 3.0282, -8.0441, 254.7352, 276.7352, -3.0282, 208.1175, 2.5925, 80.6412, 22.8605, 0.943741, -0.042549, -0.327936, 0.003028, 0.076507, 0.992875, 0.091351, -0.008044, 0.321713, -0.111301, 0.940273, 0.254735, 0.000000, 0.000000, 0.000000, 1.000000, 0.321713, -0.111301, 0.940273, 0.276735, -0.943741, 0.042549, 0.327936, -0.003028, -0.076507, -0.992875, -0.091351, 0.208118, 0.000000, 0.000000, 0.000000, 1.000000, 0.999539, 0.026397, -0.014983, 0.002593, -0.016074, 0.041595, -0.999005, 0.080641, -0.025748, 0.998786, 0.042000, 0.022860, 0.000000, 0.000000, 0.000000, 1.000000
-17.4270, 2.5166, -8.0476, 254.6136, 276.6135, -2.5166, 208.1211, 2.8278, 80.5748, 22.9079, 0.946089, -0.042014, -0.321169, 0.002517, 0.074526, 0.993185, 0.089610, -0.008048, 0.315216, -0.108715, 0.942773, 0.254614, 0.000000, 0.000000, 0.000000, 1.000000, 0.315216, -0.108715, 0.942773, 0.276614, -0.946089, 0.042014, 0.321169, -0.002517, -0.074526, -0.993185, -0.089610, 0.208121, 0.000000, 0.000000, 0.000000, 1.000000, 0.999454, 0.028090, -0.017377, 0.002828, -0.018467, 0.039028, -0.999067, 0.080575, -0.027386, 0.998843, 0.039525, 0.022908, 0.000000, 0.000000, 0.000000, 1.000000
-17.0635, 2.2056, -8.0987, 254.4290, 276.4290, -2.2056, 208.1721, 2.9841, 80.6421, 22.8970, 0.948736, -0.042976, -0.313134, 0.002206, 0.074765, 0.993111, 0.090223, -0.008099, 0.307099, -0.109009, 0.945414, 0.254429, 0.000000, 0.000000, 0.000000, 1.000000, 0.307099, -0.109009, 0.945414, 0.276429, -0.948736, 0.042976, 0.313134, -0.002206, -0.074765, -0.993111, -0.090223, 0.208172, 0.000000, 0.000000, 0.000000, 1.000000, 0.999510, 0.027329, -0.015238, 0.002984, -0.016294, 0.038849, -0.999112, 0.080642, -0.026713, 0.998871, 0.039275, 0.022897, 0.000000, 0.000000, 0.000000, 1.000000
-16.3815, 1.6438, -8.1317, 254.3382, 276.3382, -1.6438, 208.2052, 3.3786, 80.5297, 22.9167, 0.952360, -0.042340, -0.302023, 0.001644, 0.073816, 0.992872, 0.093572, -0.008132, 0.295908, -0.111409, 0.948697, 0.254338, 0.000000, 0.000000, 0.000000, 1.000000, 0.295908, -0.111409, 0.948697, 0.276338, -0.952360, 0.042340, 0.302023, -0.001644, -0.073816, -0.992872, -0.093572, 0.208205, 0.000000, 0.000000, 0.000000, 1.000000, 0.999500, 0.027705, -0.015267, 0.003379, -0.016397, 0.041012, -0.999024, 0.080530, -0.027052, 0.998774, 0.041445, 0.022917, 0.000000, 0.000000, 0.000000, 1.000000
-15.8528, 1.1804, -8.1748, 254.1559, 276.1559, -1.1804, 208.2482, 3.6243, 80.5456, 22.9249, 0.954764, -0.043608, -0.294151, 0.001180, 0.072973, 0.993301, 0.089602, -0.008175, 0.288273, -0.107014, 0.951550, 0.254156, 0.000000, 0.000000, 0.000000, 1.000000, 0.288273, -0.107014, 0.951550, 0.276156, -0.954764, 0.043608, 0.294151, -0.001180, -0.072973, -0.993301, -0.089602, 0.208248, 0.000000, 0.000000, 0.000000, 1.000000, 0.999468, 0.028096, -0.016569, 0.003624, -0.017581, 0.036160, -0.999191, 0.080546, -0.027474, 0.998951, 0.036635, 0.022925, 0.000000, 0.000000, 0.000000, 1.000000
-15.2574, 0.5873, -8.1948, 253.9986, 275.9986, -0.5873, 208.2683, 3.8486, 80.4986, 22.9653, 0.957832, -0.041920, -0.284255, 0.000587, 0.071564, 0.992929, 0.094713, -0.008195, 0.278275, -0.111061, 0.954059, 0.253999, 0.000000, 0.000000, 0.000000, 1.000000, 0.278275, -0.111061, 0.954059, 0.275999, -0.957832, 0.041920, 0.284255, -0.000587, -0.071564, -0.992929, -0.094713, 0.208268, 0.000000, 0.000000, 0.000000, 1.000000, 0.999446, 0.029005, -0.016290, 0.003849, -0.017451, 0.040231, -0.999038, 0.080499, -0.028322, 0.998769, 0.040715, 0.022965, 0.000000, 0.000000, 0.000000, 1.000000
-14.7155, 0.1176, -8.2596, 253.8527, 275.8527, -0.1176, 208.3330, 4.1144, 80.4826, 22.9505, 0.960336, -0.042698, -0.275558, 0.000118, 0.071001, 0.993078, 0.093566, -0.008260, 0.269656, -0.109420, 0.956720, 0.253853, 0.000000, 0.000000, 0.000000, 1.000000, 0.269656, -0.109420, 0.956720, 0.275853, -0.960336, 0.042698, 0.275558, -0.000118, -0.071001, -0.993078, -0.093566, 0.208333, 0.000000, 0.000000, 0.000000, 1.000000, 0.999436, 0.029061, -0.016807, 0.004114, -0.017911, 0.038163, -0.999111, 0.080483, -0.028393, 0.998849, 0.038662, 0.022951, 0.000000, 0.000000, 0.000000, 1.000000
-14.3978, -0.2671, -8.2691, 253.5603, 275.5603, 0.2671, 208.3426, 4.1170, 80.6450, 22.9954, 0.960763, -0.042631, -0.274074, -0.000267, 0.070746, 0.993100, 0.093527, -0.008269, 0.268196, -0.109247, 0.957150, 0.253560, 0.000000, 0.000000, 0.000000, 1.000000, 0.268196, -0.109247, 0.957150, 0.275560, -0.960763, 0.042631, 0.274074, 0.000267, -0.070746, -0.993100, -0.093527, 0.208343, 0.000000, 0.000000, 0.000000, 1.000000, 0.999352, 0.029381, -0.020814, 0.004117, -0.021920, 0.037850, -0.999043, 0.080645, -0.028565, 0.998851, 0.038469, 0.022995, 0.000000, 0.000000, 0.000000, 1.000000
-13.6270, -0.9063, -8.3348, 253.0284, 275.0284, 0.9063, 208.4082, 4.4532, 80.9496, 23.0242, 0.963317, -0.041872, -0.265080, -0.000906, 0.069829, 0.992838, 0.096936, -0.008335, 0.259123, -0.111890, 0.959341, 0.253028, 0.000000, 0.000000, 0.000000, 1.000000, 0.259123, -0.111890, 0.959341, 0.275028, -0.963317, 0.041872, 0.265080, 0.000906, -0.069829, -0.992838, -0.096936, 0.208408, 0.000000, 0.000000, 0.000000, 1.000000, 0.999245, 0.029984, -0.024708, 0.004453, -0.025905, 0.040209, -0.998855, 0.080950, -0.028956, 0.998741, 0.040956, 0.023024, 0.000000, 0.000000, 0.000000, 1.000000
-13.2166, -1.2944, -8.3787, 253.6947, 275.6947, 1.2944, 208.4521, 4.8023, 80.1815, 22.9586, 0.969030, -0.042361, -0.243283, -0.001294, 0.068351, 0.992697, 0.099401, -0.008379, 0.237295, -0.112951, 0.964849, 0.253695, 0.000000, 0.000000, 0.000000, 1.000000, 0.237295, -0.112951, 0.964849, 0.275695, -0.969030, 0.042361, 0.243283, 0.001294, -0.068351, -0.992697, -0.099401, 0.208452, 0.000000, 0.000000, 0.000000, 1.000000, 0.999521, 0.029544, -0.009251, 0.004802, -0.010457, 0.040920, -0.999108, 0.080181, -0.029139, 0.998726, 0.041209, 0.022959, 0.000000, 0.000000, 0.000000, 1.000000
-12.7358, -1.7628, -8.3727, 253.2047, 275.2046, 1.7628, 208.4461, 4.9142, 80.5103, 23.0415, 0.969575, -0.041828, -0.241196, -0.001763, 0.066939, 0.993043, 0.096875, -0.008373, 0.235466, -0.110073, 0.965629, 0.253205, 0.000000, 0.000000, 0.000000, 1.000000, 0.235466, -0.110073, 0.965629, 0.275205, -0.969575, 0.041828, 0.241196, 0.001763, -0.066939, -0.993043, -0.096875, 0.208446, 0.000000, 0.000000, 0.000000, 1.000000, 0.999394, 0.031062, -0.015681, 0.004914, -0.016857, 0.037968, -0.999137, 0.080510, -0.030440, 0.998796, 0.038468, 0.023041, 0.000000, 0.000000, 0.000000, 1.000000
-12.2572, -2.1570, -8.3925, 253.1378, 275.1378, 2.1570, 208.4659, 5.1870, 80.4481, 23.0589, 0.970664, -0.043330, -0.236502, -0.002157, 0.066857, 0.993477, 0.092382, -0.008392, 0.230956, -0.105484, 0.967229, 0.253138, 0.000000, 0.000000, 0.000000, 1.000000, 0.230956, -0.105484, 0.967229, 0.275138, -0.970664, 0.043330, 0.236502, 0.002157, -0.066857, -0.993477, -0.092382, 0.208466, 0.000000, 0.000000, 0.000000, 1.000000, 0.999331, 0.030915, -0.019553, 0.005187, -0.020569, 0.032884, -0.999247, 0.080448, -0.030248, 0.998981, 0.033498, 0.023059, 0.000000, 0.000000, 0.000000, 1.000000
-11.7567, -2.6718, -8.4498, 253.2636, 275.2636, 2.6718, 208.5233, 5.4072, 80.1741, 23.0334, 0.974676, -0.043121, -0.219426, -0.002672, 0.065599, 0.993198, 0.096205, -0.008450, 0.213785, -0.108162, 0.970874, 0.253264, 0.000000, 0.000000, 0.000000, 1.000000, 0.213785, -0.108162, 0.970874, 0.275264, -0.974676, 0.043121, 0.219426, 0.002672, -0.065599, -0.993198, -0.096205, 0.208523, 0.000000, 0.000000, 0.000000, 1.000000, 0.999469, 0.030842, -0.010537, 0.005407, -0.011624, 0.035289, -0.999310, 0.080174, -0.030449, 0.998901, 0.035629, 0.023033, 0.000000, 0.000000, 0.000000, 1.000000
-11.2469, -3.0508, -8.4492, 252.8594, 274.8594, 3.0508, 208.5227, 5.6728, 80.4433, 23.0968, 0.973976, -0.042472, -0.222635, -0.003051, 0.065162, 0.993287, 0.095581, -0.008449, 0.217081, -0.107601, 0.970205, 0.252859, 0.000000, 0.000000, 0.000000, 1.000000, 0.217081, -0.107601, 0.970205, 0.274859, -0.973976, 0.042472, 0.222635, 0.003051, -0.065162, -0.993287, -0.095581, 0.208523, 0.000000, 0.000000, 0.000000, 1.000000, 0.999232, 0.031905, -0.022750, 0.005673, -0.023851, 0.034587, -0.999117, 0.080443, -0.031090, 0.998892, 0.035321, 0.023097, 0.000000, 0.000000, 0.000000, 1.000000
-10.9850, -3.3235, -8.4609, 252.9617, 274.9617, 3.3235, 208.5343, 5.7918, 80.2644, 23.0990, 0.976069, -0.042482, -0.213271, -0.003324, 0.064540, 0.993135, 0.097554, -0.008461, 0.207662, -0.108984, 0.972111, 0.252962, 0.000000, 0.000000, 0.000000, 1.000000, 0.207662, -0.108984, 0.972111, 0.274962, -0.976069, 0.042482, 0.213271, 0.003324, -0.064540, -0.993135, -0.097554, 0.208534, 0.000000, 0.000000, 0.000000, 1.000000, 0.999340, 0.031780, -0.017617, 0.005792, -0.018753, 0.035803, -0.999183, 0.080264, -0.031123, 0.998853, 0.036375, 0.023099, 0.000000, 0.000000, 0.000000, 1.000000
-10.6699, -3.6197, -8.5384, 252.7316, 274.7316, 3.6197, 208.6119, 5.8942, 80.4061, 23.0642, 0.976572, -0.042194, -0.211013, -0.003620, 0.064564, 0.992863, 0.100269, -0.008538, 0.205276, -0.111543, 0.972327, 0.252732, 0.000000, 0.000000, 0.000000, 1.000000, 0.205276, -0.111543, 0.972327, 0.274732, -0.976572, 0.042194, 0.211013, 0.003620, -0.064564, -0.992863, -0.100269, 0.208612, 0.000000, 0.000000, 0.000000, 1.000000, 0.999283, 0.031768, -0.020607, 0.005894, -0.021817, 0.038207, -0.999032, 0.080406, -0.030949, 0.998765, 0.038873, 0.023064, 0.000000, 0.000000, 0.000000, 1.000000
-9.9439, -4.2680, -8.5684, 252.5638, 274.5637, 4.2680, 208.6418, 6.2451, 80.3781, 23.1001, 0.979517, -0.042408, -0.196846, -0.004268, 0.063051, 0.993007, 0.099812, -0.008568, 0.191237, -0.110179, 0.975340, 0.252564, 0.000000, 0.000000, 0.000000, 1.000000, 0.191237, -0.110179, 0.975340, 0.274564, -0.979517, 0.042408, 0.196846, 0.004268, -0.063051, -0.993007, -0.099812, 0.208642, 0.000000, 0.000000, 0.000000, 1.000000, 0.999300, 0.032283, -0.018897, 0.006245, -0.020070, 0.036415, -0.999135, 0.080378, -0.031567, 0.998815, 0.037037, 0.023100, 0.000000, 0.000000, 0.000000, 1.000000
-9.6100, -4.7483, -8.5991, 252.8380, 274.8380, 4.7483, 208.6726, 6.2838, 79.9911, 23.0864, 0.982839, -0.042358, -0.179538, -0.004748, 0.061658, 0.992735, 0.103318, -0.008599, 0.173857, -0.112615, 0.978311, 0.252838, 0.000000, 0.000000, 0.000000, 1.000000, 0.173857, -0.112615, 0.978311, 0.274838, -0.982839, 0.042358, 0.179538, 0.004748, -0.061658, -0.992735, -0.103318, 0.208673, 0.000000, 0.000000, 0.000000, 1.000000, 0.999460, 0.032121, -0.006909, 0.006284, -0.008150, 0.038648, -0.999220, 0.079991, -0.031829, 0.998736, 0.038888, 0.023086, 0.000000, 0.000000, 0.000000, 1.000000
-9.1556, -4.9946, -8.6451, 252.5101, 274.5101, 4.9946, 208.7185, 6.6205, 80.2247, 23.0868, 0.980698, -0.042564, -0.190837, -0.004995, 0.062241, 0.993206, 0.098330, -0.008645, 0.185355, -0.108310, 0.976684, 0.252510, 0.000000, 0.000000, 0.000000, 1.000000, 0.185355, -0.108310, 0.976684, 0.274510, -0.980698, 0.042564, 0.190837, 0.004995, -0.062241, -0.993206, -0.098330, 0.208719, 0.000000, 0.000000, 0.000000, 1.000000, 0.999102, 0.032938, -0.026660, 0.006620, -0.027782, 0.034088, -0.999033, 0.080225, -0.031997, 0.998876, 0.034972, 0.023087, 0.000000, 0.000000, 0.000000, 1.000000
-8.6994, -5.4463, -8.6440, 252.4360, 274.4360, 5.4463, 208.7175, 6.8033, 80.1729, 23.1301, 0.982841, -0.042251, -0.179549, -0.005446, 0.060523, 0.993390, 0.097538, -0.008644, 0.174241, -0.106732, 0.978902, 0.252436, 0.000000, 0.000000, 0.000000, 1.000000, 0.174241, -0.106732, 0.978902, 0.274436, -0.982841, 0.042251, 0.179549, 0.005446, -0.060523, -0.993390, -0.097538, 0.208717, 0.000000, 0.000000, 0.000000, 1.000000, 0.999159, 0.033766, -0.023242, 0.006803, -0.024334, 0.032305, -0.999182, 0.080173, -0.032987, 0.998908, 0.033099, 0.023130, 0.000000, 0.000000, 0.000000, 1.000000
-8.4296, -5.7281, -8.6947, 252.1975, 274.1975, 5.7281, 208.7681, 6.8643, 80.3365, 23.1216, 0.983808, -0.042222, -0.174179, -0.005728, 0.060772, 0.992867, 0.102579, -0.008695, 0.168605, -0.111503, 0.979357, 0.252197, 0.000000, 0.000000, 0.000000, 1.000000, 0.168605, -0.111503, 0.979357, 0.274197, -0.983808, 0.042222, 0.174179, 0.005728, -0.060772, -0.992867, -0.102579, 0.208768, 0.000000, 0.000000, 0.000000, 1.000000, 0.999203, 0.033215, -0.022129, 0.006864, -0.023351, 0.036892, -0.999046, 0.080337, -0.032367, 0.998767, 0.037638, 0.023122, 0.000000, 0.000000, 0.000000, 1.000000
-7.6351, -6.4402, -8.7286, 252.2063, 274.2063, 6.4402, 208.8020, 7.2726, 80.1305, 23.1446, 0.985520, -0.042183, -0.164228, -0.006440, 0.059279, 0.993157, 0.100628, -0.008729, 0.158859, -0.108906, 0.981276, 0.252206, 0.000000, 0.000000, 0.000000, 1.000000, 0.158859, -0.108906, 0.981276, 0.274206, -0.985520, 0.042183, 0.164228, 0.006440, -0.059279, -0.993157, -0.100628, 0.208802, 0.000000, 0.000000, 0.000000, 1.000000, 0.999077, 0.034125, -0.026082, 0.007273, -0.027238, 0.033846, -0.999056, 0.080131, -0.033210, 0.998844, 0.034745, 0.023145, 0.000000, 0.000000, 0.000000, 1.000000
-7.1314, -6.9744, -8.7447, 252.3713, 274.3713, 6.9744, 208.8181, 7.4670, 79.8334, 23.1584, 0.989027, -0.043032, -0.141326, -0.006974, 0.058198, 0.992768, 0.104996, -0.008745, 0.135786, -0.112069, 0.984379, 0.252371, 0.000000, 0.000000, 0.000000, 1.000000, 0.135786, -0.112069, 0.984379, 0.274371, -0.989027, 0.043032, 0.141326, 0.006974, -0.058198, -0.992768, -0.104996, 0.208818, 0.000000, 0.000000, 0.000000, 1.000000, 0.999384, 0.033165, -0.011454, 0.007467, -0.012667, 0.036594, -0.999250, 0.079833, -0.032721, 0.998780, 0.036991, 0.023158, 0.000000, 0.000000, 0.000000, 1.000000
-6.6120, -7.3926, -8.7628, 252.1641, 274.1641, 7.3926, 208.8362, 7.7517, 79.9196, 23.1907, 0.989081, -0.042325, -0.141164, -0.007393, 0.057065, 0.993141, 0.102056, -0.008763, 0.135877, -0.108997, 0.984712, 0.252164, 0.000000, 0.000000, 0.000000, 1.000000, 0.135877, -0.108997, 0.984712, 0.274164, -0.989081, 0.042325, 0.141164, 0.007393, -0.057065, -0.993141, -0.102056, 0.208836, 0.000000, 0.000000, 0.000000, 1.000000, 0.999190, 0.034571, -0.020578, 0.007752, -0.021731, 0.033307, -0.999209, 0.079920, -0.033858, 0.998847, 0.034031, 0.023191, 0.000000, 0.000000, 0.000000, 1.000000
-6.2319, -7.7921, -8.8139, 251.9847, 273.9847, 7.7921, 208.8874, 7.8627, 80.0033, 23.1864, 0.990122, -0.042344, -0.133658, -0.007792, 0.056842, 0.992677, 0.106588, -0.008814, 0.128166, -0.113132, 0.985279, 0.251985, 0.000000, 0.000000, 0.000000, 1.000000, 0.128166, -0.113132, 0.985279, 0.273985, -0.990122, 0.042344, 0.133658, 0.007792, -0.056842, -0.992677, -0.106588, 0.208887, 0.000000, 0.000000, 0.000000, 1.000000, 0.999225, 0.034297, -0.019309, 0.007863, -0.020584, 0.037206, -0.999096, 0.080003, -0.033547, 0.998719, 0.037883, 0.023186, 0.000000, 0.000000, 0.000000, 1.000000
-5.8425, -8.1341, -8.7901, 252.1381, 274.1381, 8.1341, 208.8636, 8.0843, 79.7582, 23.2253, 0.991452, -0.043860, -0.122876, -0.008134, 0.056467, 0.993275, 0.101072, -0.008790, 0.117617, -0.107147, 0.987262, 0.252138, 0.000000, 0.000000, 0.000000, 1.000000, 0.117617, -0.107147, 0.987262, 0.274138, -0.991452, 0.043860, 0.122876, 0.008134, -0.056467, -0.993275, -0.101072, 0.208864, 0.000000, 0.000000, 0.000000, 1.000000, 0.999309, 0.033688, -0.015703, 0.008084, -0.016744, 0.030833, -0.999384, 0.079758, -0.033183, 0.998957, 0.031376, 0.023225, 0.000000, 0.000000, 0.000000, 1.000000
-5.3561, -8.6152, -8.8027, 251.9788, 273.9788, 8.6152, 208.8761, 8.2685, 79.7994, 23.2644, 0.991718, -0.042877, -0.121070, -0.008615, 0.055246, 0.993378, 0.100733, -0.008803, 0.115949, -0.106587, 0.987520, 0.251979, 0.000000, 0.000000, 0.000000, 1.000000, 0.115949, -0.106587, 0.987520, 0.273979, -0.991718, 0.042877, 0.121070, 0.008615, -0.055246, -0.993378, -0.100733, 0.208876, 0.000000, 0.000000, 0.000000, 1.000000, 0.999137, 0.034983, -0.022402, 0.008269, -0.023459, 0.030078, -0.999272, 0.079799, -0.034284, 0.998935, 0.030872, 0.023264, 0.000000, 0.000000, 0.000000, 1.000000
-4.7786, -9.1399, -8.8443, 252.0196, 274.0196, 9.1399, 208.9177, 8.5509, 79.6291, 23.2621, 0.993796, -0.043490, -0.102359, -0.009140, 0.054122, 0.993156, 0.103501, -0.008844, 0.097158, -0.108399, 0.989348, 0.252020, 0.000000, 0.000000, 0.000000, 1.000000, 0.097158, -0.108399, 0.989348, 0.274020, -0.993796, 0.043490, 0.102359, 0.009140, -0.054122, -0.993156, -0.103501, 0.208918, 0.000000, 0.000000, 0.000000, 1.000000, 0.999313, 0.034512, -0.013506, 0.008551, -0.014594, 0.031487, -0.999398, 0.079629, -0.034066, 0.998908, 0.031969, 0.023262, 0.000000, 0.000000, 0.000000, 1.000000
-4.5018, -9.4450, -8.8861, 251.8860, 273.8860, 9.4450, 208.9595, 8.6188, 79.6978, 23.2558, 0.993460, -0.041911, -0.106215, -0.009445, 0.053332, 0.992820, 0.107073, -0.008886, 0.100964, -0.112037, 0.988562, 0.251886, 0.000000, 0.000000, 0.000000, 1.000000, 0.100964, -0.112037, 0.988562, 0.273886, -0.993460, 0.041911, 0.106215, 0.009445, -0.053332, -0.992820, -0.107073, 0.208960, 0.000000, 0.000000, 0.000000, 1.000000, 0.999114, 0.035929, -0.021914, 0.008619, -0.023176, 0.035089, -0.999115, 0.079698, -0.035128, 0.998738, 0.035891, 0.023256, 0.000000, 0.000000, 0.000000, 1.000000
-3.6646, -10.0809, -8.8841, 251.9686, 273.9686, 10.0809, 208.9576, 9.1552, 79.4384, 23.3024, 0.994346, -0.042828, -0.097169, -0.010081, 0.052590, 0.993573, 0.100233, -0.008884, 0.092251, -0.104777, 0.990208, 0.251969, 0.000000, 0.000000, 0.000000, 1.000000, 0.092251, -0.104777, 0.990208, 0.273969, -0.994346, 0.042828, 0.097169, 0.010081, -0.052590, -0.993573, -0.100233, 0.208958, 0.000000, 0.000000, 0.000000, 1.000000, 0.998958, 0.036031, -0.027999, 0.009155, -0.028987, 0.027219, -0.999209, 0.079438, -0.035241, 0.998980, 0.028235, 0.023302, 0.000000, 0.000000, 0.000000, 1.000000
-3.3609, -10.4749, -8.9059, 251.9536, 273.9536, 10.4749, 208.9794, 9.1814, 79.3810, 23.3136, 0.996150, -0.043818, -0.075926, -0.010475, 0.051083, 0.994017, 0.096548, -0.008906, 0.071241, -0.100055, 0.992428, 0.251954, 0.000000, 0.000000, 0.000000, 1.000000, 0.071241, -0.100055, 0.992428, 0.273954, -0.996150, 0.043818, 0.075926, 0.010475, -0.051083, -0.994017, -0.096548, 0.208979, 0.000000, 0.000000, 0.000000, 1.000000, 0.999294, 0.035489, -0.012352, 0.009181, -0.013146, 0.022234, -0.999666, 0.079381, -0.035203, 0.999123, 0.022685, 0.023314, 0.000000, 0.000000, 0.000000, 1.000000
-2.8811, -10.8921, -8.9439, 251.7385, 273.7385, 10.8921, 209.0174, 9.4174, 79.4961, 23.3267, 0.996361, -0.042460, -0.073904, -0.010892, 0.050140, 0.993168, 0.105374, -0.008944, 0.068925, -0.108696, 0.991683, 0.251738, 0.000000, 0.000000, 0.000000, 1.000000, 0.068925, -0.108696, 0.991683, 0.273738, -0.996361, 0.042460, 0.073904, 0.010892, -0.050140, -0.993168, -0.105374, 0.209017, 0.000000, 0.000000, 0.000000, 1.000000, 0.999170, 0.036547, -0.018001, 0.009417, -0.019126, 0.030677, -0.999346, 0.079496, -0.035971, 0.998861, 0.031351, 0.023327, 0.000000, 0.000000, 0.000000, 1.000000
-2.6038, -11.2020, -8.9721, 251.6812, 273.6812, 11.2020, 209.0455, 9.4886, 79.4936, 23.3283, 0.996535, -0.041788, -0.071917, -0.011202, 0.049582, 0.992667, 0.110246, -0.008972, 0.066783, -0.113430, 0.991299, 0.251681, 0.000000, 0.000000, 0.000000, 1.000000, 0.066783, -0.113430, 0.991299, 0.273681, -0.996535, 0.041788, 0.071917, 0.011202, -0.049582, -0.992667, -0.110246, 0.209046, 0.000000, 0.000000, 0.000000, 1.000000, 0.999101, 0.037123, -0.020465, 0.009489, -0.021777, 0.035286, -0.999140, 0.079494, -0.036369, 0.998688, 0.036062, 0.023328, 0.000000, 0.000000, 0.000000, 1.000000
-2.0883, -11.5957, -8.9903, 251.7301, 273.7301, 11.5957, 209.0638, 9.8115, 79.3421, 23.3379, 0.996803, -0.041408, -0.068332, -0.011596, 0.048651, 0.992960, 0.107993, -0.008990, 0.063380, -0.110973, 0.991800, 0.251730, 0.000000, 0.000000, 0.000000, 1.000000, 0.063380, -0.110973, 0.991800, 0.273730, -0.996803, 0.041408, 0.068332, 0.011596, -0.048651, -0.992960, -0.107993, 0.209064, 0.000000, 0.000000, 0.000000, 1.000000, 0.998941, 0.037923, -0.026055, 0.009811, -0.027292, 0.032494, -0.999099, 0.079342, -0.037043, 0.998752, 0.033495, 0.023338, 0.000000, 0.000000, 0.000000, 1.000000
-1.6229, -12.0571, -8.9969, 251.9038, 273.9038, 12.0571, 209.0703, 9.9998, 79.0726, 23.3547, 0.997669, -0.042802, -0.053147, -0.012057, 0.048190, 0.993342, 0.104640, -0.008997, 0.048314, -0.106958, 0.993089, 0.251904, 0.000000, 0.000000, 0.000000, 1.000000, 0.048314, -0.106958, 0.993089, 0.273904, -0.997669, 0.042802, 0.053147, 0.012057, -0.048190, -0.993342, -0.104640, 0.209070, 0.000000, 0.000000, 0.000000, 1.000000, 0.999132, 0.036930, -0.019286, 0.010000, -0.020330, 0.028111, -0.999398, 0.079073, -0.036366, 0.998922, 0.028837, 0.023355, 0.000000, 0.000000, 0.000000, 1.000000
-1.2393, -12.4885, -9.0072, 251.8551, 273.8551, 12.4885, 209.0806, 10.0974, 79.0425, 23.3831, 0.998232, -0.042535, -0.041519, -0.012488, 0.046480, 0.993981, 0.099208, -0.009007, 0.037050, -0.100962, 0.994200, 0.251855, 0.000000, 0.000000, 0.000000, 1.000000, 0.037050, -0.100962, 0.994200, 0.273855, -0.998232, 0.042535, 0.041519, 0.012488, -0.046480, -0.993981, -0.099208, 0.209081, 0.000000, 0.000000, 0.000000, 1.000000, 0.999185, 0.037547, -0.014817, 0.010097, -0.015645, 0.021844, -0.999639, 0.079042, -0.037210, 0.999056, 0.022414, 0.023383, 0.000000, 0.000000, 0.000000, 1.000000
-0.7695, -12.9291, -9.0589, 251.7594, 273.7594, 12.9291, 209.1324, 10.3007, 79.0491, 23.3749, 0.998593, -0.043752, -0.029949, -0.012929, 0.046599, 0.993683, 0.102090, -0.009059, 0.025294, -0.103342, 0.994324, 0.251759, 0.000000, 0.000000, 0.000000, 1.000000, 0.025294, -0.103342, 0.994324, 0.273759, -0.998593, 0.043752, 0.029949, 0.012929, -0.046599, -0.993683, -0.102090, 0.209132, 0.000000, 0.000000, 0.000000, 1.000000, 0.999272, 0.036463, -0.011245, 0.010301, -0.012122, 0.023911, -0.999641, 0.079049, -0.036181, 0.999049, 0.024335, 0.023375, 0.000000, 0.000000, 0.000000, 1.000000
-0.2729, -13.3808, -9.0572, 251.8425, 273.8425, 13.3808, 209.1306, 10.5355, 78.8702, 23.4064, 0.998605, -0.043036, -0.030589, -0.013381, 0.045895, 0.993939, 0.099895, -0.009057, 0.026105, -0.101159, 0.994528, 0.251842, 0.000000, 0.000000, 0.000000, 1.000000, 0.026105, -0.101159, 0.994528, 0.273842, -0.998605, 0.043036, 0.030589, 0.013381, -0.045895, -0.993939, -0.099895, 0.209131, 0.000000, 0.000000, 0.000000, 1.000000, 0.999085, 0.037407, -0.020724, 0.010536, -0.021534, 0.021403, -0.999539, 0.078870, -0.036946, 0.999071, 0.022189, 0.023406, 0.000000, 0.000000, 0.000000, 1.000000
0.3041, -13.9306, -9.0480, 251.8390, 273.8390, 13.9306, 209.1215, 10.7820, 78.7639, 23.4601, 0.998982, -0.043774, -0.010858, -0.013931, 0.044615, 0.994396, 0.095840, -0.009048, 0.006602, -0.096227, 0.995338, 0.251839, 0.000000, 0.000000, 0.000000, 1.000000, 0.006602, -0.096227, 0.995338, 0.273839, -0.998982, 0.043774, 0.010858, 0.013931, -0.044615, -0.994396, -0.095840, 0.209121, 0.000000, 0.000000, 0.000000, 1.000000, 0.999254, 0.036880, -0.011454, 0.010782, -0.012053, 0.016074, -0.999798, 0.078764, -0.036688, 0.999190, 0.016506, 0.023460, 0.000000, 0.000000, 0.000000, 1.000000
0.6658, -14.3284, -9.0902, 251.5596, 273.5596, 14.3284, 209.1636, 10.8833, 78.9794, 23.4725, 0.999082, -0.042677, -0.003659, -0.014328, 0.042823, 0.993304, 0.107304, -0.009090, -0.000945, -0.107362, 0.994220, 0.251560, 0.000000, 0.000000, 0.000000, 1.000000, -0.000945, -0.107362, 0.994220, 0.273560, -0.999082, 0.042677, 0.003659, 0.014328, -0.042823, -0.993304, -0.107304, 0.209164, 0.000000, 0.000000, 0.000000, 1.000000, 0.999225, 0.038151, -0.009660, 0.010883, -0.010695, 0.027018, -0.999578, 0.078979, -0.037873, 0.998907, 0.027405, 0.023473, 0.000000, 0.000000, 0.000000, 1.000000
1.4493, -15.0147, -9.1178, 251.7082, 273.7082, 15.0147, 209.1912, 11.2720, 78.6924, 23.4886, 0.999074, -0.042600, 0.005988, -0.015015, 0.041718, 0.993405, 0.106798, -0.009118, -0.010498, -0.106449, 0.994263, 0.251708, 0.000000, 0.000000, 0.000000, 1.000000, -0.010498, -0.106449, 0.994263, 0.273708, -0.999074, 0.042600, -0.005988, 0.015015, -0.041718, -0.993405, -0.106798, 0.209191, 0.000000, 0.000000, 0.000000, 1.000000, 0.999161, 0.038575, -0.013755, 0.011272, -0.014748, 0.025575, -0.999564, 0.078692, -0.038206, 0.998928, 0.026122, 0.023489, 0.000000, 0.000000, 0.000000, 1.000000
2.0966, -15.5390, -9.1699, 251.4911, 273.4911, 15.5390, 209.2434, 11.6426, 78.7979, 23.4963, 0.999135, -0.041239, 0.005334, -0.015539, 0.040333, 0.992315, 0.116976, -0.009170, -0.010117, -0.116659, 0.993120, 0.251491, 0.000000, 0.000000, 0.000000, 1.000000, -0.010117, -0.116659, 0.993120, 0.273491, -0.999135, 0.041239, -0.005334, 0.015539, -0.040333, -0.992315, -0.116976, 0.209243, 0.000000, 0.000000, 0.000000, 1.000000, 0.998869, 0.040536, -0.024864, 0.011643, -0.026302, 0.035352, -0.999029, 0.078798, -0.039618, 0.998552, 0.036378, 0.023496, 0.000000, 0.000000, 0.000000, 1.000000
2.6446, -16.0611, -9.1850, 251.7321, 273.7321, 16.0611, 209.2584, 11.8627, 78.4665, 23.5042, 0.998817, -0.043411, 0.021932, -0.016061, 0.040909, 0.993745, 0.103912, -0.009185, -0.026305, -0.102891, 0.994345, 0.251732, 0.000000, 0.000000, 0.000000, 1.000000, -0.026305, -0.102891, 0.994345, 0.273732, -0.998817, 0.043411, -0.021932, 0.016061, -0.040909, -0.993745, -0.103912, 0.209258, 0.000000, 0.000000, 0.000000, 1.000000, 0.999093, 0.038144, -0.018952, 0.011863, -0.019772, 0.021229, -0.999579, 0.078467, -0.037726, 0.999047, 0.021963, 0.023504, 0.000000, 0.000000, 0.000000, 1.000000
2.9386, -16.5049, -9.1817, 251.7298, 273.7298, 16.5049, 209.2552, 11.8237, 78.4277, 23.5434, 0.998599, -0.043078, 0.030731, -0.016505, 0.039609, 0.993606, 0.105727, -0.009182, -0.035089, -0.104362, 0.993920, 0.251730, 0.000000, 0.000000, 0.000000, 1.000000, -0.035089, -0.104362, 0.993920, 0.273730, -0.998599, 0.043078, -0.030731, 0.016505, -0.039609, -0.993606, -0.105727, 0.209255, 0.000000, 0.000000, 0.000000, 1.000000, 0.999138, 0.038653, -0.015159, 0.011824, -0.016036, 0.022492, -0.999618, 0.078428, -0.038297, 0.999000, 0.023092, 0.023543, 0.000000, 0.000000, 0.000000, 1.000000
3.4761, -16.9509, -9.1483, 251.5642, 273.5642, 16.9509, 209.2218, 12.1281, 78.5007, 23.6257, 0.998364, -0.041888, 0.038925, -0.016951, 0.037693, 0.993979, 0.102880, -0.009148, -0.043000, -0.101244, 0.993932, 0.251564, 0.000000, 0.000000, 0.000000, 1.000000, -0.043000, -0.101244, 0.993932, 0.273564, -0.998364, 0.041888, -0.038925, 0.016951, -0.037693, -0.993979, -0.102880, 0.209222, 0.000000, 0.000000, 0.000000, 1.000000, 0.999067, 0.039877, -0.016596, 0.012128, -0.017362, 0.018927, -0.999670, 0.078501, -0.039549, 0.999025, 0.019602, 0.023626, 0.000000, 0.000000, 0.000000, 1.000000
3.9204, -17.3669, -9.1902, 251.6318, 273.6318, 17.3669, 209.2636, 12.3147, 78.3677, 23.6123, 0.997662, -0.043536, 0.052680, -0.017367, 0.037905, 0.993905, 0.103522, -0.009190, -0.056865, -0.101283, 0.993231, 0.251632, 0.000000, 0.000000, 0.000000, 1.000000, -0.056865, -0.101283, 0.993231, 0.273632, -0.997662, 0.043536, -0.052680, 0.017367, -0.037905, -0.993905, -0.103522, 0.209264, 0.000000, 0.000000, 0.000000, 1.000000, 0.999207, 0.038381, -0.010569, 0.012315, -0.011295, 0.018769, -0.999760, 0.078368, -0.038173, 0.999087, 0.019188, 0.023612, 0.000000, 0.000000, 0.000000, 1.000000
4.2078, -17.6989, -9.1797, 251.8552, 273.8552, 17.6989, 209.2532, 12.3613, 78.1051, 23.6315, 0.997410, -0.043021, 0.057646, -0.017699, 0.037163, 0.994383, 0.099100, -0.009180, -0.061586, -0.096701, 0.993406, 0.251855, 0.000000, 0.000000, 0.000000, 1.000000, -0.061586, -0.096701, 0.993406, 0.273855, -0.997410, 0.043021, -0.057646, 0.017699, -0.037163, -0.994383, -0.099100, 0.209253, 0.000000, 0.000000, 0.000000, 1.000000, 0.999192, 0.038673, -0.010988, 0.012361, -0.011535, 0.013946, -0.999836, 0.078105, -0.038513, 0.999155, 0.014381, 0.023632, 0.000000, 0.000000, 0.000000, 1.000000
5.0528, -18.4599, -9.2697, 251.6876, 273.6876, 18.4599, 209.3432, 12.7647, 78.1527, 23.6168, 0.996881, -0.042440, 0.066537, -0.018460, 0.035058, 0.993485, 0.108434, -0.009270, -0.070706, -0.105763, 0.991874, 0.251688, 0.000000, 0.000000, 0.000000, 1.000000, -0.070706, -0.105763, 0.991874, 0.273688, -0.996881, 0.042440, -0.066537, 0.018460, -0.035058, -0.993485, -0.108434, 0.209343, 0.000000, 0.000000, 0.000000, 1.000000, 0.999062, 0.040209, -0.016080, 0.012765, -0.016990, 0.022398, -0.999605, 0.078153, -0.039832, 0.998940, 0.023061, 0.023617, 0.000000, 0.000000, 0.000000, 1.000000
5.3442, -18.8149, -9.2641, 251.5490, 273.5490, 18.8149, 209.3375, 12.8232, 78.2556, 23.6621, 0.995823, -0.043022, 0.080531, -0.018815, 0.034100, 0.993451, 0.109056, -0.009264, -0.084695, -0.105855, 0.990768, 0.251549, 0.000000, 0.000000, 0.000000, 1.000000, -0.084695, -0.105855, 0.990768, 0.273549, -0.995823, 0.043022, -0.080531, 0.018815, -0.034100, -0.993451, -0.109056, 0.209338, 0.000000, 0.000000, 0.000000, 1.000000, 0.999184, 0.039751, -0.007120, 0.012823, -0.008012, 0.022339, -0.999718, 0.078256, -0.039581, 0.998960, 0.022640, 0.023662, 0.000000, 0.000000, 0.000000, 1.000000
5.8443, -19.2029, -9.2932, 251.9104, 273.9104, 19.2029, 209.3667, 13.0810, 77.8230, 23.6355, 0.996363, -0.042464, 0.073872, -0.019203, 0.034314, 0.993528, 0.108283, -0.009293, -0.077992, -0.105355, 0.991372, 0.251910, 0.000000, 0.000000, 0.000000, 1.000000, -0.077992, -0.105355, 0.991372, 0.273910, -0.996363, 0.042464, -0.073872, 0.019203, -0.034314, -0.993528, -0.108283, 0.209367, 0.000000, 0.000000, 0.000000, 1.000000, 0.998927, 0.040451, -0.022569, 0.013081, -0.023450, 0.021434, -0.999495, 0.077823, -0.039947, 0.998952, 0.022360, 0.023636, 0.000000, 0.000000, 0.000000, 1.000000
6.2996, -19.6224, -9.2999, 251.7003, 273.7003, 19.6224, 209.3734, 13.3065, 77.9698, 23.6794, 0.995185, -0.041824, 0.088644, -0.019622, 0.031923, 0.993385, 0.110304, -0.009300, -0.092671, -0.106943, 0.989937, 0.251700, 0.000000, 0.000000, 0.000000, 1.000000, -0.092671, -0.106943, 0.989937, 0.273700, -0.995185, 0.041824, -0.088644, 0.019622, -0.031923, -0.993385, -0.110304, 0.209373, 0.000000, 0.000000, 0.000000, 1.000000, 0.999021, 0.041423, -0.015564, 0.013306, -0.016511, 0.022630, -0.999608, 0.077970, -0.041054, 0.998885, 0.023292, 0.023679, 0.000000, 0.000000, 0.000000, 1.000000
6.7724, -20.0821, -9.3090, 251.8880, 273.8880, 20.0821, 209.3825, 13.4710, 77.7249, 23.6924, 0.993926, -0.042240, 0.101626, -0.020082, 0.031034, 0.993511, 0.109423, -0.009309, -0.105588, -0.105605, 0.988787, 0.251888, 0.000000, 0.000000, 0.000000, 1.000000, -0.105588, -0.105605, 0.988787, 0.273888, -0.993926, 0.042240, -0.101626, 0.020082, -0.031034, -0.993511, -0.109423, 0.209382, 0.000000, 0.000000, 0.000000, 1.000000, 0.999098, 0.041044, -0.010882, 0.013471, -0.011752, 0.021000, -0.999710, 0.077725, -0.040803, 0.998937, 0.021463, 0.023692, 0.000000, 0.000000, 0.000000, 1.000000
7.1130, -20.3836, -9.3274, 252.0129, 274.0129, 20.3836, 209.4009, 13.6173, 77.5578, 23.6885, 0.993653, -0.042375, 0.104200, -0.020384, 0.031249, 0.993856, 0.106176, -0.009327, -0.108059, -0.102246, 0.988873, 0.252013, 0.000000, 0.000000, 0.000000, 1.000000, -0.108059, -0.102246, 0.988873, 0.274013, -0.993653, 0.042375, -0.104200, 0.020384, -0.031249, -0.993856, -0.106176, 0.209401, 0.000000, 0.000000, 0.000000, 1.000000, 0.999069, 0.040634, -0.014516, 0.013617, -0.015234, 0.017420, -0.999732, 0.077558, -0.040370, 0.999022, 0.018022, 0.023688, 0.000000, 0.000000, 0.000000, 1.000000
7.5753, -20.8019, -9.3423, 251.9577, 273.9577, 20.8019, 209.4157, 13.8356, 77.5548, 23.7118, 0.993093, -0.042403, 0.109396, -0.020802, 0.030434, 0.993592, 0.108853, -0.009342, -0.113310, -0.104772, 0.988020, 0.251958, 0.000000, 0.000000, 0.000000, 1.000000, -0.113310, -0.104772, 0.988020, 0.273958, -0.993093, 0.042403, -0.109396, 0.020802, -0.030434, -0.993592, -0.108853, 0.209416, 0.000000, 0.000000, 0.000000, 1.000000, 0.999009, 0.041066, -0.017146, 0.013836, -0.017963, 0.019613, -0.999646, 0.077555, -0.040715, 0.998964, 0.020331, 0.023712, 0.000000, 0.000000, 0.000000, 1.000000
7.8359, -21.0348, -9.3172, 251.9929, 273.9929, 21.0348, 209.3906, 13.9549, 77.4849, 23.7527, 0.992157, -0.042255, 0.117641, -0.021035, 0.029244, 0.993479, 0.110200, -0.009317, -0.121530, -0.105896, 0.986923, 0.251993, 0.000000, 0.000000, 0.000000, 1.000000, -0.121530, -0.105896, 0.986923, 0.273993, -0.992157, 0.042255, -0.117641, 0.021035, -0.029244, -0.993479, -0.110200, 0.209391, 0.000000, 0.000000, 0.000000, 1.000000, 0.999052, 0.041450, -0.013302, 0.013955, -0.014162, 0.020526, -0.999689, 0.077485, -0.041164, 0.998930, 0.021094, 0.023753, 0.000000, 0.000000, 0.000000, 1.000000
8.2912, -21.4708, -9.3729, 251.9214, 273.9214, 21.4708, 209.4463, 14.1466, 77.5083, 23.7382, 0.991173, -0.042422, 0.125605, -0.021471, 0.028254, 0.993249, 0.112507, -0.009373, -0.129530, -0.107965, 0.985680, 0.251921, 0.000000, 0.000000, 0.000000, 1.000000, -0.129530, -0.107965, 0.985680, 0.273921, -0.991173, 0.042422, -0.125605, 0.021471, -0.028254, -0.993249, -0.112507, 0.209446, 0.000000, 0.000000, 0.000000, 1.000000, 0.999044, 0.041735, -0.013046, 0.014147, -0.013984, 0.022281, -0.999654, 0.077508, -0.041429, 0.998880, 0.022843, 0.023738, 0.000000, 0.000000, 0.000000, 1.000000
8.8093, -21.9595, -9.3749, 252.0000, 274.0000, 21.9595, 209.4483, 14.3529, 77.3730, 23.7693, 0.990455, -0.042570, 0.131095, -0.021959, 0.027307, 0.992862, 0.116103, -0.009375, -0.135102, -0.111415, 0.984548, 0.252000, 0.000000, 0.000000, 0.000000, 1.000000, -0.135102, -0.111415, 0.984548, 0.274000, -0.990455, 0.042570, -0.131095, 0.021959, -0.027307, -0.992862, -0.116103, 0.209448, 0.000000, 0.000000, 0.000000, 1.000000, 0.998973, 0.042299, -0.016255, 0.014353, -0.017338, 0.025357, -0.999528, 0.077373, -0.041867, 0.998783, 0.026064, 0.023769, 0.000000, 0.000000, 0.000000, 1.000000
9.2650, -22.3888, -9.3623, 252.2479, 274.2479, 22.3888, 209.4358, 14.5056, 77.0789, 23.7966, 0.989122, -0.043089, 0.140647, -0.022389, 0.027449, 0.993407, 0.111306, -0.009362, -0.144516, -0.106235, 0.983783, 0.252248, 0.000000, 0.000000, 0.000000, 1.000000, -0.144516, -0.106235, 0.983783, 0.274248, -0.989122, 0.043089, -0.140647, 0.022389, -0.027449, -0.993407, -0.111306, 0.209436, 0.000000, 0.000000, 0.000000, 1.000000, 0.999039, 0.041178, -0.014998, 0.014506, -0.015830, 0.019957, -0.999676, 0.077079, -0.040865, 0.998953, 0.020590, 0.023797, 0.000000, 0.000000, 0.000000, 1.000000
9.6152, -22.7159, -9.3789, 252.0925, 274.0925, 22.7159, 209.4523, 14.6801, 77.1964, 23.8189, 0.988116, -0.042304, 0.147772, -0.022716, 0.025490, 0.993168, 0.113877, -0.009379, -0.151580, -0.108757, 0.982444, 0.252092, 0.000000, 0.000000, 0.000000, 1.000000, -0.151580, -0.108757, 0.982444, 0.274092, -0.988116, 0.042304, -0.147772, 0.022716, -0.025490, -0.993168, -0.113877, 0.209452, 0.000000, 0.000000, 0.000000, 1.000000, 0.999003, 0.042483, -0.013705, 0.014680, -0.014653, 0.022077, -0.999649, 0.077196, -0.042165, 0.998853, 0.022677, 0.023819, 0.000000, 0.000000, 0.000000, 1.000000
10.0890, -23.1180, -9.4189, 252.2101, 274.2101, 23.1180, 209.4923, 14.8995, 77.0296, 23.8021, 0.987166, -0.042791, 0.153861, -0.023118, 0.025045, 0.992994, 0.115482, -0.009419, -0.157724, -0.110146, 0.981321, 0.252210, 0.000000, 0.000000, 0.000000, 1.000000, -0.157724, -0.110146, 0.981321, 0.274210, -0.987166, 0.042791, -0.153861, 0.023118, -0.025045, -0.992994, -0.115482, 0.209492, 0.000000, 0.000000, 0.000000, 1.000000, 0.998977, 0.042421, -0.015687, 0.014900, -0.016681, 0.023187, -0.999592, 0.077030, -0.042040, 0.998831, 0.023871, 0.023802, 0.000000, 0.000000, 0.000000, 1.000000
10.6431, -23.7106, -9.3802, 252.2976, 274.2976, 23.7106, 209.4536, 15.0491, 76.8997, 23.8813, 0.985340, -0.042480, 0.165228, -0.023711, 0.023943, 0.993352, 0.112602, -0.009380, -0.168913, -0.106995, 0.979806, 0.252298, 0.000000, 0.000000, 0.000000, 1.000000, -0.168913, -0.106995, 0.979806, 0.274298, -0.985340, 0.042480, -0.165228, 0.023711, -0.023943, -0.993352, -0.112602, 0.209454, 0.000000, 0.000000, 0.000000, 1.000000, 0.999002, 0.042383, -0.014113, 0.015049, -0.014955, 0.019601, -0.999696, 0.076900, -0.042093, 0.998909, 0.020215, 0.023881, 0.000000, 0.000000, 0.000000, 1.000000
