# Joint_A_Angle(deg), Cam_X(mm), Cam_Y(mm), Cam_Z(mm), Torso_X(mm), Torso_Y(mm), Torso_Z(mm), EE_X(mm), EE_Y(mm), EE_Z(mm), T_cam2marker_flat(16), T_torso2marker_flat(16), T_ee2marker_flat(16)
-14.9915, 35.5462, -11.3202, 179.6600, 248.6595, -26.5506, 268.3936, -16.3322, -31.6032, -46.6092, 0.678209, 0.731958, -0.065348, 0.035546, -0.705842, 0.673585, 0.219247, -0.011320, 0.204497, -0.102570, 0.973478, 0.179660, 0.000000, 0.000000, 0.000000, 1.000000, 0.204484, -0.102584, 0.973480, 0.248659, -0.678213, -0.731956, 0.065329, -0.026551, 0.705842, -0.673585, -0.219247, 0.268394, 0.000000, 0.000000, 0.000000, 1.000000, -0.990639, 0.128959, 0.044762, -0.016332, 0.040751, -0.033581, 0.998605, -0.031603, 0.130282, 0.991081, 0.028012, -0.046609, 0.000000, 0.000000, 0.000000, 1.000000
-14.9460, 35.5466, -11.2933, 179.6938, 248.6934, -26.5501, 268.3668, -16.3411, -31.5524, -46.5956, 0.678354, 0.731979, -0.063577, 0.035547, -0.705819, 0.673249, 0.220352, -0.011293, 0.204096, -0.104603, 0.973346, 0.179694, 0.000000, 0.000000, 0.000000, 1.000000, 0.204086, -0.104614, 0.973347, 0.248693, -0.678357, -0.731978, 0.063562, -0.026550, 0.705819, -0.673249, -0.220352, 0.268367, 0.000000, 0.000000, 0.000000, 1.000000, -0.990604, 0.129000, 0.045424, -0.016341, 0.041133, -0.035738, 0.998514, -0.031552, 0.130432, 0.991000, 0.030096, -0.046596, 0.000000, 0.000000, 0.000000, 1.000000
-14.8608, 35.5134, -11.2219, 179.6874, 248.6870, -26.5169, 268.2953, -16.3111, -31.5204, -46.5807, 0.679357, 0.731269, -0.060994, 0.035513, -0.705533, 0.673770, 0.219674, -0.011222, 0.201737, -0.106204, 0.973665, 0.179687, 0.000000, 0.000000, 0.000000, 1.000000, 0.201727, -0.106215, 0.973666, 0.248687, -0.679360, -0.731267, 0.060979, -0.026517, 0.705533, -0.673770, -0.219674, 0.268295, 0.000000, 0.000000, 0.000000, 1.000000, -0.990494, 0.130046, 0.044824, -0.016311, 0.040278, -0.037377, 0.998489, -0.031520, 0.131525, 0.990803, 0.031783, -0.046581, 0.000000, 0.000000, 0.000000, 1.000000
-14.6285, 35.3838, -11.1118, 179.4109, 248.4105, -26.3873, 268.1853, -16.2299, -31.7008, -46.6087, 0.678768, 0.731643, -0.063026, 0.035384, -0.705481, 0.673504, 0.220653, -0.011112, 0.203888, -0.105309, 0.973314, 0.179411, 0.000000, 0.000000, 0.000000, 1.000000, 0.203877, -0.105320, 0.973315, 0.248411, -0.678771, -0.731642, 0.063011, -0.026387, 0.705481, -0.673504, -0.220653, 0.268185, 0.000000, 0.000000, 0.000000, 1.000000, -0.990297, 0.129316, 0.050889, -0.016230, 0.046454, -0.037087, 0.998232, -0.031701, 0.130974, 0.990910, 0.030720, -0.046609, 0.000000, 0.000000, 0.000000, 1.000000
-14.4026, 35.2717, -10.9829, 179.3182, 248.3178, -26.2752, 268.0564, -16.1717, -31.7012, -46.6203, 0.679469, 0.731317, -0.059144, 0.035272, -0.706457, 0.673870, 0.216375, -0.010983, 0.198094, -0.105237, 0.974517, 0.179318, 0.000000, 0.000000, 0.000000, 1.000000, 0.198084, -0.105248, 0.974518, 0.248318, -0.679472, -0.731315, 0.059129, -0.026275, 0.706457, -0.673870, -0.216375, 0.268056, 0.000000, 0.000000, 0.000000, 1.000000, -0.990352, 0.129638, 0.048962, -0.016172, 0.044453, -0.037449, 0.998309, -0.031701, 0.131252, 0.990854, 0.031325, -0.046620, 0.000000, 0.000000, 0.000000, 1.000000
-14.1827, 35.1551, -10.8418, 179.3045, 248.3041, -26.1586, 267.9153, -16.1107, -31.6240, -46.6322, 0.679477, 0.731515, -0.056545, 0.035155, -0.707755, 0.673815, 0.212264, -0.010842, 0.193375, -0.104209, 0.975575, 0.179305, 0.000000, 0.000000, 0.000000, 1.000000, 0.193365, -0.104220, 0.975576, 0.248304, -0.679480, -0.731513, 0.056530, -0.026159, 0.707755, -0.673815, -0.212264, 0.267915, 0.000000, 0.000000, 0.000000, 1.000000, -0.990468, 0.129172, 0.047834, -0.016111, 0.043397, -0.036951, 0.998374, -0.031624, 0.130729, 0.990934, 0.030994, -0.046632, 0.000000, 0.000000, 0.000000, 1.000000
-13.7344, 34.8568, -10.5442, 178.8779, 247.8775, -25.8603, 267.6177, -15.8827, -31.8588, -46.6809, 0.679143, 0.731861, -0.056074, 0.034857, -0.709401, 0.674073, 0.205855, -0.010544, 0.188455, -0.100026, 0.976975, 0.178878, 0.000000, 0.000000, 0.000000, 1.000000, 0.188445, -0.100037, 0.976975, 0.247878, -0.679145, -0.731860, 0.056059, -0.025860, 0.709401, -0.674073, -0.205855, 0.267618, 0.000000, 0.000000, 0.000000, 1.000000, -0.990478, 0.128257, 0.050035, -0.015883, 0.046056, -0.033809, 0.998367, -0.031859, 0.129739, 0.991165, 0.027580, -0.046681, 0.000000, 0.000000, 0.000000, 1.000000
-13.4308, 34.7336, -10.3418, 178.8559, 247.8555, -25.7371, 267.4152, -15.8144, -31.7607, -46.6621, 0.679422, 0.731765, -0.053903, 0.034734, -0.709669, 0.674016, 0.205115, -0.010342, 0.186427, -0.101107, 0.977252, 0.178856, 0.000000, 0.000000, 0.000000, 1.000000, 0.186417, -0.101118, 0.977253, 0.247856, -0.679425, -0.731763, 0.053888, -0.025737, 0.709669, -0.674016, -0.205115, 0.267415, 0.000000, 0.000000, 0.000000, 1.000000, -0.990302, 0.128244, 0.053430, -0.015814, 0.049248, -0.035560, 0.998153, -0.031761, 0.129907, 0.991105, 0.028900, -0.046662, 0.000000, 0.000000, 0.000000, 1.000000
-13.2368, 34.5719, -10.1870, 178.7463, 247.7459, -25.5753, 267.2604, -15.6882, -31.7860, -46.6981, 0.679907, 0.731777, -0.047204, 0.034572, -0.710982, 0.673609, 0.201879, -0.010187, 0.179527, -0.103698, 0.978272, 0.178746, 0.000000, 0.000000, 0.000000, 1.000000, 0.179517, -0.103709, 0.978273, 0.247746, -0.679910, -0.731776, 0.047189, -0.025575, 0.710982, -0.673609, -0.201879, 0.267260, 0.000000, 0.000000, 0.000000, 1.000000, -0.990484, 0.128157, 0.050175, -0.015688, 0.045570, -0.038616, 0.998215, -0.031786, 0.129866, 0.991002, 0.032408, -0.046698, 0.000000, 0.000000, 0.000000, 1.000000
-12.8430, 34.4177, -9.9295, 178.7145, 247.7141, -25.4211, 267.0030, -15.6058, -31.6672, -46.6720, 0.680965, 0.731094, -0.042298, 0.034418, -0.711898, 0.674417, 0.195866, -0.009930, 0.171723, -0.103266, 0.979718, 0.178715, 0.000000, 0.000000, 0.000000, 1.000000, 0.171713, -0.103277, 0.979719, 0.247714, -0.680967, -0.731092, 0.042283, -0.025421, 0.711898, -0.674417, -0.195866, 0.267003, 0.000000, 0.000000, 0.000000, 1.000000, -0.990441, 0.128876, 0.049161, -0.015606, 0.044484, -0.038929, 0.998251, -0.031667, 0.130565, 0.990896, 0.032824, -0.046672, 0.000000, 0.000000, 0.000000, 1.000000
-12.6850, 34.2841, -9.8663, 178.4505, 247.4501, -25.2876, 266.9398, -15.5296, -31.8717, -46.7311, 0.680225, 0.731642, -0.044651, 0.034284, -0.712057, 0.674018, 0.196659, -0.009866, 0.173980, -0.101978, 0.979455, 0.178451, 0.000000, 0.000000, 0.000000, 1.000000, 0.173970, -0.101989, 0.979455, 0.247450, -0.680227, -0.731641, 0.044636, -0.025288, 0.712057, -0.674018, -0.196659, 0.266940, 0.000000, 0.000000, 0.000000, 1.000000, -0.990311, 0.127958, 0.053955, -0.015530, 0.049456, -0.038084, 0.998050, -0.031872, 0.129763, 0.991048, 0.031387, -0.046731, 0.000000, 0.000000, 0.000000, 1.000000
-12.4117, 34.1263, -9.6725, 178.4100, 247.4097, -25.1298, 266.7460, -15.4288, -31.8062, -46.7445, 0.680816, 0.731439, -0.038556, 0.034126, -0.713761, 0.674338, 0.189244, -0.009673, 0.164420, -0.101321, 0.981173, 0.178410, 0.000000, 0.000000, 0.000000, 1.000000, 0.164410, -0.101332, 0.981173, 0.247410, -0.680819, -0.731437, 0.038541, -0.025130, 0.713761, -0.674338, -0.189244, 0.266746, 0.000000, 0.000000, 0.000000, 1.000000, -0.990555, 0.128067, 0.048993, -0.015429, 0.044464, -0.037993, 0.998288, -0.031806, 0.129709, 0.991038, 0.031940, -0.046745, 0.000000, 0.000000, 0.000000, 1.000000
-12.2010, 33.9982, -9.4741, 178.3207, 247.3203, -25.0017, 266.5475, -15.3003, -31.8081, -46.7288, 0.680973, 0.731388, -0.036715, 0.033998, -0.714793, 0.674749, 0.183803, -0.009474, 0.159205, -0.098921, 0.982277, 0.178321, 0.000000, 0.000000, 0.000000, 1.000000, 0.159194, -0.098932, 0.982278, 0.247320, -0.680975, -0.731386, 0.036700, -0.025002, 0.714793, -0.674749, -0.183803, 0.266548, 0.000000, 0.000000, 0.000000, 1.000000, -0.990658, 0.127989, 0.047077, -0.015300, 0.042791, -0.036030, 0.998434, -0.031808, 0.129485, 0.991121, 0.030217, -0.046729, 0.000000, 0.000000, 0.000000, 1.000000
-11.7272, 33.7388, -9.1887, 178.0576, 247.0573, -24.7414, 266.2622, -15.1511, -31.8990, -46.7616, 0.680571, 0.731850, -0.034904, 0.033739, -0.715805, 0.674306, 0.181481, -0.009189, 0.156353, -0.098526, 0.982775, 0.178058, 0.000000, 0.000000, 0.000000, 1.000000, 0.156345, -0.098534, 0.982775, 0.247057, -0.680573, -0.731849, 0.034893, -0.024741, 0.715805, -0.674306, -0.181481, 0.266262, 0.000000, 0.000000, 0.000000, 1.000000, -0.990518, 0.127014, 0.052352, -0.015151, 0.048043, -0.036760, 0.998169, -0.031899, 0.128706, 0.991220, 0.030309, -0.046762, 0.000000, 0.000000, 0.000000, 1.000000
-11.4370, 33.5856, -9.0043, 177.9042, 246.9040, -24.5882, 266.0777, -15.0580, -31.9482, -46.7714, 0.680997, 0.731612, -0.031427, 0.033586, -0.716672, 0.674677, 0.176610, -0.009004, 0.150413, -0.097748, 0.983779, 0.177904, 0.000000, 0.000000, 0.000000, 1.000000, 0.150405, -0.097756, 0.983779, 0.246904, -0.680999, -0.731611, 0.031415, -0.024588, 0.716672, -0.674677, -0.176610, 0.266078, 0.000000, 0.000000, 0.000000, 1.000000, -0.990550, 0.127178, 0.051356, -0.015058, 0.047057, -0.036582, 0.998222, -0.031948, 0.128830, 0.991205, 0.030251, -0.046771, 0.000000, 0.000000, 0.000000, 1.000000
-11.1621, 33.4092, -8.8070, 177.7300, 246.7297, -24.4118, 265.8805, -14.9308, -32.0221, -46.7915, 0.680735, 0.731915, -0.030000, 0.033409, -0.717692, 0.674589, 0.172766, -0.008807, 0.146688, -0.096077, 0.984506, 0.177730, 0.000000, 0.000000, 0.000000, 1.000000, 0.146680, -0.096085, 0.984506, 0.246730, -0.680737, -0.731914, 0.029989, -0.024412, 0.717692, -0.674589, -0.172766, 0.265880, 0.000000, 0.000000, 0.000000, 1.000000, -0.990586, 0.126575, 0.052140, -0.014931, 0.047999, -0.035548, 0.998215, -0.032022, 0.128202, 0.991320, 0.029138, -0.046792, 0.000000, 0.000000, 0.000000, 1.000000
-10.7556, 33.2196, -8.5200, 177.8918, 246.8915, -24.2222, 265.5935, -14.8315, -31.7200, -46.7862, 0.682011, 0.731121, -0.017979, 0.033220, -0.719284, 0.675009, 0.164296, -0.008520, 0.132256, -0.099120, 0.986247, 0.177892, 0.000000, 0.000000, 0.000000, 1.000000, 0.132248, -0.099129, 0.986247, 0.246891, -0.682012, -0.731120, 0.017967, -0.024222, 0.719284, -0.675009, -0.164296, 0.265593, 0.000000, 0.000000, 0.000000, 1.000000, -0.990818, 0.127423, 0.045199, -0.014831, 0.040477, -0.039409, 0.998403, -0.031720, 0.129001, 0.991065, 0.033889, -0.046786, 0.000000, 0.000000, 0.000000, 1.000000
-10.4295, 33.0043, -8.3107, 177.5797, 246.5794, -24.0069, 265.3841, -14.6883, -31.9202, -46.8243, 0.682114, 0.731062, -0.016385, 0.033004, -0.718947, 0.674565, 0.167562, -0.008311, 0.133550, -0.102517, 0.985725, 0.177580, 0.000000, 0.000000, 0.000000, 1.000000, 0.133543, -0.102525, 0.985726, 0.246579, -0.682115, -0.731061, 0.016373, -0.024007, 0.718947, -0.674565, -0.167562, 0.265384, 0.000000, 0.000000, 0.000000, 1.000000, -0.990480, 0.127190, 0.052641, -0.014688, 0.047443, -0.043557, 0.997924, -0.031920, 0.129219, 0.990922, 0.037108, -0.046824, 0.000000, 0.000000, 0.000000, 1.000000
-10.2070, 32.8905, -8.1696, 177.4429, 246.4426, -23.8931, 265.2430, -14.6197, -31.9832, -46.8281, 0.681294, 0.731749, -0.019557, 0.032891, -0.720601, 0.675135, 0.157886, -0.008170, 0.128736, -0.093474, 0.987264, 0.177443, 0.000000, 0.000000, 0.000000, 1.000000, 0.128729, -0.093483, 0.987264, 0.246443, -0.681296, -0.731748, 0.019545, -0.023893, 0.720601, -0.675135, -0.157886, 0.265243, 0.000000, 0.000000, 0.000000, 1.000000, -0.990714, 0.126269, 0.050422, -0.014620, 0.046347, -0.035007, 0.998312, -0.031983, 0.127821, 0.991378, 0.028830, -0.046828, 0.000000, 0.000000, 0.000000, 1.000000
-9.8405, 32.6986, -7.8938, 177.2498, 246.2496, -23.7012, 264.9673, -14.4731, -32.0530, -46.8143, 0.681516, 0.731645, -0.015251, 0.032699, -0.721537, 0.675287, 0.152879, -0.007894, 0.122151, -0.093185, 0.988127, 0.177250, 0.000000, 0.000000, 0.000000, 1.000000, 0.122143, -0.093194, 0.988127, 0.246250, -0.681517, -0.731644, 0.015239, -0.023701, 0.721537, -0.675287, -0.152879, 0.264967, 0.000000, 0.000000, 0.000000, 1.000000, -0.990735, 0.126202, 0.050176, -0.014473, 0.046037, -0.035511, 0.998308, -0.032053, 0.127771, 0.991369, 0.029372, -0.046814, 0.000000, 0.000000, 0.000000, 1.000000
-9.6311, 32.5820, -7.7576, 177.2810, 246.2807, -23.5846, 264.8310, -14.4145, -31.9554, -46.8312, 0.681503, 0.731747, -0.009958, 0.032582, -0.722543, 0.674965, 0.149513, -0.007758, 0.116127, -0.094698, 0.988710, 0.177281, 0.000000, 0.000000, 0.000000, 1.000000, 0.116120, -0.094707, 0.988710, 0.246281, -0.681505, -0.731746, 0.009947, -0.023585, 0.722543, -0.674965, -0.149513, 0.264831, 0.000000, 0.000000, 0.000000, 1.000000, -0.990886, 0.125872, 0.047970, -0.014415, 0.043566, -0.037509, 0.998346, -0.031955, 0.127463, 0.991337, 0.031684, -0.046831, 0.000000, 0.000000, 0.000000, 1.000000
-9.2375, 32.3707, -7.4745, 177.2689, 246.2686, -23.3733, 264.5480, -14.2803, -31.8424, -46.8375, 0.681577, 0.731739, -0.003169, 0.032371, -0.723692, 0.674710, 0.145038, -0.007475, 0.108269, -0.096561, 0.989421, 0.177269, 0.000000, 0.000000, 0.000000, 1.000000, 0.108261, -0.096570, 0.989421, 0.246269, -0.681579, -0.731738, 0.003158, -0.023373, 0.723692, -0.674710, -0.145038, 0.264548, 0.000000, 0.000000, 0.000000, 1.000000, -0.990965, 0.125546, 0.047185, -0.014280, 0.042434, -0.040250, 0.998288, -0.031842, 0.127230, 0.991271, 0.034559, -0.046838, 0.000000, 0.000000, 0.000000, 1.000000
-8.9301, 32.1669, -7.2648, 176.9532, 245.9530, -23.1695, 264.3383, -14.1412, -32.0624, -46.8660, 0.681658, 0.731661, -0.003841, 0.032167, -0.723916, 0.675187, 0.141659, -0.007265, 0.106240, -0.093782, 0.989908, 0.176953, 0.000000, 0.000000, 0.000000, 1.000000, 0.106232, -0.093791, 0.989908, 0.245953, -0.681659, -0.731660, 0.003830, -0.023169, 0.723916, -0.675187, -0.141659, 0.264338, 0.000000, 0.000000, 0.000000, 1.000000, -0.990815, 0.125572, 0.050173, -0.014141, 0.045717, -0.038115, 0.998227, -0.032062, 0.127262, 0.991352, 0.032024, -0.046866, 0.000000, 0.000000, 0.000000, 1.000000
-8.7148, 32.0612, -7.0592, 177.0708, 246.0705, -23.0637, 264.1327, -14.0410, -31.8756, -46.8378, 0.682294, 0.731068, 0.003813, 0.032061, -0.724978, 0.675919, 0.132442, -0.007059, 0.094247, -0.093129, 0.991183, 0.177071, 0.000000, 0.000000, 0.000000, 1.000000, 0.094240, -0.093137, 0.991183, 0.246071, -0.682295, -0.731067, -0.003824, -0.023064, 0.724978, -0.675919, -0.132442, 0.264133, 0.000000, 0.000000, 0.000000, 1.000000, -0.991103, 0.126325, 0.041915, -0.014041, 0.037403, -0.037878, 0.998582, -0.031876, 0.127733, 0.991266, 0.032816, -0.046838, 0.000000, 0.000000, 0.000000, 1.000000
-8.2887, 31.8004, -6.8195, 176.7303, 245.7300, -22.8030, 263.8930, -13.9121, -32.0939, -46.8938, 0.681570, 0.731750, 0.002093, 0.031800, -0.725925, 0.675779, 0.127889, -0.006820, 0.092168, -0.088685, 0.991786, 0.176730, 0.000000, 0.000000, 0.000000, 1.000000, 0.092160, -0.088693, 0.991786, 0.245730, -0.681571, -0.731749, -0.002105, -0.022803, 0.725925, -0.675779, -0.127889, 0.263893, 0.000000, 0.000000, 0.000000, 1.000000, -0.991026, 0.125279, 0.046620, -0.013912, 0.042624, -0.034390, 0.998499, -0.032094, 0.126694, 0.991525, 0.028742, -0.046894, 0.000000, 0.000000, 0.000000, 1.000000
-8.1235, 31.7017, -6.6749, 176.7324, 245.7321, -22.7043, 263.7484, -13.8299, -32.0420, -46.8899, 0.682076, 0.731240, 0.007773, 0.031702, -0.725994, 0.675831, 0.127220, -0.006675, 0.087775, -0.092417, 0.991844, 0.176732, 0.000000, 0.000000, 0.000000, 1.000000, 0.087767, -0.092426, 0.991844, 0.245732, -0.682077, -0.731239, -0.007785, -0.022704, 0.725994, -0.675831, -0.127220, 0.263748, 0.000000, 0.000000, 0.000000, 1.000000, -0.991016, 0.125718, 0.045639, -0.013830, 0.041099, -0.038475, 0.998414, -0.032042, 0.127274, 0.991320, 0.032962, -0.046890, 0.000000, 0.000000, 0.000000, 1.000000
-7.8016, 31.5114, -6.4753, 176.7157, 245.7155, -22.5140, 263.5488, -13.7359, -31.9693, -46.9275, 0.681956, 0.731289, 0.012310, 0.031511, -0.726744, 0.675631, 0.123961, -0.006475, 0.082334, -0.093482, 0.992211, 0.176716, 0.000000, 0.000000, 0.000000, 1.000000, 0.082327, -0.093490, 0.992211, 0.245715, -0.681957, -0.731288, -0.012321, -0.022514, 0.726744, -0.675631, -0.123961, 0.263549, 0.000000, 0.000000, 0.000000, 1.000000, -0.991047, 0.125360, 0.045933, -0.013736, 0.041179, -0.040255, 0.998341, -0.031969, 0.127001, 0.991294, 0.034732, -0.046928, 0.000000, 0.000000, 0.000000, 1.000000
-7.5509, 31.3839, -6.2838, 176.4889, 245.4887, -22.3856, 263.3573, -13.6358, -32.1247, -46.9095, 0.681728, 0.731514, 0.011526, 0.031384, -0.727316, 0.675945, 0.118785, -0.006284, 0.079101, -0.089362, 0.992853, 0.176489, 0.000000, 0.000000, 0.000000, 1.000000, 0.079096, -0.089368, 0.992853, 0.245489, -0.681729, -0.731514, -0.011534, -0.022386, 0.727316, -0.675945, -0.118785, 0.263357, 0.000000, 0.000000, 0.000000, 1.000000, -0.991049, 0.125126, 0.046543, -0.013636, 0.042260, -0.036667, 0.998434, -0.032125, 0.126637, 0.991463, 0.031051, -0.046910, 0.000000, 0.000000, 0.000000, 1.000000
-7.3683, 31.2437, -6.1792, 176.3431, 245.3429, -22.2454, 263.2526, -13.5656, -32.2224, -46.9555, 0.681929, 0.731329, 0.011457, 0.031244, -0.726741, 0.675716, 0.123513, -0.006179, 0.082587, -0.092554, 0.992277, 0.176343, 0.000000, 0.000000, 0.000000, 1.000000, 0.082582, -0.092559, 0.992277, 0.245343, -0.681930, -0.731328, -0.011465, -0.022245, 0.726741, -0.675716, -0.123513, 0.263253, 0.000000, 0.000000, 0.000000, 1.000000, -0.990699, 0.125060, 0.053623, -0.013566, 0.048935, -0.040267, 0.997990, -0.032222, 0.126968, 0.991332, 0.033773, -0.046956, 0.000000, 0.000000, 0.000000, 1.000000
-7.1180, 31.1230, -5.9579, 176.2192, 245.2190, -22.1247, 263.0314, -13.4518, -32.2761, -46.9189, 0.681435, 0.731747, 0.013905, 0.031123, -0.728378, 0.676198, 0.110553, -0.005958, 0.071495, -0.085463, 0.993773, 0.176219, 0.000000, 0.000000, 0.000000, 1.000000, 0.071489, -0.085468, 0.993773, 0.245219, -0.681436, -0.731746, -0.013912, -0.022125, 0.728378, -0.676198, -0.110553, 0.263031, 0.000000, 0.000000, 0.000000, 1.000000, -0.991119, 0.124776, 0.045985, -0.013452, 0.042087, -0.033700, 0.998545, -0.032276, 0.126144, 0.991612, 0.028149, -0.046919, 0.000000, 0.000000, 0.000000, 1.000000
-6.8482, 30.9724, -5.7685, 176.2999, 245.2997, -21.9741, 262.8420, -13.3646, -32.1249, -46.9349, 0.681294, 0.731724, 0.020454, 0.030972, -0.729167, 0.675923, 0.106978, -0.005769, 0.064453, -0.087798, 0.994051, 0.176300, 0.000000, 0.000000, 0.000000, 1.000000, 0.064447, -0.087804, 0.994051, 0.245300, -0.681295, -0.731723, -0.020462, -0.021974, 0.729167, -0.675923, -0.106978, 0.262842, 0.000000, 0.000000, 0.000000, 1.000000, -0.991248, 0.124478, 0.043956, -0.013365, 0.039679, -0.036634, 0.998541, -0.032125, 0.125907, 0.991546, 0.031374, -0.046935, 0.000000, 0.000000, 0.000000, 1.000000
-6.5762, 30.7828, -5.6684, 176.0030, 245.0029, -21.7845, 262.7418, -13.3170, -32.3571, -47.0164, 0.681128, 0.732026, 0.014233, 0.030783, -0.728260, 0.675364, 0.116277, -0.005668, 0.075505, -0.089564, 0.993115, 0.176003, 0.000000, 0.000000, 0.000000, 1.000000, 0.075500, -0.089570, 0.993115, 0.245003, -0.681129, -0.732025, -0.014240, -0.021784, 0.728260, -0.675364, -0.116277, 0.262742, 0.000000, 0.000000, 0.000000, 1.000000, -0.990508, 0.123721, 0.059891, -0.013317, 0.055454, -0.039008, 0.997699, -0.032357, 0.125772, 0.991550, 0.031776, -0.047016, 0.000000, 0.000000, 0.000000, 1.000000
-6.3842, 30.6918, -5.4105, 176.0553, 245.0552, -21.6935, 262.4840, -13.1641, -32.2504, -46.9428, 0.680134, 0.732801, 0.020525, 0.030692, -0.731020, 0.675847, 0.094026, -0.005411, 0.055030, -0.078955, 0.995358, 0.176055, 0.000000, 0.000000, 0.000000, 1.000000, 0.055025, -0.078960, 0.995358, 0.245055, -0.680134, -0.732800, -0.020533, -0.021693, 0.731020, -0.675847, -0.094026, 0.262484, 0.000000, 0.000000, 0.000000, 1.000000, -0.991506, 0.123285, 0.041445, -0.013164, 0.038173, -0.028785, 0.998856, -0.032250, 0.124337, 0.991954, 0.023834, -0.046943, 0.000000, 0.000000, 0.000000, 1.000000
-6.1014, 30.5120, -5.2735, 175.9707, 244.9706, -21.5137, 262.3470, -13.1058, -32.2687, -47.0050, 0.681251, 0.731602, 0.025608, 0.030512, -0.729368, 0.675348, 0.109215, -0.005274, 0.062607, -0.093080, 0.993688, 0.175971, 0.000000, 0.000000, 0.000000, 1.000000, 0.062602, -0.093086, 0.993688, 0.244971, -0.681252, -0.731601, -0.025615, -0.021514, 0.729368, -0.675348, -0.109215, 0.262347, 0.000000, 0.000000, 0.000000, 1.000000, -0.990752, 0.123690, 0.055786, -0.013106, 0.050743, -0.043556, 0.997761, -0.032269, 0.125843, 0.991364, 0.036877, -0.047005, 0.000000, 0.000000, 0.000000, 1.000000
-5.8399, 30.3781, -5.0971, 175.7447, 244.7445, -21.3798, 262.1706, -13.0282, -32.4317, -47.0003, 0.680707, 0.732063, 0.026884, 0.030378, -0.730667, 0.675860, 0.096634, -0.005097, 0.052572, -0.085423, 0.994957, 0.175745, 0.000000, 0.000000, 0.000000, 1.000000, 0.052567, -0.085428, 0.994957, 0.244745, -0.680707, -0.732062, -0.026892, -0.021380, 0.730667, -0.675860, -0.096634, 0.262171, 0.000000, 0.000000, 0.000000, 1.000000, -0.991112, 0.123534, 0.049349, -0.013028, 0.045166, -0.036437, 0.998315, -0.032432, 0.125124, 0.991671, 0.030533, -0.047000, 0.000000, 0.000000, 0.000000, 1.000000
-5.4947, 30.1611, -4.8583, 175.7439, 244.7437, -21.1628, 261.9317, -12.9028, -32.3528, -47.0375, 0.681234, 0.731360, 0.032148, 0.030161, -0.730347, 0.675971, 0.098267, -0.004858, 0.050138, -0.090422, 0.994641, 0.175744, 0.000000, 0.000000, 0.000000, 1.000000, 0.050132, -0.090428, 0.994640, 0.244744, -0.681234, -0.731359, -0.032156, -0.021163, 0.730347, -0.675971, -0.098267, 0.261932, 0.000000, 0.000000, 0.000000, 1.000000, -0.990851, 0.123850, 0.053625, -0.012903, 0.048734, -0.042195, 0.997920, -0.032353, 0.125855, 0.991403, 0.035773, -0.047037, 0.000000, 0.000000, 0.000000, 1.000000
-5.3275, 30.0520, -4.7104, 175.6454, 244.6452, -21.0537, 261.7838, -12.8132, -32.4125, -47.0353, 0.680562, 0.731931, 0.033358, 0.030052, -0.731410, 0.675977, 0.089969, -0.004710, 0.043302, -0.085628, 0.995386, 0.175645, 0.000000, 0.000000, 0.000000, 1.000000, 0.043296, -0.085633, 0.995386, 0.244645, -0.680562, -0.731930, -0.033366, -0.021054, 0.731410, -0.675977, -0.089969, 0.261784, 0.000000, 0.000000, 0.000000, 1.000000, -0.991145, 0.123376, 0.049092, -0.012813, 0.044747, -0.037747, 0.998285, -0.032413, 0.125018, 0.991642, 0.031892, -0.047035, 0.000000, 0.000000, 0.000000, 1.000000
-4.8953, 29.8476, -4.4157, 175.4326, 244.4324, -20.8493, 261.4892, -12.6992, -32.5284, -47.0197, 0.680608, 0.731857, 0.034015, 0.029848, -0.731557, 0.676330, 0.086042, -0.004416, 0.039966, -0.083445, 0.995711, 0.175433, 0.000000, 0.000000, 0.000000, 1.000000, 0.039960, -0.083450, 0.995710, 0.244432, -0.680609, -0.731857, -0.034022, -0.020849, 0.731557, -0.676330, -0.086042, 0.261489, 0.000000, 0.000000, 0.000000, 1.000000, -0.990936, 0.123424, 0.053040, -0.012699, 0.048881, -0.036489, 0.998138, -0.032528, 0.125129, 0.991683, 0.030125, -0.047020, 0.000000, 0.000000, 0.000000, 1.000000
-4.5954, 29.6720, -4.1533, 175.4234, 244.4232, -20.6737, 261.2268, -12.5540, -32.4727, -47.0092, 0.679432, 0.732716, 0.038725, 0.029672, -0.733253, 0.676116, 0.072161, -0.004153, 0.026691, -0.077423, 0.996641, 0.175423, 0.000000, 0.000000, 0.000000, 1.000000, 0.026686, -0.077429, 0.996641, 0.244423, -0.679432, -0.732715, -0.038732, -0.020674, 0.733253, -0.676116, -0.072161, 0.261227, 0.000000, 0.000000, 0.000000, 1.000000, -0.991468, 0.122607, 0.044251, -0.012554, 0.040729, -0.031088, 0.998686, -0.032473, 0.123821, 0.991968, 0.025830, -0.047009, 0.000000, 0.000000, 0.000000, 1.000000
-4.3209, 29.4662, -3.9765, 175.3482, 244.3481, -20.4679, 261.0500, -12.4466, -32.4938, -47.0699, 0.679481, 0.732567, 0.040635, 0.029466, -0.733057, 0.675544, 0.079170, -0.003977, 0.030546, -0.083582, 0.996033, 0.175348, 0.000000, 0.000000, 0.000000, 1.000000, 0.030541, -0.083588, 0.996032, 0.244348, -0.679481, -0.732566, -0.040643, -0.020468, 0.733057, -0.675544, -0.079170, 0.261050, 0.000000, 0.000000, 0.000000, 1.000000, -0.991082, 0.121998, 0.053606, -0.012447, 0.049326, -0.037843, 0.998066, -0.032494, 0.123791, 0.991809, 0.031488, -0.047070, 0.000000, 0.000000, 0.000000, 1.000000
-4.0225, 29.3208, -3.6842, 175.3413, 244.3412, -20.3225, 260.7577, -12.2935, -32.4388, -47.0175, 0.678703, 0.732682, 0.050401, 0.029321, -0.734350, 0.676147, 0.059629, -0.003684, 0.009611, -0.077482, 0.996947, 0.175341, 0.000000, 0.000000, 0.000000, 1.000000, 0.009606, -0.077488, 0.996947, 0.244341, -0.678703, -0.732681, -0.050408, -0.020323, 0.734350, -0.676147, -0.059629, 0.260758, 0.000000, 0.000000, 0.000000, 1.000000, -0.991790, 0.122333, 0.037249, -0.012293, 0.033523, -0.032372, 0.998914, -0.032439, 0.123406, 0.991961, 0.028005, -0.047018, 0.000000, 0.000000, 0.000000, 1.000000
-3.7299, 29.1835, -3.5348, 175.1249, 244.1247, -20.1852, 260.6083, -12.2627, -32.5976, -47.0318, 0.679079, 0.732618, 0.046072, 0.029183, -0.733932, 0.676418, 0.061670, -0.003535, 0.014016, -0.075692, 0.997033, 0.175125, 0.000000, 0.000000, 0.000000, 1.000000, 0.014011, -0.075698, 0.997032, 0.244125, -0.679079, -0.732618, -0.046080, -0.020185, 0.733932, -0.676418, -0.061670, 0.260608, 0.000000, 0.000000, 0.000000, 1.000000, -0.991382, 0.122465, 0.046529, -0.012263, 0.043012, -0.031210, 0.998587, -0.032598, 0.123745, 0.991982, 0.025674, -0.047032, 0.000000, 0.000000, 0.000000, 1.000000
-3.5539, 29.0356, -3.3489, 175.0701, 244.0700, -20.0373, 260.4224, -12.1271, -32.6212, -47.0411, 0.678472, 0.733157, 0.046435, 0.029036, -0.734565, 0.676240, 0.055810, -0.003349, 0.009517, -0.071975, 0.997361, 0.175070, 0.000000, 0.000000, 0.000000, 1.000000, 0.009511, -0.071981, 0.997361, 0.244070, -0.678472, -0.733157, -0.046443, -0.020037, 0.734565, -0.676240, -0.055810, 0.260422, 0.000000, 0.000000, 0.000000, 1.000000, -0.991525, 0.122009, 0.044628, -0.012127, 0.041527, -0.027846, 0.998749, -0.032621, 0.123099, 0.992138, 0.022544, -0.047041, 0.000000, 0.000000, 0.000000, 1.000000
-3.1074, 28.7786, -3.1153, 174.9257, 243.9256, -19.7803, 260.1887, -12.0468, -32.6849, -47.1070, 0.679303, 0.731889, 0.053709, 0.028779, -0.733773, 0.676294, 0.064831, -0.003115, 0.011126, -0.083450, 0.996450, 0.174926, 0.000000, 0.000000, 0.000000, 1.000000, 0.011121, -0.083456, 0.996449, 0.243926, -0.679304, -0.731889, -0.053716, -0.019780, 0.733773, -0.676294, -0.064831, 0.260189, 0.000000, 0.000000, 0.000000, 1.000000, -0.990955, 0.122177, 0.055499, -0.012047, 0.050915, -0.040327, 0.997888, -0.032685, 0.124158, 0.991689, 0.033741, -0.047107, 0.000000, 0.000000, 0.000000, 1.000000
-2.9006, 28.6568, -2.8836, 174.8140, 243.8138, -19.6585, 259.9570, -11.9095, -32.7609, -47.0657, 0.678136, 0.733279, 0.049333, 0.028657, -0.734936, 0.676514, 0.046888, -0.002884, 0.001008, -0.068053, 0.997681, 0.174814, 0.000000, 0.000000, 0.000000, 1.000000, 0.001002, -0.068059, 0.997681, 0.243814, -0.678136, -0.733278, -0.049341, -0.019659, 0.734936, -0.676514, -0.046888, 0.259957, 0.000000, 0.000000, 0.000000, 1.000000, -0.991415, 0.121984, 0.047085, -0.011910, 0.044316, -0.025314, 0.998697, -0.032761, 0.123017, 0.992209, 0.019691, -0.047066, 0.000000, 0.000000, 0.000000, 1.000000
-2.6233, 28.4698, -2.7303, 174.9554, 243.9553, -19.4715, 259.8038, -11.8290, -32.5746, -47.1352, 0.677793, 0.731897, 0.070163, 0.028470, -0.735103, 0.676486, 0.044611, -0.002730, -0.014813, -0.081814, 0.996538, 0.174955, 0.000000, 0.000000, 0.000000, 1.000000, -0.014818, -0.081819, 0.996537, 0.243955, -0.677793, -0.731897, -0.070170, -0.019471, 0.735103, -0.676486, -0.044611, 0.259804, 0.000000, 0.000000, 0.000000, 1.000000, -0.991798, 0.122053, 0.037938, -0.011829, 0.033312, -0.039725, 0.998655, -0.032575, 0.123396, 0.991728, 0.035334, -0.047135, 0.000000, 0.000000, 0.000000, 1.000000
-2.3504, 28.3616, -2.5075, 174.6459, 243.6459, -19.3624, 259.5810, -11.7542, -32.8362, -47.0793, 0.677368, 0.733583, 0.055035, 0.028362, -0.735579, 0.676408, 0.037367, -0.002508, -0.009814, -0.065794, 0.997785, 0.174646, 0.000000, 0.000000, 0.000000, 1.000000, -0.009817, -0.065797, 0.997785, 0.243646, -0.677368, -0.733583, -0.055039, -0.019362, 0.735579, -0.676408, -0.037367, 0.259581, 0.000000, 0.000000, 0.000000, 1.000000, -0.991532, 0.121579, 0.045637, -0.011754, 0.043003, -0.024207, 0.998782, -0.032836, 0.122535, 0.992287, 0.018774, -0.047079, 0.000000, 0.000000, 0.000000, 1.000000
-2.0408, 28.1824, -2.2983, 174.7185, 243.7185, -19.1833, 259.3717, -11.6536, -32.7154, -47.1065, 0.678058, 0.731817, 0.068421, 0.028182, -0.734793, 0.677171, 0.038975, -0.002298, -0.017810, -0.076703, 0.996895, 0.174719, 0.000000, 0.000000, 0.000000, 1.000000, -0.017813, -0.076705, 0.996895, 0.243718, -0.678058, -0.731817, -0.068425, -0.019183, 0.734793, -0.677171, -0.038975, 0.259372, 0.000000, 0.000000, 0.000000, 1.000000, -0.991467, 0.122516, 0.044536, -0.011654, 0.040420, -0.035879, 0.998538, -0.032715, 0.123934, 0.991818, 0.030620, -0.047107, 0.000000, 0.000000, 0.000000, 1.000000
-1.7075, 28.0090, -2.0430, 174.5505, 243.5504, -19.0099, 259.1164, -11.5453, -32.8324, -47.0907, 0.676952, 0.733514, 0.060775, 0.028009, -0.735792, 0.676511, 0.030695, -0.002043, -0.018600, -0.065497, 0.997679, 0.174550, 0.000000, 0.000000, 0.000000, 1.000000, -0.018602, -0.065500, 0.997679, 0.243550, -0.676952, -0.733514, -0.060779, -0.019010, 0.735792, -0.676511, -0.030695, 0.259116, 0.000000, 0.000000, 0.000000, 1.000000, -0.991434, 0.121441, 0.048078, -0.011545, 0.045332, -0.025280, 0.998652, -0.032832, 0.122493, 0.992277, 0.019558, -0.047091, 0.000000, 0.000000, 0.000000, 1.000000
-1.5541, 27.9160, -1.9599, 174.3992, 243.3992, -18.9168, 259.0334, -11.5212, -32.9608, -47.1108, 0.677404, 0.733330, 0.057883, 0.027916, -0.735471, 0.676712, 0.033815, -0.001960, -0.014373, -0.065478, 0.997751, 0.174399, 0.000000, 0.000000, 0.000000, 1.000000, -0.014375, -0.065480, 0.997750, 0.243399, -0.677404, -0.733330, -0.057887, -0.018917, 0.735471, -0.676712, -0.033815, 0.259033, 0.000000, 0.000000, 0.000000, 1.000000, -0.991050, 0.121644, 0.054974, -0.011521, 0.052234, -0.025604, 0.998307, -0.032961, 0.122845, 0.992244, 0.019021, -0.047111, 0.000000, 0.000000, 0.000000, 1.000000
-1.2957, 27.7250, -1.7445, 174.4388, 243.4387, -18.7258, 258.8180, -11.3815, -32.8894, -47.1424, 0.676116, 0.733594, 0.068605, 0.027725, -0.736287, 0.676172, 0.025935, -0.001745, -0.027363, -0.068048, 0.997307, 0.174439, 0.000000, 0.000000, 0.000000, 1.000000, -0.027365, -0.068051, 0.997306, 0.243439, -0.676116, -0.733594, -0.068609, -0.018726, 0.736287, -0.676172, -0.025935, 0.258818, 0.000000, 0.000000, 0.000000, 1.000000, -0.991575, 0.120766, 0.046837, -0.011382, 0.043677, -0.028681, 0.998634, -0.032889, 0.121945, 0.992267, 0.023164, -0.047142, 0.000000, 0.000000, 0.000000, 1.000000
-0.9861, 27.5631, -1.5174, 174.3264, 243.3264, -18.5640, 258.5908, -11.2886, -32.9592, -47.1364, 0.675898, 0.733883, 0.067658, 0.027563, -0.736318, 0.676360, 0.019317, -0.001517, -0.031584, -0.062874, 0.997522, 0.174326, 0.000000, 0.000000, 0.000000, 1.000000, -0.031587, -0.062877, 0.997521, 0.243326, -0.675898, -0.733882, -0.067662, -0.018564, 0.736318, -0.676360, -0.019317, 0.258591, 0.000000, 0.000000, 0.000000, 1.000000, -0.991524, 0.120963, 0.047408, -0.011289, 0.044804, -0.024159, 0.998704, -0.032959, 0.121952, 0.992363, 0.018535, -0.047136, 0.000000, 0.000000, 0.000000, 1.000000
-0.8051, 27.4514, -1.2990, 174.2250, 243.2249, -18.4522, 258.3724, -11.1581, -33.0407, -47.0952, 0.675357, 0.734634, 0.064854, 0.027451, -0.736607, 0.676238, 0.010577, -0.001299, -0.036086, -0.054915, 0.997839, 0.174225, 0.000000, 0.000000, 0.000000, 1.000000, -0.036088, -0.054918, 0.997838, 0.243225, -0.675357, -0.734633, -0.064857, -0.018452, 0.736607, -0.676238, -0.010577, 0.258372, 0.000000, 0.000000, 0.000000, 1.000000, -0.991634, 0.120943, 0.045105, -0.011158, 0.043418, -0.016548, 0.998920, -0.033041, 0.121559, 0.992521, 0.011158, -0.047095, 0.000000, 0.000000, 0.000000, 1.000000
-0.3467, 27.1750, -1.0643, 174.1974, 243.1974, -18.1758, 258.1377, -11.0744, -33.0108, -47.1818, 0.675436, 0.733474, 0.076177, 0.027175, -0.736440, 0.676251, 0.018461, -0.001064, -0.037974, -0.068569, 0.996923, 0.174197, 0.000000, 0.000000, 0.000000, 1.000000, -0.037977, -0.068571, 0.996923, 0.243197, -0.675436, -0.733473, -0.076181, -0.018176, 0.736440, -0.676251, -0.018461, 0.258138, 0.000000, 0.000000, 0.000000, 1.000000, -0.991319, 0.120365, 0.052895, -0.011074, 0.049478, -0.031208, 0.998288, -0.033011, 0.121810, 0.992239, 0.024982, -0.047182, 0.000000, 0.000000, 0.000000, 1.000000
-0.0207, 27.0249, -0.7909, 173.9522, 242.9521, -18.0257, 257.8644, -10.9748, -33.2168, -47.1329, 0.674940, 0.734978, 0.065294, 0.027025, -0.736750, 0.676148, 0.004727, -0.000791, -0.040674, -0.051296, 0.997855, 0.173952, 0.000000, 0.000000, 0.000000, 1.000000, -0.040677, -0.051299, 0.997855, 0.242952, -0.674940, -0.734978, -0.065298, -0.018026, 0.736750, -0.676148, -0.004727, 0.257864, 0.000000, 0.000000, 0.000000, 1.000000, -0.991225, 0.120752, 0.053773, -0.010975, 0.052394, -0.014566, 0.998520, -0.033217, 0.121356, 0.992576, 0.008112, -0.047133, 0.000000, 0.000000, 0.000000, 1.000000
0.3204, 26.8369, -0.5807, 173.8421, 242.8420, -17.8377, 257.6542, -10.9036, -33.2881, -47.1580, 0.675033, 0.734726, 0.067147, 0.026837, -0.736813, 0.676020, 0.010187, -0.000581, -0.037908, -0.056351, 0.997691, 0.173842, 0.000000, 0.000000, 0.000000, 1.000000, -0.037910, -0.056354, 0.997691, 0.242842, -0.675033, -0.734725, -0.067151, -0.017838, 0.736813, -0.676020, -0.010187, 0.257654, 0.000000, 0.000000, 0.000000, 1.000000, -0.990741, 0.120230, 0.063065, -0.010904, 0.061055, -0.020329, 0.997927, -0.033288, 0.121263, 0.992538, 0.012800, -0.047158, 0.000000, 0.000000, 0.000000, 1.000000
0.5148, 26.7477, -0.4453, 173.8377, 242.8377, -17.7486, 257.5187, -10.8556, -33.2707, -47.1514, 0.675263, 0.734357, 0.068843, 0.026748, -0.736383, 0.676536, 0.006289, -0.000445, -0.041956, -0.054942, 0.997608, 0.173838, 0.000000, 0.000000, 0.000000, 1.000000, -0.041959, -0.054945, 0.997607, 0.242838, -0.675263, -0.734357, -0.068847, -0.017749, 0.736383, -0.676536, -0.006289, 0.257519, 0.000000, 0.000000, 0.000000, 1.000000, -0.990704, 0.120928, 0.062302, -0.010856, 0.060392, -0.019397, 0.997986, -0.033271, 0.121893, 0.992472, 0.011914, -0.047151, 0.000000, 0.000000, 0.000000, 1.000000
0.7890, 26.5393, -0.1278, 173.7949, 242.7948, -17.5402, 257.2012, -10.6415, -33.2989, -47.1338, 0.673365, 0.735035, 0.079389, 0.026539, -0.736787, 0.676051, -0.010008, -0.000128, -0.061027, -0.051754, 0.996794, 0.173795, 0.000000, 0.000000, 0.000000, 1.000000, -0.061029, -0.051756, 0.996793, 0.242795, -0.673365, -0.735035, -0.079392, -0.017540, 0.736787, -0.676051, 0.010008, 0.257201, 0.000000, 0.000000, 0.000000, 1.000000, -0.991582, 0.120375, 0.047702, -0.010642, 0.046020, -0.016715, 0.998801, -0.033299, 0.121028, 0.992588, 0.011034, -0.047134, 0.000000, 0.000000, 0.000000, 1.000000
0.9699, 26.4339, 0.0200, 173.7914, 242.7913, -17.4347, 257.0534, -10.5667, -33.2877, -47.1333, 0.673358, 0.735257, 0.077373, 0.026434, -0.736779, 0.676025, -0.012103, 0.000020, -0.061205, -0.048857, 0.996929, 0.173791, 0.000000, 0.000000, 0.000000, 1.000000, -0.061208, -0.048860, 0.996928, 0.242791, -0.673358, -0.735257, -0.077377, -0.017435, 0.736779, -0.676025, 0.012103, 0.257053, 0.000000, 0.000000, 0.000000, 1.000000, -0.991439, 0.120478, 0.050335, -0.010567, 0.048979, -0.014195, 0.998699, -0.033288, 0.121036, 0.992615, 0.008172, -0.047133, 0.000000, 0.000000, 0.000000, 1.000000
1.2219, 26.3302, 0.1175, 173.6512, 242.6511, -17.3311, 256.9560, -10.5895, -33.3967, -47.1541, 0.674097, 0.734654, 0.076656, 0.026330, -0.736509, 0.676403, -0.005797, 0.000117, -0.056109, -0.052550, 0.997041, 0.173651, 0.000000, 0.000000, 0.000000, 1.000000, -0.056112, -0.052553, 0.997040, 0.242651, -0.674097, -0.734654, -0.076660, -0.017331, 0.736509, -0.676403, 0.005797, 0.256956, 0.000000, 0.000000, 0.000000, 1.000000, -0.990863, 0.120663, 0.060258, -0.010589, 0.058450, -0.018475, 0.998119, -0.033397, 0.121549, 0.992522, 0.011253, -0.047154, 0.000000, 0.000000, 0.000000, 1.000000
1.4988, 26.1463, 0.2655, 173.6354, 242.6353, -17.1471, 256.8079, -10.5268, -33.3898, -47.2165, 0.674159, 0.733948, 0.082648, 0.026146, -0.736400, 0.676545, -0.001179, 0.000266, -0.056781, -0.060067, 0.996578, 0.173635, 0.000000, 0.000000, 0.000000, 1.000000, -0.056783, -0.060070, 0.996578, 0.242635, -0.674159, -0.733947, -0.082652, -0.017147, 0.736400, -0.676545, 0.001179, 0.256808, 0.000000, 0.000000, 0.000000, 1.000000, -0.990593, 0.120235, 0.065331, -0.010527, 0.062570, -0.026601, 0.997686, -0.033390, 0.121695, 0.992389, 0.018827, -0.047217, 0.000000, 0.000000, 0.000000, 1.000000
1.7734, 26.0242, 0.4617, 173.5997, 242.5996, -17.0250, 256.6118, -10.4620, -33.4011, -47.1999, 0.673652, 0.734463, 0.082196, 0.026024, -0.736622, 0.676280, -0.005793, 0.000462, -0.059842, -0.056645, 0.996599, 0.173600, 0.000000, 0.000000, 0.000000, 1.000000, -0.059845, -0.056648, 0.996599, 0.242600, -0.673652, -0.734463, -0.082200, -0.017025, 0.736622, -0.676280, 0.005793, 0.256612, 0.000000, 0.000000, 0.000000, 1.000000, -0.990535, 0.120003, 0.066636, -0.010462, 0.064242, -0.023709, 0.997653, -0.033401, 0.121301, 0.992490, 0.015775, -0.047200, 0.000000, 0.000000, 0.000000, 1.000000
1.9894, 25.9270, 0.6076, 173.4179, 242.4178, -16.9278, 256.4658, -10.4362, -33.5629, -47.1852, 0.674716, 0.734578, 0.071791, 0.025927, -0.736400, 0.676545, -0.001590, 0.000608, -0.049738, -0.051793, 0.997418, 0.173418, 0.000000, 0.000000, 0.000000, 1.000000, -0.049741, -0.051796, 0.997418, 0.242418, -0.674716, -0.734577, -0.071794, -0.016928, 0.736400, -0.676545, 0.001590, 0.256466, 0.000000, 0.000000, 0.000000, 1.000000, -0.989476, 0.120656, 0.079866, -0.010436, 0.078094, -0.019358, 0.996758, -0.033563, 0.121811, 0.992506, 0.009732, -0.047185, 0.000000, 0.000000, 0.000000, 1.000000
2.4130, 25.6673, 0.8207, 173.4176, 242.4175, -16.6681, 256.2528, -10.3630, -33.5314, -47.2721, 0.674889, 0.733342, 0.082065, 0.025667, -0.736152, 0.676788, 0.006145, 0.000821, -0.051034, -0.064560, 0.996608, 0.173418, 0.000000, 0.000000, 0.000000, 1.000000, -0.051037, -0.064563, 0.996608, 0.242418, -0.674889, -0.733342, -0.082069, -0.016668, 0.736152, -0.676788, -0.006145, 0.256253, 0.000000, 0.000000, 0.000000, 1.000000, -0.988939, 0.119755, 0.087510, -0.010363, 0.084124, -0.033053, 0.995907, -0.033531, 0.122157, 0.992253, 0.022613, -0.047272, 0.000000, 0.000000, 0.000000, 1.000000
2.7163, 25.4732, 1.1104, 173.3884, 242.3884, -16.4740, 255.9631, -10.1991, -33.5515, -47.2598, 0.673632, 0.733919, 0.087078, 0.025473, -0.736173, 0.676737, -0.008740, 0.001110, -0.065344, -0.058217, 0.996163, 0.173388, 0.000000, 0.000000, 0.000000, 1.000000, -0.065346, -0.058219, 0.996163, 0.242388, -0.673631, -0.733919, -0.087082, -0.016474, 0.736173, -0.676737, 0.008740, 0.255963, 0.000000, 0.000000, 0.000000, 1.000000, -0.989712, 0.120064, 0.077815, -0.010199, 0.075057, -0.027338, 0.996804, -0.033552, 0.121808, 0.992390, 0.018045, -0.047260, 0.000000, 0.000000, 0.000000, 1.000000
3.0199, 25.3868, 1.3250, 173.2419, 242.2418, -16.3877, 255.7485, -10.1742, -33.6711, -47.1981, 0.674220, 0.734858, 0.073554, 0.025387, -0.736446, 0.676452, -0.007743, 0.001325, -0.055446, -0.048948, 0.997261, 0.173242, 0.000000, 0.000000, 0.000000, 1.000000, -0.055449, -0.048951, 0.997261, 0.242242, -0.674220, -0.734858, -0.073558, -0.016388, 0.736446, -0.676452, 0.007743, 0.255748, 0.000000, 0.000000, 0.000000, 1.000000, -0.988468, 0.120453, 0.091775, -0.010174, 0.090176, -0.018669, 0.995751, -0.033671, 0.121655, 0.992543, 0.007592, -0.047198, 0.000000, 0.000000, 0.000000, 1.000000
3.1755, 25.2048, 1.5081, 173.2133, 242.2132, -16.2057, 255.5654, -10.0177, -33.7100, -47.2380, 0.673765, 0.734281, 0.082906, 0.025205, -0.736035, 0.676822, -0.012822, 0.001508, -0.065528, -0.052382, 0.996475, 0.173213, 0.000000, 0.000000, 0.000000, 1.000000, -0.065530, -0.052385, 0.996475, 0.242213, -0.673764, -0.734280, -0.082910, -0.016206, 0.736035, -0.676822, 0.012822, 0.255565, 0.000000, 0.000000, 0.000000, 1.000000, -0.989070, 0.120539, 0.084921, -0.010018, 0.082801, -0.022494, 0.996312, -0.033710, 0.122005, 0.992454, 0.012268, -0.047238, 0.000000, 0.000000, 0.000000, 1.000000
