# Joint_6_Angle(deg), Cam_X(mm), Cam_Y(mm), Cam_Z(mm), Torso_X(mm), Torso_Y(mm), Torso_Z(mm), EE_X(mm), EE_Y(mm), EE_Z(mm), T_cam2marker_flat(16), T_torso2marker_flat(16), T_ee2marker_flat(16)
-19.9898, 37.9707, -1.7139, 219.2389, 241.2424, -37.9505, 201.7857, 10.2262, -96.4014, 19.8996, 0.939771, 0.066554, -0.335263, 0.037971, -0.085387, 0.995474, -0.041731, -0.001714, 0.330968, 0.067845, 0.941200, 0.219239, 0.000000, 0.000000, 0.000000, 1.000000, 0.331055, 0.067844, 0.941169, 0.241242, -0.939740, -0.066548, 0.335350, -0.037950, 0.085384, -0.995474, 0.041724, 0.201786, 0.000000, 0.000000, 0.000000, 1.000000, -0.995679, 0.092631, 0.006596, 0.010226, 0.008068, 0.015530, 0.999847, -0.096401, 0.092514, 0.995579, -0.016210, 0.019900, 0.000000, 0.000000, 0.000000, 1.000000
-19.7684, 37.8340, -1.7126, 219.2213, 241.2248, -37.8138, 201.7844, 9.9867, -96.4128, 19.8777, 0.940906, 0.066388, -0.332098, 0.037834, -0.085455, 0.995408, -0.043125, -0.001713, 0.327710, 0.068956, 0.942258, 0.219221, 0.000000, 0.000000, 0.000000, 1.000000, 0.327798, 0.068954, 0.942228, 0.241225, -0.940875, -0.066382, 0.332185, -0.037814, 0.085453, -0.995409, 0.043117, 0.201784, 0.000000, 0.000000, 0.000000, 1.000000, -0.995690, 0.092485, 0.006930, 0.009987, 0.008471, 0.016277, 0.999832, -0.096413, 0.092356, 0.995581, -0.016991, 0.019878, 0.000000, 0.000000, 0.000000, 1.000000
-19.5535, 37.6273, -1.6618, 219.2017, 241.2051, -37.6071, 201.7336, 9.8332, -96.4036, 19.8933, 0.942655, 0.066255, -0.327126, 0.037627, -0.085505, 0.995330, -0.044803, -0.001662, 0.322630, 0.070204, 0.943918, 0.219202, 0.000000, 0.000000, 0.000000, 1.000000, 0.322717, 0.070203, 0.943888, 0.241205, -0.942626, -0.066249, 0.327213, -0.037607, 0.085503, -0.995330, 0.044795, 0.201734, 0.000000, 0.000000, 0.000000, 1.000000, -0.995720, 0.092269, 0.005224, 0.009833, 0.006835, 0.017158, 0.999829, -0.096404, 0.092163, 0.995586, -0.017715, 0.019893, 0.000000, 0.000000, 0.000000, 1.000000
-18.9483, 37.1580, -1.6315, 219.0301, 241.0336, -37.1379, 201.7032, 9.3112, -96.5207, 19.8345, 0.945244, 0.066062, -0.319608, 0.037158, -0.084496, 0.995445, -0.044144, -0.001631, 0.315236, 0.068732, 0.946521, 0.219030, 0.000000, 0.000000, 0.000000, 1.000000, 0.315324, 0.068731, 0.946492, 0.241034, -0.945215, -0.066055, 0.319695, -0.037138, 0.084494, -0.995446, 0.044137, 0.201703, 0.000000, 0.000000, 0.000000, 1.000000, -0.995625, 0.093088, 0.008071, 0.009311, 0.009492, 0.014840, 0.999845, -0.096521, 0.092954, 0.995547, -0.015659, 0.019834, 0.000000, 0.000000, 0.000000, 1.000000
-18.5128, 36.7989, -1.5917, 218.9239, 240.9273, -36.7788, 201.6635, 8.9529, -96.5825, 19.8078, 0.947370, 0.065897, -0.313285, 0.036799, -0.084321, 0.995394, -0.045615, -0.001592, 0.308836, 0.069631, 0.948563, 0.218924, 0.000000, 0.000000, 0.000000, 1.000000, 0.308923, 0.069629, 0.948535, 0.240927, -0.947342, -0.065890, 0.313372, -0.036779, 0.084319, -0.995395, 0.045608, 0.201663, 0.000000, 0.000000, 0.000000, 1.000000, -0.995619, 0.093082, 0.008870, 0.008953, 0.010313, 0.015040, 0.999834, -0.096582, 0.092933, 0.995545, -0.015934, 0.019808, 0.000000, 0.000000, 0.000000, 1.000000
-17.9407, 36.2498, -1.5629, 218.6297, 240.6331, -36.2297, 201.6346, 8.5940, -96.7882, 19.7247, 0.950447, 0.066139, -0.303768, 0.036250, -0.083674, 0.995474, -0.045060, -0.001563, 0.299413, 0.068245, 0.951680, 0.218630, 0.000000, 0.000000, 0.000000, 1.000000, 0.299501, 0.068243, 0.951652, 0.240633, -0.950420, -0.066132, 0.303856, -0.036230, 0.083671, -0.995474, 0.045053, 0.201635, 0.000000, 0.000000, 0.000000, 1.000000, -0.995587, 0.093405, 0.009097, 0.008594, 0.010329, 0.012711, 0.999866, -0.096788, 0.093277, 0.995547, -0.013620, 0.019725, 0.000000, 0.000000, 0.000000, 1.000000
-17.5311, 35.8540, -1.5061, 218.7166, 240.7199, -35.8338, 201.5779, 8.2620, -96.6526, 19.7249, 0.954228, 0.066215, -0.291658, 0.035854, -0.083542, 0.995379, -0.047346, -0.001506, 0.287175, 0.069545, 0.955350, 0.218717, 0.000000, 0.000000, 0.000000, 1.000000, 0.287264, 0.069544, 0.955324, 0.240720, -0.954201, -0.066209, 0.291746, -0.035834, 0.083540, -0.995379, 0.047339, 0.201578, 0.000000, 0.000000, 0.000000, 1.000000, -0.995656, 0.093045, 0.003386, 0.008262, 0.004640, 0.013270, 0.999901, -0.096653, 0.092991, 0.995573, -0.013644, 0.019725, 0.000000, 0.000000, 0.000000, 1.000000
-17.1453, 35.5823, -1.4774, 218.8927, 240.8959, -35.5621, 201.5492, 7.8257, -96.4621, 19.7247, 0.956298, 0.065875, -0.284877, 0.035582, -0.082284, 0.995546, -0.046007, -0.001477, 0.280578, 0.067437, 0.957459, 0.218893, 0.000000, 0.000000, 0.000000, 1.000000, 0.280667, 0.067435, 0.957433, 0.240896, -0.956272, -0.065869, 0.284966, -0.035562, 0.082281, -0.995547, 0.045999, 0.201549, 0.000000, 0.000000, 0.000000, 1.000000, -0.995561, 0.094053, 0.003365, 0.007826, 0.004391, 0.010710, 0.999933, -0.096462, 0.094011, 0.995510, -0.011075, 0.019725, 0.000000, 0.000000, 0.000000, 1.000000
-16.6975, 35.1408, -1.4609, 218.4196, 240.4229, -35.1207, 201.5327, 7.6175, -96.8554, 19.6316, 0.957292, 0.066975, -0.281258, 0.035141, -0.083918, 0.995286, -0.048620, -0.001461, 0.276675, 0.070146, 0.958400, 0.218420, 0.000000, 0.000000, 0.000000, 1.000000, 0.276764, 0.070145, 0.958374, 0.240423, -0.957267, -0.066969, 0.281346, -0.035121, 0.083916, -0.995286, 0.048613, 0.201533, 0.000000, 0.000000, 0.000000, 1.000000, -0.995703, 0.092333, 0.007040, 0.007617, 0.008209, 0.012289, 0.999891, -0.096855, 0.092237, 0.995652, -0.012994, 0.019632, 0.000000, 0.000000, 0.000000, 1.000000
-16.4052, 34.8214, -1.4148, 218.3177, 240.3209, -34.8013, 201.4866, 7.4612, -96.9073, 19.6179, 0.958957, 0.065358, -0.275914, 0.034821, -0.081504, 0.995543, -0.047447, -0.001415, 0.271584, 0.067987, 0.960010, 0.218318, 0.000000, 0.000000, 0.000000, 1.000000, 0.271673, 0.067986, 0.959985, 0.240321, -0.958932, -0.065352, 0.276003, -0.034801, 0.081501, -0.995544, 0.047439, 0.201487, 0.000000, 0.000000, 0.000000, 1.000000, -0.995498, 0.094532, 0.006853, 0.007461, 0.007848, 0.010162, 0.999918, -0.096907, 0.094455, 0.995470, -0.010859, 0.019618, 0.000000, 0.000000, 0.000000, 1.000000
-15.6028, 34.1681, -1.3946, 218.1553, 240.1584, -34.1481, 201.4664, 6.7696, -96.9939, 19.5207, 0.961884, 0.066400, -0.265274, 0.034168, -0.082262, 0.995399, -0.049127, -0.001395, 0.260792, 0.069076, 0.962921, 0.218155, 0.000000, 0.000000, 0.000000, 1.000000, 0.260881, 0.069075, 0.962897, 0.240158, -0.961860, -0.066394, 0.265363, -0.034148, 0.082260, -0.995400, 0.049119, 0.201466, 0.000000, 0.000000, 0.000000, 1.000000, -0.995583, 0.093381, 0.009703, 0.006770, 0.010648, 0.009630, 0.999897, -0.096994, 0.093277, 0.995584, -0.010582, 0.019521, 0.000000, 0.000000, 0.000000, 1.000000
-15.3237, 33.8423, -1.3588, 217.9924, 239.9955, -33.8223, 201.4305, 6.6536, -97.1035, 19.4908, 0.963281, 0.065341, -0.260424, 0.033842, -0.080763, 0.995530, -0.048954, -0.001359, 0.256062, 0.068189, 0.964252, 0.217992, 0.000000, 0.000000, 0.000000, 1.000000, 0.256151, 0.068187, 0.964229, 0.239996, -0.963257, -0.065334, 0.260513, -0.033822, 0.080761, -0.995531, 0.048947, 0.201431, 0.000000, 0.000000, 0.000000, 1.000000, -0.995462, 0.094674, 0.009651, 0.006654, 0.010510, 0.008576, 0.999908, -0.097103, 0.094582, 0.995471, -0.009532, 0.019491, 0.000000, 0.000000, 0.000000, 1.000000
-14.5428, 33.2207, -1.3193, 218.1592, 240.1623, -33.2006, 201.3911, 5.8946, -96.8778, 19.4448, 0.968408, 0.067173, -0.240152, 0.033221, -0.081444, 0.995423, -0.049991, -0.001319, 0.235695, 0.067971, 0.969447, 0.218159, 0.000000, 0.000000, 0.000000, 1.000000, 0.235785, 0.067970, 0.969426, 0.240162, -0.968387, -0.067167, 0.240241, -0.033201, 0.081442, -0.995424, 0.049984, 0.201391, 0.000000, 0.000000, 0.000000, 1.000000, -0.995658, 0.093056, 0.002492, 0.005895, 0.003124, 0.006645, 0.999973, -0.096878, 0.093037, 0.995639, -0.006906, 0.019445, 0.000000, 0.000000, 0.000000, 1.000000
-14.2049, 32.8912, -1.2692, 217.9528, 239.9558, -32.8711, 201.3410, 5.6935, -97.0377, 19.4247, 0.968499, 0.066297, -0.240031, 0.032891, -0.080351, 0.995550, -0.049235, -0.001269, 0.235699, 0.066971, 0.969516, 0.217953, 0.000000, 0.000000, 0.000000, 1.000000, 0.235789, 0.066969, 0.969494, 0.239956, -0.968477, -0.066290, 0.240121, -0.032871, 0.080349, -0.995550, 0.049227, 0.201341, 0.000000, 0.000000, 0.000000, 1.000000, -0.995520, 0.094177, 0.008390, 0.005694, 0.008931, 0.005320, 0.999946, -0.097038, 0.094127, 0.995541, -0.006137, 0.019425, 0.000000, 0.000000, 0.000000, 1.000000
-13.4512, 32.1367, -1.2157, 217.5959, 239.5989, -32.1167, 201.2875, 5.2264, -97.2897, 19.3281, 0.971537, 0.065969, -0.227518, 0.032137, -0.079775, 0.995455, -0.052016, -0.001216, 0.223052, 0.068686, 0.972384, 0.217596, 0.000000, 0.000000, 0.000000, 1.000000, 0.223142, 0.068684, 0.972363, 0.239599, -0.971516, -0.065963, 0.227607, -0.032117, 0.079773, -0.995455, 0.052009, 0.201287, 0.000000, 0.000000, 0.000000, 1.000000, -0.995519, 0.094182, 0.008418, 0.005226, 0.009007, 0.005829, 0.999942, -0.097290, 0.094127, 0.995538, -0.006651, 0.019328, 0.000000, 0.000000, 0.000000, 1.000000
-13.1726, 31.8916, -1.1946, 217.6169, 239.6198, -31.8715, 201.2664, 4.9889, -97.2422, 19.3117, 0.972278, 0.065983, -0.224325, 0.031892, -0.079244, 0.995569, -0.050626, -0.001195, 0.219990, 0.066999, 0.973199, 0.217617, 0.000000, 0.000000, 0.000000, 1.000000, 0.220081, 0.066997, 0.973178, 0.239620, -0.972258, -0.065977, 0.224414, -0.031872, 0.079243, -0.995569, 0.050618, 0.201266, 0.000000, 0.000000, 0.000000, 1.000000, -0.995466, 0.094557, 0.010277, 0.004989, 0.010676, 0.003716, 0.999936, -0.097242, 0.094513, 0.995513, -0.004709, 0.019312, 0.000000, 0.000000, 0.000000, 1.000000
-12.4154, 31.2404, -1.1609, 217.3587, 239.3616, -31.2204, 201.2327, 4.3877, -97.4230, 19.2201, 0.974713, 0.065996, -0.213492, 0.031240, -0.078871, 0.995509, -0.052353, -0.001161, 0.209078, 0.067868, 0.975541, 0.217359, 0.000000, 0.000000, 0.000000, 1.000000, 0.209169, 0.067866, 0.975522, 0.239362, -0.974694, -0.065990, 0.213582, -0.031220, 0.078869, -0.995510, 0.052346, 0.201233, 0.000000, 0.000000, 0.000000, 1.000000, -0.995458, 0.094411, 0.012277, 0.004388, 0.012647, 0.003317, 0.999915, -0.097423, 0.094362, 0.995528, -0.004496, 0.019220, 0.000000, 0.000000, 0.000000, 1.000000
-12.1438, 30.9079, -1.1129, 217.5369, 239.5397, -30.8879, 201.1846, 4.2229, -97.2054, 19.2294, 0.976920, 0.066722, -0.202917, 0.030908, -0.078557, 0.995613, -0.050831, -0.001113, 0.198635, 0.065598, 0.977876, 0.217537, 0.000000, 0.000000, 0.000000, 1.000000, 0.198725, 0.065597, 0.977857, 0.239540, -0.976902, -0.066716, 0.203007, -0.030888, 0.078555, -0.995613, 0.050824, 0.201185, 0.000000, 0.000000, 0.000000, 1.000000, -0.995535, 0.094161, 0.006613, 0.004223, 0.006690, 0.000499, 0.999977, -0.097205, 0.094156, 0.995557, -0.001127, 0.019229, 0.000000, 0.000000, 0.000000, 1.000000
-11.6640, 30.4976, -1.0801, 217.2973, 239.3001, -30.4776, 201.1519, 3.8542, -97.3968, 19.1767, 0.978526, 0.065587, -0.195408, 0.030498, -0.077547, 0.995515, -0.054188, -0.001080, 0.190978, 0.068178, 0.979224, 0.217297, 0.000000, 0.000000, 0.000000, 1.000000, 0.191068, 0.068176, 0.979206, 0.239300, -0.978509, -0.065581, 0.195498, -0.030478, 0.077545, -0.995516, 0.054180, 0.201152, 0.000000, 0.000000, 0.000000, 1.000000, -0.995473, 0.094789, 0.006897, 0.003854, 0.007162, 0.002459, 0.999971, -0.097397, 0.094769, 0.995494, -0.003127, 0.019177, 0.000000, 0.000000, 0.000000, 1.000000
-11.3990, 30.2469, -1.0989, 217.2798, 239.2826, -30.2270, 201.1706, 3.6467, -97.3838, 19.1170, 0.979024, 0.066228, -0.192679, 0.030247, -0.077912, 0.995513, -0.053703, -0.001099, 0.188258, 0.067589, 0.979791, 0.217280, 0.000000, 0.000000, 0.000000, 1.000000, 0.188349, 0.067587, 0.979774, 0.239283, -0.979007, -0.066221, 0.192769, -0.030227, 0.077911, -0.995513, 0.053696, 0.201171, 0.000000, 0.000000, 0.000000, 1.000000, -0.995506, 0.094279, 0.008860, 0.003647, 0.009025, 0.001325, 0.999958, -0.097384, 0.094263, 0.995545, -0.002170, 0.019117, 0.000000, 0.000000, 0.000000, 1.000000
-10.5807, 29.5501, -1.0209, 217.3381, 239.3409, -29.5301, 201.0926, 2.9374, -97.2545, 19.0881, 0.981995, 0.066141, -0.176947, 0.029550, -0.076338, 0.995754, -0.051444, -0.001021, 0.172793, 0.064025, 0.982875, 0.217338, 0.000000, 0.000000, 0.000000, 1.000000, 0.172884, 0.064024, 0.982859, 0.239341, -0.981980, -0.066135, 0.177037, -0.029530, 0.076336, -0.995755, 0.051436, 0.201093, 0.000000, 0.000000, 0.000000, 1.000000, -0.995449, 0.094977, 0.007734, 0.002937, 0.007432, -0.003527, 0.999966, -0.097254, 0.095001, 0.995473, 0.002805, 0.019088, 0.000000, 0.000000, 0.000000, 1.000000
-10.3065, 29.1763, -1.0046, 217.1870, 239.1896, -29.1563, 201.0764, 2.8618, -97.3554, 19.0322, 0.983243, 0.066990, -0.169545, 0.029176, -0.077830, 0.995271, -0.058116, -0.001005, 0.164850, 0.070337, 0.983808, 0.217187, 0.000000, 0.000000, 0.000000, 1.000000, 0.164941, 0.070336, 0.983792, 0.239190, -0.983228, -0.066983, 0.169635, -0.029156, 0.077829, -0.995272, 0.058108, 0.201076, 0.000000, 0.000000, 0.000000, 1.000000, -0.995650, 0.093082, 0.004037, 0.002862, 0.004253, 0.002121, 0.999989, -0.097355, 0.093072, 0.995656, -0.002508, 0.019032, 0.000000, 0.000000, 0.000000, 1.000000
-9.5462, 28.6009, -0.9624, 217.0359, 239.0385, -28.5810, 201.0342, 2.1594, -97.4487, 18.9699, 0.984260, 0.066572, -0.163709, 0.028601, -0.076900, 0.995375, -0.057574, -0.000962, 0.159119, 0.069257, 0.984827, 0.217036, 0.000000, 0.000000, 0.000000, 1.000000, 0.159210, 0.069256, 0.984813, 0.239038, -0.984245, -0.066566, 0.163799, -0.028581, 0.076899, -0.995376, 0.057567, 0.201034, 0.000000, 0.000000, 0.000000, 1.000000, -0.995535, 0.093678, 0.011561, 0.002159, 0.011600, -0.000122, 0.999933, -0.097449, 0.093673, 0.995603, -0.000965, 0.018970, 0.000000, 0.000000, 0.000000, 1.000000
-9.0382, 28.0907, -0.9038, 216.6529, 238.6555, -28.0708, 200.9755, 1.8540, -97.7726, 18.9149, 0.985119, 0.066190, -0.158619, 0.028091, -0.075798, 0.995589, -0.055299, -0.000904, 0.154259, 0.066499, 0.985790, 0.216653, 0.000000, 0.000000, 0.000000, 1.000000, 0.154351, 0.066497, 0.985776, 0.238656, -0.985104, -0.066184, 0.158710, -0.028071, 0.075797, -0.995589, 0.055291, 0.200976, 0.000000, 0.000000, 0.000000, 1.000000, -0.995406, 0.094446, 0.015711, 0.001854, 0.015437, -0.003635, 0.999874, -0.097773, 0.094491, 0.995523, 0.002161, 0.018915, 0.000000, 0.000000, 0.000000, 1.000000
-8.4792, 27.5157, -0.8770, 216.7988, 238.8013, -27.4958, 200.9488, 1.4492, -97.5663, 18.8621, 0.987122, 0.065884, -0.145770, 0.027516, -0.075129, 0.995436, -0.058852, -0.000877, 0.141228, 0.069046, 0.987566, 0.216799, 0.000000, 0.000000, 0.000000, 1.000000, 0.141319, 0.069044, 0.987553, 0.238801, -0.987109, -0.065877, 0.145861, -0.027496, 0.075128, -0.995436, 0.058844, 0.200949, 0.000000, 0.000000, 0.000000, 1.000000, -0.995464, 0.094369, 0.012083, 0.001449, 0.011948, -0.001987, 0.999927, -0.097566, 0.094386, 0.995535, 0.000851, 0.018862, 0.000000, 0.000000, 0.000000, 1.000000
-8.1417, 27.1593, -0.8399, 216.5872, 238.5897, -27.1394, 200.9117, 1.2543, -97.7391, 18.8246, 0.987720, 0.065432, -0.141875, 0.027159, -0.074253, 0.995563, -0.057795, -0.000840, 0.137463, 0.067620, 0.988196, 0.216587, 0.000000, 0.000000, 0.000000, 1.000000, 0.137555, 0.067618, 0.988183, 0.238590, -0.987707, -0.065426, 0.141966, -0.027139, 0.074252, -0.995564, 0.057787, 0.200912, 0.000000, 0.000000, 0.000000, 1.000000, -0.995376, 0.094985, 0.014262, 0.001254, 0.013955, -0.003905, 0.999895, -0.097739, 0.095031, 0.995471, 0.002561, 0.018825, 0.000000, 0.000000, 0.000000, 1.000000
-7.5560, 26.6763, -0.7910, 216.7364, 238.7389, -26.6563, 200.8628, 0.7207, -97.5450, 18.8084, 0.989576, 0.065654, -0.128177, 0.026676, -0.073611, 0.995578, -0.058356, -0.000791, 0.123778, 0.067183, 0.990033, 0.216736, 0.000000, 0.000000, 0.000000, 1.000000, 0.123870, 0.067182, 0.990022, 0.238739, -0.989564, -0.065648, 0.128268, -0.026656, 0.073610, -0.995579, 0.058349, 0.200863, 0.000000, 0.000000, 0.000000, 1.000000, -0.995441, 0.094772, 0.010769, 0.000721, 0.010309, -0.005335, 0.999933, -0.097545, 0.094823, 0.995485, 0.004334, 0.018808, 0.000000, 0.000000, 0.000000, 1.000000
-7.1156, 26.2863, -0.7531, 216.6712, 238.6737, -26.2663, 200.8249, 0.3655, -97.5711, 18.7783, 0.990062, 0.066098, -0.124126, 0.026286, -0.073981, 0.995453, -0.060007, -0.000753, 0.119596, 0.068594, 0.990450, 0.216671, 0.000000, 0.000000, 0.000000, 1.000000, 0.119687, 0.068592, 0.990439, 0.238674, -0.990051, -0.066091, 0.124217, -0.026266, 0.073980, -0.995453, 0.059999, 0.200825, 0.000000, 0.000000, 0.000000, 1.000000, -0.995459, 0.094132, 0.014159, 0.000365, 0.013778, -0.004705, 0.999894, -0.097571, 0.094189, 0.995549, 0.003386, 0.018778, 0.000000, 0.000000, 0.000000, 1.000000
-6.7746, 25.9660, -0.7174, 216.5441, 238.5464, -25.9461, 200.7892, 0.1169, -97.6665, 18.7521, 0.990525, 0.066055, -0.120407, 0.025966, -0.073694, 0.995466, -0.060131, -0.000717, 0.115889, 0.068435, 0.990902, 0.216544, 0.000000, 0.000000, 0.000000, 1.000000, 0.115981, 0.068433, 0.990891, 0.238546, -0.990514, -0.066048, 0.120498, -0.025946, 0.073693, -0.995467, 0.060124, 0.200789, 0.000000, 0.000000, 0.000000, 1.000000, -0.995422, 0.094162, 0.016396, 0.000117, 0.015957, -0.005419, 0.999858, -0.097667, 0.094238, 0.995542, 0.003892, 0.018752, 0.000000, 0.000000, 0.000000, 1.000000
-6.4068, 25.5728, -0.6736, 216.8221, 238.8245, -25.5529, 200.7454, -0.1406, -97.3534, 18.7558, 0.992337, 0.065400, -0.104833, 0.025573, -0.072307, 0.995360, -0.063489, -0.000674, 0.100194, 0.070583, 0.992461, 0.216822, 0.000000, 0.000000, 0.000000, 1.000000, 0.100286, 0.070581, 0.992452, 0.238824, -0.992328, -0.065394, 0.104924, -0.025553, 0.072306, -0.995360, 0.063482, 0.200745, 0.000000, 0.000000, 0.000000, 1.000000, -0.995495, 0.094565, 0.006824, -0.000141, 0.006492, -0.003819, 0.999972, -0.097353, 0.094588, 0.995511, 0.003188, 0.018756, 0.000000, 0.000000, 0.000000, 1.000000
-6.1176, 25.2510, -0.6822, 216.4945, 238.4968, -25.2311, 200.7540, -0.2904, -97.6461, 18.6692, 0.992379, 0.066137, -0.103969, 0.025251, -0.072772, 0.995459, -0.061371, -0.000682, 0.099437, 0.068469, 0.992685, 0.216494, 0.000000, 0.000000, 0.000000, 1.000000, 0.099529, 0.068467, 0.992676, 0.238497, -0.992370, -0.066131, 0.104060, -0.025231, 0.072771, -0.995459, 0.061363, 0.200754, 0.000000, 0.000000, 0.000000, 1.000000, -0.995507, 0.094008, 0.011353, -0.000290, 0.010792, -0.006471, 0.999921, -0.097646, 0.094074, 0.995550, 0.005428, 0.018669, 0.000000, 0.000000, 0.000000, 1.000000
-5.3767, 24.7124, -0.6685, 216.5848, 238.5871, -24.6925, 200.7403, -1.0270, -97.5017, 18.6047, 0.993563, 0.065251, -0.092602, 0.024712, -0.071059, 0.995613, -0.060870, -0.000669, 0.088224, 0.067058, 0.993841, 0.216585, 0.000000, 0.000000, 0.000000, 1.000000, 0.088316, 0.067056, 0.993833, 0.238587, -0.993555, -0.065245, 0.092694, -0.024693, 0.071059, -0.995614, 0.060862, 0.200740, 0.000000, 0.000000, 0.000000, 1.000000, -0.995400, 0.094910, 0.013101, -0.001027, 0.012299, -0.009028, 0.999884, -0.097502, 0.095018, 0.995445, 0.007820, 0.018605, 0.000000, 0.000000, 0.000000, 1.000000
-4.9021, 24.1677, -0.6171, 216.6134, 238.6156, -24.1478, 200.6889, -1.2916, -97.4255, 18.5713, 0.994557, 0.065989, -0.080634, 0.024168, -0.071040, 0.995578, -0.061467, -0.000617, 0.076221, 0.066861, 0.994847, 0.216613, 0.000000, 0.000000, 0.000000, 1.000000, 0.076313, 0.066860, 0.994840, 0.238616, -0.994550, -0.065983, 0.080725, -0.024148, 0.071040, -0.995578, 0.061460, 0.200689, 0.000000, 0.000000, 0.000000, 1.000000, -0.995517, 0.094112, 0.009439, -0.001292, 0.008530, -0.010061, 0.999913, -0.097425, 0.094199, 0.995511, 0.009213, 0.018571, 0.000000, 0.000000, 0.000000, 1.000000
-4.4099, 23.7515, -0.5481, 216.4691, 238.4713, -23.7316, 200.6199, -1.6996, -97.5327, 18.5611, 0.994970, 0.066420, -0.074986, 0.023751, -0.071413, 0.995261, -0.065992, -0.000548, 0.070248, 0.071015, 0.994999, 0.216469, 0.000000, 0.000000, 0.000000, 1.000000, 0.070340, 0.071014, 0.994992, 0.238471, -0.994964, -0.066414, 0.075078, -0.023732, 0.071412, -0.995262, 0.065984, 0.200620, 0.000000, 0.000000, 0.000000, 1.000000, -0.995566, 0.093331, 0.011718, -0.001700, 0.011138, -0.006740, 0.999915, -0.097533, 0.093402, 0.995612, 0.005670, 0.018561, 0.000000, 0.000000, 0.000000, 1.000000
-3.8733, 23.3040, -0.5396, 216.5680, 238.5701, -23.2841, 200.6114, -2.1746, -97.3901, 18.5067, 0.995782, 0.064872, -0.064880, 0.023304, -0.068794, 0.995815, -0.060168, -0.000540, 0.060705, 0.064378, 0.996078, 0.216568, 0.000000, 0.000000, 0.000000, 1.000000, 0.060797, 0.064376, 0.996072, 0.238570, -0.995777, -0.064866, 0.064971, -0.023284, 0.068794, -0.995815, 0.060161, 0.200611, 0.000000, 0.000000, 0.000000, 1.000000, -0.995389, 0.095161, 0.012019, -0.002175, 0.010718, -0.014178, 0.999842, -0.097390, 0.095316, 0.995361, 0.013093, 0.018507, 0.000000, 0.000000, 0.000000, 1.000000
-3.3376, 22.7909, -0.5541, 216.4988, 238.5009, -22.7710, 200.6259, -2.5790, -97.4097, 18.4053, 0.996069, 0.066285, -0.058763, 0.022791, -0.069722, 0.995849, -0.058518, -0.000554, 0.054640, 0.062385, 0.996555, 0.216499, 0.000000, 0.000000, 0.000000, 1.000000, 0.054732, 0.062383, 0.996550, 0.238501, -0.996064, -0.066279, 0.058854, -0.022771, 0.069722, -0.995849, 0.058510, 0.200626, 0.000000, 0.000000, 0.000000, 1.000000, -0.995478, 0.093702, 0.015585, -0.002579, 0.014041, -0.017119, 0.999755, -0.097410, 0.093946, 0.995453, 0.015726, 0.018405, 0.000000, 0.000000, 0.000000, 1.000000
-2.8222, 22.2311, -0.4877, 216.4039, 238.4060, -22.2112, 200.5595, -2.8900, -97.4615, 18.3739, 0.996497, 0.065807, -0.051598, 0.022231, -0.069047, 0.995574, -0.063756, -0.000488, 0.047174, 0.067095, 0.996631, 0.216404, 0.000000, 0.000000, 0.000000, 1.000000, 0.047266, 0.067093, 0.996627, 0.238406, -0.996493, -0.065801, 0.051689, -0.022211, 0.069047, -0.995575, 0.063748, 0.200560, 0.000000, 0.000000, 0.000000, 1.000000, -0.995446, 0.093859, 0.016664, -0.002890, 0.015490, -0.013230, 0.999793, -0.097461, 0.094060, 0.995498, 0.011716, 0.018374, 0.000000, 0.000000, 0.000000, 1.000000
-2.2843, 21.7594, -0.4521, 216.5500, 238.5520, -21.7394, 200.5239, -3.3357, -97.2743, 18.3463, 0.997278, 0.065554, -0.033759, 0.021759, -0.067640, 0.995596, -0.064907, -0.000452, 0.029356, 0.067014, 0.997320, 0.216550, 0.000000, 0.000000, 0.000000, 1.000000, 0.029448, 0.067013, 0.997318, 0.238552, -0.997275, -0.065548, 0.033851, -0.021739, 0.067640, -0.995597, 0.064900, 0.200524, 0.000000, 0.000000, 0.000000, 1.000000, -0.995539, 0.093985, 0.008249, -0.003336, 0.006946, -0.014186, 0.999875, -0.097274, 0.094090, 0.995473, 0.013470, 0.018346, 0.000000, 0.000000, 0.000000, 1.000000
-2.0017, 21.4895, -0.4487, 216.5674, 238.5694, -21.4696, 200.5205, -3.5486, -97.2334, 18.3082, 0.997505, 0.065693, -0.025847, 0.021489, -0.067180, 0.995836, -0.061619, -0.000449, 0.021691, 0.063202, 0.997765, 0.216567, 0.000000, 0.000000, 0.000000, 1.000000, 0.021784, 0.063200, 0.997763, 0.238569, -0.997503, -0.065687, 0.025939, -0.021470, 0.067180, -0.995837, 0.061611, 0.200521, 0.000000, 0.000000, 0.000000, 1.000000, -0.995569, 0.093852, 0.005892, -0.003549, 0.004176, -0.018471, 0.999821, -0.097233, 0.093944, 0.995415, 0.017997, 0.018308, 0.000000, 0.000000, 0.000000, 1.000000
-1.5710, 21.0840, -0.4111, 216.5145, 238.5164, -21.0641, 200.4829, -3.8730, -97.2535, 18.2765, 0.997581, 0.065523, -0.023230, 0.021084, -0.066918, 0.995607, -0.065487, -0.000411, 0.018837, 0.066883, 0.997583, 0.216514, 0.000000, 0.000000, 0.000000, 1.000000, 0.018929, 0.066881, 0.997581, 0.238516, -0.997579, -0.065516, 0.023322, -0.021064, 0.066918, -0.995608, 0.065479, 0.200483, 0.000000, 0.000000, 0.000000, 1.000000, -0.995536, 0.093834, 0.010207, -0.003873, 0.008792, -0.015486, 0.999841, -0.097254, 0.093977, 0.995467, 0.014592, 0.018277, 0.000000, 0.000000, 0.000000, 1.000000
-1.0890, 20.6531, -0.3380, 216.4866, 238.4885, -20.6332, 200.4098, -4.2542, -97.2482, 18.2778, 0.997685, 0.065954, -0.016558, 0.020653, -0.066953, 0.995323, -0.069643, -0.000338, 0.011887, 0.070591, 0.997435, 0.216487, 0.000000, 0.000000, 0.000000, 1.000000, 0.011979, 0.070589, 0.997434, 0.238489, -0.997684, -0.065947, 0.016650, -0.020633, 0.066953, -0.995323, 0.069636, 0.200410, 0.000000, 0.000000, 0.000000, 1.000000, -0.995578, 0.093252, 0.011371, -0.004254, 0.010244, -0.012560, 0.999869, -0.097248, 0.093383, 0.995563, 0.011549, 0.018278, 0.000000, 0.000000, 0.000000, 1.000000
-0.8020, 20.2973, -0.3796, 216.4598, 238.4616, -20.2774, 200.4514, -4.3968, -97.2482, 18.1782, 0.997756, 0.066320, -0.009169, 0.020297, -0.066767, 0.995790, -0.062803, -0.000380, 0.004965, 0.063274, 0.997984, 0.216460, 0.000000, 0.000000, 0.000000, 1.000000, 0.005058, 0.063272, 0.997984, 0.238462, -0.997756, -0.066314, 0.009261, -0.020277, 0.066767, -0.995791, 0.062795, 0.200451, 0.000000, 0.000000, 0.000000, 1.000000, -0.995631, 0.092819, 0.010172, -0.004397, 0.008316, -0.020358, 0.999758, -0.097248, 0.093003, 0.995475, 0.019497, 0.018178, 0.000000, 0.000000, 0.000000, 1.000000
-0.3819, 19.9782, -0.3425, 216.4746, 238.4765, -19.9583, 200.4143, -4.7886, -97.2033, 18.1653, 0.997787, 0.066064, -0.007474, 0.019978, -0.066406, 0.995789, -0.063207, -0.000343, 0.003267, 0.063563, 0.997972, 0.216475, 0.000000, 0.000000, 0.000000, 1.000000, 0.003359, 0.063562, 0.997972, 0.238476, -0.997787, -0.066059, 0.007566, -0.019958, 0.066406, -0.995789, 0.063199, 0.200414, 0.000000, 0.000000, 0.000000, 1.000000, -0.995548, 0.092925, 0.015765, -0.004789, 0.013894, -0.020750, 0.999688, -0.097203, 0.093223, 0.995457, 0.019367, 0.018165, 0.000000, 0.000000, 0.000000, 1.000000
-0.0250, 19.5775, -0.3536, 216.4118, 238.4136, -19.5576, 200.4254, -5.0016, -97.2376, 18.0856, 0.997848, 0.065572, 0.000408, 0.019578, -0.065441, 0.996213, -0.057245, -0.000354, -0.004160, 0.057095, 0.998360, 0.216412, 0.000000, 0.000000, 0.000000, 1.000000, -0.004068, 0.057093, 0.998361, 0.238414, -0.997848, -0.065566, -0.000316, -0.019558, 0.065441, -0.996214, 0.057237, 0.200425, 0.000000, 0.000000, 0.000000, 1.000000, -0.995533, 0.093188, 0.015155, -0.005002, 0.012612, -0.027815, 0.999534, -0.097238, 0.093566, 0.995260, 0.026515, 0.018086, 0.000000, 0.000000, 0.000000, 1.000000
0.6869, 18.9338, -0.2452, 216.7565, 238.7583, -18.9138, 200.3170, -5.5443, -96.8493, 18.1187, 0.997438, 0.065677, 0.028339, 0.018934, -0.063756, 0.995909, -0.064040, -0.000245, -0.032429, 0.062069, 0.997545, 0.216757, 0.000000, 0.000000, 0.000000, 1.000000, -0.032336, 0.062067, 0.997548, 0.238758, -0.997441, -0.065671, -0.028247, -0.018914, 0.063757, -0.995909, 0.064032, 0.200317, 0.000000, 0.000000, 0.000000, 1.000000, -0.995678, 0.092868, -0.001086, -0.005544, -0.003328, -0.023988, 0.999707, -0.096849, 0.092814, 0.995389, 0.024194, 0.018119, 0.000000, 0.000000, 0.000000, 1.000000
1.0701, 18.5587, -0.2534, 216.4699, 238.4716, -18.5388, 200.3252, -5.8356, -97.1060, 18.0274, 0.997672, 0.065542, 0.018847, 0.018559, -0.064157, 0.995722, -0.066491, -0.000253, -0.023124, 0.065127, 0.997609, 0.216470, 0.000000, 0.000000, 0.000000, 1.000000, -0.023032, 0.065126, 0.997611, 0.238472, -0.997674, -0.065536, -0.018755, -0.018539, 0.064158, -0.995723, 0.066483, 0.200325, 0.000000, 0.000000, 0.000000, 1.000000, -0.995565, 0.092943, 0.014589, -0.005836, 0.012637, -0.021551, 0.999688, -0.097106, 0.093228, 0.995438, 0.020281, 0.018027, 0.000000, 0.000000, 0.000000, 1.000000
1.5337, 18.2894, -0.2594, 216.3829, 238.3846, -18.2694, 200.3312, -6.3608, -97.1518, 17.9715, 0.997794, 0.065026, 0.013395, 0.018289, -0.064097, 0.996084, -0.060892, -0.000259, -0.017302, 0.059899, 0.998055, 0.216383, 0.000000, 0.000000, 0.000000, 1.000000, -0.017209, 0.059897, 0.998056, 0.238385, -0.997795, -0.065021, -0.013303, -0.018269, 0.064097, -0.996085, 0.060884, 0.200331, 0.000000, 0.000000, 0.000000, 1.000000, -0.995240, 0.093060, 0.028946, -0.006361, 0.026487, -0.027558, 0.999269, -0.097152, 0.093790, 0.995279, 0.024962, 0.017972, 0.000000, 0.000000, 0.000000, 1.000000
2.0290, 17.6244, -0.1766, 216.6909, 238.6925, -17.6044, 200.2484, -6.5132, -96.8254, 17.9730, 0.996864, 0.064660, 0.045621, 0.017624, -0.061917, 0.996326, -0.059161, -0.000177, -0.049278, 0.056151, 0.997205, 0.216691, 0.000000, 0.000000, 0.000000, 1.000000, -0.049186, 0.056150, 0.997210, 0.238692, -0.996869, -0.064654, -0.045529, -0.017604, 0.061918, -0.996327, 0.059154, 0.200248, 0.000000, 0.000000, 0.000000, 1.000000, -0.995649, 0.092991, 0.006015, -0.006513, 0.003038, -0.032128, 0.999479, -0.096825, 0.093136, 0.995148, 0.031706, 0.017973, 0.000000, 0.000000, 0.000000, 1.000000
2.3963, 17.3124, -0.2372, 216.6216, 238.6232, -17.2925, 200.3090, -6.8402, -96.8614, 17.8582, 0.997084, 0.065020, 0.039946, 0.017312, -0.062838, 0.996581, -0.053638, -0.000237, -0.043297, 0.050972, 0.997761, 0.216622, 0.000000, 0.000000, 0.000000, 1.000000, -0.043204, 0.050970, 0.997765, 0.238623, -0.997088, -0.065015, -0.039854, -0.017293, 0.062838, -0.996582, 0.053631, 0.200309, 0.000000, 0.000000, 0.000000, 1.000000, -0.995568, 0.092122, 0.018903, -0.006840, 0.015466, -0.037879, 0.999163, -0.096861, 0.092761, 0.995027, 0.036286, 0.017858, 0.000000, 0.000000, 0.000000, 1.000000
2.8723, 16.8996, -0.1402, 216.5979, 238.5995, -16.8796, 200.2120, -7.2247, -96.8591, 17.8862, 0.996630, 0.065182, 0.049794, 0.016900, -0.061785, 0.995841, -0.066962, -0.000140, -0.053951, 0.063660, 0.996512, 0.216598, 0.000000, 0.000000, 0.000000, 1.000000, -0.053859, 0.063659, 0.996517, 0.238599, -0.996635, -0.065176, -0.049702, -0.016880, 0.061786, -0.995841, 0.066955, 0.200212, 0.000000, 0.000000, 0.000000, 1.000000, -0.995596, 0.092481, 0.015371, -0.007225, 0.013021, -0.025954, 0.999578, -0.096859, 0.092841, 0.995376, 0.024636, 0.017886, 0.000000, 0.000000, 0.000000, 1.000000
3.3315, 16.4782, -0.1593, 216.6138, 238.6153, -16.4583, 200.2311, -7.5874, -96.8096, 17.8018, 0.996009, 0.065229, 0.060918, 0.016478, -0.061476, 0.996207, -0.061583, -0.000159, -0.064704, 0.057592, 0.996241, 0.216614, 0.000000, 0.000000, 0.000000, 1.000000, -0.064612, 0.057591, 0.996247, 0.238615, -0.996015, -0.065224, -0.060827, -0.016458, 0.061476, -0.996207, 0.061576, 0.200231, 0.000000, 0.000000, 0.000000, 1.000000, -0.995692, 0.091777, 0.013219, -0.007587, 0.010249, -0.032752, 0.999411, -0.096810, 0.092156, 0.995241, 0.031670, 0.017802, 0.000000, 0.000000, 0.000000, 1.000000
3.8834, 15.8575, -0.1678, 216.8246, 238.8261, -15.8376, 200.2396, -7.8905, -96.5706, 17.7125, 0.993993, 0.064885, 0.088134, 0.015858, -0.060669, 0.996920, -0.049697, -0.000168, -0.091087, 0.044051, 0.994868, 0.216825, 0.000000, 0.000000, 0.000000, 1.000000, -0.090995, 0.044049, 0.994877, 0.238826, -0.994002, -0.064881, -0.088042, -0.015838, 0.060670, -0.996920, 0.049689, 0.200240, 0.000000, 0.000000, 0.000000, 1.000000, -0.995880, 0.090652, -0.002274, -0.007891, -0.006574, -0.047167, 0.998865, -0.096571, 0.090442, 0.994765, 0.047569, 0.017713, 0.000000, 0.000000, 0.000000, 1.000000
4.3937, 15.4635, -0.1873, 216.7765, 238.7779, -15.4435, 200.2591, -8.3704, -96.5767, 17.6268, 0.994762, 0.062906, 0.080568, 0.015463, -0.059458, 0.997238, -0.044508, -0.000187, -0.083145, 0.039484, 0.995755, 0.216776, 0.000000, 0.000000, 0.000000, 1.000000, -0.083053, 0.039483, 0.995763, 0.238778, -0.994770, -0.062902, -0.080476, -0.015444, 0.059458, -0.997238, 0.044500, 0.200259, 0.000000, 0.000000, 0.000000, 1.000000, -0.995669, 0.091760, 0.014930, -0.008370, 0.010117, -0.052703, 0.998559, -0.096577, 0.092414, 0.994386, 0.051547, 0.017627, 0.000000, 0.000000, 0.000000, 1.000000
4.9351, 14.9298, -0.0459, 216.7609, 238.7623, -14.9098, 200.1177, -8.7388, -96.5743, 17.6799, 0.993648, 0.065066, 0.091819, 0.014930, -0.059336, 0.996196, -0.063817, -0.000046, -0.095622, 0.057963, 0.993729, 0.216761, 0.000000, 0.000000, 0.000000, 1.000000, -0.095530, 0.057962, 0.993738, 0.238762, -0.993656, -0.065061, -0.091727, -0.014910, 0.059337, -0.996197, 0.063809, 0.200118, 0.000000, 0.000000, 0.000000, 1.000000, -0.995796, 0.091024, 0.010207, -0.008739, 0.007048, -0.034955, 0.999364, -0.096574, 0.091323, 0.995235, 0.034167, 0.017680, 0.000000, 0.000000, 0.000000, 1.000000
5.3275, 14.4553, -0.0922, 216.7836, 238.7849, -14.4354, 200.1640, -8.9384, -96.5340, 17.5610, 0.991360, 0.064798, 0.114046, 0.014455, -0.059078, 0.996853, -0.052849, -0.000092, -0.117112, 0.045655, 0.992069, 0.216784, 0.000000, 0.000000, 0.000000, 1.000000, -0.117020, 0.045653, 0.992080, 0.238785, -0.991371, -0.064794, -0.113955, -0.014435, 0.059079, -0.996854, 0.052841, 0.200164, 0.000000, 0.000000, 0.000000, 1.000000, -0.995963, 0.089698, -0.003341, -0.008938, -0.007660, -0.047852, 0.998825, -0.096534, 0.089433, 0.994819, 0.048346, 0.017561, 0.000000, 0.000000, 0.000000, 1.000000
5.7718, 14.0712, 0.0812, 216.7829, 238.7842, -14.0513, 199.9906, -9.2843, -96.5226, 17.6706, 0.991328, 0.065578, 0.113875, 0.014071, -0.057281, 0.995562, -0.074663, 0.000081, -0.118266, 0.067492, 0.990686, 0.216783, 0.000000, 0.000000, 0.000000, 1.000000, -0.118175, 0.067491, 0.990697, 0.238784, -0.991339, -0.065572, -0.113784, -0.014051, 0.057282, -0.995563, 0.074655, 0.199991, 0.000000, 0.000000, 0.000000, 1.000000, -0.995841, 0.091100, 0.001178, -0.009284, -0.001264, -0.026738, 0.999642, -0.096523, 0.091099, 0.995483, 0.026742, 0.017671, 0.000000, 0.000000, 0.000000, 1.000000
6.2908, 13.6083, 0.0640, 216.9017, 238.9030, -13.5883, 200.0078, -9.6911, -96.3709, 17.5901, 0.990805, 0.064757, 0.118791, 0.013608, -0.057237, 0.996199, -0.065669, 0.000064, -0.122592, 0.058266, 0.990745, 0.216902, 0.000000, 0.000000, 0.000000, 1.000000, -0.122501, 0.058264, 0.990757, 0.238903, -0.990817, -0.064752, -0.118700, -0.013588, 0.057238, -0.996199, 0.065661, 0.200008, 0.000000, 0.000000, 0.000000, 1.000000, -0.995872, 0.090515, 0.006742, -0.009691, 0.003417, -0.036837, 0.999315, -0.096371, 0.090701, 0.995214, 0.036376, 0.017590, 0.000000, 0.000000, 0.000000, 1.000000
6.8708, 13.1165, 0.0387, 216.9632, 238.9644, -13.0966, 200.0331, -10.1798, -96.2683, 17.4923, 0.990201, 0.064287, 0.123975, 0.013117, -0.056596, 0.996306, -0.064591, 0.000039, -0.127670, 0.056941, 0.990181, 0.216963, 0.000000, 0.000000, 0.000000, 1.000000, -0.127578, 0.056939, 0.990193, 0.238964, -0.990212, -0.064282, -0.123884, -0.013097, 0.056597, -0.996306, 0.064583, 0.200033, 0.000000, 0.000000, 0.000000, 1.000000, -0.995833, 0.090423, 0.011861, -0.010180, 0.008348, -0.039130, 0.999199, -0.096268, 0.090814, 0.995134, 0.038212, 0.017492, 0.000000, 0.000000, 0.000000, 1.000000
7.1859, 12.6939, 0.1631, 216.9712, 238.9723, -12.6739, 199.9087, -10.2764, -96.2731, 17.5483, 0.988206, 0.065742, 0.138302, 0.012694, -0.055141, 0.995338, -0.079132, 0.000163, -0.142859, 0.070573, 0.987224, 0.216971, 0.000000, 0.000000, 0.000000, 1.000000, -0.142768, 0.070571, 0.987237, 0.238972, -0.988219, -0.065735, -0.138211, -0.012674, 0.055142, -0.995338, 0.079124, 0.199909, 0.000000, 0.000000, 0.000000, 1.000000, -0.995880, 0.090680, 0.000791, -0.010276, -0.001564, -0.025898, 0.999663, -0.096273, 0.090670, 0.995543, 0.025933, 0.017548, 0.000000, 0.000000, 0.000000, 1.000000
7.8245, 12.1263, 0.1657, 217.0225, 239.0236, -12.1064, 199.9061, -10.7858, -96.1852, 17.4651, 0.986357, 0.065813, 0.150892, 0.012126, -0.054638, 0.995529, -0.077050, 0.000166, -0.155288, 0.067755, 0.985543, 0.217022, 0.000000, 0.000000, 0.000000, 1.000000, -0.155197, 0.067753, 0.985557, 0.239024, -0.986371, -0.065806, -0.150801, -0.012106, 0.054639, -0.995530, 0.077043, 0.199906, 0.000000, 0.000000, 0.000000, 1.000000, -0.995951, 0.089892, -0.000332, -0.010786, -0.003013, -0.029688, 0.999555, -0.096185, 0.089842, 0.995509, 0.029839, 0.017465, 0.000000, 0.000000, 0.000000, 1.000000
8.5355, 11.5034, 0.2038, 217.1869, 239.1879, -11.4834, 199.8680, -11.3377, -95.9852, 17.4174, 0.985289, 0.064915, 0.158088, 0.011503, -0.053800, 0.995836, -0.073600, 0.000204, -0.162207, 0.064012, 0.984678, 0.217187, 0.000000, 0.000000, 0.000000, 1.000000, -0.162116, 0.064011, 0.984693, 0.239188, -0.985304, -0.064909, -0.157997, -0.011483, 0.053802, -0.995836, 0.073593, 0.199868, 0.000000, 0.000000, 0.000000, 1.000000, -0.995946, 0.089790, 0.005401, -0.011338, 0.002296, -0.034650, 0.999397, -0.095985, 0.089923, 0.995358, 0.034303, 0.017417, 0.000000, 0.000000, 0.000000, 1.000000
8.8128, 11.1722, 0.1654, 217.2837, 239.2848, -11.1522, 199.9064, -11.4679, -95.8839, 17.3351, 0.983795, 0.065113, 0.167059, 0.011172, -0.054156, 0.996123, -0.069333, 0.000165, -0.170925, 0.059162, 0.983506, 0.217284, 0.000000, 0.000000, 0.000000, 1.000000, -0.170834, 0.059160, 0.983522, 0.239285, -0.983810, -0.065108, -0.166968, -0.011152, 0.054157, -0.996123, 0.069325, 0.199906, 0.000000, 0.000000, 0.000000, 1.000000, -0.996065, 0.088608, 0.001900, -0.011468, -0.001638, -0.039839, 0.999205, -0.095884, 0.088613, 0.995270, 0.039828, 0.017335, 0.000000, 0.000000, 0.000000, 1.000000
9.6337, 10.4994, 0.2995, 217.4526, 239.4536, -10.4794, 199.7723, -12.1357, -95.6783, 17.3743, 0.982324, 0.065989, 0.175174, 0.010499, -0.052433, 0.995341, -0.080918, 0.000299, -0.179697, 0.070303, 0.981207, 0.217453, 0.000000, 0.000000, 0.000000, 1.000000, -0.179606, 0.070301, 0.981223, 0.239454, -0.982340, -0.065982, -0.175083, -0.010479, 0.052435, -0.995341, 0.080910, 0.199772, 0.000000, 0.000000, 0.000000, 1.000000, -0.995994, 0.089200, 0.006264, -0.012136, 0.003603, -0.029968, 0.999544, -0.095678, 0.089347, 0.995563, 0.029526, 0.017374, 0.000000, 0.000000, 0.000000, 1.000000
9.9668, 10.1360, 0.3019, 217.4706, 239.4715, -10.1160, 199.7699, -12.3352, -95.6551, 17.3205, 0.981282, 0.064987, 0.181278, 0.010136, -0.050937, 0.995402, -0.081117, 0.000302, -0.185716, 0.070365, 0.980081, 0.217471, 0.000000, 0.000000, 0.000000, 1.000000, -0.185625, 0.070363, 0.980098, 0.239472, -0.981300, -0.064980, -0.181187, -0.010116, 0.050938, -0.995403, 0.081109, 0.199770, 0.000000, 0.000000, 0.000000, 1.000000, -0.995923, 0.090017, 0.005903, -0.012335, 0.003157, -0.030615, 0.999526, -0.095655, 0.090155, 0.995470, 0.030206, 0.017321, 0.000000, 0.000000, 0.000000, 1.000000
10.5376, 9.6709, 0.2748, 217.3636, 239.3644, -9.6509, 199.7970, -12.8631, -95.7180, 17.2112, 0.978072, 0.065657, 0.197646, 0.009671, -0.051346, 0.995732, -0.076687, 0.000275, -0.201838, 0.064857, 0.977269, 0.217364, 0.000000, 0.000000, 0.000000, 1.000000, -0.201748, 0.064856, 0.977288, 0.239364, -0.978091, -0.065651, -0.197557, -0.009651, 0.051347, -0.995733, 0.076680, 0.199797, 0.000000, 0.000000, 0.000000, 1.000000, -0.996123, 0.087966, 0.000041, -0.012863, -0.003208, -0.036788, 0.999318, -0.095718, 0.087907, 0.995444, 0.036927, 0.017211, 0.000000, 0.000000, 0.000000, 1.000000
10.9336, 9.1755, 0.3114, 217.4503, 239.4511, -9.1555, 199.7604, -13.0216, -95.6450, 17.1758, 0.976405, 0.065474, 0.205784, 0.009176, -0.050352, 0.995690, -0.077886, 0.000311, -0.209996, 0.065687, 0.975493, 0.217450, 0.000000, 0.000000, 0.000000, 1.000000, -0.209906, 0.065685, 0.975513, 0.239451, -0.976424, -0.065468, -0.205694, -0.009156, 0.050354, -0.995690, 0.077879, 0.199760, 0.000000, 0.000000, 0.000000, 1.000000, -0.996114, 0.088057, -0.001468, -0.013022, -0.004710, -0.036619, 0.999318, -0.095645, 0.087944, 0.995442, 0.036891, 0.017176, 0.000000, 0.000000, 0.000000, 1.000000
11.6793, 8.6044, 0.3322, 217.7407, 239.7415, -8.5844, 199.7396, -13.6459, -95.3086, 17.1297, 0.975186, 0.065423, 0.211498, 0.008604, -0.050203, 0.995800, -0.076558, 0.000332, -0.215618, 0.064041, 0.974375, 0.217741, 0.000000, 0.000000, 0.000000, 1.000000, -0.215528, 0.064039, 0.974396, 0.239741, -0.975206, -0.065418, -0.211408, -0.008584, 0.050204, -0.995801, 0.076551, 0.199740, 0.000000, 0.000000, 0.000000, 1.000000, -0.996167, 0.087265, 0.005956, -0.013646, 0.002524, -0.039383, 0.999221, -0.095309, 0.087432, 0.995406, 0.039012, 0.017130, 0.000000, 0.000000, 0.000000, 1.000000
