# Joint_6_Angle(deg), Cam_X(mm), Cam_Y(mm), Cam_Z(mm), Torso_X(mm), Torso_Y(mm), Torso_Z(mm), EE_X(mm), EE_Y(mm), EE_Z(mm), T_cam2marker_flat(16), T_torso2marker_flat(16), T_ee2marker_flat(16)
-19.6251, 40.2353, -34.9979, 168.6248, 190.6248, -40.2353, 235.0714, 145.0235, 16.5252, 53.4935, 0.837127, 0.525426, 0.152141, 0.040235, -0.535350, 0.844076, 0.030607, -0.034998, -0.112337, -0.107070, 0.987885, 0.168625, 0.000000, 0.000000, 0.000000, 1.000000, -0.112337, -0.107070, 0.987885, 0.190625, -0.837127, -0.525426, -0.152141, -0.040235, 0.535350, -0.844076, -0.030607, 0.235071, 0.000000, 0.000000, 0.000000, 1.000000, -0.029884, -0.054142, -0.998086, 0.145024, -0.998742, 0.041847, 0.027633, 0.016525, 0.040271, 0.997656, -0.055325, 0.053494, 0.000000, 0.000000, 0.000000, 1.000000
-19.0077, 39.5047, -34.5173, 168.7085, 190.7085, -39.5047, 234.5907, 145.0627, 16.6308, 53.2883, 0.833694, 0.529901, 0.155431, 0.039505, -0.540370, 0.840825, 0.031837, -0.034517, -0.113820, -0.110533, 0.987334, 0.168709, 0.000000, 0.000000, 0.000000, 1.000000, -0.113820, -0.110533, 0.987334, 0.190709, -0.833694, -0.529901, -0.155431, -0.039505, 0.540370, -0.840825, -0.031837, 0.234591, 0.000000, 0.000000, 0.000000, 1.000000, -0.027427, -0.051483, -0.998297, 0.145063, -0.998598, 0.046652, 0.025030, 0.016631, 0.045284, 0.997584, -0.052691, 0.053288, 0.000000, 0.000000, 0.000000, 1.000000
-18.4700, 38.2980, -33.7116, 168.7558, 190.7558, -38.2980, 233.7850, 145.2157, 17.4002, 53.0952, 0.827784, 0.540656, 0.149883, 0.038298, -0.550322, 0.834435, 0.029393, -0.033712, -0.109176, -0.106815, 0.988267, 0.168756, 0.000000, 0.000000, 0.000000, 1.000000, -0.109176, -0.106815, 0.988267, 0.190756, -0.827784, -0.540656, -0.149883, -0.038298, 0.550322, -0.834435, -0.029393, 0.233785, 0.000000, 0.000000, 0.000000, 1.000000, -0.030151, -0.056938, -0.997922, 0.145216, -0.998642, 0.044158, 0.027653, 0.017400, 0.042492, 0.997401, -0.058192, 0.053095, 0.000000, 0.000000, 0.000000, 1.000000
-17.8416, 37.2765, -32.9874, 168.9488, 190.9488, -37.2765, 233.0609, 145.1934, 17.8766, 52.8688, 0.822716, 0.547937, 0.151335, 0.037276, -0.558047, 0.829214, 0.031436, -0.032987, -0.108264, -0.110315, 0.987983, 0.168949, 0.000000, 0.000000, 0.000000, 1.000000, -0.108264, -0.110315, 0.987983, 0.190949, -0.822716, -0.547937, -0.151335, -0.037276, 0.558047, -0.829214, -0.031436, 0.233061, 0.000000, 0.000000, 0.000000, 1.000000, -0.029536, -0.054700, -0.998066, 0.145193, -0.998586, 0.045760, 0.027043, 0.017877, 0.044192, 0.997454, -0.055974, 0.052869, 0.000000, 0.000000, 0.000000, 1.000000
-17.1938, 36.2458, -32.2843, 169.0706, 191.0706, -36.2458, 232.3578, 145.2435, 18.3110, 52.6074, 0.816927, 0.556650, 0.150903, 0.036246, -0.566110, 0.823940, 0.025343, -0.032284, -0.110228, -0.106131, 0.988224, 0.169071, 0.000000, 0.000000, 0.000000, 1.000000, -0.110228, -0.106131, 0.988224, 0.191071, -0.816927, -0.556650, -0.150903, -0.036246, 0.566110, -0.823940, -0.025343, 0.232358, 0.000000, 0.000000, 0.000000, 1.000000, -0.025943, -0.060258, -0.997846, 0.145244, -0.998603, 0.047530, 0.023093, 0.018311, 0.046037, 0.997051, -0.061407, 0.052607, 0.000000, 0.000000, 0.000000, 1.000000
-16.6250, 35.0980, -31.4722, 169.2440, 191.2440, -35.0980, 231.5456, 145.2609, 19.0063, 52.3605, 0.811031, 0.564855, 0.152209, 0.035098, -0.574859, 0.817762, 0.028329, -0.031472, -0.108469, -0.110475, 0.987942, 0.169244, 0.000000, 0.000000, 0.000000, 1.000000, -0.108469, -0.110475, 0.987942, 0.191244, -0.811031, -0.564855, -0.152209, -0.035098, 0.574859, -0.817762, -0.028329, 0.231546, 0.000000, 0.000000, 0.000000, 1.000000, -0.025924, -0.057327, -0.998019, 0.145261, -0.998639, 0.046692, 0.023258, 0.019006, 0.045267, 0.997263, -0.058459, 0.052361, 0.000000, 0.000000, 0.000000, 1.000000
-16.0800, 33.7338, -30.4614, 169.4165, 191.4165, -33.7338, 230.5348, 145.3116, 20.0195, 52.1270, 0.803655, 0.575933, 0.149797, 0.033734, -0.585559, 0.810197, 0.026489, -0.030461, -0.106109, -0.109003, 0.988362, 0.169416, 0.000000, 0.000000, 0.000000, 1.000000, -0.106109, -0.109003, 0.988362, 0.191416, -0.803655, -0.575933, -0.149797, -0.033734, 0.585559, -0.810197, -0.026489, 0.230535, 0.000000, 0.000000, 0.000000, 1.000000, -0.026070, -0.060583, -0.997823, 0.145312, -0.998795, 0.043086, 0.023480, 0.020020, 0.041570, 0.997233, -0.061633, 0.052127, 0.000000, 0.000000, 0.000000, 1.000000
-15.5672, 32.9278, -29.8639, 169.5369, 191.5369, -32.9278, 229.9374, 145.3235, 20.3758, 51.9055, 0.798903, 0.582699, 0.149050, 0.032928, -0.591893, 0.805696, 0.022720, -0.029864, -0.106850, -0.106373, 0.988569, 0.169537, 0.000000, 0.000000, 0.000000, 1.000000, -0.106850, -0.106373, 0.988569, 0.191537, -0.798903, -0.582699, -0.149050, -0.032928, 0.591893, -0.805696, -0.022720, 0.229937, 0.000000, 0.000000, 0.000000, 1.000000, -0.023989, -0.064270, -0.997644, 0.145324, -0.998794, 0.044308, 0.021162, 0.020376, 0.042843, 0.996948, -0.065255, 0.051906, 0.000000, 0.000000, 0.000000, 1.000000
-15.0278, 31.9783, -29.1461, 169.6072, 191.6072, -31.9783, 229.2196, 145.4065, 20.8756, 51.6759, 0.794104, 0.588955, 0.150104, 0.031978, -0.598941, 0.800283, 0.028581, -0.029146, -0.103293, -0.112600, 0.988257, 0.169607, 0.000000, 0.000000, 0.000000, 1.000000, -0.103293, -0.112600, 0.988257, 0.191607, -0.794104, -0.588955, -0.150104, -0.031978, 0.598941, -0.800283, -0.028581, 0.229220, 0.000000, 0.000000, 0.000000, 1.000000, -0.026054, -0.059146, -0.997909, 0.145407, -0.998725, 0.044726, 0.023424, 0.020876, 0.043247, 0.997247, -0.060236, 0.051676, 0.000000, 0.000000, 0.000000, 1.000000
-14.4215, 30.9835, -28.3747, 169.7115, 191.7115, -30.9835, 228.4481, 145.4624, 21.3597, 51.4123, 0.788167, 0.596907, 0.149984, 0.030984, -0.606417, 0.794797, 0.023584, -0.028375, -0.105129, -0.109541, 0.988407, 0.169711, 0.000000, 0.000000, 0.000000, 1.000000, -0.105129, -0.109541, 0.988407, 0.191711, -0.788167, -0.596907, -0.149984, -0.030984, 0.606417, -0.794797, -0.023584, 0.228448, 0.000000, 0.000000, 0.000000, 1.000000, -0.022591, -0.063436, -0.997730, 0.145462, -0.998743, 0.046097, 0.019683, 0.021360, 0.044744, 0.996921, -0.064397, 0.051412, 0.000000, 0.000000, 0.000000, 1.000000
-13.9151, 29.8426, -27.4867, 169.8746, 191.8746, -29.8426, 227.5602, 145.4838, 22.1613, 51.1546, 0.781202, 0.605467, 0.152096, 0.029843, -0.615198, 0.788044, 0.022745, -0.027487, -0.106087, -0.111338, 0.988104, 0.169875, 0.000000, 0.000000, 0.000000, 1.000000, -0.106087, -0.111338, 0.988104, 0.191875, -0.781202, -0.605467, -0.152096, -0.029843, 0.615198, -0.788044, -0.022745, 0.227560, 0.000000, 0.000000, 0.000000, 1.000000, -0.019696, -0.063031, -0.997817, 0.145484, -0.998893, 0.043880, 0.016946, 0.022161, 0.042716, 0.997046, -0.063826, 0.051155, 0.000000, 0.000000, 0.000000, 1.000000
-13.3860, 28.9085, -26.7115, 170.0468, 192.0468, -28.9085, 226.7849, 145.4607, 22.7036, 50.9126, 0.775842, 0.612578, 0.151054, 0.028908, -0.622013, 0.782739, 0.020488, -0.026711, -0.105685, -0.109853, 0.988313, 0.170047, 0.000000, 0.000000, 0.000000, 1.000000, -0.105685, -0.109853, 0.988313, 0.192047, -0.775842, -0.612578, -0.151054, -0.028908, 0.622013, -0.782739, -0.020488, 0.226785, 0.000000, 0.000000, 0.000000, 1.000000, -0.018577, -0.065622, -0.997672, 0.145461, -0.998888, 0.044474, 0.015675, 0.022704, 0.043342, 0.996853, -0.066376, 0.050913, 0.000000, 0.000000, 0.000000, 1.000000
-12.9898, 27.9701, -25.9374, 170.0423, 192.0423, -27.9701, 226.0108, 145.6111, 23.3978, 50.7367, 0.770173, 0.620870, 0.146131, 0.027970, -0.630061, 0.776212, 0.022780, -0.025937, -0.099285, -0.109616, 0.989003, 0.170042, 0.000000, 0.000000, 0.000000, 1.000000, -0.099285, -0.109616, 0.989003, 0.192042, -0.770173, -0.620870, -0.146131, -0.027970, 0.630061, -0.776212, -0.022780, 0.226011, 0.000000, 0.000000, 0.000000, 1.000000, -0.023181, -0.067163, -0.997473, 0.145611, -0.998953, 0.040930, 0.020459, 0.023398, 0.039452, 0.996902, -0.068041, 0.050737, 0.000000, 0.000000, 0.000000, 1.000000
-12.4526, 27.2798, -25.3958, 170.1801, 192.1801, -27.2798, 225.4693, 145.5856, 23.5855, 50.4509, 0.765681, 0.624411, 0.154414, 0.027280, -0.634416, 0.772700, 0.021230, -0.025396, -0.106059, -0.114218, 0.987778, 0.170180, 0.000000, 0.000000, 0.000000, 1.000000, -0.106059, -0.114218, 0.987778, 0.192180, -0.765681, -0.624411, -0.154414, -0.027280, 0.634416, -0.772700, -0.021230, 0.225469, 0.000000, 0.000000, 0.000000, 1.000000, -0.015378, -0.063183, -0.997883, 0.145586, -0.998917, 0.044804, 0.012557, 0.023585, 0.043916, 0.996996, -0.063803, 0.050451, 0.000000, 0.000000, 0.000000, 1.000000
-11.9320, 26.3695, -24.5909, 170.3319, 192.3319, -26.3695, 224.6644, 145.5757, 24.1314, 50.2092, 0.759965, 0.631905, 0.152149, 0.026370, -0.641345, 0.767048, 0.017733, -0.024591, -0.105500, -0.111057, 0.988199, 0.170332, 0.000000, 0.000000, 0.000000, 1.000000, -0.105500, -0.111057, 0.988199, 0.192332, -0.759965, -0.631905, -0.152149, -0.026370, 0.641345, -0.767048, -0.017733, 0.224664, 0.000000, 0.000000, 0.000000, 1.000000, -0.014334, -0.067469, -0.997618, 0.145576, -0.998926, 0.044933, 0.011314, 0.024131, 0.044062, 0.996709, -0.068041, 0.050209, 0.000000, 0.000000, 0.000000, 1.000000
-11.4018, 25.4487, -23.8233, 170.3626, 192.3626, -25.4487, 223.8967, 145.6885, 24.6309, 49.9355, 0.754023, 0.638110, 0.155772, 0.025449, -0.648466, 0.760930, 0.021837, -0.023823, -0.104598, -0.117479, 0.987552, 0.170363, 0.000000, 0.000000, 0.000000, 1.000000, -0.104598, -0.117479, 0.987552, 0.192363, -0.754023, -0.638110, -0.155772, -0.025449, 0.648466, -0.760930, -0.021837, 0.223897, 0.000000, 0.000000, 0.000000, 1.000000, -0.013566, -0.062101, -0.997978, 0.145689, -0.998938, 0.044789, 0.010792, 0.024631, 0.044028, 0.997064, -0.062643, 0.049935, 0.000000, 0.000000, 0.000000, 1.000000
-10.7497, 24.5196, -22.9614, 170.5179, 192.5180, -24.5196, 223.0349, 145.6756, 25.0514, 49.6321, 0.747797, 0.646590, 0.150737, 0.024520, -0.655754, 0.754819, 0.015340, -0.022961, -0.103860, -0.110317, 0.988455, 0.170518, 0.000000, 0.000000, 0.000000, 1.000000, -0.103860, -0.110317, 0.988455, 0.192518, -0.747797, -0.646590, -0.150737, -0.024520, 0.655754, -0.754819, -0.015340, 0.223035, 0.000000, 0.000000, 0.000000, 1.000000, -0.012569, -0.070469, -0.997435, 0.145676, -0.998869, 0.046621, 0.009294, 0.025051, 0.045847, 0.996424, -0.070976, 0.049632, 0.000000, 0.000000, 0.000000, 1.000000
-10.2395, 23.3253, -21.8786, 170.7167, 192.7167, -23.3253, 221.9521, 145.6614, 26.0021, 49.3438, 0.739527, 0.655855, 0.151505, 0.023325, -0.665006, 0.746715, 0.013554, -0.021879, -0.104242, -0.110776, 0.988364, 0.170717, 0.000000, 0.000000, 0.000000, 1.000000, -0.104242, -0.110776, 0.988364, 0.192717, -0.739527, -0.655855, -0.151505, -0.023325, 0.665006, -0.746715, -0.013554, 0.221952, 0.000000, 0.000000, 0.000000, 1.000000, -0.009941, -0.071436, -0.997396, 0.145661, -0.999042, 0.043224, 0.006862, 0.026002, 0.042621, 0.996508, -0.071797, 0.049344, 0.000000, 0.000000, 0.000000, 1.000000
-9.6932, 22.5638, -21.2193, 170.7283, 192.7283, -22.5638, 221.2927, 145.7667, 26.2800, 49.0456, 0.735321, 0.660153, 0.153299, 0.022564, -0.670084, 0.742051, 0.018653, -0.021219, -0.101442, -0.116439, 0.988004, 0.170728, 0.000000, 0.000000, 0.000000, 1.000000, -0.101442, -0.116439, 0.988004, 0.192728, -0.735321, -0.660153, -0.153299, -0.022564, 0.670084, -0.742051, -0.018653, 0.221293, 0.000000, 0.000000, 0.000000, 1.000000, -0.011507, -0.066505, -0.997720, 0.145767, -0.998913, 0.045829, 0.008466, 0.026280, 0.045161, 0.996733, -0.066960, 0.049046, 0.000000, 0.000000, 0.000000, 1.000000
-9.1518, 21.6193, -20.3411, 170.8316, 192.8316, -21.6193, 220.4145, 145.8068, 26.8532, 48.7479, 0.728457, 0.666851, 0.157034, 0.021619, -0.677162, 0.735628, 0.017380, -0.020341, -0.103929, -0.118998, 0.987440, 0.170832, 0.000000, 0.000000, 0.000000, 1.000000, -0.103929, -0.118998, 0.987440, 0.192832, -0.728457, -0.666851, -0.157034, -0.021619, 0.677162, -0.735628, -0.017380, 0.220415, 0.000000, 0.000000, 0.000000, 1.000000, -0.007241, -0.064993, -0.997859, 0.145807, -0.998944, 0.045756, 0.004269, 0.026853, 0.045381, 0.996836, -0.065256, 0.048748, 0.000000, 0.000000, 0.000000, 1.000000
-8.6223, 20.7484, -19.5015, 170.9632, 192.9632, -20.7484, 219.5750, 145.8065, 27.3633, 48.4571, 0.722239, 0.674292, 0.153951, 0.020748, -0.684123, 0.729199, 0.015634, -0.019502, -0.101719, -0.116613, 0.987955, 0.170963, 0.000000, 0.000000, 0.000000, 1.000000, -0.101719, -0.116613, 0.987955, 0.192963, -0.722239, -0.674292, -0.153951, -0.020748, 0.684123, -0.729199, -0.015634, 0.219575, 0.000000, 0.000000, 0.000000, 1.000000, -0.007704, -0.068464, -0.997624, 0.145807, -0.998955, 0.045465, 0.004594, 0.027363, 0.045042, 0.996617, -0.068742, 0.048457, 0.000000, 0.000000, 0.000000, 1.000000
-8.0354, 19.9688, -18.8177, 171.0297, 193.0297, -19.9688, 218.8912, 145.8603, 27.6117, 48.0919, 0.716507, 0.678492, 0.162069, 0.019969, -0.689150, 0.724489, 0.013699, -0.018818, -0.108123, -0.121505, 0.986684, 0.171030, 0.000000, 0.000000, 0.000000, 1.000000, -0.108123, -0.121505, 0.986684, 0.193030, -0.716507, -0.678492, -0.162069, -0.019969, 0.689150, -0.724489, -0.013699, 0.218891, 0.000000, 0.000000, 0.000000, 1.000000, 0.000031, -0.064263, -0.997933, 0.145860, -0.998798, 0.048910, -0.003181, 0.027612, 0.049013, 0.996734, -0.064185, 0.048092, 0.000000, 0.000000, 0.000000, 1.000000
-7.5439, 18.8478, -17.6742, 171.1444, 193.1444, -18.8478, 217.7477, 145.9096, 28.5552, 47.8226, 0.709219, 0.688051, 0.153601, 0.018848, -0.698394, 0.715436, 0.019907, -0.017674, -0.096195, -0.121392, 0.987932, 0.171144, 0.000000, 0.000000, 0.000000, 1.000000, -0.096195, -0.121392, 0.987932, 0.193144, -0.709219, -0.688051, -0.153601, -0.018848, 0.698394, -0.715436, -0.019907, 0.217748, 0.000000, 0.000000, 0.000000, 1.000000, -0.009567, -0.065791, -0.997788, 0.145910, -0.998992, 0.044394, 0.006651, 0.028555, 0.043858, 0.996845, -0.066149, 0.047823, 0.000000, 0.000000, 0.000000, 1.000000
-7.1422, 18.1029, -16.9175, 171.2229, 193.2229, -18.1029, 216.9910, 145.9403, 29.0773, 47.5908, 0.703303, 0.693044, 0.158287, 0.018103, -0.703940, 0.710003, 0.019077, -0.016918, -0.099163, -0.124841, 0.987209, 0.171223, 0.000000, 0.000000, 0.000000, 1.000000, -0.099163, -0.124841, 0.987209, 0.193223, -0.703303, -0.693044, -0.158287, -0.018103, 0.703940, -0.710003, -0.019077, 0.216991, 0.000000, 0.000000, 0.000000, 1.000000, -0.005119, -0.063120, -0.997993, 0.145940, -0.999042, 0.043705, 0.002361, 0.029077, 0.043468, 0.997049, -0.063283, 0.047591, 0.000000, 0.000000, 0.000000, 1.000000
-6.6480, 17.3878, -16.1817, 171.3212, 193.3212, -17.3878, 216.2552, 145.9467, 29.4385, 47.3039, 0.697858, 0.699144, 0.155536, 0.017388, -0.709682, 0.704281, 0.018410, -0.016182, -0.096670, -0.123229, 0.987659, 0.171321, 0.000000, 0.000000, 0.000000, 1.000000, -0.096670, -0.123229, 0.987659, 0.193321, -0.697858, -0.699144, -0.155536, -0.017388, 0.709682, -0.704281, -0.018410, 0.216255, 0.000000, 0.000000, 0.000000, 1.000000, -0.006091, -0.065602, -0.997827, 0.145947, -0.999019, 0.044159, 0.003195, 0.029439, 0.043853, 0.996868, -0.065807, 0.047304, 0.000000, 0.000000, 0.000000, 1.000000
-6.0431, 16.6883, -15.4630, 171.3836, 193.3836, -16.6883, 215.5365, 145.9861, 29.6198, 46.9544, 0.692136, 0.704311, 0.157779, 0.016688, -0.714744, 0.699245, 0.014033, -0.015463, -0.100443, -0.122485, 0.987375, 0.171384, 0.000000, 0.000000, 0.000000, 1.000000, -0.100443, -0.122485, 0.987375, 0.193384, -0.692136, -0.704311, -0.157779, -0.016688, 0.714744, -0.699245, -0.014033, 0.215536, 0.000000, 0.000000, 0.000000, 1.000000, -0.000925, -0.067087, -0.997747, 0.145986, -0.998865, 0.047586, -0.002273, 0.029620, 0.047631, 0.996612, -0.067055, 0.046954, 0.000000, 0.000000, 0.000000, 1.000000
-5.5052, 15.6480, -14.4064, 171.3849, 193.3849, -15.6480, 214.4799, 146.1348, 30.3595, 46.6116, 0.683996, 0.710943, 0.163428, 0.015648, -0.722316, 0.691391, 0.015430, -0.014406, -0.102023, -0.128601, 0.986435, 0.171385, 0.000000, 0.000000, 0.000000, 1.000000, -0.102023, -0.128601, 0.986435, 0.193385, -0.683996, -0.710943, -0.163428, -0.015648, 0.722316, -0.691391, -0.015430, 0.214480, 0.000000, 0.000000, 0.000000, 1.000000, 0.002746, -0.062000, -0.998072, 0.146135, -0.998919, 0.046149, -0.005615, 0.030359, 0.046408, 0.997009, -0.061806, 0.046612, 0.000000, 0.000000, 0.000000, 1.000000
-4.8709, 14.6978, -13.3695, 171.5243, 193.5243, -14.6978, 213.4429, 146.1312, 30.9020, 46.2225, 0.676914, 0.718553, 0.159593, 0.014698, -0.729842, 0.683355, 0.018885, -0.013369, -0.095488, -0.129261, 0.987002, 0.171524, 0.000000, 0.000000, 0.000000, 1.000000, -0.095488, -0.129261, 0.987002, 0.193524, -0.676914, -0.718553, -0.159593, -0.014698, 0.729842, -0.683355, -0.018885, 0.213443, 0.000000, 0.000000, 0.000000, 1.000000, -0.001730, -0.062434, -0.998048, 0.146131, -0.998935, 0.046119, -0.001154, 0.030902, 0.046102, 0.996983, -0.062447, 0.046223, 0.000000, 0.000000, 0.000000, 1.000000
-4.2924, 13.6985, -12.3456, 171.5699, 193.5699, -13.6985, 212.4191, 146.2302, 31.5296, 45.8160, 0.669063, 0.723751, 0.168937, 0.013698, -0.736832, 0.675667, 0.023508, -0.012346, -0.097131, -0.140207, 0.985346, 0.171570, 0.000000, 0.000000, 0.000000, 1.000000, -0.097131, -0.140207, 0.985346, 0.193570, -0.669063, -0.723751, -0.168937, -0.013698, 0.736832, -0.675667, -0.023508, 0.212419, 0.000000, 0.000000, 0.000000, 1.000000, 0.001908, -0.052346, -0.998627, 0.146230, -0.998930, 0.046038, -0.004322, 0.031530, 0.046201, 0.997567, -0.052202, 0.045816, 0.000000, 0.000000, 0.000000, 1.000000
-3.7516, 12.8468, -11.3868, 171.5470, 193.5470, -12.8468, 211.4603, 146.3696, 32.0556, 45.4931, 0.661649, 0.730001, 0.171226, 0.012847, -0.743242, 0.668689, 0.021152, -0.011387, -0.099055, -0.141257, 0.985005, 0.171547, 0.000000, 0.000000, 0.000000, 1.000000, -0.099055, -0.141257, 0.985005, 0.193547, -0.661649, -0.730001, -0.171226, -0.012847, 0.743242, -0.668689, -0.021152, 0.211460, 0.000000, 0.000000, 0.000000, 1.000000, 0.005696, -0.052182, -0.998621, 0.146370, -0.998907, 0.046037, -0.008103, 0.032056, 0.046397, 0.997576, -0.051863, 0.045493, 0.000000, 0.000000, 0.000000, 1.000000
-3.2010, 12.0079, -10.4554, 171.5797, 193.5797, -12.0079, 210.5289, 146.4538, 32.5397, 45.1293, 0.654253, 0.735921, 0.174280, 0.012008, -0.749491, 0.661731, 0.019368, -0.010455, -0.101073, -0.143293, 0.984506, 0.171580, 0.000000, 0.000000, 0.000000, 1.000000, -0.101073, -0.143293, 0.984506, 0.193580, -0.654253, -0.735921, -0.174280, -0.012008, 0.749491, -0.661731, -0.019368, 0.210529, 0.000000, 0.000000, 0.000000, 1.000000, 0.009562, -0.050990, -0.998653, 0.146454, -0.998854, 0.046354, -0.011931, 0.032540, 0.046900, 0.997623, -0.050488, 0.045129, 0.000000, 0.000000, 0.000000, 1.000000
-2.6653, 11.2624, -9.5371, 171.7388, 193.7388, -11.2624, 209.6105, 146.3961, 32.9832, 44.7954, 0.648157, 0.742555, 0.168831, 0.011262, -0.755283, 0.655148, 0.018119, -0.009537, -0.097155, -0.139259, 0.985478, 0.171739, 0.000000, 0.000000, 0.000000, 1.000000, -0.097155, -0.139259, 0.985478, 0.193739, -0.648157, -0.742555, -0.168831, -0.011262, 0.755283, -0.655148, -0.018119, 0.209611, 0.000000, 0.000000, 0.000000, 1.000000, 0.007335, -0.055896, -0.998410, 0.146396, -0.998856, 0.046762, -0.009957, 0.032983, 0.047245, 0.997341, -0.055489, 0.044795, 0.000000, 0.000000, 0.000000, 1.000000
-2.0632, 10.4546, -8.6106, 171.7328, 193.7328, -10.4546, 208.6840, 146.5120, 33.3610, 44.3976, 0.641082, 0.748133, 0.171205, 0.010455, -0.761469, 0.647887, 0.020201, -0.008611, -0.095809, -0.143318, 0.985028, 0.171733, 0.000000, 0.000000, 0.000000, 1.000000, -0.095809, -0.143318, 0.985028, 0.193733, -0.641082, -0.748133, -0.171205, -0.010455, 0.761469, -0.647887, -0.020201, 0.208684, 0.000000, 0.000000, 0.000000, 1.000000, 0.007845, -0.052639, -0.998583, 0.146512, -0.998804, 0.047793, -0.010366, 0.033361, 0.048271, 0.997469, -0.052201, 0.044398, 0.000000, 0.000000, 0.000000, 1.000000
-1.5084, 9.5359, -7.4952, 171.7831, 193.7831, -9.5359, 207.5686, 146.5843, 34.0222, 44.0272, 0.633127, 0.755193, 0.169801, 0.009536, -0.768457, 0.639563, 0.020832, -0.007495, -0.092867, -0.143674, 0.985258, 0.171783, 0.000000, 0.000000, 0.000000, 1.000000, -0.092867, -0.143674, 0.985258, 0.193783, -0.633127, -0.755193, -0.169801, -0.009536, 0.768457, -0.639563, -0.020832, 0.207569, 0.000000, 0.000000, 0.000000, 1.000000, 0.007026, -0.053239, -0.998557, 0.146584, -0.998870, 0.046558, -0.009510, 0.034022, 0.046997, 0.997496, -0.052852, 0.044027, 0.000000, 0.000000, 0.000000, 1.000000
-0.9813, 8.8045, -6.5850, 171.9165, 193.9165, -8.8045, 206.6584, 146.5493, 34.4492, 43.6608, 0.626812, 0.761040, 0.167107, 0.008804, -0.774275, 0.632384, 0.024266, -0.006585, -0.087208, -0.144597, 0.985640, 0.171917, 0.000000, 0.000000, 0.000000, 1.000000, -0.087208, -0.144597, 0.985640, 0.193917, -0.626812, -0.761040, -0.167107, -0.008804, 0.774275, -0.632384, -0.024266, 0.206658, 0.000000, 0.000000, 0.000000, 1.000000, 0.003146, -0.053105, -0.998584, 0.146549, -0.998905, 0.046441, -0.005616, 0.034449, 0.046674, 0.997508, -0.052901, 0.043661, 0.000000, 0.000000, 0.000000, 1.000000
-0.3621, 8.0501, -5.5930, 172.0485, 194.0485, -8.0501, 205.6665, 146.5155, 34.8203, 43.2538, 0.619568, 0.767814, 0.163088, 0.008050, -0.780293, 0.625039, 0.021646, -0.005593, -0.085316, -0.140667, 0.986374, 0.172049, 0.000000, 0.000000, 0.000000, 1.000000, -0.085316, -0.140667, 0.986374, 0.194049, -0.619568, -0.767814, -0.163088, -0.008050, 0.780293, -0.625039, -0.021646, 0.205666, 0.000000, 0.000000, 0.000000, 1.000000, 0.003147, -0.057892, -0.998318, 0.146515, -0.998848, 0.047612, -0.005910, 0.034820, 0.047874, 0.997187, -0.057676, 0.043254, 0.000000, 0.000000, 0.000000, 1.000000
0.0604, 7.1041, -4.4792, 171.9271, 193.9271, -7.1041, 204.5527, 146.7612, 35.6600, 42.9208, 0.610778, 0.772471, 0.173890, 0.007104, -0.786914, 0.616553, 0.025077, -0.004479, -0.087842, -0.152153, 0.984446, 0.171927, 0.000000, 0.000000, 0.000000, 1.000000, -0.087842, -0.152153, 0.984446, 0.193927, -0.610778, -0.772471, -0.173890, -0.007104, 0.786914, -0.616553, -0.025077, 0.204553, 0.000000, 0.000000, 0.000000, 1.000000, 0.007818, -0.047117, -0.998859, 0.146761, -0.998958, 0.044555, -0.009920, 0.035660, 0.044971, 0.997895, -0.046720, 0.042921, 0.000000, 0.000000, 0.000000, 1.000000
0.7141, 6.5230, -3.6670, 172.1018, 194.1018, -6.5230, 203.7404, 146.6609, 35.7295, 42.4834, 0.605260, 0.777985, 0.168523, 0.006523, -0.791941, 0.609929, 0.028570, -0.003667, -0.080560, -0.150752, 0.985284, 0.172102, 0.000000, 0.000000, 0.000000, 1.000000, -0.080560, -0.150752, 0.985284, 0.194102, -0.605260, -0.777985, -0.168523, -0.006523, 0.791941, -0.609929, -0.028570, 0.203740, 0.000000, 0.000000, 0.000000, 1.000000, 0.002140, -0.049218, -0.998786, 0.146661, -0.998863, 0.047469, -0.004479, 0.035730, 0.047631, 0.997659, -0.049061, 0.042483, 0.000000, 0.000000, 0.000000, 1.000000
1.2509, 5.6560, -2.5326, 172.0376, 194.0376, -5.6560, 202.6060, 146.8333, 36.3729, 42.1071, 0.596237, 0.783804, 0.173646, 0.005656, -0.798382, 0.601595, 0.025871, -0.002533, -0.084186, -0.154061, 0.984468, 0.172038, 0.000000, 0.000000, 0.000000, 1.000000, -0.084186, -0.154061, 0.984468, 0.194038, -0.596237, -0.783804, -0.173646, -0.005656, 0.798382, -0.601595, -0.025871, 0.202606, 0.000000, 0.000000, 0.000000, 1.000000, 0.007923, -0.046679, -0.998879, 0.146833, -0.998870, 0.046450, -0.010094, 0.036373, 0.046869, 0.997829, -0.046258, 0.042107, 0.000000, 0.000000, 0.000000, 1.000000
1.8007, 4.9203, -1.5314, 172.1277, 194.1277, -4.9203, 201.6049, 146.8360, 36.8202, 41.7040, 0.588901, 0.789199, 0.174243, 0.004920, -0.804330, 0.593382, 0.030838, -0.001531, -0.079055, -0.158310, 0.984220, 0.172128, 0.000000, 0.000000, 0.000000, 1.000000, -0.079055, -0.158310, 0.984220, 0.194128, -0.588901, -0.789199, -0.174243, -0.004920, 0.804330, -0.593382, -0.030838, 0.201605, 0.000000, 0.000000, 0.000000, 1.000000, 0.004776, -0.043142, -0.999058, 0.146836, -0.998921, 0.045941, -0.006759, 0.036820, 0.046189, 0.998012, -0.042876, 0.041704, 0.000000, 0.000000, 0.000000, 1.000000
2.3159, 4.2460, -0.4915, 172.3355, 194.3355, -4.2460, 200.5649, 146.7088, 37.3197, 41.3541, 0.581914, 0.796327, 0.165044, 0.004246, -0.809364, 0.586898, 0.021915, -0.000491, -0.079412, -0.146334, 0.986043, 0.172336, 0.000000, 0.000000, 0.000000, 1.000000, -0.079412, -0.146334, 0.986043, 0.194336, -0.581914, -0.796327, -0.165044, -0.004246, 0.809364, -0.586898, -0.021915, 0.200565, 0.000000, 0.000000, 0.000000, 1.000000, 0.006863, -0.055913, -0.998412, 0.146709, -0.998880, 0.046363, -0.009462, 0.037320, 0.046818, 0.997359, -0.055532, 0.041354, 0.000000, 0.000000, 0.000000, 1.000000
3.0059, 3.3617, 0.5765, 172.1820, 194.1820, -3.3617, 199.4969, 146.9760, 37.6738, 40.7908, 0.572562, 0.800126, 0.178803, 0.003362, -0.816038, 0.577211, 0.030147, 0.000577, -0.079086, -0.163171, 0.983423, 0.172182, 0.000000, 0.000000, 0.000000, 1.000000, -0.079086, -0.163171, 0.983423, 0.194182, -0.572562, -0.800126, -0.178803, -0.003362, 0.816038, -0.577211, -0.030147, 0.199497, 0.000000, 0.000000, 0.000000, 1.000000, 0.008865, -0.039662, -0.999174, 0.146976, -0.998830, 0.047153, -0.010734, 0.037674, 0.047540, 0.998100, -0.039198, 0.040791, 0.000000, 0.000000, 0.000000, 1.000000
3.5881, 2.5553, 1.7957, 172.2392, 194.2392, -2.5553, 198.2778, 147.0121, 38.2781, 40.3790, 0.564065, 0.806855, 0.175544, 0.002555, -0.822251, 0.568343, 0.029810, 0.001796, -0.075717, -0.161156, 0.984020, 0.172239, 0.000000, 0.000000, 0.000000, 1.000000, -0.075717, -0.161156, 0.984020, 0.194239, -0.564065, -0.806855, -0.175544, -0.002555, 0.822251, -0.568343, -0.029810, 0.198278, 0.000000, 0.000000, 0.000000, 1.000000, 0.007694, -0.042477, -0.999068, 0.147012, -0.998879, 0.046347, -0.009663, 0.038278, 0.046714, 0.998022, -0.042073, 0.040379, 0.000000, 0.000000, 0.000000, 1.000000
4.0535, 1.7940, 3.0130, 172.5123, 194.5123, -1.7940, 197.0604, 146.8284, 39.0384, 40.0177, 0.555432, 0.814769, 0.166275, 0.001794, -0.828670, 0.558984, 0.029031, 0.003013, -0.069292, -0.153912, 0.985652, 0.172512, 0.000000, 0.000000, 0.000000, 1.000000, -0.069292, -0.153912, 0.985652, 0.194512, -0.555432, -0.814769, -0.166275, -0.001794, 0.828670, -0.558984, -0.029031, 0.197060, 0.000000, 0.000000, 0.000000, 1.000000, 0.003576, -0.050614, -0.998712, 0.146828, -0.999068, 0.042770, -0.005745, 0.039038, 0.043006, 0.997802, -0.050414, 0.040018, 0.000000, 0.000000, 0.000000, 1.000000
4.5633, 1.2648, 3.8372, 172.5709, 194.5709, -1.2648, 196.2363, 146.8301, 39.2615, 39.6435, 0.549455, 0.819072, 0.164986, 0.001265, -0.832767, 0.552885, 0.028581, 0.003837, -0.067809, -0.153099, 0.985882, 0.172571, 0.000000, 0.000000, 0.000000, 1.000000, -0.067809, -0.153099, 0.985882, 0.194571, -0.549455, -0.819072, -0.164986, -0.001265, 0.832767, -0.552885, -0.028581, 0.196236, 0.000000, 0.000000, 0.000000, 1.000000, 0.003602, -0.051925, -0.998644, 0.146830, -0.999003, 0.044259, -0.005904, 0.039262, 0.044505, 0.997670, -0.051714, 0.039644, 0.000000, 0.000000, 0.000000, 1.000000
5.0526, 0.5752, 4.8810, 172.6243, 194.6243, -0.5752, 195.1924, 146.8566, 39.7816, 39.2507, 0.541561, 0.823813, 0.167463, 0.000575, -0.838110, 0.544605, 0.031256, 0.004881, -0.065453, -0.157279, 0.985383, 0.172624, 0.000000, 0.000000, 0.000000, 1.000000, -0.065453, -0.157279, 0.985383, 0.194624, -0.541561, -0.823813, -0.167463, -0.000575, 0.838110, -0.544605, -0.031256, 0.195192, 0.000000, 0.000000, 0.000000, 1.000000, 0.003243, -0.048316, -0.998827, 0.146857, -0.999060, 0.043027, -0.005325, 0.039782, 0.043234, 0.997905, -0.048131, 0.039251, 0.000000, 0.000000, 0.000000, 1.000000
5.6936, -0.0723, 5.9273, 172.6447, 194.6447, 0.0723, 194.1462, 146.9066, 40.0490, 38.7799, 0.534153, 0.828852, 0.166388, -0.000072, -0.842976, 0.537068, 0.030819, 0.005927, -0.063817, -0.156723, 0.985579, 0.172645, 0.000000, 0.000000, 0.000000, 1.000000, -0.063817, -0.156723, 0.985579, 0.194645, -0.534153, -0.828852, -0.166388, 0.000072, 0.842976, -0.537068, -0.030819, 0.194146, 0.000000, 0.000000, 0.000000, 1.000000, 0.003459, -0.049440, -0.998771, 0.146907, -0.998963, 0.045182, -0.005696, 0.040049, 0.045408, 0.997755, -0.049232, 0.038780, 0.000000, 0.000000, 0.000000, 1.000000
6.1994, -0.7214, 6.8890, 172.6826, 194.6826, 0.7214, 193.1844, 146.9446, 40.4432, 38.3410, 0.526600, 0.832562, 0.171852, -0.000721, -0.847969, 0.528776, 0.036674, 0.006889, -0.060338, -0.165038, 0.984440, 0.172683, 0.000000, 0.000000, 0.000000, 1.000000, -0.060338, -0.165038, 0.984440, 0.194683, -0.526600, -0.832562, -0.171852, 0.000721, 0.847969, -0.528776, -0.036674, 0.193184, 0.000000, 0.000000, 0.000000, 1.000000, 0.001912, -0.041576, -0.999134, 0.146945, -0.999000, 0.044544, -0.003765, 0.040443, 0.044662, 0.998142, -0.041449, 0.038341, 0.000000, 0.000000, 0.000000, 1.000000
6.6948, -1.3747, 7.9221, 172.5883, 194.5883, 1.3747, 192.1514, 147.1087, 40.9065, 37.9545, 0.518502, 0.837491, 0.172521, -0.001375, -0.853000, 0.520658, 0.036143, 0.007922, -0.059555, -0.165901, 0.984343, 0.172588, 0.000000, 0.000000, 0.000000, 1.000000, -0.059555, -0.165901, 0.984343, 0.194588, -0.518502, -0.837491, -0.172521, 0.001375, 0.853000, -0.520658, -0.036143, 0.192151, 0.000000, 0.000000, 0.000000, 1.000000, 0.003113, -0.041256, -0.999144, 0.147109, -0.999035, 0.043655, -0.004915, 0.040907, 0.043821, 0.998194, -0.041080, 0.037955, 0.000000, 0.000000, 0.000000, 1.000000
7.2165, -2.0125, 9.0017, 172.6460, 194.6460, 2.0125, 191.0718, 147.1181, 41.3667, 37.5383, 0.510715, 0.842280, 0.172434, -0.002012, -0.857766, 0.512802, 0.035674, 0.009002, -0.058377, -0.166127, 0.984375, 0.172646, 0.000000, 0.000000, 0.000000, 1.000000, -0.058377, -0.166127, 0.984375, 0.194646, -0.510715, -0.842280, -0.172434, 0.002012, 0.857766, -0.512802, -0.035674, 0.191072, 0.000000, 0.000000, 0.000000, 1.000000, 0.003848, -0.041545, -0.999129, 0.147118, -0.999035, 0.043552, -0.005658, 0.041367, 0.043749, 0.998187, -0.041338, 0.037538, 0.000000, 0.000000, 0.000000, 1.000000
7.7467, -2.5334, 9.9433, 172.7490, 194.7490, 2.5334, 190.1301, 147.0678, 41.6350, 37.1271, 0.503657, 0.846891, 0.170603, -0.002533, -0.861805, 0.506295, 0.030934, 0.009943, -0.060178, -0.162607, 0.984854, 0.172749, 0.000000, 0.000000, 0.000000, 1.000000, -0.060178, -0.162607, 0.984854, 0.194749, -0.503657, -0.846891, -0.170603, 0.002533, 0.861805, -0.506295, -0.030934, 0.190130, 0.000000, 0.000000, 0.000000, 1.000000, 0.007300, -0.045538, -0.998936, 0.147068, -0.998941, 0.045041, -0.009353, 0.041635, 0.045419, 0.997947, -0.045161, 0.037127, 0.000000, 0.000000, 0.000000, 1.000000
8.2701, -3.0787, 10.9833, 172.9845, 194.9845, 3.0787, 189.0902, 146.8871, 42.0136, 36.7044, 0.496700, 0.852230, 0.164295, -0.003079, -0.866302, 0.498372, 0.033869, 0.010983, -0.053016, -0.159152, 0.985830, 0.172984, 0.000000, 0.000000, 0.000000, 1.000000, -0.053016, -0.159152, 0.985830, 0.194984, -0.496700, -0.852230, -0.164295, 0.003079, 0.866302, -0.498372, -0.033869, 0.189090, 0.000000, 0.000000, 0.000000, 1.000000, 0.002003, -0.049532, -0.998771, 0.146887, -0.998986, 0.044817, -0.004226, 0.042014, 0.044971, 0.997767, -0.049392, 0.036704, 0.000000, 0.000000, 0.000000, 1.000000
8.8332, -3.7004, 12.0601, 172.9991, 194.9991, 3.7004, 188.0133, 146.9349, 42.3849, 36.2349, 0.488633, 0.856681, 0.165334, -0.003700, -0.870920, 0.490276, 0.033570, 0.012060, -0.052301, -0.160396, 0.985666, 0.172999, 0.000000, 0.000000, 0.000000, 1.000000, -0.052301, -0.160396, 0.985666, 0.194999, -0.488633, -0.856681, -0.165334, 0.003700, 0.870920, -0.490276, -0.033570, 0.188013, 0.000000, 0.000000, 0.000000, 1.000000, 0.003241, -0.048740, -0.998806, 0.146935, -0.998956, 0.045345, -0.005455, 0.042385, 0.045557, 0.997782, -0.048543, 0.036235, 0.000000, 0.000000, 0.000000, 1.000000
9.3988, -4.3990, 13.2986, 173.0513, 195.0513, 4.3990, 186.7748, 146.9528, 42.9273, 35.7435, 0.478841, 0.861884, 0.166938, -0.004399, -0.876578, 0.479833, 0.037029, 0.013299, -0.048188, -0.164066, 0.985272, 0.173051, 0.000000, 0.000000, 0.000000, 1.000000, -0.048188, -0.164066, 0.985272, 0.195051, -0.478841, -0.861884, -0.166938, 0.004399, 0.876578, -0.479833, -0.037029, 0.186775, 0.000000, 0.000000, 0.000000, 1.000000, 0.001575, -0.045595, -0.998959, 0.146953, -0.999052, 0.043395, -0.003556, 0.042927, 0.043512, 0.998017, -0.045484, 0.035744, 0.000000, 0.000000, 0.000000, 1.000000
9.9402, -4.9760, 14.3288, 172.8695, 194.8695, 4.9760, 185.7447, 147.1867, 43.2532, 35.3175, 0.471038, 0.865167, 0.172070, -0.004976, -0.880668, 0.472394, 0.035616, 0.014329, -0.050471, -0.168313, 0.984441, 0.172870, 0.000000, 0.000000, 0.000000, 1.000000, -0.050471, -0.168313, 0.984441, 0.194870, -0.471038, -0.865167, -0.172070, 0.004976, 0.880668, -0.472394, -0.035616, 0.185745, 0.000000, 0.000000, 0.000000, 1.000000, 0.005654, -0.041672, -0.999115, 0.147187, -0.998979, 0.044551, -0.007511, 0.043253, 0.044824, 0.998138, -0.041378, 0.035317, 0.000000, 0.000000, 0.000000, 1.000000
10.4849, -5.5126, 15.4403, 173.1246, 195.1246, 5.5126, 184.6331, 146.9807, 43.6407, 34.8524, 0.463508, 0.870469, 0.165665, -0.005513, -0.885120, 0.463592, 0.040554, 0.015440, -0.041500, -0.165430, 0.985348, 0.173125, 0.000000, 0.000000, 0.000000, 1.000000, -0.041500, -0.165430, 0.985348, 0.195125, -0.463508, -0.870469, -0.165665, 0.005513, 0.885120, -0.463592, -0.040554, 0.184633, 0.000000, 0.000000, 0.000000, 1.000000, -0.001295, -0.045046, -0.998984, 0.146981, -0.999035, 0.043919, -0.000686, 0.043641, 0.043906, 0.998019, -0.045060, 0.034852, 0.000000, 0.000000, 0.000000, 1.000000
11.0595, -6.1076, 16.5264, 173.0241, 195.0241, 6.1076, 183.5470, 147.1356, 43.9660, 34.3619, 0.454610, 0.874176, 0.170721, -0.006108, -0.889631, 0.454998, 0.039168, 0.016526, -0.043438, -0.169685, 0.984541, 0.173024, 0.000000, 0.000000, 0.000000, 1.000000, -0.043438, -0.169685, 0.984541, 0.195024, -0.454610, -0.874176, -0.170721, 0.006108, 0.889631, -0.454998, -0.039168, 0.183547, 0.000000, 0.000000, 0.000000, 1.000000, 0.002696, -0.041134, -0.999150, 0.147136, -0.999002, 0.044439, -0.004526, 0.043966, 0.044587, 0.998165, -0.040973, 0.034362, 0.000000, 0.000000, 0.000000, 1.000000
11.5607, -6.6556, 17.6447, 173.0520, 195.0520, 6.6556, 182.4288, 147.1535, 44.4163, 33.9402, 0.446259, 0.878716, 0.169441, -0.006656, -0.893775, 0.447142, 0.035079, 0.017645, -0.044940, -0.167096, 0.984916, 0.173052, 0.000000, 0.000000, 0.000000, 1.000000, -0.044940, -0.167096, 0.984916, 0.195052, -0.446259, -0.878716, -0.169441, 0.006656, 0.893775, -0.447142, -0.035079, 0.182429, 0.000000, 0.000000, 0.000000, 1.000000, 0.006128, -0.044121, -0.999007, 0.147153, -0.998989, 0.044224, -0.008081, 0.044416, 0.044537, 0.998047, -0.043805, 0.033940, 0.000000, 0.000000, 0.000000, 1.000000
12.0687, -7.1591, 18.7570, 173.1827, 195.1827, 7.1591, 181.3164, 147.0622, 44.8312, 33.5141, 0.438694, 0.883613, 0.163632, -0.007159, -0.897666, 0.439353, 0.034121, 0.018757, -0.041742, -0.161855, 0.985931, 0.173183, 0.000000, 0.000000, 0.000000, 1.000000, -0.041742, -0.161855, 0.985931, 0.195183, -0.438694, -0.883613, -0.163632, 0.007159, 0.897666, -0.439353, -0.034121, 0.181316, 0.000000, 0.000000, 0.000000, 1.000000, 0.004792, -0.049776, -0.998749, 0.147062, -0.999002, 0.044121, -0.006992, 0.044831, 0.044414, 0.997785, -0.049515, 0.033514, 0.000000, 0.000000, 0.000000, 1.000000
12.6083, -7.7041, 19.8957, 173.2425, 195.2425, 7.7041, 180.1778, 147.0470, 45.2299, 33.0364, 0.429629, 0.887882, 0.164572, -0.007704, -0.902188, 0.429803, 0.036411, 0.019896, -0.038404, -0.164118, 0.985693, 0.173243, 0.000000, 0.000000, 0.000000, 1.000000, -0.038404, -0.164118, 0.985693, 0.195243, -0.429629, -0.887882, -0.164572, 0.007704, 0.902188, -0.429803, -0.036411, 0.180178, 0.000000, 0.000000, 0.000000, 1.000000, 0.003665, -0.047868, -0.998847, 0.147047, -0.999059, 0.043003, -0.005727, 0.045230, 0.043228, 0.997928, -0.047665, 0.033036, 0.000000, 0.000000, 0.000000, 1.000000
13.1401, -8.2346, 20.9982, 173.2379, 195.2379, 8.2346, 179.0753, 147.0940, 45.5957, 32.5625, 0.421725, 0.891365, 0.166184, -0.008235, -0.905955, 0.421774, 0.036765, 0.020998, -0.037321, -0.166060, 0.985409, 0.173238, 0.000000, 0.000000, 0.000000, 1.000000, -0.037321, -0.166060, 0.985409, 0.195238, -0.421725, -0.891365, -0.166184, 0.008235, 0.905955, -0.421774, -0.036765, 0.179075, 0.000000, 0.000000, 0.000000, 1.000000, 0.004457, -0.046201, -0.998922, 0.147094, -0.999034, 0.043468, -0.006468, 0.045596, 0.043720, 0.997986, -0.045963, 0.032562, 0.000000, 0.000000, 0.000000, 1.000000
13.7648, -8.7051, 22.0896, 173.2801, 195.2801, 8.7051, 177.9838, 147.0837, 45.7740, 32.0397, 0.413608, 0.895582, 0.163894, -0.008705, -0.909770, 0.413525, 0.036263, 0.022090, -0.035298, -0.164105, 0.985811, 0.173280, 0.000000, 0.000000, 0.000000, 1.000000, -0.035298, -0.164105, 0.985811, 0.195280, -0.413608, -0.895582, -0.163894, 0.008705, 0.909770, -0.413525, -0.036263, 0.177984, 0.000000, 0.000000, 0.000000, 1.000000, 0.004376, -0.048480, -0.998815, 0.147084, -0.998958, 0.045163, -0.006569, 0.045774, 0.045428, 0.997803, -0.048232, 0.032040, 0.000000, 0.000000, 0.000000, 1.000000
14.2991, -9.2919, 23.3775, 173.2602, 195.2602, 9.2919, 176.6959, 147.1460, 46.3176, 31.5531, 0.404075, 0.899423, 0.166617, -0.009292, -0.914145, 0.403555, 0.038511, 0.023378, -0.032601, -0.167873, 0.985269, 0.173260, 0.000000, 0.000000, 0.000000, 1.000000, -0.032601, -0.167873, 0.985269, 0.195260, -0.404075, -0.899423, -0.166617, 0.009292, 0.914145, -0.403555, -0.038511, 0.176696, 0.000000, 0.000000, 0.000000, 1.000000, 0.003963, -0.044987, -0.998980, 0.147146, -0.999027, 0.043711, -0.005931, 0.046318, 0.043934, 0.998031, -0.044770, 0.031553, 0.000000, 0.000000, 0.000000, 1.000000
14.8412, -9.7611, 24.5322, 173.3826, 195.3826, 9.7611, 175.5413, 147.0531, 46.6795, 31.0719, 0.395985, 0.903361, 0.164728, -0.009761, -0.917842, 0.394781, 0.041412, 0.024532, -0.027622, -0.167593, 0.985469, 0.173383, 0.000000, 0.000000, 0.000000, 1.000000, -0.027622, -0.167593, 0.985469, 0.195383, -0.395985, -0.903361, -0.164728, 0.009761, 0.917842, -0.394781, -0.041412, 0.175541, 0.000000, 0.000000, 0.000000, 1.000000, 0.000983, -0.045541, -0.998962, 0.147053, -0.999047, 0.043557, -0.002969, 0.046679, 0.043647, 0.998012, -0.045454, 0.031072, 0.000000, 0.000000, 0.000000, 1.000000
15.3664, -10.2649, 25.6178, 173.3420, 195.3420, 10.2649, 174.4557, 147.1309, 47.0090, 30.5687, 0.387148, 0.906802, 0.166812, -0.010265, -0.921589, 0.386097, 0.040031, 0.025618, -0.028105, -0.169230, 0.985176, 0.173342, 0.000000, 0.000000, 0.000000, 1.000000, -0.028105, -0.169230, 0.985176, 0.195342, -0.387148, -0.906802, -0.166812, 0.010265, 0.921589, -0.386097, -0.040031, 0.174456, 0.000000, 0.000000, 0.000000, 1.000000, 0.003495, -0.044125, -0.999020, 0.147131, -0.999046, 0.043339, -0.005409, 0.047009, 0.043535, 0.998086, -0.043932, 0.030569, 0.000000, 0.000000, 0.000000, 1.000000
15.9045, -10.7251, 26.8086, 173.4425, 195.4425, 10.7251, 173.2649, 147.0555, 47.3976, 30.0861, 0.378669, 0.910913, 0.163853, -0.010725, -0.925168, 0.377507, 0.039404, 0.026809, -0.025962, -0.166513, 0.985697, 0.173442, 0.000000, 0.000000, 0.000000, 1.000000, -0.025962, -0.166513, 0.985697, 0.195442, -0.378669, -0.910913, -0.163853, 0.010725, 0.925168, -0.377507, -0.039404, 0.173265, 0.000000, 0.000000, 0.000000, 1.000000, 0.003358, -0.047106, -0.998884, 0.147055, -0.999049, 0.043273, -0.005399, 0.047398, 0.043479, 0.997952, -0.046916, 0.030086, 0.000000, 0.000000, 0.000000, 1.000000
16.4250, -11.1656, 27.9449, 173.4482, 195.4482, 11.1656, 172.1285, 147.0718, 47.7515, 29.6231, 0.370043, 0.914529, 0.163414, -0.011166, -0.928655, 0.369026, 0.037678, 0.027945, -0.025846, -0.165698, 0.985838, 0.173448, 0.000000, 0.000000, 0.000000, 1.000000, -0.025846, -0.165698, 0.985838, 0.195448, -0.370043, -0.914529, -0.163414, 0.011166, 0.928655, -0.369026, -0.037678, 0.172129, 0.000000, 0.000000, 0.000000, 1.000000, 0.005226, -0.048133, -0.998827, 0.147072, -0.999042, 0.043147, -0.007306, 0.047751, 0.043448, 0.997909, -0.047862, 0.029623, 0.000000, 0.000000, 0.000000, 1.000000
