# Joint_6_Angle(deg), Cam_X(mm), Cam_Y(mm), Cam_Z(mm), Torso_X(mm), Torso_Y(mm), Torso_Z(mm), EE_X(mm), EE_Y(mm), EE_Z(mm), T_cam2marker_flat(16), T_torso2marker_flat(16), T_ee2marker_flat(16)
-19.7312, 44.1770, -35.8024, 211.4312, 233.4312, -44.1770, 235.8758, 140.4409, 15.8720, 56.4017, 0.830036, 0.505273, 0.236092, 0.044177, -0.536516, 0.839008, 0.090640, -0.035802, -0.152285, -0.201901, 0.967494, 0.211431, 0.000000, 0.000000, 0.000000, 1.000000, -0.152285, -0.201901, 0.967494, 0.233431, -0.830036, -0.505273, -0.236092, -0.044177, 0.536516, -0.839008, -0.090640, 0.235876, 0.000000, 0.000000, 0.000000, 1.000000, -0.026497, -0.048712, -0.998461, 0.140441, -0.998880, 0.040469, 0.024534, 0.015872, 0.039212, 0.997993, -0.049730, 0.056402, 0.000000, 0.000000, 0.000000, 1.000000
-19.1635, 43.5602, -35.3664, 211.5097, 233.5097, -43.5602, 235.4399, 140.4892, 15.9493, 56.2502, 0.827216, 0.510355, 0.235056, 0.043560, -0.541382, 0.835912, 0.090311, -0.035366, -0.150396, -0.201962, 0.967777, 0.211510, 0.000000, 0.000000, 0.000000, 1.000000, -0.150396, -0.201962, 0.967777, 0.233510, -0.827216, -0.510355, -0.235056, -0.043560, 0.541382, -0.835912, -0.090311, 0.235440, 0.000000, 0.000000, 0.000000, 1.000000, -0.026930, -0.049726, -0.998400, 0.140489, -0.998704, 0.044497, 0.024722, 0.015949, 0.043196, 0.997771, -0.050860, 0.056250, 0.000000, 0.000000, 0.000000, 1.000000
-18.7174, 42.5426, -34.6842, 211.6483, 233.6483, -42.5426, 234.7577, 140.5646, 16.6436, 56.0904, 0.822267, 0.518427, 0.234755, 0.042543, -0.549137, 0.831074, 0.088120, -0.034684, -0.149414, -0.201371, 0.968052, 0.211648, 0.000000, 0.000000, 0.000000, 1.000000, -0.149414, -0.201371, 0.968052, 0.233648, -0.822267, -0.518427, -0.234755, -0.042543, 0.549137, -0.831074, -0.088120, 0.234758, 0.000000, 0.000000, 0.000000, 1.000000, -0.025559, -0.052001, -0.998320, 0.140565, -0.998798, 0.043117, 0.023325, 0.016644, 0.041832, 0.997716, -0.053041, 0.056090, 0.000000, 0.000000, 0.000000, 1.000000
-18.2472, 41.6774, -34.0847, 211.7788, 233.7788, -41.6774, 234.1582, 140.6144, 17.1367, 55.9277, 0.818130, 0.523905, 0.237038, 0.041677, -0.555437, 0.826682, 0.089930, -0.034085, -0.148840, -0.205234, 0.967329, 0.211779, 0.000000, 0.000000, 0.000000, 1.000000, -0.148840, -0.205234, 0.967329, 0.233779, -0.818130, -0.523905, -0.237038, -0.041677, 0.555437, -0.826682, -0.089930, 0.234158, 0.000000, 0.000000, 0.000000, 1.000000, -0.024199, -0.049356, -0.998488, 0.140614, -0.998799, 0.043755, 0.022044, 0.017137, 0.042601, 0.997822, -0.050355, 0.055928, 0.000000, 0.000000, 0.000000, 1.000000
-17.6983, 40.8107, -33.5004, 211.9364, 233.9364, -40.8107, 233.5738, 140.6406, 17.5294, 55.7083, 0.813055, 0.532155, 0.236119, 0.040811, -0.562845, 0.822165, 0.085146, -0.033500, -0.148818, -0.202126, 0.967987, 0.211936, 0.000000, 0.000000, 0.000000, 1.000000, -0.148818, -0.202126, 0.967987, 0.233936, -0.813055, -0.532155, -0.236119, -0.040811, 0.562845, -0.822165, -0.085146, 0.233574, 0.000000, 0.000000, 0.000000, 1.000000, -0.021920, -0.054115, -0.998294, 0.140641, -0.998813, 0.044627, 0.019512, 0.017529, 0.043495, 0.997537, -0.055029, 0.055708, 0.000000, 0.000000, 0.000000, 1.000000
-17.1633, 39.6368, -32.6801, 212.0815, 234.0815, -39.6368, 232.7535, 140.7378, 18.3168, 55.4957, 0.807483, 0.539845, 0.237777, 0.039637, -0.571408, 0.815934, 0.088000, -0.032680, -0.146504, -0.206926, 0.967325, 0.212081, 0.000000, 0.000000, 0.000000, 1.000000, -0.146504, -0.206926, 0.967325, 0.234081, -0.807483, -0.539845, -0.237777, -0.039637, 0.571408, -0.815934, -0.088000, 0.232754, 0.000000, 0.000000, 0.000000, 1.000000, -0.021546, -0.050985, -0.998467, 0.140738, -0.998870, 0.043416, 0.019338, 0.018317, 0.042363, 0.997755, -0.051863, 0.055496, 0.000000, 0.000000, 0.000000, 1.000000
-16.5764, 39.0070, -32.2092, 212.2058, 234.2058, -39.0070, 232.2826, 140.7421, 18.3997, 55.2877, 0.804364, 0.545861, 0.234596, 0.039007, -0.576557, 0.812479, 0.086367, -0.032209, -0.143460, -0.204728, 0.968249, 0.212206, 0.000000, 0.000000, 0.000000, 1.000000, -0.143460, -0.204728, 0.968249, 0.234206, -0.804364, -0.545861, -0.234596, -0.039007, 0.576557, -0.812479, -0.086367, 0.232283, 0.000000, 0.000000, 0.000000, 1.000000, -0.022961, -0.054372, -0.998257, 0.140742, -0.998677, 0.047194, 0.020400, 0.018400, 0.046003, 0.997405, -0.055384, 0.055288, 0.000000, 0.000000, 0.000000, 1.000000
-16.1365, 37.6683, -31.2176, 212.5358, 234.5358, -37.6683, 231.2910, 140.6897, 19.5591, 55.0597, 0.797140, 0.557054, 0.232935, 0.037668, -0.586753, 0.805684, 0.081206, -0.031218, -0.142436, -0.201408, 0.969096, 0.212536, 0.000000, 0.000000, 0.000000, 1.000000, -0.142436, -0.201408, 0.969096, 0.234536, -0.797140, -0.557054, -0.232935, -0.037668, 0.586753, -0.805684, -0.081206, 0.231291, 0.000000, 0.000000, 0.000000, 1.000000, -0.020702, -0.059897, -0.997990, 0.140690, -0.998930, 0.042527, 0.018169, 0.019559, 0.041353, 0.997298, -0.060714, 0.055060, 0.000000, 0.000000, 0.000000, 1.000000
-15.5624, 36.9920, -30.7443, 212.5088, 234.5088, -36.9920, 230.8177, 140.8509, 19.6670, 54.8444, 0.794402, 0.559652, 0.236041, 0.036992, -0.591087, 0.801753, 0.088366, -0.030744, -0.139792, -0.209719, 0.967717, 0.212509, 0.000000, 0.000000, 0.000000, 1.000000, -0.139792, -0.209719, 0.967717, 0.234509, -0.794402, -0.559652, -0.236041, -0.036992, 0.591087, -0.801753, -0.088366, 0.230818, 0.000000, 0.000000, 0.000000, 1.000000, -0.021938, -0.052257, -0.998393, 0.140851, -0.998713, 0.046827, 0.019495, 0.019667, 0.045733, 0.997535, -0.053217, 0.054844, 0.000000, 0.000000, 0.000000, 1.000000
-15.0392, 35.9251, -29.8758, 212.7507, 234.7507, -35.9251, 229.9492, 140.8201, 20.4216, 54.6364, 0.788984, 0.569055, 0.231690, 0.035925, -0.599787, 0.795133, 0.089547, -0.029876, -0.133267, -0.209616, 0.968659, 0.212751, 0.000000, 0.000000, 0.000000, 1.000000, -0.133267, -0.209616, 0.968659, 0.234751, -0.788984, -0.569055, -0.231690, -0.035925, 0.599787, -0.795133, -0.089547, 0.229949, 0.000000, 0.000000, 0.000000, 1.000000, -0.025602, -0.054234, -0.998200, 0.140820, -0.998735, 0.044614, 0.023192, 0.020422, 0.043276, 0.997531, -0.055308, 0.054636, 0.000000, 0.000000, 0.000000, 1.000000
-14.4714, 34.9076, -29.1100, 212.8966, 234.8966, -34.9076, 229.1835, 140.8787, 21.0021, 54.3701, 0.782372, 0.576865, 0.234779, 0.034908, -0.607632, 0.789712, 0.084488, -0.029110, -0.136670, -0.208760, 0.968370, 0.212897, 0.000000, 0.000000, 0.000000, 1.000000, -0.136670, -0.208760, 0.968370, 0.234897, -0.782372, -0.576865, -0.234779, -0.034908, 0.607632, -0.789712, -0.084488, 0.229183, 0.000000, 0.000000, 0.000000, 1.000000, -0.019577, -0.056619, -0.998204, 0.140879, -0.998830, 0.045260, 0.017022, 0.021002, 0.044214, 0.997369, -0.057439, 0.054370, 0.000000, 0.000000, 0.000000, 1.000000
-13.8511, 33.8973, -28.3328, 212.9065, 234.9065, -33.8973, 228.4062, 141.0634, 21.4971, 54.1155, 0.777137, 0.582523, 0.238170, 0.033897, -0.614757, 0.783651, 0.089247, -0.028333, -0.134653, -0.215774, 0.967114, 0.212907, 0.000000, 0.000000, 0.000000, 1.000000, -0.134653, -0.215774, 0.967114, 0.234907, -0.777137, -0.582523, -0.238170, -0.033897, 0.614757, -0.783651, -0.089247, 0.228406, 0.000000, 0.000000, 0.000000, 1.000000, -0.019184, -0.050829, -0.998523, 0.141063, -0.998758, 0.046900, 0.016801, 0.021497, 0.045977, 0.997606, -0.051666, 0.054115, 0.000000, 0.000000, 0.000000, 1.000000
-13.2820, 32.8473, -27.4499, 213.1172, 235.1172, -32.8473, 227.5234, 141.0559, 22.1792, 53.8608, 0.771329, 0.592306, 0.232862, 0.032847, -0.623132, 0.777261, 0.087020, -0.027450, -0.129452, -0.212225, 0.968609, 0.213117, 0.000000, 0.000000, 0.000000, 1.000000, -0.129452, -0.212225, 0.968609, 0.235117, -0.771329, -0.592306, -0.232862, -0.032847, 0.623132, -0.777261, -0.087020, 0.227523, 0.000000, 0.000000, 0.000000, 1.000000, -0.021515, -0.056221, -0.998187, 0.141056, -0.998769, 0.045853, 0.018945, 0.022179, 0.044705, 0.997365, -0.057138, 0.053861, 0.000000, 0.000000, 0.000000, 1.000000
-12.7573, 31.8747, -26.6895, 213.3067, 235.3067, -31.8747, 226.7630, 141.0610, 22.7722, 53.5670, 0.765074, 0.598691, 0.237129, 0.031875, -0.630446, 0.771400, 0.086484, -0.026690, -0.131144, -0.215664, 0.967621, 0.213307, 0.000000, 0.000000, 0.000000, 1.000000, -0.131144, -0.215664, 0.967621, 0.235307, -0.765074, -0.598691, -0.237129, -0.031875, 0.630446, -0.771400, -0.086484, 0.226763, 0.000000, 0.000000, 0.000000, 1.000000, -0.017281, -0.054063, -0.998388, 0.141061, -0.998835, 0.045932, 0.014802, 0.022772, 0.045057, 0.997481, -0.054794, 0.053567, 0.000000, 0.000000, 0.000000, 1.000000
-12.0120, 30.7899, -25.7269, 213.5169, 235.5169, -30.7899, 225.8003, 141.0543, 23.3061, 53.2379, 0.758114, 0.607233, 0.237764, 0.030790, -0.638980, 0.764531, 0.084835, -0.025727, -0.130263, -0.216241, 0.967611, 0.213517, 0.000000, 0.000000, 0.000000, 1.000000, -0.130263, -0.216241, 0.967611, 0.235517, -0.758114, -0.607233, -0.237764, -0.030790, 0.638980, -0.764531, -0.084835, 0.225800, 0.000000, 0.000000, 0.000000, 1.000000, -0.015155, -0.055121, -0.998365, 0.141054, -0.998769, 0.047991, 0.012511, 0.023306, 0.047223, 0.997326, -0.055780, 0.053238, 0.000000, 0.000000, 0.000000, 1.000000
-11.3375, 29.5520, -24.6919, 213.6035, 235.6035, -29.5520, 224.7653, 141.2001, 24.0675, 52.9011, 0.751169, 0.616466, 0.236040, 0.029552, -0.647988, 0.756834, 0.085523, -0.024692, -0.125921, -0.217193, 0.967973, 0.213603, 0.000000, 0.000000, 0.000000, 1.000000, -0.125921, -0.217193, 0.967973, 0.235603, -0.751169, -0.616466, -0.236040, -0.029552, 0.647988, -0.756834, -0.085523, 0.224765, 0.000000, 0.000000, 0.000000, 1.000000, -0.016273, -0.055919, -0.998303, 0.141200, -0.998768, 0.047712, 0.013608, 0.024068, 0.046870, 0.997295, -0.056626, 0.052901, 0.000000, 0.000000, 0.000000, 1.000000
-10.7101, 28.4388, -23.7078, 213.6523, 235.6523, -28.4388, 223.7812, 141.3526, 24.7552, 52.6116, 0.743868, 0.623811, 0.239834, 0.028439, -0.656494, 0.749257, 0.087352, -0.023708, -0.125206, -0.222428, 0.966876, 0.213652, 0.000000, 0.000000, 0.000000, 1.000000, -0.125206, -0.222428, 0.966876, 0.235652, -0.743868, -0.623811, -0.239834, -0.028439, 0.656494, -0.749257, -0.087352, 0.223781, 0.000000, 0.000000, 0.000000, 1.000000, -0.013896, -0.052121, -0.998544, 0.141353, -0.998806, 0.047506, 0.011420, 0.024755, 0.046841, 0.997510, -0.052719, 0.052612, 0.000000, 0.000000, 0.000000, 1.000000
-10.1312, 27.4280, -22.7685, 214.0880, 236.0880, -27.4280, 222.8420, 141.1131, 25.4445, 52.2467, 0.737442, 0.634395, 0.231781, 0.027428, -0.664941, 0.742111, 0.084411, -0.022769, -0.118457, -0.216369, 0.969099, 0.214088, 0.000000, 0.000000, 0.000000, 1.000000, -0.118457, -0.216369, 0.969099, 0.236088, -0.737442, -0.634395, -0.231781, -0.027428, 0.664941, -0.742111, -0.084411, 0.222842, 0.000000, 0.000000, 0.000000, 1.000000, -0.017518, -0.060041, -0.998042, 0.141113, -0.998838, 0.045877, 0.014772, 0.025445, 0.044900, 0.997141, -0.060775, 0.052247, 0.000000, 0.000000, 0.000000, 1.000000
-9.5234, 26.3558, -21.8108, 213.9951, 235.9951, -26.3558, 221.8843, 141.3921, 26.0847, 51.9684, 0.730293, 0.640143, 0.238516, 0.026356, -0.672481, 0.735083, 0.086155, -0.021811, -0.120178, -0.223316, 0.967309, 0.213995, 0.000000, 0.000000, 0.000000, 1.000000, -0.120178, -0.223316, 0.967309, 0.235995, -0.730293, -0.640143, -0.238516, -0.026356, 0.672481, -0.735083, -0.086155, 0.221884, 0.000000, 0.000000, 0.000000, 1.000000, -0.012978, -0.054226, -0.998444, 0.141392, -0.998857, 0.046645, 0.010450, 0.026085, 0.046005, 0.997439, -0.054769, 0.051968, 0.000000, 0.000000, 0.000000, 1.000000
-8.8763, 25.2806, -20.8175, 214.2076, 236.2076, -25.2806, 220.8910, 141.3770, 26.7344, 51.5863, 0.723497, 0.648710, 0.236068, 0.025281, -0.680890, 0.726937, 0.089172, -0.020818, -0.113760, -0.225252, 0.967636, 0.214208, 0.000000, 0.000000, 0.000000, 1.000000, -0.113760, -0.225252, 0.967636, 0.236208, -0.723497, -0.648710, -0.236068, -0.025281, 0.680890, -0.726937, -0.089172, 0.220891, 0.000000, 0.000000, 0.000000, 1.000000, -0.016185, -0.053847, -0.998418, 0.141377, -0.998850, 0.045950, 0.013714, 0.026734, 0.045139, 0.997491, -0.054529, 0.051586, 0.000000, 0.000000, 0.000000, 1.000000
-8.1743, 24.0802, -19.7070, 214.1968, 236.1968, -24.0802, 219.7805, 141.5961, 27.4527, 51.2127, 0.715339, 0.656107, 0.240445, 0.024080, -0.689272, 0.719084, 0.088448, -0.019707, -0.114869, -0.229003, 0.966625, 0.214197, 0.000000, 0.000000, 0.000000, 1.000000, -0.114869, -0.229003, 0.966625, 0.236197, -0.715339, -0.656107, -0.240445, -0.024080, 0.689272, -0.719084, -0.088448, 0.219780, 0.000000, 0.000000, 0.000000, 1.000000, -0.011844, -0.051444, -0.998606, 0.141596, -0.998849, 0.047025, 0.009424, 0.027453, 0.046475, 0.997568, -0.051942, 0.051213, 0.000000, 0.000000, 0.000000, 1.000000
-7.6131, 23.1076, -18.6954, 214.3593, 236.3593, -23.1076, 218.7689, 141.5974, 28.1410, 50.9192, 0.707762, 0.665337, 0.237484, 0.023108, -0.697428, 0.711615, 0.084843, -0.018695, -0.112548, -0.225677, 0.967679, 0.214359, 0.000000, 0.000000, 0.000000, 1.000000, -0.112548, -0.225677, 0.967679, 0.236359, -0.707762, -0.665337, -0.237484, -0.023108, 0.697428, -0.711615, -0.084843, 0.218769, 0.000000, 0.000000, 0.000000, 1.000000, -0.010958, -0.056342, -0.998351, 0.141597, -0.998930, 0.045482, 0.008398, 0.028141, 0.044934, 0.997375, -0.056780, 0.050919, 0.000000, 0.000000, 0.000000, 1.000000
-7.0343, 22.3732, -17.9542, 214.4827, 236.4827, -22.3732, 218.0277, 141.6005, 28.4410, 50.5914, 0.703671, 0.669448, 0.238089, 0.022373, -0.702289, 0.706180, 0.090003, -0.017954, -0.107881, -0.230540, 0.967064, 0.214483, 0.000000, 0.000000, 0.000000, 1.000000, -0.107881, -0.230540, 0.967064, 0.236483, -0.703671, -0.669448, -0.238089, -0.022373, 0.702289, -0.706180, -0.090003, 0.218028, 0.000000, 0.000000, 0.000000, 1.000000, -0.013678, -0.052236, -0.998541, 0.141600, -0.998771, 0.048283, 0.011155, 0.028441, 0.047630, 0.997467, -0.052832, 0.050591, 0.000000, 0.000000, 0.000000, 1.000000
-6.4773, 21.2642, -16.8044, 214.7345, 236.7345, -21.2642, 216.8779, 141.5391, 29.3300, 50.2329, 0.695383, 0.679198, 0.234804, 0.021264, -0.711284, 0.697119, 0.090001, -0.016804, -0.102558, -0.229597, 0.967867, 0.214734, 0.000000, 0.000000, 0.000000, 1.000000, -0.102558, -0.229597, 0.967867, 0.236734, -0.695383, -0.679198, -0.234804, -0.021264, 0.711284, -0.697119, -0.090001, 0.216878, 0.000000, 0.000000, 0.000000, 1.000000, -0.015352, -0.054824, -0.998378, 0.141539, -0.998908, 0.044899, 0.012895, 0.029330, 0.044119, 0.997486, -0.055454, 0.050233, 0.000000, 0.000000, 0.000000, 1.000000
-5.9062, 20.3777, -15.9214, 214.6621, 236.6621, -20.3777, 215.9949, 141.7549, 29.8177, 49.9184, 0.688528, 0.684954, 0.238259, 0.020378, -0.717496, 0.691182, 0.086410, -0.015921, -0.105494, -0.230445, 0.967350, 0.214662, 0.000000, 0.000000, 0.000000, 1.000000, -0.105494, -0.230445, 0.967350, 0.236662, -0.688528, -0.684954, -0.238259, -0.020378, 0.717496, -0.691182, -0.086410, 0.215995, 0.000000, 0.000000, 0.000000, 1.000000, -0.009894, -0.054946, -0.998440, 0.141755, -0.998890, 0.046538, 0.007337, 0.029818, 0.046062, 0.997404, -0.055346, 0.049918, 0.000000, 0.000000, 0.000000, 1.000000
-5.2897, 19.5183, -14.9983, 214.7343, 236.7343, -19.5183, 215.0717, 141.8207, 30.2692, 49.5659, 0.681594, 0.691207, 0.240132, 0.019518, -0.724191, 0.684200, 0.086122, -0.014998, -0.104770, -0.232601, 0.966913, 0.214734, 0.000000, 0.000000, 0.000000, 1.000000, -0.104770, -0.232601, 0.966913, 0.236734, -0.681594, -0.691207, -0.240132, -0.019518, 0.724191, -0.684200, -0.086122, 0.215072, 0.000000, 0.000000, 0.000000, 1.000000, -0.007840, -0.053841, -0.998519, 0.141821, -0.998846, 0.047730, 0.005269, 0.030269, 0.047376, 0.997408, -0.054153, 0.049566, 0.000000, 0.000000, 0.000000, 1.000000
-4.7008, 18.5696, -13.9364, 214.9738, 236.9737, -18.5696, 214.0099, 141.7361, 30.9318, 49.1857, 0.673813, 0.700578, 0.234875, 0.018570, -0.732000, 0.676242, 0.082899, -0.013936, -0.100755, -0.227787, 0.968484, 0.214974, 0.000000, 0.000000, 0.000000, 1.000000, -0.100755, -0.227787, 0.968484, 0.236974, -0.673813, -0.700578, -0.234875, -0.018570, 0.732000, -0.676242, -0.082899, 0.214010, 0.000000, 0.000000, 0.000000, 1.000000, -0.008552, -0.060139, -0.998153, 0.141736, -0.998907, 0.046376, 0.005765, 0.030932, 0.045944, 0.997112, -0.060469, 0.049186, 0.000000, 0.000000, 0.000000, 1.000000
-4.1581, 17.6459, -12.9219, 215.0345, 237.0345, -17.6459, 212.9954, 141.8202, 31.5823, 48.8497, 0.666954, 0.705731, 0.238991, 0.017646, -0.738647, 0.668364, 0.087697, -0.012922, -0.097842, -0.235020, 0.967054, 0.215034, 0.000000, 0.000000, 0.000000, 1.000000, -0.097842, -0.235020, 0.967054, 0.237034, -0.666954, -0.705731, -0.238991, -0.017646, 0.738647, -0.668364, -0.087697, 0.212995, 0.000000, 0.000000, 0.000000, 1.000000, -0.008610, -0.053783, -0.998516, 0.141820, -0.998930, 0.045830, 0.006145, 0.031582, 0.045431, 0.997500, -0.054120, 0.048850, 0.000000, 0.000000, 0.000000, 1.000000
-3.6255, 16.7805, -11.9632, 215.1121, 237.1121, -16.7805, 212.0366, 141.8783, 32.1644, 48.5029, 0.659883, 0.713061, 0.236850, 0.016781, -0.745424, 0.660858, 0.087234, -0.011963, -0.094320, -0.234118, 0.967622, 0.215112, 0.000000, 0.000000, 0.000000, 1.000000, -0.094320, -0.234118, 0.967622, 0.237112, -0.659883, -0.713061, -0.236850, -0.016781, 0.745424, -0.660858, -0.087234, 0.212037, 0.000000, 0.000000, 0.000000, 1.000000, -0.009173, -0.055833, -0.998398, 0.141878, -0.998975, 0.044779, 0.006674, 0.032164, 0.044335, 0.997435, -0.056186, 0.048503, 0.000000, 0.000000, 0.000000, 1.000000
-2.8916, 15.9787, -11.0504, 215.2111, 237.2111, -15.9787, 211.1238, 141.9034, 32.3992, 48.0367, 0.653483, 0.718521, 0.238093, 0.015979, -0.751501, 0.653500, 0.090465, -0.011050, -0.090593, -0.238044, 0.967020, 0.215211, 0.000000, 0.000000, 0.000000, 1.000000, -0.090593, -0.238044, 0.967020, 0.237211, -0.653483, -0.718521, -0.238093, -0.015979, 0.751501, -0.653500, -0.090465, 0.211124, 0.000000, 0.000000, 0.000000, 1.000000, -0.010203, -0.052774, -0.998554, 0.141903, -0.998814, 0.048088, 0.007664, 0.032399, 0.047614, 0.997448, -0.053202, 0.048037, 0.000000, 0.000000, 0.000000, 1.000000
-2.1555, 14.8341, -9.6560, 215.5645, 237.5645, -14.8341, 209.7294, 141.7268, 33.2339, 47.5106, 0.643840, 0.730255, 0.228467, 0.014834, -0.760648, 0.643225, 0.087616, -0.009656, -0.082974, -0.230194, 0.969601, 0.215564, 0.000000, 0.000000, 0.000000, 1.000000, -0.082974, -0.230194, 0.969601, 0.237564, -0.643840, -0.730255, -0.228467, -0.014834, 0.760648, -0.643225, -0.087616, 0.209729, 0.000000, 0.000000, 0.000000, 1.000000, -0.013663, -0.062357, -0.997960, 0.141727, -0.998869, 0.046303, 0.010783, 0.033234, 0.045537, 0.996979, -0.062919, 0.047511, 0.000000, 0.000000, 0.000000, 1.000000
-1.5645, 13.7695, -8.3986, 215.5356, 237.5356, -13.7695, 208.4721, 141.9076, 34.0700, 47.1284, 0.635655, 0.735242, 0.235292, 0.013769, -0.767867, 0.633584, 0.094609, -0.008399, -0.079517, -0.240812, 0.967309, 0.215536, 0.000000, 0.000000, 0.000000, 1.000000, -0.079517, -0.240812, 0.967309, 0.237536, -0.635655, -0.735242, -0.235292, -0.013769, 0.767867, -0.633584, -0.094609, 0.208472, 0.000000, 0.000000, 0.000000, 1.000000, -0.013798, -0.052526, -0.998524, 0.141908, -0.998918, 0.045072, 0.011433, 0.034070, 0.044405, 0.997602, -0.053091, 0.047128, 0.000000, 0.000000, 0.000000, 1.000000
-0.9393, 12.9063, -7.3002, 215.7229, 237.7229, -12.9063, 207.3736, 141.8443, 34.6249, 46.6953, 0.627397, 0.743701, 0.230829, 0.012906, -0.774799, 0.625829, 0.089578, -0.007300, -0.077840, -0.235046, 0.968862, 0.215723, 0.000000, 0.000000, 0.000000, 1.000000, -0.077840, -0.235046, 0.968862, 0.237723, -0.627397, -0.743701, -0.230829, -0.012906, 0.774799, -0.625829, -0.089578, 0.207374, 0.000000, 0.000000, 0.000000, 1.000000, -0.012251, -0.059495, -0.998153, 0.141844, -0.998934, 0.045166, 0.009568, 0.034625, 0.044514, 0.997206, -0.059985, 0.046695, 0.000000, 0.000000, 0.000000, 1.000000
-0.2138, 12.1384, -6.3273, 215.8052, 237.8052, -12.1384, 206.4007, 141.8688, 34.8714, 46.2112, 0.619775, 0.750220, 0.230322, 0.012138, -0.780791, 0.619023, 0.084713, -0.006327, -0.079021, -0.232337, 0.969420, 0.215805, 0.000000, 0.000000, 0.000000, 1.000000, -0.079021, -0.232337, 0.969420, 0.237805, -0.619775, -0.750220, -0.230322, -0.012138, 0.780791, -0.619023, -0.084713, 0.206401, 0.000000, 0.000000, 0.000000, 1.000000, -0.008272, -0.063119, -0.997972, 0.141869, -0.998801, 0.048682, 0.005200, 0.034871, 0.048255, 0.996818, -0.063446, 0.046211, 0.000000, 0.000000, 0.000000, 1.000000
0.3948, 11.0886, -5.0207, 215.8096, 237.8096, -11.0886, 205.0942, 142.0079, 35.7013, 45.7749, 0.611083, 0.755907, 0.234909, 0.011089, -0.788217, 0.608355, 0.092830, -0.005021, -0.072737, -0.241886, 0.967575, 0.215810, 0.000000, 0.000000, 0.000000, 1.000000, -0.072737, -0.241886, 0.967575, 0.237810, -0.611083, -0.755907, -0.234909, -0.011089, 0.788217, -0.608355, -0.092830, 0.205094, 0.000000, 0.000000, 0.000000, 1.000000, -0.010932, -0.054383, -0.998460, 0.142008, -0.998877, 0.046635, 0.008396, 0.035701, 0.046106, 0.997431, -0.054831, 0.045775, 0.000000, 0.000000, 0.000000, 1.000000
0.9831, 10.2377, -3.9027, 215.8267, 237.8267, -10.2377, 203.9762, 142.1008, 36.2875, 45.3706, 0.602075, 0.762925, 0.235480, 0.010238, -0.794949, 0.600326, 0.087547, -0.003903, -0.074573, -0.239904, 0.967928, 0.215827, 0.000000, 0.000000, 0.000000, 1.000000, -0.074573, -0.239904, 0.967928, 0.237827, -0.602075, -0.762925, -0.235480, -0.010238, 0.794949, -0.600326, -0.087547, 0.203976, 0.000000, 0.000000, 0.000000, 1.000000, -0.005852, -0.057310, -0.998339, 0.142101, -0.998916, 0.046434, 0.003190, 0.036288, 0.046174, 0.997276, -0.057520, 0.045371, 0.000000, 0.000000, 0.000000, 1.000000
1.5987, 9.3675, -2.7329, 215.8319, 237.8319, -9.3675, 202.8063, 142.2046, 36.8836, 44.9452, 0.593358, 0.769122, 0.237439, 0.009367, -0.801775, 0.590854, 0.089713, -0.002733, -0.071292, -0.243604, 0.967251, 0.215832, 0.000000, 0.000000, 0.000000, 1.000000, -0.071292, -0.243604, 0.967251, 0.237832, -0.593358, -0.769122, -0.237439, -0.009367, 0.801775, -0.590854, -0.089713, 0.202806, 0.000000, 0.000000, 0.000000, 1.000000, -0.005715, -0.054427, -0.998501, 0.142205, -0.998954, 0.045618, 0.003231, 0.036884, 0.045374, 0.997475, -0.054631, 0.044945, 0.000000, 0.000000, 0.000000, 1.000000
1.9936, 8.5001, -1.5664, 215.9173, 237.9173, -8.5001, 201.6399, 142.2315, 37.7850, 44.6191, 0.584892, 0.775399, 0.238026, 0.008500, -0.808176, 0.582058, 0.089775, -0.001566, -0.068934, -0.244876, 0.967101, 0.215917, 0.000000, 0.000000, 0.000000, 1.000000, -0.068934, -0.244876, 0.967101, 0.237917, -0.584892, -0.775399, -0.238026, -0.008500, 0.808176, -0.582058, -0.089775, 0.201640, 0.000000, 0.000000, 0.000000, 1.000000, -0.004820, -0.053958, -0.998532, 0.142231, -0.999130, 0.041634, 0.002573, 0.037785, 0.041434, 0.997675, -0.054112, 0.044619, 0.000000, 0.000000, 0.000000, 1.000000
2.6778, 7.9667, -0.7476, 216.1366, 238.1366, -7.9667, 200.8211, 142.0774, 37.8106, 44.1215, 0.579722, 0.780686, 0.233350, 0.007967, -0.812305, 0.576191, 0.090365, -0.000748, -0.063908, -0.241938, 0.968185, 0.216137, 0.000000, 0.000000, 0.000000, 1.000000, -0.063908, -0.241938, 0.968185, 0.238137, -0.579722, -0.780686, -0.233350, -0.007967, 0.812305, -0.576191, -0.090365, 0.200821, 0.000000, 0.000000, 0.000000, 1.000000, -0.007662, -0.057561, -0.998313, 0.142077, -0.998932, 0.045929, 0.005019, 0.037811, 0.045563, 0.997285, -0.057851, 0.044121, 0.000000, 0.000000, 0.000000, 1.000000
3.2183, 7.1386, 0.4273, 216.1094, 238.1094, -7.1386, 199.6461, 142.1993, 38.4780, 43.7332, 0.571226, 0.787050, 0.232923, 0.007139, -0.818390, 0.567837, 0.088309, 0.000427, -0.062759, -0.241066, 0.968477, 0.216109, 0.000000, 0.000000, 0.000000, 1.000000, -0.062759, -0.241066, 0.968477, 0.238109, -0.571226, -0.787050, -0.232923, -0.007139, 0.818390, -0.567837, -0.088309, 0.199646, 0.000000, 0.000000, 0.000000, 1.000000, -0.005645, -0.059209, -0.998230, 0.142199, -0.998985, 0.044936, 0.002984, 0.038478, 0.044680, 0.997234, -0.059402, 0.043733, 0.000000, 0.000000, 0.000000, 1.000000
3.6417, 6.4296, 1.4602, 216.0918, 238.0918, -6.4296, 198.6132, 142.2953, 39.1254, 43.4241, 0.563464, 0.791098, 0.238058, 0.006430, -0.824001, 0.558889, 0.093083, 0.001460, -0.059411, -0.248609, 0.966780, 0.216092, 0.000000, 0.000000, 0.000000, 1.000000, -0.059411, -0.248609, 0.966780, 0.238092, -0.563464, -0.791098, -0.238058, -0.006430, 0.824001, -0.558889, -0.093083, 0.198613, 0.000000, 0.000000, 0.000000, 1.000000, -0.005984, -0.052122, -0.998623, 0.142295, -0.999103, 0.042187, 0.003785, 0.039125, 0.041932, 0.997749, -0.052328, 0.043424, 0.000000, 0.000000, 0.000000, 1.000000
4.3578, 5.7550, 2.4632, 216.2713, 238.2713, -5.7550, 197.6103, 142.1974, 39.3176, 42.8519, 0.556422, 0.796282, 0.237340, 0.005755, -0.828823, 0.552089, 0.090829, 0.002463, -0.058707, -0.247252, 0.967171, 0.216271, 0.000000, 0.000000, 0.000000, 1.000000, -0.058707, -0.247252, 0.967171, 0.238271, -0.556422, -0.796282, -0.237340, -0.005755, 0.828823, -0.552089, -0.090829, 0.197610, 0.000000, 0.000000, 0.000000, 1.000000, -0.004101, -0.054081, -0.998528, 0.142197, -0.998930, 0.046227, 0.001599, 0.039318, 0.046072, 0.997466, -0.054212, 0.042852, 0.000000, 0.000000, 0.000000, 1.000000
4.8773, 4.9463, 3.6524, 216.1369, 238.1369, -4.9463, 196.4210, 142.4144, 39.9991, 42.4775, 0.547468, 0.801674, 0.239994, 0.004946, -0.834869, 0.542849, 0.091150, 0.003652, -0.057208, -0.250265, 0.966486, 0.216137, 0.000000, 0.000000, 0.000000, 1.000000, -0.057208, -0.250265, 0.966486, 0.238137, -0.547468, -0.801674, -0.239994, -0.004946, 0.834869, -0.542849, -0.091150, 0.196421, 0.000000, 0.000000, 0.000000, 1.000000, -0.002291, -0.051651, -0.998663, 0.142414, -0.999012, 0.044443, -0.000007, 0.039999, 0.044384, 0.997676, -0.051702, 0.042478, 0.000000, 0.000000, 0.000000, 1.000000
5.4387, 4.2862, 4.7001, 216.2861, 238.2861, -4.2862, 195.3733, 142.3359, 40.4315, 42.0201, 0.540708, 0.806865, 0.237916, 0.004286, -0.839651, 0.534883, 0.094266, 0.004700, -0.051197, -0.250737, 0.966701, 0.216286, 0.000000, 0.000000, 0.000000, 1.000000, -0.051197, -0.250737, 0.966701, 0.238286, -0.540708, -0.806865, -0.237916, -0.004286, 0.839651, -0.534883, -0.094266, 0.195373, 0.000000, 0.000000, 0.000000, 1.000000, -0.005546, -0.051735, -0.998645, 0.142336, -0.998995, 0.044708, 0.003232, 0.040432, 0.044480, 0.997660, -0.051931, 0.042020, 0.000000, 0.000000, 0.000000, 1.000000
6.0155, 3.6421, 5.7900, 216.5427, 238.5427, -3.6421, 194.2834, 142.1458, 40.8692, 41.5364, 0.532661, 0.813394, 0.233802, 0.003642, -0.844967, 0.526773, 0.092414, 0.005790, -0.047991, -0.246780, 0.967882, 0.216543, 0.000000, 0.000000, 0.000000, 1.000000, -0.047991, -0.246780, 0.967882, 0.238543, -0.532661, -0.813394, -0.233802, -0.003642, 0.844967, -0.526773, -0.092414, 0.194283, 0.000000, 0.000000, 0.000000, 1.000000, -0.005703, -0.056395, -0.998392, 0.142146, -0.998998, 0.044636, 0.003185, 0.040869, 0.044385, 0.997410, -0.056593, 0.041536, 0.000000, 0.000000, 0.000000, 1.000000
6.6294, 2.8890, 6.9116, 216.1880, 238.1880, -2.8890, 193.1618, 142.5647, 41.3049, 41.1190, 0.523311, 0.817059, 0.241994, 0.002889, -0.850684, 0.517514, 0.092286, 0.006912, -0.049832, -0.254154, 0.965879, 0.216188, 0.000000, 0.000000, 0.000000, 1.000000, -0.049832, -0.254154, 0.965879, 0.238188, -0.523311, -0.817059, -0.241994, -0.002889, 0.850684, -0.517514, -0.092286, 0.193162, 0.000000, 0.000000, 0.000000, 1.000000, -0.000641, -0.049324, -0.998783, 0.142565, -0.998977, 0.045183, -0.001590, 0.041305, 0.045207, 0.997760, -0.049302, 0.041119, 0.000000, 0.000000, 0.000000, 1.000000
7.0844, 2.1422, 8.2095, 216.4453, 238.4453, -2.1422, 191.8639, 142.3785, 42.1425, 40.7004, 0.513809, 0.824626, 0.236628, 0.002142, -0.856591, 0.508377, 0.088341, 0.008210, -0.047448, -0.248084, 0.967576, 0.216445, 0.000000, 0.000000, 0.000000, 1.000000, -0.047448, -0.248084, 0.967576, 0.238445, -0.513809, -0.824626, -0.236628, -0.002142, 0.856591, -0.508377, -0.088341, 0.191864, 0.000000, 0.000000, 0.000000, 1.000000, 0.000464, -0.056170, -0.998421, 0.142379, -0.999127, 0.041674, -0.002809, 0.042142, 0.041766, 0.997551, -0.056102, 0.040700, 0.000000, 0.000000, 0.000000, 1.000000
7.7309, 1.7418, 8.9047, 216.4181, 238.4181, -1.7418, 191.1688, 142.4360, 41.9893, 40.2210, 0.509031, 0.827321, 0.237544, 0.001742, -0.859582, 0.502962, 0.090266, 0.008905, -0.044797, -0.250137, 0.967174, 0.216418, 0.000000, 0.000000, 0.000000, 1.000000, -0.044797, -0.250137, 0.967174, 0.238418, -0.509031, -0.827321, -0.237544, -0.001742, 0.859582, -0.502962, -0.090266, 0.191169, 0.000000, 0.000000, 0.000000, 1.000000, -0.000361, -0.054342, -0.998522, 0.142436, -0.998901, 0.046819, -0.002187, 0.041989, 0.046869, 0.997424, -0.054299, 0.040221, 0.000000, 0.000000, 0.000000, 1.000000
8.2980, 0.9205, 10.2696, 216.2949, 238.2949, -0.9205, 189.8038, 142.6252, 42.7340, 39.7677, 0.499324, 0.832005, 0.241750, 0.000921, -0.865389, 0.492501, 0.092437, 0.010270, -0.042154, -0.255364, 0.965926, 0.216295, 0.000000, 0.000000, 0.000000, 1.000000, -0.042154, -0.255364, 0.965926, 0.238295, -0.499324, -0.832005, -0.241750, -0.000921, 0.865389, -0.492501, -0.092437, 0.189804, 0.000000, 0.000000, 0.000000, 1.000000, 0.000543, -0.049461, -0.998776, 0.142625, -0.998978, 0.045106, -0.002777, 0.042734, 0.045188, 0.997757, -0.049386, 0.039768, 0.000000, 0.000000, 0.000000, 1.000000
8.9110, 0.3112, 11.3716, 216.4473, 238.4473, -0.3112, 188.7019, 142.5231, 43.0814, 39.2366, 0.491183, 0.837458, 0.239590, 0.000311, -0.870080, 0.484725, 0.089451, 0.011372, -0.041224, -0.252400, 0.966745, 0.216447, 0.000000, 0.000000, 0.000000, 1.000000, -0.041224, -0.252400, 0.966745, 0.238447, -0.491183, -0.837458, -0.239590, -0.000311, 0.870080, -0.484725, -0.089451, 0.188702, 0.000000, 0.000000, 0.000000, 1.000000, 0.002506, -0.052913, -0.998596, 0.142523, -0.998908, 0.046452, -0.004968, 0.043081, 0.046650, 0.997518, -0.052739, 0.039237, 0.000000, 0.000000, 0.000000, 1.000000
9.4687, -0.2599, 12.4764, 216.5938, 238.5938, 0.2599, 187.5971, 142.4154, 43.4911, 38.7657, 0.483302, 0.842624, 0.237496, -0.000260, -0.874741, 0.475742, 0.092181, 0.012476, -0.035312, -0.252299, 0.967005, 0.216594, 0.000000, 0.000000, 0.000000, 1.000000, -0.035312, -0.252299, 0.967005, 0.238594, -0.483302, -0.842624, -0.237496, 0.000260, 0.874741, -0.475742, -0.092181, 0.187597, 0.000000, 0.000000, 0.000000, 1.000000, -0.000352, -0.053415, -0.998572, 0.142415, -0.998947, 0.045820, -0.002099, 0.043491, 0.045867, 0.997521, -0.053375, 0.038766, 0.000000, 0.000000, 0.000000, 1.000000
10.0841, -0.9374, 13.6719, 216.5406, 238.5406, 0.9374, 186.4015, 142.5173, 43.9323, 38.2427, 0.474325, 0.846888, 0.240408, -0.000937, -0.879597, 0.467198, 0.089639, 0.013672, -0.036404, -0.253980, 0.966524, 0.216541, 0.000000, 0.000000, 0.000000, 1.000000, -0.036404, -0.253980, 0.966524, 0.238541, -0.474325, -0.846888, -0.240408, 0.000937, 0.879597, -0.467198, -0.089639, 0.186402, 0.000000, 0.000000, 0.000000, 1.000000, 0.003792, -0.052018, -0.998639, 0.142517, -0.998878, 0.046955, -0.006238, 0.043932, 0.047216, 0.997542, -0.051781, 0.038243, 0.000000, 0.000000, 0.000000, 1.000000
10.8007, -1.6362, 14.9926, 216.6185, 238.6185, 1.6362, 185.0809, 142.4857, 44.3374, 37.6148, 0.464594, 0.853068, 0.237544, -0.001636, -0.884872, 0.457526, 0.087584, 0.014993, -0.033968, -0.250887, 0.967420, 0.216619, 0.000000, 0.000000, 0.000000, 1.000000, -0.033968, -0.250887, 0.967420, 0.238619, -0.464594, -0.853068, -0.237544, 0.001636, 0.884872, -0.457526, -0.087584, 0.185081, 0.000000, 0.000000, 0.000000, 1.000000, 0.004837, -0.055574, -0.998443, 0.142486, -0.998815, 0.048091, -0.007516, 0.044337, 0.048434, 0.997296, -0.055275, 0.037615, 0.000000, 0.000000, 0.000000, 1.000000
11.4192, -2.4580, 16.6990, 216.9342, 238.9342, 2.4580, 183.3745, 142.2172, 45.2885, 37.0148, 0.452980, 0.860538, 0.232989, -0.002458, -0.891162, 0.444471, 0.090969, 0.016699, -0.025274, -0.248838, 0.968215, 0.216934, 0.000000, 0.000000, 0.000000, 1.000000, -0.025274, -0.248838, 0.968215, 0.238934, -0.452980, -0.860538, -0.232989, 0.002458, 0.891162, -0.444471, -0.090969, 0.183374, 0.000000, 0.000000, 0.000000, 1.000000, 0.000575, -0.058104, -0.998310, 0.142217, -0.999031, 0.043900, -0.003131, 0.045288, 0.044008, 0.997345, -0.058023, 0.037015, 0.000000, 0.000000, 0.000000, 1.000000
11.9788, -3.0721, 17.9215, 216.7795, 238.7795, 3.0721, 182.1520, 142.3947, 45.7922, 36.5670, 0.444327, 0.864518, 0.234908, -0.003072, -0.895620, 0.434783, 0.093956, 0.017921, -0.020908, -0.252136, 0.967466, 0.216780, 0.000000, 0.000000, 0.000000, 1.000000, -0.020908, -0.252136, 0.967466, 0.238780, -0.444327, -0.864518, -0.234908, 0.003072, 0.895620, -0.434783, -0.093956, 0.182152, 0.000000, 0.000000, 0.000000, 1.000000, -0.000617, -0.054953, -0.998489, 0.142395, -0.999067, 0.043143, -0.001757, 0.045792, 0.043174, 0.997556, -0.054928, 0.036567, 0.000000, 0.000000, 0.000000, 1.000000
12.4677, -3.6286, 19.0311, 216.7504, 238.7504, 3.6286, 181.0423, 142.4495, 46.2754, 36.1271, 0.436637, 0.867575, 0.238036, -0.003629, -0.899466, 0.426163, 0.096672, 0.019031, -0.017572, -0.256316, 0.966433, 0.216750, 0.000000, 0.000000, 0.000000, 1.000000, -0.017572, -0.256316, 0.966433, 0.238750, -0.436637, -0.867575, -0.238036, 0.003629, 0.899466, -0.426163, -0.096672, 0.181042, 0.000000, 0.000000, 0.000000, 1.000000, -0.001171, -0.050826, -0.998707, 0.142450, -0.999096, 0.042506, -0.000991, 0.046275, 0.042502, 0.997803, -0.050830, 0.036127, 0.000000, 0.000000, 0.000000, 1.000000
13.1783, -4.2426, 20.3303, 216.6756, 238.6756, 4.2426, 179.7432, 142.5419, 46.6051, 35.5260, 0.426308, 0.873176, 0.236273, -0.004243, -0.904408, 0.416505, 0.092580, 0.020330, -0.017570, -0.253155, 0.967266, 0.216676, 0.000000, 0.000000, 0.000000, 1.000000, -0.017570, -0.253155, 0.967266, 0.238676, -0.426308, -0.873176, -0.236273, 0.004243, 0.904408, -0.416505, -0.092580, 0.179743, 0.000000, 0.000000, 0.000000, 1.000000, 0.002323, -0.054286, -0.998523, 0.142542, -0.999029, 0.043807, -0.004705, 0.046605, 0.043998, 0.997564, -0.054131, 0.035526, 0.000000, 0.000000, 0.000000, 1.000000
13.8034, -4.7231, 21.4124, 216.7838, 238.7838, 4.7231, 178.6610, 142.4478, 46.8096, 34.9566, 0.418492, 0.877731, 0.233351, -0.004723, -0.908110, 0.408398, 0.092450, 0.021412, -0.014154, -0.250599, 0.967988, 0.216784, 0.000000, 0.000000, 0.000000, 1.000000, -0.014154, -0.250599, 0.967988, 0.238784, -0.418492, -0.877731, -0.233351, 0.004723, 0.908110, -0.408398, -0.092450, 0.178661, 0.000000, 0.000000, 0.000000, 1.000000, 0.001710, -0.057056, -0.998369, 0.142448, -0.998957, 0.045456, -0.004309, 0.046810, 0.045628, 0.997336, -0.056919, 0.034957, 0.000000, 0.000000, 0.000000, 1.000000
14.3523, -5.3351, 22.8216, 217.0105, 239.0105, 5.3351, 177.2519, 142.2396, 47.4794, 34.3972, 0.408839, 0.883158, 0.229964, -0.005335, -0.912537, 0.398728, 0.091061, 0.022822, -0.011272, -0.247080, 0.968930, 0.217010, 0.000000, 0.000000, 0.000000, 1.000000, -0.011272, -0.247080, 0.968930, 0.239010, -0.408839, -0.883158, -0.229964, 0.005335, 0.912537, -0.398728, -0.091061, 0.177252, 0.000000, 0.000000, 0.000000, 1.000000, 0.002210, -0.060806, -0.998147, 0.142240, -0.999020, 0.044001, -0.004893, 0.047479, 0.044217, 0.997179, -0.060649, 0.034397, 0.000000, 0.000000, 0.000000, 1.000000
14.9333, -5.8592, 23.8775, 216.6926, 238.6926, 5.8592, 176.1960, 142.5666, 47.7347, 33.9133, 0.399497, 0.885358, 0.237788, -0.005859, -0.916684, 0.388522, 0.093490, 0.023877, -0.009613, -0.255326, 0.966807, 0.216693, 0.000000, 0.000000, 0.000000, 1.000000, -0.009613, -0.255326, 0.966807, 0.238693, -0.399497, -0.885358, -0.237788, 0.005859, 0.916684, -0.388522, -0.093490, 0.176196, 0.000000, 0.000000, 0.000000, 1.000000, 0.003755, -0.052380, -0.998620, 0.142567, -0.999019, 0.043860, -0.006057, 0.047735, 0.044117, 0.997664, -0.052164, 0.033913, 0.000000, 0.000000, 0.000000, 1.000000
15.5057, -6.3781, 25.1311, 216.5475, 238.5475, 6.3781, 174.9424, 142.7044, 48.1798, 33.4398, 0.390999, 0.888330, 0.240812, -0.006378, -0.920368, 0.379213, 0.095495, 0.025131, -0.006488, -0.258974, 0.965863, 0.216547, 0.000000, 0.000000, 0.000000, 1.000000, -0.006488, -0.258974, 0.965863, 0.238547, -0.390999, -0.888330, -0.240812, 0.006378, 0.920368, -0.379213, -0.095495, 0.174942, 0.000000, 0.000000, 0.000000, 1.000000, 0.003610, -0.048655, -0.998809, 0.142704, -0.999010, 0.044104, -0.005759, 0.048180, 0.044332, 0.997841, -0.048447, 0.033440, 0.000000, 0.000000, 0.000000, 1.000000
16.1490, -6.8633, 26.3595, 216.8286, 238.8286, 6.8633, 173.7139, 142.4298, 48.4650, 32.7801, 0.382502, 0.893248, 0.236222, -0.006863, -0.923950, 0.370631, 0.094603, 0.026360, -0.003047, -0.254443, 0.967083, 0.216829, 0.000000, 0.000000, 0.000000, 1.000000, -0.003047, -0.254443, 0.967083, 0.238829, -0.382502, -0.893248, -0.236222, 0.006863, 0.923950, -0.370631, -0.094603, 0.173714, 0.000000, 0.000000, 0.000000, 1.000000, 0.003152, -0.053352, -0.998571, 0.142430, -0.998949, 0.045496, -0.005584, 0.048465, 0.045729, 0.997539, -0.053153, 0.032780, 0.000000, 0.000000, 0.000000, 1.000000
16.9055, -7.4424, 27.9308, 216.9554, 238.9553, 7.4424, 172.1427, 142.2885, 48.9150, 32.0752, 0.371542, 0.899502, 0.229899, -0.007442, -0.928413, 0.359282, 0.094693, 0.027931, 0.002578, -0.248624, 0.968597, 0.216955, 0.000000, 0.000000, 0.000000, 1.000000, 0.002578, -0.248624, 0.968597, 0.238955, -0.371542, -0.899502, -0.229899, 0.007442, 0.928413, -0.359282, -0.094693, 0.172143, 0.000000, 0.000000, 0.000000, 1.000000, 0.001413, -0.059329, -0.998238, 0.142289, -0.998943, 0.045780, -0.004135, 0.048915, 0.045945, 0.997188, -0.059201, 0.032075, 0.000000, 0.000000, 0.000000, 1.000000
17.4634, -8.0373, 29.3943, 216.8192, 238.8192, 8.0373, 170.6792, 142.4146, 49.5875, 31.5476, 0.360448, 0.902907, 0.234171, -0.008037, -0.932772, 0.347913, 0.094298, 0.029394, 0.003672, -0.252418, 0.967611, 0.216819, 0.000000, 0.000000, 0.000000, 1.000000, 0.003672, -0.252418, 0.967611, 0.238819, -0.360448, -0.902907, -0.234171, 0.008037, 0.932772, -0.347913, -0.094298, 0.170679, 0.000000, 0.000000, 0.000000, 1.000000, 0.004015, -0.055346, -0.998459, 0.142415, -0.999023, 0.043710, -0.006440, 0.049588, 0.043999, 0.997510, -0.055117, 0.031548, 0.000000, 0.000000, 0.000000, 1.000000
18.0604, -8.4873, 30.5641, 216.7785, 238.7785, 8.4873, 169.5093, 142.4434, 49.8636, 30.9807, 0.351697, 0.906008, 0.235496, -0.008487, -0.936095, 0.338788, 0.094597, 0.030564, 0.005922, -0.253716, 0.967261, 0.216778, 0.000000, 0.000000, 0.000000, 1.000000, 0.005922, -0.253716, 0.967261, 0.238778, -0.351697, -0.906008, -0.235496, 0.008487, 0.936095, -0.338788, -0.094597, 0.169509, 0.000000, 0.000000, 0.000000, 1.000000, 0.004732, -0.053916, -0.998534, 0.142443, -0.998984, 0.044498, -0.007137, 0.049864, 0.044818, 0.997553, -0.053651, 0.030981, 0.000000, 0.000000, 0.000000, 1.000000
18.6383, -8.9726, 31.8936, 216.6125, 238.6125, 8.9726, 168.1798, 142.5827, 50.3309, 30.4654, 0.341704, 0.909914, 0.235147, -0.008973, -0.939782, 0.328989, 0.092604, 0.031894, 0.006901, -0.252631, 0.967538, 0.216613, 0.000000, 0.000000, 0.000000, 1.000000, 0.006901, -0.252631, 0.967538, 0.238613, -0.341704, -0.909914, -0.235147, 0.008973, 0.939782, -0.328989, -0.092604, 0.168180, 0.000000, 0.000000, 0.000000, 1.000000, 0.007054, -0.054905, -0.998467, 0.142583, -0.998986, 0.044009, -0.009477, 0.050331, 0.044461, 0.997521, -0.054539, 0.030465, 0.000000, 0.000000, 0.000000, 1.000000
19.2608, -9.3938, 32.9940, 216.5181, 238.5181, 9.3938, 167.0794, 142.6626, 50.4788, 29.8664, 0.333623, 0.911988, 0.238690, -0.009394, -0.942627, 0.319440, 0.097016, 0.032994, 0.012231, -0.257363, 0.966237, 0.216518, 0.000000, 0.000000, 0.000000, 1.000000, 0.012231, -0.257363, 0.966237, 0.238518, -0.333623, -0.911988, -0.238690, 0.009394, 0.942627, -0.319440, -0.097016, 0.167079, 0.000000, 0.000000, 0.000000, 1.000000, 0.004594, -0.049866, -0.998745, 0.142663, -0.998952, 0.045255, -0.006854, 0.050479, 0.045540, 0.997730, -0.049606, 0.029866, 0.000000, 0.000000, 0.000000, 1.000000
