# Joint_4_Angle(deg), Cam_X(mm), Cam_Y(mm), Cam_Z(mm), Torso_X(mm), Torso_Y(mm), Torso_Z(mm), EE_X(mm), EE_Y(mm), EE_Z(mm), T_cam2marker_flat(16), T_torso2marker_flat(16), T_ee2marker_flat(16)
-9.9461, 17.2565, -17.6095, 173.2439, 195.2439, -17.2565, 217.6830, 138.6795, 43.9080, 43.0962, 0.627926, 0.777043, 0.043748, 0.017257, -0.771548, 0.614141, 0.165966, -0.017610, 0.102095, -0.137968, 0.985161, 0.173244, 0.000000, 0.000000, 0.000000, 1.000000, 0.102095, -0.137968, 0.985161, 0.195244, -0.627926, -0.777043, -0.043748, -0.017257, 0.771548, -0.614141, -0.165966, 0.217683, 0.000000, 0.000000, 0.000000, 1.000000, -0.009666, -0.067724, -0.997657, 0.138679, -0.999558, 0.028689, 0.007737, 0.043908, 0.028098, 0.997292, -0.067971, 0.043096, 0.000000, 0.000000, 0.000000, 1.000000
-9.6273, 17.2052, -17.5521, 173.2700, 195.2700, -17.2052, 217.6255, 138.8904, 43.2097, 43.0838, 0.628551, 0.776339, 0.047129, 0.017205, -0.771105, 0.614108, 0.168131, -0.017552, 0.101585, -0.142020, 0.984637, 0.173270, 0.000000, 0.000000, 0.000000, 1.000000, 0.101585, -0.142020, 0.984637, 0.195270, -0.628551, -0.776339, -0.047129, -0.017205, 0.771105, -0.614108, -0.168131, 0.217626, 0.000000, 0.000000, 0.000000, 1.000000, -0.014882, -0.063532, -0.997869, 0.138890, -0.999470, 0.029840, 0.013006, 0.043210, 0.028950, 0.997534, -0.063942, 0.043084, 0.000000, 0.000000, 0.000000, 1.000000
-9.3118, 16.8402, -17.1018, 173.1057, 195.1057, -16.8402, 217.1752, 139.2404, 43.0359, 43.0898, 0.627807, 0.776952, 0.046948, 0.016840, -0.771771, 0.613517, 0.167231, -0.017102, 0.101127, -0.141222, 0.984799, 0.173106, 0.000000, 0.000000, 0.000000, 1.000000, 0.101127, -0.141222, 0.984799, 0.195106, -0.627807, -0.776952, -0.046948, -0.016840, 0.771771, -0.613517, -0.167231, 0.217175, 0.000000, 0.000000, 0.000000, 1.000000, -0.019731, -0.064099, -0.997748, 0.139240, -0.999411, 0.029279, 0.017883, 0.043036, 0.028067, 0.997514, -0.064639, 0.043090, 0.000000, 0.000000, 0.000000, 1.000000
-9.0270, 16.5058, -16.6652, 173.0068, 195.0068, -16.5058, 216.7387, 139.5049, 42.8996, 43.0988, 0.627101, 0.777444, 0.048220, 0.016506, -0.772899, 0.613353, 0.162561, -0.016665, 0.096806, -0.139211, 0.985520, 0.173007, 0.000000, 0.000000, 0.000000, 1.000000, 0.096806, -0.139211, 0.985520, 0.195007, -0.627101, -0.777444, -0.048220, -0.016506, 0.772899, -0.613353, -0.162561, 0.216739, 0.000000, 0.000000, 0.000000, 1.000000, -0.020191, -0.065940, -0.997619, 0.139505, -0.999412, 0.029003, 0.018310, 0.042900, 0.027727, 0.997402, -0.066487, 0.043099, 0.000000, 0.000000, 0.000000, 1.000000
-8.7240, 16.2303, -16.3101, 172.9454, 194.9454, -16.2303, 216.3836, 139.7566, 42.6142, 43.0995, 0.626516, 0.777803, 0.050003, 0.016230, -0.773924, 0.613227, 0.158096, -0.016310, 0.092304, -0.137748, 0.986157, 0.172945, 0.000000, 0.000000, 0.000000, 1.000000, 0.092304, -0.137748, 0.986157, 0.194945, -0.626516, -0.777803, -0.050003, -0.016230, 0.773924, -0.613227, -0.158096, 0.216384, 0.000000, 0.000000, 0.000000, 1.000000, -0.020826, -0.067233, -0.997520, 0.139757, -0.999403, 0.028920, 0.018916, 0.042614, 0.027577, 0.997318, -0.067795, 0.043100, 0.000000, 0.000000, 0.000000, 1.000000
-8.4575, 15.9481, -15.9418, 172.9048, 194.9048, -15.9481, 216.0152, 139.9603, 42.4295, 43.0984, 0.626105, 0.777931, 0.053062, 0.015948, -0.774752, 0.612975, 0.154984, -0.015942, 0.088041, -0.138146, 0.986491, 0.172905, 0.000000, 0.000000, 0.000000, 1.000000, 0.088041, -0.138146, 0.986491, 0.194905, -0.626105, -0.777931, -0.053062, -0.015948, 0.774752, -0.612975, -0.154984, 0.216015, 0.000000, 0.000000, 0.000000, 1.000000, -0.021114, -0.066679, -0.997551, 0.139960, -0.999395, 0.028983, 0.019215, 0.042429, 0.027631, 0.997353, -0.067251, 0.043098, 0.000000, 0.000000, 0.000000, 1.000000
-8.1136, 15.5779, -15.5181, 172.8382, 194.8382, -15.5779, 215.5916, 140.2488, 42.1533, 43.0651, 0.625800, 0.777792, 0.058427, 0.015578, -0.775781, 0.612914, 0.150001, -0.015518, 0.080859, -0.139197, 0.986958, 0.172838, 0.000000, 0.000000, 0.000000, 1.000000, 0.080859, -0.139197, 0.986958, 0.194838, -0.625800, -0.777792, -0.058427, -0.015578, 0.775781, -0.612914, -0.150001, 0.215592, 0.000000, 0.000000, 0.000000, 1.000000, -0.019877, -0.065450, -0.997658, 0.140249, -0.999404, 0.029486, 0.017977, 0.042153, 0.028241, 0.997420, -0.065997, 0.043065, 0.000000, 0.000000, 0.000000, 1.000000
-7.8337, 15.2496, -15.0298, 172.9129, 194.9129, -15.2496, 215.1032, 140.3377, 42.0494, 43.0740, 0.625940, 0.777354, 0.062612, 0.015250, -0.776613, 0.613983, 0.141055, -0.015030, 0.071207, -0.136917, 0.988020, 0.172913, 0.000000, 0.000000, 0.000000, 1.000000, 0.071207, -0.136917, 0.988020, 0.194913, -0.625940, -0.777354, -0.062612, -0.015250, 0.776613, -0.613983, -0.141055, 0.215103, 0.000000, 0.000000, 0.000000, 1.000000, -0.015201, -0.067662, -0.997593, 0.140338, -0.999440, 0.030778, 0.013141, 0.042049, 0.029815, 0.997233, -0.068092, 0.043074, 0.000000, 0.000000, 0.000000, 1.000000
-7.5454, 14.9613, -14.6240, 172.8462, 194.8462, -14.9613, 214.6974, 140.5819, 41.8435, 43.0950, 0.625521, 0.777103, 0.069535, 0.014961, -0.777730, 0.613957, 0.134883, -0.014624, 0.062126, -0.138451, 0.988419, 0.172846, 0.000000, 0.000000, 0.000000, 1.000000, 0.062126, -0.138451, 0.988419, 0.194846, -0.625521, -0.777103, -0.069535, -0.014961, 0.777730, -0.613957, -0.134883, 0.214697, 0.000000, 0.000000, 0.000000, 1.000000, -0.011111, -0.065970, -0.997760, 0.140582, -0.999468, 0.031335, 0.009058, 0.041844, 0.030667, 0.997330, -0.066283, 0.043095, 0.000000, 0.000000, 0.000000, 1.000000
-7.1657, 14.6657, -14.2875, 172.7364, 194.7364, -14.6657, 214.3609, 140.9482, 41.3627, 43.0789, 0.624973, 0.777232, 0.072934, 0.014666, -0.778395, 0.613356, 0.133775, -0.014287, 0.059239, -0.140377, 0.988324, 0.172736, 0.000000, 0.000000, 0.000000, 1.000000, 0.059239, -0.140377, 0.988324, 0.194736, -0.624973, -0.777232, -0.072934, -0.014666, 0.778395, -0.613356, -0.133775, 0.214361, 0.000000, 0.000000, 0.000000, 1.000000, -0.014731, -0.063797, -0.997854, 0.140948, -0.999428, 0.031310, 0.012752, 0.041363, 0.030429, 0.997472, -0.064222, 0.043079, 0.000000, 0.000000, 0.000000, 1.000000
-6.8493, 14.2332, -13.7372, 172.6411, 194.6411, -14.2332, 213.8107, 141.2398, 41.2871, 43.0756, 0.623634, 0.778792, 0.067551, 0.014233, -0.779369, 0.612743, 0.130883, -0.013737, 0.060539, -0.134270, 0.989094, 0.172641, 0.000000, 0.000000, 0.000000, 1.000000, 0.060539, -0.134270, 0.989094, 0.194641, -0.623634, -0.778792, -0.067551, -0.014233, 0.779369, -0.612743, -0.130883, 0.213811, 0.000000, 0.000000, 0.000000, 1.000000, -0.021189, -0.069713, -0.997342, 0.141240, -0.999368, 0.029958, 0.019138, 0.041287, 0.028544, 0.997117, -0.070304, 0.043076, 0.000000, 0.000000, 0.000000, 1.000000
-6.5751, 13.9099, -13.3011, 172.6279, 194.6279, -13.9099, 213.3746, 141.4266, 41.1537, 43.0758, 0.623154, 0.778384, 0.076140, 0.013910, -0.780697, 0.613254, 0.120132, -0.013301, 0.046816, -0.134303, 0.989834, 0.172628, 0.000000, 0.000000, 0.000000, 1.000000, 0.046816, -0.134303, 0.989834, 0.194628, -0.623154, -0.778384, -0.076140, -0.013910, 0.780697, -0.613254, -0.120132, 0.213375, 0.000000, 0.000000, 0.000000, 1.000000, -0.012272, -0.069559, -0.997502, 0.141427, -0.999470, 0.030945, 0.010138, 0.041154, 0.030162, 0.997098, -0.069902, 0.043076, 0.000000, 0.000000, 0.000000, 1.000000
-6.3343, 13.6742, -13.0013, 172.5535, 194.5535, -13.6742, 213.0747, 141.6594, 40.9427, 43.0786, 0.622875, 0.778793, 0.074214, 0.013674, -0.780610, 0.612440, 0.124760, -0.013001, 0.051711, -0.135642, 0.989407, 0.172553, 0.000000, 0.000000, 0.000000, 1.000000, 0.051711, -0.135642, 0.989407, 0.194553, -0.622875, -0.778793, -0.074214, -0.013674, 0.780610, -0.612440, -0.124760, 0.213075, 0.000000, 0.000000, 0.000000, 1.000000, -0.021238, -0.068053, -0.997456, 0.141659, -0.999354, 0.030388, 0.019205, 0.040943, 0.029004, 0.997219, -0.068655, 0.043079, 0.000000, 0.000000, 0.000000, 1.000000
-6.0550, 13.3815, -12.5573, 172.6184, 194.6184, -13.3815, 212.6307, 141.7710, 40.7805, 43.0918, 0.622312, 0.778796, 0.078771, 0.013381, -0.781873, 0.613630, 0.110151, -0.012557, 0.037449, -0.130137, 0.990789, 0.172618, 0.000000, 0.000000, 0.000000, 1.000000, 0.037449, -0.130137, 0.990789, 0.194618, -0.622312, -0.778796, -0.078771, -0.013381, 0.781873, -0.613630, -0.110151, 0.212631, 0.000000, 0.000000, 0.000000, 1.000000, -0.011883, -0.073468, -0.997227, 0.141771, -0.999458, 0.031495, 0.009589, 0.040781, 0.030703, 0.996800, -0.073802, 0.043092, 0.000000, 0.000000, 0.000000, 1.000000
-5.7298, 13.0798, -12.1876, 172.5507, 194.5507, -13.0798, 212.2610, 142.0585, 40.4536, 43.0815, 0.621638, 0.778917, 0.082794, 0.013080, -0.782665, 0.613376, 0.105856, -0.012188, 0.031669, -0.130605, 0.990929, 0.172551, 0.000000, 0.000000, 0.000000, 1.000000, 0.031669, -0.130605, 0.990929, 0.194551, -0.621638, -0.778917, -0.082794, -0.013080, 0.782665, -0.613376, -0.105856, 0.212261, 0.000000, 0.000000, 0.000000, 1.000000, -0.011686, -0.072812, -0.997277, 0.142059, -0.999455, 0.031646, 0.009401, 0.040454, 0.030876, 0.996843, -0.073142, 0.043082, 0.000000, 0.000000, 0.000000, 1.000000
-5.4875, 12.7520, -11.7328, 172.5887, 194.5887, -12.7520, 211.8062, 142.1775, 40.4121, 43.0787, 0.621069, 0.778647, 0.089344, 0.012752, -0.783382, 0.613207, 0.101437, -0.011733, 0.024197, -0.132991, 0.990822, 0.172589, 0.000000, 0.000000, 0.000000, 1.000000, 0.024197, -0.132991, 0.990822, 0.194589, -0.621069, -0.778647, -0.089344, -0.012752, 0.783382, -0.613207, -0.101437, 0.211806, 0.000000, 0.000000, 0.000000, 1.000000, -0.008414, -0.070278, -0.997492, 0.142177, -0.999468, 0.032030, 0.006174, 0.040412, 0.031516, 0.997013, -0.070510, 0.043079, 0.000000, 0.000000, 0.000000, 1.000000
-5.2374, 12.4943, -11.4385, 172.5330, 194.5330, -12.4943, 211.5120, 142.4066, 40.1820, 43.0571, 0.620917, 0.777970, 0.096041, 0.012494, -0.783675, 0.613305, 0.098546, -0.011439, 0.017764, -0.136454, 0.990487, 0.172533, 0.000000, 0.000000, 0.000000, 1.000000, 0.017764, -0.136454, 0.990487, 0.194533, -0.620917, -0.777970, -0.096041, -0.012494, 0.783675, -0.613305, -0.098546, 0.211512, 0.000000, 0.000000, 0.000000, 1.000000, -0.006413, -0.066656, -0.997755, 0.142407, -0.999450, 0.032880, 0.004227, 0.040182, 0.032524, 0.997234, -0.066831, 0.043057, 0.000000, 0.000000, 0.000000, 1.000000
-4.9986, 12.1840, -11.0642, 172.4878, 194.4878, -12.1840, 211.1377, 142.6161, 40.0741, 43.0381, 0.620537, 0.777576, 0.101533, 0.012184, -0.784096, 0.613387, 0.094607, -0.011064, 0.011285, -0.138319, 0.990323, 0.172488, 0.000000, 0.000000, 0.000000, 1.000000, 0.011285, -0.138319, 0.990323, 0.194488, -0.620537, -0.777576, -0.101533, -0.012184, 0.784096, -0.613387, -0.094607, 0.211138, 0.000000, 0.000000, 0.000000, 1.000000, -0.004121, -0.064642, -0.997900, 0.142616, -0.999437, 0.033482, 0.001958, 0.040074, 0.033285, 0.997347, -0.064744, 0.043038, 0.000000, 0.000000, 0.000000, 1.000000
-4.7268, 11.9182, -10.6930, 172.4563, 194.4563, -11.9182, 210.7664, 142.8300, 39.8540, 43.0499, 0.620173, 0.778102, 0.099712, 0.011918, -0.784391, 0.613336, 0.092466, -0.010693, 0.010791, -0.135558, 0.990711, 0.172456, 0.000000, 0.000000, 0.000000, 1.000000, 0.010791, -0.135558, 0.990711, 0.194456, -0.620173, -0.778102, -0.099712, -0.011918, 0.784391, -0.613336, -0.092466, 0.210766, 0.000000, 0.000000, 0.000000, 1.000000, -0.008283, -0.067263, -0.997701, 0.142830, -0.999423, 0.033409, 0.006045, 0.039854, 0.032926, 0.997176, -0.067501, 0.043050, 0.000000, 0.000000, 0.000000, 1.000000
-4.4576, 11.6600, -10.3871, 172.4040, 194.4040, -11.6600, 210.4606, 143.0704, 39.5823, 43.0339, 0.619751, 0.777290, 0.108300, 0.011660, -0.784792, 0.613293, 0.089289, -0.010387, 0.002983, -0.140330, 0.990100, 0.172404, 0.000000, 0.000000, 0.000000, 1.000000, 0.002983, -0.140330, 0.990100, 0.194404, -0.619751, -0.777290, -0.108300, -0.011660, 0.784792, -0.613293, -0.089289, 0.210461, 0.000000, 0.000000, 0.000000, 1.000000, -0.005214, -0.062297, -0.998044, 0.143070, -0.999411, 0.034192, 0.003087, 0.039582, 0.033933, 0.997472, -0.062438, 0.043034, 0.000000, 0.000000, 0.000000, 1.000000
-4.2506, 11.4017, -9.9447, 172.4881, 194.4881, -11.4017, 210.0181, 143.1187, 39.5747, 43.0695, 0.618427, 0.779703, 0.098037, 0.011402, -0.785824, 0.612727, 0.083949, -0.009945, 0.005385, -0.128956, 0.991636, 0.172488, 0.000000, 0.000000, 0.000000, 1.000000, 0.005385, -0.128956, 0.991636, 0.194488, -0.618427, -0.779703, -0.098037, -0.011402, 0.785824, -0.612727, -0.083949, 0.210018, 0.000000, 0.000000, 0.000000, 1.000000, -0.010839, -0.073636, -0.997226, 0.143119, -0.999435, 0.032518, 0.008462, 0.039575, 0.031805, 0.996755, -0.073947, 0.043069, 0.000000, 0.000000, 0.000000, 1.000000
-3.9502, 11.1614, -9.6700, 172.3866, 194.3866, -11.1614, 209.7435, 143.4314, 39.1871, 43.0594, 0.618420, 0.778578, 0.106647, 0.011161, -0.785847, 0.612804, 0.083158, -0.009670, -0.000609, -0.135235, 0.990813, 0.172387, 0.000000, 0.000000, 0.000000, 1.000000, -0.000609, -0.135235, 0.990813, 0.194387, -0.618420, -0.778578, -0.106647, -0.011161, 0.785847, -0.612804, -0.083158, 0.209743, 0.000000, 0.000000, 0.000000, 1.000000, -0.010203, -0.067138, -0.997691, 0.143431, -0.999404, 0.033605, 0.007959, 0.039187, 0.032993, 0.997178, -0.067441, 0.043059, 0.000000, 0.000000, 0.000000, 1.000000
-3.6565, 10.8235, -9.2696, 172.3939, 194.3939, -10.8235, 209.3431, 143.6353, 38.9740, 43.0233, 0.617197, 0.778463, 0.114296, 0.010824, -0.786744, 0.612464, 0.076953, -0.009270, -0.010097, -0.137417, 0.990462, 0.172394, 0.000000, 0.000000, 0.000000, 1.000000, -0.010097, -0.137417, 0.990462, 0.194394, -0.617197, -0.778463, -0.114296, -0.010824, 0.786744, -0.612464, -0.076953, 0.209343, 0.000000, 0.000000, 0.000000, 1.000000, -0.005729, -0.064771, -0.997884, 0.143635, -0.999425, 0.033721, 0.003549, 0.038974, 0.033419, 0.997330, -0.064927, 0.043023, 0.000000, 0.000000, 0.000000, 1.000000
-3.4464, 10.5408, -8.8463, 172.3918, 194.3918, -10.5408, 208.9197, 143.7812, 38.9558, 43.0459, 0.616456, 0.780103, 0.106868, 0.010541, -0.787343, 0.612189, 0.072912, -0.008846, -0.008545, -0.129089, 0.991596, 0.172392, 0.000000, 0.000000, 0.000000, 1.000000, -0.008545, -0.129089, 0.991596, 0.194392, -0.616456, -0.780103, -0.106868, -0.010541, 0.787343, -0.612189, -0.072912, 0.208920, 0.000000, 0.000000, 0.000000, 1.000000, -0.010721, -0.073052, -0.997270, 0.143781, -0.999425, 0.032873, 0.008337, 0.038956, 0.032174, 0.996786, -0.073362, 0.043046, 0.000000, 0.000000, 0.000000, 1.000000
-3.1276, 10.3199, -8.6024, 172.3448, 194.3448, -10.3199, 208.6759, 144.0546, 38.4815, 43.0223, 0.616665, 0.778430, 0.117348, 0.010320, -0.787064, 0.612673, 0.071850, -0.008602, -0.015966, -0.136668, 0.990488, 0.172345, 0.000000, 0.000000, 0.000000, 1.000000, -0.015966, -0.136668, 0.990488, 0.194345, -0.616665, -0.778430, -0.117348, -0.010320, 0.787064, -0.612673, -0.071850, 0.208676, 0.000000, 0.000000, 0.000000, 1.000000, -0.009080, -0.065207, -0.997830, 0.144055, -0.999381, 0.034516, 0.006839, 0.038482, 0.033996, 0.997275, -0.065480, 0.043022, 0.000000, 0.000000, 0.000000, 1.000000
-2.8617, 10.0036, -8.1477, 172.3698, 194.3698, -10.0036, 208.2212, 144.2171, 38.3669, 43.0312, 0.615198, 0.779679, 0.116754, 0.010004, -0.788080, 0.612224, 0.064122, -0.008148, -0.021485, -0.131459, 0.991089, 0.172370, 0.000000, 0.000000, 0.000000, 1.000000, -0.021485, -0.131459, 0.991089, 0.194370, -0.615198, -0.779679, -0.116754, -0.010004, 0.788080, -0.612224, -0.064122, 0.208221, 0.000000, 0.000000, 0.000000, 1.000000, -0.007953, -0.070321, -0.997493, 0.144217, -0.999412, 0.033838, 0.005582, 0.038367, 0.033361, 0.996950, -0.070549, 0.043031, 0.000000, 0.000000, 0.000000, 1.000000
-2.5754, 9.7402, -7.7795, 172.3501, 194.3501, -9.7402, 207.8530, 144.4379, 38.0979, 43.0406, 0.614150, 0.780309, 0.118056, 0.009740, -0.788719, 0.612039, 0.057707, -0.007780, -0.027225, -0.128554, 0.991329, 0.172350, 0.000000, 0.000000, 0.000000, 1.000000, -0.027225, -0.128554, 0.991329, 0.194350, -0.614150, -0.780309, -0.118056, -0.009740, 0.788719, -0.612039, -0.057707, 0.207853, 0.000000, 0.000000, 0.000000, 1.000000, -0.007077, -0.073091, -0.997300, 0.144438, -0.999420, 0.033748, 0.004619, 0.038098, 0.033319, 0.996754, -0.073287, 0.043041, 0.000000, 0.000000, 0.000000, 1.000000
-2.3021, 9.3400, -7.3450, 172.1920, 194.1920, -9.3400, 207.4184, 144.8052, 37.9898, 43.0085, 0.613231, 0.777997, 0.136633, 0.009340, -0.788692, 0.612638, 0.051374, -0.007345, -0.043738, -0.139265, 0.989289, 0.172192, 0.000000, 0.000000, 0.000000, 1.000000, -0.043738, -0.139265, 0.989289, 0.194192, -0.613231, -0.777997, -0.136633, -0.009340, 0.788692, -0.612638, -0.051374, 0.207418, 0.000000, 0.000000, 0.000000, 1.000000, 0.004484, -0.062079, -0.998061, 0.144805, -0.999344, 0.035591, -0.006704, 0.037990, 0.035939, 0.997436, -0.061879, 0.043008, 0.000000, 0.000000, 0.000000, 1.000000
-2.0272, 9.0716, -6.9702, 172.1917, 194.1917, -9.0716, 207.0437, 145.0024, 37.7554, 43.0138, 0.612559, 0.778365, 0.137548, 0.009072, -0.788866, 0.612945, 0.044587, -0.006970, -0.049605, -0.135819, 0.989491, 0.172192, 0.000000, 0.000000, 0.000000, 1.000000, -0.049605, -0.135819, 0.989491, 0.194192, -0.612559, -0.778365, -0.137548, -0.009072, 0.788866, -0.612945, -0.044587, 0.207044, 0.000000, 0.000000, 0.000000, 1.000000, 0.005571, -0.065376, -0.997845, 0.145002, -0.999319, 0.036048, -0.007941, 0.037755, 0.036489, 0.997209, -0.065131, 0.043014, 0.000000, 0.000000, 0.000000, 1.000000
-1.7444, 8.7799, -6.6144, 172.1628, 194.1628, -8.7799, 206.6878, 145.2398, 37.4970, 42.9957, 0.612143, 0.777346, 0.144960, 0.008780, -0.789210, 0.612023, 0.050745, -0.006614, -0.049273, -0.145467, 0.988135, 0.172163, 0.000000, 0.000000, 0.000000, 1.000000, -0.049273, -0.145467, 0.988135, 0.194163, -0.612143, -0.777346, -0.144960, -0.008780, 0.789210, -0.612023, -0.050745, 0.206688, 0.000000, 0.000000, 0.000000, 1.000000, 0.000422, -0.055487, -0.998459, 0.145240, -0.999356, 0.035815, -0.002413, 0.037497, 0.035893, 0.997817, -0.055436, 0.042996, 0.000000, 0.000000, 0.000000, 1.000000
-1.4049, 8.4854, -6.1786, 172.2253, 194.2253, -8.4854, 206.2520, 145.4197, 37.1641, 43.0032, 0.611323, 0.778806, 0.140519, 0.008485, -0.789696, 0.611910, 0.044123, -0.006179, -0.051622, -0.137940, 0.989094, 0.172225, 0.000000, 0.000000, 0.000000, 1.000000, -0.051622, -0.137940, 0.989094, 0.194225, -0.611323, -0.778806, -0.140519, -0.008485, 0.789696, -0.611910, -0.044123, 0.206252, 0.000000, 0.000000, 0.000000, 1.000000, -0.003006, -0.062907, -0.998015, 0.145420, -0.999367, 0.035556, 0.000769, 0.037164, 0.035437, 0.997386, -0.062974, 0.043003, 0.000000, 0.000000, 0.000000, 1.000000
-1.0545, 8.1475, -5.7144, 172.2664, 194.2664, -8.1475, 205.7878, 145.6349, 36.8496, 42.9972, 0.610181, 0.779072, 0.143967, 0.008147, -0.790041, 0.611938, 0.036979, -0.005714, -0.059289, -0.136304, 0.988891, 0.172266, 0.000000, 0.000000, 0.000000, 1.000000, -0.059289, -0.136304, 0.988891, 0.194266, -0.610181, -0.779072, -0.143967, -0.008147, 0.790041, -0.611938, -0.036979, 0.205788, 0.000000, 0.000000, 0.000000, 1.000000, -0.001371, -0.064343, -0.997927, 0.145635, -0.999355, 0.035893, -0.000941, 0.036850, 0.035880, 0.997282, -0.064351, 0.042997, 0.000000, 0.000000, 0.000000, 1.000000
-0.7934, 7.7386, -5.2690, 172.1099, 194.1099, -7.7386, 205.3424, 146.0031, 36.7758, 42.9642, 0.608870, 0.777466, 0.157557, 0.007739, -0.790505, 0.611227, 0.038758, -0.005269, -0.066170, -0.148148, 0.986749, 0.172110, 0.000000, 0.000000, 0.000000, 1.000000, -0.066170, -0.148148, 0.986749, 0.194110, -0.608870, -0.777466, -0.157557, -0.007739, 0.790505, -0.611227, -0.038758, 0.205342, 0.000000, 0.000000, 0.000000, 1.000000, 0.001095, -0.052231, -0.998634, 0.146003, -0.999353, 0.035856, -0.002971, 0.036776, 0.035962, 0.997991, -0.052158, 0.042964, 0.000000, 0.000000, 0.000000, 1.000000
-0.5177, 7.4817, -4.8666, 172.1538, 194.1538, -7.4817, 204.9400, 146.1597, 36.5515, 42.9857, 0.608361, 0.778521, 0.154281, 0.007482, -0.790649, 0.611410, 0.032433, -0.004867, -0.069080, -0.141713, 0.987495, 0.172154, 0.000000, 0.000000, 0.000000, 1.000000, -0.069080, -0.141713, 0.987495, 0.194154, -0.608361, -0.778521, -0.154281, -0.007482, 0.790649, -0.611410, -0.032433, 0.204940, 0.000000, 0.000000, 0.000000, 1.000000, -0.000759, -0.058572, -0.998283, 0.146160, -0.999349, 0.036045, -0.001355, 0.036551, 0.036062, 0.997632, -0.058561, 0.042986, 0.000000, 0.000000, 0.000000, 1.000000
-0.2591, 7.1736, -4.5187, 172.0748, 194.0748, -7.1736, 204.5921, 146.4406, 36.3472, 42.9601, 0.607165, 0.777498, 0.163855, 0.007174, -0.790839, 0.611297, 0.029828, -0.004519, -0.076973, -0.147694, 0.986033, 0.172075, 0.000000, 0.000000, 0.000000, 1.000000, -0.076973, -0.147694, 0.986033, 0.194075, -0.607165, -0.777498, -0.163855, -0.007174, 0.790839, -0.611297, -0.029828, 0.204592, 0.000000, 0.000000, 0.000000, 1.000000, 0.002697, -0.052350, -0.998625, 0.146441, -0.999326, 0.036407, -0.004608, 0.036347, 0.036599, 0.997965, -0.052216, 0.042960, 0.000000, 0.000000, 0.000000, 1.000000
0.0525, 6.9189, -4.1522, 172.1121, 194.1121, -6.9189, 204.2257, 146.6304, 35.9982, 42.9640, 0.607287, 0.777840, 0.161764, 0.006919, -0.790945, 0.611111, 0.030817, -0.004152, -0.074885, -0.146661, 0.986348, 0.172112, 0.000000, 0.000000, 0.000000, 1.000000, -0.074885, -0.146661, 0.986348, 0.194112, -0.607287, -0.777840, -0.161764, -0.006919, 0.790945, -0.611111, -0.030817, 0.204226, 0.000000, 0.000000, 0.000000, 1.000000, -0.004795, -0.053219, -0.998571, 0.146630, -0.999333, 0.036416, 0.002858, 0.035998, 0.036211, 0.997919, -0.053358, 0.042964, 0.000000, 0.000000, 0.000000, 1.000000
0.3417, 6.5190, -3.7486, 171.9521, 193.9521, -6.5190, 203.8221, 147.0276, 35.8044, 42.9145, 0.605159, 0.776263, 0.176633, 0.006519, -0.791264, 0.610917, 0.026090, -0.003749, -0.087655, -0.155552, 0.983931, 0.171952, 0.000000, 0.000000, 0.000000, 1.000000, -0.087655, -0.155552, 0.983931, 0.193952, -0.605159, -0.776263, -0.176633, -0.006519, 0.791264, -0.610917, -0.026090, 0.203822, 0.000000, 0.000000, 0.000000, 1.000000, 0.003092, -0.044014, -0.999026, 0.147028, -0.999313, 0.036749, -0.004712, 0.035804, 0.036920, 0.998355, -0.043870, 0.042914, 0.000000, 0.000000, 0.000000, 1.000000
0.6177, 6.2833, -3.3427, 172.0517, 194.0517, -6.2833, 203.4161, 147.1301, 35.5700, 42.9436, 0.604432, 0.777755, 0.172512, 0.006283, -0.791517, 0.610841, 0.019323, -0.003343, -0.090349, -0.148226, 0.984818, 0.172052, 0.000000, 0.000000, 0.000000, 1.000000, -0.090349, -0.148226, 0.984818, 0.194052, -0.604432, -0.777755, -0.172512, -0.006283, 0.791517, -0.610841, -0.019323, 0.203416, 0.000000, 0.000000, 0.000000, 1.000000, 0.001075, -0.051299, -0.998683, 0.147130, -0.999324, 0.036638, -0.002958, 0.035570, 0.036741, 0.998011, -0.051225, 0.042944, 0.000000, 0.000000, 0.000000, 1.000000
0.9690, 5.9719, -2.9159, 172.1105, 194.1105, -5.9719, 202.9894, 147.3352, 35.1986, 42.9333, 0.603077, 0.778092, 0.175700, 0.005972, -0.791879, 0.610509, 0.014410, -0.002916, -0.096054, -0.147823, 0.984338, 0.172111, 0.000000, 0.000000, 0.000000, 1.000000, -0.096054, -0.147823, 0.984338, 0.194111, -0.603077, -0.778092, -0.175700, -0.005972, 0.791879, -0.610509, -0.014410, 0.202989, 0.000000, 0.000000, 0.000000, 1.000000, 0.000820, -0.051524, -0.998671, 0.147335, -0.999329, 0.036521, -0.002705, 0.035199, 0.036612, 0.998004, -0.051459, 0.042933, 0.000000, 0.000000, 0.000000, 1.000000
1.2929, 5.6015, -2.4506, 172.0623, 194.0624, -5.6015, 202.5241, 147.6402, 34.9519, 42.9204, 0.602702, 0.777317, 0.180357, 0.005602, -0.791953, 0.610376, 0.015835, -0.002451, -0.097777, -0.152378, 0.983474, 0.172062, 0.000000, 0.000000, 0.000000, 1.000000, -0.097777, -0.152378, 0.983474, 0.194062, -0.602702, -0.777317, -0.180357, -0.005602, 0.791953, -0.610376, -0.015835, 0.202524, 0.000000, 0.000000, 0.000000, 1.000000, -0.003064, -0.046701, -0.998904, 0.147640, -0.999325, 0.036721, 0.001348, 0.034952, 0.036618, 0.998234, -0.046782, 0.042920, 0.000000, 0.000000, 0.000000, 1.000000
1.5812, 5.2852, -1.9920, 172.0794, 194.0794, -5.2852, 202.0654, 147.8502, 34.7649, 42.9330, 0.601228, 0.777552, 0.184221, 0.005285, -0.791950, 0.610538, 0.007694, -0.001992, -0.106491, -0.150519, 0.982855, 0.172079, 0.000000, 0.000000, 0.000000, 1.000000, -0.106491, -0.150519, 0.982855, 0.194079, -0.601228, -0.777552, -0.184221, -0.005285, 0.791950, -0.610538, -0.007694, 0.202065, 0.000000, 0.000000, 0.000000, 1.000000, 0.000726, -0.048385, -0.998829, 0.147850, -0.999307, 0.037135, -0.002525, 0.034765, 0.037214, 0.998138, -0.048325, 0.042933, 0.000000, 0.000000, 0.000000, 1.000000
1.8479, 4.9718, -1.6211, 172.0932, 194.0932, -4.9718, 201.6945, 148.0545, 34.5587, 42.8978, 0.601203, 0.776257, 0.189685, 0.004972, -0.792161, 0.610156, 0.013768, -0.001621, -0.105050, -0.158539, 0.981748, 0.172093, 0.000000, 0.000000, 0.000000, 1.000000, -0.105050, -0.158539, 0.981748, 0.194093, -0.601203, -0.776257, -0.189685, -0.004972, 0.792161, -0.610156, -0.013768, 0.201695, 0.000000, 0.000000, 0.000000, 1.000000, -0.005317, -0.040098, -0.999182, 0.148055, -0.999309, 0.036963, 0.003835, 0.034559, 0.036779, 0.998512, -0.040267, 0.042898, 0.000000, 0.000000, 0.000000, 1.000000
2.1298, 4.7198, -1.2306, 172.2076, 194.2076, -4.7198, 201.3040, 148.1568, 34.3040, 42.9022, 0.600507, 0.777404, 0.187175, 0.004720, -0.792543, 0.609729, 0.010269, -0.001231, -0.106142, -0.154511, 0.982273, 0.172208, 0.000000, 0.000000, 0.000000, 1.000000, -0.106142, -0.154511, 0.982273, 0.194208, -0.600507, -0.777404, -0.187175, -0.004720, 0.792543, -0.609729, -0.010269, 0.201304, 0.000000, 0.000000, 0.000000, 1.000000, -0.009001, -0.044084, -0.998987, 0.148157, -0.999303, 0.036590, 0.007389, 0.034304, 0.036227, 0.998357, -0.044383, 0.042902, 0.000000, 0.000000, 0.000000, 1.000000
2.3801, 4.4001, -0.8251, 172.2348, 194.2348, -4.4001, 200.8985, 148.3414, 34.1719, 42.8794, 0.598817, 0.778092, 0.189712, 0.004400, -0.792515, 0.609853, 0.000263, -0.000825, -0.115491, -0.150507, 0.981840, 0.172235, 0.000000, 0.000000, 0.000000, 1.000000, -0.115491, -0.150507, 0.981840, 0.194235, -0.598817, -0.778092, -0.189712, -0.004400, 0.792515, -0.609853, -0.000263, 0.200899, 0.000000, 0.000000, 0.000000, 1.000000, -0.003883, -0.047981, -0.998841, 0.148341, -0.999315, 0.036938, 0.002110, 0.034172, 0.036794, 0.998165, -0.048092, 0.042879, 0.000000, 0.000000, 0.000000, 1.000000
2.6675, 4.1469, -0.4303, 172.2459, 194.2459, -4.1469, 200.5037, 148.5501, 33.8942, 42.9061, 0.597791, 0.778331, 0.191953, 0.004147, -0.792498, 0.609855, -0.004797, -0.000430, -0.120797, -0.149254, 0.981392, 0.172246, 0.000000, 0.000000, 0.000000, 1.000000, -0.120797, -0.149254, 0.981392, 0.194246, -0.597791, -0.778331, -0.191953, -0.004147, 0.792498, -0.609855, 0.004797, 0.200504, 0.000000, 0.000000, 0.000000, 1.000000, -0.003498, -0.049069, -0.998789, 0.148550, -0.999307, 0.037190, 0.001673, 0.033894, 0.037062, 0.998103, -0.049165, 0.042906, 0.000000, 0.000000, 0.000000, 1.000000
2.9360, 3.8884, -0.0687, 172.2833, 194.2833, -3.8884, 200.1421, 148.7249, 33.6436, 42.9041, 0.596455, 0.778471, 0.195510, 0.003888, -0.792716, 0.609530, -0.008603, -0.000069, -0.125866, -0.149853, 0.980664, 0.172283, 0.000000, 0.000000, 0.000000, 1.000000, -0.125866, -0.149853, 0.980664, 0.194283, -0.596455, -0.778471, -0.195510, -0.003888, 0.792716, -0.609530, 0.008603, 0.200142, 0.000000, 0.000000, 0.000000, 1.000000, -0.002937, -0.048339, -0.998827, 0.148725, -0.999315, 0.037001, 0.001148, 0.033644, 0.036902, 0.998145, -0.048415, 0.042904, 0.000000, 0.000000, 0.000000, 1.000000
3.2410, 3.6619, 0.2119, 172.3105, 194.3105, -3.6619, 199.8615, 148.9253, 33.2117, 42.8825, 0.595840, 0.778334, 0.197915, 0.003662, -0.792927, 0.609253, -0.008814, 0.000212, -0.127441, -0.151681, 0.980180, 0.172310, 0.000000, 0.000000, 0.000000, 1.000000, -0.127441, -0.151681, 0.980180, 0.194310, -0.595840, -0.778334, -0.197915, -0.003662, 0.792927, -0.609253, 0.008814, 0.199862, 0.000000, 0.000000, 0.000000, 1.000000, -0.006578, -0.046331, -0.998905, 0.148925, -0.999308, 0.036877, 0.004870, 0.033212, 0.036611, 0.998245, -0.046541, 0.042883, 0.000000, 0.000000, 0.000000, 1.000000
3.5154, 3.2923, 0.6835, 172.2738, 194.2738, -3.2923, 199.3900, 149.2023, 33.0863, 42.8715, 0.594620, 0.777617, 0.204303, 0.003292, -0.793060, 0.609061, -0.010019, 0.000683, -0.132224, -0.156067, 0.978856, 0.172274, 0.000000, 0.000000, 0.000000, 1.000000, -0.132224, -0.156067, 0.978856, 0.194274, -0.594620, -0.777617, -0.204303, -0.003292, 0.793060, -0.609061, 0.010019, 0.199390, 0.000000, 0.000000, 0.000000, 1.000000, -0.006427, -0.041722, -0.999109, 0.149202, -0.999312, 0.036770, 0.004893, 0.033086, 0.036533, 0.998452, -0.041929, 0.042871, 0.000000, 0.000000, 0.000000, 1.000000
3.7707, 3.0341, 1.0529, 172.3488, 194.3488, -3.0341, 199.0205, 149.3358, 32.8779, 42.8667, 0.594196, 0.777730, 0.205103, 0.003034, -0.792878, 0.609238, -0.013153, 0.001053, -0.135186, -0.154807, 0.978652, 0.172349, 0.000000, 0.000000, 0.000000, 1.000000, -0.135186, -0.154807, 0.978652, 0.194349, -0.594196, -0.777730, -0.205103, -0.003034, 0.792878, -0.609238, 0.013153, 0.199021, 0.000000, 0.000000, 0.000000, 1.000000, -0.007905, -0.042809, -0.999052, 0.149336, -0.999288, 0.037206, 0.006312, 0.032878, 0.036900, 0.998390, -0.043073, 0.042867, 0.000000, 0.000000, 0.000000, 1.000000
4.0702, 2.7706, 1.4480, 172.3871, 194.3871, -2.7706, 198.6254, 149.5323, 32.5725, 42.8800, 0.593043, 0.778704, 0.204745, 0.002771, -0.792868, 0.609068, -0.019923, 0.001448, -0.140218, -0.150521, 0.978613, 0.172387, 0.000000, 0.000000, 0.000000, 1.000000, -0.140218, -0.150521, 0.978613, 0.194387, -0.593043, -0.778704, -0.204745, -0.002771, 0.792868, -0.609068, 0.019923, 0.198625, 0.000000, 0.000000, 0.000000, 1.000000, -0.007967, -0.047007, -0.998863, 0.149532, -0.999283, 0.037344, 0.006213, 0.032572, 0.037010, 0.998196, -0.047271, 0.042880, 0.000000, 0.000000, 0.000000, 1.000000
4.3317, 2.4482, 1.8465, 172.3427, 194.3427, -2.4482, 198.2269, 149.8030, 32.3891, 42.8653, 0.591809, 0.777577, 0.212450, 0.002448, -0.793062, 0.608839, -0.019196, 0.001847, -0.144274, -0.157126, 0.976983, 0.172343, 0.000000, 0.000000, 0.000000, 1.000000, -0.144274, -0.157126, 0.976983, 0.194343, -0.591809, -0.777577, -0.212450, -0.002448, 0.793062, -0.608839, 0.019196, 0.198227, 0.000000, 0.000000, 0.000000, 1.000000, -0.008292, -0.040159, -0.999159, 0.149803, -0.999290, 0.037045, 0.006804, 0.032389, 0.036740, 0.998506, -0.040438, 0.042865, 0.000000, 0.000000, 0.000000, 1.000000
4.5958, 2.2259, 2.1779, 172.5154, 194.5154, -2.2259, 197.8955, 149.8410, 32.1187, 42.8471, 0.590981, 0.778313, 0.212062, 0.002226, -0.793273, 0.608453, -0.022435, 0.002178, -0.146491, -0.154964, 0.976999, 0.172515, 0.000000, 0.000000, 0.000000, 1.000000, -0.146491, -0.154964, 0.976999, 0.194515, -0.590981, -0.778313, -0.212062, -0.002226, 0.793273, -0.608453, 0.022435, 0.197896, 0.000000, 0.000000, 0.000000, 1.000000, -0.010546, -0.042267, -0.999051, 0.149841, -0.999281, 0.036825, 0.008990, 0.032119, 0.036410, 0.998427, -0.042625, 0.042847, 0.000000, 0.000000, 0.000000, 1.000000
4.9513, 1.9646, 2.5290, 172.5015, 194.5015, -1.9646, 197.5445, 150.1210, 31.6182, 42.8472, 0.589963, 0.778114, 0.215597, 0.001965, -0.793178, 0.608455, -0.025517, 0.002529, -0.151036, -0.155953, 0.976149, 0.172502, 0.000000, 0.000000, 0.000000, 1.000000, -0.151036, -0.155953, 0.976149, 0.194502, -0.589963, -0.778114, -0.215597, -0.001965, 0.793178, -0.608455, 0.025517, 0.197544, 0.000000, 0.000000, 0.000000, 1.000000, -0.012091, -0.041032, -0.999085, 0.150121, -0.999258, 0.037043, 0.010572, 0.031618, 0.036576, 0.998471, -0.041449, 0.042847, 0.000000, 0.000000, 0.000000, 1.000000
5.2084, 1.6478, 3.0041, 172.6506, 194.6506, -1.6478, 197.0693, 150.2052, 31.5319, 42.8424, 0.589594, 0.778020, 0.216942, 0.001648, -0.793132, 0.608468, -0.026616, 0.003004, -0.152710, -0.156371, 0.975822, 0.172651, 0.000000, 0.000000, 0.000000, 1.000000, -0.152710, -0.156371, 0.975822, 0.194651, -0.589594, -0.778020, -0.216942, -0.001648, 0.793132, -0.608468, 0.026616, 0.197069, 0.000000, 0.000000, 0.000000, 1.000000, -0.014861, -0.040437, -0.999072, 0.150205, -0.999218, 0.037223, 0.013357, 0.031532, 0.036648, 0.998489, -0.040958, 0.042842, 0.000000, 0.000000, 0.000000, 1.000000
5.4266, 1.3345, 3.4576, 172.7046, 194.7046, -1.3345, 196.6158, 150.3609, 31.5124, 42.8470, 0.587420, 0.779263, 0.218371, 0.001334, -0.792583, 0.608492, -0.039364, 0.003458, -0.163552, -0.149954, 0.975072, 0.172705, 0.000000, 0.000000, 0.000000, 1.000000, -0.163552, -0.149954, 0.975072, 0.194705, -0.587420, -0.779263, -0.218371, -0.001334, 0.792583, -0.608492, 0.039364, 0.196616, 0.000000, 0.000000, 0.000000, 1.000000, -0.007624, -0.046814, -0.998875, 0.150361, -0.999270, 0.037752, 0.005858, 0.031512, 0.037436, 0.998190, -0.047067, 0.042847, 0.000000, 0.000000, 0.000000, 1.000000
5.6714, 1.1228, 3.7486, 172.7698, 194.7698, -1.1228, 196.3249, 150.4926, 31.2354, 42.8354, 0.586892, 0.779120, 0.220295, 0.001123, -0.792816, 0.608216, -0.038928, 0.003749, -0.164316, -0.151807, 0.974656, 0.172770, 0.000000, 0.000000, 0.000000, 1.000000, -0.164316, -0.151807, 0.974656, 0.194770, -0.586892, -0.779120, -0.220295, -0.001123, 0.792816, -0.608216, 0.038928, 0.196325, 0.000000, 0.000000, 0.000000, 1.000000, -0.011022, -0.044832, -0.998934, 0.150493, -0.999253, 0.037495, 0.009343, 0.031235, 0.037037, 0.998291, -0.045212, 0.042835, 0.000000, 0.000000, 0.000000, 1.000000
5.9071, 0.9124, 4.0306, 172.7980, 194.7980, -0.9124, 196.0429, 150.6562, 30.9669, 42.8276, 0.586312, 0.778933, 0.222490, 0.000912, -0.792936, 0.608044, -0.039181, 0.004031, -0.165803, -0.153448, 0.974147, 0.172798, 0.000000, 0.000000, 0.000000, 1.000000, -0.165803, -0.153448, 0.974147, 0.194798, -0.586312, -0.778933, -0.222490, -0.000912, 0.792936, -0.608044, 0.039181, 0.196043, 0.000000, 0.000000, 0.000000, 1.000000, -0.013550, -0.043053, -0.998981, 0.150656, -0.999230, 0.037360, 0.011943, 0.030967, 0.036808, 0.998374, -0.043526, 0.042828, 0.000000, 0.000000, 0.000000, 1.000000
6.2084, 0.6526, 4.4069, 172.8859, 194.8859, -0.6526, 195.6666, 150.8121, 30.6400, 42.8229, 0.585158, 0.779628, 0.223094, 0.000653, -0.792795, 0.607844, -0.044739, 0.004407, -0.170486, -0.150689, 0.973770, 0.172886, 0.000000, 0.000000, 0.000000, 1.000000, -0.170486, -0.150689, 0.973770, 0.194886, -0.585158, -0.779628, -0.223094, -0.000653, 0.792795, -0.607844, 0.044739, 0.195667, 0.000000, 0.000000, 0.000000, 1.000000, -0.013980, -0.045706, -0.998857, 0.150812, -0.999220, 0.037525, 0.012268, 0.030640, 0.036922, 0.998250, -0.046195, 0.042823, 0.000000, 0.000000, 0.000000, 1.000000
6.4606, 0.3089, 4.7702, 172.8092, 194.8092, -0.3089, 195.3032, 151.1234, 30.4474, 42.7777, 0.583988, 0.777522, 0.233275, 0.000309, -0.793058, 0.607800, -0.040476, 0.004770, -0.173255, -0.161363, 0.971568, 0.172809, 0.000000, 0.000000, 0.000000, 1.000000, -0.173255, -0.161363, 0.971568, 0.194809, -0.583988, -0.777522, -0.233275, -0.000309, 0.793058, -0.607800, 0.040476, 0.195303, 0.000000, 0.000000, 0.000000, 1.000000, -0.015407, -0.034700, -0.999279, 0.151123, -0.999218, 0.036920, 0.014124, 0.030447, 0.036403, 0.998716, -0.035242, 0.042778, 0.000000, 0.000000, 0.000000, 1.000000
6.7373, 0.1574, 5.1022, 172.9880, 194.9880, -0.1574, 194.9713, 151.1497, 30.1043, 42.8145, 0.583030, 0.779275, 0.229795, 0.000157, -0.792349, 0.607915, -0.051217, 0.005102, -0.179608, -0.152217, 0.971891, 0.172988, 0.000000, 0.000000, 0.000000, 1.000000, -0.179608, -0.152217, 0.971891, 0.194988, -0.583030, -0.779275, -0.229795, -0.000157, 0.792349, -0.607915, 0.051217, 0.194971, 0.000000, 0.000000, 0.000000, 1.000000, -0.013836, -0.043790, -0.998945, 0.151150, -0.999207, 0.037911, 0.012178, 0.030104, 0.037338, 0.998321, -0.044280, 0.042814, 0.000000, 0.000000, 0.000000, 1.000000
7.0315, -0.1598, 5.4915, 172.9131, 194.9131, 0.1598, 194.5819, 151.4768, 29.8047, 42.8048, 0.581490, 0.778639, 0.235776, -0.000160, -0.792234, 0.607862, -0.053564, 0.005492, -0.185026, -0.155642, 0.970330, 0.172913, 0.000000, 0.000000, 0.000000, 1.000000, -0.185026, -0.155642, 0.970330, 0.194913, -0.581490, -0.778639, -0.235776, 0.000160, 0.792234, -0.607862, 0.053564, 0.194582, 0.000000, 0.000000, 0.000000, 1.000000, -0.013334, -0.040132, -0.999105, 0.151477, -0.999216, 0.037789, 0.011818, 0.029805, 0.037280, 0.998480, -0.040604, 0.042805, 0.000000, 0.000000, 0.000000, 1.000000
7.3233, -0.4759, 5.9235, 173.0063, 195.0063, 0.4759, 194.1499, 151.6438, 29.5757, 42.7869, 0.579684, 0.778801, 0.239657, -0.000476, -0.792404, 0.607333, -0.056943, 0.005924, -0.189899, -0.156897, 0.969186, 0.173006, 0.000000, 0.000000, 0.000000, 1.000000, -0.189899, -0.156897, 0.969186, 0.195006, -0.579684, -0.778801, -0.239657, 0.000476, 0.792404, -0.607333, 0.056943, 0.194150, 0.000000, 0.000000, 0.000000, 1.000000, -0.013252, -0.038803, -0.999159, 0.151644, -0.999237, 0.037227, 0.011808, 0.029576, 0.036737, 0.998553, -0.039267, 0.042787, 0.000000, 0.000000, 0.000000, 1.000000
7.5874, -0.7720, 6.3961, 173.1643, 195.1643, 0.7720, 193.6773, 151.7324, 29.4542, 42.7953, 0.578938, 0.779554, 0.239011, -0.000772, -0.792080, 0.607258, -0.062030, 0.006396, -0.193497, -0.153404, 0.969034, 0.173164, 0.000000, 0.000000, 0.000000, 1.000000, -0.193497, -0.153404, 0.969034, 0.195164, -0.578938, -0.779554, -0.239011, 0.000772, 0.792080, -0.607258, 0.062030, 0.193677, 0.000000, 0.000000, 0.000000, 1.000000, -0.014184, -0.042195, -0.999009, 0.151732, -0.999212, 0.037630, 0.012597, 0.029454, 0.037061, 0.998401, -0.042695, 0.042795, 0.000000, 0.000000, 0.000000, 1.000000
7.8636, -0.9834, 6.6602, 173.2317, 195.2317, 0.9834, 193.4132, 151.8814, 29.0663, 42.7679, 0.578609, 0.779096, 0.241289, -0.000983, -0.791927, 0.607431, -0.062294, 0.006660, -0.195099, -0.155039, 0.968452, 0.173232, 0.000000, 0.000000, 0.000000, 1.000000, -0.195099, -0.155039, 0.968452, 0.195232, -0.578609, -0.779096, -0.241289, 0.000983, 0.791927, -0.607431, 0.062294, 0.193413, 0.000000, 0.000000, 0.000000, 1.000000, -0.017365, -0.040309, -0.999036, 0.151881, -0.999157, 0.037887, 0.015838, 0.029066, 0.037212, 0.998469, -0.040933, 0.042768, 0.000000, 0.000000, 0.000000, 1.000000
8.1448, -1.2945, 7.1097, 173.3142, 195.3142, 1.2945, 192.9637, 152.0570, 28.8723, 42.7662, 0.577088, 0.778862, 0.245649, -0.001295, -0.791409, 0.607582, -0.067206, 0.007110, -0.201596, -0.155625, 0.967026, 0.173314, 0.000000, 0.000000, 0.000000, 1.000000, -0.201596, -0.155625, 0.967026, 0.195314, -0.577088, -0.778862, -0.245649, 0.001295, 0.791409, -0.607582, 0.067206, 0.192964, 0.000000, 0.000000, 0.000000, 1.000000, -0.015591, -0.039486, -0.999099, 0.152057, -0.999170, 0.038211, 0.014082, 0.028872, 0.037620, 0.998489, -0.040049, 0.042766, 0.000000, 0.000000, 0.000000, 1.000000
8.4463, -1.4973, 7.4208, 173.3629, 195.3629, 1.4973, 192.6526, 152.2373, 28.4450, 42.7767, 0.575646, 0.779264, 0.247748, -0.001497, -0.791262, 0.607271, -0.071596, 0.007421, -0.206242, -0.154820, 0.966175, 0.173363, 0.000000, 0.000000, 0.000000, 1.000000, -0.206242, -0.154820, 0.966175, 0.195363, -0.575646, -0.779264, -0.247748, 0.001497, 0.791262, -0.607271, 0.071596, 0.192653, 0.000000, 0.000000, 0.000000, 1.000000, -0.015983, -0.040189, -0.999064, 0.152237, -0.999169, 0.038119, 0.014451, 0.028445, 0.037503, 0.998465, -0.040765, 0.042777, 0.000000, 0.000000, 0.000000, 1.000000
8.6908, -1.8489, 7.9296, 173.5888, 195.5888, 1.8489, 192.1438, 152.2759, 28.4479, 42.7484, 0.574455, 0.779968, 0.248296, -0.001849, -0.790948, 0.607029, -0.076921, 0.007930, -0.210719, -0.152201, 0.965625, 0.173589, 0.000000, 0.000000, 0.000000, 1.000000, -0.210719, -0.152201, 0.965625, 0.195589, -0.574455, -0.779968, -0.248296, 0.001849, 0.790948, -0.607029, 0.076921, 0.192144, 0.000000, 0.000000, 0.000000, 1.000000, -0.015607, -0.042746, -0.998964, 0.152276, -0.999169, 0.038283, 0.013972, 0.028448, 0.037646, 0.998352, -0.043308, 0.042748, 0.000000, 0.000000, 0.000000, 1.000000
