# Joint_6_Angle(deg), Cam_X(mm), Cam_Y(mm), Cam_Z(mm), Torso_X(mm), Torso_Y(mm), Torso_Z(mm), EE_X(mm), EE_Y(mm), EE_Z(mm), T_cam2marker_flat(16), T_torso2marker_flat(16), T_ee2marker_flat(16)
-19.8132, 41.8046, -36.4804, 180.8900, 202.8900, -41.8046, 236.5538, 143.5635, 16.2513, 54.3011, 0.836237, 0.519063, 0.176867, 0.041805, -0.533596, 0.844583, 0.044220, -0.036480, -0.126426, -0.131354, 0.983241, 0.180890, 0.000000, 0.000000, 0.000000, 1.000000, -0.126426, -0.131354, 0.983241, 0.202890, -0.836237, -0.519063, -0.176867, -0.041805, 0.533596, -0.844583, -0.044220, 0.236554, 0.000000, 0.000000, 0.000000, 1.000000, -0.027789, -0.054566, -0.998123, 0.143563, -0.998926, 0.038537, 0.025705, 0.016251, 0.037063, 0.997766, -0.055578, 0.054301, 0.000000, 0.000000, 0.000000, 1.000000
-19.5284, 41.6260, -36.3377, 180.9089, 202.9089, -41.6260, 236.4111, 143.5751, 16.1283, 54.2372, 0.835232, 0.521774, 0.173609, 0.041626, -0.535357, 0.843680, 0.039957, -0.036338, -0.125622, -0.126316, 0.984004, 0.180909, 0.000000, 0.000000, 0.000000, 1.000000, -0.125622, -0.126316, 0.984004, 0.202909, -0.835232, -0.521774, -0.173609, -0.041626, 0.535357, -0.843680, -0.039957, 0.236411, 0.000000, 0.000000, 0.000000, 1.000000, -0.028207, -0.060006, -0.997799, 0.143575, -0.998806, 0.041523, 0.025739, 0.016128, 0.039887, 0.997334, -0.061106, 0.054237, 0.000000, 0.000000, 0.000000, 1.000000
-19.2792, 40.9520, -35.9277, 180.9065, 202.9065, -40.9520, 236.0012, 143.7003, 16.5985, 54.1340, 0.832098, 0.526187, 0.175329, 0.040952, -0.540203, 0.840524, 0.041231, -0.035928, -0.125673, -0.129021, 0.983646, 0.180906, 0.000000, 0.000000, 0.000000, 1.000000, -0.125673, -0.129021, 0.983646, 0.202906, -0.832098, -0.526187, -0.175329, -0.040952, 0.540203, -0.840524, -0.041231, 0.236001, 0.000000, 0.000000, 0.000000, 1.000000, -0.027078, -0.058149, -0.997941, 0.143700, -0.998889, 0.040100, 0.024767, 0.016598, 0.038577, 0.997502, -0.059170, 0.054134, 0.000000, 0.000000, 0.000000, 1.000000
-19.0382, 40.6444, -35.7176, 181.0361, 203.0361, -40.6444, 235.7911, 143.6289, 16.6874, 54.0414, 0.830993, 0.527242, 0.177388, 0.040644, -0.541785, 0.839411, 0.043111, -0.035718, -0.126171, -0.131931, 0.983196, 0.181036, 0.000000, 0.000000, 0.000000, 1.000000, -0.126171, -0.131931, 0.983196, 0.203036, -0.830993, -0.527242, -0.177388, -0.040644, 0.541785, -0.839411, -0.043111, 0.235791, 0.000000, 0.000000, 0.000000, 1.000000, -0.026223, -0.055481, -0.998115, 0.143629, -0.998816, 0.042387, 0.023885, 0.016687, 0.040981, 0.997560, -0.056527, 0.054041, 0.000000, 0.000000, 0.000000, 1.000000
-18.7906, 40.1259, -35.3641, 181.0947, 203.0947, -40.1259, 235.4376, 143.6636, 17.0098, 53.9581, 0.827829, 0.532059, 0.177799, 0.040126, -0.546447, 0.836485, 0.041085, -0.035364, -0.126867, -0.131169, 0.983209, 0.181095, 0.000000, 0.000000, 0.000000, 1.000000, -0.126867, -0.131169, 0.983209, 0.203095, -0.827829, -0.532059, -0.177799, -0.040126, 0.546447, -0.836485, -0.041085, 0.235438, 0.000000, 0.000000, 0.000000, 1.000000, -0.024474, -0.057099, -0.998069, 0.143664, -0.998904, 0.041247, 0.022135, 0.017010, 0.039904, 0.997516, -0.058045, 0.053958, 0.000000, 0.000000, 0.000000, 1.000000
-18.5489, 39.5995, -35.0012, 181.1685, 203.1685, -39.5995, 235.0746, 143.6846, 17.3530, 53.8728, 0.825551, 0.536753, 0.174246, 0.039600, -0.550852, 0.833535, 0.042205, -0.035001, -0.122587, -0.130826, 0.983797, 0.181169, 0.000000, 0.000000, 0.000000, 1.000000, -0.122587, -0.130826, 0.983797, 0.203169, -0.825551, -0.536753, -0.174246, -0.039600, 0.550852, -0.833535, -0.042205, 0.235075, 0.000000, 0.000000, 0.000000, 1.000000, -0.027777, -0.058280, -0.997914, 0.143685, -0.998874, 0.040030, 0.025466, 0.017353, 0.038463, 0.997497, -0.059326, 0.053873, 0.000000, 0.000000, 0.000000, 1.000000
-18.3070, 39.0733, -34.6537, 181.2582, 203.2582, -39.0733, 234.7272, 143.6914, 17.6886, 53.7678, 0.822934, 0.540136, 0.176162, 0.039073, -0.554633, 0.830981, 0.043045, -0.034654, -0.123137, -0.133129, 0.983420, 0.181258, 0.000000, 0.000000, 0.000000, 1.000000, -0.123137, -0.133129, 0.983420, 0.203258, -0.822934, -0.540136, -0.176162, -0.039073, 0.554633, -0.830981, -0.043045, 0.234727, 0.000000, 0.000000, 0.000000, 1.000000, -0.026361, -0.056624, -0.998047, 0.143691, -0.998920, 0.039719, 0.024131, 0.017689, 0.038275, 0.997605, -0.057610, 0.053768, 0.000000, 0.000000, 0.000000, 1.000000
-18.0549, 38.7422, -34.4215, 181.3204, 203.3204, -38.7422, 234.4950, 143.6890, 17.7841, 53.6783, 0.821141, 0.542616, 0.176906, 0.038742, -0.556972, 0.829522, 0.040927, -0.034421, -0.124539, -0.132139, 0.983377, 0.181320, 0.000000, 0.000000, 0.000000, 1.000000, -0.124539, -0.132139, 0.983377, 0.203320, -0.821141, -0.542616, -0.176906, -0.038742, 0.556972, -0.829522, -0.040927, 0.234495, 0.000000, 0.000000, 0.000000, 1.000000, -0.024415, -0.058041, -0.998016, 0.143689, -0.998899, 0.041414, 0.022028, 0.017784, 0.040053, 0.997455, -0.058988, 0.053678, 0.000000, 0.000000, 0.000000, 1.000000
-17.7702, 38.2205, -34.0553, 181.3873, 203.3873, -38.2205, 234.1287, 143.7151, 18.0697, 53.5739, 0.818681, 0.546108, 0.177559, 0.038221, -0.560679, 0.826985, 0.041640, -0.034055, -0.124099, -0.133643, 0.983229, 0.181387, 0.000000, 0.000000, 0.000000, 1.000000, -0.124099, -0.133643, 0.983229, 0.203387, -0.818681, -0.546108, -0.177559, -0.038221, 0.560679, -0.826985, -0.041640, 0.234129, 0.000000, 0.000000, 0.000000, 1.000000, -0.024000, -0.057182, -0.998075, 0.143715, -0.998888, 0.041887, 0.021620, 0.018070, 0.040571, 0.997485, -0.058124, 0.053574, 0.000000, 0.000000, 0.000000, 1.000000
-17.5173, 37.7241, -33.7047, 181.3753, 203.3753, -37.7241, 233.7782, 143.8136, 18.3541, 53.4931, 0.816563, 0.550146, 0.174828, 0.037724, -0.564579, 0.824247, 0.043229, -0.033705, -0.120319, -0.134003, 0.983649, 0.181375, 0.000000, 0.000000, 0.000000, 1.000000, -0.120319, -0.134003, 0.983649, 0.203375, -0.816563, -0.550146, -0.174828, -0.037724, 0.564579, -0.824247, -0.043229, 0.233778, 0.000000, 0.000000, 0.000000, 1.000000, -0.026892, -0.057547, -0.997981, 0.143814, -0.998841, 0.041415, 0.024527, 0.018354, 0.039920, 0.997483, -0.058594, 0.053493, 0.000000, 0.000000, 0.000000, 1.000000
-17.2492, 37.2181, -33.3700, 181.4596, 203.4596, -37.2181, 233.4435, 143.8219, 18.6304, 53.3665, 0.813523, 0.553088, 0.179651, 0.037218, -0.568087, 0.821887, 0.042170, -0.033370, -0.124329, -0.136364, 0.982826, 0.181460, 0.000000, 0.000000, 0.000000, 1.000000, -0.124329, -0.136364, 0.982826, 0.203460, -0.813523, -0.553088, -0.179651, -0.037218, 0.568087, -0.821887, -0.042170, 0.233443, 0.000000, 0.000000, 0.000000, 1.000000, -0.022042, -0.055749, -0.998201, 0.143822, -0.998922, 0.042023, 0.019711, 0.018630, 0.040848, 0.997560, -0.056615, 0.053366, 0.000000, 0.000000, 0.000000, 1.000000
-17.0007, 36.7304, -33.0134, 181.5492, 203.5492, -36.7304, 233.0869, 143.8193, 18.9301, 53.2690, 0.811036, 0.557948, 0.175826, 0.036730, -0.572290, 0.819037, 0.040765, -0.033013, -0.121264, -0.133686, 0.983577, 0.181549, 0.000000, 0.000000, 0.000000, 1.000000, -0.121264, -0.133686, 0.983577, 0.203549, -0.811036, -0.557948, -0.175826, -0.036730, 0.572290, -0.819037, -0.040765, 0.233087, 0.000000, 0.000000, 0.000000, 1.000000, -0.024133, -0.059242, -0.997952, 0.143819, -0.998916, 0.041180, 0.021712, 0.018930, 0.039809, 0.997394, -0.060172, 0.053269, 0.000000, 0.000000, 0.000000, 1.000000
-16.7673, 36.1897, -32.6595, 181.5641, 203.5641, -36.1897, 232.7330, 143.9015, 19.2778, 53.1544, 0.808657, 0.560534, 0.178540, 0.036190, -0.575949, 0.816179, 0.046202, -0.032660, -0.119823, -0.140192, 0.982847, 0.181564, 0.000000, 0.000000, 0.000000, 1.000000, -0.119823, -0.140192, 0.982847, 0.203564, -0.808657, -0.560534, -0.178540, -0.036190, 0.575949, -0.816179, -0.046202, 0.232733, 0.000000, 0.000000, 0.000000, 1.000000, -0.024713, -0.053301, -0.998273, 0.143901, -0.998921, 0.040594, 0.022562, 0.019278, 0.039322, 0.997753, -0.054246, 0.053154, 0.000000, 0.000000, 0.000000, 1.000000
-16.5125, 35.8706, -32.3986, 181.6931, 203.6931, -35.8706, 232.4721, 143.8294, 19.3837, 53.0624, 0.806133, 0.564859, 0.176307, 0.035871, -0.579225, 0.814192, 0.039865, -0.032399, -0.121029, -0.134258, 0.983528, 0.181693, 0.000000, 0.000000, 0.000000, 1.000000, -0.121029, -0.134258, 0.983528, 0.203693, -0.806133, -0.564859, -0.176307, -0.035871, 0.579225, -0.814192, -0.039865, 0.232472, 0.000000, 0.000000, 0.000000, 1.000000, -0.022720, -0.059898, -0.997946, 0.143829, -0.998943, 0.041251, 0.020266, 0.019384, 0.039952, 0.997352, -0.060772, 0.053062, 0.000000, 0.000000, 0.000000, 1.000000
-16.2442, 35.3664, -32.0237, 181.6703, 203.6703, -35.3664, 232.0972, 143.9383, 19.6659, 52.9739, 0.804024, 0.568237, 0.175079, 0.035366, -0.582788, 0.811510, 0.042529, -0.032024, -0.117912, -0.136228, 0.983635, 0.181670, 0.000000, 0.000000, 0.000000, 1.000000, -0.117912, -0.136228, 0.983635, 0.203670, -0.804024, -0.568237, -0.175079, -0.035366, 0.582788, -0.811510, -0.042529, 0.232097, 0.000000, 0.000000, 0.000000, 1.000000, -0.024996, -0.058554, -0.997971, 0.143938, -0.998888, 0.041382, 0.022591, 0.019666, 0.039975, 0.997426, -0.059523, 0.052974, 0.000000, 0.000000, 0.000000, 1.000000
-15.9882, 34.8763, -31.6636, 181.7809, 203.7809, -34.8763, 231.7370, 143.9156, 19.9603, 52.8557, 0.800923, 0.572036, 0.176910, 0.034876, -0.586335, 0.809175, 0.038052, -0.031664, -0.121384, -0.134205, 0.983491, 0.181781, 0.000000, 0.000000, 0.000000, 1.000000, -0.121384, -0.134205, 0.983491, 0.203781, -0.800923, -0.572036, -0.176910, -0.034876, 0.586335, -0.809175, -0.038052, 0.231737, 0.000000, 0.000000, 0.000000, 1.000000, -0.020654, -0.061206, -0.997911, 0.143916, -0.998965, 0.041722, 0.018117, 0.019960, 0.040526, 0.997253, -0.062005, 0.052856, 0.000000, 0.000000, 0.000000, 1.000000
-15.7370, 34.4125, -31.2987, 181.8630, 203.8630, -34.4125, 231.3721, 143.9141, 20.2397, 52.7602, 0.798867, 0.576303, 0.172298, 0.034412, -0.590332, 0.806131, 0.040753, -0.031299, -0.115409, -0.134270, 0.984201, 0.181863, 0.000000, 0.000000, 0.000000, 1.000000, -0.115409, -0.134270, 0.984201, 0.203863, -0.798867, -0.576303, -0.172298, -0.034412, 0.590332, -0.806131, -0.040753, 0.231372, 0.000000, 0.000000, 0.000000, 1.000000, -0.025685, -0.061887, -0.997753, 0.143914, -0.998894, 0.040899, 0.023177, 0.020240, 0.039373, 0.997245, -0.062869, 0.052760, 0.000000, 0.000000, 0.000000, 1.000000
-15.5063, 33.9074, -30.9624, 181.8842, 203.8842, -33.9074, 231.0358, 143.9834, 20.5501, 52.6336, 0.795976, 0.578863, 0.177029, 0.033907, -0.593451, 0.803890, 0.039716, -0.030962, -0.119321, -0.136671, 0.983404, 0.181884, 0.000000, 0.000000, 0.000000, 1.000000, -0.119321, -0.136671, 0.983404, 0.203884, -0.795976, -0.578863, -0.177029, -0.033907, 0.593451, -0.803890, -0.039716, 0.231036, 0.000000, 0.000000, 0.000000, 1.000000, -0.020992, -0.059972, -0.997979, 0.143983, -0.998978, 0.041227, 0.018536, 0.020550, 0.040032, 0.997348, -0.060776, 0.052634, 0.000000, 0.000000, 0.000000, 1.000000
-15.2637, 33.4399, -30.5819, 181.9634, 203.9634, -33.4399, 230.6553, 143.9845, 20.8515, 52.5441, 0.793410, 0.583399, 0.173628, 0.033440, -0.597543, 0.800858, 0.039612, -0.030582, -0.115942, -0.135178, 0.984014, 0.181963, 0.000000, 0.000000, 0.000000, 1.000000, -0.115942, -0.135178, 0.984014, 0.203963, -0.793410, -0.583399, -0.173628, -0.033440, 0.597543, -0.800858, -0.039612, 0.230655, 0.000000, 0.000000, 0.000000, 1.000000, -0.023379, -0.062227, -0.997788, 0.143984, -0.998971, 0.040263, 0.020895, 0.020851, 0.038873, 0.997250, -0.063104, 0.052544, 0.000000, 0.000000, 0.000000, 1.000000
-15.0170, 33.1085, -30.3174, 182.0222, 204.0222, -33.1085, 230.3908, 143.9831, 20.9673, 52.4464, 0.791400, 0.584772, 0.178120, 0.033108, -0.599797, 0.799072, 0.041570, -0.030317, -0.118022, -0.139735, 0.983130, 0.182022, 0.000000, 0.000000, 0.000000, 1.000000, -0.118022, -0.139735, 0.983130, 0.204022, -0.791400, -0.584772, -0.178120, -0.033108, 0.599797, -0.799072, -0.041570, 0.230391, 0.000000, 0.000000, 0.000000, 1.000000, -0.020732, -0.057982, -0.998102, 0.143983, -0.998959, 0.041786, 0.018322, 0.020967, 0.040644, 0.997443, -0.058788, 0.052446, 0.000000, 0.000000, 0.000000, 1.000000
-14.7920, 32.5827, -29.9153, 182.0449, 204.0449, -32.5827, 229.9887, 144.0506, 21.3408, 52.3490, 0.787843, 0.588899, 0.180282, 0.032583, -0.603582, 0.796492, 0.035910, -0.029915, -0.122446, -0.137106, 0.982959, 0.182045, 0.000000, 0.000000, 0.000000, 1.000000, -0.122446, -0.137106, 0.982959, 0.204045, -0.787843, -0.588899, -0.180282, -0.032583, 0.603582, -0.796492, -0.035910, 0.229989, 0.000000, 0.000000, 0.000000, 1.000000, -0.015340, -0.061281, -0.998003, 0.144051, -0.999066, 0.041262, 0.012823, 0.021341, 0.040394, 0.997267, -0.061856, 0.052349, 0.000000, 0.000000, 0.000000, 1.000000
-14.5433, 32.1014, -29.5414, 182.1328, 204.1328, -32.1014, 229.6148, 144.0469, 21.6405, 52.2310, 0.785974, 0.592309, 0.177242, 0.032101, -0.607349, 0.793316, 0.042159, -0.029541, -0.115638, -0.140783, 0.983264, 0.182133, 0.000000, 0.000000, 0.000000, 1.000000, -0.115638, -0.140783, 0.983264, 0.204133, -0.785974, -0.592309, -0.177242, -0.032101, 0.607349, -0.793316, -0.042159, 0.229615, 0.000000, 0.000000, 0.000000, 1.000000, -0.021239, -0.058249, -0.998076, 0.144047, -0.999001, 0.040503, 0.018895, 0.021640, 0.039324, 0.997480, -0.059051, 0.052231, 0.000000, 0.000000, 0.000000, 1.000000
-14.2923, 31.7603, -29.2822, 182.1474, 204.1474, -31.7603, 229.3557, 144.0910, 21.7477, 52.1219, 0.783763, 0.594900, 0.178353, 0.031760, -0.609882, 0.791477, 0.040109, -0.029282, -0.117301, -0.140210, 0.983149, 0.182147, 0.000000, 0.000000, 0.000000, 1.000000, -0.117301, -0.140210, 0.983149, 0.204147, -0.783763, -0.594900, -0.178353, -0.031760, 0.609882, -0.791477, -0.040109, 0.229356, 0.000000, 0.000000, 0.000000, 1.000000, -0.018929, -0.059258, -0.998063, 0.144091, -0.998990, 0.041805, 0.016464, 0.021748, 0.040748, 0.997367, -0.059990, 0.052122, 0.000000, 0.000000, 0.000000, 1.000000
-14.0366, 31.2805, -28.9014, 182.2430, 204.2430, -31.2805, 228.9748, 144.0790, 22.0414, 51.9986, 0.780786, 0.598293, 0.180052, 0.031280, -0.613220, 0.789029, 0.037338, -0.028901, -0.119728, -0.139565, 0.982948, 0.182243, 0.000000, 0.000000, 0.000000, 1.000000, -0.119728, -0.139565, 0.982948, 0.204243, -0.780786, -0.598293, -0.180052, -0.031280, 0.613220, -0.789029, -0.037338, 0.228975, 0.000000, 0.000000, 0.000000, 1.000000, -0.015642, -0.060474, -0.998047, 0.144079, -0.999023, 0.042203, 0.013101, 0.022041, 0.041328, 0.997277, -0.061075, 0.051999, 0.000000, 0.000000, 0.000000, 1.000000
-13.8015, 30.8449, -28.5266, 182.2831, 204.2831, -30.8449, 228.6000, 144.1112, 22.3168, 51.9137, 0.778229, 0.603712, 0.172890, 0.030845, -0.617550, 0.785697, 0.036215, -0.028527, -0.113975, -0.134952, 0.984275, 0.182283, 0.000000, 0.000000, 0.000000, 1.000000, -0.113975, -0.134952, 0.984275, 0.204283, -0.778229, -0.603712, -0.172890, -0.030845, 0.617550, -0.785697, -0.036215, 0.228600, 0.000000, 0.000000, 0.000000, 1.000000, -0.020317, -0.065936, -0.997617, 0.144111, -0.999018, 0.040647, 0.017659, 0.022317, 0.039386, 0.996996, -0.066697, 0.051914, 0.000000, 0.000000, 0.000000, 1.000000
-13.5734, 30.3937, -28.1575, 182.4286, 204.4286, -30.3937, 228.2310, 144.0449, 22.6219, 51.7923, 0.775361, 0.607560, 0.172295, 0.030394, -0.621290, 0.782768, 0.035670, -0.028158, -0.113195, -0.134703, 0.984399, 0.182429, 0.000000, 0.000000, 0.000000, 1.000000, -0.113195, -0.134703, 0.984399, 0.204429, -0.775361, -0.607560, -0.172295, -0.030394, 0.621290, -0.782768, -0.035670, 0.228231, 0.000000, 0.000000, 0.000000, 1.000000, -0.020138, -0.066836, -0.997561, 0.144045, -0.999052, 0.039860, 0.017498, 0.022622, 0.038593, 0.996968, -0.067575, 0.051792, 0.000000, 0.000000, 0.000000, 1.000000
-13.3040, 30.0528, -27.9042, 182.3882, 204.3882, -30.0528, 227.9777, 144.1429, 22.6924, 51.6714, 0.773589, 0.608139, 0.178121, 0.030053, -0.622982, 0.781307, 0.038113, -0.027904, -0.115989, -0.140450, 0.983270, 0.182388, 0.000000, 0.000000, 0.000000, 1.000000, -0.115989, -0.140450, 0.983270, 0.204388, -0.773589, -0.608139, -0.178121, -0.030053, 0.622982, -0.781307, -0.038113, 0.227978, 0.000000, 0.000000, 0.000000, 1.000000, -0.016894, -0.061278, -0.997978, 0.144143, -0.998996, 0.042445, 0.014305, 0.022692, 0.041482, 0.997218, -0.061934, 0.051671, 0.000000, 0.000000, 0.000000, 1.000000
-13.0228, 29.5591, -27.4984, 182.4934, 204.4934, -29.5591, 227.5718, 144.1227, 22.9789, 51.5310, 0.770915, 0.611263, 0.179021, 0.029559, -0.626433, 0.778473, 0.039519, -0.027498, -0.115206, -0.142610, 0.983051, 0.182493, 0.000000, 0.000000, 0.000000, 1.000000, -0.115206, -0.142610, 0.983051, 0.204493, -0.770915, -0.611263, -0.179021, -0.029559, 0.626433, -0.778473, -0.039519, 0.227572, 0.000000, 0.000000, 0.000000, 1.000000, -0.016784, -0.059680, -0.998076, 0.144123, -0.998978, 0.042888, 0.014235, 0.022979, 0.041955, 0.997296, -0.060339, 0.051531, 0.000000, 0.000000, 0.000000, 1.000000
-12.7736, 29.0555, -27.0930, 182.5670, 204.5670, -29.0555, 227.1665, 144.1356, 23.3089, 51.3990, 0.766887, 0.615884, 0.180474, 0.029056, -0.630644, 0.775331, 0.033904, -0.027093, -0.119046, -0.139816, 0.982995, 0.182567, 0.000000, 0.000000, 0.000000, 1.000000, -0.119046, -0.139816, 0.982995, 0.204567, -0.766887, -0.615884, -0.180474, -0.029056, 0.630644, -0.775331, -0.033904, 0.227166, 0.000000, 0.000000, 0.000000, 1.000000, -0.011820, -0.063210, -0.997930, 0.144136, -0.999073, 0.042069, 0.009169, 0.023309, 0.041403, 0.997113, -0.063649, 0.051399, 0.000000, 0.000000, 0.000000, 1.000000
-12.4846, 28.5960, -26.7184, 182.5925, 204.5925, -28.5960, 226.7919, 144.1874, 23.5282, 51.2616, 0.765238, 0.618026, 0.180153, 0.028596, -0.633761, 0.772367, 0.042378, -0.026718, -0.112953, -0.146603, 0.982725, 0.182592, 0.000000, 0.000000, 0.000000, 1.000000, -0.112953, -0.146603, 0.982725, 0.204592, -0.765238, -0.618026, -0.180153, -0.028596, 0.633761, -0.772367, -0.042378, 0.226792, 0.000000, 0.000000, 0.000000, 1.000000, -0.017123, -0.056887, -0.998234, 0.144187, -0.998979, 0.042724, 0.014702, 0.023528, 0.041812, 0.997466, -0.057561, 0.051262, 0.000000, 0.000000, 0.000000, 1.000000
-12.2364, 28.1422, -26.3016, 182.6456, 204.6456, -28.1422, 226.3751, 144.2079, 23.8265, 51.1661, 0.762362, 0.623312, 0.174028, 0.028142, -0.637850, 0.769154, 0.039361, -0.026302, -0.109320, -0.141011, 0.983954, 0.182646, 0.000000, 0.000000, 0.000000, 1.000000, -0.109320, -0.141011, 0.983954, 0.204646, -0.762362, -0.623312, -0.174028, -0.028142, 0.637850, -0.769154, -0.039361, 0.226375, 0.000000, 0.000000, 0.000000, 1.000000, -0.019686, -0.063279, -0.997802, 0.144208, -0.998985, 0.041692, 0.017065, 0.023827, 0.040521, 0.997125, -0.064035, 0.051166, 0.000000, 0.000000, 0.000000, 1.000000
-11.9843, 27.6796, -25.9404, 182.7764, 204.7764, -27.6796, 226.0138, 144.1592, 24.0979, 51.0024, 0.758713, 0.626224, 0.179441, 0.027680, -0.641138, 0.766603, 0.035523, -0.025940, -0.115315, -0.141998, 0.983127, 0.182776, 0.000000, 0.000000, 0.000000, 1.000000, -0.115315, -0.141998, 0.983127, 0.204776, -0.758713, -0.626224, -0.179441, -0.027680, 0.641138, -0.766603, -0.035523, 0.226014, 0.000000, 0.000000, 0.000000, 1.000000, -0.012786, -0.062792, -0.997945, 0.144159, -0.999061, 0.042119, 0.010150, 0.024098, 0.041395, 0.997137, -0.063272, 0.051002, 0.000000, 0.000000, 0.000000, 1.000000
-11.7198, 27.2193, -25.5301, 182.8019, 204.8019, -27.2193, 225.6035, 144.2086, 24.3711, 50.8889, 0.756179, 0.630342, 0.175677, 0.027219, -0.644895, 0.763386, 0.036783, -0.025530, -0.110924, -0.141108, 0.983760, 0.182802, 0.000000, 0.000000, 0.000000, 1.000000, -0.110924, -0.141108, 0.983760, 0.204802, -0.756179, -0.630342, -0.175677, -0.027219, 0.644895, -0.763386, -0.036783, 0.225604, 0.000000, 0.000000, 0.000000, 1.000000, -0.016188, -0.064353, -0.997796, 0.144209, -0.999040, 0.041657, 0.013522, 0.024371, 0.040695, 0.997057, -0.064966, 0.050889, 0.000000, 0.000000, 0.000000, 1.000000
-11.4462, 26.7416, -25.1180, 182.8063, 204.8063, -26.7416, 225.1914, 144.2822, 24.6435, 50.7618, 0.752742, 0.632105, 0.183908, 0.026742, -0.647904, 0.760829, 0.036870, -0.025118, -0.116617, -0.146908, 0.982252, 0.182806, 0.000000, 0.000000, 0.000000, 1.000000, -0.116617, -0.146908, 0.982252, 0.204806, -0.752742, -0.632105, -0.183908, -0.026742, 0.647904, -0.760829, -0.036870, 0.225191, 0.000000, 0.000000, 0.000000, 1.000000, -0.009651, -0.058932, -0.998215, 0.144282, -0.999062, 0.042723, 0.007137, 0.024644, 0.042226, 0.997347, -0.059289, 0.050762, 0.000000, 0.000000, 0.000000, 1.000000
-11.1889, 26.2815, -24.7151, 182.8271, 204.8271, -26.2815, 224.7885, 144.3365, 24.9192, 50.6390, 0.750626, 0.636615, 0.176869, 0.026282, -0.651736, 0.757402, 0.039784, -0.024715, -0.108634, -0.145135, 0.983430, 0.182827, 0.000000, 0.000000, 0.000000, 1.000000, -0.108634, -0.145135, 0.983430, 0.204827, -0.750626, -0.636615, -0.176869, -0.026282, 0.651736, -0.757402, -0.039784, 0.224789, 0.000000, 0.000000, 0.000000, 1.000000, -0.016628, -0.061424, -0.997973, 0.144337, -0.999026, 0.041815, 0.014072, 0.024919, 0.040866, 0.997236, -0.062059, 0.050639, 0.000000, 0.000000, 0.000000, 1.000000
-10.9239, 25.8363, -24.2916, 183.0028, 205.0028, -25.8363, 224.3650, 144.2357, 25.2057, 50.5008, 0.747478, 0.641991, 0.170662, 0.025836, -0.656131, 0.753655, 0.038695, -0.024292, -0.103778, -0.140900, 0.984570, 0.183003, 0.000000, 0.000000, 0.000000, 1.000000, -0.103778, -0.140900, 0.984570, 0.205003, -0.747478, -0.641991, -0.170662, -0.025836, 0.656131, -0.753655, -0.038695, 0.224365, 0.000000, 0.000000, 0.000000, 1.000000, -0.020292, -0.066479, -0.997581, 0.144236, -0.999025, 0.040483, 0.017624, 0.025206, 0.039214, 0.996966, -0.067235, 0.050501, 0.000000, 0.000000, 0.000000, 1.000000
-10.6635, 25.3590, -23.8747, 183.0255, 205.0255, -25.3590, 223.9482, 144.2911, 25.4982, 50.3668, 0.743885, 0.643760, 0.179468, 0.025359, -0.658951, 0.751308, 0.036337, -0.023875, -0.111444, -0.145291, 0.983092, 0.183026, 0.000000, 0.000000, 0.000000, 1.000000, -0.111444, -0.145291, 0.983092, 0.205026, -0.743885, -0.643760, -0.179468, -0.025359, 0.658951, -0.751308, -0.036337, 0.223948, 0.000000, 0.000000, 0.000000, 1.000000, -0.011819, -0.062442, -0.997979, 0.144291, -0.999091, 0.041628, 0.009228, 0.025498, 0.040967, 0.997180, -0.062877, 0.050367, 0.000000, 0.000000, 0.000000, 1.000000
-10.4098, 24.8902, -23.4640, 183.0652, 205.0652, -24.8902, 223.5375, 144.3285, 25.7902, 50.2292, 0.740553, 0.647562, 0.179567, 0.024890, -0.662498, 0.748308, 0.033630, -0.023464, -0.112594, -0.143868, 0.983171, 0.183065, 0.000000, 0.000000, 0.000000, 1.000000, -0.112594, -0.143868, 0.983171, 0.205065, -0.740553, -0.647562, -0.179567, -0.024890, 0.662498, -0.748308, -0.033630, 0.223537, 0.000000, 0.000000, 0.000000, 1.000000, -0.009675, -0.064465, -0.997873, 0.144329, -0.999117, 0.041419, 0.007012, 0.025790, 0.040879, 0.997060, -0.064809, 0.050229, 0.000000, 0.000000, 0.000000, 1.000000
-10.1624, 24.4437, -23.0734, 183.1119, 205.1119, -24.4437, 223.1469, 144.3555, 26.0609, 50.0894, 0.738531, 0.649718, 0.180106, 0.024444, -0.665361, 0.745503, 0.038995, -0.023073, -0.108933, -0.148634, 0.982874, 0.183112, 0.000000, 0.000000, 0.000000, 1.000000, -0.108933, -0.148634, 0.982874, 0.205112, -0.738531, -0.649718, -0.180106, -0.024444, 0.665361, -0.745503, -0.038995, 0.223147, 0.000000, 0.000000, 0.000000, 1.000000, -0.012552, -0.060119, -0.998112, 0.144356, -0.999079, 0.041707, 0.010052, 0.026061, 0.041024, 0.997320, -0.060587, 0.050089, 0.000000, 0.000000, 0.000000, 1.000000
-9.9358, 24.0044, -22.6699, 183.1952, 205.1952, -24.0044, 222.7434, 144.3445, 26.3662, 49.9618, 0.735372, 0.653848, 0.178077, 0.024004, -0.668918, 0.742453, 0.036231, -0.022670, -0.108524, -0.145762, 0.983349, 0.183195, 0.000000, 0.000000, 0.000000, 1.000000, -0.108524, -0.145762, 0.983349, 0.205195, -0.735372, -0.653848, -0.178077, -0.024004, 0.668918, -0.742453, -0.036231, 0.222743, 0.000000, 0.000000, 0.000000, 1.000000, -0.011960, -0.063619, -0.997903, 0.144345, -0.999118, 0.040922, 0.009366, 0.026366, 0.040240, 0.997135, -0.064052, 0.049962, 0.000000, 0.000000, 0.000000, 1.000000
-9.6825, 23.6744, -22.3871, 183.2014, 205.2014, -23.6744, 222.4606, 144.3925, 26.4654, 49.8227, 0.733068, 0.654939, 0.183483, 0.023674, -0.671240, 0.740172, 0.039773, -0.022387, -0.109760, -0.152318, 0.982218, 0.183201, 0.000000, 0.000000, 0.000000, 1.000000, -0.109760, -0.152318, 0.982218, 0.205201, -0.733068, -0.654939, -0.183483, -0.023674, 0.671240, -0.740172, -0.039773, 0.222461, 0.000000, 0.000000, 0.000000, 1.000000, -0.010060, -0.057332, -0.998305, 0.144392, -0.999078, 0.042235, 0.007642, 0.026465, 0.041725, 0.997461, -0.057704, 0.049823, 0.000000, 0.000000, 0.000000, 1.000000
-9.4449, 23.2401, -21.9468, 183.2865, 205.2865, -23.2401, 222.0202, 144.3757, 26.7777, 49.7122, 0.730220, 0.659715, 0.177638, 0.023240, -0.674981, 0.736848, 0.038139, -0.021947, -0.105731, -0.147753, 0.983357, 0.183286, 0.000000, 0.000000, 0.000000, 1.000000, -0.105731, -0.147753, 0.983357, 0.205286, -0.730220, -0.659715, -0.177638, -0.023240, 0.674981, -0.736848, -0.038139, 0.222020, 0.000000, 0.000000, 0.000000, 1.000000, -0.013039, -0.062602, -0.997953, 0.144376, -0.999097, 0.041182, 0.010470, 0.026778, 0.040442, 0.997189, -0.063083, 0.049712, 0.000000, 0.000000, 0.000000, 1.000000
-9.1956, 22.7933, -21.5177, 183.2865, 205.2865, -22.7933, 221.5911, 144.4452, 27.0653, 49.5941, 0.726835, 0.663334, 0.178041, 0.022793, -0.678196, 0.734115, 0.033552, -0.021518, -0.108447, -0.145134, 0.983451, 0.183287, 0.000000, 0.000000, 0.000000, 1.000000, -0.108447, -0.145134, 0.983451, 0.205287, -0.726835, -0.663334, -0.178041, -0.022793, 0.678196, -0.734115, -0.033552, 0.221591, 0.000000, 0.000000, 0.000000, 1.000000, -0.009389, -0.065764, -0.997791, 0.144445, -0.999123, 0.041347, 0.006676, 0.027065, 0.040817, 0.996978, -0.066094, 0.049594, 0.000000, 0.000000, 0.000000, 1.000000
-8.9367, 22.5117, -21.2393, 183.4265, 205.4265, -22.5117, 221.3127, 144.3526, 27.1330, 49.4450, 0.725051, 0.666513, 0.173385, 0.022512, -0.681155, 0.731167, 0.037717, -0.021239, -0.101634, -0.145449, 0.984132, 0.183426, 0.000000, 0.000000, 0.000000, 1.000000, -0.101634, -0.145449, 0.984132, 0.205426, -0.725051, -0.666513, -0.173385, -0.022512, 0.681155, -0.731167, -0.037717, 0.221313, 0.000000, 0.000000, 0.000000, 1.000000, -0.015372, -0.065961, -0.997704, 0.144353, -0.999058, 0.041512, 0.012648, 0.027133, 0.040582, 0.996958, -0.066537, 0.049445, 0.000000, 0.000000, 0.000000, 1.000000
-8.6632, 22.0583, -20.8224, 183.3889, 205.3889, -22.0583, 220.8958, 144.4610, 27.3794, 49.3034, 0.722042, 0.668507, 0.178194, 0.022058, -0.683809, 0.728726, 0.036930, -0.020822, -0.105167, -0.148516, 0.983302, 0.183389, 0.000000, 0.000000, 0.000000, 1.000000, -0.105167, -0.148516, 0.983302, 0.205389, -0.722042, -0.668507, -0.178194, -0.022058, 0.683809, -0.728726, -0.036930, 0.220896, 0.000000, 0.000000, 0.000000, 1.000000, -0.011056, -0.063254, -0.997936, 0.144461, -0.999048, 0.042820, 0.008354, 0.027379, 0.042203, 0.997078, -0.063668, 0.049303, 0.000000, 0.000000, 0.000000, 1.000000
-8.3962, 21.5681, -20.4096, 183.3446, 205.3446, -21.5681, 220.4831, 144.5848, 27.6553, 49.1341, 0.718021, 0.671381, 0.183559, 0.021568, -0.687151, 0.725745, 0.033435, -0.020410, -0.110769, -0.150140, 0.982440, 0.183345, 0.000000, 0.000000, 0.000000, 1.000000, -0.110769, -0.150140, 0.982440, 0.205345, -0.718021, -0.671381, -0.183559, -0.021568, 0.687151, -0.725745, -0.033435, 0.220483, 0.000000, 0.000000, 0.000000, 1.000000, -0.004448, -0.062109, -0.998059, 0.144585, -0.999066, 0.043176, 0.001766, 0.027655, 0.042983, 0.997135, -0.062243, 0.049134, 0.000000, 0.000000, 0.000000, 1.000000
-8.1266, 21.1688, -19.9708, 183.4370, 205.4370, -21.1688, 220.0442, 144.5530, 27.8976, 49.0107, 0.714873, 0.675252, 0.181636, 0.021169, -0.690621, 0.722504, 0.032116, -0.019971, -0.109546, -0.148401, 0.982841, 0.183437, 0.000000, 0.000000, 0.000000, 1.000000, -0.109546, -0.148401, 0.982841, 0.205437, -0.714873, -0.675252, -0.181636, -0.021169, 0.690621, -0.722504, -0.032116, 0.220044, 0.000000, 0.000000, 0.000000, 1.000000, -0.004656, -0.064436, -0.997911, 0.144553, -0.999071, 0.043062, 0.001881, 0.027898, 0.042851, 0.996992, -0.064576, 0.049011, 0.000000, 0.000000, 0.000000, 1.000000
-7.8844, 20.7010, -19.5542, 183.4349, 205.4349, -20.7010, 219.6276, 144.6304, 28.1966, 48.8544, 0.712523, 0.676066, 0.187740, 0.020701, -0.693512, 0.719213, 0.042121, -0.019554, -0.106548, -0.160212, 0.981315, 0.183435, 0.000000, 0.000000, 0.000000, 1.000000, -0.106548, -0.160212, 0.981315, 0.205435, -0.712523, -0.676066, -0.187740, -0.020701, 0.693512, -0.719213, -0.042121, 0.219628, 0.000000, 0.000000, 0.000000, 1.000000, -0.006812, -0.052908, -0.998576, 0.144630, -0.999060, 0.043109, 0.004532, 0.028197, 0.042808, 0.997668, -0.053152, 0.048854, 0.000000, 0.000000, 0.000000, 1.000000
-7.6296, 20.3107, -19.1225, 183.6426, 205.6426, -20.3107, 219.1960, 144.4853, 28.4577, 48.7068, 0.709355, 0.682326, 0.176767, 0.020311, -0.697447, 0.715727, 0.036081, -0.019123, -0.101899, -0.148880, 0.983591, 0.183643, 0.000000, 0.000000, 0.000000, 1.000000, -0.101899, -0.148880, 0.983591, 0.205643, -0.709355, -0.682326, -0.176767, -0.020311, 0.697447, -0.715727, -0.036081, 0.219196, 0.000000, 0.000000, 0.000000, 1.000000, -0.010307, -0.065073, -0.997827, 0.144485, -0.999092, 0.041930, 0.007585, 0.028458, 0.041346, 0.996999, -0.065446, 0.048707, 0.000000, 0.000000, 0.000000, 1.000000
-7.4013, 19.8379, -18.6581, 183.6404, 205.6404, -19.8379, 218.7316, 144.5603, 28.8118, 48.5787, 0.705165, 0.685555, 0.180989, 0.019838, -0.700777, 0.712720, 0.030687, -0.018658, -0.107957, -0.148473, 0.983006, 0.183640, 0.000000, 0.000000, 0.000000, 1.000000, -0.107957, -0.148473, 0.983006, 0.205640, -0.705165, -0.685555, -0.180989, -0.019838, 0.700777, -0.712720, -0.030687, 0.218732, 0.000000, 0.000000, 0.000000, 1.000000, -0.003219, -0.065978, -0.997816, 0.144560, -0.999136, 0.041567, 0.000475, 0.028812, 0.041445, 0.996955, -0.066055, 0.048579, 0.000000, 0.000000, 0.000000, 1.000000
-7.1725, 19.3698, -18.2276, 183.6444, 205.6444, -19.3698, 218.3011, 144.6306, 29.1374, 48.4255, 0.702122, 0.687959, 0.183676, 0.019370, -0.704160, 0.709147, 0.035618, -0.018228, -0.105749, -0.154346, 0.982341, 0.183644, 0.000000, 0.000000, 0.000000, 1.000000, -0.105749, -0.154346, 0.982341, 0.205644, -0.702122, -0.687959, -0.183676, -0.019370, 0.704160, -0.709147, -0.035618, 0.218301, 0.000000, 0.000000, 0.000000, 1.000000, -0.004413, -0.060556, -0.998155, 0.144631, -0.999169, 0.040716, 0.001947, 0.029137, 0.040523, 0.997334, -0.060686, 0.048425, 0.000000, 0.000000, 0.000000, 1.000000
-6.8906, 19.1317, -17.9415, 183.7269, 205.7269, -19.1317, 218.0149, 144.5833, 29.1386, 48.2893, 0.700509, 0.691163, 0.177713, 0.019132, -0.706597, 0.706652, 0.036946, -0.017941, -0.100045, -0.151452, 0.983389, 0.183727, 0.000000, 0.000000, 0.000000, 1.000000, -0.100045, -0.151452, 0.983389, 0.205727, -0.700509, -0.691163, -0.177713, -0.019132, 0.706597, -0.706652, -0.036946, 0.218015, 0.000000, 0.000000, 0.000000, 1.000000, -0.009398, -0.063908, -0.997912, 0.144583, -0.999098, 0.041931, 0.006724, 0.029139, 0.041414, 0.997075, -0.064244, 0.048289, 0.000000, 0.000000, 0.000000, 1.000000
-6.6259, 18.6848, -17.4996, 183.7202, 205.7202, -18.6848, 217.5731, 144.6584, 29.4074, 48.1356, 0.696577, 0.693297, 0.184714, 0.018685, -0.709217, 0.704308, 0.031021, -0.017500, -0.108589, -0.152611, 0.982303, 0.183720, 0.000000, 0.000000, 0.000000, 1.000000, -0.108589, -0.152611, 0.982303, 0.205720, -0.696577, -0.693297, -0.184714, -0.018685, 0.709217, -0.704308, -0.031021, 0.217573, 0.000000, 0.000000, 0.000000, 1.000000, -0.000010, -0.063093, -0.998008, 0.144658, -0.999060, 0.043269, -0.002725, 0.029407, 0.043355, 0.997069, -0.063035, 0.048136, 0.000000, 0.000000, 0.000000, 1.000000
-6.3604, 18.2597, -17.0799, 183.7773, 205.7773, -18.2597, 217.1534, 144.6684, 29.6499, 47.9642, 0.693670, 0.696292, 0.184390, 0.018260, -0.712384, 0.701025, 0.032764, -0.017080, -0.106448, -0.154084, 0.982307, 0.183777, 0.000000, 0.000000, 0.000000, 1.000000, -0.106448, -0.154084, 0.982307, 0.205777, -0.693670, -0.696292, -0.184390, -0.018260, 0.712384, -0.701025, -0.032764, 0.217153, 0.000000, 0.000000, 0.000000, 1.000000, -0.001186, -0.062099, -0.998069, 0.144668, -0.999060, 0.043321, -0.001508, 0.029650, 0.043331, 0.997129, -0.062092, 0.047964, 0.000000, 0.000000, 0.000000, 1.000000
-6.0748, 17.8132, -16.6365, 183.7695, 205.7696, -17.8132, 216.7099, 144.7443, 29.8898, 47.7929, 0.690617, 0.699322, 0.184382, 0.017813, -0.715587, 0.697692, 0.034088, -0.016636, -0.104803, -0.155483, 0.982263, 0.183770, 0.000000, 0.000000, 0.000000, 1.000000, -0.104803, -0.155483, 0.982263, 0.205770, -0.690617, -0.699322, -0.184382, -0.017813, 0.715587, -0.697692, -0.034088, 0.216710, 0.000000, 0.000000, 0.000000, 1.000000, -0.001845, -0.061181, -0.998125, 0.144744, -0.999046, 0.043672, -0.000830, 0.029890, 0.043641, 0.997171, -0.061203, 0.047793, 0.000000, 0.000000, 0.000000, 1.000000
-5.8041, 17.3911, -16.1475, 183.9070, 205.9070, -17.3911, 216.2209, 144.6703, 30.1809, 47.6408, 0.686709, 0.703297, 0.183861, 0.017391, -0.719435, 0.693761, 0.033301, -0.016147, -0.104135, -0.155144, 0.982388, 0.183907, 0.000000, 0.000000, 0.000000, 1.000000, -0.104135, -0.155144, 0.982388, 0.205907, -0.686709, -0.703297, -0.183861, -0.017391, 0.719435, -0.693761, -0.033301, 0.216221, 0.000000, 0.000000, 0.000000, 1.000000, -0.001313, -0.062120, -0.998068, 0.144670, -0.999080, 0.042866, -0.001354, 0.030181, 0.042867, 0.997148, -0.062119, 0.047641, 0.000000, 0.000000, 0.000000, 1.000000
-5.5668, 16.8443, -15.5619, 183.9785, 205.9785, -16.8443, 215.6354, 144.6815, 30.6640, 47.4900, 0.683077, 0.707517, 0.181178, 0.016844, -0.723578, 0.689288, 0.036292, -0.015562, -0.099206, -0.155887, 0.982780, 0.183978, 0.000000, 0.000000, 0.000000, 1.000000, -0.099206, -0.155887, 0.982780, 0.205978, -0.683077, -0.707517, -0.181178, -0.016844, 0.723578, -0.689288, -0.036292, 0.215635, 0.000000, 0.000000, 0.000000, 1.000000, -0.004956, -0.062024, -0.998062, 0.144681, -0.999164, 0.040808, 0.002426, 0.030664, 0.040578, 0.997240, -0.062175, 0.047490, 0.000000, 0.000000, 0.000000, 1.000000
-5.2948, 16.5483, -15.2389, 183.9420, 205.9420, -16.5483, 215.3124, 144.7600, 30.7282, 47.3493, 0.680433, 0.709187, 0.184568, 0.016548, -0.725185, 0.687885, 0.030343, -0.015239, -0.105442, -0.154492, 0.982351, 0.183942, 0.000000, 0.000000, 0.000000, 1.000000, -0.105442, -0.154492, 0.982351, 0.205942, -0.680433, -0.709187, -0.184568, -0.016548, 0.725185, -0.687885, -0.030343, 0.215312, 0.000000, 0.000000, 0.000000, 1.000000, 0.001821, -0.063653, -0.997970, 0.144760, -0.999042, 0.043530, -0.004600, 0.030728, 0.043735, 0.997022, -0.063513, 0.047349, 0.000000, 0.000000, 0.000000, 1.000000
-5.0254, 16.1308, -14.8207, 183.9703, 205.9703, -16.1308, 214.8941, 144.7963, 30.9520, 47.1667, 0.677636, 0.712038, 0.183881, 0.016131, -0.728597, 0.683969, 0.036500, -0.014821, -0.099780, -0.158708, 0.982271, 0.183970, 0.000000, 0.000000, 0.000000, 1.000000, -0.099780, -0.158708, 0.982271, 0.205970, -0.677636, -0.712038, -0.183881, -0.016131, 0.728597, -0.683969, -0.036500, 0.214894, 0.000000, 0.000000, 0.000000, 1.000000, -0.002780, -0.059916, -0.998200, 0.144796, -0.999074, 0.043016, 0.000201, 0.030952, 0.042927, 0.997276, -0.059980, 0.047167, 0.000000, 0.000000, 0.000000, 1.000000
-4.7514, 15.7041, -14.4068, 183.8598, 205.8599, -15.7041, 214.4802, 144.9696, 31.1584, 46.9991, 0.674517, 0.714027, 0.187594, 0.015704, -0.731627, 0.680501, 0.040506, -0.014407, -0.098735, -0.164571, 0.981411, 0.183860, 0.000000, 0.000000, 0.000000, 1.000000, -0.098735, -0.164571, 0.981411, 0.205860, -0.674517, -0.714027, -0.187594, -0.015704, 0.731627, -0.680501, -0.040506, 0.214480, 0.000000, 0.000000, 0.000000, 1.000000, -0.002854, -0.054417, -0.998514, 0.144970, -0.999061, 0.043329, 0.000494, 0.031158, 0.043238, 0.997578, -0.054490, 0.046999, 0.000000, 0.000000, 0.000000, 1.000000
-4.5079, 15.3475, -13.9410, 184.0271, 206.0271, -15.3475, 214.0145, 144.8535, 31.4254, 46.8674, 0.671124, 0.717935, 0.184832, 0.015348, -0.734880, 0.677118, 0.038242, -0.013941, -0.097698, -0.161495, 0.982026, 0.184027, 0.000000, 0.000000, 0.000000, 1.000000, -0.097698, -0.161495, 0.982026, 0.206027, -0.671124, -0.717935, -0.184832, -0.015348, 0.734880, -0.677118, -0.038242, 0.214014, 0.000000, 0.000000, 0.000000, 1.000000, -0.002842, -0.058039, -0.998310, 0.144853, -0.999085, 0.042767, 0.000358, 0.031425, 0.042674, 0.997398, -0.058108, 0.046867, 0.000000, 0.000000, 0.000000, 1.000000
-4.2510, 14.8901, -13.4829, 184.0374, 206.0374, -14.8901, 213.5563, 144.9133, 31.7179, 46.6804, 0.667952, 0.719751, 0.189206, 0.014890, -0.737471, 0.674283, 0.038471, -0.013483, -0.099889, -0.165230, 0.981184, 0.184037, 0.000000, 0.000000, 0.000000, 1.000000, -0.099889, -0.165230, 0.981184, 0.206037, -0.667952, -0.719751, -0.189206, -0.014890, 0.737471, -0.674283, -0.038471, 0.213556, 0.000000, 0.000000, 0.000000, 1.000000, 0.000204, -0.054614, -0.998507, 0.144913, -0.999047, 0.043573, -0.002587, 0.031718, 0.043649, 0.997556, -0.054553, 0.046680, 0.000000, 0.000000, 0.000000, 1.000000
-3.9834, 14.4838, -13.0327, 184.0216, 206.0216, -14.4838, 213.1062, 144.9874, 31.9537, 46.5218, 0.664868, 0.723084, 0.187349, 0.014484, -0.741019, 0.670068, 0.043579, -0.013033, -0.094025, -0.167804, 0.981326, 0.184022, 0.000000, 0.000000, 0.000000, 1.000000, -0.094025, -0.167804, 0.981326, 0.206022, -0.664868, -0.723084, -0.187349, -0.014484, 0.741019, -0.670068, -0.043579, 0.213106, 0.000000, 0.000000, 0.000000, 1.000000, -0.004517, -0.052558, -0.998608, 0.144987, -0.999087, 0.042652, 0.002275, 0.031954, 0.042473, 0.997707, -0.052703, 0.046522, 0.000000, 0.000000, 0.000000, 1.000000
-3.7129, 14.1034, -12.5427, 184.2288, 206.2288, -14.1034, 212.6162, 144.8361, 32.2188, 46.3522, 0.661190, 0.729151, 0.176542, 0.014103, -0.744793, 0.666224, 0.037795, -0.012543, -0.090058, -0.156477, 0.983567, 0.184229, 0.000000, 0.000000, 0.000000, 1.000000, -0.090058, -0.156477, 0.983567, 0.206229, -0.661190, -0.729151, -0.176542, -0.014103, 0.744793, -0.666224, -0.037795, 0.212616, 0.000000, 0.000000, 0.000000, 1.000000, -0.007245, -0.064647, -0.997882, 0.144836, -0.999125, 0.041571, 0.004561, 0.032219, 0.041188, 0.997042, -0.064892, 0.046352, 0.000000, 0.000000, 0.000000, 1.000000
-3.4490, 13.6406, -12.0625, 184.0974, 206.0974, -13.6406, 212.1359, 145.0330, 32.5067, 46.1904, 0.656406, 0.729578, 0.191958, 0.013641, -0.747416, 0.663480, 0.034112, -0.012062, -0.102473, -0.165864, 0.980810, 0.184097, 0.000000, 0.000000, 0.000000, 1.000000, -0.102473, -0.165864, 0.980810, 0.206097, -0.656406, -0.729578, -0.191958, -0.013641, 0.747416, -0.663480, -0.034112, 0.212136, 0.000000, 0.000000, 0.000000, 1.000000, 0.006095, -0.055426, -0.998444, 0.145033, -0.999041, 0.042953, -0.008483, 0.032507, 0.043357, 0.997538, -0.055111, 0.046190, 0.000000, 0.000000, 0.000000, 1.000000
-3.1803, 13.2517, -11.5889, 184.2443, 206.2443, -13.2517, 211.6623, 144.9435, 32.7610, 46.0104, 0.653519, 0.733828, 0.185495, 0.013252, -0.750431, 0.660163, 0.032211, -0.011589, -0.098820, -0.160251, 0.982117, 0.184244, 0.000000, 0.000000, 0.000000, 1.000000, -0.098820, -0.160251, 0.982117, 0.206244, -0.653519, -0.733828, -0.185495, -0.013252, 0.750431, -0.660163, -0.032211, 0.211662, 0.000000, 0.000000, 0.000000, 1.000000, 0.003433, -0.061593, -0.998095, 0.144943, -0.999062, 0.042884, -0.006083, 0.032761, 0.043177, 0.997180, -0.061388, 0.046010, 0.000000, 0.000000, 0.000000, 1.000000
-2.8967, 12.8608, -11.1581, 184.2057, 206.2057, -12.8608, 211.2315, 145.0375, 32.9446, 45.8311, 0.650572, 0.736499, 0.185273, 0.012861, -0.753524, 0.656400, 0.036616, -0.011158, -0.094646, -0.163429, 0.982005, 0.184206, 0.000000, 0.000000, 0.000000, 1.000000, -0.094646, -0.163429, 0.982005, 0.206206, -0.650572, -0.736499, -0.185273, -0.012861, 0.753524, -0.656400, -0.036616, 0.211232, 0.000000, 0.000000, 0.000000, 1.000000, 0.000287, -0.058834, -0.998268, 0.145038, -0.999073, 0.042959, -0.002819, 0.032945, 0.043051, 0.997343, -0.058767, 0.045831, 0.000000, 0.000000, 0.000000, 1.000000
