# Joint_4_Angle(deg), Cam_X(mm), Cam_Y(mm), Cam_Z(mm), Torso_X(mm), Torso_Y(mm), Torso_Z(mm), EE_X(mm), EE_Y(mm), EE_Z(mm), T_cam2marker_flat(16), T_torso2marker_flat(16), T_ee2marker_flat(16)
-9.9354, 18.7855, -19.1002, 185.6843, 207.6843, -18.7855, 219.1737, 137.4074, 43.4889, 43.9536, 0.634055, 0.770432, 0.066395, 0.018785, -0.766348, 0.614567, 0.187130, -0.019100, 0.103367, -0.169532, 0.980089, 0.185684, 0.000000, 0.000000, 0.000000, 1.000000, 0.103367, -0.169532, 0.980089, 0.207684, -0.634055, -0.770432, -0.066395, -0.018785, 0.766348, -0.614567, -0.187130, 0.219174, 0.000000, 0.000000, 0.000000, 1.000000, -0.014955, -0.063402, -0.997876, 0.137407, -0.999500, 0.028761, 0.013152, 0.043489, 0.027867, 0.997574, -0.063800, 0.043954, 0.000000, 0.000000, 0.000000, 1.000000
-9.8099, 18.7366, -19.0378, 185.6921, 207.6921, -18.7366, 219.1112, 137.4876, 43.2661, 43.9499, 0.633786, 0.770674, 0.066159, 0.018737, -0.766718, 0.614613, 0.185455, -0.019038, 0.102263, -0.168264, 0.980423, 0.185692, 0.000000, 0.000000, 0.000000, 1.000000, 0.102263, -0.168264, 0.980423, 0.207692, -0.633786, -0.770674, -0.066159, -0.018737, 0.766718, -0.614613, -0.185455, 0.219111, 0.000000, 0.000000, 0.000000, 1.000000, -0.015962, -0.064609, -0.997783, 0.137488, -0.999489, 0.028671, 0.014133, 0.043266, 0.027694, 0.997499, -0.065033, 0.043950, 0.000000, 0.000000, 0.000000, 1.000000
-9.6798, 18.6812, -18.9081, 185.7059, 207.7059, -18.6812, 218.9816, 137.5518, 43.0885, 43.9786, 0.633807, 0.770576, 0.067097, 0.018681, -0.767414, 0.615604, 0.179183, -0.018908, 0.096769, -0.165058, 0.981525, 0.185706, 0.000000, 0.000000, 0.000000, 1.000000, 0.096769, -0.165058, 0.981525, 0.207706, -0.633807, -0.770576, -0.067097, -0.018681, 0.767414, -0.615604, -0.179183, 0.218982, 0.000000, 0.000000, 0.000000, 1.000000, -0.012762, -0.067847, -0.997614, 0.137552, -0.999511, 0.029365, 0.010789, 0.043088, 0.028563, 0.997264, -0.068188, 0.043979, 0.000000, 0.000000, 0.000000, 1.000000
-9.5445, 18.5236, -18.7531, 185.6308, 207.6308, -18.5236, 218.8266, 137.7140, 42.9882, 43.9625, 0.633830, 0.770387, 0.069018, 0.018524, -0.767148, 0.614753, 0.183199, -0.018753, 0.098705, -0.169064, 0.980650, 0.185631, 0.000000, 0.000000, 0.000000, 1.000000, 0.098705, -0.169064, 0.980650, 0.207631, -0.633830, -0.770387, -0.069018, -0.018524, 0.767148, -0.614753, -0.183199, 0.218827, 0.000000, 0.000000, 0.000000, 1.000000, -0.017059, -0.063692, -0.997824, 0.137714, -0.999454, 0.029325, 0.015215, 0.042988, 0.028293, 0.997539, -0.064157, 0.043962, 0.000000, 0.000000, 0.000000, 1.000000
-9.3962, 18.3727, -18.5656, 185.6092, 207.6092, -18.3727, 218.6390, 137.8266, 42.8733, 43.9581, 0.633048, 0.771053, 0.068758, 0.018373, -0.768093, 0.614589, 0.179760, -0.018566, 0.096347, -0.166609, 0.981305, 0.185609, 0.000000, 0.000000, 0.000000, 1.000000, 0.096347, -0.166609, 0.981305, 0.207609, -0.633048, -0.771053, -0.068758, -0.018373, 0.768093, -0.614589, -0.179760, 0.218639, 0.000000, 0.000000, 0.000000, 1.000000, -0.017062, -0.066049, -0.997670, 0.137827, -0.999471, 0.028743, 0.015190, 0.042873, 0.027673, 0.997402, -0.066505, 0.043958, 0.000000, 0.000000, 0.000000, 1.000000
-9.2654, 18.2051, -18.3253, 185.5241, 207.5241, -18.2051, 218.3988, 137.9795, 42.8574, 43.9859, 0.633179, 0.770867, 0.069633, 0.018205, -0.768014, 0.614559, 0.180197, -0.018325, 0.096114, -0.167576, 0.981163, 0.185524, 0.000000, 0.000000, 0.000000, 1.000000, 0.096114, -0.167576, 0.981163, 0.207524, -0.633179, -0.770867, -0.069633, -0.018205, 0.768014, -0.614559, -0.180197, 0.218399, 0.000000, 0.000000, 0.000000, 1.000000, -0.019150, -0.065015, -0.997701, 0.137979, -0.999428, 0.029064, 0.017289, 0.042857, 0.027873, 0.997461, -0.065534, 0.043986, 0.000000, 0.000000, 0.000000, 1.000000
-9.1367, 18.0960, -18.1956, 185.5585, 207.5585, -18.0960, 218.2691, 138.0303, 42.7132, 43.9679, 0.632469, 0.771423, 0.069928, 0.018096, -0.769057, 0.614623, 0.175471, -0.018196, 0.092383, -0.164759, 0.981998, 0.185558, 0.000000, 0.000000, 0.000000, 1.000000, 0.092383, -0.164759, 0.981998, 0.207558, -0.632469, -0.771423, -0.069928, -0.018096, 0.769057, -0.614623, -0.175471, 0.218269, 0.000000, 0.000000, 0.000000, 1.000000, -0.017470, -0.067770, -0.997548, 0.138030, -0.999467, 0.028692, 0.015555, 0.042713, 0.027567, 0.997288, -0.068235, 0.043968, 0.000000, 0.000000, 0.000000, 1.000000
-8.9976, 17.9627, -17.9862, 185.5726, 207.5726, -17.9627, 218.0597, 138.0957, 42.6234, 43.9819, 0.632895, 0.770457, 0.076426, 0.017963, -0.769327, 0.614708, 0.173983, -0.017986, 0.087066, -0.168909, 0.981779, 0.185573, 0.000000, 0.000000, 0.000000, 1.000000, 0.087066, -0.168909, 0.981779, 0.207573, -0.632895, -0.770457, -0.076426, -0.017963, 0.769327, -0.614708, -0.173983, 0.218060, 0.000000, 0.000000, 0.000000, 1.000000, -0.014741, -0.063560, -0.997869, 0.138096, -0.999472, 0.029840, 0.012864, 0.042623, 0.028959, 0.997532, -0.063967, 0.043982, 0.000000, 0.000000, 0.000000, 1.000000
-8.8761, 17.8263, -17.8179, 185.5211, 207.5211, -17.8263, 217.8913, 138.2206, 42.5504, 43.9846, 0.631868, 0.771847, 0.070682, 0.017826, -0.769988, 0.614672, 0.171164, -0.017818, 0.088666, -0.162577, 0.982704, 0.185521, 0.000000, 0.000000, 0.000000, 1.000000, 0.088666, -0.162577, 0.982704, 0.207521, -0.631868, -0.771847, -0.070682, -0.017826, 0.769988, -0.614672, -0.171164, 0.217891, 0.000000, 0.000000, 0.000000, 1.000000, -0.018142, -0.069823, -0.997394, 0.138221, -0.999460, 0.028611, 0.016176, 0.042550, 0.027407, 0.997149, -0.070305, 0.043985, 0.000000, 0.000000, 0.000000, 1.000000
-8.7475, 17.6623, -17.6306, 185.4925, 207.4925, -17.6623, 217.7040, 138.3289, 42.4901, 43.9716, 0.632323, 0.770679, 0.078874, 0.017662, -0.770358, 0.614737, 0.169253, -0.017631, 0.081953, -0.167784, 0.982412, 0.185493, 0.000000, 0.000000, 0.000000, 1.000000, 0.081953, -0.167784, 0.982412, 0.207493, -0.632323, -0.770679, -0.078874, -0.017662, 0.770358, -0.614737, -0.169253, 0.217704, 0.000000, 0.000000, 0.000000, 1.000000, -0.013857, -0.064559, -0.997818, 0.138329, -0.999481, 0.029920, 0.011944, 0.042490, 0.029083, 0.997465, -0.064940, 0.043972, 0.000000, 0.000000, 0.000000, 1.000000
-8.6153, 17.5327, -17.4534, 185.3903, 207.3903, -17.5327, 217.5268, 138.5091, 42.3970, 43.9964, 0.631233, 0.772090, 0.073632, 0.017533, -0.770747, 0.613861, 0.170656, -0.017453, 0.086562, -0.164475, 0.982576, 0.185390, 0.000000, 0.000000, 0.000000, 1.000000, 0.086562, -0.164475, 0.982576, 0.207390, -0.631233, -0.772090, -0.073632, -0.017533, 0.770747, -0.613861, -0.170656, 0.217527, 0.000000, 0.000000, 0.000000, 1.000000, -0.020411, -0.067725, -0.997495, 0.138509, -0.999428, 0.028277, 0.018531, 0.042397, 0.026951, 0.997303, -0.068263, 0.043996, 0.000000, 0.000000, 0.000000, 1.000000
-8.4979, 17.3604, -17.2609, 185.4370, 207.4370, -17.3604, 217.3343, 138.5370, 42.3669, 43.9627, 0.632221, 0.770306, 0.083219, 0.017360, -0.770973, 0.614822, 0.166117, -0.017261, 0.076796, -0.169182, 0.982588, 0.185437, 0.000000, 0.000000, 0.000000, 1.000000, 0.076796, -0.169182, 0.982588, 0.207437, -0.632221, -0.770306, -0.083219, -0.017360, 0.770973, -0.614822, -0.166117, 0.217334, 0.000000, 0.000000, 0.000000, 1.000000, -0.013071, -0.063035, -0.997926, 0.138537, -0.999470, 0.030593, 0.011158, 0.042367, 0.029826, 0.997542, -0.063401, 0.043963, 0.000000, 0.000000, 0.000000, 1.000000
-8.3753, 17.2419, -17.0979, 185.3585, 207.3585, -17.2419, 217.1714, 138.6889, 42.2768, 43.9824, 0.630920, 0.772059, 0.076584, 0.017242, -0.771554, 0.613994, 0.166480, -0.017098, 0.081510, -0.164124, 0.983066, 0.185358, 0.000000, 0.000000, 0.000000, 1.000000, 0.081510, -0.164124, 0.983066, 0.207358, -0.630920, -0.772059, -0.076584, -0.017242, 0.771554, -0.613994, -0.166480, 0.217171, 0.000000, 0.000000, 0.000000, 1.000000, -0.019491, -0.067968, -0.997497, 0.138689, -0.999435, 0.028660, 0.017576, 0.042277, 0.027394, 0.997276, -0.068489, 0.043982, 0.000000, 0.000000, 0.000000, 1.000000
-8.2542, 17.1115, -16.9710, 185.3790, 207.3790, -17.1115, 217.0445, 138.7524, 42.1619, 43.9494, 0.631297, 0.770966, 0.084114, 0.017111, -0.772273, 0.614981, 0.159351, -0.016971, 0.071126, -0.165557, 0.983632, 0.185379, 0.000000, 0.000000, 0.000000, 1.000000, 0.071126, -0.165557, 0.983632, 0.207379, -0.631297, -0.770966, -0.084114, -0.017111, 0.772273, -0.614981, -0.159351, 0.217044, 0.000000, 0.000000, 0.000000, 1.000000, -0.011434, -0.066550, -0.997718, 0.138752, -0.999495, 0.030344, 0.009431, 0.042162, 0.029647, 0.997322, -0.066863, 0.043949, 0.000000, 0.000000, 0.000000, 1.000000
-8.1229, 17.0029, -16.8012, 185.4062, 207.4062, -17.0029, 216.8747, 138.8058, 42.0422, 43.9568, 0.630603, 0.772004, 0.079689, 0.017003, -0.772305, 0.614050, 0.162750, -0.016801, 0.076711, -0.164175, 0.983444, 0.185406, 0.000000, 0.000000, 0.000000, 1.000000, 0.076711, -0.164175, 0.983444, 0.207406, -0.630603, -0.772004, -0.079689, -0.017003, 0.772305, -0.614050, -0.162750, 0.216875, 0.000000, 0.000000, 0.000000, 1.000000, -0.019045, -0.067796, -0.997517, 0.138806, -0.999432, 0.029040, 0.017108, 0.042042, 0.027808, 0.997277, -0.068310, 0.043957, 0.000000, 0.000000, 0.000000, 1.000000
-7.9853, 16.8378, -16.6156, 185.3348, 207.3348, -16.8378, 216.6891, 138.9649, 41.9606, 43.9516, 0.630910, 0.771105, 0.085737, 0.016838, -0.772827, 0.614842, 0.157188, -0.016616, 0.068494, -0.165431, 0.983840, 0.185335, 0.000000, 0.000000, 0.000000, 1.000000, 0.068494, -0.165431, 0.983840, 0.207335, -0.630910, -0.771105, -0.085737, -0.016838, 0.772827, -0.614842, -0.157188, 0.216689, 0.000000, 0.000000, 0.000000, 1.000000, -0.013409, -0.066523, -0.997695, 0.138965, -0.999471, 0.030453, 0.011402, 0.041961, 0.029624, 0.997320, -0.066897, 0.043952, 0.000000, 0.000000, 0.000000, 1.000000
-7.8554, 16.6982, -16.4317, 185.3458, 207.3458, -16.6982, 216.5051, 139.0353, 41.8754, 43.9466, 0.630130, 0.771793, 0.085272, 0.016698, -0.773204, 0.613577, 0.160249, -0.016432, 0.071358, -0.166910, 0.983387, 0.185346, 0.000000, 0.000000, 0.000000, 1.000000, 0.071358, -0.166910, 0.983387, 0.207346, -0.630130, -0.771793, -0.085272, -0.016698, 0.773204, -0.613577, -0.160249, 0.216505, 0.000000, 0.000000, 0.000000, 1.000000, -0.018273, -0.064883, -0.997726, 0.139035, -0.999437, 0.029272, 0.016401, 0.041875, 0.028141, 0.997463, -0.065382, 0.043947, 0.000000, 0.000000, 0.000000, 1.000000
-7.7098, 16.5765, -16.2387, 185.3193, 207.3193, -16.5765, 216.3122, 139.1497, 41.7502, 43.9694, 0.630063, 0.771649, 0.087052, 0.016576, -0.773980, 0.614925, 0.151069, -0.016239, 0.063042, -0.162560, 0.984683, 0.185319, 0.000000, 0.000000, 0.000000, 1.000000, 0.063042, -0.162560, 0.984683, 0.207319, -0.630063, -0.771649, -0.087052, -0.016576, 0.773980, -0.614925, -0.151069, 0.216312, 0.000000, 0.000000, 0.000000, 1.000000, -0.012580, -0.069262, -0.997519, 0.139150, -0.999484, 0.030343, 0.010498, 0.041750, 0.029540, 0.997137, -0.069608, 0.043969, 0.000000, 0.000000, 0.000000, 1.000000
-7.5698, 16.4282, -16.0656, 185.2480, 207.2480, -16.4282, 216.1390, 139.3114, 41.6414, 43.9702, 0.630062, 0.771161, 0.091278, 0.016428, -0.773991, 0.614113, 0.154282, -0.016066, 0.062921, -0.167856, 0.983801, 0.185248, 0.000000, 0.000000, 0.000000, 1.000000, 0.062921, -0.167856, 0.983801, 0.207248, -0.630062, -0.771161, -0.091278, -0.016428, 0.773991, -0.614113, -0.154282, 0.216139, 0.000000, 0.000000, 0.000000, 1.000000, -0.014902, -0.063821, -0.997850, 0.139311, -0.999452, 0.030455, 0.012978, 0.041641, 0.029561, 0.997497, -0.064239, 0.043970, 0.000000, 0.000000, 0.000000, 1.000000
-7.4393, 16.2954, -15.8750, 185.3249, 207.3249, -16.2954, 215.9485, 139.3169, 41.5516, 43.9593, 0.629320, 0.771951, 0.089706, 0.016295, -0.774957, 0.614697, 0.146932, -0.015875, 0.058283, -0.161986, 0.985070, 0.185325, 0.000000, 0.000000, 0.000000, 1.000000, 0.058283, -0.161986, 0.985070, 0.207325, -0.629320, -0.771951, -0.089706, -0.016295, 0.774957, -0.614697, -0.146932, 0.215948, 0.000000, 0.000000, 0.000000, 1.000000, -0.012384, -0.069682, -0.997492, 0.139317, -0.999489, 0.030274, 0.010294, 0.041552, 0.029481, 0.997110, -0.070021, 0.043959, 0.000000, 0.000000, 0.000000, 1.000000
-7.3200, 16.1396, -15.6942, 185.2200, 207.2200, -16.1396, 215.7676, 139.4967, 41.5047, 43.9664, 0.629615, 0.771208, 0.093932, 0.016140, -0.774700, 0.614111, 0.150691, -0.015694, 0.058530, -0.167647, 0.984108, 0.185220, 0.000000, 0.000000, 0.000000, 1.000000, 0.058530, -0.167647, 0.984108, 0.207220, -0.629615, -0.771208, -0.093932, -0.016140, 0.774700, -0.614111, -0.150691, 0.215768, 0.000000, 0.000000, 0.000000, 1.000000, -0.014796, -0.063898, -0.997847, 0.139497, -0.999446, 0.030692, 0.012855, 0.041505, 0.029804, 0.997484, -0.064317, 0.043966, 0.000000, 0.000000, 0.000000, 1.000000
-7.1741, 16.0177, -15.5079, 185.2862, 207.2862, -16.0177, 215.5814, 139.5235, 41.3680, 43.9639, 0.629082, 0.771861, 0.092117, 0.016018, -0.775504, 0.615038, 0.142553, -0.015508, 0.053376, -0.161114, 0.985491, 0.185286, 0.000000, 0.000000, 0.000000, 1.000000, 0.053376, -0.161114, 0.985491, 0.207286, -0.629082, -0.771861, -0.092117, -0.016018, 0.775504, -0.615038, -0.142553, 0.215581, 0.000000, 0.000000, 0.000000, 1.000000, -0.012107, -0.070435, -0.997443, 0.139524, -0.999474, 0.030880, 0.009951, 0.041368, 0.030100, 0.997038, -0.070771, 0.043964, 0.000000, 0.000000, 0.000000, 1.000000
-7.0453, 15.8519, -15.3310, 185.1340, 207.1341, -15.8519, 215.4045, 139.7590, 41.3023, 43.9717, 0.629127, 0.771456, 0.095153, 0.015852, -0.775310, 0.614036, 0.147831, -0.015331, 0.055618, -0.166777, 0.984425, 0.185134, 0.000000, 0.000000, 0.000000, 1.000000, 0.055618, -0.166777, 0.984425, 0.207134, -0.629127, -0.771456, -0.095153, -0.015852, 0.775310, -0.614036, -0.147831, 0.215404, 0.000000, 0.000000, 0.000000, 1.000000, -0.016574, -0.064621, -0.997772, 0.139759, -0.999420, 0.030747, 0.014610, 0.041302, 0.029735, 0.997436, -0.065093, 0.043972, 0.000000, 0.000000, 0.000000, 1.000000
-6.9148, 15.7125, -15.1487, 185.1888, 207.1888, -15.7125, 215.2221, 139.7898, 41.2107, 43.9560, 0.628723, 0.771868, 0.094482, 0.015713, -0.775916, 0.614628, 0.142083, -0.015149, 0.051598, -0.162641, 0.985335, 0.185189, 0.000000, 0.000000, 0.000000, 1.000000, 0.051598, -0.162641, 0.985335, 0.207189, -0.628723, -0.771868, -0.094482, -0.015713, 0.775916, -0.614628, -0.142083, 0.215222, 0.000000, 0.000000, 0.000000, 1.000000, -0.014773, -0.068741, -0.997525, 0.139790, -0.999441, 0.030934, 0.012670, 0.041211, 0.029987, 0.997155, -0.069159, 0.043956, 0.000000, 0.000000, 0.000000, 1.000000
-6.7942, 15.5598, -14.9701, 185.1236, 207.1236, -15.5598, 215.0435, 139.9333, 41.1534, 43.9550, 0.628816, 0.771117, 0.099849, 0.015560, -0.775937, 0.614035, 0.144508, -0.014970, 0.050122, -0.168345, 0.984453, 0.185124, 0.000000, 0.000000, 0.000000, 1.000000, 0.050122, -0.168345, 0.984453, 0.207124, -0.628816, -0.771117, -0.099849, -0.015560, 0.775937, -0.614035, -0.144508, 0.215044, 0.000000, 0.000000, 0.000000, 1.000000, -0.015453, -0.062908, -0.997900, 0.139933, -0.999419, 0.031299, 0.013503, 0.041153, 0.030384, 0.997528, -0.063355, 0.043955, 0.000000, 0.000000, 0.000000, 1.000000
-6.6711, 15.4204, -14.7604, 185.1760, 207.1760, -15.4204, 214.8338, 139.9572, 41.1019, 43.9556, 0.627989, 0.771679, 0.100708, 0.015420, -0.777023, 0.614565, 0.136183, -0.014760, 0.043198, -0.163774, 0.985552, 0.185176, 0.000000, 0.000000, 0.000000, 1.000000, 0.043198, -0.163774, 0.985552, 0.207176, -0.627989, -0.771679, -0.100708, -0.015420, 0.777023, -0.614565, -0.136183, 0.214834, 0.000000, 0.000000, 0.000000, 1.000000, -0.010549, -0.067466, -0.997666, 0.139957, -0.999473, 0.031335, 0.008449, 0.041102, 0.030692, 0.997229, -0.067761, 0.043956, 0.000000, 0.000000, 0.000000, 1.000000
-6.5485, 15.2908, -14.5974, 185.1689, 207.1689, -15.2908, 214.6708, 140.0452, 41.0106, 43.9505, 0.627903, 0.771412, 0.103253, 0.015291, -0.777178, 0.614367, 0.136186, -0.014597, 0.041620, -0.165757, 0.985288, 0.185169, 0.000000, 0.000000, 0.000000, 1.000000, 0.041620, -0.165757, 0.985288, 0.207169, -0.627903, -0.771412, -0.103253, -0.015291, 0.777178, -0.614367, -0.136186, 0.214671, 0.000000, 0.000000, 0.000000, 1.000000, -0.011114, -0.065394, -0.997798, 0.140045, -0.999461, 0.031557, 0.009064, 0.041011, 0.030895, 0.997360, -0.065709, 0.043950, 0.000000, 0.000000, 0.000000, 1.000000
-6.4187, 15.1595, -14.4881, 185.1338, 207.1338, -15.1595, 214.5615, 140.1751, 40.8606, 43.9193, 0.627579, 0.771179, 0.106905, 0.015160, -0.777624, 0.614183, 0.134463, -0.014488, 0.038036, -0.167518, 0.985135, 0.185134, 0.000000, 0.000000, 0.000000, 1.000000, 0.038036, -0.167518, 0.985135, 0.207134, -0.627579, -0.771179, -0.106905, -0.015160, 0.777624, -0.614183, -0.134463, 0.214562, 0.000000, 0.000000, 0.000000, 1.000000, -0.009765, -0.063541, -0.997931, 0.140175, -0.999465, 0.031762, 0.007758, 0.040861, 0.031203, 0.997474, -0.063817, 0.043919, 0.000000, 0.000000, 0.000000, 1.000000
-6.2932, 15.0390, -14.2951, 185.1025, 207.1025, -15.0390, 214.3686, 140.2828, 40.7811, 43.9441, 0.627128, 0.772196, 0.102091, 0.015039, -0.777944, 0.614395, 0.131614, -0.014295, 0.038907, -0.161960, 0.986030, 0.185102, 0.000000, 0.000000, 0.000000, 1.000000, 0.038907, -0.161960, 0.986030, 0.207102, -0.627128, -0.772196, -0.102091, -0.015039, 0.777944, -0.614395, -0.131614, 0.214369, 0.000000, 0.000000, 0.000000, 1.000000, -0.012676, -0.069080, -0.997531, 0.140283, -0.999455, 0.031271, 0.010535, 0.040781, 0.030466, 0.997121, -0.069439, 0.043944, 0.000000, 0.000000, 0.000000, 1.000000
-6.1530, 14.8859, -14.1202, 185.0839, 207.0839, -14.8859, 214.1936, 140.3971, 40.6701, 43.9301, 0.626957, 0.771508, 0.108171, 0.014886, -0.778307, 0.614213, 0.130309, -0.014120, 0.034095, -0.165888, 0.985555, 0.185084, 0.000000, 0.000000, 0.000000, 1.000000, 0.034095, -0.165888, 0.985555, 0.207084, -0.626957, -0.771508, -0.108171, -0.014886, 0.778307, -0.614213, -0.130309, 0.214194, 0.000000, 0.000000, 0.000000, 1.000000, -0.010352, -0.065038, -0.997829, 0.140397, -0.999459, 0.031830, 0.008294, 0.040670, 0.031222, 0.997375, -0.065333, 0.043930, 0.000000, 0.000000, 0.000000, 1.000000
-6.0256, 14.7673, -13.9281, 185.0922, 207.0922, -14.7673, 214.0016, 140.4680, 40.5822, 43.9468, 0.626276, 0.772494, 0.105032, 0.014767, -0.778866, 0.614130, 0.127330, -0.013928, 0.033858, -0.161549, 0.986284, 0.185092, 0.000000, 0.000000, 0.000000, 1.000000, 0.033858, -0.161549, 0.986284, 0.207092, -0.626276, -0.772494, -0.105032, -0.014767, 0.778866, -0.614130, -0.127330, 0.214002, 0.000000, 0.000000, 0.000000, 1.000000, -0.012142, -0.069340, -0.997519, 0.140468, -0.999463, 0.031190, 0.009998, 0.040582, 0.030419, 0.997105, -0.069682, 0.043947, 0.000000, 0.000000, 0.000000, 1.000000
-5.9027, 14.6313, -13.7429, 185.0091, 207.0091, -14.6313, 213.8163, 140.6290, 40.5129, 43.9669, 0.626591, 0.771937, 0.107222, 0.014631, -0.778667, 0.614339, 0.127534, -0.013743, 0.032577, -0.163402, 0.986022, 0.185009, 0.000000, 0.000000, 0.000000, 1.000000, 0.032577, -0.163402, 0.986022, 0.207009, -0.626591, -0.771937, -0.107222, -0.014631, 0.778667, -0.614339, -0.127534, 0.213816, 0.000000, 0.000000, 0.000000, 1.000000, -0.013122, -0.067410, -0.997639, 0.140629, -0.999431, 0.031889, 0.010991, 0.040513, 0.031073, 0.997216, -0.067791, 0.043967, 0.000000, 0.000000, 0.000000, 1.000000
-5.7832, 14.5001, -13.5639, 185.0926, 207.0926, -14.5001, 213.6374, 140.6261, 40.4392, 43.9490, 0.625742, 0.772891, 0.105291, 0.014500, -0.779430, 0.614248, 0.123241, -0.013564, 0.030577, -0.159184, 0.986775, 0.185093, 0.000000, 0.000000, 0.000000, 1.000000, 0.030577, -0.159184, 0.986775, 0.207093, -0.625742, -0.772891, -0.105291, -0.014500, 0.779430, -0.614248, -0.123241, 0.213637, 0.000000, 0.000000, 0.000000, 1.000000, -0.012998, -0.071595, -0.997349, 0.140626, -0.999453, 0.031279, 0.010780, 0.040439, 0.030425, 0.996943, -0.071962, 0.043949, 0.000000, 0.000000, 0.000000, 1.000000
-5.6566, 14.3748, -13.4290, 185.0439, 207.0439, -14.3748, 213.5025, 140.7628, 40.3126, 43.9405, 0.625574, 0.771505, 0.115919, 0.014375, -0.779871, 0.614319, 0.120058, -0.013429, 0.021414, -0.165507, 0.985976, 0.185044, 0.000000, 0.000000, 0.000000, 1.000000, 0.021414, -0.165507, 0.985976, 0.207044, -0.625574, -0.771505, -0.115919, -0.014375, 0.779871, -0.614319, -0.120058, 0.213502, 0.000000, 0.000000, 0.000000, 1.000000, -0.006192, -0.065148, -0.997856, 0.140763, -0.999464, 0.032469, 0.004082, 0.040313, 0.032133, 0.997347, -0.065314, 0.043940, 0.000000, 0.000000, 0.000000, 1.000000
-5.5213, 14.2373, -13.2565, 185.0651, 207.0651, -14.2373, 213.3299, 140.8342, 40.2001, 43.9281, 0.625252, 0.772197, 0.113016, 0.014237, -0.780102, 0.614253, 0.118888, -0.013256, 0.022385, -0.162499, 0.986455, 0.185065, 0.000000, 0.000000, 0.000000, 1.000000, 0.022385, -0.162499, 0.986455, 0.207065, -0.625252, -0.772197, -0.113016, -0.014237, 0.780102, -0.614253, -0.118888, 0.213330, 0.000000, 0.000000, 0.000000, 1.000000, -0.009407, -0.068107, -0.997634, 0.140834, -0.999459, 0.032093, 0.007233, 0.040200, 0.031525, 0.997162, -0.068372, 0.043928, 0.000000, 0.000000, 0.000000, 1.000000
-5.3791, 14.0948, -13.0686, 185.0374, 207.0374, -14.0948, 213.1421, 140.9566, 40.0868, 43.9320, 0.625161, 0.771584, 0.117606, 0.014095, -0.780249, 0.614038, 0.119033, -0.013069, 0.019629, -0.166177, 0.985901, 0.185037, 0.000000, 0.000000, 0.000000, 1.000000, 0.019629, -0.166177, 0.985901, 0.207037, -0.625161, -0.771584, -0.117606, -0.014095, 0.780249, -0.614038, -0.119033, 0.213142, 0.000000, 0.000000, 0.000000, 1.000000, -0.009167, -0.064310, -0.997888, 0.140957, -0.999446, 0.032524, 0.007085, 0.040087, 0.031999, 0.997400, -0.064572, 0.043932, 0.000000, 0.000000, 0.000000, 1.000000
-5.2526, 13.9665, -12.8622, 184.9939, 206.9939, -13.9665, 212.9356, 141.0787, 40.0182, 43.9613, 0.624606, 0.772957, 0.111380, 0.013966, -0.780666, 0.614220, 0.115303, -0.012862, 0.020712, -0.158969, 0.987066, 0.184994, 0.000000, 0.000000, 0.000000, 1.000000, 0.020712, -0.158969, 0.987066, 0.206994, -0.624606, -0.772957, -0.111380, -0.013966, 0.780666, -0.614220, -0.115303, 0.212936, 0.000000, 0.000000, 0.000000, 1.000000, -0.012270, -0.071520, -0.997364, 0.141079, -0.999442, 0.031875, 0.010010, 0.040018, 0.031075, 0.996930, -0.071871, 0.043961, 0.000000, 0.000000, 0.000000, 1.000000
-5.1201, 13.8127, -12.6911, 184.9841, 206.9841, -13.8127, 212.7646, 141.1823, 39.9211, 43.9425, 0.624550, 0.771795, 0.119459, 0.013813, -0.780854, 0.614299, 0.113595, -0.012691, 0.014289, -0.164226, 0.986319, 0.184984, 0.000000, 0.000000, 0.000000, 1.000000, 0.014289, -0.164226, 0.986319, 0.206984, -0.624550, -0.771795, -0.119459, -0.013813, 0.780854, -0.614299, -0.113595, 0.212765, 0.000000, 0.000000, 0.000000, 1.000000, -0.008291, -0.066137, -0.997776, 0.141182, -0.999441, 0.032870, 0.006126, 0.039921, 0.032391, 0.997269, -0.066372, 0.043943, 0.000000, 0.000000, 0.000000, 1.000000
-4.9953, 13.6862, -12.5001, 185.0434, 207.0434, -13.6862, 212.5735, 141.2056, 39.8415, 43.9409, 0.624246, 0.772574, 0.115962, 0.013686, -0.781116, 0.614729, 0.109389, -0.012500, 0.013226, -0.158866, 0.987212, 0.185043, 0.000000, 0.000000, 0.000000, 1.000000, 0.013226, -0.158866, 0.987212, 0.207043, -0.624246, -0.772574, -0.115962, -0.013686, 0.781116, -0.614729, -0.109389, 0.212574, 0.000000, 0.000000, 0.000000, 1.000000, -0.009342, -0.071483, -0.997398, 0.141206, -0.999436, 0.032831, 0.007008, 0.039842, 0.032245, 0.996901, -0.071750, 0.043941, 0.000000, 0.000000, 0.000000, 1.000000
-4.8790, 13.5136, -12.3383, 184.8912, 206.8912, -13.5136, 212.4118, 141.4417, 39.7893, 43.9345, 0.624264, 0.771425, 0.123283, 0.013514, -0.781130, 0.614069, 0.112935, -0.012338, 0.011417, -0.166801, 0.985924, 0.184891, 0.000000, 0.000000, 0.000000, 1.000000, 0.011417, -0.166801, 0.985924, 0.206891, -0.624264, -0.771425, -0.123283, -0.013514, 0.781130, -0.614069, -0.112935, 0.212412, 0.000000, 0.000000, 0.000000, 1.000000, -0.009609, -0.063392, -0.997942, 0.141442, -0.999420, 0.033209, 0.007514, 0.039789, 0.032664, 0.997436, -0.063674, 0.043935, 0.000000, 0.000000, 0.000000, 1.000000
-4.7505, 13.3960, -12.1517, 184.9934, 206.9934, -13.3960, 212.2252, 141.4257, 39.6910, 43.9275, 0.623581, 0.772856, 0.117643, 0.013396, -0.781679, 0.614270, 0.107933, -0.012152, 0.011152, -0.159264, 0.987173, 0.184993, 0.000000, 0.000000, 0.000000, 1.000000, 0.011152, -0.159264, 0.987173, 0.206993, -0.623581, -0.772856, -0.117643, -0.013396, 0.781679, -0.614270, -0.107933, 0.212225, 0.000000, 0.000000, 0.000000, 1.000000, -0.011393, -0.070940, -0.997416, 0.141426, -0.999427, 0.032602, 0.009097, 0.039691, 0.031872, 0.996948, -0.071271, 0.043927, 0.000000, 0.000000, 0.000000, 1.000000
-4.6290, 13.2104, -11.9692, 184.8734, 206.8734, -13.2104, 212.0427, 141.6343, 39.6489, 43.9156, 0.623283, 0.770997, 0.130696, 0.013210, -0.781991, 0.613919, 0.107670, -0.011969, 0.002776, -0.169312, 0.985559, 0.184873, 0.000000, 0.000000, 0.000000, 1.000000, 0.002776, -0.169312, 0.985559, 0.206873, -0.623283, -0.770997, -0.130696, -0.013210, 0.781991, -0.613919, -0.107670, 0.212043, 0.000000, 0.000000, 0.000000, 1.000000, -0.005261, -0.060705, -0.998142, 0.141634, -0.999429, 0.033633, 0.003223, 0.039649, 0.033375, 0.997589, -0.060847, 0.043916, 0.000000, 0.000000, 0.000000, 1.000000
-4.4965, 13.1378, -11.8225, 184.9043, 206.9043, -13.1378, 211.8959, 141.6883, 39.4823, 43.9369, 0.622926, 0.772334, 0.124352, 0.013138, -0.782257, 0.613737, 0.106776, -0.011822, 0.006147, -0.163789, 0.986476, 0.184904, 0.000000, 0.000000, 0.000000, 1.000000, 0.006147, -0.163789, 0.986476, 0.206904, -0.622926, -0.772334, -0.124352, -0.013138, 0.782257, -0.613737, -0.106776, 0.211896, 0.000000, 0.000000, 0.000000, 1.000000, -0.010752, -0.066221, -0.997747, 0.141688, -0.999425, 0.032812, 0.008592, 0.039482, 0.032170, 0.997265, -0.066536, 0.043937, 0.000000, 0.000000, 0.000000, 1.000000
-4.3655, 12.9754, -11.6602, 184.9115, 206.9115, -12.9754, 211.7337, 141.7787, 39.3854, 43.9023, 0.622643, 0.770882, 0.134372, 0.012975, -0.782506, 0.613439, 0.106663, -0.011660, -0.000204, -0.171560, 0.985174, 0.184912, 0.000000, 0.000000, 0.000000, 1.000000, -0.000204, -0.171560, 0.985174, 0.206912, -0.622643, -0.770882, -0.134372, -0.012975, 0.782506, -0.613439, -0.106663, 0.211734, 0.000000, 0.000000, 0.000000, 1.000000, -0.006768, -0.058275, -0.998278, 0.141779, -0.999424, 0.033596, 0.004814, 0.039385, 0.033257, 0.997735, -0.058469, 0.043902, 0.000000, 0.000000, 0.000000, 1.000000
-4.2394, 12.8613, -11.4543, 184.9290, 206.9290, -12.8613, 211.5278, 141.8413, 39.3066, 43.9285, 0.621850, 0.772804, 0.126795, 0.012861, -0.783136, 0.613690, 0.100412, -0.011454, -0.000214, -0.161739, 0.986834, 0.184929, 0.000000, 0.000000, 0.000000, 1.000000, -0.000214, -0.161739, 0.986834, 0.206929, -0.621850, -0.772804, -0.126795, -0.012861, 0.783136, -0.613690, -0.100412, 0.211528, 0.000000, 0.000000, 0.000000, 1.000000, -0.008727, -0.068150, -0.997637, 0.141841, -0.999441, 0.032794, 0.006502, 0.039307, 0.032273, 0.997136, -0.068398, 0.043928, 0.000000, 0.000000, 0.000000, 1.000000
-4.0891, 12.6953, -11.3053, 184.8093, 206.8093, -12.6953, 211.3787, 142.0716, 39.1525, 43.9126, 0.622228, 0.770947, 0.135916, 0.012695, -0.782831, 0.613416, 0.104387, -0.011305, -0.002897, -0.171352, 0.985206, 0.184809, 0.000000, 0.000000, 0.000000, 1.000000, -0.002897, -0.171352, 0.985206, 0.206809, -0.622228, -0.770947, -0.135916, -0.012695, 0.782831, -0.613416, -0.104387, 0.211379, 0.000000, 0.000000, 0.000000, 1.000000, -0.008847, -0.058324, -0.998259, 0.142072, -0.999404, 0.033819, 0.006882, 0.039153, 0.033359, 0.997725, -0.058588, 0.043913, 0.000000, 0.000000, 0.000000, 1.000000
-3.9658, 12.5959, -11.0966, 184.9242, 206.9242, -12.5959, 211.1700, 142.0349, 39.0744, 43.9296, 0.621278, 0.772932, 0.128803, 0.012596, -0.783573, 0.613906, 0.095566, -0.011097, -0.005207, -0.160300, 0.987055, 0.184924, 0.000000, 0.000000, 0.000000, 1.000000, -0.005207, -0.160300, 0.987055, 0.206924, -0.621278, -0.772932, -0.128803, -0.012596, 0.783573, -0.613906, -0.095566, 0.211170, 0.000000, 0.000000, 0.000000, 1.000000, -0.008473, -0.069447, -0.997550, 0.142035, -0.999429, 0.033225, 0.006176, 0.039074, 0.032715, 0.997032, -0.069689, 0.043930, 0.000000, 0.000000, 0.000000, 1.000000
-3.8415, 12.4247, -10.9294, 184.8433, 206.8433, -12.4247, 211.0028, 142.2087, 39.0016, 43.9112, 0.621191, 0.771353, 0.138337, 0.012425, -0.783609, 0.613402, 0.098466, -0.010929, -0.008904, -0.169568, 0.985478, 0.184843, 0.000000, 0.000000, 0.000000, 1.000000, -0.008904, -0.169568, 0.985478, 0.206843, -0.621191, -0.771353, -0.138337, -0.012425, 0.783609, -0.613402, -0.098466, 0.211003, 0.000000, 0.000000, 0.000000, 1.000000, -0.007022, -0.059989, -0.998174, 0.142209, -0.999415, 0.033832, 0.004998, 0.039002, 0.033471, 0.997626, -0.060192, 0.043911, 0.000000, 0.000000, 0.000000, 1.000000
-3.7299, 12.3102, -10.7184, 184.8932, 206.8933, -12.3102, 210.7918, 142.2306, 38.9627, 43.9326, 0.620708, 0.772952, 0.131403, 0.012310, -0.783980, 0.613981, 0.091667, -0.010718, -0.009825, -0.159916, 0.987082, 0.184893, 0.000000, 0.000000, 0.000000, 1.000000, -0.009825, -0.159916, 0.987082, 0.206893, -0.620708, -0.772952, -0.131403, -0.012310, 0.783980, -0.613981, -0.091667, 0.210792, 0.000000, 0.000000, 0.000000, 1.000000, -0.007934, -0.069697, -0.997537, 0.142231, -0.999421, 0.033562, 0.005604, 0.038963, 0.033089, 0.997004, -0.069922, 0.043933, 0.000000, 0.000000, 0.000000, 1.000000
-3.6101, 12.1412, -10.5568, 184.8491, 206.8491, -12.1413, 210.6303, 142.3665, 38.8951, 43.9043, 0.620592, 0.771916, 0.137882, 0.012141, -0.784047, 0.613476, 0.094437, -0.010557, -0.011690, -0.166713, 0.985936, 0.184849, 0.000000, 0.000000, 0.000000, 1.000000, -0.011690, -0.166713, 0.985936, 0.206849, -0.620592, -0.771916, -0.137882, -0.012141, 0.784047, -0.613476, -0.094437, 0.210630, 0.000000, 0.000000, 0.000000, 1.000000, -0.008177, -0.062749, -0.997996, 0.142367, -0.999409, 0.033834, 0.006061, 0.038895, 0.033386, 0.997456, -0.062988, 0.043904, 0.000000, 0.000000, 0.000000, 1.000000
-3.4721, 12.0686, -10.4069, 184.9011, 206.9011, -12.0686, 210.4804, 142.4045, 38.7167, 43.9226, 0.619829, 0.773010, 0.135160, 0.012069, -0.784607, 0.613597, 0.088825, -0.010407, -0.014271, -0.161104, 0.986834, 0.184901, 0.000000, 0.000000, 0.000000, 1.000000, -0.014271, -0.161104, 0.986834, 0.206901, -0.619829, -0.773010, -0.135160, -0.012069, 0.784607, -0.613597, -0.088825, 0.210480, 0.000000, 0.000000, 0.000000, 1.000000, -0.007854, -0.068352, -0.997630, 0.142405, -0.999423, 0.033514, 0.005572, 0.038717, 0.033054, 0.997098, -0.068576, 0.043923, 0.000000, 0.000000, 0.000000, 1.000000
-3.3407, 11.8781, -10.2128, 184.8361, 206.8361, -11.8781, 210.2862, 142.5694, 38.6582, 43.9011, 0.619140, 0.772228, 0.142583, 0.011878, -0.784936, 0.613961, 0.083232, -0.010213, -0.023267, -0.163451, 0.986277, 0.184836, 0.000000, 0.000000, 0.000000, 1.000000, -0.023267, -0.163451, 0.986277, 0.206836, -0.619140, -0.772228, -0.142583, -0.011878, 0.784936, -0.613961, -0.083232, 0.210286, 0.000000, 0.000000, 0.000000, 1.000000, -0.001217, -0.065884, -0.997827, 0.142569, -0.999408, 0.034388, -0.001052, 0.038658, 0.034382, 0.997235, -0.065887, 0.043901, 0.000000, 0.000000, 0.000000, 1.000000
-3.2214, 11.7570, -10.0142, 184.8597, 206.8597, -11.7570, 210.0876, 142.6262, 38.5934, 43.9161, 0.619142, 0.772224, 0.142595, 0.011757, -0.784972, 0.613687, 0.084896, -0.010014, -0.021950, -0.164496, 0.986134, 0.184860, 0.000000, 0.000000, 0.000000, 1.000000, -0.021950, -0.164496, 0.986134, 0.206860, -0.619142, -0.772224, -0.142595, -0.011757, 0.784972, -0.613687, -0.084896, 0.210088, 0.000000, 0.000000, 0.000000, 1.000000, -0.004576, -0.064761, -0.997890, 0.142626, -0.999409, 0.034287, 0.002357, 0.038593, 0.034062, 0.997312, -0.064880, 0.043916, 0.000000, 0.000000, 0.000000, 1.000000
-3.0909, 11.5836, -9.8875, 184.7026, 206.7026, -11.5836, 209.9609, 142.8857, 38.4698, 43.8900, 0.619274, 0.770750, 0.149815, 0.011584, -0.784858, 0.613073, 0.090217, -0.009887, -0.022312, -0.173453, 0.984589, 0.184703, 0.000000, 0.000000, 0.000000, 1.000000, -0.022312, -0.173453, 0.984589, 0.206703, -0.619274, -0.770750, -0.149815, -0.011584, 0.784858, -0.613073, -0.090217, 0.209961, 0.000000, 0.000000, 0.000000, 1.000000, -0.006539, -0.055604, -0.998432, 0.142886, -0.999390, 0.034625, 0.004617, 0.038470, 0.034314, 0.997852, -0.055796, 0.043890, 0.000000, 0.000000, 0.000000, 1.000000
-2.9635, 11.4983, -9.6782, 184.8479, 206.8479, -11.4983, 209.7517, 142.8219, 38.3744, 43.9114, 0.618646, 0.772589, 0.142772, 0.011498, -0.785290, 0.613700, 0.081799, -0.009678, -0.024422, -0.162722, 0.986370, 0.184848, 0.000000, 0.000000, 0.000000, 1.000000, -0.024422, -0.162722, 0.986370, 0.206848, -0.618646, -0.772589, -0.142772, -0.011498, 0.785290, -0.613700, -0.081799, 0.209752, 0.000000, 0.000000, 0.000000, 1.000000, -0.006534, -0.066407, -0.997771, 0.142822, -0.999399, 0.034413, 0.004254, 0.038374, 0.034054, 0.997199, -0.066592, 0.043911, 0.000000, 0.000000, 0.000000, 1.000000
-2.8384, 11.3227, -9.4962, 184.7151, 206.7151, -11.3227, 209.5696, 143.0485, 38.3099, 43.9101, 0.617998, 0.771942, 0.148940, 0.011323, -0.785614, 0.613555, 0.079755, -0.009496, -0.029817, -0.166298, 0.985625, 0.184715, 0.000000, 0.000000, 0.000000, 1.000000, -0.029817, -0.166298, 0.985625, 0.206715, -0.617998, -0.771942, -0.148940, -0.011323, 0.785614, -0.613555, -0.079755, 0.209570, 0.000000, 0.000000, 0.000000, 1.000000, -0.003298, -0.062707, -0.998027, 0.143048, -0.999396, 0.034733, 0.001120, 0.038310, 0.034594, 0.997427, -0.062784, 0.043910, 0.000000, 0.000000, 0.000000, 1.000000
-2.7121, 11.2112, -9.3138, 184.8303, 206.8303, -11.2112, 209.3872, 143.0221, 38.2105, 43.9023, 0.617802, 0.772903, 0.144714, 0.011211, -0.785820, 0.613508, 0.078076, -0.009314, -0.028438, -0.161955, 0.986388, 0.184830, 0.000000, 0.000000, 0.000000, 1.000000, -0.028438, -0.161955, 0.986388, 0.206830, -0.617802, -0.772903, -0.144714, -0.011211, 0.785820, -0.613508, -0.078076, 0.209387, 0.000000, 0.000000, 0.000000, 1.000000, -0.006781, -0.067043, -0.997727, 0.143022, -0.999399, 0.034384, 0.004482, 0.038211, 0.034005, 0.997157, -0.067236, 0.043902, 0.000000, 0.000000, 0.000000, 1.000000
-2.5862, 11.0937, -9.1720, 184.7630, 206.7630, -11.0937, 209.2455, 143.1790, 38.0779, 43.9081, 0.617012, 0.772230, 0.151517, 0.011094, -0.786142, 0.613584, 0.074124, -0.009172, -0.035728, -0.164850, 0.985671, 0.184763, 0.000000, 0.000000, 0.000000, 1.000000, -0.035728, -0.164850, 0.985671, 0.206763, -0.617012, -0.772230, -0.151517, -0.011094, 0.786142, -0.613584, -0.074124, 0.209245, 0.000000, 0.000000, 0.000000, 1.000000, -0.001688, -0.064024, -0.997947, 0.143179, -0.999390, 0.034905, -0.000549, 0.038078, 0.034868, 0.997338, -0.064044, 0.043908, 0.000000, 0.000000, 0.000000, 1.000000
-2.4568, 10.9684, -8.9741, 184.7980, 206.7980, -10.9684, 209.0475, 143.2343, 37.9891, 43.9169, 0.616637, 0.772272, 0.152825, 0.010968, -0.786375, 0.613374, 0.073392, -0.008974, -0.037060, -0.165434, 0.985524, 0.184798, 0.000000, 0.000000, 0.000000, 1.000000, -0.037060, -0.165434, 0.985524, 0.206798, -0.616637, -0.772272, -0.152825, -0.010968, 0.786375, -0.613374, -0.073392, 0.209048, 0.000000, 0.000000, 0.000000, 1.000000, -0.002548, -0.063362, -0.997987, 0.143234, -0.999393, 0.034836, 0.000339, 0.037989, 0.034744, 0.997382, -0.063412, 0.043917, 0.000000, 0.000000, 0.000000, 1.000000
-2.3181, 10.8171, -8.7935, 184.7490, 206.7490, -10.8171, 208.8669, 143.3849, 37.8757, 43.9146, 0.615693, 0.772766, 0.154126, 0.010817, -0.786875, 0.613333, 0.068199, -0.008793, -0.041829, -0.163267, 0.985695, 0.184749, 0.000000, 0.000000, 0.000000, 1.000000, -0.041829, -0.163267, 0.985695, 0.206749, -0.615693, -0.772766, -0.154126, -0.010817, 0.786875, -0.613333, -0.068199, 0.208867, 0.000000, 0.000000, 0.000000, 1.000000, -0.000080, -0.065482, -0.997854, 0.143385, -0.999394, 0.034738, -0.002200, 0.037876, 0.034807, 0.997249, -0.065445, 0.043915, 0.000000, 0.000000, 0.000000, 1.000000
-2.1931, 10.6770, -8.6156, 184.8881, 206.8881, -10.6770, 208.6890, 143.3418, 37.7939, 43.8763, 0.615511, 0.773380, 0.151752, 0.010677, -0.787177, 0.612720, 0.070185, -0.008616, -0.038702, -0.162655, 0.985924, 0.184888, 0.000000, 0.000000, 0.000000, 1.000000, -0.038702, -0.162655, 0.985924, 0.206888, -0.615511, -0.773380, -0.151752, -0.010677, 0.787177, -0.612720, -0.070185, 0.208689, 0.000000, 0.000000, 0.000000, 1.000000, -0.005233, -0.066063, -0.997802, 0.143342, -0.999416, 0.034046, 0.002988, 0.037794, 0.033774, 0.997234, -0.066203, 0.043876, 0.000000, 0.000000, 0.000000, 1.000000
-2.0670, 10.5147, -8.4320, 184.6946, 206.6946, -10.5147, 208.5055, 143.6273, 37.7147, 43.9002, 0.614816, 0.772216, 0.160261, 0.010515, -0.787240, 0.613129, 0.065770, -0.008432, -0.047472, -0.166600, 0.984881, 0.184695, 0.000000, 0.000000, 0.000000, 1.000000, -0.047472, -0.166600, 0.984881, 0.206695, -0.614816, -0.772216, -0.160261, -0.010515, 0.787240, -0.613129, -0.065770, 0.208505, 0.000000, 0.000000, 0.000000, 1.000000, 0.001249, -0.061953, -0.998078, 0.143627, -0.999379, 0.035056, -0.003427, 0.037715, 0.035201, 0.997463, -0.061870, 0.043900, 0.000000, 0.000000, 0.000000, 1.000000
-1.9494, 10.3793, -8.2702, 184.6785, 206.6785, -10.3793, 208.3436, 143.7316, 37.6296, 43.8918, 0.615240, 0.771687, 0.161179, 0.010379, -0.786977, 0.613220, 0.068033, -0.008270, -0.046338, -0.168701, 0.984577, 0.184679, 0.000000, 0.000000, 0.000000, 1.000000, -0.046338, -0.168701, 0.984577, 0.206679, -0.615240, -0.771687, -0.161179, -0.010379, 0.786977, -0.613220, -0.068033, 0.208344, 0.000000, 0.000000, 0.000000, 1.000000, -0.002020, -0.059736, -0.998212, 0.143732, -0.999370, 0.035482, -0.000101, 0.037630, 0.035425, 0.997583, -0.059770, 0.043892, 0.000000, 0.000000, 0.000000, 1.000000
-1.8185, 10.2209, -8.0731, 184.6628, 206.6628, -10.2209, 208.1466, 143.8458, 37.5527, 43.8858, 0.614066, 0.772086, 0.163725, 0.010221, -0.787526, 0.613113, 0.062405, -0.008073, -0.052200, -0.167258, 0.984530, 0.184663, 0.000000, 0.000000, 0.000000, 1.000000, -0.052200, -0.167258, 0.984530, 0.206663, -0.614066, -0.772086, -0.163725, -0.010221, 0.787526, -0.613113, -0.062405, 0.208147, 0.000000, 0.000000, 0.000000, 1.000000, 0.001698, -0.061132, -0.998128, 0.143846, -0.999367, 0.035359, -0.003866, 0.037553, 0.035529, 0.997503, -0.061033, 0.043886, 0.000000, 0.000000, 0.000000, 1.000000
-1.6895, 10.1230, -7.8705, 184.7871, 206.7871, -10.1230, 207.9440, 143.8096, 37.4556, 43.8984, 0.614488, 0.772622, 0.159561, 0.010123, -0.787346, 0.613379, 0.062074, -0.007871, -0.049912, -0.163773, 0.985235, 0.184787, 0.000000, 0.000000, 0.000000, 1.000000, -0.049912, -0.163773, 0.985235, 0.206787, -0.614488, -0.772622, -0.159561, -0.010123, 0.787346, -0.613379, -0.062074, 0.207944, 0.000000, 0.000000, 0.000000, 1.000000, -0.002884, -0.064580, -0.997908, 0.143810, -0.999368, 0.035552, 0.000587, 0.037456, 0.035440, 0.997279, -0.064642, 0.043898, 0.000000, 0.000000, 0.000000, 1.000000
-1.5616, 9.9987, -7.7421, 184.7247, 206.7247, -9.9987, 207.8155, 143.9674, 37.3084, 43.8899, 0.613451, 0.772289, 0.165069, 0.009999, -0.787704, 0.613332, 0.057847, -0.007742, -0.056568, -0.165512, 0.984584, 0.184725, 0.000000, 0.000000, 0.000000, 1.000000, -0.056568, -0.165512, 0.984584, 0.206725, -0.613451, -0.772289, -0.165069, -0.009999, 0.787704, -0.613332, -0.057847, 0.207816, 0.000000, 0.000000, 0.000000, 1.000000, 0.001613, -0.062735, -0.998029, 0.143967, -0.999353, 0.035772, -0.003863, 0.037308, 0.035943, 0.997389, -0.062637, 0.043890, 0.000000, 0.000000, 0.000000, 1.000000
-1.4313, 9.8929, -7.5537, 184.8832, 206.8832, -9.8929, 207.6272, 143.9024, 37.2031, 43.8801, 0.614067, 0.773528, 0.156769, 0.009893, -0.787755, 0.612924, 0.061367, -0.007554, -0.048619, -0.161179, 0.985727, 0.184883, 0.000000, 0.000000, 0.000000, 1.000000, -0.048619, -0.161179, 0.985727, 0.206883, -0.614067, -0.773528, -0.156769, -0.009893, 0.787755, -0.612924, -0.061367, 0.207627, 0.000000, 0.000000, 0.000000, 1.000000, -0.008515, -0.067093, -0.997710, 0.143902, -0.999366, 0.035071, 0.006171, 0.037203, 0.034576, 0.997130, -0.067349, 0.043880, 0.000000, 0.000000, 0.000000, 1.000000
