--- Captured Sample ---
q_arm = [-1.309 -1.275  0.461 -1.917  0.444 -0.722  0.634 -1.309  1.275 -0.461
 -1.917 -0.444 -0.722 -0.634]
q_head = [ 0.    -0.087]
marker_right =
[[ 0.102  0.993  0.058  0.088]
 [-0.993  0.099  0.059 -0.015]
 [ 0.052 -0.063  0.997  0.194]
 [ 0.     0.     0.     1.   ]]
marker_left =
[[ 0.026 -1.     0.016 -0.064]
 [ 0.999  0.026  0.047 -0.012]
 [-0.048  0.015  0.999  0.187]
 [ 0.     0.     0.     1.   ]]

--- Captured Sample ---
q_arm = [-1.37  -1.275  0.461 -1.917  0.444 -0.722  0.634 -1.37   1.275 -0.461
 -1.917 -0.444 -0.722 -0.634]
q_head = [ 0.    -0.131]
marker_right =
[[ 0.102  0.994  0.036  0.083]
 [-0.994  0.101  0.045 -0.021]
 [ 0.041 -0.04   0.998  0.183]
 [ 0.     0.     0.     1.   ]]
marker_left =
[[ 0.029 -0.999  0.035 -0.06 ]
 [ 0.999  0.03   0.034 -0.018]
 [-0.035  0.034  0.999  0.176]
 [ 0.     0.     0.     1.   ]]

--- Captured Sample ---
q_arm = [-1.248 -1.275  0.461 -1.917  0.444 -0.722  0.634 -1.248  1.275 -0.461
 -1.917 -0.444 -0.722 -0.634]
q_head = [ 0. -0.]
marker_right =
[[ 0.104  0.992  0.077  0.094]
 [-0.994  0.102  0.029 -0.02 ]
 [ 0.021 -0.079  0.997  0.201]
 [ 0.     0.     0.     1.   ]]
marker_left =
[[ 0.022 -1.    -0.004 -0.069]
 [ 1.     0.022  0.016 -0.018]
 [-0.016 -0.005  1.     0.195]
 [ 0.     0.     0.     1.   ]]

--- Captured Sample ---
q_arm = [-1.248 -1.275  0.461 -1.917  0.444 -0.722  0.634 -1.248  1.275 -0.461
 -1.917 -0.444 -0.722 -0.634]
q_head = [ 0.    -0.043]
marker_right =
[[ 0.103  0.992  0.078  0.094]
 [-0.993  0.097  0.07  -0.009]
 [ 0.062 -0.085  0.994  0.205]
 [ 0.     0.     0.     1.   ]]
marker_left =
[[ 0.024 -1.    -0.006 -0.069]
 [ 0.998  0.023  0.062 -0.007]
 [-0.062 -0.008  0.998  0.198]
 [ 0.     0.     0.     1.   ]]

--- Captured Sample ---
q_arm = [-1.309 -1.275  0.461 -1.917  0.444 -0.722  0.634 -1.309  1.275 -0.461
 -1.917 -0.444 -0.722 -0.634]
q_head = [ 0.   -0.14]
marker_right =
[[ 0.101  0.993  0.059  0.088]
 [-0.99   0.094  0.109 -0.002]
 [ 0.103 -0.07   0.992  0.198]
 [ 0.     0.     0.     1.   ]]
marker_left =
[[ 0.027 -1.     0.013 -0.064]
 [ 0.995  0.028  0.1    0.   ]
 [-0.1    0.01   0.995  0.19 ]
 [ 0.     0.     0.     1.   ]]

--- Captured Sample ---
q_arm = [-1.309 -1.275  0.461 -1.917  0.444 -0.722  0.634 -1.309  1.275 -0.461
 -1.917 -0.444 -0.722 -0.634]
q_head = [ 0.    -0.035]
marker_right =
[[ 0.103  0.993  0.055  0.088]
 [-0.995  0.103  0.006 -0.027]
 [-0.    -0.055  0.998  0.19 ]
 [ 0.     0.     0.     1.   ]]
marker_left =
[[ 0.025 -1.     0.016 -0.064]
 [ 1.     0.025 -0.005 -0.024]
 [ 0.005  0.016  1.     0.183]
 [ 0.     0.     0.     1.   ]]

--- Captured Sample ---
q_arm = [-1.309 -1.275  0.461 -1.917  0.444 -0.722  0.634 -1.309  1.275 -0.461
 -1.917 -0.444 -0.722 -0.634]
q_head = [ 0.    -0.087]
marker_right =
[[ 0.102  0.993  0.058  0.088]
 [-0.993  0.099  0.058 -0.015]
 [ 0.052 -0.063  0.997  0.194]
 [ 0.     0.     0.     1.   ]]
marker_left =
[[ 0.026 -1.     0.017 -0.064]
 [ 0.999  0.026  0.047 -0.012]
 [-0.048  0.016  0.999  0.187]
 [ 0.     0.     0.     1.   ]]

--- Captured Sample ---
q_arm = [-1.309 -1.319  0.461 -1.917  0.444 -0.722  0.634 -1.309  1.231 -0.461
 -1.917 -0.444 -0.722 -0.634]
q_head = [ 0.    -0.087]
marker_right =
[[ 0.088  0.991  0.097  0.096]
 [-0.996  0.084  0.044 -0.017]
 [ 0.035 -0.1    0.994  0.197]
 [ 0.     0.     0.     1.   ]]
marker_left =
[[ 0.038 -0.998  0.055 -0.057]
 [ 0.997  0.041  0.061 -0.011]
 [-0.063  0.052  0.997  0.184]
 [ 0.     0.     0.     1.   ]]

--- Captured Sample ---
q_arm = [-1.309 -1.362  0.461 -1.917  0.444 -0.722  0.634 -1.309  1.188 -0.461
 -1.917 -0.444 -0.722 -0.634]
q_head = [ 0.    -0.087]
marker_right =
[[ 0.073  0.988  0.134  0.103]
 [-0.997  0.07   0.028 -0.018]
 [ 0.018 -0.136  0.991  0.199]
 [ 0.     0.     0.     1.   ]]
marker_left =
[[ 0.051 -0.995  0.089 -0.05 ]
 [ 0.995  0.057  0.077 -0.009]
 [-0.081  0.085  0.993  0.181]
 [ 0.     0.     0.     1.   ]]

--- Captured Sample ---
q_arm = [-1.309 -1.231  0.461 -1.917  0.444 -0.722  0.634 -1.309  1.319 -0.461
 -1.917 -0.444 -0.722 -0.634]
q_head = [ 0.    -0.087]
marker_right =
[[ 0.116  0.993  0.021  0.081]
 [-0.991  0.114  0.072 -0.013]
 [ 0.069 -0.029  0.997  0.191]
 [ 0.     0.     0.     1.   ]]
marker_left =
[[ 0.012 -1.    -0.027 -0.071]
 [ 0.999  0.011  0.033 -0.014]
 [-0.032 -0.027  0.999  0.19 ]
 [ 0.     0.     0.     1.   ]]

--- Captured Sample ---
q_arm = [-1.309 -1.188  0.461 -1.917  0.444 -0.722  0.634 -1.309  1.362 -0.461
 -1.917 -0.444 -0.722 -0.634]
q_head = [ 0.    -0.087]
marker_right =
[[ 0.128  0.991 -0.023  0.073]
 [-0.988  0.13   0.085 -0.012]
 [ 0.088  0.012  0.996  0.188]
 [ 0.     0.     0.     1.   ]]
marker_left =
[[-0.002 -0.998 -0.062 -0.079]
 [ 1.    -0.003  0.017 -0.016]
 [-0.017 -0.061  0.998  0.192]
 [ 0.     0.     0.     1.   ]]

--- Captured Sample ---
q_arm = [-1.309 -1.275  0.435 -1.917  0.444 -0.722  0.634 -1.309  1.275 -0.435
 -1.917 -0.444 -0.722 -0.634]
q_head = [ 0.    -0.087]
marker_right =
[[ 0.118  0.991  0.056  0.091]
 [-0.993  0.116  0.039 -0.023]
 [ 0.032 -0.061  0.998  0.19 ]
 [ 0.     0.     0.     1.   ]]
marker_left =
[[ 0.042 -0.999  0.015 -0.067]
 [ 0.999  0.042  0.028 -0.02 ]
 [-0.028  0.014  1.     0.183]
 [ 0.     0.     0.     1.   ]]

--- Captured Sample ---
q_arm = [-1.309 -1.275  0.409 -1.917  0.444 -0.722  0.634 -1.309  1.275 -0.409
 -1.917 -0.444 -0.722 -0.634]
q_head = [ 0.    -0.087]
marker_right =
[[ 0.133  0.99   0.053  0.094]
 [-0.991  0.132  0.018 -0.031]
 [ 0.011 -0.055  0.998  0.185]
 [ 0.     0.     0.     1.   ]]
marker_left =
[[ 0.058 -0.998  0.018 -0.07 ]
 [ 0.998  0.058  0.006 -0.027]
 [-0.007  0.018  1.     0.179]
 [ 0.     0.     0.     1.   ]]

--- Captured Sample ---
q_arm = [-1.309 -1.275  0.488 -1.917  0.444 -0.722  0.634 -1.309  1.275 -0.488
 -1.917 -0.444 -0.722 -0.634]
q_head = [ 0.    -0.087]
marker_right =
[[ 0.086  0.994  0.06   0.085]
 [-0.994  0.082  0.077 -0.007]
 [ 0.071 -0.067  0.995  0.198]
 [ 0.     0.     0.     1.   ]]
marker_left =
[[ 0.009 -1.     0.01  -0.062]
 [ 0.998  0.01   0.069 -0.004]
 [-0.069  0.01   0.998  0.191]
 [ 0.     0.     0.     1.   ]]

--- Captured Sample ---
q_arm = [-1.309 -1.275  0.514 -1.917  0.444 -0.722  0.634 -1.309  1.275 -0.514
 -1.917 -0.444 -0.722 -0.634]
q_head = [ 0.    -0.087]
marker_right =
[[ 0.071  0.996  0.061  0.083]
 [-0.993  0.065  0.097  0.001]
 [ 0.092 -0.068  0.993  0.202]
 [ 0.     0.     0.     1.   ]]
marker_left =
[[-0.007 -1.     0.01  -0.059]
 [ 0.996 -0.006  0.088  0.004]
 [-0.088  0.01   0.996  0.195]
 [ 0.     0.     0.     1.   ]]

--- Captured Sample ---
q_arm = [-1.309 -1.275  0.461 -1.917  0.4   -0.722  0.634 -1.309  1.275 -0.461
 -1.917 -0.487 -0.722 -0.634]
q_head = [ 0.    -0.087]
marker_right =
[[ 0.119  0.992  0.035  0.089]
 [-0.989  0.116  0.09  -0.02 ]
 [ 0.085 -0.045  0.995  0.191]
 [ 0.     0.     0.     1.   ]]
marker_left =
[[ 0.009 -1.    -0.006 -0.063]
 [ 1.     0.009  0.013 -0.007]
 [-0.013 -0.007  1.     0.191]
 [ 0.     0.     0.     1.   ]]

--- Captured Sample ---
q_arm = [-1.309 -1.275  0.461 -1.917  0.356 -0.722  0.634 -1.309  1.275 -0.461
 -1.917 -0.531 -0.722 -0.634]
q_head = [ 0.    -0.087]
marker_right =
[[ 0.135  0.991  0.009  0.091]
 [-0.984  0.133  0.121 -0.024]
 [ 0.118 -0.025  0.993  0.188]
 [ 0.     0.     0.     1.   ]]
marker_left =
[[-0.009 -0.999 -0.031 -0.062]
 [ 1.    -0.008 -0.019 -0.003]
 [ 0.019 -0.031  0.999  0.195]
 [ 0.     0.     0.     1.   ]]

--- Captured Sample ---
q_arm = [-1.309 -1.275  0.461 -1.917  0.487 -0.722  0.634 -1.309  1.275 -0.461
 -1.917 -0.4   -0.722 -0.634]
q_head = [ 0.    -0.087]
marker_right =
[[ 0.084  0.993  0.081  0.087]
 [-0.996  0.082  0.025 -0.01 ]
 [ 0.018 -0.083  0.996  0.198]
 [ 0.     0.     0.     1.   ]]
marker_left =
[[ 0.041 -0.998  0.04  -0.066]
 [ 0.996  0.044  0.08  -0.017]
 [-0.082  0.036  0.996  0.183]
 [ 0.     0.     0.     1.   ]]

--- Captured Sample ---
q_arm = [-1.309 -1.275  0.461 -1.917  0.531 -0.722  0.634 -1.309  1.275 -0.461
 -1.917 -0.356 -0.722 -0.634]
q_head = [ 0.    -0.087]
marker_right =
[[ 0.065  0.992  0.104  0.086]
 [-0.998  0.066 -0.009 -0.006]
 [-0.016 -0.103  0.995  0.201]
 [ 0.     0.     0.     1.   ]]
marker_left =
[[ 0.056 -0.996  0.064 -0.067]
 [ 0.992  0.063  0.11  -0.022]
 [-0.114  0.057  0.992  0.18 ]
 [ 0.     0.     0.     1.   ]]

--- Captured Sample ---
q_arm = [-1.309 -1.188  0.461 -1.917  0.531 -0.722  0.634 -1.309  1.362 -0.461
 -1.917 -0.356 -0.722 -0.634]
q_head = [ 0.    -0.087]
marker_right =
[[ 0.097  0.995  0.029  0.07 ]
 [-0.995  0.097  0.022 -0.003]
 [ 0.019 -0.031  0.999  0.195]
 [ 0.     0.     0.     1.   ]]
marker_left =
[[ 0.034 -0.999 -0.018 -0.081]
 [ 0.996  0.033  0.083 -0.026]
 [-0.083 -0.021  0.996  0.185]
 [ 0.     0.     0.     1.   ]]

--- Captured Sample ---
q_arm = [-1.309 -1.188  0.461 -1.917  0.356 -0.722  0.634 -1.309  1.362 -0.461
 -1.917 -0.531 -0.722 -0.634]
q_head = [ 0.    -0.087]
marker_right =
[[ 0.156  0.985 -0.073  0.077]
 [-0.975  0.165  0.148 -0.022]
 [ 0.158  0.048  0.986  0.182]
 [ 0.     0.     0.     1.   ]]
marker_left =
[[-0.041 -0.993 -0.106 -0.077]
 [ 0.998 -0.036 -0.051 -0.007]
 [ 0.047 -0.108  0.993  0.2  ]
 [ 0.     0.     0.     1.   ]]

--- Captured Sample ---
q_arm = [-1.309 -1.362  0.461 -1.917  0.531 -0.722  0.634 -1.309  1.188 -0.461
 -1.917 -0.356 -0.722 -0.634]
q_head = [ 0.    -0.087]
marker_right =
[[ 0.032  0.983  0.178  0.102]
 [-0.998  0.039 -0.039 -0.009]
 [-0.045 -0.177  0.983  0.206]
 [ 0.     0.     0.     1.   ]]
marker_left =
[[ 0.075 -0.987  0.143 -0.054]
 [ 0.986  0.095  0.137 -0.019]
 [-0.149  0.131  0.98   0.174]
 [ 0.     0.     0.     1.   ]]

--- Captured Sample ---
q_arm = [-1.309 -1.362  0.461 -1.917  0.356 -0.722  0.634 -1.309  1.188 -0.461
 -1.917 -0.531 -0.722 -0.634]
q_head = [ 0.    -0.087]
marker_right =
[[ 0.111  0.99   0.086  0.105]
 [-0.99   0.103  0.092 -0.028]
 [ 0.082 -0.095  0.992  0.192]
 [ 0.     0.     0.     1.   ]]
marker_left =
[[ 0.021 -0.999  0.044 -0.047]
 [ 1.     0.021  0.013  0.001]
 [-0.013  0.044  0.999  0.188]
 [ 0.     0.     0.     1.   ]]

--- Captured Sample ---
q_arm = [-1.309 -1.188  0.514 -1.917  0.444 -0.722  0.634 -1.309  1.362 -0.514
 -1.917 -0.444 -0.722 -0.634]
q_head = [ 0.    -0.087]
marker_right =
[[ 0.094  0.995 -0.015  0.067]
 [-0.988  0.095  0.125  0.004]
 [ 0.126  0.003  0.992  0.195]
 [ 0.     0.     0.     1.   ]]
marker_left =
[[-0.031 -0.997 -0.069 -0.075]
 [ 0.998 -0.035  0.058 -0.   ]
 [-0.06  -0.067  0.996  0.201]
 [ 0.     0.     0.     1.   ]]

--- Captured Sample ---
q_arm = [-1.309 -1.362  0.409 -1.917  0.444 -0.722  0.634 -1.309  1.188 -0.409
 -1.917 -0.444 -0.722 -0.634]
q_head = [ 0.    -0.087]
marker_right =
[[ 0.101  0.987  0.128  0.108]
 [-0.995  0.103 -0.014 -0.034]
 [-0.027 -0.126  0.992  0.189]
 [ 0.     0.     0.     1.   ]]
marker_left =
[[ 0.086 -0.992  0.097 -0.056]
 [ 0.995  0.089  0.035 -0.024]
 [-0.043  0.093  0.995  0.173]
 [ 0.     0.     0.     1.   ]]

--- Captured Sample ---
q_arm = [-1.309 -1.275  0.514 -1.917  0.391 -0.722  0.634 -1.309  1.275 -0.514
 -1.917 -0.496 -0.722 -0.634]
q_head = [ 0.    -0.087]
marker_right =
[[ 0.091  0.995  0.034  0.084]
 [-0.987  0.086  0.137 -0.005]
 [ 0.133 -0.046  0.99   0.198]
 [ 0.     0.     0.     1.   ]]
marker_left =
[[-0.028 -0.999 -0.018 -0.058]
 [ 0.998 -0.029  0.047  0.01 ]
 [-0.048 -0.017  0.999  0.199]
 [ 0.     0.     0.     1.   ]]

--- Captured Sample ---
q_arm = [-1.309 -1.275  0.409 -1.917  0.496 -0.722  0.634 -1.309  1.275 -0.409
 -1.917 -0.391 -0.722 -0.634]
q_head = [ 0.    -0.087]
marker_right =
[[ 0.112  0.99   0.085  0.092]
 [-0.993  0.114 -0.021 -0.025]
 [-0.03  -0.082  0.996  0.19 ]
 [ 0.     0.     0.     1.   ]]
marker_left =
[[ 0.076 -0.996  0.05  -0.072]
 [ 0.996  0.078  0.043 -0.033]
 [-0.047  0.047  0.998  0.174]
 [ 0.     0.     0.     1.   ]]

--- Captured Sample ---
q_arm = [-1.309 -1.275  0.461 -1.917  0.444 -0.722  0.634 -1.309  1.275 -0.461
 -1.917 -0.444 -0.722 -0.634]
q_head = [ 0.    -0.087]
marker_right =
[[ 0.102  0.993  0.058  0.088]
 [-0.993  0.099  0.058 -0.015]
 [ 0.052 -0.063  0.997  0.194]
 [ 0.     0.     0.     1.   ]]
marker_left =
[[ 0.026 -1.     0.015 -0.064]
 [ 0.999  0.026  0.048 -0.012]
 [-0.048  0.014  0.999  0.187]
 [ 0.     0.     0.     1.   ]]

--- Captured Sample ---
q_arm = [-1.309 -1.275  0.461 -1.882  0.444 -0.757  0.634 -1.309  1.275 -0.461
 -1.882 -0.444 -0.757 -0.634]
q_head = [ 0.    -0.087]
marker_right =
[[ 0.092  0.994  0.064  0.094]
 [-0.994  0.088  0.068 -0.015]
 [ 0.062 -0.07   0.996  0.202]
 [ 0.     0.     0.     1.   ]]
marker_left =
[[ 0.016 -1.     0.007 -0.07 ]
 [ 0.998  0.016  0.057 -0.012]
 [-0.058  0.006  0.998  0.195]
 [ 0.     0.     0.     1.   ]]

--- Captured Sample ---
q_arm = [-1.309 -1.275  0.461 -1.847  0.444 -0.792  0.634 -1.309  1.275 -0.461
 -1.847 -0.444 -0.792 -0.634]
q_head = [ 0.    -0.087]
marker_right =
[[ 0.083  0.994  0.07   0.1  ]
 [-0.994  0.078  0.08  -0.015]
 [ 0.074 -0.076  0.994  0.209]
 [ 0.     0.     0.     1.   ]]
marker_left =
[[ 0.006 -1.     0.001 -0.076]
 [ 0.998  0.006  0.068 -0.013]
 [-0.068  0.001  0.998  0.202]
 [ 0.     0.     0.     1.   ]]

--- Captured Sample ---
q_arm = [-1.309 -1.275  0.461 -1.969  0.444 -0.67   0.634 -1.309  1.275 -0.461
 -1.969 -0.444 -0.67  -0.634]
q_head = [ 0.    -0.087]
marker_right =
[[ 0.117  0.992  0.049  0.08 ]
 [-0.992  0.115  0.045 -0.015]
 [ 0.039 -0.054  0.998  0.182]
 [ 0.     0.     0.     1.   ]]
marker_left =
[[ 0.041 -0.999  0.025 -0.056]
 [ 0.999  0.042  0.033 -0.012]
 [-0.034  0.024  0.999  0.175]
 [ 0.     0.     0.     1.   ]]

--- Captured Sample ---
q_arm = [-1.309 -1.275  0.514 -1.882  0.391 -0.722  0.634 -1.309  1.275 -0.514
 -1.882 -0.496 -0.722 -0.634]
q_head = [ 0.    -0.087]
marker_right =
[[ 0.111  0.992  0.061  0.09 ]
 [-0.984  0.101  0.147 -0.009]
 [ 0.14  -0.077  0.987  0.21 ]
 [ 0.     0.     0.     1.   ]]
marker_left =
[[-0.01  -0.999 -0.047 -0.063]
 [ 0.998 -0.013  0.058  0.005]
 [-0.059 -0.046  0.997  0.211]
 [ 0.     0.     0.     1.   ]]

--- Captured Sample ---
q_arm = [-1.309 -1.275  0.566 -1.882  0.339 -0.722  0.634 -1.309  1.275 -0.566
 -1.882 -0.548 -0.722 -0.634]
q_head = [ 0.    -0.087]
marker_right =
[[ 0.102  0.994  0.043  0.087]
 [-0.97   0.089  0.226  0.002]
 [ 0.221 -0.065  0.973  0.215]
 [ 0.     0.     0.     1.   ]]
marker_left =
[[-0.065 -0.996 -0.069 -0.057]
 [ 0.996 -0.069  0.058  0.028]
 [-0.062 -0.065  0.996  0.222]
 [ 0.     0.     0.     1.   ]]

--- Captured Sample ---
q_arm = [-1.309 -1.275  0.461 -1.917  0.444 -0.722  0.634 -1.309  1.275 -0.461
 -1.917 -0.444 -0.722 -0.634]
q_head = [ 0.    -0.087]
marker_right =
[[ 0.102  0.993  0.057  0.088]
 [-0.993  0.099  0.058 -0.015]
 [ 0.052 -0.063  0.997  0.194]
 [ 0.     0.     0.     1.   ]]
marker_left =
[[ 0.026 -1.     0.016 -0.064]
 [ 0.999  0.026  0.047 -0.012]
 [-0.048  0.015  0.999  0.187]
 [ 0.     0.     0.     1.   ]]

--- Captured Sample ---
q_arm = [-1.247 -1.252  0.456 -1.894  0.415 -0.766  0.664 -1.258  1.308 -0.484
 -1.94  -0.454 -0.674 -0.617]
q_head = [ 0. -0.]
marker_right =
[[ 0.103  0.994  0.037  0.096]
 [-0.994  0.102  0.029 -0.02 ]
 [ 0.025 -0.04   0.999  0.2  ]
 [ 0.     0.     0.     1.   ]]
marker_left =
[[ 0.023 -0.998 -0.05  -0.067]
 [ 1.     0.022  0.017 -0.018]
 [-0.016 -0.05   0.999  0.197]
 [ 0.     0.     0.     1.   ]]

--- Captured Sample ---
q_arm = [-1.246 -1.231  0.447 -1.874  0.4   -0.803  0.681 -1.266  1.331 -0.499
 -1.959 -0.472 -0.636 -0.594]
q_head = [ 0. -0.]
marker_right =
[[ 0.102  0.995  0.005  0.097]
 [-0.994  0.102  0.028 -0.019]
 [ 0.028 -0.008  1.     0.198]
 [ 0.     0.     0.     1.   ]]
marker_left =
[[ 0.023 -0.996 -0.085 -0.065]
 [ 1.     0.021  0.016 -0.018]
 [-0.014 -0.086  0.996  0.198]
 [ 0.     0.     0.     1.   ]]

--- Captured Sample ---
q_arm = [-1.258 -1.308  0.484 -1.94   0.454 -0.674  0.617 -1.247  1.252 -0.455
 -1.894 -0.416 -0.766 -0.663]
q_head = [ 0. -0.]
marker_right =
[[ 0.104  0.987  0.12   0.092]
 [-0.994  0.101  0.028 -0.02 ]
 [ 0.015 -0.122  0.992  0.204]
 [ 0.     0.     0.     1.   ]]
marker_left =
[[ 0.022 -0.999  0.036 -0.071]
 [ 1.     0.023  0.018 -0.017]
 [-0.019  0.035  0.999  0.193]
 [ 0.     0.     0.     1.   ]]

--- Captured Sample ---
q_arm = [-1.266 -1.331  0.499 -1.959  0.472 -0.636  0.594 -1.245  1.23  -0.447
 -1.874 -0.401 -0.803 -0.68 ]
q_head = [ 0. -0.]
marker_right =
[[ 0.104  0.983  0.152  0.091]
 [-0.995  0.101  0.027 -0.021]
 [ 0.011 -0.154  0.988  0.205]
 [ 0.     0.     0.     1.   ]]
marker_left =
[[ 0.022 -0.997  0.072 -0.073]
 [ 1.     0.023  0.019 -0.017]
 [-0.02   0.072  0.997  0.191]
 [ 0.     0.     0.     1.   ]]

--- Captured Sample ---
q_arm = [-1.283 -1.291  0.493 -1.902  0.448 -0.756  0.622 -1.282  1.29  -0.492
 -1.902 -0.45  -0.756 -0.621]
q_head = [ 0. -0.]
marker_right =
[[ 0.06   0.995  0.078  0.093]
 [-0.998  0.059  0.025 -0.018]
 [ 0.02  -0.079  0.997  0.201]
 [ 0.     0.     0.     1.   ]]
marker_left =
[[-0.022 -1.    -0.005 -0.069]
 [ 1.    -0.022  0.017 -0.015]
 [-0.017 -0.005  1.     0.195]
 [ 0.     0.     0.     1.   ]]

--- Captured Sample ---
q_arm = [-1.309 -1.298  0.512 -1.89   0.461 -0.786  0.606 -1.308  1.297 -0.511
 -1.89  -0.462 -0.787 -0.605]
q_head = [ 0. -0.]
marker_right =
[[ 0.024  0.997  0.075  0.093]
 [-0.999  0.023  0.022 -0.016]
 [ 0.021 -0.076  0.997  0.201]
 [ 0.     0.     0.     1.   ]]
marker_left =
[[-0.057 -0.998 -0.003 -0.068]
 [ 0.998 -0.057  0.015 -0.014]
 [-0.015 -0.002  1.     0.194]
 [ 0.     0.     0.     1.   ]]

--- Captured Sample ---
q_arm = [-1.221 -1.267  0.445 -1.931  0.42  -0.684  0.662 -1.22   1.266 -0.444
 -1.931 -0.422 -0.685 -0.66 ]
q_head = [ 0. -0.]
marker_right =
[[ 0.147  0.986  0.08   0.095]
 [-0.989  0.145  0.03  -0.022]
 [ 0.018 -0.084  0.996  0.202]
 [ 0.     0.     0.     1.   ]]
marker_left =
[[ 0.067 -0.998 -0.007 -0.069]
 [ 0.998  0.067  0.021 -0.02 ]
 [-0.02  -0.008  1.     0.195]
 [ 0.     0.     0.     1.   ]]

--- Captured Sample ---
q_arm = [-1.196 -1.255  0.425 -1.943  0.409 -0.656  0.679 -1.196  1.254 -0.424
 -1.943 -0.411 -0.656 -0.677]
q_head = [ 0. -0.]
marker_right =
[[ 0.182  0.98   0.083  0.095]
 [-0.983  0.179  0.035 -0.024]
 [ 0.019 -0.088  0.996  0.203]
 [ 0.     0.     0.     1.   ]]
marker_left =
[[ 0.102 -0.995 -0.009 -0.07 ]
 [ 0.995  0.102  0.019 -0.021]
 [-0.018 -0.011  1.     0.195]
 [ 0.     0.     0.     1.   ]]

--- Captured Sample ---
q_arm = [-1.258 -1.287  0.481 -1.917  0.419 -0.716  0.611 -1.246  1.273 -0.459
 -1.917 -0.447 -0.723 -0.675]
q_head = [ 0. -0.]
marker_right =
[[ 0.106  0.992  0.074  0.094]
 [-0.992  0.1    0.071 -0.022]
 [ 0.063 -0.081  0.995  0.202]
 [ 0.     0.     0.     1.   ]]
marker_left =
[[ 0.022 -1.    -0.006 -0.069]
 [ 0.999  0.023 -0.026 -0.015]
 [ 0.026 -0.006  1.     0.195]
 [ 0.     0.     0.     1.   ]]

--- Captured Sample ---
q_arm = [-1.263 -1.292  0.489 -1.917  0.408 -0.714  0.584 -1.242  1.268 -0.451
 -1.917 -0.458 -0.726 -0.702]
q_head = [ 0. -0.]
marker_right =
[[ 0.108  0.992  0.072  0.094]
 [-0.989  0.1    0.106 -0.024]
 [ 0.097 -0.082  0.992  0.202]
 [ 0.     0.     0.     1.   ]]
marker_left =
[[ 0.022 -1.    -0.006 -0.069]
 [ 0.998  0.022 -0.062 -0.013]
 [ 0.062 -0.005  0.998  0.195]
 [ 0.     0.     0.     1.   ]]

--- Captured Sample ---
q_arm = [-1.247 -1.274  0.461 -1.917  0.445 -0.722  0.676 -1.257  1.286 -0.479
 -1.917 -0.421 -0.717 -0.609]
q_head = [ 0. -0.]
marker_right =
[[ 0.101  0.992  0.082  0.094]
 [-0.995  0.102 -0.015 -0.018]
 [-0.023 -0.08   0.997  0.202]
 [ 0.     0.     0.     1.   ]]
marker_left =
[[ 0.022 -1.    -0.005 -0.069]
 [ 0.998  0.022  0.06  -0.02 ]
 [-0.06  -0.007  0.998  0.195]
 [ 0.     0.     0.     1.   ]]

--- Captured Sample ---
q_arm = [-1.243 -1.269  0.453 -1.917  0.455 -0.725  0.704 -1.262  1.291 -0.487
 -1.917 -0.411 -0.714 -0.582]
q_head = [ 0. -0.]
marker_right =
[[ 0.098  0.992  0.083  0.094]
 [-0.994  0.102 -0.048 -0.016]
 [-0.057 -0.078  0.995  0.201]
 [ 0.     0.     0.     1.   ]]
marker_left =
[[ 0.023 -1.    -0.007 -0.069]
 [ 0.995  0.022  0.095 -0.022]
 [-0.095 -0.009  0.995  0.195]
 [ 0.     0.     0.     1.   ]]

--- Captured Sample ---
q_arm = [-1.216 -1.354  0.422 -2.038  0.401 -0.652  0.606 -1.216  1.353 -0.421
 -2.038 -0.403 -0.652 -0.604]
q_head = [ 0.    -0.028]
marker_right =
[[ 0.108  0.991  0.074  0.094]
 [-0.993  0.104  0.052 -0.017]
 [ 0.044 -0.079  0.996  0.173]
 [ 0.     0.     0.     1.   ]]
marker_left =
[[ 0.026 -1.    -0.005 -0.07 ]
 [ 0.999  0.026  0.043 -0.014]
 [-0.043 -0.006  0.999  0.167]
 [ 0.     0.     0.     1.   ]]

--- Captured Sample ---
q_arm = [-1.289 -1.206  0.508 -1.785  0.458 -0.792  0.683 -1.288  1.205 -0.506
 -1.785 -0.46  -0.792 -0.682]
q_head = [0.    0.023]
marker_right =
[[ 0.098  0.992  0.083  0.093]
 [-0.995  0.098  0.007 -0.024]
 [-0.001 -0.084  0.997  0.23 ]
 [ 0.     0.     0.     1.   ]]
marker_left =
[[ 0.019 -1.    -0.005 -0.068]
 [ 1.     0.019 -0.003 -0.022]
 [ 0.003 -0.005  1.     0.223]
 [ 0.     0.     0.     1.   ]]

--- Captured Sample ---
q_arm = [-1.206 -1.307  0.428 -1.908  0.4   -0.761  0.669 -1.297  1.251 -0.51
 -1.923 -0.469 -0.68  -0.614]
q_head = [-0.054  0.001]
marker_right =
[[ 0.102  0.994  0.027  0.096]
 [-0.995  0.101  0.025 -0.02 ]
 [ 0.022 -0.029  0.999  0.207]
 [ 0.     0.     0.     1.   ]]
marker_left =
[[ 0.021 -0.998 -0.061 -0.066]
 [ 1.     0.02   0.015 -0.018]
 [-0.014 -0.062  0.998  0.191]
 [ 0.     0.     0.     1.   ]]

--- Captured Sample ---
q_arm = [-1.163 -1.331  0.389 -1.896  0.37  -0.801  0.693 -1.34   1.225 -0.551
 -1.926 -0.499 -0.643 -0.589]
q_head = [-0.107  0.001]
marker_right =
[[ 0.102  0.995 -0.022  0.097]
 [-0.994  0.103  0.025 -0.019]
 [ 0.027  0.019  0.999  0.213]
 [ 0.     0.     0.     1.   ]]
marker_left =
[[ 0.021 -0.993 -0.112 -0.064]
 [ 1.     0.02   0.015 -0.018]
 [-0.012 -0.112  0.994  0.187]
 [ 0.     0.     0.     1.   ]]

--- Captured Sample ---
q_arm = [-1.299 -1.254  0.514 -1.923  0.463 -0.679  0.618 -1.205  1.305 -0.425
 -1.908 -0.404 -0.762 -0.666]
q_head = [0.054 0.001]
marker_right =
[[ 0.103  0.986  0.13   0.091]
 [-0.995  0.1    0.028 -0.02 ]
 [ 0.014 -0.132  0.991  0.197]
 [ 0.     0.     0.     1.   ]]
marker_left =
[[ 0.023 -0.999  0.047 -0.072]
 [ 1.     0.024  0.016 -0.018]
 [-0.017  0.047  0.999  0.2  ]
 [ 0.     0.     0.     1.   ]]

--- Captured Sample ---
q_arm = [-1.342 -1.228  0.555 -1.926  0.493 -0.642  0.594 -1.161  1.329 -0.385
 -1.896 -0.374 -0.802 -0.69 ]
q_head = [0.107 0.001]
marker_right =
[[ 0.103  0.978  0.182  0.089]
 [-0.995  0.099  0.029 -0.021]
 [ 0.011 -0.184  0.983  0.194]
 [ 0.     0.     0.     1.   ]]
marker_left =
[[ 0.023 -0.995  0.1   -0.073]
 [ 1.     0.025  0.017 -0.017]
 [-0.019  0.1    0.995  0.206]
 [ 0.     0.     0.     1.   ]]

--- Captured Sample ---
q_arm = [-1.199 -1.283  0.461 -1.956  0.43  -0.7    0.676 -1.197  1.281 -0.458
 -1.955 -0.435 -0.701 -0.672]
q_head = [0.    0.051]
marker_right =
[[ 0.103  0.991  0.08   0.094]
 [-0.994  0.105 -0.022 -0.017]
 [-0.03  -0.077  0.997  0.198]
 [ 0.     0.     0.     1.   ]]
marker_left =
[[ 0.021 -1.    -0.008 -0.069]
 [ 0.999  0.021 -0.035 -0.015]
 [ 0.036 -0.007  0.999  0.192]
 [ 0.     0.     0.     1.   ]]

--- Captured Sample ---
q_arm = [-1.149 -1.284  0.453 -1.989  0.431 -0.683  0.707 -1.147  1.281 -0.45
 -1.989 -0.436 -0.684 -0.703]
q_head = [0.    0.104]
marker_right =
[[ 0.102  0.991  0.086  0.094]
 [-0.991  0.109 -0.076 -0.015]
 [-0.084 -0.077  0.993  0.196]
 [ 0.     0.     0.     1.   ]]
marker_left =
[[ 0.02  -1.    -0.008 -0.069]
 [ 0.996  0.021 -0.087 -0.013]
 [ 0.087 -0.007  0.996  0.189]
 [ 0.     0.     0.     1.   ]]

--- Captured Sample ---
q_arm = [-1.308 -1.278  0.484 -1.875  0.431 -0.74   0.615 -1.306  1.275 -0.48
 -1.875 -0.436 -0.741 -0.611]
q_head = [ 0.   -0.05]
marker_right =
[[ 0.103  0.992  0.076  0.094]
 [-0.992  0.097  0.076 -0.023]
 [ 0.068 -0.083  0.994  0.206]
 [ 0.     0.     0.     1.   ]]
marker_left =
[[ 0.024 -1.    -0.005 -0.069]
 [ 0.997  0.023  0.068 -0.021]
 [-0.068 -0.007  0.998  0.199]
 [ 0.     0.     0.     1.   ]]

--- Captured Sample ---
q_arm = [-1.36  -1.272  0.495 -1.833  0.434 -0.761  0.587 -1.358  1.27  -0.491
 -1.833 -0.439 -0.762 -0.583]
q_head = [ 0.    -0.099]
marker_right =
[[ 0.103  0.992  0.074  0.093]
 [-0.988  0.093  0.126 -0.025]
 [ 0.118 -0.086  0.989  0.211]
 [ 0.     0.     0.     1.   ]]
marker_left =
[[ 0.024 -1.    -0.004 -0.069]
 [ 0.993  0.024  0.116 -0.023]
 [-0.116 -0.007  0.993  0.204]
 [ 0.     0.     0.     1.   ]]

--- Captured Sample ---
q_arm = [-1.254 -1.283  0.473 -1.917  0.428 -0.718  0.646 -1.252  1.28  -0.47
 -1.917 -0.433 -0.719 -0.642]
q_head = [-0.061 -0.   ]
marker_right =
[[ 0.102  0.995  0.019  0.079]
 [-0.994  0.102  0.027 -0.02 ]
 [ 0.025 -0.021  0.999  0.206]
 [ 0.     0.     0.     1.   ]]
marker_left =
[[ 0.022 -0.997 -0.07  -0.083]
 [ 1.     0.021  0.016 -0.018]
 [-0.015 -0.07   0.997  0.19 ]
 [ 0.     0.     0.     1.   ]]

--- Captured Sample ---
q_arm = [-1.254 -1.283  0.473 -1.917  0.428 -0.718  0.646 -1.252  1.28  -0.47
 -1.917 -0.433 -0.719 -0.643]
q_head = [-0.031 -0.   ]
marker_right =
[[ 0.104  0.993  0.051  0.086]
 [-0.994  0.102  0.029 -0.02 ]
 [ 0.023 -0.053  0.998  0.204]
 [ 0.     0.     0.     1.   ]]
marker_left =
[[ 0.022 -0.999 -0.037 -0.076]
 [ 1.     0.021  0.016 -0.018]
 [-0.015 -0.038  0.999  0.192]
 [ 0.     0.     0.     1.   ]]

--- Captured Sample ---
q_arm = [-1.254 -1.283  0.473 -1.917  0.428 -0.718  0.646 -1.252  1.28  -0.47
 -1.917 -0.433 -0.719 -0.643]
q_head = [ 0.031 -0.   ]
marker_right =
[[ 0.102  0.989  0.109  0.101]
 [-0.995  0.1    0.027 -0.02 ]
 [ 0.015 -0.111  0.994  0.199]
 [ 0.     0.     0.     1.   ]]
marker_left =
[[ 0.022 -0.999  0.026 -0.062]
 [ 1.     0.022  0.018 -0.017]
 [-0.018  0.026  1.     0.197]
 [ 0.     0.     0.     1.   ]]

--- Captured Sample ---
q_arm = [-1.254 -1.283  0.473 -1.917  0.428 -0.718  0.646 -1.252  1.28  -0.47
 -1.917 -0.433 -0.719 -0.643]
q_head = [ 0.061 -0.   ]
marker_right =
[[ 0.103  0.985  0.139  0.109]
 [-0.995  0.1    0.028 -0.02 ]
 [ 0.014 -0.141  0.99   0.196]
 [ 0.     0.     0.     1.   ]]
marker_left =
[[ 0.021 -0.998  0.057 -0.054]
 [ 1.     0.022  0.017 -0.017]
 [-0.018  0.057  0.998  0.199]
 [ 0.     0.     0.     1.   ]]

--- Captured Sample ---
q_arm = [-1.254 -1.283  0.473 -1.917  0.428 -0.718  0.646 -1.252  1.28  -0.47
 -1.917 -0.433 -0.719 -0.643]
q_head = [ 0.    -0.061]
marker_right =
[[ 0.102  0.992  0.08   0.094]
 [-0.992  0.095  0.087 -0.005]
 [ 0.078 -0.089  0.993  0.206]
 [ 0.     0.     0.     1.   ]]
marker_left =
[[ 0.023 -1.    -0.006 -0.069]
 [ 0.997  0.023  0.078 -0.003]
 [-0.078 -0.008  0.997  0.199]
 [ 0.     0.     0.     1.   ]]

--- Captured Sample ---
q_arm = [-1.254 -1.283  0.473 -1.917  0.428 -0.718  0.646 -1.252  1.28  -0.47
 -1.917 -0.433 -0.719 -0.643]
q_head = [ 0.    -0.031]
marker_right =
[[ 0.102  0.992  0.077  0.094]
 [-0.994  0.097  0.057 -0.012]
 [ 0.049 -0.083  0.995  0.204]
 [ 0.     0.     0.     1.   ]]
marker_left =
[[ 0.022 -1.    -0.007 -0.069]
 [ 0.999  0.022  0.047 -0.01 ]
 [-0.046 -0.008  0.999  0.197]
 [ 0.     0.     0.     1.   ]]

--- Captured Sample ---
q_arm = [-1.254 -1.283  0.473 -1.917  0.428 -0.718  0.646 -1.252  1.28  -0.47
 -1.917 -0.433 -0.719 -0.643]
q_head = [0.    0.031]
marker_right =
[[ 0.103  0.992  0.079  0.094]
 [-0.995  0.104 -0.003 -0.027]
 [-0.011 -0.078  0.997  0.199]
 [ 0.     0.     0.     1.   ]]
marker_left =
[[ 0.021 -1.    -0.005 -0.069]
 [ 1.     0.021 -0.013 -0.025]
 [ 0.014 -0.005  1.     0.192]
 [ 0.     0.     0.     1.   ]]

--- Captured Sample ---
q_arm = [-1.254 -1.283  0.473 -1.917  0.428 -0.718  0.646 -1.252  1.28  -0.47
 -1.917 -0.433 -0.719 -0.643]
q_head = [0.    0.061]
marker_right =
[[ 0.104  0.991  0.08   0.094]
 [-0.994  0.107 -0.031 -0.035]
 [-0.04  -0.077  0.996  0.196]
 [ 0.     0.     0.     1.   ]]
marker_left =
[[ 0.021 -1.    -0.004 -0.069]
 [ 0.999  0.021 -0.044 -0.032]
 [ 0.044 -0.003  0.999  0.19 ]
 [ 0.     0.     0.     1.   ]]

