# Joint_A_Angle(deg), Cam_X(mm), Cam_Y(mm), Cam_Z(mm), Torso_X(mm), Torso_Y(mm), Torso_Z(mm), EE_X(mm), EE_Y(mm), EE_Z(mm), T_cam2marker_flat(16), T_torso2marker_flat(16), T_ee2marker_flat(16)
0.0000, 97.2832, 8.0812, 272.8125, 340.1473, -90.4649, 237.3659, 10.1916, 54.9700, -50.1364, 0.699627, -0.520873, -0.489095, 0.097283, 0.513770, 0.842444, -0.162257, 0.008081, 0.496550, -0.137763, 0.857006, 0.272812, 0.000000, 0.000000, 0.000000, 1.000000, 0.469545, -0.166172, 0.867130, 0.340147, -0.704907, 0.520821, 0.481510, -0.090465, -0.531632, -0.837337, 0.127413, 0.237366, 0.000000, 0.000000, 0.000000, 1.000000, 0.999984, 0.005460, 0.001356, 0.010192, 0.001349, 0.001234, -0.999998, 0.054970, -0.005461, 0.999984, 0.001227, -0.050136, 0.000000, 0.000000, 0.000000, 1.000000
0.2131, 97.0090, 7.9788, 272.3511, 339.6929, -90.1863, 237.4859, 9.9236, 55.1777, -50.0140, 0.700857, -0.521284, -0.486890, 0.097009, 0.514733, 0.842154, -0.160707, 0.007979, 0.493811, -0.137986, 0.858552, 0.272351, 0.000000, 0.000000, 0.000000, 1.000000, 0.466759, -0.166379, 0.868593, 0.339693, -0.706114, 0.521234, 0.479289, -0.090186, -0.532484, -0.837038, 0.125808, 0.237486, 0.000000, 0.000000, 0.000000, 1.000000, 0.999988, 0.004917, 0.000741, 0.009924, 0.000736, 0.001158, -0.999999, 0.055178, -0.004918, 0.999987, 0.001154, -0.050014, 0.000000, 0.000000, 0.000000, 1.000000
0.4636, 97.0842, 7.8938, 272.8413, 340.1853, -90.2659, 237.5517, 10.4135, 54.7348, -50.1933, 0.703986, -0.521894, -0.481695, 0.097084, 0.515281, 0.842088, -0.159292, 0.007894, 0.488763, -0.136069, 0.861740, 0.272841, 0.000000, 0.000000, 0.000000, 1.000000, 0.461665, -0.164456, 0.871676, 0.340185, -0.709198, 0.521826, 0.474063, -0.090266, -0.532826, -0.837049, 0.124278, 0.237552, 0.000000, 0.000000, 0.000000, 1.000000, 0.999983, 0.005400, 0.002304, 0.010413, 0.002308, -0.000819, -0.999997, 0.054735, -0.005398, 0.999985, -0.000831, -0.050193, 0.000000, 0.000000, 0.000000, 1.000000
0.6917, 96.9023, 7.8388, 272.4359, 339.7841, -90.0802, 237.6222, 10.2771, 54.9461, -50.0874, 0.703763, -0.522053, -0.481848, 0.096902, 0.516183, 0.841762, -0.158086, 0.007839, 0.488131, -0.137467, 0.861876, 0.272436, 0.000000, 0.000000, 0.000000, 1.000000, 0.461000, -0.165838, 0.871766, 0.339784, -0.708971, 0.521999, 0.474213, -0.090080, -0.533704, -0.836669, 0.123067, 0.237622, 0.000000, 0.000000, 0.000000, 1.000000, 0.999990, 0.004439, -0.001091, 0.010277, -0.001092, 0.000239, -0.999999, 0.054946, -0.004438, 0.999990, 0.000244, -0.050087, 0.000000, 0.000000, 0.000000, 1.000000
0.8266, 96.4897, 7.6066, 271.8192, 339.1807, -89.6616, 237.8778, 9.6966, 55.2203, -49.9796, 0.706474, -0.521167, -0.478832, 0.096490, 0.516879, 0.842102, -0.153947, 0.007607, 0.483457, -0.138739, 0.864304, 0.271819, 0.000000, 0.000000, 0.000000, 1.000000, 0.456278, -0.167130, 0.874001, 0.339181, -0.711639, 0.521124, 0.471168, -0.089662, -0.534209, -0.836957, 0.118841, 0.237878, 0.000000, 0.000000, 0.000000, 1.000000, 0.999987, 0.004623, 0.002006, 0.009697, 0.001998, 0.001805, -0.999996, 0.055220, -0.004626, 0.999988, 0.001795, -0.049980, 0.000000, 0.000000, 0.000000, 1.000000
1.1474, 96.5650, 7.5197, 272.4573, 339.8211, -89.7426, 237.9396, 10.3196, 54.6348, -50.1811, 0.709526, -0.522425, -0.472912, 0.096565, 0.517634, 0.841762, -0.153269, 0.007520, 0.478151, -0.136047, 0.867677, 0.272457, 0.000000, 0.000000, 0.000000, 1.000000, 0.450919, -0.164416, 0.877291, 0.339821, -0.714644, 0.522358, 0.465216, -0.089743, -0.534749, -0.836725, 0.118042, 0.237940, 0.000000, 0.000000, 0.000000, 1.000000, 0.999985, 0.004859, 0.002556, 0.010320, 0.002562, -0.001204, -0.999996, 0.054635, -0.004856, 0.999987, -0.001216, -0.050181, 0.000000, 0.000000, 0.000000, 1.000000
1.4621, 96.1870, 7.3157, 271.8884, 339.2642, -89.3592, 238.1652, 9.9744, 54.8624, -50.0745, 0.712359, -0.520852, -0.470381, 0.096187, 0.518063, 0.842402, -0.148221, 0.007316, 0.473451, -0.138101, 0.869927, 0.271888, 0.000000, 0.000000, 0.000000, 1.000000, 0.446181, -0.166507, 0.879317, 0.339264, -0.717435, 0.520803, 0.462658, -0.089359, -0.534987, -0.837281, 0.112914, 0.238165, 0.000000, 0.000000, 0.000000, 1.000000, 0.999982, 0.005329, 0.002562, 0.009974, 0.002555, 0.001394, -0.999996, 0.054862, -0.005333, 0.999985, 0.001380, -0.050075, 0.000000, 0.000000, 0.000000, 1.000000
1.8031, 95.8892, 7.0944, 271.5935, 338.9809, -89.0583, 238.3974, 9.8347, 54.8874, -50.0628, 0.714579, -0.521104, -0.466720, 0.095889, 0.519782, 0.842021, -0.144316, 0.007094, 0.468191, -0.139467, 0.872551, 0.271593, 0.000000, 0.000000, 0.000000, 1.000000, 0.440837, -0.167856, 0.881752, 0.338981, -0.719610, 0.521067, 0.458967, -0.089058, -0.536493, -0.836847, 0.108915, 0.238397, 0.000000, 0.000000, 0.000000, 1.000000, 0.999988, 0.004317, 0.002490, 0.009835, 0.002479, 0.002379, -0.999994, 0.054887, -0.004323, 0.999988, 0.002369, -0.050063, 0.000000, 0.000000, 0.000000, 1.000000
2.1230, 95.8704, 7.0210, 272.1116, 339.5016, -89.0441, 238.4503, 10.3300, 54.3592, -50.1868, 0.718675, -0.521416, -0.460034, 0.095870, 0.520091, 0.842209, -0.142088, 0.007021, 0.461532, -0.137144, 0.876459, 0.272112, 0.000000, 0.000000, 0.000000, 1.000000, 0.434134, -0.165539, 0.885508, 0.339502, -0.723645, 0.521358, 0.452242, -0.089044, -0.536531, -0.837127, 0.106548, 0.238450, 0.000000, 0.000000, 0.000000, 1.000000, 0.999975, 0.005286, 0.004661, 0.010330, 0.004660, 0.000207, -0.999989, 0.054359, -0.005287, 0.999986, 0.000182, -0.050187, 0.000000, 0.000000, 0.000000, 1.000000
2.4543, 95.4989, 6.8002, 271.4012, 338.8039, -88.6659, 238.6982, 9.9349, 54.7196, -50.0780, 0.720448, -0.521846, -0.456761, 0.095499, 0.522163, 0.841617, -0.137935, 0.006800, 0.456399, -0.139129, 0.878830, 0.271401, 0.000000, 0.000000, 0.000000, 1.000000, 0.428907, -0.167495, 0.887685, 0.338804, -0.725374, 0.521807, 0.448942, -0.088666, -0.538396, -0.836458, 0.102310, 0.238698, 0.000000, 0.000000, 0.000000, 1.000000, 0.999983, 0.003759, 0.004493, 0.009935, 0.004486, 0.001637, -0.999989, 0.054720, -0.003766, 0.999992, 0.001620, -0.050078, 0.000000, 0.000000, 0.000000, 1.000000
2.7677, 95.2465, 6.6664, 271.2717, 338.6821, -88.4120, 238.8365, 9.9233, 54.6448, -50.0397, 0.723477, -0.521159, -0.452740, 0.095246, 0.522009, 0.842149, -0.135246, 0.006666, 0.451759, -0.138487, 0.881326, 0.271272, 0.000000, 0.000000, 0.000000, 1.000000, 0.424250, -0.166881, 0.890035, 0.338682, -0.728361, 0.521114, 0.444894, -0.088412, -0.538054, -0.837013, 0.099533, 0.238837, 0.000000, 0.000000, 0.000000, 1.000000, 0.999978, 0.004833, 0.004463, 0.009923, 0.004456, 0.001438, -0.999989, 0.054645, -0.004840, 0.999987, 0.001416, -0.050040, 0.000000, 0.000000, 0.000000, 1.000000
3.1373, 95.0649, 6.4974, 271.1954, 338.6142, -88.2295, 239.0080, 10.0213, 54.5423, -50.0755, 0.725839, -0.521342, -0.448732, 0.095065, 0.522576, 0.842136, -0.133119, 0.006497, 0.447294, -0.137873, 0.883696, 0.271195, 0.000000, 0.000000, 0.000000, 1.000000, 0.419745, -0.166266, 0.892284, 0.338614, -0.730683, 0.521291, 0.440861, -0.088230, -0.538439, -0.837026, 0.097322, 0.239008, 0.000000, 0.000000, 0.000000, 1.000000, 0.999983, 0.004980, 0.003091, 0.010021, 0.003087, 0.000781, -0.999995, 0.054542, -0.004982, 0.999987, 0.000766, -0.050075, 0.000000, 0.000000, 0.000000, 1.000000
3.4488, 94.8989, 6.4270, 270.9793, 338.4025, -88.0615, 239.0866, 10.0637, 54.5946, -50.0173, 0.726562, -0.521203, -0.447723, 0.094899, 0.523305, 0.842017, -0.130993, 0.006427, 0.445264, -0.139121, 0.884525, 0.270979, 0.000000, 0.000000, 0.000000, 1.000000, 0.417681, -0.167509, 0.893019, 0.338402, -0.731388, 0.521164, 0.439841, -0.088061, -0.539086, -0.836857, 0.095167, 0.239087, 0.000000, 0.000000, 0.000000, 1.000000, 0.999990, 0.004471, -0.000127, 0.010064, -0.000136, 0.001905, -0.999998, 0.054595, -0.004471, 0.999988, 0.001906, -0.050017, 0.000000, 0.000000, 0.000000, 1.000000
3.5723, 94.7132, 6.2468, 270.8886, 338.3206, -87.8747, 239.2699, 9.9114, 54.5468, -50.0584, 0.729255, -0.520494, -0.444154, 0.094713, 0.523494, 0.842409, -0.127677, 0.006247, 0.440615, -0.139403, 0.886806, 0.270889, 0.000000, 0.000000, 0.000000, 1.000000, 0.413004, -0.167812, 0.895135, 0.338321, -0.734039, 0.520457, 0.436247, -0.087875, -0.539087, -0.837236, 0.091770, 0.239270, 0.000000, 0.000000, 0.000000, 1.000000, 0.999982, 0.005071, 0.003064, 0.009911, 0.003051, 0.002513, -0.999992, 0.054547, -0.005078, 0.999984, 0.002497, -0.050058, 0.000000, 0.000000, 0.000000, 1.000000
3.8852, 94.5940, 6.1921, 270.8304, 338.2657, -87.7548, 239.3267, 10.0680, 54.4839, -50.0336, 0.730066, -0.521474, -0.441665, 0.094594, 0.523985, 0.842045, -0.128063, 0.006192, 0.438683, -0.137931, 0.887993, 0.270830, 0.000000, 0.000000, 0.000000, 1.000000, 0.411047, -0.166318, 0.896314, 0.338266, -0.734834, 0.521424, 0.433747, -0.087755, -0.539499, -0.836932, 0.092114, 0.239327, 0.000000, 0.000000, 0.000000, 1.000000, 0.999988, 0.004824, -0.000270, 0.010068, -0.000273, 0.000698, -1.000000, 0.054484, -0.004823, 0.999988, 0.000700, -0.050034, 0.000000, 0.000000, 0.000000, 1.000000
3.9889, 94.3984, 6.0267, 270.7667, 338.2104, -87.5585, 239.4940, 9.9090, 54.4151, -50.0608, 0.733124, -0.520708, -0.437485, 0.094398, 0.524316, 0.842438, -0.124062, 0.006027, 0.433154, -0.138428, 0.890626, 0.270767, 0.000000, 0.000000, 0.000000, 1.000000, 0.405482, -0.166837, 0.898749, 0.338210, -0.737841, 0.520661, 0.429538, -0.087558, -0.539607, -0.837304, 0.088019, 0.239494, 0.000000, 0.000000, 0.000000, 1.000000, 0.999977, 0.005374, 0.004227, 0.009909, 0.004219, 0.001518, -0.999990, 0.054415, -0.005380, 0.999984, 0.001496, -0.050061, 0.000000, 0.000000, 0.000000, 1.000000
4.3598, 94.2240, 5.9246, 270.6449, 338.0943, -87.3827, 239.6006, 10.0264, 54.3697, -50.0380, 0.734430, -0.521825, -0.433947, 0.094224, 0.525586, 0.841833, -0.122788, 0.005925, 0.429385, -0.137897, 0.892532, 0.270645, 0.000000, 0.000000, 0.000000, 1.000000, 0.401654, -0.166273, 0.900571, 0.338094, -0.739115, 0.521775, 0.425981, -0.087383, -0.540724, -0.836722, 0.086678, 0.239601, 0.000000, 0.000000, 0.000000, 1.000000, 0.999988, 0.004478, 0.001835, 0.010026, 0.001833, 0.000450, -0.999998, 0.054370, -0.004479, 0.999990, 0.000442, -0.050038, 0.000000, 0.000000, 0.000000, 1.000000
4.6582, 94.0442, 5.7540, 270.7893, 338.2469, -87.2040, 239.7650, 10.1486, 54.0894, -50.1069, 0.738436, -0.521307, -0.427728, 0.094044, 0.525830, 0.842262, -0.118733, 0.005754, 0.422155, -0.137236, 0.896076, 0.270789, 0.000000, 0.000000, 0.000000, 1.000000, 0.394384, -0.165634, 0.903895, 0.338247, -0.743055, 0.521250, 0.419723, -0.087204, -0.540676, -0.837176, 0.082498, 0.239765, 0.000000, 0.000000, 0.000000, 1.000000, 0.999974, 0.005370, 0.004847, 0.010149, 0.004846, 0.000111, -0.999988, 0.054089, -0.005370, 0.999986, 0.000085, -0.050107, 0.000000, 0.000000, 0.000000, 1.000000
4.9935, 93.9129, 5.6776, 270.4908, 337.9529, -87.0699, 239.8529, 10.2023, 54.2316, -50.0605, 0.738235, -0.521852, -0.427411, 0.093913, 0.526370, 0.841917, -0.118788, 0.005678, 0.421834, -0.137282, 0.896220, 0.270491, 0.000000, 0.000000, 0.000000, 1.000000, 0.394044, -0.165662, 0.904038, 0.337953, -0.742852, 0.521796, 0.419405, -0.087070, -0.541203, -0.836831, 0.082548, 0.239853, 0.000000, 0.000000, 0.000000, 1.000000, 0.999988, 0.004767, -0.000741, 0.010202, -0.000740, -0.000152, -1.000000, 0.054232, -0.004767, 0.999989, -0.000149, -0.050060, 0.000000, 0.000000, 0.000000, 1.000000
5.1082, 93.7319, 5.5071, 270.6292, 338.0995, -86.8899, 240.0174, 10.1449, 53.9899, -50.1278, 0.741888, -0.520947, -0.422158, 0.093732, 0.526520, 0.842445, -0.114293, 0.005507, 0.415185, -0.137482, 0.899289, 0.270629, 0.000000, 0.000000, 0.000000, 1.000000, 0.387361, -0.165891, 0.906880, 0.338099, -0.746444, 0.520891, 0.414117, -0.086890, -0.541084, -0.837348, 0.077945, 0.240017, 0.000000, 0.000000, 0.000000, 1.000000, 0.999973, 0.005630, 0.004799, 0.010145, 0.004796, 0.000465, -0.999988, 0.053990, -0.005632, 0.999984, 0.000438, -0.050128, 0.000000, 0.000000, 0.000000, 1.000000
5.4725, 93.5810, 5.4207, 270.2895, 337.7648, -86.7358, 240.1169, 10.1895, 54.1566, -50.0738, 0.741463, -0.521713, -0.421958, 0.093581, 0.527668, 0.841818, -0.113616, 0.005421, 0.414487, -0.138412, 0.899468, 0.270289, 0.000000, 0.000000, 0.000000, 1.000000, 0.386622, -0.166787, 0.907031, 0.337765, -0.746015, 0.521667, 0.413915, -0.086736, -0.542204, -0.836687, 0.077262, 0.240117, 0.000000, 0.000000, 0.000000, 1.000000, 0.999990, 0.004353, -0.000978, 0.010190, -0.000982, 0.000873, -0.999999, 0.054157, -0.004352, 0.999990, 0.000877, -0.050074, 0.000000, 0.000000, 0.000000, 1.000000
5.5942, 93.3659, 5.2555, 270.1627, 337.6466, -86.5193, 240.2866, 10.0053, 54.1402, -50.0818, 0.743743, -0.521650, -0.418003, 0.093366, 0.528337, 0.841814, -0.110491, 0.005255, 0.409519, -0.138670, 0.901701, 0.270163, 0.000000, 0.000000, 0.000000, 1.000000, 0.381611, -0.167046, 0.909103, 0.337647, -0.748251, 0.521607, 0.409935, -0.086519, -0.542673, -0.836673, 0.074059, 0.240287, 0.000000, 0.000000, 0.000000, 1.000000, 0.999988, 0.004293, 0.002405, 0.010005, 0.002401, 0.001122, -0.999996, 0.054140, -0.004296, 0.999990, 0.001112, -0.050082, 0.000000, 0.000000, 0.000000, 1.000000
5.9014, 93.2658, 5.2156, 270.1812, 337.6676, -86.4193, 240.3255, 10.2074, 54.0231, -50.0653, 0.745445, -0.521017, -0.415755, 0.093266, 0.527951, 0.842264, -0.108900, 0.005216, 0.406914, -0.138319, 0.902933, 0.270181, 0.000000, 0.000000, 0.000000, 1.000000, 0.379009, -0.166719, 0.910251, 0.337668, -0.749928, 0.520970, 0.407673, -0.086419, -0.542181, -0.837135, 0.072425, 0.240326, 0.000000, 0.000000, 0.000000, 1.000000, 0.999987, 0.005151, 0.000062, 0.010207, 0.000056, 0.001095, -0.999999, 0.054023, -0.005151, 0.999986, 0.001094, -0.050065, 0.000000, 0.000000, 0.000000, 1.000000
6.0341, 93.1285, 5.0697, 270.1532, 337.6466, -86.2815, 240.4721, 10.1414, 53.9521, -50.1117, 0.746737, -0.521790, -0.412454, 0.093129, 0.529053, 0.841801, -0.107116, 0.005070, 0.403096, -0.138223, 0.904659, 0.270153, 0.000000, 0.000000, 0.000000, 1.000000, 0.375139, -0.166598, 0.911875, 0.337647, -0.751187, 0.521743, 0.404354, -0.086282, -0.543129, -0.836678, 0.070580, 0.240472, 0.000000, 0.000000, 0.000000, 1.000000, 0.999989, 0.004371, 0.001848, 0.010141, 0.001845, 0.000626, -0.999998, 0.053952, -0.004372, 0.999990, 0.000618, -0.050112, 0.000000, 0.000000, 0.000000, 1.000000
6.3413, 92.9734, 4.9952, 270.0367, 337.5345, -86.1252, 240.5509, 10.2285, 53.9311, -50.0766, 0.748393, -0.520997, -0.410450, 0.092973, 0.528918, 0.842199, -0.104629, 0.004995, 0.400192, -0.138791, 0.905861, 0.270037, 0.000000, 0.000000, 0.000000, 1.000000, 0.372227, -0.167188, 0.912960, 0.337535, -0.752816, 0.520954, 0.402335, -0.086125, -0.542876, -0.837051, 0.068051, 0.240551, 0.000000, 0.000000, 0.000000, 1.000000, 0.999988, 0.004951, -0.000213, 0.010228, -0.000220, 0.001484, -0.999999, 0.053931, -0.004950, 0.999987, 0.001485, -0.050077, 0.000000, 0.000000, 0.000000, 1.000000
6.4688, 92.6811, 4.8235, 269.6783, 337.1858, -85.8295, 240.7360, 9.8956, 54.0960, -50.0172, 0.749941, -0.521360, -0.407150, 0.092681, 0.529329, 0.842101, -0.103333, 0.004823, 0.396735, -0.138023, 0.907497, 0.269678, 0.000000, 0.000000, 0.000000, 1.000000, 0.368743, -0.166413, 0.914514, 0.337186, -0.754334, 0.521311, 0.399019, -0.085829, -0.543148, -0.836984, 0.066699, 0.240736, 0.000000, 0.000000, 0.000000, 1.000000, 0.999987, 0.004940, 0.001368, 0.009896, 0.001365, 0.000618, -0.999999, 0.054096, -0.004940, 0.999988, 0.000611, -0.050017, 0.000000, 0.000000, 0.000000, 1.000000
6.7970, 92.5656, 4.7603, 269.6295, 337.1406, -85.7134, 240.8009, 10.0659, 54.0298, -50.0028, 0.751691, -0.520722, -0.404734, 0.092566, 0.529434, 0.842378, -0.100496, 0.004760, 0.393269, -0.138738, 0.908895, 0.269629, 0.000000, 0.000000, 0.000000, 1.000000, 0.365260, -0.167145, 0.915777, 0.337141, -0.756051, 0.520679, 0.396585, -0.085713, -0.543113, -0.837231, 0.063813, 0.240801, 0.000000, 0.000000, 0.000000, 1.000000, 0.999986, 0.005288, -0.000488, 0.010066, -0.000496, 0.001526, -0.999999, 0.054030, -0.005287, 0.999985, 0.001529, -0.050003, 0.000000, 0.000000, 0.000000, 1.000000
6.9359, 92.3683, 4.6297, 269.6594, 337.1775, -85.5162, 240.9298, 9.9908, 53.8856, -50.0129, 0.753497, -0.521303, -0.400607, 0.092368, 0.530037, 0.842179, -0.098972, 0.004630, 0.388977, -0.137762, 0.910889, 0.269659, 0.000000, 0.000000, 0.000000, 1.000000, 0.360931, -0.166156, 0.917671, 0.337177, -0.757819, 0.521251, 0.392438, -0.085516, -0.543543, -0.837072, 0.062220, 0.240930, 0.000000, 0.000000, 0.000000, 1.000000, 0.999985, 0.005131, 0.001775, 0.009991, 0.001773, 0.000371, -0.999998, 0.053886, -0.005131, 0.999987, 0.000362, -0.050013, 0.000000, 0.000000, 0.000000, 1.000000
7.2435, 92.2705, 4.5817, 269.5466, 337.0675, -85.4172, 240.9820, 10.1372, 53.8905, -49.9861, 0.753974, -0.521192, -0.399853, 0.092270, 0.530068, 0.842237, -0.098311, 0.004582, 0.388010, -0.137825, 0.911292, 0.269547, 0.000000, 0.000000, 0.000000, 1.000000, 0.359959, -0.166223, 0.918041, 0.337067, -0.758288, 0.521141, 0.391679, -0.085417, -0.543534, -0.837128, 0.061545, 0.240982, 0.000000, 0.000000, 0.000000, 1.000000, 0.999983, 0.005223, -0.002518, 0.010137, -0.002520, 0.000451, -0.999997, 0.053891, -0.005222, 0.999986, 0.000464, -0.049986, 0.000000, 0.000000, 0.000000, 1.000000
7.3767, 91.9785, 4.3511, 269.2486, 336.7815, -85.1222, 241.2237, 9.8051, 54.0011, -49.9848, 0.756001, -0.521373, -0.395768, 0.091978, 0.531775, 0.841753, -0.093097, 0.004351, 0.381677, -0.140078, 0.913620, 0.269249, 0.000000, 0.000000, 0.000000, 1.000000, 0.353546, -0.168453, 0.920124, 0.336782, -0.760260, 0.521343, 0.387565, -0.085122, -0.544987, -0.836555, 0.056250, 0.241224, 0.000000, 0.000000, 0.000000, 1.000000, 0.999990, 0.003966, 0.001915, 0.009805, 0.001906, 0.002378, -0.999995, 0.054001, -0.003971, 0.999989, 0.002371, -0.049985, 0.000000, 0.000000, 0.000000, 1.000000
7.6887, 91.9967, 4.3361, 269.4316, 336.9648, -85.1421, 241.2315, 10.1732, 53.7850, -50.0326, 0.756985, -0.522145, -0.392859, 0.091997, 0.531853, 0.841627, -0.093790, 0.004336, 0.379613, -0.137945, 0.914803, 0.269432, 0.000000, 0.000000, 0.000000, 1.000000, 0.351471, -0.166310, 0.921308, 0.336965, -0.761225, 0.522095, 0.384647, -0.085142, -0.544981, -0.836515, 0.056902, 0.241232, 0.000000, 0.000000, 0.000000, 1.000000, 0.999991, 0.004139, -0.001257, 0.010173, -0.001257, 0.000091, -0.999999, 0.053785, -0.004139, 0.999991, 0.000096, -0.050033, 0.000000, 0.000000, 0.000000, 1.000000
7.8565, 91.7006, 4.1447, 269.2545, 336.7980, -84.8441, 241.4292, 9.9378, 53.7844, -50.0129, 0.759776, -0.521164, -0.388753, 0.091701, 0.532136, 0.841992, -0.088776, 0.004145, 0.373594, -0.139420, 0.917055, 0.269254, 0.000000, 0.000000, 0.000000, 1.000000, 0.345421, -0.167807, 0.923323, 0.336798, -0.763961, 0.521128, 0.380513, -0.084844, -0.545022, -0.836820, 0.051811, 0.241429, 0.000000, 0.000000, 0.000000, 1.000000, 0.999987, 0.004523, 0.002450, 0.009938, 0.002442, 0.001846, -0.999995, 0.053784, -0.004527, 0.999988, 0.001835, -0.050013, 0.000000, 0.000000, 0.000000, 1.000000
8.3329, 91.5727, 4.0066, 269.3815, 336.9315, -84.7172, 241.5619, 10.2601, 53.5221, -50.0794, 0.761692, -0.521514, -0.384511, 0.091573, 0.532273, 0.842024, -0.087641, 0.004007, 0.369473, -0.137910, 0.918951, 0.269381, 0.000000, 0.000000, 0.000000, 1.000000, 0.341281, -0.166296, 0.925134, 0.336932, -0.765840, 0.521463, 0.376252, -0.084717, -0.544992, -0.836912, 0.050609, 0.241562, 0.000000, 0.000000, 0.000000, 1.000000, 0.999987, 0.004845, -0.001335, 0.010260, -0.001337, 0.000289, -0.999999, 0.053522, -0.004844, 0.999988, 0.000295, -0.050079, 0.000000, 0.000000, 0.000000, 1.000000
8.6436, 91.2719, 3.7817, 269.2361, 336.7979, -84.4147, 241.7918, 10.1468, 53.4665, -50.0900, 0.764772, -0.522109, -0.377525, 0.091272, 0.533525, 0.841679, -0.083235, 0.003782, 0.361213, -0.137764, 0.922251, 0.269236, 0.000000, 0.000000, 0.000000, 1.000000, 0.332950, -0.166131, 0.928194, 0.336798, -0.768847, 0.522058, 0.369230, -0.084415, -0.545912, -0.836574, 0.046090, 0.241792, 0.000000, 0.000000, 0.000000, 1.000000, 0.999989, 0.004264, 0.002125, 0.010147, 0.002126, -0.000126, -0.999998, 0.053466, -0.004264, 0.999991, -0.000135, -0.050090, 0.000000, 0.000000, 0.000000, 1.000000
8.8800, 90.9420, 3.6515, 268.7713, 336.3416, -84.0804, 241.9395, 9.8789, 53.7184, -49.9611, 0.765869, -0.521122, -0.376666, 0.090942, 0.532767, 0.842277, -0.082034, 0.003652, 0.360006, -0.137848, 0.922710, 0.268771, 0.000000, 0.000000, 0.000000, 1.000000, 0.331764, -0.166248, 0.928598, 0.336342, -0.769931, 0.521070, 0.368364, -0.084080, -0.545104, -0.837166, 0.044873, 0.241940, 0.000000, 0.000000, 0.000000, 1.000000, 0.999986, 0.005308, -0.000535, 0.009879, -0.000537, 0.000354, -1.000000, 0.053718, -0.005308, 0.999986, 0.000357, -0.049961, 0.000000, 0.000000, 0.000000, 1.000000
9.0853, 90.8577, 3.5715, 268.9435, 336.5176, -83.9975, 242.0126, 10.0249, 53.4856, -50.0080, 0.767938, -0.521222, -0.372290, 0.090858, 0.533149, 0.842280, -0.079480, 0.003571, 0.354999, -0.137450, 0.924707, 0.268944, 0.000000, 0.000000, 0.000000, 1.000000, 0.326727, -0.165849, 0.930453, 0.336518, -0.771954, 0.521167, 0.363967, -0.083997, -0.545285, -0.837185, 0.042251, 0.242013, 0.000000, 0.000000, 0.000000, 1.000000, 0.999985, 0.005376, 0.001312, 0.010025, 0.001312, -0.000070, -0.999999, 0.053486, -0.005376, 0.999986, -0.000077, -0.050008, 0.000000, 0.000000, 0.000000, 1.000000
9.3182, 90.7370, 3.5099, 268.7325, 336.3102, -83.8748, 242.0822, 10.0425, 53.5903, -49.9669, 0.768482, -0.521295, -0.371061, 0.090737, 0.533483, 0.842179, -0.078293, 0.003510, 0.353314, -0.137788, 0.925302, 0.268732, 0.000000, 0.000000, 0.000000, 1.000000, 0.325026, -0.166182, 0.930990, 0.336310, -0.772484, 0.521243, 0.362731, -0.083875, -0.545551, -0.837072, 0.041044, 0.242082, 0.000000, 0.000000, 0.000000, 1.000000, 0.999986, 0.005147, -0.000964, 0.010042, -0.000965, 0.000186, -1.000000, 0.053590, -0.005147, 0.999987, 0.000191, -0.049967, 0.000000, 0.000000, 0.000000, 1.000000
9.4307, 90.4741, 3.3216, 268.5475, 336.1352, -83.6100, 242.2772, 9.7800, 53.6304, -49.9611, 0.769895, -0.521678, -0.367579, 0.090474, 0.534575, 0.841785, -0.075015, 0.003322, 0.348556, -0.138744, 0.926962, 0.268548, 0.000000, 0.000000, 0.000000, 1.000000, 0.320216, -0.167119, 0.932488, 0.336135, -0.773855, 0.521635, 0.359228, -0.083610, -0.546452, -0.836641, 0.037710, 0.242277, 0.000000, 0.000000, 0.000000, 1.000000, 0.999989, 0.004307, 0.002087, 0.009780, 0.002083, 0.000891, -0.999997, 0.053630, -0.004309, 0.999990, 0.000882, -0.049961, 0.000000, 0.000000, 0.000000, 1.000000
9.9659, 90.2674, 3.1505, 268.5781, 336.1744, -83.4033, 242.4466, 10.0390, 53.4211, -50.0005, 0.772890, -0.521282, -0.361809, 0.090267, 0.535002, 0.841932, -0.070166, 0.003150, 0.341195, -0.139337, 0.929608, 0.268578, 0.000000, 0.000000, 0.000000, 1.000000, 0.312817, -0.167721, 0.934888, 0.336174, -0.776784, 0.521245, 0.353427, -0.083403, -0.546583, -0.836764, 0.032771, 0.242447, 0.000000, 0.000000, 0.000000, 1.000000, 0.999990, 0.004500, 0.000705, 0.010039, 0.000698, 0.001556, -0.999999, 0.053421, -0.004501, 0.999989, 0.001553, -0.050001, 0.000000, 0.000000, 0.000000, 1.000000
10.2467, 90.0357, 2.9346, 268.6597, 336.2665, -83.1720, 242.6586, 10.0329, 53.1975, -50.0713, 0.775805, -0.520829, -0.356179, 0.090036, 0.534260, 0.842553, -0.068350, 0.002935, 0.335698, -0.137266, 0.931915, 0.268660, 0.000000, 0.000000, 0.000000, 1.000000, 0.307327, -0.165680, 0.937070, 0.336267, -0.779647, 0.520772, 0.347774, -0.083172, -0.545619, -0.837464, 0.030876, 0.242659, 0.000000, 0.000000, 0.000000, 1.000000, 0.999981, 0.005889, 0.001906, 0.010033, 0.001907, -0.000190, -0.999998, 0.053197, -0.005889, 0.999983, -0.000201, -0.050071, 0.000000, 0.000000, 0.000000, 1.000000
10.5917, 89.9722, 2.9297, 268.7111, 336.3187, -83.1090, 242.6614, 10.3182, 53.0653, -50.0493, 0.776296, -0.521921, -0.353502, 0.089972, 0.535338, 0.841940, -0.067454, 0.002930, 0.332833, -0.136879, 0.932999, 0.268711, 0.000000, 0.000000, 0.000000, 1.000000, 0.304417, -0.165259, 0.938094, 0.336319, -0.780114, 0.521861, 0.345085, -0.083109, -0.546583, -0.836870, 0.029943, 0.242661, 0.000000, 0.000000, 0.000000, 1.000000, 0.999988, 0.004841, -0.001200, 0.010318, -0.001195, -0.001012, -0.999999, 0.053065, -0.004842, 0.999988, -0.001007, -0.050049, 0.000000, 0.000000, 0.000000, 1.000000
10.7266, 89.5855, 2.7207, 268.1976, 335.8173, -82.7173, 242.8898, 9.8611, 53.3711, -49.9501, 0.777845, -0.521051, -0.351373, 0.089586, 0.535202, 0.842279, -0.064223, 0.002721, 0.329418, -0.138100, 0.934030, 0.268198, 0.000000, 0.000000, 0.000000, 1.000000, 0.300997, -0.166500, 0.938977, 0.335817, -0.781631, 0.521002, 0.342943, -0.082717, -0.546309, -0.837158, 0.026678, 0.242890, 0.000000, 0.000000, 0.000000, 1.000000, 0.999986, 0.005297, 0.000178, 0.009861, 0.000175, 0.000445, -1.000000, 0.053371, -0.005297, 0.999986, 0.000444, -0.049950, 0.000000, 0.000000, 0.000000, 1.000000
11.0285, 89.6433, 2.7282, 268.5723, 336.1909, -82.7785, 242.8675, 10.3125, 52.9883, -50.0263, 0.779023, -0.521662, -0.347839, 0.089643, 0.535068, 0.842313, -0.064893, 0.002728, 0.326841, -0.135564, 0.935306, 0.268572, 0.000000, 0.000000, 0.000000, 1.000000, 0.298417, -0.163962, 0.940247, 0.336191, -0.782785, 0.521590, 0.339398, -0.082778, -0.546072, -0.837293, 0.027304, 0.242868, 0.000000, 0.000000, 0.000000, 1.000000, 0.999981, 0.005664, -0.002294, 0.010313, -0.002282, -0.002166, -0.999995, 0.052988, -0.005669, 0.999982, -0.002153, -0.050026, 0.000000, 0.000000, 0.000000, 1.000000
11.1463, 89.2387, 2.4646, 267.9790, 335.6122, -82.3681, 243.1536, 9.7734, 53.3667, -49.9524, 0.780488, -0.521253, -0.345157, 0.089239, 0.535920, 0.842139, -0.059938, 0.002465, 0.321913, -0.138195, 0.936629, 0.267979, 0.000000, 0.000000, 0.000000, 1.000000, 0.293445, -0.166588, 0.941349, 0.335612, -0.784207, 0.521205, 0.336696, -0.082368, -0.546725, -0.837015, 0.022305, 0.243154, 0.000000, 0.000000, 0.000000, 1.000000, 0.999987, 0.005037, 0.000838, 0.009773, 0.000836, 0.000417, -1.000000, 0.053367, -0.005037, 0.999987, 0.000413, -0.049952, 0.000000, 0.000000, 0.000000, 1.000000
11.4728, 89.1448, 2.3012, 268.3043, 335.9445, -82.2769, 243.3039, 10.0189, 52.9635, -50.0855, 0.783196, -0.521801, -0.338123, 0.089145, 0.536892, 0.841822, -0.055519, 0.002301, 0.313609, -0.138053, 0.939463, 0.268304, 0.000000, 0.000000, 0.000000, 1.000000, 0.285085, -0.166429, 0.943943, 0.335944, -0.786841, 0.521752, 0.329630, -0.082277, -0.547364, -0.836705, 0.017791, 0.243304, 0.000000, 0.000000, 0.000000, 1.000000, 0.999982, 0.004486, 0.003908, 0.010019, 0.003908, 0.000049, -0.999992, 0.052964, -0.004486, 0.999990, 0.000032, -0.050086, 0.000000, 0.000000, 0.000000, 1.000000
11.7822, 88.9002, 2.1529, 268.2096, 335.8579, -82.0312, 243.4554, 10.0039, 52.9071, -50.0683, 0.785253, -0.521569, -0.333681, 0.088900, 0.536700, 0.842092, -0.053236, 0.002153, 0.308756, -0.137283, 0.941182, 0.268210, 0.000000, 0.000000, 0.000000, 1.000000, 0.280226, -0.165672, 0.945530, 0.335858, -0.788853, 0.521513, 0.325169, -0.082031, -0.546977, -0.837005, 0.015450, 0.243455, 0.000000, 0.000000, 0.000000, 1.000000, 0.999980, 0.005053, 0.003749, 0.010004, 0.003752, -0.000606, -0.999993, 0.052907, -0.005051, 0.999987, -0.000624, -0.050068, 0.000000, 0.000000, 0.000000, 1.000000
12.1364, 88.7440, 2.0192, 268.4661, 336.1209, -81.8772, 243.5785, 10.2138, 52.5439, -50.1343, 0.787399, -0.522079, -0.327774, 0.088744, 0.538482, 0.841351, -0.046530, 0.002019, 0.300066, -0.139863, 0.943609, 0.268466, 0.000000, 0.000000, 0.000000, 1.000000, 0.271453, -0.168216, 0.947637, 0.336121, -0.790923, 0.522047, 0.319230, -0.081877, -0.548411, -0.836164, 0.008665, 0.243578, 0.000000, 0.000000, 0.000000, 1.000000, 0.999972, 0.003465, 0.006565, 0.010214, 0.006560, 0.001586, -0.999977, 0.052544, -0.003475, 0.999993, 0.001563, -0.050134, 0.000000, 0.000000, 0.000000, 1.000000
12.4352, 88.4909, 1.8802, 268.2112, 335.8740, -81.6216, 243.7270, 10.1371, 52.6405, -50.0825, 0.788824, -0.522094, -0.324306, 0.088491, 0.537635, 0.841837, -0.047542, 0.001880, 0.297834, -0.136856, 0.944757, 0.268211, 0.000000, 0.000000, 0.000000, 1.000000, 0.269243, -0.165230, 0.948792, 0.335874, -0.792326, 0.522034, 0.315753, -0.081622, -0.547474, -0.836767, 0.009638, 0.243727, 0.000000, 0.000000, 0.000000, 1.000000, 0.999982, 0.004628, 0.003870, 0.010137, 0.003876, -0.001250, -0.999992, 0.052641, -0.004624, 0.999988, -0.001268, -0.050083, 0.000000, 0.000000, 0.000000, 1.000000
12.7846, 88.1633, 1.6648, 268.0942, 335.7686, -81.2926, 243.9462, 10.0489, 52.5727, -50.0749, 0.790940, -0.521897, -0.319431, 0.088163, 0.537857, 0.841900, -0.043742, 0.001665, 0.291758, -0.137211, 0.946599, 0.268094, 0.000000, 0.000000, 0.000000, 1.000000, 0.263144, -0.165590, 0.950439, 0.335769, -0.794387, 0.521841, 0.310856, -0.081293, -0.547452, -0.836817, 0.005777, 0.243946, 0.000000, 0.000000, 0.000000, 1.000000, 0.999980, 0.004705, 0.004212, 0.010049, 0.004216, -0.000876, -0.999991, 0.052573, -0.004701, 0.999989, -0.000896, -0.050075, 0.000000, 0.000000, 0.000000, 1.000000
13.1010, 87.9336, 1.5183, 267.7652, 335.4477, -81.0597, 244.1051, 9.9830, 52.7485, -50.0313, 0.791814, -0.521347, -0.318163, 0.087934, 0.537742, 0.842084, -0.041569, 0.001518, 0.289592, -0.138175, 0.947124, 0.267765, 0.000000, 0.000000, 0.000000, 1.000000, 0.260977, -0.166564, 0.950867, 0.335448, -0.795241, 0.521299, 0.309580, -0.081060, -0.547251, -0.836961, 0.003588, 0.244105, 0.000000, 0.000000, 0.000000, 1.000000, 0.999987, 0.004954, 0.001019, 0.009983, 0.001018, 0.000193, -0.999999, 0.052748, -0.004954, 0.999988, 0.000188, -0.050031, 0.000000, 0.000000, 0.000000, 1.000000
13.3629, 87.6520, 1.3947, 267.2991, 334.9894, -80.7736, 244.2464, 9.8007, 53.0504, -49.9222, 0.792196, -0.520965, -0.317838, 0.087652, 0.538014, 0.842025, -0.039179, 0.001395, 0.288038, -0.139964, 0.947335, 0.267299, 0.000000, 0.000000, 0.000000, 1.000000, 0.259410, -0.168354, 0.950980, 0.334989, -0.795609, 0.520933, 0.309250, -0.080774, -0.547460, -0.836831, 0.001192, 0.244246, 0.000000, 0.000000, 0.000000, 1.000000, 0.999987, 0.004718, -0.001939, 0.009801, -0.001949, 0.001986, -0.999996, 0.053050, -0.004714, 0.999987, 0.001995, -0.049922, 0.000000, 0.000000, 0.000000, 1.000000
13.5686, 87.6219, 1.2500, 267.8901, 335.5859, -80.7487, 244.3677, 10.0555, 52.4391, -50.1103, 0.794947, -0.521918, -0.309290, 0.087622, 0.539046, 0.841564, -0.034642, 0.001250, 0.278368, -0.139183, 0.950337, 0.267890, 0.000000, 0.000000, 0.000000, 1.000000, 0.249682, -0.167546, 0.953723, 0.335586, -0.798273, 0.521880, 0.300668, -0.080749, -0.548104, -0.836403, -0.003444, 0.244368, 0.000000, 0.000000, 0.000000, 1.000000, 0.999982, 0.003941, 0.004543, 0.010056, 0.004540, 0.000912, -0.999989, 0.052439, -0.003945, 0.999992, 0.000895, -0.050110, 0.000000, 0.000000, 0.000000, 1.000000
13.9443, 87.2315, 1.0868, 267.3680, 335.0741, -80.3533, 244.5507, 9.8568, 52.7431, -49.9694, 0.796210, -0.521425, -0.306865, 0.087232, 0.537390, 0.842511, -0.037250, 0.001087, 0.277960, -0.135248, 0.951024, 0.267368, 0.000000, 0.000000, 0.000000, 1.000000, 0.249328, -0.163656, 0.954491, 0.335074, -0.799530, 0.521349, 0.298240, -0.080353, -0.546432, -0.837503, -0.000861, 0.244551, 0.000000, 0.000000, 0.000000, 1.000000, 0.999982, 0.005938, -0.001315, 0.009857, -0.001299, -0.002672, -0.999996, 0.052743, -0.005941, 0.999979, -0.002664, -0.049969, 0.000000, 0.000000, 0.000000, 1.000000
14.2717, 86.9844, 0.8983, 267.2450, 334.9610, -80.1048, 244.7434, 9.8260, 52.7223, -49.9807, 0.797874, -0.521520, -0.302347, 0.086984, 0.538276, 0.842155, -0.032161, 0.000898, 0.271396, -0.137086, 0.952655, 0.267245, 0.000000, 0.000000, 0.000000, 1.000000, 0.242720, -0.165478, 0.955879, 0.334961, -0.801135, 0.521462, 0.293700, -0.080105, -0.547055, -0.837075, -0.006002, 0.244743, 0.000000, 0.000000, 0.000000, 1.000000, 0.999987, 0.005156, -0.000234, 0.009826, -0.000229, -0.000994, -0.999999, 0.052722, -0.005157, 0.999986, -0.000993, -0.049981, 0.000000, 0.000000, 0.000000, 1.000000
15.0034, 86.6466, 0.5991, 267.6215, 335.3520, -79.7700, 245.0268, 10.1627, 52.1265, -50.1069, 0.802164, -0.521789, -0.290292, 0.086647, 0.538703, 0.842122, -0.025088, 0.000599, 0.257552, -0.136256, 0.956609, 0.267621, 0.000000, 0.000000, 0.000000, 1.000000, 0.228832, -0.164645, 0.959441, 0.335352, -0.805299, 0.521723, 0.281599, -0.079770, -0.546927, -0.837076, -0.013202, 0.245027, 0.000000, 0.000000, 0.000000, 1.000000, 0.999986, 0.005129, 0.001490, 0.010163, 0.001500, -0.001933, -0.999997, 0.052127, -0.005126, 0.999985, -0.001940, -0.050107, 0.000000, 0.000000, 0.000000, 1.000000
15.2323, 86.2944, 0.4054, 267.2575, 334.9991, -79.4142, 245.2341, 9.8912, 52.3277, -50.0337, 0.803686, -0.521332, -0.286882, 0.086294, 0.538969, 0.842080, -0.020362, 0.000405, 0.252193, -0.138256, 0.957750, 0.267257, 0.000000, 0.000000, 0.000000, 1.000000, 0.223452, -0.166646, 0.960364, 0.334999, -0.806773, 0.521285, 0.278171, -0.079414, -0.546979, -0.836954, -0.017963, 0.245234, 0.000000, 0.000000, 0.000000, 1.000000, 0.999983, 0.004954, 0.003080, 0.009891, 0.003080, 0.000092, -0.999995, 0.052328, -0.004955, 0.999988, 0.000076, -0.050034, 0.000000, 0.000000, 0.000000, 1.000000
15.5843, 86.0310, 0.2463, 267.1484, 334.8988, -79.1495, 245.3968, 9.8878, 52.2925, -50.0136, 0.804876, -0.521890, -0.282498, 0.086031, 0.538973, 0.842084, -0.020066, 0.000246, 0.248359, -0.136109, 0.959058, 0.267148, 0.000000, 0.000000, 0.000000, 1.000000, 0.219611, -0.164495, 0.961620, 0.334899, -0.807928, 0.521823, 0.273775, -0.079150, -0.546830, -0.837044, -0.018302, 0.245397, 0.000000, 0.000000, 0.000000, 1.000000, 0.999987, 0.005044, 0.000939, 0.009888, 0.000949, -0.002156, -0.999997, 0.052293, -0.005042, 0.999985, -0.002160, -0.050014, 0.000000, 0.000000, 0.000000, 1.000000
15.8805, 85.8024, 0.1173, 266.8903, 334.6481, -78.9185, 245.5356, 9.8407, 52.4223, -49.9660, 0.805861, -0.521762, -0.279916, 0.085802, 0.539230, 0.841986, -0.017045, 0.000117, 0.244578, -0.137203, 0.959873, 0.266890, 0.000000, 0.000000, 0.000000, 1.000000, 0.215814, -0.165586, 0.962292, 0.334648, -0.808879, 0.521705, 0.271180, -0.078918, -0.546936, -0.836902, -0.021348, 0.245536, 0.000000, 0.000000, 0.000000, 1.000000, 0.999988, 0.004820, -0.000316, 0.009841, -0.000311, -0.001097, -0.999999, 0.052422, -0.004820, 0.999988, -0.001095, -0.049966, 0.000000, 0.000000, 0.000000, 1.000000
16.1481, 85.8197, 0.0249, 267.4166, 335.1774, -78.9404, 245.6071, 10.1750, 51.8736, -50.1259, 0.807804, -0.521392, -0.274960, 0.085820, 0.538404, 0.842537, -0.015883, 0.000025, 0.239945, -0.135209, 0.961324, 0.267417, 0.000000, 0.000000, 0.000000, 1.000000, 0.211200, -0.163619, 0.963651, 0.335177, -0.810779, 0.521316, 0.266210, -0.078940, -0.545923, -0.837531, -0.022557, 0.245607, 0.000000, 0.000000, 0.000000, 1.000000, 0.999983, 0.005889, -0.000021, 0.010175, -0.000004, -0.002925, -0.999996, 0.051874, -0.005889, 0.999978, -0.002925, -0.050126, 0.000000, 0.000000, 0.000000, 1.000000
16.3384, 85.7434, -0.0091, 267.4307, 335.1935, -78.8641, 245.6404, 10.2705, 51.8047, -50.1164, 0.808603, -0.521485, -0.272426, 0.085743, 0.538479, 0.842515, -0.014473, -0.000009, 0.237070, -0.134993, 0.962068, 0.267431, 0.000000, 0.000000, 0.000000, 1.000000, 0.208317, -0.163401, 0.964315, 0.335193, -0.811551, 0.521407, 0.263667, -0.078864, -0.545884, -0.837517, -0.023991, 0.245640, 0.000000, 0.000000, 0.000000, 1.000000, 0.999983, 0.005843, -0.000359, 0.010271, -0.000340, -0.003179, -0.999995, 0.051805, -0.005844, 0.999978, -0.003176, -0.050116, 0.000000, 0.000000, 0.000000, 1.000000
16.4878, 85.2694, -0.2304, 266.7282, 334.5046, -78.3834, 245.8883, 9.7392, 52.3227, -49.9552, 0.809429, -0.520757, -0.271362, 0.085269, 0.538933, 0.842302, -0.008870, -0.000230, 0.233188, -0.139067, 0.962436, 0.266728, 0.000000, 0.000000, 0.000000, 1.000000, 0.204413, -0.167470, 0.964453, 0.334505, -0.812342, 0.520716, 0.262592, -0.078383, -0.546183, -0.837143, -0.029602, 0.245888, 0.000000, 0.000000, 0.000000, 1.000000, 0.999985, 0.005355, 0.001022, 0.009739, 0.001017, 0.000922, -0.999999, 0.052323, -0.005356, 0.999985, 0.000917, -0.049955, 0.000000, 0.000000, 0.000000, 1.000000
16.7906, 85.0787, -0.3726, 266.8953, 334.6789, -78.1941, 246.0235, 9.8224, 52.0575, -49.9977, 0.810892, -0.521534, -0.265437, 0.085079, 0.539111, 0.842199, -0.007818, -0.000373, 0.227628, -0.136760, 0.964096, 0.266895, 0.000000, 0.000000, 0.000000, 1.000000, 0.198837, -0.165154, 0.966016, 0.334679, -0.813755, 0.521473, 0.256650, -0.078194, -0.546138, -0.837132, -0.030707, 0.246023, 0.000000, 0.000000, 0.000000, 1.000000, 0.999985, 0.005202, 0.001474, 0.009822, 0.001482, -0.001537, -0.999998, 0.052057, -0.005200, 0.999985, -0.001545, -0.049998, 0.000000, 0.000000, 0.000000, 1.000000
17.1514, 84.8338, -0.5854, 266.7254, 334.5197, -77.9473, 246.2424, 9.7984, 52.0935, -50.0240, 0.812474, -0.521552, -0.260517, 0.084834, 0.538922, 0.842337, -0.005615, -0.000585, 0.222372, -0.135837, 0.965453, 0.266725, 0.000000, 0.000000, 0.000000, 1.000000, 0.193578, -0.164237, 0.967240, 0.334520, -0.815289, 0.521482, 0.251715, -0.077947, -0.545739, -0.837307, -0.032953, 0.246242, 0.000000, 0.000000, 0.000000, 1.000000, 0.999985, 0.005458, 0.000658, 0.009798, 0.000672, -0.002465, -0.999997, 0.052093, -0.005457, 0.999982, -0.002469, -0.050024, 0.000000, 0.000000, 0.000000, 1.000000
17.4415, 84.6730, -0.7013, 266.6498, 334.4503, -77.7857, 246.3608, 9.8515, 52.0745, -50.0263, 0.812784, -0.521904, -0.258840, 0.084673, 0.539681, 0.841865, -0.002817, -0.000701, 0.219379, -0.137401, 0.965916, 0.266650, 0.000000, 0.000000, 0.000000, 1.000000, 0.190555, -0.165778, 0.967578, 0.334450, -0.815572, 0.521850, 0.250029, -0.077786, -0.546379, -0.836774, -0.035763, 0.246361, 0.000000, 0.000000, 0.000000, 1.000000, 0.999989, 0.004567, -0.001423, 0.009851, -0.001418, -0.001073, -0.999998, 0.052074, -0.004569, 0.999989, -0.001066, -0.050026, 0.000000, 0.000000, 0.000000, 1.000000
17.6660, 84.4271, -0.7789, 266.4833, 334.2892, -77.5381, 246.4445, 9.7781, 52.1338, -49.9390, 0.814303, -0.521021, -0.255828, 0.084427, 0.538950, 0.842338, -0.000031, -0.000779, 0.215510, -0.137853, 0.966722, 0.266483, 0.000000, 0.000000, 0.000000, 1.000000, 0.186704, -0.166256, 0.968246, 0.334289, -0.817055, 0.520970, 0.247005, -0.077538, -0.545493, -0.837227, -0.038573, 0.246444, 0.000000, 0.000000, 0.000000, 1.000000, 0.999984, 0.005440, -0.001210, 0.009778, -0.001208, -0.000429, -0.999999, 0.052134, -0.005441, 0.999985, -0.000422, -0.049939, 0.000000, 0.000000, 0.000000, 1.000000
17.9090, 84.3151, -0.9255, 266.9108, 334.7231, -77.4298, 246.5739, 9.9180, 51.6505, -50.0629, 0.816405, -0.521802, -0.247398, 0.084315, 0.538864, 0.842391, 0.001496, -0.000926, 0.207626, -0.134535, 0.968913, 0.266911, 0.000000, 0.000000, 0.000000, 1.000000, 0.178811, -0.162936, 0.970298, 0.334723, -0.819085, 0.521720, 0.238554, -0.077430, -0.545093, -0.837413, -0.040169, 0.246574, 0.000000, 0.000000, 0.000000, 1.000000, 0.999981, 0.005528, 0.002689, 0.009918, 0.002710, -0.003860, -0.999989, 0.051650, -0.005518, 0.999977, -0.003875, -0.050063, 0.000000, 0.000000, 0.000000, 1.000000
18.2206, 84.0576, -1.1070, 266.8953, 334.7172, -77.1718, 246.7554, 9.8872, 51.5482, -50.0777, 0.818221, -0.521576, -0.241812, 0.084058, 0.539126, 0.842190, 0.007684, -0.001107, 0.199644, -0.136655, 0.970293, 0.266895, 0.000000, 0.000000, 0.000000, 1.000000, 0.170809, -0.165048, 0.971382, 0.334717, -0.820829, 0.521514, 0.232946, -0.077172, -0.545037, -0.837128, -0.046397, 0.246755, 0.000000, 0.000000, 0.000000, 1.000000, 0.999972, 0.005149, 0.005445, 0.009887, 0.005454, -0.001779, -0.999984, 0.051548, -0.005139, 0.999985, -0.001807, -0.050078, 0.000000, 0.000000, 0.000000, 1.000000
18.5946, 83.9194, -1.1858, 266.5531, 334.3795, -77.0305, 246.8474, 9.9995, 51.7820, -50.0236, 0.817601, -0.521541, -0.243974, 0.083919, 0.538936, 0.842329, 0.005434, -0.001186, 0.202672, -0.135930, 0.969766, 0.266553, 0.000000, 0.000000, 0.000000, 1.000000, 0.173848, -0.164329, 0.970965, 0.334380, -0.820236, 0.521472, 0.235116, -0.077030, -0.544967, -0.837295, -0.044132, 0.246847, 0.000000, 0.000000, 0.000000, 1.000000, 0.999977, 0.005388, -0.004173, 0.010000, -0.004160, -0.002509, -0.999988, 0.051782, -0.005399, 0.999982, -0.002486, -0.050024, 0.000000, 0.000000, 0.000000, 1.000000
18.7405, 83.5162, -1.3974, 266.1395, 333.9783, -76.6232, 247.0744, 9.6064, 52.0635, -49.9318, 0.818668, -0.521977, -0.239420, 0.083516, 0.539668, 0.841818, 0.010023, -0.001397, 0.196316, -0.137413, 0.970864, 0.266140, 0.000000, 0.000000, 0.000000, 1.000000, 0.167459, -0.165788, 0.971840, 0.333978, -0.821247, 0.521922, 0.230545, -0.076623, -0.545446, -0.836727, -0.048752, 0.247074, 0.000000, 0.000000, 0.000000, 1.000000, 0.999990, 0.004458, -0.000294, 0.009606, -0.000288, -0.001181, -0.999999, 0.052064, -0.004459, 0.999989, -0.001180, -0.049932, 0.000000, 0.000000, 0.000000, 1.000000
19.0323, 83.5146, -1.4139, 266.2917, 334.1310, -76.6229, 247.0849, 9.8901, 51.8659, -49.9660, 0.819234, -0.521694, -0.238099, 0.083515, 0.539728, 0.841743, 0.012733, -0.001414, 0.193775, -0.138940, 0.971157, 0.266292, 0.000000, 0.000000, 0.000000, 1.000000, 0.164912, -0.167313, 0.972014, 0.334131, -0.821789, 0.521653, 0.229217, -0.076623, -0.545405, -0.836591, -0.051469, 0.247085, 0.000000, 0.000000, 0.000000, 1.000000, 0.999987, 0.004352, -0.002778, 0.009890, -0.002779, 0.000347, -0.999996, 0.051866, -0.004351, 0.999990, 0.000359, -0.049966, 0.000000, 0.000000, 0.000000, 1.000000
19.2028, 83.3737, -1.5751, 266.5743, 334.4210, -76.4844, 247.2344, 9.8946, 51.5311, -50.0666, 0.821163, -0.521752, -0.231226, 0.083374, 0.538948, 0.842230, 0.013532, -0.001575, 0.187685, -0.135731, 0.972806, 0.266574, 0.000000, 0.000000, 0.000000, 1.000000, 0.158840, -0.164125, 0.973567, 0.334421, -0.823662, 0.521681, 0.222329, -0.076484, -0.544381, -0.837205, -0.052320, 0.247234, 0.000000, 0.000000, 0.000000, 1.000000, 0.999986, 0.005172, 0.000614, 0.009895, 0.000628, -0.002806, -0.999996, 0.051531, -0.005171, 0.999983, -0.002810, -0.050067, 0.000000, 0.000000, 0.000000, 1.000000
19.5025, 83.0394, -1.7189, 266.3859, 334.2415, -76.1481, 247.3850, 9.7775, 51.5881, -49.9855, 0.822255, -0.521785, -0.227238, 0.083039, 0.538758, 0.842321, 0.015338, -0.001719, 0.183404, -0.135038, 0.973718, 0.266386, 0.000000, 0.000000, 0.000000, 1.000000, 0.154560, -0.163436, 0.974371, 0.334242, -0.824714, 0.521708, 0.218330, -0.076148, -0.544020, -0.837323, -0.054153, 0.247385, 0.000000, 0.000000, 0.000000, 1.000000, 0.999986, 0.005306, -0.000201, 0.009777, -0.000182, -0.003517, -0.999994, 0.051588, -0.005307, 0.999980, -0.003516, -0.049986, 0.000000, 0.000000, 0.000000, 1.000000
19.8044, 82.9850, -1.7771, 266.5694, 334.4276, -76.0954, 247.4357, 10.0048, 51.3461, -50.0314, 0.823516, -0.521157, -0.224092, 0.082985, 0.538455, 0.842427, 0.019588, -0.001777, 0.178573, -0.136795, 0.974371, 0.266569, 0.000000, 0.000000, 0.000000, 1.000000, 0.149734, -0.165201, 0.974827, 0.334428, -0.825930, 0.521095, 0.215172, -0.076095, -0.543525, -0.837358, -0.058419, 0.247436, 0.000000, 0.000000, 0.000000, 1.000000, 0.999984, 0.005553, -0.000465, 0.010005, -0.000455, -0.001695, -0.999998, 0.051346, -0.005554, 0.999983, -0.001692, -0.050031, 0.000000, 0.000000, 0.000000, 1.000000
19.9138, 82.6818, -1.9736, 266.2465, 334.1155, -75.7889, 247.6443, 9.6905, 51.5783, -49.9920, 0.823644, -0.521691, -0.222371, 0.082682, 0.538416, 0.842493, 0.017729, -0.001974, 0.178097, -0.134330, 0.974801, 0.266247, 0.000000, 0.000000, 0.000000, 1.000000, 0.149258, -0.162736, 0.975315, 0.334116, -0.826054, 0.521607, 0.213449, -0.075789, -0.543467, -0.837522, -0.056575, 0.247644, 0.000000, 0.000000, 0.000000, 1.000000, 0.999983, 0.005580, -0.001895, 0.009691, -0.001871, -0.004228, -0.999989, 0.051578, -0.005588, 0.999976, -0.004218, -0.049992, 0.000000, 0.000000, 0.000000, 1.000000
20.2746, 82.5754, -2.0088, 266.2542, 334.1255, -75.6825, 247.6789, 9.9098, 51.4865, -49.9667, 0.824905, -0.521029, -0.219229, 0.082575, 0.538064, 0.842617, 0.022004, -0.002009, 0.173261, -0.136111, 0.975425, 0.266254, 0.000000, 0.000000, 0.000000, 1.000000, 0.144429, -0.164527, 0.975741, 0.334126, -0.827270, 0.520961, 0.210295, -0.075683, -0.542922, -0.837574, -0.060866, 0.247679, 0.000000, 0.000000, 0.000000, 1.000000, 0.999978, 0.005863, -0.003181, 0.009910, -0.003167, -0.002385, -0.999992, 0.051487, -0.005871, 0.999980, -0.002366, -0.049967, 0.000000, 0.000000, 0.000000, 1.000000
20.4214, 82.3676, -2.2080, 266.2592, 334.1402, -75.4745, 247.8774, 9.7633, 51.4167, -50.0255, 0.825661, -0.522067, -0.213845, 0.082368, 0.539217, 0.841735, 0.026976, -0.002208, 0.165918, -0.137582, 0.976495, 0.266259, 0.000000, 0.000000, 0.000000, 1.000000, 0.137039, -0.165952, 0.976565, 0.334140, -0.827962, 0.522013, 0.204894, -0.075474, -0.543783, -0.836637, -0.065866, 0.247877, 0.000000, 0.000000, 0.000000, 1.000000, 0.999990, 0.004279, 0.001567, 0.009763, 0.001572, -0.001164, -0.999998, 0.051417, -0.004277, 0.999990, -0.001170, -0.050025, 0.000000, 0.000000, 0.000000, 1.000000
20.7224, 82.1428, -2.3462, 266.3040, 334.1925, -75.2499, 248.0133, 9.7796, 51.2775, -50.0297, 0.827096, -0.521211, -0.210358, 0.082143, 0.537969, 0.842509, 0.027704, -0.002346, 0.162789, -0.136080, 0.977232, 0.266304, 0.000000, 0.000000, 0.000000, 1.000000, 0.133950, -0.164490, 0.977241, 0.334193, -0.829366, 0.521143, 0.201399, -0.075250, -0.542411, -0.837468, -0.066615, 0.248013, 0.000000, 0.000000, 0.000000, 1.000000, 0.999984, 0.005645, -0.000299, 0.009780, -0.000285, -0.002496, -0.999997, 0.051278, -0.005645, 0.999981, -0.002494, -0.050030, 0.000000, 0.000000, 0.000000, 1.000000
21.0173, 81.9353, -2.5218, 266.5278, 334.4249, -75.0441, 248.1795, 9.8119, 50.9705, -50.0992, 0.829007, -0.521664, -0.201530, 0.081935, 0.537526, 0.842722, 0.029750, -0.002522, 0.154314, -0.132991, 0.979030, 0.266528, 0.000000, 0.000000, 0.000000, 1.000000, 0.125482, -0.161407, 0.978878, 0.334425, -0.831199, 0.521567, 0.192552, -0.075044, -0.541630, -0.837804, -0.068714, 0.248180, 0.000000, 0.000000, 0.000000, 1.000000, 0.999978, 0.005858, 0.003232, 0.009812, 0.003265, -0.005646, -0.999979, 0.050970, -0.005839, 0.999967, -0.005665, -0.050099, 0.000000, 0.000000, 0.000000, 1.000000
21.3882, 81.5667, -2.7067, 266.0440, 333.9522, -74.6708, 248.3828, 9.6632, 51.3117, -49.9934, 0.829678, -0.521019, -0.200435, 0.081567, 0.537376, 0.842659, 0.033966, -0.002707, 0.151201, -0.135890, 0.979118, 0.266044, 0.000000, 0.000000, 0.000000, 1.000000, 0.122371, -0.164307, 0.978789, 0.333952, -0.831841, 0.520949, 0.191450, -0.074671, -0.541356, -0.837625, -0.072928, 0.248383, 0.000000, 0.000000, 0.000000, 1.000000, 0.999983, 0.005888, -0.000037, 0.009663, -0.000021, -0.002715, -0.999996, 0.051312, -0.005888, 0.999979, -0.002714, -0.049993, 0.000000, 0.000000, 0.000000, 1.000000
21.6817, 81.2067, -2.8734, 265.6772, 333.5955, -74.3073, 248.5631, 9.4844, 51.5562, -49.8930, 0.830084, -0.521412, -0.197711, 0.081207, 0.537796, 0.842279, 0.036625, -0.002873, 0.147431, -0.136730, 0.979576, 0.265677, 0.000000, 0.000000, 0.000000, 1.000000, 0.118584, -0.165128, 0.979117, 0.333595, -0.832213, 0.521351, 0.188718, -0.074307, -0.541626, -0.837213, -0.075598, 0.248563, 0.000000, 0.000000, 0.000000, 1.000000, 0.999985, 0.005220, -0.001398, 0.009484, -0.001387, -0.001985, -0.999997, 0.051556, -0.005223, 0.999984, -0.001978, -0.049893, 0.000000, 0.000000, 0.000000, 1.000000
22.0083, 81.0458, -3.0666, 266.0436, 333.9707, -74.1495, 248.7413, 9.5899, 51.1193, -50.0218, 0.831711, -0.521888, -0.189444, 0.081046, 0.537858, 0.842000, 0.041766, -0.003067, 0.137715, -0.136631, 0.981003, 0.266044, 0.000000, 0.000000, 0.000000, 1.000000, 0.108859, -0.165014, 0.980265, 0.333971, -0.833752, 0.521826, 0.180430, -0.074149, -0.541302, -0.836940, -0.080775, 0.248741, 0.000000, 0.000000, 0.000000, 1.000000, 0.999985, 0.004685, 0.002740, 0.009590, 0.002750, -0.002192, -0.999994, 0.051119, -0.004679, 0.999987, -0.002204, -0.050022, 0.000000, 0.000000, 0.000000, 1.000000
22.3431, 80.9984, -3.1193, 266.1112, 334.0407, -74.1026, 248.7913, 9.8290, 50.9896, -50.0506, 0.831963, -0.521619, -0.189081, 0.080998, 0.537465, 0.842276, 0.041270, -0.003119, 0.137731, -0.135960, 0.981094, 0.266111, 0.000000, 0.000000, 0.000000, 1.000000, 0.108887, -0.164356, 0.980373, 0.334041, -0.834003, 0.521551, 0.180067, -0.074103, -0.540909, -0.837241, -0.080283, 0.248791, 0.000000, 0.000000, 0.000000, 1.000000, 0.999982, 0.005138, -0.003059, 0.009829, -0.003044, -0.002840, -0.999991, 0.050990, -0.005147, 0.999983, -0.002824, -0.050051, 0.000000, 0.000000, 0.000000, 1.000000
22.4640, 80.7536, -3.2610, 266.0925, 334.0299, -73.8574, 248.9332, 9.6527, 50.9481, -50.0385, 0.833176, -0.521718, -0.183378, 0.080754, 0.537387, 0.842089, 0.045836, -0.003261, 0.130507, -0.136734, 0.981973, 0.266093, 0.000000, 0.000000, 0.000000, 1.000000, 0.101662, -0.165122, 0.981020, 0.334030, -0.835151, 0.521657, 0.174350, -0.073857, -0.540544, -0.837024, -0.084869, 0.248933, 0.000000, 0.000000, 0.000000, 1.000000, 0.999986, 0.004855, 0.002155, 0.009653, 0.002165, -0.002100, -0.999995, 0.050948, -0.004850, 0.999986, -0.002111, -0.050038, 0.000000, 0.000000, 0.000000, 1.000000
22.7975, 80.6169, -3.3199, 265.8797, 333.8208, -73.7187, 249.0001, 9.7619, 51.0789, -49.9870, 0.833573, -0.521572, -0.181987, 0.080617, 0.537240, 0.842101, 0.047324, -0.003320, 0.128568, -0.137219, 0.982161, 0.265880, 0.000000, 0.000000, 0.000000, 1.000000, 0.099727, -0.165608, 0.981136, 0.333821, -0.835529, 0.521515, 0.172955, -0.073719, -0.540320, -0.837016, -0.086361, 0.249000, 0.000000, 0.000000, 0.000000, 1.000000, 0.999986, 0.004993, -0.001681, 0.009762, -0.001673, -0.001630, -0.999997, 0.051079, -0.004995, 0.999986, -0.001622, -0.049987, 0.000000, 0.000000, 0.000000, 1.000000
22.9443, 80.2767, -3.4831, 265.5770, 333.5278, -73.3755, 249.1745, 9.4833, 51.2984, -49.9030, 0.834190, -0.521345, -0.179795, 0.080277, 0.536512, 0.842646, 0.045852, -0.003483, 0.127599, -0.134711, 0.982635, 0.265577, 0.000000, 0.000000, 0.000000, 1.000000, 0.098781, -0.163126, 0.981648, 0.333528, -0.836137, 0.521264, 0.170760, -0.073375, -0.539553, -0.837659, -0.084905, 0.249174, 0.000000, 0.000000, 0.000000, 1.000000, 0.999978, 0.005787, -0.003158, 0.009483, -0.003134, -0.004094, -0.999987, 0.051298, -0.005800, 0.999975, -0.004076, -0.049903, 0.000000, 0.000000, 0.000000, 1.000000
23.2242, 80.2248, -3.5642, 265.6722, 333.6266, -73.3244, 249.2517, 9.6574, 51.1532, -49.9572, 0.834547, -0.521234, -0.178453, 0.080225, 0.536520, 0.842508, 0.048236, -0.003564, 0.125206, -0.135999, 0.982765, 0.265672, 0.000000, 0.000000, 0.000000, 1.000000, 0.096387, -0.164408, 0.981672, 0.333627, -0.836472, 0.521166, 0.169414, -0.073324, -0.539466, -0.837470, -0.087289, 0.249252, 0.000000, 0.000000, 0.000000, 1.000000, 0.999968, 0.005635, -0.005621, 0.009657, -0.005605, -0.002831, -0.999980, 0.051153, -0.005651, 0.999980, -0.002799, -0.049957, 0.000000, 0.000000, 0.000000, 1.000000
23.3596, 79.9945, -3.7101, 265.7783, 333.7405, -73.0948, 249.3929, 9.5198, 50.9940, -49.9734, 0.836025, -0.521082, -0.171858, 0.079995, 0.535955, 0.842622, 0.052350, -0.003710, 0.117533, -0.135875, 0.983730, 0.265778, 0.000000, 0.000000, 0.000000, 1.000000, 0.088729, -0.164290, 0.982413, 0.333741, -0.837879, 0.521012, 0.162804, -0.073095, -0.538596, -0.837589, -0.091426, 0.249393, 0.000000, 0.000000, 0.000000, 1.000000, 0.999983, 0.005831, -0.000152, 0.009520, -0.000135, -0.002946, -0.999996, 0.050994, -0.005832, 0.999979, -0.002945, -0.049973, 0.000000, 0.000000, 0.000000, 1.000000
23.6914, 79.7742, -3.8756, 265.9741, 333.9447, -72.8760, 249.5500, 9.5635, 50.7178, -50.0238, 0.837204, -0.521438, -0.164899, 0.079774, 0.535737, 0.842546, 0.055708, -0.003876, 0.109887, -0.134981, 0.984736, 0.265974, 0.000000, 0.000000, 0.000000, 1.000000, 0.081087, -0.163391, 0.983223, 0.333945, -0.838988, 0.521360, 0.155831, -0.072876, -0.538074, -0.837549, -0.094808, 0.249550, 0.000000, 0.000000, 0.000000, 1.000000, 0.999983, 0.005575, 0.001788, 0.009563, 0.001810, -0.003914, -0.999991, 0.050718, -0.005568, 0.999977, -0.003924, -0.050024, 0.000000, 0.000000, 0.000000, 1.000000
24.0183, 79.6428, -3.9436, 265.8818, 333.8563, -72.7437, 249.6215, 9.6965, 50.7360, -49.9990, 0.837488, -0.521535, -0.163139, 0.079643, 0.535766, 0.842420, 0.057290, -0.003944, 0.107553, -0.135384, 0.984938, 0.265882, 0.000000, 0.000000, 0.000000, 1.000000, 0.078751, -0.163788, 0.983347, 0.333856, -0.839251, 0.521461, 0.154067, -0.072744, -0.538012, -0.837408, -0.096393, 0.249621, 0.000000, 0.000000, 0.000000, 1.000000, 0.999984, 0.005361, -0.001573, 0.009697, -0.001554, -0.003557, -0.999992, 0.050736, -0.005367, 0.999979, -0.003549, -0.049999, 0.000000, 0.000000, 0.000000, 1.000000
24.1515, 79.4348, -4.1196, 265.8326, 333.8160, -72.5350, 249.7989, 9.5406, 50.7391, -50.0306, 0.838190, -0.521257, -0.160401, 0.079435, 0.535341, 0.842540, 0.059459, -0.004120, 0.104151, -0.135707, 0.985259, 0.265833, 0.000000, 0.000000, 0.000000, 1.000000, 0.075363, -0.164118, 0.983558, 0.333816, -0.839921, 0.521186, 0.151323, -0.072535, -0.537451, -0.837515, -0.098568, 0.249799, 0.000000, 0.000000, 0.000000, 1.000000, 0.999984, 0.005617, -0.000406, 0.009541, -0.000388, -0.003214, -0.999995, 0.050739, -0.005618, 0.999979, -0.003212, -0.050031, 0.000000, 0.000000, 0.000000, 1.000000
24.4648, 79.0870, -4.2829, 265.5269, 333.5201, -72.1841, 249.9734, 9.4091, 50.9434, -49.9422, 0.838732, -0.521525, -0.156653, 0.079087, 0.535291, 0.842435, 0.061373, -0.004283, 0.099962, -0.135331, 0.985745, 0.265527, 0.000000, 0.000000, 0.000000, 1.000000, 0.071175, -0.163735, 0.983933, 0.333520, -0.840424, 0.521450, 0.147568, -0.072184, -0.537235, -0.837425, -0.100493, 0.249973, 0.000000, 0.000000, 0.000000, 1.000000, 0.999984, 0.005355, -0.001660, 0.009409, -0.001640, -0.003651, -0.999992, 0.050943, -0.005361, 0.999979, -0.003642, -0.049942, 0.000000, 0.000000, 0.000000, 1.000000
24.8062, 78.9805, -4.4241, 266.0093, 334.0087, -72.0818, 250.0953, 9.5915, 50.4042, -50.0720, 0.840015, -0.521975, -0.148043, 0.078980, 0.534942, 0.842361, 0.065307, -0.004424, 0.090617, -0.134054, 0.986822, 0.266009, 0.000000, 0.000000, 0.000000, 1.000000, 0.061839, -0.162452, 0.984777, 0.334009, -0.841622, 0.521889, 0.138942, -0.072082, -0.536515, -0.837402, -0.104450, 0.250095, 0.000000, 0.000000, 0.000000, 1.000000, 0.999986, 0.005034, 0.001808, 0.009591, 0.001834, -0.005005, -0.999986, 0.050404, -0.005025, 0.999975, -0.005015, -0.050072, 0.000000, 0.000000, 0.000000, 1.000000
25.1464, 78.7023, -4.5912, 266.0861, 334.0945, -71.8041, 250.2587, 9.5740, 50.2417, -50.0768, 0.841571, -0.521264, -0.141569, 0.078702, 0.533733, 0.842778, 0.069680, -0.004591, 0.082990, -0.134201, 0.987473, 0.266086, 0.000000, 0.000000, 0.000000, 1.000000, 0.054252, -0.162622, 0.985196, 0.334094, -0.843106, 0.521178, 0.132456, -0.071804, -0.535003, -0.837811, -0.108833, 0.250259, 0.000000, 0.000000, 0.000000, 1.000000, 0.999976, 0.005812, 0.003709, 0.009574, 0.003737, -0.004815, -0.999981, 0.050242, -0.005794, 0.999972, -0.004836, -0.050077, 0.000000, 0.000000, 0.000000, 1.000000
25.5059, 78.3964, -4.7980, 265.9082, 333.9276, -71.4963, 250.4718, 9.5069, 50.3284, -50.0649, 0.842333, -0.521226, -0.137107, 0.078396, 0.533288, 0.842853, 0.072131, -0.004798, 0.077965, -0.133876, 0.987926, 0.265908, 0.000000, 0.000000, 0.000000, 1.000000, 0.049242, -0.162301, 0.985512, 0.333928, -0.843822, 0.521138, 0.127986, -0.071496, -0.534360, -0.837899, -0.111291, 0.250472, 0.000000, 0.000000, 0.000000, 1.000000, 0.999980, 0.005879, 0.002534, 0.009507, 0.002565, -0.005173, -0.999983, 0.050328, -0.005866, 0.999969, -0.005187, -0.050065, 0.000000, 0.000000, 0.000000, 1.000000
25.8253, 78.1257, -4.9117, 265.5142, 333.5409, -71.2219, 250.6004, 9.4697, 50.6353, -49.9631, 0.842332, -0.521290, -0.136871, 0.078126, 0.533557, 0.842417, 0.075168, -0.004912, 0.076119, -0.136345, 0.987733, 0.265514, 0.000000, 0.000000, 0.000000, 1.000000, 0.047386, -0.164750, 0.985196, 0.333541, -0.843804, 0.521224, 0.127748, -0.071222, -0.534555, -0.837367, -0.114318, 0.250600, 0.000000, 0.000000, 0.000000, 1.000000, 0.999985, 0.005380, -0.001224, 0.009470, -0.001209, -0.002742, -0.999996, 0.050635, -0.005383, 0.999982, -0.002736, -0.049963, 0.000000, 0.000000, 0.000000, 1.000000
26.0613, 77.9550, -5.0375, 265.5498, 333.5830, -71.0513, 250.7244, 9.4695, 50.5480, -49.9840, 0.842420, -0.521782, -0.134433, 0.077955, 0.534052, 0.841681, 0.079756, -0.005038, 0.071535, -0.138982, 0.987708, 0.265550, 0.000000, 0.000000, 0.000000, 1.000000, 0.042786, -0.167351, 0.984968, 0.333583, -0.843851, 0.521742, 0.125303, -0.071051, -0.534869, -0.836528, -0.118896, 0.250724, 0.000000, 0.000000, 0.000000, 1.000000, 0.999990, 0.004374, -0.000829, 0.009470, -0.000828, -0.000166, -1.000000, 0.050548, -0.004374, 0.999990, -0.000162, -0.049984, 0.000000, 0.000000, 0.000000, 1.000000
26.2600, 77.9525, -5.0655, 265.7426, 333.7767, -71.0504, 250.7447, 9.6404, 50.3264, -50.0330, 0.842703, -0.522290, -0.130636, 0.077952, 0.534030, 0.841693, 0.079775, -0.005065, 0.068289, -0.136990, 0.988216, 0.265743, 0.000000, 0.000000, 0.000000, 1.000000, 0.039542, -0.165357, 0.985441, 0.333777, -0.844104, 0.522231, 0.121501, -0.071050, -0.534719, -0.836619, -0.118929, 0.250745, 0.000000, 0.000000, 0.000000, 1.000000, 0.999991, 0.004086, -0.001059, 0.009640, -0.001050, -0.002216, -0.999997, 0.050326, -0.004088, 0.999989, -0.002212, -0.050033, 0.000000, 0.000000, 0.000000, 1.000000
26.3795, 77.5876, -5.2273, 265.4979, 333.5419, -70.6831, 250.9154, 9.3359, 50.5143, -49.9430, 0.844009, -0.520952, -0.127506, 0.077588, 0.532302, 0.842733, 0.080344, -0.005227, 0.065598, -0.135683, 0.988578, 0.265498, 0.000000, 0.000000, 0.000000, 1.000000, 0.036909, -0.164104, 0.985752, 0.333542, -0.845384, 0.520880, 0.118367, -0.070683, -0.532883, -0.837708, -0.119506, 0.250915, 0.000000, 0.000000, 0.000000, 1.000000, 0.999983, 0.005850, -0.000184, 0.009336, -0.000164, -0.003430, -0.999994, 0.050514, -0.005850, 0.999977, -0.003429, -0.049943, 0.000000, 0.000000, 0.000000, 1.000000
26.7289, 77.3677, -5.3757, 265.6221, 333.6739, -70.4642, 251.0583, 9.3862, 50.3192, -49.9693, 0.844945, -0.521040, -0.120773, 0.077368, 0.531757, 0.842619, 0.085012, -0.005376, 0.057471, -0.136052, 0.989033, 0.265622, 0.000000, 0.000000, 0.000000, 1.000000, 0.028801, -0.164467, 0.985962, 0.333674, -0.846244, 0.520971, 0.111623, -0.070464, -0.532016, -0.837579, -0.124175, 0.251058, 0.000000, 0.000000, 0.000000, 1.000000, 0.999982, 0.005672, 0.001918, 0.009386, 0.001936, -0.003103, -0.999993, 0.050319, -0.005666, 0.999979, -0.003113, -0.049969, 0.000000, 0.000000, 0.000000, 1.000000
27.0281, 77.2781, -5.4361, 265.6665, 333.7214, -70.3749, 251.1168, 9.5434, 50.2203, -49.9792, 0.845134, -0.521130, -0.119050, 0.077278, 0.531576, 0.842796, 0.084390, -0.005436, 0.056357, -0.134605, 0.989295, 0.265666, 0.000000, 0.000000, 0.000000, 1.000000, 0.027694, -0.163028, 0.986233, 0.333721, -0.846423, 0.521048, 0.109899, -0.070375, -0.531791, -0.837813, -0.123560, 0.251117, 0.000000, 0.000000, 0.000000, 1.000000, 0.999981, 0.005752, -0.002174, 0.009543, -0.002147, -0.004590, -0.999987, 0.050220, -0.005762, 0.999973, -0.004577, -0.049979, 0.000000, 0.000000, 0.000000, 1.000000
27.1477, 76.9612, -5.6453, 265.4083, 333.4746, -70.0553, 251.3354, 9.2558, 50.4372, -49.9522, 0.845494, -0.521227, -0.116023, 0.076961, 0.531401, 0.842650, 0.086916, -0.005645, 0.052464, -0.135142, 0.989436, 0.265408, 0.000000, 0.000000, 0.000000, 1.000000, 0.023808, -0.163557, 0.986247, 0.333475, -0.846748, 0.521150, 0.106867, -0.070055, -0.531462, -0.837646, -0.126084, 0.251335, 0.000000, 0.000000, 0.000000, 1.000000, 0.999985, 0.005554, -0.000348, 0.009256, -0.000326, -0.004069, -0.999992, 0.050437, -0.005556, 0.999976, -0.004067, -0.049952, 0.000000, 0.000000, 0.000000, 1.000000
27.5067, 76.8832, -5.7152, 265.4034, 333.4732, -69.9772, 251.4053, 9.4682, 50.3808, -49.9692, 0.845456, -0.521456, -0.115270, 0.076883, 0.531617, 0.842330, 0.088672, -0.005715, 0.050857, -0.136248, 0.989369, 0.265403, 0.000000, 0.000000, 0.000000, 1.000000, 0.022194, -0.164648, 0.986103, 0.333473, -0.846695, 0.521390, 0.106112, -0.069977, -0.531615, -0.837284, -0.127835, 0.251405, 0.000000, 0.000000, 0.000000, 1.000000, 0.999974, 0.005115, -0.005042, 0.009468, -0.005027, -0.003005, -0.999983, 0.050381, -0.005130, 0.999982, -0.002979, -0.049969, 0.000000, 0.000000, 0.000000, 1.000000
27.6460, 76.6005, -5.8575, 265.3071, 333.3851, -69.6934, 251.5507, 9.2719, 50.4352, -49.9266, 0.846352, -0.521027, -0.110539, 0.076601, 0.530777, 0.842322, 0.093650, -0.005857, 0.044315, -0.137933, 0.989450, 0.265307, 0.000000, 0.000000, 0.000000, 1.000000, 0.015682, -0.166335, 0.985945, 0.333385, -0.847530, 0.520976, 0.101372, -0.069693, -0.530515, -0.837208, -0.132804, 0.251551, 0.000000, 0.000000, 0.000000, 1.000000, 0.999985, 0.005393, -0.000814, 0.009272, -0.000807, -0.001303, -0.999999, 0.050435, -0.005394, 0.999985, -0.001298, -0.049927, 0.000000, 0.000000, 0.000000, 1.000000
27.9400, 76.6962, -5.8856, 266.0405, 334.1181, -69.7957, 251.5501, 9.6240, 49.6742, -50.1028, 0.846532, -0.522269, -0.103050, 0.076696, 0.530964, 0.842274, 0.093012, -0.005886, 0.038219, -0.133454, 0.990318, 0.266041, 0.000000, 0.000000, 0.000000, 1.000000, 0.009582, -0.161847, 0.986769, 0.334118, -0.847655, 0.522177, 0.093877, -0.069796, -0.530462, -0.837339, -0.132186, 0.251550, 0.000000, 0.000000, 0.000000, 1.000000, 0.999990, 0.004481, 0.000068, 0.009624, 0.000095, -0.005889, -0.999983, 0.049674, -0.004480, 0.999973, -0.005890, -0.050103, 0.000000, 0.000000, 0.000000, 1.000000
28.0947, 76.2728, -6.0555, 265.5407, 333.6293, -69.3675, 251.7387, 9.2922, 50.1155, -49.9532, 0.847562, -0.520877, -0.101609, 0.076273, 0.529578, 0.842550, 0.098272, -0.006055, 0.034423, -0.137102, 0.989959, 0.265541, 0.000000, 0.000000, 0.000000, 1.000000, 0.005835, -0.165515, 0.986190, 0.333629, -0.848648, 0.520819, 0.092432, -0.069368, -0.528925, -0.837468, -0.137425, 0.251739, 0.000000, 0.000000, 0.000000, 1.000000, 0.999983, 0.005659, 0.001384, 0.009292, 0.001396, -0.002174, -0.999997, 0.050115, -0.005656, 0.999982, -0.002182, -0.049953, 0.000000, 0.000000, 0.000000, 1.000000
28.3337, 76.1213, -6.1725, 265.4883, 333.5829, -69.2154, 251.8575, 9.3090, 50.1249, -49.9646, 0.847481, -0.521236, -0.100439, 0.076121, 0.529735, 0.842583, 0.097135, -0.006173, 0.033998, -0.135526, 0.990190, 0.265488, 0.000000, 0.000000, 0.000000, 1.000000, 0.005404, -0.163938, 0.986456, 0.333583, -0.848564, 0.521163, 0.091261, -0.069215, -0.529066, -0.837564, -0.136296, 0.251858, 0.000000, 0.000000, 0.000000, 1.000000, 0.999982, 0.005413, -0.002400, 0.009309, -0.002379, -0.003797, -0.999990, 0.050125, -0.005422, 0.999978, -0.003784, -0.049965, 0.000000, 0.000000, 0.000000, 1.000000
28.5935, 75.8786, -6.2657, 265.3086, 333.4092, -68.9709, 251.9572, 9.2765, 50.2463, -49.8901, 0.847823, -0.521310, -0.097117, 0.075879, 0.529369, 0.842779, 0.097431, -0.006266, 0.031056, -0.134015, 0.990493, 0.265309, 0.000000, 0.000000, 0.000000, 1.000000, 0.002477, -0.162436, 0.986716, 0.333409, -0.848878, 0.521223, 0.087936, -0.068971, -0.528583, -0.837819, -0.136598, 0.251957, 0.000000, 0.000000, 0.000000, 1.000000, 0.999977, 0.005478, -0.003958, 0.009277, -0.003929, -0.005344, -0.999978, 0.050246, -0.005499, 0.999971, -0.005323, -0.049890, 0.000000, 0.000000, 0.000000, 1.000000
28.7877, 75.9533, -6.3325, 265.8731, 333.9752, -69.0507, 252.0018, 9.4875, 49.6698, -50.0642, 0.848342, -0.521802, -0.089659, 0.075953, 0.528881, 0.843037, 0.097850, -0.006332, 0.024527, -0.130428, 0.991154, 0.265873, 0.000000, 0.000000, 0.000000, 1.000000, -0.004033, -0.158858, 0.987293, 0.333975, -0.849336, 0.521682, 0.080471, -0.069051, -0.527837, -0.838220, -0.137028, 0.252002, 0.000000, 0.000000, 0.000000, 1.000000, 0.999986, 0.005264, -0.000803, 0.009487, -0.000755, -0.008987, -0.999959, 0.049670, -0.005271, 0.999946, -0.008983, -0.050064, 0.000000, 0.000000, 0.000000, 1.000000
28.8932, 75.6730, -6.5082, 265.9001, 334.0116, -68.7703, 252.1758, 9.2486, 49.6185, -50.0681, 0.848825, -0.521845, -0.084703, 0.075673, 0.528438, 0.842272, 0.106446, -0.006508, 0.015795, -0.135114, 0.990704, 0.265900, 0.000000, 0.000000, 0.000000, 1.000000, -0.012745, -0.163509, 0.986459, 0.334012, -0.849739, 0.521768, 0.075507, -0.068770, -0.527049, -0.837271, -0.145590, 0.252176, 0.000000, 0.000000, 0.000000, 1.000000, 0.999970, 0.004704, 0.006121, 0.009249, 0.006141, -0.004280, -0.999972, 0.049618, -0.004678, 0.999980, -0.004309, -0.050068, 0.000000, 0.000000, 0.000000, 1.000000
29.2399, 75.3809, -6.6638, 265.8929, 334.0133, -68.4780, 252.3310, 9.2186, 49.5604, -50.0443, 0.849490, -0.521457, -0.080310, 0.075381, 0.527469, 0.842821, 0.106907, -0.006664, 0.011939, -0.133177, 0.991020, 0.265893, 0.000000, 0.000000, 0.000000, 1.000000, -0.016565, -0.161599, 0.986717, 0.334013, -0.850368, 0.521362, 0.071110, -0.068478, -0.525928, -0.837895, -0.146055, 0.252331, 0.000000, 0.000000, 0.000000, 1.000000, 0.999978, 0.005329, 0.004038, 0.009219, 0.004071, -0.006253, -0.999972, 0.049560, -0.005303, 0.999966, -0.006274, -0.050044, 0.000000, 0.000000, 0.000000, 1.000000
29.5831, 75.0318, -6.8591, 265.5379, 333.6694, -68.1253, 252.5396, 9.1125, 49.8493, -49.9753, 0.849465, -0.521712, -0.078898, 0.075032, 0.527569, 0.842321, 0.110302, -0.006859, 0.008912, -0.135322, 0.990762, 0.265538, 0.000000, 0.000000, 0.000000, 1.000000, -0.019594, -0.163720, 0.986312, 0.333669, -0.850316, 0.521638, 0.069696, -0.068125, -0.525908, -0.837311, -0.149435, 0.252540, 0.000000, 0.000000, 0.000000, 1.000000, 0.999988, 0.004789, 0.001046, 0.009112, 0.001066, -0.004125, -0.999991, 0.049849, -0.004784, 0.999980, -0.004130, -0.049975, 0.000000, 0.000000, 0.000000, 1.000000
29.8806, 74.9407, -6.8705, 265.5596, 333.6924, -68.0344, 252.5498, 9.2880, 49.7740, -49.9399, 0.849854, -0.521324, -0.077259, 0.074941, 0.526974, 0.842496, 0.111801, -0.006870, 0.006806, -0.135728, 0.990723, 0.265560, 0.000000, 0.000000, 0.000000, 1.000000, -0.021678, -0.164136, 0.986199, 0.333692, -0.850684, 0.521253, 0.068055, -0.068034, -0.525230, -0.837469, -0.150928, 0.252550, 0.000000, 0.000000, 0.000000, 1.000000, 0.999985, 0.005187, -0.001962, 0.009288, -0.001942, -0.003738, -0.999991, 0.049774, -0.005194, 0.999980, -0.003728, -0.049940, 0.000000, 0.000000, 0.000000, 1.000000
30.0160, 74.7326, -7.0659, 265.7470, 333.8892, -67.8277, 252.7373, 9.1259, 49.5736, -50.0207, 0.850525, -0.521272, -0.069876, 0.074733, 0.525934, 0.843223, 0.111213, -0.007066, 0.000949, -0.131340, 0.991337, 0.265747, 0.000000, 0.000000, 0.000000, 1.000000, -0.027495, -0.159781, 0.986770, 0.333889, -0.851300, 0.521160, 0.060667, -0.067828, -0.523958, -0.838369, -0.150351, 0.252737, 0.000000, 0.000000, 0.000000, 1.000000, 0.999983, 0.005617, 0.001622, 0.009126, 0.001668, -0.008177, -0.999965, 0.049574, -0.005603, 0.999951, -0.008186, -0.050021, 0.000000, 0.000000, 0.000000, 1.000000
30.3491, 74.4979, -7.2174, 265.8098, 333.9600, -67.5934, 252.8858, 9.1343, 49.4592, -50.0334, 0.850686, -0.521665, -0.064801, 0.074498, 0.525650, 0.842959, 0.114509, -0.007217, -0.005111, -0.131474, 0.991306, 0.265810, 0.000000, 0.000000, 0.000000, 1.000000, -0.033540, -0.159901, 0.986563, 0.333960, -0.851405, 0.521555, 0.055588, -0.067593, -0.523435, -0.838101, -0.153633, 0.252886, 0.000000, 0.000000, 0.000000, 1.000000, 0.999985, 0.005096, 0.001859, 0.009134, 0.001900, -0.008073, -0.999966, 0.049459, -0.005081, 0.999954, -0.008083, -0.050033, 0.000000, 0.000000, 0.000000, 1.000000
30.6954, 74.1491, -7.4136, 265.5992, 333.7605, -67.2424, 253.0895, 9.0355, 49.6130, -49.9854, 0.851151, -0.521235, -0.062098, 0.074149, 0.524788, 0.842297, 0.123016, -0.007414, -0.011815, -0.137293, 0.990460, 0.265599, 0.000000, 0.000000, 0.000000, 1.000000, -0.040209, -0.165693, 0.985357, 0.333761, -0.851808, 0.521178, 0.052880, -0.067242, -0.522309, -0.837209, -0.162095, 0.253089, 0.000000, 0.000000, 0.000000, 1.000000, 0.999983, 0.005120, 0.002620, 0.009035, 0.002632, -0.002231, -0.999994, 0.049613, -0.005114, 0.999984, -0.002245, -0.049985, 0.000000, 0.000000, 0.000000, 1.000000
31.0355, 73.8760, -7.5787, 265.4875, 333.6579, -66.9680, 253.2584, 9.0125, 49.6734, -49.9649, 0.851252, -0.521512, -0.058264, 0.073876, 0.524581, 0.842832, 0.120208, -0.007579, -0.013583, -0.132892, 0.991037, 0.265488, 0.000000, 0.000000, 0.000000, 1.000000, -0.041968, -0.161314, 0.986010, 0.333658, -0.851893, 0.521414, 0.049045, -0.066968, -0.522032, -0.837917, -0.159305, 0.253258, 0.000000, 0.000000, 0.000000, 1.000000, 0.999986, 0.005084, -0.001556, 0.009013, -0.001522, -0.006704, -0.999976, 0.049673, -0.005095, 0.999965, -0.006696, -0.049965, 0.000000, 0.000000, 0.000000, 1.000000
31.3501, 73.6400, -7.7513, 265.6760, 333.8552, -66.7335, 253.4229, 8.9904, 49.4457, -50.0121, 0.851755, -0.521464, -0.050886, 0.073640, 0.523412, 0.842512, 0.127330, -0.007751, -0.023526, -0.135088, 0.990554, 0.265676, 0.000000, 0.000000, 0.000000, 1.000000, -0.051862, -0.163496, 0.985180, 0.333855, -0.852303, 0.521387, 0.041660, -0.066733, -0.520471, -0.837511, -0.166388, 0.253423, 0.000000, 0.000000, 0.000000, 1.000000, 0.999983, 0.004963, 0.002987, 0.008990, 0.003010, -0.004513, -0.999985, 0.049446, -0.004949, 0.999978, -0.004528, -0.050012, 0.000000, 0.000000, 0.000000, 1.000000
31.6819, 73.4327, -7.8650, 265.9462, 334.1315, -66.5285, 253.5255, 9.0332, 49.1298, -50.0362, 0.852208, -0.521467, -0.042582, 0.073433, 0.522323, 0.843233, 0.127028, -0.007865, -0.030335, -0.130496, 0.990985, 0.265946, 0.000000, 0.000000, 0.000000, 1.000000, -0.058626, -0.158936, 0.985547, 0.334132, -0.852692, 0.521347, 0.033353, -0.066528, -0.519113, -0.838413, -0.166088, 0.253525, 0.000000, 0.000000, 0.000000, 1.000000, 0.999978, 0.005190, 0.004078, 0.009033, 0.004126, -0.009183, -0.999949, 0.049130, -0.005152, 0.999944, -0.009204, -0.050036, 0.000000, 0.000000, 0.000000, 1.000000
32.0638, 73.1748, -8.0296, 265.9559, 334.1500, -66.2704, 253.6891, 9.0550, 49.0696, -50.0402, 0.852531, -0.521163, -0.039743, 0.073175, 0.521538, 0.843197, 0.130452, -0.008030, -0.034476, -0.131942, 0.990658, 0.265956, 0.000000, 0.000000, 0.000000, 1.000000, -0.062736, -0.160382, 0.985059, 0.334150, -0.852977, 0.521056, 0.030512, -0.066270, -0.518165, -0.838319, -0.169491, 0.253689, 0.000000, 0.000000, 0.000000, 1.000000, 0.999984, 0.005412, 0.001639, 0.009055, 0.001681, -0.007767, -0.999968, 0.049070, -0.005399, 0.999955, -0.007776, -0.050040, 0.000000, 0.000000, 0.000000, 1.000000
32.3837, 72.8155, -8.2352, 265.5495, 333.7554, -65.9072, 253.9099, 8.9314, 49.4344, -49.9674, 0.852215, -0.521711, -0.039337, 0.072816, 0.521922, 0.842502, 0.133375, -0.008235, -0.036442, -0.134195, 0.990285, 0.265550, 0.000000, 0.000000, 0.000000, 1.000000, -0.064712, -0.162601, 0.984568, 0.333755, -0.852643, 0.521626, 0.030105, -0.065907, -0.518471, -0.837536, -0.172396, 0.253910, 0.000000, 0.000000, 0.000000, 1.000000, 0.999987, 0.004626, -0.002049, 0.008931, -0.002023, -0.005493, -0.999983, 0.049434, -0.004637, 0.999974, -0.005484, -0.049967, 0.000000, 0.000000, 0.000000, 1.000000
32.7173, 72.6148, -8.3895, 265.9216, 334.1351, -65.7096, 254.0490, 8.9514, 49.0281, -50.0433, 0.852457, -0.522023, -0.028434, 0.072615, 0.520542, 0.842479, 0.138798, -0.008390, -0.048501, -0.133120, 0.989912, 0.265922, 0.000000, 0.000000, 0.000000, 1.000000, -0.076709, -0.161524, 0.983883, 0.334135, -0.852773, 0.521928, 0.019198, -0.065710, -0.516617, -0.837557, -0.177780, 0.254049, 0.000000, 0.000000, 0.000000, 1.000000, 0.999982, 0.004265, 0.004260, 0.008951, 0.004288, -0.006590, -0.999969, 0.049028, -0.004236, 0.999969, -0.006608, -0.050043, 0.000000, 0.000000, 0.000000, 1.000000
33.0293, 72.3390, -8.5495, 265.8629, 334.0852, -65.4330, 254.2107, 8.9029, 49.0513, -50.0245, 0.853048, -0.521206, -0.025561, 0.072339, 0.519171, 0.842736, 0.142332, -0.008549, -0.052643, -0.134687, 0.989489, 0.265863, 0.000000, 0.000000, 0.000000, 1.000000, -0.080799, -0.163106, 0.983294, 0.334085, -0.853324, 0.521126, 0.016324, -0.065433, -0.515082, -0.837750, -0.181289, 0.254211, 0.000000, 0.000000, 0.000000, 1.000000, 0.999982, 0.005136, 0.003130, 0.008903, 0.003156, -0.005076, -0.999982, 0.049051, -0.005120, 0.999974, -0.005092, -0.050024, 0.000000, 0.000000, 0.000000, 1.000000
33.3962, 72.2696, -8.5694, 266.1021, 334.3256, -65.3658, 254.2210, 9.1345, 48.7579, -50.0381, 0.852697, -0.522119, -0.017288, 0.072270, 0.518919, 0.842724, 0.143314, -0.008569, -0.060258, -0.131175, 0.989526, 0.266102, 0.000000, 0.000000, 0.000000, 1.000000, -0.088394, -0.159589, 0.983218, 0.334326, -0.852904, 0.522006, 0.008049, -0.065366, -0.514531, -0.837879, -0.182256, 0.254221, 0.000000, 0.000000, 0.000000, 1.000000, 0.999982, 0.004119, 0.004273, 0.009135, 0.004309, -0.008601, -0.999954, 0.048758, -0.004082, 0.999955, -0.008619, -0.050038, 0.000000, 0.000000, 0.000000, 1.000000
33.5167, 71.9431, -8.7744, 265.6978, 333.9327, -65.0352, 254.4412, 8.8758, 49.1611, -49.9822, 0.853537, -0.520531, -0.022840, 0.071943, 0.518241, 0.843618, 0.140478, -0.008774, -0.053855, -0.131739, 0.989820, 0.265698, 0.000000, 0.000000, 0.000000, 1.000000, -0.081978, -0.160202, 0.983674, 0.333933, -0.853801, 0.520422, 0.013602, -0.065035, -0.514105, -0.838747, -0.179444, 0.254441, 0.000000, 0.000000, 0.000000, 1.000000, 0.999974, 0.005952, -0.004050, 0.008876, -0.004001, -0.008148, -0.999959, 0.049161, -0.005985, 0.999949, -0.008124, -0.049982, 0.000000, 0.000000, 0.000000, 1.000000
33.8194, 71.8731, -8.8359, 265.7807, 334.0185, -64.9659, 254.4992, 9.0386, 49.0397, -50.0086, 0.853322, -0.521039, -0.018961, 0.071873, 0.518105, 0.843324, 0.142728, -0.008836, -0.058377, -0.131616, 0.989580, 0.265781, 0.000000, 0.000000, 0.000000, 1.000000, -0.086489, -0.160063, 0.983310, 0.334019, -0.853545, 0.520929, 0.009722, -0.064966, -0.513791, -0.838459, -0.181676, 0.254499, 0.000000, 0.000000, 0.000000, 1.000000, 0.999974, 0.005316, -0.004844, 0.009039, -0.004800, -0.008266, -0.999954, 0.049040, -0.005356, 0.999952, -0.008240, -0.050009, 0.000000, 0.000000, 0.000000, 1.000000
33.9658, 71.6105, -8.9878, 265.9781, 334.2242, -64.7050, 254.6428, 8.8488, 48.8401, -50.0257, 0.853705, -0.520664, -0.009812, 0.071611, 0.516149, 0.843501, 0.148649, -0.008988, -0.069119, -0.131967, 0.988841, 0.265978, 0.000000, 0.000000, 0.000000, 1.000000, -0.097149, -0.160424, 0.982256, 0.334224, -0.853827, 0.520557, 0.000572, -0.064705, -0.511412, -0.838621, -0.187546, 0.254643, 0.000000, 0.000000, 0.000000, 1.000000, 0.999977, 0.005725, 0.003521, 0.008849, 0.003566, -0.007953, -0.999962, 0.048840, -0.005697, 0.999952, -0.007973, -0.050026, 0.000000, 0.000000, 0.000000, 1.000000
34.2580, 71.5398, -9.0244, 265.9225, 334.1708, -64.6337, 254.6814, 9.0225, 48.8540, -50.0115, 0.853434, -0.521095, -0.010507, 0.071540, 0.516920, 0.843674, 0.144945, -0.009024, -0.066666, -0.129132, 0.989384, 0.265923, 0.000000, 0.000000, 0.000000, 1.000000, -0.094725, -0.157594, 0.982950, 0.334171, -0.853579, 0.520962, 0.001267, -0.064634, -0.512279, -0.838906, -0.183867, 0.254681, 0.000000, 0.000000, 0.000000, 1.000000, 0.999978, 0.005205, -0.004138, 0.009022, -0.004081, -0.010814, -0.999933, 0.048854, -0.005250, 0.999928, -0.010793, -0.050012, 0.000000, 0.000000, 0.000000, 1.000000
34.3648, 71.2576, -9.2188, 265.9977, 334.2561, -64.3519, 254.8721, 8.7668, 48.7902, -50.0369, 0.852904, -0.522038, -0.005509, 0.071258, 0.516481, 0.842191, 0.154799, -0.009219, -0.076171, -0.134874, 0.987931, 0.265998, 0.000000, 0.000000, 0.000000, 1.000000, -0.104201, -0.163264, 0.981064, 0.334256, -0.852962, 0.521960, -0.003733, -0.064352, -0.511467, -0.837199, -0.193647, 0.254872, 0.000000, 0.000000, 0.000000, 1.000000, 0.999986, 0.004032, 0.003485, 0.008767, 0.003505, -0.004931, -0.999982, 0.048790, -0.004014, 0.999980, -0.004945, -0.050037, 0.000000, 0.000000, 0.000000, 1.000000
34.7106, 70.9347, -9.3589, 265.7366, 334.0037, -64.0264, 255.0218, 8.7350, 49.0145, -49.9484, 0.853024, -0.521865, -0.002693, 0.070935, 0.515948, 0.842554, 0.154599, -0.009359, -0.078410, -0.133266, 0.987974, 0.265737, 0.000000, 0.000000, 0.000000, 1.000000, -0.106418, -0.161674, 0.981090, 0.334004, -0.853060, 0.521771, -0.006548, -0.064026, -0.510846, -0.837626, -0.193443, 0.255022, 0.000000, 0.000000, 0.000000, 1.000000, 0.999991, 0.004207, -0.000263, 0.008735, -0.000235, -0.006599, -0.999978, 0.049015, -0.004209, 0.999969, -0.006598, -0.049948, 0.000000, 0.000000, 0.000000, 1.000000
35.0271, 70.6731, -9.5346, 265.7538, 334.0301, -63.7647, 255.1962, 8.6903, 48.9769, -49.9609, 0.853332, -0.521366, 0.001092, 0.070673, 0.514584, 0.842565, 0.159022, -0.009535, -0.083829, -0.135137, 0.987274, 0.265754, 0.000000, 0.000000, 0.000000, 1.000000, -0.111781, -0.163548, 0.980182, 0.334030, -0.853317, 0.521289, -0.010334, -0.063765, -0.509269, -0.837562, -0.197829, 0.255196, 0.000000, 0.000000, 0.000000, 1.000000, 0.999989, 0.004759, -0.000211, 0.008690, -0.000188, -0.004777, -0.999989, 0.048977, -0.004760, 0.999977, -0.004776, -0.049961, 0.000000, 0.000000, 0.000000, 1.000000
35.3725, 70.4422, -9.6541, 265.9986, 334.2816, -63.5358, 255.3055, 8.7056, 48.7028, -49.9740, 0.853175, -0.521488, 0.011909, 0.070442, 0.512964, 0.842934, 0.162267, -0.009654, -0.094659, -0.132334, 0.986675, 0.265999, 0.000000, 0.000000, 0.000000, 1.000000, -0.122537, -0.160761, 0.979357, 0.334282, -0.853059, 0.521386, -0.021150, -0.063536, -0.507223, -0.838041, -0.201027, 0.255305, 0.000000, 0.000000, 0.000000, 1.000000, 0.999979, 0.004559, 0.004698, 0.008706, 0.004732, -0.007630, -0.999960, 0.048703, -0.004523, 0.999960, -0.007651, -0.049974, 0.000000, 0.000000, 0.000000, 1.000000
35.6845, 70.1766, -9.8492, 266.2396, 334.5324, -63.2722, 255.4905, 8.6215, 48.4523, -50.0318, 0.852872, -0.521803, 0.018194, 0.070177, 0.512082, 0.842766, 0.165883, -0.009849, -0.101892, -0.132160, 0.985978, 0.266240, 0.000000, 0.000000, 0.000000, 1.000000, -0.129726, -0.160578, 0.978461, 0.334532, -0.852688, 0.521699, -0.027434, -0.063272, -0.506057, -0.837881, -0.204601, 0.255490, 0.000000, 0.000000, 0.000000, 1.000000, 0.999970, 0.004143, 0.006535, 0.008621, 0.006567, -0.007793, -0.999948, 0.048452, -0.004092, 0.999961, -0.007820, -0.050032, 0.000000, 0.000000, 0.000000, 1.000000
36.0176, 69.8249, -9.9808, 265.7819, 334.0835, -62.9161, 255.6393, 8.5825, 48.8795, -49.8936, 0.853020, -0.521619, 0.016441, 0.069825, 0.511632, 0.842069, 0.170739, -0.009981, -0.102906, -0.137232, 0.985179, 0.265782, 0.000000, 0.000000, 0.000000, 1.000000, -0.130723, -0.165620, 0.977487, 0.334083, -0.852826, 0.521563, -0.025681, -0.062916, -0.505568, -0.836984, -0.209425, 0.255639, 0.000000, 0.000000, 0.000000, 1.000000, 0.999989, 0.004410, 0.001815, 0.008582, 0.001827, -0.002704, -0.999995, 0.048880, -0.004405, 0.999987, -0.002712, -0.049894, 0.000000, 0.000000, 0.000000, 1.000000
36.3507, 69.5774, -10.1844, 265.9010, 334.2128, -62.6694, 255.8376, 8.5391, 48.7516, -49.9512, 0.853073, -0.521370, 0.020999, 0.069577, 0.511154, 0.843088, 0.167108, -0.010184, -0.104829, -0.131822, 0.985715, 0.265901, 0.000000, 0.000000, 0.000000, 1.000000, -0.132626, -0.160256, 0.978125, 0.334213, -0.852861, 0.521262, -0.030238, -0.062669, -0.505013, -0.838215, -0.205809, 0.255838, 0.000000, 0.000000, 0.000000, 1.000000, 0.999988, 0.004546, -0.002048, 0.008539, -0.002010, -0.008237, -0.999964, 0.048752, -0.004563, 0.999956, -0.008228, -0.049951, 0.000000, 0.000000, 0.000000, 1.000000
36.7062, 69.3766, -10.3019, 266.2662, 334.5841, -62.4717, 255.9402, 8.5694, 48.3639, -49.9952, 0.852411, -0.521769, 0.033962, 0.069377, 0.508774, 0.842656, 0.176295, -0.010302, -0.120603, -0.132997, 0.983751, 0.266266, 0.000000, 0.000000, 0.000000, 1.000000, -0.148288, -0.161410, 0.975683, 0.334584, -0.852052, 0.521672, -0.043196, -0.062472, -0.502015, -0.837738, -0.214887, 0.255940, 0.000000, 0.000000, 0.000000, 1.000000, 0.999962, 0.004064, 0.007714, 0.008569, 0.007742, -0.007021, -0.999945, 0.048364, -0.004009, 0.999967, -0.007053, -0.049995, 0.000000, 0.000000, 0.000000, 1.000000
37.0301, 69.1141, -10.4715, 266.2874, 334.6144, -62.2092, 256.1084, 8.5313, 48.3317, -50.0026, 0.852448, -0.521556, 0.036212, 0.069114, 0.508561, 0.843283, 0.173894, -0.010472, -0.121232, -0.129819, 0.984098, 0.266287, 0.000000, 0.000000, 0.000000, 1.000000, -0.148908, -0.158262, 0.976104, 0.334614, -0.852083, 0.521430, -0.045446, -0.062209, -0.501777, -0.838489, -0.212497, 0.256108, 0.000000, 0.000000, 0.000000, 1.000000, 0.999988, 0.004141, 0.002702, 0.008531, 0.002745, -0.010286, -0.999943, 0.048332, -0.004113, 0.999939, -0.010297, -0.050003, 0.000000, 0.000000, 0.000000, 1.000000
37.3526, 68.7914, -10.6687, 266.1656, 334.5033, -61.8850, 256.3096, 8.4477, 48.4482, -49.9817, 0.852480, -0.521205, 0.040274, 0.068791, 0.507468, 0.843583, 0.175624, -0.010669, -0.125511, -0.129278, 0.983633, 0.266166, 0.000000, 0.000000, 0.000000, 1.000000, -0.153141, -0.157736, 0.975534, 0.334503, -0.852075, 0.521074, -0.049506, -0.061885, -0.500517, -0.838810, -0.214200, 0.256310, 0.000000, 0.000000, 0.000000, 1.000000, 0.999989, 0.004441, 0.001470, 0.008448, 0.001518, -0.010899, -0.999939, 0.048448, -0.004424, 0.999931, -0.010906, -0.049982, 0.000000, 0.000000, 0.000000, 1.000000
37.7007, 68.5355, -10.8406, 266.1943, 334.5411, -61.6292, 256.4797, 8.4438, 48.4063, -49.9960, 0.852641, -0.520809, 0.041974, 0.068535, 0.506449, 0.843538, 0.178756, -0.010841, -0.128504, -0.131157, 0.982998, 0.266194, 0.000000, 0.000000, 0.000000, 1.000000, -0.156093, -0.159615, 0.974761, 0.334541, -0.852206, 0.520694, -0.051205, -0.061629, -0.499379, -0.838690, -0.217301, 0.256480, 0.000000, 0.000000, 0.000000, 1.000000, 0.999987, 0.004872, -0.001477, 0.008444, -0.001433, -0.009069, -0.999958, 0.048406, -0.004885, 0.999947, -0.009062, -0.049996, 0.000000, 0.000000, 0.000000, 1.000000
38.0149, 68.5279, -10.8516, 266.6664, 335.0133, -61.6259, 256.4721, 8.6329, 47.8987, -50.0671, 0.851386, -0.521799, 0.053543, 0.068528, 0.505446, 0.843401, 0.182204, -0.010852, -0.140232, -0.128063, 0.981802, 0.266666, 0.000000, 0.000000, 0.000000, 1.000000, -0.167760, -0.156509, 0.973325, 0.335013, -0.850843, 0.521657, -0.062768, -0.061626, -0.497918, -0.838677, -0.220678, 0.256472, 0.000000, 0.000000, 0.000000, 1.000000, 0.999982, 0.003490, 0.004789, 0.008633, 0.004831, -0.012062, -0.999916, 0.047899, -0.003432, 0.999921, -0.012078, -0.050067, 0.000000, 0.000000, 0.000000, 1.000000
38.1344, 68.2116, -11.0405, 266.4664, 334.8238, -61.3075, 256.6682, 8.3955, 48.1270, -50.0317, 0.852080, -0.520841, 0.051814, 0.068212, 0.504299, 0.843439, 0.185183, -0.011041, -0.140153, -0.131661, 0.981337, 0.266466, 0.000000, 0.000000, 0.000000, 1.000000, -0.167642, -0.160114, 0.972759, 0.334824, -0.851535, 0.520732, -0.061039, -0.061307, -0.496773, -0.838571, -0.223640, 0.256668, 0.000000, 0.000000, 0.000000, 1.000000, 0.999985, 0.004795, 0.002814, 0.008396, 0.002855, -0.008591, -0.999959, 0.048127, -0.004770, 0.999952, -0.008604, -0.050032, 0.000000, 0.000000, 0.000000, 1.000000
38.5141, 67.9264, -11.1607, 266.4831, 334.8479, -61.0222, 256.7871, 8.4086, 48.0916, -49.9850, 0.851098, -0.521681, 0.059000, 0.067926, 0.503792, 0.843155, 0.187837, -0.011161, -0.147737, -0.130144, 0.980427, 0.266483, 0.000000, 0.000000, 0.000000, 1.000000, -0.175191, -0.158580, 0.971679, 0.334848, -0.850484, 0.521558, -0.068221, -0.061022, -0.495969, -0.838349, -0.226242, 0.256787, 0.000000, 0.000000, 0.000000, 1.000000, 0.999986, 0.003661, 0.003770, 0.008409, 0.003806, -0.010011, -0.999943, 0.048092, -0.003623, 0.999943, -0.010025, -0.049985, 0.000000, 0.000000, 0.000000, 1.000000
38.7998, 67.8668, -11.2304, 266.5611, 334.9290, -60.9633, 256.8535, 8.5507, 47.9898, -50.0231, 0.851869, -0.520185, 0.061042, 0.067867, 0.502769, 0.844824, 0.183018, -0.011230, -0.146774, -0.125217, 0.981213, 0.266561, 0.000000, 0.000000, 0.000000, 1.000000, -0.174195, -0.153737, 0.972636, 0.334929, -0.851262, 0.520015, -0.070263, -0.060963, -0.494984, -0.840208, -0.221454, 0.256854, 0.000000, 0.000000, 0.000000, 1.000000, 0.999985, 0.004990, -0.002040, 0.008551, -0.001963, -0.015262, -0.999882, 0.047990, -0.005021, 0.999871, -0.015252, -0.050023, 0.000000, 0.000000, 0.000000, 1.000000
38.9127, 67.5406, -11.3878, 266.4288, 334.8061, -60.6357, 257.0155, 8.3086, 48.1518, -49.9655, 0.850934, -0.521329, 0.064246, 0.067541, 0.501642, 0.842824, 0.194945, -0.011388, -0.155778, -0.133657, 0.978708, 0.266429, 0.000000, 0.000000, 0.000000, 1.000000, -0.183139, -0.162080, 0.969634, 0.334806, -0.850243, 0.521239, -0.073461, -0.060636, -0.493504, -0.837879, -0.233267, 0.257015, 0.000000, 0.000000, 0.000000, 1.000000, 0.999978, 0.004254, 0.005125, 0.008309, 0.005153, -0.006553, -0.999965, 0.048152, -0.004220, 0.999969, -0.006574, -0.049965, 0.000000, 0.000000, 0.000000, 1.000000
39.4616, 67.3361, -11.5469, 266.6746, 335.0597, -60.4331, 257.1643, 8.4763, 47.8753, -50.0258, 0.850406, -0.521141, 0.072268, 0.067336, 0.500272, 0.843480, 0.195627, -0.011547, -0.162906, -0.130209, 0.978012, 0.266675, 0.000000, 0.000000, 0.000000, 1.000000, -0.190203, -0.158662, 0.968839, 0.335060, -0.849648, 0.521018, -0.081478, -0.060433, -0.491855, -0.838670, -0.233906, 0.257164, 0.000000, 0.000000, 0.000000, 1.000000, 0.999988, 0.004127, 0.002809, 0.008476, 0.002850, -0.010108, -0.999945, 0.047875, -0.004099, 0.999940, -0.010119, -0.050026, 0.000000, 0.000000, 0.000000, 1.000000
39.5996, 67.2093, -11.5852, 266.6434, 335.0313, -60.3060, 257.2036, 8.4698, 47.9015, -49.9870, 0.850403, -0.521038, 0.073033, 0.067209, 0.499785, 0.843374, 0.197320, -0.011585, -0.164406, -0.131301, 0.977615, 0.266643, 0.000000, 0.000000, 0.000000, 1.000000, -0.191682, -0.159750, 0.968369, 0.335031, -0.849631, 0.520925, -0.082242, -0.060306, -0.491310, -0.838521, -0.235580, 0.257204, 0.000000, 0.000000, 0.000000, 1.000000, 0.999989, 0.004315, 0.001967, 0.008470, 0.002006, -0.009036, -0.999957, 0.047901, -0.004297, 0.999950, -0.009045, -0.049987, 0.000000, 0.000000, 0.000000, 1.000000
39.7485, 66.9142, -11.7900, 266.5136, 334.9123, -60.0095, 257.4128, 8.2625, 48.0684, -49.9858, 0.849776, -0.521888, 0.074250, 0.066914, 0.499397, 0.842116, 0.203575, -0.011790, -0.168771, -0.135913, 0.976240, 0.266514, 0.000000, 0.000000, 0.000000, 1.000000, -0.196022, -0.164301, 0.966737, 0.334912, -0.848964, 0.521820, -0.083456, -0.060009, -0.490750, -0.837084, -0.241774, 0.257413, 0.000000, 0.000000, 0.000000, 1.000000, 0.999986, 0.003701, 0.003775, 0.008262, 0.003791, -0.004228, -0.999984, 0.048068, -0.003685, 0.999984, -0.004242, -0.049986, 0.000000, 0.000000, 0.000000, 1.000000
39.9964, 66.7584, -11.8646, 266.5114, 334.9145, -59.8535, 257.4871, 8.3012, 48.0611, -49.9662, 0.849318, -0.521907, 0.079199, 0.066758, 0.498969, 0.842685, 0.202268, -0.011865, -0.172305, -0.132272, 0.976122, 0.266511, 0.000000, 0.000000, 0.000000, 1.000000, -0.199533, -0.160685, 0.966627, 0.334914, -0.848473, 0.521804, -0.088402, -0.059854, -0.490185, -0.837795, -0.240454, 0.257487, 0.000000, 0.000000, 0.000000, 1.000000, 0.999990, 0.003334, 0.003008, 0.008301, 0.003034, -0.007913, -0.999964, 0.048061, -0.003310, 0.999963, -0.007923, -0.049966, 0.000000, 0.000000, 0.000000, 1.000000
40.0008, 66.7761, -11.8572, 266.5649, 334.9675, -59.8717, 257.4777, 8.3144, 48.0055, -49.9768, 0.849516, -0.521538, 0.079501, 0.066776, 0.499075, 0.843316, 0.199355, -0.011857, -0.171016, -0.129678, 0.976697, 0.266565, 0.000000, 0.000000, 0.000000, 1.000000, -0.198250, -0.158122, 0.967313, 0.334967, -0.848683, 0.521410, -0.088705, -0.059872, -0.490341, -0.838528, -0.237565, 0.257478, 0.000000, 0.000000, 0.000000, 1.000000, 0.999992, 0.003523, 0.001626, 0.008314, 0.001664, -0.010601, -0.999942, 0.048005, -0.003506, 0.999938, -0.010606, -0.049977, 0.000000, 0.000000, 0.000000, 1.000000
