# Joint_B_Angle(deg), Cam_X(mm), Cam_Y(mm), Cam_Z(mm), Torso_X(mm), Torso_Y(mm), Torso_Z(mm), EE_X(mm), EE_Y(mm), EE_Z(mm), T_cam2marker_flat(16), T_torso2marker_flat(16), T_ee2marker_flat(16)
-14.9928, 8.2061, 8.2531, 188.7673, 256.9702, -0.6258, 240.3406, 5.3644, 40.5786, -52.8404, 0.537757, -0.795785, -0.278465, 0.008206, 0.768147, 0.598595, -0.227231, 0.008253, 0.347515, -0.091707, 0.933179, 0.188767, 0.000000, 0.000000, 0.000000, 1.000000, 0.312061, -0.108047, 0.943898, 0.256970, -0.542075, 0.795673, 0.270294, -0.000626, -0.780239, -0.596011, 0.189730, 0.240341, 0.000000, 0.000000, 0.000000, 1.000000, 0.999827, 0.009694, 0.015891, 0.005364, 0.015618, 0.027638, -0.999496, 0.040579, -0.010128, 0.999571, 0.027481, -0.052840, 0.000000, 0.000000, 0.000000, 1.000000
-14.9313, 8.2218, 8.2513, 188.8092, 257.0120, -0.6418, 240.3407, 5.4300, 40.5375, -52.8570, 0.537937, -0.795890, -0.277817, 0.008222, 0.768268, 0.598516, -0.227032, 0.008251, 0.346971, -0.091309, 0.933421, 0.188809, 0.000000, 0.000000, 0.000000, 1.000000, 0.311511, -0.107645, 0.944126, 0.257012, -0.542249, 0.795775, 0.269644, -0.000642, -0.780338, -0.595948, 0.189523, 0.240341, 0.000000, 0.000000, 0.000000, 1.000000, 0.999834, 0.009751, 0.015399, 0.005430, 0.015129, 0.027209, -0.999515, 0.040538, -0.010165, 0.999582, 0.027057, -0.052857, 0.000000, 0.000000, 0.000000, 1.000000
-14.8359, 8.0843, 8.0612, 188.7484, 256.9599, -0.5035, 240.5329, 5.2567, 40.5007, -52.8528, 0.539286, -0.795558, -0.276149, 0.008084, 0.770031, 0.598604, -0.220739, 0.008061, 0.340914, -0.093601, 0.935423, 0.188748, 0.000000, 0.000000, 0.000000, 1.000000, 0.305378, -0.109942, 0.945863, 0.256960, -0.543546, 0.795463, 0.267947, -0.000504, -0.781858, -0.595946, 0.183159, 0.240533, 0.000000, 0.000000, 0.000000, 1.000000, 0.999754, 0.009217, 0.020183, 0.005257, 0.019904, 0.029436, -0.999368, 0.040501, -0.009805, 0.999524, 0.029245, -0.052853, 0.000000, 0.000000, 0.000000, 1.000000
-14.5929, 7.9746, 7.8937, 188.6861, 256.9053, -0.3930, 240.7024, 5.2190, 40.4655, -52.8576, 0.540033, -0.795899, -0.273696, 0.007975, 0.770665, 0.598321, -0.219288, 0.007894, 0.338289, -0.092506, 0.936484, 0.188686, 0.000000, 0.000000, 0.000000, 1.000000, 0.302723, -0.108833, 0.946844, 0.256905, -0.544269, 0.795795, 0.265483, -0.000393, -0.782387, -0.595706, 0.181671, 0.240702, 0.000000, 0.000000, 0.000000, 1.000000, 0.999781, 0.009331, 0.018738, 0.005219, 0.018468, 0.028215, -0.999431, 0.040465, -0.009855, 0.999558, 0.028037, -0.052858, 0.000000, 0.000000, 0.000000, 1.000000
-14.3209, 7.8364, 7.7417, 188.5620, 256.7886, -0.2535, 240.8590, 5.1770, 40.4830, -52.8261, 0.541235, -0.796046, -0.270879, 0.007836, 0.771079, 0.598353, -0.217742, 0.007742, 0.335414, -0.091019, 0.937664, 0.188562, 0.000000, 0.000000, 0.000000, 1.000000, 0.299823, -0.107347, 0.947936, 0.256789, -0.545446, 0.795928, 0.262653, -0.000253, -0.782684, -0.595797, 0.180086, 0.240859, 0.000000, 0.000000, 0.000000, 1.000000, 0.999805, 0.009933, 0.017091, 0.005177, 0.016820, 0.026752, -0.999501, 0.040483, -0.010385, 0.999593, 0.026580, -0.052826, 0.000000, 0.000000, 0.000000, 1.000000
-14.1139, 7.7113, 7.5574, 188.5084, 256.7434, -0.1276, 241.0450, 5.0956, 40.4371, -52.8289, 0.542412, -0.795855, -0.269081, 0.007711, 0.771741, 0.598583, -0.214744, 0.007557, 0.331972, -0.091181, 0.938872, 0.188508, 0.000000, 0.000000, 0.000000, 1.000000, 0.296347, -0.107520, 0.949009, 0.256743, -0.546593, 0.795738, 0.260839, -0.000128, -0.783208, -0.596021, 0.177045, 0.241045, 0.000000, 0.000000, 0.000000, 1.000000, 0.999800, 0.010253, 0.017176, 0.005096, 0.016894, 0.026973, -0.999493, 0.040437, -0.010711, 0.999584, 0.026794, -0.052829, 0.000000, 0.000000, 0.000000, 1.000000
-13.8529, 7.5908, 7.3402, 188.4563, 256.7010, -0.0062, 241.2638, 5.0296, 40.3794, -52.8547, 0.543668, -0.795530, -0.267502, 0.007591, 0.773479, 0.598629, -0.208263, 0.007340, 0.325814, -0.093682, 0.940781, 0.188456, 0.000000, 0.000000, 0.000000, 1.000000, 0.290114, -0.110023, 0.950646, 0.256701, -0.547795, 0.795436, 0.259234, -0.000006, -0.784700, -0.595967, 0.170497, 0.241264, 0.000000, 0.000000, 0.000000, 1.000000, 0.999770, 0.009726, 0.019138, 0.005030, 0.018845, 0.029362, -0.999391, 0.040379, -0.010282, 0.999522, 0.029172, -0.052855, 0.000000, 0.000000, 0.000000, 1.000000
-13.6173, 7.5118, 7.1965, 188.4062, 256.6573, 0.0734, 241.4092, 5.0250, 40.3515, -52.8713, 0.544783, -0.795343, -0.265784, 0.007512, 0.774127, 0.598836, -0.205237, 0.007197, 0.322395, -0.093941, 0.941932, 0.188406, 0.000000, 0.000000, 0.000000, 1.000000, 0.286663, -0.110292, 0.951662, 0.256657, -0.548880, 0.795251, 0.257500, 0.000073, -0.785210, -0.596164, 0.167432, 0.241409, 0.000000, 0.000000, 0.000000, 1.000000, 0.999775, 0.010020, 0.018682, 0.005025, 0.018377, 0.029662, -0.999391, 0.040352, -0.010568, 0.999510, 0.029471, -0.052871, 0.000000, 0.000000, 0.000000, 1.000000
-13.4310, 7.4309, 7.1352, 188.3930, 256.6473, 0.1545, 241.4709, 5.0611, 40.3126, -52.8408, 0.545312, -0.795825, -0.263244, 0.007431, 0.773557, 0.598741, -0.207652, 0.007135, 0.322869, -0.090399, 0.942116, 0.188393, 0.000000, 0.000000, 0.000000, 1.000000, 0.287154, -0.106745, 0.951918, 0.256647, -0.549412, 0.795701, 0.254962, 0.000155, -0.784658, -0.596209, 0.169842, 0.241471, 0.000000, 0.000000, 0.000000, 1.000000, 0.999828, 0.010975, 0.014970, 0.005061, 0.014679, 0.026158, -0.999550, 0.040313, -0.011361, 0.999598, 0.025993, -0.052841, 0.000000, 0.000000, 0.000000, 1.000000
-13.2772, 7.3301, 6.9695, 188.2377, 256.4996, 0.2570, 241.6423, 4.9348, 40.3813, -52.8453, 0.545880, -0.795493, -0.263070, 0.007330, 0.774955, 0.598726, -0.202414, 0.006970, 0.318526, -0.093374, 0.943304, 0.188238, 0.000000, 0.000000, 0.000000, 1.000000, 0.282754, -0.109719, 0.952897, 0.256500, -0.549943, 0.795396, 0.254769, 0.000257, -0.785883, -0.596076, 0.164562, 0.241642, 0.000000, 0.000000, 0.000000, 1.000000, 0.999806, 0.010219, 0.016852, 0.004935, 0.016549, 0.029005, -0.999442, 0.040381, -0.010702, 0.999527, 0.028830, -0.052845, 0.000000, 0.000000, 0.000000, 1.000000
-13.1058, 7.2392, 6.8829, 188.3663, 256.6323, 0.3469, 241.7237, 4.9821, 40.2029, -52.8314, 0.547232, -0.796301, -0.257765, 0.007239, 0.776155, 0.598057, -0.199781, 0.006883, 0.313243, -0.090739, 0.945328, 0.188366, 0.000000, 0.000000, 0.000000, 1.000000, 0.277416, -0.107053, 0.954767, 0.256632, -0.551248, 0.796181, 0.249442, 0.000347, -0.786871, -0.595513, 0.161861, 0.241724, 0.000000, 0.000000, 0.000000, 1.000000, 0.999759, 0.010224, 0.019413, 0.004982, 0.019140, 0.026141, -0.999475, 0.040203, -0.010726, 0.999606, 0.025939, -0.052831, 0.000000, 0.000000, 0.000000, 1.000000
-12.7964, 7.1123, 6.6600, 188.1742, 256.4503, 0.4758, 241.9537, 4.8950, 40.2753, -52.8456, 0.548331, -0.795334, -0.258412, 0.007112, 0.776974, 0.598800, -0.194293, 0.006660, 0.309265, -0.094243, 0.946294, 0.188174, 0.000000, 0.000000, 0.000000, 1.000000, 0.273399, -0.110592, 0.955522, 0.256450, -0.552312, 0.795245, 0.250072, 0.000476, -0.787530, -0.596116, 0.156338, 0.241954, 0.000000, 0.000000, 0.000000, 1.000000, 0.999780, 0.010322, 0.018261, 0.004895, 0.017947, 0.029793, -0.999395, 0.040275, -0.010859, 0.999503, 0.029602, -0.052846, 0.000000, 0.000000, 0.000000, 1.000000
-12.6980, 7.0580, 6.6405, 188.3369, 256.6141, 0.5286, 241.9667, 4.9726, 40.0957, -52.8245, 0.549411, -0.795997, -0.254041, 0.007058, 0.776701, 0.598622, -0.195928, 0.006641, 0.308033, -0.089669, 0.947141, 0.188337, 0.000000, 0.000000, 0.000000, 1.000000, 0.272169, -0.106009, 0.956392, 0.256614, -0.553380, 0.795866, 0.245696, 0.000529, -0.787207, -0.596120, 0.157946, 0.241967, 0.000000, 0.000000, 0.000000, 1.000000, 0.999776, 0.011360, 0.017885, 0.004973, 0.017594, 0.025259, -0.999526, 0.040096, -0.011807, 0.999616, 0.025053, -0.052824, 0.000000, 0.000000, 0.000000, 1.000000
-12.6048, 7.0166, 6.5935, 188.1791, 256.4587, 0.5716, 242.0198, 4.9279, 40.2160, -52.8075, 0.548729, -0.796313, -0.254522, 0.007017, 0.776751, 0.598210, -0.196985, 0.006593, 0.309120, -0.089609, 0.946792, 0.188179, 0.000000, 0.000000, 0.000000, 1.000000, 0.273259, -0.105930, 0.956090, 0.256459, -0.552709, 0.796183, 0.246182, 0.000572, -0.787301, -0.595711, 0.159016, 0.242020, 0.000000, 0.000000, 0.000000, 1.000000, 0.999827, 0.010930, 0.015065, 0.004928, 0.014788, 0.025015, -0.999578, 0.040216, -0.011302, 0.999627, 0.024849, -0.052807, 0.000000, 0.000000, 0.000000, 1.000000
-12.5196, 6.8768, 6.3700, 187.9930, 256.2828, 0.7134, 242.2502, 4.6786, 40.3009, -52.8121, 0.550142, -0.795598, -0.253709, 0.006877, 0.777109, 0.598973, -0.193218, 0.006370, 0.305689, -0.090863, 0.947786, 0.187993, 0.000000, 0.000000, 0.000000, 1.000000, 0.269804, -0.107219, 0.956927, 0.256283, -0.554091, 0.795478, 0.245355, 0.000713, -0.787521, -0.596422, 0.155214, 0.242250, 0.000000, 0.000000, 0.000000, 1.000000, 0.999784, 0.011544, 0.017273, 0.004679, 0.016962, 0.026525, -0.999504, 0.040301, -0.011996, 0.999582, 0.026324, -0.052812, 0.000000, 0.000000, 0.000000, 1.000000
-12.2757, 6.8004, 6.2583, 188.1025, 256.3973, 0.7890, 242.3574, 4.7563, 40.1343, -52.8232, 0.550945, -0.795851, -0.251158, 0.006800, 0.778386, 0.598580, -0.189252, 0.006258, 0.300955, -0.091231, 0.949265, 0.188103, 0.000000, 0.000000, 0.000000, 1.000000, 0.265016, -0.107569, 0.958225, 0.256397, -0.554853, 0.795735, 0.242784, 0.000789, -0.788609, -0.596016, 0.151197, 0.242357, 0.000000, 0.000000, 0.000000, 1.000000, 0.999777, 0.011097, 0.017961, 0.004756, 0.017660, 0.026677, -0.999488, 0.040134, -0.011570, 0.999582, 0.026475, -0.052823, 0.000000, 0.000000, 0.000000, 1.000000
-12.1096, 6.7415, 6.1266, 187.9186, 256.2193, 0.8498, 242.4961, 4.6802, 40.2519, -52.8397, 0.551260, -0.794995, -0.253171, 0.006741, 0.778965, 0.599108, -0.185154, 0.006127, 0.298874, -0.095143, 0.949538, 0.187919, 0.000000, 0.000000, 0.000000, 1.000000, 0.262911, -0.111507, 0.958355, 0.256219, -0.555149, 0.794914, 0.244788, 0.000850, -0.789105, -0.596388, 0.147089, 0.242496, 0.000000, 0.000000, 0.000000, 1.000000, 0.999792, 0.010818, 0.017270, 0.004680, 0.016931, 0.030668, -0.999386, 0.040252, -0.011341, 0.999471, 0.030478, -0.052840, 0.000000, 0.000000, 0.000000, 1.000000
-11.9290, 6.5979, 5.9858, 187.8776, 256.1852, 0.9940, 242.6381, 4.6067, 40.2117, -52.8030, 0.552185, -0.795798, -0.248592, 0.006598, 0.778480, 0.598875, -0.187932, 0.005986, 0.298431, -0.089750, 0.950202, 0.187878, 0.000000, 0.000000, 0.000000, 1.000000, 0.262480, -0.106102, 0.959086, 0.256185, -0.556070, 0.795667, 0.240207, 0.000994, -0.788600, -0.596369, 0.149846, 0.242638, 0.000000, 0.000000, 0.000000, 1.000000, 0.999821, 0.011978, 0.014620, 0.004607, 0.014314, 0.025282, -0.999578, 0.040212, -0.012343, 0.999609, 0.025106, -0.052803, 0.000000, 0.000000, 0.000000, 1.000000
-11.6767, 6.4660, 5.7548, 187.8330, 256.1509, 1.1266, 242.8705, 4.5178, 40.1539, -52.8283, 0.553379, -0.795674, -0.246324, 0.006466, 0.780732, 0.598543, -0.179454, 0.005755, 0.290222, -0.093007, 0.952429, 0.187833, 0.000000, 0.000000, 0.000000, 1.000000, 0.254178, -0.109344, 0.960957, 0.256151, -0.557192, 0.795574, 0.237906, 0.001127, -0.790525, -0.595908, 0.141292, 0.242870, 0.000000, 0.000000, 0.000000, 1.000000, 0.999764, 0.010896, 0.018772, 0.004518, 0.018457, 0.028279, -0.999430, 0.040154, -0.011421, 0.999541, 0.028071, -0.052828, 0.000000, 0.000000, 0.000000, 1.000000
-11.4223, 6.3539, 5.5723, 187.7531, 256.0793, 1.2396, 243.0558, 4.4680, 40.1456, -52.8388, 0.554361, -0.795966, -0.243148, 0.006354, 0.781942, 0.598170, -0.175385, 0.005572, 0.285044, -0.092901, 0.954002, 0.187753, 0.000000, 0.000000, 0.000000, 1.000000, 0.248948, -0.109221, 0.962339, 0.256079, -0.558129, 0.795866, 0.234710, 0.001240, -0.791528, -0.595540, 0.137169, 0.243056, 0.000000, 0.000000, 0.000000, 1.000000, 0.999749, 0.010603, 0.019720, 0.004468, 0.019417, 0.027985, -0.999420, 0.040146, -0.011148, 0.999552, 0.027772, -0.052839, 0.000000, 0.000000, 0.000000, 1.000000
-11.1463, 6.2035, 5.3856, 187.6485, 255.9836, 1.3913, 243.2461, 4.4018, 40.1508, -52.8190, 0.555485, -0.795572, -0.241871, 0.006204, 0.781620, 0.598823, -0.174590, 0.005386, 0.283737, -0.092069, 0.954472, 0.187649, 0.000000, 0.000000, 0.000000, 1.000000, 0.247644, -0.108419, 0.962766, 0.255984, -0.559241, 0.795463, 0.233427, 0.001391, -0.791152, -0.596225, 0.136360, 0.243246, 0.000000, 0.000000, 0.000000, 1.000000, 0.999797, 0.011712, 0.016367, 0.004402, 0.016041, 0.027365, -0.999497, 0.040151, -0.012154, 0.999557, 0.027171, -0.052819, 0.000000, 0.000000, 0.000000, 1.000000
-10.9033, 6.1529, 5.3137, 187.6402, 255.9786, 1.4421, 243.3182, 4.4870, 40.1141, -52.8195, 0.555558, -0.795273, -0.242687, 0.006153, 0.781849, 0.598980, -0.173020, 0.005314, 0.282963, -0.093622, 0.954551, 0.187640, 0.000000, 0.000000, 0.000000, 1.000000, 0.246860, -0.109979, 0.962790, 0.255979, -0.559307, 0.795178, 0.234240, 0.001442, -0.791351, -0.596320, 0.134786, 0.243318, 0.000000, 0.000000, 0.000000, 1.000000, 0.999848, 0.011654, 0.012945, 0.004487, 0.012604, 0.028894, -0.999503, 0.040114, -0.012023, 0.999515, 0.028742, -0.052819, 0.000000, 0.000000, 0.000000, 1.000000
-10.8026, 6.0208, 5.1384, 187.5957, 255.9422, 1.5749, 243.4949, 4.3346, 40.0839, -52.8120, 0.557131, -0.795929, -0.236859, 0.006021, 0.783139, 0.598456, -0.168951, 0.005138, 0.276223, -0.091365, 0.956741, 0.187596, 0.000000, 0.000000, 0.000000, 1.000000, 0.240061, -0.107698, 0.964765, 0.255942, -0.560820, 0.795814, 0.228386, 0.001575, -0.792371, -0.595886, 0.130645, 0.243495, 0.000000, 0.000000, 0.000000, 1.000000, 0.999767, 0.011596, 0.018199, 0.004335, 0.017887, 0.026469, -0.999490, 0.040084, -0.012072, 0.999582, 0.026255, -0.052812, 0.000000, 0.000000, 0.000000, 1.000000
-10.5833, 5.9738, 5.0889, 187.6794, 256.0282, 1.6212, 243.5409, 4.4477, 39.9670, -52.8087, 0.557493, -0.795613, -0.237068, 0.005974, 0.783606, 0.598608, -0.166219, 0.005089, 0.274157, -0.093102, 0.957168, 0.187679, 0.000000, 0.000000, 0.000000, 1.000000, 0.237975, -0.109442, 0.965086, 0.256028, -0.561165, 0.795514, 0.228587, 0.001621, -0.792756, -0.595970, 0.127898, 0.243541, 0.000000, 0.000000, 0.000000, 1.000000, 0.999797, 0.011488, 0.016534, 0.004448, 0.016205, 0.028183, -0.999471, 0.039967, -0.011948, 0.999537, 0.027991, -0.052809, 0.000000, 0.000000, 0.000000, 1.000000
-10.4871, 5.8479, 4.9107, 187.4107, 255.7678, 1.7498, 243.7294, 4.2286, 40.1535, -52.7923, 0.557739, -0.795960, -0.235319, 0.005848, 0.783574, 0.598433, -0.167001, 0.004911, 0.273749, -0.091247, 0.957463, 0.187411, 0.000000, 0.000000, 0.000000, 1.000000, 0.237567, -0.107579, 0.965396, 0.255768, -0.561407, 0.795844, 0.226837, 0.001750, -0.792707, -0.595868, 0.128671, 0.243729, 0.000000, 0.000000, 0.000000, 1.000000, 0.999814, 0.011741, 0.015276, 0.004229, 0.014964, 0.026280, -0.999543, 0.040154, -0.012137, 0.999586, 0.026100, -0.052792, 0.000000, 0.000000, 0.000000, 1.000000
-10.2529, 5.7294, 4.6854, 187.2526, 255.6199, 1.8701, 243.9606, 4.1055, 40.2179, -52.8172, 0.558469, -0.794780, -0.237565, 0.005729, 0.784103, 0.599245, -0.161517, 0.004685, 0.270731, -0.096073, 0.957849, 0.187253, 0.000000, 0.000000, 0.000000, 1.000000, 0.234523, -0.112444, 0.965585, 0.255620, -0.562110, 0.794707, 0.229071, 0.001870, -0.793115, -0.596487, 0.123171, 0.243961, 0.000000, 0.000000, 0.000000, 1.000000, 0.999827, 0.011765, 0.014399, 0.004106, 0.014025, 0.031264, -0.999413, 0.040218, -0.012208, 0.999442, 0.031093, -0.052817, 0.000000, 0.000000, 0.000000, 1.000000
-9.9954, 5.5844, 4.5546, 187.4133, 255.7870, 2.0138, 244.0846, 4.1486, 39.9889, -52.7875, 0.560331, -0.796186, -0.228292, 0.005584, 0.785354, 0.598288, -0.158966, 0.004555, 0.263151, -0.090217, 0.960527, 0.187413, 0.000000, 0.000000, 0.000000, 1.000000, 0.226883, -0.106542, 0.968077, 0.255787, -0.563905, 0.796061, 0.219770, 0.002014, -0.794063, -0.595765, 0.120534, 0.244085, 0.000000, 0.000000, 0.000000, 1.000000, 0.999770, 0.012016, 0.017738, 0.004149, 0.017432, 0.025115, -0.999533, 0.039989, -0.012456, 0.999612, 0.024900, -0.052788, 0.000000, 0.000000, 0.000000, 1.000000
-9.7317, 5.4581, 4.3635, 187.3472, 255.7296, 2.1410, 244.2779, 4.0941, 39.9705, -52.7925, 0.561073, -0.796180, -0.226483, 0.005458, 0.785752, 0.598333, -0.156816, 0.004364, 0.260367, -0.089974, 0.961308, 0.187347, 0.000000, 0.000000, 0.000000, 1.000000, 0.224079, -0.106301, 0.968756, 0.255730, -0.564622, 0.796053, 0.217951, 0.002141, -0.794349, -0.595819, 0.118359, 0.244278, 0.000000, 0.000000, 0.000000, 1.000000, 0.999796, 0.012236, 0.016045, 0.004094, 0.015738, 0.024837, -0.999568, 0.039971, -0.012629, 0.999617, 0.024639, -0.052792, 0.000000, 0.000000, 0.000000, 1.000000
-9.5120, 5.4115, 4.3011, 187.2376, 255.6229, 2.1887, 244.3445, 4.1427, 40.0386, -52.7837, 0.560656, -0.796003, -0.228131, 0.005412, 0.785940, 0.598288, -0.156041, 0.004301, 0.260697, -0.091813, 0.961045, 0.187238, 0.000000, 0.000000, 0.000000, 1.000000, 0.224406, -0.108138, 0.968477, 0.255623, -0.564208, 0.795893, 0.219600, 0.002189, -0.794551, -0.595702, 0.117591, 0.244345, 0.000000, 0.000000, 0.000000, 1.000000, 0.999859, 0.011895, 0.011851, 0.004143, 0.011531, 0.026584, -0.999580, 0.040039, -0.012205, 0.999576, 0.026443, -0.052784, 0.000000, 0.000000, 0.000000, 1.000000
-9.4083, 5.2876, 4.1054, 187.2408, 255.6349, 2.3129, 244.5397, 3.9932, 39.9665, -52.7980, 0.561901, -0.795723, -0.226037, 0.005288, 0.786746, 0.598491, -0.151123, 0.004105, 0.255533, -0.092917, 0.962325, 0.187241, 0.000000, 0.000000, 0.000000, 1.000000, 0.219202, -0.109252, 0.969543, 0.255635, -0.565407, 0.795622, 0.217486, 0.002313, -0.795151, -0.595860, 0.112630, 0.244540, 0.000000, 0.000000, 0.000000, 1.000000, 0.999809, 0.011960, 0.015427, 0.003993, 0.015091, 0.027720, -0.999502, 0.039966, -0.012382, 0.999544, 0.027534, -0.052798, 0.000000, 0.000000, 0.000000, 1.000000
-9.1709, 5.1385, 3.9276, 187.2520, 255.6546, 2.4621, 244.7166, 3.9389, 39.8761, -52.7822, 0.563443, -0.795905, -0.221510, 0.005139, 0.787303, 0.598541, -0.147991, 0.003928, 0.250370, -0.091011, 0.963863, 0.187252, 0.000000, 0.000000, 0.000000, 1.000000, 0.214008, -0.107347, 0.970916, 0.255655, -0.566903, 0.795787, 0.212941, 0.002462, -0.795501, -0.595986, 0.109449, 0.244717, 0.000000, 0.000000, 0.000000, 1.000000, 0.999783, 0.012520, 0.016665, 0.003939, 0.016337, 0.025807, -0.999533, 0.039876, -0.012944, 0.999589, 0.025597, -0.052782, 0.000000, 0.000000, 0.000000, 1.000000
-8.9455, 5.0721, 3.7789, 187.1475, 255.5566, 2.5297, 244.8692, 3.9139, 39.9214, -52.8081, 0.563432, -0.795898, -0.221565, 0.005072, 0.787865, 0.598337, -0.145813, 0.003779, 0.248623, -0.092407, 0.964182, 0.187147, 0.000000, 0.000000, 0.000000, 1.000000, 0.212240, -0.108735, 0.971149, 0.255557, -0.566876, 0.795793, 0.212989, 0.002530, -0.795993, -0.595727, 0.107260, 0.244869, 0.000000, 0.000000, 0.000000, 1.000000, 0.999822, 0.012098, 0.014511, 0.003914, 0.014180, 0.027068, -0.999533, 0.039921, -0.012485, 0.999560, 0.026892, -0.052808, 0.000000, 0.000000, 0.000000, 1.000000
-8.7662, 4.9696, 3.6748, 187.0511, 255.4653, 2.6333, 244.9768, 3.8749, 39.9629, -52.7793, 0.564324, -0.795708, -0.219972, 0.004970, 0.787933, 0.598655, -0.144130, 0.003675, 0.246373, -0.091987, 0.964800, 0.187051, 0.000000, 0.000000, 0.000000, 1.000000, 0.209981, -0.108329, 0.971685, 0.255465, -0.567748, 0.795599, 0.211389, 0.002633, -0.795971, -0.596060, 0.105557, 0.244977, 0.000000, 0.000000, 0.000000, 1.000000, 0.999825, 0.012648, 0.013756, 0.003875, 0.013415, 0.026719, -0.999553, 0.039963, -0.013010, 0.999563, 0.026545, -0.052779, 0.000000, 0.000000, 0.000000, 1.000000
-8.6005, 4.8798, 3.5016, 187.0350, 255.4569, 2.7235, 245.1504, 3.7992, 39.9195, -52.8068, 0.565547, -0.795166, -0.218787, 0.004880, 0.789132, 0.598841, -0.136600, 0.003502, 0.239638, -0.095398, 0.966164, 0.187035, 0.000000, 0.000000, 0.000000, 1.000000, 0.203194, -0.111749, 0.972741, 0.255457, -0.568912, 0.795088, 0.210179, 0.002723, -0.796901, -0.596111, 0.097981, 0.245150, 0.000000, 0.000000, 0.000000, 1.000000, 0.999765, 0.012300, 0.017847, 0.003799, 0.017470, 0.030113, -0.999394, 0.039919, -0.012830, 0.999471, 0.029891, -0.052807, 0.000000, 0.000000, 0.000000, 1.000000
-8.4199, 4.7883, 3.4268, 187.0429, 255.4685, 2.8149, 245.2247, 3.8171, 39.8688, -52.7771, 0.566124, -0.796362, -0.212862, 0.004788, 0.788936, 0.598292, -0.140098, 0.003427, 0.238922, -0.088622, 0.966986, 0.187043, 0.000000, 0.000000, 0.000000, 1.000000, 0.202481, -0.104947, 0.973647, 0.255469, -0.569482, 0.796223, 0.204253, 0.002815, -0.796675, -0.595832, 0.101455, 0.245225, 0.000000, 0.000000, 0.000000, 1.000000, 0.999797, 0.013010, 0.015398, 0.003817, 0.015094, 0.023201, -0.999617, 0.039869, -0.013362, 0.999646, 0.023000, -0.052777, 0.000000, 0.000000, 0.000000, 1.000000
-8.2595, 4.6667, 3.2299, 186.8770, 255.3116, 2.9384, 245.4277, 3.6633, 39.9615, -52.7823, 0.566276, -0.795392, -0.216062, 0.004667, 0.789530, 0.598722, -0.134812, 0.003230, 0.236589, -0.094247, 0.967028, 0.186877, 0.000000, 0.000000, 0.000000, 1.000000, 0.200125, -0.110593, 0.973509, 0.255312, -0.569613, 0.795304, 0.207444, 0.002938, -0.797177, -0.596038, 0.096165, 0.245428, 0.000000, 0.000000, 0.000000, 1.000000, 0.999808, 0.012547, 0.015046, 0.003663, 0.014679, 0.028863, -0.999476, 0.039961, -0.012975, 0.999505, 0.028673, -0.052782, 0.000000, 0.000000, 0.000000, 1.000000
-7.9932, 4.5350, 3.0615, 186.9858, 255.4281, 3.0693, 245.5914, 3.6688, 39.7858, -52.7818, 0.567233, -0.795743, -0.212227, 0.004535, 0.789985, 0.598560, -0.132851, 0.003061, 0.232746, -0.092298, 0.968148, 0.186986, 0.000000, 0.000000, 0.000000, 1.000000, 0.196258, -0.108636, 0.974516, 0.255428, -0.570536, 0.795637, 0.203596, 0.003069, -0.797478, -0.595953, 0.094170, 0.245591, 0.000000, 0.000000, 0.000000, 1.000000, 0.999815, 0.012836, 0.014359, 0.003669, 0.014011, 0.026824, -0.999542, 0.039786, -0.013216, 0.999558, 0.026640, -0.052782, 0.000000, 0.000000, 0.000000, 1.000000
-7.7739, 4.3567, 2.8851, 186.9677, 255.4187, 3.2481, 245.7681, 3.5773, 39.7262, -52.7394, 0.568807, -0.796306, -0.205803, 0.004357, 0.790523, 0.598384, -0.130424, 0.002885, 0.227007, -0.088506, 0.969863, 0.186968, 0.000000, 0.000000, 0.000000, 1.000000, 0.190488, -0.104835, 0.976076, 0.255419, -0.572059, 0.796166, 0.197153, 0.003248, -0.797786, -0.595928, 0.091688, 0.245768, 0.000000, 0.000000, 0.000000, 1.000000, 0.999775, 0.013403, 0.016444, 0.003577, 0.016133, 0.022967, -0.999606, 0.039726, -0.013775, 0.999646, 0.022745, -0.052739, 0.000000, 0.000000, 0.000000, 1.000000
-7.5129, 4.2720, 2.6587, 186.6082, 255.0691, 3.3364, 246.0083, 3.4455, 40.0067, -52.7782, 0.569059, -0.794569, -0.211734, 0.004272, 0.790160, 0.599663, -0.126697, 0.002659, 0.227639, -0.095205, 0.969080, 0.186608, 0.000000, 0.000000, 0.000000, 1.000000, 0.191132, -0.111595, 0.975200, 0.255069, -0.572316, 0.794488, 0.203085, 0.003336, -0.797448, -0.596939, 0.087984, 0.246008, 0.000000, 0.000000, 0.000000, 1.000000, 0.999839, 0.013902, 0.011379, 0.003445, 0.010959, 0.029929, -0.999492, 0.040007, -0.014236, 0.999455, 0.029772, -0.052778, 0.000000, 0.000000, 0.000000, 1.000000
-7.2703, 4.1704, 2.5403, 186.7323, 255.1987, 3.4371, 246.1216, 3.4928, 39.8342, -52.7739, 0.569554, -0.795851, -0.205499, 0.004170, 0.791157, 0.598600, -0.125497, 0.002540, 0.222888, -0.091105, 0.970578, 0.186732, 0.000000, 0.000000, 0.000000, 1.000000, 0.186341, -0.107444, 0.976592, 0.255199, -0.572769, 0.795734, 0.196835, 0.003437, -0.798256, -0.596040, 0.086737, 0.246122, 0.000000, 0.000000, 0.000000, 1.000000, 0.999839, 0.013424, 0.011923, 0.003493, 0.011578, 0.025488, -0.999608, 0.039834, -0.013722, 0.999585, 0.025329, -0.052774, 0.000000, 0.000000, 0.000000, 1.000000
-7.1143, 4.0551, 2.4180, 186.7413, 255.2136, 3.5524, 246.2432, 3.4415, 39.7757, -52.7528, 0.570884, -0.795558, -0.202927, 0.004055, 0.791906, 0.598796, -0.119700, 0.002418, 0.216740, -0.092365, 0.971850, 0.186741, 0.000000, 0.000000, 0.000000, 1.000000, 0.180157, -0.108713, 0.977612, 0.255214, -0.574044, 0.795452, 0.194243, 0.003552, -0.798760, -0.596186, 0.080900, 0.246243, 0.000000, 0.000000, 0.000000, 1.000000, 0.999788, 0.013523, 0.015552, 0.003442, 0.015186, 0.026759, -0.999527, 0.039776, -0.013932, 0.999550, 0.026548, -0.052753, 0.000000, 0.000000, 0.000000, 1.000000
-6.9302, 3.9625, 2.2831, 186.7058, 255.1843, 3.6456, 246.3792, 3.4019, 39.7619, -52.7542, 0.571300, -0.795799, -0.200801, 0.003962, 0.791903, 0.598758, -0.119907, 0.002283, 0.215653, -0.090512, 0.972266, 0.186706, 0.000000, 0.000000, 0.000000, 1.000000, 0.179067, -0.106859, 0.978016, 0.255184, -0.574450, 0.795676, 0.192113, 0.003646, -0.798713, -0.596222, 0.081094, 0.246379, 0.000000, 0.000000, 0.000000, 1.000000, 0.999813, 0.013865, 0.013454, 0.003402, 0.013107, 0.024865, -0.999605, 0.039762, -0.014194, 0.999595, 0.024679, -0.052754, 0.000000, 0.000000, 0.000000, 1.000000
-6.6841, 3.8098, 2.0770, 186.7385, 255.2265, 3.7983, 246.5835, 3.3301, 39.6575, -52.7535, 0.571594, -0.796321, -0.197872, 0.003810, 0.792955, 0.598077, -0.116303, 0.002077, 0.210957, -0.090426, 0.973304, 0.186739, 0.000000, 0.000000, 0.000000, 1.000000, 0.174331, -0.106741, 0.978885, 0.255226, -0.574703, 0.796198, 0.189170, 0.003798, -0.799578, -0.595546, 0.077457, 0.246584, 0.000000, 0.000000, 0.000000, 1.000000, 0.999817, 0.013156, 0.013907, 0.003330, 0.013582, 0.024528, -0.999607, 0.039658, -0.013492, 0.999613, 0.024345, -0.052753, 0.000000, 0.000000, 0.000000, 1.000000
-6.4244, 3.7624, 2.0453, 186.7130, 255.2026, 3.8459, 246.6161, 3.4524, 39.6539, -52.7319, 0.571572, -0.796779, -0.196086, 0.003762, 0.792842, 0.597847, -0.118241, 0.002045, 0.211441, -0.087882, 0.973432, 0.186713, 0.000000, 0.000000, 0.000000, 1.000000, 0.174819, -0.104186, 0.979073, 0.255203, -0.574685, 0.796633, 0.187385, 0.003846, -0.799485, -0.595417, 0.079392, 0.246616, 0.000000, 0.000000, 0.000000, 1.000000, 0.999871, 0.013383, 0.008853, 0.003452, 0.008559, 0.021876, -0.999724, 0.039654, -0.013573, 0.999671, 0.021759, -0.052732, 0.000000, 0.000000, 0.000000, 1.000000
-6.3044, 3.6481, 1.7876, 186.5430, 255.0440, 3.9622, 246.8802, 3.2282, 39.7560, -52.7782, 0.573207, -0.795583, -0.196165, 0.003648, 0.793792, 0.598533, -0.107950, 0.001788, 0.203295, -0.093836, 0.974611, 0.186543, 0.000000, 0.000000, 0.000000, 1.000000, 0.166627, -0.110173, 0.979845, 0.255044, -0.576247, 0.795491, 0.187438, 0.003962, -0.800109, -0.595865, 0.069063, 0.246880, 0.000000, 0.000000, 0.000000, 1.000000, 0.999795, 0.013355, 0.015207, 0.003228, 0.014829, 0.027958, -0.999499, 0.039756, -0.013774, 0.999520, 0.027754, -0.052778, 0.000000, 0.000000, 0.000000, 1.000000
-6.0680, 3.4715, 1.6373, 186.6838, 255.1922, 4.1377, 247.0244, 3.2030, 39.5534, -52.7331, 0.574501, -0.796411, -0.188885, 0.003472, 0.793401, 0.598564, -0.110614, 0.001637, 0.201154, -0.086314, 0.975749, 0.186684, 0.000000, 0.000000, 0.000000, 1.000000, 0.164492, -0.102651, 0.981023, 0.255192, -0.577521, 0.796250, 0.180152, 0.004138, -0.799632, -0.596195, 0.071693, 0.247024, 0.000000, 0.000000, 0.000000, 1.000000, 0.999805, 0.014632, 0.013271, 0.003203, 0.012971, 0.020426, -0.999707, 0.039553, -0.014899, 0.999684, 0.020232, -0.052733, 0.000000, 0.000000, 0.000000, 1.000000
-5.8228, 3.3478, 1.4664, 186.4841, 255.0006, 4.2635, 247.2029, 3.1243, 39.6899, -52.7191, 0.574851, -0.796666, -0.186735, 0.003348, 0.794233, 0.598143, -0.106857, 0.001466, 0.196823, -0.086884, 0.976582, 0.186484, 0.000000, 0.000000, 0.000000, 1.000000, 0.160128, -0.103202, 0.981686, 0.255001, -0.577833, 0.796511, 0.177989, 0.004263, -0.800292, -0.595752, 0.067910, 0.247203, 0.000000, 0.000000, 0.000000, 1.000000, 0.999811, 0.014121, 0.013382, 0.003124, 0.013087, 0.020820, -0.999698, 0.039690, -0.014395, 0.999684, 0.020631, -0.052719, 0.000000, 0.000000, 0.000000, 1.000000
-5.5674, 3.3157, 1.4076, 186.5570, 255.0760, 4.2950, 247.2587, 3.2508, 39.5915, -52.7325, 0.575527, -0.796492, -0.185392, 0.003316, 0.794325, 0.598372, -0.104876, 0.001408, 0.194466, -0.086902, 0.977052, 0.186557, 0.000000, 0.000000, 0.000000, 1.000000, 0.157764, -0.103231, 0.982066, 0.255076, -0.578487, 0.796336, 0.176638, 0.004295, -0.800290, -0.595980, 0.065915, 0.247259, 0.000000, 0.000000, 0.000000, 1.000000, 0.999830, 0.014491, 0.011365, 0.003251, 0.011062, 0.020834, -0.999722, 0.039591, -0.014724, 0.999678, 0.020670, -0.052733, 0.000000, 0.000000, 0.000000, 1.000000
-5.4690, 3.1633, 1.1798, 186.4381, 254.9675, 4.4488, 247.4907, 3.0264, 39.6470, -52.7342, 0.575921, -0.795855, -0.186897, 0.003163, 0.794491, 0.598749, -0.101413, 0.001180, 0.192614, -0.090082, 0.977131, 0.186438, 0.000000, 0.000000, 0.000000, 1.000000, 0.155903, -0.106428, 0.982022, 0.254968, -0.578865, 0.795728, 0.178137, 0.004449, -0.800381, -0.596230, 0.062449, 0.247491, 0.000000, 0.000000, 0.000000, 1.000000, 0.999827, 0.014543, 0.011595, 0.003026, 0.011243, 0.024072, -0.999647, 0.039647, -0.014817, 0.999604, 0.023905, -0.052734, 0.000000, 0.000000, 0.000000, 1.000000
-5.2453, 3.1100, 1.0883, 186.4630, 254.9966, 4.5020, 247.5810, 3.0828, 39.5897, -52.7458, 0.576301, -0.795943, -0.185342, 0.003110, 0.795324, 0.598401, -0.096833, 0.001088, 0.187983, -0.091602, 0.977891, 0.186463, 0.000000, 0.000000, 0.000000, 1.000000, 0.151239, -0.107933, 0.982587, 0.254997, -0.579204, 0.795831, 0.176569, 0.004502, -0.801031, -0.595822, 0.057846, 0.247581, 0.000000, 0.000000, 0.000000, 1.000000, 0.999825, 0.014003, 0.012390, 0.003083, 0.012031, 0.025445, -0.999604, 0.039590, -0.014313, 0.999578, 0.025272, -0.052746, 0.000000, 0.000000, 0.000000, 1.000000
-5.1456, 2.9868, 0.9336, 186.5267, 255.0673, 4.6249, 247.7328, 2.9707, 39.4824, -52.7410, 0.577902, -0.795633, -0.181652, 0.002987, 0.795687, 0.598787, -0.091302, 0.000934, 0.181414, -0.091775, 0.979115, 0.186527, 0.000000, 0.000000, 0.000000, 1.000000, 0.144647, -0.108123, 0.983558, 0.255067, -0.580746, 0.795521, 0.172859, 0.004625, -0.801131, -0.596201, 0.052278, 0.247733, 0.000000, 0.000000, 0.000000, 1.000000, 0.999743, 0.014499, 0.017408, 0.002971, 0.017031, 0.025689, -0.999525, 0.039482, -0.014939, 0.999565, 0.025436, -0.052741, 0.000000, 0.000000, 0.000000, 1.000000
-4.9083, 2.9541, 0.8595, 186.2785, 254.8226, 4.6600, 247.8166, 3.0083, 39.6985, -52.7406, 0.577825, -0.795291, -0.183385, 0.002954, 0.795546, 0.599010, -0.091072, 0.000859, 0.182278, -0.093268, 0.978813, 0.186278, 0.000000, 0.000000, 0.000000, 1.000000, 0.145517, -0.109627, 0.983263, 0.254823, -0.580676, 0.795193, 0.174595, 0.004660, -0.801024, -0.596364, 0.052056, 0.247817, 0.000000, 0.000000, 0.000000, 1.000000, 0.999815, 0.014688, 0.012417, 0.003008, 0.012015, 0.027174, -0.999559, 0.039698, -0.015019, 0.999523, 0.026993, -0.052741, 0.000000, 0.000000, 0.000000, 1.000000
-4.8019, 2.7736, 0.7382, 186.4815, 255.0319, 4.8388, 247.9295, 2.9216, 39.4498, -52.6797, 0.578630, -0.796731, -0.174378, 0.002774, 0.795062, 0.598690, -0.097192, 0.000738, 0.181835, -0.082403, 0.979870, 0.186482, 0.000000, 0.000000, 0.000000, 1.000000, 0.145085, -0.098745, 0.984479, 0.255032, -0.581476, 0.796534, 0.165587, 0.004839, -0.800522, -0.596476, 0.058147, 0.247929, 0.000000, 0.000000, 0.000000, 1.000000, 0.999816, 0.015747, 0.010928, 0.002922, 0.010673, 0.016231, -0.999811, 0.039450, -0.015922, 0.999744, 0.016060, -0.052680, 0.000000, 0.000000, 0.000000, 1.000000
-4.5668, 2.7553, 0.6566, 186.3350, 254.8889, 4.8585, 248.0168, 2.9801, 39.5689, -52.7025, 0.578259, -0.795910, -0.179284, 0.002755, 0.795175, 0.598988, -0.094393, 0.000657, 0.182517, -0.087979, 0.979258, 0.186335, 0.000000, 0.000000, 0.000000, 1.000000, 0.145766, -0.104336, 0.983802, 0.254889, -0.581112, 0.795764, 0.170495, 0.004859, -0.800663, -0.596551, 0.055365, 0.248017, 0.000000, 0.000000, 0.000000, 1.000000, 0.999861, 0.015472, 0.006190, 0.002980, 0.005852, 0.021799, -0.999745, 0.039569, -0.015603, 0.999643, 0.021705, -0.052702, 0.000000, 0.000000, 0.000000, 1.000000
-4.4547, 2.6465, 0.4993, 186.4467, 255.0076, 4.9666, 248.1694, 2.8902, 39.4183, -52.7141, 0.579153, -0.796854, -0.172061, 0.002647, 0.796212, 0.598218, -0.090456, 0.000499, 0.175010, -0.084609, 0.980924, 0.186447, 0.000000, 0.000000, 0.000000, 1.000000, 0.138216, -0.100930, 0.985246, 0.255008, -0.581939, 0.796678, 0.163250, 0.004967, -0.801401, -0.595917, 0.051379, 0.248169, 0.000000, 0.000000, 0.000000, 1.000000, 0.999818, 0.014987, 0.011791, 0.002890, 0.011517, 0.018225, -0.999768, 0.039418, -0.015198, 0.999722, 0.018049, -0.052714, 0.000000, 0.000000, 0.000000, 1.000000
-4.2306, 2.4901, 0.2420, 186.2219, 254.7946, 5.1254, 248.4350, 2.7082, 39.5742, -52.7224, 0.579506, -0.796066, -0.174502, 0.002490, 0.796052, 0.598792, -0.088031, 0.000242, 0.174569, -0.087899, 0.980714, 0.186222, 0.000000, 0.000000, 0.000000, 1.000000, 0.137779, -0.104246, 0.984962, 0.254795, -0.582287, 0.795920, 0.165690, 0.005125, -0.801223, -0.596359, 0.048959, 0.248435, 0.000000, 0.000000, 0.000000, 1.000000, 0.999847, 0.015369, 0.008411, 0.002708, 0.008079, 0.021583, -0.999734, 0.039574, -0.015546, 0.999649, 0.021455, -0.052722, 0.000000, 0.000000, 0.000000, 1.000000
-4.0096, 2.3175, 0.0844, 186.4739, 255.0542, 5.2960, 248.5822, 2.6810, 39.2721, -52.6924, 0.581879, -0.796861, -0.162570, 0.002317, 0.797336, 0.598343, -0.078998, 0.000084, 0.160223, -0.083656, 0.983530, 0.186474, 0.000000, 0.000000, 0.000000, 1.000000, 0.123372, -0.099982, 0.987311, 0.255054, -0.584532, 0.796676, 0.153719, 0.005296, -0.801936, -0.596079, 0.039845, 0.248582, 0.000000, 0.000000, 0.000000, 1.000000, 0.999699, 0.015394, 0.019082, 0.002681, 0.018817, 0.017185, -0.999675, 0.039272, -0.015717, 0.999734, 0.016890, -0.052692, 0.000000, 0.000000, 0.000000, 1.000000
-3.7595, 2.2979, -0.0186, 186.3139, 254.8985, 5.3171, 248.6914, 2.7306, 39.4038, -52.7257, 0.581859, -0.795954, -0.167027, 0.002298, 0.797588, 0.598622, -0.074192, -0.000019, 0.159039, -0.090049, 0.983157, 0.186314, 0.000000, 0.000000, 0.000000, 1.000000, 0.122180, -0.106390, 0.986789, 0.254899, -0.584501, 0.795827, 0.158171, 0.005317, -0.802141, -0.596105, 0.035049, 0.248691, 0.000000, 0.000000, 0.000000, 1.000000, 0.999758, 0.015100, 0.015998, 0.002731, 0.015639, 0.023569, -0.999600, 0.039404, -0.015471, 0.999608, 0.023327, -0.052726, 0.000000, 0.000000, 0.000000, 1.000000
-3.6831, 2.1440, -0.2114, 186.2164, 254.8102, 5.4723, 248.8876, 2.5238, 39.4525, -52.7071, 0.581908, -0.795965, -0.166799, 0.002144, 0.797522, 0.598667, -0.074544, -0.000211, 0.159191, -0.089648, 0.983169, 0.186216, 0.000000, 0.000000, 0.000000, 1.000000, 0.122334, -0.105990, 0.986813, 0.254810, -0.584552, 0.795835, 0.157944, 0.005472, -0.802081, -0.596165, 0.035400, 0.248888, 0.000000, 0.000000, 0.000000, 1.000000, 0.999779, 0.015230, 0.014512, 0.002524, 0.014157, 0.023157, -0.999632, 0.039452, -0.015560, 0.999616, 0.022936, -0.052707, 0.000000, 0.000000, 0.000000, 1.000000
-3.4374, 2.0494, -0.3875, 186.1422, 254.7438, 5.5677, 249.0664, 2.4849, 39.4828, -52.7284, 0.581935, -0.795836, -0.167325, 0.002049, 0.797941, 0.598489, -0.071414, -0.000388, 0.156976, -0.091957, 0.983312, 0.186142, 0.000000, 0.000000, 0.000000, 1.000000, 0.120103, -0.108292, 0.986837, 0.254744, -0.584559, 0.795726, 0.158464, 0.005568, -0.802413, -0.595897, 0.032266, 0.249066, 0.000000, 0.000000, 0.000000, 1.000000, 0.999812, 0.014872, 0.012473, 0.002485, 0.012093, 0.025365, -0.999605, 0.039483, -0.015183, 0.999568, 0.025180, -0.052728, 0.000000, 0.000000, 0.000000, 1.000000
-3.1821, 1.9988, -0.4608, 186.1529, 254.7578, 5.6184, 249.1390, 2.5745, 39.4463, -52.7310, 0.582757, -0.795992, -0.163680, 0.001999, 0.798293, 0.598421, -0.067981, -0.000461, 0.152062, -0.091048, 0.984168, 0.186153, 0.000000, 0.000000, 0.000000, 1.000000, 0.115172, -0.107379, 0.987525, 0.254758, -0.585337, 0.795874, 0.154806, 0.005618, -0.802569, -0.595864, 0.028809, 0.249139, 0.000000, 0.000000, 0.000000, 1.000000, 0.999803, 0.014989, 0.013002, 0.002575, 0.012634, 0.024374, -0.999623, 0.039446, -0.015300, 0.999591, 0.024180, -0.052731, 0.000000, 0.000000, 0.000000, 1.000000
-3.0907, 1.8623, -0.5925, 186.1393, 254.7507, 5.7552, 249.2710, 2.4513, 39.4230, -52.6966, 0.583039, -0.795985, -0.162710, 0.001862, 0.797414, 0.599004, -0.072980, -0.000593, 0.155555, -0.087197, 0.983971, 0.186139, 0.000000, 0.000000, 0.000000, 1.000000, 0.118695, -0.103555, 0.987516, 0.254751, -0.585649, 0.795831, 0.153846, 0.005755, -0.801827, -0.596598, 0.033814, 0.249271, 0.000000, 0.000000, 0.000000, 1.000000, 0.999839, 0.016126, 0.007896, 0.002451, 0.007562, 0.020614, -0.999759, 0.039423, -0.016285, 0.999657, 0.020489, -0.052697, 0.000000, 0.000000, 0.000000, 1.000000
-2.8406, 1.6965, -0.8419, 186.2382, 254.8608, 5.9205, 249.5159, 2.3434, 39.2680, -52.7152, 0.584982, -0.796169, -0.154633, 0.001697, 0.798829, 0.598569, -0.059892, -0.000842, 0.140243, -0.088489, 0.986155, 0.186238, 0.000000, 0.000000, 0.000000, 1.000000, 0.103322, -0.104827, 0.989109, 0.254861, -0.587455, 0.796027, 0.145729, 0.005920, -0.802634, -0.596114, 0.020666, 0.249516, 0.000000, 0.000000, 0.000000, 1.000000, 0.999698, 0.015557, 0.019035, 0.002343, 0.018695, 0.021750, -0.999589, 0.039268, -0.015964, 0.999642, 0.021453, -0.052715, 0.000000, 0.000000, 0.000000, 1.000000
-2.5849, 1.6163, -1.0015, 185.8548, 254.4847, 6.0044, 249.6903, 2.2854, 39.6100, -52.7170, 0.583793, -0.795405, -0.162837, 0.001616, 0.798097, 0.599034, -0.064799, -0.001001, 0.149087, -0.092130, 0.984523, 0.185855, 0.000000, 0.000000, 0.000000, 1.000000, 0.112198, -0.108490, 0.987746, 0.254485, -0.586345, 0.795297, 0.153955, 0.006004, -0.802254, -0.596434, 0.025618, 0.249690, 0.000000, 0.000000, 0.000000, 1.000000, 0.999857, 0.015906, 0.005685, 0.002285, 0.005280, 0.025420, -0.999663, 0.039610, -0.016046, 0.999550, 0.025333, -0.052717, 0.000000, 0.000000, 0.000000, 1.000000
-2.3401, 1.5458, -1.0275, 185.9779, 254.6095, 6.0739, 249.7113, 2.4117, 39.4662, -52.6837, 0.584004, -0.796048, -0.158894, 0.001546, 0.798001, 0.598881, -0.067354, -0.001027, 0.148775, -0.087462, 0.984996, 0.185978, 0.000000, 0.000000, 0.000000, 1.000000, 0.111888, -0.103814, 0.988283, 0.254609, -0.586553, 0.795897, 0.150011, 0.006074, -0.802145, -0.596465, 0.028159, 0.249711, 0.000000, 0.000000, 0.000000, 1.000000, 0.999867, 0.016219, 0.001673, 0.002412, 0.001338, 0.020643, -0.999786, 0.039466, -0.016250, 0.999655, 0.020619, -0.052684, 0.000000, 0.000000, 0.000000, 1.000000
-2.2623, 1.4013, -1.2625, 186.0885, 254.7306, 6.2176, 249.9415, 2.2093, 39.3145, -52.7119, 0.585549, -0.795875, -0.154000, 0.001401, 0.799400, 0.598438, -0.053208, -0.001262, 0.134507, -0.091951, 0.986637, 0.186089, 0.000000, 0.000000, 0.000000, 1.000000, 0.097562, -0.108283, 0.989321, 0.254731, -0.587970, 0.795765, 0.145081, 0.006218, -0.802977, -0.595846, 0.013969, 0.249942, 0.000000, 0.000000, 0.000000, 1.000000, 0.999773, 0.015326, 0.014776, 0.002209, 0.014389, 0.025039, -0.999583, 0.039314, -0.015690, 0.999569, 0.024813, -0.052712, 0.000000, 0.000000, 0.000000, 1.000000
-1.9956, 1.2577, -1.4663, 186.0200, 254.6714, 6.3623, 250.1476, 2.1357, 39.3359, -52.7100, 0.586534, -0.795471, -0.152328, 0.001258, 0.799487, 0.598740, -0.048277, -0.001466, 0.129608, -0.093469, 0.987150, 0.186020, 0.000000, 0.000000, 0.000000, 1.000000, 0.092655, -0.109815, 0.989624, 0.254671, -0.588910, 0.795375, 0.143398, 0.006362, -0.802870, -0.596086, 0.009024, 0.250148, 0.000000, 0.000000, 0.000000, 1.000000, 0.999762, 0.015700, 0.015135, 0.002136, 0.014715, 0.026545, -0.999539, 0.039336, -0.016095, 0.999524, 0.026308, -0.052710, 0.000000, 0.000000, 0.000000, 1.000000
-1.7604, 1.1561, -1.4942, 186.1071, 254.7605, 6.4631, 250.1718, 2.2286, 39.2248, -52.6503, 0.587201, -0.796615, -0.143527, 0.001156, 0.798872, 0.598911, -0.055760, -0.001494, 0.130379, -0.081918, 0.988074, 0.186107, 0.000000, 0.000000, 0.000000, 1.000000, 0.093444, -0.098270, 0.990763, 0.254760, -0.589583, 0.796413, 0.134600, 0.006463, -0.802284, -0.596715, 0.016481, 0.250172, 0.000000, 0.000000, 0.000000, 1.000000, 0.999806, 0.016898, 0.010150, 0.002229, 0.009898, 0.014925, -0.999840, 0.039225, -0.017047, 0.999746, 0.014755, -0.052650, 0.000000, 0.000000, 0.000000, 1.000000
-1.6668, 1.0941, -1.7003, 185.9260, 254.5882, 6.5270, 250.3849, 2.0657, 39.3769, -52.7080, 0.587050, -0.795954, -0.147749, 0.001094, 0.799318, 0.598820, -0.050044, -0.001700, 0.128308, -0.088720, 0.987758, 0.185926, 0.000000, 0.000000, 0.000000, 1.000000, 0.091358, -0.105069, 0.990260, 0.254588, -0.589414, 0.795815, 0.138815, 0.006527, -0.802648, -0.596355, 0.010775, 0.250385, 0.000000, 0.000000, 0.000000, 1.000000, 0.999810, 0.016293, 0.010677, 0.002066, 0.010322, 0.021702, -0.999711, 0.039377, -0.016520, 0.999632, 0.021530, -0.052708, 0.000000, 0.000000, 0.000000, 1.000000
-1.4164, 1.0200, -1.7493, 185.9171, 254.5819, 6.6012, 250.4340, 2.1545, 39.3630, -52.6761, 0.587411, -0.796166, -0.145147, 0.001020, 0.799221, 0.598899, -0.050653, -0.001749, 0.127257, -0.086251, 0.988113, 0.185917, 0.000000, 0.000000, 0.000000, 1.000000, 0.090309, -0.102603, 0.990614, 0.254582, -0.589766, 0.796004, 0.136212, 0.006601, -0.802509, -0.596532, 0.011374, 0.250434, 0.000000, 0.000000, 0.000000, 1.000000, 0.999834, 0.016659, 0.007351, 0.002155, 0.007032, 0.019167, -0.999792, 0.039363, -0.016796, 0.999677, 0.019046, -0.052676, 0.000000, 0.000000, 0.000000, 1.000000
-1.3254, 0.8589, -1.9107, 186.0063, 254.6788, 6.7618, 250.5914, 2.0059, 39.2392, -52.6464, 0.587797, -0.796488, -0.141777, 0.000859, 0.798886, 0.599096, -0.053531, -0.001911, 0.127574, -0.081798, 0.988450, 0.186006, 0.000000, 0.000000, 0.000000, 1.000000, 0.090636, -0.098159, 0.991035, 0.254679, -0.590155, 0.796285, 0.132843, 0.006762, -0.802186, -0.596904, 0.014243, 0.250591, 0.000000, 0.000000, 0.000000, 1.000000, 0.999837, 0.017249, 0.005413, 0.002006, 0.005160, 0.014708, -0.999879, 0.039239, -0.017326, 0.999743, 0.014616, -0.052646, 0.000000, 0.000000, 0.000000, 1.000000
-1.0551, 0.8241, -1.9951, 185.9200, 254.5963, 6.7975, 250.6791, 2.0918, 39.3048, -52.6615, 0.588057, -0.796392, -0.141244, 0.000824, 0.799328, 0.598901, -0.048919, -0.001995, 0.123549, -0.084133, 0.988766, 0.185920, 0.000000, 0.000000, 0.000000, 1.000000, 0.086594, -0.100485, 0.991163, 0.254596, -0.590378, 0.796210, 0.132300, 0.006797, -0.802468, -0.596617, 0.009623, 0.250679, 0.000000, 0.000000, 0.000000, 1.000000, 0.999845, 0.016919, 0.004774, 0.002092, 0.004488, 0.016936, -0.999847, 0.039305, -0.016998, 0.999713, 0.016858, -0.052662, 0.000000, 0.000000, 0.000000, 1.000000
-0.9501, 0.6854, -2.1923, 185.9614, 254.6467, 6.9362, 250.8742, 1.9298, 39.2299, -52.6674, 0.589372, -0.796162, -0.136993, 0.000685, 0.799970, 0.598807, -0.038455, -0.002192, 0.112648, -0.086926, 0.989825, 0.185961, 0.000000, 0.000000, 0.000000, 1.000000, 0.075665, -0.103274, 0.991771, 0.254647, -0.591594, 0.796006, 0.128023, 0.006936, -0.802677, -0.596413, -0.000867, 0.250874, 0.000000, 0.000000, 0.000000, 1.000000, 0.999763, 0.016657, 0.013982, 0.001930, 0.013653, 0.019694, -0.999713, 0.039230, -0.016928, 0.999667, 0.019461, -0.052667, 0.000000, 0.000000, 0.000000, 1.000000
-0.7532, 0.6021, -2.2449, 185.9511, 254.6392, 7.0196, 250.9271, 1.9729, 39.2196, -52.6302, 0.589533, -0.796660, -0.133355, 0.000602, 0.799741, 0.598865, -0.042128, -0.002245, 0.113423, -0.081814, 0.990173, 0.185951, 0.000000, 0.000000, 0.000000, 1.000000, 0.076446, -0.098164, 0.992230, 0.254639, -0.591763, 0.796457, 0.124388, 0.007020, -0.802479, -0.596674, 0.002797, 0.250927, 0.000000, 0.000000, 0.000000, 1.000000, 0.999807, 0.017108, 0.009705, 0.001973, 0.009458, 0.014514, -0.999850, 0.039220, -0.017246, 0.999748, 0.014350, -0.052630, 0.000000, 0.000000, 0.000000, 1.000000
-0.6623, 0.5090, -2.4284, 185.8725, 254.5688, 7.1137, 251.1133, 1.8236, 39.2720, -52.6566, 0.589265, -0.795945, -0.138705, 0.000509, 0.800089, 0.598750, -0.036819, -0.002428, 0.112355, -0.089280, 0.989649, 0.185873, 0.000000, 0.000000, 0.000000, 1.000000, 0.075368, -0.105626, 0.991546, 0.254569, -0.591485, 0.795810, 0.129734, 0.007114, -0.802786, -0.596262, -0.002497, 0.251113, 0.000000, 0.000000, 0.000000, 1.000000, 0.999820, 0.016552, 0.009278, 0.001824, 0.008914, 0.021965, -0.999719, 0.039272, -0.016751, 0.999622, 0.021814, -0.052657, 0.000000, 0.000000, 0.000000, 1.000000
-0.4078, 0.3476, -2.5838, 185.8795, 254.5834, 7.2753, 251.2680, 1.7802, 39.2283, -52.6174, 0.589904, -0.796835, -0.130640, 0.000348, 0.799847, 0.598818, -0.040766, -0.002584, 0.110714, -0.080444, 0.990591, 0.185880, 0.000000, 0.000000, 0.000000, 1.000000, 0.073732, -0.096792, 0.992570, 0.254583, -0.592109, 0.796620, 0.121668, 0.007275, -0.802478, -0.596681, 0.001425, 0.251268, 0.000000, 0.000000, 0.000000, 1.000000, 0.999831, 0.017214, 0.006390, 0.001780, 0.006166, 0.013030, -0.999896, 0.039228, -0.017296, 0.999767, 0.012922, -0.052617, 0.000000, 0.000000, 0.000000, 1.000000
-0.1226, 0.2122, -2.7549, 185.8752, 254.5870, 7.4109, 251.4389, 1.7584, 39.1983, -52.6076, 0.590665, -0.796502, -0.129224, 0.000212, 0.799403, 0.599416, -0.040679, -0.002755, 0.109860, -0.079274, 0.990781, 0.185875, 0.000000, 0.000000, 0.000000, 1.000000, 0.072889, -0.095649, 0.992743, 0.254587, -0.592862, 0.796276, 0.120249, 0.007411, -0.801999, -0.597324, 0.001333, 0.251439, 0.000000, 0.000000, 0.000000, 1.000000, 0.999834, 0.018085, 0.002320, 0.001758, 0.002106, 0.011854, -0.999928, 0.039198, -0.018111, 0.999766, 0.011814, -0.052608, 0.000000, 0.000000, 0.000000, 1.000000
0.1002, 0.0889, -2.9683, 185.8620, 254.5834, 7.5347, 251.6524, 1.6654, 39.1797, -52.6317, 0.590804, -0.796863, -0.126332, 0.000089, 0.800209, 0.598735, -0.034379, -0.002968, 0.103035, -0.080781, 0.991392, 0.185862, 0.000000, 0.000000, 0.000000, 1.000000, 0.066037, -0.097125, 0.993079, 0.254583, -0.592939, 0.796652, 0.117343, 0.007535, -0.802535, -0.596585, -0.004981, 0.251652, 0.000000, 0.000000, 0.000000, 1.000000, 0.999838, 0.017210, 0.005268, 0.001665, 0.005041, 0.013203, -0.999900, 0.039180, -0.017277, 0.999765, 0.013114, -0.052632, 0.000000, 0.000000, 0.000000, 1.000000
0.3406, -0.0640, -3.1359, 185.8596, 254.5890, 7.6878, 251.8197, 1.6055, 39.1498, -52.6058, 0.591670, -0.796401, -0.125188, -0.000064, 0.799814, 0.599354, -0.032753, -0.003136, 0.101117, -0.080748, 0.991592, 0.185860, 0.000000, 0.000000, 0.000000, 1.000000, 0.064128, -0.097121, 0.993204, 0.254589, -0.593787, 0.796188, 0.116195, 0.007688, -0.802063, -0.597203, -0.006611, 0.251820, 0.000000, 0.000000, 0.000000, 1.000000, 0.999833, 0.018036, 0.003071, 0.001606, 0.002833, 0.013179, -0.999909, 0.039150, -0.018075, 0.999750, 0.013126, -0.052606, 0.000000, 0.000000, 0.000000, 1.000000
0.5928, -0.0949, -3.2594, 185.8655, 254.6000, 7.7189, 251.9429, 1.6605, 39.1298, -52.6534, 0.592291, -0.795860, -0.125693, -0.000095, 0.800434, 0.599045, -0.021212, -0.003259, 0.092177, -0.088045, 0.991842, 0.185866, 0.000000, 0.000000, 0.000000, 1.000000, 0.055166, -0.104405, 0.993004, 0.254600, -0.594327, 0.795714, 0.116679, 0.007719, -0.802329, -0.596606, -0.018154, 0.251943, 0.000000, 0.000000, 0.000000, 1.000000, 0.999818, 0.017439, 0.007757, 0.001660, 0.007401, 0.020389, -0.999765, 0.039130, -0.017593, 0.999640, 0.020256, -0.052653, 0.000000, 0.000000, 0.000000, 1.000000
0.6873, -0.2773, -3.4138, 185.8527, 254.5950, 7.9016, 252.0973, 1.4933, 39.1133, -52.5952, 0.592671, -0.797055, -0.115952, -0.000277, 0.800621, 0.598717, -0.023334, -0.003414, 0.088020, -0.079004, 0.992981, 0.185853, 0.000000, 0.000000, 0.000000, 1.000000, 0.051002, -0.095347, 0.994137, 0.254595, -0.594670, 0.796827, 0.106931, 0.007902, -0.802350, -0.596637, -0.016061, 0.252097, 0.000000, 0.000000, 0.000000, 1.000000, 0.999798, 0.017391, 0.010124, 0.001493, 0.009930, 0.011236, -0.999888, 0.039113, -0.017503, 0.999786, 0.011061, -0.052595, 0.000000, 0.000000, 0.000000, 1.000000
0.9207, -0.3555, -3.6193, 185.7356, 254.4868, 7.9812, 252.3071, 1.4299, 39.2074, -52.6440, 0.592665, -0.796288, -0.121137, -0.000355, 0.800410, 0.599055, -0.021842, -0.003619, 0.089960, -0.084015, 0.992395, 0.185736, 0.000000, 0.000000, 0.000000, 1.000000, 0.052948, -0.100374, 0.993540, 0.254487, -0.594681, 0.796105, 0.112120, 0.007981, -0.802216, -0.596776, -0.017538, 0.252307, 0.000000, 0.000000, 0.000000, 1.000000, 0.999835, 0.017690, 0.004210, 0.001430, 0.003923, 0.016238, -0.999860, 0.039207, -0.017756, 0.999712, 0.016166, -0.052644, 0.000000, 0.000000, 0.000000, 1.000000
1.1654, -0.5484, -3.8024, 185.8600, 254.6201, 8.1733, 252.4848, 1.3483, 39.0507, -52.6036, 0.593567, -0.796890, -0.112443, -0.000548, 0.800726, 0.598795, -0.016797, -0.003802, 0.080715, -0.080066, 0.993516, 0.185860, 0.000000, 0.000000, 0.000000, 1.000000, 0.043690, -0.096413, 0.994382, 0.254620, -0.595500, 0.796672, 0.103408, 0.008173, -0.802166, -0.596673, -0.022607, 0.252485, 0.000000, 0.000000, 0.000000, 1.000000, 0.999804, 0.017548, 0.009158, 0.001348, 0.008945, 0.012166, -0.999886, 0.039051, -0.017657, 0.999772, 0.012007, -0.052604, 0.000000, 0.000000, 0.000000, 1.000000
1.4001, -0.5950, -3.8429, 185.9397, 254.7017, 8.2191, 252.5220, 1.4550, 38.9596, -52.5952, 0.593978, -0.796841, -0.110609, -0.000595, 0.800663, 0.598925, -0.015114, -0.003843, 0.078290, -0.079583, 0.993749, 0.185940, 0.000000, 0.000000, 0.000000, 1.000000, 0.041266, -0.095936, 0.994532, 0.254702, -0.595888, 0.796618, 0.101569, 0.008219, -0.802006, -0.596821, -0.024294, 0.252522, 0.000000, 0.000000, 0.000000, 1.000000, 0.999814, 0.017772, 0.007512, 0.001455, 0.007306, 0.011623, -0.999906, 0.038960, -0.017858, 0.999774, 0.011491, -0.052595, 0.000000, 0.000000, 0.000000, 1.000000
1.4757, -0.7561, -4.0408, 185.8768, 254.6481, 8.3811, 252.7220, 1.2474, 38.9980, -52.5762, 0.594256, -0.797489, -0.104268, -0.000756, 0.800406, 0.599108, -0.020491, -0.004041, 0.078809, -0.071280, 0.994338, 0.185877, 0.000000, 0.000000, 0.000000, 1.000000, 0.041792, -0.087641, 0.995275, 0.254648, -0.596170, 0.797190, 0.095231, 0.008381, -0.801769, -0.597333, -0.018933, 0.252722, 0.000000, 0.000000, 0.000000, 1.000000, 0.999818, 0.018251, 0.005553, 0.001247, 0.005494, 0.003282, -0.999980, 0.038998, -0.018269, 0.999828, 0.003181, -0.052576, 0.000000, 0.000000, 0.000000, 1.000000
1.7763, -0.8504, -4.1353, 185.8610, 254.6369, 8.4758, 252.8168, 1.3194, 38.9949, -52.5540, 0.594583, -0.797540, -0.101982, -0.000850, 0.800489, 0.599078, -0.017966, -0.004135, 0.075423, -0.070953, 0.994624, 0.185861, 0.000000, 0.000000, 0.000000, 1.000000, 0.038403, -0.087313, 0.995440, 0.254637, -0.596467, 0.797239, 0.092939, 0.008476, -0.801718, -0.597317, -0.021463, 0.252817, 0.000000, 0.000000, 0.000000, 1.000000, 0.999827, 0.018239, 0.003702, 0.001319, 0.003651, 0.002855, -0.999989, 0.038995, -0.018249, 0.999830, 0.002788, -0.052554, 0.000000, 0.000000, 0.000000, 1.000000
1.9213, -0.9337, -4.2011, 185.9540, 254.7332, 8.5583, 252.8788, 1.3234, 38.8892, -52.5316, 0.595672, -0.797649, -0.094502, -0.000934, 0.800361, 0.599355, -0.013988, -0.004201, 0.067797, -0.067303, 0.995426, 0.185954, 0.000000, 0.000000, 0.000000, 1.000000, 0.030778, -0.083676, 0.996018, 0.254733, -0.597487, 0.797313, 0.085446, 0.008558, -0.801288, -0.597737, -0.025455, 0.252879, 0.000000, 0.000000, 0.000000, 1.000000, 0.999787, 0.018682, 0.008796, 0.001323, 0.008813, -0.000827, -0.999961, 0.038889, -0.018674, 0.999825, -0.000991, -0.052532, 0.000000, 0.000000, 0.000000, 1.000000
2.1120, -0.9754, -4.3365, 185.8464, 254.6314, 8.6012, 253.0182, 1.3111, 38.9851, -52.5696, 0.594993, -0.797433, -0.100415, -0.000975, 0.800436, 0.599212, -0.015716, -0.004337, 0.072702, -0.071025, 0.994822, 0.185846, 0.000000, 0.000000, 0.000000, 1.000000, 0.035682, -0.087391, 0.995535, 0.254631, -0.596852, 0.797132, 0.091367, 0.008601, -0.801557, -0.597447, -0.023716, 0.253018, 0.000000, 0.000000, 0.000000, 1.000000, 0.999830, 0.018421, 0.000591, 0.001311, 0.000539, 0.002833, -0.999996, 0.038985, -0.018423, 0.999826, 0.002822, -0.052570, 0.000000, 0.000000, 0.000000, 1.000000
2.2030, -1.1831, -4.5159, 185.9981, 254.7919, 8.8077, 253.1911, 1.1176, 38.8088, -52.5170, 0.596115, -0.797974, -0.088795, -0.001183, 0.800919, 0.598759, -0.003997, -0.004516, 0.056357, -0.068735, 0.996042, 0.185998, 0.000000, 0.000000, 0.000000, 1.000000, 0.019321, -0.085080, 0.996187, 0.254792, -0.597825, 0.797653, 0.079719, 0.008808, -0.801393, -0.597086, -0.035452, 0.253191, 0.000000, 0.000000, 0.000000, 1.000000, 0.999722, 0.017905, 0.015340, 0.001118, 0.015334, 0.000465, -0.999882, 0.038809, -0.017910, 0.999840, 0.000190, -0.052517, 0.000000, 0.000000, 0.000000, 1.000000
2.4047, -1.2539, -4.7539, 185.7717, 254.5757, 8.8810, 253.4377, 1.0049, 39.0200, -52.5830, 0.596367, -0.796775, -0.097445, -0.001254, 0.800705, 0.599056, 0.002070, -0.004754, 0.056726, -0.079259, 0.995239, 0.185772, 0.000000, 0.000000, 0.000000, 1.000000, 0.019696, -0.095618, 0.995223, 0.254576, -0.598081, 0.796549, 0.088366, 0.008881, -0.801194, -0.596965, -0.041498, 0.253438, 0.000000, 0.000000, 0.000000, 1.000000, 0.999767, 0.018140, 0.011666, 0.001005, 0.011468, 0.010995, -0.999874, 0.039020, -0.018265, 0.999775, 0.010784, -0.052583, 0.000000, 0.000000, 0.000000, 1.000000
2.6530, -1.4584, -4.8975, 185.9812, 254.7926, 9.0838, 253.5725, 0.9517, 38.7862, -52.5161, 0.596901, -0.797770, -0.085276, -0.001458, 0.800568, 0.599237, -0.002273, -0.004897, 0.052914, -0.066912, 0.996355, 0.185981, 0.000000, 0.000000, 0.000000, 1.000000, 0.015888, -0.083279, 0.996400, 0.254793, -0.598580, 0.797431, 0.076194, 0.009084, -0.800906, -0.597635, -0.037180, 0.253573, 0.000000, 0.000000, 0.000000, 1.000000, 0.999768, 0.018529, 0.010950, 0.000952, 0.010979, -0.001467, -0.999939, 0.038786, -0.018512, 0.999827, -0.001670, -0.052516, 0.000000, 0.000000, 0.000000, 1.000000
2.9035, -1.4084, -5.0134, 185.7585, 254.5741, 9.0360, 253.6973, 1.0433, 39.0072, -52.6088, 0.596418, -0.796636, -0.098265, -0.001408, 0.800683, 0.599081, 0.002981, -0.005013, 0.056494, -0.080457, 0.995156, 0.185758, 0.000000, 0.000000, 0.000000, 1.000000, 0.019464, -0.096817, 0.995112, 0.254574, -0.598130, 0.796421, 0.089185, 0.009036, -0.801163, -0.596942, -0.042407, 0.253697, 0.000000, 0.000000, 0.000000, 1.000000, 0.999828, 0.018266, 0.003220, 0.001043, 0.003000, 0.012042, -0.999923, 0.039007, -0.018303, 0.999761, 0.011985, -0.052609, 0.000000, 0.000000, 0.000000, 1.000000
2.9993, -1.7709, -5.0931, 186.1184, 254.9402, 9.3953, 253.7620, 0.8533, 38.6141, -52.3874, 0.597520, -0.799803, -0.057317, -0.001771, 0.800721, 0.598948, -0.010353, -0.005093, 0.042610, -0.039709, 0.998302, 0.186118, 0.000000, 0.000000, 0.000000, 1.000000, 0.005581, -0.056068, 0.998411, 0.254940, -0.599105, 0.799216, 0.048231, 0.009395, -0.800651, -0.598423, -0.029130, 0.253762, 0.000000, 0.000000, 0.000000, 1.000000, 0.999718, 0.018641, 0.014720, 0.000853, 0.015255, -0.028856, -0.999467, 0.038614, -0.018206, 0.999410, -0.029133, -0.052387, 0.000000, 0.000000, 0.000000, 1.000000
3.2480, -1.7499, -5.3976, 185.8290, 254.6628, 9.3775, 254.0777, 0.7710, 38.8996, -52.5621, 0.597911, -0.797355, -0.082024, -0.001750, 0.800590, 0.599090, 0.012125, -0.005398, 0.039472, -0.072917, 0.996557, 0.185829, 0.000000, 0.000000, 0.000000, 1.000000, 0.002446, -0.089277, 0.996004, 0.254663, -0.599467, 0.797071, 0.072918, 0.009377, -0.800395, -0.597250, -0.051569, 0.254078, 0.000000, 0.000000, 0.000000, 1.000000, 0.999732, 0.018321, 0.014153, 0.000771, 0.014075, 0.004359, -0.999891, 0.038900, -0.018381, 0.999823, 0.004100, -0.052562, 0.000000, 0.000000, 0.000000, 1.000000
3.4866, -1.8438, -5.5484, 185.7916, 254.6323, 9.4719, 254.2297, 0.7541, 38.9256, -52.5717, 0.598247, -0.796678, -0.086056, -0.001844, 0.800503, 0.599011, 0.019523, -0.005548, 0.035995, -0.080567, 0.996099, 0.185792, 0.000000, 0.000000, 0.000000, 1.000000, -0.001027, -0.096924, 0.995291, 0.254632, -0.599771, 0.796464, 0.076943, 0.009472, -0.800171, -0.596868, -0.058951, 0.254230, 0.000000, 0.000000, 0.000000, 1.000000, 0.999740, 0.018301, 0.013622, 0.000754, 0.013405, 0.011963, -0.999839, 0.038926, -0.018461, 0.999761, 0.011714, -0.052572, 0.000000, 0.000000, 0.000000, 1.000000
3.6791, -1.9860, -5.6693, 185.9449, 254.7915, 9.6129, 254.3442, 0.7107, 38.7589, -52.5381, 0.598661, -0.797517, -0.074641, -0.001986, 0.800604, 0.598699, 0.024349, -0.005669, 0.025269, -0.074335, 0.996913, 0.185945, 0.000000, 0.000000, 0.000000, 1.000000, -0.011752, -0.090677, 0.995811, 0.254792, -0.600088, 0.797247, 0.065514, 0.009613, -0.799848, -0.596804, -0.063784, 0.254344, 0.000000, 0.000000, 0.000000, 1.000000, 0.999622, 0.017878, 0.020867, 0.000711, 0.020769, 0.005622, -0.999768, 0.038759, -0.017991, 0.999824, 0.005249, -0.052538, 0.000000, 0.000000, 0.000000, 1.000000
3.8452, -2.0696, -5.7648, 185.8041, 254.6554, 9.6979, 254.4450, 0.6911, 38.8908, -52.5165, 0.598593, -0.797803, -0.072089, -0.002070, 0.800510, 0.599074, 0.017146, -0.005765, 0.029507, -0.067972, 0.997251, 0.185804, 0.000000, 0.000000, 0.000000, 1.000000, -0.007513, -0.084331, 0.996409, 0.254655, -0.600058, 0.797474, 0.062970, 0.009698, -0.799921, -0.597430, -0.056595, 0.254445, 0.000000, 0.000000, 0.000000, 1.000000, 0.999740, 0.018298, 0.013624, 0.000691, 0.013641, -0.000798, -0.999907, 0.038891, -0.018286, 0.999832, -0.001047, -0.052516, 0.000000, 0.000000, 0.000000, 1.000000
4.0179, -2.2052, -5.8920, 185.9763, 254.8337, 9.8321, 254.5650, 0.6327, 38.7073, -52.4931, 0.598827, -0.798478, -0.061968, -0.002205, 0.800718, 0.598462, 0.026341, -0.005892, 0.016053, -0.065393, 0.997730, 0.185976, 0.000000, 0.000000, 0.000000, 1.000000, -0.020967, -0.081724, 0.996434, 0.254834, -0.600170, 0.798126, 0.052831, 0.009832, -0.799598, -0.596922, -0.065783, 0.254565, 0.000000, 0.000000, 0.000000, 1.000000, 0.999559, 0.017506, 0.023992, 0.000633, 0.024056, -0.003471, -0.999705, 0.038707, -0.017418, 0.999841, -0.003891, -0.052493, 0.000000, 0.000000, 0.000000, 1.000000
4.1796, -2.2412, -5.9465, 185.9718, 254.8317, 9.8682, 254.6196, 0.6765, 38.7078, -52.4956, 0.599100, -0.798042, -0.064869, -0.002241, 0.800496, 0.598707, 0.027507, -0.005946, 0.016886, -0.068407, 0.997515, 0.185972, 0.000000, 0.000000, 0.000000, 1.000000, -0.020128, -0.084749, 0.996199, 0.254832, -0.600450, 0.797717, 0.055732, 0.009868, -0.799409, -0.597046, -0.066944, 0.254620, 0.000000, 0.000000, 0.000000, 1.000000, 0.999632, 0.017840, 0.020416, 0.000677, 0.020428, -0.000485, -0.999791, 0.038708, -0.017827, 0.999841, -0.000850, -0.052496, 0.000000, 0.000000, 0.000000, 1.000000
4.2741, -2.3536, -6.1220, 185.8280, 254.6959, 9.9822, 254.8004, 0.5275, 38.8436, -52.4972, 0.599174, -0.797641, -0.068986, -0.002354, 0.800290, 0.599170, 0.023052, -0.006122, 0.022947, -0.069021, 0.997351, 0.185828, 0.000000, 0.000000, 0.000000, 1.000000, -0.014064, -0.085385, 0.996249, 0.254696, -0.600580, 0.797321, 0.059857, 0.009982, -0.799441, -0.597485, -0.062494, 0.254800, 0.000000, 0.000000, 0.000000, 1.000000, 0.999749, 0.018429, 0.012745, 0.000527, 0.012745, 0.000123, -0.999919, 0.038844, -0.018429, 0.999830, -0.000112, -0.052497, 0.000000, 0.000000, 0.000000, 1.000000
4.5026, -2.5780, -6.3463, 186.0321, 254.9107, 10.2051, 255.0161, 0.3755, 38.6247, -52.4611, 0.600284, -0.798188, -0.050547, -0.002578, 0.799784, 0.599252, 0.035254, -0.006346, 0.002151, -0.061589, 0.998099, 0.186032, 0.000000, 0.000000, 0.000000, 1.000000, -0.034833, -0.077957, 0.996348, 0.254911, -0.601499, 0.797800, 0.041393, 0.010205, -0.798114, -0.597860, -0.074681, 0.255016, 0.000000, 0.000000, 0.000000, 1.000000, 0.999397, 0.018402, 0.029443, 0.000376, 0.029584, -0.007404, -0.999535, 0.038625, -0.018175, 0.999803, -0.007943, -0.052461, 0.000000, 0.000000, 0.000000, 1.000000
4.8678, -2.6712, -6.5530, 185.7537, 254.6416, 10.3012, 255.2334, 0.3929, 38.8969, -52.4871, 0.600331, -0.797781, -0.056108, -0.002671, 0.799748, 0.599056, 0.039177, -0.006553, 0.002357, -0.068391, 0.997656, 0.185754, 0.000000, 0.000000, 0.000000, 1.000000, -0.034626, -0.084749, 0.995800, 0.254642, -0.601547, 0.797456, 0.046952, 0.010301, -0.798086, -0.597395, -0.078594, 0.255233, 0.000000, 0.000000, 0.000000, 1.000000, 0.999569, 0.018269, 0.022995, 0.000393, 0.023012, -0.000704, -0.999735, 0.038897, -0.018248, 0.999833, -0.001124, -0.052487, 0.000000, 0.000000, 0.000000, 1.000000
5.0005, -2.7427, -6.6115, 185.8352, 254.7259, 10.3720, 255.2886, 0.3955, 38.8110, -52.4691, 0.600567, -0.797824, -0.052884, -0.002743, 0.799572, 0.599422, 0.037115, -0.006612, 0.002088, -0.064574, 0.997911, 0.185835, 0.000000, 0.000000, 0.000000, 1.000000, -0.034890, -0.080950, 0.996107, 0.254726, -0.601781, 0.797463, 0.043729, 0.010372, -0.797899, -0.597912, -0.076538, 0.255289, 0.000000, 0.000000, 0.000000, 1.000000, 0.999608, 0.018623, 0.020897, 0.000395, 0.020985, -0.004564, -0.999769, 0.038811, -0.018523, 0.999816, -0.004953, -0.052469, 0.000000, 0.000000, 0.000000, 1.000000
5.0990, -2.8851, -6.7643, 185.8687, 254.7667, 10.5143, 255.4397, 0.2557, 38.7709, -52.4456, 0.600026, -0.798467, -0.049184, -0.002885, 0.799973, 0.599145, 0.032686, -0.006764, 0.003369, -0.058958, 0.998255, 0.185869, 0.000000, 0.000000, 0.000000, 1.000000, -0.033621, -0.075322, 0.996592, 0.254767, -0.601253, 0.798056, 0.040032, 0.010514, -0.798351, -0.597858, -0.072119, 0.255440, 0.000000, 0.000000, 0.000000, 1.000000, 0.999678, 0.018127, 0.017756, 0.000256, 0.017943, -0.010235, -0.999787, 0.038771, -0.017941, 0.999783, -0.010557, -0.052446, 0.000000, 0.000000, 0.000000, 1.000000
5.3279, -3.0260, -7.0266, 185.8625, 254.7721, 10.6556, 255.7017, 0.1156, 38.7754, -52.4845, 0.600607, -0.798247, -0.045540, -0.003026, 0.799354, 0.598246, 0.055992, -0.007027, -0.017451, -0.070031, 0.997392, 0.185862, 0.000000, 0.000000, 0.000000, 1.000000, -0.054405, -0.086352, 0.994778, 0.254772, -0.601642, 0.797938, 0.036361, 0.010656, -0.796911, -0.596522, -0.095365, 0.255702, 0.000000, 0.000000, 0.000000, 1.000000, 0.999245, 0.017307, 0.034780, 0.000116, 0.034771, 0.000774, -0.999395, 0.038775, -0.017323, 0.999850, 0.000171, -0.052485, 0.000000, 0.000000, 0.000000, 1.000000
5.5767, -3.1637, -7.1310, 185.9048, 254.8198, 10.7931, 255.8041, 0.1206, 38.7267, -52.4371, 0.600576, -0.798389, -0.043413, -0.003164, 0.799562, 0.599474, 0.036491, -0.007131, -0.003109, -0.056627, 0.998391, 0.185905, 0.000000, 0.000000, 0.000000, 1.000000, -0.040083, -0.073006, 0.996526, 0.254820, -0.601742, 0.797956, 0.034255, 0.010793, -0.797684, -0.598278, -0.075916, 0.255804, 0.000000, 0.000000, 0.000000, 1.000000, 0.999705, 0.018377, 0.015886, 0.000121, 0.016121, -0.012720, -0.999789, 0.038727, -0.018171, 0.999750, -0.013012, -0.052437, 0.000000, 0.000000, 0.000000, 1.000000
5.8680, -3.2901, -7.4079, 185.8577, 254.7848, 10.9203, 256.0824, 0.0187, 38.7748, -52.4935, 0.601173, -0.797975, -0.042747, -0.003290, 0.798727, 0.598344, 0.063399, -0.007408, -0.025013, -0.072257, 0.997072, 0.185858, 0.000000, 0.000000, 0.000000, 1.000000, -0.061942, -0.088583, 0.994141, 0.254785, -0.602139, 0.797686, 0.033560, 0.010920, -0.795985, -0.596532, -0.102749, 0.256082, 0.000000, 0.000000, 0.000000, 1.000000, 0.999302, 0.017535, 0.032998, 0.000019, 0.032953, 0.002844, -0.999453, 0.038775, -0.017619, 0.999842, 0.002264, -0.052493, 0.000000, 0.000000, 0.000000, 1.000000
6.0957, -3.4117, -7.5587, 185.7970, 254.7312, 11.0427, 256.2353, -0.0209, 38.8337, -52.4790, 0.601692, -0.797516, -0.043984, -0.003412, 0.798529, 0.599400, 0.055424, -0.007559, -0.017837, -0.068471, 0.997494, 0.185797, 0.000000, 0.000000, 0.000000, 1.000000, -0.054768, -0.084845, 0.994888, 0.254731, -0.602723, 0.797191, 0.034806, 0.011043, -0.796069, -0.597736, -0.094799, 0.256235, 0.000000, 0.000000, 0.000000, 1.000000, 0.999587, 0.018681, 0.021839, -0.000021, 0.021862, -0.001017, -0.999761, 0.038834, -0.018654, 0.999825, -0.001425, -0.052479, 0.000000, 0.000000, 0.000000, 1.000000
6.3299, -3.6033, -7.8283, 185.7792, 254.7257, 11.2349, 256.5050, -0.1928, 38.8519, -52.4804, 0.601886, -0.797783, -0.035712, -0.003603, 0.797659, 0.598438, 0.074918, -0.007828, -0.038397, -0.073578, 0.996550, 0.185779, 0.000000, 0.000000, 0.000000, 1.000000, -0.075279, -0.089908, 0.993101, 0.254726, -0.602728, 0.797506, 0.026513, 0.011235, -0.794388, -0.596573, -0.114226, 0.256505, 0.000000, 0.000000, 0.000000, 1.000000, 0.999105, 0.017747, 0.038398, -0.000193, 0.038332, 0.004027, -0.999257, 0.038852, -0.017888, 0.999834, 0.003343, -0.052480, 0.000000, 0.000000, 0.000000, 1.000000
6.5751, -3.6114, -7.8094, 185.8443, 254.7901, 11.2424, 256.4836, -0.0164, 38.7861, -52.4674, 0.601638, -0.797804, -0.039251, -0.003611, 0.798438, 0.599249, 0.058294, -0.007809, -0.022986, -0.066411, 0.997528, 0.185844, 0.000000, 0.000000, 0.000000, 1.000000, -0.059909, -0.082779, 0.994766, 0.254790, -0.602622, 0.797460, 0.030068, 0.011242, -0.795775, -0.597666, -0.097660, 0.256484, 0.000000, 0.000000, 0.000000, 1.000000, 0.999659, 0.018368, 0.018572, -0.000016, 0.018634, -0.003236, -0.999821, 0.038786, -0.018305, 0.999826, -0.003577, -0.052467, 0.000000, 0.000000, 0.000000, 1.000000
6.6709, -3.7488, -8.0218, 185.7665, 254.7220, 11.3808, 256.6986, -0.2036, 38.8665, -52.4750, 0.602490, -0.797127, -0.039929, -0.003749, 0.797543, 0.599384, 0.068299, -0.008022, -0.030510, -0.072995, 0.996866, 0.185767, 0.000000, 0.000000, 0.000000, 1.000000, -0.067399, -0.089369, 0.993716, 0.254722, -0.603404, 0.796843, 0.030737, 0.011381, -0.794582, -0.597540, -0.107632, 0.256699, 0.000000, 0.000000, 0.000000, 1.000000, 0.999518, 0.018918, 0.024613, -0.000204, 0.024554, 0.003330, -0.999693, 0.038866, -0.018994, 0.999816, 0.002863, -0.052475, 0.000000, 0.000000, 0.000000, 1.000000
6.9227, -3.8635, -8.2099, 185.7850, 254.7490, 11.4957, 256.8855, -0.2525, 38.8523, -52.4934, 0.602304, -0.797281, -0.039654, -0.003864, 0.797466, 0.598733, 0.074607, -0.008210, -0.035741, -0.076558, 0.996424, 0.185785, 0.000000, 0.000000, 0.000000, 1.000000, -0.072621, -0.092902, 0.993023, 0.254749, -0.603170, 0.797031, 0.030456, 0.011496, -0.794300, -0.596750, -0.113917, 0.256886, 0.000000, 0.000000, 0.000000, 1.000000, 0.999506, 0.018357, 0.025495, -0.000253, 0.025373, 0.006826, -0.999655, 0.038852, -0.018524, 0.999808, 0.006357, -0.052493, 0.000000, 0.000000, 0.000000, 1.000000
7.1565, -4.0052, -8.3448, 185.8025, 254.7731, 11.6374, 257.0194, -0.2867, 38.8361, -52.4589, 0.602523, -0.797441, -0.032454, -0.004005, 0.796959, 0.598988, 0.077916, -0.008345, -0.042694, -0.072810, 0.996432, 0.185803, 0.000000, 0.000000, 0.000000, 1.000000, -0.079550, -0.089165, 0.992835, 0.254773, -0.603325, 0.797157, 0.023251, 0.011637, -0.793518, -0.597152, -0.117210, 0.257019, 0.000000, 0.000000, 0.000000, 1.000000, 0.999429, 0.018437, 0.028318, -0.000287, 0.028268, 0.002991, -0.999596, 0.038836, -0.018514, 0.999826, 0.002468, -0.052459, 0.000000, 0.000000, 0.000000, 1.000000
7.3257, -4.0872, -8.4956, 185.7851, 254.7623, 11.7197, 257.1706, -0.3418, 38.8589, -52.4795, 0.602281, -0.797632, -0.032245, -0.004087, 0.796917, 0.598396, 0.082737, -0.008496, -0.046698, -0.075527, 0.996050, 0.185785, 0.000000, 0.000000, 0.000000, 1.000000, -0.083547, -0.091855, 0.992261, 0.254762, -0.603047, 0.797373, 0.023038, 0.011720, -0.793319, -0.596455, -0.122011, 0.257171, 0.000000, 0.000000, 0.000000, 1.000000, 0.999407, 0.017906, 0.029399, -0.000342, 0.029302, 0.005671, -0.999554, 0.038859, -0.018065, 0.999824, 0.005143, -0.052479, 0.000000, 0.000000, 0.000000, 1.000000
7.4782, -4.2005, -8.6228, 185.7603, 254.7436, 11.8334, 257.2985, -0.4073, 38.8869, -52.4605, 0.602920, -0.797398, -0.025389, -0.004200, 0.796035, 0.599163, 0.085626, -0.008623, -0.053066, -0.071836, 0.996004, 0.185760, 0.000000, 0.000000, 0.000000, 1.000000, -0.089881, -0.088199, 0.992039, 0.254744, -0.603626, 0.797104, 0.016178, 0.011833, -0.792185, -0.597366, -0.124884, 0.257299, 0.000000, 0.000000, 0.000000, 1.000000, 0.999279, 0.018600, 0.033102, -0.000407, 0.033072, 0.001908, -0.999451, 0.038887, -0.018653, 0.999825, 0.001291, -0.052461, 0.000000, 0.000000, 0.000000, 1.000000
7.6548, -4.2762, -8.7549, 185.7407, 254.7300, 11.9095, 257.4311, -0.4382, 38.9122, -52.4751, 0.602683, -0.797528, -0.026883, -0.004276, 0.795933, 0.598384, 0.091798, -0.008755, -0.057125, -0.076723, 0.995415, 0.185741, 0.000000, 0.000000, 0.000000, 1.000000, -0.093931, -0.093050, 0.991221, 0.254730, -0.603352, 0.797279, 0.017669, 0.011910, -0.791924, -0.596395, -0.131031, 0.257431, 0.000000, 0.000000, 0.000000, 1.000000, 0.999254, 0.018019, 0.034152, -0.000438, 0.034035, 0.006765, -0.999398, 0.038912, -0.018239, 0.999815, 0.006147, -0.052475, 0.000000, 0.000000, 0.000000, 1.000000
7.8403, -4.4086, -8.9389, 185.7864, 254.7841, 12.0418, 257.6130, -0.5402, 38.8743, -52.4788, 0.603031, -0.797332, -0.024807, -0.004409, 0.795529, 0.598785, 0.092681, -0.008939, -0.059044, -0.075624, 0.995387, 0.185786, 0.000000, 0.000000, 0.000000, 1.000000, -0.095835, -0.091970, 0.991139, 0.254784, -0.603682, 0.797073, 0.015591, 0.012042, -0.791444, -0.596838, -0.131908, 0.257613, 0.000000, 0.000000, 0.000000, 1.000000, 0.999290, 0.018449, 0.032851, -0.000540, 0.032753, 0.005594, -0.999448, 0.038874, -0.018623, 0.999814, 0.004986, -0.052479, 0.000000, 0.000000, 0.000000, 1.000000
8.0938, -4.5144, -9.1142, 185.6997, 254.7053, 12.1487, 257.7913, -0.5692, 38.9705, -52.4896, 0.603428, -0.796757, -0.032451, -0.004514, 0.795340, 0.598422, 0.096569, -0.009114, -0.057522, -0.084082, 0.994797, 0.185700, 0.000000, 0.000000, 0.000000, 1.000000, -0.094311, -0.100412, 0.990466, 0.254705, -0.604092, 0.796576, 0.023235, 0.012149, -0.791314, -0.596141, -0.135784, 0.257791, 0.000000, 0.000000, 0.000000, 1.000000, 0.999456, 0.018790, 0.027102, -0.000569, 0.026841, 0.013991, -0.999542, 0.038970, -0.019160, 0.999726, 0.013479, -0.052490, 0.000000, 0.000000, 0.000000, 1.000000
8.3307, -4.6662, -9.3024, 185.7937, 254.8080, 12.2998, 257.9754, -0.6529, 38.8867, -52.4834, 0.603361, -0.797085, -0.024711, -0.004666, 0.794732, 0.598437, 0.101361, -0.009302, -0.066005, -0.080796, 0.994543, 0.185794, 0.000000, 0.000000, 0.000000, 1.000000, -0.102762, -0.097126, 0.989953, 0.254808, -0.603947, 0.796874, 0.015490, 0.012300, -0.790372, -0.596287, -0.140548, 0.257975, 0.000000, 0.000000, 0.000000, 1.000000, 0.999335, 0.018548, 0.031399, -0.000653, 0.031206, 0.010625, -0.999457, 0.038887, -0.018871, 0.999772, 0.010039, -0.052483, 0.000000, 0.000000, 0.000000, 1.000000
8.5935, -4.7031, -9.3711, 185.7964, 254.8138, 12.3369, 258.0439, -0.5519, 38.8904, -52.4938, 0.603271, -0.797191, -0.023458, -0.004703, 0.794723, 0.598414, 0.101567, -0.009371, -0.066931, -0.079914, 0.994552, 0.185796, 0.000000, 0.000000, 0.000000, 1.000000, -0.103686, -0.096244, 0.989943, 0.254814, -0.603848, 0.796972, 0.014236, 0.012337, -0.790327, -0.596299, -0.140751, 0.258044, 0.000000, 0.000000, 0.000000, 1.000000, 0.999445, 0.018479, 0.027718, -0.000552, 0.027543, 0.009659, -0.999574, 0.038890, -0.018739, 0.999783, 0.009145, -0.052494, 0.000000, 0.000000, 0.000000, 1.000000
8.6911, -4.8680, -9.5458, 185.8506, 254.8764, 12.5015, 258.2159, -0.7260, 38.8452, -52.4664, 0.603948, -0.796586, -0.026392, -0.004868, 0.794515, 0.599093, 0.099162, -0.009546, -0.063180, -0.080857, 0.994721, 0.185851, 0.000000, 0.000000, 0.000000, 1.000000, -0.099936, -0.097218, 0.990233, 0.254876, -0.604559, 0.796375, 0.017172, 0.012502, -0.790266, -0.596938, -0.138361, 0.258216, 0.000000, 0.000000, 0.000000, 1.000000, 0.999561, 0.019440, 0.022342, -0.000726, 0.022140, 0.010536, -0.999699, 0.038845, -0.019669, 0.999756, 0.010101, -0.052466, 0.000000, 0.000000, 0.000000, 1.000000
8.9257, -4.9021, -9.6224, 185.8432, 254.8723, 12.5358, 258.2928, -0.6485, 38.8603, -52.4831, 0.603589, -0.797044, -0.020020, -0.004902, 0.794204, 0.598850, 0.103048, -0.009622, -0.070145, -0.078098, 0.994475, 0.185843, 0.000000, 0.000000, 0.000000, 1.000000, -0.106879, -0.094447, 0.989776, 0.254872, -0.604137, 0.796808, 0.010797, 0.012536, -0.789681, -0.596806, -0.142222, 0.258293, 0.000000, 0.000000, 0.000000, 1.000000, 0.999505, 0.018889, 0.025142, -0.000648, 0.025000, 0.007712, -0.999658, 0.038860, -0.019077, 0.999792, 0.007236, -0.052483, 0.000000, 0.000000, 0.000000, 1.000000
9.0268, -5.0715, -9.8385, 185.7935, 254.8327, 12.7060, 258.5103, -0.8516, 38.9234, -52.4689, 0.603072, -0.797529, -0.015874, -0.005072, 0.793681, 0.597932, 0.112015, -0.009839, -0.079844, -0.080152, 0.993580, 0.185794, 0.000000, 0.000000, 0.000000, 1.000000, -0.116546, -0.096459, 0.988490, 0.254833, -0.603530, 0.797313, 0.006645, 0.012706, -0.788777, -0.595809, -0.151139, 0.258510, 0.000000, 0.000000, 0.000000, 1.000000, 0.999290, 0.017976, 0.033100, -0.000852, 0.032928, 0.009785, -0.999410, 0.038923, -0.018289, 0.999791, 0.009186, -0.052469, 0.000000, 0.000000, 0.000000, 1.000000
9.2465, -5.1220, -9.8954, 185.8052, 254.8470, 12.7565, 258.5665, -0.7786, 38.9182, -52.4621, 0.603406, -0.797330, -0.012853, -0.005122, 0.793247, 0.598511, 0.112001, -0.009895, -0.081610, -0.077777, 0.993625, 0.185805, 0.000000, 0.000000, 0.000000, 1.000000, -0.118296, -0.094111, 0.988509, 0.254847, -0.603847, 0.797092, 0.003624, 0.012756, -0.788273, -0.596480, -0.151121, 0.258567, 0.000000, 0.000000, 0.000000, 1.000000, 0.999348, 0.018473, 0.031034, -0.000779, 0.030903, 0.007308, -0.999496, 0.038918, -0.018690, 0.999803, 0.006732, -0.052462, 0.000000, 0.000000, 0.000000, 1.000000
9.3458, -5.2330, -10.0848, 185.7466, 254.7969, 12.8683, 258.7579, -0.9262, 38.9911, -52.4789, 0.603963, -0.796881, -0.014482, -0.005233, 0.792491, 0.598505, 0.117260, -0.010085, -0.084774, -0.082297, 0.992996, 0.185747, 0.000000, 0.000000, 0.000000, 1.000000, -0.121433, -0.098631, 0.987687, 0.254797, -0.604374, 0.796683, 0.005251, 0.012868, -0.787392, -0.596295, -0.156354, 0.258758, 0.000000, 0.000000, 0.000000, 1.000000, 0.999287, 0.018989, 0.032621, -0.000926, 0.032401, 0.011790, -0.999405, 0.038991, -0.019362, 0.999750, 0.011166, -0.052479, 0.000000, 0.000000, 0.000000, 1.000000
9.5770, -5.3792, -10.2555, 185.7670, 254.8254, 13.0145, 258.9274, -0.9937, 38.9859, -52.4620, 0.603503, -0.797304, -0.009512, -0.005379, 0.792182, 0.598183, 0.120934, -0.010255, -0.090731, -0.080519, 0.992615, 0.185767, 0.000000, 0.000000, 0.000000, 1.000000, -0.127368, -0.096838, 0.987117, 0.254825, -0.603859, 0.797091, 0.000280, 0.013014, -0.786849, -0.596044, -0.160001, 0.258927, 0.000000, 0.000000, 0.000000, 1.000000, 0.999235, 0.018425, 0.034497, -0.000994, 0.034318, 0.009961, -0.999361, 0.038986, -0.018757, 0.999781, 0.009321, -0.052462, 0.000000, 0.000000, 0.000000, 1.000000
9.8416, -5.5477, -10.4262, 185.7741, 254.8407, 13.1832, 259.0974, -1.0509, 38.9954, -52.4259, 0.603597, -0.797253, -0.007668, -0.005548, 0.791903, 0.598375, 0.121809, -0.010426, -0.092524, -0.079596, 0.992524, 0.185774, 0.000000, 0.000000, 0.000000, 1.000000, -0.129150, -0.095924, 0.986975, 0.254841, -0.603937, 0.797031, -0.001565, 0.013183, -0.786499, -0.596272, -0.160868, 0.259097, 0.000000, 0.000000, 0.000000, 1.000000, 0.999325, 0.018598, 0.031679, -0.001051, 0.031517, 0.008940, -0.999463, 0.038995, -0.018871, 0.999787, 0.008348, -0.052426, 0.000000, 0.000000, 0.000000, 1.000000
10.0824, -5.6112, -10.5626, 185.8157, 254.8883, 13.2466, 259.2319, -1.0371, 38.9698, -52.4572, 0.603613, -0.797234, -0.008318, -0.005611, 0.791570, 0.598013, 0.125684, -0.010563, -0.095226, -0.082449, 0.992035, 0.185816, 0.000000, 0.000000, 0.000000, 1.000000, -0.131836, -0.098760, 0.986340, 0.254888, -0.603928, 0.797039, -0.000917, 0.013247, -0.786060, -0.595798, -0.164722, 0.259232, 0.000000, 0.000000, 0.000000, 1.000000, 0.999370, 0.018545, 0.030251, -0.001037, 0.030037, 0.011736, -0.999480, 0.038970, -0.018890, 0.999759, 0.011171, -0.052457, 0.000000, 0.000000, 0.000000, 1.000000
10.2322, -5.7470, -10.7096, 185.8263, 254.9059, 13.3824, 259.3781, -1.1342, 38.9741, -52.4341, 0.603920, -0.797041, -0.002467, -0.005747, 0.790559, 0.598608, 0.129167, -0.010710, -0.101474, -0.079957, 0.991620, 0.185826, 0.000000, 0.000000, 0.000000, 1.000000, -0.138043, -0.096295, 0.985734, 0.254906, -0.604176, 0.796822, -0.006769, 0.013382, -0.784803, -0.596491, -0.168175, 0.259378, 0.000000, 0.000000, 0.000000, 1.000000, 0.999244, 0.018996, 0.033914, -0.001134, 0.033744, 0.009153, -0.999389, 0.038974, -0.019294, 0.999778, 0.008505, -0.052434, 0.000000, 0.000000, 0.000000, 1.000000
10.4313, -5.8412, -10.8509, 185.9415, 255.0274, 13.4758, 259.5146, -1.1763, 38.8759, -52.4485, 0.603727, -0.797181, -0.003958, -0.005841, 0.791104, 0.598498, 0.126311, -0.010851, -0.098324, -0.079389, 0.991983, 0.185942, 0.000000, 0.000000, 0.000000, 1.000000, -0.134915, -0.095722, 0.986223, 0.255027, -0.604012, 0.796957, -0.005277, 0.013476, -0.785472, -0.596403, -0.165338, 0.259515, 0.000000, 0.000000, 0.000000, 1.000000, 0.999452, 0.018814, 0.027238, -0.001176, 0.027081, 0.008531, -0.999597, 0.038876, -0.019039, 0.999787, 0.008016, -0.052448, 0.000000, 0.000000, 0.000000, 1.000000
10.6611, -5.9978, -11.0868, 185.7596, 254.8564, 13.6345, 259.7572, -1.2885, 39.0838, -52.4470, 0.603539, -0.797327, 0.003168, -0.005998, 0.789361, 0.598060, 0.138687, -0.011087, -0.112473, -0.081202, 0.990331, 0.185760, 0.000000, 0.000000, 0.000000, 1.000000, -0.148982, -0.097515, 0.984020, 0.254856, -0.603693, 0.797120, -0.012407, 0.013634, -0.783172, -0.595894, -0.177626, 0.259757, 0.000000, 0.000000, 0.000000, 1.000000, 0.999124, 0.018550, 0.037509, -0.001288, 0.037322, 0.010302, -0.999250, 0.039084, -0.018922, 0.999775, 0.009601, -0.052447, 0.000000, 0.000000, 0.000000, 1.000000
10.9252, -6.1537, -11.2736, 185.9356, 255.0410, 13.7890, 259.9367, -1.3646, 38.9330, -52.4424, 0.603680, -0.797212, 0.004757, -0.006154, 0.789360, 0.598549, 0.136564, -0.011274, -0.111718, -0.078686, 0.990620, 0.185936, 0.000000, 0.000000, 0.000000, 1.000000, -0.148229, -0.095021, 0.984378, 0.255041, -0.603841, 0.796982, -0.013995, 0.013789, -0.783201, -0.596482, -0.175513, 0.259937, 0.000000, 0.000000, 0.000000, 1.000000, 0.999307, 0.018853, 0.032106, -0.001365, 0.031967, 0.007663, -0.999460, 0.038933, -0.019089, 0.999793, 0.007056, -0.052442, 0.000000, 0.000000, 0.000000, 1.000000
11.1801, -6.2493, -11.4278, 185.9227, 255.0351, 13.8849, 260.0910, -1.3705, 38.9679, -52.4543, 0.604435, -0.796650, -0.002543, -0.006249, 0.789176, 0.598322, 0.138611, -0.011428, -0.108903, -0.085788, 0.990344, 0.185923, 0.000000, 0.000000, 0.000000, 1.000000, -0.145415, -0.102113, 0.984087, 0.255035, -0.604621, 0.796485, -0.006696, 0.013885, -0.783127, -0.595974, -0.177561, 0.260091, 0.000000, 0.000000, 0.000000, 1.000000, 0.999494, 0.019644, 0.025033, -0.001370, 0.024747, 0.014666, -0.999586, 0.038968, -0.020003, 0.999699, 0.014173, -0.052454, 0.000000, 0.000000, 0.000000, 1.000000
11.4139, -6.4425, -11.6270, 185.9862, 255.1082, 14.0779, 260.2872, -1.4910, 38.9320, -52.4189, 0.603599, -0.797244, 0.008349, -0.006443, 0.788700, 0.598597, 0.140121, -0.011627, -0.116708, -0.077993, 0.990099, 0.185986, 0.000000, 0.000000, 0.000000, 1.000000, -0.153188, -0.094330, 0.983685, 0.255108, -0.603713, 0.797007, -0.017587, 0.014078, -0.782345, -0.596557, -0.179040, 0.260287, 0.000000, 0.000000, 0.000000, 1.000000, 0.999413, 0.018875, 0.028599, -0.001491, 0.028475, 0.006808, -0.999571, 0.038932, -0.019062, 0.999799, 0.006267, -0.052419, 0.000000, 0.000000, 0.000000, 1.000000
11.6569, -6.4809, -11.6617, 185.9712, 255.0949, 14.1165, 260.3224, -1.3749, 38.9570, -52.4070, 0.603833, -0.797080, 0.007022, -0.006481, 0.788374, 0.598492, 0.142387, -0.011662, -0.117696, -0.080442, 0.989786, 0.185971, 0.000000, 0.000000, 0.000000, 1.000000, -0.154164, -0.096775, 0.983294, 0.255095, -0.603938, 0.796866, -0.016261, 0.014117, -0.781980, -0.596355, -0.181294, 0.260322, 0.000000, 0.000000, 0.000000, 1.000000, 0.999493, 0.019147, 0.025427, -0.001375, 0.025255, 0.009173, -0.999639, 0.038957, -0.019373, 0.999775, 0.008685, -0.052407, 0.000000, 0.000000, 0.000000, 1.000000
11.7527, -6.5848, -11.8676, 186.0688, 255.2015, 14.2198, 260.5241, -1.5455, 38.8866, -52.4502, 0.604366, -0.796695, 0.004425, -0.006585, 0.787815, 0.598439, 0.145663, -0.011868, -0.118697, -0.084548, 0.989324, 0.186069, 0.000000, 0.000000, 0.000000, 1.000000, -0.155147, -0.100879, 0.982727, 0.255201, -0.604460, 0.796518, -0.013665, 0.014220, -0.781381, -0.596140, -0.184555, 0.260524, 0.000000, 0.000000, 0.000000, 1.000000, 0.999495, 0.019739, 0.024903, -0.001546, 0.024644, 0.013224, -0.999609, 0.038887, -0.020060, 0.999718, 0.012731, -0.052450, 0.000000, 0.000000, 0.000000, 1.000000
12.0274, -6.7580, -12.0652, 186.0011, 255.1432, 14.3939, 260.7238, -1.6127, 38.9853, -52.4209, 0.603934, -0.796915, 0.013750, -0.006758, 0.786734, 0.598805, 0.149941, -0.012065, -0.127724, -0.079736, 0.988599, 0.186001, 0.000000, 0.000000, 0.000000, 1.000000, -0.164120, -0.096084, 0.981750, 0.255143, -0.603945, 0.796694, -0.022990, 0.014394, -0.779945, -0.596696, -0.188783, 0.260724, 0.000000, 0.000000, 0.000000, 1.000000, 0.999387, 0.019483, 0.029102, -0.001613, 0.028945, 0.008310, -0.999546, 0.038985, -0.019716, 0.999776, 0.007741, -0.052421, 0.000000, 0.000000, 0.000000, 1.000000
12.2568, -6.9097, -12.2646, 186.0521, 255.2034, 14.5455, 260.9209, -1.7112, 38.9667, -52.4183, 0.604565, -0.796450, 0.012968, -0.006910, 0.785721, 0.598938, 0.154650, -0.012265, -0.130938, -0.083307, 0.987884, 0.186052, 0.000000, 0.000000, 0.000000, 1.000000, -0.167297, -0.099660, 0.980856, 0.255203, -0.604545, 0.796262, -0.022208, 0.014545, -0.778805, -0.596687, -0.193462, 0.260921, 0.000000, 0.000000, 0.000000, 1.000000, 0.999389, 0.020269, 0.028491, -0.001711, 0.028256, 0.011755, -0.999532, 0.038967, -0.020594, 0.999725, 0.011175, -0.052418, 0.000000, 0.000000, 0.000000, 1.000000
12.4893, -6.9768, -12.3743, 186.1099, 255.2661, 14.6122, 261.0280, -1.6867, 38.9306, -52.4321, 0.604555, -0.796494, 0.010541, -0.006977, 0.784986, 0.597964, 0.161973, -0.012374, -0.135314, -0.089647, 0.986739, 0.186110, 0.000000, 0.000000, 0.000000, 1.000000, -0.171641, -0.105957, 0.979445, 0.255266, -0.604494, 0.796364, -0.019782, 0.014612, -0.777899, -0.595464, -0.200739, 0.261028, 0.000000, 0.000000, 0.000000, 1.000000, 0.999375, 0.020198, 0.028999, -0.001687, 0.028635, 0.018086, -0.999426, 0.038931, -0.020711, 0.999632, 0.017496, -0.052432, 0.000000, 0.000000, 0.000000, 1.000000
12.6584, -7.0767, -12.5022, 185.9766, 255.1388, 14.7135, 261.1610, -1.7181, 39.0853, -52.4168, 0.604190, -0.796605, 0.019357, -0.007077, 0.784633, 0.598993, 0.159871, -0.012502, -0.138949, -0.081404, 0.986948, 0.185977, 0.000000, 0.000000, 0.000000, 1.000000, -0.175255, -0.097760, 0.979657, 0.255139, -0.604095, 0.796399, -0.028597, 0.014713, -0.777403, -0.596818, -0.198629, 0.261161, 0.000000, 0.000000, 0.000000, 1.000000, 0.999362, 0.020092, 0.029528, -0.001718, 0.029337, 0.009720, -0.999522, 0.039085, -0.020370, 0.999751, 0.009125, -0.052417, 0.000000, 0.000000, 0.000000, 1.000000
12.8342, -7.2203, -12.6929, 186.0482, 255.2192, 14.8567, 261.3484, -1.8434, 39.0465, -52.4171, 0.603960, -0.796794, 0.018761, -0.007220, 0.784339, 0.598372, 0.163596, -0.012693, -0.141578, -0.084090, 0.986349, 0.186048, 0.000000, 0.000000, 0.000000, 1.000000, -0.177869, -0.100418, 0.978917, 0.255219, -0.603841, 0.796613, -0.028001, 0.014857, -0.777006, -0.596091, -0.202329, 0.261348, 0.000000, 0.000000, 0.000000, 1.000000, 0.999378, 0.019821, 0.029160, -0.001843, 0.028918, 0.012406, -0.999505, 0.039046, -0.020173, 0.999727, 0.011825, -0.052417, 0.000000, 0.000000, 0.000000, 1.000000
13.0966, -7.3656, -12.8479, 186.0691, 255.2475, 15.0021, 261.5022, -1.8766, 39.0571, -52.3916, 0.604067, -0.796651, 0.021242, -0.007366, 0.783508, 0.598551, 0.166890, -0.012848, -0.145667, -0.084170, 0.985747, 0.186069, 0.000000, 0.000000, 0.000000, 1.000000, -0.181923, -0.100505, 0.978163, 0.255247, -0.603909, 0.796470, -0.030481, 0.015002, -0.776014, -0.596267, -0.205592, 0.261502, 0.000000, 0.000000, 0.000000, 1.000000, 0.999384, 0.020114, 0.028750, -0.001877, 0.028504, 0.012367, -0.999517, 0.039057, -0.020460, 0.999721, 0.011786, -0.052392, 0.000000, 0.000000, 0.000000, 1.000000
13.3330, -7.4860, -13.0397, 186.1845, 255.3714, 15.1217, 261.6890, -1.9537, 38.9792, -52.4144, 0.604106, -0.796606, 0.021786, -0.007486, 0.783058, 0.598463, 0.169302, -0.013040, -0.147906, -0.085217, 0.985323, 0.186184, 0.000000, 0.000000, 0.000000, 1.000000, -0.184142, -0.101549, 0.977640, 0.255371, -0.603928, 0.796435, -0.031025, 0.015122, -0.775476, -0.596137, -0.207985, 0.261689, 0.000000, 0.000000, 0.000000, 1.000000, 0.999432, 0.020250, 0.026926, -0.001954, 0.026659, 0.013332, -0.999556, 0.038979, -0.020600, 0.999706, 0.012785, -0.052414, 0.000000, 0.000000, 0.000000, 1.000000
13.6077, -7.6694, -13.2333, 186.1737, 255.3700, 15.3054, 261.8825, -2.0279, 39.0301, -52.3785, 0.603344, -0.796972, 0.028491, -0.007669, 0.781629, 0.598061, 0.177144, -0.013233, -0.158218, -0.084609, 0.983773, 0.186174, 0.000000, 0.000000, 0.000000, 1.000000, -0.194382, -0.100922, 0.975720, 0.255370, -0.603069, 0.796796, -0.037728, 0.015305, -0.773643, -0.595760, -0.215746, 0.261883, 0.000000, 0.000000, 0.000000, 1.000000, 0.999276, 0.019699, 0.032537, -0.002028, 0.032291, 0.012699, -0.999398, 0.039030, -0.020101, 0.999725, 0.012053, -0.052379, 0.000000, 0.000000, 0.000000, 1.000000
13.8845, -7.7733, -13.4366, 186.2308, 255.4360, 15.4092, 262.0832, -2.0702, 39.0154, -52.4172, 0.603632, -0.796757, 0.028393, -0.007773, 0.781337, 0.598282, 0.177682, -0.013437, -0.158556, -0.085070, 0.983678, 0.186231, 0.000000, 0.000000, 0.000000, 1.000000, -0.194711, -0.101394, 0.975606, 0.255436, -0.603354, 0.796585, -0.037629, 0.015409, -0.773338, -0.595963, -0.216280, 0.262083, 0.000000, 0.000000, 0.000000, 1.000000, 0.999403, 0.020125, 0.028091, -0.002070, 0.027833, 0.013022, -0.999528, 0.039015, -0.020481, 0.999713, 0.012454, -0.052417, 0.000000, 0.000000, 0.000000, 1.000000
14.0902, -7.8647, -13.4866, 186.2070, 255.4150, 15.5009, 262.1340, -2.0205, 39.0559, -52.3709, 0.603601, -0.796646, 0.031947, -0.007865, 0.780611, 0.598653, 0.179614, -0.013487, -0.162214, -0.083477, 0.983218, 0.186207, 0.000000, 0.000000, 0.000000, 1.000000, -0.198337, -0.099818, 0.975038, 0.255415, -0.603288, 0.796459, -0.041182, 0.015501, -0.772467, -0.596396, -0.218187, 0.262134, 0.000000, 0.000000, 0.000000, 1.000000, 0.999396, 0.020316, 0.028197, -0.002021, 0.027971, 0.011317, -0.999545, 0.039056, -0.020626, 0.999730, 0.010742, -0.052371, 0.000000, 0.000000, 0.000000, 1.000000
14.2031, -7.9571, -13.6653, 186.1541, 255.3701, 15.5940, 262.3144, -2.1330, 39.1416, -52.3969, 0.603971, -0.796443, 0.029963, -0.007957, 0.779811, 0.598290, 0.184240, -0.013665, -0.164663, -0.087910, 0.982424, 0.186154, 0.000000, 0.000000, 0.000000, 1.000000, -0.200756, -0.104235, 0.974080, 0.255370, -0.603635, 0.796297, -0.039198, 0.015594, -0.771571, -0.595858, -0.222781, 0.262314, 0.000000, 0.000000, 0.000000, 1.000000, 0.999368, 0.020780, 0.028857, -0.002133, 0.028533, 0.015707, -0.999469, 0.039142, -0.021222, 0.999661, 0.015104, -0.052397, 0.000000, 0.000000, 0.000000, 1.000000
14.4404, -8.0352, -13.7408, 186.1735, 255.3931, 15.6720, 262.3890, -2.0796, 39.1449, -52.3793, 0.603970, -0.796397, 0.031179, -0.008035, 0.779443, 0.598375, 0.185517, -0.013741, -0.166402, -0.087744, 0.982146, 0.186173, 0.000000, 0.000000, 0.000000, 1.000000, -0.202479, -0.104073, 0.973741, 0.255393, -0.603617, 0.796250, -0.040413, 0.015672, -0.771135, -0.595949, -0.224044, 0.262389, 0.000000, 0.000000, 0.000000, 1.000000, 0.999430, 0.020915, 0.026488, -0.002080, 0.026168, 0.015442, -0.999538, 0.039145, -0.021315, 0.999662, 0.014886, -0.052379, 0.000000, 0.000000, 0.000000, 1.000000
14.5564, -8.1584, -13.8887, 186.2795, 255.5060, 15.7945, 262.5323, -2.2058, 39.0712, -52.3734, 0.604029, -0.796252, 0.033625, -0.008158, 0.779513, 0.599059, 0.182994, -0.013889, -0.165853, -0.084323, 0.982539, 0.186280, 0.000000, 0.000000, 0.000000, 1.000000, -0.201934, -0.100682, 0.974210, 0.255506, -0.603682, 0.796073, -0.042859, 0.015795, -0.771227, -0.596768, -0.221534, 0.262532, 0.000000, 0.000000, 0.000000, 1.000000, 0.999493, 0.021083, 0.023837, -0.002206, 0.023590, 0.011910, -0.999651, 0.039071, -0.021360, 0.999707, 0.011407, -0.052373, 0.000000, 0.000000, 0.000000, 1.000000
14.7718, -8.3085, -14.0794, 186.2860, 255.5213, 15.9448, 262.7223, -2.2998, 39.1081, -52.3639, 0.602946, -0.796878, 0.037956, -0.008309, 0.778109, 0.597913, 0.192473, -0.014079, -0.176072, -0.086517, 0.980568, 0.186286, 0.000000, 0.000000, 0.000000, 1.000000, -0.212079, -0.102824, 0.971828, 0.255521, -0.602503, 0.796720, -0.047186, 0.015945, -0.769423, -0.595537, -0.230920, 0.262722, 0.000000, 0.000000, 0.000000, 1.000000, 0.999332, 0.020173, 0.030457, -0.002300, 0.030174, 0.014199, -0.999444, 0.039108, -0.020594, 0.999696, 0.013581, -0.052364, 0.000000, 0.000000, 0.000000, 1.000000
14.9972, -8.3802, -14.1927, 186.4165, 255.6569, 16.0155, 262.8303, -2.2979, 39.0090, -52.3813, 0.604317, -0.795974, 0.035016, -0.008380, 0.777544, 0.598775, 0.192077, -0.014193, -0.173855, -0.088849, 0.980755, 0.186417, 0.000000, 0.000000, 0.000000, 1.000000, -0.209854, -0.105196, 0.972057, 0.255657, -0.603894, 0.795836, -0.044247, 0.016015, -0.768943, -0.596305, -0.230536, 0.262830, 0.000000, 0.000000, 0.000000, 1.000000, 0.999463, 0.021799, 0.024453, -0.002298, 0.024102, 0.016248, -0.999577, 0.039009, -0.022187, 0.999630, 0.015714, -0.052381, 0.000000, 0.000000, 0.000000, 1.000000
15.0025, -8.3826, -14.2002, 186.3790, 255.6197, 16.0183, 262.8392, -2.2960, 39.0475, -52.3811, 0.603511, -0.796411, 0.038790, -0.008383, 0.777572, 0.598610, 0.192476, -0.014200, -0.176510, -0.085999, 0.980535, 0.186379, 0.000000, 0.000000, 0.000000, 1.000000, -0.212501, -0.102338, 0.971787, 0.255620, -0.603063, 0.796247, -0.048020, 0.016018, -0.768868, -0.596253, -0.230920, 0.262839, 0.000000, 0.000000, 0.000000, 1.000000, 0.999417, 0.020980, 0.026930, -0.002296, 0.026650, 0.013478, -0.999554, 0.039048, -0.021334, 0.999689, 0.012911, -0.052381, 0.000000, 0.000000, 0.000000, 1.000000
