# Joint_B_Angle(deg), Cam_X(mm), Cam_Y(mm), Cam_Z(mm), Torso_X(mm), Torso_Y(mm), Torso_Z(mm), EE_X(mm), EE_Y(mm), EE_Z(mm), T_cam2marker_flat(16), T_torso2marker_flat(16), T_ee2marker_flat(16)
-15.0003, 39.2329, -18.7871, 185.1724, 254.1642, -31.5790, 267.5591, -14.9299, -42.0177, -42.4247, 0.681154, 0.731184, -0.037414, 0.039233, -0.715339, 0.675538, 0.178716, -0.018787, 0.155948, -0.094969, 0.983189, 0.185172, 0.000000, 0.000000, 0.000000, 1.000000, 0.177875, -0.128165, 0.975671, 0.254164, -0.681456, -0.731317, 0.028170, -0.031579, 0.709914, -0.669888, -0.217422, 0.267559, 0.000000, 0.000000, 0.000000, 1.000000, -0.992504, 0.122139, 0.004267, -0.014930, 0.001682, -0.021253, 0.999773, -0.042018, 0.122202, 0.992285, 0.020888, -0.042425, 0.000000, 0.000000, 0.000000, 1.000000
-14.8931, 39.1077, -18.6750, 185.0871, 254.0757, -31.4531, 267.4502, -14.8321, -42.0493, -42.4555, 0.680394, 0.731912, -0.037000, 0.039108, -0.716190, 0.674784, 0.178154, -0.018675, 0.155360, -0.094716, 0.983307, 0.185087, 0.000000, 0.000000, 0.000000, 1.000000, 0.177328, -0.127889, 0.975807, 0.254076, -0.680689, -0.732046, 0.027756, -0.031453, 0.710786, -0.669143, -0.216865, 0.267450, 0.000000, 0.000000, 0.000000, 1.000000, -0.992634, 0.121032, 0.005426, -0.014832, 0.002857, -0.021391, 0.999767, -0.042049, 0.121120, 0.992418, 0.020887, -0.042455, 0.000000, 0.000000, 0.000000, 1.000000
-14.6145, 38.9347, -18.5039, 185.0355, 254.0190, -31.2799, 267.2809, -14.7909, -41.9923, -42.4921, 0.680454, 0.732023, -0.033545, 0.038935, -0.717508, 0.674864, 0.172455, -0.018504, 0.148879, -0.093279, 0.984446, 0.185036, 0.000000, 0.000000, 0.000000, 1.000000, 0.170904, -0.126457, 0.977139, 0.254019, -0.680688, -0.732170, 0.024300, -0.031280, 0.712359, -0.669280, -0.211208, 0.267281, 0.000000, 0.000000, 0.000000, 1.000000, -0.992682, 0.120702, 0.003555, -0.014791, 0.001081, -0.020554, 0.999788, -0.041992, 0.120750, 0.992476, 0.020273, -0.042492, 0.000000, 0.000000, 0.000000, 1.000000
-14.2110, 38.8037, -18.3425, 185.1731, 254.1513, -31.1505, 267.1140, -14.9013, -41.7210, -42.5107, 0.681396, 0.731388, -0.027771, 0.038804, -0.717967, 0.675300, 0.168799, -0.018343, 0.142211, -0.095081, 0.985259, 0.185173, 0.000000, 0.000000, 0.000000, 1.000000, 0.164251, -0.128269, 0.978043, 0.254151, -0.681568, -0.731520, 0.018524, -0.031151, 0.713082, -0.669646, -0.207577, 0.267114, 0.000000, 0.000000, 0.000000, 1.000000, -0.992578, 0.121542, 0.004173, -0.014901, 0.001376, -0.023088, 0.999732, -0.041721, 0.121606, 0.992318, 0.022750, -0.042511, 0.000000, 0.000000, 0.000000, 1.000000
-14.1214, 38.6161, -18.1786, 184.9267, 253.9004, -30.9609, 266.9595, -14.6897, -41.9082, -42.5527, 0.680864, 0.731862, -0.028311, 0.038616, -0.718421, 0.674880, 0.168549, -0.018179, 0.142461, -0.094420, 0.985287, 0.184927, 0.000000, 0.000000, 0.000000, 1.000000, 0.164523, -0.127596, 0.978086, 0.253900, -0.681038, -0.731999, 0.019064, -0.030961, 0.713526, -0.669250, -0.207329, 0.266960, 0.000000, 0.000000, 0.000000, 1.000000, -0.992660, 0.120795, 0.005851, -0.014690, 0.003129, -0.022710, 0.999737, -0.041908, 0.120896, 0.992418, 0.022165, -0.042553, 0.000000, 0.000000, 0.000000, 1.000000
-13.8744, 38.4761, -18.0035, 185.0632, 254.0311, -30.8225, 266.7789, -14.6680, -41.6781, -42.5705, 0.681208, 0.731695, -0.024042, 0.038476, -0.719198, 0.674986, 0.164767, -0.018003, 0.136787, -0.094950, 0.986039, 0.185063, 0.000000, 0.000000, 0.000000, 1.000000, 0.158882, -0.128128, 0.978948, 0.254031, -0.681329, -0.731828, 0.014794, -0.030822, 0.714526, -0.669336, -0.203572, 0.266779, 0.000000, 0.000000, 0.000000, 1.000000, -0.992648, 0.120955, 0.004532, -0.014668, 0.001673, -0.023731, 0.999717, -0.041678, 0.121028, 0.992374, 0.023354, -0.042571, 0.000000, 0.000000, 0.000000, 1.000000
-13.4991, 38.3081, -17.8219, 184.9827, 253.9450, -30.6540, 266.6003, -14.6861, -41.6288, -42.5953, 0.681622, 0.731423, -0.020274, 0.038308, -0.719674, 0.675162, 0.161943, -0.017822, 0.132137, -0.095794, 0.986592, 0.184983, 0.000000, 0.000000, 0.000000, 1.000000, 0.154250, -0.128976, 0.979578, 0.253945, -0.681700, -0.731548, 0.011025, -0.030654, 0.715186, -0.669479, -0.200764, 0.266600, 0.000000, 0.000000, 0.000000, 1.000000, -0.992605, 0.121212, 0.006538, -0.014686, 0.003492, -0.025323, 0.999673, -0.041629, 0.121338, 0.992304, 0.024712, -0.042595, 0.000000, 0.000000, 0.000000, 1.000000
-13.1511, 38.1024, -17.6077, 184.9961, 253.9518, -30.4488, 266.3854, -14.6485, -41.4894, -42.6366, 0.681740, 0.731402, -0.016776, 0.038102, -0.720433, 0.675154, 0.158566, -0.017608, 0.127302, -0.096015, 0.987206, 0.184996, 0.000000, 0.000000, 0.000000, 1.000000, 0.149448, -0.129197, 0.980293, 0.253952, -0.681773, -0.731525, 0.007527, -0.030449, 0.716136, -0.669462, -0.197408, 0.266385, 0.000000, 0.000000, 0.000000, 1.000000, -0.992611, 0.121091, 0.007777, -0.014649, 0.004626, -0.026278, 0.999644, -0.041489, 0.121252, 0.992294, 0.025524, -0.042637, 0.000000, 0.000000, 0.000000, 1.000000
-12.9063, 37.8734, -17.3739, 184.8009, 253.7496, -30.2183, 266.1590, -14.4794, -41.5815, -42.6738, 0.681526, 0.731614, -0.016229, 0.037873, -0.720812, 0.674961, 0.157662, -0.017374, 0.126301, -0.095753, 0.987360, 0.184801, 0.000000, 0.000000, 0.000000, 1.000000, 0.148465, -0.128929, 0.980477, 0.253750, -0.681549, -0.731739, 0.006980, -0.030218, 0.716553, -0.669280, -0.196509, 0.266159, 0.000000, 0.000000, 0.000000, 1.000000, -0.992632, 0.120666, 0.010984, -0.014479, 0.007832, -0.026568, 0.999616, -0.041581, 0.120911, 0.992338, 0.025427, -0.042674, 0.000000, 0.000000, 0.000000, 1.000000
-12.7503, 37.7754, -17.2416, 184.8203, 253.7647, -30.1207, 266.0258, -14.4317, -41.5025, -42.6765, 0.681347, 0.731860, -0.012134, 0.037775, -0.722594, 0.675180, 0.148287, -0.017242, 0.116718, -0.092267, 0.988870, 0.184820, 0.000000, 0.000000, 0.000000, 1.000000, 0.138961, -0.125457, 0.982319, 0.253765, -0.681280, -0.732017, 0.002886, -0.030121, 0.718712, -0.669635, -0.187193, 0.266026, 0.000000, 0.000000, 0.000000, 1.000000, -0.992744, 0.120193, 0.003619, -0.014432, 0.000809, -0.023421, 0.999725, -0.041502, 0.120245, 0.992474, 0.023153, -0.042676, 0.000000, 0.000000, 0.000000, 1.000000
-12.5477, 37.6957, -17.1579, 184.8698, 253.8115, -30.0416, 265.9401, -14.4704, -41.3892, -42.6945, 0.681999, 0.731307, -0.008214, 0.037696, -0.722075, 0.675088, 0.151204, -0.017158, 0.116122, -0.097190, 0.988468, 0.184870, 0.000000, 0.000000, 0.000000, 1.000000, 0.138339, -0.130367, 0.981767, 0.253812, -0.681927, -0.731419, -0.001035, -0.030042, 0.718218, -0.669351, -0.190085, 0.265940, 0.000000, 0.000000, 0.000000, 1.000000, -0.992632, 0.120952, 0.007227, -0.014470, 0.003778, -0.028723, 0.999580, -0.041389, 0.121109, 0.992243, 0.028054, -0.042694, 0.000000, 0.000000, 0.000000, 1.000000
-12.3807, 37.5162, -16.9664, 184.8626, 253.7984, -29.8623, 265.7487, -14.3313, -41.3252, -42.7268, 0.681863, 0.731448, -0.006818, 0.037516, -0.722842, 0.675210, 0.146936, -0.016966, 0.112080, -0.095263, 0.989122, 0.184863, 0.000000, 0.000000, 0.000000, 1.000000, 0.134332, -0.128448, 0.982576, 0.253798, -0.681753, -0.731578, -0.002430, -0.029862, 0.719143, -0.669548, -0.185844, 0.265749, 0.000000, 0.000000, 0.000000, 1.000000, -0.992677, 0.120657, 0.005828, -0.014331, 0.002569, -0.027152, 0.999628, -0.041325, 0.120770, 0.992323, 0.026643, -0.042727, 0.000000, 0.000000, 0.000000, 1.000000
-12.1219, 37.3637, -16.7901, 184.8753, 253.8056, -29.7102, 265.5718, -14.2884, -41.2223, -42.7473, 0.681619, 0.731704, -0.002173, 0.037364, -0.724396, 0.675223, 0.139010, -0.016790, 0.103181, -0.093178, 0.990289, 0.184875, 0.000000, 0.000000, 0.000000, 1.000000, 0.125504, -0.126367, 0.984012, 0.253806, -0.681425, -0.731854, -0.007074, -0.029710, 0.721047, -0.669643, -0.177961, 0.265572, 0.000000, 0.000000, 0.000000, 1.000000, -0.992754, 0.120157, 0.001133, -0.014288, -0.001961, -0.025632, 0.999670, -0.041222, 0.120147, 0.992424, 0.025682, -0.042747, 0.000000, 0.000000, 0.000000, 1.000000
-11.8595, 37.2106, -16.6398, 184.7783, 253.7040, -29.5565, 265.4251, -14.2560, -41.2319, -42.7775, 0.681431, 0.731880, -0.001880, 0.037211, -0.724456, 0.674880, 0.140358, -0.016640, 0.103994, -0.094283, 0.990099, 0.184778, 0.000000, 0.000000, 0.000000, 1.000000, 0.126321, -0.127459, 0.983767, 0.253704, -0.681245, -0.732018, -0.007367, -0.029556, 0.721074, -0.669256, -0.179300, 0.265425, 0.000000, 0.000000, 0.000000, 1.000000, -0.992778, 0.119780, 0.006639, -0.014256, 0.003388, -0.027323, 0.999621, -0.041232, 0.119916, 0.992424, 0.026720, -0.042777, 0.000000, 0.000000, 0.000000, 1.000000
-11.6227, 37.0171, -16.4503, 184.7420, 253.6620, -29.3630, 265.2369, -14.1567, -41.1833, -42.8207, 0.681522, 0.731794, 0.002253, 0.037017, -0.725051, 0.674819, 0.137549, -0.016450, 0.099137, -0.095376, 0.990492, 0.184742, 0.000000, 0.000000, 0.000000, 1.000000, 0.121490, -0.128549, 0.984233, 0.253662, -0.681291, -0.731922, -0.011499, -0.029363, 0.721861, -0.669152, -0.176500, 0.265237, 0.000000, 0.000000, 0.000000, 1.000000, -0.992782, 0.119781, 0.006044, -0.014157, 0.002598, -0.028910, 0.999579, -0.041183, 0.119905, 0.992379, 0.028390, -0.042821, 0.000000, 0.000000, 0.000000, 1.000000
-11.3634, 36.8532, -16.2775, 184.7523, 253.6670, -29.1994, 265.0635, -14.1088, -41.0868, -42.8523, 0.681240, 0.732044, 0.004819, 0.036853, -0.726091, 0.674832, 0.131890, -0.016278, 0.093297, -0.093348, 0.991253, 0.184752, 0.000000, 0.000000, 0.000000, 1.000000, 0.115699, -0.126525, 0.985193, 0.253667, -0.680954, -0.732191, -0.014063, -0.029199, 0.723129, -0.669244, -0.170871, 0.265063, 0.000000, 0.000000, 0.000000, 1.000000, -0.992847, 0.119310, 0.004443, -0.014109, 0.001176, -0.027438, 0.999623, -0.041087, 0.119387, 0.992478, 0.027102, -0.042852, 0.000000, 0.000000, 0.000000, 1.000000
-11.1054, 36.7144, -16.1116, 184.6853, 253.5948, -29.0602, 264.9001, -14.0724, -41.0698, -42.8635, 0.680765, 0.732486, 0.004856, 0.036714, -0.726814, 0.674639, 0.128856, -0.016112, 0.091109, -0.091250, 0.991651, 0.184685, 0.000000, 0.000000, 0.000000, 1.000000, 0.113546, -0.124425, 0.985711, 0.253595, -0.680458, -0.732652, -0.014099, -0.029060, 0.723937, -0.669134, -0.167856, 0.264900, 0.000000, 0.000000, 0.000000, 1.000000, -0.992925, 0.118572, 0.006449, -0.014072, 0.003398, -0.025917, 0.999658, -0.041070, 0.118698, 0.992607, 0.025330, -0.042863, 0.000000, 0.000000, 0.000000, 1.000000
-10.7174, 36.5354, -15.9264, 184.6861, 253.5899, -28.8815, 264.7147, -14.0961, -40.9521, -42.8995, 0.681304, 0.731921, 0.010743, 0.036535, -0.727239, 0.675128, 0.123796, -0.015926, 0.083356, -0.092156, 0.992250, 0.184686, 0.000000, 0.000000, 0.000000, 1.000000, 0.105810, -0.125344, 0.986455, 0.253590, -0.680926, -0.732080, -0.019984, -0.028882, 0.724668, -0.669588, -0.162812, 0.264715, 0.000000, 0.000000, 0.000000, 1.000000, -0.992854, 0.119199, 0.005634, -0.014096, 0.002363, -0.027565, 0.999617, -0.040952, 0.119308, 0.992488, 0.027086, -0.042900, 0.000000, 0.000000, 0.000000, 1.000000
-10.6194, 36.3963, -15.7655, 184.8651, 253.7637, -28.7443, 264.5465, -13.9704, -40.7325, -42.9273, 0.681468, 0.731677, 0.015839, 0.036396, -0.727451, 0.674846, 0.124084, -0.015766, 0.080100, -0.096082, 0.992145, 0.184865, 0.000000, 0.000000, 0.000000, 1.000000, 0.102565, -0.129254, 0.986293, 0.253764, -0.681059, -0.731799, -0.025079, -0.028744, 0.725009, -0.669152, -0.163086, 0.264547, 0.000000, 0.000000, 0.000000, 1.000000, -0.992835, 0.119409, 0.004582, -0.013970, 0.000800, -0.031701, 0.999497, -0.040732, 0.119494, 0.992339, 0.031378, -0.042927, 0.000000, 0.000000, 0.000000, 1.000000
-10.3768, 36.2782, -15.6506, 184.6480, 253.5433, -28.6244, 264.4401, -13.9629, -40.8772, -42.9435, 0.681727, 0.731454, 0.014944, 0.036278, -0.727371, 0.675445, 0.121264, -0.015651, 0.078605, -0.093539, 0.992508, 0.184648, 0.000000, 0.000000, 0.000000, 1.000000, 0.101065, -0.126735, 0.986775, 0.253543, -0.681305, -0.731600, -0.024183, -0.028624, 0.724989, -0.669851, -0.160284, 0.264440, 0.000000, 0.000000, 0.000000, 1.000000, -0.992788, 0.119677, 0.007044, -0.013963, 0.003522, -0.029616, 0.999555, -0.040877, 0.119832, 0.992371, 0.028981, -0.042943, 0.000000, 0.000000, 0.000000, 1.000000
-10.1993, 36.1147, -15.4886, 184.5473, 253.4378, -28.4603, 264.2819, -13.8549, -40.9180, -42.9750, 0.681085, 0.732049, 0.015090, 0.036115, -0.728187, 0.675049, 0.118543, -0.015489, 0.076593, -0.091726, 0.992834, 0.184547, 0.000000, 0.000000, 0.000000, 1.000000, 0.099092, -0.124913, 0.987207, 0.253438, -0.680643, -0.732211, -0.024328, -0.028460, 0.725882, -0.669525, -0.157578, 0.264282, 0.000000, 0.000000, 0.000000, 1.000000, -0.992891, 0.118772, 0.007841, -0.013855, 0.004518, -0.028222, 0.999591, -0.040918, 0.118944, 0.992520, 0.027485, -0.042975, 0.000000, 0.000000, 0.000000, 1.000000
-9.9461, 35.9678, -15.2848, 184.6287, 253.5123, -28.3144, 264.0748, -13.7911, -40.7565, -42.9786, 0.680930, 0.732122, 0.018216, 0.035968, -0.728817, 0.674997, 0.114912, -0.015285, 0.071834, -0.091524, 0.993209, 0.184629, 0.000000, 0.000000, 0.000000, 1.000000, 0.094364, -0.124709, 0.987696, 0.253512, -0.680444, -0.732286, -0.027452, -0.028314, 0.726699, -0.669481, -0.153959, 0.264075, 0.000000, 0.000000, 0.000000, 1.000000, -0.992921, 0.118545, 0.007466, -0.013791, 0.004108, -0.028549, 0.999584, -0.040757, 0.118709, 0.992538, 0.027860, -0.042979, 0.000000, 0.000000, 0.000000, 1.000000
-9.7115, 35.8068, -15.1547, 184.5777, 253.4578, -28.1532, 263.9464, -13.7548, -40.7392, -43.0296, 0.681168, 0.731785, 0.022367, 0.035807, -0.729001, 0.675123, 0.112993, -0.015155, 0.067586, -0.093273, 0.993344, 0.184578, 0.000000, 0.000000, 0.000000, 1.000000, 0.090125, -0.126459, 0.987869, 0.253458, -0.680643, -0.731933, -0.031600, -0.028153, 0.727050, -0.669539, -0.152039, 0.263946, 0.000000, 0.000000, 0.000000, 1.000000, -0.992883, 0.118851, 0.007561, -0.013755, 0.003928, -0.030767, 0.999519, -0.040739, 0.119027, 0.992435, 0.030081, -0.043030, 0.000000, 0.000000, 0.000000, 1.000000
-9.4504, 35.6356, -14.9672, 184.5866, 253.4608, -27.9823, 263.7584, -13.6889, -40.6521, -43.0584, 0.681458, 0.731319, 0.028050, 0.035636, -0.729239, 0.675283, 0.110465, -0.014967, 0.061844, -0.095732, 0.993484, 0.184587, 0.000000, 0.000000, 0.000000, 1.000000, 0.084393, -0.128918, 0.988058, 0.253461, -0.680880, -0.731445, -0.037280, -0.027982, 0.727516, -0.669603, -0.149507, 0.263758, 0.000000, 0.000000, 0.000000, 1.000000, -0.992838, 0.119276, 0.006721, -0.013689, 0.002711, -0.033746, 0.999427, -0.040652, 0.119435, 0.992287, 0.033181, -0.043058, 0.000000, 0.000000, 0.000000, 1.000000
-9.0448, 35.4826, -14.7815, 184.5672, 253.4355, -27.8294, 263.5733, -13.7354, -40.5601, -43.0721, 0.680601, 0.732115, 0.028085, 0.035483, -0.730244, 0.674758, 0.106982, -0.014781, 0.059373, -0.093321, 0.993864, 0.184567, 0.000000, 0.000000, 0.000000, 1.000000, 0.081972, -0.126496, 0.988574, 0.253435, -0.680000, -0.732262, -0.037314, -0.027829, 0.728616, -0.669172, -0.146042, 0.263573, 0.000000, 0.000000, 0.000000, 1.000000, -0.992953, 0.118000, 0.010946, -0.013735, 0.007188, -0.032221, 0.999455, -0.040560, 0.118288, 0.992491, 0.031146, -0.043072, 0.000000, 0.000000, 0.000000, 1.000000
-8.9407, 35.3344, -14.6110, 184.6913, 253.5541, -27.6827, 263.3978, -13.5916, -40.3995, -43.0985, 0.680732, 0.731684, 0.035263, 0.035334, -0.730875, 0.675168, 0.099849, -0.014611, 0.049250, -0.093743, 0.994378, 0.184691, 0.000000, 0.000000, 0.000000, 1.000000, 0.071881, -0.126930, 0.989304, 0.253554, -0.680036, -0.731828, -0.044485, -0.027683, 0.729646, -0.669565, -0.138921, 0.263398, 0.000000, 0.000000, 0.000000, 1.000000, -0.992944, 0.118550, 0.002755, -0.013592, -0.001146, -0.032829, 0.999460, -0.040400, 0.118576, 0.992405, 0.032733, -0.043098, 0.000000, 0.000000, 0.000000, 1.000000
-8.7095, 35.1783, -14.4393, 184.6594, 253.5169, -27.5265, 263.2272, -13.5223, -40.3653, -43.1222, 0.680278, 0.732168, 0.033950, 0.035178, -0.731334, 0.674968, 0.097819, -0.014439, 0.048704, -0.091373, 0.994625, 0.184659, 0.000000, 0.000000, 0.000000, 1.000000, 0.071358, -0.124558, 0.989643, 0.253517, -0.679577, -0.732333, -0.043172, -0.027526, 0.730125, -0.669458, -0.136905, 0.263227, 0.000000, 0.000000, 0.000000, 1.000000, -0.993015, 0.117844, 0.005910, -0.013522, 0.002276, -0.030952, 0.999518, -0.040365, 0.117970, 0.992550, 0.030468, -0.043122, 0.000000, 0.000000, 0.000000, 1.000000
-8.4564, 35.0199, -14.2492, 184.5172, 253.3687, -27.3671, 263.0426, -13.4469, -40.4358, -43.1309, 0.679660, 0.732691, 0.035029, 0.035020, -0.732253, 0.674890, 0.091269, -0.014249, 0.043231, -0.087682, 0.995210, 0.184517, 0.000000, 0.000000, 0.000000, 1.000000, 0.065931, -0.120872, 0.990476, 0.253369, -0.678907, -0.732889, -0.044246, -0.027367, 0.731258, -0.669525, -0.130381, 0.263043, 0.000000, 0.000000, 0.000000, 1.000000, -0.993104, 0.117154, 0.004379, -0.013447, 0.001129, -0.027789, 0.999613, -0.040436, 0.117231, 0.992725, 0.027465, -0.043131, 0.000000, 0.000000, 0.000000, 1.000000
-8.0692, 34.8322, -14.0927, 184.5449, 253.3919, -27.1799, 262.8848, -13.4842, -40.3096, -43.1923, 0.679970, 0.732202, 0.038985, 0.034832, -0.732029, 0.674833, 0.093454, -0.014093, 0.042118, -0.092084, 0.994860, 0.184545, 0.000000, 0.000000, 0.000000, 1.000000, 0.064808, -0.125263, 0.990005, 0.253392, -0.679208, -0.732361, -0.048202, -0.027180, 0.731079, -0.669295, -0.132543, 0.262885, 0.000000, 0.000000, 0.000000, 1.000000, -0.993029, 0.117391, 0.010581, -0.013484, 0.006750, -0.032985, 0.999433, -0.040310, 0.117674, 0.992538, 0.031963, -0.043192, 0.000000, 0.000000, 0.000000, 1.000000
-7.8680, 34.6873, -13.9069, 184.5261, 253.3671, -27.0352, 262.6996, -13.3897, -40.2721, -43.1993, 0.679836, 0.732227, 0.040828, 0.034687, -0.732402, 0.675041, 0.088922, -0.013907, 0.037551, -0.090355, 0.995201, 0.184526, 0.000000, 0.000000, 0.000000, 1.000000, 0.060260, -0.123544, 0.990508, 0.253367, -0.679032, -0.732401, -0.050041, -0.027035, 0.731631, -0.669571, -0.128025, 0.262700, 0.000000, 0.000000, 0.000000, 1.000000, -0.993045, 0.117361, 0.009335, -0.013390, 0.005654, -0.031658, 0.999483, -0.040272, 0.117596, 0.992585, 0.030775, -0.043199, 0.000000, 0.000000, 0.000000, 1.000000
-7.6904, 34.5436, -13.7381, 184.5726, 253.4082, -26.8922, 262.5288, -13.2951, -40.1771, -43.2189, 0.679209, 0.732619, 0.044107, 0.034544, -0.733219, 0.674639, 0.085153, -0.013738, 0.032629, -0.090177, 0.995391, 0.184573, 0.000000, 0.000000, 0.000000, 1.000000, 0.055380, -0.123354, 0.990816, 0.253408, -0.678358, -0.732794, -0.053315, -0.026892, 0.732641, -0.669176, -0.124260, 0.262529, 0.000000, 0.000000, 0.000000, 1.000000, -0.993139, 0.116701, 0.007452, -0.013295, 0.003756, -0.031859, 0.999485, -0.040177, 0.116879, 0.992656, 0.031202, -0.043219, 0.000000, 0.000000, 0.000000, 1.000000
-7.4483, 34.3575, -13.5557, 184.4718, 253.3019, -26.7054, 262.3501, -13.2041, -40.2155, -43.2568, 0.679540, 0.732176, 0.046289, 0.034357, -0.733017, 0.675016, 0.083907, -0.013556, 0.030189, -0.090949, 0.995398, 0.184472, 0.000000, 0.000000, 0.000000, 1.000000, 0.052931, -0.124136, 0.990852, 0.253302, -0.678668, -0.732345, -0.055496, -0.026705, 0.732535, -0.669522, -0.123011, 0.262350, 0.000000, 0.000000, 0.000000, 1.000000, -0.993070, 0.117150, 0.009384, -0.013204, 0.005538, -0.033113, 0.999436, -0.040215, 0.117395, 0.992562, 0.032235, -0.043257, 0.000000, 0.000000, 0.000000, 1.000000
-7.1921, 34.2203, -13.4070, 184.5509, 253.3764, -26.5692, 262.1981, -13.1850, -40.0729, -43.2847, 0.679094, 0.732178, 0.052415, 0.034220, -0.733702, 0.674833, 0.079263, -0.013407, 0.022664, -0.092284, 0.995475, 0.184551, 0.000000, 0.000000, 0.000000, 1.000000, 0.045443, -0.125463, 0.991057, 0.253376, -0.678152, -0.732335, -0.061615, -0.026569, 0.733516, -0.669287, -0.118362, 0.262198, 0.000000, 0.000000, 0.000000, 1.000000, -0.993124, 0.116888, 0.006493, -0.013185, 0.002417, -0.034979, 0.999385, -0.040073, 0.117043, 0.992529, 0.034456, -0.043285, 0.000000, 0.000000, 0.000000, 1.000000
-6.9724, 34.0501, -13.2292, 184.4264, 253.2465, -26.3981, 262.0251, -13.0919, -40.1425, -43.3112, 0.679276, 0.732214, 0.049461, 0.034050, -0.733432, 0.674954, 0.080714, -0.013229, 0.025716, -0.091103, 0.995509, 0.184426, 0.000000, 0.000000, 0.000000, 1.000000, 0.048480, -0.124289, 0.991061, 0.253247, -0.678362, -0.732382, -0.058664, -0.026398, 0.733126, -0.669454, -0.119819, 0.262025, 0.000000, 0.000000, 0.000000, 1.000000, -0.993067, 0.116802, 0.013235, -0.013092, 0.009292, -0.034241, 0.999370, -0.040142, 0.117182, 0.992565, 0.032918, -0.043311, 0.000000, 0.000000, 0.000000, 1.000000
-6.6981, 33.9269, -13.0247, 184.5397, 253.3527, -26.2763, 261.8160, -13.0481, -39.9609, -43.2969, 0.678128, 0.732712, 0.057229, 0.033927, -0.734861, 0.674829, 0.067712, -0.013025, 0.010994, -0.087973, 0.996062, 0.184540, 0.000000, 0.000000, 0.000000, 1.000000, 0.033837, -0.121161, 0.992056, 0.253353, -0.677078, -0.732908, -0.066417, -0.026276, 0.735133, -0.669452, -0.106835, 0.261816, 0.000000, 0.000000, 0.000000, 1.000000, -0.993223, 0.116186, 0.002927, -0.013048, -0.000758, -0.031664, 0.999498, -0.039961, 0.116221, 0.992723, 0.031538, -0.043297, 0.000000, 0.000000, 0.000000, 1.000000
-6.4551, 33.7768, -12.8587, 184.3838, 253.1918, -26.1250, 261.6561, -12.9928, -40.0590, -43.3123, 0.678457, 0.732998, 0.049096, 0.033777, -0.734429, 0.675143, 0.069254, -0.012859, 0.017616, -0.083043, 0.996390, 0.184384, 0.000000, 0.000000, 0.000000, 1.000000, 0.040434, -0.116250, 0.992397, 0.253192, -0.677468, -0.733239, -0.058289, -0.026125, 0.734440, -0.669960, -0.108403, 0.261656, 0.000000, 0.000000, 0.000000, 1.000000, -0.993154, 0.116068, 0.013192, -0.012993, 0.010097, -0.027211, 0.999579, -0.040059, 0.116378, 0.992868, 0.025852, -0.043312, 0.000000, 0.000000, 0.000000, 1.000000
-6.1853, 33.5957, -12.6786, 184.4913, 253.2938, -25.9451, 261.4715, -12.9301, -39.8898, -43.3589, 0.677846, 0.732729, 0.060282, 0.033596, -0.735177, 0.674835, 0.064126, -0.012679, 0.006307, -0.087786, 0.996119, 0.184491, 0.000000, 0.000000, 0.000000, 1.000000, 0.029169, -0.120974, 0.992227, 0.253294, -0.676752, -0.732926, -0.069465, -0.025945, 0.735633, -0.669466, -0.103248, 0.261471, 0.000000, 0.000000, 0.000000, 1.000000, -0.993236, 0.115892, 0.007177, -0.012930, 0.003428, -0.032515, 0.999465, -0.039890, 0.116063, 0.992729, 0.031897, -0.043359, 0.000000, 0.000000, 0.000000, 1.000000
-5.7542, 33.4293, -12.5075, 184.4005, 253.1978, -25.7782, 261.3039, -12.9929, -39.8836, -43.3881, 0.677472, 0.733154, 0.059295, 0.033429, -0.735526, 0.674625, 0.062310, -0.012508, 0.005681, -0.085826, 0.996294, 0.184400, 0.000000, 0.000000, 0.000000, 1.000000, 0.028561, -0.119011, 0.992482, 0.253198, -0.676373, -0.733370, -0.068476, -0.025778, 0.736006, -0.669332, -0.101442, 0.261304, 0.000000, 0.000000, 0.000000, 1.000000, -0.993244, 0.115216, 0.013807, -0.012993, 0.010249, -0.031418, 0.999454, -0.039884, 0.115587, 0.992843, 0.030025, -0.043388, 0.000000, 0.000000, 0.000000, 1.000000
-5.6650, 33.2949, -12.3265, 184.4675, 253.2588, -25.6447, 261.1201, -12.8296, -39.7964, -43.3941, 0.676835, 0.733456, 0.062745, 0.033295, -0.736132, 0.674616, 0.054793, -0.012327, -0.002141, -0.083275, 0.996524, 0.184467, 0.000000, 0.000000, 0.000000, 1.000000, 0.020775, -0.116464, 0.992978, 0.253259, -0.675663, -0.733695, -0.071917, -0.025645, 0.736918, -0.669424, -0.093933, 0.261120, 0.000000, 0.000000, 0.000000, 1.000000, -0.993341, 0.114983, 0.007253, -0.012830, 0.003938, -0.029037, 0.999571, -0.039796, 0.115144, 0.992943, 0.028391, -0.043394, 0.000000, 0.000000, 0.000000, 1.000000
-5.4642, 33.1088, -12.1816, 184.5567, 253.3439, -25.4597, 260.9714, -12.7421, -39.6665, -43.4643, 0.677312, 0.732198, 0.071659, 0.033109, -0.735694, 0.674316, 0.063661, -0.012182, -0.001708, -0.095838, 0.995396, 0.184557, 0.000000, 0.000000, 0.000000, 1.000000, 0.021186, -0.128994, 0.991419, 0.253344, -0.676144, -0.732321, -0.080834, -0.025460, 0.736464, -0.668630, -0.102733, 0.260971, 0.000000, 0.000000, 0.000000, 1.000000, -0.993246, 0.115335, 0.012694, -0.012742, 0.007886, -0.042051, 0.999084, -0.039666, 0.115763, 0.992436, 0.040857, -0.043464, 0.000000, 0.000000, 0.000000, 1.000000
-5.2102, 32.9735, -11.9601, 184.5356, 253.3153, -25.3245, 260.7507, -12.6593, -39.6315, -43.4426, 0.676478, 0.733166, 0.069606, 0.032974, -0.736364, 0.674905, 0.047648, -0.011960, -0.012044, -0.083488, 0.996436, 0.184536, 0.000000, 0.000000, 0.000000, 1.000000, 0.010893, -0.116686, 0.993109, 0.253315, -0.675215, -0.733403, -0.078766, -0.025325, 0.737540, -0.669704, -0.086777, 0.260751, 0.000000, 0.000000, 0.000000, 1.000000, -0.993333, 0.115151, 0.005375, -0.012659, 0.001912, -0.030169, 0.999543, -0.039631, 0.115261, 0.992890, 0.029747, -0.043443, 0.000000, 0.000000, 0.000000, 1.000000
-4.9504, 32.8010, -11.8179, 184.4201, 253.1958, -25.1512, 260.6128, -12.6239, -39.6948, -43.4922, 0.675809, 0.733935, 0.067987, 0.032801, -0.736988, 0.674278, 0.046884, -0.011818, -0.011432, -0.081790, 0.996584, 0.184420, 0.000000, 0.000000, 0.000000, 1.000000, 0.011534, -0.114972, 0.993302, 0.253196, -0.674551, -0.734186, -0.077147, -0.025151, 0.738138, -0.669143, -0.086023, 0.260613, 0.000000, 0.000000, 0.000000, 1.000000, -0.993419, 0.114075, 0.010240, -0.012624, 0.006976, -0.028969, 0.999556, -0.039695, 0.114321, 0.993050, 0.027983, -0.043492, 0.000000, 0.000000, 0.000000, 1.000000
-4.6942, 32.6655, -11.6455, 184.4051, 253.1752, -25.0158, 260.4409, -12.5824, -39.6571, -43.4998, 0.676266, 0.733416, 0.069037, 0.032665, -0.736562, 0.674711, 0.047337, -0.011646, -0.011862, -0.082862, 0.996490, 0.184405, 0.000000, 0.000000, 0.000000, 1.000000, 0.011084, -0.116055, 0.993181, 0.253175, -0.675004, -0.733658, -0.078197, -0.025016, 0.737730, -0.669535, -0.086469, 0.260441, 0.000000, 0.000000, 0.000000, 1.000000, -0.993309, 0.114582, 0.014458, -0.012582, 0.011022, -0.030569, 0.999472, -0.039657, 0.114963, 0.992943, 0.029102, -0.043500, 0.000000, 0.000000, 0.000000, 1.000000
-4.2653, 32.4166, -11.3359, 184.5023, 253.2624, -24.7683, 260.1272, -12.4793, -39.4753, -43.5246, 0.675838, 0.733162, 0.075615, 0.032417, -0.736704, 0.675102, 0.038788, -0.011336, -0.022610, -0.081920, 0.996382, 0.184502, 0.000000, 0.000000, 0.000000, 1.000000, 0.000354, -0.115128, 0.993351, 0.253262, -0.674478, -0.733413, -0.084761, -0.024768, 0.738295, -0.669963, -0.077911, 0.260127, 0.000000, 0.000000, 0.000000, 1.000000, -0.993322, 0.114834, 0.011158, -0.012479, 0.007702, -0.030496, 0.999505, -0.039475, 0.115118, 0.992916, 0.029408, -0.043525, 0.000000, 0.000000, 0.000000, 1.000000
-4.0377, 32.2312, -11.1494, 184.5813, 253.3357, -24.5839, 259.9374, -12.3741, -39.3561, -43.5693, 0.674482, 0.733527, 0.083739, 0.032231, -0.737567, 0.674495, 0.032423, -0.011149, -0.032698, -0.083632, 0.995960, 0.184581, 0.000000, 0.000000, 0.000000, 1.000000, -0.009680, -0.116817, 0.993106, 0.253336, -0.673029, -0.733762, -0.092871, -0.024584, 0.739552, -0.669289, -0.071519, 0.259937, 0.000000, 0.000000, 0.000000, 1.000000, -0.993472, 0.113958, 0.005202, -0.012374, 0.001489, -0.032644, 0.999466, -0.039356, 0.114067, 0.992949, 0.032262, -0.043569, 0.000000, 0.000000, 0.000000, 1.000000
-3.7885, 32.1010, -11.0153, 184.3893, 253.1397, -24.4521, 259.8107, -12.3665, -39.5010, -43.5854, 0.675320, 0.733865, 0.073383, 0.032101, -0.737203, 0.674615, 0.037770, -0.011015, -0.021787, -0.079605, 0.996588, 0.184389, 0.000000, 0.000000, 0.000000, 1.000000, 0.001201, -0.112801, 0.993617, 0.253140, -0.673968, -0.734137, -0.082529, -0.024452, 0.738760, -0.669566, -0.076906, 0.259811, 0.000000, 0.000000, 0.000000, 1.000000, -0.993298, 0.113845, 0.019965, -0.012367, 0.016754, -0.029099, 0.999436, -0.039501, 0.114362, 0.993072, 0.026996, -0.043585, 0.000000, 0.000000, 0.000000, 1.000000
-3.5385, 31.8954, -10.8225, 184.5854, 253.3299, -24.2486, 259.6099, -12.2550, -39.2641, -43.6491, 0.674444, 0.732522, 0.092398, 0.031895, -0.737270, 0.674876, 0.031232, -0.010822, -0.039479, -0.089186, 0.995232, 0.184585, 0.000000, 0.000000, 0.000000, 1.000000, -0.016466, -0.122372, 0.992348, 0.253330, -0.672929, -0.732707, -0.101520, -0.024249, 0.739523, -0.669452, -0.070283, 0.259610, 0.000000, 0.000000, 0.000000, 1.000000, -0.993408, 0.114361, 0.007849, -0.012255, 0.003377, -0.039243, 0.999224, -0.039264, 0.114581, 0.992664, 0.038598, -0.043649, 0.000000, 0.000000, 0.000000, 1.000000
-3.2722, 31.7926, -10.6353, 184.5392, 253.2773, -24.1457, 259.4245, -12.2275, -39.2601, -43.6198, 0.673990, 0.733921, 0.084248, 0.031793, -0.737833, 0.674422, 0.027526, -0.010635, -0.036616, -0.080713, 0.996065, 0.184539, 0.000000, 0.000000, 0.000000, 1.000000, -0.013579, -0.113902, 0.993399, 0.253277, -0.672501, -0.734183, -0.093373, -0.024146, 0.739972, -0.669330, -0.066629, 0.259425, 0.000000, 0.000000, 0.000000, 1.000000, -0.993453, 0.113343, 0.014296, -0.012228, 0.010820, -0.031225, 0.999454, -0.039260, 0.113728, 0.993065, 0.029794, -0.043620, 0.000000, 0.000000, 0.000000, 1.000000
-3.0353, 31.6068, -10.4631, 184.5334, 253.2665, -23.9601, 259.2523, -12.1419, -39.2290, -43.6686, 0.673764, 0.733410, 0.090289, 0.031607, -0.737743, 0.674597, 0.025566, -0.010463, -0.042158, -0.083835, 0.995587, 0.184533, 0.000000, 0.000000, 0.000000, 1.000000, -0.019118, -0.117023, 0.992945, 0.253266, -0.672225, -0.733643, -0.099407, -0.023960, 0.740100, -0.669383, -0.064640, 0.259252, 0.000000, 0.000000, 0.000000, 1.000000, -0.993448, 0.113512, 0.013285, -0.012142, 0.009382, -0.034844, 0.999349, -0.039229, 0.113901, 0.992925, 0.033551, -0.043669, 0.000000, 0.000000, 0.000000, 1.000000
-2.7853, 31.4788, -10.2547, 184.5758, 253.3017, -23.8328, 259.0422, -12.0666, -39.1445, -43.6521, 0.672813, 0.734490, 0.088584, 0.031479, -0.738255, 0.674332, 0.016002, -0.010255, -0.047981, -0.076164, 0.995940, 0.184576, 0.000000, 0.000000, 0.000000, 1.000000, -0.024908, -0.109357, 0.993690, 0.253302, -0.671220, -0.734793, -0.097690, -0.023833, 0.740840, -0.669418, -0.055101, 0.259042, 0.000000, 0.000000, 0.000000, 1.000000, -0.993547, 0.112891, 0.010915, -0.012067, 0.007845, -0.027607, 0.999588, -0.039145, 0.113146, 0.993224, 0.026544, -0.043652, 0.000000, 0.000000, 0.000000, 1.000000
-2.5106, 31.3315, -10.1178, 184.6222, 253.3440, -23.6862, 258.9033, -12.0546, -39.0545, -43.6933, 0.672898, 0.733849, 0.093131, 0.031332, -0.738005, 0.674588, 0.016711, -0.010118, -0.050562, -0.079975, 0.995514, 0.184622, 0.000000, 0.000000, 0.000000, 1.000000, -0.027497, -0.113170, 0.993195, 0.253344, -0.671282, -0.734118, -0.102234, -0.023686, 0.740692, -0.669525, -0.055783, 0.258903, 0.000000, 0.000000, 0.000000, 1.000000, -0.993487, 0.113131, 0.013601, -0.012055, 0.010039, -0.031997, 0.999438, -0.039055, 0.113503, 0.993065, 0.030653, -0.043693, 0.000000, 0.000000, 0.000000, 1.000000
-2.2869, 31.1278, -9.9369, 184.5935, 253.3100, -23.4824, 258.7233, -11.9433, -39.0547, -43.7503, 0.672330, 0.733922, 0.096597, 0.031128, -0.738177, 0.674475, 0.013325, -0.009937, -0.055373, -0.080265, 0.995234, 0.184593, 0.000000, 0.000000, 0.000000, 1.000000, -0.032292, -0.113455, 0.993018, 0.253310, -0.670670, -0.734187, -0.105693, -0.023482, 0.741053, -0.669400, -0.052383, 0.258723, 0.000000, 0.000000, 0.000000, 1.000000, -0.993530, 0.112854, 0.012721, -0.011943, 0.009080, -0.032719, 0.999423, -0.039055, 0.113205, 0.993073, 0.031483, -0.043750, 0.000000, 0.000000, 0.000000, 1.000000
-2.0461, 31.0304, -9.7467, 184.6096, 253.3195, -23.3855, 258.5324, -11.8954, -38.9995, -43.7182, 0.671627, 0.734721, 0.095404, 0.031030, -0.738415, 0.674327, 0.005211, -0.009747, -0.060505, -0.073948, 0.995425, 0.184610, 0.000000, 0.000000, 0.000000, 1.000000, -0.037404, -0.107145, 0.993540, 0.253320, -0.669920, -0.735044, -0.104489, -0.023386, 0.741491, -0.669500, -0.044285, 0.258532, 0.000000, 0.000000, 0.000000, 1.000000, -0.993587, 0.112526, 0.011060, -0.011895, 0.008089, -0.026830, 0.999607, -0.038999, 0.112779, 0.993286, 0.025748, -0.043718, 0.000000, 0.000000, 0.000000, 1.000000
-1.7622, 30.8741, -9.6472, 184.6406, 253.3480, -23.2296, 258.4314, -11.9147, -38.9246, -43.7878, 0.671678, 0.734184, 0.099110, 0.030874, -0.738323, 0.674401, 0.007872, -0.009647, -0.061061, -0.078462, 0.995045, 0.184641, 0.000000, 0.000000, 0.000000, 1.000000, -0.037963, -0.111654, 0.993022, 0.253348, -0.669965, -0.734466, -0.108195, -0.023230, 0.741421, -0.669397, -0.046921, 0.258431, 0.000000, 0.000000, 0.000000, 1.000000, -0.993528, 0.112459, 0.015980, -0.011915, 0.012460, -0.031932, 0.999412, -0.038925, 0.112903, 0.993143, 0.030324, -0.043788, 0.000000, 0.000000, 0.000000, 1.000000
-1.6110, 30.7906, -9.4313, 184.6395, 253.3391, -23.1464, 258.2156, -11.7940, -38.9067, -43.7286, 0.670363, 0.736175, 0.093062, 0.030791, -0.738811, 0.673857, -0.008651, -0.009431, -0.069079, -0.062956, 0.995623, 0.184639, 0.000000, 0.000000, 0.000000, 1.000000, -0.045944, -0.096157, 0.994305, 0.253339, -0.668577, -0.736597, -0.102127, -0.023146, 0.742223, -0.669461, -0.030446, 0.258216, 0.000000, 0.000000, 0.000000, 1.000000, -0.993684, 0.111865, 0.008809, -0.011794, 0.006995, -0.016600, 0.999838, -0.038907, 0.111993, 0.993585, 0.015713, -0.043729, 0.000000, 0.000000, 0.000000, 1.000000
-1.3667, 30.6198, -9.3028, 184.6347, 253.3308, -22.9759, 258.0871, -11.7567, -38.8795, -43.7910, 0.671314, 0.734881, 0.096371, 0.030620, -0.738443, 0.674314, 0.001940, -0.009303, -0.063559, -0.072467, 0.995344, 0.184635, 0.000000, 0.000000, 0.000000, 1.000000, -0.040451, -0.105666, 0.993579, 0.253331, -0.669579, -0.735217, -0.105450, -0.022976, 0.741639, -0.669545, -0.041011, 0.258087, 0.000000, 0.000000, 0.000000, 1.000000, -0.993490, 0.112207, 0.019695, -0.011757, 0.016802, -0.026674, 0.999503, -0.038880, 0.112676, 0.993327, 0.024615, -0.043791, 0.000000, 0.000000, 0.000000, 1.000000
-1.1171, 30.5012, -9.0883, 184.5067, 253.1955, -22.8564, 257.8776, -11.6935, -38.9729, -43.7540, 0.670692, 0.736338, 0.089330, 0.030501, -0.738721, 0.673952, -0.008984, -0.009088, -0.066820, -0.059965, 0.995962, 0.184507, 0.000000, 0.000000, 0.000000, 1.000000, -0.043693, -0.093173, 0.994691, 0.253195, -0.668926, -0.736788, -0.098399, -0.022856, 0.742044, -0.669674, -0.030134, 0.257878, 0.000000, 0.000000, 0.000000, 1.000000, -0.993527, 0.111936, 0.019358, -0.011693, 0.017837, -0.014575, 0.999735, -0.038973, 0.112188, 0.993609, 0.012484, -0.043754, 0.000000, 0.000000, 0.000000, 1.000000
-0.8851, 30.3123, -8.9042, 184.7674, 253.4506, -22.6693, 257.6830, -11.5701, -38.6898, -43.8136, 0.670109, 0.735245, 0.101828, 0.030312, -0.738623, 0.674088, -0.006504, -0.008904, -0.073423, -0.070854, 0.994781, 0.184767, 0.000000, 0.000000, 0.000000, 1.000000, -0.050287, -0.104046, 0.993300, 0.253451, -0.668283, -0.735596, -0.110885, -0.022669, 0.742205, -0.669382, -0.032541, 0.257683, 0.000000, 0.000000, 0.000000, 1.000000, -0.993576, 0.111718, 0.018045, -0.011570, 0.015234, -0.025967, 0.999547, -0.038690, 0.112136, 0.993401, 0.024098, -0.043814, 0.000000, 0.000000, 0.000000, 1.000000
-0.5889, 30.2055, -8.7489, 184.6837, 253.3618, -22.5620, 257.5309, -11.5891, -38.7291, -43.8042, 0.669650, 0.736620, 0.094651, 0.030206, -0.738882, 0.673663, -0.015229, -0.008749, -0.074981, -0.059738, 0.995394, 0.184684, 0.000000, 0.000000, 0.000000, 1.000000, -0.051829, -0.092935, 0.994322, 0.253362, -0.667810, -0.737072, -0.103701, -0.022562, 0.742525, -0.669393, -0.023861, 0.257531, 0.000000, 0.000000, 0.000000, 1.000000, -0.993565, 0.111415, 0.020381, -0.011589, 0.018787, -0.015339, 0.999706, -0.038729, 0.111694, 0.993656, 0.013147, -0.043804, 0.000000, 0.000000, 0.000000, 1.000000
-0.3696, 30.0618, -8.5506, 184.6491, 253.3207, -22.4182, 257.3339, -11.4965, -38.7414, -43.8021, 0.669511, 0.736978, 0.092836, 0.030062, -0.739187, 0.673344, -0.014505, -0.008551, -0.073201, -0.058912, 0.995576, 0.184649, 0.000000, 0.000000, 0.000000, 1.000000, -0.050037, -0.092101, 0.994492, 0.253321, -0.667687, -0.737437, -0.101889, -0.022418, 0.742759, -0.669107, -0.024595, 0.257334, 0.000000, 0.000000, 0.000000, 1.000000, -0.993488, 0.110966, 0.025864, -0.011497, 0.024359, -0.014896, 0.999592, -0.038741, 0.111306, 0.993713, 0.012096, -0.043802, 0.000000, 0.000000, 0.000000, 1.000000
-0.1125, 29.8711, -8.4157, 184.6972, 253.3651, -22.2282, 257.1968, -11.4458, -38.6688, -43.8796, 0.668770, 0.735696, 0.107232, 0.029871, -0.738486, 0.674013, -0.018567, -0.008416, -0.085936, -0.066773, 0.994061, 0.184697, 0.000000, 0.000000, 0.000000, 1.000000, -0.062783, -0.099969, 0.993008, 0.253365, -0.666830, -0.736084, -0.116264, -0.022228, 0.742560, -0.669467, -0.020449, 0.257197, 0.000000, 0.000000, 0.000000, 1.000000, -0.993600, 0.111425, 0.018561, -0.011446, 0.016053, -0.023362, 0.999598, -0.038669, 0.111814, 0.993498, 0.021423, -0.043880, 0.000000, 0.000000, 0.000000, 1.000000
0.3335, 29.7099, -8.1402, 184.6166, 253.2752, -22.0667, 256.9244, -11.4388, -38.6899, -43.8439, 0.669409, 0.737063, 0.092892, 0.029710, -0.738813, 0.673596, -0.020615, -0.008140, -0.077766, -0.054830, 0.995463, 0.184617, 0.000000, 0.000000, 0.000000, 1.000000, -0.054613, -0.088033, 0.994619, 0.253275, -0.667544, -0.737560, -0.101934, -0.022067, 0.742565, -0.669519, -0.018485, 0.256924, 0.000000, 0.000000, 0.000000, 1.000000, -0.993228, 0.111353, 0.033146, -0.011439, 0.031985, -0.012203, 0.999414, -0.038690, 0.111692, 0.993706, 0.008559, -0.043844, 0.000000, 0.000000, 0.000000, 1.000000
0.5379, 29.5531, -7.9788, 184.5859, 253.2395, -21.9099, 256.7640, -11.3587, -38.7051, -43.8741, 0.669773, 0.737385, 0.087566, 0.029553, -0.739130, 0.673353, -0.016798, -0.007979, -0.071350, -0.053471, 0.996017, 0.184586, 0.000000, 0.000000, 0.000000, 1.000000, -0.048192, -0.086668, 0.995071, 0.253240, -0.667966, -0.737894, -0.096619, -0.021910, 0.742630, -0.669329, -0.022331, 0.256764, 0.000000, 0.000000, 0.000000, 1.000000, -0.992884, 0.111073, 0.042940, -0.011359, 0.041953, -0.011203, 0.999057, -0.038705, 0.111449, 0.993749, 0.006464, -0.043874, 0.000000, 0.000000, 0.000000, 1.000000
0.8064, 29.4088, -7.8597, 184.5995, 253.2497, -21.7658, 256.6442, -11.3587, -38.6609, -43.9217, 0.670016, 0.737050, 0.088520, 0.029409, -0.739127, 0.673444, -0.012818, -0.007860, -0.069061, -0.056839, 0.995992, 0.184600, 0.000000, 0.000000, 0.000000, 1.000000, -0.045908, -0.090034, 0.994880, 0.253250, -0.668230, -0.737528, -0.097579, -0.021766, 0.742537, -0.669288, -0.026305, 0.256644, 0.000000, 0.000000, 0.000000, 1.000000, -0.992558, 0.110909, 0.050280, -0.011359, 0.048903, -0.015107, 0.998689, -0.038661, 0.111523, 0.993716, 0.009571, -0.043922, 0.000000, 0.000000, 0.000000, 1.000000
1.0622, 29.2342, -7.7348, 184.7595, 253.4062, -21.5929, 256.5128, -11.3108, -38.4786, -43.9982, 0.670490, 0.735530, 0.097154, 0.029234, -0.738854, 0.673861, -0.002586, -0.007735, -0.067371, -0.070049, 0.995266, 0.184759, 0.000000, 0.000000, 0.000000, 1.000000, -0.044234, -0.103235, 0.993673, 0.253406, -0.668719, -0.735888, -0.106222, -0.021593, 0.742198, -0.669187, -0.036484, 0.256513, 0.000000, 0.000000, 0.000000, 1.000000, -0.992185, 0.110513, 0.057921, -0.011311, 0.055045, -0.028899, 0.998066, -0.038479, 0.111973, 0.993454, 0.022590, -0.043998, 0.000000, 0.000000, 0.000000, 1.000000
1.5570, 28.2277, -7.1239, 184.7204, 253.3522, -20.5870, 255.9020, -10.5735, -38.5792, -44.4509, 0.646697, 0.725533, 0.235339, 0.028228, -0.732932, 0.676522, -0.071616, -0.007124, -0.211172, -0.126174, 0.969271, 0.184720, 0.000000, 0.000000, 0.000000, 1.000000, -0.187935, -0.159329, 0.969172, 0.253352, -0.643625, -0.725384, -0.244058, -0.020587, 0.741908, -0.669651, 0.033777, 0.255902, 0.000000, 0.000000, 0.000000, 1.000000, -0.991179, 0.111145, -0.072194, -0.010574, -0.082049, -0.086812, 0.992840, -0.038579, 0.104082, 0.990005, 0.095165, -0.044451, 0.000000, 0.000000, 0.000000, 1.000000
1.7165, 28.1361, -7.0545, 184.8277, 253.4575, -20.4965, 255.8283, -10.5583, -38.4593, -44.4901, 0.649839, 0.725130, 0.227805, 0.028136, -0.734701, 0.676062, -0.056170, -0.007055, -0.194741, -0.130867, 0.972085, 0.184828, 0.000000, 0.000000, 0.000000, 1.000000, -0.171476, -0.163997, 0.971443, 0.253457, -0.646914, -0.724938, -0.236574, -0.020497, 0.743033, -0.669007, 0.018218, 0.255828, 0.000000, 0.000000, 0.000000, 1.000000, -0.992538, 0.110163, -0.052262, -0.010558, -0.062517, -0.091783, 0.993815, -0.038459, 0.104685, 0.989667, 0.097986, -0.044490, 0.000000, 0.000000, 0.000000, 1.000000
1.9393, 28.0239, -6.8907, 184.8826, 253.5069, -20.3851, 255.6622, -10.5032, -38.3895, -44.4877, 0.651027, 0.724429, 0.226642, 0.028024, -0.734743, 0.676392, -0.051447, -0.006891, -0.190569, -0.133030, 0.972618, 0.184883, 0.000000, 0.000000, 0.000000, 1.000000, -0.167317, -0.166165, 0.971800, 0.253507, -0.648140, -0.724217, -0.235423, -0.020385, 0.742913, -0.669252, 0.013476, 0.255662, 0.000000, 0.000000, 0.000000, 1.000000, -0.992943, 0.110187, -0.043849, -0.010503, -0.054380, -0.094462, 0.994042, -0.038390, 0.105388, 0.989412, 0.099787, -0.044488, 0.000000, 0.000000, 0.000000, 1.000000
2.2166, 27.8953, -6.7070, 185.0132, 253.6313, -20.2580, 255.4733, -10.4489, -38.2396, -44.4910, 0.649838, 0.725532, 0.226527, 0.027895, -0.734487, 0.676103, -0.058434, -0.006707, -0.195551, -0.128409, 0.972250, 0.185013, 0.000000, 0.000000, 0.000000, 1.000000, -0.172295, -0.161546, 0.971709, 0.253631, -0.646906, -0.725362, -0.235294, -0.020258, 0.742851, -0.669144, 0.020471, 0.255473, 0.000000, 0.000000, 0.000000, 1.000000, -0.992984, 0.109492, -0.044653, -0.010449, -0.054670, -0.090263, 0.994416, -0.038240, 0.104850, 0.989881, 0.095616, -0.044491, 0.000000, 0.000000, 0.000000, 1.000000
2.4860, 27.7647, -6.6327, 185.0380, 253.6543, -20.1277, 255.3978, -10.4900, -38.1882, -44.5542, 0.652535, 0.724136, 0.223217, 0.027765, -0.735071, 0.676453, -0.045627, -0.006633, -0.184036, -0.134307, 0.973700, 0.185038, 0.000000, 0.000000, 0.000000, 1.000000, -0.160790, -0.167440, 0.972682, 0.253654, -0.649707, -0.723913, -0.232017, -0.020128, 0.742986, -0.669264, 0.007611, 0.255398, 0.000000, 0.000000, 0.000000, 1.000000, -0.993625, 0.109318, -0.027550, -0.010490, -0.038227, -0.096813, 0.994568, -0.038188, 0.106057, 0.989281, 0.100375, -0.044554, 0.000000, 0.000000, 0.000000, 1.000000
2.8630, 27.6811, -6.3272, 185.1682, 253.7731, -20.0458, 255.0872, -10.4279, -38.0276, -44.4497, 0.650490, 0.727895, 0.216868, 0.027681, -0.734135, 0.675774, -0.066147, -0.006327, -0.194702, -0.116182, 0.973957, 0.185168, 0.000000, 0.000000, 0.000000, 1.000000, -0.171466, -0.149338, 0.973806, 0.253773, -0.647567, -0.727835, -0.225639, -0.020046, 0.742467, -0.669294, 0.028093, 0.255087, 0.000000, 0.000000, 0.000000, 1.000000, -0.993504, 0.108652, -0.033838, -0.010428, -0.042570, -0.079081, 0.995959, -0.038028, 0.105537, 0.990929, 0.083193, -0.044450, 0.000000, 0.000000, 0.000000, 1.000000
2.9659, 27.6542, -6.2424, 185.1636, 253.7654, -20.0190, 255.0026, -10.4131, -38.0245, -44.4214, 0.650286, 0.729068, 0.213512, 0.027654, -0.733784, 0.675562, -0.071945, -0.006242, -0.196693, -0.109887, 0.974288, 0.185164, 0.000000, 0.000000, 0.000000, 1.000000, -0.173468, -0.143049, 0.974395, 0.253765, -0.647345, -0.729066, -0.222277, -0.020019, 0.742195, -0.669328, 0.033867, 0.255003, 0.000000, 0.000000, 0.000000, 1.000000, -0.993477, 0.108608, -0.034740, -0.010413, -0.042811, -0.072887, 0.996421, -0.038025, 0.105687, 0.991409, 0.077061, -0.044421, 0.000000, 0.000000, 0.000000, 1.000000
3.0775, 27.5486, -6.3317, 185.0584, 253.6648, -19.9123, 255.0958, -10.5143, -38.1139, -44.5534, 0.651964, 0.725447, 0.220612, 0.027549, -0.734818, 0.676254, -0.052180, -0.006332, -0.187043, -0.128090, 0.973965, 0.185058, 0.000000, 0.000000, 0.000000, 1.000000, -0.163800, -0.161232, 0.973228, 0.253665, -0.649109, -0.725280, -0.229404, -0.019912, 0.742850, -0.669308, 0.014143, 0.255096, 0.000000, 0.000000, 0.000000, 1.000000, -0.993891, 0.108342, -0.021019, -0.010514, -0.031035, -0.091608, 0.995311, -0.038114, 0.105909, 0.989884, 0.094411, -0.044553, 0.000000, 0.000000, 0.000000, 1.000000
3.1882, 27.3949, -6.1165, 185.1134, 253.7126, -19.7594, 254.8783, -10.3182, -38.0798, -44.5543, 0.650425, 0.726497, 0.221696, 0.027395, -0.734489, 0.675946, -0.060189, -0.006116, -0.193581, -0.123685, 0.973257, 0.185113, 0.000000, 0.000000, 0.000000, 1.000000, -0.170332, -0.156828, 0.972827, 0.253713, -0.647511, -0.726370, -0.230469, -0.019759, 0.742776, -0.669172, 0.022176, 0.254878, 0.000000, 0.000000, 0.000000, 1.000000, -0.993805, 0.107991, -0.026269, -0.010318, -0.035801, -0.087302, 0.995538, -0.038080, 0.105215, 0.990311, 0.090627, -0.044554, 0.000000, 0.000000, 0.000000, 1.000000
3.4053, 27.2749, -5.9942, 185.1590, 253.7545, -19.6400, 254.7541, -10.2881, -38.0235, -44.5820, 0.651321, 0.725990, 0.220727, 0.027275, -0.734647, 0.676130, -0.056053, -0.005994, -0.189934, -0.125648, 0.973724, 0.185159, 0.000000, 0.000000, 0.000000, 1.000000, -0.166689, -0.158792, 0.973139, 0.253754, -0.648440, -0.725845, -0.229511, -0.019640, 0.742792, -0.669279, 0.018023, 0.254754, 0.000000, 0.000000, 0.000000, 1.000000, -0.994001, 0.107789, -0.018542, -0.010288, -0.028302, -0.089733, 0.995564, -0.038023, 0.105647, 0.990116, 0.092245, -0.044582, 0.000000, 0.000000, 0.000000, 1.000000
3.6514, 27.0894, -5.7510, 185.2033, 253.7909, -19.4553, 254.5089, -10.1426, -37.9867, -44.5916, 0.648210, 0.727105, 0.226148, 0.027089, -0.733539, 0.675954, -0.070758, -0.005751, -0.204314, -0.120022, 0.971520, 0.185203, 0.000000, 0.000000, 0.000000, 1.000000, -0.181073, -0.153174, 0.971468, 0.253791, -0.645199, -0.727011, -0.234889, -0.019455, 0.742247, -0.669323, 0.032814, 0.254509, 0.000000, 0.000000, 0.000000, 1.000000, -0.993763, 0.107531, -0.029545, -0.010143, -0.038742, -0.084476, 0.995672, -0.037987, 0.104570, 0.990606, 0.088115, -0.044592, 0.000000, 0.000000, 0.000000, 1.000000
4.2609, 26.8326, -5.4368, 185.2847, 253.8621, -19.1997, 254.1913, -10.1333, -37.8676, -44.6192, 0.648358, 0.727405, 0.224753, 0.026833, -0.733546, 0.675883, -0.071366, -0.005437, -0.203818, -0.118596, 0.971799, 0.185285, 0.000000, 0.000000, 0.000000, 1.000000, -0.180579, -0.151749, 0.971784, 0.253862, -0.645353, -0.727324, -0.233496, -0.019200, 0.742234, -0.669307, 0.033408, 0.254191, 0.000000, 0.000000, 0.000000, 1.000000, -0.994123, 0.106643, -0.018595, -0.010133, -0.027659, -0.084161, 0.996068, -0.037868, 0.104659, 0.990729, 0.086616, -0.044619, 0.000000, 0.000000, 0.000000, 1.000000
4.3603, 26.7672, -5.4362, 185.2549, 253.8329, -19.1340, 254.1918, -10.1662, -37.8889, -44.6701, 0.648666, 0.725923, 0.228621, 0.026767, -0.734540, 0.675764, -0.061592, -0.005436, -0.199205, -0.127979, 0.971565, 0.185255, 0.000000, 0.000000, 0.000000, 1.000000, -0.175933, -0.161106, 0.971129, 0.253833, -0.645701, -0.725756, -0.237377, -0.019134, 0.743046, -0.668822, 0.023658, 0.254192, 0.000000, 0.000000, 0.000000, 1.000000, -0.994343, 0.105619, -0.011274, -0.010166, -0.021246, -0.093775, 0.995367, -0.037889, 0.104072, 0.989975, 0.095489, -0.044670, 0.000000, 0.000000, 0.000000, 1.000000
4.5536, 26.5943, -5.3166, 185.1824, 253.7573, -18.9607, 254.0748, -10.1123, -37.9645, -44.7356, 0.647022, 0.725175, 0.235552, 0.026594, -0.733504, 0.676338, -0.067373, -0.005317, -0.208170, -0.129187, 0.969524, 0.185182, 0.000000, 0.000000, 0.000000, 1.000000, -0.184916, -0.162329, 0.969255, 0.253757, -0.643976, -0.724998, -0.244280, -0.018961, 0.742362, -0.669349, 0.029528, 0.254075, 0.000000, 0.000000, 0.000000, 1.000000, -0.994226, 0.105975, -0.016866, -0.010112, -0.027059, -0.095492, 0.995062, -0.037964, 0.103841, 0.989773, 0.097809, -0.044736, 0.000000, 0.000000, 0.000000, 1.000000
4.6332, 26.5662, -5.1483, 185.3842, 253.9526, -18.9347, 253.8986, -9.9780, -37.7753, -44.6707, 0.648459, 0.726678, 0.226806, 0.026566, -0.734174, 0.675747, -0.065997, -0.005148, -0.201222, -0.123718, 0.971701, 0.185384, 0.000000, 0.000000, 0.000000, 1.000000, -0.177961, -0.156855, 0.971456, 0.253953, -0.645475, -0.726550, -0.235556, -0.018935, 0.742759, -0.668971, 0.028051, 0.253899, 0.000000, 0.000000, 0.000000, 1.000000, -0.994380, 0.105486, -0.009007, -0.009978, -0.018564, -0.089977, 0.995771, -0.037775, 0.104230, 0.990342, 0.091430, -0.044671, 0.000000, 0.000000, 0.000000, 1.000000
4.8630, 26.4168, -4.9711, 185.4895, 254.0521, -18.7865, 253.7172, -9.8832, -37.6747, -44.6932, 0.647964, 0.726369, 0.229195, 0.026417, -0.733607, 0.676094, -0.068685, -0.004971, -0.204848, -0.123633, 0.970954, 0.185490, 0.000000, 0.000000, 0.000000, 1.000000, -0.181602, -0.156781, 0.970794, 0.254052, -0.644949, -0.726243, -0.237934, -0.018787, 0.742335, -0.669321, 0.030771, 0.253717, 0.000000, 0.000000, 0.000000, 1.000000, -0.994372, 0.105594, -0.008663, -0.009883, -0.018275, -0.090403, 0.995738, -0.037675, 0.104360, 0.990292, 0.091824, -0.044693, 0.000000, 0.000000, 0.000000, 1.000000
5.1469, 26.2280, -4.7906, 185.4610, 254.0182, -18.5977, 253.5375, -9.8231, -37.7039, -44.7383, 0.645510, 0.726913, 0.234337, 0.026228, -0.733348, 0.675626, -0.075693, -0.004791, -0.213347, -0.122990, 0.969204, 0.185461, 0.000000, 0.000000, 0.000000, 1.000000, -0.190082, -0.156124, 0.969275, 0.254018, -0.642418, -0.726792, -0.243049, -0.018598, 0.742407, -0.668879, 0.037852, 0.253538, 0.000000, 0.000000, 0.000000, 1.000000, -0.994437, 0.104581, -0.012595, -0.009823, -0.022092, -0.090154, 0.995683, -0.037704, 0.102994, 0.990422, 0.091963, -0.044738, 0.000000, 0.000000, 0.000000, 1.000000
5.3947, 26.1191, -4.6154, 185.5833, 254.1345, -18.4903, 253.3575, -9.7607, -37.5798, -44.7301, 0.646293, 0.727034, 0.231791, 0.026119, -0.733147, 0.675848, -0.075658, -0.004615, -0.211661, -0.121040, 0.969819, 0.185583, 0.000000, 0.000000, 0.000000, 1.000000, -0.188412, -0.154186, 0.969911, 0.254135, -0.643216, -0.726931, -0.240509, -0.018490, 0.742141, -0.669177, 0.037788, 0.253357, 0.000000, 0.000000, 0.000000, 1.000000, -0.994484, 0.104672, -0.006694, -0.009761, -0.016040, -0.088703, 0.995929, -0.037580, 0.103652, 0.990543, 0.089893, -0.044730, 0.000000, 0.000000, 0.000000, 1.000000
5.6465, 25.9245, -4.4374, 185.5503, 254.0963, -18.2956, 253.1805, -9.6787, -37.6224, -44.7812, 0.644274, 0.727314, 0.236485, 0.025924, -0.732651, 0.675651, -0.081962, -0.004437, -0.219393, -0.120455, 0.968172, 0.185550, 0.000000, 0.000000, 0.000000, 1.000000, -0.196139, -0.153596, 0.968472, 0.254096, -0.641128, -0.727216, -0.245178, -0.018296, 0.741946, -0.669003, 0.044161, 0.253181, 0.000000, 0.000000, 0.000000, 1.000000, -0.994516, 0.104076, -0.010346, -0.009679, -0.019623, -0.088520, 0.995881, -0.037622, 0.102731, 0.990622, 0.090077, -0.044781, 0.000000, 0.000000, 0.000000, 1.000000
5.9058, 25.8270, -4.2731, 185.6479, 254.1882, -18.1992, 253.0123, -9.6427, -37.5199, -44.7689, 0.644695, 0.727696, 0.234152, 0.025827, -0.732407, 0.675730, -0.083481, -0.004273, -0.218972, -0.117675, 0.968609, 0.185648, 0.000000, 0.000000, 0.000000, 1.000000, -0.195732, -0.150826, 0.968989, 0.254188, -0.641552, -0.727623, -0.242847, -0.018199, 0.741687, -0.669191, 0.045657, 0.253012, 0.000000, 0.000000, 0.000000, 1.000000, -0.994553, 0.104076, -0.005643, -0.009643, -0.014675, -0.086219, 0.996168, -0.037520, 0.103191, 0.990825, 0.087277, -0.044769, 0.000000, 0.000000, 0.000000, 1.000000
6.1453, 25.6450, -4.0823, 185.6270, 254.1614, -18.0174, 252.8222, -9.5484, -37.5550, -44.8029, 0.642867, 0.726999, 0.241234, 0.025645, -0.731678, 0.676019, -0.087440, -0.004082, -0.226647, -0.120293, 0.966520, 0.185627, 0.000000, 0.000000, 0.000000, 1.000000, -0.203413, -0.153446, 0.966994, 0.254161, -0.639656, -0.726903, -0.249903, -0.018017, 0.741258, -0.669378, 0.049709, 0.252822, 0.000000, 0.000000, 0.000000, 1.000000, -0.994556, 0.103806, -0.009077, -0.009548, -0.018416, -0.089365, 0.995829, -0.037555, 0.102562, 0.990575, 0.090790, -0.044803, 0.000000, 0.000000, 0.000000, 1.000000
6.5834, 25.4096, -3.7775, 185.6971, 254.2216, -17.7831, 252.5144, -9.4444, -37.4947, -44.8181, 0.641593, 0.727615, 0.242764, 0.025410, -0.730789, 0.675998, -0.094731, -0.003778, -0.233036, -0.116631, 0.965449, 0.185697, 0.000000, 0.000000, 0.000000, 1.000000, -0.209820, -0.149792, 0.966198, 0.254222, -0.638325, -0.727552, -0.251413, -0.017783, 0.740619, -0.669500, 0.057039, 0.252514, 0.000000, 0.000000, 0.000000, 1.000000, -0.994591, 0.103530, -0.008368, -0.009444, -0.017382, -0.086476, 0.996102, -0.037495, 0.102403, 0.990860, 0.087808, -0.044818, 0.000000, 0.000000, 0.000000, 1.000000
6.8027, 25.2544, -3.6352, 185.7682, 254.2884, -17.6287, 252.3691, -9.3714, -37.4357, -44.8639, 0.639820, 0.728127, 0.245888, 0.025254, -0.730619, 0.675532, -0.099265, -0.003635, -0.238383, -0.116139, 0.964202, 0.185768, 0.000000, 0.000000, 0.000000, 1.000000, -0.215153, -0.149287, 0.965102, 0.254288, -0.636504, -0.728068, -0.254519, -0.017629, 0.740656, -0.669052, 0.061624, 0.252369, 0.000000, 0.000000, 0.000000, 1.000000, -0.994666, 0.102644, -0.010201, -0.009371, -0.019114, -0.086239, 0.996091, -0.037436, 0.101363, 0.990973, 0.087741, -0.044864, 0.000000, 0.000000, 0.000000, 1.000000
7.0409, 25.1559, -3.4273, 185.8756, 254.3884, -17.5315, 252.1569, -9.2823, -37.3392, -44.8274, 0.640203, 0.729403, 0.241061, 0.025156, -0.730404, 0.675178, -0.103169, -0.003427, -0.238011, -0.110023, 0.965011, 0.185876, 0.000000, 0.000000, 0.000000, 1.000000, -0.214794, -0.143173, 0.966108, 0.254388, -0.636891, -0.729399, -0.249693, -0.017532, 0.740428, -0.668938, 0.065485, 0.252157, 0.000000, 0.000000, 0.000000, 1.000000, -0.994700, 0.102626, -0.006272, -0.009282, -0.014583, -0.080435, 0.996653, -0.037339, 0.101778, 0.991463, 0.081506, -0.044827, 0.000000, 0.000000, 0.000000, 1.000000
7.3020, 24.9431, -3.2501, 185.8683, 254.3761, -17.3190, 251.9798, -9.1933, -37.3674, -44.8949, 0.638009, 0.728124, 0.250560, 0.024943, -0.729480, 0.675719, -0.106131, -0.003250, -0.246585, -0.115066, 0.962266, 0.185868, 0.000000, 0.000000, 0.000000, 1.000000, -0.223377, -0.148221, 0.963397, 0.254376, -0.634620, -0.728075, -0.259162, -0.017319, 0.739838, -0.669281, 0.068571, 0.251980, 0.000000, 0.000000, 0.000000, 1.000000, -0.994705, 0.102279, -0.010048, -0.009193, -0.018916, -0.086114, 0.996106, -0.037367, 0.101016, 0.991021, 0.087592, -0.044895, 0.000000, 0.000000, 0.000000, 1.000000
7.5586, 24.8610, -3.1033, 186.0067, 254.5093, -17.2384, 251.8274, -9.1661, -37.2285, -44.8827, 0.638195, 0.729293, 0.246656, 0.024861, -0.730292, 0.674879, -0.105882, -0.003103, -0.243681, -0.112558, 0.963302, 0.186007, 0.000000, 0.000000, 0.000000, 1.000000, -0.220446, -0.145693, 0.964457, 0.254509, -0.634831, -0.729266, -0.255268, -0.017238, 0.740536, -0.668540, 0.068273, 0.251827, 0.000000, 0.000000, 0.000000, 1.000000, -0.994868, 0.101140, -0.002957, -0.009166, -0.011481, -0.083797, 0.996417, -0.037228, 0.100530, 0.991337, 0.084528, -0.044883, 0.000000, 0.000000, 0.000000, 1.000000
7.8201, 24.6818, -2.9571, 186.0422, 254.5406, -17.0597, 251.6796, -9.1112, -37.2086, -44.9437, 0.637515, 0.727284, 0.254231, 0.024682, -0.729283, 0.676065, -0.105268, -0.002957, -0.248436, -0.118297, 0.961398, 0.186042, 0.000000, 0.000000, 0.000000, 1.000000, -0.225230, -0.151456, 0.962462, 0.254541, -0.634109, -0.727206, -0.262826, -0.017060, 0.739714, -0.669502, 0.067749, 0.251680, 0.000000, 0.000000, 0.000000, 1.000000, -0.994833, 0.101492, -0.002616, -0.009111, -0.011838, -0.090375, 0.995837, -0.037209, 0.100833, 0.990723, 0.091109, -0.044944, 0.000000, 0.000000, 0.000000, 1.000000
8.0710, 24.5547, -2.7368, 186.1092, 254.6000, -16.9335, 251.4566, -9.0121, -37.1620, -44.9208, 0.636130, 0.729483, 0.251383, 0.024555, -0.728814, 0.675048, -0.114630, -0.002737, -0.253316, -0.110292, 0.961076, 0.186109, 0.000000, 0.000000, 0.000000, 1.000000, -0.230112, -0.143437, 0.962535, 0.254600, -0.632680, -0.729477, -0.259961, -0.016934, 0.739435, -0.668797, 0.077112, 0.251457, 0.000000, 0.000000, 0.000000, 1.000000, -0.994883, 0.100952, -0.004166, -0.009012, -0.012543, -0.082489, 0.996513, -0.037162, 0.100256, 0.991466, 0.083333, -0.044921, 0.000000, 0.000000, 0.000000, 1.000000
8.3145, 24.4028, -2.5758, 186.1852, 254.6710, -16.7826, 251.2924, -8.9389, -37.1042, -44.9532, 0.635833, 0.729331, 0.252570, 0.024403, -0.728238, 0.675308, -0.116742, -0.002576, -0.255706, -0.109703, 0.960510, 0.186185, 0.000000, 0.000000, 0.000000, 1.000000, -0.232520, -0.142858, 0.962043, 0.254671, -0.632363, -0.729331, -0.261140, -0.016783, 0.738953, -0.669080, 0.079246, 0.251292, 0.000000, 0.000000, 0.000000, 1.000000, -0.994880, 0.101033, -0.002406, -0.008939, -0.010780, -0.082417, 0.996540, -0.037104, 0.100485, 0.991463, 0.083084, -0.044953, 0.000000, 0.000000, 0.000000, 1.000000
8.5843, 24.2319, -2.4642, 186.1555, 254.6384, -16.6117, 251.1818, -8.9370, -37.1412, -45.0241, 0.634425, 0.727807, 0.260387, 0.024232, -0.728255, 0.675708, -0.114297, -0.002464, -0.259132, -0.117115, 0.958715, 0.186155, 0.000000, 0.000000, 0.000000, 1.000000, -0.235929, -0.150266, 0.960082, 0.254638, -0.630924, -0.727739, -0.268944, -0.016612, 0.739103, -0.669190, 0.076888, 0.251182, 0.000000, 0.000000, 0.000000, 1.000000, -0.994988, 0.099992, -0.000584, -0.008937, -0.009671, -0.090419, 0.995857, -0.037141, 0.099525, 0.990871, 0.090933, -0.045024, 0.000000, 0.000000, 0.000000, 1.000000
9.0686, 23.9596, -2.1678, 186.2010, 254.6747, -16.3402, 250.8833, -8.8530, -37.1244, -45.0728, 0.632291, 0.727844, 0.265425, 0.023960, -0.727048, 0.675802, -0.121212, -0.002168, -0.267598, -0.116335, 0.956482, 0.186201, 0.000000, 0.000000, 0.000000, 1.000000, -0.244417, -0.149491, 0.958078, 0.254675, -0.628714, -0.727784, -0.273951, -0.016340, 0.738226, -0.669315, 0.083896, 0.250883, 0.000000, 0.000000, 0.000000, 1.000000, -0.995039, 0.099476, -0.001008, -0.008853, -0.010058, -0.090517, 0.995844, -0.037124, 0.098972, 0.990914, 0.091068, -0.045073, 0.000000, 0.000000, 0.000000, 1.000000
9.2035, 23.8383, -1.9739, 186.3884, 254.8554, -16.2209, 250.6820, -8.6717, -36.9802, -45.0673, 0.631494, 0.728567, 0.265339, 0.023838, -0.726571, 0.675511, -0.125611, -0.001974, -0.270756, -0.113465, 0.955938, 0.186388, 0.000000, 0.000000, 0.000000, 1.000000, -0.247584, -0.146618, 0.957708, 0.254855, -0.627890, -0.728532, -0.273853, -0.016221, 0.737873, -0.669137, 0.088313, 0.250682, 0.000000, 0.000000, 0.000000, 1.000000, -0.995048, 0.099366, -0.002232, -0.008672, -0.011001, -0.087789, 0.996078, -0.036980, 0.098780, 0.991171, 0.088448, -0.045067, 0.000000, 0.000000, 0.000000, 1.000000
9.4614, 23.7232, -1.7953, 186.4623, 254.9232, -16.1067, 250.5003, -8.6138, -36.9243, -45.0596, 0.631580, 0.728854, 0.264344, 0.023723, -0.725979, 0.675636, -0.128339, -0.001795, -0.272140, -0.110852, 0.955851, 0.186462, 0.000000, 0.000000, 0.000000, 1.000000, -0.248992, -0.144015, 0.957738, 0.254923, -0.627964, -0.728843, -0.272853, -0.016107, 0.737336, -0.669363, 0.091040, 0.250500, 0.000000, 0.000000, 0.000000, 1.000000, -0.995029, 0.099588, 0.000630, -0.008614, -0.007945, -0.085683, 0.996291, -0.036924, 0.099273, 0.991333, 0.086049, -0.045060, 0.000000, 0.000000, 0.000000, 1.000000
9.7119, 23.5413, -1.6203, 186.4856, 254.9413, -15.9254, 250.3242, -8.5300, -36.9320, -45.1051, 0.629218, 0.728972, 0.269599, 0.023541, -0.724692, 0.675625, -0.135469, -0.001620, -0.280901, -0.110137, 0.953396, 0.186486, 0.000000, 0.000000, 0.000000, 1.000000, -0.257774, -0.143301, 0.955519, 0.254941, -0.625524, -0.728968, -0.278075, -0.015925, 0.736391, -0.669381, 0.098271, 0.250324, 0.000000, 0.000000, 0.000000, 1.000000, -0.995046, 0.099328, -0.004204, -0.008530, -0.012734, -0.085404, 0.996265, -0.036932, 0.098598, 0.991383, 0.086246, -0.045105, 0.000000, 0.000000, 0.000000, 1.000000
10.1795, 23.4169, -1.4517, 186.6458, 255.0958, -15.8027, 250.1493, -8.5860, -36.7645, -45.1155, 0.628990, 0.729113, 0.269751, 0.023417, -0.725583, 0.675157, -0.133014, -0.001452, -0.279106, -0.112062, 0.953699, 0.186646, 0.000000, 0.000000, 0.000000, 1.000000, -0.255944, -0.145208, 0.955724, 0.255096, -0.625311, -0.729090, -0.278233, -0.015803, 0.737210, -0.668836, 0.095806, 0.250149, 0.000000, 0.000000, 0.000000, 1.000000, -0.995203, 0.097656, 0.005858, -0.008586, -0.002767, -0.087944, 0.996122, -0.036764, 0.097793, 0.991327, 0.087792, -0.045116, 0.000000, 0.000000, 0.000000, 1.000000
10.4062, 23.1811, -1.1700, 186.7444, 255.1854, -15.5682, 249.8634, -8.3517, -36.7384, -45.1462, 0.626894, 0.729294, 0.274106, 0.023181, -0.724215, 0.675190, -0.140114, -0.001170, -0.287258, -0.110675, 0.951438, 0.186744, 0.000000, 0.000000, 0.000000, 1.000000, -0.264124, -0.143824, 0.953705, 0.255185, -0.623142, -0.729284, -0.282557, -0.015568, 0.736160, -0.668924, 0.102998, 0.249863, 0.000000, 0.000000, 0.000000, 1.000000, -0.995224, 0.097613, 0.001185, -0.008352, -0.007344, -0.086967, 0.996184, -0.036738, 0.097344, 0.991417, 0.087269, -0.045146, 0.000000, 0.000000, 0.000000, 1.000000
10.6418, 23.0228, -0.9505, 186.7449, 255.1785, -15.4103, 249.6437, -8.2428, -36.7793, -45.1453, 0.625321, 0.729413, 0.277364, 0.023023, -0.722950, 0.675298, -0.145999, -0.000950, -0.293797, -0.109224, 0.949607, 0.186745, 0.000000, 0.000000, 0.000000, 1.000000, -0.270693, -0.142380, 0.952078, 0.255179, -0.621512, -0.729416, -0.285789, -0.015410, 0.735152, -0.669089, 0.108957, 0.249644, 0.000000, 0.000000, 0.000000, 1.000000, -0.995216, 0.097681, -0.001653, -0.008243, -0.010093, -0.085974, 0.996246, -0.036779, 0.097172, 0.991497, 0.086548, -0.045145, 0.000000, 0.000000, 0.000000, 1.000000
10.8962, 22.8561, -0.7709, 186.7736, 255.2017, -15.2441, 249.4629, -8.1652, -36.7856, -45.1762, 0.623218, 0.729270, 0.282426, 0.022856, -0.721638, 0.675445, -0.151699, -0.000771, -0.301393, -0.109268, 0.947218, 0.186774, 0.000000, 0.000000, 0.000000, 1.000000, -0.278316, -0.142428, 0.949871, 0.255202, -0.619342, -0.729273, -0.290820, -0.015244, 0.734136, -0.669234, 0.114757, 0.249463, 0.000000, 0.000000, 0.000000, 1.000000, -0.995224, 0.097480, -0.005170, -0.008165, -0.013648, -0.086508, 0.996158, -0.036786, 0.096658, 0.991471, 0.087425, -0.045176, 0.000000, 0.000000, 0.000000, 1.000000
11.1353, 22.7287, -0.6093, 186.7746, 255.1974, -15.1170, 249.3011, -8.1215, -36.8102, -45.1844, 0.622196, 0.730197, 0.282285, 0.022729, -0.720855, 0.675017, -0.157225, -0.000609, -0.305352, -0.105662, 0.946359, 0.186775, 0.000000, 0.000000, 0.000000, 1.000000, -0.282294, -0.138817, 0.949231, 0.255197, -0.618285, -0.730232, -0.290663, -0.015117, 0.733508, -0.668948, 0.120312, 0.249301, 0.000000, 0.000000, 0.000000, 1.000000, -0.995239, 0.097313, -0.005515, -0.008122, -0.013655, -0.083183, 0.996441, -0.036810, 0.096508, 0.991771, 0.084116, -0.045184, 0.000000, 0.000000, 0.000000, 1.000000
11.4205, 22.5935, -0.4863, 186.9126, 255.3318, -14.9832, 249.1725, -8.0937, -36.6919, -45.2290, 0.622994, 0.729014, 0.283578, 0.022593, -0.721141, 0.675719, -0.152839, -0.000486, -0.303041, -0.109282, 0.946691, 0.186913, 0.000000, 0.000000, 0.000000, 1.000000, -0.279979, -0.142450, 0.949378, 0.255332, -0.619104, -0.729018, -0.291965, -0.014983, 0.733704, -0.669508, 0.115918, 0.249173, 0.000000, 0.000000, 0.000000, 1.000000, -0.995278, 0.097035, 0.002267, -0.008094, -0.006264, -0.087521, 0.996143, -0.036692, 0.096859, 0.991425, 0.087715, -0.045229, 0.000000, 0.000000, 0.000000, 1.000000
11.8472, 22.3538, -0.1823, 186.9961, 255.4053, -14.7447, 248.8650, -7.9730, -36.6683, -45.2489, 0.619697, 0.729297, 0.290004, 0.022354, -0.719657, 0.675451, -0.160809, -0.000182, -0.313161, -0.109050, 0.943418, 0.186996, 0.000000, 0.000000, 0.000000, 1.000000, -0.290120, -0.142211, 0.946365, 0.255405, -0.615717, -0.729302, -0.298349, -0.014745, 0.732614, -0.669249, 0.124024, 0.248865, 0.000000, 0.000000, 0.000000, 1.000000, -0.995372, 0.096086, -0.001040, -0.007973, -0.009527, -0.087902, 0.996084, -0.036668, 0.095619, 0.991484, 0.088410, -0.045249, 0.000000, 0.000000, 0.000000, 1.000000
12.0467, 22.1715, 0.0039, 187.1323, 255.5357, -14.5640, 248.6732, -7.8144, -36.5911, -45.2944, 0.618445, 0.729336, 0.292564, 0.022171, -0.719003, 0.675414, -0.163860, 0.000004, -0.317111, -0.109016, 0.942102, 0.187132, 0.000000, 0.000000, 0.000000, 1.000000, -0.294082, -0.142176, 0.945147, 0.255536, -0.614430, -0.729342, -0.300893, -0.014564, 0.732115, -0.669213, 0.127129, 0.248673, 0.000000, 0.000000, 0.000000, 1.000000, -0.995405, 0.095739, -0.001752, -0.007814, -0.010235, -0.088187, 0.996051, -0.036591, 0.095206, 0.991492, 0.088761, -0.045294, 0.000000, 0.000000, 0.000000, 1.000000
12.3157, 22.0491, 0.1733, 187.1752, 255.5730, -14.4423, 248.5021, -7.7741, -36.5777, -45.2963, 0.616816, 0.729950, 0.294467, 0.022049, -0.717895, 0.675126, -0.169798, 0.000173, -0.322746, -0.106662, 0.940456, 0.187175, 0.000000, 0.000000, 0.000000, 1.000000, -0.299741, -0.139818, 0.943719, 0.255573, -0.612751, -0.729977, -0.302771, -0.014442, 0.731226, -0.669018, 0.133131, 0.248502, 0.000000, 0.000000, 0.000000, 1.000000, -0.995425, 0.095490, -0.003250, -0.007774, -0.011522, -0.086199, 0.996211, -0.036578, 0.094848, 0.991691, 0.086905, -0.045296, 0.000000, 0.000000, 0.000000, 1.000000
12.7411, 21.8086, 0.4416, 187.2921, 255.6814, -14.2032, 248.2289, -7.6694, -36.5248, -45.3395, 0.614936, 0.729455, 0.299581, 0.021809, -0.717075, 0.675325, -0.172453, 0.000442, -0.328111, -0.108775, 0.938356, 0.187292, 0.000000, 0.000000, 0.000000, 1.000000, -0.305117, -0.141932, 0.941679, 0.255681, -0.610824, -0.729463, -0.307862, -0.014203, 0.730615, -0.669133, 0.135876, 0.248229, 0.000000, 0.000000, 0.000000, 1.000000, -0.995514, 0.094606, -0.001361, -0.007669, -0.009825, -0.089061, 0.995978, -0.036525, 0.094104, 0.991523, 0.089591, -0.045340, 0.000000, 0.000000, 0.000000, 1.000000
12.9744, 21.6864, 0.5906, 187.4203, 255.8048, -14.0824, 248.0747, -7.5952, -36.4340, -45.3579, 0.614750, 0.729118, 0.300782, 0.021686, -0.716806, 0.675572, -0.172604, 0.000591, -0.329048, -0.109494, 0.937944, 0.187420, 0.000000, 0.000000, 0.000000, 1.000000, -0.306062, -0.142657, 0.941262, 0.255805, -0.610629, -0.729120, -0.309058, -0.014082, 0.730382, -0.669353, 0.136045, 0.248075, 0.000000, 0.000000, 0.000000, 1.000000, -0.995534, 0.094388, 0.001795, -0.007595, -0.006762, -0.090260, 0.995895, -0.036434, 0.094163, 0.991435, 0.090495, -0.045358, 0.000000, 0.000000, 0.000000, 1.000000
13.2218, 21.5156, 0.7919, 187.4731, 255.8511, -13.9124, 247.8712, -7.4866, -36.4371, -45.3807, 0.612891, 0.729769, 0.302988, 0.021516, -0.715678, 0.675209, -0.178602, 0.000792, -0.334918, -0.107378, 0.936109, 0.187473, 0.000000, 0.000000, 0.000000, 1.000000, -0.311955, -0.140535, 0.939646, 0.255851, -0.608718, -0.729789, -0.311239, -0.013912, 0.729483, -0.669072, 0.142115, 0.247871, 0.000000, 0.000000, 0.000000, 1.000000, -0.995568, 0.094046, -0.000347, -0.007487, -0.008701, -0.088433, 0.996044, -0.036437, 0.093644, 0.991632, 0.088859, -0.045381, 0.000000, 0.000000, 0.000000, 1.000000
13.4771, 21.3623, 0.9591, 187.5317, 255.9044, -13.7599, 247.7014, -7.4173, -36.4234, -45.4096, 0.610624, 0.729837, 0.307369, 0.021362, -0.714896, 0.674990, -0.182516, 0.000959, -0.340678, -0.108288, 0.933923, 0.187532, 0.000000, 0.000000, 0.000000, 1.000000, -0.317721, -0.141436, 0.937576, 0.255904, -0.606401, -0.729848, -0.315594, -0.013760, 0.728925, -0.668818, 0.146121, 0.247701, 0.000000, 0.000000, 0.000000, 1.000000, -0.995650, 0.093148, -0.002026, -0.007417, -0.010413, -0.089642, 0.995920, -0.036423, 0.092586, 0.991609, 0.090222, -0.045410, 0.000000, 0.000000, 0.000000, 1.000000
13.7465, 21.2520, 1.0959, 187.6817, 256.0500, -13.6512, 247.5586, -7.3732, -36.3051, -45.4263, 0.611206, 0.729373, 0.307314, 0.021252, -0.714325, 0.675556, -0.182658, 0.001096, -0.340833, -0.107880, 0.933914, 0.187682, 0.000000, 0.000000, 0.000000, 1.000000, -0.317903, -0.141047, 0.937573, 0.256050, -0.606982, -0.729389, -0.315538, -0.013651, 0.728362, -0.669400, 0.146262, 0.247559, 0.000000, 0.000000, 0.000000, 1.000000, -0.995612, 0.093547, 0.002571, -0.007373, -0.005879, -0.089940, 0.995930, -0.036305, 0.093397, 0.991544, 0.090096, -0.045426, 0.000000, 0.000000, 0.000000, 1.000000
14.1904, 21.0563, 1.3101, 187.6202, 255.9818, -13.4553, 247.3467, -7.4045, -36.4042, -45.4554, 0.608616, 0.729952, 0.311057, 0.021056, -0.712640, 0.675246, -0.190231, 0.001310, -0.348900, -0.105894, 0.931158, 0.187620, 0.000000, 0.000000, 0.000000, 1.000000, -0.326006, -0.139055, 0.935085, 0.255982, -0.604321, -0.729986, -0.319244, -0.013455, 0.726991, -0.669167, 0.153946, 0.247347, 0.000000, 0.000000, 0.000000, 1.000000, -0.995668, 0.092970, 0.001492, -0.007405, -0.006779, -0.088581, 0.996046, -0.036404, 0.092734, 0.991721, 0.088827, -0.045455, 0.000000, 0.000000, 0.000000, 1.000000
14.2888, 20.9435, 1.4529, 187.8417, 256.1985, -13.3447, 247.1951, -7.2208, -36.2459, -45.4749, 0.607891, 0.729817, 0.312785, 0.020943, -0.712211, 0.675323, -0.191555, 0.001453, -0.351031, -0.106324, 0.930308, 0.187842, 0.000000, 0.000000, 0.000000, 1.000000, -0.328147, -0.139487, 0.934271, 0.256198, -0.603578, -0.729847, -0.320963, -0.013345, 0.726646, -0.669228, 0.155306, 0.247195, 0.000000, 0.000000, 0.000000, 1.000000, -0.995684, 0.092803, 0.000964, -0.007221, -0.007349, -0.089197, 0.995987, -0.036246, 0.092516, 0.991681, 0.089494, -0.045475, 0.000000, 0.000000, 0.000000, 1.000000
14.6087, 20.8224, 1.6008, 187.9074, 256.2594, -13.2245, 247.0445, -7.2216, -36.2101, -45.4895, 0.606839, 0.729272, 0.316084, 0.020822, -0.711787, 0.675590, -0.192192, 0.001601, -0.353703, -0.108355, 0.929060, 0.187907, 0.000000, 0.000000, 0.000000, 1.000000, -0.330824, -0.141522, 0.933020, 0.256259, -0.602501, -0.729284, -0.324249, -0.013224, 0.726325, -0.669415, 0.155997, 0.247044, 0.000000, 0.000000, 0.000000, 1.000000, -0.995743, 0.092098, 0.003835, -0.007222, -0.004657, -0.091816, 0.995765, -0.036210, 0.092060, 0.991508, 0.091854, -0.045490, 0.000000, 0.000000, 0.000000, 1.000000
14.7226, 20.6545, 1.8121, 187.9274, 256.2726, -13.0570, 246.8322, -7.0340, -36.2715, -45.5024, 0.604434, 0.729749, 0.319570, 0.020654, -0.710662, 0.675191, -0.197678, 0.001812, -0.360027, -0.107623, 0.926714, 0.187927, 0.000000, 0.000000, 0.000000, 1.000000, -0.337164, -0.140779, 0.930861, 0.256273, -0.600041, -0.729767, -0.327705, -0.013057, 0.725445, -0.669045, 0.161579, 0.246832, 0.000000, 0.000000, 0.000000, 1.000000, -0.995795, 0.091608, -0.001092, -0.007034, -0.009472, -0.091095, 0.995797, -0.036271, 0.091124, 0.991620, 0.091580, -0.045502, 0.000000, 0.000000, 0.000000, 1.000000
14.9836, 20.5997, 1.9141, 188.1808, 256.5223, -13.0048, 246.7202, -7.0024, -36.0419, -45.5006, 0.605037, 0.729700, 0.318541, 0.020600, -0.710499, 0.675381, -0.197613, 0.001914, -0.359334, -0.106760, 0.927082, 0.188181, 0.000000, 0.000000, 0.000000, 1.000000, -0.336485, -0.139924, 0.931235, 0.256522, -0.600650, -0.729726, -0.326679, -0.013005, 0.725257, -0.669269, 0.161496, 0.246720, 0.000000, 0.000000, 0.000000, 1.000000, -0.995781, 0.091668, 0.004175, -0.007002, -0.004180, -0.090766, 0.995863, -0.036042, 0.091668, 0.991644, 0.090767, -0.045501, 0.000000, 0.000000, 0.000000, 1.000000
15.0007, 20.5377, 1.8961, 188.0074, 256.3503, -12.9411, 246.7449, -7.0549, -36.2126, -45.5518, 0.603496, 0.729172, 0.322646, 0.020538, -0.710501, 0.675421, -0.197471, 0.001896, -0.361912, -0.110068, 0.925692, 0.188007, 0.000000, 0.000000, 0.000000, 1.000000, -0.339046, -0.143225, 0.929803, 0.256350, -0.599086, -0.729168, -0.330772, -0.012941, 0.725358, -0.669179, 0.161417, 0.246745, 0.000000, 0.000000, 0.000000, 1.000000, -0.995868, 0.090789, 0.001900, -0.007055, -0.006673, -0.094025, 0.995547, -0.036213, 0.090563, 0.991422, 0.094243, -0.045552, 0.000000, 0.000000, 0.000000, 1.000000
