# Joint_A_Angle(deg), Cam_X(mm), Cam_Y(mm), Cam_Z(mm), Torso_X(mm), Torso_Y(mm), Torso_Z(mm), EE_X(mm), EE_Y(mm), EE_Z(mm), T_cam2marker_flat(16), T_torso2marker_flat(16), T_ee2marker_flat(16)
0.0000, 8.1774, 8.3815, 188.2099, 256.4085, -0.5922, 240.2341, 5.2373, 41.1238, -52.7034, 0.538047, -0.796178, -0.276777, 0.008177, 0.767854, 0.598410, -0.228703, 0.008382, 0.347715, -0.089471, 0.933322, 0.188210, 0.000000, 0.000000, 0.000000, 1.000000, 0.312270, -0.105802, 0.944083, 0.256408, -0.542366, 0.796046, 0.268607, -0.000592, -0.779953, -0.595916, 0.191198, 0.240234, 0.000000, 0.000000, 0.000000, 1.000000, 0.999821, 0.010148, 0.015947, 0.005237, 0.015685, 0.025409, -0.999554, 0.041124, -0.010548, 0.999626, 0.025245, -0.052703, 0.000000, 0.000000, 0.000000, 1.000000
0.0196, 8.1571, 8.3346, 188.1944, 256.3950, -0.5717, 240.2816, 5.1989, 41.1191, -52.7133, 0.537957, -0.796367, -0.276407, 0.008157, 0.767972, 0.598205, -0.228845, 0.008335, 0.347593, -0.089164, 0.933396, 0.188194, 0.000000, 0.000000, 0.000000, 1.000000, 0.312144, -0.105485, 0.944160, 0.256395, -0.542275, 0.796233, 0.268237, -0.000572, -0.780066, -0.595723, 0.191338, 0.240282, 0.000000, 0.000000, 0.000000, 1.000000, 0.999826, 0.010010, 0.015718, 0.005199, 0.015464, 0.025018, -0.999567, 0.041119, -0.010399, 0.999637, 0.024858, -0.052713, 0.000000, 0.000000, 0.000000, 1.000000
0.2217, 8.0058, 8.1652, 188.1795, 256.3882, -0.4200, 240.4511, 5.1284, 41.0317, -52.6889, 0.539425, -0.796285, -0.273771, 0.008006, 0.769022, 0.598314, -0.225000, 0.008165, 0.342965, -0.089165, 0.935107, 0.188180, 0.000000, 0.000000, 0.000000, 1.000000, 0.307465, -0.105491, 0.945694, 0.256388, -0.543702, 0.796150, 0.265579, -0.000420, -0.780931, -0.595832, 0.187433, 0.240451, 0.000000, 0.000000, 0.000000, 1.000000, 0.999801, 0.010225, 0.017157, 0.005128, 0.016897, 0.025032, -0.999544, 0.041032, -0.010650, 0.999634, 0.024855, -0.052689, 0.000000, 0.000000, 0.000000, 1.000000
0.4562, 7.8878, 7.9842, 187.9676, 256.1846, -0.2998, 240.6402, 5.0191, 41.1321, -52.6846, 0.540614, -0.796229, -0.271578, 0.007888, 0.770633, 0.598190, -0.219757, 0.007984, 0.337432, -0.090484, 0.936991, 0.187968, 0.000000, 0.000000, 0.000000, 1.000000, 0.301863, -0.106804, 0.947350, 0.256185, -0.544843, 0.796107, 0.263362, -0.000300, -0.782320, -0.595656, 0.182124, 0.240640, 0.000000, 0.000000, 0.000000, 1.000000, 0.999773, 0.009794, 0.018939, 0.005019, 0.018677, 0.026203, -0.999482, 0.041132, -0.010285, 0.999609, 0.026014, -0.052685, 0.000000, 0.000000, 0.000000, 1.000000
0.7284, 7.8585, 7.8946, 187.9753, 256.1961, -0.2704, 240.7293, 5.1324, 41.0710, -52.7137, 0.541446, -0.795964, -0.270697, 0.007858, 0.771489, 0.598353, -0.216285, 0.007895, 0.334128, -0.091732, 0.938053, 0.187975, 0.000000, 0.000000, 0.000000, 1.000000, 0.298520, -0.108061, 0.948266, 0.256196, -0.545646, 0.795853, 0.262465, -0.000270, -0.783043, -0.595769, 0.178615, 0.240729, 0.000000, 0.000000, 0.000000, 1.000000, 0.999796, 0.009748, 0.017712, 0.005132, 0.017439, 0.027432, -0.999472, 0.041071, -0.010228, 0.999576, 0.027256, -0.052714, 0.000000, 0.000000, 0.000000, 1.000000
0.8227, 7.7207, 7.7354, 188.0161, 256.2444, -0.1328, 240.8866, 5.0180, 40.9499, -52.6982, 0.542269, -0.796681, -0.266916, 0.007721, 0.771628, 0.597917, -0.216993, 0.007735, 0.332468, -0.088291, 0.938973, 0.188016, 0.000000, 0.000000, 0.000000, 1.000000, 0.296848, -0.104599, 0.949179, 0.256244, -0.546454, 0.796539, 0.258677, -0.000133, -0.783115, -0.595471, 0.179293, 0.240887, 0.000000, 0.000000, 0.000000, 1.000000, 0.999788, 0.010275, 0.017842, 0.005018, 0.017592, 0.023908, -0.999559, 0.040950, -0.010697, 0.999661, 0.023722, -0.052698, 0.000000, 0.000000, 0.000000, 1.000000
1.0624, 7.6577, 7.6635, 187.9752, 256.2069, -0.0693, 240.9598, 5.0862, 40.9334, -52.6864, 0.542788, -0.796301, -0.266995, 0.007658, 0.771746, 0.598305, -0.215497, 0.007664, 0.331345, -0.089083, 0.939295, 0.187975, 0.000000, 0.000000, 0.000000, 1.000000, 0.295718, -0.105408, 0.949442, 0.256207, -0.546963, 0.796165, 0.258751, -0.000069, -0.783187, -0.595827, 0.177786, 0.240960, 0.000000, 0.000000, 0.000000, 1.000000, 0.999833, 0.010605, 0.014887, 0.005086, 0.014620, 0.024796, -0.999586, 0.040933, -0.010969, 0.999636, 0.024637, -0.052686, 0.000000, 0.000000, 0.000000, 1.000000
1.1595, 7.5484, 7.4549, 187.8035, 256.0446, 0.0419, 241.1749, 4.8770, 41.0076, -52.7080, 0.543485, -0.796119, -0.266118, 0.007548, 0.772583, 0.598376, -0.212279, 0.007455, 0.328238, -0.090228, 0.940276, 0.187804, 0.000000, 0.000000, 0.000000, 1.000000, 0.292573, -0.106556, 0.950288, 0.256045, -0.547633, 0.795994, 0.257860, 0.000042, -0.783900, -0.595852, 0.174532, 0.241175, 0.000000, 0.000000, 0.000000, 1.000000, 0.999810, 0.010406, 0.016490, 0.004877, 0.016215, 0.025914, -0.999533, 0.041008, -0.010828, 0.999610, 0.025740, -0.052708, 0.000000, 0.000000, 0.000000, 1.000000
1.4049, 7.4264, 7.3338, 187.9098, 256.1567, 0.1631, 241.2915, 4.9297, 40.8272, -52.6876, 0.545676, -0.796180, -0.261411, 0.007426, 0.773825, 0.598466, -0.207445, 0.007334, 0.321609, -0.089088, 0.942672, 0.187910, 0.000000, 0.000000, 0.000000, 1.000000, 0.285881, -0.105421, 0.952449, 0.256157, -0.549765, 0.796044, 0.253124, 0.000163, -0.784876, -0.595987, 0.169617, 0.241292, 0.000000, 0.000000, 0.000000, 1.000000, 0.999754, 0.010939, 0.019274, 0.004930, 0.018998, 0.024806, -0.999512, 0.040827, -0.011412, 0.999632, 0.024592, -0.052688, 0.000000, 0.000000, 0.000000, 1.000000
1.6486, 7.2768, 7.0935, 187.6978, 255.9557, 0.3150, 241.5396, 4.7659, 40.9116, -52.6922, 0.546103, -0.795646, -0.262143, 0.007277, 0.774075, 0.598911, -0.205216, 0.007094, 0.320279, -0.090850, 0.942957, 0.187698, 0.000000, 0.000000, 0.000000, 1.000000, 0.284539, -0.107203, 0.952652, 0.255956, -0.550181, 0.795526, 0.253850, 0.000315, -0.785072, -0.596361, 0.167377, 0.241540, 0.000000, 0.000000, 0.000000, 1.000000, 0.999803, 0.011086, 0.016461, 0.004766, 0.016161, 0.026652, -0.999514, 0.040912, -0.011519, 0.999583, 0.026467, -0.052692, 0.000000, 0.000000, 0.000000, 1.000000
1.8901, 7.1572, 6.9408, 187.7499, 256.0148, 0.4344, 241.6899, 4.7728, 40.7774, -52.6883, 0.547245, -0.796346, -0.257597, 0.007157, 0.775397, 0.598241, -0.202156, 0.006941, 0.315091, -0.089111, 0.944869, 0.187750, 0.000000, 0.000000, 0.000000, 1.000000, 0.279292, -0.105433, 0.954400, 0.256015, -0.551277, 0.796211, 0.249282, 0.000434, -0.786187, -0.595761, 0.164253, 0.241690, 0.000000, 0.000000, 0.000000, 1.000000, 0.999784, 0.010878, 0.017689, 0.004773, 0.017416, 0.024641, -0.999545, 0.040777, -0.011309, 0.999637, 0.024446, -0.052688, 0.000000, 0.000000, 0.000000, 1.000000
2.1270, 7.1263, 6.8489, 187.6078, 255.8768, 0.4667, 241.7873, 4.8068, 40.8628, -52.7072, 0.547448, -0.795740, -0.259034, 0.007126, 0.775904, 0.598611, -0.199092, 0.006849, 0.313486, -0.091993, 0.945126, 0.187608, 0.000000, 0.000000, 0.000000, 1.000000, 0.277667, -0.108333, 0.954550, 0.255877, -0.551466, 0.795631, 0.250712, 0.000467, -0.786629, -0.596017, 0.161178, 0.241787, 0.000000, 0.000000, 0.000000, 1.000000, 0.999827, 0.010650, 0.015259, 0.004807, 0.014960, 0.027545, -0.999509, 0.040863, -0.011066, 0.999564, 0.027381, -0.052707, 0.000000, 0.000000, 0.000000, 1.000000
2.2274, 6.9835, 6.7136, 187.7686, 256.0441, 0.6082, 241.9160, 4.7488, 40.6372, -52.6820, 0.549501, -0.796475, -0.252341, 0.006984, 0.777347, 0.598085, -0.195001, 0.006714, 0.306234, -0.089003, 0.947786, 0.187769, 0.000000, 0.000000, 0.000000, 1.000000, 0.270345, -0.105318, 0.956986, 0.256044, -0.553456, 0.796339, 0.243988, 0.000608, -0.787782, -0.595611, 0.156998, 0.241916, 0.000000, 0.000000, 0.000000, 1.000000, 0.999717, 0.010868, 0.021145, 0.004749, 0.020875, 0.024408, -0.999484, 0.040637, -0.011378, 0.999643, 0.024175, -0.052682, 0.000000, 0.000000, 0.000000, 1.000000
2.4761, 6.9396, 6.6606, 187.7363, 256.0143, 0.6525, 241.9701, 4.8484, 40.6240, -52.6752, 0.549672, -0.796844, -0.250800, 0.006940, 0.776533, 0.598067, -0.198275, 0.006661, 0.307989, -0.085768, 0.947516, 0.187736, 0.000000, 0.000000, 0.000000, 1.000000, 0.272130, -0.102082, 0.956831, 0.256014, -0.553641, 0.796679, 0.242455, 0.000653, -0.787037, -0.595720, 0.160283, 0.241970, 0.000000, 0.000000, 0.000000, 1.000000, 0.999818, 0.011803, 0.014988, 0.004848, 0.014735, 0.021213, -0.999666, 0.040624, -0.012117, 0.999705, 0.021035, -0.052675, 0.000000, 0.000000, 0.000000, 1.000000
2.5596, 6.8272, 6.4547, 187.6007, 255.8879, 0.7664, 242.1810, 4.6432, 40.6724, -52.6953, 0.549898, -0.797091, -0.249515, 0.006827, 0.777513, 0.597647, -0.195681, 0.006455, 0.305098, -0.086396, 0.948394, 0.187601, 0.000000, 0.000000, 0.000000, 1.000000, 0.269199, -0.102691, 0.957594, 0.255888, -0.553843, 0.796932, 0.241158, 0.000766, -0.787902, -0.595276, 0.157659, 0.242181, 0.000000, 0.000000, 0.000000, 1.000000, 0.999801, 0.011172, 0.016527, 0.004643, 0.016282, 0.021637, -0.999633, 0.040672, -0.011526, 0.999703, 0.021451, -0.052695, 0.000000, 0.000000, 0.000000, 1.000000
2.8204, 6.7070, 6.2231, 187.5045, 255.8021, 0.8879, 242.4159, 4.5522, 40.6628, -52.7267, 0.552070, -0.795799, -0.248842, 0.006707, 0.778423, 0.598865, -0.188198, 0.006223, 0.298790, -0.089806, 0.950084, 0.187505, 0.000000, 0.000000, 0.000000, 1.000000, 0.262842, -0.106158, 0.958981, 0.255802, -0.555958, 0.795669, 0.240459, 0.000888, -0.788558, -0.596356, 0.150116, 0.242416, 0.000000, 0.000000, 0.000000, 1.000000, 0.999755, 0.011842, 0.018722, 0.004552, 0.018416, 0.025386, -0.999508, 0.040663, -0.012312, 0.999608, 0.025162, -0.052727, 0.000000, 0.000000, 0.000000, 1.000000
3.0781, 6.5411, 6.0736, 187.5808, 255.8857, 1.0533, 242.5620, 4.5524, 40.4984, -52.6852, 0.553188, -0.796615, -0.243697, 0.006541, 0.779335, 0.598226, -0.186447, 0.006074, 0.294312, -0.086781, 0.951761, 0.187581, 0.000000, 0.000000, 0.000000, 1.000000, 0.258321, -0.103103, 0.960542, 0.255886, -0.557037, 0.796458, 0.235295, 0.001053, -0.789291, -0.595839, 0.148310, 0.242562, 0.000000, 0.000000, 0.000000, 1.000000, 0.999750, 0.011958, 0.018891, 0.004552, 0.018623, 0.022136, -0.999582, 0.040498, -0.012371, 0.999683, 0.021908, -0.052685, 0.000000, 0.000000, 0.000000, 1.000000
3.3168, 6.3941, 5.8338, 187.3643, 255.6801, 1.2027, 242.8099, 4.3872, 40.5996, -52.6914, 0.554107, -0.795894, -0.243964, 0.006394, 0.780160, 0.598730, -0.181309, 0.005834, 0.290371, -0.089866, 0.952685, 0.187364, 0.000000, 0.000000, 0.000000, 1.000000, 0.254343, -0.106211, 0.961264, 0.255680, -0.557921, 0.795765, 0.235546, 0.001203, -0.789958, -0.596219, 0.143140, 0.242810, 0.000000, 0.000000, 0.000000, 1.000000, 0.999751, 0.011887, 0.018893, 0.004387, 0.018588, 0.025289, -0.999507, 0.040600, -0.012359, 0.999610, 0.025062, -0.052691, 0.000000, 0.000000, 0.000000, 1.000000
3.5684, 6.2996, 5.6761, 187.2057, 255.5287, 1.2988, 242.9736, 4.3426, 40.6761, -52.6962, 0.554593, -0.795829, -0.243069, 0.006300, 0.780572, 0.598761, -0.179421, 0.005676, 0.288329, -0.090227, 0.953271, 0.187206, 0.000000, 0.000000, 0.000000, 1.000000, 0.252281, -0.106574, 0.961767, 0.255529, -0.558389, 0.795704, 0.234643, 0.001299, -0.790289, -0.596236, 0.141231, 0.242974, 0.000000, 0.000000, 0.000000, 1.000000, 0.999790, 0.011947, 0.016647, 0.004343, 0.016337, 0.025601, -0.999539, 0.040676, -0.012368, 0.999601, 0.025400, -0.052696, 0.000000, 0.000000, 0.000000, 1.000000
3.8120, 6.2464, 5.6055, 187.3740, 255.7002, 1.3506, 243.0374, 4.4816, 40.4704, -52.7061, 0.555530, -0.796413, -0.238982, 0.006246, 0.782013, 0.598095, -0.175320, 0.005605, 0.282562, -0.089492, 0.955066, 0.187374, 0.000000, 0.000000, 0.000000, 1.000000, 0.246453, -0.105807, 0.963362, 0.255700, -0.559276, 0.796282, 0.230534, 0.001351, -0.791499, -0.595601, 0.137071, 0.243037, 0.000000, 0.000000, 0.000000, 1.000000, 0.999766, 0.011437, 0.018368, 0.004482, 0.018083, 0.024580, -0.999534, 0.040470, -0.011883, 0.999632, 0.024368, -0.052706, 0.000000, 0.000000, 0.000000, 1.000000
3.9008, 6.0907, 5.4241, 187.2361, 255.5710, 1.5078, 243.2238, 4.2763, 40.5223, -52.6766, 0.556322, -0.796132, -0.238077, 0.006091, 0.781633, 0.598605, -0.175277, 0.005424, 0.282058, -0.088578, 0.955300, 0.187236, 0.000000, 0.000000, 0.000000, 1.000000, 0.245958, -0.104917, 0.963586, 0.255571, -0.560062, 0.795991, 0.229626, 0.001508, -0.791097, -0.596146, 0.137020, 0.243224, 0.000000, 0.000000, 0.000000, 1.000000, 0.999773, 0.012300, 0.017414, 0.004276, 0.017117, 0.023860, -0.999569, 0.040522, -0.012710, 0.999640, 0.023644, -0.052677, 0.000000, 0.000000, 0.000000, 1.000000
4.1682, 5.9815, 5.2463, 187.1667, 255.5096, 1.6179, 243.4039, 4.2458, 40.5081, -52.6873, 0.557127, -0.796059, -0.236430, 0.005981, 0.782459, 0.598583, -0.171630, 0.005246, 0.278151, -0.089377, 0.956370, 0.187167, 0.000000, 0.000000, 0.000000, 1.000000, 0.242014, -0.105715, 0.964497, 0.255510, -0.560833, 0.795926, 0.227964, 0.001618, -0.791767, -0.596092, 0.133337, 0.243404, 0.000000, 0.000000, 0.000000, 1.000000, 0.999784, 0.012199, 0.016827, 0.004246, 0.016523, 0.024576, -0.999561, 0.040508, -0.012607, 0.999624, 0.024369, -0.052687, 0.000000, 0.000000, 0.000000, 1.000000
4.4216, 5.8791, 5.0236, 187.1875, 255.5401, 1.7205, 243.6255, 4.1997, 40.4025, -52.7361, 0.557776, -0.796049, -0.234929, 0.005879, 0.783947, 0.598253, -0.165890, 0.005024, 0.272603, -0.091643, 0.957752, 0.187187, 0.000000, 0.000000, 0.000000, 1.000000, 0.236407, -0.107966, 0.965637, 0.255540, -0.561433, 0.795937, 0.226442, 0.001720, -0.793035, -0.595673, 0.127549, 0.243625, 0.000000, 0.000000, 0.000000, 1.000000, 0.999770, 0.011399, 0.018144, 0.004200, 0.017835, 0.026623, -0.999486, 0.040403, -0.011876, 0.999581, 0.026414, -0.052736, 0.000000, 0.000000, 0.000000, 1.000000
4.6499, 5.8238, 4.9835, 187.1120, 255.4668, 1.7765, 243.6684, 4.2774, 40.4377, -52.7096, 0.558823, -0.796317, -0.231508, 0.005824, 0.783655, 0.598406, -0.166721, 0.004983, 0.271298, -0.088255, 0.958441, 0.187112, 0.000000, 0.000000, 0.000000, 1.000000, 0.235105, -0.104585, 0.966327, 0.255467, -0.562468, 0.796174, 0.223016, 0.001777, -0.792689, -0.595960, 0.128359, 0.243668, 0.000000, 0.000000, 0.000000, 1.000000, 0.999801, 0.012445, 0.015568, 0.004277, 0.015275, 0.023309, -0.999612, 0.040438, -0.012803, 0.999651, 0.023114, -0.052710, 0.000000, 0.000000, 0.000000, 1.000000
4.7327, 5.6876, 4.7364, 186.9278, 255.2937, 1.9147, 243.9223, 4.0144, 40.5303, -52.7311, 0.558783, -0.795210, -0.235377, 0.005688, 0.784134, 0.599015, -0.162219, 0.004736, 0.269992, -0.093922, 0.958271, 0.186928, 0.000000, 0.000000, 0.000000, 1.000000, 0.233781, -0.110281, 0.966015, 0.255294, -0.562417, 0.795118, 0.226880, 0.001915, -0.793116, -0.596343, 0.123860, 0.243922, 0.000000, 0.000000, 0.000000, 1.000000, 0.999808, 0.011955, 0.015514, 0.004014, 0.015161, 0.029072, -0.999462, 0.040530, -0.012400, 0.999506, 0.028885, -0.052731, 0.000000, 0.000000, 0.000000, 1.000000
5.0135, 5.5368, 4.5983, 187.1846, 255.5571, 2.0634, 244.0499, 4.0932, 40.2054, -52.7077, 0.561446, -0.795990, -0.226226, 0.005537, 0.785767, 0.598548, -0.155915, 0.004598, 0.259514, -0.090223, 0.961516, 0.187185, 0.000000, 0.000000, 0.000000, 1.000000, 0.223223, -0.106560, 0.968925, 0.255557, -0.564987, 0.795865, 0.217690, 0.002063, -0.794330, -0.596024, 0.117451, 0.244050, 0.000000, 0.000000, 0.000000, 1.000000, 0.999693, 0.012335, 0.021499, 0.004093, 0.021183, 0.025212, -0.999458, 0.040205, -0.012870, 0.999606, 0.024943, -0.052708, 0.000000, 0.000000, 0.000000, 1.000000
5.2370, 5.5107, 4.5154, 187.0936, 255.4696, 2.0905, 244.1362, 4.1451, 40.2555, -52.7286, 0.561274, -0.795611, -0.227982, 0.005511, 0.786184, 0.598618, -0.153532, 0.004515, 0.258626, -0.093062, 0.961484, 0.187094, 0.000000, 0.000000, 0.000000, 1.000000, 0.222321, -0.109403, 0.968816, 0.255470, -0.564807, 0.795511, 0.219443, 0.002090, -0.794711, -0.595981, 0.115067, 0.244136, 0.000000, 0.000000, 0.000000, 1.000000, 0.999758, 0.011914, 0.018514, 0.004145, 0.018175, 0.027981, -0.999443, 0.040255, -0.012425, 0.999537, 0.027758, -0.052729, 0.000000, 0.000000, 0.000000, 1.000000
5.3288, 5.3793, 4.3516, 186.9373, 255.3212, 2.2236, 244.3058, 3.9654, 40.3404, -52.7072, 0.561169, -0.796484, -0.225171, 0.005379, 0.786343, 0.597941, -0.155345, 0.004352, 0.258369, -0.089887, 0.961855, 0.186937, 0.000000, 0.000000, 0.000000, 1.000000, 0.222059, -0.106196, 0.969233, 0.255321, -0.564700, 0.796357, 0.216631, 0.002224, -0.794861, -0.595431, 0.116869, 0.244306, 0.000000, 0.000000, 0.000000, 1.000000, 0.999784, 0.011814, 0.017121, 0.003965, 0.016826, 0.024605, -0.999556, 0.040340, -0.012230, 0.999627, 0.024401, -0.052707, 0.000000, 0.000000, 0.000000, 1.000000
5.5936, 5.3106, 4.3016, 186.9592, 255.3456, 2.2921, 244.3548, 4.0804, 40.2771, -52.6824, 0.562175, -0.796263, -0.223440, 0.005311, 0.786336, 0.598337, -0.153847, 0.004302, 0.256195, -0.089210, 0.962500, 0.186959, 0.000000, 0.000000, 0.000000, 1.000000, 0.219878, -0.105536, 0.969802, 0.255346, -0.565686, 0.796129, 0.214892, 0.002292, -0.794766, -0.595853, 0.115350, 0.244355, 0.000000, 0.000000, 0.000000, 1.000000, 0.999812, 0.012545, 0.014811, 0.004080, 0.014506, 0.024017, -0.999606, 0.040277, -0.012896, 0.999633, 0.023831, -0.052682, 0.000000, 0.000000, 0.000000, 1.000000
5.6823, 5.2044, 4.0952, 186.9024, 255.2980, 2.3991, 244.5631, 3.9059, 40.2660, -52.7133, 0.563047, -0.796250, -0.221276, 0.005204, 0.786978, 0.598330, -0.150555, 0.004095, 0.252275, -0.089370, 0.963520, 0.186902, 0.000000, 0.000000, 0.000000, 1.000000, 0.215928, -0.105697, 0.970672, 0.255298, -0.566524, 0.796118, 0.212714, 0.002399, -0.795252, -0.595840, 0.112024, 0.244563, 0.000000, 0.000000, 0.000000, 1.000000, 0.999771, 0.012540, 0.017329, 0.003906, 0.017023, 0.024154, -0.999563, 0.040266, -0.012953, 0.999630, 0.023935, -0.052713, 0.000000, 0.000000, 0.000000, 1.000000
5.9199, 5.1821, 4.0558, 186.8231, 255.2205, 2.4222, 244.6056, 4.0083, 40.3142, -52.7127, 0.562895, -0.795921, -0.222841, 0.005182, 0.786504, 0.598685, -0.151617, 0.004056, 0.254087, -0.089921, 0.962992, 0.186823, 0.000000, 0.000000, 0.000000, 1.000000, 0.217758, -0.106264, 0.970201, 0.255220, -0.566388, 0.795793, 0.214285, 0.002422, -0.794850, -0.596172, 0.113104, 0.244606, 0.000000, 0.000000, 0.000000, 1.000000, 0.999852, 0.012958, 0.011344, 0.004008, 0.011021, 0.024762, -0.999633, 0.040314, -0.013234, 0.999609, 0.024616, -0.052713, 0.000000, 0.000000, 0.000000, 1.000000
6.0280, 5.0044, 3.8638, 186.7715, 255.1781, 2.6007, 244.7991, 3.8209, 40.2859, -52.6777, 0.564244, -0.796450, -0.217477, 0.005004, 0.787449, 0.598315, -0.148131, 0.003864, 0.248099, -0.087670, 0.964760, 0.186772, 0.000000, 0.000000, 0.000000, 1.000000, 0.211725, -0.103996, 0.971780, 0.255178, -0.567683, 0.796302, 0.208900, 0.002601, -0.795555, -0.595893, 0.109561, 0.244799, 0.000000, 0.000000, 0.000000, 1.000000, 0.999793, 0.013010, 0.015637, 0.003821, 0.015343, 0.022397, -0.999631, 0.040286, -0.013355, 0.999665, 0.022193, -0.052678, 0.000000, 0.000000, 0.000000, 1.000000
6.2662, 4.9292, 3.7351, 186.7732, 255.1856, 2.6760, 244.9275, 3.8452, 40.2306, -52.6922, 0.564763, -0.795670, -0.218981, 0.004929, 0.787192, 0.599060, -0.146481, 0.003735, 0.247734, -0.089653, 0.964671, 0.186773, 0.000000, 0.000000, 0.000000, 1.000000, 0.211366, -0.106014, 0.971641, 0.255186, -0.568198, 0.795538, 0.210403, 0.002676, -0.795283, -0.596557, 0.107913, 0.244928, 0.000000, 0.000000, 0.000000, 1.000000, 0.999836, 0.013612, 0.011938, 0.003845, 0.011601, 0.024541, -0.999631, 0.040231, -0.013900, 0.999606, 0.024379, -0.052692, 0.000000, 0.000000, 0.000000, 1.000000
6.4259, 4.8774, 3.6362, 186.7187, 255.1355, 2.7285, 245.0284, 3.8363, 40.2451, -52.7043, 0.565571, -0.795626, -0.217046, 0.004877, 0.788108, 0.598948, -0.141938, 0.003636, 0.242929, -0.090780, 0.965787, 0.186719, 0.000000, 0.000000, 0.000000, 1.000000, 0.206522, -0.107136, 0.972559, 0.255135, -0.568964, 0.795505, 0.208451, 0.002729, -0.796008, -0.596401, 0.103333, 0.245028, 0.000000, 0.000000, 0.000000, 1.000000, 0.999812, 0.013329, 0.014111, 0.003836, 0.013767, 0.025580, -0.999578, 0.040245, -0.013684, 0.999584, 0.025392, -0.052704, 0.000000, 0.000000, 0.000000, 1.000000
6.5283, 4.7726, 3.4942, 186.7044, 255.1278, 2.8336, 245.1706, 3.7340, 40.2070, -52.7016, 0.565899, -0.795950, -0.214994, 0.004773, 0.788753, 0.598575, -0.139918, 0.003494, 0.240058, -0.090398, 0.966541, 0.186704, 0.000000, 0.000000, 0.000000, 1.000000, 0.203625, -0.106736, 0.973214, 0.255128, -0.569266, 0.795826, 0.206388, 0.002834, -0.796538, -0.596044, 0.101289, 0.245171, 0.000000, 0.000000, 0.000000, 1.000000, 0.999799, 0.012996, 0.015253, 0.003734, 0.014924, 0.025059, -0.999575, 0.040207, -0.013372, 0.999601, 0.024860, -0.052702, 0.000000, 0.000000, 0.000000, 1.000000
6.7502, 4.7212, 3.4034, 186.6399, 255.0674, 2.8858, 245.2638, 3.7730, 40.2293, -52.7085, 0.566231, -0.795870, -0.214413, 0.004721, 0.789494, 0.598424, -0.136334, 0.003403, 0.236814, -0.092082, 0.967182, 0.186640, 0.000000, 0.000000, 0.000000, 1.000000, 0.200351, -0.108413, 0.973707, 0.255067, -0.569571, 0.795762, 0.205796, 0.002886, -0.797150, -0.595827, 0.097683, 0.245264, 0.000000, 0.000000, 0.000000, 1.000000, 0.999812, 0.012596, 0.014712, 0.003773, 0.014372, 0.026626, -0.999542, 0.040229, -0.012982, 0.999566, 0.026440, -0.052709, 0.000000, 0.000000, 0.000000, 1.000000
6.8399, 4.5800, 3.2313, 186.6434, 255.0789, 3.0272, 245.4353, 3.6219, 40.1638, -52.6952, 0.566660, -0.796267, -0.211791, 0.004580, 0.789928, 0.598109, -0.135199, 0.003231, 0.234328, -0.090688, 0.967918, 0.186643, 0.000000, 0.000000, 0.000000, 1.000000, 0.197847, -0.107004, 0.974375, 0.255079, -0.569977, 0.796147, 0.203165, 0.003027, -0.797485, -0.595567, 0.096525, 0.245435, 0.000000, 0.000000, 0.000000, 1.000000, 0.999799, 0.012514, 0.015684, 0.003622, 0.015366, 0.025129, -0.999566, 0.040164, -0.012903, 0.999606, 0.024932, -0.052695, 0.000000, 0.000000, 0.000000, 1.000000
7.0679, 4.5332, 3.1603, 186.6379, 255.0767, 3.0742, 245.5064, 3.6979, 40.1338, -52.6984, 0.567450, -0.795890, -0.211090, 0.004533, 0.789819, 0.598587, -0.133714, 0.003160, 0.232778, -0.090847, 0.968278, 0.186638, 0.000000, 0.000000, 0.000000, 1.000000, 0.196294, -0.107186, 0.974669, 0.255077, -0.570754, 0.795770, 0.202460, 0.003074, -0.797314, -0.596037, 0.095029, 0.245506, 0.000000, 0.000000, 0.000000, 1.000000, 0.999824, 0.013164, 0.013362, 0.003698, 0.013025, 0.025384, -0.999593, 0.040134, -0.013498, 0.999591, 0.025208, -0.052698, 0.000000, 0.000000, 0.000000, 1.000000
7.2013, 4.4082, 2.9892, 186.6193, 255.0659, 3.1995, 245.6779, 3.5813, 40.0916, -52.6961, 0.568322, -0.796371, -0.206890, 0.004408, 0.790368, 0.598283, -0.131817, 0.002989, 0.228754, -0.088605, 0.969444, 0.186619, 0.000000, 0.000000, 0.000000, 1.000000, 0.192245, -0.104929, 0.975721, 0.255066, -0.571589, 0.796231, 0.198246, 0.003200, -0.797702, -0.595823, 0.093095, 0.245678, 0.000000, 0.000000, 0.000000, 1.000000, 0.999797, 0.013257, 0.015157, 0.003581, 0.014849, 0.023041, -0.999624, 0.040092, -0.013602, 0.999647, 0.022840, -0.052696, 0.000000, 0.000000, 0.000000, 1.000000
7.4246, 4.3580, 2.8931, 186.5424, 254.9934, 3.2506, 245.7768, 3.6147, 40.1272, -52.7063, 0.568231, -0.795945, -0.208772, 0.004358, 0.790777, 0.598366, -0.128956, 0.002893, 0.227564, -0.091815, 0.969425, 0.186542, 0.000000, 0.000000, 0.000000, 1.000000, 0.191040, -0.108144, 0.975607, 0.254993, -0.571488, 0.795834, 0.200123, 0.003251, -0.798063, -0.595779, 0.090233, 0.245777, 0.000000, 0.000000, 0.000000, 1.000000, 0.999839, 0.012885, 0.012493, 0.003615, 0.012152, 0.026194, -0.999583, 0.040127, -0.013206, 0.999574, 0.026034, -0.052706, 0.000000, 0.000000, 0.000000, 1.000000
7.5316, 4.2406, 2.7423, 186.4266, 254.8846, 3.3693, 245.9318, 3.4768, 40.1868, -52.6914, 0.568649, -0.796370, -0.205992, 0.004241, 0.790399, 0.598352, -0.131319, 0.002742, 0.227834, -0.088142, 0.969702, 0.186427, 0.000000, 0.000000, 0.000000, 1.000000, 0.191322, -0.104469, 0.975952, 0.254885, -0.571908, 0.796226, 0.197345, 0.003369, -0.797695, -0.595911, 0.092589, 0.245932, 0.000000, 0.000000, 0.000000, 1.000000, 0.999854, 0.013555, 0.010352, 0.003477, 0.010045, 0.022526, -0.999696, 0.040187, -0.013784, 0.999654, 0.022386, -0.052691, 0.000000, 0.000000, 0.000000, 1.000000
7.7528, 4.0994, 2.5253, 186.4287, 254.8966, 3.5108, 246.1484, 3.3808, 40.1116, -52.7042, 0.570267, -0.795591, -0.204525, 0.004099, 0.791307, 0.598873, -0.123225, 0.002525, 0.220521, -0.091571, 0.971074, 0.186429, 0.000000, 0.000000, 0.000000, 1.000000, 0.183964, -0.107923, 0.976990, 0.254897, -0.573460, 0.795478, 0.195853, 0.003511, -0.798311, -0.596295, 0.084450, 0.246148, 0.000000, 0.000000, 0.000000, 1.000000, 0.999807, 0.013693, 0.014084, 0.003381, 0.013724, 0.026027, -0.999567, 0.040112, -0.014053, 0.999567, 0.025834, -0.052704, 0.000000, 0.000000, 0.000000, 1.000000
7.9798, 4.0055, 2.4464, 186.4123, 254.8842, 3.6049, 246.2277, 3.4206, 40.0844, -52.6733, 0.570589, -0.796874, -0.198543, 0.004006, 0.791418, 0.598115, -0.126155, 0.002446, 0.219282, -0.085148, 0.971939, 0.186412, 0.000000, 0.000000, 0.000000, 1.000000, 0.182718, -0.101464, 0.977916, 0.254884, -0.573772, 0.796703, 0.189868, 0.003605, -0.798373, -0.595793, 0.087355, 0.246228, 0.000000, 0.000000, 0.000000, 1.000000, 0.999839, 0.013947, 0.011315, 0.003421, 0.011044, 0.019383, -0.999751, 0.040084, -0.014163, 0.999715, 0.019225, -0.052673, 0.000000, 0.000000, 0.000000, 1.000000
8.1813, 3.8732, 2.3264, 186.5080, 254.9857, 3.7365, 246.3436, 3.4135, 39.9371, -52.6431, 0.572017, -0.796594, -0.195536, 0.003873, 0.791926, 0.598444, -0.121319, 0.002326, 0.213659, -0.085454, 0.973164, 0.186508, 0.000000, 0.000000, 0.000000, 1.000000, 0.177067, -0.101785, 0.978921, 0.254986, -0.575148, 0.796426, 0.186843, 0.003737, -0.798656, -0.596109, 0.082479, 0.246344, 0.000000, 0.000000, 0.000000, 1.000000, 0.999804, 0.014364, 0.013616, 0.003413, 0.013331, 0.019730, -0.999716, 0.039937, -0.014629, 0.999702, 0.019535, -0.052643, 0.000000, 0.000000, 0.000000, 1.000000
8.3316, 3.7746, 2.1123, 186.4528, 254.9399, 3.8360, 246.5595, 3.2798, 39.9330, -52.6845, 0.572284, -0.796190, -0.196398, 0.003775, 0.793021, 0.598299, -0.114696, 0.002112, 0.208825, -0.090109, 0.973793, 0.186453, 0.000000, 0.000000, 0.000000, 1.000000, 0.172192, -0.106434, 0.979297, 0.254940, -0.575374, 0.796064, 0.187689, 0.003836, -0.799559, -0.595780, 0.075836, 0.246559, 0.000000, 0.000000, 0.000000, 1.000000, 0.999782, 0.013488, 0.015944, 0.003280, 0.015614, 0.024273, -0.999583, 0.039933, -0.013869, 0.999614, 0.024058, -0.052685, 0.000000, 0.000000, 0.000000, 1.000000
8.5669, 3.7292, 2.0747, 186.4880, 254.9770, 3.8812, 246.5955, 3.3960, 39.8714, -52.6722, 0.572586, -0.796979, -0.192275, 0.003729, 0.792807, 0.597993, -0.117738, 0.002075, 0.208813, -0.085021, 0.974253, 0.186488, 0.000000, 0.000000, 0.000000, 1.000000, 0.172186, -0.101332, 0.979839, 0.254977, -0.575675, 0.796807, 0.183566, 0.003881, -0.799344, -0.595676, 0.078865, 0.246596, 0.000000, 0.000000, 0.000000, 1.000000, 0.999832, 0.014016, 0.011813, 0.003396, 0.011544, 0.019079, -0.999751, 0.039871, -0.014238, 0.999720, 0.018914, -0.052672, 0.000000, 0.000000, 0.000000, 1.000000
8.6799, 3.5868, 1.8119, 186.3176, 254.8184, 4.0255, 246.8646, 3.1478, 39.9686, -52.6988, 0.573198, -0.795369, -0.197059, 0.003587, 0.794121, 0.598493, -0.105726, 0.001812, 0.202029, -0.095887, 0.974674, 0.186318, 0.000000, 0.000000, 0.000000, 1.000000, 0.165350, -0.112223, 0.979829, 0.254818, -0.576227, 0.795296, 0.188328, 0.004025, -0.800389, -0.595744, 0.066836, 0.246865, 0.000000, 0.000000, 0.000000, 1.000000, 0.999773, 0.012994, 0.016866, 0.003148, 0.016470, 0.029993, -0.999414, 0.039969, -0.013492, 0.999466, 0.029772, -0.052699, 0.000000, 0.000000, 0.000000, 1.000000
8.9051, 3.4294, 1.6631, 186.4213, 254.9293, 4.1822, 247.0089, 3.1197, 39.8066, -52.6657, 0.575062, -0.796286, -0.187702, 0.003429, 0.793355, 0.598798, -0.109675, 0.001663, 0.199729, -0.085844, 0.976084, 0.186421, 0.000000, 0.000000, 0.000000, 1.000000, 0.163065, -0.102192, 0.981309, 0.254929, -0.578069, 0.796121, 0.178965, 0.004182, -0.799529, -0.596447, 0.070745, 0.247009, 0.000000, 0.000000, 0.000000, 1.000000, 0.999770, 0.014986, 0.015317, 0.003120, 0.015016, 0.020031, -0.999687, 0.039807, -0.015288, 0.999687, 0.019801, -0.052666, 0.000000, 0.000000, 0.000000, 1.000000
9.1422, 3.3965, 1.5596, 186.4255, 254.9378, 4.2152, 247.1121, 3.1839, 39.7700, -52.6999, 0.575406, -0.795772, -0.188824, 0.003397, 0.794010, 0.598886, -0.104320, 0.001560, 0.196099, -0.089902, 0.976454, 0.186425, 0.000000, 0.000000, 0.000000, 1.000000, 0.159409, -0.106255, 0.981478, 0.254938, -0.578381, 0.795643, 0.180075, 0.004215, -0.800040, -0.596374, 0.065377, 0.247112, 0.000000, 0.000000, 0.000000, 1.000000, 0.999782, 0.014578, 0.014919, 0.003184, 0.014566, 0.024029, -0.999605, 0.039770, -0.014931, 0.999605, 0.023812, -0.052700, 0.000000, 0.000000, 0.000000, 1.000000
9.2474, 3.2629, 1.4478, 186.3581, 254.8761, 4.3495, 247.2262, 3.0785, 39.7918, -52.6525, 0.575453, -0.797154, -0.182758, 0.003263, 0.794390, 0.597944, -0.106805, 0.001448, 0.194419, -0.083719, 0.977339, 0.186358, 0.000000, 0.000000, 0.000000, 1.000000, 0.157715, -0.100027, 0.982406, 0.254876, -0.578413, 0.796970, 0.174004, 0.004350, -0.800353, -0.595679, 0.067837, 0.247226, 0.000000, 0.000000, 0.000000, 1.000000, 0.999789, 0.014375, 0.014679, 0.003078, 0.014426, 0.017604, -0.999741, 0.039792, -0.014630, 0.999742, 0.017393, -0.052653, 0.000000, 0.000000, 0.000000, 1.000000
9.4847, 3.2250, 1.2673, 186.0674, 254.5932, 4.3903, 247.4180, 3.0180, 40.0333, -52.7072, 0.575177, -0.795454, -0.190852, 0.003225, 0.794284, 0.598873, -0.102290, 0.001267, 0.195663, -0.092756, 0.976275, 0.186067, 0.000000, 0.000000, 0.000000, 1.000000, 0.158965, -0.109109, 0.981237, 0.254593, -0.578148, 0.795351, 0.182102, 0.004390, -0.800297, -0.596248, 0.063352, 0.247418, 0.000000, 0.000000, 0.000000, 1.000000, 0.999853, 0.014309, 0.009394, 0.003018, 0.009008, 0.026783, -0.999601, 0.040033, -0.014555, 0.999539, 0.026650, -0.052707, 0.000000, 0.000000, 0.000000, 1.000000
9.6594, 3.0698, 1.1267, 186.2805, 254.8130, 4.5439, 247.5498, 2.9826, 39.7716, -52.6786, 0.576671, -0.795914, -0.184313, 0.003070, 0.795416, 0.598465, -0.095669, 0.001127, 0.186449, -0.091436, 0.978200, 0.186280, 0.000000, 0.000000, 0.000000, 1.000000, 0.149700, -0.107770, 0.982841, 0.254813, -0.579560, 0.795800, 0.175535, 0.004544, -0.801062, -0.595893, 0.056672, 0.247550, 0.000000, 0.000000, 0.000000, 1.000000, 0.999777, 0.014069, 0.015721, 0.002983, 0.015361, 0.025320, -0.999561, 0.039772, -0.014461, 0.999580, 0.025098, -0.052679, 0.000000, 0.000000, 0.000000, 1.000000
9.8336, 2.9414, 0.9696, 186.2142, 254.7542, 4.6731, 247.7091, 2.8922, 39.7861, -52.6620, 0.577697, -0.795673, -0.182127, 0.002941, 0.795759, 0.598678, -0.091387, 0.000970, 0.181749, -0.092135, 0.979019, 0.186214, 0.000000, 0.000000, 0.000000, 1.000000, 0.144981, -0.108478, 0.983470, 0.254754, -0.580544, 0.795565, 0.173335, 0.004673, -0.801217, -0.596078, 0.052365, 0.247709, 0.000000, 0.000000, 0.000000, 1.000000, 0.999744, 0.014314, 0.017511, 0.002892, 0.017134, 0.026027, -0.999514, 0.039786, -0.014763, 0.999559, 0.025775, -0.052662, 0.000000, 0.000000, 0.000000, 1.000000
10.1024, 2.8181, 0.8005, 186.3544, 254.9020, 4.7954, 247.8724, 2.9005, 39.5944, -52.6709, 0.578335, -0.796910, -0.174537, 0.002818, 0.795961, 0.598100, -0.093389, 0.000800, 0.178813, -0.084915, 0.980212, 0.186354, 0.000000, 0.000000, 0.000000, 1.000000, 0.142033, -0.101230, 0.984672, 0.254902, -0.581155, 0.796737, 0.165738, 0.004795, -0.801302, -0.595787, 0.054333, 0.247872, 0.000000, 0.000000, 0.000000, 1.000000, 0.999769, 0.014668, 0.015724, 0.002900, 0.015450, 0.018617, -0.999707, 0.039594, -0.014956, 0.999719, 0.018386, -0.052671, 0.000000, 0.000000, 0.000000, 1.000000
10.5346, 2.6893, 0.5795, 186.0777, 254.6354, 4.9270, 248.1038, 2.8973, 39.7970, -52.6766, 0.578703, -0.796176, -0.176653, 0.002689, 0.795821, 0.598647, -0.091050, 0.000579, 0.178244, -0.087893, 0.980053, 0.186078, 0.000000, 0.000000, 0.000000, 1.000000, 0.141467, -0.104234, 0.984440, 0.254635, -0.581518, 0.796030, 0.167851, 0.004927, -0.801139, -0.596215, 0.051998, 0.248104, 0.000000, 0.000000, 0.000000, 1.000000, 0.999847, 0.015109, 0.008838, 0.002897, 0.008510, 0.021606, -0.999730, 0.039797, -0.015296, 0.999652, 0.021474, -0.052677, 0.000000, 0.000000, 0.000000, 1.000000
10.6400, 2.6408, 0.5226, 186.0585, 254.6189, 4.9758, 248.1613, 2.8939, 39.7963, -52.6693, 0.579406, -0.795626, -0.176825, 0.002641, 0.796089, 0.598966, -0.086493, 0.000523, 0.174728, -0.090654, 0.980435, 0.186059, 0.000000, 0.000000, 0.000000, 1.000000, 0.137937, -0.107010, 0.984643, 0.254619, -0.582189, 0.795504, 0.168013, 0.004976, -0.801267, -0.596424, 0.047430, 0.248161, 0.000000, 0.000000, 0.000000, 1.000000, 0.999828, 0.015210, 0.010634, 0.002894, 0.010261, 0.024410, -0.999649, 0.039796, -0.015464, 0.999586, 0.024249, -0.052669, 0.000000, 0.000000, 0.000000, 1.000000
10.7376, 2.4969, 0.3266, 186.1173, 254.6867, 5.1195, 248.3546, 2.7332, 39.6891, -52.6716, 0.580373, -0.795772, -0.172956, 0.002497, 0.795796, 0.599289, -0.086954, 0.000327, 0.172846, -0.087172, 0.981084, 0.186117, 0.000000, 0.000000, 0.000000, 1.000000, 0.136059, -0.103542, 0.985275, 0.254687, -0.583138, 0.795618, 0.164138, 0.005119, -0.800898, -0.596884, 0.047872, 0.248355, 0.000000, 0.000000, 0.000000, 1.000000, 0.999812, 0.016062, 0.010868, 0.002733, 0.010530, 0.020980, -0.999724, 0.039689, -0.016286, 0.999651, 0.020807, -0.052672, 0.000000, 0.000000, 0.000000, 1.000000
10.9294, 2.3684, 0.1501, 186.0607, 254.6383, 5.2487, 248.5330, 2.6412, 39.6961, -52.6669, 0.580634, -0.795961, -0.171206, 0.002368, 0.796575, 0.598862, -0.082660, 0.000150, 0.168323, -0.088383, 0.981762, 0.186061, 0.000000, 0.000000, 0.000000, 1.000000, 0.131507, -0.104734, 0.985767, 0.254638, -0.583359, 0.795818, 0.162376, 0.005249, -0.801498, -0.596410, 0.043558, 0.248533, 0.000000, 0.000000, 0.000000, 1.000000, 0.999807, 0.015465, 0.012088, 0.002641, 0.011746, 0.022040, -0.999688, 0.039696, -0.015727, 0.999637, 0.021854, -0.052667, 0.000000, 0.000000, 0.000000, 1.000000
11.1850, 2.2574, -0.0817, 186.0534, 254.6412, 5.3602, 248.7646, 2.5674, 39.6500, -52.7120, 0.581165, -0.796178, -0.168366, 0.002257, 0.797902, 0.598170, -0.074467, -0.000082, 0.160001, -0.091062, 0.982908, 0.186053, 0.000000, 0.000000, 0.000000, 1.000000, 0.123134, -0.107382, 0.986563, 0.254641, -0.583817, 0.796061, 0.159514, 0.005360, -0.802494, -0.595614, 0.035331, 0.248765, 0.000000, 0.000000, 0.000000, 1.000000, 0.999767, 0.014416, 0.016036, 0.002567, 0.015679, 0.024497, -0.999577, 0.039650, -0.014803, 0.999596, 0.024265, -0.052712, 0.000000, 0.000000, 0.000000, 1.000000
11.4357, 2.0532, -0.2088, 186.2476, 254.8420, 5.5628, 248.8836, 2.5556, 39.4034, -52.6347, 0.582765, -0.796994, -0.158697, 0.002053, 0.797610, 0.598360, -0.076058, -0.000209, 0.155576, -0.082255, 0.984393, 0.186248, 0.000000, 0.000000, 0.000000, 1.000000, 0.118710, -0.098581, 0.988023, 0.254842, -0.585376, 0.796797, 0.149834, 0.005563, -0.802024, -0.596152, 0.036880, 0.248884, 0.000000, 0.000000, 0.000000, 1.000000, 0.999747, 0.015711, 0.016121, 0.002556, 0.015874, 0.015668, -0.999751, 0.039403, -0.015960, 0.999754, 0.015415, -0.052635, 0.000000, 0.000000, 0.000000, 1.000000
11.7097, 1.9708, -0.4787, 186.0097, 254.6157, 5.6477, 249.1625, 2.4404, 39.5867, -52.7093, 0.583120, -0.795718, -0.163719, 0.001971, 0.798476, 0.598510, -0.064979, -0.000479, 0.149692, -0.092835, 0.984365, 0.186010, 0.000000, 0.000000, 0.000000, 1.000000, 0.112794, -0.109170, 0.987603, 0.254616, -0.585678, 0.795617, 0.154838, 0.005648, -0.802657, -0.595882, 0.025802, 0.249163, 0.000000, 0.000000, 0.000000, 1.000000, 0.999738, 0.014882, 0.017411, 0.002440, 0.017017, 0.026210, -0.999512, 0.039587, -0.015331, 0.999546, 0.025950, -0.052709, 0.000000, 0.000000, 0.000000, 1.000000
11.9353, 1.8163, -0.5980, 186.0349, 254.6470, 5.8022, 249.2805, 2.4162, 39.5178, -52.6558, 0.583699, -0.796035, -0.160074, 0.001816, 0.797423, 0.599142, -0.071736, -0.000598, 0.153011, -0.085774, 0.984495, 0.186035, 0.000000, 0.000000, 0.000000, 1.000000, 0.116146, -0.102138, 0.987967, 0.254647, -0.586286, 0.795868, 0.151203, 0.005802, -0.801735, -0.596793, 0.032555, 0.249280, 0.000000, 0.000000, 0.000000, 1.000000, 0.999813, 0.016455, 0.010120, 0.002416, 0.009803, 0.019211, -0.999767, 0.039518, -0.016645, 0.999680, 0.019046, -0.052656, 0.000000, 0.000000, 0.000000, 1.000000
12.1700, 1.7876, -0.6654, 185.9658, 254.5809, 5.8316, 249.3504, 2.4965, 39.5655, -52.6672, 0.583550, -0.796307, -0.159262, 0.001788, 0.797683, 0.598837, -0.071391, -0.000665, 0.152221, -0.085380, 0.984652, 0.185966, 0.000000, 0.000000, 0.000000, 1.000000, 0.115348, -0.101729, 0.988102, 0.254581, -0.586130, 0.796137, 0.150389, 0.005832, -0.801964, -0.596504, 0.032206, 0.249350, 0.000000, 0.000000, 0.000000, 1.000000, 0.999846, 0.016194, 0.006790, 0.002496, 0.006487, 0.018688, -0.999804, 0.039566, -0.016318, 0.999694, 0.018580, -0.052667, 0.000000, 0.000000, 0.000000, 1.000000
12.2829, 1.6252, -0.8296, 186.1937, 254.8166, 5.9922, 249.5052, 2.3849, 39.2979, -52.6476, 0.585455, -0.796693, -0.150077, 0.001625, 0.798274, 0.598808, -0.064720, -0.000830, 0.141429, -0.081912, 0.986554, 0.186194, 0.000000, 0.000000, 0.000000, 1.000000, 0.104525, -0.098259, 0.989656, 0.254817, -0.587937, 0.796492, 0.141177, 0.005992, -0.802125, -0.596612, 0.025483, 0.249505, 0.000000, 0.000000, 0.000000, 1.000000, 0.999740, 0.016527, 0.015732, 0.002385, 0.015481, 0.015179, -0.999765, 0.039298, -0.016762, 0.999748, 0.014919, -0.052648, 0.000000, 0.000000, 0.000000, 1.000000
12.4792, 1.6082, -0.9010, 185.9919, 254.6179, 6.0111, 249.5845, 2.4214, 39.4801, -52.6616, 0.585178, -0.796194, -0.153759, 0.001608, 0.798392, 0.598878, -0.062578, -0.000901, 0.141907, -0.086141, 0.986125, 0.185992, 0.000000, 0.000000, 0.000000, 1.000000, 0.105000, -0.102492, 0.989177, 0.254618, -0.587665, 0.796031, 0.144860, 0.006011, -0.802262, -0.596515, 0.023352, 0.249584, 0.000000, 0.000000, 0.000000, 1.000000, 0.999797, 0.016277, 0.011872, 0.002421, 0.011556, 0.019370, -0.999746, 0.039480, -0.016503, 0.999680, 0.019178, -0.052662, 0.000000, 0.000000, 0.000000, 1.000000
12.5971, 1.4358, -1.1272, 186.0786, 254.7150, 6.1830, 249.8068, 2.2347, 39.3462, -52.6604, 0.585790, -0.796455, -0.150028, 0.001436, 0.798686, 0.598744, -0.060057, -0.001127, 0.137661, -0.084645, 0.986856, 0.186079, 0.000000, 0.000000, 0.000000, 1.000000, 0.100740, -0.100990, 0.989774, 0.254715, -0.588239, 0.796279, 0.141118, 0.006183, -0.802388, -0.596440, 0.020811, 0.249807, 0.000000, 0.000000, 0.000000, 1.000000, 0.999768, 0.016284, 0.014087, 0.002235, 0.013797, 0.017812, -0.999746, 0.039346, -0.016531, 0.999709, 0.017584, -0.052660, 0.000000, 0.000000, 0.000000, 1.000000
12.8555, 1.3767, -1.3282, 185.8251, 254.4702, 6.2448, 250.0175, 2.1797, 39.5618, -52.7124, 0.585400, -0.795316, -0.157415, 0.001377, 0.799053, 0.598834, -0.053971, -0.001328, 0.137189, -0.094189, 0.986057, 0.185825, 0.000000, 0.000000, 0.000000, 1.000000, 0.100258, -0.110540, 0.988802, 0.254470, -0.587846, 0.795226, 0.148503, 0.006245, -0.802737, -0.596151, 0.014747, 0.250018, 0.000000, 0.000000, 0.000000, 1.000000, 0.999825, 0.015693, 0.010158, 0.002180, 0.009727, 0.027326, -0.999579, 0.039562, -0.015964, 0.999503, 0.027168, -0.052712, 0.000000, 0.000000, 0.000000, 1.000000
13.0878, 1.2939, -1.3538, 185.8945, 254.5413, 6.3270, 250.0402, 2.2819, 39.4707, -52.6653, 0.585621, -0.796294, -0.151535, 0.001294, 0.799343, 0.598345, -0.055082, -0.001354, 0.134532, -0.088872, 0.986916, 0.185895, 0.000000, 0.000000, 0.000000, 1.000000, 0.097589, -0.105199, 0.989651, 0.254541, -0.588043, 0.796157, 0.142617, 0.006327, -0.802921, -0.595875, 0.015835, 0.250040, 0.000000, 0.000000, 0.000000, 1.000000, 0.999840, 0.015603, 0.008693, 0.002282, 0.008351, 0.021839, -0.999727, 0.039471, -0.015789, 0.999640, 0.021705, -0.052665, 0.000000, 0.000000, 0.000000, 1.000000
13.1884, 1.1135, -1.5419, 186.0309, 254.6866, 6.5064, 250.2224, 2.1151, 39.2933, -52.6388, 0.587235, -0.796506, -0.143989, 0.001113, 0.799098, 0.598816, -0.053490, -0.001542, 0.128828, -0.083650, 0.988133, 0.186031, 0.000000, 0.000000, 0.000000, 1.000000, 0.091885, -0.099998, 0.990736, 0.254687, -0.589604, 0.796321, 0.135057, 0.006506, -0.802449, -0.596552, 0.014211, 0.250222, 0.000000, 0.000000, 0.000000, 1.000000, 0.999781, 0.016632, 0.012710, 0.002115, 0.012433, 0.016659, -0.999784, 0.039293, -0.016840, 0.999723, 0.016449, -0.052639, 0.000000, 0.000000, 0.000000, 1.000000
13.4196, 1.0826, -1.6791, 185.9204, 254.5818, 6.5385, 250.3638, 2.1300, 39.3798, -52.6863, 0.587132, -0.796013, -0.147104, 0.001083, 0.799201, 0.598900, -0.050957, -0.001679, 0.128662, -0.087647, 0.987808, 0.185920, 0.000000, 0.000000, 0.000000, 1.000000, 0.091716, -0.104000, 0.990339, 0.254582, -0.589500, 0.795864, 0.138171, 0.006539, -0.802545, -0.596477, 0.011686, 0.250364, 0.000000, 0.000000, 0.000000, 1.000000, 0.999824, 0.016506, 0.008897, 0.002130, 0.008556, 0.020615, -0.999751, 0.039380, -0.016685, 0.999651, 0.020470, -0.052686, 0.000000, 0.000000, 0.000000, 1.000000
13.5747, 0.9630, -1.7864, 185.9081, 254.5749, 6.6585, 250.4714, 2.0796, 39.3627, -52.6514, 0.587506, -0.796362, -0.143684, 0.000963, 0.799563, 0.598620, -0.048514, -0.001786, 0.124646, -0.086382, 0.988434, 0.185908, 0.000000, 0.000000, 0.000000, 1.000000, 0.087686, -0.102721, 0.990838, 0.254575, -0.589837, 0.796201, 0.134742, 0.006658, -0.802747, -0.596248, 0.009227, 0.250471, 0.000000, 0.000000, 0.000000, 1.000000, 0.999815, 0.016304, 0.010209, 0.002080, 0.009894, 0.019254, -0.999766, 0.039363, -0.016497, 0.999682, 0.019089, -0.052651, 0.000000, 0.000000, 0.000000, 1.000000
13.7468, 0.9165, -1.8231, 186.0821, 254.7507, 6.7034, 250.5010, 2.1641, 39.1756, -52.6474, 0.587362, -0.797294, -0.139024, 0.000916, 0.799117, 0.598529, -0.056340, -0.001823, 0.128130, -0.078005, 0.988685, 0.186082, 0.000000, 0.000000, 0.000000, 1.000000, 0.091185, -0.094339, 0.991355, 0.254751, -0.589725, 0.797057, 0.130093, 0.006703, -0.802440, -0.596489, 0.017046, 0.250501, 0.000000, 0.000000, 0.000000, 1.000000, 0.999852, 0.016845, 0.003580, 0.002164, 0.003399, 0.010790, -0.999936, 0.039176, -0.016883, 0.999800, 0.010731, -0.052647, 0.000000, 0.000000, 0.000000, 1.000000
13.8338, 0.7806, -2.0363, 185.8927, 254.5711, 6.8413, 250.7212, 1.9489, 39.3280, -52.6489, 0.588102, -0.796579, -0.139989, 0.000781, 0.799560, 0.598688, -0.047711, -0.002036, 0.121816, -0.083871, 0.989003, 0.185893, 0.000000, 0.000000, 0.000000, 1.000000, 0.084852, -0.100213, 0.991341, 0.254571, -0.590408, 0.796396, 0.131042, 0.006841, -0.802632, -0.596415, 0.008409, 0.250721, 0.000000, 0.000000, 0.000000, 1.000000, 0.999825, 0.016644, 0.008530, 0.001949, 0.008252, 0.016672, -0.999827, 0.039328, -0.016783, 0.999722, 0.016531, -0.052649, 0.000000, 0.000000, 0.000000, 1.000000
14.0977, 0.6208, -2.2298, 185.8621, 254.5496, 7.0017, 250.9155, 1.8778, 39.3166, -52.6306, 0.589336, -0.796536, -0.134956, 0.000621, 0.799848, 0.598781, -0.041285, -0.002230, 0.113694, -0.083613, 0.989991, 0.185862, 0.000000, 0.000000, 0.000000, 1.000000, 0.076715, -0.099960, 0.992030, 0.254550, -0.591568, 0.796350, 0.125989, 0.007002, -0.802597, -0.596519, 0.001959, 0.250916, 0.000000, 0.000000, 0.000000, 1.000000, 0.999784, 0.016853, 0.012138, 0.001878, 0.011863, 0.016351, -0.999796, 0.039317, -0.017048, 0.999724, 0.016148, -0.052631, 0.000000, 0.000000, 0.000000, 1.000000
14.3295, 0.5101, -2.4187, 185.8824, 254.5783, 7.1125, 251.1033, 1.8227, 39.2638, -52.6530, 0.588899, -0.795921, -0.140387, 0.000510, 0.800119, 0.598655, -0.037703, -0.002419, 0.114052, -0.090123, 0.989379, 0.185882, 0.000000, 0.000000, 0.000000, 1.000000, 0.077065, -0.106465, 0.991325, 0.254578, -0.591134, 0.795795, 0.131420, 0.007112, -0.802883, -0.596134, -0.001607, 0.251103, 0.000000, 0.000000, 0.000000, 1.000000, 0.999835, 0.016388, 0.007798, 0.001823, 0.007423, 0.022800, -0.999712, 0.039264, -0.016561, 0.999606, 0.022674, -0.052653, 0.000000, 0.000000, 0.000000, 1.000000
14.5947, 0.3934, -2.5248, 185.8773, 254.5784, 7.2294, 251.2093, 1.8508, 39.2399, -52.6202, 0.590027, -0.796221, -0.133791, 0.000393, 0.799709, 0.599132, -0.038806, -0.002525, 0.111056, -0.084097, 0.990250, 0.185877, 0.000000, 0.000000, 0.000000, 1.000000, 0.074078, -0.100460, 0.992179, 0.254578, -0.592235, 0.796039, 0.124818, 0.007229, -0.802353, -0.596850, -0.000527, 0.251209, 0.000000, 0.000000, 0.000000, 1.000000, 0.999829, 0.017404, 0.006173, 0.001851, 0.005881, 0.016742, -0.999843, 0.039240, -0.017504, 0.999708, 0.016636, -0.052620, 0.000000, 0.000000, 0.000000, 1.000000
14.7377, 0.3709, -2.6485, 185.7193, 254.4257, 7.2535, 251.3391, 1.8177, 39.3825, -52.6634, 0.589822, -0.795711, -0.137677, 0.000371, 0.800175, 0.598853, -0.033074, -0.002649, 0.108765, -0.090658, 0.989925, 0.185719, 0.000000, 0.000000, 0.000000, 1.000000, 0.071773, -0.107009, 0.991664, 0.254426, -0.592009, 0.795589, 0.128698, 0.007253, -0.802729, -0.596311, -0.006248, 0.251339, 0.000000, 0.000000, 0.000000, 1.000000, 0.999841, 0.016771, 0.006045, 0.001818, 0.005654, 0.023248, -0.999714, 0.039383, -0.016906, 0.999589, 0.023150, -0.052663, 0.000000, 0.000000, 0.000000, 1.000000
14.8265, 0.2110, -2.7735, 185.8478, 254.5604, 7.4124, 251.4586, 1.6998, 39.2266, -52.6160, 0.590769, -0.796370, -0.129563, 0.000211, 0.799544, 0.599377, -0.038435, -0.002774, 0.108266, -0.080885, 0.990826, 0.185848, 0.000000, 0.000000, 0.000000, 1.000000, 0.071290, -0.097259, 0.992703, 0.254560, -0.592951, 0.796158, 0.120585, 0.007412, -0.802076, -0.597221, -0.000911, 0.251459, 0.000000, 0.000000, 0.000000, 1.000000, 0.999827, 0.017943, 0.004925, 0.001700, 0.004684, 0.013481, -0.999898, 0.039227, -0.018007, 0.999748, 0.013395, -0.052616, 0.000000, 0.000000, 0.000000, 1.000000
15.0893, 0.1534, -2.8383, 185.9262, 254.6419, 7.4694, 251.5201, 1.8024, 39.1307, -52.6127, 0.591373, -0.796460, -0.126211, 0.000153, 0.799644, 0.599407, -0.035783, -0.002838, 0.104151, -0.079763, 0.991358, 0.185926, 0.000000, 0.000000, 0.000000, 1.000000, 0.067169, -0.096138, 0.993099, 0.254642, -0.593517, 0.796238, 0.117224, 0.007469, -0.802013, -0.597295, -0.003577, 0.251520, 0.000000, 0.000000, 0.000000, 1.000000, 0.999826, 0.018097, 0.004477, 0.001802, 0.004256, 0.012276, -0.999916, 0.039131, -0.018150, 0.999761, 0.012197, -0.052613, 0.000000, 0.000000, 0.000000, 1.000000
15.2169, 0.0172, -3.0330, 185.8532, 254.5778, 7.6065, 251.7174, 1.6457, 39.1743, -52.6114, 0.591467, -0.797048, -0.121988, 0.000017, 0.800307, 0.598748, -0.031770, -0.003033, 0.098362, -0.078837, 0.992023, 0.185853, 0.000000, 0.000000, 0.000000, 1.000000, 0.061358, -0.095181, 0.993567, 0.254578, -0.593560, 0.796819, 0.112989, 0.007607, -0.802447, -0.596675, -0.007605, 0.251717, 0.000000, 0.000000, 0.000000, 1.000000, 0.999817, 0.017348, 0.008006, 0.001646, 0.007812, 0.011219, -0.999907, 0.039174, -0.017437, 0.999787, 0.011081, -0.052611, 0.000000, 0.000000, 0.000000, 1.000000
15.4354, -0.0435, -3.0869, 185.8657, 254.5930, 7.6672, 251.7706, 1.7175, 39.1461, -52.5946, 0.591413, -0.796791, -0.123911, -0.000044, 0.799922, 0.599109, -0.034543, -0.003087, 0.101760, -0.078690, 0.991692, 0.185866, 0.000000, 0.000000, 0.000000, 1.000000, 0.064769, -0.095052, 0.993363, 0.254593, -0.593537, 0.796560, 0.114920, 0.007667, -0.802196, -0.597041, -0.004825, 0.251771, 0.000000, 0.000000, 0.000000, 1.000000, 0.999840, 0.017847, 0.000803, 0.001718, 0.000606, 0.011052, -0.999939, 0.039146, -0.017855, 0.999780, 0.011039, -0.052595, 0.000000, 0.000000, 0.000000, 1.000000
15.5428, -0.1521, -3.2776, 185.9334, 254.6691, 7.7755, 251.9582, 1.5805, 39.0556, -52.6229, 0.591675, -0.797342, -0.119021, -0.000152, 0.800444, 0.598606, -0.031008, -0.003278, 0.095971, -0.076922, 0.992407, 0.185933, 0.000000, 0.000000, 0.000000, 1.000000, 0.058961, -0.093260, 0.993894, 0.254669, -0.593747, 0.797095, 0.110017, 0.007775, -0.802489, -0.596608, -0.008375, 0.251958, 0.000000, 0.000000, 0.000000, 1.000000, 0.999839, 0.017317, 0.004687, 0.001580, 0.004528, 0.009180, -0.999948, 0.039056, -0.017359, 0.999808, 0.009100, -0.052623, 0.000000, 0.000000, 0.000000, 1.000000
15.7814, -0.1909, -3.3867, 185.8689, 254.6093, 7.8150, 252.0697, 1.6261, 39.1044, -52.6508, 0.591996, -0.796743, -0.121411, -0.000191, 0.800892, 0.598410, -0.021858, -0.003387, 0.090068, -0.084297, 0.992362, 0.185869, 0.000000, 0.000000, 0.000000, 1.000000, 0.053043, -0.100627, 0.993509, 0.254609, -0.594015, 0.796564, 0.112394, 0.007815, -0.802704, -0.596121, -0.017521, 0.252070, 0.000000, 0.000000, 0.000000, 1.000000, 0.999837, 0.016840, 0.006556, 0.001626, 0.006278, 0.016491, -0.999844, 0.039104, -0.016946, 0.999722, 0.016383, -0.052651, 0.000000, 0.000000, 0.000000, 1.000000
15.8950, -0.3646, -3.4942, 185.9544, 254.7005, 7.9881, 252.1734, 1.5240, 38.9931, -52.5791, 0.593071, -0.797223, -0.112706, -0.000365, 0.800371, 0.598975, -0.025194, -0.003494, 0.087593, -0.075265, 0.993309, 0.185954, 0.000000, 0.000000, 0.000000, 1.000000, 0.050581, -0.091620, 0.994509, 0.254701, -0.595066, 0.796961, 0.103686, 0.007988, -0.802084, -0.597042, -0.014209, 0.252173, 0.000000, 0.000000, 0.000000, 1.000000, 0.999815, 0.017895, 0.006987, 0.001524, 0.006854, 0.007454, -0.999949, 0.038993, -0.017947, 0.999812, 0.007330, -0.052579, 0.000000, 0.000000, 0.000000, 1.000000
16.1097, -0.3334, -3.6449, 185.6769, 254.4289, 7.9597, 252.3351, 1.5411, 39.2614, -52.6731, 0.592550, -0.795613, -0.126033, -0.000333, 0.800568, 0.598991, -0.017370, -0.003645, 0.089312, -0.090605, 0.991874, 0.185677, 0.000000, 0.000000, 0.000000, 1.000000, 0.052296, -0.106962, 0.992887, 0.254429, -0.594560, 0.795491, 0.117013, 0.007960, -0.802349, -0.596450, -0.021995, 0.252335, 0.000000, 0.000000, 0.000000, 1.000000, 0.999845, 0.017495, 0.001749, 0.001541, 0.001350, 0.022803, -0.999739, 0.039261, -0.017530, 0.999587, 0.022776, -0.052673, 0.000000, 0.000000, 0.000000, 1.000000
16.2130, -0.5707, -3.8095, 185.9220, 254.6824, 8.1950, 252.4894, 1.3626, 38.9844, -52.5945, 0.593700, -0.797195, -0.109546, -0.000571, 0.800809, 0.598687, -0.016707, -0.003810, 0.078902, -0.077807, 0.993841, 0.185922, 0.000000, 0.000000, 0.000000, 1.000000, 0.041874, -0.094148, 0.994677, 0.254682, -0.595616, 0.796957, 0.100508, 0.008195, -0.802177, -0.596654, -0.022704, 0.252489, 0.000000, 0.000000, 0.000000, 1.000000, 0.999795, 0.017496, 0.010196, 0.001363, 0.010024, 0.009874, -0.999901, 0.038984, -0.017595, 0.999798, 0.009696, -0.052594, 0.000000, 0.000000, 0.000000, 1.000000
16.4263, -0.6538, -3.9789, 185.8669, 254.6349, 8.2789, 252.6607, 1.3176, 39.0204, -52.6224, 0.594411, -0.796565, -0.110275, -0.000654, 0.800086, 0.599600, -0.018504, -0.003979, 0.080861, -0.077231, 0.993729, 0.185867, 0.000000, 0.000000, 0.000000, 1.000000, 0.043853, -0.093614, 0.994642, 0.254635, -0.596344, 0.796319, 0.101241, 0.008279, -0.801530, -0.597588, -0.020905, 0.252661, 0.000000, 0.000000, 0.000000, 1.000000, 0.999815, 0.018687, 0.004583, 0.001318, 0.004409, 0.009328, -0.999947, 0.039020, -0.018729, 0.999782, 0.009244, -0.052622, 0.000000, 0.000000, 0.000000, 1.000000
16.6797, -0.7614, -4.0275, 185.9284, 254.6992, 8.3859, 252.7066, 1.3933, 38.9407, -52.5681, 0.594407, -0.797699, -0.101767, -0.000761, 0.800264, 0.599217, -0.022722, -0.004027, 0.079106, -0.067934, 0.994549, 0.185928, 0.000000, 0.000000, 0.000000, 1.000000, 0.042093, -0.084300, 0.995551, 0.254699, -0.596325, 0.797369, 0.092732, 0.008386, -0.801639, -0.597575, -0.016706, 0.252707, 0.000000, 0.000000, 0.000000, 1.000000, 0.999827, 0.018500, 0.001734, 0.001393, 0.001737, -0.000126, -0.999998, 0.038941, -0.018500, 0.999829, -0.000158, -0.052568, 0.000000, 0.000000, 0.000000, 1.000000
16.7900, -0.9172, -4.2111, 186.0622, 254.8416, 8.5408, 252.8845, 1.2394, 38.7849, -52.5587, 0.595745, -0.797738, -0.093287, -0.000917, 0.800630, 0.599075, -0.010009, -0.004211, 0.063871, -0.068725, 0.995589, 0.186062, 0.000000, 0.000000, 0.000000, 1.000000, 0.026843, -0.085085, 0.996012, 0.254842, -0.597524, 0.797416, 0.084223, 0.008541, -0.801402, -0.597402, -0.029435, 0.252884, 0.000000, 0.000000, 0.000000, 1.000000, 0.999718, 0.018301, 0.015118, 0.001239, 0.015109, 0.000619, -0.999886, 0.038785, -0.018308, 0.999832, 0.000342, -0.052559, 0.000000, 0.000000, 0.000000, 1.000000
17.0060, -1.0038, -4.4216, 185.8897, 254.6783, 8.6293, 253.1015, 1.1519, 38.9389, -52.5997, 0.594947, -0.796933, -0.104578, -0.001004, 0.800580, 0.599124, -0.011082, -0.004422, 0.071487, -0.077129, 0.994455, 0.185890, 0.000000, 0.000000, 0.000000, 1.000000, 0.034463, -0.093491, 0.995023, 0.254678, -0.596795, 0.796687, 0.095526, 0.008629, -0.801653, -0.597117, -0.028339, 0.253101, 0.000000, 0.000000, 0.000000, 1.000000, 0.999827, 0.018188, 0.003846, 0.001152, 0.003683, 0.008992, -0.999953, 0.038939, -0.018222, 0.999794, 0.008923, -0.052600, 0.000000, 0.000000, 0.000000, 1.000000
17.2727, -1.1809, -4.5454, 186.0886, 254.8835, 8.8048, 253.2170, 1.1436, 38.7161, -52.5427, 0.596501, -0.797854, -0.087268, -0.001181, 0.800970, 0.598703, 0.001168, -0.004545, 0.051316, -0.070596, 0.996184, 0.186089, 0.000000, 0.000000, 0.000000, 1.000000, 0.014278, -0.086938, 0.996111, 0.254883, -0.598166, 0.797549, 0.078182, 0.008805, -0.801245, -0.596956, -0.040616, 0.253217, 0.000000, 0.000000, 0.000000, 1.000000, 0.999655, 0.017806, 0.019297, 0.001144, 0.019259, 0.002309, -0.999812, 0.038716, -0.017847, 0.999839, 0.001965, -0.052543, 0.000000, 0.000000, 0.000000, 1.000000
17.6019, -1.2158, -4.7565, 185.8477, 254.6514, 8.8421, 253.4373, 1.1592, 38.9431, -52.6211, 0.595764, -0.796612, -0.102343, -0.001216, 0.800830, 0.598891, 0.000213, -0.004756, 0.061123, -0.082086, 0.994749, 0.185848, 0.000000, 0.000000, 0.000000, 1.000000, 0.024090, -0.098437, 0.994852, 0.254651, -0.597518, 0.796412, 0.093271, 0.008842, -0.801493, -0.596689, -0.039633, 0.253437, 0.000000, 0.000000, 0.000000, 1.000000, 0.999831, 0.017963, 0.003928, 0.001159, 0.003681, 0.013764, -0.999899, 0.038943, -0.018016, 0.999744, 0.013695, -0.052621, 0.000000, 0.000000, 0.000000, 1.000000
17.8341, -1.3987, -4.9734, 186.0753, 254.8891, 9.0233, 253.6448, 1.0482, 38.6931, -52.6157, 0.597017, -0.796900, -0.092309, -0.001399, 0.800940, 0.598618, 0.012308, -0.004973, 0.045450, -0.081282, 0.995654, 0.186075, 0.000000, 0.000000, 0.000000, 1.000000, 0.008414, -0.097620, 0.995188, 0.254889, -0.598628, 0.796694, 0.083211, 0.009023, -0.800983, -0.596448, -0.051735, 0.253645, 0.000000, 0.000000, 0.000000, 1.000000, 0.999722, 0.017677, 0.015577, 0.001048, 0.015351, 0.012862, -0.999799, 0.038693, -0.017874, 0.999761, 0.012587, -0.052616, 0.000000, 0.000000, 0.000000, 1.000000
18.0835, -1.5595, -5.1350, 186.0022, 254.8239, 9.1851, 253.8088, 0.9879, 38.7460, -52.5750, 0.597662, -0.797216, -0.085132, -0.001560, 0.800274, 0.599627, 0.003058, -0.005135, 0.048610, -0.069956, 0.996365, 0.186002, 0.000000, 0.000000, 0.000000, 1.000000, 0.011592, -0.086341, 0.996198, 0.254824, -0.599301, 0.796904, 0.076042, 0.009185, -0.800440, -0.597904, -0.042507, 0.253809, 0.000000, 0.000000, 0.000000, 1.000000, 0.999788, 0.018994, 0.007933, 0.000988, 0.007906, 0.001480, -0.999968, 0.038746, -0.019005, 0.999819, 0.001330, -0.052575, 0.000000, 0.000000, 0.000000, 1.000000
18.1720, -1.6168, -5.2298, 185.9430, 254.7690, 9.2430, 253.9058, 0.9343, 38.7981, -52.5800, 0.598050, -0.797139, -0.083095, -0.001617, 0.800395, 0.599378, 0.010696, -0.005230, 0.041279, -0.072905, 0.996484, 0.185943, 0.000000, 0.000000, 0.000000, 1.000000, 0.004259, -0.089278, 0.995998, 0.254769, -0.599623, 0.796855, 0.073992, 0.009243, -0.800272, -0.597538, -0.050140, 0.253906, 0.000000, 0.000000, 0.000000, 1.000000, 0.999731, 0.018680, 0.013778, 0.000934, 0.013698, 0.004394, -0.999897, 0.038798, -0.018738, 0.999816, 0.004137, -0.052580, 0.000000, 0.000000, 0.000000, 1.000000
18.2597, -1.7154, -5.3813, 185.9018, 254.7347, 9.3422, 254.0586, 0.8113, 38.8289, -52.5860, 0.597447, -0.797425, -0.084678, -0.001715, 0.800578, 0.599201, 0.005733, -0.005381, 0.046168, -0.071216, 0.996392, 0.185902, 0.000000, 0.000000, 0.000000, 1.000000, 0.009142, -0.087581, 0.996115, 0.254735, -0.599065, 0.797125, 0.075583, 0.009342, -0.800649, -0.597428, -0.045180, 0.254059, 0.000000, 0.000000, 0.000000, 1.000000, 0.999803, 0.018465, 0.007294, 0.000811, 0.007246, 0.002658, -0.999970, 0.038829, -0.018484, 0.999826, 0.002523, -0.052586, 0.000000, 0.000000, 0.000000, 1.000000
18.5065, -1.7955, -5.4687, 185.9710, 254.8080, 9.4219, 254.1430, 0.8642, 38.7495, -52.5770, 0.598222, -0.797260, -0.080672, -0.001796, 0.800405, 0.599333, 0.012341, -0.005469, 0.038510, -0.071953, 0.996664, 0.185971, 0.000000, 0.000000, 0.000000, 1.000000, 0.001490, -0.088324, 0.996091, 0.254808, -0.599769, 0.796967, 0.071565, 0.009422, -0.800172, -0.597531, -0.051787, 0.254143, 0.000000, 0.000000, 0.000000, 1.000000, 0.999769, 0.018644, 0.010696, 0.000864, 0.010636, 0.003326, -0.999938, 0.038749, -0.018678, 0.999821, 0.003127, -0.052577, 0.000000, 0.000000, 0.000000, 1.000000
18.6205, -2.0021, -5.6647, 186.1077, 254.9542, 9.6275, 254.3331, 0.6681, 38.5949, -52.5340, 0.598628, -0.798127, -0.068096, -0.002002, 0.800736, 0.598534, 0.024043, -0.005665, 0.021568, -0.068920, 0.997389, 0.186108, 0.000000, 0.000000, 0.000000, 1.000000, -0.015455, -0.085254, 0.996239, 0.254954, -0.600022, 0.797808, 0.058965, 0.009628, -0.799834, -0.596854, -0.063484, 0.254333, 0.000000, 0.000000, 0.000000, 1.000000, 0.999518, 0.017636, 0.025561, 0.000668, 0.025562, 0.000197, -0.999673, 0.038595, -0.017636, 0.999844, -0.000254, -0.052534, 0.000000, 0.000000, 0.000000, 1.000000
18.8631, -2.0530, -5.8197, 185.9139, 254.7671, 9.6803, 254.4955, 0.6681, 38.7819, -52.5700, 0.598392, -0.797389, -0.078084, -0.002053, 0.800555, 0.598983, 0.018227, -0.005820, 0.032237, -0.073417, 0.996780, 0.185914, 0.000000, 0.000000, 0.000000, 1.000000, -0.004785, -0.089772, 0.995951, 0.254767, -0.599882, 0.797110, 0.068967, 0.009680, -0.800074, -0.597123, -0.057667, 0.254496, 0.000000, 0.000000, 0.000000, 1.000000, 0.999776, 0.018244, 0.010761, 0.000668, 0.010678, 0.004662, -0.999932, 0.038782, -0.018293, 0.999823, 0.004466, -0.052570, 0.000000, 0.000000, 0.000000, 1.000000
19.0736, -2.1364, -5.9287, 185.9294, 254.7877, 9.7638, 254.6037, 0.6740, 38.7582, -52.5673, 0.599229, -0.797067, -0.074891, -0.002136, 0.800246, 0.599046, 0.027389, -0.005929, 0.023032, -0.076344, 0.996816, 0.185929, 0.000000, 0.000000, 0.000000, 1.000000, -0.013978, -0.092702, 0.995596, 0.254788, -0.600635, 0.796815, 0.065760, 0.009764, -0.799401, -0.597070, -0.066818, 0.254604, 0.000000, 0.000000, 0.000000, 1.000000, 0.999697, 0.018389, 0.016386, 0.000674, 0.016250, 0.007537, -0.999840, 0.038758, -0.018509, 0.999802, 0.007235, -0.052567, 0.000000, 0.000000, 0.000000, 1.000000
19.1606, -2.3060, -5.9554, 186.1250, 254.9857, 9.9317, 254.6224, 0.6194, 38.5493, -52.4594, 0.598632, -0.798483, -0.063761, -0.002306, 0.800122, 0.599837, 0.000296, -0.005955, 0.038010, -0.051193, 0.997965, 0.186125, 0.000000, 0.000000, 0.000000, 1.000000, 0.000998, -0.067591, 0.997713, 0.254986, -0.600174, 0.798000, 0.054661, 0.009932, -0.799869, -0.598856, -0.039770, 0.254622, 0.000000, 0.000000, 0.000000, 1.000000, 0.999817, 0.019133, -0.000583, 0.000619, -0.000245, -0.017683, -0.999844, 0.038549, -0.019141, 0.999661, -0.017675, -0.052459, 0.000000, 0.000000, 0.000000, 1.000000
19.4234, -2.3372, -6.1394, 185.9319, 254.8002, 9.9649, 254.8137, 0.6226, 38.7390, -52.5282, 0.599211, -0.797772, -0.067133, -0.002337, 0.800300, 0.599145, 0.023342, -0.006139, 0.021601, -0.067713, 0.997471, 0.185932, 0.000000, 0.000000, 0.000000, 1.000000, -0.015410, -0.084076, 0.996340, 0.254800, -0.600603, 0.797440, 0.058002, 0.009965, -0.799399, -0.597511, -0.062785, 0.254814, 0.000000, 0.000000, 0.000000, 1.000000, 0.999764, 0.018379, 0.011547, 0.000623, 0.011571, -0.001236, -0.999932, 0.038739, -0.018363, 0.999830, -0.001448, -0.052528, 0.000000, 0.000000, 0.000000, 1.000000
19.5251, -2.5854, -6.4168, 186.1562, 255.0376, 10.2114, 255.0816, 0.3282, 38.5003, -52.5053, 0.600090, -0.798844, -0.041717, -0.002585, 0.799865, 0.598546, 0.044259, -0.006417, -0.010387, -0.059927, 0.998149, 0.186156, 0.000000, 0.000000, 0.000000, 1.000000, -0.047362, -0.076263, 0.995962, 0.255038, -0.601191, 0.798442, 0.032549, 0.010211, -0.797700, -0.597222, -0.083665, 0.255082, 0.000000, 0.000000, 0.000000, 1.000000, 0.998981, 0.017499, 0.041600, 0.000328, 0.041764, -0.009101, -0.999086, 0.038500, -0.017105, 0.999805, -0.009823, -0.052505, 0.000000, 0.000000, 0.000000, 1.000000
19.7484, -2.6280, -6.5194, 186.0464, 254.9323, 10.2552, 255.1884, 0.3672, 38.6072, -52.5232, 0.599822, -0.798178, -0.055901, -0.002628, 0.800057, 0.599264, 0.028123, -0.006519, 0.011053, -0.061593, 0.998040, 0.186046, 0.000000, 0.000000, 0.000000, 1.000000, -0.025946, -0.077962, 0.996619, 0.254932, -0.601118, 0.797791, 0.046759, 0.010255, -0.798739, -0.597873, -0.067563, 0.255188, 0.000000, 0.000000, 0.000000, 1.000000, 0.999698, 0.018391, 0.016328, 0.000367, 0.016468, -0.007475, -0.999836, 0.038607, -0.018266, 0.999803, -0.007775, -0.052523, 0.000000, 0.000000, 0.000000, 1.000000
19.9971, -2.7007, -6.6259, 186.0414, 254.9322, 10.3281, 255.2949, 0.4058, 38.6076, -52.5263, 0.600396, -0.797799, -0.055147, -0.002701, 0.799690, 0.599340, 0.035868, -0.006626, 0.004436, -0.065635, 0.997834, 0.186041, 0.000000, 0.000000, 0.000000, 1.000000, -0.032547, -0.082007, 0.996100, 0.254932, -0.601632, 0.797448, 0.045994, 0.010328, -0.798110, -0.597788, -0.075293, 0.255295, 0.000000, 0.000000, 0.000000, 1.000000, 0.999653, 0.018553, 0.018707, 0.000406, 0.018775, -0.003498, -0.999818, 0.038608, -0.018485, 0.999822, -0.003845, -0.052526, 0.000000, 0.000000, 0.000000, 1.000000
20.0953, -2.8225, -6.7565, 186.0524, 254.9494, 10.4500, 255.4248, 0.2950, 38.5908, -52.5048, 0.600017, -0.798099, -0.054938, -0.002823, 0.799942, 0.599298, 0.030582, -0.006757, 0.008517, -0.062297, 0.998021, 0.186052, 0.000000, 0.000000, 0.000000, 1.000000, -0.028477, -0.078668, 0.996494, 0.254949, -0.601290, 0.797718, 0.045792, 0.010450, -0.798523, -0.597878, -0.070018, 0.255425, 0.000000, 0.000000, 0.000000, 1.000000, 0.999748, 0.018405, 0.012831, 0.000295, 0.012960, -0.006878, -0.999892, 0.038591, -0.018315, 0.999807, -0.007115, -0.052505, 0.000000, 0.000000, 0.000000, 1.000000
20.3610, -2.9842, -7.0311, 186.1029, 255.0122, 10.6117, 255.6968, 0.1575, 38.5357, -52.5380, 0.600437, -0.798419, -0.044739, -0.002984, 0.799516, 0.598276, 0.053293, -0.007031, -0.015784, -0.067769, 0.997576, 0.186103, 0.000000, 0.000000, 0.000000, 1.000000, -0.052745, -0.084091, 0.995061, 0.255012, -0.601488, 0.798090, 0.035563, 0.010612, -0.797139, -0.596642, -0.092675, 0.255697, 0.000000, 0.000000, 0.000000, 1.000000, 0.999320, 0.017272, 0.032572, 0.000157, 0.032603, -0.001499, -0.999467, 0.038536, -0.017214, 0.999850, -0.002061, -0.052538, 0.000000, 0.000000, 0.000000, 1.000000
20.6075, -3.0973, -7.2082, 186.1109, 255.0282, 10.7250, 255.8732, 0.1136, 38.5252, -52.5506, 0.601241, -0.797628, -0.047944, -0.003097, 0.798904, 0.598818, 0.056305, -0.007208, -0.016201, -0.072156, 0.997262, 0.186111, 0.000000, 0.000000, 0.000000, 1.000000, -0.053144, -0.088503, 0.994657, 0.255028, -0.602287, 0.797338, 0.038766, 0.010725, -0.796509, -0.597009, -0.095678, 0.255873, 0.000000, 0.000000, 0.000000, 1.000000, 0.999420, 0.018118, 0.028835, 0.000114, 0.028788, 0.002836, -0.999582, 0.038525, -0.018192, 0.999832, 0.002313, -0.052551, 0.000000, 0.000000, 0.000000, 1.000000
20.8501, -3.1122, -7.2373, 186.0426, 254.9612, 10.7405, 255.9050, 0.2439, 38.5926, -52.5509, 0.601032, -0.797411, -0.053814, -0.003112, 0.799201, 0.599127, 0.048210, -0.007237, -0.006201, -0.071984, 0.997387, 0.186043, 0.000000, 0.000000, 0.000000, 1.000000, -0.043163, -0.088346, 0.995154, 0.254961, -0.602170, 0.797119, 0.044647, 0.010740, -0.797201, -0.597325, -0.087605, 0.255905, 0.000000, 0.000000, 0.000000, 1.000000, 0.999722, 0.018509, 0.014604, 0.000244, 0.014559, 0.002590, -0.999891, 0.038593, -0.018545, 0.999825, 0.002320, -0.052551, 0.000000, 0.000000, 0.000000, 1.000000
20.9393, -3.3303, -7.5033, 186.0473, 254.9784, 10.9590, 256.1702, -0.0394, 38.5842, -52.5303, 0.601082, -0.798374, -0.036062, -0.003330, 0.798589, 0.598274, 0.065757, -0.007503, -0.030923, -0.068324, 0.997184, 0.186047, 0.000000, 0.000000, 0.000000, 1.000000, -0.067840, -0.084647, 0.994099, 0.254978, -0.601993, 0.798049, 0.026871, 0.010959, -0.795614, -0.596618, -0.105097, 0.256170, 0.000000, 0.000000, 0.000000, 1.000000, 0.999141, 0.017278, 0.037664, -0.000039, 0.037689, -0.001116, -0.999289, 0.038584, -0.017223, 0.999850, -0.001766, -0.052530, 0.000000, 0.000000, 0.000000, 1.000000
21.1880, -3.3405, -7.5141, 186.0728, 255.0044, 10.9690, 256.1800, 0.1134, 38.5584, -52.5301, 0.601323, -0.797975, -0.040578, -0.003340, 0.798781, 0.599174, 0.054215, -0.007514, -0.018949, -0.065013, 0.997705, 0.186073, 0.000000, 0.000000, 0.000000, 1.000000, -0.055886, -0.081377, 0.995115, 0.255004, -0.602344, 0.797619, 0.031399, 0.010969, -0.796278, -0.597647, -0.093593, 0.256180, 0.000000, 0.000000, 0.000000, 1.000000, 0.999606, 0.018240, 0.021326, 0.000113, 0.021412, -0.004507, -0.999761, 0.038558, -0.018139, 0.999824, -0.004896, -0.052530, 0.000000, 0.000000, 0.000000, 1.000000
21.2856, -3.4725, -7.7593, 185.9006, 254.8432, 11.1029, 256.4315, -0.0969, 38.7326, -52.5547, 0.602177, -0.797162, -0.043775, -0.003473, 0.797920, 0.599111, 0.066250, -0.007759, -0.026586, -0.074823, 0.996842, 0.185901, 0.000000, 0.000000, 0.000000, 1.000000, -0.063490, -0.091184, 0.993808, 0.254843, -0.603126, 0.796895, 0.034586, 0.011103, -0.795115, -0.597196, -0.105590, 0.256432, 0.000000, 0.000000, 0.000000, 1.000000, 0.999447, 0.018663, 0.027506, -0.000097, 0.027411, 0.005296, -0.999610, 0.038733, -0.018801, 0.999812, 0.004781, -0.052555, 0.000000, 0.000000, 0.000000, 1.000000
21.5218, -3.5682, -7.8176, 186.0760, 255.0216, 11.1971, 256.4826, -0.0413, 38.5551, -52.5236, 0.601619, -0.798019, -0.034936, -0.003568, 0.798037, 0.598591, 0.069473, -0.007818, -0.034529, -0.069676, 0.996972, 0.186076, 0.000000, 0.000000, 0.000000, 1.000000, -0.071426, -0.086013, 0.993730, 0.255022, -0.602497, 0.797706, 0.025741, 0.011197, -0.794919, -0.596881, -0.108800, 0.256483, 0.000000, 0.000000, 0.000000, 1.000000, 0.999357, 0.017737, 0.031176, -0.000041, 0.031179, 0.000062, -0.999514, 0.038555, -0.017730, 0.999843, -0.000491, -0.052524, 0.000000, 0.000000, 0.000000, 1.000000
21.6345, -3.6025, -7.9761, 186.0764, 255.0286, 11.2317, 256.6409, -0.1140, 38.5602, -52.5884, 0.602221, -0.797128, -0.043777, -0.003603, 0.797802, 0.598925, 0.069288, -0.007976, -0.029013, -0.076652, 0.996636, 0.186076, 0.000000, 0.000000, 0.000000, 1.000000, -0.065911, -0.093005, 0.993482, 0.255029, -0.603149, 0.796878, 0.034585, 0.011232, -0.794901, -0.596938, -0.108619, 0.256641, 0.000000, 0.000000, 0.000000, 1.000000, 0.999542, 0.018576, 0.023880, -0.000114, 0.023753, 0.007017, -0.999693, 0.038560, -0.018738, 0.999803, 0.006573, -0.052588, 0.000000, 0.000000, 0.000000, 1.000000
21.8769, -3.6762, -8.0539, 185.9944, 254.9504, 11.3062, 256.7218, -0.0562, 38.6424, -52.5687, 0.602546, -0.796960, -0.042340, -0.003676, 0.797334, 0.598833, 0.075216, -0.008054, -0.034589, -0.079081, 0.996268, 0.185994, 0.000000, 0.000000, 0.000000, 1.000000, -0.071467, -0.095429, 0.992867, 0.254950, -0.603423, 0.796733, 0.033143, 0.011306, -0.794213, -0.596750, -0.114524, 0.256722, 0.000000, 0.000000, 0.000000, 1.000000, 0.999506, 0.018656, 0.025299, -0.000056, 0.025127, 0.009374, -0.999640, 0.038642, -0.018886, 0.999782, 0.008901, -0.052569, 0.000000, 0.000000, 0.000000, 1.000000
21.9861, -3.8283, -8.2824, 186.0271, 254.9934, 11.4584, 256.9485, -0.2572, 38.6141, -52.5814, 0.602195, -0.797460, -0.037660, -0.003828, 0.797157, 0.598051, 0.082917, -0.008282, -0.043600, -0.079953, 0.995845, 0.186027, 0.000000, 0.000000, 0.000000, 1.000000, -0.080460, -0.096266, 0.992098, 0.254993, -0.602989, 0.797242, 0.028455, 0.011458, -0.793682, -0.595935, -0.122193, 0.256949, 0.000000, 0.000000, 0.000000, 1.000000, 0.999318, 0.017758, 0.032380, -0.000257, 0.032202, 0.010225, -0.999429, 0.038614, -0.018079, 0.999790, 0.009646, -0.052581, 0.000000, 0.000000, 0.000000, 1.000000
22.1629, -3.8625, -8.3180, 186.0077, 254.9757, 11.4927, 256.9848, -0.1865, 38.6343, -52.5732, 0.602632, -0.797095, -0.038386, -0.003862, 0.797006, 0.598748, 0.079258, -0.008318, -0.040193, -0.078357, 0.996115, 0.186008, 0.000000, 0.000000, 0.000000, 1.000000, -0.077054, -0.094702, 0.992519, 0.254976, -0.603457, 0.796862, 0.029183, 0.011493, -0.793664, -0.596694, -0.118550, 0.256985, 0.000000, 0.000000, 0.000000, 1.000000, 0.999492, 0.018542, 0.025903, -0.000187, 0.025747, 0.008558, -0.999632, 0.038634, -0.018757, 0.999791, 0.008076, -0.052573, 0.000000, 0.000000, 0.000000, 1.000000
22.2563, -4.0088, -8.4861, 186.1077, 255.0836, 11.6384, 257.1485, -0.3473, 38.5373, -52.5601, 0.602620, -0.796982, -0.040853, -0.004009, 0.797200, 0.598874, 0.076295, -0.008486, -0.036340, -0.078545, 0.996248, 0.186108, 0.000000, 0.000000, 0.000000, 1.000000, -0.073212, -0.094895, 0.992792, 0.255084, -0.603480, 0.796750, 0.031654, 0.011638, -0.794010, -0.596812, -0.115599, 0.257149, 0.000000, 0.000000, 0.000000, 1.000000, 0.999616, 0.018729, 0.020424, -0.000347, 0.020264, 0.008712, -0.999757, 0.038537, -0.018902, 0.999787, 0.008330, -0.052560, 0.000000, 0.000000, 0.000000, 1.000000
22.5191, -4.0678, -8.5580, 186.1510, 255.1302, 11.6971, 257.2186, -0.2643, 38.4970, -52.5575, 0.602853, -0.797138, -0.033765, -0.004068, 0.796777, 0.599305, 0.077326, -0.008558, -0.041404, -0.073519, 0.996434, 0.186151, 0.000000, 0.000000, 0.000000, 1.000000, -0.078257, -0.089889, 0.992872, 0.255130, -0.603666, 0.796859, 0.024563, 0.011697, -0.793387, -0.597441, -0.116623, 0.257219, 0.000000, 0.000000, 0.000000, 1.000000, 0.999604, 0.018915, 0.020829, -0.000264, 0.020764, 0.003582, -0.999778, 0.038497, -0.018985, 0.999815, 0.003188, -0.052557, 0.000000, 0.000000, 0.000000, 1.000000
22.6039, -4.1702, -8.7442, 186.0691, 255.0567, 11.8005, 257.4077, -0.4162, 38.5858, -52.5778, 0.603092, -0.796926, -0.034475, -0.004170, 0.796154, 0.598717, 0.087615, -0.008744, -0.049182, -0.080287, 0.995558, 0.186069, 0.000000, 0.000000, 0.000000, 1.000000, -0.086006, -0.096630, 0.991597, 0.255057, -0.603833, 0.796710, 0.025265, 0.011801, -0.792457, -0.596586, -0.126870, 0.257408, 0.000000, 0.000000, 0.000000, 1.000000, 0.999452, 0.018727, 0.027279, -0.000416, 0.027089, 0.010348, -0.999579, 0.038586, -0.019002, 0.999771, 0.009835, -0.052578, 0.000000, 0.000000, 0.000000, 1.000000
22.8480, -4.2485, -8.8356, 186.0496, 255.0416, 11.8791, 257.4996, -0.3711, 38.6092, -52.5665, 0.603110, -0.797015, -0.032029, -0.004248, 0.795733, 0.598381, 0.093540, -0.008836, -0.055387, -0.081901, 0.995100, 0.186050, 0.000000, 0.000000, 0.000000, 1.000000, -0.092190, -0.098229, 0.990884, 0.255042, -0.603794, 0.796814, 0.022814, 0.011879, -0.791792, -0.596187, -0.132769, 0.257500, 0.000000, 0.000000, 0.000000, 1.000000, 0.999401, 0.018492, 0.029263, -0.000371, 0.029046, 0.011896, -0.999507, 0.038609, -0.018831, 0.999758, 0.011351, -0.052567, 0.000000, 0.000000, 0.000000, 1.000000
22.9267, -4.3652, -9.0100, 186.0992, 255.0991, 11.9956, 257.6717, -0.5292, 38.5669, -52.5775, 0.603378, -0.796773, -0.032981, -0.004365, 0.795573, 0.598600, 0.093490, -0.009010, -0.054748, -0.082649, 0.995074, 0.186099, 0.000000, 0.000000, 0.000000, 1.000000, -0.091547, -0.098987, 0.990869, 0.255099, -0.604068, 0.796578, 0.023767, 0.011996, -0.791657, -0.596376, -0.132719, 0.257672, 0.000000, 0.000000, 0.000000, 1.000000, 0.999450, 0.018850, 0.027292, -0.000529, 0.027057, 0.012611, -0.999554, 0.038567, -0.019186, 0.999743, 0.012094, -0.052578, 0.000000, 0.000000, 0.000000, 1.000000
23.1866, -4.5404, -9.2081, 186.0879, 255.0971, 12.1713, 257.8697, -0.6169, 38.5873, -52.5508, 0.602616, -0.797730, -0.021923, -0.004540, 0.795137, 0.597867, 0.101547, -0.009208, -0.067900, -0.078625, 0.994589, 0.186088, 0.000000, 0.000000, 0.000000, 1.000000, -0.104665, -0.094929, 0.989967, 0.255097, -0.603185, 0.797500, 0.012701, 0.012171, -0.790704, -0.595804, -0.140730, 0.257870, 0.000000, 0.000000, 0.000000, 1.000000, 0.999204, 0.017616, 0.035783, -0.000617, 0.035637, 0.008529, -0.999328, 0.038587, -0.017910, 0.999808, 0.007894, -0.052551, 0.000000, 0.000000, 0.000000, 1.000000
23.4156, -4.6165, -9.3717, 186.0906, 255.1069, 12.2475, 258.0330, -0.6397, 38.5958, -52.5851, 0.603536, -0.796639, -0.033335, -0.004616, 0.795344, 0.598548, 0.095753, -0.009372, -0.056328, -0.084303, 0.994847, 0.186091, 0.000000, 0.000000, 0.000000, 1.000000, -0.093118, -0.100639, 0.990556, 0.255107, -0.604211, 0.796459, 0.024120, 0.012248, -0.791365, -0.596258, -0.134972, 0.258033, 0.000000, 0.000000, 0.000000, 1.000000, 0.999610, 0.019055, 0.020392, -0.000640, 0.020125, 0.014107, -0.999698, 0.038596, -0.019337, 0.999719, 0.013718, -0.052585, 0.000000, 0.000000, 0.000000, 1.000000
23.6769, -4.8157, -9.5670, 186.1645, 255.1903, 12.4464, 258.2249, -0.7418, 38.5331, -52.5433, 0.602706, -0.797782, -0.017019, -0.004816, 0.794431, 0.597898, 0.106758, -0.009567, -0.074994, -0.077864, 0.994139, 0.186164, 0.000000, 0.000000, 0.000000, 1.000000, -0.111725, -0.094169, 0.989267, 0.255190, -0.603210, 0.797545, 0.007794, 0.012446, -0.789719, -0.595865, -0.145910, 0.258225, 0.000000, 0.000000, 0.000000, 1.000000, 0.999254, 0.017651, 0.034343, -0.000742, 0.034213, 0.007615, -0.999386, 0.038533, -0.017902, 0.999815, 0.007006, -0.052543, 0.000000, 0.000000, 0.000000, 1.000000
23.9249, -4.9497, -9.7836, 186.0381, 255.0738, 12.5819, 258.4460, -0.8228, 38.6749, -52.5527, 0.603316, -0.797320, -0.017071, -0.004950, 0.793498, 0.598006, 0.112916, -0.009784, -0.079821, -0.081670, 0.993458, 0.186038, 0.000000, 0.000000, 0.000000, 1.000000, -0.116518, -0.097980, 0.988344, 0.255074, -0.603774, 0.797117, 0.007842, 0.012582, -0.788594, -0.595822, -0.152036, 0.258446, 0.000000, 0.000000, 0.000000, 1.000000, 0.999222, 0.018220, 0.034991, -0.000823, 0.034788, 0.011336, -0.999330, 0.038675, -0.018604, 0.999770, 0.010693, -0.052553, 0.000000, 0.000000, 0.000000, 1.000000
24.1794, -5.1050, -9.9514, 186.0742, 255.1179, 12.7371, 258.6120, -0.8796, 38.6519, -52.5277, 0.603256, -0.797491, -0.009477, -0.005105, 0.792790, 0.598320, 0.116176, -0.009951, -0.086979, -0.077597, 0.993183, 0.186074, 0.000000, 0.000000, 0.000000, 1.000000, -0.123641, -0.093922, 0.987872, 0.255118, -0.603648, 0.797251, 0.000247, 0.012737, -0.787605, -0.596297, -0.155269, 0.258612, 0.000000, 0.000000, 0.000000, 1.000000, 0.999125, 0.018215, 0.037662, -0.000880, 0.037537, 0.007168, -0.999270, 0.038652, -0.018472, 0.999808, 0.006478, -0.052528, 0.000000, 0.000000, 0.000000, 1.000000
24.4325, -5.2164, -10.1410, 186.0797, 255.1319, 12.8487, 258.8010, -0.9277, 38.6635, -52.5488, 0.603815, -0.797015, -0.013200, -0.005216, 0.792596, 0.598540, 0.116370, -0.010141, -0.084848, -0.080728, 0.993118, 0.186080, 0.000000, 0.000000, 0.000000, 1.000000, -0.121509, -0.097063, 0.987833, 0.255132, -0.604226, 0.796803, 0.003970, 0.012849, -0.787494, -0.596392, -0.155467, 0.258801, 0.000000, 0.000000, 0.000000, 1.000000, 0.999334, 0.018877, 0.031219, -0.000928, 0.031030, 0.010198, -0.999466, 0.038663, -0.019186, 0.999770, 0.009605, -0.052549, 0.000000, 0.000000, 0.000000, 1.000000
24.6634, -5.2933, -10.2620, 186.1704, 255.2279, 12.9249, 258.9181, -0.9200, 38.5857, -52.5636, 0.603576, -0.797216, -0.011986, -0.005293, 0.792629, 0.598342, 0.117160, -0.010262, -0.086230, -0.080215, 0.993041, 0.186170, 0.000000, 0.000000, 0.000000, 1.000000, -0.122890, -0.096541, 0.987713, 0.255228, -0.603974, 0.796999, 0.002755, 0.012925, -0.787473, -0.596215, -0.156251, 0.258918, 0.000000, 0.000000, 0.000000, 1.000000, 0.999419, 0.018610, 0.028546, -0.000920, 0.028371, 0.009624, -0.999551, 0.038586, -0.018876, 0.999780, 0.009091, -0.052564, 0.000000, 0.000000, 0.000000, 1.000000
24.8511, -5.4418, -10.4617, 186.1512, 255.2180, 13.0739, 259.1182, -1.0408, 38.6230, -52.5589, 0.603679, -0.797165, -0.009952, -0.005442, 0.791449, 0.597756, 0.127659, -0.010462, -0.095816, -0.084941, 0.991768, 0.186151, 0.000000, 0.000000, 0.000000, 1.000000, -0.132422, -0.101241, 0.986009, 0.255218, -0.603988, 0.796993, 0.000717, 0.013074, -0.785915, -0.595443, -0.166688, 0.259118, 0.000000, 0.000000, 0.000000, 1.000000, 0.999216, 0.018494, 0.035014, -0.001041, 0.034752, 0.014323, -0.999293, 0.038623, -0.018983, 0.999726, 0.013669, -0.052559, 0.000000, 0.000000, 0.000000, 1.000000
25.1079, -5.4842, -10.5167, 186.2719, 255.3411, 13.1154, 259.1683, -0.9450, 38.5117, -52.5651, 0.604110, -0.796783, -0.013700, -0.005484, 0.791716, 0.598133, 0.124188, -0.010517, -0.090757, -0.085870, 0.992164, 0.186272, 0.000000, 0.000000, 0.000000, 1.000000, -0.127381, -0.102187, 0.986576, 0.255341, -0.604465, 0.796619, 0.004466, 0.013115, -0.786381, -0.595782, -0.163243, 0.259168, 0.000000, 0.000000, 0.000000, 1.000000, 0.999491, 0.019149, 0.025505, -0.000945, 0.025217, 0.015135, -0.999567, 0.038512, -0.019527, 0.999702, 0.014644, -0.052565, 0.000000, 0.000000, 0.000000, 1.000000
25.2018, -5.6239, -10.7240, 186.2827, 255.3614, 13.2552, 259.3748, -1.1319, 38.5202, -52.5741, 0.603887, -0.797018, -0.009068, -0.005624, 0.791426, 0.598221, 0.125603, -0.010724, -0.094683, -0.083027, 0.992039, 0.186283, 0.000000, 0.000000, 0.000000, 1.000000, -0.131291, -0.099347, 0.986353, 0.255361, -0.604206, 0.796828, -0.000166, 0.013255, -0.785937, -0.595982, -0.164643, 0.259375, 0.000000, 0.000000, 0.000000, 1.000000, 0.999436, 0.018911, 0.027742, -0.001132, 0.027513, 0.012262, -0.999546, 0.038520, -0.019243, 0.999746, 0.011735, -0.052574, 0.000000, 0.000000, 0.000000, 1.000000
25.4360, -5.7637, -10.8911, 186.3306, 255.4171, 13.3949, 259.5396, -1.1948, 38.4916, -52.5620, 0.604564, -0.796489, -0.010403, -0.005764, 0.790542, 0.598347, 0.130476, -0.010891, -0.097698, -0.087105, 0.991397, 0.186331, 0.000000, 0.000000, 0.000000, 1.000000, -0.134275, -0.103432, 0.985531, 0.255417, -0.604854, 0.796335, 0.001167, 0.013395, -0.784934, -0.595946, -0.169489, 0.259540, 0.000000, 0.000000, 0.000000, 1.000000, 0.999446, 0.019671, 0.026841, -0.001195, 0.026524, 0.016237, -0.999516, 0.038492, -0.020097, 0.999675, 0.015706, -0.052562, 0.000000, 0.000000, 0.000000, 1.000000
25.6740, -5.7979, -10.9610, 186.3208, 255.4104, 13.4292, 259.6097, -1.1105, 38.5128, -52.5745, 0.604514, -0.796565, -0.006822, -0.005798, 0.790773, 0.599041, 0.125807, -0.010961, -0.096127, -0.081447, 0.992031, 0.186321, 0.000000, 0.000000, 0.000000, 1.000000, -0.132714, -0.097805, 0.986317, 0.255410, -0.604819, 0.796359, -0.002413, 0.013429, -0.785227, -0.596864, -0.164842, 0.259610, 0.000000, 0.000000, 0.000000, 1.000000, 0.999583, 0.019817, 0.020990, -0.001110, 0.020786, 0.010454, -0.999729, 0.038513, -0.020031, 0.999749, 0.010038, -0.052575, 0.000000, 0.000000, 0.000000, 1.000000
25.7746, -5.9359, -11.1589, 186.2275, 255.3262, 13.5684, 259.8109, -1.2759, 38.6268, -52.5721, 0.604104, -0.796893, -0.004486, -0.005936, 0.789715, 0.597890, 0.137397, -0.011159, -0.106808, -0.086545, 0.990506, 0.186228, 0.000000, 0.000000, 0.000000, 1.000000, -0.143340, -0.102850, 0.984315, 0.255326, -0.604311, 0.796735, -0.004752, 0.013568, -0.783749, -0.595513, -0.176358, 0.259811, 0.000000, 0.000000, 0.000000, 1.000000, 0.999365, 0.019117, 0.030055, -0.001276, 0.029758, 0.015606, -0.999435, 0.038627, -0.019575, 0.999695, 0.015028, -0.052572, 0.000000, 0.000000, 0.000000, 1.000000
26.0213, -5.9590, -11.2349, 186.2496, 255.3514, 13.5914, 259.8859, -1.1861, 38.6180, -52.5993, 0.604684, -0.796452, -0.004686, -0.005959, 0.788857, 0.598085, 0.141420, -0.011235, -0.109831, -0.089211, 0.989939, 0.186250, 0.000000, 0.000000, 0.000000, 1.000000, -0.146332, -0.105526, 0.983591, 0.255351, -0.604861, 0.796318, -0.004553, 0.013591, -0.782771, -0.595602, -0.180356, 0.259886, 0.000000, 0.000000, 0.000000, 1.000000, 0.999385, 0.019821, 0.028915, -0.001186, 0.028557, 0.018157, -0.999427, 0.038618, -0.020335, 0.999639, 0.017580, -0.052599, 0.000000, 0.000000, 0.000000, 1.000000
26.1406, -6.1455, -11.3764, 186.2669, 255.3760, 13.7779, 260.0263, -1.3307, 38.6175, -52.5325, 0.604148, -0.796870, 0.001957, -0.006145, 0.789101, 0.598596, 0.137850, -0.011376, -0.111020, -0.081738, 0.990451, 0.186267, 0.000000, 0.000000, 0.000000, 1.000000, -0.147525, -0.098075, 0.984184, 0.255376, -0.604315, 0.796667, -0.011195, 0.013778, -0.782969, -0.596408, -0.176797, 0.260026, 0.000000, 0.000000, 0.000000, 1.000000, 0.999425, 0.019389, 0.027829, -0.001331, 0.027627, 0.010629, -0.999562, 0.038618, -0.019677, 0.999756, 0.010087, -0.052532, 0.000000, 0.000000, 0.000000, 1.000000
26.3582, -6.1708, -11.4561, 186.2480, 255.3606, 13.8036, 260.1066, -1.2614, 38.6499, -52.5572, 0.604031, -0.796959, 0.002000, -0.006171, 0.788415, 0.597918, 0.144554, -0.011456, -0.116400, -0.085738, 0.989495, 0.186248, 0.000000, 0.000000, 0.000000, 1.000000, -0.152872, -0.102045, 0.982963, 0.255361, -0.604147, 0.796793, -0.011240, 0.013804, -0.782072, -0.595573, -0.183458, 0.260107, 0.000000, 0.000000, 0.000000, 1.000000, 0.999380, 0.019187, 0.029533, -0.001261, 0.029255, 0.014606, -0.999465, 0.038650, -0.019608, 0.999709, 0.014036, -0.052557, 0.000000, 0.000000, 0.000000, 1.000000
26.4647, -6.2960, -11.6346, 186.4450, 255.5656, 13.9272, 260.2770, -1.4244, 38.4765, -52.5740, 0.604845, -0.796341, -0.001811, -0.006296, 0.788232, 0.598358, 0.143730, -0.011635, -0.113374, -0.088361, 0.989615, 0.186445, 0.000000, 0.000000, 0.000000, 1.000000, -0.149849, -0.104689, 0.983151, 0.255566, -0.604989, 0.796199, -0.007429, 0.013927, -0.782006, -0.595908, -0.182646, 0.260277, 0.000000, 0.000000, 0.000000, 1.000000, 0.999490, 0.020169, 0.024757, -0.001424, 0.024413, 0.017128, -0.999555, 0.038476, -0.020584, 0.999650, 0.016627, -0.052574, 0.000000, 0.000000, 0.000000, 1.000000
26.8943, -6.4670, -11.7938, 186.4228, 255.5512, 14.0987, 260.4366, -1.3621, 38.5276, -52.5272, 0.604058, -0.796900, 0.008001, -0.006467, 0.787798, 0.598614, 0.145039, -0.011794, -0.120371, -0.081309, 0.989394, 0.186423, 0.000000, 0.000000, 0.000000, 1.000000, -0.156816, -0.097648, 0.982789, 0.255551, -0.604137, 0.796694, -0.017240, 0.014099, -0.781298, -0.596443, -0.183927, 0.260437, 0.000000, 0.000000, 0.000000, 1.000000, 0.999519, 0.019481, 0.024109, -0.001362, 0.023919, 0.009945, -0.999664, 0.038528, -0.019715, 0.999761, 0.009475, -0.052527, 0.000000, 0.000000, 0.000000, 1.000000
27.0029, -6.6140, -12.0140, 186.4669, 255.6052, 14.2456, 260.6546, -1.5567, 38.5135, -52.5401, 0.604604, -0.796498, 0.006760, -0.006614, 0.786767, 0.598499, 0.150988, -0.012014, -0.124307, -0.085969, 0.988513, 0.186467, 0.000000, 0.000000, 0.000000, 1.000000, -0.160713, -0.102303, 0.981685, 0.255605, -0.604646, 0.796334, -0.016000, 0.014246, -0.780112, -0.596143, -0.189839, 0.260655, 0.000000, 0.000000, 0.000000, 1.000000, 0.999451, 0.020111, 0.026346, -0.001557, 0.026056, 0.014547, -0.999555, 0.038514, -0.020485, 0.999692, 0.014015, -0.052540, 0.000000, 0.000000, 0.000000, 1.000000
27.1756, -6.6623, -12.0868, 186.3800, 255.5218, 14.2948, 260.7307, -1.5185, 38.6135, -52.5376, 0.603821, -0.797034, 0.011692, -0.006662, 0.785479, 0.597436, 0.161535, -0.012087, -0.135734, -0.088354, 0.986798, 0.186380, 0.000000, 0.000000, 0.000000, 1.000000, -0.172073, -0.104639, 0.979511, 0.255522, -0.603757, 0.796894, -0.020933, 0.014295, -0.778376, -0.594988, -0.200301, 0.260731, 0.000000, 0.000000, 0.000000, 1.000000, 0.999207, 0.019232, 0.034870, -0.001518, 0.034545, 0.016987, -0.999259, 0.038613, -0.019810, 0.999671, 0.016309, -0.052538, 0.000000, 0.000000, 0.000000, 1.000000
27.2727, -6.8086, -12.2744, 186.4349, 255.5853, 14.4408, 260.9157, -1.6952, 38.5859, -52.5327, 0.604330, -0.796601, 0.014556, -0.006809, 0.785636, 0.598852, 0.155408, -0.012274, -0.132515, -0.082482, 0.987743, 0.186435, 0.000000, 0.000000, 0.000000, 1.000000, -0.168868, -0.098832, 0.980671, 0.255585, -0.604296, 0.796404, -0.023796, 0.014441, -0.778659, -0.596634, -0.194210, 0.260916, 0.000000, 0.000000, 0.000000, 1.000000, 0.999354, 0.020037, 0.029850, -0.001695, 0.029635, 0.010948, -0.999501, 0.038586, -0.020354, 0.999739, 0.010347, -0.052533, 0.000000, 0.000000, 0.000000, 1.000000
27.5260, -6.9056, -12.4322, 186.4142, 255.5718, 14.5383, 261.0741, -1.7059, 38.6346, -52.5450, 0.603736, -0.797034, 0.015457, -0.006906, 0.784639, 0.597550, 0.165154, -0.012432, -0.140870, -0.087581, 0.986147, 0.186414, 0.000000, 0.000000, 0.000000, 1.000000, -0.177171, -0.103871, 0.978683, 0.255572, -0.603624, 0.796887, -0.024698, 0.014538, -0.777334, -0.595133, -0.203884, 0.261074, 0.000000, 0.000000, 0.000000, 1.000000, 0.999237, 0.019342, 0.033943, -0.001706, 0.033634, 0.016087, -0.999305, 0.038635, -0.019875, 0.999684, 0.015424, -0.052545, 0.000000, 0.000000, 0.000000, 1.000000
27.7710, -7.0829, -12.6276, 186.5214, 255.6882, 14.7149, 261.2647, -1.8135, 38.5631, -52.5233, 0.603922, -0.796831, 0.018400, -0.007083, 0.784521, 0.598352, 0.162792, -0.012628, -0.140728, -0.083878, 0.986489, 0.186521, 0.000000, 0.000000, 0.000000, 1.000000, -0.177026, -0.100205, 0.979092, 0.255688, -0.603811, 0.796648, -0.027640, 0.014715, -0.777222, -0.596079, -0.201532, 0.261265, 0.000000, 0.000000, 0.000000, 1.000000, 0.999370, 0.019753, 0.029472, -0.001813, 0.029234, 0.012226, -0.999498, 0.038563, -0.020104, 0.999730, 0.011641, -0.052523, 0.000000, 0.000000, 0.000000, 1.000000
28.0042, -7.1807, -12.8123, 186.5233, 255.6982, 14.8130, 261.4490, -1.8622, 38.5946, -52.5523, 0.603916, -0.796843, 0.018043, -0.007181, 0.783557, 0.597690, 0.169722, -0.012812, -0.146026, -0.088360, 0.985327, 0.186523, 0.000000, 0.000000, 0.000000, 1.000000, -0.182282, -0.104657, 0.977661, 0.255698, -0.603756, 0.796702, -0.027283, 0.014813, -0.776049, -0.595241, -0.208411, 0.261449, 0.000000, 0.000000, 0.000000, 1.000000, 0.999327, 0.019791, 0.030876, -0.001862, 0.030547, 0.016676, -0.999394, 0.038595, -0.020294, 0.999665, 0.016060, -0.052552, 0.000000, 0.000000, 0.000000, 1.000000
28.2696, -7.3104, -13.0042, 186.5797, 255.7633, 14.9425, 261.6383, -1.9200, 38.5757, -52.5635, 0.604001, -0.796755, 0.019081, -0.007310, 0.782922, 0.597652, 0.172758, -0.013004, -0.149050, -0.089407, 0.984779, 0.186580, 0.000000, 0.000000, 0.000000, 1.000000, -0.185279, -0.105702, 0.976985, 0.255763, -0.603812, 0.796624, -0.028321, 0.014942, -0.775296, -0.595162, -0.211421, 0.261638, 0.000000, 0.000000, 0.000000, 1.000000, 0.999369, 0.020017, 0.029350, -0.001920, 0.028998, 0.017624, -0.999424, 0.038576, -0.020523, 0.999644, 0.017033, -0.052563, 0.000000, 0.000000, 0.000000, 1.000000
28.5027, -7.4935, -13.1840, 186.7091, 255.9014, 15.1246, 261.8125, -2.0305, 38.4841, -52.5295, 0.604402, -0.796409, 0.020758, -0.007493, 0.782461, 0.598314, 0.172556, -0.013184, -0.149844, -0.088051, 0.984781, 0.186709, 0.000000, 0.000000, 0.000000, 1.000000, -0.186058, -0.104377, 0.976979, 0.255901, -0.604205, 0.796264, -0.029996, 0.015125, -0.774803, -0.595876, -0.211216, 0.261812, 0.000000, 0.000000, 0.000000, 1.000000, 0.999446, 0.020651, 0.026107, -0.002031, 0.025777, 0.016100, -0.999538, 0.038484, -0.021062, 0.999657, 0.015559, -0.052530, 0.000000, 0.000000, 0.000000, 1.000000
28.7521, -7.5713, -13.3802, 186.7086, 255.9094, 15.2027, 262.0084, -2.0653, 38.5233, -52.5812, 0.604462, -0.796345, 0.021440, -0.007571, 0.781131, 0.597768, 0.180300, -0.013380, -0.156397, -0.092237, 0.983378, 0.186709, 0.000000, 0.000000, 0.000000, 1.000000, -0.192553, -0.108538, 0.975265, 0.255909, -0.604203, 0.796239, -0.030678, 0.015203, -0.773215, -0.595166, -0.218898, 0.262008, 0.000000, 0.000000, 0.000000, 1.000000, 0.999375, 0.020868, 0.028522, -0.002065, 0.028100, 0.020229, -0.999400, 0.038523, -0.021432, 0.999578, 0.019630, -0.052581, 0.000000, 0.000000, 0.000000, 1.000000
29.0162, -7.6441, -13.4373, 186.7696, 255.9732, 15.2751, 262.0630, -1.9843, 38.4824, -52.5599, 0.603894, -0.796718, 0.023527, -0.007644, 0.781376, 0.597577, 0.179873, -0.013437, -0.157367, -0.090241, 0.983408, 0.186770, 0.000000, 0.000000, 0.000000, 1.000000, -0.193527, -0.106533, 0.975294, 0.255973, -0.603626, 0.796594, -0.032764, 0.015275, -0.773423, -0.595054, -0.218469, 0.262063, 0.000000, 0.000000, 0.000000, 1.000000, 0.999486, 0.020320, 0.024798, -0.001984, 0.024429, 0.018197, -0.999536, 0.038482, -0.020762, 0.999628, 0.017691, -0.052560, 0.000000, 0.000000, 0.000000, 1.000000
29.1390, -7.8038, -13.6186, 186.8580, 256.0701, 15.4342, 262.2403, -2.1523, 38.4306, -52.5429, 0.604468, -0.796138, 0.027983, -0.007804, 0.780256, 0.598764, 0.180783, -0.013619, -0.160684, -0.087444, 0.983125, 0.186858, 0.000000, 0.000000, 0.000000, 1.000000, -0.196802, -0.103790, 0.974934, 0.256070, -0.604168, 0.795987, -0.037219, 0.015434, -0.772172, -0.596349, -0.219358, 0.262240, 0.000000, 0.000000, 0.000000, 1.000000, 0.999435, 0.021263, 0.026039, -0.002152, 0.025719, 0.015195, -0.999554, 0.038431, -0.021650, 0.999658, 0.014639, -0.052543, 0.000000, 0.000000, 0.000000, 1.000000
29.3390, -7.8318, -13.6686, 186.6869, 255.9013, 15.4638, 262.2970, -2.0505, 38.6154, -52.5376, 0.604170, -0.796310, 0.029486, -0.007832, 0.779427, 0.598247, 0.185993, -0.013669, -0.165748, -0.089389, 0.982109, 0.186687, 0.000000, 0.000000, 0.000000, 1.000000, -0.201827, -0.105711, 0.973700, 0.255901, -0.603823, 0.796178, -0.038721, 0.015464, -0.771145, -0.595757, -0.224521, 0.262297, 0.000000, 0.000000, 0.000000, 1.000000, 0.999393, 0.021077, 0.027727, -0.002050, 0.027368, 0.017126, -0.999479, 0.038615, -0.021541, 0.999631, 0.016539, -0.052538, 0.000000, 0.000000, 0.000000, 1.000000
29.4387, -7.9926, -13.8639, 186.7345, 255.9581, 15.6246, 262.4900, -2.2402, 38.6067, -52.5250, 0.603452, -0.796713, 0.033074, -0.007993, 0.778744, 0.597746, 0.190415, -0.013864, -0.171476, -0.089150, 0.981146, 0.186735, 0.000000, 0.000000, 0.000000, 1.000000, -0.207517, -0.105450, 0.972531, 0.255958, -0.603052, 0.796579, -0.042307, 0.015625, -0.770237, -0.595266, -0.228895, 0.262490, 0.000000, 0.000000, 0.000000, 1.000000, 0.999287, 0.020436, 0.031755, -0.002240, 0.031411, 0.016943, -0.999363, 0.038607, -0.020961, 0.999648, 0.016289, -0.052525, 0.000000, 0.000000, 0.000000, 1.000000
29.6822, -8.1047, -14.0078, 186.8431, 256.0734, 15.7359, 262.6292, -2.2723, 38.5349, -52.5259, 0.604267, -0.796174, 0.031104, -0.008105, 0.778167, 0.598089, 0.191689, -0.014008, -0.171221, -0.091628, 0.980963, 0.186843, 0.000000, 0.000000, 0.000000, 1.000000, -0.207246, -0.107944, 0.972315, 0.256073, -0.603869, 0.796062, -0.040336, 0.015736, -0.769670, -0.595510, -0.230165, 0.262629, 0.000000, 0.000000, 0.000000, 1.000000, 0.999394, 0.021460, 0.027391, -0.002272, 0.026980, 0.019230, -0.999451, 0.038535, -0.021975, 0.999585, 0.018639, -0.052526, 0.000000, 0.000000, 0.000000, 1.000000
29.9268, -8.2781, -14.2170, 186.8751, 256.1151, 15.9093, 262.8366, -2.3808, 38.5524, -52.5102, 0.603007, -0.796704, 0.040563, -0.008278, 0.777956, 0.598548, 0.191113, -0.014217, -0.176539, -0.083686, 0.980730, 0.186875, 0.000000, 0.000000, 0.000000, 1.000000, -0.212541, -0.100022, 0.972020, 0.256115, -0.602560, 0.796519, -0.049792, 0.015909, -0.769252, -0.596283, -0.229562, 0.262837, 0.000000, 0.000000, 0.000000, 1.000000, 0.999392, 0.020401, 0.028259, -0.002381, 0.028034, 0.011250, -0.999544, 0.038552, -0.020710, 0.999729, 0.010671, -0.052510, 0.000000, 0.000000, 0.000000, 1.000000
30.0138, -8.2588, -14.2130, 186.8415, 256.0812, 15.8903, 262.8340, -2.3026, 38.5878, -52.5212, 0.602826, -0.796852, 0.040346, -0.008259, 0.777151, 0.597869, 0.196441, -0.014213, -0.180656, -0.087065, 0.979685, 0.186841, 0.000000, 0.000000, 0.000000, 1.000000, -0.216621, -0.103370, 0.970768, 0.256081, -0.602340, 0.796699, -0.049573, 0.015890, -0.768285, -0.595471, -0.234845, 0.262834, 0.000000, 0.000000, 0.000000, 1.000000, 0.999313, 0.020305, 0.031007, -0.002303, 0.030713, 0.014666, -0.999421, 0.038588, -0.020748, 0.999686, 0.014032, -0.052521, 0.000000, 0.000000, 0.000000, 1.000000
30.0140, -8.2472, -14.2174, 186.9970, 256.2367, 15.8772, 262.8324, -2.3228, 38.4348, -52.5440, 0.603132, -0.796772, 0.037219, -0.008247, 0.777957, 0.597910, 0.193098, -0.014217, -0.176109, -0.087509, 0.980473, 0.186997, 0.000000, 0.000000, 0.000000, 1.000000, -0.212112, -0.103816, 0.971715, 0.256237, -0.602689, 0.796623, -0.046449, 0.015877, -0.769269, -0.595495, -0.231542, 0.262832, 0.000000, 0.000000, 0.000000, 1.000000, 0.999443, 0.020452, 0.026390, -0.002323, 0.026084, 0.015094, -0.999546, 0.038435, -0.020841, 0.999677, 0.014552, -0.052544, 0.000000, 0.000000, 0.000000, 1.000000
