# Joint_B_Angle(deg), Cam_X(mm), Cam_Y(mm), Cam_Z(mm), Torso_X(mm), Torso_Y(mm), Torso_Z(mm), EE_X(mm), EE_Y(mm), EE_Z(mm), T_cam2marker_flat(16), T_torso2marker_flat(16), T_ee2marker_flat(16)
-14.9937, 48.3577, 25.2869, 373.4231, 440.4394, -42.4848, 216.1139, 15.5121, 59.1420, -68.7851, -0.413101, -0.907532, -0.075720, 0.048358, 0.910524, -0.410033, -0.053097, 0.025287, 0.017139, -0.090879, 0.995714, 0.373423, 0.000000, 0.000000, 0.000000, 1.000000, -0.015057, -0.066418, 0.997678, 0.440439, 0.411538, 0.908947, 0.066722, -0.042485, -0.911268, 0.411587, 0.013647, 0.216114, 0.000000, 0.000000, 0.000000, 1.000000, 0.998074, -0.041467, 0.046146, 0.015512, 0.043555, -0.061357, -0.997165, 0.059142, 0.044181, 0.997254, -0.059433, -0.068785, 0.000000, 0.000000, 0.000000, 1.000000
-14.9871, 48.4797, 25.0742, 373.7284, 440.7517, -42.6093, 216.3147, 15.3108, 58.8199, -68.8662, -0.412576, -0.908455, -0.067015, 0.048480, 0.910689, -0.409684, -0.052951, 0.025074, 0.020648, -0.082876, 0.996346, 0.373728, 0.000000, 0.000000, 0.000000, 1.000000, -0.011562, -0.058426, 0.998225, 0.440752, 0.410980, 0.909797, 0.058011, -0.042609, -0.911571, 0.410921, 0.013493, 0.216315, 0.000000, 0.000000, 0.000000, 1.000000, 0.998258, -0.040365, 0.043027, 0.015311, 0.040163, -0.069268, -0.996789, 0.058820, 0.043216, 0.996781, -0.067526, -0.068866, 0.000000, 0.000000, 0.000000, 1.000000
-14.7727, 48.5124, 24.4760, 372.2413, 439.2891, -42.6275, 216.9710, 15.3246, 59.9064, -68.5009, -0.410998, -0.907585, -0.085849, 0.048512, 0.911622, -0.408650, -0.044153, 0.024476, 0.004990, -0.096409, 0.995329, 0.372241, 0.000000, 0.000000, 0.000000, 1.000000, -0.027258, -0.071997, 0.997032, 0.439289, 0.409544, 0.909049, 0.076841, -0.042628, -0.911883, 0.410423, 0.004707, 0.216971, 0.000000, 0.000000, 0.000000, 1.000000, 0.997344, -0.044027, 0.058014, 0.015325, 0.055605, -0.054099, -0.996986, 0.059906, 0.047033, 0.997565, -0.051507, -0.068501, 0.000000, 0.000000, 0.000000, 1.000000
-14.5734, 48.7692, 24.2138, 373.5055, 440.5603, -42.8954, 217.1837, 15.7011, 58.3644, -68.8662, -0.405607, -0.912150, -0.058863, 0.048769, 0.913786, -0.403108, -0.049998, 0.024214, 0.021878, -0.074067, 0.997013, 0.373506, 0.000000, 0.000000, 0.000000, 1.000000, -0.010519, -0.049851, 0.998701, 0.440560, 0.403995, 0.913402, 0.049849, -0.042895, -0.914701, 0.403995, 0.010532, 0.217184, 0.000000, 0.000000, 0.000000, 1.000000, 0.998341, -0.038841, 0.042496, 0.015701, 0.039515, -0.074529, -0.996436, 0.058364, 0.041870, 0.996462, -0.072870, -0.068866, 0.000000, 0.000000, 0.000000, 1.000000
-14.3965, 48.9092, 23.3493, 371.9007, 438.9897, -43.0195, 218.1111, 15.2995, 59.6049, -68.4870, -0.406143, -0.910566, -0.076929, 0.048909, 0.913769, -0.403896, -0.043515, 0.023349, 0.008552, -0.087968, 0.996087, 0.371901, 0.000000, 0.000000, 0.000000, 1.000000, -0.023828, -0.063724, 0.997683, 0.438990, 0.404653, 0.911945, 0.067912, -0.043019, -0.914160, 0.405334, 0.004056, 0.218111, 0.000000, 0.000000, 0.000000, 1.000000, 0.997520, -0.043883, 0.055023, 0.015300, 0.052373, -0.059407, -0.996859, 0.059605, 0.047014, 0.997269, -0.056961, -0.068487, 0.000000, 0.000000, 0.000000, 1.000000
-14.1803, 49.0553, 23.2454, 372.5754, 439.6666, -43.1715, 218.1886, 15.8787, 58.6256, -68.7230, -0.402263, -0.913317, -0.063534, 0.049055, 0.915321, -0.399742, -0.048920, 0.023245, 0.019282, -0.077832, 0.996780, 0.372575, 0.000000, 0.000000, 0.000000, 1.000000, -0.013203, -0.053735, 0.998468, 0.439667, 0.400672, 0.914598, 0.054520, -0.043172, -0.916126, 0.400778, 0.009454, 0.218189, 0.000000, 0.000000, 0.000000, 1.000000, 0.998116, -0.041749, 0.044962, 0.015879, 0.042075, -0.067628, -0.996823, 0.058626, 0.044657, 0.996837, -0.065744, -0.068723, 0.000000, 0.000000, 0.000000, 1.000000
-14.0752, 49.1743, 22.5394, 371.7326, 438.8513, -43.2818, 218.9275, 15.4550, 59.2362, -68.4838, -0.398389, -0.914925, -0.064801, 0.049174, 0.917027, -0.395876, -0.048410, 0.022539, 0.018638, -0.078711, 0.996723, 0.371733, 0.000000, 0.000000, 0.000000, 1.000000, -0.013950, -0.054751, 0.998403, 0.438851, 0.396803, 0.916207, 0.055787, -0.043282, -0.917798, 0.396947, 0.008945, 0.218928, 0.000000, 0.000000, 0.000000, 1.000000, 0.998177, -0.039290, 0.045823, 0.015455, 0.043178, -0.065712, -0.996904, 0.059236, 0.042179, 0.997065, -0.063896, -0.068484, 0.000000, 0.000000, 0.000000, 1.000000
-13.8204, 49.2005, 22.1987, 371.0184, 438.1509, -43.3009, 219.2962, 15.8859, 59.5325, -68.3372, -0.399230, -0.913689, -0.076074, 0.049200, 0.916799, -0.396951, -0.043695, 0.022199, 0.009726, -0.087188, 0.996144, 0.371018, 0.000000, 0.000000, 0.000000, 1.000000, -0.022838, -0.063191, 0.997740, 0.438151, 0.397725, 0.915051, 0.067057, -0.043301, -0.917221, 0.398357, 0.004235, 0.219296, 0.000000, 0.000000, 0.000000, 1.000000, 0.997509, -0.045330, 0.054056, 0.015886, 0.051517, -0.055430, -0.997133, 0.059532, 0.048196, 0.997433, -0.052956, -0.068337, 0.000000, 0.000000, 0.000000, 1.000000
-13.7158, 49.5569, 21.7304, 371.9007, 439.0477, -43.6646, 219.7300, 15.7118, 58.4924, -68.6464, -0.393373, -0.917578, -0.057523, 0.049557, 0.919048, -0.390781, -0.051391, 0.021730, 0.024677, -0.073082, 0.997021, 0.371901, 0.000000, 0.000000, 0.000000, 1.000000, -0.008041, -0.049304, 0.998751, 0.439048, 0.391728, 0.918801, 0.048511, -0.043665, -0.920046, 0.391629, 0.011926, 0.219730, 0.000000, 0.000000, 0.000000, 1.000000, 0.998435, -0.038886, 0.040193, 0.015712, 0.037473, -0.068305, -0.996961, 0.058492, 0.041514, 0.996906, -0.066740, -0.068646, 0.000000, 0.000000, 0.000000, 1.000000
-13.4914, 49.6975, 20.9689, 371.0042, 438.1807, -43.7959, 220.5265, 15.6005, 58.9790, -68.4321, -0.390442, -0.918145, -0.067571, 0.049697, 0.920478, -0.388002, -0.046633, 0.020969, 0.016599, -0.080405, 0.996624, 0.371004, 0.000000, 0.000000, 0.000000, 1.000000, -0.016195, -0.056725, 0.998258, 0.438181, 0.388869, 0.919430, 0.058555, -0.043796, -0.921151, 0.389140, 0.007168, 0.220526, 0.000000, 0.000000, 0.000000, 1.000000, 0.998039, -0.040131, 0.048028, 0.015600, 0.045609, -0.059148, -0.997207, 0.058979, 0.042860, 0.997442, -0.057201, -0.068432, 0.000000, 0.000000, 0.000000, 1.000000
-13.2214, 49.8435, 20.5277, 370.6995, 437.8924, -43.9384, 220.9796, 15.9696, 58.8507, -68.4258, -0.388069, -0.919775, -0.058448, 0.049843, 0.921358, -0.385633, -0.048845, 0.020528, 0.022387, -0.072807, 0.997095, 0.370700, 0.000000, 0.000000, 0.000000, 1.000000, -0.010468, -0.049212, 0.998734, 0.437892, 0.386442, 0.920988, 0.049431, -0.043938, -0.922254, 0.386470, 0.009377, 0.220980, 0.000000, 0.000000, 0.000000, 1.000000, 0.998249, -0.041091, 0.042561, 0.015970, 0.039855, -0.064554, -0.997118, 0.058851, 0.043720, 0.997068, -0.062803, -0.068426, 0.000000, 0.000000, 0.000000, 1.000000
-13.0564, 49.9658, 20.0130, 370.4883, 437.7005, -44.0580, 221.5025, 15.9526, 58.7736, -68.3668, -0.386567, -0.920174, -0.062020, 0.049966, 0.922201, -0.384894, -0.037446, 0.020013, 0.010586, -0.071670, 0.997372, 0.370488, 0.000000, 0.000000, 0.000000, 1.000000, -0.022306, -0.048102, 0.998593, 0.437701, 0.385046, 0.921375, 0.052983, -0.044058, -0.922628, 0.385686, -0.002031, 0.221502, 0.000000, 0.000000, 0.000000, 1.000000, 0.997604, -0.042788, 0.054360, 0.015953, 0.051542, -0.064409, -0.996592, 0.058774, 0.046143, 0.997006, -0.062049, -0.068367, 0.000000, 0.000000, 0.000000, 1.000000
-12.8962, 50.2035, 19.4115, 370.7029, 437.9365, -44.2968, 222.0954, 15.8278, 58.2849, -68.4428, -0.381988, -0.922868, -0.048996, 0.050203, 0.923827, -0.379872, -0.047336, 0.019412, 0.025072, -0.063345, 0.997677, 0.370703, 0.000000, 0.000000, 0.000000, 1.000000, -0.007937, -0.039958, 0.999170, 0.437937, 0.380333, 0.923985, 0.039972, -0.044297, -0.924816, 0.380335, 0.007864, 0.222095, 0.000000, 0.000000, 0.000000, 1.000000, 0.998414, -0.039118, 0.040490, 0.015828, 0.037634, -0.071172, -0.996754, 0.058285, 0.041872, 0.996697, -0.069587, -0.068443, 0.000000, 0.000000, 0.000000, 1.000000
-12.6389, 50.2821, 18.8747, 369.5303, 436.7854, -44.3638, 222.6782, 16.0302, 59.0176, -68.2306, -0.380175, -0.922749, -0.063249, 0.050282, 0.924807, -0.378198, -0.041213, 0.018875, 0.014109, -0.074161, 0.997146, 0.369530, 0.000000, 0.000000, 0.000000, 1.000000, -0.018947, -0.050832, 0.998527, 0.436785, 0.378619, 0.923963, 0.054220, -0.044364, -0.925359, 0.379088, 0.001740, 0.222678, 0.000000, 0.000000, 0.000000, 1.000000, 0.997802, -0.042387, 0.050930, 0.016030, 0.048416, -0.058366, -0.997120, 0.059018, 0.045237, 0.997395, -0.056185, -0.068231, 0.000000, 0.000000, 0.000000, 1.000000
-12.4581, 50.4648, 18.4503, 369.7590, 437.0290, -44.5480, 223.0936, 16.1566, 58.4986, -68.3228, -0.377582, -0.923820, -0.063147, 0.050465, 0.925862, -0.375586, -0.041410, 0.018450, 0.014538, -0.074101, 0.997145, 0.369759, 0.000000, 0.000000, 0.000000, 1.000000, -0.018583, -0.050865, 0.998533, 0.437029, 0.376020, 0.925030, 0.054119, -0.044548, -0.926425, 0.376474, 0.001937, 0.223094, 0.000000, 0.000000, 0.000000, 1.000000, 0.997820, -0.042421, 0.050553, 0.016157, 0.048103, -0.056903, -0.997220, 0.058499, 0.045180, 0.997478, -0.054738, -0.068323, 0.000000, 0.000000, 0.000000, 1.000000
-12.3185, 50.4751, 18.2340, 369.3296, 436.6084, -44.5540, 223.3268, 16.3612, 58.6970, -68.2313, -0.376333, -0.924023, -0.067492, 0.050475, 0.926280, -0.373720, -0.048359, 0.018234, 0.019462, -0.080716, 0.996547, 0.369330, 0.000000, 0.000000, 0.000000, 1.000000, -0.013690, -0.057546, 0.998249, 0.436608, 0.374725, 0.925290, 0.058479, -0.044554, -0.927035, 0.374870, 0.008896, 0.223327, 0.000000, 0.000000, 0.000000, 1.000000, 0.998035, -0.043253, 0.045343, 0.016361, 0.043205, -0.049138, -0.997857, 0.058697, 0.045388, 0.997855, -0.047173, -0.068231, 0.000000, 0.000000, 0.000000, 1.000000
-12.2240, 50.7284, 17.6514, 369.9698, 437.2687, -44.8123, 223.8841, 16.0699, 57.8875, -68.3748, -0.370687, -0.927715, -0.044004, 0.050728, 0.928481, -0.369003, -0.041956, 0.017651, 0.022686, -0.056409, 0.998150, 0.369970, 0.000000, 0.000000, 0.000000, 1.000000, -0.010607, -0.033412, 0.999385, 0.437269, 0.369047, 0.928753, 0.034968, -0.044812, -0.929350, 0.369191, 0.002479, 0.223884, 0.000000, 0.000000, 0.000000, 1.000000, 0.998355, -0.037412, 0.043458, 0.016070, 0.040668, -0.072343, -0.996550, 0.057887, 0.040427, 0.996678, -0.070703, -0.068375, 0.000000, 0.000000, 0.000000, 1.000000
-11.9764, 50.8345, 17.1339, 369.0753, 436.3944, -44.9094, 224.4366, 16.2685, 58.3655, -68.2376, -0.369810, -0.927574, -0.053368, 0.050834, 0.928885, -0.367853, -0.043102, 0.017134, 0.020349, -0.065512, 0.997644, 0.369075, 0.000000, 0.000000, 0.000000, 1.000000, -0.012966, -0.042554, 0.999010, 0.436394, 0.368191, 0.928693, 0.044338, -0.044909, -0.929660, 0.368401, 0.003626, 0.224437, 0.000000, 0.000000, 0.000000, 1.000000, 0.998135, -0.040908, 0.045319, 0.016268, 0.042762, -0.061356, -0.997199, 0.058366, 0.043574, 0.997277, -0.059492, -0.068238, 0.000000, 0.000000, 0.000000, 1.000000
-11.8222, 50.8847, 16.5680, 368.3475, 435.6891, -44.9521, 225.0309, 16.1562, 58.8056, -68.0399, -0.368131, -0.927694, -0.062152, 0.050885, 0.929653, -0.366184, -0.040670, 0.016568, 0.014970, -0.072751, 0.997238, 0.368347, 0.000000, 0.000000, 0.000000, 1.000000, -0.018386, -0.049852, 0.998587, 0.435689, 0.366560, 0.928877, 0.053121, -0.044952, -0.930213, 0.367019, 0.001195, 0.225031, 0.000000, 0.000000, 0.000000, 1.000000, 0.997838, -0.042225, 0.050371, 0.016156, 0.048113, -0.052877, -0.997441, 0.058806, 0.044781, 0.997708, -0.050731, -0.068040, 0.000000, 0.000000, 0.000000, 1.000000
-11.6651, 51.0874, 16.2582, 369.3637, 436.7148, -45.1636, 225.3008, 16.3622, 57.5559, -68.2823, -0.364686, -0.930228, -0.040976, 0.051087, 0.930935, -0.363355, -0.036506, 0.016258, 0.019070, -0.051459, 0.998493, 0.369364, 0.000000, 0.000000, 0.000000, 1.000000, -0.014371, -0.028666, 0.999486, 0.436715, 0.363076, 0.931212, 0.031929, -0.045164, -0.931649, 0.363348, -0.002974, 0.225301, 0.000000, 0.000000, 0.000000, 1.000000, 0.998091, -0.039752, 0.047267, 0.016362, 0.044289, -0.072731, -0.996368, 0.057556, 0.043045, 0.996559, -0.070832, -0.068282, 0.000000, 0.000000, 0.000000, 1.000000
-11.4897, 51.0802, 15.6798, 367.9225, 435.2977, -45.1424, 225.9356, 16.2738, 58.6660, -67.9482, -0.362782, -0.930107, -0.057361, 0.051080, 0.931818, -0.361402, -0.033212, 0.015680, 0.010160, -0.065499, 0.997801, 0.367922, 0.000000, 0.000000, 0.000000, 1.000000, -0.023326, -0.042772, 0.998813, 0.435298, 0.361252, 0.931216, 0.048314, -0.045142, -0.932176, 0.361950, -0.006270, 0.225936, 0.000000, 0.000000, 0.000000, 1.000000, 0.997585, -0.041677, 0.055567, 0.016274, 0.053137, -0.057309, -0.996941, 0.058666, 0.044734, 0.997486, -0.054956, -0.067948, 0.000000, 0.000000, 0.000000, 1.000000
-11.2970, 51.4171, 15.1294, 368.7330, 436.1262, -45.4858, 226.4542, 16.3078, 57.5550, -68.2214, -0.357523, -0.933244, -0.035130, 0.051417, 0.933552, -0.356102, -0.040881, 0.015129, 0.025642, -0.047412, 0.998546, 0.368733, 0.000000, 0.000000, 0.000000, 1.000000, -0.007973, -0.024881, 0.999659, 0.436126, 0.355849, 0.934179, 0.026089, -0.045486, -0.934510, 0.355935, 0.001406, 0.226454, 0.000000, 0.000000, 0.000000, 1.000000, 0.998455, -0.037464, 0.041026, 0.016308, 0.038189, -0.073530, -0.996562, 0.057555, 0.040352, 0.996589, -0.071986, -0.068221, 0.000000, 0.000000, 0.000000, 1.000000
-11.0619, 51.5364, 14.2929, 367.1770, 434.6034, -45.5896, 227.3517, 16.1148, 58.6784, -67.9310, -0.355523, -0.932908, -0.057323, 0.051536, 0.934653, -0.354506, -0.027362, 0.014293, 0.005205, -0.063305, 0.997981, 0.367177, 0.000000, 0.000000, 0.000000, 1.000000, -0.028454, -0.040827, 0.998761, 0.434603, 0.354033, 0.933986, 0.048265, -0.045590, -0.934800, 0.354968, -0.012122, 0.227352, 0.000000, 0.000000, 0.000000, 1.000000, 0.997318, -0.040864, 0.060716, 0.016115, 0.058392, -0.055845, -0.996730, 0.058678, 0.044121, 0.997603, -0.053309, -0.067931, 0.000000, 0.000000, 0.000000, 1.000000
-10.8185, 51.6232, 14.1277, 367.5783, 435.0101, -45.6798, 227.5010, 16.7254, 57.9154, -68.0502, -0.354251, -0.933786, -0.050495, 0.051623, 0.935035, -0.352841, -0.034834, 0.014128, 0.014711, -0.059555, 0.998117, 0.367578, 0.000000, 0.000000, 0.000000, 1.000000, -0.018983, -0.037138, 0.999130, 0.435010, 0.352674, 0.934828, 0.041448, -0.045680, -0.935554, 0.353154, -0.004648, 0.227501, 0.000000, 0.000000, 0.000000, 1.000000, 0.997776, -0.042594, 0.051282, 0.016725, 0.048788, -0.057658, -0.997144, 0.057915, 0.045429, 0.997427, -0.055451, -0.068050, 0.000000, 0.000000, 0.000000, 1.000000
-10.7279, 51.7353, 13.3521, 367.0594, 434.5212, -45.7860, 228.2968, 16.2051, 58.2292, -67.8745, -0.350999, -0.935255, -0.045804, 0.051735, 0.936310, -0.349973, -0.029033, 0.013352, 0.011123, -0.053077, 0.998528, 0.367059, 0.000000, 0.000000, 0.000000, 1.000000, -0.022647, -0.030765, 0.999270, 0.434521, 0.349454, 0.936233, 0.036744, -0.045786, -0.936680, 0.350031, -0.010452, 0.228297, 0.000000, 0.000000, 0.000000, 1.000000, 0.997654, -0.040402, 0.055256, 0.016205, 0.052637, -0.063243, -0.996609, 0.058229, 0.043759, 0.997180, -0.060968, -0.067875, 0.000000, 0.000000, 0.000000, 1.000000
-10.4695, 51.8736, 12.6886, 366.4852, 433.9724, -45.9181, 228.9826, 16.3074, 58.3663, -67.7843, -0.345799, -0.936979, -0.049936, 0.051874, 0.938185, -0.344400, -0.034594, 0.012689, 0.015216, -0.058812, 0.998153, 0.366485, 0.000000, 0.000000, 0.000000, 1.000000, -0.018679, -0.036699, 0.999152, 0.433972, 0.344213, 0.938001, 0.040888, -0.045918, -0.938706, 0.344685, -0.004889, 0.228983, 0.000000, 0.000000, 0.000000, 1.000000, 0.997932, -0.039052, 0.051047, 0.016307, 0.048852, -0.055226, -0.997278, 0.058366, 0.041765, 0.997710, -0.053204, -0.067784, 0.000000, 0.000000, 0.000000, 1.000000
-10.2410, 51.9972, 12.5060, 366.4218, 433.9151, -46.0408, 229.1678, 16.8109, 58.0875, -67.8782, -0.346038, -0.936887, -0.050001, 0.051997, 0.938082, -0.344580, -0.035586, 0.012506, 0.016111, -0.059219, 0.998115, 0.366422, 0.000000, 0.000000, 0.000000, 1.000000, -0.017779, -0.037100, 0.999153, 0.433915, 0.344444, 0.937913, 0.040955, -0.046041, -0.938638, 0.344881, -0.003896, 0.229168, 0.000000, 0.000000, 0.000000, 1.000000, 0.997832, -0.042884, 0.049921, 0.016811, 0.047619, -0.053132, -0.997451, 0.058087, 0.045427, 0.997666, -0.050974, -0.067878, 0.000000, 0.000000, 0.000000, 1.000000
-10.1591, 52.0348, 11.9866, 365.8374, 433.3514, -46.0723, 229.7099, 16.5243, 58.4992, -67.7090, -0.343411, -0.937613, -0.054311, 0.052035, 0.939107, -0.342063, -0.032730, 0.011987, 0.012111, -0.062244, 0.997987, 0.365837, 0.000000, 0.000000, 0.000000, 1.000000, -0.021840, -0.040216, 0.998952, 0.433351, 0.341853, 0.938663, 0.045262, -0.046072, -0.939500, 0.342483, -0.006752, 0.229710, 0.000000, 0.000000, 0.000000, 1.000000, 0.997674, -0.041770, 0.053870, 0.016524, 0.051791, -0.049333, -0.997439, 0.058499, 0.044321, 0.997909, -0.047055, -0.067709, 0.000000, 0.000000, 0.000000, 1.000000
-9.9747, 52.2833, 11.6315, 366.4971, 434.0222, -46.3263, 230.0392, 16.7370, 57.5610, -67.9413, -0.338743, -0.939744, -0.046196, 0.052283, 0.940807, -0.337702, -0.028969, 0.011632, 0.011623, -0.053274, 0.998512, 0.366497, 0.000000, 0.000000, 0.000000, 1.000000, -0.022437, -0.031406, 0.999255, 0.434022, 0.337186, 0.940705, 0.037137, -0.046326, -0.941170, 0.337768, -0.010517, 0.230039, 0.000000, 0.000000, 0.000000, 1.000000, 0.997723, -0.039273, 0.054829, 0.016737, 0.052561, -0.056605, -0.997012, 0.057561, 0.042259, 0.997624, -0.054412, -0.067941, 0.000000, 0.000000, 0.000000, 1.000000
-9.8156, 52.3179, 10.8307, 365.3842, 432.9416, -46.3495, 230.8833, 16.3892, 58.3575, -67.6468, -0.336525, -0.940220, -0.052324, 0.052318, 0.941621, -0.335392, -0.029366, 0.010831, 0.010062, -0.059152, 0.998198, 0.365384, 0.000000, 0.000000, 0.000000, 1.000000, -0.024049, -0.037366, 0.999012, 0.432942, 0.334982, 0.941231, 0.043268, -0.046349, -0.941918, 0.335691, -0.010119, 0.230883, 0.000000, 0.000000, 0.000000, 1.000000, 0.997627, -0.039844, 0.056146, 0.016389, 0.054155, -0.049405, -0.997310, 0.058357, 0.042511, 0.997984, -0.047130, -0.067647, 0.000000, 0.000000, 0.000000, 1.000000
-9.5695, 52.5237, 10.5149, 366.0989, 433.6662, -46.5614, 231.1711, 16.8484, 57.2756, -67.8661, -0.334048, -0.941932, -0.034294, 0.052524, 0.942376, -0.333052, -0.031686, 0.010515, 0.018424, -0.042902, 0.998909, 0.366099, 0.000000, 0.000000, 0.000000, 1.000000, -0.015745, -0.021206, 0.999651, 0.433666, 0.332428, 0.942791, 0.025236, -0.046561, -0.942997, 0.332709, -0.007795, 0.231171, 0.000000, 0.000000, 0.000000, 1.000000, 0.998033, -0.039875, 0.048377, 0.016848, 0.045782, -0.063607, -0.996924, 0.057276, 0.042829, 0.997178, -0.061656, -0.067866, 0.000000, 0.000000, 0.000000, 1.000000
-9.3760, 52.5207, 9.8817, 364.9310, 432.5243, -46.5467, 231.8499, 16.7754, 58.0907, -67.5920, -0.333021, -0.941498, -0.051755, 0.052521, 0.942910, -0.332266, -0.022811, 0.009882, 0.004280, -0.056396, 0.998399, 0.364931, 0.000000, 0.000000, 0.000000, 1.000000, -0.029908, -0.034724, 0.998949, 0.432524, 0.331528, 0.942479, 0.042687, -0.046547, -0.942971, 0.332457, -0.016676, 0.231850, 0.000000, 0.000000, 0.000000, 1.000000, 0.997152, -0.043232, 0.061792, 0.016775, 0.059675, -0.048665, -0.997031, 0.058091, 0.046111, 0.997879, -0.045947, -0.067592, 0.000000, 0.000000, 0.000000, 1.000000
-9.1881, 52.6398, 9.6968, 365.2263, 432.8256, -46.6682, 232.0232, 17.1746, 57.5148, -67.7127, -0.330121, -0.943043, -0.041119, 0.052640, 0.943880, -0.329303, -0.025487, 0.009697, 0.010495, -0.047225, 0.998829, 0.365226, 0.000000, 0.000000, 0.000000, 1.000000, -0.023763, -0.025663, 0.999388, 0.432826, 0.328570, 0.943936, 0.032052, -0.046668, -0.944181, 0.329131, -0.013998, 0.232023, 0.000000, 0.000000, 0.000000, 1.000000, 0.997536, -0.042288, 0.055987, 0.017175, 0.053573, -0.056206, -0.996981, 0.057515, 0.045307, 0.997523, -0.053802, -0.067713, 0.000000, 0.000000, 0.000000, 1.000000
-9.0978, 52.7641, 9.0523, 365.1144, 432.7381, -46.7905, 232.6718, 16.8002, 57.4425, -67.6515, -0.325548, -0.944973, -0.032309, 0.052764, 0.945295, -0.324523, -0.033199, 0.009052, 0.020887, -0.041350, 0.998926, 0.365114, 0.000000, 0.000000, 0.000000, 1.000000, -0.013477, -0.019964, 0.999710, 0.432738, 0.323901, 0.945805, 0.023254, -0.046791, -0.945995, 0.324120, -0.006280, 0.232672, 0.000000, 0.000000, 0.000000, 1.000000, 0.998212, -0.038189, 0.045989, 0.016800, 0.043606, -0.061062, -0.997181, 0.057442, 0.040890, 0.997403, -0.059288, -0.067652, 0.000000, 0.000000, 0.000000, 1.000000
-8.8675, 52.9449, 8.3727, 364.7727, 432.4219, -46.9672, 233.3647, 16.7989, 57.3952, -67.6361, -0.322930, -0.945729, -0.036238, 0.052945, 0.946322, -0.322101, -0.026928, 0.008373, 0.013795, -0.042989, 0.998980, 0.364773, 0.000000, 0.000000, 0.000000, 1.000000, -0.020627, -0.021690, 0.999552, 0.432422, 0.321346, 0.946572, 0.027172, -0.046967, -0.946737, 0.321763, -0.012555, 0.233365, 0.000000, 0.000000, 0.000000, 1.000000, 0.997820, -0.039403, 0.052938, 0.016799, 0.050625, -0.057552, -0.997058, 0.057395, 0.042334, 0.997565, -0.055431, -0.067636, 0.000000, 0.000000, 0.000000, 1.000000
-8.6188, 52.9924, 8.2025, 365.0849, 432.7401, -47.0172, 233.5225, 17.4258, 56.7094, -67.7023, -0.320407, -0.946817, -0.029613, 0.052992, 0.947009, -0.319410, -0.033927, 0.008203, 0.022664, -0.038914, 0.998985, 0.365085, 0.000000, 0.000000, 0.000000, 1.000000, -0.011815, -0.017715, 0.999773, 0.432740, 0.318741, 0.947619, 0.020558, -0.047017, -0.947768, 0.318911, -0.005550, 0.233523, 0.000000, 0.000000, 0.000000, 1.000000, 0.998217, -0.040166, 0.044156, 0.017426, 0.041720, -0.059576, -0.997352, 0.056709, 0.042691, 0.997415, -0.057794, -0.067702, 0.000000, 0.000000, 0.000000, 1.000000
-8.5063, 53.0969, 7.3897, 363.9048, 431.5920, -47.1097, 234.3815, 16.8914, 57.6496, -67.4834, -0.318324, -0.947254, -0.037141, 0.053097, 0.947967, -0.317853, -0.018132, 0.007390, 0.005370, -0.040980, 0.999146, 0.363905, 0.000000, 0.000000, 0.000000, 1.000000, -0.029151, -0.019837, 0.999378, 0.431592, 0.316814, 0.948072, 0.028060, -0.047110, -0.948039, 0.317435, -0.021353, 0.234381, 0.000000, 0.000000, 0.000000, 1.000000, 0.997298, -0.040468, 0.061313, 0.016891, 0.058978, -0.056575, -0.996655, 0.057650, 0.043802, 0.997578, -0.054036, -0.067483, 0.000000, 0.000000, 0.000000, 1.000000
-8.2745, 53.2451, 6.7504, 364.1084, 431.8194, -47.2588, 235.0125, 16.9798, 57.0609, -67.5065, -0.313051, -0.949383, -0.025908, 0.053245, 0.949583, -0.312394, -0.026488, 0.006750, 0.017054, -0.032894, 0.999313, 0.364108, 0.000000, 0.000000, 0.000000, 1.000000, -0.017589, -0.011953, 0.999774, 0.431819, 0.311433, 0.950119, 0.016839, -0.047259, -0.950105, 0.311658, -0.012989, 0.235012, 0.000000, 0.000000, 0.000000, 1.000000, 0.998036, -0.037752, 0.049995, 0.016980, 0.047573, -0.062534, -0.996908, 0.057061, 0.040762, 0.997329, -0.060615, -0.067506, 0.000000, 0.000000, 0.000000, 1.000000
-8.0281, 53.3806, 6.0158, 363.4610, 431.2003, -47.3873, 235.7723, 16.9674, 57.2873, -67.4175, -0.310735, -0.949973, -0.031529, 0.053381, 0.950474, -0.310327, -0.017230, 0.006016, 0.006584, -0.035321, 0.999354, 0.363461, 0.000000, 0.000000, 0.000000, 1.000000, -0.028106, -0.014455, 0.999500, 0.431200, 0.309211, 0.950728, 0.022444, -0.047387, -0.950578, 0.309688, -0.022252, 0.235772, 0.000000, 0.000000, 0.000000, 1.000000, 0.997396, -0.039660, 0.060230, 0.016967, 0.057872, -0.058144, -0.996629, 0.057287, 0.043028, 0.997520, -0.055697, -0.067417, 0.000000, 0.000000, 0.000000, 1.000000
-7.7807, 53.4665, 5.3150, 362.7281, 430.4948, -47.4654, 236.5016, 16.9981, 57.5974, -67.2870, -0.307427, -0.950815, -0.037950, 0.053467, 0.951543, -0.306865, -0.019987, 0.005315, 0.007358, -0.042256, 0.999080, 0.362728, 0.000000, 0.000000, 0.000000, 1.000000, -0.027405, -0.021513, 0.999393, 0.430495, 0.305894, 0.951628, 0.028873, -0.047465, -0.951671, 0.306500, -0.019498, 0.236502, 0.000000, 0.000000, 0.000000, 1.000000, 0.997431, -0.040482, 0.059091, 0.016998, 0.057080, -0.049158, -0.997159, 0.057597, 0.043272, 0.997970, -0.046721, -0.067287, 0.000000, 0.000000, 0.000000, 1.000000
-7.5476, 53.4910, 5.0808, 362.6050, 430.3808, -47.4884, 236.7405, 17.4884, 57.3612, -67.2742, -0.306779, -0.951427, -0.025933, 0.053491, 0.951717, -0.306331, -0.019882, 0.005081, 0.010972, -0.030781, 0.999466, 0.362605, 0.000000, 0.000000, 0.000000, 1.000000, -0.023807, -0.010062, 0.999666, 0.430381, 0.305213, 0.952135, 0.016853, -0.047488, -0.951986, 0.305512, -0.019596, 0.236741, 0.000000, 0.000000, 0.000000, 1.000000, 0.997530, -0.042701, 0.055771, 0.017488, 0.053215, -0.058819, -0.996849, 0.057361, 0.045847, 0.997355, -0.056401, -0.067274, 0.000000, 0.000000, 0.000000, 1.000000
-7.4479, 53.7016, 4.4625, 362.9642, 430.7623, -47.7013, 237.3446, 17.1752, 56.8176, -67.3618, -0.300821, -0.953377, -0.024051, 0.053702, 0.953557, -0.300280, -0.023708, 0.004463, 0.015380, -0.030066, 0.999430, 0.362964, 0.000000, 0.000000, 0.000000, 1.000000, -0.019528, -0.009570, 0.999764, 0.430762, 0.299213, 0.954069, 0.014977, -0.047701, -0.953987, 0.299434, -0.015768, 0.237345, 0.000000, 0.000000, 0.000000, 1.000000, 0.997954, -0.037890, 0.051507, 0.017175, 0.049245, -0.058380, -0.997079, 0.056818, 0.040786, 0.997575, -0.056394, -0.067362, 0.000000, 0.000000, 0.000000, 1.000000
-7.1996, 53.6938, 4.1513, 362.0951, 429.9062, -47.6851, 237.6898, 17.5977, 57.2915, -67.2374, -0.301106, -0.953098, -0.030649, 0.053694, 0.953568, -0.300724, -0.016515, 0.004151, 0.006524, -0.034198, 0.999394, 0.362095, 0.000000, 0.000000, 0.000000, 1.000000, -0.028376, -0.013683, 0.999504, 0.429906, 0.299579, 0.953828, 0.021563, -0.047685, -0.953650, 0.300042, -0.022966, 0.237690, 0.000000, 0.000000, 0.000000, 1.000000, 0.997293, -0.042588, 0.059948, 0.017598, 0.057688, -0.052444, -0.996956, 0.057291, 0.045603, 0.997715, -0.049846, -0.067237, 0.000000, 0.000000, 0.000000, 1.000000
-7.0910, 53.8951, 3.5003, 362.4516, 430.2863, -47.8887, 238.3267, 17.2825, 56.7347, -67.3110, -0.295264, -0.955141, -0.022911, 0.053895, 0.955306, -0.294782, -0.022228, 0.003500, 0.014477, -0.028450, 0.999490, 0.362452, 0.000000, 0.000000, 0.000000, 1.000000, -0.020550, -0.008155, 0.999756, 0.430286, 0.293661, 0.955810, 0.013833, -0.047889, -0.955689, 0.293874, -0.017247, 0.238327, 0.000000, 0.000000, 0.000000, 1.000000, 0.997919, -0.037655, 0.052348, 0.017282, 0.050157, -0.056963, -0.997116, 0.056735, 0.040528, 0.997666, -0.054956, -0.067311, 0.000000, 0.000000, 0.000000, 1.000000
-6.8605, 53.9287, 2.7596, 361.2360, 429.1006, -47.9101, 239.1147, 17.2009, 57.5452, -67.0920, -0.293558, -0.955233, -0.036787, 0.053929, 0.955924, -0.293106, -0.017250, 0.002760, 0.005695, -0.040229, 0.999174, 0.361236, 0.000000, 0.000000, 0.000000, 1.000000, -0.029364, -0.019991, 0.999369, 0.429101, 0.292035, 0.956006, 0.027704, -0.047910, -0.955957, 0.292664, -0.022235, 0.239115, 0.000000, 0.000000, 0.000000, 1.000000, 0.997350, -0.040450, 0.060479, 0.017201, 0.058717, -0.043395, -0.997331, 0.057545, 0.042967, 0.998239, -0.040905, -0.067092, 0.000000, 0.000000, 0.000000, 1.000000
-6.6476, 53.9856, 2.5354, 361.5421, 429.4148, -47.9694, 239.3268, 17.6579, 56.9146, -67.1472, -0.292516, -0.955709, -0.032472, 0.053986, 0.956247, -0.292162, -0.015272, 0.002535, 0.005108, -0.035519, 0.999356, 0.361542, 0.000000, 0.000000, 0.000000, 1.000000, -0.029973, -0.015317, 0.999433, 0.429415, 0.290997, 0.956438, 0.023385, -0.047969, -0.956254, 0.291533, -0.024210, 0.239327, 0.000000, 0.000000, 0.000000, 1.000000, 0.997229, -0.042455, 0.061087, 0.017658, 0.059106, -0.046441, -0.997171, 0.056915, 0.045172, 0.998018, -0.043803, -0.067147, 0.000000, 0.000000, 0.000000, 1.000000
-6.5465, 54.0268, 1.8765, 361.3451, 429.2436, -48.0078, 239.9931, 17.3152, 56.9094, -67.0235, -0.286843, -0.957797, -0.018581, 0.054027, 0.957801, -0.286363, -0.024773, 0.001876, 0.018407, -0.024903, 0.999520, 0.361345, 0.000000, 0.000000, 0.000000, 1.000000, -0.016798, -0.004920, 0.999847, 0.429244, 0.285201, 0.958421, 0.009508, -0.048008, -0.958321, 0.285317, -0.014697, 0.239993, 0.000000, 0.000000, 0.000000, 1.000000, 0.998139, -0.037208, 0.048319, 0.017315, 0.046198, -0.055877, -0.997368, 0.056909, 0.039810, 0.997744, -0.054054, -0.067024, 0.000000, 0.000000, 0.000000, 1.000000
-6.3015, 54.2482, 1.1684, 360.8076, 428.7324, -48.2232, 240.7222, 17.3072, 57.0400, -67.0595, -0.283907, -0.958378, -0.030126, 0.054248, 0.958841, -0.283617, -0.013587, 0.001168, 0.004477, -0.032743, 0.999454, 0.360808, 0.000000, 0.000000, 0.000000, 1.000000, -0.030784, -0.012857, 0.999443, 0.428732, 0.282390, 0.959069, 0.021035, -0.048223, -0.958806, 0.282881, -0.025893, 0.240722, 0.000000, 0.000000, 0.000000, 1.000000, 0.997336, -0.038804, 0.061773, 0.017307, 0.059968, -0.046056, -0.997137, 0.057040, 0.041538, 0.998185, -0.043607, -0.067059, 0.000000, 0.000000, 0.000000, 1.000000
-6.0445, 54.2899, 0.4559, 360.0120, 427.9652, -48.2566, 241.4656, 17.3598, 57.3997, -66.9073, -0.281664, -0.958819, -0.036483, 0.054290, 0.959488, -0.281181, -0.017861, 0.000456, 0.006867, -0.040036, 0.999175, 0.360012, 0.000000, 0.000000, 0.000000, 1.000000, -0.028442, -0.020236, 0.999391, 0.427965, 0.280125, 0.959572, 0.027402, -0.048257, -0.959542, 0.280734, -0.021624, 0.241466, 0.000000, 0.000000, 0.000000, 1.000000, 0.997426, -0.040884, 0.058903, 0.017360, 0.057413, -0.036707, -0.997675, 0.057400, 0.042951, 0.998489, -0.034265, -0.066907, 0.000000, 0.000000, 0.000000, 1.000000
-5.7694, 54.4411, -0.1778, 360.9023, 428.8783, -48.4150, 242.0640, 17.6295, 56.0697, -67.0083, -0.275837, -0.961203, -0.001477, 0.054441, 0.961070, -0.275772, -0.017148, -0.000178, 0.016076, -0.006150, 0.999852, 0.360902, 0.000000, 0.000000, 0.000000, 1.000000, -0.019356, 0.013431, 0.999722, 0.428878, 0.274211, 0.961639, -0.007610, -0.048415, -0.961475, 0.273988, -0.022296, 0.242064, 0.000000, 0.000000, 0.000000, 1.000000, 0.998012, -0.037131, 0.050919, 0.017629, 0.048310, -0.068061, -0.996511, 0.056070, 0.040467, 0.996990, -0.066132, -0.067008, 0.000000, 0.000000, 0.000000, 1.000000
-5.5709, 54.4725, -0.4817, 360.5093, 428.4974, -48.4422, 242.3833, 17.9219, 56.1484, -66.9668, -0.275471, -0.961239, -0.011630, 0.054472, 0.961254, -0.275306, -0.014029, -0.000482, 0.010283, -0.015044, 0.999834, 0.360509, 0.000000, 0.000000, 0.000000, 1.000000, -0.025154, 0.004526, 0.999673, 0.428497, 0.273898, 0.961755, 0.002538, -0.048442, -0.961430, 0.273873, -0.025432, 0.242383, 0.000000, 0.000000, 0.000000, 1.000000, 0.997601, -0.040398, 0.056217, 0.017922, 0.053840, -0.057698, -0.996881, 0.056148, 0.043516, 0.997516, -0.055384, -0.066967, 0.000000, 0.000000, 0.000000, 1.000000
-5.4817, 54.5124, -0.9779, 359.3641, 427.3724, -48.4710, 242.9242, 17.6340, 57.1199, -66.8235, -0.271981, -0.961679, -0.034644, 0.054512, 0.962297, -0.271675, -0.013326, -0.000978, 0.003404, -0.036962, 0.999311, 0.359364, 0.000000, 0.000000, 0.000000, 1.000000, -0.032101, -0.017513, 0.999331, 0.427372, 0.270469, 0.962389, 0.025554, -0.048471, -0.962193, 0.271109, -0.026157, 0.242924, 0.000000, 0.000000, 0.000000, 1.000000, 0.997276, -0.039651, 0.062203, 0.017634, 0.060830, -0.034945, -0.997536, 0.057120, 0.041727, 0.998602, -0.032438, -0.066824, 0.000000, 0.000000, 0.000000, 1.000000
-5.3093, 54.6062, -1.3977, 359.9818, 428.0053, -48.5698, 243.3196, 17.7860, 56.2245, -66.8848, -0.270099, -0.962784, -0.009727, 0.054606, 0.962831, -0.270064, -0.004685, -0.001398, 0.001884, -0.010631, 0.999942, 0.359982, 0.000000, 0.000000, 0.000000, 1.000000, -0.033658, 0.008743, 0.999395, 0.428005, 0.268600, 0.963252, 0.000620, -0.048570, -0.962664, 0.268458, -0.034769, 0.243320, 0.000000, 0.000000, 0.000000, 1.000000, 0.997156, -0.038787, 0.064625, 0.017786, 0.062242, -0.059796, -0.996268, 0.056225, 0.042506, 0.997457, -0.057212, -0.066885, 0.000000, 0.000000, 0.000000, 1.000000
-5.1471, 54.6244, -1.6672, 359.1814, 427.2160, -48.5803, 243.6204, 17.9746, 56.7641, -66.8098, -0.269475, -0.962768, -0.021463, 0.054624, 0.963006, -0.269378, -0.007343, -0.001667, 0.001288, -0.022648, 0.999743, 0.359181, 0.000000, 0.000000, 0.000000, 1.000000, -0.034265, -0.003291, 0.999407, 0.427216, 0.267982, 0.963345, 0.012360, -0.048580, -0.962814, 0.268247, -0.032127, 0.243620, 0.000000, 0.000000, 0.000000, 1.000000, 0.997049, -0.041486, 0.064592, 0.017975, 0.062648, -0.046570, -0.996949, 0.056764, 0.044367, 0.998053, -0.043834, -0.066810, 0.000000, 0.000000, 0.000000, 1.000000
-5.0673, 54.6151, -2.1236, 358.9705, 427.0234, -48.5683, 244.0847, 17.7686, 56.8211, -66.6951, -0.267200, -0.963545, -0.013622, 0.054615, 0.963627, -0.267094, -0.009125, -0.002124, 0.005154, -0.015565, 0.999866, 0.358970, 0.000000, 0.000000, 0.000000, 1.000000, -0.030447, 0.003703, 0.999530, 0.427023, 0.265671, 0.964053, 0.004522, -0.048568, -0.963583, 0.265683, -0.030336, 0.244085, 0.000000, 0.000000, 0.000000, 1.000000, 0.997341, -0.039874, 0.061001, 0.017769, 0.058857, -0.052883, -0.996865, 0.056821, 0.042975, 0.997804, -0.050396, -0.066695, 0.000000, 0.000000, 0.000000, 1.000000
-4.8909, 54.6924, -2.5910, 359.2262, 427.2966, -48.6473, 244.5419, 17.8657, 56.2762, -66.7069, -0.263635, -0.964607, -0.005465, 0.054692, 0.964531, -0.263528, -0.015258, -0.002591, 0.013278, -0.009294, 0.999869, 0.359226, 0.000000, 0.000000, 0.000000, 1.000000, -0.022398, 0.009838, 0.999701, 0.427297, 0.262030, 0.965053, -0.003626, -0.048647, -0.964800, 0.261871, -0.024193, 0.244542, 0.000000, 0.000000, 0.000000, 1.000000, 0.997849, -0.038533, 0.053033, 0.017866, 0.050767, -0.057581, -0.997049, 0.056276, 0.041473, 0.997597, -0.055501, -0.066707, 0.000000, 0.000000, 0.000000, 1.000000
-4.7081, 54.8173, -3.3382, 358.5863, 426.6856, -48.7652, 245.3139, 17.6402, 56.5941, -66.6482, -0.260106, -0.965520, -0.010742, 0.054817, 0.965578, -0.260111, -0.000976, -0.003338, -0.001852, -0.010626, 0.999942, 0.358586, 0.000000, 0.000000, 0.000000, 1.000000, -0.037589, 0.008380, 0.999258, 0.426686, 0.258638, 0.965973, 0.001628, -0.048765, -0.965243, 0.258507, -0.038477, 0.245314, 0.000000, 0.000000, 0.000000, 1.000000, 0.996965, -0.037979, 0.067952, 0.017640, 0.065826, -0.054668, -0.996332, 0.056594, 0.041555, 0.997782, -0.052002, -0.066648, 0.000000, 0.000000, 0.000000, 1.000000
-4.4624, 54.9488, -3.9431, 358.6953, 426.8171, -48.8967, 245.9144, 17.7977, 56.0867, -66.6853, -0.254863, -0.966911, -0.011309, 0.054949, 0.966872, -0.254646, -0.017699, -0.003943, 0.014234, -0.015445, 0.999779, 0.358695, 0.000000, 0.000000, 0.000000, 1.000000, -0.021615, 0.003362, 0.999761, 0.426817, 0.253247, 0.967399, 0.002222, -0.048897, -0.967160, 0.253234, -0.021762, 0.245914, 0.000000, 0.000000, 0.000000, 1.000000, 0.998001, -0.036549, 0.051566, 0.017798, 0.049801, -0.047676, -0.997621, 0.056087, 0.038921, 0.998194, -0.045760, -0.066685, 0.000000, 0.000000, 0.000000, 1.000000
-4.2045, 54.9687, -4.1798, 358.5776, 426.7087, -48.9153, 246.1555, 18.3622, 55.8113, -66.6803, -0.255093, -0.966858, -0.010682, 0.054969, 0.966872, -0.254959, -0.012430, -0.004180, 0.009295, -0.013499, 0.999866, 0.358578, 0.000000, 0.000000, 0.000000, 1.000000, -0.026548, 0.005318, 0.999633, 0.426709, 0.253521, 0.967329, 0.001586, -0.048915, -0.966966, 0.253470, -0.027029, 0.246155, 0.000000, 0.000000, 0.000000, 1.000000, 0.997579, -0.040807, 0.056304, 0.018362, 0.054341, -0.047719, -0.997382, 0.055811, 0.043387, 0.998027, -0.045386, -0.066680, 0.000000, 0.000000, 0.000000, 1.000000
-4.1186, 55.0332, -4.9868, 357.8171, 425.9801, -48.9716, 246.9920, 17.7798, 56.3846, -66.5397, -0.251543, -0.967727, -0.015206, 0.055033, 0.967846, -0.251526, -0.003068, -0.004987, -0.000855, -0.015488, 0.999880, 0.357817, 0.000000, 0.000000, 0.000000, 1.000000, -0.036760, 0.003203, 0.999319, 0.425980, 0.250063, 0.968210, 0.006096, -0.048972, -0.967532, 0.250117, -0.036392, 0.246992, 0.000000, 0.000000, 0.000000, 1.000000, 0.997045, -0.038761, 0.066319, 0.017780, 0.064566, -0.044870, -0.996904, 0.056385, 0.041616, 0.998241, -0.042235, -0.066540, 0.000000, 0.000000, 0.000000, 1.000000
-3.8813, 55.0461, -5.1390, 358.2687, 426.4372, -48.9883, 247.1263, 18.3998, 55.5782, -66.5768, -0.250106, -0.968185, 0.008074, 0.055046, 0.968211, -0.250128, -0.001904, -0.005139, 0.003863, 0.007341, 0.999966, 0.358269, 0.000000, 0.000000, 0.000000, 1.000000, -0.032073, 0.025963, 0.999148, 0.426437, 0.248582, 0.968458, -0.017186, -0.048988, -0.968080, 0.247819, -0.037515, 0.247126, 0.000000, 0.000000, 0.000000, 1.000000, 0.997274, -0.039538, 0.062306, 0.018400, 0.059623, -0.065759, -0.996053, 0.055578, 0.043479, 0.997052, -0.063223, -0.066577, 0.000000, 0.000000, 0.000000, 1.000000
-3.7701, 55.1096, -5.8697, 357.1838, 425.3814, -49.0408, 247.8994, 17.9498, 56.4444, -66.4424, -0.246091, -0.969143, -0.014177, 0.055110, 0.969244, -0.246028, -0.006012, -0.005870, 0.002339, -0.015220, 0.999881, 0.357184, 0.000000, 0.000000, 0.000000, 1.000000, -0.033673, 0.003266, 0.999428, 0.425381, 0.244579, 0.969616, 0.005072, -0.049041, -0.969044, 0.244610, -0.033449, 0.247899, 0.000000, 0.000000, 0.000000, 1.000000, 0.997277, -0.038577, 0.062854, 0.017950, 0.061220, -0.042181, -0.997233, 0.056444, 0.041121, 0.998365, -0.039704, -0.066442, 0.000000, 0.000000, 0.000000, 1.000000
-3.5444, 55.1473, -6.0991, 357.1909, 425.3972, -49.0782, 248.1284, 18.4233, 56.0933, -66.4622, -0.244897, -0.969532, -0.005738, 0.055147, 0.969499, -0.244820, -0.011634, -0.006099, 0.009875, -0.008412, 0.999916, 0.357191, 0.000000, 0.000000, 0.000000, 1.000000, -0.026164, 0.010025, 0.999607, 0.425397, 0.243317, 0.969941, -0.003359, -0.049078, -0.969594, 0.243133, -0.027817, 0.248128, 0.000000, 0.000000, 0.000000, 1.000000, 0.997646, -0.040427, 0.055386, 0.018423, 0.053462, -0.047208, -0.997453, 0.056093, 0.042939, 0.998067, -0.044936, -0.066462, 0.000000, 0.000000, 0.000000, 1.000000
-3.4352, 55.2655, -6.7937, 357.4677, 425.7001, -49.1979, 248.8117, 18.0777, 55.6122, -66.4664, -0.240709, -0.970567, 0.007629, 0.055265, 0.970519, -0.240782, -0.010845, -0.006794, 0.012363, 0.004794, 0.999912, 0.357468, 0.000000, 0.000000, 0.000000, 1.000000, -0.023756, 0.023070, 0.999452, 0.425700, 0.239104, 0.970850, -0.016727, -0.049198, -0.970703, 0.238576, -0.028580, 0.248812, 0.000000, 0.000000, 0.000000, 1.000000, 0.997887, -0.037128, 0.053327, 0.018078, 0.051070, -0.059293, -0.996933, 0.055612, 0.040176, 0.997550, -0.057271, -0.066466, 0.000000, 0.000000, 0.000000, 1.000000
-3.2005, 55.2746, -7.1281, 356.7499, 424.9960, -49.1999, 249.1742, 18.4347, 55.9616, -66.4017, -0.240003, -0.970761, -0.004704, 0.055275, 0.970770, -0.240010, 0.000919, -0.007128, -0.002021, -0.004346, 0.999988, 0.356750, 0.000000, 0.000000, 0.000000, 1.000000, -0.038144, 0.013909, 0.999175, 0.424996, 0.238530, 0.971125, -0.004413, -0.049200, -0.970386, 0.238165, -0.040361, 0.249174, 0.000000, 0.000000, 0.000000, 1.000000, 0.996918, -0.040635, 0.067107, 0.018435, 0.065121, -0.048388, -0.996704, 0.055962, 0.043748, 0.998002, -0.045593, -0.066402, 0.000000, 0.000000, 0.000000, 1.000000
-3.0940, 55.3351, -7.7368, 356.5677, 424.8375, -49.2579, 249.7897, 18.1482, 55.9455, -66.3459, -0.235279, -0.971915, -0.005031, 0.055335, 0.971853, -0.235194, -0.013604, -0.007737, 0.012038, -0.008090, 0.999895, 0.356568, 0.000000, 0.000000, 0.000000, 1.000000, -0.024182, 0.009988, 0.999658, 0.424837, 0.233676, 0.972306, -0.004062, -0.049258, -0.972014, 0.233498, -0.025847, 0.249790, 0.000000, 0.000000, 0.000000, 1.000000, 0.997893, -0.037620, 0.052859, 0.018148, 0.051209, -0.043548, -0.997738, 0.055946, 0.039837, 0.998343, -0.041530, -0.066346, 0.000000, 0.000000, 0.000000, 1.000000
-2.8666, 55.3992, -8.2493, 356.1634, 424.4531, -49.3174, 250.3178, 18.3175, 55.9826, -66.3187, -0.232526, -0.972563, -0.007268, 0.055399, 0.972542, -0.232434, -0.011660, -0.008249, 0.009651, -0.009779, 0.999906, 0.356163, 0.000000, 0.000000, 0.000000, 1.000000, -0.026620, 0.008198, 0.999612, 0.424453, 0.230944, 0.972965, -0.001829, -0.049317, -0.972603, 0.230806, -0.027793, 0.250318, 0.000000, 0.000000, 0.000000, 1.000000, 0.997747, -0.038488, 0.054955, 0.018318, 0.053413, -0.039992, -0.997771, 0.055983, 0.040600, 0.998458, -0.037846, -0.066319, 0.000000, 0.000000, 0.000000, 1.000000
-2.6936, 55.3700, -8.7437, 355.7271, 424.0370, -49.2836, 250.8290, 18.3510, 56.1290, -66.1973, -0.230880, -0.972942, -0.008891, 0.055370, 0.972982, -0.230874, -0.001792, -0.008744, -0.000309, -0.009064, 0.999959, 0.355727, 0.000000, 0.000000, 0.000000, 1.000000, -0.036604, 0.008854, 0.999291, 0.424037, 0.229388, 0.973335, -0.000221, -0.049284, -0.972647, 0.229217, -0.037659, 0.250829, 0.000000, 0.000000, 0.000000, 1.000000, 0.997117, -0.039569, 0.064739, 0.018351, 0.063186, -0.039314, -0.997227, 0.056129, 0.042004, 0.998443, -0.036701, -0.066197, 0.000000, 0.000000, 0.000000, 1.000000
-2.5060, 55.4217, -9.3871, 355.4238, 423.7588, -49.3315, 251.4840, 18.2768, 56.1139, -66.1372, -0.227704, -0.973721, -0.004250, 0.055422, 0.973722, -0.227718, 0.003155, -0.009387, -0.004040, -0.003420, 0.999986, 0.355424, 0.000000, 0.000000, 0.000000, 1.000000, -0.040390, 0.014376, 0.999081, 0.423759, 0.226245, 0.974058, -0.004870, -0.049331, -0.973233, 0.225840, -0.042595, 0.251484, 0.000000, 0.000000, 0.000000, 1.000000, 0.996892, -0.038923, 0.068487, 0.018277, 0.066790, -0.043341, -0.996825, 0.056114, 0.041768, 0.998302, -0.040606, -0.066137, 0.000000, 0.000000, 0.000000, 1.000000
-2.1228, 55.4996, -10.0943, 355.2712, 423.6336, -49.4069, 252.1968, 18.7527, 55.6616, -66.1239, -0.222965, -0.974814, 0.004835, 0.055500, 0.974808, -0.222989, -0.004989, -0.010094, 0.005941, 0.003601, 0.999976, 0.355271, 0.000000, 0.000000, 0.000000, 1.000000, -0.030502, 0.021214, 0.999310, 0.423634, 0.221414, 0.975080, -0.013942, -0.049407, -0.974703, 0.220835, -0.034439, 0.252197, 0.000000, 0.000000, 0.000000, 1.000000, 0.997503, -0.039671, 0.058428, 0.018753, 0.056539, -0.047184, -0.997285, 0.055662, 0.042320, 0.998098, -0.044823, -0.066124, 0.000000, 0.000000, 0.000000, 1.000000
-2.0316, 55.5153, -10.3598, 355.3317, 423.7043, -49.4228, 252.4597, 18.7782, 55.4502, -66.1044, -0.221035, -0.975266, -0.000009, 0.055515, 0.975232, -0.221027, -0.008350, -0.010360, 0.008141, -0.001854, 0.999965, 0.355332, 0.000000, 0.000000, 0.000000, 1.000000, -0.028338, 0.015690, 0.999475, 0.423704, 0.219462, 0.975579, -0.009093, -0.049423, -0.975209, 0.219090, -0.031090, 0.252460, 0.000000, 0.000000, 0.000000, 1.000000, 0.997656, -0.039452, 0.055904, 0.018778, 0.054287, -0.040939, -0.997686, 0.055450, 0.041650, 0.998382, -0.038701, -0.066104, 0.000000, 0.000000, 0.000000, 1.000000
-1.9477, 55.5833, -11.1215, 355.2071, 423.6092, -49.4884, 253.2259, 18.2715, 55.4012, -66.0398, -0.218436, -0.975603, 0.021997, 0.055583, 0.975851, -0.218397, 0.004159, -0.011122, 0.000746, 0.022374, 0.999749, 0.355207, 0.000000, 0.000000, 0.000000, 1.000000, -0.035775, 0.039798, 0.998567, 0.423609, 0.216930, 0.975691, -0.031115, -0.049488, -0.975531, 0.215506, -0.043539, 0.253226, 0.000000, 0.000000, 0.000000, 1.000000, 0.997272, -0.036582, 0.064105, 0.018271, 0.061666, -0.064299, -0.996024, 0.055401, 0.040559, 0.997260, -0.061868, -0.066040, 0.000000, 0.000000, 0.000000, 1.000000
-1.6961, 55.5894, -11.3591, 355.1080, 423.5195, -49.4933, 253.4673, 18.8143, 55.1183, -66.0296, -0.217035, -0.975945, 0.020673, 0.055589, 0.976164, -0.216976, 0.005108, -0.011359, -0.000500, 0.021289, 0.999773, 0.355108, 0.000000, 0.000000, 0.000000, 1.000000, -0.037045, 0.038661, 0.998565, 0.423520, 0.215540, 0.976040, -0.029793, -0.049493, -0.975792, 0.214128, -0.044491, 0.253467, 0.000000, 0.000000, 0.000000, 1.000000, 0.997111, -0.039165, 0.065085, 0.018814, 0.062616, -0.061256, -0.996156, 0.055118, 0.043002, 0.997353, -0.058626, -0.066030, 0.000000, 0.000000, 0.000000, 1.000000
-1.6146, 55.6936, -12.0909, 354.7940, 423.2338, -49.5935, 254.2111, 18.3114, 55.2649, -66.0024, -0.214046, -0.976714, 0.014620, 0.055694, 0.976769, -0.213851, 0.013810, -0.012091, -0.010362, 0.017237, 0.999798, 0.354794, 0.000000, 0.000000, 0.000000, 1.000000, -0.046951, 0.034496, 0.998301, 0.423234, 0.212640, 0.976842, -0.023754, -0.049593, -0.976002, 0.211164, -0.053198, 0.254211, 0.000000, 0.000000, 0.000000, 1.000000, 0.996506, -0.037505, 0.074626, 0.018311, 0.072449, -0.056411, -0.995776, 0.055265, 0.041556, 0.997703, -0.053496, -0.066002, 0.000000, 0.000000, 0.000000, 1.000000
-1.3634, 55.6843, -12.7454, 353.9550, 422.4213, -49.5756, 254.8981, 18.3980, 55.6922, -65.8817, -0.209623, -0.977765, 0.005736, 0.055684, 0.977782, -0.209625, 0.000351, -0.012745, 0.000859, 0.005682, 0.999983, 0.353955, 0.000000, 0.000000, 0.000000, 1.000000, -0.035818, 0.022793, 0.999098, 0.422421, 0.208114, 0.977992, -0.014851, -0.049576, -0.977449, 0.207394, -0.039774, 0.254898, 0.000000, 0.000000, 0.000000, 1.000000, 0.997313, -0.037864, 0.062718, 0.018398, 0.061089, -0.042753, -0.997216, 0.055692, 0.040440, 0.998368, -0.040325, -0.065882, 0.000000, 0.000000, 0.000000, 1.000000
-1.1569, 55.7019, -12.9255, 354.2176, 422.6907, -49.5953, 255.0677, 18.8773, 55.1187, -65.9016, -0.208159, -0.978006, 0.013157, 0.055702, 0.978087, -0.208192, -0.001157, -0.012925, 0.003871, 0.012628, 0.999913, 0.354218, 0.000000, 0.000000, 0.000000, 1.000000, -0.032834, 0.029680, 0.999020, 0.422691, 0.206622, 0.978167, -0.022269, -0.049595, -0.977870, 0.205688, -0.038250, 0.255068, 0.000000, 0.000000, 0.000000, 1.000000, 0.997442, -0.039231, 0.059756, 0.018877, 0.057849, -0.048052, -0.997168, 0.055119, 0.041991, 0.998074, -0.045659, -0.065902, 0.000000, 0.000000, 0.000000, 1.000000
-1.0507, 55.7851, -13.6960, 353.5475, 422.0508, -49.6712, 255.8642, 18.3933, 55.5828, -65.8464, -0.204437, -0.978848, 0.007913, 0.055785, 0.978877, -0.204409, 0.004179, -0.013696, -0.002473, 0.008600, 0.999960, 0.353548, 0.000000, 0.000000, 0.000000, 1.000000, -0.039237, 0.025513, 0.998904, 0.422051, 0.202957, 0.979040, -0.017034, -0.049671, -0.978401, 0.202066, -0.043593, 0.255864, 0.000000, 0.000000, 0.000000, 1.000000, 0.997137, -0.037296, 0.065778, 0.018393, 0.064162, -0.043006, -0.997012, 0.055583, 0.040013, 0.998378, -0.040490, -0.065846, 0.000000, 0.000000, 0.000000, 1.000000
-0.7934, 55.7886, -14.3430, 353.1627, 421.6917, -49.6702, 256.5259, 18.5313, 55.5509, -65.7638, -0.199409, -0.979914, 0.001977, 0.055789, 0.979916, -0.199408, 0.000830, -0.014343, -0.000419, 0.002103, 0.999998, 0.353163, 0.000000, 0.000000, 0.000000, 1.000000, -0.037272, 0.018833, 0.999128, 0.421692, 0.197909, 0.980158, -0.011093, -0.049670, -0.979512, 0.197323, -0.040260, 0.256526, 0.000000, 0.000000, 0.000000, 1.000000, 0.997329, -0.036665, 0.063167, 0.018531, 0.061917, -0.034294, -0.997492, 0.055551, 0.038739, 0.998739, -0.031932, -0.065764, 0.000000, 0.000000, 0.000000, 1.000000
-0.5515, 55.7780, -15.0834, 352.7178, 421.2766, -49.6544, 257.2832, 18.5283, 55.5946, -65.6514, -0.195273, -0.980714, 0.008251, 0.055778, 0.980739, -0.195301, -0.002760, -0.015083, 0.004318, 0.007553, 0.999962, 0.352718, 0.000000, 0.000000, 0.000000, 1.000000, -0.032608, 0.024125, 0.999177, 0.421277, 0.193728, 0.980902, -0.017361, -0.049654, -0.980513, 0.193003, -0.036659, 0.257283, 0.000000, 0.000000, 0.000000, 1.000000, 0.997649, -0.035962, 0.058334, 0.018528, 0.056977, -0.037673, -0.997664, 0.055595, 0.038076, 0.998643, -0.035535, -0.065651, 0.000000, 0.000000, 0.000000, 1.000000
-0.3034, 55.8268, -15.5900, 352.6501, 421.2285, -49.7019, 257.7922, 18.7882, 55.2702, -65.6478, -0.193769, -0.980969, 0.012412, 0.055827, 0.981040, -0.193703, 0.006290, -0.015590, -0.003766, 0.013396, 0.999903, 0.352650, 0.000000, 0.000000, 0.000000, 1.000000, -0.040712, 0.029902, 0.998723, 0.421228, 0.192297, 0.981100, -0.021535, -0.049702, -0.980492, 0.191175, -0.045692, 0.257792, 0.000000, 0.000000, 0.000000, 1.000000, 0.997079, -0.037894, 0.066319, 0.018788, 0.064737, -0.041554, -0.997037, 0.055270, 0.040537, 0.998417, -0.038980, -0.065648, 0.000000, 0.000000, 0.000000, 1.000000
-0.1433, 55.8740, -16.0379, 352.5621, 421.1578, -49.7475, 258.2433, 18.8321, 55.0972, -65.6417, -0.189711, -0.981821, 0.006079, 0.055874, 0.981819, -0.189744, -0.005379, -0.016038, 0.006435, 0.004948, 0.999967, 0.352562, 0.000000, 0.000000, 0.000000, 1.000000, -0.030586, 0.021312, 0.999305, 0.421158, 0.188146, 0.982024, -0.015185, -0.049748, -0.981665, 0.187551, -0.034046, 0.258243, 0.000000, 0.000000, 0.000000, 1.000000, 0.997771, -0.036906, 0.055596, 0.018832, 0.054438, -0.031688, -0.998014, 0.055097, 0.038595, 0.998816, -0.029608, -0.065642, 0.000000, 0.000000, 0.000000, 1.000000
0.0288, 55.8865, -16.7783, 352.2147, 420.8397, -49.7558, 258.9969, 18.6125, 55.1471, -65.5542, -0.187742, -0.982094, 0.015597, 0.055887, 0.982212, -0.187659, 0.006652, -0.016778, -0.003606, 0.016568, 0.999856, 0.352215, 0.000000, 0.000000, 0.000000, 1.000000, -0.040653, 0.032843, 0.998633, 0.420840, 0.186268, 0.982188, -0.024720, -0.049756, -0.981658, 0.185008, -0.046046, 0.258997, 0.000000, 0.000000, 0.000000, 1.000000, 0.997152, -0.036801, 0.065826, 0.018612, 0.064274, -0.041871, -0.997053, 0.055147, 0.039449, 0.998445, -0.039387, -0.065554, 0.000000, 0.000000, 0.000000, 1.000000
0.2817, 55.9153, -16.9949, 352.1439, 420.7772, -49.7836, 259.2161, 19.1758, 54.8378, -65.5770, -0.185335, -0.982572, 0.014258, 0.055915, 0.982653, -0.185408, -0.003992, -0.016995, 0.006566, 0.013271, 0.999890, 0.352144, 0.000000, 0.000000, 0.000000, 1.000000, -0.030528, 0.029465, 0.999100, 0.420777, 0.183767, 0.982692, -0.023366, -0.049784, -0.982496, 0.182888, -0.035414, 0.259216, 0.000000, 0.000000, 0.000000, 1.000000, 0.997723, -0.038698, 0.055235, 0.019176, 0.053825, -0.036560, -0.997881, 0.054838, 0.040635, 0.998582, -0.034394, -0.065577, 0.000000, 0.000000, 0.000000, 1.000000
0.3746, 55.9763, -17.6704, 351.6964, 420.3562, -49.8394, 259.9089, 18.7612, 55.1074, -65.5407, -0.180969, -0.983441, 0.009688, 0.055976, 0.983470, -0.181017, -0.004382, -0.017670, 0.006063, 0.008735, 0.999943, 0.351696, 0.000000, 0.000000, 0.000000, 1.000000, -0.031103, 0.024766, 0.999209, 0.420356, 0.179405, 0.983596, -0.018795, -0.049839, -0.983284, 0.178678, -0.035036, 0.259909, 0.000000, 0.000000, 0.000000, 1.000000, 0.997816, -0.035977, 0.055406, 0.018761, 0.054298, -0.031072, -0.998041, 0.055107, 0.037629, 0.998869, -0.029050, -0.065541, 0.000000, 0.000000, 0.000000, 1.000000
0.6390, 55.9808, -17.9296, 351.6346, 420.3047, -49.8430, 260.1703, 19.3218, 54.7697, -65.5355, -0.180453, -0.983513, 0.011812, 0.055981, 0.983570, -0.180501, -0.003126, -0.017930, 0.005207, 0.011054, 0.999925, 0.351635, 0.000000, 0.000000, 0.000000, 1.000000, -0.031967, 0.027064, 0.999122, 0.420305, 0.178896, 0.983645, -0.020921, -0.049843, -0.983348, 0.178071, -0.036286, 0.260170, 0.000000, 0.000000, 0.000000, 1.000000, 0.997649, -0.039480, 0.056012, 0.019322, 0.054790, -0.031386, -0.998005, 0.054770, 0.041159, 0.998727, -0.029149, -0.065536, 0.000000, 0.000000, 0.000000, 1.000000
0.7603, 55.9418, -18.6291, 351.5717, 420.2697, -49.8023, 260.8717, 19.0090, 54.6125, -65.4112, -0.175722, -0.984071, 0.026955, 0.055942, 0.984405, -0.175882, -0.003667, -0.018629, 0.008350, 0.025890, 0.999630, 0.351572, 0.000000, 0.000000, 0.000000, 1.000000, -0.028902, 0.041711, 0.998712, 0.420270, 0.174135, 0.984061, -0.036059, -0.049802, -0.984298, 0.172869, -0.035705, 0.260872, 0.000000, 0.000000, 0.000000, 1.000000, 0.997940, -0.035848, 0.053200, 0.019009, 0.051568, -0.045005, -0.997655, 0.054613, 0.038158, 0.998343, -0.043063, -0.065411, 0.000000, 0.000000, 0.000000, 1.000000
0.9360, 55.9450, -19.0974, 350.9698, 419.6868, -49.7994, 261.3633, 19.0547, 54.9296, -65.3593, -0.174155, -0.984595, 0.015566, 0.055945, 0.984713, -0.174082, 0.005887, -0.019097, -0.003087, 0.016353, 0.999862, 0.350970, 0.000000, 0.000000, 0.000000, 1.000000, -0.040355, 0.032116, 0.998669, 0.419687, 0.172672, 0.984670, -0.024688, -0.049799, -0.984152, 0.171446, -0.045282, 0.261363, 0.000000, 0.000000, 0.000000, 1.000000, 0.997249, -0.037344, 0.064027, 0.019055, 0.062764, -0.034071, -0.997447, 0.054930, 0.039430, 0.998721, -0.031633, -0.065359, 0.000000, 0.000000, 0.000000, 1.000000
1.1500, 55.9609, -19.5608, 350.6459, 419.3813, -49.8116, 261.8392, 19.2387, 54.9146, -65.3309, -0.170070, -0.985316, 0.015104, 0.055961, 0.985431, -0.170028, 0.004079, -0.019561, -0.001451, 0.015577, 0.999878, 0.350646, 0.000000, 0.000000, 0.000000, 1.000000, -0.038786, 0.031187, 0.998761, 0.419381, 0.168572, 0.985392, -0.024223, -0.049812, -0.984926, 0.167424, -0.043477, 0.261839, 0.000000, 0.000000, 0.000000, 1.000000, 0.997400, -0.036655, 0.062038, 0.019239, 0.060898, -0.031457, -0.997648, 0.054915, 0.038520, 0.998833, -0.029143, -0.065331, 0.000000, 0.000000, 0.000000, 1.000000
1.3010, 55.9848, -19.7970, 350.7293, 419.4738, -49.8359, 262.0720, 19.4748, 54.5985, -65.3400, -0.169633, -0.985342, 0.018069, 0.055985, 0.985490, -0.169491, 0.009112, -0.019797, -0.005916, 0.019353, 0.999795, 0.350729, 0.000000, 0.000000, 0.000000, 1.000000, -0.043253, 0.034938, 0.998453, 0.419474, 0.168175, 0.985382, -0.027196, -0.049836, -0.984808, 0.166739, -0.048497, 0.262072, 0.000000, 0.000000, 0.000000, 1.000000, 0.997056, -0.038273, 0.066446, 0.019475, 0.065154, -0.034069, -0.997293, 0.054599, 0.040433, 0.998686, -0.031475, -0.065340, 0.000000, 0.000000, 0.000000, 1.000000
1.4041, 55.9626, -20.5600, 350.3275, 419.1026, -49.8088, 262.8502, 19.0185, 54.8037, -65.2252, -0.167089, -0.985686, 0.022434, 0.055963, 0.985901, -0.166833, 0.012870, -0.020560, -0.008943, 0.024268, 0.999665, 0.350328, 0.000000, 0.000000, 0.000000, 1.000000, -0.046318, 0.039748, 0.998136, 0.419103, 0.165659, 0.985678, -0.031564, -0.049809, -0.985095, 0.163888, -0.052239, 0.262850, 0.000000, 0.000000, 0.000000, 1.000000, 0.996901, -0.036927, 0.069464, 0.019019, 0.068059, -0.038047, -0.996956, 0.054804, 0.039458, 0.998593, -0.035416, -0.065225, 0.000000, 0.000000, 0.000000, 1.000000
1.6534, 55.9525, -21.0196, 350.1052, 418.8987, -49.7961, 263.3181, 19.3243, 54.6372, -65.1807, -0.163476, -0.986345, 0.019965, 0.055953, 0.986512, -0.163266, 0.011729, -0.021020, -0.008309, 0.021613, 0.999732, 0.350105, 0.000000, 0.000000, 0.000000, 1.000000, -0.045741, 0.036960, 0.998269, 0.418899, 0.162039, 0.986355, -0.029094, -0.049796, -0.985724, 0.160427, -0.051106, 0.263318, 0.000000, 0.000000, 0.000000, 1.000000, 0.996959, -0.037399, 0.068363, 0.019324, 0.067129, -0.033327, -0.997188, 0.054637, 0.039573, 0.998745, -0.030715, -0.065181, 0.000000, 0.000000, 0.000000, 1.000000
1.7785, 55.9880, -21.5416, 350.0427, 418.8565, -49.8302, 263.8423, 19.1878, 54.4871, -65.1635, -0.161772, -0.986437, 0.027790, 0.055988, 0.986738, -0.161311, 0.018101, -0.021542, -0.013372, 0.030350, 0.999450, 0.350043, 0.000000, 0.000000, 0.000000, 1.000000, -0.050824, 0.045614, 0.997665, 0.418857, 0.160381, 0.986364, -0.036927, -0.049830, -0.985746, 0.158130, -0.057447, 0.263842, 0.000000, 0.000000, 0.000000, 1.000000, 0.996609, -0.036909, 0.073537, 0.019188, 0.072015, -0.040999, -0.996561, 0.054487, 0.039797, 0.998477, -0.038202, -0.065163, 0.000000, 0.000000, 0.000000, 1.000000
1.9773, 56.0060, -22.2448, 349.6574, 418.4991, -49.8436, 264.5601, 19.0820, 54.5425, -65.1137, -0.157531, -0.987214, 0.024360, 0.056006, 0.987466, -0.157233, 0.013704, -0.022245, -0.009699, 0.026214, 0.999609, 0.349657, 0.000000, 0.000000, 0.000000, 1.000000, -0.047221, 0.041327, 0.998029, 0.418499, 0.156105, 0.987172, -0.033492, -0.049844, -0.986611, 0.154216, -0.053066, 0.264560, 0.000000, 0.000000, 0.000000, 1.000000, 0.996935, -0.036152, 0.069384, 0.019082, 0.068118, -0.035148, -0.997058, 0.054542, 0.038484, 0.998728, -0.032578, -0.065114, 0.000000, 0.000000, 0.000000, 1.000000
2.3480, 55.9794, -22.9642, 349.4302, 418.3007, -49.8139, 265.2879, 19.5069, 54.1911, -65.0388, -0.153311, -0.987658, 0.032041, 0.055979, 0.988130, -0.152905, 0.014774, -0.022964, -0.009693, 0.033925, 0.999377, 0.349430, 0.000000, 0.000000, 0.000000, 1.000000, -0.047280, 0.048866, 0.997686, 0.418301, 0.151884, 0.987540, -0.041171, -0.049814, -0.987267, 0.149586, -0.054112, 0.265288, 0.000000, 0.000000, 0.000000, 1.000000, 0.996915, -0.037200, 0.069107, 0.019507, 0.067620, -0.039832, -0.996916, 0.054191, 0.039838, 0.998514, -0.037194, -0.065039, 0.000000, 0.000000, 0.000000, 1.000000
2.4267, 55.9731, -23.1431, 349.1227, 418.0006, -49.8044, 265.4788, 19.5562, 54.3737, -65.0186, -0.151100, -0.988092, 0.029031, 0.055973, 0.988515, -0.150958, 0.007032, -0.023143, -0.002566, 0.029760, 0.999554, 0.349123, 0.000000, 0.000000, 0.000000, 1.000000, -0.040194, 0.044631, 0.998195, 0.418001, 0.149608, 0.988009, -0.038151, -0.049804, -0.987928, 0.147805, -0.046389, 0.265479, 0.000000, 0.000000, 0.000000, 1.000000, 0.997421, -0.036702, 0.061680, 0.019556, 0.060402, -0.034974, -0.997561, 0.054374, 0.038769, 0.998714, -0.032667, -0.065019, 0.000000, 0.000000, 0.000000, 1.000000
2.5247, 55.9817, -23.6598, 349.1379, 418.0361, -49.8124, 265.9945, 19.3466, 54.1871, -64.9787, -0.149081, -0.988328, 0.031359, 0.055982, 0.988823, -0.148936, 0.006932, -0.023660, -0.002180, 0.032042, 0.999484, 0.349138, 0.000000, 0.000000, 0.000000, 1.000000, -0.039838, 0.046834, 0.998108, 0.418036, 0.147586, 0.988221, -0.040479, -0.049812, -0.988247, 0.145694, -0.046281, 0.265994, 0.000000, 0.000000, 0.000000, 1.000000, 0.997473, -0.036081, 0.061208, 0.019347, 0.059895, -0.036405, -0.997541, 0.054187, 0.038221, 0.998686, -0.034152, -0.064979, 0.000000, 0.000000, 0.000000, 1.000000
2.7224, 55.9714, -24.1372, 348.8623, 417.7796, -49.7989, 266.4824, 19.4703, 54.1490, -64.9346, -0.148029, -0.988380, 0.034521, 0.055971, 0.988962, -0.147710, 0.011620, -0.024137, -0.006386, 0.035860, 0.999336, 0.348862, 0.000000, 0.000000, 0.000000, 1.000000, -0.044055, 0.050600, 0.997747, 0.417780, 0.146571, 0.988237, -0.043646, -0.049799, -0.988219, 0.144318, -0.050954, 0.266482, 0.000000, 0.000000, 0.000000, 1.000000, 0.997153, -0.037755, 0.065277, 0.019470, 0.063816, -0.038673, -0.997212, 0.054149, 0.040174, 0.998538, -0.036153, -0.064935, 0.000000, 0.000000, 0.000000, 1.000000
2.8905, 55.9588, -24.3467, 348.9299, 417.8556, -49.7866, 266.6890, 19.7878, 53.8266, -64.9149, -0.145746, -0.988704, 0.034955, 0.055959, 0.989316, -0.145532, 0.008608, -0.024347, -0.003424, 0.035836, 0.999352, 0.348930, 0.000000, 0.000000, 0.000000, 1.000000, -0.041131, 0.050493, 0.997877, 0.417856, 0.144261, 0.988558, -0.044076, -0.049787, -0.988684, 0.142142, -0.047945, 0.266689, 0.000000, 0.000000, 0.000000, 1.000000, 0.997341, -0.038209, 0.062049, 0.019788, 0.060629, -0.037271, -0.997464, 0.053827, 0.040425, 0.998574, -0.034856, -0.064915, 0.000000, 0.000000, 0.000000, 1.000000
2.9938, 56.0277, -25.0483, 348.2962, 417.2494, -49.8486, 267.4152, 19.3673, 54.2697, -64.9201, -0.140696, -0.989685, 0.026975, 0.056028, 0.990019, -0.140414, 0.012090, -0.025048, -0.008177, 0.028407, 0.999563, 0.348296, 0.000000, 0.000000, 0.000000, 1.000000, -0.045954, 0.042877, 0.998023, 0.417249, 0.139254, 0.989598, -0.036104, -0.049849, -0.989190, 0.137319, -0.051446, 0.267415, 0.000000, 0.000000, 0.000000, 1.000000, 0.997188, -0.035076, 0.066226, 0.019367, 0.065231, -0.028788, -0.997455, 0.054270, 0.036894, 0.998970, -0.026419, -0.064920, 0.000000, 0.000000, 0.000000, 1.000000
3.2447, 55.9797, -25.7483, 348.0462, 417.0277, -49.7973, 268.1244, 19.4377, 54.1187, -64.8260, -0.136971, -0.990178, 0.028031, 0.055980, 0.990574, -0.136871, 0.005456, -0.025748, -0.001566, 0.028514, 0.999592, 0.348046, 0.000000, 0.000000, 0.000000, 1.000000, -0.039403, 0.042849, 0.998304, 0.417028, 0.135467, 0.990085, -0.037149, -0.049797, -0.989998, 0.133774, -0.044817, 0.268124, 0.000000, 0.000000, 0.000000, 1.000000, 0.997616, -0.035454, 0.059201, 0.019438, 0.058267, -0.026824, -0.997941, 0.054119, 0.036969, 0.999011, -0.024694, -0.064826, 0.000000, 0.000000, 0.000000, 1.000000
3.4631, 55.9433, -26.4633, 347.6418, 416.6522, -49.7560, 268.8548, 19.3835, 54.1676, -64.7418, -0.132792, -0.990406, 0.038242, 0.055943, 0.991128, -0.132474, 0.010756, -0.026463, -0.005587, 0.039331, 0.999211, 0.347642, 0.000000, 0.000000, 0.000000, 1.000000, -0.043481, 0.053486, 0.997622, 0.416652, 0.131325, 0.990207, -0.047364, -0.049756, -0.990385, 0.128953, -0.050079, 0.268855, 0.000000, 0.000000, 0.000000, 1.000000, 0.997427, -0.033893, 0.063171, 0.019384, 0.061957, -0.035750, -0.997438, 0.054168, 0.036064, 0.998786, -0.033559, -0.064742, 0.000000, 0.000000, 0.000000, 1.000000
3.6896, 55.8559, -27.0117, 347.3254, 416.3584, -49.6650, 269.4151, 19.5293, 54.1272, -64.6261, -0.132546, -0.990115, 0.045871, 0.055856, 0.990961, -0.131410, 0.026960, -0.027012, -0.020665, 0.049030, 0.998583, 0.347325, 0.000000, 0.000000, 0.000000, 1.000000, -0.058542, 0.063132, 0.996287, 0.416358, 0.131216, 0.989826, -0.055013, -0.049665, -0.989624, 0.127508, -0.066231, 0.269415, 0.000000, 0.000000, 0.000000, 1.000000, 0.996286, -0.035891, 0.078265, 0.019529, 0.076676, -0.043693, -0.996098, 0.054127, 0.039170, 0.998400, -0.040779, -0.064626, 0.000000, 0.000000, 0.000000, 1.000000
3.8582, 55.8600, -27.4909, 347.5051, 416.5568, -49.6700, 269.8868, 19.5832, 53.6784, -64.5999, -0.130163, -0.989985, 0.054661, 0.055860, 0.991394, -0.129177, 0.021222, -0.027491, -0.013949, 0.056953, 0.998279, 0.347505, 0.000000, 0.000000, 0.000000, 1.000000, -0.051870, 0.070960, 0.996130, 0.416557, 0.128771, 0.989620, -0.063791, -0.049670, -0.990317, 0.124964, -0.060469, 0.269887, 0.000000, 0.000000, 0.000000, 1.000000, 0.996789, -0.035899, 0.071568, 0.019583, 0.069724, -0.050230, -0.996301, 0.053678, 0.039361, 0.998092, -0.047565, -0.064600, 0.000000, 0.000000, 0.000000, 1.000000
4.1836, 55.8207, -28.1598, 346.8372, 415.9163, -49.6236, 270.5815, 19.8896, 53.8399, -64.5368, -0.125590, -0.990966, 0.047042, 0.055821, 0.992023, -0.124925, 0.016838, -0.028160, -0.010809, 0.048781, 0.998751, 0.346837, 0.000000, 0.000000, 0.000000, 1.000000, -0.048799, 0.062636, 0.996843, 0.415916, 0.124169, 0.990670, -0.056169, -0.049624, -0.991060, 0.121036, -0.056121, 0.270581, 0.000000, 0.000000, 0.000000, 1.000000, 0.997023, -0.037166, 0.067563, 0.019890, 0.066095, -0.039404, -0.997035, 0.053840, 0.039718, 0.998532, -0.036830, -0.064537, 0.000000, 0.000000, 0.000000, 1.000000
4.2825, 55.8726, -28.8855, 346.6208, 415.7282, -49.6724, 271.3151, 19.4568, 53.8735, -64.5380, -0.120353, -0.991843, 0.041977, 0.055873, 0.992663, -0.119742, 0.016781, -0.028885, -0.011618, 0.043688, 0.998978, 0.346621, 0.000000, 0.000000, 0.000000, 1.000000, -0.049680, 0.057350, 0.997117, 0.415728, 0.118938, 0.991586, -0.051106, -0.049672, -0.991658, 0.116056, -0.056083, 0.271315, 0.000000, 0.000000, 0.000000, 1.000000, 0.997125, -0.033772, 0.067831, 0.019457, 0.066710, -0.033291, -0.997217, 0.053874, 0.035937, 0.998875, -0.030942, -0.064538, 0.000000, 0.000000, 0.000000, 1.000000
4.5376, 55.8249, -29.5718, 346.6762, 415.8110, -49.6242, 271.9987, 19.5683, 53.4147, -64.4561, -0.115724, -0.992014, 0.050170, 0.055825, 0.993280, -0.115664, 0.004111, -0.029572, 0.001725, 0.050309, 0.998732, 0.346676, 0.000000, 0.000000, 0.000000, 1.000000, -0.036414, 0.063806, 0.997298, 0.415811, 0.114187, 0.991689, -0.059278, -0.049624, -0.992792, 0.111720, -0.043397, 0.271999, 0.000000, 0.000000, 0.000000, 1.000000, 0.997971, -0.033360, 0.054238, 0.019568, 0.052970, -0.037783, -0.997881, 0.053415, 0.035338, 0.998729, -0.035939, -0.064456, 0.000000, 0.000000, 0.000000, 1.000000
4.8094, 55.8028, -30.2829, 346.3478, 415.5112, -49.5980, 272.7221, 19.6831, 53.3136, -64.4067, -0.111333, -0.992764, 0.045002, 0.055803, 0.993783, -0.111265, 0.004019, -0.030283, 0.001017, 0.045169, 0.998979, 0.346348, 0.000000, 0.000000, 0.000000, 1.000000, -0.037181, 0.058504, 0.997595, 0.415511, 0.109802, 0.992479, -0.054112, -0.049598, -0.993258, 0.107526, -0.043325, 0.272722, 0.000000, 0.000000, 0.000000, 1.000000, 0.997967, -0.033483, 0.054235, 0.019683, 0.053224, -0.030383, -0.998120, 0.053314, 0.035068, 0.998977, -0.028539, -0.064407, 0.000000, 0.000000, 0.000000, 1.000000
5.0511, 55.6807, -30.9844, 345.4603, 414.6532, -49.4667, 273.4578, 19.6917, 53.8175, -64.2692, -0.108058, -0.993357, 0.039557, 0.055681, 0.994137, -0.107813, 0.008298, -0.030984, -0.003979, 0.040222, 0.999183, 0.345460, 0.000000, 0.000000, 0.000000, 1.000000, -0.042216, 0.053430, 0.997679, 0.414653, 0.106573, 0.993113, -0.048676, -0.049467, -0.993408, 0.104270, -0.047620, 0.273458, 0.000000, 0.000000, 0.000000, 1.000000, 0.997700, -0.034072, 0.058591, 0.019692, 0.057810, -0.023452, -0.998052, 0.053818, 0.035380, 0.999144, -0.021428, -0.064269, 0.000000, 0.000000, 0.000000, 1.000000
5.2792, 55.6950, -31.5223, 345.7081, 414.9218, -49.4824, 273.9856, 19.8712, 53.2135, -64.2597, -0.105288, -0.993005, 0.053446, 0.055695, 0.994442, -0.105104, 0.006259, -0.031522, -0.000598, 0.053808, 0.998551, 0.345708, 0.000000, 0.000000, 0.000000, 1.000000, -0.038875, 0.066894, 0.997002, 0.414922, 0.103771, 0.992632, -0.062555, -0.049482, -0.993841, 0.101028, -0.045531, 0.273986, 0.000000, 0.000000, 0.000000, 1.000000, 0.997883, -0.034271, 0.055264, 0.019871, 0.054058, -0.035187, -0.997918, 0.053213, 0.036144, 0.998793, -0.033260, -0.064260, 0.000000, 0.000000, 0.000000, 1.000000
5.4319, 55.5830, -32.0155, 345.3690, 414.6035, -49.3666, 274.4916, 19.8406, 53.3094, -64.1341, -0.104269, -0.992389, 0.065518, 0.055583, 0.994480, -0.103258, 0.018633, -0.032016, -0.011726, 0.067100, 0.997677, 0.345369, 0.000000, 0.000000, 0.000000, 1.000000, -0.050005, 0.080097, 0.995532, 0.414604, 0.102853, 0.991892, -0.074638, -0.049367, -0.993439, 0.098661, -0.057838, 0.274492, 0.000000, 0.000000, 0.000000, 1.000000, 0.997196, -0.034183, 0.066566, 0.019841, 0.064918, -0.047242, -0.996772, 0.053309, 0.037217, 0.998298, -0.044891, -0.064134, 0.000000, 0.000000, 0.000000, 1.000000
5.6186, 55.6162, -32.9647, 344.8370, 414.1091, -49.3935, 275.4610, 19.4399, 53.5228, -64.1331, -0.098255, -0.993767, 0.052658, 0.055616, 0.995107, -0.097562, 0.015587, -0.032965, -0.010353, 0.053932, 0.998491, 0.344837, 0.000000, 0.000000, 0.000000, 1.000000, -0.048712, 0.066728, 0.996581, 0.414109, 0.096826, 0.993382, -0.061781, -0.049393, -0.994109, 0.093486, -0.054851, 0.275461, 0.000000, 0.000000, 0.000000, 1.000000, 0.997422, -0.032049, 0.064198, 0.019440, 0.063162, -0.032383, -0.997478, 0.053523, 0.034047, 0.998962, -0.030275, -0.064133, 0.000000, 0.000000, 0.000000, 1.000000
5.9741, 55.5682, -33.5918, 344.4699, 413.7674, -49.3412, 276.1020, 19.8940, 53.3474, -64.0864, -0.093097, -0.994490, 0.048198, 0.055568, 0.995653, -0.092845, 0.007465, -0.033592, -0.002948, 0.048684, 0.998810, 0.344470, 0.000000, 0.000000, 0.000000, 1.000000, -0.041382, 0.061304, 0.997261, 0.413767, 0.091601, 0.994145, -0.057312, -0.049341, -0.994936, 0.088978, -0.046755, 0.276102, 0.000000, 0.000000, 0.000000, 1.000000, 0.997884, -0.033174, 0.055926, 0.019894, 0.055137, -0.024241, -0.998184, 0.053347, 0.034470, 0.999156, -0.022361, -0.064086, 0.000000, 0.000000, 0.000000, 1.000000
6.2350, 55.5515, -33.8854, 344.6062, 413.9154, -49.3253, 276.3900, 20.4124, 52.8217, -64.0692, -0.093428, -0.993897, 0.058650, 0.055552, 0.995571, -0.092641, 0.016010, -0.033885, -0.010479, 0.059886, 0.998150, 0.344606, 0.000000, 0.000000, 0.000000, 1.000000, -0.048900, 0.072484, 0.996170, 0.413915, 0.092000, 0.993450, -0.067770, -0.049325, -0.994558, 0.088334, -0.055249, 0.276390, 0.000000, 0.000000, 0.000000, 1.000000, 0.997313, -0.036540, 0.063502, 0.020412, 0.062286, -0.033491, -0.997496, 0.052822, 0.038575, 0.998771, -0.031125, -0.064069, 0.000000, 0.000000, 0.000000, 1.000000
6.3327, 55.4737, -34.5380, 344.0108, 413.3469, -49.2411, 277.0654, 20.0365, 53.2457, -63.9807, -0.089470, -0.994652, 0.051597, 0.055474, 0.995940, -0.088828, 0.014595, -0.034538, -0.009934, 0.052693, 0.998561, 0.344011, 0.000000, 0.000000, 0.000000, 1.000000, -0.048406, 0.065154, 0.996700, 0.413347, 0.088036, 0.994265, -0.060719, -0.049241, -0.994940, 0.084807, -0.053864, 0.277065, 0.000000, 0.000000, 0.000000, 1.000000, 0.997454, -0.034603, 0.062356, 0.020036, 0.061496, -0.025372, -0.997785, 0.053246, 0.036108, 0.999079, -0.023179, -0.063981, 0.000000, 0.000000, 0.000000, 1.000000
6.5404, 55.4936, -34.8445, 344.1248, 413.4727, -49.2616, 277.3672, 20.3747, 52.8173, -63.9968, -0.086461, -0.994544, 0.058364, 0.055494, 0.996246, -0.086055, 0.009436, -0.034844, -0.004362, 0.058961, 0.998251, 0.344125, 0.000000, 0.000000, 0.000000, 1.000000, -0.042878, 0.071306, 0.996532, 0.413473, 0.084976, 0.994096, -0.067475, -0.049262, -0.995460, 0.081788, -0.048684, 0.277367, 0.000000, 0.000000, 0.000000, 1.000000, 0.997791, -0.034796, 0.056585, 0.020375, 0.055553, -0.029951, -0.998006, 0.052817, 0.036422, 0.998946, -0.027952, -0.063997, 0.000000, 0.000000, 0.000000, 1.000000
6.6375, 55.3970, -35.4828, 343.5897, 412.9641, -49.1591, 278.0260, 20.0150, 53.1839, -63.8929, -0.083333, -0.994946, 0.056016, 0.055397, 0.996460, -0.082570, 0.015796, -0.035483, -0.011091, 0.057135, 0.998305, 0.343590, 0.000000, 0.000000, 0.000000, 1.000000, -0.049638, 0.069347, 0.996357, 0.412964, 0.081909, 0.994509, -0.065138, -0.049159, -0.995403, 0.078377, -0.055046, 0.278026, 0.000000, 0.000000, 0.000000, 1.000000, 0.997476, -0.032922, 0.062912, 0.020015, 0.062027, -0.027222, -0.997703, 0.053184, 0.034559, 0.999087, -0.025112, -0.063893, 0.000000, 0.000000, 0.000000, 1.000000
6.8941, 55.3402, -35.7686, 343.4299, 412.8162, -49.1004, 278.3177, 20.5144, 52.9623, -63.8470, -0.083241, -0.994621, 0.061651, 0.055340, 0.996292, -0.081710, 0.026949, -0.035769, -0.021767, 0.063666, 0.997734, 0.343430, 0.000000, 0.000000, 0.000000, 1.000000, -0.060299, 0.075836, 0.995295, 0.412816, 0.081915, 0.994122, -0.070784, -0.049100, -0.994814, 0.077261, -0.066157, 0.278318, 0.000000, 0.000000, 0.000000, 1.000000, 0.996657, -0.035801, 0.073438, 0.020514, 0.072311, -0.031801, -0.996875, 0.052962, 0.038024, 0.998853, -0.029106, -0.063847, 0.000000, 0.000000, 0.000000, 1.000000
6.9974, 55.2530, -36.5192, 343.3405, 412.7574, -49.0112, 279.0711, 20.0822, 52.8702, -63.7377, -0.079281, -0.994638, 0.066410, 0.055253, 0.996781, -0.078302, 0.017221, -0.036519, -0.011929, 0.067561, 0.997644, 0.343341, 0.000000, 0.000000, 0.000000, 1.000000, -0.050525, 0.079594, 0.995546, 0.412757, 0.077865, 0.994099, -0.075527, -0.049011, -0.995683, 0.073702, -0.056424, 0.279071, 0.000000, 0.000000, 0.000000, 1.000000, 0.997414, -0.033835, 0.063400, 0.020082, 0.062224, -0.034757, -0.997457, 0.052870, 0.035952, 0.998823, -0.032562, -0.063738, 0.000000, 0.000000, 0.000000, 1.000000
7.2220, 55.2676, -37.2454, 343.1895, 412.6349, -49.0234, 279.8027, 20.0398, 52.6632, -63.7445, -0.076519, -0.994859, 0.066337, 0.055268, 0.996973, -0.075424, 0.018858, -0.037245, -0.013758, 0.067579, 0.997619, 0.343189, 0.000000, 0.000000, 0.000000, 1.000000, -0.052385, 0.079501, 0.995457, 0.412635, 0.075119, 0.994316, -0.075456, -0.049023, -0.995798, 0.070825, -0.058059, 0.279803, 0.000000, 0.000000, 0.000000, 1.000000, 0.997304, -0.034491, 0.064764, 0.020040, 0.063632, -0.032960, -0.997429, 0.052663, 0.036537, 0.998861, -0.030676, -0.063745, 0.000000, 0.000000, 0.000000, 1.000000
7.4692, 55.1986, -37.5065, 343.1230, 412.5794, -48.9534, 280.0661, 20.5381, 52.3646, -63.6854, -0.073908, -0.994286, 0.077022, 0.055199, 0.997167, -0.072599, 0.019661, -0.037507, -0.013957, 0.078257, 0.996836, 0.343123, 0.000000, 0.000000, 0.000000, 1.000000, -0.052615, 0.090053, 0.994546, 0.412579, 0.072510, 0.993641, -0.086135, -0.048953, -0.995979, 0.067583, -0.058810, 0.280066, 0.000000, 0.000000, 0.000000, 1.000000, 0.997278, -0.035072, 0.064860, 0.020538, 0.063384, -0.041667, -0.997119, 0.052365, 0.037674, 0.998516, -0.039331, -0.063685, 0.000000, 0.000000, 0.000000, 1.000000
7.5568, 55.1042, -38.1401, 342.5544, 412.0371, -48.8528, 280.7215, 20.1508, 52.7805, -63.5970, -0.069593, -0.995297, 0.067379, 0.055104, 0.997527, -0.068768, 0.014491, -0.038140, -0.009789, 0.068221, 0.997622, 0.342554, 0.000000, 0.000000, 0.000000, 1.000000, -0.048504, 0.079883, 0.995623, 0.412037, 0.068156, 0.994738, -0.076492, -0.048853, -0.996495, 0.064148, -0.053693, 0.280721, 0.000000, 0.000000, 0.000000, 1.000000, 0.997653, -0.033076, 0.059953, 0.020151, 0.058941, -0.030779, -0.997787, 0.052780, 0.034848, 0.998979, -0.028757, -0.063597, 0.000000, 0.000000, 0.000000, 1.000000
7.7990, 55.0593, -38.4302, 342.4696, 411.9643, -48.8067, 281.0146, 20.6022, 52.5056, -63.5628, -0.068989, -0.994988, 0.072381, 0.055059, 0.997438, -0.067419, 0.023908, -0.038430, -0.018908, 0.073845, 0.997090, 0.342470, 0.000000, 0.000000, 0.000000, 1.000000, -0.057617, 0.085446, 0.994675, 0.411964, 0.067635, 0.994376, -0.081503, -0.048807, -0.996045, 0.062579, -0.063073, 0.281015, 0.000000, 0.000000, 0.000000, 1.000000, 0.997001, -0.035287, 0.068880, 0.020602, 0.067665, -0.034541, -0.997110, 0.052506, 0.037564, 0.998780, -0.032049, -0.063563, 0.000000, 0.000000, 0.000000, 1.000000
7.9053, 55.0306, -39.1080, 342.1796, 411.7015, -48.7743, 281.7033, 20.2395, 52.6122, -63.5332, -0.064569, -0.995724, 0.066060, 0.055031, 0.997794, -0.063397, 0.019691, -0.039108, -0.015419, 0.067186, 0.997621, 0.342180, 0.000000, 0.000000, 0.000000, 1.000000, -0.054185, 0.078641, 0.995429, 0.411702, 0.063184, 0.995166, -0.075180, -0.048774, -0.996530, 0.058821, -0.058892, 0.281703, 0.000000, 0.000000, 0.000000, 1.000000, 0.997349, -0.033239, 0.064729, 0.020240, 0.063849, -0.026886, -0.997597, 0.052612, 0.034900, 0.999086, -0.024693, -0.063533, 0.000000, 0.000000, 0.000000, 1.000000
8.1431, 55.0635, -39.8734, 342.4877, 412.0393, -48.8089, 282.4559, 20.2187, 51.9268, -63.5483, -0.059240, -0.995484, 0.074178, 0.055064, 0.998231, -0.058692, 0.009546, -0.039873, -0.005149, 0.074612, 0.997199, 0.342488, 0.000000, 0.000000, 0.000000, 1.000000, -0.043989, 0.085873, 0.995335, 0.412039, 0.057760, 0.994851, -0.083278, -0.048809, -0.997361, 0.053827, -0.048722, 0.282456, 0.000000, 0.000000, 0.000000, 1.000000, 0.998026, -0.031945, 0.054071, 0.020219, 0.053039, -0.032325, -0.998069, 0.051927, 0.033632, 0.998967, -0.030567, -0.063548, 0.000000, 0.000000, 0.000000, 1.000000
8.3771, 54.8444, -40.5229, 341.5062, 411.0861, -48.5798, 283.1432, 20.2472, 52.5512, -63.3741, -0.056570, -0.995758, 0.072569, 0.054844, 0.998172, -0.054860, 0.025355, -0.040523, -0.021266, 0.073870, 0.997041, 0.341506, 0.000000, 0.000000, 0.000000, 1.000000, -0.060114, 0.084983, 0.994567, 0.411086, 0.055238, 0.995126, -0.081692, -0.048580, -0.996662, 0.050027, -0.064516, 0.283143, 0.000000, 0.000000, 0.000000, 1.000000, 0.997067, -0.031833, 0.069602, 0.020247, 0.068664, -0.029659, -0.997199, 0.052551, 0.033808, 0.999053, -0.027386, -0.063374, 0.000000, 0.000000, 0.000000, 1.000000
8.6267, 54.8600, -41.2658, 341.5160, 411.1251, -48.5944, 283.8853, 20.2710, 52.1493, -63.3916, -0.052210, -0.995672, 0.076892, 0.054860, 0.998605, -0.051444, 0.011908, -0.041266, -0.007901, 0.077406, 0.996968, 0.341516, 0.000000, 0.000000, 0.000000, 1.000000, -0.046817, 0.088381, 0.994986, 0.411125, 0.050755, 0.995002, -0.085994, -0.048594, -0.997613, 0.046475, -0.051068, 0.283885, 0.000000, 0.000000, 0.000000, 1.000000, 0.997924, -0.032195, 0.055777, 0.020271, 0.054776, -0.031182, -0.998012, 0.052149, 0.033870, 0.998995, -0.029353, -0.063392, 0.000000, 0.000000, 0.000000, 1.000000
8.8660, 54.8058, -41.4877, 341.4524, 411.0708, -48.5393, 284.1094, 20.7804, 51.8635, -63.3522, -0.050824, -0.994950, 0.086553, 0.054806, 0.998652, -0.049714, 0.014931, -0.041488, -0.010553, 0.087195, 0.996135, 0.341452, 0.000000, 0.000000, 0.000000, 1.000000, -0.049481, 0.098087, 0.993947, 0.411071, 0.049394, 0.994189, -0.095651, -0.048539, -0.997553, 0.044362, -0.054039, 0.284109, 0.000000, 0.000000, 0.000000, 1.000000, 0.997725, -0.033810, 0.058331, 0.020780, 0.056998, -0.039132, -0.997607, 0.051864, 0.036012, 0.998662, -0.037116, -0.063352, 0.000000, 0.000000, 0.000000, 1.000000
8.9657, 54.6236, -42.2438, 341.0254, 410.6756, -48.3520, 284.8814, 20.3139, 52.1225, -63.1876, -0.047589, -0.995765, 0.078659, 0.054624, 0.998722, -0.046092, 0.020745, -0.042244, -0.017032, 0.079546, 0.996686, 0.341025, 0.000000, 0.000000, 0.000000, 1.000000, -0.055986, 0.090308, 0.994339, 0.410676, 0.046218, 0.995068, -0.087772, -0.048352, -0.997361, 0.041042, -0.059884, 0.284881, 0.000000, 0.000000, 0.000000, 1.000000, 0.997425, -0.032095, 0.064133, 0.020314, 0.063157, -0.030558, -0.997536, 0.052123, 0.033976, 0.999018, -0.028452, -0.063188, 0.000000, 0.000000, 0.000000, 1.000000
9.2199, 54.6153, -42.9823, 340.7119, 410.3916, -48.3397, 285.6316, 20.3411, 52.0391, -63.2041, -0.044130, -0.995840, 0.079725, 0.054615, 0.998848, -0.042477, 0.022317, -0.042982, -0.018838, 0.080619, 0.996567, 0.340712, 0.000000, 0.000000, 0.000000, 1.000000, -0.057828, 0.091238, 0.994149, 0.410392, 0.042775, 0.995127, -0.088840, -0.048340, -0.997410, 0.037387, -0.061449, 0.285632, 0.000000, 0.000000, 0.000000, 1.000000, 0.997333, -0.032440, 0.065375, 0.020341, 0.064423, -0.029575, -0.997484, 0.052039, 0.034292, 0.999036, -0.027407, -0.063204, 0.000000, 0.000000, 0.000000, 1.000000
9.4568, 54.4597, -43.4437, 340.4446, 410.1442, -48.1811, 286.1029, 20.5948, 51.9546, -63.0748, -0.041052, -0.995438, 0.086130, 0.054460, 0.998960, -0.039180, 0.023318, -0.043444, -0.019837, 0.086997, 0.996011, 0.340445, 0.000000, 0.000000, 0.000000, 1.000000, -0.058858, 0.097478, 0.993496, 0.410144, 0.039707, 0.994662, -0.095240, -0.048181, -0.997476, 0.033843, -0.062414, 0.286103, 0.000000, 0.000000, 0.000000, 1.000000, 0.997285, -0.032604, 0.066027, 0.020595, 0.064916, -0.034056, -0.997309, 0.051955, 0.034764, 0.998888, -0.031847, -0.063075, 0.000000, 0.000000, 0.000000, 1.000000
9.6148, 54.3954, -43.8876, 340.2850, 410.0027, -48.1146, 286.5526, 20.6283, 51.8719, -63.0271, -0.038239, -0.995371, 0.088176, 0.054395, 0.999177, -0.036890, 0.016885, -0.043888, -0.013555, 0.088749, 0.995962, 0.340285, 0.000000, 0.000000, 0.000000, 1.000000, -0.052615, 0.099137, 0.993682, 0.410003, 0.036836, 0.994576, -0.097276, -0.048115, -0.997935, 0.031485, -0.055981, 0.286553, 0.000000, 0.000000, 0.000000, 1.000000, 0.997697, -0.032730, 0.059406, 0.020628, 0.058274, -0.034533, -0.997703, 0.051872, 0.034706, 0.998867, -0.032547, -0.063027, 0.000000, 0.000000, 0.000000, 1.000000
9.8024, 54.2914, -44.6080, 339.9515, 409.6989, -48.0065, 287.2855, 20.4685, 51.9109, -62.9525, -0.034028, -0.995125, 0.092567, 0.054291, 0.999365, -0.032903, 0.013651, -0.044608, -0.010538, 0.092973, 0.995613, 0.339952, 0.000000, 0.000000, 0.000000, 1.000000, -0.049647, 0.103198, 0.993421, 0.409699, 0.032597, 0.994285, -0.101659, -0.048006, -0.998235, 0.027335, -0.052727, 0.287285, 0.000000, 0.000000, 0.000000, 1.000000, 0.997936, -0.031524, 0.055945, 0.020469, 0.054762, -0.037195, -0.997806, 0.051911, 0.033536, 0.998811, -0.035392, -0.062953, 0.000000, 0.000000, 0.000000, 1.000000
10.0492, 54.2214, -44.8264, 339.5941, 409.3511, -47.9329, 287.5176, 20.9901, 51.9087, -62.9182, -0.034669, -0.995683, 0.086101, 0.054221, 0.999072, -0.032324, 0.028481, -0.044826, -0.025575, 0.087008, 0.995879, 0.339594, 0.000000, 0.000000, 0.000000, 1.000000, -0.064654, 0.097221, 0.993161, 0.409351, 0.033376, 0.994897, -0.095218, -0.047933, -0.997349, 0.026991, -0.067569, 0.287518, 0.000000, 0.000000, 0.000000, 1.000000, 0.996898, -0.035087, 0.070444, 0.020990, 0.069429, -0.029354, -0.997155, 0.051909, 0.037055, 0.998953, -0.026826, -0.062918, 0.000000, 0.000000, 0.000000, 1.000000
10.1520, 54.1586, -45.5748, 339.7308, 409.5177, -47.8702, 288.2599, 20.5622, 51.5974, -62.8567, -0.028589, -0.995442, 0.090987, 0.054159, 0.999508, -0.027294, 0.015444, -0.045575, -0.012890, 0.091384, 0.995732, 0.339731, 0.000000, 0.000000, 0.000000, 1.000000, -0.052051, 0.101392, 0.993484, 0.409518, 0.027179, 0.994608, -0.100083, -0.047870, -0.998274, 0.021793, -0.054526, 0.288260, 0.000000, 0.000000, 0.000000, 1.000000, 0.997859, -0.031498, 0.057319, 0.020562, 0.056286, -0.032756, -0.997877, 0.051597, 0.033308, 0.998967, -0.030913, -0.062857, 0.000000, 0.000000, 0.000000, 1.000000
10.3757, 53.9685, -46.2496, 338.8077, 408.6237, -47.6707, 288.9703, 20.5322, 52.1813, -62.7417, -0.027810, -0.994934, 0.096608, 0.053969, 0.999060, -0.024450, 0.035795, -0.046250, -0.033252, 0.097513, 0.994679, 0.338808, 0.000000, 0.000000, 0.000000, 1.000000, -0.072386, 0.107399, 0.991577, 0.408624, 0.026587, 0.994040, -0.105725, -0.047671, -0.997022, 0.018710, -0.074810, 0.288970, 0.000000, 0.000000, 0.000000, 1.000000, 0.996489, -0.031925, 0.077397, 0.020532, 0.076202, -0.037117, -0.996401, 0.052181, 0.034683, 0.998801, -0.034554, -0.062742, 0.000000, 0.000000, 0.000000, 1.000000
10.6455, 53.9195, -46.9625, 338.8416, 408.6861, -47.6208, 289.6812, 20.6453, 51.7351, -62.7148, -0.020373, -0.995721, 0.090138, 0.053919, 0.999701, -0.019069, 0.015308, -0.046963, -0.013524, 0.090423, 0.995812, 0.338842, 0.000000, 0.000000, 0.000000, 1.000000, -0.052767, 0.100110, 0.993576, 0.408686, 0.018970, 0.994883, -0.099234, -0.047621, -0.998427, 0.013612, -0.054396, 0.289681, 0.000000, 0.000000, 0.000000, 1.000000, 0.997915, -0.031098, 0.056555, 0.020645, 0.055698, -0.027769, -0.998061, 0.051735, 0.032608, 0.999131, -0.025979, -0.062715, 0.000000, 0.000000, 0.000000, 1.000000
10.8765, 53.8088, -47.7094, 338.7193, 408.5944, -47.5079, 290.4321, 20.5983, 51.5032, -62.6368, -0.016686, -0.995239, 0.096023, 0.053809, 0.999746, -0.015153, 0.016673, -0.047709, -0.015138, 0.096277, 0.995239, 0.338719, 0.000000, 0.000000, 0.000000, 1.000000, -0.054415, 0.105800, 0.992897, 0.408594, 0.015297, 0.994342, -0.105116, -0.047508, -0.998401, 0.009469, -0.055725, 0.290432, 0.000000, 0.000000, 0.000000, 1.000000, 0.997865, -0.030583, 0.057699, 0.020598, 0.056726, -0.031760, -0.997885, 0.051503, 0.032351, 0.999028, -0.029957, -0.062637, 0.000000, 0.000000, 0.000000, 1.000000
11.1441, 53.7647, -48.1972, 338.5753, 408.4702, -47.4618, 290.9252, 20.9215, 51.2472, -62.6259, -0.013346, -0.995314, 0.095774, 0.053765, 0.999763, -0.011634, 0.018412, -0.048197, -0.017211, 0.095997, 0.995233, 0.338575, 0.000000, 0.000000, 0.000000, 1.000000, -0.056517, 0.105383, 0.992824, 0.408470, 0.011976, 0.994414, -0.104870, -0.047462, -0.998330, 0.005963, -0.057463, 0.290925, 0.000000, 0.000000, 0.000000, 1.000000, 0.997761, -0.031296, 0.059102, 0.020921, 0.058188, -0.029343, -0.997874, 0.051247, 0.032963, 0.999079, -0.027457, -0.062626, 0.000000, 0.000000, 0.000000, 1.000000
11.3164, 53.6281, -48.6563, 338.1945, 408.1091, -47.3210, 291.3986, 20.9709, 51.3712, -62.5346, -0.013964, -0.994735, 0.101527, 0.053628, 0.999602, -0.011398, 0.025813, -0.048656, -0.024520, 0.101847, 0.994498, 0.338195, 0.000000, 0.000000, 0.000000, 1.000000, -0.063808, 0.111213, 0.991746, 0.408109, 0.012661, 0.993781, -0.110627, -0.047321, -0.997882, 0.005498, -0.064819, 0.291399, 0.000000, 0.000000, 0.000000, 1.000000, 0.997230, -0.033535, 0.066397, 0.020971, 0.065260, -0.033924, -0.997292, 0.051371, 0.035697, 0.998862, -0.031641, -0.062535, 0.000000, 0.000000, 0.000000, 1.000000
11.4585, 53.6922, -48.9348, 338.3209, 408.2457, -47.3858, 291.6720, 21.1332, 51.0264, -62.6033, -0.010218, -0.995580, 0.093360, 0.053692, 0.999793, -0.008531, 0.018448, -0.048935, -0.017571, 0.093529, 0.995462, 0.338321, 0.000000, 0.000000, 0.000000, 1.000000, -0.056905, 0.102796, 0.993073, 0.408246, 0.008851, 0.994698, -0.102457, -0.047386, -0.998340, 0.002959, -0.057514, 0.291672, 0.000000, 0.000000, 0.000000, 1.000000, 0.997723, -0.033249, 0.058672, 0.021133, 0.057876, -0.024401, -0.998026, 0.051026, 0.034615, 0.999149, -0.022421, -0.062603, 0.000000, 0.000000, 0.000000, 1.000000
11.5598, 53.5728, -49.6229, 338.2886, 408.2417, -47.2650, 292.3606, 20.7504, 50.8948, -62.5095, -0.004079, -0.994887, 0.100907, 0.053573, 0.999956, -0.003203, 0.008842, -0.049623, -0.008473, 0.100939, 0.994857, 0.338289, 0.000000, 0.000000, 0.000000, 1.000000, -0.047877, 0.109984, 0.992780, 0.408242, 0.002630, 0.993930, -0.109984, -0.047265, -0.998850, -0.002655, -0.047876, 0.292361, 0.000000, 0.000000, 0.000000, 1.000000, 0.998364, -0.029224, 0.049141, 0.020750, 0.048237, -0.030871, -0.998359, 0.050895, 0.030694, 0.999096, -0.029411, -0.062510, 0.000000, 0.000000, 0.000000, 1.000000
11.8132, 53.3976, -50.3163, 337.6288, 407.6114, -47.0829, 293.0792, 20.8007, 51.1754, -62.4158, -0.001570, -0.995204, 0.097813, 0.053398, 0.999884, -0.000083, 0.015199, -0.050316, -0.015118, 0.097825, 0.995089, 0.337629, 0.000000, 0.000000, 0.000000, 1.000000, -0.054536, 0.106753, 0.992789, 0.407611, 0.000181, 0.994270, -0.106902, -0.047083, -0.998512, -0.005650, -0.054243, 0.293079, 0.000000, 0.000000, 0.000000, 1.000000, 0.998025, -0.030225, 0.055075, 0.020801, 0.054304, -0.025739, -0.998193, 0.051175, 0.031588, 0.999212, -0.024047, -0.062416, 0.000000, 0.000000, 0.000000, 1.000000
12.0531, 53.3463, -50.5660, 337.3388, 407.3319, -47.0285, 293.3400, 21.2708, 51.1155, -62.4058, -0.002461, -0.994803, 0.101789, 0.053346, 0.999694, 0.000059, 0.024750, -0.050566, -0.024627, 0.101818, 0.994498, 0.337339, 0.000000, 0.000000, 0.000000, 1.000000, -0.064023, 0.110733, 0.991786, 0.407332, 0.001159, 0.993832, -0.110887, -0.047029, -0.997948, -0.005949, -0.063756, 0.293340, 0.000000, 0.000000, 0.000000, 1.000000, 0.997354, -0.033702, 0.064419, 0.021271, 0.063489, -0.027957, -0.997591, 0.051115, 0.035421, 0.999041, -0.025743, -0.062406, 0.000000, 0.000000, 0.000000, 1.000000
12.1674, 53.2236, -51.2668, 337.2161, 407.2381, -46.9036, 294.0449, 20.9104, 51.0565, -62.3230, 0.002359, -0.995082, 0.099026, 0.053224, 0.999736, 0.004610, 0.022502, -0.051267, -0.022848, 0.098947, 0.994830, 0.337216, 0.000000, 0.000000, 0.000000, 1.000000, -0.062290, 0.107687, 0.992232, 0.407238, -0.003677, 0.994131, -0.108124, -0.046904, -0.998051, -0.010384, -0.061528, 0.294045, 0.000000, 0.000000, 0.000000, 1.000000, 0.997597, -0.031071, 0.061928, 0.020910, 0.061194, -0.024048, -0.997836, 0.051056, 0.032493, 0.999228, -0.022089, -0.062323, 0.000000, 0.000000, 0.000000, 1.000000
12.3994, 53.1184, -51.9996, 337.2226, 407.2745, -46.7974, 294.7766, 20.8814, 50.6984, -62.2570, 0.008660, -0.994873, 0.100757, 0.053118, 0.999837, 0.010209, 0.014870, -0.052000, -0.015823, 0.100612, 0.994800, 0.337223, 0.000000, 0.000000, 0.000000, 1.000000, -0.055331, 0.109128, 0.992486, 0.407274, -0.010042, 0.993898, -0.109843, -0.046797, -0.998418, -0.016044, -0.053898, 0.294777, 0.000000, 0.000000, 0.000000, 1.000000, 0.998114, -0.029065, 0.054070, 0.020881, 0.053387, -0.023782, -0.998291, 0.050698, 0.030302, 0.999295, -0.022186, -0.062257, 0.000000, 0.000000, 0.000000, 1.000000
12.6299, 53.0295, -52.1926, 336.9122, 406.9727, -46.7053, 294.9816, 21.3765, 50.6778, -62.2108, 0.008810, -0.994730, 0.102149, 0.053029, 0.999804, 0.010573, 0.016734, -0.052193, -0.017725, 0.101982, 0.994628, 0.336912, 0.000000, 0.000000, 0.000000, 1.000000, -0.057233, 0.110481, 0.992229, 0.406973, -0.010174, 0.993742, -0.111236, -0.046705, -0.998309, -0.016461, -0.055750, 0.294982, 0.000000, 0.000000, 0.000000, 1.000000, 0.997928, -0.032278, 0.055665, 0.021377, 0.054923, -0.023429, -0.998216, 0.050678, 0.033524, 0.999204, -0.021607, -0.062211, 0.000000, 0.000000, 0.000000, 1.000000
12.7474, 52.9929, -53.0037, 337.2946, 407.3871, -46.6710, 295.7769, 20.9363, 50.1012, -62.1846, 0.012390, -0.994433, 0.104642, 0.052993, 0.999839, 0.013682, 0.011642, -0.053004, -0.013008, 0.104481, 0.994442, 0.337295, 0.000000, 0.000000, 0.000000, 1.000000, -0.052553, 0.112853, 0.992221, 0.407387, -0.013797, 0.993417, -0.113720, -0.046671, -0.998523, -0.019666, -0.050650, 0.295777, 0.000000, 0.000000, 0.000000, 1.000000, 0.998243, -0.030926, 0.050534, 0.020936, 0.049772, -0.024950, -0.998449, 0.050101, 0.032138, 0.999210, -0.023366, -0.062185, 0.000000, 0.000000, 0.000000, 1.000000
12.9799, 52.8409, -53.4250, 336.7602, 406.8712, -46.5135, 296.2187, 21.1979, 50.2979, -62.1061, 0.014457, -0.993762, 0.110581, 0.052841, 0.999763, 0.016165, 0.014566, -0.053425, -0.016262, 0.110345, 0.993760, 0.336760, 0.000000, 0.000000, 0.000000, 1.000000, -0.055820, 0.118608, 0.991371, 0.406871, -0.015834, 0.992689, -0.119657, -0.046513, -0.998315, -0.022376, -0.053534, 0.296219, 0.000000, 0.000000, 0.000000, 1.000000, 0.998063, -0.031878, 0.053424, 0.021198, 0.052505, -0.029021, -0.998199, 0.050298, 0.033371, 0.999070, -0.027291, -0.062106, 0.000000, 0.000000, 0.000000, 1.000000
13.1377, 52.7052, -53.8538, 336.3188, 406.4483, -46.3731, 296.6643, 21.2282, 50.5073, -62.0356, 0.017468, -0.994399, 0.104235, 0.052705, 0.999620, 0.019594, 0.019410, -0.053854, -0.021343, 0.103856, 0.994363, 0.336319, 0.000000, 0.000000, 0.000000, 1.000000, -0.060919, 0.111995, 0.991840, 0.406448, -0.018799, 0.993380, -0.113323, -0.046373, -0.997966, -0.025549, -0.058410, 0.296664, 0.000000, 0.000000, 0.000000, 1.000000, 0.997845, -0.031188, 0.057729, 0.021228, 0.057084, -0.021204, -0.998144, 0.050507, 0.032354, 0.999289, -0.019378, -0.062036, 0.000000, 0.000000, 0.000000, 1.000000
13.3016, 52.6265, -54.5841, 336.2046, 406.3636, -46.2922, 297.3984, 20.9902, 50.3666, -62.0122, 0.021250, -0.993536, 0.111512, 0.052626, 0.999603, 0.023175, 0.015997, -0.054584, -0.018478, 0.111128, 0.993634, 0.336205, 0.000000, 0.000000, 0.000000, 1.000000, -0.058089, 0.119112, 0.991180, 0.406364, -0.022606, 0.992445, -0.120589, -0.046292, -0.998055, -0.029412, -0.054958, 0.297398, 0.000000, 0.000000, 0.000000, 1.000000, 0.998067, -0.029911, 0.054484, 0.020990, 0.053676, -0.027165, -0.998189, 0.050367, 0.031337, 0.999183, -0.025507, -0.062012, 0.000000, 0.000000, 0.000000, 1.000000
13.5404, 52.5222, -55.0497, 336.0650, 406.2435, -46.1860, 297.8689, 21.2420, 50.1563, -61.9560, 0.023439, -0.993074, 0.115132, 0.052522, 0.999528, 0.025566, 0.017033, -0.055050, -0.019859, 0.114678, 0.993204, 0.336065, 0.000000, 0.000000, 0.000000, 1.000000, -0.059486, 0.122561, 0.990677, 0.406243, -0.024783, 0.991947, -0.124206, -0.046186, -0.997921, -0.031940, -0.055969, 0.297869, 0.000000, 0.000000, 0.000000, 1.000000, 0.997978, -0.031147, 0.055400, 0.021242, 0.054506, -0.028875, -0.998096, 0.050156, 0.032687, 0.999098, -0.027118, -0.061956, 0.000000, 0.000000, 0.000000, 1.000000
13.7191, 52.3025, -55.7363, 335.3448, 405.5530, -45.9586, 298.5830, 21.0637, 50.6124, -61.8484, 0.027451, -0.993166, 0.113434, 0.052302, 0.999203, 0.030551, 0.025686, -0.055736, -0.028976, 0.112638, 0.993213, 0.335345, 0.000000, 0.000000, 0.000000, 1.000000, -0.068619, 0.120326, 0.990360, 0.405553, -0.028711, 0.992051, -0.122521, -0.045959, -0.997230, -0.036841, -0.064619, 0.298583, 0.000000, 0.000000, 0.000000, 1.000000, 0.997546, -0.029057, 0.063701, 0.021064, 0.062973, -0.025324, -0.997694, 0.050612, 0.030603, 0.999257, -0.023432, -0.061848, 0.000000, 0.000000, 0.000000, 1.000000
13.9768, 52.1681, -56.5158, 334.9931, 405.2335, -45.8199, 299.3755, 21.0503, 50.5786, -61.8061, 0.029814, -0.993036, 0.113973, 0.052168, 0.998947, 0.033578, 0.031250, -0.056516, -0.034859, 0.112921, 0.992992, 0.334993, 0.000000, 0.000000, 0.000000, 1.000000, -0.074509, 0.120489, 0.989915, 0.405234, -0.031020, 0.991914, -0.123067, -0.045820, -0.996738, -0.039876, -0.070169, 0.299375, 0.000000, 0.000000, 0.000000, 1.000000, 0.997168, -0.030080, 0.068930, 0.021050, 0.068234, -0.023590, -0.997390, 0.050579, 0.031628, 0.999269, -0.021471, -0.061806, 0.000000, 0.000000, 0.000000, 1.000000
14.1948, 52.0935, -56.7295, 335.0986, 405.3480, -45.7459, 299.5847, 21.4976, 50.1619, -61.7447, 0.031906, -0.992647, 0.116762, 0.052093, 0.998986, 0.035385, 0.027848, -0.056729, -0.031775, 0.115755, 0.992769, 0.335099, 0.000000, 0.000000, 0.000000, 1.000000, -0.071447, 0.123245, 0.989801, 0.405348, -0.033140, 0.991496, -0.125849, -0.045746, -0.996894, -0.041793, -0.066755, 0.299585, 0.000000, 0.000000, 0.000000, 1.000000, 0.997357, -0.031598, 0.065428, 0.021498, 0.064659, -0.024759, -0.997600, 0.050162, 0.033142, 0.999194, -0.022650, -0.061745, 0.000000, 0.000000, 0.000000, 1.000000
14.2868, 51.9636, -57.4785, 334.9586, 405.2389, -45.6136, 300.3384, 21.0171, 50.1549, -61.6833, 0.036658, -0.992135, 0.119681, 0.051964, 0.998932, 0.039749, 0.023541, -0.057478, -0.028114, 0.118690, 0.992533, 0.334959, 0.000000, 0.000000, 0.000000, 1.000000, -0.067830, 0.126001, 0.989708, 0.405239, -0.037925, 0.990951, -0.128758, -0.045614, -0.996976, -0.046269, -0.062437, 0.300338, 0.000000, 0.000000, 0.000000, 1.000000, 0.997716, -0.028574, 0.061214, 0.021017, 0.060450, -0.026885, -0.997809, 0.050155, 0.030157, 0.999230, -0.025096, -0.061683, 0.000000, 0.000000, 0.000000, 1.000000
14.5424, 51.9209, -57.7062, 334.7248, 405.0146, -45.5684, 300.5750, 21.5563, 50.0194, -61.6882, 0.037487, -0.992179, 0.119063, 0.051921, 0.998890, 0.040607, 0.023889, -0.057706, -0.028537, 0.118035, 0.992599, 0.334725, 0.000000, 0.000000, 0.000000, 1.000000, -0.068258, 0.125314, 0.989766, 0.405015, -0.038750, 0.990999, -0.128142, -0.045568, -0.996915, -0.047100, -0.062788, 0.300575, 0.000000, 0.000000, 0.000000, 1.000000, 0.997621, -0.031766, 0.061175, 0.021556, 0.060417, -0.024298, -0.997877, 0.050019, 0.033185, 0.999200, -0.022321, -0.061688, 0.000000, 0.000000, 0.000000, 1.000000
14.6270, 51.5835, -58.3425, 333.9866, 404.3052, -45.2234, 301.2393, 21.1321, 50.6421, -61.4736, 0.038942, -0.991387, 0.125039, 0.051584, 0.998532, 0.043324, 0.032517, -0.058342, -0.037654, 0.123589, 0.991619, 0.333987, 0.000000, 0.000000, 0.000000, 1.000000, -0.077368, 0.130748, 0.988392, 0.404305, -0.040122, 0.990152, -0.134121, -0.045223, -0.996195, -0.050033, -0.071360, 0.301239, 0.000000, 0.000000, 0.000000, 1.000000, 0.997084, -0.030172, 0.070095, 0.021132, 0.069218, -0.029171, -0.997175, 0.050642, 0.032131, 0.999119, -0.026998, -0.061474, 0.000000, 0.000000, 0.000000, 1.000000
14.8641, 51.6005, -58.6200, 334.2679, 404.5970, -45.2424, 301.5056, 21.5842, 50.0134, -61.4931, 0.040727, -0.991218, 0.125811, 0.051600, 0.998356, 0.045453, 0.034925, -0.058620, -0.040336, 0.124182, 0.991439, 0.334268, 0.000000, 0.000000, 0.000000, 1.000000, -0.080057, 0.131255, 0.988111, 0.404597, -0.041882, 0.989974, -0.134896, -0.045242, -0.995910, -0.052183, -0.073757, 0.301506, 0.000000, 0.000000, 0.000000, 1.000000, 0.996881, -0.031755, 0.072244, 0.021584, 0.071367, -0.027939, -0.997059, 0.050013, 0.033680, 0.999105, -0.025585, -0.061493, 0.000000, 0.000000, 0.000000, 1.000000
14.9539, 51.5126, -59.2192, 334.1085, 404.4622, -45.1522, 302.1104, 21.2487, 50.0313, -61.4717, 0.044611, -0.990815, 0.127652, 0.051513, 0.998358, 0.048812, 0.029974, -0.059219, -0.035930, 0.126106, 0.991366, 0.334108, 0.000000, 0.000000, 0.000000, 1.000000, -0.075689, 0.133041, 0.988216, 0.404462, -0.045805, 0.989549, -0.136729, -0.045152, -0.996079, -0.055614, -0.068804, 0.302110, 0.000000, 0.000000, 0.000000, 1.000000, 0.997287, -0.029739, 0.067337, 0.021249, 0.066474, -0.029104, -0.997364, 0.050031, 0.031620, 0.999134, -0.027048, -0.061472, 0.000000, 0.000000, 0.000000, 1.000000
15.0150, 51.5131, -59.2232, 334.1693, 404.5231, -45.1532, 302.1120, 21.4314, 49.8838, -61.4686, 0.045141, -0.990721, 0.128196, 0.051513, 0.998369, 0.049230, 0.028908, -0.059223, -0.034951, 0.126682, 0.991327, 0.334169, 0.000000, 0.000000, 0.000000, 1.000000, -0.074716, 0.133600, 0.988215, 0.404523, -0.046344, 0.989449, -0.137271, -0.045153, -0.996127, -0.056054, -0.067736, 0.302112, 0.000000, 0.000000, 0.000000, 1.000000, 0.997344, -0.030261, 0.066248, 0.021431, 0.065367, -0.029218, -0.997433, 0.049884, 0.032119, 0.999115, -0.027163, -0.061469, 0.000000, 0.000000, 0.000000, 1.000000
