# Joint_A_Angle(deg), Cam_X(mm), Cam_Y(mm), Cam_Z(mm), Torso_X(mm), Torso_Y(mm), Torso_Z(mm), EE_X(mm), EE_Y(mm), EE_Z(mm), T_cam2marker_flat(16), T_torso2marker_flat(16), T_ee2marker_flat(16)
0.0000, -29.2247, -52.0574, 335.8641, 406.6643, 35.5547, 294.7328, 34.5369, -60.3728, -46.3672, 0.059637, 0.990450, -0.124309, -0.029225, -0.997593, 0.063550, 0.027755, -0.052057, 0.035390, 0.122354, 0.991855, 0.335864, 0.000000, 0.000000, 0.000000, 1.000000, 0.074176, 0.110786, 0.991072, 0.406664, -0.058434, -0.991620, 0.115220, 0.035555, 0.995532, -0.066459, -0.067081, 0.294733, 0.000000, 0.000000, 0.000000, 1.000000, -0.997378, -0.053301, 0.048953, 0.034537, 0.044892, 0.074895, 0.996180, -0.060373, -0.056764, 0.995766, -0.072305, -0.046367, 0.000000, 0.000000, 0.000000, 1.000000
0.0174, -29.2537, -52.0062, 335.6646, 406.4633, 35.5854, 294.6895, 34.5405, -60.5942, -46.3985, 0.058560, 0.990539, -0.124109, -0.029254, -0.997598, 0.062672, 0.029489, -0.052006, 0.036988, 0.122084, 0.991830, 0.335665, 0.000000, 0.000000, 0.000000, 1.000000, 0.075783, 0.110550, 0.990977, 0.406463, -0.057371, -0.991705, 0.115018, 0.035585, 0.995473, -0.065570, -0.068812, 0.294689, 0.000000, 0.000000, 0.000000, 1.000000, -0.997258, -0.053912, 0.050686, 0.034540, 0.046586, 0.074761, 0.996113, -0.060594, -0.057492, 0.995743, -0.072044, -0.046398, 0.000000, 0.000000, 0.000000, 1.000000
0.1719, -29.3958, -51.3380, 336.2736, 407.0466, 35.7210, 293.9975, 34.7874, -60.2041, -46.4442, 0.055586, 0.990918, -0.122444, -0.029396, -0.997811, 0.059531, 0.028797, -0.051338, 0.035824, 0.120575, 0.992058, 0.336274, 0.000000, 0.000000, 0.000000, 1.000000, 0.074655, 0.109162, 0.991217, 0.407047, -0.054387, -0.992065, 0.113352, 0.035721, 0.995725, -0.062372, -0.068126, 0.293997, 0.000000, 0.000000, 0.000000, 1.000000, -0.997246, -0.054680, 0.050104, 0.034787, 0.045967, 0.074461, 0.996164, -0.060204, -0.058201, 0.995724, -0.071742, -0.046444, 0.000000, 0.000000, 0.000000, 1.000000
0.4297, -29.4727, -50.5705, 336.1988, 406.9424, 35.7974, 293.2334, 34.8253, -60.6473, -46.4571, 0.050806, 0.991806, -0.117215, -0.029473, -0.997901, 0.055133, 0.033969, -0.050571, 0.040153, 0.115243, 0.992525, 0.336199, 0.000000, 0.000000, 0.000000, 1.000000, 0.079027, 0.104000, 0.991433, 0.406942, -0.049647, -0.992898, 0.108111, 0.035797, 0.995635, -0.057765, -0.073303, 0.293233, 0.000000, 0.000000, 0.000000, 1.000000, -0.996952, -0.055171, 0.055154, 0.034825, 0.051174, 0.071132, 0.996153, -0.060647, -0.058882, 0.995940, -0.068092, -0.046457, 0.000000, 0.000000, 0.000000, 1.000000
0.6951, -29.5200, -50.3375, 336.2325, 406.9672, 35.8440, 292.9992, 34.3087, -60.9861, -46.4937, 0.049959, 0.991506, -0.120085, -0.029520, -0.997949, 0.054375, 0.033783, -0.050338, 0.040026, 0.118151, 0.992189, 0.336232, 0.000000, 0.000000, 0.000000, 1.000000, 0.078910, 0.106938, 0.991129, 0.406967, -0.048798, -0.992623, 0.110985, 0.035844, 0.995687, -0.057123, -0.073109, 0.292999, 0.000000, 0.000000, 0.000000, 1.000000, -0.997101, -0.051728, 0.055799, 0.034309, 0.051776, 0.076095, 0.995755, -0.060986, -0.055754, 0.995758, -0.073196, -0.046494, 0.000000, 0.000000, 0.000000, 1.000000
0.7960, -29.7411, -49.6628, 337.0424, 407.7519, 36.0567, 292.2926, 34.7229, -60.3199, -46.6146, 0.047016, 0.992244, -0.115068, -0.029741, -0.998572, 0.049613, 0.019805, -0.049663, 0.025360, 0.113972, 0.993160, 0.337042, 0.000000, 0.000000, 0.000000, 1.000000, 0.064307, 0.102944, 0.992606, 0.407752, -0.045721, -0.993317, 0.105980, 0.036057, 0.996882, -0.052198, -0.059171, 0.292293, 0.000000, 0.000000, 0.000000, 1.000000, -0.997620, -0.055007, 0.041575, 0.034723, 0.037524, 0.072733, 0.996645, -0.060320, -0.057846, 0.995833, -0.070496, -0.046615, 0.000000, 0.000000, 0.000000, 1.000000
1.0318, -29.7525, -49.4681, 336.9209, 407.6229, 36.0689, 292.1029, 34.2455, -60.7736, -46.6261, 0.043926, 0.992036, -0.118045, -0.029752, -0.998353, 0.047954, 0.031501, -0.049468, 0.036911, 0.116467, 0.992508, 0.336921, 0.000000, 0.000000, 0.000000, 1.000000, 0.075868, 0.105504, 0.991521, 0.407623, -0.042737, -0.993129, 0.108945, 0.036069, 0.996202, -0.050640, -0.070838, 0.292103, 0.000000, 0.000000, 0.000000, 1.000000, -0.997139, -0.052932, 0.053954, 0.034246, 0.049790, 0.077062, 0.995782, -0.060774, -0.056866, 0.995620, -0.074206, -0.046626, 0.000000, 0.000000, 0.000000, 1.000000
1.1234, -29.8369, -48.6962, 336.5986, 407.2712, 36.1550, 291.3441, 34.7588, -61.2319, -46.6503, 0.040639, 0.992991, -0.110984, -0.029837, -0.997963, 0.045805, 0.044402, -0.048696, 0.049174, 0.108954, 0.992830, 0.336599, 0.000000, 0.000000, 0.000000, 1.000000, 0.088136, 0.098073, 0.991269, 0.407271, -0.039562, -0.994012, 0.101862, 0.036155, 0.995323, -0.048194, -0.083728, 0.291344, 0.000000, 0.000000, 0.000000, 1.000000, -0.996351, -0.053819, 0.066250, 0.034759, 0.062404, 0.070254, 0.995575, -0.061232, -0.058235, 0.996076, -0.066639, -0.046650, 0.000000, 0.000000, 0.000000, 1.000000
1.3619, -30.0285, -48.0104, 337.2998, 407.9464, 36.3392, 290.6308, 34.7887, -60.8699, -46.7634, 0.036854, 0.993207, -0.110375, -0.030028, -0.998552, 0.040931, 0.034908, -0.048010, 0.039189, 0.108928, 0.993277, 0.337300, 0.000000, 0.000000, 0.000000, 1.000000, 0.078216, 0.098238, 0.992084, 0.407946, -0.035685, -0.994220, 0.101263, 0.036339, 0.996298, -0.043323, -0.074259, 0.290631, 0.000000, 0.000000, 0.000000, 1.000000, -0.996846, -0.054971, 0.057230, 0.034789, 0.053203, 0.072125, 0.995976, -0.060870, -0.058877, 0.995880, -0.068973, -0.046763, 0.000000, 0.000000, 0.000000, 1.000000
1.6186, -30.1564, -47.3193, 337.8071, 408.4272, 36.4614, 289.9200, 34.7640, -60.7298, -46.8237, 0.034320, 0.994057, -0.103314, -0.030156, -0.998922, 0.037351, 0.027546, -0.047319, 0.031241, 0.102257, 0.994267, 0.337807, 0.000000, 0.000000, 0.000000, 1.000000, 0.070313, 0.091706, 0.993301, 0.408427, -0.033079, -0.995003, 0.094204, 0.036461, 0.996976, -0.039481, -0.066928, 0.289920, 0.000000, 0.000000, 0.000000, 1.000000, -0.997263, -0.054698, 0.049743, 0.034764, 0.046013, 0.067454, 0.996661, -0.060730, -0.057871, 0.996222, -0.064753, -0.046824, 0.000000, 0.000000, 0.000000, 1.000000
1.8696, -30.2765, -46.6325, 338.1944, 408.7882, 36.5770, 289.2182, 34.7493, -60.7028, -46.8861, 0.030525, 0.993516, -0.109520, -0.030277, -0.999291, 0.032751, 0.018581, -0.046632, 0.022047, 0.108875, 0.993811, 0.338194, 0.000000, 0.000000, 0.000000, 1.000000, 0.061175, 0.098505, 0.993255, 0.408788, -0.029199, -0.994516, 0.100428, 0.036577, 0.997700, -0.035146, -0.057963, 0.289218, 0.000000, 0.000000, 0.000000, 1.000000, -0.997595, -0.055230, 0.041873, 0.034749, 0.037610, 0.076087, 0.996392, -0.060703, -0.058217, 0.995570, -0.073827, -0.046886, 0.000000, 0.000000, 0.000000, 1.000000
2.1226, -30.3779, -45.9321, 338.3560, 408.9230, 36.6757, 288.5119, 34.7357, -60.9064, -46.9375, 0.026168, 0.993535, -0.110469, -0.030378, -0.999222, 0.029256, 0.026430, -0.045932, 0.029491, 0.109691, 0.993528, 0.338356, 0.000000, 0.000000, 0.000000, 1.000000, 0.068649, 0.099458, 0.992671, 0.408923, -0.024910, -0.994537, 0.101368, 0.036676, 0.997330, -0.031687, -0.065797, 0.288512, 0.000000, 0.000000, 0.000000, 1.000000, -0.997235, -0.054751, 0.050252, 0.034736, 0.045849, 0.078905, 0.995827, -0.060906, -0.058488, 0.995378, -0.076176, -0.046937, 0.000000, 0.000000, 0.000000, 1.000000
2.3844, -30.5047, -45.2445, 338.7719, 409.3126, 36.7977, 287.8081, 34.6941, -60.8663, -47.0119, 0.022532, 0.994330, -0.103923, -0.030505, -0.999372, 0.025247, 0.024881, -0.045244, 0.027363, 0.103297, 0.994274, 0.338772, 0.000000, 0.000000, 0.000000, 1.000000, 0.066562, 0.093220, 0.993418, 0.409313, -0.021255, -0.995268, 0.094817, 0.036798, 0.997556, -0.027426, -0.064266, 0.287808, 0.000000, 0.000000, 0.000000, 1.000000, -0.997309, -0.054830, 0.048659, 0.034694, 0.044507, 0.074570, 0.996222, -0.060866, -0.058251, 0.995707, -0.071929, -0.047012, 0.000000, 0.000000, 0.000000, 1.000000
2.6230, -30.5454, -45.0033, 338.8601, 409.3916, 36.8373, 287.5636, 34.2579, -61.1164, -47.0456, 0.019680, 0.994361, -0.104204, -0.030545, -0.999279, 0.022948, 0.030261, -0.045003, 0.032482, 0.103533, 0.994095, 0.338860, 0.000000, 0.000000, 0.000000, 1.000000, 0.071699, 0.093546, 0.993030, 0.409392, -0.018449, -0.995297, 0.095092, 0.036837, 0.997256, -0.025139, -0.069636, 0.287564, 0.000000, 0.000000, 0.000000, 1.000000, -0.997085, -0.053397, 0.054495, 0.034258, 0.050318, 0.076673, 0.995786, -0.061116, -0.057350, 0.995625, -0.073763, -0.047046, 0.000000, 0.000000, 0.000000, 1.000000
2.7139, -30.6496, -44.3104, 338.9120, 409.4170, 36.9399, 286.8690, 34.6977, -61.2032, -47.1008, 0.016364, 0.995299, -0.095459, -0.030650, -0.999092, 0.020033, 0.037599, -0.044310, 0.039334, 0.094757, 0.994723, 0.338912, 0.000000, 0.000000, 0.000000, 1.000000, 0.078568, 0.084884, 0.993288, 0.409417, -0.015197, -0.996151, 0.086330, 0.036940, 0.996793, -0.021878, -0.076976, 0.286869, 0.000000, 0.000000, 0.000000, 1.000000, -0.996596, -0.055102, 0.061317, 0.034698, 0.057485, 0.068631, 0.995985, -0.061203, -0.059089, 0.996119, -0.065229, -0.047101, 0.000000, 0.000000, 0.000000, 1.000000
3.1236, -30.7903, -43.6436, 339.6299, 410.1093, 37.0730, 286.1741, 34.2158, -61.0725, -47.2018, 0.012973, 0.995412, -0.094799, -0.030790, -0.999637, 0.015151, 0.022298, -0.043644, 0.023632, 0.094475, 0.995247, 0.339630, 0.000000, 0.000000, 0.000000, 1.000000, 0.062930, 0.084794, 0.994409, 0.410109, -0.011662, -0.996254, 0.085689, 0.037073, 0.997950, -0.016989, -0.061706, 0.286174, 0.000000, 0.000000, 0.000000, 1.000000, -0.997464, -0.053600, 0.046836, 0.034216, 0.042945, 0.071587, 0.996509, -0.061072, -0.056765, 0.995993, -0.069104, -0.047202, 0.000000, 0.000000, 0.000000, 1.000000
3.2143, -30.8884, -42.8979, 339.8322, 410.2830, 37.1682, 285.4208, 34.7121, -61.0101, -47.2487, 0.008987, 0.995258, -0.096855, -0.030888, -0.999551, 0.011711, 0.027591, -0.042898, 0.028594, 0.096564, 0.994916, 0.339832, 0.000000, 0.000000, 0.000000, 1.000000, 0.067922, 0.087018, 0.993889, 0.410283, -0.007722, -0.996113, 0.087740, 0.037168, 0.997661, -0.013634, -0.066986, 0.285421, 0.000000, 0.000000, 0.000000, 1.000000, -0.997077, -0.055570, 0.052440, 0.034712, 0.048238, 0.074441, 0.996058, -0.061010, -0.059255, 0.995676, -0.071543, -0.047249, 0.000000, 0.000000, 0.000000, 1.000000
3.4480, -31.0224, -42.2005, 340.0759, 410.5001, 37.2989, 284.7141, 34.7523, -61.1080, -47.3459, 0.005683, 0.994957, -0.100137, -0.031022, -0.999700, 0.008039, 0.023143, -0.042200, 0.023831, 0.099975, 0.994704, 0.340076, 0.000000, 0.000000, 0.000000, 1.000000, 0.063198, 0.090574, 0.993882, 0.410500, -0.004374, -0.995839, 0.091031, 0.037299, 0.997991, -0.010100, -0.062539, 0.284714, 0.000000, 0.000000, 0.000000, 1.000000, -0.997273, -0.055504, 0.048649, 0.034752, 0.044142, 0.079727, 0.995839, -0.061108, -0.059151, 0.995270, -0.077060, -0.047346, 0.000000, 0.000000, 0.000000, 1.000000
3.7282, -31.1300, -41.5172, 340.6796, 411.0773, 37.4000, 284.0073, 34.6524, -60.9118, -47.4182, 0.002265, 0.995319, -0.096614, -0.031130, -0.999835, 0.003995, 0.017718, -0.041517, 0.018021, 0.096558, 0.995164, 0.340680, 0.000000, 0.000000, 0.000000, 1.000000, 0.057429, 0.087316, 0.994524, 0.411077, -0.000903, -0.996163, 0.087512, 0.037400, 0.998349, -0.005924, -0.057130, 0.284007, 0.000000, 0.000000, 0.000000, 1.000000, -0.997522, -0.055258, 0.043539, 0.034652, 0.039128, 0.078538, 0.996143, -0.060912, -0.058464, 0.995379, -0.076181, -0.047418, 0.000000, 0.000000, 0.000000, 1.000000
3.9903, -31.1666, -41.2758, 340.5493, 410.9380, 37.4373, 283.7712, 34.1441, -61.4166, -47.4600, 0.000122, 0.996047, -0.088823, -0.031167, -0.999640, 0.002505, 0.026712, -0.041276, 0.026829, 0.088788, 0.995689, 0.340549, 0.000000, 0.000000, 0.000000, 1.000000, 0.066242, 0.079604, 0.994623, 0.410938, 0.001159, -0.996818, 0.079703, 0.037437, 0.997803, -0.004127, -0.066123, 0.283771, 0.000000, 0.000000, 0.000000, 1.000000, -0.997218, -0.052862, 0.052562, 0.034144, 0.048647, 0.072805, 0.996159, -0.061417, -0.056486, 0.995944, -0.070030, -0.047460, 0.000000, 0.000000, 0.000000, 1.000000
4.0904, -31.2435, -40.6089, 340.7796, 411.1425, 37.5112, 283.0956, 34.5311, -61.3411, -47.5004, -0.002476, 0.996489, -0.083692, -0.031244, -0.999697, -0.000418, 0.024607, -0.040609, 0.024486, 0.083727, 0.996188, 0.340780, 0.000000, 0.000000, 0.000000, 1.000000, 0.063926, 0.074659, 0.995158, 0.411142, 0.003779, -0.997209, 0.074570, 0.037511, 0.997947, -0.001006, -0.064029, 0.283096, 0.000000, 0.000000, 0.000000, 1.000000, -0.997250, -0.054349, 0.050376, 0.034531, 0.046604, 0.068570, 0.996557, -0.061341, -0.057616, 0.996165, -0.065849, -0.047500, 0.000000, 0.000000, 0.000000, 1.000000
4.2910, -31.3484, -39.8386, 341.3530, 411.6859, 37.6096, 282.3031, 34.7452, -61.0662, -47.5686, -0.005701, 0.996215, -0.086738, -0.031348, -0.999929, -0.004770, 0.010941, -0.039839, 0.010485, 0.086794, 0.996171, 0.341353, 0.000000, 0.000000, 0.000000, 1.000000, 0.049976, 0.077897, 0.995708, 0.411686, 0.007132, -0.996956, 0.077637, 0.037610, 0.998725, 0.003221, -0.050379, 0.282303, 0.000000, 0.000000, 0.000000, 1.000000, -0.997763, -0.055488, 0.037296, 0.034745, 0.033183, 0.073275, 0.996760, -0.061066, -0.058041, 0.995767, -0.071270, -0.047569, 0.000000, 0.000000, 0.000000, 1.000000
4.5288, -31.4109, -39.1686, 341.4007, 411.7077, 37.6706, 281.6316, 34.7368, -61.3705, -47.6137, -0.010406, 0.996490, -0.083058, -0.031411, -0.999566, -0.008078, 0.028318, -0.039169, 0.027548, 0.083317, 0.996142, 0.341401, 0.000000, 0.000000, 0.000000, 1.000000, 0.067052, 0.074551, 0.994960, 0.411708, 0.011681, -0.997195, 0.073931, 0.037671, 0.997681, 0.006665, -0.067735, 0.281632, 0.000000, 0.000000, 0.000000, 1.000000, -0.996965, -0.055175, 0.054919, 0.034737, 0.050905, 0.071702, 0.996126, -0.061371, -0.058900, 0.995899, -0.068676, -0.047614, 0.000000, 0.000000, 0.000000, 1.000000
4.7885, -31.5175, -38.4286, 341.7322, 412.0107, 37.7731, 280.8789, 34.7451, -61.4230, -47.6996, -0.014643, 0.996039, -0.087704, -0.031518, -0.999712, -0.012917, 0.020217, -0.038429, 0.019004, 0.087974, 0.995941, 0.341732, 0.000000, 0.000000, 0.000000, 1.000000, 0.058560, 0.079400, 0.995121, 0.412011, 0.015995, -0.996779, 0.078591, 0.037773, 0.998156, 0.011315, -0.059641, 0.280879, 0.000000, 0.000000, 0.000000, 1.000000, -0.997307, -0.055830, 0.047550, 0.034745, 0.043094, 0.078475, 0.995984, -0.061423, -0.059338, 0.995352, -0.075858, -0.047700, 0.000000, 0.000000, 0.000000, 1.000000
5.0276, -31.5839, -38.0335, 342.0673, 412.3306, 37.8359, 280.4707, 34.4644, -61.4347, -47.7609, -0.018081, 0.996129, -0.086021, -0.031584, -0.999559, -0.015983, 0.025020, -0.038033, 0.023548, 0.086435, 0.995979, 0.342067, 0.000000, 0.000000, 0.000000, 1.000000, 0.063125, 0.077982, 0.994954, 0.412331, 0.019392, -0.996850, 0.076901, 0.037836, 0.997817, 0.014440, -0.064438, 0.280471, 0.000000, 0.000000, 0.000000, 1.000000, -0.997083, -0.055204, 0.052707, 0.034464, 0.048269, 0.078841, 0.995718, -0.061435, -0.059123, 0.995358, -0.075947, -0.047761, 0.000000, 0.000000, 0.000000, 1.000000
5.1962, -31.6402, -37.5869, 342.1115, 412.3576, 37.8910, 280.0227, 34.4308, -61.6397, -47.8095, -0.020065, 0.996897, -0.076119, -0.031640, -0.999328, -0.017663, 0.032108, -0.037587, 0.030664, 0.076712, 0.996582, 0.342111, 0.000000, 0.000000, 0.000000, 1.000000, 0.070244, 0.068326, 0.995187, 0.412358, 0.021311, -0.997527, 0.066983, 0.037891, 0.997302, 0.016503, -0.071526, 0.280023, 0.000000, 0.000000, 0.000000, 1.000000, -0.996724, -0.054521, 0.059738, 0.034431, 0.055838, 0.070454, 0.995951, -0.061640, -0.058509, 0.996024, -0.067179, -0.047809, 0.000000, 0.000000, 0.000000, 1.000000
5.4005, -31.6672, -36.8185, 342.1566, 412.3726, 37.9165, 279.2530, 34.6151, -61.9035, -47.8210, -0.025186, 0.997011, -0.073041, -0.031667, -0.999123, -0.022659, 0.035217, -0.036818, 0.033457, 0.073864, 0.996707, 0.342157, 0.000000, 0.000000, 0.000000, 1.000000, 0.073073, 0.065676, 0.995162, 0.412373, 0.026405, -0.997607, 0.063899, 0.037916, 0.996977, 0.021608, -0.074632, 0.279253, 0.000000, 0.000000, 0.000000, 1.000000, -0.996410, -0.056408, 0.063132, 0.034615, 0.059172, 0.069304, 0.995839, -0.061903, -0.060549, 0.996000, -0.065717, -0.047821, 0.000000, 0.000000, 0.000000, 1.000000
5.6176, -31.7336, -36.1755, 342.7046, 412.8954, 37.9769, 278.5889, 34.6498, -61.6807, -47.8773, -0.029025, 0.995809, -0.086727, -0.031734, -0.999197, -0.026507, 0.030049, -0.036176, 0.027624, 0.087530, 0.995779, 0.342705, 0.000000, 0.000000, 0.000000, 1.000000, 0.067282, 0.079494, 0.994562, 0.412895, 0.030297, -0.996524, 0.077601, 0.037977, 0.997274, 0.024911, -0.069457, 0.278589, 0.000000, 0.000000, 0.000000, 1.000000, -0.996670, -0.056473, 0.058827, 0.034650, 0.053923, 0.084742, 0.994943, -0.061681, -0.061172, 0.994801, -0.081415, -0.047877, 0.000000, 0.000000, 0.000000, 1.000000
5.8774, -31.8013, -35.4123, 343.0302, 413.1912, 38.0405, 277.8132, 34.6787, -61.7425, -47.9382, -0.031873, 0.996719, -0.074396, -0.031801, -0.999316, -0.030382, 0.021086, -0.035412, 0.018757, 0.075017, 0.997006, 0.343030, 0.000000, 0.000000, 0.000000, 1.000000, 0.058452, 0.067136, 0.996030, 0.413191, 0.033226, -0.997314, 0.065273, 0.038040, 0.997737, 0.029279, -0.060526, 0.277813, 0.000000, 0.000000, 0.000000, 1.000000, -0.997141, -0.056653, 0.050009, 0.034679, 0.045738, 0.074328, 0.996184, -0.061743, -0.060154, 0.995623, -0.071524, -0.047938, 0.000000, 0.000000, 0.000000, 1.000000
6.1077, -31.8756, -35.1681, 343.1427, 413.2946, 38.1133, 277.5646, 34.2655, -61.9642, -48.0206, -0.032290, 0.996878, -0.072053, -0.031876, -0.999377, -0.031175, 0.016552, -0.035168, 0.014254, 0.072542, 0.997263, 0.343143, 0.000000, 0.000000, 0.000000, 1.000000, 0.053960, 0.064693, 0.996445, 0.413295, 0.033685, -0.997449, 0.062934, 0.038113, 0.997975, 0.030169, -0.056001, 0.277565, 0.000000, 0.000000, 0.000000, 1.000000, -0.997491, -0.053925, 0.045865, 0.034266, 0.041834, 0.073649, 0.996406, -0.061964, -0.057109, 0.995825, -0.071209, -0.048021, 0.000000, 0.000000, 0.000000, 1.000000
6.1980, -31.9071, -34.4890, 343.5759, 413.7010, 38.1398, 276.8689, 34.6975, -61.6771, -48.0398, -0.036032, 0.996253, -0.078628, -0.031907, -0.999250, -0.034801, 0.016977, -0.034489, 0.014178, 0.079181, 0.996759, 0.343576, 0.000000, 0.000000, 0.000000, 1.000000, 0.053912, 0.071475, 0.995984, 0.413701, 0.037427, -0.996879, 0.069513, 0.038140, 0.997844, 0.033529, -0.056419, 0.276869, 0.000000, 0.000000, 0.000000, 1.000000, -0.997346, -0.055942, 0.046594, 0.034698, 0.041976, 0.081075, 0.995824, -0.061677, -0.059486, 0.995137, -0.078512, -0.048040, 0.000000, 0.000000, 0.000000, 1.000000
6.4941, -32.0146, -33.7788, 344.1190, 414.2166, 38.2414, 276.1377, 34.5750, -61.5747, -48.1528, -0.038707, 0.996925, -0.068130, -0.032015, -0.999224, -0.038122, 0.009869, -0.033779, 0.007241, 0.068459, 0.997628, 0.344119, 0.000000, 0.000000, 0.000000, 1.000000, 0.047005, 0.060887, 0.997037, 0.414217, 0.040165, -0.997449, 0.059018, 0.038241, 0.998087, 0.037272, -0.049330, 0.276138, 0.000000, 0.000000, 0.000000, 1.000000, -0.997693, -0.054961, 0.039850, 0.034575, 0.035804, 0.072731, 0.996709, -0.061575, -0.057679, 0.995836, -0.070595, -0.048153, 0.000000, 0.000000, 0.000000, 1.000000
6.7030, -32.0730, -33.1240, 344.0797, 414.1521, 38.2991, 275.4848, 34.6276, -61.9300, -48.2140, -0.044202, 0.997017, -0.063268, -0.032073, -0.998756, -0.042640, 0.025842, -0.033124, 0.023067, 0.064331, 0.997662, 0.344080, 0.000000, 0.000000, 0.000000, 1.000000, 0.062849, 0.056940, 0.996397, 0.414152, 0.045515, -0.997496, 0.054132, 0.038299, 0.996985, 0.041949, -0.065283, 0.275485, 0.000000, 0.000000, 0.000000, 1.000000, -0.996832, -0.056340, 0.056147, 0.034628, 0.052133, 0.070342, 0.996160, -0.061930, -0.060073, 0.995931, -0.067182, -0.048214, 0.000000, 0.000000, 0.000000, 1.000000
6.9527, -32.1930, -32.4001, 344.7014, 414.7457, 38.4124, 274.7367, 34.6529, -61.6862, -48.3440, -0.046738, 0.996993, -0.061805, -0.032193, -0.998895, -0.046336, 0.007924, -0.032400, 0.005037, 0.062107, 0.998057, 0.344701, 0.000000, 0.000000, 0.000000, 1.000000, 0.044862, 0.054863, 0.997486, 0.414746, 0.048215, -0.997446, 0.052693, 0.038412, 0.997829, 0.045729, -0.047392, 0.274737, 0.000000, 0.000000, 0.000000, 1.000000, -0.997668, -0.056211, 0.038724, 0.034653, 0.034743, 0.070150, 0.996931, -0.061686, -0.058755, 0.995951, -0.068033, -0.048344, 0.000000, 0.000000, 0.000000, 1.000000
7.2236, -32.1726, -32.1781, 344.7250, 414.7604, 38.3914, 274.5140, 34.0953, -62.0547, -48.3385, -0.048299, 0.997098, -0.058841, -0.032173, -0.998726, -0.047347, 0.017483, -0.032178, 0.014647, 0.059610, 0.998114, 0.344725, 0.000000, 0.000000, 0.000000, 1.000000, 0.054471, 0.052408, 0.997139, 0.414760, 0.049688, -0.997527, 0.049714, 0.038391, 0.997278, 0.046838, -0.056941, 0.274514, 0.000000, 0.000000, 0.000000, 1.000000, -0.997398, -0.053077, 0.048787, 0.034095, 0.045033, 0.069771, 0.996546, -0.062055, -0.056298, 0.996150, -0.067200, -0.048339, 0.000000, 0.000000, 0.000000, 1.000000
7.3332, -32.2902, -31.3948, 345.0093, 415.0146, 38.5051, 273.7199, 34.5723, -61.9518, -48.4598, -0.050850, 0.997923, -0.039552, -0.032290, -0.998703, -0.050711, 0.004495, -0.031395, 0.002479, 0.039729, 0.999207, 0.345009, 0.000000, 0.000000, 0.000000, 1.000000, 0.042336, 0.032668, 0.998569, 0.415015, 0.052349, -0.998165, 0.030436, 0.038505, 0.997731, 0.050986, -0.043969, 0.273720, 0.000000, 0.000000, 0.000000, 1.000000, -0.997820, -0.055358, 0.035934, 0.034572, 0.033125, 0.050857, 0.998156, -0.061952, -0.057083, 0.997171, -0.048912, -0.048460, 0.000000, 0.000000, 0.000000, 1.000000
7.8795, -32.3377, -30.0009, 345.7556, 415.7058, 38.5437, 272.2976, 34.4151, -62.0273, -48.5459, -0.058972, 0.997274, -0.044348, -0.032338, -0.998250, -0.059104, -0.001676, -0.030001, -0.004293, 0.044172, 0.999015, 0.345756, 0.000000, 0.000000, 0.000000, 1.000000, 0.035625, 0.037444, 0.998663, 0.415706, 0.060532, -0.997544, 0.035243, 0.038544, 0.997530, 0.059196, -0.037804, 0.272298, 0.000000, 0.000000, 0.000000, 1.000000, -0.998000, -0.055105, 0.030980, 0.034415, 0.027675, 0.059759, 0.997829, -0.062027, -0.056837, 0.996691, -0.058115, -0.048546, 0.000000, 0.000000, 0.000000, 1.000000
8.0165, -32.3143, -29.8562, 345.8157, 415.7599, 38.5196, 272.1506, 34.1671, -62.1667, -48.5320, -0.060792, 0.996328, -0.060285, -0.032314, -0.998062, -0.059872, 0.016964, -0.029856, 0.013292, 0.061199, 0.998037, 0.345816, 0.000000, 0.000000, 0.000000, 1.000000, 0.053204, 0.054497, 0.997095, 0.415760, 0.062192, -0.996752, 0.051159, 0.038520, 0.996645, 0.059290, -0.056421, 0.272151, 0.000000, 0.000000, 0.000000, 1.000000, -0.997343, -0.053179, 0.049785, 0.034167, 0.045564, 0.077842, 0.995924, -0.062167, -0.056837, 0.995546, -0.075212, -0.048532, 0.000000, 0.000000, 0.000000, 1.000000
8.1031, -32.3081, -29.4031, 345.6723, 415.5987, 38.5140, 271.7036, 34.3650, -62.4486, -48.5308, -0.065757, 0.996076, -0.059231, -0.032308, -0.997625, -0.064409, 0.024403, -0.029403, 0.020492, 0.060695, 0.997946, 0.345672, 0.000000, 0.000000, 0.000000, 1.000000, 0.060427, 0.054174, 0.996701, 0.415599, 0.067091, -0.996488, 0.050095, 0.038514, 0.995915, 0.063842, -0.063849, 0.271704, 0.000000, 0.000000, 0.000000, 1.000000, -0.996758, -0.056380, 0.057392, 0.034365, 0.052901, 0.078153, 0.995537, -0.062449, -0.060613, 0.995346, -0.074917, -0.048531, 0.000000, 0.000000, 0.000000, 1.000000
8.2952, -32.2763, -28.9411, 345.8358, 415.7435, 38.4800, 271.2356, 34.2789, -62.5738, -48.5158, -0.069071, 0.995722, -0.061373, -0.032276, -0.997127, -0.066989, 0.035354, -0.028941, 0.031091, 0.063638, 0.997489, 0.345836, 0.000000, 0.000000, 0.000000, 1.000000, 0.071027, 0.057220, 0.995832, 0.415743, 0.070307, -0.996157, 0.052224, 0.038480, 0.994993, 0.066304, -0.074777, 0.271236, 0.000000, 0.000000, 0.000000, 1.000000, -0.996075, -0.055869, 0.068656, 0.034279, 0.063913, 0.082652, 0.994527, -0.062574, -0.061237, 0.995011, -0.078757, -0.048516, 0.000000, 0.000000, 0.000000, 1.000000
8.4597, -32.3261, -28.6096, 345.8432, 415.7383, 38.5292, 270.9039, 34.1353, -62.8129, -48.5777, -0.067558, 0.996578, -0.047623, -0.032326, -0.997670, -0.067021, 0.012768, -0.028610, 0.009532, 0.048375, 0.998784, 0.345843, 0.000000, 0.000000, 0.000000, 1.000000, 0.049494, 0.041962, 0.997893, 0.415738, 0.068991, -0.996874, 0.038498, 0.038529, 0.996389, 0.066940, -0.052234, 0.270904, 0.000000, 0.000000, 0.000000, 1.000000, -0.997462, -0.053849, 0.046582, 0.034135, 0.042839, 0.068682, 0.996718, -0.062813, -0.056871, 0.996184, -0.066201, -0.048578, 0.000000, 0.000000, 0.000000, 1.000000
8.5548, -32.4590, -27.9984, 346.8617, 416.7330, 38.6519, 270.2528, 34.5057, -61.9542, -48.7425, -0.071170, 0.996118, -0.051806, -0.032459, -0.997460, -0.071231, 0.000684, -0.027998, -0.003009, 0.051723, 0.998657, 0.346862, 0.000000, 0.000000, 0.000000, 1.000000, 0.036987, 0.045478, 0.998280, 0.416733, 0.072717, -0.996438, 0.042700, 0.038652, 0.996667, 0.071013, -0.040162, 0.270253, 0.000000, 0.000000, 0.000000, 1.000000, -0.997804, -0.056464, 0.034629, 0.034506, 0.030472, 0.072897, 0.996874, -0.061954, -0.058811, 0.995740, -0.071017, -0.048742, 0.000000, 0.000000, 0.000000, 1.000000
8.8043, -32.4575, -27.2755, 347.2668, 417.1094, 38.6456, 269.5145, 34.5215, -61.9312, -48.7754, -0.075209, 0.995643, -0.055127, -0.032458, -0.997161, -0.074886, 0.007908, -0.027276, 0.003746, 0.055565, 0.998448, 0.347267, 0.000000, 0.000000, 0.000000, 1.000000, 0.043761, 0.049465, 0.997817, 0.417109, 0.076694, -0.995992, 0.046011, 0.038646, 0.996094, 0.074513, -0.047379, 0.269514, 0.000000, 0.000000, 0.000000, 1.000000, -0.997530, -0.056097, 0.042269, 0.034522, 0.037782, 0.078777, 0.996176, -0.061931, -0.059212, 0.995313, -0.076463, -0.048775, 0.000000, 0.000000, 0.000000, 1.000000
9.0793, -32.5234, -26.5680, 347.2813, 417.0965, 38.7103, 268.8068, 34.4345, -62.3356, -48.8711, -0.079920, 0.995807, -0.044513, -0.032523, -0.996743, -0.079351, 0.014398, -0.026568, 0.010806, 0.045519, 0.998905, 0.347281, 0.000000, 0.000000, 0.000000, 1.000000, 0.050841, 0.039602, 0.997921, 0.417096, 0.081340, -0.996058, 0.035384, 0.038710, 0.995389, 0.079371, -0.053862, 0.268807, 0.000000, 0.000000, 0.000000, 1.000000, -0.997167, -0.056626, 0.049507, 0.034435, 0.045437, 0.071022, 0.996439, -0.062336, -0.059940, 0.995866, -0.068248, -0.048871, 0.000000, 0.000000, 0.000000, 1.000000
9.4750, -32.5099, -25.8973, 347.5148, 417.3032, 38.6937, 268.1275, 33.9700, -62.6908, -48.9012, -0.083373, 0.995649, -0.041607, -0.032510, -0.996400, -0.082646, 0.018898, -0.025897, 0.015377, 0.043033, 0.998955, 0.347515, 0.000000, 0.000000, 0.000000, 1.000000, 0.055427, 0.037249, 0.997768, 0.417303, 0.084750, -0.995873, 0.032471, 0.038694, 0.994859, 0.082761, -0.058355, 0.268127, 0.000000, 0.000000, 0.000000, 1.000000, -0.997042, -0.053845, 0.054851, 0.033970, 0.050928, 0.071699, 0.996125, -0.062691, -0.057569, 0.995972, -0.068745, -0.048901, 0.000000, 0.000000, 0.000000, 1.000000
9.5679, -32.5450, -25.2167, 347.9455, 417.7070, 38.7237, 267.4304, 34.3968, -62.4196, -48.9713, -0.088375, 0.995102, -0.044302, -0.032545, -0.995875, -0.087350, 0.024552, -0.025217, 0.020562, 0.046289, 0.998716, 0.347946, 0.000000, 0.000000, 0.000000, 1.000000, 0.060632, 0.040693, 0.997330, 0.417707, 0.089703, -0.995348, 0.035159, 0.038724, 0.994121, 0.087332, -0.064000, 0.267430, 0.000000, 0.000000, 0.000000, 1.000000, -0.996535, -0.056990, 0.060585, 0.034397, 0.056188, 0.075831, 0.995536, -0.062420, -0.061330, 0.995491, -0.072366, -0.048971, 0.000000, 0.000000, 0.000000, 1.000000
9.7789, -32.5597, -24.6926, 348.1394, 417.8802, 38.7359, 266.8990, 34.3169, -62.5479, -49.0190, -0.090387, 0.995098, -0.040132, -0.032560, -0.995890, -0.090076, 0.009498, -0.024693, 0.005836, 0.040826, 0.999149, 0.348139, 0.000000, 0.000000, 0.000000, 1.000000, 0.045937, 0.035342, 0.998319, 0.417880, 0.091850, -0.995290, 0.031009, 0.038736, 0.994713, 0.090271, -0.048967, 0.266899, 0.000000, 0.000000, 0.000000, 1.000000, -0.997331, -0.056629, 0.046098, 0.034317, 0.041966, 0.072104, 0.996514, -0.062548, -0.059755, 0.995788, -0.069535, -0.049019, 0.000000, 0.000000, 0.000000, 1.000000
9.9543, -32.5050, -24.3351, 348.0688, 417.7951, 38.6813, 266.5446, 34.1650, -62.8806, -48.9816, -0.094058, 0.994481, -0.046487, -0.032505, -0.995086, -0.092460, 0.035416, -0.024335, 0.030922, 0.049590, 0.998291, 0.348069, 0.000000, 0.000000, 0.000000, 1.000000, 0.071004, 0.044199, 0.996496, 0.417795, 0.095291, -0.994749, 0.037332, 0.038681, 0.992914, 0.092307, -0.074843, 0.266545, 0.000000, 0.000000, 0.000000, 1.000000, -0.995829, -0.055959, 0.072066, 0.034165, 0.067334, 0.082280, 0.994332, -0.062881, -0.061572, 0.995037, -0.078169, -0.048982, 0.000000, 0.000000, 0.000000, 1.000000
10.1120, -32.5373, -23.8518, 348.5816, 418.2887, 38.7082, 266.0414, 34.2094, -62.6141, -49.0551, -0.095431, 0.994578, -0.041323, -0.032537, -0.995223, -0.094470, 0.024617, -0.023852, 0.020580, 0.043475, 0.998843, 0.348582, 0.000000, 0.000000, 0.000000, 1.000000, 0.060688, 0.038168, 0.997427, 0.418289, 0.096759, -0.994788, 0.032180, 0.038708, 0.993456, 0.094557, -0.064065, 0.266041, 0.000000, 0.000000, 0.000000, 1.000000, -0.996532, -0.055738, 0.061788, 0.034209, 0.057381, 0.077470, 0.995342, -0.062614, -0.060265, 0.995435, -0.074003, -0.049055, 0.000000, 0.000000, 0.000000, 1.000000
10.2849, -32.5744, -23.0916, 348.7765, 418.4537, 38.7423, 265.2741, 34.4746, -62.6981, -49.1364, -0.098503, 0.994725, -0.028625, -0.032574, -0.995045, -0.098063, 0.016381, -0.023092, 0.013488, 0.030097, 0.999456, 0.348776, 0.000000, 0.000000, 0.000000, 1.000000, 0.053622, 0.024941, 0.998250, 0.418454, 0.099894, -0.994807, 0.019489, 0.038742, 0.993552, 0.098675, -0.055835, 0.265274, 0.000000, 0.000000, 0.000000, 1.000000, -0.996882, -0.057146, 0.054409, 0.034475, 0.050631, 0.065590, 0.996561, -0.062698, -0.060518, 0.996209, -0.062492, -0.049136, 0.000000, 0.000000, 0.000000, 1.000000
10.5597, -32.6766, -22.3492, 349.1003, 418.7489, 38.8405, 264.5193, 34.4290, -62.8012, -49.2955, -0.102878, 0.994565, -0.016024, -0.032677, -0.994655, -0.102718, 0.010514, -0.022349, 0.008810, 0.017020, 0.999816, 0.349100, 0.000000, 0.000000, 0.000000, 1.000000, 0.048973, 0.012059, 0.998727, 0.418749, 0.104312, -0.994521, 0.006894, 0.038840, 0.993338, 0.103841, -0.049963, 0.264519, 0.000000, 0.000000, 0.000000, 1.000000, -0.997078, -0.058041, 0.049674, 0.034429, 0.046498, 0.054834, 0.997412, -0.062801, -0.060615, 0.996807, -0.051975, -0.049295, 0.000000, 0.000000, 0.000000, 1.000000
10.8014, -32.6797, -21.6502, 349.6665, 419.2871, 38.8373, 263.7986, 34.4490, -62.6111, -49.3642, -0.106372, 0.994143, -0.019103, -0.032680, -0.994325, -0.106385, 0.000344, -0.021650, -0.001691, 0.019031, 0.999817, 0.349666, 0.000000, 0.000000, 0.000000, 1.000000, 0.038499, 0.014218, 0.999157, 0.419287, 0.107901, -0.994111, 0.009988, 0.038837, 0.993416, 0.107425, -0.039806, 0.263799, 0.000000, 0.000000, 0.000000, 1.000000, -0.997525, -0.057883, 0.039917, 0.034449, 0.036505, 0.058845, 0.997599, -0.062611, -0.060093, 0.996588, -0.056586, -0.049364, 0.000000, 0.000000, 0.000000, 1.000000
11.0224, -32.5992, -21.4784, 349.4517, 419.0650, 38.7586, 263.6354, 33.9754, -63.1453, -49.2957, -0.108428, 0.993743, -0.026802, -0.032599, -0.994040, -0.108074, 0.014318, -0.021478, 0.011332, 0.028194, 0.999538, 0.349452, 0.000000, 0.000000, 0.000000, 1.000000, 0.051518, 0.023444, 0.998397, 0.419065, 0.109837, -0.993793, 0.017668, 0.038759, 0.992614, 0.108751, -0.053774, 0.263635, 0.000000, 0.000000, 0.000000, 1.000000, -0.996987, -0.055772, 0.053920, 0.033975, 0.049982, 0.069751, 0.996312, -0.063145, -0.059327, 0.996004, -0.066753, -0.049296, 0.000000, 0.000000, 0.000000, 1.000000
11.1216, -32.5928, -20.6951, 350.2041, 419.7859, 38.7441, 262.8231, 34.5002, -62.5698, -49.3639, -0.111145, 0.993103, -0.037320, -0.032593, -0.993659, -0.111692, -0.012875, -0.020695, -0.016955, 0.035652, 0.999220, 0.350204, 0.000000, 0.000000, 0.000000, 1.000000, 0.023264, 0.031044, 0.999247, 0.419786, 0.112812, -0.993215, 0.028230, 0.038744, 0.993344, 0.112070, -0.026609, 0.262823, 0.000000, 0.000000, 0.000000, 1.000000, -0.997992, -0.057560, 0.026424, 0.034500, 0.021886, 0.078093, 0.996706, -0.062570, -0.059434, 0.995283, -0.076676, -0.049364, 0.000000, 0.000000, 0.000000, 1.000000
11.3633, -32.5891, -20.5636, 349.9556, 419.5323, 38.7425, 262.7015, 33.9222, -63.1684, -49.3693, -0.113948, 0.993101, -0.027693, -0.032589, -0.993357, -0.113438, 0.019329, -0.020564, 0.016054, 0.029712, 0.999430, 0.349956, 0.000000, 0.000000, 0.000000, 1.000000, 0.056260, 0.025177, 0.998099, 0.419532, 0.115313, -0.993156, 0.018553, 0.038742, 0.991735, 0.114050, -0.058778, 0.262702, 0.000000, 0.000000, 0.000000, 1.000000, -0.996666, -0.055780, 0.059545, 0.033922, 0.055341, 0.074099, 0.995714, -0.063168, -0.059954, 0.995690, -0.070765, -0.049369, 0.000000, 0.000000, 0.000000, 1.000000
11.4710, -32.6119, -19.8158, 349.9971, 419.5445, 38.7638, 261.9526, 34.3562, -63.3150, -49.4406, -0.116881, 0.993032, -0.015031, -0.032612, -0.993142, -0.116827, 0.004450, -0.019816, 0.002663, 0.015448, 0.999877, 0.349997, 0.000000, 0.000000, 0.000000, 1.000000, 0.042898, 0.011060, 0.999018, 0.419545, 0.118368, -0.992952, 0.005910, 0.038764, 0.992043, 0.117998, -0.043905, 0.261953, 0.000000, 0.000000, 0.000000, 1.000000, -0.997266, -0.058085, 0.045668, 0.034356, 0.042124, 0.060838, 0.997258, -0.063315, -0.060705, 0.996456, -0.058225, -0.049441, 0.000000, 0.000000, 0.000000, 1.000000
11.7210, -32.6312, -19.1576, 350.8280, 420.3489, 38.7744, 261.2622, 34.3218, -62.8738, -49.5479, -0.120687, 0.992598, -0.013565, -0.032631, -0.992675, -0.120597, 0.007276, -0.019158, 0.005587, 0.014344, 0.999882, 0.350828, 0.000000, 0.000000, 0.000000, 1.000000, 0.045835, 0.010109, 0.998898, 0.420349, 0.122147, -0.992502, 0.004439, 0.038774, 0.991453, 0.121808, -0.046726, 0.261262, 0.000000, 0.000000, 0.000000, 1.000000, -0.997107, -0.058028, 0.049097, 0.034322, 0.045496, 0.061815, 0.997050, -0.062874, -0.060892, 0.996399, -0.058996, -0.049548, 0.000000, 0.000000, 0.000000, 1.000000
11.9594, -32.6346, -18.6834, 350.6439, 420.1463, 38.7788, 260.7956, 34.0934, -63.4215, -49.5842, -0.122580, 0.992441, -0.005923, -0.032635, -0.992443, -0.122542, 0.006327, -0.018683, 0.005553, 0.006654, 0.999962, 0.350644, 0.000000, 0.000000, 0.000000, 1.000000, 0.045809, 0.002504, 0.998947, 0.420146, 0.124039, -0.992272, -0.003201, 0.038779, 0.991219, 0.124055, -0.045766, 0.260796, 0.000000, 0.000000, 0.000000, 1.000000, -0.997186, -0.056597, 0.049171, 0.034093, 0.045998, 0.056062, 0.997367, -0.063421, -0.059204, 0.996822, -0.053301, -0.049584, 0.000000, 0.000000, 0.000000, 1.000000
12.1322, -32.5529, -18.2423, 350.8431, 420.3272, 38.6946, 260.3471, 34.0461, -63.4866, -49.5489, -0.126051, 0.991897, -0.015880, -0.032553, -0.991850, -0.125713, 0.020728, -0.018242, 0.018564, 0.018363, 0.999659, 0.350843, 0.000000, 0.000000, 0.000000, 1.000000, 0.058818, 0.014333, 0.998166, 0.420327, 0.127390, -0.991830, 0.006735, 0.038695, 0.990107, 0.126760, -0.060163, 0.260347, 0.000000, 0.000000, 0.000000, 1.000000, -0.996395, -0.056596, 0.063201, 0.034046, 0.059235, 0.069201, 0.995843, -0.063487, -0.060734, 0.995996, -0.065599, -0.049549, 0.000000, 0.000000, 0.000000, 1.000000
12.2747, -32.5121, -17.7880, 351.3341, 420.7995, 38.6487, 259.8739, 34.1100, -63.2199, -49.5697, -0.128301, 0.991351, -0.027599, -0.032512, -0.991666, -0.127913, 0.015395, -0.017788, 0.011731, 0.029345, 0.999501, 0.351334, 0.000000, 0.000000, 0.000000, 1.000000, 0.052004, 0.025397, 0.998324, 0.420800, 0.129702, -0.991381, 0.018464, 0.038649, 0.990188, 0.128525, -0.054850, 0.259874, 0.000000, 0.000000, 0.000000, 1.000000, -0.996777, -0.056124, 0.057328, 0.034110, 0.052663, 0.081334, 0.995295, -0.063220, -0.060523, 0.995105, -0.078116, -0.049570, 0.000000, 0.000000, 0.000000, 1.000000
12.4420, -32.5575, -17.3216, 351.3120, 420.7594, 38.6935, 259.4086, 34.0842, -63.5063, -49.6542, -0.131264, 0.991304, -0.009238, -0.032557, -0.991249, -0.131114, 0.015285, -0.017322, 0.013941, 0.011164, 0.999840, 0.351312, 0.000000, 0.000000, 0.000000, 1.000000, 0.054222, 0.007358, 0.998502, 0.420759, 0.132644, -0.991164, 0.000101, 0.038694, 0.989680, 0.132440, -0.054718, 0.259409, 0.000000, 0.000000, 0.000000, 1.000000, -0.996607, -0.057511, 0.058887, 0.034084, 0.055144, 0.064633, 0.996384, -0.063506, -0.061110, 0.996250, -0.061243, -0.049654, 0.000000, 0.000000, 0.000000, 1.000000
12.6077, -32.5841, -16.8542, 351.8313, 421.2601, 38.7146, 258.9210, 34.0898, -63.2492, -49.7490, -0.133165, 0.991052, -0.009067, -0.032584, -0.991071, -0.133093, 0.008054, -0.016854, 0.006775, 0.010058, 0.999926, 0.351831, 0.000000, 0.000000, 0.000000, 1.000000, 0.047072, 0.006334, 0.998871, 0.421260, 0.134610, -0.990899, -0.000060, 0.038715, 0.989780, 0.134461, -0.047496, 0.258921, 0.000000, 0.000000, 0.000000, 1.000000, -0.997019, -0.056970, 0.052036, 0.034090, 0.048312, 0.064891, 0.996722, -0.063249, -0.060160, 0.996265, -0.061945, -0.049749, 0.000000, 0.000000, 0.000000, 1.000000
12.7792, -32.5827, -16.5714, 351.7422, 421.1599, 38.7137, 258.6420, 33.8685, -63.5972, -49.7720, -0.134120, 0.990959, -0.003490, -0.032583, -0.990962, -0.134110, 0.002939, -0.016571, 0.002445, 0.003852, 0.999990, 0.351742, 0.000000, 0.000000, 0.000000, 1.000000, 0.042749, 0.000174, 0.999086, 0.421160, 0.135604, -0.990747, -0.005630, 0.038714, 0.989840, 0.135721, -0.042378, 0.258642, 0.000000, 0.000000, 0.000000, 1.000000, -0.997311, -0.055597, 0.047743, 0.033869, 0.044389, 0.060063, 0.997207, -0.063597, -0.058310, 0.996645, -0.057434, -0.049772, 0.000000, 0.000000, 0.000000, 1.000000
12.8718, -32.6055, -15.9320, 352.1003, 421.4926, 38.7322, 257.9889, 34.2502, -63.4055, -49.8673, -0.137718, 0.990438, 0.008093, -0.032605, -0.990432, -0.137781, 0.007764, -0.015932, 0.008805, -0.006946, 0.999937, 0.352100, 0.000000, 0.000000, 0.000000, 1.000000, 0.049116, -0.010466, 0.998738, 0.421493, 0.139144, -0.990122, -0.017219, 0.038732, 0.989053, 0.139814, -0.047175, 0.257989, 0.000000, 0.000000, 0.000000, 1.000000, -0.996853, -0.058341, 0.053668, 0.034250, 0.050765, 0.050161, 0.997450, -0.063406, -0.060884, 0.997036, -0.047041, -0.049867, 0.000000, 0.000000, 0.000000, 1.000000
13.1399, -32.5562, -15.2127, 352.7534, 422.1164, 38.6759, 257.2445, 34.2201, -63.1723, -49.9251, -0.141099, 0.989994, -0.001941, -0.032556, -0.989967, -0.141080, 0.007815, -0.015213, 0.007463, 0.003024, 0.999968, 0.352753, 0.000000, 0.000000, 0.000000, 1.000000, 0.047787, -0.000370, 0.998857, 0.422116, 0.142536, -0.989764, -0.007186, 0.038676, 0.988635, 0.142716, -0.047246, 0.257245, 0.000000, 0.000000, 0.000000, 1.000000, -0.996938, -0.057038, 0.053495, 0.034220, 0.049923, 0.062315, 0.996807, -0.063172, -0.060189, 0.996425, -0.059276, -0.049925, 0.000000, 0.000000, 0.000000, 1.000000
13.5162, -32.4928, -14.5564, 352.8712, 422.2076, 38.6104, 256.5843, 33.7897, -63.6246, -49.9412, -0.147213, 0.989090, 0.005409, -0.032493, -0.989051, -0.147260, 0.009604, -0.014556, 0.010296, -0.003936, 0.999939, 0.352871, 0.000000, 0.000000, 0.000000, 1.000000, 0.050638, -0.007072, 0.998692, 0.422208, 0.148622, -0.988787, -0.014538, 0.038610, 0.987597, 0.149164, -0.049019, 0.256584, 0.000000, 0.000000, 0.000000, 1.000000, -0.996720, -0.057731, 0.056711, 0.033790, 0.053328, 0.058543, 0.996859, -0.063625, -0.060870, 0.996614, -0.055272, -0.049941, 0.000000, 0.000000, 0.000000, 1.000000
13.6598, -32.4309, -14.3925, 352.6867, 422.0163, 38.5499, 256.4279, 33.5319, -64.0194, -49.8883, -0.147156, 0.989109, 0.002865, -0.032431, -0.988928, -0.147184, 0.018906, -0.014393, 0.019122, -0.000051, 0.999817, 0.352687, 0.000000, 0.000000, 0.000000, 1.000000, 0.059451, -0.003193, 0.998226, 0.422016, 0.148485, -0.988842, -0.012007, 0.038550, 0.987126, 0.148935, -0.058313, 0.256428, 0.000000, 0.000000, 0.000000, 1.000000, -0.996287, -0.055237, 0.066033, 0.033532, 0.062494, 0.063520, 0.996022, -0.064019, -0.059212, 0.996451, -0.059833, -0.049888, 0.000000, 0.000000, 0.000000, 1.000000
13.9892, -32.4058, -13.1529, 353.7228, 423.0025, 38.5135, 255.1484, 33.8577, -63.5226, -50.0541, -0.154759, 0.987935, -0.005764, -0.032406, -0.987859, -0.154662, 0.014611, -0.013153, 0.013543, 0.007955, 0.999877, 0.353723, 0.000000, 0.000000, 0.000000, 1.000000, 0.053903, 0.005111, 0.998533, 0.423002, 0.156137, -0.987730, -0.003373, 0.038514, 0.986264, 0.156090, -0.054040, 0.255148, 0.000000, 0.000000, 0.000000, 1.000000, -0.996456, -0.057274, 0.061602, 0.033858, 0.057274, 0.074367, 0.995585, -0.063523, -0.061602, 0.995585, -0.070823, -0.050054, 0.000000, 0.000000, 0.000000, 1.000000
14.1410, -32.3807, -12.4020, 353.6988, 422.9486, 38.4875, 254.3990, 34.1627, -63.8037, -50.1058, -0.157246, 0.987457, 0.014191, -0.032381, -0.987559, -0.157211, -0.003547, -0.012402, -0.001271, -0.014572, 0.999893, 0.353699, 0.000000, 0.000000, 0.000000, 1.000000, 0.039112, -0.017292, 0.999085, 0.422949, 0.158759, -0.987042, -0.023299, 0.038487, 0.986542, 0.159525, -0.035860, 0.254399, 0.000000, 0.000000, 0.000000, 1.000000, -0.997230, -0.058567, 0.045843, 0.034163, 0.042739, 0.053192, 0.997669, -0.063804, -0.060869, 0.996865, -0.050542, -0.050106, 0.000000, 0.000000, 0.000000, 1.000000
14.3727, -32.3296, -12.2059, 353.9253, 423.1667, 38.4340, 254.1943, 33.6987, -63.9182, -50.0986, -0.158358, 0.987380, -0.001924, -0.032330, -0.987382, -0.158358, 0.000033, -0.012206, -0.000272, 0.001905, 0.999998, 0.353925, 0.000000, 0.000000, 0.000000, 1.000000, 0.040113, -0.000783, 0.999195, 0.423167, 0.159861, -0.987113, -0.007191, 0.038434, 0.986324, 0.160021, -0.039471, 0.254194, 0.000000, 0.000000, 0.000000, 1.000000, -0.997302, -0.055313, 0.048257, 0.033699, 0.044254, 0.071458, 0.996461, -0.063918, -0.058566, 0.995909, -0.068818, -0.050099, 0.000000, 0.000000, 0.000000, 1.000000
14.4776, -32.3164, -11.5229, 354.2582, 423.4723, 38.4167, 253.4987, 34.0892, -63.7738, -50.1810, -0.163946, 0.986389, 0.012596, -0.032316, -0.986404, -0.164069, 0.009385, -0.011523, 0.011324, -0.010886, 0.999877, 0.354258, 0.000000, 0.000000, 0.000000, 1.000000, 0.051712, -0.013330, 0.998573, 0.423472, 0.165342, -0.985997, -0.021724, 0.038417, 0.984880, 0.166229, -0.048783, 0.253499, 0.000000, 0.000000, 0.000000, 1.000000, -0.996433, -0.060077, 0.059268, 0.034089, 0.055678, 0.059773, 0.996658, -0.063774, -0.063419, 0.996403, -0.056214, -0.050181, 0.000000, 0.000000, 0.000000, 1.000000
14.6975, -32.2988, -11.0284, 354.4272, 423.6215, 38.3968, 252.9980, 33.9492, -63.9478, -50.2353, -0.164882, 0.986127, 0.019153, -0.032299, -0.986312, -0.164877, -0.001853, -0.011028, 0.001330, -0.019197, 0.999815, 0.354427, 0.000000, 0.000000, 0.000000, 1.000000, 0.041731, -0.021599, 0.998895, 0.423621, 0.166368, -0.985659, -0.028263, 0.038397, 0.985180, 0.167364, -0.037539, 0.252998, 0.000000, 0.000000, 0.000000, 1.000000, -0.997105, -0.057892, 0.049287, 0.033949, 0.046217, 0.053218, 0.997513, -0.063948, -0.060371, 0.996903, -0.050388, -0.050235, 0.000000, 0.000000, 0.000000, 1.000000
14.8692, -32.2350, -10.6061, 354.3083, 423.4855, 38.3335, 252.5808, 33.8692, -64.3326, -50.2150, -0.168161, 0.985506, 0.022337, -0.032235, -0.985711, -0.168336, 0.006140, -0.010606, 0.009811, -0.020985, 0.999732, 0.354308, 0.000000, 0.000000, 0.000000, 1.000000, 0.050211, -0.023244, 0.998468, 0.423485, 0.169570, -0.985016, -0.031458, 0.038333, 0.984238, 0.170889, -0.045517, 0.252581, 0.000000, 0.000000, 0.000000, 1.000000, -0.996585, -0.058813, 0.057954, 0.033869, 0.054861, 0.052916, 0.997091, -0.064333, -0.061709, 0.996866, -0.049509, -0.050215, 0.000000, 0.000000, 0.000000, 1.000000
15.0419, -32.2795, -10.3527, 354.9083, 424.0753, 38.3721, 252.3039, 33.6415, -64.0005, -50.3359, -0.169854, 0.985294, 0.018604, -0.032279, -0.985468, -0.169858, -0.001367, -0.010353, 0.001813, -0.018566, 0.999826, 0.354908, 0.000000, 0.000000, 0.000000, 1.000000, 0.042225, -0.020764, 0.998892, 0.424075, 0.171334, -0.984823, -0.027714, 0.038372, 0.984308, 0.172314, -0.038027, 0.252304, 0.000000, 0.000000, 0.000000, 1.000000, -0.997066, -0.057542, 0.050474, 0.033642, 0.047210, 0.056732, 0.997273, -0.064000, -0.060248, 0.996730, -0.053849, -0.050336, 0.000000, 0.000000, 0.000000, 1.000000
15.1592, -32.1915, -9.7009, 355.0409, 424.1813, 38.2820, 251.6475, 33.9628, -64.0686, -50.3349, -0.173972, 0.984697, 0.010274, -0.032192, -0.984608, -0.174114, 0.015210, -0.009701, 0.016766, -0.007470, 0.999832, 0.355041, 0.000000, 0.000000, 0.000000, 1.000000, 0.057169, -0.009505, 0.998319, 0.424181, 0.175314, -0.984321, -0.019411, 0.038282, 0.982851, 0.176129, -0.054606, 0.251648, 0.000000, 0.000000, 0.000000, 1.000000, -0.996033, -0.059455, 0.066214, 0.033963, 0.062079, 0.068894, 0.995691, -0.064069, -0.063761, 0.995851, -0.064930, -0.050335, 0.000000, 0.000000, 0.000000, 1.000000
15.3833, -32.2040, -9.4646, 355.0459, 424.1771, 38.2940, 251.4112, 33.5418, -64.3997, -50.3825, -0.175358, 0.984346, 0.017663, -0.032204, -0.984227, -0.175706, 0.020616, -0.009465, 0.023397, -0.013769, 0.999631, 0.355046, 0.000000, 0.000000, 0.000000, 1.000000, 0.063792, -0.015733, 0.997839, 0.424177, 0.176639, -0.983911, -0.026805, 0.038294, 0.982206, 0.177968, -0.059987, 0.251411, 0.000000, 0.000000, 0.000000, 1.000000, -0.995658, -0.057899, 0.072892, 0.033542, 0.069136, 0.064414, 0.995525, -0.064400, -0.062335, 0.996242, -0.060132, -0.050383, 0.000000, 0.000000, 0.000000, 1.000000
15.4896, -32.0909, -8.7883, 355.1762, 424.2796, 38.1787, 250.7304, 33.9220, -64.4548, -50.3622, -0.179359, 0.983615, 0.018203, -0.032091, -0.983558, -0.179683, 0.018086, -0.008788, 0.021060, -0.014660, 0.999671, 0.355176, 0.000000, 0.000000, 0.000000, 1.000000, 0.061467, -0.016459, 0.997973, 0.424280, 0.180660, -0.983165, -0.027342, 0.038179, 0.981623, 0.181975, -0.057459, 0.250730, 0.000000, 0.000000, 0.000000, 1.000000, -0.995674, -0.060318, 0.070672, 0.033922, 0.066763, 0.064532, 0.995680, -0.064455, -0.064618, 0.996091, -0.060226, -0.050362, 0.000000, 0.000000, 0.000000, 1.000000
15.7135, -32.0657, -8.1059, 355.8880, 424.9637, 38.1460, 250.0206, 33.9840, -64.1070, -50.4813, -0.183746, 0.982910, 0.011176, -0.032066, -0.982903, -0.183858, 0.009941, -0.008106, 0.011826, -0.009158, 0.999888, 0.355888, 0.000000, 0.000000, 0.000000, 1.000000, 0.052254, -0.010791, 0.998576, 0.424964, 0.185131, -0.982504, -0.020305, 0.038146, 0.981324, 0.185928, -0.049342, 0.250021, 0.000000, 0.000000, 0.000000, 1.000000, -0.996211, -0.060776, 0.062204, 0.033984, 0.057786, 0.071937, 0.995734, -0.064107, -0.064991, 0.995556, -0.068152, -0.050481, 0.000000, 0.000000, 0.000000, 1.000000
15.9532, -32.0711, -7.8661, 356.2309, 425.2969, 38.1479, 249.7674, 33.5378, -64.1256, -50.5516, -0.183528, 0.982912, 0.014203, -0.032071, -0.983010, -0.183550, 0.000266, -0.007866, 0.002869, -0.013913, 0.999899, 0.356231, 0.000000, 0.000000, 0.000000, 1.000000, 0.043307, -0.015553, 0.998941, 0.425297, 0.184995, -0.982463, -0.023317, 0.038148, 0.981785, 0.185808, -0.039670, 0.249767, 0.000000, 0.000000, 0.000000, 1.000000, -0.996942, -0.056978, 0.053484, 0.033538, 0.049509, 0.069034, 0.996385, -0.064126, -0.060464, 0.995986, -0.066002, -0.050552, 0.000000, 0.000000, 0.000000, 1.000000
16.0907, -31.9631, -7.1815, 356.4980, 425.5357, 38.0364, 249.0731, 33.8418, -64.0915, -50.5563, -0.188273, 0.982092, 0.006893, -0.031963, -0.982077, -0.188324, 0.007690, -0.007182, 0.008851, -0.005322, 0.999947, 0.356498, 0.000000, 0.000000, 0.000000, 1.000000, 0.049290, -0.006774, 0.998762, 0.425536, 0.189684, -0.981715, -0.016019, 0.038036, 0.980607, 0.190238, -0.047104, 0.249073, 0.000000, 0.000000, 0.000000, 1.000000, -0.996430, -0.059225, 0.060163, 0.033842, 0.055409, 0.078878, 0.995343, -0.064092, -0.063695, 0.995123, -0.075315, -0.050556, 0.000000, 0.000000, 0.000000, 1.000000
16.2796, -31.9551, -6.4498, 356.3366, 425.3456, 38.0288, 248.3483, 34.0081, -64.5681, -50.6350, -0.191557, 0.980916, 0.033304, -0.031955, -0.981477, -0.191551, -0.003403, -0.006450, 0.003042, -0.033339, 0.999439, 0.356337, 0.000000, 0.000000, 0.000000, 1.000000, 0.043492, -0.034630, 0.998453, 0.425346, 0.193019, -0.980278, -0.042408, 0.038029, 0.980231, 0.194565, -0.035950, 0.248348, 0.000000, 0.000000, 0.000000, 1.000000, -0.996725, -0.061086, 0.052996, 0.034008, 0.049810, 0.052560, 0.997375, -0.064568, -0.063711, 0.996748, -0.049345, -0.050635, 0.000000, 0.000000, 0.000000, 1.000000
16.5421, -31.8664, -5.7528, 357.0874, 426.0674, 37.9321, 247.6224, 33.9807, -64.2365, -50.7109, -0.195332, 0.980421, 0.024883, -0.031866, -0.980737, -0.195279, -0.004571, -0.005753, 0.000378, -0.025296, 0.999680, 0.357087, 0.000000, 0.000000, 0.000000, 1.000000, 0.040835, -0.026442, 0.998816, 0.426067, 0.196817, -0.979851, -0.033987, 0.037932, 0.979589, 0.197972, -0.034808, 0.247622, 0.000000, 0.000000, 0.000000, 1.000000, -0.996859, -0.060337, 0.051298, 0.033981, 0.047499, 0.062788, 0.996896, -0.064236, -0.063371, 0.996201, -0.059725, -0.050711, 0.000000, 0.000000, 0.000000, 1.000000
16.7925, -31.8047, -5.2875, 356.8869, 425.8482, 37.8715, 247.1655, 33.7061, -64.8217, -50.7037, -0.198421, 0.979370, 0.038266, -0.031805, -0.980025, -0.198784, 0.005902, -0.005288, 0.013387, -0.036330, 0.999250, 0.356887, 0.000000, 0.000000, 0.000000, 1.000000, 0.053833, -0.037320, 0.997852, 0.425848, 0.199786, -0.978693, -0.047381, 0.037872, 0.978360, 0.201908, -0.045230, 0.247165, 0.000000, 0.000000, 0.000000, 1.000000, -0.996103, -0.060635, 0.064042, 0.033706, 0.060800, 0.053886, 0.996694, -0.064822, -0.063885, 0.996704, -0.049990, -0.050704, 0.000000, 0.000000, 0.000000, 1.000000
16.9957, -31.7521, -4.9406, 357.7561, 426.7025, 37.8106, 246.7847, 33.5086, -64.2676, -50.7820, -0.200769, 0.979608, 0.007693, -0.031752, -0.979449, -0.200878, 0.018102, -0.004941, 0.019278, -0.003901, 0.999807, 0.357756, 0.000000, 0.000000, 0.000000, 1.000000, 0.059718, -0.004836, 0.998204, 0.426703, 0.202080, -0.979224, -0.016834, 0.037811, 0.977547, 0.202722, -0.057500, 0.246785, 0.000000, 0.000000, 0.000000, 1.000000, -0.995717, -0.057785, 0.072175, 0.033509, 0.066943, 0.087865, 0.993880, -0.064268, -0.063774, 0.994455, -0.083620, -0.050782, 0.000000, 0.000000, 0.000000, 1.000000
17.1326, -31.7003, -4.6581, 357.5130, 426.4480, 37.7605, 246.5120, 33.3814, -64.7198, -50.7509, -0.202649, 0.978874, 0.027198, -0.031700, -0.979111, -0.203012, 0.011309, -0.004658, 0.016591, -0.024338, 0.999566, 0.357513, 0.000000, 0.000000, 0.000000, 1.000000, 0.057037, -0.025166, 0.998055, 0.426448, 0.203984, -0.978300, -0.036325, 0.037761, 0.977311, 0.205659, -0.050666, 0.246512, 0.000000, 0.000000, 0.000000, 1.000000, -0.995905, -0.058954, 0.068533, 0.033381, 0.064444, 0.068670, 0.995556, -0.064720, -0.063398, 0.995896, -0.064590, -0.050751, 0.000000, 0.000000, 0.000000, 1.000000
17.2303, -31.6429, -4.1744, 358.1624, 427.0772, 37.6965, 246.0033, 33.6165, -64.2419, -50.8243, -0.204745, 0.978808, 0.003929, -0.031643, -0.978774, -0.204771, 0.008337, -0.004174, 0.008964, -0.002139, 0.999958, 0.358162, 0.000000, 0.000000, 0.000000, 1.000000, 0.049422, -0.002915, 0.998774, 0.427077, 0.206148, -0.978434, -0.013056, 0.037696, 0.977272, 0.206541, -0.047755, 0.246003, 0.000000, 0.000000, 0.000000, 1.000000, -0.996366, -0.057989, 0.062384, 0.033616, 0.056914, 0.091610, 0.994167, -0.064242, -0.063366, 0.994105, -0.087976, -0.050824, 0.000000, 0.000000, 0.000000, 1.000000
17.3734, -31.5589, -3.7369, 358.0890, 426.9859, 37.6124, 245.5692, 33.6382, -64.5431, -50.8021, -0.207292, 0.977979, 0.024231, -0.031559, -0.978152, -0.207600, 0.010958, -0.003737, 0.015747, -0.021430, 0.999646, 0.358089, 0.000000, 0.000000, 0.000000, 1.000000, 0.056198, -0.022071, 0.998176, 0.426986, 0.208633, -0.977425, -0.033359, 0.037612, 0.976378, 0.210127, -0.050324, 0.245569, 0.000000, 0.000000, 0.000000, 1.000000, -0.995881, -0.059708, 0.068230, 0.033638, 0.063771, 0.073649, 0.995243, -0.064543, -0.064449, 0.995495, -0.069538, -0.050802, 0.000000, 0.000000, 0.000000, 1.000000
17.5603, -31.5562, -3.2500, 357.9536, 426.8314, 37.6102, 245.0880, 33.5649, -64.9793, -50.8633, -0.210203, 0.976885, 0.038853, -0.031556, -0.977638, -0.210288, -0.001918, -0.003250, 0.006297, -0.038387, 0.999243, 0.357954, 0.000000, 0.000000, 0.000000, 1.000000, 0.046761, -0.038898, 0.998148, 0.426831, 0.211629, -0.976173, -0.047956, 0.037610, 0.976231, 0.213479, -0.037415, 0.245088, 0.000000, 0.000000, 0.000000, 1.000000, -0.996474, -0.060531, 0.058094, 0.033565, 0.054571, 0.058321, 0.996805, -0.064979, -0.063726, 0.996461, -0.054812, -0.050863, 0.000000, 0.000000, 0.000000, 1.000000
17.7382, -31.5224, -2.9510, 358.6356, 427.5007, 37.5698, 244.7624, 33.3809, -64.5750, -50.9434, -0.210352, 0.977468, 0.017548, -0.031522, -0.977626, -0.210321, -0.003610, -0.002951, 0.000162, -0.017915, 0.999839, 0.358636, 0.000000, 0.000000, 0.000000, 1.000000, 0.040632, -0.018447, 0.999004, 0.427501, 0.211833, -0.976942, -0.026656, 0.037570, 0.976461, 0.212706, -0.035788, 0.244762, 0.000000, 0.000000, 0.000000, 1.000000, -0.996961, -0.056590, 0.053533, 0.033381, 0.048913, 0.080095, 0.995586, -0.064575, -0.060628, 0.995180, -0.077084, -0.050943, 0.000000, 0.000000, 0.000000, 1.000000
17.8403, -31.4289, -2.3022, 358.9028, 427.7413, 37.4728, 244.1037, 33.7517, -64.4926, -50.9775, -0.214455, 0.976569, 0.017954, -0.031429, -0.976733, -0.214437, -0.002976, -0.002302, 0.000944, -0.018175, 0.999834, 0.358903, 0.000000, 0.000000, 0.000000, 1.000000, 0.041415, -0.018536, 0.998970, 0.427741, 0.215929, -0.976034, -0.027062, 0.037473, 0.975530, 0.216827, -0.036420, 0.244104, 0.000000, 0.000000, 0.000000, 1.000000, -0.996762, -0.059213, 0.054400, 0.033752, 0.049530, 0.080827, 0.995497, -0.064493, -0.063343, 0.994968, -0.077633, -0.050978, 0.000000, 0.000000, 0.000000, 1.000000
18.0441, -31.3940, -2.1162, 358.6196, 427.4507, 37.4402, 243.9291, 33.3274, -65.0778, -50.9499, -0.216296, 0.975821, 0.031467, -0.031394, -0.976291, -0.216455, 0.001690, -0.002116, 0.008460, -0.030355, 0.999503, 0.358620, 0.000000, 0.000000, 0.000000, 1.000000, 0.048925, -0.030620, 0.998333, 0.427451, 0.217700, -0.975172, -0.040579, 0.037440, 0.974789, 0.219322, -0.041044, 0.243929, 0.000000, 0.000000, 0.000000, 1.000000, -0.996372, -0.058808, 0.061519, 0.033327, 0.057335, 0.070368, 0.995872, -0.065078, -0.062894, 0.995786, -0.066741, -0.050950, 0.000000, 0.000000, 0.000000, 1.000000
18.1405, -31.3108, -1.4413, 359.8497, 428.6523, 37.3448, 243.2064, 33.7911, -64.0342, -51.0960, -0.219739, 0.975547, 0.004733, -0.031311, -0.975519, -0.219772, 0.007935, -0.001441, 0.008781, -0.002873, 0.999957, 0.359850, 0.000000, 0.000000, 0.000000, 1.000000, 0.049247, -0.003027, 0.998782, 0.428652, 0.221139, -0.975144, -0.013859, 0.037345, 0.973998, 0.221552, -0.047353, 0.243206, 0.000000, 0.000000, 0.000000, 1.000000, -0.996225, -0.059107, 0.063570, 0.033791, 0.057542, 0.098625, 0.993460, -0.064034, -0.064990, 0.993368, -0.094852, -0.051096, 0.000000, 0.000000, 0.000000, 1.000000
18.7923, -31.0928, -0.0387, 359.6685, 428.4140, 37.1263, 241.8125, 33.2870, -65.2339, -51.1078, -0.226061, 0.973217, 0.041771, -0.031093, -0.974099, -0.226083, -0.004265, -0.000039, 0.005293, -0.041653, 0.999118, 0.359669, 0.000000, 0.000000, 0.000000, 1.000000, 0.045762, -0.041505, 0.998090, 0.428414, 0.227490, -0.972451, -0.050870, 0.037126, 0.972704, 0.229384, -0.035059, 0.241812, 0.000000, 0.000000, 0.000000, 1.000000, -0.996598, -0.057689, 0.058868, 0.033287, 0.055069, 0.065359, 0.996341, -0.065234, -0.061325, 0.996193, -0.061960, -0.051108, 0.000000, 0.000000, 0.000000, 1.000000
18.8682, -31.0921, 0.1711, 360.1549, 428.8918, 37.1209, 241.5837, 33.2985, -64.8753, -51.1941, -0.228980, 0.972924, 0.031424, -0.031092, -0.973398, -0.229121, 0.000903, 0.000171, 0.008078, -0.030381, 0.999506, 0.360155, 0.000000, 0.000000, 0.000000, 1.000000, 0.048544, -0.030120, 0.998367, 0.428892, 0.230383, -0.972256, -0.040534, 0.037121, 0.971889, 0.231974, -0.040258, 0.241584, 0.000000, 0.000000, 0.000000, 1.000000, -0.996315, -0.058913, 0.062332, 0.033299, 0.057698, 0.077331, 0.995335, -0.064875, -0.063458, 0.995263, -0.073647, -0.051194, 0.000000, 0.000000, 0.000000, 1.000000
19.0562, -30.9823, 0.8079, 360.1880, 428.8987, 37.0098, 240.9462, 33.3942, -65.1499, -51.2011, -0.232902, 0.971724, 0.038838, -0.030982, -0.972380, -0.233315, 0.006415, 0.000808, 0.015295, -0.036271, 0.999225, 0.360188, 0.000000, 0.000000, 0.000000, 1.000000, 0.055750, -0.035829, 0.997802, 0.428899, 0.234237, -0.970996, -0.047954, 0.037010, 0.970580, 0.236395, -0.045740, 0.240946, 0.000000, 0.000000, 0.000000, 1.000000, -0.995745, -0.060646, 0.069387, 0.033394, 0.064896, 0.073127, 0.995209, -0.065150, -0.065429, 0.995477, -0.068880, -0.051201, 0.000000, 0.000000, 0.000000, 1.000000
19.2085, -30.8708, 1.5079, 360.7126, 429.3942, 36.8924, 240.2263, 33.6845, -64.8902, -51.2708, -0.236695, 0.971041, 0.032473, -0.030871, -0.971564, -0.236771, -0.001519, 0.001508, 0.006214, -0.031910, 0.999471, 0.360713, 0.000000, 0.000000, 0.000000, 1.000000, 0.046678, -0.031329, 0.998419, 0.429394, 0.238111, -0.970348, -0.041580, 0.036892, 0.970116, 0.239675, -0.037834, 0.240226, 0.000000, 0.000000, 0.000000, 1.000000, -0.996253, -0.061542, 0.060770, 0.033684, 0.055844, 0.078822, 0.995323, -0.064890, -0.066044, 0.994987, -0.075090, -0.051271, 0.000000, 0.000000, 0.000000, 1.000000
19.4486, -30.7872, 2.2724, 362.0123, 430.6619, 36.7959, 239.4113, 33.8187, -63.9966, -51.4701, -0.238844, 0.970936, 0.015364, -0.030787, -0.971038, -0.238708, -0.010175, 0.002272, -0.006212, -0.017349, 0.999830, 0.362012, 0.000000, 0.000000, 0.000000, 1.000000, 0.034262, -0.016702, 0.999273, 0.430662, 0.240373, -0.970372, -0.024461, 0.036796, 0.970076, 0.241036, -0.029232, 0.239411, 0.000000, 0.000000, 0.000000, 1.000000, -0.997030, -0.058888, 0.049634, 0.033819, 0.043881, 0.095260, 0.994485, -0.063997, -0.063291, 0.993709, -0.092393, -0.051470, 0.000000, 0.000000, 0.000000, 1.000000
19.7297, -30.6579, 2.8378, 361.4612, 430.0879, 36.6707, 238.8683, 33.5408, -64.9798, -51.3918, -0.244017, 0.968953, 0.039822, -0.030658, -0.969663, -0.244396, 0.004867, 0.002838, 0.014448, -0.037427, 0.999195, 0.361461, 0.000000, 0.000000, 0.000000, 1.000000, 0.054897, -0.036522, 0.997824, 0.430088, 0.245355, -0.968197, -0.048936, 0.036671, 0.967878, 0.247507, -0.044190, 0.238868, 0.000000, 0.000000, 0.000000, 1.000000, -0.995690, -0.061591, 0.069343, 0.033541, 0.064478, 0.077740, 0.994886, -0.064980, -0.066667, 0.995069, -0.073434, -0.051392, 0.000000, 0.000000, 0.000000, 1.000000
19.9414, -30.6211, 3.3977, 362.5829, 431.1862, 36.6229, 238.2647, 33.5393, -64.2125, -51.5892, -0.244661, 0.969460, 0.016959, -0.030621, -0.969579, -0.244479, -0.012128, 0.003398, -0.007612, -0.019411, 0.999783, 0.362583, 0.000000, 0.000000, 0.000000, 1.000000, 0.032858, -0.018521, 0.999288, 0.431186, 0.246200, -0.968869, -0.026053, 0.036623, 0.968662, 0.246881, -0.027275, 0.238265, 0.000000, 0.000000, 0.000000, 1.000000, -0.997168, -0.057239, 0.048785, 0.033539, 0.043061, 0.097299, 0.994323, -0.064212, -0.061661, 0.993608, -0.094559, -0.051589, 0.000000, 0.000000, 0.000000, 1.000000
20.1444, -30.5154, 3.7475, 362.3844, 430.9731, 36.5185, 237.9232, 33.2945, -64.7192, -51.5332, -0.248870, 0.968124, 0.028280, -0.030515, -0.968421, -0.249185, 0.008175, 0.003747, 0.014962, -0.025353, 0.999567, 0.362384, 0.000000, 0.000000, 0.000000, 1.000000, 0.055405, -0.024261, 0.998169, 0.430973, 0.250201, -0.967471, -0.037403, 0.036518, 0.966607, 0.251816, -0.047533, 0.237923, 0.000000, 0.000000, 0.000000, 1.000000, -0.995702, -0.059277, 0.071154, 0.033295, 0.065447, 0.093199, 0.993494, -0.064719, -0.065522, 0.993881, -0.088919, -0.051533, 0.000000, 0.000000, 0.000000, 1.000000
20.2936, -30.4291, 4.4564, 362.2744, 430.8344, 36.4321, 237.2193, 33.5611, -65.0907, -51.5719, -0.252310, 0.966521, 0.046649, -0.030429, -0.967622, -0.252355, -0.005021, 0.004456, 0.006919, -0.046406, 0.998899, 0.362274, 0.000000, 0.000000, 0.000000, 1.000000, 0.047369, -0.045157, 0.997856, 0.430834, 0.253713, -0.965672, -0.055744, 0.036432, 0.966119, 0.255810, -0.034286, 0.237219, 0.000000, 0.000000, 0.000000, 1.000000, -0.996174, -0.061580, 0.062006, 0.033561, 0.057426, 0.073558, 0.995636, -0.065091, -0.065872, 0.995388, -0.069740, -0.051572, 0.000000, 0.000000, 0.000000, 1.000000
20.5466, -30.2327, 5.1075, 362.6692, 431.2014, 36.2310, 236.5535, 33.5162, -65.0965, -51.5561, -0.256793, 0.965799, 0.035908, -0.030233, -0.966458, -0.256764, -0.005486, 0.005108, 0.003921, -0.036112, 0.999340, 0.362669, 0.000000, 0.000000, 0.000000, 1.000000, 0.044368, -0.034691, 0.998413, 0.431201, 0.258222, -0.965037, -0.045007, 0.036231, 0.965066, 0.259809, -0.033859, 0.236554, 0.000000, 0.000000, 0.000000, 1.000000, -0.996307, -0.061494, 0.059931, 0.033516, 0.054533, 0.085990, 0.994802, -0.065096, -0.066328, 0.994396, -0.082319, -0.051556, 0.000000, 0.000000, 0.000000, 1.000000
20.7824, -30.1260, 5.9053, 363.5004, 431.9995, 36.1155, 235.7238, 33.6725, -64.6671, -51.7116, -0.259228, 0.965265, 0.032623, -0.030126, -0.965802, -0.258890, -0.014266, 0.005905, -0.005325, -0.035205, 0.999366, 0.363500, 0.000000, 0.000000, 0.000000, 1.000000, 0.035126, -0.033697, 0.998815, 0.432000, 0.260739, -0.964508, -0.041709, 0.036116, 0.964770, 0.261895, -0.025093, 0.235724, 0.000000, 0.000000, 0.000000, 1.000000, -0.996893, -0.059944, 0.051100, 0.033672, 0.045662, 0.088822, 0.995000, -0.064667, -0.064183, 0.994242, -0.085808, -0.051712, 0.000000, 0.000000, 0.000000, 1.000000
21.0448, -30.0971, 6.1046, 363.5302, 432.0211, 36.0861, 235.5235, 33.1032, -65.0302, -51.7328, -0.259652, 0.964820, 0.041263, -0.030097, -0.965700, -0.259325, -0.013165, 0.006105, -0.002002, -0.043266, 0.999062, 0.363530, 0.000000, 0.000000, 0.000000, 1.000000, 0.038446, -0.041730, 0.998389, 0.432021, 0.261133, -0.963989, -0.050348, 0.036086, 0.964537, 0.262648, -0.026164, 0.235524, 0.000000, 0.000000, 0.000000, 1.000000, -0.996901, -0.056838, 0.054379, 0.033103, 0.049570, 0.082842, 0.995329, -0.065030, -0.061077, 0.994940, -0.079768, -0.051733, 0.000000, 0.000000, 0.000000, 1.000000
21.1416, -29.9775, 6.7253, 363.6832, 432.1485, 35.9642, 234.8975, 33.4588, -65.0567, -51.7607, -0.265132, 0.963081, 0.046698, -0.029977, -0.964171, -0.265259, -0.003576, 0.006725, 0.008943, -0.045972, 0.998903, 0.363683, 0.000000, 0.000000, 0.000000, 1.000000, 0.049371, -0.044184, 0.997803, 0.432148, 0.266511, -0.962215, -0.055795, 0.035964, 0.962566, 0.268680, -0.035730, 0.234898, 0.000000, 0.000000, 0.000000, 1.000000, -0.995978, -0.061642, 0.065027, 0.033459, 0.059930, 0.081209, 0.994894, -0.065057, -0.066608, 0.994789, -0.077188, -0.051761, 0.000000, 0.000000, 0.000000, 1.000000
21.3589, -29.9396, 6.9102, 363.4665, 431.9244, 35.9280, 234.7214, 32.9947, -65.5968, -51.7382, -0.265859, 0.961991, 0.062393, -0.029940, -0.963952, -0.266005, -0.006109, 0.006910, 0.010720, -0.061768, 0.998033, 0.363467, 0.000000, 0.000000, 0.000000, 1.000000, 0.051144, -0.059927, 0.996892, 0.431924, 0.267221, -0.960981, -0.071478, 0.035928, 0.962277, 0.270047, -0.033135, 0.234721, 0.000000, 0.000000, 0.000000, 1.000000, -0.995992, -0.060142, 0.066210, 0.032995, 0.062140, 0.067183, 0.995804, -0.065597, -0.064338, 0.995926, -0.063176, -0.051738, 0.000000, 0.000000, 0.000000, 1.000000
21.4475, -29.7810, 7.6180, 364.4098, 432.8374, 35.7597, 233.9772, 33.5135, -64.8330, -51.8483, -0.269912, 0.962262, 0.034637, -0.029781, -0.962873, -0.269917, -0.004609, 0.007618, 0.004914, -0.034595, 0.999389, 0.364410, 0.000000, 0.000000, 0.000000, 1.000000, 0.045337, -0.032624, 0.998439, 0.432837, 0.271325, -0.961493, -0.043738, 0.035760, 0.961419, 0.272885, -0.034740, 0.233977, 0.000000, 0.000000, 0.000000, 1.000000, -0.996213, -0.060911, 0.062045, 0.033514, 0.056083, 0.095134, 0.993883, -0.064833, -0.066441, 0.993599, -0.091358, -0.051848, 0.000000, 0.000000, 0.000000, 1.000000
21.7070, -29.6465, 8.2875, 364.3115, 432.7116, 35.6251, 233.3124, 33.4257, -65.3474, -51.8493, -0.274486, 0.959809, 0.058511, -0.029646, -0.961522, -0.274688, -0.004722, 0.008288, 0.011540, -0.057555, 0.998276, 0.364311, 0.000000, 0.000000, 0.000000, 1.000000, 0.051946, -0.055356, 0.997115, 0.432712, 0.275837, -0.958824, -0.067600, 0.035625, 0.959800, 0.278552, -0.034538, 0.233312, 0.000000, 0.000000, 0.000000, 1.000000, -0.995707, -0.063402, 0.067439, 0.033426, 0.062662, 0.074532, 0.995248, -0.065347, -0.068127, 0.995201, -0.070239, -0.051849, 0.000000, 0.000000, 0.000000, 1.000000
21.9737, -29.4977, 8.9340, 364.4702, 432.8434, 35.4739, 232.6604, 33.3118, -65.6150, -51.8663, -0.276787, 0.959362, 0.054902, -0.029498, -0.960918, -0.276633, -0.010525, 0.008934, 0.005090, -0.055670, 0.998436, 0.364470, 0.000000, 0.000000, 0.000000, 1.000000, 0.045498, -0.053391, 0.997537, 0.432843, 0.278195, -0.958391, -0.063984, 0.035474, 0.959446, 0.280421, -0.028752, 0.232660, 0.000000, 0.000000, 0.000000, 1.000000, -0.996233, -0.061123, 0.061514, 0.033312, 0.056635, 0.078573, 0.995298, -0.065615, -0.065669, 0.995033, -0.074815, -0.051866, 0.000000, 0.000000, 0.000000, 1.000000
22.2261, -29.4032, 9.6432, 365.1112, 433.4550, 35.3725, 231.9266, 33.3173, -65.3973, -52.0150, -0.281140, 0.957941, 0.057531, -0.029403, -0.959642, -0.281058, -0.009666, 0.009643, 0.006910, -0.057927, 0.998297, 0.365111, 0.000000, 0.000000, 0.000000, 1.000000, 0.047306, -0.055459, 0.997340, 0.433455, 0.282529, -0.956943, -0.066613, 0.035372, 0.958091, 0.284929, -0.029600, 0.231927, 0.000000, 0.000000, 0.000000, 1.000000, -0.996064, -0.061944, 0.063404, 0.033317, 0.058467, 0.078508, 0.995198, -0.065397, -0.066625, 0.994987, -0.074577, -0.052015, 0.000000, 0.000000, 0.000000, 1.000000
22.4693, -29.3240, 9.8803, 365.4108, 433.7443, 35.2901, 231.6780, 32.8674, -65.4644, -52.0336, -0.282467, 0.957972, 0.050022, -0.029324, -0.959251, -0.282459, -0.007377, 0.009880, 0.007062, -0.050068, 0.998721, 0.365411, 0.000000, 0.000000, 0.000000, 1.000000, 0.047454, -0.047551, 0.997741, 0.433744, 0.283855, -0.957043, -0.059112, 0.035290, 0.957692, 0.286019, -0.031918, 0.231678, 0.000000, 0.000000, 0.000000, 1.000000, -0.996178, -0.059032, 0.064384, 0.032867, 0.059034, 0.088284, 0.994345, -0.065464, -0.064382, 0.994345, -0.084461, -0.052034, 0.000000, 0.000000, 0.000000, 1.000000
22.5600, -29.2146, 10.6265, 365.6659, 433.9688, 35.1773, 230.9226, 33.3648, -65.3973, -52.1274, -0.285631, 0.956584, 0.057988, -0.029215, -0.958210, -0.284071, -0.033728, 0.010627, -0.015791, -0.065198, 0.997747, 0.365666, 0.000000, 0.000000, 0.000000, 1.000000, 0.024607, -0.062593, 0.997736, 0.433969, 0.287225, -0.955515, -0.067028, 0.035177, 0.957547, 0.288224, -0.005534, 0.230923, 0.000000, 0.000000, 0.000000, 1.000000, -0.997343, -0.060412, 0.040716, 0.033365, 0.036204, 0.073999, 0.996601, -0.065397, -0.063220, 0.995427, -0.071615, -0.052127, 0.000000, 0.000000, 0.000000, 1.000000
22.8259, -29.0030, 11.1932, 365.9359, 434.2143, 34.9624, 230.3461, 33.1960, -65.5406, -52.0908, -0.291437, 0.955204, 0.051483, -0.029003, -0.956579, -0.291267, -0.010939, 0.011193, 0.004546, -0.052436, 0.998614, 0.365936, 0.000000, 0.000000, 0.000000, 1.000000, 0.044916, -0.049545, 0.997761, 0.434214, 0.292843, -0.954240, -0.060567, 0.034962, 0.955105, 0.294908, -0.028352, 0.230346, 0.000000, 0.000000, 0.000000, 1.000000, -0.996107, -0.062798, 0.061871, 0.033196, 0.056147, 0.089147, 0.994435, -0.065541, -0.067964, 0.994037, -0.085274, -0.052091, 0.000000, 0.000000, 0.000000, 1.000000
23.0397, -28.9853, 11.3950, 365.9314, 434.2016, 34.9444, 230.1446, 32.7649, -65.8710, -52.1211, -0.291816, 0.954675, 0.058636, -0.028985, -0.956438, -0.291789, -0.009216, 0.011395, 0.008311, -0.058771, 0.998237, 0.365931, 0.000000, 0.000000, 0.000000, 1.000000, 0.048675, -0.055850, 0.997252, 0.434202, 0.293188, -0.953654, -0.067718, 0.034944, 0.954815, 0.295678, -0.030045, 0.230145, 0.000000, 0.000000, 0.000000, 1.000000, -0.996014, -0.060474, 0.065572, 0.032765, 0.060347, 0.084516, 0.994593, -0.065871, -0.065689, 0.994585, -0.080530, -0.052121, 0.000000, 0.000000, 0.000000, 1.000000
23.1453, -28.8173, 12.1322, 366.3661, 434.6054, 34.7713, 229.3912, 33.2351, -65.6411, -52.1889, -0.294088, 0.953682, 0.063266, -0.028817, -0.955768, -0.293745, -0.014856, 0.012132, 0.004417, -0.064837, 0.997886, 0.366366, 0.000000, 0.000000, 0.000000, 1.000000, 0.044779, -0.061824, 0.997082, 0.434605, 0.295494, -0.952602, -0.072337, 0.034771, 0.954295, 0.297871, -0.024388, 0.229391, 0.000000, 0.000000, 0.000000, 1.000000, -0.996229, -0.061330, 0.061367, 0.033235, 0.056419, 0.079393, 0.995246, -0.065641, -0.065910, 0.994955, -0.075634, -0.052189, 0.000000, 0.000000, 0.000000, 1.000000
23.3493, -28.7089, 12.3997, 367.1340, 435.3611, 34.6555, 229.0938, 32.9649, -65.1895, -52.2576, -0.295324, 0.954621, 0.038495, -0.028709, -0.955287, -0.294437, -0.027099, 0.012400, -0.014535, -0.044777, 0.998891, 0.367134, 0.000000, 0.000000, 0.000000, 1.000000, 0.025835, -0.041762, 0.998793, 0.435361, 0.296902, -0.953723, -0.047557, 0.034655, 0.954558, 0.297772, -0.012240, 0.229094, 0.000000, 0.000000, 0.000000, 1.000000, -0.997385, -0.057366, 0.043964, 0.032965, 0.038015, 0.100965, 0.994163, -0.065189, -0.061470, 0.993235, -0.098520, -0.052258, 0.000000, 0.000000, 0.000000, 1.000000
23.4450, -28.6239, 12.7579, 366.6364, 434.8491, 34.5745, 228.7557, 33.0194, -65.8425, -52.1893, -0.298294, 0.952524, 0.060983, -0.028624, -0.954465, -0.297959, -0.014726, 0.012758, 0.004144, -0.062599, 0.998030, 0.366636, 0.000000, 0.000000, 0.000000, 1.000000, 0.044493, -0.059411, 0.997242, 0.434849, 0.299701, -0.951458, -0.070055, 0.034574, 0.952995, 0.301991, -0.024528, 0.228756, 0.000000, 0.000000, 0.000000, 1.000000, -0.996249, -0.060877, 0.061496, 0.033019, 0.056267, 0.084164, 0.994862, -0.065843, -0.065740, 0.994591, -0.080423, -0.052189, 0.000000, 0.000000, 0.000000, 1.000000
23.6350, -28.5328, 13.2483, 367.2859, 435.4779, 34.4767, 228.2403, 32.9953, -65.5109, -52.3120, -0.301294, 0.951715, 0.058832, -0.028533, -0.953530, -0.300611, -0.020341, 0.013248, -0.001673, -0.062226, 0.998061, 0.367286, 0.000000, 0.000000, 0.000000, 1.000000, 0.038671, -0.058927, 0.997513, 0.435478, 0.302752, -0.950648, -0.067895, 0.034477, 0.952284, 0.304625, -0.018922, 0.228240, 0.000000, 0.000000, 0.000000, 1.000000, -0.996594, -0.060654, 0.055871, 0.032995, 0.050539, 0.086144, 0.995000, -0.065511, -0.065164, 0.994435, -0.082785, -0.052312, 0.000000, 0.000000, 0.000000, 1.000000
23.7831, -28.4863, 13.4689, 367.3514, 435.5342, 34.4293, 228.0173, 32.7868, -65.6759, -52.3306, -0.301507, 0.951507, 0.061063, -0.028486, -0.953460, -0.300710, -0.022058, 0.013469, -0.002626, -0.064872, 0.997890, 0.367351, 0.000000, 0.000000, 0.000000, 1.000000, 0.037718, -0.061565, 0.997390, 0.435534, 0.302973, -0.950416, -0.070123, 0.034429, 0.952252, 0.304828, -0.017195, 0.228017, 0.000000, 0.000000, 0.000000, 1.000000, -0.996762, -0.058651, 0.055011, 0.032787, 0.049941, 0.084655, 0.995158, -0.065676, -0.063024, 0.994683, -0.081452, -0.052331, 0.000000, 0.000000, 0.000000, 1.000000
23.8756, -28.3394, 14.0776, 367.4626, 435.6199, 34.2804, 227.4049, 33.1450, -65.7398, -52.3517, -0.305903, 0.949810, 0.065450, -0.028339, -0.952040, -0.305644, -0.014191, 0.014078, 0.006526, -0.066652, 0.997755, 0.367463, 0.000000, 0.000000, 0.000000, 1.000000, 0.046846, -0.063134, 0.996905, 0.435620, 0.307284, -0.948696, -0.074520, 0.034280, 0.950464, 0.309824, -0.025043, 0.227405, 0.000000, 0.000000, 0.000000, 1.000000, -0.995999, -0.062507, 0.063870, 0.033145, 0.058527, 0.083865, 0.994757, -0.065740, -0.067536, 0.994515, -0.079872, -0.052352, 0.000000, 0.000000, 0.000000, 1.000000
24.1654, -28.2144, 14.6248, 368.0186, 436.1528, 34.1496, 226.8365, 32.8830, -65.6478, -52.4492, -0.307589, 0.949702, 0.058780, -0.028214, -0.951477, -0.306408, -0.028365, 0.014625, -0.008928, -0.064653, 0.997868, 0.368019, 0.000000, 0.000000, 0.000000, 1.000000, 0.031398, -0.061104, 0.997637, 0.436153, 0.309110, -0.948604, -0.067830, 0.034150, 0.950508, 0.310509, -0.010896, 0.226837, 0.000000, 0.000000, 0.000000, 1.000000, -0.997076, -0.058627, 0.049012, 0.032883, 0.043735, 0.088132, 0.995148, -0.065648, -0.062662, 0.994382, -0.085310, -0.052449, 0.000000, 0.000000, 0.000000, 1.000000
24.3020, -28.0905, 15.0040, 367.6014, 435.7199, 34.0289, 226.4743, 32.8511, -66.2784, -52.3617, -0.310699, 0.947610, 0.074173, -0.028090, -0.950388, -0.310954, -0.008379, 0.015004, 0.015124, -0.073096, 0.997210, 0.367601, 0.000000, 0.000000, 0.000000, 1.000000, 0.055415, -0.069343, 0.996053, 0.435720, 0.311998, -0.946429, -0.083246, 0.034029, 0.948465, 0.315380, -0.030812, 0.226474, 0.000000, 0.000000, 0.000000, 1.000000, -0.995449, -0.061934, 0.072423, 0.032851, 0.067308, 0.081023, 0.994437, -0.066278, -0.067458, 0.994786, -0.076486, -0.052362, 0.000000, 0.000000, 0.000000, 1.000000
24.4710, -28.0359, 15.2213, 368.0256, 436.1346, 33.9701, 226.2405, 32.6018, -66.1187, -52.4275, -0.311473, 0.947601, 0.070971, -0.028036, -0.950233, -0.311103, -0.016491, 0.015221, 0.006453, -0.072575, 0.997342, 0.368026, 0.000000, 0.000000, 0.000000, 1.000000, 0.046752, -0.068817, 0.996533, 0.436135, 0.312852, -0.946424, -0.080034, 0.033970, 0.948651, 0.315509, -0.022718, 0.226241, 0.000000, 0.000000, 0.000000, 1.000000, -0.996174, -0.059412, 0.064085, 0.032602, 0.059055, 0.082853, 0.994810, -0.066119, -0.064413, 0.994789, -0.079027, -0.052427, 0.000000, 0.000000, 0.000000, 1.000000
24.5659, -27.8505, 15.9872, 368.9087, 436.9851, 33.7755, 225.4407, 33.1618, -65.4366, -52.5748, -0.314986, 0.947882, 0.048000, -0.027850, -0.949002, -0.313840, -0.029997, 0.015987, -0.013370, -0.055001, 0.998397, 0.368909, 0.000000, 0.000000, 0.000000, 1.000000, 0.026929, -0.051152, 0.998328, 0.436985, 0.316543, -0.946861, -0.057053, 0.033775, 0.948196, 0.317551, -0.009307, 0.225441, 0.000000, 0.000000, 0.000000, 1.000000, -0.997204, -0.059408, 0.045340, 0.033162, 0.039168, 0.101226, 0.994092, -0.065437, -0.063646, 0.993088, -0.098616, -0.052575, 0.000000, 0.000000, 0.000000, 1.000000
24.7904, -27.7112, 16.6574, 369.1284, 437.1768, 33.6331, 224.7626, 33.1935, -65.5942, -52.6464, -0.318968, 0.945453, 0.066166, -0.027711, -0.947693, -0.317300, -0.034627, 0.016657, -0.011743, -0.073750, 0.997208, 0.369128, 0.000000, 0.000000, 0.000000, 1.000000, 0.028538, -0.069726, 0.997158, 0.437177, 0.320508, -0.944256, -0.075200, 0.033633, 0.946816, 0.321743, -0.004600, 0.224763, 0.000000, 0.000000, 0.000000, 1.000000, -0.997079, -0.061031, 0.045926, 0.033194, 0.040686, 0.084487, 0.995594, -0.065594, -0.064642, 0.994554, -0.081757, -0.052646, 0.000000, 0.000000, 0.000000, 1.000000
25.0292, -27.5834, 17.0150, 369.0983, 437.1316, 33.5051, 224.4067, 32.8630, -65.9894, -52.6133, -0.321310, 0.944337, 0.070628, -0.027583, -0.946951, -0.319891, -0.030867, 0.017015, -0.006556, -0.076799, 0.997025, 0.369098, 0.000000, 0.000000, 0.000000, 1.000000, 0.033714, -0.072660, 0.996787, 0.437132, 0.322802, -0.943108, -0.079665, 0.033505, 0.945866, 0.324450, -0.008341, 0.224407, 0.000000, 0.000000, 0.000000, 1.000000, -0.996871, -0.060281, 0.051137, 0.032863, 0.046019, 0.083433, 0.995450, -0.065989, -0.064273, 0.994689, -0.080398, -0.052613, 0.000000, 0.000000, 0.000000, 1.000000
25.1979, -27.4731, 17.4559, 369.4473, 437.4618, 33.3909, 223.9527, 32.8393, -65.9201, -52.6770, -0.324667, 0.943221, 0.070186, -0.027473, -0.945826, -0.323597, -0.026430, 0.017456, -0.002217, -0.074965, 0.997184, 0.369447, 0.000000, 0.000000, 0.000000, 1.000000, 0.038035, -0.070672, 0.996774, 0.437462, 0.326117, -0.942003, -0.079232, 0.033391, 0.944564, 0.328078, -0.012782, 0.223953, 0.000000, 0.000000, 0.000000, 1.000000, -0.996564, -0.061397, 0.055590, 0.032839, 0.050155, 0.086765, 0.994965, -0.065920, -0.065911, 0.994335, -0.083387, -0.052677, 0.000000, 0.000000, 0.000000, 1.000000
25.3969, -27.2905, 18.2402, 369.9542, 437.9358, 33.2026, 223.1494, 33.0845, -65.7650, -52.7883, -0.326892, 0.942322, 0.071902, -0.027291, -0.945025, -0.325265, -0.033610, 0.018240, -0.008284, -0.078936, 0.996845, 0.369954, 0.000000, 0.000000, 0.000000, 1.000000, 0.031961, -0.074566, 0.996704, 0.437936, 0.328396, -0.941066, -0.080934, 0.033203, 0.943999, 0.329901, -0.005590, 0.223149, 0.000000, 0.000000, 0.000000, 1.000000, -0.996948, -0.060384, 0.049484, 0.033084, 0.044295, 0.084434, 0.995444, -0.065765, -0.064287, 0.994598, -0.081502, -0.052788, 0.000000, 0.000000, 0.000000, 1.000000
25.6401, -27.1050, 18.7329, 370.2152, 438.1755, 33.0140, 222.6471, 32.9044, -65.8868, -52.7853, -0.332307, 0.940432, 0.071825, -0.027105, -0.943157, -0.331753, -0.019858, 0.018733, 0.005153, -0.074342, 0.997220, 0.370215, 0.000000, 0.000000, 0.000000, 1.000000, 0.045363, -0.069702, 0.996536, 0.438175, 0.333685, -0.939208, -0.080882, 0.033014, 0.941592, 0.336198, -0.019346, 0.222647, 0.000000, 0.000000, 0.000000, 1.000000, -0.996014, -0.063044, 0.063099, 0.032904, 0.057207, 0.091245, 0.994184, -0.065887, -0.068435, 0.993831, -0.087275, -0.052785, 0.000000, 0.000000, 0.000000, 1.000000
25.8686, -26.8954, 19.4248, 370.5525, 438.4833, 32.8002, 221.9428, 32.9706, -65.9297, -52.8264, -0.335895, 0.938426, 0.080817, -0.026895, -0.941896, -0.334865, -0.026385, 0.019425, 0.002302, -0.084983, 0.996380, 0.370553, 0.000000, 0.000000, 0.000000, 1.000000, 0.042497, -0.080194, 0.995873, 0.438483, 0.337298, -0.937100, -0.089855, 0.032800, 0.940438, 0.339724, -0.012775, 0.221943, 0.000000, 0.000000, 0.000000, 1.000000, -0.996184, -0.063685, 0.059686, 0.032971, 0.054342, 0.082574, 0.995102, -0.065930, -0.068302, 0.994548, -0.078798, -0.052826, 0.000000, 0.000000, 0.000000, 1.000000
26.1351, -26.6601, 20.0867, 370.7310, 438.6334, 32.5623, 221.2749, 32.8919, -66.1784, -52.8125, -0.339251, 0.936956, 0.083798, -0.026660, -0.940696, -0.337953, -0.029662, 0.020087, 0.000528, -0.088892, 0.996041, 0.370731, 0.000000, 0.000000, 0.000000, 1.000000, 0.040708, -0.083964, 0.995637, 0.438633, 0.340668, -0.935590, -0.092828, 0.032562, 0.939302, 0.342961, -0.009482, 0.221275, 0.000000, 0.000000, 0.000000, 1.000000, -0.996326, -0.063142, 0.057858, 0.032892, 0.052673, 0.080903, 0.995329, -0.066178, -0.067528, 0.994720, -0.077280, -0.052813, 0.000000, 0.000000, 0.000000, 1.000000
26.3926, -26.5228, 20.7004, 370.6320, 438.5090, 32.4250, 220.6658, 32.7492, -66.6959, -52.8340, -0.342667, 0.935113, 0.090243, -0.026523, -0.939456, -0.341237, -0.031313, 0.020700, 0.001513, -0.095509, 0.995427, 0.370632, 0.000000, 0.000000, 0.000000, 1.000000, 0.041674, -0.090430, 0.995031, 0.438509, 0.344072, -0.933681, -0.099265, 0.032425, 0.938018, 0.346499, -0.007796, 0.220666, 0.000000, 0.000000, 0.000000, 1.000000, -0.996281, -0.063208, 0.058552, 0.032749, 0.053662, 0.076467, 0.995627, -0.066696, -0.067409, 0.995067, -0.072791, -0.052834, 0.000000, 0.000000, 0.000000, 1.000000
26.9522, -26.0692, 22.0648, 371.3677, 439.1862, 31.9625, 219.2742, 32.5716, -66.8681, -52.9086, -0.350131, 0.932034, 0.093388, -0.026069, -0.936693, -0.347970, -0.039041, 0.022065, -0.003891, -0.101145, 0.994864, 0.371368, 0.000000, 0.000000, 0.000000, 1.000000, 0.036232, -0.095767, 0.994744, 0.439186, 0.351582, -0.930541, -0.102392, 0.031963, 0.935456, 0.353444, -0.000046, 0.219274, 0.000000, 0.000000, 0.000000, 1.000000, -0.996652, -0.062165, 0.053114, 0.032572, 0.048366, 0.075531, 0.995970, -0.066868, -0.065926, 0.995204, -0.072271, -0.052909, 0.000000, 0.000000, 0.000000, 1.000000
27.1158, -25.9462, 22.5860, 372.7474, 440.5431, 31.8262, 218.6993, 32.7065, -65.7896, -53.1791, -0.351327, 0.933272, 0.074652, -0.025946, -0.936165, -0.349083, -0.041672, 0.022586, -0.012832, -0.084527, 0.996339, 0.372747, 0.000000, 0.000000, 0.000000, 1.000000, 0.027289, -0.079130, 0.996491, 0.440543, 0.352858, -0.931929, -0.083666, 0.031826, 0.935279, 0.353903, 0.002490, 0.218699, 0.000000, 0.000000, 0.000000, 1.000000, -0.997209, -0.059257, 0.045419, 0.032706, 0.039759, 0.093431, 0.994832, -0.065790, -0.063194, 0.993861, -0.090814, -0.053179, 0.000000, 0.000000, 0.000000, 1.000000
27.2968, -25.8072, 22.9821, 372.7507, 440.5295, 31.6866, 218.3037, 32.5878, -66.0735, -53.1626, -0.354658, 0.931915, 0.075837, -0.025807, -0.934968, -0.352849, -0.036503, 0.022982, -0.007258, -0.083851, 0.996452, 0.372751, 0.000000, 0.000000, 0.000000, 1.000000, 0.032841, -0.078294, 0.996389, 0.440530, 0.356136, -0.930573, -0.084861, 0.031687, 0.933857, 0.357637, -0.002677, 0.218304, 0.000000, 0.000000, 0.000000, 1.000000, -0.996872, -0.060377, 0.050999, 0.032588, 0.045076, 0.095709, 0.994388, -0.066074, -0.064919, 0.993577, -0.092688, -0.053163, 0.000000, 0.000000, 0.000000, 1.000000
27.4621, -25.7449, 23.1705, 372.4487, 440.2197, 31.6267, 218.1274, 32.2762, -66.6226, -53.1048, -0.356811, 0.930240, 0.085668, -0.025745, -0.934165, -0.354848, -0.037657, 0.023171, -0.004631, -0.093465, 0.995612, 0.372449, 0.000000, 0.000000, 0.000000, 1.000000, 0.035454, -0.087806, 0.995506, 0.440220, 0.358263, -0.928807, -0.094682, 0.031627, 0.932947, 0.360010, -0.001472, 0.218127, 0.000000, 0.000000, 0.000000, 1.000000, -0.996736, -0.060809, 0.053094, 0.032276, 0.047664, 0.087513, 0.995022, -0.066623, -0.065153, 0.994306, -0.084329, -0.053105, 0.000000, 0.000000, 0.000000, 1.000000
27.5533, -25.4948, 23.9423, 373.6327, 441.3701, 31.3647, 217.3100, 32.8906, -65.6419, -53.3027, -0.358216, 0.930754, 0.073330, -0.025495, -0.933419, -0.355321, -0.049768, 0.023942, -0.020266, -0.086275, 0.996065, 0.373633, 0.000000, 0.000000, 0.000000, 1.000000, 0.019815, -0.080608, 0.996549, 0.441370, 0.359810, -0.929386, -0.082330, 0.031365, 0.932815, 0.360200, 0.010588, 0.217310, 0.000000, 0.000000, 0.000000, 1.000000, -0.997521, -0.059225, 0.037999, 0.032891, 0.032236, 0.095406, 0.994916, -0.065642, -0.062549, 0.993675, -0.093261, -0.053303, 0.000000, 0.000000, 0.000000, 1.000000
27.8270, -25.4596, 24.1213, 373.3986, 441.1288, 31.3314, 217.1405, 32.2441, -66.2853, -53.2811, -0.360357, 0.929329, 0.080565, -0.025460, -0.932773, -0.358181, -0.040512, 0.024121, -0.008792, -0.089748, 0.995926, 0.373399, 0.000000, 0.000000, 0.000000, 1.000000, 0.031273, -0.083952, 0.995979, 0.441129, 0.361846, -0.927924, -0.089578, 0.031331, 0.931713, 0.363192, 0.001359, 0.217140, 0.000000, 0.000000, 0.000000, 1.000000, -0.997073, -0.058322, 0.049436, 0.032244, 0.043802, 0.094213, 0.994588, -0.066285, -0.062664, 0.993842, -0.091383, -0.053281, 0.000000, 0.000000, 0.000000, 1.000000
27.9331, -25.2700, 24.7189, 373.2018, 440.9068, 31.1426, 216.5515, 32.5415, -66.6732, -53.2434, -0.365329, 0.926354, 0.091669, -0.025270, -0.930783, -0.362108, -0.050197, 0.024719, -0.013306, -0.103662, 0.994524, 0.373202, 0.000000, 0.000000, 0.000000, 1.000000, 0.026729, -0.097674, 0.994859, 0.440907, 0.366855, -0.924817, -0.100653, 0.031143, 0.929894, 0.367660, 0.011113, 0.216551, 0.000000, 0.000000, 0.000000, 1.000000, -0.997103, -0.062191, 0.043789, 0.032541, 0.038662, 0.081373, 0.995934, -0.066673, -0.065502, 0.994742, -0.078732, -0.053243, 0.000000, 0.000000, 0.000000, 1.000000
28.1476, -25.1675, 25.0138, 374.0302, 441.7220, 31.0322, 216.2243, 32.2683, -66.1908, -53.3848, -0.364689, 0.927581, 0.081208, -0.025168, -0.931002, -0.361810, -0.048254, 0.025014, -0.015378, -0.093202, 0.995528, 0.374030, 0.000000, 0.000000, 0.000000, 1.000000, 0.024662, -0.087245, 0.995882, 0.441722, 0.366235, -0.926140, -0.090205, 0.031032, 0.930196, 0.366951, 0.009111, 0.216224, 0.000000, 0.000000, 0.000000, 1.000000, -0.997427, -0.057514, 0.042794, 0.032268, 0.037299, 0.093443, 0.994926, -0.066191, -0.061221, 0.993962, -0.091058, -0.053385, 0.000000, 0.000000, 0.000000, 1.000000
28.2444, -24.9517, 25.5311, 373.4871, 441.1570, 30.8206, 215.7292, 32.5041, -66.8917, -53.2377, -0.369894, 0.923267, 0.103710, -0.024952, -0.929073, -0.367759, -0.039714, 0.025531, 0.001473, -0.111044, 0.993814, 0.373487, 0.000000, 0.000000, 0.000000, 1.000000, 0.041471, -0.104799, 0.993628, 0.441157, 0.371283, -0.921654, -0.112703, 0.030821, 0.927593, 0.373591, 0.000688, 0.215729, 0.000000, 0.000000, 0.000000, 1.000000, -0.996254, -0.064124, 0.058023, 0.032504, 0.053049, 0.076714, 0.995641, -0.066892, -0.068296, 0.994989, -0.073025, -0.053238, 0.000000, 0.000000, 0.000000, 1.000000
28.6615, -24.6904, 26.2307, 373.9915, 441.6310, 30.5536, 215.0108, 32.0422, -67.0452, -53.2947, -0.372930, 0.922431, 0.100220, -0.024690, -0.927854, -0.370380, -0.043644, 0.026231, -0.003139, -0.109266, 0.994008, 0.373992, 0.000000, 0.000000, 0.000000, 1.000000, 0.036841, -0.102910, 0.994008, 0.441631, 0.374359, -0.920831, -0.109209, 0.030554, 0.926552, 0.376139, 0.004601, 0.215011, 0.000000, 0.000000, 0.000000, 1.000000, -0.996723, -0.060254, 0.053970, 0.032042, 0.048952, 0.081854, 0.995441, -0.067045, -0.064397, 0.994821, -0.078636, -0.053295, 0.000000, 0.000000, 0.000000, 1.000000
28.7785, -24.4817, 26.7739, 374.4397, 442.0555, 30.3399, 214.4507, 32.3026, -66.8085, -53.3489, -0.377884, 0.921089, 0.093801, -0.024482, -0.925852, -0.375778, -0.039863, 0.026774, -0.001469, -0.101909, 0.994793, 0.374440, 0.000000, 0.000000, 0.000000, 1.000000, 0.038476, -0.095335, 0.994701, 0.442055, 0.379294, -0.919547, -0.102804, 0.030340, 0.924476, 0.381240, 0.000780, 0.214451, 0.000000, 0.000000, 0.000000, 1.000000, -0.996425, -0.063491, 0.055732, 0.032303, 0.049873, 0.090402, 0.994656, -0.066808, -0.068190, 0.993880, -0.086912, -0.053349, 0.000000, 0.000000, 0.000000, 1.000000
28.9628, -24.2924, 27.4574, 375.0010, 442.5877, 30.1445, 213.7459, 32.4974, -66.5786, -53.4880, -0.380755, 0.919234, 0.100169, -0.024292, -0.924676, -0.378607, -0.040394, 0.027457, 0.000793, -0.108005, 0.994150, 0.375001, 0.000000, 0.000000, 0.000000, 1.000000, 0.040716, -0.101297, 0.994023, 0.442588, 0.382143, -0.917633, -0.109165, 0.030144, 0.923206, 0.384303, 0.001348, 0.213746, 0.000000, 0.000000, 0.000000, 1.000000, -0.996271, -0.064273, 0.057565, 0.032497, 0.051947, 0.085895, 0.994949, -0.066579, -0.068893, 0.994229, -0.082236, -0.053488, 0.000000, 0.000000, 0.000000, 1.000000
29.2117, -24.2022, 27.9327, 375.1993, 442.7663, 30.0518, 213.2634, 32.2466, -66.7905, -53.5884, -0.382538, 0.918774, 0.097571, -0.024202, -0.923916, -0.379630, -0.047541, 0.027933, -0.006638, -0.108333, 0.994092, 0.375199, 0.000000, 0.000000, 0.000000, 1.000000, 0.033276, -0.101581, 0.994271, 0.442766, 0.383992, -0.917167, -0.106555, 0.030052, 0.922737, 0.385338, 0.008486, 0.213263, 0.000000, 0.000000, 0.000000, 1.000000, -0.996832, -0.061524, 0.050411, 0.032247, 0.044923, 0.087543, 0.995147, -0.066790, -0.065639, 0.994259, -0.084502, -0.053588, 0.000000, 0.000000, 0.000000, 1.000000
29.4003, -23.9456, 28.4599, 375.7025, 443.2459, 29.7898, 212.7172, 32.2991, -66.5955, -53.6109, -0.384677, 0.918744, 0.089064, -0.023946, -0.923030, -0.382227, -0.043790, 0.028460, -0.006189, -0.099054, 0.995063, 0.375703, 0.000000, 0.000000, 0.000000, 1.000000, 0.033710, -0.092207, 0.995169, 0.443246, 0.386126, -0.917219, -0.098064, 0.029790, 0.921830, 0.387567, 0.004684, 0.212717, 0.000000, 0.000000, 0.000000, 1.000000, -0.996843, -0.060445, 0.051487, 0.032299, 0.045379, 0.098396, 0.994112, -0.066596, -0.065155, 0.993310, -0.095343, -0.053611, 0.000000, 0.000000, 0.000000, 1.000000
29.6737, -23.7845, 29.0622, 375.7477, 443.2659, 29.6273, 212.1139, 32.1077, -66.9983, -53.6589, -0.388482, 0.915301, 0.106327, -0.023784, -0.921454, -0.385636, -0.046974, 0.029062, -0.001992, -0.116224, 0.993221, 0.375748, 0.000000, 0.000000, 0.000000, 1.000000, 0.037876, -0.109197, 0.993298, 0.443266, 0.389890, -0.913614, -0.115304, 0.029627, 0.920082, 0.391644, 0.007971, 0.212114, 0.000000, 0.000000, 0.000000, 1.000000, -0.996604, -0.061619, 0.054613, 0.032108, 0.049374, 0.083558, 0.995279, -0.066998, -0.065892, 0.994596, -0.080232, -0.053659, 0.000000, 0.000000, 0.000000, 1.000000
29.7856, -23.5571, 29.5835, 376.4391, 443.9341, 29.3928, 211.5662, 32.3854, -66.5123, -53.7493, -0.389079, 0.916459, 0.093382, -0.023557, -0.921049, -0.385147, -0.057714, 0.029584, -0.016927, -0.108465, 0.993956, 0.376439, 0.000000, 0.000000, 0.000000, 1.000000, 0.022943, -0.101474, 0.994574, 0.443934, 0.390622, -0.914843, -0.102350, 0.029393, 0.920265, 0.390851, 0.018649, 0.211566, 0.000000, 0.000000, 0.000000, 1.000000, -0.997468, -0.058532, 0.040387, 0.032385, 0.034886, 0.092140, 0.995135, -0.066512, -0.061968, 0.994024, -0.089865, -0.053749, 0.000000, 0.000000, 0.000000, 1.000000
29.9537, -23.4038, 29.8331, 376.1277, 443.6117, 29.2420, 211.3293, 32.1507, -67.0685, -53.6251, -0.393371, 0.913514, 0.103691, -0.023404, -0.919380, -0.390945, -0.043628, 0.029833, 0.000683, -0.112493, 0.993652, 0.376128, 0.000000, 0.000000, 0.000000, 1.000000, 0.040511, -0.105244, 0.993621, 0.443612, 0.394751, -0.911853, -0.112677, 0.029242, 0.917894, 0.396798, 0.004605, 0.211329, 0.000000, 0.000000, 0.000000, 1.000000, -0.996388, -0.062601, 0.057374, 0.032151, 0.051635, 0.089738, 0.994626, -0.067069, -0.067413, 0.993996, -0.086181, -0.053625, 0.000000, 0.000000, 0.000000, 1.000000
30.0051, -23.3360, 29.9392, 376.4027, 443.8817, 29.1716, 211.2126, 32.1379, -66.8765, -53.6506, -0.393501, 0.914088, 0.097984, -0.023336, -0.919304, -0.390544, -0.048534, 0.029939, -0.006097, -0.109176, 0.994004, 0.376403, 0.000000, 0.000000, 0.000000, 1.000000, 0.033734, -0.101950, 0.994217, 0.443882, 0.394943, -0.912457, -0.106966, 0.029172, 0.918086, 0.396267, 0.009483, 0.211213, 0.000000, 0.000000, 0.000000, 1.000000, -0.996836, -0.061017, 0.050933, 0.032138, 0.045100, 0.093423, 0.994605, -0.066876, -0.065446, 0.993755, -0.090375, -0.053651, 0.000000, 0.000000, 0.000000, 1.000000
