# Joint_A_Angle(deg), Cam_X(mm), Cam_Y(mm), Cam_Z(mm), Torso_X(mm), Torso_Y(mm), Torso_Z(mm), EE_X(mm), EE_Y(mm), EE_Z(mm), T_cam2marker_flat(16), T_torso2marker_flat(16), T_ee2marker_flat(16)
0.0000, 46.6901, 23.2233, 374.4102, 441.5222, -40.8231, 218.1338, 14.2264, 57.8029, -66.6581, -0.409787, -0.907545, -0.091855, 0.046690, 0.912142, -0.406755, -0.050462, 0.023223, 0.008434, -0.104463, 0.994493, 0.374410, 0.000000, 0.000000, 0.000000, 1.000000, -0.023849, -0.080120, 0.996500, 0.441522, 0.408300, 0.909079, 0.082863, -0.040823, -0.912536, 0.408847, 0.011032, 0.218134, 0.000000, 0.000000, 0.000000, 1.000000, 0.997745, -0.039266, 0.054439, 0.014226, 0.052546, -0.047746, -0.997476, 0.057803, 0.041766, 0.998087, -0.045575, -0.066658, 0.000000, 0.000000, 0.000000, 1.000000
0.1303, 46.9236, 22.8792, 374.8077, 441.9309, -41.0597, 218.4624, 14.2582, 57.2043, -66.8315, -0.406241, -0.910135, -0.081375, 0.046924, 0.913517, -0.402435, -0.059442, 0.022879, 0.021352, -0.098485, 0.994909, 0.374808, 0.000000, 0.000000, 0.000000, 1.000000, -0.011028, -0.074293, 0.997175, 0.441931, 0.404635, 0.911609, 0.072393, -0.041060, -0.914412, 0.404290, 0.020008, 0.218462, 0.000000, 0.000000, 0.000000, 1.000000, 0.998466, -0.035956, 0.042102, 0.014258, 0.040186, -0.052452, -0.997815, 0.057204, 0.038086, 0.997976, -0.050927, -0.066831, 0.000000, 0.000000, 0.000000, 1.000000
0.3442, 47.0017, 22.3797, 373.7446, 440.8876, -41.1274, 219.0036, 14.3673, 57.8919, -66.6071, -0.405704, -0.909616, -0.089461, 0.047002, 0.913927, -0.402452, -0.052619, 0.022380, 0.011859, -0.103109, 0.994599, 0.373745, 0.000000, 0.000000, 0.000000, 1.000000, -0.020534, -0.078918, 0.996670, 0.440888, 0.404184, 0.911131, 0.080472, -0.041127, -0.914447, 0.404490, 0.013188, 0.219004, 0.000000, 0.000000, 0.000000, 1.000000, 0.997892, -0.039850, 0.051220, 0.014367, 0.049364, -0.046236, -0.997710, 0.057892, 0.042127, 0.998135, -0.044172, -0.066607, 0.000000, 0.000000, 0.000000, 1.000000
0.5471, 47.2511, 22.0125, 374.1501, 441.3051, -41.3798, 219.3550, 14.5993, 57.1812, -66.8042, -0.401937, -0.912221, -0.079372, 0.047251, 0.915482, -0.398599, -0.054881, 0.022013, 0.018426, -0.094722, 0.995333, 0.374150, 0.000000, 0.000000, 0.000000, 1.000000, -0.014068, -0.070666, 0.997401, 0.441305, 0.400355, 0.913654, 0.070379, -0.041380, -0.916252, 0.400304, 0.015438, 0.219355, 0.000000, 0.000000, 0.000000, 1.000000, 0.998255, -0.037957, 0.045233, 0.014599, 0.043197, -0.052844, -0.997668, 0.057181, 0.040259, 0.997881, -0.051112, -0.066804, 0.000000, 0.000000, 0.000000, 1.000000
0.6877, 47.4493, 21.2797, 373.7886, 440.9709, -41.5736, 220.1019, 14.2644, 57.2697, -66.6993, -0.399000, -0.913822, -0.075684, 0.047449, 0.916836, -0.396286, -0.048663, 0.021280, 0.014477, -0.088806, 0.995944, 0.373789, 0.000000, 0.000000, 0.000000, 1.000000, -0.018094, -0.064832, 0.997732, 0.440971, 0.397452, 0.915197, 0.066677, -0.041574, -0.917445, 0.397757, 0.009208, 0.220102, 0.000000, 0.000000, 0.000000, 1.000000, 0.998084, -0.037045, 0.049559, 0.014264, 0.047380, -0.057544, -0.997218, 0.057270, 0.039794, 0.997655, -0.055679, -0.066699, 0.000000, 0.000000, 0.000000, 1.000000
0.9413, 47.6909, 20.6712, 373.2564, 440.4609, -41.8094, 220.7313, 14.3718, 57.3821, -66.6820, -0.394960, -0.915686, -0.074330, 0.047691, 0.918467, -0.391754, -0.054282, 0.020671, 0.020586, -0.089709, 0.995755, 0.373256, 0.000000, 0.000000, 0.000000, 1.000000, -0.012091, -0.065896, 0.997753, 0.440461, 0.393354, 0.917063, 0.065333, -0.041809, -0.919308, 0.393260, 0.014832, 0.220731, 0.000000, 0.000000, 0.000000, 1.000000, 0.998391, -0.036224, 0.043622, 0.014372, 0.041614, -0.054443, -0.997649, 0.057382, 0.038514, 0.997860, -0.052848, -0.066682, 0.000000, 0.000000, 0.000000, 1.000000
1.1687, 47.7399, 20.4022, 372.7303, 439.9455, -41.8532, 221.0209, 14.7841, 57.5438, -66.6020, -0.394942, -0.915151, -0.080746, 0.047740, 0.918651, -0.392429, -0.045600, 0.020402, 0.010044, -0.092187, 0.995691, 0.372730, 0.000000, 0.000000, 0.000000, 1.000000, -0.022631, -0.068350, 0.997405, 0.439946, 0.393431, 0.916551, 0.071736, -0.041853, -0.919076, 0.394034, 0.006148, 0.221021, 0.000000, 0.000000, 0.000000, 1.000000, 0.997717, -0.040804, 0.053813, 0.014784, 0.051738, -0.050316, -0.997392, 0.057544, 0.043406, 0.997899, -0.048090, -0.066602, 0.000000, 0.000000, 0.000000, 1.000000
1.2849, 48.0100, 19.8983, 373.2011, 440.4333, -42.1269, 221.5064, 14.6137, 56.8817, -66.7644, -0.388500, -0.919157, -0.064949, 0.048010, 0.921122, -0.385522, -0.053913, 0.019898, 0.024515, -0.080772, 0.996431, 0.373201, 0.000000, 0.000000, 0.000000, 1.000000, -0.008328, -0.057180, 0.998329, 0.440433, 0.386854, 0.920442, 0.055946, -0.042127, -0.922103, 0.386674, 0.014455, 0.221506, 0.000000, 0.000000, 0.000000, 1.000000, 0.998607, -0.034002, 0.040339, 0.014614, 0.038236, -0.060375, -0.997443, 0.056882, 0.036350, 0.997597, -0.058991, -0.066764, 0.000000, 0.000000, 0.000000, 1.000000
1.5233, 48.2499, 19.1806, 372.4987, 439.7576, -42.3593, 222.2517, 14.5620, 57.1730, -66.6881, -0.385278, -0.920218, -0.068998, 0.048250, 0.922685, -0.382967, -0.044591, 0.019181, 0.014610, -0.080844, 0.996620, 0.372499, 0.000000, 0.000000, 0.000000, 1.000000, -0.018316, -0.057344, 0.998186, 0.439758, 0.383720, 0.921500, 0.059979, -0.042359, -0.923268, 0.384122, 0.005126, 0.222252, 0.000000, 0.000000, 0.000000, 1.000000, 0.998120, -0.035015, 0.050299, 0.014562, 0.048202, -0.058355, -0.997132, 0.057173, 0.037849, 0.997682, -0.056557, -0.066688, 0.000000, 0.000000, 0.000000, 1.000000
1.7887, 48.3926, 18.4115, 371.1173, 438.4064, -42.4882, 223.0750, 14.5329, 58.0804, -66.4211, -0.383223, -0.919534, -0.087166, 0.048393, 0.923636, -0.380894, -0.042611, 0.018411, 0.005982, -0.096840, 0.995282, 0.371117, 0.000000, 0.000000, 0.000000, 1.000000, -0.026993, -0.073414, 0.996936, 0.438406, 0.381742, 0.920959, 0.078156, -0.042488, -0.923875, 0.382682, 0.003166, 0.223075, 0.000000, 0.000000, 0.000000, 1.000000, 0.997557, -0.038593, 0.058232, 0.014533, 0.056676, -0.040258, -0.997581, 0.058080, 0.040844, 0.998444, -0.037972, -0.066421, 0.000000, 0.000000, 0.000000, 1.000000
2.0215, 48.6958, 17.9225, 371.7002, 439.0053, -42.7959, 223.5412, 14.7399, 57.1416, -66.6591, -0.379137, -0.922738, -0.069345, 0.048696, 0.925163, -0.376531, -0.047935, 0.017922, 0.018121, -0.082330, 0.996440, 0.371700, 0.000000, 0.000000, 0.000000, 1.000000, -0.014961, -0.059059, 0.998142, 0.439005, 0.377544, 0.924024, 0.060333, -0.042796, -0.925871, 0.377745, 0.008473, 0.223541, 0.000000, 0.000000, 0.000000, 1.000000, 0.998249, -0.036089, 0.046865, 0.014740, 0.044929, -0.052713, -0.997599, 0.057142, 0.038473, 0.997957, -0.050999, -0.066659, 0.000000, 0.000000, 0.000000, 1.000000
2.2819, 48.8689, 17.1899, 370.7483, 438.0816, -42.9593, 224.3111, 14.7472, 57.6417, -66.4999, -0.376254, -0.923275, -0.077435, 0.048869, 0.926454, -0.373943, -0.043000, 0.017190, 0.010744, -0.087919, 0.996070, 0.370748, 0.000000, 0.000000, 0.000000, 1.000000, -0.022409, -0.064742, 0.997650, 0.438082, 0.374726, 0.924608, 0.068419, -0.042959, -0.926865, 0.375379, 0.003541, 0.224311, 0.000000, 0.000000, 0.000000, 1.000000, 0.997818, -0.037975, 0.054012, 0.014747, 0.052288, -0.045015, -0.997617, 0.057642, 0.040316, 0.998264, -0.042931, -0.066500, 0.000000, 0.000000, 0.000000, 1.000000
2.5410, 49.2326, 16.7146, 371.9864, 439.3341, -43.3335, 224.7379, 15.0750, 56.0231, -66.8900, -0.370671, -0.927801, -0.042284, 0.049233, 0.928228, -0.368527, -0.050790, 0.016715, 0.031540, -0.058076, 0.997814, 0.371986, 0.000000, 0.000000, 0.000000, 1.000000, -0.001750, -0.035095, 0.999382, 0.439334, 0.368951, 0.928853, 0.033265, -0.043333, -0.929447, 0.368781, 0.011323, 0.224738, 0.000000, 0.000000, 0.000000, 1.000000, 0.998843, -0.033420, 0.034581, 0.015075, 0.032087, -0.072467, -0.996855, 0.056023, 0.035821, 0.996811, -0.071311, -0.066890, 0.000000, 0.000000, 0.000000, 1.000000
2.8073, 49.3337, 15.8579, 370.5076, 437.8894, -43.4198, 225.6524, 14.9732, 57.0156, -66.5624, -0.369042, -0.927557, -0.058711, 0.049334, 0.929339, -0.367480, -0.035882, 0.015858, 0.011708, -0.067804, 0.997630, 0.370508, 0.000000, 0.000000, 0.000000, 1.000000, -0.021625, -0.044859, 0.998759, 0.437889, 0.367501, 0.928696, 0.049669, -0.043420, -0.929772, 0.368119, -0.003597, 0.225652, 0.000000, 0.000000, 0.000000, 1.000000, 0.997843, -0.037398, 0.053943, 0.014973, 0.051612, -0.060716, -0.996820, 0.057016, 0.040554, 0.997454, -0.058655, -0.066562, 0.000000, 0.000000, 0.000000, 1.000000
3.0272, 49.4172, 15.7259, 370.5341, 437.9203, -43.5033, 225.7834, 15.5191, 56.6603, -66.6412, -0.366875, -0.928450, -0.058170, 0.049417, 0.930126, -0.364997, -0.040537, 0.015726, 0.016404, -0.068977, 0.997483, 0.370534, 0.000000, 0.000000, 0.000000, 1.000000, -0.016983, -0.046121, 0.998791, 0.437920, 0.365290, 0.929596, 0.049138, -0.043503, -0.930739, 0.365683, 0.001060, 0.225783, 0.000000, 0.000000, 0.000000, 1.000000, 0.998052, -0.038351, 0.049203, 0.015519, 0.046945, -0.057724, -0.997228, 0.056660, 0.041085, 0.997596, -0.055812, -0.066641, 0.000000, 0.000000, 0.000000, 1.000000
3.1171, 49.5788, 15.0027, 369.2703, 436.6847, -43.6523, 226.5561, 14.9826, 57.7191, -66.4198, -0.364072, -0.928845, -0.068550, 0.049579, 0.931322, -0.362311, -0.037009, 0.015003, 0.009540, -0.077316, 0.996961, 0.369270, 0.000000, 0.000000, 0.000000, 1.000000, -0.023915, -0.054556, 0.998224, 0.436685, 0.362548, 0.930063, 0.059516, -0.043652, -0.931658, 0.363327, -0.002463, 0.226556, 0.000000, 0.000000, 0.000000, 1.000000, 0.997727, -0.037692, 0.055857, 0.014983, 0.054002, -0.048549, -0.997360, 0.057719, 0.040305, 0.998109, -0.046403, -0.066420, 0.000000, 0.000000, 0.000000, 1.000000
3.3938, 49.8133, 14.6237, 369.9571, 437.3838, -43.8925, 226.9083, 15.4627, 56.6177, -66.6515, -0.360507, -0.930897, -0.058871, 0.049813, 0.932582, -0.358500, -0.042054, 0.014624, 0.018043, -0.070063, 0.997379, 0.369957, 0.000000, 0.000000, 0.000000, 1.000000, -0.015500, -0.047440, 0.998754, 0.437384, 0.358903, 0.932043, 0.049841, -0.043892, -0.933246, 0.359229, 0.002579, 0.226908, 0.000000, 0.000000, 0.000000, 1.000000, 0.998166, -0.037302, 0.047686, 0.015463, 0.045658, -0.053459, -0.997526, 0.056618, 0.039759, 0.997873, -0.051657, -0.066651, 0.000000, 0.000000, 0.000000, 1.000000
3.5237, 49.9064, 14.1050, 369.1732, 436.6202, -43.9776, 227.4576, 15.2958, 57.1596, -66.5036, -0.358406, -0.931082, -0.068058, 0.049906, 0.933513, -0.356651, -0.036799, 0.014105, 0.009990, -0.076722, 0.997002, 0.369173, 0.000000, 0.000000, 0.000000, 1.000000, -0.023603, -0.054165, 0.998253, 0.436620, 0.356874, 0.932286, 0.059024, -0.043978, -0.933854, 0.357644, -0.002674, 0.227458, 0.000000, 0.000000, 0.000000, 1.000000, 0.997735, -0.038003, 0.055501, 0.015296, 0.053747, -0.045718, -0.997507, 0.057160, 0.040446, 0.998231, -0.043571, -0.066504, 0.000000, 0.000000, 0.000000, 1.000000
3.7042, 49.9940, 13.9579, 369.1150, 436.5670, -44.0645, 227.6071, 15.6894, 56.9481, -66.5649, -0.358187, -0.931416, -0.064543, 0.049994, 0.933575, -0.356427, -0.037377, 0.013958, 0.011809, -0.073643, 0.997215, 0.369115, 0.000000, 0.000000, 0.000000, 1.000000, -0.021789, -0.051095, 0.998456, 0.436567, 0.356639, 0.932592, 0.055507, -0.044064, -0.933988, 0.357298, -0.002098, 0.227607, 0.000000, 0.000000, 0.000000, 1.000000, 0.997746, -0.040321, 0.053639, 0.015689, 0.051711, -0.047429, -0.997535, 0.056948, 0.042766, 0.998060, -0.045237, -0.066565, 0.000000, 0.000000, 0.000000, 1.000000
3.7945, 50.2040, 13.3864, 369.2773, 436.7497, -44.2751, 228.1721, 15.3771, 56.6159, -66.6186, -0.354307, -0.933832, -0.049228, 0.050204, 0.934961, -0.352755, -0.037563, 0.013386, 0.017712, -0.059335, 0.998081, 0.369277, 0.000000, 0.000000, 0.000000, 1.000000, -0.015981, -0.036921, 0.999190, 0.436750, 0.352703, 0.934872, 0.040186, -0.044275, -0.935599, 0.353060, -0.001918, 0.228172, 0.000000, 0.000000, 0.000000, 1.000000, 0.998155, -0.036523, 0.048505, 0.015377, 0.046229, -0.060774, -0.997080, 0.056616, 0.039364, 0.997483, -0.058973, -0.066619, 0.000000, 0.000000, 0.000000, 1.000000
4.0491, 50.2768, 13.1731, 369.1977, 436.6780, -44.3468, 228.3885, 15.9424, 56.3100, -66.6553, -0.352366, -0.934204, -0.055686, 0.050277, 0.935612, -0.350272, -0.044046, 0.013173, 0.021643, -0.067621, 0.997476, 0.369198, 0.000000, 0.000000, 0.000000, 1.000000, -0.012096, -0.045295, 0.998900, 0.436678, 0.350726, 0.935315, 0.046658, -0.044347, -0.936400, 0.350905, 0.004572, 0.228389, 0.000000, 0.000000, 0.000000, 1.000000, 0.998276, -0.038639, 0.044185, 0.015942, 0.042213, -0.050451, -0.997834, 0.056310, 0.040784, 0.997979, -0.048733, -0.066655, 0.000000, 0.000000, 0.000000, 1.000000
4.1539, 50.4343, 12.5078, 368.3269, 435.8328, -44.4954, 229.0879, 15.5321, 56.9671, -66.5168, -0.348709, -0.935565, -0.055861, 0.050434, 0.936997, -0.346670, -0.043091, 0.012508, 0.020949, -0.067368, 0.997508, 0.368327, 0.000000, 0.000000, 0.000000, 1.000000, -0.012878, -0.045172, 0.998896, 0.435833, 0.347073, 0.936668, 0.046833, -0.044495, -0.937750, 0.347293, 0.003616, 0.229088, 0.000000, 0.000000, 0.000000, 1.000000, 0.998320, -0.036440, 0.045048, 0.015532, 0.043213, -0.049674, -0.997830, 0.056967, 0.038599, 0.998100, -0.048016, -0.066517, 0.000000, 0.000000, 0.000000, 1.000000
4.3911, 50.5068, 12.3160, 368.3009, 435.8137, -44.5673, 229.2807, 16.0683, 56.6341, -66.5626, -0.348167, -0.935723, -0.056591, 0.050507, 0.937230, -0.346202, -0.041761, 0.012316, 0.019485, -0.067578, 0.997524, 0.368301, 0.000000, 0.000000, 0.000000, 1.000000, -0.014354, -0.045399, 0.998866, 0.435814, 0.346544, 0.936827, 0.047560, -0.044567, -0.937924, 0.346834, 0.002285, 0.229281, 0.000000, 0.000000, 0.000000, 1.000000, 0.998138, -0.039700, 0.046311, 0.016068, 0.044403, -0.047664, -0.997876, 0.056634, 0.041823, 0.998074, -0.045813, -0.066563, 0.000000, 0.000000, 0.000000, 1.000000
4.5512, 50.6280, 11.5426, 367.2529, 434.7959, -44.6778, 230.0951, 15.7254, 57.3737, -66.3534, -0.344742, -0.936598, -0.062751, 0.050628, 0.938617, -0.343066, -0.036116, 0.011543, 0.012298, -0.071349, 0.997376, 0.367253, 0.000000, 0.000000, 0.000000, 1.000000, -0.021621, -0.049283, 0.998551, 0.434796, 0.343182, 0.937732, 0.053712, -0.044678, -0.939020, 0.343846, -0.003362, 0.230095, 0.000000, 0.000000, 0.000000, 1.000000, 0.997801, -0.039235, 0.053414, 0.015725, 0.051741, -0.042492, -0.997756, 0.057374, 0.041417, 0.998326, -0.040369, -0.066353, 0.000000, 0.000000, 0.000000, 1.000000
4.7061, 50.7889, 11.4955, 368.3577, 435.9002, -44.8487, 230.0989, 16.1908, 56.0621, -66.6396, -0.341367, -0.938938, -0.043172, 0.050789, 0.939519, -0.339499, -0.045212, 0.011496, 0.027795, -0.055995, 0.998044, 0.368358, 0.000000, 0.000000, 0.000000, 1.000000, -0.006204, -0.034061, 0.999400, 0.435900, 0.339665, 0.939927, 0.034142, -0.044849, -0.940526, 0.339673, 0.005738, 0.230099, 0.000000, 0.000000, 0.000000, 1.000000, 0.998586, -0.036522, 0.038618, 0.016191, 0.036522, -0.056408, -0.997740, 0.056062, 0.038618, 0.997740, -0.054994, -0.066640, 0.000000, 0.000000, 0.000000, 1.000000
4.8000, 50.9388, 10.6793, 367.0310, 434.6054, -44.9852, 230.9671, 15.5747, 57.1727, -66.4082, -0.338988, -0.939117, -0.056089, 0.050939, 0.940674, -0.337405, -0.035920, 0.010679, 0.014808, -0.064938, 0.997779, 0.367031, 0.000000, 0.000000, 0.000000, 1.000000, -0.019247, -0.043077, 0.998886, 0.434605, 0.337403, 0.940184, 0.047047, -0.044985, -0.941164, 0.337932, -0.003561, 0.230967, 0.000000, 0.000000, 0.000000, 1.000000, 0.998013, -0.036573, 0.051309, 0.015575, 0.049583, -0.046649, -0.997680, 0.057173, 0.038881, 0.998242, -0.044743, -0.066408, 0.000000, 0.000000, 0.000000, 1.000000
5.0211, 51.0207, 10.5490, 367.3710, 434.9496, -45.0700, 231.0840, 16.1396, 56.5088, -66.5217, -0.337419, -0.939988, -0.050706, 0.051021, 0.941159, -0.335762, -0.038512, 0.010549, 0.019176, -0.060717, 0.997971, 0.367371, 0.000000, 0.000000, 0.000000, 1.000000, -0.014915, -0.038917, 0.999131, 0.434950, 0.335793, 0.941014, 0.041666, -0.045070, -0.941818, 0.336122, -0.000968, 0.231084, 0.000000, 0.000000, 0.000000, 1.000000, 0.998174, -0.037944, 0.046999, 0.016140, 0.045114, -0.049101, -0.997774, 0.056509, 0.040167, 0.998073, -0.047300, -0.066522, 0.000000, 0.000000, 0.000000, 1.000000
5.1270, 51.2949, 9.8482, 367.3173, 434.9210, -45.3427, 231.7869, 15.7178, 56.3625, -66.5875, -0.334795, -0.941207, -0.045182, 0.051295, 0.942083, -0.333327, -0.037057, 0.009848, 0.019818, -0.054972, 0.998291, 0.367317, 0.000000, 0.000000, 0.000000, 1.000000, -0.014334, -0.033261, 0.999344, 0.434921, 0.333162, 0.942177, 0.036137, -0.045343, -0.942761, 0.333461, -0.002424, 0.231787, 0.000000, 0.000000, 0.000000, 1.000000, 0.998244, -0.036539, 0.046635, 0.015718, 0.044630, -0.053874, -0.997550, 0.056362, 0.038962, 0.997879, -0.052149, -0.066588, 0.000000, 0.000000, 0.000000, 1.000000
5.3548, 51.3527, 9.4216, 367.1004, 434.7206, -45.3978, 232.2218, 15.9922, 56.2090, -66.5311, -0.331961, -0.942407, -0.040875, 0.051353, 0.943159, -0.330871, -0.031236, 0.009422, 0.015913, -0.048921, 0.998676, 0.367100, 0.000000, 0.000000, 0.000000, 1.000000, -0.018304, -0.027301, 0.999460, 0.434721, 0.330362, 0.943318, 0.031818, -0.045398, -0.943677, 0.330766, -0.008248, 0.232222, 0.000000, 0.000000, 0.000000, 1.000000, 0.998026, -0.037020, 0.050723, 0.015992, 0.048524, -0.058039, -0.997134, 0.056209, 0.039858, 0.997628, -0.056128, -0.066531, 0.000000, 0.000000, 0.000000, 1.000000
5.5212, 51.5392, 9.0732, 367.2547, 434.8869, -45.5852, 232.5642, 16.1359, 55.7954, -66.6505, -0.329291, -0.943566, -0.035374, 0.051539, 0.943986, -0.328126, -0.034970, 0.009073, 0.021389, -0.044908, 0.998762, 0.367255, 0.000000, 0.000000, 0.000000, 1.000000, -0.012889, -0.023389, 0.999643, 0.434887, 0.327641, 0.944436, 0.026322, -0.045585, -0.944714, 0.327863, -0.004510, 0.232564, 0.000000, 0.000000, 0.000000, 1.000000, 0.998305, -0.036414, 0.045397, 0.016136, 0.043137, -0.060611, -0.997229, 0.055795, 0.039065, 0.997497, -0.058937, -0.066650, 0.000000, 0.000000, 0.000000, 1.000000
5.7009, 51.5837, 8.5102, 366.3344, 433.9891, -45.6205, 233.1632, 16.0843, 56.3970, -66.4666, -0.326974, -0.944278, -0.037778, 0.051584, 0.944978, -0.326263, -0.023842, 0.008510, 0.010188, -0.043495, 0.999002, 0.366334, 0.000000, 0.000000, 0.000000, 1.000000, -0.024141, -0.022045, 0.999465, 0.433989, 0.325425, 0.945132, 0.028707, -0.045620, -0.945260, 0.325944, -0.015642, 0.233163, 0.000000, 0.000000, 0.000000, 1.000000, 0.997706, -0.037166, 0.056587, 0.016084, 0.054273, -0.060550, -0.996689, 0.056397, 0.040469, 0.997473, -0.058394, -0.066467, 0.000000, 0.000000, 0.000000, 1.000000
5.8578, 51.6632, 8.1463, 366.3128, 433.9812, -45.6992, 233.5278, 16.2040, 56.1617, -66.4620, -0.324718, -0.945156, -0.035178, 0.051663, 0.945651, -0.323756, -0.030436, 0.008146, 0.017378, -0.043149, 0.998917, 0.366313, 0.000000, 0.000000, 0.000000, 1.000000, -0.017004, -0.021790, 0.999618, 0.433981, 0.323103, 0.946003, 0.026118, -0.045699, -0.946211, 0.323423, -0.009045, 0.233528, 0.000000, 0.000000, 0.000000, 1.000000, 0.998094, -0.036969, 0.049410, 0.016204, 0.047156, -0.059557, -0.997110, 0.056162, 0.039805, 0.997540, -0.057701, -0.066462, 0.000000, 0.000000, 0.000000, 1.000000
6.0225, 51.7555, 7.9225, 366.2790, 433.9554, -45.7909, 233.7529, 16.4756, 55.9421, -66.5095, -0.323058, -0.945688, -0.036166, 0.051756, 0.946176, -0.321962, -0.033038, 0.007922, 0.019599, -0.044893, 0.998800, 0.366279, 0.000000, 0.000000, 0.000000, 1.000000, -0.014821, -0.023598, 0.999612, 0.433955, 0.321422, 0.946548, 0.027111, -0.045791, -0.946820, 0.321699, -0.006443, 0.233753, 0.000000, 0.000000, 0.000000, 1.000000, 0.998175, -0.037821, 0.047070, 0.016476, 0.044893, -0.056473, -0.997394, 0.055942, 0.040380, 0.997688, -0.054672, -0.066509, 0.000000, 0.000000, 0.000000, 1.000000
6.1110, 51.8802, 7.2149, 364.9602, 432.6645, -45.9024, 234.5122, 15.9502, 57.0661, -66.3148, -0.320771, -0.945811, -0.050471, 0.051880, 0.947103, -0.319730, -0.027722, 0.007215, 0.010082, -0.056694, 0.998341, 0.364960, 0.000000, 0.000000, 0.000000, 1.000000, -0.024387, -0.035477, 0.999073, 0.432665, 0.319220, 0.946775, 0.041412, -0.045902, -0.947367, 0.319934, -0.011764, 0.234512, 0.000000, 0.000000, 0.000000, 1.000000, 0.997704, -0.037855, 0.056149, 0.015950, 0.054474, -0.043898, -0.997550, 0.057066, 0.040227, 0.998319, -0.041735, -0.066315, 0.000000, 0.000000, 0.000000, 1.000000
6.4058, 52.0596, 6.5110, 364.5389, 432.2697, -46.0769, 235.2325, 16.1175, 57.0049, -66.3001, -0.316479, -0.947304, -0.049551, 0.052060, 0.948564, -0.315585, -0.025152, 0.006511, 0.008189, -0.054962, 0.998455, 0.364539, 0.000000, 0.000000, 0.000000, 1.000000, -0.026375, -0.033897, 0.999077, 0.432270, 0.314943, 0.948247, 0.040487, -0.046077, -0.948744, 0.315720, -0.014335, 0.235232, 0.000000, 0.000000, 0.000000, 1.000000, 0.997591, -0.037995, 0.058040, 0.016118, 0.056390, -0.043148, -0.997476, 0.057005, 0.040404, 0.998346, -0.040902, -0.066300, 0.000000, 0.000000, 0.000000, 1.000000
6.6225, 52.2077, 6.0916, 364.6508, 432.3967, -46.2254, 235.6475, 16.3601, 56.5508, -66.3730, -0.313731, -0.948315, -0.047669, 0.052208, 0.949471, -0.312857, -0.025000, 0.006092, 0.008794, -0.053103, 0.998550, 0.364651, 0.000000, 0.000000, 0.000000, 1.000000, -0.025831, -0.032137, 0.999150, 0.432397, 0.312188, 0.949236, 0.038603, -0.046225, -0.949669, 0.312919, -0.014487, 0.235647, 0.000000, 0.000000, 0.000000, 1.000000, 0.997611, -0.038389, 0.057436, 0.016360, 0.055768, -0.043203, -0.997509, 0.056551, 0.040775, 0.998328, -0.040959, -0.066373, 0.000000, 0.000000, 0.000000, 1.000000
6.7772, 52.3893, 5.6930, 365.3174, 433.0768, -46.4125, 236.0198, 16.4556, 55.6398, -66.5231, -0.310541, -0.950173, -0.027108, 0.052389, 0.950339, -0.309728, -0.030396, 0.005693, 0.020485, -0.035201, 0.999170, 0.365317, 0.000000, 0.000000, 0.000000, 1.000000, -0.014213, -0.014356, 0.999796, 0.433077, 0.308891, 0.950926, 0.018046, -0.046412, -0.950991, 0.309084, -0.009081, 0.236020, 0.000000, 0.000000, 0.000000, 1.000000, 0.998268, -0.036093, 0.046446, 0.016456, 0.044241, -0.059678, -0.997237, 0.055640, 0.038766, 0.997565, -0.057978, -0.066523, 0.000000, 0.000000, 0.000000, 1.000000
6.9529, 52.3433, 5.3856, 364.0633, 431.8363, -46.3545, 236.3763, 16.6367, 56.5988, -66.3089, -0.311712, -0.949378, -0.038936, 0.052343, 0.950162, -0.311221, -0.018253, 0.005386, 0.005211, -0.042685, 0.999075, 0.364063, 0.000000, 0.000000, 0.000000, 1.000000, -0.029457, -0.021783, 0.999329, 0.431836, 0.310201, 0.950202, 0.029856, -0.046355, -0.950214, 0.310873, -0.021233, 0.236376, 0.000000, 0.000000, 0.000000, 1.000000, 0.997283, -0.041025, 0.061191, 0.016637, 0.059072, -0.051011, -0.996950, 0.056599, 0.044021, 0.997855, -0.048449, -0.066309, 0.000000, 0.000000, 0.000000, 1.000000
7.0367, 52.4933, 4.7581, 364.3322, 432.1285, -46.5060, 236.9930, 16.2732, 56.1639, -66.3226, -0.306210, -0.951592, -0.026608, 0.052493, 0.951839, -0.305596, -0.024786, 0.004758, 0.015454, -0.032916, 0.999339, 0.364332, 0.000000, 0.000000, 0.000000, 1.000000, -0.019338, -0.012224, 0.999738, 0.432128, 0.304603, 0.952318, 0.017536, -0.046506, -0.952283, 0.304862, -0.014692, 0.236993, 0.000000, 0.000000, 0.000000, 1.000000, 0.998036, -0.035679, 0.051494, 0.016273, 0.049305, -0.059739, -0.996996, 0.056164, 0.038648, 0.997576, -0.057862, -0.066323, 0.000000, 0.000000, 0.000000, 1.000000
7.4115, 52.6666, 4.0916, 363.4547, 431.2763, -46.6703, 237.6939, 16.6962, 56.4443, -66.2944, -0.303656, -0.951848, -0.042181, 0.052667, 0.952750, -0.302984, -0.021657, 0.004092, 0.007834, -0.046765, 0.998875, 0.363455, 0.000000, 0.000000, 0.000000, 1.000000, -0.027011, -0.026161, 0.999293, 0.431276, 0.302117, 0.952696, 0.033108, -0.046670, -0.952888, 0.302798, -0.017830, 0.237694, 0.000000, 0.000000, 0.000000, 1.000000, 0.997498, -0.039955, 0.058326, 0.016696, 0.056603, -0.042971, -0.997472, 0.056444, 0.042360, 0.998277, -0.040602, -0.066294, 0.000000, 0.000000, 0.000000, 1.000000
7.5129, 52.7265, 3.8894, 363.4701, 431.2992, -46.7300, 237.8955, 16.8045, 56.2671, -66.3161, -0.302074, -0.952749, -0.031957, 0.052726, 0.953266, -0.301691, -0.016314, 0.003889, 0.005902, -0.035392, 0.999356, 0.363470, 0.000000, 0.000000, 0.000000, 1.000000, -0.028976, -0.014841, 0.999470, 0.431299, 0.300552, 0.953491, 0.022871, -0.046730, -0.953325, 0.301056, -0.023167, 0.237895, 0.000000, 0.000000, 0.000000, 1.000000, 0.997383, -0.039297, 0.060681, 0.016804, 0.058542, -0.053465, -0.996852, 0.056267, 0.042418, 0.997796, -0.051024, -0.066316, 0.000000, 0.000000, 0.000000, 1.000000
7.6121, 52.7863, 3.6718, 363.6798, 431.5168, -46.7914, 238.1047, 16.9036, 55.8993, -66.3501, -0.300576, -0.953282, -0.030120, 0.052786, 0.953704, -0.300074, -0.020091, 0.003672, 0.010114, -0.034764, 0.999344, 0.363680, 0.000000, 0.000000, 0.000000, 1.000000, -0.024798, -0.014273, 0.999591, 0.431517, 0.299015, 0.954017, 0.021040, -0.046791, -0.953926, 0.299414, -0.019390, 0.238105, 0.000000, 0.000000, 0.000000, 1.000000, 0.997638, -0.039123, 0.056463, 0.016904, 0.054345, -0.053242, -0.997102, 0.055899, 0.042016, 0.997815, -0.050990, -0.066350, 0.000000, 0.000000, 0.000000, 1.000000
7.7220, 52.9321, 3.0139, 362.7516, 430.6139, -46.9278, 238.7990, 16.5119, 56.6144, -66.2592, -0.296198, -0.954371, -0.037975, 0.052932, 0.955106, -0.295699, -0.018277, 0.003014, 0.006214, -0.041683, 0.999112, 0.362752, 0.000000, 0.000000, 0.000000, 1.000000, -0.028790, -0.021349, 0.999357, 0.430614, 0.294671, 0.955162, 0.028894, -0.046928, -0.955165, 0.295313, -0.021209, 0.238799, 0.000000, 0.000000, 0.000000, 1.000000, 0.997509, -0.036829, 0.060157, 0.016512, 0.058472, -0.045232, -0.997264, 0.056614, 0.039449, 0.998297, -0.042966, -0.066259, 0.000000, 0.000000, 0.000000, 1.000000
7.9589, 52.9616, 2.7795, 362.5874, 430.4588, -46.9554, 239.0398, 17.0065, 56.4154, -66.2507, -0.296064, -0.954517, -0.035277, 0.052962, 0.955168, -0.295894, -0.010060, 0.002779, -0.000836, -0.036674, 0.999327, 0.362587, 0.000000, 0.000000, 0.000000, 1.000000, -0.035838, -0.016335, 0.999224, 0.430459, 0.294601, 0.955262, 0.026182, -0.046955, -0.954948, 0.295310, -0.029422, 0.239040, 0.000000, 0.000000, 0.000000, 1.000000, 0.996926, -0.040375, 0.067142, 0.017006, 0.065163, -0.048475, -0.996697, 0.056415, 0.043496, 0.998008, -0.045695, -0.066251, 0.000000, 0.000000, 0.000000, 1.000000
8.0470, 53.0910, 2.2268, 362.8099, 430.7018, -47.0860, 239.5835, 16.7299, 56.0266, -66.2673, -0.291052, -0.956469, -0.021359, 0.053091, 0.956536, -0.290505, -0.025416, 0.002227, 0.018105, -0.027828, 0.999449, 0.362810, 0.000000, 0.000000, 0.000000, 1.000000, -0.017011, -0.007691, 0.999826, 0.430702, 0.289414, 0.957125, 0.012287, -0.047086, -0.957053, 0.289573, -0.014056, 0.239583, 0.000000, 0.000000, 0.000000, 1.000000, 0.998184, -0.035467, 0.048682, 0.016730, 0.046641, -0.056270, -0.997326, 0.056027, 0.038112, 0.997785, -0.054514, -0.066267, 0.000000, 0.000000, 0.000000, 1.000000
8.2939, 53.1510, 1.8576, 362.3560, 430.2623, -47.1413, 239.9705, 17.0984, 56.0915, -66.2329, -0.291728, -0.956110, -0.027345, 0.053151, 0.956493, -0.291489, -0.012466, 0.001858, 0.003948, -0.029792, 0.999548, 0.362356, 0.000000, 0.000000, 0.000000, 1.000000, -0.031149, -0.009618, 0.999468, 0.430262, 0.290220, 0.956786, 0.018252, -0.047141, -0.956453, 0.290634, -0.027011, 0.239970, 0.000000, 0.000000, 0.000000, 1.000000, 0.997222, -0.040536, 0.062483, 0.017098, 0.060320, -0.052542, -0.996795, 0.056092, 0.043689, 0.997796, -0.049951, -0.066233, 0.000000, 0.000000, 0.000000, 1.000000
8.3994, 53.3411, 1.2578, 362.4915, 430.4197, -47.3316, 240.5648, 16.8090, 55.7632, -66.2943, -0.286744, -0.957784, -0.020675, 0.053341, 0.957925, -0.286369, -0.019291, 0.001258, 0.012556, -0.025337, 0.999600, 0.362492, 0.000000, 0.000000, 0.000000, 1.000000, -0.022650, -0.005353, 0.999729, 0.430420, 0.285155, 0.958411, 0.011592, -0.047332, -0.958214, 0.285340, -0.020181, 0.240565, 0.000000, 0.000000, 0.000000, 1.000000, 0.997866, -0.036533, 0.054125, 0.016809, 0.052038, -0.055848, -0.997082, 0.055763, 0.039450, 0.997771, -0.053828, -0.066294, 0.000000, 0.000000, 0.000000, 1.000000
8.6270, 53.4709, 0.9977, 362.8638, 430.8007, -47.4645, 240.8102, 17.2607, 55.0479, -66.4171, -0.284705, -0.958572, -0.009113, 0.053471, 0.958532, -0.284543, -0.015887, 0.000998, 0.012636, -0.013258, 0.999832, 0.362864, 0.000000, 0.000000, 0.000000, 1.000000, -0.022613, 0.006651, 0.999722, 0.430801, 0.283115, 0.959086, 0.000023, -0.047464, -0.958819, 0.283037, -0.023571, 0.240810, 0.000000, 0.000000, 0.000000, 1.000000, 0.997823, -0.037348, 0.054348, 0.017261, 0.051801, -0.066061, -0.996470, 0.055048, 0.040807, 0.997116, -0.063983, -0.066417, 0.000000, 0.000000, 0.000000, 1.000000
8.7301, 53.4891, 0.2720, 361.3728, 429.3394, -47.4679, 241.5942, 16.7760, 56.3215, -66.1596, -0.282252, -0.959010, -0.025175, 0.053489, 0.959329, -0.282024, -0.012237, 0.000272, 0.004635, -0.027605, 0.999608, 0.361373, 0.000000, 0.000000, 0.000000, 1.000000, -0.030660, -0.007780, 0.999500, 0.429339, 0.280733, 0.959651, 0.016081, -0.047468, -0.959296, 0.281086, -0.027239, 0.241594, 0.000000, 0.000000, 0.000000, 1.000000, 0.997390, -0.037401, 0.061758, 0.016776, 0.059823, -0.050835, -0.996914, 0.056322, 0.040425, 0.998007, -0.048465, -0.066160, 0.000000, 0.000000, 0.000000, 1.000000
8.9679, 53.6045, 0.1085, 361.5528, 429.5247, -47.5848, 241.7507, 17.3449, 55.7893, -66.2802, -0.280135, -0.959577, -0.027129, 0.053605, 0.959954, -0.279916, -0.011631, 0.000108, 0.003567, -0.029301, 0.999564, 0.361553, 0.000000, 0.000000, 0.000000, 1.000000, -0.031772, -0.009552, 0.999450, 0.429525, 0.278625, 0.960231, 0.018034, -0.047585, -0.959874, 0.279045, -0.027847, 0.241751, 0.000000, 0.000000, 0.000000, 1.000000, 0.997273, -0.039086, 0.062593, 0.017345, 0.060727, -0.047233, -0.997036, 0.055789, 0.041927, 0.998119, -0.044731, -0.066280, 0.000000, 0.000000, 0.000000, 1.000000
9.0884, 53.6122, -0.5783, 360.7496, 428.7491, -47.5841, 242.4687, 17.0008, 56.3569, -66.0829, -0.277820, -0.960345, -0.023522, 0.053612, 0.960620, -0.277606, -0.012018, -0.000578, 0.005012, -0.025935, 0.999651, 0.360750, 0.000000, 0.000000, 0.000000, 1.000000, -0.030375, -0.006273, 0.999519, 0.428749, 0.276296, 0.960964, 0.014427, -0.047584, -0.960592, 0.276602, -0.027456, 0.242469, 0.000000, 0.000000, 0.000000, 1.000000, 0.997387, -0.038342, 0.061230, 0.017001, 0.059303, -0.049534, -0.997010, 0.056357, 0.041260, 0.998036, -0.047131, -0.066083, 0.000000, 0.000000, 0.000000, 1.000000
9.3149, 53.8233, -1.2105, 361.0901, 429.1123, -47.7973, 243.0873, 17.0674, 55.6485, -66.1962, -0.273444, -0.961861, -0.007244, 0.053823, 0.961839, -0.273346, -0.012189, -0.001211, 0.009744, -0.010300, 0.999899, 0.361090, 0.000000, 0.000000, 0.000000, 1.000000, -0.025734, 0.009194, 0.999627, 0.429112, 0.271875, 0.962331, -0.001852, -0.047797, -0.961988, 0.271726, -0.027265, 0.243087, 0.000000, 0.000000, 0.000000, 1.000000, 0.997712, -0.036376, 0.056985, 0.017067, 0.054615, -0.063138, -0.996509, 0.055648, 0.039847, 0.997342, -0.061007, -0.066196, 0.000000, 0.000000, 0.000000, 1.000000
9.5479, 53.9347, -1.9199, 360.1003, 428.1503, -47.8986, 243.8354, 17.0126, 56.2422, -66.1031, -0.269753, -0.962612, -0.024739, 0.053935, 0.962929, -0.269627, -0.008366, -0.001920, 0.001383, -0.026079, 0.999659, 0.360100, 0.000000, 0.000000, 0.000000, 1.000000, -0.034165, -0.006711, 0.999394, 0.428150, 0.268259, 0.963220, 0.015639, -0.047899, -0.962741, 0.268630, -0.031108, 0.243835, 0.000000, 0.000000, 0.000000, 1.000000, 0.997213, -0.037323, 0.064604, 0.017013, 0.062889, -0.045429, -0.996986, 0.056242, 0.040145, 0.998270, -0.042955, -0.066103, 0.000000, 0.000000, 0.000000, 1.000000
9.8083, 54.0734, -2.4987, 360.5978, 428.6691, -48.0410, 244.3944, 17.2636, 55.3295, -66.1766, -0.265858, -0.964001, -0.004606, 0.054073, 0.963892, -0.265746, -0.017082, -0.002499, 0.015243, -0.008981, 0.999843, 0.360598, 0.000000, 0.000000, 0.000000, 1.000000, -0.020390, 0.010232, 0.999740, 0.428669, 0.264236, 0.964448, -0.004481, -0.048041, -0.964242, 0.264076, -0.022368, 0.244394, 0.000000, 0.000000, 0.000000, 1.000000, 0.998030, -0.036200, 0.051239, 0.017264, 0.048999, -0.060269, -0.996979, 0.055329, 0.039178, 0.997526, -0.058376, -0.066177, 0.000000, 0.000000, 0.000000, 1.000000
10.0391, 54.1846, -3.2850, 359.5230, 427.6251, -48.1411, 245.2226, 17.1219, 56.0075, -66.0700, -0.261940, -0.964914, -0.018137, 0.054185, 0.965083, -0.261869, -0.006216, -0.003285, 0.001248, -0.019132, 0.999816, 0.359523, 0.000000, 0.000000, 0.000000, 1.000000, -0.034456, -0.000055, 0.999406, 0.427625, 0.260444, 0.965447, 0.009032, -0.048141, -0.964874, 0.260601, -0.033251, 0.245223, 0.000000, 0.000000, 0.000000, 1.000000, 0.997236, -0.036543, 0.064690, 0.017122, 0.062900, -0.048181, -0.996856, 0.056008, 0.039545, 0.998170, -0.045749, -0.066070, 0.000000, 0.000000, 0.000000, 1.000000
10.3084, 54.3850, -3.8527, 359.8952, 428.0176, -48.3441, 245.7756, 17.3894, 55.2106, -66.2010, -0.256578, -0.966523, 0.001222, 0.054385, 0.966327, -0.256551, -0.019834, -0.003853, 0.019483, -0.003908, 0.999803, 0.359895, 0.000000, 0.000000, 0.000000, 1.000000, -0.016333, 0.014961, 0.999755, 0.428018, 0.254914, 0.966909, -0.010305, -0.048344, -0.966826, 0.254683, -0.019606, 0.245776, 0.000000, 0.000000, 0.000000, 1.000000, 0.998315, -0.034248, 0.046850, 0.017389, 0.044703, -0.060992, -0.997137, 0.055211, 0.037008, 0.997551, -0.059358, -0.066201, 0.000000, 0.000000, 0.000000, 1.000000
10.5486, 54.3781, -4.6039, 358.6765, 426.8296, -48.3249, 246.5742, 17.3283, 56.0165, -65.9891, -0.254755, -0.966914, -0.013328, 0.054378, 0.966996, -0.254669, -0.007830, -0.004604, 0.004177, -0.014883, 0.999880, 0.358676, 0.000000, 0.000000, 0.000000, 1.000000, -0.031670, 0.003924, 0.999491, 0.426830, 0.253230, 0.967397, 0.004226, -0.048325, -0.966887, 0.253235, -0.031631, 0.246574, 0.000000, 0.000000, 0.000000, 1.000000, 0.997424, -0.036849, 0.061545, 0.017328, 0.059744, -0.048145, -0.997052, 0.056016, 0.039703, 0.998160, -0.045820, -0.065989, 0.000000, 0.000000, 0.000000, 1.000000
10.7849, 54.4768, -5.3183, 358.1996, 426.3804, -48.4181, 247.3071, 17.3147, 56.0974, -65.9381, -0.250623, -0.967902, -0.018829, 0.054477, 0.968083, -0.250612, -0.002951, -0.005318, -0.001862, -0.018968, 0.999818, 0.358200, 0.000000, 0.000000, 0.000000, 1.000000, -0.037784, -0.000308, 0.999286, 0.426380, 0.249151, 0.968416, 0.009720, -0.048418, -0.967727, 0.249341, -0.036514, 0.247307, 0.000000, 0.000000, 0.000000, 1.000000, 0.997062, -0.036676, 0.067252, 0.017315, 0.065698, -0.042044, -0.996953, 0.056097, 0.039392, 0.998442, -0.039511, -0.065938, 0.000000, 0.000000, 0.000000, 1.000000
11.0433, 54.6523, -5.8803, 358.4947, 426.6959, -48.5955, 247.8574, 17.5559, 55.3920, -66.0438, -0.247384, -0.968865, 0.010093, 0.054652, 0.968902, -0.247426, -0.003080, -0.005880, 0.005481, 0.009017, 0.999944, 0.358495, 0.000000, 0.000000, 0.000000, 1.000000, -0.030508, 0.027536, 0.999155, 0.426696, 0.245845, 0.969119, -0.019202, -0.048596, -0.968829, 0.245051, -0.036336, 0.247857, 0.000000, 0.000000, 0.000000, 1.000000, 0.997520, -0.035596, 0.060724, 0.017556, 0.058212, -0.067795, -0.996000, 0.055392, 0.039571, 0.997064, -0.065554, -0.066044, 0.000000, 0.000000, 0.000000, 1.000000
11.3185, 54.7290, -6.5778, 357.6494, 425.8780, -48.6634, 248.5879, 17.6604, 55.7854, -65.9652, -0.243676, -0.969805, -0.009989, 0.054729, 0.969818, -0.243562, -0.011391, -0.006578, 0.008614, -0.012463, 0.999885, 0.357649, 0.000000, 0.000000, 0.000000, 1.000000, -0.027448, 0.005930, 0.999606, 0.425878, 0.242107, 0.970249, 0.000892, -0.048663, -0.969861, 0.242036, -0.028067, 0.248588, 0.000000, 0.000000, 0.000000, 1.000000, 0.997697, -0.037384, 0.056591, 0.017660, 0.054929, -0.044092, -0.997516, 0.055785, 0.039786, 0.998328, -0.041937, -0.065965, 0.000000, 0.000000, 0.000000, 1.000000
11.5204, 54.7474, -6.7675, 357.1341, 425.3705, -48.6769, 248.7977, 18.0663, 55.9925, -65.9441, -0.242575, -0.969931, -0.019780, 0.054747, 0.970121, -0.242421, -0.009882, -0.006767, 0.004790, -0.021586, 0.999756, 0.357134, 0.000000, 0.000000, 0.000000, 1.000000, -0.031290, -0.003229, 0.999505, 0.425370, 0.241040, 0.970456, 0.010681, -0.048677, -0.970011, 0.241255, -0.029588, 0.248798, 0.000000, 0.000000, 0.000000, 1.000000, 0.997405, -0.040024, 0.059843, 0.018066, 0.058521, -0.033417, -0.997727, 0.055992, 0.041932, 0.998640, -0.030988, -0.065944, 0.000000, 0.000000, 0.000000, 1.000000
11.6037, 54.8548, -7.2461, 357.3813, 425.6353, -48.7857, 249.2664, 17.8531, 55.5935, -65.9768, -0.239962, -0.970751, -0.007748, 0.054855, 0.970781, -0.239942, -0.003389, -0.007246, 0.001431, -0.008335, 0.999964, 0.357381, 0.000000, 0.000000, 0.000000, 1.000000, -0.034697, 0.009921, 0.999349, 0.425635, 0.238457, 0.971152, -0.001362, -0.048786, -0.970533, 0.238254, -0.036061, 0.249266, 0.000000, 0.000000, 0.000000, 1.000000, 0.997253, -0.037882, 0.063648, 0.017853, 0.061892, -0.045847, -0.997029, 0.055594, 0.040687, 0.998230, -0.043377, -0.065977, 0.000000, 0.000000, 0.000000, 1.000000
11.8154, 54.8851, -7.7275, 357.0663, 425.3394, -48.8125, 249.7599, 18.0142, 55.5652, -65.9226, -0.237661, -0.971336, -0.004844, 0.054885, 0.971348, -0.237657, -0.001504, -0.007727, 0.000310, -0.005063, 0.999987, 0.357066, 0.000000, 0.000000, 0.000000, 1.000000, -0.035860, 0.013105, 0.999271, 0.425339, 0.236166, 0.971703, -0.004268, -0.048812, -0.971051, 0.235840, -0.037940, 0.249760, 0.000000, 0.000000, 0.000000, 1.000000, 0.997156, -0.038652, 0.064700, 0.018014, 0.062847, -0.047381, -0.996898, 0.055565, 0.041598, 0.998129, -0.044817, -0.065923, 0.000000, 0.000000, 0.000000, 1.000000
11.9446, 54.9230, -8.2002, 356.6905, 424.9822, -48.8462, 250.2472, 17.9222, 55.7189, -65.8653, -0.235075, -0.971970, -0.003674, 0.054923, 0.971977, -0.235076, -0.000179, -0.008200, -0.000690, -0.003613, 0.999993, 0.356691, 0.000000, 0.000000, 0.000000, 1.000000, -0.036907, 0.014457, 0.999214, 0.424982, 0.233588, 0.972321, -0.005440, -0.048846, -0.971635, 0.233203, -0.039262, 0.250247, 0.000000, 0.000000, 0.000000, 1.000000, 0.997122, -0.037946, 0.065635, 0.017922, 0.063800, -0.047696, -0.996822, 0.055719, 0.040956, 0.998141, -0.045138, -0.065865, 0.000000, 0.000000, 0.000000, 1.000000
12.1204, 54.9939, -8.6417, 356.2496, 424.5584, -48.9124, 250.7058, 17.9952, 55.8736, -65.8511, -0.231303, -0.972808, -0.011947, 0.054994, 0.972868, -0.231218, -0.008110, -0.008642, 0.005127, -0.013499, 0.999896, 0.356250, 0.000000, 0.000000, 0.000000, 1.000000, -0.031164, 0.004435, 0.999504, 0.424558, 0.229762, 0.973243, 0.002845, -0.048912, -0.972748, 0.229736, -0.031349, 0.250706, 0.000000, 0.000000, 0.000000, 1.000000, 0.997539, -0.037421, 0.059295, 0.017995, 0.057941, -0.036280, -0.997661, 0.055874, 0.039484, 0.998641, -0.034023, -0.065851, 0.000000, 0.000000, 0.000000, 1.000000
12.3206, 55.1528, -9.3429, 356.2677, 424.6027, -49.0703, 251.4061, 17.9017, 55.5199, -65.8998, -0.228415, -0.973563, -0.000963, 0.055153, 0.973563, -0.228413, -0.001311, -0.009343, 0.001057, -0.001237, 0.999999, 0.356268, 0.000000, 0.000000, 0.000000, 1.000000, -0.035284, 0.016583, 0.999240, 0.424603, 0.226909, 0.973882, -0.008150, -0.049070, -0.973277, 0.226449, -0.038126, 0.251406, 0.000000, 0.000000, 0.000000, 1.000000, 0.997292, -0.036889, 0.063622, 0.017902, 0.061870, -0.046835, -0.996985, 0.055520, 0.039757, 0.998221, -0.044426, -0.065900, 0.000000, 0.000000, 0.000000, 1.000000
12.5505, 55.2381, -10.0294, 355.7370, 424.0987, -49.1498, 252.1131, 17.8952, 55.6677, -65.8610, -0.225625, -0.974214, 0.000613, 0.055238, 0.974214, -0.225625, -0.000221, -0.010029, 0.000353, 0.000547, 1.000000, 0.355737, 0.000000, 0.000000, 0.000000, 1.000000, -0.036038, 0.018262, 0.999184, 0.424099, 0.224125, 0.974512, -0.009727, -0.049150, -0.973894, 0.223591, -0.039212, 0.252113, 0.000000, 0.000000, 0.000000, 1.000000, 0.997233, -0.037543, 0.064155, 0.017895, 0.062378, -0.046718, -0.996959, 0.055668, 0.040426, 0.998202, -0.044247, -0.065861, 0.000000, 0.000000, 0.000000, 1.000000
12.9606, 55.3065, -10.6716, 355.5099, 423.8965, -49.2151, 252.7639, 18.5144, 55.2559, -65.8521, -0.220506, -0.975379, 0.003582, 0.055307, 0.975342, -0.220529, -0.008607, -0.010672, 0.009185, 0.001596, 0.999957, 0.355510, 0.000000, 0.000000, 0.000000, 1.000000, -0.027304, 0.019119, 0.999444, 0.423897, 0.218924, 0.975659, -0.012683, -0.049215, -0.975360, 0.218456, -0.030825, 0.252764, 0.000000, 0.000000, 0.000000, 1.000000, 0.997737, -0.038729, 0.054958, 0.018514, 0.053227, -0.044383, -0.997596, 0.055256, 0.041075, 0.998264, -0.042221, -0.065852, 0.000000, 0.000000, 0.000000, 1.000000
13.0552, 55.3751, -11.3158, 354.9179, 423.3298, -49.2773, 253.4310, 18.1259, 55.6658, -65.7921, -0.216557, -0.976262, -0.004073, 0.055375, 0.976238, -0.216514, -0.009025, -0.011316, 0.007929, -0.005931, 0.999951, 0.354918, 0.000000, 0.000000, 0.000000, 1.000000, -0.028631, 0.011449, 0.999525, 0.423330, 0.214985, 0.976604, -0.005028, -0.049277, -0.976198, 0.214739, -0.030422, 0.253431, 0.000000, 0.000000, 0.000000, 1.000000, 0.997769, -0.036602, 0.055838, 0.018126, 0.054526, -0.035917, -0.997866, 0.055666, 0.038529, 0.998684, -0.033841, -0.065792, 0.000000, 0.000000, 0.000000, 1.000000
13.2752, 55.4041, -11.5850, 354.8994, 423.3218, -49.3057, 253.7008, 18.5392, 55.3466, -65.7994, -0.215671, -0.976449, 0.005776, 0.055404, 0.976461, -0.215685, -0.001882, -0.011585, 0.003084, 0.005234, 0.999982, 0.354899, 0.000000, 0.000000, 0.000000, 1.000000, -0.033489, 0.022573, 0.999184, 0.423322, 0.214143, 0.976689, -0.014887, -0.049306, -0.976228, 0.213470, -0.037542, 0.253701, 0.000000, 0.000000, 0.000000, 1.000000, 0.997404, -0.038507, 0.060849, 0.018539, 0.059087, -0.045356, -0.997222, 0.055347, 0.041159, 0.998228, -0.042963, -0.065799, 0.000000, 0.000000, 0.000000, 1.000000
13.3844, 55.4864, -12.2372, 355.5099, 423.9567, -49.3926, 254.3286, 18.2630, 54.5362, -65.8023, -0.211862, -0.976892, 0.028233, 0.055486, 0.977295, -0.211866, 0.002895, -0.012237, 0.003153, 0.028206, 0.999597, 0.355510, 0.000000, 0.000000, 0.000000, 1.000000, -0.033487, 0.045379, 0.998408, 0.423957, 0.210332, 0.976916, -0.037348, -0.049393, -0.977056, 0.208747, -0.042258, 0.254329, 0.000000, 0.000000, 0.000000, 1.000000, 0.997498, -0.034938, 0.061457, 0.018263, 0.059010, -0.067200, -0.995993, 0.054536, 0.038928, 0.997128, -0.064970, -0.065802, 0.000000, 0.000000, 0.000000, 1.000000
13.6507, 55.4846, -12.4771, 354.3208, 422.7781, -49.3796, 254.6152, 18.7797, 55.3197, -65.7476, -0.211843, -0.977303, -0.001372, 0.055485, 0.977293, -0.211847, 0.004318, -0.012477, -0.004511, -0.000426, 0.999990, 0.354321, 0.000000, 0.000000, 0.000000, 1.000000, -0.041145, 0.016774, 0.999012, 0.422778, 0.210383, 0.977588, -0.007750, -0.049380, -0.976753, 0.209857, -0.043752, 0.254615, 0.000000, 0.000000, 0.000000, 1.000000, 0.996863, -0.040865, 0.067774, 0.018780, 0.066289, -0.036671, -0.997126, 0.055320, 0.043233, 0.998492, -0.033847, -0.065748, 0.000000, 0.000000, 0.000000, 1.000000
13.7357, 55.5593, -13.1384, 353.9372, 422.4202, -49.4499, 255.2912, 18.3571, 55.5348, -65.7068, -0.206306, -0.978484, 0.002482, 0.055559, 0.978483, -0.206312, -0.002481, -0.013138, 0.002940, 0.001917, 0.999994, 0.353937, 0.000000, 0.000000, 0.000000, 1.000000, -0.033797, 0.018907, 0.999250, 0.422420, 0.204776, 0.978740, -0.011593, -0.049450, -0.978225, 0.204231, -0.036950, 0.255291, 0.000000, 0.000000, 0.000000, 1.000000, 0.997515, -0.036411, 0.060325, 0.018357, 0.058938, -0.038021, -0.997537, 0.055535, 0.038615, 0.998613, -0.035780, -0.065707, 0.000000, 0.000000, 0.000000, 1.000000
13.9498, 55.6353, -13.8763, 353.5091, 422.0209, -49.5208, 256.0456, 18.2570, 55.6033, -65.6711, -0.203899, -0.978965, 0.007314, 0.055635, 0.978991, -0.203884, 0.002757, -0.013876, -0.001208, 0.007723, 0.999969, 0.353509, 0.000000, 0.000000, 0.000000, 1.000000, -0.037983, 0.024617, 0.998975, 0.422021, 0.202407, 0.979164, -0.016433, -0.049521, -0.978565, 0.201576, -0.042174, 0.256046, 0.000000, 0.000000, 0.000000, 1.000000, 0.997238, -0.036951, 0.064424, 0.018257, 0.062859, -0.042064, -0.997136, 0.055603, 0.039555, 0.998431, -0.039626, -0.065671, 0.000000, 0.000000, 0.000000, 1.000000
14.1961, 55.7311, -14.3400, 353.6006, 422.1298, -49.6167, 256.5055, 18.5569, 55.1255, -65.7221, -0.200580, -0.979588, 0.013256, 0.055731, 0.979675, -0.200535, 0.004681, -0.014340, -0.001927, 0.013925, 0.999901, 0.353601, 0.000000, 0.000000, 0.000000, 1.000000, -0.038759, 0.030688, 0.998777, 0.422130, 0.199094, 0.979725, -0.022376, -0.049617, -0.979214, 0.197983, -0.044083, 0.256506, 0.000000, 0.000000, 0.000000, 1.000000, 0.997192, -0.037044, 0.065079, 0.018557, 0.063345, -0.046206, -0.996921, 0.055125, 0.039937, 0.998245, -0.043730, -0.065722, 0.000000, 0.000000, 0.000000, 1.000000
14.3721, 55.7241, -14.8121, 353.1588, 421.7070, -49.6050, 256.9946, 18.6119, 55.2791, -65.6475, -0.199179, -0.979914, 0.009790, 0.055724, 0.979920, -0.199067, 0.011323, -0.014812, -0.009146, 0.011849, 0.999888, 0.353159, 0.000000, 0.000000, 0.000000, 1.000000, -0.045995, 0.028559, 0.998533, 0.421707, 0.197758, 0.980068, -0.018921, -0.049605, -0.979171, 0.196598, -0.050725, 0.256995, 0.000000, 0.000000, 0.000000, 1.000000, 0.996663, -0.038449, 0.072003, 0.018612, 0.070351, -0.042730, -0.996607, 0.055279, 0.041395, 0.998347, -0.039883, -0.065647, 0.000000, 0.000000, 0.000000, 1.000000
14.5690, 55.8056, -15.4516, 352.9697, 421.5425, -49.6838, 257.6413, 18.5690, 55.1418, -65.6450, -0.196045, -0.980479, 0.015101, 0.055806, 0.980522, -0.195820, 0.015188, -0.015452, -0.011934, 0.017784, 0.999771, 0.352970, 0.000000, 0.000000, 0.000000, 1.000000, -0.048832, 0.034366, 0.998216, 0.421542, 0.194649, 0.980573, -0.024236, -0.049684, -0.979657, 0.193118, -0.054573, 0.257641, 0.000000, 0.000000, 0.000000, 1.000000, 0.996482, -0.037894, 0.074756, 0.018569, 0.072951, -0.046981, -0.996228, 0.055142, 0.041264, 0.998177, -0.044052, -0.065645, 0.000000, 0.000000, 0.000000, 1.000000
14.7970, 55.8566, -16.0535, 352.5024, 421.0989, -49.7296, 258.2613, 18.6469, 55.2384, -65.6172, -0.189567, -0.981855, 0.005073, 0.055857, 0.981858, -0.189586, -0.003565, -0.016054, 0.004462, 0.004305, 0.999981, 0.352502, 0.000000, 0.000000, 0.000000, 1.000000, -0.032561, 0.020664, 0.999256, 0.421099, 0.188019, 0.982063, -0.014182, -0.049730, -0.981625, 0.187417, -0.035862, 0.258261, 0.000000, 0.000000, 0.000000, 1.000000, 0.997693, -0.035962, 0.057581, 0.018647, 0.056460, -0.031447, -0.997910, 0.055238, 0.037697, 0.998858, -0.029344, -0.065617, 0.000000, 0.000000, 0.000000, 1.000000
15.0445, 55.9286, -16.8029, 352.1337, 420.7594, -49.7970, 259.0247, 18.6430, 55.1995, -65.5955, -0.187177, -0.982249, 0.012287, 0.055929, 0.982323, -0.187127, 0.005109, -0.016803, -0.002719, 0.013026, 0.999911, 0.352134, 0.000000, 0.000000, 0.000000, 1.000000, -0.039775, 0.029284, 0.998779, 0.420759, 0.185694, 0.982374, -0.021408, -0.049797, -0.981802, 0.184616, -0.044512, 0.259025, 0.000000, 0.000000, 0.000000, 1.000000, 0.997222, -0.036837, 0.064744, 0.018643, 0.063337, -0.038148, -0.997263, 0.055200, 0.039206, 0.998593, -0.035709, -0.065596, 0.000000, 0.000000, 0.000000, 1.000000
15.2808, 55.9071, -17.1849, 352.0001, 420.6411, -49.7738, 259.4116, 18.9946, 54.9651, -65.5419, -0.184827, -0.982568, 0.020000, 0.055907, 0.982768, -0.184842, 0.001071, -0.017185, 0.002644, 0.019854, 0.999799, 0.352000, 0.000000, 0.000000, 0.000000, 1.000000, -0.034456, 0.036019, 0.998757, 0.420641, 0.183295, 0.982627, -0.029114, -0.049774, -0.982454, 0.182064, -0.040459, 0.259412, 0.000000, 0.000000, 0.000000, 1.000000, 0.997520, -0.037839, 0.059350, 0.018995, 0.057710, -0.043057, -0.997404, 0.054965, 0.040296, 0.998356, -0.040767, -0.065542, 0.000000, 0.000000, 0.000000, 1.000000
15.4411, 55.9743, -17.6634, 351.3977, 420.0575, -49.8347, 259.9136, 18.9748, 55.3027, -65.5448, -0.182169, -0.983232, 0.008359, 0.055974, 0.983247, -0.182105, 0.007892, -0.017663, -0.006237, 0.009657, 0.999934, 0.351398, 0.000000, 0.000000, 0.000000, 1.000000, -0.043373, 0.025729, 0.998728, 0.420058, 0.180717, 0.983380, -0.017485, -0.049835, -0.982578, 0.179729, -0.047302, 0.259914, 0.000000, 0.000000, 0.000000, 1.000000, 0.996982, -0.038187, 0.067598, 0.018975, 0.066412, -0.031517, -0.997294, 0.055303, 0.040214, 0.998773, -0.028886, -0.065545, 0.000000, 0.000000, 0.000000, 1.000000
15.6297, 56.0164, -18.3780, 351.2155, 419.9032, -49.8741, 260.6349, 18.8373, 55.1660, -65.5034, -0.176722, -0.984210, 0.009955, 0.056016, 0.984259, -0.176731, -0.000004, -0.018378, 0.001763, 0.009798, 0.999950, 0.351215, 0.000000, 0.000000, 0.000000, 1.000000, -0.035468, 0.025667, 0.999041, 0.419903, 0.175196, 0.984349, -0.019069, -0.049874, -0.983894, 0.174352, -0.039410, 0.260635, 0.000000, 0.000000, 0.000000, 1.000000, 0.997600, -0.035700, 0.059333, 0.018837, 0.058278, -0.029921, -0.997852, 0.055166, 0.037399, 0.998914, -0.027769, -0.065503, 0.000000, 0.000000, 0.000000, 1.000000
15.8579, 56.0644, -18.6358, 351.3222, 420.0197, -49.9226, 260.8885, 19.2904, 54.7117, -65.5418, -0.176019, -0.984262, 0.015676, 0.056064, 0.984378, -0.176062, -0.001418, -0.018636, 0.004155, 0.015182, 0.999876, 0.351322, 0.000000, 0.000000, 0.000000, 1.000000, -0.033089, 0.031020, 0.998971, 0.420020, 0.174471, 0.984350, -0.024787, -0.049923, -0.984106, 0.173471, -0.037983, 0.260888, 0.000000, 0.000000, 0.000000, 1.000000, 0.997648, -0.038297, 0.056854, 0.019290, 0.055580, -0.033547, -0.997891, 0.054712, 0.040124, 0.998703, -0.031339, -0.065542, 0.000000, 0.000000, 0.000000, 1.000000
15.9456, 56.0622, -19.2978, 350.6211, 419.3453, -49.9131, 261.5776, 18.8665, 55.2433, -65.4483, -0.170885, -0.985134, 0.017567, 0.056062, 0.985279, -0.170945, -0.001973, -0.019298, 0.004947, 0.016971, 0.999844, 0.350621, 0.000000, 0.000000, 0.000000, 1.000000, -0.032380, 0.032614, 0.998943, 0.419345, 0.169329, 0.985199, -0.026677, -0.049913, -0.985028, 0.168286, -0.037424, 0.261578, 0.000000, 0.000000, 0.000000, 1.000000, 0.997842, -0.034392, 0.055932, 0.018866, 0.054751, -0.034369, -0.997908, 0.055243, 0.036242, 0.998817, -0.032412, -0.065448, 0.000000, 0.000000, 0.000000, 1.000000
16.2060, 56.1415, -19.9975, 350.7074, 419.4583, -49.9921, 262.2735, 18.9764, 54.7363, -65.4639, -0.168702, -0.985161, 0.031572, 0.056141, 0.985667, -0.168640, 0.004612, -0.019998, 0.000780, 0.031897, 0.999491, 0.350707, 0.000000, 0.000000, 0.000000, 1.000000, -0.036578, 0.047438, 0.998204, 0.419458, 0.167183, 0.985086, -0.040688, -0.049992, -0.985247, 0.165394, -0.043964, 0.262273, 0.000000, 0.000000, 0.000000, 1.000000, 0.997557, -0.035313, 0.060275, 0.018976, 0.058582, -0.047181, -0.997167, 0.054736, 0.038057, 0.998262, -0.044997, -0.065464, 0.000000, 0.000000, 0.000000, 1.000000
16.4573, 56.1600, -20.6614, 349.9604, 418.7380, -50.0028, 262.9664, 19.0520, 55.0769, -65.4146, -0.165437, -0.985971, 0.022184, 0.056160, 0.986216, -0.165326, 0.006770, -0.020661, -0.003008, 0.022998, 0.999731, 0.349960, 0.000000, 0.000000, 0.000000, 1.000000, -0.040414, 0.038422, 0.998444, 0.418738, 0.163952, 0.985971, -0.031306, -0.050003, -0.985640, 0.162432, -0.046147, 0.262966, 0.000000, 0.000000, 0.000000, 1.000000, 0.997325, -0.036419, 0.063370, 0.019052, 0.062053, -0.036227, -0.997415, 0.055077, 0.038620, 0.998680, -0.033870, -0.065415, 0.000000, 0.000000, 0.000000, 1.000000
16.7173, 56.1721, -21.3694, 349.9651, 418.7705, -50.0139, 263.6736, 19.1572, 54.6529, -65.3652, -0.161918, -0.986131, 0.036454, 0.056172, 0.986780, -0.161546, 0.012964, -0.021369, -0.006895, 0.038071, 0.999251, 0.349965, 0.000000, 0.000000, 0.000000, 1.000000, -0.044353, 0.053335, 0.997591, 0.418770, 0.160468, 0.985988, -0.045580, -0.050014, -0.986044, 0.158060, -0.052290, 0.263674, 0.000000, 0.000000, 0.000000, 1.000000, 0.997081, -0.035860, 0.067407, 0.019157, 0.065610, -0.049110, -0.996636, 0.054653, 0.039049, 0.998149, -0.046614, -0.065365, 0.000000, 0.000000, 0.000000, 1.000000
16.9555, 56.1691, -22.0400, 349.3930, 418.2254, -50.0046, 264.3663, 19.1984, 54.8391, -65.3008, -0.158544, -0.986594, 0.038676, 0.056169, 0.987278, -0.157932, 0.018424, -0.022040, -0.012069, 0.041105, 0.999082, 0.349393, 0.000000, 0.000000, 0.000000, 1.000000, -0.049573, 0.056228, 0.997187, 0.418225, 0.157141, 0.986418, -0.047809, -0.050005, -0.986331, 0.154329, -0.057735, 0.264366, 0.000000, 0.000000, 0.000000, 1.000000, 0.996740, -0.035801, 0.072307, 0.019198, 0.070471, -0.050151, -0.996252, 0.054839, 0.039294, 0.998100, -0.047465, -0.065301, 0.000000, 0.000000, 0.000000, 1.000000
17.2359, 56.2508, -22.7418, 349.4824, 418.3416, -50.0861, 265.0641, 19.3686, 54.3024, -65.3281, -0.154394, -0.986803, 0.048819, 0.056251, 0.988008, -0.154122, 0.009310, -0.022742, -0.001663, 0.049671, 0.998764, 0.349482, 0.000000, 0.000000, 0.000000, 1.000000, -0.039242, 0.064638, 0.997137, 0.418342, 0.152894, 0.986543, -0.057934, -0.050086, -0.987463, 0.150183, -0.048597, 0.265064, 0.000000, 0.000000, 0.000000, 1.000000, 0.997442, -0.035923, 0.061798, 0.019369, 0.059716, -0.056392, -0.996621, 0.054302, 0.039286, 0.997762, -0.054102, -0.065328, 0.000000, 0.000000, 0.000000, 1.000000
17.4817, 56.2730, -23.4263, 348.5702, 417.4570, -50.0989, 265.7842, 19.3952, 54.8160, -65.2919, -0.149616, -0.988192, 0.033050, 0.056273, 0.988726, -0.149326, 0.011096, -0.023426, -0.006030, 0.034337, 0.999392, 0.348570, 0.000000, 0.000000, 0.000000, 1.000000, -0.043676, 0.049141, 0.997836, 0.417457, 0.148155, 0.988064, -0.042174, -0.050099, -0.987999, 0.145993, -0.050435, 0.265784, 0.000000, 0.000000, 0.000000, 1.000000, 0.997233, -0.035772, 0.065160, 0.019395, 0.063761, -0.038966, -0.997204, 0.054816, 0.038211, 0.998600, -0.036577, -0.065292, 0.000000, 0.000000, 0.000000, 1.000000
17.7313, 56.3599, -24.1700, 348.5896, 417.5049, -50.1848, 266.5266, 19.4229, 54.3920, -65.3212, -0.146202, -0.988571, 0.036772, 0.056360, 0.989240, -0.145891, 0.010996, -0.024170, -0.005506, 0.037984, 0.999263, 0.348590, 0.000000, 0.000000, 0.000000, 1.000000, -0.043204, 0.052652, 0.997678, 0.417505, 0.144735, 0.988405, -0.045895, -0.050185, -0.988527, 0.142417, -0.050323, 0.266527, 0.000000, 0.000000, 0.000000, 1.000000, 0.997275, -0.036045, 0.064366, 0.019423, 0.062896, -0.040549, -0.997196, 0.054392, 0.038554, 0.998527, -0.038172, -0.065321, 0.000000, 0.000000, 0.000000, 1.000000
17.9621, 56.3064, -24.7944, 347.8758, 416.8168, -50.1238, 267.1786, 19.4836, 54.7353, -65.2245, -0.142293, -0.989132, 0.037020, 0.056306, 0.989777, -0.141820, 0.015132, -0.024794, -0.009718, 0.038794, 0.999200, 0.347876, 0.000000, 0.000000, 0.000000, 1.000000, -0.047469, 0.053307, 0.997449, 0.416817, 0.140865, 0.988953, -0.046149, -0.050124, -0.988890, 0.138315, -0.054453, 0.267179, 0.000000, 0.000000, 0.000000, 1.000000, 0.997040, -0.035536, 0.068185, 0.019484, 0.066778, -0.039406, -0.996989, 0.054735, 0.038116, 0.998591, -0.036916, -0.065225, 0.000000, 0.000000, 0.000000, 1.000000
18.2279, 56.3173, -25.4895, 347.7145, 416.6830, -50.1322, 267.8795, 19.6072, 54.4722, -65.1902, -0.140079, -0.988941, 0.048723, 0.056317, 0.989977, -0.138992, 0.025054, -0.025489, -0.018005, 0.051744, 0.998498, 0.347715, 0.000000, 0.000000, 0.000000, 1.000000, -0.055777, 0.066132, 0.996251, 0.416683, 0.138726, 0.988639, -0.057860, -0.050132, -0.988759, 0.134979, -0.064318, 0.267880, 0.000000, 0.000000, 0.000000, 1.000000, 0.996410, -0.036203, 0.076528, 0.019607, 0.074668, -0.050198, -0.995944, 0.054472, 0.039898, 0.998083, -0.047314, -0.065190, 0.000000, 0.000000, 0.000000, 1.000000
18.4564, 56.3399, -25.6776, 347.4149, 416.3909, -50.1518, 268.0793, 20.1093, 54.4298, -65.2162, -0.137211, -0.989931, 0.034786, 0.056340, 0.990486, -0.136748, 0.015389, -0.025678, -0.010477, 0.036567, 0.999276, 0.347415, 0.000000, 0.000000, 0.000000, 1.000000, -0.048301, 0.050888, 0.997536, 0.416391, 0.135789, 0.989764, -0.043916, -0.050152, -0.989560, 0.133333, -0.054717, 0.268079, 0.000000, 0.000000, 0.000000, 1.000000, 0.996943, -0.038333, 0.068088, 0.020109, 0.066830, -0.033210, -0.997212, 0.054430, 0.040487, 0.998713, -0.030546, -0.065216, 0.000000, 0.000000, 0.000000, 1.000000
18.5665, 56.3770, -26.4106, 347.4479, 416.4524, -50.1881, 268.8105, 19.7207, 54.1964, -65.1923, -0.133456, -0.989972, 0.046315, 0.056377, 0.991034, -0.133007, 0.012673, -0.026411, -0.006386, 0.047591, 0.998846, 0.347448, 0.000000, 0.000000, 0.000000, 1.000000, -0.044269, 0.061756, 0.997109, 0.416452, 0.131996, 0.989699, -0.055437, -0.050188, -0.990261, 0.129160, -0.051965, 0.268811, 0.000000, 0.000000, 0.000000, 1.000000, 0.997302, -0.035728, 0.064129, 0.019721, 0.062569, -0.043189, -0.997106, 0.054196, 0.038394, 0.998428, -0.040837, -0.065192, 0.000000, 0.000000, 0.000000, 1.000000
18.8082, 56.3828, -26.6020, 347.4278, 416.4398, -50.1934, 269.0026, 20.2774, 53.8560, -65.2008, -0.131580, -0.990125, 0.048370, 0.056383, 0.991304, -0.131333, 0.008263, -0.026602, -0.001829, 0.049036, 0.998795, 0.347428, 0.000000, 0.000000, 0.000000, 1.000000, -0.039743, 0.063136, 0.997213, 0.416440, 0.130078, 0.989836, -0.057484, -0.050193, -0.990707, 0.127431, -0.047552, 0.269003, 0.000000, 0.000000, 0.000000, 1.000000, 0.997525, -0.037779, 0.059301, 0.020277, 0.057677, -0.042740, -0.997420, 0.053856, 0.040217, 0.998372, -0.040455, -0.065201, 0.000000, 0.000000, 0.000000, 1.000000
18.9008, 56.3784, -27.3081, 347.0725, 416.1127, -50.1847, 269.7222, 19.8431, 54.0381, -65.1432, -0.128356, -0.990463, 0.050087, 0.056378, 0.991724, -0.128038, 0.009523, -0.027308, -0.003019, 0.050895, 0.998699, 0.347072, 0.000000, 0.000000, 0.000000, 1.000000, -0.040979, 0.064866, 0.997052, 0.416113, 0.126864, 0.990152, -0.059203, -0.050185, -0.991073, 0.124064, -0.048805, 0.269722, 0.000000, 0.000000, 0.000000, 1.000000, 0.997537, -0.035830, 0.060296, 0.019843, 0.058713, -0.043722, -0.997317, 0.054038, 0.038370, 0.998401, -0.041510, -0.065143, 0.000000, 0.000000, 0.000000, 1.000000
19.1428, 56.3179, -28.0205, 346.4576, 415.5270, -50.1175, 270.4581, 19.8554, 54.2643, -65.0477, -0.126305, -0.990613, 0.052274, 0.056318, 0.991881, -0.125329, 0.021567, -0.028020, -0.014813, 0.054573, 0.998400, 0.346458, 0.000000, 0.000000, 0.000000, 1.000000, -0.052788, 0.068435, 0.996258, 0.415527, 0.124921, 0.990265, -0.061405, -0.050118, -0.990761, 0.121212, -0.060823, 0.270458, 0.000000, 0.000000, 0.000000, 1.000000, 0.996741, -0.036734, 0.071815, 0.019855, 0.070123, -0.045445, -0.996503, 0.054264, 0.039869, 0.998291, -0.042721, -0.065048, 0.000000, 0.000000, 0.000000, 1.000000
19.3892, 56.3412, -28.2996, 346.2079, 415.2882, -50.1381, 270.7469, 20.3254, 54.1415, -65.0712, -0.125392, -0.990532, 0.055880, 0.056341, 0.991893, -0.123997, 0.027793, -0.028300, -0.020601, 0.058912, 0.998051, 0.346208, 0.000000, 0.000000, 0.000000, 1.000000, -0.058579, 0.072717, 0.995631, 0.415288, 0.124060, 0.990142, -0.065017, -0.050138, -0.990544, 0.119710, -0.067023, 0.270747, 0.000000, 0.000000, 0.000000, 1.000000, 0.996232, -0.039065, 0.077438, 0.020325, 0.075542, -0.047872, -0.995993, 0.054142, 0.042616, 0.998089, -0.044740, -0.065071, 0.000000, 0.000000, 0.000000, 1.000000
19.4773, 56.4006, -28.9147, 345.9649, 415.0692, -50.1943, 271.3712, 19.9681, 54.2229, -65.0906, -0.117978, -0.992142, 0.041661, 0.056401, 0.993007, -0.117690, 0.009314, -0.028915, -0.004338, 0.042469, 0.999088, 0.345965, 0.000000, 0.000000, 0.000000, 1.000000, -0.042441, 0.056054, 0.997525, 0.415069, 0.116497, 0.991892, -0.050781, -0.050194, -0.992284, 0.114054, -0.048627, 0.271371, 0.000000, 0.000000, 0.000000, 1.000000, 0.997577, -0.034941, 0.060159, 0.019968, 0.059106, -0.030435, -0.997788, 0.054223, 0.036695, 0.998926, -0.028296, -0.065091, 0.000000, 0.000000, 0.000000, 1.000000
19.7097, 56.3289, -29.1065, 345.7849, 414.8975, -50.1207, 271.5698, 20.4927, 54.0575, -65.0257, -0.116781, -0.991784, 0.052211, 0.056329, 0.993118, -0.116146, 0.015041, -0.029106, -0.008854, 0.053608, 0.998523, 0.345785, 0.000000, 0.000000, 0.000000, 1.000000, -0.046968, 0.067120, 0.996639, 0.414898, 0.115340, 0.991431, -0.061333, -0.050121, -0.992215, 0.112072, -0.054307, 0.271570, 0.000000, 0.000000, 0.000000, 1.000000, 0.997236, -0.036491, 0.064723, 0.020493, 0.063267, -0.039753, -0.997205, 0.054057, 0.038962, 0.998543, -0.037334, -0.065026, 0.000000, 0.000000, 0.000000, 1.000000
19.7921, 56.3247, -29.8816, 345.0804, 414.2242, -50.1090, 272.3721, 19.9387, 54.6010, -64.9800, -0.115660, -0.992066, 0.049273, 0.056325, 0.993028, -0.114351, 0.028610, -0.029882, -0.022749, 0.052239, 0.998375, 0.345080, 0.000000, 0.000000, 0.000000, 1.000000, -0.060858, 0.065683, 0.995983, 0.414224, 0.114346, 0.991722, -0.058415, -0.050109, -0.991575, 0.110332, -0.067865, 0.272372, 0.000000, 0.000000, 0.000000, 1.000000, 0.996273, -0.036055, 0.078355, 0.019939, 0.076996, -0.037672, -0.996319, 0.054601, 0.038874, 0.998639, -0.034755, -0.064980, 0.000000, 0.000000, 0.000000, 1.000000
20.0336, 56.3918, -30.5143, 345.4015, 414.5694, -50.1780, 272.9917, 20.0686, 53.8966, -65.0149, -0.108149, -0.992651, 0.054295, 0.056392, 0.994100, -0.108438, -0.002409, -0.030514, 0.008278, 0.053714, 0.998522, 0.345402, 0.000000, 0.000000, 0.000000, 1.000000, -0.029967, 0.066929, 0.997308, 0.414569, 0.106551, 0.992284, -0.063391, -0.050178, -0.993856, 0.104365, -0.036867, 0.272992, 0.000000, 0.000000, 0.000000, 1.000000, 0.998329, -0.033851, 0.046825, 0.020069, 0.045566, -0.037028, -0.998275, 0.053897, 0.035527, 0.998741, -0.035423, -0.065015, 0.000000, 0.000000, 0.000000, 1.000000
20.2890, 56.3333, -30.7733, 345.2221, 414.4010, -50.1174, 273.2576, 20.5957, 53.6941, -64.9616, -0.110304, -0.991938, 0.062385, 0.056333, 0.993789, -0.109143, 0.021730, -0.030773, -0.014746, 0.064395, 0.997816, 0.345222, 0.000000, 0.000000, 0.000000, 1.000000, -0.052941, 0.077623, 0.995576, 0.414401, 0.108916, 0.991475, -0.071511, -0.050117, -0.992640, 0.104649, -0.060944, 0.273258, 0.000000, 0.000000, 0.000000, 1.000000, 0.996821, -0.038064, 0.069991, 0.020596, 0.068226, -0.045843, -0.996616, 0.053694, 0.041144, 0.998223, -0.043100, -0.064962, 0.000000, 0.000000, 0.000000, 1.000000
20.3819, 56.3371, -31.5023, 344.8497, 414.0576, -50.1167, 274.0006, 20.1371, 53.8942, -64.9306, -0.106549, -0.992322, 0.062810, 0.056337, 0.994223, -0.105503, 0.019750, -0.031502, -0.012972, 0.064551, 0.997830, 0.344850, 0.000000, 0.000000, 0.000000, 1.000000, -0.051219, 0.077639, 0.995665, 0.414058, 0.105145, 0.991852, -0.071933, -0.050117, -0.993137, 0.101005, -0.058965, 0.274001, 0.000000, 0.000000, 0.000000, 1.000000, 0.997048, -0.035868, 0.067894, 0.020137, 0.066253, -0.045113, -0.996782, 0.053894, 0.038815, 0.998338, -0.042603, -0.064931, 0.000000, 0.000000, 0.000000, 1.000000
20.6186, 56.3185, -31.6882, 344.4668, 413.6824, -50.0944, 274.2015, 20.6655, 53.9250, -64.9269, -0.105306, -0.992562, 0.061093, 0.056319, 0.994274, -0.103968, 0.024688, -0.031688, -0.018153, 0.063343, 0.997827, 0.344467, 0.000000, 0.000000, 0.000000, 1.000000, -0.056409, 0.076373, 0.995482, 0.413682, 0.103949, 0.992100, -0.070223, -0.050094, -0.992982, 0.099518, -0.063903, 0.274201, 0.000000, 0.000000, 0.000000, 1.000000, 0.996627, -0.038118, 0.072675, 0.020665, 0.071063, -0.042060, -0.996585, 0.053925, 0.041044, 0.998388, -0.039210, -0.064927, 0.000000, 0.000000, 0.000000, 1.000000
20.6767, 56.2965, -32.1165, 344.2367, 413.4696, -50.0696, 274.6385, 20.4077, 54.0497, -64.8876, -0.102709, -0.993006, 0.058230, 0.056296, 0.994500, -0.101306, 0.026571, -0.032117, -0.020486, 0.060639, 0.997950, 0.344237, 0.000000, 0.000000, 0.000000, 1.000000, -0.058773, 0.073570, 0.995557, 0.413470, 0.101374, 0.992565, -0.067364, -0.050070, -0.993111, 0.096964, -0.065794, 0.274638, 0.000000, 0.000000, 0.000000, 1.000000, 0.996540, -0.036493, 0.074671, 0.020408, 0.073252, -0.038782, -0.996559, 0.054050, 0.039263, 0.998581, -0.035975, -0.064888, 0.000000, 0.000000, 0.000000, 1.000000
20.8734, 56.2992, -32.6040, 344.3740, 413.6260, -50.0728, 275.1202, 20.5376, 53.6034, -64.8718, -0.098879, -0.992829, 0.067181, 0.056299, 0.995030, -0.097847, 0.018494, -0.032604, -0.011788, 0.068676, 0.997569, 0.344374, 0.000000, 0.000000, 0.000000, 1.000000, -0.050137, 0.081462, 0.995415, 0.413626, 0.097464, 0.992310, -0.076299, -0.050073, -0.993975, 0.093191, -0.057691, 0.275120, 0.000000, 0.000000, 0.000000, 1.000000, 0.997190, -0.035741, 0.065840, 0.020538, 0.064202, -0.045173, -0.996914, 0.053603, 0.038605, 0.998340, -0.042752, -0.064872, 0.000000, 0.000000, 0.000000, 1.000000
21.0535, 56.2587, -33.3656, 343.7375, 413.0205, -50.0254, 275.9062, 20.3054, 53.9414, -64.8171, -0.097140, -0.992909, 0.068522, 0.056259, 0.994984, -0.095229, 0.030634, -0.033366, -0.023892, 0.071154, 0.997179, 0.343738, 0.000000, 0.000000, 0.000000, 1.000000, -0.062245, 0.083836, 0.994534, 0.413021, 0.095835, 0.992364, -0.077655, -0.050025, -0.993449, 0.090477, -0.069804, 0.275906, 0.000000, 0.000000, 0.000000, 1.000000, 0.996334, -0.035839, 0.077674, 0.020305, 0.075990, -0.046174, -0.996039, 0.053941, 0.039283, 0.998290, -0.043281, -0.064817, 0.000000, 0.000000, 0.000000, 1.000000
21.2924, 56.2549, -34.0429, 343.7267, 413.0364, -50.0204, 276.5834, 20.3683, 53.5736, -64.7945, -0.090758, -0.993974, 0.061469, 0.056255, 0.995854, -0.090206, 0.011713, -0.034043, -0.006098, 0.062278, 0.998040, 0.343727, 0.000000, 0.000000, 0.000000, 1.000000, -0.044558, 0.074778, 0.996204, 0.413036, 0.089290, 0.993502, -0.070582, -0.050020, -0.995008, 0.085806, -0.050945, 0.276583, 0.000000, 0.000000, 0.000000, 1.000000, 0.997647, -0.034989, 0.058966, 0.020368, 0.057733, -0.035255, -0.997709, 0.053574, 0.036988, 0.998766, -0.033152, -0.064795, 0.000000, 0.000000, 0.000000, 1.000000
21.5380, 56.2404, -34.2565, 343.5896, 412.9080, -50.0044, 276.8022, 20.9085, 53.3452, -64.7905, -0.088636, -0.993500, 0.071420, 0.056240, 0.996063, -0.088292, 0.007957, -0.034256, -0.001600, 0.071844, 0.997415, 0.343590, 0.000000, 0.000000, 0.000000, 1.000000, -0.040091, 0.084257, 0.995637, 0.412908, 0.087126, 0.992938, -0.080520, -0.050004, -0.995390, 0.083518, -0.047149, 0.276802, 0.000000, 0.000000, 0.000000, 1.000000, 0.997851, -0.036494, 0.054412, 0.020908, 0.052834, -0.042899, -0.997681, 0.053345, 0.038744, 0.998413, -0.040879, -0.064791, 0.000000, 0.000000, 0.000000, 1.000000
21.6426, 56.1350, -34.9180, 342.8125, 412.1586, -49.8909, 277.4937, 20.5381, 53.9411, -64.6846, -0.086673, -0.993756, 0.070262, 0.056135, 0.996037, -0.085028, 0.026079, -0.034918, -0.019941, 0.072244, 0.997188, 0.342813, 0.000000, 0.000000, 0.000000, 1.000000, -0.058434, 0.084530, 0.994706, 0.412159, 0.085331, 0.993185, -0.079388, -0.049891, -0.994638, 0.080240, -0.065249, 0.277494, 0.000000, 0.000000, 0.000000, 1.000000, 0.996765, -0.034856, 0.072422, 0.020538, 0.070928, -0.042353, -0.996582, 0.053941, 0.037804, 0.998495, -0.039744, -0.064685, 0.000000, 0.000000, 0.000000, 1.000000
21.8780, 56.1669, -35.5699, 342.7086, 412.0803, -49.9208, 278.1492, 20.6087, 53.6721, -64.7070, -0.081507, -0.994110, 0.071427, 0.056167, 0.996544, -0.080135, 0.021874, -0.035570, -0.016021, 0.072963, 0.997206, 0.342709, 0.000000, 0.000000, 0.000000, 1.000000, -0.054584, 0.085059, 0.994880, 0.412080, 0.080129, 0.993525, -0.080547, -0.049921, -0.995289, 0.075322, -0.061046, 0.278149, 0.000000, 0.000000, 0.000000, 1.000000, 0.997124, -0.033633, 0.067920, 0.020609, 0.066522, -0.041072, -0.996939, 0.053672, 0.036320, 0.998590, -0.038716, -0.064707, 0.000000, 0.000000, 0.000000, 1.000000
22.1088, 56.1989, -35.8169, 342.6418, 412.0230, -49.9519, 278.3987, 21.0710, 53.3920, -64.7465, -0.079529, -0.994765, 0.064168, 0.056199, 0.996802, -0.078856, 0.012956, -0.035817, -0.007828, 0.064993, 0.997855, 0.342642, 0.000000, 0.000000, 0.000000, 1.000000, -0.046426, 0.077051, 0.995946, 0.412023, 0.078075, 0.994251, -0.073280, -0.049952, -0.995866, 0.074357, -0.052175, 0.278399, 0.000000, 0.000000, 0.000000, 1.000000, 0.997591, -0.036358, 0.059081, 0.021071, 0.057953, -0.031314, -0.997828, 0.053392, 0.038129, 0.998848, -0.029131, -0.064746, 0.000000, 0.000000, 0.000000, 1.000000
22.2194, 56.1159, -36.5304, 342.2405, 411.6509, -49.8641, 279.1274, 20.6841, 53.6022, -64.6567, -0.077306, -0.994418, 0.071814, 0.056116, 0.996796, -0.075607, 0.026087, -0.036530, -0.020511, 0.073600, 0.997077, 0.342241, 0.000000, 0.000000, 0.000000, 1.000000, -0.059118, 0.085520, 0.994581, 0.411651, 0.075968, 0.993820, -0.080939, -0.049864, -0.995356, 0.070772, -0.065250, 0.279127, 0.000000, 0.000000, 0.000000, 1.000000, 0.996829, -0.034452, 0.071722, 0.020684, 0.070371, -0.038942, -0.996760, 0.053602, 0.037133, 0.998647, -0.036394, -0.064657, 0.000000, 0.000000, 0.000000, 1.000000
22.4726, 56.0915, -37.2205, 342.0240, 411.4620, -49.8366, 279.8254, 20.7680, 53.4209, -64.6322, -0.072354, -0.994937, 0.069757, 0.056091, 0.997302, -0.071300, 0.017488, -0.037220, -0.012426, 0.070834, 0.997411, 0.342024, 0.000000, 0.000000, 0.000000, 1.000000, -0.051105, 0.082591, 0.995272, 0.411462, 0.070942, 0.994357, -0.078872, -0.049837, -0.996170, 0.066576, -0.056675, 0.279825, 0.000000, 0.000000, 0.000000, 1.000000, 0.997430, -0.034258, 0.062933, 0.020768, 0.061768, -0.034074, -0.997509, 0.053421, 0.036317, 0.998832, -0.031871, -0.064632, 0.000000, 0.000000, 0.000000, 1.000000
22.7284, 55.9639, -37.4516, 341.4512, 410.8999, -49.7035, 280.0787, 21.3042, 53.6174, -64.5363, -0.073924, -0.994688, 0.071627, 0.055964, 0.996781, -0.071464, 0.036329, -0.037452, -0.031018, 0.074082, 0.996770, 0.341451, 0.000000, 0.000000, 0.000000, 1.000000, -0.069646, 0.085841, 0.993872, 0.410900, 0.072682, 0.994080, -0.080765, -0.049703, -0.994920, 0.066612, -0.075473, 0.280079, 0.000000, 0.000000, 0.000000, 1.000000, 0.995950, -0.038306, 0.081346, 0.021304, 0.080001, -0.035430, -0.996165, 0.053617, 0.041041, 0.998638, -0.032222, -0.064536, 0.000000, 0.000000, 0.000000, 1.000000
22.8344, 55.9788, -38.0881, 341.4381, 410.9118, -49.7173, 280.7152, 20.9948, 53.4473, -64.5388, -0.067722, -0.995057, 0.072634, 0.055979, 0.997676, -0.066991, 0.012458, -0.038088, -0.007531, 0.073309, 0.997281, 0.341438, 0.000000, 0.000000, 0.000000, 1.000000, -0.046270, 0.084895, 0.995315, 0.410912, 0.066265, 0.994448, -0.081741, -0.049717, -0.996729, 0.062172, -0.051639, 0.280715, 0.000000, 0.000000, 0.000000, 1.000000, 0.997720, -0.035535, 0.057379, 0.020995, 0.056189, -0.033648, -0.997853, 0.053447, 0.037389, 0.998802, -0.031574, -0.064539, 0.000000, 0.000000, 0.000000, 1.000000
23.0482, 55.9573, -38.4042, 341.1516, 410.6382, -49.6927, 281.0423, 21.3266, 53.4107, -64.5338, -0.066822, -0.994066, 0.085839, 0.055957, 0.997494, -0.064552, 0.028953, -0.038404, -0.023240, 0.087559, 0.995888, 0.341152, 0.000000, 0.000000, 0.000000, 1.000000, -0.061967, 0.099028, 0.993153, 0.410638, 0.065508, 0.993324, -0.094957, -0.049693, -0.995926, 0.059175, -0.068041, 0.281042, 0.000000, 0.000000, 0.000000, 1.000000, 0.996674, -0.035829, 0.073199, 0.021327, 0.071515, -0.046209, -0.996369, 0.053411, 0.039082, 0.998289, -0.043493, -0.064534, 0.000000, 0.000000, 0.000000, 1.000000
23.1635, 55.8945, -39.0855, 340.7717, 410.2861, -49.6254, 281.7379, 20.9861, 53.5950, -64.4774, -0.064451, -0.994227, 0.085785, 0.055894, 0.997688, -0.062343, 0.027039, -0.039085, -0.021535, 0.087330, 0.995947, 0.340772, 0.000000, 0.000000, 0.000000, 1.000000, -0.060293, 0.098713, 0.993288, 0.410286, 0.063122, 0.993484, -0.094901, -0.049625, -0.996183, 0.056976, -0.066131, 0.281738, 0.000000, 0.000000, 0.000000, 1.000000, 0.996834, -0.035448, 0.071173, 0.020986, 0.069553, -0.045015, -0.996562, 0.053595, 0.038530, 0.998357, -0.042407, -0.064477, 0.000000, 0.000000, 0.000000, 1.000000
23.3687, 55.8879, -39.3266, 340.5452, 410.0693, -49.6163, 281.9878, 21.3683, 53.5141, -64.4882, -0.062852, -0.994546, 0.083229, 0.055888, 0.997704, -0.060504, 0.030443, -0.039327, -0.025241, 0.084951, 0.996065, 0.340545, 0.000000, 0.000000, 0.000000, 1.000000, -0.064011, 0.096267, 0.993295, 0.410069, 0.061557, 0.993822, -0.092351, -0.049616, -0.996049, 0.055232, -0.069542, 0.281988, 0.000000, 0.000000, 0.000000, 1.000000, 0.996543, -0.036949, 0.074413, 0.021368, 0.072888, -0.041017, -0.996496, 0.053514, 0.039872, 0.998475, -0.038182, -0.064488, 0.000000, 0.000000, 0.000000, 1.000000
23.4540, 55.9054, -40.0112, 340.8394, 410.3901, -49.6355, 282.6603, 20.9608, 53.0658, -64.4829, -0.056964, -0.994667, 0.085985, 0.055905, 0.998296, -0.055656, 0.017536, -0.040011, -0.012657, 0.086837, 0.996142, 0.340839, 0.000000, 0.000000, 0.000000, 1.000000, -0.051514, 0.097961, 0.993856, 0.410390, 0.055553, 0.993918, -0.095088, -0.049635, -0.997126, 0.050313, -0.056642, 0.282660, 0.000000, 0.000000, 0.000000, 1.000000, 0.997557, -0.033363, 0.061379, 0.020961, 0.059959, -0.042041, -0.997315, 0.053066, 0.035854, 0.998559, -0.039938, -0.064483, 0.000000, 0.000000, 0.000000, 1.000000
23.7255, 55.8746, -40.1942, 340.5456, 410.1041, -49.6018, 282.8547, 21.6031, 52.9598, -64.4784, -0.055824, -0.994956, 0.083349, 0.055875, 0.998320, -0.054323, 0.020177, -0.040194, -0.015548, 0.084335, 0.996316, 0.340546, 0.000000, 0.000000, 0.000000, 1.000000, -0.054414, 0.095411, 0.993950, 0.410104, 0.054440, 0.994227, -0.092458, -0.049602, -0.997033, 0.049079, -0.059294, 0.282855, 0.000000, 0.000000, 0.000000, 1.000000, 0.997300, -0.036419, 0.063766, 0.021603, 0.062401, -0.037451, -0.997348, 0.052960, 0.038711, 0.998635, -0.035077, -0.064478, 0.000000, 0.000000, 0.000000, 1.000000
23.8184, 55.8290, -40.8981, 340.3810, 409.9677, -49.5536, 283.5644, 21.1799, 52.9611, -64.4351, -0.052821, -0.994575, 0.089610, 0.055829, 0.998464, -0.051096, 0.021439, -0.040898, -0.016744, 0.090605, 0.995746, 0.340381, 0.000000, 0.000000, 0.000000, 1.000000, -0.055642, 0.101545, 0.993274, 0.409968, 0.051447, 0.993785, -0.098715, -0.049554, -0.997124, 0.045609, -0.060520, 0.283564, 0.000000, 0.000000, 0.000000, 1.000000, 0.997305, -0.034385, 0.064814, 0.021180, 0.063320, -0.042892, -0.997071, 0.052961, 0.037064, 0.998488, -0.040599, -0.064435, 0.000000, 0.000000, 0.000000, 1.000000
24.0685, 55.7979, -41.1514, 340.0938, 409.6910, -49.5195, 283.8288, 21.6863, 52.8766, -64.4288, -0.050953, -0.995030, 0.085553, 0.055798, 0.998586, -0.049461, 0.019470, -0.041151, -0.015142, 0.086424, 0.996143, 0.340094, 0.000000, 0.000000, 0.000000, 1.000000, -0.054062, 0.097307, 0.993785, 0.409691, 0.049564, 0.994275, -0.094659, -0.049520, -0.997307, 0.044139, -0.058576, 0.283829, 0.000000, 0.000000, 0.000000, 1.000000, 0.997355, -0.036876, 0.062629, 0.021686, 0.061275, -0.036764, -0.997444, 0.052877, 0.039084, 0.998643, -0.034407, -0.064429, 0.000000, 0.000000, 0.000000, 1.000000
24.1895, 55.6956, -41.8682, 339.8192, 409.4459, -49.4136, 284.5556, 21.3321, 52.9499, -64.3401, -0.048971, -0.994663, 0.090813, 0.055696, 0.998521, -0.046607, 0.027977, -0.041868, -0.023595, 0.092049, 0.995475, 0.339819, 0.000000, 0.000000, 0.000000, 1.000000, -0.062525, 0.102811, 0.992734, 0.409446, 0.047660, 0.993853, -0.099925, -0.049414, -0.996905, 0.041066, -0.067040, 0.284556, 0.000000, 0.000000, 0.000000, 1.000000, 0.996843, -0.035687, 0.070921, 0.021332, 0.069431, -0.041370, -0.996729, 0.052950, 0.038504, 0.998506, -0.038762, -0.064340, 0.000000, 0.000000, 0.000000, 1.000000
24.3990, 55.5515, -42.4979, 339.1091, 408.7625, -49.2620, 285.2126, 21.3187, 53.3363, -64.2413, -0.046440, -0.994808, 0.090560, 0.055551, 0.998495, -0.043583, 0.033276, -0.042498, -0.029157, 0.091969, 0.995335, 0.339109, 0.000000, 0.000000, 0.000000, 1.000000, -0.068103, 0.102614, 0.992387, 0.408763, 0.045180, 0.993993, -0.099679, -0.049262, -0.996655, 0.038047, -0.072330, 0.285213, 0.000000, 0.000000, 0.000000, 1.000000, 0.996460, -0.035971, 0.075977, 0.021319, 0.074546, -0.039593, -0.996431, 0.053336, 0.038851, 0.998568, -0.036771, -0.064241, 0.000000, 0.000000, 0.000000, 1.000000
24.6681, 55.5349, -43.2270, 338.8402, 408.5228, -49.2419, 285.9517, 21.4085, 53.1858, -64.2523, -0.041335, -0.994160, 0.099684, 0.055535, 0.998790, -0.038452, 0.030669, -0.043227, -0.026657, 0.100831, 0.994546, 0.338840, 0.000000, 0.000000, 0.000000, 1.000000, -0.065663, 0.111260, 0.991620, 0.408523, 0.040051, 0.993257, -0.108791, -0.049242, -0.997038, 0.032572, -0.069677, 0.285952, 0.000000, 0.000000, 0.000000, 1.000000, 0.996725, -0.034709, 0.073037, 0.021408, 0.071400, -0.046247, -0.996375, 0.053186, 0.037961, 0.998327, -0.043617, -0.064252, 0.000000, 0.000000, 0.000000, 1.000000
24.8746, 55.5124, -43.9302, 338.5791, 408.2898, -49.2159, 286.6646, 21.3312, 53.1197, -64.2564, -0.036612, -0.994971, 0.093233, 0.055512, 0.999202, -0.034958, 0.019314, -0.043930, -0.015957, 0.093866, 0.995457, 0.338579, 0.000000, 0.000000, 0.000000, 1.000000, -0.055031, 0.104170, 0.993036, 0.408290, 0.035230, 0.994126, -0.102332, -0.049216, -0.997863, 0.029353, -0.058378, 0.286665, 0.000000, 0.000000, 0.000000, 1.000000, 0.997502, -0.034769, 0.061492, 0.021331, 0.060181, -0.037569, -0.997480, 0.053120, 0.036991, 0.998689, -0.035382, -0.064256, 0.000000, 0.000000, 0.000000, 1.000000
25.1282, 55.4444, -44.5857, 338.5751, 408.3123, -49.1469, 287.3196, 21.4575, 52.7339, -64.2048, -0.030015, -0.995326, 0.091795, 0.055444, 0.999487, -0.028859, 0.013894, -0.044586, -0.011180, 0.092165, 0.995681, 0.338575, 0.000000, 0.000000, 0.000000, 1.000000, -0.050329, 0.102233, 0.993487, 0.408312, 0.028590, 0.994487, -0.100888, -0.049147, -0.998323, 0.023326, -0.052975, 0.287320, 0.000000, 0.000000, 0.000000, 1.000000, 0.997906, -0.032746, 0.055780, 0.021457, 0.054676, -0.033708, -0.997935, 0.052734, 0.034559, 0.998895, -0.031847, -0.064205, 0.000000, 0.000000, 0.000000, 1.000000
25.3651, 55.4194, -44.8675, 338.3021, 408.0509, -49.1190, 287.6120, 21.8949, 52.6537, -64.2102, -0.028824, -0.995626, 0.088871, 0.055419, 0.999413, -0.027059, 0.021002, -0.044868, -0.018506, 0.089424, 0.995822, 0.338302, 0.000000, 0.000000, 0.000000, 1.000000, -0.057656, 0.099426, 0.993373, 0.408051, 0.027466, 0.994810, -0.097976, -0.049119, -0.997959, 0.021635, -0.060088, 0.287612, 0.000000, 0.000000, 0.000000, 1.000000, 0.997435, -0.034796, 0.062557, 0.021895, 0.061557, -0.029118, -0.997679, 0.052654, 0.036537, 0.998970, -0.026901, -0.064210, 0.000000, 0.000000, 0.000000, 1.000000
25.4600, 55.3883, -45.5631, 338.2981, 408.0746, -49.0868, 288.3071, 21.4912, 52.4942, -64.1906, -0.026431, -0.995134, 0.094924, 0.055388, 0.999504, -0.024683, 0.019544, -0.045563, -0.017106, 0.095393, 0.995293, 0.338298, 0.000000, 0.000000, 0.000000, 1.000000, -0.056283, 0.105293, 0.992847, 0.408075, 0.025060, 0.994259, -0.104022, -0.049087, -0.998100, 0.019027, -0.058599, 0.288307, 0.000000, 0.000000, 0.000000, 1.000000, 0.997567, -0.033668, 0.061043, 0.021491, 0.059888, -0.034297, -0.997616, 0.052494, 0.035681, 0.998844, -0.032198, -0.064191, 0.000000, 0.000000, 0.000000, 1.000000
25.7139, 55.2600, -46.2460, 337.4946, 407.2999, -48.9501, 289.0209, 21.5569, 52.9090, -64.1351, -0.023222, -0.995454, 0.092373, 0.055260, 0.999419, -0.020808, 0.027007, -0.046246, -0.024962, 0.092947, 0.995358, 0.337495, 0.000000, 0.000000, 0.000000, 1.000000, -0.064159, 0.102698, 0.992641, 0.407300, 0.021923, 0.994596, -0.101483, -0.048950, -0.997699, 0.015251, -0.066064, 0.289021, 0.000000, 0.000000, 0.000000, 1.000000, 0.997099, -0.033900, 0.068150, 0.021557, 0.067150, -0.029789, -0.997298, 0.052909, 0.035838, 0.998981, -0.027426, -0.064135, 0.000000, 0.000000, 0.000000, 1.000000
25.9460, 55.2875, -46.4535, 337.9311, 407.7439, -48.9813, 289.2111, 22.0822, 52.1285, -64.1477, -0.021206, -0.994442, 0.103126, 0.055287, 0.999709, -0.019905, 0.013632, -0.046454, -0.011503, 0.103385, 0.994575, 0.337931, 0.000000, 0.000000, 0.000000, 1.000000, -0.050740, 0.113083, 0.992289, 0.407744, 0.019784, 0.993488, -0.112208, -0.048981, -0.998516, 0.013938, -0.052647, 0.289211, 0.000000, 0.000000, 0.000000, 1.000000, 0.997847, -0.036223, 0.054677, 0.022082, 0.053279, -0.038497, -0.997837, 0.052128, 0.038250, 0.998602, -0.036485, -0.064148, 0.000000, 0.000000, 0.000000, 1.000000
26.0496, 55.1557, -47.1629, 337.3921, 407.2346, -48.8435, 289.9409, 21.6685, 52.4964, -64.0700, -0.017214, -0.994336, 0.104882, 0.055156, 0.999674, -0.015138, 0.020559, -0.047163, -0.018855, 0.105201, 0.994272, 0.337392, 0.000000, 0.000000, 0.000000, 1.000000, -0.058121, 0.114709, 0.991697, 0.407235, 0.015859, 0.993357, -0.113971, -0.048843, -0.998184, 0.009103, -0.059554, 0.289941, 0.000000, 0.000000, 0.000000, 1.000000, 0.997560, -0.033020, 0.061508, 0.021669, 0.060196, -0.039353, -0.997411, 0.052496, 0.035355, 0.998680, -0.037269, -0.064070, 0.000000, 0.000000, 0.000000, 1.000000
26.2850, 55.1022, -47.6288, 337.3518, 407.2132, -48.7889, 290.4080, 21.9249, 52.1819, -64.0397, -0.015196, -0.994542, 0.103224, 0.055102, 0.999764, -0.013507, 0.017043, -0.047629, -0.015556, 0.103458, 0.994512, 0.337352, 0.000000, 0.000000, 0.000000, 1.000000, -0.054846, 0.112905, 0.992091, 0.407213, 0.013811, 0.993577, -0.112310, -0.048789, -0.998399, 0.007542, -0.056053, 0.290408, 0.000000, 0.000000, 0.000000, 1.000000, 0.997715, -0.035173, 0.057694, 0.021925, 0.056436, -0.035784, -0.997765, 0.052182, 0.037159, 0.998740, -0.033717, -0.064040, 0.000000, 0.000000, 0.000000, 1.000000
26.4488, 54.9940, -48.1120, 336.8067, 406.6885, -48.6750, 290.9121, 21.9227, 52.4771, -63.9886, -0.013740, -0.994261, 0.106096, 0.054994, 0.999615, -0.011103, 0.025410, -0.048112, -0.024086, 0.106404, 0.994031, 0.336807, 0.000000, 0.000000, 0.000000, 1.000000, -0.063377, 0.115751, 0.991254, 0.406689, 0.012433, 0.993266, -0.115191, -0.048675, -0.997912, 0.005024, -0.064389, 0.290912, 0.000000, 0.000000, 0.000000, 1.000000, 0.997203, -0.035234, 0.065921, 0.021923, 0.064599, -0.037425, -0.997209, 0.052477, 0.037603, 0.998678, -0.035044, -0.063989, 0.000000, 0.000000, 0.000000, 1.000000
26.6193, 54.8887, -48.8015, 336.3509, 406.2613, -48.5645, 291.6187, 21.7387, 52.6655, -63.9424, -0.009272, -0.994106, 0.108012, 0.054889, 0.999590, -0.006289, 0.027927, -0.048801, -0.027083, 0.108226, 0.993757, 0.336351, 0.000000, 0.000000, 0.000000, 1.000000, -0.066411, 0.117380, 0.990864, 0.406261, 0.007993, 0.993087, -0.117108, -0.048564, -0.997760, 0.000142, -0.066890, 0.291619, 0.000000, 0.000000, 0.000000, 1.000000, 0.997119, -0.033041, 0.068286, 0.021739, 0.067027, -0.037793, -0.997035, 0.052666, 0.035524, 0.998739, -0.035469, -0.063942, 0.000000, 0.000000, 0.000000, 1.000000
26.8760, 54.8079, -49.5139, 336.1179, 406.0573, -48.4805, 292.3397, 21.8057, 52.5055, -63.9123, -0.005885, -0.993647, 0.112389, 0.054808, 0.999676, -0.003064, 0.025250, -0.049514, -0.024745, 0.112501, 0.993343, 0.336118, 0.000000, 0.000000, 0.000000, 1.000000, -0.064109, 0.121520, 0.990516, 0.406057, 0.004584, 0.992584, -0.121477, -0.048481, -0.997932, -0.003247, -0.064190, 0.292340, 0.000000, 0.000000, 0.000000, 1.000000, 0.997287, -0.033694, 0.065451, 0.021806, 0.064088, -0.040050, -0.997140, 0.052505, 0.036219, 0.998629, -0.037782, -0.063912, 0.000000, 0.000000, 0.000000, 1.000000
27.1362, 54.6729, -50.1417, 335.6976, 405.6633, -48.3407, 292.9833, 21.9588, 52.5347, -63.8423, -0.002290, -0.993713, 0.111937, 0.054673, 0.999669, 0.000596, 0.025737, -0.050142, -0.025642, 0.111958, 0.993382, 0.335698, 0.000000, 0.000000, 0.000000, 1.000000, -0.065037, 0.120834, 0.990540, 0.405663, 0.000997, 0.992649, -0.121026, -0.048341, -0.997882, -0.006883, -0.064679, 0.292983, 0.000000, 0.000000, 0.000000, 1.000000, 0.997259, -0.034162, 0.065628, 0.021959, 0.064343, -0.037426, -0.997226, 0.052535, 0.036524, 0.998715, -0.035125, -0.063842, 0.000000, 0.000000, 0.000000, 1.000000
27.5461, 54.6374, -50.8421, 335.8688, 405.8623, -48.3057, 293.6764, 22.5241, 51.7489, -63.8359, 0.003370, -0.993567, 0.113193, 0.054637, 0.999822, 0.005452, 0.018085, -0.050842, -0.018586, 0.113112, 0.993408, 0.335869, 0.000000, 0.000000, 0.000000, 1.000000, -0.058044, 0.121793, 0.990857, 0.405862, -0.004727, 0.992486, -0.122270, -0.048306, -0.998303, -0.011781, -0.057032, 0.293676, 0.000000, 0.000000, 0.000000, 1.000000, 0.997702, -0.035726, 0.057563, 0.022524, 0.056302, -0.035349, -0.997788, 0.051749, 0.037682, 0.998736, -0.033256, -0.063836, 0.000000, 0.000000, 0.000000, 1.000000
27.6699, 54.5226, -51.5228, 335.2657, 405.2876, -48.1844, 294.3801, 22.1990, 52.1543, -63.8033, 0.007594, -0.993282, 0.115466, 0.054523, 0.999774, 0.009833, 0.018828, -0.051523, -0.019837, 0.115297, 0.993133, 0.335266, 0.000000, 0.000000, 0.000000, 1.000000, -0.059330, 0.123801, 0.990532, 0.405288, -0.008939, 0.992174, -0.124542, -0.048184, -0.998198, -0.016244, -0.057759, 0.294380, 0.000000, 0.000000, 0.000000, 1.000000, 0.997749, -0.033215, 0.058255, 0.022199, 0.057039, -0.036461, -0.997706, 0.052154, 0.035263, 0.998783, -0.034484, -0.063803, 0.000000, 0.000000, 0.000000, 1.000000
27.8863, 54.4588, -51.7702, 335.0552, 405.0876, -48.1183, 294.6355, 22.6070, 52.0475, -63.7754, 0.007389, -0.993259, 0.115679, 0.054459, 0.999555, 0.010677, 0.027836, -0.051770, -0.028883, 0.115422, 0.992897, 0.335055, 0.000000, 0.000000, 0.000000, 1.000000, -0.068359, 0.123892, 0.989938, 0.405088, -0.008651, 0.992148, -0.124766, -0.048118, -0.997623, -0.017093, -0.066750, 0.294636, 0.000000, 0.000000, 0.000000, 1.000000, 0.997112, -0.035778, 0.066994, 0.022607, 0.065748, -0.034944, -0.997224, 0.052048, 0.038020, 0.998749, -0.032491, -0.063775, 0.000000, 0.000000, 0.000000, 1.000000
27.9755, 54.4300, -52.4855, 335.1450, 405.2058, -48.0892, 295.3466, 22.1688, 51.8050, -63.7768, 0.011964, -0.993501, 0.113197, 0.054430, 0.999659, 0.014513, 0.021719, -0.052485, -0.023221, 0.112898, 0.993335, 0.335145, 0.000000, 0.000000, 0.000000, 1.000000, -0.062746, 0.121222, 0.990640, 0.405206, -0.013278, 0.992407, -0.122279, -0.048089, -0.997941, -0.020826, -0.060660, 0.295347, 0.000000, 0.000000, 0.000000, 1.000000, 0.997597, -0.033452, 0.060668, 0.022169, 0.059615, -0.031603, -0.997721, 0.051805, 0.035293, 0.998941, -0.029533, -0.063777, 0.000000, 0.000000, 0.000000, 1.000000
28.2146, 54.1875, -53.1572, 334.3366, 404.4268, -47.8383, 296.0492, 22.1933, 52.2603, -63.6459, 0.014962, -0.992894, 0.118057, 0.054187, 0.999406, 0.018517, 0.029078, -0.053157, -0.031057, 0.117551, 0.992581, 0.334337, 0.000000, 0.000000, 0.000000, 1.000000, -0.070594, 0.125708, 0.989552, 0.404427, -0.016203, 0.991752, -0.127143, -0.047838, -0.997374, -0.025010, -0.067974, 0.296049, 0.000000, 0.000000, 0.000000, 1.000000, 0.997141, -0.033037, 0.067957, 0.022193, 0.066821, -0.034358, -0.997173, 0.052260, 0.035278, 0.998863, -0.032053, -0.063646, 0.000000, 0.000000, 0.000000, 1.000000
28.4864, 54.1487, -53.6548, 334.3279, 404.4380, -47.7987, 296.5467, 22.5288, 51.8623, -63.6444, 0.016188, -0.992548, 0.120776, 0.054149, 0.999233, 0.020367, 0.033443, -0.053655, -0.035654, 0.120142, 0.992116, 0.334328, 0.000000, 0.000000, 0.000000, 1.000000, -0.075191, 0.128220, 0.988891, 0.404438, -0.017388, 0.991379, -0.129865, -0.047799, -0.997018, -0.026959, -0.072313, 0.296547, 0.000000, 0.000000, 0.000000, 1.000000, 0.996768, -0.035370, 0.072129, 0.022529, 0.070899, -0.034876, -0.996874, 0.051862, 0.037775, 0.998766, -0.032256, -0.063644, 0.000000, 0.000000, 0.000000, 1.000000
28.6417, 54.0678, -54.1370, 334.2180, 404.3480, -47.7160, 297.0327, 22.5163, 51.7371, -63.6061, 0.018842, -0.991634, 0.127701, 0.054068, 0.999278, 0.022893, 0.030325, -0.054137, -0.032994, 0.127037, 0.991349, 0.334218, 0.000000, 0.000000, 0.000000, 1.000000, -0.072559, 0.135002, 0.988185, 0.404348, -0.020066, 0.990398, -0.136778, -0.047716, -0.997162, -0.029753, -0.069154, 0.297033, 0.000000, 0.000000, 0.000000, 1.000000, 0.996985, -0.035024, 0.069239, 0.022516, 0.067805, -0.040571, -0.996873, 0.051737, 0.037724, 0.998563, -0.038074, -0.063606, 0.000000, 0.000000, 0.000000, 1.000000
28.8188, 53.9528, -54.7849, 333.6192, 403.7763, -47.5946, 297.7035, 22.3878, 52.0643, -63.5896, 0.024138, -0.992624, 0.118805, 0.053953, 0.999028, 0.028334, 0.033759, -0.054785, -0.036876, 0.117874, 0.992344, 0.333619, 0.000000, 0.000000, 0.000000, 1.000000, -0.076476, 0.125641, 0.989124, 0.403776, -0.025326, 0.991464, -0.127896, -0.047595, -0.996750, -0.034831, -0.072641, 0.297703, 0.000000, 0.000000, 0.000000, 1.000000, 0.996873, -0.032735, 0.071918, 0.022388, 0.070949, -0.029847, -0.997033, 0.052064, 0.034784, 0.999018, -0.027431, -0.063590, 0.000000, 0.000000, 0.000000, 1.000000
29.0568, 53.9382, -55.0178, 333.6711, 403.8375, -47.5801, 297.9342, 22.8868, 51.6625, -63.5919, 0.025212, -0.992081, 0.123043, 0.053938, 0.999158, 0.028991, 0.029017, -0.055018, -0.032355, 0.122207, 0.991977, 0.333671, 0.000000, 0.000000, 0.000000, 1.000000, -0.071973, 0.129940, 0.988906, 0.403838, -0.026441, 0.990881, -0.132123, -0.047580, -0.997056, -0.035657, -0.067881, 0.297934, 0.000000, 0.000000, 0.000000, 1.000000, 0.997104, -0.035661, 0.067163, 0.022887, 0.066016, -0.032413, -0.997292, 0.051663, 0.037742, 0.998838, -0.029965, -0.063592, 0.000000, 0.000000, 0.000000, 1.000000
29.1499, 53.7884, -55.6491, 333.3049, 403.4979, -47.4261, 298.5791, 22.5217, 51.8835, -63.5210, 0.028315, -0.991672, 0.125635, 0.053788, 0.999039, 0.032281, 0.029644, -0.055649, -0.033453, 0.124675, 0.991634, 0.333305, 0.000000, 0.000000, 0.000000, 1.000000, -0.073093, 0.132271, 0.988515, 0.403498, -0.029534, 0.990444, -0.134713, -0.047426, -0.996888, -0.039041, -0.068488, 0.298579, 0.000000, 0.000000, 0.000000, 1.000000, 0.997125, -0.033746, 0.067844, 0.022522, 0.066695, -0.034093, -0.997191, 0.051883, 0.035964, 0.998849, -0.031745, -0.063521, 0.000000, 0.000000, 0.000000, 1.000000
29.5948, 53.6837, -56.3508, 333.1393, 403.3610, -47.3188, 299.2866, 23.1748, 51.3918, -63.4921, 0.032231, -0.990991, 0.129990, 0.053684, 0.998958, 0.036146, 0.027873, -0.056351, -0.032320, 0.128957, 0.991123, 0.333139, 0.000000, 0.000000, 0.000000, 1.000000, -0.071994, 0.136391, 0.988036, 0.403361, -0.033460, 0.989718, -0.139061, -0.047319, -0.996844, -0.043071, -0.066690, 0.299287, 0.000000, 0.000000, 0.000000, 1.000000, 0.997153, -0.036729, 0.065851, 0.023175, 0.064573, -0.034967, -0.997300, 0.051392, 0.038932, 0.998713, -0.032496, -0.063492, 0.000000, 0.000000, 0.000000, 1.000000
29.6914, 53.5199, -57.0833, 332.8636, 403.1160, -47.1514, 300.0291, 22.7207, 51.5163, -63.4126, 0.036147, -0.990765, 0.130682, 0.053520, 0.998696, 0.040532, 0.031044, -0.057083, -0.036054, 0.129390, 0.990938, 0.332864, 0.000000, 0.000000, 0.000000, 1.000000, -0.075750, 0.136649, 0.987719, 0.403116, -0.037342, 0.989482, -0.139757, -0.047151, -0.996427, -0.047470, -0.069850, 0.300029, 0.000000, 0.000000, 0.000000, 1.000000, 0.997046, -0.033850, 0.068944, 0.022721, 0.067775, -0.034545, -0.997102, 0.051516, 0.036134, 0.998830, -0.032149, -0.063413, 0.000000, 0.000000, 0.000000, 1.000000
29.8850, 53.4768, -57.3153, 332.7535, 403.0154, -47.1068, 300.2651, 23.0767, 51.3430, -63.4023, 0.035375, -0.990521, 0.132727, 0.053477, 0.998584, 0.040314, 0.034711, -0.057315, -0.039732, 0.131311, 0.990545, 0.332753, 0.000000, 0.000000, 0.000000, 1.000000, -0.079414, 0.138575, 0.987163, 0.403015, -0.036536, 0.989220, -0.141803, -0.047107, -0.996172, -0.047328, -0.073495, 0.300265, 0.000000, 0.000000, 0.000000, 1.000000, 0.996679, -0.037045, 0.072519, 0.023077, 0.071228, -0.035046, -0.996844, 0.051343, 0.039470, 0.998699, -0.032291, -0.063402, 0.000000, 0.000000, 0.000000, 1.000000
29.9716, 53.3878, -57.9168, 332.5921, 402.8787, -47.0155, 300.8724, 22.7313, 51.3663, -63.3792, 0.039435, -0.989704, 0.137588, 0.053388, 0.998650, 0.043696, 0.028087, -0.057917, -0.033810, 0.136295, 0.990091, 0.332592, 0.000000, 0.000000, 0.000000, 1.000000, -0.073536, 0.143414, 0.986927, 0.402879, -0.040650, 0.988353, -0.146650, -0.047015, -0.996464, -0.050902, -0.066850, 0.300872, 0.000000, 0.000000, 0.000000, 1.000000, 0.997198, -0.034837, 0.066207, 0.022731, 0.064829, -0.039318, -0.997122, 0.051366, 0.037340, 0.998619, -0.036950, -0.063379, 0.000000, 0.000000, 0.000000, 1.000000
30.0038, 53.4306, -57.9511, 332.8313, 403.1187, -47.0605, 300.8973, 22.8059, 51.0766, -63.4015, 0.039717, -0.989483, 0.139087, 0.053431, 0.998689, 0.043808, 0.026478, -0.057951, -0.032292, 0.137853, 0.989926, 0.332831, 0.000000, 0.000000, 0.000000, 1.000000, -0.072023, 0.144964, 0.986812, 0.403119, -0.040945, 0.988118, -0.148144, -0.047060, -0.996562, -0.051075, -0.065232, 0.300897, 0.000000, 0.000000, 0.000000, 1.000000, 0.997285, -0.035174, 0.064688, 0.022806, 0.063247, -0.040646, -0.997170, 0.051077, 0.037703, 0.998554, -0.038311, -0.063402, 0.000000, 0.000000, 0.000000, 1.000000
30.0038, 53.3971, -57.9213, 332.5772, 402.8639, -47.0246, 300.8775, 22.8258, 51.3337, -63.3909, 0.039387, -0.989989, 0.135538, 0.053397, 0.998525, 0.044068, 0.031708, -0.057921, -0.037364, 0.134089, 0.990265, 0.332577, 0.000000, 0.000000, 0.000000, 1.000000, -0.077081, 0.141198, 0.986976, 0.402864, -0.040569, 0.988657, -0.144606, -0.047025, -0.996199, -0.051187, -0.070479, 0.300878, 0.000000, 0.000000, 0.000000, 1.000000, 0.996958, -0.035058, 0.069612, 0.022826, 0.068318, -0.036844, -0.996983, 0.051334, 0.037517, 0.998706, -0.034337, -0.063391, 0.000000, 0.000000, 0.000000, 1.000000
