# Joint_A_Angle(deg), Cam_X(mm), Cam_Y(mm), Cam_Z(mm), Torso_X(mm), Torso_Y(mm), Torso_Z(mm), EE_X(mm), EE_Y(mm), EE_Z(mm), T_cam2marker_flat(16), T_torso2marker_flat(16), T_ee2marker_flat(16)
0.0000, 38.4694, -19.1095, 189.3193, 258.3274, -30.8528, 267.7162, -15.3848, -37.9829, -43.4634, 0.682372, 0.730748, -0.019374, 0.038469, -0.714321, 0.672194, 0.194682, -0.019109, 0.155286, -0.119006, 0.980675, 0.189319, 0.000000, 0.000000, 0.000000, 1.000000, 0.177162, -0.152046, 0.972366, 0.258327, -0.682669, -0.730657, 0.010129, -0.030853, 0.708926, -0.665599, -0.233242, 0.267716, 0.000000, 0.000000, 0.000000, 1.000000, -0.992319, 0.123529, 0.006634, -0.015385, 0.001030, -0.045372, 0.998970, -0.037983, 0.123703, 0.991303, 0.044896, -0.043463, 0.000000, 0.000000, 0.000000, 1.000000
0.1187, 38.3670, -18.9989, 189.2214, 258.2261, -30.7497, 267.6094, -15.2997, -38.0249, -43.4762, 0.682543, 0.730643, -0.017205, 0.038367, -0.715063, 0.672484, 0.190918, -0.018999, 0.151064, -0.118007, 0.981455, 0.189221, 0.000000, 0.000000, 0.000000, 1.000000, 0.172971, -0.151059, 0.973274, 0.258226, -0.682800, -0.730562, 0.007960, -0.030750, 0.709834, -0.665929, -0.229509, 0.267609, 0.000000, 0.000000, 0.000000, 1.000000, -0.992327, 0.123569, 0.004321, -0.015300, -0.001202, -0.044589, 0.999005, -0.038025, 0.123639, 0.991334, 0.044395, -0.043476, 0.000000, 0.000000, 0.000000, 1.000000
0.3636, 38.2212, -18.8363, 189.0130, 258.0128, -30.6023, 267.4548, -15.2145, -38.1323, -43.4875, 0.682808, 0.730416, -0.016320, 0.038221, -0.715470, 0.673024, 0.187460, -0.018836, 0.147908, -0.116322, 0.982137, 0.189013, 0.000000, 0.000000, 0.000000, 1.000000, 0.169832, -0.149395, 0.974083, 0.258013, -0.683036, -0.730351, 0.007074, -0.030602, 0.710366, -0.666535, -0.226079, 0.267455, 0.000000, 0.000000, 0.000000, 1.000000, -0.992309, 0.123678, 0.005216, -0.015214, -0.000153, -0.043356, 0.999060, -0.038132, 0.123788, 0.991375, 0.043042, -0.043488, 0.000000, 0.000000, 0.000000, 1.000000
0.6023, 38.0999, -18.6673, 189.1120, 258.1061, -30.4822, 267.2818, -15.1841, -37.9372, -43.4913, 0.683481, 0.729918, -0.008570, 0.038100, -0.716195, 0.672808, 0.185455, -0.018667, 0.141133, -0.120617, 0.982615, 0.189112, 0.000000, 0.000000, 0.000000, 1.000000, 0.163084, -0.153673, 0.974571, 0.258106, -0.683646, -0.729814, -0.000678, -0.030482, 0.711359, -0.666151, -0.224079, 0.267282, 0.000000, 0.000000, 0.000000, 1.000000, -0.992243, 0.124275, 0.003167, -0.015184, -0.002840, -0.048125, 0.998837, -0.037937, 0.124283, 0.991080, 0.048105, -0.043491, 0.000000, 0.000000, 0.000000, 1.000000
0.8811, 37.9326, -18.4706, 188.8618, 257.8500, -30.3128, 267.0949, -15.0769, -38.0731, -43.4975, 0.682685, 0.730617, -0.011818, 0.037933, -0.716818, 0.672755, 0.183227, -0.018471, 0.141819, -0.116615, 0.983000, 0.188862, 0.000000, 0.000000, 0.000000, 1.000000, 0.163802, -0.149678, 0.975072, 0.257850, -0.682856, -0.730548, 0.002570, -0.030313, 0.711953, -0.666255, -0.221874, 0.267095, 0.000000, 0.000000, 0.000000, 1.000000, -0.992374, 0.122998, 0.008107, -0.015077, 0.002607, -0.044815, 0.998992, -0.038073, 0.123237, 0.991395, 0.044152, -0.043497, 0.000000, 0.000000, 0.000000, 1.000000
1.1235, 37.8013, -18.3346, 188.7419, 257.7259, -30.1807, 266.9634, -15.0361, -38.1030, -43.5174, 0.682963, 0.730392, -0.009429, 0.037801, -0.717268, 0.673021, 0.180469, -0.018335, 0.138159, -0.116491, 0.983535, 0.188742, 0.000000, 0.000000, 0.000000, 1.000000, 0.160160, -0.149563, 0.975694, 0.257726, -0.683100, -0.730325, 0.000180, -0.030181, 0.712547, -0.666526, -0.219135, 0.266963, 0.000000, 0.000000, 0.000000, 1.000000, -0.992352, 0.123138, 0.008649, -0.015036, 0.003103, -0.045160, 0.998975, -0.038103, 0.123403, 0.991361, 0.044433, -0.043517, 0.000000, 0.000000, 0.000000, 1.000000
1.3597, 37.6934, -18.1516, 188.8186, 257.7963, -30.0738, 266.7773, -14.9946, -37.9319, -43.5010, 0.682749, 0.730648, -0.002776, 0.037693, -0.719648, 0.673117, 0.170355, -0.018152, 0.126338, -0.114312, 0.985379, 0.188819, 0.000000, 0.000000, 0.000000, 1.000000, 0.148445, -0.147391, 0.977875, 0.257796, -0.682774, -0.730601, -0.006473, -0.030074, 0.715391, -0.666707, -0.209089, 0.266777, 0.000000, 0.000000, 0.000000, 1.000000, -0.992459, 0.122577, 0.000553, -0.014995, -0.004818, -0.043515, 0.999041, -0.037932, 0.122483, 0.991505, 0.043777, -0.043501, 0.000000, 0.000000, 0.000000, 1.000000
1.6462, 37.5434, -17.9835, 188.6328, 257.6054, -29.9224, 266.6164, -14.9369, -38.0115, -43.5134, 0.682783, 0.730620, -0.001372, 0.037543, -0.719825, 0.673014, 0.170012, -0.017983, 0.125138, -0.115094, 0.985441, 0.188633, 0.000000, 0.000000, 0.000000, 1.000000, 0.147252, -0.148168, 0.977938, 0.257605, -0.682797, -0.730566, -0.007877, -0.029922, 0.715615, -0.666573, -0.208746, 0.266616, 0.000000, 0.000000, 0.000000, 1.000000, -0.992471, 0.122397, 0.004441, -0.014937, -0.001068, -0.044915, 0.998990, -0.038011, 0.122473, 0.991464, 0.044707, -0.043513, 0.000000, 0.000000, 0.000000, 1.000000
1.8589, 37.3694, -17.8017, 188.5031, 257.4703, -29.7475, 266.4395, -14.8147, -38.0542, -43.5405, 0.682427, 0.730953, -0.001049, 0.037369, -0.720679, 0.673074, 0.166113, -0.017802, 0.122127, -0.112604, 0.986106, 0.188503, 0.000000, 0.000000, 0.000000, 1.000000, 0.144281, -0.145686, 0.978754, 0.257470, -0.682412, -0.730921, -0.008201, -0.029747, 0.716587, -0.666730, -0.204876, 0.266439, 0.000000, 0.000000, 0.000000, 1.000000, -0.992548, 0.121761, 0.004762, -0.014815, -0.000470, -0.042904, 0.999079, -0.038054, 0.121854, 0.991632, 0.042642, -0.043540, 0.000000, 0.000000, 0.000000, 1.000000
2.1212, 37.2432, -17.6182, 188.3900, 257.3511, -29.6205, 266.2604, -14.7534, -38.0687, -43.5278, 0.682334, 0.731038, 0.001677, 0.037243, -0.721166, 0.672740, 0.165352, -0.017618, 0.119750, -0.114035, 0.986233, 0.188390, 0.000000, 0.000000, 0.000000, 1.000000, 0.141926, -0.147103, 0.978886, 0.257351, -0.682297, -0.730993, -0.010927, -0.029621, 0.717167, -0.666340, -0.204115, 0.266260, 0.000000, 0.000000, 0.000000, 1.000000, -0.992575, 0.121427, 0.007110, -0.014753, 0.001660, -0.044929, 0.998989, -0.038069, 0.121623, 0.991583, 0.044394, -0.043528, 0.000000, 0.000000, 0.000000, 1.000000
2.5253, 37.0962, -17.4573, 188.3063, 257.2624, -29.4730, 266.1027, -14.7966, -38.0210, -43.5480, 0.682299, 0.731057, 0.004931, 0.037096, -0.722268, 0.673022, 0.159279, -0.017457, 0.113123, -0.112237, 0.987221, 0.188306, 0.000000, 0.000000, 0.000000, 1.000000, 0.135348, -0.145319, 0.980083, 0.257262, -0.682199, -0.731029, -0.014180, -0.029473, 0.718530, -0.666693, -0.198080, 0.266103, 0.000000, 0.000000, 0.000000, 1.000000, -0.992612, 0.121110, 0.007270, -0.014797, 0.001952, -0.043968, 0.999031, -0.038021, 0.121312, 0.991665, 0.043407, -0.043548, 0.000000, 0.000000, 0.000000, 1.000000
2.6420, 36.9279, -17.2572, 188.0872, 257.0371, -29.3030, 265.9110, -14.5902, -38.1779, -43.5538, 0.682011, 0.731331, 0.003889, 0.036928, -0.722689, 0.673117, 0.156950, -0.017257, 0.112164, -0.109852, 0.987599, 0.188087, 0.000000, 0.000000, 0.000000, 1.000000, 0.134409, -0.142942, 0.980562, 0.257037, -0.681902, -0.731325, -0.013138, -0.029303, 0.718988, -0.666882, -0.195769, 0.265911, 0.000000, 0.000000, 0.000000, 1.000000, -0.992662, 0.120660, 0.008010, -0.014590, 0.002976, -0.041847, 0.999120, -0.038178, 0.120889, 0.991811, 0.041181, -0.043554, 0.000000, 0.000000, 0.000000, 1.000000
2.8659, 36.8353, -17.1066, 188.1378, 257.0826, -29.2111, 265.7584, -14.5699, -38.0501, -43.5434, 0.682620, 0.730723, 0.008616, 0.036835, -0.723114, 0.673716, 0.152358, -0.017107, 0.105527, -0.110233, 0.988288, 0.188138, 0.000000, 0.000000, 0.000000, 1.000000, 0.127789, -0.143340, 0.981389, 0.257083, -0.682450, -0.730714, -0.017864, -0.029211, 0.719675, -0.667466, -0.191199, 0.265758, 0.000000, 0.000000, 0.000000, 1.000000, -0.992592, 0.121378, 0.005382, -0.014570, 0.000207, -0.042607, 0.999092, -0.038050, 0.121497, 0.991692, 0.042266, -0.043543, 0.000000, 0.000000, 0.000000, 1.000000
3.1036, 36.6615, -16.9315, 187.9458, 256.8854, -29.0359, 265.5907, -14.4645, -38.1538, -43.5705, 0.682478, 0.730827, 0.010737, 0.036662, -0.723644, 0.673558, 0.150530, -0.016932, 0.102780, -0.110504, 0.988547, 0.187946, 0.000000, 0.000000, 0.000000, 1.000000, 0.125066, -0.143605, 0.981701, 0.256885, -0.682282, -0.730816, -0.019985, -0.029036, 0.720312, -0.667297, -0.189379, 0.265591, 0.000000, 0.000000, 0.000000, 1.000000, -0.992624, 0.121042, 0.006786, -0.014465, 0.001537, -0.043403, 0.999056, -0.038154, 0.121222, 0.991698, 0.042897, -0.043571, 0.000000, 0.000000, 0.000000, 1.000000
3.3660, 36.5411, -16.7695, 187.9889, 256.9232, -28.9160, 265.4268, -14.4428, -38.0235, -43.5752, 0.682665, 0.730567, 0.015507, 0.036541, -0.724271, 0.673662, 0.147006, -0.016770, 0.096951, -0.111588, 0.989014, 0.187989, 0.000000, 0.000000, 0.000000, 1.000000, 0.119265, -0.144690, 0.982263, 0.256923, -0.682415, -0.730546, -0.024754, -0.028916, 0.721170, -0.667359, -0.185867, 0.265427, 0.000000, 0.000000, 0.000000, 1.000000, -0.992613, 0.121191, 0.005678, -0.014443, 0.000218, -0.045017, 0.998986, -0.038023, 0.121324, 0.991608, 0.044658, -0.043575, 0.000000, 0.000000, 0.000000, 1.000000
3.6077, 36.3644, -16.5967, 187.8080, 256.7372, -28.7380, 265.2610, -14.3431, -38.1195, -43.6062, 0.682854, 0.730302, 0.019226, 0.036364, -0.724510, 0.673590, 0.146155, -0.016597, 0.093787, -0.113732, 0.989075, 0.187808, 0.000000, 0.000000, 0.000000, 1.000000, 0.116111, -0.146827, 0.982324, 0.256737, -0.682574, -0.730261, -0.028471, -0.028738, 0.721533, -0.667203, -0.185012, 0.265261, 0.000000, 0.000000, 0.000000, 1.000000, -0.992589, 0.121318, 0.007016, -0.014343, 0.001235, -0.047663, 0.998863, -0.038119, 0.121514, 0.991469, 0.047160, -0.043606, 0.000000, 0.000000, 0.000000, 1.000000
3.8608, 36.2211, -16.3930, 187.7761, 256.6987, -28.5947, 265.0584, -14.2605, -38.0633, -43.6007, 0.682033, 0.731021, 0.020981, 0.036221, -0.726094, 0.673454, 0.138734, -0.016393, 0.087288, -0.109855, 0.990107, 0.187776, 0.000000, 0.000000, 0.000000, 1.000000, 0.109687, -0.142955, 0.983632, 0.256699, -0.681692, -0.731015, -0.030224, -0.028595, 0.723371, -0.667219, -0.177634, 0.265058, 0.000000, 0.000000, 0.000000, 1.000000, -0.992740, 0.120203, 0.004342, -0.014260, -0.001003, -0.044369, 0.999015, -0.038063, 0.120277, 0.991757, 0.044168, -0.043601, 0.000000, 0.000000, 0.000000, 1.000000
4.1177, 36.0899, -16.2427, 187.7993, 256.7171, -28.4640, 264.9070, -14.2353, -37.9576, -43.6201, 0.682548, 0.730401, 0.025333, 0.036090, -0.726177, 0.673875, 0.136234, -0.016243, 0.082434, -0.111383, 0.990353, 0.187799, 0.000000, 0.000000, 0.000000, 1.000000, 0.104836, -0.144492, 0.983937, 0.256717, -0.682163, -0.730382, -0.034575, -0.028464, 0.723646, -0.667581, -0.175138, 0.264907, 0.000000, 0.000000, 0.000000, 1.000000, -0.992662, 0.120848, 0.004229, -0.014235, -0.001390, -0.046378, 0.998923, -0.037958, 0.120914, 0.991587, 0.046206, -0.043620, 0.000000, 0.000000, 0.000000, 1.000000
4.3660, 35.9490, -16.0396, 187.7137, 256.6248, -28.3226, 264.7072, -14.1456, -37.9579, -43.6094, 0.682092, 0.730748, 0.027526, 0.035949, -0.727169, 0.673811, 0.131164, -0.016040, 0.077300, -0.109482, 0.990978, 0.187714, 0.000000, 0.000000, 0.000000, 1.000000, 0.099750, -0.142594, 0.984742, 0.256625, -0.681658, -0.730746, -0.036766, -0.028323, 0.724839, -0.667590, -0.170092, 0.264707, 0.000000, 0.000000, 0.000000, 1.000000, -0.992742, 0.120225, 0.003141, -0.014146, -0.002292, -0.045024, 0.998983, -0.037958, 0.120244, 0.991725, 0.044972, -0.043609, 0.000000, 0.000000, 0.000000, 1.000000
4.6187, 35.7649, -15.8764, 187.5186, 256.4251, -28.1370, 264.5515, -14.0585, -38.0727, -43.6517, 0.682025, 0.730694, 0.030469, 0.035765, -0.727622, 0.673790, 0.128736, -0.015876, 0.073537, -0.109971, 0.991211, 0.187519, 0.000000, 0.000000, 0.000000, 1.000000, 0.096008, -0.143081, 0.985043, 0.256425, -0.681556, -0.730688, -0.039707, -0.028137, 0.725440, -0.667550, -0.167670, 0.264551, 0.000000, 0.000000, 0.000000, 1.000000, -0.992756, 0.120083, 0.003840, -0.014058, -0.001705, -0.046041, 0.998938, -0.038073, 0.120133, 0.991696, 0.045912, -0.043652, 0.000000, 0.000000, 0.000000, 1.000000
5.1414, 35.5501, -15.6057, 187.4481, 256.3459, -27.9220, 264.2834, -14.0559, -37.9873, -43.6629, 0.682022, 0.730524, 0.034367, 0.035550, -0.728212, 0.674026, 0.124085, -0.015606, 0.067483, -0.109655, 0.991676, 0.187448, 0.000000, 0.000000, 0.000000, 1.000000, 0.089982, -0.142773, 0.985657, 0.256346, -0.681497, -0.730521, -0.043601, -0.027922, 0.726268, -0.667799, -0.163033, 0.264283, 0.000000, 0.000000, 0.000000, 1.000000, -0.992759, 0.119927, 0.006883, -0.014056, 0.001272, -0.046800, 0.998903, -0.037987, 0.120118, 0.991679, 0.046309, -0.043663, 0.000000, 0.000000, 0.000000, 1.000000
5.2745, 35.5048, -15.5341, 187.4166, 256.3120, -27.8765, 264.2130, -14.0571, -37.9786, -43.6550, 0.681667, 0.730848, 0.034513, 0.035505, -0.728702, 0.673914, 0.121791, -0.015534, 0.065752, -0.108170, 0.991956, 0.187417, 0.000000, 0.000000, 0.000000, 1.000000, 0.088275, -0.141288, 0.986025, 0.256312, -0.681125, -0.730859, -0.043746, -0.027877, 0.726826, -0.667745, -0.160752, 0.264213, 0.000000, 0.000000, 0.000000, 1.000000, -0.992816, 0.119431, 0.007254, -0.014057, 0.001812, -0.045613, 0.998958, -0.037979, 0.119638, 0.991794, 0.045069, -0.043655, 0.000000, 0.000000, 0.000000, 1.000000
5.4723, 35.3469, -15.3663, 187.2621, 256.1524, -27.7175, 264.0511, -13.9495, -38.0699, -43.6757, 0.681546, 0.730896, 0.035864, 0.035347, -0.729051, 0.673967, 0.119388, -0.015366, 0.063089, -0.107515, 0.992200, 0.187262, 0.000000, 0.000000, 0.000000, 1.000000, 0.085629, -0.140636, 0.986351, 0.256152, -0.680980, -0.730913, -0.045097, -0.027717, 0.727279, -0.667824, -0.158358, 0.264051, 0.000000, 0.000000, 0.000000, 1.000000, -0.992833, 0.119244, 0.007954, -0.013950, 0.002555, -0.045368, 0.998967, -0.038070, 0.119481, 0.991828, 0.044738, -0.043676, 0.000000, 0.000000, 0.000000, 1.000000
5.6323, 35.2094, -15.1953, 187.2412, 256.1261, -27.5800, 263.8808, -13.8356, -38.0379, -43.6853, 0.681266, 0.730924, 0.040334, 0.035209, -0.729881, 0.674002, 0.113995, -0.015195, 0.056137, -0.107099, 0.992662, 0.187241, 0.000000, 0.000000, 0.000000, 1.000000, 0.078718, -0.140222, 0.986986, 0.256126, -0.680635, -0.730945, -0.049561, -0.027580, 0.728382, -0.667875, -0.152979, 0.263881, 0.000000, 0.000000, 0.000000, 1.000000, -0.992875, 0.119102, 0.003737, -0.013836, -0.001672, -0.045283, 0.998973, -0.038038, 0.119148, 0.991849, 0.045159, -0.043685, 0.000000, 0.000000, 0.000000, 1.000000
5.9010, 35.0554, -15.0102, 187.1062, 255.9853, -27.4251, 263.7010, -13.7674, -38.0938, -43.6937, 0.681183, 0.731065, 0.039169, 0.035055, -0.729901, 0.673997, 0.113893, -0.015010, 0.056864, -0.106172, 0.992721, 0.187106, 0.000000, 0.000000, 0.000000, 1.000000, 0.079446, -0.139296, 0.987059, 0.255985, -0.680559, -0.731093, -0.048397, -0.027425, 0.728374, -0.667906, -0.152882, 0.263701, 0.000000, 0.000000, 0.000000, 1.000000, -0.992883, 0.118748, 0.009021, -0.013767, 0.003704, -0.044914, 0.998984, -0.038094, 0.119033, 0.991908, 0.044155, -0.043694, 0.000000, 0.000000, 0.000000, 1.000000
6.1207, 34.8965, -14.8304, 187.0021, 255.8756, -27.2655, 263.5251, -13.6689, -38.1323, -43.7109, 0.680547, 0.731369, 0.044220, 0.034897, -0.730945, 0.673495, 0.110104, -0.014830, 0.050745, -0.107254, 0.992936, 0.187002, 0.000000, 0.000000, 0.000000, 1.000000, 0.073379, -0.140361, 0.987378, 0.255876, -0.679865, -0.731387, -0.053445, -0.027266, 0.729657, -0.667362, -0.149095, 0.263525, 0.000000, 0.000000, 0.000000, 1.000000, -0.992984, 0.118052, 0.006809, -0.013669, 0.001324, -0.046484, 0.998918, -0.038132, 0.118241, 0.991919, 0.046002, -0.043711, 0.000000, 0.000000, 0.000000, 1.000000
6.3956, 34.7762, -14.6520, 186.9272, 255.7948, -27.1448, 263.3495, -13.6332, -38.1268, -43.6986, 0.681134, 0.730902, 0.042883, 0.034776, -0.730541, 0.674570, 0.106132, -0.014652, 0.048644, -0.103618, 0.993427, 0.186927, 0.000000, 0.000000, 0.000000, 1.000000, 0.071259, -0.136766, 0.988037, 0.255795, -0.680433, -0.730955, -0.052106, -0.027145, 0.729337, -0.668580, -0.145147, 0.263350, 0.000000, 0.000000, 0.000000, 1.000000, -0.992878, 0.118783, 0.009170, -0.013633, 0.004040, -0.043360, 0.999051, -0.038127, 0.119068, 0.991973, 0.042571, -0.043699, 0.000000, 0.000000, 0.000000, 1.000000
6.6351, 34.6436, -14.4793, 186.9087, 255.7708, -27.0123, 263.1775, -13.5738, -38.0780, -43.7035, 0.680203, 0.731449, 0.048014, 0.034644, -0.731779, 0.673776, 0.102593, -0.014479, 0.042691, -0.104920, 0.993564, 0.186909, 0.000000, 0.000000, 0.000000, 1.000000, 0.065368, -0.138040, 0.988267, 0.255771, -0.679447, -0.731489, -0.057233, -0.027012, 0.730807, -0.667734, -0.141607, 0.263177, 0.000000, 0.000000, 0.000000, 1.000000, -0.993021, 0.117699, 0.007455, -0.013574, 0.002142, -0.045200, 0.998976, -0.038078, 0.117916, 0.992020, 0.044633, -0.043703, 0.000000, 0.000000, 0.000000, 1.000000
6.9150, 34.4888, -14.2989, 186.7133, 255.5698, -26.8560, 263.0046, -13.5145, -38.1975, -43.7123, 0.680123, 0.731559, 0.047476, 0.034489, -0.732021, 0.674191, 0.098034, -0.014299, 0.039710, -0.101428, 0.994050, 0.186713, 0.000000, 0.000000, 0.000000, 1.000000, 0.062400, -0.134569, 0.988938, 0.255570, -0.679339, -0.731631, -0.056692, -0.026856, 0.731166, -0.668287, -0.137072, 0.263005, 0.000000, 0.000000, 0.000000, 1.000000, -0.993020, 0.117601, 0.008955, -0.013515, 0.004005, -0.042260, 0.999099, -0.038198, 0.117874, 0.992161, 0.041494, -0.043712, 0.000000, 0.000000, 0.000000, 1.000000
7.1330, 34.3310, -14.1159, 186.6175, 255.4683, -26.6976, 262.8252, -13.4153, -38.2332, -43.7272, 0.679632, 0.731943, 0.048582, 0.034331, -0.732690, 0.674128, 0.093361, -0.014116, 0.035584, -0.099046, 0.994446, 0.186618, 0.000000, 0.000000, 0.000000, 1.000000, 0.058308, -0.132190, 0.989508, 0.255468, -0.678809, -0.732037, -0.057794, -0.026698, 0.731996, -0.668317, -0.132415, 0.262825, 0.000000, 0.000000, 0.000000, 1.000000, -0.993089, 0.117070, 0.008317, -0.013415, 0.003614, -0.040326, 0.999180, -0.038233, 0.117310, 0.992305, 0.039624, -0.043727, 0.000000, 0.000000, 0.000000, 1.000000
7.3980, 34.1806, -13.9199, 186.5701, 255.4145, -26.5471, 262.6310, -13.3445, -38.2093, -43.7304, 0.678914, 0.732366, 0.052111, 0.034181, -0.733610, 0.673755, 0.088720, -0.013920, 0.029866, -0.098462, 0.994693, 0.186570, 0.000000, 0.000000, 0.000000, 1.000000, 0.052637, -0.131596, 0.989905, 0.255414, -0.678038, -0.732464, -0.061318, -0.026547, 0.733139, -0.667966, -0.127782, 0.262631, 0.000000, 0.000000, 0.000000, 1.000000, -0.993187, 0.116315, 0.007104, -0.013345, 0.002427, -0.040300, 0.999185, -0.038209, 0.116507, 0.992394, 0.039743, -0.043730, 0.000000, 0.000000, 0.000000, 1.000000
7.6118, 34.0533, -13.7290, 186.4667, 255.3048, -26.4191, 262.4440, -13.2549, -38.2533, -43.7156, 0.678887, 0.732294, 0.053452, 0.034053, -0.733831, 0.674268, 0.082794, -0.013729, 0.024589, -0.095433, 0.995132, 0.186467, 0.000000, 0.000000, 0.000000, 1.000000, 0.047373, -0.128588, 0.990566, 0.255305, -0.677963, -0.732421, -0.062654, -0.026419, 0.733568, -0.668599, -0.121875, 0.262444, 0.000000, 0.000000, 0.000000, 1.000000, -0.993173, 0.116530, 0.005242, -0.013255, 0.000853, -0.037686, 0.999289, -0.038253, 0.116644, 0.992472, 0.037330, -0.043716, 0.000000, 0.000000, 0.000000, 1.000000
8.2033, 33.7980, -13.4391, 186.4378, 255.2668, -26.1641, 262.1550, -13.2643, -38.1374, -43.7502, 0.679092, 0.731485, 0.061349, 0.033798, -0.733765, 0.674105, 0.084684, -0.013439, 0.020590, -0.102524, 0.994517, 0.186438, 0.000000, 0.000000, 0.000000, 1.000000, 0.043373, -0.135660, 0.989806, 0.255267, -0.678131, -0.731548, -0.070548, -0.026164, 0.733660, -0.668158, -0.123724, 0.262155, 0.000000, 0.000000, 0.000000, 1.000000, -0.993098, 0.116620, 0.012460, -0.013264, 0.007131, -0.046001, 0.998916, -0.038137, 0.117067, 0.992111, 0.044852, -0.043750, 0.000000, 0.000000, 0.000000, 1.000000
8.2894, 33.7522, -13.3784, 186.3756, 255.2027, -26.1177, 262.0967, -13.2441, -38.1783, -43.7482, 0.678720, 0.731728, 0.062548, 0.033752, -0.734248, 0.674405, 0.077832, -0.013378, 0.014769, -0.098752, 0.995003, 0.186376, 0.000000, 0.000000, 0.000000, 1.000000, 0.037580, -0.131905, 0.990550, 0.255203, -0.677705, -0.731826, -0.071741, -0.026118, 0.734373, -0.668605, -0.116894, 0.262097, 0.000000, 0.000000, 0.000000, 1.000000, -0.993151, 0.116580, 0.007700, -0.013244, 0.002770, -0.042388, 0.999097, -0.038178, 0.116801, 0.992276, 0.041774, -0.043748, 0.000000, 0.000000, 0.000000, 1.000000
8.4885, 33.5961, -13.1948, 186.2141, 255.0355, -25.9605, 261.9194, -13.1343, -38.2906, -43.7578, 0.678339, 0.732399, 0.058707, 0.033596, -0.734625, 0.674589, 0.072500, -0.013195, 0.013495, -0.092307, 0.995639, 0.186214, 0.000000, 0.000000, 0.000000, 1.000000, 0.036325, -0.125479, 0.991431, 0.255036, -0.677312, -0.732556, -0.067898, -0.025960, 0.734798, -0.669042, -0.111599, 0.261919, 0.000000, 0.000000, 0.000000, 1.000000, -0.993197, 0.116089, 0.009116, -0.013134, 0.004927, -0.036327, 0.999328, -0.038291, 0.116343, 0.992574, 0.035508, -0.043758, 0.000000, 0.000000, 0.000000, 1.000000
8.6495, 33.5560, -13.1376, 186.2232, 255.0427, -25.9205, 261.8617, -13.1713, -38.2426, -43.7564, 0.678091, 0.732552, 0.059667, 0.033556, -0.734873, 0.674387, 0.071865, -0.013138, 0.012407, -0.092579, 0.995628, 0.186223, 0.000000, 0.000000, 0.000000, 1.000000, 0.035250, -0.125743, 0.991436, 0.255043, -0.677054, -0.732705, -0.068857, -0.025920, 0.735089, -0.668829, -0.110962, 0.261862, 0.000000, 0.000000, 0.000000, 1.000000, -0.993221, 0.115737, 0.010843, -0.013171, 0.006606, -0.036930, 0.999296, -0.038243, 0.116056, 0.992593, 0.035915, -0.043756, 0.000000, 0.000000, 0.000000, 1.000000
8.7515, 33.3945, -12.9862, 186.1917, 255.0067, -25.7590, 261.7114, -13.0216, -38.2506, -43.7964, 0.678381, 0.731480, 0.068824, 0.033394, -0.734674, 0.674433, 0.073445, -0.012986, 0.007306, -0.100387, 0.994922, 0.186192, 0.000000, 0.000000, 0.000000, 1.000000, 0.030143, -0.133537, 0.990585, 0.255007, -0.677297, -0.731562, -0.078009, -0.025759, 0.735092, -0.668569, -0.112495, 0.261711, 0.000000, 0.000000, 0.000000, 1.000000, -0.993163, 0.116420, 0.008521, -0.013022, 0.003300, -0.044970, 0.998983, -0.038251, 0.116685, 0.992181, 0.044279, -0.043796, 0.000000, 0.000000, 0.000000, 1.000000
8.9407, 33.2679, -12.8002, 186.1342, 254.9431, -25.6322, 261.5276, -12.9226, -38.2628, -43.7864, 0.677980, 0.731955, 0.067713, 0.033268, -0.735070, 0.674589, 0.067836, -0.012800, 0.003975, -0.095765, 0.995396, 0.186134, 0.000000, 0.000000, 0.000000, 1.000000, 0.026834, -0.128930, 0.991291, 0.254943, -0.676865, -0.732080, -0.076894, -0.025632, 0.735618, -0.668907, -0.106913, 0.261528, 0.000000, 0.000000, 0.000000, 1.000000, -0.993208, 0.116085, 0.007933, -0.012923, 0.003222, -0.040715, 0.999166, -0.038263, 0.116311, 0.992404, 0.040065, -0.043786, 0.000000, 0.000000, 0.000000, 1.000000
9.2054, 33.1048, -12.5911, 186.2071, 255.0091, -25.4701, 261.3155, -12.8345, -38.1285, -43.7998, 0.677410, 0.731713, 0.075575, 0.033105, -0.735592, 0.674426, 0.063663, -0.012591, -0.004387, -0.098718, 0.995106, 0.186207, 0.000000, 0.000000, 0.000000, 1.000000, 0.018504, -0.131872, 0.991094, 0.255009, -0.676219, -0.731810, -0.084747, -0.025470, 0.736469, -0.668628, -0.102716, 0.261316, 0.000000, 0.000000, 0.000000, 1.000000, -0.993249, 0.115916, 0.004557, -0.012834, -0.000577, -0.044218, 0.999022, -0.038129, 0.116004, 0.992274, 0.043987, -0.043800, 0.000000, 0.000000, 0.000000, 1.000000
9.4845, 32.9826, -12.4387, 186.0645, 254.8618, -25.3468, 261.1686, -12.8266, -38.2090, -43.8013, 0.677215, 0.732129, 0.073252, 0.032983, -0.735761, 0.674626, 0.059458, -0.012439, -0.005886, -0.094162, 0.995540, 0.186065, 0.000000, 0.000000, 0.000000, 1.000000, 0.017015, -0.127331, 0.991714, 0.254862, -0.676010, -0.732269, -0.082421, -0.025347, 0.736696, -0.669006, -0.098536, 0.261169, 0.000000, 0.000000, 0.000000, 1.000000, -0.993265, 0.115630, 0.007383, -0.012827, 0.002747, -0.040207, 0.999188, -0.038209, 0.115833, 0.992478, 0.039618, -0.043801, 0.000000, 0.000000, 0.000000, 1.000000
9.7251, 32.8231, -12.2250, 185.9181, 254.7085, -25.1863, 260.9605, -12.7212, -38.3030, -43.7968, 0.676788, 0.732637, 0.072113, 0.032823, -0.736131, 0.674598, 0.055041, -0.012225, -0.008322, -0.090336, 0.995877, 0.185918, 0.000000, 0.000000, 0.000000, 1.000000, 0.014599, -0.123512, 0.992236, 0.254709, -0.675560, -0.732811, -0.081279, -0.025186, 0.737161, -0.669128, -0.094138, 0.260961, 0.000000, 0.000000, 0.000000, 1.000000, -0.993309, 0.115164, 0.008675, -0.012721, 0.004455, -0.036848, 0.999311, -0.038303, 0.115404, 0.992663, 0.036089, -0.043797, 0.000000, 0.000000, 0.000000, 1.000000
9.9637, 32.6772, -12.0348, 185.9739, 254.7581, -25.0412, 260.7680, -12.6405, -38.1968, -43.8061, 0.676289, 0.731861, 0.083744, 0.032677, -0.736431, 0.674404, 0.053372, -0.012035, -0.017416, -0.097766, 0.995057, 0.185974, 0.000000, 0.000000, 0.000000, 1.000000, 0.005529, -0.130921, 0.991377, 0.254758, -0.674977, -0.731967, -0.092899, -0.025041, 0.737818, -0.668643, -0.092416, 0.260768, 0.000000, 0.000000, 0.000000, 1.000000, -0.993328, 0.115229, 0.004649, -0.012640, -0.000520, -0.044790, 0.998996, -0.038197, 0.115322, 0.992329, 0.044551, -0.043806, 0.000000, 0.000000, 0.000000, 1.000000
10.2333, 32.5537, -11.8732, 185.9662, 254.7451, -24.9179, 260.6067, -12.6169, -38.1480, -43.8107, 0.675801, 0.732592, 0.081260, 0.032554, -0.736765, 0.674636, 0.045203, -0.011873, -0.021705, -0.090418, 0.995667, 0.185966, 0.000000, 0.000000, 0.000000, 1.000000, 0.001261, -0.123595, 0.992332, 0.254745, -0.674449, -0.732765, -0.090409, -0.024918, 0.738320, -0.669163, -0.084282, 0.260607, 0.000000, 0.000000, 0.000000, 1.000000, -0.993369, 0.114889, 0.004203, -0.012617, -0.000161, -0.037952, 0.999280, -0.038148, 0.114966, 0.992653, 0.037719, -0.043811, 0.000000, 0.000000, 0.000000, 1.000000
10.4794, 32.3850, -11.6823, 185.8409, 254.6138, -24.7483, 260.4205, -12.5293, -38.2239, -43.8274, 0.675669, 0.732065, 0.086904, 0.032385, -0.736791, 0.674532, 0.046322, -0.011682, -0.024709, -0.095328, 0.995139, 0.185841, 0.000000, 0.000000, 0.000000, 1.000000, -0.001738, -0.128492, 0.991709, 0.254614, -0.674291, -0.732193, -0.096049, -0.024748, 0.738464, -0.668867, -0.085369, 0.260420, 0.000000, 0.000000, 0.000000, 1.000000, -0.993364, 0.114853, 0.006090, -0.012529, 0.001109, -0.043383, 0.999058, -0.038224, 0.115009, 0.992435, 0.042967, -0.043827, 0.000000, 0.000000, 0.000000, 1.000000
10.9510, 32.2260, -11.4529, 185.6134, 254.3790, -24.5876, 260.1999, -12.5709, -38.3539, -43.8088, 0.675432, 0.733333, 0.077556, 0.032226, -0.737128, 0.674390, 0.042910, -0.011453, -0.020835, -0.086151, 0.996064, 0.185613, 0.000000, 0.000000, 0.000000, 1.000000, 0.002148, -0.119328, 0.992853, 0.254379, -0.674088, -0.733544, -0.086705, -0.024588, 0.738648, -0.669084, -0.082013, 0.260200, 0.000000, 0.000000, 0.000000, 1.000000, -0.993347, 0.113889, 0.017054, -0.012571, 0.013132, -0.035091, 0.999298, -0.038354, 0.114408, 0.992874, 0.033362, -0.043809, 0.000000, 0.000000, 0.000000, 1.000000
11.0650, 32.0059, -11.2536, 185.7287, 254.4883, -24.3689, 259.9958, -12.3532, -38.2243, -43.8761, 0.674402, 0.732170, 0.095447, 0.032006, -0.737415, 0.674438, 0.036785, -0.011254, -0.037440, -0.095192, 0.994755, 0.185729, 0.000000, 0.000000, 0.000000, 1.000000, -0.014423, -0.128353, 0.991624, 0.254488, -0.672906, -0.732299, -0.104574, -0.024369, 0.739588, -0.668778, -0.075807, 0.259996, 0.000000, 0.000000, 0.000000, 1.000000, -0.993443, 0.114270, 0.003552, -0.012353, -0.001537, -0.044415, 0.999012, -0.038224, 0.114315, 0.992456, 0.044299, -0.043876, 0.000000, 0.000000, 0.000000, 1.000000
11.2858, 31.9609, -11.1054, 185.5076, 254.2619, -24.3221, 259.8564, -12.3615, -38.3992, -43.8134, 0.675319, 0.733363, 0.078248, 0.031961, -0.737112, 0.674683, 0.038324, -0.011105, -0.024687, -0.083559, 0.996197, 0.185508, 0.000000, 0.000000, 0.000000, 1.000000, -0.001700, -0.116750, 0.993160, 0.254262, -0.673940, -0.733599, -0.087391, -0.024322, 0.738784, -0.669479, -0.077435, 0.259856, 0.000000, 0.000000, 0.000000, 1.000000, -0.993305, 0.113990, 0.018771, -0.012361, 0.015079, -0.033169, 0.999336, -0.038399, 0.114537, 0.992928, 0.031228, -0.043813, 0.000000, 0.000000, 0.000000, 1.000000
11.7653, 31.6923, -10.8017, 185.4455, 254.1903, -24.0534, 259.5549, -12.2822, -38.3754, -43.8489, 0.674416, 0.732953, 0.089120, 0.031692, -0.737495, 0.674521, 0.033515, -0.010802, -0.035548, -0.088329, 0.995457, 0.185445, 0.000000, 0.000000, 0.000000, 1.000000, -0.012529, -0.121506, 0.992512, 0.254190, -0.672938, -0.733145, -0.098249, -0.024053, 0.739593, -0.669130, -0.072580, 0.259555, 0.000000, 0.000000, 0.000000, 1.000000, -0.993382, 0.113616, 0.016853, -0.012282, 0.012501, -0.038909, 0.999165, -0.038375, 0.114177, 0.992763, 0.037231, -0.043849, 0.000000, 0.000000, 0.000000, 1.000000
11.9817, 31.5045, -10.5846, 185.4786, 254.2166, -23.8662, 259.3363, -12.1396, -38.3102, -43.8751, 0.673259, 0.733141, 0.096052, 0.031504, -0.737891, 0.674499, 0.023829, -0.010585, -0.047317, -0.086919, 0.995091, 0.185479, 0.000000, 0.000000, 0.000000, 1.000000, -0.024262, -0.120098, 0.992466, 0.254217, -0.671673, -0.733346, -0.105162, -0.023866, 0.740451, -0.669164, -0.062874, 0.259336, 0.000000, 0.000000, 0.000000, 1.000000, -0.993511, 0.113406, 0.008704, -0.012140, 0.004427, -0.037917, 0.999271, -0.038310, 0.113653, 0.992825, 0.037169, -0.043875, 0.000000, 0.000000, 0.000000, 1.000000
12.2478, 31.3918, -10.4524, 185.3923, 254.1262, -23.7530, 259.2073, -12.1487, -38.3490, -43.8838, 0.673479, 0.732873, 0.096561, 0.031392, -0.737869, 0.674355, 0.028194, -0.010452, -0.044454, -0.090237, 0.994928, 0.185392, 0.000000, 0.000000, 0.000000, 1.000000, -0.021404, -0.123405, 0.992125, 0.254126, -0.671918, -0.733047, -0.105676, -0.023753, 0.740316, -0.668889, -0.067228, 0.259207, 0.000000, 0.000000, 0.000000, 1.000000, -0.993445, 0.113101, 0.016574, -0.012149, 0.011912, -0.041771, 0.999056, -0.038349, 0.113687, 0.992705, 0.040150, -0.043884, 0.000000, 0.000000, 0.000000, 1.000000
12.4770, 31.2676, -10.2081, 185.2904, 254.0158, -23.6282, 258.9670, -12.0375, -38.4140, -43.8353, 0.672453, 0.734656, 0.089929, 0.031268, -0.738518, 0.674047, 0.015862, -0.010208, -0.048963, -0.077081, 0.995822, 0.185290, 0.000000, 0.000000, 0.000000, 1.000000, -0.025875, -0.110264, 0.993566, 0.254016, -0.670851, -0.734950, -0.099034, -0.023628, 0.741141, -0.669097, -0.054954, 0.258967, 0.000000, 0.000000, 0.000000, 1.000000, -0.993562, 0.112358, 0.014516, -0.012037, 0.011327, -0.028967, 0.999516, -0.038414, 0.112724, 0.993246, 0.027508, -0.043835, 0.000000, 0.000000, 0.000000, 1.000000
12.7261, 31.1069, -10.0216, 185.3266, 254.0461, -23.4681, 258.7790, -11.9575, -38.3408, -43.8577, 0.671535, 0.734133, 0.100446, 0.031107, -0.738543, 0.674124, 0.010556, -0.010022, -0.059963, -0.081273, 0.994886, 0.185327, 0.000000, 0.000000, 0.000000, 1.000000, -0.036857, -0.114451, 0.992745, 0.254046, -0.669832, -0.734389, -0.109534, -0.023468, 0.741598, -0.669009, -0.049595, 0.258779, 0.000000, 0.000000, 0.000000, 1.000000, -0.993633, 0.112352, 0.008370, -0.011958, 0.004611, -0.033676, 0.999422, -0.038341, 0.112569, 0.993098, 0.032944, -0.043858, 0.000000, 0.000000, 0.000000, 1.000000
13.1588, 30.8704, -9.7546, 185.1055, 253.8167, -23.2300, 258.5205, -11.9067, -38.4942, -43.8793, 0.672024, 0.734318, 0.095713, 0.030870, -0.738478, 0.674155, 0.012862, -0.009755, -0.055081, -0.079326, 0.995326, 0.185105, 0.000000, 0.000000, 0.000000, 1.000000, -0.031985, -0.112508, 0.993136, 0.253817, -0.670366, -0.734592, -0.104809, -0.023230, 0.741341, -0.669117, -0.051925, 0.258520, 0.000000, 0.000000, 0.000000, 1.000000, -0.993479, 0.112140, 0.020575, -0.011907, 0.017019, -0.032573, 0.999324, -0.038494, 0.112735, 0.993158, 0.030452, -0.043879, 0.000000, 0.000000, 0.000000, 1.000000
13.3563, 30.7011, -9.5283, 185.0651, 253.7690, -23.0607, 258.2956, -11.7616, -38.5132, -43.8811, 0.671481, 0.733900, 0.102489, 0.030701, -0.738185, 0.674572, 0.005938, -0.009528, -0.064779, -0.079643, 0.994716, 0.185065, 0.000000, 0.000000, 0.000000, 1.000000, -0.041682, -0.112838, 0.992739, 0.253769, -0.669735, -0.734171, -0.111568, -0.023061, 0.741430, -0.669522, -0.044970, 0.258296, 0.000000, 0.000000, 0.000000, 1.000000, -0.993537, 0.112590, 0.014420, -0.011762, 0.010729, -0.033320, 0.999387, -0.038513, 0.113001, 0.993083, 0.031897, -0.043881, 0.000000, 0.000000, 0.000000, 1.000000
13.6283, 30.6601, -9.4005, 184.9873, 253.6866, -23.0192, 258.1709, -11.8229, -38.5399, -43.8350, 0.672059, 0.735370, 0.086992, 0.030660, -0.738608, 0.674090, 0.007843, -0.009400, -0.052873, -0.069524, 0.996178, 0.184987, 0.000000, 0.000000, 0.000000, 1.000000, -0.029775, -0.102721, 0.994264, 0.253687, -0.670421, -0.735733, -0.096088, -0.023019, 0.741384, -0.669436, -0.046960, 0.258171, 0.000000, 0.000000, 0.000000, 1.000000, -0.993267, 0.111937, 0.029844, -0.011823, 0.027362, -0.023640, 0.999346, -0.038540, 0.112570, 0.993434, 0.020418, -0.043835, 0.000000, 0.000000, 0.000000, 1.000000
13.8718, 30.4638, -9.1425, 185.0236, 253.7145, -22.8236, 257.9113, -11.6606, -38.4792, -43.8443, 0.670090, 0.735315, 0.101445, 0.030464, -0.738607, 0.674097, -0.007297, -0.009143, -0.073749, -0.070038, 0.994814, 0.185024, 0.000000, 0.000000, 0.000000, 1.000000, -0.050616, -0.103235, 0.993368, 0.253714, -0.668262, -0.735673, -0.110505, -0.022824, 0.742202, -0.669423, -0.031752, 0.257911, 0.000000, 0.000000, 0.000000, 1.000000, -0.993638, 0.111833, 0.013317, -0.011661, 0.010625, -0.024633, 0.999640, -0.038479, 0.112121, 0.993422, 0.023288, -0.043844, 0.000000, 0.000000, 0.000000, 1.000000
14.1102, 30.3126, -8.9862, 184.9365, 253.6227, -22.6719, 257.7582, -11.6134, -38.5365, -43.8699, 0.670204, 0.735303, 0.100780, 0.030313, -0.738918, 0.673792, -0.002140, -0.008986, -0.069478, -0.073034, 0.994906, 0.184937, 0.000000, 0.000000, 0.000000, 1.000000, -0.046337, -0.106216, 0.993263, 0.253623, -0.668414, -0.735633, -0.109849, -0.022672, 0.742345, -0.669001, -0.036909, 0.257758, 0.000000, 0.000000, 0.000000, 1.000000, -0.993549, 0.111242, 0.022043, -0.011613, 0.019030, -0.028069, 0.999425, -0.038536, 0.111797, 0.993397, 0.025771, -0.043870, 0.000000, 0.000000, 0.000000, 1.000000
14.3864, 30.1912, -8.7568, 184.9539, 253.6321, -22.5510, 257.5282, -11.5413, -38.4833, -43.8344, 0.668818, 0.736565, 0.100766, 0.030191, -0.738815, 0.673609, -0.020093, -0.008757, -0.082676, -0.061009, 0.994707, 0.184954, 0.000000, 0.000000, 0.000000, 1.000000, -0.059516, -0.094205, 0.993772, 0.253632, -0.666908, -0.737005, -0.109805, -0.022551, 0.742760, -0.669290, -0.018962, 0.257528, 0.000000, 0.000000, 0.000000, 1.000000, -0.993713, 0.111277, 0.012329, -0.011541, 0.010556, -0.016516, 0.999808, -0.038483, 0.111459, 0.993652, 0.015238, -0.043834, 0.000000, 0.000000, 0.000000, 1.000000
14.6333, 30.0757, -8.5973, 184.7654, 253.4385, -22.4340, 257.3759, -11.5283, -38.6387, -43.8238, 0.670026, 0.736746, 0.090941, 0.030076, -0.739150, 0.673465, -0.010142, -0.008597, -0.068717, -0.060424, 0.995805, 0.184765, 0.000000, 0.000000, 0.000000, 1.000000, -0.045566, -0.093617, 0.994565, 0.253439, -0.668243, -0.737191, -0.100006, -0.022434, 0.742546, -0.669168, -0.028968, 0.257376, 0.000000, 0.000000, 0.000000, 1.000000, -0.993348, 0.111037, 0.030495, -0.011528, 0.028850, -0.016390, 0.999449, -0.038639, 0.111476, 0.993681, 0.013078, -0.043824, 0.000000, 0.000000, 0.000000, 1.000000
14.9080, 29.9474, -8.4363, 184.7178, 253.3858, -22.3056, 257.2167, -11.5131, -38.6508, -43.8304, 0.670080, 0.736469, 0.092768, 0.029947, -0.738683, 0.673900, -0.014328, -0.008436, -0.073069, -0.058926, 0.995585, 0.184718, 0.000000, 0.000000, 0.000000, 1.000000, -0.049933, -0.092134, 0.994494, 0.253386, -0.668258, -0.736928, -0.101825, -0.022306, 0.742252, -0.669663, -0.024773, 0.257217, 0.000000, 0.000000, 0.000000, 1.000000, -0.993274, 0.111615, 0.030812, -0.011513, 0.029264, -0.015481, 0.999452, -0.038651, 0.112031, 0.993631, 0.012110, -0.043830, 0.000000, 0.000000, 0.000000, 1.000000
15.1668, 29.7832, -8.2278, 184.6898, 253.3510, -22.1414, 257.0092, -11.4267, -38.6537, -43.8392, 0.669382, 0.736675, 0.096113, 0.029783, -0.738847, 0.673645, -0.017542, -0.008228, -0.077669, -0.059271, 0.995216, 0.184690, 0.000000, 0.000000, 0.000000, 1.000000, -0.054516, -0.092471, 0.994222, 0.253351, -0.667517, -0.737131, -0.105161, -0.022141, 0.742596, -0.669393, -0.021540, 0.257009, 0.000000, 0.000000, 0.000000, 1.000000, -0.993324, 0.111183, 0.030751, -0.011427, 0.029117, -0.016293, 0.999443, -0.038654, 0.111622, 0.993666, 0.012947, -0.043839, 0.000000, 0.000000, 0.000000, 1.000000
15.5593, 29.6669, -8.0111, 184.6039, 253.2577, -22.0247, 256.7958, -11.4579, -38.6843, -43.8014, 0.668690, 0.737459, 0.094910, 0.029667, -0.738670, 0.673462, -0.028547, -0.008011, -0.084970, -0.051018, 0.995076, 0.184604, 0.000000, 0.000000, 0.000000, 1.000000, -0.061812, -0.084225, 0.994528, 0.253258, -0.666759, -0.737990, -0.103940, -0.022025, 0.742706, -0.669535, -0.010541, 0.256796, 0.000000, 0.000000, 0.000000, 1.000000, -0.993346, 0.111358, 0.029387, -0.011458, 0.028588, -0.008768, 0.999553, -0.038684, 0.111566, 0.993742, 0.005526, -0.043801, 0.000000, 0.000000, 0.000000, 1.000000
15.7838, 29.4787, -7.8480, 184.4945, 253.1436, -21.8357, 256.6368, -11.3808, -38.7780, -43.8518, 0.669434, 0.737369, 0.090249, 0.029479, -0.739093, 0.673334, -0.019071, -0.007848, -0.074830, -0.053935, 0.995737, 0.184494, 0.000000, 0.000000, 0.000000, 1.000000, -0.051671, -0.087134, 0.994856, 0.253144, -0.667595, -0.737873, -0.099300, -0.021836, 0.742729, -0.669292, -0.020044, 0.256637, 0.000000, 0.000000, 0.000000, 1.000000, -0.992864, 0.110945, 0.043722, -0.011381, 0.042641, -0.012100, 0.999017, -0.038778, 0.111365, 0.993753, 0.007283, -0.043852, 0.000000, 0.000000, 0.000000, 1.000000
15.9403, 29.4433, -7.7157, 184.3838, 253.0282, -21.7995, 256.5089, -11.3722, -38.8685, -43.7968, 0.669414, 0.738621, 0.079516, 0.029443, -0.739222, 0.672906, -0.027377, -0.007716, -0.073727, -0.040453, 0.996458, 0.184384, 0.000000, 0.000000, 0.000000, 1.000000, -0.050564, -0.073657, 0.996001, 0.253028, -0.667585, -0.739248, -0.088561, -0.021799, 0.742815, -0.669393, -0.011793, 0.256509, 0.000000, 0.000000, 0.000000, 1.000000, -0.992710, 0.111385, 0.046043, -0.011372, 0.046459, 0.001134, 0.998920, -0.038868, 0.111213, 0.993777, -0.006301, -0.043797, 0.000000, 0.000000, 0.000000, 1.000000
16.1290, 29.3067, -7.6965, 184.3501, 252.9950, -21.6626, 256.4908, -11.4097, -38.8809, -43.8940, 0.671133, 0.736310, 0.086187, 0.029307, -0.738613, 0.674090, -0.007328, -0.007697, -0.063494, -0.058741, 0.996252, 0.184350, 0.000000, 0.000000, 0.000000, 1.000000, -0.040378, -0.091955, 0.994944, 0.252995, -0.669398, -0.736771, -0.095261, -0.021663, 0.741806, -0.669860, -0.031805, 0.256491, 0.000000, 0.000000, 0.000000, 1.000000, -0.991848, 0.111527, 0.061637, -0.011410, 0.060032, -0.017702, 0.998039, -0.038881, 0.112400, 0.993604, 0.010863, -0.043894, 0.000000, 0.000000, 0.000000, 1.000000
16.3173, 29.2045, -7.4438, 184.3127, 252.9485, -21.5605, 256.2396, -11.2792, -38.9072, -43.8263, 0.669742, 0.738098, 0.081594, 0.029205, -0.739015, 0.673253, -0.024233, -0.007444, -0.072820, -0.044069, 0.996371, 0.184313, 0.000000, 0.000000, 0.000000, 1.000000, -0.049668, -0.077279, 0.995772, 0.252948, -0.667921, -0.738692, -0.090643, -0.021560, 0.742573, -0.669599, -0.014927, 0.256240, 0.000000, 0.000000, 0.000000, 1.000000, -0.992295, 0.111535, 0.053950, -0.011279, 0.053921, -0.003271, 0.998540, -0.038907, 0.111549, 0.993755, -0.002769, -0.043826, 0.000000, 0.000000, 0.000000, 1.000000
16.7555, 28.2935, -7.0556, 184.5279, 253.1564, -20.6521, 255.8415, -10.7097, -38.7438, -44.3464, 0.650141, 0.725567, 0.225543, 0.028293, -0.734158, 0.676360, -0.059579, -0.007056, -0.195776, -0.126850, 0.972410, 0.184528, 0.000000, 0.000000, 0.000000, 1.000000, -0.172538, -0.160001, 0.971921, 0.253156, -0.647207, -0.725410, -0.234313, -0.020652, 0.742532, -0.669462, 0.021607, 0.255842, 0.000000, 0.000000, 0.000000, 1.000000, -0.992448, 0.110592, -0.053069, -0.010710, -0.062945, -0.087814, 0.994146, -0.038744, 0.105285, 0.989979, 0.094112, -0.044346, 0.000000, 0.000000, 0.000000, 1.000000
16.9622, 28.0719, -6.8315, 184.3996, 253.0215, -20.4296, 255.6222, -10.5579, -38.8757, -44.3870, 0.649427, 0.724578, 0.230721, 0.028072, -0.733527, 0.676907, -0.061113, -0.006832, -0.200458, -0.129551, 0.971099, 0.184400, 0.000000, 0.000000, 0.000000, 1.000000, -0.177234, -0.162713, 0.970625, 0.253021, -0.646451, -0.724398, -0.239477, -0.020430, 0.742085, -0.669905, 0.023202, 0.255622, 0.000000, 0.000000, 0.000000, 1.000000, -0.992367, 0.110929, -0.053877, -0.010558, -0.064131, -0.091048, 0.993779, -0.038876, 0.105334, 0.989649, 0.097467, -0.044387, 0.000000, 0.000000, 0.000000, 1.000000
17.1178, 28.1353, -6.6482, 184.6344, 253.2482, -20.4955, 255.4299, -10.5208, -38.6209, -44.2410, 0.652409, 0.728844, 0.207726, 0.028135, -0.734986, 0.675323, -0.061111, -0.006648, -0.184822, -0.112806, 0.976276, 0.184634, 0.000000, 0.000000, 0.000000, 1.000000, -0.161581, -0.145958, 0.976006, 0.253248, -0.649573, -0.728814, -0.216530, -0.020496, 0.742931, -0.668974, 0.022952, 0.255430, 0.000000, 0.000000, 0.000000, 1.000000, -0.993322, 0.109205, -0.037220, -0.010521, -0.045479, -0.074134, 0.996211, -0.038621, 0.106032, 0.991251, 0.078605, -0.044241, 0.000000, 0.000000, 0.000000, 1.000000
17.3843, 27.8485, -6.5602, 184.3896, 253.0028, -20.2066, 255.3511, -10.4983, -38.8569, -44.4077, 0.651574, 0.724518, 0.224779, 0.027849, -0.734823, 0.676402, -0.050152, -0.006560, -0.188377, -0.132495, 0.973118, 0.184390, 0.000000, 0.000000, 0.000000, 1.000000, -0.165131, -0.165634, 0.972264, 0.253003, -0.648706, -0.724310, -0.233570, -0.020207, 0.742908, -0.669283, 0.012159, 0.255351, 0.000000, 0.000000, 0.000000, 1.000000, -0.993408, 0.109472, -0.034021, -0.010498, -0.044498, -0.094739, 0.994507, -0.038857, 0.105647, 0.989465, 0.098986, -0.044408, 0.000000, 0.000000, 0.000000, 1.000000
17.9589, 27.6398, -6.3020, 184.3600, 252.9649, -19.9980, 255.0938, -10.5644, -38.8294, -44.4233, 0.652350, 0.723938, 0.224396, 0.027640, -0.735020, 0.676504, -0.045706, -0.006302, -0.184893, -0.135119, 0.973426, 0.184360, 0.000000, 0.000000, 0.000000, 1.000000, -0.161649, -0.168255, 0.972399, 0.252965, -0.649514, -0.723706, -0.233197, -0.019998, 0.742968, -0.669283, 0.007703, 0.255094, 0.000000, 0.000000, 0.000000, 1.000000, -0.993887, 0.108538, -0.020193, -0.010564, -0.030967, -0.098509, 0.994654, -0.038829, 0.105969, 0.989199, 0.101268, -0.044423, 0.000000, 0.000000, 0.000000, 1.000000
18.0349, 27.5597, -6.1794, 184.3088, 252.9096, -19.9177, 254.9732, -10.4790, -38.8876, -44.4132, 0.650186, 0.724940, 0.227420, 0.027560, -0.734060, 0.676594, -0.058107, -0.006179, -0.195995, -0.129160, 0.972062, 0.184309, 0.000000, 0.000000, 0.000000, 1.000000, -0.172760, -0.162312, 0.971498, 0.252910, -0.647250, -0.724764, -0.236189, -0.019918, 0.742443, -0.669606, 0.020154, 0.254973, 0.000000, 0.000000, 0.000000, 1.000000, -0.993586, 0.108803, -0.030795, -0.010479, -0.040979, -0.092646, 0.994855, -0.038888, 0.105390, 0.989737, 0.096510, -0.044413, 0.000000, 0.000000, 0.000000, 1.000000
18.1345, 27.5339, -5.9198, 184.4002, 252.9910, -19.8931, 254.7102, -10.3086, -38.8064, -44.2868, 0.650782, 0.729498, 0.210511, 0.027534, -0.734072, 0.675350, -0.070996, -0.005920, -0.193960, -0.108327, 0.975010, 0.184400, 0.000000, 0.000000, 0.000000, 1.000000, -0.170732, -0.141490, 0.975106, 0.252991, -0.647865, -0.729509, -0.219288, -0.019893, 0.742376, -0.669176, 0.032885, 0.254710, 0.000000, 0.000000, 0.000000, 1.000000, -0.993697, 0.108202, -0.029291, -0.010309, -0.037173, -0.071555, 0.996744, -0.038806, 0.105754, 0.991550, 0.075126, -0.044287, 0.000000, 0.000000, 0.000000, 1.000000
18.3663, 27.2564, -5.7758, 184.2609, 252.8486, -19.6146, 254.5712, -10.2127, -38.9531, -44.4189, 0.647835, 0.725525, 0.232214, 0.027256, -0.732825, 0.676795, -0.070117, -0.005776, -0.208033, -0.124748, 0.970134, 0.184261, 0.000000, 0.000000, 0.000000, 1.000000, -0.184816, -0.157918, 0.970003, 0.252849, -0.644791, -0.725389, -0.240947, -0.019615, 0.741679, -0.669980, 0.032239, 0.254571, 0.000000, 0.000000, 0.000000, 1.000000, -0.993349, 0.108781, -0.037750, -0.010213, -0.047541, -0.088863, 0.994909, -0.038953, 0.104873, 0.990086, 0.093444, -0.044419, 0.000000, 0.000000, 0.000000, 1.000000
18.6269, 27.2144, -5.5288, 184.2779, 252.8562, -19.5731, 254.3237, -10.1642, -38.9198, -44.3088, 0.648563, 0.729328, 0.217822, 0.027214, -0.733345, 0.675385, -0.077845, -0.005529, -0.203888, -0.109251, 0.972879, 0.184278, 0.000000, 0.000000, 0.000000, 1.000000, -0.180661, -0.142413, 0.973181, 0.252856, -0.645556, -0.729331, -0.226569, -0.019573, 0.742037, -0.669175, 0.039826, 0.254324, 0.000000, 0.000000, 0.000000, 1.000000, -0.993723, 0.107560, -0.030759, -0.010164, -0.038794, -0.073419, 0.996546, -0.038920, 0.104930, 0.991484, 0.077131, -0.044309, 0.000000, 0.000000, 0.000000, 1.000000
19.0411, 27.0057, -5.4751, 184.2228, 252.8009, -19.3640, 254.2718, -10.2923, -38.9348, -44.4429, 0.648686, 0.725486, 0.229949, 0.027006, -0.733684, 0.676431, -0.064411, -0.005475, -0.202274, -0.126928, 0.971069, 0.184223, 0.000000, 0.000000, 0.000000, 1.000000, -0.179036, -0.160081, 0.970732, 0.252801, -0.645693, -0.725330, -0.238700, -0.019364, 0.742312, -0.669530, 0.026497, 0.254272, 0.000000, 0.000000, 0.000000, 1.000000, -0.994048, 0.107092, -0.019997, -0.010292, -0.029960, -0.092251, 0.995285, -0.038935, 0.104742, 0.989960, 0.094910, -0.044443, 0.000000, 0.000000, 0.000000, 1.000000
19.1457, 26.9280, -5.3168, 184.2539, 252.8265, -19.2868, 254.1123, -10.1860, -38.9124, -44.4139, 0.649791, 0.725815, 0.225752, 0.026928, -0.734167, 0.676227, -0.060953, -0.005317, -0.196900, -0.126133, 0.972276, 0.184254, 0.000000, 0.000000, 0.000000, 1.000000, -0.173657, -0.159282, 0.971840, 0.252826, -0.646847, -0.725665, -0.234519, -0.019287, 0.742585, -0.669357, 0.022986, 0.254112, 0.000000, 0.000000, 0.000000, 1.000000, -0.994208, 0.106705, -0.012798, -0.010186, -0.022646, -0.091599, 0.995538, -0.038912, 0.105057, 0.990062, 0.093485, -0.044414, 0.000000, 0.000000, 0.000000, 1.000000
19.3843, 26.7217, -5.1067, 184.1533, 252.7196, -19.0799, 253.9059, -10.0791, -39.0215, -44.4518, 0.647439, 0.726083, 0.231574, 0.026722, -0.733490, 0.676155, -0.069330, -0.005107, -0.206919, -0.124970, 0.970344, 0.184153, 0.000000, 0.000000, 0.000000, 1.000000, -0.183673, -0.158119, 0.970187, 0.252720, -0.644404, -0.725944, -0.240310, -0.019080, 0.742299, -0.669331, 0.031444, 0.253906, 0.000000, 0.000000, 0.000000, 1.000000, -0.994150, 0.106315, -0.019033, -0.010079, -0.028773, -0.090852, 0.995449, -0.039022, 0.104102, 0.990173, 0.093379, -0.044452, 0.000000, 0.000000, 0.000000, 1.000000
19.9288, 26.5263, -4.8098, 184.1324, 252.6887, -18.8847, 253.6096, -10.1040, -39.0089, -44.4343, 0.647712, 0.726603, 0.229167, 0.026526, -0.733214, 0.676210, -0.071674, -0.004810, -0.207043, -0.121604, 0.970745, 0.184132, 0.000000, 0.000000, 0.000000, 1.000000, -0.183811, -0.154763, 0.970702, 0.252689, -0.644676, -0.726495, -0.237903, -0.018885, 0.742028, -0.669517, 0.033765, 0.253610, 0.000000, 0.000000, 0.000000, 1.000000, -0.994336, 0.105811, -0.010006, -0.010104, -0.019438, -0.088482, 0.995888, -0.039009, 0.104491, 0.990442, 0.090038, -0.044434, 0.000000, 0.000000, 0.000000, 1.000000
20.0364, 26.6060, -4.6655, 184.3306, 252.8804, -18.9665, 253.4578, -10.0704, -38.8002, -44.2961, 0.649535, 0.730641, 0.210401, 0.026606, -0.733306, 0.675108, -0.080577, -0.004665, -0.200916, -0.101951, 0.974289, 0.184331, 0.000000, 0.000000, 0.000000, 1.000000, -0.177701, -0.135119, 0.974764, 0.252880, -0.646555, -0.730710, -0.219157, -0.018966, 0.741882, -0.669183, 0.042486, 0.253458, 0.000000, 0.000000, 0.000000, 1.000000, -0.994347, 0.106102, -0.003930, -0.010070, -0.011269, -0.068651, 0.997577, -0.038800, 0.105575, 0.991983, 0.069459, -0.044296, 0.000000, 0.000000, 0.000000, 1.000000
20.1177, 26.5321, -4.6159, 184.2342, 252.7827, -18.8918, 253.4119, -10.0617, -38.8978, -44.3214, 0.648723, 0.729896, 0.215432, 0.026532, -0.733338, 0.675214, -0.079387, -0.004616, -0.203407, -0.106484, 0.973287, 0.184234, 0.000000, 0.000000, 0.000000, 1.000000, -0.180181, -0.139646, 0.973670, 0.252783, -0.645720, -0.729923, -0.224180, -0.018892, 0.742011, -0.669112, 0.041346, 0.253412, 0.000000, 0.000000, 0.000000, 1.000000, -0.994391, 0.105668, -0.004611, -0.010062, -0.012421, -0.073375, 0.997227, -0.038898, 0.105036, 0.991691, 0.074276, -0.044321, 0.000000, 0.000000, 0.000000, 1.000000
20.3416, 26.2350, -4.4266, 184.0225, 252.5664, -18.5931, 253.2306, -9.9335, -39.1351, -44.4389, 0.644037, 0.727430, 0.236775, 0.026235, -0.731831, 0.676006, -0.086246, -0.004427, -0.222799, -0.117733, 0.967729, 0.184023, 0.000000, 0.000000, 0.000000, 1.000000, -0.199575, -0.150895, 0.968194, 0.252566, -0.640860, -0.727356, -0.245461, -0.018593, 0.741261, -0.669465, 0.048460, 0.253231, 0.000000, 0.000000, 0.000000, 1.000000, -0.994254, 0.105275, -0.019393, -0.009934, -0.028457, -0.085295, 0.995949, -0.039135, 0.103194, 0.990778, 0.087800, -0.044439, 0.000000, 0.000000, 0.000000, 1.000000
20.4328, 26.2223, -4.3901, 184.0549, 252.5974, -18.5807, 253.1928, -9.9534, -39.0939, -44.4295, 0.644744, 0.727828, 0.233607, 0.026222, -0.732040, 0.675887, -0.085403, -0.004390, -0.220051, -0.115947, 0.968573, 0.184055, 0.000000, 0.000000, 0.000000, 1.000000, -0.196827, -0.149109, 0.969033, 0.252597, -0.641592, -0.727770, -0.242303, -0.018581, 0.741363, -0.669415, 0.047578, 0.253193, 0.000000, 0.000000, 0.000000, 1.000000, -0.994340, 0.105160, -0.015164, -0.009953, -0.024037, -0.083635, 0.996206, -0.039094, 0.103493, 0.990932, 0.085690, -0.044429, 0.000000, 0.000000, 0.000000, 1.000000
20.5251, 26.1972, -4.2071, 184.1107, 252.6462, -18.5564, 253.0077, -9.8443, -39.0502, -44.3455, 0.645380, 0.730116, 0.224533, 0.026197, -0.731422, 0.675424, -0.093940, -0.004207, -0.220242, -0.103602, 0.969928, 0.184111, 0.000000, 0.000000, 0.000000, 1.000000, -0.197048, -0.136776, 0.970806, 0.252646, -0.642227, -0.730170, -0.233228, -0.018556, 0.740754, -0.669435, 0.056038, 0.253008, 0.000000, 0.000000, 0.000000, 1.000000, -0.994280, 0.105745, -0.014990, -0.009844, -0.022616, -0.071292, 0.997199, -0.039050, 0.104380, 0.991834, 0.073276, -0.044345, 0.000000, 0.000000, 0.000000, 1.000000
20.7196, 26.0167, -4.1149, 183.9851, 252.5188, -18.3749, 252.9201, -9.8257, -39.1799, -44.4303, 0.642854, 0.728529, 0.236611, 0.026017, -0.731388, 0.675588, -0.093020, -0.004115, -0.227619, -0.113256, 0.967141, 0.183985, 0.000000, 0.000000, 0.000000, 1.000000, -0.204398, -0.146415, 0.967876, 0.252519, -0.639634, -0.728495, -0.245282, -0.018375, 0.741006, -0.669221, 0.055251, 0.252920, 0.000000, 0.000000, 0.000000, 1.000000, -0.994343, 0.104633, -0.018262, -0.009826, -0.026862, -0.081376, 0.996321, -0.039180, 0.102762, 0.991176, 0.083726, -0.044430, 0.000000, 0.000000, 0.000000, 1.000000
20.8797, 25.9568, -3.9352, 184.1968, 252.7237, -18.3173, 252.7322, -9.7151, -38.9783, -44.3849, 0.644244, 0.729729, 0.229009, 0.025957, -0.731179, 0.675476, -0.095440, -0.003935, -0.224336, -0.105960, 0.968734, 0.184197, 0.000000, 0.000000, 0.000000, 1.000000, -0.201138, -0.139132, 0.969632, 0.252724, -0.641054, -0.729762, -0.237691, -0.018317, 0.740671, -0.669395, 0.057592, 0.252732, 0.000000, 0.000000, 0.000000, 1.000000, -0.994380, 0.105092, -0.012792, -0.009715, -0.020681, -0.074322, 0.997020, -0.038978, 0.103828, 0.991681, 0.076078, -0.044385, 0.000000, 0.000000, 0.000000, 1.000000
21.1502, 25.7726, -3.7685, 184.0045, 252.5267, -18.1315, 252.5728, -9.7006, -39.1708, -44.4254, 0.642823, 0.728481, 0.236842, 0.025773, -0.731365, 0.675612, -0.093024, -0.003768, -0.227779, -0.113420, 0.967084, 0.184005, 0.000000, 0.000000, 0.000000, 1.000000, -0.204559, -0.146579, 0.967817, 0.252527, -0.639601, -0.728446, -0.245512, -0.018132, 0.740990, -0.669239, 0.055258, 0.252573, 0.000000, 0.000000, 0.000000, 1.000000, -0.994514, 0.104031, -0.010926, -0.009701, -0.019560, -0.082334, 0.996413, -0.039171, 0.102758, 0.991160, 0.083917, -0.044425, 0.000000, 0.000000, 0.000000, 1.000000
21.3833, 25.6788, -3.5608, 184.1674, 252.6821, -18.0396, 252.3587, -9.6079, -39.0158, -44.3883, 0.643447, 0.730164, 0.229862, 0.025679, -0.731239, 0.675108, -0.097566, -0.003561, -0.226421, -0.105306, 0.968320, 0.184167, 0.000000, 0.000000, 0.000000, 1.000000, -0.203212, -0.138467, 0.969295, 0.252682, -0.640238, -0.730203, -0.238537, -0.018040, 0.740811, -0.669053, 0.059734, 0.252359, 0.000000, 0.000000, 0.000000, 1.000000, -0.994554, 0.104030, -0.006278, -0.009608, -0.014085, -0.074486, 0.997123, -0.039016, 0.103263, 0.991781, 0.075546, -0.044388, 0.000000, 0.000000, 0.000000, 1.000000
21.8404, 25.4054, -3.2348, 184.0468, 252.5512, -17.7655, 252.0372, -9.5302, -39.1490, -44.4114, 0.641231, 0.728956, 0.239678, 0.025405, -0.729697, 0.675899, -0.103455, -0.003235, -0.237412, -0.108554, 0.965325, 0.184047, 0.000000, 0.000000, 0.000000, 1.000000, -0.214235, -0.141732, 0.966445, 0.252551, -0.637924, -0.728966, -0.248316, -0.017766, 0.739700, -0.669717, 0.065756, 0.252037, 0.000000, 0.000000, 0.000000, 1.000000, -0.994530, 0.104044, -0.009217, -0.009530, -0.017481, -0.078797, 0.996737, -0.039149, 0.102978, 0.991446, 0.080185, -0.044411, 0.000000, 0.000000, 0.000000, 1.000000
22.2042, 25.2720, -3.0646, 183.9702, 252.4691, -17.6318, 251.8699, -9.5853, -39.2107, -44.4150, 0.640879, 0.729852, 0.237886, 0.025272, -0.730210, 0.675206, -0.104354, -0.003065, -0.236785, -0.106829, 0.965671, 0.183970, 0.000000, 0.000000, 0.000000, 1.000000, -0.213585, -0.139990, 0.966842, 0.252469, -0.637577, -0.729877, -0.246526, -0.017632, 0.740187, -0.669091, 0.066637, 0.251870, 0.000000, 0.000000, 0.000000, 1.000000, -0.994692, 0.102867, -0.002509, -0.009585, -0.010531, -0.077520, 0.996935, -0.039211, 0.102358, 0.991670, 0.078191, -0.044415, 0.000000, 0.000000, 0.000000, 1.000000
22.4323, 25.1445, -2.9009, 184.0510, 252.5445, -17.5052, 251.7028, -9.5211, -39.1410, -44.4264, 0.640519, 0.729141, 0.241014, 0.025144, -0.729675, 0.675688, -0.104977, -0.002901, -0.239394, -0.108622, 0.964827, 0.184051, 0.000000, 0.000000, 0.000000, 1.000000, -0.216209, -0.141794, 0.965996, 0.252545, -0.637194, -0.729150, -0.249646, -0.017505, 0.739755, -0.669503, 0.067299, 0.251703, 0.000000, 0.000000, 0.000000, 1.000000, -0.994687, 0.102936, -0.000986, -0.009521, -0.009253, -0.079871, 0.996762, -0.039141, 0.102524, 0.991476, 0.080399, -0.044426, 0.000000, 0.000000, 0.000000, 1.000000
22.5543, 25.0585, -2.8473, 184.0187, 252.5110, -17.4190, 251.6505, -9.5209, -39.1755, -44.4628, 0.639392, 0.729406, 0.243197, 0.025058, -0.729595, 0.675385, -0.107452, -0.002847, -0.242628, -0.108731, 0.964007, 0.184019, 0.000000, 0.000000, 0.000000, 1.000000, -0.219434, -0.141894, 0.965254, 0.252511, -0.636038, -0.729413, -0.251817, -0.017419, 0.739800, -0.669195, 0.069808, 0.251650, 0.000000, 0.000000, 0.000000, 1.000000, -0.994746, 0.102351, -0.002246, -0.009521, -0.010493, -0.080103, 0.996731, -0.039175, 0.101837, 0.991518, 0.080756, -0.044463, 0.000000, 0.000000, 0.000000, 1.000000
22.6474, 24.9933, -2.7730, 183.9395, 252.4295, -17.3532, 251.5791, -9.5070, -39.2601, -44.4675, 0.639286, 0.729075, 0.244468, 0.024993, -0.729222, 0.675677, -0.108146, -0.002773, -0.244027, -0.109135, 0.963608, 0.183939, 0.000000, 0.000000, 0.000000, 1.000000, -0.220846, -0.142306, 0.964871, 0.252429, -0.635919, -0.729079, -0.253083, -0.017353, 0.739482, -0.669472, 0.070519, 0.251579, 0.000000, 0.000000, 0.000000, 1.000000, -0.994726, 0.102547, -0.001981, -0.009507, -0.010312, -0.080766, 0.996680, -0.039260, 0.102046, 0.991444, 0.081397, -0.044467, 0.000000, 0.000000, 0.000000, 1.000000
22.8744, 24.8330, -2.4892, 183.9491, 252.4294, -17.1934, 251.2950, -9.3450, -39.2865, -44.4311, 0.637232, 0.730091, 0.246783, 0.024833, -0.728089, 0.675291, -0.117767, -0.002489, -0.252631, -0.104635, 0.961888, 0.183949, 0.000000, 0.000000, 0.000000, 1.000000, -0.229469, -0.137803, 0.963511, 0.252429, -0.633789, -0.730136, -0.255368, -0.017193, 0.738685, -0.669262, 0.080205, 0.251295, 0.000000, 0.000000, 0.000000, 1.000000, -0.994716, 0.102399, -0.007375, -0.009345, -0.015273, -0.076558, 0.996948, -0.039286, 0.101522, 0.991793, 0.077718, -0.044431, 0.000000, 0.000000, 0.000000, 1.000000
23.0313, 24.7067, -2.4152, 183.9690, 252.4474, -17.0674, 251.2200, -9.3180, -39.2763, -44.4908, 0.637025, 0.728788, 0.251132, 0.024707, -0.728114, 0.675847, -0.114371, -0.002415, -0.253078, -0.109996, 0.961172, 0.183969, 0.000000, 0.000000, 0.000000, 1.000000, -0.229913, -0.143170, 0.962623, 0.252447, -0.633578, -0.728785, -0.259715, -0.017067, 0.738728, -0.669608, 0.076848, 0.251220, 0.000000, 0.000000, 0.000000, 1.000000, -0.994764, 0.102096, -0.004563, -0.009318, -0.013024, -0.082364, 0.996517, -0.039276, 0.101365, 0.991359, 0.083263, -0.044491, 0.000000, 0.000000, 0.000000, 1.000000
23.1943, 24.6641, -2.2316, 183.9826, 252.4542, -17.0253, 251.0359, -9.2572, -39.2740, -44.4182, 0.637073, 0.729966, 0.247563, 0.024664, -0.727685, 0.675486, -0.119136, -0.002232, -0.254190, -0.104250, 0.961519, 0.183983, 0.000000, 0.000000, 0.000000, 1.000000, -0.231041, -0.137425, 0.963190, 0.252454, -0.633616, -0.730015, -0.256142, -0.017025, 0.738343, -0.669472, 0.081589, 0.251036, 0.000000, 0.000000, 0.000000, 1.000000, -0.994749, 0.102287, -0.003419, -0.009257, -0.011325, -0.076810, 0.996981, -0.039274, 0.101715, 0.991785, 0.077565, -0.044418, 0.000000, 0.000000, 0.000000, 1.000000
23.3756, 24.5481, -1.9769, 184.0151, 252.4776, -16.9099, 250.7799, -9.1068, -39.2766, -44.3643, 0.635363, 0.732183, 0.245402, 0.024548, -0.726240, 0.674575, -0.132380, -0.001977, -0.262468, -0.094112, 0.960340, 0.184015, 0.000000, 0.000000, 0.000000, 1.000000, -0.239354, -0.127280, 0.962554, 0.252478, -0.631833, -0.732322, -0.253951, -0.016910, 0.737222, -0.668957, 0.094865, 0.250780, 0.000000, 0.000000, 0.000000, 1.000000, -0.994681, 0.102535, -0.009842, -0.009107, -0.016752, -0.066751, 0.997629, -0.039277, 0.101635, 0.992487, 0.068114, -0.044364, 0.000000, 0.000000, 0.000000, 1.000000
23.6217, 24.3510, -1.8629, 183.9606, 252.4205, -16.7125, 250.6677, -9.0884, -39.3460, -44.4536, 0.635038, 0.730415, 0.251437, 0.024351, -0.727360, 0.674998, -0.123797, -0.001863, -0.260143, -0.104270, 0.959924, 0.183961, 0.000000, 0.000000, 0.000000, 1.000000, -0.236983, -0.137430, 0.961744, 0.252421, -0.631528, -0.730463, -0.259995, -0.016713, 0.738249, -0.668982, 0.086316, 0.250668, 0.000000, 0.000000, 0.000000, 1.000000, -0.994877, 0.101069, -0.002232, -0.009088, -0.010102, -0.077424, 0.996947, -0.039346, 0.100588, 0.991862, 0.078048, -0.044454, 0.000000, 0.000000, 0.000000, 1.000000
23.8801, 24.2036, -1.6611, 183.9488, 252.4020, -16.5653, 250.4663, -9.0268, -39.3788, -44.4537, 0.633372, 0.730897, 0.254223, 0.024204, -0.725935, 0.674980, -0.131986, -0.001661, -0.268064, -0.100953, 0.958097, 0.183949, 0.000000, 0.000000, 0.000000, 1.000000, -0.244939, -0.134119, 0.960217, 0.252402, -0.629792, -0.730975, -0.262752, -0.016565, 0.737134, -0.669095, 0.094577, 0.250466, 0.000000, 0.000000, 0.000000, 1.000000, -0.994840, 0.101267, -0.006228, -0.009027, -0.013833, -0.074578, 0.997119, -0.039379, 0.100511, 0.992060, 0.075594, -0.044454, 0.000000, 0.000000, 0.000000, 1.000000
24.1420, 24.0579, -1.4886, 183.9833, 252.4311, -16.4201, 250.2923, -8.9804, -39.3622, -44.4722, 0.633443, 0.730724, 0.254542, 0.024058, -0.726348, 0.674926, -0.129975, -0.001489, -0.266773, -0.102554, 0.958287, 0.183983, 0.000000, 0.000000, 0.000000, 1.000000, -0.243633, -0.135715, 0.960325, 0.252431, -0.629874, -0.730788, -0.263075, -0.016420, 0.737497, -0.668978, 0.092561, 0.250292, 0.000000, 0.000000, 0.000000, 1.000000, -0.994930, 0.100570, -0.000208, -0.008980, -0.007953, -0.076609, 0.997029, -0.039362, 0.100255, 0.991976, 0.077021, -0.044472, 0.000000, 0.000000, 0.000000, 1.000000
24.3813, 23.9335, -1.2927, 183.9157, 252.3569, -16.2954, 250.0990, -8.9381, -39.4489, -44.4541, 0.632667, 0.730621, 0.256759, 0.023933, -0.725180, 0.675269, -0.134634, -0.001293, -0.271748, -0.101018, 0.957052, 0.183916, 0.000000, 0.000000, 0.000000, 1.000000, -0.248644, -0.134193, 0.959254, 0.252357, -0.629054, -0.730699, -0.265274, -0.016295, 0.736524, -0.669381, 0.097269, 0.250099, 0.000000, 0.000000, 0.000000, 1.000000, -0.994888, 0.100976, -0.001285, -0.008938, -0.008964, -0.075629, 0.997096, -0.039449, 0.100585, 0.992010, 0.076147, -0.044454, 0.000000, 0.000000, 0.000000, 1.000000
24.6560, 23.7446, -1.1077, 183.8697, 252.3054, -16.1064, 249.9156, -8.8884, -39.5210, -44.4956, 0.630786, 0.730576, 0.261471, 0.023745, -0.724539, 0.675163, -0.138558, -0.001108, -0.277763, -0.102045, 0.955214, 0.183870, 0.000000, 0.000000, 0.000000, 1.000000, -0.254661, -0.135215, 0.957530, 0.252305, -0.627120, -0.730644, -0.269962, -0.016106, 0.736117, -0.669235, 0.101271, 0.249916, 0.000000, 0.000000, 0.000000, 1.000000, -0.994955, 0.100283, -0.002700, -0.008888, -0.010476, -0.077090, 0.996969, -0.039521, 0.099771, 0.991968, 0.077752, -0.044496, 0.000000, 0.000000, 0.000000, 1.000000
25.0772, 23.5343, -0.7268, 183.9932, 252.4156, -15.8979, 249.5297, -8.7291, -39.4500, -44.4488, 0.628467, 0.731656, 0.264026, 0.023534, -0.722443, 0.674856, -0.150482, -0.000727, -0.288280, -0.096171, 0.952704, 0.183993, 0.000000, 0.000000, 0.000000, 1.000000, -0.265232, -0.129343, 0.955470, 0.252416, -0.624707, -0.731777, -0.272476, -0.015898, 0.734434, -0.669158, 0.113289, 0.249530, 0.000000, 0.000000, 0.000000, 1.000000, -0.994917, 0.100464, -0.006848, -0.008729, -0.014125, -0.071904, 0.997312, -0.039450, 0.099701, 0.992339, 0.072958, -0.044449, 0.000000, 0.000000, 0.000000, 1.000000
25.3176, 23.3698, -0.5375, 183.8801, 252.2966, -15.7327, 249.3447, -8.6858, -39.5915, -44.4644, 0.627777, 0.731779, 0.265320, 0.023370, -0.722514, 0.674631, -0.151150, -0.000537, -0.289602, -0.096808, 0.952239, 0.183880, 0.000000, 0.000000, 0.000000, 1.000000, -0.266543, -0.129972, 0.955019, 0.252297, -0.624006, -0.731895, -0.273765, -0.015733, 0.734555, -0.668908, 0.113978, 0.249345, 0.000000, 0.000000, 0.000000, 1.000000, -0.995005, 0.099740, -0.004033, -0.008686, -0.011347, -0.072869, 0.997277, -0.039591, 0.099175, 0.992342, 0.073637, -0.044464, 0.000000, 0.000000, 0.000000, 1.000000
25.5544, 23.2405, -0.3839, 183.9658, 252.3774, -15.6044, 249.1876, -8.6334, -39.5297, -44.4835, 0.627251, 0.731346, 0.267748, 0.023241, -0.721888, 0.674987, -0.152546, -0.000384, -0.292290, -0.097599, 0.951336, 0.183966, 0.000000, 0.000000, 0.000000, 1.000000, -0.269250, -0.130773, 0.954150, 0.252377, -0.623456, -0.731455, -0.276182, -0.015604, 0.734035, -0.669233, 0.115413, 0.249188, 0.000000, 0.000000, 0.000000, 1.000000, -0.995010, 0.099736, -0.002599, -0.008633, -0.010042, -0.074198, 0.997193, -0.039530, 0.099264, 0.992244, 0.074829, -0.044484, 0.000000, 0.000000, 0.000000, 1.000000
25.7825, 23.1009, -0.1768, 184.0442, 252.4488, -15.4658, 248.9773, -8.5290, -39.4901, -44.4791, 0.626348, 0.731755, 0.268742, 0.023101, -0.722086, 0.674515, -0.153690, -0.000177, -0.293734, -0.097791, 0.950872, 0.184044, 0.000000, 0.000000, 0.000000, 1.000000, -0.270676, -0.130950, 0.953722, 0.252449, -0.622540, -0.731861, -0.277170, -0.015466, 0.734288, -0.668753, 0.116576, 0.248977, 0.000000, 0.000000, 0.000000, 1.000000, -0.995108, 0.098790, -0.000206, -0.008529, -0.007613, -0.074600, 0.997184, -0.039490, 0.098497, 0.992308, 0.074987, -0.044479, 0.000000, 0.000000, 0.000000, 1.000000
26.0444, 22.9861, -0.0044, 184.0602, 252.4590, -15.3514, 248.8042, -8.5065, -39.4944, -44.4716, 0.625955, 0.731818, 0.269486, 0.022986, -0.720949, 0.674777, -0.157827, -0.000004, -0.297343, -0.095493, 0.949983, 0.184060, 0.000000, 0.000000, 0.000000, 1.000000, -0.274324, -0.128664, 0.952991, 0.252459, -0.622116, -0.731945, -0.277900, -0.015351, 0.733293, -0.669105, 0.120746, 0.248804, 0.000000, 0.000000, 0.000000, 1.000000, -0.995060, 0.099278, 0.000444, -0.008506, -0.006828, -0.072892, 0.997316, -0.039494, 0.099044, 0.992386, 0.073210, -0.044472, 0.000000, 0.000000, 0.000000, 1.000000
26.3180, 22.8152, 0.2114, 184.0014, 252.3933, -15.1803, 248.5905, -8.4489, -39.5887, -44.4798, 0.624872, 0.732228, 0.270881, 0.022815, -0.720279, 0.674543, -0.161830, 0.000211, -0.301217, -0.093987, 0.948912, 0.184001, 0.000000, 0.000000, 0.000000, 1.000000, -0.278211, -0.127154, 0.952066, 0.252393, -0.620999, -0.732369, -0.279279, -0.015180, 0.732775, -0.668930, 0.124791, 0.248591, 0.000000, 0.000000, 0.000000, 1.000000, -0.995091, 0.098959, 0.000991, -0.008449, -0.006146, -0.071795, 0.997400, -0.039589, 0.098773, 0.992498, 0.072050, -0.044480, 0.000000, 0.000000, 0.000000, 1.000000
26.5867, 22.6719, 0.4147, 183.9845, 252.3697, -15.0371, 248.3878, -8.4019, -39.6383, -44.4755, 0.623025, 0.732811, 0.273546, 0.022672, -0.718879, 0.674273, -0.169021, 0.000415, -0.308306, -0.091342, 0.946892, 0.183985, 0.000000, 0.000000, 0.000000, 1.000000, -0.285332, -0.124506, 0.950307, 0.252370, -0.619089, -0.732976, -0.281915, -0.015037, 0.731652, -0.668764, 0.132061, 0.248388, 0.000000, 0.000000, 0.000000, 1.000000, -0.995098, 0.098873, -0.002015, -0.008402, -0.008931, -0.069553, 0.997538, -0.039638, 0.098489, 0.992666, 0.070096, -0.044476, 0.000000, 0.000000, 0.000000, 1.000000
27.0244, 22.4180, 0.7448, 183.9439, 252.3184, -14.7835, 248.0592, -8.3203, -39.7386, -44.4847, 0.621129, 0.733116, 0.277020, 0.022418, -0.717450, 0.674153, -0.175452, 0.000745, -0.315381, -0.089769, 0.944710, 0.183944, 0.000000, 0.000000, 0.000000, 1.000000, -0.292441, -0.122932, 0.948349, 0.252318, -0.617130, -0.733295, -0.285359, -0.014783, 0.730499, -0.668705, 0.138580, 0.248059, 0.000000, 0.000000, 0.000000, 1.000000, -0.995130, 0.098555, -0.001976, -0.008320, -0.008786, -0.068717, 0.997597, -0.039739, 0.098182, 0.992756, 0.069248, -0.044485, 0.000000, 0.000000, 0.000000, 1.000000
27.2490, 22.2639, 0.9184, 183.8988, 252.2679, -14.6292, 247.8871, -8.2703, -39.8206, -44.5049, 0.619198, 0.732500, 0.282908, 0.022264, -0.716693, 0.674409, -0.177548, 0.000918, -0.320850, -0.092821, 0.942571, 0.183899, 0.000000, 0.000000, 0.000000, 1.000000, -0.297918, -0.125986, 0.946241, 0.252268, -0.615151, -0.732651, -0.291224, -0.014629, 0.729955, -0.668842, 0.140770, 0.247887, 0.000000, 0.000000, 0.000000, 1.000000, -0.995191, 0.097884, -0.003569, -0.008270, -0.010677, -0.072195, 0.997333, -0.039821, 0.097365, 0.992576, 0.072893, -0.044505, 0.000000, 0.000000, 0.000000, 1.000000
27.6069, 22.1274, 1.0925, 183.9585, 252.3219, -14.4935, 247.7106, -8.2905, -39.7813, -44.5163, 0.619621, 0.732296, 0.282510, 0.022127, -0.716609, 0.674638, -0.177015, 0.001092, -0.320219, -0.092767, 0.942791, 0.183958, 0.000000, 0.000000, 0.000000, 1.000000, -0.297295, -0.125939, 0.946443, 0.252322, -0.615580, -0.732448, -0.290828, -0.014494, 0.729847, -0.669073, 0.140227, 0.247711, 0.000000, 0.000000, 0.000000, 1.000000, -0.995207, 0.097738, 0.003363, -0.008290, -0.003785, -0.072852, 0.997336, -0.039781, 0.097722, 0.992542, 0.072872, -0.044516, 0.000000, 0.000000, 0.000000, 1.000000
27.7233, 22.1119, 1.1588, 184.0723, 252.4331, -14.4791, 247.6398, -8.2758, -39.6749, -44.4962, 0.619269, 0.733013, 0.281420, 0.022112, -0.716605, 0.674123, -0.178985, 0.001159, -0.320910, -0.090827, 0.942745, 0.184072, 0.000000, 0.000000, 0.000000, 1.000000, -0.297982, -0.123987, 0.946485, 0.252433, -0.615222, -0.733182, -0.289735, -0.014479, 0.729869, -0.668634, 0.142196, 0.247640, 0.000000, 0.000000, 0.000000, 1.000000, -0.995235, 0.097409, 0.004443, -0.008276, -0.002490, -0.070934, 0.997478, -0.039675, 0.097478, 0.992713, 0.070838, -0.044496, 0.000000, 0.000000, 0.000000, 1.000000
27.8242, 21.9011, 1.3714, 183.9500, 252.3045, -14.2676, 247.4318, -8.1042, -39.8723, -44.5351, 0.615884, 0.732796, 0.289304, 0.021901, -0.714758, 0.674173, -0.186044, 0.001371, -0.331373, -0.092200, 0.938984, 0.183950, 0.000000, 0.000000, 0.000000, 1.000000, -0.308479, -0.125359, 0.942935, 0.252304, -0.611744, -0.732953, -0.297574, -0.014268, 0.728430, -0.668630, 0.149413, 0.247432, 0.000000, 0.000000, 0.000000, 1.000000, -0.995272, 0.097006, -0.004772, -0.008104, -0.011845, -0.072466, 0.997301, -0.039872, 0.096398, 0.992642, 0.073272, -0.044535, 0.000000, 0.000000, 0.000000, 1.000000
28.0881, 21.8150, 1.5576, 184.1830, 252.5307, -14.1839, 247.2364, -8.0217, -39.6767, -44.5082, 0.617048, 0.733129, 0.285961, 0.021815, -0.715537, 0.673950, -0.183843, 0.001558, -0.327505, -0.091176, 0.940440, 0.184183, 0.000000, 0.000000, 0.000000, 1.000000, -0.304593, -0.124329, 0.944333, 0.252531, -0.612942, -0.733294, -0.294248, -0.014184, 0.729058, -0.668447, 0.147150, 0.247236, 0.000000, 0.000000, 0.000000, 1.000000, -0.995311, 0.096647, 0.003810, -0.008022, -0.003155, -0.071815, 0.997413, -0.039677, 0.096670, 0.992725, 0.071783, -0.044508, 0.000000, 0.000000, 0.000000, 1.000000
28.3050, 21.6758, 1.7254, 184.0406, 252.3830, -14.0436, 247.0741, -8.0121, -39.8521, -44.5144, 0.615745, 0.732975, 0.289145, 0.021676, -0.713642, 0.674337, -0.189699, 0.001725, -0.334026, -0.089540, 0.938301, 0.184041, 0.000000, 0.000000, 0.000000, 1.000000, -0.311172, -0.122709, 0.942398, 0.252383, -0.611583, -0.733156, -0.297403, -0.014044, 0.727419, -0.668898, 0.153091, 0.247074, 0.000000, 0.000000, 0.000000, 1.000000, -0.995256, 0.097288, 0.000618, -0.008012, -0.006298, -0.070760, 0.997473, -0.039852, 0.097086, 0.992738, 0.071037, -0.044514, 0.000000, 0.000000, 0.000000, 1.000000
28.5359, 21.4823, 1.9750, 184.0291, 252.3635, -13.8505, 246.8247, -7.8788, -39.9344, -44.5236, 0.613535, 0.733448, 0.292625, 0.021482, -0.712796, 0.673862, -0.194505, 0.001975, -0.339848, -0.089246, 0.936236, 0.184029, 0.000000, 0.000000, 0.000000, 1.000000, -0.317003, -0.122401, 0.940493, 0.252364, -0.609321, -0.733630, -0.300857, -0.013850, 0.726799, -0.668434, 0.157981, 0.246825, 0.000000, 0.000000, 0.000000, 1.000000, -0.995334, 0.096475, -0.001636, -0.007879, -0.008488, -0.070653, 0.997465, -0.039934, 0.096115, 0.992825, 0.071142, -0.044524, 0.000000, 0.000000, 0.000000, 1.000000
28.7969, 21.3654, 2.1573, 184.0969, 252.4250, -13.7344, 246.6397, -7.8341, -39.9057, -44.5149, 0.612545, 0.733890, 0.293589, 0.021365, -0.712011, 0.673597, -0.198260, 0.002157, -0.343262, -0.087595, 0.935146, 0.184097, 0.000000, 0.000000, 0.000000, 1.000000, -0.320436, -0.120745, 0.939543, 0.252425, -0.608301, -0.734087, -0.301804, -0.013734, 0.726148, -0.668234, 0.161779, 0.246640, 0.000000, 0.000000, 0.000000, 1.000000, -0.995356, 0.096258, -0.000879, -0.007834, -0.007589, -0.069369, 0.997562, -0.039906, 0.095962, 0.992936, 0.069777, -0.044515, 0.000000, 0.000000, 0.000000, 1.000000
29.0443, 21.2162, 2.3540, 184.0872, 252.4090, -13.5855, 246.4432, -7.7772, -39.9639, -44.5195, 0.611415, 0.733732, 0.296328, 0.021216, -0.710767, 0.673825, -0.201916, 0.002354, -0.347825, -0.087166, 0.933499, 0.184087, 0.000000, 0.000000, 0.000000, 1.000000, -0.325035, -0.120323, 0.938016, 0.252409, -0.607131, -0.733933, -0.304523, -0.013585, 0.725083, -0.668479, 0.165502, 0.246443, 0.000000, 0.000000, 0.000000, 1.000000, -0.995345, 0.096363, -0.001425, -0.007777, -0.008154, -0.069473, 0.997550, -0.039964, 0.096028, 0.992919, 0.069936, -0.044519, 0.000000, 0.000000, 0.000000, 1.000000
29.3146, 21.0416, 2.5531, 184.0260, 252.3416, -13.4106, 246.2464, -7.7388, -40.0740, -44.5405, 0.609865, 0.734189, 0.298381, 0.021042, -0.709936, 0.673454, -0.206037, 0.002553, -0.352216, -0.086176, 0.931943, 0.184026, 0.000000, 0.000000, 0.000000, 1.000000, -0.329440, -0.119324, 0.936606, 0.252342, -0.605542, -0.734399, -0.306555, -0.013411, 0.724423, -0.668146, 0.169685, 0.246246, 0.000000, 0.000000, 0.000000, 1.000000, -0.995396, 0.095838, -0.001532, -0.007739, -0.008160, -0.068800, 0.997597, -0.040074, 0.095502, 0.993016, 0.069266, -0.044540, 0.000000, 0.000000, 0.000000, 1.000000
29.5635, 20.8966, 2.7368, 184.0696, 252.3792, -13.2662, 246.0609, -7.6785, -40.0804, -44.5523, 0.607886, 0.733853, 0.303207, 0.020897, -0.708628, 0.673671, -0.209795, 0.002737, -0.358220, -0.087330, 0.929544, 0.184070, 0.000000, 0.000000, 0.000000, 1.000000, -0.335473, -0.120482, 0.934314, 0.252379, -0.603510, -0.734053, -0.311354, -0.013266, 0.723349, -0.668319, 0.173543, 0.246061, 0.000000, 0.000000, 0.000000, 1.000000, -0.995424, 0.095488, -0.003507, -0.007678, -0.010271, -0.070433, 0.997464, -0.040080, 0.094999, 0.992936, 0.071092, -0.044552, 0.000000, 0.000000, 0.000000, 1.000000
29.8299, 20.8011, 2.9231, 184.2082, 252.5112, -13.1723, 245.8691, -7.6219, -39.9854, -44.5277, 0.608707, 0.734130, 0.300881, 0.020801, -0.709137, 0.673494, -0.208640, 0.002923, -0.355810, -0.086365, 0.930559, 0.184208, 0.000000, 0.000000, 0.000000, 1.000000, -0.333053, -0.119514, 0.935303, 0.252511, -0.604353, -0.734338, -0.309039, -0.013172, 0.723764, -0.668179, 0.172344, 0.245869, 0.000000, 0.000000, 0.000000, 1.000000, -0.995450, 0.095213, 0.003616, -0.007622, -0.003058, -0.069861, 0.997552, -0.039985, 0.095232, 0.993002, 0.069835, -0.044528, 0.000000, 0.000000, 0.000000, 1.000000
30.0056, 20.7078, 3.0229, 184.1754, 252.4753, -13.0789, 245.7704, -7.6295, -40.0411, -44.5427, 0.607551, 0.733867, 0.303845, 0.020708, -0.707927, 0.673775, -0.211816, 0.003023, -0.360168, -0.086411, 0.928877, 0.184175, 0.000000, 0.000000, 0.000000, 1.000000, -0.337444, -0.119568, 0.933721, 0.252475, -0.603159, -0.734075, -0.311982, -0.013079, 0.722725, -0.668459, 0.175591, 0.245770, 0.000000, 0.000000, 0.000000, 1.000000, -0.995443, 0.095338, 0.002059, -0.007629, -0.004672, -0.070332, 0.997513, -0.040041, 0.095246, 0.992957, 0.070457, -0.044543, 0.000000, 0.000000, 0.000000, 1.000000
30.0081, 20.6645, 3.0345, 184.0613, 252.3612, -13.0346, 245.7632, -7.6394, -40.1612, -44.5646, 0.606155, 0.733949, 0.306422, 0.020665, -0.707278, 0.673640, -0.214400, 0.003035, -0.363777, -0.086766, 0.927436, 0.184061, 0.000000, 0.000000, 0.000000, 1.000000, -0.341063, -0.119919, 0.932360, 0.252361, -0.601731, -0.734154, -0.314543, -0.013035, 0.722216, -0.668309, 0.178234, 0.245763, 0.000000, 0.000000, 0.000000, 1.000000, -0.995470, 0.095062, -0.001769, -0.007639, -0.008515, -0.070613, 0.997467, -0.040161, 0.094696, 0.992964, 0.071103, -0.044565, 0.000000, 0.000000, 0.000000, 1.000000
