# Joint_B_Angle(deg), Cam_X(mm), Cam_Y(mm), Cam_Z(mm), Torso_X(mm), Torso_Y(mm), Torso_Z(mm), EE_X(mm), EE_Y(mm), EE_Z(mm), T_cam2marker_flat(16), T_torso2marker_flat(16), T_ee2marker_flat(16)
-15.0093, 116.8190, 27.2749, 273.3077, 339.7082, -110.0337, 218.2045, 8.9241, 51.5744, -52.7683, 0.662092, -0.716878, -0.218451, 0.116819, 0.737943, 0.674462, 0.023254, 0.027275, 0.130666, -0.176601, 0.975571, 0.273308, 0.000000, 0.000000, 0.000000, 1.000000, 0.095457, -0.196577, 0.975831, 0.339708, -0.664381, 0.717427, 0.209514, -0.110034, -0.741273, -0.668323, -0.062119, 0.218205, 0.000000, 0.000000, 0.000000, 1.000000, 0.999981, 0.005728, 0.002241, 0.008924, 0.002255, -0.002437, -0.999994, 0.051574, -0.005723, 0.999981, -0.002450, -0.052768, 0.000000, 0.000000, 0.000000, 1.000000
-14.9449, 116.4956, 26.9846, 273.1013, 339.5164, -109.7080, 218.5021, 8.6694, 51.7107, -52.6833, 0.663594, -0.715160, -0.219521, 0.116496, 0.736760, 0.675654, 0.026004, 0.026985, 0.129723, -0.178991, 0.975261, 0.273101, 0.000000, 0.000000, 0.000000, 1.000000, 0.094548, -0.199028, 0.975422, 0.339516, -0.665872, 0.715730, 0.210583, -0.109708, -0.740050, -0.669417, -0.064857, 0.218502, 0.000000, 0.000000, 0.000000, 1.000000, 0.999974, 0.006303, 0.003544, 0.008669, 0.003543, 0.000246, -0.999994, 0.051711, -0.006304, 0.999980, 0.000224, -0.052683, 0.000000, 0.000000, 0.000000, 1.000000
-14.7324, 116.1936, 26.6490, 273.1633, 339.5942, -109.4060, 218.8345, 8.8931, 51.5911, -52.6706, 0.665569, -0.713735, -0.218173, 0.116194, 0.734956, 0.677645, 0.025229, 0.026649, 0.129837, -0.177139, 0.975584, 0.273163, 0.000000, 0.000000, 0.000000, 1.000000, 0.094715, -0.197270, 0.975763, 0.339594, -0.667846, 0.714285, 0.209233, -0.109406, -0.738248, -0.671477, -0.064092, 0.218834, 0.000000, 0.000000, 0.000000, 1.000000, 0.999979, 0.005253, 0.003905, 0.008893, 0.003912, -0.001288, -0.999992, 0.051591, -0.005248, 0.999985, -0.001309, -0.052671, 0.000000, 0.000000, 0.000000, 1.000000
-14.5593, 115.7483, 26.2388, 272.8136, 339.2651, -108.9569, 219.2573, 8.7892, 51.8427, -52.5394, 0.667446, -0.711338, -0.220260, 0.115748, 0.732955, 0.679794, 0.025624, 0.026239, 0.131504, -0.178543, 0.975105, 0.272814, 0.000000, 0.000000, 0.000000, 1.000000, 0.096443, -0.198779, 0.975288, 0.339265, -0.669735, 0.711898, 0.211323, -0.108957, -0.736311, -0.673564, -0.064472, 0.219257, 0.000000, 0.000000, 0.000000, 1.000000, 0.999983, 0.005216, 0.002752, 0.008789, 0.002749, 0.000562, -0.999996, 0.051843, -0.005218, 0.999986, 0.000548, -0.052539, 0.000000, 0.000000, 0.000000, 1.000000
-14.3857, 115.3548, 25.7051, 272.9877, 339.4636, -108.5642, 219.7830, 8.6995, 51.5981, -52.6245, 0.670766, -0.708494, -0.219340, 0.115355, 0.729520, 0.683575, 0.022927, 0.025705, 0.133691, -0.175392, 0.975379, 0.272988, 0.000000, 0.000000, 0.000000, 1.000000, 0.098734, -0.195805, 0.975660, 0.339464, -0.673069, 0.709019, 0.210405, -0.108564, -0.732960, -0.677461, -0.061786, 0.219783, 0.000000, 0.000000, 0.000000, 1.000000, 0.999973, 0.007277, 0.001426, 0.008700, 0.001440, -0.001967, -0.999997, 0.051598, -0.007275, 0.999972, -0.001977, -0.052624, 0.000000, 0.000000, 0.000000, 1.000000
-14.1473, 115.1379, 25.5250, 272.8822, 339.3673, -108.3461, 219.9667, 9.1522, 51.6570, -52.5367, 0.671999, -0.707446, -0.218948, 0.115138, 0.728590, 0.684514, 0.024458, 0.025525, 0.132570, -0.175959, 0.975430, 0.272882, 0.000000, 0.000000, 0.000000, 1.000000, 0.097639, -0.196418, 0.975647, 0.339367, -0.674290, 0.707975, 0.210010, -0.108346, -0.731983, -0.678374, -0.063317, 0.219967, 0.000000, 0.000000, 0.000000, 1.000000, 0.999986, 0.004428, 0.002823, 0.009152, 0.002828, -0.001203, -0.999995, 0.051657, -0.004424, 0.999989, -0.001215, -0.052537, 0.000000, 0.000000, 0.000000, 1.000000
-14.0484, 114.7450, 25.0259, 273.0057, 339.5140, -107.9536, 220.4597, 8.8496, 51.4610, -52.6046, 0.674809, -0.705065, -0.217983, 0.114745, 0.725714, 0.687630, 0.022454, 0.025026, 0.134060, -0.173345, 0.975694, 0.273006, 0.000000, 0.000000, 0.000000, 1.000000, 0.099215, -0.193951, 0.975981, 0.339514, -0.677109, 0.705565, 0.209046, -0.107954, -0.729163, -0.681587, -0.061323, 0.220460, 0.000000, 0.000000, 0.000000, 1.000000, 0.999974, 0.006924, 0.002043, 0.008850, 0.002066, -0.003295, -0.999992, 0.051461, -0.006918, 0.999971, -0.003309, -0.052605, 0.000000, 0.000000, 0.000000, 1.000000
-13.7986, 114.3303, 24.7644, 272.4292, 338.9520, -107.5332, 220.7430, 9.0809, 51.9371, -52.3488, 0.676142, -0.702977, -0.220577, 0.114330, 0.724247, 0.689129, 0.023811, 0.024764, 0.135267, -0.175852, 0.975079, 0.272429, 0.000000, 0.000000, 0.000000, 1.000000, 0.100467, -0.196534, 0.975336, 0.338952, -0.678452, 0.703498, 0.211643, -0.107533, -0.727743, -0.682982, -0.062660, 0.220743, 0.000000, 0.000000, 0.000000, 1.000000, 0.999988, 0.004719, 0.001224, 0.009081, 0.001226, -0.000423, -0.999999, 0.051937, -0.004719, 0.999989, -0.000428, -0.052349, 0.000000, 0.000000, 0.000000, 1.000000
-13.6991, 114.0180, 24.2663, 272.7473, 339.2923, -107.2230, 221.2276, 8.8619, 51.5693, -52.5110, 0.678731, -0.701077, -0.218668, 0.114018, 0.722115, 0.691324, 0.024924, 0.024266, 0.133697, -0.174820, 0.975481, 0.272747, 0.000000, 0.000000, 0.000000, 1.000000, 0.098959, -0.195606, 0.975677, 0.339292, -0.681023, 0.701585, 0.209729, -0.107223, -0.725545, -0.685213, -0.063784, 0.221228, 0.000000, 0.000000, 0.000000, 1.000000, 0.999976, 0.005997, 0.003374, 0.008862, 0.003381, -0.001058, -0.999994, 0.051569, -0.005993, 0.999981, -0.001079, -0.052511, 0.000000, 0.000000, 0.000000, 1.000000
-13.4659, 113.5038, 23.7008, 272.7186, 339.2906, -106.7078, 221.7928, 8.8272, 51.4964, -52.4976, 0.682320, -0.697824, -0.217903, 0.113504, 0.718692, 0.694874, 0.025141, 0.023701, 0.133871, -0.173759, 0.975647, 0.272719, 0.000000, 0.000000, 0.000000, 1.000000, 0.099235, -0.194716, 0.975827, 0.339291, -0.684608, 0.698317, 0.208962, -0.106708, -0.722125, -0.688795, -0.064006, 0.221793, 0.000000, 0.000000, 0.000000, 1.000000, 0.999968, 0.006843, 0.004084, 0.008827, 0.004094, -0.001453, -0.999991, 0.051496, -0.006837, 0.999976, -0.001481, -0.052498, 0.000000, 0.000000, 0.000000, 1.000000
-13.2093, 112.9586, 23.1250, 272.4912, 339.0910, -106.1597, 222.3761, 8.8104, 51.6105, -52.4343, 0.684717, -0.694761, -0.220158, 0.112959, 0.715863, 0.697818, 0.024290, 0.023125, 0.136754, -0.174235, 0.975162, 0.272491, 0.000000, 0.000000, 0.000000, 1.000000, 0.102206, -0.195335, 0.975396, 0.339091, -0.687027, 0.695254, 0.211223, -0.106160, -0.719408, -0.691712, -0.063141, 0.222376, 0.000000, 0.000000, 0.000000, 1.000000, 0.999977, 0.006501, 0.001878, 0.008810, 0.001880, -0.000378, -0.999998, 0.051610, -0.006500, 0.999979, -0.000390, -0.052434, 0.000000, 0.000000, 0.000000, 1.000000
-12.9417, 112.4441, 22.6037, 272.5055, 339.1305, -105.6445, 222.8955, 8.9209, 51.4945, -52.3988, 0.687947, -0.692014, -0.218739, 0.112444, 0.713177, 0.700466, 0.026954, 0.022604, 0.134567, -0.174542, 0.975411, 0.272505, 0.000000, 0.000000, 0.000000, 1.000000, 0.100097, -0.195771, 0.975528, 0.339130, -0.690233, 0.692506, 0.209797, -0.105645, -0.716631, -0.694341, -0.065810, 0.222895, 0.000000, 0.000000, 0.000000, 1.000000, 0.999973, 0.005563, 0.004793, 0.008921, 0.004791, 0.000469, -0.999988, 0.051495, -0.005566, 0.999984, 0.000443, -0.052399, 0.000000, 0.000000, 0.000000, 1.000000
-12.7090, 112.2943, 22.3518, 272.8705, 339.5065, -105.4977, 223.1325, 9.4138, 51.1112, -52.4971, 0.690350, -0.690707, -0.215267, 0.112294, 0.710483, 0.703383, 0.021603, 0.022352, 0.136494, -0.167857, 0.976316, 0.272871, 0.000000, 0.000000, 0.000000, 1.000000, 0.102108, -0.189219, 0.976612, 0.339507, -0.692649, 0.691134, 0.206326, -0.105498, -0.714010, -0.697517, -0.060492, 0.223132, 0.000000, 0.000000, 0.000000, 1.000000, 0.999979, 0.005411, 0.003476, 0.009414, 0.003507, -0.005825, -0.999977, 0.051111, -0.005390, 0.999968, -0.005844, -0.052497, 0.000000, 0.000000, 0.000000, 1.000000
-12.5336, 111.8783, 21.9431, 272.6649, 339.3209, -105.0792, 223.5482, 9.3540, 51.2290, -52.4310, 0.692563, -0.688168, -0.216289, 0.111878, 0.708234, 0.705612, 0.022733, 0.021943, 0.136972, -0.168927, 0.976065, 0.272665, 0.000000, 0.000000, 0.000000, 1.000000, 0.102654, -0.190398, 0.976325, 0.339321, -0.694863, 0.688602, 0.207348, -0.105079, -0.711778, -0.699697, -0.061613, 0.223548, 0.000000, 0.000000, 0.000000, 1.000000, 0.999978, 0.005535, 0.003568, 0.009354, 0.003592, -0.004271, -0.999984, 0.051229, -0.005520, 0.999976, -0.004290, -0.052431, 0.000000, 0.000000, 0.000000, 1.000000
-12.3623, 111.4785, 21.6377, 272.1139, 338.7861, -104.6739, 223.8743, 9.3181, 51.6844, -52.2460, 0.693143, -0.686777, -0.218838, 0.111478, 0.707206, 0.706656, 0.022300, 0.021638, 0.139328, -0.170221, 0.975506, 0.272114, 0.000000, 0.000000, 0.000000, 1.000000, 0.105044, -0.191745, 0.975807, 0.338786, -0.695463, 0.687220, 0.209903, -0.104674, -0.710842, -0.700687, -0.061163, 0.223874, 0.000000, 0.000000, 0.000000, 1.000000, 0.999991, 0.004065, 0.001436, 0.009318, 0.001447, -0.002725, -0.999995, 0.051684, -0.004061, 0.999988, -0.002731, -0.052246, 0.000000, 0.000000, 0.000000, 1.000000
-12.2625, 111.2355, 21.1979, 272.7304, 339.4217, -104.4358, 224.2890, 9.2353, 51.0397, -52.4792, 0.696574, -0.684360, -0.215489, 0.111235, 0.704080, 0.709786, 0.021787, 0.021198, 0.138041, -0.166898, 0.976263, 0.272730, 0.000000, 0.000000, 0.000000, 1.000000, 0.103850, -0.188570, 0.976553, 0.339422, -0.698878, 0.684769, 0.206548, -0.104436, -0.707662, -0.703941, -0.060674, 0.224289, 0.000000, 0.000000, 0.000000, 1.000000, 0.999972, 0.006680, 0.003499, 0.009235, 0.003535, -0.005501, -0.999979, 0.051040, -0.006660, 0.999963, -0.005524, -0.052479, 0.000000, 0.000000, 0.000000, 1.000000
-12.0186, 110.4633, 20.6008, 272.0614, 338.7837, -103.6567, 224.9105, 8.9436, 51.5345, -52.2167, 0.698867, -0.681138, -0.218254, 0.110463, 0.701646, 0.712109, 0.024341, 0.020601, 0.138841, -0.170149, 0.975588, 0.272061, 0.000000, 0.000000, 0.000000, 1.000000, 0.104725, -0.191939, 0.975803, 0.338784, -0.701174, 0.681573, 0.209315, -0.103657, -0.705257, -0.706128, -0.063205, 0.224911, 0.000000, 0.000000, 0.000000, 1.000000, 0.999977, 0.005841, 0.003310, 0.008944, 0.003320, -0.001671, -0.999993, 0.051534, -0.005835, 0.999982, -0.001690, -0.052217, 0.000000, 0.000000, 0.000000, 1.000000
-11.7668, 110.0799, 20.1367, 272.2769, 339.0208, -103.2745, 225.3651, 9.1639, 51.2502, -52.2814, 0.702549, -0.677625, -0.217369, 0.110080, 0.697688, 0.716039, 0.022795, 0.020137, 0.140198, -0.167670, 0.975823, 0.272277, 0.000000, 0.000000, 0.000000, 1.000000, 0.106203, -0.189650, 0.976091, 0.339021, -0.704862, 0.678031, 0.208430, -0.103275, -0.701349, -0.710146, -0.061668, 0.225365, 0.000000, 0.000000, 0.000000, 1.000000, 0.999971, 0.007008, 0.002889, 0.009164, 0.002913, -0.003398, -0.999990, 0.051250, -0.006998, 0.999970, -0.003419, -0.052281, 0.000000, 0.000000, 0.000000, 1.000000
-11.4992, 109.4317, 19.5463, 271.9378, 338.7112, -102.6224, 225.9671, 9.0818, 51.4506, -52.1606, 0.705201, -0.674606, -0.218171, 0.109432, 0.694956, 0.718644, 0.024210, 0.019546, 0.140455, -0.168692, 0.975610, 0.271938, 0.000000, 0.000000, 0.000000, 1.000000, 0.106544, -0.190801, 0.975830, 0.338711, -0.707512, 0.675018, 0.209232, -0.102622, -0.698624, -0.712703, -0.063075, 0.225967, 0.000000, 0.000000, 0.000000, 1.000000, 0.999976, 0.006128, 0.003303, 0.009082, 0.003314, -0.001793, -0.999993, 0.051451, -0.006122, 0.999980, -0.001813, -0.052161, 0.000000, 0.000000, 0.000000, 1.000000
-11.2915, 108.8313, 18.9871, 271.6825, 338.4836, -102.0188, 226.5349, 8.8795, 51.5793, -52.0778, 0.707937, -0.671513, -0.218852, 0.108831, 0.691391, 0.722187, 0.020577, 0.018987, 0.144234, -0.165879, 0.975541, 0.271683, 0.000000, 0.000000, 0.000000, 1.000000, 0.110436, -0.188158, 0.975910, 0.338484, -0.710276, 0.671894, 0.209919, -0.102019, -0.695206, -0.716349, -0.059443, 0.226535, 0.000000, 0.000000, 0.000000, 1.000000, 0.999971, 0.007550, 0.000289, 0.008879, 0.000319, -0.003931, -0.999992, 0.051579, -0.007548, 0.999964, -0.003933, -0.052078, 0.000000, 0.000000, 0.000000, 1.000000
-11.0052, 108.3329, 18.4789, 271.7077, 338.5333, -101.5200, 227.0408, 9.0687, 51.4560, -52.0666, 0.710921, -0.668802, -0.217475, 0.108333, 0.688990, 0.724350, 0.024699, 0.018479, 0.141010, -0.167397, 0.975753, 0.271708, 0.000000, 0.000000, 0.000000, 1.000000, 0.107282, -0.189784, 0.975947, 0.338533, -0.713228, 0.669193, 0.208534, -0.101520, -0.692674, -0.718444, -0.063567, 0.227041, 0.000000, 0.000000, 0.000000, 1.000000, 0.999975, 0.005748, 0.004177, 0.009069, 0.004188, -0.001900, -0.999989, 0.051456, -0.005740, 0.999982, -0.001924, -0.052067, 0.000000, 0.000000, 0.000000, 1.000000
-10.7405, 107.7717, 17.9463, 271.4357, 338.2876, -100.9555, 227.5826, 9.0871, 51.6090, -51.9865, 0.713572, -0.665529, -0.218829, 0.107772, 0.685776, 0.727420, 0.023906, 0.017946, 0.143270, -0.167126, 0.975470, 0.271436, 0.000000, 0.000000, 0.000000, 1.000000, 0.109643, -0.189664, 0.975708, 0.338288, -0.715894, 0.665914, 0.209892, -0.100955, -0.689546, -0.721517, -0.062767, 0.227583, 0.000000, 0.000000, 0.000000, 1.000000, 0.999981, 0.005605, 0.002638, 0.009087, 0.002646, -0.001509, -0.999995, 0.051609, -0.005601, 0.999983, -0.001524, -0.051986, 0.000000, 0.000000, 0.000000, 1.000000
-10.5106, 107.2394, 17.4240, 271.4094, 338.2867, -100.4222, 228.1045, 9.0598, 51.5287, -51.9688, 0.716470, -0.662545, -0.218414, 0.107239, 0.682563, 0.730458, 0.023232, 0.017424, 0.144150, -0.165726, 0.975580, 0.271409, 0.000000, 0.000000, 0.000000, 1.000000, 0.110622, -0.188412, 0.975840, 0.338287, -0.718795, 0.662912, 0.209477, -0.100422, -0.686365, -0.724602, -0.062097, 0.228104, 0.000000, 0.000000, 0.000000, 1.000000, 0.999979, 0.006009, 0.002492, 0.009060, 0.002506, -0.002282, -0.999994, 0.051529, -0.006003, 0.999979, -0.002297, -0.051969, 0.000000, 0.000000, 0.000000, 1.000000
-10.1344, 106.6421, 16.9183, 271.2115, 338.1143, -99.8223, 228.6165, 9.4268, 51.6008, -51.8466, 0.719517, -0.659010, -0.219092, 0.106642, 0.679016, 0.733769, 0.022830, 0.016918, 0.145718, -0.165193, 0.975437, 0.271211, 0.000000, 0.000000, 0.000000, 1.000000, 0.112302, -0.188042, 0.975719, 0.338114, -0.721850, 0.659368, 0.210157, -0.099822, -0.682876, -0.727924, -0.061690, 0.228616, 0.000000, 0.000000, 0.000000, 1.000000, 0.999989, 0.004312, 0.001726, 0.009427, 0.001735, -0.002095, -0.999996, 0.051601, -0.004309, 0.999988, -0.002102, -0.051847, 0.000000, 0.000000, 0.000000, 1.000000
-10.0239, 106.5720, 16.7982, 271.3966, 338.3047, -99.7537, 228.7291, 9.6651, 51.4076, -51.9008, 0.720478, -0.658408, -0.217738, 0.106572, 0.678293, 0.734410, 0.023669, 0.016798, 0.144325, -0.164743, 0.975720, 0.271397, 0.000000, 0.000000, 0.000000, 1.000000, 0.110930, -0.187623, 0.975957, 0.338305, -0.722798, 0.658761, 0.208799, -0.099754, -0.682097, -0.728582, -0.062537, 0.228729, 0.000000, 0.000000, 0.000000, 1.000000, 0.999989, 0.003319, 0.003315, 0.009665, 0.003323, -0.002415, -0.999992, 0.051408, -0.003311, 0.999992, -0.002426, -0.051901, 0.000000, 0.000000, 0.000000, 1.000000
-9.9380, 105.9266, 16.2564, 270.9880, 337.9236, -99.1038, 229.2853, 9.0399, 51.6753, -51.7895, 0.723061, -0.654413, -0.221194, 0.105927, 0.674622, 0.737824, 0.022385, 0.016256, 0.148553, -0.165408, 0.974973, 0.270988, 0.000000, 0.000000, 0.000000, 1.000000, 0.115276, -0.188458, 0.975292, 0.337924, -0.725414, 0.654766, 0.212263, -0.099104, -0.678591, -0.731959, -0.061232, 0.229285, 0.000000, 0.000000, 0.000000, 1.000000, 0.999976, 0.006912, -0.000148, 0.009040, -0.000141, -0.000960, -1.000000, 0.051675, -0.006912, 0.999976, -0.000959, -0.051789, 0.000000, 0.000000, 0.000000, 1.000000
-9.6921, 105.2755, 15.7187, 270.7206, 337.6835, -98.4494, 229.8319, 8.9297, 51.8042, -51.6730, 0.725878, -0.651779, -0.219739, 0.105275, 0.671576, 0.740618, 0.021675, 0.015719, 0.148615, -0.163305, 0.975318, 0.270721, 0.000000, 0.000000, 0.000000, 1.000000, 0.115432, -0.186491, 0.975652, 0.337683, -0.728227, 0.652109, 0.210806, -0.098449, -0.675545, -0.734830, -0.060533, 0.229832, 0.000000, 0.000000, 0.000000, 1.000000, 0.999977, 0.006723, 0.000485, 0.008930, 0.000502, -0.002490, -0.999997, 0.051804, -0.006722, 0.999974, -0.002494, -0.051673, 0.000000, 0.000000, 0.000000, 1.000000
-9.4471, 105.2228, 15.5588, 270.9962, 337.9657, -98.3990, 229.9808, 9.5849, 51.5275, -51.7628, 0.727209, -0.650348, -0.219577, 0.105223, 0.670396, 0.741625, 0.023697, 0.015559, 0.147432, -0.164436, 0.975307, 0.270996, 0.000000, 0.000000, 0.000000, 1.000000, 0.114285, -0.187674, 0.975560, 0.337966, -0.729545, 0.650687, 0.210642, -0.098399, -0.674316, -0.735788, -0.062553, 0.229981, 0.000000, 0.000000, 0.000000, 1.000000, 0.999990, 0.003993, 0.001973, 0.009585, 0.001977, -0.001093, -0.999997, 0.051527, -0.003991, 0.999991, -0.001101, -0.051763, 0.000000, 0.000000, 0.000000, 1.000000
-9.3349, 104.6495, 15.0377, 270.8073, 337.8028, -97.8232, 230.5078, 9.1393, 51.5964, -51.7245, 0.730265, -0.647163, -0.218845, 0.104649, 0.667006, 0.744679, 0.023590, 0.015038, 0.147703, -0.163198, 0.975474, 0.270807, 0.000000, 0.000000, 0.000000, 1.000000, 0.114661, -0.186586, 0.975725, 0.337803, -0.732598, 0.647486, 0.209908, -0.097823, -0.670934, -0.738882, -0.062451, 0.230508, 0.000000, 0.000000, 0.000000, 1.000000, 0.999975, 0.006580, 0.002458, 0.009139, 0.002469, -0.001665, -0.999996, 0.051596, -0.006576, 0.999977, -0.001681, -0.051725, 0.000000, 0.000000, 0.000000, 1.000000
-9.1096, 104.1508, 14.5620, 270.9176, 337.9362, -97.3248, 230.9778, 9.1734, 51.3894, -51.7353, 0.732212, -0.645011, -0.218693, 0.104151, 0.664647, 0.746813, 0.022677, 0.014562, 0.148696, -0.161957, 0.975530, 0.270918, 0.000000, 0.000000, 0.000000, 1.000000, 0.115729, -0.185450, 0.975815, 0.337936, -0.734550, 0.645320, 0.209757, -0.097325, -0.668612, -0.741060, -0.061540, 0.230978, 0.000000, 0.000000, 0.000000, 1.000000, 0.999981, 0.005830, 0.001973, 0.009173, 0.001988, -0.002446, -0.999995, 0.051389, -0.005825, 0.999980, -0.002458, -0.051735, 0.000000, 0.000000, 0.000000, 1.000000
-8.8699, 103.8353, 14.3222, 270.5582, 337.5894, -97.0057, 231.2310, 9.4731, 51.6752, -51.6114, 0.733751, -0.642872, -0.219828, 0.103835, 0.662919, 0.748294, 0.024383, 0.014322, 0.148821, -0.163619, 0.975234, 0.270558, 0.000000, 0.000000, 0.000000, 1.000000, 0.115908, -0.187189, 0.975462, 0.337589, -0.736089, 0.643194, 0.210892, -0.097006, -0.666888, -0.742470, -0.063236, 0.231231, 0.000000, 0.000000, 0.000000, 1.000000, 0.999990, 0.003945, 0.002246, 0.009473, 0.002248, -0.000386, -0.999997, 0.051675, -0.003944, 0.999992, -0.000395, -0.051611, 0.000000, 0.000000, 0.000000, 1.000000
-8.7535, 103.3683, 13.8477, 270.7256, 337.7796, -96.5395, 231.6977, 9.2023, 51.4195, -51.6729, 0.736685, -0.639916, -0.218640, 0.103368, 0.659477, 0.751376, 0.022913, 0.013848, 0.149619, -0.161068, 0.975536, 0.270726, 0.000000, 0.000000, 0.000000, 1.000000, 0.116814, -0.184788, 0.975811, 0.337780, -0.739024, 0.640209, 0.209704, -0.096539, -0.663474, -0.745644, -0.061777, 0.231698, 0.000000, 0.000000, 0.000000, 1.000000, 0.999976, 0.006509, 0.002185, 0.009202, 0.002200, -0.002288, -0.999995, 0.051419, -0.006504, 0.999976, -0.002303, -0.051673, 0.000000, 0.000000, 0.000000, 1.000000
-8.5120, 102.7918, 13.3621, 270.4717, 337.5503, -95.9600, 232.1919, 9.1680, 51.5505, -51.5856, 0.739491, -0.637097, -0.217394, 0.102792, 0.656132, 0.754348, 0.021209, 0.013362, 0.150478, -0.158323, 0.975854, 0.270472, 0.000000, 0.000000, 0.000000, 1.000000, 0.117780, -0.182188, 0.976184, 0.337550, -0.741833, 0.637361, 0.208457, -0.095960, -0.660160, -0.748718, -0.060084, 0.232192, 0.000000, 0.000000, 0.000000, 1.000000, 0.999975, 0.006746, 0.002040, 0.009168, 0.002069, -0.004408, -0.999988, 0.051550, -0.006737, 0.999968, -0.004422, -0.051586, 0.000000, 0.000000, 0.000000, 1.000000
-8.2477, 102.1829, 12.8590, 270.3182, 337.4223, -95.3490, 232.6994, 9.1843, 51.5767, -51.5068, 0.741861, -0.633283, -0.220443, 0.102183, 0.652982, 0.757033, 0.022707, 0.012859, 0.152503, -0.160790, 0.975136, 0.270318, 0.000000, 0.000000, 0.000000, 1.000000, 0.119905, -0.184794, 0.975435, 0.337422, -0.744216, 0.633566, 0.211510, -0.095349, -0.657089, -0.751296, -0.061558, 0.232699, 0.000000, 0.000000, 0.000000, 1.000000, 0.999980, 0.006337, 0.000687, 0.009184, 0.000694, -0.001219, -0.999999, 0.051577, -0.006336, 0.999979, -0.001223, -0.051507, 0.000000, 0.000000, 0.000000, 1.000000
-8.0141, 101.7207, 12.3637, 270.3577, 337.4855, -94.8863, 233.1919, 9.2478, 51.4471, -51.5551, 0.744194, -0.631059, -0.218951, 0.101721, 0.650493, 0.759167, 0.022901, 0.012364, 0.151768, -0.159469, 0.975467, 0.270358, 0.000000, 0.000000, 0.000000, 1.000000, 0.119249, -0.183578, 0.975745, 0.337485, -0.746539, 0.631327, 0.210016, -0.094886, -0.654569, -0.753476, -0.061763, 0.233192, 0.000000, 0.000000, 0.000000, 1.000000, 0.999983, 0.005505, 0.001974, 0.009248, 0.001985, -0.002063, -0.999996, 0.051447, -0.005501, 0.999983, -0.002074, -0.051555, 0.000000, 0.000000, 0.000000, 1.000000
-7.7423, 100.9969, 11.8144, 269.9890, 337.1453, -94.1584, 233.7540, 9.1377, 51.6588, -51.4096, 0.747439, -0.626642, -0.220579, 0.100997, 0.646416, 0.762611, 0.023903, 0.011814, 0.153237, -0.160452, 0.975076, 0.269989, 0.000000, 0.000000, 0.000000, 1.000000, 0.120848, -0.184736, 0.975330, 0.337145, -0.749790, 0.626914, 0.211645, -0.094158, -0.650546, -0.756870, -0.062752, 0.233754, 0.000000, 0.000000, 0.000000, 1.000000, 0.999980, 0.006137, 0.001373, 0.009138, 0.001375, -0.000205, -0.999999, 0.051659, -0.006136, 0.999981, -0.000213, -0.051410, 0.000000, 0.000000, 0.000000, 1.000000
-7.5204, 100.9096, 11.7540, 270.1650, 337.3243, -94.0726, 233.8073, 9.7481, 51.4693, -51.3924, 0.748977, -0.625863, -0.217552, 0.100910, 0.645214, 0.763607, 0.024534, 0.011754, 0.150769, -0.158743, 0.975740, 0.270165, 0.000000, 0.000000, 0.000000, 1.000000, 0.118415, -0.183075, 0.975941, 0.337324, -0.751304, 0.626117, 0.208611, -0.094073, -0.649245, -0.757932, -0.063403, 0.233807, 0.000000, 0.000000, 0.000000, 1.000000, 0.999984, 0.003754, 0.004143, 0.009748, 0.004150, -0.001721, -0.999990, 0.051469, -0.003747, 0.999991, -0.001736, -0.051392, 0.000000, 0.000000, 0.000000, 1.000000
-7.4259, 100.3404, 11.2094, 269.9886, 337.1747, -93.5010, 234.3573, 9.2362, 51.5275, -51.4059, 0.750921, -0.622420, -0.220705, 0.100340, 0.641847, 0.766513, 0.022128, 0.011209, 0.155400, -0.158276, 0.975089, 0.269989, 0.000000, 0.000000, 0.000000, 1.000000, 0.123158, -0.182753, 0.975414, 0.337175, -0.753286, 0.622666, 0.211774, -0.093501, -0.646059, -0.760847, -0.060979, 0.234357, 0.000000, 0.000000, 0.000000, 1.000000, 0.999978, 0.006628, 0.000134, 0.009236, 0.000144, -0.001480, -0.999999, 0.051528, -0.006628, 0.999977, -0.001481, -0.051406, 0.000000, 0.000000, 0.000000, 1.000000
-7.1262, 99.6636, 10.7166, 269.7086, 336.9205, -92.8209, 234.8595, 9.2966, 51.6618, -51.2659, 0.753870, -0.619352, -0.219280, 0.099664, 0.638555, 0.769245, 0.022591, 0.010717, 0.154689, -0.157053, 0.975400, 0.269709, 0.000000, 0.000000, 0.000000, 1.000000, 0.122550, -0.181667, 0.975694, 0.336920, -0.756222, 0.619583, 0.210345, -0.092821, -0.642736, -0.763619, -0.061451, 0.234860, 0.000000, 0.000000, 0.000000, 1.000000, 0.999983, 0.005644, 0.001556, 0.009297, 0.001568, -0.002055, -0.999997, 0.051662, -0.005641, 0.999982, -0.002064, -0.051266, 0.000000, 0.000000, 0.000000, 1.000000
-6.9225, 99.4353, 10.5450, 269.3831, 336.6041, -92.5894, 235.0434, 9.5948, 51.9324, -51.1700, 0.754066, -0.618108, -0.222097, 0.099435, 0.638067, 0.769589, 0.024561, 0.010545, 0.155742, -0.160233, 0.974715, 0.269383, 0.000000, 0.000000, 0.000000, 1.000000, 0.123620, -0.184869, 0.974957, 0.336604, -0.756427, 0.618368, 0.213165, -0.092589, -0.642290, -0.763836, -0.063397, 0.235043, 0.000000, 0.000000, 0.000000, 1.000000, 0.999996, 0.002750, 0.000600, 0.009595, 0.000596, 0.001313, -0.999999, 0.051932, -0.002750, 0.999995, 0.001311, -0.051170, 0.000000, 0.000000, 0.000000, 1.000000
-6.8355, 99.0462, 10.1079, 269.8322, 337.0735, -92.2037, 235.4617, 9.3617, 51.4185, -51.3217, 0.757955, -0.614806, -0.217983, 0.099046, 0.633181, 0.773763, 0.019307, 0.010108, 0.156797, -0.152657, 0.975762, 0.269832, 0.000000, 0.000000, 0.000000, 1.000000, 0.124832, -0.177494, 0.976173, 0.337074, -0.760319, 0.614990, 0.209050, -0.092204, -0.637442, -0.768299, -0.058181, 0.235462, 0.000000, 0.000000, 0.000000, 1.000000, 0.999971, 0.007568, 0.000502, 0.009362, 0.000543, -0.005437, -0.999985, 0.051419, -0.007565, 0.999957, -0.005441, -0.051322, 0.000000, 0.000000, 0.000000, 1.000000
-6.5786, 98.6169, 9.7800, 269.6817, 336.9400, -91.7726, 235.7945, 9.6005, 51.4776, -51.2428, 0.759390, -0.612849, -0.218502, 0.098617, 0.631664, 0.774936, 0.021787, 0.009780, 0.155972, -0.154565, 0.975593, 0.269682, 0.000000, 0.000000, 0.000000, 1.000000, 0.124055, -0.179464, 0.975911, 0.336940, -0.761743, 0.613049, 0.209567, -0.091773, -0.635891, -0.769392, -0.060654, 0.235794, 0.000000, 0.000000, 0.000000, 1.000000, 0.999986, 0.005010, 0.001684, 0.009600, 0.001700, -0.003170, -0.999994, 0.051478, -0.005005, 0.999982, -0.003178, -0.051243, 0.000000, 0.000000, 0.000000, 1.000000
-6.4268, 98.0053, 9.2890, 269.4162, 336.6997, -91.1578, 236.2944, 9.2543, 51.6121, -51.1790, 0.761577, -0.609635, -0.219875, 0.098005, 0.628990, 0.777037, 0.024174, 0.009289, 0.156114, -0.156710, 0.975228, 0.269416, 0.000000, 0.000000, 0.000000, 1.000000, 0.124282, -0.181720, 0.975465, 0.336700, -0.763928, 0.609851, 0.210940, -0.091158, -0.633221, -0.771401, -0.063027, 0.236294, 0.000000, 0.000000, 0.000000, 1.000000, 0.999981, 0.005790, 0.002107, 0.009254, 0.002109, -0.000415, -0.999998, 0.051612, -0.005789, 0.999983, -0.000427, -0.051179, 0.000000, 0.000000, 0.000000, 1.000000
-6.1550, 97.8289, 9.1215, 269.4279, 336.7195, -90.9813, 236.4610, 9.8569, 51.5655, -51.1573, 0.762543, -0.607963, -0.221154, 0.097829, 0.627109, 0.778626, 0.021805, 0.009121, 0.158940, -0.155315, 0.974995, 0.269428, 0.000000, 0.000000, 0.000000, 1.000000, 0.127171, -0.180404, 0.975337, 0.336720, -0.764917, 0.608164, 0.212225, -0.090981, -0.631451, -0.773040, -0.060653, 0.236461, 0.000000, 0.000000, 0.000000, 1.000000, 0.999994, 0.003539, -0.000385, 0.009857, -0.000380, -0.001440, -0.999999, 0.051566, -0.003539, 0.999993, -0.001438, -0.051157, 0.000000, 0.000000, 0.000000, 1.000000
-6.0445, 97.1858, 8.6354, 269.1614, 336.4783, -90.3350, 236.9559, 9.3614, 51.6939, -51.0825, 0.764953, -0.605461, -0.219692, 0.097186, 0.624041, 0.781133, 0.020105, 0.008635, 0.159436, -0.152476, 0.975362, 0.269161, 0.000000, 0.000000, 0.000000, 1.000000, 0.127766, -0.177689, 0.975757, 0.336478, -0.767326, 0.605632, 0.210762, -0.090335, -0.628400, -0.775652, -0.058966, 0.236956, 0.000000, 0.000000, 0.000000, 1.000000, 0.999985, 0.005540, -0.000279, 0.009361, -0.000259, -0.003711, -0.999993, 0.051694, -0.005541, 0.999978, -0.003709, -0.051083, 0.000000, 0.000000, 0.000000, 1.000000
-5.6553, 96.8351, 8.2567, 269.7182, 337.0527, -89.9889, 237.3117, 10.1488, 51.0821, -51.1861, 0.768652, -0.601808, -0.216798, 0.096835, 0.620143, 0.784183, 0.021896, 0.008257, 0.156832, -0.151277, 0.975971, 0.269718, 0.000000, 0.000000, 0.000000, 1.000000, 0.125284, -0.176644, 0.976269, 0.337053, -0.770995, 0.601964, 0.207860, -0.089989, -0.624396, -0.778740, -0.060775, 0.237312, 0.000000, 0.000000, 0.000000, 1.000000, 0.999988, 0.003637, 0.003176, 0.010149, 0.003191, -0.004140, -0.999986, 0.051082, -0.003624, 0.999985, -0.004152, -0.051186, 0.000000, 0.000000, 0.000000, 1.000000
-5.5666, 96.0974, 7.6953, 269.1840, 336.5478, -89.2455, 237.8924, 9.4235, 51.4523, -51.0820, 0.770076, -0.598523, -0.220801, 0.096097, 0.617857, 0.785908, 0.024520, 0.007695, 0.158854, -0.155306, 0.975011, 0.269184, 0.000000, 0.000000, 0.000000, 1.000000, 0.127382, -0.180767, 0.975242, 0.336548, -0.772435, 0.598713, 0.211867, -0.089245, -0.622189, -0.780299, -0.063366, 0.237892, 0.000000, 0.000000, 0.000000, 1.000000, 0.999986, 0.005036, 0.001591, 0.009423, 0.001588, 0.000476, -0.999999, 0.051452, -0.005037, 0.999987, 0.000468, -0.051082, 0.000000, 0.000000, 0.000000, 1.000000
-5.3336, 95.6488, 7.4195, 268.9729, 336.3518, -88.7945, 238.1755, 9.5941, 51.5649, -50.9573, 0.772205, -0.596177, -0.219712, 0.095649, 0.614989, 0.788210, 0.022687, 0.007419, 0.159654, -0.152640, 0.975301, 0.268973, 0.000000, 0.000000, 0.000000, 1.000000, 0.128275, -0.178215, 0.975595, 0.336352, -0.774566, 0.596339, 0.210778, -0.088795, -0.619350, -0.782700, -0.061544, 0.238175, 0.000000, 0.000000, 0.000000, 1.000000, 0.999988, 0.004627, 0.001339, 0.009594, 0.001347, -0.001656, -0.999998, 0.051565, -0.004624, 0.999988, -0.001662, -0.050957, 0.000000, 0.000000, 0.000000, 1.000000
-5.1939, 95.3172, 7.1034, 268.9960, 336.3904, -88.4627, 238.4898, 9.5792, 51.4761, -50.9875, 0.774115, -0.594390, -0.217823, 0.095317, 0.612534, 0.790174, 0.020661, 0.007103, 0.159837, -0.149418, 0.975770, 0.268996, 0.000000, 0.000000, 0.000000, 1.000000, 0.128538, -0.175090, 0.976126, 0.336390, -0.776474, 0.594521, 0.208888, -0.088463, -0.616901, -0.784786, -0.059534, 0.238490, 0.000000, 0.000000, 0.000000, 1.000000, 0.999985, 0.005293, 0.001625, 0.009579, 0.001649, -0.004446, -0.999989, 0.051476, -0.005286, 0.999976, -0.004455, -0.050988, 0.000000, 0.000000, 0.000000, 1.000000
-4.9887, 94.6277, 6.6152, 268.5790, 335.9991, -87.7686, 238.9927, 9.3137, 51.7411, -50.8629, 0.776182, -0.590235, -0.221730, 0.094628, 0.609356, 0.792553, 0.023352, 0.006615, 0.161950, -0.153238, 0.974828, 0.268579, 0.000000, 0.000000, 0.000000, 1.000000, 0.130756, -0.179038, 0.975115, 0.335999, -0.778555, 0.590397, 0.212800, -0.087769, -0.613804, -0.787005, -0.062193, 0.238993, 0.000000, 0.000000, 0.000000, 1.000000, 0.999983, 0.005767, 0.000122, 0.009314, 0.000121, 0.000144, -1.000000, 0.051741, -0.005767, 0.999983, 0.000144, -0.050863, 0.000000, 0.000000, 0.000000, 1.000000
-4.7610, 94.1115, 6.1582, 268.6988, 336.1416, -87.2529, 239.4437, 9.3569, 51.5204, -50.8993, 0.778986, -0.587437, -0.219313, 0.094112, 0.605996, 0.795146, 0.022635, 0.006158, 0.161089, -0.150535, 0.975392, 0.268699, 0.000000, 0.000000, 0.000000, 1.000000, 0.130002, -0.176465, 0.975684, 0.336142, -0.781346, 0.587570, 0.210378, -0.087253, -0.610407, -0.789697, -0.061495, 0.239444, 0.000000, 0.000000, 0.000000, 1.000000, 0.999981, 0.005984, 0.001649, 0.009357, 0.001660, -0.001930, -0.999997, 0.051520, -0.005981, 0.999980, -0.001940, -0.050899, 0.000000, 0.000000, 0.000000, 1.000000
-4.5297, 93.4041, 5.6513, 268.2764, 335.7459, -86.5409, 239.9655, 9.1446, 51.7870, -50.7816, 0.781631, -0.583256, -0.221057, 0.093404, 0.601766, 0.798391, 0.021227, 0.005651, 0.164109, -0.149616, 0.975030, 0.268276, 0.000000, 0.000000, 0.000000, 1.000000, 0.133163, -0.175712, 0.975394, 0.335746, -0.784012, 0.583376, 0.212127, -0.086541, -0.606295, -0.792967, -0.060076, 0.239965, 0.000000, 0.000000, 0.000000, 1.000000, 0.999973, 0.007317, -0.000606, 0.009145, -0.000592, -0.001974, -0.999998, 0.051787, -0.007318, 0.999971, -0.001969, -0.050782, 0.000000, 0.000000, 0.000000, 1.000000
-4.2798, 93.4355, 5.5781, 268.7981, 336.2698, -86.5770, 240.0182, 9.9811, 51.2871, -50.8961, 0.782723, -0.583245, -0.217188, 0.093436, 0.601338, 0.798682, 0.022349, 0.005578, 0.160429, -0.148097, 0.975874, 0.268798, 0.000000, 0.000000, 0.000000, 1.000000, 0.129493, -0.174206, 0.976158, 0.336270, -0.785070, 0.583350, 0.208250, -0.086577, -0.605720, -0.793319, -0.061224, 0.240018, 0.000000, 0.000000, 0.000000, 1.000000, 0.999989, 0.003390, 0.003235, 0.009981, 0.003247, -0.003458, -0.999989, 0.051287, -0.003378, 0.999988, -0.003469, -0.050896, 0.000000, 0.000000, 0.000000, 1.000000
-4.1922, 92.6896, 5.0710, 268.3832, 335.8820, -85.8265, 240.5398, 9.2963, 51.5378, -50.7865, 0.785206, -0.578668, -0.220443, 0.092690, 0.597419, 0.801576, 0.023819, 0.005071, 0.162918, -0.150400, 0.975109, 0.268383, 0.000000, 0.000000, 0.000000, 1.000000, 0.132113, -0.176663, 0.975365, 0.335882, -0.787570, 0.578790, 0.211509, -0.085827, -0.601897, -0.796111, -0.062669, 0.240540, 0.000000, 0.000000, 0.000000, 1.000000, 0.999976, 0.006802, 0.001453, 0.009296, 0.001454, -0.000265, -0.999999, 0.051538, -0.006802, 0.999977, -0.000275, -0.050786, 0.000000, 0.000000, 0.000000, 1.000000
-3.9423, 92.2505, 4.7824, 268.1663, 335.6806, -85.3850, 240.8359, 9.5145, 51.6586, -50.6875, 0.786828, -0.576551, -0.220209, 0.092250, 0.594823, 0.803571, 0.021452, 0.004782, 0.164585, -0.147864, 0.975217, 0.268166, 0.000000, 0.000000, 0.000000, 1.000000, 0.133866, -0.174227, 0.975564, 0.335681, -0.789202, 0.576647, 0.211277, -0.085385, -0.599366, -0.798200, -0.060307, 0.240836, 0.000000, 0.000000, 0.000000, 1.000000, 0.999984, 0.005712, 0.000244, 0.009515, 0.000257, -0.002314, -0.999997, 0.051659, -0.005712, 0.999981, -0.002316, -0.050688, 0.000000, 0.000000, 0.000000, 1.000000
-3.7837, 91.8248, 4.4934, 268.0324, 335.5621, -84.9577, 241.1292, 9.4752, 51.7015, -50.6259, 0.788418, -0.574432, -0.220059, 0.091825, 0.593110, 0.804756, 0.024271, 0.004493, 0.163152, -0.149654, 0.975185, 0.268032, 0.000000, 0.000000, 0.000000, 1.000000, 0.132486, -0.176082, 0.975419, 0.335562, -0.790777, 0.574543, 0.211123, -0.084958, -0.597595, -0.799310, -0.063122, 0.241129, 0.000000, 0.000000, 0.000000, 1.000000, 0.999985, 0.005020, 0.002046, 0.009475, 0.002047, -0.000126, -0.999998, 0.051701, -0.005020, 0.999987, -0.000137, -0.050626, 0.000000, 0.000000, 0.000000, 1.000000
-3.6026, 91.2729, 4.0172, 267.9657, 335.5193, -84.4044, 241.6066, 9.3051, 51.6550, -50.6499, 0.791004, -0.570414, -0.221226, 0.091273, 0.588550, 0.808201, 0.020504, 0.004017, 0.167099, -0.146421, 0.975007, 0.267966, 0.000000, 0.000000, 0.000000, 1.000000, 0.136587, -0.173024, 0.975401, 0.335519, -0.793391, 0.570491, 0.212298, -0.084404, -0.593190, -0.802872, -0.059354, 0.241607, 0.000000, 0.000000, 0.000000, 1.000000, 0.999970, 0.007603, -0.001141, 0.009305, -0.001122, -0.002467, -0.999996, 0.051655, -0.007606, 0.999968, -0.002458, -0.050650, 0.000000, 0.000000, 0.000000, 1.000000
-3.3623, 90.7099, 3.6006, 268.0240, 335.5990, -83.8413, 242.0195, 9.3655, 51.4830, -50.6315, 0.793372, -0.567785, -0.219502, 0.090710, 0.586010, 0.809980, 0.022914, 0.003601, 0.164782, -0.146809, 0.975343, 0.268024, 0.000000, 0.000000, 0.000000, 1.000000, 0.134351, -0.173505, 0.975626, 0.335599, -0.795735, 0.567862, 0.210567, -0.083841, -0.590556, -0.804629, -0.061771, 0.242020, 0.000000, 0.000000, 0.000000, 1.000000, 0.999978, 0.006471, 0.001710, 0.009366, 0.001720, -0.001546, -0.999997, 0.051483, -0.006468, 0.999978, -0.001557, -0.050631, 0.000000, 0.000000, 0.000000, 1.000000
-3.1052, 90.2838, 3.3302, 267.7402, 335.3299, -83.4123, 242.3000, 9.6150, 51.6714, -50.5217, 0.794731, -0.565138, -0.221409, 0.090284, 0.583165, 0.812098, 0.020377, 0.003330, 0.168290, -0.145313, 0.974968, 0.267740, 0.000000, 0.000000, 0.000000, 1.000000, 0.137956, -0.172117, 0.975369, 0.335330, -0.797121, 0.565199, 0.212482, -0.083412, -0.587849, -0.806800, -0.059226, 0.242300, 0.000000, 0.000000, 0.000000, 1.000000, 0.999984, 0.005574, -0.001346, 0.009615, -0.001332, -0.002467, -0.999996, 0.051671, -0.005577, 0.999981, -0.002460, -0.050522, 0.000000, 0.000000, 0.000000, 1.000000
-2.9610, 89.8740, 2.9971, 267.6565, 335.2632, -83.0012, 242.6355, 9.5251, 51.6698, -50.5222, 0.796097, -0.562847, -0.222334, 0.089874, 0.580882, 0.813744, 0.019902, 0.002997, 0.169722, -0.144994, 0.974767, 0.267657, 0.000000, 0.000000, 0.000000, 1.000000, 0.139464, -0.171885, 0.975195, 0.335263, -0.798497, 0.562903, 0.213410, -0.083001, -0.585622, -0.808453, -0.058745, 0.242635, 0.000000, 0.000000, 0.000000, 1.000000, 0.999980, 0.005892, -0.002386, 0.009525, -0.002372, -0.002308, -0.999995, 0.051670, -0.005897, 0.999980, -0.002294, -0.050522, 0.000000, 0.000000, 0.000000, 1.000000
-2.7756, 89.3017, 2.5694, 267.6783, 335.3070, -82.4285, 243.0609, 9.3960, 51.5315, -50.5179, 0.798988, -0.559674, -0.219962, 0.089302, 0.577807, 0.815851, 0.022959, 0.002569, 0.166607, -0.145439, 0.975238, 0.267678, 0.000000, 0.000000, 0.000000, 1.000000, 0.136447, -0.172442, 0.975524, 0.335307, -0.801355, 0.559730, 0.211028, -0.082429, -0.582420, -0.810534, -0.061814, 0.243061, 0.000000, 0.000000, 0.000000, 1.000000, 0.999979, 0.006332, 0.001369, 0.009396, 0.001377, -0.001219, -0.999998, 0.051532, -0.006331, 0.999979, -0.001227, -0.050518, 0.000000, 0.000000, 0.000000, 1.000000
-2.5119, 89.1131, 2.4436, 267.6407, 335.2761, -82.2394, 243.1877, 9.9787, 51.5293, -50.4641, 0.799823, -0.558140, -0.220823, 0.089113, 0.575867, 0.817298, 0.020037, 0.002444, 0.169295, -0.143190, 0.975108, 0.267641, 0.000000, 0.000000, 0.000000, 1.000000, 0.139202, -0.170266, 0.975517, 0.335276, -0.802211, 0.558174, 0.211895, -0.082239, -0.580587, -0.812066, -0.058890, 0.243188, 0.000000, 0.000000, 0.000000, 1.000000, 0.999991, 0.004169, -0.001019, 0.009979, -0.001006, -0.003104, -0.999995, 0.051529, -0.004172, 0.999986, -0.003100, -0.050464, 0.000000, 0.000000, 0.000000, 1.000000
-2.4106, 88.4214, 1.9527, 267.2516, 334.9129, -81.5434, 243.6923, 9.3893, 51.7666, -50.4027, 0.801206, -0.555417, -0.222667, 0.088421, 0.574059, 0.818461, 0.024039, 0.001953, 0.168892, -0.147084, 0.974598, 0.267252, 0.000000, 0.000000, 0.000000, 1.000000, 0.138858, -0.174226, 0.974866, 0.334913, -0.803588, 0.555484, 0.213737, -0.081543, -0.578761, -0.813070, -0.062873, 0.243692, 0.000000, 0.000000, 0.000000, 1.000000, 0.999989, 0.004595, -0.000259, 0.009389, -0.000265, 0.001268, -0.999999, 0.051767, -0.004594, 0.999989, 0.001270, -0.050403, 0.000000, 0.000000, 0.000000, 1.000000
-2.1667, 88.2691, 1.8077, 267.3863, 335.0546, -81.3922, 243.8315, 9.9581, 51.6049, -50.4147, 0.802785, -0.554059, -0.220350, 0.088269, 0.572054, 0.819907, 0.022508, 0.001808, 0.168196, -0.144121, 0.975161, 0.267386, 0.000000, 0.000000, 0.000000, 1.000000, 0.138227, -0.171336, 0.975468, 0.335055, -0.805157, 0.554098, 0.211418, -0.081392, -0.576728, -0.814629, -0.061361, 0.243832, 0.000000, 0.000000, 0.000000, 1.000000, 0.999996, 0.002755, 0.000807, 0.009958, 0.000811, -0.001352, -0.999999, 0.051605, -0.002754, 0.999995, -0.001354, -0.050415, 0.000000, 0.000000, 0.000000, 1.000000
-2.0672, 87.7243, 1.3925, 267.5161, 335.2056, -80.8479, 244.2402, 9.6118, 51.3671, -50.4540, 0.805247, -0.550647, -0.219921, 0.087724, 0.568863, 0.822064, 0.024593, 0.001393, 0.167247, -0.144908, 0.975208, 0.267516, 0.000000, 0.000000, 0.000000, 1.000000, 0.137382, -0.172238, 0.975428, 0.335206, -0.807606, 0.550689, 0.210985, -0.080848, -0.573498, -0.816747, -0.063445, 0.244240, 0.000000, 0.000000, 0.000000, 1.000000, 0.999985, 0.004858, 0.002356, 0.009612, 0.002356, 0.000122, -0.999997, 0.051367, -0.004858, 0.999988, 0.000111, -0.050454, 0.000000, 0.000000, 0.000000, 1.000000
-1.8059, 87.0476, 0.9881, 267.1600, 334.8719, -80.1674, 244.6571, 9.5818, 51.5735, -50.3165, 0.807700, -0.546659, -0.220873, 0.087048, 0.564045, 0.825514, 0.019490, 0.000988, 0.171680, -0.140325, 0.975108, 0.267160, 0.000000, 0.000000, 0.000000, 1.000000, 0.141980, -0.167830, 0.975538, 0.334872, -0.810091, 0.546654, 0.211946, -0.080167, -0.568853, -0.820367, -0.058344, 0.244657, 0.000000, 0.000000, 0.000000, 1.000000, 0.999980, 0.006247, -0.001332, 0.009582, -0.001310, -0.003541, -0.999993, 0.051573, -0.006252, 0.999974, -0.003533, -0.050316, 0.000000, 0.000000, 0.000000, 1.000000
-1.5917, 86.8168, 0.8551, 267.1182, 334.8375, -79.9360, 244.7913, 9.9727, 51.5661, -50.2565, 0.808541, -0.544966, -0.221975, 0.086817, 0.562984, 0.826165, 0.022362, 0.000855, 0.171201, -0.143049, 0.974796, 0.267118, 0.000000, 0.000000, 0.000000, 1.000000, 0.141536, -0.170593, 0.975123, 0.334837, -0.810927, 0.544986, 0.213046, -0.079936, -0.567773, -0.820907, -0.061204, 0.244791, 0.000000, 0.000000, 0.000000, 1.000000, 0.999993, 0.003779, -0.000635, 0.009973, -0.000633, -0.000525, -1.000000, 0.051566, -0.003779, 0.999993, -0.000523, -0.050257, 0.000000, 0.000000, 0.000000, 1.000000
-1.5075, 86.2316, 0.3875, 267.0511, 334.7942, -79.3494, 245.2600, 9.4836, 51.5126, -50.2977, 0.811291, -0.541583, -0.220214, 0.086232, 0.559387, 0.828586, 0.023059, 0.000388, 0.169978, -0.141892, 0.975179, 0.267051, 0.000000, 0.000000, 0.000000, 1.000000, 0.140431, -0.169564, 0.975463, 0.334794, -0.813660, 0.541588, 0.211281, -0.079349, -0.564125, -0.823365, -0.061911, 0.245260, 0.000000, 0.000000, 0.000000, 1.000000, 0.999977, 0.006607, 0.001246, 0.009484, 0.001253, -0.000959, -0.999999, 0.051513, -0.006605, 0.999978, -0.000967, -0.050298, 0.000000, 0.000000, 0.000000, 1.000000
-1.2843, 85.7743, 0.1190, 266.8224, 334.5804, -78.8897, 245.5365, 9.6108, 51.6403, -50.2003, 0.812506, -0.539434, -0.221007, 0.085774, 0.557187, 0.830086, 0.022357, 0.000119, 0.171395, -0.141308, 0.975016, 0.266822, 0.000000, 0.000000, 0.000000, 1.000000, 0.141922, -0.169058, 0.975334, 0.334580, -0.814884, 0.539432, 0.212077, -0.078890, -0.561980, -0.824883, -0.061205, 0.245536, 0.000000, 0.000000, 0.000000, 1.000000, 0.999985, 0.005392, 0.000186, 0.009611, 0.000192, -0.001087, -0.999999, 0.051640, -0.005392, 0.999985, -0.001088, -0.050200, 0.000000, 0.000000, 0.000000, 1.000000
-1.1105, 85.3570, -0.1766, 266.6113, 334.3849, -78.4701, 245.8394, 9.6057, 51.7604, -50.1593, 0.813805, -0.536937, -0.222305, 0.085357, 0.554765, 0.831716, 0.022002, -0.000177, 0.173081, -0.141233, 0.974729, 0.266611, 0.000000, 0.000000, 0.000000, 1.000000, 0.143691, -0.169070, 0.975073, 0.334385, -0.816195, 0.536932, 0.213378, -0.078470, -0.559624, -0.826510, -0.060842, 0.245839, 0.000000, 0.000000, 0.000000, 1.000000, 0.999985, 0.005309, -0.001111, 0.009606, -0.001108, -0.000643, -0.999999, 0.051760, -0.005309, 0.999986, -0.000638, -0.050159, 0.000000, 0.000000, 0.000000, 1.000000
-0.9116, 85.1972, -0.3236, 266.7199, 334.5007, -78.3111, 245.9816, 10.0243, 51.6225, -50.1764, 0.814669, -0.536183, -0.220958, 0.085197, 0.554119, 0.832096, 0.023842, -0.000324, 0.171075, -0.141861, 0.974992, 0.266720, 0.000000, 0.000000, 0.000000, 1.000000, 0.141704, -0.169719, 0.975251, 0.334501, -0.817039, 0.536183, 0.212025, -0.078311, -0.558898, -0.826863, -0.062688, 0.245982, 0.000000, 0.000000, 0.000000, 1.000000, 0.999996, 0.002554, 0.001055, 0.010024, 0.001055, 0.000127, -0.999999, 0.051622, -0.002554, 0.999997, 0.000124, -0.050176, 0.000000, 0.000000, 0.000000, 1.000000
-0.8011, 84.4844, -0.7415, 266.4791, 334.2830, -77.5954, 246.4074, 9.5107, 51.7088, -50.0877, 0.817051, -0.531771, -0.222817, 0.084484, 0.549584, 0.835145, 0.022138, -0.000742, 0.174313, -0.140545, 0.974609, 0.266479, 0.000000, 0.000000, 0.000000, 1.000000, 0.145096, -0.168564, 0.974953, 0.334283, -0.819444, 0.531754, 0.213891, -0.077595, -0.554490, -0.829954, -0.060974, 0.246407, 0.000000, 0.000000, 0.000000, 1.000000, 0.999980, 0.006135, -0.001470, 0.009511, -0.001469, -0.000248, -0.999999, 0.051709, -0.006135, 0.999981, -0.000239, -0.050088, 0.000000, 0.000000, 0.000000, 1.000000
-0.5849, 84.3676, -0.8436, 266.5721, 334.3810, -77.4793, 246.5055, 10.0396, 51.5946, -50.0864, 0.818037, -0.530827, -0.221446, 0.084368, 0.547772, 0.836423, 0.018521, -0.000844, 0.175391, -0.136453, 0.974997, 0.266572, 0.000000, 0.000000, 0.000000, 1.000000, 0.146237, -0.164535, 0.975471, 0.334381, -0.820437, 0.530772, 0.212522, -0.077479, -0.552719, -0.831390, -0.057373, 0.246506, 0.000000, 0.000000, 0.000000, 1.000000, 0.999987, 0.004542, -0.002270, 0.010040, -0.002252, -0.004057, -0.999989, 0.051595, -0.004551, 0.999981, -0.004046, -0.050086, 0.000000, 0.000000, 0.000000, 1.000000
-0.5008, 83.8258, -1.2523, 266.6275, 334.4573, -76.9374, 246.9107, 9.6404, 51.4300, -50.1319, 0.819992, -0.527794, -0.221463, 0.083826, 0.545056, 0.838145, 0.020651, -0.001252, 0.174719, -0.137644, 0.974950, 0.266627, 0.000000, 0.000000, 0.000000, 1.000000, 0.145654, -0.165820, 0.975340, 0.334457, -0.822382, 0.527747, 0.212536, -0.076937, -0.549976, -0.833059, -0.059499, 0.246911, 0.000000, 0.000000, 0.000000, 1.000000, 0.999980, 0.006293, -0.001114, 0.009640, -0.001100, -0.002263, -0.999997, 0.051430, -0.006296, 0.999978, -0.002256, -0.050132, 0.000000, 0.000000, 0.000000, 1.000000
-0.2555, 83.2663, -1.6495, 266.8193, 334.6697, -76.3791, 247.2989, 9.7523, 51.1281, -50.1524, 0.823302, -0.524039, -0.218076, 0.083266, 0.540421, 0.841183, 0.018879, -0.001649, 0.173548, -0.133396, 0.975749, 0.266819, 0.000000, 0.000000, 0.000000, 1.000000, 0.144637, -0.161730, 0.976178, 0.334670, -0.825673, 0.523949, 0.209144, -0.076379, -0.545292, -0.836254, -0.057754, 0.247299, 0.000000, 0.000000, 0.000000, 1.000000, 0.999972, 0.007487, 0.000840, 0.009752, 0.000883, -0.005641, -0.999984, 0.051128, -0.007482, 0.999956, -0.005648, -0.050152, 0.000000, 0.000000, 0.000000, 1.000000
-0.0103, 82.5441, -2.0600, 266.3373, 334.2108, -75.6519, 247.7268, 9.6065, 51.4473, -50.0070, 0.824733, -0.520732, -0.220576, 0.082544, 0.537600, 0.842962, 0.020037, -0.002060, 0.175503, -0.135107, 0.975164, 0.266337, 0.000000, 0.000000, 0.000000, 1.000000, 0.146689, -0.163540, 0.975570, 0.334211, -0.827118, 0.520654, 0.211648, -0.075652, -0.542548, -0.837958, -0.058892, 0.247727, 0.000000, 0.000000, 0.000000, 1.000000, 0.999978, 0.006592, -0.000662, 0.009607, -0.000641, -0.003281, -0.999994, 0.051447, -0.006594, 0.999973, -0.003277, -0.050007, 0.000000, 0.000000, 0.000000, 1.000000
0.2246, 82.2383, -2.2432, 265.9541, 333.8380, -75.3424, 247.9244, 9.9108, 51.7572, -49.9075, 0.825142, -0.519015, -0.223077, 0.082238, 0.536283, 0.843790, 0.020484, -0.002243, 0.177599, -0.136534, 0.974586, 0.265954, 0.000000, 0.000000, 0.000000, 1.000000, 0.148831, -0.165014, 0.974997, 0.333838, -0.827544, 0.518950, 0.214153, -0.075342, -0.541313, -0.838726, -0.059320, 0.247924, 0.000000, 0.000000, 0.000000, 1.000000, 0.999988, 0.004104, -0.002568, 0.009911, -0.002562, -0.001529, -0.999996, 0.051757, -0.004108, 0.999990, -0.001518, -0.049907, 0.000000, 0.000000, 0.000000, 1.000000
0.3129, 81.7539, -2.5980, 266.2192, 334.1213, -74.8598, 248.2675, 9.6381, 51.3996, -49.9753, 0.827850, -0.515816, -0.220448, 0.081754, 0.532499, 0.846201, 0.019709, -0.002598, 0.176377, -0.133704, 0.975200, 0.266219, 0.000000, 0.000000, 0.000000, 1.000000, 0.147735, -0.162310, 0.975618, 0.334121, -0.830236, 0.515721, 0.211519, -0.074860, -0.537479, -0.841241, -0.058566, 0.248268, 0.000000, 0.000000, 0.000000, 1.000000, 0.999975, 0.006993, -0.000708, 0.009638, -0.000683, -0.003634, -0.999993, 0.051400, -0.006995, 0.999969, -0.003629, -0.049975, 0.000000, 0.000000, 0.000000, 1.000000
0.5506, 81.4527, -2.7557, 266.0562, 333.9673, -74.5570, 248.4309, 10.0068, 51.4954, -49.8887, 0.828685, -0.513661, -0.222337, 0.081453, 0.531052, 0.847043, 0.022407, -0.002756, 0.176820, -0.136641, 0.974712, 0.266056, 0.000000, 0.000000, 0.000000, 1.000000, 0.148227, -0.165297, 0.975041, 0.333967, -0.831072, 0.513592, 0.213409, -0.074557, -0.536049, -0.841962, -0.061245, 0.248431, 0.000000, 0.000000, 0.000000, 1.000000, 0.999989, 0.004560, -0.000898, 0.010007, -0.000896, -0.000312, -1.000000, 0.051495, -0.004560, 0.999990, -0.000308, -0.049889, 0.000000, 0.000000, 0.000000, 1.000000
0.6365, 80.9518, -3.0397, 265.6207, 333.5479, -74.0517, 248.7310, 9.6283, 51.8154, -49.7952, 0.829606, -0.511748, -0.223311, 0.080952, 0.528923, 0.848417, 0.020699, -0.003040, 0.178869, -0.135286, 0.974527, 0.265621, 0.000000, 0.000000, 0.000000, 1.000000, 0.150350, -0.164015, 0.974933, 0.333548, -0.832008, 0.511664, 0.214387, -0.074052, -0.534001, -0.843385, -0.059533, 0.248731, 0.000000, 0.000000, 0.000000, 1.000000, 0.999981, 0.005615, -0.002647, 0.009628, -0.002640, -0.001240, -0.999996, 0.051815, -0.005618, 0.999983, -0.001225, -0.049795, 0.000000, 0.000000, 0.000000, 1.000000
0.8275, 80.7326, -3.2752, 266.2210, 334.1590, -73.8376, 248.9422, 10.0133, 51.1870, -49.9313, 0.831598, -0.510251, -0.219289, 0.080733, 0.526617, 0.849879, 0.019527, -0.003275, 0.176406, -0.131720, 0.975465, 0.266221, 0.000000, 0.000000, 0.000000, 1.000000, 0.147962, -0.160523, 0.975879, 0.334159, -0.833975, 0.510133, 0.210359, -0.073838, -0.531595, -0.844983, -0.058392, 0.248942, 0.000000, 0.000000, 0.000000, 1.000000, 0.999988, 0.004926, 0.000235, 0.010013, 0.000256, -0.004419, -0.999990, 0.051187, -0.004925, 0.999978, -0.004420, -0.049931, 0.000000, 0.000000, 0.000000, 1.000000
0.9782, 80.2054, -3.5681, 265.8916, 333.8462, -73.3070, 249.2468, 9.8257, 51.3980, -49.8384, 0.832738, -0.507275, -0.221853, 0.080205, 0.524198, 0.851338, 0.020992, -0.003568, 0.178223, -0.133776, 0.974854, 0.265892, 0.000000, 0.000000, 0.000000, 1.000000, 0.149863, -0.162662, 0.975234, 0.333846, -0.835127, 0.507173, 0.212926, -0.073307, -0.529248, -0.846355, -0.059837, 0.249247, 0.000000, 0.000000, 0.000000, 1.000000, 0.999986, 0.005175, -0.001216, 0.009826, -0.001206, -0.001788, -0.999998, 0.051398, -0.005177, 0.999985, -0.001782, -0.049838, 0.000000, 0.000000, 0.000000, 1.000000
1.1404, 79.7315, -3.8015, 265.5322, 333.5006, -72.8295, 249.4934, 9.7431, 51.6486, -49.7184, 0.834198, -0.505008, -0.221541, 0.079732, 0.521942, 0.852708, 0.021572, -0.003801, 0.178016, -0.133627, 0.974912, 0.265532, 0.000000, 0.000000, 0.000000, 1.000000, 0.149732, -0.162587, 0.975267, 0.333501, -0.836582, 0.504902, 0.212612, -0.072829, -0.526983, -0.847726, -0.060417, 0.249493, 0.000000, 0.000000, 0.000000, 1.000000, 0.999987, 0.004979, -0.000636, 0.009743, -0.000629, -0.001463, -0.999999, 0.051649, -0.004980, 0.999987, -0.001459, -0.049718, 0.000000, 0.000000, 0.000000, 1.000000
1.5198, 79.0709, -4.2354, 265.3126, 333.3042, -72.1662, 249.9344, 10.0903, 51.7263, -49.6583, 0.836213, -0.500654, -0.223816, 0.079071, 0.517471, 0.855473, 0.019747, -0.004235, 0.181582, -0.132331, 0.974431, 0.265313, 0.000000, 0.000000, 0.000000, 1.000000, 0.153453, -0.161441, 0.974879, 0.333304, -0.838622, 0.500533, 0.214894, -0.072166, -0.522652, -0.850531, -0.058580, 0.249934, 0.000000, 0.000000, 0.000000, 1.000000, 0.999987, 0.003661, -0.003554, 0.010090, -0.003547, -0.001824, -0.999992, 0.051726, -0.003668, 0.999992, -0.001811, -0.049658, 0.000000, 0.000000, 0.000000, 1.000000
1.8007, 78.5075, -4.5898, 265.3912, 333.4019, -71.6030, 250.2843, 10.3107, 51.5329, -49.6394, 0.838928, -0.497192, -0.221359, 0.078508, 0.513568, 0.857825, 0.019618, -0.004590, 0.180133, -0.130141, 0.974995, 0.265391, 0.000000, 0.000000, 0.000000, 1.000000, 0.152135, -0.159377, 0.975425, 0.333402, -0.841318, 0.497048, 0.212433, -0.071603, -0.518690, -0.852961, -0.058468, 0.250284, 0.000000, 0.000000, 0.000000, 1.000000, 0.999994, 0.003264, -0.001453, 0.010311, -0.001442, -0.003245, -0.999994, 0.051533, -0.003269, 0.999989, -0.003241, -0.049639, 0.000000, 0.000000, 0.000000, 1.000000
1.9099, 78.1608, -4.8514, 265.6616, 333.6855, -71.2584, 250.5344, 10.2686, 51.1985, -49.7072, 0.840561, -0.495305, -0.219384, 0.078161, 0.511805, 0.858820, 0.021997, -0.004851, 0.177517, -0.130772, 0.975390, 0.265662, 0.000000, 0.000000, 0.000000, 1.000000, 0.149575, -0.160064, 0.975708, 0.333685, -0.842925, 0.495165, 0.210451, -0.071258, -0.516822, -0.853927, -0.060857, 0.250534, 0.000000, 0.000000, 0.000000, 1.000000, 0.999993, 0.003341, 0.001504, 0.010269, 0.001512, -0.002235, -0.999996, 0.051199, -0.003337, 0.999992, -0.002240, -0.049707, 0.000000, 0.000000, 0.000000, 1.000000
1.9949, 77.4254, -5.2732, 265.1742, 333.2218, -70.5179, 250.9737, 9.6085, 51.5203, -49.6236, 0.842606, -0.490889, -0.221459, 0.077425, 0.507671, 0.861257, 0.022507, -0.005273, 0.179684, -0.131393, 0.974910, 0.265174, 0.000000, 0.000000, 0.000000, 1.000000, 0.151886, -0.160820, 0.975227, 0.333222, -0.844982, 0.490751, 0.212528, -0.070518, -0.512772, -0.856330, -0.061352, 0.250974, 0.000000, 0.000000, 0.000000, 1.000000, 0.999978, 0.006703, -0.000057, 0.009608, -0.000053, -0.000707, -1.000000, 0.051520, -0.006703, 0.999977, -0.000706, -0.049624, 0.000000, 0.000000, 0.000000, 1.000000
2.2296, 77.0243, -5.5296, 265.0466, 333.1080, -70.1153, 251.2342, 9.8371, 51.5616, -49.5887, 0.843528, -0.489156, -0.221779, 0.077024, 0.505263, 0.862760, 0.018843, -0.005530, 0.182124, -0.127951, 0.974915, 0.265047, 0.000000, 0.000000, 0.000000, 1.000000, 0.154410, -0.157457, 0.975379, 0.333108, -0.845924, 0.488985, 0.212854, -0.070115, -0.510461, -0.857963, -0.057692, 0.251234, 0.000000, 0.000000, 0.000000, 1.000000, 0.999983, 0.005448, -0.002191, 0.009837, -0.002171, -0.003712, -0.999991, 0.051562, -0.005457, 0.999978, -0.003700, -0.049589, 0.000000, 0.000000, 0.000000, 1.000000
2.4128, 76.6159, -5.7592, 265.0993, 333.1734, -69.7070, 251.4607, 9.9477, 51.4250, -49.5608, 0.845456, -0.486398, -0.220501, 0.076616, 0.502530, 0.864323, 0.020235, -0.005759, 0.180742, -0.127916, 0.975177, 0.265099, 0.000000, 0.000000, 0.000000, 1.000000, 0.153120, -0.157508, 0.975574, 0.333173, -0.847835, 0.486224, 0.211572, -0.069707, -0.507672, -0.859522, -0.059091, 0.251461, 0.000000, 0.000000, 0.000000, 1.000000, 0.999986, 0.005374, -0.000350, 0.009948, -0.000332, -0.003170, -0.999995, 0.051425, -0.005375, 0.999981, -0.003169, -0.049561, 0.000000, 0.000000, 0.000000, 1.000000
2.5838, 76.4816, -5.8720, 265.4392, 333.5188, -69.5757, 251.5598, 10.3627, 51.0664, -49.6070, 0.846669, -0.485124, -0.218647, 0.076482, 0.501081, 0.865151, 0.020786, -0.005872, 0.179079, -0.127159, 0.975583, 0.265439, 0.000000, 0.000000, 0.000000, 1.000000, 0.151504, -0.156796, 0.975941, 0.333519, -0.849030, 0.484942, 0.209714, -0.069576, -0.506157, -0.860376, -0.059654, 0.251560, 0.000000, 0.000000, 0.000000, 1.000000, 0.999991, 0.004021, 0.001577, 0.010363, 0.001591, -0.003645, -0.999992, 0.051066, -0.004015, 0.999985, -0.003652, -0.049607, 0.000000, 0.000000, 0.000000, 1.000000
2.6945, 75.6414, -6.3286, 264.4384, 332.5444, -68.7257, 252.0539, 9.5819, 51.8663, -49.4415, 0.847435, -0.481566, -0.223489, 0.075641, 0.498210, 0.866792, 0.021401, -0.006329, 0.183413, -0.129481, 0.974471, 0.264438, 0.000000, 0.000000, 0.000000, 1.000000, 0.155941, -0.159212, 0.974851, 0.332544, -0.849831, 0.481403, 0.214565, -0.068726, -0.503457, -0.861918, -0.060233, 0.252054, 0.000000, 0.000000, 0.000000, 1.000000, 0.999982, 0.005502, -0.002401, 0.009582, -0.002397, -0.000631, -0.999997, 0.051866, -0.005504, 0.999985, -0.000618, -0.049441, 0.000000, 0.000000, 0.000000, 1.000000
2.9197, 75.4696, -6.4457, 264.7078, 332.8197, -68.5562, 252.1600, 10.1165, 51.5683, -49.4561, 0.848427, -0.480317, -0.222412, 0.075470, 0.497226, 0.867296, 0.023756, -0.006446, 0.181487, -0.130744, 0.974663, 0.264708, 0.000000, 0.000000, 0.000000, 1.000000, 0.154046, -0.160506, 0.974940, 0.332820, -0.850804, 0.480164, 0.213482, -0.068556, -0.502396, -0.862369, -0.062592, 0.252160, 0.000000, 0.000000, 0.000000, 1.000000, 0.999996, 0.002653, -0.000275, 0.010117, -0.000277, 0.000866, -1.000000, 0.051568, -0.002652, 0.999996, 0.000867, -0.049456, 0.000000, 0.000000, 0.000000, 1.000000
3.0311, 74.8920, -6.7723, 264.7635, 332.8935, -67.9786, 252.4830, 9.8155, 51.3935, -49.4485, 0.850811, -0.476417, -0.221694, 0.074892, 0.492544, 0.870045, 0.020559, -0.006772, 0.183089, -0.126686, 0.974899, 0.264763, 0.000000, 0.000000, 0.000000, 1.000000, 0.155810, -0.156595, 0.975295, 0.332893, -0.853195, 0.476223, 0.212767, -0.067979, -0.497777, -0.865268, -0.059406, 0.252483, 0.000000, 0.000000, 0.000000, 1.000000, 0.999981, 0.006120, -0.001216, 0.009815, -0.001202, -0.002288, -0.999997, 0.051393, -0.006122, 0.999979, -0.002281, -0.049449, 0.000000, 0.000000, 0.000000, 1.000000
3.4240, 74.2415, -7.1613, 264.5413, 332.6927, -67.3255, 252.8793, 10.2333, 51.4748, -49.3779, 0.852958, -0.472768, -0.221255, 0.074242, 0.489136, 0.871915, 0.022595, -0.007161, 0.182233, -0.127497, 0.974954, 0.264541, 0.000000, 0.000000, 0.000000, 1.000000, 0.155070, -0.157512, 0.975266, 0.332693, -0.855329, 0.472579, 0.212324, -0.067326, -0.494333, -0.867098, -0.061442, 0.252879, 0.000000, 0.000000, 0.000000, 1.000000, 0.999995, 0.003142, 0.000185, 0.010233, 0.000188, -0.000732, -1.000000, 0.051475, -0.003142, 0.999995, -0.000733, -0.049378, 0.000000, 0.000000, 0.000000, 1.000000
3.5209, 73.5667, -7.5217, 264.3313, 332.5032, -66.6482, 253.2464, 9.7399, 51.5381, -49.3276, 0.854955, -0.469012, -0.221541, 0.073567, 0.484947, 0.874302, 0.020536, -0.007522, 0.184062, -0.124993, 0.974935, 0.264331, 0.000000, 0.000000, 0.000000, 1.000000, 0.157045, -0.155138, 0.975330, 0.332503, -0.857336, 0.468797, 0.212613, -0.066648, -0.490216, -0.869576, -0.059383, 0.253246, 0.000000, 0.000000, 0.000000, 1.000000, 0.999980, 0.006279, -0.001071, 0.009740, -0.001056, -0.002395, -0.999997, 0.051538, -0.006281, 0.999977, -0.002389, -0.049328, 0.000000, 0.000000, 0.000000, 1.000000
3.7499, 73.0469, -7.8658, 264.7092, 332.8991, -66.1314, 253.5744, 9.8984, 51.0624, -49.3915, 0.858074, -0.465511, -0.216815, 0.073047, 0.481129, 0.876360, 0.022549, -0.007866, 0.179511, -0.123665, 0.975952, 0.264709, 0.000000, 0.000000, 0.000000, 1.000000, 0.152620, -0.153924, 0.976225, 0.332899, -0.860408, 0.465281, 0.207875, -0.066131, -0.486216, -0.871677, -0.061427, 0.253574, 0.000000, 0.000000, 0.000000, 1.000000, 0.999970, 0.006517, 0.004142, 0.009898, 0.004161, -0.002961, -0.999987, 0.051062, -0.006505, 0.999974, -0.002988, -0.049391, 0.000000, 0.000000, 0.000000, 1.000000
4.0164, 72.2373, -8.2748, 263.8929, 332.1069, -65.3138, 254.0137, 9.6743, 51.6882, -49.2203, 0.858536, -0.460926, -0.224641, 0.072237, 0.477084, 0.878618, 0.020548, -0.008275, 0.187903, -0.124814, 0.974225, 0.263893, 0.000000, 0.000000, 0.000000, 1.000000, 0.161160, -0.155203, 0.974648, 0.332107, -0.860940, 0.460702, 0.215720, -0.065314, -0.482503, -0.873880, -0.059373, 0.254014, 0.000000, 0.000000, 0.000000, 1.000000, 0.999970, 0.006672, -0.003829, 0.009674, -0.003824, -0.000876, -0.999992, 0.051688, -0.006675, 0.999977, -0.000851, -0.049220, 0.000000, 0.000000, 0.000000, 1.000000
4.2535, 71.7124, -8.6150, 264.3141, 332.5459, -64.7922, 254.3361, 9.8635, 51.1690, -49.2875, 0.861333, -0.458359, -0.219119, 0.071712, 0.473904, 0.880317, 0.021396, -0.008615, 0.183087, -0.122270, 0.975464, 0.264314, 0.000000, 0.000000, 0.000000, 1.000000, 0.156449, -0.152751, 0.975803, 0.332546, -0.863688, 0.458110, 0.210186, -0.064792, -0.479131, -0.875673, -0.060259, 0.254336, 0.000000, 0.000000, 0.000000, 1.000000, 0.999981, 0.006019, 0.001548, 0.009864, 0.001565, -0.002826, -0.999995, 0.051169, -0.006014, 0.999978, -0.002835, -0.049287, 0.000000, 0.000000, 0.000000, 1.000000
4.5288, 70.8965, -8.9929, 263.5043, 331.7591, -63.9684, 254.7441, 9.6753, 51.7862, -49.0948, 0.862436, -0.453589, -0.224637, 0.070896, 0.469985, 0.882383, 0.022671, -0.008993, 0.187932, -0.125128, 0.974179, 0.263504, 0.000000, 0.000000, 0.000000, 1.000000, 0.161434, -0.155732, 0.974519, 0.331759, -0.864829, 0.453363, 0.215713, -0.063968, -0.475404, -0.877616, -0.061493, 0.254744, 0.000000, 0.000000, 0.000000, 1.000000, 0.999979, 0.005772, -0.002818, 0.009675, -0.002823, 0.000970, -0.999996, 0.051786, -0.005769, 0.999983, 0.000987, -0.049095, 0.000000, 0.000000, 0.000000, 1.000000
4.7569, 70.8335, -9.0629, 264.0916, 332.3493, -63.9107, 254.7907, 10.3940, 51.2013, -49.1609, 0.864170, -0.453071, -0.218945, 0.070834, 0.468055, 0.883492, 0.019158, -0.009063, 0.184756, -0.119034, 0.975549, 0.264092, 0.000000, 0.000000, 0.000000, 1.000000, 0.158321, -0.149691, 0.975975, 0.332349, -0.866531, 0.452788, 0.210014, -0.063911, -0.473347, -0.878963, -0.058026, 0.254791, 0.000000, 0.000000, 0.000000, 1.000000, 0.999992, 0.003888, 0.000683, 0.010394, 0.000702, -0.004881, -0.999988, 0.051201, -0.003884, 0.999981, -0.004884, -0.049161, 0.000000, 0.000000, 0.000000, 1.000000
4.8509, 70.0571, -9.4471, 263.6243, 331.9045, -63.1295, 255.1916, 9.7445, 51.4935, -49.0722, 0.865543, -0.448935, -0.222021, 0.070057, 0.465121, 0.884924, 0.023912, -0.009447, 0.185737, -0.123964, 0.974749, 0.263624, 0.000000, 0.000000, 0.000000, 1.000000, 0.159405, -0.154710, 0.975015, 0.331905, -0.867909, 0.448695, 0.213091, -0.063129, -0.470452, -0.880192, -0.062750, 0.255192, 0.000000, 0.000000, 0.000000, 1.000000, 0.999984, 0.005577, 0.000123, 0.009744, 0.000118, 0.000808, -1.000000, 0.051494, -0.005577, 0.999984, 0.000808, -0.049072, 0.000000, 0.000000, 0.000000, 1.000000
5.0717, 69.5728, -9.7765, 263.9686, 332.2659, -62.6478, 255.5063, 9.9106, 51.0582, -49.1489, 0.867925, -0.445824, -0.218968, 0.069573, 0.460545, 0.887441, 0.018614, -0.009777, 0.186023, -0.117001, 0.975554, 0.263969, 0.000000, 0.000000, 0.000000, 1.000000, 0.159849, -0.147881, 0.976002, 0.332266, -0.870286, 0.445517, 0.210038, -0.062648, -0.465886, -0.882976, -0.057483, 0.255506, 0.000000, 0.000000, 0.000000, 1.000000, 0.999976, 0.006880, 0.000445, 0.009911, 0.000482, -0.005347, -0.999986, 0.051058, -0.006877, 0.999962, -0.005351, -0.049149, 0.000000, 0.000000, 0.000000, 1.000000
5.3332, 68.7309, -10.1673, 263.1659, 331.4869, -61.7980, 255.9268, 9.6502, 51.6630, -48.9737, 0.868999, -0.441163, -0.224092, 0.068731, 0.456724, 0.889378, 0.020224, -0.010167, 0.190380, -0.119923, 0.974358, 0.263166, 0.000000, 0.000000, 0.000000, 1.000000, 0.164344, -0.150919, 0.974790, 0.331487, -0.871394, 0.440879, 0.215170, -0.061798, -0.462238, -0.884788, -0.059054, 0.255927, 0.000000, 0.000000, 0.000000, 1.000000, 0.999972, 0.006709, -0.003450, 0.009650, -0.003440, -0.001510, -0.999993, 0.051663, -0.006714, 0.999976, -0.001487, -0.048974, 0.000000, 0.000000, 0.000000, 1.000000
5.5870, 68.0906, -10.4901, 263.1557, 331.4952, -61.1571, 256.2485, 9.7193, 51.5384, -48.9312, 0.871135, -0.437490, -0.222993, 0.068091, 0.452859, 0.891349, 0.020380, -0.010490, 0.189848, -0.118737, 0.974607, 0.263156, 0.000000, 0.000000, 0.000000, 1.000000, 0.163946, -0.149846, 0.975022, 0.331495, -0.873520, 0.437193, 0.214068, -0.061157, -0.458350, -0.886797, -0.059217, 0.256249, 0.000000, 0.000000, 0.000000, 1.000000, 0.999975, 0.006596, -0.002370, 0.009719, -0.002358, -0.001896, -0.999995, 0.051538, -0.006600, 0.999976, -0.001881, -0.048931, 0.000000, 0.000000, 0.000000, 1.000000
5.8166, 67.9306, -10.5877, 263.3323, 331.6769, -60.9987, 256.3388, 10.2701, 51.3331, -48.9289, 0.872143, -0.437160, -0.219676, 0.067931, 0.452532, 0.891463, 0.022579, -0.010588, 0.185963, -0.119102, 0.975312, 0.263332, 0.000000, 0.000000, 0.000000, 1.000000, 0.160067, -0.150218, 0.975609, 0.331677, -0.874491, 0.436867, 0.210742, -0.060999, -0.457868, -0.886895, -0.061436, 0.256339, 0.000000, 0.000000, 0.000000, 1.000000, 0.999995, 0.002858, 0.001657, 0.010270, 0.001661, -0.001470, -0.999998, 0.051333, -0.002856, 0.999995, -0.001475, -0.048929, 0.000000, 0.000000, 0.000000, 1.000000
5.9128, 67.2966, -10.9138, 263.3273, 331.6906, -60.3641, 256.6637, 9.8628, 51.2049, -48.9237, 0.874083, -0.432598, -0.220993, 0.067297, 0.447367, 0.894146, 0.019142, -0.010914, 0.189320, -0.115596, 0.975087, 0.263327, 0.000000, 0.000000, 0.000000, 1.000000, 0.163607, -0.146862, 0.975533, 0.331691, -0.876454, 0.432268, 0.212067, -0.060364, -0.452836, -0.889706, -0.057995, 0.256664, 0.000000, 0.000000, 0.000000, 1.000000, 0.999975, 0.007028, -0.001089, 0.009863, -0.001062, -0.003938, -0.999992, 0.051205, -0.007032, 0.999968, -0.003930, -0.048924, 0.000000, 0.000000, 0.000000, 1.000000
6.1805, 66.4945, -11.2872, 262.6835, 331.0693, -59.5556, 257.0607, 9.6908, 51.6632, -48.7840, 0.875263, -0.429514, -0.222336, 0.066494, 0.444791, 0.895382, 0.021277, -0.011287, 0.189937, -0.117516, 0.974738, 0.262683, 0.000000, 0.000000, 0.000000, 1.000000, 0.164315, -0.148856, 0.975111, 0.331069, -0.877636, 0.429200, 0.213409, -0.059556, -0.450285, -0.890859, -0.060117, 0.257061, 0.000000, 0.000000, 0.000000, 1.000000, 0.999985, 0.005245, -0.001350, 0.009691, -0.001342, -0.001412, -0.999998, 0.051663, -0.005247, 0.999985, -0.001405, -0.048784, 0.000000, 0.000000, 0.000000, 1.000000
6.4171, 65.9563, -11.6016, 263.1519, 331.5546, -59.0212, 257.3553, 9.8903, 51.0944, -48.8481, 0.878035, -0.425062, -0.219946, 0.065956, 0.439809, 0.897856, 0.020566, -0.011602, 0.188737, -0.114792, 0.975295, 0.263152, 0.000000, 0.000000, 0.000000, 1.000000, 0.163288, -0.146272, 0.975675, 0.331555, -0.880389, 0.424720, 0.211015, -0.059021, -0.445254, -0.893430, -0.059425, 0.257355, 0.000000, 0.000000, 0.000000, 1.000000, 0.999978, 0.006626, 0.000536, 0.009890, 0.000557, -0.003137, -0.999995, 0.051094, -0.006625, 0.999973, -0.003141, -0.048848, 0.000000, 0.000000, 0.000000, 1.000000
6.6518, 65.2078, -11.9634, 262.5241, 330.9483, -58.2665, 257.7402, 9.6718, 51.5489, -48.7370, 0.879253, -0.421264, -0.222377, 0.065208, 0.436061, 0.899700, 0.019773, -0.011963, 0.191743, -0.114356, 0.974760, 0.262524, 0.000000, 0.000000, 0.000000, 1.000000, 0.166428, -0.145944, 0.975193, 0.330948, -0.881628, 0.420915, 0.213452, -0.058266, -0.441626, -0.895283, -0.058616, 0.257740, 0.000000, 0.000000, 0.000000, 1.000000, 0.999975, 0.006759, -0.002035, 0.009672, -0.002016, -0.002762, -0.999994, 0.051549, -0.006765, 0.999973, -0.002749, -0.048737, 0.000000, 0.000000, 0.000000, 1.000000
6.9075, 64.6017, -12.3038, 262.6558, 331.0988, -57.6611, 258.0740, 9.7954, 51.2939, -48.7572, 0.881284, -0.417234, -0.221935, 0.064602, 0.431880, 0.901715, 0.019750, -0.012304, 0.191882, -0.113254, 0.974861, 0.262656, 0.000000, 0.000000, 0.000000, 1.000000, 0.166714, -0.144959, 0.975291, 0.331099, -0.883654, 0.416872, 0.213010, -0.057661, -0.437449, -0.897332, -0.058596, 0.258074, 0.000000, 0.000000, 0.000000, 1.000000, 0.999975, 0.006928, -0.001625, 0.009795, -0.001604, -0.002989, -0.999994, 0.051294, -0.006933, 0.999972, -0.002977, -0.048757, 0.000000, 0.000000, 0.000000, 1.000000
7.1495, 64.0008, -12.5977, 262.7690, 331.2289, -57.0608, 258.3621, 9.8984, 51.0571, -48.7404, 0.883610, -0.413623, -0.219429, 0.064001, 0.427712, 0.903719, 0.018826, -0.012598, 0.190516, -0.110487, 0.975447, 0.262769, 0.000000, 0.000000, 0.000000, 1.000000, 0.165492, -0.142306, 0.975890, 0.331229, -0.885962, 0.413233, 0.210500, -0.057061, -0.433226, -0.899437, -0.057691, 0.258362, 0.000000, 0.000000, 0.000000, 1.000000, 0.999973, 0.007281, 0.000304, 0.009898, 0.000340, -0.004932, -0.999988, 0.051057, -0.007280, 0.999961, -0.004934, -0.048740, 0.000000, 0.000000, 0.000000, 1.000000
7.3989, 63.7036, -12.7037, 262.5449, 331.0119, -56.7614, 258.4762, 10.3088, 51.2121, -48.6420, 0.884234, -0.412055, -0.219864, 0.063704, 0.426716, 0.904126, 0.021685, -0.012704, 0.189849, -0.112994, 0.975290, 0.262545, 0.000000, 0.000000, 0.000000, 1.000000, 0.164859, -0.144841, 0.975624, 0.331012, -0.886578, 0.411687, 0.210932, -0.056761, -0.432204, -0.899741, -0.060542, 0.258476, 0.000000, 0.000000, 0.000000, 1.000000, 0.999991, 0.004010, 0.001142, 0.010309, 0.001151, -0.002150, -0.999997, 0.051212, -0.004007, 0.999990, -0.002154, -0.048642, 0.000000, 0.000000, 0.000000, 1.000000
7.5164, 62.9796, -12.9930, 262.2089, 330.6942, -56.0339, 258.7772, 9.8398, 51.3857, -48.5437, 0.885627, -0.408108, -0.221612, 0.062980, 0.422198, 0.906321, 0.018198, -0.012993, 0.193425, -0.109681, 0.974965, 0.262209, 0.000000, 0.000000, 0.000000, 1.000000, 0.168598, -0.141653, 0.975453, 0.330694, -0.887997, 0.407707, 0.212688, -0.056034, -0.427827, -0.902058, -0.057049, 0.258777, 0.000000, 0.000000, 0.000000, 1.000000, 0.999973, 0.007017, -0.001953, 0.009840, -0.001922, -0.004555, -0.999988, 0.051386, -0.007025, 0.999965, -0.004541, -0.048544, 0.000000, 0.000000, 0.000000, 1.000000
7.7689, 62.3116, -13.3650, 261.8546, 330.3609, -55.3622, 259.1617, 9.7924, 51.5915, -48.5213, 0.886628, -0.404891, -0.223504, 0.062312, 0.419278, 0.907659, 0.018972, -0.013365, 0.195184, -0.110531, 0.974518, 0.261855, 0.000000, 0.000000, 0.000000, 1.000000, 0.170462, -0.142584, 0.974994, 0.330361, -0.889009, 0.404496, 0.214583, -0.055362, -0.424977, -0.903356, -0.057808, 0.259162, 0.000000, 0.000000, 0.000000, 1.000000, 0.999977, 0.005863, -0.003365, 0.009792, -0.003347, -0.003044, -0.999990, 0.051592, -0.005873, 0.999978, -0.003024, -0.048521, 0.000000, 0.000000, 0.000000, 1.000000
7.9816, 62.1312, -13.4635, 262.1320, 330.6436, -55.1841, 259.2487, 10.2923, 51.2834, -48.5313, 0.887742, -0.403413, -0.221748, 0.062131, 0.417288, 0.908604, 0.017594, -0.013463, 0.194383, -0.108152, 0.974945, 0.262132, 0.000000, 0.000000, 0.000000, 1.000000, 0.169730, -0.140258, 0.975459, 0.330644, -0.890113, 0.402995, 0.212825, -0.055184, -0.422955, -0.904391, -0.056445, 0.259249, 0.000000, 0.000000, 0.000000, 1.000000, 0.999988, 0.004315, -0.002295, 0.010292, -0.002273, -0.005057, -0.999985, 0.051283, -0.004326, 0.999978, -0.005047, -0.048531, 0.000000, 0.000000, 0.000000, 1.000000
8.0723, 61.4026, -13.7740, 261.8837, 330.4144, -54.4528, 259.5674, 9.7445, 51.3710, -48.4735, 0.889860, -0.399641, -0.220082, 0.061403, 0.414163, 0.909930, 0.022272, -0.013774, 0.191359, -0.110969, 0.975227, 0.261884, 0.000000, 0.000000, 0.000000, 1.000000, 0.166812, -0.143159, 0.975541, 0.330414, -0.892198, 0.399247, 0.211150, -0.054453, -0.419709, -0.905598, -0.061127, 0.259567, 0.000000, 0.000000, 0.000000, 1.000000, 0.999981, 0.006094, 0.001208, 0.009745, 0.001217, -0.001505, -0.999998, 0.051371, -0.006092, 0.999980, -0.001513, -0.048474, 0.000000, 0.000000, 0.000000, 1.000000
8.3274, 61.1437, -13.9003, 261.4683, 330.0065, -54.1899, 259.7095, 10.1591, 51.7216, -48.3926, 0.889446, -0.397646, -0.225306, 0.061144, 0.412317, 0.910817, 0.020200, -0.013900, 0.197180, -0.110864, 0.974079, 0.261468, 0.000000, 0.000000, 0.000000, 1.000000, 0.172705, -0.143107, 0.974522, 0.330007, -0.891835, 0.397249, 0.216387, -0.054190, -0.418094, -0.906484, -0.059021, 0.259710, 0.000000, 0.000000, 0.000000, 1.000000, 0.999983, 0.003804, -0.004511, 0.010159, -0.004506, -0.001185, -0.999989, 0.051722, -0.003809, 0.999992, -0.001168, -0.048393, 0.000000, 0.000000, 0.000000, 1.000000
8.4469, 60.5438, -14.1699, 261.7758, 330.3299, -53.5925, 259.9657, 9.9371, 51.2950, -48.4117, 0.892265, -0.393364, -0.221650, 0.060544, 0.407392, 0.913043, 0.019595, -0.014170, 0.194668, -0.107782, 0.974929, 0.261776, 0.000000, 0.000000, 0.000000, 1.000000, 0.170364, -0.140155, 0.975363, 0.330330, -0.894623, 0.392935, 0.212724, -0.053593, -0.413069, -0.908823, -0.058443, 0.259966, 0.000000, 0.000000, 0.000000, 1.000000, 0.999974, 0.007042, -0.001341, 0.009937, -0.001318, -0.003291, -0.999994, 0.051295, -0.007047, 0.999970, -0.003282, -0.048412, 0.000000, 0.000000, 0.000000, 1.000000
8.6579, 60.2912, -14.3192, 261.5549, 330.1174, -53.3376, 260.1231, 10.2504, 51.4577, -48.3854, 0.892187, -0.392848, -0.222874, 0.060291, 0.407385, 0.913004, 0.021499, -0.014319, 0.195039, -0.109976, 0.974610, 0.261555, 0.000000, 0.000000, 0.000000, 1.000000, 0.170735, -0.142350, 0.974980, 0.330117, -0.894548, 0.392440, 0.213948, -0.053338, -0.413077, -0.908695, -0.060335, 0.260123, 0.000000, 0.000000, 0.000000, 1.000000, 0.999993, 0.003380, -0.001700, 0.010250, -0.001697, -0.001037, -0.999998, 0.051458, -0.003382, 0.999994, -0.001031, -0.048385, 0.000000, 0.000000, 0.000000, 1.000000
8.7667, 59.6754, -14.5898, 261.6557, 330.2343, -52.7224, 260.3883, 9.9412, 51.2292, -48.3811, 0.894408, -0.387737, -0.222924, 0.059675, 0.401491, 0.915682, 0.018180, -0.014590, 0.197078, -0.105763, 0.974666, 0.261656, 0.000000, 0.000000, 0.000000, 1.000000, 0.172985, -0.138291, 0.975167, 0.330234, -0.896779, 0.387287, 0.214002, -0.052722, -0.407264, -0.911529, -0.057022, 0.260388, 0.000000, 0.000000, 0.000000, 1.000000, 0.999964, 0.007950, -0.003088, 0.009941, -0.003056, -0.004073, -0.999987, 0.051229, -0.007963, 0.999960, -0.004049, -0.048381, 0.000000, 0.000000, 0.000000, 1.000000
9.0229, 59.3541, -14.7063, 261.1879, 329.7744, -52.3966, 260.5226, 10.2964, 51.6166, -48.2645, 0.894312, -0.387431, -0.223838, 0.059354, 0.401628, 0.915587, 0.019896, -0.014706, 0.197235, -0.107693, 0.974423, 0.261188, 0.000000, 0.000000, 0.000000, 1.000000, 0.173138, -0.140219, 0.974865, 0.329774, -0.896685, 0.386998, 0.214917, -0.052397, -0.407407, -0.911357, -0.058728, 0.260523, 0.000000, 0.000000, 0.000000, 1.000000, 0.999989, 0.003340, -0.003241, 0.010296, -0.003234, -0.002121, -0.999993, 0.051617, -0.003347, 0.999992, -0.002110, -0.048265, 0.000000, 0.000000, 0.000000, 1.000000
9.1510, 58.7429, -15.0373, 261.5718, 330.1765, -51.7885, 260.8370, 10.0807, 51.1145, -48.3491, 0.896695, -0.384139, -0.219946, 0.058743, 0.397721, 0.917302, 0.019382, -0.015037, 0.194311, -0.104856, 0.975320, 0.261572, 0.000000, 0.000000, 0.000000, 1.000000, 0.170349, -0.137482, 0.975746, 0.330177, -0.899035, 0.383678, 0.211017, -0.051789, -0.403383, -0.913176, -0.058242, 0.260837, 0.000000, 0.000000, 0.000000, 1.000000, 0.999986, 0.005290, 0.000213, 0.010081, 0.000236, -0.004196, -0.999991, 0.051115, -0.005289, 0.999977, -0.004197, -0.048349, 0.000000, 0.000000, 0.000000, 1.000000
9.4797, 58.0614, -15.3039, 261.2228, 329.8445, -51.1034, 261.1159, 10.2963, 51.3097, -48.2340, 0.898076, -0.380156, -0.221225, 0.058061, 0.394210, 0.918769, 0.021496, -0.015304, 0.195083, -0.106514, 0.974986, 0.261223, 0.000000, 0.000000, 0.000000, 1.000000, 0.171246, -0.139232, 0.975341, 0.329845, -0.900418, 0.379708, 0.212295, -0.051103, -0.399903, -0.914569, -0.060344, 0.261116, 0.000000, 0.000000, 0.000000, 1.000000, 0.999994, 0.003385, -0.000135, 0.010296, -0.000129, -0.001731, -0.999998, 0.051310, -0.003385, 0.999993, -0.001731, -0.048234, 0.000000, 0.000000, 0.000000, 1.000000
9.5750, 57.3561, -15.6097, 260.9017, 329.5422, -50.3947, 261.4328, 9.7695, 51.4734, -48.1936, 0.899356, -0.375920, -0.223254, 0.057356, 0.389902, 0.920628, 0.020507, -0.015610, 0.197825, -0.105491, 0.974544, 0.260902, 0.000000, 0.000000, 0.000000, 1.000000, 0.174145, -0.138322, 0.974957, 0.329542, -0.901716, 0.375460, 0.214331, -0.050395, -0.395704, -0.916459, -0.059343, 0.261433, 0.000000, 0.000000, 0.000000, 1.000000, 0.999976, 0.006458, -0.002423, 0.009770, -0.002411, -0.001832, -0.999995, 0.051473, -0.006462, 0.999977, -0.001816, -0.048194, 0.000000, 0.000000, 0.000000, 1.000000
9.8104, 56.9759, -15.7664, 261.2310, 329.8808, -50.0174, 261.5757, 10.1464, 51.0718, -48.1881, 0.901160, -0.373615, -0.219824, 0.056976, 0.386674, 0.922040, 0.018046, -0.015766, 0.195944, -0.101262, 0.975373, 0.261231, 0.000000, 0.000000, 0.000000, 1.000000, 0.172376, -0.134173, 0.975851, 0.329881, -0.903498, 0.373115, 0.210896, -0.050017, -0.392401, -0.918032, -0.056909, 0.261576, 0.000000, 0.000000, 0.000000, 1.000000, 0.999983, 0.005801, -0.000134, 0.010146, -0.000103, -0.005476, -0.999985, 0.051072, -0.005802, 0.999968, -0.005475, -0.048188, 0.000000, 0.000000, 0.000000, 1.000000
9.9769, 56.3763, -16.0064, 260.5252, 329.1904, -49.4110, 261.8422, 9.8818, 51.6324, -48.0783, 0.901507, -0.370477, -0.223678, 0.056376, 0.384348, 0.922964, 0.020368, -0.016006, 0.198900, -0.104332, 0.974450, 0.260525, 0.000000, 0.000000, 0.000000, 1.000000, 0.175418, -0.137305, 0.974872, 0.329190, -0.903868, 0.370003, 0.214755, -0.049411, -0.390193, -0.918828, -0.059201, 0.261842, 0.000000, 0.000000, 0.000000, 1.000000, 0.999981, 0.005479, -0.002863, 0.009882, -0.002854, -0.001808, -0.999994, 0.051632, -0.005484, 0.999983, -0.001792, -0.048078, 0.000000, 0.000000, 0.000000, 1.000000
10.1580, 55.8012, -16.2987, 260.8652, 329.5470, -48.8385, 262.1197, 9.8675, 51.1801, -48.1379, 0.903973, -0.366315, -0.220558, 0.055801, 0.379824, 0.924827, 0.020730, -0.016299, 0.196384, -0.102513, 0.975154, 0.260865, 0.000000, 0.000000, 0.000000, 1.000000, 0.173060, -0.135599, 0.975532, 0.329547, -0.906304, 0.365822, 0.211628, -0.048838, -0.385568, -0.920753, -0.059584, 0.262120, 0.000000, 0.000000, 0.000000, 1.000000, 0.999974, 0.007145, 0.000232, 0.009867, 0.000251, -0.002702, -0.999996, 0.051180, -0.007145, 0.999971, -0.002703, -0.048138, 0.000000, 0.000000, 0.000000, 1.000000
10.4069, 55.0845, -16.5817, 260.6027, 329.3023, -48.1190, 262.4115, 9.8176, 51.2836, -48.0631, 0.905376, -0.362137, -0.221701, 0.055084, 0.375326, 0.926697, 0.019033, -0.016582, 0.198557, -0.100442, 0.974929, 0.260603, 0.000000, 0.000000, 0.000000, 1.000000, 0.175396, -0.133642, 0.975385, 0.329302, -0.907720, 0.361622, 0.212776, -0.048119, -0.381157, -0.922697, -0.057882, 0.262412, 0.000000, 0.000000, 0.000000, 1.000000, 0.999969, 0.007695, -0.001482, 0.009818, -0.001452, -0.003837, -0.999992, 0.051284, -0.007701, 0.999963, -0.003825, -0.048063, 0.000000, 0.000000, 0.000000, 1.000000
10.6471, 54.9550, -16.6707, 261.1425, 329.8463, -47.9944, 262.4789, 10.5030, 50.7308, -48.1122, 0.907141, -0.361507, -0.215426, 0.054955, 0.374193, 0.927138, 0.019862, -0.016671, 0.192549, -0.098628, 0.976318, 0.261142, 0.000000, 0.000000, 0.000000, 1.000000, 0.169422, -0.131852, 0.976684, 0.329846, -0.909428, 0.360975, 0.206487, -0.047994, -0.379784, -0.923207, -0.058753, 0.262479, 0.000000, 0.000000, 0.000000, 1.000000, 0.999978, 0.004597, 0.004797, 0.010503, 0.004822, -0.005475, -0.999973, 0.050731, -0.004571, 0.999974, -0.005497, -0.048112, 0.000000, 0.000000, 0.000000, 1.000000
10.7352, 54.1652, -16.9337, 260.3908, 329.1128, -47.1973, 262.7699, 9.8088, 51.2944, -47.9740, 0.907165, -0.357248, -0.222320, 0.054165, 0.370238, 0.928756, 0.018312, -0.016934, 0.199939, -0.098923, 0.974802, 0.260391, 0.000000, 0.000000, 0.000000, 1.000000, 0.176962, -0.132249, 0.975292, 0.329113, -0.909514, 0.356716, 0.213397, -0.047197, -0.376124, -0.924805, -0.057158, 0.262770, 0.000000, 0.000000, 0.000000, 1.000000, 0.999969, 0.007466, -0.002317, 0.009809, -0.002285, -0.004281, -0.999988, 0.051294, -0.007476, 0.999963, -0.004263, -0.047974, 0.000000, 0.000000, 0.000000, 1.000000
10.9949, 53.4111, -17.2442, 259.9316, 328.6730, -46.4386, 263.0969, 9.7077, 51.5820, -47.8975, 0.907850, -0.353934, -0.224808, 0.053411, 0.367511, 0.929798, 0.020272, -0.017244, 0.201851, -0.101023, 0.974192, 0.259932, 0.000000, 0.000000, 0.000000, 1.000000, 0.178974, -0.134418, 0.974628, 0.328673, -0.910212, 0.353421, 0.215888, -0.046439, -0.373473, -0.925757, -0.059096, 0.263097, 0.000000, 0.000000, 0.000000, 1.000000, 0.999975, 0.005911, -0.003943, 0.009708, -0.003934, -0.001523, -0.999991, 0.051582, -0.005917, 0.999981, -0.001500, -0.047898, 0.000000, 0.000000, 0.000000, 1.000000
11.2335, 53.2935, -17.3134, 260.2822, 329.0271, -46.3241, 263.1519, 10.3693, 51.2158, -47.9141, 0.909254, -0.352726, -0.221003, 0.053294, 0.365475, 0.930641, 0.018320, -0.017313, 0.199212, -0.097429, 0.975101, 0.260282, 0.000000, 0.000000, 0.000000, 1.000000, 0.176404, -0.130871, 0.975579, 0.329027, -0.911589, 0.352178, 0.212077, -0.046324, -0.371333, -0.926738, -0.057175, 0.263152, 0.000000, 0.000000, 0.000000, 1.000000, 0.999992, 0.003866, -0.001021, 0.010369, -0.001003, -0.004778, -0.999988, 0.051216, -0.003871, 0.999981, -0.004775, -0.047914, 0.000000, 0.000000, 0.000000, 1.000000
11.3302, 52.5249, -17.6216, 259.6745, 328.4390, -45.5495, 263.4824, 9.7309, 51.6449, -47.8489, 0.909959, -0.348263, -0.225138, 0.052525, 0.362154, 0.931852, 0.022278, -0.017622, 0.202037, -0.101806, 0.974072, 0.259674, 0.000000, 0.000000, 0.000000, 1.000000, 0.179351, -0.135333, 0.974432, 0.328439, -0.912315, 0.347754, 0.216216, -0.045550, -0.368124, -0.927767, -0.061097, 0.263482, 0.000000, 0.000000, 0.000000, 1.000000, 0.999977, 0.005812, -0.003521, 0.009731, -0.003523, 0.000451, -0.999994, 0.051645, -0.005811, 0.999983, 0.000471, -0.047849, 0.000000, 0.000000, 0.000000, 1.000000
11.5827, 51.8605, -17.8851, 259.7523, 328.5331, -44.8855, 263.7414, 9.8122, 51.4278, -47.8252, 0.912008, -0.343734, -0.223804, 0.051861, 0.357057, 0.933852, 0.020743, -0.017885, 0.201870, -0.098829, 0.974413, 0.259752, 0.000000, 0.000000, 0.000000, 1.000000, 0.179367, -0.132478, 0.974821, 0.328533, -0.914354, 0.343194, 0.214881, -0.044885, -0.363020, -0.929875, -0.059575, 0.263741, 0.000000, 0.000000, 0.000000, 1.000000, 0.999973, 0.006847, -0.002799, 0.009812, -0.002788, -0.001493, -0.999995, 0.051428, -0.006851, 0.999975, -0.001474, -0.047825, 0.000000, 0.000000, 0.000000, 1.000000
11.8343, 51.1671, -18.1140, 259.7975, 328.5937, -44.1922, 263.9671, 9.8703, 51.2352, -47.7590, 0.913915, -0.340388, -0.221124, 0.051167, 0.353111, 0.935377, 0.019546, -0.018114, 0.200181, -0.095945, 0.975050, 0.259798, 0.000000, 0.000000, 0.000000, 1.000000, 0.177818, -0.129687, 0.975481, 0.328594, -0.916239, 0.339821, 0.212197, -0.044192, -0.359007, -0.931506, -0.058398, 0.263967, 0.000000, 0.000000, 0.000000, 1.000000, 0.999978, 0.006628, -0.000652, 0.009870, -0.000628, -0.003599, -0.999993, 0.051235, -0.006630, 0.999972, -0.003594, -0.047759, 0.000000, 0.000000, 0.000000, 1.000000
12.0823, 50.8821, -18.2106, 259.3086, 328.1116, -43.9025, 264.0823, 10.2309, 51.6508, -47.6587, 0.913568, -0.337184, -0.227376, 0.050882, 0.349995, 0.936591, 0.017333, -0.018211, 0.207114, -0.095415, 0.973653, 0.259309, 0.000000, 0.000000, 0.000000, 1.000000, 0.184871, -0.129234, 0.974228, 0.328112, -0.915952, 0.336609, 0.218465, -0.043903, -0.356168, -0.932734, -0.056143, 0.264082, 0.000000, 0.000000, 0.000000, 1.000000, 0.999956, 0.005762, -0.007411, 0.010231, -0.007391, -0.003432, -0.999967, 0.051651, -0.005787, 0.999977, -0.003389, -0.047659, 0.000000, 0.000000, 0.000000, 1.000000
12.1729, 50.2189, -18.4565, 259.4333, 328.2519, -43.2401, 264.3218, 9.8372, 51.3878, -47.6589, 0.915233, -0.334602, -0.224479, 0.050219, 0.347285, 0.937579, 0.018401, -0.018456, 0.204310, -0.094799, 0.974305, 0.259433, 0.000000, 0.000000, 0.000000, 1.000000, 0.182161, -0.128682, 0.974812, 0.328252, -0.917586, 0.334021, 0.215560, -0.043240, -0.353346, -0.933740, -0.057231, 0.264322, 0.000000, 0.000000, 0.000000, 1.000000, 0.999966, 0.007013, -0.004250, 0.009837, -0.004225, -0.003483, -0.999985, 0.051388, -0.007027, 0.999969, -0.003453, -0.047659, 0.000000, 0.000000, 0.000000, 1.000000
12.4132, 49.5158, -18.7408, 259.2478, 328.0840, -42.5349, 264.6119, 9.7861, 51.4193, -47.6275, 0.916417, -0.330975, -0.225026, 0.049516, 0.344136, 0.938688, 0.020844, -0.018741, 0.204330, -0.096541, 0.974130, 0.259248, 0.000000, 0.000000, 0.000000, 1.000000, 0.182295, -0.130499, 0.974545, 0.328084, -0.918765, 0.330408, 0.216105, -0.042535, -0.350199, -0.934773, -0.059666, 0.264612, 0.000000, 0.000000, 0.000000, 1.000000, 0.999973, 0.006177, -0.003916, 0.009786, -0.003910, -0.001006, -0.999992, 0.051419, -0.006181, 0.999980, -0.000981, -0.047628, 0.000000, 0.000000, 0.000000, 1.000000
12.6995, 48.7972, -19.0167, 258.9451, 327.7990, -41.8132, 264.8982, 9.8393, 51.5614, -47.5673, 0.917793, -0.327103, -0.225076, 0.048797, 0.339659, 0.940369, 0.018389, -0.019017, 0.205639, -0.093327, 0.974168, 0.258945, 0.000000, 0.000000, 0.000000, 1.000000, 0.183767, -0.127388, 0.974680, 0.327799, -0.920147, 0.326504, 0.216159, -0.041813, -0.345773, -0.936572, -0.057215, 0.264898, 0.000000, 0.000000, 0.000000, 1.000000, 0.999971, 0.005955, -0.004797, 0.009839, -0.004777, -0.003320, -0.999983, 0.051561, -0.005970, 0.999977, -0.003291, -0.047567, 0.000000, 0.000000, 0.000000, 1.000000
12.9131, 48.6860, -19.0775, 259.4323, 328.2892, -41.7064, 264.9395, 10.4616, 51.0639, -47.5971, 0.919181, -0.325001, -0.222440, 0.048686, 0.337488, 0.941127, 0.019534, -0.019078, 0.202996, -0.093026, 0.974751, 0.259432, 0.000000, 0.000000, 0.000000, 1.000000, 0.181199, -0.127137, 0.975194, 0.328289, -0.921508, 0.324399, 0.213516, -0.041706, -0.343498, -0.937338, -0.058377, 0.264940, 0.000000, 0.000000, 0.000000, 1.000000, 0.999988, 0.004476, -0.001858, 0.010462, -0.001844, -0.003168, -0.999993, 0.051064, -0.004482, 0.999985, -0.003159, -0.047597, 0.000000, 0.000000, 0.000000, 1.000000
13.0195, 47.9235, -19.3437, 258.9651, 327.8397, -40.9392, 265.2225, 9.8991, 51.3564, -47.5334, 0.920538, -0.321515, -0.221897, 0.047924, 0.334030, 0.942343, 0.020323, -0.019344, 0.202569, -0.092828, 0.974858, 0.258965, 0.000000, 0.000000, 0.000000, 1.000000, 0.180897, -0.127019, 0.975265, 0.327840, -0.922855, 0.320909, 0.212971, -0.040939, -0.340022, -0.938554, -0.059169, 0.265222, 0.000000, 0.000000, 0.000000, 1.000000, 0.999980, 0.006276, -0.001063, 0.009899, -0.001046, -0.002615, -0.999996, 0.051356, -0.006279, 0.999977, -0.002609, -0.047533, 0.000000, 0.000000, 0.000000, 1.000000
13.2420, 47.7209, -19.4211, 259.3740, 328.2533, -40.7402, 265.2833, 10.4434, 50.9145, -47.5402, 0.921983, -0.320032, -0.218007, 0.047721, 0.332145, 0.943008, 0.020362, -0.019421, 0.199066, -0.091184, 0.975735, 0.259374, 0.000000, 0.000000, 0.000000, 1.000000, 0.177458, -0.125415, 0.976104, 0.328253, -0.924265, 0.319410, 0.209073, -0.040740, -0.337999, -0.939281, -0.059235, 0.265283, 0.000000, 0.000000, 0.000000, 1.000000, 0.999987, 0.004310, 0.002715, 0.010443, 0.002732, -0.003905, -0.999989, 0.050915, -0.004300, 0.999983, -0.003917, -0.047540, 0.000000, 0.000000, 0.000000, 1.000000
13.3510, 46.9827, -19.6549, 258.7602, 327.6559, -39.9961, 265.5397, 9.8923, 51.3546, -47.4444, 0.922341, -0.314993, -0.223755, 0.046983, 0.326701, 0.944986, 0.016381, -0.019655, 0.206285, -0.088210, 0.974508, 0.258760, 0.000000, 0.000000, 0.000000, 1.000000, 0.184883, -0.122568, 0.975087, 0.327656, -0.924681, 0.314341, 0.214838, -0.039996, -0.332842, -0.941364, -0.055219, 0.265540, 0.000000, 0.000000, 0.000000, 1.000000, 0.999957, 0.008308, -0.004148, 0.009892, -0.004100, -0.005732, -0.999975, 0.051355, -0.008331, 0.999949, -0.005698, -0.047444, 0.000000, 0.000000, 0.000000, 1.000000
13.8012, 46.2279, -19.9342, 258.4516, 327.3654, -39.2381, 265.8296, 10.4051, 51.4945, -47.3592, 0.922843, -0.311532, -0.226513, 0.046228, 0.323978, 0.945873, 0.019030, -0.019934, 0.208324, -0.090947, 0.973822, 0.258452, 0.000000, 0.000000, 0.000000, 1.000000, 0.187023, -0.125368, 0.974323, 0.327365, -0.925197, 0.310904, 0.217598, -0.039238, -0.330201, -0.942137, -0.057844, 0.265830, 0.000000, 0.000000, 0.000000, 1.000000, 0.999977, 0.003382, -0.005920, 0.010405, -0.005913, -0.002317, -0.999980, 0.051494, -0.003395, 0.999992, -0.002297, -0.047359, 0.000000, 0.000000, 0.000000, 1.000000
13.9100, 45.5868, -20.2035, 258.4280, 327.3582, -38.5964, 266.0984, 10.0498, 51.3815, -47.3912, 0.924898, -0.308468, -0.222285, 0.045587, 0.320873, 0.946887, 0.021103, -0.020204, 0.203969, -0.090843, 0.974753, 0.258428, 0.000000, 0.000000, 0.000000, 1.000000, 0.182775, -0.125332, 0.975133, 0.327358, -0.927208, 0.307837, 0.213358, -0.038596, -0.326923, -0.943148, -0.059944, 0.266098, 0.000000, 0.000000, 0.000000, 1.000000, 0.999988, 0.004665, -0.001148, 0.010050, -0.001140, -0.001762, -0.999998, 0.051382, -0.004667, 0.999988, -0.001757, -0.047391, 0.000000, 0.000000, 0.000000, 1.000000
14.0810, 44.8687, -20.4249, 258.2739, 327.2195, -37.8766, 266.3243, 9.8008, 51.3776, -47.3333, 0.926329, -0.303860, -0.222675, 0.044869, 0.316234, 0.948442, 0.021298, -0.020425, 0.204722, -0.090147, 0.974660, 0.258274, 0.000000, 0.000000, 0.000000, 1.000000, 0.183698, -0.124739, 0.975036, 0.327219, -0.928638, 0.303221, 0.213749, -0.037877, -0.322314, -0.944721, -0.060137, 0.266324, 0.000000, 0.000000, 0.000000, 1.000000, 0.999977, 0.006584, -0.001459, 0.009801, -0.001450, -0.001455, -0.999998, 0.051378, -0.006586, 0.999977, -0.001446, -0.047333, 0.000000, 0.000000, 0.000000, 1.000000
14.3470, 44.1886, -20.6417, 258.6349, 327.5949, -37.1995, 266.5255, 9.9807, 50.8799, -47.3170, 0.928852, -0.299272, -0.218337, 0.044189, 0.310618, 0.950349, 0.018802, -0.020642, 0.201870, -0.085283, 0.975692, 0.258635, 0.000000, 0.000000, 0.000000, 1.000000, 0.181046, -0.119997, 0.976127, 0.327595, -0.931126, 0.298586, 0.209406, -0.037199, -0.316585, -0.946809, -0.057674, 0.266525, 0.000000, 0.000000, 0.000000, 1.000000, 0.999968, 0.007784, 0.001980, 0.009981, 0.002021, -0.005223, -0.999984, 0.050880, -0.007773, 0.999956, -0.005238, -0.047317, 0.000000, 0.000000, 0.000000, 1.000000
14.6008, 43.9275, -20.7057, 257.9391, 326.9046, -36.9319, 266.6164, 10.3449, 51.5023, -47.1896, 0.927270, -0.298097, -0.226512, 0.043927, 0.309836, 0.950632, 0.017313, -0.020706, 0.210169, -0.086235, 0.973854, 0.257939, 0.000000, 0.000000, 0.000000, 1.000000, 0.189384, -0.120970, 0.974423, 0.326905, -0.929620, 0.297419, 0.217600, -0.036932, -0.316135, -0.947052, -0.056129, 0.266616, 0.000000, 0.000000, 0.000000, 1.000000, 0.999970, 0.004339, -0.006421, 0.010345, -0.006404, -0.004044, -0.999971, 0.051502, -0.004365, 0.999982, -0.004016, -0.047190, 0.000000, 0.000000, 0.000000, 1.000000
14.7135, 43.2172, -20.9185, 258.0242, 327.0043, -36.2221, 266.8243, 9.9776, 51.2669, -47.1660, 0.929035, -0.294576, -0.223872, 0.043217, 0.305856, 0.951932, 0.016679, -0.020919, 0.208198, -0.083968, 0.974476, 0.258024, 0.000000, 0.000000, 0.000000, 1.000000, 0.187555, -0.118788, 0.975045, 0.327004, -0.931360, 0.293876, 0.214955, -0.036222, -0.312076, -0.948434, -0.055516, 0.266824, 0.000000, 0.000000, 0.000000, 1.000000, 0.999971, 0.006506, -0.004034, 0.009978, -0.003998, -0.005503, -0.999977, 0.051267, -0.006528, 0.999964, -0.005477, -0.047166, 0.000000, 0.000000, 0.000000, 1.000000
14.9161, 42.5828, -21.1874, 258.0799, 327.0764, -35.5878, 267.0895, 9.9291, 51.0780, -47.2025, 0.931069, -0.290462, -0.220777, 0.042583, 0.302465, 0.952909, 0.021887, -0.021187, 0.204023, -0.087155, 0.975079, 0.258080, 0.000000, 0.000000, 0.000000, 1.000000, 0.183499, -0.122048, 0.975414, 0.327076, -0.933351, 0.289789, 0.211846, -0.035588, -0.308520, -0.949277, -0.060738, 0.267090, 0.000000, 0.000000, 0.000000, 1.000000, 0.999979, 0.006444, 0.000591, 0.009929, 0.000601, -0.001507, -0.999999, 0.051078, -0.006443, 0.999978, -0.001510, -0.047202, 0.000000, 0.000000, 0.000000, 1.000000
14.9999, 42.5493, -21.1964, 258.1652, 327.1622, -35.5551, 267.0952, 10.1658, 50.9877, -47.1942, 0.931300, -0.290579, -0.219647, 0.042549, 0.301856, 0.953166, 0.018885, -0.021196, 0.203873, -0.083890, 0.975397, 0.258165, 0.000000, 0.000000, 0.000000, 1.000000, 0.183371, -0.118794, 0.975840, 0.327162, -0.933579, 0.289876, 0.210718, -0.035555, -0.307905, -0.949663, -0.057749, 0.267095, 0.000000, 0.000000, 0.000000, 1.000000, 0.999984, 0.005620, 0.000786, 0.010166, 0.000812, -0.004722, -0.999989, 0.050988, -0.005616, 0.999973, -0.004726, -0.047194, 0.000000, 0.000000, 0.000000, 1.000000
