# Joint_B_Angle(deg), Cam_X(mm), Cam_Y(mm), Cam_Z(mm), Torso_X(mm), Torso_Y(mm), Torso_Z(mm), EE_X(mm), EE_Y(mm), EE_Z(mm), T_cam2marker_flat(16), T_torso2marker_flat(16), T_ee2marker_flat(16)
-15.0141, -27.4633, -53.2174, 336.9576, 407.7868, 33.7851, 295.8521, 33.2307, -59.2694, -44.6704, 0.064694, 0.991086, -0.116458, -0.027463, -0.997308, 0.068252, 0.026818, -0.053217, 0.034527, 0.114410, 0.992833, 0.336958, 0.000000, 0.000000, 0.000000, 1.000000, 0.073257, 0.102656, 0.992016, 0.407787, -0.063484, -0.992191, 0.107363, 0.033785, 0.995291, -0.070842, -0.066168, 0.295852, 0.000000, 0.000000, 0.000000, 1.000000, -0.997693, -0.048827, 0.047176, 0.033231, 0.043877, 0.066566, 0.996817, -0.059269, -0.051812, 0.996587, -0.064270, -0.044670, 0.000000, 0.000000, 0.000000, 1.000000
-14.9941, -27.5853, -53.0798, 337.3031, 408.1277, 33.9038, 295.7007, 33.3274, -58.9484, -44.7598, 0.062848, 0.991587, -0.113160, -0.027585, -0.997362, 0.066526, 0.029022, -0.053080, 0.036306, 0.111037, 0.993153, 0.337303, 0.000000, 0.000000, 0.000000, 1.000000, 0.075054, 0.099350, 0.992218, 0.408128, -0.061654, -0.992658, 0.104058, 0.033904, 0.995272, -0.068984, -0.068377, 0.295701, 0.000000, 0.000000, 0.000000, 1.000000, -0.997530, -0.050311, 0.049026, 0.033327, 0.045802, 0.063349, 0.996940, -0.058948, -0.053262, 0.996722, -0.060888, -0.044760, 0.000000, 0.000000, 0.000000, 1.000000
-14.7762, -27.6871, -52.3602, 337.3813, 408.1783, 34.0038, 294.9784, 33.4410, -59.1783, -44.7886, 0.059062, 0.992833, -0.103898, -0.027687, -0.997376, 0.063055, 0.035576, -0.052360, 0.041873, 0.101525, 0.993951, 0.337381, 0.000000, 0.000000, 0.000000, 1.000000, 0.080650, 0.089971, 0.992674, 0.408178, -0.057918, -0.993812, 0.094780, 0.034004, 0.995058, -0.065138, -0.074940, 0.294978, 0.000000, 0.000000, 0.000000, 1.000000, -0.997209, -0.050580, 0.054922, 0.033441, 0.052100, 0.055511, 0.997098, -0.059178, -0.053482, 0.997176, -0.052720, -0.044789, 0.000000, 0.000000, 0.000000, 1.000000
-14.5235, -27.9007, -51.5895, 337.7652, 408.5334, 34.2127, 294.1928, 33.5215, -59.1481, -44.9139, 0.054757, 0.991771, -0.115723, -0.027901, -0.998055, 0.057823, 0.023305, -0.051589, 0.029805, 0.114221, 0.993008, 0.337765, 0.000000, 0.000000, 0.000000, 1.000000, 0.068658, 0.102873, 0.992322, 0.408533, -0.053503, -0.992858, 0.106631, 0.034213, 0.996205, -0.060413, -0.062664, 0.294193, 0.000000, 0.000000, 0.000000, 1.000000, -0.997671, -0.051619, 0.044592, 0.033522, 0.040913, 0.070255, 0.996690, -0.059148, -0.054580, 0.996193, -0.067979, -0.044914, 0.000000, 0.000000, 0.000000, 1.000000
-14.2460, -28.0282, -50.9406, 338.2821, 409.0255, 34.3345, 293.5237, 33.4029, -59.0224, -44.9671, 0.052162, 0.992608, -0.109581, -0.028028, -0.998209, 0.055045, 0.023447, -0.050941, 0.029306, 0.108161, 0.993701, 0.338282, 0.000000, 0.000000, 0.000000, 1.000000, 0.068189, 0.096920, 0.992954, 0.409025, -0.050903, -0.993636, 0.100483, 0.034335, 0.996373, -0.057396, -0.062821, 0.293524, 0.000000, 0.000000, 0.000000, 1.000000, -0.997742, -0.050202, 0.044626, 0.033403, 0.041253, 0.066338, 0.996944, -0.059022, -0.053009, 0.996534, -0.064117, -0.044967, 0.000000, 0.000000, 0.000000, 1.000000
-14.0041, -28.2131, -50.1734, 338.4286, 409.1433, 34.5169, 292.7511, 33.5047, -59.2170, -45.0813, 0.045977, 0.992810, -0.110518, -0.028213, -0.998289, 0.049666, 0.030854, -0.050173, 0.036121, 0.108911, 0.993395, 0.338429, 0.000000, 0.000000, 0.000000, 1.000000, 0.075058, 0.097880, 0.992364, 0.409143, -0.044781, -0.993836, 0.101412, 0.034517, 0.996173, -0.052051, -0.070212, 0.292751, 0.000000, 0.000000, 0.000000, 1.000000, -0.997273, -0.051795, 0.052566, 0.033505, 0.048937, 0.069016, 0.996415, -0.059217, -0.055237, 0.996270, -0.066293, -0.045081, 0.000000, 0.000000, 0.000000, 1.000000
-13.7848, -28.2854, -49.9280, 338.4747, 409.1803, 34.5884, 292.5039, 33.1384, -59.4776, -45.1410, 0.045231, 0.993912, -0.100462, -0.028285, -0.998447, 0.048254, 0.027858, -0.049928, 0.032536, 0.099046, 0.994551, 0.338475, 0.000000, 0.000000, 0.000000, 1.000000, 0.071489, 0.088068, 0.993546, 0.409180, -0.044002, -0.994846, 0.091350, 0.034588, 0.996470, -0.050248, -0.067246, 0.292504, 0.000000, 0.000000, 0.000000, 1.000000, -0.997545, -0.050006, 0.049030, 0.033138, 0.045959, 0.060823, 0.997090, -0.059478, -0.052843, 0.996895, -0.058375, -0.045141, 0.000000, 0.000000, 0.000000, 1.000000
-13.6938, -28.3799, -49.4882, 338.9026, 409.5913, 34.6783, 292.0473, 33.3344, -59.1798, -45.1809, 0.044286, 0.993479, -0.105061, -0.028380, -0.998636, 0.046933, 0.022858, -0.049488, 0.027640, 0.103906, 0.994203, 0.338903, 0.000000, 0.000000, 0.000000, 1.000000, 0.066613, 0.092980, 0.993437, 0.409591, -0.043011, -0.994456, 0.095960, 0.034678, 0.996851, -0.049121, -0.062244, 0.292047, 0.000000, 0.000000, 0.000000, 1.000000, -0.997759, -0.049806, 0.044680, 0.033334, 0.041328, 0.066414, 0.996936, -0.059180, -0.052621, 0.996548, -0.064207, -0.045181, 0.000000, 0.000000, 0.000000, 1.000000
-13.5130, -28.4752, -49.0298, 339.0805, 409.7519, 34.7713, 291.5822, 33.2900, -59.2589, -45.2368, 0.040468, 0.993444, -0.106920, -0.028475, -0.998708, 0.043510, 0.026270, -0.049030, 0.030750, 0.105719, 0.993921, 0.339081, 0.000000, 0.000000, 0.000000, 1.000000, 0.069757, 0.094927, 0.993037, 0.409752, -0.039222, -0.994431, 0.097816, 0.034771, 0.996793, -0.045772, -0.065645, 0.291582, 0.000000, 0.000000, 0.000000, 1.000000, -0.997546, -0.050367, 0.048638, 0.033290, 0.045071, 0.069672, 0.996551, -0.059259, -0.053582, 0.996298, -0.067230, -0.045237, 0.000000, 0.000000, 0.000000, 1.000000
-13.3523, -28.5317, -48.8120, 338.9350, 409.5984, 34.8287, 291.3702, 33.0574, -59.6297, -45.2878, 0.038365, 0.993841, -0.103966, -0.028532, -0.998659, 0.041753, 0.030604, -0.048812, 0.034756, 0.102652, 0.994110, 0.338935, 0.000000, 0.000000, 0.000000, 1.000000, 0.073777, 0.091929, 0.993029, 0.409598, -0.037156, -0.994798, 0.094853, 0.034829, 0.996582, -0.043895, -0.069978, 0.291370, 0.000000, 0.000000, 0.000000, 1.000000, -0.997359, -0.049690, 0.052981, 0.033057, 0.049553, 0.067856, 0.996464, -0.059630, -0.053109, 0.996457, -0.065214, -0.045288, 0.000000, 0.000000, 0.000000, 1.000000
-13.2506, -28.6736, -48.0740, 339.3053, 409.9406, 34.9662, 290.6179, 33.5222, -59.4093, -45.3548, 0.035599, 0.994688, -0.096586, -0.028674, -0.999019, 0.037968, 0.022802, -0.048074, 0.026348, 0.095679, 0.995063, 0.339305, 0.000000, 0.000000, 0.000000, 1.000000, 0.065416, 0.085103, 0.994222, 0.409941, -0.034312, -0.995575, 0.087477, 0.034966, 0.997268, -0.039836, -0.062206, 0.290618, 0.000000, 0.000000, 0.000000, 1.000000, -0.997641, -0.052042, 0.044762, 0.033522, 0.041524, 0.061703, 0.997230, -0.059409, -0.054660, 0.996737, -0.059397, -0.045355, 0.000000, 0.000000, 0.000000, 1.000000
-12.9913, -28.8286, -47.3375, 339.2946, 409.9023, 35.1202, 289.8821, 33.5358, -59.7901, -45.4611, 0.030434, 0.994749, -0.097715, -0.028829, -0.998954, 0.033609, 0.031012, -0.047338, 0.034134, 0.096669, 0.994731, 0.339295, 0.000000, 0.000000, 0.000000, 1.000000, 0.073239, 0.086264, 0.993577, 0.409902, -0.029219, -0.995639, 0.088597, 0.035120, 0.996886, -0.035520, -0.070399, 0.289882, 0.000000, 0.000000, 0.000000, 1.000000, -0.997191, -0.052336, 0.053582, 0.033536, 0.050154, 0.064759, 0.996640, -0.059790, -0.055630, 0.996528, -0.061952, -0.045461, 0.000000, 0.000000, 0.000000, 1.000000
-12.7723, -28.9595, -46.8484, 339.6869, 410.2761, 35.2468, 289.3776, 33.4201, -59.7091, -45.5513, 0.029401, 0.995089, -0.094521, -0.028960, -0.999124, 0.032075, 0.026890, -0.046848, 0.029790, 0.093647, 0.995160, 0.339687, 0.000000, 0.000000, 0.000000, 1.000000, 0.068915, 0.083302, 0.994139, 0.410276, -0.028146, -0.995949, 0.085405, 0.035247, 0.997225, -0.033867, -0.066291, 0.289378, 0.000000, 0.000000, 0.000000, 1.000000, -0.997487, -0.050526, 0.049662, 0.033420, 0.046419, 0.063440, 0.996906, -0.059709, -0.053520, 0.996706, -0.060936, -0.045551, 0.000000, 0.000000, 0.000000, 1.000000
-12.6053, -29.0364, -46.3820, 340.0432, 410.6145, 35.3197, 288.8974, 33.4244, -59.5924, -45.5894, 0.027039, 0.995026, -0.095878, -0.029036, -0.999364, 0.029135, 0.020537, -0.046382, 0.023228, 0.095261, 0.995181, 0.340043, 0.000000, 0.000000, 0.000000, 1.000000, 0.062389, 0.085031, 0.994423, 0.410614, -0.025724, -0.995896, 0.086771, 0.035320, 0.997720, -0.030994, -0.059946, 0.288897, 0.000000, 0.000000, 0.000000, 1.000000, -0.997748, -0.050824, 0.043779, 0.033424, 0.040364, 0.066392, 0.996977, -0.059592, -0.053577, 0.996498, -0.064191, -0.045589, 0.000000, 0.000000, 0.000000, 1.000000
-12.4370, -29.1840, -45.9231, 340.5926, 411.1466, 35.4615, 288.4169, 33.4259, -59.2833, -45.6948, 0.025339, 0.994744, -0.099205, -0.029184, -0.999552, 0.026790, 0.013321, -0.045923, 0.015908, 0.098823, 0.994978, 0.340593, 0.000000, 0.000000, 0.000000, 1.000000, 0.055098, 0.088685, 0.994535, 0.411147, -0.023958, -0.995643, 0.090111, 0.035462, 0.998193, -0.028792, -0.052734, 0.288417, 0.000000, 0.000000, 0.000000, 1.000000, -0.998034, -0.050458, 0.037187, 0.033426, 0.033540, 0.071296, 0.996891, -0.059283, -0.052953, 0.996178, -0.069463, -0.045695, 0.000000, 0.000000, 0.000000, 1.000000
-12.2383, -29.2310, -45.3800, 340.1004, 410.6338, 35.5122, 287.8936, 33.4001, -60.0623, -45.7262, 0.020554, 0.995228, -0.095391, -0.029231, -0.999115, 0.023948, 0.034569, -0.045380, 0.036689, 0.094596, 0.994839, 0.340100, 0.000000, 0.000000, 0.000000, 1.000000, 0.075888, 0.084569, 0.993524, 0.410634, -0.019362, -0.996084, 0.086266, 0.035512, 0.996928, -0.025784, -0.073953, 0.287894, 0.000000, 0.000000, 0.000000, 1.000000, -0.997021, -0.050303, 0.058463, 0.033400, 0.054947, 0.068638, 0.996127, -0.060062, -0.054121, 0.996373, -0.065669, -0.045726, 0.000000, 0.000000, 0.000000, 1.000000
-12.0973, -29.4640, -44.6019, 340.6301, 411.1344, 35.7391, 287.0948, 33.8025, -59.7396, -45.8957, 0.017410, 0.995989, -0.087761, -0.029464, -0.999566, 0.019425, 0.022159, -0.044602, 0.023774, 0.087337, 0.995895, 0.340630, 0.000000, 0.000000, 0.000000, 1.000000, 0.063030, 0.077488, 0.994999, 0.411134, -0.016100, -0.996773, 0.078646, 0.035739, 0.997882, -0.020977, -0.061579, 0.287095, 0.000000, 0.000000, 0.000000, 1.000000, -0.997553, -0.052795, 0.045823, 0.033803, 0.042494, 0.062535, 0.997138, -0.059740, -0.055510, 0.996645, -0.060138, -0.045896, 0.000000, 0.000000, 0.000000, 1.000000
-11.8305, -29.5118, -44.4745, 341.1089, 411.6083, 35.7825, 286.9485, 33.1851, -59.6365, -45.9400, 0.016389, 0.996260, -0.084842, -0.029512, -0.999630, 0.018168, 0.020242, -0.044475, 0.021708, 0.084479, 0.996189, 0.341109, 0.000000, 0.000000, 0.000000, 1.000000, 0.060977, 0.074679, 0.995342, 0.411608, -0.015060, -0.997015, 0.075727, 0.035782, 0.998026, -0.019608, -0.059670, 0.286949, 0.000000, 0.000000, 0.000000, 1.000000, -0.997770, -0.049965, 0.044267, 0.033185, 0.041151, 0.061748, 0.997243, -0.059636, -0.052560, 0.996840, -0.059554, -0.045940, 0.000000, 0.000000, 0.000000, 1.000000
-11.6769, -29.5971, -43.7054, 340.8728, 411.3428, 35.8687, 286.1891, 33.5176, -60.1017, -45.9874, 0.011741, 0.996482, -0.082980, -0.029597, -0.999325, 0.014582, 0.033723, -0.043705, 0.034814, 0.082528, 0.995980, 0.340873, 0.000000, 0.000000, 0.000000, 1.000000, 0.074103, 0.072870, 0.994585, 0.411343, -0.010532, -0.997214, 0.073847, 0.035869, 0.997195, -0.015947, -0.073129, 0.286189, 0.000000, 0.000000, 0.000000, 1.000000, -0.997008, -0.051201, 0.057914, 0.033518, 0.054757, 0.061047, 0.996632, -0.060102, -0.054564, 0.996821, -0.058061, -0.045987, 0.000000, 0.000000, 0.000000, 1.000000
-11.4939, -29.6671, -43.4696, 341.3609, 411.8219, 35.9339, 285.9341, 33.2476, -59.8736, -46.0424, 0.011823, 0.996057, -0.087920, -0.029667, -0.999761, 0.013394, 0.017297, -0.043470, 0.018407, 0.087695, 0.995977, 0.341361, 0.000000, 0.000000, 0.000000, 1.000000, 0.057725, 0.078082, 0.995274, 0.411822, -0.010464, -0.996835, 0.078812, 0.035934, 0.998278, -0.014964, -0.056725, 0.285934, 0.000000, 0.000000, 0.000000, 1.000000, -0.997886, -0.049409, 0.042224, 0.033248, 0.038835, 0.067652, 0.996953, -0.059874, -0.052115, 0.996485, -0.065590, -0.046042, 0.000000, 0.000000, 0.000000, 1.000000
-11.3937, -29.7777, -42.7560, 341.4142, 411.8480, 36.0429, 285.2188, 33.6828, -59.9739, -46.1127, 0.008006, 0.996518, -0.082988, -0.029778, -0.999835, 0.009333, 0.015605, -0.042756, 0.016325, 0.082849, 0.996428, 0.341414, 0.000000, 0.000000, 0.000000, 1.000000, 0.055683, 0.073397, 0.995747, 0.411848, -0.006629, -0.997245, 0.073878, 0.036043, 0.998426, -0.010714, -0.055043, 0.285219, 0.000000, 0.000000, 0.000000, 1.000000, -0.997827, -0.052024, 0.040441, 0.033683, 0.037100, 0.063655, 0.997282, -0.059974, -0.054457, 0.996615, -0.061586, -0.046113, 0.000000, 0.000000, 0.000000, 1.000000
-11.1792, -29.8261, -42.5955, 341.5935, 412.0212, 36.0894, 285.0513, 33.2409, -60.0981, -46.1610, 0.006077, 0.996435, -0.084145, -0.029826, -0.999817, 0.007581, 0.017571, -0.042596, 0.018146, 0.084023, 0.996299, 0.341594, 0.000000, 0.000000, 0.000000, 1.000000, 0.057519, 0.074640, 0.995550, 0.412021, -0.004716, -0.997170, 0.075034, 0.036089, 0.998333, -0.009011, -0.057004, 0.285051, 0.000000, 0.000000, 0.000000, 1.000000, -0.997807, -0.050402, 0.042904, 0.033241, 0.039509, 0.066516, 0.997003, -0.060098, -0.053105, 0.996511, -0.064379, -0.046161, 0.000000, 0.000000, 0.000000, 1.000000
-11.0810, -29.9602, -41.8359, 341.4543, 411.8534, 36.2236, 284.2974, 33.7245, -60.3895, -46.2588, 0.001969, 0.996899, -0.078662, -0.029960, -0.999518, 0.004399, 0.030721, -0.041836, 0.030972, 0.078564, 0.996428, 0.341454, 0.000000, 0.000000, 0.000000, 1.000000, 0.070359, 0.069306, 0.995111, 0.411853, -0.000726, -0.997580, 0.069530, 0.036224, 0.997521, -0.005614, -0.070139, 0.284297, 0.000000, 0.000000, 0.000000, 1.000000, -0.997071, -0.052188, 0.055917, 0.033724, 0.052657, 0.061876, 0.996694, -0.060390, -0.055475, 0.996719, -0.058946, -0.046259, 0.000000, 0.000000, 0.000000, 1.000000
-10.8275, -30.0652, -41.1083, 341.9918, 412.3626, 36.3226, 283.5490, 33.7470, -60.2233, -46.3302, -0.002573, 0.996920, -0.078388, -0.030065, -0.999590, -0.000328, 0.028636, -0.041108, 0.028522, 0.078430, 0.996512, 0.341992, 0.000000, 0.000000, 0.000000, 1.000000, 0.067955, 0.069358, 0.995275, 0.412363, 0.003838, -0.997591, 0.069258, 0.036323, 0.997681, -0.000886, -0.068058, 0.283549, 0.000000, 0.000000, 0.000000, 1.000000, -0.997116, -0.052961, 0.054353, 0.033747, 0.050940, 0.063797, 0.996662, -0.060223, -0.056252, 0.996557, -0.060915, -0.046330, 0.000000, 0.000000, 0.000000, 1.000000
-10.5899, -30.1174, -40.8349, 342.4645, 412.8247, 36.3701, 283.2571, 33.3575, -60.0901, -46.3759, -0.002213, 0.996869, -0.079043, -0.030117, -0.999920, -0.001220, 0.012609, -0.040835, 0.012473, 0.079064, 0.996791, 0.342465, 0.000000, 0.000000, 0.000000, 1.000000, 0.051930, 0.070028, 0.996192, 0.412825, 0.003626, -0.997545, 0.069934, 0.036370, 0.998644, -0.000020, -0.052056, 0.283257, 0.000000, 0.000000, 0.000000, 1.000000, -0.997985, -0.050135, 0.038881, 0.033358, 0.035519, 0.066280, 0.997169, -0.060090, -0.052570, 0.996541, -0.064365, -0.046376, 0.000000, 0.000000, 0.000000, 1.000000
-10.4972, -30.2287, -40.1028, 342.3963, 412.7287, 36.4809, 282.5280, 33.8288, -60.3042, -46.4573, -0.008359, 0.996584, -0.082164, -0.030229, -0.999564, -0.006000, 0.028913, -0.040103, 0.028322, 0.082370, 0.996199, 0.342396, 0.000000, 0.000000, 0.000000, 1.000000, 0.067807, 0.073522, 0.994986, 0.412729, 0.009626, -0.997283, 0.073036, 0.036481, 0.997652, 0.004625, -0.068330, 0.282528, 0.000000, 0.000000, 0.000000, 1.000000, -0.997032, -0.053374, 0.055489, 0.033829, 0.051673, 0.070411, 0.996179, -0.060304, -0.057077, 0.996089, -0.067445, -0.046457, 0.000000, 0.000000, 0.000000, 1.000000
-10.2542, -30.3691, -39.3706, 342.5237, 412.8283, 36.6190, 281.7911, 33.8781, -60.5346, -46.5772, -0.011793, 0.997552, -0.068934, -0.030369, -0.999465, -0.009656, 0.031251, -0.039371, 0.030509, 0.069265, 0.997132, 0.342524, 0.000000, 0.000000, 0.000000, 1.000000, 0.070019, 0.060564, 0.995705, 0.412828, 0.013040, -0.998126, 0.059794, 0.036619, 0.997460, 0.008797, -0.070678, 0.281791, 0.000000, 0.000000, 0.000000, 1.000000, -0.996894, -0.053588, 0.057711, 0.033878, 0.054517, 0.059257, 0.996753, -0.060535, -0.056833, 0.996803, -0.056152, -0.046577, 0.000000, 0.000000, 0.000000, 1.000000
-10.0050, -30.4873, -38.6672, 343.2453, 413.5226, 36.7295, 281.0596, 33.8926, -60.1805, -46.6739, -0.015220, 0.997324, -0.071504, -0.030487, -0.999751, -0.014014, 0.017349, -0.038667, 0.016301, 0.071750, 0.997289, 0.343245, 0.000000, 0.000000, 0.000000, 1.000000, 0.055865, 0.063221, 0.996435, 0.413523, 0.016597, -0.997914, 0.062384, 0.036730, 0.998300, 0.013053, -0.056798, 0.281060, 0.000000, 0.000000, 0.000000, 1.000000, -0.997550, -0.053991, 0.044477, 0.033893, 0.041006, 0.063768, 0.997122, -0.060181, -0.056671, 0.996503, -0.061398, -0.046674, 0.000000, 0.000000, 0.000000, 1.000000
-9.7469, -30.5907, -38.0061, 343.3802, 413.6324, 36.8307, 280.3934, 33.8242, -60.4255, -46.7670, -0.019471, 0.996906, -0.076152, -0.030591, -0.999567, -0.017729, 0.023488, -0.038006, 0.022065, 0.076577, 0.996819, 0.343380, 0.000000, 0.000000, 0.000000, 1.000000, 0.061656, 0.068194, 0.995765, 0.413632, 0.020795, -0.997534, 0.067027, 0.036831, 0.997881, 0.016574, -0.062922, 0.280393, 0.000000, 0.000000, 0.000000, 1.000000, -0.997246, -0.053543, 0.051312, 0.033824, 0.047472, 0.070677, 0.996369, -0.060426, -0.056975, 0.996061, -0.067940, -0.046767, 0.000000, 0.000000, 0.000000, 1.000000
-9.5091, -30.5833, -37.4996, 343.1007, 413.3330, 36.8251, 279.8985, 33.6456, -61.0526, -46.7578, -0.022524, 0.996705, -0.077925, -0.030583, -0.999149, -0.019748, 0.036201, -0.037500, 0.034543, 0.078674, 0.996302, 0.343101, 0.000000, 0.000000, 0.000000, 1.000000, 0.074135, 0.070371, 0.994762, 0.413333, 0.023733, -0.997349, 0.068785, 0.036825, 0.996966, 0.018509, -0.075608, 0.279898, 0.000000, 0.000000, 0.000000, 1.000000, -0.996572, -0.051794, 0.064510, 0.033646, 0.060552, 0.074654, 0.995369, -0.061053, -0.056370, 0.995864, -0.071262, -0.046758, 0.000000, 0.000000, 0.000000, 1.000000
-9.2995, -30.7405, -37.0106, 343.7740, 413.9878, 36.9754, 279.3829, 33.5590, -60.6879, -46.9079, -0.022535, 0.997641, -0.064839, -0.030741, -0.999633, -0.021508, 0.016490, -0.037011, 0.015056, 0.065187, 0.997759, 0.343774, 0.000000, 0.000000, 0.000000, 1.000000, 0.054683, 0.056956, 0.996878, 0.413988, 0.023922, -0.998160, 0.055717, 0.036975, 0.998217, 0.020801, -0.055945, 0.279383, 0.000000, 0.000000, 0.000000, 1.000000, -0.997708, -0.050669, 0.044847, 0.033559, 0.041632, 0.062830, 0.997156, -0.060688, -0.053343, 0.996737, -0.060577, -0.046908, 0.000000, 0.000000, 0.000000, 1.000000
-9.1400, -30.7598, -36.8105, 343.9434, 414.1494, 36.9928, 279.1763, 33.3089, -60.7494, -46.9295, -0.024702, 0.997525, -0.065836, -0.030760, -0.999576, -0.023631, 0.016994, -0.036811, 0.015396, 0.066227, 0.997686, 0.343943, 0.000000, 0.000000, 0.000000, 1.000000, 0.055040, 0.058080, 0.996793, 0.414149, 0.026086, -0.998050, 0.056713, 0.036993, 0.998143, 0.022881, -0.056448, 0.279176, 0.000000, 0.000000, 0.000000, 1.000000, -0.997689, -0.050276, 0.045709, 0.033309, 0.042393, 0.065157, 0.996974, -0.060749, -0.053102, 0.996608, -0.062876, -0.046929, 0.000000, 0.000000, 0.000000, 1.000000
-9.0409, -30.8115, -36.0236, 343.9127, 414.0881, 37.0435, 278.3911, 33.8132, -60.9417, -46.9649, -0.029079, 0.997850, -0.058743, -0.030811, -0.999462, -0.028131, 0.016889, -0.036024, 0.015200, 0.059202, 0.998130, 0.343913, 0.000000, 0.000000, 0.000000, 1.000000, 0.054879, 0.051235, 0.997178, 0.414088, 0.030465, -0.998304, 0.049616, 0.037044, 0.998028, 0.027656, -0.056347, 0.278391, 0.000000, 0.000000, 0.000000, 1.000000, -0.997529, -0.053431, 0.045627, 0.033813, 0.042457, 0.059022, 0.997353, -0.060942, -0.055982, 0.996826, -0.056608, -0.046965, 0.000000, 0.000000, 0.000000, 1.000000
-8.8198, -30.8531, -35.7981, 343.9605, 414.1274, 37.0845, 278.1638, 33.4098, -61.2126, -47.0131, -0.031473, 0.997071, -0.069705, -0.030853, -0.999029, -0.029230, 0.032960, -0.035798, 0.030826, 0.070674, 0.997023, 0.343960, 0.000000, 0.000000, 0.000000, 1.000000, 0.070497, 0.062748, 0.995536, 0.414127, 0.032715, -0.997628, 0.060564, 0.037084, 0.996975, 0.028300, -0.072382, 0.278164, 0.000000, 0.000000, 0.000000, 1.000000, -0.996761, -0.050751, 0.062386, 0.033410, 0.058640, 0.072225, 0.995663, -0.061213, -0.055037, 0.996096, -0.069015, -0.047013, 0.000000, 0.000000, 0.000000, 1.000000
-8.7207, -30.9709, -35.0348, 344.4455, 414.5830, 37.1966, 277.3818, 33.9056, -60.8892, -47.1194, -0.035710, 0.997476, -0.061378, -0.030971, -0.999197, -0.034522, 0.020318, -0.035035, 0.018148, 0.062054, 0.997908, 0.344445, 0.000000, 0.000000, 0.000000, 1.000000, 0.057875, 0.054340, 0.996844, 0.414583, 0.037068, -0.997946, 0.052248, 0.037197, 0.997635, 0.033928, -0.059770, 0.277382, 0.000000, 0.000000, 0.000000, 1.000000, -0.997258, -0.054745, 0.049787, 0.033906, 0.046225, 0.064519, 0.996845, -0.060889, -0.057785, 0.996414, -0.061811, -0.047119, 0.000000, 0.000000, 0.000000, 1.000000
-8.4742, -30.9770, -34.8456, 344.4629, 414.5930, 37.2023, 277.1920, 33.3909, -61.2259, -47.1357, -0.036973, 0.997302, -0.063425, -0.030977, -0.999136, -0.035686, 0.021308, -0.034846, 0.018987, 0.064158, 0.997759, 0.344463, 0.000000, 0.000000, 0.000000, 1.000000, 0.058722, 0.056490, 0.996675, 0.414593, 0.038324, -0.997789, 0.054295, 0.037202, 0.997538, 0.035008, -0.060757, 0.277192, 0.000000, 0.000000, 0.000000, 1.000000, -0.997327, -0.052006, 0.051315, 0.033391, 0.047698, 0.068556, 0.996506, -0.061226, -0.055342, 0.996291, -0.065892, -0.047136, 0.000000, 0.000000, 0.000000, 1.000000
-8.3674, -31.0627, -34.1524, 344.7957, 414.8989, 37.2839, 276.4861, 33.7892, -61.0654, -47.2160, -0.040397, 0.997804, -0.052493, -0.031063, -0.998943, -0.039178, 0.024048, -0.034152, 0.021939, 0.053409, 0.998332, 0.344796, 0.000000, 0.000000, 0.000000, 1.000000, 0.061694, 0.045883, 0.997040, 0.414899, 0.041721, -0.998188, 0.043354, 0.037284, 0.997223, 0.038922, -0.063497, 0.276486, 0.000000, 0.000000, 0.000000, 1.000000, -0.997065, -0.054156, 0.054110, 0.033789, 0.050915, 0.058741, 0.996974, -0.061065, -0.057171, 0.996803, -0.055811, -0.047216, 0.000000, 0.000000, 0.000000, 1.000000
-7.9860, -31.1262, -33.4246, 344.7550, 414.8301, 37.3467, 275.7604, 33.4243, -61.6690, -47.2901, -0.045931, 0.997426, -0.055054, -0.031126, -0.998254, -0.043780, 0.039661, -0.033425, 0.037149, 0.056779, 0.997695, 0.344755, 0.000000, 0.000000, 0.000000, 1.000000, 0.076915, 0.049435, 0.995811, 0.414830, 0.047114, -0.997835, 0.045897, 0.037347, 0.995924, 0.043386, -0.079077, 0.275760, 0.000000, 0.000000, 0.000000, 1.000000, -0.996116, -0.052714, 0.070526, 0.033424, 0.067041, 0.065188, 0.995618, -0.061669, -0.057080, 0.996480, -0.061401, -0.047290, 0.000000, 0.000000, 0.000000, 1.000000
-7.8928, -31.2555, -32.7061, 345.1656, 415.2132, 37.4711, 275.0260, 33.8895, -61.4131, -47.4200, -0.048930, 0.997037, -0.059353, -0.031255, -0.998275, -0.046888, 0.035324, -0.032706, 0.032436, 0.060979, 0.997612, 0.345166, 0.000000, 0.000000, 0.000000, 1.000000, 0.072234, 0.053758, 0.995938, 0.415213, 0.050157, -0.997479, 0.050204, 0.037471, 0.996126, 0.046326, -0.074748, 0.275026, 0.000000, 0.000000, 0.000000, 1.000000, -0.996317, -0.054237, 0.066421, 0.033889, 0.062550, 0.070195, 0.995570, -0.061413, -0.058659, 0.996058, -0.066544, -0.047420, 0.000000, 0.000000, 0.000000, 1.000000
-7.6471, -31.3644, -31.9352, 345.7633, 415.7810, 37.5734, 274.2318, 33.9757, -61.1897, -47.5423, -0.051430, 0.997075, -0.056544, -0.031364, -0.998628, -0.050788, 0.012738, -0.031935, 0.009829, 0.057121, 0.998319, 0.345763, 0.000000, 0.000000, 0.000000, 1.000000, 0.049682, 0.050057, 0.997510, 0.415781, 0.052863, -0.997475, 0.047422, 0.037573, 0.997365, 0.050375, -0.052202, 0.274232, 0.000000, 0.000000, 0.000000, 1.000000, -0.997532, -0.054429, 0.044345, 0.033976, 0.040585, 0.068359, 0.996835, -0.061190, -0.057288, 0.996175, -0.065981, -0.047542, 0.000000, 0.000000, 0.000000, 1.000000
-7.4046, -31.3448, -31.7867, 345.9039, 415.9155, 37.5523, 274.0780, 33.4342, -61.3988, -47.5366, -0.052849, 0.997200, -0.052904, -0.031345, -0.998452, -0.051848, 0.020120, -0.031787, 0.017320, 0.053885, 0.998397, 0.345904, 0.000000, 0.000000, 0.000000, 1.000000, 0.057173, 0.046864, 0.997264, 0.415915, 0.054213, -0.997570, 0.043771, 0.037552, 0.996891, 0.051562, -0.059575, 0.274078, 0.000000, 0.000000, 0.000000, 1.000000, -0.997291, -0.051817, 0.052202, 0.033434, 0.048681, 0.067037, 0.996562, -0.061399, -0.055138, 0.996404, -0.064333, -0.047537, 0.000000, 0.000000, 0.000000, 1.000000
-7.2965, -31.4610, -31.0431, 346.2264, 416.2094, 37.6644, 273.3221, 33.8796, -61.2571, -47.6606, -0.057465, 0.996873, -0.054249, -0.031461, -0.998247, -0.056602, 0.017300, -0.031043, 0.014176, 0.055148, 0.998378, 0.346226, 0.000000, 0.000000, 0.000000, 1.000000, 0.054065, 0.048316, 0.997368, 0.416209, 0.058857, -0.997246, 0.045120, 0.037664, 0.996801, 0.056262, -0.056759, 0.273322, 0.000000, 0.000000, 0.000000, 1.000000, -0.997262, -0.054850, 0.049595, 0.033880, 0.045748, 0.069293, 0.996547, -0.061257, -0.058097, 0.996087, -0.066594, -0.047661, 0.000000, 0.000000, 0.000000, 1.000000
-6.8845, -31.4714, -30.3122, 346.1341, 416.0884, 37.6745, 272.5953, 33.4259, -61.9588, -47.6929, -0.062868, 0.996077, -0.062270, -0.031471, -0.997426, -0.060551, 0.038417, -0.030312, 0.034495, 0.064525, 0.997320, 0.346134, 0.000000, 0.000000, 0.000000, 1.000000, 0.074384, 0.057848, 0.995550, 0.416088, 0.064073, -0.996531, 0.053118, 0.037675, 0.995169, 0.059837, -0.077833, 0.272595, 0.000000, 0.000000, 0.000000, 1.000000, -0.996086, -0.052070, 0.071423, 0.033426, 0.067016, 0.081962, 0.994380, -0.061959, -0.057631, 0.995274, -0.078152, -0.047693, 0.000000, 0.000000, 0.000000, 1.000000
-6.7845, -31.6434, -29.5589, 346.6922, 416.6179, 37.8403, 271.8203, 33.9093, -61.5709, -47.8841, -0.064252, 0.997288, -0.035896, -0.031643, -0.997898, -0.063906, 0.010732, -0.029559, 0.008409, 0.036510, 0.999298, 0.346692, 0.000000, 0.000000, 0.000000, 1.000000, 0.048350, 0.029978, 0.998380, 0.416618, 0.065696, -0.997481, 0.026769, 0.037840, 0.996668, 0.064296, -0.050198, 0.271820, 0.000000, 0.000000, 0.000000, 1.000000, -0.997518, -0.054798, 0.044209, 0.033909, 0.041201, 0.054869, 0.997643, -0.061571, -0.057095, 0.996989, -0.052475, -0.047884, 0.000000, 0.000000, 0.000000, 1.000000
-6.5654, -31.7476, -28.8252, 347.2245, 417.1218, 37.9385, 271.0660, 34.0301, -61.3778, -48.0168, -0.067516, 0.997044, -0.036685, -0.031748, -0.997714, -0.067359, 0.005486, -0.028825, 0.002998, 0.036971, 0.999312, 0.347225, 0.000000, 0.000000, 0.000000, 1.000000, 0.042966, 0.030578, 0.998608, 0.417122, 0.069009, -0.997235, 0.027566, 0.037938, 0.996690, 0.067728, -0.044958, 0.271066, 0.000000, 0.000000, 0.000000, 1.000000, -0.997716, -0.054830, 0.039448, 0.034030, 0.036308, 0.057136, 0.997706, -0.061378, -0.056958, 0.996860, -0.055015, -0.048017, 0.000000, 0.000000, 0.000000, 1.000000
-6.3255, -31.7890, -28.1394, 347.4327, 417.3031, 37.9770, 270.3724, 34.0330, -61.5350, -48.0852, -0.071958, 0.996898, -0.031879, -0.031789, -0.997402, -0.071817, 0.005546, -0.028139, 0.003239, 0.032195, 0.999476, 0.347433, 0.000000, 0.000000, 0.000000, 1.000000, 0.043235, 0.025982, 0.998727, 0.417303, 0.073448, -0.997039, 0.022758, 0.037977, 0.996361, 0.072370, -0.045015, 0.270372, 0.000000, 0.000000, 0.000000, 1.000000, -0.997641, -0.055720, 0.040097, 0.034033, 0.037068, 0.054365, 0.997833, -0.061535, -0.057779, 0.996965, -0.052172, -0.048085, 0.000000, 0.000000, 0.000000, 1.000000
-6.0798, -31.8795, -27.3427, 347.9675, 417.8069, 38.0613, 269.5551, 34.1381, -61.3814, -48.2154, -0.075142, 0.996271, -0.042402, -0.031879, -0.997172, -0.075025, 0.004340, -0.027343, 0.001143, 0.042608, 0.999091, 0.347968, 0.000000, 0.000000, 0.000000, 1.000000, 0.041160, 0.036519, 0.998485, 0.417807, 0.076651, -0.996502, 0.033286, 0.038061, 0.996208, 0.075164, -0.043815, 0.269555, 0.000000, 0.000000, 0.000000, 1.000000, -0.997730, -0.054744, 0.039226, 0.034138, 0.035539, 0.066765, 0.997136, -0.061381, -0.057206, 0.996266, -0.064668, -0.048215, 0.000000, 0.000000, 0.000000, 1.000000
-5.8260, -31.7835, -26.7278, 347.8929, 417.7072, 37.9651, 268.9438, 34.0217, -61.8370, -48.1452, -0.082302, 0.995063, -0.055456, -0.031783, -0.996312, -0.080795, 0.028902, -0.026728, 0.024278, 0.057630, 0.998043, 0.347893, 0.000000, 0.000000, 0.000000, 1.000000, 0.064307, 0.051767, 0.996587, 0.417707, 0.083598, -0.995423, 0.046312, 0.037965, 0.994422, 0.080335, -0.068341, 0.268944, 0.000000, 0.000000, 0.000000, 1.000000, -0.996379, -0.056034, 0.063940, 0.034022, 0.059114, 0.083910, 0.994718, -0.061837, -0.061103, 0.994897, -0.080294, -0.048145, 0.000000, 0.000000, 0.000000, 1.000000
-5.5729, -31.8051, -26.2416, 347.7670, 417.5624, 37.9871, 268.4629, 33.7737, -62.3411, -48.1887, -0.084611, 0.995540, -0.041735, -0.031805, -0.995945, -0.083211, 0.034197, -0.026242, 0.030572, 0.044459, 0.998543, 0.347767, 0.000000, 0.000000, 0.000000, 1.000000, 0.070602, 0.038698, 0.996754, 0.417562, 0.085849, -0.995775, 0.032580, 0.037987, 0.993803, 0.083270, -0.073626, 0.268463, 0.000000, 0.000000, 0.000000, 1.000000, -0.996027, -0.054971, 0.070059, 0.033774, 0.065980, 0.072803, 0.995161, -0.062341, -0.059806, 0.995830, -0.068887, -0.048189, 0.000000, 0.000000, 0.000000, 1.000000
-5.3879, -31.8980, -25.7768, 348.2271, 418.0047, 38.0751, 267.9802, 33.7196, -62.1652, -48.3156, -0.086653, 0.995485, -0.038739, -0.031898, -0.996001, -0.085717, 0.025192, -0.025777, 0.021757, 0.040767, 0.998932, 0.348227, 0.000000, 0.000000, 0.000000, 1.000000, 0.061816, 0.035108, 0.997470, 0.418005, 0.087971, -0.995683, 0.029594, 0.038075, 0.994203, 0.085919, -0.064637, 0.267980, 0.000000, 0.000000, 0.000000, 1.000000, -0.996603, -0.054731, 0.061534, 0.033720, 0.057607, 0.070636, 0.995837, -0.062165, -0.058849, 0.996000, -0.067244, -0.048316, 0.000000, 0.000000, 0.000000, 1.000000
-5.2396, -31.9157, -24.9985, 348.7155, 418.4621, 38.0872, 267.1832, 34.0886, -61.9183, -48.3783, -0.091469, 0.994864, -0.043353, -0.031916, -0.995642, -0.090572, 0.022226, -0.024999, 0.018185, 0.045197, 0.998813, 0.348715, 0.000000, 0.000000, 0.000000, 1.000000, 0.058276, 0.039732, 0.997510, 0.418462, 0.092819, -0.995095, 0.034213, 0.038087, 0.993976, 0.090594, -0.061678, 0.267183, 0.000000, 0.000000, 0.000000, 1.000000, -0.996640, -0.057120, 0.058698, 0.034089, 0.054259, 0.076373, 0.995602, -0.061918, -0.061351, 0.995442, -0.073017, -0.048378, 0.000000, 0.000000, 0.000000, 1.000000
-4.9788, -31.9721, -24.3184, 348.8820, 418.6021, 38.1410, 266.4969, 34.0202, -62.1518, -48.4766, -0.094743, 0.994655, -0.041039, -0.031972, -0.995151, -0.093534, 0.030439, -0.024318, 0.026438, 0.043724, 0.998694, 0.348882, 0.000000, 0.000000, 0.000000, 1.000000, 0.066532, 0.038378, 0.997046, 0.418602, 0.096017, -0.994869, 0.031888, 0.038141, 0.993154, 0.093612, -0.069876, 0.266497, 0.000000, 0.000000, 0.000000, 1.000000, -0.996144, -0.056074, 0.067474, 0.034020, 0.063064, 0.077021, 0.995033, -0.062152, -0.060992, 0.995451, -0.073187, -0.048477, 0.000000, 0.000000, 0.000000, 1.000000
-4.7329, -32.0332, -23.8165, 349.1747, 418.8753, 38.1987, 265.9837, 33.8209, -62.2317, -48.5784, -0.095818, 0.994842, -0.033299, -0.032033, -0.995337, -0.095386, 0.014320, -0.023816, 0.011069, 0.034516, 0.999343, 0.349175, 0.000000, 0.000000, 0.000000, 1.000000, 0.051193, 0.029249, 0.998260, 0.418875, 0.097232, -0.994968, 0.024166, 0.038199, 0.993944, 0.095826, -0.053780, 0.265984, 0.000000, 0.000000, 0.000000, 1.000000, -0.997153, -0.054440, 0.052179, 0.033821, 0.048329, 0.069797, 0.996390, -0.062232, -0.057885, 0.996075, -0.066967, -0.048578, 0.000000, 0.000000, 0.000000, 1.000000
-4.5387, -32.1032, -23.2659, 349.4588, 419.1382, 38.2652, 265.4222, 33.8194, -62.2488, -48.6899, -0.098386, 0.994784, -0.026930, -0.032103, -0.995148, -0.098361, 0.002259, -0.023266, -0.000401, 0.027022, 0.999635, 0.349459, 0.000000, 0.000000, 0.000000, 1.000000, 0.039748, 0.021879, 0.998970, 0.419138, 0.099905, -0.994838, 0.017814, 0.038265, 0.994203, 0.099094, -0.041728, 0.265422, 0.000000, 0.000000, 0.000000, 1.000000, -0.997670, -0.054682, 0.040791, 0.033819, 0.037271, 0.063928, 0.997258, -0.062249, -0.057140, 0.996455, -0.061741, -0.048690, 0.000000, 0.000000, 0.000000, 1.000000
-4.3972, -32.1468, -22.8327, 349.6465, 419.3090, 38.3064, 264.9819, 33.8489, -62.2824, -48.7656, -0.101235, 0.994459, -0.028345, -0.032147, -0.994850, -0.101050, 0.007886, -0.022833, 0.004979, 0.028997, 0.999567, 0.349647, 0.000000, 0.000000, 0.000000, 1.000000, 0.045137, 0.023962, 0.998693, 0.419309, 0.102703, -0.994526, 0.019220, 0.038306, 0.993687, 0.101702, -0.047351, 0.264982, 0.000000, 0.000000, 0.000000, 1.000000, -0.997391, -0.055098, 0.046634, 0.033849, 0.042901, 0.067090, 0.996824, -0.062282, -0.058051, 0.996224, -0.064552, -0.048766, 0.000000, 0.000000, 0.000000, 1.000000
-4.2194, -32.1448, -22.0835, 349.9589, 419.5915, 38.3004, 264.2209, 34.0939, -62.2565, -48.8185, -0.105283, 0.994136, -0.024692, -0.032145, -0.994434, -0.105353, -0.001555, -0.022083, -0.004147, 0.024391, 0.999694, 0.349959, 0.000000, 0.000000, 0.000000, 1.000000, 0.036039, 0.019532, 0.999160, 0.419592, 0.106834, -0.994155, 0.015581, 0.038300, 0.993623, 0.106183, -0.037915, 0.264221, 0.000000, 0.000000, 0.000000, 1.000000, -0.997670, -0.056825, 0.037752, 0.034094, 0.034093, 0.064031, 0.997365, -0.062256, -0.059092, 0.996329, -0.061944, -0.048819, 0.000000, 0.000000, 0.000000, 1.000000
-3.9757, -32.1050, -21.4636, 350.0126, 419.6204, 38.2592, 263.5995, 34.0122, -62.5755, -48.8236, -0.110729, 0.993095, -0.038758, -0.032105, -0.993487, -0.109549, 0.031341, -0.021464, 0.026879, 0.041976, 0.998757, 0.350013, 0.000000, 0.000000, 0.000000, 1.000000, 0.067051, 0.037278, 0.997053, 0.419620, 0.111996, -0.993268, 0.029605, 0.038259, 0.991444, 0.109680, -0.070775, 0.263599, 0.000000, 0.000000, 0.000000, 1.000000, -0.995920, -0.056547, 0.070323, 0.034012, 0.065464, 0.083607, 0.994346, -0.062576, -0.062106, 0.994893, -0.079564, -0.048824, 0.000000, 0.000000, 0.000000, 1.000000
-3.7246, -32.2345, -20.6671, 350.5756, 420.1527, 38.3824, 262.7812, 34.0977, -62.4112, -49.0301, -0.112861, 0.993458, -0.017408, -0.032235, -0.993603, -0.112774, 0.005904, -0.020667, 0.003902, 0.017963, 0.999831, 0.350576, 0.000000, 0.000000, 0.000000, 1.000000, 0.044117, 0.013409, 0.998936, 0.420153, 0.114338, -0.993407, 0.008285, 0.038382, 0.992462, 0.113850, -0.045359, 0.262781, 0.000000, 0.000000, 0.000000, 1.000000, -0.997296, -0.056824, 0.046608, 0.034098, 0.043085, 0.061722, 0.997163, -0.062411, -0.059540, 0.996475, -0.059107, -0.049030, 0.000000, 0.000000, 0.000000, 1.000000
-3.4589, -32.2243, -19.9069, 350.8159, 420.3627, 38.3688, 262.0121, 34.0982, -62.5840, -49.0866, -0.116603, 0.993100, -0.012495, -0.032224, -0.993109, -0.116735, -0.010347, -0.019907, -0.011734, 0.011202, 0.999868, 0.350816, 0.000000, 0.000000, 0.000000, 1.000000, 0.028509, 0.006813, 0.999570, 0.420363, 0.118221, -0.992981, 0.003396, 0.038369, 0.992578, 0.118074, -0.029114, 0.262012, 0.000000, 0.000000, 0.000000, 1.000000, -0.997888, -0.056945, 0.031251, 0.034098, 0.027990, 0.057182, 0.997971, -0.062584, -0.058616, 0.996738, -0.055468, -0.049087, 0.000000, 0.000000, 0.000000, 1.000000
-2.9259, -32.2371, -18.9846, 350.9949, 420.5053, 38.3786, 261.0834, 33.4817, -63.2088, -49.1888, -0.122939, 0.992274, -0.016710, -0.032237, -0.992321, -0.122680, 0.015772, -0.018985, 0.013600, 0.018520, 0.999736, 0.350995, 0.000000, 0.000000, 0.000000, 1.000000, 0.053848, 0.014367, 0.998446, 0.420505, 0.124325, -0.992213, 0.007572, 0.038379, 0.990779, 0.123724, -0.055215, 0.261083, 0.000000, 0.000000, 0.000000, 1.000000, -0.996831, -0.054311, 0.058125, 0.033482, 0.054335, 0.068829, 0.996148, -0.063209, -0.058103, 0.996149, -0.065660, -0.049189, 0.000000, 0.000000, 0.000000, 1.000000
-2.8441, -32.2701, -18.3125, 351.4630, 420.9468, 38.4063, 260.3934, 33.9324, -62.8917, -49.2924, -0.127481, 0.991516, -0.025374, -0.032270, -0.991686, -0.126967, 0.020933, -0.018313, 0.017533, 0.027832, 0.999459, 0.351463, 0.000000, 0.000000, 0.000000, 1.000000, 0.057794, 0.023847, 0.998044, 0.420947, 0.128829, -0.991534, 0.016231, 0.038406, 0.989981, 0.127639, -0.060377, 0.260393, 0.000000, 0.000000, 0.000000, 1.000000, -0.996398, -0.056954, 0.062830, 0.033932, 0.058242, 0.078917, 0.995178, -0.062892, -0.061638, 0.995253, -0.075315, -0.049292, 0.000000, 0.000000, 0.000000, 1.000000
-2.6622, -32.3011, -17.9947, 351.2451, 420.7168, 38.4388, 260.0844, 33.7109, -63.3850, -49.3422, -0.126237, 0.991998, -0.002163, -0.032301, -0.991999, -0.126240, -0.001275, -0.017995, -0.001538, 0.001985, 0.999997, 0.351245, 0.000000, 0.000000, 0.000000, 1.000000, 0.038740, -0.002012, 0.999247, 0.420717, 0.127760, -0.991781, -0.006950, 0.038439, 0.991048, 0.127933, -0.038164, 0.260084, 0.000000, 0.000000, 0.000000, 1.000000, -0.997600, -0.054499, 0.042711, 0.033711, 0.039738, 0.054515, 0.997722, -0.063385, -0.056703, 0.997025, -0.052218, -0.049342, 0.000000, 0.000000, 0.000000, 1.000000
-2.5620, -32.2914, -17.3236, 351.6868, 421.1316, 38.4241, 259.3964, 34.1082, -63.1197, -49.4066, -0.132231, 0.991197, -0.006626, -0.032291, -0.991210, -0.132198, 0.005112, -0.017324, 0.004191, 0.007244, 0.999965, 0.351687, 0.000000, 0.000000, 0.000000, 1.000000, 0.044487, 0.003485, 0.999004, 0.421132, 0.133700, -0.991019, -0.002496, 0.038424, 0.990023, 0.133678, -0.044553, 0.259396, 0.000000, 0.000000, 0.000000, 1.000000, -0.997073, -0.058701, 0.048982, 0.034108, 0.045406, 0.060782, 0.997118, -0.063120, -0.061509, 0.996423, -0.057939, -0.049407, 0.000000, 0.000000, 0.000000, 1.000000
-2.2915, -32.2773, -17.1579, 352.0726, 421.5104, 38.4062, 259.2156, 33.5071, -63.1290, -49.4368, -0.133678, 0.990878, -0.017052, -0.032277, -0.990927, -0.133404, 0.016316, -0.017158, 0.013892, 0.019079, 0.999721, 0.352073, 0.000000, 0.000000, 0.000000, 1.000000, 0.054182, 0.015361, 0.998413, 0.421510, 0.135059, -0.990806, 0.007914, 0.038406, 0.989355, 0.134415, -0.055759, 0.259216, 0.000000, 0.000000, 0.000000, 1.000000, -0.996678, -0.055184, 0.059893, 0.033507, 0.055694, 0.074716, 0.995648, -0.063129, -0.059419, 0.995677, -0.071395, -0.049437, 0.000000, 0.000000, 0.000000, 1.000000
-2.1942, -32.3009, -16.3791, 352.2593, 421.6664, 38.4269, 258.4300, 34.0068, -63.1214, -49.5336, -0.136791, 0.990584, -0.005549, -0.032301, -0.990599, -0.136794, -0.000227, -0.016379, -0.000984, 0.005466, 0.999985, 0.352259, 0.000000, 0.000000, 0.000000, 1.000000, 0.039333, 0.001895, 0.999224, 0.421666, 0.138306, -0.990383, -0.003566, 0.038427, 0.989608, 0.138339, -0.039217, 0.258430, 0.000000, 0.000000, 0.000000, 1.000000, -0.997342, -0.057680, 0.044525, 0.034007, 0.040933, 0.062038, 0.997234, -0.063121, -0.060283, 0.996406, -0.059512, -0.049534, 0.000000, 0.000000, 0.000000, 1.000000
-1.9716, -32.2592, -15.7161, 352.6103, 421.9906, 38.3809, 257.7538, 34.0402, -63.1207, -49.5738, -0.141618, 0.989688, -0.021490, -0.032259, -0.989845, -0.141305, 0.015474, -0.015716, 0.012278, 0.023463, 0.999649, 0.352610, 0.000000, 0.000000, 0.000000, 1.000000, 0.052598, 0.020064, 0.998414, 0.421991, 0.143011, -0.989644, 0.012354, 0.038381, 0.988322, 0.142135, -0.054923, 0.257754, 0.000000, 0.000000, 0.000000, 1.000000, -0.996557, -0.057957, 0.059291, 0.034040, 0.054446, 0.081883, 0.995154, -0.063121, -0.062531, 0.994955, -0.078446, -0.049574, 0.000000, 0.000000, 0.000000, 1.000000
-1.7358, -32.2749, -15.3670, 352.8339, 422.2004, 38.3941, 257.3961, 33.7126, -63.2534, -49.6413, -0.142087, 0.989737, -0.015223, -0.032275, -0.989849, -0.142121, -0.001180, -0.015367, -0.003331, 0.014901, 0.999883, 0.352834, 0.000000, 0.000000, 0.000000, 1.000000, 0.037006, 0.011541, 0.999248, 0.422200, 0.143622, -0.989614, 0.006110, 0.038394, 0.988940, 0.143288, -0.038280, 0.257396, 0.000000, 0.000000, 0.000000, 1.000000, -0.997504, -0.055481, 0.043683, 0.033713, 0.039451, 0.075202, 0.996388, -0.063253, -0.058566, 0.995624, -0.072826, -0.049641, 0.000000, 0.000000, 0.000000, 1.000000
-1.6284, -32.3070, -14.7321, 353.3607, 422.7020, 38.4204, 256.7409, 34.0539, -62.9161, -49.7623, -0.146756, 0.988903, -0.023080, -0.032307, -0.989167, -0.146636, 0.006805, -0.014732, 0.003346, 0.023829, 0.999710, 0.353361, 0.000000, 0.000000, 0.000000, 1.000000, 0.043693, 0.020647, 0.998832, 0.422702, 0.148229, -0.988855, 0.013956, 0.038420, 0.987987, 0.147446, -0.046267, 0.256741, 0.000000, 0.000000, 0.000000, 1.000000, -0.997009, -0.057957, 0.051134, 0.034054, 0.046098, 0.085118, 0.995304, -0.062916, -0.062037, 0.994684, -0.082192, -0.049762, 0.000000, 0.000000, 0.000000, 1.000000
-1.4001, -32.3332, -14.4336, 352.9576, 422.2877, 38.4498, 256.4584, 33.6653, -63.6626, -49.8003, -0.147403, 0.988999, 0.012416, -0.032333, -0.989062, -0.147457, 0.003504, -0.014434, 0.005296, -0.011763, 0.999917, 0.352958, 0.000000, 0.000000, 0.000000, 1.000000, 0.045643, -0.014885, 0.998847, 0.422288, 0.148858, -0.988624, -0.021535, 0.038450, 0.987805, 0.149670, -0.042909, 0.256458, 0.000000, 0.000000, 0.000000, 1.000000, -0.997052, -0.056868, 0.051513, 0.033665, 0.048602, 0.051436, 0.997493, -0.063663, -0.059375, 0.997056, -0.048521, -0.049800, 0.000000, 0.000000, 0.000000, 1.000000
-1.3206, -32.3088, -13.6954, 353.3411, 422.6416, 38.4208, 255.7058, 34.1884, -63.4315, -49.8685, -0.152115, 0.988315, 0.009675, -0.032309, -0.988354, -0.152147, 0.002718, -0.013695, 0.004159, -0.009148, 0.999950, 0.353341, 0.000000, 0.000000, 0.000000, 1.000000, 0.044522, -0.012081, 0.998935, 0.422642, 0.153579, -0.987958, -0.018793, 0.038421, 0.987133, 0.154252, -0.042130, 0.255706, 0.000000, 0.000000, 0.000000, 1.000000, -0.996898, -0.060237, 0.050660, 0.034188, 0.047369, 0.054864, 0.997370, -0.063431, -0.062858, 0.996675, -0.051840, -0.049869, 0.000000, 0.000000, 0.000000, 1.000000
-1.0769, -32.3083, -13.3223, 353.3814, 422.6671, 38.4193, 255.3313, 33.8515, -63.7612, -49.9157, -0.153182, 0.988188, 0.004471, -0.032308, -0.987926, -0.153244, 0.022758, -0.013322, 0.023174, -0.000931, 0.999731, 0.353381, 0.000000, 0.000000, 0.000000, 1.000000, 0.063515, -0.003826, 0.997974, 0.422667, 0.154472, -0.987903, -0.013619, 0.038419, 0.985953, 0.155024, -0.062155, 0.255331, 0.000000, 0.000000, 0.000000, 1.000000, -0.995866, -0.057159, 0.070598, 0.033851, 0.066853, 0.064987, 0.995644, -0.063761, -0.061498, 0.996248, -0.060897, -0.049916, 0.000000, 0.000000, 0.000000, 1.000000
-0.9160, -32.2971, -12.8071, 353.9331, 423.1979, 38.4023, 254.7948, 33.9224, -63.4691, -49.9953, -0.156130, 0.987729, 0.003952, -0.032297, -0.987726, -0.156146, 0.004054, -0.012807, 0.004621, -0.003270, 0.999984, 0.353933, 0.000000, 0.000000, 0.000000, 1.000000, 0.044996, -0.006044, 0.998969, 0.423198, 0.157589, -0.987418, -0.013072, 0.038402, 0.986479, 0.158015, -0.043477, 0.254795, 0.000000, 0.000000, 0.000000, 1.000000, -0.996963, -0.057694, 0.052309, 0.033922, 0.048593, 0.064024, 0.996765, -0.063469, -0.060857, 0.996279, -0.061026, -0.049995, 0.000000, 0.000000, 0.000000, 1.000000
-0.7178, -32.2575, -12.0515, 354.0136, 423.2482, 38.3608, 254.0366, 34.1043, -63.7120, -50.0434, -0.160162, 0.987045, 0.009477, -0.032257, -0.987057, -0.160229, 0.006714, -0.012051, 0.008145, -0.008279, 0.999933, 0.354014, 0.000000, 0.000000, 0.000000, 1.000000, 0.048527, -0.010882, 0.998763, 0.423248, 0.161588, -0.986683, -0.018602, 0.038361, 0.985664, 0.162291, -0.046123, 0.254037, 0.000000, 0.000000, 0.000000, 1.000000, -0.996692, -0.058976, 0.055922, 0.034104, 0.052333, 0.060740, 0.996781, -0.063712, -0.062183, 0.996410, -0.057453, -0.050043, 0.000000, 0.000000, 0.000000, 1.000000
-0.4860, -32.2574, -11.3919, 354.1897, 423.3981, 38.3582, 253.3706, 34.0938, -63.9052, -50.1316, -0.164942, 0.986208, 0.013696, -0.032257, -0.986244, -0.165068, 0.008661, -0.011392, 0.010802, -0.012079, 0.999869, 0.354190, 0.000000, 0.000000, 0.000000, 1.000000, 0.051193, -0.014480, 0.998584, 0.423398, 0.166341, -0.985804, -0.022822, 0.038358, 0.984738, 0.167274, -0.048057, 0.253371, 0.000000, 0.000000, 0.000000, 1.000000, -0.996439, -0.060448, 0.058774, 0.034094, 0.055215, 0.058957, 0.996732, -0.063905, -0.063716, 0.996429, -0.055410, -0.050132, 0.000000, 0.000000, 0.000000, 1.000000
-0.2333, -32.2216, -10.6500, 354.4086, 423.5873, 38.3192, 252.6208, 34.1081, -64.0896, -50.1990, -0.166787, 0.985811, 0.018969, -0.032222, -0.985986, -0.166828, 0.000600, -0.010650, 0.003757, -0.018603, 0.999820, 0.354409, 0.000000, 0.000000, 0.000000, 1.000000, 0.044159, -0.020926, 0.998805, 0.423587, 0.168251, -0.985344, -0.028083, 0.038319, 0.984755, 0.169290, -0.039991, 0.252621, 0.000000, 0.000000, 0.000000, 1.000000, -0.996930, -0.058628, 0.051898, 0.034108, 0.048714, 0.054480, 0.997326, -0.064090, -0.061298, 0.996792, -0.051457, -0.050199, 0.000000, 0.000000, 0.000000, 1.000000
0.0356, -32.2169, -9.9490, 354.8596, 424.0102, 38.3093, 251.9025, 34.0424, -64.0665, -50.3132, -0.171820, 0.985096, 0.008007, -0.032217, -0.985060, -0.171898, 0.010360, -0.009949, 0.011582, -0.006107, 0.999914, 0.354860, 0.000000, 0.000000, 0.000000, 1.000000, 0.051987, -0.008234, 0.998614, 0.424010, 0.173211, -0.984736, -0.017136, 0.038309, 0.983512, 0.173862, -0.049768, 0.251903, 0.000000, 0.000000, 0.000000, 1.000000, -0.996400, -0.058935, 0.060936, 0.034042, 0.056814, 0.069246, 0.995981, -0.064066, -0.062918, 0.995857, -0.065648, -0.050313, 0.000000, 0.000000, 0.000000, 1.000000
0.2709, -32.2163, -9.6937, 355.1400, 424.2802, 38.3058, 251.6363, 33.6230, -64.1410, -50.3703, -0.173904, 0.984761, 0.001946, -0.032216, -0.984733, -0.173913, 0.007372, -0.009694, 0.007598, -0.000634, 0.999971, 0.355140, 0.000000, 0.000000, 0.000000, 1.000000, 0.048013, -0.002683, 0.998843, 0.424280, 0.175330, -0.984447, -0.011072, 0.038306, 0.983338, 0.175659, -0.046796, 0.251636, 0.000000, 0.000000, 0.000000, 1.000000, -0.996701, -0.057032, 0.057740, 0.033623, 0.053295, 0.076609, 0.995636, -0.064141, -0.061207, 0.995429, -0.073316, -0.050370, 0.000000, 0.000000, 0.000000, 1.000000
0.3676, -32.1736, -9.0251, 355.3712, 424.4845, 38.2600, 250.9593, 34.0215, -64.0854, -50.4251, -0.177957, 0.983988, 0.009998, -0.032174, -0.983859, -0.178109, 0.017284, -0.009025, 0.018788, -0.006761, 0.999801, 0.355371, 0.000000, 0.000000, 0.000000, 1.000000, 0.059196, -0.008632, 0.998209, 0.424485, 0.179280, -0.983612, -0.019137, 0.038260, 0.982016, 0.180091, -0.056678, 0.250959, 0.000000, 0.000000, 0.000000, 1.000000, -0.995827, -0.060086, 0.068684, 0.034021, 0.064341, 0.071444, 0.995367, -0.064085, -0.064715, 0.995633, -0.067280, -0.050425, 0.000000, 0.000000, 0.000000, 1.000000
0.6095, -32.1797, -8.6727, 355.3322, 424.4317, 38.2659, 250.6087, 33.6617, -64.4935, -50.4780, -0.179647, 0.983469, 0.022727, -0.032180, -0.983718, -0.179717, 0.001038, -0.008673, 0.005105, -0.022170, 0.999741, 0.355332, 0.000000, 0.000000, 0.000000, 1.000000, 0.045534, -0.023960, 0.998675, 0.424432, 0.181094, -0.982950, -0.031840, 0.038266, 0.982411, 0.182304, -0.040419, 0.250609, 0.000000, 0.000000, 0.000000, 1.000000, -0.996777, -0.058755, 0.054613, 0.033662, 0.051205, 0.058025, 0.997001, -0.064493, -0.061748, 0.996585, -0.054829, -0.050478, 0.000000, 0.000000, 0.000000, 1.000000
0.7247, -32.1630, -7.9924, 355.8865, 424.9586, 38.2431, 249.9071, 34.0299, -64.1468, -50.5899, -0.182969, 0.983038, 0.012585, -0.032163, -0.983110, -0.183007, 0.001940, -0.007992, 0.004211, -0.012018, 0.999919, 0.355887, 0.000000, 0.000000, 0.000000, 1.000000, 0.044646, -0.013682, 0.998909, 0.424959, 0.184423, -0.982607, -0.021702, 0.038243, 0.981832, 0.185191, -0.041346, 0.249907, 0.000000, 0.000000, 0.000000, 1.000000, -0.996724, -0.059760, 0.054505, 0.034030, 0.050335, 0.069188, 0.996333, -0.064147, -0.063312, 0.995812, -0.065954, -0.050590, 0.000000, 0.000000, 0.000000, 1.000000
0.9141, -32.1586, -7.5807, 355.7747, 424.8306, 38.2391, 249.5001, 33.8791, -64.5553, -50.6338, -0.185595, 0.982255, 0.027011, -0.032159, -0.982431, -0.186036, 0.014858, -0.007581, 0.019619, -0.023779, 0.999525, 0.355775, 0.000000, 0.000000, 0.000000, 1.000000, 0.060039, -0.025307, 0.997875, 0.424831, 0.186907, -0.981712, -0.036143, 0.038239, 0.980541, 0.188680, -0.054211, 0.249500, 0.000000, 0.000000, 0.000000, 1.000000, -0.995745, -0.060513, 0.069493, 0.033879, 0.065926, 0.059068, 0.996075, -0.064555, -0.064380, 0.996418, -0.054827, -0.050634, 0.000000, 0.000000, 0.000000, 1.000000
1.1085, -32.0631, -7.0405, 357.1069, 426.1395, 38.1306, 248.9080, 33.9267, -63.5354, -50.7214, -0.186716, 0.982329, -0.012931, -0.032063, -0.982405, -0.186641, 0.006788, -0.007041, 0.004255, 0.013971, 0.999893, 0.357107, 0.000000, 0.000000, 0.000000, 1.000000, 0.044696, 0.012434, 0.998923, 0.426140, 0.188169, -0.982129, 0.003806, 0.038131, 0.981119, 0.187796, -0.046237, 0.248908, 0.000000, 0.000000, 0.000000, 1.000000, -0.996810, -0.056124, 0.056739, 0.033927, 0.051043, 0.098184, 0.993858, -0.063535, -0.061350, 0.993584, -0.095007, -0.050721, 0.000000, 0.000000, 0.000000, 1.000000
1.3102, -32.1132, -6.8081, 356.5795, 425.6039, 38.1852, 248.6965, 33.5326, -64.3691, -50.7646, -0.188181, 0.982090, 0.009311, -0.032113, -0.982102, -0.188243, 0.006301, -0.006808, 0.007941, -0.007958, 0.999937, 0.356580, 0.000000, 0.000000, 0.000000, 1.000000, 0.048381, -0.009411, 0.998785, 0.425604, 0.189600, -0.981688, -0.018434, 0.038185, 0.980669, 0.190261, -0.045710, 0.248696, 0.000000, 0.000000, 0.000000, 1.000000, -0.996669, -0.055729, 0.059543, 0.033533, 0.055108, 0.077993, 0.995430, -0.064369, -0.060118, 0.995395, -0.074662, -0.050765, 0.000000, 0.000000, 0.000000, 1.000000
1.4335, -32.0563, -6.2070, 356.8068, 425.8067, 38.1253, 248.0870, 33.7863, -64.3539, -50.8094, -0.194800, 0.980786, 0.010608, -0.032056, -0.980531, -0.195000, 0.023107, -0.006207, 0.024732, -0.005901, 0.999677, 0.356807, 0.000000, 0.000000, 0.000000, 1.000000, 0.065156, -0.007077, 0.997850, 0.425807, 0.196063, -0.980392, -0.019755, 0.038125, 0.978424, 0.196929, -0.062491, 0.248087, 0.000000, 0.000000, 0.000000, 1.000000, -0.995224, -0.060560, 0.076562, 0.033786, 0.071529, 0.081315, 0.994118, -0.064354, -0.066429, 0.994847, -0.076595, -0.050809, 0.000000, 0.000000, 0.000000, 1.000000
1.5862, -31.9870, -5.4153, 356.9031, 425.8711, 38.0539, 247.2922, 34.1377, -64.5226, -50.8590, -0.196090, 0.980252, 0.025567, -0.031987, -0.980584, -0.195975, -0.006958, -0.005415, -0.001810, -0.026435, 0.999649, 0.356903, 0.000000, 0.000000, 0.000000, 1.000000, 0.038650, -0.027552, 0.998873, 0.425871, 0.197595, -0.979670, -0.034668, 0.038054, 0.979521, 0.198712, -0.032420, 0.247292, 0.000000, 0.000000, 0.000000, 1.000000, -0.996970, -0.060294, 0.049153, 0.034138, 0.045402, 0.062081, 0.997038, -0.064523, -0.063167, 0.996248, -0.059155, -0.050859, 0.000000, 0.000000, 0.000000, 1.000000
1.8354, -31.9433, -4.9472, 357.2438, 426.1926, 38.0064, 246.8112, 33.8946, -64.5698, -50.9177, -0.199186, 0.979619, 0.025921, -0.031943, -0.979926, -0.199334, 0.003236, -0.004947, 0.008337, -0.024756, 0.999659, 0.357244, 0.000000, 0.000000, 0.000000, 1.000000, 0.048790, -0.025735, 0.998477, 0.426193, 0.200597, -0.979047, -0.035037, 0.038006, 0.978458, 0.202001, -0.042605, 0.246811, 0.000000, 0.000000, 0.000000, 1.000000, -0.996421, -0.059735, 0.059809, 0.033895, 0.055853, 0.065840, 0.996266, -0.064570, -0.063450, 0.996041, -0.062268, -0.050918, 0.000000, 0.000000, 0.000000, 1.000000
2.0085, -31.9866, -4.4486, 357.0656, 425.9953, 38.0506, 246.3199, 33.8646, -65.0325, -51.0191, -0.201877, 0.978693, 0.037487, -0.031987, -0.979358, -0.202114, 0.002629, -0.004449, 0.010149, -0.036183, 0.999294, 0.357066, 0.000000, 0.000000, 0.000000, 1.000000, 0.050603, -0.037035, 0.998032, 0.425995, 0.203270, -0.978013, -0.046598, 0.038051, 0.977814, 0.205228, -0.041962, 0.246320, 0.000000, 0.000000, 0.000000, 1.000000, -0.996288, -0.060528, 0.061212, 0.033865, 0.057844, 0.055917, 0.996758, -0.065032, -0.063755, 0.996599, -0.052208, -0.051019, 0.000000, 0.000000, 0.000000, 1.000000
2.2239, -31.8775, -3.7001, 357.8884, 426.7869, 37.9328, 245.5397, 34.0328, -64.5653, -51.0979, -0.205778, 0.978117, 0.030705, -0.031877, -0.978586, -0.205832, -0.001416, -0.003700, 0.004935, -0.030339, 0.999528, 0.357888, 0.000000, 0.000000, 0.000000, 1.000000, 0.045398, -0.031044, 0.998487, 0.426787, 0.207218, -0.977484, -0.039812, 0.037933, 0.977241, 0.208712, -0.037943, 0.245540, 0.000000, 0.000000, 0.000000, 1.000000, -0.996549, -0.060622, 0.056704, 0.034033, 0.052837, 0.063589, 0.996577, -0.064565, -0.064020, 0.996133, -0.060166, -0.051098, 0.000000, 0.000000, 0.000000, 1.000000
2.4502, -31.8551, -3.4792, 358.0167, 426.9062, 37.9090, 245.3139, 33.5977, -64.7771, -51.1270, -0.207899, 0.977996, 0.017367, -0.031855, -0.978055, -0.208094, 0.010269, -0.003479, 0.013657, -0.014851, 0.999796, 0.358017, 0.000000, 0.000000, 0.000000, 1.000000, 0.054111, -0.015478, 0.998415, 0.426906, 0.209258, -0.977501, -0.026495, 0.037909, 0.976362, 0.210360, -0.049655, 0.245314, 0.000000, 0.000000, 0.000000, 1.000000, -0.996055, -0.058513, 0.066709, 0.033598, 0.061874, 0.080875, 0.994802, -0.064777, -0.063604, 0.995005, -0.076935, -0.051127, 0.000000, 0.000000, 0.000000, 1.000000
2.5339, -31.7965, -2.6863, 359.0383, 427.8951, 37.8398, 244.4815, 34.1989, -63.9307, -51.2832, -0.209940, 0.977713, -0.001827, -0.031797, -0.977702, -0.209946, -0.004572, -0.002686, -0.004853, 0.000826, 0.999988, 0.359038, 0.000000, 0.000000, 0.000000, 1.000000, 0.035620, 0.000262, 0.999365, 0.427895, 0.211468, -0.977358, -0.007281, 0.037840, 0.976736, 0.211593, -0.034869, 0.244482, 0.000000, 0.000000, 0.000000, 1.000000, -0.997085, -0.058230, 0.049302, 0.034199, 0.043488, 0.097206, 0.994314, -0.063931, -0.062691, 0.993559, -0.094391, -0.051283, 0.000000, 0.000000, 0.000000, 1.000000
2.7912, -31.8024, -2.3068, 358.5382, 427.3805, 37.8497, 244.1220, 33.7889, -64.8267, -51.3082, -0.213445, 0.976493, 0.030037, -0.031802, -0.976955, -0.213349, -0.006406, -0.002307, 0.000153, -0.030712, 0.999528, 0.358538, 0.000000, 0.000000, 0.000000, 1.000000, 0.040625, -0.031105, 0.998690, 0.427381, 0.214926, -0.975846, -0.039136, 0.037850, 0.975785, 0.216234, -0.032958, 0.244122, 0.000000, 0.000000, 0.000000, 1.000000, -0.996830, -0.059472, 0.052841, 0.033789, 0.048768, 0.067965, 0.996495, -0.064827, -0.062855, 0.995914, -0.064849, -0.051308, 0.000000, 0.000000, 0.000000, 1.000000
2.9406, -31.7390, -1.8670, 358.6009, 427.4252, 37.7851, 243.6802, 33.7974, -65.0050, -51.3232, -0.216027, 0.976057, 0.025394, -0.031739, -0.976368, -0.216111, 0.000614, -0.001867, 0.006088, -0.024661, 0.999677, 0.358601, 0.000000, 0.000000, 0.000000, 1.000000, 0.046555, -0.024946, 0.998604, 0.427425, 0.217452, -0.975461, -0.034506, 0.037785, 0.974960, 0.218755, -0.039988, 0.243680, 0.000000, 0.000000, 0.000000, 1.000000, -0.996457, -0.059606, 0.059334, 0.033797, 0.054783, 0.075284, 0.995656, -0.065005, -0.063814, 0.995379, -0.071752, -0.051323, 0.000000, 0.000000, 0.000000, 1.000000
3.1144, -31.7150, -1.6446, 358.5146, 427.3300, 37.7615, 243.4615, 33.5059, -65.3549, -51.3301, -0.218163, 0.975553, 0.026467, -0.031715, -0.975688, -0.218613, 0.015504, -0.001645, 0.020911, -0.022441, 0.999529, 0.358515, 0.000000, 0.000000, 0.000000, 1.000000, 0.061359, -0.022625, 0.997859, 0.427330, 0.219452, -0.974974, -0.035600, 0.037762, 0.973692, 0.221167, -0.054858, 0.243461, 0.000000, 0.000000, 0.000000, 1.000000, -0.995456, -0.059321, 0.074493, 0.033506, 0.069712, 0.078959, 0.994437, -0.065355, -0.064872, 0.995111, -0.074465, -0.051330, 0.000000, 0.000000, 0.000000, 1.000000
3.2071, -31.6255, -0.9258, 359.0407, 427.8266, 37.6661, 242.7226, 33.9848, -65.0087, -51.4086, -0.222034, 0.974709, 0.025358, -0.031625, -0.975025, -0.222097, -0.000362, -0.000926, 0.005279, -0.024805, 0.999678, 0.359041, 0.000000, 0.000000, 0.000000, 1.000000, 0.045748, -0.024842, 0.998644, 0.427827, 0.223465, -0.974102, -0.034468, 0.037666, 0.973638, 0.224739, -0.039012, 0.242723, 0.000000, 0.000000, 0.000000, 1.000000, -0.996365, -0.061573, 0.058870, 0.033985, 0.054032, 0.077495, 0.995528, -0.065009, -0.065859, 0.995090, -0.073886, -0.051409, 0.000000, 0.000000, 0.000000, 1.000000
3.4341, -31.5878, -0.6633, 359.3308, 428.1057, 37.6254, 242.4489, 33.5993, -65.0634, -51.4490, -0.223040, 0.974636, 0.018386, -0.031588, -0.974809, -0.222984, -0.005068, -0.000663, -0.000840, -0.019053, 0.999818, 0.359331, 0.000000, 0.000000, 0.000000, 1.000000, 0.039635, -0.019059, 0.999032, 0.428106, 0.224526, -0.974080, -0.027491, 0.037625, 0.973662, 0.225398, -0.034329, 0.242449, 0.000000, 0.000000, 0.000000, 1.000000, -0.996847, -0.058600, 0.053502, 0.033599, 0.048416, 0.085013, 0.995203, -0.065063, -0.062867, 0.994655, -0.081908, -0.051449, 0.000000, 0.000000, 0.000000, 1.000000
3.5093, -31.5965, -0.2335, 359.3443, 428.1023, 37.6333, 242.0189, 33.8009, -65.1901, -51.5300, -0.225443, 0.973857, 0.027907, -0.031597, -0.974229, -0.225559, 0.001049, -0.000234, 0.007316, -0.026951, 0.999610, 0.359344, 0.000000, 0.000000, 0.000000, 1.000000, 0.047783, -0.026842, 0.998497, 0.428102, 0.226854, -0.973225, -0.037019, 0.037633, 0.972756, 0.228282, -0.040414, 0.242019, 0.000000, 0.000000, 0.000000, 1.000000, -0.996286, -0.060531, 0.061236, 0.033801, 0.056449, 0.077860, 0.995365, -0.065190, -0.065018, 0.995125, -0.074154, -0.051530, 0.000000, 0.000000, 0.000000, 1.000000
3.7094, -31.5434, 0.3163, 360.3366, 429.0716, 37.5703, 241.4305, 33.8168, -64.5293, -51.6750, -0.228015, 0.973632, 0.007020, -0.031543, -0.973655, -0.228026, 0.000832, 0.000316, 0.002410, -0.006645, 0.999975, 0.360337, 0.000000, 0.000000, 0.000000, 1.000000, 0.042882, -0.006453, 0.999059, 0.429072, 0.229470, -0.973182, -0.016136, 0.037570, 0.972371, 0.229946, -0.040251, 0.241431, 0.000000, 0.000000, 0.000000, 1.000000, -0.996595, -0.058738, 0.057870, 0.033817, 0.051822, 0.099727, 0.993664, -0.064529, -0.064137, 0.993280, -0.096344, -0.051675, 0.000000, 0.000000, 0.000000, 1.000000
3.8760, -31.5371, 0.9767, 359.8727, 428.5820, 37.5672, 240.7890, 33.9526, -65.2780, -51.7352, -0.232314, 0.971651, 0.043866, -0.031537, -0.972613, -0.232414, -0.002871, 0.000977, 0.007406, -0.043332, 0.999033, 0.359873, 0.000000, 0.000000, 0.000000, 1.000000, 0.047871, -0.042919, 0.997931, 0.428582, 0.233721, -0.970860, -0.052966, 0.037567, 0.971124, 0.235773, -0.036445, 0.240789, 0.000000, 0.000000, 0.000000, 1.000000, -0.996170, -0.062851, 0.060789, 0.033953, 0.056713, 0.064715, 0.996291, -0.065278, -0.066551, 0.995923, -0.060902, -0.051735, 0.000000, 0.000000, 0.000000, 1.000000
4.0863, -31.4396, 1.2333, 360.5909, 429.2886, 37.4628, 240.5044, 33.6430, -64.8792, -51.7647, -0.233597, 0.972254, 0.012441, -0.031440, -0.972327, -0.233530, -0.006617, 0.001233, -0.003528, -0.013642, 0.999901, 0.360591, 0.000000, 0.000000, 0.000000, 1.000000, 0.036946, -0.013215, 0.999230, 0.429289, 0.235104, -0.971731, -0.021544, 0.037463, 0.971268, 0.235719, -0.032795, 0.240504, 0.000000, 0.000000, 0.000000, 1.000000, -0.996906, -0.058893, 0.052059, 0.033643, 0.046255, 0.095952, 0.994311, -0.064879, -0.063553, 0.993642, -0.092931, -0.051765, 0.000000, 0.000000, 0.000000, 1.000000
4.1847, -31.3576, 1.9386, 360.4763, 429.1456, 37.3807, 239.8043, 34.0545, -65.1800, -51.7953, -0.238842, 0.970663, 0.027714, -0.031358, -0.970984, -0.239080, 0.005545, 0.001939, 0.012008, -0.025585, 0.999601, 0.360476, 0.000000, 0.000000, 0.000000, 1.000000, 0.052464, -0.024915, 0.998312, 0.429146, 0.240205, -0.970023, -0.036832, 0.037381, 0.969303, 0.241732, -0.044907, 0.239804, 0.000000, 0.000000, 0.000000, 1.000000, -0.995723, -0.063764, 0.066860, 0.034054, 0.061327, 0.085114, 0.994482, -0.065180, -0.069103, 0.994329, -0.080840, -0.051795, 0.000000, 0.000000, 0.000000, 1.000000
4.4240, -31.3658, 2.1556, 360.6735, 429.3341, 37.3869, 239.5797, 33.5733, -65.3476, -51.8690, -0.238882, 0.970665, 0.027282, -0.031366, -0.971027, -0.238970, -0.000067, 0.002156, 0.006455, -0.026507, 0.999628, 0.360674, 0.000000, 0.000000, 0.000000, 1.000000, 0.046918, -0.025840, 0.998564, 0.429334, 0.240296, -0.970017, -0.036392, 0.037387, 0.969565, 0.241658, -0.039302, 0.239580, 0.000000, 0.000000, 0.000000, 1.000000, -0.996292, -0.059974, 0.061686, 0.033573, 0.056408, 0.086035, 0.994694, -0.065348, -0.064963, 0.994485, -0.082333, -0.051869, 0.000000, 0.000000, 0.000000, 1.000000
4.5103, -31.3104, 2.8906, 360.8934, 429.5243, 37.3283, 238.8367, 34.0631, -65.3047, -51.9699, -0.241748, 0.969567, 0.038710, -0.031310, -0.970338, -0.241511, -0.010753, 0.002891, -0.001077, -0.040161, 0.999193, 0.360893, 0.000000, 0.000000, 0.000000, 1.000000, 0.039391, -0.039373, 0.998448, 0.429524, 0.243229, -0.968790, -0.047799, 0.037328, 0.969169, 0.244734, -0.028585, 0.238837, 0.000000, 0.000000, 0.000000, 1.000000, -0.996640, -0.062098, 0.053412, 0.034063, 0.048821, 0.073237, 0.996119, -0.065305, -0.065769, 0.995379, -0.069959, -0.051970, 0.000000, 0.000000, 0.000000, 1.000000
4.7755, -31.1196, 3.5520, 361.1699, 429.7727, 37.1340, 238.1653, 33.9811, -65.4468, -51.9397, -0.246198, 0.968697, 0.031820, -0.031120, -0.969219, -0.246042, -0.008786, 0.003552, -0.000681, -0.033003, 0.999455, 0.361170, 0.000000, 0.000000, 0.000000, 1.000000, 0.039782, -0.032035, 0.998695, 0.429773, 0.247673, -0.967979, -0.040915, 0.037134, 0.968026, 0.248978, -0.030574, 0.238165, 0.000000, 0.000000, 0.000000, 1.000000, -0.996572, -0.062159, 0.054586, 0.033981, 0.049365, 0.082644, 0.995356, -0.065447, -0.066382, 0.994639, -0.079293, -0.051940, 0.000000, 0.000000, 0.000000, 1.000000
5.0093, -31.1297, 3.7631, 361.4098, 430.0042, 37.1415, 237.9448, 33.5109, -65.5649, -52.0209, -0.247948, 0.968216, 0.032844, -0.031130, -0.968743, -0.248068, -0.000435, 0.003763, 0.007727, -0.031925, 0.999460, 0.361410, 0.000000, 0.000000, 0.000000, 1.000000, 0.048180, -0.030873, 0.998361, 0.430004, 0.249346, -0.967505, -0.041952, 0.037142, 0.967215, 0.250958, -0.038917, 0.237945, 0.000000, 0.000000, 0.000000, 1.000000, -0.996152, -0.060526, 0.063381, 0.033511, 0.058082, 0.085624, 0.994633, -0.065565, -0.065628, 0.994487, -0.081779, -0.052021, 0.000000, 0.000000, 0.000000, 1.000000
5.0917, -31.0597, 4.5828, 362.0406, 430.6015, 37.0645, 237.1011, 34.1213, -65.1155, -52.1776, -0.250382, 0.967361, 0.039002, -0.031060, -0.968147, -0.250147, -0.010865, 0.004583, -0.000754, -0.040481, 0.999180, 0.362041, 0.000000, 0.000000, 0.000000, 1.000000, 0.039705, -0.039331, 0.998437, 0.430601, 0.251856, -0.966569, -0.048092, 0.037065, 0.966950, 0.253371, -0.028472, 0.237101, 0.000000, 0.000000, 0.000000, 1.000000, -0.996593, -0.061934, 0.054463, 0.034121, 0.049578, 0.077850, 0.995732, -0.065116, -0.065910, 0.995039, -0.074514, -0.052178, 0.000000, 0.000000, 0.000000, 1.000000
5.3539, -31.0360, 4.6998, 361.6471, 430.2035, 37.0443, 236.9997, 33.4445, -65.8927, -52.1376, -0.252678, 0.966474, 0.045620, -0.031036, -0.967373, -0.253252, 0.007196, 0.004700, 0.018509, -0.042313, 0.998933, 0.361647, 0.000000, 0.000000, 0.000000, 1.000000, 0.058942, -0.041032, 0.997418, 0.430204, 0.253975, -0.965661, -0.054734, 0.037044, 0.965413, 0.256545, -0.046497, 0.237000, 0.000000, 0.000000, 0.000000, 1.000000, -0.995387, -0.061165, 0.073910, 0.033445, 0.069042, 0.078208, 0.994543, -0.065893, -0.066612, 0.995059, -0.073625, -0.052138, 0.000000, 0.000000, 0.000000, 1.000000
5.4367, -30.9020, 5.5589, 363.2318, 431.7518, 36.8945, 236.0790, 34.1593, -64.4964, -52.3572, -0.254986, 0.966883, 0.010955, -0.030902, -0.966938, -0.254924, -0.006746, 0.005559, -0.003730, -0.012313, 0.999917, 0.363232, 0.000000, 0.000000, 0.000000, 1.000000, 0.036726, -0.010995, 0.999265, 0.431752, 0.256485, -0.966340, -0.020059, 0.036895, 0.965850, 0.257033, -0.032670, 0.236079, 0.000000, 0.000000, 0.000000, 1.000000, -0.996775, -0.059686, 0.053647, 0.034159, 0.046929, 0.108763, 0.992959, -0.064496, -0.065101, 0.992274, -0.105612, -0.052357, 0.000000, 0.000000, 0.000000, 1.000000
5.7120, -30.8318, 5.9541, 362.5888, 431.0931, 36.8296, 235.7096, 33.7099, -65.5580, -52.2968, -0.259217, 0.965322, 0.030975, -0.030832, -0.965814, -0.259189, -0.004994, 0.005954, 0.003208, -0.031211, 0.999508, 0.362589, 0.000000, 0.000000, 0.000000, 1.000000, 0.043652, -0.029694, 0.998605, 0.431093, 0.260651, -0.964601, -0.040077, 0.036830, 0.964446, 0.262037, -0.034367, 0.235710, 0.000000, 0.000000, 0.000000, 1.000000, -0.996350, -0.060966, 0.059741, 0.033710, 0.053967, 0.092329, 0.994265, -0.065558, -0.066132, 0.993860, -0.088702, -0.052297, 0.000000, 0.000000, 0.000000, 1.000000
5.8682, -30.8601, 6.4287, 362.9061, 431.3917, 36.8543, 235.2229, 33.7247, -65.5122, -52.4588, -0.262091, 0.964145, 0.041634, -0.030860, -0.965031, -0.262061, -0.006282, 0.006429, 0.004854, -0.041825, 0.999113, 0.362906, 0.000000, 0.000000, 0.000000, 1.000000, 0.045292, -0.040176, 0.998166, 0.431392, 0.263508, -0.963322, -0.050730, 0.036854, 0.963593, 0.265323, -0.033044, 0.235223, 0.000000, 0.000000, 0.000000, 1.000000, -0.996205, -0.062193, 0.060893, 0.033725, 0.055629, 0.083123, 0.994985, -0.065512, -0.066943, 0.994597, -0.079348, -0.052459, 0.000000, 0.000000, 0.000000, 1.000000
6.0269, -30.7170, 6.7314, 363.1552, 431.6274, 36.7084, 234.9108, 33.5964, -65.5050, -52.4132, -0.261821, 0.964685, 0.028854, -0.030717, -0.965100, -0.261523, -0.013740, 0.006731, -0.005709, -0.031445, 0.999489, 0.363155, 0.000000, 0.000000, 0.000000, 1.000000, 0.034737, -0.029830, 0.998951, 0.431627, 0.263335, -0.963958, -0.037942, 0.036708, 0.964079, 0.264377, -0.025630, 0.234911, 0.000000, 0.000000, 0.000000, 1.000000, -0.996972, -0.058471, 0.051271, 0.033596, 0.045591, 0.094644, 0.994467, -0.065505, -0.063000, 0.993793, -0.091691, -0.052413, 0.000000, 0.000000, 0.000000, 1.000000
6.1211, -30.6494, 7.3889, 363.2402, 431.6858, 36.6390, 234.2506, 33.9784, -65.6050, -52.4909, -0.266301, 0.963416, 0.030225, -0.030649, -0.963889, -0.266200, -0.007400, 0.007389, 0.000916, -0.031104, 0.999516, 0.363240, 0.000000, 0.000000, 0.000000, 1.000000, 0.041350, -0.029294, 0.998715, 0.431686, 0.267753, -0.962685, -0.039323, 0.036639, 0.962600, 0.269035, -0.031964, 0.234251, 0.000000, 0.000000, 0.000000, 1.000000, -0.996407, -0.061808, 0.057905, 0.033978, 0.051815, 0.095956, 0.994036, -0.065605, -0.066996, 0.993465, -0.092408, -0.052491, 0.000000, 0.000000, 0.000000, 1.000000
6.3734, -30.6040, 7.5301, 362.8124, 431.2524, 36.5973, 234.1265, 33.3548, -66.4019, -52.4271, -0.268261, 0.961681, 0.056625, -0.030604, -0.963248, -0.268609, -0.001508, 0.007530, 0.013760, -0.054949, 0.998394, 0.362812, 0.000000, 0.000000, 0.000000, 1.000000, 0.054176, -0.053008, 0.997123, 0.431252, 0.269594, -0.960729, -0.065721, 0.036597, 0.961449, 0.272379, -0.037757, 0.234126, 0.000000, 0.000000, 0.000000, 1.000000, -0.995649, -0.061994, 0.069565, 0.033355, 0.064903, 0.074294, 0.995122, -0.066402, -0.066859, 0.995308, -0.069947, -0.052427, 0.000000, 0.000000, 0.000000, 1.000000
6.4600, -30.4673, 8.3514, 364.1355, 432.5407, 36.4474, 233.2539, 34.0073, -65.2714, -52.6299, -0.271339, 0.962174, 0.024438, -0.030467, -0.962459, -0.271063, -0.014022, 0.008351, -0.006867, -0.027325, 0.999603, 0.364136, 0.000000, 0.000000, 0.000000, 1.000000, 0.033563, -0.025315, 0.999116, 0.432541, 0.272859, -0.961470, -0.033527, 0.036447, 0.961468, 0.273743, -0.025362, 0.233254, 0.000000, 0.000000, 0.000000, 1.000000, -0.996828, -0.061296, 0.050752, 0.034007, 0.044287, 0.102577, 0.993739, -0.065271, -0.066118, 0.992835, -0.099537, -0.052630, 0.000000, 0.000000, 0.000000, 1.000000
6.7061, -30.4905, 8.5223, 363.7022, 432.1012, 36.4742, 233.1002, 33.4153, -66.0754, -52.6382, -0.273545, 0.960822, 0.044669, -0.030490, -0.961854, -0.273400, -0.009434, 0.008522, 0.003148, -0.045546, 0.998957, 0.363702, 0.000000, 0.000000, 0.000000, 1.000000, 0.043565, -0.043416, 0.998107, 0.432101, 0.274973, -0.959948, -0.053758, 0.036474, 0.960465, 0.276794, -0.029882, 0.233100, 0.000000, 0.000000, 0.000000, 1.000000, -0.996331, -0.061102, 0.059923, 0.033415, 0.054525, 0.086479, 0.994760, -0.066075, -0.065964, 0.994378, -0.082830, -0.052638, 0.000000, 0.000000, 0.000000, 1.000000
6.8142, -30.3295, 9.3321, 364.5344, 432.8993, 36.3045, 232.2585, 33.9695, -65.4598, -52.7605, -0.275328, 0.960703, 0.035277, -0.030330, -0.961349, -0.275093, -0.011451, 0.009332, -0.001296, -0.037067, 0.999312, 0.364534, 0.000000, 0.000000, 0.000000, 1.000000, 0.039121, -0.034876, 0.998626, 0.432899, 0.276795, -0.959904, -0.044367, 0.036304, 0.960132, 0.278151, -0.027899, 0.232258, 0.000000, 0.000000, 0.000000, 1.000000, -0.996585, -0.060584, 0.056110, 0.033969, 0.050146, 0.095836, 0.994133, -0.065460, -0.065606, 0.993552, -0.092471, -0.052761, 0.000000, 0.000000, 0.000000, 1.000000
7.0462, -30.2711, 9.8736, 364.1898, 432.5331, 36.2483, 231.7311, 33.8021, -66.1788, -52.7791, -0.281380, 0.958280, 0.050246, -0.030271, -0.959524, -0.281615, -0.002497, 0.009874, 0.011758, -0.048915, 0.998734, 0.364190, 0.000000, 0.000000, 0.000000, 1.000000, 0.052147, -0.046435, 0.997559, 0.432533, 0.282726, -0.957363, -0.059344, 0.036248, 0.957782, 0.285130, -0.036795, 0.231731, 0.000000, 0.000000, 0.000000, 1.000000, -0.995562, -0.064552, 0.068474, 0.033802, 0.062799, 0.086186, 0.994298, -0.066179, -0.070085, 0.994186, -0.081750, -0.052779, 0.000000, 0.000000, 0.000000, 1.000000
7.2536, -30.1791, 10.1408, 364.0200, 432.3521, 36.1574, 231.4709, 33.4581, -66.6612, -52.7283, -0.282174, 0.958046, 0.050250, -0.030179, -0.959360, -0.281922, -0.012174, 0.010141, 0.002503, -0.051643, 0.998662, 0.364020, 0.000000, 0.000000, 0.000000, 1.000000, 0.042901, -0.049147, 0.997870, 0.432352, 0.283603, -0.957104, -0.059332, 0.036157, 0.957982, 0.285544, -0.027122, 0.231471, 0.000000, 0.000000, 0.000000, 1.000000, -0.996316, -0.061829, 0.059419, 0.033458, 0.054055, 0.085085, 0.994906, -0.066661, -0.066570, 0.994453, -0.081430, -0.052728, 0.000000, 0.000000, 0.000000, 1.000000
7.3556, -30.0820, 10.8633, 364.5212, 432.8235, 36.0547, 230.7295, 33.9100, -66.3664, -52.8591, -0.285485, 0.956808, 0.054924, -0.030082, -0.958383, -0.285043, -0.015898, 0.010863, 0.000445, -0.057177, 0.998364, 0.364521, 0.000000, 0.000000, 0.000000, 1.000000, 0.040835, -0.054542, 0.997676, 0.432824, 0.286932, -0.955811, -0.063998, 0.036055, 0.957080, 0.288879, -0.023381, 0.230730, 0.000000, 0.000000, 0.000000, 1.000000, -0.996327, -0.063884, 0.057026, 0.033910, 0.051810, 0.080529, 0.995405, -0.066366, -0.068183, 0.994703, -0.076923, -0.052859, 0.000000, 0.000000, 0.000000, 1.000000
7.6133, -30.0480, 11.1051, 364.9598, 433.2519, 36.0164, 230.4706, 33.4158, -66.3251, -52.9429, -0.286521, 0.956993, 0.045491, -0.030048, -0.958068, -0.286367, -0.010007, 0.011105, 0.003451, -0.046451, 0.998915, 0.364960, 0.000000, 0.000000, 0.000000, 1.000000, 0.043836, -0.043774, 0.998079, 0.433252, 0.287940, -0.956092, -0.054579, 0.036016, 0.956645, 0.289780, -0.029307, 0.230471, 0.000000, 0.000000, 0.000000, 1.000000, -0.996301, -0.060460, 0.061068, 0.033416, 0.055274, 0.093264, 0.994106, -0.066325, -0.065799, 0.993804, -0.089577, -0.052943, 0.000000, 0.000000, 0.000000, 1.000000
7.7251, -29.9237, 11.9471, 365.5468, 433.8040, 35.8854, 229.6064, 33.9664, -65.9682, -53.0915, -0.290028, 0.955902, 0.046218, -0.029924, -0.956882, -0.288835, -0.030825, 0.011947, -0.016116, -0.053165, 0.998456, 0.365547, 0.000000, 0.000000, 0.000000, 1.000000, 0.024270, -0.050376, 0.998435, 0.433804, 0.291623, -0.954935, -0.055270, 0.035885, 0.956225, 0.292508, -0.008485, 0.229606, 0.000000, 0.000000, 0.000000, 1.000000, -0.997241, -0.061769, 0.041172, 0.033966, 0.035676, 0.087577, 0.995519, -0.065968, -0.065097, 0.994241, -0.085132, -0.053092, 0.000000, 0.000000, 0.000000, 1.000000
7.9462, -29.8561, 12.0961, 366.0034, 434.2539, 35.8134, 229.4397, 33.4973, -65.8451, -53.1274, -0.291918, 0.955827, 0.034333, -0.029856, -0.956432, -0.291550, -0.015394, 0.012096, -0.004704, -0.037331, 0.999292, 0.366003, 0.000000, 0.000000, 0.000000, 1.000000, 0.035672, -0.034446, 0.998770, 0.434254, 0.293409, -0.955001, -0.043416, 0.035813, 0.955321, 0.294596, -0.023960, 0.229440, 0.000000, 0.000000, 0.000000, 1.000000, -0.996748, -0.060005, 0.053789, 0.033497, 0.047273, 0.105172, 0.993330, -0.065845, -0.065262, 0.992642, -0.101993, -0.053127, 0.000000, 0.000000, 0.000000, 1.000000
8.0618, -29.7158, 12.6797, 365.5280, 433.7545, 35.6766, 228.8754, 33.7253, -66.5196, -53.0603, -0.295993, 0.953679, 0.053716, -0.029716, -0.955108, -0.296238, -0.003518, 0.012680, 0.012557, -0.052346, 0.998550, 0.365528, 0.000000, 0.000000, 0.000000, 1.000000, 0.052904, -0.049245, 0.997385, 0.433754, 0.297324, -0.952709, -0.062810, 0.035677, 0.953310, 0.299869, -0.035760, 0.228875, 0.000000, 0.000000, 0.000000, 1.000000, -0.995480, -0.064166, 0.070013, 0.033725, 0.064001, 0.091388, 0.993757, -0.066520, -0.070163, 0.993746, -0.086868, -0.053060, 0.000000, 0.000000, 0.000000, 1.000000
8.2613, -29.6200, 13.4550, 366.3483, 434.5427, 35.5722, 228.0687, 33.9568, -66.0599, -53.2645, -0.297887, 0.953583, 0.044066, -0.029620, -0.954600, -0.297502, -0.015206, 0.013455, -0.001390, -0.046595, 0.998913, 0.366348, 0.000000, 0.000000, 0.000000, 1.000000, 0.038965, -0.043448, 0.998296, 0.434543, 0.299344, -0.952664, -0.053146, 0.035572, 0.953349, 0.300905, -0.024115, 0.228069, 0.000000, 0.000000, 0.000000, 1.000000, -0.996466, -0.061946, 0.056733, 0.033957, 0.050447, 0.098714, 0.993836, -0.066060, -0.067165, 0.993186, -0.095240, -0.053265, 0.000000, 0.000000, 0.000000, 1.000000
8.5133, -29.5936, 13.6201, 365.8087, 433.9968, 35.5504, 227.9250, 33.3401, -66.9734, -53.2047, -0.300992, 0.951506, 0.063558, -0.029594, -0.953546, -0.301163, -0.007104, 0.013620, 0.012382, -0.062744, 0.997953, 0.365809, 0.000000, 0.000000, 0.000000, 1.000000, 0.052712, -0.059420, 0.996840, 0.433997, 0.302322, -0.950434, -0.072641, 0.035550, 0.951747, 0.305195, -0.032136, 0.227925, 0.000000, 0.000000, 0.000000, 1.000000, -0.995577, -0.063043, 0.069654, 0.033340, 0.064198, 0.084786, 0.994329, -0.066973, -0.068591, 0.994403, -0.080364, -0.053205, 0.000000, 0.000000, 0.000000, 1.000000
8.6111, -29.4629, 14.4224, 366.8025, 434.9569, 35.4094, 227.0843, 33.9198, -66.1932, -53.4114, -0.303788, 0.951558, 0.047444, -0.029463, -0.952737, -0.303300, -0.017343, 0.014422, -0.002113, -0.050470, 0.998723, 0.366802, 0.000000, 0.000000, 0.000000, 1.000000, 0.038223, -0.047073, 0.998160, 0.434957, 0.305249, -0.950594, -0.056519, 0.035409, 0.951505, 0.306847, -0.021965, 0.227084, 0.000000, 0.000000, 0.000000, 1.000000, -0.996453, -0.062822, 0.055996, 0.033920, 0.049685, 0.097869, 0.993958, -0.066193, -0.067923, 0.993215, -0.094400, -0.053411, 0.000000, 0.000000, 0.000000, 1.000000
8.8614, -29.2812, 15.0394, 366.5840, 434.7126, 35.2287, 226.4768, 33.8036, -66.8102, -53.3560, -0.308619, 0.948983, 0.064695, -0.029281, -0.951131, -0.308617, -0.010274, 0.015039, 0.010216, -0.064705, 0.997852, 0.366584, 0.000000, 0.000000, 0.000000, 1.000000, 0.050522, -0.061063, 0.996854, 0.434713, 0.309965, -0.947882, -0.073772, 0.035229, 0.949405, 0.312717, -0.028961, 0.226477, 0.000000, 0.000000, 0.000000, 1.000000, -0.995565, -0.065565, 0.067469, 0.033804, 0.061731, 0.085922, 0.994388, -0.066810, -0.070994, 0.994142, -0.081494, -0.053356, 0.000000, 0.000000, 0.000000, 1.000000
9.0929, -29.1422, 15.8554, 367.8465, 435.9407, 35.0770, 225.6119, 34.0164, -65.9625, -53.6095, -0.310472, 0.949378, 0.047829, -0.029142, -0.950567, -0.309784, -0.021373, 0.015855, -0.005474, -0.052100, 0.998627, 0.367847, 0.000000, 0.000000, 0.000000, 1.000000, 0.034839, -0.048426, 0.998219, 0.435941, 0.311960, -0.948390, -0.056896, 0.035077, 0.949456, 0.313386, -0.017934, 0.225612, 0.000000, 0.000000, 0.000000, 1.000000, -0.996659, -0.062202, 0.052931, 0.034016, 0.046522, 0.100313, 0.993868, -0.065963, -0.067130, 0.993010, -0.097084, -0.053610, 0.000000, 0.000000, 0.000000, 1.000000
9.3386, -29.0893, 16.0069, 367.3682, 435.4563, 35.0282, 225.4795, 33.4154, -66.8016, -53.5288, -0.313858, 0.947924, 0.054161, -0.029089, -0.949463, -0.313554, -0.014253, 0.016007, 0.003472, -0.055898, 0.998430, 0.367368, 0.000000, 0.000000, 0.000000, 1.000000, 0.043765, -0.052059, 0.997685, 0.435456, 0.315263, -0.946895, -0.063238, 0.035028, 0.947995, 0.317300, -0.025028, 0.225480, 0.000000, 0.000000, 0.000000, 1.000000, -0.996124, -0.062604, 0.061787, 0.033415, 0.055430, 0.098635, 0.993579, -0.066802, -0.068296, 0.993153, -0.094783, -0.053529, 0.000000, 0.000000, 0.000000, 1.000000
9.4318, -28.9609, 16.8398, 368.3777, 436.4309, 34.8894, 224.6077, 34.0372, -66.0064, -53.7645, -0.316462, 0.947790, 0.039315, -0.028961, -0.948465, -0.315431, -0.030285, 0.016840, -0.016303, -0.046873, 0.998768, 0.368378, 0.000000, 0.000000, 0.000000, 1.000000, 0.023990, -0.042967, 0.998788, 0.436431, 0.318045, -0.946841, -0.048371, 0.034889, 0.947772, 0.318820, -0.009050, 0.224608, 0.000000, 0.000000, 0.000000, 1.000000, -0.997137, -0.062436, 0.042655, 0.034037, 0.035709, 0.108422, 0.993463, -0.066006, -0.066652, 0.992142, -0.105882, -0.053765, 0.000000, 0.000000, 0.000000, 1.000000
9.6935, -28.8052, 17.3627, 367.9691, 436.0007, 34.7366, 224.1016, 33.7768, -66.8236, -53.6888, -0.320685, 0.944856, 0.066392, -0.028805, -0.947140, -0.320573, -0.012627, 0.017363, 0.009353, -0.066931, 0.997714, 0.367969, 0.000000, 0.000000, 0.000000, 1.000000, 0.049611, -0.062779, 0.996794, 0.436001, 0.322032, -0.943716, -0.075464, 0.034737, 0.945428, 0.324744, -0.026602, 0.224102, 0.000000, 0.000000, 0.000000, 1.000000, -0.995610, -0.065304, 0.067055, 0.033777, 0.060992, 0.090776, 0.994002, -0.066824, -0.071000, 0.993728, -0.086394, -0.053689, 0.000000, 0.000000, 0.000000, 1.000000
9.9385, -28.7275, 17.5975, 367.9658, 435.9874, 34.6586, 223.8672, 33.2941, -67.1978, -53.6759, -0.322118, 0.944380, 0.066225, -0.028728, -0.946698, -0.321206, -0.024286, 0.017598, -0.001663, -0.070518, 0.997509, 0.367966, 0.000000, 0.000000, 0.000000, 1.000000, 0.038600, -0.066334, 0.997051, 0.435987, 0.323565, -0.943207, -0.075278, 0.034659, 0.945418, 0.325516, -0.014944, 0.223867, 0.000000, 0.000000, 0.000000, 1.000000, -0.996466, -0.062437, 0.056181, 0.033294, 0.050499, 0.089127, 0.994739, -0.067198, -0.067116, 0.994061, -0.085659, -0.053676, 0.000000, 0.000000, 0.000000, 1.000000
10.0233, -28.5870, 18.2876, 368.4543, 436.4469, 34.5126, 223.1586, 33.7725, -66.8913, -53.7942, -0.325135, 0.943487, 0.064189, -0.028587, -0.945663, -0.324607, -0.018780, 0.018288, 0.003118, -0.066807, 0.997761, 0.368454, 0.000000, 0.000000, 0.000000, 1.000000, 0.043363, -0.062483, 0.997104, 0.436447, 0.326536, -0.942342, -0.073252, 0.034513, 0.944190, 0.328766, -0.020460, 0.223159, 0.000000, 0.000000, 0.000000, 1.000000, -0.996053, -0.064390, 0.061099, 0.033772, 0.054924, 0.093663, 0.994088, -0.066891, -0.069732, 0.993520, -0.089757, -0.053794, 0.000000, 0.000000, 0.000000, 1.000000
10.2634, -28.5442, 18.5009, 368.3481, 436.3321, 34.4704, 222.9498, 33.2661, -67.3631, -53.7938, -0.327239, 0.942708, 0.064926, -0.028544, -0.944934, -0.326728, -0.018640, 0.018501, 0.003641, -0.067451, 0.997716, 0.368348, 0.000000, 0.000000, 0.000000, 1.000000, 0.043876, -0.063035, 0.997046, 0.436332, 0.328635, -0.941555, -0.073989, 0.034470, 0.943437, 0.330910, -0.020596, 0.222950, 0.000000, 0.000000, 0.000000, 1.000000, -0.996101, -0.062927, 0.061824, 0.033266, 0.055688, 0.094990, 0.993919, -0.067363, -0.068417, 0.993487, -0.091116, -0.053794, 0.000000, 0.000000, 0.000000, 1.000000
10.3616, -28.3889, 19.3326, 369.0754, 437.0246, 34.3073, 222.0904, 33.8611, -66.8535, -53.9776, -0.329746, 0.941925, 0.063601, -0.028389, -0.944011, -0.328222, -0.033375, 0.019333, -0.010562, -0.071045, 0.997417, 0.369075, 0.000000, 0.000000, 0.000000, 1.000000, 0.029671, -0.066561, 0.997341, 0.437025, 0.331269, -0.940736, -0.072639, 0.034307, 0.943070, 0.332544, -0.005863, 0.222090, 0.000000, 0.000000, 0.000000, 1.000000, -0.996869, -0.063266, 0.047430, 0.033861, 0.041480, 0.092250, 0.994872, -0.066853, -0.067317, 0.993724, -0.089337, -0.053978, 0.000000, 0.000000, 0.000000, 1.000000
10.6135, -28.2258, 19.8355, 368.9284, 436.8564, 34.1447, 221.5940, 33.6277, -67.3968, -53.9335, -0.333508, 0.939927, 0.072867, -0.028226, -0.942733, -0.332935, -0.020232, 0.019835, 0.005243, -0.075441, 0.997136, 0.368928, 0.000000, 0.000000, 0.000000, 1.000000, 0.045447, -0.070749, 0.996458, 0.436856, 0.334885, -0.938691, -0.081921, 0.034145, 0.941162, 0.337422, -0.018968, 0.221594, 0.000000, 0.000000, 0.000000, 1.000000, -0.995916, -0.064679, 0.062991, 0.033628, 0.057039, 0.090074, 0.994300, -0.067397, -0.069984, 0.993833, -0.086017, -0.053934, 0.000000, 0.000000, 0.000000, 1.000000
10.9861, -28.0492, 20.7398, 370.6350, 438.5243, 33.9512, 220.6234, 33.5377, -66.3326, -54.2884, -0.335764, 0.940813, 0.046193, -0.028049, -0.941834, -0.334562, -0.031889, 0.020740, -0.014547, -0.054213, 0.998423, 0.370635, 0.000000, 0.000000, 0.000000, 1.000000, 0.025658, -0.049482, 0.998445, 0.438524, 0.337320, -0.939768, -0.055243, 0.033951, 0.941040, 0.338213, -0.007421, 0.220623, 0.000000, 0.000000, 0.000000, 1.000000, -0.997252, -0.058836, 0.045027, 0.033538, 0.038089, 0.114139, 0.992734, -0.066333, -0.063548, 0.991721, -0.111584, -0.054288, 0.000000, 0.000000, 0.000000, 1.000000
11.1037, -27.9963, 20.8240, 369.7206, 437.6068, 33.9065, 220.5755, 33.2254, -67.4061, -54.1114, -0.339089, 0.938149, 0.069967, -0.027996, -0.940754, -0.338082, -0.026125, 0.020824, -0.000854, -0.074681, 0.997207, 0.369721, 0.000000, 0.000000, 0.000000, 1.000000, 0.039327, -0.069770, 0.996788, 0.437607, 0.340518, -0.936912, -0.079014, 0.033907, 0.939415, 0.342531, -0.013088, 0.220575, 0.000000, 0.000000, 0.000000, 1.000000, -0.996402, -0.062403, 0.057346, 0.033225, 0.051274, 0.094893, 0.994166, -0.067406, -0.067481, 0.993530, -0.091352, -0.054111, 0.000000, 0.000000, 0.000000, 1.000000
11.1905, -27.8450, 21.6467, 370.1729, 438.0249, 33.7498, 219.7358, 33.8242, -67.1546, -54.2662, -0.343462, 0.936288, 0.073478, -0.027845, -0.939116, -0.341579, -0.037209, 0.021647, -0.009740, -0.081784, 0.996602, 0.370173, 0.000000, 0.000000, 0.000000, 1.000000, 0.030424, -0.076713, 0.996589, 0.438025, 0.344969, -0.934981, -0.082502, 0.033750, 0.938121, 0.346303, -0.001982, 0.219736, 0.000000, 0.000000, 0.000000, 1.000000, -0.996713, -0.065367, 0.047851, 0.033824, 0.041961, 0.088681, 0.995176, -0.067155, -0.069295, 0.993913, -0.085646, -0.054266, 0.000000, 0.000000, 0.000000, 1.000000
11.4548, -27.7476, 21.9393, 370.8441, 438.6831, 33.6459, 219.4172, 33.3852, -66.8988, -54.3691, -0.341463, 0.938505, 0.051102, -0.027748, -0.939730, -0.339878, -0.037295, 0.021939, -0.017633, -0.060757, 0.997997, 0.370844, 0.000000, 0.000000, 0.000000, 1.000000, 0.022543, -0.055790, 0.998188, 0.438683, 0.343044, -0.937392, -0.060139, 0.033646, 0.939049, 0.343778, -0.001993, 0.219417, 0.000000, 0.000000, 0.000000, 1.000000, -0.997460, -0.057655, 0.041826, 0.033385, 0.035198, 0.111538, 0.993137, -0.066899, -0.061925, 0.992086, -0.109225, -0.054369, 0.000000, 0.000000, 0.000000, 1.000000
11.5616, -27.5877, 22.4281, 370.0347, 437.8537, 33.4926, 218.9609, 33.5279, -67.8816, -54.2167, -0.348814, 0.934242, 0.074301, -0.027588, -0.937190, -0.347564, -0.029554, 0.022428, -0.001786, -0.079943, 0.996798, 0.370035, 0.000000, 0.000000, 0.000000, 1.000000, 0.038343, -0.074618, 0.996475, 0.437854, 0.350246, -0.932943, -0.083338, 0.033493, 0.935873, 0.352206, -0.009637, 0.218961, 0.000000, 0.000000, 0.000000, 1.000000, -0.996261, -0.065766, 0.056024, 0.033528, 0.049731, 0.093707, 0.994357, -0.067882, -0.070644, 0.993425, -0.090086, -0.054217, 0.000000, 0.000000, 0.000000, 1.000000
11.7960, -27.5669, 22.7908, 370.7565, 438.5604, 33.4647, 218.5701, 33.2240, -67.5522, -54.4213, -0.349144, 0.933978, 0.076047, -0.027567, -0.936999, -0.346971, -0.040545, 0.022791, -0.011482, -0.085412, 0.996280, 0.370757, 0.000000, 0.000000, 0.000000, 1.000000, 0.028651, -0.080104, 0.996375, 0.438560, 0.350664, -0.932630, -0.085063, 0.033465, 0.936063, 0.351829, 0.001369, 0.218570, 0.000000, 0.000000, 0.000000, 1.000000, -0.996999, -0.061959, 0.046406, 0.033224, 0.040723, 0.090033, 0.995106, -0.067552, -0.065834, 0.994010, -0.087240, -0.054421, 0.000000, 0.000000, 0.000000, 1.000000
11.8815, -27.3574, 23.3461, 370.5310, 438.3112, 33.2564, 218.0245, 33.5453, -67.9298, -54.3407, -0.352864, 0.932298, 0.079424, -0.027357, -0.935664, -0.351992, -0.025192, 0.023346, 0.004470, -0.083204, 0.996523, 0.370531, 0.000000, 0.000000, 0.000000, 1.000000, 0.044571, -0.077685, 0.995981, 0.438311, 0.354236, -0.930962, -0.088466, 0.033256, 0.934093, 0.356756, -0.013975, 0.218025, 0.000000, 0.000000, 0.000000, 1.000000, -0.995895, -0.065768, 0.062198, 0.033545, 0.055931, 0.093170, 0.994078, -0.067930, -0.071173, 0.993476, -0.089109, -0.054341, 0.000000, 0.000000, 0.000000, 1.000000
12.1096, -27.1896, 24.1514, 371.6723, 439.4183, 33.0770, 217.1752, 33.7520, -67.2073, -54.6088, -0.354908, 0.932414, 0.068153, -0.027190, -0.934831, -0.353041, -0.038131, 0.024151, -0.011493, -0.077245, 0.996946, 0.371672, 0.000000, 0.000000, 0.000000, 1.000000, 0.028607, -0.071690, 0.997017, 0.439418, 0.356425, -0.931131, -0.077179, 0.033077, 0.933886, 0.357569, -0.001084, 0.217175, 0.000000, 0.000000, 0.000000, 1.000000, -0.996924, -0.062794, 0.046908, 0.033752, 0.040418, 0.100918, 0.994073, -0.067207, -0.067156, 0.992911, -0.098070, -0.054609, 0.000000, 0.000000, 0.000000, 1.000000
12.3803, -27.1373, 24.3022, 371.4138, 439.1537, 33.0268, 217.0348, 33.0845, -67.8677, -54.5589, -0.356822, 0.930661, 0.080920, -0.027137, -0.934148, -0.354851, -0.038044, 0.024302, -0.006692, -0.089166, 0.995994, 0.371414, 0.000000, 0.000000, 0.000000, 1.000000, 0.033394, -0.083514, 0.995947, 0.439154, 0.358294, -0.929267, -0.089937, 0.033027, 0.933011, 0.359845, -0.001109, 0.217035, 0.000000, 0.000000, 0.000000, 1.000000, -0.996789, -0.061566, 0.051194, 0.033085, 0.045456, 0.091232, 0.994792, -0.067868, -0.065916, 0.993925, -0.088141, -0.054559, 0.000000, 0.000000, 0.000000, 1.000000
12.4675, -26.9687, 24.8988, 371.3911, 439.1059, 32.8575, 216.4399, 33.4408, -68.0599, -54.5682, -0.361094, 0.928385, 0.087825, -0.026969, -0.932496, -0.360276, -0.025551, 0.024899, 0.007920, -0.091122, 0.995808, 0.371391, 0.000000, 0.000000, 0.000000, 1.000000, 0.047967, -0.085235, 0.995206, 0.439106, 0.362429, -0.926965, -0.096859, 0.032858, 0.930776, 0.365338, -0.013572, 0.216440, 0.000000, 0.000000, 0.000000, 1.000000, -0.995669, -0.066176, 0.065293, 0.033441, 0.059195, 0.090255, 0.994158, -0.068060, -0.071683, 0.993718, -0.085947, -0.054568, 0.000000, 0.000000, 0.000000, 1.000000
12.7180, -26.8385, 25.5102, 372.1786, 439.8674, 32.7192, 215.7982, 33.3603, -67.7046, -54.7640, -0.363211, 0.928373, 0.078748, -0.026839, -0.931676, -0.361207, -0.038857, 0.025510, -0.007629, -0.087481, 0.996137, 0.372179, 0.000000, 0.000000, 0.000000, 1.000000, 0.032418, -0.081559, 0.996141, 0.439867, 0.364687, -0.926985, -0.087765, 0.032719, 0.930566, 0.366125, -0.000307, 0.215798, 0.000000, 0.000000, 0.000000, 1.000000, -0.996749, -0.062922, 0.050315, 0.033360, 0.044146, 0.095867, 0.994415, -0.067705, -0.067394, 0.993403, -0.092778, -0.054764, 0.000000, 0.000000, 0.000000, 1.000000
12.8850, -26.6663, 25.8761, 372.2047, 439.8775, 32.5462, 215.4318, 33.2620, -67.9401, -54.7147, -0.365864, 0.927385, 0.078101, -0.026666, -0.930666, -0.364745, -0.028662, 0.025876, 0.001906, -0.083172, 0.996533, 0.372205, 0.000000, 0.000000, 0.000000, 1.000000, 0.041929, -0.077106, 0.996141, 0.439878, 0.367252, -0.926031, -0.087137, 0.032546, 0.929176, 0.369488, -0.010511, 0.215432, 0.000000, 0.000000, 0.000000, 1.000000, -0.996159, -0.063702, 0.060073, 0.033262, 0.053406, 0.101639, 0.993387, -0.067940, -0.069387, 0.992780, -0.097847, -0.054715, 0.000000, 0.000000, 0.000000, 1.000000
13.0278, -26.5212, 26.4634, 372.4755, 440.1236, 32.3977, 214.8346, 33.4546, -67.9291, -54.8013, -0.368794, 0.926101, 0.079545, -0.026521, -0.929427, -0.366258, -0.044951, 0.026463, -0.012495, -0.090509, 0.995817, 0.372475, 0.000000, 0.000000, 0.000000, 1.000000, 0.027518, -0.084365, 0.996055, 0.440124, 0.370311, -0.924677, -0.088550, 0.032398, 0.928500, 0.371287, 0.005796, 0.214835, 0.000000, 0.000000, 0.000000, 1.000000, -0.996939, -0.063771, 0.045228, 0.033455, 0.039015, 0.095516, 0.994663, -0.067929, -0.067751, 0.993383, -0.092735, -0.054801, 0.000000, 0.000000, 0.000000, 1.000000
13.2045, -26.4120, 26.8655, 372.8956, 440.5266, 32.2841, 214.4164, 33.3662, -67.8068, -54.8957, -0.370744, 0.925638, 0.075785, -0.026412, -0.928705, -0.368842, -0.038235, 0.026866, -0.007439, -0.084557, 0.996391, 0.372896, 0.000000, 0.000000, 0.000000, 1.000000, 0.032559, -0.078312, 0.996397, 0.440527, 0.372214, -0.924265, -0.084806, 0.032284, 0.927576, 0.373634, -0.000944, 0.214416, 0.000000, 0.000000, 0.000000, 1.000000, -0.996709, -0.063227, 0.050727, 0.033366, 0.044044, 0.102947, 0.993711, -0.067807, -0.068051, 0.992675, -0.099823, -0.054896, 0.000000, 0.000000, 0.000000, 1.000000
13.3673, -26.1993, 27.4719, 372.5031, 440.1085, 32.0741, 213.8264, 33.4931, -68.4698, -54.8068, -0.374722, 0.922767, 0.089915, -0.026199, -0.927113, -0.372237, -0.043611, 0.027472, -0.006774, -0.099703, 0.994994, 0.372503, 0.000000, 0.000000, 0.000000, 1.000000, 0.033197, -0.093286, 0.995086, 0.440109, 0.376182, -0.921251, -0.098914, 0.032074, 0.925951, 0.377617, 0.004510, 0.213826, 0.000000, 0.000000, 0.000000, 1.000000, -0.996567, -0.065762, 0.050287, 0.033493, 0.044316, 0.089299, 0.995018, -0.068470, -0.069924, 0.993832, -0.086078, -0.054807, 0.000000, 0.000000, 0.000000, 1.000000
13.6057, -26.1191, 27.8002, 373.3977, 440.9887, 31.9852, 213.4632, 33.1710, -67.9691, -54.9967, -0.375943, 0.923785, 0.072726, -0.026119, -0.926495, -0.373324, -0.047279, 0.027800, -0.016526, -0.085154, 0.996231, 0.373398, 0.000000, 0.000000, 0.000000, 1.000000, 0.023439, -0.078715, 0.996622, 0.440989, 0.377492, -0.922399, -0.081731, 0.031985, 0.925716, 0.378132, 0.008094, 0.213463, 0.000000, 0.000000, 0.000000, 1.000000, -0.997213, -0.061819, 0.041775, 0.033171, 0.035080, 0.105690, 0.993780, -0.067969, -0.065850, 0.992476, -0.103227, -0.054997, 0.000000, 0.000000, 0.000000, 1.000000
13.6876, -25.9762, 28.3241, 373.1165, 440.6858, 31.8441, 212.9511, 33.4476, -68.4056, -54.9705, -0.379802, 0.919842, 0.098185, -0.025976, -0.925008, -0.378836, -0.029036, 0.028324, 0.010488, -0.101850, 0.994745, 0.373116, 0.000000, 0.000000, 0.000000, 1.000000, 0.050407, -0.095144, 0.994187, 0.440686, 0.381102, -0.918296, -0.107203, 0.031844, 0.923158, 0.384291, -0.010029, 0.212951, 0.000000, 0.000000, 0.000000, 1.000000, -0.995412, -0.068071, 0.067236, 0.033448, 0.060992, 0.089992, 0.994073, -0.068406, -0.073718, 0.993613, -0.085428, -0.054970, 0.000000, 0.000000, 0.000000, 1.000000
13.9298, -25.9221, 28.5448, 373.4527, 441.0125, 31.7866, 212.7174, 32.9690, -68.4495, -55.0499, -0.381614, 0.919583, 0.093477, -0.025922, -0.924285, -0.380541, -0.029760, 0.028545, 0.008205, -0.097756, 0.995177, 0.373453, 0.000000, 0.000000, 0.000000, 1.000000, 0.048114, -0.090984, 0.994689, 0.441013, 0.382934, -0.918072, -0.102499, 0.031787, 0.922522, 0.385832, -0.009331, 0.212717, 0.000000, 0.000000, 0.000000, 1.000000, -0.995689, -0.065725, 0.065450, 0.032969, 0.058975, 0.096036, 0.993629, -0.068450, -0.071591, 0.993206, -0.091746, -0.055050, 0.000000, 0.000000, 0.000000, 1.000000
14.0177, -25.6803, 29.2625, 373.5045, 441.0338, 31.5432, 211.9987, 33.4630, -68.5768, -55.0561, -0.385630, 0.917814, 0.094382, -0.025680, -0.922649, -0.383929, -0.036293, 0.029262, 0.002926, -0.101077, 0.994874, 0.373505, 0.000000, 0.000000, 0.000000, 1.000000, 0.042811, -0.094152, 0.994637, 0.441034, 0.386995, -0.916267, -0.103391, 0.031543, 0.921088, 0.389346, -0.002790, 0.211999, 0.000000, 0.000000, 0.000000, 1.000000, -0.995873, -0.068334, 0.059722, 0.033463, 0.053199, 0.093590, 0.994189, -0.068577, -0.073526, 0.993263, -0.089568, -0.055056, 0.000000, 0.000000, 0.000000, 1.000000
14.2679, -25.4921, 30.0518, 374.4444, 441.9401, 31.3453, 211.1733, 33.5766, -68.0904, -55.3067, -0.386708, 0.918330, 0.084417, -0.025492, -0.922150, -0.384093, -0.045947, 0.030052, -0.009771, -0.095614, 0.995371, 0.374444, 0.000000, 0.000000, 0.000000, 1.000000, 0.030115, -0.088692, 0.995604, 0.441940, 0.388189, -0.916833, -0.093416, 0.031345, 0.921088, 0.389295, 0.006819, 0.211173, 0.000000, 0.000000, 0.000000, 1.000000, -0.996802, -0.064064, 0.047764, 0.033577, 0.041142, 0.100973, 0.994038, -0.068090, -0.068504, 0.992824, -0.098015, -0.055307, 0.000000, 0.000000, 0.000000, 1.000000
14.5180, -25.2573, 30.6141, 374.5491, 442.0204, 31.1087, 210.6077, 33.4392, -68.3874, -55.2863, -0.391552, 0.916049, 0.086847, -0.025257, -0.920155, -0.389689, -0.038163, 0.030614, -0.001116, -0.094855, 0.995490, 0.374549, 0.000000, 0.000000, 0.000000, 1.000000, 0.038728, -0.087692, 0.995394, 0.442020, 0.392950, -0.914550, -0.095859, 0.031109, 0.918744, 0.394852, -0.000960, 0.210608, 0.000000, 0.000000, 0.000000, 1.000000, -0.996223, -0.066132, 0.056268, 0.033439, 0.049205, 0.103962, 0.993363, -0.068387, -0.071542, 0.992380, -0.100315, -0.055286, 0.000000, 0.000000, 0.000000, 1.000000
14.7869, -24.9971, 31.3528, 374.9093, 442.3488, 30.8440, 209.8558, 33.4342, -68.4808, -55.3504, -0.394500, 0.915345, 0.080704, -0.024997, -0.918795, -0.391630, -0.049416, 0.031353, -0.013627, -0.093645, 0.995512, 0.374909, 0.000000, 0.000000, 0.000000, 1.000000, 0.026200, -0.086400, 0.995916, 0.442349, 0.396010, -0.913855, -0.089699, 0.030844, 0.917873, 0.396742, 0.010272, 0.209856, 0.000000, 0.000000, 0.000000, 1.000000, -0.996984, -0.063909, 0.044021, 0.033434, 0.036988, 0.107345, 0.993534, -0.068481, -0.068221, 0.992166, -0.104658, -0.055350, 0.000000, 0.000000, 0.000000, 1.000000
14.9985, -24.9318, 31.6354, 374.7135, 442.1414, 30.7801, 209.5814, 33.0730, -69.0086, -55.3409, -0.398507, 0.911100, 0.105307, -0.024932, -0.917150, -0.396524, -0.040052, 0.031635, 0.005266, -0.112543, 0.993633, 0.374713, 0.000000, 0.000000, 0.000000, 1.000000, 0.045049, -0.105052, 0.993446, 0.442141, 0.399842, -0.909430, -0.114299, 0.030780, 0.915476, 0.402371, 0.001035, 0.209581, 0.000000, 0.000000, 0.000000, 1.000000, -0.995807, -0.067838, 0.061371, 0.033073, 0.055124, 0.090404, 0.994378, -0.069009, -0.073004, 0.993592, -0.086285, -0.055341, 0.000000, 0.000000, 0.000000, 1.000000
15.0007, -24.8710, 31.6778, 374.9551, 442.3806, 30.7171, 209.5296, 33.1412, -68.7713, -55.3462, -0.398015, 0.912871, 0.090835, -0.024871, -0.917377, -0.396245, -0.037540, 0.031678, 0.001724, -0.098272, 0.995158, 0.374955, 0.000000, 0.000000, 0.000000, 1.000000, 0.041514, -0.090819, 0.995002, 0.442381, 0.399383, -0.911331, -0.099845, 0.030717, 0.915844, 0.401532, -0.001561, 0.209530, 0.000000, 0.000000, 0.000000, 1.000000, -0.996078, -0.066030, 0.058899, 0.033141, 0.051790, 0.104638, 0.993161, -0.068771, -0.071742, 0.992316, -0.100808, -0.055346, 0.000000, 0.000000, 0.000000, 1.000000
