--- Captured Sample ---
q_arm = [-1.134 -1.282  0.349 -1.955  0.451 -0.768  0.668 -1.135  1.282 -0.349
 -1.955 -0.451 -0.768 -0.668]
q_head = [-0.     0.051]
marker_right =
[[ 0.094  0.995  0.018  0.105]
 [-0.995  0.095 -0.043 -0.014]
 [-0.045 -0.014  0.999  0.178]
 [ 0.     0.     0.     1.   ]]
marker_left =
[[-0.027 -0.996  0.088 -0.083]
 [ 0.999 -0.025  0.029 -0.004]
 [-0.027  0.088  0.996  0.164]
 [ 0.     0.     0.     1.   ]]

--- Captured Sample ---
q_arm = [-1.222 -1.282  0.349 -1.955  0.451 -0.768  0.668 -1.222  1.282 -0.349
 -1.955 -0.451 -0.768 -0.668]
q_head = [-0.    -0.049]
marker_right =
[[ 0.095  0.995 -0.011  0.097]
 [-0.995  0.095 -0.025 -0.013]
 [-0.024  0.014  1.     0.166]
 [ 0.     0.     0.     1.   ]]
marker_left =
[[-0.027 -0.993  0.117 -0.077]
 [ 0.999 -0.021  0.047 -0.002]
 [-0.044  0.118  0.992  0.151]
 [ 0.     0.     0.     1.   ]]

--- Captured Sample ---
q_arm = [-1.091 -1.282  0.349 -1.955  0.451 -0.768  0.668 -1.091  1.282 -0.349
 -1.955 -0.451 -0.768 -0.668]
q_head = [-0.     0.098]
marker_right =
[[ 0.095  0.995  0.033  0.109]
 [-0.994  0.096 -0.049 -0.015]
 [-0.052 -0.028  0.998  0.185]
 [ 0.     0.     0.     1.   ]]
marker_left =
[[-0.027 -0.997  0.073 -0.086]
 [ 0.999 -0.025  0.023 -0.004]
 [-0.021  0.073  0.997  0.17 ]
 [ 0.     0.     0.     1.   ]]

--- Captured Sample ---
q_arm = [-1.047 -1.282  0.349 -1.955  0.451 -0.768  0.668 -1.047  1.282 -0.349
 -1.955 -0.451 -0.768 -0.668]
q_head = [-0.     0.146]
marker_right =
[[ 0.096  0.994  0.048  0.113]
 [-0.994  0.099 -0.056 -0.016]
 [-0.061 -0.043  0.997  0.191]
 [ 0.     0.     0.     1.   ]]
marker_left =
[[-0.026 -0.998  0.058 -0.09 ]
 [ 1.    -0.025  0.016 -0.006]
 [-0.015  0.058  0.998  0.176]
 [ 0.     0.     0.     1.   ]]

--- Captured Sample ---
q_arm = [-1.134 -1.326  0.349 -1.955  0.451 -0.768  0.668 -1.135  1.238 -0.349
 -1.955 -0.451 -0.768 -0.668]
q_head = [-0.     0.052]
marker_right =
[[ 0.074  0.996  0.055  0.111]
 [-0.995  0.078 -0.058 -0.015]
 [-0.062 -0.05   0.997  0.18 ]
 [ 0.     0.     0.     1.   ]]
marker_left =
[[-0.012 -0.992  0.126 -0.078]
 [ 0.999 -0.007  0.041 -0.003]
 [-0.04   0.126  0.991  0.161]
 [ 0.     0.     0.     1.   ]]

--- Captured Sample ---
q_arm = [-1.134 -1.369  0.349 -1.955  0.451 -0.768  0.668 -1.135  1.195 -0.349
 -1.955 -0.451 -0.768 -0.668]
q_head = [-0.     0.051]
marker_right =
[[ 0.054  0.994  0.091  0.117]
 [-0.996  0.06  -0.071 -0.017]
 [-0.076 -0.087  0.993  0.182]
 [ 0.     0.     0.     1.   ]]
marker_left =
[[ 0.004 -0.986  0.164 -0.072]
 [ 0.999  0.012  0.053 -0.002]
 [-0.054  0.163  0.985  0.159]
 [ 0.     0.     0.     1.   ]]

--- Captured Sample ---
q_arm = [-1.134 -1.238  0.349 -1.955  0.451 -0.768  0.668 -1.135  1.326 -0.349
 -1.955 -0.451 -0.768 -0.668]
q_head = [-0.     0.051]
marker_right =
[[ 0.114  0.993 -0.018  0.099]
 [-0.993  0.113 -0.03  -0.013]
 [-0.027  0.022  0.999  0.176]
 [ 0.     0.     0.     1.   ]]
marker_left =
[[-0.044 -0.998  0.05  -0.089]
 [ 0.999 -0.043  0.017 -0.005]
 [-0.015  0.05   0.999  0.166]
 [ 0.     0.     0.     1.   ]]

--- Captured Sample ---
q_arm = [-1.134 -1.195  0.349 -1.955  0.451 -0.768  0.668 -1.135  1.369 -0.349
 -1.955 -0.451 -0.768 -0.668]
q_head = [-0.     0.051]
marker_right =
[[ 0.132  0.99  -0.055  0.093]
 [-0.991  0.131 -0.017 -0.012]
 [-0.01   0.057  0.998  0.174]
 [ 0.     0.     0.     1.   ]]
marker_left =
[[-0.06  -0.998  0.012 -0.094]
 [ 0.998 -0.06   0.004 -0.006]
 [-0.003  0.012  1.     0.168]
 [ 0.     0.     0.     1.   ]]

--- Captured Sample ---
q_arm = [-1.134 -1.282  0.349 -1.955  0.408 -0.768  0.668 -1.135  1.282 -0.349
 -1.955 -0.495 -0.768 -0.668]
q_head = [-0.     0.051]
marker_right =
[[ 0.112  0.994 -0.006  0.106]
 [-0.994  0.112 -0.011 -0.019]
 [-0.01   0.007  1.     0.175]
 [ 0.     0.     0.     1.   ]]
marker_left =
[[-0.043 -0.997  0.063 -0.081]
 [ 0.999 -0.044 -0.001  0.001]
 [ 0.004  0.063  0.998  0.168]
 [ 0.     0.     0.     1.   ]]

--- Captured Sample ---
q_arm = [-1.134 -1.282  0.349 -1.955  0.364 -0.768  0.668 -1.135  1.282 -0.349
 -1.955 -0.539 -0.768 -0.668]
q_head = [-0.     0.051]
marker_right =
[[ 0.129  0.991 -0.03   0.108]
 [-0.991  0.13   0.02  -0.024]
 [ 0.024  0.028  0.999  0.171]
 [ 0.     0.     0.     1.   ]]
marker_left =
[[-0.06  -0.997  0.038 -0.08 ]
 [ 0.998 -0.061 -0.032  0.006]
 [ 0.034  0.036  0.999  0.173]
 [ 0.     0.     0.     1.   ]]

--- Captured Sample ---
q_arm = [-1.134 -1.282  0.349 -1.955  0.495 -0.768  0.668 -1.135  1.282 -0.349
 -1.955 -0.408 -0.768 -0.668]
q_head = [-0.     0.051]
marker_right =
[[ 0.076  0.996  0.042  0.104]
 [-0.994  0.079 -0.075 -0.01 ]
 [-0.078 -0.036  0.996  0.182]
 [ 0.     0.     0.     1.   ]]
marker_left =
[[-0.012 -0.994  0.113 -0.085]
 [ 0.998 -0.006  0.06  -0.009]
 [-0.059  0.114  0.992  0.159]
 [ 0.     0.     0.     1.   ]]

--- Captured Sample ---
q_arm = [-1.134 -1.282  0.349 -1.955  0.539 -0.768  0.668 -1.135  1.282 -0.349
 -1.955 -0.364 -0.768 -0.668]
q_head = [-0.     0.051]
marker_right =
[[ 0.056  0.996  0.065  0.102]
 [-0.992  0.063 -0.107 -0.005]
 [-0.111 -0.058  0.992  0.186]
 [ 0.     0.     0.     1.   ]]
marker_left =
[[ 0.002 -0.99   0.139 -0.087]
 [ 0.996  0.015  0.089 -0.014]
 [-0.09   0.138  0.986  0.155]
 [ 0.     0.     0.     1.   ]]

--- Captured Sample ---
q_arm = [-1.134 -1.282  0.349 -1.955  0.451 -0.768  0.668 -1.135  1.282 -0.349
 -1.955 -0.451 -0.768 -0.668]
q_head = [-0.     0.051]
marker_right =
[[ 0.094  0.995  0.018  0.105]
 [-0.995  0.095 -0.043 -0.014]
 [-0.044 -0.014  0.999  0.178]
 [ 0.     0.     0.     1.   ]]
marker_left =
[[-0.027 -0.996  0.088 -0.083]
 [ 0.999 -0.025  0.03  -0.004]
 [-0.027  0.088  0.996  0.164]
 [ 0.     0.     0.     1.   ]]

--- Captured Sample ---
q_arm = [-1.095 -1.258  0.346 -1.931  0.428 -0.813  0.692 -1.092  1.313 -0.362
 -1.978 -0.464 -0.719 -0.652]
q_head = [-0.     0.098]
marker_right =
[[ 0.095  0.995 -0.009  0.111]
 [-0.994  0.094 -0.051 -0.015]
 [-0.05   0.014  0.999  0.183]
 [ 0.     0.     0.     1.   ]]
marker_left =
[[-0.024 -0.999  0.028 -0.084]
 [ 0.999 -0.024  0.024 -0.004]
 [-0.023  0.028  0.999  0.172]
 [ 0.     0.     0.     1.   ]]

--- Captured Sample ---
q_arm = [-1.099 -1.232  0.341 -1.908  0.412 -0.859  0.709 -1.094  1.343 -0.373
 -2.001 -0.483 -0.672 -0.629]
q_head = [-0.     0.099]
marker_right =
[[ 0.094  0.994 -0.052  0.113]
 [-0.994  0.092 -0.053 -0.015]
 [-0.048  0.057  0.997  0.181]
 [ 0.     0.     0.     1.   ]]
marker_left =
[[-0.022 -1.    -0.017 -0.081]
 [ 0.999 -0.022  0.024 -0.005]
 [-0.025 -0.017  1.     0.175]
 [ 0.     0.     0.     1.   ]]

--- Captured Sample ---
q_arm = [-1.092 -1.313  0.362 -1.978  0.464 -0.719  0.652 -1.095  1.257 -0.345
 -1.931 -0.429 -0.813 -0.691]
q_head = [-0.     0.099]
marker_right =
[[ 0.094  0.993  0.077  0.107]
 [-0.994  0.098 -0.049 -0.015]
 [-0.056 -0.072  0.996  0.187]
 [ 0.     0.     0.     1.   ]]
marker_left =
[[-0.029 -0.993  0.118 -0.089]
 [ 0.999 -0.027  0.022 -0.005]
 [-0.018  0.118  0.993  0.168]
 [ 0.     0.     0.     1.   ]]

--- Captured Sample ---
q_arm = [-1.094 -1.343  0.373 -2.001  0.483 -0.672  0.628 -1.099  1.231 -0.34
 -1.908 -0.413 -0.859 -0.708]
q_head = [-0.     0.099]
marker_right =
[[ 0.094  0.988  0.119  0.105]
 [-0.994  0.1   -0.047 -0.016]
 [-0.059 -0.114  0.992  0.189]
 [ 0.     0.     0.     1.   ]]
marker_left =
[[-0.032 -0.986  0.162 -0.092]
 [ 0.999 -0.029  0.021 -0.005]
 [-0.016  0.163  0.987  0.166]
 [ 0.     0.     0.     1.   ]]

--- Captured Sample ---
q_arm = [-1.123 -1.299  0.376 -1.941  0.459 -0.8    0.655 -1.122  1.298 -0.375
 -1.941 -0.461 -0.8   -0.653]
q_head = [-0.     0.099]
marker_right =
[[ 0.051  0.998  0.031  0.108]
 [-0.997  0.053 -0.052 -0.013]
 [-0.054 -0.028  0.998  0.185]
 [ 0.     0.     0.     1.   ]]
marker_left =
[[-0.071 -0.995  0.069 -0.086]
 [ 0.997 -0.07   0.024 -0.002]
 [-0.019  0.071  0.997  0.17 ]
 [ 0.     0.     0.     1.   ]]

--- Captured Sample ---
q_arm = [-1.154 -1.311  0.4   -1.928  0.474 -0.834  0.636 -1.153  1.31  -0.398
 -1.928 -0.475 -0.834 -0.635]
q_head = [-0.     0.099]
marker_right =
[[ 0.008  1.     0.028  0.108]
 [-0.998  0.009 -0.055 -0.011]
 [-0.055 -0.027  0.998  0.184]
 [ 0.     0.     0.     1.   ]]
marker_left =
[[-0.116 -0.991  0.066 -0.087]
 [ 0.993 -0.114  0.025 -0.   ]
 [-0.017  0.068  0.998  0.17 ]
 [ 0.     0.     0.     1.   ]]

--- Captured Sample ---
q_arm = [-1.064 -1.27   0.33  -1.968  0.433 -0.734  0.692 -1.063  1.269 -0.329
 -1.968 -0.434 -0.734 -0.69 ]
q_head = [-0.     0.099]
marker_right =
[[ 0.138  0.99   0.037  0.11 ]
 [-0.989  0.139 -0.047 -0.017]
 [-0.052 -0.03   0.998  0.185]
 [ 0.     0.     0.     1.   ]]
marker_left =
[[ 0.018 -0.997  0.076 -0.087]
 [ 1.     0.019  0.021 -0.007]
 [-0.022  0.076  0.997  0.17 ]
 [ 0.     0.     0.     1.   ]]

--- Captured Sample ---
q_arm = [-1.036 -1.251  0.308 -1.981  0.421 -0.702  0.71  -1.035  1.251 -0.307
 -1.981 -0.423 -0.703 -0.708]
q_head = [-0.     0.099]
marker_right =
[[ 0.18   0.983  0.039  0.11 ]
 [-0.982  0.182 -0.044 -0.019]
 [-0.051 -0.03   0.998  0.185]
 [ 0.     0.     0.     1.   ]]
marker_left =
[[ 0.062 -0.995  0.08  -0.087]
 [ 0.998  0.064  0.019 -0.009]
 [-0.024  0.079  0.997  0.17 ]
 [ 0.     0.     0.     1.   ]]

--- Captured Sample ---
q_arm = [-1.098 -1.294  0.365 -1.955  0.43  -0.762  0.642 -1.088  1.278 -0.343
 -1.955 -0.459 -0.77  -0.706]
q_head = [-0.     0.099]
marker_right =
[[ 0.095  0.995  0.031  0.109]
 [-0.995  0.096 -0.006 -0.017]
 [-0.009 -0.03   1.     0.185]
 [ 0.     0.     0.     1.   ]]
marker_left =
[[-0.024 -0.997  0.074 -0.087]
 [ 0.999 -0.026 -0.021 -0.002]
 [ 0.023  0.073  0.997  0.17 ]
 [ 0.     0.     0.     1.   ]]

--- Captured Sample ---
q_arm = [-1.103 -1.301  0.374 -1.955  0.417 -0.759  0.61  -1.084  1.27  -0.334
 -1.955 -0.472 -0.774 -0.738]
q_head = [-0.     0.099]
marker_right =
[[ 0.096  0.995  0.028  0.109]
 [-0.995  0.095  0.037 -0.02 ]
 [ 0.034 -0.031  0.999  0.185]
 [ 0.     0.     0.     1.   ]]
marker_left =
[[-0.021 -0.997  0.075 -0.087]
 [ 0.998 -0.026 -0.065  0.   ]
 [ 0.067  0.073  0.995  0.17 ]
 [ 0.     0.     0.     1.   ]]

--- Captured Sample ---
q_arm = [-1.089 -1.279  0.345 -1.955  0.457 -0.769  0.707 -1.098  1.293 -0.363
 -1.955 -0.432 -0.763 -0.641]
q_head = [-0.     0.099]
marker_right =
[[ 0.094  0.995  0.037  0.109]
 [-0.991  0.097 -0.093 -0.013]
 [-0.096 -0.028  0.995  0.185]
 [ 0.     0.     0.     1.   ]]
marker_left =
[[-0.029 -0.997  0.072 -0.086]
 [ 0.998 -0.025  0.066 -0.007]
 [-0.064  0.074  0.995  0.17 ]
 [ 0.     0.     0.     1.   ]]

--- Captured Sample ---
q_arm = [-1.085 -1.271  0.336 -1.955  0.47  -0.773  0.74  -1.102  1.3   -0.373
 -1.955 -0.419 -0.759 -0.608]
q_head = [-0.     0.099]
marker_right =
[[ 0.092  0.995  0.04   0.108]
 [-0.986  0.097 -0.137 -0.011]
 [-0.14  -0.027  0.99   0.185]
 [ 0.     0.     0.     1.   ]]
marker_left =
[[-0.032 -0.997  0.071 -0.086]
 [ 0.994 -0.024  0.11  -0.009]
 [-0.107  0.074  0.991  0.17 ]
 [ 0.     0.     0.     1.   ]]

--- Captured Sample ---
q_arm = [-1.045 -1.308  0.308 -1.941  0.413 -0.81   0.7   -1.142  1.262 -0.4
 -1.965 -0.477 -0.723 -0.647]
q_head = [-0.053  0.099]
marker_right =
[[ 0.095  0.995 -0.017  0.112]
 [-0.994  0.094 -0.051 -0.016]
 [-0.049  0.022  0.999  0.191]
 [ 0.     0.     0.     1.   ]]
marker_left =
[[-0.025 -1.     0.019 -0.083]
 [ 0.999 -0.025  0.023 -0.004]
 [-0.022  0.019  1.     0.165]
 [ 0.     0.     0.     1.   ]]

--- Captured Sample ---
q_arm = [-0.997 -1.33   0.263 -1.925  0.382 -0.855  0.724 -1.191  1.238 -0.448
 -1.972 -0.51  -0.682 -0.621]
q_head = [-0.107  0.1  ]
marker_right =
[[ 0.096  0.993 -0.068  0.114]
 [-0.994  0.092 -0.052 -0.016]
 [-0.046  0.073  0.996  0.198]
 [ 0.     0.     0.     1.   ]]
marker_left =
[[-0.023 -0.999 -0.036 -0.078]
 [ 0.999 -0.024  0.022 -0.003]
 [-0.023 -0.036  0.999  0.161]
 [ 0.     0.     0.     1.   ]]

--- Captured Sample ---
q_arm = [-1.143 -1.264  0.403 -1.965  0.474 -0.722  0.65  -1.045  1.309 -0.309
 -1.941 -0.412 -0.81  -0.7  ]
q_head = [0.052 0.099]
marker_right =
[[ 0.093  0.992  0.084  0.105]
 [-0.994  0.098 -0.05  -0.015]
 [-0.057 -0.079  0.995  0.18 ]
 [ 0.     0.     0.     1.   ]]
marker_left =
[[-0.028 -0.992  0.126 -0.09 ]
 [ 0.999 -0.026  0.022 -0.005]
 [-0.018  0.126  0.992  0.176]
 [ 0.     0.     0.     1.   ]]

--- Captured Sample ---
q_arm = [-1.192 -1.239  0.451 -1.972  0.507 -0.68   0.624 -0.997  1.33  -0.264
 -1.925 -0.381 -0.855 -0.725]
q_head = [0.107 0.1  ]
marker_right =
[[ 0.092  0.986  0.136  0.102]
 [-0.994  0.1   -0.049 -0.015]
 [-0.062 -0.131  0.989  0.175]
 [ 0.     0.     0.     1.   ]]
marker_left =
[[-0.03  -0.983  0.18  -0.093]
 [ 0.999 -0.026  0.021 -0.006]
 [-0.016  0.181  0.983  0.183]
 [ 0.     0.     0.     1.   ]]

--- Captured Sample ---
q_arm = [-1.039 -1.287  0.347 -1.989  0.442 -0.75   0.71  -1.039  1.285 -0.345
 -1.989 -0.444 -0.75  -0.708]
q_head = [0.001 0.151]
marker_right =
[[ 0.095  0.995  0.039  0.109]
 [-0.99   0.098 -0.102 -0.012]
 [-0.105 -0.029  0.994  0.183]
 [ 0.     0.     0.     1.   ]]
marker_left =
[[-0.024 -0.997  0.075 -0.087]
 [ 0.999 -0.027 -0.03  -0.001]
 [ 0.031  0.074  0.997  0.168]
 [ 0.     0.     0.     1.   ]]

--- Captured Sample ---
q_arm = [-0.985 -1.283  0.338 -2.021  0.445 -0.736  0.743 -0.984  1.282 -0.337
 -2.021 -0.448 -0.737 -0.741]
q_head = [-0.     0.204]
marker_right =
[[ 0.095  0.995  0.041  0.109]
 [-0.983  0.1   -0.154 -0.009]
 [-0.158 -0.026  0.987  0.181]
 [ 0.     0.     0.     1.   ]]
marker_left =
[[-0.022 -0.997  0.074 -0.087]
 [ 0.996 -0.028 -0.083  0.002]
 [ 0.084  0.072  0.994  0.167]
 [ 0.     0.     0.     1.   ]]

--- Captured Sample ---
q_arm = [-1.152 -1.289  0.37  -1.917  0.439 -0.782  0.647 -1.151  1.288 -0.369
 -1.917 -0.441 -0.782 -0.645]
q_head = [-0.     0.049]
marker_right =
[[ 0.094  0.995  0.031  0.109]
 [-0.996  0.094 -0.    -0.018]
 [-0.003 -0.031  1.     0.188]
 [ 0.     0.     0.     1.   ]]
marker_left =
[[-0.029 -0.997  0.072 -0.086]
 [ 0.997 -0.024  0.072 -0.008]
 [-0.071  0.074  0.995  0.173]
 [ 0.     0.     0.     1.   ]]

--- Captured Sample ---
q_arm = [-1.21  -1.286  0.384 -1.877  0.44  -0.801  0.616 -1.209  1.285 -0.382
 -1.877 -0.442 -0.801 -0.614]
q_head = [-0.    -0.002]
marker_right =
[[ 0.093  0.995  0.027  0.108]
 [-0.995  0.091  0.051 -0.021]
 [ 0.048 -0.032  0.998  0.192]
 [ 0.     0.     0.     1.   ]]
marker_left =
[[-0.032 -0.997  0.072 -0.086]
 [ 0.992 -0.023  0.123 -0.012]
 [-0.121  0.075  0.99   0.177]
 [ 0.     0.     0.     1.   ]]

--- Captured Sample ---
q_arm = [-1.096 -1.29   0.359 -1.955  0.438 -0.764  0.68  -1.095  1.289 -0.357
 -1.955 -0.44  -0.765 -0.678]
q_head = [-0.086  0.098]
marker_right =
[[ 0.092  0.994 -0.052  0.088]
 [-0.995  0.09  -0.049 -0.015]
 [-0.044  0.056  0.997  0.193]
 [ 0.     0.     0.     1.   ]]
marker_left =
[[-0.018 -1.    -0.013 -0.105]
 [ 1.    -0.019  0.023 -0.004]
 [-0.024 -0.012  1.     0.161]
 [ 0.     0.     0.     1.   ]]

--- Captured Sample ---
q_arm = [-1.096 -1.29   0.359 -1.955  0.438 -0.764  0.68  -1.095  1.289 -0.357
 -1.955 -0.44  -0.765 -0.678]
q_head = [0.08  0.099]
marker_right =
[[ 0.095  0.989  0.114  0.127]
 [-0.994  0.102 -0.05  -0.014]
 [-0.061 -0.109  0.992  0.176]
 [ 0.     0.     0.     1.   ]]
marker_left =
[[-0.034 -0.988  0.152 -0.069]
 [ 0.999 -0.031  0.023 -0.005]
 [-0.018  0.153  0.988  0.177]
 [ 0.     0.     0.     1.   ]]

--- Captured Sample ---
q_arm = [-1.096 -1.29   0.359 -1.955  0.438 -0.764  0.68  -1.095  1.289 -0.357
 -1.955 -0.44  -0.765 -0.678]
q_head = [0.004 0.015]
marker_right =
[[ 0.094  0.995  0.038  0.11 ]
 [-0.995  0.093  0.034  0.004]
 [ 0.03  -0.041  0.999  0.19 ]
 [ 0.     0.     0.     1.   ]]
marker_left =
[[-0.027 -0.997  0.077 -0.086]
 [ 0.994 -0.019  0.106  0.014]
 [-0.104  0.079  0.991  0.175]
 [ 0.     0.     0.     1.   ]]

--- Captured Sample ---
q_arm = [-1.096 -1.29   0.359 -1.955  0.438 -0.764  0.68  -1.095  1.289 -0.357
 -1.955 -0.44  -0.765 -0.678]
q_head = [-0.     0.179]
marker_right =
[[ 0.094  0.995  0.034  0.109]
 [-0.987  0.098 -0.13  -0.033]
 [-0.132 -0.022  0.991  0.178]
 [ 0.     0.     0.     1.   ]]
marker_left =
[[-0.027 -0.997  0.073 -0.087]
 [ 0.998 -0.031 -0.057 -0.022]
 [ 0.059  0.071  0.996  0.164]
 [ 0.     0.     0.     1.   ]]

--- Captured Sample ---
q_arm = [-1.139 -1.29   0.359 -1.955  0.438 -0.764  0.68  -1.139  1.289 -0.357
 -1.955 -0.44  -0.765 -0.678]
q_head = [-0.     0.134]
marker_right =
[[ 0.094  0.995  0.02   0.105]
 [-0.987  0.095 -0.126 -0.033]
 [-0.127 -0.007  0.992  0.172]
 [ 0.     0.     0.     1.   ]]
marker_left =
[[-0.027 -0.996  0.088 -0.083]
 [ 0.998 -0.032 -0.054 -0.021]
 [ 0.056  0.086  0.995  0.158]
 [ 0.     0.     0.     1.   ]]

--- Captured Sample ---
q_arm = [-1.183 -1.29   0.359 -1.955  0.438 -0.764  0.68  -1.182  1.289 -0.357
 -1.955 -0.44  -0.765 -0.678]
q_head = [-0.     0.085]
marker_right =
[[ 0.094  0.996  0.005  0.101]
 [-0.989  0.093 -0.117 -0.031]
 [-0.117  0.006  0.993  0.166]
 [ 0.     0.     0.     1.   ]]
marker_left =
[[-0.027 -0.994  0.103 -0.08 ]
 [ 0.998 -0.032 -0.045 -0.019]
 [ 0.048  0.101  0.994  0.152]
 [ 0.     0.     0.     1.   ]]

--- Captured Sample ---
q_arm = [-1.052 -1.29   0.359 -1.955  0.438 -0.764  0.68  -1.051  1.289 -0.357
 -1.955 -0.44  -0.765 -0.678]
q_head = [-0.     0.228]
marker_right =
[[ 0.095  0.994  0.049  0.113]
 [-0.985  0.101 -0.138 -0.036]
 [-0.142 -0.035  0.989  0.184]
 [ 0.     0.     0.     1.   ]]
marker_left =
[[-0.025 -0.998  0.058 -0.09 ]
 [ 0.997 -0.029 -0.066 -0.024]
 [ 0.067  0.056  0.996  0.171]
 [ 0.     0.     0.     1.   ]]

--- Captured Sample ---
q_arm = [-1.008 -1.29   0.359 -1.955  0.438 -0.764  0.68  -1.008  1.289 -0.357
 -1.955 -0.44  -0.765 -0.678]
q_head = [-0.     0.276]
marker_right =
[[ 0.097  0.993  0.064  0.117]
 [-0.984  0.105 -0.144 -0.038]
 [-0.149 -0.049  0.988  0.19 ]
 [ 0.     0.     0.     1.   ]]
marker_left =
[[-0.024 -0.999  0.043 -0.094]
 [ 0.997 -0.027 -0.072 -0.026]
 [ 0.073  0.041  0.996  0.177]
 [ 0.     0.     0.     1.   ]]

--- Captured Sample ---
q_arm = [-1.096 -1.333  0.359 -1.955  0.438 -0.764  0.68  -1.095  1.245 -0.357
 -1.955 -0.44  -0.765 -0.678]
q_head = [-0.     0.183]
marker_right =
[[ 0.074  0.995  0.071  0.115]
 [-0.986  0.084 -0.147 -0.036]
 [-0.152 -0.059  0.987  0.18 ]
 [ 0.     0.     0.     1.   ]]
marker_left =
[[-0.011 -0.994  0.111 -0.081]
 [ 0.999 -0.016 -0.049 -0.022]
 [ 0.051  0.111  0.993  0.162]
 [ 0.     0.     0.     1.   ]]

--- Captured Sample ---
q_arm = [-1.096 -1.377  0.359 -1.955  0.438 -0.764  0.68  -1.095  1.201 -0.357
 -1.955 -0.44  -0.765 -0.678]
q_head = [-0.     0.182]
marker_right =
[[ 0.054  0.993  0.107  0.121]
 [-0.985  0.07  -0.16  -0.037]
 [-0.167 -0.097  0.981  0.181]
 [ 0.     0.     0.     1.   ]]
marker_left =
[[ 0.004 -0.989  0.149 -0.076]
 [ 0.999 -0.001 -0.037 -0.02 ]
 [ 0.037  0.149  0.988  0.159]
 [ 0.     0.     0.     1.   ]]

--- Captured Sample ---
q_arm = [-1.096 -1.246  0.359 -1.955  0.438 -0.764  0.68  -1.095  1.332 -0.357
 -1.955 -0.44  -0.765 -0.678]
q_head = [-0.     0.182]
marker_right =
[[ 0.114  0.994 -0.002  0.103]
 [-0.986  0.112 -0.12  -0.033]
 [-0.119  0.016  0.993  0.176]
 [ 0.     0.     0.     1.   ]]
marker_left =
[[-0.043 -0.998  0.035 -0.092]
 [ 0.996 -0.045 -0.074 -0.024]
 [ 0.075  0.032  0.997  0.166]
 [ 0.     0.     0.     1.   ]]

--- Captured Sample ---
q_arm = [-1.096 -1.203  0.359 -1.955  0.438 -0.764  0.68  -1.095  1.376 -0.357
 -1.955 -0.44  -0.765 -0.678]
q_head = [-0.     0.182]
marker_right =
[[ 0.132  0.99  -0.04   0.097]
 [-0.986  0.127 -0.107 -0.032]
 [-0.101  0.053  0.993  0.174]
 [ 0.     0.     0.     1.   ]]
marker_left =
[[-0.06  -0.998 -0.003 -0.098]
 [ 0.994 -0.059 -0.087 -0.025]
 [ 0.087 -0.008  0.996  0.168]
 [ 0.     0.     0.     1.   ]]

--- Captured Sample ---
q_arm = [-1.096 -1.29   0.359 -1.955  0.394 -0.764  0.68  -1.095  1.289 -0.357
 -1.955 -0.483 -0.765 -0.678]
q_head = [-0.     0.182]
marker_right =
[[ 0.113  0.994  0.011  0.11 ]
 [-0.988  0.113 -0.101 -0.039]
 [-0.102  0.001  0.995  0.174]
 [ 0.     0.     0.     1.   ]]
marker_left =
[[-0.043 -0.998  0.048 -0.085]
 [ 0.995 -0.047 -0.092 -0.018]
 [ 0.094  0.044  0.995  0.169]
 [ 0.     0.     0.     1.   ]]

--- Captured Sample ---
q_arm = [-1.096 -1.29   0.359 -1.955  0.35  -0.764  0.68  -1.095  1.289 -0.357
 -1.955 -0.527 -0.765 -0.678]
q_head = [-0.     0.182]
marker_right =
[[ 0.131  0.991 -0.014  0.112]
 [-0.989  0.129 -0.07  -0.043]
 [-0.068  0.023  0.997  0.17 ]
 [ 0.     0.     0.     1.   ]]
marker_left =
[[-0.061 -0.998  0.024 -0.084]
 [ 0.99  -0.063 -0.123 -0.013]
 [ 0.124  0.016  0.992  0.174]
 [ 0.     0.     0.     1.   ]]

--- Captured Sample ---
q_arm = [-1.096 -1.29   0.359 -1.955  0.481 -0.764  0.68  -1.095  1.289 -0.357
 -1.955 -0.396 -0.765 -0.678]
q_head = [-0.     0.182]
marker_right =
[[ 0.075  0.996  0.058  0.107]
 [-0.983  0.083 -0.165 -0.03 ]
 [-0.169 -0.044  0.985  0.182]
 [ 0.     0.     0.     1.   ]]
marker_left =
[[-0.011 -0.995  0.098 -0.088]
 [ 0.999 -0.014 -0.03  -0.027]
 [ 0.031  0.098  0.995  0.159]
 [ 0.     0.     0.     1.   ]]

--- Captured Sample ---
q_arm = [-1.096 -1.29   0.359 -1.955  0.525 -0.764  0.68  -1.095  1.289 -0.357
 -1.955 -0.352 -0.765 -0.678]
q_head = [-0.     0.182]
marker_right =
[[ 0.055  0.995  0.08   0.106]
 [-0.978  0.069 -0.197 -0.026]
 [-0.201 -0.068  0.977  0.187]
 [ 0.     0.     0.     1.   ]]
marker_left =
[[ 0.004 -0.992  0.124 -0.09 ]
 [ 1.     0.004 -0.    -0.032]
 [-0.     0.124  0.992  0.155]
 [ 0.     0.     0.     1.   ]]

--- Captured Sample ---
q_arm = [-1.096 -1.29   0.359 -1.955  0.438 -0.764  0.68  -1.095  1.289 -0.357
 -1.955 -0.44  -0.765 -0.678]
q_head = [-0.     0.182]
marker_right =
[[ 0.094  0.995  0.034  0.109]
 [-0.986  0.098 -0.133 -0.034]
 [-0.136 -0.021  0.991  0.178]
 [ 0.     0.     0.     1.   ]]
marker_left =
[[-0.027 -0.997  0.073 -0.087]
 [ 0.998 -0.031 -0.061 -0.022]
 [ 0.063  0.071  0.995  0.164]
 [ 0.     0.     0.     1.   ]]

--- Captured Sample ---
q_arm = [-1.154 -1.192  0.404 -1.797  0.451 -0.882  0.733 -1.15   1.242 -0.42
 -1.847 -0.489 -0.786 -0.692]
q_head = [-0.     0.117]
marker_right =
[[ 0.09   0.996 -0.008  0.109]
 [-0.994  0.089 -0.071 -0.02 ]
 [-0.07   0.014  0.997  0.212]
 [ 0.     0.     0.     1.   ]]
marker_left =
[[-0.025 -0.999  0.03  -0.082]
 [ 1.    -0.025  0.005 -0.01 ]
 [-0.004  0.031  1.     0.201]
 [ 0.     0.     0.     1.   ]]

--- Captured Sample ---
q_arm = [-1.158 -1.168  0.398 -1.771  0.433 -0.929  0.75  -1.151  1.268 -0.431
 -1.872 -0.509 -0.737 -0.668]
q_head = [-0.     0.116]
marker_right =
[[ 0.09   0.995 -0.051  0.111]
 [-0.994  0.086 -0.071 -0.019]
 [-0.066  0.057  0.996  0.21 ]
 [ 0.     0.     0.     1.   ]]
marker_left =
[[-0.023 -1.    -0.015 -0.08 ]
 [ 1.    -0.023  0.006 -0.01 ]
 [-0.006 -0.015  1.     0.203]
 [ 0.     0.     0.     1.   ]]

--- Captured Sample ---
q_arm = [-1.15  -1.242  0.42  -1.847  0.488 -0.786  0.692 -1.154  1.191 -0.403
 -1.797 -0.452 -0.882 -0.732]
q_head = [-0.     0.116]
marker_right =
[[ 0.089  0.993  0.078  0.105]
 [-0.993  0.095 -0.067 -0.02 ]
 [-0.074 -0.071  0.995  0.216]
 [ 0.     0.     0.     1.   ]]
marker_left =
[[-0.03  -0.992  0.12  -0.088]
 [ 1.    -0.03   0.004 -0.01 ]
 [-0.     0.12   0.993  0.196]
 [ 0.     0.     0.     1.   ]]

--- Captured Sample ---
q_arm = [-1.151 -1.269  0.432 -1.872  0.509 -0.737  0.668 -1.158  1.167 -0.397
 -1.771 -0.434 -0.929 -0.749]
q_head = [-0.     0.116]
marker_right =
[[ 0.089  0.989  0.12   0.104]
 [-0.993  0.098 -0.065 -0.02 ]
 [-0.076 -0.114  0.991  0.218]
 [ 0.     0.     0.     1.   ]]
marker_left =
[[-0.032 -0.986  0.164 -0.09 ]
 [ 0.999 -0.032  0.004 -0.01 ]
 [ 0.002  0.164  0.986  0.194]
 [ 0.     0.     0.     1.   ]]

--- Captured Sample ---
q_arm = [-1.18  -1.229  0.434 -1.809  0.483 -0.866  0.696 -1.179  1.228 -0.432
 -1.809 -0.485 -0.867 -0.694]
q_head = [-0.     0.116]
marker_right =
[[ 0.046  0.998  0.032  0.107]
 [-0.996  0.048 -0.071 -0.018]
 [-0.072 -0.029  0.997  0.213]
 [ 0.     0.     0.     1.   ]]
marker_left =
[[-0.072 -0.995  0.072 -0.085]
 [ 0.997 -0.072  0.006 -0.008]
 [-0.001  0.072  0.997  0.199]
 [ 0.     0.     0.     1.   ]]

--- Captured Sample ---
q_arm = [-1.209 -1.24   0.456 -1.796  0.499 -0.899  0.678 -1.208  1.239 -0.454
 -1.796 -0.501 -0.9   -0.677]
q_head = [-0.     0.116]
marker_right =
[[ 0.003  1.     0.029  0.106]
 [-0.997  0.005 -0.074 -0.016]
 [-0.074 -0.029  0.997  0.213]
 [ 0.     0.     0.     1.   ]]
marker_left =
[[-0.116 -0.991  0.068 -0.085]
 [ 0.993 -0.116  0.007 -0.006]
 [ 0.001  0.068  0.998  0.199]
 [ 0.     0.     0.     1.   ]]

--- Captured Sample ---
q_arm = [-1.123 -1.203  0.389 -1.835  0.454 -0.802  0.732 -1.123  1.202 -0.387
 -1.835 -0.457 -0.803 -0.73 ]
q_head = [-0.     0.116]
marker_right =
[[ 0.132  0.99   0.038  0.108]
 [-0.989  0.135 -0.066 -0.022]
 [-0.07  -0.029  0.997  0.214]
 [ 0.     0.     0.     1.   ]]
marker_left =
[[ 0.017 -0.997  0.079 -0.085]
 [ 1.     0.017  0.003 -0.012]
 [-0.004  0.079  0.997  0.198]
 [ 0.     0.     0.     1.   ]]

--- Captured Sample ---
q_arm = [-1.096 -1.186  0.367 -1.848  0.441 -0.772  0.75  -1.096  1.185 -0.365
 -1.848 -0.443 -0.772 -0.748]
q_head = [-0.     0.116]
marker_right =
[[ 0.175  0.984  0.04   0.109]
 [-0.982  0.177 -0.063 -0.024]
 [-0.069 -0.029  0.997  0.214]
 [ 0.     0.     0.     1.   ]]
marker_left =
[[ 0.061 -0.995  0.083 -0.085]
 [ 0.998  0.062  0.001 -0.015]
 [-0.006  0.082  0.997  0.198]
 [ 0.     0.     0.     1.   ]]

--- Captured Sample ---
q_arm = [-1.157 -1.225  0.423 -1.822  0.455 -0.83   0.681 -1.146  1.21  -0.401
 -1.822 -0.482 -0.838 -0.747]
q_head = [-0.     0.116]
marker_right =
[[ 0.09   0.995  0.032  0.107]
 [-0.996  0.091 -0.025 -0.022]
 [-0.028 -0.03   0.999  0.214]
 [ 0.     0.     0.     1.   ]]
marker_left =
[[-0.025 -0.997  0.076 -0.085]
 [ 0.999 -0.028 -0.039 -0.008]
 [ 0.041  0.075  0.996  0.198]
 [ 0.     0.     0.     1.   ]]

--- Captured Sample ---
q_arm = [-1.161 -1.231  0.433 -1.822  0.443 -0.826  0.647 -1.142  1.203 -0.391
 -1.822 -0.493 -0.842 -0.781]
q_head = [-0.     0.116]
marker_right =
[[ 0.091  0.995  0.029  0.108]
 [-0.996  0.091  0.019 -0.024]
 [ 0.016 -0.031  0.999  0.214]
 [ 0.     0.     0.     1.   ]]
marker_left =
[[-0.022 -0.997  0.077 -0.085]
 [ 0.996 -0.028 -0.083 -0.005]
 [ 0.084  0.075  0.994  0.199]
 [ 0.     0.     0.     1.   ]]

--- Captured Sample ---
q_arm = [-1.147 -1.211  0.403 -1.822  0.479 -0.837  0.749 -1.156  1.223 -0.421
 -1.822 -0.457 -0.831 -0.679]
q_head = [-0.     0.116]
marker_right =
[[ 0.088  0.995  0.038  0.107]
 [-0.989  0.092 -0.112 -0.018]
 [-0.115 -0.028  0.993  0.214]
 [ 0.     0.     0.     1.   ]]
marker_left =
[[-0.03  -0.997  0.074 -0.085]
 [ 0.998 -0.027  0.048 -0.013]
 [-0.046  0.076  0.996  0.198]
 [ 0.     0.     0.     1.   ]]

--- Captured Sample ---
q_arm = [-1.143 -1.204  0.393 -1.822  0.491 -0.841  0.783 -1.16   1.23  -0.43
 -1.822 -0.445 -0.827 -0.645]
q_head = [-0.     0.116]
marker_right =
[[ 0.087  0.995  0.041  0.107]
 [-0.984  0.093 -0.155 -0.015]
 [-0.158 -0.027  0.987  0.214]
 [ 0.     0.     0.     1.   ]]
marker_left =
[[-0.033 -0.997  0.073 -0.085]
 [ 0.995 -0.026  0.092 -0.015]
 [-0.089  0.076  0.993  0.198]
 [ 0.     0.     0.     1.   ]]

--- Captured Sample ---
q_arm = [-1.114 -1.241  0.377 -1.809  0.44  -0.875  0.736 -1.189  1.193 -0.448
 -1.832 -0.497 -0.794 -0.692]
q_head = [-0.048  0.116]
marker_right =
[[ 0.09   0.996 -0.011  0.11 ]
 [-0.994  0.089 -0.069 -0.02 ]
 [-0.068  0.017  0.998  0.219]
 [ 0.     0.     0.     1.   ]]
marker_left =
[[-0.026 -0.999  0.027 -0.081]
 [ 1.    -0.026  0.005 -0.01 ]
 [-0.004  0.027  1.     0.194]
 [ 0.     0.     0.     1.   ]]

--- Captured Sample ---
q_arm = [-1.078 -1.263  0.342 -1.792  0.413 -0.917  0.757 -1.227  1.168 -0.485
 -1.839 -0.525 -0.755 -0.67 ]
q_head = [-0.096  0.117]
marker_right =
[[ 0.09   0.994 -0.058  0.112]
 [-0.994  0.086 -0.07  -0.021]
 [-0.065  0.064  0.996  0.226]
 [ 0.     0.     0.     1.   ]]
marker_left =
[[-0.024 -0.999 -0.023 -0.078]
 [ 1.    -0.024  0.005 -0.009]
 [-0.005 -0.023  1.     0.19 ]
 [ 0.     0.     0.     1.   ]]

--- Captured Sample ---
q_arm = [-1.19  -1.194  0.449 -1.832  0.495 -0.793  0.694 -1.114  1.241 -0.376
 -1.809 -0.441 -0.875 -0.735]
q_head = [0.047 0.116]
marker_right =
[[ 0.089  0.993  0.081  0.104]
 [-0.993  0.094 -0.068 -0.02 ]
 [-0.075 -0.074  0.994  0.209]
 [ 0.     0.     0.     1.   ]]
marker_left =
[[-0.029 -0.992  0.123 -0.088]
 [ 1.    -0.029  0.004 -0.011]
 [-0.001  0.123  0.992  0.204]
 [ 0.     0.     0.     1.   ]]

--- Captured Sample ---
q_arm = [-1.228 -1.169  0.487 -1.839  0.523 -0.754  0.672 -1.078  1.263 -0.342
 -1.792 -0.414 -0.917 -0.756]
q_head = [0.096 0.117]
marker_right =
[[ 0.088  0.988  0.128  0.101]
 [-0.993  0.097 -0.068 -0.019]
 [-0.079 -0.121  0.989  0.205]
 [ 0.     0.     0.     1.   ]]
marker_left =
[[-0.031 -0.985  0.173 -0.091]
 [ 1.    -0.03   0.004 -0.012]
 [ 0.002  0.173  0.985  0.21 ]
 [ 0.     0.     0.     1.   ]]

--- Captured Sample ---
q_arm = [-1.1   -1.218  0.406 -1.856  0.467 -0.818  0.746 -1.1    1.217 -0.404
 -1.856 -0.469 -0.818 -0.745]
q_head = [0.001 0.163]
marker_right =
[[ 0.09   0.995  0.039  0.108]
 [-0.989  0.094 -0.115 -0.017]
 [-0.118 -0.029  0.993  0.212]
 [ 0.     0.     0.     1.   ]]
marker_left =
[[-0.025 -0.997  0.077 -0.085]
 [ 0.999 -0.029 -0.042 -0.007]
 [ 0.045  0.076  0.996  0.197]
 [ 0.     0.     0.     1.   ]]

--- Captured Sample ---
q_arm = [-1.05  -1.215  0.4   -1.887  0.469 -0.804  0.777 -1.049  1.215 -0.398
 -1.887 -0.471 -0.805 -0.776]
q_head = [-0.     0.211]
marker_right =
[[ 0.09   0.995  0.042  0.108]
 [-0.982  0.095 -0.162 -0.015]
 [-0.166 -0.026  0.986  0.211]
 [ 0.     0.     0.     1.   ]]
marker_left =
[[-0.023 -0.997  0.077 -0.085]
 [ 0.995 -0.03  -0.09  -0.004]
 [ 0.092  0.074  0.993  0.196]
 [ 0.     0.     0.     1.   ]]

--- Captured Sample ---
q_arm = [-1.205 -1.217  0.423 -1.785  0.466 -0.85   0.687 -1.204  1.217 -0.422
 -1.785 -0.467 -0.851 -0.686]
q_head = [-0.    0.07]
marker_right =
[[ 0.089  0.996  0.032  0.107]
 [-0.996  0.09  -0.023 -0.023]
 [-0.026 -0.03   0.999  0.216]
 [ 0.     0.     0.     1.   ]]
marker_left =
[[-0.03  -0.997  0.075 -0.085]
 [ 0.998 -0.026  0.05  -0.014]
 [-0.048  0.076  0.996  0.201]
 [ 0.     0.     0.     1.   ]]

--- Captured Sample ---
q_arm = [-1.259 -1.214  0.433 -1.745  0.467 -0.869  0.658 -1.258  1.213 -0.432
 -1.745 -0.469 -0.87  -0.657]
q_head = [-0.     0.024]
marker_right =
[[ 0.088  0.996  0.029  0.107]
 [-0.996  0.087  0.023 -0.025]
 [ 0.02  -0.031  0.999  0.22 ]
 [ 0.     0.     0.     1.   ]]
marker_left =
[[-0.032 -0.997  0.074 -0.084]
 [ 0.995 -0.025  0.096 -0.017]
 [-0.094  0.077  0.993  0.204]
 [ 0.     0.     0.     1.   ]]

--- Captured Sample ---
q_arm = [-1.153 -1.219  0.415 -1.822  0.464 -0.833  0.717 -1.152  1.219 -0.413
 -1.822 -0.466 -0.833 -0.716]
q_head = [-0.086  0.098]
marker_right =
[[ 0.087  0.995 -0.051  0.084]
 [-0.995  0.085 -0.051 -0.016]
 [-0.046  0.055  0.997  0.223]
 [ 0.     0.     0.     1.   ]]
marker_left =
[[-0.019 -1.    -0.01  -0.106]
 [ 1.    -0.02   0.022 -0.005]
 [-0.022 -0.01   1.     0.19 ]
 [ 0.     0.     0.     1.   ]]

--- Captured Sample ---
q_arm = [-1.153 -1.219  0.415 -1.822  0.464 -0.833  0.717 -1.152  1.218 -0.413
 -1.822 -0.466 -0.833 -0.716]
q_head = [0.08  0.099]
marker_right =
[[ 0.09   0.989  0.115  0.128]
 [-0.994  0.097 -0.051 -0.015]
 [-0.062 -0.11   0.992  0.206]
 [ 0.     0.     0.     1.   ]]
marker_left =
[[-0.035 -0.987  0.155 -0.065]
 [ 0.999 -0.032  0.022 -0.007]
 [-0.017  0.155  0.988  0.206]
 [ 0.     0.     0.     1.   ]]

--- Captured Sample ---
q_arm = [-1.153 -1.219  0.415 -1.822  0.464 -0.833  0.717 -1.152  1.218 -0.413
 -1.822 -0.466 -0.833 -0.716]
q_head = [0.004 0.015]
marker_right =
[[ 0.089  0.995  0.039  0.108]
 [-0.996  0.088  0.032  0.007]
 [ 0.028 -0.042  0.999  0.22 ]
 [ 0.     0.     0.     1.   ]]
marker_left =
[[-0.028 -0.996  0.079 -0.084]
 [ 0.994 -0.019  0.105  0.015]
 [-0.103  0.082  0.991  0.204]
 [ 0.     0.     0.     1.   ]]

--- Captured Sample ---
q_arm = [-1.153 -1.219  0.415 -1.822  0.464 -0.833  0.717 -1.152  1.218 -0.413
 -1.822 -0.466 -0.833 -0.716]
q_head = [-0.     0.179]
marker_right =
[[ 0.089  0.995  0.035  0.107]
 [-0.987  0.093 -0.131 -0.036]
 [-0.134 -0.023  0.991  0.208]
 [ 0.     0.     0.     1.   ]]
marker_left =
[[-0.027 -0.997  0.075 -0.085]
 [ 0.998 -0.032 -0.058 -0.026]
 [ 0.06   0.074  0.995  0.194]
 [ 0.     0.     0.     1.   ]]

--- Captured Sample ---
q_arm = [-1.196 -1.219  0.415 -1.822  0.464 -0.833  0.717 -1.196  1.218 -0.413
 -1.822 -0.466 -0.833 -0.716]
q_head = [-0.     0.135]
marker_right =
[[ 0.089  0.996  0.021  0.103]
 [-0.988  0.091 -0.128 -0.035]
 [-0.13  -0.009  0.992  0.202]
 [ 0.     0.     0.     1.   ]]
marker_left =
[[-0.028 -0.996  0.09  -0.081]
 [ 0.998 -0.033 -0.055 -0.025]
 [ 0.058  0.089  0.994  0.187]
 [ 0.     0.     0.     1.   ]]

--- Captured Sample ---
q_arm = [-1.24  -1.219  0.415 -1.822  0.464 -0.833  0.717 -1.239  1.218 -0.413
 -1.822 -0.466 -0.833 -0.716]
q_head = [-0.     0.087]
marker_right =
[[ 0.089  0.996  0.006  0.099]
 [-0.989  0.089 -0.121 -0.034]
 [-0.121  0.005  0.993  0.196]
 [ 0.     0.     0.     1.   ]]
marker_left =
[[-0.028 -0.994  0.105 -0.077]
 [ 0.998 -0.033 -0.048 -0.023]
 [ 0.051  0.104  0.993  0.181]
 [ 0.     0.     0.     1.   ]]

--- Captured Sample ---
q_arm = [-1.109 -1.219  0.415 -1.822  0.464 -0.833  0.717 -1.109  1.219 -0.413
 -1.822 -0.466 -0.833 -0.716]
q_head = [-0.     0.228]
marker_right =
[[ 0.09   0.995  0.05   0.112]
 [-0.986  0.097 -0.138 -0.038]
 [-0.142 -0.037  0.989  0.215]
 [ 0.     0.     0.     1.   ]]
marker_left =
[[-0.026 -0.998  0.061 -0.089]
 [ 0.997 -0.03  -0.066 -0.028]
 [ 0.067  0.059  0.996  0.2  ]
 [ 0.     0.     0.     1.   ]]

--- Captured Sample ---
q_arm = [-1.065 -1.219  0.415 -1.822  0.464 -0.833  0.717 -1.065  1.219 -0.413
 -1.822 -0.466 -0.833 -0.716]
q_head = [-0.     0.274]
marker_right =
[[ 0.092  0.994  0.065  0.116]
 [-0.985  0.101 -0.143 -0.04 ]
 [-0.149 -0.051  0.988  0.221]
 [ 0.     0.     0.     1.   ]]
marker_left =
[[-0.025 -0.999  0.046 -0.093]
 [ 0.997 -0.028 -0.071 -0.03 ]
 [ 0.072  0.044  0.996  0.206]
 [ 0.     0.     0.     1.   ]]

--- Captured Sample ---
q_arm = [-1.153 -1.263  0.415 -1.822  0.464 -0.833  0.717 -1.152  1.175 -0.414
 -1.822 -0.466 -0.833 -0.716]
q_head = [-0.     0.183]
marker_right =
[[ 0.071  0.995  0.073  0.115]
 [-0.985  0.082 -0.149 -0.039]
 [-0.154 -0.061  0.986  0.21 ]
 [ 0.     0.     0.     1.   ]]
marker_left =
[[-0.014 -0.993  0.114 -0.078]
 [ 0.999 -0.02  -0.049 -0.025]
 [ 0.051  0.114  0.992  0.191]
 [ 0.     0.     0.     1.   ]]

--- Captured Sample ---
q_arm = [-1.153 -1.307  0.415 -1.822  0.464 -0.833  0.717 -1.152  1.131 -0.413
 -1.822 -0.466 -0.833 -0.716]
q_head = [-0.     0.182]
marker_right =
[[ 0.053  0.993  0.11   0.123]
 [-0.984  0.071 -0.162 -0.041]
 [-0.169 -0.1    0.981  0.211]
 [ 0.     0.     0.     1.   ]]
marker_left =
[[-0.001 -0.988  0.153 -0.071]
 [ 0.999 -0.007 -0.036 -0.023]
 [ 0.037  0.153  0.988  0.188]
 [ 0.     0.     0.     1.   ]]

--- Captured Sample ---
q_arm = [-1.153 -1.176  0.415 -1.822  0.464 -0.833  0.717 -1.152  1.262 -0.413
 -1.822 -0.466 -0.833 -0.716]
q_head = [-0.     0.182]
marker_right =
[[ 0.106  0.994 -0.002  0.099]
 [-0.987  0.105 -0.121 -0.035]
 [-0.12   0.015  0.993  0.206]
 [ 0.     0.     0.     1.   ]]
marker_left =
[[-0.041 -0.998  0.037 -0.092]
 [ 0.996 -0.044 -0.075 -0.028]
 [ 0.076  0.033  0.997  0.195]
 [ 0.     0.     0.     1.   ]]

--- Captured Sample ---
q_arm = [-1.153 -1.132  0.415 -1.822  0.464 -0.833  0.717 -1.152  1.306 -0.414
 -1.822 -0.466 -0.833 -0.716]
q_head = [-0.     0.182]
marker_right =
[[ 0.123  0.992 -0.04   0.092]
 [-0.987  0.118 -0.108 -0.033]
 [-0.102  0.053  0.993  0.204]
 [ 0.     0.     0.     1.   ]]
marker_left =
[[-0.056 -0.998 -0.002 -0.1  ]
 [ 0.995 -0.055 -0.088 -0.03 ]
 [ 0.088 -0.007  0.996  0.197]
 [ 0.     0.     0.     1.   ]]

--- Captured Sample ---
q_arm = [-1.153 -1.219  0.415 -1.822  0.421 -0.833  0.717 -1.152  1.218 -0.413
 -1.822 -0.51  -0.833 -0.716]
q_head = [-0.     0.182]
marker_right =
[[ 0.11   0.994  0.011  0.109]
 [-0.988  0.111 -0.105 -0.041]
 [-0.105  0.001  0.994  0.204]
 [ 0.     0.     0.     1.   ]]
marker_left =
[[-0.046 -0.998  0.05  -0.083]
 [ 0.995 -0.051 -0.09  -0.022]
 [ 0.092  0.045  0.995  0.198]
 [ 0.     0.     0.     1.   ]]

--- Captured Sample ---
q_arm = [-1.153 -1.219  0.415 -1.822  0.377 -0.833  0.717 -1.152  1.218 -0.413
 -1.822 -0.553 -0.833 -0.716]
q_head = [-0.     0.182]
marker_right =
[[ 0.13   0.991 -0.014  0.111]
 [-0.989  0.129 -0.075 -0.046]
 [-0.073  0.024  0.997  0.2  ]
 [ 0.     0.     0.     1.   ]]
marker_left =
[[-0.066 -0.998  0.025 -0.082]
 [ 0.991 -0.068 -0.119 -0.017]
 [ 0.12   0.017  0.993  0.204]
 [ 0.     0.     0.     1.   ]]

--- Captured Sample ---
q_arm = [-1.153 -1.219  0.415 -1.822  0.508 -0.833  0.717 -1.152  1.219 -0.413
 -1.822 -0.422 -0.833 -0.716]
q_head = [-0.     0.182]
marker_right =
[[ 0.068  0.996  0.059  0.106]
 [-0.983  0.076 -0.164 -0.032]
 [-0.168 -0.047  0.985  0.213]
 [ 0.     0.     0.     1.   ]]
marker_left =
[[-0.009 -0.995  0.102 -0.087]
 [ 0.999 -0.013 -0.033 -0.031]
 [ 0.034  0.101  0.994  0.188]
 [ 0.     0.     0.     1.   ]]

--- Captured Sample ---
q_arm = [-1.153 -1.219  0.415 -1.822  0.552 -0.833  0.717 -1.152  1.219 -0.413
 -1.822 -0.379 -0.833 -0.716]
q_head = [-0.     0.182]
marker_right =
[[ 0.045  0.996  0.082  0.105]
 [-0.979  0.06  -0.194 -0.028]
 [-0.198 -0.072  0.977  0.217]
 [ 0.     0.     0.     1.   ]]
marker_left =
[[ 0.008 -0.992  0.128 -0.089]
 [ 1.     0.007 -0.006 -0.036]
 [ 0.005  0.128  0.992  0.184]
 [ 0.     0.     0.     1.   ]]

--- Captured Sample ---
q_arm = [-1.153 -1.219  0.415 -1.822  0.464 -0.833  0.717 -1.152  1.219 -0.413
 -1.822 -0.466 -0.833 -0.716]
q_head = [-0.     0.182]
marker_right =
[[ 0.089  0.995  0.035  0.107]
 [-0.987  0.093 -0.134 -0.037]
 [-0.137 -0.023  0.99   0.208]
 [ 0.     0.     0.     1.   ]]
marker_left =
[[-0.027 -0.997  0.075 -0.085]
 [ 0.998 -0.032 -0.062 -0.026]
 [ 0.064  0.074  0.995  0.193]
 [ 0.     0.     0.     1.   ]]

--- Captured Sample ---
q_arm = [-1.212 -1.123  0.449 -1.649  0.472 -0.957  0.775 -1.204  1.168 -0.465
 -1.705 -0.51  -0.858 -0.735]
q_head = [-0.     0.131]
marker_right =
[[ 0.084  0.996 -0.006  0.107]
 [-0.993  0.084 -0.086 -0.025]
 [-0.085  0.013  0.996  0.241]
 [ 0.     0.     0.     1.   ]]
marker_left =
[[-0.026 -0.999  0.033 -0.081]
 [ 1.    -0.026 -0.01  -0.016]
 [ 0.011  0.033  0.999  0.229]
 [ 0.     0.     0.     1.   ]]

--- Captured Sample ---
q_arm = [-1.218 -1.101  0.444 -1.621  0.454 -1.006  0.793 -1.203  1.192 -0.476
 -1.732 -0.531 -0.808 -0.711]
q_head = [-0.    0.13]
marker_right =
[[ 0.084  0.995 -0.049  0.109]
 [-0.993  0.08  -0.087 -0.024]
 [-0.083  0.056  0.995  0.239]
 [ 0.     0.     0.     1.   ]]
marker_left =
[[-0.024 -1.    -0.012 -0.078]
 [ 1.    -0.023 -0.009 -0.016]
 [ 0.009 -0.012  1.     0.231]
 [ 0.     0.     0.     1.   ]]

--- Captured Sample ---
q_arm = [-1.205 -1.169  0.465 -1.705  0.51  -0.858  0.735 -1.211  1.122 -0.448
 -1.649 -0.473 -0.957 -0.774]
q_head = [-0.    0.13]
marker_right =
[[ 0.084  0.993  0.08   0.104]
 [-0.992  0.091 -0.083 -0.025]
 [-0.09  -0.072  0.993  0.245]
 [ 0.     0.     0.     1.   ]]
marker_left =
[[-0.03  -0.992  0.122 -0.086]
 [ 0.999 -0.032 -0.011 -0.016]
 [ 0.015  0.122  0.992  0.224]
 [ 0.     0.     0.     1.   ]]

--- Captured Sample ---
q_arm = [-1.204 -1.193  0.476 -1.732  0.531 -0.808  0.712 -1.217  1.1   -0.443
 -1.621 -0.455 -1.006 -0.792]
q_head = [-0.    0.13]
marker_right =
[[ 0.084  0.989  0.122  0.102]
 [-0.992  0.094 -0.081 -0.025]
 [-0.092 -0.114  0.989  0.247]
 [ 0.     0.     0.     1.   ]]
marker_left =
[[-0.033 -0.986  0.166 -0.089]
 [ 0.999 -0.035 -0.011 -0.016]
 [ 0.017  0.166  0.986  0.222]
 [ 0.     0.     0.     1.   ]]

--- Captured Sample ---
q_arm = [-1.234 -1.157  0.479 -1.664  0.506 -0.939  0.74  -1.234  1.156 -0.477
 -1.664 -0.508 -0.939 -0.738]
q_head = [-0.    0.13]
marker_right =
