--- Captured Sample ---
q_arm = [-1.135 -1.282  0.349 -1.955  0.451 -0.768  0.668 -1.135  1.282 -0.349
 -1.955 -0.451 -0.768 -0.668]
q_head = [-0.    -0.049]
marker_right =
[[ 0.12   0.991  0.051  0.109]
 [-0.991  0.116  0.069  0.004]
 [ 0.062 -0.059  0.996  0.202]
 [ 0.     0.     0.     1.   ]]
marker_left =
[[ 0.06  -0.997 -0.044 -0.094]
 [ 0.996  0.057  0.067  0.004]
 [-0.065 -0.048  0.997  0.197]
 [ 0.     0.     0.     1.   ]]

--- Captured Sample ---
q_arm = [-1.222 -1.282  0.349 -1.955  0.451 -0.768  0.668 -1.222  1.282 -0.349
 -1.955 -0.451 -0.768 -0.668]
q_head = [-0.   -0.15]
marker_right =
[[ 0.122  0.992  0.022  0.101]
 [-0.989  0.119  0.084  0.005]
 [ 0.081 -0.032  0.996  0.19 ]
 [ 0.     0.     0.     1.   ]]
marker_left =
[[ 0.059 -0.998 -0.016 -0.087]
 [ 0.995  0.058  0.087  0.005]
 [-0.086 -0.021  0.996  0.185]
 [ 0.     0.     0.     1.   ]]

--- Captured Sample ---
q_arm = [-1.091 -1.282  0.349 -1.955  0.451 -0.768  0.668 -1.091  1.282 -0.349
 -1.955 -0.451 -0.768 -0.668]
q_head = [-0.    -0.001]
marker_right =
[[ 0.12   0.991  0.066  0.113]
 [-0.991  0.116  0.059  0.003]
 [ 0.051 -0.073  0.996  0.208]
 [ 0.     0.     0.     1.   ]]
marker_left =
[[ 0.06  -0.996 -0.059 -0.098]
 [ 0.997  0.057  0.06   0.003]
 [-0.056 -0.063  0.996  0.203]
 [ 0.     0.     0.     1.   ]]

--- Captured Sample ---
q_arm = [-1.047 -1.282  0.349 -1.955  0.451 -0.768  0.668 -1.047  1.282 -0.349
 -1.955 -0.451 -0.768 -0.668]
q_head = [-0.     0.047]
marker_right =
[[ 0.121  0.989  0.083  0.117]
 [-0.992  0.117  0.055  0.002]
 [ 0.044 -0.089  0.995  0.215]
 [ 0.     0.     0.     1.   ]]
marker_left =
[[ 0.062 -0.995 -0.072 -0.103]
 [ 0.997  0.058  0.053  0.002]
 [-0.049 -0.075  0.996  0.21 ]
 [ 0.     0.     0.     1.   ]]

--- Captured Sample ---
q_arm = [-1.135 -1.326  0.349 -1.955  0.451 -0.768  0.668 -1.135  1.238 -0.349
 -1.955 -0.451 -0.768 -0.668]
q_head = [-0.    -0.049]
marker_right =
[[ 0.101  0.991  0.085  0.115]
 [-0.994  0.097  0.053  0.003]
 [ 0.044 -0.089  0.995  0.204]
 [ 0.     0.     0.     1.   ]]
marker_left =
[[ 0.079 -0.997 -0.01  -0.089]
 [ 0.993  0.078  0.085  0.005]
 [-0.084 -0.017  0.996  0.196]
 [ 0.     0.     0.     1.   ]]

--- Captured Sample ---
q_arm = [-1.135 -1.369  0.349 -1.955  0.451 -0.768  0.668 -1.135  1.195 -0.349
 -1.955 -0.451 -0.768 -0.668]
q_head = [-0.    -0.049]
marker_right =
[[ 0.08   0.989  0.121  0.12 ]
 [-0.996  0.075  0.039  0.002]
 [ 0.029 -0.124  0.992  0.205]
 [ 0.     0.     0.     1.   ]]
marker_left =
[[ 0.097 -0.995  0.029 -0.083]
 [ 0.99   0.099  0.096  0.006]
 [-0.099  0.019  0.995  0.193]
 [ 0.     0.     0.     1.   ]]

--- Captured Sample ---
q_arm = [-1.135 -1.238  0.349 -1.955  0.451 -0.768  0.668 -1.135  1.326 -0.349
 -1.955 -0.451 -0.768 -0.668]
q_head = [-0.    -0.049]
marker_right =
[[ 0.139  0.99   0.015  0.103]
 [-0.987  0.137  0.083  0.005]
 [ 0.08  -0.026  0.996  0.2  ]
 [ 0.     0.     0.     1.   ]]
marker_left =
[[ 0.041 -0.996 -0.078 -0.1  ]
 [ 0.998  0.037  0.053  0.003]
 [-0.05  -0.08   0.996  0.199]
 [ 0.     0.     0.     1.   ]]

--- Captured Sample ---
q_arm = [-1.135 -1.195  0.349 -1.955  0.451 -0.768  0.668 -1.135  1.369 -0.349
 -1.955 -0.451 -0.768 -0.668]
q_head = [-0.    -0.049]
marker_right =
[[ 0.159  0.987 -0.02   0.097]
 [-0.982  0.16   0.096  0.005]
 [ 0.098  0.005  0.995  0.198]
 [ 0.     0.     0.     1.   ]]
marker_left =
[[ 0.021 -0.993 -0.113 -0.106]
 [ 0.999  0.017  0.038  0.001]
 [-0.036 -0.114  0.993  0.201]
 [ 0.     0.     0.     1.   ]]

--- Captured Sample ---
q_arm = [-1.135 -1.282  0.349 -1.955  0.408 -0.768  0.668 -1.135  1.282 -0.349
 -1.955 -0.495 -0.768 -0.668]
q_head = [-0.    -0.049]
marker_right =
[[ 0.138  0.99   0.023  0.11 ]
 [-0.986  0.135  0.099 -0.001]
 [ 0.095 -0.037  0.995  0.198]
 [ 0.     0.     0.     1.   ]]
marker_left =
[[ 0.04  -0.997 -0.066 -0.093]
 [ 0.999  0.037  0.037  0.009]
 [-0.034 -0.067  0.997  0.201]
 [ 0.     0.     0.     1.   ]]

--- Captured Sample ---
q_arm = [-1.135 -1.282  0.349 -1.955  0.364 -0.768  0.668 -1.135  1.282 -0.349
 -1.955 -0.539 -0.768 -0.668]
q_head = [-0.    -0.049]
marker_right =
[[ 0.156  0.988  0.003  0.112]
 [-0.98   0.154  0.128 -0.006]
 [ 0.127 -0.023  0.992  0.196]
 [ 0.     0.     0.     1.   ]]
marker_left =
[[ 0.022 -0.996 -0.088 -0.092]
 [ 1.     0.022  0.009  0.014]
 [-0.007 -0.088  0.996  0.205]
 [ 0.     0.     0.     1.   ]]

--- Captured Sample ---
q_arm = [-1.135 -1.282  0.349 -1.955  0.495 -0.768  0.668 -1.135  1.282 -0.349
 -1.955 -0.408 -0.768 -0.668]
q_head = [-0.    -0.049]
marker_right =
[[ 0.101  0.992  0.081  0.107]
 [-0.994  0.099  0.038  0.009]
 [ 0.029 -0.085  0.996  0.206]
 [ 0.     0.     0.     1.   ]]
marker_left =
[[ 0.078 -0.997 -0.02  -0.096]
 [ 0.992  0.076  0.101 -0.001]
 [-0.099 -0.028  0.995  0.194]
 [ 0.     0.     0.     1.   ]]

