--- Captured Sample ---
q_arm = [-0.764 -1.242  0.077 -2.     0.483 -0.923  0.753 -0.764  1.243 -0.077
 -2.    -0.483 -0.923 -0.753]
q_head = [-0.   -0.04]
marker_right =
[[ 0.107  0.994  0.015  0.154]
 [-0.994  0.107  0.018  0.05 ]
 [ 0.016 -0.017  1.     0.185]
 [ 0.     0.     0.     1.   ]]
marker_left =
[[-0.012 -0.997  0.076 -0.138]
 [ 0.996 -0.005  0.091  0.059]
 [-0.09   0.077  0.993  0.166]
 [ 0.     0.     0.     1.   ]]

--- Captured Sample ---
q_arm = [-0.808 -1.242  0.077 -2.     0.483 -0.923  0.753 -0.808  1.243 -0.077
 -2.    -0.483 -0.923 -0.753]
q_head = [-0.    -0.086]
marker_right =
[[ 0.108  0.994 -0.     0.151]
 [-0.994  0.108  0.023  0.05 ]
 [ 0.023 -0.002  1.     0.179]
 [ 0.     0.     0.     1.   ]]
marker_left =
[[-0.013 -0.996  0.091 -0.135]
 [ 0.995 -0.004  0.095  0.059]
 [-0.095  0.092  0.991  0.16 ]
 [ 0.     0.     0.     1.   ]]

--- Captured Sample ---
q_arm = [-0.677 -1.242  0.077 -2.     0.483 -0.923  0.753 -0.677  1.243 -0.077
 -2.    -0.483 -0.923 -0.753]
q_head = [-0.     0.047]
marker_right =
[[ 0.107  0.993  0.045  0.162]
 [-0.994  0.107  0.013  0.051]
 [ 0.008 -0.046  0.999  0.197]
 [ 0.     0.     0.     1.   ]]
marker_left =
[[-0.009 -0.999  0.047 -0.145]
 [ 0.996 -0.005  0.086  0.06 ]
 [-0.085  0.047  0.995  0.178]
 [ 0.     0.     0.     1.   ]]

--- Captured Sample ---
q_arm = [-0.633 -1.242  0.077 -2.     0.483 -0.923  0.753 -0.633  1.243 -0.077
 -2.    -0.483 -0.923 -0.753]
q_head = [-0.     0.091]
marker_right =
[[ 0.108  0.992  0.06   0.166]
 [-0.994  0.108  0.01   0.051]
 [ 0.004 -0.06   0.998  0.203]
 [ 0.     0.     0.     1.   ]]
marker_left =
[[-0.007 -0.999  0.032 -0.149]
 [ 0.997 -0.004  0.083  0.06 ]
 [-0.083  0.032  0.996  0.184]
 [ 0.     0.     0.     1.   ]]

--- Captured Sample ---
q_arm = [-0.72  -1.286  0.077 -2.     0.483 -0.923  0.753 -0.72   1.199 -0.077
 -2.    -0.483 -0.923 -0.753]
q_head = [-0.     0.005]
marker_right =
[[ 0.074  0.996  0.057  0.161]
 [-0.997  0.074  0.003  0.05 ]
 [-0.001 -0.057  0.998  0.192]
 [ 0.     0.     0.     1.   ]]
marker_left =
[[ 0.019 -0.996  0.092 -0.139]
 [ 0.995  0.027  0.094  0.059]
 [-0.096  0.089  0.991  0.171]
 [ 0.     0.     0.     1.   ]]

--- Captured Sample ---
q_arm = [-0.72  -1.33   0.077 -2.     0.483 -0.923  0.753 -0.72   1.155 -0.077
 -2.    -0.483 -0.923 -0.753]
q_head = [-0.     0.004]
marker_right =
[[ 0.041  0.996  0.084  0.164]
 [-0.999  0.042 -0.008  0.05 ]
 [-0.012 -0.083  0.996  0.192]
 [ 0.     0.     0.     1.   ]]
marker_left =
[[ 0.048 -0.991  0.122 -0.136]
 [ 0.993  0.061  0.101  0.06 ]
 [-0.108  0.116  0.987  0.171]
 [ 0.     0.     0.     1.   ]]

--- Captured Sample ---
q_arm = [-0.72  -1.199  0.077 -2.     0.483 -0.923  0.753 -0.72   1.286 -0.077
 -2.    -0.483 -0.923 -0.753]
q_head = [-0.     0.004]
marker_right =
[[ 0.139  0.99   0.002  0.155]
 [-0.99   0.139  0.025  0.051]
 [ 0.025 -0.006  1.     0.191]
 [ 0.     0.     0.     1.   ]]
marker_left =
[[-0.041 -0.999  0.032 -0.144]
 [ 0.996 -0.039  0.079  0.059]
 [-0.078  0.035  0.996  0.173]
 [ 0.     0.     0.     1.   ]]

--- Captured Sample ---
q_arm = [-0.72  -1.155  0.077 -2.     0.483 -0.923  0.753 -0.72   1.33  -0.077
 -2.    -0.483 -0.923 -0.753]
q_head = [-0.     0.004]
marker_right =
[[ 0.171  0.985 -0.026  0.153]
 [-0.985  0.172  0.034  0.051]
 [ 0.038  0.019  0.999  0.19 ]
 [ 0.     0.     0.     1.   ]]
marker_left =
[[-0.072 -0.997  0.002 -0.147]
 [ 0.995 -0.071  0.07   0.059]
 [-0.069  0.007  0.998  0.174]
 [ 0.     0.     0.     1.   ]]

--- Captured Sample ---
q_arm = [-0.72  -1.242  0.077 -2.     0.439 -0.923  0.753 -0.72   1.243 -0.077
 -2.    -0.526 -0.923 -0.753]
q_head = [-0.     0.004]
marker_right =
[[ 0.13   0.991  0.004  0.16 ]
 [-0.991  0.13   0.041  0.045]
 [ 0.04  -0.009  0.999  0.187]
 [ 0.     0.     0.     1.   ]]
marker_left =
[[-0.033 -0.999  0.034 -0.14 ]
 [ 0.998 -0.031  0.063  0.065]
 [-0.061  0.036  0.997  0.177]
 [ 0.     0.     0.     1.   ]]

--- Captured Sample ---
q_arm = [-0.72  -1.242  0.077 -2.     0.396 -0.923  0.753 -0.72   1.243 -0.077
 -2.    -0.57  -0.923 -0.753]
q_head = [-0.     0.004]
marker_right =
[[ 0.153  0.988 -0.023  0.162]
 [-0.986  0.154  0.067  0.04 ]
 [ 0.07   0.012  0.997  0.184]
 [ 0.     0.     0.     1.   ]]
marker_left =
[[-0.056 -0.998  0.008 -0.139]
 [ 0.998 -0.055  0.037  0.071]
 [-0.036  0.01   0.999  0.181]
 [ 0.     0.     0.     1.   ]]

--- Captured Sample ---
q_arm = [-0.72  -1.242  0.077 -2.     0.526 -0.923  0.753 -0.72   1.243 -0.077
 -2.    -0.439 -0.923 -0.753]
q_head = [-0.     0.004]
marker_right =
[[ 0.083  0.995  0.055  0.157]
 [-0.996  0.084 -0.012  0.056]
 [-0.017 -0.054  0.998  0.195]
 [ 0.     0.     0.     1.   ]]
marker_left =
[[ 0.01  -0.996  0.089 -0.143]
 [ 0.994  0.02   0.112  0.054]
 [-0.113  0.087  0.99   0.168]
 [ 0.     0.     0.     1.   ]]

--- Captured Sample ---
q_arm = [-0.72  -1.242  0.077 -2.     0.57  -0.923  0.753 -0.72   1.242 -0.077
 -2.    -0.396 -0.923 -0.753]
q_head = [-0.     0.004]
marker_right =
[[ 0.058  0.995  0.08   0.155]
 [-0.997  0.061 -0.04   0.061]
 [-0.045 -0.077  0.996  0.199]
 [ 0.     0.     0.     1.   ]]
marker_left =
[[ 0.031 -0.993  0.117 -0.146]
 [ 0.99   0.046  0.135  0.048]
 [-0.14   0.112  0.984  0.164]
 [ 0.     0.     0.     1.   ]]

--- Captured Sample ---
q_arm = [-0.72  -1.242  0.077 -2.     0.483 -0.923  0.753 -0.72   1.243 -0.077
 -2.    -0.483 -0.923 -0.753]
q_head = [-0.     0.004]
marker_right =
[[ 0.107  0.994  0.03   0.158]
 [-0.994  0.106  0.015  0.051]
 [ 0.012 -0.031  0.999  0.191]
 [ 0.     0.     0.     1.   ]]
marker_left =
[[-0.011 -0.998  0.061 -0.142]
 [ 0.996 -0.006  0.088  0.06 ]
 [-0.087  0.062  0.994  0.172]
 [ 0.     0.     0.     1.   ]]

--- Captured Sample ---
q_arm = [-0.738 -1.22   0.084 -1.976  0.467 -0.969  0.766 -0.703  1.266 -0.07
 -2.023 -0.499 -0.876 -0.739]
q_head = [-0.     0.004]
marker_right =
[[ 0.107  0.994 -0.014  0.16 ]
 [-0.994  0.107  0.013  0.051]
 [ 0.014  0.013  1.     0.189]
 [ 0.     0.     0.     1.   ]]
marker_left =
[[-0.008 -1.     0.017 -0.139]
 [ 0.996 -0.007  0.089  0.06 ]
 [-0.089  0.017  0.996  0.175]
 [ 0.     0.     0.     1.   ]]

--- Captured Sample ---
q_arm = [-0.755 -1.199  0.092 -1.953  0.45  -1.015  0.778 -0.686  1.291 -0.064
 -2.047 -0.516 -0.828 -0.723]
q_head = [-0.     0.004]
marker_right =
[[ 0.107  0.993 -0.058  0.162]
 [-0.994  0.107  0.011  0.051]
 [ 0.017  0.056  0.998  0.187]
 [ 0.     0.     0.     1.   ]]
marker_left =
[[-0.005 -1.    -0.029 -0.137]
 [ 0.996 -0.008  0.09   0.06 ]
 [-0.09  -0.028  0.996  0.177]
 [ 0.     0.     0.     1.   ]]

--- Captured Sample ---
q_arm = [-0.703 -1.266  0.07  -2.023  0.499 -0.876  0.739 -0.738  1.22  -0.084
 -1.976 -0.467 -0.969 -0.766]
q_head = [-0.     0.004]
marker_right =
[[ 0.107  0.992  0.074  0.157]
 [-0.994  0.106  0.017  0.05 ]
 [ 0.009 -0.075  0.997  0.193]
 [ 0.     0.     0.     1.   ]]
marker_left =
[[-0.014 -0.994  0.106 -0.144]
 [ 0.996 -0.005  0.086  0.059]
 [-0.085  0.107  0.991  0.17 ]
 [ 0.     0.     0.     1.   ]]

--- Captured Sample ---
q_arm = [-0.686 -1.29   0.064 -2.047  0.516 -0.829  0.723 -0.755  1.199 -0.092
 -1.953 -0.451 -1.015 -0.778]
q_head = [-0.     0.004]
marker_right =
[[ 0.107  0.987  0.117  0.155]
 [-0.994  0.105  0.019  0.05 ]
 [ 0.006 -0.118  0.993  0.195]
 [ 0.     0.     0.     1.   ]]
marker_left =
[[-0.017 -0.988  0.151 -0.147]
 [ 0.996 -0.004  0.085  0.059]
 [-0.083  0.151  0.985  0.168]
 [ 0.     0.     0.     1.   ]]

--- Captured Sample ---
q_arm = [-0.743 -1.265  0.096 -1.99   0.493 -0.948  0.741 -0.743  1.264 -0.095
 -1.99  -0.494 -0.948 -0.74 ]
q_head = [-0.     0.004]
marker_right =
[[ 0.064  0.998  0.027  0.158]
 [-0.998  0.063  0.012  0.053]
 [ 0.01  -0.028  1.     0.191]
 [ 0.     0.     0.     1.   ]]
marker_left =
[[-0.055 -0.997  0.058 -0.142]
 [ 0.995 -0.05   0.089  0.062]
 [-0.086  0.063  0.994  0.172]
 [ 0.     0.     0.     1.   ]]

--- Captured Sample ---
q_arm = [-0.767 -1.285  0.115 -1.981  0.504 -0.974  0.729 -0.767  1.284 -0.114
 -1.981 -0.505 -0.974 -0.727]
q_head = [-0.     0.004]
marker_right =
[[ 0.02   0.999  0.025  0.157]
 [-1.     0.02   0.01   0.055]
 [ 0.009 -0.025  1.     0.191]
 [ 0.     0.     0.     1.   ]]
marker_left =
[[-0.099 -0.994  0.055 -0.142]
 [ 0.991 -0.094  0.091  0.064]
 [-0.085  0.063  0.994  0.172]
 [ 0.     0.     0.     1.   ]]

--- Captured Sample ---
q_arm = [-0.699 -1.22   0.061 -2.009  0.472 -0.898  0.766 -0.699  1.219 -0.06
 -2.009 -0.473 -0.899 -0.765]
q_head = [-0.     0.004]
marker_right =
[[ 0.15   0.988  0.032  0.159]
 [-0.989  0.149  0.018  0.049]
 [ 0.013 -0.034  0.999  0.192]
 [ 0.     0.     0.     1.   ]]
marker_left =
[[ 0.033 -0.997  0.065 -0.142]
 [ 0.996  0.039  0.086  0.057]
 [-0.088  0.062  0.994  0.172]
 [ 0.     0.     0.     1.   ]]

--- Captured Sample ---
q_arm = [-0.68  -1.196  0.045 -2.019  0.463 -0.874  0.779 -0.68   1.195 -0.044
 -2.019 -0.464 -0.875 -0.777]
q_head = [-0.     0.004]
marker_right =
[[ 0.192  0.981  0.034  0.16 ]
 [-0.981  0.191  0.02   0.047]
 [ 0.013 -0.037  0.999  0.192]
 [ 0.     0.     0.     1.   ]]
marker_left =
[[ 0.077 -0.995  0.068 -0.142]
 [ 0.993  0.083  0.084  0.055]
 [-0.089  0.061  0.994  0.172]
 [ 0.     0.     0.     1.   ]]

--- Captured Sample ---
q_arm = [-0.722 -1.254  0.086 -2.     0.467 -0.917  0.723 -0.719  1.233 -0.069
 -2.    -0.496 -0.928 -0.785]
q_head = [-0.     0.004]
marker_right =
[[ 0.107  0.994  0.026  0.159]
 [-0.993  0.106  0.058  0.048]
 [ 0.055 -0.032  0.998  0.192]
 [ 0.     0.     0.     1.   ]]
marker_left =
[[-0.009 -0.998  0.062 -0.142]
 [ 0.999 -0.006  0.044  0.062]
 [-0.043  0.062  0.997  0.172]
 [ 0.     0.     0.     1.   ]]

--- Captured Sample ---
q_arm = [-0.723 -1.264  0.095 -2.     0.454 -0.913  0.692 -0.718  1.223 -0.061
 -2.    -0.509 -0.933 -0.817]
q_head = [-0.     0.004]
marker_right =
[[ 0.108  0.994  0.023  0.159]
 [-0.989  0.105  0.102  0.046]
 [ 0.099 -0.034  0.995  0.192]
 [ 0.     0.     0.     1.   ]]
marker_left =
[[-0.007 -0.998  0.062 -0.142]
 [ 1.    -0.007  0.     0.064]
 [ 0.     0.062  0.998  0.172]
 [ 0.     0.     0.     1.   ]]

--- Captured Sample ---
q_arm = [-0.719 -1.234  0.07  -2.     0.494 -0.928  0.786 -0.722  1.253 -0.085
 -2.    -0.469 -0.918 -0.722]
q_head = [-0.     0.004]
marker_right =
[[ 0.106  0.994  0.033  0.158]
 [-0.994  0.107 -0.029  0.053]
 [-0.032 -0.03   0.999  0.191]
 [ 0.     0.     0.     1.   ]]
marker_left =
[[-0.013 -0.998  0.061 -0.142]
 [ 0.991 -0.005  0.131  0.057]
 [-0.13   0.062  0.99   0.172]
 [ 0.     0.     0.     1.   ]]

--- Captured Sample ---
q_arm = [-0.718 -1.224  0.062 -2.     0.508 -0.933  0.818 -0.723  1.263 -0.094
 -2.    -0.455 -0.913 -0.69 ]
q_head = [-0.     0.004]
marker_right =
[[ 0.105  0.994  0.037  0.158]
 [-0.992  0.108 -0.072  0.055]
 [-0.076 -0.029  0.997  0.191]
 [ 0.     0.     0.     1.   ]]
marker_left =
[[-0.015 -0.998  0.061 -0.142]
 [ 0.985 -0.004  0.174  0.055]
 [-0.173  0.062  0.983  0.173]
 [ 0.     0.     0.     1.   ]]

--- Captured Sample ---
q_arm = [-0.678 -1.255  0.031 -1.976  0.456 -0.972  0.774 -0.766  1.231 -0.126
 -2.021 -0.509 -0.874 -0.732]
q_head = [-0.053  0.004]
marker_right =
[[ 0.107  0.994 -0.021  0.161]
 [-0.994  0.108  0.013  0.051]
 [ 0.016  0.02   1.     0.2  ]
 [ 0.     0.     0.     1.   ]]
marker_left =
[[-0.009 -1.     0.008 -0.138]
 [ 0.996 -0.008  0.088  0.06 ]
 [-0.088  0.009  0.996  0.165]
 [ 0.     0.     0.     1.   ]]

--- Captured Sample ---
q_arm = [-0.638 -1.264 -0.012 -1.948  0.433 -1.022  0.792 -0.813  1.217 -0.177
 -2.039 -0.539 -0.826 -0.71 ]
q_head = [-0.107  0.004]
marker_right =
[[ 0.107  0.992 -0.073  0.163]
 [-0.994  0.109  0.012  0.051]
 [ 0.02   0.071  0.997  0.21 ]
 [ 0.     0.     0.     1.   ]]
marker_left =
[[-0.007 -0.999 -0.046 -0.133]
 [ 0.996 -0.011  0.09   0.06 ]
 [-0.09  -0.045  0.995  0.158]
 [ 0.     0.     0.     1.   ]]

--- Captured Sample ---
q_arm = [-0.766 -1.235  0.129 -2.021  0.504 -0.872  0.737 -0.678  1.258 -0.034
 -1.976 -0.452 -0.971 -0.777]
q_head = [0.053 0.004]
marker_right =
[[ 0.106  0.991  0.08   0.155]
 [-0.994  0.105  0.016  0.05 ]
 [ 0.007 -0.082  0.997  0.183]
 [ 0.     0.     0.     1.   ]]
marker_left =
[[-0.013 -0.993  0.114 -0.145]
 [ 0.996 -0.003  0.086  0.059]
 [-0.085  0.115  0.99   0.181]
 [ 0.     0.     0.     1.   ]]

--- Captured Sample ---
q_arm = [-0.814 -1.221  0.18  -2.039  0.533 -0.824  0.714 -0.638  1.267  0.01
 -1.948 -0.429 -1.021 -0.795]
q_head = [0.107 0.004]
marker_right =
[[ 0.105  0.986  0.132  0.152]
 [-0.994  0.103  0.017  0.05 ]
 [ 0.003 -0.133  0.991  0.176]
 [ 0.     0.     0.     1.   ]]
marker_left =
[[-0.015 -0.986  0.168 -0.148]
 [ 0.996 -0.001  0.085  0.059]
 [-0.084  0.169  0.982  0.191]
 [ 0.     0.     0.     1.   ]]

--- Captured Sample ---
q_arm = [-0.669 -1.237  0.076 -2.024  0.483 -0.915  0.793 -0.669  1.234 -0.074
 -2.024 -0.487 -0.917 -0.789]
q_head = [0.001 0.057]
marker_right =
[[ 0.106  0.994  0.035  0.158]
 [-0.993  0.108 -0.039  0.053]
 [-0.042 -0.031  0.999  0.191]
 [ 0.     0.     0.     1.   ]]
marker_left =
[[-0.009 -0.998  0.063 -0.142]
 [ 0.999 -0.007  0.034  0.063]
 [-0.034  0.063  0.997  0.173]
 [ 0.     0.     0.     1.   ]]

--- Captured Sample ---
q_arm = [-0.62  -1.222  0.072 -2.045  0.494 -0.913  0.824 -0.62   1.219 -0.07
 -2.045 -0.498 -0.914 -0.82 ]
q_head = [-0.     0.111]
marker_right =
[[ 0.106  0.994  0.038  0.158]
 [-0.99   0.109 -0.092  0.055]
 [-0.096 -0.028  0.995  0.193]
 [ 0.     0.     0.     1.   ]]
marker_left =
[[-0.006 -0.998  0.062 -0.142]
 [ 1.    -0.008 -0.02   0.065]
 [ 0.02   0.062  0.998  0.174]
 [ 0.     0.     0.     1.   ]]

--- Captured Sample ---
q_arm = [-0.776 -1.262  0.093 -1.973  0.464 -0.926  0.732 -0.776  1.259 -0.091
 -1.973 -0.468 -0.927 -0.729]
q_head = [-0.    -0.048]
marker_right =
[[ 0.106  0.994  0.027  0.158]
 [-0.992  0.104  0.067  0.048]
 [ 0.064 -0.034  0.997  0.192]
 [ 0.     0.     0.     1.   ]]
marker_left =
[[-0.013 -0.998  0.061 -0.142]
 [ 0.99  -0.005  0.14   0.056]
 [-0.139  0.063  0.988  0.173]
 [ 0.     0.     0.     1.   ]]

--- Captured Sample ---
q_arm = [-0.833 -1.272  0.106 -1.943  0.457 -0.934  0.702 -0.833  1.269 -0.103
 -1.943 -0.461 -0.935 -0.699]
q_head = [-0.    -0.103]
marker_right =
[[ 0.106  0.994  0.023  0.158]
 [-0.987  0.102  0.122  0.046]
 [ 0.118 -0.036  0.992  0.194]
 [ 0.     0.     0.     1.   ]]
marker_left =
[[-0.016 -0.998  0.061 -0.141]
 [ 0.981 -0.004  0.194  0.054]
 [-0.193  0.063  0.979  0.174]
 [ 0.     0.     0.     1.   ]]

--- Captured Sample ---
q_arm = [-0.877 -1.272  0.106 -1.943  0.457 -0.934  0.702 -0.876  1.269 -0.104
 -1.943 -0.461 -0.935 -0.699]
q_head = [-0.    -0.149]
marker_right =
[[ 0.106  0.994  0.008  0.154]
 [-0.986  0.104  0.127  0.046]
 [ 0.126 -0.022  0.992  0.188]
 [ 0.     0.     0.     1.   ]]
marker_left =
[[-0.017 -0.997  0.076 -0.138]
 [ 0.98  -0.001  0.199  0.053]
 [-0.198  0.078  0.977  0.169]
 [ 0.     0.     0.     1.   ]]

--- Captured Sample ---
q_arm = [-0.92  -1.272  0.106 -1.943  0.457 -0.934  0.702 -0.92   1.269 -0.104
 -1.943 -0.461 -0.935 -0.699]
q_head = [-0.    -0.197]
marker_right =
[[ 0.107  0.994 -0.007  0.151]
 [-0.985  0.106  0.134  0.046]
 [ 0.134 -0.008  0.991  0.182]
 [ 0.     0.     0.     1.   ]]
marker_left =
[[-0.017 -0.996  0.091 -0.134]
 [ 0.979  0.002  0.205  0.053]
 [-0.204  0.092  0.975  0.163]
 [ 0.     0.     0.     1.   ]]

--- Captured Sample ---
q_arm = [-0.789 -1.271  0.106 -1.943  0.457 -0.934  0.702 -0.789  1.269 -0.104
 -1.943 -0.461 -0.935 -0.699]
q_head = [-0.    -0.058]
marker_right =
[[ 0.106  0.994  0.038  0.162]
 [-0.988  0.101  0.118  0.047]
 [ 0.114 -0.05   0.992  0.2  ]
 [ 0.     0.     0.     1.   ]]
marker_left =
[[-0.014 -0.999  0.046 -0.145]
 [ 0.982 -0.005  0.19   0.054]
 [-0.19   0.048  0.981  0.18 ]
 [ 0.     0.     0.     1.   ]]

--- Captured Sample ---
q_arm = [-0.746 -1.272  0.106 -1.943  0.457 -0.934  0.702 -0.745  1.269 -0.104
 -1.943 -0.461 -0.935 -0.699]
q_head = [-0.    -0.013]
marker_right =
[[ 0.108  0.993  0.053  0.166]
 [-0.988  0.101  0.114  0.047]
 [ 0.107 -0.065  0.992  0.206]
 [ 0.     0.     0.     1.   ]]
marker_left =
[[-0.012 -0.999  0.031 -0.149]
 [ 0.983 -0.006  0.186  0.054]
 [-0.185  0.033  0.982  0.186]
 [ 0.     0.     0.     1.   ]]

--- Captured Sample ---
q_arm = [-0.833 -1.315  0.106 -1.943  0.457 -0.934  0.702 -0.833  1.225 -0.103
 -1.943 -0.461 -0.935 -0.699]
q_head = [-0.    -0.102]
marker_right =
[[ 0.077  0.996  0.054  0.161]
 [-0.992  0.07   0.109  0.045]
 [ 0.105 -0.062  0.993  0.194]
 [ 0.     0.     0.     1.   ]]
marker_left =
[[ 0.01  -0.996  0.094 -0.138]
 [ 0.979  0.029  0.201  0.054]
 [-0.203  0.09   0.975  0.174]
 [ 0.     0.     0.     1.   ]]

--- Captured Sample ---
q_arm = [-0.833 -1.359  0.106 -1.943  0.457 -0.934  0.702 -0.833  1.182 -0.104
 -1.943 -0.461 -0.935 -0.699]
q_head = [-0.    -0.103]
marker_right =
[[ 0.047  0.995  0.084  0.165]
 [-0.995  0.039  0.097  0.045]
 [ 0.093 -0.088  0.992  0.195]
 [ 0.     0.     0.     1.   ]]
marker_left =
[[ 0.036 -0.991  0.127 -0.135]
 [ 0.976  0.062  0.209  0.055]
 [-0.215  0.117  0.97   0.173]
 [ 0.     0.     0.     1.   ]]

--- Captured Sample ---
q_arm = [-0.833 -1.228  0.106 -1.943  0.457 -0.934  0.702 -0.832  1.313 -0.104
 -1.943 -0.461 -0.935 -0.699]
q_head = [-0.    -0.103]
marker_right =
[[ 0.135  0.991 -0.008  0.155]
 [-0.982  0.134  0.133  0.047]
 [ 0.133 -0.011  0.991  0.193]
 [ 0.     0.     0.     1.   ]]
marker_left =
[[-0.042 -0.999  0.028 -0.144]
 [ 0.982 -0.036  0.184  0.053]
 [-0.183  0.035  0.982  0.175]
 [ 0.     0.     0.     1.   ]]

--- Captured Sample ---
q_arm = [-0.833 -1.184  0.106 -1.943  0.457 -0.934  0.702 -0.833  1.356 -0.104
 -1.943 -0.461 -0.935 -0.699]
q_head = [-0.    -0.103]
marker_right =
[[ 0.163  0.986 -0.039  0.152]
 [-0.976  0.167  0.143  0.047]
 [ 0.148  0.014  0.989  0.193]
 [ 0.     0.     0.     1.   ]]
marker_left =
[[-0.069 -0.998 -0.005 -0.148]
 [ 0.982 -0.068  0.174  0.052]
 [-0.174  0.007  0.985  0.175]
 [ 0.     0.     0.     1.   ]]

--- Captured Sample ---
q_arm = [-0.833 -1.272  0.106 -1.943  0.414 -0.934  0.702 -0.833  1.269 -0.104
 -1.943 -0.505 -0.935 -0.699]
q_head = [-0.    -0.103]
marker_right =
[[ 0.128  0.992 -0.004  0.16 ]
 [-0.981  0.127  0.148  0.041]
 [ 0.147 -0.015  0.989  0.191]
 [ 0.     0.     0.     1.   ]]
marker_left =
[[-0.036 -0.999  0.032 -0.14 ]
 [ 0.985 -0.03   0.17   0.06 ]
 [-0.169  0.038  0.985  0.178]
 [ 0.     0.     0.     1.   ]]

--- Captured Sample ---
q_arm = [-0.833 -1.272  0.106 -1.943  0.37  -0.934  0.702 -0.833  1.269 -0.104
 -1.943 -0.549 -0.935 -0.699]
q_head = [-0.    -0.103]
marker_right =
[[ 0.149  0.988 -0.032  0.162]
 [-0.973  0.153  0.173  0.035]
 [ 0.175  0.005  0.984  0.187]
 [ 0.     0.     0.     1.   ]]
marker_left =
[[-0.057 -0.998  0.004 -0.138]
 [ 0.988 -0.056  0.145  0.066]
 [-0.144  0.013  0.989  0.183]
 [ 0.     0.     0.     1.   ]]

--- Captured Sample ---
q_arm = [-0.833 -1.272  0.106 -1.943  0.501 -0.934  0.702 -0.833  1.269 -0.104
 -1.943 -0.418 -0.935 -0.699]
q_head = [-0.    -0.103]
marker_right =
[[ 0.083  0.995  0.05   0.157]
 [-0.992  0.078  0.095  0.052]
 [ 0.091 -0.057  0.994  0.198]
 [ 0.     0.     0.     1.   ]]
marker_left =
[[ 0.004 -0.996  0.09  -0.143]
 [ 0.976  0.024  0.217  0.048]
 [-0.218  0.087  0.972  0.17 ]
 [ 0.     0.     0.     1.   ]]

--- Captured Sample ---
q_arm = [-0.833 -1.272  0.106 -1.943  0.545 -0.934  0.702 -0.833  1.269 -0.104
 -1.943 -0.374 -0.935 -0.699]
q_head = [-0.    -0.103]
marker_right =
[[ 0.059  0.995  0.076  0.155]
 [-0.996  0.054  0.068  0.057]
 [ 0.064 -0.08   0.995  0.201]
 [ 0.     0.     0.     1.   ]]
marker_left =
[[ 0.023 -0.993  0.119 -0.145]
 [ 0.97   0.052  0.239  0.042]
 [-0.244  0.11   0.964  0.167]
 [ 0.     0.     0.     1.   ]]

--- Captured Sample ---
q_arm = [-0.833 -1.272  0.106 -1.943  0.457 -0.934  0.702 -0.833  1.269 -0.104
 -1.943 -0.461 -0.935 -0.699]
q_head = [-0.    -0.103]
marker_right =
[[ 0.106  0.994  0.023  0.158]
 [-0.987  0.102  0.122  0.046]
 [ 0.119 -0.036  0.992  0.194]
 [ 0.     0.     0.     1.   ]]
marker_left =
[[-0.016 -0.998  0.061 -0.141]
 [ 0.981 -0.004  0.194  0.054]
 [-0.193  0.063  0.979  0.174]
 [ 0.     0.     0.     1.   ]]

--- Captured Sample ---
q_arm = [-0.836 -1.172  0.174 -1.841  0.488 -1.026  0.804 -0.806  1.213 -0.165
 -1.892 -0.525 -0.931 -0.773]
q_head = [-0.     0.003]
marker_right =
[[ 0.101  0.995 -0.014  0.158]
 [-0.995  0.101  0.013  0.053]
 [ 0.014  0.013  1.     0.219]
 [ 0.     0.     0.     1.   ]]
marker_left =
[[-0.01  -1.     0.02  -0.138]
 [ 0.996 -0.008  0.089  0.06 ]
 [-0.089  0.021  0.996  0.204]
 [ 0.     0.     0.     1.   ]]

--- Captured Sample ---
q_arm = [-0.851 -1.152  0.178 -1.816  0.472 -1.073  0.816 -0.792  1.236 -0.163
 -1.917 -0.543 -0.882 -0.757]
q_head = [-0.     0.004]
marker_right =
[[ 0.101  0.993 -0.058  0.159]
 [-0.995  0.101  0.01   0.053]
 [ 0.016  0.057  0.998  0.218]
 [ 0.     0.     0.     1.   ]]
marker_left =
[[-0.007 -1.    -0.025 -0.135]
 [ 0.996 -0.009  0.09   0.06 ]
 [-0.09  -0.024  0.996  0.207]
 [ 0.     0.     0.     1.   ]]

--- Captured Sample ---
q_arm = [-0.806 -1.215  0.167 -1.892  0.522 -0.93   0.775 -0.835  1.17  -0.171
 -1.841 -0.491 -1.027 -0.801]
q_head = [-0.     0.004]
marker_right =
[[ 0.101  0.992  0.073  0.154]
 [-0.995  0.1    0.016  0.052]
 [ 0.009 -0.074  0.997  0.223]
 [ 0.     0.     0.     1.   ]]
marker_left =
[[-0.016 -0.994  0.109 -0.143]
 [ 0.996 -0.006  0.086  0.06 ]
 [-0.085  0.11   0.99   0.2  ]
 [ 0.     0.     0.     1.   ]]

--- Captured Sample ---
q_arm = [-0.793 -1.238  0.165 -1.917  0.54  -0.881  0.759 -0.851  1.15  -0.176
 -1.816 -0.474 -1.074 -0.813]
q_head = [-0.     0.004]
marker_right =
[[ 0.101  0.988  0.116  0.153]
 [-0.995  0.099  0.018  0.052]
 [ 0.006 -0.117  0.993  0.226]
 [ 0.     0.     0.     1.   ]]
marker_left =
[[-0.018 -0.988  0.153 -0.146]
 [ 0.996 -0.005  0.084  0.06 ]
 [-0.083  0.154  0.985  0.198]
 [ 0.     0.     0.     1.   ]]

--- Captured Sample ---
q_arm = [-0.844 -1.213  0.19  -1.857  0.517 -1.003  0.777 -0.843  1.21  -0.187
 -1.857 -0.521 -1.004 -0.774]
q_head = [-0.     0.004]
marker_right =
[[ 0.058  0.998  0.027  0.155]
 [-0.998  0.057  0.011  0.055]
 [ 0.01  -0.028  1.     0.221]
 [ 0.     0.     0.     1.   ]]
marker_left =
[[-0.057 -0.997  0.061 -0.14 ]
 [ 0.995 -0.052  0.089  0.062]
 [-0.085  0.066  0.994  0.202]
 [ 0.     0.     0.     1.   ]]

--- Captured Sample ---
q_arm = [-0.869 -1.23   0.21  -1.848  0.531 -1.028  0.764 -0.868  1.227 -0.206
 -1.848 -0.535 -1.03  -0.761]
q_head = [-0.     0.004]
marker_right =
[[ 0.014  1.     0.024  0.155]
 [-1.     0.014  0.009  0.057]
 [ 0.009 -0.024  1.     0.221]
 [ 0.     0.     0.     1.   ]]
marker_left =
[[-0.101 -0.993  0.058 -0.14 ]
 [ 0.991 -0.096  0.091  0.064]
 [-0.084  0.066  0.994  0.202]
 [ 0.     0.     0.     1.   ]]

--- Captured Sample ---
q_arm = [-0.799 -1.174  0.152 -1.876  0.491 -0.953  0.804 -0.798  1.171 -0.149
 -1.876 -0.495 -0.955 -0.801]
q_head = [-0.     0.004]
marker_right =
[[ 0.143  0.989  0.032  0.157]
 [-0.99   0.143  0.017  0.05 ]
 [ 0.012 -0.034  0.999  0.222]
 [ 0.     0.     0.     1.   ]]
marker_left =
[[ 0.031 -0.997  0.068 -0.14 ]
 [ 0.996  0.037  0.085  0.058]
 [-0.088  0.065  0.994  0.202]
 [ 0.     0.     0.     1.   ]]

--- Captured Sample ---
q_arm = [-0.778 -1.152  0.134 -1.885  0.479 -0.929  0.818 -0.778  1.149 -0.131
 -1.885 -0.483 -0.931 -0.814]
q_head = [-0.     0.004]
marker_right =
[[ 0.186  0.982  0.034  0.157]
 [-0.982  0.185  0.02   0.048]
 [ 0.013 -0.037  0.999  0.222]
 [ 0.     0.     0.     1.   ]]
marker_left =
[[ 0.076 -0.995  0.071 -0.14 ]
 [ 0.993  0.081  0.083  0.056]
 [-0.089  0.064  0.994  0.202]
 [ 0.     0.     0.     1.   ]]

--- Captured Sample ---
q_arm = [-0.824 -1.204  0.18  -1.867  0.49  -0.973  0.758 -0.818  1.183 -0.159
 -1.867 -0.519 -0.984 -0.822]
q_head = [-0.     0.004]
marker_right =
[[ 0.101  0.995  0.026  0.156]
 [-0.993  0.1    0.058  0.05 ]
 [ 0.055 -0.032  0.998  0.222]
 [ 0.     0.     0.     1.   ]]
marker_left =
[[-0.011 -0.998  0.065 -0.14 ]
 [ 0.999 -0.008  0.044  0.062]
 [-0.043  0.065  0.997  0.202]
 [ 0.     0.     0.     1.   ]]

--- Captured Sample ---
q_arm = [-0.826 -1.213  0.19  -1.867  0.478 -0.968  0.725 -0.816  1.174 -0.15
 -1.867 -0.531 -0.989 -0.855]
q_head = [-0.     0.004]
marker_right =
[[ 0.102  0.995  0.023  0.156]
 [-0.99   0.099  0.101  0.048]
 [ 0.098 -0.033  0.995  0.222]
 [ 0.     0.     0.     1.   ]]
marker_left =
[[-0.008 -0.998  0.065 -0.14 ]
 [ 1.    -0.008 -0.     0.065]
 [ 0.001  0.065  0.998  0.202]
 [ 0.     0.     0.     1.   ]]

--- Captured Sample ---
q_arm = [-0.819 -1.186  0.162 -1.867  0.515 -0.982  0.825 -0.823  1.201 -0.177
 -1.867 -0.495 -0.974 -0.755]
q_head = [-0.     0.004]
marker_right =
[[ 0.1    0.994  0.033  0.156]
 [-0.994  0.101 -0.03   0.055]
 [-0.033 -0.03   0.999  0.221]
 [ 0.     0.     0.     1.   ]]
marker_left =
[[-0.015 -0.998  0.064 -0.14 ]
 [ 0.991 -0.007  0.13   0.058]
 [-0.13   0.065  0.989  0.202]
 [ 0.     0.     0.     1.   ]]

--- Captured Sample ---
q_arm = [-0.817 -1.177  0.153 -1.867  0.527 -0.987  0.859 -0.825  1.21  -0.186
 -1.867 -0.483 -0.97  -0.721]
q_head = [-0.     0.004]
marker_right =
[[ 0.099  0.994  0.036  0.155]
 [-0.992  0.101 -0.073  0.057]
 [-0.076 -0.029  0.997  0.221]
 [ 0.     0.     0.     1.   ]]
marker_left =
[[-0.017 -0.998  0.063 -0.14 ]
 [ 0.985 -0.006  0.174  0.055]
 [-0.173  0.065  0.983  0.202]
 [ 0.     0.     0.     1.   ]]

--- Captured Sample ---
q_arm = [-0.788 -1.21   0.134 -1.843  0.478 -1.023  0.811 -0.856  1.176 -0.207
 -1.887 -0.533 -0.934 -0.768]
q_head = [-0.048  0.004]
marker_right =
[[ 0.101  0.995 -0.017  0.158]
 [-0.995  0.101  0.013  0.053]
 [ 0.015  0.015  1.     0.229]
 [ 0.     0.     0.     1.   ]]
marker_left =
[[-0.011 -1.     0.016 -0.137]
 [ 0.996 -0.01   0.088  0.06 ]
 [-0.088  0.017  0.996  0.195]
 [ 0.     0.     0.     1.   ]]

--- Captured Sample ---
q_arm = [-0.756 -1.224  0.1   -1.816  0.455 -1.07   0.829 -0.893  1.158 -0.247
 -1.905 -0.561 -0.89  -0.747]
q_head = [-0.097  0.004]
marker_right =
[[ 0.101  0.993 -0.063  0.16 ]
 [-0.995  0.102  0.012  0.053]
 [ 0.019  0.062  0.998  0.238]
 [ 0.     0.     0.     1.   ]]
marker_left =
[[-0.009 -0.999 -0.033 -0.133]
 [ 0.996 -0.012  0.089  0.06 ]
 [-0.089 -0.032  0.995  0.189]
 [ 0.     0.     0.     1.   ]]

--- Captured Sample ---
q_arm = [-0.857 -1.18   0.211 -1.887  0.527 -0.932  0.773 -0.788  1.209 -0.133
 -1.843 -0.48  -1.024 -0.809]
q_head = [0.048 0.004]
marker_right =
[[ 0.1    0.992  0.075  0.153]
 [-0.995  0.099  0.015  0.052]
 [ 0.007 -0.076  0.997  0.214]
 [ 0.     0.     0.     1.   ]]
marker_left =
[[-0.014 -0.994  0.112 -0.144]
 [ 0.996 -0.005  0.086  0.06 ]
 [-0.085  0.113  0.99   0.209]
 [ 0.     0.     0.     1.   ]]

--- Captured Sample ---
q_arm = [-0.894 -1.162  0.251 -1.905  0.555 -0.888  0.752 -0.756  1.224 -0.099
 -1.816 -0.456 -1.07  -0.828]
q_head = [0.096 0.004]
marker_right =
[[ 0.099  0.988  0.122  0.15 ]
 [-0.995  0.098  0.016  0.052]
 [ 0.004 -0.123  0.992  0.208]
 [ 0.     0.     0.     1.   ]]
marker_left =
[[-0.016 -0.987  0.161 -0.146]
 [ 0.996 -0.003  0.085  0.06 ]
 [-0.084  0.162  0.983  0.218]
 [ 0.     0.     0.     1.   ]]

--- Captured Sample ---
q_arm = [-0.773 -1.188  0.168 -1.89   0.506 -0.97   0.826 -0.772  1.184 -0.165
 -1.89  -0.511 -0.972 -0.821]
q_head = [0.001 0.052]
marker_right =
[[ 0.1    0.994  0.034  0.156]
 [-0.994  0.101 -0.034  0.055]
 [-0.037 -0.03   0.999  0.222]
 [ 0.     0.     0.     1.   ]]
marker_left =
[[-0.01  -0.998  0.066 -0.14 ]
 [ 0.999 -0.008  0.039  0.063]
 [-0.038  0.066  0.997  0.202]
 [ 0.     0.     0.     1.   ]]

--- Captured Sample ---
q_arm = [-0.726 -1.177  0.165 -1.911  0.514 -0.966  0.857 -0.725  1.173 -0.161
 -1.911 -0.519 -0.968 -0.852]
q_head = [-0.     0.101]
marker_right =
[[ 0.1    0.994  0.037  0.156]
 [-0.991  0.103 -0.082  0.057]
 [-0.086 -0.028  0.996  0.223]
 [ 0.     0.     0.     1.   ]]
marker_left =
[[-0.008 -0.998  0.065 -0.14 ]
 [ 1.    -0.009 -0.009  0.065]
 [ 0.01   0.065  0.998  0.203]
 [ 0.     0.     0.     1.   ]]

--- Captured Sample ---
q_arm = [-0.873 -1.206  0.182 -1.84   0.493 -0.984  0.765 -0.873  1.203 -0.178
 -1.84  -0.498 -0.985 -0.761]
q_head = [-0.    -0.043]
marker_right =
[[ 0.1    0.995  0.026  0.156]
 [-0.993  0.099  0.061  0.05 ]
 [ 0.059 -0.032  0.998  0.222]
 [ 0.     0.     0.     1.   ]]
marker_left =
[[-0.015 -0.998  0.064 -0.14 ]
 [ 0.991 -0.006  0.134  0.057]
 [-0.134  0.066  0.989  0.202]
 [ 0.     0.     0.     1.   ]]

--- Captured Sample ---
q_arm = [-0.927 -1.213  0.192 -1.81   0.49  -0.993  0.735 -0.926  1.209 -0.188
 -1.81  -0.495 -0.995 -0.731]
q_head = [-0.    -0.092]
marker_right =
[[ 0.1    0.995  0.023  0.156]
 [-0.989  0.097  0.11   0.048]
 [ 0.108 -0.034  0.994  0.224]
 [ 0.     0.     0.     1.   ]]
marker_left =
[[-0.018 -0.998  0.064 -0.14 ]
 [ 0.983 -0.006  0.183  0.055]
 [-0.182  0.066  0.981  0.204]
 [ 0.     0.     0.     1.   ]]

--- Captured Sample ---
q_arm = [-0.97  -1.213  0.192 -1.81   0.49  -0.993  0.735 -0.969  1.209 -0.188
 -1.81  -0.495 -0.995 -0.731]
q_head = [-0.    -0.138]
marker_right =
[[ 0.1    0.995  0.008  0.151]
 [-0.988  0.098  0.115  0.048]
 [ 0.114 -0.02   0.993  0.218]
 [ 0.     0.     0.     1.   ]]
marker_left =
[[-0.019 -0.997  0.079 -0.136]
 [ 0.982 -0.004  0.187  0.054]
 [-0.187  0.081  0.979  0.198]
 [ 0.     0.     0.     1.   ]]

--- Captured Sample ---
q_arm = [-1.014 -1.212  0.192 -1.81   0.49  -0.993  0.735 -1.013  1.209 -0.188
 -1.81  -0.495 -0.995 -0.731]
q_head = [-0.    -0.185]
marker_right =
[[ 0.101  0.995 -0.007  0.147]
 [-0.988  0.101  0.121  0.048]
 [ 0.121 -0.006  0.993  0.212]
 [ 0.     0.     0.     1.   ]]
marker_left =
[[-0.019 -0.995  0.093 -0.132]
 [ 0.981 -0.001  0.193  0.054]
 [-0.192  0.095  0.977  0.192]
 [ 0.     0.     0.     1.   ]]

--- Captured Sample ---
q_arm = [-0.883 -1.212  0.192 -1.81   0.49  -0.993  0.735 -0.882  1.209 -0.188
 -1.81  -0.495 -0.995 -0.731]
q_head = [-0.    -0.048]
marker_right =
[[ 0.1    0.994  0.038  0.16 ]
 [-0.99   0.096  0.108  0.049]
 [ 0.103 -0.048  0.993  0.23 ]
 [ 0.     0.     0.     1.   ]]
marker_left =
[[-0.016 -0.999  0.049 -0.144]
 [ 0.984 -0.007  0.18   0.055]
 [-0.18   0.051  0.982  0.21 ]
 [ 0.     0.     0.     1.   ]]

--- Captured Sample ---
q_arm = [-0.839 -1.213  0.192 -1.81   0.49  -0.993  0.735 -0.839  1.209 -0.188
 -1.81  -0.495 -0.995 -0.731]
q_head = [-0.    -0.003]
marker_right =
[[ 0.102  0.993  0.053  0.165]
 [-0.99   0.096  0.103  0.049]
 [ 0.098 -0.063  0.993  0.235]
 [ 0.     0.     0.     1.   ]]
marker_left =
[[-0.014 -0.999  0.034 -0.148]
 [ 0.984 -0.007  0.176  0.055]
 [-0.176  0.036  0.984  0.215]
 [ 0.     0.     0.     1.   ]]

--- Captured Sample ---
q_arm = [-0.927 -1.256  0.192 -1.81   0.49  -0.993  0.735 -0.926  1.165 -0.188
 -1.81  -0.495 -0.995 -0.731]
q_head = [-0.    -0.092]
marker_right =
[[ 0.074  0.996  0.056  0.161]
 [-0.993  0.068  0.097  0.047]
 [ 0.093 -0.063  0.994  0.224]
 [ 0.     0.     0.     1.   ]]
marker_left =
[[ 0.005 -0.995  0.099 -0.135]
 [ 0.981  0.024  0.192  0.056]
 [-0.193  0.096  0.976  0.203]
 [ 0.     0.     0.     1.   ]]

--- Captured Sample ---
q_arm = [-0.927 -1.3    0.192 -1.81   0.49  -0.993  0.735 -0.926  1.122 -0.188
 -1.81  -0.495 -0.995 -0.731]
q_head = [-0.    -0.093]
marker_right =
[[ 0.047  0.995  0.088  0.166]
 [-0.996  0.04   0.084  0.045]
 [ 0.08  -0.092  0.993  0.225]
 [ 0.     0.     0.     1.   ]]
marker_left =
[[ 0.027 -0.991  0.134 -0.13 ]
 [ 0.978  0.054  0.201  0.057]
 [-0.206  0.126  0.97   0.202]
 [ 0.     0.     0.     1.   ]]

--- Captured Sample ---
q_arm = [-0.927 -1.169  0.192 -1.81   0.49  -0.993  0.735 -0.926  1.253 -0.188
 -1.81  -0.495 -0.995 -0.731]
q_head = [-0.    -0.093]
marker_right =
[[ 0.126  0.992 -0.01   0.15 ]
 [-0.984  0.126  0.122  0.05 ]
 [ 0.123 -0.005  0.992  0.223]
 [ 0.     0.     0.     1.   ]]
marker_left =
[[-0.041 -0.999  0.029 -0.145]
 [ 0.984 -0.035  0.172  0.053]
 [-0.171  0.035  0.985  0.204]
 [ 0.     0.     0.     1.   ]]

--- Captured Sample ---
q_arm = [-0.927 -1.125  0.192 -1.81   0.49  -0.993  0.735 -0.926  1.296 -0.188
 -1.81  -0.495 -0.995 -0.731]
q_head = [-0.    -0.093]
marker_right =
[[ 0.15   0.988 -0.044  0.145]
 [-0.979  0.155  0.133  0.051]
 [ 0.139  0.023  0.99   0.222]
 [ 0.     0.     0.     1.   ]]
marker_left =
[[-0.064 -0.998 -0.006 -0.15 ]
 [ 0.985 -0.064  0.161  0.052]
 [-0.161  0.004  0.987  0.205]
 [ 0.     0.     0.     1.   ]]

--- Captured Sample ---
q_arm = [-0.927 -1.213  0.192 -1.81   0.446 -0.993  0.735 -0.926  1.209 -0.188
 -1.81  -0.538 -0.995 -0.731]
q_head = [-0.    -0.093]
marker_right =
[[ 0.124  0.992 -0.004  0.158]
 [-0.983  0.123  0.135  0.043]
 [ 0.134 -0.013  0.991  0.22 ]
 [ 0.     0.     0.     1.   ]]
marker_left =
[[-0.04  -0.999  0.035 -0.138]
 [ 0.986 -0.034  0.161  0.061]
 [-0.159  0.041  0.986  0.208]
 [ 0.     0.     0.     1.   ]]

--- Captured Sample ---
q_arm = [-0.927 -1.213  0.192 -1.81   0.402 -0.993  0.735 -0.926  1.209 -0.188
 -1.81  -0.582 -0.995 -0.731]
q_head = [-0.    -0.093]
marker_right =
[[ 0.147  0.989 -0.032  0.16 ]
 [-0.976  0.151  0.158  0.037]
 [ 0.161  0.008  0.987  0.217]
 [ 0.     0.     0.     1.   ]]
marker_left =
[[-0.063 -0.998  0.006 -0.137]
 [ 0.989 -0.062  0.138  0.067]
 [-0.137  0.015  0.99   0.212]
 [ 0.     0.     0.     1.   ]]

--- Captured Sample ---
q_arm = [-0.927 -1.213  0.192 -1.81   0.533 -0.993  0.735 -0.926  1.209 -0.188
 -1.81  -0.451 -0.995 -0.731]
q_head = [-0.    -0.093]
marker_right =
[[ 0.075  0.996  0.05   0.154]
 [-0.994  0.071  0.086  0.054]
 [ 0.082 -0.056  0.995  0.227]
 [ 0.     0.     0.     1.   ]]
marker_left =
[[ 0.004 -0.996  0.093 -0.142]
 [ 0.979  0.023  0.204  0.049]
 [-0.205  0.09   0.975  0.2  ]
 [ 0.     0.     0.     1.   ]]

--- Captured Sample ---
q_arm = [-0.927 -1.213  0.192 -1.81   0.577 -0.993  0.735 -0.926  1.209 -0.188
 -1.81  -0.407 -0.995 -0.731]
q_head = [-0.    -0.093]
marker_right =
[[ 0.05   0.996  0.076  0.153]
 [-0.997  0.045  0.06   0.06 ]
 [ 0.056 -0.079  0.995  0.231]
 [ 0.     0.     0.     1.   ]]
marker_left =
[[ 0.025 -0.992  0.123 -0.144]
 [ 0.973  0.052  0.224  0.042]
 [-0.229  0.114  0.967  0.196]
 [ 0.     0.     0.     1.   ]]

--- Captured Sample ---
q_arm = [-0.927 -1.213  0.192 -1.81   0.49  -0.993  0.735 -0.926  1.209 -0.188
 -1.81  -0.495 -0.995 -0.731]
q_head = [-0.    -0.093]
marker_right =
[[ 0.1    0.995  0.023  0.156]
 [-0.989  0.097  0.111  0.048]
 [ 0.108 -0.034  0.994  0.224]
 [ 0.     0.     0.     1.   ]]
marker_left =
[[-0.018 -0.998  0.064 -0.14 ]
 [ 0.983 -0.006  0.183  0.055]
 [-0.182  0.066  0.981  0.204]
 [ 0.     0.     0.     1.   ]]

--- Captured Sample ---
q_arm = [-0.928 -1.116  0.244 -1.694  0.512 -1.09   0.84  -0.9    1.153 -0.238
 -1.75  -0.551 -0.994 -0.807]
q_head = [-0.     0.003]
marker_right =
[[ 0.095  0.995 -0.014  0.155]
 [-0.995  0.095  0.012  0.055]
 [ 0.013  0.013  1.     0.249]
 [ 0.     0.     0.     1.   ]]
marker_left =
[[-0.012 -1.     0.022 -0.136]
 [ 0.996 -0.01   0.089  0.061]
 [-0.088  0.023  0.996  0.234]
 [ 0.     0.     0.     1.   ]]

--- Captured Sample ---
q_arm = [-0.942 -1.097  0.247 -1.666  0.496 -1.139  0.852 -0.887  1.174 -0.238
 -1.777 -0.57  -0.944 -0.79 ]
q_head = [-0.     0.004]
marker_right =
[[ 0.094  0.994 -0.058  0.157]
 [-0.995  0.095  0.009  0.054]
 [ 0.015  0.056  0.998  0.248]
 [ 0.     0.     0.     1.   ]]
marker_left =
[[-0.009 -1.    -0.022 -0.134]
 [ 0.996 -0.011  0.089  0.061]
 [-0.089 -0.021  0.996  0.236]
 [ 0.     0.     0.     1.   ]]

--- Captured Sample ---
q_arm = [-0.901 -1.156  0.242 -1.75   0.547 -0.992  0.811 -0.927  1.113 -0.241
 -1.694 -0.516 -1.092 -0.837]
q_head = [-0.     0.004]
marker_right =
[[ 0.094  0.993  0.073  0.152]
 [-0.995  0.094  0.015  0.054]
 [ 0.008 -0.074  0.997  0.254]
 [ 0.     0.     0.     1.   ]]
marker_left =
[[-0.017 -0.994  0.111 -0.141]
 [ 0.996 -0.008  0.085  0.06 ]
 [-0.084  0.113  0.99   0.229]
 [ 0.     0.     0.     1.   ]]

--- Captured Sample ---
q_arm = [-0.888 -1.177  0.242 -1.777  0.565 -0.942  0.794 -0.941  1.094 -0.244
 -1.666 -0.5   -1.14  -0.849]
q_head = [-0.     0.004]
marker_right =
[[ 0.094  0.989  0.116  0.15 ]
 [-0.996  0.093  0.016  0.054]
 [ 0.005 -0.117  0.993  0.256]
 [ 0.     0.     0.     1.   ]]
marker_left =
[[-0.02  -0.988  0.156 -0.144]
 [ 0.996 -0.007  0.084  0.06 ]
 [-0.082  0.157  0.984  0.227]
 [ 0.     0.     0.     1.   ]]

--- Captured Sample ---
q_arm = [-0.937 -1.152  0.263 -1.713  0.544 -1.066  0.813 -0.936  1.149 -0.258
 -1.713 -0.549 -1.068 -0.809]
q_head = [-0.     0.004]
marker_right =
[[ 0.051  0.998  0.027  0.153]
 [-0.999  0.051  0.01   0.056]
 [ 0.009 -0.027  1.     0.251]
 [ 0.     0.     0.     1.   ]]
marker_left =
[[-0.059 -0.996  0.064 -0.139]
 [ 0.995 -0.053  0.088  0.063]
 [-0.085  0.069  0.994  0.231]
 [ 0.     0.     0.     1.   ]]

--- Captured Sample ---
q_arm = [-0.961 -1.167  0.283 -1.703  0.56  -1.091  0.8   -0.96   1.163 -0.278
 -1.703 -0.565 -1.093 -0.796]
q_head = [-0.     0.004]
marker_right =
[[ 0.008  1.     0.024  0.152]
 [-1.     0.008  0.007  0.058]
 [ 0.007 -0.024  1.     0.251]
 [ 0.     0.     0.     1.   ]]
marker_left =
[[-0.103 -0.993  0.06  -0.139]
 [ 0.991 -0.097  0.09   0.065]
 [-0.083  0.069  0.994  0.231]
 [ 0.     0.     0.     1.   ]]

--- Captured Sample ---
q_arm = [-0.892 -1.118  0.224 -1.731  0.514 -1.017  0.84  -0.891  1.115 -0.22
 -1.731 -0.519 -1.019 -0.836]
q_head = [-0.     0.004]
marker_right =
[[ 0.137  0.99   0.032  0.154]
 [-0.99   0.137  0.016  0.052]
 [ 0.011 -0.033  0.999  0.252]
 [ 0.     0.     0.     1.   ]]
marker_left =
[[ 0.03  -0.997  0.07  -0.139]
 [ 0.996  0.036  0.084  0.058]
 [-0.087  0.068  0.994  0.231]
 [ 0.     0.     0.     1.   ]]

--- Captured Sample ---
q_arm = [-0.871 -1.099  0.206 -1.74   0.5   -0.993  0.854 -0.87   1.096 -0.201
 -1.74  -0.505 -0.995 -0.85 ]
q_head = [-0.     0.004]
marker_right =
[[ 0.18   0.983  0.034  0.155]
 [-0.984  0.179  0.019  0.05 ]
 [ 0.013 -0.036  0.999  0.252]
 [ 0.     0.     0.     1.   ]]
marker_left =
[[ 0.074 -0.995  0.074 -0.139]
 [ 0.993  0.08   0.082  0.056]
 [-0.088  0.067  0.994  0.231]
 [ 0.     0.     0.     1.   ]]

--- Captured Sample ---
q_arm = [-0.917 -1.144  0.254 -1.722  0.516 -1.036  0.793 -0.911  1.125 -0.23
 -1.722 -0.544 -1.047 -0.858]
q_head = [-0.     0.004]
marker_right =
[[ 0.095  0.995  0.026  0.154]
 [-0.994  0.094  0.056  0.052]
 [ 0.054 -0.031  0.998  0.252]
 [ 0.     0.     0.     1.   ]]
marker_left =
[[-0.012 -0.998  0.068 -0.139]
 [ 0.999 -0.009  0.043  0.063]
 [-0.042  0.068  0.997  0.231]
 [ 0.     0.     0.     1.   ]]

--- Captured Sample ---
q_arm = [-0.92  -1.152  0.263 -1.722  0.505 -1.032  0.757 -0.908  1.117 -0.221
 -1.722 -0.555 -1.052 -0.894]
q_head = [-0.     0.004]
marker_right =
[[ 0.096  0.995  0.023  0.154]
 [-0.991  0.093  0.1    0.05 ]
 [ 0.097 -0.032  0.995  0.252]
 [ 0.     0.     0.     1.   ]]
marker_left =
[[-0.009 -0.998  0.068 -0.139]
 [ 1.    -0.009 -0.001  0.065]
 [ 0.001  0.068  0.998  0.231]
 [ 0.     0.     0.     1.   ]]

--- Captured Sample ---
q_arm = [-0.912 -1.129  0.235 -1.722  0.539 -1.045  0.862 -0.916  1.141 -0.249
 -1.722 -0.522 -1.039 -0.788]
q_head = [-0.     0.004]
marker_right =
[[ 0.094  0.995  0.033  0.153]
 [-0.995  0.095 -0.031  0.056]
 [-0.034 -0.03   0.999  0.251]
 [ 0.     0.     0.     1.   ]]
marker_left =
[[-0.017 -0.998  0.066 -0.139]
 [ 0.991 -0.008  0.13   0.058]
 [-0.129  0.068  0.989  0.232]
 [ 0.     0.     0.     1.   ]]

--- Captured Sample ---
q_arm = [-0.909 -1.121  0.226 -1.722  0.55  -1.05   0.898 -0.919  1.148 -0.258
 -1.722 -0.511 -1.034 -0.753]
q_head = [-0.     0.004]
marker_right =
[[ 0.093  0.995  0.036  0.153]
 [-0.993  0.095 -0.074  0.059]
 [-0.077 -0.029  0.997  0.251]
 [ 0.     0.     0.     1.   ]]
marker_left =
[[-0.019 -0.998  0.066 -0.139]
 [ 0.985 -0.008  0.173  0.056]
 [-0.172  0.068  0.983  0.232]
 [ 0.     0.     0.     1.   ]]

--- Captured Sample ---
q_arm = [-0.889 -1.154  0.216 -1.698  0.505 -1.084  0.844 -0.94   1.115 -0.27
 -1.743 -0.557 -1.001 -0.806]
q_head = [-0.044  0.004]
