# Joint_4_Angle(deg), Cam_X(mm), Cam_Y(mm), Cam_Z(mm), Torso_X(mm), Torso_Y(mm), Torso_Z(mm), EE_X(mm), EE_Y(mm), EE_Z(mm), T_cam2marker_flat(16), T_torso2marker_flat(16), T_ee2marker_flat(16)
-14.9994, 0.5980, -4.8953, 197.8990, 219.9155, -0.5998, 204.2477, 22.8959, 110.6553, -0.1905, 0.995578, -0.093914, 0.001976, 0.000598, 0.092962, 0.982034, -0.164218, -0.004895, 0.013482, 0.163675, 0.986422, 0.197899, 0.000000, 0.000000, 0.000000, 1.000000, 0.013134, 0.160097, 0.987014, 0.219915, -0.995579, 0.093912, -0.001985, -0.000600, -0.093010, -0.982624, 0.160622, 0.204248, 0.000000, 0.000000, 0.000000, 1.000000, 0.995154, -0.061164, 0.076990, 0.022896, 0.078833, 0.028317, -0.996486, 0.110655, 0.058769, 0.997726, 0.033001, -0.000190, 0.000000, 0.000000, 0.000000, 1.000000
-14.9994, 0.5972, -4.8997, 197.8968, 219.9133, -0.5990, 204.2520, 22.8956, 110.6558, -0.1911, 0.995579, -0.093909, 0.001975, 0.000597, 0.092957, 0.982032, -0.164230, -0.004900, 0.013483, 0.163687, 0.986420, 0.197897, 0.000000, 0.000000, 0.000000, 1.000000, 0.013135, 0.160109, 0.987012, 0.219913, -0.995579, 0.093907, -0.001984, -0.000599, -0.093005, -0.982622, 0.160634, 0.204252, 0.000000, 0.000000, 0.000000, 1.000000, 0.995154, -0.061164, 0.076990, 0.022896, 0.078833, 0.028317, -0.996486, 0.110656, 0.058769, 0.997726, 0.033001, -0.000191, 0.000000, 0.000000, 0.000000, 1.000000
-14.9994, 0.5943, -4.9157, 197.8888, 219.9054, -0.5961, 204.2678, 22.8942, 110.6578, -0.1934, 0.995581, -0.093890, 0.001972, 0.000594, 0.092937, 0.982027, -0.164274, -0.004916, 0.013487, 0.163731, 0.986413, 0.197889, 0.000000, 0.000000, 0.000000, 1.000000, 0.013139, 0.160151, 0.987005, 0.219905, -0.995581, 0.093888, -0.001981, -0.000596, -0.092986, -0.982617, 0.160677, 0.204268, 0.000000, 0.000000, 0.000000, 1.000000, 0.995154, -0.061163, 0.076990, 0.022894, 0.078833, 0.028317, -0.996486, 0.110658, 0.058768, 0.997726, 0.033002, -0.000193, 0.000000, 0.000000, 0.000000, 1.000000
-14.9994, 0.5925, -4.9257, 197.8837, 219.9004, -0.5943, 204.2776, 22.8934, 110.6590, -0.1948, 0.995582, -0.093878, 0.001971, 0.000592, 0.092925, 0.982023, -0.164302, -0.004926, 0.013489, 0.163759, 0.986408, 0.197884, 0.000000, 0.000000, 0.000000, 1.000000, 0.013141, 0.160178, 0.987001, 0.219900, -0.995582, 0.093876, -0.001980, -0.000594, -0.092973, -0.982614, 0.160704, 0.204278, 0.000000, 0.000000, 0.000000, 1.000000, 0.995154, -0.061163, 0.076990, 0.022893, 0.078833, 0.028318, -0.996486, 0.110659, 0.058768, 0.997726, 0.033002, -0.000195, 0.000000, 0.000000, 0.000000, 1.000000
-14.9993, 0.5909, -4.9339, 197.8796, 219.8963, -0.5927, 204.2858, 22.8927, 110.6600, -0.1960, 0.995583, -0.093868, 0.001969, 0.000591, 0.092914, 0.982021, -0.164324, -0.004934, 0.013491, 0.163781, 0.986404, 0.197880, 0.000000, 0.000000, 0.000000, 1.000000, 0.013143, 0.160200, 0.986997, 0.219896, -0.995583, 0.093866, -0.001978, -0.000593, -0.092963, -0.982611, 0.160726, 0.204286, 0.000000, 0.000000, 0.000000, 1.000000, 0.995154, -0.061163, 0.076990, 0.022893, 0.078833, 0.028318, -0.996486, 0.110660, 0.058768, 0.997726, 0.033002, -0.000196, 0.000000, 0.000000, 0.000000, 1.000000
-14.9991, 0.5892, -4.9425, 197.8760, 219.8927, -0.5910, 204.2942, 22.8920, 110.6608, -0.1969, 0.995584, -0.093857, 0.001968, 0.000589, 0.092903, 0.982019, -0.164343, -0.004942, 0.013492, 0.163800, 0.986401, 0.197876, 0.000000, 0.000000, 0.000000, 1.000000, 0.013144, 0.160218, 0.986994, 0.219893, -0.995584, 0.093856, -0.001977, -0.000591, -0.092952, -0.982609, 0.160744, 0.204294, 0.000000, 0.000000, 0.000000, 1.000000, 0.995154, -0.061163, 0.076990, 0.022892, 0.078833, 0.028318, -0.996486, 0.110661, 0.058768, 0.997726, 0.033003, -0.000197, 0.000000, 0.000000, 0.000000, 1.000000
-14.9953, 0.5859, -4.9556, 197.8824, 219.8992, -0.5877, 204.3071, 22.8910, 110.6584, -0.1938, 0.995586, -0.093835, 0.001962, 0.000586, 0.092881, 0.982028, -0.164300, -0.004956, 0.013490, 0.163758, 0.986408, 0.197882, 0.000000, 0.000000, 0.000000, 1.000000, 0.013142, 0.160174, 0.987001, 0.219899, -0.995586, 0.093834, -0.001971, -0.000588, -0.092930, -0.982619, 0.160700, 0.204307, 0.000000, 0.000000, 0.000000, 1.000000, 0.995154, -0.061164, 0.076989, 0.022891, 0.078832, 0.028319, -0.996486, 0.110658, 0.058769, 0.997726, 0.033003, -0.000194, 0.000000, 0.000000, 0.000000, 1.000000
-14.9935, 0.5851, -4.9582, 197.8874, 219.9041, -0.5869, 204.3095, 22.8909, 110.6568, -0.1919, 0.995586, -0.093829, 0.001960, 0.000585, 0.092876, 0.982033, -0.164270, -0.004958, 0.013489, 0.163727, 0.986413, 0.197887, 0.000000, 0.000000, 0.000000, 1.000000, 0.013140, 0.160144, 0.987006, 0.219904, -0.995586, 0.093828, -0.001969, -0.000587, -0.092924, -0.982624, 0.160670, 0.204310, 0.000000, 0.000000, 0.000000, 1.000000, 0.995154, -0.061165, 0.076988, 0.022891, 0.078832, 0.028319, -0.996486, 0.110657, 0.058770, 0.997726, 0.033003, -0.000192, 0.000000, 0.000000, 0.000000, 1.000000
-14.9914, 0.5842, -4.9608, 197.8937, 219.9105, -0.5860, 204.3121, 22.8907, 110.6548, -0.1894, 0.995587, -0.093823, 0.001957, 0.000584, 0.092869, 0.982040, -0.164232, -0.004961, 0.013487, 0.163689, 0.986420, 0.197894, 0.000000, 0.000000, 0.000000, 1.000000, 0.013139, 0.160105, 0.987012, 0.219910, -0.995587, 0.093822, -0.001966, -0.000586, -0.092918, -0.982631, 0.160632, 0.204312, 0.000000, 0.000000, 0.000000, 1.000000, 0.995154, -0.061165, 0.076988, 0.022891, 0.078831, 0.028319, -0.996486, 0.110655, 0.058770, 0.997726, 0.033003, -0.000189, 0.000000, 0.000000, 0.000000, 1.000000
-14.9887, 0.5832, -4.9636, 197.9016, 219.9184, -0.5850, 204.3148, 22.8906, 110.6524, -0.1863, 0.995588, -0.093816, 0.001954, 0.000583, 0.092863, 0.982049, -0.164185, -0.004964, 0.013484, 0.163642, 0.986428, 0.197902, 0.000000, 0.000000, 0.000000, 1.000000, 0.013136, 0.160058, 0.987020, 0.219918, -0.995588, 0.093815, -0.001963, -0.000585, -0.092911, -0.982639, 0.160584, 0.204315, 0.000000, 0.000000, 0.000000, 1.000000, 0.995154, -0.061166, 0.076987, 0.022891, 0.078831, 0.028319, -0.996486, 0.110652, 0.058771, 0.997726, 0.033003, -0.000186, 0.000000, 0.000000, 0.000000, 1.000000
-14.9839, 0.5815, -4.9683, 197.9163, 219.9331, -0.5833, 204.3195, 22.8904, 110.6478, -0.1807, 0.995589, -0.093804, 0.001947, 0.000581, 0.092851, 0.982065, -0.164096, -0.004968, 0.013481, 0.163553, 0.986442, 0.197916, 0.000000, 0.000000, 0.000000, 1.000000, 0.013132, 0.159969, 0.987035, 0.219933, -0.995589, 0.093802, -0.001956, -0.000583, -0.092899, -0.982655, 0.160495, 0.204319, 0.000000, 0.000000, 0.000000, 1.000000, 0.995154, -0.061168, 0.076986, 0.022890, 0.078830, 0.028319, -0.996486, 0.110648, 0.058773, 0.997726, 0.033004, -0.000181, 0.000000, 0.000000, 0.000000, 1.000000
-14.9800, 0.5801, -4.9719, 197.9280, 219.9448, -0.5820, 204.3230, 22.8902, 110.6442, -0.1762, 0.995590, -0.093794, 0.001942, 0.000580, 0.092841, 0.982077, -0.164026, -0.004972, 0.013478, 0.163483, 0.986454, 0.197928, 0.000000, 0.000000, 0.000000, 1.000000, 0.013130, 0.159899, 0.987046, 0.219945, -0.995590, 0.093793, -0.001951, -0.000582, -0.092890, -0.982667, 0.160425, 0.204323, 0.000000, 0.000000, 0.000000, 1.000000, 0.995154, -0.061169, 0.076985, 0.022890, 0.078829, 0.028319, -0.996486, 0.110644, 0.058774, 0.997726, 0.033004, -0.000176, 0.000000, 0.000000, 0.000000, 1.000000
-14.9757, 0.5786, -4.9760, 197.9413, 219.9581, -0.5804, 204.3271, 22.8900, 110.6401, -0.1711, 0.995591, -0.093784, 0.001936, 0.000579, 0.092831, 0.982092, -0.163946, -0.004976, 0.013474, 0.163403, 0.986467, 0.197941, 0.000000, 0.000000, 0.000000, 1.000000, 0.013126, 0.159819, 0.987059, 0.219958, -0.995591, 0.093782, -0.001945, -0.000580, -0.092879, -0.982681, 0.160345, 0.204327, 0.000000, 0.000000, 0.000000, 1.000000, 0.995154, -0.061170, 0.076984, 0.022890, 0.078828, 0.028319, -0.996486, 0.110640, 0.058775, 0.997726, 0.033004, -0.000171, 0.000000, 0.000000, 0.000000, 1.000000
-14.9681, 0.5760, -4.9833, 197.9644, 219.9812, -0.5778, 204.3343, 22.8897, 110.6329, -0.1622, 0.995592, -0.093765, 0.001925, 0.000576, 0.092813, 0.982116, -0.163808, -0.004983, 0.013469, 0.163265, 0.986490, 0.197964, 0.000000, 0.000000, 0.000000, 1.000000, 0.013121, 0.159681, 0.987082, 0.219981, -0.995593, 0.093764, -0.001934, -0.000578, -0.092861, -0.982706, 0.160207, 0.204334, 0.000000, 0.000000, 0.000000, 1.000000, 0.995154, -0.061172, 0.076982, 0.022890, 0.078826, 0.028319, -0.996486, 0.110633, 0.058777, 0.997725, 0.033004, -0.000162, 0.000000, 0.000000, 0.000000, 1.000000
-14.9624, 0.5740, -4.9889, 197.9817, 219.9986, -0.5758, 204.3398, 22.8894, 110.6276, -0.1556, 0.995594, -0.093751, 0.001917, 0.000574, 0.092799, 0.982135, -0.163704, -0.004989, 0.013465, 0.163161, 0.986508, 0.197982, 0.000000, 0.000000, 0.000000, 1.000000, 0.013117, 0.159577, 0.987098, 0.219999, -0.995594, 0.093749, -0.001926, -0.000576, -0.092847, -0.982724, 0.160103, 0.204340, 0.000000, 0.000000, 0.000000, 1.000000, 0.995154, -0.061174, 0.076981, 0.022889, 0.078825, 0.028319, -0.996486, 0.110628, 0.058779, 0.997725, 0.033004, -0.000156, 0.000000, 0.000000, 0.000000, 1.000000
-14.9529, 0.5706, -4.9986, 198.0105, 220.0274, -0.5724, 204.3495, 22.8890, 110.6187, -0.1446, 0.995596, -0.093727, 0.001903, 0.000571, 0.092775, 0.982166, -0.163532, -0.004999, 0.013458, 0.162988, 0.986536, 0.198011, 0.000000, 0.000000, 0.000000, 1.000000, 0.013110, 0.159404, 0.987126, 0.220027, -0.995596, 0.093726, -0.001912, -0.000572, -0.092824, -0.982754, 0.159931, 0.204349, 0.000000, 0.000000, 0.000000, 1.000000, 0.995154, -0.061177, 0.076978, 0.022889, 0.078822, 0.028320, -0.996486, 0.110619, 0.058782, 0.997725, 0.033004, -0.000145, 0.000000, 0.000000, 0.000000, 1.000000
-14.9386, 0.5654, -5.0139, 198.0536, 220.0706, -0.5672, 204.3647, 22.8882, 110.6054, -0.1280, 0.995600, -0.093691, 0.001882, 0.000565, 0.092739, 0.982212, -0.163275, -0.005014, 0.013449, 0.162731, 0.986579, 0.198054, 0.000000, 0.000000, 0.000000, 1.000000, 0.013101, 0.159147, 0.987168, 0.220071, -0.995600, 0.093689, -0.001891, -0.000567, -0.092788, -0.982799, 0.159674, 0.204365, 0.000000, 0.000000, 0.000000, 1.000000, 0.995154, -0.061182, 0.076975, 0.022888, 0.078819, 0.028320, -0.996487, 0.110605, 0.058787, 0.997725, 0.033005, -0.000128, 0.000000, 0.000000, 0.000000, 1.000000
-14.9309, 0.5625, -5.0224, 198.0767, 220.0937, -0.5644, 204.3731, 22.8878, 110.5983, -0.1192, 0.995601, -0.093671, 0.001871, 0.000563, 0.092720, 0.982237, -0.163137, -0.005022, 0.013444, 0.162593, 0.986602, 0.198077, 0.000000, 0.000000, 0.000000, 1.000000, 0.013096, 0.159009, 0.987190, 0.220094, -0.995602, 0.093669, -0.001880, -0.000564, -0.092768, -0.982824, 0.159537, 0.204373, 0.000000, 0.000000, 0.000000, 1.000000, 0.995154, -0.061184, 0.076973, 0.022888, 0.078817, 0.028320, -0.996487, 0.110598, 0.058789, 0.997725, 0.033005, -0.000119, 0.000000, 0.000000, 0.000000, 1.000000
-14.9190, 0.5595, -5.0276, 198.1164, 220.1335, -0.5613, 204.3782, 22.8877, 110.5862, -0.1044, 0.995604, -0.093649, 0.001854, 0.000559, 0.092699, 0.982278, -0.162902, -0.005028, 0.013434, 0.162358, 0.986640, 0.198116, 0.000000, 0.000000, 0.000000, 1.000000, 0.013087, 0.158774, 0.987228, 0.220133, -0.995604, 0.093647, -0.001863, -0.000561, -0.092747, -0.982864, 0.159301, 0.204378, 0.000000, 0.000000, 0.000000, 1.000000, 0.995154, -0.061188, 0.076970, 0.022888, 0.078815, 0.028320, -0.996487, 0.110586, 0.058793, 0.997724, 0.033005, -0.000104, 0.000000, 0.000000, 0.000000, 1.000000
-14.9108, 0.5571, -5.0325, 198.1435, 220.1605, -0.5589, 204.3829, 22.8876, 110.5780, -0.0943, 0.995605, -0.093632, 0.001842, 0.000557, 0.092683, 0.982306, -0.162742, -0.005033, 0.013428, 0.162198, 0.986667, 0.198143, 0.000000, 0.000000, 0.000000, 1.000000, 0.013081, 0.158614, 0.987254, 0.220161, -0.995605, 0.093631, -0.001851, -0.000559, -0.092731, -0.982891, 0.159141, 0.204383, 0.000000, 0.000000, 0.000000, 1.000000, 0.995154, -0.061190, 0.076968, 0.022888, 0.078813, 0.028320, -0.996487, 0.110578, 0.058795, 0.997724, 0.033005, -0.000094, 0.000000, 0.000000, 0.000000, 1.000000
-14.9023, 0.5546, -5.0384, 198.1707, 220.1878, -0.5564, 204.3887, 22.8874, 110.5698, -0.0841, 0.995607, -0.093615, 0.001830, 0.000555, 0.092666, 0.982334, -0.162581, -0.005038, 0.013422, 0.162037, 0.986693, 0.198171, 0.000000, 0.000000, 0.000000, 1.000000, 0.013075, 0.158452, 0.987280, 0.220188, -0.995607, 0.093613, -0.001839, -0.000556, -0.092714, -0.982919, 0.158980, 0.204389, 0.000000, 0.000000, 0.000000, 1.000000, 0.995154, -0.061193, 0.076966, 0.022887, 0.078811, 0.028320, -0.996487, 0.110570, 0.058798, 0.997724, 0.033006, -0.000084, 0.000000, 0.000000, 0.000000, 1.000000
-14.8936, 0.5518, -5.0454, 198.1982, 220.2152, -0.5536, 204.3956, 22.8871, 110.5614, -0.0738, 0.995609, -0.093595, 0.001817, 0.000552, 0.092647, 0.982363, -0.162419, -0.005045, 0.013417, 0.161874, 0.986720, 0.198198, 0.000000, 0.000000, 0.000000, 1.000000, 0.013069, 0.158289, 0.987306, 0.220215, -0.995609, 0.093594, -0.001826, -0.000554, -0.092695, -0.982947, 0.158817, 0.204396, 0.000000, 0.000000, 0.000000, 1.000000, 0.995154, -0.061195, 0.076964, 0.022887, 0.078809, 0.028320, -0.996487, 0.110561, 0.058801, 0.997724, 0.033006, -0.000074, 0.000000, 0.000000, 0.000000, 1.000000
-14.8848, 0.5488, -5.0534, 198.2256, 220.2427, -0.5506, 204.4035, 22.8867, 110.5530, -0.0634, 0.995611, -0.093575, 0.001804, 0.000549, 0.092626, 0.982392, -0.162257, -0.005053, 0.013411, 0.161711, 0.986747, 0.198226, 0.000000, 0.000000, 0.000000, 1.000000, 0.013064, 0.158126, 0.987332, 0.220243, -0.995611, 0.093573, -0.001813, -0.000551, -0.092675, -0.982975, 0.158655, 0.204403, 0.000000, 0.000000, 0.000000, 1.000000, 0.995154, -0.061198, 0.076962, 0.022887, 0.078807, 0.028320, -0.996488, 0.110553, 0.058804, 0.997724, 0.033006, -0.000063, 0.000000, 0.000000, 0.000000, 1.000000
-14.8758, 0.5456, -5.0624, 198.2531, 220.2702, -0.5475, 204.4124, 22.8863, 110.5446, -0.0530, 0.995613, -0.093553, 0.001790, 0.000546, 0.092605, 0.982420, -0.162094, -0.005062, 0.013406, 0.161549, 0.986774, 0.198253, 0.000000, 0.000000, 0.000000, 1.000000, 0.013059, 0.157964, 0.987359, 0.220270, -0.995613, 0.093552, -0.001799, -0.000547, -0.092653, -0.983003, 0.158492, 0.204412, 0.000000, 0.000000, 0.000000, 1.000000, 0.995154, -0.061201, 0.076960, 0.022886, 0.078805, 0.028321, -0.996488, 0.110545, 0.058806, 0.997724, 0.033006, -0.000053, 0.000000, 0.000000, 0.000000, 1.000000
-14.8623, 0.5406, -5.0775, 198.2939, 220.3111, -0.5424, 204.4274, 22.8854, 110.5321, -0.0375, 0.995616, -0.093518, 0.001769, 0.000541, 0.092570, 0.982464, -0.161852, -0.005077, 0.013398, 0.161306, 0.986813, 0.198294, 0.000000, 0.000000, 0.000000, 1.000000, 0.013051, 0.157721, 0.987397, 0.220311, -0.995616, 0.093517, -0.001778, -0.000542, -0.092619, -0.983046, 0.158250, 0.204427, 0.000000, 0.000000, 0.000000, 1.000000, 0.995154, -0.061205, 0.076957, 0.022885, 0.078802, 0.028321, -0.996488, 0.110532, 0.058811, 0.997723, 0.033007, -0.000038, 0.000000, 0.000000, 0.000000, 1.000000
-14.8395, 0.5314, -5.1066, 198.3607, 220.3780, -0.5332, 204.4563, 22.8837, 110.5115, -0.0120, 0.995622, -0.093456, 0.001732, 0.000531, 0.092508, 0.982535, -0.161456, -0.005107, 0.013387, 0.160909, 0.986878, 0.198361, 0.000000, 0.000000, 0.000000, 1.000000, 0.013041, 0.157324, 0.987461, 0.220378, -0.995622, 0.093454, -0.001741, -0.000533, -0.092556, -0.983115, 0.157854, 0.204456, 0.000000, 0.000000, 0.000000, 1.000000, 0.995154, -0.061212, 0.076951, 0.022884, 0.078797, 0.028321, -0.996488, 0.110512, 0.058818, 0.997723, 0.033007, -0.000012, 0.000000, 0.000000, 0.000000, 1.000000
-14.8305, 0.5275, -5.1192, 198.3865, 220.4039, -0.5293, 204.4688, 22.8830, 110.5035, -0.0021, 0.995624, -0.093430, 0.001717, 0.000528, 0.092482, 0.982562, -0.161303, -0.005119, 0.013383, 0.160756, 0.986903, 0.198387, 0.000000, 0.000000, 0.000000, 1.000000, 0.013037, 0.157171, 0.987485, 0.220404, -0.995625, 0.093428, -0.001726, -0.000529, -0.092530, -0.983142, 0.157701, 0.204469, 0.000000, 0.000000, 0.000000, 1.000000, 0.995154, -0.061215, 0.076949, 0.022883, 0.078794, 0.028322, -0.996488, 0.110504, 0.058820, 0.997723, 0.033008, -0.000002, 0.000000, 0.000000, 0.000000, 1.000000
-14.8216, 0.5236, -5.1323, 198.4117, 220.4291, -0.5254, 204.4818, 22.8821, 110.4957, 0.0076, 0.995627, -0.093403, 0.001702, 0.000524, 0.092456, 0.982589, -0.161153, -0.005132, 0.013380, 0.160606, 0.986928, 0.198412, 0.000000, 0.000000, 0.000000, 1.000000, 0.013033, 0.157021, 0.987509, 0.220429, -0.995627, 0.093402, -0.001711, -0.000525, -0.092504, -0.983169, 0.157551, 0.204482, 0.000000, 0.000000, 0.000000, 1.000000, 0.995154, -0.061217, 0.076947, 0.022882, 0.078792, 0.028322, -0.996489, 0.110496, 0.058823, 0.997723, 0.033008, 0.000008, 0.000000, 0.000000, 0.000000, 1.000000
-14.8128, 0.5196, -5.1457, 198.4364, 220.4539, -0.5214, 204.4952, 22.8813, 110.4880, 0.0171, 0.995629, -0.093376, 0.001687, 0.000520, 0.092429, 0.982616, -0.161006, -0.005146, 0.013376, 0.160459, 0.986952, 0.198436, 0.000000, 0.000000, 0.000000, 1.000000, 0.013030, 0.156874, 0.987533, 0.220454, -0.995630, 0.093375, -0.001696, -0.000521, -0.092477, -0.983195, 0.157405, 0.204495, 0.000000, 0.000000, 0.000000, 1.000000, 0.995154, -0.061220, 0.076945, 0.022881, 0.078790, 0.028322, -0.996489, 0.110488, 0.058826, 0.997722, 0.033009, 0.000017, 0.000000, 0.000000, 0.000000, 1.000000
-14.8041, 0.5156, -5.1596, 198.4607, 220.4782, -0.5174, 204.5090, 22.8804, 110.4805, 0.0265, 0.995632, -0.093349, 0.001672, 0.000516, 0.092402, 0.982642, -0.160862, -0.005160, 0.013373, 0.160314, 0.986976, 0.198461, 0.000000, 0.000000, 0.000000, 1.000000, 0.013027, 0.156729, 0.987556, 0.220478, -0.995632, 0.093348, -0.001681, -0.000517, -0.092450, -0.983220, 0.157260, 0.204509, 0.000000, 0.000000, 0.000000, 1.000000, 0.995154, -0.061223, 0.076943, 0.022880, 0.078788, 0.028323, -0.996489, 0.110480, 0.058828, 0.997722, 0.033009, 0.000027, 0.000000, 0.000000, 0.000000, 1.000000
-14.7954, 0.5115, -5.1737, 198.4846, 220.5021, -0.5133, 204.5231, 22.8795, 110.4730, 0.0358, 0.995635, -0.093322, 0.001658, 0.000512, 0.092374, 0.982668, -0.160720, -0.005174, 0.013370, 0.160171, 0.986999, 0.198485, 0.000000, 0.000000, 0.000000, 1.000000, 0.013024, 0.156587, 0.987578, 0.220502, -0.995635, 0.093321, -0.001667, -0.000513, -0.092422, -0.983246, 0.157119, 0.204523, 0.000000, 0.000000, 0.000000, 1.000000, 0.995154, -0.061225, 0.076941, 0.022879, 0.078786, 0.028323, -0.996489, 0.110473, 0.058831, 0.997722, 0.033009, 0.000036, 0.000000, 0.000000, 0.000000, 1.000000
-14.7869, 0.5074, -5.1881, 198.5080, 220.5256, -0.5092, 204.5374, 22.8785, 110.4657, 0.0448, 0.995637, -0.093295, 0.001643, 0.000507, 0.092347, 0.982693, -0.160581, -0.005188, 0.013367, 0.160032, 0.987021, 0.198508, 0.000000, 0.000000, 0.000000, 1.000000, 0.013021, 0.156447, 0.987600, 0.220526, -0.995637, 0.093293, -0.001652, -0.000509, -0.092395, -0.983270, 0.156980, 0.204537, 0.000000, 0.000000, 0.000000, 1.000000, 0.995154, -0.061228, 0.076939, 0.022879, 0.078784, 0.028323, -0.996489, 0.110466, 0.058834, 0.997722, 0.033010, 0.000045, 0.000000, 0.000000, 0.000000, 1.000000
-14.7784, 0.5033, -5.2026, 198.5309, 220.5486, -0.5051, 204.5519, 22.8776, 110.4586, 0.0538, 0.995640, -0.093267, 0.001628, 0.000503, 0.092319, 0.982718, -0.160444, -0.005203, 0.013364, 0.159895, 0.987044, 0.198531, 0.000000, 0.000000, 0.000000, 1.000000, 0.013018, 0.156311, 0.987622, 0.220549, -0.995640, 0.093266, -0.001637, -0.000505, -0.092367, -0.983295, 0.156843, 0.204552, 0.000000, 0.000000, 0.000000, 1.000000, 0.995154, -0.061230, 0.076936, 0.022878, 0.078782, 0.028324, -0.996489, 0.110459, 0.058836, 0.997722, 0.033010, 0.000054, 0.000000, 0.000000, 0.000000, 1.000000
-14.7701, 0.4992, -5.2172, 198.5535, 220.5712, -0.5010, 204.5665, 22.8766, 110.4515, 0.0625, 0.995642, -0.093239, 0.001614, 0.000499, 0.092291, 0.982743, -0.160310, -0.005217, 0.013361, 0.159760, 0.987065, 0.198553, 0.000000, 0.000000, 0.000000, 1.000000, 0.013016, 0.156176, 0.987643, 0.220571, -0.995643, 0.093238, -0.001623, -0.000501, -0.092339, -0.983319, 0.156709, 0.204566, 0.000000, 0.000000, 0.000000, 1.000000, 0.995154, -0.061233, 0.076934, 0.022877, 0.078780, 0.028324, -0.996490, 0.110451, 0.058839, 0.997722, 0.033011, 0.000063, 0.000000, 0.000000, 0.000000, 1.000000
-14.7659, 0.4971, -5.2245, 198.5647, 220.5824, -0.4989, 204.5738, 22.8761, 110.4480, 0.0669, 0.995644, -0.093226, 0.001606, 0.000497, 0.092277, 0.982755, -0.160243, -0.005225, 0.013360, 0.159693, 0.987076, 0.198565, 0.000000, 0.000000, 0.000000, 1.000000, 0.013014, 0.156109, 0.987654, 0.220582, -0.995644, 0.093224, -0.001616, -0.000499, -0.092325, -0.983331, 0.156642, 0.204574, 0.000000, 0.000000, 0.000000, 1.000000, 0.995154, -0.061234, 0.076933, 0.022876, 0.078780, 0.028324, -0.996490, 0.110448, 0.058840, 0.997721, 0.033011, 0.000067, 0.000000, 0.000000, 0.000000, 1.000000
-14.7412, 0.4847, -5.2687, 198.6307, 220.6486, -0.4865, 204.6180, 22.8731, 110.4272, 0.0927, 0.995652, -0.093143, 0.001564, 0.000485, 0.092194, 0.982827, -0.159849, -0.005269, 0.013352, 0.159298, 0.987140, 0.198631, 0.000000, 0.000000, 0.000000, 1.000000, 0.013007, 0.155715, 0.987716, 0.220649, -0.995652, 0.093141, -0.001573, -0.000486, -0.092242, -0.983401, 0.156249, 0.204618, 0.000000, 0.000000, 0.000000, 1.000000, 0.995154, -0.061241, 0.076927, 0.022873, 0.078774, 0.028325, -0.996490, 0.110427, 0.058847, 0.997721, 0.033012, 0.000093, 0.000000, 0.000000, 0.000000, 1.000000
-14.7333, 0.4806, -5.2831, 198.6519, 220.6698, -0.4825, 204.6324, 22.8721, 110.4206, 0.1010, 0.995654, -0.093116, 0.001550, 0.000481, 0.092167, 0.982850, -0.159723, -0.005283, 0.013349, 0.159171, 0.987161, 0.198652, 0.000000, 0.000000, 0.000000, 1.000000, 0.013004, 0.155588, 0.987736, 0.220670, -0.995654, 0.093114, -0.001559, -0.000482, -0.092215, -0.983424, 0.156123, 0.204632, 0.000000, 0.000000, 0.000000, 1.000000, 0.995154, -0.061244, 0.076925, 0.022872, 0.078772, 0.028326, -0.996490, 0.110421, 0.058850, 0.997721, 0.033013, 0.000101, 0.000000, 0.000000, 0.000000, 1.000000
-14.7294, 0.4787, -5.2902, 198.6623, 220.6802, -0.4805, 204.6395, 22.8717, 110.4173, 0.1051, 0.995655, -0.093103, 0.001543, 0.000479, 0.092154, 0.982861, -0.159660, -0.005290, 0.013348, 0.159109, 0.987171, 0.198662, 0.000000, 0.000000, 0.000000, 1.000000, 0.013003, 0.155526, 0.987746, 0.220680, -0.995655, 0.093101, -0.001552, -0.000480, -0.092202, -0.983435, 0.156061, 0.204639, 0.000000, 0.000000, 0.000000, 1.000000, 0.995154, -0.061245, 0.076925, 0.022872, 0.078771, 0.028326, -0.996490, 0.110417, 0.058851, 0.997721, 0.033013, 0.000105, 0.000000, 0.000000, 0.000000, 1.000000
-14.7178, 0.4728, -5.3111, 198.6931, 220.7111, -0.4746, 204.6604, 22.8702, 110.4075, 0.1171, 0.995659, -0.093063, 0.001523, 0.000473, 0.092114, 0.982895, -0.159476, -0.005311, 0.013344, 0.158924, 0.987201, 0.198693, 0.000000, 0.000000, 0.000000, 1.000000, 0.012999, 0.155342, 0.987775, 0.220711, -0.995659, 0.093062, -0.001532, -0.000475, -0.092162, -0.983468, 0.155877, 0.204660, 0.000000, 0.000000, 0.000000, 1.000000, 0.995154, -0.061248, 0.076922, 0.022870, 0.078768, 0.028326, -0.996490, 0.110408, 0.058854, 0.997721, 0.033013, 0.000117, 0.000000, 0.000000, 0.000000, 1.000000
-14.7102, 0.4689, -5.3247, 198.7133, 220.7314, -0.4707, 204.6740, 22.8693, 110.4012, 0.1250, 0.995661, -0.093038, 0.001510, 0.000469, 0.092088, 0.982917, -0.159355, -0.005325, 0.013342, 0.158803, 0.987220, 0.198713, 0.000000, 0.000000, 0.000000, 1.000000, 0.012997, 0.155221, 0.987794, 0.220731, -0.995662, 0.093036, -0.001519, -0.000471, -0.092136, -0.983489, 0.155757, 0.204674, 0.000000, 0.000000, 0.000000, 1.000000, 0.995154, -0.061250, 0.076920, 0.022869, 0.078767, 0.028327, -0.996491, 0.110401, 0.058857, 0.997720, 0.033014, 0.000125, 0.000000, 0.000000, 0.000000, 1.000000
-14.7028, 0.4652, -5.3380, 198.7332, 220.7514, -0.4670, 204.6873, 22.8684, 110.3949, 0.1329, 0.995664, -0.093012, 0.001497, 0.000465, 0.092063, 0.982939, -0.159236, -0.005338, 0.013339, 0.158683, 0.987239, 0.198733, 0.000000, 0.000000, 0.000000, 1.000000, 0.012994, 0.155102, 0.987813, 0.220751, -0.995664, 0.093011, -0.001507, -0.000467, -0.092111, -0.983510, 0.155638, 0.204687, 0.000000, 0.000000, 0.000000, 1.000000, 0.995154, -0.061253, 0.076918, 0.022868, 0.078765, 0.028327, -0.996491, 0.110395, 0.058859, 0.997720, 0.033014, 0.000133, 0.000000, 0.000000, 0.000000, 1.000000
-14.6918, 0.4597, -5.3573, 198.7627, 220.7809, -0.4615, 204.7067, 22.8671, 110.3856, 0.1444, 0.995667, -0.092976, 0.001479, 0.000460, 0.092026, 0.982971, -0.159060, -0.005357, 0.013335, 0.158506, 0.987268, 0.198763, 0.000000, 0.000000, 0.000000, 1.000000, 0.012991, 0.154926, 0.987841, 0.220781, -0.995667, 0.092974, -0.001488, -0.000461, -0.092074, -0.983542, 0.155462, 0.204707, 0.000000, 0.000000, 0.000000, 1.000000, 0.995154, -0.061256, 0.076915, 0.022867, 0.078762, 0.028327, -0.996491, 0.110386, 0.058862, 0.997720, 0.033015, 0.000144, 0.000000, 0.000000, 0.000000, 1.000000
-14.6846, 0.4561, -5.3698, 198.7820, 220.8003, -0.4579, 204.7192, 22.8663, 110.3795, 0.1520, 0.995670, -0.092952, 0.001467, 0.000456, 0.092002, 0.982992, -0.158943, -0.005370, 0.013332, 0.158390, 0.987287, 0.198782, 0.000000, 0.000000, 0.000000, 1.000000, 0.012988, 0.154810, 0.987859, 0.220800, -0.995670, 0.092950, -0.001476, -0.000458, -0.092050, -0.983562, 0.155346, 0.204719, 0.000000, 0.000000, 0.000000, 1.000000, 0.995154, -0.061258, 0.076914, 0.022866, 0.078761, 0.028328, -0.996491, 0.110379, 0.058864, 0.997720, 0.033015, 0.000152, 0.000000, 0.000000, 0.000000, 1.000000
-14.6774, 0.4526, -5.3819, 198.8014, 220.8196, -0.4544, 204.7314, 22.8655, 110.3734, 0.1595, 0.995672, -0.092928, 0.001455, 0.000453, 0.091979, 0.983013, -0.158828, -0.005382, 0.013329, 0.158274, 0.987305, 0.198801, 0.000000, 0.000000, 0.000000, 1.000000, 0.012985, 0.154694, 0.987877, 0.220820, -0.995672, 0.092927, -0.001464, -0.000454, -0.092026, -0.983582, 0.155231, 0.204731, 0.000000, 0.000000, 0.000000, 1.000000, 0.995154, -0.061260, 0.076912, 0.022866, 0.078759, 0.028328, -0.996491, 0.110373, 0.058866, 0.997720, 0.033015, 0.000160, 0.000000, 0.000000, 0.000000, 1.000000
-14.6668, 0.4474, -5.3998, 198.8305, 220.8488, -0.4492, 204.7492, 22.8643, 110.3642, 0.1709, 0.995675, -0.092893, 0.001437, 0.000447, 0.091944, 0.983044, -0.158653, -0.005400, 0.013325, 0.158099, 0.987333, 0.198830, 0.000000, 0.000000, 0.000000, 1.000000, 0.012981, 0.154520, 0.987904, 0.220849, -0.995675, 0.092892, -0.001446, -0.000449, -0.091992, -0.983613, 0.155057, 0.204749, 0.000000, 0.000000, 0.000000, 1.000000, 0.995154, -0.061263, 0.076909, 0.022864, 0.078757, 0.028328, -0.996491, 0.110364, 0.058870, 0.997720, 0.033016, 0.000171, 0.000000, 0.000000, 0.000000, 1.000000
-14.6597, 0.4440, -5.4113, 198.8499, 220.8683, -0.4458, 204.7608, 22.8636, 110.3580, 0.1784, 0.995677, -0.092870, 0.001426, 0.000444, 0.091921, 0.983065, -0.158537, -0.005411, 0.013322, 0.157982, 0.987352, 0.198850, 0.000000, 0.000000, 0.000000, 1.000000, 0.012978, 0.154403, 0.987923, 0.220868, -0.995677, 0.092869, -0.001435, -0.000446, -0.091969, -0.983634, 0.154941, 0.204761, 0.000000, 0.000000, 0.000000, 1.000000, 0.995154, -0.061265, 0.076908, 0.022864, 0.078755, 0.028329, -0.996491, 0.110358, 0.058872, 0.997719, 0.033016, 0.000178, 0.000000, 0.000000, 0.000000, 1.000000
-14.6491, 0.4400, -5.4225, 198.8818, 220.9003, -0.4418, 204.7720, 22.8630, 110.3482, 0.1906, 0.995680, -0.092843, 0.001410, 0.000440, 0.091894, 0.983098, -0.158346, -0.005422, 0.013315, 0.157792, 0.987383, 0.198882, 0.000000, 0.000000, 0.000000, 1.000000, 0.012972, 0.154213, 0.987952, 0.220900, -0.995680, 0.092841, -0.001419, -0.000442, -0.091942, -0.983666, 0.154751, 0.204772, 0.000000, 0.000000, 0.000000, 1.000000, 0.995154, -0.061269, 0.076905, 0.022863, 0.078752, 0.028329, -0.996492, 0.110348, 0.058875, 0.997719, 0.033017, 0.000191, 0.000000, 0.000000, 0.000000, 1.000000
-14.6421, 0.4376, -5.4283, 198.9040, 220.9224, -0.4394, 204.7778, 22.8627, 110.3414, 0.1989, 0.995681, -0.092827, 0.001399, 0.000438, 0.091878, 0.983121, -0.158215, -0.005428, 0.013311, 0.157660, 0.987404, 0.198904, 0.000000, 0.000000, 0.000000, 1.000000, 0.012967, 0.154082, 0.987973, 0.220922, -0.995681, 0.092825, -0.001408, -0.000439, -0.091926, -0.983688, 0.154620, 0.204778, 0.000000, 0.000000, 0.000000, 1.000000, 0.995154, -0.061271, 0.076903, 0.022863, 0.078751, 0.028329, -0.996492, 0.110341, 0.058877, 0.997719, 0.033017, 0.000199, 0.000000, 0.000000, 0.000000, 1.000000
-14.6350, 0.4351, -5.4345, 198.9259, 220.9444, -0.4370, 204.7840, 22.8624, 110.3346, 0.2072, 0.995683, -0.092810, 0.001389, 0.000435, 0.091861, 0.983143, -0.158085, -0.005435, 0.013306, 0.157530, 0.987425, 0.198926, 0.000000, 0.000000, 0.000000, 1.000000, 0.012963, 0.153952, 0.987993, 0.220944, -0.995683, 0.092808, -0.001398, -0.000437, -0.091909, -0.983710, 0.154490, 0.204784, 0.000000, 0.000000, 0.000000, 1.000000, 0.995154, -0.061273, 0.076902, 0.022862, 0.078749, 0.028329, -0.996492, 0.110335, 0.058879, 0.997719, 0.033017, 0.000207, 0.000000, 0.000000, 0.000000, 1.000000
-14.6280, 0.4326, -5.4411, 198.9476, 220.9661, -0.4345, 204.7906, 22.8621, 110.3279, 0.2154, 0.995685, -0.092793, 0.001379, 0.000433, 0.091845, 0.983166, -0.157956, -0.005441, 0.013302, 0.157401, 0.987445, 0.198948, 0.000000, 0.000000, 0.000000, 1.000000, 0.012958, 0.153823, 0.988013, 0.220966, -0.995685, 0.092791, -0.001388, -0.000434, -0.091892, -0.983732, 0.154361, 0.204791, 0.000000, 0.000000, 0.000000, 1.000000, 0.995154, -0.061275, 0.076900, 0.022862, 0.078748, 0.028329, -0.996492, 0.110328, 0.058882, 0.997719, 0.033017, 0.000215, 0.000000, 0.000000, 0.000000, 1.000000
-14.6209, 0.4301, -5.4482, 198.9692, 220.9877, -0.4319, 204.7976, 22.8617, 110.3212, 0.2236, 0.995686, -0.092775, 0.001368, 0.000430, 0.091827, 0.983188, -0.157827, -0.005448, 0.013297, 0.157272, 0.987466, 0.198969, 0.000000, 0.000000, 0.000000, 1.000000, 0.012954, 0.153694, 0.988034, 0.220988, -0.995686, 0.092773, -0.001377, -0.000432, -0.091875, -0.983754, 0.154233, 0.204798, 0.000000, 0.000000, 0.000000, 1.000000, 0.995154, -0.061277, 0.076898, 0.022862, 0.078746, 0.028329, -0.996492, 0.110321, 0.058884, 0.997719, 0.033017, 0.000224, 0.000000, 0.000000, 0.000000, 1.000000
-14.6138, 0.4274, -5.4558, 198.9906, 221.0091, -0.4292, 204.8052, 22.8613, 110.3146, 0.2317, 0.995688, -0.092756, 0.001358, 0.000427, 0.091809, 0.983210, -0.157700, -0.005456, 0.013293, 0.157145, 0.987486, 0.198991, 0.000000, 0.000000, 0.000000, 1.000000, 0.012950, 0.153567, 0.988053, 0.221009, -0.995688, 0.092755, -0.001367, -0.000429, -0.091857, -0.983775, 0.154106, 0.204805, 0.000000, 0.000000, 0.000000, 1.000000, 0.995154, -0.061279, 0.076896, 0.022861, 0.078744, 0.028330, -0.996492, 0.110315, 0.058886, 0.997719, 0.033018, 0.000232, 0.000000, 0.000000, 0.000000, 1.000000
-14.6067, 0.4247, -5.4638, 199.0119, 221.0305, -0.4265, 204.8132, 22.8608, 110.3080, 0.2398, 0.995690, -0.092737, 0.001347, 0.000425, 0.091790, 0.983232, -0.157573, -0.005464, 0.013289, 0.157017, 0.987506, 0.199012, 0.000000, 0.000000, 0.000000, 1.000000, 0.012946, 0.153440, 0.988073, 0.221030, -0.995690, 0.092736, -0.001356, -0.000426, -0.091838, -0.983797, 0.153979, 0.204813, 0.000000, 0.000000, 0.000000, 1.000000, 0.995154, -0.061282, 0.076895, 0.022861, 0.078743, 0.028330, -0.996492, 0.110308, 0.058888, 0.997718, 0.033018, 0.000240, 0.000000, 0.000000, 0.000000, 1.000000
-14.5995, 0.4218, -5.4724, 199.0333, 221.0519, -0.4236, 204.8218, 22.8603, 110.3014, 0.2480, 0.995692, -0.092718, 0.001336, 0.000422, 0.091771, 0.983254, -0.157446, -0.005472, 0.013285, 0.156890, 0.987527, 0.199033, 0.000000, 0.000000, 0.000000, 1.000000, 0.012942, 0.153313, 0.988093, 0.221052, -0.995692, 0.092716, -0.001345, -0.000424, -0.091819, -0.983819, 0.153852, 0.204822, 0.000000, 0.000000, 0.000000, 1.000000, 0.995154, -0.061284, 0.076893, 0.022860, 0.078741, 0.028330, -0.996492, 0.110301, 0.058890, 0.997718, 0.033018, 0.000248, 0.000000, 0.000000, 0.000000, 1.000000
-14.5885, 0.4174, -5.4863, 199.0653, 221.0839, -0.4192, 204.8356, 22.8595, 110.2914, 0.2602, 0.995694, -0.092687, 0.001319, 0.000417, 0.091740, 0.983288, -0.157255, -0.005486, 0.013278, 0.156699, 0.987557, 0.199065, 0.000000, 0.000000, 0.000000, 1.000000, 0.012936, 0.153122, 0.988123, 0.221084, -0.995695, 0.092686, -0.001328, -0.000419, -0.091788, -0.983851, 0.153662, 0.204836, 0.000000, 0.000000, 0.000000, 1.000000, 0.995154, -0.061287, 0.076890, 0.022860, 0.078738, 0.028330, -0.996493, 0.110291, 0.058894, 0.997718, 0.033019, 0.000260, 0.000000, 0.000000, 0.000000, 1.000000
-14.5811, 0.4143, -5.4962, 199.0866, 221.1053, -0.4161, 204.8455, 22.8589, 110.2847, 0.2684, 0.995696, -0.092666, 0.001308, 0.000414, 0.091719, 0.983310, -0.157127, -0.005496, 0.013274, 0.156571, 0.987578, 0.199087, 0.000000, 0.000000, 0.000000, 1.000000, 0.012932, 0.152994, 0.988142, 0.221105, -0.995697, 0.092664, -0.001317, -0.000416, -0.091767, -0.983873, 0.153534, 0.204846, 0.000000, 0.000000, 0.000000, 1.000000, 0.995154, -0.061289, 0.076889, 0.022859, 0.078737, 0.028330, -0.996493, 0.110285, 0.058896, 0.997718, 0.033019, 0.000268, 0.000000, 0.000000, 0.000000, 1.000000
-14.5623, 0.4061, -5.5228, 199.1401, 221.1589, -0.4079, 204.8721, 22.8573, 110.2679, 0.2890, 0.995702, -0.092609, 0.001278, 0.000406, 0.091663, 0.983366, -0.156807, -0.005523, 0.013265, 0.156250, 0.987628, 0.199140, 0.000000, 0.000000, 0.000000, 1.000000, 0.012922, 0.152675, 0.988192, 0.221159, -0.995702, 0.092608, -0.001287, -0.000408, -0.091711, -0.983928, 0.153215, 0.204872, 0.000000, 0.000000, 0.000000, 1.000000, 0.995154, -0.061295, 0.076884, 0.022857, 0.078732, 0.028331, -0.996493, 0.110268, 0.058902, 0.997718, 0.033020, 0.000289, 0.000000, 0.000000, 0.000000, 1.000000
-14.5585, 0.4044, -5.5283, 199.1507, 221.1695, -0.4062, 204.8777, 22.8569, 110.2646, 0.2931, 0.995703, -0.092598, 0.001272, 0.000404, 0.091652, 0.983377, -0.156744, -0.005528, 0.013263, 0.156187, 0.987638, 0.199151, 0.000000, 0.000000, 0.000000, 1.000000, 0.012921, 0.152611, 0.988202, 0.221169, -0.995703, 0.092596, -0.001281, -0.000406, -0.091700, -0.983939, 0.153152, 0.204878, 0.000000, 0.000000, 0.000000, 1.000000, 0.995154, -0.061296, 0.076883, 0.022857, 0.078732, 0.028331, -0.996493, 0.110265, 0.058903, 0.997717, 0.033020, 0.000293, 0.000000, 0.000000, 0.000000, 1.000000
-14.5472, 0.3993, -5.5454, 199.1822, 221.2010, -0.4012, 204.8948, 22.8559, 110.2546, 0.3053, 0.995706, -0.092563, 0.001254, 0.000399, 0.091617, 0.983411, -0.156555, -0.005545, 0.013258, 0.155998, 0.987668, 0.199182, 0.000000, 0.000000, 0.000000, 1.000000, 0.012915, 0.152423, 0.988231, 0.221201, -0.995706, 0.092562, -0.001263, -0.000401, -0.091665, -0.983971, 0.152964, 0.204895, 0.000000, 0.000000, 0.000000, 1.000000, 0.995154, -0.061299, 0.076880, 0.022856, 0.078729, 0.028332, -0.996493, 0.110255, 0.058906, 0.997717, 0.033020, 0.000305, 0.000000, 0.000000, 0.000000, 1.000000
-14.5397, 0.3959, -5.5571, 199.2031, 221.2220, -0.3977, 204.9065, 22.8551, 110.2480, 0.3134, 0.995708, -0.092539, 0.001242, 0.000396, 0.091594, 0.983433, -0.156430, -0.005557, 0.013254, 0.155872, 0.987688, 0.199203, 0.000000, 0.000000, 0.000000, 1.000000, 0.012912, 0.152298, 0.988250, 0.221222, -0.995708, 0.092538, -0.001251, -0.000398, -0.091641, -0.983993, 0.152839, 0.204906, 0.000000, 0.000000, 0.000000, 1.000000, 0.995154, -0.061302, 0.076878, 0.022855, 0.078727, 0.028332, -0.996494, 0.110248, 0.058909, 0.997717, 0.033021, 0.000313, 0.000000, 0.000000, 0.000000, 1.000000
-14.5321, 0.3924, -5.5690, 199.2240, 221.2429, -0.3942, 204.9184, 22.8544, 110.2414, 0.3215, 0.995711, -0.092515, 0.001230, 0.000392, 0.091570, 0.983455, -0.156305, -0.005569, 0.013251, 0.155747, 0.987708, 0.199224, 0.000000, 0.000000, 0.000000, 1.000000, 0.012909, 0.152173, 0.988270, 0.221243, -0.995711, 0.092514, -0.001239, -0.000394, -0.091617, -0.984015, 0.152714, 0.204918, 0.000000, 0.000000, 0.000000, 1.000000, 0.995154, -0.061304, 0.076877, 0.022854, 0.078725, 0.028332, -0.996494, 0.110241, 0.058911, 0.997717, 0.033021, 0.000322, 0.000000, 0.000000, 0.000000, 1.000000
-14.5245, 0.3888, -5.5810, 199.2449, 221.2638, -0.3907, 204.9305, 22.8536, 110.2349, 0.3296, 0.995713, -0.092491, 0.001218, 0.000389, 0.091546, 0.983477, -0.156180, -0.005581, 0.013247, 0.155622, 0.987728, 0.199245, 0.000000, 0.000000, 0.000000, 1.000000, 0.012905, 0.152048, 0.988289, 0.221264, -0.995713, 0.092490, -0.001227, -0.000391, -0.091593, -0.984036, 0.152590, 0.204930, 0.000000, 0.000000, 0.000000, 1.000000, 0.995154, -0.061306, 0.076875, 0.022854, 0.078724, 0.028332, -0.996494, 0.110235, 0.058913, 0.997717, 0.033021, 0.000330, 0.000000, 0.000000, 0.000000, 1.000000
-14.5169, 0.3853, -5.5933, 199.2658, 221.2848, -0.3871, 204.9427, 22.8528, 110.2283, 0.3378, 0.995715, -0.092467, 0.001206, 0.000385, 0.091521, 0.983499, -0.156055, -0.005593, 0.013244, 0.155496, 0.987748, 0.199266, 0.000000, 0.000000, 0.000000, 1.000000, 0.012902, 0.151923, 0.988308, 0.221285, -0.995715, 0.092465, -0.001215, -0.000387, -0.091569, -0.984058, 0.152465, 0.204943, 0.000000, 0.000000, 0.000000, 1.000000, 0.995154, -0.061308, 0.076873, 0.022853, 0.078722, 0.028333, -0.996494, 0.110228, 0.058915, 0.997717, 0.033022, 0.000338, 0.000000, 0.000000, 0.000000, 1.000000
-14.5093, 0.3816, -5.6057, 199.2867, 221.3058, -0.3834, 204.9552, 22.8520, 110.2216, 0.3459, 0.995717, -0.092442, 0.001194, 0.000382, 0.091497, 0.983522, -0.155929, -0.005606, 0.013241, 0.155370, 0.987768, 0.199287, 0.000000, 0.000000, 0.000000, 1.000000, 0.012899, 0.151797, 0.988327, 0.221306, -0.995717, 0.092441, -0.001202, -0.000383, -0.091544, -0.984079, 0.152340, 0.204955, 0.000000, 0.000000, 0.000000, 1.000000, 0.995154, -0.061311, 0.076871, 0.022852, 0.078720, 0.028333, -0.996494, 0.110222, 0.058918, 0.997717, 0.033022, 0.000346, 0.000000, 0.000000, 0.000000, 1.000000
-14.5015, 0.3779, -5.6183, 199.3079, 221.3270, -0.3798, 204.9678, 22.8511, 110.2149, 0.3541, 0.995720, -0.092417, 0.001181, 0.000378, 0.091472, 0.983544, -0.155802, -0.005618, 0.013237, 0.155243, 0.987788, 0.199308, 0.000000, 0.000000, 0.000000, 1.000000, 0.012896, 0.151671, 0.988347, 0.221327, -0.995720, 0.092415, -0.001190, -0.000380, -0.091519, -0.984101, 0.152213, 0.204968, 0.000000, 0.000000, 0.000000, 1.000000, 0.995154, -0.061313, 0.076869, 0.022851, 0.078718, 0.028333, -0.996494, 0.110215, 0.058920, 0.997716, 0.033022, 0.000354, 0.000000, 0.000000, 0.000000, 1.000000
-14.4898, 0.3724, -5.6374, 199.3400, 221.3591, -0.3742, 204.9869, 22.8499, 110.2048, 0.3666, 0.995723, -0.092379, 0.001162, 0.000372, 0.091434, 0.983578, -0.155610, -0.005637, 0.013232, 0.155051, 0.987818, 0.199340, 0.000000, 0.000000, 0.000000, 1.000000, 0.012891, 0.151479, 0.988376, 0.221359, -0.995723, 0.092377, -0.001171, -0.000374, -0.091481, -0.984134, 0.152022, 0.204987, 0.000000, 0.000000, 0.000000, 1.000000, 0.995154, -0.061316, 0.076866, 0.022850, 0.078715, 0.028334, -0.996494, 0.110205, 0.058924, 0.997716, 0.033023, 0.000367, 0.000000, 0.000000, 0.000000, 1.000000
-14.4740, 0.3648, -5.6631, 199.3833, 221.4025, -0.3666, 205.0127, 22.8482, 110.1911, 0.3834, 0.995728, -0.092328, 0.001136, 0.000365, 0.091382, 0.983624, -0.155350, -0.005663, 0.013225, 0.154790, 0.987859, 0.199383, 0.000000, 0.000000, 0.000000, 1.000000, 0.012885, 0.151220, 0.988416, 0.221403, -0.995728, 0.092326, -0.001145, -0.000367, -0.091430, -0.984179, 0.151763, 0.205013, 0.000000, 0.000000, 0.000000, 1.000000, 0.995154, -0.061321, 0.076862, 0.022848, 0.078712, 0.028334, -0.996495, 0.110191, 0.058928, 0.997716, 0.033024, 0.000383, 0.000000, 0.000000, 0.000000, 1.000000
-14.4661, 0.3610, -5.6759, 199.4051, 221.4243, -0.3628, 205.0256, 22.8474, 110.1842, 0.3919, 0.995730, -0.092302, 0.001123, 0.000361, 0.091357, 0.983647, -0.155220, -0.005676, 0.013222, 0.154660, 0.987879, 0.199405, 0.000000, 0.000000, 0.000000, 1.000000, 0.012881, 0.151090, 0.988436, 0.221424, -0.995731, 0.092301, -0.001132, -0.000363, -0.091404, -0.984201, 0.151634, 0.205026, 0.000000, 0.000000, 0.000000, 1.000000, 0.995154, -0.061323, 0.076860, 0.022847, 0.078710, 0.028335, -0.996495, 0.110184, 0.058931, 0.997716, 0.033024, 0.000392, 0.000000, 0.000000, 0.000000, 1.000000
