# Joint_A_Angle(deg), Cam_X(mm), Cam_Y(mm), Cam_Z(mm), Torso_X(mm), Torso_Y(mm), Torso_Z(mm), EE_X(mm), EE_Y(mm), EE_Z(mm), T_cam2marker_flat(16), T_torso2marker_flat(16), T_ee2marker_flat(16)
-14.9992, 85.7117, -7.5522, 346.0191, 415.0296, -76.7121, 264.5613, 3.2305, 70.2135, -58.9708, -0.115195, -0.992842, 0.031550, 0.085712, 0.981130, -0.118686, -0.152636, -0.007552, 0.155288, 0.013372, 0.987779, 0.346019, 0.000000, 0.000000, 0.000000, 1.000000, 0.155128, 0.013392, 0.987804, 0.415030, 0.115194, 0.992842, -0.031551, -0.076712, -0.981155, 0.118684, 0.152474, 0.264561, 0.000000, 0.000000, 0.000000, 1.000000, 0.997301, -0.015806, 0.071695, 0.003230, 0.070319, -0.075036, -0.994698, 0.070214, 0.021102, 0.997056, -0.073722, -0.058971, 0.000000, 0.000000, 0.000000, 1.000000
-14.9992, 85.7119, -7.5504, 346.0200, 415.0304, -76.7122, 264.5598, 3.2305, 70.2135, -58.9708, -0.115195, -0.992842, 0.031549, 0.085712, 0.981130, -0.118686, -0.152632, -0.007550, 0.155284, 0.013371, 0.987779, 0.346020, 0.000000, 0.000000, 0.000000, 1.000000, 0.155124, 0.013391, 0.987804, 0.415030, 0.115195, 0.992842, -0.031550, -0.076712, -0.981156, 0.118684, 0.152471, 0.264560, 0.000000, 0.000000, 0.000000, 1.000000, 0.997301, -0.015806, 0.071695, 0.003230, 0.070319, -0.075036, -0.994698, 0.070214, 0.021102, 0.997056, -0.073722, -0.058971, 0.000000, 0.000000, 0.000000, 1.000000
-14.9992, 85.7120, -7.5496, 346.0203, 415.0308, -76.7123, 264.5590, 3.2305, 70.2135, -58.9708, -0.115196, -0.992842, 0.031548, 0.085712, 0.981131, -0.118687, -0.152630, -0.007550, 0.155282, 0.013371, 0.987780, 0.346020, 0.000000, 0.000000, 0.000000, 1.000000, 0.155122, 0.013391, 0.987805, 0.415031, 0.115195, 0.992842, -0.031549, -0.076712, -0.981156, 0.118685, 0.152469, 0.264559, 0.000000, 0.000000, 0.000000, 1.000000, 0.997301, -0.015806, 0.071695, 0.003230, 0.070319, -0.075036, -0.994698, 0.070214, 0.021102, 0.997056, -0.073722, -0.058971, 0.000000, 0.000000, 0.000000, 1.000000
-14.9993, 85.7121, -7.5477, 346.0212, 415.0316, -76.7124, 264.5572, 3.2305, 70.2135, -58.9708, -0.115196, -0.992842, 0.031548, 0.085712, 0.981131, -0.118687, -0.152626, -0.007548, 0.155278, 0.013370, 0.987780, 0.346021, 0.000000, 0.000000, 0.000000, 1.000000, 0.155118, 0.013390, 0.987805, 0.415032, 0.115196, 0.992842, -0.031548, -0.076712, -0.981157, 0.118685, 0.152465, 0.264557, 0.000000, 0.000000, 0.000000, 1.000000, 0.997301, -0.015806, 0.071695, 0.003230, 0.070319, -0.075036, -0.994698, 0.070214, 0.021102, 0.997056, -0.073722, -0.058971, 0.000000, 0.000000, 0.000000, 1.000000
-14.9993, 85.7123, -7.5454, 346.0222, 415.0326, -76.7126, 264.5551, 3.2305, 70.2135, -58.9708, -0.115198, -0.992842, 0.031547, 0.085712, 0.981132, -0.118688, -0.152621, -0.007545, 0.155273, 0.013370, 0.987781, 0.346022, 0.000000, 0.000000, 0.000000, 1.000000, 0.155114, 0.013390, 0.987806, 0.415033, 0.115197, 0.992842, -0.031548, -0.076713, -0.981157, 0.118686, 0.152461, 0.264555, 0.000000, 0.000000, 0.000000, 1.000000, 0.997301, -0.015806, 0.071695, 0.003230, 0.070319, -0.075036, -0.994698, 0.070214, 0.021102, 0.997056, -0.073722, -0.058971, 0.000000, 0.000000, 0.000000, 1.000000
-14.9993, 85.7124, -7.5441, 346.0227, 415.0331, -76.7127, 264.5539, 3.2305, 70.2135, -58.9708, -0.115198, -0.992841, 0.031546, 0.085712, 0.981132, -0.118689, -0.152618, -0.007544, 0.155270, 0.013370, 0.987782, 0.346023, 0.000000, 0.000000, 0.000000, 1.000000, 0.155111, 0.013390, 0.987806, 0.415033, 0.115198, 0.992841, -0.031547, -0.076713, -0.981157, 0.118687, 0.152458, 0.264554, 0.000000, 0.000000, 0.000000, 1.000000, 0.997301, -0.015806, 0.071695, 0.003230, 0.070319, -0.075036, -0.994698, 0.070214, 0.021102, 0.997056, -0.073722, -0.058971, 0.000000, 0.000000, 0.000000, 1.000000
-14.9993, 85.7126, -7.5415, 346.0238, 415.0342, -76.7129, 264.5514, 3.2305, 70.2135, -58.9708, -0.115199, -0.992841, 0.031546, 0.085713, 0.981133, -0.118690, -0.152612, -0.007541, 0.155264, 0.013370, 0.987783, 0.346024, 0.000000, 0.000000, 0.000000, 1.000000, 0.155105, 0.013390, 0.987807, 0.415034, 0.115199, 0.992841, -0.031547, -0.076713, -0.981158, 0.118688, 0.152452, 0.264551, 0.000000, 0.000000, 0.000000, 1.000000, 0.997301, -0.015806, 0.071695, 0.003231, 0.070319, -0.075036, -0.994698, 0.070214, 0.021102, 0.997056, -0.073722, -0.058971, 0.000000, 0.000000, 0.000000, 1.000000
-14.9992, 85.7126, -7.5401, 346.0244, 415.0347, -76.7130, 264.5502, 3.2305, 70.2135, -58.9708, -0.115200, -0.992841, 0.031545, 0.085713, 0.981134, -0.118690, -0.152609, -0.007540, 0.155260, 0.013370, 0.987783, 0.346024, 0.000000, 0.000000, 0.000000, 1.000000, 0.155102, 0.013390, 0.987808, 0.415035, 0.115199, 0.992841, -0.031546, -0.076713, -0.981159, 0.118688, 0.152449, 0.264550, 0.000000, 0.000000, 0.000000, 1.000000, 0.997301, -0.015806, 0.071695, 0.003231, 0.070319, -0.075036, -0.994698, 0.070214, 0.021102, 0.997056, -0.073722, -0.058971, 0.000000, 0.000000, 0.000000, 1.000000
-14.9991, 85.7129, -7.5375, 346.0254, 415.0358, -76.7132, 264.5477, 3.2305, 70.2135, -58.9708, -0.115199, -0.992841, 0.031545, 0.085713, 0.981135, -0.118689, -0.152602, -0.007538, 0.155253, 0.013371, 0.987784, 0.346025, 0.000000, 0.000000, 0.000000, 1.000000, 0.155096, 0.013391, 0.987809, 0.415036, 0.115199, 0.992841, -0.031546, -0.076713, -0.981160, 0.118687, 0.152443, 0.264548, 0.000000, 0.000000, 0.000000, 1.000000, 0.997301, -0.015806, 0.071695, 0.003231, 0.070319, -0.075036, -0.994698, 0.070214, 0.021102, 0.997056, -0.073722, -0.058971, 0.000000, 0.000000, 0.000000, 1.000000
-14.9989, 85.7131, -7.5351, 346.0264, 415.0367, -76.7134, 264.5455, 3.2306, 70.2135, -58.9708, -0.115197, -0.992842, 0.031546, 0.085713, 0.981136, -0.118687, -0.152594, -0.007535, 0.155246, 0.013372, 0.987785, 0.346026, 0.000000, 0.000000, 0.000000, 1.000000, 0.155088, 0.013392, 0.987810, 0.415037, 0.115197, 0.992842, -0.031547, -0.076713, -0.981161, 0.118685, 0.152435, 0.264546, 0.000000, 0.000000, 0.000000, 1.000000, 0.997301, -0.015806, 0.071695, 0.003231, 0.070319, -0.075036, -0.994698, 0.070214, 0.021102, 0.997056, -0.073722, -0.058971, 0.000000, 0.000000, 0.000000, 1.000000
-14.9982, 85.7134, -7.5325, 346.0273, 415.0376, -76.7137, 264.5431, 3.2308, 70.2135, -58.9708, -0.115187, -0.992843, 0.031548, 0.085713, 0.981140, -0.118678, -0.152580, -0.007532, 0.155232, 0.013378, 0.987787, 0.346027, 0.000000, 0.000000, 0.000000, 1.000000, 0.155076, 0.013398, 0.987812, 0.415038, 0.115187, 0.992843, -0.031549, -0.076714, -0.981164, 0.118676, 0.152423, 0.264543, 0.000000, 0.000000, 0.000000, 1.000000, 0.997301, -0.015806, 0.071696, 0.003231, 0.070319, -0.075036, -0.994698, 0.070213, 0.021102, 0.997056, -0.073722, -0.058971, 0.000000, 0.000000, 0.000000, 1.000000
-14.9982, 85.7134, -7.5325, 346.0273, 415.0376, -76.7137, 264.5431, 3.2308, 70.2135, -58.9708, -0.115187, -0.992843, 0.031548, 0.085713, 0.981140, -0.118678, -0.152580, -0.007532, 0.155232, 0.013378, 0.987787, 0.346027, 0.000000, 0.000000, 0.000000, 1.000000, 0.155076, 0.013398, 0.987812, 0.415038, 0.115187, 0.992843, -0.031549, -0.076714, -0.981164, 0.118676, 0.152423, 0.264543, 0.000000, 0.000000, 0.000000, 1.000000, 0.997301, -0.015806, 0.071696, 0.003231, 0.070319, -0.075036, -0.994698, 0.070213, 0.021102, 0.997056, -0.073722, -0.058971, 0.000000, 0.000000, 0.000000, 1.000000
-14.9974, 85.7136, -7.5315, 346.0276, 415.0378, -76.7140, 264.5423, 3.2310, 70.2134, -58.9708, -0.115176, -0.992844, 0.031551, 0.085714, 0.981142, -0.118667, -0.152570, -0.007532, 0.155223, 0.013384, 0.987789, 0.346028, 0.000000, 0.000000, 0.000000, 1.000000, 0.155067, 0.013404, 0.987813, 0.415038, 0.115176, 0.992844, -0.031552, -0.076714, -0.981167, 0.118665, 0.152413, 0.264542, 0.000000, 0.000000, 0.000000, 1.000000, 0.997301, -0.015806, 0.071696, 0.003231, 0.070319, -0.075036, -0.994698, 0.070213, 0.021102, 0.997056, -0.073722, -0.058971, 0.000000, 0.000000, 0.000000, 1.000000
-14.9963, 85.7139, -7.5314, 346.0274, 415.0376, -76.7142, 264.5424, 3.2312, 70.2134, -58.9708, -0.115161, -0.992846, 0.031556, 0.085714, 0.981146, -0.118652, -0.152559, -0.007531, 0.155212, 0.013392, 0.987790, 0.346027, 0.000000, 0.000000, 0.000000, 1.000000, 0.155056, 0.013412, 0.987815, 0.415038, 0.115160, 0.992846, -0.031557, -0.076714, -0.981171, 0.118650, 0.152403, 0.264542, 0.000000, 0.000000, 0.000000, 1.000000, 0.997301, -0.015806, 0.071696, 0.003231, 0.070320, -0.075036, -0.994698, 0.070213, 0.021102, 0.997056, -0.073722, -0.058971, 0.000000, 0.000000, 0.000000, 1.000000
-14.9957, 85.7140, -7.5317, 346.0271, 415.0373, -76.7144, 264.5429, 3.2314, 70.2133, -58.9708, -0.115151, -0.992847, 0.031559, 0.085714, 0.981148, -0.118643, -0.152554, -0.007532, 0.155206, 0.013397, 0.987791, 0.346027, 0.000000, 0.000000, 0.000000, 1.000000, 0.155051, 0.013417, 0.987815, 0.415037, 0.115151, 0.992847, -0.031560, -0.076714, -0.981173, 0.118641, 0.152397, 0.264543, 0.000000, 0.000000, 0.000000, 1.000000, 0.997301, -0.015807, 0.071697, 0.003231, 0.070320, -0.075036, -0.994698, 0.070213, 0.021103, 0.997056, -0.073722, -0.058971, 0.000000, 0.000000, 0.000000, 1.000000
-14.9932, 85.7144, -7.5344, 346.0255, 415.0356, -76.7148, 264.5459, 3.2320, 70.2132, -58.9708, -0.115112, -0.992851, 0.031570, 0.085714, 0.981155, -0.118607, -0.152534, -0.007534, 0.155188, 0.013416, 0.987794, 0.346026, 0.000000, 0.000000, 0.000000, 1.000000, 0.155033, 0.013436, 0.987818, 0.415036, 0.115112, 0.992851, -0.031571, -0.076715, -0.981180, 0.118604, 0.152378, 0.264546, 0.000000, 0.000000, 0.000000, 1.000000, 0.997301, -0.015807, 0.071698, 0.003232, 0.070321, -0.075036, -0.994698, 0.070213, 0.021103, 0.997056, -0.073722, -0.058971, 0.000000, 0.000000, 0.000000, 1.000000
-14.9932, 85.7144, -7.5344, 346.0255, 415.0356, -76.7148, 264.5459, 3.2320, 70.2132, -58.9708, -0.115112, -0.992851, 0.031570, 0.085714, 0.981155, -0.118607, -0.152534, -0.007534, 0.155188, 0.013416, 0.987794, 0.346026, 0.000000, 0.000000, 0.000000, 1.000000, 0.155033, 0.013436, 0.987818, 0.415036, 0.115112, 0.992851, -0.031571, -0.076715, -0.981180, 0.118604, 0.152378, 0.264546, 0.000000, 0.000000, 0.000000, 1.000000, 0.997301, -0.015807, 0.071698, 0.003232, 0.070321, -0.075036, -0.994698, 0.070213, 0.021103, 0.997056, -0.073722, -0.058971, 0.000000, 0.000000, 0.000000, 1.000000
-14.9910, 85.7147, -7.5378, 346.0237, 415.0338, -76.7151, 264.5495, 3.2326, 70.2131, -58.9708, -0.115079, -0.992854, 0.031580, 0.085715, 0.981161, -0.118574, -0.152520, -0.007538, 0.155175, 0.013433, 0.987796, 0.346024, 0.000000, 0.000000, 0.000000, 1.000000, 0.155020, 0.013453, 0.987820, 0.415034, 0.115078, 0.992854, -0.031581, -0.076715, -0.981186, 0.118572, 0.152365, 0.264549, 0.000000, 0.000000, 0.000000, 1.000000, 0.997301, -0.015807, 0.071699, 0.003233, 0.070322, -0.075036, -0.994698, 0.070213, 0.021103, 0.997056, -0.073722, -0.058971, 0.000000, 0.000000, 0.000000, 1.000000
-14.9884, 85.7150, -7.5426, 346.0212, 415.0313, -76.7154, 264.5545, 3.2332, 70.2129, -58.9708, -0.115037, -0.992859, 0.031592, 0.085715, 0.981169, -0.118535, -0.152504, -0.007543, 0.155160, 0.013453, 0.987798, 0.346021, 0.000000, 0.000000, 0.000000, 1.000000, 0.155006, 0.013472, 0.987822, 0.415031, 0.115037, 0.992859, -0.031593, -0.076715, -0.981193, 0.118533, 0.152350, 0.264554, 0.000000, 0.000000, 0.000000, 1.000000, 0.997301, -0.015807, 0.071700, 0.003233, 0.070324, -0.075036, -0.994698, 0.070213, 0.021104, 0.997056, -0.073722, -0.058971, 0.000000, 0.000000, 0.000000, 1.000000
-14.9869, 85.7152, -7.5455, 346.0198, 415.0298, -76.7155, 264.5575, 3.2336, 70.2128, -58.9709, -0.115014, -0.992861, 0.031598, 0.085715, 0.981172, -0.118514, -0.152496, -0.007546, 0.155152, 0.013464, 0.987799, 0.346020, 0.000000, 0.000000, 0.000000, 1.000000, 0.154999, 0.013484, 0.987823, 0.415030, 0.115014, 0.992861, -0.031599, -0.076716, -0.981197, 0.118512, 0.152342, 0.264558, 0.000000, 0.000000, 0.000000, 1.000000, 0.997301, -0.015807, 0.071701, 0.003234, 0.070324, -0.075036, -0.994698, 0.070213, 0.021104, 0.997056, -0.073722, -0.058971, 0.000000, 0.000000, 0.000000, 1.000000
-14.9800, 85.7159, -7.5609, 346.0122, 415.0221, -76.7162, 264.5733, 3.2353, 70.2124, -58.9709, -0.114904, -0.992873, 0.031630, 0.085716, 0.981191, -0.118409, -0.152460, -0.007561, 0.155119, 0.013517, 0.987803, 0.346012, 0.000000, 0.000000, 0.000000, 1.000000, 0.154967, 0.013536, 0.987827, 0.415022, 0.114904, 0.992873, -0.031631, -0.076716, -0.981215, 0.118407, 0.152307, 0.264573, 0.000000, 0.000000, 0.000000, 1.000000, 0.997301, -0.015808, 0.071704, 0.003235, 0.070328, -0.075036, -0.994698, 0.070212, 0.021105, 0.997056, -0.073722, -0.058971, 0.000000, 0.000000, 0.000000, 1.000000
-14.9780, 85.7161, -7.5655, 346.0099, 415.0198, -76.7164, 264.5781, 3.2358, 70.2123, -58.9709, -0.114872, -0.992876, 0.031640, 0.085716, 0.981196, -0.118379, -0.152451, -0.007566, 0.155110, 0.013532, 0.987804, 0.346010, 0.000000, 0.000000, 0.000000, 1.000000, 0.154959, 0.013551, 0.987828, 0.415020, 0.114872, 0.992876, -0.031640, -0.076716, -0.981220, 0.118377, 0.152298, 0.264578, 0.000000, 0.000000, 0.000000, 1.000000, 0.997301, -0.015808, 0.071705, 0.003236, 0.070329, -0.075036, -0.994698, 0.070212, 0.021105, 0.997056, -0.073722, -0.058971, 0.000000, 0.000000, 0.000000, 1.000000
-14.9759, 85.7162, -7.5705, 346.0075, 415.0174, -76.7166, 264.5831, 3.2363, 70.2122, -58.9710, -0.114839, -0.992880, 0.031649, 0.085716, 0.981201, -0.118348, -0.152441, -0.007570, 0.155102, 0.013548, 0.987806, 0.346007, 0.000000, 0.000000, 0.000000, 1.000000, 0.154950, 0.013567, 0.987829, 0.415017, 0.114839, 0.992880, -0.031650, -0.076717, -0.981225, 0.118345, 0.152289, 0.264583, 0.000000, 0.000000, 0.000000, 1.000000, 0.997301, -0.015808, 0.071706, 0.003236, 0.070330, -0.075036, -0.994698, 0.070212, 0.021105, 0.997056, -0.073721, -0.058971, 0.000000, 0.000000, 0.000000, 1.000000
-14.9715, 85.7166, -7.5814, 346.0022, 415.0121, -76.7169, 264.5943, 3.2374, 70.2119, -58.9710, -0.114768, -0.992887, 0.031670, 0.085717, 0.981212, -0.118281, -0.152421, -0.007581, 0.155083, 0.013582, 0.987808, 0.346002, 0.000000, 0.000000, 0.000000, 1.000000, 0.154932, 0.013601, 0.987831, 0.415012, 0.114768, 0.992887, -0.031671, -0.076717, -0.981236, 0.118278, 0.152269, 0.264594, 0.000000, 0.000000, 0.000000, 1.000000, 0.997300, -0.015809, 0.071708, 0.003237, 0.070332, -0.075036, -0.994697, 0.070212, 0.021106, 0.997056, -0.073721, -0.058971, 0.000000, 0.000000, 0.000000, 1.000000
-14.9691, 85.7168, -7.5873, 345.9994, 415.0092, -76.7171, 264.6003, 3.2380, 70.2117, -58.9710, -0.114731, -0.992891, 0.031681, 0.085717, 0.981218, -0.118245, -0.152411, -0.007587, 0.155074, 0.013599, 0.987809, 0.345999, 0.000000, 0.000000, 0.000000, 1.000000, 0.154923, 0.013618, 0.987833, 0.415009, 0.114731, 0.992891, -0.031681, -0.076717, -0.981242, 0.118243, 0.152259, 0.264600, 0.000000, 0.000000, 0.000000, 1.000000, 0.997300, -0.015809, 0.071710, 0.003238, 0.070333, -0.075036, -0.994697, 0.070212, 0.021106, 0.997056, -0.073721, -0.058971, 0.000000, 0.000000, 0.000000, 1.000000
-14.9642, 85.7172, -7.6001, 345.9932, 415.0030, -76.7175, 264.6134, 3.2392, 70.2114, -58.9711, -0.114651, -0.992900, 0.031704, 0.085717, 0.981231, -0.118169, -0.152390, -0.007600, 0.155054, 0.013637, 0.987812, 0.345993, 0.000000, 0.000000, 0.000000, 1.000000, 0.154904, 0.013656, 0.987835, 0.415003, 0.114651, 0.992900, -0.031705, -0.076717, -0.981254, 0.118167, 0.152239, 0.264613, 0.000000, 0.000000, 0.000000, 1.000000, 0.997300, -0.015809, 0.071712, 0.003239, 0.070335, -0.075036, -0.994697, 0.070211, 0.021106, 0.997056, -0.073721, -0.058971, 0.000000, 0.000000, 0.000000, 1.000000
-14.9616, 85.7173, -7.6069, 345.9899, 414.9997, -76.7177, 264.6203, 3.2399, 70.2113, -58.9711, -0.114609, -0.992904, 0.031716, 0.085717, 0.981237, -0.118130, -0.152379, -0.007607, 0.155044, 0.013657, 0.987813, 0.345990, 0.000000, 0.000000, 0.000000, 1.000000, 0.154895, 0.013676, 0.987836, 0.415000, 0.114609, 0.992904, -0.031717, -0.076718, -0.981261, 0.118127, 0.152228, 0.264620, 0.000000, 0.000000, 0.000000, 1.000000, 0.997300, -0.015810, 0.071713, 0.003240, 0.070337, -0.075036, -0.994697, 0.070211, 0.021107, 0.997056, -0.073721, -0.058971, 0.000000, 0.000000, 0.000000, 1.000000
-14.9561, 85.7177, -7.6215, 345.9830, 414.9928, -76.7181, 264.6351, 3.2412, 70.2110, -58.9711, -0.114521, -0.992914, 0.031741, 0.085718, 0.981250, -0.118046, -0.152357, -0.007621, 0.155024, 0.013698, 0.987816, 0.345983, 0.000000, 0.000000, 0.000000, 1.000000, 0.154875, 0.013717, 0.987839, 0.414993, 0.114521, 0.992914, -0.031742, -0.076718, -0.981274, 0.118044, 0.152207, 0.264635, 0.000000, 0.000000, 0.000000, 1.000000, 0.997300, -0.015810, 0.071716, 0.003241, 0.070339, -0.075036, -0.994697, 0.070211, 0.021107, 0.997056, -0.073721, -0.058971, 0.000000, 0.000000, 0.000000, 1.000000
-14.9473, 85.7183, -7.6454, 345.9716, 414.9813, -76.7187, 264.6595, 3.2434, 70.2104, -58.9712, -0.114379, -0.992929, 0.031782, 0.085718, 0.981272, -0.117912, -0.152323, -0.007645, 0.154993, 0.013765, 0.987820, 0.345972, 0.000000, 0.000000, 0.000000, 1.000000, 0.154845, 0.013783, 0.987843, 0.414981, 0.114379, 0.992929, -0.031783, -0.076719, -0.981295, 0.117910, 0.152173, 0.264659, 0.000000, 0.000000, 0.000000, 1.000000, 0.997299, -0.015811, 0.071720, 0.003243, 0.070344, -0.075036, -0.994697, 0.070210, 0.021108, 0.997055, -0.073721, -0.058971, 0.000000, 0.000000, 0.000000, 1.000000
-14.9411, 85.7187, -7.6627, 345.9634, 414.9731, -76.7191, 264.6770, 3.2449, 70.2101, -58.9713, -0.114279, -0.992939, 0.031811, 0.085719, 0.981287, -0.117817, -0.152299, -0.007663, 0.154971, 0.013812, 0.987822, 0.345963, 0.000000, 0.000000, 0.000000, 1.000000, 0.154824, 0.013830, 0.987845, 0.414973, 0.114278, 0.992939, -0.031812, -0.076719, -0.981310, 0.117815, 0.152150, 0.264677, 0.000000, 0.000000, 0.000000, 1.000000, 0.997299, -0.015811, 0.071723, 0.003245, 0.070347, -0.075036, -0.994696, 0.070210, 0.021109, 0.997055, -0.073721, -0.058971, 0.000000, 0.000000, 0.000000, 1.000000
-14.9379, 85.7190, -7.6716, 345.9592, 414.9688, -76.7193, 264.6860, 3.2457, 70.2099, -58.9713, -0.114227, -0.992945, 0.031826, 0.085719, 0.981295, -0.117768, -0.152287, -0.007672, 0.154961, 0.013836, 0.987824, 0.345959, 0.000000, 0.000000, 0.000000, 1.000000, 0.154813, 0.013854, 0.987847, 0.414969, 0.114227, 0.992945, -0.031827, -0.076719, -0.981318, 0.117766, 0.152139, 0.264686, 0.000000, 0.000000, 0.000000, 1.000000, 0.997299, -0.015811, 0.071725, 0.003246, 0.070348, -0.075036, -0.994696, 0.070210, 0.021110, 0.997055, -0.073721, -0.058971, 0.000000, 0.000000, 0.000000, 1.000000
-14.9314, 85.7194, -7.6901, 345.9504, 414.9601, -76.7197, 264.7048, 3.2473, 70.2095, -58.9713, -0.114121, -0.992956, 0.031857, 0.085719, 0.981311, -0.117668, -0.152263, -0.007690, 0.154939, 0.013885, 0.987826, 0.345950, 0.000000, 0.000000, 0.000000, 1.000000, 0.154792, 0.013904, 0.987849, 0.414960, 0.114121, 0.992956, -0.031858, -0.076720, -0.981334, 0.117666, 0.152115, 0.264705, 0.000000, 0.000000, 0.000000, 1.000000, 0.997299, -0.015812, 0.071728, 0.003247, 0.070351, -0.075036, -0.994696, 0.070209, 0.021110, 0.997055, -0.073721, -0.058971, 0.000000, 0.000000, 0.000000, 1.000000
-14.9247, 85.7198, -7.7093, 345.9414, 414.9510, -76.7201, 264.7243, 3.2490, 70.2091, -58.9714, -0.114012, -0.992967, 0.031888, 0.085720, 0.981327, -0.117565, -0.152239, -0.007709, 0.154917, 0.013936, 0.987829, 0.345941, 0.000000, 0.000000, 0.000000, 1.000000, 0.154771, 0.013954, 0.987852, 0.414951, 0.114012, 0.992967, -0.031889, -0.076720, -0.981350, 0.117562, 0.152091, 0.264724, 0.000000, 0.000000, 0.000000, 1.000000, 0.997299, -0.015813, 0.071731, 0.003249, 0.070355, -0.075036, -0.994696, 0.070209, 0.021111, 0.997055, -0.073720, -0.058971, 0.000000, 0.000000, 0.000000, 1.000000
-14.9212, 85.7200, -7.7192, 345.9367, 414.9463, -76.7203, 264.7342, 3.2499, 70.2089, -58.9714, -0.113956, -0.992973, 0.031904, 0.085720, 0.981335, -0.117512, -0.152226, -0.007719, 0.154906, 0.013962, 0.987831, 0.345937, 0.000000, 0.000000, 0.000000, 1.000000, 0.154760, 0.013980, 0.987853, 0.414946, 0.113956, 0.992973, -0.031905, -0.076720, -0.981358, 0.117510, 0.152080, 0.264734, 0.000000, 0.000000, 0.000000, 1.000000, 0.997299, -0.015813, 0.071733, 0.003250, 0.070356, -0.075036, -0.994696, 0.070209, 0.021111, 0.997055, -0.073720, -0.058971, 0.000000, 0.000000, 0.000000, 1.000000
-14.9143, 85.7204, -7.7393, 345.9273, 414.9368, -76.7207, 264.7547, 3.2516, 70.2085, -58.9715, -0.113843, -0.992985, 0.031937, 0.085720, 0.981352, -0.117405, -0.152202, -0.007739, 0.154884, 0.014014, 0.987833, 0.345927, 0.000000, 0.000000, 0.000000, 1.000000, 0.154739, 0.014033, 0.987856, 0.414937, 0.113843, 0.992985, -0.031938, -0.076721, -0.981374, 0.117403, 0.152056, 0.264755, 0.000000, 0.000000, 0.000000, 1.000000, 0.997298, -0.015813, 0.071737, 0.003252, 0.070360, -0.075036, -0.994696, 0.070208, 0.021112, 0.997055, -0.073720, -0.058972, 0.000000, 0.000000, 0.000000, 1.000000
-14.9107, 85.7206, -7.7496, 345.9225, 414.9319, -76.7210, 264.7651, 3.2525, 70.2082, -58.9715, -0.113786, -0.992991, 0.031954, 0.085721, 0.981360, -0.117351, -0.152189, -0.007750, 0.154872, 0.014041, 0.987835, 0.345922, 0.000000, 0.000000, 0.000000, 1.000000, 0.154728, 0.014059, 0.987857, 0.414932, 0.113786, 0.992991, -0.031954, -0.076721, -0.981383, 0.117348, 0.152044, 0.264765, 0.000000, 0.000000, 0.000000, 1.000000, 0.997298, -0.015814, 0.071738, 0.003252, 0.070361, -0.075036, -0.994695, 0.070208, 0.021113, 0.997055, -0.073720, -0.058972, 0.000000, 0.000000, 0.000000, 1.000000
-14.9001, 85.7212, -7.7808, 345.9078, 414.9172, -76.7216, 264.7967, 3.2551, 70.2076, -58.9716, -0.113612, -0.993010, 0.032004, 0.085721, 0.981385, -0.117186, -0.152152, -0.007781, 0.154839, 0.014122, 0.987839, 0.345908, 0.000000, 0.000000, 0.000000, 1.000000, 0.154695, 0.014140, 0.987861, 0.414917, 0.113612, 0.993010, -0.032005, -0.076722, -0.981408, 0.117184, 0.152008, 0.264797, 0.000000, 0.000000, 0.000000, 1.000000, 0.997298, -0.015814, 0.071744, 0.003255, 0.070367, -0.075036, -0.994695, 0.070208, 0.021114, 0.997055, -0.073720, -0.058972, 0.000000, 0.000000, 0.000000, 1.000000
-14.8965, 85.7215, -7.7914, 345.9028, 414.9122, -76.7218, 264.8074, 3.2560, 70.2074, -58.9717, -0.113554, -0.993016, 0.032021, 0.085721, 0.981394, -0.117131, -0.152140, -0.007791, 0.154828, 0.014149, 0.987840, 0.345903, 0.000000, 0.000000, 0.000000, 1.000000, 0.154685, 0.014167, 0.987862, 0.414912, 0.113554, 0.993016, -0.032021, -0.076722, -0.981416, 0.117129, 0.151996, 0.264807, 0.000000, 0.000000, 0.000000, 1.000000, 0.997298, -0.015815, 0.071745, 0.003256, 0.070368, -0.075036, -0.994695, 0.070207, 0.021114, 0.997055, -0.073720, -0.058972, 0.000000, 0.000000, 0.000000, 1.000000
-14.8965, 85.7215, -7.7914, 345.9028, 414.9122, -76.7218, 264.8074, 3.2560, 70.2074, -58.9717, -0.113554, -0.993016, 0.032021, 0.085721, 0.981394, -0.117131, -0.152140, -0.007791, 0.154828, 0.014149, 0.987840, 0.345903, 0.000000, 0.000000, 0.000000, 1.000000, 0.154685, 0.014167, 0.987862, 0.414912, 0.113554, 0.993016, -0.032021, -0.076722, -0.981416, 0.117129, 0.151996, 0.264807, 0.000000, 0.000000, 0.000000, 1.000000, 0.997298, -0.015815, 0.071745, 0.003256, 0.070368, -0.075036, -0.994695, 0.070207, 0.021114, 0.997055, -0.073720, -0.058972, 0.000000, 0.000000, 0.000000, 1.000000
-14.8821, 85.7223, -7.8340, 345.8828, 414.8922, -76.7226, 264.8506, 3.2596, 70.2065, -58.9718, -0.113320, -0.993040, 0.032088, 0.085722, 0.981428, -0.116909, -0.152091, -0.007834, 0.154784, 0.014257, 0.987845, 0.345883, 0.000000, 0.000000, 0.000000, 1.000000, 0.154642, 0.014275, 0.987867, 0.414892, 0.113319, 0.993040, -0.032089, -0.076723, -0.981450, 0.116907, 0.151948, 0.264851, 0.000000, 0.000000, 0.000000, 1.000000, 0.997297, -0.015816, 0.071753, 0.003260, 0.070375, -0.075036, -0.994694, 0.070207, 0.021116, 0.997055, -0.073720, -0.058972, 0.000000, 0.000000, 0.000000, 1.000000
-14.8785, 85.7225, -7.8447, 345.8778, 414.8871, -76.7228, 264.8614, 3.2605, 70.2063, -58.9718, -0.113261, -0.993046, 0.032105, 0.085723, 0.981436, -0.116853, -0.152079, -0.007845, 0.154773, 0.014284, 0.987847, 0.345878, 0.000000, 0.000000, 0.000000, 1.000000, 0.154632, 0.014302, 0.987869, 0.414887, 0.113261, 0.993046, -0.032106, -0.076723, -0.981459, 0.116851, 0.151937, 0.264861, 0.000000, 0.000000, 0.000000, 1.000000, 0.997297, -0.015816, 0.071754, 0.003260, 0.070377, -0.075036, -0.994694, 0.070206, 0.021116, 0.997055, -0.073720, -0.058972, 0.000000, 0.000000, 0.000000, 1.000000
-14.8714, 85.7233, -7.8578, 345.8712, 414.8805, -76.7236, 264.8747, 3.2622, 70.2059, -58.9719, -0.113149, -0.993058, 0.032137, 0.085723, 0.981455, -0.116747, -0.152037, -0.007858, 0.154734, 0.014339, 0.987852, 0.345871, 0.000000, 0.000000, 0.000000, 1.000000, 0.154592, 0.014356, 0.987874, 0.414881, 0.113149, 0.993058, -0.032138, -0.076724, -0.981478, 0.116745, 0.151895, 0.264875, 0.000000, 0.000000, 0.000000, 1.000000, 0.997297, -0.015817, 0.071758, 0.003262, 0.070381, -0.075035, -0.994694, 0.070206, 0.021117, 0.997055, -0.073719, -0.058972, 0.000000, 0.000000, 0.000000, 1.000000
-14.8643, 85.7240, -7.8716, 345.8644, 414.8736, -76.7243, 264.8886, 3.2640, 70.2054, -58.9719, -0.113038, -0.993070, 0.032170, 0.085724, 0.981474, -0.116642, -0.151997, -0.007872, 0.154696, 0.014392, 0.987857, 0.345864, 0.000000, 0.000000, 0.000000, 1.000000, 0.154555, 0.014410, 0.987879, 0.414874, 0.113038, 0.993070, -0.032171, -0.076724, -0.981496, 0.116640, 0.151855, 0.264889, 0.000000, 0.000000, 0.000000, 1.000000, 0.997296, -0.015817, 0.071761, 0.003264, 0.070384, -0.075035, -0.994694, 0.070205, 0.021118, 0.997055, -0.073719, -0.058972, 0.000000, 0.000000, 0.000000, 1.000000
-14.8608, 85.7244, -7.8787, 345.8609, 414.8701, -76.7247, 264.8958, 3.2649, 70.2052, -58.9720, -0.112982, -0.993076, 0.032186, 0.085724, 0.981483, -0.116589, -0.151978, -0.007879, 0.154678, 0.014419, 0.987860, 0.345861, 0.000000, 0.000000, 0.000000, 1.000000, 0.154537, 0.014437, 0.987882, 0.414870, 0.112982, 0.993076, -0.032187, -0.076725, -0.981506, 0.116587, 0.151836, 0.264896, 0.000000, 0.000000, 0.000000, 1.000000, 0.997296, -0.015818, 0.071763, 0.003265, 0.070386, -0.075035, -0.994694, 0.070205, 0.021119, 0.997055, -0.073719, -0.058972, 0.000000, 0.000000, 0.000000, 1.000000
-14.8538, 85.7251, -7.8935, 345.8536, 414.8628, -76.7254, 264.9107, 3.2666, 70.2048, -58.9720, -0.112872, -0.993087, 0.032218, 0.085725, 0.981502, -0.116484, -0.151941, -0.007893, 0.154643, 0.014472, 0.987864, 0.345854, 0.000000, 0.000000, 0.000000, 1.000000, 0.154503, 0.014490, 0.987886, 0.414863, 0.112872, 0.993087, -0.032219, -0.076725, -0.981524, 0.116482, 0.151799, 0.264911, 0.000000, 0.000000, 0.000000, 1.000000, 0.997296, -0.015818, 0.071766, 0.003267, 0.070389, -0.075035, -0.994693, 0.070205, 0.021119, 0.997055, -0.073719, -0.058972, 0.000000, 0.000000, 0.000000, 1.000000
-14.8504, 85.7254, -7.9011, 345.8499, 414.8591, -76.7257, 264.9184, 3.2674, 70.2046, -58.9720, -0.112817, -0.993093, 0.032234, 0.085725, 0.981511, -0.116432, -0.151923, -0.007901, 0.154627, 0.014499, 0.987867, 0.345850, 0.000000, 0.000000, 0.000000, 1.000000, 0.154487, 0.014516, 0.987888, 0.414859, 0.112817, 0.993093, -0.032235, -0.076726, -0.981533, 0.116430, 0.151782, 0.264918, 0.000000, 0.000000, 0.000000, 1.000000, 0.997296, -0.015819, 0.071768, 0.003267, 0.070391, -0.075035, -0.994693, 0.070205, 0.021120, 0.997055, -0.073719, -0.058972, 0.000000, 0.000000, 0.000000, 1.000000
-14.8435, 85.7261, -7.9168, 345.8423, 414.8514, -76.7264, 264.9343, 3.2692, 70.2042, -58.9721, -0.112707, -0.993104, 0.032266, 0.085726, 0.981528, -0.116328, -0.151889, -0.007917, 0.154595, 0.014551, 0.987871, 0.345842, 0.000000, 0.000000, 0.000000, 1.000000, 0.154456, 0.014568, 0.987892, 0.414851, 0.112707, 0.993104, -0.032267, -0.076726, -0.981550, 0.116326, 0.151749, 0.264934, 0.000000, 0.000000, 0.000000, 1.000000, 0.997296, -0.015819, 0.071771, 0.003269, 0.070394, -0.075035, -0.994693, 0.070204, 0.021121, 0.997055, -0.073719, -0.058972, 0.000000, 0.000000, 0.000000, 1.000000
-14.8401, 85.7264, -7.9249, 345.8384, 414.8475, -76.7267, 264.9424, 3.2700, 70.2040, -58.9721, -0.112653, -0.993110, 0.032282, 0.085726, 0.981537, -0.116277, -0.151873, -0.007925, 0.154581, 0.014577, 0.987873, 0.345838, 0.000000, 0.000000, 0.000000, 1.000000, 0.154441, 0.014594, 0.987894, 0.414848, 0.112653, 0.993110, -0.032282, -0.076727, -0.981559, 0.116275, 0.151733, 0.264942, 0.000000, 0.000000, 0.000000, 1.000000, 0.997296, -0.015820, 0.071773, 0.003270, 0.070396, -0.075035, -0.994693, 0.070204, 0.021121, 0.997055, -0.073719, -0.058972, 0.000000, 0.000000, 0.000000, 1.000000
-14.8334, 85.7270, -7.9415, 345.8304, 414.8395, -76.7273, 264.9592, 3.2717, 70.2036, -58.9722, -0.112545, -0.993121, 0.032313, 0.085727, 0.981553, -0.116175, -0.151843, -0.007941, 0.154553, 0.014628, 0.987876, 0.345830, 0.000000, 0.000000, 0.000000, 1.000000, 0.154413, 0.014645, 0.987898, 0.414840, 0.112545, 0.993121, -0.032314, -0.076727, -0.981575, 0.116173, 0.151703, 0.264959, 0.000000, 0.000000, 0.000000, 1.000000, 0.997295, -0.015820, 0.071776, 0.003272, 0.070399, -0.075035, -0.994693, 0.070204, 0.021122, 0.997055, -0.073718, -0.058972, 0.000000, 0.000000, 0.000000, 1.000000
-14.8235, 85.7278, -7.9673, 345.8181, 414.8272, -76.7281, 264.9852, 3.2741, 70.2030, -58.9723, -0.112386, -0.993138, 0.032359, 0.085728, 0.981578, -0.116024, -0.151802, -0.007967, 0.154515, 0.014702, 0.987881, 0.345818, 0.000000, 0.000000, 0.000000, 1.000000, 0.154376, 0.014719, 0.987903, 0.414827, 0.112386, 0.993138, -0.032360, -0.076728, -0.981599, 0.116022, 0.151662, 0.264985, 0.000000, 0.000000, 0.000000, 1.000000, 0.997295, -0.015821, 0.071781, 0.003274, 0.070404, -0.075035, -0.994692, 0.070203, 0.021123, 0.997055, -0.073718, -0.058972, 0.000000, 0.000000, 0.000000, 1.000000
-14.8172, 85.7285, -7.9806, 345.8115, 414.8207, -76.7288, 264.9986, 3.2757, 70.2026, -58.9723, -0.112286, -0.993148, 0.032388, 0.085728, 0.981594, -0.115929, -0.151768, -0.007981, 0.154483, 0.014751, 0.987885, 0.345812, 0.000000, 0.000000, 0.000000, 1.000000, 0.154345, 0.014768, 0.987907, 0.414821, 0.112286, 0.993148, -0.032389, -0.076729, -0.981616, 0.115927, 0.151629, 0.264999, 0.000000, 0.000000, 0.000000, 1.000000, 0.997295, -0.015822, 0.071784, 0.003276, 0.070407, -0.075035, -0.994692, 0.070203, 0.021124, 0.997055, -0.073718, -0.058972, 0.000000, 0.000000, 0.000000, 1.000000
-14.8111, 85.7296, -7.9822, 345.8099, 414.8190, -76.7299, 265.0002, 3.2772, 70.2022, -58.9723, -0.112195, -0.993157, 0.032415, 0.085730, 0.981613, -0.115843, -0.151710, -0.007982, 0.154427, 0.014798, 0.987893, 0.345810, 0.000000, 0.000000, 0.000000, 1.000000, 0.154289, 0.014815, 0.987915, 0.414819, 0.112195, 0.993157, -0.032416, -0.076730, -0.981635, 0.115840, 0.151571, 0.265000, 0.000000, 0.000000, 0.000000, 1.000000, 0.997294, -0.015822, 0.071787, 0.003277, 0.070409, -0.075035, -0.994692, 0.070202, 0.021125, 0.997055, -0.073718, -0.058972, 0.000000, 0.000000, 0.000000, 1.000000
-14.8081, 85.7302, -7.9837, 345.8088, 414.8179, -76.7304, 265.0016, 3.2780, 70.2020, -58.9723, -0.112150, -0.993162, 0.032428, 0.085730, 0.981622, -0.115800, -0.151683, -0.007984, 0.154401, 0.014821, 0.987897, 0.345809, 0.000000, 0.000000, 0.000000, 1.000000, 0.154263, 0.014838, 0.987918, 0.414818, 0.112150, 0.993162, -0.032429, -0.076730, -0.981644, 0.115798, 0.151544, 0.265002, 0.000000, 0.000000, 0.000000, 1.000000, 0.997294, -0.015823, 0.071789, 0.003278, 0.070411, -0.075035, -0.994692, 0.070202, 0.021125, 0.997055, -0.073718, -0.058972, 0.000000, 0.000000, 0.000000, 1.000000
-14.8021, 85.7312, -7.9881, 345.8060, 414.8152, -76.7314, 265.0059, 3.2794, 70.2017, -58.9724, -0.112060, -0.993171, 0.032455, 0.085731, 0.981640, -0.115714, -0.151633, -0.007988, 0.154353, 0.014867, 0.987904, 0.345806, 0.000000, 0.000000, 0.000000, 1.000000, 0.154214, 0.014884, 0.987925, 0.414815, 0.112060, 0.993171, -0.032455, -0.076731, -0.981662, 0.115712, 0.151493, 0.265006, 0.000000, 0.000000, 0.000000, 1.000000, 0.997294, -0.015823, 0.071791, 0.003279, 0.070414, -0.075035, -0.994692, 0.070202, 0.021126, 0.997055, -0.073717, -0.058972, 0.000000, 0.000000, 0.000000, 1.000000
-14.7963, 85.7321, -7.9945, 345.8024, 414.8116, -76.7324, 265.0122, 3.2809, 70.2013, -58.9724, -0.111970, -0.993181, 0.032481, 0.085732, 0.981657, -0.115629, -0.151588, -0.007994, 0.154310, 0.014912, 0.987910, 0.345802, 0.000000, 0.000000, 0.000000, 1.000000, 0.154171, 0.014929, 0.987931, 0.414812, 0.111970, 0.993181, -0.032482, -0.076732, -0.981679, 0.115627, 0.151448, 0.265012, 0.000000, 0.000000, 0.000000, 1.000000, 0.997294, -0.015824, 0.071794, 0.003281, 0.070416, -0.075034, -0.994692, 0.070201, 0.021127, 0.997055, -0.073717, -0.058972, 0.000000, 0.000000, 0.000000, 1.000000
-14.7933, 85.7325, -7.9984, 345.8003, 414.8095, -76.7328, 265.0161, 3.2816, 70.2011, -58.9724, -0.111925, -0.993185, 0.032494, 0.085733, 0.981665, -0.115586, -0.151568, -0.007998, 0.154291, 0.014934, 0.987913, 0.345800, 0.000000, 0.000000, 0.000000, 1.000000, 0.154152, 0.014951, 0.987934, 0.414809, 0.111925, 0.993185, -0.032495, -0.076733, -0.981687, 0.115584, 0.151428, 0.265016, 0.000000, 0.000000, 0.000000, 1.000000, 0.997294, -0.015824, 0.071796, 0.003282, 0.070418, -0.075034, -0.994692, 0.070201, 0.021127, 0.997055, -0.073717, -0.058972, 0.000000, 0.000000, 0.000000, 1.000000
-14.7847, 85.7337, -8.0132, 345.7927, 414.8019, -76.7339, 265.0308, 3.2838, 70.2006, -58.9725, -0.111791, -0.993199, 0.032534, 0.085734, 0.981689, -0.115458, -0.151514, -0.008013, 0.154240, 0.015000, 0.987920, 0.345793, 0.000000, 0.000000, 0.000000, 1.000000, 0.154101, 0.015018, 0.987941, 0.414802, 0.111790, 0.993199, -0.032535, -0.076734, -0.981711, 0.115456, 0.151374, 0.265031, 0.000000, 0.000000, 0.000000, 1.000000, 0.997294, -0.015825, 0.071800, 0.003284, 0.070422, -0.075034, -0.994691, 0.070201, 0.021128, 0.997055, -0.073717, -0.058972, 0.000000, 0.000000, 0.000000, 1.000000
-14.7791, 85.7343, -8.0253, 345.7868, 414.7960, -76.7345, 265.0428, 3.2852, 70.2003, -58.9725, -0.111701, -0.993208, 0.032560, 0.085734, 0.981703, -0.115374, -0.151485, -0.008025, 0.154213, 0.015043, 0.987923, 0.345787, 0.000000, 0.000000, 0.000000, 1.000000, 0.154073, 0.015060, 0.987945, 0.414796, 0.111701, 0.993208, -0.032561, -0.076735, -0.981725, 0.115371, 0.151344, 0.265043, 0.000000, 0.000000, 0.000000, 1.000000, 0.997293, -0.015826, 0.071803, 0.003285, 0.070425, -0.075034, -0.994691, 0.070200, 0.021129, 0.997055, -0.073717, -0.058973, 0.000000, 0.000000, 0.000000, 1.000000
-14.7763, 85.7346, -8.0320, 345.7836, 414.7928, -76.7348, 265.0494, 3.2859, 70.2001, -58.9725, -0.111657, -0.993213, 0.032573, 0.085735, 0.981710, -0.115331, -0.151472, -0.008032, 0.154201, 0.015065, 0.987925, 0.345784, 0.000000, 0.000000, 0.000000, 1.000000, 0.154061, 0.015082, 0.987946, 0.414793, 0.111657, 0.993213, -0.032574, -0.076735, -0.981732, 0.115329, 0.151331, 0.265049, 0.000000, 0.000000, 0.000000, 1.000000, 0.997293, -0.015826, 0.071804, 0.003286, 0.070426, -0.075034, -0.994691, 0.070200, 0.021130, 0.997055, -0.073716, -0.058973, 0.000000, 0.000000, 0.000000, 1.000000
-14.7708, 85.7354, -8.0383, 345.7801, 414.7894, -76.7357, 265.0555, 3.2872, 70.1997, -58.9726, -0.111573, -0.993221, 0.032598, 0.085735, 0.981726, -0.115252, -0.151431, -0.008038, 0.154162, 0.015107, 0.987930, 0.345780, 0.000000, 0.000000, 0.000000, 1.000000, 0.154021, 0.015124, 0.987952, 0.414789, 0.111573, 0.993221, -0.032598, -0.076736, -0.981748, 0.115250, 0.151290, 0.265056, 0.000000, 0.000000, 0.000000, 1.000000, 0.997293, -0.015826, 0.071807, 0.003287, 0.070428, -0.075034, -0.994691, 0.070200, 0.021130, 0.997055, -0.073716, -0.058973, 0.000000, 0.000000, 0.000000, 1.000000
-14.7681, 85.7358, -8.0423, 345.7780, 414.7873, -76.7360, 265.0594, 3.2879, 70.1996, -58.9726, -0.111532, -0.993226, 0.032610, 0.085736, 0.981733, -0.115212, -0.151413, -0.008042, 0.154144, 0.015127, 0.987933, 0.345778, 0.000000, 0.000000, 0.000000, 1.000000, 0.154004, 0.015144, 0.987954, 0.414787, 0.111532, 0.993226, -0.032611, -0.076736, -0.981755, 0.115210, 0.151272, 0.265059, 0.000000, 0.000000, 0.000000, 1.000000, 0.997293, -0.015827, 0.071808, 0.003288, 0.070430, -0.075034, -0.994691, 0.070200, 0.021131, 0.997055, -0.073716, -0.058973, 0.000000, 0.000000, 0.000000, 1.000000
-14.7601, 85.7368, -8.0576, 345.7704, 414.7797, -76.7370, 265.0745, 3.2899, 70.1991, -58.9726, -0.111406, -0.993239, 0.032647, 0.085737, 0.981754, -0.115093, -0.151367, -0.008058, 0.154101, 0.015188, 0.987938, 0.345770, 0.000000, 0.000000, 0.000000, 1.000000, 0.153960, 0.015205, 0.987960, 0.414780, 0.111406, 0.993239, -0.032648, -0.076737, -0.981777, 0.115091, 0.151225, 0.265075, 0.000000, 0.000000, 0.000000, 1.000000, 0.997293, -0.015827, 0.071812, 0.003290, 0.070434, -0.075034, -0.994690, 0.070199, 0.021132, 0.997055, -0.073716, -0.058973, 0.000000, 0.000000, 0.000000, 1.000000
-14.7575, 85.7371, -8.0638, 345.7674, 414.7768, -76.7373, 265.0806, 3.2906, 70.1989, -58.9727, -0.111364, -0.993243, 0.032659, 0.085737, 0.981761, -0.115053, -0.151354, -0.008064, 0.154089, 0.015208, 0.987940, 0.345767, 0.000000, 0.000000, 0.000000, 1.000000, 0.153948, 0.015226, 0.987962, 0.414777, 0.111363, 0.993243, -0.032660, -0.076737, -0.981783, 0.115051, 0.151212, 0.265081, 0.000000, 0.000000, 0.000000, 1.000000, 0.997293, -0.015828, 0.071813, 0.003291, 0.070435, -0.075034, -0.994690, 0.070199, 0.021132, 0.997055, -0.073716, -0.058973, 0.000000, 0.000000, 0.000000, 1.000000
-14.7548, 85.7373, -8.0705, 345.7642, 414.7736, -76.7375, 265.0873, 3.2912, 70.1988, -58.9727, -0.111321, -0.993247, 0.032672, 0.085737, 0.981767, -0.115013, -0.151343, -0.008071, 0.154079, 0.015228, 0.987941, 0.345764, 0.000000, 0.000000, 0.000000, 1.000000, 0.153937, 0.015245, 0.987963, 0.414774, 0.111321, 0.993247, -0.032672, -0.076738, -0.981790, 0.115011, 0.151200, 0.265087, 0.000000, 0.000000, 0.000000, 1.000000, 0.997292, -0.015828, 0.071814, 0.003291, 0.070436, -0.075034, -0.994690, 0.070199, 0.021132, 0.997055, -0.073716, -0.058973, 0.000000, 0.000000, 0.000000, 1.000000
-14.7469, 85.7379, -8.0937, 345.7534, 414.7628, -76.7381, 265.1102, 3.2932, 70.1983, -58.9727, -0.111193, -0.993260, 0.032709, 0.085738, 0.981786, -0.114891, -0.151316, -0.008094, 0.154054, 0.015288, 0.987944, 0.345753, 0.000000, 0.000000, 0.000000, 1.000000, 0.153912, 0.015305, 0.987966, 0.414763, 0.111193, 0.993260, -0.032709, -0.076738, -0.981808, 0.114889, 0.151173, 0.265110, 0.000000, 0.000000, 0.000000, 1.000000, 0.997292, -0.015828, 0.071818, 0.003293, 0.070440, -0.075034, -0.994690, 0.070198, 0.021133, 0.997055, -0.073716, -0.058973, 0.000000, 0.000000, 0.000000, 1.000000
-14.7390, 85.7382, -8.1210, 345.7410, 414.7504, -76.7384, 265.1374, 3.2951, 70.1978, -58.9728, -0.111063, -0.993274, 0.032746, 0.085738, 0.981803, -0.114768, -0.151298, -0.008121, 0.154039, 0.015347, 0.987946, 0.345741, 0.000000, 0.000000, 0.000000, 1.000000, 0.153896, 0.015364, 0.987968, 0.414750, 0.111063, 0.993274, -0.032747, -0.076738, -0.981825, 0.114766, 0.151155, 0.265137, 0.000000, 0.000000, 0.000000, 1.000000, 0.997292, -0.015829, 0.071822, 0.003295, 0.070444, -0.075034, -0.994690, 0.070198, 0.021134, 0.997055, -0.073715, -0.058973, 0.000000, 0.000000, 0.000000, 1.000000
-14.7364, 85.7383, -8.1309, 345.7365, 414.7460, -76.7385, 265.1472, 3.2958, 70.1977, -58.9728, -0.111019, -0.993278, 0.032759, 0.085738, 0.981808, -0.114727, -0.151295, -0.008131, 0.154036, 0.015366, 0.987946, 0.345737, 0.000000, 0.000000, 0.000000, 1.000000, 0.153893, 0.015383, 0.987968, 0.414746, 0.111019, 0.993278, -0.032759, -0.076738, -0.981831, 0.114724, 0.151151, 0.265147, 0.000000, 0.000000, 0.000000, 1.000000, 0.997292, -0.015829, 0.071823, 0.003296, 0.070445, -0.075034, -0.994690, 0.070198, 0.021134, 0.997055, -0.073715, -0.058973, 0.000000, 0.000000, 0.000000, 1.000000
