# Joint_6_Angle(deg), Cam_X(mm), Cam_Y(mm), Cam_Z(mm), Torso_X(mm), Torso_Y(mm), Torso_Z(mm), EE_X(mm), EE_Y(mm), EE_Z(mm), T_cam2marker_flat(16), T_torso2marker_flat(16), T_ee2marker_flat(16)
-19.9989, 50.7502, -0.1220, 217.4954, 239.4954, -50.7506, 200.1255, 11.3373, -105.3200, 19.0813, 0.953979, -0.013131, -0.299586, 0.050750, -0.007692, 0.997641, -0.068221, -0.000122, 0.299775, 0.067386, 0.951627, 0.217495, 0.000000, 0.000000, 0.000000, 1.000000, 0.299776, 0.067065, 0.951649, 0.239495, -0.953979, 0.013131, 0.299584, -0.050751, 0.007595, -0.997662, 0.067915, 0.200125, 0.000000, 0.000000, 0.000000, 1.000000, -0.996200, 0.086169, -0.012652, 0.011337, -0.013297, -0.006927, 0.999888, -0.105320, 0.086072, 0.996256, 0.008046, 0.019081, 0.000000, 0.000000, 0.000000, 1.000000
-19.9998, 50.7501, -0.1163, 217.4984, 239.4983, -50.7504, 200.1202, 11.3383, -105.3189, 19.0822, 0.953974, -0.013125, -0.299601, 0.050750, -0.007694, 0.997642, -0.068204, -0.000116, 0.299790, 0.067370, 0.951624, 0.217498, 0.000000, 0.000000, 0.000000, 1.000000, 0.299791, 0.067051, 0.951646, 0.239498, -0.953975, 0.013124, 0.299600, -0.050750, 0.007599, -0.997663, 0.067899, 0.200120, 0.000000, 0.000000, 0.000000, 1.000000, -0.996200, 0.086169, -0.012651, 0.011338, -0.013297, -0.006925, 0.999888, -0.105319, 0.086072, 0.996256, 0.008045, 0.019082, 0.000000, 0.000000, 0.000000, 1.000000
-19.9998, 50.7488, -0.1092, 217.5017, 239.5017, -50.7491, 200.1130, 11.3386, -105.3178, 19.0832, 0.953974, -0.013116, -0.299603, 0.050749, -0.007697, 0.997643, -0.068183, -0.000109, 0.299791, 0.067350, 0.951625, 0.217502, 0.000000, 0.000000, 0.000000, 1.000000, 0.299792, 0.067031, 0.951647, 0.239502, -0.953974, 0.013116, 0.299601, -0.050749, 0.007601, -0.997665, 0.067878, 0.200113, 0.000000, 0.000000, 0.000000, 1.000000, -0.996200, 0.086169, -0.012651, 0.011339, -0.013297, -0.006925, 0.999888, -0.105318, 0.086072, 0.996256, 0.008044, 0.019083, 0.000000, 0.000000, 0.000000, 1.000000
-19.9996, 50.7475, -0.1035, 217.5044, 239.5043, -50.7478, 200.1074, 11.3386, -105.3170, 19.0839, 0.953975, -0.013109, -0.299599, 0.050747, -0.007698, 0.997644, -0.068166, -0.000103, 0.299787, 0.067335, 0.951627, 0.217504, 0.000000, 0.000000, 0.000000, 1.000000, 0.299788, 0.067015, 0.951649, 0.239504, -0.953976, 0.013109, 0.299597, -0.050748, 0.007602, -0.997666, 0.067861, 0.200107, 0.000000, 0.000000, 0.000000, 1.000000, -0.996200, 0.086169, -0.012651, 0.011339, -0.013297, -0.006925, 0.999888, -0.105317, 0.086072, 0.996256, 0.008045, 0.019084, 0.000000, 0.000000, 0.000000, 1.000000
-19.9978, 50.7448, -0.0972, 217.5069, 239.5069, -50.7451, 200.1011, 11.3373, -105.3163, 19.0847, 0.953984, -0.013101, -0.299571, 0.050745, -0.007698, 0.997646, -0.068147, -0.000097, 0.299758, 0.067317, 0.951637, 0.217507, 0.000000, 0.000000, 0.000000, 1.000000, 0.299759, 0.066998, 0.951659, 0.239507, -0.953985, 0.013101, 0.299569, -0.050745, 0.007603, -0.997667, 0.067843, 0.200101, 0.000000, 0.000000, 0.000000, 1.000000, -0.996200, 0.086169, -0.012651, 0.011337, -0.013297, -0.006928, 0.999888, -0.105316, 0.086071, 0.996256, 0.008047, 0.019085, 0.000000, 0.000000, 0.000000, 1.000000
-19.9958, 50.7425, -0.0952, 217.5073, 239.5073, -50.7429, 200.0991, 11.3356, -105.3164, 19.0848, 0.953995, -0.013099, -0.299536, 0.050743, -0.007697, 0.997646, -0.068141, -0.000095, 0.299724, 0.067312, 0.951648, 0.217507, 0.000000, 0.000000, 0.000000, 1.000000, 0.299725, 0.066993, 0.951671, 0.239507, -0.953995, 0.013099, 0.299535, -0.050743, 0.007601, -0.997667, 0.067837, 0.200099, 0.000000, 0.000000, 0.000000, 1.000000, -0.996200, 0.086168, -0.012651, 0.011336, -0.013297, -0.006931, 0.999888, -0.105316, 0.086071, 0.996256, 0.008050, 0.019085, 0.000000, 0.000000, 0.000000, 1.000000
-19.9949, 50.7416, -0.0948, 217.5073, 239.5072, -50.7420, 200.0988, 11.3348, -105.3165, 19.0847, 0.954000, -0.013098, -0.299521, 0.050742, -0.007696, 0.997646, -0.068140, -0.000095, 0.299709, 0.067311, 0.951653, 0.217507, 0.000000, 0.000000, 0.000000, 1.000000, 0.299710, 0.066992, 0.951675, 0.239507, -0.954000, 0.013098, 0.299520, -0.050742, 0.007600, -0.997668, 0.067836, 0.200099, 0.000000, 0.000000, 0.000000, 1.000000, -0.996200, 0.086168, -0.012650, 0.011335, -0.013297, -0.006932, 0.999888, -0.105316, 0.086071, 0.996256, 0.008051, 0.019085, 0.000000, 0.000000, 0.000000, 1.000000
-19.9927, 50.7396, -0.0945, 217.5069, 239.5068, -50.7399, 200.0984, 11.3328, -105.3168, 19.0846, 0.954011, -0.013098, -0.299485, 0.050740, -0.007694, 0.997646, -0.068139, -0.000094, 0.299672, 0.067310, 0.951665, 0.217507, 0.000000, 0.000000, 0.000000, 1.000000, 0.299673, 0.066991, 0.951687, 0.239507, -0.954012, 0.013098, 0.299483, -0.050740, 0.007598, -0.997668, 0.067835, 0.200098, 0.000000, 0.000000, 0.000000, 1.000000, -0.996200, 0.086168, -0.012650, 0.011333, -0.013297, -0.006935, 0.999888, -0.105317, 0.086070, 0.996256, 0.008055, 0.019085, 0.000000, 0.000000, 0.000000, 1.000000
-19.9914, 50.7384, -0.0945, 217.5065, 239.5065, -50.7387, 200.0984, 11.3316, -105.3170, 19.0845, 0.954018, -0.013097, -0.299463, 0.050738, -0.007692, 0.997646, -0.068139, -0.000094, 0.299651, 0.067310, 0.951672, 0.217507, 0.000000, 0.000000, 0.000000, 1.000000, 0.299652, 0.066991, 0.951694, 0.239506, -0.954018, 0.013097, 0.299462, -0.050739, 0.007597, -0.997668, 0.067835, 0.200098, 0.000000, 0.000000, 0.000000, 1.000000, -0.996200, 0.086168, -0.012650, 0.011332, -0.013297, -0.006937, 0.999888, -0.105317, 0.086070, 0.996256, 0.008057, 0.019085, 0.000000, 0.000000, 0.000000, 1.000000
-19.9867, 50.7343, -0.0952, 217.5049, 239.5049, -50.7346, 200.0992, 11.3274, -105.3179, 19.0840, 0.954043, -0.013098, -0.299385, 0.050734, -0.007687, 0.997646, -0.068142, -0.000095, 0.299572, 0.067311, 0.951696, 0.217505, 0.000000, 0.000000, 0.000000, 1.000000, 0.299573, 0.066993, 0.951718, 0.239505, -0.954043, 0.013098, 0.299383, -0.050735, 0.007591, -0.997667, 0.067838, 0.200099, 0.000000, 0.000000, 0.000000, 1.000000, -0.996200, 0.086167, -0.012650, 0.011327, -0.013297, -0.006945, 0.999887, -0.105318, 0.086069, 0.996257, 0.008064, 0.019084, 0.000000, 0.000000, 0.000000, 1.000000
-19.9848, 50.7327, -0.0956, 217.5042, 239.5042, -50.7330, 200.0996, 11.3257, -105.3183, 19.0838, 0.954052, -0.013098, -0.299353, 0.050733, -0.007685, 0.997646, -0.068143, -0.000096, 0.299541, 0.067312, 0.951706, 0.217504, 0.000000, 0.000000, 0.000000, 1.000000, 0.299542, 0.066994, 0.951728, 0.239504, -0.954053, 0.013098, 0.299352, -0.050733, 0.007589, -0.997667, 0.067839, 0.200100, 0.000000, 0.000000, 0.000000, 1.000000, -0.996200, 0.086167, -0.012650, 0.011326, -0.013298, -0.006947, 0.999887, -0.105318, 0.086069, 0.996257, 0.008067, 0.019084, 0.000000, 0.000000, 0.000000, 1.000000
-19.9806, 50.7291, -0.0967, 217.5026, 239.5025, -50.7294, 200.1008, 11.3219, -105.3193, 19.0833, 0.954074, -0.013099, -0.299283, 0.050729, -0.007679, 0.997646, -0.068147, -0.000097, 0.299471, 0.067315, 0.951728, 0.217503, 0.000000, 0.000000, 0.000000, 1.000000, 0.299472, 0.066997, 0.951750, 0.239503, -0.954075, 0.013099, 0.299282, -0.050729, 0.007584, -0.997667, 0.067843, 0.200101, 0.000000, 0.000000, 0.000000, 1.000000, -0.996200, 0.086166, -0.012650, 0.011322, -0.013298, -0.006954, 0.999887, -0.105319, 0.086068, 0.996257, 0.008073, 0.019083, 0.000000, 0.000000, 0.000000, 1.000000
-19.9757, 50.7249, -0.0982, 217.5006, 239.5005, -50.7252, 200.1022, 11.3174, -105.3203, 19.0827, 0.954100, -0.013101, -0.299202, 0.050725, -0.007673, 0.997645, -0.068151, -0.000098, 0.299390, 0.067319, 0.951753, 0.217501, 0.000000, 0.000000, 0.000000, 1.000000, 0.299391, 0.067001, 0.951775, 0.239501, -0.954100, 0.013101, 0.299200, -0.050725, 0.007578, -0.997667, 0.067848, 0.200102, 0.000000, 0.000000, 0.000000, 1.000000, -0.996201, 0.086165, -0.012649, 0.011317, -0.013298, -0.006961, 0.999887, -0.105320, 0.086068, 0.996257, 0.008081, 0.019083, 0.000000, 0.000000, 0.000000, 1.000000
-19.9702, 50.7202, -0.0999, 217.4983, 239.4982, -50.7205, 200.1040, 11.3124, -105.3216, 19.0820, 0.954129, -0.013102, -0.299109, 0.050720, -0.007667, 0.997645, -0.068157, -0.000100, 0.299298, 0.067324, 0.951782, 0.217498, 0.000000, 0.000000, 0.000000, 1.000000, 0.299299, 0.067006, 0.951804, 0.239498, -0.954129, 0.013102, 0.299108, -0.050721, 0.007571, -0.997667, 0.067853, 0.200104, 0.000000, 0.000000, 0.000000, 1.000000, -0.996201, 0.086165, -0.012649, 0.011312, -0.013299, -0.006970, 0.999887, -0.105322, 0.086067, 0.996257, 0.008089, 0.019082, 0.000000, 0.000000, 0.000000, 1.000000
-19.9640, 50.7150, -0.1018, 217.4957, 239.4956, -50.7153, 200.1059, 11.3067, -105.3230, 19.0813, 0.954161, -0.013104, -0.299005, 0.050715, -0.007659, 0.997645, -0.068163, -0.000102, 0.299194, 0.067329, 0.951814, 0.217496, 0.000000, 0.000000, 0.000000, 1.000000, 0.299195, 0.067011, 0.951836, 0.239496, -0.954162, 0.013104, 0.299004, -0.050715, 0.007563, -0.997666, 0.067860, 0.200106, 0.000000, 0.000000, 0.000000, 1.000000, -0.996201, 0.086164, -0.012649, 0.011307, -0.013299, -0.006980, 0.999887, -0.105323, 0.086066, 0.996257, 0.008099, 0.019081, 0.000000, 0.000000, 0.000000, 1.000000
-19.9606, 50.7121, -0.1028, 217.4943, 239.4942, -50.7125, 200.1070, 11.3037, -105.3237, 19.0808, 0.954179, -0.013105, -0.298949, 0.050712, -0.007655, 0.997645, -0.068167, -0.000103, 0.299138, 0.067332, 0.951831, 0.217494, 0.000000, 0.000000, 0.000000, 1.000000, 0.299139, 0.067014, 0.951853, 0.239494, -0.954179, 0.013105, 0.298948, -0.050712, 0.007559, -0.997666, 0.067863, 0.200107, 0.000000, 0.000000, 0.000000, 1.000000, -0.996201, 0.086163, -0.012648, 0.011304, -0.013299, -0.006985, 0.999887, -0.105324, 0.086065, 0.996257, 0.008104, 0.019081, 0.000000, 0.000000, 0.000000, 1.000000
-19.9534, 50.7060, -0.1050, 217.4913, 239.4912, -50.7063, 200.1092, 11.2970, -105.3253, 19.0799, 0.954217, -0.013108, -0.298828, 0.050706, -0.007646, 0.997644, -0.068174, -0.000105, 0.299018, 0.067337, 0.951869, 0.217491, 0.000000, 0.000000, 0.000000, 1.000000, 0.299019, 0.067020, 0.951891, 0.239491, -0.954217, 0.013107, 0.298827, -0.050706, 0.007550, -0.997666, 0.067871, 0.200109, 0.000000, 0.000000, 0.000000, 1.000000, -0.996201, 0.086162, -0.012648, 0.011297, -0.013300, -0.006996, 0.999887, -0.105325, 0.086064, 0.996257, 0.008115, 0.019080, 0.000000, 0.000000, 0.000000, 1.000000
-19.9454, 50.6992, -0.1072, 217.4880, 239.4879, -50.6995, 200.1115, 11.2898, -105.3271, 19.0790, 0.954259, -0.013110, -0.298695, 0.050699, -0.007636, 0.997644, -0.068181, -0.000107, 0.298885, 0.067343, 0.951910, 0.217488, 0.000000, 0.000000, 0.000000, 1.000000, 0.298886, 0.067026, 0.951932, 0.239488, -0.954259, 0.013110, 0.298694, -0.050700, 0.007541, -0.997665, 0.067878, 0.200111, 0.000000, 0.000000, 0.000000, 1.000000, -0.996201, 0.086161, -0.012647, 0.011290, -0.013300, -0.007008, 0.999887, -0.105327, 0.086063, 0.996257, 0.008128, 0.019079, 0.000000, 0.000000, 0.000000, 1.000000
-19.9412, 50.6956, -0.1084, 217.4863, 239.4862, -50.6959, 200.1126, 11.2859, -105.3280, 19.0785, 0.954281, -0.013111, -0.298624, 0.050696, -0.007630, 0.997644, -0.068185, -0.000108, 0.298814, 0.067346, 0.951932, 0.217486, 0.000000, 0.000000, 0.000000, 1.000000, 0.298815, 0.067029, 0.951954, 0.239486, -0.954281, 0.013111, 0.298623, -0.050696, 0.007535, -0.997665, 0.067882, 0.200113, 0.000000, 0.000000, 0.000000, 1.000000, -0.996201, 0.086160, -0.012647, 0.011286, -0.013301, -0.007015, 0.999887, -0.105328, 0.086062, 0.996257, 0.008134, 0.019078, 0.000000, 0.000000, 0.000000, 1.000000
-19.9321, 50.6879, -0.1107, 217.4827, 239.4826, -50.6882, 200.1150, 11.2777, -105.3300, 19.0774, 0.954328, -0.013114, -0.298473, 0.050688, -0.007619, 0.997643, -0.068193, -0.000111, 0.298664, 0.067353, 0.951979, 0.217483, 0.000000, 0.000000, 0.000000, 1.000000, 0.298665, 0.067035, 0.952001, 0.239483, -0.954328, 0.013113, 0.298472, -0.050688, 0.007524, -0.997664, 0.067890, 0.200115, 0.000000, 0.000000, 0.000000, 1.000000, -0.996201, 0.086159, -0.012647, 0.011278, -0.013301, -0.007029, 0.999887, -0.105330, 0.086060, 0.996257, 0.008148, 0.019077, 0.000000, 0.000000, 0.000000, 1.000000
-19.9274, 50.6838, -0.1119, 217.4808, 239.4808, -50.6841, 200.1162, 11.2733, -105.3310, 19.0768, 0.954353, -0.013115, -0.298393, 0.050684, -0.007613, 0.997643, -0.068197, -0.000112, 0.298584, 0.067356, 0.952003, 0.217481, 0.000000, 0.000000, 0.000000, 1.000000, 0.298586, 0.067039, 0.952025, 0.239481, -0.954353, 0.013115, 0.298392, -0.050684, 0.007518, -0.997664, 0.067894, 0.200116, 0.000000, 0.000000, 0.000000, 1.000000, -0.996201, 0.086158, -0.012646, 0.011273, -0.013302, -0.007036, 0.999887, -0.105331, 0.086059, 0.996257, 0.008156, 0.019077, 0.000000, 0.000000, 0.000000, 1.000000
-19.9120, 50.6706, -0.1153, 217.4749, 239.4749, -50.6709, 200.1197, 11.2593, -105.3342, 19.0751, 0.954433, -0.013118, -0.298137, 0.050671, -0.007594, 0.997642, -0.068209, -0.000115, 0.298329, 0.067365, 0.952083, 0.217475, 0.000000, 0.000000, 0.000000, 1.000000, 0.298330, 0.067048, 0.952105, 0.239475, -0.954433, 0.013118, 0.298136, -0.050671, 0.007499, -0.997664, 0.067907, 0.200120, 0.000000, 0.000000, 0.000000, 1.000000, -0.996201, 0.086156, -0.012645, 0.011259, -0.013303, -0.007060, 0.999887, -0.105334, 0.086057, 0.996257, 0.008179, 0.019075, 0.000000, 0.000000, 0.000000, 1.000000
-19.9009, 50.6610, -0.1175, 217.4708, 239.4708, -50.6614, 200.1220, 11.2493, -105.3365, 19.0739, 0.954491, -0.013121, -0.297953, 0.050661, -0.007581, 0.997642, -0.068217, -0.000118, 0.298145, 0.067371, 0.952140, 0.217471, 0.000000, 0.000000, 0.000000, 1.000000, 0.298146, 0.067054, 0.952162, 0.239471, -0.954491, 0.013121, 0.297951, -0.050661, 0.007486, -0.997663, 0.067915, 0.200122, 0.000000, 0.000000, 0.000000, 1.000000, -0.996202, 0.086154, -0.012645, 0.011249, -0.013304, -0.007077, 0.999886, -0.105337, 0.086055, 0.996257, 0.008196, 0.019074, 0.000000, 0.000000, 0.000000, 1.000000
-19.8892, 50.6509, -0.1197, 217.4666, 239.4665, -50.6512, 200.1242, 11.2387, -105.3389, 19.0726, 0.954551, -0.013123, -0.297758, 0.050651, -0.007566, 0.997641, -0.068224, -0.000120, 0.297951, 0.067376, 0.952201, 0.217467, 0.000000, 0.000000, 0.000000, 1.000000, 0.297952, 0.067060, 0.952223, 0.239467, -0.954552, 0.013123, 0.297756, -0.050651, 0.007472, -0.997663, 0.067922, 0.200124, 0.000000, 0.000000, 0.000000, 1.000000, -0.996202, 0.086152, -0.012644, 0.011239, -0.013304, -0.007095, 0.999886, -0.105339, 0.086053, 0.996257, 0.008214, 0.019073, 0.000000, 0.000000, 0.000000, 1.000000
-19.8832, 50.6456, -0.1207, 217.4644, 239.4644, -50.6460, 200.1252, 11.2332, -105.3401, 19.0720, 0.954583, -0.013124, -0.297656, 0.050646, -0.007559, 0.997641, -0.068228, -0.000121, 0.297850, 0.067379, 0.952232, 0.217464, 0.000000, 0.000000, 0.000000, 1.000000, 0.297851, 0.067063, 0.952254, 0.239464, -0.954583, 0.013124, 0.297655, -0.050646, 0.007464, -0.997662, 0.067926, 0.200125, 0.000000, 0.000000, 0.000000, 1.000000, -0.996202, 0.086152, -0.012644, 0.011233, -0.013305, -0.007104, 0.999886, -0.105340, 0.086052, 0.996257, 0.008224, 0.019072, 0.000000, 0.000000, 0.000000, 1.000000
-19.8706, 50.6347, -0.1226, 217.4600, 239.4600, -50.6350, 200.1272, 11.2218, -105.3426, 19.0707, 0.954648, -0.013126, -0.297447, 0.050635, -0.007543, 0.997641, -0.068235, -0.000123, 0.297641, 0.067384, 0.952297, 0.217460, 0.000000, 0.000000, 0.000000, 1.000000, 0.297642, 0.067068, 0.952319, 0.239460, -0.954649, 0.013126, 0.297445, -0.050635, 0.007449, -0.997662, 0.067934, 0.200127, 0.000000, 0.000000, 0.000000, 1.000000, -0.996202, 0.086150, -0.012643, 0.011222, -0.013306, -0.007124, 0.999886, -0.105343, 0.086050, 0.996257, 0.008243, 0.019071, 0.000000, 0.000000, 0.000000, 1.000000
-19.8575, 50.6232, -0.1244, 217.4555, 239.4555, -50.6235, 200.1291, 11.2099, -105.3452, 19.0693, 0.954716, -0.013128, -0.297228, 0.050623, -0.007528, 0.997640, -0.068242, -0.000124, 0.297423, 0.067389, 0.952365, 0.217456, 0.000000, 0.000000, 0.000000, 1.000000, 0.297424, 0.067073, 0.952387, 0.239455, -0.954717, 0.013128, 0.297227, -0.050624, 0.007433, -0.997662, 0.067941, 0.200129, 0.000000, 0.000000, 0.000000, 1.000000, -0.996202, 0.086148, -0.012642, 0.011210, -0.013307, -0.007144, 0.999886, -0.105345, 0.086048, 0.996257, 0.008263, 0.019069, 0.000000, 0.000000, 0.000000, 1.000000
-19.8507, 50.6173, -0.1253, 217.4533, 239.4532, -50.6176, 200.1299, 11.2038, -105.3465, 19.0686, 0.954751, -0.013129, -0.297116, 0.050617, -0.007519, 0.997640, -0.068245, -0.000125, 0.297310, 0.067391, 0.952400, 0.217453, 0.000000, 0.000000, 0.000000, 1.000000, 0.297311, 0.067076, 0.952422, 0.239453, -0.954752, 0.013129, 0.297114, -0.050618, 0.007425, -0.997662, 0.067944, 0.200130, 0.000000, 0.000000, 0.000000, 1.000000, -0.996202, 0.086147, -0.012642, 0.011204, -0.013307, -0.007154, 0.999886, -0.105347, 0.086046, 0.996257, 0.008274, 0.019069, 0.000000, 0.000000, 0.000000, 1.000000
-19.8369, 50.6051, -0.1268, 217.4487, 239.4486, -50.6054, 200.1315, 11.1912, -105.3492, 19.0673, 0.954823, -0.013130, -0.296884, 0.050605, -0.007503, 0.997640, -0.068251, -0.000127, 0.297080, 0.067395, 0.952471, 0.217449, 0.000000, 0.000000, 0.000000, 1.000000, 0.297081, 0.067080, 0.952493, 0.239449, -0.954824, 0.013130, 0.296883, -0.050605, 0.007409, -0.997661, 0.067950, 0.200132, 0.000000, 0.000000, 0.000000, 1.000000, -0.996202, 0.086145, -0.012641, 0.011191, -0.013308, -0.007176, 0.999886, -0.105349, 0.086044, 0.996257, 0.008295, 0.019067, 0.000000, 0.000000, 0.000000, 1.000000
-19.8225, 50.5925, -0.1282, 217.4440, 239.4440, -50.5928, 200.1330, 11.1783, -105.3519, 19.0659, 0.954897, -0.013132, -0.296645, 0.050592, -0.007485, 0.997640, -0.068257, -0.000128, 0.296841, 0.067399, 0.952545, 0.217444, 0.000000, 0.000000, 0.000000, 1.000000, 0.296842, 0.067084, 0.952567, 0.239444, -0.954898, 0.013131, 0.296644, -0.050593, 0.007391, -0.997661, 0.067956, 0.200133, 0.000000, 0.000000, 0.000000, 1.000000, -0.996203, 0.086142, -0.012640, 0.011178, -0.013309, -0.007198, 0.999886, -0.105352, 0.086041, 0.996257, 0.008317, 0.019066, 0.000000, 0.000000, 0.000000, 1.000000
-19.8078, 50.5794, -0.1294, 217.4394, 239.4394, -50.5797, 200.1342, 11.1650, -105.3547, 19.0645, 0.954974, -0.013133, -0.296400, 0.050579, -0.007468, 0.997639, -0.068262, -0.000129, 0.296597, 0.067402, 0.952621, 0.217439, 0.000000, 0.000000, 0.000000, 1.000000, 0.296598, 0.067087, 0.952643, 0.239439, -0.954974, 0.013133, 0.296398, -0.050580, 0.007374, -0.997661, 0.067962, 0.200134, 0.000000, 0.000000, 0.000000, 1.000000, -0.996203, 0.086140, -0.012639, 0.011165, -0.013310, -0.007220, 0.999885, -0.105355, 0.086039, 0.996257, 0.008340, 0.019065, 0.000000, 0.000000, 0.000000, 1.000000
-19.8003, 50.5728, -0.1299, 217.4371, 239.4370, -50.5731, 200.1348, 11.1582, -105.3561, 19.0638, 0.955012, -0.013133, -0.296275, 0.050573, -0.007459, 0.997639, -0.068265, -0.000130, 0.296472, 0.067403, 0.952660, 0.217437, 0.000000, 0.000000, 0.000000, 1.000000, 0.296473, 0.067089, 0.952682, 0.239437, -0.955013, 0.013133, 0.296274, -0.050573, 0.007365, -0.997661, 0.067964, 0.200135, 0.000000, 0.000000, 0.000000, 1.000000, -0.996203, 0.086139, -0.012638, 0.011158, -0.013310, -0.007232, 0.999885, -0.105356, 0.086038, 0.996257, 0.008351, 0.019064, 0.000000, 0.000000, 0.000000, 1.000000
-19.7775, 50.5499, -0.1172, 217.4367, 239.4366, -50.5502, 200.1220, 11.1381, -105.3582, 19.0636, 0.955130, -0.013118, -0.295896, 0.050550, -0.007436, 0.997642, -0.068230, -0.000117, 0.296093, 0.067369, 0.952780, 0.217437, 0.000000, 0.000000, 0.000000, 1.000000, 0.296094, 0.067054, 0.952802, 0.239437, -0.955131, 0.013118, 0.295895, -0.050550, 0.007342, -0.997663, 0.067929, 0.200122, 0.000000, 0.000000, 0.000000, 1.000000, -0.996203, 0.086135, -0.012636, 0.011138, -0.013311, -0.007267, 0.999885, -0.105358, 0.086033, 0.996257, 0.008386, 0.019064, 0.000000, 0.000000, 0.000000, 1.000000
-19.7697, 50.5421, -0.1124, 217.4368, 239.4367, -50.5424, 200.1171, 11.1313, -105.3588, 19.0636, 0.955170, -0.013112, -0.295768, 0.050542, -0.007428, 0.997643, -0.068217, -0.000112, 0.295965, 0.067356, 0.952821, 0.217437, 0.000000, 0.000000, 0.000000, 1.000000, 0.295966, 0.067041, 0.952843, 0.239437, -0.955170, 0.013112, 0.295766, -0.050542, 0.007334, -0.997664, 0.067916, 0.200117, 0.000000, 0.000000, 0.000000, 1.000000, -0.996203, 0.086134, -0.012636, 0.011131, -0.013312, -0.007278, 0.999885, -0.105359, 0.086032, 0.996257, 0.008397, 0.019064, 0.000000, 0.000000, 0.000000, 1.000000
-19.7619, 50.5343, -0.1079, 217.4368, 239.4367, -50.5346, 200.1125, 11.1245, -105.3595, 19.0636, 0.955210, -0.013107, -0.295639, 0.050534, -0.007420, 0.997644, -0.068205, -0.000108, 0.295836, 0.067344, 0.952862, 0.217437, 0.000000, 0.000000, 0.000000, 1.000000, 0.295837, 0.067028, 0.952884, 0.239437, -0.955210, 0.013107, 0.295637, -0.050535, 0.007327, -0.997665, 0.067903, 0.200113, 0.000000, 0.000000, 0.000000, 1.000000, -0.996204, 0.086133, -0.012635, 0.011125, -0.013312, -0.007290, 0.999885, -0.105359, 0.086031, 0.996257, 0.008409, 0.019064, 0.000000, 0.000000, 0.000000, 1.000000
-19.7463, 50.5181, -0.0967, 217.4377, 239.4376, -50.5184, 200.1012, 11.1109, -105.3605, 19.0638, 0.955290, -0.013093, -0.295379, 0.050518, -0.007406, 0.997646, -0.068174, -0.000097, 0.295576, 0.067313, 0.952945, 0.217438, 0.000000, 0.000000, 0.000000, 1.000000, 0.295577, 0.066997, 0.952967, 0.239438, -0.955291, 0.013093, 0.295378, -0.050518, 0.007312, -0.997667, 0.067872, 0.200101, 0.000000, 0.000000, 0.000000, 1.000000, -0.996204, 0.086130, -0.012634, 0.011111, -0.013313, -0.007314, 0.999885, -0.105360, 0.086028, 0.996257, 0.008432, 0.019064, 0.000000, 0.000000, 0.000000, 1.000000
-19.7384, 50.5098, -0.0901, 217.4386, 239.4385, -50.5101, 200.0946, 11.1040, -105.3609, 19.0641, 0.955331, -0.013086, -0.295248, 0.050510, -0.007398, 0.997647, -0.068155, -0.000090, 0.295445, 0.067295, 0.952987, 0.217439, 0.000000, 0.000000, 0.000000, 1.000000, 0.295446, 0.066979, 0.953009, 0.239439, -0.955331, 0.013085, 0.295247, -0.050510, 0.007305, -0.997669, 0.067853, 0.200095, 0.000000, 0.000000, 0.000000, 1.000000, -0.996204, 0.086129, -0.012633, 0.011104, -0.013313, -0.007325, 0.999885, -0.105361, 0.086026, 0.996257, 0.008444, 0.019064, 0.000000, 0.000000, 0.000000, 1.000000
-19.7225, 50.4933, -0.0783, 217.4398, 239.4397, -50.4937, 200.0826, 11.0902, -105.3618, 19.0643, 0.955412, -0.013071, -0.294985, 0.050493, -0.007384, 0.997650, -0.068123, -0.000078, 0.295182, 0.067263, 0.953070, 0.217440, 0.000000, 0.000000, 0.000000, 1.000000, 0.295183, 0.066946, 0.953092, 0.239440, -0.955413, 0.013071, 0.294984, -0.050494, 0.007290, -0.997671, 0.067819, 0.200083, 0.000000, 0.000000, 0.000000, 1.000000, -0.996204, 0.086126, -0.012632, 0.011090, -0.013314, -0.007349, 0.999884, -0.105362, 0.086023, 0.996257, 0.008468, 0.019064, 0.000000, 0.000000, 0.000000, 1.000000
-19.7145, 50.4852, -0.0730, 217.4401, 239.4401, -50.4855, 200.0772, 11.0833, -105.3624, 19.0644, 0.955453, -0.013065, -0.294853, 0.050485, -0.007376, 0.997651, -0.068108, -0.000073, 0.295050, 0.067249, 0.953112, 0.217440, 0.000000, 0.000000, 0.000000, 1.000000, 0.295051, 0.066931, 0.953134, 0.239440, -0.955454, 0.013065, 0.294852, -0.050486, 0.007282, -0.997672, 0.067805, 0.200077, 0.000000, 0.000000, 0.000000, 1.000000, -0.996204, 0.086125, -0.012631, 0.011083, -0.013314, -0.007361, 0.999884, -0.105362, 0.086022, 0.996257, 0.008480, 0.019064, 0.000000, 0.000000, 0.000000, 1.000000
-19.7065, 50.4771, -0.0682, 217.4402, 239.4402, -50.4774, 200.0723, 11.0763, -105.3631, 19.0644, 0.955494, -0.013059, -0.294721, 0.050477, -0.007369, 0.997652, -0.068095, -0.000068, 0.294918, 0.067236, 0.953154, 0.217440, 0.000000, 0.000000, 0.000000, 1.000000, 0.294919, 0.066918, 0.953176, 0.239440, -0.955495, 0.013059, 0.294719, -0.050477, 0.007275, -0.997673, 0.067791, 0.200072, 0.000000, 0.000000, 0.000000, 1.000000, -0.996204, 0.086123, -0.012631, 0.011076, -0.013315, -0.007373, 0.999884, -0.105363, 0.086020, 0.996257, 0.008492, 0.019064, 0.000000, 0.000000, 0.000000, 1.000000
-19.6826, 50.4533, -0.0561, 217.4394, 239.4394, -50.4536, 200.0600, 11.0552, -105.3654, 19.0640, 0.955617, -0.013044, -0.294322, 0.050453, -0.007345, 0.997654, -0.068062, -0.000056, 0.294520, 0.067203, 0.953280, 0.217439, 0.000000, 0.000000, 0.000000, 1.000000, 0.294521, 0.066884, 0.953302, 0.239439, -0.955618, 0.013044, 0.294321, -0.050454, 0.007251, -0.997675, 0.067757, 0.200060, 0.000000, 0.000000, 0.000000, 1.000000, -0.996205, 0.086119, -0.012629, 0.011055, -0.013316, -0.007410, 0.999884, -0.105365, 0.086016, 0.996257, 0.008528, 0.019064, 0.000000, 0.000000, 0.000000, 1.000000
-19.6666, 50.4378, -0.0502, 217.4380, 239.4379, -50.4381, 200.0539, 11.0411, -105.3673, 19.0635, 0.955699, -0.013036, -0.294057, 0.050438, -0.007329, 0.997655, -0.068046, -0.000050, 0.294255, 0.067187, 0.953362, 0.217438, 0.000000, 0.000000, 0.000000, 1.000000, 0.294256, 0.066867, 0.953385, 0.239438, -0.955699, 0.013036, 0.294056, -0.050438, 0.007234, -0.997677, 0.067741, 0.200054, 0.000000, 0.000000, 0.000000, 1.000000, -0.996205, 0.086117, -0.012627, 0.011041, -0.013317, -0.007434, 0.999884, -0.105367, 0.086013, 0.996257, 0.008553, 0.019064, 0.000000, 0.000000, 0.000000, 1.000000
-19.6508, 50.4227, -0.0458, 217.4358, 239.4357, -50.4230, 200.0494, 11.0270, -105.3693, 19.0628, 0.955780, -0.013030, -0.293794, 0.050423, -0.007312, 0.997656, -0.068035, -0.000046, 0.293992, 0.067175, 0.953444, 0.217436, 0.000000, 0.000000, 0.000000, 1.000000, 0.293993, 0.066855, 0.953467, 0.239436, -0.955780, 0.013030, 0.293793, -0.050423, 0.007218, -0.997678, 0.067729, 0.200049, 0.000000, 0.000000, 0.000000, 1.000000, -0.996205, 0.086114, -0.012626, 0.011027, -0.013317, -0.007458, 0.999884, -0.105369, 0.086010, 0.996257, 0.008577, 0.019063, 0.000000, 0.000000, 0.000000, 1.000000
-19.6430, 50.4153, -0.0442, 217.4345, 239.4344, -50.4156, 200.0478, 11.0200, -105.3704, 19.0624, 0.955820, -0.013028, -0.293663, 0.050415, -0.007304, 0.997656, -0.068032, -0.000044, 0.293861, 0.067171, 0.953485, 0.217434, 0.000000, 0.000000, 0.000000, 1.000000, 0.293862, 0.066850, 0.953507, 0.239434, -0.955821, 0.013028, 0.293662, -0.050416, 0.007209, -0.997678, 0.067725, 0.200048, 0.000000, 0.000000, 0.000000, 1.000000, -0.996205, 0.086113, -0.012626, 0.011020, -0.013318, -0.007470, 0.999883, -0.105370, 0.086008, 0.996257, 0.008588, 0.019062, 0.000000, 0.000000, 0.000000, 1.000000
-19.6274, 50.4008, -0.0421, 217.4314, 239.4313, -50.4011, 200.0455, 11.0061, -105.3728, 19.0614, 0.955900, -0.013025, -0.293403, 0.050401, -0.007287, 0.997657, -0.068027, -0.000042, 0.293602, 0.067165, 0.953565, 0.217431, 0.000000, 0.000000, 0.000000, 1.000000, 0.293603, 0.066844, 0.953588, 0.239431, -0.955901, 0.013025, 0.293402, -0.050401, 0.007192, -0.997678, 0.067720, 0.200045, 0.000000, 0.000000, 0.000000, 1.000000, -0.996206, 0.086110, -0.012625, 0.011006, -0.013319, -0.007494, 0.999883, -0.105373, 0.086006, 0.996257, 0.008612, 0.019061, 0.000000, 0.000000, 0.000000, 1.000000
-19.6197, 50.3937, -0.0415, 217.4296, 239.4295, -50.3940, 200.0449, 10.9991, -105.3741, 19.0608, 0.955940, -0.013024, -0.293274, 0.050394, -0.007278, 0.997657, -0.068026, -0.000042, 0.293473, 0.067163, 0.953605, 0.217430, 0.000000, 0.000000, 0.000000, 1.000000, 0.293474, 0.066842, 0.953627, 0.239429, -0.955940, 0.013023, 0.293272, -0.050394, 0.007183, -0.997679, 0.067719, 0.200045, 0.000000, 0.000000, 0.000000, 1.000000, -0.996206, 0.086109, -0.012624, 0.010999, -0.013319, -0.007506, 0.999883, -0.105374, 0.086004, 0.996257, 0.008624, 0.019061, 0.000000, 0.000000, 0.000000, 1.000000
-19.6043, 50.3798, -0.0414, 217.4256, 239.4255, -50.3801, 200.0447, 10.9853, -105.3767, 19.0595, 0.956018, -0.013023, -0.293017, 0.050380, -0.007261, 0.997657, -0.068028, -0.000041, 0.293217, 0.067163, 0.953684, 0.217426, 0.000000, 0.000000, 0.000000, 1.000000, 0.293218, 0.066841, 0.953706, 0.239425, -0.956019, 0.013022, 0.293016, -0.050380, 0.007166, -0.997679, 0.067720, 0.200045, 0.000000, 0.000000, 0.000000, 1.000000, -0.996206, 0.086106, -0.012623, 0.010985, -0.013320, -0.007529, 0.999883, -0.105377, 0.086001, 0.996257, 0.008648, 0.019060, 0.000000, 0.000000, 0.000000, 1.000000
-19.5967, 50.3730, -0.0418, 217.4234, 239.4233, -50.3733, 200.0450, 10.9785, -105.3781, 19.0588, 0.956057, -0.013023, -0.292891, 0.050373, -0.007252, 0.997657, -0.068030, -0.000042, 0.293090, 0.067164, 0.953723, 0.217423, 0.000000, 0.000000, 0.000000, 1.000000, 0.293091, 0.066842, 0.953745, 0.239423, -0.956058, 0.013022, 0.292889, -0.050373, 0.007157, -0.997679, 0.067721, 0.200045, 0.000000, 0.000000, 0.000000, 1.000000, -0.996206, 0.086105, -0.012622, 0.010978, -0.013321, -0.007541, 0.999883, -0.105378, 0.086000, 0.996258, 0.008659, 0.019059, 0.000000, 0.000000, 0.000000, 1.000000
-19.5817, 50.3598, -0.0435, 217.4187, 239.4186, -50.3601, 200.0465, 10.9649, -105.3809, 19.0573, 0.956134, -0.013024, -0.292640, 0.050360, -0.007234, 0.997657, -0.068036, -0.000043, 0.292840, 0.067169, 0.953799, 0.217419, 0.000000, 0.000000, 0.000000, 1.000000, 0.292841, 0.066846, 0.953822, 0.239419, -0.956134, 0.013023, 0.292638, -0.050360, 0.007140, -0.997678, 0.067727, 0.200047, 0.000000, 0.000000, 0.000000, 1.000000, -0.996206, 0.086103, -0.012621, 0.010965, -0.013322, -0.007564, 0.999883, -0.105381, 0.085997, 0.996258, 0.008682, 0.019057, 0.000000, 0.000000, 0.000000, 1.000000
-19.5743, 50.3533, -0.0447, 217.4162, 239.4161, -50.3536, 200.0477, 10.9582, -105.3824, 19.0566, 0.956172, -0.013025, -0.292516, 0.050353, -0.007226, 0.997656, -0.068041, -0.000045, 0.292717, 0.067172, 0.953837, 0.217416, 0.000000, 0.000000, 0.000000, 1.000000, 0.292718, 0.066849, 0.953859, 0.239416, -0.956172, 0.013024, 0.292515, -0.050354, 0.007131, -0.997678, 0.067732, 0.200048, 0.000000, 0.000000, 0.000000, 1.000000, -0.996206, 0.086102, -0.012621, 0.010958, -0.013322, -0.007575, 0.999883, -0.105382, 0.085996, 0.996258, 0.008694, 0.019057, 0.000000, 0.000000, 0.000000, 1.000000
-19.5597, 50.3406, -0.0478, 217.4109, 239.4108, -50.3409, 200.0507, 10.9449, -105.3853, 19.0549, 0.956247, -0.013027, -0.292272, 0.050341, -0.007208, 0.997656, -0.068051, -0.000048, 0.292473, 0.067181, 0.953911, 0.217411, 0.000000, 0.000000, 0.000000, 1.000000, 0.292474, 0.066857, 0.953933, 0.239411, -0.956247, 0.013027, 0.292270, -0.050341, 0.007113, -0.997678, 0.067742, 0.200051, 0.000000, 0.000000, 0.000000, 1.000000, -0.996207, 0.086099, -0.012620, 0.010945, -0.013323, -0.007598, 0.999882, -0.105385, 0.085993, 0.996258, 0.008716, 0.019055, 0.000000, 0.000000, 0.000000, 1.000000
-19.5454, 50.3284, -0.0518, 217.4053, 239.4052, -50.3287, 200.0546, 10.9319, -105.3884, 19.0532, 0.956320, -0.013031, -0.292032, 0.050328, -0.007191, 0.997655, -0.068065, -0.000052, 0.292234, 0.067191, 0.953983, 0.217405, 0.000000, 0.000000, 0.000000, 1.000000, 0.292235, 0.066867, 0.954006, 0.239405, -0.956320, 0.013031, 0.292031, -0.050329, 0.007096, -0.997677, 0.067755, 0.200055, 0.000000, 0.000000, 0.000000, 1.000000, -0.996207, 0.086097, -0.012619, 0.010932, -0.013324, -0.007620, 0.999882, -0.105388, 0.085991, 0.996258, 0.008738, 0.019053, 0.000000, 0.000000, 0.000000, 1.000000
-19.5314, 50.3166, -0.0564, 217.3994, 239.3993, -50.3169, 200.0592, 10.9191, -105.3915, 19.0514, 0.956391, -0.013036, -0.291798, 0.050317, -0.007173, 0.997654, -0.068080, -0.000056, 0.292001, 0.067204, 0.954054, 0.217399, 0.000000, 0.000000, 0.000000, 1.000000, 0.292002, 0.066880, 0.954077, 0.239399, -0.956392, 0.013036, 0.291796, -0.050317, 0.007078, -0.997676, 0.067769, 0.200059, 0.000000, 0.000000, 0.000000, 1.000000, -0.996207, 0.086095, -0.012618, 0.010919, -0.013325, -0.007641, 0.999882, -0.105392, 0.085988, 0.996258, 0.008760, 0.019051, 0.000000, 0.000000, 0.000000, 1.000000
-19.5246, 50.3108, -0.0590, 217.3964, 239.3963, -50.3111, 200.0617, 10.9128, -105.3931, 19.0504, 0.956426, -0.013038, -0.291682, 0.050311, -0.007165, 0.997654, -0.068088, -0.000059, 0.291886, 0.067211, 0.954089, 0.217396, 0.000000, 0.000000, 0.000000, 1.000000, 0.291887, 0.066886, 0.954111, 0.239396, -0.956427, 0.013038, 0.291681, -0.050311, 0.007070, -0.997675, 0.067777, 0.200062, 0.000000, 0.000000, 0.000000, 1.000000, -0.996207, 0.086094, -0.012618, 0.010913, -0.013326, -0.007652, 0.999882, -0.105393, 0.085987, 0.996258, 0.008770, 0.019050, 0.000000, 0.000000, 0.000000, 1.000000
-19.5111, 50.2996, -0.0644, 217.3903, 239.3902, -50.2999, 200.0670, 10.9005, -105.3962, 19.0486, 0.956495, -0.013044, -0.291456, 0.050300, -0.007148, 0.997653, -0.068106, -0.000064, 0.291660, 0.067226, 0.954157, 0.217390, 0.000000, 0.000000, 0.000000, 1.000000, 0.291661, 0.066901, 0.954179, 0.239390, -0.956496, 0.013044, 0.291455, -0.050300, 0.007052, -0.997674, 0.067795, 0.200067, 0.000000, 0.000000, 0.000000, 1.000000, -0.996207, 0.086092, -0.012617, 0.010900, -0.013327, -0.007673, 0.999882, -0.105396, 0.085985, 0.996258, 0.008791, 0.019049, 0.000000, 0.000000, 0.000000, 1.000000
-19.5044, 50.2941, -0.0673, 217.3872, 239.3871, -50.2944, 200.0699, 10.8944, -105.3978, 19.0476, 0.956529, -0.013047, -0.291345, 0.050294, -0.007139, 0.997652, -0.068115, -0.000067, 0.291550, 0.067234, 0.954190, 0.217387, 0.000000, 0.000000, 0.000000, 1.000000, 0.291551, 0.066908, 0.954212, 0.239387, -0.956529, 0.013047, 0.291344, -0.050294, 0.007044, -0.997674, 0.067804, 0.200070, 0.000000, 0.000000, 0.000000, 1.000000, -0.996207, 0.086090, -0.012617, 0.010894, -0.013327, -0.007683, 0.999882, -0.105398, 0.085983, 0.996258, 0.008802, 0.019048, 0.000000, 0.000000, 0.000000, 1.000000
-19.4915, 50.2834, -0.0733, 217.3810, 239.3809, -50.2838, 200.0758, 10.8824, -105.4009, 19.0457, 0.956595, -0.013053, -0.291127, 0.050283, -0.007122, 0.997651, -0.068134, -0.000073, 0.291333, 0.067250, 0.954255, 0.217381, 0.000000, 0.000000, 0.000000, 1.000000, 0.291334, 0.066924, 0.954278, 0.239381, -0.956596, 0.013053, 0.291126, -0.050284, 0.007027, -0.997673, 0.067822, 0.200076, 0.000000, 0.000000, 0.000000, 1.000000, -0.996208, 0.086088, -0.012616, 0.010882, -0.013328, -0.007703, 0.999881, -0.105401, 0.085981, 0.996258, 0.008822, 0.019046, 0.000000, 0.000000, 0.000000, 1.000000
-19.4851, 50.2782, -0.0764, 217.3779, 239.3778, -50.2786, 200.0789, 10.8766, -105.4025, 19.0448, 0.956628, -0.013056, -0.291021, 0.050278, -0.007114, 0.997650, -0.068144, -0.000076, 0.291226, 0.067258, 0.954287, 0.217378, 0.000000, 0.000000, 0.000000, 1.000000, 0.291227, 0.066933, 0.954310, 0.239378, -0.956628, 0.013056, 0.291019, -0.050279, 0.007019, -0.997672, 0.067832, 0.200079, 0.000000, 0.000000, 0.000000, 1.000000, -0.996208, 0.086087, -0.012616, 0.010877, -0.013329, -0.007713, 0.999881, -0.105402, 0.085980, 0.996258, 0.008831, 0.019045, 0.000000, 0.000000, 0.000000, 1.000000
-19.4726, 50.2681, -0.0827, 217.3716, 239.3716, -50.2684, 200.0851, 10.8651, -105.4055, 19.0429, 0.956691, -0.013063, -0.290812, 0.050268, -0.007098, 0.997649, -0.068163, -0.000083, 0.291018, 0.067275, 0.954349, 0.217372, 0.000000, 0.000000, 0.000000, 1.000000, 0.291019, 0.066949, 0.954372, 0.239372, -0.956692, 0.013063, 0.290810, -0.050268, 0.007003, -0.997671, 0.067851, 0.200085, 0.000000, 0.000000, 0.000000, 1.000000, -0.996208, 0.086085, -0.012615, 0.010865, -0.013330, -0.007733, 0.999881, -0.105406, 0.085978, 0.996258, 0.008851, 0.019043, 0.000000, 0.000000, 0.000000, 1.000000
-19.4488, 50.2488, -0.0953, 217.3594, 239.3593, -50.2491, 200.0976, 10.8431, -105.4115, 19.0391, 0.956812, -0.013077, -0.290412, 0.050249, -0.007066, 0.997646, -0.068203, -0.000095, 0.290620, 0.067310, 0.954468, 0.217359, 0.000000, 0.000000, 0.000000, 1.000000, 0.290621, 0.066983, 0.954491, 0.239359, -0.956813, 0.013077, 0.290410, -0.050249, 0.006971, -0.997668, 0.067891, 0.200098, 0.000000, 0.000000, 0.000000, 1.000000, -0.996208, 0.086082, -0.012614, 0.010843, -0.013332, -0.007770, 0.999881, -0.105412, 0.085973, 0.996258, 0.008888, 0.019039, 0.000000, 0.000000, 0.000000, 1.000000
-19.4431, 50.2442, -0.0984, 217.3564, 239.3564, -50.2445, 200.1007, 10.8378, -105.4130, 19.0382, 0.956842, -0.013080, -0.290316, 0.050244, -0.007059, 0.997646, -0.068213, -0.000098, 0.290524, 0.067318, 0.954497, 0.217356, 0.000000, 0.000000, 0.000000, 1.000000, 0.290525, 0.066991, 0.954519, 0.239356, -0.956842, 0.013080, 0.290314, -0.050245, 0.006964, -0.997668, 0.067900, 0.200101, 0.000000, 0.000000, 0.000000, 1.000000, -0.996208, 0.086081, -0.012614, 0.010838, -0.013332, -0.007779, 0.999881, -0.105413, 0.085972, 0.996258, 0.008897, 0.019038, 0.000000, 0.000000, 0.000000, 1.000000
-19.4319, 50.2352, -0.1045, 217.3506, 239.3505, -50.2356, 200.1067, 10.8276, -105.4158, 19.0365, 0.956898, -0.013087, -0.290129, 0.050235, -0.007044, 0.997645, -0.068232, -0.000105, 0.290338, 0.067335, 0.954552, 0.217351, 0.000000, 0.000000, 0.000000, 1.000000, 0.290339, 0.067008, 0.954575, 0.239351, -0.956899, 0.013087, 0.290127, -0.050236, 0.006949, -0.997667, 0.067919, 0.200107, 0.000000, 0.000000, 0.000000, 1.000000, -0.996208, 0.086079, -0.012613, 0.010828, -0.013333, -0.007796, 0.999881, -0.105416, 0.085970, 0.996258, 0.008914, 0.019036, 0.000000, 0.000000, 0.000000, 1.000000
-19.4265, 50.2309, -0.1075, 217.3478, 239.3477, -50.2312, 200.1096, 10.8225, -105.4171, 19.0356, 0.956926, -0.013090, -0.290037, 0.050231, -0.007037, 0.997644, -0.068241, -0.000107, 0.290247, 0.067343, 0.954579, 0.217348, 0.000000, 0.000000, 0.000000, 1.000000, 0.290248, 0.067016, 0.954602, 0.239348, -0.956926, 0.013090, 0.290036, -0.050231, 0.006941, -0.997666, 0.067928, 0.200110, 0.000000, 0.000000, 0.000000, 1.000000, -0.996209, 0.086078, -0.012613, 0.010823, -0.013334, -0.007804, 0.999881, -0.105417, 0.085969, 0.996258, 0.008922, 0.019036, 0.000000, 0.000000, 0.000000, 1.000000
-19.4158, 50.2223, -0.1132, 217.3422, 239.3422, -50.2226, 200.1153, 10.8127, -105.4198, 19.0339, 0.956980, -0.013096, -0.289859, 0.050222, -0.007022, 0.997643, -0.068259, -0.000113, 0.290070, 0.067358, 0.954632, 0.217342, 0.000000, 0.000000, 0.000000, 1.000000, 0.290071, 0.067031, 0.954655, 0.239342, -0.956980, 0.013096, 0.289858, -0.050223, 0.006927, -0.997665, 0.067946, 0.200115, 0.000000, 0.000000, 0.000000, 1.000000, -0.996209, 0.086076, -0.012612, 0.010813, -0.013334, -0.007821, 0.999881, -0.105420, 0.085968, 0.996258, 0.008939, 0.019034, 0.000000, 0.000000, 0.000000, 1.000000
-19.4106, 50.2181, -0.1159, 217.3396, 239.3395, -50.2184, 200.1180, 10.8079, -105.4211, 19.0331, 0.957006, -0.013099, -0.289772, 0.050218, -0.007016, 0.997642, -0.068268, -0.000116, 0.289983, 0.067366, 0.954658, 0.217340, 0.000000, 0.000000, 0.000000, 1.000000, 0.289984, 0.067038, 0.954681, 0.239340, -0.957006, 0.013099, 0.289771, -0.050218, 0.006920, -0.997664, 0.067955, 0.200118, 0.000000, 0.000000, 0.000000, 1.000000, -0.996209, 0.086076, -0.012612, 0.010808, -0.013335, -0.007829, 0.999880, -0.105421, 0.085967, 0.996258, 0.008947, 0.019033, 0.000000, 0.000000, 0.000000, 1.000000
-19.4005, 50.2099, -0.1211, 217.3344, 239.3343, -50.2102, 200.1232, 10.7986, -105.4236, 19.0316, 0.957057, -0.013105, -0.289602, 0.050210, -0.007002, 0.997641, -0.068285, -0.000121, 0.289814, 0.067380, 0.954708, 0.217334, 0.000000, 0.000000, 0.000000, 1.000000, 0.289815, 0.067052, 0.954731, 0.239334, -0.957058, 0.013105, 0.289601, -0.050210, 0.006907, -0.997663, 0.067971, 0.200123, 0.000000, 0.000000, 0.000000, 1.000000, -0.996209, 0.086074, -0.012611, 0.010799, -0.013336, -0.007845, 0.999880, -0.105424, 0.085965, 0.996258, 0.008963, 0.019032, 0.000000, 0.000000, 0.000000, 1.000000
-19.3906, 50.2018, -0.1260, 217.3295, 239.3294, -50.2021, 200.1280, 10.7895, -105.4260, 19.0301, 0.957107, -0.013110, -0.289437, 0.050202, -0.006989, 0.997640, -0.068300, -0.000126, 0.289649, 0.067393, 0.954757, 0.217329, 0.000000, 0.000000, 0.000000, 1.000000, 0.289650, 0.067065, 0.954780, 0.239329, -0.957108, 0.013110, 0.289436, -0.050202, 0.006894, -0.997662, 0.067986, 0.200128, 0.000000, 0.000000, 0.000000, 1.000000, -0.996209, 0.086072, -0.012611, 0.010789, -0.013336, -0.007860, 0.999880, -0.105426, 0.085963, 0.996258, 0.008978, 0.019030, 0.000000, 0.000000, 0.000000, 1.000000
