# Joint_6_Angle(deg), Cam_X(mm), Cam_Y(mm), Cam_Z(mm), Torso_X(mm), Torso_Y(mm), Torso_Z(mm), EE_X(mm), EE_Y(mm), EE_Z(mm), T_cam2marker_flat(16), T_torso2marker_flat(16), T_ee2marker_flat(16)
-19.9992, 16.4176, -18.2888, 250.1711, 272.1785, -16.4181, 218.2608, 11.2165, 101.2962, 15.1830, 0.946196, -0.093555, -0.309775, 0.016418, 0.121034, 0.990130, 0.070663, -0.018289, 0.300107, -0.104354, 0.948180, 0.250171, 0.000000, 0.000000, 0.000000, 1.000000, 0.300056, -0.104755, 0.948152, 0.272179, -0.946197, 0.093555, 0.309773, -0.016418, -0.121155, -0.990088, -0.071047, 0.218261, 0.000000, 0.000000, 0.000000, 1.000000, 0.994689, -0.070915, 0.074600, 0.011216, 0.075326, 0.007618, -0.997130, 0.101296, 0.070144, 0.997453, 0.012919, 0.015183, 0.000000, 0.000000, 0.000000, 1.000000
-19.9995, 16.4192, -18.2807, 250.1750, 272.1824, -16.4196, 218.2528, 11.2172, 101.2954, 15.1838, 0.946194, -0.093563, -0.309780, 0.016419, 0.121047, 0.990127, 0.070679, -0.018281, 0.300109, -0.104374, 0.948178, 0.250175, 0.000000, 0.000000, 0.000000, 1.000000, 0.300058, -0.104775, 0.948150, 0.272182, -0.946194, 0.093563, 0.309778, -0.016420, -0.121169, -0.990085, -0.071063, 0.218253, 0.000000, 0.000000, 0.000000, 1.000000, 0.994689, -0.070916, 0.074600, 0.011217, 0.075326, 0.007618, -0.997130, 0.101295, 0.070144, 0.997453, 0.012919, 0.015184, 0.000000, 0.000000, 0.000000, 1.000000
-19.9997, 16.4204, -18.2742, 250.1781, 272.1854, -16.4209, 218.2465, 11.2177, 101.2947, 15.1844, 0.946191, -0.093569, -0.309785, 0.016420, 0.121058, 0.990125, 0.070691, -0.018274, 0.300111, -0.104389, 0.948175, 0.250178, 0.000000, 0.000000, 0.000000, 1.000000, 0.300060, -0.104790, 0.948147, 0.272185, -0.946192, 0.093570, 0.309783, -0.016421, -0.121180, -0.990083, -0.071075, 0.218246, 0.000000, 0.000000, 0.000000, 1.000000, 0.994689, -0.070916, 0.074600, 0.011218, 0.075326, 0.007617, -0.997130, 0.101295, 0.070144, 0.997453, 0.012918, 0.015184, 0.000000, 0.000000, 0.000000, 1.000000
-20.0001, 16.4219, -18.2672, 250.1814, 272.1888, -16.4224, 218.2397, 11.2182, 101.2941, 15.1850, 0.946189, -0.093576, -0.309791, 0.016422, 0.121071, 0.990123, 0.070705, -0.018267, 0.300115, -0.104406, 0.948172, 0.250181, 0.000000, 0.000000, 0.000000, 1.000000, 0.300065, -0.104806, 0.948144, 0.272189, -0.946189, 0.093577, 0.309790, -0.016422, -0.121192, -0.990080, -0.071087, 0.218240, 0.000000, 0.000000, 0.000000, 1.000000, 0.994689, -0.070916, 0.074600, 0.011218, 0.075326, 0.007616, -0.997130, 0.101294, 0.070144, 0.997453, 0.012918, 0.015185, 0.000000, 0.000000, 0.000000, 1.000000
-19.9988, 16.4212, -18.2654, 250.1819, 272.1892, -16.4216, 218.2384, 11.2194, 101.2935, 15.1851, 0.946195, -0.093578, -0.309771, 0.016421, 0.121073, 0.990122, 0.070712, -0.018265, 0.300093, -0.104412, 0.948178, 0.250182, 0.000000, 0.000000, 0.000000, 1.000000, 0.300043, -0.104809, 0.948150, 0.272189, -0.946196, 0.093578, 0.309769, -0.016422, -0.121193, -0.990080, -0.071092, 0.218238, 0.000000, 0.000000, 0.000000, 1.000000, 0.994689, -0.070916, 0.074600, 0.011219, 0.075326, 0.007618, -0.997130, 0.101293, 0.070144, 0.997453, 0.012919, 0.015185, 0.000000, 0.000000, 0.000000, 1.000000
-19.9970, 16.4193, -18.2675, 250.1805, 272.1878, -16.4197, 218.2407, 11.2207, 101.2932, 15.1849, 0.946205, -0.093576, -0.309741, 0.016419, 0.121067, 0.990122, 0.070712, -0.018267, 0.300065, -0.104408, 0.948188, 0.250181, 0.000000, 0.000000, 0.000000, 1.000000, 0.300014, -0.104804, 0.948160, 0.272188, -0.946206, 0.093576, 0.309739, -0.016420, -0.121187, -0.990081, -0.071092, 0.218241, 0.000000, 0.000000, 0.000000, 1.000000, 0.994689, -0.070915, 0.074600, 0.011221, 0.075326, 0.007620, -0.997130, 0.101293, 0.070143, 0.997453, 0.012922, 0.015185, 0.000000, 0.000000, 0.000000, 1.000000
-19.9953, 16.4174, -18.2693, 250.1792, 272.1865, -16.4179, 218.2427, 11.2219, 101.2930, 15.1846, 0.946215, -0.093574, -0.309713, 0.016417, 0.121062, 0.990123, 0.070713, -0.018269, 0.300037, -0.104404, 0.948197, 0.250179, 0.000000, 0.000000, 0.000000, 1.000000, 0.299986, -0.104800, 0.948169, 0.272186, -0.946215, 0.093575, 0.309711, -0.016418, -0.121182, -0.990081, -0.071092, 0.218243, 0.000000, 0.000000, 0.000000, 1.000000, 0.994689, -0.070915, 0.074600, 0.011222, 0.075326, 0.007622, -0.997130, 0.101293, 0.070143, 0.997453, 0.012924, 0.015185, 0.000000, 0.000000, 0.000000, 1.000000
-19.9931, 16.4151, -18.2716, 250.1776, 272.1849, -16.4156, 218.2450, 11.2235, 101.2926, 15.1843, 0.946227, -0.093572, -0.309676, 0.016415, 0.121056, 0.990124, 0.070714, -0.018272, 0.300001, -0.104399, 0.948209, 0.250178, 0.000000, 0.000000, 0.000000, 1.000000, 0.299951, -0.104795, 0.948181, 0.272185, -0.946227, 0.093573, 0.309674, -0.016416, -0.121176, -0.990082, -0.071093, 0.218245, 0.000000, 0.000000, 0.000000, 1.000000, 0.994689, -0.070915, 0.074600, 0.011224, 0.075326, 0.007625, -0.997130, 0.101293, 0.070142, 0.997453, 0.012927, 0.015184, 0.000000, 0.000000, 0.000000, 1.000000
-19.9904, 16.4129, -18.2707, 250.1773, 272.1846, -16.4133, 218.2443, 11.2259, 101.2918, 15.1842, 0.946241, -0.093573, -0.309631, 0.016413, 0.121055, 0.990123, 0.070722, -0.018271, 0.299955, -0.104402, 0.948223, 0.250177, 0.000000, 0.000000, 0.000000, 1.000000, 0.299905, -0.104797, 0.948195, 0.272185, -0.946242, 0.093573, 0.309629, -0.016413, -0.121174, -0.990082, -0.071101, 0.218244, 0.000000, 0.000000, 0.000000, 1.000000, 0.994689, -0.070914, 0.074600, 0.011226, 0.075326, 0.007629, -0.997130, 0.101292, 0.070141, 0.997453, 0.012930, 0.015184, 0.000000, 0.000000, 0.000000, 1.000000
-19.9888, 16.4117, -18.2689, 250.1778, 272.1851, -16.4122, 218.2424, 11.2274, 101.2912, 15.1843, 0.946250, -0.093575, -0.309605, 0.016412, 0.121056, 0.990123, 0.070730, -0.018269, 0.299928, -0.104407, 0.948231, 0.250178, 0.000000, 0.000000, 0.000000, 1.000000, 0.299878, -0.104802, 0.948203, 0.272185, -0.946250, 0.093575, 0.309603, -0.016412, -0.121176, -0.990081, -0.071108, 0.218242, 0.000000, 0.000000, 0.000000, 1.000000, 0.994689, -0.070914, 0.074599, 0.011227, 0.075327, 0.007631, -0.997130, 0.101291, 0.070141, 0.997453, 0.012932, 0.015184, 0.000000, 0.000000, 0.000000, 1.000000
-19.9851, 16.4090, -18.2657, 250.1784, 272.1856, -16.4095, 218.2394, 11.2308, 101.2899, 15.1843, 0.946269, -0.093579, -0.309545, 0.016409, 0.121057, 0.990121, 0.070745, -0.018266, 0.299867, -0.104416, 0.948250, 0.250178, 0.000000, 0.000000, 0.000000, 1.000000, 0.299817, -0.104811, 0.948222, 0.272186, -0.946270, 0.093579, 0.309543, -0.016409, -0.121177, -0.990080, -0.071123, 0.218239, 0.000000, 0.000000, 0.000000, 1.000000, 0.994689, -0.070913, 0.074599, 0.011231, 0.075327, 0.007635, -0.997130, 0.101290, 0.070140, 0.997453, 0.012936, 0.015184, 0.000000, 0.000000, 0.000000, 1.000000
-19.9809, 16.4057, -18.2635, 250.1784, 272.1856, -16.4061, 218.2372, 11.2346, 101.2885, 15.1843, 0.946292, -0.093581, -0.309475, 0.016406, 0.121056, 0.990120, 0.070759, -0.018264, 0.299796, -0.104423, 0.948271, 0.250178, 0.000000, 0.000000, 0.000000, 1.000000, 0.299746, -0.104818, 0.948244, 0.272186, -0.946292, 0.093581, 0.309473, -0.016406, -0.121176, -0.990079, -0.071137, 0.218237, 0.000000, 0.000000, 0.000000, 1.000000, 0.994689, -0.070913, 0.074599, 0.011235, 0.075327, 0.007641, -0.997130, 0.101289, 0.070139, 0.997453, 0.012942, 0.015184, 0.000000, 0.000000, 0.000000, 1.000000
-19.9785, 16.4037, -18.2627, 250.1782, 272.1854, -16.4041, 218.2364, 11.2367, 101.2878, 15.1842, 0.946304, -0.093582, -0.309436, 0.016404, 0.121055, 0.990120, 0.070767, -0.018263, 0.299756, -0.104425, 0.948284, 0.250178, 0.000000, 0.000000, 0.000000, 1.000000, 0.299706, -0.104820, 0.948256, 0.272185, -0.946305, 0.093582, 0.309434, -0.016404, -0.121175, -0.990078, -0.071145, 0.218236, 0.000000, 0.000000, 0.000000, 1.000000, 0.994689, -0.070912, 0.074599, 0.011237, 0.075327, 0.007644, -0.997130, 0.101288, 0.070138, 0.997453, 0.012945, 0.015184, 0.000000, 0.000000, 0.000000, 1.000000
-19.9732, 16.3992, -18.2617, 250.1773, 272.1846, -16.3997, 218.2355, 11.2412, 101.2863, 15.1840, 0.946333, -0.093583, -0.309349, 0.016399, 0.121051, 0.990120, 0.070781, -0.018262, 0.299668, -0.104430, 0.948311, 0.250177, 0.000000, 0.000000, 0.000000, 1.000000, 0.299618, -0.104824, 0.948283, 0.272185, -0.946333, 0.093583, 0.309347, -0.016400, -0.121171, -0.990078, -0.071159, 0.218236, 0.000000, 0.000000, 0.000000, 1.000000, 0.994689, -0.070911, 0.074599, 0.011241, 0.075327, 0.007650, -0.997130, 0.101286, 0.070137, 0.997453, 0.012951, 0.015184, 0.000000, 0.000000, 0.000000, 1.000000
-19.9703, 16.3967, -18.2616, 250.1767, 272.1839, -16.3972, 218.2353, 11.2436, 101.2855, 15.1839, 0.946348, -0.093584, -0.309301, 0.016397, 0.121048, 0.990119, 0.070788, -0.018262, 0.299620, -0.104431, 0.948326, 0.250177, 0.000000, 0.000000, 0.000000, 1.000000, 0.299570, -0.104825, 0.948298, 0.272184, -0.946349, 0.093584, 0.309299, -0.016397, -0.121168, -0.990078, -0.071166, 0.218235, 0.000000, 0.000000, 0.000000, 1.000000, 0.994689, -0.070911, 0.074599, 0.011244, 0.075327, 0.007654, -0.997129, 0.101286, 0.070136, 0.997453, 0.012955, 0.015184, 0.000000, 0.000000, 0.000000, 1.000000
-19.9640, 16.3912, -18.2618, 250.1751, 272.1823, -16.3916, 218.2356, 11.2488, 101.2839, 15.1835, 0.946382, -0.093584, -0.309197, 0.016391, 0.121041, 0.990119, 0.070803, -0.018262, 0.299516, -0.104432, 0.948359, 0.250175, 0.000000, 0.000000, 0.000000, 1.000000, 0.299466, -0.104826, 0.948331, 0.272182, -0.946383, 0.093584, 0.309195, -0.016392, -0.121161, -0.990077, -0.071181, 0.218236, 0.000000, 0.000000, 0.000000, 1.000000, 0.994689, -0.070910, 0.074598, 0.011249, 0.075328, 0.007662, -0.997129, 0.101284, 0.070135, 0.997453, 0.012963, 0.015183, 0.000000, 0.000000, 0.000000, 1.000000
-19.9532, 16.3814, -18.2634, 250.1717, 272.1789, -16.3819, 218.2374, 11.2576, 101.2812, 15.1827, 0.946440, -0.093583, -0.309019, 0.016381, 0.121027, 0.990119, 0.070826, -0.018263, 0.299338, -0.104432, 0.948415, 0.250172, 0.000000, 0.000000, 0.000000, 1.000000, 0.299288, -0.104825, 0.948387, 0.272179, -0.946441, 0.093583, 0.309017, -0.016382, -0.121146, -0.990078, -0.071203, 0.218237, 0.000000, 0.000000, 0.000000, 1.000000, 0.994689, -0.070908, 0.074598, 0.011258, 0.075328, 0.007676, -0.997129, 0.101281, 0.070132, 0.997453, 0.012976, 0.015183, 0.000000, 0.000000, 0.000000, 1.000000
-19.9452, 16.3746, -18.2619, 250.1704, 272.1776, -16.3750, 218.2359, 11.2645, 101.2789, 15.1824, 0.946484, -0.093585, -0.308886, 0.016375, 0.121021, 0.990118, 0.070848, -0.018262, 0.299204, -0.104438, 0.948457, 0.250170, 0.000000, 0.000000, 0.000000, 1.000000, 0.299154, -0.104831, 0.948429, 0.272178, -0.946484, 0.093585, 0.308885, -0.016375, -0.121140, -0.990077, -0.071225, 0.218236, 0.000000, 0.000000, 0.000000, 1.000000, 0.994690, -0.070907, 0.074598, 0.011264, 0.075328, 0.007686, -0.997129, 0.101279, 0.070130, 0.997453, 0.012986, 0.015182, 0.000000, 0.000000, 0.000000, 1.000000
-19.9364, 16.3675, -18.2581, 250.1700, 272.1773, -16.3680, 218.2321, 11.2722, 101.2762, 15.1822, 0.946530, -0.093589, -0.308742, 0.016368, 0.121018, 0.990117, 0.070876, -0.018258, 0.299057, -0.104450, 0.948501, 0.250170, 0.000000, 0.000000, 0.000000, 1.000000, 0.299007, -0.104843, 0.948474, 0.272177, -0.946531, 0.093590, 0.308740, -0.016368, -0.121137, -0.990075, -0.071254, 0.218232, 0.000000, 0.000000, 0.000000, 1.000000, 0.994690, -0.070905, 0.074597, 0.011272, 0.075329, 0.007697, -0.997129, 0.101276, 0.070128, 0.997453, 0.012997, 0.015182, 0.000000, 0.000000, 0.000000, 1.000000
-19.9318, 16.3637, -18.2566, 250.1696, 272.1768, -16.3641, 218.2306, 11.2763, 101.2748, 15.1821, 0.946555, -0.093591, -0.308665, 0.016364, 0.121015, 0.990116, 0.070890, -0.018257, 0.298980, -0.104455, 0.948525, 0.250170, 0.000000, 0.000000, 0.000000, 1.000000, 0.298930, -0.104848, 0.948498, 0.272177, -0.946556, 0.093591, 0.308664, -0.016364, -0.121134, -0.990074, -0.071268, 0.218231, 0.000000, 0.000000, 0.000000, 1.000000, 0.994690, -0.070905, 0.074597, 0.011276, 0.075329, 0.007703, -0.997129, 0.101275, 0.070127, 0.997453, 0.013003, 0.015182, 0.000000, 0.000000, 0.000000, 1.000000
-19.9168, 16.3511, -18.2539, 250.1673, 272.1745, -16.3515, 218.2278, 11.2890, 101.2705, 15.1815, 0.946635, -0.093595, -0.308419, 0.016351, 0.121004, 0.990115, 0.070932, -0.018254, 0.298731, -0.104466, 0.948602, 0.250167, 0.000000, 0.000000, 0.000000, 1.000000, 0.298681, -0.104860, 0.948575, 0.272174, -0.946636, 0.093595, 0.308417, -0.016351, -0.121123, -0.990073, -0.071309, 0.218228, 0.000000, 0.000000, 0.000000, 1.000000, 0.994690, -0.070902, 0.074596, 0.011289, 0.075330, 0.007721, -0.997129, 0.101271, 0.070123, 0.997453, 0.013021, 0.015181, 0.000000, 0.000000, 0.000000, 1.000000
-19.9060, 16.3417, -18.2534, 250.1648, 272.1721, -16.3421, 218.2274, 11.2980, 101.2676, 15.1809, 0.946693, -0.093596, -0.308241, 0.016342, 0.120993, 0.990114, 0.070958, -0.018253, 0.298552, -0.104471, 0.948658, 0.250165, 0.000000, 0.000000, 0.000000, 1.000000, 0.298502, -0.104864, 0.948631, 0.272172, -0.946693, 0.093597, 0.308239, -0.016342, -0.121112, -0.990072, -0.071335, 0.218227, 0.000000, 0.000000, 0.000000, 1.000000, 0.994690, -0.070901, 0.074596, 0.011298, 0.075330, 0.007735, -0.997129, 0.101268, 0.070120, 0.997453, 0.013035, 0.015181, 0.000000, 0.000000, 0.000000, 1.000000
-19.9004, 16.3367, -18.2536, 250.1634, 272.1706, -16.3372, 218.2276, 11.3027, 101.2662, 15.1805, 0.946723, -0.093597, -0.308148, 0.016337, 0.120987, 0.990114, 0.070971, -0.018254, 0.298459, -0.104472, 0.948687, 0.250163, 0.000000, 0.000000, 0.000000, 1.000000, 0.298409, -0.104865, 0.948660, 0.272171, -0.946724, 0.093597, 0.308146, -0.016337, -0.121105, -0.990072, -0.071348, 0.218228, 0.000000, 0.000000, 0.000000, 1.000000, 0.994690, -0.070900, 0.074596, 0.011303, 0.075330, 0.007742, -0.997129, 0.101266, 0.070119, 0.997453, 0.013042, 0.015181, 0.000000, 0.000000, 0.000000, 1.000000
-19.8826, 16.3209, -18.2555, 250.1582, 272.1654, -16.3213, 218.2296, 11.3173, 101.2617, 15.1793, 0.946819, -0.093596, -0.307854, 0.016321, 0.120965, 0.990114, 0.071010, -0.018256, 0.298164, -0.104473, 0.948780, 0.250158, 0.000000, 0.000000, 0.000000, 1.000000, 0.298115, -0.104866, 0.948752, 0.272165, -0.946819, 0.093596, 0.307853, -0.016321, -0.121083, -0.990072, -0.071387, 0.218230, 0.000000, 0.000000, 0.000000, 1.000000, 0.994691, -0.070897, 0.074595, 0.011317, 0.075331, 0.007765, -0.997128, 0.101262, 0.070114, 0.997453, 0.013064, 0.015179, 0.000000, 0.000000, 0.000000, 1.000000
-19.8701, 16.3094, -18.2580, 250.1540, 272.1612, -16.3099, 218.2320, 11.3275, 101.2586, 15.1784, 0.946886, -0.093595, -0.307646, 0.016309, 0.120947, 0.990114, 0.071035, -0.018258, 0.297956, -0.104471, 0.948846, 0.250154, 0.000000, 0.000000, 0.000000, 1.000000, 0.297907, -0.104864, 0.948818, 0.272161, -0.946887, 0.093595, 0.307645, -0.016310, -0.121065, -0.990072, -0.071412, 0.218232, 0.000000, 0.000000, 0.000000, 1.000000, 0.994691, -0.070895, 0.074594, 0.011328, 0.075332, 0.007781, -0.997128, 0.101259, 0.070111, 0.997453, 0.013080, 0.015178, 0.000000, 0.000000, 0.000000, 1.000000
-19.8570, 16.2975, -18.2612, 250.1493, 272.1565, -16.2979, 218.2352, 11.3381, 101.2555, 15.1774, 0.946957, -0.093593, -0.307430, 0.016297, 0.120928, 0.990115, 0.071059, -0.018261, 0.297740, -0.104467, 0.948914, 0.250149, 0.000000, 0.000000, 0.000000, 1.000000, 0.297691, -0.104860, 0.948886, 0.272156, -0.946957, 0.093593, 0.307428, -0.016298, -0.121046, -0.990073, -0.071436, 0.218235, 0.000000, 0.000000, 0.000000, 1.000000, 0.994691, -0.070893, 0.074594, 0.011338, 0.075332, 0.007797, -0.997128, 0.101255, 0.070107, 0.997453, 0.013097, 0.015177, 0.000000, 0.000000, 0.000000, 1.000000
-19.8502, 16.2913, -18.2630, 250.1468, 272.1540, -16.2917, 218.2371, 11.3435, 101.2539, 15.1768, 0.946993, -0.093591, -0.307319, 0.016291, 0.120917, 0.990115, 0.071072, -0.018263, 0.297629, -0.104465, 0.948949, 0.250147, 0.000000, 0.000000, 0.000000, 1.000000, 0.297579, -0.104858, 0.948921, 0.272154, -0.946994, 0.093592, 0.307317, -0.016292, -0.121036, -0.990073, -0.071449, 0.218237, 0.000000, 0.000000, 0.000000, 1.000000, 0.994691, -0.070891, 0.074593, 0.011343, 0.075332, 0.007806, -0.997128, 0.101254, 0.070106, 0.997453, 0.013105, 0.015177, 0.000000, 0.000000, 0.000000, 1.000000
-19.8364, 16.2785, -18.2672, 250.1414, 272.1486, -16.2789, 218.2413, 11.3545, 101.2507, 15.1756, 0.947068, -0.093588, -0.307090, 0.016278, 0.120896, 0.990116, 0.071096, -0.018267, 0.297401, -0.104459, 0.949021, 0.250141, 0.000000, 0.000000, 0.000000, 1.000000, 0.297351, -0.104852, 0.948993, 0.272149, -0.947068, 0.093589, 0.307088, -0.016279, -0.121014, -0.990074, -0.071473, 0.218241, 0.000000, 0.000000, 0.000000, 1.000000, 0.994691, -0.070889, 0.074593, 0.011355, 0.075333, 0.007824, -0.997128, 0.101251, 0.070102, 0.997454, 0.013122, 0.015176, 0.000000, 0.000000, 0.000000, 1.000000
-19.8221, 16.2652, -18.2720, 250.1357, 272.1429, -16.2656, 218.2461, 11.3659, 101.2474, 15.1744, 0.947145, -0.093585, -0.306853, 0.016265, 0.120872, 0.990117, 0.071121, -0.018272, 0.297165, -0.104452, 0.949096, 0.250136, 0.000000, 0.000000, 0.000000, 1.000000, 0.297115, -0.104844, 0.949068, 0.272143, -0.947145, 0.093585, 0.306852, -0.016266, -0.120990, -0.990076, -0.071497, 0.218246, 0.000000, 0.000000, 0.000000, 1.000000, 0.994691, -0.070887, 0.074592, 0.011366, 0.075334, 0.007842, -0.997128, 0.101247, 0.070098, 0.997454, 0.013140, 0.015174, 0.000000, 0.000000, 0.000000, 1.000000
-19.8148, 16.2584, -18.2745, 250.1327, 272.1400, -16.2588, 218.2487, 11.3717, 101.2458, 15.1737, 0.947184, -0.093583, -0.306733, 0.016258, 0.120860, 0.990118, 0.071133, -0.018275, 0.297045, -0.104448, 0.949134, 0.250133, 0.000000, 0.000000, 0.000000, 1.000000, 0.296995, -0.104840, 0.949106, 0.272140, -0.947184, 0.093583, 0.306731, -0.016259, -0.120978, -0.990076, -0.071510, 0.218249, 0.000000, 0.000000, 0.000000, 1.000000, 0.994692, -0.070886, 0.074592, 0.011372, 0.075334, 0.007851, -0.997127, 0.101246, 0.070096, 0.997454, 0.013150, 0.015174, 0.000000, 0.000000, 0.000000, 1.000000
-19.7999, 16.2444, -18.2799, 250.1266, 272.1338, -16.2449, 218.2542, 11.3835, 101.2424, 15.1724, 0.947264, -0.093579, -0.306486, 0.016244, 0.120835, 0.990119, 0.071157, -0.018280, 0.296799, -0.104439, 0.949212, 0.250127, 0.000000, 0.000000, 0.000000, 1.000000, 0.296750, -0.104832, 0.949184, 0.272134, -0.947265, 0.093579, 0.306485, -0.016245, -0.120953, -0.990077, -0.071534, 0.218254, 0.000000, 0.000000, 0.000000, 1.000000, 0.994692, -0.070883, 0.074591, 0.011384, 0.075334, 0.007870, -0.997127, 0.101242, 0.070092, 0.997454, 0.013168, 0.015172, 0.000000, 0.000000, 0.000000, 1.000000
-19.7923, 16.2373, -18.2828, 250.1234, 272.1306, -16.2378, 218.2570, 11.3895, 101.2407, 15.1717, 0.947305, -0.093576, -0.306361, 0.016237, 0.120822, 0.990120, 0.071170, -0.018283, 0.296674, -0.104435, 0.949251, 0.250123, 0.000000, 0.000000, 0.000000, 1.000000, 0.296625, -0.104827, 0.949223, 0.272131, -0.947305, 0.093577, 0.306359, -0.016238, -0.120940, -0.990078, -0.071546, 0.218257, 0.000000, 0.000000, 0.000000, 1.000000, 0.994692, -0.070882, 0.074591, 0.011389, 0.075335, 0.007880, -0.997127, 0.101241, 0.070090, 0.997454, 0.013178, 0.015172, 0.000000, 0.000000, 0.000000, 1.000000
-19.7770, 16.2229, -18.2886, 250.1169, 272.1241, -16.2233, 218.2629, 11.4016, 101.2372, 15.1703, 0.947387, -0.093572, -0.306107, 0.016223, 0.120796, 0.990121, 0.071195, -0.018289, 0.296421, -0.104425, 0.949331, 0.250117, 0.000000, 0.000000, 0.000000, 1.000000, 0.296371, -0.104818, 0.949304, 0.272124, -0.947388, 0.093572, 0.306105, -0.016223, -0.120913, -0.990080, -0.071571, 0.218263, 0.000000, 0.000000, 0.000000, 1.000000, 0.994692, -0.070879, 0.074590, 0.011402, 0.075335, 0.007900, -0.997127, 0.101237, 0.070086, 0.997454, 0.013197, 0.015170, 0.000000, 0.000000, 0.000000, 1.000000
-19.7692, 16.2156, -18.2916, 250.1136, 272.1208, -16.2160, 218.2660, 11.4078, 101.2355, 15.1696, 0.947429, -0.093569, -0.305978, 0.016216, 0.120782, 0.990122, 0.071207, -0.018292, 0.296293, -0.104420, 0.949372, 0.250114, 0.000000, 0.000000, 0.000000, 1.000000, 0.296243, -0.104813, 0.949344, 0.272121, -0.947430, 0.093569, 0.305976, -0.016216, -0.120900, -0.990080, -0.071583, 0.218266, 0.000000, 0.000000, 0.000000, 1.000000, 0.994692, -0.070878, 0.074590, 0.011408, 0.075336, 0.007910, -0.997127, 0.101235, 0.070084, 0.997454, 0.013207, 0.015170, 0.000000, 0.000000, 0.000000, 1.000000
-19.7376, 16.1858, -18.3039, 250.1001, 272.1073, -16.1863, 218.2784, 11.4327, 101.2284, 15.1666, 0.947599, -0.093559, -0.305455, 0.016186, 0.120728, 0.990125, 0.071258, -0.018304, 0.295772, -0.104400, 0.949537, 0.250100, 0.000000, 0.000000, 0.000000, 1.000000, 0.295722, -0.104792, 0.949509, 0.272107, -0.947600, 0.093560, 0.305453, -0.016186, -0.120845, -0.990083, -0.071633, 0.218278, 0.000000, 0.000000, 0.000000, 1.000000, 0.994693, -0.070873, 0.074588, 0.011433, 0.075337, 0.007950, -0.997126, 0.101228, 0.070076, 0.997454, 0.013247, 0.015167, 0.000000, 0.000000, 0.000000, 1.000000
-19.7296, 16.1783, -18.3070, 250.0967, 272.1039, -16.1788, 218.2815, 11.4390, 101.2266, 15.1659, 0.947642, -0.093557, -0.305323, 0.016178, 0.120714, 0.990126, 0.071270, -0.018307, 0.295640, -0.104395, 0.949578, 0.250097, 0.000000, 0.000000, 0.000000, 1.000000, 0.295591, -0.104787, 0.949550, 0.272104, -0.947642, 0.093557, 0.305321, -0.016179, -0.120831, -0.990084, -0.071646, 0.218282, 0.000000, 0.000000, 0.000000, 1.000000, 0.994693, -0.070871, 0.074588, 0.011439, 0.075337, 0.007960, -0.997126, 0.101227, 0.070074, 0.997454, 0.013257, 0.015166, 0.000000, 0.000000, 0.000000, 1.000000
-19.7136, 16.1632, -18.3132, 250.0899, 272.0971, -16.1637, 218.2878, 11.4517, 101.2230, 15.1644, 0.947728, -0.093552, -0.305057, 0.016163, 0.120686, 0.990127, 0.071296, -0.018313, 0.295376, -0.104386, 0.949661, 0.250090, 0.000000, 0.000000, 0.000000, 1.000000, 0.295326, -0.104777, 0.949634, 0.272097, -0.947728, 0.093552, 0.305056, -0.016164, -0.120803, -0.990086, -0.071671, 0.218288, 0.000000, 0.000000, 0.000000, 1.000000, 0.994693, -0.070869, 0.074587, 0.011452, 0.075338, 0.007981, -0.997126, 0.101223, 0.070070, 0.997454, 0.013277, 0.015164, 0.000000, 0.000000, 0.000000, 1.000000
-19.6975, 16.1481, -18.3192, 250.0832, 272.0904, -16.1486, 218.2939, 11.4644, 101.2193, 15.1629, 0.947814, -0.093547, -0.304791, 0.016148, 0.120659, 0.990129, 0.071322, -0.018319, 0.295110, -0.104376, 0.949745, 0.250083, 0.000000, 0.000000, 0.000000, 1.000000, 0.295061, -0.104767, 0.949717, 0.272090, -0.947815, 0.093547, 0.304789, -0.016149, -0.120775, -0.990087, -0.071697, 0.218294, 0.000000, 0.000000, 0.000000, 1.000000, 0.994693, -0.070866, 0.074586, 0.011464, 0.075339, 0.008001, -0.997126, 0.101219, 0.070065, 0.997454, 0.013298, 0.015163, 0.000000, 0.000000, 0.000000, 1.000000
-19.6894, 16.1405, -18.3222, 250.0798, 272.0870, -16.1410, 218.2969, 11.4708, 101.2175, 15.1622, 0.947857, -0.093545, -0.304657, 0.016141, 0.120645, 0.990129, 0.071335, -0.018322, 0.294977, -0.104371, 0.949787, 0.250080, 0.000000, 0.000000, 0.000000, 1.000000, 0.294928, -0.104762, 0.949759, 0.272087, -0.947858, 0.093545, 0.304656, -0.016141, -0.120761, -0.990088, -0.071710, 0.218297, 0.000000, 0.000000, 0.000000, 1.000000, 0.994693, -0.070865, 0.074586, 0.011471, 0.075339, 0.008011, -0.997126, 0.101217, 0.070063, 0.997454, 0.013308, 0.015162, 0.000000, 0.000000, 0.000000, 1.000000
-19.6733, 16.1254, -18.3280, 250.0731, 272.0803, -16.1258, 218.3028, 11.4835, 101.2138, 15.1608, 0.947943, -0.093540, -0.304390, 0.016125, 0.120618, 0.990131, 0.071362, -0.018328, 0.294711, -0.104362, 0.949871, 0.250073, 0.000000, 0.000000, 0.000000, 1.000000, 0.294662, -0.104752, 0.949843, 0.272080, -0.947944, 0.093540, 0.304389, -0.016126, -0.120734, -0.990089, -0.071737, 0.218303, 0.000000, 0.000000, 0.000000, 1.000000, 0.994694, -0.070862, 0.074585, 0.011484, 0.075340, 0.008032, -0.997126, 0.101214, 0.070059, 0.997454, 0.013328, 0.015161, 0.000000, 0.000000, 0.000000, 1.000000
-19.6652, 16.1179, -18.3308, 250.0699, 272.0770, -16.1183, 218.3057, 11.4899, 101.2119, 15.1600, 0.947987, -0.093538, -0.304257, 0.016118, 0.120604, 0.990131, 0.071376, -0.018331, 0.294578, -0.104358, 0.949912, 0.250070, 0.000000, 0.000000, 0.000000, 1.000000, 0.294529, -0.104748, 0.949885, 0.272077, -0.947987, 0.093538, 0.304255, -0.016118, -0.120720, -0.990090, -0.071750, 0.218306, 0.000000, 0.000000, 0.000000, 1.000000, 0.994694, -0.070860, 0.074585, 0.011490, 0.075340, 0.008042, -0.997125, 0.101212, 0.070057, 0.997454, 0.013338, 0.015160, 0.000000, 0.000000, 0.000000, 1.000000
-19.6492, 16.1029, -18.3363, 250.0634, 272.0705, -16.1033, 218.3113, 11.5026, 101.2082, 15.1586, 0.948072, -0.093533, -0.303991, 0.016103, 0.120578, 0.990133, 0.071403, -0.018336, 0.294313, -0.104349, 0.949995, 0.250063, 0.000000, 0.000000, 0.000000, 1.000000, 0.294264, -0.104739, 0.949968, 0.272071, -0.948073, 0.093533, 0.303989, -0.016103, -0.120693, -0.990091, -0.071777, 0.218311, 0.000000, 0.000000, 0.000000, 1.000000, 0.994694, -0.070858, 0.074584, 0.011503, 0.075341, 0.008063, -0.997125, 0.101208, 0.070053, 0.997454, 0.013359, 0.015159, 0.000000, 0.000000, 0.000000, 1.000000
-19.6253, 16.0806, -18.3439, 250.0540, 272.0611, -16.0810, 218.3191, 11.5216, 101.2027, 15.1566, 0.948199, -0.093527, -0.303596, 0.016081, 0.120539, 0.990134, 0.071444, -0.018344, 0.293919, -0.104338, 0.950118, 0.250054, 0.000000, 0.000000, 0.000000, 1.000000, 0.293870, -0.104728, 0.950091, 0.272061, -0.948200, 0.093527, 0.303594, -0.016081, -0.120654, -0.990093, -0.071818, 0.218319, 0.000000, 0.000000, 0.000000, 1.000000, 0.994694, -0.070854, 0.074583, 0.011522, 0.075342, 0.008093, -0.997125, 0.101203, 0.070046, 0.997454, 0.013389, 0.015157, 0.000000, 0.000000, 0.000000, 1.000000
-19.6175, 16.0733, -18.3463, 250.0509, 272.0581, -16.0737, 218.3215, 11.5279, 101.2008, 15.1559, 0.948241, -0.093525, -0.303466, 0.016073, 0.120526, 0.990135, 0.071458, -0.018346, 0.293789, -0.104335, 0.950159, 0.250051, 0.000000, 0.000000, 0.000000, 1.000000, 0.293740, -0.104724, 0.950131, 0.272058, -0.948242, 0.093525, 0.303464, -0.016074, -0.120642, -0.990094, -0.071832, 0.218321, 0.000000, 0.000000, 0.000000, 1.000000, 0.994695, -0.070852, 0.074583, 0.011528, 0.075342, 0.008103, -0.997125, 0.101201, 0.070044, 0.997454, 0.013398, 0.015156, 0.000000, 0.000000, 0.000000, 1.000000
-19.5942, 16.0517, -18.3530, 250.0421, 272.0493, -16.0522, 218.3283, 11.5465, 101.1953, 15.1540, 0.948365, -0.093520, -0.303081, 0.016052, 0.120489, 0.990136, 0.071500, -0.018353, 0.293405, -0.104326, 0.950279, 0.250042, 0.000000, 0.000000, 0.000000, 1.000000, 0.293356, -0.104714, 0.950251, 0.272049, -0.948365, 0.093520, 0.303079, -0.016052, -0.120605, -0.990095, -0.071873, 0.218328, 0.000000, 0.000000, 0.000000, 1.000000, 0.994695, -0.070848, 0.074582, 0.011546, 0.075343, 0.008133, -0.997124, 0.101195, 0.070038, 0.997454, 0.013428, 0.015154, 0.000000, 0.000000, 0.000000, 1.000000
-19.5790, 16.0382, -18.3536, 250.0381, 272.0452, -16.0387, 218.3290, 11.5590, 101.1912, 15.1530, 0.948445, -0.093520, -0.302829, 0.016038, 0.120472, 0.990136, 0.071535, -0.018354, 0.293152, -0.104329, 0.950356, 0.250038, 0.000000, 0.000000, 0.000000, 1.000000, 0.293103, -0.104717, 0.950329, 0.272045, -0.948446, 0.093521, 0.302827, -0.016039, -0.120587, -0.990095, -0.071908, 0.218329, 0.000000, 0.000000, 0.000000, 1.000000, 0.994695, -0.070846, 0.074581, 0.011559, 0.075344, 0.008152, -0.997124, 0.101191, 0.070034, 0.997454, 0.013447, 0.015153, 0.000000, 0.000000, 0.000000, 1.000000
-19.5641, 16.0255, -18.3510, 250.0357, 272.0428, -16.0259, 218.3264, 11.5718, 101.1869, 15.1524, 0.948524, -0.093524, -0.302582, 0.016025, 0.120460, 0.990135, 0.071576, -0.018351, 0.292903, -0.104340, 0.950432, 0.250036, 0.000000, 0.000000, 0.000000, 1.000000, 0.292854, -0.104728, 0.950404, 0.272043, -0.948524, 0.093524, 0.302580, -0.016026, -0.120574, -0.990094, -0.071948, 0.218326, 0.000000, 0.000000, 0.000000, 1.000000, 0.994695, -0.070843, 0.074580, 0.011572, 0.075344, 0.008171, -0.997124, 0.101187, 0.070030, 0.997454, 0.013465, 0.015152, 0.000000, 0.000000, 0.000000, 1.000000
-19.5567, 16.0192, -18.3497, 250.0345, 272.0416, -16.0196, 218.3251, 11.5780, 101.1848, 15.1521, 0.948563, -0.093526, -0.302460, 0.016019, 0.120454, 0.990134, 0.071596, -0.018350, 0.292780, -0.104345, 0.950469, 0.250034, 0.000000, 0.000000, 0.000000, 1.000000, 0.292731, -0.104733, 0.950442, 0.272042, -0.948563, 0.093526, 0.302458, -0.016020, -0.120568, -0.990093, -0.071968, 0.218325, 0.000000, 0.000000, 0.000000, 1.000000, 0.994696, -0.070842, 0.074580, 0.011578, 0.075345, 0.008180, -0.997124, 0.101185, 0.070028, 0.997454, 0.013474, 0.015152, 0.000000, 0.000000, 0.000000, 1.000000
-19.5422, 16.0068, -18.3475, 250.0320, 272.0391, -16.0072, 218.3230, 11.5903, 101.1806, 15.1515, 0.948639, -0.093529, -0.302220, 0.016007, 0.120441, 0.990133, 0.071635, -0.018348, 0.292538, -0.104355, 0.950543, 0.250032, 0.000000, 0.000000, 0.000000, 1.000000, 0.292489, -0.104743, 0.950515, 0.272039, -0.948639, 0.093529, 0.302218, -0.016007, -0.120556, -0.990092, -0.072007, 0.218323, 0.000000, 0.000000, 0.000000, 1.000000, 0.994696, -0.070840, 0.074579, 0.011590, 0.075345, 0.008199, -0.997124, 0.101181, 0.070024, 0.997454, 0.013493, 0.015151, 0.000000, 0.000000, 0.000000, 1.000000
-19.5210, 15.9886, -18.3449, 250.0281, 272.0352, -15.9890, 218.3204, 11.6082, 101.1746, 15.1505, 0.948750, -0.093533, -0.301870, 0.015989, 0.120422, 0.990131, 0.071690, -0.018345, 0.292185, -0.104368, 0.950650, 0.250028, 0.000000, 0.000000, 0.000000, 1.000000, 0.292136, -0.104756, 0.950622, 0.272035, -0.948750, 0.093533, 0.301868, -0.015989, -0.120537, -0.990090, -0.072063, 0.218320, 0.000000, 0.000000, 0.000000, 1.000000, 0.994696, -0.070836, 0.074578, 0.011608, 0.075346, 0.008225, -0.997124, 0.101175, 0.070019, 0.997454, 0.013519, 0.015150, 0.000000, 0.000000, 0.000000, 1.000000
-19.5142, 15.9826, -18.3442, 250.0267, 272.0339, -15.9831, 218.3197, 11.6140, 101.1727, 15.1501, 0.948786, -0.093534, -0.301756, 0.015983, 0.120416, 0.990130, 0.071708, -0.018344, 0.292070, -0.104372, 0.950685, 0.250027, 0.000000, 0.000000, 0.000000, 1.000000, 0.292022, -0.104759, 0.950657, 0.272034, -0.948786, 0.093534, 0.301754, -0.015983, -0.120530, -0.990089, -0.072080, 0.218320, 0.000000, 0.000000, 0.000000, 1.000000, 0.994696, -0.070835, 0.074578, 0.011614, 0.075347, 0.008234, -0.997123, 0.101173, 0.070017, 0.997454, 0.013528, 0.015150, 0.000000, 0.000000, 0.000000, 1.000000
-19.4940, 15.9668, -18.3327, 250.0272, 272.0344, -15.9672, 218.3082, 11.6320, 101.1660, 15.1500, 0.948891, -0.093547, -0.301423, 0.015967, 0.120413, 0.990126, 0.071779, -0.018333, 0.291732, -0.104405, 0.950785, 0.250027, 0.000000, 0.000000, 0.000000, 1.000000, 0.291683, -0.104793, 0.950757, 0.272034, -0.948891, 0.093547, 0.301421, -0.015967, -0.120527, -0.990085, -0.072151, 0.218308, 0.000000, 0.000000, 0.000000, 1.000000, 0.994697, -0.070831, 0.074577, 0.011632, 0.075347, 0.008259, -0.997123, 0.101166, 0.070012, 0.997454, 0.013552, 0.015150, 0.000000, 0.000000, 0.000000, 1.000000
-19.4875, 15.9621, -18.3261, 250.0288, 272.0359, -15.9626, 218.3015, 11.6382, 101.1635, 15.1502, 0.948924, -0.093554, -0.301316, 0.015962, 0.120417, 0.990123, 0.071808, -0.018326, 0.291622, -0.104423, 0.950817, 0.250029, 0.000000, 0.000000, 0.000000, 1.000000, 0.291573, -0.104812, 0.950789, 0.272036, -0.948924, 0.093554, 0.301314, -0.015963, -0.120531, -0.990082, -0.072180, 0.218301, 0.000000, 0.000000, 0.000000, 1.000000, 0.994697, -0.070830, 0.074577, 0.011638, 0.075348, 0.008267, -0.997123, 0.101164, 0.070010, 0.997454, 0.013560, 0.015150, 0.000000, 0.000000, 0.000000, 1.000000
-19.4748, 15.9529, -18.3141, 250.0313, 272.0385, -15.9533, 218.2894, 11.6501, 101.1588, 15.1505, 0.948990, -0.093566, -0.301105, 0.015953, 0.120423, 0.990118, 0.071862, -0.018314, 0.291406, -0.104456, 0.950879, 0.250031, 0.000000, 0.000000, 0.000000, 1.000000, 0.291357, -0.104845, 0.950852, 0.272038, -0.948990, 0.093567, 0.301103, -0.015953, -0.120537, -0.990077, -0.072235, 0.218289, 0.000000, 0.000000, 0.000000, 1.000000, 0.994697, -0.070828, 0.074576, 0.011650, 0.075348, 0.008283, -0.997123, 0.101159, 0.070007, 0.997454, 0.013576, 0.015151, 0.000000, 0.000000, 0.000000, 1.000000
-19.4624, 15.9437, -18.3039, 250.0332, 272.0403, -15.9441, 218.2790, 11.6616, 101.1543, 15.1507, 0.949053, -0.093578, -0.300900, 0.015944, 0.120426, 0.990114, 0.071912, -0.018304, 0.291197, -0.104484, 0.950940, 0.250033, 0.000000, 0.000000, 0.000000, 1.000000, 0.291148, -0.104873, 0.950913, 0.272040, -0.949054, 0.093578, 0.300899, -0.015944, -0.120541, -0.990073, -0.072286, 0.218279, 0.000000, 0.000000, 0.000000, 1.000000, 0.994697, -0.070826, 0.074576, 0.011662, 0.075349, 0.008298, -0.997123, 0.101154, 0.070003, 0.997454, 0.013591, 0.015151, 0.000000, 0.000000, 0.000000, 1.000000
-19.4563, 15.9391, -18.2995, 250.0338, 272.0410, -15.9395, 218.2745, 11.6671, 101.1522, 15.1508, 0.949084, -0.093582, -0.300801, 0.015939, 0.120427, 0.990112, 0.071935, -0.018299, 0.291095, -0.104497, 0.950970, 0.250034, 0.000000, 0.000000, 0.000000, 1.000000, 0.291045, -0.104886, 0.950942, 0.272041, -0.949085, 0.093583, 0.300799, -0.015940, -0.120541, -0.990071, -0.072309, 0.218275, 0.000000, 0.000000, 0.000000, 1.000000, 0.994697, -0.070825, 0.074576, 0.011667, 0.075349, 0.008306, -0.997123, 0.101152, 0.070002, 0.997454, 0.013598, 0.015151, 0.000000, 0.000000, 0.000000, 1.000000
-19.4445, 15.9300, -18.2919, 250.0346, 272.0417, -15.9304, 218.2669, 11.6777, 101.1482, 15.1507, 0.949145, -0.093591, -0.300605, 0.015930, 0.120427, 0.990109, 0.071978, -0.018292, 0.290896, -0.104518, 0.951029, 0.250035, 0.000000, 0.000000, 0.000000, 1.000000, 0.290847, -0.104908, 0.951001, 0.272042, -0.949146, 0.093591, 0.300604, -0.015930, -0.120541, -0.990068, -0.072353, 0.218267, 0.000000, 0.000000, 0.000000, 1.000000, 0.994697, -0.070823, 0.074575, 0.011678, 0.075349, 0.008321, -0.997122, 0.101148, 0.069999, 0.997454, 0.013613, 0.015151, 0.000000, 0.000000, 0.000000, 1.000000
-19.4387, 15.9255, -18.2888, 250.0346, 272.0418, -15.9259, 218.2637, 11.6829, 101.1463, 15.1507, 0.949175, -0.093595, -0.300510, 0.015925, 0.120425, 0.990108, 0.071998, -0.018289, 0.290799, -0.104528, 0.951057, 0.250035, 0.000000, 0.000000, 0.000000, 1.000000, 0.290750, -0.104918, 0.951029, 0.272042, -0.949176, 0.093595, 0.300509, -0.015926, -0.120540, -0.990067, -0.072373, 0.218264, 0.000000, 0.000000, 0.000000, 1.000000, 0.994697, -0.070822, 0.074575, 0.011683, 0.075350, 0.008328, -0.997122, 0.101146, 0.069997, 0.997454, 0.013620, 0.015151, 0.000000, 0.000000, 0.000000, 1.000000
-19.4166, 15.9075, -18.2807, 250.0333, 272.0404, -15.9079, 218.2554, 11.7022, 101.1394, 15.1501, 0.949290, -0.093605, -0.300145, 0.015908, 0.120415, 0.990104, 0.072066, -0.018281, 0.290429, -0.104554, 0.951168, 0.250033, 0.000000, 0.000000, 0.000000, 1.000000, 0.290380, -0.104945, 0.951140, 0.272040, -0.949290, 0.093605, 0.300143, -0.015908, -0.120530, -0.990063, -0.072442, 0.218255, 0.000000, 0.000000, 0.000000, 1.000000, 0.994698, -0.070818, 0.074574, 0.011702, 0.075351, 0.008356, -0.997122, 0.101139, 0.069991, 0.997454, 0.013647, 0.015150, 0.000000, 0.000000, 0.000000, 1.000000
-19.4113, 15.9031, -18.2797, 250.0325, 272.0397, -15.9035, 218.2544, 11.7067, 101.1379, 15.1499, 0.949317, -0.093607, -0.300057, 0.015903, 0.120411, 0.990104, 0.072081, -0.018280, 0.290340, -0.104558, 0.951194, 0.250033, 0.000000, 0.000000, 0.000000, 1.000000, 0.290291, -0.104949, 0.951166, 0.272040, -0.949318, 0.093607, 0.300055, -0.015904, -0.120526, -0.990062, -0.072457, 0.218254, 0.000000, 0.000000, 0.000000, 1.000000, 0.994698, -0.070817, 0.074574, 0.011707, 0.075351, 0.008362, -0.997122, 0.101138, 0.069990, 0.997454, 0.013654, 0.015150, 0.000000, 0.000000, 0.000000, 1.000000
-19.4010, 15.8954, -18.2722, 250.0336, 272.0408, -15.8958, 218.2467, 11.7161, 101.1343, 15.1500, 0.949370, -0.093615, -0.299887, 0.015895, 0.120413, 0.990101, 0.072120, -0.018272, 0.290167, -0.104579, 0.951245, 0.250034, 0.000000, 0.000000, 0.000000, 1.000000, 0.290118, -0.104971, 0.951217, 0.272041, -0.949371, 0.093615, 0.299886, -0.015896, -0.120528, -0.990059, -0.072497, 0.218247, 0.000000, 0.000000, 0.000000, 1.000000, 0.994698, -0.070816, 0.074573, 0.011716, 0.075351, 0.008375, -0.997122, 0.101134, 0.069987, 0.997454, 0.013667, 0.015150, 0.000000, 0.000000, 0.000000, 1.000000
-19.3911, 15.8876, -18.2667, 250.0339, 272.0411, -15.8881, 218.2411, 11.7249, 101.1310, 15.1499, 0.949421, -0.093622, -0.299724, 0.015888, 0.120411, 0.990098, 0.072154, -0.018267, 0.290001, -0.104595, 0.951294, 0.250034, 0.000000, 0.000000, 0.000000, 1.000000, 0.289951, -0.104987, 0.951265, 0.272041, -0.949422, 0.093622, 0.299722, -0.015888, -0.120526, -0.990057, -0.072531, 0.218241, 0.000000, 0.000000, 0.000000, 1.000000, 0.994698, -0.070814, 0.074573, 0.011725, 0.075352, 0.008387, -0.997122, 0.101131, 0.069985, 0.997454, 0.013679, 0.015150, 0.000000, 0.000000, 0.000000, 1.000000
-19.3863, 15.8838, -18.2647, 250.0337, 272.0409, -15.8842, 218.2390, 11.7292, 101.1295, 15.1497, 0.949446, -0.093624, -0.299644, 0.015884, 0.120410, 0.990098, 0.072170, -0.018265, 0.289920, -0.104601, 0.951317, 0.250034, 0.000000, 0.000000, 0.000000, 1.000000, 0.289871, -0.104994, 0.951289, 0.272041, -0.949447, 0.093624, 0.299643, -0.015884, -0.120524, -0.990056, -0.072547, 0.218239, 0.000000, 0.000000, 0.000000, 1.000000, 0.994698, -0.070813, 0.074573, 0.011729, 0.075352, 0.008393, -0.997122, 0.101130, 0.069983, 0.997454, 0.013685, 0.015150, 0.000000, 0.000000, 0.000000, 1.000000
-19.3770, 15.8761, -18.2622, 250.0328, 272.0400, -15.8765, 218.2364, 11.7373, 101.1267, 15.1494, 0.949495, -0.093628, -0.299489, 0.015876, 0.120404, 0.990096, 0.072197, -0.018262, 0.289764, -0.104610, 0.951364, 0.250033, 0.000000, 0.000000, 0.000000, 1.000000, 0.289714, -0.105003, 0.951336, 0.272040, -0.949495, 0.093628, 0.299488, -0.015876, -0.120519, -0.990055, -0.072575, 0.218236, 0.000000, 0.000000, 0.000000, 1.000000, 0.994698, -0.070811, 0.074572, 0.011737, 0.075352, 0.008405, -0.997122, 0.101127, 0.069981, 0.997454, 0.013696, 0.015149, 0.000000, 0.000000, 0.000000, 1.000000
-19.3724, 15.8722, -18.2617, 250.0320, 272.0392, -15.8726, 218.2358, 11.7411, 101.1254, 15.1492, 0.949518, -0.093629, -0.299414, 0.015872, 0.120400, 0.990096, 0.072208, -0.018262, 0.289688, -0.104613, 0.951387, 0.250032, 0.000000, 0.000000, 0.000000, 1.000000, 0.289638, -0.105006, 0.951359, 0.272039, -0.949519, 0.093629, 0.299412, -0.015873, -0.120515, -0.990054, -0.072587, 0.218236, 0.000000, 0.000000, 0.000000, 1.000000, 0.994698, -0.070811, 0.074572, 0.011741, 0.075352, 0.008411, -0.997121, 0.101125, 0.069980, 0.997454, 0.013702, 0.015149, 0.000000, 0.000000, 0.000000, 1.000000
-19.3592, 15.8606, -18.2626, 250.0285, 272.0357, -15.8610, 218.2365, 11.7520, 101.1220, 15.1483, 0.949587, -0.093630, -0.299195, 0.015861, 0.120385, 0.990096, 0.072237, -0.018263, 0.289469, -0.104614, 0.951454, 0.250029, 0.000000, 0.000000, 0.000000, 1.000000, 0.289419, -0.105008, 0.951425, 0.272036, -0.949588, 0.093630, 0.299194, -0.015861, -0.120500, -0.990054, -0.072616, 0.218237, 0.000000, 0.000000, 0.000000, 1.000000, 0.994699, -0.070808, 0.074571, 0.011752, 0.075353, 0.008428, -0.997121, 0.101122, 0.069976, 0.997454, 0.013719, 0.015148, 0.000000, 0.000000, 0.000000, 1.000000
-19.3549, 15.8568, -18.2638, 250.0270, 272.0343, -15.8572, 218.2376, 11.7554, 101.1210, 15.1480, 0.949609, -0.093629, -0.299125, 0.015857, 0.120378, 0.990096, 0.072245, -0.018264, 0.289398, -0.104613, 0.951475, 0.250027, 0.000000, 0.000000, 0.000000, 1.000000, 0.289349, -0.105007, 0.951447, 0.272034, -0.949610, 0.093629, 0.299123, -0.015857, -0.120494, -0.990054, -0.072624, 0.218238, 0.000000, 0.000000, 0.000000, 1.000000, 0.994699, -0.070808, 0.074571, 0.011755, 0.075353, 0.008433, -0.997121, 0.101121, 0.069975, 0.997454, 0.013724, 0.015148, 0.000000, 0.000000, 0.000000, 1.000000
