# Joint_4_Angle(deg), Cam_X(mm), Cam_Y(mm), Cam_Z(mm), Torso_X(mm), Torso_Y(mm), Torso_Z(mm), EE_X(mm), EE_Y(mm), EE_Z(mm), T_cam2marker_flat(16), T_torso2marker_flat(16), T_ee2marker_flat(16)
-14.9997, 0.3380, -4.0012, 198.0031, 220.0048, -0.3384, 203.9899, 22.8590, 110.5089, -0.0020, 0.995705, -0.092558, 0.002290, 0.000338, 0.091714, 0.982628, -0.161343, -0.004001, 0.012684, 0.160860, 0.986896, 0.198003, 0.000000, 0.000000, 0.000000, 1.000000, 0.012643, 0.160440, 0.986965, 0.220005, -0.995705, 0.092558, -0.002292, -0.000338, -0.091719, -0.982696, 0.160921, 0.203990, 0.000000, 0.000000, 0.000000, 1.000000, 0.995157, -0.061155, 0.076953, 0.022859, 0.078798, 0.028346, -0.996487, 0.110509, 0.058759, 0.997726, 0.033028, -0.000002, 0.000000, 0.000000, 0.000000, 1.000000
-14.9996, 0.3369, -4.0078, 197.9999, 220.0016, -0.3373, 203.9965, 22.8585, 110.5097, -0.0030, 0.995705, -0.092551, 0.002288, 0.000337, 0.091706, 0.982625, -0.161362, -0.004008, 0.012686, 0.160878, 0.986893, 0.198000, 0.000000, 0.000000, 0.000000, 1.000000, 0.012644, 0.160458, 0.986962, 0.220002, -0.995705, 0.092551, -0.002290, -0.000337, -0.091712, -0.982694, 0.160939, 0.203996, 0.000000, 0.000000, 0.000000, 1.000000, 0.995157, -0.061155, 0.076953, 0.022858, 0.078798, 0.028347, -0.996487, 0.110510, 0.058759, 0.997726, 0.033028, -0.000003, 0.000000, 0.000000, 0.000000, 1.000000
-14.9996, 0.3363, -4.0113, 197.9982, 219.9999, -0.3367, 204.0000, 22.8582, 110.5101, -0.0035, 0.995706, -0.092547, 0.002287, 0.000336, 0.091702, 0.982624, -0.161371, -0.004011, 0.012687, 0.160888, 0.986891, 0.197998, 0.000000, 0.000000, 0.000000, 1.000000, 0.012645, 0.160467, 0.986960, 0.220000, -0.995706, 0.092547, -0.002289, -0.000337, -0.091707, -0.982693, 0.160948, 0.204000, 0.000000, 0.000000, 0.000000, 1.000000, 0.995157, -0.061155, 0.076953, 0.022858, 0.078798, 0.028347, -0.996487, 0.110510, 0.058759, 0.997726, 0.033028, -0.000003, 0.000000, 0.000000, 0.000000, 1.000000
-14.9996, 0.3357, -4.0150, 197.9964, 219.9982, -0.3361, 204.0036, 22.8579, 110.5106, -0.0040, 0.995706, -0.092543, 0.002287, 0.000336, 0.091698, 0.982623, -0.161381, -0.004015, 0.012688, 0.160898, 0.986889, 0.197996, 0.000000, 0.000000, 0.000000, 1.000000, 0.012646, 0.160477, 0.986959, 0.219998, -0.995706, 0.092543, -0.002289, -0.000336, -0.091703, -0.982692, 0.160958, 0.204004, 0.000000, 0.000000, 0.000000, 1.000000, 0.995157, -0.061155, 0.076953, 0.022858, 0.078798, 0.028347, -0.996487, 0.110511, 0.058759, 0.997726, 0.033028, -0.000004, 0.000000, 0.000000, 0.000000, 1.000000
-14.9996, 0.3337, -4.0265, 197.9909, 219.9926, -0.3341, 204.0150, 22.8570, 110.5120, -0.0056, 0.995707, -0.092530, 0.002284, 0.000334, 0.091684, 0.982619, -0.161413, -0.004026, 0.012691, 0.160929, 0.986884, 0.197991, 0.000000, 0.000000, 0.000000, 1.000000, 0.012650, 0.160508, 0.986954, 0.219993, -0.995707, 0.092530, -0.002286, -0.000334, -0.091690, -0.982688, 0.160989, 0.204015, 0.000000, 0.000000, 0.000000, 1.000000, 0.995157, -0.061155, 0.076953, 0.022857, 0.078798, 0.028347, -0.996487, 0.110512, 0.058759, 0.997726, 0.033029, -0.000006, 0.000000, 0.000000, 0.000000, 1.000000
-14.9995, 0.3324, -4.0344, 197.9870, 219.9887, -0.3328, 204.0228, 22.8563, 110.5130, -0.0068, 0.995708, -0.092521, 0.002283, 0.000332, 0.091675, 0.982616, -0.161434, -0.004034, 0.012693, 0.160951, 0.986881, 0.197987, 0.000000, 0.000000, 0.000000, 1.000000, 0.012652, 0.160529, 0.986950, 0.219989, -0.995708, 0.092521, -0.002285, -0.000333, -0.091680, -0.982685, 0.161011, 0.204023, 0.000000, 0.000000, 0.000000, 1.000000, 0.995157, -0.061155, 0.076953, 0.022856, 0.078798, 0.028347, -0.996487, 0.110513, 0.058759, 0.997726, 0.033029, -0.000007, 0.000000, 0.000000, 0.000000, 1.000000
-14.9995, 0.3317, -4.0384, 197.9851, 219.9868, -0.3321, 204.0268, 22.8560, 110.5134, -0.0073, 0.995709, -0.092517, 0.002282, 0.000332, 0.091670, 0.982615, -0.161445, -0.004038, 0.012694, 0.160961, 0.986879, 0.197985, 0.000000, 0.000000, 0.000000, 1.000000, 0.012653, 0.160539, 0.986948, 0.219987, -0.995709, 0.092516, -0.002284, -0.000332, -0.091676, -0.982684, 0.161021, 0.204027, 0.000000, 0.000000, 0.000000, 1.000000, 0.995157, -0.061155, 0.076953, 0.022856, 0.078798, 0.028348, -0.996487, 0.110513, 0.058758, 0.997726, 0.033029, -0.000007, 0.000000, 0.000000, 0.000000, 1.000000
-14.9994, 0.3302, -4.0466, 197.9815, 219.9832, -0.3307, 204.0349, 22.8553, 110.5143, -0.0083, 0.995709, -0.092507, 0.002280, 0.000330, 0.091660, 0.982612, -0.161465, -0.004047, 0.012696, 0.160982, 0.986876, 0.197981, 0.000000, 0.000000, 0.000000, 1.000000, 0.012655, 0.160559, 0.986945, 0.219983, -0.995709, 0.092507, -0.002282, -0.000331, -0.091666, -0.982682, 0.161041, 0.204035, 0.000000, 0.000000, 0.000000, 1.000000, 0.995157, -0.061155, 0.076953, 0.022855, 0.078798, 0.028348, -0.996487, 0.110514, 0.058758, 0.997726, 0.033029, -0.000008, 0.000000, 0.000000, 0.000000, 1.000000
-14.9993, 0.3295, -4.0506, 197.9798, 219.9815, -0.3299, 204.0390, 22.8550, 110.5148, -0.0088, 0.995710, -0.092503, 0.002279, 0.000330, 0.091655, 0.982611, -0.161475, -0.004051, 0.012697, 0.160991, 0.986874, 0.197980, 0.000000, 0.000000, 0.000000, 1.000000, 0.012656, 0.160569, 0.986944, 0.219981, -0.995710, 0.092502, -0.002281, -0.000330, -0.091661, -0.982681, 0.161051, 0.204039, 0.000000, 0.000000, 0.000000, 1.000000, 0.995157, -0.061155, 0.076953, 0.022855, 0.078798, 0.028348, -0.996487, 0.110515, 0.058758, 0.997726, 0.033029, -0.000009, 0.000000, 0.000000, 0.000000, 1.000000
-14.9990, 0.3280, -4.0589, 197.9768, 219.9785, -0.3284, 204.0472, 22.8543, 110.5154, -0.0096, 0.995711, -0.092493, 0.002277, 0.000328, 0.091645, 0.982610, -0.161491, -0.004059, 0.012699, 0.161007, 0.986872, 0.197977, 0.000000, 0.000000, 0.000000, 1.000000, 0.012658, 0.160584, 0.986941, 0.219979, -0.995711, 0.092492, -0.002279, -0.000328, -0.091651, -0.982679, 0.161066, 0.204047, 0.000000, 0.000000, 0.000000, 1.000000, 0.995157, -0.061155, 0.076953, 0.022854, 0.078798, 0.028348, -0.996487, 0.110515, 0.058758, 0.997726, 0.033030, -0.000010, 0.000000, 0.000000, 0.000000, 1.000000
-14.9987, 0.3272, -4.0630, 197.9756, 219.9773, -0.3276, 204.0513, 22.8539, 110.5157, -0.0098, 0.995711, -0.092488, 0.002276, 0.000327, 0.091640, 0.982609, -0.161498, -0.004063, 0.012700, 0.161013, 0.986870, 0.197976, 0.000000, 0.000000, 0.000000, 1.000000, 0.012659, 0.160591, 0.986940, 0.219977, -0.995711, 0.092487, -0.002278, -0.000328, -0.091645, -0.982678, 0.161073, 0.204051, 0.000000, 0.000000, 0.000000, 1.000000, 0.995157, -0.061155, 0.076953, 0.022854, 0.078798, 0.028348, -0.996487, 0.110516, 0.058758, 0.997726, 0.033030, -0.000010, 0.000000, 0.000000, 0.000000, 1.000000
-14.9980, 0.3256, -4.0713, 197.9738, 219.9755, -0.3261, 204.0596, 22.8533, 110.5160, -0.0102, 0.995712, -0.092477, 0.002273, 0.000326, 0.091629, 0.982609, -0.161506, -0.004071, 0.012702, 0.161022, 0.986869, 0.197974, 0.000000, 0.000000, 0.000000, 1.000000, 0.012660, 0.160600, 0.986938, 0.219976, -0.995712, 0.092477, -0.002276, -0.000326, -0.091634, -0.982678, 0.161082, 0.204060, 0.000000, 0.000000, 0.000000, 1.000000, 0.995157, -0.061155, 0.076953, 0.022853, 0.078798, 0.028349, -0.996487, 0.110516, 0.058758, 0.997726, 0.033030, -0.000010, 0.000000, 0.000000, 0.000000, 1.000000
-14.9976, 0.3248, -4.0755, 197.9733, 219.9750, -0.3252, 204.0638, 22.8529, 110.5161, -0.0102, 0.995713, -0.092472, 0.002272, 0.000325, 0.091623, 0.982609, -0.161509, -0.004076, 0.012702, 0.161024, 0.986869, 0.197973, 0.000000, 0.000000, 0.000000, 1.000000, 0.012661, 0.160602, 0.986938, 0.219975, -0.995713, 0.092471, -0.002274, -0.000325, -0.091629, -0.982678, 0.161084, 0.204064, 0.000000, 0.000000, 0.000000, 1.000000, 0.995157, -0.061155, 0.076952, 0.022853, 0.078797, 0.028349, -0.996487, 0.110516, 0.058759, 0.997726, 0.033030, -0.000010, 0.000000, 0.000000, 0.000000, 1.000000
-14.9957, 0.3222, -4.0883, 197.9737, 219.9754, -0.3226, 204.0765, 22.8519, 110.5156, -0.0095, 0.995714, -0.092454, 0.002267, 0.000322, 0.091605, 0.982611, -0.161504, -0.004088, 0.012704, 0.161019, 0.986869, 0.197974, 0.000000, 0.000000, 0.000000, 1.000000, 0.012662, 0.160596, 0.986939, 0.219975, -0.995714, 0.092454, -0.002270, -0.000323, -0.091611, -0.982681, 0.161079, 0.204076, 0.000000, 0.000000, 0.000000, 1.000000, 0.995157, -0.061155, 0.076952, 0.022852, 0.078797, 0.028349, -0.996488, 0.110516, 0.058759, 0.997726, 0.033031, -0.000009, 0.000000, 0.000000, 0.000000, 1.000000
-14.9939, 0.3203, -4.0969, 197.9756, 219.9774, -0.3208, 204.0851, 22.8513, 110.5148, -0.0084, 0.995716, -0.092442, 0.002264, 0.000320, 0.091593, 0.982615, -0.161491, -0.004097, 0.012704, 0.161006, 0.986872, 0.197976, 0.000000, 0.000000, 0.000000, 1.000000, 0.012663, 0.160583, 0.986941, 0.219977, -0.995716, 0.092441, -0.002266, -0.000321, -0.091598, -0.982684, 0.161066, 0.204085, 0.000000, 0.000000, 0.000000, 1.000000, 0.995157, -0.061156, 0.076952, 0.022851, 0.078797, 0.028349, -0.996488, 0.110515, 0.058759, 0.997726, 0.033031, -0.000008, 0.000000, 0.000000, 0.000000, 1.000000
-14.9928, 0.3194, -4.1013, 197.9772, 219.9789, -0.3198, 204.0895, 22.8509, 110.5142, -0.0076, 0.995716, -0.092435, 0.002262, 0.000319, 0.091586, 0.982617, -0.161480, -0.004101, 0.012704, 0.160996, 0.986873, 0.197977, 0.000000, 0.000000, 0.000000, 1.000000, 0.012663, 0.160573, 0.986943, 0.219979, -0.995716, 0.092435, -0.002264, -0.000320, -0.091591, -0.982686, 0.161055, 0.204089, 0.000000, 0.000000, 0.000000, 1.000000, 0.995157, -0.061156, 0.076951, 0.022851, 0.078796, 0.028349, -0.996488, 0.110514, 0.058760, 0.997726, 0.033031, -0.000008, 0.000000, 0.000000, 0.000000, 1.000000
-14.9903, 0.3173, -4.1101, 197.9815, 219.9832, -0.3177, 204.0983, 22.8503, 110.5127, -0.0057, 0.995717, -0.092422, 0.002257, 0.000317, 0.091572, 0.982623, -0.161453, -0.004110, 0.012704, 0.160968, 0.986878, 0.197981, 0.000000, 0.000000, 0.000000, 1.000000, 0.012663, 0.160545, 0.986947, 0.219983, -0.995717, 0.092421, -0.002259, -0.000318, -0.091578, -0.982692, 0.161028, 0.204098, 0.000000, 0.000000, 0.000000, 1.000000, 0.995158, -0.061157, 0.076951, 0.022850, 0.078796, 0.028350, -0.996488, 0.110513, 0.058760, 0.997725, 0.033031, -0.000006, 0.000000, 0.000000, 0.000000, 1.000000
-14.9873, 0.3152, -4.1192, 197.9876, 219.9893, -0.3156, 204.1073, 22.8496, 110.5106, -0.0030, 0.995719, -0.092407, 0.002252, 0.000315, 0.091557, 0.982630, -0.161415, -0.004119, 0.012703, 0.160930, 0.986884, 0.197988, 0.000000, 0.000000, 0.000000, 1.000000, 0.012662, 0.160507, 0.986953, 0.219989, -0.995719, 0.092407, -0.002254, -0.000316, -0.091563, -0.982700, 0.160990, 0.204107, 0.000000, 0.000000, 0.000000, 1.000000, 0.995158, -0.061158, 0.076950, 0.022850, 0.078795, 0.028350, -0.996488, 0.110511, 0.058761, 0.997725, 0.033032, -0.000003, 0.000000, 0.000000, 0.000000, 1.000000
-14.9856, 0.3140, -4.1237, 197.9912, 219.9930, -0.3145, 204.1119, 22.8493, 110.5094, -0.0015, 0.995719, -0.092399, 0.002249, 0.000314, 0.091550, 0.982635, -0.161392, -0.004124, 0.012703, 0.160907, 0.986888, 0.197991, 0.000000, 0.000000, 0.000000, 1.000000, 0.012661, 0.160484, 0.986957, 0.219993, -0.995720, 0.092399, -0.002251, -0.000314, -0.091555, -0.982704, 0.160967, 0.204112, 0.000000, 0.000000, 0.000000, 1.000000, 0.995158, -0.061158, 0.076949, 0.022849, 0.078795, 0.028350, -0.996488, 0.110509, 0.058762, 0.997725, 0.033032, -0.000001, 0.000000, 0.000000, 0.000000, 1.000000
-14.9818, 0.3117, -4.1330, 198.0000, 220.0017, -0.3121, 204.1212, 22.8486, 110.5065, 0.0021, 0.995721, -0.092383, 0.002242, 0.000312, 0.091533, 0.982645, -0.161339, -0.004133, 0.012702, 0.160854, 0.986897, 0.198000, 0.000000, 0.000000, 0.000000, 1.000000, 0.012660, 0.160431, 0.986966, 0.220002, -0.995721, 0.092383, -0.002244, -0.000312, -0.091539, -0.982714, 0.160914, 0.204121, 0.000000, 0.000000, 0.000000, 1.000000, 0.995158, -0.061159, 0.076948, 0.022849, 0.078794, 0.028350, -0.996488, 0.110506, 0.058763, 0.997725, 0.033032, 0.000002, 0.000000, 0.000000, 0.000000, 1.000000
-14.9775, 0.3092, -4.1425, 198.0106, 220.0123, -0.3096, 204.1307, 22.8480, 110.5030, 0.0065, 0.995723, -0.092366, 0.002235, 0.000309, 0.091516, 0.982657, -0.161274, -0.004143, 0.012700, 0.160789, 0.986907, 0.198011, 0.000000, 0.000000, 0.000000, 1.000000, 0.012658, 0.160366, 0.986977, 0.220012, -0.995723, 0.092366, -0.002237, -0.000310, -0.091522, -0.982727, 0.160849, 0.204131, 0.000000, 0.000000, 0.000000, 1.000000, 0.995158, -0.061160, 0.076947, 0.022848, 0.078793, 0.028351, -0.996488, 0.110503, 0.058764, 0.997725, 0.033032, 0.000006, 0.000000, 0.000000, 0.000000, 1.000000
-14.9751, 0.3079, -4.1474, 198.0166, 220.0183, -0.3083, 204.1356, 22.8476, 110.5011, 0.0089, 0.995723, -0.092357, 0.002231, 0.000308, 0.091507, 0.982664, -0.161238, -0.004147, 0.012699, 0.160752, 0.986913, 0.198017, 0.000000, 0.000000, 0.000000, 1.000000, 0.012657, 0.160329, 0.986982, 0.220018, -0.995723, 0.092357, -0.002233, -0.000308, -0.091513, -0.982733, 0.160813, 0.204136, 0.000000, 0.000000, 0.000000, 1.000000, 0.995158, -0.061161, 0.076947, 0.022848, 0.078792, 0.028351, -0.996488, 0.110501, 0.058765, 0.997725, 0.033032, 0.000009, 0.000000, 0.000000, 0.000000, 1.000000
-14.9699, 0.3052, -4.1572, 198.0299, 220.0317, -0.3056, 204.1454, 22.8470, 110.4968, 0.0142, 0.995725, -0.092339, 0.002223, 0.000305, 0.091489, 0.982679, -0.161156, -0.004157, 0.012696, 0.160671, 0.986926, 0.198030, 0.000000, 0.000000, 0.000000, 1.000000, 0.012655, 0.160248, 0.986996, 0.220032, -0.995725, 0.092338, -0.002225, -0.000306, -0.091494, -0.982748, 0.160732, 0.204145, 0.000000, 0.000000, 0.000000, 1.000000, 0.995158, -0.061163, 0.076946, 0.022847, 0.078791, 0.028351, -0.996488, 0.110497, 0.058766, 0.997725, 0.033033, 0.000014, 0.000000, 0.000000, 0.000000, 1.000000
-14.9611, 0.3009, -4.1724, 198.0534, 220.0552, -0.3013, 204.1607, 22.8460, 110.4893, 0.0235, 0.995728, -0.092309, 0.002209, 0.000301, 0.091459, 0.982705, -0.161014, -0.004172, 0.012692, 0.160528, 0.986950, 0.198053, 0.000000, 0.000000, 0.000000, 1.000000, 0.012651, 0.160106, 0.987019, 0.220055, -0.995728, 0.092309, -0.002211, -0.000301, -0.091464, -0.982774, 0.160589, 0.204161, 0.000000, 0.000000, 0.000000, 1.000000, 0.995158, -0.061165, 0.076943, 0.022846, 0.078789, 0.028351, -0.996488, 0.110489, 0.058769, 0.997725, 0.033033, 0.000024, 0.000000, 0.000000, 0.000000, 1.000000
-14.9512, 0.2963, -4.1880, 198.0804, 220.0822, -0.2967, 204.1763, 22.8450, 110.4807, 0.0341, 0.995731, -0.092278, 0.002194, 0.000296, 0.091428, 0.982735, -0.160851, -0.004188, 0.012687, 0.160365, 0.986976, 0.198080, 0.000000, 0.000000, 0.000000, 1.000000, 0.012645, 0.159943, 0.987045, 0.220082, -0.995731, 0.092277, -0.002196, -0.000297, -0.091433, -0.982804, 0.160427, 0.204176, 0.000000, 0.000000, 0.000000, 1.000000, 0.995158, -0.061168, 0.076941, 0.022845, 0.078787, 0.028352, -0.996488, 0.110481, 0.058772, 0.997725, 0.033034, 0.000034, 0.000000, 0.000000, 0.000000, 1.000000
-14.9512, 0.2963, -4.1880, 198.0804, 220.0822, -0.2967, 204.1763, 22.8450, 110.4807, 0.0341, 0.995731, -0.092278, 0.002194, 0.000296, 0.091428, 0.982735, -0.160851, -0.004188, 0.012687, 0.160365, 0.986976, 0.198080, 0.000000, 0.000000, 0.000000, 1.000000, 0.012645, 0.159943, 0.987045, 0.220082, -0.995731, 0.092277, -0.002196, -0.000297, -0.091433, -0.982804, 0.160427, 0.204176, 0.000000, 0.000000, 0.000000, 1.000000, 0.995158, -0.061168, 0.076941, 0.022845, 0.078787, 0.028352, -0.996488, 0.110481, 0.058772, 0.997725, 0.033034, 0.000034, 0.000000, 0.000000, 0.000000, 1.000000
-14.9442, 0.2931, -4.1985, 198.1002, 220.1020, -0.2936, 204.1868, 22.8443, 110.4745, 0.0418, 0.995733, -0.092256, 0.002183, 0.000293, 0.091406, 0.982756, -0.160732, -0.004199, 0.012683, 0.160246, 0.986996, 0.198100, 0.000000, 0.000000, 0.000000, 1.000000, 0.012642, 0.159824, 0.987065, 0.220102, -0.995733, 0.092255, -0.002185, -0.000294, -0.091411, -0.982825, 0.160308, 0.204187, 0.000000, 0.000000, 0.000000, 1.000000, 0.995158, -0.061170, 0.076939, 0.022844, 0.078785, 0.028352, -0.996488, 0.110475, 0.058774, 0.997725, 0.033034, 0.000042, 0.000000, 0.000000, 0.000000, 1.000000
-14.9405, 0.2915, -4.2038, 198.1106, 220.1124, -0.2919, 204.1922, 22.8440, 110.4712, 0.0459, 0.995734, -0.092244, 0.002177, 0.000291, 0.091395, 0.982768, -0.160670, -0.004204, 0.012681, 0.160183, 0.987006, 0.198111, 0.000000, 0.000000, 0.000000, 1.000000, 0.012640, 0.159761, 0.987075, 0.220112, -0.995734, 0.092244, -0.002179, -0.000292, -0.091400, -0.982836, 0.160246, 0.204192, 0.000000, 0.000000, 0.000000, 1.000000, 0.995158, -0.061171, 0.076938, 0.022844, 0.078784, 0.028352, -0.996488, 0.110471, 0.058775, 0.997725, 0.033034, 0.000046, 0.000000, 0.000000, 0.000000, 1.000000
-14.9328, 0.2882, -4.2146, 198.1324, 220.1342, -0.2886, 204.2029, 22.8434, 110.4644, 0.0544, 0.995736, -0.092222, 0.002165, 0.000288, 0.091372, 0.982791, -0.160539, -0.004215, 0.012677, 0.160052, 0.987027, 0.198132, 0.000000, 0.000000, 0.000000, 1.000000, 0.012636, 0.159631, 0.987096, 0.220134, -0.995736, 0.092221, -0.002168, -0.000289, -0.091377, -0.982860, 0.160115, 0.204203, 0.000000, 0.000000, 0.000000, 1.000000, 0.995158, -0.061174, 0.076937, 0.022843, 0.078782, 0.028352, -0.996489, 0.110464, 0.058778, 0.997724, 0.033035, 0.000054, 0.000000, 0.000000, 0.000000, 1.000000
-14.9248, 0.2848, -4.2255, 198.1554, 220.1572, -0.2852, 204.2139, 22.8427, 110.4572, 0.0632, 0.995738, -0.092198, 0.002153, 0.000285, 0.091348, 0.982816, -0.160401, -0.004225, 0.012673, 0.159914, 0.987050, 0.198155, 0.000000, 0.000000, 0.000000, 1.000000, 0.012631, 0.159493, 0.987118, 0.220157, -0.995738, 0.092198, -0.002155, -0.000285, -0.091354, -0.982884, 0.159978, 0.204214, 0.000000, 0.000000, 0.000000, 1.000000, 0.995158, -0.061176, 0.076935, 0.022843, 0.078780, 0.028353, -0.996489, 0.110457, 0.058780, 0.997724, 0.033035, 0.000063, 0.000000, 0.000000, 0.000000, 1.000000
-14.9207, 0.2830, -4.2310, 198.1673, 220.1691, -0.2834, 204.2194, 22.8424, 110.4535, 0.0679, 0.995739, -0.092186, 0.002147, 0.000283, 0.091336, 0.982829, -0.160330, -0.004231, 0.012670, 0.159843, 0.987061, 0.198167, 0.000000, 0.000000, 0.000000, 1.000000, 0.012629, 0.159421, 0.987130, 0.220169, -0.995740, 0.092186, -0.002149, -0.000283, -0.091342, -0.982897, 0.159906, 0.204219, 0.000000, 0.000000, 0.000000, 1.000000, 0.995158, -0.061177, 0.076934, 0.022842, 0.078780, 0.028353, -0.996489, 0.110453, 0.058781, 0.997724, 0.033035, 0.000068, 0.000000, 0.000000, 0.000000, 1.000000
-14.9078, 0.2777, -4.2476, 198.2044, 220.2062, -0.2781, 204.2361, 22.8413, 110.4419, 0.0822, 0.995743, -0.092150, 0.002127, 0.000278, 0.091300, 0.982868, -0.160108, -0.004248, 0.012663, 0.159621, 0.987097, 0.198204, 0.000000, 0.000000, 0.000000, 1.000000, 0.012622, 0.159200, 0.987166, 0.220206, -0.995743, 0.092149, -0.002129, -0.000278, -0.091305, -0.982936, 0.159685, 0.204236, 0.000000, 0.000000, 0.000000, 1.000000, 0.995158, -0.061181, 0.076931, 0.022841, 0.078777, 0.028353, -0.996489, 0.110442, 0.058785, 0.997724, 0.033036, 0.000082, 0.000000, 0.000000, 0.000000, 1.000000
-14.8991, 0.2746, -4.2559, 198.2314, 220.2332, -0.2750, 204.2444, 22.8409, 110.4336, 0.0924, 0.995745, -0.092128, 0.002114, 0.000275, 0.091279, 0.982896, -0.159947, -0.004256, 0.012658, 0.159460, 0.987123, 0.198231, 0.000000, 0.000000, 0.000000, 1.000000, 0.012617, 0.159039, 0.987192, 0.220233, -0.995745, 0.092128, -0.002116, -0.000275, -0.091284, -0.982964, 0.159524, 0.204244, 0.000000, 0.000000, 0.000000, 1.000000, 0.995158, -0.061184, 0.076928, 0.022841, 0.078775, 0.028353, -0.996489, 0.110434, 0.058788, 0.997724, 0.033036, 0.000092, 0.000000, 0.000000, 0.000000, 1.000000
-14.8946, 0.2737, -4.2558, 198.2472, 220.2490, -0.2742, 204.2443, 22.8411, 110.4289, 0.0982, 0.995745, -0.092122, 0.002108, 0.000274, 0.091273, 0.982912, -0.159854, -0.004256, 0.012654, 0.159367, 0.987138, 0.198247, 0.000000, 0.000000, 0.000000, 1.000000, 0.012613, 0.158945, 0.987207, 0.220249, -0.995746, 0.092122, -0.002110, -0.000274, -0.091279, -0.982980, 0.159431, 0.204244, 0.000000, 0.000000, 0.000000, 1.000000, 0.995158, -0.061185, 0.076927, 0.022841, 0.078774, 0.028353, -0.996489, 0.110429, 0.058789, 0.997724, 0.033036, 0.000098, 0.000000, 0.000000, 0.000000, 1.000000
-14.8857, 0.2719, -4.2565, 198.2788, 220.2806, -0.2723, 204.2449, 22.8413, 110.4194, 0.1098, 0.995747, -0.092109, 0.002096, 0.000272, 0.091261, 0.982943, -0.159668, -0.004257, 0.012646, 0.159180, 0.987169, 0.198279, 0.000000, 0.000000, 0.000000, 1.000000, 0.012605, 0.158759, 0.987237, 0.220281, -0.995747, 0.092109, -0.002098, -0.000272, -0.091266, -0.983011, 0.159245, 0.204245, 0.000000, 0.000000, 0.000000, 1.000000, 0.995158, -0.061188, 0.076925, 0.022841, 0.078772, 0.028353, -0.996489, 0.110419, 0.058792, 0.997723, 0.033036, 0.000110, 0.000000, 0.000000, 0.000000, 1.000000
-14.8811, 0.2708, -4.2573, 198.2946, 220.2964, -0.2713, 204.2457, 22.8413, 110.4146, 0.1156, 0.995747, -0.092102, 0.002090, 0.000271, 0.091254, 0.982959, -0.159575, -0.004257, 0.012643, 0.159088, 0.987184, 0.198295, 0.000000, 0.000000, 0.000000, 1.000000, 0.012601, 0.158666, 0.987252, 0.220296, -0.995747, 0.092102, -0.002092, -0.000271, -0.091260, -0.983027, 0.159152, 0.204246, 0.000000, 0.000000, 0.000000, 1.000000, 0.995158, -0.061190, 0.076924, 0.022841, 0.078770, 0.028353, -0.996489, 0.110415, 0.058794, 0.997723, 0.033036, 0.000116, 0.000000, 0.000000, 0.000000, 1.000000
-14.8720, 0.2687, -4.2598, 198.3258, 220.3276, -0.2691, 204.2481, 22.8414, 110.4052, 0.1271, 0.995749, -0.092087, 0.002078, 0.000269, 0.091240, 0.982990, -0.159392, -0.004260, 0.012636, 0.158904, 0.987213, 0.198326, 0.000000, 0.000000, 0.000000, 1.000000, 0.012594, 0.158482, 0.987282, 0.220328, -0.995749, 0.092087, -0.002080, -0.000269, -0.091245, -0.983058, 0.158968, 0.204248, 0.000000, 0.000000, 0.000000, 1.000000, 0.995158, -0.061193, 0.076922, 0.022841, 0.078768, 0.028353, -0.996490, 0.110405, 0.058797, 0.997723, 0.033036, 0.000127, 0.000000, 0.000000, 0.000000, 1.000000
-14.8674, 0.2675, -4.2615, 198.3413, 220.3432, -0.2679, 204.2498, 22.8414, 110.4005, 0.1328, 0.995750, -0.092079, 0.002071, 0.000268, 0.091232, 0.983006, -0.159300, -0.004262, 0.012632, 0.158812, 0.987228, 0.198341, 0.000000, 0.000000, 0.000000, 1.000000, 0.012591, 0.158390, 0.987296, 0.220343, -0.995750, 0.092078, -0.002073, -0.000268, -0.091237, -0.983074, 0.158876, 0.204250, 0.000000, 0.000000, 0.000000, 1.000000, 0.995158, -0.061194, 0.076921, 0.022841, 0.078767, 0.028353, -0.996490, 0.110401, 0.058798, 0.997723, 0.033036, 0.000133, 0.000000, 0.000000, 0.000000, 1.000000
-14.8582, 0.2650, -4.2659, 198.3721, 220.3739, -0.2654, 204.2541, 22.8413, 110.3912, 0.1442, 0.995751, -0.092062, 0.002058, 0.000265, 0.091215, 0.983037, -0.159119, -0.004266, 0.012626, 0.158631, 0.987257, 0.198372, 0.000000, 0.000000, 0.000000, 1.000000, 0.012584, 0.158208, 0.987326, 0.220374, -0.995751, 0.092061, -0.002060, -0.000265, -0.091220, -0.983105, 0.158695, 0.204254, 0.000000, 0.000000, 0.000000, 1.000000, 0.995157, -0.061197, 0.076919, 0.022841, 0.078765, 0.028353, -0.996490, 0.110391, 0.058801, 0.997723, 0.033036, 0.000144, 0.000000, 0.000000, 0.000000, 1.000000
-14.8490, 0.2623, -4.2715, 198.4023, 220.4041, -0.2627, 204.2596, 22.8411, 110.3821, 0.1554, 0.995753, -0.092043, 0.002044, 0.000262, 0.091197, 0.983067, -0.158941, -0.004272, 0.012620, 0.158453, 0.987286, 0.198402, 0.000000, 0.000000, 0.000000, 1.000000, 0.012578, 0.158030, 0.987354, 0.220404, -0.995753, 0.092043, -0.002046, -0.000263, -0.091202, -0.983135, 0.158517, 0.204260, 0.000000, 0.000000, 0.000000, 1.000000, 0.995157, -0.061200, 0.076917, 0.022841, 0.078763, 0.028353, -0.996490, 0.110382, 0.058804, 0.997723, 0.033036, 0.000155, 0.000000, 0.000000, 0.000000, 1.000000
-14.8490, 0.2623, -4.2715, 198.4023, 220.4041, -0.2627, 204.2596, 22.8411, 110.3821, 0.1554, 0.995753, -0.092043, 0.002044, 0.000262, 0.091197, 0.983067, -0.158941, -0.004272, 0.012620, 0.158453, 0.987286, 0.198402, 0.000000, 0.000000, 0.000000, 1.000000, 0.012578, 0.158030, 0.987354, 0.220404, -0.995753, 0.092043, -0.002046, -0.000263, -0.091202, -0.983135, 0.158517, 0.204260, 0.000000, 0.000000, 0.000000, 1.000000, 0.995157, -0.061200, 0.076917, 0.022841, 0.078763, 0.028353, -0.996490, 0.110382, 0.058804, 0.997723, 0.033036, 0.000155, 0.000000, 0.000000, 0.000000, 1.000000
-14.8305, 0.2563, -4.2863, 198.4609, 220.4627, -0.2567, 204.2743, 22.8404, 110.3642, 0.1773, 0.995757, -0.092002, 0.002016, 0.000256, 0.091156, 0.983127, -0.158596, -0.004286, 0.012609, 0.158107, 0.987342, 0.198461, 0.000000, 0.000000, 0.000000, 1.000000, 0.012567, 0.157684, 0.987410, 0.220463, -0.995757, 0.092001, -0.002018, -0.000257, -0.091161, -0.983195, 0.158171, 0.204274, 0.000000, 0.000000, 0.000000, 1.000000, 0.995157, -0.061205, 0.076912, 0.022840, 0.078759, 0.028353, -0.996490, 0.110364, 0.058810, 0.997722, 0.033037, 0.000177, 0.000000, 0.000000, 0.000000, 1.000000
-14.8259, 0.2547, -4.2907, 198.4750, 220.4769, -0.2551, 204.2786, 22.8401, 110.3599, 0.1826, 0.995758, -0.091991, 0.002009, 0.000255, 0.091145, 0.983141, -0.158512, -0.004291, 0.012606, 0.158023, 0.987355, 0.198475, 0.000000, 0.000000, 0.000000, 1.000000, 0.012565, 0.157600, 0.987423, 0.220477, -0.995758, 0.091990, -0.002011, -0.000255, -0.091150, -0.983209, 0.158087, 0.204279, 0.000000, 0.000000, 0.000000, 1.000000, 0.995157, -0.061207, 0.076911, 0.022840, 0.078758, 0.028353, -0.996490, 0.110360, 0.058811, 0.997722, 0.033037, 0.000183, 0.000000, 0.000000, 0.000000, 1.000000
-14.8169, 0.2514, -4.3001, 198.5026, 220.5045, -0.2518, 204.2880, 22.8396, 110.3515, 0.1930, 0.995760, -0.091968, 0.001995, 0.000251, 0.091122, 0.983169, -0.158349, -0.004300, 0.012602, 0.157860, 0.987381, 0.198503, 0.000000, 0.000000, 0.000000, 1.000000, 0.012560, 0.157436, 0.987449, 0.220504, -0.995760, 0.091968, -0.001997, -0.000252, -0.091128, -0.983237, 0.157924, 0.204288, 0.000000, 0.000000, 0.000000, 1.000000, 0.995157, -0.061210, 0.076909, 0.022840, 0.078756, 0.028354, -0.996491, 0.110351, 0.058814, 0.997722, 0.033037, 0.000193, 0.000000, 0.000000, 0.000000, 1.000000
-14.8079, 0.2489, -4.3048, 198.5322, 220.5340, -0.2493, 204.2927, 22.8394, 110.3425, 0.2039, 0.995762, -0.091951, 0.001982, 0.000249, 0.091106, 0.983199, -0.158176, -0.004305, 0.012596, 0.157686, 0.987409, 0.198532, 0.000000, 0.000000, 0.000000, 1.000000, 0.012555, 0.157262, 0.987477, 0.220534, -0.995762, 0.091951, -0.001984, -0.000249, -0.091111, -0.983267, 0.157750, 0.204293, 0.000000, 0.000000, 0.000000, 1.000000, 0.995157, -0.061212, 0.076907, 0.022839, 0.078754, 0.028354, -0.996491, 0.110343, 0.058817, 0.997722, 0.033037, 0.000204, 0.000000, 0.000000, 0.000000, 1.000000
-14.7991, 0.2462, -4.3110, 198.5606, 220.5625, -0.2466, 204.2987, 22.8392, 110.3339, 0.2144, 0.995763, -0.091933, 0.001968, 0.000246, 0.091088, 0.983227, -0.158009, -0.004311, 0.012591, 0.157519, 0.987436, 0.198561, 0.000000, 0.000000, 0.000000, 1.000000, 0.012550, 0.157095, 0.987504, 0.220562, -0.995763, 0.091932, -0.001970, -0.000247, -0.091093, -0.983295, 0.157583, 0.204299, 0.000000, 0.000000, 0.000000, 1.000000, 0.995157, -0.061215, 0.076905, 0.022839, 0.078752, 0.028354, -0.996491, 0.110334, 0.058820, 0.997722, 0.033037, 0.000214, 0.000000, 0.000000, 0.000000, 1.000000
-14.7948, 0.2447, -4.3146, 198.5744, 220.5763, -0.2452, 204.3023, 22.8390, 110.3297, 0.2196, 0.995764, -0.091923, 0.001961, 0.000245, 0.091078, 0.983241, -0.157928, -0.004315, 0.012589, 0.157438, 0.987449, 0.198574, 0.000000, 0.000000, 0.000000, 1.000000, 0.012547, 0.157013, 0.987517, 0.220576, -0.995764, 0.091923, -0.001964, -0.000245, -0.091083, -0.983309, 0.157501, 0.204302, 0.000000, 0.000000, 0.000000, 1.000000, 0.995157, -0.061217, 0.076904, 0.022839, 0.078751, 0.028354, -0.996491, 0.110330, 0.058821, 0.997722, 0.033037, 0.000220, 0.000000, 0.000000, 0.000000, 1.000000
-14.7905, 0.2433, -4.3185, 198.5879, 220.5898, -0.2437, 204.3061, 22.8388, 110.3256, 0.2246, 0.995765, -0.091913, 0.001955, 0.000243, 0.091068, 0.983255, -0.157848, -0.004318, 0.012586, 0.157358, 0.987461, 0.198588, 0.000000, 0.000000, 0.000000, 1.000000, 0.012545, 0.156933, 0.987530, 0.220590, -0.995765, 0.091912, -0.001957, -0.000244, -0.091073, -0.983323, 0.157422, 0.204306, 0.000000, 0.000000, 0.000000, 1.000000, 0.995157, -0.061218, 0.076903, 0.022839, 0.078750, 0.028354, -0.996491, 0.110326, 0.058823, 0.997722, 0.033037, 0.000225, 0.000000, 0.000000, 0.000000, 1.000000
-14.7819, 0.2401, -4.3273, 198.6142, 220.6161, -0.2406, 204.3149, 22.8383, 110.3176, 0.2345, 0.995767, -0.091892, 0.001941, 0.000240, 0.091047, 0.983282, -0.157694, -0.004327, 0.012582, 0.157203, 0.987486, 0.198614, 0.000000, 0.000000, 0.000000, 1.000000, 0.012541, 0.156778, 0.987554, 0.220616, -0.995767, 0.091891, -0.001943, -0.000241, -0.091052, -0.983350, 0.157267, 0.204315, 0.000000, 0.000000, 0.000000, 1.000000, 0.995157, -0.061220, 0.076901, 0.022838, 0.078748, 0.028354, -0.996491, 0.110318, 0.058825, 0.997721, 0.033038, 0.000234, 0.000000, 0.000000, 0.000000, 1.000000
-14.7734, 0.2368, -4.3375, 198.6396, 220.6415, -0.2372, 204.3250, 22.8377, 110.3098, 0.2440, 0.995769, -0.091869, 0.001927, 0.000237, 0.091024, 0.983308, -0.157544, -0.004338, 0.012579, 0.157053, 0.987510, 0.198640, 0.000000, 0.000000, 0.000000, 1.000000, 0.012537, 0.156628, 0.987578, 0.220641, -0.995769, 0.091869, -0.001929, -0.000237, -0.091030, -0.983376, 0.157117, 0.204325, 0.000000, 0.000000, 0.000000, 1.000000, 0.995157, -0.061223, 0.076898, 0.022838, 0.078746, 0.028354, -0.996491, 0.110310, 0.058828, 0.997721, 0.033038, 0.000244, 0.000000, 0.000000, 0.000000, 1.000000
-14.7650, 0.2333, -4.3489, 198.6640, 220.6659, -0.2337, 204.3363, 22.8370, 110.3023, 0.2533, 0.995771, -0.091845, 0.001913, 0.000233, 0.091000, 0.983333, -0.157400, -0.004349, 0.012575, 0.156909, 0.987533, 0.198664, 0.000000, 0.000000, 0.000000, 1.000000, 0.012534, 0.156483, 0.987601, 0.220666, -0.995771, 0.091845, -0.001915, -0.000234, -0.091006, -0.983401, 0.156973, 0.204336, 0.000000, 0.000000, 0.000000, 1.000000, 0.995157, -0.061226, 0.076896, 0.022837, 0.078744, 0.028354, -0.996492, 0.110302, 0.058830, 0.997721, 0.033038, 0.000253, 0.000000, 0.000000, 0.000000, 1.000000
-14.7567, 0.2296, -4.3612, 198.6874, 220.6892, -0.2300, 204.3486, 22.8361, 110.2951, 0.2622, 0.995774, -0.091821, 0.001899, 0.000230, 0.090976, 0.983358, -0.157262, -0.004361, 0.012573, 0.156770, 0.987555, 0.198687, 0.000000, 0.000000, 0.000000, 1.000000, 0.012531, 0.156344, 0.987623, 0.220689, -0.995774, 0.091820, -0.001901, -0.000230, -0.090981, -0.983425, 0.156834, 0.204349, 0.000000, 0.000000, 0.000000, 1.000000, 0.995157, -0.061228, 0.076894, 0.022836, 0.078742, 0.028355, -0.996492, 0.110295, 0.058833, 0.997721, 0.033039, 0.000262, 0.000000, 0.000000, 0.000000, 1.000000
-14.7527, 0.2278, -4.3677, 198.6987, 220.7005, -0.2282, 204.3550, 22.8357, 110.2916, 0.2665, 0.995775, -0.091808, 0.001892, 0.000228, 0.090963, 0.983369, -0.157196, -0.004368, 0.012571, 0.156703, 0.987566, 0.198699, 0.000000, 0.000000, 0.000000, 1.000000, 0.012530, 0.156277, 0.987634, 0.220701, -0.995775, 0.091808, -0.001894, -0.000228, -0.090968, -0.983437, 0.156768, 0.204355, 0.000000, 0.000000, 0.000000, 1.000000, 0.995157, -0.061229, 0.076893, 0.022836, 0.078741, 0.028355, -0.996492, 0.110292, 0.058834, 0.997721, 0.033039, 0.000267, 0.000000, 0.000000, 0.000000, 1.000000
-14.7447, 0.2239, -4.3813, 198.7205, 220.7224, -0.2243, 204.3686, 22.8348, 110.2847, 0.2750, 0.995777, -0.091782, 0.001878, 0.000224, 0.090937, 0.983392, -0.157066, -0.004381, 0.012569, 0.156574, 0.987586, 0.198720, 0.000000, 0.000000, 0.000000, 1.000000, 0.012528, 0.156148, 0.987654, 0.220722, -0.995777, 0.091782, -0.001880, -0.000224, -0.090943, -0.983460, 0.156638, 0.204369, 0.000000, 0.000000, 0.000000, 1.000000, 0.995157, -0.061232, 0.076892, 0.022835, 0.078739, 0.028355, -0.996492, 0.110285, 0.058837, 0.997721, 0.033039, 0.000275, 0.000000, 0.000000, 0.000000, 1.000000
-14.7368, 0.2200, -4.3957, 198.7416, 220.7435, -0.2204, 204.3829, 22.8338, 110.2781, 0.2831, 0.995780, -0.091756, 0.001864, 0.000220, 0.090910, 0.983415, -0.156941, -0.004396, 0.012567, 0.156448, 0.987606, 0.198742, 0.000000, 0.000000, 0.000000, 1.000000, 0.012526, 0.156022, 0.987674, 0.220743, -0.995780, 0.091756, -0.001866, -0.000220, -0.090916, -0.983483, 0.156513, 0.204383, 0.000000, 0.000000, 0.000000, 1.000000, 0.995157, -0.061234, 0.076890, 0.022834, 0.078737, 0.028355, -0.996492, 0.110278, 0.058839, 0.997721, 0.033040, 0.000283, 0.000000, 0.000000, 0.000000, 1.000000
-14.7328, 0.2180, -4.4031, 198.7519, 220.7538, -0.2184, 204.3903, 22.8333, 110.2749, 0.2871, 0.995781, -0.091742, 0.001857, 0.000218, 0.090897, 0.983426, -0.156880, -0.004403, 0.012566, 0.156387, 0.987616, 0.198752, 0.000000, 0.000000, 0.000000, 1.000000, 0.012525, 0.155960, 0.987684, 0.220754, -0.995781, 0.091742, -0.001859, -0.000218, -0.090902, -0.983494, 0.156452, 0.204390, 0.000000, 0.000000, 0.000000, 1.000000, 0.995157, -0.061235, 0.076889, 0.022833, 0.078737, 0.028356, -0.996492, 0.110275, 0.058840, 0.997721, 0.033040, 0.000287, 0.000000, 0.000000, 0.000000, 1.000000
-14.7251, 0.2139, -4.4184, 198.7719, 220.7738, -0.2143, 204.4056, 22.8322, 110.2686, 0.2950, 0.995784, -0.091715, 0.001843, 0.000214, 0.090869, 0.983447, -0.156761, -0.004418, 0.012565, 0.156267, 0.987635, 0.198772, 0.000000, 0.000000, 0.000000, 1.000000, 0.012523, 0.155841, 0.987703, 0.220774, -0.995784, 0.091715, -0.001845, -0.000214, -0.090874, -0.983515, 0.156332, 0.204406, 0.000000, 0.000000, 0.000000, 1.000000, 0.995157, -0.061237, 0.076887, 0.022832, 0.078735, 0.028356, -0.996492, 0.110269, 0.058842, 0.997720, 0.033040, 0.000295, 0.000000, 0.000000, 0.000000, 1.000000
-14.7212, 0.2118, -4.4263, 198.7817, 220.7836, -0.2122, 204.4134, 22.8317, 110.2654, 0.2988, 0.995785, -0.091701, 0.001836, 0.000212, 0.090855, 0.983458, -0.156702, -0.004426, 0.012564, 0.156209, 0.987644, 0.198782, 0.000000, 0.000000, 0.000000, 1.000000, 0.012522, 0.155782, 0.987712, 0.220784, -0.995785, 0.091701, -0.001838, -0.000212, -0.090860, -0.983526, 0.156274, 0.204413, 0.000000, 0.000000, 0.000000, 1.000000, 0.995157, -0.061239, 0.076886, 0.022832, 0.078734, 0.028356, -0.996492, 0.110265, 0.058844, 0.997720, 0.033040, 0.000299, 0.000000, 0.000000, 0.000000, 1.000000
-14.7136, 0.2076, -4.4423, 198.8011, 220.8030, -0.2080, 204.4295, 22.8306, 110.2593, 0.3065, 0.995788, -0.091673, 0.001823, 0.000208, 0.090826, 0.983479, -0.156587, -0.004442, 0.012562, 0.156093, 0.987663, 0.198801, 0.000000, 0.000000, 0.000000, 1.000000, 0.012521, 0.155666, 0.987730, 0.220803, -0.995788, 0.091672, -0.001825, -0.000208, -0.090832, -0.983547, 0.156158, 0.204429, 0.000000, 0.000000, 0.000000, 1.000000, 0.995157, -0.061241, 0.076884, 0.022831, 0.078732, 0.028357, -0.996492, 0.110259, 0.058846, 0.997720, 0.033041, 0.000306, 0.000000, 0.000000, 0.000000, 1.000000
-14.7098, 0.2055, -4.4505, 198.8106, 220.8125, -0.2059, 204.4376, 22.8300, 110.2563, 0.3102, 0.995789, -0.091659, 0.001816, 0.000205, 0.090812, 0.983489, -0.156530, -0.004450, 0.012562, 0.156036, 0.987672, 0.198811, 0.000000, 0.000000, 0.000000, 1.000000, 0.012520, 0.155609, 0.987739, 0.220812, -0.995789, 0.091658, -0.001818, -0.000206, -0.090817, -0.983557, 0.156101, 0.204438, 0.000000, 0.000000, 0.000000, 1.000000, 0.995157, -0.061242, 0.076883, 0.022830, 0.078731, 0.028357, -0.996492, 0.110256, 0.058847, 0.997720, 0.033041, 0.000310, 0.000000, 0.000000, 0.000000, 1.000000
-14.7022, 0.2012, -4.4670, 198.8293, 220.8313, -0.2016, 204.4541, 22.8288, 110.2503, 0.3176, 0.995792, -0.091630, 0.001802, 0.000201, 0.090783, 0.983510, -0.156418, -0.004467, 0.012560, 0.155923, 0.987689, 0.198829, 0.000000, 0.000000, 0.000000, 1.000000, 0.012519, 0.155497, 0.987757, 0.220831, -0.995792, 0.091630, -0.001804, -0.000202, -0.090788, -0.983578, 0.155989, 0.204454, 0.000000, 0.000000, 0.000000, 1.000000, 0.995158, -0.061244, 0.076881, 0.022829, 0.078729, 0.028357, -0.996493, 0.110250, 0.058849, 0.997720, 0.033042, 0.000318, 0.000000, 0.000000, 0.000000, 1.000000
-14.6947, 0.1969, -4.4837, 198.8477, 220.8496, -0.1973, 204.4708, 22.8276, 110.2444, 0.3249, 0.995794, -0.091601, 0.001789, 0.000197, 0.090754, 0.983530, -0.156308, -0.004484, 0.012559, 0.155813, 0.987707, 0.198848, 0.000000, 0.000000, 0.000000, 1.000000, 0.012517, 0.155386, 0.987775, 0.220850, -0.995794, 0.091601, -0.001791, -0.000197, -0.090759, -0.983598, 0.155879, 0.204471, 0.000000, 0.000000, 0.000000, 1.000000, 0.995158, -0.061246, 0.076879, 0.022828, 0.078728, 0.028358, -0.996493, 0.110244, 0.058851, 0.997720, 0.033042, 0.000325, 0.000000, 0.000000, 0.000000, 1.000000
-14.6910, 0.1947, -4.4920, 198.8568, 220.8587, -0.1951, 204.4791, 22.8270, 110.2415, 0.3286, 0.995796, -0.091587, 0.001782, 0.000195, 0.090739, 0.983540, -0.156254, -0.004492, 0.012558, 0.155758, 0.987715, 0.198857, 0.000000, 0.000000, 0.000000, 1.000000, 0.012517, 0.155331, 0.987783, 0.220859, -0.995796, 0.091586, -0.001784, -0.000195, -0.090745, -0.983608, 0.155825, 0.204479, 0.000000, 0.000000, 0.000000, 1.000000, 0.995158, -0.061247, 0.076878, 0.022827, 0.078727, 0.028358, -0.996493, 0.110241, 0.058852, 0.997720, 0.033042, 0.000329, 0.000000, 0.000000, 0.000000, 1.000000
-14.6836, 0.1904, -4.5088, 198.8748, 220.8768, -0.1908, 204.4959, 22.8258, 110.2357, 0.3358, 0.995798, -0.091558, 0.001768, 0.000190, 0.090710, 0.983560, -0.156145, -0.004509, 0.012557, 0.155650, 0.987733, 0.198875, 0.000000, 0.000000, 0.000000, 1.000000, 0.012515, 0.155223, 0.987800, 0.220877, -0.995798, 0.091558, -0.001771, -0.000191, -0.090715, -0.983628, 0.155716, 0.204496, 0.000000, 0.000000, 0.000000, 1.000000, 0.995158, -0.061249, 0.076877, 0.022826, 0.078725, 0.028358, -0.996493, 0.110236, 0.058855, 0.997720, 0.033043, 0.000336, 0.000000, 0.000000, 0.000000, 1.000000
-14.6799, 0.1883, -4.5171, 198.8838, 220.8858, -0.1887, 204.5042, 22.8252, 110.2328, 0.3393, 0.995800, -0.091543, 0.001762, 0.000188, 0.090695, 0.983570, -0.156091, -0.004517, 0.012556, 0.155595, 0.987741, 0.198884, 0.000000, 0.000000, 0.000000, 1.000000, 0.012515, 0.155169, 0.987809, 0.220886, -0.995800, 0.091543, -0.001764, -0.000189, -0.090701, -0.983637, 0.155662, 0.204504, 0.000000, 0.000000, 0.000000, 1.000000, 0.995158, -0.061251, 0.076876, 0.022825, 0.078724, 0.028358, -0.996493, 0.110233, 0.058856, 0.997719, 0.033043, 0.000339, 0.000000, 0.000000, 0.000000, 1.000000
-14.6725, 0.1839, -4.5339, 198.9019, 220.9038, -0.1844, 204.5210, 22.8240, 110.2270, 0.3466, 0.995802, -0.091515, 0.001749, 0.000184, 0.090666, 0.983590, -0.155983, -0.004534, 0.012555, 0.155487, 0.987758, 0.198902, 0.000000, 0.000000, 0.000000, 1.000000, 0.012513, 0.155060, 0.987826, 0.220904, -0.995802, 0.091514, -0.001751, -0.000184, -0.090672, -0.983657, 0.155554, 0.204521, 0.000000, 0.000000, 0.000000, 1.000000, 0.995158, -0.061253, 0.076874, 0.022824, 0.078722, 0.028359, -0.996493, 0.110227, 0.058858, 0.997719, 0.033044, 0.000347, 0.000000, 0.000000, 0.000000, 1.000000
-14.6651, 0.1796, -4.5505, 198.9200, 220.9219, -0.1801, 204.5376, 22.8229, 110.2211, 0.3538, 0.995805, -0.091486, 0.001735, 0.000180, 0.090637, 0.983610, -0.155874, -0.004550, 0.012553, 0.155377, 0.987775, 0.198920, 0.000000, 0.000000, 0.000000, 1.000000, 0.012512, 0.154951, 0.987843, 0.220922, -0.995805, 0.091485, -0.001738, -0.000180, -0.090642, -0.983677, 0.155445, 0.204538, 0.000000, 0.000000, 0.000000, 1.000000, 0.995158, -0.061255, 0.076872, 0.022823, 0.078721, 0.028359, -0.996493, 0.110221, 0.058860, 0.997719, 0.033044, 0.000354, 0.000000, 0.000000, 0.000000, 1.000000
-14.6614, 0.1775, -4.5587, 198.9290, 220.9310, -0.1779, 204.5458, 22.8223, 110.2182, 0.3574, 0.995806, -0.091471, 0.001729, 0.000178, 0.090622, 0.983620, -0.155819, -0.004559, 0.012552, 0.155323, 0.987784, 0.198929, 0.000000, 0.000000, 0.000000, 1.000000, 0.012511, 0.154896, 0.987852, 0.220931, -0.995806, 0.091471, -0.001731, -0.000178, -0.090628, -0.983687, 0.155391, 0.204546, 0.000000, 0.000000, 0.000000, 1.000000, 0.995158, -0.061256, 0.076871, 0.022822, 0.078720, 0.028360, -0.996493, 0.110218, 0.058861, 0.997719, 0.033044, 0.000357, 0.000000, 0.000000, 0.000000, 1.000000
