# Joint_4_Angle(deg), Cam_X(mm), Cam_Y(mm), Cam_Z(mm), Torso_X(mm), Torso_Y(mm), Torso_Z(mm), EE_X(mm), EE_Y(mm), EE_Z(mm), T_cam2marker_flat(16), T_torso2marker_flat(16), T_ee2marker_flat(16)
-15.0000, 25.3988, -11.3232, 261.4617, 283.4711, -25.3991, 211.1767, 0.1406, -86.1051, 30.5639, 0.999366, 0.033804, 0.011151, 0.025399, -0.035379, 0.977771, 0.206670, -0.011323, -0.003917, -0.206933, 0.978347, 0.261462, 0.000000, 0.000000, 0.000000, 1.000000, -0.003889, -0.207756, 0.978173, 0.283471, -0.999366, -0.033803, -0.011152, -0.025399, 0.035383, -0.977596, -0.207493, 0.211177, 0.000000, 0.000000, 0.000000, 1.000000, -0.997301, 0.072128, -0.013700, 0.000141, -0.016054, -0.032163, 0.999354, -0.086105, 0.071641, 0.996877, 0.033234, 0.030564, 0.000000, 0.000000, 0.000000, 1.000000
-15.0000, 25.3975, -11.3152, 261.4650, 283.4744, -25.3978, 211.1691, 0.1412, -86.1039, 30.5645, 0.999366, 0.033811, 0.011152, 0.025397, -0.035387, 0.977766, 0.206689, -0.011315, -0.003915, -0.206953, 0.978343, 0.261465, 0.000000, 0.000000, 0.000000, 1.000000, -0.003887, -0.207774, 0.978169, 0.283474, -0.999366, -0.033811, -0.011153, -0.025398, 0.035390, -0.977592, -0.207511, 0.211169, 0.000000, 0.000000, 0.000000, 1.000000, -0.997301, 0.072128, -0.013699, 0.000141, -0.016054, -0.032162, 0.999354, -0.086104, 0.071641, 0.996877, 0.033234, 0.030565, 0.000000, 0.000000, 0.000000, 1.000000
-14.9999, 25.3963, -11.3085, 261.4675, 283.4769, -25.3967, 211.1626, 0.1417, -86.1030, 30.5650, 0.999366, 0.033818, 0.011153, 0.025396, -0.035394, 0.977763, 0.206703, -0.011309, -0.003914, -0.206967, 0.978340, 0.261468, 0.000000, 0.000000, 0.000000, 1.000000, -0.003886, -0.207787, 0.978166, 0.283477, -0.999366, -0.033818, -0.011154, -0.025397, 0.035397, -0.977589, -0.207524, 0.211163, 0.000000, 0.000000, 0.000000, 1.000000, -0.997301, 0.072128, -0.013699, 0.000142, -0.016053, -0.032162, 0.999354, -0.086103, 0.071641, 0.996877, 0.033233, 0.030565, 0.000000, 0.000000, 0.000000, 1.000000
-14.9981, 25.3948, -11.3040, 261.4639, 283.4732, -25.3952, 211.1583, 0.1422, -86.1048, 30.5641, 0.999365, 0.033828, 0.011152, 0.025395, -0.035403, 0.977767, 0.206684, -0.011304, -0.003913, -0.206947, 0.978344, 0.261464, 0.000000, 0.000000, 0.000000, 1.000000, -0.003884, -0.207767, 0.978171, 0.283473, -0.999365, -0.033827, -0.011154, -0.025395, 0.035406, -0.977593, -0.207503, 0.211158, 0.000000, 0.000000, 0.000000, 1.000000, -0.997301, 0.072129, -0.013698, 0.000142, -0.016052, -0.032162, 0.999354, -0.086105, 0.071641, 0.996877, 0.033233, 0.030564, 0.000000, 0.000000, 0.000000, 1.000000
-14.9969, 25.3943, -11.3040, 261.4600, 283.4693, -25.3946, 211.1584, 0.1423, -86.1065, 30.5633, 0.999365, 0.033831, 0.011152, 0.025394, -0.035406, 0.977771, 0.206662, -0.011304, -0.003912, -0.206926, 0.978349, 0.261460, 0.000000, 0.000000, 0.000000, 1.000000, -0.003884, -0.207745, 0.978175, 0.283469, -0.999365, -0.033831, -0.011153, -0.025395, 0.035409, -0.977598, -0.207482, 0.211158, 0.000000, 0.000000, 0.000000, 1.000000, -0.997301, 0.072129, -0.013698, 0.000142, -0.016052, -0.032162, 0.999354, -0.086106, 0.071642, 0.996877, 0.033233, 0.030563, 0.000000, 0.000000, 0.000000, 1.000000
-14.9962, 25.3940, -11.3041, 261.4574, 283.4668, -25.3943, 211.1587, 0.1424, -86.1076, 30.5627, 0.999365, 0.033833, 0.011151, 0.025394, -0.035408, 0.977774, 0.206649, -0.011304, -0.003912, -0.206912, 0.978352, 0.261457, 0.000000, 0.000000, 0.000000, 1.000000, -0.003884, -0.207731, 0.978178, 0.283467, -0.999365, -0.033833, -0.011153, -0.025394, 0.035411, -0.977601, -0.207468, 0.211159, 0.000000, 0.000000, 0.000000, 1.000000, -0.997301, 0.072129, -0.013697, 0.000142, -0.016052, -0.032162, 0.999354, -0.086108, 0.071642, 0.996877, 0.033233, 0.030563, 0.000000, 0.000000, 0.000000, 1.000000
-14.9943, 25.3932, -11.3048, 261.4511, 283.4605, -25.3936, 211.1594, 0.1425, -86.1103, 30.5614, 0.999365, 0.033838, 0.011150, 0.025393, -0.035412, 0.977781, 0.206614, -0.011305, -0.003911, -0.206878, 0.978359, 0.261451, 0.000000, 0.000000, 0.000000, 1.000000, -0.003883, -0.207697, 0.978186, 0.283460, -0.999365, -0.033837, -0.011151, -0.025394, 0.035415, -0.977608, -0.207433, 0.211159, 0.000000, 0.000000, 0.000000, 1.000000, -0.997301, 0.072130, -0.013696, 0.000143, -0.016051, -0.032162, 0.999354, -0.086110, 0.071643, 0.996877, 0.033233, 0.030561, 0.000000, 0.000000, 0.000000, 1.000000
-14.9919, 25.3924, -11.3057, 261.4431, 283.4525, -25.3927, 211.1604, 0.1427, -86.1137, 30.5597, 0.999365, 0.033843, 0.011149, 0.025392, -0.035417, 0.977790, 0.206571, -0.011306, -0.003910, -0.206835, 0.978368, 0.261443, 0.000000, 0.000000, 0.000000, 1.000000, -0.003882, -0.207653, 0.978195, 0.283452, -0.999365, -0.033843, -0.011150, -0.025393, 0.035420, -0.977617, -0.207389, 0.211160, 0.000000, 0.000000, 0.000000, 1.000000, -0.997301, 0.072131, -0.013695, 0.000143, -0.016049, -0.032161, 0.999354, -0.086114, 0.071644, 0.996876, 0.033232, 0.030560, 0.000000, 0.000000, 0.000000, 1.000000
-14.9906, 25.3919, -11.3063, 261.4385, 283.4478, -25.3922, 211.1611, 0.1428, -86.1157, 30.5586, 0.999365, 0.033847, 0.011148, 0.025392, -0.035420, 0.977796, 0.206546, -0.011306, -0.003909, -0.206809, 0.978373, 0.261438, 0.000000, 0.000000, 0.000000, 1.000000, -0.003881, -0.207627, 0.978200, 0.283448, -0.999365, -0.033846, -0.011149, -0.025392, 0.035423, -0.977622, -0.207364, 0.211161, 0.000000, 0.000000, 0.000000, 1.000000, -0.997301, 0.072132, -0.013695, 0.000143, -0.016049, -0.032161, 0.999354, -0.086116, 0.071645, 0.996876, 0.033232, 0.030559, 0.000000, 0.000000, 0.000000, 1.000000
-14.9874, 25.3907, -11.3075, 261.4277, 283.4370, -25.3910, 211.1624, 0.1430, -86.1204, 30.5563, 0.999365, 0.033854, 0.011146, 0.025391, -0.035427, 0.977808, 0.206487, -0.011307, -0.003908, -0.206750, 0.978386, 0.261428, 0.000000, 0.000000, 0.000000, 1.000000, -0.003880, -0.207568, 0.978213, 0.283437, -0.999365, -0.033854, -0.011147, -0.025391, 0.035430, -0.977635, -0.207304, 0.211162, 0.000000, 0.000000, 0.000000, 1.000000, -0.997301, 0.072133, -0.013693, 0.000143, -0.016047, -0.032161, 0.999354, -0.086120, 0.071646, 0.996876, 0.033232, 0.030556, 0.000000, 0.000000, 0.000000, 1.000000
-14.9856, 25.3900, -11.3082, 261.4216, 283.4309, -25.3903, 211.1632, 0.1432, -86.1230, 30.5550, 0.999364, 0.033859, 0.011145, 0.025390, -0.035431, 0.977815, 0.206454, -0.011308, -0.003907, -0.206717, 0.978393, 0.261422, 0.000000, 0.000000, 0.000000, 1.000000, -0.003879, -0.207534, 0.978220, 0.283431, -0.999364, -0.033859, -0.011146, -0.025390, 0.035434, -0.977642, -0.207271, 0.211163, 0.000000, 0.000000, 0.000000, 1.000000, -0.997301, 0.072134, -0.013692, 0.000143, -0.016046, -0.032161, 0.999354, -0.086123, 0.071647, 0.996876, 0.033232, 0.030555, 0.000000, 0.000000, 0.000000, 1.000000
-14.9793, 25.3875, -11.3103, 261.4005, 283.4098, -25.3879, 211.1655, 0.1437, -86.1322, 30.5504, 0.999364, 0.033875, 0.011141, 0.025388, -0.035445, 0.977838, 0.206338, -0.011310, -0.003904, -0.206602, 0.978417, 0.261400, 0.000000, 0.000000, 0.000000, 1.000000, -0.003876, -0.207418, 0.978245, 0.283410, -0.999364, -0.033874, -0.011142, -0.025388, 0.035448, -0.977666, -0.207155, 0.211165, 0.000000, 0.000000, 0.000000, 1.000000, -0.997301, 0.072136, -0.013689, 0.000144, -0.016043, -0.032161, 0.999354, -0.086132, 0.071649, 0.996876, 0.033231, 0.030550, 0.000000, 0.000000, 0.000000, 1.000000
-14.9744, 25.3856, -11.3117, 261.3841, 283.3934, -25.3859, 211.1671, 0.1441, -86.1392, 30.5469, 0.999364, 0.033887, 0.011138, 0.025386, -0.035456, 0.977857, 0.206249, -0.011312, -0.003902, -0.206513, 0.978436, 0.261384, 0.000000, 0.000000, 0.000000, 1.000000, -0.003874, -0.207329, 0.978264, 0.283393, -0.999364, -0.033887, -0.011139, -0.025386, 0.035460, -0.977684, -0.207065, 0.211167, 0.000000, 0.000000, 0.000000, 1.000000, -0.997301, 0.072138, -0.013687, 0.000144, -0.016041, -0.032160, 0.999354, -0.086139, 0.071651, 0.996876, 0.033231, 0.030547, 0.000000, 0.000000, 0.000000, 1.000000
-14.9717, 25.3845, -11.3124, 261.3752, 283.3846, -25.3849, 211.1678, 0.1443, -86.1431, 30.5449, 0.999363, 0.033894, 0.011136, 0.025385, -0.035463, 0.977867, 0.206201, -0.011312, -0.003901, -0.206465, 0.978446, 0.261375, 0.000000, 0.000000, 0.000000, 1.000000, -0.003873, -0.207280, 0.978274, 0.283385, -0.999363, -0.033894, -0.011138, -0.025385, 0.035466, -0.977694, -0.207017, 0.211168, 0.000000, 0.000000, 0.000000, 1.000000, -0.997301, 0.072139, -0.013685, 0.000144, -0.016040, -0.032160, 0.999354, -0.086143, 0.071652, 0.996876, 0.033230, 0.030545, 0.000000, 0.000000, 0.000000, 1.000000
-14.9660, 25.3822, -11.3137, 261.3564, 283.3657, -25.3825, 211.1693, 0.1448, -86.1512, 30.5408, 0.999363, 0.033909, 0.011133, 0.025382, -0.035476, 0.977888, 0.206098, -0.011314, -0.003898, -0.206362, 0.978468, 0.261356, 0.000000, 0.000000, 0.000000, 1.000000, -0.003870, -0.207177, 0.978296, 0.283366, -0.999363, -0.033908, -0.011134, -0.025383, 0.035479, -0.977716, -0.206914, 0.211169, 0.000000, 0.000000, 0.000000, 1.000000, -0.997301, 0.072141, -0.013683, 0.000145, -0.016037, -0.032160, 0.999354, -0.086151, 0.071655, 0.996876, 0.033230, 0.030541, 0.000000, 0.000000, 0.000000, 1.000000
-14.9630, 25.3809, -11.3143, 261.3463, 283.3556, -25.3813, 211.1700, 0.1450, -86.1556, 30.5387, 0.999363, 0.033917, 0.011131, 0.025381, -0.035483, 0.977899, 0.206043, -0.011314, -0.003897, -0.206307, 0.978480, 0.261346, 0.000000, 0.000000, 0.000000, 1.000000, -0.003868, -0.207122, 0.978307, 0.283356, -0.999363, -0.033916, -0.011132, -0.025381, 0.035486, -0.977727, -0.206859, 0.211170, 0.000000, 0.000000, 0.000000, 1.000000, -0.997300, 0.072143, -0.013681, 0.000145, -0.016036, -0.032160, 0.999354, -0.086156, 0.071656, 0.996876, 0.033230, 0.030539, 0.000000, 0.000000, 0.000000, 1.000000
-14.9565, 25.3782, -11.3154, 261.3251, 283.3344, -25.3786, 211.1713, 0.1456, -86.1648, 30.5340, 0.999362, 0.033934, 0.011127, 0.025378, -0.035499, 0.977923, 0.205928, -0.011315, -0.003893, -0.206191, 0.978504, 0.261325, 0.000000, 0.000000, 0.000000, 1.000000, -0.003865, -0.207006, 0.978332, 0.283334, -0.999362, -0.033934, -0.011128, -0.025379, 0.035502, -0.977751, -0.206742, 0.211171, 0.000000, 0.000000, 0.000000, 1.000000, -0.997300, 0.072145, -0.013678, 0.000146, -0.016032, -0.032159, 0.999354, -0.086165, 0.071659, 0.996876, 0.033229, 0.030534, 0.000000, 0.000000, 0.000000, 1.000000
-14.9496, 25.3752, -11.3163, 261.3023, 283.3116, -25.3756, 211.1723, 0.1463, -86.1747, 30.5291, 0.999362, 0.033953, 0.011123, 0.025375, -0.035516, 0.977949, 0.205803, -0.011316, -0.003890, -0.206067, 0.978530, 0.261302, 0.000000, 0.000000, 0.000000, 1.000000, -0.003862, -0.206881, 0.978359, 0.283312, -0.999362, -0.033953, -0.011124, -0.025376, 0.035519, -0.977777, -0.206618, 0.211172, 0.000000, 0.000000, 0.000000, 1.000000, -0.997300, 0.072148, -0.013675, 0.000146, -0.016029, -0.032159, 0.999354, -0.086175, 0.071662, 0.996875, 0.033228, 0.030529, 0.000000, 0.000000, 0.000000, 1.000000
-14.9459, 25.3736, -11.3167, 261.2903, 283.2996, -25.3740, 211.1728, 0.1466, -86.1799, 30.5265, 0.999361, 0.033963, 0.011120, 0.025374, -0.035525, 0.977962, 0.205738, -0.011317, -0.003888, -0.206002, 0.978544, 0.261290, 0.000000, 0.000000, 0.000000, 1.000000, -0.003860, -0.206815, 0.978372, 0.283300, -0.999361, -0.033963, -0.011122, -0.025374, 0.035528, -0.977790, -0.206552, 0.211173, 0.000000, 0.000000, 0.000000, 1.000000, -0.997300, 0.072150, -0.013673, 0.000147, -0.016027, -0.032158, 0.999354, -0.086180, 0.071663, 0.996875, 0.033228, 0.030526, 0.000000, 0.000000, 0.000000, 1.000000
-14.9382, 25.3702, -11.3172, 261.2653, 283.2746, -25.3706, 211.1735, 0.1474, -86.1907, 30.5210, 0.999361, 0.033984, 0.011116, 0.025370, -0.035545, 0.977990, 0.205602, -0.011317, -0.003884, -0.205866, 0.978572, 0.261265, 0.000000, 0.000000, 0.000000, 1.000000, -0.003856, -0.206679, 0.978401, 0.283275, -0.999361, -0.033984, -0.011117, -0.025371, 0.035548, -0.977818, -0.206416, 0.211174, 0.000000, 0.000000, 0.000000, 1.000000, -0.997300, 0.072153, -0.013669, 0.000147, -0.016024, -0.032158, 0.999354, -0.086191, 0.071666, 0.996875, 0.033227, 0.030521, 0.000000, 0.000000, 0.000000, 1.000000
-14.9342, 25.3684, -11.3174, 261.2524, 283.2617, -25.3688, 211.1738, 0.1478, -86.1964, 30.5182, 0.999360, 0.033996, 0.011113, 0.025368, -0.035555, 0.978004, 0.205532, -0.011317, -0.003881, -0.205795, 0.978587, 0.261252, 0.000000, 0.000000, 0.000000, 1.000000, -0.003853, -0.206608, 0.978416, 0.283262, -0.999360, -0.033995, -0.011114, -0.025369, 0.035558, -0.977833, -0.206345, 0.211174, 0.000000, 0.000000, 0.000000, 1.000000, -0.997300, 0.072154, -0.013667, 0.000148, -0.016022, -0.032158, 0.999354, -0.086196, 0.071668, 0.996875, 0.033227, 0.030518, 0.000000, 0.000000, 0.000000, 1.000000
-14.9216, 25.3627, -11.3175, 261.2118, 283.2211, -25.3631, 211.1741, 0.1491, -86.2140, 30.5094, 0.999359, 0.034031, 0.011105, 0.025363, -0.035587, 0.978050, 0.205311, -0.011317, -0.003874, -0.205575, 0.978634, 0.261212, 0.000000, 0.000000, 0.000000, 1.000000, -0.003846, -0.206386, 0.978463, 0.283221, -0.999359, -0.034031, -0.011107, -0.025363, 0.035590, -0.977879, -0.206123, 0.211174, 0.000000, 0.000000, 0.000000, 1.000000, -0.997300, 0.072159, -0.013661, 0.000149, -0.016016, -0.032157, 0.999355, -0.086214, 0.071673, 0.996875, 0.033225, 0.030509, 0.000000, 0.000000, 0.000000, 1.000000
-14.9173, 25.3607, -11.3173, 261.1979, 283.2071, -25.3611, 211.1741, 0.1496, -86.2201, 30.5063, 0.999359, 0.034044, 0.011103, 0.025361, -0.035599, 0.978065, 0.205235, -0.011317, -0.003872, -0.205499, 0.978650, 0.261198, 0.000000, 0.000000, 0.000000, 1.000000, -0.003844, -0.206310, 0.978479, 0.283207, -0.999359, -0.034044, -0.011104, -0.025361, 0.035602, -0.977894, -0.206047, 0.211174, 0.000000, 0.000000, 0.000000, 1.000000, -0.997299, 0.072161, -0.013659, 0.000150, -0.016013, -0.032156, 0.999355, -0.086220, 0.071675, 0.996875, 0.033225, 0.030506, 0.000000, 0.000000, 0.000000, 1.000000
-14.9084, 25.3566, -11.3169, 261.1693, 283.1786, -25.3569, 211.1739, 0.1505, -86.2325, 30.5001, 0.999358, 0.034070, 0.011097, 0.025357, -0.035622, 0.978097, 0.205080, -0.011317, -0.003867, -0.205344, 0.978682, 0.261169, 0.000000, 0.000000, 0.000000, 1.000000, -0.003839, -0.206154, 0.978512, 0.283179, -0.999358, -0.034070, -0.011098, -0.025357, 0.035625, -0.977926, -0.205891, 0.211174, 0.000000, 0.000000, 0.000000, 1.000000, -0.997299, 0.072164, -0.013654, 0.000151, -0.016009, -0.032156, 0.999355, -0.086232, 0.071679, 0.996874, 0.033224, 0.030500, 0.000000, 0.000000, 0.000000, 1.000000
-14.8992, 25.3522, -11.3161, 261.1401, 283.1493, -25.3526, 211.1733, 0.1516, -86.2452, 30.4937, 0.999357, 0.034097, 0.011091, 0.025352, -0.035647, 0.978129, 0.204921, -0.011316, -0.003862, -0.205185, 0.978716, 0.261140, 0.000000, 0.000000, 0.000000, 1.000000, -0.003833, -0.205995, 0.978546, 0.283149, -0.999357, -0.034096, -0.011093, -0.025353, 0.035650, -0.977959, -0.205732, 0.211173, 0.000000, 0.000000, 0.000000, 1.000000, -0.997299, 0.072168, -0.013650, 0.000152, -0.016005, -0.032155, 0.999355, -0.086245, 0.071683, 0.996874, 0.033223, 0.030494, 0.000000, 0.000000, 0.000000, 1.000000
-14.8946, 25.3500, -11.3156, 261.1252, 283.1345, -25.3503, 211.1729, 0.1521, -86.2517, 30.4904, 0.999357, 0.034111, 0.011088, 0.025350, -0.035659, 0.978146, 0.204840, -0.011316, -0.003859, -0.205104, 0.978733, 0.261125, 0.000000, 0.000000, 0.000000, 1.000000, -0.003831, -0.205914, 0.978563, 0.283134, -0.999357, -0.034110, -0.011090, -0.025350, 0.035663, -0.977975, -0.205651, 0.211173, 0.000000, 0.000000, 0.000000, 1.000000, -0.997299, 0.072170, -0.013647, 0.000152, -0.016002, -0.032154, 0.999355, -0.086252, 0.071685, 0.996874, 0.033222, 0.030490, 0.000000, 0.000000, 0.000000, 1.000000
-14.8850, 25.3454, -11.3144, 261.0950, 283.1043, -25.3457, 211.1719, 0.1532, -86.2649, 30.4838, 0.999356, 0.034139, 0.011082, 0.025345, -0.035685, 0.978179, 0.204677, -0.011314, -0.003853, -0.204940, 0.978767, 0.261095, 0.000000, 0.000000, 0.000000, 1.000000, -0.003825, -0.205749, 0.978597, 0.283104, -0.999356, -0.034139, -0.011084, -0.025346, 0.035688, -0.978009, -0.205486, 0.211172, 0.000000, 0.000000, 0.000000, 1.000000, -0.997299, 0.072174, -0.013643, 0.000153, -0.015998, -0.032154, 0.999355, -0.086265, 0.071689, 0.996874, 0.033221, 0.030484, 0.000000, 0.000000, 0.000000, 1.000000
-14.8802, 25.3430, -11.3137, 261.0798, 283.0890, -25.3434, 211.1713, 0.1538, -86.2715, 30.4805, 0.999355, 0.034153, 0.011079, 0.025343, -0.035699, 0.978196, 0.204594, -0.011314, -0.003850, -0.204857, 0.978784, 0.261080, 0.000000, 0.000000, 0.000000, 1.000000, -0.003822, -0.205666, 0.978615, 0.283089, -0.999355, -0.034153, -0.011081, -0.025343, 0.035702, -0.978026, -0.205403, 0.211171, 0.000000, 0.000000, 0.000000, 1.000000, -0.997299, 0.072176, -0.013640, 0.000154, -0.015995, -0.032153, 0.999355, -0.086271, 0.071691, 0.996874, 0.033221, 0.030480, 0.000000, 0.000000, 0.000000, 1.000000
-14.8705, 25.3382, -11.3120, 261.0491, 283.0583, -25.3386, 211.1698, 0.1549, -86.2849, 30.4738, 0.999354, 0.034183, 0.011073, 0.025338, -0.035725, 0.978230, 0.204427, -0.011312, -0.003844, -0.204691, 0.978819, 0.261049, 0.000000, 0.000000, 0.000000, 1.000000, -0.003816, -0.205499, 0.978650, 0.283058, -0.999354, -0.034183, -0.011074, -0.025339, 0.035729, -0.978060, -0.205236, 0.211170, 0.000000, 0.000000, 0.000000, 1.000000, -0.997298, 0.072180, -0.013635, 0.000155, -0.015991, -0.032152, 0.999355, -0.086285, 0.071695, 0.996873, 0.033220, 0.030474, 0.000000, 0.000000, 0.000000, 1.000000
-14.8509, 25.3284, -11.3078, 260.9874, 282.9966, -25.3288, 211.1661, 0.1573, -86.3118, 30.4603, 0.999352, 0.034243, 0.011060, 0.025328, -0.035781, 0.978297, 0.204093, -0.011308, -0.003832, -0.204356, 0.978889, 0.260987, 0.000000, 0.000000, 0.000000, 1.000000, -0.003804, -0.205163, 0.978720, 0.282997, -0.999352, -0.034243, -0.011062, -0.025329, 0.035784, -0.978129, -0.204900, 0.211166, 0.000000, 0.000000, 0.000000, 1.000000, -0.997298, 0.072187, -0.013626, 0.000157, -0.015981, -0.032151, 0.999355, -0.086312, 0.071703, 0.996873, 0.033218, 0.030460, 0.000000, 0.000000, 0.000000, 1.000000
-14.8460, 25.3259, -11.3066, 260.9721, 282.9813, -25.3263, 211.1650, 0.1579, -86.3185, 30.4569, 0.999352, 0.034258, 0.011057, 0.025326, -0.035795, 0.978314, 0.204009, -0.011307, -0.003828, -0.204273, 0.978906, 0.260972, 0.000000, 0.000000, 0.000000, 1.000000, -0.003800, -0.205079, 0.978738, 0.282981, -0.999352, -0.034258, -0.011059, -0.025326, 0.035798, -0.978146, -0.204816, 0.211165, 0.000000, 0.000000, 0.000000, 1.000000, -0.997298, 0.072189, -0.013623, 0.000158, -0.015979, -0.032150, 0.999355, -0.086318, 0.071705, 0.996873, 0.033217, 0.030457, 0.000000, 0.000000, 0.000000, 1.000000
-14.8411, 25.3234, -11.3054, 260.9568, 282.9660, -25.3238, 211.1639, 0.1586, -86.3251, 30.4535, 0.999351, 0.034274, 0.011054, 0.025323, -0.035809, 0.978331, 0.203926, -0.011305, -0.003825, -0.204190, 0.978924, 0.260957, 0.000000, 0.000000, 0.000000, 1.000000, -0.003797, -0.204996, 0.978755, 0.282966, -0.999351, -0.034273, -0.011056, -0.025324, 0.035812, -0.978163, -0.204733, 0.211164, 0.000000, 0.000000, 0.000000, 1.000000, -0.997298, 0.072191, -0.013621, 0.000159, -0.015976, -0.032150, 0.999355, -0.086325, 0.071707, 0.996873, 0.033217, 0.030454, 0.000000, 0.000000, 0.000000, 1.000000
-14.8313, 25.3184, -11.3027, 260.9262, 282.9354, -25.3188, 211.1615, 0.1598, -86.3385, 30.4468, 0.999350, 0.034304, 0.011048, 0.025318, -0.035837, 0.978365, 0.203761, -0.011303, -0.003819, -0.204025, 0.978958, 0.260926, 0.000000, 0.000000, 0.000000, 1.000000, -0.003791, -0.204830, 0.978790, 0.282935, -0.999350, -0.034304, -0.011049, -0.025319, 0.035840, -0.978196, -0.204566, 0.211161, 0.000000, 0.000000, 0.000000, 1.000000, -0.997298, 0.072195, -0.013616, 0.000160, -0.015971, -0.032149, 0.999355, -0.086338, 0.071711, 0.996872, 0.033215, 0.030447, 0.000000, 0.000000, 0.000000, 1.000000
-14.8264, 25.3159, -11.3013, 260.9110, 282.9202, -25.3162, 211.1602, 0.1604, -86.3451, 30.4435, 0.999350, 0.034320, 0.011045, 0.025316, -0.035851, 0.978381, 0.203679, -0.011301, -0.003816, -0.203942, 0.978976, 0.260911, 0.000000, 0.000000, 0.000000, 1.000000, -0.003788, -0.204747, 0.978808, 0.282920, -0.999350, -0.034320, -0.011046, -0.025316, 0.035854, -0.978213, -0.204484, 0.211160, 0.000000, 0.000000, 0.000000, 1.000000, -0.997297, 0.072197, -0.013614, 0.000160, -0.015969, -0.032149, 0.999356, -0.086345, 0.071713, 0.996872, 0.033215, 0.030443, 0.000000, 0.000000, 0.000000, 1.000000
-14.8167, 25.3108, -11.2983, 260.8808, 282.8899, -25.3111, 211.1574, 0.1617, -86.3583, 30.4368, 0.999349, 0.034351, 0.011038, 0.025311, -0.035879, 0.978414, 0.203515, -0.011298, -0.003809, -0.203778, 0.979010, 0.260881, 0.000000, 0.000000, 0.000000, 1.000000, -0.003781, -0.204582, 0.978842, 0.282890, -0.999349, -0.034350, -0.011040, -0.025311, 0.035882, -0.978246, -0.204319, 0.211157, 0.000000, 0.000000, 0.000000, 1.000000, -0.997297, 0.072201, -0.013609, 0.000162, -0.015964, -0.032148, 0.999356, -0.086358, 0.071717, 0.996872, 0.033214, 0.030437, 0.000000, 0.000000, 0.000000, 1.000000
-14.8070, 25.3057, -11.2952, 260.8508, 282.8600, -25.3061, 211.1545, 0.1630, -86.3714, 30.4303, 0.999348, 0.034382, 0.011032, 0.025306, -0.035907, 0.978447, 0.203353, -0.011295, -0.003803, -0.203616, 0.979043, 0.260851, 0.000000, 0.000000, 0.000000, 1.000000, -0.003775, -0.204419, 0.978876, 0.282860, -0.999348, -0.034381, -0.011033, -0.025306, 0.035911, -0.978279, -0.204156, 0.211154, 0.000000, 0.000000, 0.000000, 1.000000, -0.997297, 0.072205, -0.013604, 0.000163, -0.015959, -0.032147, 0.999356, -0.086371, 0.071721, 0.996872, 0.033213, 0.030430, 0.000000, 0.000000, 0.000000, 1.000000
-14.8022, 25.3032, -11.2935, 260.8359, 282.8451, -25.3035, 211.1530, 0.1636, -86.3779, 30.4270, 0.999347, 0.034397, 0.011029, 0.025303, -0.035922, 0.978463, 0.203272, -0.011294, -0.003799, -0.203535, 0.979060, 0.260836, 0.000000, 0.000000, 0.000000, 1.000000, -0.003771, -0.204338, 0.978893, 0.282845, -0.999347, -0.034397, -0.011030, -0.025304, 0.035925, -0.978296, -0.204075, 0.211153, 0.000000, 0.000000, 0.000000, 1.000000, -0.997297, 0.072207, -0.013602, 0.000164, -0.015957, -0.032147, 0.999356, -0.086378, 0.071723, 0.996871, 0.033212, 0.030427, 0.000000, 0.000000, 0.000000, 1.000000
-14.7926, 25.2981, -11.2901, 260.8064, 282.8156, -25.2985, 211.1498, 0.1649, -86.3908, 30.4205, 0.999346, 0.034428, 0.011023, 0.025298, -0.035950, 0.978495, 0.203112, -0.011290, -0.003793, -0.203376, 0.979093, 0.260806, 0.000000, 0.000000, 0.000000, 1.000000, -0.003765, -0.204178, 0.978927, 0.282816, -0.999346, -0.034428, -0.011024, -0.025298, 0.035953, -0.978328, -0.203915, 0.211150, 0.000000, 0.000000, 0.000000, 1.000000, -0.997297, 0.072211, -0.013597, 0.000165, -0.015952, -0.032146, 0.999356, -0.086391, 0.071727, 0.996871, 0.033211, 0.030421, 0.000000, 0.000000, 0.000000, 1.000000
-14.7831, 25.2930, -11.2866, 260.7772, 282.7863, -25.2934, 211.1465, 0.1662, -86.4035, 30.4141, 0.999345, 0.034459, 0.011017, 0.025293, -0.035978, 0.978527, 0.202954, -0.011287, -0.003786, -0.203217, 0.979126, 0.260777, 0.000000, 0.000000, 0.000000, 1.000000, -0.003758, -0.204019, 0.978960, 0.282786, -0.999345, -0.034458, -0.011018, -0.025293, 0.035981, -0.978360, -0.203756, 0.211147, 0.000000, 0.000000, 0.000000, 1.000000, -0.997297, 0.072214, -0.013592, 0.000166, -0.015948, -0.032145, 0.999356, -0.086404, 0.071731, 0.996871, 0.033210, 0.030414, 0.000000, 0.000000, 0.000000, 1.000000
-14.7691, 25.2855, -11.2811, 260.7342, 282.7433, -25.2858, 211.1414, 0.1681, -86.4223, 30.4046, 0.999344, 0.034504, 0.011007, 0.025285, -0.036020, 0.978574, 0.202721, -0.011281, -0.003777, -0.202985, 0.979175, 0.260734, 0.000000, 0.000000, 0.000000, 1.000000, -0.003749, -0.203784, 0.979009, 0.282743, -0.999344, -0.034504, -0.011009, -0.025286, 0.036023, -0.978408, -0.203521, 0.211141, 0.000000, 0.000000, 0.000000, 1.000000, -0.997296, 0.072220, -0.013585, 0.000168, -0.015941, -0.032144, 0.999356, -0.086422, 0.071737, 0.996871, 0.033208, 0.030405, 0.000000, 0.000000, 0.000000, 1.000000
-14.7646, 25.2830, -11.2792, 260.7202, 282.7292, -25.2834, 211.1397, 0.1688, -86.4285, 30.4015, 0.999343, 0.034519, 0.011004, 0.025283, -0.036034, 0.978589, 0.202645, -0.011279, -0.003774, -0.202909, 0.979190, 0.260720, 0.000000, 0.000000, 0.000000, 1.000000, -0.003746, -0.203708, 0.979024, 0.282729, -0.999343, -0.034519, -0.011006, -0.025283, 0.036037, -0.978423, -0.203445, 0.211140, 0.000000, 0.000000, 0.000000, 1.000000, -0.997296, 0.072222, -0.013583, 0.000169, -0.015939, -0.032143, 0.999356, -0.086428, 0.071739, 0.996871, 0.033208, 0.030402, 0.000000, 0.000000, 0.000000, 1.000000
-14.7556, 25.2781, -11.2754, 260.6925, 282.7016, -25.2784, 211.1361, 0.1700, -86.4406, 30.3954, 0.999342, 0.034549, 0.010999, 0.025278, -0.036061, 0.978619, 0.202496, -0.011275, -0.003767, -0.202759, 0.979221, 0.260693, 0.000000, 0.000000, 0.000000, 1.000000, -0.003739, -0.203558, 0.979056, 0.282702, -0.999342, -0.034549, -0.011000, -0.025278, 0.036064, -0.978453, -0.203295, 0.211136, 0.000000, 0.000000, 0.000000, 1.000000, -0.997296, 0.072225, -0.013578, 0.000170, -0.015934, -0.032142, 0.999356, -0.086441, 0.071742, 0.996870, 0.033206, 0.030395, 0.000000, 0.000000, 0.000000, 1.000000
-14.7511, 25.2756, -11.2735, 260.6788, 282.6879, -25.2760, 211.1344, 0.1707, -86.4465, 30.3924, 0.999342, 0.034564, 0.010996, 0.025276, -0.036075, 0.978634, 0.202422, -0.011274, -0.003764, -0.202685, 0.979237, 0.260679, 0.000000, 0.000000, 0.000000, 1.000000, -0.003736, -0.203483, 0.979071, 0.282688, -0.999342, -0.034564, -0.010997, -0.025276, 0.036078, -0.978468, -0.203220, 0.211134, 0.000000, 0.000000, 0.000000, 1.000000, -0.997296, 0.072227, -0.013576, 0.000171, -0.015932, -0.032142, 0.999356, -0.086447, 0.071744, 0.996870, 0.033206, 0.030392, 0.000000, 0.000000, 0.000000, 1.000000
-14.7422, 25.2708, -11.2697, 260.6518, 282.6608, -25.2712, 211.1308, 0.1719, -86.4584, 30.3865, 0.999341, 0.034593, 0.010990, 0.025271, -0.036102, 0.978663, 0.202275, -0.011270, -0.003758, -0.202539, 0.979267, 0.260652, 0.000000, 0.000000, 0.000000, 1.000000, -0.003730, -0.203336, 0.979102, 0.282661, -0.999341, -0.034593, -0.010991, -0.025271, 0.036105, -0.978498, -0.203073, 0.211131, 0.000000, 0.000000, 0.000000, 1.000000, -0.997296, 0.072231, -0.013572, 0.000172, -0.015927, -0.032141, 0.999356, -0.086458, 0.071748, 0.996870, 0.033205, 0.030386, 0.000000, 0.000000, 0.000000, 1.000000
-14.7378, 25.2684, -11.2678, 260.6384, 282.6474, -25.2688, 211.1290, 0.1725, -86.4642, 30.3835, 0.999341, 0.034608, 0.010987, 0.025268, -0.036115, 0.978678, 0.202203, -0.011268, -0.003755, -0.202466, 0.979282, 0.260638, 0.000000, 0.000000, 0.000000, 1.000000, -0.003727, -0.203263, 0.979117, 0.282647, -0.999341, -0.034607, -0.010988, -0.025269, 0.036118, -0.978512, -0.203000, 0.211129, 0.000000, 0.000000, 0.000000, 1.000000, -0.997296, 0.072232, -0.013569, 0.000173, -0.015925, -0.032141, 0.999356, -0.086464, 0.071750, 0.996870, 0.033204, 0.030383, 0.000000, 0.000000, 0.000000, 1.000000
-14.7248, 25.2613, -11.2619, 260.5987, 282.6078, -25.2616, 211.1235, 0.1744, -86.4816, 30.3747, 0.999339, 0.034651, 0.010979, 0.025261, -0.036155, 0.978720, 0.201988, -0.011262, -0.003746, -0.202252, 0.979326, 0.260599, 0.000000, 0.000000, 0.000000, 1.000000, -0.003718, -0.203047, 0.979162, 0.282608, -0.999339, -0.034651, -0.010980, -0.025262, 0.036158, -0.978556, -0.202784, 0.211124, 0.000000, 0.000000, 0.000000, 1.000000, -0.997295, 0.072238, -0.013563, 0.000174, -0.015919, -0.032140, 0.999357, -0.086482, 0.071755, 0.996869, 0.033203, 0.030375, 0.000000, 0.000000, 0.000000, 1.000000
-14.7206, 25.2589, -11.2600, 260.5857, 282.5947, -25.2593, 211.1217, 0.1750, -86.4873, 30.3719, 0.999339, 0.034665, 0.010976, 0.025259, -0.036168, 0.978734, 0.201918, -0.011260, -0.003743, -0.202181, 0.979341, 0.260586, 0.000000, 0.000000, 0.000000, 1.000000, -0.003715, -0.202976, 0.979177, 0.282595, -0.999339, -0.034665, -0.010977, -0.025259, 0.036171, -0.978570, -0.202713, 0.211122, 0.000000, 0.000000, 0.000000, 1.000000, -0.997295, 0.072239, -0.013561, 0.000175, -0.015917, -0.032139, 0.999357, -0.086487, 0.071757, 0.996869, 0.033202, 0.030372, 0.000000, 0.000000, 0.000000, 1.000000
-14.7079, 25.2519, -11.2542, 260.5471, 282.5561, -25.2523, 211.1163, 0.1768, -86.5042, 30.3633, 0.999337, 0.034708, 0.010968, 0.025252, -0.036207, 0.978776, 0.201709, -0.011254, -0.003734, -0.201972, 0.979384, 0.260547, 0.000000, 0.000000, 0.000000, 1.000000, -0.003706, -0.202766, 0.979220, 0.282556, -0.999337, -0.034707, -0.010969, -0.025252, 0.036210, -0.978612, -0.202503, 0.211116, 0.000000, 0.000000, 0.000000, 1.000000, -0.997295, 0.072244, -0.013554, 0.000177, -0.015910, -0.032138, 0.999357, -0.086504, 0.071762, 0.996869, 0.033201, 0.030363, 0.000000, 0.000000, 0.000000, 1.000000
-14.6996, 25.2474, -11.2503, 260.5218, 282.5308, -25.2477, 211.1127, 0.1780, -86.5153, 30.3577, 0.999336, 0.034735, 0.010963, 0.025247, -0.036233, 0.978803, 0.201572, -0.011250, -0.003729, -0.201835, 0.979412, 0.260522, 0.000000, 0.000000, 0.000000, 1.000000, -0.003701, -0.202628, 0.979249, 0.282531, -0.999336, -0.034735, -0.010964, -0.025248, 0.036236, -0.978640, -0.202365, 0.211113, 0.000000, 0.000000, 0.000000, 1.000000, -0.997295, 0.072248, -0.013550, 0.000178, -0.015906, -0.032137, 0.999357, -0.086515, 0.071766, 0.996869, 0.033200, 0.030358, 0.000000, 0.000000, 0.000000, 1.000000
-14.6954, 25.2451, -11.2484, 260.5093, 282.5183, -25.2455, 211.1110, 0.1786, -86.5208, 30.3550, 0.999336, 0.034749, 0.010960, 0.025245, -0.036246, 0.978817, 0.201504, -0.011248, -0.003726, -0.201767, 0.979426, 0.260509, 0.000000, 0.000000, 0.000000, 1.000000, -0.003698, -0.202560, 0.979263, 0.282518, -0.999336, -0.034749, -0.010962, -0.025245, 0.036249, -0.978653, -0.202297, 0.211111, 0.000000, 0.000000, 0.000000, 1.000000, -0.997295, 0.072249, -0.013548, 0.000179, -0.015904, -0.032137, 0.999357, -0.086521, 0.071767, 0.996869, 0.033199, 0.030355, 0.000000, 0.000000, 0.000000, 1.000000
-14.6873, 25.2406, -11.2446, 260.4844, 282.4934, -25.2410, 211.1074, 0.1797, -86.5316, 30.3495, 0.999335, 0.034776, 0.010955, 0.025241, -0.036271, 0.978844, 0.201369, -0.011245, -0.003720, -0.201633, 0.979454, 0.260484, 0.000000, 0.000000, 0.000000, 1.000000, -0.003693, -0.202424, 0.979291, 0.282493, -0.999335, -0.034776, -0.010956, -0.025241, 0.036274, -0.978680, -0.202161, 0.211107, 0.000000, 0.000000, 0.000000, 1.000000, -0.997294, 0.072253, -0.013544, 0.000180, -0.015900, -0.032136, 0.999357, -0.086532, 0.071771, 0.996869, 0.033198, 0.030349, 0.000000, 0.000000, 0.000000, 1.000000
-14.6832, 25.2384, -11.2428, 260.4721, 282.4811, -25.2387, 211.1057, 0.1803, -86.5370, 30.3468, 0.999335, 0.034790, 0.010953, 0.025238, -0.036283, 0.978857, 0.201303, -0.011243, -0.003718, -0.201566, 0.979468, 0.260472, 0.000000, 0.000000, 0.000000, 1.000000, -0.003690, -0.202357, 0.979305, 0.282481, -0.999335, -0.034790, -0.010954, -0.025239, 0.036286, -0.978694, -0.202094, 0.211106, 0.000000, 0.000000, 0.000000, 1.000000, -0.997294, 0.072254, -0.013542, 0.000180, -0.015898, -0.032136, 0.999357, -0.086537, 0.071773, 0.996868, 0.033198, 0.030347, 0.000000, 0.000000, 0.000000, 1.000000
-14.6712, 25.2318, -11.2372, 260.4357, 282.4446, -25.2322, 211.1006, 0.1820, -86.5530, 30.3387, 0.999333, 0.034830, 0.010945, 0.025232, -0.036320, 0.978896, 0.201105, -0.011237, -0.003710, -0.201368, 0.979509, 0.260436, 0.000000, 0.000000, 0.000000, 1.000000, -0.003682, -0.202158, 0.979346, 0.282445, -0.999333, -0.034830, -0.010947, -0.025232, 0.036323, -0.978733, -0.201895, 0.211101, 0.000000, 0.000000, 0.000000, 1.000000, -0.997294, 0.072259, -0.013536, 0.000182, -0.015892, -0.032135, 0.999357, -0.086553, 0.071778, 0.996868, 0.033196, 0.030339, 0.000000, 0.000000, 0.000000, 1.000000
-14.6633, 25.2275, -11.2336, 260.4117, 282.4206, -25.2279, 211.0972, 0.1831, -86.5635, 30.3334, 0.999332, 0.034856, 0.010940, 0.025228, -0.036345, 0.978922, 0.200975, -0.011234, -0.003705, -0.201238, 0.979535, 0.260412, 0.000000, 0.000000, 0.000000, 1.000000, -0.003677, -0.202027, 0.979373, 0.282421, -0.999332, -0.034856, -0.010942, -0.025228, 0.036348, -0.978760, -0.201764, 0.211097, 0.000000, 0.000000, 0.000000, 1.000000, -0.997294, 0.072262, -0.013532, 0.000183, -0.015888, -0.032134, 0.999357, -0.086564, 0.071781, 0.996868, 0.033195, 0.030333, 0.000000, 0.000000, 0.000000, 1.000000
-14.6555, 25.2232, -11.2301, 260.3879, 282.3968, -25.2236, 211.0940, 0.1842, -86.5739, 30.3281, 0.999332, 0.034882, 0.010936, 0.025223, -0.036369, 0.978948, 0.200846, -0.011230, -0.003699, -0.201109, 0.979562, 0.260388, 0.000000, 0.000000, 0.000000, 1.000000, -0.003672, -0.201897, 0.979400, 0.282397, -0.999332, -0.034882, -0.010937, -0.025224, 0.036372, -0.978785, -0.201634, 0.211094, 0.000000, 0.000000, 0.000000, 1.000000, -0.997294, 0.072265, -0.013528, 0.000184, -0.015884, -0.032133, 0.999357, -0.086574, 0.071784, 0.996868, 0.033194, 0.030328, 0.000000, 0.000000, 0.000000, 1.000000
-14.6478, 25.2191, -11.2267, 260.3644, 282.3733, -25.2194, 211.0908, 0.1853, -86.5843, 30.3229, 0.999331, 0.034908, 0.010931, 0.025219, -0.036392, 0.978973, 0.200718, -0.011227, -0.003694, -0.200981, 0.979588, 0.260364, 0.000000, 0.000000, 0.000000, 1.000000, -0.003667, -0.201768, 0.979426, 0.282373, -0.999331, -0.034908, -0.010932, -0.025219, 0.036395, -0.978811, -0.201505, 0.211091, 0.000000, 0.000000, 0.000000, 1.000000, -0.997294, 0.072268, -0.013524, 0.000185, -0.015881, -0.032133, 0.999357, -0.086584, 0.071787, 0.996867, 0.033193, 0.030323, 0.000000, 0.000000, 0.000000, 1.000000
-14.6400, 25.2149, -11.2233, 260.3409, 282.3498, -25.2153, 211.0877, 0.1864, -86.5946, 30.3176, 0.999330, 0.034934, 0.010926, 0.025215, -0.036416, 0.978998, 0.200590, -0.011223, -0.003690, -0.200854, 0.979614, 0.260341, 0.000000, 0.000000, 0.000000, 1.000000, -0.003662, -0.201640, 0.979453, 0.282350, -0.999330, -0.034933, -0.010928, -0.025215, 0.036419, -0.978837, -0.201377, 0.211088, 0.000000, 0.000000, 0.000000, 1.000000, -0.997293, 0.072271, -0.013520, 0.000186, -0.015877, -0.032132, 0.999358, -0.086595, 0.071790, 0.996867, 0.033192, 0.030318, 0.000000, 0.000000, 0.000000, 1.000000
-14.6362, 25.2128, -11.2216, 260.3292, 282.3381, -25.2132, 211.0862, 0.1869, -86.5997, 30.3151, 0.999329, 0.034946, 0.010924, 0.025213, -0.036428, 0.979011, 0.200527, -0.011222, -0.003687, -0.200790, 0.979627, 0.260329, 0.000000, 0.000000, 0.000000, 1.000000, -0.003659, -0.201576, 0.979466, 0.282338, -0.999329, -0.034946, -0.010926, -0.025213, 0.036431, -0.978849, -0.201313, 0.211086, 0.000000, 0.000000, 0.000000, 1.000000, -0.997293, 0.072273, -0.013518, 0.000187, -0.015875, -0.032131, 0.999358, -0.086600, 0.071792, 0.996867, 0.033192, 0.030315, 0.000000, 0.000000, 0.000000, 1.000000
-14.6286, 25.2070, -11.2083, 260.3104, 282.3193, -25.2074, 211.0730, 0.1887, -86.6084, 30.3107, 0.999328, 0.034982, 0.010921, 0.025207, -0.036462, 0.979030, 0.200424, -0.011208, -0.003681, -0.200688, 0.979648, 0.260310, 0.000000, 0.000000, 0.000000, 1.000000, -0.003653, -0.201473, 0.979487, 0.282319, -0.999328, -0.034982, -0.010922, -0.025207, 0.036465, -0.978869, -0.201210, 0.211073, 0.000000, 0.000000, 0.000000, 1.000000, -0.997293, 0.072276, -0.013514, 0.000189, -0.015871, -0.032130, 0.999358, -0.086608, 0.071795, 0.996867, 0.033191, 0.030311, 0.000000, 0.000000, 0.000000, 1.000000
-14.6248, 25.2039, -11.2004, 260.3017, 282.3106, -25.2043, 211.0651, 0.1897, -86.6125, 30.3087, 0.999328, 0.035001, 0.010920, 0.025204, -0.036480, 0.979040, 0.200377, -0.011200, -0.003677, -0.200640, 0.979658, 0.260302, 0.000000, 0.000000, 0.000000, 1.000000, -0.003650, -0.201425, 0.979497, 0.282311, -0.999328, -0.035000, -0.010921, -0.025204, 0.036483, -0.978878, -0.201162, 0.211065, 0.000000, 0.000000, 0.000000, 1.000000, -0.997293, 0.072277, -0.013512, 0.000190, -0.015869, -0.032130, 0.999358, -0.086613, 0.071797, 0.996867, 0.033190, 0.030309, 0.000000, 0.000000, 0.000000, 1.000000
-14.6173, 25.1978, -11.1856, 260.2840, 282.2929, -25.1982, 211.0505, 0.1917, -86.6208, 30.3045, 0.999326, 0.035037, 0.010917, 0.025198, -0.036515, 0.979058, 0.200280, -0.011186, -0.003671, -0.200544, 0.979678, 0.260284, 0.000000, 0.000000, 0.000000, 1.000000, -0.003643, -0.201328, 0.979517, 0.282293, -0.999326, -0.035037, -0.010918, -0.025198, 0.036518, -0.978897, -0.201065, 0.211050, 0.000000, 0.000000, 0.000000, 1.000000, -0.997293, 0.072280, -0.013508, 0.000192, -0.015865, -0.032129, 0.999358, -0.086621, 0.071800, 0.996867, 0.033188, 0.030305, 0.000000, 0.000000, 0.000000, 1.000000
-14.6099, 25.1921, -11.1723, 260.2659, 282.2748, -25.1925, 211.0372, 0.1935, -86.6293, 30.3003, 0.999325, 0.035073, 0.010914, 0.025192, -0.036548, 0.979077, 0.200181, -0.011172, -0.003665, -0.200445, 0.979698, 0.260266, 0.000000, 0.000000, 0.000000, 1.000000, -0.003637, -0.201229, 0.979537, 0.282275, -0.999325, -0.035072, -0.010916, -0.025192, 0.036551, -0.978916, -0.200966, 0.211037, 0.000000, 0.000000, 0.000000, 1.000000, -0.997293, 0.072283, -0.013505, 0.000193, -0.015861, -0.032128, 0.999358, -0.086629, 0.071803, 0.996867, 0.033187, 0.030300, 0.000000, 0.000000, 0.000000, 1.000000
-14.6062, 25.1893, -11.1662, 260.2567, 282.2655, -25.1897, 211.0312, 0.1944, -86.6335, 30.2982, 0.999325, 0.035089, 0.010913, 0.025189, -0.036564, 0.979087, 0.200130, -0.011166, -0.003662, -0.200394, 0.979709, 0.260257, 0.000000, 0.000000, 0.000000, 1.000000, -0.003634, -0.201178, 0.979548, 0.282266, -0.999325, -0.035089, -0.010914, -0.025190, 0.036567, -0.978926, -0.200915, 0.211031, 0.000000, 0.000000, 0.000000, 1.000000, -0.997293, 0.072284, -0.013503, 0.000194, -0.015859, -0.032127, 0.999358, -0.086634, 0.071804, 0.996866, 0.033187, 0.030298, 0.000000, 0.000000, 0.000000, 1.000000
-14.5988, 25.1840, -11.1552, 260.2379, 282.2467, -25.1844, 211.0203, 0.1960, -86.6422, 30.2939, 0.999323, 0.035122, 0.010910, 0.025184, -0.036595, 0.979107, 0.200027, -0.011155, -0.003657, -0.200291, 0.979730, 0.260238, 0.000000, 0.000000, 0.000000, 1.000000, -0.003629, -0.201075, 0.979569, 0.282247, -0.999323, -0.035122, -0.010911, -0.025184, 0.036598, -0.978946, -0.200812, 0.211020, 0.000000, 0.000000, 0.000000, 1.000000, -0.997293, 0.072287, -0.013499, 0.000196, -0.015855, -0.032126, 0.999358, -0.086642, 0.071807, 0.996866, 0.033185, 0.030294, 0.000000, 0.000000, 0.000000, 1.000000
-14.5952, 25.1814, -11.1503, 260.2283, 282.2371, -25.1818, 211.0154, 0.1968, -86.6466, 30.2917, 0.999323, 0.035138, 0.010908, 0.025181, -0.036610, 0.979117, 0.199974, -0.011150, -0.003654, -0.200238, 0.979740, 0.260228, 0.000000, 0.000000, 0.000000, 1.000000, -0.003626, -0.201022, 0.979580, 0.282237, -0.999323, -0.035137, -0.010910, -0.025182, 0.036613, -0.978956, -0.200759, 0.211015, 0.000000, 0.000000, 0.000000, 1.000000, -0.997292, 0.072289, -0.013497, 0.000197, -0.015853, -0.032126, 0.999358, -0.086647, 0.071809, 0.996866, 0.033185, 0.030292, 0.000000, 0.000000, 0.000000, 1.000000
-14.5806, 25.1719, -11.1342, 260.1885, 282.1973, -25.1723, 210.9995, 0.1995, -86.6646, 30.2826, 0.999321, 0.035197, 0.010902, 0.025172, -0.036666, 0.979159, 0.199756, -0.011134, -0.003644, -0.200020, 0.979785, 0.260188, 0.000000, 0.000000, 0.000000, 1.000000, -0.003616, -0.200803, 0.979625, 0.282197, -0.999321, -0.035196, -0.010903, -0.025172, 0.036669, -0.978999, -0.200540, 0.211000, 0.000000, 0.000000, 0.000000, 1.000000, -0.997292, 0.072294, -0.013489, 0.000200, -0.015846, -0.032124, 0.999358, -0.086665, 0.071815, 0.996866, 0.033183, 0.030283, 0.000000, 0.000000, 0.000000, 1.000000
-14.5733, 25.1675, -11.1282, 260.1677, 282.1765, -25.1679, 210.9937, 0.2008, -86.6739, 30.2779, 0.999320, 0.035224, 0.010898, 0.025167, -0.036691, 0.979182, 0.199642, -0.011128, -0.003639, -0.199906, 0.979808, 0.260168, 0.000000, 0.000000, 0.000000, 1.000000, -0.003612, -0.200689, 0.979648, 0.282177, -0.999320, -0.035223, -0.010900, -0.025168, 0.036694, -0.979022, -0.200426, 0.210994, 0.000000, 0.000000, 0.000000, 1.000000, -0.997292, 0.072297, -0.013486, 0.000201, -0.015842, -0.032123, 0.999358, -0.086674, 0.071818, 0.996866, 0.033182, 0.030278, 0.000000, 0.000000, 0.000000, 1.000000
