# Joint_4_Angle(deg), Cam_X(mm), Cam_Y(mm), Cam_Z(mm), Torso_X(mm), Torso_Y(mm), Torso_Z(mm), EE_X(mm), EE_Y(mm), EE_Z(mm), T_cam2marker_flat(16), T_torso2marker_flat(16), T_ee2marker_flat(16)
-14.9996, 5.7418, -4.4764, 202.6315, 224.6329, -5.7422, 204.4870, 28.1791, 108.7816, -0.6450, 0.988436, -0.143235, 0.049779, 0.005742, 0.149043, 0.978153, -0.144921, -0.004476, -0.027933, 0.150664, 0.988190, 0.202631, 0.000000, 0.000000, 0.000000, 1.000000, -0.027982, 0.150361, 0.988235, 0.224633, -0.988436, 0.143234, -0.049781, -0.005742, -0.149034, -0.978200, 0.144614, 0.204487, 0.000000, 0.000000, 0.000000, 1.000000, 0.995175, -0.059439, 0.078060, 0.028179, 0.080005, 0.031061, -0.996310, 0.108782, 0.056795, 0.997749, 0.035666, -0.000645, 0.000000, 0.000000, 0.000000, 1.000000
-14.9996, 5.7409, -4.4822, 202.6288, 224.6301, -5.7413, 204.4926, 28.1786, 108.7824, -0.6458, 0.988437, -0.143229, 0.049777, 0.005741, 0.149037, 0.978152, -0.144937, -0.004482, -0.027931, 0.150680, 0.988188, 0.202629, 0.000000, 0.000000, 0.000000, 1.000000, -0.027979, 0.150376, 0.988233, 0.224630, -0.988437, 0.143228, -0.049779, -0.005741, -0.149028, -0.978199, 0.144630, 0.204493, 0.000000, 0.000000, 0.000000, 1.000000, 0.995175, -0.059438, 0.078060, 0.028179, 0.080005, 0.031061, -0.996310, 0.108782, 0.056795, 0.997749, 0.035666, -0.000646, 0.000000, 0.000000, 0.000000, 1.000000
-14.9996, 5.7395, -4.4909, 202.6247, 224.6261, -5.7399, 204.5010, 28.1779, 108.7835, -0.6470, 0.988438, -0.143219, 0.049776, 0.005739, 0.149028, 0.978150, -0.144961, -0.004491, -0.027927, 0.150703, 0.988184, 0.202625, 0.000000, 0.000000, 0.000000, 1.000000, -0.027975, 0.150398, 0.988230, 0.224626, -0.988438, 0.143219, -0.049778, -0.005740, -0.149020, -0.978197, 0.144653, 0.204501, 0.000000, 0.000000, 0.000000, 1.000000, 0.995175, -0.059438, 0.078060, 0.028178, 0.080005, 0.031061, -0.996310, 0.108783, 0.056794, 0.997749, 0.035666, -0.000647, 0.000000, 0.000000, 0.000000, 1.000000
-14.9995, 5.7387, -4.4954, 202.6225, 224.6239, -5.7392, 204.5054, 28.1776, 108.7841, -0.6476, 0.988439, -0.143214, 0.049775, 0.005739, 0.149024, 0.978148, -0.144974, -0.004495, -0.027925, 0.150716, 0.988183, 0.202623, 0.000000, 0.000000, 0.000000, 1.000000, -0.027974, 0.150410, 0.988228, 0.224624, -0.988439, 0.143214, -0.049777, -0.005739, -0.149015, -0.978196, 0.144665, 0.204505, 0.000000, 0.000000, 0.000000, 1.000000, 0.995175, -0.059438, 0.078060, 0.028178, 0.080005, 0.031061, -0.996310, 0.108784, 0.056794, 0.997749, 0.035667, -0.000648, 0.000000, 0.000000, 0.000000, 1.000000
-14.9995, 5.7380, -4.5001, 202.6205, 224.6219, -5.7384, 204.5100, 28.1772, 108.7846, -0.6482, 0.988440, -0.143209, 0.049774, 0.005738, 0.149019, 0.978147, -0.144986, -0.004500, -0.027923, 0.150727, 0.988181, 0.202621, 0.000000, 0.000000, 0.000000, 1.000000, -0.027972, 0.150421, 0.988226, 0.224622, -0.988440, 0.143209, -0.049776, -0.005738, -0.149010, -0.978195, 0.144676, 0.204510, 0.000000, 0.000000, 0.000000, 1.000000, 0.995175, -0.059438, 0.078060, 0.028177, 0.080005, 0.031061, -0.996310, 0.108785, 0.056794, 0.997749, 0.035667, -0.000648, 0.000000, 0.000000, 0.000000, 1.000000
-14.9992, 5.7367, -4.5073, 202.6180, 224.6194, -5.7371, 204.5170, 28.1766, 108.7852, -0.6488, 0.988441, -0.143201, 0.049772, 0.005737, 0.149011, 0.978147, -0.145000, -0.004507, -0.027920, 0.150741, 0.988179, 0.202618, 0.000000, 0.000000, 0.000000, 1.000000, -0.027969, 0.150434, 0.988224, 0.224619, -0.988441, 0.143201, -0.049774, -0.005737, -0.149002, -0.978194, 0.144690, 0.204517, 0.000000, 0.000000, 0.000000, 1.000000, 0.995175, -0.059438, 0.078060, 0.028177, 0.080004, 0.031061, -0.996310, 0.108785, 0.056794, 0.997749, 0.035667, -0.000649, 0.000000, 0.000000, 0.000000, 1.000000
-14.9970, 5.7336, -4.5231, 202.6180, 224.6194, -5.7340, 204.5326, 28.1754, 108.7849, -0.6482, 0.988445, -0.143180, 0.049767, 0.005734, 0.148990, 0.978150, -0.145000, -0.004523, -0.027918, 0.150739, 0.988179, 0.202618, 0.000000, 0.000000, 0.000000, 1.000000, -0.027968, 0.150430, 0.988225, 0.224619, -0.988445, 0.143180, -0.049769, -0.005734, -0.148981, -0.978197, 0.144688, 0.204533, 0.000000, 0.000000, 0.000000, 1.000000, 0.995175, -0.059439, 0.078060, 0.028175, 0.080004, 0.031062, -0.996310, 0.108785, 0.056795, 0.997749, 0.035667, -0.000648, 0.000000, 0.000000, 0.000000, 1.000000
-14.9955, 5.7323, -4.5290, 202.6202, 224.6216, -5.7327, 204.5384, 28.1749, 108.7842, -0.6472, 0.988446, -0.143172, 0.049764, 0.005732, 0.148980, 0.978153, -0.144986, -0.004529, -0.027919, 0.150725, 0.988181, 0.202620, 0.000000, 0.000000, 0.000000, 1.000000, -0.027968, 0.150416, 0.988227, 0.224622, -0.988446, 0.143171, -0.049766, -0.005733, -0.148971, -0.978201, 0.144674, 0.204538, 0.000000, 0.000000, 0.000000, 1.000000, 0.995175, -0.059439, 0.078059, 0.028175, 0.080004, 0.031062, -0.996310, 0.108784, 0.056795, 0.997749, 0.035668, -0.000647, 0.000000, 0.000000, 0.000000, 1.000000
-14.9937, 5.7318, -4.5294, 202.6265, 224.6279, -5.7322, 204.5387, 28.1750, 108.7822, -0.6448, 0.988447, -0.143168, 0.049762, 0.005732, 0.148976, 0.978159, -0.144949, -0.004529, -0.027923, 0.150688, 0.988187, 0.202626, 0.000000, 0.000000, 0.000000, 1.000000, -0.027972, 0.150378, 0.988233, 0.224628, -0.988446, 0.143168, -0.049764, -0.005732, -0.148967, -0.978207, 0.144636, 0.204539, 0.000000, 0.000000, 0.000000, 1.000000, 0.995175, -0.059440, 0.078059, 0.028175, 0.080003, 0.031062, -0.996311, 0.108782, 0.056796, 0.997748, 0.035668, -0.000645, 0.000000, 0.000000, 0.000000, 1.000000
-14.9926, 5.7314, -4.5300, 202.6301, 224.6315, -5.7319, 204.5392, 28.1750, 108.7811, -0.6435, 0.988447, -0.143166, 0.049761, 0.005731, 0.148972, 0.978163, -0.144928, -0.004530, -0.027925, 0.150667, 0.988190, 0.202630, 0.000000, 0.000000, 0.000000, 1.000000, -0.027975, 0.150357, 0.988236, 0.224631, -0.988447, 0.143166, -0.049763, -0.005732, -0.148964, -0.978211, 0.144615, 0.204539, 0.000000, 0.000000, 0.000000, 1.000000, 0.995175, -0.059440, 0.078059, 0.028175, 0.080003, 0.031062, -0.996311, 0.108781, 0.056796, 0.997748, 0.035668, -0.000644, 0.000000, 0.000000, 0.000000, 1.000000
-14.9914, 5.7310, -4.5308, 202.6340, 224.6354, -5.7315, 204.5399, 28.1750, 108.7799, -0.6420, 0.988447, -0.143163, 0.049759, 0.005731, 0.148969, 0.978167, -0.144905, -0.004531, -0.027928, 0.150644, 0.988194, 0.202634, 0.000000, 0.000000, 0.000000, 1.000000, -0.027977, 0.150334, 0.988239, 0.224635, -0.988447, 0.143163, -0.049761, -0.005731, -0.148960, -0.978215, 0.144592, 0.204540, 0.000000, 0.000000, 0.000000, 1.000000, 0.995175, -0.059440, 0.078058, 0.028175, 0.080003, 0.031062, -0.996311, 0.108780, 0.056796, 0.997748, 0.035668, -0.000642, 0.000000, 0.000000, 0.000000, 1.000000
-14.9886, 5.7300, -4.5332, 202.6427, 224.6441, -5.7305, 204.5422, 28.1749, 108.7772, -0.6388, 0.988449, -0.143156, 0.049755, 0.005730, 0.148960, 0.978176, -0.144854, -0.004533, -0.027933, 0.150592, 0.988201, 0.202643, 0.000000, 0.000000, 0.000000, 1.000000, -0.027982, 0.150281, 0.988247, 0.224644, -0.988449, 0.143156, -0.049757, -0.005730, -0.148951, -0.978224, 0.144539, 0.204542, 0.000000, 0.000000, 0.000000, 1.000000, 0.995175, -0.059441, 0.078058, 0.028175, 0.080002, 0.031062, -0.996311, 0.108777, 0.056797, 0.997748, 0.035668, -0.000639, 0.000000, 0.000000, 0.000000, 1.000000
-14.9870, 5.7294, -4.5347, 202.6475, 224.6489, -5.7299, 204.5436, 28.1748, 108.7757, -0.6369, 0.988449, -0.143152, 0.049753, 0.005729, 0.148955, 0.978181, -0.144826, -0.004535, -0.027935, 0.150564, 0.988206, 0.202648, 0.000000, 0.000000, 0.000000, 1.000000, -0.027985, 0.150252, 0.988252, 0.224649, -0.988449, 0.143152, -0.049755, -0.005730, -0.148946, -0.978229, 0.144511, 0.204544, 0.000000, 0.000000, 0.000000, 1.000000, 0.995175, -0.059442, 0.078057, 0.028175, 0.080002, 0.031063, -0.996311, 0.108776, 0.056798, 0.997748, 0.035668, -0.000637, 0.000000, 0.000000, 0.000000, 1.000000
-14.9835, 5.7280, -4.5386, 202.6581, 224.6596, -5.7284, 204.5474, 28.1746, 108.7725, -0.6329, 0.988451, -0.143142, 0.049748, 0.005728, 0.148943, 0.978192, -0.144763, -0.004539, -0.027942, 0.150501, 0.988215, 0.202658, 0.000000, 0.000000, 0.000000, 1.000000, -0.027991, 0.150189, 0.988261, 0.224660, -0.988451, 0.143142, -0.049750, -0.005728, -0.148934, -0.978240, 0.144448, 0.204547, 0.000000, 0.000000, 0.000000, 1.000000, 0.995175, -0.059443, 0.078056, 0.028175, 0.080001, 0.031063, -0.996311, 0.108772, 0.056799, 0.997748, 0.035668, -0.000633, 0.000000, 0.000000, 0.000000, 1.000000
-14.9794, 5.7263, -4.5436, 202.6701, 224.6716, -5.7267, 204.5523, 28.1744, 108.7687, -0.6283, 0.988453, -0.143130, 0.049742, 0.005726, 0.148928, 0.978205, -0.144692, -0.004544, -0.027948, 0.150429, 0.988226, 0.202670, 0.000000, 0.000000, 0.000000, 1.000000, -0.027998, 0.150117, 0.988272, 0.224672, -0.988453, 0.143130, -0.049744, -0.005727, -0.148919, -0.978253, 0.144376, 0.204552, 0.000000, 0.000000, 0.000000, 1.000000, 0.995175, -0.059444, 0.078055, 0.028174, 0.080000, 0.031063, -0.996311, 0.108769, 0.056800, 0.997748, 0.035669, -0.000628, 0.000000, 0.000000, 0.000000, 1.000000
-14.9696, 5.7220, -4.5567, 202.6983, 224.6997, -5.7224, 204.5652, 28.1736, 108.7599, -0.6174, 0.988458, -0.143101, 0.049728, 0.005722, 0.148892, 0.978235, -0.144526, -0.004557, -0.027964, 0.150262, 0.988251, 0.202698, 0.000000, 0.000000, 0.000000, 1.000000, -0.028014, 0.149948, 0.988297, 0.224700, -0.988458, 0.143100, -0.049730, -0.005722, -0.148883, -0.978283, 0.144209, 0.204565, 0.000000, 0.000000, 0.000000, 1.000000, 0.995175, -0.059447, 0.078053, 0.028174, 0.079998, 0.031064, -0.996311, 0.108760, 0.056803, 0.997748, 0.035669, -0.000617, 0.000000, 0.000000, 0.000000, 1.000000
-14.9668, 5.7207, -4.5606, 202.7061, 224.7076, -5.7211, 204.5690, 28.1734, 108.7574, -0.6144, 0.988460, -0.143092, 0.049724, 0.005721, 0.148881, 0.978243, -0.144479, -0.004561, -0.027968, 0.150215, 0.988258, 0.202706, 0.000000, 0.000000, 0.000000, 1.000000, -0.028018, 0.149901, 0.988304, 0.224708, -0.988459, 0.143092, -0.049726, -0.005721, -0.148872, -0.978292, 0.144162, 0.204569, 0.000000, 0.000000, 0.000000, 1.000000, 0.995175, -0.059448, 0.078052, 0.028173, 0.079997, 0.031064, -0.996311, 0.108757, 0.056804, 0.997748, 0.035669, -0.000614, 0.000000, 0.000000, 0.000000, 1.000000
-14.9610, 5.7180, -4.5691, 202.7226, 224.7241, -5.7184, 204.5774, 28.1729, 108.7523, -0.6080, 0.988463, -0.143074, 0.049715, 0.005718, 0.148859, 0.978261, -0.144381, -0.004569, -0.027977, 0.150116, 0.988272, 0.202723, 0.000000, 0.000000, 0.000000, 1.000000, -0.028027, 0.149802, 0.988319, 0.224724, -0.988463, 0.143073, -0.049717, -0.005718, -0.148850, -0.978309, 0.144064, 0.204577, 0.000000, 0.000000, 0.000000, 1.000000, 0.995175, -0.059450, 0.078051, 0.028173, 0.079996, 0.031064, -0.996311, 0.108752, 0.056806, 0.997748, 0.035670, -0.000608, 0.000000, 0.000000, 0.000000, 1.000000
-14.9579, 5.7165, -4.5736, 202.7314, 224.7328, -5.7170, 204.5819, 28.1726, 108.7495, -0.6046, 0.988464, -0.143064, 0.049710, 0.005717, 0.148847, 0.978271, -0.144330, -0.004574, -0.027982, 0.150064, 0.988280, 0.202731, 0.000000, 0.000000, 0.000000, 1.000000, -0.028032, 0.149750, 0.988326, 0.224733, -0.988464, 0.143063, -0.049712, -0.005717, -0.148838, -0.978319, 0.144012, 0.204582, 0.000000, 0.000000, 0.000000, 1.000000, 0.995175, -0.059450, 0.078050, 0.028173, 0.079995, 0.031064, -0.996311, 0.108750, 0.056807, 0.997748, 0.035670, -0.000605, 0.000000, 0.000000, 0.000000, 1.000000
-14.9513, 5.7134, -4.5835, 202.7499, 224.7513, -5.7139, 204.5917, 28.1720, 108.7437, -0.5974, 0.988468, -0.143042, 0.049700, 0.005713, 0.148821, 0.978291, -0.144220, -0.004584, -0.027992, 0.149954, 0.988297, 0.202750, 0.000000, 0.000000, 0.000000, 1.000000, -0.028042, 0.149639, 0.988343, 0.224751, -0.988468, 0.143042, -0.049702, -0.005714, -0.148812, -0.978339, 0.143902, 0.204592, 0.000000, 0.000000, 0.000000, 1.000000, 0.995175, -0.059452, 0.078049, 0.028172, 0.079994, 0.031065, -0.996311, 0.108744, 0.056809, 0.997748, 0.035671, -0.000597, 0.000000, 0.000000, 0.000000, 1.000000
-14.9478, 5.7118, -4.5888, 202.7596, 224.7610, -5.7122, 204.5969, 28.1717, 108.7406, -0.5936, 0.988470, -0.143031, 0.049695, 0.005712, 0.148807, 0.978301, -0.144163, -0.004589, -0.027997, 0.149896, 0.988305, 0.202760, 0.000000, 0.000000, 0.000000, 1.000000, -0.028047, 0.149581, 0.988352, 0.224761, -0.988470, 0.143031, -0.049697, -0.005712, -0.148798, -0.978350, 0.143845, 0.204597, 0.000000, 0.000000, 0.000000, 1.000000, 0.995175, -0.059453, 0.078048, 0.028172, 0.079993, 0.031065, -0.996311, 0.108741, 0.056810, 0.997748, 0.035671, -0.000594, 0.000000, 0.000000, 0.000000, 1.000000
-14.9405, 5.7083, -4.5999, 202.7799, 224.7813, -5.7087, 204.6080, 28.1710, 108.7343, -0.5857, 0.988474, -0.143007, 0.049684, 0.005708, 0.148779, 0.978323, -0.144043, -0.004600, -0.028008, 0.149775, 0.988323, 0.202780, 0.000000, 0.000000, 0.000000, 1.000000, -0.028058, 0.149459, 0.988370, 0.224781, -0.988474, 0.143007, -0.049686, -0.005709, -0.148770, -0.978372, 0.143724, 0.204608, 0.000000, 0.000000, 0.000000, 1.000000, 0.995175, -0.059456, 0.078046, 0.028171, 0.079991, 0.031065, -0.996311, 0.108734, 0.056812, 0.997747, 0.035671, -0.000586, 0.000000, 0.000000, 0.000000, 1.000000
-14.9328, 5.7045, -4.6118, 202.8013, 224.8027, -5.7050, 204.6198, 28.1703, 108.7275, -0.5774, 0.988478, -0.142982, 0.049672, 0.005705, 0.148748, 0.978347, -0.143916, -0.004612, -0.028019, 0.149647, 0.988342, 0.202801, 0.000000, 0.000000, 0.000000, 1.000000, -0.028069, 0.149331, 0.988389, 0.224803, -0.988478, 0.142982, -0.049674, -0.005705, -0.148739, -0.978395, 0.143597, 0.204620, 0.000000, 0.000000, 0.000000, 1.000000, 0.995175, -0.059458, 0.078044, 0.028170, 0.079989, 0.031066, -0.996312, 0.108728, 0.056814, 0.997747, 0.035672, -0.000577, 0.000000, 0.000000, 0.000000, 1.000000
-14.9288, 5.7026, -4.6180, 202.8123, 224.8138, -5.7030, 204.6259, 28.1699, 108.7240, -0.5731, 0.988480, -0.142969, 0.049666, 0.005703, 0.148733, 0.978359, -0.143851, -0.004618, -0.028025, 0.149581, 0.988352, 0.202812, 0.000000, 0.000000, 0.000000, 1.000000, -0.028075, 0.149265, 0.988399, 0.224814, -0.988480, 0.142968, -0.049668, -0.005703, -0.148724, -0.978407, 0.143532, 0.204626, 0.000000, 0.000000, 0.000000, 1.000000, 0.995175, -0.059459, 0.078043, 0.028170, 0.079988, 0.031066, -0.996312, 0.108724, 0.056815, 0.997747, 0.035672, -0.000573, 0.000000, 0.000000, 0.000000, 1.000000
-14.9163, 5.6965, -4.6375, 202.8471, 224.8485, -5.6969, 204.6454, 28.1687, 108.7131, -0.5596, 0.988487, -0.142927, 0.049646, 0.005696, 0.148683, 0.978396, -0.143646, -0.004638, -0.028043, 0.149373, 0.988383, 0.202847, 0.000000, 0.000000, 0.000000, 1.000000, -0.028093, 0.149057, 0.988429, 0.224849, -0.988487, 0.142927, -0.049648, -0.005697, -0.148674, -0.978445, 0.143326, 0.204645, 0.000000, 0.000000, 0.000000, 1.000000, 0.995175, -0.059463, 0.078040, 0.028169, 0.079985, 0.031067, -0.996312, 0.108713, 0.056819, 0.997747, 0.035673, -0.000560, 0.000000, 0.000000, 0.000000, 1.000000
-14.9075, 5.6922, -4.6512, 202.8712, 224.8727, -5.6926, 204.6590, 28.1678, 108.7055, -0.5502, 0.988492, -0.142898, 0.049632, 0.005692, 0.148648, 0.978423, -0.143503, -0.004651, -0.028055, 0.149229, 0.988405, 0.202871, 0.000000, 0.000000, 0.000000, 1.000000, -0.028105, 0.148913, 0.988451, 0.224873, -0.988492, 0.142898, -0.049635, -0.005693, -0.148639, -0.978471, 0.143183, 0.204659, 0.000000, 0.000000, 0.000000, 1.000000, 0.995175, -0.059465, 0.078038, 0.028168, 0.079983, 0.031068, -0.996312, 0.108706, 0.056822, 0.997747, 0.035674, -0.000550, 0.000000, 0.000000, 0.000000, 1.000000
-14.8939, 5.6855, -4.6726, 202.9089, 224.9104, -5.6859, 204.6804, 28.1665, 108.6937, -0.5355, 0.988500, -0.142853, 0.049611, 0.005685, 0.148594, 0.978463, -0.143280, -0.004673, -0.028075, 0.149004, 0.988438, 0.202909, 0.000000, 0.000000, 0.000000, 1.000000, -0.028125, 0.148688, 0.988484, 0.224910, -0.988500, 0.142853, -0.049613, -0.005686, -0.148585, -0.978512, 0.142960, 0.204680, 0.000000, 0.000000, 0.000000, 1.000000, 0.995175, -0.059469, 0.078035, 0.028166, 0.079980, 0.031069, -0.996312, 0.108694, 0.056826, 0.997747, 0.035675, -0.000535, 0.000000, 0.000000, 0.000000, 1.000000
-14.8846, 5.6808, -4.6873, 202.9348, 224.9363, -5.6813, 204.6950, 28.1655, 108.6855, -0.5254, 0.988505, -0.142822, 0.049596, 0.005681, 0.148556, 0.978491, -0.143127, -0.004687, -0.028088, 0.148850, 0.988461, 0.202935, 0.000000, 0.000000, 0.000000, 1.000000, -0.028138, 0.148533, 0.988507, 0.224936, -0.988505, 0.142822, -0.049598, -0.005681, -0.148547, -0.978540, 0.142807, 0.204695, 0.000000, 0.000000, 0.000000, 1.000000, 0.995175, -0.059472, 0.078032, 0.028166, 0.079978, 0.031069, -0.996312, 0.108686, 0.056828, 0.997746, 0.035676, -0.000525, 0.000000, 0.000000, 0.000000, 1.000000
-14.8750, 5.6761, -4.7023, 202.9612, 224.9627, -5.6765, 204.7100, 28.1646, 108.6772, -0.5152, 0.988510, -0.142790, 0.049581, 0.005676, 0.148518, 0.978520, -0.142972, -0.004702, -0.028101, 0.148693, 0.988484, 0.202961, 0.000000, 0.000000, 0.000000, 1.000000, -0.028151, 0.148376, 0.988530, 0.224963, -0.988510, 0.142790, -0.049583, -0.005677, -0.148509, -0.978568, 0.142651, 0.204710, 0.000000, 0.000000, 0.000000, 1.000000, 0.995175, -0.059475, 0.078030, 0.028165, 0.079976, 0.031070, -0.996312, 0.108677, 0.056831, 0.997746, 0.035676, -0.000515, 0.000000, 0.000000, 0.000000, 1.000000
-14.8702, 5.6737, -4.7099, 202.9746, 224.9761, -5.6741, 204.7175, 28.1641, 108.6730, -0.5100, 0.988513, -0.142774, 0.049573, 0.005674, 0.148499, 0.978534, -0.142893, -0.004710, -0.028108, 0.148613, 0.988496, 0.202975, 0.000000, 0.000000, 0.000000, 1.000000, -0.028158, 0.148296, 0.988542, 0.224976, -0.988513, 0.142774, -0.049576, -0.005674, -0.148490, -0.978583, 0.142572, 0.204717, 0.000000, 0.000000, 0.000000, 1.000000, 0.995175, -0.059476, 0.078029, 0.028164, 0.079975, 0.031070, -0.996313, 0.108673, 0.056833, 0.997746, 0.035677, -0.000510, 0.000000, 0.000000, 0.000000, 1.000000
-14.8606, 5.6689, -4.7250, 203.0014, 225.0030, -5.6693, 204.7326, 28.1631, 108.6646, -0.4995, 0.988518, -0.142742, 0.049558, 0.005669, 0.148460, 0.978563, -0.142734, -0.004725, -0.028121, 0.148453, 0.988520, 0.203001, 0.000000, 0.000000, 0.000000, 1.000000, -0.028172, 0.148136, 0.988566, 0.225003, -0.988518, 0.142742, -0.049560, -0.005669, -0.148451, -0.978612, 0.142414, 0.204733, 0.000000, 0.000000, 0.000000, 1.000000, 0.995175, -0.059479, 0.078026, 0.028163, 0.079973, 0.031071, -0.996313, 0.108665, 0.056835, 0.997746, 0.035678, -0.000500, 0.000000, 0.000000, 0.000000, 1.000000
-14.8557, 5.6664, -4.7327, 203.0150, 225.0165, -5.6669, 204.7403, 28.1626, 108.6604, -0.4943, 0.988521, -0.142726, 0.049550, 0.005666, 0.148441, 0.978578, -0.142654, -0.004733, -0.028128, 0.148372, 0.988531, 0.203015, 0.000000, 0.000000, 0.000000, 1.000000, -0.028178, 0.148055, 0.988578, 0.225017, -0.988521, 0.142726, -0.049552, -0.005667, -0.148432, -0.978626, 0.142334, 0.204740, 0.000000, 0.000000, 0.000000, 1.000000, 0.995175, -0.059481, 0.078025, 0.028163, 0.079972, 0.031071, -0.996313, 0.108660, 0.056837, 0.997746, 0.035678, -0.000494, 0.000000, 0.000000, 0.000000, 1.000000
-14.8410, 5.6591, -4.7556, 203.0560, 225.0575, -5.6595, 204.7632, 28.1611, 108.6475, -0.4784, 0.988529, -0.142677, 0.049527, 0.005659, 0.148382, 0.978622, -0.142413, -0.004756, -0.028149, 0.148129, 0.988567, 0.203056, 0.000000, 0.000000, 0.000000, 1.000000, -0.028199, 0.147811, 0.988613, 0.225057, -0.988529, 0.142677, -0.049529, -0.005660, -0.148373, -0.978670, 0.142093, 0.204763, 0.000000, 0.000000, 0.000000, 1.000000, 0.995175, -0.059485, 0.078022, 0.028161, 0.079968, 0.031072, -0.996313, 0.108648, 0.056841, 0.997745, 0.035679, -0.000478, 0.000000, 0.000000, 0.000000, 1.000000
-14.8311, 5.6542, -4.7708, 203.0833, 225.0849, -5.6546, 204.7784, 28.1601, 108.6389, -0.4678, 0.988535, -0.142645, 0.049511, 0.005654, 0.148343, 0.978651, -0.142252, -0.004771, -0.028162, 0.147966, 0.988591, 0.203083, 0.000000, 0.000000, 0.000000, 1.000000, -0.028213, 0.147649, 0.988637, 0.225085, -0.988535, 0.142644, -0.049513, -0.005655, -0.148334, -0.978699, 0.141931, 0.204778, 0.000000, 0.000000, 0.000000, 1.000000, 0.995175, -0.059488, 0.078019, 0.028160, 0.079966, 0.031073, -0.996313, 0.108639, 0.056844, 0.997745, 0.035680, -0.000468, 0.000000, 0.000000, 0.000000, 1.000000
-14.8214, 5.6493, -4.7859, 203.1106, 225.1121, -5.6498, 204.7934, 28.1591, 108.6304, -0.4573, 0.988540, -0.142612, 0.049495, 0.005649, 0.148304, 0.978681, -0.142092, -0.004786, -0.028176, 0.147804, 0.988615, 0.203111, 0.000000, 0.000000, 0.000000, 1.000000, -0.028226, 0.147486, 0.988661, 0.225112, -0.988540, 0.142612, -0.049497, -0.005650, -0.148295, -0.978729, 0.141771, 0.204793, 0.000000, 0.000000, 0.000000, 1.000000, 0.995175, -0.059491, 0.078017, 0.028159, 0.079964, 0.031073, -0.996313, 0.108630, 0.056847, 0.997745, 0.035681, -0.000457, 0.000000, 0.000000, 0.000000, 1.000000
-14.8165, 5.6469, -4.7934, 203.1242, 225.1258, -5.6473, 204.8009, 28.1586, 108.6261, -0.4520, 0.988543, -0.142596, 0.049487, 0.005647, 0.148285, 0.978695, -0.142012, -0.004793, -0.028183, 0.147723, 0.988627, 0.203124, 0.000000, 0.000000, 0.000000, 1.000000, -0.028233, 0.147406, 0.988673, 0.225126, -0.988543, 0.142596, -0.049489, -0.005647, -0.148276, -0.978743, 0.141691, 0.204801, 0.000000, 0.000000, 0.000000, 1.000000, 0.995175, -0.059492, 0.078016, 0.028159, 0.079963, 0.031074, -0.996313, 0.108626, 0.056849, 0.997745, 0.035681, -0.000452, 0.000000, 0.000000, 0.000000, 1.000000
-14.8068, 5.6421, -4.8082, 203.1513, 225.1529, -5.6425, 204.8158, 28.1577, 108.6176, -0.4415, 0.988548, -0.142564, 0.049471, 0.005642, 0.148246, 0.978724, -0.141852, -0.004808, -0.028196, 0.147562, 0.988651, 0.203151, 0.000000, 0.000000, 0.000000, 1.000000, -0.028246, 0.147245, 0.988697, 0.225153, -0.988548, 0.142564, -0.049474, -0.005643, -0.148237, -0.978772, 0.141531, 0.204816, 0.000000, 0.000000, 0.000000, 1.000000, 0.995175, -0.059495, 0.078013, 0.028158, 0.079960, 0.031074, -0.996314, 0.108618, 0.056851, 0.997745, 0.035682, -0.000442, 0.000000, 0.000000, 0.000000, 1.000000
-14.7972, 5.6373, -4.8228, 203.1783, 225.1798, -5.6377, 204.8304, 28.1567, 108.6092, -0.4311, 0.988554, -0.142533, 0.049456, 0.005637, 0.148208, 0.978753, -0.141694, -0.004823, -0.028209, 0.147402, 0.988674, 0.203178, 0.000000, 0.000000, 0.000000, 1.000000, -0.028259, 0.147085, 0.988720, 0.225180, -0.988554, 0.142532, -0.049458, -0.005638, -0.148199, -0.978801, 0.141373, 0.204830, 0.000000, 0.000000, 0.000000, 1.000000, 0.995176, -0.059498, 0.078011, 0.028157, 0.079958, 0.031075, -0.996314, 0.108609, 0.056854, 0.997745, 0.035682, -0.000431, 0.000000, 0.000000, 0.000000, 1.000000
-14.7925, 5.6349, -4.8300, 203.1916, 225.1932, -5.6354, 204.8376, 28.1562, 108.6050, -0.4260, 0.988556, -0.142517, 0.049448, 0.005635, 0.148189, 0.978767, -0.141615, -0.004830, -0.028216, 0.147323, 0.988686, 0.203192, 0.000000, 0.000000, 0.000000, 1.000000, -0.028266, 0.147005, 0.988732, 0.225193, -0.988556, 0.142517, -0.049450, -0.005635, -0.148180, -0.978815, 0.141295, 0.204838, 0.000000, 0.000000, 0.000000, 1.000000, 0.995176, -0.059499, 0.078010, 0.028156, 0.079957, 0.031075, -0.996314, 0.108605, 0.056856, 0.997745, 0.035683, -0.000426, 0.000000, 0.000000, 0.000000, 1.000000
-14.7830, 5.6302, -4.8443, 203.2182, 225.2197, -5.6307, 204.8519, 28.1553, 108.5967, -0.4157, 0.988562, -0.142486, 0.049433, 0.005630, 0.148152, 0.978795, -0.141459, -0.004844, -0.028229, 0.147165, 0.988709, 0.203218, 0.000000, 0.000000, 0.000000, 1.000000, -0.028279, 0.146848, 0.988755, 0.225220, -0.988562, 0.142486, -0.049435, -0.005631, -0.148143, -0.978843, 0.141139, 0.204852, 0.000000, 0.000000, 0.000000, 1.000000, 0.995176, -0.059502, 0.078008, 0.028155, 0.079955, 0.031076, -0.996314, 0.108597, 0.056858, 0.997744, 0.035683, -0.000416, 0.000000, 0.000000, 0.000000, 1.000000
-14.7737, 5.6256, -4.8583, 203.2445, 225.2461, -5.6260, 204.8659, 28.1544, 108.5885, -0.4056, 0.988567, -0.142456, 0.049418, 0.005626, 0.148115, 0.978823, -0.141305, -0.004858, -0.028242, 0.147008, 0.988732, 0.203245, 0.000000, 0.000000, 0.000000, 1.000000, -0.028292, 0.146692, 0.988778, 0.225246, -0.988567, 0.142455, -0.049420, -0.005626, -0.148106, -0.978871, 0.140984, 0.204866, 0.000000, 0.000000, 0.000000, 1.000000, 0.995176, -0.059505, 0.078005, 0.028154, 0.079953, 0.031076, -0.996314, 0.108588, 0.056861, 0.997744, 0.035684, -0.000406, 0.000000, 0.000000, 0.000000, 1.000000
-14.7644, 5.6210, -4.8721, 203.2706, 225.2722, -5.6215, 204.8797, 28.1535, 108.5803, -0.3955, 0.988572, -0.142425, 0.049403, 0.005621, 0.148079, 0.978851, -0.141151, -0.004872, -0.028254, 0.146854, 0.988755, 0.203271, 0.000000, 0.000000, 0.000000, 1.000000, -0.028305, 0.146537, 0.988800, 0.225272, -0.988572, 0.142425, -0.049405, -0.005621, -0.148070, -0.978898, 0.140831, 0.204880, 0.000000, 0.000000, 0.000000, 1.000000, 0.995176, -0.059507, 0.078003, 0.028153, 0.079950, 0.031077, -0.996314, 0.108580, 0.056864, 0.997744, 0.035685, -0.000396, 0.000000, 0.000000, 0.000000, 1.000000
-14.7553, 5.6165, -4.8856, 203.2964, 225.2980, -5.6170, 204.8932, 28.1526, 108.5723, -0.3856, 0.988577, -0.142396, 0.049388, 0.005617, 0.148043, 0.978878, -0.141000, -0.004886, -0.028267, 0.146701, 0.988777, 0.203296, 0.000000, 0.000000, 0.000000, 1.000000, -0.028317, 0.146384, 0.988822, 0.225298, -0.988577, 0.142396, -0.049390, -0.005617, -0.148034, -0.978926, 0.140680, 0.204893, 0.000000, 0.000000, 0.000000, 1.000000, 0.995176, -0.059510, 0.078001, 0.028153, 0.079948, 0.031078, -0.996314, 0.108572, 0.056867, 0.997744, 0.035685, -0.000386, 0.000000, 0.000000, 0.000000, 1.000000
-14.7463, 5.6121, -4.8988, 203.3219, 225.3234, -5.6125, 204.9065, 28.1517, 108.5643, -0.3758, 0.988582, -0.142367, 0.049373, 0.005612, 0.148008, 0.978905, -0.140850, -0.004899, -0.028280, 0.146550, 0.988799, 0.203322, 0.000000, 0.000000, 0.000000, 1.000000, -0.028330, 0.146233, 0.988844, 0.225323, -0.988582, 0.142366, -0.049376, -0.005613, -0.147999, -0.978952, 0.140530, 0.204906, 0.000000, 0.000000, 0.000000, 1.000000, 0.995176, -0.059513, 0.077999, 0.028152, 0.079946, 0.031078, -0.996315, 0.108564, 0.056869, 0.997744, 0.035686, -0.000376, 0.000000, 0.000000, 0.000000, 1.000000
-14.7419, 5.6099, -4.9053, 203.3345, 225.3360, -5.6103, 204.9130, 28.1513, 108.5604, -0.3710, 0.988584, -0.142352, 0.049366, 0.005610, 0.147990, 0.978918, -0.140776, -0.004905, -0.028286, 0.146475, 0.988810, 0.203334, 0.000000, 0.000000, 0.000000, 1.000000, -0.028336, 0.146159, 0.988855, 0.225336, -0.988584, 0.142352, -0.049368, -0.005610, -0.147981, -0.978966, 0.140456, 0.204913, 0.000000, 0.000000, 0.000000, 1.000000, 0.995176, -0.059514, 0.077997, 0.028151, 0.079945, 0.031078, -0.996315, 0.108560, 0.056871, 0.997744, 0.035686, -0.000371, 0.000000, 0.000000, 0.000000, 1.000000
-14.7331, 5.6056, -4.9180, 203.3594, 225.3609, -5.6061, 204.9258, 28.1504, 108.5526, -0.3614, 0.988589, -0.142324, 0.049352, 0.005606, 0.147956, 0.978944, -0.140630, -0.004918, -0.028298, 0.146327, 0.988831, 0.203359, 0.000000, 0.000000, 0.000000, 1.000000, -0.028348, 0.146011, 0.988877, 0.225361, -0.988589, 0.142324, -0.049354, -0.005606, -0.147947, -0.978992, 0.140311, 0.204926, 0.000000, 0.000000, 0.000000, 1.000000, 0.995176, -0.059517, 0.077995, 0.028150, 0.079943, 0.031079, -0.996315, 0.108553, 0.056873, 0.997743, 0.035687, -0.000361, 0.000000, 0.000000, 0.000000, 1.000000
-14.7288, 5.6035, -4.9243, 203.3717, 225.3732, -5.6039, 204.9320, 28.1500, 108.5487, -0.3567, 0.988591, -0.142310, 0.049345, 0.005603, 0.147939, 0.978957, -0.140558, -0.004924, -0.028304, 0.146254, 0.988842, 0.203372, 0.000000, 0.000000, 0.000000, 1.000000, -0.028354, 0.145938, 0.988887, 0.225373, -0.988591, 0.142310, -0.049347, -0.005604, -0.147930, -0.979005, 0.140238, 0.204932, 0.000000, 0.000000, 0.000000, 1.000000, 0.995176, -0.059518, 0.077994, 0.028150, 0.079942, 0.031079, -0.996315, 0.108549, 0.056875, 0.997743, 0.035687, -0.000357, 0.000000, 0.000000, 0.000000, 1.000000
-14.7203, 5.5993, -4.9366, 203.3960, 225.3975, -5.5998, 204.9444, 28.1492, 108.5411, -0.3474, 0.988596, -0.142283, 0.049331, 0.005599, 0.147906, 0.978983, -0.140415, -0.004937, -0.028316, 0.146110, 0.988863, 0.203396, 0.000000, 0.000000, 0.000000, 1.000000, -0.028366, 0.145794, 0.988908, 0.225398, -0.988596, 0.142283, -0.049334, -0.005600, -0.147897, -0.979030, 0.140096, 0.204944, 0.000000, 0.000000, 0.000000, 1.000000, 0.995176, -0.059520, 0.077992, 0.028149, 0.079940, 0.031080, -0.996315, 0.108541, 0.056877, 0.997743, 0.035688, -0.000347, 0.000000, 0.000000, 0.000000, 1.000000
-14.7160, 5.5973, -4.9427, 203.4080, 225.4096, -5.5977, 204.9505, 28.1488, 108.5374, -0.3427, 0.988598, -0.142269, 0.049325, 0.005597, 0.147890, 0.978995, -0.140344, -0.004943, -0.028322, 0.146039, 0.988873, 0.203408, 0.000000, 0.000000, 0.000000, 1.000000, -0.028372, 0.145723, 0.988919, 0.225410, -0.988598, 0.142269, -0.049327, -0.005598, -0.147880, -0.979043, 0.140025, 0.204950, 0.000000, 0.000000, 0.000000, 1.000000, 0.995176, -0.059522, 0.077991, 0.028149, 0.079939, 0.031080, -0.996315, 0.108537, 0.056878, 0.997743, 0.035688, -0.000343, 0.000000, 0.000000, 0.000000, 1.000000
-14.7076, 5.5932, -4.9546, 203.4319, 225.4335, -5.5936, 204.9624, 28.1480, 108.5299, -0.3336, 0.988603, -0.142243, 0.049311, 0.005593, 0.147857, 0.979020, -0.140204, -0.004955, -0.028334, 0.145897, 0.988894, 0.203432, 0.000000, 0.000000, 0.000000, 1.000000, -0.028383, 0.145582, 0.988939, 0.225433, -0.988603, 0.142242, -0.049313, -0.005594, -0.147848, -0.979067, 0.139885, 0.204962, 0.000000, 0.000000, 0.000000, 1.000000, 0.995176, -0.059524, 0.077989, 0.028148, 0.079937, 0.031081, -0.996315, 0.108530, 0.056881, 0.997743, 0.035689, -0.000334, 0.000000, 0.000000, 0.000000, 1.000000
-14.6994, 5.5892, -4.9663, 203.4555, 225.4571, -5.5896, 204.9742, 28.1473, 108.5225, -0.3245, 0.988607, -0.142216, 0.049298, 0.005589, 0.147825, 0.979045, -0.140065, -0.004966, -0.028345, 0.145757, 0.988914, 0.203456, 0.000000, 0.000000, 0.000000, 1.000000, -0.028395, 0.145442, 0.988959, 0.225457, -0.988607, 0.142216, -0.049300, -0.005590, -0.147816, -0.979092, 0.139747, 0.204974, 0.000000, 0.000000, 0.000000, 1.000000, 0.995176, -0.059527, 0.077987, 0.028147, 0.079935, 0.031081, -0.996315, 0.108523, 0.056883, 0.997743, 0.035690, -0.000325, 0.000000, 0.000000, 0.000000, 1.000000
-14.6872, 5.5833, -4.9835, 203.4903, 225.4919, -5.5838, 204.9915, 28.1461, 108.5116, -0.3112, 0.988614, -0.142177, 0.049278, 0.005583, 0.147778, 0.979081, -0.139861, -0.004983, -0.028363, 0.145551, 0.988944, 0.203490, 0.000000, 0.000000, 0.000000, 1.000000, -0.028412, 0.145236, 0.988989, 0.225492, -0.988614, 0.142177, -0.049281, -0.005584, -0.147769, -0.979128, 0.139543, 0.204991, 0.000000, 0.000000, 0.000000, 1.000000, 0.995176, -0.059530, 0.077984, 0.028146, 0.079933, 0.031082, -0.996316, 0.108512, 0.056887, 0.997742, 0.035690, -0.000311, 0.000000, 0.000000, 0.000000, 1.000000
-14.6793, 5.5795, -4.9946, 203.5130, 225.5145, -5.5800, 205.0026, 28.1454, 108.5046, -0.3025, 0.988618, -0.142152, 0.049266, 0.005580, 0.147748, 0.979105, -0.139728, -0.004995, -0.028374, 0.145416, 0.988964, 0.203513, 0.000000, 0.000000, 0.000000, 1.000000, -0.028424, 0.145102, 0.989008, 0.225515, -0.988618, 0.142152, -0.049268, -0.005580, -0.147738, -0.979152, 0.139410, 0.205003, 0.000000, 0.000000, 0.000000, 1.000000, 0.995176, -0.059533, 0.077982, 0.028145, 0.079931, 0.031082, -0.996316, 0.108505, 0.056889, 0.997742, 0.035691, -0.000302, 0.000000, 0.000000, 0.000000, 1.000000
-14.6754, 5.5777, -5.0001, 203.5242, 225.5258, -5.5781, 205.0081, 28.1451, 108.5010, -0.2982, 0.988620, -0.142140, 0.049260, 0.005578, 0.147732, 0.979117, -0.139661, -0.005000, -0.028380, 0.145349, 0.988973, 0.203524, 0.000000, 0.000000, 0.000000, 1.000000, -0.028429, 0.145035, 0.989018, 0.225526, -0.988620, 0.142140, -0.049262, -0.005578, -0.147723, -0.979164, 0.139344, 0.205008, 0.000000, 0.000000, 0.000000, 1.000000, 0.995176, -0.059534, 0.077981, 0.028145, 0.079930, 0.031083, -0.996316, 0.108501, 0.056891, 0.997742, 0.035691, -0.000298, 0.000000, 0.000000, 0.000000, 1.000000
-14.6675, 5.5739, -5.0110, 203.5467, 225.5483, -5.5744, 205.0191, 28.1444, 108.4940, -0.2895, 0.988624, -0.142115, 0.049247, 0.005574, 0.147702, 0.979140, -0.139529, -0.005011, -0.028391, 0.145216, 0.988993, 0.203547, 0.000000, 0.000000, 0.000000, 1.000000, -0.028440, 0.144902, 0.989037, 0.225548, -0.988624, 0.142115, -0.049249, -0.005574, -0.147693, -0.979187, 0.139212, 0.205019, 0.000000, 0.000000, 0.000000, 1.000000, 0.995176, -0.059536, 0.077979, 0.028144, 0.079928, 0.031083, -0.996316, 0.108494, 0.056893, 0.997742, 0.035692, -0.000290, 0.000000, 0.000000, 0.000000, 1.000000
-14.6636, 5.5721, -5.0163, 203.5578, 225.5594, -5.5725, 205.0245, 28.1440, 108.4905, -0.2853, 0.988626, -0.142103, 0.049241, 0.005572, 0.147687, 0.979152, -0.139464, -0.005016, -0.028396, 0.145150, 0.989002, 0.203558, 0.000000, 0.000000, 0.000000, 1.000000, -0.028446, 0.144836, 0.989047, 0.225559, -0.988626, 0.142103, -0.049243, -0.005573, -0.147678, -0.979198, 0.139146, 0.205024, 0.000000, 0.000000, 0.000000, 1.000000, 0.995176, -0.059537, 0.077978, 0.028144, 0.079927, 0.031083, -0.996316, 0.108491, 0.056894, 0.997742, 0.035692, -0.000285, 0.000000, 0.000000, 0.000000, 1.000000
-14.6559, 5.5684, -5.0270, 203.5800, 225.5816, -5.5688, 205.0353, 28.1433, 108.4836, -0.2768, 0.988630, -0.142078, 0.049229, 0.005568, 0.147658, 0.979175, -0.139333, -0.005027, -0.028408, 0.145018, 0.989021, 0.203580, 0.000000, 0.000000, 0.000000, 1.000000, -0.028457, 0.144705, 0.989066, 0.225582, -0.988630, 0.142078, -0.049231, -0.005569, -0.147649, -0.979221, 0.139016, 0.205035, 0.000000, 0.000000, 0.000000, 1.000000, 0.995176, -0.059540, 0.077976, 0.028143, 0.079925, 0.031084, -0.996316, 0.108484, 0.056896, 0.997742, 0.035693, -0.000277, 0.000000, 0.000000, 0.000000, 1.000000
-14.6482, 5.5647, -5.0377, 203.6020, 225.6036, -5.5652, 205.0459, 28.1426, 108.4767, -0.2683, 0.988635, -0.142054, 0.049217, 0.005565, 0.147628, 0.979198, -0.139203, -0.005038, -0.028419, 0.144887, 0.989040, 0.203602, 0.000000, 0.000000, 0.000000, 1.000000, -0.028468, 0.144574, 0.989084, 0.225604, -0.988635, 0.142054, -0.049219, -0.005565, -0.147619, -0.979244, 0.138887, 0.205046, 0.000000, 0.000000, 0.000000, 1.000000, 0.995176, -0.059542, 0.077975, 0.028143, 0.079924, 0.031084, -0.996316, 0.108477, 0.056899, 0.997742, 0.035693, -0.000268, 0.000000, 0.000000, 0.000000, 1.000000
-14.6444, 5.5629, -5.0429, 203.6130, 225.6146, -5.5634, 205.0513, 28.1423, 108.4732, -0.2641, 0.988637, -0.142042, 0.049211, 0.005563, 0.147613, 0.979209, -0.139139, -0.005043, -0.028424, 0.144822, 0.989049, 0.203613, 0.000000, 0.000000, 0.000000, 1.000000, -0.028474, 0.144509, 0.989094, 0.225615, -0.988637, 0.142042, -0.049213, -0.005563, -0.147604, -0.979255, 0.138822, 0.205051, 0.000000, 0.000000, 0.000000, 1.000000, 0.995176, -0.059543, 0.077974, 0.028142, 0.079923, 0.031085, -0.996316, 0.108473, 0.056900, 0.997742, 0.035693, -0.000264, 0.000000, 0.000000, 0.000000, 1.000000
-14.6291, 5.5557, -5.0639, 203.6567, 225.6583, -5.5562, 205.0724, 28.1410, 108.4595, -0.2473, 0.988645, -0.141994, 0.049187, 0.005556, 0.147555, 0.979255, -0.138881, -0.005064, -0.028447, 0.144562, 0.989087, 0.203657, 0.000000, 0.000000, 0.000000, 1.000000, -0.028496, 0.144250, 0.989131, 0.225658, -0.988645, 0.141994, -0.049189, -0.005556, -0.147546, -0.979301, 0.138566, 0.205072, 0.000000, 0.000000, 0.000000, 1.000000, 0.995176, -0.059547, 0.077970, 0.028141, 0.079919, 0.031086, -0.996317, 0.108459, 0.056904, 0.997741, 0.035695, -0.000247, 0.000000, 0.000000, 0.000000, 1.000000
-14.6216, 5.5522, -5.0742, 203.6782, 225.6798, -5.5526, 205.0828, 28.1403, 108.4527, -0.2391, 0.988649, -0.141970, 0.049176, 0.005552, 0.147526, 0.979277, -0.138754, -0.005074, -0.028458, 0.144434, 0.989105, 0.203678, 0.000000, 0.000000, 0.000000, 1.000000, -0.028507, 0.144122, 0.989149, 0.225680, -0.988649, 0.141970, -0.049178, -0.005553, -0.147517, -0.979323, 0.138439, 0.205083, 0.000000, 0.000000, 0.000000, 1.000000, 0.995176, -0.059550, 0.077968, 0.028140, 0.079918, 0.031086, -0.996317, 0.108453, 0.056907, 0.997741, 0.035695, -0.000239, 0.000000, 0.000000, 0.000000, 1.000000
-14.6141, 5.5487, -5.0846, 203.6998, 225.7014, -5.5491, 205.0932, 28.1396, 108.4460, -0.2308, 0.988653, -0.141947, 0.049164, 0.005549, 0.147497, 0.979299, -0.138627, -0.005085, -0.028469, 0.144306, 0.989124, 0.203700, 0.000000, 0.000000, 0.000000, 1.000000, -0.028518, 0.143994, 0.989168, 0.225701, -0.988653, 0.141946, -0.049166, -0.005549, -0.147488, -0.979345, 0.138312, 0.205093, 0.000000, 0.000000, 0.000000, 1.000000, 0.995176, -0.059552, 0.077966, 0.028140, 0.079916, 0.031086, -0.996317, 0.108446, 0.056909, 0.997741, 0.035696, -0.000231, 0.000000, 0.000000, 0.000000, 1.000000
-14.6103, 5.5469, -5.0898, 203.7105, 225.7121, -5.5473, 205.0984, 28.1393, 108.4426, -0.2267, 0.988655, -0.141935, 0.049158, 0.005547, 0.147483, 0.979310, -0.138563, -0.005090, -0.028474, 0.144241, 0.989133, 0.203711, 0.000000, 0.000000, 0.000000, 1.000000, -0.028523, 0.143930, 0.989177, 0.225712, -0.988655, 0.141934, -0.049160, -0.005547, -0.147474, -0.979356, 0.138249, 0.205098, 0.000000, 0.000000, 0.000000, 1.000000, 0.995176, -0.059553, 0.077965, 0.028139, 0.079915, 0.031087, -0.996317, 0.108443, 0.056910, 0.997741, 0.035696, -0.000227, 0.000000, 0.000000, 0.000000, 1.000000
-14.6028, 5.5433, -5.1002, 203.7321, 225.7337, -5.5438, 205.1089, 28.1387, 108.4358, -0.2184, 0.988659, -0.141911, 0.049147, 0.005543, 0.147454, 0.979333, -0.138436, -0.005100, -0.028485, 0.144113, 0.989151, 0.203732, 0.000000, 0.000000, 0.000000, 1.000000, -0.028534, 0.143802, 0.989195, 0.225734, -0.988659, 0.141911, -0.049149, -0.005544, -0.147445, -0.979379, 0.138122, 0.205109, 0.000000, 0.000000, 0.000000, 1.000000, 0.995176, -0.059555, 0.077963, 0.028139, 0.079913, 0.031087, -0.996317, 0.108436, 0.056912, 0.997741, 0.035696, -0.000218, 0.000000, 0.000000, 0.000000, 1.000000
-14.5990, 5.5416, -5.1054, 203.7430, 225.7446, -5.5420, 205.1142, 28.1383, 108.4324, -0.2142, 0.988661, -0.141899, 0.049141, 0.005542, 0.147440, 0.979344, -0.138372, -0.005105, -0.028491, 0.144048, 0.989160, 0.203743, 0.000000, 0.000000, 0.000000, 1.000000, -0.028540, 0.143738, 0.989204, 0.225745, -0.988661, 0.141899, -0.049143, -0.005542, -0.147431, -0.979390, 0.138058, 0.205114, 0.000000, 0.000000, 0.000000, 1.000000, 0.995176, -0.059556, 0.077962, 0.028138, 0.079912, 0.031087, -0.996317, 0.108432, 0.056913, 0.997741, 0.035697, -0.000214, 0.000000, 0.000000, 0.000000, 1.000000
-14.5914, 5.5380, -5.1158, 203.7647, 225.7663, -5.5385, 205.1247, 28.1377, 108.4255, -0.2059, 0.988665, -0.141875, 0.049129, 0.005538, 0.147410, 0.979367, -0.138244, -0.005116, -0.028502, 0.143919, 0.989179, 0.203765, 0.000000, 0.000000, 0.000000, 1.000000, -0.028551, 0.143609, 0.989223, 0.225766, -0.988665, 0.141875, -0.049131, -0.005538, -0.147401, -0.979412, 0.137930, 0.205125, 0.000000, 0.000000, 0.000000, 1.000000, 0.995176, -0.059559, 0.077961, 0.028138, 0.079911, 0.031088, -0.996317, 0.108426, 0.056916, 0.997741, 0.035697, -0.000206, 0.000000, 0.000000, 0.000000, 1.000000
-14.5876, 5.5362, -5.1211, 203.7755, 225.7771, -5.5367, 205.1300, 28.1373, 108.4221, -0.2017, 0.988667, -0.141863, 0.049123, 0.005536, 0.147396, 0.979378, -0.138180, -0.005121, -0.028508, 0.143854, 0.989188, 0.203776, 0.000000, 0.000000, 0.000000, 1.000000, -0.028557, 0.143544, 0.989232, 0.225777, -0.988667, 0.141863, -0.049126, -0.005537, -0.147387, -0.979423, 0.137866, 0.205130, 0.000000, 0.000000, 0.000000, 1.000000, 0.995176, -0.059560, 0.077960, 0.028137, 0.079910, 0.031088, -0.996317, 0.108422, 0.056917, 0.997741, 0.035697, -0.000202, 0.000000, 0.000000, 0.000000, 1.000000
