# Joint_5_Angle(deg), Cam_X(mm), Cam_Y(mm), Cam_Z(mm), Torso_X(mm), Torso_Y(mm), Torso_Z(mm), EE_X(mm), EE_Y(mm), EE_Z(mm), T_cam2marker_flat(16), T_torso2marker_flat(16), T_ee2marker_flat(16)
-24.9987, 70.3663, -0.3259, 260.5597, 282.5596, -70.3667, 200.3143, 52.5576, 90.3184, 3.9751, 0.868113, -0.496360, 0.002445, 0.070366, 0.485499, 0.850123, 0.203917, -0.000326, -0.103295, -0.175836, 0.978985, 0.260560, 0.000000, 0.000000, 0.000000, 1.000000, -0.103455, -0.176113, 0.978918, 0.282560, -0.868113, 0.496361, -0.002447, -0.070367, -0.485466, -0.850065, -0.204237, 0.200314, 0.000000, 0.000000, 0.000000, 1.000000, 0.994512, -0.064799, 0.082145, 0.052558, 0.083837, 0.023827, -0.996195, 0.090318, 0.062595, 0.997614, 0.029129, 0.003975, 0.000000, 0.000000, 0.000000, 1.000000
-24.9990, 70.3684, -0.3176, 260.5628, 282.5627, -70.3688, 200.3060, 52.5586, 90.3174, 3.9752, 0.868107, -0.496372, 0.002443, 0.070368, 0.485509, 0.850113, 0.203935, -0.000318, -0.103305, -0.175851, 0.978981, 0.260563, 0.000000, 0.000000, 0.000000, 1.000000, -0.103465, -0.176128, 0.978915, 0.282563, -0.868106, 0.496372, -0.002445, -0.070369, -0.485475, -0.850055, -0.204255, 0.200306, 0.000000, 0.000000, 0.000000, 1.000000, 0.994512, -0.064799, 0.082145, 0.052559, 0.083837, 0.023827, -0.996195, 0.090317, 0.062595, 0.997614, 0.029129, 0.003975, 0.000000, 0.000000, 0.000000, 1.000000
-24.9994, 70.3702, -0.3113, 260.5652, 282.5652, -70.3707, 200.2997, 52.5595, 90.3166, 3.9752, 0.868101, -0.496382, 0.002441, 0.070370, 0.485518, 0.850104, 0.203949, -0.000311, -0.103312, -0.175863, 0.978978, 0.260565, 0.000000, 0.000000, 0.000000, 1.000000, -0.103472, -0.176140, 0.978912, 0.282565, -0.868101, 0.496382, -0.002443, -0.070371, -0.485484, -0.850047, -0.204269, 0.200300, 0.000000, 0.000000, 0.000000, 1.000000, 0.994512, -0.064799, 0.082145, 0.052560, 0.083837, 0.023827, -0.996195, 0.090317, 0.062595, 0.997614, 0.029129, 0.003975, 0.000000, 0.000000, 0.000000, 1.000000
-24.9999, 70.3725, -0.3047, 260.5677, 282.5677, -70.3730, 200.2932, 52.5606, 90.3158, 3.9751, 0.868094, -0.496395, 0.002439, 0.070373, 0.485529, 0.850094, 0.203964, -0.000305, -0.103320, -0.175875, 0.978975, 0.260568, 0.000000, 0.000000, 0.000000, 1.000000, -0.103480, -0.176152, 0.978909, 0.282568, -0.868093, 0.496395, -0.002441, -0.070373, -0.485496, -0.850037, -0.204283, 0.200293, 0.000000, 0.000000, 0.000000, 1.000000, 0.994512, -0.064799, 0.082145, 0.052561, 0.083837, 0.023826, -0.996195, 0.090316, 0.062595, 0.997614, 0.029128, 0.003975, 0.000000, 0.000000, 0.000000, 1.000000
-24.9977, 70.3665, -0.3094, 260.5662, 282.5662, -70.3669, 200.2982, 52.5583, 90.3162, 3.9764, 0.868113, -0.496361, 0.002443, 0.070366, 0.485496, 0.850116, 0.203953, -0.000309, -0.103311, -0.175868, 0.978978, 0.260566, 0.000000, 0.000000, 0.000000, 1.000000, -0.103470, -0.176143, 0.978911, 0.282566, -0.868113, 0.496361, -0.002445, -0.070367, -0.485463, -0.850059, -0.204270, 0.200298, 0.000000, 0.000000, 0.000000, 1.000000, 0.994512, -0.064799, 0.082145, 0.052558, 0.083836, 0.023827, -0.996195, 0.090316, 0.062595, 0.997614, 0.029129, 0.003976, 0.000000, 0.000000, 0.000000, 1.000000
-24.9961, 70.3622, -0.3134, 260.5649, 282.5648, -70.3626, 200.3023, 52.5567, 90.3166, 3.9773, 0.868127, -0.496337, 0.002446, 0.070362, 0.485473, 0.850131, 0.203943, -0.000313, -0.103304, -0.175861, 0.978980, 0.260565, 0.000000, 0.000000, 0.000000, 1.000000, -0.103463, -0.176136, 0.978913, 0.282565, -0.868126, 0.496337, -0.002448, -0.070363, -0.485440, -0.850074, -0.204261, 0.200302, 0.000000, 0.000000, 0.000000, 1.000000, 0.994512, -0.064799, 0.082144, 0.052557, 0.083836, 0.023828, -0.996195, 0.090317, 0.062595, 0.997614, 0.029130, 0.003977, 0.000000, 0.000000, 0.000000, 1.000000
-24.9929, 70.3530, -0.3213, 260.5622, 282.5621, -70.3534, 200.3104, 52.5533, 90.3174, 3.9792, 0.868156, -0.496286, 0.002453, 0.070353, 0.485424, 0.850163, 0.203925, -0.000321, -0.103291, -0.175847, 0.978983, 0.260562, 0.000000, 0.000000, 0.000000, 1.000000, -0.103450, -0.176122, 0.978917, 0.282562, -0.868155, 0.496286, -0.002455, -0.070353, -0.485391, -0.850106, -0.204242, 0.200310, 0.000000, 0.000000, 0.000000, 1.000000, 0.994512, -0.064799, 0.082144, 0.052553, 0.083835, 0.023829, -0.996195, 0.090317, 0.062595, 0.997614, 0.029131, 0.003979, 0.000000, 0.000000, 0.000000, 1.000000
-24.9900, 70.3448, -0.3280, 260.5599, 282.5599, -70.3453, 200.3171, 52.5503, 90.3180, 3.9809, 0.868181, -0.496241, 0.002460, 0.070345, 0.485381, 0.850192, 0.203909, -0.000328, -0.103279, -0.175836, 0.978987, 0.260560, 0.000000, 0.000000, 0.000000, 1.000000, -0.103438, -0.176110, 0.978921, 0.282560, -0.868181, 0.496241, -0.002462, -0.070345, -0.485347, -0.850135, -0.204226, 0.200317, 0.000000, 0.000000, 0.000000, 1.000000, 0.994512, -0.064798, 0.082143, 0.052550, 0.083835, 0.023830, -0.996195, 0.090318, 0.062594, 0.997614, 0.029132, 0.003981, 0.000000, 0.000000, 0.000000, 1.000000
-24.9821, 70.3231, -0.3446, 260.5543, 282.5543, -70.3235, 200.3339, 52.5424, 90.3195, 3.9855, 0.868250, -0.496121, 0.002477, 0.070323, 0.485265, 0.850268, 0.203870, -0.000345, -0.103250, -0.175808, 0.978995, 0.260554, 0.000000, 0.000000, 0.000000, 1.000000, -0.103408, -0.176082, 0.978929, 0.282554, -0.868250, 0.496122, -0.002478, -0.070324, -0.485231, -0.850211, -0.204186, 0.200334, 0.000000, 0.000000, 0.000000, 1.000000, 0.994512, -0.064798, 0.082141, 0.052542, 0.083833, 0.023834, -0.996195, 0.090319, 0.062593, 0.997614, 0.029135, 0.003986, 0.000000, 0.000000, 0.000000, 1.000000
-24.9797, 70.3165, -0.3494, 260.5527, 282.5527, -70.3170, 200.3388, 52.5401, 90.3199, 3.9870, 0.868270, -0.496085, 0.002482, 0.070317, 0.485230, 0.850290, 0.203859, -0.000349, -0.103241, -0.175800, 0.978997, 0.260553, 0.000000, 0.000000, 0.000000, 1.000000, -0.103400, -0.176074, 0.978931, 0.282553, -0.868270, 0.496085, -0.002483, -0.070317, -0.485196, -0.850234, -0.204175, 0.200339, 0.000000, 0.000000, 0.000000, 1.000000, 0.994512, -0.064798, 0.082140, 0.052540, 0.083832, 0.023835, -0.996195, 0.090320, 0.062593, 0.997614, 0.029136, 0.003987, 0.000000, 0.000000, 0.000000, 1.000000
-24.9744, 70.3018, -0.3598, 260.5493, 282.5492, -70.3023, 200.3493, 52.5348, 90.3208, 3.9902, 0.868317, -0.496004, 0.002493, 0.070302, 0.485151, 0.850341, 0.203834, -0.000360, -0.103223, -0.175783, 0.979002, 0.260549, 0.000000, 0.000000, 0.000000, 1.000000, -0.103380, -0.176056, 0.978937, 0.282549, -0.868316, 0.496004, -0.002495, -0.070302, -0.485118, -0.850285, -0.204150, 0.200349, 0.000000, 0.000000, 0.000000, 1.000000, 0.994512, -0.064797, 0.082139, 0.052535, 0.083831, 0.023837, -0.996195, 0.090321, 0.062593, 0.997614, 0.029138, 0.003990, 0.000000, 0.000000, 0.000000, 1.000000
-24.9715, 70.2937, -0.3654, 260.5474, 282.5474, -70.2941, 200.3550, 52.5319, 90.3213, 3.9919, 0.868342, -0.495959, 0.002499, 0.070294, 0.485108, 0.850369, 0.203821, -0.000365, -0.103212, -0.175774, 0.979005, 0.260547, 0.000000, 0.000000, 0.000000, 1.000000, -0.103370, -0.176047, 0.978939, 0.282547, -0.868342, 0.495960, -0.002501, -0.070294, -0.485074, -0.850313, -0.204136, 0.200355, 0.000000, 0.000000, 0.000000, 1.000000, 0.994512, -0.064797, 0.082138, 0.052532, 0.083830, 0.023838, -0.996195, 0.090321, 0.062592, 0.997614, 0.029139, 0.003992, 0.000000, 0.000000, 0.000000, 1.000000
-24.9650, 70.2759, -0.3774, 260.5435, 282.5434, -70.2764, 200.3671, 52.5255, 90.3223, 3.9958, 0.868398, -0.495862, 0.002513, 0.070276, 0.485013, 0.850430, 0.203792, -0.000377, -0.103190, -0.175754, 0.979011, 0.260543, 0.000000, 0.000000, 0.000000, 1.000000, -0.103347, -0.176027, 0.978945, 0.282543, -0.868398, 0.495862, -0.002515, -0.070276, -0.484979, -0.850374, -0.204107, 0.200367, 0.000000, 0.000000, 0.000000, 1.000000, 0.994512, -0.064796, 0.082137, 0.052526, 0.083829, 0.023840, -0.996195, 0.090322, 0.062592, 0.997614, 0.029141, 0.003996, 0.000000, 0.000000, 0.000000, 1.000000
-24.9615, 70.2663, -0.3838, 260.5414, 282.5413, -70.2667, 200.3736, 52.5220, 90.3228, 3.9980, 0.868428, -0.495809, 0.002520, 0.070266, 0.484961, 0.850463, 0.203777, -0.000384, -0.103178, -0.175743, 0.979014, 0.260541, 0.000000, 0.000000, 0.000000, 1.000000, -0.103335, -0.176016, 0.978949, 0.282541, -0.868428, 0.495809, -0.002522, -0.070267, -0.484928, -0.850407, -0.204092, 0.200374, 0.000000, 0.000000, 0.000000, 1.000000, 0.994513, -0.064796, 0.082136, 0.052522, 0.083828, 0.023842, -0.996195, 0.090323, 0.062591, 0.997614, 0.029143, 0.003998, 0.000000, 0.000000, 0.000000, 1.000000
-24.9538, 70.2453, -0.3974, 260.5369, 282.5369, -70.2458, 200.3873, 52.5146, 90.3239, 4.0026, 0.868494, -0.495694, 0.002536, 0.070245, 0.484849, 0.850535, 0.203745, -0.000397, -0.103152, -0.175721, 0.979021, 0.260537, 0.000000, 0.000000, 0.000000, 1.000000, -0.103309, -0.175993, 0.978955, 0.282537, -0.868494, 0.495694, -0.002538, -0.070246, -0.484815, -0.850479, -0.204059, 0.200387, 0.000000, 0.000000, 0.000000, 1.000000, 0.994513, -0.064796, 0.082134, 0.052515, 0.083826, 0.023845, -0.996195, 0.090324, 0.062591, 0.997614, 0.029146, 0.004003, 0.000000, 0.000000, 0.000000, 1.000000
-24.9497, 70.2340, -0.4046, 260.5346, 282.5346, -70.2345, 200.3945, 52.5106, 90.3245, 4.0051, 0.868529, -0.495632, 0.002545, 0.070234, 0.484788, 0.850574, 0.203728, -0.000405, -0.103139, -0.175709, 0.979024, 0.260535, 0.000000, 0.000000, 0.000000, 1.000000, -0.103296, -0.175981, 0.978959, 0.282535, -0.868529, 0.495632, -0.002547, -0.070234, -0.484755, -0.850517, -0.204041, 0.200394, 0.000000, 0.000000, 0.000000, 1.000000, 0.994513, -0.064795, 0.082133, 0.052511, 0.083825, 0.023847, -0.996195, 0.090324, 0.062590, 0.997614, 0.029147, 0.004005, 0.000000, 0.000000, 0.000000, 1.000000
-24.9408, 70.2099, -0.4197, 260.5297, 282.5297, -70.2103, 200.4097, 52.5020, 90.3257, 4.0105, 0.868605, -0.495499, 0.002564, 0.070210, 0.484659, 0.850656, 0.203691, -0.000420, -0.103110, -0.175685, 0.979032, 0.260530, 0.000000, 0.000000, 0.000000, 1.000000, -0.103266, -0.175956, 0.978967, 0.282530, -0.868605, 0.495499, -0.002565, -0.070210, -0.484626, -0.850600, -0.204005, 0.200410, 0.000000, 0.000000, 0.000000, 1.000000, 0.994513, -0.064795, 0.082130, 0.052502, 0.083823, 0.023850, -0.996195, 0.090326, 0.062589, 0.997614, 0.029150, 0.004010, 0.000000, 0.000000, 0.000000, 1.000000
-24.9260, 70.1696, -0.4441, 260.5218, 282.5218, -70.1701, 200.4343, 52.4877, 90.3276, 4.0195, 0.868731, -0.495278, 0.002594, 0.070170, 0.484443, 0.850793, 0.203633, -0.000444, -0.103062, -0.175645, 0.979044, 0.260522, 0.000000, 0.000000, 0.000000, 1.000000, -0.103218, -0.175916, 0.978979, 0.282522, -0.868730, 0.495278, -0.002596, -0.070170, -0.484410, -0.850737, -0.203945, 0.200434, 0.000000, 0.000000, 0.000000, 1.000000, 0.994513, -0.064794, 0.082127, 0.052488, 0.083820, 0.023856, -0.996195, 0.090328, 0.062588, 0.997613, 0.029156, 0.004020, 0.000000, 0.000000, 0.000000, 1.000000
-24.9152, 70.1403, -0.4615, 260.5163, 282.5163, -70.1408, 200.4519, 52.4773, 90.3289, 4.0261, 0.868822, -0.495117, 0.002617, 0.070140, 0.484286, 0.850892, 0.203591, -0.000461, -0.103028, -0.175617, 0.979053, 0.260516, 0.000000, 0.000000, 0.000000, 1.000000, -0.103184, -0.175888, 0.978988, 0.282516, -0.868822, 0.495117, -0.002618, -0.070141, -0.484253, -0.850836, -0.203903, 0.200452, 0.000000, 0.000000, 0.000000, 1.000000, 0.994514, -0.064793, 0.082124, 0.052477, 0.083817, 0.023860, -0.996195, 0.090329, 0.062587, 0.997613, 0.029160, 0.004026, 0.000000, 0.000000, 0.000000, 1.000000
-24.9037, 70.1090, -0.4797, 260.5105, 282.5105, -70.1094, 200.4703, 52.4662, 90.3303, 4.0332, 0.868920, -0.494945, 0.002640, 0.070109, 0.484118, 0.850998, 0.203547, -0.000480, -0.102991, -0.175588, 0.979062, 0.260510, 0.000000, 0.000000, 0.000000, 1.000000, -0.103147, -0.175858, 0.978997, 0.282510, -0.868920, 0.494945, -0.002642, -0.070109, -0.484085, -0.850942, -0.203858, 0.200470, 0.000000, 0.000000, 0.000000, 1.000000, 0.994514, -0.064792, 0.082121, 0.052466, 0.083814, 0.023865, -0.996196, 0.090330, 0.062586, 0.997613, 0.029164, 0.004033, 0.000000, 0.000000, 0.000000, 1.000000
-24.8976, 70.0926, -0.4892, 260.5075, 282.5075, -70.0930, 200.4798, 52.4604, 90.3310, 4.0369, 0.868971, -0.494855, 0.002653, 0.070093, 0.484030, 0.851054, 0.203524, -0.000489, -0.102973, -0.175573, 0.979066, 0.260507, 0.000000, 0.000000, 0.000000, 1.000000, -0.103128, -0.175842, 0.979002, 0.282508, -0.868971, 0.494856, -0.002654, -0.070093, -0.483998, -0.850998, -0.203835, 0.200480, 0.000000, 0.000000, 0.000000, 1.000000, 0.994514, -0.064792, 0.082119, 0.052460, 0.083813, 0.023867, -0.996196, 0.090331, 0.062585, 0.997613, 0.029166, 0.004037, 0.000000, 0.000000, 0.000000, 1.000000
-24.8850, 70.0583, -0.5086, 260.5013, 282.5014, -70.0588, 200.4994, 52.4483, 90.3325, 4.0446, 0.869078, -0.494668, 0.002679, 0.070058, 0.483847, 0.851169, 0.203477, -0.000509, -0.102933, -0.175541, 0.979076, 0.260501, 0.000000, 0.000000, 0.000000, 1.000000, -0.103088, -0.175811, 0.979011, 0.282501, -0.869078, 0.494668, -0.002680, -0.070059, -0.483814, -0.851114, -0.203788, 0.200499, 0.000000, 0.000000, 0.000000, 1.000000, 0.994514, -0.064791, 0.082116, 0.052448, 0.083810, 0.023872, -0.996196, 0.090332, 0.062584, 0.997613, 0.029171, 0.004045, 0.000000, 0.000000, 0.000000, 1.000000
-24.8784, 70.0405, -0.5187, 260.4982, 282.4982, -70.0409, 200.5095, 52.4421, 90.3332, 4.0487, 0.869134, -0.494570, 0.002692, 0.070040, 0.483751, 0.851229, 0.203453, -0.000519, -0.102913, -0.175525, 0.979081, 0.260498, 0.000000, 0.000000, 0.000000, 1.000000, -0.103068, -0.175794, 0.979017, 0.282498, -0.869134, 0.494570, -0.002694, -0.070041, -0.483719, -0.851174, -0.203763, 0.200509, 0.000000, 0.000000, 0.000000, 1.000000, 0.994515, -0.064791, 0.082114, 0.052442, 0.083808, 0.023874, -0.996196, 0.090333, 0.062584, 0.997613, 0.029173, 0.004049, 0.000000, 0.000000, 0.000000, 1.000000
-24.8648, 70.0035, -0.5392, 260.4917, 282.4918, -70.0040, 200.5302, 52.4290, 90.3347, 4.0571, 0.869249, -0.494367, 0.002720, 0.070004, 0.483553, 0.851354, 0.203403, -0.000539, -0.102871, -0.175492, 0.979091, 0.260492, 0.000000, 0.000000, 0.000000, 1.000000, -0.103026, -0.175761, 0.979027, 0.282492, -0.869249, 0.494367, -0.002722, -0.070004, -0.483521, -0.851298, -0.203713, 0.200530, 0.000000, 0.000000, 0.000000, 1.000000, 0.994515, -0.064790, 0.082111, 0.052429, 0.083805, 0.023880, -0.996196, 0.090335, 0.062582, 0.997613, 0.029178, 0.004057, 0.000000, 0.000000, 0.000000, 1.000000
-24.8505, 69.9648, -0.5605, 260.4851, 282.4851, -69.9653, 200.5516, 52.4154, 90.3362, 4.0659, 0.869369, -0.494155, 0.002749, 0.069965, 0.483346, 0.851484, 0.203351, -0.000560, -0.102828, -0.175458, 0.979102, 0.260485, 0.000000, 0.000000, 0.000000, 1.000000, -0.102982, -0.175727, 0.979038, 0.282485, -0.869369, 0.494156, -0.002751, -0.069965, -0.483314, -0.851428, -0.203660, 0.200552, 0.000000, 0.000000, 0.000000, 1.000000, 0.994515, -0.064789, 0.082107, 0.052415, 0.083802, 0.023885, -0.996196, 0.090336, 0.062581, 0.997613, 0.029184, 0.004066, 0.000000, 0.000000, 0.000000, 1.000000
-24.8431, 69.9449, -0.5713, 260.4817, 282.4817, -69.9454, 200.5625, 52.4084, 90.3370, 4.0704, 0.869431, -0.494046, 0.002764, 0.069945, 0.483240, 0.851551, 0.203325, -0.000571, -0.102805, -0.175441, 0.979108, 0.260482, 0.000000, 0.000000, 0.000000, 1.000000, -0.102959, -0.175709, 0.979043, 0.282482, -0.869431, 0.494047, -0.002765, -0.069945, -0.483207, -0.851495, -0.203634, 0.200563, 0.000000, 0.000000, 0.000000, 1.000000, 0.994516, -0.064788, 0.082105, 0.052408, 0.083800, 0.023888, -0.996196, 0.090337, 0.062580, 0.997613, 0.029186, 0.004070, 0.000000, 0.000000, 0.000000, 1.000000
-24.8123, 69.8616, -0.6161, 260.4678, 282.4679, -69.8621, 200.6077, 52.3791, 90.3402, 4.0894, 0.869690, -0.493590, 0.002826, 0.069862, 0.482793, 0.851830, 0.203215, -0.000616, -0.102712, -0.175370, 0.979130, 0.260468, 0.000000, 0.000000, 0.000000, 1.000000, -0.102865, -0.175637, 0.979066, 0.282468, -0.869690, 0.493590, -0.002828, -0.069862, -0.482761, -0.851775, -0.203523, 0.200608, 0.000000, 0.000000, 0.000000, 1.000000, 0.994516, -0.064786, 0.082097, 0.052379, 0.083793, 0.023900, -0.996197, 0.090340, 0.062578, 0.997613, 0.029198, 0.004089, 0.000000, 0.000000, 0.000000, 1.000000
-24.8043, 69.8400, -0.6276, 260.4642, 282.4643, -69.8404, 200.6192, 52.3715, 90.3410, 4.0943, 0.869757, -0.493472, 0.002842, 0.069840, 0.482677, 0.851902, 0.203187, -0.000628, -0.102688, -0.175352, 0.979136, 0.260464, 0.000000, 0.000000, 0.000000, 1.000000, -0.102841, -0.175618, 0.979072, 0.282464, -0.869757, 0.493472, -0.002844, -0.069840, -0.482645, -0.851847, -0.203495, 0.200619, 0.000000, 0.000000, 0.000000, 1.000000, 0.994517, -0.064786, 0.082095, 0.052372, 0.083791, 0.023903, -0.996197, 0.090341, 0.062577, 0.997613, 0.029201, 0.004094, 0.000000, 0.000000, 0.000000, 1.000000
-24.7880, 69.7959, -0.6509, 260.4571, 282.4571, -69.7964, 200.6427, 52.3561, 90.3426, 4.1044, 0.869894, -0.493231, 0.002875, 0.069796, 0.482441, 0.852049, 0.203130, -0.000651, -0.102639, -0.175315, 0.979148, 0.260457, 0.000000, 0.000000, 0.000000, 1.000000, -0.102792, -0.175581, 0.979084, 0.282457, -0.869894, 0.493231, -0.002876, -0.069796, -0.482409, -0.851994, -0.203437, 0.200643, 0.000000, 0.000000, 0.000000, 1.000000, 0.994517, -0.064785, 0.082091, 0.052356, 0.083787, 0.023909, -0.996197, 0.090343, 0.062575, 0.997613, 0.029207, 0.004104, 0.000000, 0.000000, 0.000000, 1.000000
-24.7713, 69.7510, -0.6745, 260.4498, 282.4499, -69.7514, 200.6664, 52.3403, 90.3443, 4.1146, 0.870033, -0.492985, 0.002908, 0.069751, 0.482201, 0.852200, 0.203072, -0.000674, -0.102590, -0.175278, 0.979159, 0.260450, 0.000000, 0.000000, 0.000000, 1.000000, -0.102742, -0.175543, 0.979096, 0.282450, -0.870033, 0.492985, -0.002910, -0.069751, -0.482169, -0.852145, -0.203379, 0.200666, 0.000000, 0.000000, 0.000000, 1.000000, 0.994517, -0.064784, 0.082087, 0.052340, 0.083783, 0.023916, -0.996197, 0.090344, 0.062574, 0.997613, 0.029213, 0.004115, 0.000000, 0.000000, 0.000000, 1.000000
-24.7629, 69.7282, -0.6864, 260.4462, 282.4463, -69.7287, 200.6784, 52.3323, 90.3451, 4.1198, 0.870104, -0.492860, 0.002925, 0.069728, 0.482079, 0.852275, 0.203043, -0.000686, -0.102565, -0.175259, 0.979165, 0.260446, 0.000000, 0.000000, 0.000000, 1.000000, -0.102717, -0.175524, 0.979102, 0.282446, -0.870104, 0.492860, -0.002926, -0.069729, -0.482047, -0.852221, -0.203349, 0.200678, 0.000000, 0.000000, 0.000000, 1.000000, 0.994518, -0.064783, 0.082084, 0.052332, 0.083781, 0.023919, -0.996197, 0.090345, 0.062573, 0.997613, 0.029216, 0.004120, 0.000000, 0.000000, 0.000000, 1.000000
-24.7459, 69.6821, -0.7103, 260.4389, 282.4390, -69.6826, 200.7025, 52.3162, 90.3468, 4.1303, 0.870246, -0.492608, 0.002959, 0.069682, 0.481832, 0.852429, 0.202985, -0.000710, -0.102514, -0.175221, 0.979177, 0.260439, 0.000000, 0.000000, 0.000000, 1.000000, -0.102666, -0.175486, 0.979114, 0.282439, -0.870246, 0.492608, -0.002960, -0.069683, -0.481800, -0.852374, -0.203290, 0.200702, 0.000000, 0.000000, 0.000000, 1.000000, 0.994518, -0.064782, 0.082080, 0.052316, 0.083777, 0.023926, -0.996197, 0.090347, 0.062572, 0.997613, 0.029222, 0.004130, 0.000000, 0.000000, 0.000000, 1.000000
-24.7373, 69.6589, -0.7223, 260.4352, 282.4353, -69.6593, 200.7146, 52.3080, 90.3476, 4.1357, 0.870318, -0.492481, 0.002976, 0.069659, 0.481708, 0.852506, 0.202955, -0.000722, -0.102488, -0.175202, 0.979184, 0.260435, 0.000000, 0.000000, 0.000000, 1.000000, -0.102640, -0.175467, 0.979120, 0.282435, -0.870318, 0.492481, -0.002978, -0.069659, -0.481676, -0.852452, -0.203260, 0.200715, 0.000000, 0.000000, 0.000000, 1.000000, 0.994518, -0.064781, 0.082078, 0.052308, 0.083775, 0.023929, -0.996197, 0.090348, 0.062571, 0.997613, 0.029225, 0.004136, 0.000000, 0.000000, 0.000000, 1.000000
-24.7199, 69.6119, -0.7465, 260.4278, 282.4279, -69.6124, 200.7389, 52.2916, 90.3493, 4.1464, 0.870463, -0.492224, 0.003010, 0.069612, 0.481456, 0.852662, 0.202896, -0.000746, -0.102437, -0.175164, 0.979196, 0.260428, 0.000000, 0.000000, 0.000000, 1.000000, -0.102588, -0.175428, 0.979133, 0.282428, -0.870463, 0.492224, -0.003012, -0.069612, -0.481424, -0.852608, -0.203200, 0.200739, 0.000000, 0.000000, 0.000000, 1.000000, 0.994519, -0.064780, 0.082073, 0.052292, 0.083771, 0.023936, -0.996198, 0.090349, 0.062569, 0.997612, 0.029231, 0.004146, 0.000000, 0.000000, 0.000000, 1.000000
-24.7111, 69.5883, -0.7586, 260.4241, 282.4242, -69.5887, 200.7512, 52.2833, 90.3501, 4.1518, 0.870536, -0.492095, 0.003028, 0.069588, 0.481330, 0.852741, 0.202866, -0.000759, -0.102411, -0.175145, 0.979202, 0.260424, 0.000000, 0.000000, 0.000000, 1.000000, -0.102562, -0.175409, 0.979139, 0.282424, -0.870536, 0.492095, -0.003029, -0.069589, -0.481298, -0.852687, -0.203170, 0.200751, 0.000000, 0.000000, 0.000000, 1.000000, 0.994519, -0.064780, 0.082071, 0.052283, 0.083769, 0.023939, -0.996198, 0.090350, 0.062569, 0.997612, 0.029234, 0.004152, 0.000000, 0.000000, 0.000000, 1.000000
-24.6847, 69.5169, -0.7951, 260.4131, 282.4132, -69.5173, 200.7879, 52.2583, 90.3526, 4.1681, 0.870757, -0.491704, 0.003080, 0.069517, 0.480948, 0.852978, 0.202776, -0.000795, -0.102333, -0.175087, 0.979220, 0.260413, 0.000000, 0.000000, 0.000000, 1.000000, -0.102483, -0.175350, 0.979158, 0.282413, -0.870757, 0.491705, -0.003082, -0.069517, -0.480916, -0.852924, -0.203079, 0.200788, 0.000000, 0.000000, 0.000000, 1.000000, 0.994520, -0.064778, 0.082064, 0.052258, 0.083762, 0.023949, -0.996198, 0.090353, 0.062566, 0.997612, 0.029244, 0.004168, 0.000000, 0.000000, 0.000000, 1.000000
-24.6759, 69.4929, -0.8072, 260.4094, 282.4095, -69.4934, 200.8002, 52.2500, 90.3534, 4.1735, 0.870831, -0.491574, 0.003097, 0.069493, 0.480820, 0.853057, 0.202746, -0.000807, -0.102307, -0.175068, 0.979226, 0.260409, 0.000000, 0.000000, 0.000000, 1.000000, -0.102457, -0.175331, 0.979164, 0.282409, -0.870830, 0.491574, -0.003099, -0.069493, -0.480788, -0.853003, -0.203049, 0.200800, 0.000000, 0.000000, 0.000000, 1.000000, 0.994520, -0.064777, 0.082062, 0.052250, 0.083760, 0.023953, -0.996198, 0.090353, 0.062565, 0.997612, 0.029247, 0.004174, 0.000000, 0.000000, 0.000000, 1.000000
-24.6493, 69.4212, -0.8436, 260.3984, 282.3985, -69.4216, 200.8369, 52.2248, 90.3559, 4.1899, 0.871052, -0.491181, 0.003150, 0.069421, 0.480436, 0.853295, 0.202656, -0.000844, -0.102228, -0.175011, 0.979245, 0.260398, 0.000000, 0.000000, 0.000000, 1.000000, -0.102378, -0.175273, 0.979182, 0.282398, -0.871051, 0.491182, -0.003151, -0.069422, -0.480404, -0.853241, -0.202958, 0.200837, 0.000000, 0.000000, 0.000000, 1.000000, 0.994521, -0.064776, 0.082055, 0.052225, 0.083754, 0.023963, -0.996198, 0.090356, 0.062563, 0.997612, 0.029257, 0.004190, 0.000000, 0.000000, 0.000000, 1.000000
-24.6405, 69.3973, -0.8557, 260.3947, 282.3948, -69.3977, 200.8490, 52.2165, 90.3567, 4.1954, 0.871125, -0.491051, 0.003167, 0.069397, 0.480308, 0.853374, 0.202626, -0.000856, -0.102202, -0.174992, 0.979251, 0.260395, 0.000000, 0.000000, 0.000000, 1.000000, -0.102352, -0.175253, 0.979189, 0.282395, -0.871125, 0.491051, -0.003169, -0.069398, -0.480276, -0.853320, -0.202928, 0.200849, 0.000000, 0.000000, 0.000000, 1.000000, 0.994521, -0.064775, 0.082052, 0.052216, 0.083752, 0.023966, -0.996198, 0.090357, 0.062562, 0.997612, 0.029260, 0.004195, 0.000000, 0.000000, 0.000000, 1.000000
-24.6317, 69.3734, -0.8678, 260.3911, 282.3912, -69.3739, 200.8612, 52.2081, 90.3576, 4.2008, 0.871199, -0.490921, 0.003184, 0.069373, 0.480180, 0.853453, 0.202597, -0.000868, -0.102176, -0.174973, 0.979257, 0.260391, 0.000000, 0.000000, 0.000000, 1.000000, -0.102326, -0.175234, 0.979195, 0.282391, -0.871198, 0.490921, -0.003186, -0.069374, -0.480149, -0.853399, -0.202898, 0.200861, 0.000000, 0.000000, 0.000000, 1.000000, 0.994521, -0.064774, 0.082050, 0.052208, 0.083750, 0.023970, -0.996198, 0.090358, 0.062561, 0.997612, 0.029263, 0.004201, 0.000000, 0.000000, 0.000000, 1.000000
-24.6229, 69.3496, -0.8797, 260.3874, 282.3876, -69.3501, 200.8733, 52.1998, 90.3584, 4.2062, 0.871272, -0.490791, 0.003202, 0.069350, 0.480053, 0.853531, 0.202567, -0.000880, -0.102151, -0.174954, 0.979263, 0.260387, 0.000000, 0.000000, 0.000000, 1.000000, -0.102300, -0.175215, 0.979201, 0.282388, -0.871271, 0.490791, -0.003203, -0.069350, -0.480022, -0.853478, -0.202868, 0.200873, 0.000000, 0.000000, 0.000000, 1.000000, 0.994521, -0.064774, 0.082048, 0.052200, 0.083748, 0.023973, -0.996199, 0.090358, 0.062561, 0.997612, 0.029267, 0.004206, 0.000000, 0.000000, 0.000000, 1.000000
-24.6054, 69.3023, -0.9036, 260.3802, 282.3804, -69.3027, 200.8973, 52.1833, 90.3600, 4.2170, 0.871417, -0.490532, 0.003236, 0.069302, 0.479800, 0.853688, 0.202508, -0.000904, -0.102099, -0.174916, 0.979275, 0.260380, 0.000000, 0.000000, 0.000000, 1.000000, -0.102248, -0.175177, 0.979213, 0.282380, -0.871417, 0.490532, -0.003238, -0.069303, -0.479769, -0.853634, -0.202808, 0.200897, 0.000000, 0.000000, 0.000000, 1.000000, 0.994522, -0.064773, 0.082043, 0.052183, 0.083743, 0.023980, -0.996199, 0.090360, 0.062559, 0.997612, 0.029273, 0.004217, 0.000000, 0.000000, 0.000000, 1.000000
-24.5967, 69.2787, -0.9155, 260.3767, 282.3768, -69.2792, 200.9092, 52.1750, 90.3608, 4.2224, 0.871490, -0.490403, 0.003253, 0.069279, 0.479674, 0.853765, 0.202479, -0.000915, -0.102073, -0.174898, 0.979281, 0.260377, 0.000000, 0.000000, 0.000000, 1.000000, -0.102222, -0.175158, 0.979219, 0.282377, -0.871489, 0.490404, -0.003255, -0.069279, -0.479643, -0.853712, -0.202778, 0.200909, 0.000000, 0.000000, 0.000000, 1.000000, 0.994522, -0.064772, 0.082041, 0.052175, 0.083741, 0.023983, -0.996199, 0.090361, 0.062558, 0.997612, 0.029276, 0.004222, 0.000000, 0.000000, 0.000000, 1.000000
-24.5794, 69.2320, -0.9390, 260.3696, 282.3697, -69.2324, 200.9329, 52.1587, 90.3624, 4.2330, 0.871633, -0.490148, 0.003287, 0.069232, 0.479424, 0.853920, 0.202420, -0.000939, -0.102023, -0.174861, 0.979293, 0.260370, 0.000000, 0.000000, 0.000000, 1.000000, -0.102170, -0.175120, 0.979231, 0.282370, -0.871633, 0.490148, -0.003288, -0.069232, -0.479393, -0.853866, -0.202719, 0.200933, 0.000000, 0.000000, 0.000000, 1.000000, 0.994522, -0.064771, 0.082036, 0.052159, 0.083737, 0.023990, -0.996199, 0.090362, 0.062557, 0.997612, 0.029282, 0.004233, 0.000000, 0.000000, 0.000000, 1.000000
-24.5709, 69.2088, -0.9506, 260.3661, 282.3662, -69.2092, 200.9447, 52.1506, 90.3632, 4.2383, 0.871704, -0.490021, 0.003303, 0.069209, 0.479300, 0.853996, 0.202391, -0.000951, -0.101997, -0.174842, 0.979299, 0.260366, 0.000000, 0.000000, 0.000000, 1.000000, -0.102145, -0.175102, 0.979237, 0.282366, -0.871704, 0.490022, -0.003305, -0.069209, -0.479269, -0.853943, -0.202690, 0.200945, 0.000000, 0.000000, 0.000000, 1.000000, 0.994523, -0.064770, 0.082034, 0.052151, 0.083735, 0.023993, -0.996199, 0.090363, 0.062556, 0.997612, 0.029285, 0.004238, 0.000000, 0.000000, 0.000000, 1.000000
-24.5455, 69.1401, -0.9851, 260.3557, 282.3558, -69.1405, 200.9795, 52.1266, 90.3656, 4.2539, 0.871915, -0.489646, 0.003353, 0.069140, 0.478933, 0.854222, 0.202306, -0.000985, -0.101923, -0.174788, 0.979317, 0.260356, 0.000000, 0.000000, 0.000000, 1.000000, -0.102069, -0.175046, 0.979255, 0.282356, -0.871915, 0.489647, -0.003355, -0.069141, -0.478902, -0.854169, -0.202603, 0.200979, 0.000000, 0.000000, 0.000000, 1.000000, 0.994523, -0.064769, 0.082028, 0.052127, 0.083729, 0.024003, -0.996199, 0.090366, 0.062554, 0.997612, 0.029295, 0.004254, 0.000000, 0.000000, 0.000000, 1.000000
-24.5208, 69.0730, -1.0187, 260.3455, 282.3457, -69.0735, 201.0134, 52.1031, 90.3679, 4.2692, 0.872120, -0.489280, 0.003401, 0.069073, 0.478574, 0.854443, 0.202223, -0.001019, -0.101850, -0.174735, 0.979334, 0.260346, 0.000000, 0.000000, 0.000000, 1.000000, -0.101996, -0.174992, 0.979272, 0.282346, -0.872120, 0.489280, -0.003403, -0.069073, -0.478543, -0.854390, -0.202519, 0.201013, 0.000000, 0.000000, 0.000000, 1.000000, 0.994524, -0.064767, 0.082021, 0.052103, 0.083723, 0.024013, -0.996200, 0.090368, 0.062552, 0.997611, 0.029304, 0.004269, 0.000000, 0.000000, 0.000000, 1.000000
-24.5127, 69.0511, -1.0297, 260.3422, 282.3424, -69.0516, 201.0245, 52.0954, 90.3686, 4.2741, 0.872187, -0.489160, 0.003417, 0.069051, 0.478457, 0.854515, 0.202195, -0.001030, -0.101826, -0.174717, 0.979339, 0.260342, 0.000000, 0.000000, 0.000000, 1.000000, -0.101972, -0.174975, 0.979278, 0.282342, -0.872187, 0.489161, -0.003419, -0.069052, -0.478426, -0.854462, -0.202491, 0.201024, 0.000000, 0.000000, 0.000000, 1.000000, 0.994524, -0.064767, 0.082019, 0.052095, 0.083721, 0.024016, -0.996200, 0.090369, 0.062551, 0.997611, 0.029306, 0.004274, 0.000000, 0.000000, 0.000000, 1.000000
-24.5047, 69.0294, -1.0406, 260.3389, 282.3391, -69.0298, 201.0355, 52.0878, 90.3694, 4.2791, 0.872254, -0.489042, 0.003432, 0.069029, 0.478341, 0.854586, 0.202168, -0.001041, -0.101802, -0.174700, 0.979345, 0.260339, 0.000000, 0.000000, 0.000000, 1.000000, -0.101948, -0.174957, 0.979284, 0.282339, -0.872253, 0.489042, -0.003434, -0.069030, -0.478310, -0.854534, -0.202464, 0.201035, 0.000000, 0.000000, 0.000000, 1.000000, 0.994524, -0.064766, 0.082017, 0.052088, 0.083719, 0.024019, -0.996200, 0.090369, 0.062550, 0.997611, 0.029309, 0.004279, 0.000000, 0.000000, 0.000000, 1.000000
-24.4889, 68.9866, -1.0621, 260.3324, 282.3326, -68.9871, 201.0571, 52.0729, 90.3708, 4.2888, 0.872384, -0.488808, 0.003463, 0.068987, 0.478112, 0.854727, 0.202115, -0.001062, -0.101756, -0.174666, 0.979356, 0.260332, 0.000000, 0.000000, 0.000000, 1.000000, -0.101901, -0.174923, 0.979295, 0.282333, -0.872384, 0.488809, -0.003465, -0.068987, -0.478082, -0.854674, -0.202410, 0.201057, 0.000000, 0.000000, 0.000000, 1.000000, 0.994525, -0.064765, 0.082013, 0.052073, 0.083715, 0.024025, -0.996200, 0.090371, 0.062549, 0.997611, 0.029315, 0.004289, 0.000000, 0.000000, 0.000000, 1.000000
-24.4811, 68.9656, -1.0726, 260.3292, 282.3294, -68.9660, 201.0678, 52.0655, 90.3716, 4.2935, 0.872449, -0.488694, 0.003478, 0.068966, 0.478000, 0.854796, 0.202089, -0.001073, -0.101733, -0.174649, 0.979361, 0.260329, 0.000000, 0.000000, 0.000000, 1.000000, -0.101878, -0.174906, 0.979300, 0.282329, -0.872448, 0.488694, -0.003480, -0.068966, -0.477969, -0.854743, -0.202383, 0.201068, 0.000000, 0.000000, 0.000000, 1.000000, 0.994525, -0.064765, 0.082011, 0.052066, 0.083714, 0.024028, -0.996200, 0.090372, 0.062548, 0.997611, 0.029318, 0.004294, 0.000000, 0.000000, 0.000000, 1.000000
-24.4659, 68.9242, -1.0934, 260.3230, 282.3232, -68.9247, 201.0888, 52.0511, 90.3730, 4.3029, 0.872575, -0.488468, 0.003508, 0.068924, 0.477779, 0.854932, 0.202037, -0.001093, -0.101688, -0.174617, 0.979372, 0.260323, 0.000000, 0.000000, 0.000000, 1.000000, -0.101832, -0.174872, 0.979311, 0.282323, -0.872575, 0.488468, -0.003510, -0.068925, -0.477748, -0.854879, -0.202331, 0.201089, 0.000000, 0.000000, 0.000000, 1.000000, 0.994525, -0.064764, 0.082007, 0.052051, 0.083710, 0.024034, -0.996200, 0.090373, 0.062547, 0.997611, 0.029323, 0.004303, 0.000000, 0.000000, 0.000000, 1.000000
-24.4510, 68.8839, -1.1137, 260.3168, 282.3170, -68.8843, 201.1093, 52.0369, 90.3744, 4.3120, 0.872698, -0.488247, 0.003537, 0.068884, 0.477563, 0.855064, 0.201987, -0.001114, -0.101644, -0.174584, 0.979382, 0.260317, 0.000000, 0.000000, 0.000000, 1.000000, -0.101788, -0.174839, 0.979321, 0.282317, -0.872698, 0.488248, -0.003538, -0.068884, -0.477533, -0.855012, -0.202280, 0.201109, 0.000000, 0.000000, 0.000000, 1.000000, 0.994526, -0.064763, 0.082003, 0.052037, 0.083706, 0.024039, -0.996200, 0.090374, 0.062545, 0.997611, 0.029329, 0.004312, 0.000000, 0.000000, 0.000000, 1.000000
-24.4437, 68.8640, -1.1236, 260.3138, 282.3140, -68.8645, 201.1193, 52.0300, 90.3751, 4.3165, 0.872759, -0.488139, 0.003551, 0.068864, 0.477457, 0.855129, 0.201962, -0.001124, -0.101622, -0.174569, 0.979387, 0.260314, 0.000000, 0.000000, 0.000000, 1.000000, -0.101766, -0.174823, 0.979327, 0.282314, -0.872758, 0.488140, -0.003553, -0.068865, -0.477427, -0.855077, -0.202254, 0.201119, 0.000000, 0.000000, 0.000000, 1.000000, 0.994526, -0.064762, 0.082001, 0.052030, 0.083705, 0.024042, -0.996201, 0.090375, 0.062545, 0.997611, 0.029331, 0.004317, 0.000000, 0.000000, 0.000000, 1.000000
-24.4294, 68.8253, -1.1431, 260.3079, 282.3081, -68.8257, 201.1391, 52.0164, 90.3765, 4.3253, 0.872877, -0.487927, 0.003579, 0.068825, 0.477250, 0.855256, 0.201913, -0.001143, -0.101580, -0.174538, 0.979397, 0.260308, 0.000000, 0.000000, 0.000000, 1.000000, -0.101723, -0.174792, 0.979337, 0.282308, -0.872877, 0.487928, -0.003580, -0.068826, -0.477220, -0.855204, -0.202205, 0.201139, 0.000000, 0.000000, 0.000000, 1.000000, 0.994526, -0.064761, 0.081997, 0.052016, 0.083701, 0.024048, -0.996201, 0.090376, 0.062543, 0.997611, 0.029337, 0.004325, 0.000000, 0.000000, 0.000000, 1.000000
-24.4087, 68.7690, -1.1715, 260.2992, 282.2995, -68.7695, 201.1677, 51.9968, 90.3784, 4.3380, 0.873048, -0.487621, 0.003619, 0.068769, 0.476950, 0.855441, 0.201843, -0.001171, -0.101518, -0.174493, 0.979411, 0.260299, 0.000000, 0.000000, 0.000000, 1.000000, -0.101661, -0.174746, 0.979351, 0.282299, -0.873048, 0.487621, -0.003620, -0.068770, -0.476919, -0.855389, -0.202133, 0.201168, 0.000000, 0.000000, 0.000000, 1.000000, 0.994527, -0.064760, 0.081992, 0.051997, 0.083696, 0.024056, -0.996201, 0.090378, 0.062541, 0.997611, 0.029344, 0.004338, 0.000000, 0.000000, 0.000000, 1.000000
-24.4021, 68.7509, -1.1806, 260.2965, 282.2967, -68.7514, 201.1770, 51.9904, 90.3791, 4.3421, 0.873103, -0.487522, 0.003632, 0.068751, 0.476853, 0.855500, 0.201820, -0.001181, -0.101499, -0.174478, 0.979416, 0.260296, 0.000000, 0.000000, 0.000000, 1.000000, -0.101641, -0.174731, 0.979356, 0.282297, -0.873103, 0.487522, -0.003633, -0.068751, -0.476823, -0.855448, -0.202110, 0.201177, 0.000000, 0.000000, 0.000000, 1.000000, 0.994527, -0.064759, 0.081990, 0.051990, 0.083695, 0.024058, -0.996201, 0.090379, 0.062541, 0.997611, 0.029347, 0.004342, 0.000000, 0.000000, 0.000000, 1.000000
-24.3890, 68.7154, -1.1985, 260.2910, 282.2912, -68.7159, 201.1951, 51.9780, 90.3803, 4.3501, 0.873211, -0.487328, 0.003657, 0.068715, 0.476663, 0.855616, 0.201776, -0.001199, -0.101460, -0.174450, 0.979425, 0.260291, 0.000000, 0.000000, 0.000000, 1.000000, -0.101602, -0.174701, 0.979365, 0.282291, -0.873211, 0.487328, -0.003659, -0.068716, -0.476633, -0.855565, -0.202065, 0.201195, 0.000000, 0.000000, 0.000000, 1.000000, 0.994527, -0.064759, 0.081987, 0.051978, 0.083691, 0.024063, -0.996201, 0.090380, 0.062540, 0.997611, 0.029351, 0.004350, 0.000000, 0.000000, 0.000000, 1.000000
-24.3763, 68.6810, -1.2159, 260.2856, 282.2859, -68.6815, 201.2127, 51.9660, 90.3815, 4.3578, 0.873316, -0.487140, 0.003682, 0.068681, 0.476479, 0.855729, 0.201732, -0.001216, -0.101422, -0.174422, 0.979434, 0.260286, 0.000000, 0.000000, 0.000000, 1.000000, -0.101564, -0.174673, 0.979374, 0.282286, -0.873316, 0.487140, -0.003683, -0.068681, -0.476449, -0.855677, -0.202021, 0.201213, 0.000000, 0.000000, 0.000000, 1.000000, 0.994528, -0.064758, 0.081983, 0.051966, 0.083688, 0.024068, -0.996201, 0.090382, 0.062539, 0.997611, 0.029356, 0.004358, 0.000000, 0.000000, 0.000000, 1.000000
-24.3701, 68.6642, -1.2244, 260.2830, 282.2833, -68.6647, 201.2213, 51.9601, 90.3821, 4.3616, 0.873367, -0.487048, 0.003694, 0.068664, 0.476389, 0.855784, 0.201711, -0.001224, -0.101404, -0.174408, 0.979438, 0.260283, 0.000000, 0.000000, 0.000000, 1.000000, -0.101546, -0.174659, 0.979379, 0.282283, -0.873367, 0.487048, -0.003695, -0.068665, -0.476359, -0.855733, -0.201999, 0.201221, 0.000000, 0.000000, 0.000000, 1.000000, 0.994528, -0.064757, 0.081982, 0.051960, 0.083687, 0.024071, -0.996201, 0.090382, 0.062538, 0.997611, 0.029358, 0.004362, 0.000000, 0.000000, 0.000000, 1.000000
-24.3580, 68.6313, -1.2411, 260.2779, 282.2781, -68.6318, 201.2382, 51.9486, 90.3833, 4.3690, 0.873467, -0.486868, 0.003717, 0.068631, 0.476213, 0.855892, 0.201670, -0.001241, -0.101368, -0.174382, 0.979447, 0.260278, 0.000000, 0.000000, 0.000000, 1.000000, -0.101509, -0.174632, 0.979387, 0.282278, -0.873467, 0.486869, -0.003719, -0.068632, -0.476184, -0.855840, -0.201957, 0.201238, 0.000000, 0.000000, 0.000000, 1.000000, 0.994528, -0.064757, 0.081978, 0.051949, 0.083684, 0.024075, -0.996201, 0.090383, 0.062537, 0.997611, 0.029363, 0.004369, 0.000000, 0.000000, 0.000000, 1.000000
-24.3521, 68.6153, -1.2492, 260.2754, 282.2756, -68.6157, 201.2464, 51.9429, 90.3839, 4.3727, 0.873516, -0.486781, 0.003729, 0.068615, 0.476127, 0.855944, 0.201649, -0.001249, -0.101351, -0.174369, 0.979451, 0.260275, 0.000000, 0.000000, 0.000000, 1.000000, -0.101492, -0.174618, 0.979392, 0.282276, -0.873516, 0.486781, -0.003730, -0.068616, -0.476098, -0.855893, -0.201936, 0.201246, 0.000000, 0.000000, 0.000000, 1.000000, 0.994528, -0.064756, 0.081977, 0.051943, 0.083683, 0.024077, -0.996202, 0.090384, 0.062536, 0.997611, 0.029365, 0.004373, 0.000000, 0.000000, 0.000000, 1.000000
-24.3349, 68.5686, -1.2729, 260.2681, 282.2683, -68.5690, 201.2704, 51.9266, 90.3855, 4.3832, 0.873658, -0.486525, 0.003762, 0.068569, 0.475878, 0.856097, 0.201590, -0.001273, -0.101300, -0.174331, 0.979463, 0.260268, 0.000000, 0.000000, 0.000000, 1.000000, -0.101440, -0.174579, 0.979404, 0.282268, -0.873658, 0.486526, -0.003764, -0.068569, -0.475848, -0.856046, -0.201876, 0.201270, 0.000000, 0.000000, 0.000000, 1.000000, 0.994529, -0.064755, 0.081972, 0.051927, 0.083678, 0.024084, -0.996202, 0.090386, 0.062535, 0.997611, 0.029371, 0.004383, 0.000000, 0.000000, 0.000000, 1.000000
-24.3239, 68.5386, -1.2881, 260.2634, 282.2636, -68.5391, 201.2859, 51.9161, 90.3866, 4.3899, 0.873749, -0.486362, 0.003784, 0.068539, 0.475717, 0.856195, 0.201552, -0.001288, -0.101267, -0.174306, 0.979470, 0.260263, 0.000000, 0.000000, 0.000000, 1.000000, -0.101407, -0.174554, 0.979412, 0.282264, -0.873749, 0.486362, -0.003785, -0.068539, -0.475688, -0.856144, -0.201837, 0.201286, 0.000000, 0.000000, 0.000000, 1.000000, 0.994529, -0.064754, 0.081969, 0.051916, 0.083676, 0.024088, -0.996202, 0.090387, 0.062534, 0.997610, 0.029375, 0.004390, 0.000000, 0.000000, 0.000000, 1.000000
-24.3133, 68.5097, -1.3029, 260.2588, 282.2590, -68.5101, 201.3008, 51.9059, 90.3876, 4.3964, 0.873837, -0.486203, 0.003804, 0.068510, 0.475562, 0.856290, 0.201515, -0.001303, -0.101235, -0.174283, 0.979478, 0.260259, 0.000000, 0.000000, 0.000000, 1.000000, -0.101375, -0.174530, 0.979419, 0.282259, -0.873837, 0.486204, -0.003806, -0.068510, -0.475533, -0.856239, -0.201800, 0.201301, 0.000000, 0.000000, 0.000000, 1.000000, 0.994529, -0.064754, 0.081967, 0.051906, 0.083673, 0.024092, -0.996202, 0.090388, 0.062533, 0.997610, 0.029379, 0.004396, 0.000000, 0.000000, 0.000000, 1.000000
-24.3030, 68.4827, -1.3098, 260.2572, 282.2574, -68.4832, 201.3079, 51.8968, 90.3877, 4.4030, 0.873919, -0.486056, 0.003823, 0.068483, 0.475417, 0.856375, 0.201496, -0.001310, -0.101213, -0.174273, 0.979482, 0.260257, 0.000000, 0.000000, 0.000000, 1.000000, -0.101352, -0.174521, 0.979423, 0.282257, -0.873919, 0.486057, -0.003825, -0.068483, -0.475388, -0.856324, -0.201780, 0.201308, 0.000000, 0.000000, 0.000000, 1.000000, 0.994530, -0.064753, 0.081964, 0.051897, 0.083671, 0.024096, -0.996202, 0.090388, 0.062532, 0.997610, 0.029382, 0.004403, 0.000000, 0.000000, 0.000000, 1.000000
-24.2979, 68.4695, -1.3133, 260.2563, 282.2566, -68.4700, 201.3115, 51.8923, 90.3877, 4.4062, 0.873959, -0.485984, 0.003833, 0.068470, 0.475346, 0.856417, 0.201486, -0.001313, -0.101201, -0.174269, 0.979484, 0.260256, 0.000000, 0.000000, 0.000000, 1.000000, -0.101340, -0.174516, 0.979426, 0.282257, -0.873959, 0.485985, -0.003834, -0.068470, -0.475317, -0.856366, -0.201769, 0.201311, 0.000000, 0.000000, 0.000000, 1.000000, 0.994530, -0.064753, 0.081962, 0.051892, 0.083669, 0.024098, -0.996202, 0.090388, 0.062532, 0.997610, 0.029384, 0.004406, 0.000000, 0.000000, 0.000000, 1.000000
