# Joint_A_Angle(deg), Cam_X(mm), Cam_Y(mm), Cam_Z(mm), Torso_X(mm), Torso_Y(mm), Torso_Z(mm), EE_X(mm), EE_Y(mm), EE_Z(mm), T_cam2marker_flat(16), T_torso2marker_flat(16), T_ee2marker_flat(16)
-14.9995, 19.6273, 26.7189, 170.5471, 239.5541, -10.6275, 230.3043, 10.6065, 57.3442, -53.8822, 0.503977, -0.835970, -0.217165, 0.019627, 0.817178, 0.542923, -0.193530, 0.026719, 0.279689, -0.079928, 0.956758, 0.170547, 0.000000, 0.000000, 0.000000, 1.000000, 0.279500, -0.080053, 0.956803, 0.239554, -0.503978, 0.835970, 0.217165, -0.010627, -0.817243, -0.542905, 0.193309, 0.230304, 0.000000, 0.000000, 0.000000, 1.000000, 0.993192, -0.046370, 0.106858, 0.010607, 0.106424, -0.011734, -0.994252, 0.057344, 0.047358, 0.998855, -0.006719, -0.053882, 0.000000, 0.000000, 0.000000, 1.000000
-14.9995, 19.6260, 26.7114, 170.5436, 239.5506, -10.6262, 230.3117, 10.6065, 57.3441, -53.8821, 0.503981, -0.835967, -0.217168, 0.019626, 0.817168, 0.542930, -0.193555, 0.026711, 0.279713, -0.079915, 0.956752, 0.170544, 0.000000, 0.000000, 0.000000, 1.000000, 0.279523, -0.080040, 0.956797, 0.239551, -0.503981, 0.835967, 0.217168, -0.010626, -0.817233, -0.542911, 0.193333, 0.230312, 0.000000, 0.000000, 0.000000, 1.000000, 0.993192, -0.046370, 0.106858, 0.010607, 0.106425, -0.011733, -0.994252, 0.057344, 0.047357, 0.998855, -0.006719, -0.053882, 0.000000, 0.000000, 0.000000, 1.000000
-14.9995, 19.6252, 26.7070, 170.5415, 239.5486, -10.6254, 230.3156, 10.6066, 57.3440, -53.8821, 0.503984, -0.835965, -0.217170, 0.019625, 0.817162, 0.542934, -0.193570, 0.026707, 0.279726, -0.079907, 0.956749, 0.170541, 0.000000, 0.000000, 0.000000, 1.000000, 0.279535, -0.080033, 0.956794, 0.239549, -0.503984, 0.835965, 0.217169, -0.010625, -0.817227, -0.542915, 0.193346, 0.230316, 0.000000, 0.000000, 0.000000, 1.000000, 0.993192, -0.046370, 0.106858, 0.010607, 0.106425, -0.011733, -0.994252, 0.057344, 0.047357, 0.998855, -0.006718, -0.053882, 0.000000, 0.000000, 0.000000, 1.000000
-14.9993, 19.6241, 26.7009, 170.5385, 239.5457, -10.6243, 230.3214, 10.6066, 57.3440, -53.8820, 0.503988, -0.835963, -0.217170, 0.019624, 0.817154, 0.542940, -0.193587, 0.026701, 0.279741, -0.079896, 0.956745, 0.170539, 0.000000, 0.000000, 0.000000, 1.000000, 0.279549, -0.080023, 0.956791, 0.239546, -0.503988, 0.835963, 0.217169, -0.010624, -0.817220, -0.542921, 0.193362, 0.230321, 0.000000, 0.000000, 0.000000, 1.000000, 0.993192, -0.046370, 0.106859, 0.010607, 0.106425, -0.011733, -0.994252, 0.057344, 0.047357, 0.998855, -0.006718, -0.053882, 0.000000, 0.000000, 0.000000, 1.000000
-14.9986, 19.6227, 26.6947, 170.5355, 239.5426, -10.6229, 230.3273, 10.6066, 57.3438, -53.8820, 0.503994, -0.835960, -0.217165, 0.019623, 0.817148, 0.542945, -0.193596, 0.026695, 0.279747, -0.079885, 0.956744, 0.170535, 0.000000, 0.000000, 0.000000, 1.000000, 0.279554, -0.080012, 0.956790, 0.239543, -0.503995, 0.835960, 0.217164, -0.010623, -0.817214, -0.542926, 0.193370, 0.230327, 0.000000, 0.000000, 0.000000, 1.000000, 0.993192, -0.046370, 0.106859, 0.010607, 0.106425, -0.011733, -0.994252, 0.057344, 0.047357, 0.998855, -0.006718, -0.053882, 0.000000, 0.000000, 0.000000, 1.000000
-14.9971, 19.6220, 26.6939, 170.5348, 239.5420, -10.6222, 230.3279, 10.6067, 57.3436, -53.8820, 0.504001, -0.835960, -0.217150, 0.019622, 0.817153, 0.542946, -0.193575, 0.026694, 0.279721, -0.079883, 0.956752, 0.170535, 0.000000, 0.000000, 0.000000, 1.000000, 0.279527, -0.080012, 0.956798, 0.239542, -0.504001, 0.835960, 0.217150, -0.010622, -0.817219, -0.542927, 0.193347, 0.230328, 0.000000, 0.000000, 0.000000, 1.000000, 0.993192, -0.046370, 0.106859, 0.010607, 0.106425, -0.011733, -0.994252, 0.057344, 0.047357, 0.998855, -0.006718, -0.053882, 0.000000, 0.000000, 0.000000, 1.000000
-14.9966, 19.6222, 26.6959, 170.5357, 239.5429, -10.6224, 230.3258, 10.6067, 57.3436, -53.8820, 0.504002, -0.835961, -0.217144, 0.019622, 0.817158, 0.542943, -0.193559, 0.026696, 0.279705, -0.079887, 0.956757, 0.170536, 0.000000, 0.000000, 0.000000, 1.000000, 0.279510, -0.080015, 0.956803, 0.239543, -0.504002, 0.835961, 0.217143, -0.010622, -0.817225, -0.542924, 0.193332, 0.230326, 0.000000, 0.000000, 0.000000, 1.000000, 0.993192, -0.046370, 0.106859, 0.010607, 0.106425, -0.011733, -0.994252, 0.057344, 0.047357, 0.998855, -0.006718, -0.053882, 0.000000, 0.000000, 0.000000, 1.000000
-14.9953, 19.6223, 26.6992, 170.5372, 239.5444, -10.6225, 230.3222, 10.6067, 57.3435, -53.8820, 0.504005, -0.835963, -0.217130, 0.019622, 0.817168, 0.542940, -0.193528, 0.026699, 0.279671, -0.079893, 0.956766, 0.170537, 0.000000, 0.000000, 0.000000, 1.000000, 0.279475, -0.080022, 0.956813, 0.239544, -0.504005, 0.835963, 0.217129, -0.010623, -0.817235, -0.542921, 0.193299, 0.230322, 0.000000, 0.000000, 0.000000, 1.000000, 0.993192, -0.046370, 0.106859, 0.010607, 0.106425, -0.011733, -0.994252, 0.057344, 0.047358, 0.998855, -0.006718, -0.053882, 0.000000, 0.000000, 0.000000, 1.000000
-14.9937, 19.6222, 26.7015, 170.5381, 239.5454, -10.6224, 230.3198, 10.6068, 57.3434, -53.8821, 0.504010, -0.835964, -0.217113, 0.019622, 0.817178, 0.542937, -0.193494, 0.026701, 0.279633, -0.079897, 0.956777, 0.170538, 0.000000, 0.000000, 0.000000, 1.000000, 0.279437, -0.080026, 0.956823, 0.239545, -0.504010, 0.835964, 0.217112, -0.010622, -0.817245, -0.542917, 0.193265, 0.230320, 0.000000, 0.000000, 0.000000, 1.000000, 0.993192, -0.046371, 0.106858, 0.010607, 0.106425, -0.011733, -0.994252, 0.057343, 0.047358, 0.998855, -0.006718, -0.053882, 0.000000, 0.000000, 0.000000, 1.000000
-14.9928, 19.6220, 26.7022, 170.5384, 239.5457, -10.6222, 230.3190, 10.6068, 57.3433, -53.8821, 0.504013, -0.835965, -0.217103, 0.019622, 0.817183, 0.542935, -0.193477, 0.026702, 0.279613, -0.079898, 0.956783, 0.170538, 0.000000, 0.000000, 0.000000, 1.000000, 0.279416, -0.080028, 0.956829, 0.239546, -0.504013, 0.835965, 0.217102, -0.010622, -0.817250, -0.542916, 0.193247, 0.230319, 0.000000, 0.000000, 0.000000, 1.000000, 0.993192, -0.046371, 0.106858, 0.010607, 0.106425, -0.011733, -0.994252, 0.057343, 0.047358, 0.998855, -0.006719, -0.053882, 0.000000, 0.000000, 0.000000, 1.000000
-14.9905, 19.6213, 26.7028, 170.5385, 239.5458, -10.6215, 230.3182, 10.6069, 57.3431, -53.8821, 0.504020, -0.835966, -0.217081, 0.019621, 0.817193, 0.542933, -0.193439, 0.026703, 0.279569, -0.079900, 0.956795, 0.170539, 0.000000, 0.000000, 0.000000, 1.000000, 0.279371, -0.080030, 0.956842, 0.239546, -0.504020, 0.835966, 0.217080, -0.010621, -0.817261, -0.542914, 0.193208, 0.230318, 0.000000, 0.000000, 0.000000, 1.000000, 0.993192, -0.046371, 0.106858, 0.010607, 0.106425, -0.011734, -0.994252, 0.057343, 0.047358, 0.998855, -0.006719, -0.053882, 0.000000, 0.000000, 0.000000, 1.000000
-14.9879, 19.6203, 26.7024, 170.5381, 239.5454, -10.6205, 230.3184, 10.6070, 57.3428, -53.8821, 0.504030, -0.835967, -0.217055, 0.019620, 0.817204, 0.542932, -0.193398, 0.026702, 0.279520, -0.079900, 0.956810, 0.170538, 0.000000, 0.000000, 0.000000, 1.000000, 0.279322, -0.080031, 0.956857, 0.239545, -0.504030, 0.835967, 0.217054, -0.010620, -0.817272, -0.542912, 0.193166, 0.230318, 0.000000, 0.000000, 0.000000, 1.000000, 0.993192, -0.046371, 0.106858, 0.010607, 0.106424, -0.011734, -0.994252, 0.057343, 0.047358, 0.998855, -0.006719, -0.053882, 0.000000, 0.000000, 0.000000, 1.000000
-14.9831, 19.6182, 26.6998, 170.5365, 239.5439, -10.6184, 230.3207, 10.6071, 57.3423, -53.8821, 0.504047, -0.835968, -0.217009, 0.019618, 0.817221, 0.542930, -0.193329, 0.026700, 0.279438, -0.079898, 0.956834, 0.170537, 0.000000, 0.000000, 0.000000, 1.000000, 0.279239, -0.080029, 0.956881, 0.239544, -0.504048, 0.835968, 0.217009, -0.010618, -0.817289, -0.542911, 0.193097, 0.230321, 0.000000, 0.000000, 0.000000, 1.000000, 0.993192, -0.046371, 0.106858, 0.010607, 0.106424, -0.011734, -0.994252, 0.057342, 0.047359, 0.998855, -0.006719, -0.053882, 0.000000, 0.000000, 0.000000, 1.000000
-14.9795, 19.6164, 26.6970, 170.5349, 239.5423, -10.6166, 230.3234, 10.6073, 57.3419, -53.8820, 0.504061, -0.835969, -0.216975, 0.019616, 0.817233, 0.542930, -0.193280, 0.026697, 0.279378, -0.079894, 0.956852, 0.170535, 0.000000, 0.000000, 0.000000, 1.000000, 0.279178, -0.080026, 0.956899, 0.239542, -0.504062, 0.835969, 0.216974, -0.010617, -0.817301, -0.542910, 0.193047, 0.230323, 0.000000, 0.000000, 0.000000, 1.000000, 0.993192, -0.046372, 0.106858, 0.010607, 0.106424, -0.011735, -0.994252, 0.057342, 0.047359, 0.998855, -0.006720, -0.053882, 0.000000, 0.000000, 0.000000, 1.000000
-14.9775, 19.6154, 26.6952, 170.5339, 239.5413, -10.6156, 230.3251, 10.6073, 57.3417, -53.8820, 0.504069, -0.835969, -0.216956, 0.019615, 0.817239, 0.542930, -0.193254, 0.026695, 0.279346, -0.079892, 0.956861, 0.170534, 0.000000, 0.000000, 0.000000, 1.000000, 0.279146, -0.080023, 0.956908, 0.239541, -0.504069, 0.835969, 0.216955, -0.010616, -0.817307, -0.542910, 0.193020, 0.230325, 0.000000, 0.000000, 0.000000, 1.000000, 0.993192, -0.046372, 0.106858, 0.010607, 0.106424, -0.011735, -0.994252, 0.057342, 0.047359, 0.998855, -0.006720, -0.053882, 0.000000, 0.000000, 0.000000, 1.000000
-14.9732, 19.6132, 26.6911, 170.5316, 239.5390, -10.6134, 230.3291, 10.6075, 57.3412, -53.8820, 0.504086, -0.835969, -0.216916, 0.019613, 0.817252, 0.542930, -0.193199, 0.026691, 0.279278, -0.079886, 0.956881, 0.170532, 0.000000, 0.000000, 0.000000, 1.000000, 0.279078, -0.080018, 0.956929, 0.239539, -0.504086, 0.835969, 0.216915, -0.010613, -0.817320, -0.542911, 0.192965, 0.230329, 0.000000, 0.000000, 0.000000, 1.000000, 0.993192, -0.046372, 0.106858, 0.010607, 0.106424, -0.011735, -0.994252, 0.057341, 0.047360, 0.998855, -0.006720, -0.053882, 0.000000, 0.000000, 0.000000, 1.000000
-14.9709, 19.6119, 26.6887, 170.5302, 239.5376, -10.6121, 230.3314, 10.6076, 57.3409, -53.8820, 0.504095, -0.835970, -0.216894, 0.019612, 0.817259, 0.542931, -0.193170, 0.026689, 0.279242, -0.079883, 0.956892, 0.170530, 0.000000, 0.000000, 0.000000, 1.000000, 0.279042, -0.080015, 0.956940, 0.239538, -0.504095, 0.835970, 0.216893, -0.010612, -0.817327, -0.542911, 0.192935, 0.230331, 0.000000, 0.000000, 0.000000, 1.000000, 0.993192, -0.046372, 0.106858, 0.010608, 0.106424, -0.011735, -0.994252, 0.057341, 0.047360, 0.998855, -0.006720, -0.053882, 0.000000, 0.000000, 0.000000, 1.000000
-14.9661, 19.6093, 26.6834, 170.5273, 239.5347, -10.6095, 230.3366, 10.6078, 57.3404, -53.8820, 0.504115, -0.835970, -0.216848, 0.019609, 0.817273, 0.542932, -0.193109, 0.026683, 0.279167, -0.079875, 0.956915, 0.170527, 0.000000, 0.000000, 0.000000, 1.000000, 0.278966, -0.080008, 0.956962, 0.239535, -0.504115, 0.835970, 0.216848, -0.010609, -0.817341, -0.542912, 0.192874, 0.230337, 0.000000, 0.000000, 0.000000, 1.000000, 0.993192, -0.046373, 0.106858, 0.010608, 0.106424, -0.011735, -0.994252, 0.057340, 0.047360, 0.998855, -0.006720, -0.053882, 0.000000, 0.000000, 0.000000, 1.000000
-14.9608, 19.6064, 26.6775, 170.5240, 239.5314, -10.6066, 230.3424, 10.6080, 57.3398, -53.8819, 0.504136, -0.835970, -0.216799, 0.019606, 0.817287, 0.542933, -0.193044, 0.026677, 0.279086, -0.079867, 0.956939, 0.170524, 0.000000, 0.000000, 0.000000, 1.000000, 0.278885, -0.080000, 0.956987, 0.239531, -0.504136, 0.835970, 0.216799, -0.010607, -0.817356, -0.542913, 0.192808, 0.230342, 0.000000, 0.000000, 0.000000, 1.000000, 0.993192, -0.046373, 0.106858, 0.010608, 0.106424, -0.011735, -0.994252, 0.057340, 0.047361, 0.998855, -0.006720, -0.053882, 0.000000, 0.000000, 0.000000, 1.000000
-14.9552, 19.6033, 26.6710, 170.5204, 239.5278, -10.6035, 230.3489, 10.6082, 57.3391, -53.8819, 0.504158, -0.835969, -0.216747, 0.019603, 0.817302, 0.542934, -0.192975, 0.026671, 0.279001, -0.079858, 0.956965, 0.170520, 0.000000, 0.000000, 0.000000, 1.000000, 0.278799, -0.079991, 0.957012, 0.239528, -0.504159, 0.835970, 0.216746, -0.010603, -0.817371, -0.542915, 0.192739, 0.230349, 0.000000, 0.000000, 0.000000, 1.000000, 0.993192, -0.046374, 0.106859, 0.010608, 0.106425, -0.011736, -0.994252, 0.057339, 0.047361, 0.998855, -0.006720, -0.053882, 0.000000, 0.000000, 0.000000, 1.000000
-14.9493, 19.5999, 26.6640, 170.5165, 239.5240, -10.6001, 230.3558, 10.6084, 57.3385, -53.8818, 0.504182, -0.835969, -0.216692, 0.019600, 0.817318, 0.542936, -0.192903, 0.026664, 0.278911, -0.079848, 0.956992, 0.170516, 0.000000, 0.000000, 0.000000, 1.000000, 0.278709, -0.079981, 0.957039, 0.239524, -0.504183, 0.835969, 0.216691, -0.010600, -0.817387, -0.542916, 0.192667, 0.230356, 0.000000, 0.000000, 0.000000, 1.000000, 0.993192, -0.046374, 0.106859, 0.010608, 0.106425, -0.011736, -0.994252, 0.057338, 0.047362, 0.998855, -0.006721, -0.053882, 0.000000, 0.000000, 0.000000, 1.000000
-14.9431, 19.5964, 26.6566, 170.5124, 239.5198, -10.5966, 230.3631, 10.6086, 57.3377, -53.8818, 0.504208, -0.835969, -0.216634, 0.019596, 0.817335, 0.542938, -0.192827, 0.026657, 0.278817, -0.079838, 0.957020, 0.170512, 0.000000, 0.000000, 0.000000, 1.000000, 0.278614, -0.079971, 0.957068, 0.239520, -0.504208, 0.835969, 0.216633, -0.010597, -0.817404, -0.542918, 0.192591, 0.230363, 0.000000, 0.000000, 0.000000, 1.000000, 0.993192, -0.046375, 0.106859, 0.010609, 0.106425, -0.011736, -0.994252, 0.057338, 0.047362, 0.998855, -0.006721, -0.053882, 0.000000, 0.000000, 0.000000, 1.000000
-14.9367, 19.5928, 26.6489, 170.5081, 239.5156, -10.5930, 230.3708, 10.6088, 57.3370, -53.8817, 0.504234, -0.835969, -0.216574, 0.019593, 0.817352, 0.542940, -0.192749, 0.026649, 0.278719, -0.079827, 0.957049, 0.170508, 0.000000, 0.000000, 0.000000, 1.000000, 0.278516, -0.079960, 0.957097, 0.239516, -0.504234, 0.835969, 0.216573, -0.010593, -0.817421, -0.542920, 0.192512, 0.230371, 0.000000, 0.000000, 0.000000, 1.000000, 0.993192, -0.046375, 0.106859, 0.010609, 0.106425, -0.011736, -0.994252, 0.057337, 0.047363, 0.998855, -0.006721, -0.053882, 0.000000, 0.000000, 0.000000, 1.000000
-14.9334, 19.5909, 26.6449, 170.5059, 239.5134, -10.5911, 230.3747, 10.6090, 57.3366, -53.8817, 0.504247, -0.835969, -0.216543, 0.019591, 0.817361, 0.542941, -0.192709, 0.026645, 0.278669, -0.079821, 0.957064, 0.170506, 0.000000, 0.000000, 0.000000, 1.000000, 0.278466, -0.079955, 0.957112, 0.239513, -0.504248, 0.835969, 0.216542, -0.010591, -0.817430, -0.542921, 0.192472, 0.230375, 0.000000, 0.000000, 0.000000, 1.000000, 0.993192, -0.046375, 0.106859, 0.010609, 0.106425, -0.011737, -0.994251, 0.057337, 0.047363, 0.998855, -0.006721, -0.053882, 0.000000, 0.000000, 0.000000, 1.000000
-14.9266, 19.5871, 26.6369, 170.5013, 239.5089, -10.5872, 230.3827, 10.6092, 57.3358, -53.8817, 0.504275, -0.835968, -0.216480, 0.019587, 0.817379, 0.542943, -0.192626, 0.026637, 0.278566, -0.079810, 0.957095, 0.170501, 0.000000, 0.000000, 0.000000, 1.000000, 0.278363, -0.079943, 0.957143, 0.239509, -0.504275, 0.835968, 0.216479, -0.010587, -0.817448, -0.542923, 0.192389, 0.230383, 0.000000, 0.000000, 0.000000, 1.000000, 0.993192, -0.046376, 0.106859, 0.010609, 0.106425, -0.011737, -0.994251, 0.057336, 0.047363, 0.998855, -0.006721, -0.053882, 0.000000, 0.000000, 0.000000, 1.000000
-14.9232, 19.5851, 26.6328, 170.4991, 239.5066, -10.5853, 230.3868, 10.6093, 57.3354, -53.8816, 0.504289, -0.835968, -0.216448, 0.019585, 0.817388, 0.542944, -0.192584, 0.026633, 0.278513, -0.079804, 0.957111, 0.170499, 0.000000, 0.000000, 0.000000, 1.000000, 0.278310, -0.079938, 0.957159, 0.239507, -0.504289, 0.835968, 0.216447, -0.010585, -0.817457, -0.542924, 0.192347, 0.230387, 0.000000, 0.000000, 0.000000, 1.000000, 0.993192, -0.046376, 0.106859, 0.010609, 0.106425, -0.011737, -0.994251, 0.057335, 0.047364, 0.998855, -0.006722, -0.053882, 0.000000, 0.000000, 0.000000, 1.000000
-14.9162, 19.5811, 26.6245, 170.4944, 239.5019, -10.5813, 230.3950, 10.6096, 57.3346, -53.8816, 0.504318, -0.835968, -0.216382, 0.019581, 0.817407, 0.542946, -0.192498, 0.026625, 0.278406, -0.079792, 0.957143, 0.170494, 0.000000, 0.000000, 0.000000, 1.000000, 0.278203, -0.079926, 0.957191, 0.239502, -0.504318, 0.835968, 0.216381, -0.010581, -0.817476, -0.542927, 0.192261, 0.230395, 0.000000, 0.000000, 0.000000, 1.000000, 0.993192, -0.046377, 0.106859, 0.010610, 0.106425, -0.011737, -0.994251, 0.057335, 0.047364, 0.998855, -0.006722, -0.053882, 0.000000, 0.000000, 0.000000, 1.000000
-14.9090, 19.5771, 26.6162, 170.4897, 239.4973, -10.5773, 230.4032, 10.6099, 57.3338, -53.8815, 0.504347, -0.835968, -0.216315, 0.019577, 0.817426, 0.542948, -0.192409, 0.026616, 0.278296, -0.079780, 0.957176, 0.170490, 0.000000, 0.000000, 0.000000, 1.000000, 0.278093, -0.079914, 0.957224, 0.239497, -0.504347, 0.835968, 0.216314, -0.010577, -0.817495, -0.542929, 0.192172, 0.230403, 0.000000, 0.000000, 0.000000, 1.000000, 0.993192, -0.046377, 0.106859, 0.010610, 0.106425, -0.011738, -0.994251, 0.057334, 0.047365, 0.998855, -0.006722, -0.053882, 0.000000, 0.000000, 0.000000, 1.000000
-14.9054, 19.5751, 26.6121, 170.4874, 239.4949, -10.5753, 230.4074, 10.6100, 57.3334, -53.8815, 0.504362, -0.835968, -0.216281, 0.019575, 0.817436, 0.542950, -0.192364, 0.026612, 0.278240, -0.079775, 0.957193, 0.170487, 0.000000, 0.000000, 0.000000, 1.000000, 0.278037, -0.079909, 0.957241, 0.239495, -0.504362, 0.835968, 0.216280, -0.010575, -0.817505, -0.542930, 0.192127, 0.230407, 0.000000, 0.000000, 0.000000, 1.000000, 0.993192, -0.046377, 0.106859, 0.010610, 0.106425, -0.011738, -0.994251, 0.057333, 0.047365, 0.998855, -0.006722, -0.053881, 0.000000, 0.000000, 0.000000, 1.000000
-14.8943, 19.5689, 26.5997, 170.4803, 239.4879, -10.5691, 230.4197, 10.6104, 57.3321, -53.8814, 0.504407, -0.835967, -0.216177, 0.019569, 0.817467, 0.542952, -0.192226, 0.026600, 0.278069, -0.079757, 0.957244, 0.170480, 0.000000, 0.000000, 0.000000, 1.000000, 0.277865, -0.079891, 0.957292, 0.239488, -0.504407, 0.835967, 0.216176, -0.010569, -0.817536, -0.542933, 0.191989, 0.230420, 0.000000, 0.000000, 0.000000, 1.000000, 0.993192, -0.046378, 0.106859, 0.010610, 0.106425, -0.011738, -0.994251, 0.057332, 0.047366, 0.998855, -0.006722, -0.053881, 0.000000, 0.000000, 0.000000, 1.000000
-14.8869, 19.5648, 26.5917, 170.4757, 239.4832, -10.5650, 230.4278, 10.6107, 57.3313, -53.8814, 0.504437, -0.835967, -0.216107, 0.019565, 0.817487, 0.542954, -0.192133, 0.026592, 0.277953, -0.079746, 0.957279, 0.170476, 0.000000, 0.000000, 0.000000, 1.000000, 0.277750, -0.079880, 0.957327, 0.239483, -0.504437, 0.835967, 0.216106, -0.010565, -0.817556, -0.542935, 0.191895, 0.230428, 0.000000, 0.000000, 0.000000, 1.000000, 0.993192, -0.046379, 0.106859, 0.010611, 0.106425, -0.011738, -0.994251, 0.057331, 0.047367, 0.998855, -0.006723, -0.053881, 0.000000, 0.000000, 0.000000, 1.000000
-14.8757, 19.5587, 26.5799, 170.4689, 239.4764, -10.5589, 230.4396, 10.6111, 57.3300, -53.8813, 0.504482, -0.835967, -0.216002, 0.019559, 0.817519, 0.542957, -0.191991, 0.026580, 0.277778, -0.079730, 0.957331, 0.170469, 0.000000, 0.000000, 0.000000, 1.000000, 0.277575, -0.079864, 0.957379, 0.239476, -0.504482, 0.835967, 0.216001, -0.010559, -0.817588, -0.542937, 0.191754, 0.230440, 0.000000, 0.000000, 0.000000, 1.000000, 0.993192, -0.046380, 0.106859, 0.010611, 0.106425, -0.011739, -0.994251, 0.057330, 0.047367, 0.998855, -0.006723, -0.053881, 0.000000, 0.000000, 0.000000, 1.000000
-14.8646, 19.5527, 26.5686, 170.4623, 239.4699, -10.5529, 230.4509, 10.6115, 57.3287, -53.8812, 0.504527, -0.835967, -0.215897, 0.019553, 0.817551, 0.542959, -0.191849, 0.026569, 0.277603, -0.079714, 0.957383, 0.170462, 0.000000, 0.000000, 0.000000, 1.000000, 0.277400, -0.079848, 0.957431, 0.239470, -0.504527, 0.835967, 0.215896, -0.010553, -0.817620, -0.542939, 0.191612, 0.230451, 0.000000, 0.000000, 0.000000, 1.000000, 0.993192, -0.046381, 0.106859, 0.010611, 0.106425, -0.011740, -0.994251, 0.057329, 0.047368, 0.998855, -0.006724, -0.053881, 0.000000, 0.000000, 0.000000, 1.000000
-14.8609, 19.5507, 26.5650, 170.4602, 239.4677, -10.5509, 230.4546, 10.6116, 57.3283, -53.8812, 0.504542, -0.835967, -0.215862, 0.019551, 0.817562, 0.542960, -0.191801, 0.026565, 0.277544, -0.079709, 0.957400, 0.170460, 0.000000, 0.000000, 0.000000, 1.000000, 0.277341, -0.079843, 0.957448, 0.239468, -0.504542, 0.835967, 0.215861, -0.010551, -0.817630, -0.542940, 0.191564, 0.230455, 0.000000, 0.000000, 0.000000, 1.000000, 0.993192, -0.046381, 0.106859, 0.010612, 0.106425, -0.011740, -0.994251, 0.057328, 0.047369, 0.998855, -0.006724, -0.053881, 0.000000, 0.000000, 0.000000, 1.000000
-14.8572, 19.5487, 26.5614, 170.4581, 239.4656, -10.5489, 230.4581, 10.6117, 57.3279, -53.8812, 0.504556, -0.835967, -0.215828, 0.019549, 0.817572, 0.542960, -0.191754, 0.026561, 0.277486, -0.079704, 0.957418, 0.170458, 0.000000, 0.000000, 0.000000, 1.000000, 0.277283, -0.079838, 0.957466, 0.239466, -0.504557, 0.835967, 0.215827, -0.010549, -0.817641, -0.542940, 0.191516, 0.230458, 0.000000, 0.000000, 0.000000, 1.000000, 0.993192, -0.046381, 0.106859, 0.010612, 0.106425, -0.011740, -0.994251, 0.057328, 0.047369, 0.998855, -0.006724, -0.053881, 0.000000, 0.000000, 0.000000, 1.000000
-14.8500, 19.5449, 26.5545, 170.4540, 239.4615, -10.5451, 230.4651, 10.6120, 57.3271, -53.8811, 0.504585, -0.835968, -0.215759, 0.019545, 0.817594, 0.542961, -0.191659, 0.026555, 0.277369, -0.079695, 0.957452, 0.170454, 0.000000, 0.000000, 0.000000, 1.000000, 0.277166, -0.079829, 0.957500, 0.239462, -0.504586, 0.835968, 0.215758, -0.010545, -0.817663, -0.542942, 0.191421, 0.230465, 0.000000, 0.000000, 0.000000, 1.000000, 0.993192, -0.046382, 0.106859, 0.010612, 0.106425, -0.011740, -0.994251, 0.057327, 0.047370, 0.998855, -0.006724, -0.053881, 0.000000, 0.000000, 0.000000, 1.000000
-14.8428, 19.5411, 26.5479, 170.4501, 239.4576, -10.5413, 230.4717, 10.6123, 57.3263, -53.8811, 0.504614, -0.835968, -0.215691, 0.019541, 0.817616, 0.542962, -0.191564, 0.026548, 0.277253, -0.079686, 0.957487, 0.170450, 0.000000, 0.000000, 0.000000, 1.000000, 0.277050, -0.079820, 0.957534, 0.239458, -0.504614, 0.835968, 0.215690, -0.010541, -0.817684, -0.542942, 0.191327, 0.230472, 0.000000, 0.000000, 0.000000, 1.000000, 0.993192, -0.046382, 0.106859, 0.010612, 0.106425, -0.011741, -0.994251, 0.057326, 0.047370, 0.998855, -0.006724, -0.053881, 0.000000, 0.000000, 0.000000, 1.000000
-14.8322, 19.5356, 26.5387, 170.4445, 239.4520, -10.5358, 230.4811, 10.6127, 57.3251, -53.8810, 0.504656, -0.835968, -0.215590, 0.019536, 0.817648, 0.542963, -0.191423, 0.026539, 0.277081, -0.079674, 0.957538, 0.170445, 0.000000, 0.000000, 0.000000, 1.000000, 0.276879, -0.079807, 0.957585, 0.239452, -0.504656, 0.835969, 0.215589, -0.010536, -0.817716, -0.542943, 0.191187, 0.230481, 0.000000, 0.000000, 0.000000, 1.000000, 0.993192, -0.046383, 0.106859, 0.010613, 0.106425, -0.011741, -0.994251, 0.057325, 0.047371, 0.998855, -0.006725, -0.053881, 0.000000, 0.000000, 0.000000, 1.000000
-14.8219, 19.5304, 26.5301, 170.4393, 239.4468, -10.5306, 230.4897, 10.6130, 57.3239, -53.8810, 0.504697, -0.835969, -0.215492, 0.019530, 0.817680, 0.542963, -0.191285, 0.026530, 0.276912, -0.079663, 0.957587, 0.170439, 0.000000, 0.000000, 0.000000, 1.000000, 0.276710, -0.079796, 0.957635, 0.239447, -0.504697, 0.835969, 0.215491, -0.010531, -0.817748, -0.542944, 0.191048, 0.230490, 0.000000, 0.000000, 0.000000, 1.000000, 0.993192, -0.046384, 0.106859, 0.010613, 0.106425, -0.011742, -0.994251, 0.057324, 0.047372, 0.998855, -0.006725, -0.053881, 0.000000, 0.000000, 0.000000, 1.000000
-14.8152, 19.5270, 26.5248, 170.4360, 239.4435, -10.5272, 230.4951, 10.6133, 57.3232, -53.8809, 0.504723, -0.835970, -0.215428, 0.019527, 0.817701, 0.542964, -0.191194, 0.026525, 0.276802, -0.079656, 0.957620, 0.170436, 0.000000, 0.000000, 0.000000, 1.000000, 0.276600, -0.079789, 0.957667, 0.239444, -0.504723, 0.835970, 0.215427, -0.010527, -0.817770, -0.542944, 0.190958, 0.230495, 0.000000, 0.000000, 0.000000, 1.000000, 0.993192, -0.046384, 0.106859, 0.010613, 0.106425, -0.011742, -0.994251, 0.057323, 0.047373, 0.998855, -0.006726, -0.053881, 0.000000, 0.000000, 0.000000, 1.000000
-14.8119, 19.5254, 26.5223, 170.4344, 239.4419, -10.5256, 230.4977, 10.6134, 57.3228, -53.8809, 0.504736, -0.835970, -0.215397, 0.019525, 0.817712, 0.542964, -0.191149, 0.026522, 0.276747, -0.079653, 0.957636, 0.170434, 0.000000, 0.000000, 0.000000, 1.000000, 0.276545, -0.079786, 0.957683, 0.239442, -0.504736, 0.835970, 0.215396, -0.010526, -0.817780, -0.542944, 0.190913, 0.230498, 0.000000, 0.000000, 0.000000, 1.000000, 0.993192, -0.046385, 0.106859, 0.010613, 0.106425, -0.011742, -0.994251, 0.057323, 0.047373, 0.998855, -0.006726, -0.053881, 0.000000, 0.000000, 0.000000, 1.000000
-14.8054, 19.5221, 26.5174, 170.4314, 239.4389, -10.5224, 230.5027, 10.6136, 57.3221, -53.8809, 0.504761, -0.835971, -0.215334, 0.019522, 0.817733, 0.542963, -0.191059, 0.026517, 0.276638, -0.079647, 0.957668, 0.170431, 0.000000, 0.000000, 0.000000, 1.000000, 0.276437, -0.079779, 0.957715, 0.239439, -0.504762, 0.835971, 0.215333, -0.010522, -0.817801, -0.542944, 0.190824, 0.230503, 0.000000, 0.000000, 0.000000, 1.000000, 0.993192, -0.046385, 0.106859, 0.010614, 0.106425, -0.011743, -0.994251, 0.057322, 0.047373, 0.998855, -0.006726, -0.053881, 0.000000, 0.000000, 0.000000, 1.000000
-14.8021, 19.5206, 26.5150, 170.4299, 239.4374, -10.5208, 230.5050, 10.6137, 57.3217, -53.8809, 0.504774, -0.835971, -0.215303, 0.019521, 0.817744, 0.542963, -0.191014, 0.026515, 0.276584, -0.079644, 0.957684, 0.170430, 0.000000, 0.000000, 0.000000, 1.000000, 0.276383, -0.079776, 0.957731, 0.239437, -0.504774, 0.835971, 0.215303, -0.010521, -0.817811, -0.542944, 0.190779, 0.230505, 0.000000, 0.000000, 0.000000, 1.000000, 0.993192, -0.046385, 0.106859, 0.010614, 0.106425, -0.011743, -0.994251, 0.057322, 0.047374, 0.998855, -0.006726, -0.053881, 0.000000, 0.000000, 0.000000, 1.000000
-14.7958, 19.5175, 26.5106, 170.4271, 239.4346, -10.5177, 230.5096, 10.6140, 57.3210, -53.8808, 0.504798, -0.835972, -0.215243, 0.019517, 0.817764, 0.542963, -0.190927, 0.026511, 0.276478, -0.079639, 0.957715, 0.170427, 0.000000, 0.000000, 0.000000, 1.000000, 0.276277, -0.079771, 0.957762, 0.239435, -0.504799, 0.835972, 0.215242, -0.010518, -0.817832, -0.542943, 0.190692, 0.230510, 0.000000, 0.000000, 0.000000, 1.000000, 0.993192, -0.046386, 0.106859, 0.010614, 0.106425, -0.011743, -0.994251, 0.057321, 0.047374, 0.998855, -0.006727, -0.053881, 0.000000, 0.000000, 0.000000, 1.000000
-14.7896, 19.5145, 26.5064, 170.4244, 239.4319, -10.5147, 230.5139, 10.6142, 57.3203, -53.8808, 0.504822, -0.835973, -0.215184, 0.019514, 0.817785, 0.542962, -0.190840, 0.026506, 0.276374, -0.079634, 0.957745, 0.170424, 0.000000, 0.000000, 0.000000, 1.000000, 0.276173, -0.079766, 0.957792, 0.239432, -0.504822, 0.835973, 0.215183, -0.010515, -0.817853, -0.542943, 0.190606, 0.230514, 0.000000, 0.000000, 0.000000, 1.000000, 0.993192, -0.046386, 0.106859, 0.010614, 0.106425, -0.011744, -0.994251, 0.057320, 0.047375, 0.998855, -0.006727, -0.053881, 0.000000, 0.000000, 0.000000, 1.000000
-14.7835, 19.5116, 26.5024, 170.4219, 239.4293, -10.5118, 230.5180, 10.6144, 57.3197, -53.8808, 0.504845, -0.835974, -0.215125, 0.019512, 0.817806, 0.542961, -0.190754, 0.026502, 0.276270, -0.079629, 0.957776, 0.170422, 0.000000, 0.000000, 0.000000, 1.000000, 0.276070, -0.079761, 0.957822, 0.239429, -0.504846, 0.835974, 0.215124, -0.010512, -0.817873, -0.542942, 0.190521, 0.230518, 0.000000, 0.000000, 0.000000, 1.000000, 0.993191, -0.046387, 0.106859, 0.010614, 0.106425, -0.011744, -0.994251, 0.057320, 0.047375, 0.998855, -0.006727, -0.053881, 0.000000, 0.000000, 0.000000, 1.000000
-14.7746, 19.5074, 26.4969, 170.4183, 239.4257, -10.5076, 230.5237, 10.6147, 57.3187, -53.8808, 0.504879, -0.835975, -0.215040, 0.019507, 0.817836, 0.542960, -0.190628, 0.026497, 0.276118, -0.079623, 0.957820, 0.170418, 0.000000, 0.000000, 0.000000, 1.000000, 0.275919, -0.079754, 0.957866, 0.239426, -0.504880, 0.835975, 0.215039, -0.010508, -0.817903, -0.542940, 0.190395, 0.230524, 0.000000, 0.000000, 0.000000, 1.000000, 0.993191, -0.046388, 0.106859, 0.010615, 0.106425, -0.011745, -0.994251, 0.057319, 0.047376, 0.998854, -0.006728, -0.053881, 0.000000, 0.000000, 0.000000, 1.000000
-14.7688, 19.5046, 26.4934, 170.4160, 239.4234, -10.5048, 230.5273, 10.6149, 57.3181, -53.8807, 0.504901, -0.835976, -0.214984, 0.019505, 0.817856, 0.542959, -0.190545, 0.026493, 0.276019, -0.079619, 0.957849, 0.170416, 0.000000, 0.000000, 0.000000, 1.000000, 0.275820, -0.079750, 0.957895, 0.239423, -0.504902, 0.835977, 0.214983, -0.010505, -0.817923, -0.542939, 0.190313, 0.230527, 0.000000, 0.000000, 0.000000, 1.000000, 0.993191, -0.046388, 0.106859, 0.010615, 0.106425, -0.011745, -0.994251, 0.057318, 0.047377, 0.998854, -0.006728, -0.053881, 0.000000, 0.000000, 0.000000, 1.000000
-14.7630, 19.5020, 26.4900, 170.4138, 239.4212, -10.5022, 230.5308, 10.6151, 57.3174, -53.8807, 0.504923, -0.835978, -0.214928, 0.019502, 0.817876, 0.542957, -0.190463, 0.026490, 0.275920, -0.079616, 0.957878, 0.170414, 0.000000, 0.000000, 0.000000, 1.000000, 0.275722, -0.079746, 0.957924, 0.239421, -0.504923, 0.835978, 0.214928, -0.010502, -0.817943, -0.542938, 0.190231, 0.230531, 0.000000, 0.000000, 0.000000, 1.000000, 0.993191, -0.046389, 0.106859, 0.010615, 0.106425, -0.011745, -0.994251, 0.057317, 0.047377, 0.998854, -0.006729, -0.053881, 0.000000, 0.000000, 0.000000, 1.000000
-14.7602, 19.5007, 26.4884, 170.4127, 239.4201, -10.5009, 230.5325, 10.6152, 57.3171, -53.8807, 0.504934, -0.835978, -0.214901, 0.019501, 0.817886, 0.542957, -0.190423, 0.026488, 0.275871, -0.079614, 0.957892, 0.170413, 0.000000, 0.000000, 0.000000, 1.000000, 0.275673, -0.079744, 0.957938, 0.239420, -0.504934, 0.835978, 0.214900, -0.010501, -0.817952, -0.542938, 0.190191, 0.230532, 0.000000, 0.000000, 0.000000, 1.000000, 0.993191, -0.046389, 0.106859, 0.010615, 0.106425, -0.011746, -0.994251, 0.057317, 0.047377, 0.998854, -0.006729, -0.053881, 0.000000, 0.000000, 0.000000, 1.000000
-14.7573, 19.4994, 26.4868, 170.4117, 239.4190, -10.4996, 230.5341, 10.6153, 57.3168, -53.8807, 0.504944, -0.835979, -0.214874, 0.019499, 0.817896, 0.542956, -0.190382, 0.026487, 0.275822, -0.079612, 0.957906, 0.170412, 0.000000, 0.000000, 0.000000, 1.000000, 0.275624, -0.079743, 0.957952, 0.239419, -0.504944, 0.835979, 0.214873, -0.010500, -0.817962, -0.542937, 0.190151, 0.230534, 0.000000, 0.000000, 0.000000, 1.000000, 0.993191, -0.046389, 0.106859, 0.010615, 0.106425, -0.011746, -0.994251, 0.057317, 0.047378, 0.998854, -0.006729, -0.053881, 0.000000, 0.000000, 0.000000, 1.000000
-14.7517, 19.4968, 26.4837, 170.4096, 239.4169, -10.4970, 230.5374, 10.6155, 57.3162, -53.8807, 0.504965, -0.835980, -0.214820, 0.019497, 0.817915, 0.542955, -0.190301, 0.026484, 0.275726, -0.079609, 0.957934, 0.170410, 0.000000, 0.000000, 0.000000, 1.000000, 0.275528, -0.079739, 0.957980, 0.239417, -0.504965, 0.835980, 0.214819, -0.010497, -0.817982, -0.542935, 0.190071, 0.230537, 0.000000, 0.000000, 0.000000, 1.000000, 0.993191, -0.046390, 0.106859, 0.010616, 0.106425, -0.011746, -0.994251, 0.057316, 0.047378, 0.998854, -0.006729, -0.053881, 0.000000, 0.000000, 0.000000, 1.000000
-14.7489, 19.4955, 26.4822, 170.4086, 239.4159, -10.4957, 230.5390, 10.6156, 57.3159, -53.8807, 0.504975, -0.835981, -0.214793, 0.019496, 0.817925, 0.542954, -0.190261, 0.026482, 0.275678, -0.079608, 0.957948, 0.170409, 0.000000, 0.000000, 0.000000, 1.000000, 0.275480, -0.079737, 0.957994, 0.239416, -0.504976, 0.835981, 0.214792, -0.010496, -0.817992, -0.542935, 0.190031, 0.230539, 0.000000, 0.000000, 0.000000, 1.000000, 0.993191, -0.046390, 0.106859, 0.010616, 0.106425, -0.011746, -0.994251, 0.057316, 0.047378, 0.998854, -0.006729, -0.053881, 0.000000, 0.000000, 0.000000, 1.000000
-14.7378, 19.4905, 26.4761, 170.4045, 239.4118, -10.4907, 230.5453, 10.6160, 57.3147, -53.8806, 0.505017, -0.835983, -0.214686, 0.019490, 0.817965, 0.542951, -0.190101, 0.026476, 0.275486, -0.079602, 0.958004, 0.170405, 0.000000, 0.000000, 0.000000, 1.000000, 0.275289, -0.079731, 0.958049, 0.239412, -0.505017, 0.835983, 0.214686, -0.010491, -0.818030, -0.542932, 0.189872, 0.230545, 0.000000, 0.000000, 0.000000, 1.000000, 0.993191, -0.046391, 0.106859, 0.010616, 0.106425, -0.011747, -0.994251, 0.057315, 0.047379, 0.998854, -0.006730, -0.053881, 0.000000, 0.000000, 0.000000, 1.000000
-14.7323, 19.4880, 26.4732, 170.4026, 239.4098, -10.4882, 230.5484, 10.6162, 57.3141, -53.8806, 0.505037, -0.835985, -0.214633, 0.019488, 0.817984, 0.542949, -0.190022, 0.026473, 0.275390, -0.079599, 0.958031, 0.170403, 0.000000, 0.000000, 0.000000, 1.000000, 0.275195, -0.079727, 0.958077, 0.239410, -0.505037, 0.835985, 0.214633, -0.010488, -0.818050, -0.542930, 0.189793, 0.230548, 0.000000, 0.000000, 0.000000, 1.000000, 0.993191, -0.046391, 0.106859, 0.010616, 0.106425, -0.011748, -0.994251, 0.057314, 0.047380, 0.998854, -0.006730, -0.053881, 0.000000, 0.000000, 0.000000, 1.000000
-14.7268, 19.4855, 26.4702, 170.4006, 239.4078, -10.4857, 230.5515, 10.6164, 57.3135, -53.8806, 0.505057, -0.835986, -0.214581, 0.019485, 0.818004, 0.542947, -0.189943, 0.026470, 0.275295, -0.079596, 0.958059, 0.170401, 0.000000, 0.000000, 0.000000, 1.000000, 0.275100, -0.079724, 0.958104, 0.239408, -0.505057, 0.835986, 0.214580, -0.010486, -0.818069, -0.542928, 0.189715, 0.230552, 0.000000, 0.000000, 0.000000, 1.000000, 0.993191, -0.046392, 0.106859, 0.010616, 0.106425, -0.011748, -0.994251, 0.057314, 0.047380, 0.998854, -0.006731, -0.053881, 0.000000, 0.000000, 0.000000, 1.000000
-14.7240, 19.4842, 26.4687, 170.3996, 239.4068, -10.4844, 230.5531, 10.6165, 57.3132, -53.8806, 0.505067, -0.835987, -0.214554, 0.019484, 0.818013, 0.542947, -0.189903, 0.026469, 0.275248, -0.079594, 0.958073, 0.170400, 0.000000, 0.000000, 0.000000, 1.000000, 0.275053, -0.079723, 0.958118, 0.239407, -0.505067, 0.835987, 0.214553, -0.010484, -0.818079, -0.542928, 0.189676, 0.230553, 0.000000, 0.000000, 0.000000, 1.000000, 0.993191, -0.046392, 0.106859, 0.010617, 0.106425, -0.011748, -0.994251, 0.057313, 0.047380, 0.998854, -0.006731, -0.053881, 0.000000, 0.000000, 0.000000, 1.000000
-14.7185, 19.4817, 26.4657, 170.3976, 239.4048, -10.4819, 230.5563, 10.6167, 57.3126, -53.8806, 0.505087, -0.835988, -0.214501, 0.019482, 0.818033, 0.542945, -0.189824, 0.026466, 0.275153, -0.079592, 0.958100, 0.170398, 0.000000, 0.000000, 0.000000, 1.000000, 0.274959, -0.079719, 0.958145, 0.239405, -0.505087, 0.835988, 0.214500, -0.010482, -0.818098, -0.542926, 0.189597, 0.230556, 0.000000, 0.000000, 0.000000, 1.000000, 0.993191, -0.046392, 0.106859, 0.010617, 0.106425, -0.011749, -0.994251, 0.057313, 0.047381, 0.998854, -0.006731, -0.053881, 0.000000, 0.000000, 0.000000, 1.000000
-14.7157, 19.4805, 26.4642, 170.3966, 239.4038, -10.4807, 230.5579, 10.6168, 57.3123, -53.8806, 0.505097, -0.835989, -0.214475, 0.019480, 0.818043, 0.542944, -0.189784, 0.026464, 0.275105, -0.079590, 0.958114, 0.170397, 0.000000, 0.000000, 0.000000, 1.000000, 0.274911, -0.079718, 0.958159, 0.239404, -0.505098, 0.835989, 0.214474, -0.010481, -0.818108, -0.542925, 0.189558, 0.230558, 0.000000, 0.000000, 0.000000, 1.000000, 0.993191, -0.046392, 0.106859, 0.010617, 0.106425, -0.011749, -0.994251, 0.057312, 0.047381, 0.998854, -0.006732, -0.053881, 0.000000, 0.000000, 0.000000, 1.000000
-14.7102, 19.4779, 26.4611, 170.3946, 239.4018, -10.4781, 230.5611, 10.6170, 57.3117, -53.8806, 0.505117, -0.835990, -0.214422, 0.019478, 0.818062, 0.542942, -0.189705, 0.026461, 0.275010, -0.079587, 0.958142, 0.170395, 0.000000, 0.000000, 0.000000, 1.000000, 0.274817, -0.079714, 0.958187, 0.239402, -0.505118, 0.835990, 0.214421, -0.010478, -0.818127, -0.542923, 0.189479, 0.230561, 0.000000, 0.000000, 0.000000, 1.000000, 0.993191, -0.046393, 0.106859, 0.010617, 0.106425, -0.011749, -0.994251, 0.057312, 0.047382, 0.998854, -0.006732, -0.053881, 0.000000, 0.000000, 0.000000, 1.000000
-14.7074, 19.4767, 26.4596, 170.3936, 239.4008, -10.4769, 230.5627, 10.6171, 57.3114, -53.8806, 0.505128, -0.835991, -0.214395, 0.019477, 0.818072, 0.542941, -0.189665, 0.026460, 0.274962, -0.079586, 0.958156, 0.170394, 0.000000, 0.000000, 0.000000, 1.000000, 0.274769, -0.079713, 0.958200, 0.239401, -0.505128, 0.835991, 0.214394, -0.010477, -0.818137, -0.542923, 0.189439, 0.230563, 0.000000, 0.000000, 0.000000, 1.000000, 0.993191, -0.046393, 0.106859, 0.010617, 0.106424, -0.011749, -0.994251, 0.057311, 0.047382, 0.998854, -0.006732, -0.053881, 0.000000, 0.000000, 0.000000, 1.000000
-14.7019, 19.4741, 26.4565, 170.3915, 239.3987, -10.4743, 230.5661, 10.6173, 57.3108, -53.8805, 0.505148, -0.835992, -0.214342, 0.019474, 0.818092, 0.542939, -0.189585, 0.026456, 0.274866, -0.079583, 0.958183, 0.170392, 0.000000, 0.000000, 0.000000, 1.000000, 0.274674, -0.079709, 0.958228, 0.239399, -0.505148, 0.835992, 0.214341, -0.010474, -0.818156, -0.542921, 0.189361, 0.230566, 0.000000, 0.000000, 0.000000, 1.000000, 0.993191, -0.046394, 0.106859, 0.010617, 0.106424, -0.011750, -0.994251, 0.057311, 0.047382, 0.998854, -0.006732, -0.053881, 0.000000, 0.000000, 0.000000, 1.000000
-14.6991, 19.4729, 26.4549, 170.3905, 239.3976, -10.4731, 230.5677, 10.6174, 57.3105, -53.8805, 0.505158, -0.835993, -0.214315, 0.019473, 0.818102, 0.542939, -0.189545, 0.026455, 0.274819, -0.079581, 0.958197, 0.170391, 0.000000, 0.000000, 0.000000, 1.000000, 0.274627, -0.079707, 0.958242, 0.239398, -0.505158, 0.835993, 0.214314, -0.010473, -0.818166, -0.542920, 0.189321, 0.230568, 0.000000, 0.000000, 0.000000, 1.000000, 0.993191, -0.046394, 0.106859, 0.010617, 0.106424, -0.011750, -0.994251, 0.057311, 0.047383, 0.998854, -0.006733, -0.053881, 0.000000, 0.000000, 0.000000, 1.000000
-14.6907, 19.4690, 26.4500, 170.3874, 239.3944, -10.4692, 230.5729, 10.6177, 57.3096, -53.8805, 0.505188, -0.835995, -0.214235, 0.019469, 0.818131, 0.542936, -0.189426, 0.026450, 0.274675, -0.079576, 0.958239, 0.170387, 0.000000, 0.000000, 0.000000, 1.000000, 0.274484, -0.079702, 0.958283, 0.239394, -0.505189, 0.835995, 0.214234, -0.010469, -0.818195, -0.542917, 0.189203, 0.230573, 0.000000, 0.000000, 0.000000, 1.000000, 0.993191, -0.046394, 0.106859, 0.010618, 0.106424, -0.011751, -0.994251, 0.057310, 0.047383, 0.998854, -0.006733, -0.053881, 0.000000, 0.000000, 0.000000, 1.000000
-14.6879, 19.4678, 26.4484, 170.3863, 239.3934, -10.4680, 230.5746, 10.6178, 57.3093, -53.8805, 0.505198, -0.835996, -0.214208, 0.019468, 0.818141, 0.542935, -0.189386, 0.026448, 0.274627, -0.079575, 0.958252, 0.170386, 0.000000, 0.000000, 0.000000, 1.000000, 0.274437, -0.079700, 0.958297, 0.239393, -0.505199, 0.835996, 0.214207, -0.010468, -0.818204, -0.542917, 0.189164, 0.230575, 0.000000, 0.000000, 0.000000, 1.000000, 0.993191, -0.046395, 0.106859, 0.010618, 0.106424, -0.011751, -0.994251, 0.057309, 0.047384, 0.998854, -0.006733, -0.053881, 0.000000, 0.000000, 0.000000, 1.000000
-14.6795, 19.4639, 26.4433, 170.3830, 239.3901, -10.4641, 230.5800, 10.6181, 57.3084, -53.8805, 0.505229, -0.835998, -0.214128, 0.019464, 0.818170, 0.542933, -0.189267, 0.026443, 0.274484, -0.079570, 0.958294, 0.170383, 0.000000, 0.000000, 0.000000, 1.000000, 0.274294, -0.079694, 0.958338, 0.239390, -0.505229, 0.835998, 0.214127, -0.010464, -0.818233, -0.542914, 0.189046, 0.230580, 0.000000, 0.000000, 0.000000, 1.000000, 0.993191, -0.046395, 0.106859, 0.010618, 0.106424, -0.011751, -0.994251, 0.057308, 0.047384, 0.998854, -0.006734, -0.053880, 0.000000, 0.000000, 0.000000, 1.000000
-14.6738, 19.4613, 26.4398, 170.3808, 239.3878, -10.4615, 230.5836, 10.6183, 57.3078, -53.8805, 0.505250, -0.836000, -0.214074, 0.019461, 0.818190, 0.542931, -0.189187, 0.026440, 0.274388, -0.079566, 0.958322, 0.170381, 0.000000, 0.000000, 0.000000, 1.000000, 0.274199, -0.079690, 0.958366, 0.239388, -0.505250, 0.836000, 0.214073, -0.010461, -0.818253, -0.542913, 0.188967, 0.230584, 0.000000, 0.000000, 0.000000, 1.000000, 0.993191, -0.046396, 0.106859, 0.010618, 0.106424, -0.011752, -0.994251, 0.057308, 0.047385, 0.998854, -0.006734, -0.053880, 0.000000, 0.000000, 0.000000, 1.000000
