# Joint_4_Angle(deg), Cam_X(mm), Cam_Y(mm), Cam_Z(mm), Torso_X(mm), Torso_Y(mm), Torso_Z(mm), EE_X(mm), EE_Y(mm), EE_Z(mm), T_cam2marker_flat(16), T_torso2marker_flat(16), T_ee2marker_flat(16)
-15.0000, 24.8316, -11.9488, 261.5609, 283.5930, -24.8327, 211.2957, 0.3580, -86.1560, 30.5035, 0.999252, 0.036882, 0.011613, 0.024832, -0.038483, 0.977851, 0.205732, -0.011949, -0.003768, -0.206025, 0.978539, 0.261561, 0.000000, 0.000000, 0.000000, 1.000000, -0.003666, -0.208741, 0.977964, 0.283593, -0.999252, -0.036881, -0.011617, -0.024833, 0.038493, -0.977275, -0.208449, 0.211296, 0.000000, 0.000000, 0.000000, 1.000000, -0.997306, 0.072089, -0.013546, 0.000358, -0.015895, -0.032111, 0.999358, -0.086156, 0.071608, 0.996881, 0.033170, 0.030504, 0.000000, 0.000000, 0.000000, 1.000000
-15.0000, 24.8332, -11.9575, 261.5568, 283.5889, -24.8343, 211.3046, 0.3573, -86.1573, 30.5029, 0.999253, 0.036872, 0.011611, 0.024833, -0.038473, 0.977856, 0.205712, -0.011957, -0.003769, -0.206005, 0.978544, 0.261557, 0.000000, 0.000000, 0.000000, 1.000000, -0.003666, -0.208719, 0.977969, 0.283589, -0.999253, -0.036871, -0.011615, -0.024834, 0.038483, -0.977280, -0.208428, 0.211305, 0.000000, 0.000000, 0.000000, 1.000000, -0.997306, 0.072089, -0.013547, 0.000357, -0.015896, -0.032111, 0.999358, -0.086157, 0.071608, 0.996881, 0.033171, 0.030503, 0.000000, 0.000000, 0.000000, 1.000000
-15.0000, 24.8343, -11.9632, 261.5539, 283.5859, -24.8355, 211.3107, 0.3568, -86.1581, 30.5024, 0.999253, 0.036865, 0.011609, 0.024834, -0.038465, 0.977859, 0.205699, -0.011963, -0.003769, -0.205991, 0.978547, 0.261554, 0.000000, 0.000000, 0.000000, 1.000000, -0.003666, -0.208705, 0.977972, 0.283586, -0.999253, -0.036864, -0.011613, -0.024835, 0.038475, -0.977284, -0.208413, 0.211311, 0.000000, 0.000000, 0.000000, 1.000000, -0.997306, 0.072089, -0.013547, 0.000357, -0.015896, -0.032112, 0.999358, -0.086158, 0.071608, 0.996881, 0.033171, 0.030502, 0.000000, 0.000000, 0.000000, 1.000000
-14.9988, 24.8341, -11.9634, 261.5495, 283.5816, -24.8353, 211.3115, 0.3567, -86.1598, 30.5016, 0.999253, 0.036866, 0.011607, 0.024834, -0.038466, 0.977864, 0.205678, -0.011963, -0.003767, -0.205971, 0.978551, 0.261550, 0.000000, 0.000000, 0.000000, 1.000000, -0.003665, -0.208682, 0.977977, 0.283582, -0.999253, -0.036865, -0.011611, -0.024835, 0.038476, -0.977289, -0.208391, 0.211312, 0.000000, 0.000000, 0.000000, 1.000000, -0.997306, 0.072090, -0.013546, 0.000357, -0.015895, -0.032112, 0.999358, -0.086160, 0.071608, 0.996881, 0.033171, 0.030502, 0.000000, 0.000000, 0.000000, 1.000000
-14.9974, 24.8332, -11.9616, 261.5455, 283.5776, -24.8344, 211.3099, 0.3570, -86.1615, 30.5007, 0.999253, 0.036871, 0.011606, 0.024833, -0.038470, 0.977868, 0.205657, -0.011962, -0.003766, -0.205950, 0.978555, 0.261546, 0.000000, 0.000000, 0.000000, 1.000000, -0.003664, -0.208660, 0.977981, 0.283578, -0.999253, -0.036870, -0.011610, -0.024834, 0.038481, -0.977293, -0.208369, 0.211310, 0.000000, 0.000000, 0.000000, 1.000000, -0.997306, 0.072090, -0.013546, 0.000357, -0.015895, -0.032112, 0.999358, -0.086162, 0.071609, 0.996881, 0.033171, 0.030501, 0.000000, 0.000000, 0.000000, 1.000000
-14.9906, 24.8291, -11.9537, 261.5270, 283.5590, -24.8302, 211.3026, 0.3582, -86.1698, 30.4966, 0.999252, 0.036897, 0.011602, 0.024829, -0.038495, 0.977888, 0.205557, -0.011954, -0.003761, -0.205850, 0.978576, 0.261527, 0.000000, 0.000000, 0.000000, 1.000000, -0.003659, -0.208558, 0.978003, 0.283559, -0.999252, -0.036896, -0.011607, -0.024830, 0.038505, -0.977314, -0.208267, 0.211303, 0.000000, 0.000000, 0.000000, 1.000000, -0.997306, 0.072093, -0.013542, 0.000358, -0.015891, -0.032111, 0.999358, -0.086170, 0.071612, 0.996881, 0.033170, 0.030497, 0.000000, 0.000000, 0.000000, 1.000000
-14.9863, 24.8258, -11.9458, 261.5165, 283.5485, -24.8269, 211.2949, 0.3592, -86.1747, 30.4942, 0.999251, 0.036917, 0.011601, 0.024826, -0.038513, 0.977899, 0.205500, -0.011946, -0.003758, -0.205793, 0.978588, 0.261516, 0.000000, 0.000000, 0.000000, 1.000000, -0.003656, -0.208501, 0.978015, 0.283548, -0.999251, -0.036916, -0.011605, -0.024827, 0.038524, -0.977325, -0.208210, 0.211295, 0.000000, 0.000000, 0.000000, 1.000000, -0.997306, 0.072094, -0.013540, 0.000359, -0.015889, -0.032110, 0.999358, -0.086175, 0.071613, 0.996881, 0.033169, 0.030494, 0.000000, 0.000000, 0.000000, 1.000000
-14.9830, 24.8216, -11.9296, 261.5132, 283.5452, -24.8227, 211.2787, 0.3607, -86.1769, 30.4932, 0.999250, 0.036942, 0.011601, 0.024822, -0.038538, 0.977902, 0.205481, -0.011930, -0.003754, -0.205774, 0.978592, 0.261513, 0.000000, 0.000000, 0.000000, 1.000000, -0.003652, -0.208483, 0.978019, 0.283545, -0.999250, -0.036941, -0.011606, -0.024823, 0.038549, -0.977328, -0.208191, 0.211279, 0.000000, 0.000000, 0.000000, 1.000000, -0.997306, 0.072096, -0.013538, 0.000361, -0.015887, -0.032109, 0.999358, -0.086177, 0.071615, 0.996881, 0.033168, 0.030493, 0.000000, 0.000000, 0.000000, 1.000000
-14.9775, 24.8153, -11.9075, 261.5053, 283.5371, -24.8164, 211.2565, 0.3630, -86.1813, 30.4911, 0.999249, 0.036980, 0.011601, 0.024815, -0.038575, 0.977910, 0.205437, -0.011907, -0.003748, -0.205730, 0.978602, 0.261505, 0.000000, 0.000000, 0.000000, 1.000000, -0.003646, -0.208438, 0.978029, 0.283537, -0.999249, -0.036979, -0.011606, -0.024816, 0.038586, -0.977336, -0.208147, 0.211257, 0.000000, 0.000000, 0.000000, 1.000000, -0.997306, 0.072098, -0.013535, 0.000363, -0.015884, -0.032108, 0.999358, -0.086181, 0.071617, 0.996881, 0.033167, 0.030491, 0.000000, 0.000000, 0.000000, 1.000000
-14.9733, 24.8111, -11.8943, 261.4975, 283.5294, -24.8122, 211.2433, 0.3644, -86.1853, 30.4892, 0.999248, 0.037006, 0.011601, 0.024811, -0.038600, 0.977918, 0.205394, -0.011894, -0.003744, -0.205687, 0.978611, 0.261498, 0.000000, 0.000000, 0.000000, 1.000000, -0.003642, -0.208395, 0.978038, 0.283529, -0.999248, -0.037005, -0.011605, -0.024812, 0.038610, -0.977344, -0.208104, 0.211243, 0.000000, 0.000000, 0.000000, 1.000000, -0.997306, 0.072099, -0.013533, 0.000364, -0.015882, -0.032107, 0.999358, -0.086185, 0.071618, 0.996881, 0.033166, 0.030489, 0.000000, 0.000000, 0.000000, 1.000000
-14.9662, 24.8048, -11.8770, 261.4823, 283.5141, -24.8060, 211.2261, 0.3665, -86.1928, 30.4856, 0.999246, 0.037044, 0.011600, 0.024805, -0.038637, 0.977934, 0.205309, -0.011877, -0.003739, -0.205603, 0.978628, 0.261482, 0.000000, 0.000000, 0.000000, 1.000000, -0.003636, -0.208311, 0.978056, 0.283514, -0.999246, -0.037043, -0.011604, -0.024806, 0.038647, -0.977361, -0.208020, 0.211226, 0.000000, 0.000000, 0.000000, 1.000000, -0.997306, 0.072102, -0.013529, 0.000366, -0.015878, -0.032106, 0.999358, -0.086193, 0.071621, 0.996880, 0.033164, 0.030486, 0.000000, 0.000000, 0.000000, 1.000000
-14.9609, 24.8007, -11.8672, 261.4696, 283.5014, -24.8018, 211.2163, 0.3678, -86.1988, 30.4826, 0.999245, 0.037069, 0.011599, 0.024801, -0.038661, 0.977948, 0.205239, -0.011867, -0.003735, -0.205533, 0.978643, 0.261470, 0.000000, 0.000000, 0.000000, 1.000000, -0.003632, -0.208241, 0.978071, 0.283501, -0.999245, -0.037068, -0.011603, -0.024802, 0.038671, -0.977375, -0.207949, 0.211216, 0.000000, 0.000000, 0.000000, 1.000000, -0.997305, 0.072104, -0.013526, 0.000368, -0.015875, -0.032105, 0.999358, -0.086199, 0.071623, 0.996880, 0.033163, 0.030483, 0.000000, 0.000000, 0.000000, 1.000000
-14.9551, 24.7965, -11.8587, 261.4548, 283.4865, -24.7977, 211.2079, 0.3691, -86.2057, 30.4792, 0.999244, 0.037095, 0.011597, 0.024797, -0.038686, 0.977964, 0.205157, -0.011859, -0.003731, -0.205451, 0.978660, 0.261455, 0.000000, 0.000000, 0.000000, 1.000000, -0.003628, -0.208160, 0.978088, 0.283487, -0.999244, -0.037094, -0.011601, -0.024798, 0.038696, -0.977391, -0.207868, 0.211208, 0.000000, 0.000000, 0.000000, 1.000000, -0.997305, 0.072106, -0.013523, 0.000369, -0.015872, -0.032104, 0.999358, -0.086206, 0.071626, 0.996880, 0.033162, 0.030479, 0.000000, 0.000000, 0.000000, 1.000000
-14.9455, 24.7903, -11.8484, 261.4288, 283.4605, -24.7914, 211.1976, 0.3709, -86.2175, 30.4734, 0.999243, 0.037133, 0.011593, 0.024790, -0.038722, 0.977993, 0.205014, -0.011848, -0.003725, -0.205308, 0.978690, 0.261429, 0.000000, 0.000000, 0.000000, 1.000000, -0.003622, -0.208016, 0.978119, 0.283460, -0.999243, -0.037132, -0.011598, -0.024791, 0.038732, -0.977420, -0.207724, 0.211198, 0.000000, 0.000000, 0.000000, 1.000000, -0.997305, 0.072110, -0.013518, 0.000371, -0.015867, -0.032103, 0.999359, -0.086218, 0.071630, 0.996880, 0.033161, 0.030473, 0.000000, 0.000000, 0.000000, 1.000000
-14.9386, 24.7862, -11.8431, 261.4090, 283.4407, -24.7873, 211.1924, 0.3720, -86.2264, 30.4689, 0.999242, 0.037159, 0.011590, 0.024786, -0.038746, 0.978015, 0.204906, -0.011843, -0.003722, -0.205199, 0.978713, 0.261409, 0.000000, 0.000000, 0.000000, 1.000000, -0.003619, -0.207908, 0.978142, 0.283441, -0.999242, -0.037158, -0.011595, -0.024787, 0.038756, -0.977442, -0.207616, 0.211192, 0.000000, 0.000000, 0.000000, 1.000000, -0.997305, 0.072112, -0.013514, 0.000372, -0.015863, -0.032103, 0.999359, -0.086226, 0.071632, 0.996880, 0.033160, 0.030469, 0.000000, 0.000000, 0.000000, 1.000000
-14.9313, 24.7820, -11.8389, 261.3874, 283.4191, -24.7832, 211.1882, 0.3731, -86.2361, 30.4641, 0.999241, 0.037184, 0.011587, 0.024782, -0.038770, 0.978038, 0.204787, -0.011839, -0.003718, -0.205081, 0.978738, 0.261387, 0.000000, 0.000000, 0.000000, 1.000000, -0.003615, -0.207790, 0.978167, 0.283419, -0.999241, -0.037183, -0.011591, -0.024783, 0.038780, -0.977467, -0.207497, 0.211188, 0.000000, 0.000000, 0.000000, 1.000000, -0.997305, 0.072115, -0.013511, 0.000373, -0.015860, -0.032102, 0.999359, -0.086236, 0.071635, 0.996880, 0.033159, 0.030464, 0.000000, 0.000000, 0.000000, 1.000000
-14.9197, 24.7759, -11.8346, 261.3522, 283.3838, -24.7770, 211.1841, 0.3746, -86.2517, 30.4563, 0.999240, 0.037223, 0.011581, 0.024776, -0.038806, 0.978077, 0.204594, -0.011835, -0.003712, -0.204888, 0.978778, 0.261352, 0.000000, 0.000000, 0.000000, 1.000000, -0.003609, -0.207596, 0.978208, 0.283384, -0.999240, -0.037222, -0.011586, -0.024777, 0.038816, -0.977506, -0.207304, 0.211184, 0.000000, 0.000000, 0.000000, 1.000000, -0.997305, 0.072120, -0.013505, 0.000375, -0.015854, -0.032101, 0.999359, -0.086252, 0.071640, 0.996879, 0.033158, 0.030456, 0.000000, 0.000000, 0.000000, 1.000000
-14.9157, 24.7738, -11.8337, 261.3397, 283.3714, -24.7750, 211.1832, 0.3751, -86.2572, 30.4535, 0.999239, 0.037236, 0.011579, 0.024774, -0.038818, 0.978091, 0.204526, -0.011834, -0.003710, -0.204820, 0.978793, 0.261340, 0.000000, 0.000000, 0.000000, 1.000000, -0.003607, -0.207528, 0.978222, 0.283371, -0.999239, -0.037235, -0.011583, -0.024775, 0.038828, -0.977520, -0.207236, 0.211183, 0.000000, 0.000000, 0.000000, 1.000000, -0.997304, 0.072121, -0.013503, 0.000375, -0.015852, -0.032100, 0.999359, -0.086257, 0.071642, 0.996879, 0.033157, 0.030454, 0.000000, 0.000000, 0.000000, 1.000000
-14.9033, 24.7677, -11.8322, 261.3005, 283.3322, -24.7689, 211.1819, 0.3766, -86.2744, 30.4449, 0.999238, 0.037274, 0.011572, 0.024768, -0.038853, 0.978135, 0.204311, -0.011832, -0.003704, -0.204605, 0.978838, 0.261301, 0.000000, 0.000000, 0.000000, 1.000000, -0.003601, -0.207314, 0.978268, 0.283332, -0.999238, -0.037273, -0.011577, -0.024769, 0.038863, -0.977564, -0.207021, 0.211182, 0.000000, 0.000000, 0.000000, 1.000000, -0.997304, 0.072126, -0.013497, 0.000377, -0.015846, -0.032099, 0.999359, -0.086274, 0.071647, 0.996879, 0.033156, 0.030445, 0.000000, 0.000000, 0.000000, 1.000000
-14.8731, 24.7501, -11.8126, 261.2121, 283.2437, -24.7512, 211.1624, 0.3814, -86.3138, 30.4251, 0.999234, 0.037382, 0.011557, 0.024750, -0.038954, 0.978232, 0.203827, -0.011813, -0.003686, -0.204121, 0.978939, 0.261212, 0.000000, 0.000000, 0.000000, 1.000000, -0.003583, -0.206831, 0.978370, 0.283244, -0.999234, -0.037382, -0.011562, -0.024751, 0.038964, -0.977662, -0.206538, 0.211162, 0.000000, 0.000000, 0.000000, 1.000000, -0.997304, 0.072138, -0.013481, 0.000381, -0.015831, -0.032096, 0.999359, -0.086314, 0.071659, 0.996878, 0.033152, 0.030425, 0.000000, 0.000000, 0.000000, 1.000000
-14.8603, 24.7417, -11.7998, 261.1763, 283.2079, -24.7428, 211.1495, 0.3838, -86.3300, 30.4171, 0.999232, 0.037434, 0.011551, 0.024742, -0.039002, 0.978271, 0.203631, -0.011800, -0.003678, -0.203925, 0.978980, 0.261176, 0.000000, 0.000000, 0.000000, 1.000000, -0.003574, -0.206635, 0.978412, 0.283208, -0.999232, -0.037433, -0.011556, -0.024743, 0.039012, -0.977702, -0.206343, 0.211150, 0.000000, 0.000000, 0.000000, 1.000000, -0.997303, 0.072143, -0.013475, 0.000384, -0.015824, -0.032095, 0.999360, -0.086330, 0.071664, 0.996878, 0.033150, 0.030417, 0.000000, 0.000000, 0.000000, 1.000000
-14.8518, 24.7365, -11.7934, 261.1517, 283.1833, -24.7376, 211.1431, 0.3852, -86.3410, 30.4115, 0.999231, 0.037465, 0.011547, 0.024736, -0.039032, 0.978297, 0.203496, -0.011793, -0.003672, -0.203791, 0.979008, 0.261152, 0.000000, 0.000000, 0.000000, 1.000000, -0.003569, -0.206501, 0.978440, 0.283183, -0.999231, -0.037464, -0.011551, -0.024738, 0.039042, -0.977729, -0.206209, 0.211143, 0.000000, 0.000000, 0.000000, 1.000000, -0.997303, 0.072146, -0.013470, 0.000385, -0.015820, -0.032094, 0.999360, -0.086341, 0.071668, 0.996878, 0.033149, 0.030412, 0.000000, 0.000000, 0.000000, 1.000000
-14.8349, 24.7270, -11.7856, 261.1010, 283.1326, -24.7281, 211.1353, 0.3876, -86.3635, 30.4002, 0.999229, 0.037523, 0.011538, 0.024727, -0.039086, 0.978353, 0.203219, -0.011786, -0.003663, -0.203513, 0.979065, 0.261101, 0.000000, 0.000000, 0.000000, 1.000000, -0.003558, -0.206225, 0.978498, 0.283133, -0.999229, -0.037522, -0.011542, -0.024728, 0.039096, -0.977785, -0.205932, 0.211135, 0.000000, 0.000000, 0.000000, 1.000000, -0.997303, 0.072153, -0.013462, 0.000388, -0.015811, -0.032092, 0.999360, -0.086363, 0.071675, 0.996877, 0.033146, 0.030400, 0.000000, 0.000000, 0.000000, 1.000000
-14.8266, 24.7227, -11.7838, 261.0750, 283.1065, -24.7238, 211.1335, 0.3887, -86.3749, 30.3945, 0.999228, 0.037550, 0.011533, 0.024723, -0.039110, 0.978381, 0.203077, -0.011784, -0.003658, -0.203371, 0.979095, 0.261075, 0.000000, 0.000000, 0.000000, 1.000000, -0.003554, -0.206083, 0.978528, 0.283107, -0.999228, -0.037549, -0.011537, -0.024724, 0.039120, -0.977814, -0.205790, 0.211134, 0.000000, 0.000000, 0.000000, 1.000000, -0.997303, 0.072156, -0.013458, 0.000389, -0.015807, -0.032091, 0.999360, -0.086375, 0.071678, 0.996877, 0.033145, 0.030394, 0.000000, 0.000000, 0.000000, 1.000000
-14.8184, 24.7186, -11.7834, 261.0486, 283.0801, -24.7197, 211.1330, 0.3896, -86.3864, 30.3887, 0.999227, 0.037575, 0.011527, 0.024719, -0.039133, 0.978410, 0.202933, -0.011783, -0.003653, -0.203227, 0.979125, 0.261049, 0.000000, 0.000000, 0.000000, 1.000000, -0.003549, -0.205939, 0.978558, 0.283080, -0.999227, -0.037574, -0.011532, -0.024720, 0.039143, -0.977843, -0.205647, 0.211133, 0.000000, 0.000000, 0.000000, 1.000000, -0.997302, 0.072160, -0.013454, 0.000390, -0.015803, -0.032091, 0.999360, -0.086386, 0.071682, 0.996877, 0.033144, 0.030389, 0.000000, 0.000000, 0.000000, 1.000000
-14.8061, 24.7129, -11.7848, 261.0083, 283.0398, -24.7140, 211.1345, 0.3909, -86.4039, 30.3798, 0.999226, 0.037610, 0.011519, 0.024713, -0.039165, 0.978455, 0.202713, -0.011785, -0.003647, -0.203008, 0.979170, 0.261008, 0.000000, 0.000000, 0.000000, 1.000000, -0.003543, -0.205720, 0.978604, 0.283040, -0.999226, -0.037609, -0.011523, -0.024714, 0.039175, -0.977888, -0.205428, 0.211134, 0.000000, 0.000000, 0.000000, 1.000000, -0.997302, 0.072165, -0.013447, 0.000391, -0.015797, -0.032090, 0.999360, -0.086404, 0.071687, 0.996876, 0.033143, 0.030380, 0.000000, 0.000000, 0.000000, 1.000000
-14.7859, 24.7042, -11.7915, 260.9402, 282.9717, -24.7054, 211.1412, 0.3926, -86.4332, 30.3650, 0.999224, 0.037663, 0.011505, 0.024704, -0.039213, 0.978529, 0.202343, -0.011792, -0.003637, -0.202637, 0.979247, 0.260940, 0.000000, 0.000000, 0.000000, 1.000000, -0.003533, -0.205350, 0.978682, 0.282972, -0.999224, -0.037662, -0.011509, -0.024705, 0.039223, -0.977964, -0.205058, 0.211141, 0.000000, 0.000000, 0.000000, 1.000000, -0.997302, 0.072173, -0.013438, 0.000393, -0.015788, -0.032088, 0.999360, -0.086433, 0.071695, 0.996876, 0.033141, 0.030365, 0.000000, 0.000000, 0.000000, 1.000000
-14.7702, 24.6980, -11.7995, 260.8857, 282.9173, -24.6991, 211.1493, 0.3937, -86.4565, 30.3531, 0.999223, 0.037701, 0.011493, 0.024698, -0.039247, 0.978589, 0.202046, -0.011800, -0.003630, -0.202340, 0.979309, 0.260886, 0.000000, 0.000000, 0.000000, 1.000000, -0.003525, -0.205054, 0.978744, 0.282917, -0.999223, -0.037700, -0.011497, -0.024699, 0.039257, -0.978024, -0.204762, 0.211149, 0.000000, 0.000000, 0.000000, 1.000000, -0.997301, 0.072179, -0.013430, 0.000394, -0.015780, -0.032087, 0.999360, -0.086456, 0.071702, 0.996875, 0.033140, 0.030353, 0.000000, 0.000000, 0.000000, 1.000000
-14.7585, 24.6936, -11.8064, 260.8450, 282.8766, -24.6947, 211.1563, 0.3944, -86.4738, 30.3443, 0.999222, 0.037728, 0.011484, 0.024694, -0.039271, 0.978634, 0.201825, -0.011806, -0.003624, -0.202119, 0.979354, 0.260845, 0.000000, 0.000000, 0.000000, 1.000000, -0.003520, -0.204833, 0.978791, 0.282877, -0.999222, -0.037728, -0.011488, -0.024695, 0.039281, -0.978069, -0.204541, 0.211156, 0.000000, 0.000000, 0.000000, 1.000000, -0.997301, 0.072184, -0.013424, 0.000394, -0.015774, -0.032087, 0.999361, -0.086474, 0.071707, 0.996875, 0.033139, 0.030344, 0.000000, 0.000000, 0.000000, 1.000000
-14.7508, 24.6907, -11.8111, 260.8179, 282.8496, -24.6918, 211.1611, 0.3949, -86.4853, 30.3384, 0.999221, 0.037746, 0.011478, 0.024691, -0.039286, 0.978664, 0.201679, -0.011811, -0.003621, -0.201973, 0.979384, 0.260818, 0.000000, 0.000000, 0.000000, 1.000000, -0.003516, -0.204687, 0.978821, 0.282850, -0.999221, -0.037745, -0.011482, -0.024692, 0.039296, -0.978100, -0.204395, 0.211161, 0.000000, 0.000000, 0.000000, 1.000000, -0.997301, 0.072187, -0.013421, 0.000395, -0.015771, -0.032086, 0.999361, -0.086485, 0.071710, 0.996875, 0.033138, 0.030338, 0.000000, 0.000000, 0.000000, 1.000000
-14.7394, 24.6865, -11.8182, 260.7778, 282.8094, -24.6876, 211.1682, 0.3956, -86.5024, 30.3297, 0.999221, 0.037772, 0.011469, 0.024686, -0.039309, 0.978708, 0.201461, -0.011818, -0.003615, -0.201754, 0.979429, 0.260778, 0.000000, 0.000000, 0.000000, 1.000000, -0.003510, -0.204469, 0.978867, 0.282809, -0.999221, -0.037771, -0.011473, -0.024688, 0.039319, -0.978144, -0.204177, 0.211168, 0.000000, 0.000000, 0.000000, 1.000000, -0.997301, 0.072192, -0.013415, 0.000396, -0.015765, -0.032086, 0.999361, -0.086502, 0.071715, 0.996875, 0.033137, 0.030330, 0.000000, 0.000000, 0.000000, 1.000000
-14.7318, 24.6837, -11.8227, 260.7512, 282.7829, -24.6848, 211.1728, 0.3960, -86.5138, 30.3239, 0.999220, 0.037790, 0.011463, 0.024684, -0.039324, 0.978737, 0.201316, -0.011823, -0.003612, -0.201610, 0.979459, 0.260751, 0.000000, 0.000000, 0.000000, 1.000000, -0.003507, -0.204324, 0.978897, 0.282783, -0.999220, -0.037789, -0.011467, -0.024685, 0.039334, -0.978174, -0.204032, 0.211173, 0.000000, 0.000000, 0.000000, 1.000000, -0.997300, 0.072195, -0.013411, 0.000396, -0.015762, -0.032085, 0.999361, -0.086514, 0.071718, 0.996874, 0.033137, 0.030324, 0.000000, 0.000000, 0.000000, 1.000000
-14.7204, 24.6794, -11.8290, 260.7116, 282.7433, -24.6805, 211.1792, 0.3967, -86.5306, 30.3153, 0.999219, 0.037816, 0.011454, 0.024679, -0.039348, 0.978780, 0.201102, -0.011829, -0.003606, -0.201395, 0.979503, 0.260712, 0.000000, 0.000000, 0.000000, 1.000000, -0.003501, -0.204110, 0.978942, 0.282743, -0.999219, -0.037815, -0.011458, -0.024681, 0.039358, -0.978217, -0.203818, 0.211179, 0.000000, 0.000000, 0.000000, 1.000000, -0.997300, 0.072199, -0.013406, 0.000397, -0.015756, -0.032085, 0.999361, -0.086531, 0.071723, 0.996874, 0.033136, 0.030315, 0.000000, 0.000000, 0.000000, 1.000000
-14.7129, 24.6765, -11.8328, 260.6854, 282.7171, -24.6776, 211.1831, 0.3972, -86.5418, 30.3096, 0.999218, 0.037834, 0.011448, 0.024677, -0.039364, 0.978808, 0.200960, -0.011833, -0.003603, -0.201253, 0.979533, 0.260685, 0.000000, 0.000000, 0.000000, 1.000000, -0.003498, -0.203967, 0.978971, 0.282717, -0.999218, -0.037833, -0.011453, -0.024678, 0.039373, -0.978246, -0.203676, 0.211183, 0.000000, 0.000000, 0.000000, 1.000000, -0.997300, 0.072202, -0.013402, 0.000397, -0.015753, -0.032084, 0.999361, -0.086542, 0.071726, 0.996874, 0.033135, 0.030310, 0.000000, 0.000000, 0.000000, 1.000000
-14.6978, 24.6706, -11.8390, 260.6338, 282.6655, -24.6717, 211.1895, 0.3983, -86.5639, 30.2984, 0.999217, 0.037871, 0.011437, 0.024671, -0.039396, 0.978864, 0.200679, -0.011839, -0.003595, -0.200973, 0.979590, 0.260634, 0.000000, 0.000000, 0.000000, 1.000000, -0.003490, -0.203687, 0.979030, 0.282666, -0.999217, -0.037870, -0.011441, -0.024672, 0.039406, -0.978303, -0.203396, 0.211190, 0.000000, 0.000000, 0.000000, 1.000000, -0.997300, 0.072209, -0.013395, 0.000398, -0.015746, -0.032083, 0.999361, -0.086564, 0.071733, 0.996873, 0.033134, 0.030298, 0.000000, 0.000000, 0.000000, 1.000000
-14.6903, 24.6675, -11.8415, 260.6086, 282.6403, -24.6687, 211.1921, 0.3989, -86.5747, 30.2929, 0.999217, 0.037889, 0.011431, 0.024668, -0.039413, 0.978892, 0.200543, -0.011841, -0.003592, -0.200836, 0.979618, 0.260609, 0.000000, 0.000000, 0.000000, 1.000000, -0.003487, -0.203550, 0.979058, 0.282640, -0.999217, -0.037888, -0.011436, -0.024669, 0.039423, -0.978331, -0.203259, 0.211192, 0.000000, 0.000000, 0.000000, 1.000000, -0.997299, 0.072212, -0.013391, 0.000399, -0.015742, -0.032083, 0.999361, -0.086575, 0.071736, 0.996873, 0.033133, 0.030293, 0.000000, 0.000000, 0.000000, 1.000000
-14.6829, 24.6644, -11.8434, 260.5837, 282.6154, -24.6656, 211.1941, 0.3995, -86.5853, 30.2874, 0.999216, 0.037908, 0.011426, 0.024664, -0.039430, 0.978919, 0.200407, -0.011843, -0.003588, -0.200701, 0.979646, 0.260584, 0.000000, 0.000000, 0.000000, 1.000000, -0.003483, -0.203415, 0.979086, 0.282615, -0.999216, -0.037908, -0.011430, -0.024666, 0.039440, -0.978358, -0.203123, 0.211194, 0.000000, 0.000000, 0.000000, 1.000000, -0.997299, 0.072215, -0.013388, 0.000399, -0.015739, -0.032082, 0.999361, -0.086585, 0.071739, 0.996873, 0.033132, 0.030287, 0.000000, 0.000000, 0.000000, 1.000000
-14.6755, 24.6612, -11.8447, 260.5588, 282.5906, -24.6624, 211.1956, 0.4001, -86.5960, 30.2820, 0.999215, 0.037928, 0.011420, 0.024661, -0.039448, 0.978946, 0.200273, -0.011845, -0.003584, -0.200566, 0.979674, 0.260559, 0.000000, 0.000000, 0.000000, 1.000000, -0.003479, -0.203280, 0.979114, 0.282591, -0.999215, -0.037927, -0.011425, -0.024662, 0.039458, -0.978386, -0.202989, 0.211196, 0.000000, 0.000000, 0.000000, 1.000000, -0.997299, 0.072218, -0.013384, 0.000400, -0.015735, -0.032082, 0.999361, -0.086596, 0.071742, 0.996873, 0.033131, 0.030282, 0.000000, 0.000000, 0.000000, 1.000000
-14.6680, 24.6579, -11.8455, 260.5342, 282.5660, -24.6591, 211.1965, 0.4008, -86.6066, 30.2766, 0.999214, 0.037948, 0.011415, 0.024658, -0.039466, 0.978972, 0.200139, -0.011846, -0.003580, -0.200432, 0.979701, 0.260534, 0.000000, 0.000000, 0.000000, 1.000000, -0.003475, -0.203146, 0.979142, 0.282566, -0.999214, -0.037948, -0.011419, -0.024659, 0.039476, -0.978413, -0.202855, 0.211197, 0.000000, 0.000000, 0.000000, 1.000000, -0.997299, 0.072221, -0.013381, 0.000401, -0.015731, -0.032081, 0.999361, -0.086607, 0.071745, 0.996873, 0.033131, 0.030277, 0.000000, 0.000000, 0.000000, 1.000000
-14.6605, 24.6545, -11.8458, 260.5097, 282.5415, -24.6557, 211.1969, 0.4015, -86.6172, 30.2712, 0.999214, 0.037969, 0.011410, 0.024655, -0.039485, 0.978999, 0.200006, -0.011846, -0.003576, -0.200299, 0.979728, 0.260510, 0.000000, 0.000000, 0.000000, 1.000000, -0.003471, -0.203013, 0.979170, 0.282541, -0.999214, -0.037969, -0.011414, -0.024656, 0.039495, -0.978440, -0.202722, 0.211197, 0.000000, 0.000000, 0.000000, 1.000000, -0.997299, 0.072224, -0.013377, 0.000402, -0.015728, -0.032081, 0.999362, -0.086617, 0.071748, 0.996872, 0.033130, 0.030271, 0.000000, 0.000000, 0.000000, 1.000000
-14.6529, 24.6510, -11.8455, 260.4854, 282.5171, -24.6522, 211.1967, 0.4023, -86.6278, 30.2659, 0.999213, 0.037991, 0.011405, 0.024651, -0.039505, 0.979025, 0.199874, -0.011845, -0.003572, -0.200167, 0.979755, 0.260485, 0.000000, 0.000000, 0.000000, 1.000000, -0.003467, -0.202881, 0.979197, 0.282517, -0.999213, -0.037990, -0.011409, -0.024652, 0.039514, -0.978466, -0.202589, 0.211197, 0.000000, 0.000000, 0.000000, 1.000000, -0.997299, 0.072227, -0.013373, 0.000402, -0.015724, -0.032080, 0.999362, -0.086628, 0.071752, 0.996872, 0.033129, 0.030266, 0.000000, 0.000000, 0.000000, 1.000000
-14.6453, 24.6475, -11.8446, 260.4612, 282.4929, -24.6486, 211.1960, 0.4031, -86.6383, 30.2605, 0.999212, 0.038013, 0.011400, 0.024647, -0.039525, 0.979051, 0.199742, -0.011845, -0.003568, -0.200035, 0.979782, 0.260461, 0.000000, 0.000000, 0.000000, 1.000000, -0.003463, -0.202749, 0.979225, 0.282493, -0.999212, -0.038012, -0.011404, -0.024649, 0.039535, -0.978493, -0.202458, 0.211196, 0.000000, 0.000000, 0.000000, 1.000000, -0.997298, 0.072230, -0.013369, 0.000403, -0.015721, -0.032079, 0.999362, -0.086638, 0.071755, 0.996872, 0.033128, 0.030261, 0.000000, 0.000000, 0.000000, 1.000000
-14.6338, 24.6418, -11.8424, 260.4248, 282.4566, -24.6430, 211.1940, 0.4044, -86.6541, 30.2525, 0.999211, 0.038048, 0.011392, 0.024642, -0.039557, 0.979090, 0.199545, -0.011842, -0.003562, -0.199838, 0.979822, 0.260425, 0.000000, 0.000000, 0.000000, 1.000000, -0.003456, -0.202551, 0.979266, 0.282457, -0.999211, -0.038047, -0.011396, -0.024643, 0.039566, -0.978532, -0.202260, 0.211194, 0.000000, 0.000000, 0.000000, 1.000000, -0.997298, 0.072234, -0.013364, 0.000404, -0.015715, -0.032078, 0.999362, -0.086654, 0.071760, 0.996872, 0.033127, 0.030252, 0.000000, 0.000000, 0.000000, 1.000000
-14.6261, 24.6380, -11.8403, 260.4007, 282.4324, -24.6391, 211.1921, 0.4053, -86.6646, 30.2471, 0.999210, 0.038072, 0.011387, 0.024638, -0.039578, 0.979116, 0.199413, -0.011840, -0.003557, -0.199706, 0.979849, 0.260401, 0.000000, 0.000000, 0.000000, 1.000000, -0.003452, -0.202419, 0.979293, 0.282432, -0.999210, -0.038071, -0.011391, -0.024639, 0.039588, -0.978559, -0.202128, 0.211192, 0.000000, 0.000000, 0.000000, 1.000000, -0.997298, 0.072237, -0.013360, 0.000405, -0.015711, -0.032078, 0.999362, -0.086665, 0.071763, 0.996871, 0.033126, 0.030247, 0.000000, 0.000000, 0.000000, 1.000000
-14.6105, 24.6300, -11.8349, 260.3526, 282.3843, -24.6311, 211.1869, 0.4073, -86.6857, 30.2364, 0.999208, 0.038121, 0.011377, 0.024630, -0.039624, 0.979167, 0.199152, -0.011835, -0.003549, -0.199445, 0.979903, 0.260353, 0.000000, 0.000000, 0.000000, 1.000000, -0.003443, -0.202157, 0.979347, 0.282384, -0.999208, -0.038120, -0.011382, -0.024631, 0.039634, -0.978611, -0.201866, 0.211187, 0.000000, 0.000000, 0.000000, 1.000000, -0.997298, 0.072244, -0.013352, 0.000407, -0.015704, -0.032076, 0.999362, -0.086686, 0.071769, 0.996871, 0.033124, 0.030236, 0.000000, 0.000000, 0.000000, 1.000000
-14.5989, 24.6239, -11.8298, 260.3172, 282.3489, -24.6250, 211.1821, 0.4088, -86.7012, 30.2286, 0.999207, 0.038158, 0.011370, 0.024624, -0.039659, 0.979205, 0.198959, -0.011830, -0.003542, -0.199252, 0.979942, 0.260317, 0.000000, 0.000000, 0.000000, 1.000000, -0.003436, -0.201964, 0.979387, 0.282349, -0.999207, -0.038158, -0.011375, -0.024625, 0.039668, -0.978649, -0.201673, 0.211182, 0.000000, 0.000000, 0.000000, 1.000000, -0.997297, 0.072248, -0.013347, 0.000409, -0.015698, -0.032075, 0.999362, -0.086701, 0.071774, 0.996871, 0.033123, 0.030229, 0.000000, 0.000000, 0.000000, 1.000000
-14.5912, 24.6198, -11.8261, 260.2941, 282.3258, -24.6209, 211.1786, 0.4098, -86.7113, 30.2234, 0.999206, 0.038184, 0.011366, 0.024620, -0.039682, 0.979230, 0.198833, -0.011826, -0.003538, -0.199126, 0.979967, 0.260294, 0.000000, 0.000000, 0.000000, 1.000000, -0.003432, -0.201838, 0.979413, 0.282326, -0.999206, -0.038183, -0.011370, -0.024621, 0.039692, -0.978674, -0.201547, 0.211179, 0.000000, 0.000000, 0.000000, 1.000000, -0.997297, 0.072251, -0.013343, 0.000410, -0.015694, -0.032075, 0.999362, -0.086711, 0.071777, 0.996871, 0.033122, 0.030223, 0.000000, 0.000000, 0.000000, 1.000000
-14.5875, 24.6177, -11.8242, 260.2827, 282.3144, -24.6189, 211.1767, 0.4103, -86.7164, 30.2209, 0.999206, 0.038196, 0.011364, 0.024618, -0.039694, 0.979242, 0.198771, -0.011824, -0.003535, -0.199064, 0.979980, 0.260283, 0.000000, 0.000000, 0.000000, 1.000000, -0.003430, -0.201776, 0.979426, 0.282314, -0.999206, -0.038195, -0.011368, -0.024619, 0.039703, -0.978687, -0.201485, 0.211177, 0.000000, 0.000000, 0.000000, 1.000000, -0.997297, 0.072253, -0.013341, 0.000410, -0.015692, -0.032074, 0.999362, -0.086716, 0.071779, 0.996870, 0.033121, 0.030221, 0.000000, 0.000000, 0.000000, 1.000000
-14.5799, 24.6136, -11.8202, 260.2601, 282.2918, -24.6148, 211.1729, 0.4114, -86.7263, 30.2158, 0.999205, 0.038221, 0.011359, 0.024614, -0.039717, 0.979266, 0.198648, -0.011820, -0.003531, -0.198941, 0.980005, 0.260260, 0.000000, 0.000000, 0.000000, 1.000000, -0.003425, -0.201653, 0.979451, 0.282292, -0.999205, -0.038220, -0.011363, -0.024615, 0.039727, -0.978711, -0.201361, 0.211173, 0.000000, 0.000000, 0.000000, 1.000000, -0.997297, 0.072256, -0.013337, 0.000411, -0.015688, -0.032074, 0.999362, -0.086726, 0.071782, 0.996870, 0.033120, 0.030216, 0.000000, 0.000000, 0.000000, 1.000000
-14.5725, 24.6095, -11.8160, 260.2378, 282.2694, -24.6107, 211.1689, 0.4124, -86.7361, 30.2108, 0.999204, 0.038247, 0.011355, 0.024610, -0.039740, 0.979289, 0.198527, -0.011816, -0.003527, -0.198820, 0.980030, 0.260238, 0.000000, 0.000000, 0.000000, 1.000000, -0.003421, -0.201531, 0.979476, 0.282269, -0.999204, -0.038246, -0.011359, -0.024611, 0.039750, -0.978735, -0.201239, 0.211169, 0.000000, 0.000000, 0.000000, 1.000000, -0.997297, 0.072259, -0.013333, 0.000412, -0.015685, -0.032073, 0.999362, -0.086736, 0.071785, 0.996870, 0.033120, 0.030211, 0.000000, 0.000000, 0.000000, 1.000000
-14.5614, 24.6034, -11.8095, 260.2047, 282.2363, -24.6045, 211.1626, 0.4140, -86.7508, 30.2034, 0.999202, 0.038285, 0.011348, 0.024603, -0.039776, 0.979325, 0.198346, -0.011809, -0.003520, -0.198639, 0.980066, 0.260205, 0.000000, 0.000000, 0.000000, 1.000000, -0.003414, -0.201350, 0.979513, 0.282236, -0.999202, -0.038284, -0.011353, -0.024604, 0.039785, -0.978771, -0.201058, 0.211163, 0.000000, 0.000000, 0.000000, 1.000000, -0.997297, 0.072263, -0.013328, 0.000414, -0.015679, -0.032072, 0.999363, -0.086751, 0.071790, 0.996870, 0.033118, 0.030203, 0.000000, 0.000000, 0.000000, 1.000000
-14.5577, 24.6013, -11.8072, 260.1938, 282.2253, -24.6024, 211.1605, 0.4145, -86.7556, 30.2009, 0.999202, 0.038297, 0.011346, 0.024601, -0.039787, 0.979336, 0.198287, -0.011807, -0.003518, -0.198580, 0.980078, 0.260194, 0.000000, 0.000000, 0.000000, 1.000000, -0.003412, -0.201290, 0.979526, 0.282225, -0.999202, -0.038296, -0.011351, -0.024602, 0.039797, -0.978783, -0.200999, 0.211160, 0.000000, 0.000000, 0.000000, 1.000000, -0.997296, 0.072265, -0.013326, 0.000415, -0.015677, -0.032071, 0.999363, -0.086756, 0.071791, 0.996870, 0.033118, 0.030201, 0.000000, 0.000000, 0.000000, 1.000000
-14.5467, 24.5951, -11.8004, 260.1611, 282.1926, -24.5962, 211.1539, 0.4161, -86.7700, 30.1936, 0.999201, 0.038335, 0.011340, 0.024595, -0.039823, 0.979371, 0.198109, -0.011800, -0.003512, -0.198402, 0.980114, 0.260161, 0.000000, 0.000000, 0.000000, 1.000000, -0.003406, -0.201111, 0.979562, 0.282193, -0.999201, -0.038334, -0.011344, -0.024596, 0.039832, -0.978818, -0.200820, 0.211154, 0.000000, 0.000000, 0.000000, 1.000000, -0.997296, 0.072269, -0.013320, 0.000416, -0.015672, -0.032070, 0.999363, -0.086770, 0.071796, 0.996869, 0.033116, 0.030194, 0.000000, 0.000000, 0.000000, 1.000000
-14.5430, 24.5930, -11.7981, 260.1502, 282.1818, -24.5942, 211.1518, 0.4167, -86.7748, 30.1912, 0.999200, 0.038348, 0.011338, 0.024593, -0.039835, 0.979382, 0.198049, -0.011798, -0.003509, -0.198343, 0.980126, 0.260150, 0.000000, 0.000000, 0.000000, 1.000000, -0.003404, -0.201052, 0.979575, 0.282182, -0.999200, -0.038347, -0.011342, -0.024594, 0.039844, -0.978830, -0.200760, 0.211152, 0.000000, 0.000000, 0.000000, 1.000000, -0.997296, 0.072270, -0.013319, 0.000417, -0.015670, -0.032070, 0.999363, -0.086775, 0.071797, 0.996869, 0.033116, 0.030191, 0.000000, 0.000000, 0.000000, 1.000000
-14.5247, 24.5827, -11.7867, 260.0960, 282.1275, -24.5838, 211.1408, 0.4194, -86.7988, 30.1790, 0.999198, 0.038411, 0.011328, 0.024583, -0.039894, 0.979440, 0.197754, -0.011787, -0.003499, -0.198047, 0.980186, 0.260096, 0.000000, 0.000000, 0.000000, 1.000000, -0.003393, -0.200755, 0.979636, 0.282127, -0.999198, -0.038410, -0.011332, -0.024584, 0.039903, -0.978888, -0.200464, 0.211141, 0.000000, 0.000000, 0.000000, 1.000000, -0.997296, 0.072278, -0.013309, 0.000419, -0.015661, -0.032068, 0.999363, -0.086799, 0.071805, 0.996869, 0.033113, 0.030179, 0.000000, 0.000000, 0.000000, 1.000000
-14.5174, 24.5786, -11.7822, 260.0742, 282.1057, -24.5797, 211.1365, 0.4204, -86.8084, 30.1741, 0.999197, 0.038437, 0.011324, 0.024579, -0.039917, 0.979463, 0.197635, -0.011782, -0.003495, -0.197928, 0.980210, 0.260074, 0.000000, 0.000000, 0.000000, 1.000000, -0.003389, -0.200636, 0.979660, 0.282106, -0.999197, -0.038436, -0.011328, -0.024580, 0.039927, -0.978912, -0.200345, 0.211137, 0.000000, 0.000000, 0.000000, 1.000000, -0.997296, 0.072281, -0.013306, 0.000420, -0.015657, -0.032067, 0.999363, -0.086808, 0.071808, 0.996869, 0.033112, 0.030174, 0.000000, 0.000000, 0.000000, 1.000000
-14.5100, 24.5744, -11.7778, 260.0524, 282.0839, -24.5756, 211.1323, 0.4215, -86.8181, 30.1692, 0.999196, 0.038462, 0.011320, 0.024574, -0.039941, 0.979486, 0.197516, -0.011778, -0.003490, -0.197809, 0.980234, 0.260052, 0.000000, 0.000000, 0.000000, 1.000000, -0.003384, -0.200516, 0.979685, 0.282084, -0.999196, -0.038461, -0.011324, -0.024576, 0.039951, -0.978935, -0.200225, 0.211132, 0.000000, 0.000000, 0.000000, 1.000000, -0.997295, 0.072284, -0.013302, 0.000422, -0.015654, -0.032067, 0.999363, -0.086818, 0.071811, 0.996869, 0.033111, 0.030169, 0.000000, 0.000000, 0.000000, 1.000000
-14.5027, 24.5703, -11.7734, 260.0305, 282.0620, -24.5715, 211.1281, 0.4226, -86.8277, 30.1643, 0.999195, 0.038488, 0.011315, 0.024570, -0.039965, 0.979509, 0.197397, -0.011773, -0.003486, -0.197690, 0.980258, 0.260031, 0.000000, 0.000000, 0.000000, 1.000000, -0.003380, -0.200397, 0.979709, 0.282062, -0.999195, -0.038487, -0.011320, -0.024571, 0.039974, -0.978959, -0.200105, 0.211128, 0.000000, 0.000000, 0.000000, 1.000000, -0.997295, 0.072286, -0.013298, 0.000423, -0.015650, -0.032066, 0.999363, -0.086828, 0.071814, 0.996868, 0.033110, 0.030164, 0.000000, 0.000000, 0.000000, 1.000000
-14.4953, 24.5662, -11.7691, 260.0085, 282.0399, -24.5673, 211.1240, 0.4236, -86.8374, 30.1593, 0.999194, 0.038513, 0.011311, 0.024566, -0.039988, 0.979532, 0.197276, -0.011769, -0.003482, -0.197570, 0.980283, 0.260008, 0.000000, 0.000000, 0.000000, 1.000000, -0.003376, -0.200276, 0.979734, 0.282040, -0.999194, -0.038512, -0.011316, -0.024567, 0.039998, -0.978982, -0.199984, 0.211124, 0.000000, 0.000000, 0.000000, 1.000000, -0.997295, 0.072289, -0.013295, 0.000424, -0.015646, -0.032065, 0.999363, -0.086837, 0.071817, 0.996868, 0.033110, 0.030159, 0.000000, 0.000000, 0.000000, 1.000000
-14.4878, 24.5621, -11.7650, 259.9863, 282.0177, -24.5632, 211.1201, 0.4247, -86.8472, 30.1543, 0.999193, 0.038538, 0.011307, 0.024562, -0.040012, 0.979555, 0.197155, -0.011765, -0.003478, -0.197449, 0.980307, 0.259986, 0.000000, 0.000000, 0.000000, 1.000000, -0.003372, -0.200154, 0.979759, 0.282018, -0.999193, -0.038538, -0.011311, -0.024563, 0.040022, -0.979006, -0.199863, 0.211120, 0.000000, 0.000000, 0.000000, 1.000000, -0.997295, 0.072292, -0.013291, 0.000425, -0.015643, -0.032064, 0.999363, -0.086847, 0.071820, 0.996868, 0.033109, 0.030154, 0.000000, 0.000000, 0.000000, 1.000000
-14.4804, 24.5579, -11.7609, 259.9639, 281.9953, -24.5591, 211.1162, 0.4258, -86.8571, 30.1493, 0.999192, 0.038564, 0.011303, 0.024558, -0.040036, 0.979579, 0.197033, -0.011761, -0.003474, -0.197326, 0.980332, 0.259964, 0.000000, 0.000000, 0.000000, 1.000000, -0.003368, -0.200032, 0.979784, 0.281995, -0.999192, -0.038563, -0.011307, -0.024559, 0.040045, -0.979030, -0.199740, 0.211116, 0.000000, 0.000000, 0.000000, 1.000000, -0.997295, 0.072295, -0.013287, 0.000426, -0.015639, -0.032064, 0.999363, -0.086857, 0.071823, 0.996868, 0.033108, 0.030149, 0.000000, 0.000000, 0.000000, 1.000000
-14.4728, 24.5538, -11.7569, 259.9413, 281.9727, -24.5549, 211.1125, 0.4268, -86.8671, 30.1442, 0.999191, 0.038590, 0.011299, 0.024554, -0.040060, 0.979603, 0.196909, -0.011757, -0.003470, -0.197203, 0.980357, 0.259941, 0.000000, 0.000000, 0.000000, 1.000000, -0.003363, -0.199908, 0.979809, 0.281973, -0.999191, -0.038589, -0.011303, -0.024555, 0.040069, -0.979055, -0.199616, 0.211113, 0.000000, 0.000000, 0.000000, 1.000000, -0.997295, 0.072298, -0.013283, 0.000427, -0.015635, -0.032063, 0.999364, -0.086867, 0.071826, 0.996868, 0.033107, 0.030144, 0.000000, 0.000000, 0.000000, 1.000000
-14.4652, 24.5496, -11.7531, 259.9184, 281.9497, -24.5507, 211.1089, 0.4279, -86.8772, 30.1391, 0.999190, 0.038615, 0.011294, 0.024550, -0.040084, 0.979627, 0.196784, -0.011753, -0.003465, -0.197078, 0.980382, 0.259918, 0.000000, 0.000000, 0.000000, 1.000000, -0.003359, -0.199782, 0.979835, 0.281950, -0.999190, -0.038614, -0.011299, -0.024551, 0.040093, -0.979079, -0.199491, 0.211109, 0.000000, 0.000000, 0.000000, 1.000000, -0.997294, 0.072301, -0.013280, 0.000428, -0.015632, -0.032062, 0.999364, -0.086877, 0.071830, 0.996867, 0.033106, 0.030139, 0.000000, 0.000000, 0.000000, 1.000000
-14.4576, 24.5455, -11.7494, 259.8953, 281.9267, -24.5466, 211.1054, 0.4289, -86.8873, 30.1339, 0.999189, 0.038641, 0.011290, 0.024545, -0.040107, 0.979651, 0.196659, -0.011749, -0.003461, -0.196952, 0.980407, 0.259895, 0.000000, 0.000000, 0.000000, 1.000000, -0.003355, -0.199656, 0.979860, 0.281927, -0.999189, -0.038640, -0.011294, -0.024547, 0.040117, -0.979104, -0.199364, 0.211105, 0.000000, 0.000000, 0.000000, 1.000000, -0.997294, 0.072304, -0.013276, 0.000429, -0.015628, -0.032061, 0.999364, -0.086887, 0.071833, 0.996867, 0.033105, 0.030134, 0.000000, 0.000000, 0.000000, 1.000000
-14.4537, 24.5434, -11.7476, 259.8838, 281.9151, -24.5445, 211.1037, 0.4295, -86.8924, 30.1313, 0.999189, 0.038654, 0.011288, 0.024543, -0.040119, 0.979664, 0.196595, -0.011748, -0.003459, -0.196889, 0.980420, 0.259884, 0.000000, 0.000000, 0.000000, 1.000000, -0.003353, -0.199592, 0.979873, 0.281915, -0.999189, -0.038653, -0.011292, -0.024545, 0.040129, -0.979116, -0.199301, 0.211104, 0.000000, 0.000000, 0.000000, 1.000000, -0.997294, 0.072306, -0.013274, 0.000429, -0.015626, -0.032061, 0.999364, -0.086892, 0.071834, 0.996867, 0.033104, 0.030131, 0.000000, 0.000000, 0.000000, 1.000000
-14.4383, 24.5350, -11.7406, 259.8367, 281.8680, -24.5362, 211.0972, 0.4316, -86.9131, 30.1207, 0.999187, 0.038705, 0.011279, 0.024535, -0.040167, 0.979713, 0.196339, -0.011741, -0.003451, -0.196632, 0.980471, 0.259837, 0.000000, 0.000000, 0.000000, 1.000000, -0.003344, -0.199334, 0.979926, 0.281868, -0.999187, -0.038705, -0.011283, -0.024536, 0.040177, -0.979167, -0.199043, 0.211097, 0.000000, 0.000000, 0.000000, 1.000000, -0.997294, 0.072312, -0.013266, 0.000432, -0.015618, -0.032060, 0.999364, -0.086913, 0.071841, 0.996867, 0.033102, 0.030121, 0.000000, 0.000000, 0.000000, 1.000000
-14.4266, 24.5288, -11.7357, 259.8013, 281.8326, -24.5300, 211.0927, 0.4331, -86.9286, 30.1128, 0.999186, 0.038744, 0.011272, 0.024529, -0.040203, 0.979750, 0.196145, -0.011736, -0.003445, -0.196439, 0.980510, 0.259801, 0.000000, 0.000000, 0.000000, 1.000000, -0.003338, -0.199140, 0.979965, 0.281833, -0.999186, -0.038743, -0.011277, -0.024530, 0.040212, -0.979205, -0.198849, 0.211093, 0.000000, 0.000000, 0.000000, 1.000000, -0.997294, 0.072317, -0.013260, 0.000433, -0.015613, -0.032059, 0.999364, -0.086929, 0.071846, 0.996866, 0.033101, 0.030113, 0.000000, 0.000000, 0.000000, 1.000000
