# Joint_6_Angle(deg), Cam_X(mm), Cam_Y(mm), Cam_Z(mm), Torso_X(mm), Torso_Y(mm), Torso_Z(mm), EE_X(mm), EE_Y(mm), EE_Z(mm), T_cam2marker_flat(16), T_torso2marker_flat(16), T_ee2marker_flat(16)
-19.9992, 36.5655, -2.0673, 219.4000, 241.4010, -36.5658, 202.0247, 18.9512, -101.6954, 19.5159, 0.935391, 0.079922, -0.344464, 0.036565, -0.091973, 0.995585, -0.018758, -0.002067, 0.341444, 0.049227, 0.938612, 0.219400, 0.000000, 0.000000, 0.000000, 1.000000, 0.341491, 0.048701, 0.938622, 0.241401, -0.935392, -0.079922, 0.344462, -0.036566, 0.091792, -0.995611, 0.018262, 0.202025, 0.000000, 0.000000, 0.000000, 1.000000, -0.996331, 0.085180, -0.008270, 0.018951, -0.008395, -0.001112, 0.999964, -0.101695, 0.085167, 0.996365, 0.001823, 0.019516, 0.000000, 0.000000, 0.000000, 1.000000
-19.9998, 36.5650, -2.0623, 219.4024, 241.4035, -36.5654, 202.0199, 18.9519, -101.6944, 19.5166, 0.935387, 0.079928, -0.344474, 0.036565, -0.091974, 0.995585, -0.018742, -0.002062, 0.341455, 0.049214, 0.938609, 0.219402, 0.000000, 0.000000, 0.000000, 1.000000, 0.341502, 0.048688, 0.938619, 0.241403, -0.935388, -0.079928, 0.344472, -0.036565, 0.091794, -0.995611, 0.018246, 0.202020, 0.000000, 0.000000, 0.000000, 1.000000, -0.996331, 0.085180, -0.008270, 0.018952, -0.008395, -0.001111, 0.999964, -0.101694, 0.085167, 0.996365, 0.001822, 0.019517, 0.000000, 0.000000, 0.000000, 1.000000
-20.0001, 36.5644, -2.0579, 219.4046, 241.4056, -36.5647, 202.0156, 18.9523, -101.6936, 19.5172, 0.935385, 0.079933, -0.344478, 0.036564, -0.091975, 0.995585, -0.018729, -0.002058, 0.341460, 0.049202, 0.938608, 0.219405, 0.000000, 0.000000, 0.000000, 1.000000, 0.341507, 0.048676, 0.938618, 0.241406, -0.935386, -0.079933, 0.344476, -0.036565, 0.091795, -0.995611, 0.018233, 0.202016, 0.000000, 0.000000, 0.000000, 1.000000, -0.996331, 0.085179, -0.008269, 0.018952, -0.008395, -0.001111, 0.999964, -0.101694, 0.085167, 0.996365, 0.001822, 0.019517, 0.000000, 0.000000, 0.000000, 1.000000
-20.0002, 36.5638, -2.0539, 219.4065, 241.4075, -36.5641, 202.0116, 18.9526, -101.6929, 19.5177, 0.935384, 0.079938, -0.344480, 0.036564, -0.091976, 0.995585, -0.018716, -0.002054, 0.341464, 0.049191, 0.938607, 0.219407, 0.000000, 0.000000, 0.000000, 1.000000, 0.341511, 0.048666, 0.938617, 0.241408, -0.935384, -0.079938, 0.344479, -0.036564, 0.091796, -0.995611, 0.018221, 0.202012, 0.000000, 0.000000, 0.000000, 1.000000, -0.996331, 0.085179, -0.008269, 0.018953, -0.008394, -0.001110, 0.999964, -0.101693, 0.085167, 0.996365, 0.001821, 0.019518, 0.000000, 0.000000, 0.000000, 1.000000
-19.9987, 36.5619, -2.0512, 219.4072, 241.4082, -36.5622, 202.0091, 18.9514, -101.6930, 19.5179, 0.935393, 0.079942, -0.344455, 0.036562, -0.091976, 0.995585, -0.018711, -0.002051, 0.341439, 0.049184, 0.938616, 0.219407, 0.000000, 0.000000, 0.000000, 1.000000, 0.341486, 0.048659, 0.938626, 0.241408, -0.935393, -0.079942, 0.344454, -0.036562, 0.091796, -0.995611, 0.018217, 0.202009, 0.000000, 0.000000, 0.000000, 1.000000, -0.996331, 0.085179, -0.008269, 0.018951, -0.008394, -0.001113, 0.999964, -0.101693, 0.085167, 0.996365, 0.001824, 0.019518, 0.000000, 0.000000, 0.000000, 1.000000
-19.9968, 36.5604, -2.0518, 219.4063, 241.4073, -36.5607, 202.0098, 18.9498, -101.6937, 19.5177, 0.935404, 0.079941, -0.344425, 0.036560, -0.091975, 0.995585, -0.018716, -0.002052, 0.341409, 0.049185, 0.938627, 0.219406, 0.000000, 0.000000, 0.000000, 1.000000, 0.341456, 0.048661, 0.938637, 0.241407, -0.935405, -0.079941, 0.344424, -0.036561, 0.091796, -0.995611, 0.018222, 0.202010, 0.000000, 0.000000, 0.000000, 1.000000, -0.996331, 0.085179, -0.008269, 0.018950, -0.008395, -0.001115, 0.999964, -0.101694, 0.085167, 0.996365, 0.001826, 0.019518, 0.000000, 0.000000, 0.000000, 1.000000
-19.9960, 36.5598, -2.0521, 219.4059, 241.4069, -36.5601, 202.0101, 18.9491, -101.6940, 19.5175, 0.935409, 0.079941, -0.344412, 0.036560, -0.091975, 0.995585, -0.018718, -0.002052, 0.341395, 0.049186, 0.938632, 0.219406, 0.000000, 0.000000, 0.000000, 1.000000, 0.341442, 0.048663, 0.938642, 0.241407, -0.935410, -0.079941, 0.344410, -0.036560, 0.091796, -0.995611, 0.018224, 0.202010, 0.000000, 0.000000, 0.000000, 1.000000, -0.996331, 0.085179, -0.008269, 0.018949, -0.008395, -0.001117, 0.999964, -0.101694, 0.085167, 0.996365, 0.001828, 0.019518, 0.000000, 0.000000, 0.000000, 1.000000
-19.9928, 36.5572, -2.0534, 219.4041, 241.4051, -36.5575, 202.0115, 18.9464, -101.6952, 19.5171, 0.935429, 0.079939, -0.344359, 0.036557, -0.091974, 0.995585, -0.018728, -0.002053, 0.341341, 0.049190, 0.938651, 0.219404, 0.000000, 0.000000, 0.000000, 1.000000, 0.341388, 0.048667, 0.938662, 0.241405, -0.935429, -0.079939, 0.344357, -0.036558, 0.091794, -0.995611, 0.018234, 0.202012, 0.000000, 0.000000, 0.000000, 1.000000, -0.996331, 0.085179, -0.008269, 0.018946, -0.008395, -0.001122, 0.999964, -0.101695, 0.085167, 0.996365, 0.001833, 0.019517, 0.000000, 0.000000, 0.000000, 1.000000
-19.9915, 36.5562, -2.0539, 219.4034, 241.4044, -36.5565, 202.0121, 18.9452, -101.6958, 19.5169, 0.935437, 0.079938, -0.344337, 0.036556, -0.091973, 0.995585, -0.018732, -0.002054, 0.341320, 0.049192, 0.938659, 0.219403, 0.000000, 0.000000, 0.000000, 1.000000, 0.341366, 0.048669, 0.938669, 0.241404, -0.935437, -0.079938, 0.344336, -0.036556, 0.091794, -0.995611, 0.018238, 0.202012, 0.000000, 0.000000, 0.000000, 1.000000, -0.996331, 0.085179, -0.008269, 0.018945, -0.008395, -0.001124, 0.999964, -0.101696, 0.085167, 0.996365, 0.001835, 0.019517, 0.000000, 0.000000, 0.000000, 1.000000
-19.9884, 36.5537, -2.0551, 219.4018, 241.4028, -36.5540, 202.0134, 18.9426, -101.6970, 19.5165, 0.935455, 0.079936, -0.344287, 0.036554, -0.091972, 0.995585, -0.018740, -0.002055, 0.341269, 0.049196, 0.938677, 0.219402, 0.000000, 0.000000, 0.000000, 1.000000, 0.341316, 0.048673, 0.938688, 0.241403, -0.935456, -0.079936, 0.344285, -0.036554, 0.091793, -0.995611, 0.018248, 0.202013, 0.000000, 0.000000, 0.000000, 1.000000, -0.996331, 0.085179, -0.008269, 0.018943, -0.008395, -0.001128, 0.999964, -0.101697, 0.085166, 0.996365, 0.001839, 0.019516, 0.000000, 0.000000, 0.000000, 1.000000
-19.9827, 36.5492, -2.0571, 219.3988, 241.3998, -36.5495, 202.0155, 18.9377, -101.6991, 19.5157, 0.935490, 0.079934, -0.344194, 0.036549, -0.091970, 0.995585, -0.018756, -0.002057, 0.341175, 0.049202, 0.938711, 0.219399, 0.000000, 0.000000, 0.000000, 1.000000, 0.341222, 0.048680, 0.938721, 0.241400, -0.935490, -0.079934, 0.344193, -0.036550, 0.091791, -0.995611, 0.018264, 0.202015, 0.000000, 0.000000, 0.000000, 1.000000, -0.996331, 0.085179, -0.008268, 0.018938, -0.008396, -0.001137, 0.999964, -0.101699, 0.085166, 0.996365, 0.001848, 0.019516, 0.000000, 0.000000, 0.000000, 1.000000
-19.9805, 36.5474, -2.0577, 219.3977, 241.3987, -36.5477, 202.0162, 18.9358, -101.6999, 19.5155, 0.935503, 0.079933, -0.344158, 0.036547, -0.091969, 0.995585, -0.018762, -0.002058, 0.341139, 0.049204, 0.938724, 0.219398, 0.000000, 0.000000, 0.000000, 1.000000, 0.341186, 0.048682, 0.938734, 0.241399, -0.935503, -0.079933, 0.344157, -0.036548, 0.091790, -0.995611, 0.018270, 0.202016, 0.000000, 0.000000, 0.000000, 1.000000, -0.996331, 0.085179, -0.008268, 0.018936, -0.008396, -0.001140, 0.999964, -0.101700, 0.085166, 0.996365, 0.001851, 0.019515, 0.000000, 0.000000, 0.000000, 1.000000
-19.9757, 36.5429, -2.0562, 219.3967, 241.3977, -36.5433, 202.0147, 18.9318, -101.7013, 19.5152, 0.935532, 0.079934, -0.344079, 0.036543, -0.091967, 0.995585, -0.018767, -0.002056, 0.341060, 0.049201, 0.938753, 0.219397, 0.000000, 0.000000, 0.000000, 1.000000, 0.341107, 0.048679, 0.938763, 0.241398, -0.935532, -0.079934, 0.344078, -0.036543, 0.091789, -0.995611, 0.018275, 0.202015, 0.000000, 0.000000, 0.000000, 1.000000, -0.996331, 0.085178, -0.008268, 0.018932, -0.008396, -0.001148, 0.999964, -0.101701, 0.085166, 0.996365, 0.001859, 0.019515, 0.000000, 0.000000, 0.000000, 1.000000
-19.9730, 36.5397, -2.0510, 219.3981, 241.3991, -36.5400, 202.0095, 18.9298, -101.7013, 19.5156, 0.935547, 0.079940, -0.344036, 0.036540, -0.091967, 0.995585, -0.018757, -0.002051, 0.341018, 0.049188, 0.938769, 0.219398, 0.000000, 0.000000, 0.000000, 1.000000, 0.341065, 0.048666, 0.938779, 0.241399, -0.935548, -0.079940, 0.344035, -0.036540, 0.091789, -0.995611, 0.018265, 0.202010, 0.000000, 0.000000, 0.000000, 1.000000, -0.996331, 0.085178, -0.008268, 0.018930, -0.008396, -0.001152, 0.999964, -0.101701, 0.085165, 0.996365, 0.001863, 0.019516, 0.000000, 0.000000, 0.000000, 1.000000
-19.9672, 36.5329, -2.0416, 219.4004, 241.4014, -36.5332, 202.0000, 18.9254, -101.7018, 19.5162, 0.935581, 0.079950, -0.343942, 0.036533, -0.091967, 0.995586, -0.018740, -0.002042, 0.340926, 0.049164, 0.938804, 0.219400, 0.000000, 0.000000, 0.000000, 1.000000, 0.340972, 0.048642, 0.938814, 0.241401, -0.935581, -0.079950, 0.343941, -0.036533, 0.091788, -0.995611, 0.018248, 0.202000, 0.000000, 0.000000, 0.000000, 1.000000, -0.996331, 0.085178, -0.008267, 0.018925, -0.008396, -0.001160, 0.999964, -0.101702, 0.085165, 0.996365, 0.001871, 0.019516, 0.000000, 0.000000, 0.000000, 1.000000
-19.9641, 36.5294, -2.0373, 219.4012, 241.4022, -36.5297, 201.9957, 18.9229, -101.7021, 19.5165, 0.935599, 0.079955, -0.343891, 0.036529, -0.091967, 0.995586, -0.018733, -0.002037, 0.340875, 0.049153, 0.938823, 0.219401, 0.000000, 0.000000, 0.000000, 1.000000, 0.340922, 0.048631, 0.938833, 0.241402, -0.935600, -0.079955, 0.343890, -0.036530, 0.091788, -0.995611, 0.018241, 0.201996, 0.000000, 0.000000, 0.000000, 1.000000, -0.996332, 0.085177, -0.008267, 0.018923, -0.008396, -0.001165, 0.999964, -0.101702, 0.085165, 0.996365, 0.001876, 0.019516, 0.000000, 0.000000, 0.000000, 1.000000
-19.9573, 36.5221, -2.0296, 219.4024, 241.4034, -36.5224, 201.9879, 18.9175, -101.7031, 19.5168, 0.935639, 0.079964, -0.343780, 0.036522, -0.091966, 0.995586, -0.018723, -0.002030, 0.340766, 0.049134, 0.938863, 0.219402, 0.000000, 0.000000, 0.000000, 1.000000, 0.340813, 0.048612, 0.938874, 0.241403, -0.935640, -0.079964, 0.343779, -0.036522, 0.091788, -0.995612, 0.018231, 0.201988, 0.000000, 0.000000, 0.000000, 1.000000, -0.996332, 0.085177, -0.008266, 0.018918, -0.008397, -0.001175, 0.999964, -0.101703, 0.085164, 0.996365, 0.001886, 0.019517, 0.000000, 0.000000, 0.000000, 1.000000
-19.9498, 36.5143, -2.0230, 219.4028, 241.4038, -36.5147, 201.9814, 18.9115, -101.7045, 19.5169, 0.935683, 0.079971, -0.343659, 0.036514, -0.091965, 0.995586, -0.018718, -0.002023, 0.340645, 0.049118, 0.938908, 0.219403, 0.000000, 0.000000, 0.000000, 1.000000, 0.340692, 0.048596, 0.938918, 0.241404, -0.935684, -0.079971, 0.343657, -0.036515, 0.091787, -0.995612, 0.018225, 0.201981, 0.000000, 0.000000, 0.000000, 1.000000, -0.996332, 0.085176, -0.008265, 0.018912, -0.008397, -0.001186, 0.999964, -0.101705, 0.085164, 0.996365, 0.001897, 0.019517, 0.000000, 0.000000, 0.000000, 1.000000
-19.9416, 36.5063, -2.0176, 219.4024, 241.4034, -36.5066, 201.9760, 18.9049, -101.7064, 19.5168, 0.935732, 0.079977, -0.343526, 0.036506, -0.091964, 0.995586, -0.018717, -0.002018, 0.340512, 0.049106, 0.938957, 0.219402, 0.000000, 0.000000, 0.000000, 1.000000, 0.340559, 0.048583, 0.938967, 0.241403, -0.935732, -0.079977, 0.343524, -0.036507, 0.091785, -0.995612, 0.018224, 0.201976, 0.000000, 0.000000, 0.000000, 1.000000, -0.996332, 0.085176, -0.008265, 0.018905, -0.008397, -0.001198, 0.999964, -0.101706, 0.085163, 0.996365, 0.001909, 0.019517, 0.000000, 0.000000, 0.000000, 1.000000
-19.9328, 36.4978, -2.0134, 219.4013, 241.4023, -36.4981, 201.9717, 18.8977, -101.7086, 19.5165, 0.935784, 0.079981, -0.343382, 0.036498, -0.091962, 0.995587, -0.018721, -0.002013, 0.340369, 0.049096, 0.939009, 0.219401, 0.000000, 0.000000, 0.000000, 1.000000, 0.340416, 0.048574, 0.939019, 0.241402, -0.935785, -0.079981, 0.343381, -0.036498, 0.091783, -0.995612, 0.018228, 0.201972, 0.000000, 0.000000, 0.000000, 1.000000, -0.996332, 0.085175, -0.008264, 0.018898, -0.008398, -0.001211, 0.999964, -0.101709, 0.085162, 0.996365, 0.001922, 0.019516, 0.000000, 0.000000, 0.000000, 1.000000
-19.9234, 36.4884, -2.0072, 219.4009, 241.4018, -36.4888, 201.9655, 18.8900, -101.7107, 19.5164, 0.935840, 0.079988, -0.343228, 0.036488, -0.091960, 0.995587, -0.018720, -0.002007, 0.340216, 0.049082, 0.939066, 0.219401, 0.000000, 0.000000, 0.000000, 1.000000, 0.340262, 0.048559, 0.939076, 0.241402, -0.935841, -0.079988, 0.343226, -0.036489, 0.091782, -0.995612, 0.018227, 0.201965, 0.000000, 0.000000, 0.000000, 1.000000, -0.996332, 0.085175, -0.008263, 0.018890, -0.008398, -0.001225, 0.999964, -0.101711, 0.085162, 0.996365, 0.001936, 0.019516, 0.000000, 0.000000, 0.000000, 1.000000
-19.9184, 36.4834, -2.0032, 219.4010, 241.4020, -36.4837, 201.9614, 18.8860, -101.7117, 19.5164, 0.935869, 0.079992, -0.343147, 0.036483, -0.091960, 0.995587, -0.018717, -0.002003, 0.340135, 0.049072, 0.939095, 0.219401, 0.000000, 0.000000, 0.000000, 1.000000, 0.340182, 0.048549, 0.939105, 0.241402, -0.935870, -0.079992, 0.343146, -0.036484, 0.091781, -0.995612, 0.018224, 0.201961, 0.000000, 0.000000, 0.000000, 1.000000, -0.996332, 0.085174, -0.008263, 0.018886, -0.008398, -0.001233, 0.999964, -0.101712, 0.085161, 0.996365, 0.001944, 0.019516, 0.000000, 0.000000, 0.000000, 1.000000
-19.9080, 36.4731, -1.9962, 219.4006, 241.4016, -36.4734, 201.9543, 18.8776, -101.7140, 19.5163, 0.935931, 0.080000, -0.342978, 0.036473, -0.091958, 0.995587, -0.018716, -0.001996, 0.339967, 0.049056, 0.939157, 0.219401, 0.000000, 0.000000, 0.000000, 1.000000, 0.340014, 0.048533, 0.939167, 0.241402, -0.935931, -0.080000, 0.342977, -0.036473, 0.091779, -0.995613, 0.018222, 0.201954, 0.000000, 0.000000, 0.000000, 1.000000, -0.996332, 0.085174, -0.008262, 0.018878, -0.008399, -0.001248, 0.999964, -0.101714, 0.085160, 0.996365, 0.001959, 0.019516, 0.000000, 0.000000, 0.000000, 1.000000
-19.9026, 36.4678, -1.9933, 219.4001, 241.4010, -36.4681, 201.9514, 18.8732, -101.7153, 19.5162, 0.935963, 0.080003, -0.342890, 0.036468, -0.091957, 0.995587, -0.018717, -0.001993, 0.339879, 0.049050, 0.939189, 0.219400, 0.000000, 0.000000, 0.000000, 1.000000, 0.339926, 0.048526, 0.939199, 0.241401, -0.935963, -0.080003, 0.342888, -0.036468, 0.091778, -0.995613, 0.018223, 0.201951, 0.000000, 0.000000, 0.000000, 1.000000, -0.996332, 0.085174, -0.008262, 0.018873, -0.008399, -0.001256, 0.999964, -0.101715, 0.085160, 0.996365, 0.001967, 0.019516, 0.000000, 0.000000, 0.000000, 1.000000
-19.8914, 36.4572, -1.9885, 219.3984, 241.3993, -36.4575, 201.9466, 18.8640, -101.7182, 19.5157, 0.936029, 0.080008, -0.342706, 0.036457, -0.091954, 0.995587, -0.018724, -0.001989, 0.339696, 0.049039, 0.939256, 0.219398, 0.000000, 0.000000, 0.000000, 1.000000, 0.339743, 0.048515, 0.939266, 0.241399, -0.936030, -0.080008, 0.342705, -0.036457, 0.091776, -0.995613, 0.018230, 0.201947, 0.000000, 0.000000, 0.000000, 1.000000, -0.996332, 0.085173, -0.008261, 0.018864, -0.008400, -0.001273, 0.999964, -0.101718, 0.085159, 0.996365, 0.001984, 0.019516, 0.000000, 0.000000, 0.000000, 1.000000
-19.8796, 36.4463, -1.9852, 219.3958, 241.3968, -36.4466, 201.9432, 18.8542, -101.7216, 19.5150, 0.936100, 0.080012, -0.342513, 0.036446, -0.091952, 0.995587, -0.018736, -0.001985, 0.339503, 0.049033, 0.939326, 0.219396, 0.000000, 0.000000, 0.000000, 1.000000, 0.339550, 0.048509, 0.939336, 0.241397, -0.936100, -0.080012, 0.342512, -0.036447, 0.091773, -0.995613, 0.018241, 0.201943, 0.000000, 0.000000, 0.000000, 1.000000, -0.996332, 0.085172, -0.008260, 0.018854, -0.008401, -0.001291, 0.999964, -0.101722, 0.085158, 0.996365, 0.002002, 0.019515, 0.000000, 0.000000, 0.000000, 1.000000
-19.8735, 36.4407, -1.9841, 219.3943, 241.3952, -36.4411, 201.9420, 18.8492, -101.7234, 19.5146, 0.936136, 0.080013, -0.342414, 0.036441, -0.091950, 0.995587, -0.018743, -0.001984, 0.339403, 0.049031, 0.939362, 0.219394, 0.000000, 0.000000, 0.000000, 1.000000, 0.339450, 0.048507, 0.939373, 0.241395, -0.936137, -0.080013, 0.342412, -0.036441, 0.091771, -0.995613, 0.018249, 0.201942, 0.000000, 0.000000, 0.000000, 1.000000, -0.996332, 0.085172, -0.008260, 0.018849, -0.008401, -0.001300, 0.999964, -0.101723, 0.085158, 0.996365, 0.002011, 0.019515, 0.000000, 0.000000, 0.000000, 1.000000
-19.8545, 36.4239, -1.9824, 219.3884, 241.3894, -36.4242, 201.9403, 18.8332, -101.7293, 19.5131, 0.936250, 0.080014, -0.342102, 0.036424, -0.091945, 0.995587, -0.018773, -0.001982, 0.339091, 0.049031, 0.939475, 0.219388, 0.000000, 0.000000, 0.000000, 1.000000, 0.339138, 0.048506, 0.939485, 0.241389, -0.936250, -0.080014, 0.342101, -0.036424, 0.091766, -0.995613, 0.018278, 0.201940, 0.000000, 0.000000, 0.000000, 1.000000, -0.996332, 0.085171, -0.008258, 0.018833, -0.008402, -0.001329, 0.999964, -0.101729, 0.085157, 0.996365, 0.002040, 0.019513, 0.000000, 0.000000, 0.000000, 1.000000
-19.8412, 36.4124, -1.9827, 219.3837, 241.3847, -36.4127, 201.9406, 18.8221, -101.7337, 19.5118, 0.936329, 0.080013, -0.341886, 0.036412, -0.091941, 0.995587, -0.018798, -0.001983, 0.338873, 0.049034, 0.939553, 0.219384, 0.000000, 0.000000, 0.000000, 1.000000, 0.338920, 0.048510, 0.939564, 0.241385, -0.936329, -0.080013, 0.341885, -0.036413, 0.091762, -0.995613, 0.018303, 0.201941, 0.000000, 0.000000, 0.000000, 1.000000, -0.996332, 0.085170, -0.008258, 0.018822, -0.008403, -0.001349, 0.999964, -0.101734, 0.085156, 0.996366, 0.002060, 0.019512, 0.000000, 0.000000, 0.000000, 1.000000
-19.8345, 36.4066, -1.9833, 219.3812, 241.3821, -36.4069, 201.9411, 18.8164, -101.7360, 19.5111, 0.936369, 0.080012, -0.341775, 0.036407, -0.091939, 0.995587, -0.018812, -0.001983, 0.338762, 0.049037, 0.939593, 0.219381, 0.000000, 0.000000, 0.000000, 1.000000, 0.338809, 0.048512, 0.939604, 0.241382, -0.936370, -0.080012, 0.341774, -0.036407, 0.091760, -0.995613, 0.018317, 0.201941, 0.000000, 0.000000, 0.000000, 1.000000, -0.996332, 0.085170, -0.008257, 0.018816, -0.008403, -0.001360, 0.999964, -0.101736, 0.085155, 0.996366, 0.002070, 0.019511, 0.000000, 0.000000, 0.000000, 1.000000
-19.8207, 36.3938, -1.9792, 219.3783, 241.3792, -36.3942, 201.9369, 18.8050, -101.7398, 19.5103, 0.936451, 0.080016, -0.341550, 0.036394, -0.091935, 0.995587, -0.018825, -0.001979, 0.338536, 0.049029, 0.939675, 0.219378, 0.000000, 0.000000, 0.000000, 1.000000, 0.338584, 0.048504, 0.939685, 0.241379, -0.936452, -0.080016, 0.341549, -0.036394, 0.091757, -0.995613, 0.018329, 0.201937, 0.000000, 0.000000, 0.000000, 1.000000, -0.996332, 0.085169, -0.008256, 0.018805, -0.008404, -0.001380, 0.999964, -0.101740, 0.085154, 0.996366, 0.002091, 0.019510, 0.000000, 0.000000, 0.000000, 1.000000
-19.8066, 36.3810, -1.9765, 219.3746, 241.3756, -36.3813, 201.9341, 18.7933, -101.7440, 19.5094, 0.936535, 0.080019, -0.341319, 0.036381, -0.091932, 0.995587, -0.018843, -0.001976, 0.338305, 0.049025, 0.939759, 0.219375, 0.000000, 0.000000, 0.000000, 1.000000, 0.338352, 0.048499, 0.939769, 0.241376, -0.936536, -0.080019, 0.341318, -0.036381, 0.091753, -0.995613, 0.018347, 0.201934, 0.000000, 0.000000, 0.000000, 1.000000, -0.996332, 0.085168, -0.008255, 0.018793, -0.008405, -0.001402, 0.999964, -0.101744, 0.085153, 0.996366, 0.002112, 0.019509, 0.000000, 0.000000, 0.000000, 1.000000
-19.7994, 36.3746, -1.9756, 219.3726, 241.3735, -36.3749, 201.9332, 18.7873, -101.7462, 19.5088, 0.936578, 0.080020, -0.341202, 0.036375, -0.091930, 0.995587, -0.018854, -0.001976, 0.338187, 0.049024, 0.939801, 0.219373, 0.000000, 0.000000, 0.000000, 1.000000, 0.338234, 0.048498, 0.939811, 0.241374, -0.936578, -0.080020, 0.341200, -0.036375, 0.091751, -0.995613, 0.018357, 0.201933, 0.000000, 0.000000, 0.000000, 1.000000, -0.996332, 0.085168, -0.008255, 0.018787, -0.008405, -0.001413, 0.999964, -0.101746, 0.085153, 0.996366, 0.002123, 0.019509, 0.000000, 0.000000, 0.000000, 1.000000
-19.7849, 36.3618, -1.9748, 219.3679, 241.3689, -36.3621, 201.9323, 18.7751, -101.7508, 19.5075, 0.936665, 0.080020, -0.340963, 0.036362, -0.091926, 0.995587, -0.018878, -0.001975, 0.337948, 0.049025, 0.939887, 0.219368, 0.000000, 0.000000, 0.000000, 1.000000, 0.337995, 0.048499, 0.939897, 0.241369, -0.936665, -0.080020, 0.340962, -0.036362, 0.091747, -0.995613, 0.018381, 0.201932, 0.000000, 0.000000, 0.000000, 1.000000, -0.996333, 0.085167, -0.008254, 0.018775, -0.008406, -0.001435, 0.999964, -0.101751, 0.085152, 0.996366, 0.002145, 0.019508, 0.000000, 0.000000, 0.000000, 1.000000
-19.7775, 36.3554, -1.9748, 219.3654, 241.3663, -36.3557, 201.9323, 18.7689, -101.7532, 19.5069, 0.936709, 0.080020, -0.340843, 0.036355, -0.091923, 0.995587, -0.018891, -0.001975, 0.337827, 0.049027, 0.939930, 0.219365, 0.000000, 0.000000, 0.000000, 1.000000, 0.337874, 0.048500, 0.939941, 0.241366, -0.936709, -0.080020, 0.340841, -0.036356, 0.091745, -0.995613, 0.018394, 0.201932, 0.000000, 0.000000, 0.000000, 1.000000, -0.996333, 0.085167, -0.008253, 0.018769, -0.008407, -0.001446, 0.999964, -0.101753, 0.085151, 0.996366, 0.002157, 0.019507, 0.000000, 0.000000, 0.000000, 1.000000
-19.7626, 36.3425, -1.9757, 219.3599, 241.3608, -36.3428, 201.9331, 18.7564, -101.7582, 19.5054, 0.936797, 0.080018, -0.340599, 0.036343, -0.091919, 0.995587, -0.018921, -0.001976, 0.337582, 0.049032, 0.940018, 0.219360, 0.000000, 0.000000, 0.000000, 1.000000, 0.337629, 0.048505, 0.940029, 0.241361, -0.936798, -0.080018, 0.340598, -0.036343, 0.091740, -0.995613, 0.018423, 0.201933, 0.000000, 0.000000, 0.000000, 1.000000, -0.996333, 0.085166, -0.008252, 0.018756, -0.008408, -0.001468, 0.999964, -0.101758, 0.085151, 0.996366, 0.002179, 0.019505, 0.000000, 0.000000, 0.000000, 1.000000
-19.7551, 36.3361, -1.9765, 219.3569, 241.3579, -36.3364, 201.9338, 18.7500, -101.7608, 19.5046, 0.936842, 0.080017, -0.340476, 0.036336, -0.091916, 0.995587, -0.018937, -0.001976, 0.337458, 0.049036, 0.940063, 0.219357, 0.000000, 0.000000, 0.000000, 1.000000, 0.337505, 0.048509, 0.940073, 0.241358, -0.936843, -0.080017, 0.340474, -0.036336, 0.091738, -0.995612, 0.018439, 0.201934, 0.000000, 0.000000, 0.000000, 1.000000, -0.996333, 0.085165, -0.008252, 0.018750, -0.008408, -0.001480, 0.999964, -0.101761, 0.085150, 0.996366, 0.002191, 0.019505, 0.000000, 0.000000, 0.000000, 1.000000
-19.7399, 36.3233, -1.9787, 219.3506, 241.3516, -36.3236, 201.9360, 18.7372, -101.7660, 19.5029, 0.936933, 0.080014, -0.340227, 0.036323, -0.091911, 0.995586, -0.018971, -0.001979, 0.337208, 0.049045, 0.940152, 0.219351, 0.000000, 0.000000, 0.000000, 1.000000, 0.337255, 0.048518, 0.940162, 0.241352, -0.936933, -0.080014, 0.340226, -0.036324, 0.091733, -0.995612, 0.018473, 0.201936, 0.000000, 0.000000, 0.000000, 1.000000, -0.996333, 0.085165, -0.008251, 0.018737, -0.008409, -0.001503, 0.999964, -0.101766, 0.085149, 0.996366, 0.002214, 0.019503, 0.000000, 0.000000, 0.000000, 1.000000
-19.7247, 36.3106, -1.9817, 219.3440, 241.3450, -36.3109, 201.9390, 18.7242, -101.7715, 19.5011, 0.937024, 0.080009, -0.339978, 0.036311, -0.091906, 0.995586, -0.019007, -0.001982, 0.336956, 0.049056, 0.940241, 0.219344, 0.000000, 0.000000, 0.000000, 1.000000, 0.337004, 0.048529, 0.940252, 0.241345, -0.937024, -0.080009, 0.339976, -0.036311, 0.091728, -0.995612, 0.018509, 0.201939, 0.000000, 0.000000, 0.000000, 1.000000, -0.996333, 0.085164, -0.008250, 0.018724, -0.008411, -0.001526, 0.999963, -0.101771, 0.085148, 0.996366, 0.002237, 0.019501, 0.000000, 0.000000, 0.000000, 1.000000
-19.7170, 36.3043, -1.9835, 219.3405, 241.3415, -36.3046, 201.9407, 18.7177, -101.7742, 19.5002, 0.937069, 0.080007, -0.339852, 0.036304, -0.091903, 0.995586, -0.019026, -0.001984, 0.336830, 0.049063, 0.940286, 0.219341, 0.000000, 0.000000, 0.000000, 1.000000, 0.336878, 0.048535, 0.940297, 0.241342, -0.937070, -0.080007, 0.339851, -0.036305, 0.091725, -0.995612, 0.018528, 0.201941, 0.000000, 0.000000, 0.000000, 1.000000, -0.996333, 0.085163, -0.008250, 0.018718, -0.008411, -0.001538, 0.999963, -0.101774, 0.085148, 0.996366, 0.002249, 0.019500, 0.000000, 0.000000, 0.000000, 1.000000
-19.7018, 36.2917, -1.9874, 219.3334, 241.3344, -36.2920, 201.9446, 18.7047, -101.7798, 19.4983, 0.937161, 0.080002, -0.339602, 0.036292, -0.091898, 0.995586, -0.019066, -0.001987, 0.336578, 0.049076, 0.940376, 0.219333, 0.000000, 0.000000, 0.000000, 1.000000, 0.336625, 0.048548, 0.940386, 0.241334, -0.937161, -0.080002, 0.339601, -0.036292, 0.091720, -0.995612, 0.018567, 0.201945, 0.000000, 0.000000, 0.000000, 1.000000, -0.996333, 0.085163, -0.008249, 0.018705, -0.008412, -0.001561, 0.999963, -0.101780, 0.085147, 0.996366, 0.002272, 0.019498, 0.000000, 0.000000, 0.000000, 1.000000
-19.6941, 36.2855, -1.9896, 219.3298, 241.3308, -36.2858, 201.9467, 18.6982, -101.7826, 19.4973, 0.937206, 0.079999, -0.339477, 0.036285, -0.091895, 0.995586, -0.019086, -0.001990, 0.336452, 0.049083, 0.940421, 0.219330, 0.000000, 0.000000, 0.000000, 1.000000, 0.336499, 0.048555, 0.940431, 0.241331, -0.937207, -0.079999, 0.339476, -0.036286, 0.091717, -0.995612, 0.018587, 0.201947, 0.000000, 0.000000, 0.000000, 1.000000, -0.996333, 0.085162, -0.008248, 0.018698, -0.008413, -0.001573, 0.999963, -0.101783, 0.085146, 0.996366, 0.002284, 0.019497, 0.000000, 0.000000, 0.000000, 1.000000
-19.6789, 36.2730, -1.9942, 219.3224, 241.3234, -36.2733, 201.9513, 18.6852, -101.7883, 19.4954, 0.937297, 0.079993, -0.339227, 0.036273, -0.091889, 0.995586, -0.019127, -0.001994, 0.336200, 0.049099, 0.940510, 0.219322, 0.000000, 0.000000, 0.000000, 1.000000, 0.336247, 0.048571, 0.940521, 0.241323, -0.937298, -0.079993, 0.339226, -0.036273, 0.091711, -0.995611, 0.018628, 0.201951, 0.000000, 0.000000, 0.000000, 1.000000, -0.996333, 0.085161, -0.008247, 0.018685, -0.008414, -0.001596, 0.999963, -0.101788, 0.085145, 0.996366, 0.002307, 0.019495, 0.000000, 0.000000, 0.000000, 1.000000
-19.6637, 36.2607, -1.9991, 219.3149, 241.3159, -36.2610, 201.9562, 18.6721, -101.7940, 19.4934, 0.937388, 0.079986, -0.338978, 0.036261, -0.091884, 0.995585, -0.019169, -0.001999, 0.335948, 0.049115, 0.940599, 0.219315, 0.000000, 0.000000, 0.000000, 1.000000, 0.335995, 0.048587, 0.940610, 0.241316, -0.937389, -0.079986, 0.338976, -0.036261, 0.091705, -0.995611, 0.018670, 0.201956, 0.000000, 0.000000, 0.000000, 1.000000, -0.996333, 0.085161, -0.008246, 0.018672, -0.008415, -0.001620, 0.999963, -0.101794, 0.085144, 0.996366, 0.002330, 0.019493, 0.000000, 0.000000, 0.000000, 1.000000
-19.6561, 36.2545, -2.0016, 219.3111, 241.3121, -36.2548, 201.9587, 18.6656, -101.7968, 19.4924, 0.937433, 0.079983, -0.338853, 0.036255, -0.091881, 0.995585, -0.019190, -0.002002, 0.335822, 0.049123, 0.940644, 0.219311, 0.000000, 0.000000, 0.000000, 1.000000, 0.335870, 0.048595, 0.940654, 0.241312, -0.937434, -0.079983, 0.338852, -0.036255, 0.091702, -0.995611, 0.018691, 0.201959, 0.000000, 0.000000, 0.000000, 1.000000, -0.996333, 0.085160, -0.008246, 0.018666, -0.008416, -0.001631, 0.999963, -0.101797, 0.085144, 0.996366, 0.002342, 0.019492, 0.000000, 0.000000, 0.000000, 1.000000
-19.6410, 36.2423, -2.0067, 219.3035, 241.3045, -36.2427, 201.9638, 18.6527, -101.8025, 19.4903, 0.937523, 0.079976, -0.338605, 0.036242, -0.091875, 0.995585, -0.019232, -0.002007, 0.335572, 0.049140, 0.940732, 0.219303, 0.000000, 0.000000, 0.000000, 1.000000, 0.335620, 0.048611, 0.940742, 0.241304, -0.937524, -0.079976, 0.338604, -0.036243, 0.091697, -0.995611, 0.018733, 0.201964, 0.000000, 0.000000, 0.000000, 1.000000, -0.996333, 0.085159, -0.008245, 0.018653, -0.008417, -0.001655, 0.999963, -0.101802, 0.085143, 0.996366, 0.002365, 0.019490, 0.000000, 0.000000, 0.000000, 1.000000
-19.6335, 36.2363, -2.0092, 219.2997, 241.3007, -36.2366, 201.9663, 18.6462, -101.8053, 19.4893, 0.937568, 0.079972, -0.338482, 0.036236, -0.091872, 0.995585, -0.019253, -0.002009, 0.335448, 0.049148, 0.940776, 0.219300, 0.000000, 0.000000, 0.000000, 1.000000, 0.335495, 0.048620, 0.940786, 0.241301, -0.937569, -0.079972, 0.338481, -0.036237, 0.091694, -0.995611, 0.018754, 0.201966, 0.000000, 0.000000, 0.000000, 1.000000, -0.996333, 0.085159, -0.008245, 0.018646, -0.008417, -0.001666, 0.999963, -0.101805, 0.085142, 0.996366, 0.002377, 0.019489, 0.000000, 0.000000, 0.000000, 1.000000
-19.6112, 36.2183, -2.0169, 219.2884, 241.2894, -36.2186, 201.9740, 18.6271, -101.8137, 19.4863, 0.937701, 0.079962, -0.338117, 0.036218, -0.091863, 0.995584, -0.019316, -0.002017, 0.335080, 0.049173, 0.940906, 0.219288, 0.000000, 0.000000, 0.000000, 1.000000, 0.335127, 0.048645, 0.940916, 0.241289, -0.937701, -0.079962, 0.338116, -0.036219, 0.091685, -0.995610, 0.018817, 0.201974, 0.000000, 0.000000, 0.000000, 1.000000, -0.996333, 0.085158, -0.008243, 0.018627, -0.008419, -0.001700, 0.999963, -0.101814, 0.085141, 0.996366, 0.002411, 0.019486, 0.000000, 0.000000, 0.000000, 1.000000
-19.6039, 36.2124, -2.0193, 219.2847, 241.2857, -36.2127, 201.9765, 18.6209, -101.8165, 19.4854, 0.937744, 0.079958, -0.337997, 0.036212, -0.091860, 0.995584, -0.019337, -0.002019, 0.334959, 0.049181, 0.940948, 0.219285, 0.000000, 0.000000, 0.000000, 1.000000, 0.335006, 0.048653, 0.940959, 0.241286, -0.937745, -0.079958, 0.337996, -0.036213, 0.091682, -0.995610, 0.018837, 0.201976, 0.000000, 0.000000, 0.000000, 1.000000, -0.996333, 0.085158, -0.008243, 0.018621, -0.008419, -0.001712, 0.999963, -0.101816, 0.085140, 0.996366, 0.002422, 0.019485, 0.000000, 0.000000, 0.000000, 1.000000
-19.5894, 36.2007, -2.0242, 219.2774, 241.2784, -36.2010, 201.9813, 18.6084, -101.8219, 19.4834, 0.937831, 0.079952, -0.337759, 0.036201, -0.091854, 0.995584, -0.019377, -0.002024, 0.334719, 0.049197, 0.941033, 0.219277, 0.000000, 0.000000, 0.000000, 1.000000, 0.334766, 0.048669, 0.941044, 0.241278, -0.937831, -0.079952, 0.337758, -0.036201, 0.091676, -0.995610, 0.018878, 0.201981, 0.000000, 0.000000, 0.000000, 1.000000, -0.996333, 0.085157, -0.008242, 0.018608, -0.008420, -0.001734, 0.999963, -0.101822, 0.085139, 0.996366, 0.002444, 0.019483, 0.000000, 0.000000, 0.000000, 1.000000
-19.5822, 36.1949, -2.0265, 219.2738, 241.2748, -36.1952, 201.9836, 18.6023, -101.8246, 19.4825, 0.937873, 0.079948, -0.337642, 0.036195, -0.091851, 0.995584, -0.019397, -0.002026, 0.334600, 0.049205, 0.941075, 0.219274, 0.000000, 0.000000, 0.000000, 1.000000, 0.334647, 0.048676, 0.941085, 0.241275, -0.937874, -0.079948, 0.337641, -0.036195, 0.091673, -0.995610, 0.018898, 0.201984, 0.000000, 0.000000, 0.000000, 1.000000, -0.996334, 0.085156, -0.008242, 0.018602, -0.008421, -0.001745, 0.999963, -0.101825, 0.085139, 0.996366, 0.002455, 0.019482, 0.000000, 0.000000, 0.000000, 1.000000
-19.5611, 36.1778, -2.0330, 219.2634, 241.2644, -36.1781, 201.9902, 18.5842, -101.8324, 19.4797, 0.937999, 0.079939, -0.337295, 0.036178, -0.091842, 0.995584, -0.019455, -0.002033, 0.334251, 0.049226, 0.941198, 0.219263, 0.000000, 0.000000, 0.000000, 1.000000, 0.334298, 0.048698, 0.941208, 0.241264, -0.937999, -0.079939, 0.337294, -0.036178, 0.091665, -0.995609, 0.018956, 0.201990, 0.000000, 0.000000, 0.000000, 1.000000, -0.996334, 0.085155, -0.008241, 0.018584, -0.008423, -0.001777, 0.999963, -0.101832, 0.085137, 0.996366, 0.002488, 0.019480, 0.000000, 0.000000, 0.000000, 1.000000
-19.5473, 36.1665, -2.0369, 219.2567, 241.2577, -36.1668, 201.9942, 18.5724, -101.8375, 19.4780, 0.938080, 0.079933, -0.337070, 0.036167, -0.091836, 0.995583, -0.019491, -0.002037, 0.334023, 0.049240, 0.941278, 0.219257, 0.000000, 0.000000, 0.000000, 1.000000, 0.334070, 0.048712, 0.941289, 0.241258, -0.938081, -0.079933, 0.337068, -0.036167, 0.091659, -0.995609, 0.018992, 0.201994, 0.000000, 0.000000, 0.000000, 1.000000, -0.996334, 0.085155, -0.008240, 0.018572, -0.008424, -0.001798, 0.999963, -0.101837, 0.085137, 0.996366, 0.002509, 0.019478, 0.000000, 0.000000, 0.000000, 1.000000
-19.5338, 36.1555, -2.0405, 219.2503, 241.2513, -36.1558, 201.9977, 18.5608, -101.8424, 19.4763, 0.938160, 0.079928, -0.336848, 0.036155, -0.091831, 0.995583, -0.019526, -0.002040, 0.333800, 0.049252, 0.941356, 0.219250, 0.000000, 0.000000, 0.000000, 1.000000, 0.333847, 0.048724, 0.941367, 0.241251, -0.938161, -0.079928, 0.336847, -0.036156, 0.091654, -0.995609, 0.019027, 0.201998, 0.000000, 0.000000, 0.000000, 1.000000, -0.996334, 0.085154, -0.008239, 0.018561, -0.008425, -0.001819, 0.999963, -0.101842, 0.085136, 0.996366, 0.002530, 0.019476, 0.000000, 0.000000, 0.000000, 1.000000
-19.5205, 36.1446, -2.0436, 219.2442, 241.2452, -36.1449, 202.0009, 18.5495, -101.8472, 19.4747, 0.938239, 0.079923, -0.336631, 0.036145, -0.091825, 0.995583, -0.019560, -0.002044, 0.333581, 0.049263, 0.941433, 0.219244, 0.000000, 0.000000, 0.000000, 1.000000, 0.333629, 0.048735, 0.941444, 0.241245, -0.938239, -0.079923, 0.336630, -0.036145, 0.091649, -0.995609, 0.019061, 0.202001, 0.000000, 0.000000, 0.000000, 1.000000, -0.996334, 0.085153, -0.008238, 0.018550, -0.008426, -0.001839, 0.999963, -0.101847, 0.085135, 0.996366, 0.002550, 0.019475, 0.000000, 0.000000, 0.000000, 1.000000
-19.4950, 36.1234, -2.0485, 219.2329, 241.2339, -36.1237, 202.0059, 18.5278, -101.8561, 19.4717, 0.938389, 0.079915, -0.336214, 0.036123, -0.091815, 0.995583, -0.019621, -0.002048, 0.333161, 0.049281, 0.941581, 0.219233, 0.000000, 0.000000, 0.000000, 1.000000, 0.333208, 0.048754, 0.941592, 0.241234, -0.938389, -0.079915, 0.336213, -0.036124, 0.091639, -0.995609, 0.019122, 0.202006, 0.000000, 0.000000, 0.000000, 1.000000, -0.996334, 0.085152, -0.008237, 0.018528, -0.008427, -0.001878, 0.999963, -0.101856, 0.085133, 0.996366, 0.002589, 0.019472, 0.000000, 0.000000, 0.000000, 1.000000
-19.4889, 36.1182, -2.0494, 219.2303, 241.2313, -36.1185, 202.0069, 18.5225, -101.8582, 19.4710, 0.938425, 0.079913, -0.336113, 0.036118, -0.091813, 0.995583, -0.019635, -0.002049, 0.333060, 0.049285, 0.941617, 0.219230, 0.000000, 0.000000, 0.000000, 1.000000, 0.333107, 0.048758, 0.941628, 0.241231, -0.938426, -0.079913, 0.336112, -0.036119, 0.091636, -0.995609, 0.019136, 0.202007, 0.000000, 0.000000, 0.000000, 1.000000, -0.996334, 0.085151, -0.008237, 0.018523, -0.008428, -0.001888, 0.999963, -0.101858, 0.085133, 0.996366, 0.002598, 0.019471, 0.000000, 0.000000, 0.000000, 1.000000
-19.4828, 36.1131, -2.0503, 219.2278, 241.2288, -36.1134, 202.0078, 18.5174, -101.8603, 19.4704, 0.938461, 0.079911, -0.336014, 0.036113, -0.091810, 0.995583, -0.019648, -0.002050, 0.332960, 0.049288, 0.941652, 0.219228, 0.000000, 0.000000, 0.000000, 1.000000, 0.333007, 0.048762, 0.941663, 0.241229, -0.938461, -0.079911, 0.336013, -0.036113, 0.091634, -0.995609, 0.019150, 0.202008, 0.000000, 0.000000, 0.000000, 1.000000, -0.996334, 0.085151, -0.008236, 0.018517, -0.008428, -0.001897, 0.999963, -0.101860, 0.085132, 0.996366, 0.002608, 0.019470, 0.000000, 0.000000, 0.000000, 1.000000
-19.4709, 36.1030, -2.0516, 219.2230, 241.2240, -36.1033, 202.0091, 18.5073, -101.8644, 19.4691, 0.938531, 0.079908, -0.335819, 0.036103, -0.091805, 0.995583, -0.019674, -0.002052, 0.332763, 0.049294, 0.941721, 0.219223, 0.000000, 0.000000, 0.000000, 1.000000, 0.332810, 0.048768, 0.941732, 0.241224, -0.938531, -0.079908, 0.335818, -0.036103, 0.091629, -0.995609, 0.019176, 0.202009, 0.000000, 0.000000, 0.000000, 1.000000, -0.996334, 0.085150, -0.008235, 0.018507, -0.008429, -0.001915, 0.999963, -0.101864, 0.085131, 0.996366, 0.002626, 0.019469, 0.000000, 0.000000, 0.000000, 1.000000
-19.4650, 36.0981, -2.0521, 219.2207, 241.2217, -36.0984, 202.0097, 18.5023, -101.8663, 19.4685, 0.938565, 0.079907, -0.335723, 0.036098, -0.091803, 0.995583, -0.019686, -0.002052, 0.332667, 0.049297, 0.941755, 0.219221, 0.000000, 0.000000, 0.000000, 1.000000, 0.332714, 0.048771, 0.941766, 0.241222, -0.938566, -0.079907, 0.335722, -0.036098, 0.091627, -0.995608, 0.019188, 0.202010, 0.000000, 0.000000, 0.000000, 1.000000, -0.996334, 0.085150, -0.008235, 0.018502, -0.008430, -0.001924, 0.999963, -0.101866, 0.085131, 0.996366, 0.002635, 0.019469, 0.000000, 0.000000, 0.000000, 1.000000
-19.4536, 36.0883, -2.0527, 219.2163, 241.2173, -36.0886, 202.0104, 18.4926, -101.8701, 19.4674, 0.938632, 0.079905, -0.335536, 0.036088, -0.091799, 0.995583, -0.019709, -0.002053, 0.332479, 0.049301, 0.941821, 0.219216, 0.000000, 0.000000, 0.000000, 1.000000, 0.332526, 0.048775, 0.941832, 0.241217, -0.938633, -0.079905, 0.335534, -0.036089, 0.091623, -0.995608, 0.019211, 0.202010, 0.000000, 0.000000, 0.000000, 1.000000, -0.996334, 0.085149, -0.008234, 0.018493, -0.008430, -0.001941, 0.999963, -0.101870, 0.085130, 0.996366, 0.002652, 0.019467, 0.000000, 0.000000, 0.000000, 1.000000
-19.4480, 36.0835, -2.0529, 219.2142, 241.2152, -36.0838, 202.0106, 18.4878, -101.8719, 19.4669, 0.938665, 0.079904, -0.335444, 0.036083, -0.091796, 0.995583, -0.019720, -0.002053, 0.332387, 0.049303, 0.941854, 0.219214, 0.000000, 0.000000, 0.000000, 1.000000, 0.332434, 0.048777, 0.941864, 0.241215, -0.938666, -0.079904, 0.335443, -0.036084, 0.091621, -0.995608, 0.019222, 0.202011, 0.000000, 0.000000, 0.000000, 1.000000, -0.996334, 0.085149, -0.008234, 0.018488, -0.008431, -0.001950, 0.999963, -0.101872, 0.085130, 0.996366, 0.002661, 0.019467, 0.000000, 0.000000, 0.000000, 1.000000
-19.4370, 36.0739, -2.0529, 219.2103, 241.2113, -36.0743, 202.0107, 18.4785, -101.8754, 19.4658, 0.938730, 0.079903, -0.335264, 0.036074, -0.091792, 0.995583, -0.019740, -0.002053, 0.332206, 0.049305, 0.941917, 0.219210, 0.000000, 0.000000, 0.000000, 1.000000, 0.332253, 0.048780, 0.941928, 0.241211, -0.938730, -0.079903, 0.335263, -0.036074, 0.091617, -0.995608, 0.019243, 0.202011, 0.000000, 0.000000, 0.000000, 1.000000, -0.996334, 0.085148, -0.008233, 0.018479, -0.008431, -0.001967, 0.999963, -0.101875, 0.085129, 0.996366, 0.002677, 0.019466, 0.000000, 0.000000, 0.000000, 1.000000
-19.4316, 36.0692, -2.0528, 219.2084, 241.2094, -36.0696, 202.0106, 18.4740, -101.8772, 19.4654, 0.938761, 0.079902, -0.335176, 0.036069, -0.091790, 0.995583, -0.019749, -0.002053, 0.332117, 0.049306, 0.941949, 0.219208, 0.000000, 0.000000, 0.000000, 1.000000, 0.332164, 0.048781, 0.941959, 0.241209, -0.938762, -0.079903, 0.335174, -0.036070, 0.091615, -0.995608, 0.019253, 0.202011, 0.000000, 0.000000, 0.000000, 1.000000, -0.996334, 0.085148, -0.008233, 0.018474, -0.008432, -0.001975, 0.999963, -0.101877, 0.085128, 0.996366, 0.002686, 0.019465, 0.000000, 0.000000, 0.000000, 1.000000
-19.4107, 36.0509, -2.0513, 219.2017, 241.2027, -36.0512, 202.0094, 18.4564, -101.8836, 19.4636, 0.938883, 0.079902, -0.334835, 0.036051, -0.091782, 0.995583, -0.019783, -0.002051, 0.331775, 0.049306, 0.942069, 0.219202, 0.000000, 0.000000, 0.000000, 1.000000, 0.331822, 0.048782, 0.942080, 0.241203, -0.938884, -0.079902, 0.334833, -0.036051, 0.091608, -0.995608, 0.019287, 0.202009, 0.000000, 0.000000, 0.000000, 1.000000, -0.996334, 0.085147, -0.008232, 0.018456, -0.008433, -0.002007, 0.999962, -0.101884, 0.085127, 0.996366, 0.002717, 0.019464, 0.000000, 0.000000, 0.000000, 1.000000
-19.4008, 36.0421, -2.0501, 219.1987, 241.1997, -36.0424, 202.0082, 18.4481, -101.8866, 19.4628, 0.938941, 0.079902, -0.334672, 0.036042, -0.091779, 0.995583, -0.019798, -0.002050, 0.331611, 0.049305, 0.942127, 0.219199, 0.000000, 0.000000, 0.000000, 1.000000, 0.331658, 0.048781, 0.942138, 0.241200, -0.938942, -0.079902, 0.334670, -0.036042, 0.091604, -0.995608, 0.019303, 0.202008, 0.000000, 0.000000, 0.000000, 1.000000, -0.996334, 0.085146, -0.008231, 0.018448, -0.008434, -0.002022, 0.999962, -0.101887, 0.085126, 0.996366, 0.002732, 0.019463, 0.000000, 0.000000, 0.000000, 1.000000
-19.3959, 36.0372, -2.0464, 219.1987, 241.1997, -36.0375, 202.0046, 18.4441, -101.8876, 19.4629, 0.938969, 0.079906, -0.334592, 0.036037, -0.091778, 0.995583, -0.019796, -0.002046, 0.331533, 0.049296, 0.942155, 0.219199, 0.000000, 0.000000, 0.000000, 1.000000, 0.331579, 0.048773, 0.942166, 0.241200, -0.938970, -0.079906, 0.334591, -0.036038, 0.091603, -0.995609, 0.019301, 0.202005, 0.000000, 0.000000, 0.000000, 1.000000, -0.996335, 0.085146, -0.008231, 0.018444, -0.008434, -0.002029, 0.999962, -0.101888, 0.085126, 0.996366, 0.002740, 0.019463, 0.000000, 0.000000, 0.000000, 1.000000
