# Joint_5_Angle(deg), Cam_X(mm), Cam_Y(mm), Cam_Z(mm), Torso_X(mm), Torso_Y(mm), Torso_Z(mm), EE_X(mm), EE_Y(mm), EE_Z(mm), T_cam2marker_flat(16), T_torso2marker_flat(16), T_ee2marker_flat(16)
-24.9996, 66.0035, -2.3266, 255.2034, 277.2045, -66.0040, 202.2528, 47.9360, 93.6058, 5.6858, 0.889953, -0.454752, -0.034407, 0.066004, 0.453755, 0.875389, 0.166734, -0.002327, -0.045703, -0.163998, 0.985401, 0.255203, 0.000000, 0.000000, 0.000000, 1.000000, -0.045967, -0.164503, 0.985305, 0.277205, -0.889953, 0.454752, 0.034405, -0.066004, -0.453729, -0.875294, -0.167303, 0.202253, 0.000000, 0.000000, 0.000000, 1.000000, 0.994481, -0.066045, 0.081525, 0.047936, 0.083071, 0.021012, -0.996322, 0.093606, 0.064089, 0.997595, 0.026383, 0.005686, 0.000000, 0.000000, 0.000000, 1.000000
-25.0000, 66.0032, -2.3364, 255.1994, 277.2006, -66.0037, 202.2628, 47.9354, 93.6071, 5.6851, 0.889955, -0.454749, -0.034406, 0.066003, 0.453754, 0.875394, 0.166713, -0.002336, -0.045693, -0.163979, 0.985405, 0.255199, 0.000000, 0.000000, 0.000000, 1.000000, -0.045957, -0.164483, 0.985309, 0.277201, -0.889955, 0.454749, 0.034404, -0.066004, -0.453727, -0.875299, -0.167281, 0.202263, 0.000000, 0.000000, 0.000000, 1.000000, 0.994481, -0.066045, 0.081525, 0.047935, 0.083072, 0.021012, -0.996322, 0.093607, 0.064089, 0.997595, 0.026383, 0.005685, 0.000000, 0.000000, 0.000000, 1.000000
-25.0004, 66.0025, -2.3480, 255.1948, 277.1960, -66.0030, 202.2746, 47.9346, 93.6086, 5.6844, 0.889957, -0.454745, -0.034405, 0.066003, 0.453750, 0.875400, 0.166688, -0.002348, -0.045682, -0.163956, 0.985409, 0.255195, 0.000000, 0.000000, 0.000000, 1.000000, -0.045945, -0.164459, 0.985313, 0.277196, -0.889957, 0.454745, 0.034403, -0.066003, -0.453724, -0.875306, -0.167255, 0.202275, 0.000000, 0.000000, 0.000000, 1.000000, 0.994481, -0.066045, 0.081526, 0.047935, 0.083072, 0.021012, -0.996322, 0.093609, 0.064089, 0.997595, 0.026383, 0.005684, 0.000000, 0.000000, 0.000000, 1.000000
-25.0006, 66.0021, -2.3541, 255.1923, 277.1935, -66.0026, 202.2809, 47.9341, 93.6094, 5.6840, 0.889959, -0.454742, -0.034405, 0.066002, 0.453748, 0.875404, 0.166674, -0.002354, -0.045676, -0.163944, 0.985412, 0.255192, 0.000000, 0.000000, 0.000000, 1.000000, -0.045938, -0.164446, 0.985316, 0.277193, -0.889959, 0.454742, 0.034403, -0.066003, -0.453722, -0.875310, -0.167241, 0.202281, 0.000000, 0.000000, 0.000000, 1.000000, 0.994481, -0.066045, 0.081526, 0.047934, 0.083072, 0.021013, -0.996322, 0.093609, 0.064089, 0.997595, 0.026383, 0.005684, 0.000000, 0.000000, 0.000000, 1.000000
-25.0007, 66.0010, -2.3636, 255.1885, 277.1897, -66.0015, 202.2906, 47.9333, 93.6107, 5.6835, 0.889962, -0.454735, -0.034403, 0.066001, 0.453743, 0.875411, 0.166653, -0.002364, -0.045666, -0.163926, 0.985415, 0.255188, 0.000000, 0.000000, 0.000000, 1.000000, -0.045928, -0.164427, 0.985319, 0.277190, -0.889962, 0.454736, 0.034401, -0.066002, -0.453716, -0.875317, -0.167219, 0.202291, 0.000000, 0.000000, 0.000000, 1.000000, 0.994481, -0.066045, 0.081526, 0.047933, 0.083072, 0.021013, -0.996322, 0.093611, 0.064089, 0.997595, 0.026383, 0.005684, 0.000000, 0.000000, 0.000000, 1.000000
-25.0005, 65.9992, -2.3734, 255.1846, 277.1858, -65.9997, 202.3006, 47.9322, 93.6119, 5.6832, 0.889968, -0.454724, -0.034402, 0.065999, 0.453733, 0.875420, 0.166632, -0.002373, -0.045656, -0.163907, 0.985419, 0.255185, 0.000000, 0.000000, 0.000000, 1.000000, -0.045918, -0.164407, 0.985323, 0.277186, -0.889967, 0.454725, 0.034400, -0.066000, -0.453706, -0.875326, -0.167197, 0.202301, 0.000000, 0.000000, 0.000000, 1.000000, 0.994481, -0.066045, 0.081526, 0.047932, 0.083072, 0.021013, -0.996322, 0.093612, 0.064088, 0.997595, 0.026383, 0.005683, 0.000000, 0.000000, 0.000000, 1.000000
-25.0001, 65.9972, -2.3800, 255.1819, 277.1831, -65.9977, 202.3074, 47.9313, 93.6127, 5.6832, 0.889973, -0.454713, -0.034400, 0.065997, 0.453722, 0.875428, 0.166618, -0.002380, -0.045648, -0.163894, 0.985421, 0.255182, 0.000000, 0.000000, 0.000000, 1.000000, -0.045910, -0.164394, 0.985326, 0.277183, -0.889973, 0.454713, 0.034398, -0.065998, -0.453696, -0.875334, -0.167182, 0.202307, 0.000000, 0.000000, 0.000000, 1.000000, 0.994481, -0.066044, 0.081526, 0.047931, 0.083072, 0.021013, -0.996322, 0.093613, 0.064088, 0.997595, 0.026384, 0.005683, 0.000000, 0.000000, 0.000000, 1.000000
-24.9995, 65.9945, -2.3868, 255.1793, 277.1804, -65.9950, 202.3143, 47.9301, 93.6134, 5.6833, 0.889981, -0.454698, -0.034398, 0.065995, 0.453707, 0.875439, 0.166604, -0.002387, -0.045641, -0.163881, 0.985424, 0.255179, 0.000000, 0.000000, 0.000000, 1.000000, -0.045902, -0.164380, 0.985328, 0.277180, -0.889981, 0.454698, 0.034396, -0.065995, -0.453681, -0.875345, -0.167167, 0.202314, 0.000000, 0.000000, 0.000000, 1.000000, 0.994481, -0.066044, 0.081526, 0.047930, 0.083072, 0.021014, -0.996322, 0.093613, 0.064088, 0.997595, 0.026384, 0.005683, 0.000000, 0.000000, 0.000000, 1.000000
-24.9978, 65.9888, -2.3971, 255.1752, 277.1764, -65.9894, 202.3249, 47.9277, 93.6145, 5.6839, 0.889998, -0.454666, -0.034395, 0.065989, 0.453676, 0.875459, 0.166582, -0.002397, -0.045628, -0.163861, 0.985428, 0.255175, 0.000000, 0.000000, 0.000000, 1.000000, -0.045889, -0.164360, 0.985332, 0.277176, -0.889998, 0.454666, 0.034393, -0.065989, -0.453650, -0.875365, -0.167144, 0.202325, 0.000000, 0.000000, 0.000000, 1.000000, 0.994481, -0.066044, 0.081525, 0.047928, 0.083072, 0.021015, -0.996322, 0.093615, 0.064088, 0.997595, 0.026385, 0.005684, 0.000000, 0.000000, 0.000000, 1.000000
-24.9962, 65.9837, -2.4041, 255.1725, 277.1737, -65.9843, 202.3321, 47.9256, 93.6152, 5.6846, 0.890012, -0.454637, -0.034392, 0.065984, 0.453648, 0.875476, 0.166567, -0.002404, -0.045619, -0.163848, 0.985430, 0.255173, 0.000000, 0.000000, 0.000000, 1.000000, -0.045879, -0.164346, 0.985335, 0.277174, -0.890012, 0.454638, 0.034389, -0.065984, -0.453622, -0.875383, -0.167128, 0.202332, 0.000000, 0.000000, 0.000000, 1.000000, 0.994481, -0.066044, 0.081525, 0.047926, 0.083071, 0.021015, -0.996322, 0.093615, 0.064088, 0.997595, 0.026386, 0.005685, 0.000000, 0.000000, 0.000000, 1.000000
-24.9953, 65.9808, -2.4077, 255.1712, 277.1724, -65.9813, 202.3358, 47.9245, 93.6156, 5.6851, 0.890021, -0.454621, -0.034390, 0.065981, 0.453632, 0.875486, 0.166559, -0.002408, -0.045614, -0.163842, 0.985432, 0.255171, 0.000000, 0.000000, 0.000000, 1.000000, -0.045874, -0.164339, 0.985337, 0.277172, -0.890021, 0.454621, 0.034388, -0.065981, -0.453606, -0.875393, -0.167121, 0.202336, 0.000000, 0.000000, 0.000000, 1.000000, 0.994481, -0.066044, 0.081525, 0.047924, 0.083071, 0.021016, -0.996322, 0.093616, 0.064088, 0.997595, 0.026386, 0.005685, 0.000000, 0.000000, 0.000000, 1.000000
-24.9930, 65.9738, -2.4150, 255.1684, 277.1696, -65.9743, 202.3433, 47.9218, 93.6162, 5.6863, 0.890041, -0.454582, -0.034386, 0.065974, 0.453594, 0.875509, 0.166544, -0.002415, -0.045603, -0.163828, 0.985434, 0.255168, 0.000000, 0.000000, 0.000000, 1.000000, -0.045863, -0.164325, 0.985339, 0.277170, -0.890041, 0.454582, 0.034384, -0.065974, -0.453568, -0.875415, -0.167105, 0.202343, 0.000000, 0.000000, 0.000000, 1.000000, 0.994481, -0.066044, 0.081524, 0.047922, 0.083071, 0.021017, -0.996322, 0.093616, 0.064088, 0.997595, 0.026387, 0.005686, 0.000000, 0.000000, 0.000000, 1.000000
-24.9901, 65.9654, -2.4225, 255.1656, 277.1668, -65.9660, 202.3510, 47.9187, 93.6168, 5.6878, 0.890065, -0.454535, -0.034381, 0.065965, 0.453548, 0.875536, 0.166529, -0.002423, -0.045591, -0.163815, 0.985437, 0.255166, 0.000000, 0.000000, 0.000000, 1.000000, -0.045851, -0.164311, 0.985342, 0.277167, -0.890065, 0.454535, 0.034379, -0.065966, -0.453522, -0.875442, -0.167088, 0.202351, 0.000000, 0.000000, 0.000000, 1.000000, 0.994481, -0.066044, 0.081523, 0.047919, 0.083070, 0.021018, -0.996322, 0.093617, 0.064087, 0.997595, 0.026388, 0.005688, 0.000000, 0.000000, 0.000000, 1.000000
-24.9884, 65.9607, -2.4264, 255.1642, 277.1654, -65.9612, 202.3550, 47.9169, 93.6171, 5.6886, 0.890079, -0.454508, -0.034378, 0.065961, 0.453521, 0.875551, 0.166521, -0.002426, -0.045585, -0.163808, 0.985439, 0.255164, 0.000000, 0.000000, 0.000000, 1.000000, -0.045844, -0.164304, 0.985344, 0.277165, -0.890079, 0.454509, 0.034376, -0.065961, -0.453495, -0.875458, -0.167080, 0.202355, 0.000000, 0.000000, 0.000000, 1.000000, 0.994481, -0.066044, 0.081523, 0.047917, 0.083070, 0.021019, -0.996322, 0.093617, 0.064087, 0.997595, 0.026389, 0.005689, 0.000000, 0.000000, 0.000000, 1.000000
-24.9847, 65.9499, -2.4344, 255.1613, 277.1625, -65.9504, 202.3632, 47.9129, 93.6176, 5.6907, 0.890110, -0.454448, -0.034372, 0.065950, 0.453462, 0.875585, 0.166504, -0.002434, -0.045572, -0.163794, 0.985441, 0.255161, 0.000000, 0.000000, 0.000000, 1.000000, -0.045831, -0.164289, 0.985347, 0.277163, -0.890110, 0.454449, 0.034370, -0.065950, -0.453436, -0.875492, -0.167063, 0.202363, 0.000000, 0.000000, 0.000000, 1.000000, 0.994481, -0.066043, 0.081522, 0.047913, 0.083069, 0.021020, -0.996322, 0.093618, 0.064087, 0.997595, 0.026390, 0.005691, 0.000000, 0.000000, 0.000000, 1.000000
-24.9825, 65.9439, -2.4385, 255.1598, 277.1610, -65.9444, 202.3675, 47.9107, 93.6179, 5.6919, 0.890127, -0.454415, -0.034369, 0.065944, 0.453429, 0.875603, 0.166496, -0.002439, -0.045565, -0.163786, 0.985443, 0.255160, 0.000000, 0.000000, 0.000000, 1.000000, -0.045823, -0.164281, 0.985349, 0.277161, -0.890127, 0.454415, 0.034367, -0.065944, -0.453403, -0.875510, -0.167054, 0.202367, 0.000000, 0.000000, 0.000000, 1.000000, 0.994481, -0.066043, 0.081521, 0.047911, 0.083068, 0.021021, -0.996322, 0.093618, 0.064087, 0.997595, 0.026391, 0.005692, 0.000000, 0.000000, 0.000000, 1.000000
-24.9778, 65.9305, -2.4471, 255.1568, 277.1580, -65.9310, 202.3762, 47.9059, 93.6184, 5.6946, 0.890165, -0.454340, -0.034362, 0.065931, 0.453355, 0.875645, 0.166478, -0.002447, -0.045549, -0.163771, 0.985446, 0.255157, 0.000000, 0.000000, 0.000000, 1.000000, -0.045807, -0.164266, 0.985352, 0.277158, -0.890165, 0.454340, 0.034360, -0.065931, -0.453329, -0.875552, -0.167036, 0.202376, 0.000000, 0.000000, 0.000000, 1.000000, 0.994481, -0.066043, 0.081520, 0.047906, 0.083067, 0.021023, -0.996322, 0.093618, 0.064086, 0.997595, 0.026393, 0.005695, 0.000000, 0.000000, 0.000000, 1.000000
-24.9693, 65.9070, -2.4608, 255.1521, 277.1533, -65.9076, 202.3902, 47.8974, 93.6190, 5.6994, 0.890233, -0.454209, -0.034349, 0.065907, 0.453226, 0.875717, 0.166451, -0.002461, -0.045523, -0.163748, 0.985451, 0.255152, 0.000000, 0.000000, 0.000000, 1.000000, -0.045781, -0.164241, 0.985357, 0.277153, -0.890232, 0.454210, 0.034347, -0.065908, -0.453200, -0.875625, -0.167007, 0.202390, 0.000000, 0.000000, 0.000000, 1.000000, 0.994481, -0.066043, 0.081518, 0.047897, 0.083065, 0.021026, -0.996322, 0.093619, 0.064086, 0.997595, 0.026396, 0.005699, 0.000000, 0.000000, 0.000000, 1.000000
-24.9661, 65.8983, -2.4655, 255.1505, 277.1517, -65.8989, 202.3951, 47.8943, 93.6192, 5.7012, 0.890257, -0.454161, -0.034345, 0.065898, 0.453178, 0.875744, 0.166442, -0.002466, -0.045514, -0.163740, 0.985453, 0.255150, 0.000000, 0.000000, 0.000000, 1.000000, -0.045772, -0.164233, 0.985359, 0.277152, -0.890257, 0.454161, 0.034343, -0.065899, -0.453152, -0.875651, -0.166997, 0.202395, 0.000000, 0.000000, 0.000000, 1.000000, 0.994481, -0.066043, 0.081517, 0.047894, 0.083064, 0.021027, -0.996322, 0.093619, 0.064086, 0.997595, 0.026397, 0.005701, 0.000000, 0.000000, 0.000000, 1.000000
-24.9593, 65.8795, -2.4754, 255.1472, 277.1484, -65.8800, 202.4052, 47.8876, 93.6196, 5.7051, 0.890311, -0.454056, -0.034335, 0.065880, 0.453074, 0.875801, 0.166422, -0.002475, -0.045494, -0.163723, 0.985457, 0.255147, 0.000000, 0.000000, 0.000000, 1.000000, -0.045751, -0.164216, 0.985363, 0.277148, -0.890311, 0.454056, 0.034333, -0.065880, -0.453048, -0.875709, -0.166977, 0.202405, 0.000000, 0.000000, 0.000000, 1.000000, 0.994482, -0.066042, 0.081515, 0.047888, 0.083062, 0.021030, -0.996322, 0.093620, 0.064085, 0.997595, 0.026399, 0.005705, 0.000000, 0.000000, 0.000000, 1.000000
-24.9556, 65.8694, -2.4805, 255.1455, 277.1467, -65.8699, 202.4105, 47.8839, 93.6198, 5.7072, 0.890340, -0.454000, -0.034330, 0.065869, 0.453018, 0.875832, 0.166412, -0.002481, -0.045484, -0.163715, 0.985459, 0.255145, 0.000000, 0.000000, 0.000000, 1.000000, -0.045741, -0.164207, 0.985365, 0.277147, -0.890340, 0.454000, 0.034327, -0.065870, -0.452993, -0.875740, -0.166966, 0.202410, 0.000000, 0.000000, 0.000000, 1.000000, 0.994482, -0.066042, 0.081514, 0.047884, 0.083061, 0.021031, -0.996322, 0.093620, 0.064085, 0.997595, 0.026401, 0.005707, 0.000000, 0.000000, 0.000000, 1.000000
-24.9476, 65.8476, -2.4913, 255.1419, 277.1432, -65.8481, 202.4214, 47.8762, 93.6202, 5.7118, 0.890402, -0.453879, -0.034318, 0.065848, 0.452898, 0.875898, 0.166390, -0.002491, -0.045462, -0.163697, 0.985463, 0.255142, 0.000000, 0.000000, 0.000000, 1.000000, -0.045718, -0.164188, 0.985369, 0.277143, -0.890402, 0.453879, 0.034316, -0.065848, -0.452873, -0.875806, -0.166944, 0.202421, 0.000000, 0.000000, 0.000000, 1.000000, 0.994482, -0.066042, 0.081511, 0.047876, 0.083059, 0.021034, -0.996323, 0.093620, 0.064084, 0.997595, 0.026404, 0.005712, 0.000000, 0.000000, 0.000000, 1.000000
-24.9434, 65.8360, -2.4968, 255.1401, 277.1413, -65.8365, 202.4271, 47.8720, 93.6203, 5.7143, 0.890436, -0.453814, -0.034312, 0.065836, 0.452834, 0.875933, 0.166379, -0.002497, -0.045450, -0.163688, 0.985465, 0.255140, 0.000000, 0.000000, 0.000000, 1.000000, -0.045706, -0.164178, 0.985371, 0.277141, -0.890435, 0.453814, 0.034310, -0.065837, -0.452809, -0.875841, -0.166932, 0.202427, 0.000000, 0.000000, 0.000000, 1.000000, 0.994482, -0.066042, 0.081510, 0.047872, 0.083058, 0.021036, -0.996323, 0.093620, 0.064084, 0.997595, 0.026405, 0.005714, 0.000000, 0.000000, 0.000000, 1.000000
-24.9344, 65.8113, -2.5084, 255.1364, 277.1376, -65.8119, 202.4389, 47.8633, 93.6207, 5.7196, 0.890506, -0.453677, -0.034300, 0.065811, 0.452698, 0.876008, 0.166357, -0.002508, -0.045425, -0.163669, 0.985469, 0.255136, 0.000000, 0.000000, 0.000000, 1.000000, -0.045681, -0.164159, 0.985376, 0.277138, -0.890506, 0.453677, 0.034297, -0.065812, -0.452673, -0.875916, -0.166909, 0.202439, 0.000000, 0.000000, 0.000000, 1.000000, 0.994482, -0.066041, 0.081508, 0.047863, 0.083056, 0.021039, -0.996323, 0.093621, 0.064084, 0.997595, 0.026408, 0.005720, 0.000000, 0.000000, 0.000000, 1.000000
-24.9246, 65.7848, -2.5206, 255.1325, 277.1337, -65.7853, 202.4514, 47.8539, 93.6210, 5.7252, 0.890582, -0.453529, -0.034286, 0.065785, 0.452552, 0.876088, 0.166333, -0.002521, -0.045399, -0.163649, 0.985473, 0.255132, 0.000000, 0.000000, 0.000000, 1.000000, -0.045654, -0.164138, 0.985380, 0.277134, -0.890581, 0.453530, 0.034284, -0.065785, -0.452527, -0.875996, -0.166884, 0.202451, 0.000000, 0.000000, 0.000000, 1.000000, 0.994483, -0.066041, 0.081505, 0.047854, 0.083053, 0.021043, -0.996323, 0.093621, 0.064083, 0.997595, 0.026412, 0.005725, 0.000000, 0.000000, 0.000000, 1.000000
-24.9195, 65.7708, -2.5269, 255.1305, 277.1317, -65.7714, 202.4578, 47.8489, 93.6211, 5.7282, 0.890621, -0.453452, -0.034279, 0.065771, 0.452475, 0.876130, 0.166320, -0.002527, -0.045385, -0.163639, 0.985476, 0.255130, 0.000000, 0.000000, 0.000000, 1.000000, -0.045640, -0.164127, 0.985383, 0.277132, -0.890621, 0.453452, 0.034277, -0.065771, -0.452450, -0.876038, -0.166871, 0.202458, 0.000000, 0.000000, 0.000000, 1.000000, 0.994483, -0.066041, 0.081503, 0.047849, 0.083052, 0.021045, -0.996323, 0.093621, 0.064083, 0.997595, 0.026414, 0.005728, 0.000000, 0.000000, 0.000000, 1.000000
-24.9087, 65.7415, -2.5401, 255.1263, 277.1275, -65.7420, 202.4712, 47.8385, 93.6215, 5.7345, 0.890705, -0.453289, -0.034264, 0.065741, 0.452314, 0.876218, 0.166294, -0.002540, -0.045357, -0.163617, 0.985481, 0.255126, 0.000000, 0.000000, 0.000000, 1.000000, -0.045611, -0.164105, 0.985388, 0.277128, -0.890705, 0.453289, 0.034262, -0.065742, -0.452288, -0.876127, -0.166844, 0.202471, 0.000000, 0.000000, 0.000000, 1.000000, 0.994483, -0.066040, 0.081500, 0.047839, 0.083049, 0.021049, -0.996323, 0.093621, 0.064082, 0.997595, 0.026417, 0.005735, 0.000000, 0.000000, 0.000000, 1.000000
-24.8972, 65.7103, -2.5539, 255.1220, 277.1232, -65.7108, 202.4853, 47.8275, 93.6218, 5.7412, 0.890794, -0.453115, -0.034248, 0.065710, 0.452142, 0.876312, 0.166267, -0.002554, -0.045326, -0.163595, 0.985486, 0.255122, 0.000000, 0.000000, 0.000000, 1.000000, -0.045580, -0.164082, 0.985393, 0.277123, -0.890794, 0.453116, 0.034246, -0.065711, -0.452116, -0.876221, -0.166816, 0.202485, 0.000000, 0.000000, 0.000000, 1.000000, 0.994483, -0.066040, 0.081497, 0.047827, 0.083046, 0.021053, -0.996323, 0.093622, 0.064081, 0.997595, 0.026422, 0.005741, 0.000000, 0.000000, 0.000000, 1.000000
-24.8913, 65.6940, -2.5610, 255.1197, 277.1210, -65.6946, 202.4925, 47.8217, 93.6219, 5.7447, 0.890840, -0.453025, -0.034240, 0.065694, 0.452052, 0.876361, 0.166253, -0.002561, -0.045310, -0.163583, 0.985488, 0.255120, 0.000000, 0.000000, 0.000000, 1.000000, -0.045564, -0.164070, 0.985396, 0.277121, -0.890840, 0.453025, 0.034238, -0.065695, -0.452027, -0.876270, -0.166801, 0.202493, 0.000000, 0.000000, 0.000000, 1.000000, 0.994483, -0.066040, 0.081495, 0.047822, 0.083044, 0.021056, -0.996323, 0.093622, 0.064081, 0.997595, 0.026424, 0.005745, 0.000000, 0.000000, 0.000000, 1.000000
-24.8789, 65.6619, -2.5649, 255.1195, 277.1207, -65.6625, 202.4965, 47.8109, 93.6209, 5.7524, 0.890931, -0.452848, -0.034225, 0.065662, 0.451875, 0.876453, 0.166248, -0.002565, -0.045289, -0.163581, 0.985490, 0.255119, 0.000000, 0.000000, 0.000000, 1.000000, -0.045542, -0.164067, 0.985397, 0.277121, -0.890931, 0.452848, 0.034223, -0.065662, -0.451850, -0.876362, -0.166796, 0.202496, 0.000000, 0.000000, 0.000000, 1.000000, 0.994484, -0.066039, 0.081492, 0.047811, 0.083041, 0.021060, -0.996324, 0.093621, 0.064080, 0.997595, 0.026428, 0.005752, 0.000000, 0.000000, 0.000000, 1.000000
-24.8725, 65.6456, -2.5656, 255.1199, 277.1211, -65.6461, 202.4972, 47.8054, 93.6201, 5.7564, 0.890977, -0.452757, -0.034217, 0.065646, 0.451785, 0.876500, 0.166248, -0.002566, -0.045279, -0.163582, 0.985490, 0.255120, 0.000000, 0.000000, 0.000000, 1.000000, -0.045532, -0.164068, 0.985398, 0.277121, -0.890977, 0.452758, 0.034215, -0.065646, -0.451760, -0.876409, -0.166796, 0.202497, 0.000000, 0.000000, 0.000000, 1.000000, 0.994484, -0.066039, 0.081490, 0.047805, 0.083039, 0.021062, -0.996324, 0.093620, 0.064080, 0.997595, 0.026430, 0.005756, 0.000000, 0.000000, 0.000000, 1.000000
-24.8594, 65.6116, -2.5685, 255.1201, 277.1214, -65.6122, 202.5002, 47.7940, 93.6188, 5.7647, 0.891073, -0.452570, -0.034201, 0.065612, 0.451598, 0.876597, 0.166245, -0.002568, -0.045257, -0.163582, 0.985491, 0.255120, 0.000000, 0.000000, 0.000000, 1.000000, -0.045510, -0.164068, 0.985399, 0.277121, -0.891073, 0.452570, 0.034199, -0.065612, -0.451573, -0.876506, -0.166793, 0.202500, 0.000000, 0.000000, 0.000000, 1.000000, 0.994484, -0.066039, 0.081486, 0.047794, 0.083036, 0.021067, -0.996324, 0.093619, 0.064079, 0.997595, 0.026434, 0.005765, 0.000000, 0.000000, 0.000000, 1.000000
-24.8457, 65.5761, -2.5735, 255.1196, 277.1209, -65.5766, 202.5053, 47.7820, 93.6178, 5.7732, 0.891173, -0.452373, -0.034184, 0.065576, 0.451402, 0.876699, 0.166238, -0.002573, -0.045232, -0.163578, 0.985493, 0.255120, 0.000000, 0.000000, 0.000000, 1.000000, -0.045485, -0.164064, 0.985401, 0.277121, -0.891173, 0.452373, 0.034182, -0.065577, -0.451377, -0.876608, -0.166785, 0.202505, 0.000000, 0.000000, 0.000000, 1.000000, 0.994485, -0.066038, 0.081482, 0.047782, 0.083032, 0.021072, -0.996324, 0.093618, 0.064078, 0.997595, 0.026439, 0.005773, 0.000000, 0.000000, 0.000000, 1.000000
-24.8387, 65.5578, -2.5768, 255.1191, 277.1204, -65.5583, 202.5086, 47.7757, 93.6173, 5.7775, 0.891225, -0.452272, -0.034176, 0.065558, 0.451301, 0.876752, 0.166233, -0.002577, -0.045219, -0.163574, 0.985494, 0.255119, 0.000000, 0.000000, 0.000000, 1.000000, -0.045471, -0.164060, 0.985402, 0.277120, -0.891225, 0.452272, 0.034174, -0.065558, -0.451276, -0.876661, -0.166780, 0.202509, 0.000000, 0.000000, 0.000000, 1.000000, 0.994485, -0.066038, 0.081480, 0.047776, 0.083030, 0.021074, -0.996324, 0.093617, 0.064078, 0.997595, 0.026441, 0.005777, 0.000000, 0.000000, 0.000000, 1.000000
-24.8244, 65.5201, -2.5849, 255.1175, 277.1187, -65.5206, 202.5168, 47.7628, 93.6165, 5.7862, 0.891332, -0.452063, -0.034158, 0.065520, 0.451094, 0.876861, 0.166218, -0.002585, -0.045189, -0.163564, 0.985497, 0.255117, 0.000000, 0.000000, 0.000000, 1.000000, -0.045441, -0.164050, 0.985405, 0.277119, -0.891332, 0.452064, 0.034156, -0.065521, -0.451069, -0.876770, -0.166765, 0.202517, 0.000000, 0.000000, 0.000000, 1.000000, 0.994485, -0.066037, 0.081476, 0.047763, 0.083026, 0.021079, -0.996324, 0.093617, 0.064077, 0.997594, 0.026446, 0.005786, 0.000000, 0.000000, 0.000000, 1.000000
-24.8171, 65.5007, -2.5897, 255.1164, 277.1176, -65.5013, 202.5217, 47.7561, 93.6162, 5.7906, 0.891386, -0.451956, -0.034149, 0.065501, 0.450988, 0.876918, 0.166210, -0.002590, -0.045174, -0.163558, 0.985499, 0.255116, 0.000000, 0.000000, 0.000000, 1.000000, -0.045426, -0.164043, 0.985407, 0.277118, -0.891386, 0.451957, 0.034147, -0.065501, -0.450963, -0.876827, -0.166756, 0.202522, 0.000000, 0.000000, 0.000000, 1.000000, 0.994485, -0.066037, 0.081474, 0.047756, 0.083024, 0.021082, -0.996324, 0.093616, 0.064077, 0.997594, 0.026448, 0.005791, 0.000000, 0.000000, 0.000000, 1.000000
-24.8022, 65.4611, -2.6010, 255.1136, 277.1148, -65.4616, 202.5331, 47.7424, 93.6158, 5.7996, 0.891498, -0.451737, -0.034130, 0.065461, 0.450770, 0.877034, 0.166189, -0.002601, -0.045140, -0.163542, 0.985503, 0.255114, 0.000000, 0.000000, 0.000000, 1.000000, -0.045392, -0.164027, 0.985411, 0.277115, -0.891498, 0.451737, 0.034128, -0.065462, -0.450744, -0.876943, -0.166735, 0.202533, 0.000000, 0.000000, 0.000000, 1.000000, 0.994486, -0.066037, 0.081470, 0.047742, 0.083021, 0.021087, -0.996325, 0.093616, 0.064076, 0.997594, 0.026454, 0.005800, 0.000000, 0.000000, 0.000000, 1.000000
-24.7870, 65.4203, -2.6142, 255.1101, 277.1113, -65.4208, 202.5464, 47.7282, 93.6156, 5.8087, 0.891613, -0.451511, -0.034111, 0.065420, 0.450545, 0.877154, 0.166164, -0.002614, -0.045104, -0.163522, 0.985508, 0.255110, 0.000000, 0.000000, 0.000000, 1.000000, -0.045356, -0.164007, 0.985416, 0.277111, -0.891613, 0.451511, 0.034109, -0.065421, -0.450520, -0.877063, -0.166709, 0.202546, 0.000000, 0.000000, 0.000000, 1.000000, 0.994486, -0.066036, 0.081465, 0.047728, 0.083016, 0.021093, -0.996325, 0.093616, 0.064075, 0.997594, 0.026459, 0.005809, 0.000000, 0.000000, 0.000000, 1.000000
-24.7792, 65.3995, -2.6215, 255.1080, 277.1093, -65.4000, 202.5538, 47.7209, 93.6156, 5.8133, 0.891672, -0.451395, -0.034101, 0.065400, 0.450431, 0.877215, 0.166149, -0.002622, -0.045086, -0.163511, 0.985511, 0.255108, 0.000000, 0.000000, 0.000000, 1.000000, -0.045337, -0.163995, 0.985419, 0.277109, -0.891672, 0.451396, 0.034099, -0.065400, -0.450406, -0.877124, -0.166695, 0.202554, 0.000000, 0.000000, 0.000000, 1.000000, 0.994486, -0.066036, 0.081463, 0.047721, 0.083014, 0.021096, -0.996325, 0.093616, 0.064075, 0.997594, 0.026461, 0.005813, 0.000000, 0.000000, 0.000000, 1.000000
-24.7636, 65.3572, -2.6375, 255.1035, 277.1048, -65.3577, 202.5699, 47.7061, 93.6157, 5.8225, 0.891792, -0.451161, -0.034080, 0.065357, 0.450198, 0.877340, 0.166118, -0.002638, -0.045046, -0.163486, 0.985517, 0.255103, 0.000000, 0.000000, 0.000000, 1.000000, -0.045297, -0.163970, 0.985425, 0.277105, -0.891792, 0.451161, 0.034078, -0.065358, -0.450173, -0.877250, -0.166663, 0.202570, 0.000000, 0.000000, 0.000000, 1.000000, 0.994487, -0.066035, 0.081459, 0.047706, 0.083010, 0.021102, -0.996325, 0.093616, 0.064074, 0.997594, 0.026467, 0.005823, 0.000000, 0.000000, 0.000000, 1.000000
-24.7477, 65.3140, -2.6553, 255.0983, 277.0996, -65.3145, 202.5878, 47.6908, 93.6160, 5.8318, 0.891913, -0.450922, -0.034060, 0.065314, 0.449961, 0.877469, 0.166083, -0.002655, -0.045004, -0.163457, 0.985523, 0.255098, 0.000000, 0.000000, 0.000000, 1.000000, -0.045255, -0.163941, 0.985432, 0.277100, -0.891913, 0.450922, 0.034058, -0.065315, -0.449936, -0.877378, -0.166628, 0.202588, 0.000000, 0.000000, 0.000000, 1.000000, 0.994487, -0.066035, 0.081454, 0.047691, 0.083006, 0.021108, -0.996325, 0.093616, 0.064073, 0.997594, 0.026473, 0.005832, 0.000000, 0.000000, 0.000000, 1.000000
-24.7396, 65.2921, -2.6648, 255.0955, 277.0968, -65.2926, 202.5973, 47.6831, 93.6162, 5.8365, 0.891975, -0.450800, -0.034049, 0.065292, 0.449841, 0.877534, 0.166064, -0.002665, -0.044983, -0.163442, 0.985527, 0.255095, 0.000000, 0.000000, 0.000000, 1.000000, -0.045233, -0.163926, 0.985435, 0.277097, -0.891975, 0.450801, 0.034047, -0.065293, -0.449816, -0.877443, -0.166609, 0.202597, 0.000000, 0.000000, 0.000000, 1.000000, 0.994487, -0.066034, 0.081452, 0.047683, 0.083004, 0.021111, -0.996326, 0.093616, 0.064072, 0.997594, 0.026475, 0.005837, 0.000000, 0.000000, 0.000000, 1.000000
-24.7235, 65.2478, -2.6849, 255.0894, 277.0907, -65.2483, 202.6176, 47.6674, 93.6168, 5.8459, 0.892100, -0.450555, -0.034028, 0.065248, 0.449598, 0.877666, 0.166024, -0.002685, -0.044938, -0.163409, 0.985534, 0.255089, 0.000000, 0.000000, 0.000000, 1.000000, -0.045188, -0.163892, 0.985443, 0.277091, -0.892100, 0.450555, 0.034026, -0.065248, -0.449573, -0.877576, -0.166568, 0.202618, 0.000000, 0.000000, 0.000000, 1.000000, 0.994488, -0.066034, 0.081447, 0.047667, 0.083000, 0.021117, -0.996326, 0.093617, 0.064071, 0.997594, 0.026481, 0.005846, 0.000000, 0.000000, 0.000000, 1.000000
-24.7153, 65.2255, -2.6954, 255.0861, 277.0874, -65.2260, 202.6282, 47.6594, 93.6171, 5.8506, 0.892163, -0.450431, -0.034017, 0.065225, 0.449475, 0.877733, 0.166003, -0.002695, -0.044915, -0.163392, 0.985538, 0.255086, 0.000000, 0.000000, 0.000000, 1.000000, -0.045165, -0.163875, 0.985447, 0.277087, -0.892163, 0.450431, 0.034015, -0.065226, -0.449450, -0.877643, -0.166547, 0.202628, 0.000000, 0.000000, 0.000000, 1.000000, 0.994488, -0.066033, 0.081445, 0.047659, 0.082998, 0.021120, -0.996326, 0.093617, 0.064071, 0.997594, 0.026484, 0.005851, 0.000000, 0.000000, 0.000000, 1.000000
-24.6990, 65.1804, -2.7175, 255.0793, 277.0806, -65.1810, 202.6504, 47.6434, 93.6179, 5.8600, 0.892290, -0.450181, -0.033996, 0.065180, 0.449228, 0.877868, 0.165959, -0.002717, -0.044868, -0.163355, 0.985547, 0.255079, 0.000000, 0.000000, 0.000000, 1.000000, -0.045117, -0.163838, 0.985455, 0.277081, -0.892290, 0.450182, 0.033994, -0.065181, -0.449203, -0.877778, -0.166502, 0.202650, 0.000000, 0.000000, 0.000000, 1.000000, 0.994488, -0.066033, 0.081440, 0.047643, 0.082993, 0.021126, -0.996326, 0.093618, 0.064070, 0.997594, 0.026490, 0.005860, 0.000000, 0.000000, 0.000000, 1.000000
-24.6908, 65.1578, -2.7289, 255.0757, 277.0770, -65.1583, 202.6619, 47.6353, 93.6184, 5.8647, 0.892353, -0.450056, -0.033985, 0.065158, 0.449104, 0.877936, 0.165936, -0.002729, -0.044844, -0.163336, 0.985551, 0.255076, 0.000000, 0.000000, 0.000000, 1.000000, -0.045093, -0.163818, 0.985459, 0.277077, -0.892353, 0.450056, 0.033983, -0.065158, -0.449079, -0.877846, -0.166478, 0.202662, 0.000000, 0.000000, 0.000000, 1.000000, 0.994489, -0.066032, 0.081438, 0.047635, 0.082991, 0.021129, -0.996326, 0.093618, 0.064069, 0.997594, 0.026493, 0.005865, 0.000000, 0.000000, 0.000000, 1.000000
-24.6826, 65.1351, -2.7406, 255.0720, 277.0734, -65.1357, 202.6737, 47.6272, 93.6188, 5.8694, 0.892417, -0.449930, -0.033974, 0.065135, 0.448980, 0.878004, 0.165912, -0.002741, -0.044820, -0.163316, 0.985555, 0.255072, 0.000000, 0.000000, 0.000000, 1.000000, -0.045069, -0.163798, 0.985464, 0.277073, -0.892417, 0.449931, 0.033972, -0.065136, -0.448955, -0.877914, -0.166454, 0.202674, 0.000000, 0.000000, 0.000000, 1.000000, 0.994489, -0.066032, 0.081436, 0.047627, 0.082989, 0.021132, -0.996326, 0.093619, 0.064069, 0.997594, 0.026496, 0.005869, 0.000000, 0.000000, 0.000000, 1.000000
-24.6580, 65.0670, -2.7770, 255.0605, 277.0618, -65.0675, 202.7102, 47.6027, 93.6205, 5.8833, 0.892609, -0.449553, -0.033941, 0.065067, 0.448606, 0.878209, 0.165838, -0.002777, -0.044746, -0.163254, 0.985569, 0.255060, 0.000000, 0.000000, 0.000000, 1.000000, -0.044994, -0.163736, 0.985478, 0.277062, -0.892609, 0.449553, 0.033939, -0.065067, -0.448581, -0.878119, -0.166379, 0.202710, 0.000000, 0.000000, 0.000000, 1.000000, 0.994489, -0.066031, 0.081429, 0.047603, 0.082983, 0.021142, -0.996327, 0.093620, 0.064067, 0.997594, 0.026504, 0.005883, 0.000000, 0.000000, 0.000000, 1.000000
-24.6498, 65.0443, -2.7894, 255.0565, 277.0578, -65.0448, 202.7228, 47.5946, 93.6211, 5.8879, 0.892673, -0.449427, -0.033930, 0.065044, 0.448481, 0.878277, 0.165812, -0.002789, -0.044721, -0.163233, 0.985573, 0.255056, 0.000000, 0.000000, 0.000000, 1.000000, -0.044969, -0.163715, 0.985482, 0.277058, -0.892673, 0.449427, 0.033928, -0.065045, -0.448457, -0.878187, -0.166354, 0.202723, 0.000000, 0.000000, 0.000000, 1.000000, 0.994490, -0.066031, 0.081426, 0.047595, 0.082981, 0.021145, -0.996327, 0.093621, 0.064066, 0.997594, 0.026507, 0.005888, 0.000000, 0.000000, 0.000000, 1.000000
-24.6337, 65.0007, -2.8038, 255.0527, 277.0540, -65.0012, 202.7372, 47.5794, 93.6209, 5.8975, 0.892795, -0.449186, -0.033910, 0.065001, 0.448242, 0.878404, 0.165785, -0.002804, -0.044682, -0.163211, 0.985579, 0.255053, 0.000000, 0.000000, 0.000000, 1.000000, -0.044930, -0.163693, 0.985488, 0.277054, -0.892795, 0.449186, 0.033908, -0.065001, -0.448218, -0.878315, -0.166326, 0.202737, 0.000000, 0.000000, 0.000000, 1.000000, 0.994490, -0.066030, 0.081422, 0.047579, 0.082976, 0.021151, -0.996327, 0.093621, 0.064065, 0.997593, 0.026513, 0.005898, 0.000000, 0.000000, 0.000000, 1.000000
-24.6256, 64.9792, -2.8098, 255.0513, 277.0526, -64.9798, 202.7431, 47.5720, 93.6207, 5.9024, 0.892855, -0.449067, -0.033900, 0.064979, 0.448125, 0.878466, 0.165773, -0.002810, -0.044664, -0.163203, 0.985581, 0.255051, 0.000000, 0.000000, 0.000000, 1.000000, -0.044912, -0.163684, 0.985490, 0.277053, -0.892854, 0.449068, 0.033898, -0.064980, -0.448100, -0.878377, -0.166315, 0.202743, 0.000000, 0.000000, 0.000000, 1.000000, 0.994490, -0.066030, 0.081419, 0.047572, 0.082974, 0.021154, -0.996327, 0.093621, 0.064065, 0.997593, 0.026516, 0.005902, 0.000000, 0.000000, 0.000000, 1.000000
-24.6018, 64.9152, -2.8300, 255.0461, 277.0475, -64.9157, 202.7634, 47.5497, 93.6203, 5.9165, 0.893033, -0.448714, -0.033870, 0.064915, 0.447774, 0.878653, 0.165734, -0.002830, -0.044607, -0.163173, 0.985589, 0.255046, 0.000000, 0.000000, 0.000000, 1.000000, -0.044855, -0.163654, 0.985497, 0.277047, -0.893033, 0.448714, 0.033868, -0.064916, -0.447749, -0.878563, -0.166276, 0.202763, 0.000000, 0.000000, 0.000000, 1.000000, 0.994491, -0.066029, 0.081412, 0.047550, 0.082968, 0.021162, -0.996328, 0.093620, 0.064064, 0.997593, 0.026524, 0.005917, 0.000000, 0.000000, 0.000000, 1.000000
-24.5940, 64.8940, -2.8376, 255.0441, 277.0454, -64.8945, 202.7709, 47.5423, 93.6203, 5.9211, 0.893093, -0.448597, -0.033860, 0.064894, 0.447658, 0.878715, 0.165720, -0.002838, -0.044588, -0.163161, 0.985591, 0.255044, 0.000000, 0.000000, 0.000000, 1.000000, -0.044835, -0.163643, 0.985500, 0.277045, -0.893092, 0.448597, 0.033858, -0.064895, -0.447633, -0.878625, -0.166261, 0.202771, 0.000000, 0.000000, 0.000000, 1.000000, 0.994491, -0.066029, 0.081410, 0.047542, 0.082966, 0.021165, -0.996328, 0.093620, 0.064063, 0.997593, 0.026527, 0.005921, 0.000000, 0.000000, 0.000000, 1.000000
-24.5863, 64.8730, -2.8455, 255.0418, 277.0432, -64.8735, 202.7789, 47.5349, 93.6204, 5.9257, 0.893151, -0.448480, -0.033851, 0.064873, 0.447542, 0.878776, 0.165704, -0.002846, -0.044568, -0.163148, 0.985594, 0.255042, 0.000000, 0.000000, 0.000000, 1.000000, -0.044815, -0.163630, 0.985503, 0.277043, -0.893151, 0.448481, 0.033849, -0.064873, -0.447518, -0.878687, -0.166245, 0.202779, 0.000000, 0.000000, 0.000000, 1.000000, 0.994491, -0.066028, 0.081408, 0.047535, 0.082964, 0.021168, -0.996328, 0.093620, 0.064063, 0.997593, 0.026529, 0.005926, 0.000000, 0.000000, 0.000000, 1.000000
-24.5709, 64.8311, -2.8625, 255.0370, 277.0384, -64.8316, 202.7959, 47.5202, 93.6207, 5.9346, 0.893268, -0.448249, -0.033831, 0.064831, 0.447313, 0.878899, 0.165670, -0.002862, -0.044527, -0.163121, 0.985601, 0.255037, 0.000000, 0.000000, 0.000000, 1.000000, -0.044775, -0.163603, 0.985510, 0.277038, -0.893268, 0.448249, 0.033829, -0.064832, -0.447289, -0.878810, -0.166211, 0.202796, 0.000000, 0.000000, 0.000000, 1.000000, 0.994492, -0.066028, 0.081404, 0.047520, 0.082960, 0.021174, -0.996328, 0.093621, 0.064062, 0.997593, 0.026535, 0.005935, 0.000000, 0.000000, 0.000000, 1.000000
-24.5634, 64.8104, -2.8715, 255.0343, 277.0357, -64.8109, 202.8049, 47.5128, 93.6209, 5.9390, 0.893326, -0.448134, -0.033822, 0.064810, 0.447200, 0.878961, 0.165652, -0.002871, -0.044507, -0.163106, 0.985604, 0.255034, 0.000000, 0.000000, 0.000000, 1.000000, -0.044754, -0.163588, 0.985513, 0.277036, -0.893326, 0.448135, 0.033820, -0.064811, -0.447175, -0.878871, -0.166193, 0.202805, 0.000000, 0.000000, 0.000000, 1.000000, 0.994492, -0.066027, 0.081401, 0.047513, 0.082958, 0.021177, -0.996328, 0.093621, 0.064061, 0.997593, 0.026537, 0.005939, 0.000000, 0.000000, 0.000000, 1.000000
-24.5410, 64.7489, -2.9004, 255.0256, 277.0270, -64.7494, 202.8338, 47.4910, 93.6219, 5.9518, 0.893498, -0.447794, -0.033793, 0.064749, 0.446863, 0.879143, 0.165594, -0.002900, -0.044443, -0.163058, 0.985615, 0.255026, 0.000000, 0.000000, 0.000000, 1.000000, -0.044690, -0.163540, 0.985524, 0.277027, -0.893498, 0.447795, 0.033791, -0.064749, -0.446838, -0.879053, -0.166135, 0.202834, 0.000000, 0.000000, 0.000000, 1.000000, 0.994493, -0.066026, 0.081395, 0.047491, 0.082952, 0.021185, -0.996328, 0.093622, 0.064060, 0.997593, 0.026545, 0.005952, 0.000000, 0.000000, 0.000000, 1.000000
-24.5266, 64.7088, -2.9209, 255.0192, 277.0206, -64.7093, 202.8543, 47.4767, 93.6228, 5.9601, 0.893610, -0.447572, -0.033774, 0.064709, 0.446643, 0.879263, 0.165552, -0.002921, -0.044400, -0.163023, 0.985623, 0.255019, 0.000000, 0.000000, 0.000000, 1.000000, -0.044647, -0.163505, 0.985532, 0.277021, -0.893610, 0.447572, 0.033772, -0.064709, -0.446619, -0.879173, -0.166093, 0.202854, 0.000000, 0.000000, 0.000000, 1.000000, 0.994493, -0.066026, 0.081391, 0.047477, 0.082948, 0.021190, -0.996329, 0.093623, 0.064059, 0.997593, 0.026550, 0.005960, 0.000000, 0.000000, 0.000000, 1.000000
-24.5195, 64.6890, -2.9314, 255.0158, 277.0173, -64.6895, 202.8649, 47.4696, 93.6232, 5.9641, 0.893665, -0.447463, -0.033764, 0.064689, 0.446535, 0.879321, 0.165530, -0.002931, -0.044379, -0.163005, 0.985627, 0.255016, 0.000000, 0.000000, 0.000000, 1.000000, -0.044626, -0.163487, 0.985536, 0.277017, -0.893665, 0.447463, 0.033762, -0.064690, -0.446511, -0.879232, -0.166071, 0.202865, 0.000000, 0.000000, 0.000000, 1.000000, 0.994493, -0.066026, 0.081389, 0.047470, 0.082946, 0.021193, -0.996329, 0.093623, 0.064058, 0.997593, 0.026553, 0.005964, 0.000000, 0.000000, 0.000000, 1.000000
-24.5056, 64.6501, -2.9531, 255.0089, 277.0103, -64.6506, 202.8866, 47.4556, 93.6243, 5.9719, 0.893773, -0.447248, -0.033746, 0.064650, 0.446322, 0.879438, 0.165485, -0.002953, -0.044336, -0.162968, 0.985635, 0.255009, 0.000000, 0.000000, 0.000000, 1.000000, -0.044582, -0.163450, 0.985544, 0.277010, -0.893773, 0.447248, 0.033744, -0.064651, -0.446298, -0.879348, -0.166026, 0.202887, 0.000000, 0.000000, 0.000000, 1.000000, 0.994493, -0.066025, 0.081385, 0.047456, 0.082943, 0.021198, -0.996329, 0.093624, 0.064057, 0.997593, 0.026558, 0.005972, 0.000000, 0.000000, 0.000000, 1.000000
-24.4988, 64.6310, -2.9642, 255.0053, 277.0067, -64.6315, 202.8977, 47.4487, 93.6249, 5.9757, 0.893827, -0.447141, -0.033737, 0.064631, 0.446217, 0.879495, 0.165463, -0.002964, -0.044314, -0.162949, 0.985639, 0.255005, 0.000000, 0.000000, 0.000000, 1.000000, -0.044561, -0.163431, 0.985548, 0.277007, -0.893827, 0.447142, 0.033735, -0.064631, -0.446193, -0.879406, -0.166003, 0.202898, 0.000000, 0.000000, 0.000000, 1.000000, 0.994494, -0.066025, 0.081383, 0.047449, 0.082941, 0.021201, -0.996329, 0.093625, 0.064057, 0.997593, 0.026560, 0.005976, 0.000000, 0.000000, 0.000000, 1.000000
-24.4854, 64.5933, -2.9867, 254.9979, 276.9994, -64.5938, 202.9202, 47.4351, 93.6262, 5.9831, 0.893932, -0.446933, -0.033719, 0.064593, 0.446011, 0.879609, 0.165416, -0.002987, -0.044271, -0.162910, 0.985647, 0.254998, 0.000000, 0.000000, 0.000000, 1.000000, -0.044517, -0.163391, 0.985556, 0.276999, -0.893932, 0.446933, 0.033717, -0.064594, -0.445987, -0.879519, -0.165957, 0.202920, 0.000000, 0.000000, 0.000000, 1.000000, 0.994494, -0.066024, 0.081379, 0.047435, 0.082937, 0.021206, -0.996329, 0.093626, 0.064056, 0.997593, 0.026565, 0.005983, 0.000000, 0.000000, 0.000000, 1.000000
-24.4788, 64.5748, -2.9981, 254.9942, 276.9956, -64.5753, 202.9317, 47.4283, 93.6268, 5.9868, 0.893984, -0.446830, -0.033710, 0.064575, 0.445910, 0.879665, 0.165392, -0.002998, -0.044249, -0.162890, 0.985652, 0.254994, 0.000000, 0.000000, 0.000000, 1.000000, -0.044495, -0.163371, 0.985561, 0.276996, -0.893983, 0.446830, 0.033708, -0.064575, -0.445885, -0.879575, -0.165933, 0.202932, 0.000000, 0.000000, 0.000000, 1.000000, 0.994494, -0.066024, 0.081377, 0.047428, 0.082936, 0.021209, -0.996329, 0.093627, 0.064055, 0.997593, 0.026568, 0.005987, 0.000000, 0.000000, 0.000000, 1.000000
-24.4659, 64.5383, -3.0211, 254.9865, 276.9880, -64.5388, 202.9547, 47.4151, 93.6282, 5.9939, 0.894085, -0.446628, -0.033692, 0.064538, 0.445710, 0.879775, 0.165345, -0.003021, -0.044206, -0.162849, 0.985660, 0.254987, 0.000000, 0.000000, 0.000000, 1.000000, -0.044452, -0.163330, 0.985569, 0.276988, -0.894085, 0.446628, 0.033690, -0.064539, -0.445686, -0.879685, -0.165885, 0.202955, 0.000000, 0.000000, 0.000000, 1.000000, 0.994494, -0.066023, 0.081374, 0.047415, 0.082932, 0.021214, -0.996329, 0.093628, 0.064055, 0.997593, 0.026572, 0.005994, 0.000000, 0.000000, 0.000000, 1.000000
-24.4534, 64.5027, -3.0442, 254.9788, 276.9803, -64.5032, 202.9780, 47.4021, 93.6297, 6.0007, 0.894184, -0.446431, -0.033675, 0.064503, 0.445515, 0.879883, 0.165296, -0.003044, -0.044163, -0.162808, 0.985669, 0.254979, 0.000000, 0.000000, 0.000000, 1.000000, -0.044409, -0.163289, 0.985578, 0.276980, -0.894184, 0.446431, 0.033673, -0.064503, -0.445491, -0.879793, -0.165836, 0.202978, 0.000000, 0.000000, 0.000000, 1.000000, 0.994495, -0.066023, 0.081370, 0.047402, 0.082929, 0.021219, -0.996330, 0.093630, 0.064054, 0.997592, 0.026577, 0.006001, 0.000000, 0.000000, 0.000000, 1.000000
-24.4472, 64.4852, -3.0558, 254.9749, 276.9764, -64.4857, 202.9896, 47.3957, 93.6304, 6.0041, 0.894233, -0.446333, -0.033666, 0.064485, 0.445419, 0.879936, 0.165272, -0.003056, -0.044142, -0.162787, 0.985673, 0.254975, 0.000000, 0.000000, 0.000000, 1.000000, -0.044388, -0.163269, 0.985583, 0.276976, -0.894233, 0.446334, 0.033664, -0.064486, -0.445395, -0.879846, -0.165812, 0.202990, 0.000000, 0.000000, 0.000000, 1.000000, 0.994495, -0.066022, 0.081369, 0.047396, 0.082928, 0.021221, -0.996330, 0.093630, 0.064053, 0.997592, 0.026579, 0.006004, 0.000000, 0.000000, 0.000000, 1.000000
-24.4293, 64.4340, -3.0905, 254.9631, 276.9646, -64.4345, 203.0243, 47.3770, 93.6327, 6.0138, 0.894376, -0.446050, -0.033641, 0.064434, 0.445139, 0.880091, 0.165200, -0.003090, -0.044080, -0.162726, 0.985686, 0.254963, 0.000000, 0.000000, 0.000000, 1.000000, -0.044325, -0.163207, 0.985596, 0.276965, -0.894376, 0.446050, 0.033639, -0.064435, -0.445115, -0.880002, -0.165739, 0.203024, 0.000000, 0.000000, 0.000000, 1.000000, 0.994495, -0.066021, 0.081364, 0.047377, 0.082923, 0.021228, -0.996330, 0.093633, 0.064052, 0.997592, 0.026586, 0.006014, 0.000000, 0.000000, 0.000000, 1.000000
