# Joint_B_Angle(deg), Cam_X(mm), Cam_Y(mm), Cam_Z(mm), Torso_X(mm), Torso_Y(mm), Torso_Z(mm), EE_X(mm), EE_Y(mm), EE_Z(mm), T_cam2marker_flat(16), T_torso2marker_flat(16), T_ee2marker_flat(16)
-14.9998, 85.6619, -7.6021, 346.0731, 415.0869, -76.6623, 264.5909, 3.6299, 70.8571, -59.5154, -0.115106, -0.992860, 0.031285, 0.085662, 0.981125, -0.118559, -0.152767, -0.007602, 0.155385, 0.013110, 0.987767, 0.346073, 0.000000, 0.000000, 0.000000, 1.000000, 0.155174, 0.013137, 0.987800, 0.415087, 0.115106, 0.992860, -0.031286, -0.076662, -0.981158, 0.118557, 0.152554, 0.264591, 0.000000, 0.000000, 0.000000, 1.000000, 0.997208, -0.016631, 0.072795, 0.003630, 0.071291, -0.077920, -0.994407, 0.070857, 0.022210, 0.996821, -0.076517, -0.059515, 0.000000, 0.000000, 0.000000, 1.000000
-14.9998, 85.6620, -7.6009, 346.0735, 415.0873, -76.6623, 264.5898, 3.6299, 70.8571, -59.5154, -0.115107, -0.992860, 0.031285, 0.085662, 0.981125, -0.118560, -0.152764, -0.007601, 0.155383, 0.013111, 0.987767, 0.346073, 0.000000, 0.000000, 0.000000, 1.000000, 0.155172, 0.013137, 0.987800, 0.415087, 0.115107, 0.992860, -0.031286, -0.076662, -0.981159, 0.118557, 0.152552, 0.264590, 0.000000, 0.000000, 0.000000, 1.000000, 0.997208, -0.016631, 0.072795, 0.003630, 0.071291, -0.077920, -0.994407, 0.070857, 0.022210, 0.996821, -0.076517, -0.059515, 0.000000, 0.000000, 0.000000, 1.000000
-14.9998, 85.6621, -7.5985, 346.0743, 415.0881, -76.6625, 264.5877, 3.6299, 70.8571, -59.5154, -0.115108, -0.992860, 0.031285, 0.085662, 0.981126, -0.118561, -0.152759, -0.007599, 0.155377, 0.013111, 0.987768, 0.346074, 0.000000, 0.000000, 0.000000, 1.000000, 0.155167, 0.013137, 0.987801, 0.415088, 0.115108, 0.992860, -0.031286, -0.076662, -0.981159, 0.118559, 0.152547, 0.264588, 0.000000, 0.000000, 0.000000, 1.000000, 0.997208, -0.016631, 0.072795, 0.003630, 0.071291, -0.077920, -0.994407, 0.070857, 0.022210, 0.996821, -0.076517, -0.059515, 0.000000, 0.000000, 0.000000, 1.000000
-14.9998, 85.6622, -7.5961, 346.0751, 415.0888, -76.6626, 264.5857, 3.6299, 70.8571, -59.5154, -0.115110, -0.992860, 0.031285, 0.085662, 0.981127, -0.118563, -0.152753, -0.007596, 0.155372, 0.013111, 0.987769, 0.346075, 0.000000, 0.000000, 0.000000, 1.000000, 0.155163, 0.013138, 0.987802, 0.415089, 0.115110, 0.992860, -0.031286, -0.076663, -0.981160, 0.118560, 0.152542, 0.264586, 0.000000, 0.000000, 0.000000, 1.000000, 0.997208, -0.016631, 0.072795, 0.003630, 0.071291, -0.077920, -0.994407, 0.070857, 0.022210, 0.996821, -0.076517, -0.059515, 0.000000, 0.000000, 0.000000, 1.000000
-14.9998, 85.6623, -7.5950, 346.0755, 415.0892, -76.6627, 264.5847, 3.6299, 70.8571, -59.5154, -0.115110, -0.992860, 0.031285, 0.085662, 0.981127, -0.118563, -0.152751, -0.007595, 0.155369, 0.013112, 0.987769, 0.346076, 0.000000, 0.000000, 0.000000, 1.000000, 0.155160, 0.013138, 0.987802, 0.415089, 0.115110, 0.992860, -0.031286, -0.076663, -0.981160, 0.118561, 0.152540, 0.264585, 0.000000, 0.000000, 0.000000, 1.000000, 0.997208, -0.016631, 0.072795, 0.003630, 0.071291, -0.077920, -0.994407, 0.070857, 0.022211, 0.996821, -0.076517, -0.059515, 0.000000, 0.000000, 0.000000, 1.000000
-14.9998, 85.6624, -7.5927, 346.0763, 415.0899, -76.6628, 264.5827, 3.6299, 70.8571, -59.5154, -0.115112, -0.992860, 0.031285, 0.085662, 0.981128, -0.118565, -0.152745, -0.007593, 0.155364, 0.013112, 0.987770, 0.346076, 0.000000, 0.000000, 0.000000, 1.000000, 0.155156, 0.013138, 0.987803, 0.415090, 0.115112, 0.992860, -0.031286, -0.076663, -0.981161, 0.118562, 0.152536, 0.264583, 0.000000, 0.000000, 0.000000, 1.000000, 0.997208, -0.016631, 0.072794, 0.003630, 0.071290, -0.077920, -0.994407, 0.070857, 0.022211, 0.996821, -0.076517, -0.059515, 0.000000, 0.000000, 0.000000, 1.000000
-14.9998, 85.6625, -7.5916, 346.0766, 415.0902, -76.6629, 264.5818, 3.6299, 70.8571, -59.5154, -0.115112, -0.992860, 0.031285, 0.085662, 0.981128, -0.118565, -0.152743, -0.007592, 0.155362, 0.013112, 0.987771, 0.346077, 0.000000, 0.000000, 0.000000, 1.000000, 0.155154, 0.013138, 0.987803, 0.415090, 0.115112, 0.992860, -0.031286, -0.076663, -0.981161, 0.118562, 0.152534, 0.264582, 0.000000, 0.000000, 0.000000, 1.000000, 0.997208, -0.016631, 0.072794, 0.003630, 0.071290, -0.077920, -0.994407, 0.070857, 0.022211, 0.996821, -0.076517, -0.059515, 0.000000, 0.000000, 0.000000, 1.000000
-14.9998, 85.6626, -7.5896, 346.0773, 415.0908, -76.6630, 264.5801, 3.6299, 70.8570, -59.5154, -0.115113, -0.992860, 0.031286, 0.085663, 0.981129, -0.118566, -0.152738, -0.007590, 0.155357, 0.013113, 0.987771, 0.346077, 0.000000, 0.000000, 0.000000, 1.000000, 0.155150, 0.013139, 0.987804, 0.415091, 0.115113, 0.992860, -0.031287, -0.076663, -0.981161, 0.118563, 0.152529, 0.264580, 0.000000, 0.000000, 0.000000, 1.000000, 0.997208, -0.016631, 0.072794, 0.003630, 0.071290, -0.077920, -0.994407, 0.070857, 0.022211, 0.996821, -0.076517, -0.059515, 0.000000, 0.000000, 0.000000, 1.000000
-14.9997, 85.6627, -7.5878, 346.0778, 415.0913, -76.6631, 264.5787, 3.6299, 70.8570, -59.5154, -0.115112, -0.992860, 0.031286, 0.085663, 0.981129, -0.118565, -0.152733, -0.007588, 0.155352, 0.013115, 0.987772, 0.346078, 0.000000, 0.000000, 0.000000, 1.000000, 0.155146, 0.013140, 0.987804, 0.415091, 0.115112, 0.992860, -0.031287, -0.076663, -0.981162, 0.118562, 0.152525, 0.264579, 0.000000, 0.000000, 0.000000, 1.000000, 0.997208, -0.016631, 0.072795, 0.003630, 0.071290, -0.077920, -0.994407, 0.070857, 0.022211, 0.996821, -0.076517, -0.059515, 0.000000, 0.000000, 0.000000, 1.000000
-14.9996, 85.6628, -7.5871, 346.0780, 415.0914, -76.6632, 264.5782, 3.6299, 70.8570, -59.5154, -0.115111, -0.992860, 0.031287, 0.085663, 0.981130, -0.118564, -0.152730, -0.007587, 0.155349, 0.013116, 0.987773, 0.346078, 0.000000, 0.000000, 0.000000, 1.000000, 0.155143, 0.013141, 0.987805, 0.415091, 0.115111, 0.992860, -0.031288, -0.076663, -0.981163, 0.118561, 0.152523, 0.264578, 0.000000, 0.000000, 0.000000, 1.000000, 0.997208, -0.016631, 0.072795, 0.003630, 0.071291, -0.077920, -0.994407, 0.070857, 0.022211, 0.996821, -0.076517, -0.059515, 0.000000, 0.000000, 0.000000, 1.000000
-14.9990, 85.6629, -7.5860, 346.0781, 415.0914, -76.6633, 264.5776, 3.6300, 70.8569, -59.5154, -0.115104, -0.992861, 0.031290, 0.085663, 0.981132, -0.118557, -0.152722, -0.007586, 0.155341, 0.013121, 0.987774, 0.346078, 0.000000, 0.000000, 0.000000, 1.000000, 0.155137, 0.013146, 0.987806, 0.415091, 0.115103, 0.992861, -0.031291, -0.076663, -0.981165, 0.118554, 0.152516, 0.264578, 0.000000, 0.000000, 0.000000, 1.000000, 0.997208, -0.016632, 0.072795, 0.003630, 0.071291, -0.077920, -0.994407, 0.070857, 0.022211, 0.996821, -0.076517, -0.059515, 0.000000, 0.000000, 0.000000, 1.000000
-14.9984, 85.6630, -7.5862, 346.0777, 415.0911, -76.6634, 264.5780, 3.6302, 70.8569, -59.5154, -0.115094, -0.992862, 0.031293, 0.085663, 0.981134, -0.118548, -0.152715, -0.007586, 0.155335, 0.013126, 0.987775, 0.346078, 0.000000, 0.000000, 0.000000, 1.000000, 0.155132, 0.013151, 0.987806, 0.415091, 0.115094, 0.992862, -0.031294, -0.076663, -0.981166, 0.118545, 0.152511, 0.264578, 0.000000, 0.000000, 0.000000, 1.000000, 0.997208, -0.016632, 0.072795, 0.003630, 0.071291, -0.077920, -0.994407, 0.070857, 0.022211, 0.996821, -0.076517, -0.059515, 0.000000, 0.000000, 0.000000, 1.000000
-14.9980, 85.6633, -7.5822, 346.0791, 415.0924, -76.6637, 264.5742, 3.6303, 70.8568, -59.5153, -0.115091, -0.992862, 0.031295, 0.085663, 0.981137, -0.118545, -0.152702, -0.007582, 0.155322, 0.013130, 0.987777, 0.346079, 0.000000, 0.000000, 0.000000, 1.000000, 0.155119, 0.013155, 0.987808, 0.415092, 0.115091, 0.992862, -0.031296, -0.076664, -0.981169, 0.118542, 0.152498, 0.264574, 0.000000, 0.000000, 0.000000, 1.000000, 0.997208, -0.016632, 0.072795, 0.003630, 0.071291, -0.077920, -0.994407, 0.070857, 0.022211, 0.996821, -0.076517, -0.059515, 0.000000, 0.000000, 0.000000, 1.000000
-14.9971, 85.6643, -7.5670, 346.0848, 415.0981, -76.6647, 264.5591, 3.6305, 70.8567, -59.5153, -0.115086, -0.992862, 0.031298, 0.085664, 0.981144, -0.118540, -0.152658, -0.007567, 0.155278, 0.013139, 0.987783, 0.346085, 0.000000, 0.000000, 0.000000, 1.000000, 0.155075, 0.013165, 0.987815, 0.415098, 0.115086, 0.992862, -0.031299, -0.076665, -0.981176, 0.118537, 0.152453, 0.264559, 0.000000, 0.000000, 0.000000, 1.000000, 0.997208, -0.016632, 0.072795, 0.003630, 0.071291, -0.077919, -0.994407, 0.070857, 0.022211, 0.996821, -0.076516, -0.059515, 0.000000, 0.000000, 0.000000, 1.000000
-14.9965, 85.6648, -7.5604, 346.0872, 415.1004, -76.6652, 264.5525, 3.6306, 70.8566, -59.5152, -0.115081, -0.992863, 0.031301, 0.085665, 0.981148, -0.118535, -0.152636, -0.007560, 0.155257, 0.013145, 0.987787, 0.346087, 0.000000, 0.000000, 0.000000, 1.000000, 0.155054, 0.013171, 0.987818, 0.415100, 0.115081, 0.992863, -0.031302, -0.076665, -0.981180, 0.118533, 0.152432, 0.264552, 0.000000, 0.000000, 0.000000, 1.000000, 0.997208, -0.016632, 0.072796, 0.003631, 0.071292, -0.077919, -0.994407, 0.070857, 0.022211, 0.996821, -0.076516, -0.059515, 0.000000, 0.000000, 0.000000, 1.000000
-14.9951, 85.6657, -7.5492, 346.0911, 415.1043, -76.6661, 264.5414, 3.6310, 70.8564, -59.5152, -0.115066, -0.992864, 0.031307, 0.085666, 0.981156, -0.118521, -0.152596, -0.007549, 0.155217, 0.013159, 0.987793, 0.346091, 0.000000, 0.000000, 0.000000, 1.000000, 0.155015, 0.013184, 0.987824, 0.415104, 0.115066, 0.992864, -0.031308, -0.076666, -0.981188, 0.118518, 0.152391, 0.264541, 0.000000, 0.000000, 0.000000, 1.000000, 0.997208, -0.016632, 0.072796, 0.003631, 0.071292, -0.077919, -0.994407, 0.070856, 0.022212, 0.996821, -0.076515, -0.059515, 0.000000, 0.000000, 0.000000, 1.000000
-14.9933, 85.6666, -7.5410, 346.0937, 415.1069, -76.6669, 264.5333, 3.6314, 70.8561, -59.5151, -0.115044, -0.992867, 0.031316, 0.085667, 0.981165, -0.118500, -0.152558, -0.007541, 0.155180, 0.013175, 0.987798, 0.346094, 0.000000, 0.000000, 0.000000, 1.000000, 0.154978, 0.013200, 0.987830, 0.415107, 0.115044, 0.992867, -0.031317, -0.076667, -0.981197, 0.118497, 0.152354, 0.264533, 0.000000, 0.000000, 0.000000, 1.000000, 0.997208, -0.016633, 0.072797, 0.003631, 0.071293, -0.077918, -0.994407, 0.070856, 0.022212, 0.996821, -0.076515, -0.059515, 0.000000, 0.000000, 0.000000, 1.000000
-14.9922, 85.6670, -7.5380, 346.0945, 415.1078, -76.6674, 264.5304, 3.6316, 70.8560, -59.5151, -0.115031, -0.992868, 0.031321, 0.085667, 0.981169, -0.118487, -0.152540, -0.007538, 0.155163, 0.013184, 0.987801, 0.346095, 0.000000, 0.000000, 0.000000, 1.000000, 0.154961, 0.013209, 0.987832, 0.415108, 0.115030, 0.992868, -0.031322, -0.076667, -0.981201, 0.118484, 0.152336, 0.264530, 0.000000, 0.000000, 0.000000, 1.000000, 0.997208, -0.016633, 0.072797, 0.003632, 0.071293, -0.077918, -0.994407, 0.070856, 0.022212, 0.996821, -0.076514, -0.059515, 0.000000, 0.000000, 0.000000, 1.000000
-14.9898, 85.6678, -7.5344, 346.0952, 415.1085, -76.6681, 264.5268, 3.6322, 70.8557, -59.5150, -0.114998, -0.992872, 0.031332, 0.085668, 0.981178, -0.118456, -0.152507, -0.007534, 0.155131, 0.013204, 0.987806, 0.346095, 0.000000, 0.000000, 0.000000, 1.000000, 0.154929, 0.013230, 0.987837, 0.415108, 0.114997, 0.992872, -0.031333, -0.076668, -0.981210, 0.118453, 0.152303, 0.264527, 0.000000, 0.000000, 0.000000, 1.000000, 0.997208, -0.016633, 0.072798, 0.003632, 0.071294, -0.077917, -0.994407, 0.070856, 0.022212, 0.996821, -0.076514, -0.059515, 0.000000, 0.000000, 0.000000, 1.000000
-14.9838, 85.6691, -7.5363, 346.0928, 415.1060, -76.6694, 264.5289, 3.6336, 70.8550, -59.5148, -0.114908, -0.992881, 0.031361, 0.085669, 0.981197, -0.118371, -0.152449, -0.007536, 0.155076, 0.013253, 0.987814, 0.346093, 0.000000, 0.000000, 0.000000, 1.000000, 0.154875, 0.013279, 0.987845, 0.415106, 0.114908, 0.992881, -0.031362, -0.076669, -0.981229, 0.118369, 0.152246, 0.264529, 0.000000, 0.000000, 0.000000, 1.000000, 0.997208, -0.016633, 0.072801, 0.003634, 0.071297, -0.077916, -0.994407, 0.070855, 0.022213, 0.996821, -0.076512, -0.059515, 0.000000, 0.000000, 0.000000, 1.000000
-14.9782, 85.6699, -7.5454, 346.0877, 415.1008, -76.6702, 264.5383, 3.6349, 70.8544, -59.5146, -0.114822, -0.992890, 0.031388, 0.085670, 0.981212, -0.118289, -0.152413, -0.007545, 0.155042, 0.013297, 0.987818, 0.346088, 0.000000, 0.000000, 0.000000, 1.000000, 0.154841, 0.013323, 0.987850, 0.415101, 0.114822, 0.992890, -0.031388, -0.076670, -0.981244, 0.118287, 0.152211, 0.264538, 0.000000, 0.000000, 0.000000, 1.000000, 0.997208, -0.016634, 0.072803, 0.003635, 0.071299, -0.077914, -0.994407, 0.070854, 0.022213, 0.996821, -0.076511, -0.059515, 0.000000, 0.000000, 0.000000, 1.000000
-14.9717, 85.6712, -7.5486, 346.0848, 415.0979, -76.6715, 264.5415, 3.6363, 70.8537, -59.5144, -0.114726, -0.992900, 0.031418, 0.085671, 0.981233, -0.118199, -0.152354, -0.007549, 0.154986, 0.013349, 0.987826, 0.346085, 0.000000, 0.000000, 0.000000, 1.000000, 0.154785, 0.013374, 0.987858, 0.415098, 0.114726, 0.992900, -0.031419, -0.076672, -0.981264, 0.118196, 0.152152, 0.264541, 0.000000, 0.000000, 0.000000, 1.000000, 0.997207, -0.016634, 0.072806, 0.003636, 0.071302, -0.077913, -0.994407, 0.070854, 0.022214, 0.996821, -0.076509, -0.059514, 0.000000, 0.000000, 0.000000, 1.000000
-14.9693, 85.6716, -7.5514, 346.0831, 415.0962, -76.6719, 264.5442, 3.6369, 70.8534, -59.5143, -0.114690, -0.992904, 0.031429, 0.085672, 0.981239, -0.118165, -0.152337, -0.007551, 0.154969, 0.013368, 0.987829, 0.346083, 0.000000, 0.000000, 0.000000, 1.000000, 0.154768, 0.013393, 0.987860, 0.415096, 0.114690, 0.992904, -0.031430, -0.076672, -0.981271, 0.118162, 0.152134, 0.264544, 0.000000, 0.000000, 0.000000, 1.000000, 0.997207, -0.016634, 0.072807, 0.003637, 0.071303, -0.077912, -0.994407, 0.070853, 0.022214, 0.996821, -0.076509, -0.059514, 0.000000, 0.000000, 0.000000, 1.000000
-14.9643, 85.6723, -7.5595, 346.0786, 415.0918, -76.6726, 264.5524, 3.6380, 70.8528, -59.5142, -0.114612, -0.992912, 0.031453, 0.085672, 0.981253, -0.118091, -0.152304, -0.007560, 0.154939, 0.013407, 0.987833, 0.346079, 0.000000, 0.000000, 0.000000, 1.000000, 0.154738, 0.013432, 0.987864, 0.415092, 0.114612, 0.992912, -0.031453, -0.076673, -0.981285, 0.118088, 0.152102, 0.264552, 0.000000, 0.000000, 0.000000, 1.000000, 0.997207, -0.016634, 0.072809, 0.003638, 0.071305, -0.077911, -0.994407, 0.070853, 0.022214, 0.996822, -0.076508, -0.059514, 0.000000, 0.000000, 0.000000, 1.000000
-14.9561, 85.6732, -7.5777, 346.0695, 415.0826, -76.6735, 264.5706, 3.6399, 70.8520, -59.5139, -0.114482, -0.992926, 0.031492, 0.085673, 0.981275, -0.117968, -0.152262, -0.007578, 0.154900, 0.013471, 0.987838, 0.346069, 0.000000, 0.000000, 0.000000, 1.000000, 0.154699, 0.013496, 0.987869, 0.415083, 0.114482, 0.992926, -0.031492, -0.076673, -0.981306, 0.117965, 0.152060, 0.264571, 0.000000, 0.000000, 0.000000, 1.000000, 0.997207, -0.016635, 0.072813, 0.003640, 0.071309, -0.077910, -0.994407, 0.070852, 0.022215, 0.996822, -0.076506, -0.059514, 0.000000, 0.000000, 0.000000, 1.000000
-14.9502, 85.6737, -7.5935, 346.0619, 415.0750, -76.6740, 264.5865, 3.6412, 70.8513, -59.5137, -0.114388, -0.992936, 0.031520, 0.085674, 0.981289, -0.117879, -0.152239, -0.007593, 0.154879, 0.013516, 0.987841, 0.346062, 0.000000, 0.000000, 0.000000, 1.000000, 0.154678, 0.013540, 0.987872, 0.415075, 0.114388, 0.992936, -0.031520, -0.076674, -0.981321, 0.117876, 0.152036, 0.264586, 0.000000, 0.000000, 0.000000, 1.000000, 0.997207, -0.016635, 0.072815, 0.003641, 0.071311, -0.077908, -0.994407, 0.070851, 0.022215, 0.996822, -0.076504, -0.059514, 0.000000, 0.000000, 0.000000, 1.000000
-14.9441, 85.6741, -7.6119, 346.0532, 415.0664, -76.6743, 264.6049, 3.6426, 70.8507, -59.5136, -0.114288, -0.992947, 0.031549, 0.085674, 0.981303, -0.117784, -0.152218, -0.007612, 0.154861, 0.013562, 0.987843, 0.346053, 0.000000, 0.000000, 0.000000, 1.000000, 0.154660, 0.013587, 0.987874, 0.415066, 0.114288, 0.992947, -0.031549, -0.076674, -0.981335, 0.117782, 0.152016, 0.264605, 0.000000, 0.000000, 0.000000, 1.000000, 0.997206, -0.016635, 0.072818, 0.003643, 0.071314, -0.077907, -0.994407, 0.070851, 0.022215, 0.996822, -0.076503, -0.059514, 0.000000, 0.000000, 0.000000, 1.000000
-14.9345, 85.6745, -7.6438, 346.0385, 415.0516, -76.6748, 264.6369, 3.6448, 70.8497, -59.5133, -0.114130, -0.992963, 0.031594, 0.085674, 0.981325, -0.117635, -0.152194, -0.007644, 0.154840, 0.013634, 0.987846, 0.346038, 0.000000, 0.000000, 0.000000, 1.000000, 0.154639, 0.013659, 0.987877, 0.415052, 0.114130, 0.992963, -0.031595, -0.076675, -0.981357, 0.117632, 0.151992, 0.264637, 0.000000, 0.000000, 0.000000, 1.000000, 0.997206, -0.016635, 0.072822, 0.003645, 0.071318, -0.077905, -0.994407, 0.070850, 0.022215, 0.996822, -0.076501, -0.059513, 0.000000, 0.000000, 0.000000, 1.000000
-14.9312, 85.6746, -7.6554, 346.0332, 415.0463, -76.6749, 264.6486, 3.6455, 70.8493, -59.5132, -0.114076, -0.992969, 0.031610, 0.085675, 0.981332, -0.117583, -0.152187, -0.007655, 0.154834, 0.013659, 0.987846, 0.346033, 0.000000, 0.000000, 0.000000, 1.000000, 0.154634, 0.013684, 0.987877, 0.415046, 0.114075, 0.992969, -0.031611, -0.076675, -0.981364, 0.117581, 0.151985, 0.264649, 0.000000, 0.000000, 0.000000, 1.000000, 0.997206, -0.016635, 0.072824, 0.003646, 0.071320, -0.077905, -0.994407, 0.070849, 0.022216, 0.996822, -0.076500, -0.059513, 0.000000, 0.000000, 0.000000, 1.000000
-14.9210, 85.6748, -7.6930, 346.0161, 415.0293, -76.6751, 264.6864, 3.6478, 70.8482, -59.5129, -0.113906, -0.992987, 0.031658, 0.085675, 0.981354, -0.117423, -0.152170, -0.007693, 0.154821, 0.013735, 0.987847, 0.346016, 0.000000, 0.000000, 0.000000, 1.000000, 0.154621, 0.013760, 0.987878, 0.415029, 0.113906, 0.992987, -0.031659, -0.076675, -0.981386, 0.117420, 0.151969, 0.264686, 0.000000, 0.000000, 0.000000, 1.000000, 0.997206, -0.016635, 0.072829, 0.003648, 0.071325, -0.077903, -0.994406, 0.070848, 0.022216, 0.996822, -0.076498, -0.059513, 0.000000, 0.000000, 0.000000, 1.000000
-14.9175, 85.6749, -7.7063, 346.0101, 415.0233, -76.6752, 264.6997, 3.6486, 70.8479, -59.5128, -0.113848, -0.992993, 0.031675, 0.085675, 0.981361, -0.117368, -0.152166, -0.007706, 0.154817, 0.013761, 0.987847, 0.346010, 0.000000, 0.000000, 0.000000, 1.000000, 0.154617, 0.013785, 0.987878, 0.415023, 0.113848, 0.992993, -0.031675, -0.076675, -0.981393, 0.117365, 0.151964, 0.264700, 0.000000, 0.000000, 0.000000, 1.000000, 0.997206, -0.016636, 0.072830, 0.003649, 0.071326, -0.077902, -0.994406, 0.070848, 0.022216, 0.996822, -0.076498, -0.059513, 0.000000, 0.000000, 0.000000, 1.000000
-14.9105, 85.6749, -7.7339, 345.9978, 415.0109, -76.6752, 264.7274, 3.6502, 70.8472, -59.5127, -0.113730, -0.993006, 0.031708, 0.085675, 0.981376, -0.117257, -0.152158, -0.007734, 0.154811, 0.013813, 0.987847, 0.345998, 0.000000, 0.000000, 0.000000, 1.000000, 0.154612, 0.013837, 0.987878, 0.415011, 0.113730, 0.993006, -0.031709, -0.076675, -0.981407, 0.117254, 0.151957, 0.264727, 0.000000, 0.000000, 0.000000, 1.000000, 0.997205, -0.016636, 0.072833, 0.003650, 0.071329, -0.077901, -0.994406, 0.070847, 0.022216, 0.996822, -0.076496, -0.059513, 0.000000, 0.000000, 0.000000, 1.000000
-14.9034, 85.6750, -7.7626, 345.9850, 414.9981, -76.6752, 264.7562, 3.6518, 70.8464, -59.5125, -0.113610, -0.993018, 0.031742, 0.085675, 0.981391, -0.117143, -0.152151, -0.007763, 0.154807, 0.013865, 0.987847, 0.345985, 0.000000, 0.000000, 0.000000, 1.000000, 0.154608, 0.013889, 0.987878, 0.414998, 0.113610, 0.993018, -0.031742, -0.076675, -0.981422, 0.117140, 0.151951, 0.264756, 0.000000, 0.000000, 0.000000, 1.000000, 0.997205, -0.016636, 0.072837, 0.003652, 0.071333, -0.077899, -0.994406, 0.070846, 0.022216, 0.996822, -0.076495, -0.059512, 0.000000, 0.000000, 0.000000, 1.000000
-14.8998, 85.6750, -7.7772, 345.9785, 414.9916, -76.6752, 264.7709, 3.6526, 70.8461, -59.5124, -0.113549, -0.993025, 0.031758, 0.085675, 0.981398, -0.117086, -0.152149, -0.007777, 0.154806, 0.013891, 0.987847, 0.345979, 0.000000, 0.000000, 0.000000, 1.000000, 0.154607, 0.013916, 0.987878, 0.414992, 0.113549, 0.993025, -0.031759, -0.076675, -0.981429, 0.117083, 0.151948, 0.264771, 0.000000, 0.000000, 0.000000, 1.000000, 0.997205, -0.016636, 0.072838, 0.003653, 0.071334, -0.077899, -0.994406, 0.070846, 0.022217, 0.996822, -0.076494, -0.059512, 0.000000, 0.000000, 0.000000, 1.000000
-14.8926, 85.6749, -7.8069, 345.9654, 414.9784, -76.6752, 264.8007, 3.6542, 70.8453, -59.5122, -0.113428, -0.993037, 0.031792, 0.085675, 0.981412, -0.116971, -0.152144, -0.007807, 0.154803, 0.013944, 0.987847, 0.345965, 0.000000, 0.000000, 0.000000, 1.000000, 0.154604, 0.013968, 0.987878, 0.414978, 0.113428, 0.993037, -0.031793, -0.076675, -0.981444, 0.116968, 0.151944, 0.264801, 0.000000, 0.000000, 0.000000, 1.000000, 0.997205, -0.016636, 0.072842, 0.003654, 0.071338, -0.077897, -0.994406, 0.070845, 0.022217, 0.996823, -0.076493, -0.059512, 0.000000, 0.000000, 0.000000, 1.000000
-14.8854, 85.6749, -7.8370, 345.9521, 414.9651, -76.6752, 264.8309, 3.6558, 70.8446, -59.5120, -0.113305, -0.993050, 0.031826, 0.085675, 0.981427, -0.116855, -0.152140, -0.007837, 0.154802, 0.013997, 0.987846, 0.345952, 0.000000, 0.000000, 0.000000, 1.000000, 0.154603, 0.014021, 0.987877, 0.414965, 0.113305, 0.993050, -0.031827, -0.076675, -0.981458, 0.116852, 0.151940, 0.264831, 0.000000, 0.000000, 0.000000, 1.000000, 0.997205, -0.016636, 0.072845, 0.003656, 0.071341, -0.077896, -0.994406, 0.070845, 0.022217, 0.996823, -0.076491, -0.059512, 0.000000, 0.000000, 0.000000, 1.000000
-14.8782, 85.6748, -7.8673, 345.9387, 414.9518, -76.6751, 264.8614, 3.6574, 70.8439, -59.5118, -0.113183, -0.993063, 0.031860, 0.085675, 0.981441, -0.116739, -0.152136, -0.007867, 0.154800, 0.014049, 0.987846, 0.345939, 0.000000, 0.000000, 0.000000, 1.000000, 0.154602, 0.014074, 0.987877, 0.414952, 0.113183, 0.993063, -0.031861, -0.076675, -0.981472, 0.116737, 0.151937, 0.264861, 0.000000, 0.000000, 0.000000, 1.000000, 0.997204, -0.016636, 0.072848, 0.003657, 0.071344, -0.077895, -0.994406, 0.070844, 0.022217, 0.996823, -0.076490, -0.059512, 0.000000, 0.000000, 0.000000, 1.000000
-14.8782, 85.6748, -7.8673, 345.9387, 414.9518, -76.6751, 264.8614, 3.6574, 70.8439, -59.5118, -0.113183, -0.993063, 0.031860, 0.085675, 0.981441, -0.116739, -0.152136, -0.007867, 0.154800, 0.014049, 0.987846, 0.345939, 0.000000, 0.000000, 0.000000, 1.000000, 0.154602, 0.014074, 0.987877, 0.414952, 0.113183, 0.993063, -0.031861, -0.076675, -0.981472, 0.116737, 0.151937, 0.264861, 0.000000, 0.000000, 0.000000, 1.000000, 0.997204, -0.016636, 0.072848, 0.003657, 0.071344, -0.077895, -0.994406, 0.070844, 0.022217, 0.996823, -0.076490, -0.059512, 0.000000, 0.000000, 0.000000, 1.000000
-14.8639, 85.6747, -7.9276, 345.9122, 414.9252, -76.6749, 264.9220, 3.6607, 70.8424, -59.5114, -0.112940, -0.993089, 0.031927, 0.085675, 0.981469, -0.116509, -0.152130, -0.007928, 0.154798, 0.014153, 0.987845, 0.345912, 0.000000, 0.000000, 0.000000, 1.000000, 0.154601, 0.014178, 0.987875, 0.414925, 0.112940, 0.993089, -0.031927, -0.076675, -0.981501, 0.116506, 0.151931, 0.264922, 0.000000, 0.000000, 0.000000, 1.000000, 0.997204, -0.016636, 0.072855, 0.003661, 0.071351, -0.077892, -0.994405, 0.070842, 0.022218, 0.996823, -0.076487, -0.059511, 0.000000, 0.000000, 0.000000, 1.000000
-14.8604, 85.6746, -7.9425, 345.9057, 414.9186, -76.6749, 264.9370, 3.6615, 70.8420, -59.5113, -0.112880, -0.993095, 0.031943, 0.085675, 0.981476, -0.116452, -0.152128, -0.007943, 0.154797, 0.014179, 0.987844, 0.345906, 0.000000, 0.000000, 0.000000, 1.000000, 0.154600, 0.014203, 0.987875, 0.414919, 0.112880, 0.993095, -0.031944, -0.076675, -0.981507, 0.116449, 0.151930, 0.264937, 0.000000, 0.000000, 0.000000, 1.000000, 0.997204, -0.016636, 0.072856, 0.003661, 0.071352, -0.077891, -0.994405, 0.070842, 0.022218, 0.996823, -0.076486, -0.059511, 0.000000, 0.000000, 0.000000, 1.000000
-14.8534, 85.6746, -7.9719, 345.8928, 414.9057, -76.6749, 264.9666, 3.6630, 70.8413, -59.5112, -0.112761, -0.993108, 0.031975, 0.085675, 0.981490, -0.116339, -0.152124, -0.007972, 0.154796, 0.014230, 0.987844, 0.345893, 0.000000, 0.000000, 0.000000, 1.000000, 0.154599, 0.014254, 0.987874, 0.414906, 0.112760, 0.993108, -0.031976, -0.076675, -0.981521, 0.116337, 0.151926, 0.264967, 0.000000, 0.000000, 0.000000, 1.000000, 0.997203, -0.016636, 0.072860, 0.003663, 0.071356, -0.077890, -0.994405, 0.070841, 0.022218, 0.996823, -0.076485, -0.059511, 0.000000, 0.000000, 0.000000, 1.000000
-14.8465, 85.6750, -7.9922, 345.8835, 414.8965, -76.6753, 264.9869, 3.6646, 70.8406, -59.5110, -0.112649, -0.993119, 0.032007, 0.085675, 0.981507, -0.116233, -0.152101, -0.007992, 0.154775, 0.014281, 0.987847, 0.345884, 0.000000, 0.000000, 0.000000, 1.000000, 0.154578, 0.014305, 0.987877, 0.414896, 0.112648, 0.993119, -0.032007, -0.076675, -0.981538, 0.116230, 0.151903, 0.264987, 0.000000, 0.000000, 0.000000, 1.000000, 0.997203, -0.016636, 0.072863, 0.003665, 0.071359, -0.077889, -0.994405, 0.070841, 0.022218, 0.996823, -0.076484, -0.059511, 0.000000, 0.000000, 0.000000, 1.000000
-14.8431, 85.6752, -8.0023, 345.8789, 414.8919, -76.6755, 264.9970, 3.6654, 70.8403, -59.5109, -0.112593, -0.993125, 0.032022, 0.085675, 0.981515, -0.116181, -0.152090, -0.008002, 0.154765, 0.014306, 0.987848, 0.345879, 0.000000, 0.000000, 0.000000, 1.000000, 0.154568, 0.014330, 0.987878, 0.414892, 0.112593, 0.993125, -0.032023, -0.076675, -0.981546, 0.116178, 0.151892, 0.264997, 0.000000, 0.000000, 0.000000, 1.000000, 0.997203, -0.016636, 0.072864, 0.003665, 0.071360, -0.077888, -0.994405, 0.070840, 0.022218, 0.996823, -0.076483, -0.059511, 0.000000, 0.000000, 0.000000, 1.000000
-14.8364, 85.6756, -8.0225, 345.8697, 414.8827, -76.6759, 265.0173, 3.6669, 70.8396, -59.5107, -0.112483, -0.993137, 0.032053, 0.085676, 0.981530, -0.116077, -0.152068, -0.008023, 0.154745, 0.014356, 0.987850, 0.345870, 0.000000, 0.000000, 0.000000, 1.000000, 0.154548, 0.014380, 0.987881, 0.414883, 0.112483, 0.993136, -0.032054, -0.076676, -0.981561, 0.116074, 0.151870, 0.265017, 0.000000, 0.000000, 0.000000, 1.000000, 0.997203, -0.016636, 0.072867, 0.003667, 0.071363, -0.077887, -0.994405, 0.070840, 0.022219, 0.996823, -0.076481, -0.059511, 0.000000, 0.000000, 0.000000, 1.000000
-14.8331, 85.6758, -8.0327, 345.8651, 414.8781, -76.6761, 265.0274, 3.6677, 70.8392, -59.5106, -0.112429, -0.993142, 0.032068, 0.085676, 0.981538, -0.116025, -0.152057, -0.008033, 0.154735, 0.014380, 0.987851, 0.345865, 0.000000, 0.000000, 0.000000, 1.000000, 0.154539, 0.014404, 0.987882, 0.414878, 0.112429, 0.993142, -0.032069, -0.076676, -0.981569, 0.116022, 0.151860, 0.265027, 0.000000, 0.000000, 0.000000, 1.000000, 0.997203, -0.016636, 0.072869, 0.003668, 0.071365, -0.077886, -0.994405, 0.070839, 0.022219, 0.996823, -0.076481, -0.059511, 0.000000, 0.000000, 0.000000, 1.000000
-14.8265, 85.6762, -8.0529, 345.8559, 414.8689, -76.6765, 265.0478, 3.6692, 70.8385, -59.5104, -0.112321, -0.993153, 0.032098, 0.085676, 0.981553, -0.115923, -0.152037, -0.008053, 0.154717, 0.014429, 0.987853, 0.345856, 0.000000, 0.000000, 0.000000, 1.000000, 0.154521, 0.014453, 0.987884, 0.414869, 0.112321, 0.993153, -0.032099, -0.076676, -0.981584, 0.115920, 0.151840, 0.265048, 0.000000, 0.000000, 0.000000, 1.000000, 0.997203, -0.016637, 0.072872, 0.003669, 0.071368, -0.077885, -0.994405, 0.070839, 0.022219, 0.996824, -0.076479, -0.059510, 0.000000, 0.000000, 0.000000, 1.000000
-14.8200, 85.6766, -8.0732, 345.8467, 414.8597, -76.6768, 265.0681, 3.6706, 70.8379, -59.5102, -0.112215, -0.993164, 0.032127, 0.085677, 0.981568, -0.115822, -0.152018, -0.008073, 0.154700, 0.014477, 0.987855, 0.345847, 0.000000, 0.000000, 0.000000, 1.000000, 0.154504, 0.014500, 0.987886, 0.414860, 0.112215, 0.993164, -0.032128, -0.076677, -0.981599, 0.115819, 0.151820, 0.265068, 0.000000, 0.000000, 0.000000, 1.000000, 0.997202, -0.016637, 0.072874, 0.003671, 0.071371, -0.077883, -0.994405, 0.070838, 0.022219, 0.996824, -0.076478, -0.059510, 0.000000, 0.000000, 0.000000, 1.000000
-14.8137, 85.6769, -8.0934, 345.8376, 414.8506, -76.6772, 265.0884, 3.6721, 70.8372, -59.5100, -0.112110, -0.993175, 0.032156, 0.085677, 0.981583, -0.115723, -0.152000, -0.008093, 0.154683, 0.014523, 0.987857, 0.345838, 0.000000, 0.000000, 0.000000, 1.000000, 0.154487, 0.014547, 0.987888, 0.414851, 0.112110, 0.993175, -0.032157, -0.076677, -0.981613, 0.115720, 0.151802, 0.265088, 0.000000, 0.000000, 0.000000, 1.000000, 0.997202, -0.016637, 0.072877, 0.003672, 0.071374, -0.077882, -0.994404, 0.070837, 0.022220, 0.996824, -0.076477, -0.059510, 0.000000, 0.000000, 0.000000, 1.000000
-14.8137, 85.6769, -8.0934, 345.8376, 414.8506, -76.6772, 265.0884, 3.6721, 70.8372, -59.5100, -0.112110, -0.993175, 0.032156, 0.085677, 0.981583, -0.115723, -0.152000, -0.008093, 0.154683, 0.014523, 0.987857, 0.345838, 0.000000, 0.000000, 0.000000, 1.000000, 0.154487, 0.014547, 0.987888, 0.414851, 0.112110, 0.993175, -0.032157, -0.076677, -0.981613, 0.115720, 0.151802, 0.265088, 0.000000, 0.000000, 0.000000, 1.000000, 0.997202, -0.016637, 0.072877, 0.003672, 0.071374, -0.077882, -0.994404, 0.070837, 0.022220, 0.996824, -0.076477, -0.059510, 0.000000, 0.000000, 0.000000, 1.000000
-14.8013, 85.6777, -8.1332, 345.8197, 414.8326, -76.6780, 265.1283, 3.6749, 70.8359, -59.5096, -0.111906, -0.993197, 0.032213, 0.085678, 0.981611, -0.115530, -0.151965, -0.008133, 0.154653, 0.014614, 0.987861, 0.345820, 0.000000, 0.000000, 0.000000, 1.000000, 0.154457, 0.014638, 0.987891, 0.414833, 0.111906, 0.993196, -0.032213, -0.076678, -0.981641, 0.115527, 0.151768, 0.265128, 0.000000, 0.000000, 0.000000, 1.000000, 0.997202, -0.016637, 0.072883, 0.003675, 0.071379, -0.077879, -0.994404, 0.070836, 0.022220, 0.996824, -0.076474, -0.059510, 0.000000, 0.000000, 0.000000, 1.000000
-14.7923, 85.6782, -8.1624, 345.8065, 414.8194, -76.6785, 265.1578, 3.6769, 70.8350, -59.5094, -0.111759, -0.993212, 0.032253, 0.085678, 0.981631, -0.115390, -0.151941, -0.008162, 0.154632, 0.014680, 0.987863, 0.345807, 0.000000, 0.000000, 0.000000, 1.000000, 0.154437, 0.014704, 0.987893, 0.414819, 0.111759, 0.993212, -0.032254, -0.076679, -0.981662, 0.115387, 0.151745, 0.265158, 0.000000, 0.000000, 0.000000, 1.000000, 0.997201, -0.016637, 0.072887, 0.003677, 0.071383, -0.077878, -0.994404, 0.070835, 0.022220, 0.996824, -0.076472, -0.059509, 0.000000, 0.000000, 0.000000, 1.000000
-14.7894, 85.6784, -8.1720, 345.8022, 414.8151, -76.6787, 265.1674, 3.6776, 70.8347, -59.5093, -0.111710, -0.993217, 0.032267, 0.085678, 0.981637, -0.115344, -0.151934, -0.008172, 0.154625, 0.014701, 0.987864, 0.345802, 0.000000, 0.000000, 0.000000, 1.000000, 0.154430, 0.014725, 0.987894, 0.414815, 0.111710, 0.993217, -0.032267, -0.076679, -0.981668, 0.115341, 0.151738, 0.265167, 0.000000, 0.000000, 0.000000, 1.000000, 0.997201, -0.016637, 0.072888, 0.003678, 0.071384, -0.077877, -0.994404, 0.070835, 0.022221, 0.996824, -0.076472, -0.059509, 0.000000, 0.000000, 0.000000, 1.000000
-14.7865, 85.6785, -8.1816, 345.7979, 414.8108, -76.6788, 265.1770, 3.6782, 70.8344, -59.5092, -0.111662, -0.993222, 0.032280, 0.085679, 0.981644, -0.115298, -0.151926, -0.008182, 0.154618, 0.014723, 0.987865, 0.345798, 0.000000, 0.000000, 0.000000, 1.000000, 0.154423, 0.014746, 0.987895, 0.414811, 0.111662, 0.993222, -0.032280, -0.076679, -0.981675, 0.115295, 0.151730, 0.265177, 0.000000, 0.000000, 0.000000, 1.000000, 0.997201, -0.016637, 0.072890, 0.003678, 0.071386, -0.077877, -0.994404, 0.070834, 0.022221, 0.996824, -0.076471, -0.059509, 0.000000, 0.000000, 0.000000, 1.000000
-14.7807, 85.6789, -8.2005, 345.7894, 414.8022, -76.6792, 265.1961, 3.6795, 70.8338, -59.5091, -0.111567, -0.993232, 0.032306, 0.085679, 0.981657, -0.115208, -0.151911, -0.008201, 0.154605, 0.014765, 0.987866, 0.345789, 0.000000, 0.000000, 0.000000, 1.000000, 0.154411, 0.014788, 0.987896, 0.414802, 0.111567, 0.993232, -0.032307, -0.076679, -0.981687, 0.115205, 0.151715, 0.265196, 0.000000, 0.000000, 0.000000, 1.000000, 0.997201, -0.016638, 0.072892, 0.003680, 0.071388, -0.077875, -0.994404, 0.070834, 0.022221, 0.996824, -0.076470, -0.059509, 0.000000, 0.000000, 0.000000, 1.000000
-14.7779, 85.6790, -8.2099, 345.7852, 414.7980, -76.6793, 265.2056, 3.6802, 70.8335, -59.5090, -0.111520, -0.993236, 0.032319, 0.085679, 0.981663, -0.115164, -0.151904, -0.008210, 0.154598, 0.014786, 0.987867, 0.345785, 0.000000, 0.000000, 0.000000, 1.000000, 0.154404, 0.014809, 0.987897, 0.414798, 0.111520, 0.993236, -0.032319, -0.076679, -0.981694, 0.115161, 0.151708, 0.265206, 0.000000, 0.000000, 0.000000, 1.000000, 0.997201, -0.016638, 0.072893, 0.003680, 0.071390, -0.077875, -0.994404, 0.070834, 0.022221, 0.996824, -0.076469, -0.059509, 0.000000, 0.000000, 0.000000, 1.000000
-14.7751, 85.6792, -8.2192, 345.7810, 414.7938, -76.6795, 265.2150, 3.6808, 70.8333, -59.5089, -0.111474, -0.993241, 0.032332, 0.085679, 0.981669, -0.115119, -0.151897, -0.008219, 0.154592, 0.014806, 0.987867, 0.345781, 0.000000, 0.000000, 0.000000, 1.000000, 0.154398, 0.014830, 0.987897, 0.414794, 0.111473, 0.993241, -0.032332, -0.076680, -0.981700, 0.115116, 0.151701, 0.265215, 0.000000, 0.000000, 0.000000, 1.000000, 0.997201, -0.016638, 0.072895, 0.003681, 0.071391, -0.077874, -0.994404, 0.070833, 0.022221, 0.996824, -0.076469, -0.059509, 0.000000, 0.000000, 0.000000, 1.000000
-14.7639, 85.6799, -8.2560, 345.7644, 414.7772, -76.6802, 265.2521, 3.6834, 70.8321, -59.5086, -0.111289, -0.993260, 0.032382, 0.085680, 0.981695, -0.114944, -0.151867, -0.008256, 0.154566, 0.014888, 0.987870, 0.345764, 0.000000, 0.000000, 0.000000, 1.000000, 0.154373, 0.014912, 0.987900, 0.414777, 0.111288, 0.993260, -0.032383, -0.076680, -0.981725, 0.114941, 0.151673, 0.265252, 0.000000, 0.000000, 0.000000, 1.000000, 0.997200, -0.016638, 0.072900, 0.003683, 0.071396, -0.077872, -0.994404, 0.070832, 0.022222, 0.996825, -0.076466, -0.059509, 0.000000, 0.000000, 0.000000, 1.000000
-14.7584, 85.6802, -8.2740, 345.7563, 414.7691, -76.6805, 265.2702, 3.6846, 70.8315, -59.5084, -0.111198, -0.993270, 0.032407, 0.085680, 0.981707, -0.114858, -0.151853, -0.008274, 0.154553, 0.014929, 0.987872, 0.345756, 0.000000, 0.000000, 0.000000, 1.000000, 0.154360, 0.014952, 0.987902, 0.414769, 0.111198, 0.993270, -0.032408, -0.076680, -0.981737, 0.114855, 0.151658, 0.265270, 0.000000, 0.000000, 0.000000, 1.000000, 0.997200, -0.016638, 0.072902, 0.003685, 0.071399, -0.077871, -0.994404, 0.070832, 0.022222, 0.996825, -0.076465, -0.059508, 0.000000, 0.000000, 0.000000, 1.000000
-14.7557, 85.6803, -8.2829, 345.7523, 414.7651, -76.6806, 265.2792, 3.6852, 70.8313, -59.5083, -0.111153, -0.993274, 0.032420, 0.085680, 0.981713, -0.114815, -0.151845, -0.008283, 0.154546, 0.014949, 0.987872, 0.345752, 0.000000, 0.000000, 0.000000, 1.000000, 0.154354, 0.014972, 0.987902, 0.414765, 0.111153, 0.993274, -0.032420, -0.076681, -0.981743, 0.114812, 0.151651, 0.265279, 0.000000, 0.000000, 0.000000, 1.000000, 0.997200, -0.016638, 0.072903, 0.003685, 0.071400, -0.077870, -0.994403, 0.070831, 0.022222, 0.996825, -0.076464, -0.059508, 0.000000, 0.000000, 0.000000, 1.000000
-14.7503, 85.6811, -8.2918, 345.7478, 414.7606, -76.6814, 265.2882, 3.6865, 70.8307, -59.5081, -0.111070, -0.993283, 0.032443, 0.085681, 0.981727, -0.114736, -0.151812, -0.008292, 0.154514, 0.014989, 0.987877, 0.345748, 0.000000, 0.000000, 0.000000, 1.000000, 0.154322, 0.015012, 0.987907, 0.414761, 0.111070, 0.993283, -0.032444, -0.076681, -0.981758, 0.114733, 0.151618, 0.265288, 0.000000, 0.000000, 0.000000, 1.000000, 0.997200, -0.016638, 0.072906, 0.003686, 0.071402, -0.077869, -0.994403, 0.070831, 0.022222, 0.996825, -0.076463, -0.059508, 0.000000, 0.000000, 0.000000, 1.000000
-14.7450, 85.6818, -8.3012, 345.7431, 414.7559, -76.6821, 265.2976, 3.6877, 70.8301, -59.5080, -0.110987, -0.993291, 0.032467, 0.085682, 0.981742, -0.114658, -0.151779, -0.008301, 0.154484, 0.015029, 0.987881, 0.345743, 0.000000, 0.000000, 0.000000, 1.000000, 0.154291, 0.015052, 0.987911, 0.414756, 0.110987, 0.993291, -0.032468, -0.076682, -0.981772, 0.114655, 0.151585, 0.265298, 0.000000, 0.000000, 0.000000, 1.000000, 0.997200, -0.016639, 0.072908, 0.003688, 0.071404, -0.077868, -0.994403, 0.070830, 0.022223, 0.996825, -0.076462, -0.059508, 0.000000, 0.000000, 0.000000, 1.000000
-14.7424, 85.6822, -8.3061, 345.7407, 414.7535, -76.6825, 265.3025, 3.6883, 70.8298, -59.5079, -0.110946, -0.993296, 0.032479, 0.085682, 0.981749, -0.114618, -0.151764, -0.008306, 0.154469, 0.015048, 0.987883, 0.345741, 0.000000, 0.000000, 0.000000, 1.000000, 0.154276, 0.015072, 0.987913, 0.414753, 0.110946, 0.993296, -0.032479, -0.076682, -0.981779, 0.114615, 0.151570, 0.265302, 0.000000, 0.000000, 0.000000, 1.000000, 0.997200, -0.016639, 0.072909, 0.003688, 0.071406, -0.077867, -0.994403, 0.070830, 0.022223, 0.996825, -0.076461, -0.059508, 0.000000, 0.000000, 0.000000, 1.000000
-14.7372, 85.6828, -8.3164, 345.7357, 414.7484, -76.6831, 265.3128, 3.6895, 70.8293, -59.5077, -0.110863, -0.993304, 0.032502, 0.085683, 0.981762, -0.114540, -0.151734, -0.008316, 0.154441, 0.015088, 0.987887, 0.345736, 0.000000, 0.000000, 0.000000, 1.000000, 0.154248, 0.015111, 0.987917, 0.414748, 0.110863, 0.993304, -0.032503, -0.076683, -0.981793, 0.114537, 0.151540, 0.265313, 0.000000, 0.000000, 0.000000, 1.000000, 0.997200, -0.016639, 0.072912, 0.003689, 0.071408, -0.077866, -0.994403, 0.070829, 0.022223, 0.996825, -0.076460, -0.059508, 0.000000, 0.000000, 0.000000, 1.000000
-14.7320, 85.6835, -8.3273, 345.7303, 414.7431, -76.6838, 265.3238, 3.6907, 70.8287, -59.5076, -0.110781, -0.993313, 0.032526, 0.085683, 0.981776, -0.114461, -0.151706, -0.008327, 0.154414, 0.015127, 0.987890, 0.345730, 0.000000, 0.000000, 0.000000, 1.000000, 0.154222, 0.015150, 0.987920, 0.414743, 0.110780, 0.993313, -0.032527, -0.076684, -0.981806, 0.114458, 0.151512, 0.265324, 0.000000, 0.000000, 0.000000, 1.000000, 0.997199, -0.016639, 0.072914, 0.003691, 0.071410, -0.077865, -0.994403, 0.070829, 0.022223, 0.996825, -0.076459, -0.059508, 0.000000, 0.000000, 0.000000, 1.000000
-14.7294, 85.6838, -8.3331, 345.7276, 414.7403, -76.6841, 265.3296, 3.6913, 70.8285, -59.5075, -0.110739, -0.993317, 0.032538, 0.085684, 0.981783, -0.114422, -0.151693, -0.008333, 0.154402, 0.015147, 0.987892, 0.345728, 0.000000, 0.000000, 0.000000, 1.000000, 0.154210, 0.015170, 0.987922, 0.414740, 0.110739, 0.993317, -0.032538, -0.076684, -0.981813, 0.114419, 0.151499, 0.265330, 0.000000, 0.000000, 0.000000, 1.000000, 0.997199, -0.016639, 0.072915, 0.003691, 0.071411, -0.077865, -0.994403, 0.070828, 0.022224, 0.996825, -0.076458, -0.059507, 0.000000, 0.000000, 0.000000, 1.000000
-14.7189, 85.6848, -8.3578, 345.7157, 414.7284, -76.6851, 265.3546, 3.6936, 70.8273, -59.5072, -0.110572, -0.993334, 0.032585, 0.085685, 0.981809, -0.114264, -0.151643, -0.008358, 0.154355, 0.015225, 0.987898, 0.345716, 0.000000, 0.000000, 0.000000, 1.000000, 0.154164, 0.015248, 0.987928, 0.414728, 0.110572, 0.993334, -0.032586, -0.076685, -0.981839, 0.114261, 0.151450, 0.265355, 0.000000, 0.000000, 0.000000, 1.000000, 0.997199, -0.016640, 0.072920, 0.003694, 0.071416, -0.077862, -0.994403, 0.070827, 0.022224, 0.996825, -0.076456, -0.059507, 0.000000, 0.000000, 0.000000, 1.000000
-14.7163, 85.6851, -8.3644, 345.7126, 414.7253, -76.6854, 265.3612, 3.6942, 70.8271, -59.5071, -0.110530, -0.993338, 0.032597, 0.085685, 0.981815, -0.114224, -0.151632, -0.008364, 0.154345, 0.015245, 0.987899, 0.345713, 0.000000, 0.000000, 0.000000, 1.000000, 0.154153, 0.015268, 0.987929, 0.414725, 0.110530, 0.993338, -0.032598, -0.076685, -0.981845, 0.114221, 0.151439, 0.265361, 0.000000, 0.000000, 0.000000, 1.000000, 0.997199, -0.016640, 0.072921, 0.003694, 0.071417, -0.077862, -0.994403, 0.070827, 0.022224, 0.996825, -0.076455, -0.059507, 0.000000, 0.000000, 0.000000, 1.000000
