# Joint_6_Angle(deg), Cam_X(mm), Cam_Y(mm), Cam_Z(mm), Torso_X(mm), Torso_Y(mm), Torso_Z(mm), EE_X(mm), EE_Y(mm), EE_Z(mm), T_cam2marker_flat(16), T_torso2marker_flat(16), T_ee2marker_flat(16)
-19.9994, 11.5018, -18.6653, 246.5962, 268.6028, -11.5022, 218.6517, 5.8181, 101.1569, 15.8342, 0.933097, -0.045984, -0.356672, 0.011502, 0.076850, 0.994378, 0.072848, -0.018665, 0.351316, -0.095384, 0.931385, 0.246596, 0.000000, 0.000000, 0.000000, 1.000000, 0.351288, -0.095735, 0.931360, 0.268603, -0.933098, 0.045985, 0.356670, -0.011502, -0.076974, -0.994344, -0.073177, 0.218652, 0.000000, 0.000000, 0.000000, 1.000000, 0.994722, -0.071512, 0.073578, 0.005818, 0.074055, 0.004034, -0.997246, 0.101157, 0.071018, 0.997432, 0.009309, 0.015834, 0.000000, 0.000000, 0.000000, 1.000000
-19.9995, 11.5017, -18.6670, 246.5955, 268.6021, -11.5021, 218.6534, 5.8178, 101.1571, 15.8341, 0.933097, -0.045983, -0.356674, 0.011502, 0.076847, 0.994378, 0.072844, -0.018667, 0.351319, -0.095380, 0.931385, 0.246595, 0.000000, 0.000000, 0.000000, 1.000000, 0.351291, -0.095731, 0.931359, 0.268602, -0.933097, 0.045983, 0.356673, -0.011502, -0.076971, -0.994345, -0.073173, 0.218653, 0.000000, 0.000000, 0.000000, 1.000000, 0.994722, -0.071512, 0.073578, 0.005818, 0.074055, 0.004034, -0.997246, 0.101157, 0.071018, 0.997432, 0.009309, 0.015834, 0.000000, 0.000000, 0.000000, 1.000000
-19.9996, 11.5016, -18.6681, 246.5950, 268.6016, -11.5020, 218.6544, 5.8176, 101.1573, 15.8340, 0.933096, -0.045982, -0.356675, 0.011502, 0.076846, 0.994379, 0.072842, -0.018668, 0.351321, -0.095377, 0.931384, 0.246595, 0.000000, 0.000000, 0.000000, 1.000000, 0.351292, -0.095729, 0.931359, 0.268602, -0.933097, 0.045982, 0.356674, -0.011502, -0.076970, -0.994345, -0.073171, 0.218654, 0.000000, 0.000000, 0.000000, 1.000000, 0.994722, -0.071512, 0.073578, 0.005818, 0.074055, 0.004034, -0.997246, 0.101157, 0.071018, 0.997432, 0.009309, 0.015834, 0.000000, 0.000000, 0.000000, 1.000000
-19.9998, 11.5013, -18.6705, 246.5940, 268.6005, -11.5017, 218.6567, 5.8172, 101.1575, 15.8338, 0.933095, -0.045979, -0.356678, 0.011501, 0.076841, 0.994379, 0.072837, -0.018670, 0.351324, -0.095371, 0.931384, 0.246594, 0.000000, 0.000000, 0.000000, 1.000000, 0.351295, -0.095723, 0.931358, 0.268601, -0.933096, 0.045980, 0.356676, -0.011502, -0.076966, -0.994346, -0.073166, 0.218657, 0.000000, 0.000000, 0.000000, 1.000000, 0.994722, -0.071512, 0.073578, 0.005817, 0.074055, 0.004034, -0.997246, 0.101158, 0.071018, 0.997432, 0.009309, 0.015834, 0.000000, 0.000000, 0.000000, 1.000000
-20.0000, 11.5008, -18.6748, 246.5920, 268.5986, -11.5012, 218.6610, 5.8165, 101.1580, 15.8334, 0.933094, -0.045975, -0.356682, 0.011501, 0.076834, 0.994381, 0.072828, -0.018675, 0.351329, -0.095361, 0.931383, 0.246592, 0.000000, 0.000000, 0.000000, 1.000000, 0.351300, -0.095713, 0.931358, 0.268599, -0.933095, 0.045975, 0.356680, -0.011501, -0.076958, -0.994347, -0.073158, 0.218661, 0.000000, 0.000000, 0.000000, 1.000000, 0.994722, -0.071512, 0.073578, 0.005816, 0.074055, 0.004034, -0.997246, 0.101158, 0.071018, 0.997432, 0.009308, 0.015833, 0.000000, 0.000000, 0.000000, 1.000000
-20.0002, 11.5001, -18.6797, 246.5898, 268.5963, -11.5005, 218.6659, 5.8157, 101.1586, 15.8329, 0.933093, -0.045970, -0.356685, 0.011500, 0.076825, 0.994382, 0.072818, -0.018680, 0.351333, -0.095349, 0.931383, 0.246590, 0.000000, 0.000000, 0.000000, 1.000000, 0.351305, -0.095701, 0.931357, 0.268596, -0.933094, 0.045970, 0.356683, -0.011501, -0.076950, -0.994348, -0.073148, 0.218666, 0.000000, 0.000000, 0.000000, 1.000000, 0.994722, -0.071512, 0.073578, 0.005816, 0.074055, 0.004034, -0.997246, 0.101159, 0.071018, 0.997432, 0.009308, 0.015833, 0.000000, 0.000000, 0.000000, 1.000000
-20.0003, 11.4999, -18.6815, 246.5889, 268.5955, -11.5003, 218.6676, 5.8155, 101.1588, 15.8327, 0.933093, -0.045968, -0.356685, 0.011500, 0.076822, 0.994382, 0.072815, -0.018681, 0.351335, -0.095344, 0.931383, 0.246589, 0.000000, 0.000000, 0.000000, 1.000000, 0.351306, -0.095696, 0.931357, 0.268596, -0.933094, 0.045969, 0.356684, -0.011500, -0.076947, -0.994349, -0.073145, 0.218668, 0.000000, 0.000000, 0.000000, 1.000000, 0.994722, -0.071512, 0.073578, 0.005815, 0.074055, 0.004034, -0.997246, 0.101159, 0.071018, 0.997432, 0.009308, 0.015833, 0.000000, 0.000000, 0.000000, 1.000000
-20.0003, 11.5016, -18.6709, 246.5940, 268.6006, -11.5020, 218.6567, 5.8167, 101.1577, 15.8337, 0.933092, -0.045979, -0.356687, 0.011502, 0.076841, 0.994379, 0.072835, -0.018671, 0.351333, -0.095370, 0.931380, 0.246594, 0.000000, 0.000000, 0.000000, 1.000000, 0.351304, -0.095723, 0.931355, 0.268601, -0.933092, 0.045979, 0.356685, -0.011502, -0.076966, -0.994346, -0.073166, 0.218657, 0.000000, 0.000000, 0.000000, 1.000000, 0.994722, -0.071512, 0.073578, 0.005817, 0.074055, 0.004033, -0.997246, 0.101158, 0.071018, 0.997432, 0.009308, 0.015834, 0.000000, 0.000000, 0.000000, 1.000000
-20.0003, 11.5016, -18.6709, 246.5940, 268.6006, -11.5020, 218.6567, 5.8167, 101.1577, 15.8337, 0.933092, -0.045979, -0.356687, 0.011502, 0.076841, 0.994379, 0.072835, -0.018671, 0.351333, -0.095370, 0.931380, 0.246594, 0.000000, 0.000000, 0.000000, 1.000000, 0.351304, -0.095723, 0.931355, 0.268601, -0.933092, 0.045979, 0.356685, -0.011502, -0.076966, -0.994346, -0.073166, 0.218657, 0.000000, 0.000000, 0.000000, 1.000000, 0.994722, -0.071512, 0.073578, 0.005817, 0.074055, 0.004033, -0.997246, 0.101158, 0.071018, 0.997432, 0.009308, 0.015834, 0.000000, 0.000000, 0.000000, 1.000000
-20.0002, 11.5028, -18.6631, 246.5977, 268.6043, -11.5032, 218.6488, 5.8176, 101.1569, 15.8345, 0.933092, -0.045987, -0.356686, 0.011503, 0.076855, 0.994377, 0.072850, -0.018663, 0.351330, -0.095389, 0.931380, 0.246598, 0.000000, 0.000000, 0.000000, 1.000000, 0.351301, -0.095743, 0.931354, 0.268604, -0.933093, 0.045987, 0.356684, -0.011503, -0.076980, -0.994343, -0.073182, 0.218649, 0.000000, 0.000000, 0.000000, 1.000000, 0.994722, -0.071512, 0.073578, 0.005818, 0.074055, 0.004033, -0.997246, 0.101157, 0.071018, 0.997432, 0.009308, 0.015834, 0.000000, 0.000000, 0.000000, 1.000000
-20.0001, 11.5032, -18.6598, 246.5992, 268.6059, -11.5036, 218.6454, 5.8181, 101.1565, 15.8348, 0.933092, -0.045990, -0.356684, 0.011503, 0.076861, 0.994376, 0.072857, -0.018660, 0.351327, -0.095397, 0.931380, 0.246599, 0.000000, 0.000000, 0.000000, 1.000000, 0.351298, -0.095751, 0.931354, 0.268606, -0.933093, 0.045990, 0.356682, -0.011504, -0.076986, -0.994342, -0.073189, 0.218645, 0.000000, 0.000000, 0.000000, 1.000000, 0.994722, -0.071512, 0.073578, 0.005818, 0.074055, 0.004033, -0.997246, 0.101157, 0.071018, 0.997432, 0.009308, 0.015835, 0.000000, 0.000000, 0.000000, 1.000000
-19.9997, 11.5038, -18.6541, 246.6018, 268.6085, -11.5042, 218.6395, 5.8191, 101.1559, 15.8353, 0.933095, -0.045996, -0.356678, 0.011504, 0.076871, 0.994375, 0.072868, -0.018654, 0.351320, -0.095411, 0.931381, 0.246602, 0.000000, 0.000000, 0.000000, 1.000000, 0.351291, -0.095766, 0.931356, 0.268608, -0.933095, 0.045996, 0.356676, -0.011504, -0.076996, -0.994341, -0.073201, 0.218640, 0.000000, 0.000000, 0.000000, 1.000000, 0.994722, -0.071512, 0.073578, 0.005819, 0.074055, 0.004034, -0.997246, 0.101156, 0.071018, 0.997432, 0.009308, 0.015835, 0.000000, 0.000000, 0.000000, 1.000000
-19.9991, 11.5039, -18.6498, 246.6037, 268.6103, -11.5043, 218.6351, 5.8201, 101.1553, 15.8356, 0.933098, -0.046000, -0.356667, 0.011504, 0.076878, 0.994374, 0.072877, -0.018650, 0.351308, -0.095422, 0.931385, 0.246604, 0.000000, 0.000000, 0.000000, 1.000000, 0.351279, -0.095777, 0.931359, 0.268610, -0.933099, 0.046000, 0.356666, -0.011504, -0.077003, -0.994339, -0.073210, 0.218635, 0.000000, 0.000000, 0.000000, 1.000000, 0.994722, -0.071512, 0.073578, 0.005820, 0.074055, 0.004034, -0.997246, 0.101155, 0.071018, 0.997432, 0.009309, 0.015836, 0.000000, 0.000000, 0.000000, 1.000000
-19.9981, 11.5036, -18.6468, 246.6048, 268.6115, -11.5040, 218.6319, 5.8213, 101.1548, 15.8359, 0.933104, -0.046003, -0.356651, 0.011504, 0.076882, 0.994373, 0.072885, -0.018647, 0.351291, -0.095429, 0.931390, 0.246605, 0.000000, 0.000000, 0.000000, 1.000000, 0.351262, -0.095785, 0.931365, 0.268611, -0.933105, 0.046004, 0.356649, -0.011504, -0.077008, -0.994338, -0.073218, 0.218632, 0.000000, 0.000000, 0.000000, 1.000000, 0.994722, -0.071512, 0.073578, 0.005821, 0.074055, 0.004036, -0.997246, 0.101155, 0.071018, 0.997432, 0.009310, 0.015836, 0.000000, 0.000000, 0.000000, 1.000000
-19.9981, 11.5036, -18.6468, 246.6048, 268.6115, -11.5040, 218.6319, 5.8213, 101.1548, 15.8359, 0.933104, -0.046003, -0.356651, 0.011504, 0.076882, 0.994373, 0.072885, -0.018647, 0.351291, -0.095429, 0.931390, 0.246605, 0.000000, 0.000000, 0.000000, 1.000000, 0.351262, -0.095785, 0.931365, 0.268611, -0.933105, 0.046004, 0.356649, -0.011504, -0.077008, -0.994338, -0.073218, 0.218632, 0.000000, 0.000000, 0.000000, 1.000000, 0.994722, -0.071512, 0.073578, 0.005821, 0.074055, 0.004036, -0.997246, 0.101155, 0.071018, 0.997432, 0.009310, 0.015836, 0.000000, 0.000000, 0.000000, 1.000000
-19.9949, 11.5018, -18.6412, 246.6065, 268.6132, -11.5021, 218.6261, 5.8246, 101.1538, 15.8362, 0.933124, -0.046009, -0.356599, 0.011502, 0.076888, 0.994371, 0.072900, -0.018641, 0.351238, -0.095443, 0.931409, 0.246607, 0.000000, 0.000000, 0.000000, 1.000000, 0.351209, -0.095800, 0.931383, 0.268613, -0.933125, 0.046009, 0.356598, -0.011502, -0.077015, -0.994337, -0.073235, 0.218626, 0.000000, 0.000000, 0.000000, 1.000000, 0.994722, -0.071511, 0.073578, 0.005825, 0.074055, 0.004039, -0.997246, 0.101154, 0.071017, 0.997432, 0.009314, 0.015836, 0.000000, 0.000000, 0.000000, 1.000000
-19.9938, 11.5019, -18.6349, 246.6092, 268.6159, -11.5023, 218.6196, 5.8262, 101.1529, 15.8367, 0.933130, -0.046016, -0.356582, 0.011502, 0.076899, 0.994369, 0.072914, -0.018635, 0.351219, -0.095459, 0.931414, 0.246609, 0.000000, 0.000000, 0.000000, 1.000000, 0.351190, -0.095817, 0.931389, 0.268616, -0.933131, 0.046016, 0.356580, -0.011502, -0.077025, -0.994335, -0.073249, 0.218620, 0.000000, 0.000000, 0.000000, 1.000000, 0.994722, -0.071511, 0.073578, 0.005826, 0.074055, 0.004041, -0.997246, 0.101153, 0.071017, 0.997432, 0.009315, 0.015837, 0.000000, 0.000000, 0.000000, 1.000000
-19.9913, 11.5015, -18.6239, 246.6137, 268.6204, -11.5019, 218.6082, 5.8295, 101.1514, 15.8376, 0.933145, -0.046027, -0.356542, 0.011502, 0.076916, 0.994366, 0.072939, -0.018624, 0.351176, -0.095486, 0.931428, 0.246614, 0.000000, 0.000000, 0.000000, 1.000000, 0.351147, -0.095845, 0.931402, 0.268620, -0.933145, 0.046027, 0.356540, -0.011502, -0.077042, -0.994332, -0.073275, 0.218608, 0.000000, 0.000000, 0.000000, 1.000000, 0.994722, -0.071511, 0.073578, 0.005830, 0.074055, 0.004044, -0.997246, 0.101151, 0.071017, 0.997432, 0.009318, 0.015838, 0.000000, 0.000000, 0.000000, 1.000000
-19.9883, 11.5004, -18.6151, 246.6170, 268.6237, -11.5008, 218.5992, 5.8330, 101.1500, 15.8382, 0.933163, -0.046036, -0.356493, 0.011500, 0.076928, 0.994364, 0.072960, -0.018615, 0.351125, -0.095508, 0.931445, 0.246617, 0.000000, 0.000000, 0.000000, 1.000000, 0.351096, -0.095868, 0.931419, 0.268624, -0.933164, 0.046036, 0.356492, -0.011501, -0.077055, -0.994329, -0.073297, 0.218599, 0.000000, 0.000000, 0.000000, 1.000000, 0.994722, -0.071511, 0.073578, 0.005833, 0.074055, 0.004047, -0.997246, 0.101150, 0.071016, 0.997432, 0.009322, 0.015838, 0.000000, 0.000000, 0.000000, 1.000000
-19.9865, 11.4995, -18.6116, 246.6182, 268.6249, -11.4999, 218.5956, 5.8349, 101.1494, 15.8384, 0.933173, -0.046040, -0.356466, 0.011499, 0.076932, 0.994363, 0.072969, -0.018612, 0.351097, -0.095517, 0.931455, 0.246618, 0.000000, 0.000000, 0.000000, 1.000000, 0.351067, -0.095877, 0.931429, 0.268625, -0.933174, 0.046040, 0.356464, -0.011500, -0.077060, -0.994328, -0.073307, 0.218596, 0.000000, 0.000000, 0.000000, 1.000000, 0.994722, -0.071511, 0.073577, 0.005835, 0.074055, 0.004049, -0.997246, 0.101149, 0.071016, 0.997432, 0.009324, 0.015838, 0.000000, 0.000000, 0.000000, 1.000000
-19.9827, 11.4971, -18.6062, 246.6196, 268.6263, -11.4975, 218.5899, 5.8387, 101.1482, 15.8387, 0.933197, -0.046046, -0.356403, 0.011497, 0.076938, 0.994361, 0.072985, -0.018606, 0.351032, -0.095530, 0.931477, 0.246620, 0.000000, 0.000000, 0.000000, 1.000000, 0.351003, -0.095892, 0.931451, 0.268626, -0.933198, 0.046046, 0.356401, -0.011497, -0.077065, -0.994326, -0.073324, 0.218590, 0.000000, 0.000000, 0.000000, 1.000000, 0.994722, -0.071510, 0.073577, 0.005839, 0.074055, 0.004054, -0.997246, 0.101148, 0.071015, 0.997432, 0.009328, 0.015839, 0.000000, 0.000000, 0.000000, 1.000000
-19.9805, 11.4955, -18.6043, 246.6199, 268.6266, -11.4959, 218.5879, 5.8407, 101.1476, 15.8387, 0.933210, -0.046048, -0.356368, 0.011496, 0.076939, 0.994360, 0.072992, -0.018604, 0.350997, -0.095535, 0.931490, 0.246620, 0.000000, 0.000000, 0.000000, 1.000000, 0.350967, -0.095898, 0.931464, 0.268627, -0.933211, 0.046048, 0.356366, -0.011496, -0.077067, -0.994326, -0.073331, 0.218588, 0.000000, 0.000000, 0.000000, 1.000000, 0.994722, -0.071510, 0.073577, 0.005841, 0.074055, 0.004057, -0.997246, 0.101148, 0.071015, 0.997432, 0.009331, 0.015839, 0.000000, 0.000000, 0.000000, 1.000000
-19.9782, 11.4938, -18.6030, 246.6198, 268.6266, -11.4942, 218.5864, 5.8428, 101.1471, 15.8387, 0.933225, -0.046049, -0.356330, 0.011494, 0.076939, 0.994360, 0.072998, -0.018603, 0.350959, -0.095539, 0.931504, 0.246620, 0.000000, 0.000000, 0.000000, 1.000000, 0.350929, -0.095902, 0.931478, 0.268627, -0.933225, 0.046049, 0.356328, -0.011494, -0.077067, -0.994325, -0.073338, 0.218586, 0.000000, 0.000000, 0.000000, 1.000000, 0.994722, -0.071510, 0.073577, 0.005843, 0.074056, 0.004060, -0.997246, 0.101147, 0.071014, 0.997432, 0.009334, 0.015839, 0.000000, 0.000000, 0.000000, 1.000000
-19.9642, 11.4818, -18.6033, 246.6155, 268.6223, -11.4822, 218.5862, 5.8543, 101.1449, 15.8378, 0.933312, -0.046050, -0.356102, 0.011482, 0.076922, 0.994360, 0.073018, -0.018603, 0.350731, -0.095541, 0.931590, 0.246615, 0.000000, 0.000000, 0.000000, 1.000000, 0.350701, -0.095906, 0.931564, 0.268622, -0.933312, 0.046051, 0.356101, -0.011482, -0.077051, -0.994325, -0.073360, 0.218586, 0.000000, 0.000000, 0.000000, 1.000000, 0.994723, -0.071508, 0.073576, 0.005854, 0.074056, 0.004078, -0.997246, 0.101145, 0.071011, 0.997432, 0.009352, 0.015838, 0.000000, 0.000000, 0.000000, 1.000000
-19.9609, 11.4788, -18.6046, 246.6139, 268.6207, -11.4792, 218.5874, 5.8569, 101.1446, 15.8374, 0.933332, -0.046049, -0.356049, 0.011479, 0.076916, 0.994360, 0.073020, -0.018605, 0.350678, -0.095538, 0.931610, 0.246614, 0.000000, 0.000000, 0.000000, 1.000000, 0.350649, -0.095903, 0.931584, 0.268621, -0.933333, 0.046049, 0.356047, -0.011479, -0.077045, -0.994325, -0.073362, 0.218587, 0.000000, 0.000000, 0.000000, 1.000000, 0.994723, -0.071508, 0.073576, 0.005857, 0.074056, 0.004082, -0.997246, 0.101145, 0.071011, 0.997432, 0.009356, 0.015837, 0.000000, 0.000000, 0.000000, 1.000000
-19.9539, 11.4721, -18.6084, 246.6099, 268.6168, -11.4725, 218.5911, 5.8623, 101.1438, 15.8366, 0.933376, -0.046046, -0.355935, 0.011472, 0.076901, 0.994361, 0.073023, -0.018608, 0.350565, -0.095530, 0.931653, 0.246610, 0.000000, 0.000000, 0.000000, 1.000000, 0.350535, -0.095896, 0.931627, 0.268617, -0.933376, 0.046046, 0.355933, -0.011473, -0.077030, -0.994326, -0.073366, 0.218591, 0.000000, 0.000000, 0.000000, 1.000000, 0.994723, -0.071507, 0.073576, 0.005862, 0.074057, 0.004091, -0.997246, 0.101144, 0.071009, 0.997432, 0.009365, 0.015837, 0.000000, 0.000000, 0.000000, 1.000000
-19.9501, 11.4685, -18.6109, 246.6076, 268.6145, -11.4689, 218.5934, 5.8651, 101.1435, 15.8361, 0.933399, -0.046044, -0.355873, 0.011469, 0.076893, 0.994362, 0.073024, -0.018611, 0.350505, -0.095524, 0.931677, 0.246608, 0.000000, 0.000000, 0.000000, 1.000000, 0.350475, -0.095891, 0.931650, 0.268614, -0.933400, 0.046044, 0.355872, -0.011469, -0.077022, -0.994326, -0.073367, 0.218593, 0.000000, 0.000000, 0.000000, 1.000000, 0.994723, -0.071507, 0.073576, 0.005865, 0.074057, 0.004096, -0.997246, 0.101143, 0.071009, 0.997432, 0.009370, 0.015836, 0.000000, 0.000000, 0.000000, 1.000000
-19.9421, 11.4607, -18.6167, 246.6025, 268.6093, -11.4611, 218.5990, 5.8711, 101.1428, 15.8351, 0.933449, -0.046039, -0.355743, 0.011461, 0.076873, 0.994363, 0.073024, -0.018617, 0.350376, -0.095511, 0.931727, 0.246602, 0.000000, 0.000000, 0.000000, 1.000000, 0.350346, -0.095879, 0.931700, 0.268609, -0.933450, 0.046039, 0.355741, -0.011461, -0.077003, -0.994328, -0.073368, 0.218599, 0.000000, 0.000000, 0.000000, 1.000000, 0.994723, -0.071506, 0.073575, 0.005871, 0.074057, 0.004106, -0.997246, 0.101143, 0.071007, 0.997432, 0.009380, 0.015835, 0.000000, 0.000000, 0.000000, 1.000000
-19.9379, 11.4565, -18.6200, 246.5996, 268.6065, -11.4569, 218.6022, 5.8742, 101.1425, 15.8345, 0.933476, -0.046036, -0.355674, 0.011456, 0.076862, 0.994364, 0.073024, -0.018620, 0.350307, -0.095504, 0.931753, 0.246600, 0.000000, 0.000000, 0.000000, 1.000000, 0.350277, -0.095872, 0.931727, 0.268606, -0.933476, 0.046036, 0.355672, -0.011457, -0.076992, -0.994329, -0.073369, 0.218602, 0.000000, 0.000000, 0.000000, 1.000000, 0.994723, -0.071506, 0.073575, 0.005874, 0.074057, 0.004112, -0.997246, 0.101142, 0.071006, 0.997432, 0.009385, 0.015834, 0.000000, 0.000000, 0.000000, 1.000000
-19.9289, 11.4475, -18.6274, 246.5934, 268.6002, -11.4479, 218.6095, 5.8808, 101.1418, 15.8332, 0.933532, -0.046029, -0.355527, 0.011448, 0.076839, 0.994366, 0.073023, -0.018627, 0.350163, -0.095488, 0.931809, 0.246593, 0.000000, 0.000000, 0.000000, 1.000000, 0.350133, -0.095856, 0.931783, 0.268600, -0.933533, 0.046029, 0.355525, -0.011448, -0.076969, -0.994330, -0.073368, 0.218609, 0.000000, 0.000000, 0.000000, 1.000000, 0.994723, -0.071505, 0.073575, 0.005881, 0.074058, 0.004123, -0.997245, 0.101142, 0.071005, 0.997432, 0.009397, 0.015833, 0.000000, 0.000000, 0.000000, 1.000000
-19.9193, 11.4379, -18.6355, 246.5865, 268.5934, -11.4383, 218.6175, 5.8878, 101.1411, 15.8318, 0.933592, -0.046022, -0.355370, 0.011438, 0.076813, 0.994368, 0.073022, -0.018636, 0.350008, -0.095469, 0.931869, 0.246587, 0.000000, 0.000000, 0.000000, 1.000000, 0.349978, -0.095838, 0.931843, 0.268593, -0.933593, 0.046022, 0.355368, -0.011438, -0.076943, -0.994332, -0.073367, 0.218617, 0.000000, 0.000000, 0.000000, 1.000000, 0.994723, -0.071504, 0.073574, 0.005888, 0.074058, 0.004136, -0.997245, 0.101141, 0.071003, 0.997432, 0.009409, 0.015832, 0.000000, 0.000000, 0.000000, 1.000000
-19.9091, 11.4276, -18.6444, 246.5792, 268.5861, -11.4280, 218.6262, 5.8953, 101.1404, 15.8303, 0.933656, -0.046013, -0.355203, 0.011428, 0.076785, 0.994370, 0.073020, -0.018644, 0.349843, -0.095450, 0.931933, 0.246579, 0.000000, 0.000000, 0.000000, 1.000000, 0.349813, -0.095819, 0.931906, 0.268586, -0.933657, 0.046014, 0.355201, -0.011428, -0.076915, -0.994335, -0.073366, 0.218626, 0.000000, 0.000000, 0.000000, 1.000000, 0.994723, -0.071503, 0.073574, 0.005895, 0.074059, 0.004149, -0.997245, 0.101140, 0.071001, 0.997432, 0.009423, 0.015830, 0.000000, 0.000000, 0.000000, 1.000000
-19.9091, 11.4276, -18.6444, 246.5792, 268.5861, -11.4280, 218.6262, 5.8953, 101.1404, 15.8303, 0.933656, -0.046013, -0.355203, 0.011428, 0.076785, 0.994370, 0.073020, -0.018644, 0.349843, -0.095450, 0.931933, 0.246579, 0.000000, 0.000000, 0.000000, 1.000000, 0.349813, -0.095819, 0.931906, 0.268586, -0.933657, 0.046014, 0.355201, -0.011428, -0.076915, -0.994335, -0.073366, 0.218626, 0.000000, 0.000000, 0.000000, 1.000000, 0.994723, -0.071503, 0.073574, 0.005895, 0.074059, 0.004149, -0.997245, 0.101140, 0.071001, 0.997432, 0.009423, 0.015830, 0.000000, 0.000000, 0.000000, 1.000000
-19.8868, 11.4052, -18.6633, 246.5633, 268.5702, -11.4056, 218.6449, 5.9115, 101.1388, 15.8271, 0.933795, -0.045996, -0.354840, 0.011405, 0.076725, 0.994375, 0.073016, -0.018663, 0.349485, -0.095407, 0.932072, 0.246563, 0.000000, 0.000000, 0.000000, 1.000000, 0.349455, -0.095778, 0.932045, 0.268570, -0.933796, 0.045996, 0.354838, -0.011406, -0.076856, -0.994339, -0.073363, 0.218645, 0.000000, 0.000000, 0.000000, 1.000000, 0.994723, -0.071501, 0.073573, 0.005911, 0.074060, 0.004178, -0.997245, 0.101139, 0.070996, 0.997432, 0.009451, 0.015827, 0.000000, 0.000000, 0.000000, 1.000000
-19.8749, 11.3938, -18.6698, 246.5566, 268.5635, -11.3942, 218.6513, 5.9206, 101.1375, 15.8258, 0.933869, -0.045990, -0.354646, 0.011394, 0.076700, 0.994377, 0.073021, -0.018670, 0.349293, -0.095393, 0.932145, 0.246557, 0.000000, 0.000000, 0.000000, 1.000000, 0.349263, -0.095764, 0.932118, 0.268564, -0.933870, 0.045990, 0.354644, -0.011394, -0.076830, -0.994341, -0.073369, 0.218651, 0.000000, 0.000000, 0.000000, 1.000000, 0.994724, -0.071499, 0.073572, 0.005921, 0.074060, 0.004193, -0.997245, 0.101138, 0.070994, 0.997432, 0.009467, 0.015826, 0.000000, 0.000000, 0.000000, 1.000000
-19.8688, 11.3882, -18.6716, 246.5539, 268.5608, -11.3886, 218.6529, 5.9254, 101.1367, 15.8252, 0.933907, -0.045988, -0.354546, 0.011388, 0.076690, 0.994377, 0.073027, -0.018672, 0.349194, -0.095390, 0.932183, 0.246554, 0.000000, 0.000000, 0.000000, 1.000000, 0.349164, -0.095762, 0.932156, 0.268561, -0.933908, 0.045988, 0.354544, -0.011389, -0.076820, -0.994341, -0.073375, 0.218653, 0.000000, 0.000000, 0.000000, 1.000000, 0.994724, -0.071499, 0.073572, 0.005925, 0.074060, 0.004201, -0.997245, 0.101137, 0.070993, 0.997432, 0.009474, 0.015825, 0.000000, 0.000000, 0.000000, 1.000000
-19.8563, 11.3766, -18.6755, 246.5481, 268.5551, -11.3770, 218.6566, 5.9354, 101.1351, 15.8241, 0.933985, -0.045985, -0.354341, 0.011377, 0.076668, 0.994378, 0.073038, -0.018675, 0.348990, -0.095383, 0.932260, 0.246548, 0.000000, 0.000000, 0.000000, 1.000000, 0.348960, -0.095755, 0.932233, 0.268555, -0.933986, 0.045985, 0.354339, -0.011377, -0.076799, -0.994342, -0.073387, 0.218657, 0.000000, 0.000000, 0.000000, 1.000000, 0.994724, -0.071498, 0.073571, 0.005935, 0.074061, 0.004217, -0.997245, 0.101135, 0.070990, 0.997432, 0.009490, 0.015824, 0.000000, 0.000000, 0.000000, 1.000000
-19.8498, 11.3706, -18.6776, 246.5451, 268.5521, -11.3710, 218.6587, 5.9404, 101.1342, 15.8235, 0.934025, -0.045983, -0.354236, 0.011371, 0.076657, 0.994378, 0.073043, -0.018678, 0.348885, -0.095379, 0.932299, 0.246545, 0.000000, 0.000000, 0.000000, 1.000000, 0.348855, -0.095751, 0.932272, 0.268552, -0.934026, 0.045983, 0.354234, -0.011371, -0.076787, -0.994343, -0.073393, 0.218659, 0.000000, 0.000000, 0.000000, 1.000000, 0.994724, -0.071497, 0.073571, 0.005940, 0.074061, 0.004226, -0.997245, 0.101134, 0.070989, 0.997432, 0.009499, 0.015823, 0.000000, 0.000000, 0.000000, 1.000000
-19.8298, 11.3521, -18.6848, 246.5355, 268.5425, -11.3525, 218.6657, 5.9561, 101.1317, 15.8215, 0.934149, -0.045977, -0.353910, 0.011352, 0.076620, 0.994380, 0.073059, -0.018685, 0.348562, -0.095365, 0.932422, 0.246536, 0.000000, 0.000000, 0.000000, 1.000000, 0.348531, -0.095738, 0.932395, 0.268543, -0.934149, 0.045977, 0.353908, -0.011352, -0.076751, -0.994344, -0.073410, 0.218666, 0.000000, 0.000000, 0.000000, 1.000000, 0.994724, -0.071495, 0.073570, 0.005956, 0.074062, 0.004252, -0.997245, 0.101132, 0.070985, 0.997432, 0.009524, 0.015822, 0.000000, 0.000000, 0.000000, 1.000000
-19.8298, 11.3521, -18.6848, 246.5355, 268.5425, -11.3525, 218.6657, 5.9561, 101.1317, 15.8215, 0.934149, -0.045977, -0.353910, 0.011352, 0.076620, 0.994380, 0.073059, -0.018685, 0.348562, -0.095365, 0.932422, 0.246536, 0.000000, 0.000000, 0.000000, 1.000000, 0.348531, -0.095738, 0.932395, 0.268543, -0.934149, 0.045977, 0.353908, -0.011352, -0.076751, -0.994344, -0.073410, 0.218666, 0.000000, 0.000000, 0.000000, 1.000000, 0.994724, -0.071495, 0.073570, 0.005956, 0.074062, 0.004252, -0.997245, 0.101132, 0.070985, 0.997432, 0.009524, 0.015822, 0.000000, 0.000000, 0.000000, 1.000000
-19.8161, 11.3392, -18.6901, 246.5288, 268.5357, -11.3396, 218.6708, 5.9669, 101.1300, 15.8202, 0.934234, -0.045972, -0.353685, 0.011339, 0.076595, 0.994381, 0.073070, -0.018690, 0.348338, -0.095355, 0.932506, 0.246529, 0.000000, 0.000000, 0.000000, 1.000000, 0.348308, -0.095729, 0.932479, 0.268536, -0.934235, 0.045972, 0.353683, -0.011340, -0.076726, -0.994345, -0.073421, 0.218671, 0.000000, 0.000000, 0.000000, 1.000000, 0.994724, -0.071493, 0.073569, 0.005967, 0.074063, 0.004269, -0.997244, 0.101130, 0.070982, 0.997432, 0.009542, 0.015820, 0.000000, 0.000000, 0.000000, 1.000000
-19.8020, 11.3260, -18.6956, 246.5218, 268.5288, -11.3264, 218.6762, 5.9779, 101.1283, 15.8187, 0.934322, -0.045967, -0.353455, 0.011326, 0.076568, 0.994383, 0.073080, -0.018696, 0.348110, -0.095344, 0.932593, 0.246522, 0.000000, 0.000000, 0.000000, 1.000000, 0.348079, -0.095718, 0.932566, 0.268529, -0.934322, 0.045967, 0.353453, -0.011326, -0.076700, -0.994347, -0.073432, 0.218676, 0.000000, 0.000000, 0.000000, 1.000000, 0.994724, -0.071492, 0.073569, 0.005978, 0.074063, 0.004287, -0.997244, 0.101128, 0.070979, 0.997432, 0.009560, 0.015819, 0.000000, 0.000000, 0.000000, 1.000000
-19.7948, 11.3193, -18.6984, 246.5182, 268.5252, -11.3197, 218.6790, 5.9835, 101.1274, 15.8180, 0.934366, -0.045965, -0.353338, 0.011319, 0.076555, 0.994383, 0.073085, -0.018698, 0.347994, -0.095338, 0.932636, 0.246518, 0.000000, 0.000000, 0.000000, 1.000000, 0.347963, -0.095713, 0.932609, 0.268525, -0.934366, 0.045965, 0.353336, -0.011320, -0.076686, -0.994347, -0.073437, 0.218679, 0.000000, 0.000000, 0.000000, 1.000000, 0.994724, -0.071491, 0.073568, 0.005984, 0.074064, 0.004297, -0.997244, 0.101127, 0.070978, 0.997432, 0.009569, 0.015818, 0.000000, 0.000000, 0.000000, 1.000000
-19.7656, 11.2920, -18.7100, 246.5036, 268.5106, -11.2924, 218.6903, 6.0063, 101.1238, 15.8151, 0.934547, -0.045954, -0.352861, 0.011292, 0.076500, 0.994386, 0.073107, -0.018710, 0.347520, -0.095315, 0.932815, 0.246504, 0.000000, 0.000000, 0.000000, 1.000000, 0.347490, -0.095691, 0.932788, 0.268511, -0.934547, 0.045954, 0.352859, -0.011292, -0.076631, -0.994350, -0.073459, 0.218690, 0.000000, 0.000000, 0.000000, 1.000000, 0.994725, -0.071488, 0.073567, 0.006006, 0.074065, 0.004334, -0.997244, 0.101124, 0.070972, 0.997432, 0.009606, 0.015815, 0.000000, 0.000000, 0.000000, 1.000000
-19.7582, 11.2850, -18.7130, 246.4999, 268.5070, -11.2855, 218.6932, 6.0121, 101.1229, 15.8144, 0.934592, -0.045951, -0.352740, 0.011285, 0.076486, 0.994387, 0.073112, -0.018713, 0.347400, -0.095310, 0.932861, 0.246500, 0.000000, 0.000000, 0.000000, 1.000000, 0.347370, -0.095686, 0.932834, 0.268507, -0.934593, 0.045952, 0.352738, -0.011285, -0.076617, -0.994350, -0.073465, 0.218693, 0.000000, 0.000000, 0.000000, 1.000000, 0.994725, -0.071487, 0.073567, 0.006012, 0.074065, 0.004344, -0.997244, 0.101123, 0.070971, 0.997432, 0.009616, 0.015814, 0.000000, 0.000000, 0.000000, 1.000000
-19.7358, 11.2641, -18.7216, 246.4888, 268.4959, -11.2645, 218.7018, 6.0296, 101.1201, 15.8121, 0.934731, -0.045944, -0.352375, 0.011264, 0.076444, 0.994389, 0.073129, -0.018722, 0.347037, -0.095293, 0.932997, 0.246489, 0.000000, 0.000000, 0.000000, 1.000000, 0.347007, -0.095669, 0.932970, 0.268496, -0.934731, 0.045944, 0.352373, -0.011265, -0.076575, -0.994352, -0.073482, 0.218702, 0.000000, 0.000000, 0.000000, 1.000000, 0.994725, -0.071485, 0.073566, 0.006030, 0.074066, 0.004373, -0.997244, 0.101120, 0.070966, 0.997432, 0.009644, 0.015812, 0.000000, 0.000000, 0.000000, 1.000000
-19.7358, 11.2641, -18.7216, 246.4888, 268.4959, -11.2645, 218.7018, 6.0296, 101.1201, 15.8121, 0.934731, -0.045944, -0.352375, 0.011264, 0.076444, 0.994389, 0.073129, -0.018722, 0.347037, -0.095293, 0.932997, 0.246489, 0.000000, 0.000000, 0.000000, 1.000000, 0.347007, -0.095669, 0.932970, 0.268496, -0.934731, 0.045944, 0.352373, -0.011265, -0.076575, -0.994352, -0.073482, 0.218702, 0.000000, 0.000000, 0.000000, 1.000000, 0.994725, -0.071485, 0.073566, 0.006030, 0.074066, 0.004373, -0.997244, 0.101120, 0.070966, 0.997432, 0.009644, 0.015812, 0.000000, 0.000000, 0.000000, 1.000000
-19.7208, 11.2501, -18.7273, 246.4815, 268.4885, -11.2505, 218.7073, 6.0414, 101.1182, 15.8107, 0.934823, -0.045938, -0.352129, 0.011250, 0.076416, 0.994390, 0.073140, -0.018727, 0.346794, -0.095282, 0.933089, 0.246481, 0.000000, 0.000000, 0.000000, 1.000000, 0.346763, -0.095658, 0.933062, 0.268489, -0.934824, 0.045939, 0.352128, -0.011251, -0.076548, -0.994354, -0.073494, 0.218707, 0.000000, 0.000000, 0.000000, 1.000000, 0.994725, -0.071483, 0.073565, 0.006041, 0.074067, 0.004392, -0.997244, 0.101118, 0.070963, 0.997432, 0.009664, 0.015811, 0.000000, 0.000000, 0.000000, 1.000000
-19.7133, 11.2431, -18.7300, 246.4778, 268.4849, -11.2435, 218.7100, 6.0473, 101.1172, 15.8099, 0.934870, -0.045936, -0.352006, 0.011243, 0.076402, 0.994390, 0.073146, -0.018730, 0.346672, -0.095277, 0.933135, 0.246478, 0.000000, 0.000000, 0.000000, 1.000000, 0.346641, -0.095653, 0.933108, 0.268485, -0.934870, 0.045936, 0.352005, -0.011244, -0.076534, -0.994354, -0.073500, 0.218710, 0.000000, 0.000000, 0.000000, 1.000000, 0.994725, -0.071483, 0.073565, 0.006047, 0.074067, 0.004402, -0.997244, 0.101117, 0.070962, 0.997432, 0.009673, 0.015810, 0.000000, 0.000000, 0.000000, 1.000000
-19.6982, 11.2291, -18.7354, 246.4706, 268.4776, -11.2295, 218.7153, 6.0591, 101.1153, 15.8085, 0.934963, -0.045931, -0.351760, 0.011229, 0.076375, 0.994392, 0.073159, -0.018735, 0.346427, -0.095266, 0.933227, 0.246471, 0.000000, 0.000000, 0.000000, 1.000000, 0.346396, -0.095643, 0.933200, 0.268478, -0.934963, 0.045931, 0.351758, -0.011229, -0.076506, -0.994355, -0.073513, 0.218715, 0.000000, 0.000000, 0.000000, 1.000000, 0.994725, -0.071481, 0.073564, 0.006059, 0.074068, 0.004421, -0.997243, 0.101115, 0.070959, 0.997432, 0.009692, 0.015808, 0.000000, 0.000000, 0.000000, 1.000000
-19.6756, 11.2081, -18.7429, 246.4599, 268.4670, -11.2085, 218.7228, 6.0769, 101.1123, 15.8064, 0.935102, -0.045924, -0.351391, 0.011208, 0.076335, 0.994393, 0.073178, -0.018743, 0.346060, -0.095252, 0.933365, 0.246460, 0.000000, 0.000000, 0.000000, 1.000000, 0.346029, -0.095630, 0.933337, 0.268467, -0.935103, 0.045924, 0.351389, -0.011209, -0.076466, -0.994357, -0.073532, 0.218723, 0.000000, 0.000000, 0.000000, 1.000000, 0.994726, -0.071479, 0.073563, 0.006077, 0.074069, 0.004450, -0.997243, 0.101112, 0.070954, 0.997432, 0.009721, 0.015806, 0.000000, 0.000000, 0.000000, 1.000000
-19.6607, 11.1943, -18.7475, 246.4531, 268.4601, -11.1947, 218.7274, 6.0887, 101.1103, 15.8050, 0.935194, -0.045920, -0.351146, 0.011194, 0.076309, 0.994394, 0.073192, -0.018748, 0.345817, -0.095244, 0.933456, 0.246453, 0.000000, 0.000000, 0.000000, 1.000000, 0.345786, -0.095621, 0.933428, 0.268460, -0.935195, 0.045920, 0.351145, -0.011195, -0.076440, -0.994358, -0.073546, 0.218727, 0.000000, 0.000000, 0.000000, 1.000000, 0.994726, -0.071477, 0.073562, 0.006089, 0.074069, 0.004470, -0.997243, 0.101110, 0.070951, 0.997432, 0.009740, 0.015805, 0.000000, 0.000000, 0.000000, 1.000000
-19.6532, 11.1875, -18.7497, 246.4497, 268.4568, -11.1879, 218.7296, 6.0946, 101.1093, 15.8043, 0.935240, -0.045918, -0.351025, 0.011187, 0.076296, 0.994395, 0.073198, -0.018750, 0.345696, -0.095240, 0.933501, 0.246450, 0.000000, 0.000000, 0.000000, 1.000000, 0.345665, -0.095617, 0.933474, 0.268457, -0.935240, 0.045918, 0.351023, -0.011188, -0.076427, -0.994359, -0.073553, 0.218730, 0.000000, 0.000000, 0.000000, 1.000000, 0.994726, -0.071476, 0.073562, 0.006095, 0.074070, 0.004479, -0.997243, 0.101109, 0.070950, 0.997432, 0.009750, 0.015804, 0.000000, 0.000000, 0.000000, 1.000000
-19.6385, 11.1750, -18.7474, 246.4462, 268.4533, -11.1754, 218.7271, 6.1071, 101.1066, 15.8036, 0.935330, -0.045921, -0.350784, 0.011175, 0.076283, 0.994394, 0.073225, -0.018747, 0.345455, -0.095249, 0.933589, 0.246446, 0.000000, 0.000000, 0.000000, 1.000000, 0.345424, -0.095627, 0.933562, 0.268453, -0.935331, 0.045921, 0.350782, -0.011175, -0.076414, -0.994357, -0.073580, 0.218727, 0.000000, 0.000000, 0.000000, 1.000000, 0.994726, -0.071475, 0.073561, 0.006107, 0.074070, 0.004498, -0.997243, 0.101107, 0.070947, 0.997432, 0.009768, 0.015804, 0.000000, 0.000000, 0.000000, 1.000000
-19.6312, 11.1687, -18.7463, 246.4444, 268.4515, -11.1692, 218.7260, 6.1133, 101.1052, 15.8033, 0.935375, -0.045922, -0.350664, 0.011169, 0.076276, 0.994393, 0.073238, -0.018746, 0.345335, -0.095253, 0.933633, 0.246444, 0.000000, 0.000000, 0.000000, 1.000000, 0.345304, -0.095631, 0.933606, 0.268452, -0.935375, 0.045922, 0.350663, -0.011169, -0.076407, -0.994357, -0.073594, 0.218726, 0.000000, 0.000000, 0.000000, 1.000000, 0.994726, -0.071474, 0.073561, 0.006113, 0.074071, 0.004507, -0.997243, 0.101105, 0.070945, 0.997432, 0.009778, 0.015803, 0.000000, 0.000000, 0.000000, 1.000000
-19.6167, 11.1564, -18.7443, 246.4409, 268.4480, -11.1568, 218.7239, 6.1255, 101.1026, 15.8025, 0.935463, -0.045924, -0.350428, 0.011156, 0.076262, 0.994392, 0.073264, -0.018744, 0.345098, -0.095260, 0.933720, 0.246441, 0.000000, 0.000000, 0.000000, 1.000000, 0.345067, -0.095639, 0.933693, 0.268448, -0.935464, 0.045925, 0.350426, -0.011157, -0.076394, -0.994356, -0.073620, 0.218724, 0.000000, 0.000000, 0.000000, 1.000000, 0.994726, -0.071472, 0.073560, 0.006125, 0.074071, 0.004526, -0.997243, 0.101103, 0.070942, 0.997432, 0.009796, 0.015803, 0.000000, 0.000000, 0.000000, 1.000000
-19.6095, 11.1503, -18.7435, 246.4390, 268.4461, -11.1507, 218.7230, 6.1315, 101.1013, 15.8022, 0.935507, -0.045926, -0.350310, 0.011150, 0.076255, 0.994392, 0.073276, -0.018743, 0.344981, -0.095264, 0.933763, 0.246439, 0.000000, 0.000000, 0.000000, 1.000000, 0.344950, -0.095642, 0.933736, 0.268446, -0.935508, 0.045926, 0.350309, -0.011151, -0.076387, -0.994356, -0.073632, 0.218723, 0.000000, 0.000000, 0.000000, 1.000000, 0.994726, -0.071472, 0.073560, 0.006131, 0.074072, 0.004535, -0.997243, 0.101101, 0.070941, 0.997432, 0.009805, 0.015802, 0.000000, 0.000000, 0.000000, 1.000000
-19.5884, 11.1322, -18.7414, 246.4335, 268.4406, -11.1326, 218.7209, 6.1492, 101.0975, 15.8010, 0.935636, -0.045928, -0.349965, 0.011132, 0.076234, 0.994391, 0.073312, -0.018741, 0.344635, -0.095273, 0.933889, 0.246433, 0.000000, 0.000000, 0.000000, 1.000000, 0.344605, -0.095652, 0.933862, 0.268441, -0.935637, 0.045928, 0.349964, -0.011133, -0.076366, -0.994355, -0.073668, 0.218721, 0.000000, 0.000000, 0.000000, 1.000000, 0.994727, -0.071469, 0.073559, 0.006149, 0.074073, 0.004562, -0.997242, 0.101098, 0.070937, 0.997432, 0.009832, 0.015801, 0.000000, 0.000000, 0.000000, 1.000000
-19.5746, 11.1203, -18.7405, 246.4296, 268.4367, -11.1208, 218.7199, 6.1606, 101.0951, 15.8003, 0.935720, -0.045930, -0.349740, 0.011120, 0.076220, 0.994391, 0.073335, -0.018740, 0.344410, -0.095278, 0.933972, 0.246430, 0.000000, 0.000000, 0.000000, 1.000000, 0.344380, -0.095657, 0.933945, 0.268437, -0.935721, 0.045930, 0.349739, -0.011121, -0.076351, -0.994354, -0.073691, 0.218720, 0.000000, 0.000000, 0.000000, 1.000000, 0.994727, -0.071468, 0.073558, 0.006161, 0.074073, 0.004579, -0.997242, 0.101095, 0.070934, 0.997432, 0.009849, 0.015800, 0.000000, 0.000000, 0.000000, 1.000000
-19.5746, 11.1203, -18.7405, 246.4296, 268.4367, -11.1208, 218.7199, 6.1606, 101.0951, 15.8003, 0.935720, -0.045930, -0.349740, 0.011120, 0.076220, 0.994391, 0.073335, -0.018740, 0.344410, -0.095278, 0.933972, 0.246430, 0.000000, 0.000000, 0.000000, 1.000000, 0.344380, -0.095657, 0.933945, 0.268437, -0.935721, 0.045930, 0.349739, -0.011121, -0.076351, -0.994354, -0.073691, 0.218720, 0.000000, 0.000000, 0.000000, 1.000000, 0.994727, -0.071468, 0.073558, 0.006161, 0.074073, 0.004579, -0.997242, 0.101095, 0.070934, 0.997432, 0.009849, 0.015800, 0.000000, 0.000000, 0.000000, 1.000000
-19.5545, 11.1030, -18.7397, 246.4237, 268.4309, -11.1034, 218.7190, 6.1773, 101.0917, 15.7991, 0.935843, -0.045931, -0.349412, 0.011103, 0.076197, 0.994390, 0.073367, -0.018740, 0.344082, -0.095284, 0.934092, 0.246424, 0.000000, 0.000000, 0.000000, 1.000000, 0.344051, -0.095663, 0.934065, 0.268431, -0.935843, 0.045931, 0.349410, -0.011103, -0.076329, -0.994353, -0.073723, 0.218719, 0.000000, 0.000000, 0.000000, 1.000000, 0.994727, -0.071466, 0.073557, 0.006177, 0.074074, 0.004605, -0.997242, 0.101092, 0.070930, 0.997432, 0.009875, 0.015799, 0.000000, 0.000000, 0.000000, 1.000000
-19.5479, 11.0973, -18.7396, 246.4218, 268.4289, -11.0977, 218.7189, 6.1828, 101.0905, 15.7987, 0.935883, -0.045931, -0.349305, 0.011097, 0.076190, 0.994390, 0.073377, -0.018740, 0.343975, -0.095285, 0.934132, 0.246422, 0.000000, 0.000000, 0.000000, 1.000000, 0.343944, -0.095665, 0.934104, 0.268429, -0.935883, 0.045932, 0.349303, -0.011098, -0.076321, -0.994353, -0.073733, 0.218719, 0.000000, 0.000000, 0.000000, 1.000000, 0.994727, -0.071465, 0.073557, 0.006183, 0.074074, 0.004614, -0.997242, 0.101091, 0.070929, 0.997432, 0.009883, 0.015799, 0.000000, 0.000000, 0.000000, 1.000000
-19.5351, 11.0861, -18.7397, 246.4177, 268.4249, -11.0865, 218.7190, 6.1934, 101.0884, 15.7979, 0.935961, -0.045932, -0.349095, 0.011086, 0.076174, 0.994390, 0.073396, -0.018740, 0.343765, -0.095288, 0.934209, 0.246418, 0.000000, 0.000000, 0.000000, 1.000000, 0.343734, -0.095668, 0.934181, 0.268425, -0.935962, 0.045932, 0.349093, -0.011086, -0.076306, -0.994353, -0.073753, 0.218719, 0.000000, 0.000000, 0.000000, 1.000000, 0.994727, -0.071464, 0.073556, 0.006193, 0.074075, 0.004630, -0.997242, 0.101088, 0.070926, 0.997432, 0.009899, 0.015798, 0.000000, 0.000000, 0.000000, 1.000000
-19.5225, 11.0761, -18.7336, 246.4168, 268.4239, -11.0766, 218.7127, 6.2044, 101.0856, 15.7977, 0.936037, -0.045938, -0.348890, 0.011076, 0.076170, 0.994388, 0.073427, -0.018734, 0.343559, -0.095305, 0.934283, 0.246417, 0.000000, 0.000000, 0.000000, 1.000000, 0.343528, -0.095686, 0.934255, 0.268424, -0.936038, 0.045939, 0.348888, -0.011077, -0.076302, -0.994351, -0.073784, 0.218713, 0.000000, 0.000000, 0.000000, 1.000000, 0.994727, -0.071462, 0.073556, 0.006204, 0.074075, 0.004646, -0.997242, 0.101086, 0.070923, 0.997432, 0.009915, 0.015798, 0.000000, 0.000000, 0.000000, 1.000000
-19.5163, 11.0712, -18.7308, 246.4162, 268.4233, -11.0716, 218.7099, 6.2098, 101.0843, 15.7975, 0.936074, -0.045941, -0.348789, 0.011071, 0.076168, 0.994387, 0.073441, -0.018731, 0.343457, -0.095313, 0.934319, 0.246416, 0.000000, 0.000000, 0.000000, 1.000000, 0.343427, -0.095694, 0.934292, 0.268423, -0.936075, 0.045942, 0.348788, -0.011072, -0.076300, -0.994350, -0.073799, 0.218710, 0.000000, 0.000000, 0.000000, 1.000000, 0.994728, -0.071462, 0.073555, 0.006210, 0.074076, 0.004654, -0.997242, 0.101084, 0.070922, 0.997432, 0.009923, 0.015798, 0.000000, 0.000000, 0.000000, 1.000000
-19.5042, 11.0614, -18.7261, 246.4147, 268.4219, -11.0618, 218.7051, 6.2204, 101.0817, 15.7972, 0.936148, -0.045947, -0.348591, 0.011061, 0.076162, 0.994385, 0.073469, -0.018726, 0.343259, -0.095327, 0.934391, 0.246415, 0.000000, 0.000000, 0.000000, 1.000000, 0.343228, -0.095708, 0.934363, 0.268422, -0.936148, 0.045947, 0.348590, -0.011062, -0.076294, -0.994348, -0.073827, 0.218705, 0.000000, 0.000000, 0.000000, 1.000000, 0.994728, -0.071460, 0.073555, 0.006220, 0.074076, 0.004669, -0.997242, 0.101082, 0.070920, 0.997433, 0.009938, 0.015797, 0.000000, 0.000000, 0.000000, 1.000000
-19.4982, 11.0566, -18.7241, 246.4139, 268.4210, -11.0570, 218.7030, 6.2255, 101.0805, 15.7971, 0.936184, -0.045949, -0.348494, 0.011057, 0.076159, 0.994384, 0.073482, -0.018724, 0.343161, -0.095333, 0.934426, 0.246414, 0.000000, 0.000000, 0.000000, 1.000000, 0.343130, -0.095714, 0.934398, 0.268421, -0.936185, 0.045949, 0.348493, -0.011057, -0.076291, -0.994348, -0.073840, 0.218703, 0.000000, 0.000000, 0.000000, 1.000000, 0.994728, -0.071460, 0.073555, 0.006226, 0.074077, 0.004677, -0.997242, 0.101080, 0.070919, 0.997433, 0.009945, 0.015797, 0.000000, 0.000000, 0.000000, 1.000000
