# Joint_6_Angle(deg), Cam_X(mm), Cam_Y(mm), Cam_Z(mm), Torso_X(mm), Torso_Y(mm), Torso_Z(mm), EE_X(mm), EE_Y(mm), EE_Z(mm), T_cam2marker_flat(16), T_torso2marker_flat(16), T_ee2marker_flat(16)
-24.9995, 40.3432, -3.3431, 221.1862, 243.1950, -40.3443, 202.7542, 23.2300, -99.9503, 19.8129, 0.901848, 0.082748, -0.424056, 0.040343, -0.096543, 0.995267, -0.011109, -0.003343, 0.421129, 0.050959, 0.905568, 0.221186, 0.000000, 0.000000, 0.000000, 1.000000, 0.421412, 0.047978, 0.905599, 0.243195, -0.901850, -0.082748, 0.424051, -0.040344, 0.095282, -0.995415, 0.008398, 0.202754, 0.000000, 0.000000, 0.000000, 1.000000, -0.996343, 0.085026, -0.008446, 0.023230, -0.007921, 0.006518, 0.999947, -0.099950, 0.085076, 0.996357, -0.005820, 0.019813, 0.000000, 0.000000, 0.000000, 1.000000
-25.0001, 40.3428, -3.3377, 221.1888, 243.1976, -40.3439, 202.7492, 23.2307, -99.9492, 19.8136, 0.901843, 0.082754, -0.424066, 0.040343, -0.096542, 0.995267, -0.011092, -0.003338, 0.421141, 0.050944, 0.905563, 0.221189, 0.000000, 0.000000, 0.000000, 1.000000, 0.421423, 0.047964, 0.905595, 0.243198, -0.901845, -0.082754, 0.424061, -0.040344, 0.095281, -0.995415, 0.008382, 0.202749, 0.000000, 0.000000, 0.000000, 1.000000, -0.996343, 0.085026, -0.008446, 0.023231, -0.007921, 0.006519, 0.999947, -0.099949, 0.085076, 0.996357, -0.005822, 0.019814, 0.000000, 0.000000, 0.000000, 1.000000
-25.0003, 40.3416, -3.3304, 221.1923, 243.2010, -40.3427, 202.7419, 23.2310, -99.9480, 19.8145, 0.901840, 0.082762, -0.424069, 0.040342, -0.096542, 0.995267, -0.011071, -0.003330, 0.421146, 0.050924, 0.905562, 0.221192, 0.000000, 0.000000, 0.000000, 1.000000, 0.421428, 0.047945, 0.905593, 0.243201, -0.901842, -0.082762, 0.424065, -0.040343, 0.095281, -0.995415, 0.008361, 0.202742, 0.000000, 0.000000, 0.000000, 1.000000, -0.996343, 0.085026, -0.008446, 0.023231, -0.007921, 0.006519, 0.999947, -0.099948, 0.085076, 0.996357, -0.005822, 0.019815, 0.000000, 0.000000, 0.000000, 1.000000
-25.0005, 40.3400, -3.3207, 221.1968, 243.2056, -40.3411, 202.7323, 23.2315, -99.9463, 19.8158, 0.901837, 0.082773, -0.424073, 0.040340, -0.096541, 0.995268, -0.011042, -0.003321, 0.421152, 0.050898, 0.905561, 0.221197, 0.000000, 0.000000, 0.000000, 1.000000, 0.421435, 0.047920, 0.905592, 0.243206, -0.901839, -0.082773, 0.424069, -0.040341, 0.095280, -0.995416, 0.008332, 0.202732, 0.000000, 0.000000, 0.000000, 1.000000, -0.996343, 0.085025, -0.008446, 0.023231, -0.007920, 0.006520, 0.999947, -0.099946, 0.085076, 0.996357, -0.005823, 0.019816, 0.000000, 0.000000, 0.000000, 1.000000
-25.0006, 40.3391, -3.3151, 221.1995, 243.2082, -40.3402, 202.7268, 23.2317, -99.9454, 19.8165, 0.901836, 0.082780, -0.424075, 0.040339, -0.096540, 0.995268, -0.011025, -0.003315, 0.421156, 0.050883, 0.905560, 0.221199, 0.000000, 0.000000, 0.000000, 1.000000, 0.421438, 0.047905, 0.905591, 0.243208, -0.901838, -0.082780, 0.424071, -0.040340, 0.095280, -0.995416, 0.008316, 0.202727, 0.000000, 0.000000, 0.000000, 1.000000, -0.996343, 0.085025, -0.008446, 0.023232, -0.007920, 0.006520, 0.999947, -0.099945, 0.085076, 0.996357, -0.005823, 0.019816, 0.000000, 0.000000, 0.000000, 1.000000
-25.0007, 40.3382, -3.3102, 221.2018, 243.2105, -40.3393, 202.7220, 23.2319, -99.9446, 19.8171, 0.901835, 0.082786, -0.424076, 0.040338, -0.096540, 0.995268, -0.011011, -0.003310, 0.421158, 0.050870, 0.905560, 0.221202, 0.000000, 0.000000, 0.000000, 1.000000, 0.421440, 0.047892, 0.905591, 0.243210, -0.901837, -0.082786, 0.424071, -0.040339, 0.095280, -0.995416, 0.008302, 0.202722, 0.000000, 0.000000, 0.000000, 1.000000, -0.996343, 0.085025, -0.008446, 0.023232, -0.007920, 0.006521, 0.999947, -0.099945, 0.085076, 0.996357, -0.005823, 0.019817, 0.000000, 0.000000, 0.000000, 1.000000
-25.0004, 40.3369, -3.3043, 221.2044, 243.2131, -40.3380, 202.7161, 23.2319, -99.9437, 19.8178, 0.901836, 0.082793, -0.424072, 0.040337, -0.096540, 0.995268, -0.010994, -0.003304, 0.421155, 0.050855, 0.905562, 0.221204, 0.000000, 0.000000, 0.000000, 1.000000, 0.421438, 0.047877, 0.905593, 0.243213, -0.901838, -0.082793, 0.424067, -0.040338, 0.095280, -0.995416, 0.008285, 0.202716, 0.000000, 0.000000, 0.000000, 1.000000, -0.996343, 0.085025, -0.008446, 0.023232, -0.007920, 0.006521, 0.999947, -0.099944, 0.085076, 0.996357, -0.005823, 0.019818, 0.000000, 0.000000, 0.000000, 1.000000
-24.9992, 40.3348, -3.2989, 221.2065, 243.2152, -40.3360, 202.7109, 23.2311, -99.9433, 19.8183, 0.901844, 0.082799, -0.424053, 0.040335, -0.096539, 0.995269, -0.010980, -0.003299, 0.421138, 0.050840, 0.905571, 0.221207, 0.000000, 0.000000, 0.000000, 1.000000, 0.421420, 0.047863, 0.905602, 0.243215, -0.901846, -0.082799, 0.424049, -0.040336, 0.095280, -0.995416, 0.008272, 0.202711, 0.000000, 0.000000, 0.000000, 1.000000, -0.996343, 0.085025, -0.008445, 0.023231, -0.007920, 0.006519, 0.999947, -0.099943, 0.085075, 0.996357, -0.005822, 0.019818, 0.000000, 0.000000, 0.000000, 1.000000
-24.9981, 40.3335, -3.2972, 221.2069, 243.2156, -40.3347, 202.7092, 23.2302, -99.9434, 19.8185, 0.901853, 0.082801, -0.424035, 0.040334, -0.096539, 0.995269, -0.010977, -0.003297, 0.421120, 0.050836, 0.905579, 0.221207, 0.000000, 0.000000, 0.000000, 1.000000, 0.421402, 0.047859, 0.905610, 0.243216, -0.901855, -0.082802, 0.424031, -0.040335, 0.095280, -0.995416, 0.008269, 0.202709, 0.000000, 0.000000, 0.000000, 1.000000, -0.996343, 0.085025, -0.008445, 0.023230, -0.007920, 0.006517, 0.999947, -0.099943, 0.085076, 0.996358, -0.005820, 0.019818, 0.000000, 0.000000, 0.000000, 1.000000
-24.9932, 40.3290, -3.2953, 221.2057, 243.2144, -40.3302, 202.7076, 23.2263, -99.9451, 19.8183, 0.901889, 0.082804, -0.423958, 0.040329, -0.096539, 0.995269, -0.010980, -0.003295, 0.421043, 0.050831, 0.905615, 0.221206, 0.000000, 0.000000, 0.000000, 1.000000, 0.421325, 0.047856, 0.905646, 0.243214, -0.901891, -0.082804, 0.423953, -0.040330, 0.095280, -0.995416, 0.008273, 0.202708, 0.000000, 0.000000, 0.000000, 1.000000, -0.996343, 0.085025, -0.008445, 0.023226, -0.007920, 0.006510, 0.999947, -0.099945, 0.085076, 0.996358, -0.005813, 0.019818, 0.000000, 0.000000, 0.000000, 1.000000
-24.9903, 40.3266, -3.2955, 221.2045, 243.2131, -40.3278, 202.7078, 23.2240, -99.9463, 19.8180, 0.901910, 0.082804, -0.423913, 0.040327, -0.096539, 0.995269, -0.010986, -0.003295, 0.420997, 0.050832, 0.905637, 0.221204, 0.000000, 0.000000, 0.000000, 1.000000, 0.421279, 0.047857, 0.905667, 0.243213, -0.901912, -0.082804, 0.423908, -0.040328, 0.095280, -0.995416, 0.008279, 0.202708, 0.000000, 0.000000, 0.000000, 1.000000, -0.996343, 0.085026, -0.008445, 0.023224, -0.007920, 0.006506, 0.999947, -0.099946, 0.085076, 0.996358, -0.005808, 0.019818, 0.000000, 0.000000, 0.000000, 1.000000
-24.9869, 40.3238, -3.2960, 221.2028, 243.2114, -40.3249, 202.7085, 23.2212, -99.9477, 19.8176, 0.901936, 0.082803, -0.423858, 0.040324, -0.096538, 0.995269, -0.010994, -0.003296, 0.420942, 0.050834, 0.905662, 0.221203, 0.000000, 0.000000, 0.000000, 1.000000, 0.421224, 0.047859, 0.905693, 0.243211, -0.901938, -0.082804, 0.423853, -0.040325, 0.095280, -0.995416, 0.008287, 0.202708, 0.000000, 0.000000, 0.000000, 1.000000, -0.996343, 0.085026, -0.008445, 0.023221, -0.007920, 0.006500, 0.999948, -0.099948, 0.085076, 0.996358, -0.005803, 0.019818, 0.000000, 0.000000, 0.000000, 1.000000
-24.9828, 40.3205, -3.2969, 221.2006, 243.2093, -40.3216, 202.7095, 23.2179, -99.9495, 19.8171, 0.901966, 0.082802, -0.423793, 0.040321, -0.096538, 0.995268, -0.011004, -0.003297, 0.420877, 0.050837, 0.905692, 0.221201, 0.000000, 0.000000, 0.000000, 1.000000, 0.421159, 0.047863, 0.905723, 0.243209, -0.901969, -0.082803, 0.423788, -0.040322, 0.095280, -0.995416, 0.008298, 0.202709, 0.000000, 0.000000, 0.000000, 1.000000, -0.996343, 0.085026, -0.008444, 0.023218, -0.007921, 0.006494, 0.999948, -0.099950, 0.085077, 0.996358, -0.005797, 0.019817, 0.000000, 0.000000, 0.000000, 1.000000
-24.9780, 40.3167, -3.2981, 221.1980, 243.2067, -40.3178, 202.7108, 23.2140, -99.9516, 19.8166, 0.902002, 0.082801, -0.423717, 0.040317, -0.096537, 0.995268, -0.011016, -0.003298, 0.420800, 0.050841, 0.905728, 0.221198, 0.000000, 0.000000, 0.000000, 1.000000, 0.421082, 0.047867, 0.905759, 0.243207, -0.902004, -0.082801, 0.423713, -0.040318, 0.095280, -0.995416, 0.008311, 0.202711, 0.000000, 0.000000, 0.000000, 1.000000, -0.996343, 0.085027, -0.008444, 0.023214, -0.007921, 0.006487, 0.999948, -0.099952, 0.085077, 0.996358, -0.005790, 0.019817, 0.000000, 0.000000, 0.000000, 1.000000
-24.9724, 40.3123, -3.2995, 221.1950, 243.2037, -40.3134, 202.7123, 23.2094, -99.9541, 19.8159, 0.902044, 0.082799, -0.423629, 0.040312, -0.096537, 0.995268, -0.011031, -0.003299, 0.420712, 0.050846, 0.905768, 0.221195, 0.000000, 0.000000, 0.000000, 1.000000, 0.420993, 0.047873, 0.905800, 0.243204, -0.902046, -0.082799, 0.423625, -0.040313, 0.095280, -0.995416, 0.008325, 0.202712, 0.000000, 0.000000, 0.000000, 1.000000, -0.996343, 0.085027, -0.008444, 0.023209, -0.007921, 0.006478, 0.999948, -0.099954, 0.085077, 0.996358, -0.005781, 0.019816, 0.000000, 0.000000, 0.000000, 1.000000
-24.9626, 40.3045, -3.3019, 221.1897, 243.1984, -40.3056, 202.7149, 23.2014, -99.9584, 19.8147, 0.902117, 0.082796, -0.423474, 0.040304, -0.096535, 0.995268, -0.011056, -0.003302, 0.420555, 0.050854, 0.905841, 0.221190, 0.000000, 0.000000, 0.000000, 1.000000, 0.420837, 0.047882, 0.905872, 0.243198, -0.902119, -0.082796, 0.423470, -0.040306, 0.095279, -0.995416, 0.008351, 0.202715, 0.000000, 0.000000, 0.000000, 1.000000, -0.996343, 0.085028, -0.008443, 0.023201, -0.007922, 0.006463, 0.999948, -0.099958, 0.085078, 0.996358, -0.005766, 0.019815, 0.000000, 0.000000, 0.000000, 1.000000
-24.9550, 40.2984, -3.3037, 221.1856, 243.1943, -40.2996, 202.7168, 23.1952, -99.9617, 19.8138, 0.902173, 0.082794, -0.423354, 0.040298, -0.096534, 0.995268, -0.011075, -0.003304, 0.420434, 0.050860, 0.905896, 0.221186, 0.000000, 0.000000, 0.000000, 1.000000, 0.420716, 0.047888, 0.905928, 0.243194, -0.902175, -0.082794, 0.423350, -0.040300, 0.095279, -0.995415, 0.008371, 0.202717, 0.000000, 0.000000, 0.000000, 1.000000, -0.996343, 0.085029, -0.008443, 0.023195, -0.007923, 0.006452, 0.999948, -0.099962, 0.085079, 0.996358, -0.005754, 0.019814, 0.000000, 0.000000, 0.000000, 1.000000
-24.9466, 40.2917, -3.3054, 221.1812, 243.1899, -40.2928, 202.7187, 23.1884, -99.9654, 19.8128, 0.902236, 0.082791, -0.423222, 0.040292, -0.096533, 0.995268, -0.011096, -0.003305, 0.420300, 0.050866, 0.905958, 0.221181, 0.000000, 0.000000, 0.000000, 1.000000, 0.420582, 0.047895, 0.905989, 0.243190, -0.902238, -0.082791, 0.423217, -0.040293, 0.095278, -0.995415, 0.008392, 0.202719, 0.000000, 0.000000, 0.000000, 1.000000, -0.996343, 0.085029, -0.008442, 0.023188, -0.007923, 0.006439, 0.999948, -0.099965, 0.085079, 0.996358, -0.005742, 0.019813, 0.000000, 0.000000, 0.000000, 1.000000
-24.9374, 40.2843, -3.3072, 221.1764, 243.1851, -40.2854, 202.7206, 23.1808, -99.9694, 19.8117, 0.902304, 0.082789, -0.423076, 0.040284, -0.096532, 0.995268, -0.011119, -0.003307, 0.420153, 0.050873, 0.906026, 0.221176, 0.000000, 0.000000, 0.000000, 1.000000, 0.420435, 0.047902, 0.906057, 0.243185, -0.902306, -0.082789, 0.423071, -0.040285, 0.095277, -0.995415, 0.008415, 0.202721, 0.000000, 0.000000, 0.000000, 1.000000, -0.996343, 0.085030, -0.008442, 0.023181, -0.007924, 0.006425, 0.999948, -0.099969, 0.085080, 0.996358, -0.005728, 0.019812, 0.000000, 0.000000, 0.000000, 1.000000
-24.9219, 40.2718, -3.3097, 221.1685, 243.1772, -40.2729, 202.7233, 23.1683, -99.9760, 19.8100, 0.902419, 0.082785, -0.422832, 0.040272, -0.096529, 0.995268, -0.011155, -0.003310, 0.419908, 0.050883, 0.906139, 0.221169, 0.000000, 0.000000, 0.000000, 1.000000, 0.420189, 0.047913, 0.906171, 0.243177, -0.902421, -0.082785, 0.422828, -0.040273, 0.095276, -0.995415, 0.008452, 0.202723, 0.000000, 0.000000, 0.000000, 1.000000, -0.996343, 0.085032, -0.008441, 0.023168, -0.007925, 0.006401, 0.999948, -0.099976, 0.085081, 0.996358, -0.005704, 0.019810, 0.000000, 0.000000, 0.000000, 1.000000
-24.9106, 40.2626, -3.3112, 221.1629, 243.1716, -40.2637, 202.7250, 23.1590, -99.9808, 19.8088, 0.902503, 0.082782, -0.422653, 0.040263, -0.096528, 0.995268, -0.011181, -0.003311, 0.419727, 0.050889, 0.906223, 0.221163, 0.000000, 0.000000, 0.000000, 1.000000, 0.420009, 0.047920, 0.906254, 0.243172, -0.902505, -0.082783, 0.422649, -0.040264, 0.095275, -0.995415, 0.008478, 0.202725, 0.000000, 0.000000, 0.000000, 1.000000, -0.996342, 0.085032, -0.008440, 0.023159, -0.007926, 0.006384, 0.999948, -0.099981, 0.085082, 0.996358, -0.005687, 0.019809, 0.000000, 0.000000, 0.000000, 1.000000
-24.8984, 40.2527, -3.3126, 221.1570, 243.1657, -40.2538, 202.7266, 23.1491, -99.9860, 19.8075, 0.902593, 0.082780, -0.422461, 0.040253, -0.096526, 0.995267, -0.011209, -0.003313, 0.419534, 0.050895, 0.906312, 0.221157, 0.000000, 0.000000, 0.000000, 1.000000, 0.419815, 0.047927, 0.906343, 0.243166, -0.902595, -0.082780, 0.422456, -0.040254, 0.095274, -0.995415, 0.008506, 0.202727, 0.000000, 0.000000, 0.000000, 1.000000, -0.996342, 0.085034, -0.008439, 0.023149, -0.007926, 0.006365, 0.999948, -0.099986, 0.085083, 0.996358, -0.005668, 0.019807, 0.000000, 0.000000, 0.000000, 1.000000
-24.8854, 40.2420, -3.3138, 221.1508, 243.1595, -40.2431, 202.7279, 23.1386, -99.9914, 19.8062, 0.902689, 0.082778, -0.422256, 0.040242, -0.096523, 0.995267, -0.011237, -0.003314, 0.419327, 0.050901, 0.906407, 0.221151, 0.000000, 0.000000, 0.000000, 1.000000, 0.419609, 0.047933, 0.906439, 0.243160, -0.902691, -0.082778, 0.422251, -0.040243, 0.095273, -0.995415, 0.008534, 0.202728, 0.000000, 0.000000, 0.000000, 1.000000, -0.996342, 0.085035, -0.008438, 0.023139, -0.007927, 0.006346, 0.999948, -0.099991, 0.085084, 0.996358, -0.005648, 0.019806, 0.000000, 0.000000, 0.000000, 1.000000
-24.8716, 40.2306, -3.3148, 221.1444, 243.1531, -40.2318, 202.7291, 23.1274, -99.9971, 19.8048, 0.902791, 0.082775, -0.422039, 0.040231, -0.096521, 0.995267, -0.011266, -0.003315, 0.419109, 0.050906, 0.906508, 0.221144, 0.000000, 0.000000, 0.000000, 1.000000, 0.419390, 0.047939, 0.906540, 0.243153, -0.902793, -0.082776, 0.422034, -0.040232, 0.095271, -0.995415, 0.008564, 0.202729, 0.000000, 0.000000, 0.000000, 1.000000, -0.996342, 0.085036, -0.008438, 0.023127, -0.007928, 0.006325, 0.999949, -0.099997, 0.085085, 0.996358, -0.005627, 0.019805, 0.000000, 0.000000, 0.000000, 1.000000
-24.8570, 40.2186, -3.3156, 221.1377, 243.1464, -40.2197, 202.7300, 23.1155, -100.0031, 19.8033, 0.902899, 0.082773, -0.421809, 0.040219, -0.096518, 0.995267, -0.011296, -0.003316, 0.418878, 0.050911, 0.906614, 0.221138, 0.000000, 0.000000, 0.000000, 1.000000, 0.419159, 0.047945, 0.906646, 0.243146, -0.902901, -0.082774, 0.421804, -0.040220, 0.095270, -0.995414, 0.008594, 0.202730, 0.000000, 0.000000, 0.000000, 1.000000, -0.996342, 0.085037, -0.008437, 0.023116, -0.007929, 0.006302, 0.999949, -0.100003, 0.085086, 0.996358, -0.005605, 0.019803, 0.000000, 0.000000, 0.000000, 1.000000
-24.8417, 40.2059, -3.3161, 221.1309, 243.1395, -40.2070, 202.7307, 23.1031, -100.0093, 19.8019, 0.903011, 0.082772, -0.421568, 0.040206, -0.096516, 0.995267, -0.011327, -0.003316, 0.418635, 0.050916, 0.906726, 0.221131, 0.000000, 0.000000, 0.000000, 1.000000, 0.418916, 0.047950, 0.906758, 0.243140, -0.903013, -0.082772, 0.421563, -0.040207, 0.095268, -0.995414, 0.008625, 0.202731, 0.000000, 0.000000, 0.000000, 1.000000, -0.996342, 0.085038, -0.008436, 0.023103, -0.007930, 0.006279, 0.999949, -0.100009, 0.085087, 0.996358, -0.005582, 0.019802, 0.000000, 0.000000, 0.000000, 1.000000
-24.8176, 40.1858, -3.3165, 221.1202, 243.1289, -40.1869, 202.7313, 23.0836, -100.0191, 19.7996, 0.903189, 0.082769, -0.421187, 0.040186, -0.096511, 0.995267, -0.011374, -0.003316, 0.418252, 0.050922, 0.906902, 0.221120, 0.000000, 0.000000, 0.000000, 1.000000, 0.418533, 0.047957, 0.906934, 0.243129, -0.903191, -0.082770, 0.421183, -0.040187, 0.095265, -0.995414, 0.008673, 0.202731, 0.000000, 0.000000, 0.000000, 1.000000, -0.996342, 0.085040, -0.008434, 0.023084, -0.007932, 0.006243, 0.999949, -0.100019, 0.085089, 0.996358, -0.005545, 0.019800, 0.000000, 0.000000, 0.000000, 1.000000
-24.8008, 40.1717, -3.3164, 221.1130, 243.1217, -40.1728, 202.7314, 23.0699, -100.0258, 19.7980, 0.903313, 0.082768, -0.420922, 0.040172, -0.096508, 0.995267, -0.011406, -0.003316, 0.417985, 0.050925, 0.907025, 0.221113, 0.000000, 0.000000, 0.000000, 1.000000, 0.418266, 0.047961, 0.907057, 0.243122, -0.903315, -0.082768, 0.420917, -0.040173, 0.095263, -0.995414, 0.008705, 0.202731, 0.000000, 0.000000, 0.000000, 1.000000, -0.996342, 0.085042, -0.008433, 0.023070, -0.007933, 0.006217, 0.999949, -0.100026, 0.085090, 0.996358, -0.005520, 0.019798, 0.000000, 0.000000, 0.000000, 1.000000
-24.7834, 40.1571, -3.3160, 221.1056, 243.1143, -40.1582, 202.7312, 23.0558, -100.0327, 19.7965, 0.903441, 0.082767, -0.420648, 0.040157, -0.096505, 0.995267, -0.011438, -0.003316, 0.417710, 0.050928, 0.907152, 0.221106, 0.000000, 0.000000, 0.000000, 1.000000, 0.417991, 0.047965, 0.907184, 0.243114, -0.903443, -0.082767, 0.420643, -0.040158, 0.095261, -0.995414, 0.008737, 0.202731, 0.000000, 0.000000, 0.000000, 1.000000, -0.996342, 0.085043, -0.008432, 0.023056, -0.007934, 0.006191, 0.999949, -0.100033, 0.085091, 0.996358, -0.005493, 0.019796, 0.000000, 0.000000, 0.000000, 1.000000
-24.7745, 40.1497, -3.3158, 221.1019, 243.1106, -40.1508, 202.7311, 23.0487, -100.0362, 19.7957, 0.903506, 0.082767, -0.420508, 0.040150, -0.096503, 0.995267, -0.011454, -0.003316, 0.417570, 0.050929, 0.907216, 0.221102, 0.000000, 0.000000, 0.000000, 1.000000, 0.417851, 0.047966, 0.907249, 0.243111, -0.903508, -0.082767, 0.420504, -0.040151, 0.095260, -0.995414, 0.008754, 0.202731, 0.000000, 0.000000, 0.000000, 1.000000, -0.996342, 0.085044, -0.008431, 0.023049, -0.007935, 0.006177, 0.999949, -0.100036, 0.085092, 0.996358, -0.005480, 0.019796, 0.000000, 0.000000, 0.000000, 1.000000
-24.7286, 40.1109, -3.3135, 221.0831, 243.0918, -40.1120, 202.7293, 23.0115, -100.0543, 19.7917, 0.903842, 0.082765, -0.419784, 0.040111, -0.096495, 0.995267, -0.011535, -0.003314, 0.416842, 0.050933, 0.907551, 0.221083, 0.000000, 0.000000, 0.000000, 1.000000, 0.417123, 0.047972, 0.907583, 0.243092, -0.903845, -0.082766, 0.419780, -0.040112, 0.095254, -0.995414, 0.008835, 0.202729, 0.000000, 0.000000, 0.000000, 1.000000, -0.996341, 0.085047, -0.008428, 0.023011, -0.007938, 0.006107, 0.999950, -0.100054, 0.085095, 0.996358, -0.005410, 0.019792, 0.000000, 0.000000, 0.000000, 1.000000
-24.7002, 40.0867, -3.3115, 221.0718, 243.0805, -40.0878, 202.7275, 22.9885, -100.0653, 19.7894, 0.904051, 0.082765, -0.419335, 0.040087, -0.096489, 0.995267, -0.011584, -0.003312, 0.416392, 0.050934, 0.907757, 0.221072, 0.000000, 0.000000, 0.000000, 1.000000, 0.416672, 0.047973, 0.907790, 0.243080, -0.904053, -0.082765, 0.419331, -0.040088, 0.095250, -0.995414, 0.008884, 0.202728, 0.000000, 0.000000, 0.000000, 1.000000, -0.996341, 0.085050, -0.008427, 0.022988, -0.007939, 0.006064, 0.999950, -0.100065, 0.085096, 0.996358, -0.005367, 0.019789, 0.000000, 0.000000, 0.000000, 1.000000
-24.6810, 40.0704, -3.3099, 221.0643, 243.0729, -40.0715, 202.7261, 22.9729, -100.0728, 19.7878, 0.904191, 0.082765, -0.419033, 0.040070, -0.096485, 0.995267, -0.011616, -0.003310, 0.416088, 0.050934, 0.907897, 0.221064, 0.000000, 0.000000, 0.000000, 1.000000, 0.416368, 0.047974, 0.907929, 0.243073, -0.904193, -0.082766, 0.419028, -0.040071, 0.095248, -0.995414, 0.008917, 0.202726, 0.000000, 0.000000, 0.000000, 1.000000, -0.996341, 0.085051, -0.008425, 0.022973, -0.007941, 0.006035, 0.999950, -0.100073, 0.085098, 0.996358, -0.005338, 0.019788, 0.000000, 0.000000, 0.000000, 1.000000
-24.6617, 40.0539, -3.3081, 221.0568, 243.0654, -40.0550, 202.7245, 22.9573, -100.0802, 19.7862, 0.904332, 0.082766, -0.418728, 0.040054, -0.096482, 0.995267, -0.011648, -0.003308, 0.415782, 0.050933, 0.908037, 0.221057, 0.000000, 0.000000, 0.000000, 1.000000, 0.416063, 0.047974, 0.908070, 0.243065, -0.904334, -0.082766, 0.418724, -0.040055, 0.095245, -0.995414, 0.008949, 0.202725, 0.000000, 0.000000, 0.000000, 1.000000, -0.996341, 0.085052, -0.008424, 0.022957, -0.007942, 0.006006, 0.999950, -0.100080, 0.085099, 0.996358, -0.005309, 0.019786, 0.000000, 0.000000, 0.000000, 1.000000
-24.6423, 40.0374, -3.3062, 221.0493, 243.0580, -40.0385, 202.7228, 22.9417, -100.0876, 19.7847, 0.904474, 0.082766, -0.418423, 0.040037, -0.096478, 0.995267, -0.011679, -0.003306, 0.415475, 0.050932, 0.908177, 0.221049, 0.000000, 0.000000, 0.000000, 1.000000, 0.415756, 0.047974, 0.908210, 0.243058, -0.904476, -0.082767, 0.418418, -0.040038, 0.095243, -0.995414, 0.008981, 0.202723, 0.000000, 0.000000, 0.000000, 1.000000, -0.996341, 0.085054, -0.008423, 0.022942, -0.007943, 0.005977, 0.999951, -0.100088, 0.085100, 0.996358, -0.005279, 0.019785, 0.000000, 0.000000, 0.000000, 1.000000
-24.6229, 40.0208, -3.3041, 221.0420, 243.0506, -40.0219, 202.7209, 22.9260, -100.0950, 19.7832, 0.904615, 0.082767, -0.418116, 0.040021, -0.096474, 0.995267, -0.011710, -0.003304, 0.415168, 0.050931, 0.908318, 0.221042, 0.000000, 0.000000, 0.000000, 1.000000, 0.415448, 0.047973, 0.908351, 0.243051, -0.904617, -0.082767, 0.418112, -0.040022, 0.095240, -0.995414, 0.009012, 0.202721, 0.000000, 0.000000, 0.000000, 1.000000, -0.996341, 0.085055, -0.008422, 0.022926, -0.007944, 0.005947, 0.999951, -0.100095, 0.085101, 0.996358, -0.005250, 0.019783, 0.000000, 0.000000, 0.000000, 1.000000
-24.6035, 40.0042, -3.3019, 221.0347, 243.0433, -40.0053, 202.7188, 22.9103, -100.1024, 19.7816, 0.904756, 0.082768, -0.417811, 0.040004, -0.096470, 0.995267, -0.011741, -0.003302, 0.414861, 0.050929, 0.908458, 0.221035, 0.000000, 0.000000, 0.000000, 1.000000, 0.415141, 0.047972, 0.908491, 0.243043, -0.904758, -0.082768, 0.417806, -0.040005, 0.095237, -0.995414, 0.009043, 0.202719, 0.000000, 0.000000, 0.000000, 1.000000, -0.996341, 0.085057, -0.008420, 0.022910, -0.007946, 0.005918, 0.999951, -0.100102, 0.085102, 0.996359, -0.005220, 0.019782, 0.000000, 0.000000, 0.000000, 1.000000
-24.5843, 39.9876, -3.2996, 221.0275, 243.0361, -39.9888, 202.7167, 22.8947, -100.1097, 19.7801, 0.904896, 0.082769, -0.417507, 0.039988, -0.096466, 0.995267, -0.011771, -0.003300, 0.414556, 0.050927, 0.908598, 0.221027, 0.000000, 0.000000, 0.000000, 1.000000, 0.414836, 0.047971, 0.908631, 0.243036, -0.904898, -0.082769, 0.417502, -0.039989, 0.095235, -0.995414, 0.009073, 0.202717, 0.000000, 0.000000, 0.000000, 1.000000, -0.996340, 0.085058, -0.008419, 0.022895, -0.007947, 0.005889, 0.999951, -0.100110, 0.085104, 0.996359, -0.005191, 0.019780, 0.000000, 0.000000, 0.000000, 1.000000
-24.5652, 39.9712, -3.2972, 221.0204, 243.0290, -39.9723, 202.7145, 22.8793, -100.1169, 19.7787, 0.905035, 0.082770, -0.417205, 0.039971, -0.096462, 0.995267, -0.011801, -0.003297, 0.414253, 0.050925, 0.908736, 0.221020, 0.000000, 0.000000, 0.000000, 1.000000, 0.414533, 0.047970, 0.908769, 0.243029, -0.905038, -0.082770, 0.417200, -0.039972, 0.095232, -0.995413, 0.009103, 0.202715, 0.000000, 0.000000, 0.000000, 1.000000, -0.996340, 0.085060, -0.008418, 0.022879, -0.007948, 0.005860, 0.999951, -0.100117, 0.085105, 0.996359, -0.005162, 0.019779, 0.000000, 0.000000, 0.000000, 1.000000
-24.5462, 39.9549, -3.2947, 221.0134, 243.0220, -39.9560, 202.7123, 22.8640, -100.1241, 19.7772, 0.905173, 0.082771, -0.416906, 0.039955, -0.096458, 0.995267, -0.011830, -0.003295, 0.413953, 0.050922, 0.908873, 0.221013, 0.000000, 0.000000, 0.000000, 1.000000, 0.414233, 0.047968, 0.908906, 0.243022, -0.905175, -0.082771, 0.416901, -0.039956, 0.095229, -0.995413, 0.009133, 0.202712, 0.000000, 0.000000, 0.000000, 1.000000, -0.996340, 0.085061, -0.008417, 0.022864, -0.007949, 0.005831, 0.999951, -0.100124, 0.085106, 0.996359, -0.005134, 0.019777, 0.000000, 0.000000, 0.000000, 1.000000
-24.4999, 39.9150, -3.2884, 220.9965, 243.0051, -39.9161, 202.7064, 22.8265, -100.1415, 19.7737, 0.905510, 0.082774, -0.416174, 0.039915, -0.096449, 0.995267, -0.011900, -0.003288, 0.413219, 0.050915, 0.909207, 0.220996, 0.000000, 0.000000, 0.000000, 1.000000, 0.413499, 0.047963, 0.909241, 0.243005, -0.905512, -0.082775, 0.416169, -0.039916, 0.095223, -0.995413, 0.009204, 0.202706, 0.000000, 0.000000, 0.000000, 1.000000, -0.996340, 0.085064, -0.008414, 0.022826, -0.007952, 0.005761, 0.999952, -0.100141, 0.085109, 0.996359, -0.005063, 0.019774, 0.000000, 0.000000, 0.000000, 1.000000
-24.4819, 39.8995, -3.2859, 220.9900, 242.9985, -39.9006, 202.7041, 22.8119, -100.1482, 19.7724, 0.905640, 0.082776, -0.415889, 0.039899, -0.096445, 0.995267, -0.011927, -0.003286, 0.412933, 0.050912, 0.909337, 0.220990, 0.000000, 0.000000, 0.000000, 1.000000, 0.413213, 0.047961, 0.909371, 0.242999, -0.905642, -0.082776, 0.415884, -0.039901, 0.095220, -0.995413, 0.009231, 0.202704, 0.000000, 0.000000, 0.000000, 1.000000, -0.996340, 0.085065, -0.008412, 0.022812, -0.007953, 0.005734, 0.999952, -0.100148, 0.085110, 0.996359, -0.005036, 0.019772, 0.000000, 0.000000, 0.000000, 1.000000
-24.4642, 39.8842, -3.2833, 220.9836, 242.9922, -39.8853, 202.7018, 22.7976, -100.1549, 19.7711, 0.905769, 0.082777, -0.415609, 0.039884, -0.096441, 0.995267, -0.011954, -0.003283, 0.412653, 0.050909, 0.909465, 0.220984, 0.000000, 0.000000, 0.000000, 1.000000, 0.412932, 0.047959, 0.909498, 0.242992, -0.905771, -0.082777, 0.415605, -0.039885, 0.095218, -0.995413, 0.009258, 0.202702, 0.000000, 0.000000, 0.000000, 1.000000, -0.996340, 0.085067, -0.008411, 0.022798, -0.007954, 0.005707, 0.999952, -0.100155, 0.085111, 0.996359, -0.005009, 0.019771, 0.000000, 0.000000, 0.000000, 1.000000
-24.4468, 39.8692, -3.2808, 220.9773, 242.9859, -39.8703, 202.6994, 22.7835, -100.1613, 19.7698, 0.905895, 0.082778, -0.415334, 0.039869, -0.096438, 0.995267, -0.011980, -0.003281, 0.412377, 0.050906, 0.909590, 0.220977, 0.000000, 0.000000, 0.000000, 1.000000, 0.412656, 0.047956, 0.909623, 0.242986, -0.905897, -0.082779, 0.415330, -0.039870, 0.095215, -0.995413, 0.009284, 0.202699, 0.000000, 0.000000, 0.000000, 1.000000, -0.996340, 0.085068, -0.008410, 0.022784, -0.007955, 0.005681, 0.999952, -0.100161, 0.085112, 0.996359, -0.004983, 0.019770, 0.000000, 0.000000, 0.000000, 1.000000
-24.4298, 39.8545, -3.2784, 220.9712, 242.9798, -39.8556, 202.6972, 22.7698, -100.1677, 19.7685, 0.906018, 0.082780, -0.415065, 0.039854, -0.096434, 0.995267, -0.012005, -0.003278, 0.412107, 0.050903, 0.909712, 0.220971, 0.000000, 0.000000, 0.000000, 1.000000, 0.412386, 0.047954, 0.909746, 0.242980, -0.906020, -0.082780, 0.415061, -0.039856, 0.095213, -0.995413, 0.009310, 0.202697, 0.000000, 0.000000, 0.000000, 1.000000, -0.996340, 0.085069, -0.008409, 0.022770, -0.007957, 0.005655, 0.999952, -0.100168, 0.085113, 0.996359, -0.004957, 0.019769, 0.000000, 0.000000, 0.000000, 1.000000
-24.4131, 39.8401, -3.2759, 220.9653, 242.9738, -39.8412, 202.6949, 22.7563, -100.1739, 19.7673, 0.906138, 0.082781, -0.414802, 0.039840, -0.096431, 0.995267, -0.012030, -0.003276, 0.411843, 0.050900, 0.909832, 0.220965, 0.000000, 0.000000, 0.000000, 1.000000, 0.412122, 0.047952, 0.909866, 0.242974, -0.906140, -0.082781, 0.414797, -0.039841, 0.095210, -0.995413, 0.009335, 0.202695, 0.000000, 0.000000, 0.000000, 1.000000, -0.996339, 0.085070, -0.008408, 0.022756, -0.007958, 0.005630, 0.999952, -0.100174, 0.085113, 0.996359, -0.004932, 0.019767, 0.000000, 0.000000, 0.000000, 1.000000
-24.3968, 39.8260, -3.2736, 220.9594, 242.9679, -39.8271, 202.6928, 22.7431, -100.1800, 19.7661, 0.906256, 0.082783, -0.414544, 0.039826, -0.096427, 0.995267, -0.012054, -0.003274, 0.411584, 0.050898, 0.909949, 0.220959, 0.000000, 0.000000, 0.000000, 1.000000, 0.411863, 0.047950, 0.909983, 0.242968, -0.906258, -0.082783, 0.414539, -0.039827, 0.095208, -0.995413, 0.009360, 0.202693, 0.000000, 0.000000, 0.000000, 1.000000, -0.996339, 0.085071, -0.008407, 0.022743, -0.007959, 0.005605, 0.999953, -0.100180, 0.085114, 0.996359, -0.004907, 0.019766, 0.000000, 0.000000, 0.000000, 1.000000
-24.3809, 39.8123, -3.2712, 220.9537, 242.9622, -39.8134, 202.6906, 22.7302, -100.1859, 19.7649, 0.906371, 0.082784, -0.414293, 0.039812, -0.096424, 0.995267, -0.012078, -0.003271, 0.411332, 0.050895, 0.910064, 0.220954, 0.000000, 0.000000, 0.000000, 1.000000, 0.411611, 0.047948, 0.910097, 0.242962, -0.906373, -0.082784, 0.414288, -0.039813, 0.095206, -0.995413, 0.009384, 0.202691, 0.000000, 0.000000, 0.000000, 1.000000, -0.996339, 0.085072, -0.008406, 0.022730, -0.007960, 0.005581, 0.999953, -0.100186, 0.085115, 0.996359, -0.004883, 0.019765, 0.000000, 0.000000, 0.000000, 1.000000
-24.3654, 39.7989, -3.2690, 220.9482, 242.9567, -39.8000, 202.6886, 22.7177, -100.1917, 19.7638, 0.906483, 0.082785, -0.414048, 0.039799, -0.096421, 0.995267, -0.012101, -0.003269, 0.411086, 0.050892, 0.910175, 0.220948, 0.000000, 0.000000, 0.000000, 1.000000, 0.411365, 0.047946, 0.910209, 0.242957, -0.906485, -0.082785, 0.414043, -0.039800, 0.095204, -0.995413, 0.009408, 0.202689, 0.000000, 0.000000, 0.000000, 1.000000, -0.996339, 0.085073, -0.008405, 0.022718, -0.007961, 0.005557, 0.999953, -0.100192, 0.085116, 0.996359, -0.004860, 0.019764, 0.000000, 0.000000, 0.000000, 1.000000
-24.3503, 39.7859, -3.2669, 220.9428, 242.9513, -39.7870, 202.6867, 22.7054, -100.1973, 19.7626, 0.906592, 0.082786, -0.413809, 0.039786, -0.096418, 0.995267, -0.012124, -0.003267, 0.410847, 0.050890, 0.910283, 0.220943, 0.000000, 0.000000, 0.000000, 1.000000, 0.411126, 0.047945, 0.910317, 0.242951, -0.906594, -0.082787, 0.413804, -0.039787, 0.095202, -0.995413, 0.009431, 0.202687, 0.000000, 0.000000, 0.000000, 1.000000, -0.996339, 0.085074, -0.008404, 0.022705, -0.007962, 0.005535, 0.999953, -0.100197, 0.085117, 0.996359, -0.004837, 0.019763, 0.000000, 0.000000, 0.000000, 1.000000
-24.3214, 39.7609, -3.2628, 220.9323, 242.9408, -39.7620, 202.6830, 22.6820, -100.2081, 19.7605, 0.906801, 0.082789, -0.413351, 0.039761, -0.096411, 0.995267, -0.012167, -0.003263, 0.410387, 0.050885, 0.910491, 0.220932, 0.000000, 0.000000, 0.000000, 1.000000, 0.410666, 0.047941, 0.910525, 0.242941, -0.906803, -0.082789, 0.413346, -0.039762, 0.095198, -0.995413, 0.009475, 0.202683, 0.000000, 0.000000, 0.000000, 1.000000, -0.996339, 0.085076, -0.008402, 0.022682, -0.007963, 0.005491, 0.999953, -0.100208, 0.085118, 0.996359, -0.004793, 0.019760, 0.000000, 0.000000, 0.000000, 1.000000
-24.3075, 39.7489, -3.2609, 220.9273, 242.9358, -39.7500, 202.6813, 22.6707, -100.2132, 19.7594, 0.906901, 0.082790, -0.413130, 0.039749, -0.096409, 0.995267, -0.012188, -0.003261, 0.410166, 0.050883, 0.910590, 0.220927, 0.000000, 0.000000, 0.000000, 1.000000, 0.410445, 0.047940, 0.910624, 0.242936, -0.906903, -0.082790, 0.413126, -0.039750, 0.095196, -0.995413, 0.009496, 0.202681, 0.000000, 0.000000, 0.000000, 1.000000, -0.996339, 0.085077, -0.008401, 0.022671, -0.007964, 0.005470, 0.999953, -0.100213, 0.085119, 0.996359, -0.004772, 0.019759, 0.000000, 0.000000, 0.000000, 1.000000
-24.2940, 39.7372, -3.2591, 220.9224, 242.9309, -39.7383, 202.6797, 22.6598, -100.2183, 19.7584, 0.906998, 0.082790, -0.412917, 0.039737, -0.096406, 0.995267, -0.012208, -0.003259, 0.409952, 0.050881, 0.910687, 0.220922, 0.000000, 0.000000, 0.000000, 1.000000, 0.410231, 0.047939, 0.910721, 0.242931, -0.907000, -0.082791, 0.412913, -0.039738, 0.095194, -0.995413, 0.009517, 0.202680, 0.000000, 0.000000, 0.000000, 1.000000, -0.996339, 0.085078, -0.008400, 0.022660, -0.007965, 0.005449, 0.999953, -0.100218, 0.085120, 0.996359, -0.004752, 0.019758, 0.000000, 0.000000, 0.000000, 1.000000
-24.2810, 39.7260, -3.2574, 220.9177, 242.9262, -39.7271, 202.6782, 22.6493, -100.2231, 19.7574, 0.907092, 0.082791, -0.412711, 0.039726, -0.096403, 0.995267, -0.012228, -0.003257, 0.409745, 0.050879, 0.910780, 0.220918, 0.000000, 0.000000, 0.000000, 1.000000, 0.410024, 0.047938, 0.910814, 0.242926, -0.907094, -0.082792, 0.412707, -0.039727, 0.095192, -0.995413, 0.009538, 0.202678, 0.000000, 0.000000, 0.000000, 1.000000, -0.996339, 0.085079, -0.008399, 0.022649, -0.007966, 0.005430, 0.999954, -0.100223, 0.085120, 0.996359, -0.004732, 0.019757, 0.000000, 0.000000, 0.000000, 1.000000
-24.2684, 39.7152, -3.2558, 220.9131, 242.9216, -39.7163, 202.6768, 22.6390, -100.2278, 19.7565, 0.907182, 0.082792, -0.412512, 0.039715, -0.096400, 0.995267, -0.012248, -0.003256, 0.409545, 0.050877, 0.910870, 0.220913, 0.000000, 0.000000, 0.000000, 1.000000, 0.409824, 0.047937, 0.910904, 0.242922, -0.907184, -0.082792, 0.412507, -0.039716, 0.095190, -0.995413, 0.009557, 0.202677, 0.000000, 0.000000, 0.000000, 1.000000, -0.996339, 0.085080, -0.008398, 0.022639, -0.007967, 0.005410, 0.999954, -0.100228, 0.085121, 0.996359, -0.004713, 0.019756, 0.000000, 0.000000, 0.000000, 1.000000
-24.2562, 39.7047, -3.2543, 220.9087, 242.9171, -39.7058, 202.6755, 22.6292, -100.2324, 19.7555, 0.907270, 0.082793, -0.412319, 0.039705, -0.096398, 0.995267, -0.012266, -0.003254, 0.409352, 0.050875, 0.910957, 0.220909, 0.000000, 0.000000, 0.000000, 1.000000, 0.409630, 0.047936, 0.910991, 0.242917, -0.907272, -0.082793, 0.412314, -0.039706, 0.095189, -0.995413, 0.009577, 0.202676, 0.000000, 0.000000, 0.000000, 1.000000, -0.996339, 0.085080, -0.008397, 0.022629, -0.007967, 0.005392, 0.999954, -0.100232, 0.085122, 0.996359, -0.004694, 0.019756, 0.000000, 0.000000, 0.000000, 1.000000
-24.2444, 39.6945, -3.2529, 220.9043, 242.9128, -39.6956, 202.6743, 22.6196, -100.2368, 19.7546, 0.907355, 0.082794, -0.412131, 0.039694, -0.096395, 0.995267, -0.012285, -0.003253, 0.409164, 0.050874, 0.911042, 0.220904, 0.000000, 0.000000, 0.000000, 1.000000, 0.409442, 0.047936, 0.911076, 0.242913, -0.907357, -0.082794, 0.412127, -0.039696, 0.095187, -0.995413, 0.009596, 0.202674, 0.000000, 0.000000, 0.000000, 1.000000, -0.996339, 0.085081, -0.008397, 0.022620, -0.007968, 0.005374, 0.999954, -0.100237, 0.085122, 0.996360, -0.004676, 0.019755, 0.000000, 0.000000, 0.000000, 1.000000
-24.2329, 39.6846, -3.2515, 220.9001, 242.9085, -39.6857, 202.6731, 22.6102, -100.2411, 19.7538, 0.907438, 0.082794, -0.411949, 0.039685, -0.096393, 0.995267, -0.012303, -0.003251, 0.408981, 0.050873, 0.911124, 0.220900, 0.000000, 0.000000, 0.000000, 1.000000, 0.409259, 0.047935, 0.911158, 0.242909, -0.907440, -0.082795, 0.411944, -0.039686, 0.095186, -0.995413, 0.009614, 0.202673, 0.000000, 0.000000, 0.000000, 1.000000, -0.996339, 0.085082, -0.008396, 0.022610, -0.007969, 0.005357, 0.999954, -0.100241, 0.085123, 0.996360, -0.004659, 0.019754, 0.000000, 0.000000, 0.000000, 1.000000
-24.2217, 39.6750, -3.2502, 220.8960, 242.9044, -39.6761, 202.6720, 22.6012, -100.2453, 19.7529, 0.907518, 0.082795, -0.411772, 0.039675, -0.096390, 0.995267, -0.012320, -0.003250, 0.408803, 0.050871, 0.911204, 0.220896, 0.000000, 0.000000, 0.000000, 1.000000, 0.409081, 0.047935, 0.911238, 0.242904, -0.907520, -0.082795, 0.411767, -0.039676, 0.095184, -0.995413, 0.009632, 0.202672, 0.000000, 0.000000, 0.000000, 1.000000, -0.996339, 0.085083, -0.008395, 0.022601, -0.007970, 0.005340, 0.999954, -0.100245, 0.085124, 0.996360, -0.004642, 0.019753, 0.000000, 0.000000, 0.000000, 1.000000
-24.2108, 39.6656, -3.2490, 220.8919, 242.9003, -39.6667, 202.6710, 22.5923, -100.2494, 19.7520, 0.907596, 0.082795, -0.411599, 0.039666, -0.096388, 0.995267, -0.012337, -0.003249, 0.408630, 0.050870, 0.911282, 0.220892, 0.000000, 0.000000, 0.000000, 1.000000, 0.408908, 0.047935, 0.911316, 0.242900, -0.907598, -0.082796, 0.411594, -0.039667, 0.095183, -0.995413, 0.009650, 0.202671, 0.000000, 0.000000, 0.000000, 1.000000, -0.996338, 0.085083, -0.008394, 0.022592, -0.007970, 0.005323, 0.999954, -0.100249, 0.085124, 0.996360, -0.004626, 0.019752, 0.000000, 0.000000, 0.000000, 1.000000
-24.2002, 39.6564, -3.2478, 220.8880, 242.8964, -39.6576, 202.6701, 22.5836, -100.2533, 19.7512, 0.907673, 0.082796, -0.411430, 0.039656, -0.096386, 0.995267, -0.012354, -0.003248, 0.408460, 0.050869, 0.911358, 0.220888, 0.000000, 0.000000, 0.000000, 1.000000, 0.408738, 0.047935, 0.911392, 0.242896, -0.907675, -0.082796, 0.411426, -0.039658, 0.095181, -0.995413, 0.009667, 0.202670, 0.000000, 0.000000, 0.000000, 1.000000, -0.996338, 0.085084, -0.008394, 0.022584, -0.007971, 0.005307, 0.999954, -0.100253, 0.085125, 0.996360, -0.004609, 0.019751, 0.000000, 0.000000, 0.000000, 1.000000
-24.1846, 39.6431, -3.2462, 220.8821, 242.8905, -39.6442, 202.6687, 22.5710, -100.2592, 19.7500, 0.907785, 0.082796, -0.411183, 0.039643, -0.096383, 0.995267, -0.012379, -0.003246, 0.408212, 0.050868, 0.911469, 0.220882, 0.000000, 0.000000, 0.000000, 1.000000, 0.408490, 0.047935, 0.911503, 0.242891, -0.907787, -0.082797, 0.411179, -0.039644, 0.095179, -0.995413, 0.009693, 0.202669, 0.000000, 0.000000, 0.000000, 1.000000, -0.996338, 0.085085, -0.008393, 0.022571, -0.007972, 0.005283, 0.999954, -0.100259, 0.085125, 0.996360, -0.004586, 0.019750, 0.000000, 0.000000, 0.000000, 1.000000
-24.1694, 39.6301, -3.2447, 220.8764, 242.8848, -39.6312, 202.6675, 22.5587, -100.2649, 19.7488, 0.907893, 0.082797, -0.410943, 0.039630, -0.096379, 0.995267, -0.012403, -0.003245, 0.407972, 0.050867, 0.911577, 0.220876, 0.000000, 0.000000, 0.000000, 1.000000, 0.408249, 0.047935, 0.911611, 0.242885, -0.907895, -0.082797, 0.410939, -0.039631, 0.095177, -0.995413, 0.009718, 0.202668, 0.000000, 0.000000, 0.000000, 1.000000, -0.996338, 0.085086, -0.008392, 0.022559, -0.007973, 0.005260, 0.999954, -0.100265, 0.085126, 0.996360, -0.004563, 0.019749, 0.000000, 0.000000, 0.000000, 1.000000
-24.1595, 39.6216, -3.2437, 220.8727, 242.8811, -39.6227, 202.6667, 22.5506, -100.2686, 19.7480, 0.907965, 0.082797, -0.410786, 0.039622, -0.096377, 0.995267, -0.012419, -0.003244, 0.407813, 0.050866, 0.911647, 0.220873, 0.000000, 0.000000, 0.000000, 1.000000, 0.408091, 0.047935, 0.911682, 0.242881, -0.907967, -0.082798, 0.410781, -0.039623, 0.095176, -0.995413, 0.009734, 0.202667, 0.000000, 0.000000, 0.000000, 1.000000, -0.996338, 0.085086, -0.008391, 0.022551, -0.007974, 0.005245, 0.999954, -0.100269, 0.085127, 0.996360, -0.004548, 0.019748, 0.000000, 0.000000, 0.000000, 1.000000
-24.1496, 39.6131, -3.2428, 220.8689, 242.8773, -39.6142, 202.6660, 22.5426, -100.2723, 19.7472, 0.908035, 0.082798, -0.410629, 0.039613, -0.096375, 0.995267, -0.012435, -0.003243, 0.407656, 0.050866, 0.911718, 0.220869, 0.000000, 0.000000, 0.000000, 1.000000, 0.407933, 0.047935, 0.911752, 0.242877, -0.908037, -0.082798, 0.410624, -0.039614, 0.095175, -0.995413, 0.009751, 0.202666, 0.000000, 0.000000, 0.000000, 1.000000, -0.996338, 0.085087, -0.008390, 0.022543, -0.007974, 0.005230, 0.999955, -0.100272, 0.085127, 0.996360, -0.004533, 0.019747, 0.000000, 0.000000, 0.000000, 1.000000
-24.1398, 39.6047, -3.2418, 220.8652, 242.8736, -39.6058, 202.6653, 22.5346, -100.2760, 19.7464, 0.908106, 0.082798, -0.410474, 0.039605, -0.096373, 0.995267, -0.012451, -0.003242, 0.407500, 0.050865, 0.911787, 0.220865, 0.000000, 0.000000, 0.000000, 1.000000, 0.407777, 0.047935, 0.911822, 0.242874, -0.908108, -0.082798, 0.410469, -0.039606, 0.095173, -0.995413, 0.009767, 0.202665, 0.000000, 0.000000, 0.000000, 1.000000, -0.996338, 0.085088, -0.008390, 0.022535, -0.007975, 0.005216, 0.999955, -0.100276, 0.085128, 0.996360, -0.004518, 0.019746, 0.000000, 0.000000, 0.000000, 1.000000
-24.1300, 39.5963, -3.2409, 220.8615, 242.8699, -39.5974, 202.6646, 22.5267, -100.2797, 19.7457, 0.908176, 0.082798, -0.410319, 0.039596, -0.096371, 0.995267, -0.012467, -0.003241, 0.407344, 0.050865, 0.911857, 0.220861, 0.000000, 0.000000, 0.000000, 1.000000, 0.407622, 0.047936, 0.911892, 0.242870, -0.908178, -0.082799, 0.410314, -0.039597, 0.095172, -0.995413, 0.009784, 0.202665, 0.000000, 0.000000, 0.000000, 1.000000, -0.996338, 0.085088, -0.008389, 0.022527, -0.007975, 0.005201, 0.999955, -0.100280, 0.085128, 0.996360, -0.004503, 0.019746, 0.000000, 0.000000, 0.000000, 1.000000
