# Joint_6_Angle(deg), Cam_X(mm), Cam_Y(mm), Cam_Z(mm), Torso_X(mm), Torso_Y(mm), Torso_Z(mm), EE_X(mm), EE_Y(mm), EE_Z(mm), T_cam2marker_flat(16), T_torso2marker_flat(16), T_ee2marker_flat(16)
-24.9995, 16.0446, -19.5070, 248.3015, 270.3735, -16.0471, 218.6399, 1.6549, 101.9690, 16.0145, 0.898315, -0.047348, -0.436793, 0.016045, 0.082612, 0.994646, 0.062083, -0.019507, 0.431515, -0.091854, 0.897417, 0.248302, 0.000000, 0.000000, 0.000000, 1.000000, 0.431190, -0.095620, 0.897180, 0.270373, -0.898319, 0.047349, 0.436784, -0.016047, -0.084245, -0.994291, -0.065481, 0.218640, 0.000000, 0.000000, 0.000000, 1.000000, 0.994687, -0.071721, 0.073848, 0.001655, 0.073866, -0.002402, -0.997265, 0.101969, 0.071702, 0.997422, 0.002908, 0.016014, 0.000000, 0.000000, 0.000000, 1.000000
-24.9999, 16.0461, -19.4998, 248.3050, 270.3769, -16.0486, 218.6328, 1.6554, 101.9683, 16.0152, 0.898312, -0.047354, -0.436800, 0.016046, 0.082626, 0.994644, 0.062095, -0.019500, 0.431520, -0.091871, 0.897413, 0.248305, 0.000000, 0.000000, 0.000000, 1.000000, 0.431195, -0.095637, 0.897176, 0.270377, -0.898316, 0.047355, 0.436791, -0.016049, -0.084259, -0.994289, -0.065493, 0.218633, 0.000000, 0.000000, 0.000000, 1.000000, 0.994687, -0.071721, 0.073848, 0.001655, 0.073866, -0.002403, -0.997265, 0.101968, 0.071702, 0.997422, 0.002907, 0.016015, 0.000000, 0.000000, 0.000000, 1.000000
-25.0003, 16.0476, -19.4932, 248.3083, 270.3801, -16.0500, 218.6262, 1.6558, 101.9678, 16.0158, 0.898308, -0.047361, -0.436807, 0.016048, 0.082639, 0.994642, 0.062106, -0.019493, 0.431526, -0.091887, 0.897409, 0.248308, 0.000000, 0.000000, 0.000000, 1.000000, 0.431201, -0.095653, 0.897171, 0.270380, -0.898312, 0.047362, 0.436798, -0.016050, -0.084273, -0.994287, -0.065504, 0.218626, 0.000000, 0.000000, 0.000000, 1.000000, 0.994687, -0.071721, 0.073848, 0.001656, 0.073866, -0.002404, -0.997265, 0.101968, 0.071702, 0.997422, 0.002907, 0.016016, 0.000000, 0.000000, 0.000000, 1.000000
-25.0007, 16.0487, -19.4883, 248.3106, 270.3825, -16.0512, 218.6214, 1.6562, 101.9673, 16.0163, 0.898305, -0.047365, -0.436813, 0.016049, 0.082649, 0.994641, 0.062114, -0.019488, 0.431530, -0.091899, 0.897405, 0.248311, 0.000000, 0.000000, 0.000000, 1.000000, 0.431205, -0.095664, 0.897168, 0.270382, -0.898309, 0.047366, 0.436804, -0.016051, -0.084282, -0.994286, -0.065512, 0.218621, 0.000000, 0.000000, 0.000000, 1.000000, 0.994687, -0.071721, 0.073848, 0.001656, 0.073866, -0.002404, -0.997265, 0.101967, 0.071702, 0.997422, 0.002906, 0.016016, 0.000000, 0.000000, 0.000000, 1.000000
-24.9992, 16.0476, -19.4877, 248.3103, 270.3822, -16.0500, 218.6210, 1.6575, 101.9671, 16.0163, 0.898316, -0.047366, -0.436789, 0.016048, 0.082648, 0.994641, 0.062118, -0.019488, 0.431506, -0.091901, 0.897417, 0.248310, 0.000000, 0.000000, 0.000000, 1.000000, 0.431181, -0.095666, 0.897179, 0.270382, -0.898320, 0.047367, 0.436780, -0.016050, -0.084281, -0.994286, -0.065515, 0.218621, 0.000000, 0.000000, 0.000000, 1.000000, 0.994687, -0.071721, 0.073848, 0.001657, 0.073866, -0.002403, -0.997265, 0.101967, 0.071702, 0.997422, 0.002908, 0.016016, 0.000000, 0.000000, 0.000000, 1.000000
-24.9980, 16.0466, -19.4882, 248.3097, 270.3815, -16.0490, 218.6215, 1.6584, 101.9671, 16.0162, 0.898325, -0.047365, -0.436772, 0.016047, 0.082646, 0.994641, 0.062119, -0.019488, 0.431489, -0.091900, 0.897425, 0.248310, 0.000000, 0.000000, 0.000000, 1.000000, 0.431164, -0.095664, 0.897188, 0.270381, -0.898329, 0.047366, 0.436763, -0.016049, -0.084279, -0.994286, -0.065515, 0.218622, 0.000000, 0.000000, 0.000000, 1.000000, 0.994687, -0.071721, 0.073848, 0.001658, 0.073866, -0.002401, -0.997265, 0.101967, 0.071702, 0.997422, 0.002909, 0.016016, 0.000000, 0.000000, 0.000000, 1.000000
-24.9965, 16.0452, -19.4889, 248.3087, 270.3806, -16.0477, 218.6224, 1.6595, 101.9670, 16.0160, 0.898336, -0.047365, -0.436748, 0.016045, 0.082644, 0.994641, 0.062120, -0.019489, 0.431466, -0.091899, 0.897436, 0.248309, 0.000000, 0.000000, 0.000000, 1.000000, 0.431141, -0.095663, 0.897199, 0.270381, -0.898340, 0.047366, 0.436740, -0.016048, -0.084276, -0.994286, -0.065516, 0.218622, 0.000000, 0.000000, 0.000000, 1.000000, 0.994687, -0.071721, 0.073848, 0.001660, 0.073866, -0.002399, -0.997265, 0.101967, 0.071702, 0.997422, 0.002911, 0.016016, 0.000000, 0.000000, 0.000000, 1.000000
-24.9946, 16.0434, -19.4899, 248.3075, 270.3794, -16.0459, 218.6234, 1.6610, 101.9669, 16.0158, 0.898351, -0.047364, -0.436718, 0.016043, 0.082640, 0.994641, 0.062121, -0.019490, 0.431435, -0.091897, 0.897451, 0.248308, 0.000000, 0.000000, 0.000000, 1.000000, 0.431111, -0.095661, 0.897214, 0.270379, -0.898355, 0.047365, 0.436709, -0.016046, -0.084272, -0.994286, -0.065518, 0.218623, 0.000000, 0.000000, 0.000000, 1.000000, 0.994687, -0.071721, 0.073848, 0.001661, 0.073866, -0.002397, -0.997265, 0.101967, 0.071702, 0.997422, 0.002914, 0.016016, 0.000000, 0.000000, 0.000000, 1.000000
-24.9921, 16.0412, -19.4911, 248.3060, 270.3778, -16.0436, 218.6247, 1.6630, 101.9668, 16.0155, 0.898370, -0.047363, -0.436679, 0.016041, 0.082635, 0.994642, 0.062123, -0.019491, 0.431397, -0.091895, 0.897470, 0.248306, 0.000000, 0.000000, 0.000000, 1.000000, 0.431072, -0.095658, 0.897232, 0.270378, -0.898374, 0.047364, 0.436670, -0.016044, -0.084267, -0.994287, -0.065519, 0.218625, 0.000000, 0.000000, 0.000000, 1.000000, 0.994687, -0.071721, 0.073848, 0.001663, 0.073866, -0.002393, -0.997265, 0.101967, 0.071702, 0.997422, 0.002917, 0.016016, 0.000000, 0.000000, 0.000000, 1.000000
-24.9891, 16.0384, -19.4925, 248.3042, 270.3760, -16.0409, 218.6262, 1.6653, 101.9666, 16.0152, 0.898393, -0.047361, -0.436632, 0.016038, 0.082630, 0.994642, 0.062126, -0.019492, 0.431350, -0.091892, 0.897493, 0.248304, 0.000000, 0.000000, 0.000000, 1.000000, 0.431025, -0.095655, 0.897255, 0.270376, -0.898397, 0.047362, 0.436623, -0.016041, -0.084261, -0.994287, -0.065522, 0.218626, 0.000000, 0.000000, 0.000000, 1.000000, 0.994687, -0.071721, 0.073847, 0.001665, 0.073867, -0.002390, -0.997265, 0.101967, 0.071701, 0.997422, 0.002921, 0.016015, 0.000000, 0.000000, 0.000000, 1.000000
-24.9833, 16.0332, -19.4949, 248.3008, 270.3726, -16.0356, 218.6287, 1.6699, 101.9663, 16.0146, 0.898437, -0.047359, -0.436541, 0.016033, 0.082619, 0.994643, 0.062131, -0.019495, 0.431260, -0.091888, 0.897536, 0.248301, 0.000000, 0.000000, 0.000000, 1.000000, 0.430935, -0.095650, 0.897299, 0.270373, -0.898441, 0.047360, 0.436532, -0.016036, -0.084251, -0.994288, -0.065527, 0.218629, 0.000000, 0.000000, 0.000000, 1.000000, 0.994687, -0.071721, 0.073847, 0.001670, 0.073867, -0.002382, -0.997265, 0.101966, 0.071701, 0.997422, 0.002928, 0.016015, 0.000000, 0.000000, 0.000000, 1.000000
-24.9786, 16.0289, -19.4966, 248.2981, 270.3700, -16.0314, 218.6306, 1.6737, 101.9661, 16.0142, 0.898473, -0.047358, -0.436467, 0.016029, 0.082611, 0.994643, 0.062136, -0.019497, 0.431186, -0.091885, 0.897572, 0.248298, 0.000000, 0.000000, 0.000000, 1.000000, 0.430861, -0.095646, 0.897335, 0.270370, -0.898477, 0.047359, 0.436458, -0.016031, -0.084242, -0.994288, -0.065531, 0.218631, 0.000000, 0.000000, 0.000000, 1.000000, 0.994687, -0.071721, 0.073847, 0.001674, 0.073867, -0.002376, -0.997265, 0.101966, 0.071700, 0.997422, 0.002935, 0.016014, 0.000000, 0.000000, 0.000000, 1.000000
-24.9730, 16.0240, -19.4985, 248.2951, 270.3669, -16.0264, 218.6326, 1.6781, 101.9657, 16.0137, 0.898515, -0.047356, -0.436380, 0.016024, 0.082602, 0.994643, 0.062142, -0.019499, 0.431100, -0.091881, 0.897614, 0.248295, 0.000000, 0.000000, 0.000000, 1.000000, 0.430775, -0.095643, 0.897377, 0.270367, -0.898520, 0.047357, 0.436371, -0.016026, -0.084233, -0.994289, -0.065537, 0.218633, 0.000000, 0.000000, 0.000000, 1.000000, 0.994687, -0.071721, 0.073847, 0.001678, 0.073867, -0.002369, -0.997265, 0.101966, 0.071700, 0.997422, 0.002942, 0.016014, 0.000000, 0.000000, 0.000000, 1.000000
-24.9667, 16.0184, -19.5005, 248.2917, 270.3636, -16.0208, 218.6347, 1.6832, 101.9653, 16.0131, 0.898564, -0.047354, -0.436281, 0.016018, 0.082593, 0.994644, 0.062149, -0.019500, 0.431001, -0.091878, 0.897662, 0.248292, 0.000000, 0.000000, 0.000000, 1.000000, 0.430677, -0.095639, 0.897424, 0.270364, -0.898568, 0.047355, 0.436272, -0.016021, -0.084222, -0.994289, -0.065543, 0.218635, 0.000000, 0.000000, 0.000000, 1.000000, 0.994687, -0.071721, 0.073846, 0.001683, 0.073868, -0.002361, -0.997265, 0.101965, 0.071700, 0.997422, 0.002950, 0.016013, 0.000000, 0.000000, 0.000000, 1.000000
-24.9474, 16.0014, -19.5056, 248.2818, 270.3537, -16.0038, 218.6401, 1.6988, 101.9641, 16.0114, 0.898711, -0.047350, -0.435978, 0.016001, 0.082564, 0.994645, 0.062171, -0.019506, 0.430700, -0.091870, 0.897807, 0.248282, 0.000000, 0.000000, 0.000000, 1.000000, 0.430375, -0.095630, 0.897570, 0.270354, -0.898715, 0.047351, 0.435969, -0.016004, -0.084192, -0.994290, -0.065565, 0.218640, 0.000000, 0.000000, 0.000000, 1.000000, 0.994687, -0.071722, 0.073845, 0.001699, 0.073868, -0.002336, -0.997265, 0.101964, 0.071698, 0.997422, 0.002975, 0.016011, 0.000000, 0.000000, 0.000000, 1.000000
-24.9382, 15.9933, -19.5076, 248.2773, 270.3491, -15.9958, 218.6423, 1.7063, 101.9634, 16.0107, 0.898781, -0.047348, -0.435834, 0.015993, 0.082551, 0.994645, 0.062182, -0.019508, 0.430556, -0.091867, 0.897876, 0.248277, 0.000000, 0.000000, 0.000000, 1.000000, 0.430232, -0.095626, 0.897639, 0.270349, -0.898785, 0.047349, 0.435825, -0.015996, -0.084178, -0.994291, -0.065576, 0.218642, 0.000000, 0.000000, 0.000000, 1.000000, 0.994687, -0.071722, 0.073845, 0.001706, 0.073869, -0.002324, -0.997265, 0.101963, 0.071697, 0.997422, 0.002986, 0.016011, 0.000000, 0.000000, 0.000000, 1.000000
-24.9282, 15.9846, -19.5097, 248.2724, 270.3442, -15.9871, 218.6446, 1.7145, 101.9627, 16.0099, 0.898857, -0.047346, -0.435677, 0.015985, 0.082538, 0.994645, 0.062195, -0.019510, 0.430399, -0.091864, 0.897952, 0.248272, 0.000000, 0.000000, 0.000000, 1.000000, 0.430075, -0.095623, 0.897715, 0.270344, -0.898861, 0.047347, 0.435668, -0.015987, -0.084164, -0.994291, -0.065589, 0.218645, 0.000000, 0.000000, 0.000000, 1.000000, 0.994687, -0.071722, 0.073844, 0.001715, 0.073869, -0.002311, -0.997265, 0.101963, 0.071696, 0.997422, 0.002999, 0.016010, 0.000000, 0.000000, 0.000000, 1.000000
-24.9229, 15.9800, -19.5107, 248.2699, 270.3417, -15.9825, 218.6457, 1.7189, 101.9623, 16.0094, 0.898898, -0.047345, -0.435593, 0.015980, 0.082531, 0.994645, 0.062202, -0.019511, 0.430316, -0.091863, 0.897992, 0.248270, 0.000000, 0.000000, 0.000000, 1.000000, 0.429992, -0.095621, 0.897755, 0.270342, -0.898902, 0.047346, 0.435585, -0.015982, -0.084156, -0.994291, -0.065596, 0.218646, 0.000000, 0.000000, 0.000000, 1.000000, 0.994687, -0.071722, 0.073844, 0.001719, 0.073869, -0.002304, -0.997265, 0.101962, 0.071696, 0.997422, 0.003006, 0.016009, 0.000000, 0.000000, 0.000000, 1.000000
-24.9116, 15.9702, -19.5128, 248.2645, 270.3363, -15.9727, 218.6479, 1.7281, 101.9614, 16.0086, 0.898984, -0.047344, -0.435416, 0.015970, 0.082516, 0.994646, 0.062217, -0.019513, 0.430139, -0.091861, 0.898077, 0.248265, 0.000000, 0.000000, 0.000000, 1.000000, 0.429815, -0.095618, 0.897840, 0.270336, -0.898988, 0.047344, 0.435407, -0.015973, -0.084141, -0.994292, -0.065610, 0.218648, 0.000000, 0.000000, 0.000000, 1.000000, 0.994687, -0.071722, 0.073844, 0.001728, 0.073870, -0.002290, -0.997265, 0.101961, 0.071695, 0.997422, 0.003021, 0.016009, 0.000000, 0.000000, 0.000000, 1.000000
-24.8995, 15.9597, -19.5148, 248.2589, 270.3307, -15.9622, 218.6500, 1.7381, 101.9605, 16.0076, 0.899076, -0.047342, -0.435226, 0.015960, 0.082500, 0.994646, 0.062233, -0.019515, 0.429949, -0.091859, 0.898168, 0.248259, 0.000000, 0.000000, 0.000000, 1.000000, 0.429626, -0.095616, 0.897931, 0.270331, -0.899080, 0.047343, 0.435217, -0.015962, -0.084124, -0.994292, -0.065627, 0.218650, 0.000000, 0.000000, 0.000000, 1.000000, 0.994687, -0.071722, 0.073843, 0.001738, 0.073871, -0.002274, -0.997265, 0.101961, 0.071694, 0.997422, 0.003036, 0.016008, 0.000000, 0.000000, 0.000000, 1.000000
-24.8798, 15.9428, -19.5177, 248.2499, 270.3217, -15.9452, 218.6532, 1.7543, 101.9590, 16.0061, 0.899225, -0.047340, -0.434917, 0.015943, 0.082476, 0.994646, 0.062260, -0.019518, 0.429641, -0.091856, 0.898316, 0.248250, 0.000000, 0.000000, 0.000000, 1.000000, 0.429318, -0.095612, 0.898078, 0.270322, -0.899230, 0.047340, 0.434908, -0.015945, -0.084098, -0.994292, -0.065653, 0.218653, 0.000000, 0.000000, 0.000000, 1.000000, 0.994688, -0.071722, 0.073842, 0.001754, 0.073871, -0.002249, -0.997265, 0.101959, 0.071692, 0.997422, 0.003062, 0.016006, 0.000000, 0.000000, 0.000000, 1.000000
-24.8657, 15.9307, -19.5196, 248.2435, 270.3153, -15.9331, 218.6552, 1.7659, 101.9579, 16.0051, 0.899332, -0.047338, -0.434696, 0.015931, 0.082458, 0.994647, 0.062280, -0.019520, 0.429421, -0.091855, 0.898421, 0.248244, 0.000000, 0.000000, 0.000000, 1.000000, 0.429097, -0.095610, 0.898184, 0.270315, -0.899337, 0.047339, 0.434687, -0.015933, -0.084080, -0.994293, -0.065673, 0.218655, 0.000000, 0.000000, 0.000000, 1.000000, 0.994688, -0.071723, 0.073842, 0.001766, 0.073872, -0.002230, -0.997265, 0.101958, 0.071691, 0.997422, 0.003080, 0.016005, 0.000000, 0.000000, 0.000000, 1.000000
-24.8509, 15.9180, -19.5214, 248.2369, 270.3087, -15.9205, 218.6572, 1.7782, 101.9567, 16.0040, 0.899445, -0.047337, -0.434464, 0.015918, 0.082441, 0.994647, 0.062301, -0.019521, 0.429189, -0.091853, 0.898532, 0.248237, 0.000000, 0.000000, 0.000000, 1.000000, 0.428865, -0.095609, 0.898295, 0.270309, -0.899449, 0.047338, 0.434455, -0.015920, -0.084061, -0.994293, -0.065694, 0.218657, 0.000000, 0.000000, 0.000000, 1.000000, 0.994688, -0.071723, 0.073841, 0.001778, 0.073873, -0.002211, -0.997265, 0.101957, 0.071690, 0.997422, 0.003099, 0.016004, 0.000000, 0.000000, 0.000000, 1.000000
-24.8274, 15.8979, -19.5239, 248.2266, 270.2984, -15.9004, 218.6601, 1.7976, 101.9547, 16.0023, 0.899623, -0.047335, -0.434095, 0.015898, 0.082413, 0.994647, 0.062334, -0.019524, 0.428821, -0.091852, 0.898708, 0.248227, 0.000000, 0.000000, 0.000000, 1.000000, 0.428497, -0.095607, 0.898471, 0.270298, -0.899627, 0.047336, 0.434086, -0.015900, -0.084031, -0.994293, -0.065727, 0.218660, 0.000000, 0.000000, 0.000000, 1.000000, 0.994688, -0.071723, 0.073840, 0.001798, 0.073874, -0.002181, -0.997265, 0.101955, 0.071688, 0.997422, 0.003129, 0.016002, 0.000000, 0.000000, 0.000000, 1.000000
-24.7939, 15.8694, -19.5272, 248.2121, 270.2839, -15.8718, 218.6637, 1.8254, 101.9519, 15.9999, 0.899877, -0.047333, -0.433569, 0.015869, 0.082374, 0.994647, 0.062383, -0.019527, 0.428295, -0.091852, 0.898959, 0.248212, 0.000000, 0.000000, 0.000000, 1.000000, 0.427972, -0.095605, 0.898721, 0.270284, -0.899881, 0.047334, 0.433560, -0.015872, -0.083990, -0.994293, -0.065776, 0.218664, 0.000000, 0.000000, 0.000000, 1.000000, 0.994688, -0.071723, 0.073838, 0.001825, 0.073875, -0.002138, -0.997265, 0.101952, 0.071685, 0.997422, 0.003172, 0.016000, 0.000000, 0.000000, 0.000000, 1.000000
-24.7764, 15.8544, -19.5287, 248.2046, 270.2764, -15.8569, 218.6653, 1.8400, 101.9504, 15.9987, 0.900009, -0.047332, -0.433293, 0.015854, 0.082354, 0.994647, 0.062409, -0.019529, 0.428020, -0.091852, 0.899090, 0.248205, 0.000000, 0.000000, 0.000000, 1.000000, 0.427697, -0.095605, 0.898852, 0.270276, -0.900014, 0.047333, 0.433284, -0.015857, -0.083969, -0.994293, -0.065801, 0.218665, 0.000000, 0.000000, 0.000000, 1.000000, 0.994688, -0.071723, 0.073837, 0.001840, 0.073876, -0.002116, -0.997265, 0.101950, 0.071683, 0.997422, 0.003194, 0.015999, 0.000000, 0.000000, 0.000000, 1.000000
-24.7584, 15.8391, -19.5301, 248.1970, 270.2687, -15.8416, 218.6670, 1.8550, 101.9489, 15.9975, 0.900145, -0.047331, -0.433011, 0.015839, 0.082334, 0.994647, 0.062436, -0.019530, 0.427738, -0.091853, 0.899224, 0.248197, 0.000000, 0.000000, 0.000000, 1.000000, 0.427415, -0.095604, 0.898986, 0.270269, -0.900149, 0.047332, 0.433002, -0.015842, -0.083947, -0.994293, -0.065828, 0.218667, 0.000000, 0.000000, 0.000000, 1.000000, 0.994688, -0.071724, 0.073836, 0.001855, 0.073877, -0.002093, -0.997265, 0.101949, 0.071682, 0.997422, 0.003217, 0.015997, 0.000000, 0.000000, 0.000000, 1.000000
-24.7400, 15.8235, -19.5315, 248.1892, 270.2610, -15.8260, 218.6685, 1.8703, 101.9473, 15.9962, 0.900284, -0.047330, -0.432722, 0.015824, 0.082314, 0.994647, 0.062463, -0.019531, 0.427449, -0.091854, 0.899361, 0.248189, 0.000000, 0.000000, 0.000000, 1.000000, 0.427127, -0.095604, 0.899123, 0.270261, -0.900288, 0.047331, 0.432713, -0.015826, -0.083926, -0.994294, -0.065855, 0.218669, 0.000000, 0.000000, 0.000000, 1.000000, 0.994688, -0.071724, 0.073836, 0.001870, 0.073878, -0.002069, -0.997265, 0.101947, 0.071680, 0.997422, 0.003241, 0.015996, 0.000000, 0.000000, 0.000000, 1.000000
-24.7213, 15.8076, -19.5328, 248.1813, 270.2531, -15.8101, 218.6701, 1.8859, 101.9456, 15.9949, 0.900426, -0.047329, -0.432427, 0.015808, 0.082293, 0.994647, 0.062491, -0.019533, 0.427155, -0.091855, 0.899501, 0.248181, 0.000000, 0.000000, 0.000000, 1.000000, 0.426833, -0.095605, 0.899263, 0.270253, -0.900430, 0.047330, 0.432419, -0.015810, -0.083904, -0.994294, -0.065883, 0.218670, 0.000000, 0.000000, 0.000000, 1.000000, 0.994688, -0.071724, 0.073835, 0.001886, 0.073879, -0.002045, -0.997265, 0.101946, 0.071679, 0.997422, 0.003265, 0.015995, 0.000000, 0.000000, 0.000000, 1.000000
-24.6926, 15.7833, -19.5346, 248.1694, 270.2411, -15.7858, 218.6722, 1.9098, 101.9431, 15.9930, 0.900642, -0.047328, -0.431977, 0.015783, 0.082262, 0.994647, 0.062535, -0.019535, 0.426705, -0.091856, 0.899714, 0.248169, 0.000000, 0.000000, 0.000000, 1.000000, 0.426383, -0.095606, 0.899476, 0.270241, -0.900646, 0.047329, 0.431968, -0.015786, -0.083870, -0.994293, -0.065926, 0.218672, 0.000000, 0.000000, 0.000000, 1.000000, 0.994688, -0.071724, 0.073833, 0.001910, 0.073880, -0.002008, -0.997265, 0.101943, 0.071676, 0.997422, 0.003302, 0.015993, 0.000000, 0.000000, 0.000000, 1.000000
-24.6732, 15.7669, -19.5358, 248.1614, 270.2331, -15.7694, 218.6736, 1.9260, 101.9414, 15.9917, 0.900788, -0.047328, -0.431672, 0.015767, 0.082241, 0.994647, 0.062564, -0.019536, 0.426400, -0.091858, 0.899858, 0.248161, 0.000000, 0.000000, 0.000000, 1.000000, 0.426078, -0.095606, 0.899620, 0.270233, -0.900792, 0.047329, 0.431663, -0.015769, -0.083848, -0.994293, -0.065956, 0.218674, 0.000000, 0.000000, 0.000000, 1.000000, 0.994688, -0.071724, 0.073832, 0.001926, 0.073881, -0.001983, -0.997265, 0.101941, 0.071674, 0.997423, 0.003326, 0.015992, 0.000000, 0.000000, 0.000000, 1.000000
-24.6537, 15.7504, -19.5369, 248.1533, 270.2250, -15.7528, 218.6749, 1.9423, 101.9396, 15.9904, 0.900935, -0.047327, -0.431365, 0.015750, 0.082220, 0.994647, 0.062594, -0.019537, 0.426094, -0.091860, 0.900003, 0.248153, 0.000000, 0.000000, 0.000000, 1.000000, 0.425772, -0.095607, 0.899765, 0.270225, -0.900939, 0.047328, 0.431357, -0.015753, -0.083825, -0.994293, -0.065985, 0.218675, 0.000000, 0.000000, 0.000000, 1.000000, 0.994688, -0.071724, 0.073832, 0.001942, 0.073882, -0.001958, -0.997265, 0.101940, 0.071673, 0.997423, 0.003351, 0.015990, 0.000000, 0.000000, 0.000000, 1.000000
-24.6342, 15.7338, -19.5379, 248.1453, 270.2170, -15.7363, 218.6762, 1.9586, 101.9378, 15.9891, 0.901082, -0.047327, -0.431058, 0.015734, 0.082199, 0.994647, 0.062624, -0.019538, 0.425786, -0.091861, 0.900149, 0.248145, 0.000000, 0.000000, 0.000000, 1.000000, 0.425465, -0.095608, 0.899910, 0.270217, -0.901087, 0.047328, 0.431049, -0.015736, -0.083802, -0.994293, -0.066015, 0.218676, 0.000000, 0.000000, 0.000000, 1.000000, 0.994688, -0.071724, 0.073831, 0.001959, 0.073883, -0.001933, -0.997265, 0.101938, 0.071671, 0.997423, 0.003376, 0.015989, 0.000000, 0.000000, 0.000000, 1.000000
-24.5951, 15.7008, -19.5399, 248.1293, 270.2009, -15.7032, 218.6786, 1.9913, 101.9343, 15.9865, 0.901376, -0.047326, -0.430443, 0.015701, 0.082157, 0.994646, 0.062683, -0.019540, 0.425172, -0.091865, 0.900439, 0.248129, 0.000000, 0.000000, 0.000000, 1.000000, 0.424850, -0.095611, 0.900200, 0.270201, -0.901380, 0.047327, 0.430434, -0.015703, -0.083758, -0.994293, -0.066075, 0.218679, 0.000000, 0.000000, 0.000000, 1.000000, 0.994688, -0.071725, 0.073829, 0.001991, 0.073884, -0.001883, -0.997265, 0.101934, 0.071668, 0.997423, 0.003427, 0.015986, 0.000000, 0.000000, 0.000000, 1.000000
-24.5564, 15.6686, -19.5384, 248.1151, 270.1867, -15.6710, 218.6775, 2.0240, 101.9304, 15.9842, 0.901667, -0.047328, -0.429834, 0.015669, 0.082122, 0.994645, 0.062749, -0.019538, 0.424562, -0.091877, 0.900725, 0.248115, 0.000000, 0.000000, 0.000000, 1.000000, 0.424241, -0.095621, 0.900487, 0.270187, -0.901671, 0.047329, 0.429825, -0.015671, -0.083720, -0.994292, -0.066140, 0.218678, 0.000000, 0.000000, 0.000000, 1.000000, 0.994688, -0.071725, 0.073827, 0.002024, 0.073886, -0.001833, -0.997265, 0.101930, 0.071664, 0.997423, 0.003476, 0.015984, 0.000000, 0.000000, 0.000000, 1.000000
-24.5373, 15.6534, -19.5331, 248.1103, 270.1819, -15.6559, 218.6723, 2.0407, 101.9281, 15.9836, 0.901809, -0.047334, -0.429534, 0.015653, 0.082114, 0.994643, 0.062789, -0.019533, 0.424261, -0.091895, 0.900865, 0.248110, 0.000000, 0.000000, 0.000000, 1.000000, 0.423940, -0.095638, 0.900627, 0.270182, -0.901813, 0.047335, 0.429525, -0.015656, -0.083710, -0.994290, -0.066181, 0.218672, 0.000000, 0.000000, 0.000000, 1.000000, 0.994689, -0.071725, 0.073826, 0.002041, 0.073887, -0.001809, -0.997265, 0.101928, 0.071662, 0.997423, 0.003500, 0.015984, 0.000000, 0.000000, 0.000000, 1.000000
-24.5185, 15.6384, -19.5283, 248.1053, 270.1769, -15.6409, 218.6677, 2.0571, 101.9258, 15.9828, 0.901950, -0.047340, -0.429238, 0.015638, 0.082105, 0.994641, 0.062828, -0.019528, 0.423964, -0.091910, 0.901004, 0.248105, 0.000000, 0.000000, 0.000000, 1.000000, 0.423643, -0.095653, 0.900765, 0.270177, -0.901954, 0.047341, 0.429229, -0.015641, -0.083700, -0.994288, -0.066220, 0.218668, 0.000000, 0.000000, 0.000000, 1.000000, 0.994689, -0.071725, 0.073825, 0.002057, 0.073888, -0.001785, -0.997265, 0.101926, 0.071661, 0.997423, 0.003524, 0.015983, 0.000000, 0.000000, 0.000000, 1.000000
-24.4999, 15.6235, -19.5243, 248.1002, 270.1717, -15.6260, 218.6637, 2.0732, 101.9236, 15.9821, 0.902089, -0.047344, -0.428946, 0.015624, 0.082094, 0.994640, 0.062865, -0.019524, 0.423670, -0.091924, 0.901140, 0.248100, 0.000000, 0.000000, 0.000000, 1.000000, 0.423349, -0.095667, 0.900901, 0.270172, -0.902093, 0.047345, 0.428937, -0.015626, -0.083688, -0.994287, -0.066257, 0.218664, 0.000000, 0.000000, 0.000000, 1.000000, 0.994689, -0.071725, 0.073824, 0.002073, 0.073889, -0.001761, -0.997265, 0.101924, 0.071659, 0.997423, 0.003548, 0.015982, 0.000000, 0.000000, 0.000000, 1.000000
-24.4816, 15.6087, -19.5209, 248.0948, 270.1663, -15.6112, 218.6605, 2.0890, 101.9215, 15.9813, 0.902225, -0.047348, -0.428658, 0.015609, 0.082083, 0.994639, 0.062901, -0.019521, 0.423381, -0.091936, 0.901275, 0.248095, 0.000000, 0.000000, 0.000000, 1.000000, 0.423061, -0.095679, 0.901036, 0.270166, -0.902229, 0.047349, 0.428649, -0.015611, -0.083676, -0.994285, -0.066293, 0.218661, 0.000000, 0.000000, 0.000000, 1.000000, 0.994689, -0.071725, 0.073823, 0.002089, 0.073889, -0.001738, -0.997265, 0.101921, 0.071657, 0.997423, 0.003571, 0.015981, 0.000000, 0.000000, 0.000000, 1.000000
-24.4725, 15.6014, -19.5195, 248.0920, 270.1635, -15.6038, 218.6592, 2.0968, 101.9205, 15.9808, 0.902293, -0.047350, -0.428516, 0.015601, 0.082077, 0.994638, 0.062918, -0.019520, 0.423239, -0.091942, 0.901341, 0.248092, 0.000000, 0.000000, 0.000000, 1.000000, 0.422918, -0.095684, 0.901102, 0.270164, -0.902297, 0.047351, 0.428507, -0.015604, -0.083669, -0.994285, -0.066310, 0.218659, 0.000000, 0.000000, 0.000000, 1.000000, 0.994689, -0.071725, 0.073823, 0.002097, 0.073890, -0.001726, -0.997265, 0.101920, 0.071656, 0.997423, 0.003583, 0.015981, 0.000000, 0.000000, 0.000000, 1.000000
-24.4460, 15.5797, -19.5163, 248.0834, 270.1549, -15.5822, 218.6562, 2.1195, 101.9176, 15.9795, 0.902490, -0.047354, -0.428099, 0.015580, 0.082057, 0.994637, 0.062967, -0.019516, 0.422821, -0.091955, 0.901536, 0.248083, 0.000000, 0.000000, 0.000000, 1.000000, 0.422500, -0.095697, 0.901297, 0.270155, -0.902495, 0.047355, 0.428090, -0.015582, -0.083648, -0.994283, -0.066358, 0.218656, 0.000000, 0.000000, 0.000000, 1.000000, 0.994689, -0.071725, 0.073822, 0.002119, 0.073891, -0.001692, -0.997265, 0.101918, 0.071654, 0.997423, 0.003616, 0.015980, 0.000000, 0.000000, 0.000000, 1.000000
-24.4289, 15.5655, -19.5150, 248.0775, 270.1490, -15.5680, 218.6551, 2.1341, 101.9158, 15.9786, 0.902619, -0.047356, -0.427828, 0.015566, 0.082043, 0.994636, 0.062997, -0.019515, 0.422550, -0.091962, 0.901662, 0.248077, 0.000000, 0.000000, 0.000000, 1.000000, 0.422230, -0.095703, 0.901423, 0.270149, -0.902623, 0.047357, 0.427820, -0.015568, -0.083632, -0.994283, -0.066388, 0.218655, 0.000000, 0.000000, 0.000000, 1.000000, 0.994689, -0.071725, 0.073821, 0.002134, 0.073892, -0.001670, -0.997265, 0.101916, 0.071652, 0.997423, 0.003638, 0.015979, 0.000000, 0.000000, 0.000000, 1.000000
-24.4121, 15.5516, -19.5144, 248.0714, 270.1429, -15.5540, 218.6546, 2.1483, 101.9141, 15.9776, 0.902744, -0.047357, -0.427564, 0.015552, 0.082028, 0.994635, 0.063025, -0.019514, 0.422286, -0.091968, 0.901785, 0.248071, 0.000000, 0.000000, 0.000000, 1.000000, 0.421965, -0.095708, 0.901546, 0.270143, -0.902748, 0.047358, 0.427555, -0.015554, -0.083616, -0.994282, -0.066417, 0.218655, 0.000000, 0.000000, 0.000000, 1.000000, 0.994689, -0.071725, 0.073820, 0.002148, 0.073893, -0.001649, -0.997265, 0.101914, 0.071651, 0.997423, 0.003660, 0.015978, 0.000000, 0.000000, 0.000000, 1.000000
-24.3877, 15.5311, -19.5146, 248.0620, 270.1335, -15.5336, 218.6550, 2.1688, 101.9117, 15.9761, 0.902926, -0.047358, -0.427180, 0.015531, 0.082004, 0.994635, 0.063064, -0.019515, 0.421901, -0.091973, 0.901965, 0.248062, 0.000000, 0.000000, 0.000000, 1.000000, 0.421581, -0.095712, 0.901725, 0.270133, -0.902930, 0.047359, 0.427171, -0.015534, -0.083590, -0.994282, -0.066456, 0.218655, 0.000000, 0.000000, 0.000000, 1.000000, 0.994689, -0.071725, 0.073819, 0.002169, 0.073894, -0.001618, -0.997265, 0.101912, 0.071648, 0.997423, 0.003691, 0.015976, 0.000000, 0.000000, 0.000000, 1.000000
-24.3567, 15.5048, -19.5167, 248.0492, 270.1207, -15.5072, 218.6575, 2.1946, 101.9088, 15.9739, 0.903157, -0.047357, -0.426691, 0.015505, 0.081969, 0.994635, 0.063110, -0.019517, 0.421413, -0.091974, 0.902193, 0.248049, 0.000000, 0.000000, 0.000000, 1.000000, 0.421093, -0.095713, 0.901953, 0.270121, -0.903161, 0.047358, 0.426682, -0.015507, -0.083553, -0.994282, -0.066502, 0.218657, 0.000000, 0.000000, 0.000000, 1.000000, 0.994689, -0.071725, 0.073818, 0.002195, 0.073895, -0.001578, -0.997265, 0.101909, 0.071645, 0.997423, 0.003731, 0.015974, 0.000000, 0.000000, 0.000000, 1.000000
-24.3419, 15.4932, -19.5120, 248.0459, 270.1173, -15.4956, 218.6527, 2.2076, 101.9069, 15.9735, 0.903266, -0.047362, -0.426458, 0.015493, 0.081964, 0.994633, 0.063143, -0.019512, 0.421179, -0.091989, 0.902301, 0.248046, 0.000000, 0.000000, 0.000000, 1.000000, 0.420859, -0.095727, 0.902061, 0.270117, -0.903270, 0.047363, 0.426450, -0.015496, -0.083547, -0.994280, -0.066535, 0.218653, 0.000000, 0.000000, 0.000000, 1.000000, 0.994689, -0.071725, 0.073817, 0.002208, 0.073896, -0.001559, -0.997265, 0.101907, 0.071644, 0.997423, 0.003749, 0.015973, 0.000000, 0.000000, 0.000000, 1.000000
-24.3275, 15.4818, -19.5082, 248.0423, 270.1137, -15.4842, 218.6490, 2.2202, 101.9051, 15.9729, 0.903373, -0.047366, -0.426232, 0.015482, 0.081958, 0.994632, 0.063173, -0.019508, 0.420952, -0.092001, 0.902405, 0.248042, 0.000000, 0.000000, 0.000000, 1.000000, 0.420632, -0.095739, 0.902166, 0.270114, -0.903377, 0.047367, 0.426224, -0.015484, -0.083539, -0.994279, -0.066565, 0.218649, 0.000000, 0.000000, 0.000000, 1.000000, 0.994689, -0.071725, 0.073816, 0.002220, 0.073896, -0.001541, -0.997265, 0.101905, 0.071643, 0.997423, 0.003768, 0.015973, 0.000000, 0.000000, 0.000000, 1.000000
-24.3136, 15.4705, -19.5054, 248.0383, 270.1097, -15.4730, 218.6464, 2.2322, 101.9034, 15.9723, 0.903476, -0.047370, -0.426013, 0.015471, 0.081949, 0.994631, 0.063200, -0.019505, 0.420732, -0.092011, 0.902507, 0.248038, 0.000000, 0.000000, 0.000000, 1.000000, 0.420412, -0.095749, 0.902267, 0.270110, -0.903480, 0.047370, 0.426005, -0.015473, -0.083530, -0.994278, -0.066592, 0.218646, 0.000000, 0.000000, 0.000000, 1.000000, 0.994689, -0.071725, 0.073816, 0.002232, 0.073897, -0.001523, -0.997265, 0.101903, 0.071641, 0.997423, 0.003785, 0.015972, 0.000000, 0.000000, 0.000000, 1.000000
-24.3002, 15.4596, -19.5037, 248.0341, 270.1055, -15.4620, 218.6447, 2.2437, 101.9019, 15.9717, 0.903576, -0.047372, -0.425802, 0.015460, 0.081940, 0.994630, 0.063225, -0.019504, 0.420520, -0.092018, 0.902605, 0.248034, 0.000000, 0.000000, 0.000000, 1.000000, 0.420200, -0.095756, 0.902365, 0.270106, -0.903580, 0.047373, 0.425793, -0.015462, -0.083520, -0.994277, -0.066617, 0.218645, 0.000000, 0.000000, 0.000000, 1.000000, 0.994689, -0.071725, 0.073815, 0.002244, 0.073898, -0.001506, -0.997265, 0.101902, 0.071640, 0.997423, 0.003803, 0.015972, 0.000000, 0.000000, 0.000000, 1.000000
-24.2871, 15.4488, -19.5029, 248.0296, 270.1010, -15.4512, 218.6440, 2.2548, 101.9005, 15.9709, 0.903672, -0.047373, -0.425596, 0.015449, 0.081928, 0.994629, 0.063247, -0.019503, 0.420314, -0.092023, 0.902700, 0.248030, 0.000000, 0.000000, 0.000000, 1.000000, 0.419995, -0.095760, 0.902460, 0.270101, -0.903676, 0.047374, 0.425587, -0.015451, -0.083508, -0.994276, -0.066640, 0.218644, 0.000000, 0.000000, 0.000000, 1.000000, 0.994689, -0.071725, 0.073814, 0.002255, 0.073898, -0.001489, -0.997265, 0.101901, 0.071639, 0.997423, 0.003819, 0.015971, 0.000000, 0.000000, 0.000000, 1.000000
-24.2745, 15.4382, -19.5030, 248.0248, 270.0962, -15.4406, 218.6441, 2.2654, 101.8993, 15.9702, 0.903766, -0.047374, -0.425397, 0.015438, 0.081916, 0.994629, 0.063267, -0.019503, 0.420115, -0.092026, 0.902793, 0.248025, 0.000000, 0.000000, 0.000000, 1.000000, 0.419796, -0.095763, 0.902553, 0.270096, -0.903770, 0.047374, 0.425389, -0.015441, -0.083494, -0.994276, -0.066660, 0.218644, 0.000000, 0.000000, 0.000000, 1.000000, 0.994689, -0.071725, 0.073814, 0.002265, 0.073899, -0.001473, -0.997265, 0.101899, 0.071638, 0.997423, 0.003835, 0.015970, 0.000000, 0.000000, 0.000000, 1.000000
-24.2563, 15.4227, -19.5046, 248.0172, 270.0886, -15.4251, 218.6459, 2.2804, 101.8976, 15.9689, 0.903901, -0.047373, -0.425111, 0.015423, 0.081895, 0.994629, 0.063294, -0.019505, 0.419829, -0.092026, 0.902926, 0.248017, 0.000000, 0.000000, 0.000000, 1.000000, 0.419510, -0.095762, 0.902686, 0.270089, -0.903905, 0.047374, 0.425102, -0.015425, -0.083472, -0.994276, -0.066686, 0.218646, 0.000000, 0.000000, 0.000000, 1.000000, 0.994689, -0.071725, 0.073813, 0.002280, 0.073900, -0.001450, -0.997265, 0.101898, 0.071636, 0.997423, 0.003859, 0.015969, 0.000000, 0.000000, 0.000000, 1.000000
-24.2447, 15.4126, -19.5067, 248.0118, 270.0832, -15.4150, 218.6480, 2.2900, 101.8966, 15.9680, 0.903987, -0.047371, -0.424927, 0.015413, 0.081880, 0.994629, 0.063309, -0.019507, 0.419646, -0.092023, 0.903011, 0.248012, 0.000000, 0.000000, 0.000000, 1.000000, 0.419326, -0.095760, 0.902771, 0.270083, -0.903991, 0.047372, 0.424918, -0.015415, -0.083456, -0.994277, -0.066701, 0.218648, 0.000000, 0.000000, 0.000000, 1.000000, 0.994690, -0.071725, 0.073812, 0.002290, 0.073900, -0.001435, -0.997265, 0.101897, 0.071635, 0.997423, 0.003874, 0.015968, 0.000000, 0.000000, 0.000000, 1.000000
-24.2278, 15.3978, -19.5108, 248.0035, 270.0749, -15.4002, 218.6524, 2.3037, 101.8953, 15.9665, 0.904113, -0.047368, -0.424661, 0.015398, 0.081855, 0.994630, 0.063329, -0.019511, 0.419380, -0.092017, 0.903135, 0.248004, 0.000000, 0.000000, 0.000000, 1.000000, 0.419061, -0.095753, 0.902895, 0.270075, -0.904117, 0.047369, 0.424652, -0.015400, -0.083430, -0.994277, -0.066721, 0.218652, 0.000000, 0.000000, 0.000000, 1.000000, 0.994690, -0.071725, 0.073812, 0.002304, 0.073901, -0.001413, -0.997265, 0.101895, 0.071633, 0.997423, 0.003895, 0.015967, 0.000000, 0.000000, 0.000000, 1.000000
-24.2063, 15.3791, -19.5148, 247.9936, 270.0650, -15.3815, 218.6565, 2.3213, 101.8935, 15.9648, 0.904272, -0.047365, -0.424321, 0.015379, 0.081827, 0.994631, 0.063356, -0.019515, 0.419042, -0.092012, 0.903293, 0.247994, 0.000000, 0.000000, 0.000000, 1.000000, 0.418723, -0.095747, 0.903052, 0.270065, -0.904276, 0.047365, 0.424312, -0.015381, -0.083400, -0.994278, -0.066749, 0.218656, 0.000000, 0.000000, 0.000000, 1.000000, 0.994690, -0.071725, 0.073811, 0.002321, 0.073902, -0.001385, -0.997265, 0.101894, 0.071631, 0.997423, 0.003923, 0.015965, 0.000000, 0.000000, 0.000000, 1.000000
-24.1960, 15.3718, -19.5062, 247.9938, 270.0652, -15.3742, 218.6478, 2.3310, 101.8916, 15.9650, 0.904348, -0.047373, -0.424159, 0.015372, 0.081833, 0.994628, 0.063388, -0.019506, 0.418878, -0.092035, 0.903366, 0.247994, 0.000000, 0.000000, 0.000000, 1.000000, 0.418559, -0.095771, 0.903126, 0.270065, -0.904352, 0.047374, 0.424151, -0.015374, -0.083406, -0.994275, -0.066781, 0.218648, 0.000000, 0.000000, 0.000000, 1.000000, 0.994690, -0.071725, 0.073810, 0.002331, 0.073902, -0.001372, -0.997265, 0.101892, 0.071630, 0.997424, 0.003936, 0.015965, 0.000000, 0.000000, 0.000000, 1.000000
-24.1860, 15.3645, -19.4991, 247.9934, 270.0648, -15.3669, 218.6407, 2.3403, 101.8900, 15.9650, 0.904421, -0.047381, -0.424002, 0.015365, 0.081837, 0.994626, 0.063417, -0.019499, 0.418718, -0.092054, 0.903438, 0.247993, 0.000000, 0.000000, 0.000000, 1.000000, 0.418399, -0.095790, 0.903198, 0.270065, -0.904425, 0.047382, 0.423993, -0.015367, -0.083410, -0.994273, -0.066811, 0.218641, 0.000000, 0.000000, 0.000000, 1.000000, 0.994690, -0.071725, 0.073810, 0.002340, 0.073903, -0.001360, -0.997265, 0.101890, 0.071629, 0.997424, 0.003948, 0.015965, 0.000000, 0.000000, 0.000000, 1.000000
-24.1762, 15.3572, -19.4936, 247.9924, 270.0638, -15.3596, 218.6351, 2.3491, 101.8884, 15.9649, 0.904493, -0.047387, -0.423848, 0.015357, 0.081838, 0.994624, 0.063442, -0.019494, 0.418563, -0.092070, 0.903509, 0.247992, 0.000000, 0.000000, 0.000000, 1.000000, 0.418244, -0.095806, 0.903268, 0.270064, -0.904497, 0.047388, 0.423839, -0.015360, -0.083410, -0.994271, -0.066837, 0.218635, 0.000000, 0.000000, 0.000000, 1.000000, 0.994690, -0.071725, 0.073809, 0.002349, 0.073903, -0.001347, -0.997265, 0.101888, 0.071628, 0.997424, 0.003961, 0.015965, 0.000000, 0.000000, 0.000000, 1.000000
-24.1714, 15.3535, -19.4915, 247.9917, 270.0630, -15.3559, 218.6329, 2.3534, 101.8877, 15.9648, 0.904528, -0.047389, -0.423772, 0.015353, 0.081837, 0.994624, 0.063454, -0.019491, 0.418487, -0.092076, 0.903544, 0.247992, 0.000000, 0.000000, 0.000000, 1.000000, 0.418167, -0.095812, 0.903303, 0.270063, -0.904532, 0.047390, 0.423763, -0.015356, -0.083409, -0.994271, -0.066848, 0.218633, 0.000000, 0.000000, 0.000000, 1.000000, 0.994690, -0.071725, 0.073809, 0.002353, 0.073903, -0.001341, -0.997265, 0.101888, 0.071627, 0.997424, 0.003967, 0.015965, 0.000000, 0.000000, 0.000000, 1.000000
-24.1572, 15.3423, -19.4872, 247.9884, 270.0597, -15.3447, 218.6286, 2.3659, 101.8859, 15.9644, 0.904633, -0.047394, -0.423548, 0.015342, 0.081832, 0.994622, 0.063484, -0.019487, 0.418262, -0.092089, 0.903646, 0.247988, 0.000000, 0.000000, 0.000000, 1.000000, 0.417942, -0.095826, 0.903406, 0.270060, -0.904637, 0.047395, 0.423539, -0.015345, -0.083403, -0.994269, -0.066879, 0.218629, 0.000000, 0.000000, 0.000000, 1.000000, 0.994690, -0.071725, 0.073808, 0.002366, 0.073904, -0.001323, -0.997264, 0.101886, 0.071626, 0.997424, 0.003985, 0.015964, 0.000000, 0.000000, 0.000000, 1.000000
-24.1478, 15.3346, -19.4862, 247.9854, 270.0568, -15.3370, 218.6275, 2.3739, 101.8848, 15.9639, 0.904702, -0.047396, -0.423400, 0.015335, 0.081825, 0.994622, 0.063501, -0.019486, 0.418113, -0.092094, 0.903714, 0.247985, 0.000000, 0.000000, 0.000000, 1.000000, 0.417794, -0.095831, 0.903474, 0.270057, -0.904706, 0.047397, 0.423392, -0.015337, -0.083396, -0.994269, -0.066897, 0.218628, 0.000000, 0.000000, 0.000000, 1.000000, 0.994690, -0.071725, 0.073808, 0.002374, 0.073904, -0.001311, -0.997264, 0.101885, 0.071625, 0.997424, 0.003997, 0.015964, 0.000000, 0.000000, 0.000000, 1.000000
-24.1385, 15.3268, -19.4864, 247.9819, 270.0532, -15.3292, 218.6277, 2.3817, 101.8839, 15.9633, 0.904771, -0.047396, -0.423253, 0.015327, 0.081815, 0.994622, 0.063515, -0.019486, 0.417966, -0.092095, 0.903782, 0.247982, 0.000000, 0.000000, 0.000000, 1.000000, 0.417647, -0.095832, 0.903541, 0.270053, -0.904775, 0.047397, 0.423244, -0.015329, -0.083385, -0.994268, -0.066912, 0.218628, 0.000000, 0.000000, 0.000000, 1.000000, 0.994690, -0.071724, 0.073807, 0.002382, 0.073905, -0.001299, -0.997264, 0.101884, 0.071624, 0.997424, 0.004009, 0.015963, 0.000000, 0.000000, 0.000000, 1.000000
-24.1292, 15.3187, -19.4879, 247.9777, 270.0491, -15.3212, 218.6292, 2.3893, 101.8831, 15.9625, 0.904840, -0.047395, -0.423107, 0.015319, 0.081803, 0.994622, 0.063527, -0.019488, 0.417820, -0.092094, 0.903850, 0.247978, 0.000000, 0.000000, 0.000000, 1.000000, 0.417501, -0.095831, 0.903609, 0.270049, -0.904844, 0.047396, 0.423098, -0.015321, -0.083373, -0.994269, -0.066924, 0.218629, 0.000000, 0.000000, 0.000000, 1.000000, 0.994690, -0.071724, 0.073807, 0.002389, 0.073905, -0.001287, -0.997264, 0.101883, 0.071623, 0.997424, 0.004021, 0.015963, 0.000000, 0.000000, 0.000000, 1.000000
-24.1199, 15.3105, -19.4905, 247.9731, 270.0444, -15.3129, 218.6317, 2.3969, 101.8824, 15.9617, 0.904908, -0.047393, -0.422960, 0.015311, 0.081789, 0.994622, 0.063538, -0.019490, 0.417674, -0.092089, 0.903918, 0.247973, 0.000000, 0.000000, 0.000000, 1.000000, 0.417355, -0.095827, 0.903677, 0.270044, -0.904912, 0.047394, 0.422951, -0.015313, -0.083359, -0.994269, -0.066935, 0.218632, 0.000000, 0.000000, 0.000000, 1.000000, 0.994690, -0.071724, 0.073807, 0.002397, 0.073906, -0.001275, -0.997264, 0.101882, 0.071622, 0.997424, 0.004033, 0.015962, 0.000000, 0.000000, 0.000000, 1.000000
-24.1058, 15.2979, -19.4961, 247.9652, 270.0366, -15.3003, 218.6374, 2.4080, 101.8815, 15.9603, 0.905012, -0.047388, -0.422737, 0.015298, 0.081765, 0.994624, 0.063550, -0.019496, 0.417453, -0.092078, 0.904021, 0.247965, 0.000000, 0.000000, 0.000000, 1.000000, 0.417134, -0.095816, 0.903780, 0.270037, -0.905016, 0.047389, 0.422729, -0.015300, -0.083333, -0.994270, -0.066948, 0.218637, 0.000000, 0.000000, 0.000000, 1.000000, 0.994690, -0.071724, 0.073806, 0.002408, 0.073906, -0.001257, -0.997264, 0.101882, 0.071621, 0.997424, 0.004051, 0.015960, 0.000000, 0.000000, 0.000000, 1.000000
-24.1011, 15.2935, -19.4984, 247.9623, 270.0337, -15.2959, 218.6397, 2.4117, 101.8813, 15.9598, 0.905047, -0.047386, -0.422663, 0.015294, 0.081756, 0.994624, 0.063553, -0.019498, 0.417379, -0.092074, 0.904056, 0.247962, 0.000000, 0.000000, 0.000000, 1.000000, 0.417060, -0.095811, 0.903815, 0.270034, -0.905051, 0.047387, 0.422654, -0.015296, -0.083324, -0.994271, -0.066951, 0.218640, 0.000000, 0.000000, 0.000000, 1.000000, 0.994690, -0.071724, 0.073806, 0.002412, 0.073907, -0.001251, -0.997264, 0.101881, 0.071620, 0.997424, 0.004057, 0.015960, 0.000000, 0.000000, 0.000000, 1.000000
-24.0722, 15.2665, -19.5155, 247.9435, 270.0150, -15.2689, 218.6568, 2.4339, 101.8799, 15.9564, 0.905261, -0.047370, -0.422206, 0.015267, 0.081695, 0.994628, 0.063569, -0.019516, 0.416927, -0.092038, 0.904268, 0.247944, 0.000000, 0.000000, 0.000000, 1.000000, 0.416608, -0.095776, 0.904027, 0.270015, -0.905265, 0.047371, 0.422197, -0.015269, -0.083261, -0.994275, -0.066967, 0.218657, 0.000000, 0.000000, 0.000000, 1.000000, 0.994690, -0.071724, 0.073804, 0.002434, 0.073908, -0.001213, -0.997264, 0.101880, 0.071617, 0.997424, 0.004094, 0.015956, 0.000000, 0.000000, 0.000000, 1.000000
