# Joint_A_Angle(deg), Cam_X(mm), Cam_Y(mm), Cam_Z(mm), Torso_X(mm), Torso_Y(mm), Torso_Z(mm), EE_X(mm), EE_Y(mm), EE_Z(mm), T_cam2marker_flat(16), T_torso2marker_flat(16), T_ee2marker_flat(16)
-14.9999, 22.7838, 1.3775, 169.6864, 238.6961, -13.7840, 255.6582, -7.0511, -51.1444, -48.5535, 0.584193, 0.805635, -0.098343, 0.022784, -0.768276, 0.587989, 0.253022, 0.001378, 0.261667, -0.072259, 0.962449, 0.169686, 0.000000, 0.000000, 0.000000, 1.000000, 0.261801, -0.072362, 0.962405, 0.238696, -0.584193, -0.805635, 0.098342, -0.013784, 0.768231, -0.587977, -0.253189, 0.255658, 0.000000, 0.000000, 0.000000, 1.000000, -0.994670, 0.097653, 0.033089, -0.007051, 0.034247, 0.010212, 0.999361, -0.051144, 0.097253, 0.995168, -0.013502, -0.048553, 0.000000, 0.000000, 0.000000, 1.000000
-14.9999, 22.7826, 1.3828, 169.6896, 238.6993, -13.7828, 255.6527, -7.0510, -51.1445, -48.5536, 0.584189, 0.805637, -0.098343, 0.022783, -0.768274, 0.587984, 0.253040, 0.001383, 0.261683, -0.072269, 0.962444, 0.169690, 0.000000, 0.000000, 0.000000, 1.000000, 0.261817, -0.072372, 0.962400, 0.238699, -0.584189, -0.805637, 0.098342, -0.013783, 0.768228, -0.587972, -0.253209, 0.255653, 0.000000, 0.000000, 0.000000, 1.000000, -0.994670, 0.097653, 0.033089, -0.007051, 0.034247, 0.010213, 0.999361, -0.051145, 0.097253, 0.995168, -0.013503, -0.048554, 0.000000, 0.000000, 0.000000, 1.000000
-14.9999, 22.7820, 1.3858, 169.6912, 238.7009, -13.7822, 255.6497, -7.0510, -51.1446, -48.5536, 0.584187, 0.805639, -0.098344, 0.022782, -0.768273, 0.587982, 0.253050, 0.001386, 0.261691, -0.072274, 0.962442, 0.169691, 0.000000, 0.000000, 0.000000, 1.000000, 0.261826, -0.072378, 0.962397, 0.238701, -0.584187, -0.805639, 0.098343, -0.013782, 0.768227, -0.587969, -0.253219, 0.255650, 0.000000, 0.000000, 0.000000, 1.000000, -0.994670, 0.097653, 0.033089, -0.007051, 0.034247, 0.010213, 0.999361, -0.051145, 0.097253, 0.995168, -0.013503, -0.048554, 0.000000, 0.000000, 0.000000, 1.000000
-14.9999, 22.7800, 1.3949, 169.6962, 238.7060, -13.7801, 255.6403, -7.0510, -51.1448, -48.5538, 0.584180, 0.805644, -0.098345, 0.022780, -0.768269, 0.587973, 0.253082, 0.001395, 0.261718, -0.072289, 0.962433, 0.169696, 0.000000, 0.000000, 0.000000, 1.000000, 0.261853, -0.072394, 0.962389, 0.238706, -0.584180, -0.805644, 0.098345, -0.013780, 0.768223, -0.587960, -0.253251, 0.255640, 0.000000, 0.000000, 0.000000, 1.000000, -0.994670, 0.097653, 0.033088, -0.007051, 0.034247, 0.010214, 0.999361, -0.051145, 0.097253, 0.995168, -0.013504, -0.048554, 0.000000, 0.000000, 0.000000, 1.000000
-14.9999, 22.7782, 1.4026, 169.7005, 238.7104, -13.7784, 255.6324, -7.0510, -51.1449, -48.5539, 0.584174, 0.805648, -0.098347, 0.022778, -0.768266, 0.587965, 0.253108, 0.001403, 0.261740, -0.072302, 0.962426, 0.169701, 0.000000, 0.000000, 0.000000, 1.000000, 0.261876, -0.072407, 0.962381, 0.238710, -0.584174, -0.805648, 0.098346, -0.013778, 0.768220, -0.587953, -0.253279, 0.255632, 0.000000, 0.000000, 0.000000, 1.000000, -0.994670, 0.097653, 0.033088, -0.007051, 0.034247, 0.010214, 0.999361, -0.051145, 0.097252, 0.995168, -0.013504, -0.048554, 0.000000, 0.000000, 0.000000, 1.000000
-14.9999, 22.7775, 1.4059, 169.7023, 238.7122, -13.7776, 255.6290, -7.0510, -51.1450, -48.5539, 0.584171, 0.805650, -0.098347, 0.022777, -0.768265, 0.587962, 0.253119, 0.001406, 0.261750, -0.072308, 0.962423, 0.169702, 0.000000, 0.000000, 0.000000, 1.000000, 0.261886, -0.072413, 0.962378, 0.238712, -0.584171, -0.805650, 0.098346, -0.013778, 0.768219, -0.587949, -0.253290, 0.255629, 0.000000, 0.000000, 0.000000, 1.000000, -0.994670, 0.097653, 0.033088, -0.007051, 0.034247, 0.010215, 0.999361, -0.051145, 0.097252, 0.995168, -0.013505, -0.048554, 0.000000, 0.000000, 0.000000, 1.000000
-14.9998, 22.7762, 1.4115, 169.7055, 238.7154, -13.7763, 255.6232, -7.0510, -51.1452, -48.5540, 0.584166, 0.805654, -0.098348, 0.022776, -0.768264, 0.587956, 0.253137, 0.001411, 0.261765, -0.072317, 0.962418, 0.169705, 0.000000, 0.000000, 0.000000, 1.000000, 0.261902, -0.072423, 0.962373, 0.238715, -0.584166, -0.805654, 0.098347, -0.013776, 0.768217, -0.587943, -0.253310, 0.255623, 0.000000, 0.000000, 0.000000, 1.000000, -0.994670, 0.097652, 0.033088, -0.007051, 0.034247, 0.010215, 0.999361, -0.051145, 0.097252, 0.995168, -0.013505, -0.048554, 0.000000, 0.000000, 0.000000, 1.000000
-14.9997, 22.7751, 1.4157, 169.7078, 238.7178, -13.7752, 255.6187, -7.0510, -51.1453, -48.5541, 0.584162, 0.805657, -0.098347, 0.022775, -0.768264, 0.587951, 0.253150, 0.001416, 0.261775, -0.072324, 0.962415, 0.169708, 0.000000, 0.000000, 0.000000, 1.000000, 0.261913, -0.072431, 0.962370, 0.238718, -0.584162, -0.805657, 0.098346, -0.013775, 0.768216, -0.587938, -0.253323, 0.255619, 0.000000, 0.000000, 0.000000, 1.000000, -0.994670, 0.097652, 0.033088, -0.007051, 0.034247, 0.010216, 0.999361, -0.051145, 0.097252, 0.995168, -0.013505, -0.048554, 0.000000, 0.000000, 0.000000, 1.000000
-14.9996, 22.7746, 1.4174, 169.7087, 238.7187, -13.7748, 255.6170, -7.0510, -51.1454, -48.5541, 0.584160, 0.805658, -0.098346, 0.022775, -0.768264, 0.587949, 0.253154, 0.001417, 0.261778, -0.072327, 0.962414, 0.169709, 0.000000, 0.000000, 0.000000, 1.000000, 0.261916, -0.072433, 0.962369, 0.238719, -0.584160, -0.805658, 0.098345, -0.013775, 0.768217, -0.587936, -0.253327, 0.255617, 0.000000, 0.000000, 0.000000, 1.000000, -0.994670, 0.097652, 0.033088, -0.007051, 0.034247, 0.010216, 0.999361, -0.051145, 0.097252, 0.995168, -0.013506, -0.048554, 0.000000, 0.000000, 0.000000, 1.000000
-14.9995, 22.7742, 1.4187, 169.7093, 238.7194, -13.7744, 255.6155, -7.0510, -51.1454, -48.5542, 0.584159, 0.805659, -0.098345, 0.022774, -0.768264, 0.587947, 0.253156, 0.001419, 0.261779, -0.072329, 0.962414, 0.169709, 0.000000, 0.000000, 0.000000, 1.000000, 0.261918, -0.072436, 0.962368, 0.238719, -0.584159, -0.805659, 0.098344, -0.013774, 0.768217, -0.587934, -0.253330, 0.255616, 0.000000, 0.000000, 0.000000, 1.000000, -0.994670, 0.097652, 0.033088, -0.007051, 0.034247, 0.010216, 0.999361, -0.051145, 0.097252, 0.995168, -0.013506, -0.048554, 0.000000, 0.000000, 0.000000, 1.000000
-14.9989, 22.7732, 1.4211, 169.7103, 238.7205, -13.7734, 255.6128, -7.0509, -51.1456, -48.5542, 0.584156, 0.805662, -0.098338, 0.022773, -0.768269, 0.587943, 0.253153, 0.001421, 0.261773, -0.072331, 0.962415, 0.169710, 0.000000, 0.000000, 0.000000, 1.000000, 0.261913, -0.072439, 0.962369, 0.238720, -0.584156, -0.805662, 0.098337, -0.013773, 0.768221, -0.587930, -0.253329, 0.255613, 0.000000, 0.000000, 0.000000, 1.000000, -0.994670, 0.097652, 0.033088, -0.007051, 0.034247, 0.010216, 0.999361, -0.051146, 0.097252, 0.995168, -0.013506, -0.048554, 0.000000, 0.000000, 0.000000, 1.000000
-14.9986, 22.7729, 1.4215, 169.7103, 238.7205, -13.7731, 255.6124, -7.0509, -51.1457, -48.5542, 0.584156, 0.805663, -0.098335, 0.022773, -0.768271, 0.587942, 0.253149, 0.001421, 0.261768, -0.072331, 0.962417, 0.169710, 0.000000, 0.000000, 0.000000, 1.000000, 0.261908, -0.072439, 0.962371, 0.238720, -0.584156, -0.805663, 0.098334, -0.013773, 0.768223, -0.587929, -0.253325, 0.255612, 0.000000, 0.000000, 0.000000, 1.000000, -0.994670, 0.097652, 0.033088, -0.007051, 0.034247, 0.010216, 0.999361, -0.051146, 0.097252, 0.995168, -0.013506, -0.048554, 0.000000, 0.000000, 0.000000, 1.000000
-14.9978, 22.7725, 1.4214, 169.7098, 238.7200, -13.7726, 255.6123, -7.0509, -51.1458, -48.5543, 0.584156, 0.805664, -0.098326, 0.022772, -0.768276, 0.587941, 0.253135, 0.001421, 0.261752, -0.072329, 0.962421, 0.169710, 0.000000, 0.000000, 0.000000, 1.000000, 0.261892, -0.072438, 0.962375, 0.238720, -0.584156, -0.805664, 0.098325, -0.013773, 0.768228, -0.587927, -0.253312, 0.255612, 0.000000, 0.000000, 0.000000, 1.000000, -0.994670, 0.097652, 0.033088, -0.007051, 0.034247, 0.010216, 0.999361, -0.051146, 0.097252, 0.995168, -0.013506, -0.048554, 0.000000, 0.000000, 0.000000, 1.000000
-14.9973, 22.7722, 1.4211, 169.7093, 238.7195, -13.7724, 255.6125, -7.0508, -51.1459, -48.5543, 0.584156, 0.805664, -0.098321, 0.022772, -0.768279, 0.587940, 0.253126, 0.001421, 0.261741, -0.072328, 0.962424, 0.169709, 0.000000, 0.000000, 0.000000, 1.000000, 0.261882, -0.072436, 0.962378, 0.238720, -0.584156, -0.805664, 0.098320, -0.013772, 0.768231, -0.587927, -0.253303, 0.255613, 0.000000, 0.000000, 0.000000, 1.000000, -0.994670, 0.097652, 0.033088, -0.007051, 0.034247, 0.010216, 0.999361, -0.051146, 0.097252, 0.995168, -0.013506, -0.048554, 0.000000, 0.000000, 0.000000, 1.000000
-14.9968, 22.7720, 1.4206, 169.7087, 238.7189, -13.7722, 255.6129, -7.0508, -51.1460, -48.5543, 0.584157, 0.805664, -0.098314, 0.022772, -0.768283, 0.587940, 0.253115, 0.001421, 0.261729, -0.072326, 0.962428, 0.169709, 0.000000, 0.000000, 0.000000, 1.000000, 0.261870, -0.072435, 0.962381, 0.238719, -0.584157, -0.805664, 0.098314, -0.013772, 0.768235, -0.587927, -0.253292, 0.255613, 0.000000, 0.000000, 0.000000, 1.000000, -0.994670, 0.097652, 0.033088, -0.007051, 0.034247, 0.010216, 0.999361, -0.051146, 0.097252, 0.995168, -0.013506, -0.048554, 0.000000, 0.000000, 0.000000, 1.000000
-14.9947, 22.7714, 1.4182, 169.7060, 238.7163, -13.7716, 255.6151, -7.0507, -51.1464, -48.5543, 0.584161, 0.805665, -0.098291, 0.022771, -0.768297, 0.587941, 0.253071, 0.001418, 0.261680, -0.072318, 0.962442, 0.169706, 0.000000, 0.000000, 0.000000, 1.000000, 0.261822, -0.072427, 0.962395, 0.238716, -0.584161, -0.805664, 0.098290, -0.013772, 0.768248, -0.587928, -0.253249, 0.255615, 0.000000, 0.000000, 0.000000, 1.000000, -0.994670, 0.097653, 0.033088, -0.007051, 0.034247, 0.010216, 0.999361, -0.051146, 0.097252, 0.995168, -0.013506, -0.048554, 0.000000, 0.000000, 0.000000, 1.000000
-14.9928, 22.7709, 1.4161, 169.7036, 238.7139, -13.7711, 255.6171, -7.0506, -51.1467, -48.5542, 0.584164, 0.805664, -0.098271, 0.022771, -0.768308, 0.587943, 0.253033, 0.001416, 0.261637, -0.072311, 0.962454, 0.169704, 0.000000, 0.000000, 0.000000, 1.000000, 0.261780, -0.072421, 0.962407, 0.238714, -0.584165, -0.805664, 0.098270, -0.013771, 0.768260, -0.587929, -0.253212, 0.255617, 0.000000, 0.000000, 0.000000, 1.000000, -0.994670, 0.097653, 0.033088, -0.007051, 0.034247, 0.010216, 0.999361, -0.051147, 0.097252, 0.995168, -0.013506, -0.048554, 0.000000, 0.000000, 0.000000, 1.000000
-14.9917, 22.7707, 1.4149, 169.7022, 238.7126, -13.7709, 255.6182, -7.0505, -51.1469, -48.5542, 0.584167, 0.805664, -0.098259, 0.022771, -0.768315, 0.587943, 0.253011, 0.001415, 0.261613, -0.072307, 0.962461, 0.169702, 0.000000, 0.000000, 0.000000, 1.000000, 0.261756, -0.072417, 0.962414, 0.238713, -0.584167, -0.805664, 0.098259, -0.013771, 0.768266, -0.587930, -0.253191, 0.255618, 0.000000, 0.000000, 0.000000, 1.000000, -0.994670, 0.097653, 0.033088, -0.007051, 0.034247, 0.010216, 0.999361, -0.051147, 0.097253, 0.995168, -0.013505, -0.048554, 0.000000, 0.000000, 0.000000, 1.000000
-14.9880, 22.7697, 1.4111, 169.6975, 238.7079, -13.7699, 255.6219, -7.0503, -51.1475, -48.5542, 0.584176, 0.805662, -0.098219, 0.022770, -0.768337, 0.587947, 0.252936, 0.001411, 0.261528, -0.072294, 0.962485, 0.169698, 0.000000, 0.000000, 0.000000, 1.000000, 0.261672, -0.072405, 0.962437, 0.238708, -0.584176, -0.805662, 0.098218, -0.013770, 0.768288, -0.587933, -0.253116, 0.255622, 0.000000, 0.000000, 0.000000, 1.000000, -0.994670, 0.097653, 0.033088, -0.007050, 0.034247, 0.010215, 0.999361, -0.051147, 0.097253, 0.995168, -0.013505, -0.048554, 0.000000, 0.000000, 0.000000, 1.000000
-14.9849, 22.7689, 1.4084, 169.6940, 238.7044, -13.7691, 255.6244, -7.0501, -51.1480, -48.5542, 0.584183, 0.805661, -0.098187, 0.022769, -0.768354, 0.587950, 0.252877, 0.001408, 0.261462, -0.072285, 0.962503, 0.169694, 0.000000, 0.000000, 0.000000, 1.000000, 0.261606, -0.072395, 0.962456, 0.238704, -0.584183, -0.805661, 0.098186, -0.013769, 0.768305, -0.587936, -0.253058, 0.255624, 0.000000, 0.000000, 0.000000, 1.000000, -0.994670, 0.097654, 0.033088, -0.007050, 0.034247, 0.010214, 0.999361, -0.051148, 0.097253, 0.995168, -0.013504, -0.048554, 0.000000, 0.000000, 0.000000, 1.000000
-14.9815, 22.7680, 1.4057, 169.6903, 238.7007, -13.7682, 255.6270, -7.0499, -51.1485, -48.5541, 0.584191, 0.805660, -0.098150, 0.022768, -0.768373, 0.587953, 0.252813, 0.001406, 0.261389, -0.072275, 0.962524, 0.169690, 0.000000, 0.000000, 0.000000, 1.000000, 0.261533, -0.072386, 0.962476, 0.238701, -0.584191, -0.805660, 0.098150, -0.013768, 0.768324, -0.587939, -0.252994, 0.255627, 0.000000, 0.000000, 0.000000, 1.000000, -0.994670, 0.097654, 0.033088, -0.007050, 0.034247, 0.010214, 0.999361, -0.051149, 0.097254, 0.995168, -0.013504, -0.048554, 0.000000, 0.000000, 0.000000, 1.000000
-14.9757, 22.7663, 1.4020, 169.6843, 238.6948, -13.7664, 255.6306, -7.0496, -51.1495, -48.5541, 0.584204, 0.805657, -0.098089, 0.022766, -0.768404, 0.587958, 0.252705, 0.001402, 0.261266, -0.072260, 0.962558, 0.169684, 0.000000, 0.000000, 0.000000, 1.000000, 0.261411, -0.072371, 0.962511, 0.238695, -0.584205, -0.805657, 0.098088, -0.013766, 0.768355, -0.587945, -0.252887, 0.255631, 0.000000, 0.000000, 0.000000, 1.000000, -0.994670, 0.097655, 0.033088, -0.007050, 0.034247, 0.010213, 0.999361, -0.051149, 0.097254, 0.995168, -0.013503, -0.048554, 0.000000, 0.000000, 0.000000, 1.000000
-14.9757, 22.7663, 1.4020, 169.6843, 238.6948, -13.7664, 255.6306, -7.0496, -51.1495, -48.5541, 0.584204, 0.805657, -0.098089, 0.022766, -0.768404, 0.587958, 0.252705, 0.001402, 0.261266, -0.072260, 0.962558, 0.169684, 0.000000, 0.000000, 0.000000, 1.000000, 0.261411, -0.072371, 0.962511, 0.238695, -0.584205, -0.805657, 0.098088, -0.013766, 0.768355, -0.587945, -0.252887, 0.255631, 0.000000, 0.000000, 0.000000, 1.000000, -0.994670, 0.097655, 0.033088, -0.007050, 0.034247, 0.010213, 0.999361, -0.051149, 0.097254, 0.995168, -0.013503, -0.048554, 0.000000, 0.000000, 0.000000, 1.000000
-14.9714, 22.7649, 1.3998, 169.6802, 238.6907, -13.7651, 255.6327, -7.0493, -51.1502, -48.5540, 0.584215, 0.805655, -0.098043, 0.022765, -0.768427, 0.587962, 0.252627, 0.001400, 0.261176, -0.072249, 0.962583, 0.169680, 0.000000, 0.000000, 0.000000, 1.000000, 0.261321, -0.072361, 0.962536, 0.238691, -0.584215, -0.805655, 0.098043, -0.013765, 0.768378, -0.587948, -0.252809, 0.255633, 0.000000, 0.000000, 0.000000, 1.000000, -0.994670, 0.097655, 0.033089, -0.007049, 0.034247, 0.010212, 0.999361, -0.051150, 0.097255, 0.995168, -0.013502, -0.048554, 0.000000, 0.000000, 0.000000, 1.000000
-14.9666, 22.7633, 1.3979, 169.6760, 238.6865, -13.7635, 255.6345, -7.0490, -51.1510, -48.5540, 0.584226, 0.805654, -0.097994, 0.022763, -0.768451, 0.587966, 0.252545, 0.001398, 0.261081, -0.072239, 0.962610, 0.169676, 0.000000, 0.000000, 0.000000, 1.000000, 0.261226, -0.072351, 0.962562, 0.238686, -0.584226, -0.805654, 0.097993, -0.013763, 0.768402, -0.587952, -0.252727, 0.255635, 0.000000, 0.000000, 0.000000, 1.000000, -0.994670, 0.097656, 0.033089, -0.007049, 0.034247, 0.010211, 0.999361, -0.051151, 0.097255, 0.995168, -0.013501, -0.048554, 0.000000, 0.000000, 0.000000, 1.000000
-14.9641, 22.7624, 1.3971, 169.6738, 238.6844, -13.7626, 255.6353, -7.0489, -51.1514, -48.5540, 0.584231, 0.805653, -0.097968, 0.022762, -0.768464, 0.587968, 0.252502, 0.001397, 0.261031, -0.072235, 0.962624, 0.169674, 0.000000, 0.000000, 0.000000, 1.000000, 0.261176, -0.072347, 0.962576, 0.238684, -0.584231, -0.805653, 0.097967, -0.013763, 0.768414, -0.587954, -0.252684, 0.255635, 0.000000, 0.000000, 0.000000, 1.000000, -0.994670, 0.097656, 0.033089, -0.007049, 0.034247, 0.010211, 0.999361, -0.051151, 0.097256, 0.995168, -0.013501, -0.048554, 0.000000, 0.000000, 0.000000, 1.000000
-14.9616, 22.7615, 1.3963, 169.6717, 238.6823, -13.7617, 255.6360, -7.0487, -51.1518, -48.5540, 0.584237, 0.805652, -0.097941, 0.022762, -0.768477, 0.587970, 0.252458, 0.001396, 0.260980, -0.072230, 0.962638, 0.169672, 0.000000, 0.000000, 0.000000, 1.000000, 0.261125, -0.072342, 0.962590, 0.238682, -0.584237, -0.805651, 0.097940, -0.013762, 0.768427, -0.587956, -0.252641, 0.255636, 0.000000, 0.000000, 0.000000, 1.000000, -0.994670, 0.097656, 0.033089, -0.007049, 0.034247, 0.010211, 0.999361, -0.051152, 0.097256, 0.995168, -0.013501, -0.048554, 0.000000, 0.000000, 0.000000, 1.000000
-14.9505, 22.7574, 1.3945, 169.6634, 238.6740, -13.7576, 255.6377, -7.0481, -51.1537, -48.5540, 0.584262, 0.805647, -0.097827, 0.022757, -0.768531, 0.587978, 0.252274, 0.001395, 0.260764, -0.072211, 0.962698, 0.169663, 0.000000, 0.000000, 0.000000, 1.000000, 0.260910, -0.072324, 0.962650, 0.238674, -0.584262, -0.805647, 0.097826, -0.013758, 0.768481, -0.587964, -0.252457, 0.255638, 0.000000, 0.000000, 0.000000, 1.000000, -0.994670, 0.097657, 0.033089, -0.007048, 0.034248, 0.010209, 0.999361, -0.051154, 0.097257, 0.995168, -0.013499, -0.048554, 0.000000, 0.000000, 0.000000, 1.000000
-14.9476, 22.7562, 1.3944, 169.6614, 238.6719, -13.7564, 255.6378, -7.0479, -51.1542, -48.5539, 0.584269, 0.805646, -0.097797, 0.022756, -0.768545, 0.587980, 0.252227, 0.001394, 0.260708, -0.072207, 0.962714, 0.169661, 0.000000, 0.000000, 0.000000, 1.000000, 0.260854, -0.072320, 0.962666, 0.238672, -0.584269, -0.805646, 0.097796, -0.013756, 0.768495, -0.587966, -0.252410, 0.255638, 0.000000, 0.000000, 0.000000, 1.000000, -0.994670, 0.097658, 0.033089, -0.007048, 0.034248, 0.010208, 0.999361, -0.051154, 0.097257, 0.995168, -0.013499, -0.048554, 0.000000, 0.000000, 0.000000, 1.000000
-14.9416, 22.7538, 1.3943, 169.6574, 238.6680, -13.7540, 255.6378, -7.0475, -51.1553, -48.5539, 0.584282, 0.805644, -0.097735, 0.022754, -0.768574, 0.587983, 0.252131, 0.001394, 0.260595, -0.072199, 0.962745, 0.169657, 0.000000, 0.000000, 0.000000, 1.000000, 0.260741, -0.072312, 0.962697, 0.238668, -0.584282, -0.805644, 0.097734, -0.013754, 0.768524, -0.587970, -0.252315, 0.255638, 0.000000, 0.000000, 0.000000, 1.000000, -0.994670, 0.097658, 0.033090, -0.007048, 0.034248, 0.010208, 0.999361, -0.051155, 0.097258, 0.995168, -0.013498, -0.048554, 0.000000, 0.000000, 0.000000, 1.000000
-14.9322, 22.7499, 1.3952, 169.6517, 238.6623, -13.7501, 255.6369, -7.0470, -51.1569, -48.5539, 0.584302, 0.805641, -0.097639, 0.022750, -0.768617, 0.587989, 0.251985, 0.001395, 0.260420, -0.072188, 0.962793, 0.169652, 0.000000, 0.000000, 0.000000, 1.000000, 0.260567, -0.072301, 0.962745, 0.238662, -0.584302, -0.805641, 0.097638, -0.013750, 0.768568, -0.587975, -0.252169, 0.255637, 0.000000, 0.000000, 0.000000, 1.000000, -0.994670, 0.097659, 0.033090, -0.007047, 0.034248, 0.010206, 0.999361, -0.051157, 0.097259, 0.995168, -0.013496, -0.048554, 0.000000, 0.000000, 0.000000, 1.000000
-14.9322, 22.7499, 1.3952, 169.6517, 238.6623, -13.7501, 255.6369, -7.0470, -51.1569, -48.5539, 0.584302, 0.805641, -0.097639, 0.022750, -0.768617, 0.587989, 0.251985, 0.001395, 0.260420, -0.072188, 0.962793, 0.169652, 0.000000, 0.000000, 0.000000, 1.000000, 0.260567, -0.072301, 0.962745, 0.238662, -0.584302, -0.805641, 0.097638, -0.013750, 0.768568, -0.587975, -0.252169, 0.255637, 0.000000, 0.000000, 0.000000, 1.000000, -0.994670, 0.097659, 0.033090, -0.007047, 0.034248, 0.010206, 0.999361, -0.051157, 0.097259, 0.995168, -0.013496, -0.048554, 0.000000, 0.000000, 0.000000, 1.000000
-14.9258, 22.7471, 1.3964, 169.6482, 238.6588, -13.7473, 255.6357, -7.0466, -51.1581, -48.5539, 0.584316, 0.805639, -0.097573, 0.022747, -0.768647, 0.587992, 0.251887, 0.001396, 0.260302, -0.072182, 0.962825, 0.169648, 0.000000, 0.000000, 0.000000, 1.000000, 0.260448, -0.072295, 0.962777, 0.238659, -0.584316, -0.805639, 0.097572, -0.013747, 0.768597, -0.587978, -0.252070, 0.255636, 0.000000, 0.000000, 0.000000, 1.000000, -0.994670, 0.097660, 0.033090, -0.007047, 0.034248, 0.010205, 0.999361, -0.051158, 0.097260, 0.995168, -0.013496, -0.048554, 0.000000, 0.000000, 0.000000, 1.000000
-14.9192, 22.7442, 1.3981, 169.6448, 238.6554, -13.7444, 255.6340, -7.0462, -51.1592, -48.5540, 0.584329, 0.805638, -0.097506, 0.022744, -0.768677, 0.587995, 0.251788, 0.001398, 0.260183, -0.072177, 0.962858, 0.169645, 0.000000, 0.000000, 0.000000, 1.000000, 0.260329, -0.072290, 0.962810, 0.238655, -0.584330, -0.805637, 0.097505, -0.013744, 0.768627, -0.587982, -0.251972, 0.255634, 0.000000, 0.000000, 0.000000, 1.000000, -0.994670, 0.097660, 0.033090, -0.007046, 0.034248, 0.010204, 0.999361, -0.051159, 0.097260, 0.995168, -0.013495, -0.048554, 0.000000, 0.000000, 0.000000, 1.000000
-14.9159, 22.7427, 1.3991, 169.6432, 238.6538, -13.7429, 255.6330, -7.0460, -51.1598, -48.5540, 0.584336, 0.805637, -0.097472, 0.022743, -0.768692, 0.587997, 0.251738, 0.001399, 0.260123, -0.072174, 0.962874, 0.169643, 0.000000, 0.000000, 0.000000, 1.000000, 0.260269, -0.072287, 0.962826, 0.238654, -0.584337, -0.805637, 0.097471, -0.013743, 0.768642, -0.587983, -0.251922, 0.255633, 0.000000, 0.000000, 0.000000, 1.000000, -0.994670, 0.097661, 0.033090, -0.007046, 0.034248, 0.010204, 0.999361, -0.051160, 0.097260, 0.995167, -0.013494, -0.048554, 0.000000, 0.000000, 0.000000, 1.000000
-14.9091, 22.7395, 1.4015, 169.6402, 238.6508, -13.7397, 255.6306, -7.0456, -51.1610, -48.5540, 0.584350, 0.805635, -0.097403, 0.022740, -0.768722, 0.588000, 0.251639, 0.001401, 0.260002, -0.072170, 0.962907, 0.169640, 0.000000, 0.000000, 0.000000, 1.000000, 0.260148, -0.072283, 0.962859, 0.238651, -0.584350, -0.805635, 0.097402, -0.013740, 0.768672, -0.587986, -0.251823, 0.255631, 0.000000, 0.000000, 0.000000, 1.000000, -0.994669, 0.097661, 0.033090, -0.007046, 0.034248, 0.010203, 0.999361, -0.051161, 0.097261, 0.995167, -0.013493, -0.048554, 0.000000, 0.000000, 0.000000, 1.000000
-14.9057, 22.7379, 1.4029, 169.6387, 238.6493, -13.7381, 255.6292, -7.0454, -51.1616, -48.5540, 0.584357, 0.805634, -0.097368, 0.022738, -0.768737, 0.588001, 0.251590, 0.001403, 0.259942, -0.072168, 0.962924, 0.169639, 0.000000, 0.000000, 0.000000, 1.000000, 0.260088, -0.072281, 0.962876, 0.238649, -0.584357, -0.805634, 0.097367, -0.013738, 0.768688, -0.587987, -0.251774, 0.255629, 0.000000, 0.000000, 0.000000, 1.000000, -0.994669, 0.097661, 0.033090, -0.007045, 0.034248, 0.010203, 0.999361, -0.051162, 0.097261, 0.995167, -0.013493, -0.048554, 0.000000, 0.000000, 0.000000, 1.000000
-14.8953, 22.7329, 1.4076, 169.6347, 238.6453, -13.7331, 255.6245, -7.0448, -51.1635, -48.5540, 0.584378, 0.805632, -0.097262, 0.022733, -0.768783, 0.588005, 0.251442, 0.001408, 0.259760, -0.072164, 0.962973, 0.169635, 0.000000, 0.000000, 0.000000, 1.000000, 0.259906, -0.072277, 0.962925, 0.238645, -0.584378, -0.805632, 0.097261, -0.013733, 0.768733, -0.587991, -0.251626, 0.255624, 0.000000, 0.000000, 0.000000, 1.000000, -0.994669, 0.097662, 0.033090, -0.007045, 0.034248, 0.010201, 0.999361, -0.051164, 0.097262, 0.995167, -0.013492, -0.048554, 0.000000, 0.000000, 0.000000, 1.000000
-14.8919, 22.7312, 1.4094, 169.6334, 238.6440, -13.7314, 255.6227, -7.0446, -51.1642, -48.5541, 0.584385, 0.805631, -0.097227, 0.022731, -0.768798, 0.588006, 0.251393, 0.001409, 0.259700, -0.072163, 0.962989, 0.169633, 0.000000, 0.000000, 0.000000, 1.000000, 0.259846, -0.072275, 0.962941, 0.238644, -0.584385, -0.805631, 0.097226, -0.013731, 0.768748, -0.587992, -0.251577, 0.255623, 0.000000, 0.000000, 0.000000, 1.000000, -0.994669, 0.097663, 0.033090, -0.007045, 0.034248, 0.010201, 0.999361, -0.051164, 0.097263, 0.995167, -0.013491, -0.048554, 0.000000, 0.000000, 0.000000, 1.000000
-14.8849, 22.7277, 1.4133, 169.6311, 238.6417, -13.7279, 255.6188, -7.0442, -51.1654, -48.5541, 0.584398, 0.805630, -0.097156, 0.022728, -0.768828, 0.588008, 0.251296, 0.001413, 0.259580, -0.072161, 0.963022, 0.169631, 0.000000, 0.000000, 0.000000, 1.000000, 0.259726, -0.072274, 0.962974, 0.238642, -0.584399, -0.805630, 0.097155, -0.013728, 0.768779, -0.587994, -0.251480, 0.255619, 0.000000, 0.000000, 0.000000, 1.000000, -0.994669, 0.097663, 0.033091, -0.007044, 0.034248, 0.010200, 0.999361, -0.051165, 0.097263, 0.995167, -0.013490, -0.048554, 0.000000, 0.000000, 0.000000, 1.000000
-14.8779, 22.7241, 1.4175, 169.6290, 238.6396, -13.7243, 255.6146, -7.0438, -51.1667, -48.5541, 0.584412, 0.805628, -0.097085, 0.022724, -0.768858, 0.588010, 0.251200, 0.001418, 0.259461, -0.072160, 0.963054, 0.169629, 0.000000, 0.000000, 0.000000, 1.000000, 0.259607, -0.072273, 0.963006, 0.238640, -0.584412, -0.805628, 0.097084, -0.013724, 0.768809, -0.587996, -0.251384, 0.255615, 0.000000, 0.000000, 0.000000, 1.000000, -0.994669, 0.097664, 0.033091, -0.007044, 0.034248, 0.010199, 0.999361, -0.051167, 0.097264, 0.995167, -0.013490, -0.048554, 0.000000, 0.000000, 0.000000, 1.000000
-14.8744, 22.7223, 1.4198, 169.6280, 238.6386, -13.7225, 255.6124, -7.0435, -51.1674, -48.5542, 0.584419, 0.805628, -0.097049, 0.022722, -0.768873, 0.588011, 0.251153, 0.001420, 0.259402, -0.072160, 0.963070, 0.169628, 0.000000, 0.000000, 0.000000, 1.000000, 0.259548, -0.072272, 0.963022, 0.238639, -0.584419, -0.805628, 0.097049, -0.013723, 0.768824, -0.587997, -0.251336, 0.255612, 0.000000, 0.000000, 0.000000, 1.000000, -0.994669, 0.097664, 0.033091, -0.007044, 0.034248, 0.010199, 0.999361, -0.051167, 0.097264, 0.995167, -0.013489, -0.048554, 0.000000, 0.000000, 0.000000, 1.000000
-14.8674, 22.7187, 1.4245, 169.6262, 238.6368, -13.7189, 255.6077, -7.0431, -51.1686, -48.5542, 0.584432, 0.805627, -0.096978, 0.022719, -0.768903, 0.588012, 0.251058, 0.001425, 0.259284, -0.072160, 0.963102, 0.169626, 0.000000, 0.000000, 0.000000, 1.000000, 0.259430, -0.072272, 0.963054, 0.238637, -0.584432, -0.805627, 0.096978, -0.013719, 0.768853, -0.587999, -0.251242, 0.255608, 0.000000, 0.000000, 0.000000, 1.000000, -0.994669, 0.097665, 0.033091, -0.007043, 0.034248, 0.010198, 0.999361, -0.051169, 0.097265, 0.995167, -0.013488, -0.048554, 0.000000, 0.000000, 0.000000, 1.000000
-14.8639, 22.7168, 1.4270, 169.6254, 238.6359, -13.7170, 255.6052, -7.0429, -51.1693, -48.5542, 0.584438, 0.805626, -0.096943, 0.022717, -0.768917, 0.588013, 0.251012, 0.001427, 0.259225, -0.072160, 0.963117, 0.169625, 0.000000, 0.000000, 0.000000, 1.000000, 0.259371, -0.072272, 0.963070, 0.238636, -0.584439, -0.805626, 0.096942, -0.013717, 0.768868, -0.587999, -0.251195, 0.255605, 0.000000, 0.000000, 0.000000, 1.000000, -0.994669, 0.097665, 0.033091, -0.007043, 0.034248, 0.010198, 0.999361, -0.051169, 0.097265, 0.995167, -0.013488, -0.048554, 0.000000, 0.000000, 0.000000, 1.000000
-14.8570, 22.7131, 1.4321, 169.6238, 238.6344, -13.7133, 255.6001, -7.0425, -51.1706, -48.5543, 0.584451, 0.805625, -0.096872, 0.022713, -0.768947, 0.588014, 0.250919, 0.001432, 0.259109, -0.072160, 0.963149, 0.169624, 0.000000, 0.000000, 0.000000, 1.000000, 0.259255, -0.072273, 0.963101, 0.238634, -0.584452, -0.805625, 0.096871, -0.013713, 0.768897, -0.588000, -0.251102, 0.255600, 0.000000, 0.000000, 0.000000, 1.000000, -0.994669, 0.097666, 0.033091, -0.007042, 0.034248, 0.010197, 0.999361, -0.051171, 0.097266, 0.995167, -0.013487, -0.048554, 0.000000, 0.000000, 0.000000, 1.000000
-14.8500, 22.7093, 1.4375, 169.6224, 238.6330, -13.7095, 255.5948, -7.0421, -51.1719, -48.5544, 0.584464, 0.805625, -0.096802, 0.022709, -0.768976, 0.588015, 0.250828, 0.001438, 0.258994, -0.072162, 0.963180, 0.169622, 0.000000, 0.000000, 0.000000, 1.000000, 0.259140, -0.072274, 0.963132, 0.238633, -0.584464, -0.805625, 0.096801, -0.013709, 0.768927, -0.588001, -0.251011, 0.255595, 0.000000, 0.000000, 0.000000, 1.000000, -0.994669, 0.097666, 0.033091, -0.007042, 0.034248, 0.010196, 0.999361, -0.051172, 0.097266, 0.995167, -0.013487, -0.048554, 0.000000, 0.000000, 0.000000, 1.000000
-14.8500, 22.7093, 1.4375, 169.6224, 238.6330, -13.7095, 255.5948, -7.0421, -51.1719, -48.5544, 0.584464, 0.805625, -0.096802, 0.022709, -0.768976, 0.588015, 0.250828, 0.001438, 0.258994, -0.072162, 0.963180, 0.169622, 0.000000, 0.000000, 0.000000, 1.000000, 0.259140, -0.072274, 0.963132, 0.238633, -0.584464, -0.805625, 0.096801, -0.013709, 0.768927, -0.588001, -0.251011, 0.255595, 0.000000, 0.000000, 0.000000, 1.000000, -0.994669, 0.097666, 0.033091, -0.007042, 0.034248, 0.010196, 0.999361, -0.051172, 0.097266, 0.995167, -0.013487, -0.048554, 0.000000, 0.000000, 0.000000, 1.000000
-14.8363, 22.7013, 1.4508, 169.6212, 238.6317, -13.7015, 255.5815, -7.0412, -51.1745, -48.5545, 0.584487, 0.805625, -0.096663, 0.022701, -0.769032, 0.588014, 0.250657, 0.001451, 0.258775, -0.072169, 0.963238, 0.169621, 0.000000, 0.000000, 0.000000, 1.000000, 0.258920, -0.072281, 0.963190, 0.238632, -0.584487, -0.805624, 0.096662, -0.013701, 0.768983, -0.588001, -0.250840, 0.255582, 0.000000, 0.000000, 0.000000, 1.000000, -0.994669, 0.097667, 0.033091, -0.007041, 0.034248, 0.010195, 0.999361, -0.051175, 0.097267, 0.995167, -0.013485, -0.048555, 0.000000, 0.000000, 0.000000, 1.000000
-14.8329, 22.6990, 1.4557, 169.6217, 238.6322, -13.6992, 255.5766, -7.0410, -51.1752, -48.5546, 0.584492, 0.805625, -0.096629, 0.022699, -0.769045, 0.588013, 0.250620, 0.001456, 0.258725, -0.072173, 0.963251, 0.169622, 0.000000, 0.000000, 0.000000, 1.000000, 0.258871, -0.072286, 0.963203, 0.238632, -0.584492, -0.805625, 0.096628, -0.013699, 0.768996, -0.587999, -0.250803, 0.255577, 0.000000, 0.000000, 0.000000, 1.000000, -0.994669, 0.097667, 0.033091, -0.007041, 0.034248, 0.010195, 0.999361, -0.051175, 0.097268, 0.995167, -0.013485, -0.048555, 0.000000, 0.000000, 0.000000, 1.000000
-14.8262, 22.6944, 1.4652, 169.6227, 238.6333, -13.6946, 255.5672, -7.0406, -51.1765, -48.5547, 0.584501, 0.805627, -0.096562, 0.022694, -0.769071, 0.588010, 0.250548, 0.001465, 0.258627, -0.072182, 0.963277, 0.169623, 0.000000, 0.000000, 0.000000, 1.000000, 0.258773, -0.072294, 0.963229, 0.238633, -0.584501, -0.805627, 0.096561, -0.013695, 0.769022, -0.587996, -0.250730, 0.255567, 0.000000, 0.000000, 0.000000, 1.000000, -0.994669, 0.097668, 0.033091, -0.007041, 0.034248, 0.010194, 0.999361, -0.051177, 0.097268, 0.995167, -0.013485, -0.048555, 0.000000, 0.000000, 0.000000, 1.000000
-14.8196, 22.6900, 1.4743, 169.6237, 238.6342, -13.6902, 255.5580, -7.0402, -51.1779, -48.5548, 0.584510, 0.805628, -0.096496, 0.022690, -0.769097, 0.588007, 0.250475, 0.001474, 0.258530, -0.072190, 0.963302, 0.169624, 0.000000, 0.000000, 0.000000, 1.000000, 0.258675, -0.072303, 0.963255, 0.238634, -0.584510, -0.805628, 0.096495, -0.013690, 0.769048, -0.587993, -0.250658, 0.255558, 0.000000, 0.000000, 0.000000, 1.000000, -0.994669, 0.097668, 0.033091, -0.007040, 0.034248, 0.010194, 0.999361, -0.051178, 0.097269, 0.995167, -0.013484, -0.048555, 0.000000, 0.000000, 0.000000, 1.000000
-14.8163, 22.6878, 1.4787, 169.6241, 238.6346, -13.6880, 255.5536, -7.0400, -51.1785, -48.5549, 0.584514, 0.805629, -0.096463, 0.022688, -0.769110, 0.588005, 0.250438, 0.001479, 0.258481, -0.072194, 0.963315, 0.169624, 0.000000, 0.000000, 0.000000, 1.000000, 0.258627, -0.072307, 0.963267, 0.238635, -0.584515, -0.805629, 0.096462, -0.013688, 0.769061, -0.587991, -0.250621, 0.255554, 0.000000, 0.000000, 0.000000, 1.000000, -0.994669, 0.097668, 0.033091, -0.007040, 0.034248, 0.010194, 0.999361, -0.051179, 0.097269, 0.995167, -0.013484, -0.048555, 0.000000, 0.000000, 0.000000, 1.000000
-14.8099, 22.6835, 1.4871, 169.6247, 238.6353, -13.6837, 255.5452, -7.0396, -51.1798, -48.5550, 0.584523, 0.805630, -0.096398, 0.022684, -0.769136, 0.588003, 0.250366, 0.001487, 0.258385, -0.072201, 0.963340, 0.169625, 0.000000, 0.000000, 0.000000, 1.000000, 0.258531, -0.072314, 0.963293, 0.238635, -0.584523, -0.805630, 0.096397, -0.013684, 0.769087, -0.587989, -0.250549, 0.255545, 0.000000, 0.000000, 0.000000, 1.000000, -0.994669, 0.097669, 0.033091, -0.007040, 0.034248, 0.010193, 0.999361, -0.051180, 0.097269, 0.995167, -0.013484, -0.048555, 0.000000, 0.000000, 0.000000, 1.000000
-14.8067, 22.6815, 1.4912, 169.6250, 238.6356, -13.6817, 255.5411, -7.0395, -51.1804, -48.5551, 0.584528, 0.805631, -0.096366, 0.022681, -0.769148, 0.588001, 0.250330, 0.001491, 0.258337, -0.072205, 0.963353, 0.169625, 0.000000, 0.000000, 0.000000, 1.000000, 0.258483, -0.072317, 0.963305, 0.238636, -0.584528, -0.805631, 0.096366, -0.013682, 0.769099, -0.587988, -0.250513, 0.255541, 0.000000, 0.000000, 0.000000, 1.000000, -0.994669, 0.097669, 0.033091, -0.007039, 0.034248, 0.010193, 0.999361, -0.051180, 0.097269, 0.995167, -0.013484, -0.048555, 0.000000, 0.000000, 0.000000, 1.000000
-14.8005, 22.6774, 1.4989, 169.6255, 238.6360, -13.6776, 255.5334, -7.0391, -51.1816, -48.5552, 0.584537, 0.805632, -0.096303, 0.022677, -0.769174, 0.587999, 0.250258, 0.001499, 0.258242, -0.072211, 0.963378, 0.169625, 0.000000, 0.000000, 0.000000, 1.000000, 0.258388, -0.072324, 0.963330, 0.238636, -0.584537, -0.805632, 0.096302, -0.013678, 0.769125, -0.587985, -0.250441, 0.255533, 0.000000, 0.000000, 0.000000, 1.000000, -0.994669, 0.097669, 0.033091, -0.007039, 0.034248, 0.010193, 0.999361, -0.051182, 0.097270, 0.995167, -0.013483, -0.048555, 0.000000, 0.000000, 0.000000, 1.000000
-14.8005, 22.6774, 1.4989, 169.6255, 238.6360, -13.6776, 255.5334, -7.0391, -51.1816, -48.5552, 0.584537, 0.805632, -0.096303, 0.022677, -0.769174, 0.587999, 0.250258, 0.001499, 0.258242, -0.072211, 0.963378, 0.169625, 0.000000, 0.000000, 0.000000, 1.000000, 0.258388, -0.072324, 0.963330, 0.238636, -0.584537, -0.805632, 0.096302, -0.013678, 0.769125, -0.587985, -0.250441, 0.255533, 0.000000, 0.000000, 0.000000, 1.000000, -0.994669, 0.097669, 0.033091, -0.007039, 0.034248, 0.010193, 0.999361, -0.051182, 0.097270, 0.995167, -0.013483, -0.048555, 0.000000, 0.000000, 0.000000, 1.000000
-14.7882, 22.6697, 1.5131, 169.6257, 238.6362, -13.6699, 255.5193, -7.0383, -51.1840, -48.5554, 0.584554, 0.805634, -0.096179, 0.022670, -0.769224, 0.587995, 0.250113, 0.001513, 0.258052, -0.072222, 0.963428, 0.169626, 0.000000, 0.000000, 0.000000, 1.000000, 0.258198, -0.072334, 0.963380, 0.238636, -0.584555, -0.805634, 0.096178, -0.013670, 0.769175, -0.587981, -0.250296, 0.255519, 0.000000, 0.000000, 0.000000, 1.000000, -0.994669, 0.097670, 0.033091, -0.007038, 0.034248, 0.010192, 0.999361, -0.051184, 0.097271, 0.995167, -0.013482, -0.048555, 0.000000, 0.000000, 0.000000, 1.000000
-14.7852, 22.6679, 1.5163, 169.6256, 238.6362, -13.6680, 255.5161, -7.0381, -51.1846, -48.5554, 0.584559, 0.805634, -0.096149, 0.022668, -0.769236, 0.587994, 0.250077, 0.001516, 0.258005, -0.072224, 0.963440, 0.169626, 0.000000, 0.000000, 0.000000, 1.000000, 0.258151, -0.072336, 0.963393, 0.238636, -0.584559, -0.805634, 0.096148, -0.013668, 0.769187, -0.587980, -0.250260, 0.255516, 0.000000, 0.000000, 0.000000, 1.000000, -0.994669, 0.097671, 0.033091, -0.007038, 0.034248, 0.010192, 0.999361, -0.051185, 0.097271, 0.995167, -0.013482, -0.048555, 0.000000, 0.000000, 0.000000, 1.000000
-14.7793, 22.6643, 1.5224, 169.6254, 238.6359, -13.6644, 255.5100, -7.0378, -51.1858, -48.5555, 0.584568, 0.805635, -0.096088, 0.022664, -0.769261, 0.587993, 0.250004, 0.001522, 0.257911, -0.072227, 0.963465, 0.169625, 0.000000, 0.000000, 0.000000, 1.000000, 0.258056, -0.072339, 0.963418, 0.238636, -0.584568, -0.805635, 0.096087, -0.013664, 0.769212, -0.587979, -0.250187, 0.255510, 0.000000, 0.000000, 0.000000, 1.000000, -0.994668, 0.097671, 0.033091, -0.007038, 0.034248, 0.010191, 0.999361, -0.051186, 0.097271, 0.995167, -0.013482, -0.048555, 0.000000, 0.000000, 0.000000, 1.000000
-14.7764, 22.6625, 1.5253, 169.6252, 238.6356, -13.6627, 255.5071, -7.0376, -51.1863, -48.5555, 0.584572, 0.805635, -0.096058, 0.022662, -0.769273, 0.587992, 0.249967, 0.001525, 0.257864, -0.072229, 0.963478, 0.169625, 0.000000, 0.000000, 0.000000, 1.000000, 0.258009, -0.072341, 0.963430, 0.238636, -0.584572, -0.805635, 0.096057, -0.013663, 0.769225, -0.587978, -0.250150, 0.255507, 0.000000, 0.000000, 0.000000, 1.000000, -0.994668, 0.097671, 0.033091, -0.007038, 0.034248, 0.010191, 0.999361, -0.051186, 0.097272, 0.995167, -0.013482, -0.048556, 0.000000, 0.000000, 0.000000, 1.000000
-14.7706, 22.6591, 1.5308, 169.6246, 238.6351, -13.6593, 255.5017, -7.0372, -51.1875, -48.5556, 0.584581, 0.805636, -0.095999, 0.022659, -0.769298, 0.587991, 0.249894, 0.001531, 0.257770, -0.072232, 0.963503, 0.169625, 0.000000, 0.000000, 0.000000, 1.000000, 0.257915, -0.072344, 0.963455, 0.238635, -0.584581, -0.805636, 0.095998, -0.013659, 0.769249, -0.587977, -0.250076, 0.255502, 0.000000, 0.000000, 0.000000, 1.000000, -0.994668, 0.097672, 0.033091, -0.007037, 0.034248, 0.010190, 0.999361, -0.051187, 0.097272, 0.995167, -0.013481, -0.048556, 0.000000, 0.000000, 0.000000, 1.000000
-14.7677, 22.6574, 1.5333, 169.6242, 238.6347, -13.6576, 255.4991, -7.0371, -51.1880, -48.5556, 0.584585, 0.805636, -0.095969, 0.022657, -0.769311, 0.587990, 0.249857, 0.001533, 0.257723, -0.072233, 0.963515, 0.169624, 0.000000, 0.000000, 0.000000, 1.000000, 0.257868, -0.072345, 0.963468, 0.238635, -0.584586, -0.805636, 0.095969, -0.013658, 0.769262, -0.587977, -0.250039, 0.255499, 0.000000, 0.000000, 0.000000, 1.000000, -0.994668, 0.097672, 0.033091, -0.007037, 0.034248, 0.010190, 0.999361, -0.051188, 0.097272, 0.995167, -0.013481, -0.048556, 0.000000, 0.000000, 0.000000, 1.000000
-14.7620, 22.6541, 1.5382, 169.6234, 238.6338, -13.6543, 255.4943, -7.0367, -51.1891, -48.5557, 0.584594, 0.805637, -0.095911, 0.022654, -0.769335, 0.587990, 0.249783, 0.001538, 0.257629, -0.072234, 0.963540, 0.169623, 0.000000, 0.000000, 0.000000, 1.000000, 0.257774, -0.072346, 0.963493, 0.238634, -0.584595, -0.805637, 0.095910, -0.013654, 0.769286, -0.587976, -0.249965, 0.255494, 0.000000, 0.000000, 0.000000, 1.000000, -0.994668, 0.097672, 0.033091, -0.007037, 0.034248, 0.010190, 0.999361, -0.051189, 0.097273, 0.995166, -0.013480, -0.048556, 0.000000, 0.000000, 0.000000, 1.000000
-14.7563, 22.6509, 1.5427, 169.6223, 238.6328, -13.6511, 255.4899, -7.0364, -51.1902, -48.5558, 0.584603, 0.805637, -0.095853, 0.022651, -0.769360, 0.587989, 0.249709, 0.001543, 0.257535, -0.072235, 0.963565, 0.169622, 0.000000, 0.000000, 0.000000, 1.000000, 0.257680, -0.072347, 0.963518, 0.238633, -0.584604, -0.805637, 0.095852, -0.013651, 0.769311, -0.587975, -0.249891, 0.255490, 0.000000, 0.000000, 0.000000, 1.000000, -0.994668, 0.097673, 0.033091, -0.007036, 0.034248, 0.010189, 0.999361, -0.051190, 0.097273, 0.995166, -0.013480, -0.048556, 0.000000, 0.000000, 0.000000, 1.000000
-14.7535, 22.6494, 1.5448, 169.6217, 238.6322, -13.6496, 255.4878, -7.0362, -51.1907, -48.5558, 0.584608, 0.805637, -0.095824, 0.022649, -0.769372, 0.587989, 0.249671, 0.001545, 0.257488, -0.072235, 0.963578, 0.169622, 0.000000, 0.000000, 0.000000, 1.000000, 0.257633, -0.072347, 0.963531, 0.238632, -0.584608, -0.805637, 0.095823, -0.013650, 0.769324, -0.587975, -0.249853, 0.255488, 0.000000, 0.000000, 0.000000, 1.000000, -0.994668, 0.097673, 0.033091, -0.007036, 0.034248, 0.010189, 0.999361, -0.051191, 0.097273, 0.995166, -0.013480, -0.048556, 0.000000, 0.000000, 0.000000, 1.000000
-14.7451, 22.6448, 1.5507, 169.6197, 238.6301, -13.6450, 255.4820, -7.0357, -51.1923, -48.5559, 0.584622, 0.805638, -0.095738, 0.022645, -0.769409, 0.587988, 0.249558, 0.001551, 0.257346, -0.072235, 0.963616, 0.169620, 0.000000, 0.000000, 0.000000, 1.000000, 0.257491, -0.072347, 0.963569, 0.238630, -0.584622, -0.805637, 0.095737, -0.013645, 0.769361, -0.587975, -0.249740, 0.255482, 0.000000, 0.000000, 0.000000, 1.000000, -0.994668, 0.097674, 0.033091, -0.007036, 0.034248, 0.010188, 0.999361, -0.051192, 0.097274, 0.995166, -0.013479, -0.048556, 0.000000, 0.000000, 0.000000, 1.000000
-14.7396, 22.6418, 1.5543, 169.6182, 238.6286, -13.6420, 255.4785, -7.0354, -51.1933, -48.5559, 0.584631, 0.805638, -0.095681, 0.022642, -0.769434, 0.587988, 0.249482, 0.001554, 0.257252, -0.072235, 0.963641, 0.169618, 0.000000, 0.000000, 0.000000, 1.000000, 0.257396, -0.072346, 0.963594, 0.238629, -0.584631, -0.805638, 0.095680, -0.013642, 0.769386, -0.587975, -0.249663, 0.255478, 0.000000, 0.000000, 0.000000, 1.000000, -0.994668, 0.097674, 0.033091, -0.007035, 0.034248, 0.010188, 0.999361, -0.051193, 0.097274, 0.995166, -0.013478, -0.048556, 0.000000, 0.000000, 0.000000, 1.000000
