# Joint_5_Angle(deg), Cam_X(mm), Cam_Y(mm), Cam_Z(mm), Torso_X(mm), Torso_Y(mm), Torso_Z(mm), EE_X(mm), EE_Y(mm), EE_Z(mm), T_cam2marker_flat(16), T_torso2marker_flat(16), T_ee2marker_flat(16)
-24.9994, -53.4684, 17.1120, 229.4819, 251.4759, 53.4681, 182.8803, 28.0850, -102.1081, 11.7360, 0.871429, 0.490239, 0.016662, -0.053468, -0.490514, 0.871102, 0.024024, 0.017112, -0.002736, -0.029108, 0.999573, 0.229482, 0.000000, 0.000000, 0.000000, 1.000000, -0.002564, -0.029416, 0.999564, 0.251476, -0.871429, -0.490239, -0.016663, 0.053468, 0.490515, -0.871092, -0.024377, 0.182880, 0.000000, 0.000000, 0.000000, 1.000000, -0.997120, 0.075262, 0.009376, 0.028085, 0.008401, -0.013262, 0.999877, -0.102108, 0.075377, 0.997076, 0.012591, 0.011736, 0.000000, 0.000000, 0.000000, 1.000000
-24.9995, -53.4684, 17.1094, 229.4810, 251.4750, 53.4681, 182.8828, 28.0848, -102.1084, 11.7358, 0.871429, 0.490238, 0.016661, -0.053468, -0.490514, 0.871102, 0.024018, 0.017109, -0.002739, -0.029102, 0.999573, 0.229481, 0.000000, 0.000000, 0.000000, 1.000000, -0.002567, -0.029411, 0.999564, 0.251475, -0.871429, -0.490238, -0.016663, 0.053468, 0.490515, -0.871092, -0.024371, 0.182883, 0.000000, 0.000000, 0.000000, 1.000000, -0.997120, 0.075262, 0.009376, 0.028085, 0.008401, -0.013262, 0.999877, -0.102108, 0.075377, 0.997076, 0.012591, 0.011736, 0.000000, 0.000000, 0.000000, 1.000000
-24.9996, -53.4684, 17.1082, 229.4805, 251.4745, 53.4681, 182.8841, 28.0847, -102.1086, 11.7357, 0.871429, 0.490238, 0.016661, -0.053468, -0.490514, 0.871103, 0.024015, 0.017108, -0.002741, -0.029100, 0.999573, 0.229480, 0.000000, 0.000000, 0.000000, 1.000000, -0.002568, -0.029409, 0.999564, 0.251474, -0.871429, -0.490238, -0.016663, 0.053468, 0.490515, -0.871092, -0.024369, 0.182884, 0.000000, 0.000000, 0.000000, 1.000000, -0.997120, 0.075262, 0.009376, 0.028085, 0.008401, -0.013262, 0.999877, -0.102109, 0.075377, 0.997076, 0.012591, 0.011736, 0.000000, 0.000000, 0.000000, 1.000000
-24.9997, -53.4684, 17.1058, 229.4795, 251.4736, 53.4681, 182.8864, 28.0846, -102.1089, 11.7355, 0.871429, 0.490238, 0.016661, -0.053468, -0.490513, 0.871103, 0.024009, 0.017106, -0.002743, -0.029095, 0.999573, 0.229480, 0.000000, 0.000000, 0.000000, 1.000000, -0.002571, -0.029404, 0.999564, 0.251474, -0.871429, -0.490238, -0.016663, 0.053468, 0.490514, -0.871093, -0.024363, 0.182886, 0.000000, 0.000000, 0.000000, 1.000000, -0.997120, 0.075262, 0.009376, 0.028085, 0.008401, -0.013262, 0.999877, -0.102109, 0.075377, 0.997076, 0.012591, 0.011735, 0.000000, 0.000000, 0.000000, 1.000000
-24.9998, -53.4684, 17.1046, 229.4791, 251.4731, 53.4681, 182.8876, 28.0845, -102.1090, 11.7354, 0.871430, 0.490238, 0.016661, -0.053468, -0.490513, 0.871103, 0.024007, 0.017105, -0.002745, -0.029093, 0.999573, 0.229479, 0.000000, 0.000000, 0.000000, 1.000000, -0.002572, -0.029402, 0.999564, 0.251473, -0.871430, -0.490238, -0.016663, 0.053468, 0.490514, -0.871093, -0.024360, 0.182888, 0.000000, 0.000000, 0.000000, 1.000000, -0.997120, 0.075262, 0.009376, 0.028084, 0.008401, -0.013262, 0.999877, -0.102109, 0.075377, 0.997076, 0.012591, 0.011735, 0.000000, 0.000000, 0.000000, 1.000000
-24.9999, -53.4684, 17.1025, 229.4782, 251.4722, 53.4681, 182.8898, 28.0843, -102.1093, 11.7352, 0.871430, 0.490237, 0.016661, -0.053468, -0.490513, 0.871103, 0.024002, 0.017102, -0.002747, -0.029088, 0.999573, 0.229478, 0.000000, 0.000000, 0.000000, 1.000000, -0.002575, -0.029397, 0.999564, 0.251472, -0.871430, -0.490237, -0.016663, 0.053468, 0.490514, -0.871093, -0.024355, 0.182890, 0.000000, 0.000000, 0.000000, 1.000000, -0.997120, 0.075262, 0.009376, 0.028084, 0.008401, -0.013262, 0.999877, -0.102109, 0.075377, 0.997076, 0.012591, 0.011735, 0.000000, 0.000000, 0.000000, 1.000000
-25.0000, -53.4684, 17.1005, 229.4774, 251.4714, 53.4681, 182.8918, 28.0842, -102.1096, 11.7350, 0.871430, 0.490237, 0.016661, -0.053468, -0.490512, 0.871104, 0.023997, 0.017100, -0.002749, -0.029084, 0.999573, 0.229477, 0.000000, 0.000000, 0.000000, 1.000000, -0.002577, -0.029393, 0.999565, 0.251471, -0.871430, -0.490237, -0.016662, 0.053468, 0.490513, -0.871093, -0.024351, 0.182892, 0.000000, 0.000000, 0.000000, 1.000000, -0.997120, 0.075262, 0.009376, 0.028084, 0.008401, -0.013262, 0.999877, -0.102110, 0.075377, 0.997076, 0.012591, 0.011735, 0.000000, 0.000000, 0.000000, 1.000000
-25.0001, -53.4684, 17.0986, 229.4767, 251.4707, 53.4680, 182.8937, 28.0840, -102.1098, 11.7349, 0.871430, 0.490236, 0.016661, -0.053468, -0.490512, 0.871104, 0.023993, 0.017099, -0.002751, -0.029080, 0.999573, 0.229477, 0.000000, 0.000000, 0.000000, 1.000000, -0.002579, -0.029389, 0.999565, 0.251471, -0.871430, -0.490236, -0.016662, 0.053468, 0.490513, -0.871094, -0.024346, 0.182894, 0.000000, 0.000000, 0.000000, 1.000000, -0.997120, 0.075262, 0.009376, 0.028084, 0.008401, -0.013262, 0.999877, -0.102110, 0.075377, 0.997076, 0.012591, 0.011735, 0.000000, 0.000000, 0.000000, 1.000000
-25.0001, -53.4679, 17.0959, 229.4755, 251.4696, 53.4676, 182.8964, 28.0837, -102.1101, 11.7348, 0.871432, 0.490233, 0.016660, -0.053468, -0.490508, 0.871106, 0.023986, 0.017096, -0.002754, -0.029075, 0.999573, 0.229476, 0.000000, 0.000000, 0.000000, 1.000000, -0.002582, -0.029383, 0.999565, 0.251470, -0.871432, -0.490233, -0.016662, 0.053468, 0.490509, -0.871096, -0.024340, 0.182896, 0.000000, 0.000000, 0.000000, 1.000000, -0.997120, 0.075262, 0.009376, 0.028084, 0.008401, -0.013262, 0.999877, -0.102110, 0.075377, 0.997076, 0.012592, 0.011735, 0.000000, 0.000000, 0.000000, 1.000000
-25.0000, -53.4676, 17.0950, 229.4752, 251.4692, 53.4673, 182.8972, 28.0835, -102.1102, 11.7348, 0.871433, 0.490231, 0.016660, -0.053468, -0.490506, 0.871107, 0.023985, 0.017095, -0.002755, -0.029073, 0.999574, 0.229475, 0.000000, 0.000000, 0.000000, 1.000000, -0.002582, -0.029382, 0.999565, 0.251469, -0.871433, -0.490231, -0.016661, 0.053467, 0.490507, -0.871097, -0.024338, 0.182897, 0.000000, 0.000000, 0.000000, 1.000000, -0.997120, 0.075262, 0.009376, 0.028084, 0.008401, -0.013262, 0.999877, -0.102110, 0.075377, 0.997076, 0.012592, 0.011735, 0.000000, 0.000000, 0.000000, 1.000000
-24.9997, -53.4667, 17.0933, 229.4744, 251.4685, 53.4663, 182.8990, 28.0831, -102.1104, 11.7348, 0.871436, 0.490225, 0.016659, -0.053467, -0.490501, 0.871111, 0.023981, 0.017093, -0.002756, -0.029069, 0.999574, 0.229474, 0.000000, 0.000000, 0.000000, 1.000000, -0.002584, -0.029378, 0.999565, 0.251468, -0.871436, -0.490225, -0.016661, 0.053466, 0.490502, -0.871100, -0.024334, 0.182899, 0.000000, 0.000000, 0.000000, 1.000000, -0.997120, 0.075262, 0.009376, 0.028083, 0.008401, -0.013262, 0.999877, -0.102110, 0.075377, 0.997076, 0.012592, 0.011735, 0.000000, 0.000000, 0.000000, 1.000000
-24.9994, -53.4659, 17.0924, 229.4740, 251.4681, 53.4656, 182.8999, 28.0828, -102.1105, 11.7349, 0.871439, 0.490221, 0.016659, -0.053466, -0.490496, 0.871113, 0.023979, 0.017092, -0.002757, -0.029067, 0.999574, 0.229474, 0.000000, 0.000000, 0.000000, 1.000000, -0.002585, -0.029376, 0.999565, 0.251468, -0.871439, -0.490221, -0.016660, 0.053466, 0.490497, -0.871103, -0.024332, 0.182900, 0.000000, 0.000000, 0.000000, 1.000000, -0.997120, 0.075262, 0.009376, 0.028083, 0.008401, -0.013263, 0.999877, -0.102110, 0.075377, 0.997076, 0.012592, 0.011735, 0.000000, 0.000000, 0.000000, 1.000000
-24.9987, -53.4639, 17.0904, 229.4732, 251.4672, 53.4635, 182.9020, 28.0819, -102.1107, 11.7352, 0.871446, 0.490209, 0.016657, -0.053464, -0.490484, 0.871120, 0.023974, 0.017090, -0.002758, -0.029063, 0.999574, 0.229473, 0.000000, 0.000000, 0.000000, 1.000000, -0.002586, -0.029371, 0.999565, 0.251467, -0.871446, -0.490209, -0.016659, 0.053464, 0.490485, -0.871110, -0.024328, 0.182902, 0.000000, 0.000000, 0.000000, 1.000000, -0.997120, 0.075262, 0.009375, 0.028082, 0.008400, -0.013263, 0.999877, -0.102111, 0.075377, 0.997076, 0.012593, 0.011735, 0.000000, 0.000000, 0.000000, 1.000000
-24.9976, -53.4608, 17.0881, 229.4722, 251.4662, 53.4605, 182.9043, 28.0807, -102.1108, 11.7357, 0.871455, 0.490192, 0.016655, -0.053461, -0.490467, 0.871130, 0.023970, 0.017088, -0.002759, -0.029057, 0.999574, 0.229472, 0.000000, 0.000000, 0.000000, 1.000000, -0.002587, -0.029366, 0.999565, 0.251466, -0.871455, -0.490192, -0.016657, 0.053460, 0.490468, -0.871120, -0.024323, 0.182904, 0.000000, 0.000000, 0.000000, 1.000000, -0.997120, 0.075262, 0.009375, 0.028081, 0.008400, -0.013264, 0.999877, -0.102111, 0.075377, 0.997076, 0.012594, 0.011736, 0.000000, 0.000000, 0.000000, 1.000000
-24.9968, -53.4588, 17.0868, 229.4716, 251.4656, 53.4585, 182.9056, 28.0800, -102.1109, 11.7360, 0.871462, 0.490180, 0.016654, -0.053459, -0.490455, 0.871137, 0.023967, 0.017087, -0.002760, -0.029054, 0.999574, 0.229472, 0.000000, 0.000000, 0.000000, 1.000000, -0.002588, -0.029363, 0.999565, 0.251466, -0.871462, -0.490180, -0.016656, 0.053459, 0.490456, -0.871126, -0.024320, 0.182906, 0.000000, 0.000000, 0.000000, 1.000000, -0.997120, 0.075262, 0.009374, 0.028080, 0.008399, -0.013265, 0.999877, -0.102111, 0.075377, 0.997076, 0.012595, 0.011736, 0.000000, 0.000000, 0.000000, 1.000000
-24.9950, -53.4539, 17.0839, 229.4703, 251.4644, 53.4536, 182.9086, 28.0781, -102.1111, 11.7369, 0.871478, 0.490152, 0.016651, -0.053454, -0.490427, 0.871153, 0.023961, 0.017084, -0.002761, -0.029048, 0.999574, 0.229470, 0.000000, 0.000000, 0.000000, 1.000000, -0.002589, -0.029356, 0.999566, 0.251464, -0.871478, -0.490152, -0.016653, 0.053454, 0.490428, -0.871142, -0.024314, 0.182909, 0.000000, 0.000000, 0.000000, 1.000000, -0.997120, 0.075263, 0.009374, 0.028078, 0.008398, -0.013266, 0.999877, -0.102111, 0.075378, 0.997075, 0.012596, 0.011737, 0.000000, 0.000000, 0.000000, 1.000000
-24.9926, -53.4476, 17.0805, 229.4688, 251.4629, 53.4473, 182.9121, 28.0757, -102.1113, 11.7380, 0.871498, 0.490117, 0.016647, -0.053448, -0.490391, 0.871173, 0.023954, 0.017080, -0.002763, -0.029040, 0.999574, 0.229469, 0.000000, 0.000000, 0.000000, 1.000000, -0.002591, -0.029347, 0.999566, 0.251463, -0.871498, -0.490116, -0.016649, 0.053447, 0.490392, -0.871163, -0.024306, 0.182912, 0.000000, 0.000000, 0.000000, 1.000000, -0.997120, 0.075263, 0.009372, 0.028076, 0.008397, -0.013269, 0.999877, -0.102111, 0.075378, 0.997075, 0.012598, 0.011738, 0.000000, 0.000000, 0.000000, 1.000000
-24.9859, -53.4301, 17.0717, 229.4650, 251.4591, 53.4298, 182.9209, 28.0691, -102.1118, 11.7411, 0.871554, 0.490017, 0.016637, -0.053430, -0.490292, 0.871230, 0.023936, 0.017072, -0.002766, -0.029019, 0.999575, 0.229465, 0.000000, 0.000000, 0.000000, 1.000000, -0.002594, -0.029326, 0.999567, 0.251459, -0.871554, -0.490017, -0.016639, 0.053430, 0.490293, -0.871219, -0.024288, 0.182921, 0.000000, 0.000000, 0.000000, 1.000000, -0.997120, 0.075264, 0.009369, 0.028069, 0.008393, -0.013274, 0.999877, -0.102112, 0.075379, 0.997075, 0.012604, 0.011741, 0.000000, 0.000000, 0.000000, 1.000000
-24.9859, -53.4301, 17.0717, 229.4650, 251.4591, 53.4298, 182.9209, 28.0691, -102.1118, 11.7411, 0.871554, 0.490017, 0.016637, -0.053430, -0.490292, 0.871230, 0.023936, 0.017072, -0.002766, -0.029019, 0.999575, 0.229465, 0.000000, 0.000000, 0.000000, 1.000000, -0.002594, -0.029326, 0.999567, 0.251459, -0.871554, -0.490017, -0.016639, 0.053430, 0.490293, -0.871219, -0.024288, 0.182921, 0.000000, 0.000000, 0.000000, 1.000000, -0.997120, 0.075264, 0.009369, 0.028069, 0.008393, -0.013274, 0.999877, -0.102112, 0.075379, 0.997075, 0.012604, 0.011741, 0.000000, 0.000000, 0.000000, 1.000000
-24.9816, -53.4188, 17.0663, 229.4627, 251.4567, 53.4185, 182.9264, 28.0649, -102.1121, 11.7431, 0.871590, 0.489953, 0.016630, -0.053419, -0.490227, 0.871266, 0.023925, 0.017066, -0.002767, -0.029006, 0.999575, 0.229463, 0.000000, 0.000000, 0.000000, 1.000000, -0.002596, -0.029313, 0.999567, 0.251457, -0.871590, -0.489953, -0.016632, 0.053418, 0.490228, -0.871256, -0.024277, 0.182926, 0.000000, 0.000000, 0.000000, 1.000000, -0.997120, 0.075265, 0.009367, 0.028065, 0.008391, -0.013278, 0.999877, -0.102112, 0.075380, 0.997075, 0.012608, 0.011743, 0.000000, 0.000000, 0.000000, 1.000000
-24.9792, -53.4124, 17.0633, 229.4614, 251.4554, 53.4121, 182.9295, 28.0625, -102.1123, 11.7443, 0.871611, 0.489917, 0.016627, -0.053412, -0.490191, 0.871287, 0.023919, 0.017063, -0.002768, -0.028999, 0.999576, 0.229461, 0.000000, 0.000000, 0.000000, 1.000000, -0.002597, -0.029306, 0.999567, 0.251455, -0.871611, -0.489917, -0.016628, 0.053412, 0.490192, -0.871277, -0.024271, 0.182930, 0.000000, 0.000000, 0.000000, 1.000000, -0.997120, 0.075265, 0.009366, 0.028062, 0.008390, -0.013280, 0.999877, -0.102112, 0.075380, 0.997075, 0.012610, 0.011744, 0.000000, 0.000000, 0.000000, 1.000000
-24.9738, -53.3982, 17.0566, 229.4585, 251.4526, 53.3979, 182.9363, 28.0572, -102.1126, 11.7469, 0.871656, 0.489836, 0.016619, -0.053398, -0.490110, 0.871333, 0.023906, 0.017057, -0.002770, -0.028983, 0.999576, 0.229459, 0.000000, 0.000000, 0.000000, 1.000000, -0.002599, -0.029290, 0.999568, 0.251453, -0.871656, -0.489836, -0.016620, 0.053398, 0.490111, -0.871322, -0.024257, 0.182936, 0.000000, 0.000000, 0.000000, 1.000000, -0.997120, 0.075266, 0.009363, 0.028057, 0.008387, -0.013284, 0.999877, -0.102113, 0.075381, 0.997075, 0.012615, 0.011747, 0.000000, 0.000000, 0.000000, 1.000000
-24.9676, -53.3820, 17.0491, 229.4553, 251.4494, 53.3816, 182.9439, 28.0511, -102.1130, 11.7498, 0.871708, 0.489744, 0.016609, -0.053382, -0.490018, 0.871385, 0.023891, 0.017049, -0.002772, -0.028965, 0.999577, 0.229455, 0.000000, 0.000000, 0.000000, 1.000000, -0.002602, -0.029271, 0.999568, 0.251449, -0.871708, -0.489744, -0.016611, 0.053382, 0.490019, -0.871375, -0.024242, 0.182944, 0.000000, 0.000000, 0.000000, 1.000000, -0.997119, 0.075267, 0.009360, 0.028051, 0.008383, -0.013289, 0.999877, -0.102113, 0.075382, 0.997075, 0.012620, 0.011750, 0.000000, 0.000000, 0.000000, 1.000000
-24.9642, -53.3730, 17.0449, 229.4535, 251.4476, 53.3727, 182.9481, 28.0478, -102.1132, 11.7515, 0.871736, 0.489694, 0.016604, -0.053373, -0.489967, 0.871414, 0.023883, 0.017045, -0.002774, -0.028955, 0.999577, 0.229454, 0.000000, 0.000000, 0.000000, 1.000000, -0.002603, -0.029261, 0.999568, 0.251448, -0.871736, -0.489694, -0.016605, 0.053373, 0.489968, -0.871403, -0.024233, 0.182948, 0.000000, 0.000000, 0.000000, 1.000000, -0.997119, 0.075268, 0.009359, 0.028048, 0.008381, -0.013292, 0.999877, -0.102113, 0.075383, 0.997075, 0.012623, 0.011751, 0.000000, 0.000000, 0.000000, 1.000000
-24.9567, -53.3535, 17.0359, 229.4497, 251.4438, 53.3532, 182.9572, 28.0405, -102.1136, 11.7550, 0.871798, 0.489584, 0.016593, -0.053354, -0.489857, 0.871476, 0.023865, 0.017036, -0.002776, -0.028934, 0.999577, 0.229450, 0.000000, 0.000000, 0.000000, 1.000000, -0.002606, -0.029239, 0.999569, 0.251444, -0.871798, -0.489584, -0.016594, 0.053353, 0.489858, -0.871466, -0.024215, 0.182957, 0.000000, 0.000000, 0.000000, 1.000000, -0.997119, 0.075269, 0.009355, 0.028041, 0.008377, -0.013298, 0.999876, -0.102114, 0.075384, 0.997075, 0.012630, 0.011755, 0.000000, 0.000000, 0.000000, 1.000000
-24.9527, -53.3429, 17.0310, 229.4476, 251.4417, 53.3426, 182.9621, 28.0366, -102.1139, 11.7569, 0.871832, 0.489524, 0.016587, -0.053343, -0.489797, 0.871510, 0.023855, 0.017031, -0.002778, -0.028922, 0.999578, 0.229448, 0.000000, 0.000000, 0.000000, 1.000000, -0.002608, -0.029228, 0.999569, 0.251442, -0.871832, -0.489524, -0.016588, 0.053343, 0.489798, -0.871500, -0.024205, 0.182962, 0.000000, 0.000000, 0.000000, 1.000000, -0.997119, 0.075270, 0.009353, 0.028037, 0.008375, -0.013302, 0.999876, -0.102114, 0.075385, 0.997074, 0.012633, 0.011757, 0.000000, 0.000000, 0.000000, 1.000000
-24.9343, -53.2947, 17.0087, 229.4382, 251.4323, 53.2944, 182.9847, 28.0186, -102.1150, 11.7657, 0.871986, 0.489251, 0.016560, -0.053295, -0.489524, 0.871665, 0.023811, 0.017009, -0.002785, -0.028869, 0.999579, 0.229438, 0.000000, 0.000000, 0.000000, 1.000000, -0.002615, -0.029174, 0.999571, 0.251432, -0.871986, -0.489251, -0.016561, 0.053294, 0.489525, -0.871655, -0.024159, 0.182985, 0.000000, 0.000000, 0.000000, 1.000000, -0.997119, 0.075273, 0.009344, 0.028019, 0.008365, -0.013317, 0.999876, -0.102115, 0.075388, 0.997074, 0.012649, 0.011766, 0.000000, 0.000000, 0.000000, 1.000000
-24.9292, -53.2813, 17.0025, 229.4356, 251.4297, 53.2810, 182.9910, 28.0136, -102.1153, 11.7681, 0.872028, 0.489176, 0.016552, -0.053281, -0.489448, 0.871708, 0.023798, 0.017002, -0.002787, -0.028854, 0.999580, 0.229436, 0.000000, 0.000000, 0.000000, 1.000000, -0.002618, -0.029159, 0.999571, 0.251430, -0.872028, -0.489176, -0.016553, 0.053281, 0.489449, -0.871698, -0.024147, 0.182991, 0.000000, 0.000000, 0.000000, 1.000000, -0.997119, 0.075274, 0.009342, 0.028014, 0.008362, -0.013321, 0.999876, -0.102115, 0.075389, 0.997074, 0.012653, 0.011768, 0.000000, 0.000000, 0.000000, 1.000000
-24.9184, -53.2534, 16.9927, 229.4312, 251.4254, 53.2530, 183.0008, 28.0034, -102.1155, 11.7734, 0.872117, 0.489018, 0.016536, -0.053253, -0.489290, 0.871797, 0.023780, 0.016993, -0.002787, -0.028829, 0.999580, 0.229431, 0.000000, 0.000000, 0.000000, 1.000000, -0.002618, -0.029134, 0.999572, 0.251425, -0.872117, -0.489018, -0.016537, 0.053253, 0.489290, -0.871787, -0.024128, 0.183001, 0.000000, 0.000000, 0.000000, 1.000000, -0.997119, 0.075275, 0.009337, 0.028003, 0.008356, -0.013330, 0.999876, -0.102116, 0.075391, 0.997074, 0.012663, 0.011773, 0.000000, 0.000000, 0.000000, 1.000000
-24.9068, -53.2237, 16.9849, 229.4275, 251.4217, 53.2234, 183.0087, 27.9927, -102.1155, 11.7793, 0.872211, 0.488851, 0.016518, -0.053224, -0.489122, 0.871891, 0.023766, 0.016985, -0.002784, -0.028808, 0.999581, 0.229428, 0.000000, 0.000000, 0.000000, 1.000000, -0.002615, -0.029113, 0.999573, 0.251422, -0.872211, -0.488851, -0.016520, 0.053223, 0.489123, -0.871881, -0.024114, 0.183009, 0.000000, 0.000000, 0.000000, 1.000000, -0.997119, 0.075277, 0.009331, 0.027993, 0.008350, -0.013339, 0.999876, -0.102115, 0.075393, 0.997073, 0.012672, 0.011779, 0.000000, 0.000000, 0.000000, 1.000000
-24.9006, -53.2080, 16.9803, 229.4254, 251.4196, 53.2077, 183.0133, 27.9871, -102.1155, 11.7824, 0.872260, 0.488763, 0.016509, -0.053208, -0.489034, 0.871941, 0.023758, 0.016980, -0.002783, -0.028796, 0.999581, 0.229425, 0.000000, 0.000000, 0.000000, 1.000000, -0.002614, -0.029101, 0.999573, 0.251420, -0.872260, -0.488763, -0.016511, 0.053208, 0.489035, -0.871931, -0.024106, 0.183013, 0.000000, 0.000000, 0.000000, 1.000000, -0.997119, 0.075278, 0.009328, 0.027987, 0.008347, -0.013344, 0.999876, -0.102115, 0.075394, 0.997073, 0.012678, 0.011782, 0.000000, 0.000000, 0.000000, 1.000000
-24.8812, -53.1578, 16.9640, 229.4182, 251.4123, 53.1575, 183.0296, 27.9689, -102.1158, 11.7920, 0.872419, 0.488480, 0.016480, -0.053158, -0.488750, 0.872101, 0.023727, 0.016964, -0.002782, -0.028755, 0.999583, 0.229418, 0.000000, 0.000000, 0.000000, 1.000000, -0.002613, -0.029059, 0.999574, 0.251412, -0.872419, -0.488480, -0.016482, 0.053158, 0.488751, -0.872091, -0.024075, 0.183030, 0.000000, 0.000000, 0.000000, 1.000000, -0.997119, 0.075282, 0.009319, 0.027969, 0.008336, -0.013360, 0.999876, -0.102116, 0.075397, 0.997073, 0.012694, 0.011792, 0.000000, 0.000000, 0.000000, 1.000000
-24.8812, -53.1578, 16.9640, 229.4182, 251.4123, 53.1575, 183.0296, 27.9689, -102.1158, 11.7920, 0.872419, 0.488480, 0.016480, -0.053158, -0.488750, 0.872101, 0.023727, 0.016964, -0.002782, -0.028755, 0.999583, 0.229418, 0.000000, 0.000000, 0.000000, 1.000000, -0.002613, -0.029059, 0.999574, 0.251412, -0.872419, -0.488480, -0.016482, 0.053158, 0.488751, -0.872091, -0.024075, 0.183030, 0.000000, 0.000000, 0.000000, 1.000000, -0.997119, 0.075282, 0.009319, 0.027969, 0.008336, -0.013360, 0.999876, -0.102116, 0.075397, 0.997073, 0.012694, 0.011792, 0.000000, 0.000000, 0.000000, 1.000000
-24.8672, -53.1218, 16.9511, 229.4125, 251.4067, 53.1215, 183.0426, 27.9557, -102.1161, 11.7989, 0.872533, 0.488277, 0.016460, -0.053122, -0.488547, 0.872216, 0.023703, 0.016951, -0.002783, -0.028723, 0.999584, 0.229413, 0.000000, 0.000000, 0.000000, 1.000000, -0.002615, -0.029027, 0.999575, 0.251407, -0.872533, -0.488277, -0.016461, 0.053121, 0.488548, -0.872206, -0.024050, 0.183043, 0.000000, 0.000000, 0.000000, 1.000000, -0.997119, 0.075284, 0.009312, 0.027956, 0.008328, -0.013372, 0.999876, -0.102116, 0.075399, 0.997072, 0.012706, 0.011799, 0.000000, 0.000000, 0.000000, 1.000000
-24.8600, -53.1030, 16.9439, 229.4095, 251.4037, 53.1027, 183.0498, 27.9488, -102.1164, 11.8024, 0.872593, 0.488172, 0.016449, -0.053103, -0.488441, 0.872275, 0.023689, 0.016944, -0.002784, -0.028705, 0.999584, 0.229409, 0.000000, 0.000000, 0.000000, 1.000000, -0.002616, -0.029009, 0.999576, 0.251404, -0.872593, -0.488172, -0.016451, 0.053103, 0.488442, -0.872265, -0.024036, 0.183050, 0.000000, 0.000000, 0.000000, 1.000000, -0.997119, 0.075285, 0.009309, 0.027949, 0.008324, -0.013378, 0.999876, -0.102116, 0.075400, 0.997072, 0.012712, 0.011802, 0.000000, 0.000000, 0.000000, 1.000000
-24.8373, -53.0438, 16.9201, 229.3994, 251.3936, 53.0435, 183.0738, 27.9270, -102.1173, 11.8134, 0.872780, 0.487838, 0.016416, -0.053044, -0.488106, 0.872464, 0.023642, 0.016920, -0.002789, -0.028647, 0.999586, 0.229399, 0.000000, 0.000000, 0.000000, 1.000000, -0.002621, -0.028951, 0.999577, 0.251394, -0.872780, -0.487838, -0.016418, 0.053043, 0.488107, -0.872454, -0.023989, 0.183074, 0.000000, 0.000000, 0.000000, 1.000000, -0.997118, 0.075289, 0.009298, 0.027927, 0.008312, -0.013396, 0.999876, -0.102117, 0.075404, 0.997072, 0.012732, 0.011813, 0.000000, 0.000000, 0.000000, 1.000000
-24.8215, -53.0027, 16.9057, 229.3931, 251.3873, 53.0024, 183.0882, 27.9120, -102.1177, 11.8211, 0.872909, 0.487607, 0.016393, -0.053003, -0.487874, 0.872594, 0.023615, 0.016906, -0.002790, -0.028611, 0.999587, 0.229393, 0.000000, 0.000000, 0.000000, 1.000000, -0.002622, -0.028915, 0.999578, 0.251387, -0.872909, -0.487607, -0.016394, 0.053002, 0.487875, -0.872584, -0.023961, 0.183088, 0.000000, 0.000000, 0.000000, 1.000000, -0.997118, 0.075292, 0.009290, 0.027912, 0.008303, -0.013409, 0.999876, -0.102118, 0.075407, 0.997071, 0.012745, 0.011821, 0.000000, 0.000000, 0.000000, 1.000000
-24.8134, -52.9824, 16.9030, 229.3916, 251.3858, 52.9821, 183.0908, 27.9049, -102.1173, 11.8254, 0.872973, 0.487493, 0.016381, -0.052982, -0.487760, 0.872658, 0.023611, 0.016903, -0.002784, -0.028602, 0.999587, 0.229392, 0.000000, 0.000000, 0.000000, 1.000000, -0.002616, -0.028906, 0.999579, 0.251386, -0.872973, -0.487493, -0.016382, 0.052982, 0.487761, -0.872648, -0.023958, 0.183091, 0.000000, 0.000000, 0.000000, 1.000000, -0.997118, 0.075293, 0.009286, 0.027905, 0.008299, -0.013416, 0.999876, -0.102117, 0.075408, 0.997071, 0.012752, 0.011825, 0.000000, 0.000000, 0.000000, 1.000000
-24.7968, -52.9406, 16.8958, 229.3879, 251.3821, 52.9403, 183.0980, 27.8902, -102.1167, 11.8339, 0.873104, 0.487259, 0.016356, -0.052941, -0.487525, 0.872790, 0.023601, 0.016896, -0.002776, -0.028580, 0.999588, 0.229388, 0.000000, 0.000000, 0.000000, 1.000000, -0.002608, -0.028884, 0.999579, 0.251382, -0.873104, -0.487259, -0.016358, 0.052940, 0.487526, -0.872780, -0.023948, 0.183098, 0.000000, 0.000000, 0.000000, 1.000000, -0.997118, 0.075296, 0.009278, 0.027890, 0.008290, -0.013429, 0.999875, -0.102117, 0.075411, 0.997071, 0.012766, 0.011834, 0.000000, 0.000000, 0.000000, 1.000000
-24.7884, -52.9191, 16.8911, 229.3856, 251.3798, 52.9188, 183.1026, 27.8825, -102.1166, 11.8382, 0.873172, 0.487138, 0.016344, -0.052919, -0.487405, 0.872857, 0.023593, 0.016891, -0.002773, -0.028567, 0.999588, 0.229386, 0.000000, 0.000000, 0.000000, 1.000000, -0.002605, -0.028871, 0.999580, 0.251380, -0.873172, -0.487138, -0.016345, 0.052919, 0.487405, -0.872848, -0.023940, 0.183103, 0.000000, 0.000000, 0.000000, 1.000000, -0.997118, 0.075297, 0.009274, 0.027883, 0.008285, -0.013435, 0.999875, -0.102117, 0.075412, 0.997071, 0.012773, 0.011838, 0.000000, 0.000000, 0.000000, 1.000000
-24.7711, -52.8751, 16.8799, 229.3805, 251.3747, 52.8747, 183.1137, 27.8668, -102.1165, 11.8469, 0.873310, 0.486891, 0.016319, -0.052875, -0.487157, 0.872996, 0.023573, 0.016880, -0.002769, -0.028536, 0.999589, 0.229380, 0.000000, 0.000000, 0.000000, 1.000000, -0.002601, -0.028841, 0.999581, 0.251375, -0.873310, -0.486891, -0.016320, 0.052875, 0.487158, -0.872986, -0.023921, 0.183114, 0.000000, 0.000000, 0.000000, 1.000000, -0.997118, 0.075300, 0.009266, 0.027867, 0.008276, -0.013449, 0.999875, -0.102116, 0.075415, 0.997070, 0.012787, 0.011847, 0.000000, 0.000000, 0.000000, 1.000000
-24.7624, -52.8525, 16.8733, 229.3776, 251.3718, 52.8522, 183.1203, 27.8586, -102.1165, 11.8512, 0.873381, 0.486765, 0.016306, -0.052853, -0.487030, 0.873067, 0.023561, 0.016873, -0.002768, -0.028519, 0.999589, 0.229378, 0.000000, 0.000000, 0.000000, 1.000000, -0.002599, -0.028824, 0.999581, 0.251372, -0.873381, -0.486765, -0.016308, 0.052852, 0.487031, -0.873058, -0.023909, 0.183120, 0.000000, 0.000000, 0.000000, 1.000000, -0.997118, 0.075301, 0.009262, 0.027859, 0.008271, -0.013456, 0.999875, -0.102117, 0.075417, 0.997070, 0.012795, 0.011851, 0.000000, 0.000000, 0.000000, 1.000000
-24.7446, -52.8064, 16.8582, 229.3711, 251.3652, 52.8061, 183.1353, 27.8419, -102.1168, 11.8600, 0.873526, 0.486506, 0.016280, -0.052806, -0.486770, 0.873213, 0.023532, 0.016858, -0.002768, -0.028481, 0.999591, 0.229371, 0.000000, 0.000000, 0.000000, 1.000000, -0.002599, -0.028786, 0.999582, 0.251365, -0.873526, -0.486506, -0.016282, 0.052806, 0.486771, -0.873203, -0.023881, 0.183135, 0.000000, 0.000000, 0.000000, 1.000000, -0.997118, 0.075304, 0.009253, 0.027842, 0.008261, -0.013471, 0.999875, -0.102117, 0.075420, 0.997070, 0.012810, 0.011860, 0.000000, 0.000000, 0.000000, 1.000000
-24.7355, -52.7829, 16.8497, 229.3675, 251.3617, 52.7826, 183.1438, 27.8333, -102.1171, 11.8644, 0.873600, 0.486374, 0.016267, -0.052783, -0.486638, 0.873287, 0.023516, 0.016850, -0.002769, -0.028460, 0.999591, 0.229367, 0.000000, 0.000000, 0.000000, 1.000000, -0.002600, -0.028765, 0.999583, 0.251362, -0.873599, -0.486374, -0.016269, 0.052783, 0.486639, -0.873277, -0.023864, 0.183144, 0.000000, 0.000000, 0.000000, 1.000000, -0.997118, 0.075306, 0.009249, 0.027833, 0.008256, -0.013478, 0.999875, -0.102117, 0.075421, 0.997069, 0.012818, 0.011864, 0.000000, 0.000000, 0.000000, 1.000000
-24.6987, -52.6864, 16.8101, 229.3511, 251.3453, 52.6861, 183.1833, 27.7977, -102.1187, 11.8822, 0.873903, 0.485831, 0.016215, -0.052686, -0.486093, 0.873593, 0.023437, 0.016810, -0.002779, -0.028364, 0.999594, 0.229351, 0.000000, 0.000000, 0.000000, 1.000000, -0.002610, -0.028669, 0.999586, 0.251345, -0.873903, -0.485831, -0.016216, 0.052686, 0.486094, -0.873583, -0.023786, 0.183183, 0.000000, 0.000000, 0.000000, 1.000000, -0.997117, 0.075312, 0.009231, 0.027798, 0.008236, -0.013509, 0.999875, -0.102119, 0.075427, 0.997069, 0.012849, 0.011882, 0.000000, 0.000000, 0.000000, 1.000000
-24.6894, -52.6618, 16.7989, 229.3465, 251.3407, 52.6615, 183.1945, 27.7885, -102.1193, 11.8866, 0.873980, 0.485692, 0.016202, -0.052662, -0.485954, 0.873671, 0.023415, 0.016799, -0.002783, -0.028337, 0.999595, 0.229347, 0.000000, 0.000000, 0.000000, 1.000000, -0.002614, -0.028643, 0.999586, 0.251341, -0.873980, -0.485692, -0.016203, 0.052661, 0.485955, -0.873661, -0.023764, 0.183194, 0.000000, 0.000000, 0.000000, 1.000000, -0.997117, 0.075313, 0.009226, 0.027789, 0.008231, -0.013516, 0.999875, -0.102119, 0.075429, 0.997068, 0.012857, 0.011887, 0.000000, 0.000000, 0.000000, 1.000000
-24.6707, -52.6127, 16.7787, 229.3382, 251.3324, 52.6124, 183.2146, 27.7704, -102.1202, 11.8956, 0.874134, 0.485416, 0.016175, -0.052613, -0.485677, 0.873826, 0.023374, 0.016779, -0.002788, -0.028288, 0.999596, 0.229338, 0.000000, 0.000000, 0.000000, 1.000000, -0.002619, -0.028594, 0.999588, 0.251332, -0.874134, -0.485416, -0.016176, 0.052612, 0.485678, -0.873816, -0.023724, 0.183215, 0.000000, 0.000000, 0.000000, 1.000000, -0.997117, 0.075317, 0.009217, 0.027770, 0.008221, -0.013532, 0.999875, -0.102120, 0.075432, 0.997068, 0.012873, 0.011896, 0.000000, 0.000000, 0.000000, 1.000000
-24.6613, -52.5888, 16.7730, 229.3356, 251.3298, 52.5885, 183.2202, 27.7619, -102.1201, 11.9003, 0.874208, 0.485282, 0.016161, -0.052589, -0.485543, 0.873901, 0.023364, 0.016773, -0.002785, -0.028272, 0.999596, 0.229336, 0.000000, 0.000000, 0.000000, 1.000000, -0.002617, -0.028579, 0.999588, 0.251330, -0.874208, -0.485282, -0.016163, 0.052588, 0.485544, -0.873891, -0.023714, 0.183220, 0.000000, 0.000000, 0.000000, 1.000000, -0.997117, 0.075318, 0.009213, 0.027762, 0.008216, -0.013539, 0.999875, -0.102120, 0.075433, 0.997068, 0.012881, 0.011900, 0.000000, 0.000000, 0.000000, 1.000000
-24.6426, -52.5406, 16.7595, 229.3296, 251.3238, 52.5402, 183.2335, 27.7446, -102.1201, 11.9096, 0.874359, 0.485012, 0.016135, -0.052541, -0.485272, 0.874052, 0.023339, 0.016760, -0.002783, -0.028237, 0.999597, 0.229330, 0.000000, 0.000000, 0.000000, 1.000000, -0.002614, -0.028544, 0.999589, 0.251324, -0.874359, -0.485012, -0.016136, 0.052540, 0.485273, -0.874042, -0.023690, 0.183233, 0.000000, 0.000000, 0.000000, 1.000000, -0.997117, 0.075321, 0.009204, 0.027745, 0.008205, -0.013554, 0.999874, -0.102120, 0.075436, 0.997067, 0.012897, 0.011910, 0.000000, 0.000000, 0.000000, 1.000000
-24.6332, -52.5163, 16.7518, 229.3263, 251.3205, 52.5160, 183.2412, 27.7357, -102.1203, 11.9142, 0.874435, 0.484875, 0.016121, -0.052516, -0.485135, 0.874128, 0.023325, 0.016752, -0.002782, -0.028217, 0.999598, 0.229326, 0.000000, 0.000000, 0.000000, 1.000000, -0.002613, -0.028524, 0.999590, 0.251320, -0.874435, -0.484875, -0.016123, 0.052516, 0.485136, -0.874118, -0.023676, 0.183241, 0.000000, 0.000000, 0.000000, 1.000000, -0.997117, 0.075323, 0.009199, 0.027736, 0.008200, -0.013562, 0.999874, -0.102120, 0.075438, 0.997067, 0.012905, 0.011914, 0.000000, 0.000000, 0.000000, 1.000000
-24.6145, -52.4674, 16.7342, 229.3190, 251.3131, 52.4671, 183.2585, 27.7179, -102.1208, 11.9233, 0.874587, 0.484601, 0.016095, -0.052467, -0.484860, 0.874282, 0.023290, 0.016734, -0.002785, -0.028173, 0.999599, 0.229319, 0.000000, 0.000000, 0.000000, 1.000000, -0.002615, -0.028481, 0.999591, 0.251313, -0.874587, -0.484601, -0.016096, 0.052467, 0.484861, -0.874272, -0.023642, 0.183259, 0.000000, 0.000000, 0.000000, 1.000000, -0.997117, 0.075326, 0.009190, 0.027718, 0.008190, -0.013577, 0.999874, -0.102121, 0.075441, 0.997067, 0.012921, 0.011923, 0.000000, 0.000000, 0.000000, 1.000000
-24.5958, -52.4183, 16.7142, 229.3107, 251.3049, 52.4180, 183.2784, 27.6998, -102.1217, 11.9323, 0.874741, 0.484325, 0.016068, -0.052418, -0.484583, 0.874436, 0.023250, 0.016714, -0.002790, -0.028124, 0.999601, 0.229311, 0.000000, 0.000000, 0.000000, 1.000000, -0.002620, -0.028433, 0.999592, 0.251305, -0.874741, -0.484325, -0.016070, 0.052418, 0.484584, -0.874426, -0.023603, 0.183278, 0.000000, 0.000000, 0.000000, 1.000000, -0.997116, 0.075329, 0.009181, 0.027700, 0.008180, -0.013592, 0.999874, -0.102122, 0.075444, 0.997066, 0.012937, 0.011932, 0.000000, 0.000000, 0.000000, 1.000000
-24.5864, -52.3937, 16.7033, 229.3063, 251.3005, 52.3933, 183.2892, 27.6906, -102.1222, 11.9367, 0.874818, 0.484186, 0.016055, -0.052394, -0.484445, 0.874514, 0.023228, 0.016703, -0.002794, -0.028098, 0.999601, 0.229306, 0.000000, 0.000000, 0.000000, 1.000000, -0.002624, -0.028408, 0.999593, 0.251301, -0.874818, -0.484186, -0.016057, 0.052393, 0.484445, -0.874504, -0.023581, 0.183289, 0.000000, 0.000000, 0.000000, 1.000000, -0.997116, 0.075331, 0.009177, 0.027691, 0.008175, -0.013600, 0.999874, -0.102122, 0.075446, 0.997066, 0.012945, 0.011937, 0.000000, 0.000000, 0.000000, 1.000000
-24.5864, -52.3937, 16.7033, 229.3063, 251.3005, 52.3933, 183.2892, 27.6906, -102.1222, 11.9367, 0.874818, 0.484186, 0.016055, -0.052394, -0.484445, 0.874514, 0.023228, 0.016703, -0.002794, -0.028098, 0.999601, 0.229306, 0.000000, 0.000000, 0.000000, 1.000000, -0.002624, -0.028408, 0.999593, 0.251301, -0.874818, -0.484186, -0.016057, 0.052393, 0.484445, -0.874504, -0.023581, 0.183289, 0.000000, 0.000000, 0.000000, 1.000000, -0.997116, 0.075331, 0.009177, 0.027691, 0.008175, -0.013600, 0.999874, -0.102122, 0.075446, 0.997066, 0.012945, 0.011937, 0.000000, 0.000000, 0.000000, 1.000000
-24.5679, -52.3445, 16.6800, 229.2970, 251.2911, 52.3441, 183.3124, 27.6723, -102.1235, 11.9454, 0.874971, 0.483910, 0.016029, -0.052344, -0.484167, 0.874669, 0.023180, 0.016680, -0.002803, -0.028043, 0.999603, 0.229297, 0.000000, 0.000000, 0.000000, 1.000000, -0.002633, -0.028353, 0.999595, 0.251291, -0.874971, -0.483910, -0.016031, 0.052344, 0.484168, -0.874659, -0.023534, 0.183312, 0.000000, 0.000000, 0.000000, 1.000000, -0.997116, 0.075334, 0.009168, 0.027672, 0.008164, -0.013616, 0.999874, -0.102124, 0.075449, 0.997065, 0.012961, 0.011945, 0.000000, 0.000000, 0.000000, 1.000000
-24.5405, -52.2710, 16.6415, 229.2817, 251.2759, 52.2706, 183.3507, 27.6446, -102.1259, 11.9581, 0.875201, 0.483496, 0.015991, -0.052271, -0.483752, 0.874900, 0.023100, 0.016641, -0.002822, -0.027953, 0.999605, 0.229282, 0.000000, 0.000000, 0.000000, 1.000000, -0.002651, -0.028264, 0.999597, 0.251276, -0.875201, -0.483496, -0.015992, 0.052271, 0.483753, -0.874890, -0.023455, 0.183351, 0.000000, 0.000000, 0.000000, 1.000000, -0.997116, 0.075338, 0.009154, 0.027645, 0.008149, -0.013638, 0.999874, -0.102126, 0.075454, 0.997065, 0.012985, 0.011958, 0.000000, 0.000000, 0.000000, 1.000000
-24.5224, -52.2227, 16.6172, 229.2721, 251.2662, 52.2224, 183.3747, 27.6265, -102.1273, 11.9665, 0.875351, 0.483224, 0.015966, -0.052223, -0.483480, 0.875052, 0.023050, 0.016617, -0.002832, -0.027896, 0.999607, 0.229272, 0.000000, 0.000000, 0.000000, 1.000000, -0.002662, -0.028207, 0.999599, 0.251266, -0.875351, -0.483224, -0.015967, 0.052222, 0.483481, -0.875042, -0.023405, 0.183375, 0.000000, 0.000000, 0.000000, 1.000000, -0.997116, 0.075341, 0.009145, 0.027626, 0.008139, -0.013653, 0.999874, -0.102127, 0.075457, 0.997064, 0.013001, 0.011966, 0.000000, 0.000000, 0.000000, 1.000000
-24.5045, -52.1752, 16.5947, 229.2630, 251.2571, 52.1749, 183.3971, 27.6088, -102.1286, 11.9748, 0.875499, 0.482957, 0.015941, -0.052175, -0.483212, 0.875201, 0.023003, 0.016595, -0.002842, -0.027842, 0.999608, 0.229263, 0.000000, 0.000000, 0.000000, 1.000000, -0.002671, -0.028155, 0.999600, 0.251257, -0.875499, -0.482957, -0.015942, 0.052175, 0.483213, -0.875191, -0.023360, 0.183397, 0.000000, 0.000000, 0.000000, 1.000000, -0.997116, 0.075344, 0.009137, 0.027609, 0.008129, -0.013668, 0.999874, -0.102129, 0.075460, 0.997064, 0.013016, 0.011975, 0.000000, 0.000000, 0.000000, 1.000000
-24.4957, -52.1517, 16.5827, 229.2582, 251.2524, 52.1514, 183.4090, 27.5999, -102.1293, 11.9789, 0.875572, 0.482825, 0.015928, -0.052152, -0.483079, 0.875275, 0.022979, 0.016583, -0.002847, -0.027814, 0.999609, 0.229258, 0.000000, 0.000000, 0.000000, 1.000000, -0.002676, -0.028127, 0.999601, 0.251252, -0.875572, -0.482825, -0.015930, 0.052151, 0.483080, -0.875265, -0.023335, 0.183409, 0.000000, 0.000000, 0.000000, 1.000000, -0.997116, 0.075346, 0.009133, 0.027600, 0.008124, -0.013676, 0.999873, -0.102129, 0.075461, 0.997064, 0.013024, 0.011979, 0.000000, 0.000000, 0.000000, 1.000000
-24.4870, -52.1282, 16.5704, 229.2533, 251.2475, 52.1279, 183.4212, 27.5911, -102.1301, 11.9829, 0.875645, 0.482693, 0.015916, -0.052128, -0.482946, 0.875349, 0.022953, 0.016570, -0.002853, -0.027785, 0.999610, 0.229253, 0.000000, 0.000000, 0.000000, 1.000000, -0.002682, -0.028098, 0.999602, 0.251247, -0.875645, -0.482692, -0.015917, 0.052128, 0.482947, -0.875339, -0.023310, 0.183421, 0.000000, 0.000000, 0.000000, 1.000000, -0.997116, 0.075347, 0.009128, 0.027591, 0.008120, -0.013683, 0.999873, -0.102130, 0.075462, 0.997063, 0.013032, 0.011983, 0.000000, 0.000000, 0.000000, 1.000000
-24.4697, -52.0816, 16.5446, 229.2432, 251.2373, 52.0813, 183.4468, 27.5734, -102.1318, 11.9908, 0.875790, 0.482430, 0.015892, -0.052082, -0.482683, 0.875496, 0.022898, 0.016545, -0.002866, -0.027725, 0.999611, 0.229243, 0.000000, 0.000000, 0.000000, 1.000000, -0.002695, -0.028039, 0.999603, 0.251237, -0.875790, -0.482430, -0.015893, 0.052081, 0.482684, -0.875486, -0.023256, 0.183447, 0.000000, 0.000000, 0.000000, 1.000000, -0.997115, 0.075350, 0.009120, 0.027573, 0.008110, -0.013697, 0.999873, -0.102132, 0.075465, 0.997063, 0.013047, 0.011991, 0.000000, 0.000000, 0.000000, 1.000000
-24.4611, -52.0584, 16.5311, 229.2379, 251.2320, 52.0581, 183.4602, 27.5646, -102.1327, 11.9946, 0.875862, 0.482299, 0.015880, -0.052058, -0.482552, 0.875569, 0.022870, 0.016531, -0.002874, -0.027694, 0.999612, 0.229238, 0.000000, 0.000000, 0.000000, 1.000000, -0.002702, -0.028008, 0.999604, 0.251232, -0.875862, -0.482299, -0.015881, 0.052058, 0.482553, -0.875559, -0.023228, 0.183460, 0.000000, 0.000000, 0.000000, 1.000000, -0.997115, 0.075351, 0.009116, 0.027565, 0.008105, -0.013705, 0.999873, -0.102133, 0.075467, 0.997063, 0.013054, 0.011995, 0.000000, 0.000000, 0.000000, 1.000000
-24.4442, -52.0126, 16.5034, 229.2270, 251.2212, 52.0123, 183.4877, 27.5471, -102.1347, 12.0022, 0.876005, 0.482041, 0.015857, -0.052013, -0.482293, 0.875713, 0.022811, 0.016503, -0.002890, -0.027630, 0.999614, 0.229227, 0.000000, 0.000000, 0.000000, 1.000000, -0.002718, -0.027945, 0.999606, 0.251221, -0.876005, -0.482041, -0.015858, 0.052012, 0.482294, -0.875703, -0.023170, 0.183488, 0.000000, 0.000000, 0.000000, 1.000000, -0.997115, 0.075354, 0.009107, 0.027547, 0.008096, -0.013719, 0.999873, -0.102135, 0.075470, 0.997062, 0.013069, 0.012002, 0.000000, 0.000000, 0.000000, 1.000000
-24.4359, -51.9899, 16.4892, 229.2215, 251.2156, 51.9896, 183.5019, 27.5383, -102.1358, 12.0058, 0.876076, 0.481913, 0.015845, -0.051990, -0.482164, 0.875784, 0.022781, 0.016489, -0.002899, -0.027598, 0.999615, 0.229221, 0.000000, 0.000000, 0.000000, 1.000000, -0.002726, -0.027913, 0.999607, 0.251216, -0.876076, -0.481913, -0.015847, 0.051990, 0.482166, -0.875774, -0.023140, 0.183502, 0.000000, 0.000000, 0.000000, 1.000000, -0.997115, 0.075356, 0.009103, 0.027538, 0.008091, -0.013726, 0.999873, -0.102136, 0.075471, 0.997062, 0.013077, 0.012006, 0.000000, 0.000000, 0.000000, 1.000000
-24.4034, -51.9009, 16.4305, 229.1986, 251.1928, 51.9006, 183.5603, 27.5040, -102.1402, 12.0200, 0.876353, 0.481410, 0.015800, -0.051901, -0.481661, 0.876065, 0.022655, 0.016431, -0.002936, -0.027464, 0.999618, 0.229199, 0.000000, 0.000000, 0.000000, 1.000000, -0.002763, -0.027781, 0.999610, 0.251193, -0.876353, -0.481410, -0.015802, 0.051901, 0.481662, -0.876055, -0.023016, 0.183560, 0.000000, 0.000000, 0.000000, 1.000000, -0.997115, 0.075361, 0.009088, 0.027504, 0.008073, -0.013754, 0.999873, -0.102140, 0.075477, 0.997061, 0.013106, 0.012020, 0.000000, 0.000000, 0.000000, 1.000000
-24.3956, -51.8792, 16.4156, 229.1928, 251.1870, 51.8789, 183.5751, 27.4956, -102.1414, 12.0234, 0.876420, 0.481288, 0.015789, -0.051879, -0.481538, 0.876133, 0.022623, 0.016416, -0.002945, -0.027430, 0.999619, 0.229193, 0.000000, 0.000000, 0.000000, 1.000000, -0.002773, -0.027747, 0.999611, 0.251187, -0.876420, -0.481288, -0.015791, 0.051879, 0.481539, -0.876123, -0.022984, 0.183575, 0.000000, 0.000000, 0.000000, 1.000000, -0.997115, 0.075362, 0.009084, 0.027496, 0.008069, -0.013760, 0.999873, -0.102141, 0.075478, 0.997061, 0.013113, 0.012023, 0.000000, 0.000000, 0.000000, 1.000000
-24.3801, -51.8372, 16.3891, 229.1824, 251.1765, 51.8368, 183.6015, 27.4794, -102.1434, 12.0302, 0.876551, 0.481050, 0.015768, -0.051837, -0.481300, 0.876266, 0.022566, 0.016389, -0.002961, -0.027370, 0.999621, 0.229182, 0.000000, 0.000000, 0.000000, 1.000000, -0.002788, -0.027687, 0.999613, 0.251177, -0.876551, -0.481050, -0.015769, 0.051837, 0.481301, -0.876256, -0.022928, 0.183601, 0.000000, 0.000000, 0.000000, 1.000000, -0.997115, 0.075365, 0.009076, 0.027479, 0.008060, -0.013774, 0.999873, -0.102143, 0.075480, 0.997061, 0.013126, 0.012030, 0.000000, 0.000000, 0.000000, 1.000000
