# Joint_B_Angle(deg), Cam_X(mm), Cam_Y(mm), Cam_Z(mm), Torso_X(mm), Torso_Y(mm), Torso_Z(mm), EE_X(mm), EE_Y(mm), EE_Z(mm), T_cam2marker_flat(16), T_torso2marker_flat(16), T_ee2marker_flat(16)
-14.9992, -46.9058, -83.6438, 316.9916, 386.0300, 55.9056, 340.6180, 16.3503, -36.8249, -61.8690, 0.349746, 0.915866, -0.197149, -0.046906, -0.936755, 0.344794, -0.060061, -0.083644, 0.012968, 0.205686, 0.978532, 0.316992, 0.000000, 0.000000, 0.000000, 1.000000, 0.013223, 0.205591, 0.978549, 0.386030, -0.349746, -0.915866, 0.197148, 0.055906, 0.936751, -0.344850, 0.059794, 0.340618, 0.000000, 0.000000, 0.000000, 1.000000, -0.999760, 0.021750, 0.002436, 0.016350, 0.000954, -0.067888, 0.997693, -0.036825, 0.021865, 0.997456, 0.067851, -0.061869, 0.000000, 0.000000, 0.000000, 1.000000
-14.9992, -46.9049, -83.6506, 316.9876, 386.0260, 55.9046, 340.6247, 16.3503, -36.8249, -61.8690, 0.349750, 0.915864, -0.197150, -0.046905, -0.936754, 0.344795, -0.060078, -0.083651, 0.012953, 0.205693, 0.978531, 0.316988, 0.000000, 0.000000, 0.000000, 1.000000, 0.013208, 0.205598, 0.978547, 0.386026, -0.349750, -0.915864, 0.197149, 0.055905, 0.936750, -0.344851, 0.059811, 0.340625, 0.000000, 0.000000, 0.000000, 1.000000, -0.999760, 0.021750, 0.002436, 0.016350, 0.000954, -0.067888, 0.997693, -0.036825, 0.021865, 0.997456, 0.067851, -0.061869, 0.000000, 0.000000, 0.000000, 1.000000
-14.9992, -46.9045, -83.6534, 316.9859, 386.0243, 55.9042, 340.6274, 16.3504, -36.8249, -61.8689, 0.349751, 0.915863, -0.197150, -0.046904, -0.936753, 0.344795, -0.060085, -0.083653, 0.012947, 0.205696, 0.978530, 0.316986, 0.000000, 0.000000, 0.000000, 1.000000, 0.013202, 0.205601, 0.978547, 0.386024, -0.349751, -0.915864, 0.197149, 0.055904, 0.936749, -0.344851, 0.059818, 0.340627, 0.000000, 0.000000, 0.000000, 1.000000, -0.999760, 0.021750, 0.002436, 0.016350, 0.000954, -0.067888, 0.997693, -0.036825, 0.021865, 0.997456, 0.067851, -0.061869, 0.000000, 0.000000, 0.000000, 1.000000
-14.9993, -46.9031, -83.6630, 316.9801, 386.0186, 55.9029, 340.6370, 16.3504, -36.8249, -61.8689, 0.349757, 0.915861, -0.197151, -0.046903, -0.936751, 0.344796, -0.060109, -0.083663, 0.012926, 0.205705, 0.978529, 0.316980, 0.000000, 0.000000, 0.000000, 1.000000, 0.013181, 0.205610, 0.978545, 0.386019, -0.349757, -0.915861, 0.197151, 0.055903, 0.936748, -0.344852, 0.059842, 0.340637, 0.000000, 0.000000, 0.000000, 1.000000, -0.999760, 0.021750, 0.002436, 0.016350, 0.000954, -0.067888, 0.997693, -0.036825, 0.021866, 0.997456, 0.067851, -0.061869, 0.000000, 0.000000, 0.000000, 1.000000
-14.9993, -46.9031, -83.6630, 316.9801, 386.0186, 55.9029, 340.6370, 16.3504, -36.8249, -61.8689, 0.349757, 0.915861, -0.197151, -0.046903, -0.936751, 0.344796, -0.060109, -0.083663, 0.012926, 0.205705, 0.978529, 0.316980, 0.000000, 0.000000, 0.000000, 1.000000, 0.013181, 0.205610, 0.978545, 0.386019, -0.349757, -0.915861, 0.197151, 0.055903, 0.936748, -0.344852, 0.059842, 0.340637, 0.000000, 0.000000, 0.000000, 1.000000, -0.999760, 0.021750, 0.002436, 0.016350, 0.000954, -0.067888, 0.997693, -0.036825, 0.021866, 0.997456, 0.067851, -0.061869, 0.000000, 0.000000, 0.000000, 1.000000
-14.9994, -46.9022, -83.6703, 316.9758, 386.0143, 55.9019, 340.6443, 16.3504, -36.8249, -61.8689, 0.349762, 0.915859, -0.197152, -0.046902, -0.936750, 0.344797, -0.060127, -0.083670, 0.012909, 0.205712, 0.978527, 0.316976, 0.000000, 0.000000, 0.000000, 1.000000, 0.013165, 0.205618, 0.978544, 0.386014, -0.349762, -0.915859, 0.197151, 0.055902, 0.936746, -0.344853, 0.059860, 0.340644, 0.000000, 0.000000, 0.000000, 1.000000, -0.999760, 0.021751, 0.002436, 0.016350, 0.000954, -0.067888, 0.997693, -0.036825, 0.021866, 0.997456, 0.067851, -0.061869, 0.000000, 0.000000, 0.000000, 1.000000
-14.9994, -46.9006, -83.6821, 316.9688, 386.0072, 55.9004, 340.6560, 16.3504, -36.8249, -61.8689, 0.349769, 0.915856, -0.197153, -0.046901, -0.936747, 0.344797, -0.060157, -0.083682, 0.012883, 0.205724, 0.978525, 0.316969, 0.000000, 0.000000, 0.000000, 1.000000, 0.013139, 0.205629, 0.978542, 0.386007, -0.349769, -0.915856, 0.197152, 0.055900, 0.936744, -0.344854, 0.059889, 0.340656, 0.000000, 0.000000, 0.000000, 1.000000, -0.999760, 0.021751, 0.002436, 0.016350, 0.000954, -0.067888, 0.997693, -0.036825, 0.021866, 0.997456, 0.067851, -0.061869, 0.000000, 0.000000, 0.000000, 1.000000
-14.9994, -46.9006, -83.6821, 316.9688, 386.0072, 55.9004, 340.6560, 16.3504, -36.8249, -61.8689, 0.349769, 0.915856, -0.197153, -0.046901, -0.936747, 0.344797, -0.060157, -0.083682, 0.012883, 0.205724, 0.978525, 0.316969, 0.000000, 0.000000, 0.000000, 1.000000, 0.013139, 0.205629, 0.978542, 0.386007, -0.349769, -0.915856, 0.197152, 0.055900, 0.936744, -0.344854, 0.059889, 0.340656, 0.000000, 0.000000, 0.000000, 1.000000, -0.999760, 0.021751, 0.002436, 0.016350, 0.000954, -0.067888, 0.997693, -0.036825, 0.021866, 0.997456, 0.067851, -0.061869, 0.000000, 0.000000, 0.000000, 1.000000
-14.9993, -46.8997, -83.6900, 316.9639, 386.0024, 55.8995, 340.6640, 16.3505, -36.8249, -61.8689, 0.349772, 0.915855, -0.197153, -0.046900, -0.936746, 0.344797, -0.060178, -0.083690, 0.012864, 0.205731, 0.978524, 0.316964, 0.000000, 0.000000, 0.000000, 1.000000, 0.013120, 0.205636, 0.978541, 0.386002, -0.349772, -0.915855, 0.197153, 0.055899, 0.936743, -0.344853, 0.059910, 0.340664, 0.000000, 0.000000, 0.000000, 1.000000, -0.999760, 0.021751, 0.002436, 0.016350, 0.000954, -0.067888, 0.997693, -0.036825, 0.021866, 0.997456, 0.067851, -0.061869, 0.000000, 0.000000, 0.000000, 1.000000
-14.9992, -46.8993, -83.6940, 316.9615, 386.0000, 55.8991, 340.6679, 16.3505, -36.8250, -61.8689, 0.349773, 0.915854, -0.197153, -0.046899, -0.936746, 0.344796, -0.060188, -0.083694, 0.012854, 0.205734, 0.978523, 0.316962, 0.000000, 0.000000, 0.000000, 1.000000, 0.013110, 0.205640, 0.978540, 0.386000, -0.349773, -0.915855, 0.197152, 0.055899, 0.936743, -0.344852, 0.059921, 0.340668, 0.000000, 0.000000, 0.000000, 1.000000, -0.999760, 0.021751, 0.002436, 0.016350, 0.000954, -0.067887, 0.997693, -0.036825, 0.021866, 0.997456, 0.067850, -0.061869, 0.000000, 0.000000, 0.000000, 1.000000
-14.9984, -46.8984, -83.7085, 316.9522, 385.9906, 55.8981, 340.6826, 16.3504, -36.8252, -61.8692, 0.349771, 0.915856, -0.197149, -0.046898, -0.936748, 0.344784, -0.060231, -0.083709, 0.012811, 0.205746, 0.978522, 0.316952, 0.000000, 0.000000, 0.000000, 1.000000, 0.013066, 0.205651, 0.978538, 0.385991, -0.349771, -0.915856, 0.197148, 0.055898, 0.936744, -0.344840, 0.059964, 0.340683, 0.000000, 0.000000, 0.000000, 1.000000, -0.999760, 0.021751, 0.002436, 0.016350, 0.000954, -0.067887, 0.997693, -0.036825, 0.021866, 0.997456, 0.067850, -0.061869, 0.000000, 0.000000, 0.000000, 1.000000
-14.9981, -46.8984, -83.7118, 316.9500, 385.9884, 55.8981, 340.6859, 16.3503, -36.8253, -61.8693, 0.349768, 0.915857, -0.197147, -0.046898, -0.936749, 0.344779, -0.060242, -0.083712, 0.012799, 0.205748, 0.978521, 0.316950, 0.000000, 0.000000, 0.000000, 1.000000, 0.013055, 0.205654, 0.978538, 0.385988, -0.349768, -0.915858, 0.197147, 0.055898, 0.936745, -0.344835, 0.059975, 0.340686, 0.000000, 0.000000, 0.000000, 1.000000, -0.999760, 0.021751, 0.002436, 0.016350, 0.000954, -0.067887, 0.997693, -0.036825, 0.021866, 0.997456, 0.067850, -0.061869, 0.000000, 0.000000, 0.000000, 1.000000
-14.9977, -46.8984, -83.7148, 316.9479, 385.9863, 55.8982, 340.6889, 16.3503, -36.8254, -61.8694, 0.349765, 0.915859, -0.197145, -0.046898, -0.936750, 0.344773, -0.060253, -0.083715, 0.012787, 0.205750, 0.978521, 0.316948, 0.000000, 0.000000, 0.000000, 1.000000, 0.013043, 0.205655, 0.978538, 0.385986, -0.349765, -0.915859, 0.197145, 0.055898, 0.936747, -0.344829, 0.059986, 0.340689, 0.000000, 0.000000, 0.000000, 1.000000, -0.999760, 0.021751, 0.002436, 0.016350, 0.000954, -0.067886, 0.997693, -0.036825, 0.021866, 0.997456, 0.067849, -0.061869, 0.000000, 0.000000, 0.000000, 1.000000
-14.9967, -46.8989, -83.7201, 316.9439, 385.9823, 55.8987, 340.6943, 16.3502, -36.8256, -61.8697, 0.349755, 0.915864, -0.197140, -0.046899, -0.936754, 0.344758, -0.060274, -0.083720, 0.012763, 0.205753, 0.978521, 0.316944, 0.000000, 0.000000, 0.000000, 1.000000, 0.013018, 0.205658, 0.978537, 0.385982, -0.349755, -0.915864, 0.197139, 0.055899, 0.936751, -0.344815, 0.060007, 0.340694, 0.000000, 0.000000, 0.000000, 1.000000, -0.999760, 0.021751, 0.002436, 0.016350, 0.000954, -0.067885, 0.997693, -0.036826, 0.021866, 0.997456, 0.067848, -0.061870, 0.000000, 0.000000, 0.000000, 1.000000
-14.9946, -46.9006, -83.7259, 316.9387, 385.9771, 55.9003, 340.7002, 16.3499, -36.8261, -61.8704, 0.349731, 0.915876, -0.197128, -0.046901, -0.936764, 0.344728, -0.060305, -0.083726, 0.012724, 0.205753, 0.978521, 0.316939, 0.000000, 0.000000, 0.000000, 1.000000, 0.012979, 0.205658, 0.978538, 0.385977, -0.349731, -0.915876, 0.197128, 0.055900, 0.936760, -0.344784, 0.060038, 0.340700, 0.000000, 0.000000, 0.000000, 1.000000, -0.999760, 0.021750, 0.002435, 0.016350, 0.000953, -0.067884, 0.997693, -0.036826, 0.021866, 0.997456, 0.067847, -0.061870, 0.000000, 0.000000, 0.000000, 1.000000
-14.9946, -46.9006, -83.7259, 316.9387, 385.9771, 55.9003, 340.7002, 16.3499, -36.8261, -61.8704, 0.349731, 0.915876, -0.197128, -0.046901, -0.936764, 0.344728, -0.060305, -0.083726, 0.012724, 0.205753, 0.978521, 0.316939, 0.000000, 0.000000, 0.000000, 1.000000, 0.012979, 0.205658, 0.978538, 0.385977, -0.349731, -0.915876, 0.197128, 0.055900, 0.936760, -0.344784, 0.060038, 0.340700, 0.000000, 0.000000, 0.000000, 1.000000, -0.999760, 0.021750, 0.002435, 0.016350, 0.000953, -0.067884, 0.997693, -0.036826, 0.021866, 0.997456, 0.067847, -0.061870, 0.000000, 0.000000, 0.000000, 1.000000
-14.9928, -46.9024, -83.7281, 316.9360, 385.9743, 55.9022, 340.7025, 16.3496, -36.8266, -61.8710, 0.349709, 0.915887, -0.197118, -0.046902, -0.936772, 0.344700, -0.060324, -0.083728, 0.012696, 0.205750, 0.978522, 0.316936, 0.000000, 0.000000, 0.000000, 1.000000, 0.012951, 0.205656, 0.978539, 0.385974, -0.349709, -0.915887, 0.197117, 0.055902, 0.936769, -0.344756, 0.060058, 0.340703, 0.000000, 0.000000, 0.000000, 1.000000, -0.999760, 0.021750, 0.002435, 0.016350, 0.000953, -0.067883, 0.997693, -0.036827, 0.021865, 0.997456, 0.067846, -0.061871, 0.000000, 0.000000, 0.000000, 1.000000
-14.9917, -46.9035, -83.7286, 316.9348, 385.9731, 55.9033, 340.7031, 16.3495, -36.8268, -61.8714, 0.349695, 0.915893, -0.197112, -0.046904, -0.936778, 0.344684, -0.060334, -0.083729, 0.012682, 0.205748, 0.978523, 0.316935, 0.000000, 0.000000, 0.000000, 1.000000, 0.012937, 0.205654, 0.978539, 0.385973, -0.349695, -0.915893, 0.197111, 0.055903, 0.936774, -0.344740, 0.060068, 0.340703, 0.000000, 0.000000, 0.000000, 1.000000, -0.999760, 0.021750, 0.002434, 0.016349, 0.000953, -0.067882, 0.997693, -0.036827, 0.021865, 0.997456, 0.067845, -0.061871, 0.000000, 0.000000, 0.000000, 1.000000
-14.9878, -46.9080, -83.7276, 316.9323, 385.9705, 55.9078, 340.7023, 16.3490, -36.8277, -61.8726, 0.349645, 0.915917, -0.197090, -0.046908, -0.936797, 0.344627, -0.060361, -0.083728, 0.012637, 0.205738, 0.978525, 0.316932, 0.000000, 0.000000, 0.000000, 1.000000, 0.012891, 0.205644, 0.978542, 0.385971, -0.349645, -0.915917, 0.197089, 0.055908, 0.936794, -0.344683, 0.060095, 0.340702, 0.000000, 0.000000, 0.000000, 1.000000, -0.999760, 0.021749, 0.002433, 0.016349, 0.000951, -0.067879, 0.997693, -0.036828, 0.021864, 0.997456, 0.067842, -0.061873, 0.000000, 0.000000, 0.000000, 1.000000
-14.9878, -46.9080, -83.7276, 316.9323, 385.9705, 55.9078, 340.7023, 16.3490, -36.8277, -61.8726, 0.349645, 0.915917, -0.197090, -0.046908, -0.936797, 0.344627, -0.060361, -0.083728, 0.012637, 0.205738, 0.978525, 0.316932, 0.000000, 0.000000, 0.000000, 1.000000, 0.012891, 0.205644, 0.978542, 0.385971, -0.349645, -0.915917, 0.197089, 0.055908, 0.936794, -0.344683, 0.060095, 0.340702, 0.000000, 0.000000, 0.000000, 1.000000, -0.999760, 0.021749, 0.002433, 0.016349, 0.000951, -0.067879, 0.997693, -0.036828, 0.021864, 0.997456, 0.067842, -0.061873, 0.000000, 0.000000, 0.000000, 1.000000
-14.9813, -46.9163, -83.7207, 316.9312, 385.9693, 55.9161, 340.6957, 16.3480, -36.8292, -61.8748, 0.349557, 0.915959, -0.197053, -0.046916, -0.936831, 0.344530, -0.060394, -0.083721, 0.012572, 0.205716, 0.978531, 0.316931, 0.000000, 0.000000, 0.000000, 1.000000, 0.012826, 0.205622, 0.978547, 0.385969, -0.349557, -0.915959, 0.197052, 0.055916, 0.936827, -0.344585, 0.060129, 0.340696, 0.000000, 0.000000, 0.000000, 1.000000, -0.999761, 0.021748, 0.002431, 0.016348, 0.000949, -0.067874, 0.997693, -0.036829, 0.021863, 0.997457, 0.067837, -0.061875, 0.000000, 0.000000, 0.000000, 1.000000
-14.9813, -46.9163, -83.7207, 316.9312, 385.9693, 55.9161, 340.6957, 16.3480, -36.8292, -61.8748, 0.349557, 0.915959, -0.197053, -0.046916, -0.936831, 0.344530, -0.060394, -0.083721, 0.012572, 0.205716, 0.978531, 0.316931, 0.000000, 0.000000, 0.000000, 1.000000, 0.012826, 0.205622, 0.978547, 0.385969, -0.349557, -0.915959, 0.197052, 0.055916, 0.936827, -0.344585, 0.060129, 0.340696, 0.000000, 0.000000, 0.000000, 1.000000, -0.999761, 0.021748, 0.002431, 0.016348, 0.000949, -0.067874, 0.997693, -0.036829, 0.021863, 0.997457, 0.067837, -0.061875, 0.000000, 0.000000, 0.000000, 1.000000
-14.9754, -46.9257, -83.6997, 316.9390, 385.9770, 55.9255, 340.6747, 16.3471, -36.8306, -61.8768, 0.349468, 0.916000, -0.197018, -0.046926, -0.936864, 0.344440, -0.060387, -0.083700, 0.012547, 0.205682, 0.978538, 0.316939, 0.000000, 0.000000, 0.000000, 1.000000, 0.012800, 0.205588, 0.978555, 0.385977, -0.349468, -0.916000, 0.197017, 0.055925, 0.936861, -0.344495, 0.060122, 0.340675, 0.000000, 0.000000, 0.000000, 1.000000, -0.999761, 0.021747, 0.002428, 0.016347, 0.000947, -0.067870, 0.997694, -0.036831, 0.021862, 0.997457, 0.067833, -0.061877, 0.000000, 0.000000, 0.000000, 1.000000
-14.9754, -46.9257, -83.6997, 316.9390, 385.9770, 55.9255, 340.6747, 16.3471, -36.8306, -61.8768, 0.349468, 0.916000, -0.197018, -0.046926, -0.936864, 0.344440, -0.060387, -0.083700, 0.012547, 0.205682, 0.978538, 0.316939, 0.000000, 0.000000, 0.000000, 1.000000, 0.012800, 0.205588, 0.978555, 0.385977, -0.349468, -0.916000, 0.197017, 0.055925, 0.936861, -0.344495, 0.060122, 0.340675, 0.000000, 0.000000, 0.000000, 1.000000, -0.999761, 0.021747, 0.002428, 0.016347, 0.000947, -0.067870, 0.997694, -0.036831, 0.021862, 0.997457, 0.067833, -0.061877, 0.000000, 0.000000, 0.000000, 1.000000
-14.9684, -46.9378, -83.6657, 316.9538, 385.9919, 55.9375, 340.6406, 16.3461, -36.8321, -61.8790, 0.349360, 0.916050, -0.196977, -0.046938, -0.936905, 0.344335, -0.060354, -0.083666, 0.012539, 0.205634, 0.978549, 0.316954, 0.000000, 0.000000, 0.000000, 1.000000, 0.012792, 0.205540, 0.978565, 0.385992, -0.349360, -0.916050, 0.196976, 0.055938, 0.936901, -0.344391, 0.060089, 0.340641, 0.000000, 0.000000, 0.000000, 1.000000, -0.999761, 0.021746, 0.002426, 0.016346, 0.000945, -0.067865, 0.997694, -0.036832, 0.021860, 0.997457, 0.067828, -0.061879, 0.000000, 0.000000, 0.000000, 1.000000
-14.9659, -46.9420, -83.6543, 316.9586, 385.9967, 55.9418, 340.6292, 16.3457, -36.8327, -61.8799, 0.349321, 0.916068, -0.196962, -0.046942, -0.936919, 0.344297, -0.060345, -0.083654, 0.012534, 0.205617, 0.978552, 0.316959, 0.000000, 0.000000, 0.000000, 1.000000, 0.012787, 0.205523, 0.978569, 0.385997, -0.349321, -0.916068, 0.196962, 0.055942, 0.936916, -0.344353, 0.060080, 0.340629, 0.000000, 0.000000, 0.000000, 1.000000, -0.999761, 0.021745, 0.002425, 0.016346, 0.000944, -0.067863, 0.997694, -0.036833, 0.021860, 0.997458, 0.067827, -0.061880, 0.000000, 0.000000, 0.000000, 1.000000
-14.9633, -46.9464, -83.6429, 316.9633, 386.0014, 55.9461, 340.6178, 16.3453, -36.8333, -61.8807, 0.349281, 0.916086, -0.196947, -0.046946, -0.936934, 0.344259, -0.060336, -0.083643, 0.012528, 0.205601, 0.978556, 0.316963, 0.000000, 0.000000, 0.000000, 1.000000, 0.012782, 0.205507, 0.978572, 0.386001, -0.349281, -0.916087, 0.196946, 0.055946, 0.936931, -0.344314, 0.060071, 0.340618, 0.000000, 0.000000, 0.000000, 1.000000, -0.999761, 0.021745, 0.002424, 0.016345, 0.000943, -0.067862, 0.997694, -0.036833, 0.021859, 0.997458, 0.067825, -0.061881, 0.000000, 0.000000, 0.000000, 1.000000
-14.9579, -46.9554, -83.6202, 316.9725, 386.0106, 55.9551, 340.5950, 16.3445, -36.8345, -61.8825, 0.349198, 0.916125, -0.196916, -0.046955, -0.936965, 0.344177, -0.060320, -0.083620, 0.012513, 0.205567, 0.978563, 0.316972, 0.000000, 0.000000, 0.000000, 1.000000, 0.012767, 0.205473, 0.978580, 0.386011, -0.349198, -0.916125, 0.196915, 0.055955, 0.936962, -0.344232, 0.060055, 0.340595, 0.000000, 0.000000, 0.000000, 1.000000, -0.999761, 0.021744, 0.002422, 0.016344, 0.000941, -0.067858, 0.997695, -0.036834, 0.021858, 0.997458, 0.067821, -0.061883, 0.000000, 0.000000, 0.000000, 1.000000
-14.9551, -46.9600, -83.6089, 316.9769, 386.0151, 55.9597, 340.5836, 16.3440, -36.8351, -61.8834, 0.349155, 0.916145, -0.196899, -0.046960, -0.936981, 0.344134, -0.060314, -0.083609, 0.012504, 0.205550, 0.978567, 0.316977, 0.000000, 0.000000, 0.000000, 1.000000, 0.012757, 0.205456, 0.978583, 0.386015, -0.349155, -0.916145, 0.196898, 0.055960, 0.936978, -0.344190, 0.060048, 0.340584, 0.000000, 0.000000, 0.000000, 1.000000, -0.999761, 0.021743, 0.002420, 0.016344, 0.000940, -0.067856, 0.997695, -0.036835, 0.021857, 0.997458, 0.067819, -0.061883, 0.000000, 0.000000, 0.000000, 1.000000
-14.9551, -46.9600, -83.6089, 316.9769, 386.0151, 55.9597, 340.5836, 16.3440, -36.8351, -61.8834, 0.349155, 0.916145, -0.196899, -0.046960, -0.936981, 0.344134, -0.060314, -0.083609, 0.012504, 0.205550, 0.978567, 0.316977, 0.000000, 0.000000, 0.000000, 1.000000, 0.012757, 0.205456, 0.978583, 0.386015, -0.349155, -0.916145, 0.196898, 0.055960, 0.936978, -0.344190, 0.060048, 0.340584, 0.000000, 0.000000, 0.000000, 1.000000, -0.999761, 0.021743, 0.002420, 0.016344, 0.000940, -0.067856, 0.997695, -0.036835, 0.021857, 0.997458, 0.067819, -0.061883, 0.000000, 0.000000, 0.000000, 1.000000
-14.9430, -46.9792, -83.5643, 316.9937, 386.0319, 55.9790, 340.5390, 16.3422, -36.8378, -61.8874, 0.348974, 0.916229, -0.196829, -0.046979, -0.937050, 0.343951, -0.060295, -0.083564, 0.012456, 0.205480, 0.978582, 0.316994, 0.000000, 0.000000, 0.000000, 1.000000, 0.012710, 0.205386, 0.978598, 0.386032, -0.348974, -0.916229, 0.196829, 0.055979, 0.937046, -0.344007, 0.060029, 0.340539, 0.000000, 0.000000, 0.000000, 1.000000, -0.999761, 0.021741, 0.002416, 0.016342, 0.000935, -0.067847, 0.997695, -0.036838, 0.021855, 0.997459, 0.067811, -0.061887, 0.000000, 0.000000, 0.000000, 1.000000
-14.9398, -46.9842, -83.5534, 316.9976, 386.0358, 55.9840, 340.5281, 16.3417, -36.8385, -61.8885, 0.348927, 0.916251, -0.196811, -0.046984, -0.937067, 0.343903, -0.060292, -0.083553, 0.012442, 0.205463, 0.978586, 0.316998, 0.000000, 0.000000, 0.000000, 1.000000, 0.012696, 0.205369, 0.978602, 0.386036, -0.348927, -0.916251, 0.196810, 0.055984, 0.937064, -0.343959, 0.060026, 0.340528, 0.000000, 0.000000, 0.000000, 1.000000, -0.999761, 0.021740, 0.002415, 0.016342, 0.000934, -0.067845, 0.997695, -0.036839, 0.021854, 0.997459, 0.067808, -0.061888, 0.000000, 0.000000, 0.000000, 1.000000
-14.9333, -46.9942, -83.5319, 317.0051, 386.0432, 55.9940, 340.5067, 16.3407, -36.8400, -61.8906, 0.348831, 0.916295, -0.196774, -0.046994, -0.937104, 0.343805, -0.060288, -0.083532, 0.012410, 0.205428, 0.978594, 0.317005, 0.000000, 0.000000, 0.000000, 1.000000, 0.012664, 0.205334, 0.978610, 0.386043, -0.348831, -0.916296, 0.196773, 0.055994, 0.937100, -0.343861, 0.060023, 0.340507, 0.000000, 0.000000, 0.000000, 1.000000, -0.999761, 0.021739, 0.002412, 0.016341, 0.000932, -0.067840, 0.997696, -0.036840, 0.021853, 0.997459, 0.067804, -0.061891, 0.000000, 0.000000, 0.000000, 1.000000
-14.9300, -46.9998, -83.5175, 317.0109, 386.0491, 55.9996, 340.4922, 16.3402, -36.8408, -61.8917, 0.348779, 0.916319, -0.196755, -0.047000, -0.937123, 0.343755, -0.060277, -0.083518, 0.012402, 0.205407, 0.978598, 0.317011, 0.000000, 0.000000, 0.000000, 1.000000, 0.012656, 0.205313, 0.978615, 0.386049, -0.348779, -0.916319, 0.196754, 0.056000, 0.937119, -0.343811, 0.060012, 0.340492, 0.000000, 0.000000, 0.000000, 1.000000, -0.999761, 0.021739, 0.002411, 0.016340, 0.000931, -0.067838, 0.997696, -0.036841, 0.021852, 0.997459, 0.067802, -0.061892, 0.000000, 0.000000, 0.000000, 1.000000
-14.9198, -47.0165, -83.4762, 317.0272, 386.0654, 56.0163, 340.4507, 16.3387, -36.8430, -61.8951, 0.348624, 0.916391, -0.196696, -0.047017, -0.937181, 0.343600, -0.060252, -0.083476, 0.012370, 0.205345, 0.978611, 0.317027, 0.000000, 0.000000, 0.000000, 1.000000, 0.012624, 0.205251, 0.978628, 0.386065, -0.348624, -0.916391, 0.196695, 0.056016, 0.937178, -0.343656, 0.059987, 0.340451, 0.000000, 0.000000, 0.000000, 1.000000, -0.999761, 0.021737, 0.002407, 0.016339, 0.000927, -0.067831, 0.997696, -0.036843, 0.021850, 0.997460, 0.067794, -0.061895, 0.000000, 0.000000, 0.000000, 1.000000
-14.9163, -47.0221, -83.4631, 317.0322, 386.0704, 56.0218, 340.4375, 16.3381, -36.8438, -61.8962, 0.348571, 0.916415, -0.196676, -0.047022, -0.937201, 0.343548, -0.060246, -0.083463, 0.012357, 0.205325, 0.978616, 0.317032, 0.000000, 0.000000, 0.000000, 1.000000, 0.012612, 0.205231, 0.978632, 0.386070, -0.348571, -0.916415, 0.196675, 0.056022, 0.937197, -0.343603, 0.059980, 0.340438, 0.000000, 0.000000, 0.000000, 1.000000, -0.999761, 0.021736, 0.002405, 0.016338, 0.000926, -0.067828, 0.997697, -0.036844, 0.021849, 0.997460, 0.067792, -0.061896, 0.000000, 0.000000, 0.000000, 1.000000
-14.9128, -47.0276, -83.4503, 317.0369, 386.0751, 56.0274, 340.4247, 16.3376, -36.8446, -61.8974, 0.348519, 0.916439, -0.196656, -0.047028, -0.937221, 0.343495, -0.060241, -0.083450, 0.012343, 0.205305, 0.978620, 0.317037, 0.000000, 0.000000, 0.000000, 1.000000, 0.012598, 0.205211, 0.978637, 0.386075, -0.348519, -0.916439, 0.196655, 0.056027, 0.937217, -0.343551, 0.059975, 0.340425, 0.000000, 0.000000, 0.000000, 1.000000, -0.999761, 0.021735, 0.002404, 0.016338, 0.000924, -0.067826, 0.997697, -0.036845, 0.021848, 0.997460, 0.067790, -0.061897, 0.000000, 0.000000, 0.000000, 1.000000
-14.9058, -47.0386, -83.4258, 317.0457, 386.0839, 56.0384, 340.4002, 16.3365, -36.8462, -61.8997, 0.348414, 0.916488, -0.196616, -0.047039, -0.937260, 0.343388, -0.060234, -0.083426, 0.012312, 0.205267, 0.978629, 0.317046, 0.000000, 0.000000, 0.000000, 1.000000, 0.012567, 0.205173, 0.978645, 0.386084, -0.348414, -0.916488, 0.196615, 0.056038, 0.937257, -0.343444, 0.059968, 0.340400, 0.000000, 0.000000, 0.000000, 1.000000, -0.999761, 0.021734, 0.002401, 0.016337, 0.000922, -0.067821, 0.997697, -0.036846, 0.021847, 0.997461, 0.067785, -0.061900, 0.000000, 0.000000, 0.000000, 1.000000
-14.9058, -47.0386, -83.4258, 317.0457, 386.0839, 56.0384, 340.4002, 16.3365, -36.8462, -61.8997, 0.348414, 0.916488, -0.196616, -0.047039, -0.937260, 0.343388, -0.060234, -0.083426, 0.012312, 0.205267, 0.978629, 0.317046, 0.000000, 0.000000, 0.000000, 1.000000, 0.012567, 0.205173, 0.978645, 0.386084, -0.348414, -0.916488, 0.196615, 0.056038, 0.937257, -0.343444, 0.059968, 0.340400, 0.000000, 0.000000, 0.000000, 1.000000, -0.999761, 0.021734, 0.002401, 0.016337, 0.000922, -0.067821, 0.997697, -0.036846, 0.021847, 0.997461, 0.067785, -0.061900, 0.000000, 0.000000, 0.000000, 1.000000
-14.8916, -47.0602, -83.3811, 317.0605, 386.0988, 56.0599, 340.3555, 16.3344, -36.8494, -61.9044, 0.348205, 0.916585, -0.196536, -0.047060, -0.937339, 0.343174, -0.060232, -0.083381, 0.012239, 0.205193, 0.978645, 0.317061, 0.000000, 0.000000, 0.000000, 1.000000, 0.012494, 0.205099, 0.978661, 0.386099, -0.348205, -0.916585, 0.196535, 0.056060, 0.937335, -0.343230, 0.059965, 0.340355, 0.000000, 0.000000, 0.000000, 1.000000, -0.999761, 0.021732, 0.002396, 0.016334, 0.000917, -0.067811, 0.997698, -0.036849, 0.021844, 0.997461, 0.067775, -0.061904, 0.000000, 0.000000, 0.000000, 1.000000
-14.8845, -47.0707, -83.3610, 317.0666, 386.1049, 56.0704, 340.3353, 16.3333, -36.8510, -61.9067, 0.348101, 0.916632, -0.196496, -0.047071, -0.937378, 0.343067, -0.060236, -0.083361, 0.012197, 0.205159, 0.978653, 0.317067, 0.000000, 0.000000, 0.000000, 1.000000, 0.012452, 0.205065, 0.978669, 0.386105, -0.348101, -0.916633, 0.196495, 0.056070, 0.937374, -0.343123, 0.059969, 0.340335, 0.000000, 0.000000, 0.000000, 1.000000, -0.999761, 0.021730, 0.002393, 0.016333, 0.000914, -0.067806, 0.997698, -0.036851, 0.021843, 0.997462, 0.067770, -0.061907, 0.000000, 0.000000, 0.000000, 1.000000
-14.8810, -47.0758, -83.3514, 317.0694, 386.1076, 56.0756, 340.3257, 16.3328, -36.8518, -61.9079, 0.348050, 0.916656, -0.196476, -0.047076, -0.937397, 0.343013, -0.060239, -0.083351, 0.012175, 0.205142, 0.978656, 0.317069, 0.000000, 0.000000, 0.000000, 1.000000, 0.012430, 0.205048, 0.978673, 0.386108, -0.348050, -0.916656, 0.196475, 0.056076, 0.937394, -0.343069, 0.059973, 0.340326, 0.000000, 0.000000, 0.000000, 1.000000, -0.999761, 0.021730, 0.002392, 0.016333, 0.000913, -0.067803, 0.997698, -0.036852, 0.021842, 0.997462, 0.067767, -0.061908, 0.000000, 0.000000, 0.000000, 1.000000
-14.8740, -47.0860, -83.3333, 317.0743, 386.1125, 56.0858, 340.3076, 16.3317, -36.8533, -61.9102, 0.347948, 0.916703, -0.196436, -0.047086, -0.937435, 0.342907, -0.060248, -0.083333, 0.012130, 0.205110, 0.978664, 0.317074, 0.000000, 0.000000, 0.000000, 1.000000, 0.012385, 0.205016, 0.978680, 0.386113, -0.347948, -0.916703, 0.196436, 0.056086, 0.937432, -0.342963, 0.059982, 0.340308, 0.000000, 0.000000, 0.000000, 1.000000, -0.999761, 0.021729, 0.002389, 0.016332, 0.000911, -0.067798, 0.997699, -0.036853, 0.021841, 0.997462, 0.067762, -0.061910, 0.000000, 0.000000, 0.000000, 1.000000
-14.8705, -47.0911, -83.3247, 317.0765, 386.1147, 56.0908, 340.2990, 16.3312, -36.8541, -61.9113, 0.347898, 0.916727, -0.196417, -0.047091, -0.937454, 0.342854, -0.060254, -0.083325, 0.012106, 0.205094, 0.978667, 0.317076, 0.000000, 0.000000, 0.000000, 1.000000, 0.012361, 0.205000, 0.978684, 0.386115, -0.347898, -0.916727, 0.196416, 0.056091, 0.937451, -0.342910, 0.059988, 0.340299, 0.000000, 0.000000, 0.000000, 1.000000, -0.999761, 0.021728, 0.002388, 0.016331, 0.000910, -0.067796, 0.997699, -0.036854, 0.021840, 0.997463, 0.067760, -0.061911, 0.000000, 0.000000, 0.000000, 1.000000
-14.8635, -47.1009, -83.3083, 317.0803, 386.1185, 56.1007, 340.2827, 16.3302, -36.8557, -61.9136, 0.347798, 0.916773, -0.196378, -0.047101, -0.937492, 0.342749, -0.060267, -0.083308, 0.012057, 0.205064, 0.978674, 0.317080, 0.000000, 0.000000, 0.000000, 1.000000, 0.012312, 0.204970, 0.978691, 0.386119, -0.347798, -0.916773, 0.196377, 0.056101, 0.937489, -0.342804, 0.060001, 0.340283, 0.000000, 0.000000, 0.000000, 1.000000, -0.999761, 0.021727, 0.002385, 0.016330, 0.000907, -0.067791, 0.997699, -0.036856, 0.021838, 0.997463, 0.067755, -0.061914, 0.000000, 0.000000, 0.000000, 1.000000
-14.8601, -47.1058, -83.3006, 317.0820, 386.1202, 56.1056, 340.2750, 16.3296, -36.8565, -61.9148, 0.347749, 0.916796, -0.196359, -0.047106, -0.937511, 0.342696, -0.060275, -0.083301, 0.012032, 0.205049, 0.978678, 0.317082, 0.000000, 0.000000, 0.000000, 1.000000, 0.012287, 0.204955, 0.978694, 0.386120, -0.347749, -0.916796, 0.196358, 0.056106, 0.937507, -0.342752, 0.060009, 0.340275, 0.000000, 0.000000, 0.000000, 1.000000, -0.999761, 0.021726, 0.002384, 0.016330, 0.000906, -0.067788, 0.997699, -0.036857, 0.021838, 0.997463, 0.067752, -0.061915, 0.000000, 0.000000, 0.000000, 1.000000
-14.8498, -47.1200, -83.2790, 317.0863, 386.1244, 56.1198, 340.2534, 16.3281, -36.8588, -61.9181, 0.347603, 0.916863, -0.196301, -0.047120, -0.937566, 0.342541, -0.060300, -0.083279, 0.011954, 0.205006, 0.978688, 0.317086, 0.000000, 0.000000, 0.000000, 1.000000, 0.012209, 0.204912, 0.978704, 0.386124, -0.347603, -0.916863, 0.196301, 0.056120, 0.937562, -0.342597, 0.060034, 0.340253, 0.000000, 0.000000, 0.000000, 1.000000, -0.999761, 0.021724, 0.002380, 0.016328, 0.000903, -0.067781, 0.997700, -0.036859, 0.021836, 0.997464, 0.067745, -0.061918, 0.000000, 0.000000, 0.000000, 1.000000
-14.8464, -47.1247, -83.2722, 317.0874, 386.1256, 56.1244, 340.2467, 16.3276, -36.8596, -61.9193, 0.347555, 0.916885, -0.196283, -0.047125, -0.937584, 0.342490, -0.060310, -0.083272, 0.011928, 0.204992, 0.978691, 0.317087, 0.000000, 0.000000, 0.000000, 1.000000, 0.012182, 0.204899, 0.978707, 0.386126, -0.347555, -0.916885, 0.196282, 0.056124, 0.937580, -0.342546, 0.060044, 0.340247, 0.000000, 0.000000, 0.000000, 1.000000, -0.999761, 0.021724, 0.002379, 0.016328, 0.000901, -0.067778, 0.997700, -0.036860, 0.021835, 0.997464, 0.067743, -0.061919, 0.000000, 0.000000, 0.000000, 1.000000
-14.8364, -47.1383, -83.2532, 317.0903, 386.1284, 56.1380, 340.2279, 16.3261, -36.8619, -61.9225, 0.347414, 0.916951, -0.196227, -0.047138, -0.937637, 0.342339, -0.060340, -0.083253, 0.011847, 0.204953, 0.978700, 0.317090, 0.000000, 0.000000, 0.000000, 1.000000, 0.012101, 0.204859, 0.978717, 0.386128, -0.347414, -0.916951, 0.196226, 0.056138, 0.937634, -0.342395, 0.060075, 0.340228, 0.000000, 0.000000, 0.000000, 1.000000, -0.999761, 0.021722, 0.002375, 0.016326, 0.000898, -0.067771, 0.997700, -0.036862, 0.021833, 0.997464, 0.067735, -0.061923, 0.000000, 0.000000, 0.000000, 1.000000
-14.8332, -47.1427, -83.2473, 317.0910, 386.1291, 56.1425, 340.2220, 16.3256, -36.8626, -61.9236, 0.347368, 0.916972, -0.196209, -0.047143, -0.937654, 0.342289, -0.060351, -0.083247, 0.011820, 0.204940, 0.978703, 0.317091, 0.000000, 0.000000, 0.000000, 1.000000, 0.012074, 0.204847, 0.978720, 0.386129, -0.347368, -0.916972, 0.196208, 0.056142, 0.937651, -0.342345, 0.060085, 0.340222, 0.000000, 0.000000, 0.000000, 1.000000, -0.999761, 0.021722, 0.002374, 0.016326, 0.000897, -0.067769, 0.997701, -0.036863, 0.021833, 0.997465, 0.067733, -0.061924, 0.000000, 0.000000, 0.000000, 1.000000
-14.8267, -47.1514, -83.2359, 317.0924, 386.1304, 56.1512, 340.2107, 16.3247, -36.8641, -61.9258, 0.347277, 0.917014, -0.196173, -0.047151, -0.937689, 0.342191, -0.060373, -0.083236, 0.011766, 0.204915, 0.978709, 0.317092, 0.000000, 0.000000, 0.000000, 1.000000, 0.012020, 0.204822, 0.978725, 0.386130, -0.347277, -0.917014, 0.196172, 0.056151, 0.937686, -0.342247, 0.060108, 0.340211, 0.000000, 0.000000, 0.000000, 1.000000, -0.999761, 0.021721, 0.002372, 0.016325, 0.000895, -0.067764, 0.997701, -0.036864, 0.021832, 0.997465, 0.067729, -0.061926, 0.000000, 0.000000, 0.000000, 1.000000
-14.8203, -47.1600, -83.2250, 317.0934, 386.1314, 56.1597, 340.1999, 16.3237, -36.8656, -61.9279, 0.347188, 0.917056, -0.196137, -0.047160, -0.937723, 0.342095, -0.060396, -0.083225, 0.011712, 0.204891, 0.978715, 0.317093, 0.000000, 0.000000, 0.000000, 1.000000, 0.011965, 0.204798, 0.978731, 0.386131, -0.347188, -0.917056, 0.196137, 0.056160, 0.937719, -0.342150, 0.060131, 0.340200, 0.000000, 0.000000, 0.000000, 1.000000, -0.999761, 0.021720, 0.002370, 0.016324, 0.000893, -0.067760, 0.997701, -0.036866, 0.021830, 0.997465, 0.067724, -0.061928, 0.000000, 0.000000, 0.000000, 1.000000
-14.8171, -47.1642, -83.2197, 317.0939, 386.1318, 56.1639, 340.1947, 16.3232, -36.8663, -61.9289, 0.347144, 0.917076, -0.196120, -0.047164, -0.937739, 0.342047, -0.060407, -0.083220, 0.011685, 0.204879, 0.978718, 0.317094, 0.000000, 0.000000, 0.000000, 1.000000, 0.011938, 0.204786, 0.978734, 0.386132, -0.347144, -0.917076, 0.196119, 0.056164, 0.937736, -0.342103, 0.060142, 0.340195, 0.000000, 0.000000, 0.000000, 1.000000, -0.999761, 0.021719, 0.002368, 0.016323, 0.000892, -0.067757, 0.997701, -0.036866, 0.021830, 0.997465, 0.067722, -0.061929, 0.000000, 0.000000, 0.000000, 1.000000
-14.8109, -47.1724, -83.2095, 317.0947, 386.1326, 56.1722, 340.1846, 16.3223, -36.8677, -61.9309, 0.347057, 0.917116, -0.196086, -0.047172, -0.937772, 0.341953, -0.060430, -0.083209, 0.011631, 0.204856, 0.978723, 0.317095, 0.000000, 0.000000, 0.000000, 1.000000, 0.011884, 0.204763, 0.978739, 0.386133, -0.347057, -0.917116, 0.196085, 0.056172, 0.937769, -0.342009, 0.060165, 0.340185, 0.000000, 0.000000, 0.000000, 1.000000, -0.999761, 0.021718, 0.002366, 0.016322, 0.000889, -0.067753, 0.997702, -0.036868, 0.021829, 0.997466, 0.067717, -0.061931, 0.000000, 0.000000, 0.000000, 1.000000
-14.8079, -47.1765, -83.2045, 317.0951, 386.1330, 56.1763, 340.1797, 16.3219, -36.8684, -61.9319, 0.347014, 0.917136, -0.196069, -0.047176, -0.937788, 0.341907, -0.060441, -0.083204, 0.011604, 0.204845, 0.978726, 0.317095, 0.000000, 0.000000, 0.000000, 1.000000, 0.011857, 0.204752, 0.978742, 0.386133, -0.347014, -0.917136, 0.196068, 0.056176, 0.937785, -0.341962, 0.060177, 0.340180, 0.000000, 0.000000, 0.000000, 1.000000, -0.999761, 0.021718, 0.002365, 0.016322, 0.000888, -0.067751, 0.997702, -0.036868, 0.021828, 0.997466, 0.067715, -0.061932, 0.000000, 0.000000, 0.000000, 1.000000
-14.8018, -47.1845, -83.1947, 317.0958, 386.1336, 56.1843, 340.1700, 16.3210, -36.8698, -61.9339, 0.346930, 0.917175, -0.196035, -0.047185, -0.937820, 0.341815, -0.060464, -0.083195, 0.011552, 0.204822, 0.978731, 0.317096, 0.000000, 0.000000, 0.000000, 1.000000, 0.011804, 0.204729, 0.978747, 0.386134, -0.346930, -0.917175, 0.196034, 0.056184, 0.937817, -0.341871, 0.060200, 0.340170, 0.000000, 0.000000, 0.000000, 1.000000, -0.999761, 0.021717, 0.002363, 0.016321, 0.000886, -0.067746, 0.997702, -0.036870, 0.021827, 0.997466, 0.067711, -0.061934, 0.000000, 0.000000, 0.000000, 1.000000
-14.7988, -47.1885, -83.1898, 317.0962, 386.1340, 56.1883, 340.1652, 16.3205, -36.8705, -61.9349, 0.346888, 0.917194, -0.196018, -0.047189, -0.937836, 0.341770, -0.060475, -0.083190, 0.011526, 0.204811, 0.978734, 0.317096, 0.000000, 0.000000, 0.000000, 1.000000, 0.011778, 0.204718, 0.978750, 0.386134, -0.346888, -0.917195, 0.196018, 0.056188, 0.937833, -0.341825, 0.060212, 0.340165, 0.000000, 0.000000, 0.000000, 1.000000, -0.999761, 0.021716, 0.002362, 0.016321, 0.000885, -0.067744, 0.997702, -0.036870, 0.021826, 0.997466, 0.067709, -0.061935, 0.000000, 0.000000, 0.000000, 1.000000
-14.7988, -47.1885, -83.1898, 317.0962, 386.1340, 56.1883, 340.1652, 16.3205, -36.8705, -61.9349, 0.346888, 0.917194, -0.196018, -0.047189, -0.937836, 0.341770, -0.060475, -0.083190, 0.011526, 0.204811, 0.978734, 0.317096, 0.000000, 0.000000, 0.000000, 1.000000, 0.011778, 0.204718, 0.978750, 0.386134, -0.346888, -0.917195, 0.196018, 0.056188, 0.937833, -0.341825, 0.060212, 0.340165, 0.000000, 0.000000, 0.000000, 1.000000, -0.999761, 0.021716, 0.002362, 0.016321, 0.000885, -0.067744, 0.997702, -0.036870, 0.021826, 0.997466, 0.067709, -0.061935, 0.000000, 0.000000, 0.000000, 1.000000
-14.7870, -47.2041, -83.1704, 317.0978, 386.1354, 56.2039, 340.1462, 16.3188, -36.8732, -61.9388, 0.346724, 0.917270, -0.195953, -0.047204, -0.937898, 0.341593, -0.060518, -0.083170, 0.011424, 0.204767, 0.978744, 0.317098, 0.000000, 0.000000, 0.000000, 1.000000, 0.011676, 0.204675, 0.978760, 0.386135, -0.346724, -0.917271, 0.195952, 0.056204, 0.937895, -0.341648, 0.060256, 0.340146, 0.000000, 0.000000, 0.000000, 1.000000, -0.999761, 0.021714, 0.002358, 0.016319, 0.000882, -0.067735, 0.997703, -0.036873, 0.021824, 0.997467, 0.067700, -0.061939, 0.000000, 0.000000, 0.000000, 1.000000
-14.7842, -47.2079, -83.1656, 317.0982, 386.1358, 56.2077, 340.1415, 16.3184, -36.8738, -61.9397, 0.346684, 0.917289, -0.195937, -0.047208, -0.937913, 0.341549, -0.060529, -0.083166, 0.011400, 0.204756, 0.978747, 0.317098, 0.000000, 0.000000, 0.000000, 1.000000, 0.011651, 0.204664, 0.978763, 0.386136, -0.346684, -0.917289, 0.195936, 0.056208, 0.937910, -0.341604, 0.060266, 0.340141, 0.000000, 0.000000, 0.000000, 1.000000, -0.999761, 0.021714, 0.002357, 0.016318, 0.000881, -0.067733, 0.997703, -0.036874, 0.021824, 0.997467, 0.067698, -0.061940, 0.000000, 0.000000, 0.000000, 1.000000
-14.7757, -47.2192, -83.1511, 317.0997, 386.1372, 56.2190, 340.1273, 16.3171, -36.8757, -61.9425, 0.346566, 0.917343, -0.195890, -0.047219, -0.937957, 0.341422, -0.060558, -0.083151, 0.011329, 0.204724, 0.978754, 0.317100, 0.000000, 0.000000, 0.000000, 1.000000, 0.011579, 0.204632, 0.978770, 0.386137, -0.346566, -0.917344, 0.195890, 0.056219, 0.937954, -0.341477, 0.060297, 0.340127, 0.000000, 0.000000, 0.000000, 1.000000, -0.999761, 0.021713, 0.002353, 0.016317, 0.000878, -0.067727, 0.997703, -0.036876, 0.021822, 0.997468, 0.067692, -0.061942, 0.000000, 0.000000, 0.000000, 1.000000
-14.7757, -47.2192, -83.1511, 317.0997, 386.1372, 56.2190, 340.1273, 16.3171, -36.8757, -61.9425, 0.346566, 0.917343, -0.195890, -0.047219, -0.937957, 0.341422, -0.060558, -0.083151, 0.011329, 0.204724, 0.978754, 0.317100, 0.000000, 0.000000, 0.000000, 1.000000, 0.011579, 0.204632, 0.978770, 0.386137, -0.346566, -0.917344, 0.195890, 0.056219, 0.937954, -0.341477, 0.060297, 0.340127, 0.000000, 0.000000, 0.000000, 1.000000, -0.999761, 0.021713, 0.002353, 0.016317, 0.000878, -0.067727, 0.997703, -0.036876, 0.021822, 0.997468, 0.067692, -0.061942, 0.000000, 0.000000, 0.000000, 1.000000
-14.7702, -47.2267, -83.1412, 317.1010, 386.1384, 56.2264, 340.1175, 16.3163, -36.8770, -61.9443, 0.346488, 0.917380, -0.195859, -0.047227, -0.937987, 0.341338, -0.060577, -0.083141, 0.011283, 0.204702, 0.978759, 0.317101, 0.000000, 0.000000, 0.000000, 1.000000, 0.011532, 0.204611, 0.978775, 0.386138, -0.346488, -0.917380, 0.195859, 0.056226, 0.937983, -0.341393, 0.060316, 0.340118, 0.000000, 0.000000, 0.000000, 1.000000, -0.999762, 0.021712, 0.002351, 0.016316, 0.000876, -0.067723, 0.997704, -0.036877, 0.021821, 0.997468, 0.067688, -0.061944, 0.000000, 0.000000, 0.000000, 1.000000
-14.7646, -47.2342, -83.1308, 317.1025, 386.1398, 56.2340, 340.1074, 16.3155, -36.8783, -61.9461, 0.346410, 0.917416, -0.195828, -0.047234, -0.938016, 0.341254, -0.060594, -0.083131, 0.011237, 0.204680, 0.978764, 0.317102, 0.000000, 0.000000, 0.000000, 1.000000, 0.011487, 0.204589, 0.978781, 0.386140, -0.346410, -0.917416, 0.195828, 0.056234, 0.938013, -0.341309, 0.060333, 0.340107, 0.000000, 0.000000, 0.000000, 1.000000, -0.999762, 0.021711, 0.002349, 0.016315, 0.000874, -0.067719, 0.997704, -0.036878, 0.021820, 0.997468, 0.067684, -0.061946, 0.000000, 0.000000, 0.000000, 1.000000
-14.7591, -47.2418, -83.1200, 317.1042, 386.1414, 56.2415, 340.0968, 16.3146, -36.8795, -61.9480, 0.346332, 0.917452, -0.195797, -0.047242, -0.938045, 0.341171, -0.060610, -0.083120, 0.011194, 0.204658, 0.978770, 0.317104, 0.000000, 0.000000, 0.000000, 1.000000, 0.011442, 0.204567, 0.978786, 0.386141, -0.346332, -0.917452, 0.195797, 0.056242, 0.938042, -0.341225, 0.060350, 0.340097, 0.000000, 0.000000, 0.000000, 1.000000, -0.999762, 0.021710, 0.002347, 0.016315, 0.000872, -0.067715, 0.997704, -0.036880, 0.021819, 0.997468, 0.067680, -0.061948, 0.000000, 0.000000, 0.000000, 1.000000
-14.7563, -47.2456, -83.1144, 317.1052, 386.1424, 56.2453, 340.0913, 16.3142, -36.8802, -61.9489, 0.346293, 0.917470, -0.195782, -0.047246, -0.938060, 0.341129, -0.060618, -0.083114, 0.011172, 0.204646, 0.978772, 0.317105, 0.000000, 0.000000, 0.000000, 1.000000, 0.011420, 0.204555, 0.978788, 0.386142, -0.346293, -0.917470, 0.195781, 0.056245, 0.938057, -0.341183, 0.060358, 0.340091, 0.000000, 0.000000, 0.000000, 1.000000, -0.999762, 0.021709, 0.002346, 0.016314, 0.000871, -0.067713, 0.997704, -0.036880, 0.021818, 0.997469, 0.067678, -0.061949, 0.000000, 0.000000, 0.000000, 1.000000
-14.7535, -47.2494, -83.1088, 317.1063, 386.1434, 56.2491, 340.0858, 16.3138, -36.8808, -61.9498, 0.346254, 0.917488, -0.195766, -0.047249, -0.938075, 0.341087, -0.060625, -0.083109, 0.011151, 0.204635, 0.978775, 0.317106, 0.000000, 0.000000, 0.000000, 1.000000, 0.011399, 0.204544, 0.978791, 0.386143, -0.346254, -0.917488, 0.195766, 0.056249, 0.938072, -0.341141, 0.060366, 0.340086, 0.000000, 0.000000, 0.000000, 1.000000, -0.999762, 0.021709, 0.002345, 0.016314, 0.000870, -0.067711, 0.997705, -0.036881, 0.021818, 0.997469, 0.067676, -0.061950, 0.000000, 0.000000, 0.000000, 1.000000
