# Joint_5_Angle(deg), Cam_X(mm), Cam_Y(mm), Cam_Z(mm), Torso_X(mm), Torso_Y(mm), Torso_Z(mm), EE_X(mm), EE_Y(mm), EE_Z(mm), T_cam2marker_flat(16), T_torso2marker_flat(16), T_ee2marker_flat(16)
-25.0003, -53.1750, 17.0627, 229.7295, 251.7197, 53.1746, 182.8778, 27.9381, -102.1016, 11.8337, 0.872498, 0.488309, 0.017376, -0.053175, -0.488606, 0.872175, 0.023985, 0.017063, -0.003443, -0.029417, 0.999561, 0.229729, 0.000000, 0.000000, 0.000000, 1.000000, -0.003162, -0.029922, 0.999547, 0.251720, -0.872498, -0.488309, -0.017377, 0.053175, 0.488608, -0.872158, -0.024563, 0.182878, 0.000000, 0.000000, 0.000000, 1.000000, -0.997121, 0.075255, 0.009302, 0.027938, 0.008318, -0.013379, 0.999876, -0.102102, 0.075370, 0.997075, 0.012715, 0.011834, 0.000000, 0.000000, 0.000000, 1.000000
-25.0009, -53.1774, 17.0698, 229.7322, 251.7223, 53.1771, 182.8707, 27.9395, -102.1008, 11.8337, 0.872490, 0.488323, 0.017377, -0.053177, -0.488620, 0.872166, 0.024001, 0.017070, -0.003435, -0.029431, 0.999561, 0.229732, 0.000000, 0.000000, 0.000000, 1.000000, -0.003154, -0.029937, 0.999547, 0.251722, -0.872490, -0.488323, -0.017379, 0.053177, 0.488622, -0.872149, -0.024579, 0.182871, 0.000000, 0.000000, 0.000000, 1.000000, -0.997121, 0.075255, 0.009302, 0.027939, 0.008318, -0.013379, 0.999876, -0.102101, 0.075370, 0.997075, 0.012714, 0.011834, 0.000000, 0.000000, 0.000000, 1.000000
-25.0016, -53.1781, 17.0631, 229.7301, 251.7202, 53.1778, 182.8776, 27.9392, -102.1016, 11.8330, 0.872488, 0.488327, 0.017379, -0.053178, -0.488624, 0.872165, 0.023985, 0.017063, -0.003445, -0.029419, 0.999561, 0.229730, 0.000000, 0.000000, 0.000000, 1.000000, -0.003164, -0.029924, 0.999547, 0.251720, -0.872488, -0.488327, -0.017380, 0.053178, 0.488626, -0.872148, -0.024563, 0.182878, 0.000000, 0.000000, 0.000000, 1.000000, -0.997121, 0.075254, 0.009303, 0.027939, 0.008319, -0.013378, 0.999876, -0.102102, 0.075370, 0.997075, 0.012714, 0.011833, 0.000000, 0.000000, 0.000000, 1.000000
-25.0012, -53.1760, 17.0550, 229.7272, 251.7174, 53.1756, 182.8857, 27.9379, -102.1026, 11.8328, 0.872495, 0.488314, 0.017379, -0.053176, -0.488611, 0.872173, 0.023967, 0.017055, -0.003454, -0.029403, 0.999562, 0.229727, 0.000000, 0.000000, 0.000000, 1.000000, -0.003173, -0.029907, 0.999548, 0.251717, -0.872495, -0.488314, -0.017380, 0.053176, 0.488613, -0.872155, -0.024544, 0.182886, 0.000000, 0.000000, 0.000000, 1.000000, -0.997121, 0.075255, 0.009303, 0.027938, 0.008318, -0.013379, 0.999876, -0.102103, 0.075370, 0.997075, 0.012715, 0.011833, 0.000000, 0.000000, 0.000000, 1.000000
-25.0006, -53.1736, 17.0484, 229.7249, 251.7150, 53.1733, 182.8924, 27.9367, -102.1033, 11.8328, 0.872503, 0.488300, 0.017378, -0.053174, -0.488597, 0.872181, 0.023952, 0.017048, -0.003461, -0.029389, 0.999562, 0.229725, 0.000000, 0.000000, 0.000000, 1.000000, -0.003180, -0.029893, 0.999548, 0.251715, -0.872503, -0.488300, -0.017380, 0.053173, 0.488599, -0.872164, -0.024529, 0.182892, 0.000000, 0.000000, 0.000000, 1.000000, -0.997121, 0.075255, 0.009302, 0.027937, 0.008318, -0.013380, 0.999876, -0.102103, 0.075370, 0.997075, 0.012715, 0.011833, 0.000000, 0.000000, 0.000000, 1.000000
-24.9992, -53.1698, 17.0467, 229.7241, 251.7143, 53.1695, 182.8941, 27.9353, -102.1034, 11.8335, 0.872515, 0.488279, 0.017376, -0.053170, -0.488576, 0.872193, 0.023948, 0.017047, -0.003462, -0.029385, 0.999562, 0.229724, 0.000000, 0.000000, 0.000000, 1.000000, -0.003181, -0.029889, 0.999548, 0.251714, -0.872515, -0.488279, -0.017377, 0.053170, 0.488577, -0.872176, -0.024526, 0.182894, 0.000000, 0.000000, 0.000000, 1.000000, -0.997121, 0.075255, 0.009302, 0.027935, 0.008317, -0.013381, 0.999876, -0.102103, 0.075370, 0.997075, 0.012717, 0.011833, 0.000000, 0.000000, 0.000000, 1.000000
-24.9977, -53.1658, 17.0436, 229.7229, 251.7131, 53.1655, 182.8972, 27.9337, -102.1037, 11.8341, 0.872528, 0.488256, 0.017374, -0.053166, -0.488553, 0.872206, 0.023942, 0.017044, -0.003464, -0.029378, 0.999562, 0.229723, 0.000000, 0.000000, 0.000000, 1.000000, -0.003183, -0.029882, 0.999548, 0.251713, -0.872528, -0.488256, -0.017375, 0.053165, 0.488554, -0.872189, -0.024519, 0.182897, 0.000000, 0.000000, 0.000000, 1.000000, -0.997121, 0.075255, 0.009301, 0.027934, 0.008317, -0.013382, 0.999876, -0.102104, 0.075370, 0.997075, 0.012718, 0.011834, 0.000000, 0.000000, 0.000000, 1.000000
-24.9958, -53.1604, 17.0390, 229.7210, 251.7112, 53.1601, 182.9018, 27.9315, -102.1041, 11.8349, 0.872545, 0.488225, 0.017371, -0.053160, -0.488522, 0.872224, 0.023932, 0.017039, -0.003467, -0.029368, 0.999563, 0.229721, 0.000000, 0.000000, 0.000000, 1.000000, -0.003186, -0.029872, 0.999549, 0.251711, -0.872545, -0.488225, -0.017372, 0.053160, 0.488523, -0.872206, -0.024509, 0.182902, 0.000000, 0.000000, 0.000000, 1.000000, -0.997121, 0.075255, 0.009300, 0.027932, 0.008315, -0.013384, 0.999876, -0.102104, 0.075371, 0.997074, 0.012720, 0.011835, 0.000000, 0.000000, 0.000000, 1.000000
-24.9946, -53.1571, 17.0361, 229.7199, 251.7101, 53.1568, 182.9047, 27.9302, -102.1043, 11.8354, 0.872556, 0.488206, 0.017369, -0.053157, -0.488503, 0.872234, 0.023926, 0.017036, -0.003469, -0.029361, 0.999563, 0.229720, 0.000000, 0.000000, 0.000000, 1.000000, -0.003188, -0.029866, 0.999549, 0.251710, -0.872556, -0.488206, -0.017371, 0.053157, 0.488504, -0.872217, -0.024503, 0.182905, 0.000000, 0.000000, 0.000000, 1.000000, -0.997121, 0.075256, 0.009299, 0.027930, 0.008315, -0.013385, 0.999876, -0.102104, 0.075371, 0.997074, 0.012721, 0.011835, 0.000000, 0.000000, 0.000000, 1.000000
-24.9883, -53.1394, 17.0206, 229.7139, 251.7041, 53.1391, 182.9202, 27.9231, -102.1057, 11.8380, 0.872612, 0.488105, 0.017360, -0.053139, -0.488401, 0.872292, 0.023892, 0.017021, -0.003481, -0.029327, 0.999564, 0.229714, 0.000000, 0.000000, 0.000000, 1.000000, -0.003200, -0.029832, 0.999550, 0.251704, -0.872612, -0.488105, -0.017361, 0.053139, 0.488403, -0.872275, -0.024469, 0.182920, 0.000000, 0.000000, 0.000000, 1.000000, -0.997121, 0.075257, 0.009296, 0.027923, 0.008311, -0.013391, 0.999876, -0.102106, 0.075372, 0.997074, 0.012727, 0.011838, 0.000000, 0.000000, 0.000000, 1.000000
-24.9863, -53.1338, 17.0159, 229.7120, 251.7022, 53.1335, 182.9250, 27.9208, -102.1061, 11.8388, 0.872630, 0.488073, 0.017357, -0.053134, -0.488369, 0.872310, 0.023882, 0.017016, -0.003484, -0.029317, 0.999564, 0.229712, 0.000000, 0.000000, 0.000000, 1.000000, -0.003204, -0.029821, 0.999550, 0.251702, -0.872630, -0.488073, -0.017358, 0.053134, 0.488371, -0.872293, -0.024459, 0.182925, 0.000000, 0.000000, 0.000000, 1.000000, -0.997121, 0.075257, 0.009295, 0.027921, 0.008310, -0.013392, 0.999876, -0.102106, 0.075372, 0.997074, 0.012728, 0.011839, 0.000000, 0.000000, 0.000000, 1.000000
-24.9841, -53.1278, 17.0107, 229.7100, 251.7002, 53.1274, 182.9301, 27.9184, -102.1065, 11.8397, 0.872649, 0.488039, 0.017354, -0.053128, -0.488335, 0.872330, 0.023871, 0.017011, -0.003488, -0.029305, 0.999564, 0.229710, 0.000000, 0.000000, 0.000000, 1.000000, -0.003208, -0.029810, 0.999550, 0.251700, -0.872649, -0.488039, -0.017355, 0.053127, 0.488337, -0.872313, -0.024448, 0.182930, 0.000000, 0.000000, 0.000000, 1.000000, -0.997121, 0.075257, 0.009294, 0.027918, 0.008309, -0.013394, 0.999876, -0.102107, 0.075373, 0.997074, 0.012730, 0.011840, 0.000000, 0.000000, 0.000000, 1.000000
-24.9792, -53.1141, 16.9995, 229.7056, 251.6958, 53.1138, 182.9414, 27.9130, -102.1075, 11.8418, 0.872693, 0.487961, 0.017346, -0.053114, -0.488257, 0.872374, 0.023847, 0.016999, -0.003496, -0.029280, 0.999565, 0.229706, 0.000000, 0.000000, 0.000000, 1.000000, -0.003216, -0.029785, 0.999551, 0.251696, -0.872693, -0.487961, -0.017348, 0.053114, 0.488258, -0.872357, -0.024424, 0.182941, 0.000000, 0.000000, 0.000000, 1.000000, -0.997121, 0.075258, 0.009292, 0.027913, 0.008306, -0.013399, 0.999876, -0.102107, 0.075373, 0.997074, 0.012735, 0.011842, 0.000000, 0.000000, 0.000000, 1.000000
-24.9764, -53.1065, 16.9933, 229.7031, 251.6934, 53.1061, 182.9476, 27.9099, -102.1080, 11.8429, 0.872718, 0.487917, 0.017342, -0.053106, -0.488213, 0.872399, 0.023834, 0.016993, -0.003501, -0.029267, 0.999566, 0.229703, 0.000000, 0.000000, 0.000000, 1.000000, -0.003220, -0.029771, 0.999552, 0.251693, -0.872718, -0.487917, -0.017344, 0.053106, 0.488215, -0.872382, -0.024410, 0.182948, 0.000000, 0.000000, 0.000000, 1.000000, -0.997121, 0.075259, 0.009291, 0.027910, 0.008305, -0.013401, 0.999876, -0.102108, 0.075374, 0.997074, 0.012737, 0.011843, 0.000000, 0.000000, 0.000000, 1.000000
-24.9703, -53.0896, 16.9800, 229.6979, 251.6881, 53.0892, 182.9609, 27.9032, -102.1091, 11.8455, 0.872771, 0.487821, 0.017333, -0.053090, -0.488116, 0.872454, 0.023805, 0.016980, -0.003510, -0.029237, 0.999566, 0.229698, 0.000000, 0.000000, 0.000000, 1.000000, -0.003230, -0.029741, 0.999552, 0.251688, -0.872771, -0.487821, -0.017335, 0.053089, 0.488118, -0.872437, -0.024382, 0.182961, 0.000000, 0.000000, 0.000000, 1.000000, -0.997121, 0.075260, 0.009288, 0.027903, 0.008301, -0.013406, 0.999876, -0.102109, 0.075375, 0.997074, 0.012743, 0.011846, 0.000000, 0.000000, 0.000000, 1.000000
-24.9670, -53.0803, 16.9729, 229.6951, 251.6853, 53.0800, 182.9681, 27.8996, -102.1097, 11.8470, 0.872801, 0.487769, 0.017328, -0.053080, -0.488064, 0.872484, 0.023790, 0.016973, -0.003515, -0.029221, 0.999567, 0.229695, 0.000000, 0.000000, 0.000000, 1.000000, -0.003234, -0.029725, 0.999553, 0.251685, -0.872801, -0.487768, -0.017330, 0.053080, 0.488066, -0.872467, -0.024366, 0.182968, 0.000000, 0.000000, 0.000000, 1.000000, -0.997121, 0.075260, 0.009286, 0.027900, 0.008300, -0.013409, 0.999876, -0.102110, 0.075376, 0.997074, 0.012746, 0.011847, 0.000000, 0.000000, 0.000000, 1.000000
-24.9596, -53.0601, 16.9578, 229.6891, 251.6793, 53.0598, 182.9833, 27.8916, -102.1109, 11.8501, 0.872866, 0.487653, 0.017317, -0.053060, -0.487948, 0.872549, 0.023758, 0.016958, -0.003525, -0.029187, 0.999568, 0.229689, 0.000000, 0.000000, 0.000000, 1.000000, -0.003245, -0.029691, 0.999554, 0.251679, -0.872866, -0.487653, -0.017319, 0.053060, 0.487950, -0.872532, -0.024334, 0.182983, 0.000000, 0.000000, 0.000000, 1.000000, -0.997121, 0.075262, 0.009283, 0.027892, 0.008296, -0.013416, 0.999876, -0.102111, 0.075377, 0.997074, 0.012753, 0.011850, 0.000000, 0.000000, 0.000000, 1.000000
-24.9514, -53.0376, 16.9416, 229.6826, 251.6729, 53.0373, 182.9996, 27.8828, -102.1121, 11.8537, 0.872937, 0.487526, 0.017305, -0.053038, -0.487820, 0.872622, 0.023723, 0.016942, -0.003535, -0.029151, 0.999569, 0.229683, 0.000000, 0.000000, 0.000000, 1.000000, -0.003255, -0.029654, 0.999555, 0.251673, -0.872937, -0.487526, -0.017307, 0.053037, 0.487822, -0.872605, -0.024299, 0.183000, 0.000000, 0.000000, 0.000000, 1.000000, -0.997121, 0.075263, 0.009279, 0.027883, 0.008291, -0.013423, 0.999876, -0.102112, 0.075378, 0.997073, 0.012760, 0.011854, 0.000000, 0.000000, 0.000000, 1.000000
-24.9470, -53.0255, 16.9330, 229.6792, 251.6695, 53.0252, 183.0081, 27.8781, -102.1128, 11.8556, 0.872976, 0.487457, 0.017299, -0.053026, -0.487751, 0.872661, 0.023705, 0.016933, -0.003541, -0.029132, 0.999569, 0.229679, 0.000000, 0.000000, 0.000000, 1.000000, -0.003261, -0.029635, 0.999555, 0.251669, -0.872976, -0.487457, -0.017300, 0.053025, 0.487753, -0.872644, -0.024281, 0.183008, 0.000000, 0.000000, 0.000000, 1.000000, -0.997121, 0.075264, 0.009276, 0.027878, 0.008289, -0.013427, 0.999876, -0.102113, 0.075379, 0.997073, 0.012764, 0.011856, 0.000000, 0.000000, 0.000000, 1.000000
-24.9423, -53.0129, 16.9242, 229.6756, 251.6659, 53.0126, 183.0170, 27.8732, -102.1135, 11.8577, 0.873016, 0.487385, 0.017292, -0.053013, -0.487679, 0.872702, 0.023687, 0.016924, -0.003546, -0.029112, 0.999570, 0.229676, 0.000000, 0.000000, 0.000000, 1.000000, -0.003267, -0.029615, 0.999556, 0.251666, -0.873016, -0.487385, -0.017293, 0.053013, 0.487681, -0.872685, -0.024262, 0.183017, 0.000000, 0.000000, 0.000000, 1.000000, -0.997120, 0.075265, 0.009274, 0.027873, 0.008286, -0.013431, 0.999875, -0.102113, 0.075380, 0.997073, 0.012768, 0.011858, 0.000000, 0.000000, 0.000000, 1.000000
-24.9271, -52.9716, 16.8964, 229.6645, 251.6548, 52.9713, 183.0449, 27.8572, -102.1155, 11.8644, 0.873147, 0.487151, 0.017269, -0.052972, -0.487444, 0.872835, 0.023628, 0.016896, -0.003563, -0.029049, 0.999572, 0.229664, 0.000000, 0.000000, 0.000000, 1.000000, -0.003284, -0.029551, 0.999558, 0.251655, -0.873147, -0.487151, -0.017271, 0.052971, 0.487446, -0.872818, -0.024203, 0.183045, 0.000000, 0.000000, 0.000000, 1.000000, -0.997120, 0.075267, 0.009267, 0.027857, 0.008278, -0.013444, 0.999875, -0.102116, 0.075382, 0.997073, 0.012782, 0.011864, 0.000000, 0.000000, 0.000000, 1.000000
-24.9216, -52.9568, 16.8867, 229.6605, 251.6509, 52.9564, 183.0547, 27.8514, -102.1162, 11.8668, 0.873194, 0.487067, 0.017261, -0.052957, -0.487360, 0.872882, 0.023608, 0.016887, -0.003569, -0.029027, 0.999572, 0.229661, 0.000000, 0.000000, 0.000000, 1.000000, -0.003290, -0.029529, 0.999559, 0.251651, -0.873194, -0.487067, -0.017263, 0.052956, 0.487361, -0.872865, -0.024182, 0.183055, 0.000000, 0.000000, 0.000000, 1.000000, -0.997120, 0.075268, 0.009264, 0.027851, 0.008275, -0.013448, 0.999875, -0.102116, 0.075383, 0.997073, 0.012787, 0.011867, 0.000000, 0.000000, 0.000000, 1.000000
-24.9101, -52.9261, 16.8702, 229.6537, 251.6440, 52.9257, 183.0712, 27.8398, -102.1173, 11.8721, 0.873291, 0.486893, 0.017244, -0.052926, -0.487185, 0.872980, 0.023574, 0.016870, -0.003576, -0.028988, 0.999573, 0.229654, 0.000000, 0.000000, 0.000000, 1.000000, -0.003297, -0.029490, 0.999560, 0.251644, -0.873291, -0.486893, -0.017246, 0.052926, 0.487187, -0.872964, -0.024148, 0.183071, 0.000000, 0.000000, 0.000000, 1.000000, -0.997120, 0.075270, 0.009259, 0.027840, 0.008268, -0.013458, 0.999875, -0.102117, 0.075385, 0.997072, 0.012797, 0.011872, 0.000000, 0.000000, 0.000000, 1.000000
-24.9041, -52.9107, 16.8668, 229.6519, 251.6422, 52.9104, 183.0747, 27.8344, -102.1172, 11.8752, 0.873340, 0.486807, 0.017235, -0.052911, -0.487099, 0.873029, 0.023568, 0.016867, -0.003573, -0.028978, 0.999574, 0.229652, 0.000000, 0.000000, 0.000000, 1.000000, -0.003295, -0.029480, 0.999560, 0.251642, -0.873340, -0.486807, -0.017236, 0.052910, 0.487101, -0.873012, -0.024143, 0.183075, 0.000000, 0.000000, 0.000000, 1.000000, -0.997120, 0.075271, 0.009256, 0.027834, 0.008265, -0.013463, 0.999875, -0.102117, 0.075386, 0.997072, 0.012802, 0.011875, 0.000000, 0.000000, 0.000000, 1.000000
-24.8914, -52.8784, 16.8583, 229.6478, 251.6381, 52.8780, 183.0831, 27.8227, -102.1171, 11.8815, 0.873442, 0.486625, 0.017216, -0.052878, -0.486916, 0.873131, 0.023553, 0.016858, -0.003570, -0.028955, 0.999574, 0.229648, 0.000000, 0.000000, 0.000000, 1.000000, -0.003291, -0.029458, 0.999561, 0.251638, -0.873442, -0.486625, -0.017217, 0.052878, 0.486918, -0.873114, -0.024128, 0.183083, 0.000000, 0.000000, 0.000000, 1.000000, -0.997120, 0.075273, 0.009250, 0.027823, 0.008258, -0.013473, 0.999875, -0.102117, 0.075388, 0.997072, 0.012813, 0.011882, 0.000000, 0.000000, 0.000000, 1.000000
-24.8780, -52.8438, 16.8478, 229.6429, 251.6333, 52.8435, 183.0935, 27.8102, -102.1172, 11.8882, 0.873550, 0.486430, 0.017195, -0.052844, -0.486721, 0.873240, 0.023533, 0.016848, -0.003568, -0.028927, 0.999575, 0.229643, 0.000000, 0.000000, 0.000000, 1.000000, -0.003290, -0.029430, 0.999561, 0.251633, -0.873550, -0.486430, -0.017197, 0.052844, 0.486723, -0.873224, -0.024109, 0.183093, 0.000000, 0.000000, 0.000000, 1.000000, -0.997120, 0.075275, 0.009243, 0.027810, 0.008251, -0.013484, 0.999875, -0.102117, 0.075391, 0.997072, 0.012824, 0.011888, 0.000000, 0.000000, 0.000000, 1.000000
-24.8710, -52.8258, 16.8418, 229.6402, 251.6305, 52.8254, 183.0995, 27.8037, -102.1174, 11.8916, 0.873607, 0.486328, 0.017185, -0.052826, -0.486619, 0.873298, 0.023522, 0.016842, -0.003568, -0.028912, 0.999576, 0.229640, 0.000000, 0.000000, 0.000000, 1.000000, -0.003289, -0.029415, 0.999562, 0.251631, -0.873607, -0.486328, -0.017186, 0.052825, 0.486621, -0.873281, -0.024097, 0.183099, 0.000000, 0.000000, 0.000000, 1.000000, -0.997120, 0.075277, 0.009240, 0.027804, 0.008247, -0.013490, 0.999875, -0.102117, 0.075392, 0.997071, 0.012830, 0.011892, 0.000000, 0.000000, 0.000000, 1.000000
-24.8564, -52.7880, 16.8283, 229.6342, 251.6246, 52.7877, 183.1130, 27.7898, -102.1178, 11.8987, 0.873726, 0.486116, 0.017163, -0.052788, -0.486405, 0.873417, 0.023496, 0.016828, -0.003569, -0.028877, 0.999577, 0.229634, 0.000000, 0.000000, 0.000000, 1.000000, -0.003290, -0.029381, 0.999563, 0.251625, -0.873726, -0.486115, -0.017165, 0.052788, 0.486407, -0.873401, -0.024071, 0.183113, 0.000000, 0.000000, 0.000000, 1.000000, -0.997120, 0.075279, 0.009233, 0.027790, 0.008239, -0.013502, 0.999875, -0.102118, 0.075394, 0.997071, 0.012842, 0.011899, 0.000000, 0.000000, 0.000000, 1.000000
-24.8411, -52.7483, 16.8128, 229.6275, 251.6178, 52.7479, 183.1285, 27.7752, -102.1183, 11.9061, 0.873851, 0.485891, 0.017141, -0.052748, -0.486181, 0.873543, 0.023465, 0.016813, -0.003572, -0.028839, 0.999578, 0.229627, 0.000000, 0.000000, 0.000000, 1.000000, -0.003293, -0.029343, 0.999564, 0.251618, -0.873851, -0.485891, -0.017142, 0.052748, 0.486183, -0.873527, -0.024041, 0.183128, 0.000000, 0.000000, 0.000000, 1.000000, -0.997120, 0.075282, 0.009225, 0.027775, 0.008231, -0.013514, 0.999875, -0.102118, 0.075397, 0.997071, 0.012855, 0.011906, 0.000000, 0.000000, 0.000000, 1.000000
-24.8171, -52.6852, 16.7861, 229.6161, 251.6065, 52.6849, 183.1552, 27.7519, -102.1195, 11.9175, 0.874049, 0.485536, 0.017106, -0.052685, -0.485824, 0.873743, 0.023412, 0.016786, -0.003579, -0.028774, 0.999580, 0.229616, 0.000000, 0.000000, 0.000000, 1.000000, -0.003300, -0.029278, 0.999566, 0.251606, -0.874049, -0.485536, -0.017107, 0.052685, 0.485826, -0.873726, -0.023988, 0.183155, 0.000000, 0.000000, 0.000000, 1.000000, -0.997119, 0.075286, 0.009214, 0.027752, 0.008217, -0.013534, 0.999875, -0.102120, 0.075401, 0.997070, 0.012876, 0.011918, 0.000000, 0.000000, 0.000000, 1.000000
-24.8004, -52.6412, 16.7661, 229.6077, 251.5981, 52.6409, 183.1751, 27.7355, -102.1205, 11.9254, 0.874188, 0.485288, 0.017081, -0.052641, -0.485575, 0.873882, 0.023372, 0.016766, -0.003585, -0.028726, 0.999581, 0.229608, 0.000000, 0.000000, 0.000000, 1.000000, -0.003307, -0.029230, 0.999567, 0.251598, -0.874188, -0.485288, -0.017083, 0.052641, 0.485577, -0.873866, -0.023948, 0.183175, 0.000000, 0.000000, 0.000000, 1.000000, -0.997119, 0.075288, 0.009206, 0.027735, 0.008208, -0.013548, 0.999875, -0.102121, 0.075404, 0.997070, 0.012891, 0.011925, 0.000000, 0.000000, 0.000000, 1.000000
-24.7919, -52.6186, 16.7555, 229.6033, 251.5937, 52.6183, 183.1857, 27.7270, -102.1211, 11.9295, 0.874259, 0.485160, 0.017069, -0.052619, -0.485447, 0.873954, 0.023350, 0.016756, -0.003589, -0.028700, 0.999582, 0.229603, 0.000000, 0.000000, 0.000000, 1.000000, -0.003310, -0.029204, 0.999568, 0.251594, -0.874259, -0.485160, -0.017070, 0.052618, 0.485449, -0.873937, -0.023926, 0.183186, 0.000000, 0.000000, 0.000000, 1.000000, -0.997119, 0.075290, 0.009202, 0.027727, 0.008204, -0.013555, 0.999874, -0.102121, 0.075405, 0.997070, 0.012898, 0.011929, 0.000000, 0.000000, 0.000000, 1.000000
-24.7832, -52.5957, 16.7446, 229.5988, 251.5892, 52.5953, 183.1967, 27.7185, -102.1217, 11.9335, 0.874331, 0.485031, 0.017056, -0.052596, -0.485317, 0.874027, 0.023328, 0.016745, -0.003593, -0.028674, 0.999582, 0.229599, 0.000000, 0.000000, 0.000000, 1.000000, -0.003315, -0.029178, 0.999569, 0.251589, -0.874331, -0.485031, -0.017058, 0.052595, 0.485319, -0.874010, -0.023904, 0.183197, 0.000000, 0.000000, 0.000000, 1.000000, -0.997119, 0.075291, 0.009197, 0.027718, 0.008199, -0.013562, 0.999874, -0.102122, 0.075407, 0.997069, 0.012906, 0.011934, 0.000000, 0.000000, 0.000000, 1.000000
-24.7655, -52.5487, 16.7215, 229.5893, 251.5797, 52.5484, 183.2197, 27.7008, -102.1230, 11.9418, 0.874478, 0.484766, 0.017031, -0.052549, -0.485051, 0.874176, 0.023281, 0.016722, -0.003602, -0.028620, 0.999584, 0.229589, 0.000000, 0.000000, 0.000000, 1.000000, -0.003324, -0.029124, 0.999570, 0.251580, -0.874478, -0.484766, -0.017032, 0.052548, 0.485053, -0.874159, -0.023857, 0.183220, 0.000000, 0.000000, 0.000000, 1.000000, -0.997119, 0.075294, 0.009189, 0.027701, 0.008189, -0.013577, 0.999874, -0.102123, 0.075410, 0.997069, 0.012921, 0.011942, 0.000000, 0.000000, 0.000000, 1.000000
-24.7473, -52.5004, 16.6972, 229.5793, 251.5697, 52.5001, 183.2441, 27.6827, -102.1244, 11.9502, 0.874630, 0.484493, 0.017005, -0.052500, -0.484778, 0.874329, 0.023231, 0.016697, -0.003612, -0.028562, 0.999585, 0.229579, 0.000000, 0.000000, 0.000000, 1.000000, -0.003335, -0.029066, 0.999572, 0.251570, -0.874630, -0.484493, -0.017006, 0.052500, 0.484780, -0.874312, -0.023806, 0.183244, 0.000000, 0.000000, 0.000000, 1.000000, -0.997119, 0.075297, 0.009180, 0.027683, 0.008179, -0.013592, 0.999874, -0.102124, 0.075413, 0.997068, 0.012937, 0.011950, 0.000000, 0.000000, 0.000000, 1.000000
-24.7381, -52.4758, 16.6845, 229.5741, 251.5645, 52.4755, 183.2568, 27.6734, -102.1252, 11.9545, 0.874707, 0.484355, 0.016991, -0.052476, -0.484639, 0.874406, 0.023205, 0.016685, -0.003618, -0.028532, 0.999586, 0.229574, 0.000000, 0.000000, 0.000000, 1.000000, -0.003340, -0.029036, 0.999573, 0.251565, -0.874707, -0.484354, -0.016993, 0.052476, 0.484641, -0.874390, -0.023780, 0.183257, 0.000000, 0.000000, 0.000000, 1.000000, -0.997119, 0.075299, 0.009176, 0.027673, 0.008174, -0.013600, 0.999874, -0.102125, 0.075414, 0.997068, 0.012945, 0.011955, 0.000000, 0.000000, 0.000000, 1.000000
-24.7194, -52.4259, 16.6584, 229.5634, 251.5539, 52.4256, 183.2829, 27.6546, -102.1268, 11.9631, 0.874863, 0.484073, 0.016965, -0.052426, -0.484356, 0.874564, 0.023151, 0.016658, -0.003630, -0.028471, 0.999588, 0.229563, 0.000000, 0.000000, 0.000000, 1.000000, -0.003352, -0.028975, 0.999575, 0.251554, -0.874863, -0.484073, -0.016966, 0.052426, 0.484358, -0.874548, -0.023726, 0.183283, 0.000000, 0.000000, 0.000000, 1.000000, -0.997119, 0.075302, 0.009167, 0.027655, 0.008164, -0.013615, 0.999874, -0.102127, 0.075417, 0.997068, 0.012961, 0.011963, 0.000000, 0.000000, 0.000000, 1.000000
-24.7099, -52.4006, 16.6450, 229.5580, 251.5484, 52.4003, 183.2964, 27.6451, -102.1276, 11.9675, 0.874942, 0.483930, 0.016951, -0.052401, -0.484213, 0.874644, 0.023123, 0.016645, -0.003636, -0.028439, 0.999589, 0.229558, 0.000000, 0.000000, 0.000000, 1.000000, -0.003359, -0.028943, 0.999575, 0.251548, -0.874942, -0.483930, -0.016952, 0.052400, 0.484215, -0.874628, -0.023698, 0.183296, 0.000000, 0.000000, 0.000000, 1.000000, -0.997119, 0.075304, 0.009162, 0.027645, 0.008158, -0.013623, 0.999874, -0.102128, 0.075419, 0.997068, 0.012969, 0.011967, 0.000000, 0.000000, 0.000000, 1.000000
-24.6812, -52.3236, 16.6035, 229.5411, 251.5316, 52.3232, 183.3380, 27.6159, -102.1302, 11.9807, 0.875184, 0.483495, 0.016910, -0.052324, -0.483777, 0.874888, 0.023037, 0.016603, -0.003656, -0.028342, 0.999592, 0.229541, 0.000000, 0.000000, 0.000000, 1.000000, -0.003379, -0.028846, 0.999578, 0.251532, -0.875184, -0.483495, -0.016911, 0.052323, 0.483779, -0.874872, -0.023612, 0.183338, 0.000000, 0.000000, 0.000000, 1.000000, -0.997118, 0.075308, 0.009148, 0.027616, 0.008143, -0.013647, 0.999874, -0.102130, 0.075424, 0.997067, 0.012995, 0.011981, 0.000000, 0.000000, 0.000000, 1.000000
-24.6715, -52.2976, 16.5893, 229.5353, 251.5258, 52.2973, 183.3522, 27.6061, -102.1311, 11.9851, 0.875265, 0.483348, 0.016896, -0.052298, -0.483630, 0.874970, 0.023008, 0.016589, -0.003663, -0.028309, 0.999593, 0.229535, 0.000000, 0.000000, 0.000000, 1.000000, -0.003386, -0.028813, 0.999579, 0.251526, -0.875265, -0.483348, -0.016898, 0.052297, 0.483632, -0.874954, -0.023582, 0.183352, 0.000000, 0.000000, 0.000000, 1.000000, -0.997118, 0.075310, 0.009143, 0.027606, 0.008137, -0.013655, 0.999874, -0.102131, 0.075425, 0.997067, 0.013003, 0.011985, 0.000000, 0.000000, 0.000000, 1.000000
-24.6422, -52.2189, 16.5459, 229.5177, 251.5083, 52.2185, 183.3957, 27.5762, -102.1340, 11.9985, 0.875511, 0.482904, 0.016854, -0.052219, -0.483184, 0.875219, 0.022917, 0.016546, -0.003684, -0.028208, 0.999595, 0.229518, 0.000000, 0.000000, 0.000000, 1.000000, -0.003408, -0.028712, 0.999582, 0.251508, -0.875511, -0.482904, -0.016856, 0.052219, 0.483186, -0.875202, -0.023491, 0.183396, 0.000000, 0.000000, 0.000000, 1.000000, -0.997118, 0.075315, 0.009129, 0.027576, 0.008121, -0.013680, 0.999873, -0.102134, 0.075430, 0.997066, 0.013029, 0.011998, 0.000000, 0.000000, 0.000000, 1.000000
-24.6225, -52.1660, 16.5164, 229.5058, 251.4964, 52.1657, 183.4252, 27.5562, -102.1359, 12.0074, 0.875676, 0.482606, 0.016826, -0.052166, -0.482885, 0.875386, 0.022856, 0.016516, -0.003699, -0.028139, 0.999597, 0.229506, 0.000000, 0.000000, 0.000000, 1.000000, -0.003423, -0.028643, 0.999584, 0.251496, -0.875676, -0.482606, -0.016828, 0.052166, 0.482887, -0.875369, -0.023430, 0.183425, 0.000000, 0.000000, 0.000000, 1.000000, -0.997118, 0.075318, 0.009119, 0.027556, 0.008110, -0.013696, 0.999873, -0.102136, 0.075434, 0.997065, 0.013046, 0.012007, 0.000000, 0.000000, 0.000000, 1.000000
-24.6127, -52.1395, 16.5016, 229.4998, 251.4904, 52.1392, 183.4401, 27.5461, -102.1369, 12.0119, 0.875759, 0.482456, 0.016812, -0.052140, -0.482735, 0.875469, 0.022825, 0.016502, -0.003707, -0.028105, 0.999598, 0.229500, 0.000000, 0.000000, 0.000000, 1.000000, -0.003431, -0.028608, 0.999585, 0.251490, -0.875759, -0.482456, -0.016814, 0.052139, 0.482737, -0.875453, -0.023399, 0.183440, 0.000000, 0.000000, 0.000000, 1.000000, -0.997118, 0.075320, 0.009115, 0.027546, 0.008105, -0.013705, 0.999873, -0.102137, 0.075435, 0.997065, 0.013055, 0.012012, 0.000000, 0.000000, 0.000000, 1.000000
-24.5930, -52.0865, 16.4720, 229.4878, 251.4784, 52.0862, 183.4698, 27.5260, -102.1388, 12.0208, 0.875924, 0.482157, 0.016785, -0.052087, -0.482435, 0.875636, 0.022763, 0.016472, -0.003722, -0.028036, 0.999600, 0.229488, 0.000000, 0.000000, 0.000000, 1.000000, -0.003446, -0.028539, 0.999587, 0.251478, -0.875924, -0.482157, -0.016786, 0.052086, 0.482437, -0.875620, -0.023336, 0.183470, 0.000000, 0.000000, 0.000000, 1.000000, -0.997118, 0.075323, 0.009105, 0.027526, 0.008094, -0.013721, 0.999873, -0.102139, 0.075439, 0.997065, 0.013072, 0.012021, 0.000000, 0.000000, 0.000000, 1.000000
-24.5832, -52.0600, 16.4571, 229.4818, 251.4724, 52.0597, 183.4847, 27.5160, -102.1398, 12.0252, 0.876007, 0.482008, 0.016771, -0.052060, -0.482285, 0.875720, 0.022732, 0.016457, -0.003730, -0.028001, 0.999601, 0.229482, 0.000000, 0.000000, 0.000000, 1.000000, -0.003454, -0.028504, 0.999588, 0.251472, -0.876007, -0.482007, -0.016772, 0.052060, 0.482287, -0.875703, -0.023305, 0.183485, 0.000000, 0.000000, 0.000000, 1.000000, -0.997118, 0.075325, 0.009100, 0.027516, 0.008088, -0.013729, 0.999873, -0.102140, 0.075440, 0.997065, 0.013081, 0.012025, 0.000000, 0.000000, 0.000000, 1.000000
-24.5636, -52.0071, 16.4274, 229.4698, 251.4605, 52.0068, 183.5145, 27.4959, -102.1418, 12.0341, 0.876171, 0.481709, 0.016743, -0.052007, -0.481985, 0.875886, 0.022670, 0.016427, -0.003745, -0.027932, 0.999603, 0.229470, 0.000000, 0.000000, 0.000000, 1.000000, -0.003470, -0.028435, 0.999590, 0.251460, -0.876171, -0.481709, -0.016744, 0.052007, 0.481987, -0.875870, -0.023243, 0.183514, 0.000000, 0.000000, 0.000000, 1.000000, -0.997117, 0.075328, 0.009091, 0.027496, 0.008077, -0.013746, 0.999873, -0.102142, 0.075443, 0.997064, 0.013098, 0.012034, 0.000000, 0.000000, 0.000000, 1.000000
-24.5344, -51.9284, 16.3833, 229.4520, 251.4426, 51.9281, 183.5588, 27.4660, -102.1447, 12.0473, 0.876416, 0.481265, 0.016702, -0.051928, -0.481540, 0.876133, 0.022577, 0.016383, -0.003767, -0.027830, 0.999606, 0.229452, 0.000000, 0.000000, 0.000000, 1.000000, -0.003493, -0.028332, 0.999592, 0.251443, -0.876416, -0.481265, -0.016703, 0.051928, 0.481542, -0.876117, -0.023150, 0.183559, 0.000000, 0.000000, 0.000000, 1.000000, -0.997117, 0.075333, 0.009077, 0.027466, 0.008061, -0.013771, 0.999873, -0.102145, 0.075448, 0.997063, 0.013124, 0.012047, 0.000000, 0.000000, 0.000000, 1.000000
-24.5152, -51.8766, 16.3544, 229.4402, 251.4309, 51.8762, 183.5878, 27.4463, -102.1466, 12.0560, 0.876577, 0.480972, 0.016674, -0.051877, -0.481246, 0.876296, 0.022517, 0.016354, -0.003782, -0.027762, 0.999607, 0.229440, 0.000000, 0.000000, 0.000000, 1.000000, -0.003508, -0.028264, 0.999594, 0.251431, -0.876577, -0.480972, -0.016676, 0.051876, 0.481249, -0.876280, -0.023089, 0.183588, 0.000000, 0.000000, 0.000000, 1.000000, -0.997117, 0.075336, 0.009067, 0.027446, 0.008051, -0.013787, 0.999873, -0.102147, 0.075452, 0.997063, 0.013140, 0.012056, 0.000000, 0.000000, 0.000000, 1.000000
-24.5057, -51.8509, 16.3401, 229.4344, 251.4251, 51.8506, 183.6022, 27.4366, -102.1475, 12.0603, 0.876657, 0.480828, 0.016661, -0.051851, -0.481101, 0.876377, 0.022487, 0.016340, -0.003789, -0.027729, 0.999608, 0.229434, 0.000000, 0.000000, 0.000000, 1.000000, -0.003515, -0.028231, 0.999595, 0.251425, -0.876657, -0.480828, -0.016662, 0.051851, 0.481103, -0.876361, -0.023058, 0.183602, 0.000000, 0.000000, 0.000000, 1.000000, -0.997117, 0.075338, 0.009062, 0.027437, 0.008045, -0.013795, 0.999872, -0.102148, 0.075453, 0.997063, 0.013149, 0.012060, 0.000000, 0.000000, 0.000000, 1.000000
-24.4869, -51.8002, 16.3119, 229.4230, 251.4137, 51.7999, 183.6305, 27.4174, -102.1494, 12.0688, 0.876814, 0.480542, 0.016634, -0.051800, -0.480814, 0.876536, 0.022428, 0.016312, -0.003803, -0.027663, 0.999610, 0.229423, 0.000000, 0.000000, 0.000000, 1.000000, -0.003530, -0.028165, 0.999597, 0.251414, -0.876814, -0.480542, -0.016636, 0.051800, 0.480816, -0.876520, -0.022999, 0.183630, 0.000000, 0.000000, 0.000000, 1.000000, -0.997117, 0.075341, 0.009053, 0.027417, 0.008035, -0.013810, 0.999872, -0.102149, 0.075456, 0.997062, 0.013165, 0.012069, 0.000000, 0.000000, 0.000000, 1.000000
-24.4776, -51.7751, 16.2981, 229.4174, 251.4081, 51.7748, 183.6444, 27.4079, -102.1503, 12.0731, 0.876892, 0.480400, 0.016621, -0.051775, -0.480673, 0.876614, 0.022399, 0.016298, -0.003810, -0.027631, 0.999611, 0.229417, 0.000000, 0.000000, 0.000000, 1.000000, -0.003537, -0.028132, 0.999598, 0.251408, -0.876892, -0.480400, -0.016623, 0.051775, 0.480675, -0.876598, -0.022970, 0.183644, 0.000000, 0.000000, 0.000000, 1.000000, -0.997117, 0.075343, 0.009049, 0.027408, 0.008030, -0.013818, 0.999872, -0.102150, 0.075458, 0.997062, 0.013173, 0.012073, 0.000000, 0.000000, 0.000000, 1.000000
-24.4592, -51.7256, 16.2708, 229.4063, 251.3970, 51.7252, 183.6718, 27.3891, -102.1521, 12.0814, 0.877046, 0.480120, 0.016595, -0.051726, -0.480392, 0.876769, 0.022342, 0.016271, -0.003824, -0.027567, 0.999613, 0.229406, 0.000000, 0.000000, 0.000000, 1.000000, -0.003551, -0.028068, 0.999600, 0.251397, -0.877046, -0.480120, -0.016597, 0.051725, 0.480394, -0.876753, -0.022912, 0.183672, 0.000000, 0.000000, 0.000000, 1.000000, -0.997117, 0.075346, 0.009040, 0.027389, 0.008019, -0.013834, 0.999872, -0.102152, 0.075461, 0.997062, 0.013190, 0.012081, 0.000000, 0.000000, 0.000000, 1.000000
-24.4501, -51.7011, 16.2574, 229.4008, 251.3916, 51.7008, 183.6852, 27.3798, -102.1530, 12.0855, 0.877121, 0.479982, 0.016583, -0.051701, -0.480254, 0.876846, 0.022314, 0.016257, -0.003830, -0.027536, 0.999613, 0.229401, 0.000000, 0.000000, 0.000000, 1.000000, -0.003558, -0.028036, 0.999601, 0.251392, -0.877121, -0.479982, -0.016584, 0.051701, 0.480256, -0.876830, -0.022884, 0.183685, 0.000000, 0.000000, 0.000000, 1.000000, -0.997116, 0.075347, 0.009035, 0.027380, 0.008014, -0.013841, 0.999872, -0.102153, 0.075463, 0.997061, 0.013197, 0.012085, 0.000000, 0.000000, 0.000000, 1.000000
-24.4322, -51.6528, 16.2312, 229.3901, 251.3809, 51.6525, 183.7116, 27.3616, -102.1547, 12.0936, 0.877271, 0.479710, 0.016557, -0.051653, -0.479980, 0.876997, 0.022259, 0.016231, -0.003843, -0.027474, 0.999615, 0.229390, 0.000000, 0.000000, 0.000000, 1.000000, -0.003571, -0.027975, 0.999602, 0.251381, -0.877271, -0.479710, -0.016559, 0.051652, 0.479982, -0.876981, -0.022828, 0.183712, 0.000000, 0.000000, 0.000000, 1.000000, -0.997116, 0.075350, 0.009027, 0.027362, 0.008004, -0.013856, 0.999872, -0.102155, 0.075466, 0.997061, 0.013213, 0.012094, 0.000000, 0.000000, 0.000000, 1.000000
-24.4234, -51.6290, 16.2183, 229.3848, 251.3756, 51.6287, 183.7245, 27.3526, -102.1555, 12.0976, 0.877344, 0.479576, 0.016545, -0.051629, -0.479846, 0.877071, 0.022232, 0.016218, -0.003849, -0.027444, 0.999616, 0.229385, 0.000000, 0.000000, 0.000000, 1.000000, -0.003577, -0.027944, 0.999603, 0.251376, -0.877344, -0.479576, -0.016546, 0.051629, 0.479848, -0.877055, -0.022801, 0.183725, 0.000000, 0.000000, 0.000000, 1.000000, -0.997116, 0.075352, 0.009022, 0.027353, 0.008000, -0.013864, 0.999872, -0.102155, 0.075467, 0.997061, 0.013221, 0.012098, 0.000000, 0.000000, 0.000000, 1.000000
-24.3975, -51.5594, 16.1811, 229.3696, 251.3604, 51.5590, 183.7620, 27.3263, -102.1579, 12.1094, 0.877560, 0.479183, 0.016508, -0.051559, -0.479452, 0.877288, 0.022154, 0.016181, -0.003867, -0.027357, 0.999618, 0.229370, 0.000000, 0.000000, 0.000000, 1.000000, -0.003595, -0.027856, 0.999605, 0.251360, -0.877560, -0.479183, -0.016510, 0.051559, 0.479454, -0.877273, -0.022722, 0.183762, 0.000000, 0.000000, 0.000000, 1.000000, -0.997116, 0.075356, 0.009010, 0.027326, 0.007985, -0.013885, 0.999872, -0.102158, 0.075471, 0.997060, 0.013244, 0.012109, 0.000000, 0.000000, 0.000000, 1.000000
-24.3808, -51.5144, 16.1573, 229.3598, 251.3506, 51.5140, 183.7859, 27.3093, -102.1594, 12.1170, 0.877699, 0.478929, 0.016485, -0.051514, -0.479197, 0.877429, 0.022105, 0.016157, -0.003878, -0.027301, 0.999620, 0.229360, 0.000000, 0.000000, 0.000000, 1.000000, -0.003607, -0.027799, 0.999607, 0.251351, -0.877699, -0.478929, -0.016486, 0.051514, 0.479199, -0.877413, -0.022672, 0.183786, 0.000000, 0.000000, 0.000000, 1.000000, -0.997116, 0.075359, 0.009001, 0.027309, 0.007976, -0.013899, 0.999872, -0.102159, 0.075474, 0.997060, 0.013258, 0.012117, 0.000000, 0.000000, 0.000000, 1.000000
-24.3726, -51.4923, 16.1458, 229.3550, 251.3459, 51.4919, 183.7976, 27.3010, -102.1601, 12.1207, 0.877767, 0.478805, 0.016473, -0.051492, -0.479072, 0.877498, 0.022081, 0.016146, -0.003883, -0.027273, 0.999620, 0.229355, 0.000000, 0.000000, 0.000000, 1.000000, -0.003612, -0.027772, 0.999608, 0.251346, -0.877767, -0.478805, -0.016475, 0.051492, 0.479074, -0.877482, -0.022648, 0.183798, 0.000000, 0.000000, 0.000000, 1.000000, -0.997116, 0.075360, 0.008997, 0.027301, 0.007971, -0.013906, 0.999872, -0.102160, 0.075476, 0.997059, 0.013265, 0.012121, 0.000000, 0.000000, 0.000000, 1.000000
-24.3565, -51.4501, 16.1301, 229.3481, 251.3390, 51.4497, 183.8133, 27.2855, -102.1607, 12.1284, 0.877897, 0.478568, 0.016450, -0.051450, -0.478834, 0.877628, 0.022049, 0.016130, -0.003885, -0.027234, 0.999622, 0.229348, 0.000000, 0.000000, 0.000000, 1.000000, -0.003615, -0.027732, 0.999609, 0.251339, -0.877897, -0.478568, -0.016452, 0.051450, 0.478837, -0.877613, -0.022616, 0.183813, 0.000000, 0.000000, 0.000000, 1.000000, -0.997116, 0.075363, 0.008989, 0.027286, 0.007962, -0.013919, 0.999871, -0.102161, 0.075478, 0.997059, 0.013279, 0.012128, 0.000000, 0.000000, 0.000000, 1.000000
-24.3486, -51.4295, 16.1224, 229.3448, 251.3357, 51.4291, 183.8210, 27.2780, -102.1610, 12.1321, 0.877960, 0.478452, 0.016439, -0.051429, -0.478718, 0.877692, 0.022034, 0.016122, -0.003886, -0.027215, 0.999622, 0.229345, 0.000000, 0.000000, 0.000000, 1.000000, -0.003616, -0.027713, 0.999609, 0.251336, -0.877960, -0.478451, -0.016440, 0.051429, 0.478720, -0.877677, -0.022601, 0.183821, 0.000000, 0.000000, 0.000000, 1.000000, -0.997116, 0.075364, 0.008986, 0.027278, 0.007958, -0.013926, 0.999871, -0.102161, 0.075480, 0.997059, 0.013286, 0.012132, 0.000000, 0.000000, 0.000000, 1.000000
-24.3333, -51.3891, 16.1072, 229.3381, 251.3290, 51.3888, 183.8363, 27.2632, -102.1615, 12.1394, 0.878084, 0.478225, 0.016417, -0.051389, -0.478491, 0.877817, 0.022004, 0.016107, -0.003888, -0.027176, 0.999623, 0.229338, 0.000000, 0.000000, 0.000000, 1.000000, -0.003619, -0.027674, 0.999610, 0.251329, -0.878084, -0.478225, -0.016418, 0.051389, 0.478493, -0.877801, -0.022570, 0.183836, 0.000000, 0.000000, 0.000000, 1.000000, -0.997115, 0.075367, 0.008978, 0.027263, 0.007949, -0.013938, 0.999871, -0.102162, 0.075482, 0.997058, 0.013299, 0.012139, 0.000000, 0.000000, 0.000000, 1.000000
-24.3258, -51.3695, 16.0997, 229.3349, 251.3258, 51.3691, 183.8439, 27.2559, -102.1618, 12.1430, 0.878144, 0.478114, 0.016406, -0.051369, -0.478380, 0.877878, 0.021989, 0.016100, -0.003890, -0.027158, 0.999624, 0.229335, 0.000000, 0.000000, 0.000000, 1.000000, -0.003620, -0.027655, 0.999611, 0.251326, -0.878144, -0.478114, -0.016408, 0.051369, 0.478382, -0.877862, -0.022555, 0.183844, 0.000000, 0.000000, 0.000000, 1.000000, -0.997115, 0.075368, 0.008974, 0.027256, 0.007945, -0.013944, 0.999871, -0.102162, 0.075483, 0.997058, 0.013305, 0.012143, 0.000000, 0.000000, 0.000000, 1.000000
-24.3112, -51.3310, 16.0848, 229.3284, 251.3193, 51.3306, 183.8589, 27.2418, -102.1625, 12.1499, 0.878263, 0.477898, 0.016386, -0.051331, -0.478163, 0.877997, 0.021959, 0.016085, -0.003892, -0.027120, 0.999625, 0.229328, 0.000000, 0.000000, 0.000000, 1.000000, -0.003623, -0.027618, 0.999612, 0.251319, -0.878263, -0.477898, -0.016387, 0.051331, 0.478165, -0.877981, -0.022524, 0.183859, 0.000000, 0.000000, 0.000000, 1.000000, -0.997115, 0.075370, 0.008967, 0.027242, 0.007937, -0.013956, 0.999871, -0.102162, 0.075486, 0.997058, 0.013318, 0.012150, 0.000000, 0.000000, 0.000000, 1.000000
-24.2971, -51.2937, 16.0701, 229.3220, 251.3130, 51.2933, 183.8737, 27.2280, -102.1631, 12.1566, 0.878377, 0.477688, 0.016366, -0.051294, -0.477952, 0.878112, 0.021929, 0.016070, -0.003896, -0.027084, 0.999626, 0.229322, 0.000000, 0.000000, 0.000000, 1.000000, -0.003627, -0.027581, 0.999613, 0.251313, -0.878377, -0.477688, -0.016367, 0.051293, 0.477954, -0.878097, -0.022494, 0.183874, 0.000000, 0.000000, 0.000000, 1.000000, -0.997115, 0.075373, 0.008960, 0.027228, 0.007929, -0.013968, 0.999871, -0.102163, 0.075488, 0.997058, 0.013330, 0.012157, 0.000000, 0.000000, 0.000000, 1.000000
-24.2902, -51.2755, 16.0628, 229.3189, 251.3098, 51.2751, 183.8811, 27.2213, -102.1634, 12.1599, 0.878433, 0.477585, 0.016356, -0.051275, -0.477849, 0.878168, 0.021914, 0.016063, -0.003897, -0.027066, 0.999626, 0.229319, 0.000000, 0.000000, 0.000000, 1.000000, -0.003628, -0.027563, 0.999613, 0.251310, -0.878433, -0.477585, -0.016357, 0.051275, 0.477851, -0.878153, -0.022479, 0.183881, 0.000000, 0.000000, 0.000000, 1.000000, -0.997115, 0.075374, 0.008957, 0.027221, 0.007925, -0.013973, 0.999871, -0.102163, 0.075489, 0.997057, 0.013336, 0.012160, 0.000000, 0.000000, 0.000000, 1.000000
-24.2834, -51.2575, 16.0555, 229.3157, 251.3067, 51.2572, 183.8884, 27.2147, -102.1637, 12.1631, 0.878488, 0.477484, 0.016346, -0.051257, -0.477748, 0.878224, 0.021899, 0.016056, -0.003899, -0.027048, 0.999627, 0.229316, 0.000000, 0.000000, 0.000000, 1.000000, -0.003630, -0.027544, 0.999614, 0.251307, -0.878488, -0.477484, -0.016348, 0.051257, 0.477750, -0.878209, -0.022464, 0.183888, 0.000000, 0.000000, 0.000000, 1.000000, -0.997115, 0.075375, 0.008954, 0.027215, 0.007922, -0.013979, 0.999871, -0.102164, 0.075490, 0.997057, 0.013342, 0.012163, 0.000000, 0.000000, 0.000000, 1.000000
-24.2636, -51.2052, 16.0338, 229.3064, 251.2974, 51.2048, 183.9103, 27.1954, -102.1648, 12.1723, 0.878649, 0.477190, 0.016318, -0.051205, -0.477453, 0.878386, 0.021855, 0.016034, -0.003905, -0.026994, 0.999628, 0.229306, 0.000000, 0.000000, 0.000000, 1.000000, -0.003637, -0.027490, 0.999615, 0.251297, -0.878649, -0.477190, -0.016320, 0.051205, 0.477455, -0.878370, -0.022419, 0.183910, 0.000000, 0.000000, 0.000000, 1.000000, -0.997115, 0.075378, 0.008944, 0.027195, 0.007911, -0.013995, 0.999871, -0.102165, 0.075494, 0.997057, 0.013359, 0.012172, 0.000000, 0.000000, 0.000000, 1.000000
