# Joint_A_Angle(deg), Cam_X(mm), Cam_Y(mm), Cam_Z(mm), Torso_X(mm), Torso_Y(mm), Torso_Z(mm), EE_X(mm), EE_Y(mm), EE_Z(mm), T_cam2marker_flat(16), T_torso2marker_flat(16), T_ee2marker_flat(16)
-14.9997, -46.8539, -83.6286, 317.0508, 386.0693, 55.8537, 340.6543, 16.7617, -37.1046, -62.2726, 0.349862, 0.915873, -0.196909, -0.046854, -0.936712, 0.344922, -0.060004, -0.083629, 0.012962, 0.205440, 0.978584, 0.317051, 0.000000, 0.000000, 0.000000, 1.000000, 0.013084, 0.205394, 0.978592, 0.386069, -0.349862, -0.915873, 0.196908, 0.055854, 0.936710, -0.344949, 0.059876, 0.340654, 0.000000, 0.000000, 0.000000, 1.000000, -0.999774, 0.020953, 0.003667, 0.016762, 0.002273, -0.066177, 0.997805, -0.037105, 0.021149, 0.997588, 0.066114, -0.062273, 0.000000, 0.000000, 0.000000, 1.000000
-14.9998, -46.8525, -83.6376, 317.0456, 386.0642, 55.8523, 340.6631, 16.7617, -37.1046, -62.2726, 0.349868, 0.915871, -0.196909, -0.046853, -0.936710, 0.344923, -0.060027, -0.083638, 0.012941, 0.205448, 0.978582, 0.317046, 0.000000, 0.000000, 0.000000, 1.000000, 0.013064, 0.205402, 0.978591, 0.386064, -0.349868, -0.915871, 0.196908, 0.055852, 0.936708, -0.344950, 0.059898, 0.340663, 0.000000, 0.000000, 0.000000, 1.000000, -0.999774, 0.020953, 0.003667, 0.016762, 0.002273, -0.066177, 0.997805, -0.037105, 0.021149, 0.997588, 0.066114, -0.062273, 0.000000, 0.000000, 0.000000, 1.000000
-14.9999, -46.8503, -83.6522, 317.0373, 386.0560, 55.8500, 340.6774, 16.7617, -37.1046, -62.2726, 0.349877, 0.915867, -0.196909, -0.046850, -0.936707, 0.344925, -0.060064, -0.083652, 0.012908, 0.205461, 0.978580, 0.317037, 0.000000, 0.000000, 0.000000, 1.000000, 0.013032, 0.205415, 0.978588, 0.386056, -0.349877, -0.915867, 0.196908, 0.055850, 0.936705, -0.344952, 0.059935, 0.340677, 0.000000, 0.000000, 0.000000, 1.000000, -0.999774, 0.020953, 0.003667, 0.016762, 0.002273, -0.066177, 0.997805, -0.037105, 0.021150, 0.997588, 0.066114, -0.062273, 0.000000, 0.000000, 0.000000, 1.000000
-14.9999, -46.8503, -83.6522, 317.0373, 386.0560, 55.8500, 340.6774, 16.7617, -37.1046, -62.2726, 0.349877, 0.915867, -0.196909, -0.046850, -0.936707, 0.344925, -0.060064, -0.083652, 0.012908, 0.205461, 0.978580, 0.317037, 0.000000, 0.000000, 0.000000, 1.000000, 0.013032, 0.205415, 0.978588, 0.386056, -0.349877, -0.915867, 0.196908, 0.055850, 0.936705, -0.344952, 0.059935, 0.340677, 0.000000, 0.000000, 0.000000, 1.000000, -0.999774, 0.020953, 0.003667, 0.016762, 0.002273, -0.066177, 0.997805, -0.037105, 0.021150, 0.997588, 0.066114, -0.062273, 0.000000, 0.000000, 0.000000, 1.000000
-15.0000, -46.8479, -83.6676, 317.0286, 386.0474, 55.8477, 340.6925, 16.7618, -37.1047, -62.2725, 0.349887, 0.915863, -0.196909, -0.046848, -0.936703, 0.344927, -0.060103, -0.083668, 0.012873, 0.205475, 0.978578, 0.317029, 0.000000, 0.000000, 0.000000, 1.000000, 0.012998, 0.205428, 0.978586, 0.386047, -0.349887, -0.915863, 0.196908, 0.055848, 0.936702, -0.344954, 0.059973, 0.340692, 0.000000, 0.000000, 0.000000, 1.000000, -0.999774, 0.020953, 0.003667, 0.016762, 0.002273, -0.066176, 0.997805, -0.037105, 0.021150, 0.997588, 0.066114, -0.062273, 0.000000, 0.000000, 0.000000, 1.000000
-15.0000, -46.8471, -83.6728, 317.0257, 386.0445, 55.8469, 340.6976, 16.7618, -37.1047, -62.2725, 0.349891, 0.915862, -0.196909, -0.046847, -0.936702, 0.344928, -0.060116, -0.083673, 0.012861, 0.205479, 0.978577, 0.317026, 0.000000, 0.000000, 0.000000, 1.000000, 0.012986, 0.205432, 0.978585, 0.386045, -0.349891, -0.915862, 0.196908, 0.055847, 0.936700, -0.344955, 0.059986, 0.340698, 0.000000, 0.000000, 0.000000, 1.000000, -0.999774, 0.020953, 0.003667, 0.016762, 0.002273, -0.066176, 0.997805, -0.037105, 0.021150, 0.997588, 0.066114, -0.062273, 0.000000, 0.000000, 0.000000, 1.000000
-15.0001, -46.8455, -83.6831, 317.0199, 386.0387, 55.8453, 340.7078, 16.7618, -37.1047, -62.2725, 0.349898, 0.915859, -0.196909, -0.046846, -0.936700, 0.344929, -0.060142, -0.083683, 0.012838, 0.205488, 0.978575, 0.317020, 0.000000, 0.000000, 0.000000, 1.000000, 0.012963, 0.205441, 0.978584, 0.386039, -0.349898, -0.915860, 0.196908, 0.055845, 0.936698, -0.344957, 0.060011, 0.340708, 0.000000, 0.000000, 0.000000, 1.000000, -0.999774, 0.020953, 0.003668, 0.016762, 0.002273, -0.066176, 0.997805, -0.037105, 0.021150, 0.997588, 0.066114, -0.062273, 0.000000, 0.000000, 0.000000, 1.000000
-15.0001, -46.8448, -83.6882, 317.0170, 386.0359, 55.8445, 340.7128, 16.7619, -37.1047, -62.2725, 0.349901, 0.915858, -0.196909, -0.046845, -0.936699, 0.344930, -0.060155, -0.083688, 0.012826, 0.205492, 0.978575, 0.317017, 0.000000, 0.000000, 0.000000, 1.000000, 0.012951, 0.205446, 0.978583, 0.386036, -0.349901, -0.915858, 0.196908, 0.055845, 0.936697, -0.344957, 0.060024, 0.340713, 0.000000, 0.000000, 0.000000, 1.000000, -0.999774, 0.020953, 0.003668, 0.016762, 0.002274, -0.066176, 0.997805, -0.037105, 0.021150, 0.997588, 0.066114, -0.062273, 0.000000, 0.000000, 0.000000, 1.000000
-15.0001, -46.8433, -83.6981, 317.0114, 386.0303, 55.8431, 340.7225, 16.7619, -37.1048, -62.2725, 0.349906, 0.915856, -0.196908, -0.046843, -0.936697, 0.344930, -0.060181, -0.083698, 0.012802, 0.205501, 0.978573, 0.317011, 0.000000, 0.000000, 0.000000, 1.000000, 0.012928, 0.205454, 0.978581, 0.386030, -0.349906, -0.915856, 0.196907, 0.055843, 0.936695, -0.344958, 0.060049, 0.340723, 0.000000, 0.000000, 0.000000, 1.000000, -0.999774, 0.020953, 0.003668, 0.016762, 0.002274, -0.066176, 0.997805, -0.037105, 0.021150, 0.997588, 0.066114, -0.062273, 0.000000, 0.000000, 0.000000, 1.000000
-14.9999, -46.8421, -83.7074, 317.0060, 386.0250, 55.8419, 340.7317, 16.7619, -37.1049, -62.2725, 0.349910, 0.915855, -0.196907, -0.046842, -0.936696, 0.344929, -0.060206, -0.083707, 0.012779, 0.205508, 0.978572, 0.317006, 0.000000, 0.000000, 0.000000, 1.000000, 0.012905, 0.205461, 0.978580, 0.386025, -0.349910, -0.915855, 0.196906, 0.055842, 0.936694, -0.344956, 0.060074, 0.340732, 0.000000, 0.000000, 0.000000, 1.000000, -0.999774, 0.020953, 0.003668, 0.016762, 0.002274, -0.066176, 0.997805, -0.037105, 0.021150, 0.997588, 0.066113, -0.062273, 0.000000, 0.000000, 0.000000, 1.000000
-14.9998, -46.8416, -83.7117, 317.0035, 386.0225, 55.8413, 340.7360, 16.7619, -37.1049, -62.2726, 0.349911, 0.915855, -0.196906, -0.046842, -0.936696, 0.344927, -0.060218, -0.083712, 0.012767, 0.205512, 0.978571, 0.317003, 0.000000, 0.000000, 0.000000, 1.000000, 0.012893, 0.205464, 0.978580, 0.386022, -0.349911, -0.915855, 0.196905, 0.055841, 0.936694, -0.344955, 0.060086, 0.340736, 0.000000, 0.000000, 0.000000, 1.000000, -0.999774, 0.020953, 0.003668, 0.016762, 0.002274, -0.066176, 0.997805, -0.037105, 0.021150, 0.997588, 0.066113, -0.062273, 0.000000, 0.000000, 0.000000, 1.000000
-14.9994, -46.8408, -83.7197, 316.9987, 386.0178, 55.8406, 340.7438, 16.7618, -37.1050, -62.2727, 0.349911, 0.915856, -0.196903, -0.046841, -0.936696, 0.344922, -0.060242, -0.083720, 0.012743, 0.205517, 0.978571, 0.316999, 0.000000, 0.000000, 0.000000, 1.000000, 0.012870, 0.205470, 0.978579, 0.386018, -0.349911, -0.915856, 0.196902, 0.055841, 0.936694, -0.344950, 0.060109, 0.340744, 0.000000, 0.000000, 0.000000, 1.000000, -0.999774, 0.020954, 0.003668, 0.016762, 0.002274, -0.066176, 0.997805, -0.037105, 0.021150, 0.997588, 0.066113, -0.062273, 0.000000, 0.000000, 0.000000, 1.000000
-14.9991, -46.8406, -83.7232, 316.9965, 386.0156, 55.8404, 340.7473, 16.7618, -37.1051, -62.2728, 0.349909, 0.915857, -0.196901, -0.046841, -0.936697, 0.344918, -0.060253, -0.083723, 0.012732, 0.205519, 0.978570, 0.316996, 0.000000, 0.000000, 0.000000, 1.000000, 0.012858, 0.205472, 0.978579, 0.386016, -0.349909, -0.915857, 0.196900, 0.055840, 0.936695, -0.344946, 0.060120, 0.340747, 0.000000, 0.000000, 0.000000, 1.000000, -0.999774, 0.020954, 0.003668, 0.016762, 0.002274, -0.066175, 0.997805, -0.037105, 0.021150, 0.997588, 0.066113, -0.062273, 0.000000, 0.000000, 0.000000, 1.000000
-14.9978, -46.8408, -83.7318, 316.9907, 386.0099, 55.8405, 340.7558, 16.7616, -37.1055, -62.2732, 0.349898, 0.915863, -0.196892, -0.046841, -0.936702, 0.344899, -0.060285, -0.083732, 0.012695, 0.205523, 0.978570, 0.316991, 0.000000, 0.000000, 0.000000, 1.000000, 0.012822, 0.205475, 0.978578, 0.386010, -0.349898, -0.915863, 0.196891, 0.055841, 0.936700, -0.344927, 0.060152, 0.340756, 0.000000, 0.000000, 0.000000, 1.000000, -0.999774, 0.020953, 0.003667, 0.016762, 0.002273, -0.066175, 0.997805, -0.037105, 0.021150, 0.997588, 0.066112, -0.062273, 0.000000, 0.000000, 0.000000, 1.000000
-14.9965, -46.8421, -83.7318, 316.9899, 386.0091, 55.8419, 340.7556, 16.7614, -37.1057, -62.2736, 0.349881, 0.915871, -0.196884, -0.046842, -0.936708, 0.344880, -0.060295, -0.083732, 0.012679, 0.205519, 0.978571, 0.316990, 0.000000, 0.000000, 0.000000, 1.000000, 0.012807, 0.205472, 0.978579, 0.386009, -0.349881, -0.915871, 0.196884, 0.055842, 0.936706, -0.344908, 0.060162, 0.340756, 0.000000, 0.000000, 0.000000, 1.000000, -0.999774, 0.020953, 0.003667, 0.016761, 0.002273, -0.066174, 0.997806, -0.037106, 0.021150, 0.997588, 0.066111, -0.062274, 0.000000, 0.000000, 0.000000, 1.000000
-14.9957, -46.8439, -83.7254, 316.9931, 386.0124, 55.8436, 340.7490, 16.7612, -37.1059, -62.2738, 0.349867, 0.915877, -0.196880, -0.046844, -0.936713, 0.344868, -0.060285, -0.083725, 0.012684, 0.205512, 0.978572, 0.316993, 0.000000, 0.000000, 0.000000, 1.000000, 0.012812, 0.205464, 0.978581, 0.386012, -0.349868, -0.915877, 0.196879, 0.055844, 0.936712, -0.344896, 0.060151, 0.340749, 0.000000, 0.000000, 0.000000, 1.000000, -0.999774, 0.020953, 0.003666, 0.016761, 0.002272, -0.066173, 0.997806, -0.037106, 0.021150, 0.997588, 0.066111, -0.062274, 0.000000, 0.000000, 0.000000, 1.000000
-14.9939, -46.8477, -83.7125, 316.9992, 386.0187, 55.8474, 340.7358, 16.7609, -37.1062, -62.2744, 0.349837, 0.915891, -0.196870, -0.046848, -0.936725, 0.344840, -0.060266, -0.083712, 0.012691, 0.205496, 0.978576, 0.316999, 0.000000, 0.000000, 0.000000, 1.000000, 0.012820, 0.205448, 0.978584, 0.386019, -0.349837, -0.915891, 0.196869, 0.055847, 0.936723, -0.344868, 0.060131, 0.340736, 0.000000, 0.000000, 0.000000, 1.000000, -0.999774, 0.020953, 0.003665, 0.016761, 0.002271, -0.066172, 0.997806, -0.037106, 0.021149, 0.997588, 0.066110, -0.062274, 0.000000, 0.000000, 0.000000, 1.000000
-14.9929, -46.8497, -83.7060, 317.0023, 386.0218, 55.8495, 340.7291, 16.7607, -37.1064, -62.2747, 0.349820, 0.915899, -0.196864, -0.046850, -0.936731, 0.344825, -0.060257, -0.083706, 0.012694, 0.205488, 0.978577, 0.317002, 0.000000, 0.000000, 0.000000, 1.000000, 0.012823, 0.205439, 0.978586, 0.386022, -0.349820, -0.915899, 0.196863, 0.055849, 0.936729, -0.344853, 0.060122, 0.340729, 0.000000, 0.000000, 0.000000, 1.000000, -0.999774, 0.020953, 0.003665, 0.016761, 0.002271, -0.066172, 0.997806, -0.037106, 0.021149, 0.997588, 0.066109, -0.062275, 0.000000, 0.000000, 0.000000, 1.000000
-14.9906, -46.8540, -83.6931, 317.0081, 386.0277, 55.8538, 340.7159, 16.7603, -37.1069, -62.2754, 0.349783, 0.915916, -0.196851, -0.046854, -0.936745, 0.344790, -0.060242, -0.083693, 0.012696, 0.205471, 0.978581, 0.317008, 0.000000, 0.000000, 0.000000, 1.000000, 0.012826, 0.205422, 0.978589, 0.386028, -0.349783, -0.915916, 0.196850, 0.055854, 0.936743, -0.344819, 0.060106, 0.340716, 0.000000, 0.000000, 0.000000, 1.000000, -0.999774, 0.020952, 0.003664, 0.016760, 0.002270, -0.066170, 0.997806, -0.037107, 0.021149, 0.997588, 0.066108, -0.062275, 0.000000, 0.000000, 0.000000, 1.000000
-14.9880, -46.8587, -83.6801, 317.0137, 386.0334, 55.8585, 340.7026, 16.7598, -37.1074, -62.2762, 0.349742, 0.915935, -0.196836, -0.046859, -0.936760, 0.344750, -0.060229, -0.083680, 0.012694, 0.205453, 0.978585, 0.317014, 0.000000, 0.000000, 0.000000, 1.000000, 0.012824, 0.205404, 0.978593, 0.386033, -0.349742, -0.915935, 0.196836, 0.055858, 0.936758, -0.344779, 0.060092, 0.340703, 0.000000, 0.000000, 0.000000, 1.000000, -0.999774, 0.020952, 0.003662, 0.016760, 0.002268, -0.066169, 0.997806, -0.037107, 0.021148, 0.997588, 0.066106, -0.062276, 0.000000, 0.000000, 0.000000, 1.000000
-14.9866, -46.8612, -83.6737, 317.0163, 386.0361, 55.8610, 340.6960, 16.7595, -37.1077, -62.2766, 0.349719, 0.915945, -0.196828, -0.046861, -0.936769, 0.344729, -0.060224, -0.083674, 0.012691, 0.205444, 0.978587, 0.317016, 0.000000, 0.000000, 0.000000, 1.000000, 0.012822, 0.205395, 0.978595, 0.386036, -0.349719, -0.915945, 0.196828, 0.055861, 0.936767, -0.344757, 0.060086, 0.340696, 0.000000, 0.000000, 0.000000, 1.000000, -0.999774, 0.020952, 0.003662, 0.016760, 0.002268, -0.066168, 0.997806, -0.037108, 0.021148, 0.997589, 0.066105, -0.062277, 0.000000, 0.000000, 0.000000, 1.000000
-14.9834, -46.8665, -83.6606, 317.0215, 386.0414, 55.8663, 340.6827, 16.7590, -37.1084, -62.2776, 0.349671, 0.915967, -0.196810, -0.046867, -0.936787, 0.344681, -0.060215, -0.083661, 0.012682, 0.205425, 0.978591, 0.317022, 0.000000, 0.000000, 0.000000, 1.000000, 0.012814, 0.205376, 0.978599, 0.386041, -0.349671, -0.915967, 0.196810, 0.055866, 0.936785, -0.344710, 0.060077, 0.340683, 0.000000, 0.000000, 0.000000, 1.000000, -0.999774, 0.020951, 0.003660, 0.016759, 0.002266, -0.066166, 0.997806, -0.037108, 0.021148, 0.997589, 0.066104, -0.062278, 0.000000, 0.000000, 0.000000, 1.000000
-14.9780, -46.8753, -83.6409, 317.0289, 386.0489, 55.8750, 340.6625, 16.7580, -37.1095, -62.2792, 0.349589, 0.916005, -0.196780, -0.046875, -0.936818, 0.344598, -0.060207, -0.083641, 0.012660, 0.205394, 0.978597, 0.317029, 0.000000, 0.000000, 0.000000, 1.000000, 0.012793, 0.205345, 0.978606, 0.386049, -0.349589, -0.916005, 0.196779, 0.055875, 0.936816, -0.344627, 0.060068, 0.340662, 0.000000, 0.000000, 0.000000, 1.000000, -0.999774, 0.020951, 0.003657, 0.016758, 0.002264, -0.066163, 0.997806, -0.037109, 0.021147, 0.997589, 0.066100, -0.062279, 0.000000, 0.000000, 0.000000, 1.000000
-14.9739, -46.8817, -83.6276, 317.0335, 386.0536, 55.8814, 340.6489, 16.7572, -37.1103, -62.2805, 0.349528, 0.916033, -0.196756, -0.046882, -0.936841, 0.344536, -0.060205, -0.083628, 0.012640, 0.205373, 0.978602, 0.317033, 0.000000, 0.000000, 0.000000, 1.000000, 0.012774, 0.205323, 0.978611, 0.386054, -0.349528, -0.916033, 0.196756, 0.055881, 0.936839, -0.344566, 0.060065, 0.340649, 0.000000, 0.000000, 0.000000, 1.000000, -0.999774, 0.020950, 0.003655, 0.016757, 0.002262, -0.066160, 0.997806, -0.037110, 0.021146, 0.997589, 0.066098, -0.062280, 0.000000, 0.000000, 0.000000, 1.000000
-14.9694, -46.8901, -83.6025, 317.0445, 386.0648, 55.8899, 340.6235, 16.7564, -37.1112, -62.2818, 0.349456, 0.916066, -0.196732, -0.046890, -0.936868, 0.344468, -0.060176, -0.083603, 0.012642, 0.205340, 0.978609, 0.317045, 0.000000, 0.000000, 0.000000, 1.000000, 0.012777, 0.205290, 0.978618, 0.386065, -0.349456, -0.916066, 0.196731, 0.055890, 0.936866, -0.344497, 0.060035, 0.340623, 0.000000, 0.000000, 0.000000, 1.000000, -0.999774, 0.020949, 0.003653, 0.016756, 0.002260, -0.066158, 0.997807, -0.037111, 0.021145, 0.997589, 0.066095, -0.062282, 0.000000, 0.000000, 0.000000, 1.000000
-14.9671, -46.8947, -83.5885, 317.0508, 386.0712, 55.8944, 340.6092, 16.7560, -37.1117, -62.2825, 0.349417, 0.916084, -0.196719, -0.046895, -0.936882, 0.344432, -0.060158, -0.083588, 0.012646, 0.205323, 0.978613, 0.317051, 0.000000, 0.000000, 0.000000, 1.000000, 0.012781, 0.205272, 0.978621, 0.386071, -0.349417, -0.916084, 0.196718, 0.055894, 0.936880, -0.344461, 0.060017, 0.340609, 0.000000, 0.000000, 0.000000, 1.000000, -0.999774, 0.020949, 0.003652, 0.016756, 0.002259, -0.066156, 0.997807, -0.037112, 0.021145, 0.997589, 0.066094, -0.062283, 0.000000, 0.000000, 0.000000, 1.000000
-14.9622, -46.9039, -83.5614, 317.0627, 386.0833, 55.9037, 340.5816, 16.7550, -37.1127, -62.2840, 0.349338, 0.916120, -0.196692, -0.046904, -0.936912, 0.344356, -0.060128, -0.083561, 0.012648, 0.205287, 0.978620, 0.317063, 0.000000, 0.000000, 0.000000, 1.000000, 0.012785, 0.205237, 0.978629, 0.386083, -0.349338, -0.916120, 0.196691, 0.055904, 0.936910, -0.344386, 0.059985, 0.340582, 0.000000, 0.000000, 0.000000, 1.000000, -0.999774, 0.020948, 0.003650, 0.016755, 0.002256, -0.066153, 0.997807, -0.037113, 0.021144, 0.997590, 0.066091, -0.062284, 0.000000, 0.000000, 0.000000, 1.000000
-14.9596, -46.9086, -83.5484, 317.0682, 386.0889, 55.9083, 340.5684, 16.7546, -37.1132, -62.2848, 0.349297, 0.916139, -0.196677, -0.046909, -0.936927, 0.344317, -0.060115, -0.083548, 0.012646, 0.205270, 0.978624, 0.317068, 0.000000, 0.000000, 0.000000, 1.000000, 0.012783, 0.205219, 0.978633, 0.386089, -0.349297, -0.916139, 0.196677, 0.055908, 0.936925, -0.344347, 0.059971, 0.340568, 0.000000, 0.000000, 0.000000, 1.000000, -0.999774, 0.020948, 0.003648, 0.016755, 0.002255, -0.066152, 0.997807, -0.037113, 0.021143, 0.997590, 0.066090, -0.062285, 0.000000, 0.000000, 0.000000, 1.000000
-14.9543, -46.9179, -83.5237, 317.0784, 386.0993, 55.9177, 340.5432, 16.7536, -37.1143, -62.2864, 0.349213, 0.916177, -0.196648, -0.046918, -0.936958, 0.344236, -0.060093, -0.083524, 0.012637, 0.205236, 0.978631, 0.317078, 0.000000, 0.000000, 0.000000, 1.000000, 0.012776, 0.205185, 0.978640, 0.386099, -0.349213, -0.916177, 0.196647, 0.055918, 0.936956, -0.344266, 0.059948, 0.340543, 0.000000, 0.000000, 0.000000, 1.000000, -0.999774, 0.020947, 0.003646, 0.016754, 0.002253, -0.066149, 0.997807, -0.037114, 0.021142, 0.997590, 0.066087, -0.062286, 0.000000, 0.000000, 0.000000, 1.000000
-14.9487, -46.9273, -83.5005, 317.0875, 386.1085, 55.9271, 340.5196, 16.7526, -37.1154, -62.2881, 0.349128, 0.916216, -0.196617, -0.046927, -0.936990, 0.344151, -0.060078, -0.083501, 0.012622, 0.205203, 0.978638, 0.317087, 0.000000, 0.000000, 0.000000, 1.000000, 0.012762, 0.205151, 0.978647, 0.386108, -0.349128, -0.916216, 0.196616, 0.055927, 0.936988, -0.344182, 0.059931, 0.340520, 0.000000, 0.000000, 0.000000, 1.000000, -0.999774, 0.020946, 0.003643, 0.016753, 0.002250, -0.066145, 0.997807, -0.037115, 0.021141, 0.997590, 0.066083, -0.062288, 0.000000, 0.000000, 0.000000, 1.000000
-14.9429, -46.9367, -83.4789, 317.0954, 386.1166, 55.9365, 340.4976, 16.7515, -37.1166, -62.2899, 0.349040, 0.916256, -0.196585, -0.046937, -0.937023, 0.344063, -0.060068, -0.083479, 0.012600, 0.205171, 0.978645, 0.317095, 0.000000, 0.000000, 0.000000, 1.000000, 0.012741, 0.205118, 0.978654, 0.386117, -0.349040, -0.916256, 0.196584, 0.055936, 0.937021, -0.344094, 0.059921, 0.340498, 0.000000, 0.000000, 0.000000, 1.000000, -0.999774, 0.020946, 0.003640, 0.016751, 0.002247, -0.066142, 0.997808, -0.037117, 0.021140, 0.997590, 0.066080, -0.062290, 0.000000, 0.000000, 0.000000, 1.000000
-14.9339, -46.9508, -83.4494, 317.1054, 386.1268, 55.9506, 340.4675, 16.7499, -37.1185, -62.2927, 0.348905, 0.916318, -0.196534, -0.046951, -0.937074, 0.343926, -0.060064, -0.083449, 0.012556, 0.205124, 0.978655, 0.317105, 0.000000, 0.000000, 0.000000, 1.000000, 0.012698, 0.205071, 0.978665, 0.386127, -0.348905, -0.916318, 0.196534, 0.055951, 0.937072, -0.343957, 0.059915, 0.340467, 0.000000, 0.000000, 0.000000, 1.000000, -0.999774, 0.020944, 0.003636, 0.016750, 0.002243, -0.066136, 0.997808, -0.037118, 0.021139, 0.997591, 0.066075, -0.062293, 0.000000, 0.000000, 0.000000, 1.000000
-14.9277, -46.9601, -83.4318, 317.1108, 386.1323, 55.9599, 340.4494, 16.7487, -37.1198, -62.2945, 0.348815, 0.916360, -0.196500, -0.046960, -0.937108, 0.343832, -0.060067, -0.083432, 0.012520, 0.205094, 0.978662, 0.317111, 0.000000, 0.000000, 0.000000, 1.000000, 0.012663, 0.205041, 0.978672, 0.386132, -0.348815, -0.916360, 0.196499, 0.055960, 0.937106, -0.343863, 0.059917, 0.340449, 0.000000, 0.000000, 0.000000, 1.000000, -0.999774, 0.020944, 0.003633, 0.016749, 0.002240, -0.066133, 0.997808, -0.037120, 0.021138, 0.997591, 0.066071, -0.062295, 0.000000, 0.000000, 0.000000, 1.000000
-14.9246, -46.9647, -83.4235, 317.1131, 386.1347, 55.9645, 340.4410, 16.7482, -37.1204, -62.2955, 0.348769, 0.916381, -0.196482, -0.046965, -0.937125, 0.343785, -0.060071, -0.083424, 0.012500, 0.205079, 0.978666, 0.317113, 0.000000, 0.000000, 0.000000, 1.000000, 0.012644, 0.205026, 0.978675, 0.386135, -0.348769, -0.916381, 0.196482, 0.055964, 0.937123, -0.343816, 0.059920, 0.340441, 0.000000, 0.000000, 0.000000, 1.000000, -0.999774, 0.020943, 0.003631, 0.016748, 0.002239, -0.066131, 0.997808, -0.037120, 0.021138, 0.997591, 0.066069, -0.062295, 0.000000, 0.000000, 0.000000, 1.000000
-14.9183, -46.9739, -83.4080, 317.1171, 386.1389, 55.9736, 340.4251, 16.7470, -37.1218, -62.2974, 0.348678, 0.916424, -0.196447, -0.046974, -0.937160, 0.343688, -0.060081, -0.083408, 0.012457, 0.205051, 0.978672, 0.317117, 0.000000, 0.000000, 0.000000, 1.000000, 0.012601, 0.204997, 0.978681, 0.386139, -0.348678, -0.916424, 0.196446, 0.055974, 0.937158, -0.343720, 0.059930, 0.340425, 0.000000, 0.000000, 0.000000, 1.000000, -0.999774, 0.020943, 0.003628, 0.016747, 0.002236, -0.066127, 0.997809, -0.037122, 0.021137, 0.997591, 0.066065, -0.062297, 0.000000, 0.000000, 0.000000, 1.000000
-14.9150, -46.9784, -83.4007, 317.1188, 386.1406, 55.9782, 340.4176, 16.7465, -37.1224, -62.2984, 0.348632, 0.916445, -0.196429, -0.046978, -0.937177, 0.343640, -0.060088, -0.083401, 0.012433, 0.205037, 0.978675, 0.317119, 0.000000, 0.000000, 0.000000, 1.000000, 0.012579, 0.204983, 0.978685, 0.386141, -0.348632, -0.916445, 0.196428, 0.055978, 0.937175, -0.343671, 0.059936, 0.340418, 0.000000, 0.000000, 0.000000, 1.000000, -0.999774, 0.020942, 0.003627, 0.016746, 0.002235, -0.066125, 0.997809, -0.037122, 0.021136, 0.997592, 0.066063, -0.062298, 0.000000, 0.000000, 0.000000, 1.000000
-14.9085, -46.9875, -83.3869, 317.1217, 386.1436, 55.9873, 340.4035, 16.7453, -37.1238, -62.3004, 0.348539, 0.916488, -0.196392, -0.046988, -0.937212, 0.343541, -0.060104, -0.083387, 0.012384, 0.205010, 0.978682, 0.317122, 0.000000, 0.000000, 0.000000, 1.000000, 0.012530, 0.204955, 0.978691, 0.386144, -0.348539, -0.916488, 0.196391, 0.055987, 0.937210, -0.343573, 0.059951, 0.340404, 0.000000, 0.000000, 0.000000, 1.000000, -0.999774, 0.020941, 0.003624, 0.016745, 0.002232, -0.066121, 0.997809, -0.037124, 0.021135, 0.997592, 0.066059, -0.062300, 0.000000, 0.000000, 0.000000, 1.000000
-14.9019, -46.9966, -83.3741, 317.1239, 386.1459, 55.9963, 340.3905, 16.7441, -37.1253, -62.3024, 0.348446, 0.916532, -0.196354, -0.046997, -0.937248, 0.343441, -0.060124, -0.083374, 0.012331, 0.204983, 0.978688, 0.317124, 0.000000, 0.000000, 0.000000, 1.000000, 0.012477, 0.204928, 0.978697, 0.386146, -0.348446, -0.916532, 0.196354, 0.055996, 0.937246, -0.343473, 0.059970, 0.340390, 0.000000, 0.000000, 0.000000, 1.000000, -0.999774, 0.020941, 0.003621, 0.016744, 0.002229, -0.066117, 0.997809, -0.037125, 0.021134, 0.997592, 0.066055, -0.062302, 0.000000, 0.000000, 0.000000, 1.000000
-14.8985, -47.0011, -83.3681, 317.1247, 386.1469, 56.0008, 340.3843, 16.7435, -37.1260, -62.3034, 0.348399, 0.916554, -0.196336, -0.047001, -0.937266, 0.343390, -0.060135, -0.083368, 0.012303, 0.204969, 0.978691, 0.317125, 0.000000, 0.000000, 0.000000, 1.000000, 0.012450, 0.204915, 0.978701, 0.386147, -0.348399, -0.916554, 0.196335, 0.056001, 0.937264, -0.343422, 0.059981, 0.340384, 0.000000, 0.000000, 0.000000, 1.000000, -0.999774, 0.020940, 0.003619, 0.016744, 0.002227, -0.066115, 0.997810, -0.037126, 0.021134, 0.997592, 0.066053, -0.062303, 0.000000, 0.000000, 0.000000, 1.000000
-14.8918, -47.0101, -83.3565, 317.1261, 386.1484, 56.0098, 340.3724, 16.7423, -37.1274, -62.3055, 0.348304, 0.916598, -0.196297, -0.047010, -0.937302, 0.343288, -0.060159, -0.083357, 0.012245, 0.204943, 0.978697, 0.317126, 0.000000, 0.000000, 0.000000, 1.000000, 0.012393, 0.204888, 0.978707, 0.386148, -0.348304, -0.916598, 0.196297, 0.056010, 0.937300, -0.343320, 0.060004, 0.340372, 0.000000, 0.000000, 0.000000, 1.000000, -0.999774, 0.020940, 0.003616, 0.016742, 0.002224, -0.066110, 0.997810, -0.037127, 0.021133, 0.997593, 0.066049, -0.062306, 0.000000, 0.000000, 0.000000, 1.000000
-14.8815, -47.0236, -83.3404, 317.1274, 386.1498, 56.0234, 340.3559, 16.7405, -37.1297, -62.3086, 0.348161, 0.916665, -0.196239, -0.047024, -0.937356, 0.343133, -0.060199, -0.083340, 0.012154, 0.204905, 0.978706, 0.317127, 0.000000, 0.000000, 0.000000, 1.000000, 0.012303, 0.204849, 0.978716, 0.386150, -0.348161, -0.916665, 0.196238, 0.056023, 0.937354, -0.343165, 0.060043, 0.340356, 0.000000, 0.000000, 0.000000, 1.000000, -0.999774, 0.020938, 0.003611, 0.016740, 0.002220, -0.066104, 0.997810, -0.037130, 0.021131, 0.997593, 0.066043, -0.062309, 0.000000, 0.000000, 0.000000, 1.000000
-14.8747, -47.0325, -83.3305, 317.1279, 386.1503, 56.0322, 340.3457, 16.7393, -37.1311, -62.3107, 0.348067, 0.916709, -0.196200, -0.047032, -0.937392, 0.343029, -0.060227, -0.083330, 0.012091, 0.204880, 0.978712, 0.317128, 0.000000, 0.000000, 0.000000, 1.000000, 0.012241, 0.204824, 0.978722, 0.386150, -0.348067, -0.916709, 0.196200, 0.056032, 0.937390, -0.343062, 0.060071, 0.340346, 0.000000, 0.000000, 0.000000, 1.000000, -0.999774, 0.020938, 0.003608, 0.016739, 0.002217, -0.066100, 0.997811, -0.037131, 0.021130, 0.997593, 0.066038, -0.062311, 0.000000, 0.000000, 0.000000, 1.000000
-14.8712, -47.0369, -83.3256, 317.1280, 386.1505, 56.0366, 340.3407, 16.7387, -37.1319, -62.3118, 0.348019, 0.916731, -0.196181, -0.047037, -0.937410, 0.342978, -0.060242, -0.083326, 0.012060, 0.204867, 0.978715, 0.317128, 0.000000, 0.000000, 0.000000, 1.000000, 0.012210, 0.204812, 0.978725, 0.386151, -0.348019, -0.916731, 0.196180, 0.056037, 0.937408, -0.343011, 0.060085, 0.340341, 0.000000, 0.000000, 0.000000, 1.000000, -0.999774, 0.020937, 0.003607, 0.016739, 0.002215, -0.066098, 0.997811, -0.037132, 0.021130, 0.997593, 0.066036, -0.062312, 0.000000, 0.000000, 0.000000, 1.000000
-14.8644, -47.0468, -83.3085, 317.1325, 386.1552, 56.0466, 340.3232, 16.7374, -37.1333, -62.3139, 0.347920, 0.916777, -0.196142, -0.047047, -0.937447, 0.342873, -0.060253, -0.083309, 0.012014, 0.204836, 0.978723, 0.317133, 0.000000, 0.000000, 0.000000, 1.000000, 0.012164, 0.204780, 0.978732, 0.386155, -0.347920, -0.916777, 0.196141, 0.056047, 0.937445, -0.342907, 0.060095, 0.340323, 0.000000, 0.000000, 0.000000, 1.000000, -0.999774, 0.020937, 0.003603, 0.016737, 0.002212, -0.066093, 0.997811, -0.037133, 0.021129, 0.997594, 0.066032, -0.062314, 0.000000, 0.000000, 0.000000, 1.000000
-14.8575, -47.0566, -83.2923, 317.1365, 386.1593, 56.0564, 340.3067, 16.7362, -37.1348, -62.3159, 0.347821, 0.916823, -0.196104, -0.047057, -0.937484, 0.342770, -0.060266, -0.083292, 0.011965, 0.204806, 0.978730, 0.317137, 0.000000, 0.000000, 0.000000, 1.000000, 0.012117, 0.204749, 0.978739, 0.386159, -0.347821, -0.916823, 0.196103, 0.056056, 0.937482, -0.342803, 0.060107, 0.340307, 0.000000, 0.000000, 0.000000, 1.000000, -0.999774, 0.020936, 0.003600, 0.016736, 0.002209, -0.066089, 0.997811, -0.037135, 0.021128, 0.997594, 0.066028, -0.062316, 0.000000, 0.000000, 0.000000, 1.000000
-14.8541, -47.0614, -83.2845, 317.1384, 386.1612, 56.0612, 340.2987, 16.7356, -37.1355, -62.3170, 0.347772, 0.916845, -0.196084, -0.047061, -0.937503, 0.342718, -0.060273, -0.083285, 0.011941, 0.204791, 0.978733, 0.317138, 0.000000, 0.000000, 0.000000, 1.000000, 0.012093, 0.204734, 0.978743, 0.386161, -0.347772, -0.916845, 0.196084, 0.056061, 0.937501, -0.342751, 0.060114, 0.340299, 0.000000, 0.000000, 0.000000, 1.000000, -0.999774, 0.020935, 0.003599, 0.016736, 0.002208, -0.066087, 0.997811, -0.037136, 0.021127, 0.997594, 0.066026, -0.062317, 0.000000, 0.000000, 0.000000, 1.000000
-14.8472, -47.0710, -83.2696, 317.1417, 386.1646, 56.0708, 340.2835, 16.7343, -37.1370, -62.3191, 0.347675, 0.916891, -0.196046, -0.047071, -0.937540, 0.342614, -0.060289, -0.083270, 0.011890, 0.204762, 0.978740, 0.317142, 0.000000, 0.000000, 0.000000, 1.000000, 0.012043, 0.204705, 0.978750, 0.386165, -0.347675, -0.916891, 0.196045, 0.056071, 0.937538, -0.342648, 0.060129, 0.340283, 0.000000, 0.000000, 0.000000, 1.000000, -0.999774, 0.020935, 0.003595, 0.016734, 0.002205, -0.066083, 0.997812, -0.037137, 0.021126, 0.997595, 0.066022, -0.062319, 0.000000, 0.000000, 0.000000, 1.000000
-14.8404, -47.0805, -83.2554, 317.1445, 386.1676, 56.0802, 340.2690, 16.7331, -37.1384, -62.3211, 0.347578, 0.916935, -0.196007, -0.047080, -0.937576, 0.342511, -0.060306, -0.083255, 0.011838, 0.204733, 0.978746, 0.317145, 0.000000, 0.000000, 0.000000, 1.000000, 0.011992, 0.204676, 0.978756, 0.386168, -0.347578, -0.916935, 0.196007, 0.056080, 0.937574, -0.342545, 0.060145, 0.340269, 0.000000, 0.000000, 0.000000, 1.000000, -0.999774, 0.020934, 0.003592, 0.016733, 0.002202, -0.066079, 0.997812, -0.037138, 0.021125, 0.997595, 0.066018, -0.062321, 0.000000, 0.000000, 0.000000, 1.000000
-14.8337, -47.0897, -83.2420, 317.1470, 386.1702, 56.0895, 340.2553, 16.7319, -37.1399, -62.3232, 0.347483, 0.916980, -0.195969, -0.047090, -0.937612, 0.342409, -0.060325, -0.083242, 0.011785, 0.204705, 0.978753, 0.317147, 0.000000, 0.000000, 0.000000, 1.000000, 0.011939, 0.204648, 0.978763, 0.386170, -0.347483, -0.916980, 0.195969, 0.056089, 0.937610, -0.342443, 0.060164, 0.340255, 0.000000, 0.000000, 0.000000, 1.000000, -0.999774, 0.020933, 0.003589, 0.016732, 0.002199, -0.066074, 0.997812, -0.037140, 0.021124, 0.997595, 0.066014, -0.062323, 0.000000, 0.000000, 0.000000, 1.000000
-14.8337, -47.0897, -83.2420, 317.1470, 386.1702, 56.0895, 340.2553, 16.7319, -37.1399, -62.3232, 0.347483, 0.916980, -0.195969, -0.047090, -0.937612, 0.342409, -0.060325, -0.083242, 0.011785, 0.204705, 0.978753, 0.317147, 0.000000, 0.000000, 0.000000, 1.000000, 0.011939, 0.204648, 0.978763, 0.386170, -0.347483, -0.916980, 0.195969, 0.056089, 0.937610, -0.342443, 0.060164, 0.340255, 0.000000, 0.000000, 0.000000, 1.000000, -0.999774, 0.020933, 0.003589, 0.016732, 0.002199, -0.066074, 0.997812, -0.037140, 0.021124, 0.997595, 0.066014, -0.062323, 0.000000, 0.000000, 0.000000, 1.000000
-14.8204, -47.1078, -83.2172, 317.1511, 386.1745, 56.1075, 340.2299, 16.7295, -37.1427, -62.3272, 0.347297, 0.917066, -0.195894, -0.047108, -0.937683, 0.342209, -0.060367, -0.083217, 0.011677, 0.204652, 0.978765, 0.317151, 0.000000, 0.000000, 0.000000, 1.000000, 0.011833, 0.204594, 0.978775, 0.386175, -0.347297, -0.917066, 0.195894, 0.056108, 0.937681, -0.342243, 0.060203, 0.340230, 0.000000, 0.000000, 0.000000, 1.000000, -0.999774, 0.020932, 0.003583, 0.016730, 0.002193, -0.066066, 0.997813, -0.037143, 0.021122, 0.997596, 0.066005, -0.062327, 0.000000, 0.000000, 0.000000, 1.000000
-14.8140, -47.1164, -83.2057, 317.1527, 386.1762, 56.1162, 340.2181, 16.7284, -37.1441, -62.3292, 0.347206, 0.917108, -0.195858, -0.047116, -0.937717, 0.342112, -0.060388, -0.083206, 0.011623, 0.204626, 0.978771, 0.317153, 0.000000, 0.000000, 0.000000, 1.000000, 0.011779, 0.204568, 0.978781, 0.386176, -0.347206, -0.917108, 0.195857, 0.056116, 0.937715, -0.342146, 0.060224, 0.340218, 0.000000, 0.000000, 0.000000, 1.000000, -0.999775, 0.020931, 0.003580, 0.016728, 0.002190, -0.066062, 0.997813, -0.037144, 0.021122, 0.997596, 0.066002, -0.062329, 0.000000, 0.000000, 0.000000, 1.000000
-14.8108, -47.1207, -83.2001, 317.1535, 386.1770, 56.1205, 340.2124, 16.7278, -37.1448, -62.3302, 0.347161, 0.917129, -0.195840, -0.047121, -0.937734, 0.342064, -0.060399, -0.083200, 0.011596, 0.204614, 0.978774, 0.317153, 0.000000, 0.000000, 0.000000, 1.000000, 0.011753, 0.204556, 0.978784, 0.386177, -0.347161, -0.917129, 0.195839, 0.056120, 0.937732, -0.342098, 0.060235, 0.340212, 0.000000, 0.000000, 0.000000, 1.000000, -0.999775, 0.020930, 0.003578, 0.016728, 0.002188, -0.066060, 0.997813, -0.037145, 0.021121, 0.997596, 0.066000, -0.062330, 0.000000, 0.000000, 0.000000, 1.000000
-14.8045, -47.1292, -83.1892, 317.1549, 386.1785, 56.1289, 340.2013, 16.7267, -37.1462, -62.3321, 0.347073, 0.917170, -0.195804, -0.047129, -0.937767, 0.341968, -0.060421, -0.083189, 0.011542, 0.204589, 0.978780, 0.317155, 0.000000, 0.000000, 0.000000, 1.000000, 0.011700, 0.204531, 0.978790, 0.386179, -0.347073, -0.917170, 0.195803, 0.056129, 0.937765, -0.342003, 0.060256, 0.340201, 0.000000, 0.000000, 0.000000, 1.000000, -0.999775, 0.020930, 0.003576, 0.016727, 0.002186, -0.066056, 0.997814, -0.037146, 0.021120, 0.997596, 0.065996, -0.062332, 0.000000, 0.000000, 0.000000, 1.000000
-14.8014, -47.1334, -83.1838, 317.1556, 386.1792, 56.1331, 340.1958, 16.7261, -37.1469, -62.3330, 0.347029, 0.917190, -0.195786, -0.047133, -0.937784, 0.341921, -0.060432, -0.083184, 0.011515, 0.204577, 0.978783, 0.317156, 0.000000, 0.000000, 0.000000, 1.000000, 0.011673, 0.204518, 0.978793, 0.386179, -0.347029, -0.917191, 0.195785, 0.056133, 0.937782, -0.341956, 0.060267, 0.340196, 0.000000, 0.000000, 0.000000, 1.000000, -0.999775, 0.020929, 0.003574, 0.016726, 0.002184, -0.066054, 0.997814, -0.037147, 0.021120, 0.997596, 0.065994, -0.062333, 0.000000, 0.000000, 0.000000, 1.000000
-14.7952, -47.1416, -83.1733, 317.1569, 386.1806, 56.1414, 340.1851, 16.7250, -37.1482, -62.3349, 0.346943, 0.917231, -0.195751, -0.047142, -0.937816, 0.341828, -0.060454, -0.083173, 0.011462, 0.204553, 0.978788, 0.317157, 0.000000, 0.000000, 0.000000, 1.000000, 0.011621, 0.204494, 0.978799, 0.386181, -0.346943, -0.917231, 0.195750, 0.056141, 0.937814, -0.341862, 0.060289, 0.340185, 0.000000, 0.000000, 0.000000, 1.000000, -0.999775, 0.020929, 0.003571, 0.016725, 0.002182, -0.066051, 0.997814, -0.037148, 0.021119, 0.997597, 0.065990, -0.062335, 0.000000, 0.000000, 0.000000, 1.000000
-14.7891, -47.1498, -83.1629, 317.1581, 386.1820, 56.1495, 340.1745, 16.7240, -37.1495, -62.3368, 0.346858, 0.917270, -0.195716, -0.047150, -0.937848, 0.341736, -0.060476, -0.083163, 0.011410, 0.204529, 0.978794, 0.317158, 0.000000, 0.000000, 0.000000, 1.000000, 0.011569, 0.204470, 0.978804, 0.386182, -0.346858, -0.917270, 0.195716, 0.056150, 0.937846, -0.341770, 0.060310, 0.340175, 0.000000, 0.000000, 0.000000, 1.000000, -0.999775, 0.020928, 0.003568, 0.016724, 0.002179, -0.066047, 0.997814, -0.037150, 0.021118, 0.997597, 0.065986, -0.062337, 0.000000, 0.000000, 0.000000, 1.000000
-14.7861, -47.1538, -83.1578, 317.1588, 386.1826, 56.1535, 340.1693, 16.7234, -37.1502, -62.3377, 0.346816, 0.917290, -0.195699, -0.047154, -0.937864, 0.341690, -0.060487, -0.083158, 0.011385, 0.204517, 0.978797, 0.317159, 0.000000, 0.000000, 0.000000, 1.000000, 0.011544, 0.204458, 0.978807, 0.386183, -0.346816, -0.917290, 0.195698, 0.056154, 0.937862, -0.341725, 0.060320, 0.340169, 0.000000, 0.000000, 0.000000, 1.000000, -0.999775, 0.020928, 0.003567, 0.016723, 0.002178, -0.066045, 0.997814, -0.037150, 0.021118, 0.997597, 0.065984, -0.062338, 0.000000, 0.000000, 0.000000, 1.000000
-14.7742, -47.1697, -83.1372, 317.1615, 386.1855, 56.1695, 340.1483, 16.7213, -37.1527, -62.3413, 0.346650, 0.917367, -0.195631, -0.047170, -0.937927, 0.341511, -0.060528, -0.083137, 0.011284, 0.204470, 0.978808, 0.317161, 0.000000, 0.000000, 0.000000, 1.000000, 0.011444, 0.204411, 0.978818, 0.386185, -0.346650, -0.917367, 0.195631, 0.056169, 0.937925, -0.341546, 0.060361, 0.340148, 0.000000, 0.000000, 0.000000, 1.000000, -0.999775, 0.020926, 0.003562, 0.016721, 0.002172, -0.066038, 0.997815, -0.037153, 0.021116, 0.997598, 0.065977, -0.062341, 0.000000, 0.000000, 0.000000, 1.000000
-14.7742, -47.1697, -83.1372, 317.1615, 386.1855, 56.1695, 340.1483, 16.7213, -37.1527, -62.3413, 0.346650, 0.917367, -0.195631, -0.047170, -0.937927, 0.341511, -0.060528, -0.083137, 0.011284, 0.204470, 0.978808, 0.317161, 0.000000, 0.000000, 0.000000, 1.000000, 0.011444, 0.204411, 0.978818, 0.386185, -0.346650, -0.917367, 0.195631, 0.056169, 0.937925, -0.341546, 0.060361, 0.340148, 0.000000, 0.000000, 0.000000, 1.000000, -0.999775, 0.020926, 0.003562, 0.016721, 0.002172, -0.066038, 0.997815, -0.037153, 0.021116, 0.997598, 0.065977, -0.062341, 0.000000, 0.000000, 0.000000, 1.000000
-14.7683, -47.1781, -83.1228, 317.1653, 386.1893, 56.1778, 340.1338, 16.7203, -37.1540, -62.3431, 0.346566, 0.917406, -0.195598, -0.047178, -0.937958, 0.341423, -0.060537, -0.083123, 0.011244, 0.204443, 0.978814, 0.317165, 0.000000, 0.000000, 0.000000, 1.000000, 0.011405, 0.204384, 0.978824, 0.386189, -0.346566, -0.917406, 0.195598, 0.056178, 0.937956, -0.341458, 0.060369, 0.340134, 0.000000, 0.000000, 0.000000, 1.000000, -0.999775, 0.020926, 0.003559, 0.016720, 0.002170, -0.066034, 0.997815, -0.037154, 0.021115, 0.997598, 0.065974, -0.062343, 0.000000, 0.000000, 0.000000, 1.000000
-14.7654, -47.1831, -83.1098, 317.1705, 386.1947, 56.1829, 340.1206, 16.7197, -37.1546, -62.3440, 0.346520, 0.917426, -0.195582, -0.047183, -0.937975, 0.341378, -0.060527, -0.083110, 0.011238, 0.204425, 0.978818, 0.317171, 0.000000, 0.000000, 0.000000, 1.000000, 0.011399, 0.204366, 0.978828, 0.386195, -0.346520, -0.917427, 0.195581, 0.056183, 0.937973, -0.341413, 0.060359, 0.340121, 0.000000, 0.000000, 0.000000, 1.000000, -0.999775, 0.020925, 0.003557, 0.016720, 0.002168, -0.066032, 0.997815, -0.037155, 0.021114, 0.997598, 0.065972, -0.062344, 0.000000, 0.000000, 0.000000, 1.000000
-14.7596, -47.1931, -83.0845, 317.1806, 386.2049, 56.1929, 340.0949, 16.7186, -37.1558, -62.3458, 0.346429, 0.917468, -0.195550, -0.047193, -0.938009, 0.341289, -0.060509, -0.083085, 0.011224, 0.204389, 0.978825, 0.317181, 0.000000, 0.000000, 0.000000, 1.000000, 0.011386, 0.204330, 0.978836, 0.386205, -0.346429, -0.917468, 0.195549, 0.056193, 0.938007, -0.341324, 0.060339, 0.340095, 0.000000, 0.000000, 0.000000, 1.000000, -0.999775, 0.020924, 0.003555, 0.016719, 0.002166, -0.066029, 0.997815, -0.037156, 0.021113, 0.997598, 0.065969, -0.062346, 0.000000, 0.000000, 0.000000, 1.000000
-14.7538, -47.2029, -83.0605, 317.1899, 386.2144, 56.2026, 340.0705, 16.7176, -37.1570, -62.3475, 0.346340, 0.917508, -0.195517, -0.047203, -0.938042, 0.341200, -0.060493, -0.083061, 0.011208, 0.204355, 0.978833, 0.317190, 0.000000, 0.000000, 0.000000, 1.000000, 0.011371, 0.204295, 0.978843, 0.386214, -0.346340, -0.917508, 0.195517, 0.056203, 0.938040, -0.341236, 0.060322, 0.340070, 0.000000, 0.000000, 0.000000, 1.000000, -0.999775, 0.020924, 0.003552, 0.016718, 0.002163, -0.066025, 0.997816, -0.037157, 0.021112, 0.997599, 0.065965, -0.062348, 0.000000, 0.000000, 0.000000, 1.000000
-14.7509, -47.2076, -83.0490, 317.1943, 386.2189, 56.2074, 340.0588, 16.7170, -37.1575, -62.3484, 0.346296, 0.917528, -0.195501, -0.047208, -0.938058, 0.341157, -0.060486, -0.083049, 0.011199, 0.204338, 0.978836, 0.317194, 0.000000, 0.000000, 0.000000, 1.000000, 0.011362, 0.204278, 0.978847, 0.386219, -0.346296, -0.917528, 0.195501, 0.056207, 0.938056, -0.341192, 0.060315, 0.340059, 0.000000, 0.000000, 0.000000, 1.000000, -0.999775, 0.020923, 0.003550, 0.016717, 0.002162, -0.066024, 0.997816, -0.037158, 0.021112, 0.997599, 0.065963, -0.062348, 0.000000, 0.000000, 0.000000, 1.000000
-14.7452, -47.2170, -83.0269, 317.2026, 386.2273, 56.2168, 340.0364, 16.7160, -37.1587, -62.3501, 0.346209, 0.917568, -0.195470, -0.047217, -0.938091, 0.341069, -0.060475, -0.083027, 0.011179, 0.204305, 0.978843, 0.317203, 0.000000, 0.000000, 0.000000, 1.000000, 0.011343, 0.204245, 0.978854, 0.386227, -0.346209, -0.917568, 0.195469, 0.056217, 0.938089, -0.341105, 0.060303, 0.340036, 0.000000, 0.000000, 0.000000, 1.000000, -0.999775, 0.020923, 0.003547, 0.016716, 0.002159, -0.066020, 0.997816, -0.037159, 0.021111, 0.997599, 0.065960, -0.062350, 0.000000, 0.000000, 0.000000, 1.000000
-14.7395, -47.2262, -83.0062, 317.2101, 386.2349, 56.2260, 340.0153, 16.7149, -37.1599, -62.3519, 0.346123, 0.917607, -0.195438, -0.047226, -0.938123, 0.340982, -0.060467, -0.083006, 0.011156, 0.204274, 0.978850, 0.317210, 0.000000, 0.000000, 0.000000, 1.000000, 0.011321, 0.204213, 0.978861, 0.386235, -0.346123, -0.917607, 0.195437, 0.056226, 0.938121, -0.341019, 0.060294, 0.340015, 0.000000, 0.000000, 0.000000, 1.000000, -0.999775, 0.020922, 0.003545, 0.016715, 0.002156, -0.066017, 0.997816, -0.037160, 0.021110, 0.997599, 0.065957, -0.062352, 0.000000, 0.000000, 0.000000, 1.000000
