# Joint_B_Angle(deg), Cam_X(mm), Cam_Y(mm), Cam_Z(mm), Torso_X(mm), Torso_Y(mm), Torso_Z(mm), EE_X(mm), EE_Y(mm), EE_Z(mm), T_cam2marker_flat(16), T_torso2marker_flat(16), T_ee2marker_flat(16)
-14.9993, 19.3672, 27.3335, 168.1187, 237.1253, -10.3674, 229.6920, 10.0235, 59.6711, -53.1329, 0.505413, -0.837929, -0.205990, 0.019367, 0.816129, 0.541720, -0.201178, 0.027334, 0.280162, -0.066437, 0.957651, 0.168119, 0.000000, 0.000000, 0.000000, 1.000000, 0.279980, -0.066557, 0.957696, 0.237125, -0.505413, 0.837930, 0.205990, -0.010367, -0.816192, -0.541705, 0.200965, 0.229692, 0.000000, 0.000000, 0.000000, 1.000000, 0.993308, -0.043144, 0.107133, 0.010023, 0.106125, -0.025009, -0.994038, 0.059671, 0.045566, 0.998756, -0.020263, -0.053133, 0.000000, 0.000000, 0.000000, 1.000000
-14.9996, 19.3664, 27.3287, 168.1164, 237.1229, -10.3666, 229.6971, 10.0234, 59.6711, -53.1328, 0.505414, -0.837927, -0.205995, 0.019366, 0.816122, 0.541724, -0.201198, 0.027329, 0.280182, -0.066429, 0.957646, 0.168116, 0.000000, 0.000000, 0.000000, 1.000000, 0.280001, -0.066548, 0.957690, 0.237123, -0.505415, 0.837927, 0.205994, -0.010367, -0.816184, -0.541709, 0.200986, 0.229697, 0.000000, 0.000000, 0.000000, 1.000000, 0.993308, -0.043144, 0.107133, 0.010023, 0.106125, -0.025009, -0.994038, 0.059671, 0.045566, 0.998756, -0.020263, -0.053133, 0.000000, 0.000000, 0.000000, 1.000000
-14.9998, 19.3658, 27.3246, 168.1144, 237.1209, -10.3659, 229.7013, 10.0234, 59.6711, -53.1328, 0.505416, -0.837926, -0.205999, 0.019366, 0.816115, 0.541728, -0.201215, 0.027325, 0.280198, -0.066422, 0.957641, 0.168114, 0.000000, 0.000000, 0.000000, 1.000000, 0.280018, -0.066541, 0.957686, 0.237121, -0.505416, 0.837926, 0.205998, -0.010366, -0.816177, -0.541713, 0.201003, 0.229701, 0.000000, 0.000000, 0.000000, 1.000000, 0.993308, -0.043144, 0.107133, 0.010023, 0.106125, -0.025009, -0.994038, 0.059671, 0.045566, 0.998756, -0.020263, -0.053133, 0.000000, 0.000000, 0.000000, 1.000000
-14.9999, 19.3650, 27.3204, 168.1123, 237.1188, -10.3652, 229.7058, 10.0234, 59.6711, -53.1327, 0.505418, -0.837924, -0.206003, 0.019365, 0.816108, 0.541732, -0.201231, 0.027320, 0.280214, -0.066415, 0.957637, 0.168112, 0.000000, 0.000000, 0.000000, 1.000000, 0.280035, -0.066533, 0.957682, 0.237119, -0.505418, 0.837924, 0.206002, -0.010365, -0.816170, -0.541717, 0.201021, 0.229706, 0.000000, 0.000000, 0.000000, 1.000000, 0.993308, -0.043144, 0.107133, 0.010023, 0.106126, -0.025009, -0.994038, 0.059671, 0.045566, 0.998756, -0.020263, -0.053133, 0.000000, 0.000000, 0.000000, 1.000000
-15.0001, 19.3642, 27.3161, 168.1102, 237.1167, -10.3644, 229.7102, 10.0234, 59.6710, -53.1327, 0.505420, -0.837921, -0.206006, 0.019364, 0.816102, 0.541736, -0.201247, 0.027316, 0.280230, -0.066407, 0.957633, 0.168110, 0.000000, 0.000000, 0.000000, 1.000000, 0.280051, -0.066525, 0.957677, 0.237117, -0.505420, 0.837921, 0.206005, -0.010364, -0.816163, -0.541721, 0.201037, 0.229710, 0.000000, 0.000000, 0.000000, 1.000000, 0.993308, -0.043144, 0.107133, 0.010023, 0.106126, -0.025008, -0.994038, 0.059671, 0.045566, 0.998756, -0.020262, -0.053133, 0.000000, 0.000000, 0.000000, 1.000000
-15.0001, 19.3634, 27.3119, 168.1082, 237.1146, -10.3636, 229.7147, 10.0234, 59.6710, -53.1326, 0.505423, -0.837919, -0.206008, 0.019363, 0.816096, 0.541740, -0.201260, 0.027312, 0.280242, -0.066401, 0.957630, 0.168108, 0.000000, 0.000000, 0.000000, 1.000000, 0.280064, -0.066518, 0.957674, 0.237115, -0.505423, 0.837919, 0.206007, -0.010364, -0.816157, -0.541726, 0.201051, 0.229715, 0.000000, 0.000000, 0.000000, 1.000000, 0.993308, -0.043144, 0.107133, 0.010023, 0.106126, -0.025008, -0.994038, 0.059671, 0.045566, 0.998756, -0.020262, -0.053133, 0.000000, 0.000000, 0.000000, 1.000000
-14.9989, 19.3610, 27.3023, 168.1035, 237.1099, -10.3612, 229.7248, 10.0236, 59.6706, -53.1326, 0.505434, -0.837914, -0.206002, 0.019361, 0.816087, 0.541750, -0.201270, 0.027302, 0.280248, -0.066387, 0.957629, 0.168104, 0.000000, 0.000000, 0.000000, 1.000000, 0.280072, -0.066502, 0.957673, 0.237110, -0.505434, 0.837914, 0.206001, -0.010361, -0.816147, -0.541736, 0.201063, 0.229725, 0.000000, 0.000000, 0.000000, 1.000000, 0.993308, -0.043144, 0.107133, 0.010024, 0.106126, -0.025007, -0.994038, 0.059671, 0.045566, 0.998756, -0.020261, -0.053133, 0.000000, 0.000000, 0.000000, 1.000000
-14.9965, 19.3588, 27.2956, 168.1004, 237.1067, -10.3590, 229.7319, 10.0238, 59.6699, -53.1327, 0.505448, -0.837910, -0.205982, 0.019359, 0.816088, 0.541756, -0.201249, 0.027296, 0.280221, -0.066379, 0.957638, 0.168100, 0.000000, 0.000000, 0.000000, 1.000000, 0.280046, -0.066494, 0.957681, 0.237107, -0.505448, 0.837910, 0.205982, -0.010359, -0.816147, -0.541742, 0.201044, 0.229732, 0.000000, 0.000000, 0.000000, 1.000000, 0.993308, -0.043145, 0.107133, 0.010024, 0.106126, -0.025004, -0.994038, 0.059670, 0.045567, 0.998756, -0.020258, -0.053133, 0.000000, 0.000000, 0.000000, 1.000000
-14.9941, 19.3572, 27.2915, 168.0986, 237.1049, -10.3574, 229.7362, 10.0241, 59.6692, -53.1327, 0.505459, -0.837909, -0.205963, 0.019357, 0.816092, 0.541760, -0.201222, 0.027292, 0.280188, -0.066376, 0.957648, 0.168099, 0.000000, 0.000000, 0.000000, 1.000000, 0.280014, -0.066490, 0.957690, 0.237105, -0.505459, 0.837909, 0.205962, -0.010357, -0.816151, -0.541746, 0.201019, 0.229736, 0.000000, 0.000000, 0.000000, 1.000000, 0.993308, -0.043146, 0.107133, 0.010024, 0.106126, -0.025002, -0.994038, 0.059669, 0.045567, 0.998756, -0.020256, -0.053133, 0.000000, 0.000000, 0.000000, 1.000000
-14.9911, 19.3552, 27.2874, 168.0968, 237.1031, -10.3554, 229.7406, 10.0244, 59.6684, -53.1329, 0.505472, -0.837907, -0.205937, 0.019355, 0.816100, 0.541763, -0.201183, 0.027287, 0.280141, -0.066373, 0.957661, 0.168097, 0.000000, 0.000000, 0.000000, 1.000000, 0.279969, -0.066487, 0.957704, 0.237103, -0.505472, 0.837907, 0.205936, -0.010355, -0.816159, -0.541749, 0.200980, 0.229741, 0.000000, 0.000000, 0.000000, 1.000000, 0.993308, -0.043147, 0.107133, 0.010024, 0.106126, -0.025000, -0.994038, 0.059668, 0.045568, 0.998756, -0.020254, -0.053133, 0.000000, 0.000000, 0.000000, 1.000000
-14.9899, 19.3545, 27.2860, 168.0962, 237.1025, -10.3547, 229.7421, 10.0245, 59.6681, -53.1329, 0.505477, -0.837906, -0.205927, 0.019355, 0.816103, 0.541764, -0.201167, 0.027286, 0.280122, -0.066372, 0.957667, 0.168096, 0.000000, 0.000000, 0.000000, 1.000000, 0.279950, -0.066486, 0.957710, 0.237102, -0.505478, 0.837906, 0.205926, -0.010355, -0.816162, -0.541750, 0.200965, 0.229742, 0.000000, 0.000000, 0.000000, 1.000000, 0.993308, -0.043148, 0.107133, 0.010024, 0.106126, -0.024999, -0.994038, 0.059668, 0.045569, 0.998756, -0.020252, -0.053133, 0.000000, 0.000000, 0.000000, 1.000000
-14.9886, 19.3538, 27.2846, 168.0956, 237.1019, -10.3540, 229.7436, 10.0246, 59.6677, -53.1330, 0.505483, -0.837906, -0.205916, 0.019354, 0.816107, 0.541765, -0.201149, 0.027285, 0.280102, -0.066372, 0.957673, 0.168096, 0.000000, 0.000000, 0.000000, 1.000000, 0.279930, -0.066485, 0.957716, 0.237102, -0.505483, 0.837906, 0.205915, -0.010354, -0.816166, -0.541751, 0.200948, 0.229744, 0.000000, 0.000000, 0.000000, 1.000000, 0.993308, -0.043148, 0.107133, 0.010025, 0.106126, -0.024998, -0.994038, 0.059668, 0.045569, 0.998756, -0.020251, -0.053133, 0.000000, 0.000000, 0.000000, 1.000000
-14.9857, 19.3522, 27.2817, 168.0945, 237.1007, -10.3524, 229.7466, 10.0249, 59.6670, -53.1331, 0.505494, -0.837905, -0.205891, 0.019352, 0.816115, 0.541766, -0.201110, 0.027282, 0.280056, -0.066371, 0.957687, 0.168094, 0.000000, 0.000000, 0.000000, 1.000000, 0.279884, -0.066484, 0.957729, 0.237101, -0.505495, 0.837905, 0.205890, -0.010352, -0.816174, -0.541752, 0.200909, 0.229747, 0.000000, 0.000000, 0.000000, 1.000000, 0.993308, -0.043150, 0.107133, 0.010025, 0.106126, -0.024996, -0.994038, 0.059667, 0.045570, 0.998756, -0.020249, -0.053133, 0.000000, 0.000000, 0.000000, 1.000000
-14.9841, 19.3514, 27.2803, 168.0939, 237.1001, -10.3516, 229.7482, 10.0250, 59.6666, -53.1331, 0.505501, -0.837904, -0.205877, 0.019351, 0.816120, 0.541767, -0.201088, 0.027280, 0.280030, -0.066371, 0.957694, 0.168094, 0.000000, 0.000000, 0.000000, 1.000000, 0.279859, -0.066483, 0.957736, 0.237100, -0.505501, 0.837904, 0.205876, -0.010352, -0.816179, -0.541753, 0.200887, 0.229748, 0.000000, 0.000000, 0.000000, 1.000000, 0.993308, -0.043150, 0.107133, 0.010025, 0.106126, -0.024994, -0.994038, 0.059667, 0.045571, 0.998756, -0.020248, -0.053133, 0.000000, 0.000000, 0.000000, 1.000000
-14.9807, 19.3496, 27.2772, 168.0927, 237.0988, -10.3498, 229.7514, 10.0254, 59.6657, -53.1333, 0.505514, -0.837903, -0.205847, 0.019350, 0.816131, 0.541768, -0.201039, 0.027277, 0.279973, -0.066370, 0.957711, 0.168093, 0.000000, 0.000000, 0.000000, 1.000000, 0.279802, -0.066482, 0.957753, 0.237099, -0.505515, 0.837903, 0.205846, -0.010350, -0.816190, -0.541755, 0.200839, 0.229751, 0.000000, 0.000000, 0.000000, 1.000000, 0.993308, -0.043152, 0.107133, 0.010025, 0.106126, -0.024991, -0.994039, 0.059666, 0.045572, 0.998756, -0.020245, -0.053133, 0.000000, 0.000000, 0.000000, 1.000000
-14.9788, 19.3486, 27.2757, 168.0920, 237.0982, -10.3488, 229.7531, 10.0256, 59.6652, -53.1334, 0.505522, -0.837903, -0.205831, 0.019349, 0.816138, 0.541769, -0.201012, 0.027276, 0.279941, -0.066370, 0.957720, 0.168092, 0.000000, 0.000000, 0.000000, 1.000000, 0.279771, -0.066482, 0.957762, 0.237098, -0.505522, 0.837903, 0.205830, -0.010349, -0.816196, -0.541755, 0.200813, 0.229753, 0.000000, 0.000000, 0.000000, 1.000000, 0.993308, -0.043152, 0.107133, 0.010026, 0.106127, -0.024990, -0.994039, 0.059665, 0.045572, 0.998756, -0.020243, -0.053133, 0.000000, 0.000000, 0.000000, 1.000000
-14.9748, 19.3466, 27.2725, 168.0908, 237.0969, -10.3468, 229.7565, 10.0259, 59.6641, -53.1335, 0.505538, -0.837902, -0.205795, 0.019347, 0.816151, 0.541770, -0.200954, 0.027272, 0.279873, -0.066371, 0.957740, 0.168091, 0.000000, 0.000000, 0.000000, 1.000000, 0.279704, -0.066482, 0.957782, 0.237097, -0.505538, 0.837902, 0.205795, -0.010347, -0.816209, -0.541756, 0.200755, 0.229756, 0.000000, 0.000000, 0.000000, 1.000000, 0.993308, -0.043154, 0.107133, 0.010026, 0.106127, -0.024987, -0.994039, 0.059664, 0.045574, 0.998756, -0.020240, -0.053134, 0.000000, 0.000000, 0.000000, 1.000000
-14.9726, 19.3455, 27.2708, 168.0902, 237.0963, -10.3457, 229.7582, 10.0262, 59.6635, -53.1336, 0.505546, -0.837902, -0.205776, 0.019346, 0.816159, 0.541771, -0.200922, 0.027271, 0.279837, -0.066371, 0.957751, 0.168090, 0.000000, 0.000000, 0.000000, 1.000000, 0.279668, -0.066482, 0.957792, 0.237096, -0.505546, 0.837902, 0.205776, -0.010346, -0.816216, -0.541757, 0.200724, 0.229758, 0.000000, 0.000000, 0.000000, 1.000000, 0.993308, -0.043155, 0.107133, 0.010026, 0.106127, -0.024985, -0.994039, 0.059664, 0.045574, 0.998756, -0.020238, -0.053134, 0.000000, 0.000000, 0.000000, 1.000000
-14.9655, 19.3421, 27.2656, 168.0882, 237.0943, -10.3423, 229.7637, 10.0268, 59.6617, -53.1339, 0.505573, -0.837901, -0.205714, 0.019342, 0.816183, 0.541772, -0.200818, 0.027266, 0.279716, -0.066372, 0.957786, 0.168088, 0.000000, 0.000000, 0.000000, 1.000000, 0.279548, -0.066482, 0.957827, 0.237094, -0.505573, 0.837901, 0.205713, -0.010342, -0.816241, -0.541758, 0.200622, 0.229764, 0.000000, 0.000000, 0.000000, 1.000000, 0.993308, -0.043158, 0.107133, 0.010027, 0.106127, -0.024979, -0.994039, 0.059662, 0.045577, 0.998756, -0.020232, -0.053134, 0.000000, 0.000000, 0.000000, 1.000000
-14.9630, 19.3408, 27.2638, 168.0876, 237.0937, -10.3410, 229.7656, 10.0271, 59.6610, -53.1341, 0.505582, -0.837901, -0.205691, 0.019341, 0.816192, 0.541772, -0.200781, 0.027264, 0.279673, -0.066372, 0.957799, 0.168088, 0.000000, 0.000000, 0.000000, 1.000000, 0.279505, -0.066483, 0.957840, 0.237094, -0.505583, 0.837901, 0.205691, -0.010341, -0.816249, -0.541759, 0.200585, 0.229766, 0.000000, 0.000000, 0.000000, 1.000000, 0.993308, -0.043159, 0.107133, 0.010027, 0.106127, -0.024977, -0.994039, 0.059661, 0.045578, 0.998756, -0.020230, -0.053134, 0.000000, 0.000000, 0.000000, 1.000000
-14.9576, 19.3386, 27.2622, 168.0872, 237.0933, -10.3388, 229.7673, 10.0276, 59.6597, -53.1343, 0.505601, -0.837901, -0.205643, 0.019339, 0.816214, 0.541771, -0.200695, 0.027262, 0.279574, -0.066377, 0.957827, 0.168087, 0.000000, 0.000000, 0.000000, 1.000000, 0.279407, -0.066487, 0.957868, 0.237093, -0.505602, 0.837901, 0.205642, -0.010339, -0.816271, -0.541757, 0.200500, 0.229767, 0.000000, 0.000000, 0.000000, 1.000000, 0.993307, -0.043161, 0.107133, 0.010028, 0.106127, -0.024973, -0.994039, 0.059660, 0.045579, 0.998756, -0.020225, -0.053134, 0.000000, 0.000000, 0.000000, 1.000000
-14.9547, 19.3381, 27.2644, 168.0884, 237.0945, -10.3383, 229.7652, 10.0279, 59.6590, -53.1345, 0.505610, -0.837903, -0.205616, 0.019338, 0.816230, 0.541768, -0.200640, 0.027264, 0.279513, -0.066384, 0.957844, 0.168088, 0.000000, 0.000000, 0.000000, 1.000000, 0.279346, -0.066494, 0.957885, 0.237094, -0.505610, 0.837903, 0.205615, -0.010338, -0.816287, -0.541754, 0.200445, 0.229765, 0.000000, 0.000000, 0.000000, 1.000000, 0.993307, -0.043162, 0.107133, 0.010028, 0.106127, -0.024971, -0.994039, 0.059659, 0.045580, 0.998756, -0.020223, -0.053134, 0.000000, 0.000000, 0.000000, 1.000000
-14.9488, 19.3367, 27.2681, 168.0906, 237.0966, -10.3369, 229.7615, 10.0284, 59.6575, -53.1348, 0.505627, -0.837906, -0.205560, 0.019337, 0.816262, 0.541761, -0.200528, 0.027268, 0.279388, -0.066398, 0.957880, 0.168091, 0.000000, 0.000000, 0.000000, 1.000000, 0.279221, -0.066508, 0.957921, 0.237097, -0.505628, 0.837906, 0.205559, -0.010337, -0.816319, -0.541748, 0.200333, 0.229762, 0.000000, 0.000000, 0.000000, 1.000000, 0.993307, -0.043165, 0.107133, 0.010028, 0.106127, -0.024967, -0.994039, 0.059658, 0.045582, 0.998756, -0.020219, -0.053135, 0.000000, 0.000000, 0.000000, 1.000000
-14.9457, 19.3359, 27.2695, 168.0915, 237.0975, -10.3361, 229.7601, 10.0287, 59.6568, -53.1350, 0.505637, -0.837907, -0.205531, 0.019336, 0.816278, 0.541758, -0.200471, 0.027270, 0.279324, -0.066405, 0.957898, 0.168091, 0.000000, 0.000000, 0.000000, 1.000000, 0.279158, -0.066515, 0.957939, 0.237098, -0.505637, 0.837907, 0.205530, -0.010336, -0.816335, -0.541745, 0.200276, 0.229760, 0.000000, 0.000000, 0.000000, 1.000000, 0.993307, -0.043166, 0.107133, 0.010029, 0.106127, -0.024965, -0.994039, 0.059657, 0.045583, 0.998756, -0.020216, -0.053135, 0.000000, 0.000000, 0.000000, 1.000000
-14.9393, 19.3341, 27.2717, 168.0930, 237.0990, -10.3342, 229.7580, 10.0293, 59.6552, -53.1353, 0.505656, -0.837910, -0.205471, 0.019334, 0.816310, 0.541752, -0.200356, 0.027272, 0.279195, -0.066417, 0.957935, 0.168093, 0.000000, 0.000000, 0.000000, 1.000000, 0.279028, -0.066527, 0.957976, 0.237099, -0.505657, 0.837910, 0.205470, -0.010334, -0.816367, -0.541739, 0.200161, 0.229758, 0.000000, 0.000000, 0.000000, 1.000000, 0.993307, -0.043169, 0.107132, 0.010029, 0.106127, -0.024960, -0.994039, 0.059655, 0.045585, 0.998756, -0.020211, -0.053135, 0.000000, 0.000000, 0.000000, 1.000000
-14.9325, 19.3319, 27.2727, 168.0941, 237.1001, -10.3321, 229.7570, 10.0299, 59.6535, -53.1357, 0.505678, -0.837912, -0.205409, 0.019332, 0.816342, 0.541747, -0.200239, 0.027273, 0.279062, -0.066428, 0.957973, 0.168094, 0.000000, 0.000000, 0.000000, 1.000000, 0.278896, -0.066537, 0.958013, 0.237100, -0.505678, 0.837913, 0.205408, -0.010332, -0.816399, -0.541734, 0.200044, 0.229757, 0.000000, 0.000000, 0.000000, 1.000000, 0.993307, -0.043172, 0.107132, 0.010030, 0.106127, -0.024955, -0.994039, 0.059654, 0.045588, 0.998756, -0.020206, -0.053136, 0.000000, 0.000000, 0.000000, 1.000000
-14.9291, 19.3308, 27.2728, 168.0944, 237.1004, -10.3310, 229.7569, 10.0302, 59.6527, -53.1358, 0.505689, -0.837914, -0.205377, 0.019331, 0.816358, 0.541745, -0.200180, 0.027273, 0.278995, -0.066433, 0.957992, 0.168094, 0.000000, 0.000000, 0.000000, 1.000000, 0.278829, -0.066542, 0.958033, 0.237100, -0.505689, 0.837914, 0.205376, -0.010331, -0.816415, -0.541731, 0.199985, 0.229757, 0.000000, 0.000000, 0.000000, 1.000000, 0.993307, -0.043173, 0.107132, 0.010030, 0.106126, -0.024952, -0.994040, 0.059653, 0.045589, 0.998756, -0.020203, -0.053136, 0.000000, 0.000000, 0.000000, 1.000000
-14.9144, 19.3255, 27.2706, 168.0947, 237.1007, -10.3257, 229.7593, 10.0316, 59.6490, -53.1366, 0.505736, -0.837917, -0.205244, 0.019325, 0.816422, 0.541737, -0.199941, 0.027271, 0.278722, -0.066449, 0.958070, 0.168095, 0.000000, 0.000000, 0.000000, 1.000000, 0.278556, -0.066558, 0.958111, 0.237101, -0.505736, 0.837918, 0.205244, -0.010326, -0.816478, -0.541723, 0.199747, 0.229759, 0.000000, 0.000000, 0.000000, 1.000000, 0.993307, -0.043179, 0.107132, 0.010032, 0.106127, -0.024941, -0.994040, 0.059649, 0.045594, 0.998756, -0.020192, -0.053137, 0.000000, 0.000000, 0.000000, 1.000000
-14.9067, 19.3224, 27.2680, 168.0941, 237.1001, -10.3226, 229.7620, 10.0323, 59.6470, -53.1369, 0.505762, -0.837919, -0.205175, 0.019322, 0.816454, 0.541734, -0.199820, 0.027268, 0.278583, -0.066455, 0.958110, 0.168094, 0.000000, 0.000000, 0.000000, 1.000000, 0.278418, -0.066563, 0.958151, 0.237100, -0.505762, 0.837919, 0.205174, -0.010323, -0.816510, -0.541720, 0.199626, 0.229762, 0.000000, 0.000000, 0.000000, 1.000000, 0.993307, -0.043182, 0.107131, 0.010032, 0.106127, -0.024935, -0.994040, 0.059647, 0.045596, 0.998756, -0.020186, -0.053137, 0.000000, 0.000000, 0.000000, 1.000000
-14.9028, 19.3208, 27.2663, 168.0937, 237.0997, -10.3210, 229.7637, 10.0327, 59.6460, -53.1371, 0.505775, -0.837920, -0.205140, 0.019321, 0.816469, 0.541732, -0.199759, 0.027266, 0.278513, -0.066457, 0.958130, 0.168094, 0.000000, 0.000000, 0.000000, 1.000000, 0.278348, -0.066566, 0.958171, 0.237100, -0.505775, 0.837920, 0.205139, -0.010321, -0.816526, -0.541719, 0.199566, 0.229764, 0.000000, 0.000000, 0.000000, 1.000000, 0.993307, -0.043184, 0.107131, 0.010033, 0.106127, -0.024932, -0.994040, 0.059646, 0.045598, 0.998756, -0.020182, -0.053137, 0.000000, 0.000000, 0.000000, 1.000000
-14.8988, 19.3191, 27.2644, 168.0931, 237.0991, -10.3193, 229.7656, 10.0330, 59.6450, -53.1373, 0.505788, -0.837920, -0.205104, 0.019319, 0.816485, 0.541731, -0.199699, 0.027264, 0.278443, -0.066459, 0.958151, 0.168093, 0.000000, 0.000000, 0.000000, 1.000000, 0.278278, -0.066568, 0.958191, 0.237099, -0.505789, 0.837920, 0.205104, -0.010319, -0.816541, -0.541718, 0.199506, 0.229766, 0.000000, 0.000000, 0.000000, 1.000000, 0.993307, -0.043185, 0.107131, 0.010033, 0.106127, -0.024929, -0.994040, 0.059645, 0.045599, 0.998756, -0.020179, -0.053137, 0.000000, 0.000000, 0.000000, 1.000000
-14.8907, 19.3156, 27.2599, 168.0917, 237.0977, -10.3158, 229.7702, 10.0338, 59.6429, -53.1377, 0.505816, -0.837921, -0.205032, 0.019316, 0.816516, 0.541729, -0.199578, 0.027260, 0.278303, -0.066463, 0.958191, 0.168092, 0.000000, 0.000000, 0.000000, 1.000000, 0.278138, -0.066571, 0.958232, 0.237098, -0.505816, 0.837921, 0.205032, -0.010316, -0.816572, -0.541716, 0.199385, 0.229770, 0.000000, 0.000000, 0.000000, 1.000000, 0.993306, -0.043189, 0.107131, 0.010034, 0.106127, -0.024923, -0.994040, 0.059643, 0.045601, 0.998756, -0.020173, -0.053138, 0.000000, 0.000000, 0.000000, 1.000000
-14.8866, 19.3138, 27.2573, 168.0909, 237.0968, -10.3140, 229.7728, 10.0342, 59.6419, -53.1379, 0.505830, -0.837922, -0.204996, 0.019314, 0.816531, 0.541729, -0.199517, 0.027257, 0.278232, -0.066464, 0.958212, 0.168091, 0.000000, 0.000000, 0.000000, 1.000000, 0.278067, -0.066572, 0.958252, 0.237097, -0.505830, 0.837922, 0.204995, -0.010314, -0.816587, -0.541715, 0.199325, 0.229773, 0.000000, 0.000000, 0.000000, 1.000000, 0.993306, -0.043190, 0.107131, 0.010034, 0.106127, -0.024920, -0.994040, 0.059642, 0.045603, 0.998756, -0.020169, -0.053138, 0.000000, 0.000000, 0.000000, 1.000000
-14.8782, 19.3100, 27.2516, 168.0889, 237.0948, -10.3102, 229.7787, 10.0350, 59.6397, -53.1383, 0.505859, -0.837922, -0.204922, 0.019310, 0.816561, 0.541728, -0.199396, 0.027252, 0.278091, -0.066465, 0.958253, 0.168089, 0.000000, 0.000000, 0.000000, 1.000000, 0.277926, -0.066573, 0.958293, 0.237095, -0.505859, 0.837922, 0.204922, -0.010310, -0.816617, -0.541714, 0.199204, 0.229779, 0.000000, 0.000000, 0.000000, 1.000000, 0.993306, -0.043194, 0.107131, 0.010035, 0.106127, -0.024913, -0.994040, 0.059640, 0.045605, 0.998756, -0.020162, -0.053138, 0.000000, 0.000000, 0.000000, 1.000000
-14.8740, 19.3080, 27.2484, 168.0878, 237.0937, -10.3082, 229.7819, 10.0354, 59.6387, -53.1385, 0.505874, -0.837922, -0.204885, 0.019308, 0.816576, 0.541727, -0.199336, 0.027248, 0.278020, -0.066466, 0.958273, 0.168088, 0.000000, 0.000000, 0.000000, 1.000000, 0.277856, -0.066574, 0.958313, 0.237094, -0.505874, 0.837922, 0.204884, -0.010308, -0.816632, -0.541714, 0.199144, 0.229782, 0.000000, 0.000000, 0.000000, 1.000000, 0.993306, -0.043196, 0.107131, 0.010035, 0.106127, -0.024910, -0.994041, 0.059639, 0.045607, 0.998756, -0.020159, -0.053138, 0.000000, 0.000000, 0.000000, 1.000000
-14.8655, 19.3040, 27.2416, 168.0853, 237.0912, -10.3041, 229.7888, 10.0362, 59.6365, -53.1389, 0.505903, -0.837923, -0.204810, 0.019304, 0.816606, 0.541727, -0.199216, 0.027242, 0.277879, -0.066466, 0.958314, 0.168085, 0.000000, 0.000000, 0.000000, 1.000000, 0.277715, -0.066573, 0.958354, 0.237091, -0.505904, 0.837923, 0.204810, -0.010304, -0.816662, -0.541714, 0.199024, 0.229789, 0.000000, 0.000000, 0.000000, 1.000000, 0.993306, -0.043199, 0.107131, 0.010036, 0.106127, -0.024903, -0.994041, 0.059636, 0.045610, 0.998756, -0.020152, -0.053139, 0.000000, 0.000000, 0.000000, 1.000000
-14.8568, 19.2998, 27.2342, 168.0825, 237.0885, -10.2999, 229.7963, 10.0370, 59.6342, -53.1392, 0.505934, -0.837923, -0.204735, 0.019300, 0.816635, 0.541727, -0.199096, 0.027234, 0.277737, -0.066465, 0.958355, 0.168083, 0.000000, 0.000000, 0.000000, 1.000000, 0.277573, -0.066572, 0.958395, 0.237088, -0.505934, 0.837923, 0.204734, -0.010300, -0.816691, -0.541714, 0.198904, 0.229796, 0.000000, 0.000000, 0.000000, 1.000000, 0.993306, -0.043203, 0.107131, 0.010037, 0.106127, -0.024896, -0.994041, 0.059634, 0.045612, 0.998756, -0.020145, -0.053139, 0.000000, 0.000000, 0.000000, 1.000000
-14.8481, 19.2954, 27.2262, 168.0795, 237.0854, -10.2956, 229.8044, 10.0378, 59.6320, -53.1396, 0.505965, -0.837922, -0.204659, 0.019295, 0.816664, 0.541727, -0.198976, 0.027226, 0.277596, -0.066463, 0.958396, 0.168080, 0.000000, 0.000000, 0.000000, 1.000000, 0.277433, -0.066570, 0.958436, 0.237085, -0.505965, 0.837923, 0.204658, -0.010296, -0.816719, -0.541714, 0.198785, 0.229804, 0.000000, 0.000000, 0.000000, 1.000000, 0.993306, -0.043206, 0.107131, 0.010038, 0.106127, -0.024890, -0.994041, 0.059632, 0.045615, 0.998756, -0.020138, -0.053140, 0.000000, 0.000000, 0.000000, 1.000000
-14.8438, 19.2933, 27.2221, 168.0779, 237.0838, -10.2934, 229.8086, 10.0382, 59.6308, -53.1398, 0.505981, -0.837922, -0.204621, 0.019293, 0.816678, 0.541728, -0.198917, 0.027222, 0.277526, -0.066461, 0.958417, 0.168078, 0.000000, 0.000000, 0.000000, 1.000000, 0.277363, -0.066569, 0.958456, 0.237084, -0.505981, 0.837922, 0.204620, -0.010293, -0.816733, -0.541715, 0.198726, 0.229809, 0.000000, 0.000000, 0.000000, 1.000000, 0.993306, -0.043208, 0.107131, 0.010038, 0.106127, -0.024886, -0.994041, 0.059631, 0.045616, 0.998756, -0.020134, -0.053140, 0.000000, 0.000000, 0.000000, 1.000000
-14.8351, 19.2900, 27.2197, 168.0775, 237.0834, -10.2901, 229.8109, 10.0390, 59.6286, -53.1402, 0.506009, -0.837925, -0.204542, 0.019290, 0.816715, 0.541723, -0.198779, 0.027220, 0.277367, -0.066469, 0.958462, 0.168077, 0.000000, 0.000000, 0.000000, 1.000000, 0.277204, -0.066576, 0.958502, 0.237083, -0.506009, 0.837925, 0.204541, -0.010290, -0.816770, -0.541710, 0.198588, 0.229811, 0.000000, 0.000000, 0.000000, 1.000000, 0.993306, -0.043211, 0.107130, 0.010039, 0.106127, -0.024880, -0.994041, 0.059629, 0.045619, 0.998756, -0.020127, -0.053140, 0.000000, 0.000000, 0.000000, 1.000000
-14.8264, 19.2869, 27.2184, 168.0776, 237.0835, -10.2871, 229.8122, 10.0398, 59.6264, -53.1407, 0.506036, -0.837927, -0.204463, 0.019287, 0.816753, 0.541718, -0.198638, 0.027218, 0.277205, -0.066478, 0.958508, 0.168078, 0.000000, 0.000000, 0.000000, 1.000000, 0.277042, -0.066585, 0.958548, 0.237083, -0.506036, 0.837928, 0.204462, -0.010287, -0.816808, -0.541705, 0.198446, 0.229812, 0.000000, 0.000000, 0.000000, 1.000000, 0.993305, -0.043215, 0.107130, 0.010040, 0.106127, -0.024873, -0.994041, 0.059626, 0.045622, 0.998756, -0.020120, -0.053141, 0.000000, 0.000000, 0.000000, 1.000000
-14.8220, 19.2853, 27.2173, 168.0774, 237.0833, -10.2855, 229.8132, 10.0402, 59.6254, -53.1409, 0.506050, -0.837929, -0.204424, 0.019285, 0.816771, 0.541715, -0.198569, 0.027217, 0.277126, -0.066482, 0.958531, 0.168077, 0.000000, 0.000000, 0.000000, 1.000000, 0.276962, -0.066589, 0.958571, 0.237083, -0.506050, 0.837929, 0.204423, -0.010285, -0.816826, -0.541702, 0.198377, 0.229813, 0.000000, 0.000000, 0.000000, 1.000000, 0.993305, -0.043217, 0.107130, 0.010040, 0.106127, -0.024870, -0.994041, 0.059625, 0.045624, 0.998756, -0.020117, -0.053141, 0.000000, 0.000000, 0.000000, 1.000000
-14.8134, 19.2819, 27.2144, 168.0768, 237.0827, -10.2821, 229.8161, 10.0410, 59.6232, -53.1413, 0.506078, -0.837931, -0.204346, 0.019282, 0.816807, 0.541711, -0.198434, 0.027214, 0.276970, -0.066488, 0.958576, 0.168077, 0.000000, 0.000000, 0.000000, 1.000000, 0.276806, -0.066595, 0.958615, 0.237083, -0.506078, 0.837931, 0.204345, -0.010282, -0.816862, -0.541698, 0.198242, 0.229816, 0.000000, 0.000000, 0.000000, 1.000000, 0.993305, -0.043220, 0.107130, 0.010041, 0.106127, -0.024863, -0.994042, 0.059623, 0.045626, 0.998756, -0.020110, -0.053141, 0.000000, 0.000000, 0.000000, 1.000000
-14.8090, 19.2802, 27.2126, 168.0763, 237.0822, -10.2804, 229.8179, 10.0414, 59.6221, -53.1415, 0.506092, -0.837932, -0.204307, 0.019280, 0.816824, 0.541710, -0.198368, 0.027213, 0.276894, -0.066491, 0.958597, 0.168076, 0.000000, 0.000000, 0.000000, 1.000000, 0.276730, -0.066598, 0.958637, 0.237082, -0.506092, 0.837932, 0.204306, -0.010280, -0.816879, -0.541696, 0.198176, 0.229818, 0.000000, 0.000000, 0.000000, 1.000000, 0.993305, -0.043222, 0.107130, 0.010041, 0.106127, -0.024860, -0.994042, 0.059622, 0.045628, 0.998756, -0.020106, -0.053142, 0.000000, 0.000000, 0.000000, 1.000000
-14.7962, 19.2747, 27.2056, 168.0741, 237.0800, -10.2749, 229.8249, 10.0426, 59.6188, -53.1421, 0.506134, -0.837934, -0.204193, 0.019275, 0.816873, 0.541706, -0.198177, 0.027206, 0.276671, -0.066495, 0.958661, 0.168074, 0.000000, 0.000000, 0.000000, 1.000000, 0.276508, -0.066603, 0.958701, 0.237080, -0.506135, 0.837934, 0.204192, -0.010275, -0.816928, -0.541692, 0.197985, 0.229825, 0.000000, 0.000000, 0.000000, 1.000000, 0.993305, -0.043227, 0.107129, 0.010043, 0.106127, -0.024850, -0.994042, 0.059619, 0.045632, 0.998756, -0.020096, -0.053142, 0.000000, 0.000000, 0.000000, 1.000000
-14.7920, 19.2729, 27.2028, 168.0731, 237.0791, -10.2730, 229.8276, 10.0430, 59.6177, -53.1423, 0.506149, -0.837935, -0.204155, 0.019273, 0.816888, 0.541705, -0.198115, 0.027203, 0.276600, -0.066496, 0.958682, 0.168073, 0.000000, 0.000000, 0.000000, 1.000000, 0.276436, -0.066604, 0.958722, 0.237079, -0.506149, 0.837935, 0.204155, -0.010273, -0.816943, -0.541691, 0.197924, 0.229828, 0.000000, 0.000000, 0.000000, 1.000000, 0.993305, -0.043229, 0.107129, 0.010043, 0.106128, -0.024847, -0.994042, 0.059618, 0.045633, 0.998756, -0.020093, -0.053142, 0.000000, 0.000000, 0.000000, 1.000000
-14.7754, 19.2651, 27.1897, 168.0684, 237.0743, -10.2653, 229.8407, 10.0445, 59.6134, -53.1431, 0.506206, -0.837936, -0.204009, 0.019265, 0.816946, 0.541703, -0.197881, 0.027190, 0.276324, -0.066496, 0.958761, 0.168068, 0.000000, 0.000000, 0.000000, 1.000000, 0.276160, -0.066604, 0.958801, 0.237074, -0.506206, 0.837936, 0.204008, -0.010265, -0.817001, -0.541690, 0.197689, 0.229841, 0.000000, 0.000000, 0.000000, 1.000000, 0.993305, -0.043236, 0.107129, 0.010045, 0.106128, -0.024834, -0.994042, 0.059613, 0.045638, 0.998756, -0.020079, -0.053143, 0.000000, 0.000000, 0.000000, 1.000000
-14.7714, 19.2631, 27.1860, 168.0670, 237.0729, -10.2633, 229.8444, 10.0449, 59.6124, -53.1433, 0.506220, -0.837936, -0.203974, 0.019263, 0.816959, 0.541703, -0.197826, 0.027186, 0.276258, -0.066495, 0.958780, 0.168067, 0.000000, 0.000000, 0.000000, 1.000000, 0.276094, -0.066603, 0.958820, 0.237073, -0.506220, 0.837936, 0.203973, -0.010263, -0.817015, -0.541690, 0.197634, 0.229844, 0.000000, 0.000000, 0.000000, 1.000000, 0.993305, -0.043237, 0.107129, 0.010045, 0.106128, -0.024831, -0.994042, 0.059612, 0.045640, 0.998756, -0.020076, -0.053143, 0.000000, 0.000000, 0.000000, 1.000000
-14.7634, 19.2591, 27.1782, 168.0639, 237.0699, -10.2593, 229.8522, 10.0457, 59.6103, -53.1436, 0.506248, -0.837935, -0.203904, 0.019259, 0.816985, 0.541704, -0.197718, 0.027178, 0.276130, -0.066492, 0.958817, 0.168064, 0.000000, 0.000000, 0.000000, 1.000000, 0.275966, -0.066600, 0.958857, 0.237070, -0.506249, 0.837935, 0.203903, -0.010259, -0.817040, -0.541690, 0.197526, 0.229852, 0.000000, 0.000000, 0.000000, 1.000000, 0.993304, -0.043240, 0.107129, 0.010046, 0.106128, -0.024824, -0.994043, 0.059610, 0.045642, 0.998756, -0.020069, -0.053144, 0.000000, 0.000000, 0.000000, 1.000000
-14.7594, 19.2570, 27.1741, 168.0623, 237.0683, -10.2572, 229.8563, 10.0460, 59.6093, -53.1438, 0.506262, -0.837935, -0.203870, 0.019257, 0.816997, 0.541704, -0.197665, 0.027174, 0.276068, -0.066491, 0.958835, 0.168062, 0.000000, 0.000000, 0.000000, 1.000000, 0.275904, -0.066598, 0.958875, 0.237068, -0.506263, 0.837935, 0.203869, -0.010257, -0.817053, -0.541691, 0.197474, 0.229856, 0.000000, 0.000000, 0.000000, 1.000000, 0.993304, -0.043242, 0.107129, 0.010046, 0.106128, -0.024821, -0.994043, 0.059609, 0.045644, 0.998756, -0.020066, -0.053144, 0.000000, 0.000000, 0.000000, 1.000000
-14.7517, 19.2530, 27.1655, 168.0589, 237.0649, -10.2532, 229.8649, 10.0467, 59.6073, -53.1441, 0.506291, -0.837935, -0.203803, 0.019253, 0.817021, 0.541706, -0.197564, 0.027166, 0.275947, -0.066486, 0.958871, 0.168059, 0.000000, 0.000000, 0.000000, 1.000000, 0.275783, -0.066594, 0.958910, 0.237065, -0.506291, 0.837935, 0.203802, -0.010253, -0.817076, -0.541693, 0.197372, 0.229865, 0.000000, 0.000000, 0.000000, 1.000000, 0.993304, -0.043245, 0.107129, 0.010047, 0.106128, -0.024815, -0.994043, 0.059607, 0.045646, 0.998756, -0.020059, -0.053144, 0.000000, 0.000000, 0.000000, 1.000000
-14.7479, 19.2509, 27.1611, 168.0572, 237.0631, -10.2511, 229.8693, 10.0471, 59.6063, -53.1443, 0.506304, -0.837934, -0.203770, 0.019251, 0.817032, 0.541707, -0.197515, 0.027161, 0.275888, -0.066484, 0.958888, 0.168057, 0.000000, 0.000000, 0.000000, 1.000000, 0.275724, -0.066591, 0.958927, 0.237063, -0.506305, 0.837934, 0.203769, -0.010251, -0.817087, -0.541693, 0.197323, 0.229869, 0.000000, 0.000000, 0.000000, 1.000000, 0.993304, -0.043247, 0.107129, 0.010047, 0.106128, -0.024812, -0.994043, 0.059606, 0.045647, 0.998756, -0.020056, -0.053144, 0.000000, 0.000000, 0.000000, 1.000000
-14.7404, 19.2468, 27.1521, 168.0535, 237.0595, -10.2470, 229.8784, 10.0478, 59.6043, -53.1446, 0.506332, -0.837933, -0.203705, 0.019247, 0.817054, 0.541709, -0.197420, 0.027152, 0.275774, -0.066478, 0.958921, 0.168054, 0.000000, 0.000000, 0.000000, 1.000000, 0.275610, -0.066586, 0.958961, 0.237059, -0.506332, 0.837933, 0.203705, -0.010247, -0.817109, -0.541696, 0.197228, 0.229878, 0.000000, 0.000000, 0.000000, 1.000000, 0.993304, -0.043250, 0.107129, 0.010048, 0.106128, -0.024806, -0.994043, 0.059604, 0.045649, 0.998756, -0.020050, -0.053145, 0.000000, 0.000000, 0.000000, 1.000000
-14.7331, 19.2428, 27.1428, 168.0498, 237.0557, -10.2430, 229.8876, 10.0485, 59.6024, -53.1449, 0.506359, -0.837932, -0.203643, 0.019243, 0.817074, 0.541712, -0.197328, 0.027143, 0.275663, -0.066472, 0.958953, 0.168050, 0.000000, 0.000000, 0.000000, 1.000000, 0.275500, -0.066580, 0.958993, 0.237056, -0.506360, 0.837932, 0.203642, -0.010243, -0.817129, -0.541698, 0.197137, 0.229888, 0.000000, 0.000000, 0.000000, 1.000000, 0.993304, -0.043253, 0.107129, 0.010048, 0.106129, -0.024800, -0.994043, 0.059602, 0.045652, 0.998756, -0.020044, -0.053145, 0.000000, 0.000000, 0.000000, 1.000000
-14.7296, 19.2408, 27.1381, 168.0478, 237.0538, -10.2409, 229.8923, 10.0488, 59.6014, -53.1450, 0.506373, -0.837931, -0.203612, 0.019241, 0.817084, 0.541713, -0.197284, 0.027138, 0.275610, -0.066469, 0.958969, 0.168048, 0.000000, 0.000000, 0.000000, 1.000000, 0.275446, -0.066577, 0.959008, 0.237054, -0.506373, 0.837931, 0.203611, -0.010241, -0.817139, -0.541700, 0.197092, 0.229892, 0.000000, 0.000000, 0.000000, 1.000000, 0.993304, -0.043254, 0.107129, 0.010049, 0.106129, -0.024797, -0.994043, 0.059601, 0.045653, 0.998756, -0.020041, -0.053145, 0.000000, 0.000000, 0.000000, 1.000000
-14.7192, 19.2347, 27.1240, 168.0420, 237.0479, -10.2349, 229.9065, 10.0498, 59.5987, -53.1454, 0.506413, -0.837929, -0.203523, 0.019235, 0.817111, 0.541718, -0.197156, 0.027124, 0.275454, -0.066459, 0.959014, 0.168042, 0.000000, 0.000000, 0.000000, 1.000000, 0.275291, -0.066566, 0.959054, 0.237048, -0.506413, 0.837929, 0.203522, -0.010235, -0.817166, -0.541705, 0.196964, 0.229907, 0.000000, 0.000000, 0.000000, 1.000000, 0.993304, -0.043258, 0.107129, 0.010050, 0.106129, -0.024789, -0.994043, 0.059599, 0.045656, 0.998756, -0.020032, -0.053145, 0.000000, 0.000000, 0.000000, 1.000000
-14.7158, 19.2328, 27.1193, 168.0400, 237.0460, -10.2330, 229.9113, 10.0501, 59.5978, -53.1456, 0.506426, -0.837928, -0.203494, 0.019233, 0.817120, 0.541720, -0.197115, 0.027119, 0.275405, -0.066455, 0.959029, 0.168040, 0.000000, 0.000000, 0.000000, 1.000000, 0.275241, -0.066563, 0.959068, 0.237046, -0.506426, 0.837928, 0.203493, -0.010233, -0.817175, -0.541707, 0.196923, 0.229911, 0.000000, 0.000000, 0.000000, 1.000000, 0.993304, -0.043260, 0.107129, 0.010050, 0.106129, -0.024786, -0.994043, 0.059598, 0.045657, 0.998756, -0.020029, -0.053146, 0.000000, 0.000000, 0.000000, 1.000000
-14.7092, 19.2289, 27.1099, 168.0361, 237.0421, -10.2291, 229.9207, 10.0507, 59.5960, -53.1458, 0.506451, -0.837926, -0.203438, 0.019229, 0.817137, 0.541724, -0.197034, 0.027110, 0.275307, -0.066448, 0.959057, 0.168036, 0.000000, 0.000000, 0.000000, 1.000000, 0.275144, -0.066555, 0.959096, 0.237042, -0.506452, 0.837926, 0.203437, -0.010229, -0.817192, -0.541711, 0.196843, 0.229921, 0.000000, 0.000000, 0.000000, 1.000000, 0.993303, -0.043262, 0.107129, 0.010051, 0.106129, -0.024780, -0.994044, 0.059596, 0.045659, 0.998756, -0.020023, -0.053146, 0.000000, 0.000000, 0.000000, 1.000000
-14.7028, 19.2258, 27.1048, 168.0342, 237.0401, -10.2260, 229.9258, 10.0513, 59.5943, -53.1461, 0.506474, -0.837926, -0.203381, 0.019226, 0.817159, 0.541724, -0.196944, 0.027105, 0.275201, -0.066448, 0.959088, 0.168034, 0.000000, 0.000000, 0.000000, 1.000000, 0.275037, -0.066555, 0.959127, 0.237040, -0.506475, 0.837926, 0.203381, -0.010226, -0.817213, -0.541711, 0.196753, 0.229926, 0.000000, 0.000000, 0.000000, 1.000000, 0.993303, -0.043265, 0.107129, 0.010051, 0.106129, -0.024775, -0.994044, 0.059594, 0.045661, 0.998756, -0.020018, -0.053146, 0.000000, 0.000000, 0.000000, 1.000000
-14.6997, 19.2243, 27.1022, 168.0332, 237.0391, -10.2245, 229.9284, 10.0516, 59.5935, -53.1463, 0.506486, -0.837926, -0.203354, 0.019224, 0.817169, 0.541724, -0.196900, 0.027102, 0.275149, -0.066447, 0.959103, 0.168033, 0.000000, 0.000000, 0.000000, 1.000000, 0.274986, -0.066555, 0.959142, 0.237039, -0.506486, 0.837926, 0.203353, -0.010224, -0.817224, -0.541711, 0.196709, 0.229928, 0.000000, 0.000000, 0.000000, 1.000000, 0.993303, -0.043266, 0.107129, 0.010052, 0.106129, -0.024773, -0.994044, 0.059594, 0.045662, 0.998756, -0.020015, -0.053146, 0.000000, 0.000000, 0.000000, 1.000000
-14.6935, 19.2212, 27.0968, 168.0311, 237.0370, -10.2214, 229.9338, 10.0522, 59.5919, -53.1465, 0.506508, -0.837925, -0.203300, 0.019221, 0.817189, 0.541725, -0.196815, 0.027097, 0.275049, -0.066446, 0.959131, 0.168031, 0.000000, 0.000000, 0.000000, 1.000000, 0.274885, -0.066554, 0.959171, 0.237037, -0.506508, 0.837925, 0.203299, -0.010221, -0.817244, -0.541712, 0.196623, 0.229934, 0.000000, 0.000000, 0.000000, 1.000000, 0.993303, -0.043269, 0.107128, 0.010052, 0.106129, -0.024768, -0.994044, 0.059592, 0.045664, 0.998756, -0.020010, -0.053147, 0.000000, 0.000000, 0.000000, 1.000000
-14.6906, 19.2197, 27.0940, 168.0300, 237.0359, -10.2199, 229.9366, 10.0525, 59.5912, -53.1467, 0.506519, -0.837925, -0.203274, 0.019220, 0.817198, 0.541726, -0.196774, 0.027094, 0.275000, -0.066445, 0.959145, 0.168030, 0.000000, 0.000000, 0.000000, 1.000000, 0.274837, -0.066553, 0.959185, 0.237036, -0.506519, 0.837925, 0.203273, -0.010220, -0.817253, -0.541712, 0.196582, 0.229937, 0.000000, 0.000000, 0.000000, 1.000000, 0.993303, -0.043270, 0.107128, 0.010052, 0.106129, -0.024766, -0.994044, 0.059591, 0.045665, 0.998756, -0.020008, -0.053147, 0.000000, 0.000000, 0.000000, 1.000000
-14.6847, 19.2167, 27.0883, 168.0278, 237.0337, -10.2169, 229.9422, 10.0530, 59.5896, -53.1469, 0.506541, -0.837924, -0.203223, 0.019217, 0.817217, 0.541727, -0.196694, 0.027088, 0.274906, -0.066444, 0.959172, 0.168028, 0.000000, 0.000000, 0.000000, 1.000000, 0.274743, -0.066551, 0.959212, 0.237034, -0.506541, 0.837924, 0.203222, -0.010217, -0.817272, -0.541714, 0.196503, 0.229942, 0.000000, 0.000000, 0.000000, 1.000000, 0.993303, -0.043272, 0.107128, 0.010053, 0.106130, -0.024761, -0.994044, 0.059590, 0.045667, 0.998756, -0.020003, -0.053147, 0.000000, 0.000000, 0.000000, 1.000000
-14.6819, 19.2152, 27.0854, 168.0266, 237.0326, -10.2154, 229.9451, 10.0533, 59.5889, -53.1470, 0.506551, -0.837924, -0.203198, 0.019215, 0.817225, 0.541728, -0.196656, 0.027085, 0.274860, -0.066442, 0.959186, 0.168027, 0.000000, 0.000000, 0.000000, 1.000000, 0.274697, -0.066550, 0.959225, 0.237033, -0.506552, 0.837924, 0.203197, -0.010215, -0.817280, -0.541715, 0.196464, 0.229945, 0.000000, 0.000000, 0.000000, 1.000000, 0.993303, -0.043273, 0.107128, 0.010053, 0.106130, -0.024759, -0.994044, 0.059589, 0.045668, 0.998756, -0.020000, -0.053147, 0.000000, 0.000000, 0.000000, 1.000000
-14.6763, 19.2123, 27.0796, 168.0243, 237.0303, -10.2125, 229.9510, 10.0538, 59.5874, -53.1473, 0.506573, -0.837923, -0.203149, 0.019212, 0.817242, 0.541730, -0.196581, 0.027080, 0.274771, -0.066440, 0.959211, 0.168024, 0.000000, 0.000000, 0.000000, 1.000000, 0.274608, -0.066547, 0.959251, 0.237030, -0.506573, 0.837923, 0.203149, -0.010212, -0.817297, -0.541717, 0.196389, 0.229951, 0.000000, 0.000000, 0.000000, 1.000000, 0.993303, -0.043276, 0.107128, 0.010054, 0.106130, -0.024754, -0.994044, 0.059587, 0.045670, 0.998756, -0.019996, -0.053147, 0.000000, 0.000000, 0.000000, 1.000000
-14.6709, 19.2093, 27.0736, 168.0220, 237.0279, -10.2095, 229.9569, 10.0543, 59.5860, -53.1475, 0.506593, -0.837922, -0.203102, 0.019209, 0.817258, 0.541732, -0.196509, 0.027074, 0.274686, -0.066437, 0.959236, 0.168022, 0.000000, 0.000000, 0.000000, 1.000000, 0.274522, -0.066544, 0.959275, 0.237028, -0.506594, 0.837922, 0.203101, -0.010210, -0.817313, -0.541719, 0.196317, 0.229957, 0.000000, 0.000000, 0.000000, 1.000000, 0.993303, -0.043278, 0.107128, 0.010054, 0.106130, -0.024750, -0.994044, 0.059586, 0.045671, 0.998756, -0.019991, -0.053147, 0.000000, 0.000000, 0.000000, 1.000000
-14.6682, 19.2079, 27.0707, 168.0208, 237.0267, -10.2081, 229.9599, 10.0546, 59.5853, -53.1476, 0.506604, -0.837921, -0.203079, 0.019208, 0.817266, 0.541733, -0.196474, 0.027071, 0.274644, -0.066436, 0.959248, 0.168021, 0.000000, 0.000000, 0.000000, 1.000000, 0.274481, -0.066543, 0.959287, 0.237027, -0.506604, 0.837921, 0.203078, -0.010208, -0.817321, -0.541720, 0.196282, 0.229960, 0.000000, 0.000000, 0.000000, 1.000000, 0.993303, -0.043279, 0.107128, 0.010055, 0.106130, -0.024748, -0.994044, 0.059585, 0.045672, 0.998756, -0.019989, -0.053148, 0.000000, 0.000000, 0.000000, 1.000000
