# Joint_6_Angle(deg), Cam_X(mm), Cam_Y(mm), Cam_Z(mm), Torso_X(mm), Torso_Y(mm), Torso_Z(mm), EE_X(mm), EE_Y(mm), EE_Z(mm), T_cam2marker_flat(16), T_torso2marker_flat(16), T_ee2marker_flat(16)
-19.9993, 36.2155, -2.1345, 219.2411, 241.2419, -36.2159, 202.1251, 19.1219, -101.6228, 19.4903, 0.934899, 0.082215, -0.345261, 0.036216, -0.094120, 0.995401, -0.017829, -0.002135, 0.342207, 0.049164, 0.938337, 0.219241, 0.000000, 0.000000, 0.000000, 1.000000, 0.342242, 0.048788, 0.938344, 0.241242, -0.934899, -0.082215, 0.345260, -0.036216, 0.093990, -0.995420, 0.017474, 0.202125, 0.000000, 0.000000, 0.000000, 1.000000, -0.996333, 0.085169, -0.008159, 0.019122, -0.008277, -0.001030, 0.999965, -0.101623, 0.085157, 0.996366, 0.001731, 0.019490, 0.000000, 0.000000, 0.000000, 1.000000
-19.9995, 36.2156, -2.1341, 219.2415, 241.2422, -36.2159, 202.1247, 19.1221, -101.6226, 19.4903, 0.934898, 0.082215, -0.345264, 0.036216, -0.094120, 0.995401, -0.017827, -0.002134, 0.342210, 0.049163, 0.938336, 0.219241, 0.000000, 0.000000, 0.000000, 1.000000, 0.342244, 0.048787, 0.938344, 0.241242, -0.934898, -0.082216, 0.345262, -0.036216, 0.093991, -0.995420, 0.017473, 0.202125, 0.000000, 0.000000, 0.000000, 1.000000, -0.996333, 0.085169, -0.008159, 0.019122, -0.008277, -0.001030, 0.999965, -0.101623, 0.085157, 0.996366, 0.001731, 0.019490, 0.000000, 0.000000, 0.000000, 1.000000
-19.9995, 36.2157, -2.1341, 219.2415, 241.2423, -36.2160, 202.1247, 19.1221, -101.6226, 19.4904, 0.934897, 0.082216, -0.345265, 0.036216, -0.094120, 0.995401, -0.017827, -0.002134, 0.342211, 0.049163, 0.938336, 0.219242, 0.000000, 0.000000, 0.000000, 1.000000, 0.342246, 0.048787, 0.938343, 0.241242, -0.934898, -0.082216, 0.345263, -0.036216, 0.093991, -0.995420, 0.017473, 0.202125, 0.000000, 0.000000, 0.000000, 1.000000, -0.996333, 0.085169, -0.008159, 0.019122, -0.008277, -0.001030, 0.999965, -0.101623, 0.085157, 0.996366, 0.001731, 0.019490, 0.000000, 0.000000, 0.000000, 1.000000
-19.9997, 36.2158, -2.1344, 219.2415, 241.2422, -36.2162, 202.1252, 19.1223, -101.6226, 19.4903, 0.934896, 0.082215, -0.345267, 0.036216, -0.094120, 0.995401, -0.017827, -0.002134, 0.342214, 0.049163, 0.938335, 0.219241, 0.000000, 0.000000, 0.000000, 1.000000, 0.342248, 0.048788, 0.938342, 0.241242, -0.934897, -0.082216, 0.345266, -0.036216, 0.093991, -0.995420, 0.017474, 0.202125, 0.000000, 0.000000, 0.000000, 1.000000, -0.996333, 0.085169, -0.008159, 0.019122, -0.008277, -0.001030, 0.999965, -0.101623, 0.085157, 0.996366, 0.001731, 0.019490, 0.000000, 0.000000, 0.000000, 1.000000
-19.9998, 36.2160, -2.1348, 219.2414, 241.2421, -36.2163, 202.1256, 19.1223, -101.6226, 19.4903, 0.934896, 0.082215, -0.345268, 0.036216, -0.094120, 0.995401, -0.017828, -0.002135, 0.342215, 0.049164, 0.938335, 0.219241, 0.000000, 0.000000, 0.000000, 1.000000, 0.342249, 0.048789, 0.938342, 0.241242, -0.934896, -0.082215, 0.345267, -0.036216, 0.093991, -0.995420, 0.017474, 0.202126, 0.000000, 0.000000, 0.000000, 1.000000, -0.996333, 0.085169, -0.008159, 0.019122, -0.008277, -0.001029, 0.999965, -0.101623, 0.085157, 0.996366, 0.001731, 0.019490, 0.000000, 0.000000, 0.000000, 1.000000
-20.0000, 36.2163, -2.1358, 219.2410, 241.2417, -36.2166, 202.1267, 19.1224, -101.6227, 19.4902, 0.934895, 0.082214, -0.345271, 0.036216, -0.094120, 0.995401, -0.017831, -0.002136, 0.342217, 0.049167, 0.938334, 0.219241, 0.000000, 0.000000, 0.000000, 1.000000, 0.342251, 0.048792, 0.938341, 0.241242, -0.934896, -0.082214, 0.345269, -0.036217, 0.093991, -0.995420, 0.017477, 0.202127, 0.000000, 0.000000, 0.000000, 1.000000, -0.996333, 0.085169, -0.008159, 0.019122, -0.008277, -0.001029, 0.999965, -0.101623, 0.085158, 0.996366, 0.001730, 0.019490, 0.000000, 0.000000, 0.000000, 1.000000
-20.0000, 36.2164, -2.1364, 219.2407, 241.2415, -36.2168, 202.1274, 19.1224, -101.6228, 19.4901, 0.934895, 0.082214, -0.345272, 0.036216, -0.094120, 0.995401, -0.017832, -0.002136, 0.342218, 0.049168, 0.938333, 0.219241, 0.000000, 0.000000, 0.000000, 1.000000, 0.342252, 0.048794, 0.938340, 0.241241, -0.934895, -0.082214, 0.345271, -0.036217, 0.093991, -0.995420, 0.017479, 0.202127, 0.000000, 0.000000, 0.000000, 1.000000, -0.996333, 0.085169, -0.008159, 0.019122, -0.008277, -0.001029, 0.999965, -0.101623, 0.085158, 0.996366, 0.001730, 0.019490, 0.000000, 0.000000, 0.000000, 1.000000
-20.0002, 36.2170, -2.1389, 219.2397, 241.2404, -36.2174, 202.1300, 19.1225, -101.6231, 19.4899, 0.934894, 0.082211, -0.345275, 0.036217, -0.094120, 0.995401, -0.017839, -0.002139, 0.342220, 0.049174, 0.938332, 0.219240, 0.000000, 0.000000, 0.000000, 1.000000, 0.342254, 0.048800, 0.938339, 0.241240, -0.934895, -0.082211, 0.345273, -0.036217, 0.093991, -0.995419, 0.017486, 0.202130, 0.000000, 0.000000, 0.000000, 1.000000, -0.996333, 0.085169, -0.008159, 0.019123, -0.008277, -0.001029, 0.999965, -0.101623, 0.085158, 0.996366, 0.001730, 0.019490, 0.000000, 0.000000, 0.000000, 1.000000
-20.0003, 36.2175, -2.1409, 219.2388, 241.2396, -36.2178, 202.1321, 19.1225, -101.6234, 19.4896, 0.934894, 0.082209, -0.345275, 0.036217, -0.094120, 0.995401, -0.017844, -0.002141, 0.342220, 0.049179, 0.938332, 0.219239, 0.000000, 0.000000, 0.000000, 1.000000, 0.342254, 0.048806, 0.938339, 0.241240, -0.934894, -0.082209, 0.345274, -0.036218, 0.093991, -0.995419, 0.017492, 0.202132, 0.000000, 0.000000, 0.000000, 1.000000, -0.996333, 0.085169, -0.008160, 0.019122, -0.008277, -0.001029, 0.999965, -0.101623, 0.085158, 0.996366, 0.001730, 0.019490, 0.000000, 0.000000, 0.000000, 1.000000
-20.0003, 36.2176, -2.1420, 219.2383, 241.2391, -36.2180, 202.1332, 19.1224, -101.6235, 19.4895, 0.934894, 0.082208, -0.345275, 0.036218, -0.094119, 0.995401, -0.017847, -0.002142, 0.342220, 0.049182, 0.938332, 0.219238, 0.000000, 0.000000, 0.000000, 1.000000, 0.342254, 0.048809, 0.938339, 0.241239, -0.934895, -0.082208, 0.345274, -0.036218, 0.093991, -0.995419, 0.017495, 0.202133, 0.000000, 0.000000, 0.000000, 1.000000, -0.996333, 0.085169, -0.008160, 0.019122, -0.008277, -0.001029, 0.999965, -0.101624, 0.085158, 0.996366, 0.001730, 0.019490, 0.000000, 0.000000, 0.000000, 1.000000
-20.0002, 36.2180, -2.1443, 219.2373, 241.2380, -36.2183, 202.1356, 19.1222, -101.6239, 19.4892, 0.934895, 0.082205, -0.345273, 0.036218, -0.094119, 0.995401, -0.017854, -0.002144, 0.342218, 0.049188, 0.938332, 0.219237, 0.000000, 0.000000, 0.000000, 1.000000, 0.342251, 0.048815, 0.938339, 0.241238, -0.934896, -0.082205, 0.345272, -0.036218, 0.093991, -0.995419, 0.017502, 0.202136, 0.000000, 0.000000, 0.000000, 1.000000, -0.996333, 0.085169, -0.008160, 0.019122, -0.008277, -0.001029, 0.999965, -0.101624, 0.085158, 0.996366, 0.001730, 0.019489, 0.000000, 0.000000, 0.000000, 1.000000
-20.0001, 36.2181, -2.1455, 219.2367, 241.2374, -36.2184, 202.1369, 19.1221, -101.6241, 19.4891, 0.934896, 0.082204, -0.345271, 0.036218, -0.094119, 0.995401, -0.017857, -0.002145, 0.342215, 0.049191, 0.938333, 0.219237, 0.000000, 0.000000, 0.000000, 1.000000, 0.342249, 0.048819, 0.938340, 0.241237, -0.934896, -0.082204, 0.345270, -0.036218, 0.093991, -0.995419, 0.017506, 0.202137, 0.000000, 0.000000, 0.000000, 1.000000, -0.996333, 0.085169, -0.008160, 0.019122, -0.008277, -0.001029, 0.999965, -0.101624, 0.085158, 0.996366, 0.001731, 0.019489, 0.000000, 0.000000, 0.000000, 1.000000
-19.9997, 36.2182, -2.1479, 219.2354, 241.2361, -36.2185, 202.1394, 19.1217, -101.6246, 19.4888, 0.934899, 0.082201, -0.345265, 0.036218, -0.094118, 0.995401, -0.017865, -0.002148, 0.342208, 0.049198, 0.938335, 0.219235, 0.000000, 0.000000, 0.000000, 1.000000, 0.342242, 0.048825, 0.938342, 0.241236, -0.934899, -0.082201, 0.345263, -0.036219, 0.093990, -0.995419, 0.017514, 0.202139, 0.000000, 0.000000, 0.000000, 1.000000, -0.996333, 0.085169, -0.008160, 0.019122, -0.008277, -0.001030, 0.999965, -0.101625, 0.085158, 0.996366, 0.001731, 0.019489, 0.000000, 0.000000, 0.000000, 1.000000
-19.9986, 36.2179, -2.1517, 219.2333, 241.2340, -36.2183, 202.1434, 19.1206, -101.6256, 19.4882, 0.934906, 0.082197, -0.345246, 0.036218, -0.094117, 0.995401, -0.017877, -0.002152, 0.342189, 0.049207, 0.938342, 0.219233, 0.000000, 0.000000, 0.000000, 1.000000, 0.342223, 0.048836, 0.938349, 0.241234, -0.934906, -0.082197, 0.345245, -0.036218, 0.093990, -0.995419, 0.017528, 0.202143, 0.000000, 0.000000, 0.000000, 1.000000, -0.996333, 0.085169, -0.008160, 0.019121, -0.008278, -0.001032, 0.999965, -0.101626, 0.085158, 0.996366, 0.001733, 0.019488, 0.000000, 0.000000, 0.000000, 1.000000
-19.9986, 36.2179, -2.1517, 219.2333, 241.2340, -36.2183, 202.1434, 19.1206, -101.6256, 19.4882, 0.934906, 0.082197, -0.345246, 0.036218, -0.094117, 0.995401, -0.017877, -0.002152, 0.342189, 0.049207, 0.938342, 0.219233, 0.000000, 0.000000, 0.000000, 1.000000, 0.342223, 0.048836, 0.938349, 0.241234, -0.934906, -0.082197, 0.345245, -0.036218, 0.093990, -0.995419, 0.017528, 0.202143, 0.000000, 0.000000, 0.000000, 1.000000, -0.996333, 0.085169, -0.008160, 0.019121, -0.008278, -0.001032, 0.999965, -0.101626, 0.085158, 0.996366, 0.001733, 0.019488, 0.000000, 0.000000, 0.000000, 1.000000
-19.9974, 36.2174, -2.1541, 219.2317, 241.2325, -36.2177, 202.1459, 19.1195, -101.6263, 19.4878, 0.934913, 0.082194, -0.345227, 0.036217, -0.094116, 0.995401, -0.017887, -0.002154, 0.342169, 0.049214, 0.938349, 0.219232, 0.000000, 0.000000, 0.000000, 1.000000, 0.342203, 0.048843, 0.938356, 0.241232, -0.934914, -0.082194, 0.345226, -0.036218, 0.093989, -0.995419, 0.017537, 0.202146, 0.000000, 0.000000, 0.000000, 1.000000, -0.996333, 0.085169, -0.008160, 0.019119, -0.008278, -0.001034, 0.999965, -0.101626, 0.085158, 0.996366, 0.001735, 0.019488, 0.000000, 0.000000, 0.000000, 1.000000
-19.9949, 36.2159, -2.1577, 219.2292, 241.2299, -36.2162, 202.1497, 19.1172, -101.6277, 19.4872, 0.934929, 0.082189, -0.345186, 0.036216, -0.094115, 0.995400, -0.017901, -0.002158, 0.342127, 0.049224, 0.938364, 0.219229, 0.000000, 0.000000, 0.000000, 1.000000, 0.342161, 0.048854, 0.938371, 0.241230, -0.934929, -0.082189, 0.345185, -0.036216, 0.093988, -0.995419, 0.017553, 0.202150, 0.000000, 0.000000, 0.000000, 1.000000, -0.996333, 0.085169, -0.008160, 0.019117, -0.008278, -0.001038, 0.999965, -0.101628, 0.085158, 0.996366, 0.001739, 0.019487, 0.000000, 0.000000, 0.000000, 1.000000
-19.9927, 36.2144, -2.1599, 219.2273, 241.2281, -36.2147, 202.1520, 19.1153, -101.6288, 19.4867, 0.934942, 0.082186, -0.345150, 0.036214, -0.094113, 0.995400, -0.017912, -0.002160, 0.342090, 0.049230, 0.938377, 0.219227, 0.000000, 0.000000, 0.000000, 1.000000, 0.342124, 0.048860, 0.938384, 0.241228, -0.934943, -0.082187, 0.345148, -0.036215, 0.093987, -0.995419, 0.017564, 0.202152, 0.000000, 0.000000, 0.000000, 1.000000, -0.996333, 0.085169, -0.008159, 0.019115, -0.008278, -0.001041, 0.999965, -0.101629, 0.085157, 0.996366, 0.001742, 0.019487, 0.000000, 0.000000, 0.000000, 1.000000
-19.9914, 36.2135, -2.1609, 219.2264, 241.2271, -36.2138, 202.1531, 19.1141, -101.6294, 19.4865, 0.934950, 0.082185, -0.345128, 0.036213, -0.094113, 0.995400, -0.017917, -0.002161, 0.342068, 0.049233, 0.938384, 0.219226, 0.000000, 0.000000, 0.000000, 1.000000, 0.342102, 0.048864, 0.938392, 0.241227, -0.934951, -0.082185, 0.345127, -0.036214, 0.093986, -0.995418, 0.017569, 0.202153, 0.000000, 0.000000, 0.000000, 1.000000, -0.996333, 0.085169, -0.008159, 0.019114, -0.008278, -0.001043, 0.999965, -0.101629, 0.085157, 0.996366, 0.001744, 0.019486, 0.000000, 0.000000, 0.000000, 1.000000
-19.9884, 36.2113, -2.1629, 219.2243, 241.2251, -36.2116, 202.1552, 19.1115, -101.6307, 19.4859, 0.934969, 0.082182, -0.345079, 0.036211, -0.094111, 0.995400, -0.017928, -0.002163, 0.342018, 0.049238, 0.938402, 0.219224, 0.000000, 0.000000, 0.000000, 1.000000, 0.342052, 0.048870, 0.938409, 0.241225, -0.934969, -0.082183, 0.345078, -0.036212, 0.093985, -0.995418, 0.017581, 0.202155, 0.000000, 0.000000, 0.000000, 1.000000, -0.996333, 0.085169, -0.008159, 0.019111, -0.008279, -0.001048, 0.999965, -0.101631, 0.085157, 0.996366, 0.001749, 0.019486, 0.000000, 0.000000, 0.000000, 1.000000
-19.9867, 36.2099, -2.1638, 219.2233, 241.2240, -36.2103, 202.1562, 19.1100, -101.6314, 19.4857, 0.934979, 0.082181, -0.345051, 0.036210, -0.094111, 0.995400, -0.017934, -0.002164, 0.341990, 0.049241, 0.938413, 0.219223, 0.000000, 0.000000, 0.000000, 1.000000, 0.342024, 0.048873, 0.938420, 0.241224, -0.934980, -0.082181, 0.345050, -0.036210, 0.093984, -0.995418, 0.017587, 0.202156, 0.000000, 0.000000, 0.000000, 1.000000, -0.996333, 0.085169, -0.008159, 0.019110, -0.008279, -0.001051, 0.999965, -0.101631, 0.085157, 0.996366, 0.001752, 0.019486, 0.000000, 0.000000, 0.000000, 1.000000
-19.9807, 36.2052, -2.1662, 219.2200, 241.2207, -36.2055, 202.1588, 19.1048, -101.6338, 19.4848, 0.935016, 0.082178, -0.344953, 0.036205, -0.094108, 0.995400, -0.017952, -0.002166, 0.341891, 0.049248, 0.938448, 0.219220, 0.000000, 0.000000, 0.000000, 1.000000, 0.341924, 0.048881, 0.938455, 0.241221, -0.935016, -0.082178, 0.344951, -0.036206, 0.093982, -0.995418, 0.017606, 0.202159, 0.000000, 0.000000, 0.000000, 1.000000, -0.996333, 0.085168, -0.008159, 0.019105, -0.008279, -0.001060, 0.999965, -0.101634, 0.085157, 0.996366, 0.001761, 0.019485, 0.000000, 0.000000, 0.000000, 1.000000
-19.9807, 36.2052, -2.1662, 219.2200, 241.2207, -36.2055, 202.1588, 19.1048, -101.6338, 19.4848, 0.935016, 0.082178, -0.344953, 0.036205, -0.094108, 0.995400, -0.017952, -0.002166, 0.341891, 0.049248, 0.938448, 0.219220, 0.000000, 0.000000, 0.000000, 1.000000, 0.341924, 0.048881, 0.938455, 0.241221, -0.935016, -0.082178, 0.344951, -0.036206, 0.093982, -0.995418, 0.017606, 0.202159, 0.000000, 0.000000, 0.000000, 1.000000, -0.996333, 0.085168, -0.008159, 0.019105, -0.008279, -0.001060, 0.999965, -0.101634, 0.085157, 0.996366, 0.001761, 0.019485, 0.000000, 0.000000, 0.000000, 1.000000
-19.9732, 36.1992, -2.1681, 219.2164, 241.2171, -36.1995, 202.1609, 19.0985, -101.6365, 19.4839, 0.935061, 0.082175, -0.344831, 0.036199, -0.094105, 0.995400, -0.017972, -0.002168, 0.341768, 0.049255, 0.938493, 0.219216, 0.000000, 0.000000, 0.000000, 1.000000, 0.341802, 0.048888, 0.938500, 0.241217, -0.935061, -0.082175, 0.344830, -0.036199, 0.093979, -0.995418, 0.017626, 0.202161, 0.000000, 0.000000, 0.000000, 1.000000, -0.996333, 0.085168, -0.008158, 0.019099, -0.008280, -0.001071, 0.999965, -0.101637, 0.085156, 0.996366, 0.001772, 0.019484, 0.000000, 0.000000, 0.000000, 1.000000
-19.9705, 36.1968, -2.1686, 219.2151, 241.2158, -36.1972, 202.1614, 19.0961, -101.6375, 19.4836, 0.935078, 0.082174, -0.344786, 0.036197, -0.094104, 0.995400, -0.017978, -0.002169, 0.341722, 0.049257, 0.938509, 0.219215, 0.000000, 0.000000, 0.000000, 1.000000, 0.341756, 0.048890, 0.938516, 0.241216, -0.935078, -0.082174, 0.344784, -0.036197, 0.093978, -0.995418, 0.017633, 0.202161, 0.000000, 0.000000, 0.000000, 1.000000, -0.996333, 0.085168, -0.008158, 0.019096, -0.008280, -0.001075, 0.999965, -0.101638, 0.085156, 0.996366, 0.001777, 0.019484, 0.000000, 0.000000, 0.000000, 1.000000
-19.9705, 36.1968, -2.1686, 219.2151, 241.2158, -36.1972, 202.1614, 19.0961, -101.6375, 19.4836, 0.935078, 0.082174, -0.344786, 0.036197, -0.094104, 0.995400, -0.017978, -0.002169, 0.341722, 0.049257, 0.938509, 0.219215, 0.000000, 0.000000, 0.000000, 1.000000, 0.341756, 0.048890, 0.938516, 0.241216, -0.935078, -0.082174, 0.344784, -0.036197, 0.093978, -0.995418, 0.017633, 0.202161, 0.000000, 0.000000, 0.000000, 1.000000, -0.996333, 0.085168, -0.008158, 0.019096, -0.008280, -0.001075, 0.999965, -0.101638, 0.085156, 0.996366, 0.001777, 0.019484, 0.000000, 0.000000, 0.000000, 1.000000
-19.9577, 36.1861, -2.1699, 219.2098, 241.2105, -36.1864, 202.1630, 19.0853, -101.6420, 19.4823, 0.935155, 0.082171, -0.344577, 0.036186, -0.094099, 0.995400, -0.018006, -0.002170, 0.341513, 0.049263, 0.938585, 0.219210, 0.000000, 0.000000, 0.000000, 1.000000, 0.341546, 0.048898, 0.938592, 0.241211, -0.935155, -0.082171, 0.344576, -0.036186, 0.093974, -0.995418, 0.017662, 0.202163, 0.000000, 0.000000, 0.000000, 1.000000, -0.996333, 0.085167, -0.008157, 0.019085, -0.008281, -0.001095, 0.999965, -0.101642, 0.085156, 0.996366, 0.001796, 0.019482, 0.000000, 0.000000, 0.000000, 1.000000
-19.9503, 36.1782, -2.1614, 219.2110, 241.2118, -36.1785, 202.1545, 19.0795, -101.6430, 19.4827, 0.935198, 0.082180, -0.344458, 0.036178, -0.094098, 0.995400, -0.017995, -0.002161, 0.341395, 0.049241, 0.938629, 0.219211, 0.000000, 0.000000, 0.000000, 1.000000, 0.341428, 0.048877, 0.938636, 0.241212, -0.935198, -0.082180, 0.344457, -0.036179, 0.093973, -0.995418, 0.017651, 0.202155, 0.000000, 0.000000, 0.000000, 1.000000, -0.996333, 0.085167, -0.008157, 0.019080, -0.008281, -0.001106, 0.999965, -0.101643, 0.085155, 0.996366, 0.001807, 0.019483, 0.000000, 0.000000, 0.000000, 1.000000
-19.9464, 36.1738, -2.1559, 219.2122, 241.2129, -36.1741, 202.1490, 19.0765, -101.6435, 19.4830, 0.935221, 0.082186, -0.344395, 0.036174, -0.094098, 0.995400, -0.017986, -0.002156, 0.341333, 0.049228, 0.938653, 0.219212, 0.000000, 0.000000, 0.000000, 1.000000, 0.341366, 0.048863, 0.938660, 0.241213, -0.935221, -0.082186, 0.344394, -0.036174, 0.093973, -0.995418, 0.017642, 0.202149, 0.000000, 0.000000, 0.000000, 1.000000, -0.996333, 0.085167, -0.008156, 0.019076, -0.008281, -0.001112, 0.999965, -0.101643, 0.085155, 0.996366, 0.001813, 0.019483, 0.000000, 0.000000, 0.000000, 1.000000
-19.9381, 36.1647, -2.1455, 219.2139, 241.2146, -36.1650, 202.1387, 19.0699, -101.6446, 19.4835, 0.935270, 0.082197, -0.344259, 0.036165, -0.094097, 0.995401, -0.017972, -0.002146, 0.341199, 0.049202, 0.938703, 0.219214, 0.000000, 0.000000, 0.000000, 1.000000, 0.341232, 0.048837, 0.938710, 0.241215, -0.935270, -0.082197, 0.344258, -0.036165, 0.093972, -0.995419, 0.017628, 0.202139, 0.000000, 0.000000, 0.000000, 1.000000, -0.996333, 0.085166, -0.008156, 0.019070, -0.008281, -0.001124, 0.999965, -0.101645, 0.085154, 0.996366, 0.001825, 0.019483, 0.000000, 0.000000, 0.000000, 1.000000
-19.9336, 36.1599, -2.1407, 219.2145, 241.2153, -36.1603, 202.1338, 19.0664, -101.6453, 19.4837, 0.935296, 0.082202, -0.344187, 0.036160, -0.094096, 0.995401, -0.017966, -0.002141, 0.341128, 0.049190, 0.938729, 0.219215, 0.000000, 0.000000, 0.000000, 1.000000, 0.341161, 0.048825, 0.938736, 0.241215, -0.935296, -0.082202, 0.344186, -0.036160, 0.093971, -0.995419, 0.017622, 0.202134, 0.000000, 0.000000, 0.000000, 1.000000, -0.996333, 0.085166, -0.008155, 0.019066, -0.008282, -0.001130, 0.999965, -0.101645, 0.085154, 0.996366, 0.001832, 0.019484, 0.000000, 0.000000, 0.000000, 1.000000
-19.9242, 36.1502, -2.1319, 219.2153, 241.2160, -36.1505, 202.1250, 19.0589, -101.6470, 19.4839, 0.935351, 0.082212, -0.344035, 0.036150, -0.094095, 0.995401, -0.017958, -0.002132, 0.340976, 0.049169, 0.938785, 0.219215, 0.000000, 0.000000, 0.000000, 1.000000, 0.341009, 0.048804, 0.938792, 0.241216, -0.935351, -0.082212, 0.344033, -0.036150, 0.093970, -0.995419, 0.017614, 0.202125, 0.000000, 0.000000, 0.000000, 1.000000, -0.996333, 0.085165, -0.008154, 0.019059, -0.008282, -0.001144, 0.999965, -0.101647, 0.085153, 0.996366, 0.001845, 0.019484, 0.000000, 0.000000, 0.000000, 1.000000
-19.9141, 36.1400, -2.1241, 219.2153, 241.2160, -36.1403, 202.1172, 19.0508, -101.6491, 19.4839, 0.935411, 0.082220, -0.343871, 0.036140, -0.094093, 0.995401, -0.017954, -0.002124, 0.340813, 0.049150, 0.938845, 0.219215, 0.000000, 0.000000, 0.000000, 1.000000, 0.340846, 0.048785, 0.938852, 0.241216, -0.935411, -0.082220, 0.343869, -0.036140, 0.093969, -0.995419, 0.017610, 0.202117, 0.000000, 0.000000, 0.000000, 1.000000, -0.996334, 0.085165, -0.008154, 0.019051, -0.008282, -0.001159, 0.999965, -0.101649, 0.085152, 0.996366, 0.001860, 0.019484, 0.000000, 0.000000, 0.000000, 1.000000
-19.9034, 36.1294, -2.1173, 219.2146, 241.2153, -36.1297, 202.1104, 19.0421, -101.6516, 19.4837, 0.935474, 0.082227, -0.343696, 0.036129, -0.094091, 0.995402, -0.017954, -0.002117, 0.340639, 0.049135, 0.938909, 0.219215, 0.000000, 0.000000, 0.000000, 1.000000, 0.340672, 0.048770, 0.938916, 0.241215, -0.935475, -0.082227, 0.343695, -0.036130, 0.093967, -0.995420, 0.017610, 0.202110, 0.000000, 0.000000, 0.000000, 1.000000, -0.996334, 0.085164, -0.008153, 0.019042, -0.008283, -0.001175, 0.999965, -0.101652, 0.085151, 0.996366, 0.001876, 0.019484, 0.000000, 0.000000, 0.000000, 1.000000
-19.8862, 36.1129, -2.1091, 219.2123, 241.2130, -36.1133, 202.1022, 19.0280, -101.6560, 19.4831, 0.935577, 0.082236, -0.343415, 0.036113, -0.094088, 0.995402, -0.017963, -0.002109, 0.340359, 0.049117, 0.939012, 0.219212, 0.000000, 0.000000, 0.000000, 1.000000, 0.340392, 0.048752, 0.939019, 0.241213, -0.935577, -0.082236, 0.343414, -0.036113, 0.093963, -0.995420, 0.017619, 0.202102, 0.000000, 0.000000, 0.000000, 1.000000, -0.996334, 0.085163, -0.008152, 0.019028, -0.008284, -0.001201, 0.999965, -0.101656, 0.085150, 0.996366, 0.001902, 0.019483, 0.000000, 0.000000, 0.000000, 1.000000
-19.8802, 36.1073, -2.1069, 219.2112, 241.2119, -36.1076, 202.1000, 19.0230, -101.6576, 19.4829, 0.935612, 0.082238, -0.343317, 0.036107, -0.094086, 0.995402, -0.017967, -0.002107, 0.340261, 0.049112, 0.939048, 0.219211, 0.000000, 0.000000, 0.000000, 1.000000, 0.340294, 0.048747, 0.939055, 0.241212, -0.935613, -0.082238, 0.343315, -0.036108, 0.093962, -0.995420, 0.017623, 0.202100, 0.000000, 0.000000, 0.000000, 1.000000, -0.996334, 0.085163, -0.008151, 0.019023, -0.008284, -0.001210, 0.999965, -0.101658, 0.085150, 0.996366, 0.001911, 0.019483, 0.000000, 0.000000, 0.000000, 1.000000
-19.8678, 36.0958, -2.1032, 219.2086, 241.2093, -36.0962, 202.0963, 19.0128, -101.6611, 19.4822, 0.935686, 0.082242, -0.343114, 0.036096, -0.094083, 0.995402, -0.017980, -0.002103, 0.340058, 0.049105, 0.939122, 0.219209, 0.000000, 0.000000, 0.000000, 1.000000, 0.340091, 0.048740, 0.939129, 0.241209, -0.935687, -0.082242, 0.343113, -0.036096, 0.093959, -0.995420, 0.017636, 0.202096, 0.000000, 0.000000, 0.000000, 1.000000, -0.996334, 0.085162, -0.008150, 0.019013, -0.008285, -0.001229, 0.999965, -0.101661, 0.085149, 0.996366, 0.001930, 0.019482, 0.000000, 0.000000, 0.000000, 1.000000
-19.8549, 36.0841, -2.1004, 219.2053, 241.2060, -36.0844, 202.0935, 19.0021, -101.6649, 19.4813, 0.935763, 0.082244, -0.342904, 0.036084, -0.094080, 0.995402, -0.017996, -0.002100, 0.339847, 0.049100, 0.939198, 0.219205, 0.000000, 0.000000, 0.000000, 1.000000, 0.339880, 0.048735, 0.939205, 0.241206, -0.935764, -0.082244, 0.342902, -0.036084, 0.093956, -0.995420, 0.017652, 0.202094, 0.000000, 0.000000, 0.000000, 1.000000, -0.996334, 0.085161, -0.008149, 0.019002, -0.008286, -0.001249, 0.999965, -0.101665, 0.085148, 0.996366, 0.001950, 0.019481, 0.000000, 0.000000, 0.000000, 1.000000
-19.8483, 36.0782, -2.0993, 219.2035, 241.2042, -36.0785, 202.0925, 18.9966, -101.6670, 19.4808, 0.935803, 0.082245, -0.342796, 0.036078, -0.094078, 0.995402, -0.018005, -0.002099, 0.339739, 0.049099, 0.939237, 0.219203, 0.000000, 0.000000, 0.000000, 1.000000, 0.339772, 0.048734, 0.939245, 0.241204, -0.935803, -0.082245, 0.342794, -0.036078, 0.093954, -0.995420, 0.017661, 0.202092, 0.000000, 0.000000, 0.000000, 1.000000, -0.996334, 0.085161, -0.008149, 0.018997, -0.008286, -0.001259, 0.999965, -0.101667, 0.085148, 0.996366, 0.001960, 0.019481, 0.000000, 0.000000, 0.000000, 1.000000
-19.8347, 36.0661, -2.0978, 219.1994, 241.2001, -36.0664, 202.0910, 18.9852, -101.6712, 19.4798, 0.935884, 0.082246, -0.342574, 0.036066, -0.094075, 0.995402, -0.018026, -0.002098, 0.339516, 0.049097, 0.939318, 0.219199, 0.000000, 0.000000, 0.000000, 1.000000, 0.339549, 0.048733, 0.939325, 0.241200, -0.935884, -0.082246, 0.342573, -0.036066, 0.093950, -0.995420, 0.017682, 0.202091, 0.000000, 0.000000, 0.000000, 1.000000, -0.996334, 0.085160, -0.008148, 0.018985, -0.008287, -0.001279, 0.999965, -0.101671, 0.085147, 0.996366, 0.001980, 0.019480, 0.000000, 0.000000, 0.000000, 1.000000
-19.8207, 36.0538, -2.0970, 219.1949, 241.1956, -36.0542, 202.0903, 18.9735, -101.6757, 19.4786, 0.935967, 0.082246, -0.342346, 0.036054, -0.094071, 0.995402, -0.018049, -0.002097, 0.339287, 0.049098, 0.939401, 0.219195, 0.000000, 0.000000, 0.000000, 1.000000, 0.339320, 0.048734, 0.939408, 0.241196, -0.935968, -0.082246, 0.342344, -0.036054, 0.093946, -0.995420, 0.017706, 0.202090, 0.000000, 0.000000, 0.000000, 1.000000, -0.996334, 0.085159, -0.008147, 0.018974, -0.008288, -0.001300, 0.999965, -0.101676, 0.085146, 0.996366, 0.002001, 0.019479, 0.000000, 0.000000, 0.000000, 1.000000
-19.8136, 36.0476, -2.0969, 219.1925, 241.1932, -36.0479, 202.0902, 18.9676, -101.6780, 19.4779, 0.936010, 0.082246, -0.342229, 0.036048, -0.094069, 0.995402, -0.018062, -0.002097, 0.339170, 0.049099, 0.939443, 0.219192, 0.000000, 0.000000, 0.000000, 1.000000, 0.339203, 0.048735, 0.939450, 0.241193, -0.936011, -0.082246, 0.342228, -0.036048, 0.093944, -0.995420, 0.017719, 0.202090, 0.000000, 0.000000, 0.000000, 1.000000, -0.996334, 0.085159, -0.008147, 0.018968, -0.008288, -0.001311, 0.999965, -0.101678, 0.085145, 0.996367, 0.002012, 0.019478, 0.000000, 0.000000, 0.000000, 1.000000
-19.8064, 36.0414, -2.0970, 219.1899, 241.1906, -36.0417, 202.0902, 18.9615, -101.6804, 19.4773, 0.936053, 0.082245, -0.342111, 0.036041, -0.094066, 0.995402, -0.018076, -0.002097, 0.339052, 0.049101, 0.939486, 0.219190, 0.000000, 0.000000, 0.000000, 1.000000, 0.339085, 0.048737, 0.939493, 0.241191, -0.936054, -0.082245, 0.342110, -0.036042, 0.093942, -0.995420, 0.017732, 0.202090, 0.000000, 0.000000, 0.000000, 1.000000, -0.996334, 0.085159, -0.008146, 0.018962, -0.008289, -0.001322, 0.999965, -0.101680, 0.085145, 0.996367, 0.002023, 0.019477, 0.000000, 0.000000, 0.000000, 1.000000
-19.7768, 36.0160, -2.0986, 219.1788, 241.1795, -36.0163, 202.0920, 18.9366, -101.6903, 19.4743, 0.936230, 0.082242, -0.341627, 0.036016, -0.094057, 0.995402, -0.018136, -0.002099, 0.338565, 0.049112, 0.939661, 0.219179, 0.000000, 0.000000, 0.000000, 1.000000, 0.338598, 0.048748, 0.939668, 0.241180, -0.936231, -0.082242, 0.341626, -0.036016, 0.093933, -0.995419, 0.017792, 0.202092, 0.000000, 0.000000, 0.000000, 1.000000, -0.996334, 0.085157, -0.008144, 0.018937, -0.008291, -0.001367, 0.999965, -0.101690, 0.085143, 0.996367, 0.002068, 0.019474, 0.000000, 0.000000, 0.000000, 1.000000
-19.7693, 36.0095, -2.0993, 219.1758, 241.1765, -36.0099, 202.0927, 18.9302, -101.6929, 19.4736, 0.936275, 0.082240, -0.341504, 0.036010, -0.094055, 0.995402, -0.018152, -0.002099, 0.338441, 0.049115, 0.939705, 0.219176, 0.000000, 0.000000, 0.000000, 1.000000, 0.338474, 0.048751, 0.939712, 0.241177, -0.936276, -0.082241, 0.341502, -0.036010, 0.093931, -0.995419, 0.017808, 0.202093, 0.000000, 0.000000, 0.000000, 1.000000, -0.996334, 0.085157, -0.008144, 0.018930, -0.008291, -0.001379, 0.999965, -0.101693, 0.085143, 0.996367, 0.002080, 0.019474, 0.000000, 0.000000, 0.000000, 1.000000
-19.7540, 35.9960, -2.0981, 219.1711, 241.1718, -35.9963, 202.0914, 18.9174, -101.6977, 19.4723, 0.936367, 0.082241, -0.341254, 0.035996, -0.094050, 0.995401, -0.018176, -0.002098, 0.338190, 0.049115, 0.939795, 0.219171, 0.000000, 0.000000, 0.000000, 1.000000, 0.338223, 0.048751, 0.939803, 0.241172, -0.936367, -0.082241, 0.341252, -0.035996, 0.093927, -0.995419, 0.017833, 0.202091, 0.000000, 0.000000, 0.000000, 1.000000, -0.996334, 0.085156, -0.008143, 0.018917, -0.008292, -0.001402, 0.999965, -0.101698, 0.085142, 0.996367, 0.002103, 0.019472, 0.000000, 0.000000, 0.000000, 1.000000
-19.7463, 35.9890, -2.0962, 219.1692, 241.1699, -35.9893, 202.0896, 18.9110, -101.7000, 19.4718, 0.936412, 0.082243, -0.341128, 0.035989, -0.094048, 0.995402, -0.018185, -0.002096, 0.338063, 0.049112, 0.939841, 0.219169, 0.000000, 0.000000, 0.000000, 1.000000, 0.338096, 0.048748, 0.939848, 0.241170, -0.936413, -0.082243, 0.341126, -0.035989, 0.093925, -0.995419, 0.017842, 0.202090, 0.000000, 0.000000, 0.000000, 1.000000, -0.996334, 0.085156, -0.008142, 0.018911, -0.008293, -0.001413, 0.999965, -0.101700, 0.085141, 0.996367, 0.002114, 0.019472, 0.000000, 0.000000, 0.000000, 1.000000
-19.7229, 35.9679, -2.0919, 219.1631, 241.1637, -35.9682, 202.0852, 18.8916, -101.7070, 19.4702, 0.936551, 0.082246, -0.340746, 0.035968, -0.094042, 0.995402, -0.018217, -0.002092, 0.337681, 0.049105, 0.939979, 0.219163, 0.000000, 0.000000, 0.000000, 1.000000, 0.337714, 0.048741, 0.939986, 0.241164, -0.936552, -0.082246, 0.340744, -0.035968, 0.093919, -0.995419, 0.017873, 0.202085, 0.000000, 0.000000, 0.000000, 1.000000, -0.996335, 0.085154, -0.008141, 0.018892, -0.008294, -0.001449, 0.999965, -0.101707, 0.085139, 0.996367, 0.002150, 0.019470, 0.000000, 0.000000, 0.000000, 1.000000
-19.7151, 35.9609, -2.0909, 219.1608, 241.1615, -35.9612, 202.0842, 18.8851, -101.7094, 19.4696, 0.936598, 0.082247, -0.340618, 0.035961, -0.094040, 0.995402, -0.018228, -0.002091, 0.337552, 0.049104, 0.940025, 0.219161, 0.000000, 0.000000, 0.000000, 1.000000, 0.337585, 0.048740, 0.940032, 0.241161, -0.936598, -0.082247, 0.340616, -0.035961, 0.093917, -0.995419, 0.017884, 0.202084, 0.000000, 0.000000, 0.000000, 1.000000, -0.996335, 0.085154, -0.008140, 0.018885, -0.008295, -0.001461, 0.999965, -0.101709, 0.085139, 0.996367, 0.002162, 0.019470, 0.000000, 0.000000, 0.000000, 1.000000
-19.7072, 35.9539, -2.0901, 219.1584, 241.1591, -35.9542, 202.0834, 18.8785, -101.7118, 19.4690, 0.936644, 0.082248, -0.340489, 0.035954, -0.094038, 0.995402, -0.018240, -0.002090, 0.337423, 0.049104, 0.940071, 0.219158, 0.000000, 0.000000, 0.000000, 1.000000, 0.337456, 0.048740, 0.940079, 0.241159, -0.936645, -0.082248, 0.340488, -0.035954, 0.093915, -0.995419, 0.017897, 0.202083, 0.000000, 0.000000, 0.000000, 1.000000, -0.996335, 0.085153, -0.008140, 0.018879, -0.008295, -0.001473, 0.999965, -0.101712, 0.085138, 0.996367, 0.002174, 0.019469, 0.000000, 0.000000, 0.000000, 1.000000
-19.6915, 35.9400, -2.0890, 219.1535, 241.1541, -35.9403, 202.0823, 18.8653, -101.7168, 19.4676, 0.936738, 0.082248, -0.340232, 0.035940, -0.094033, 0.995401, -0.018267, -0.002089, 0.337165, 0.049104, 0.940164, 0.219153, 0.000000, 0.000000, 0.000000, 1.000000, 0.337198, 0.048740, 0.940171, 0.241154, -0.936738, -0.082248, 0.340230, -0.035940, 0.093910, -0.995419, 0.017923, 0.202082, 0.000000, 0.000000, 0.000000, 1.000000, -0.996335, 0.085152, -0.008139, 0.018865, -0.008296, -0.001496, 0.999964, -0.101717, 0.085137, 0.996367, 0.002197, 0.019468, 0.000000, 0.000000, 0.000000, 1.000000
-19.6757, 35.9262, -2.0886, 219.1482, 241.1489, -35.9265, 202.0819, 18.8521, -101.7219, 19.4662, 0.936831, 0.082248, -0.339974, 0.035926, -0.094029, 0.995401, -0.018295, -0.002089, 0.336906, 0.049106, 0.940257, 0.219148, 0.000000, 0.000000, 0.000000, 1.000000, 0.336939, 0.048742, 0.940264, 0.241149, -0.936832, -0.082248, 0.339972, -0.035927, 0.093906, -0.995419, 0.017951, 0.202082, 0.000000, 0.000000, 0.000000, 1.000000, -0.996335, 0.085152, -0.008138, 0.018852, -0.008297, -0.001520, 0.999964, -0.101722, 0.085136, 0.996367, 0.002221, 0.019466, 0.000000, 0.000000, 0.000000, 1.000000
-19.6757, 35.9262, -2.0886, 219.1482, 241.1489, -35.9265, 202.0819, 18.8521, -101.7219, 19.4662, 0.936831, 0.082248, -0.339974, 0.035926, -0.094029, 0.995401, -0.018295, -0.002089, 0.336906, 0.049106, 0.940257, 0.219148, 0.000000, 0.000000, 0.000000, 1.000000, 0.336939, 0.048742, 0.940264, 0.241149, -0.936832, -0.082248, 0.339972, -0.035927, 0.093906, -0.995419, 0.017951, 0.202082, 0.000000, 0.000000, 0.000000, 1.000000, -0.996335, 0.085152, -0.008138, 0.018852, -0.008297, -0.001520, 0.999964, -0.101722, 0.085136, 0.996367, 0.002221, 0.019466, 0.000000, 0.000000, 0.000000, 1.000000
-19.6444, 35.8992, -2.0896, 219.1368, 241.1375, -35.8995, 202.0829, 18.8257, -101.7323, 19.4632, 0.937018, 0.082245, -0.339461, 0.035899, -0.094019, 0.995401, -0.018356, -0.002090, 0.336390, 0.049116, 0.940441, 0.219137, 0.000000, 0.000000, 0.000000, 1.000000, 0.336423, 0.048751, 0.940448, 0.241138, -0.937018, -0.082245, 0.339460, -0.035899, 0.093896, -0.995419, 0.018012, 0.202083, 0.000000, 0.000000, 0.000000, 1.000000, -0.996335, 0.085150, -0.008136, 0.018826, -0.008299, -0.001568, 0.999964, -0.101732, 0.085134, 0.996367, 0.002269, 0.019463, 0.000000, 0.000000, 0.000000, 1.000000
-19.6291, 35.8844, -2.0820, 219.1349, 241.1356, -35.8847, 202.0752, 18.8132, -101.7361, 19.4627, 0.937108, 0.082253, -0.339210, 0.035884, -0.094016, 0.995401, -0.018363, -0.002082, 0.336140, 0.049099, 0.940531, 0.219135, 0.000000, 0.000000, 0.000000, 1.000000, 0.336173, 0.048734, 0.940539, 0.241136, -0.937108, -0.082253, 0.339209, -0.035885, 0.093893, -0.995419, 0.018018, 0.202075, 0.000000, 0.000000, 0.000000, 1.000000, -0.996335, 0.085149, -0.008134, 0.018813, -0.008300, -0.001591, 0.999964, -0.101736, 0.085133, 0.996367, 0.002292, 0.019463, 0.000000, 0.000000, 0.000000, 1.000000
-19.6214, 35.8769, -2.0772, 219.1345, 241.1352, -35.8772, 202.0703, 18.8070, -101.7378, 19.4626, 0.937152, 0.082258, -0.339086, 0.035877, -0.094015, 0.995401, -0.018363, -0.002077, 0.336016, 0.049088, 0.940576, 0.219134, 0.000000, 0.000000, 0.000000, 1.000000, 0.336049, 0.048723, 0.940583, 0.241135, -0.937153, -0.082258, 0.339084, -0.035877, 0.093892, -0.995419, 0.018018, 0.202070, 0.000000, 0.000000, 0.000000, 1.000000, -0.996335, 0.085148, -0.008134, 0.018807, -0.008300, -0.001603, 0.999964, -0.101738, 0.085132, 0.996367, 0.002303, 0.019463, 0.000000, 0.000000, 0.000000, 1.000000
-19.6063, 35.8622, -2.0688, 219.1331, 241.1338, -35.8625, 202.0618, 18.7947, -101.7414, 19.4622, 0.937241, 0.082267, -0.338839, 0.035862, -0.094012, 0.995402, -0.018367, -0.002069, 0.335770, 0.049069, 0.940665, 0.219133, 0.000000, 0.000000, 0.000000, 1.000000, 0.335804, 0.048703, 0.940672, 0.241134, -0.937241, -0.082267, 0.338838, -0.035862, 0.093889, -0.995420, 0.018021, 0.202062, 0.000000, 0.000000, 0.000000, 1.000000, -0.996335, 0.085147, -0.008133, 0.018795, -0.008301, -0.001625, 0.999964, -0.101741, 0.085131, 0.996367, 0.002326, 0.019462, 0.000000, 0.000000, 0.000000, 1.000000
-19.5989, 35.8550, -2.0652, 219.1322, 241.1329, -35.8553, 202.0581, 18.7886, -101.7433, 19.4620, 0.937284, 0.082271, -0.338718, 0.035855, -0.094011, 0.995402, -0.018370, -0.002065, 0.335649, 0.049061, 0.940709, 0.219132, 0.000000, 0.000000, 0.000000, 1.000000, 0.335682, 0.048695, 0.940716, 0.241133, -0.937285, -0.082271, 0.338716, -0.035855, 0.093887, -0.995420, 0.018024, 0.202058, 0.000000, 0.000000, 0.000000, 1.000000, -0.996335, 0.085147, -0.008132, 0.018789, -0.008302, -0.001636, 0.999964, -0.101743, 0.085130, 0.996367, 0.002337, 0.019462, 0.000000, 0.000000, 0.000000, 1.000000
-19.5842, 35.8410, -2.0590, 219.1300, 241.1307, -35.8413, 202.0518, 18.7765, -101.7471, 19.4613, 0.937371, 0.082277, -0.338477, 0.035841, -0.094008, 0.995402, -0.018380, -0.002059, 0.335408, 0.049048, 0.940795, 0.219130, 0.000000, 0.000000, 0.000000, 1.000000, 0.335442, 0.048681, 0.940802, 0.241131, -0.937371, -0.082277, 0.338476, -0.035841, 0.093884, -0.995420, 0.018033, 0.202052, 0.000000, 0.000000, 0.000000, 1.000000, -0.996335, 0.085146, -0.008131, 0.018776, -0.008302, -0.001658, 0.999964, -0.101747, 0.085129, 0.996367, 0.002359, 0.019461, 0.000000, 0.000000, 0.000000, 1.000000
-19.5697, 35.8275, -2.0543, 219.1272, 241.1279, -35.8278, 202.0470, 18.7645, -101.7511, 19.4606, 0.937456, 0.082282, -0.338240, 0.035828, -0.094004, 0.995402, -0.018393, -0.002054, 0.335172, 0.049039, 0.940880, 0.219127, 0.000000, 0.000000, 0.000000, 1.000000, 0.335205, 0.048672, 0.940887, 0.241128, -0.937456, -0.082282, 0.338239, -0.035828, 0.093881, -0.995420, 0.018046, 0.202047, 0.000000, 0.000000, 0.000000, 1.000000, -0.996335, 0.085145, -0.008130, 0.018765, -0.008303, -0.001680, 0.999964, -0.101751, 0.085128, 0.996367, 0.002381, 0.019461, 0.000000, 0.000000, 0.000000, 1.000000
-19.5555, 35.8146, -2.0511, 219.1238, 241.1245, -35.8149, 202.0436, 18.7528, -101.7552, 19.4597, 0.937539, 0.082285, -0.338009, 0.035815, -0.094001, 0.995402, -0.018410, -0.002051, 0.334940, 0.049033, 0.940963, 0.219124, 0.000000, 0.000000, 0.000000, 1.000000, 0.334973, 0.048666, 0.940970, 0.241125, -0.937539, -0.082285, 0.338007, -0.035815, 0.093877, -0.995420, 0.018062, 0.202044, 0.000000, 0.000000, 0.000000, 1.000000, -0.996335, 0.085144, -0.008129, 0.018753, -0.008304, -0.001702, 0.999964, -0.101755, 0.085127, 0.996367, 0.002402, 0.019460, 0.000000, 0.000000, 0.000000, 1.000000
-19.5555, 35.8146, -2.0511, 219.1238, 241.1245, -35.8149, 202.0436, 18.7528, -101.7552, 19.4597, 0.937539, 0.082285, -0.338009, 0.035815, -0.094001, 0.995402, -0.018410, -0.002051, 0.334940, 0.049033, 0.940963, 0.219124, 0.000000, 0.000000, 0.000000, 1.000000, 0.334973, 0.048666, 0.940970, 0.241125, -0.937539, -0.082285, 0.338007, -0.035815, 0.093877, -0.995420, 0.018062, 0.202044, 0.000000, 0.000000, 0.000000, 1.000000, -0.996335, 0.085144, -0.008129, 0.018753, -0.008304, -0.001702, 0.999964, -0.101755, 0.085127, 0.996367, 0.002402, 0.019460, 0.000000, 0.000000, 0.000000, 1.000000
-19.5282, 35.7902, -2.0484, 219.1157, 241.1164, -35.7905, 202.0407, 18.7300, -101.7637, 19.4575, 0.937700, 0.082287, -0.337562, 0.035790, -0.093994, 0.995402, -0.018453, -0.002048, 0.334491, 0.049032, 0.941123, 0.219116, 0.000000, 0.000000, 0.000000, 1.000000, 0.334524, 0.048663, 0.941130, 0.241116, -0.937700, -0.082287, 0.337560, -0.035791, 0.093870, -0.995420, 0.018104, 0.202041, 0.000000, 0.000000, 0.000000, 1.000000, -0.996336, 0.085142, -0.008127, 0.018730, -0.008306, -0.001743, 0.999964, -0.101764, 0.085125, 0.996367, 0.002444, 0.019457, 0.000000, 0.000000, 0.000000, 1.000000
-19.5216, 35.7845, -2.0484, 219.1135, 241.1142, -35.7848, 202.0407, 18.7244, -101.7658, 19.4568, 0.937739, 0.082287, -0.337453, 0.035784, -0.093992, 0.995402, -0.018465, -0.002048, 0.334382, 0.049034, 0.941161, 0.219113, 0.000000, 0.000000, 0.000000, 1.000000, 0.334416, 0.048665, 0.941168, 0.241114, -0.937739, -0.082287, 0.337452, -0.035785, 0.093868, -0.995420, 0.018117, 0.202041, 0.000000, 0.000000, 0.000000, 1.000000, -0.996336, 0.085142, -0.008127, 0.018724, -0.008306, -0.001753, 0.999964, -0.101766, 0.085125, 0.996367, 0.002454, 0.019457, 0.000000, 0.000000, 0.000000, 1.000000
-19.5024, 35.7679, -2.0501, 219.1061, 241.1068, -35.7683, 202.0422, 18.7082, -101.7723, 19.4548, 0.937853, 0.082284, -0.337137, 0.035768, -0.093986, 0.995401, -0.018506, -0.002050, 0.334064, 0.049042, 0.941274, 0.219106, 0.000000, 0.000000, 0.000000, 1.000000, 0.334098, 0.048673, 0.941281, 0.241107, -0.937853, -0.082284, 0.337136, -0.035768, 0.093862, -0.995420, 0.018157, 0.202042, 0.000000, 0.000000, 0.000000, 1.000000, -0.996336, 0.085141, -0.008126, 0.018708, -0.008307, -0.001782, 0.999964, -0.101772, 0.085123, 0.996367, 0.002483, 0.019455, 0.000000, 0.000000, 0.000000, 1.000000
-19.4961, 35.7627, -2.0511, 219.1035, 241.1042, -35.7630, 202.0432, 18.7029, -101.7745, 19.4541, 0.937890, 0.082283, -0.337035, 0.035763, -0.093984, 0.995401, -0.018521, -0.002051, 0.333961, 0.049046, 0.941310, 0.219104, 0.000000, 0.000000, 0.000000, 1.000000, 0.333995, 0.048676, 0.941317, 0.241104, -0.937890, -0.082283, 0.337034, -0.035763, 0.093860, -0.995420, 0.018171, 0.202043, 0.000000, 0.000000, 0.000000, 1.000000, -0.996336, 0.085140, -0.008125, 0.018703, -0.008308, -0.001792, 0.999964, -0.101775, 0.085123, 0.996367, 0.002493, 0.019454, 0.000000, 0.000000, 0.000000, 1.000000
-19.4900, 35.7575, -2.0523, 219.1009, 241.1016, -35.7578, 202.0444, 18.6976, -101.7767, 19.4534, 0.937926, 0.082281, -0.336934, 0.035758, -0.093982, 0.995401, -0.018536, -0.002052, 0.333860, 0.049051, 0.941346, 0.219101, 0.000000, 0.000000, 0.000000, 1.000000, 0.333893, 0.048681, 0.941353, 0.241102, -0.937926, -0.082281, 0.336933, -0.035758, 0.093858, -0.995419, 0.018186, 0.202044, 0.000000, 0.000000, 0.000000, 1.000000, -0.996336, 0.085140, -0.008125, 0.018698, -0.008308, -0.001801, 0.999964, -0.101777, 0.085122, 0.996367, 0.002502, 0.019453, 0.000000, 0.000000, 0.000000, 1.000000
