# Joint_6_Angle(deg), Cam_X(mm), Cam_Y(mm), Cam_Z(mm), Torso_X(mm), Torso_Y(mm), Torso_Z(mm), EE_X(mm), EE_Y(mm), EE_Z(mm), T_cam2marker_flat(16), T_torso2marker_flat(16), T_ee2marker_flat(16)
-19.9994, 11.2843, -18.8472, 246.3443, 268.3538, -11.2849, 218.7956, 5.7344, 101.1840, 15.8021, 0.933262, -0.044817, -0.356388, 0.011284, 0.075347, 0.994537, 0.072243, -0.018847, 0.351203, -0.094275, 0.931541, 0.246344, 0.000000, 0.000000, 0.000000, 1.000000, 0.351163, -0.094779, 0.931505, 0.268354, -0.933263, 0.044817, 0.356386, -0.011285, -0.075526, -0.994489, -0.072716, 0.218796, 0.000000, 0.000000, 0.000000, 1.000000, 0.994724, -0.071511, 0.073550, 0.005734, 0.074028, 0.004063, -0.997248, 0.101184, 0.071015, 0.997432, 0.009335, 0.015802, 0.000000, 0.000000, 0.000000, 1.000000
-19.9998, 11.2853, -18.8428, 246.3463, 268.3558, -11.2858, 218.7917, 5.7345, 101.1835, 15.8026, 0.933260, -0.044821, -0.356395, 0.011285, 0.075355, 0.994536, 0.072252, -0.018843, 0.351209, -0.094286, 0.931538, 0.246346, 0.000000, 0.000000, 0.000000, 1.000000, 0.351169, -0.094789, 0.931502, 0.268356, -0.933260, 0.044821, 0.356393, -0.011286, -0.075533, -0.994488, -0.072723, 0.218792, 0.000000, 0.000000, 0.000000, 1.000000, 0.994724, -0.071511, 0.073550, 0.005734, 0.074028, 0.004062, -0.997248, 0.101184, 0.071015, 0.997432, 0.009334, 0.015803, 0.000000, 0.000000, 0.000000, 1.000000
-20.0002, 11.2864, -18.8382, 246.3485, 268.3579, -11.2869, 218.7876, 5.7347, 101.1830, 15.8030, 0.933257, -0.044825, -0.356402, 0.011286, 0.075364, 0.994534, 0.072261, -0.018838, 0.351215, -0.094298, 0.931534, 0.246348, 0.000000, 0.000000, 0.000000, 1.000000, 0.351175, -0.094798, 0.931499, 0.268358, -0.933258, 0.044825, 0.356400, -0.011287, -0.075540, -0.994487, -0.072730, 0.218788, 0.000000, 0.000000, 0.000000, 1.000000, 0.994724, -0.071511, 0.073550, 0.005735, 0.074028, 0.004061, -0.997248, 0.101183, 0.071015, 0.997432, 0.009334, 0.015803, 0.000000, 0.000000, 0.000000, 1.000000
-20.0003, 11.2871, -18.8338, 246.3505, 268.3599, -11.2876, 218.7837, 5.7351, 101.1826, 15.8035, 0.933256, -0.044828, -0.356404, 0.011287, 0.075371, 0.994533, 0.072270, -0.018834, 0.351216, -0.094309, 0.931533, 0.246350, 0.000000, 0.000000, 0.000000, 1.000000, 0.351176, -0.094808, 0.931497, 0.268360, -0.933257, 0.044829, 0.356402, -0.011288, -0.075547, -0.994486, -0.072737, 0.218784, 0.000000, 0.000000, 0.000000, 1.000000, 0.994724, -0.071511, 0.073550, 0.005735, 0.074028, 0.004061, -0.997248, 0.101183, 0.071015, 0.997432, 0.009333, 0.015804, 0.000000, 0.000000, 0.000000, 1.000000
-19.9994, 11.2868, -18.8299, 246.3519, 268.3612, -11.2873, 218.7804, 5.7362, 101.1819, 15.8039, 0.933261, -0.044832, -0.356389, 0.011287, 0.075377, 0.994532, 0.072280, -0.018830, 0.351200, -0.094319, 0.931538, 0.246352, 0.000000, 0.000000, 0.000000, 1.000000, 0.351160, -0.094816, 0.931502, 0.268361, -0.933262, 0.044832, 0.356387, -0.011287, -0.075552, -0.994485, -0.072745, 0.218780, 0.000000, 0.000000, 0.000000, 1.000000, 0.994724, -0.071511, 0.073550, 0.005736, 0.074028, 0.004062, -0.997248, 0.101182, 0.071015, 0.997432, 0.009334, 0.015804, 0.000000, 0.000000, 0.000000, 1.000000
-19.9972, 11.2853, -18.8273, 246.3523, 268.3616, -11.2858, 218.7783, 5.7383, 101.1813, 15.8040, 0.933275, -0.044834, -0.356354, 0.011285, 0.075379, 0.994531, 0.072289, -0.018827, 0.351164, -0.094327, 0.931550, 0.246352, 0.000000, 0.000000, 0.000000, 1.000000, 0.351125, -0.094821, 0.931515, 0.268362, -0.933275, 0.044834, 0.356352, -0.011286, -0.075553, -0.994484, -0.072752, 0.218778, 0.000000, 0.000000, 0.000000, 1.000000, 0.994724, -0.071510, 0.073550, 0.005738, 0.074028, 0.004065, -0.997248, 0.101181, 0.071015, 0.997432, 0.009337, 0.015804, 0.000000, 0.000000, 0.000000, 1.000000
-19.9955, 11.2845, -18.8229, 246.3538, 268.3631, -11.2850, 218.7741, 5.7402, 101.1805, 15.8043, 0.933285, -0.044838, -0.356327, 0.011285, 0.075385, 0.994530, 0.072300, -0.018823, 0.351136, -0.094338, 0.931560, 0.246354, 0.000000, 0.000000, 0.000000, 1.000000, 0.351097, -0.094832, 0.931525, 0.268363, -0.933286, 0.044838, 0.356325, -0.011285, -0.075559, -0.994483, -0.072762, 0.218774, 0.000000, 0.000000, 0.000000, 1.000000, 0.994724, -0.071510, 0.073549, 0.005740, 0.074028, 0.004067, -0.997248, 0.101181, 0.071014, 0.997432, 0.009339, 0.015804, 0.000000, 0.000000, 0.000000, 1.000000
-19.9934, 11.2838, -18.8158, 246.3565, 268.3658, -11.2843, 218.7672, 5.7428, 101.1794, 15.8049, 0.933298, -0.044845, -0.356292, 0.011284, 0.075395, 0.994528, 0.072317, -0.018816, 0.351100, -0.094356, 0.931572, 0.246357, 0.000000, 0.000000, 0.000000, 1.000000, 0.351060, -0.094849, 0.931537, 0.268366, -0.933298, 0.044845, 0.356290, -0.011284, -0.075569, -0.994481, -0.072779, 0.218767, 0.000000, 0.000000, 0.000000, 1.000000, 0.994724, -0.071510, 0.073549, 0.005743, 0.074028, 0.004069, -0.997248, 0.101179, 0.071014, 0.997432, 0.009342, 0.015805, 0.000000, 0.000000, 0.000000, 1.000000
-19.9907, 11.2824, -18.8095, 246.3586, 268.3679, -11.2829, 218.7610, 5.7457, 101.1783, 15.8053, 0.933314, -0.044851, -0.356249, 0.011282, 0.075403, 0.994526, 0.072334, -0.018810, 0.351055, -0.094373, 0.931587, 0.246359, 0.000000, 0.000000, 0.000000, 1.000000, 0.351015, -0.094865, 0.931552, 0.268368, -0.933315, 0.044851, 0.356247, -0.011283, -0.075577, -0.994479, -0.072795, 0.218761, 0.000000, 0.000000, 0.000000, 1.000000, 0.994725, -0.071510, 0.073549, 0.005746, 0.074029, 0.004073, -0.997248, 0.101178, 0.071013, 0.997432, 0.009345, 0.015805, 0.000000, 0.000000, 0.000000, 1.000000
-19.9891, 11.2815, -18.8067, 246.3595, 268.3687, -11.2820, 218.7583, 5.7473, 101.1777, 15.8055, 0.933324, -0.044854, -0.356223, 0.011282, 0.075406, 0.994525, 0.072342, -0.018807, 0.351028, -0.094380, 0.931596, 0.246359, 0.000000, 0.000000, 0.000000, 1.000000, 0.350989, -0.094872, 0.931561, 0.268369, -0.933324, 0.044854, 0.356222, -0.011282, -0.075580, -0.994478, -0.072803, 0.218758, 0.000000, 0.000000, 0.000000, 1.000000, 0.994725, -0.071510, 0.073549, 0.005747, 0.074029, 0.004075, -0.997248, 0.101178, 0.071013, 0.997432, 0.009347, 0.015805, 0.000000, 0.000000, 0.000000, 1.000000
-19.9855, 11.2792, -18.8017, 246.3607, 268.3700, -11.2797, 218.7534, 5.7509, 101.1766, 15.8058, 0.933346, -0.044859, -0.356165, 0.011279, 0.075411, 0.994524, 0.072357, -0.018802, 0.350969, -0.094393, 0.931617, 0.246361, 0.000000, 0.000000, 0.000000, 1.000000, 0.350930, -0.094884, 0.931582, 0.268370, -0.933346, 0.044859, 0.356163, -0.011280, -0.075584, -0.994477, -0.072818, 0.218753, 0.000000, 0.000000, 0.000000, 1.000000, 0.994725, -0.071509, 0.073549, 0.005751, 0.074029, 0.004079, -0.997248, 0.101177, 0.071012, 0.997432, 0.009351, 0.015806, 0.000000, 0.000000, 0.000000, 1.000000
-19.9835, 11.2777, -18.7995, 246.3611, 268.3704, -11.2782, 218.7513, 5.7528, 101.1760, 15.8058, 0.933358, -0.044861, -0.356132, 0.011278, 0.075413, 0.994523, 0.072365, -0.018799, 0.350935, -0.094399, 0.931629, 0.246361, 0.000000, 0.000000, 0.000000, 1.000000, 0.350896, -0.094890, 0.931594, 0.268370, -0.933359, 0.044861, 0.356130, -0.011278, -0.075586, -0.994476, -0.072825, 0.218751, 0.000000, 0.000000, 0.000000, 1.000000, 0.994725, -0.071509, 0.073549, 0.005753, 0.074029, 0.004082, -0.997248, 0.101176, 0.071012, 0.997432, 0.009354, 0.015806, 0.000000, 0.000000, 0.000000, 1.000000
-19.9789, 11.2744, -18.7958, 246.3614, 268.3707, -11.2748, 218.7478, 5.7570, 101.1749, 15.8059, 0.933386, -0.044865, -0.356058, 0.011274, 0.075414, 0.994522, 0.072379, -0.018796, 0.350860, -0.094409, 0.931657, 0.246361, 0.000000, 0.000000, 0.000000, 1.000000, 0.350821, -0.094900, 0.931622, 0.268371, -0.933387, 0.044865, 0.356056, -0.011275, -0.075587, -0.994475, -0.072838, 0.218748, 0.000000, 0.000000, 0.000000, 1.000000, 0.994725, -0.071509, 0.073549, 0.005757, 0.074029, 0.004087, -0.997248, 0.101175, 0.071011, 0.997432, 0.009360, 0.015806, 0.000000, 0.000000, 0.000000, 1.000000
-19.9707, 11.2679, -18.7918, 246.3608, 268.3699, -11.2684, 218.7441, 5.7642, 101.1731, 15.8058, 0.933437, -0.044869, -0.355925, 0.011268, 0.075412, 0.994521, 0.072399, -0.018792, 0.350727, -0.094421, 0.931706, 0.246361, 0.000000, 0.000000, 0.000000, 1.000000, 0.350688, -0.094910, 0.931671, 0.268370, -0.933437, 0.044869, 0.355923, -0.011268, -0.075584, -0.994474, -0.072858, 0.218744, 0.000000, 0.000000, 0.000000, 1.000000, 0.994725, -0.071508, 0.073548, 0.005764, 0.074030, 0.004098, -0.997248, 0.101173, 0.071010, 0.997432, 0.009370, 0.015806, 0.000000, 0.000000, 0.000000, 1.000000
-19.9644, 11.2627, -18.7902, 246.3596, 268.3687, -11.2632, 218.7426, 5.7696, 101.1719, 15.8056, 0.933476, -0.044871, -0.355823, 0.011263, 0.075407, 0.994520, 0.072412, -0.018790, 0.350624, -0.094427, 0.931744, 0.246360, 0.000000, 0.000000, 0.000000, 1.000000, 0.350585, -0.094915, 0.931709, 0.268369, -0.933476, 0.044871, 0.355821, -0.011263, -0.075580, -0.994474, -0.072870, 0.218743, 0.000000, 0.000000, 0.000000, 1.000000, 0.994725, -0.071507, 0.073548, 0.005770, 0.074030, 0.004106, -0.997248, 0.101172, 0.071008, 0.997432, 0.009378, 0.015806, 0.000000, 0.000000, 0.000000, 1.000000
-19.9610, 11.2604, -18.7863, 246.3603, 268.3695, -11.2608, 218.7388, 5.7729, 101.1710, 15.8057, 0.933496, -0.044875, -0.355768, 0.011260, 0.075410, 0.994519, 0.072425, -0.018786, 0.350568, -0.094437, 0.931764, 0.246360, 0.000000, 0.000000, 0.000000, 1.000000, 0.350529, -0.094925, 0.931729, 0.268369, -0.933497, 0.044875, 0.355766, -0.011261, -0.075582, -0.994472, -0.072882, 0.218739, 0.000000, 0.000000, 0.000000, 1.000000, 0.994725, -0.071507, 0.073548, 0.005773, 0.074030, 0.004110, -0.997248, 0.101171, 0.071008, 0.997432, 0.009382, 0.015806, 0.000000, 0.000000, 0.000000, 1.000000
-19.9536, 11.2561, -18.7731, 246.3643, 268.3735, -11.2566, 218.7256, 5.7805, 101.1684, 15.8066, 0.933541, -0.044888, -0.355649, 0.011256, 0.075426, 0.994515, 0.072462, -0.018773, 0.350445, -0.094471, 0.931806, 0.246364, 0.000000, 0.000000, 0.000000, 1.000000, 0.350406, -0.094959, 0.931771, 0.268373, -0.933542, 0.044888, 0.355647, -0.011257, -0.075598, -0.994469, -0.072919, 0.218726, 0.000000, 0.000000, 0.000000, 1.000000, 0.994725, -0.071506, 0.073548, 0.005780, 0.074030, 0.004119, -0.997247, 0.101168, 0.071006, 0.997432, 0.009391, 0.015807, 0.000000, 0.000000, 0.000000, 1.000000
-19.9456, 11.2509, -18.7619, 246.3671, 268.3763, -11.2514, 218.7144, 5.7884, 101.1659, 15.8071, 0.933590, -0.044900, -0.355518, 0.011251, 0.075437, 0.994512, 0.072496, -0.018762, 0.350312, -0.094500, 0.931854, 0.246367, 0.000000, 0.000000, 0.000000, 1.000000, 0.350273, -0.094988, 0.931819, 0.268376, -0.933591, 0.044900, 0.355516, -0.011251, -0.075608, -0.994465, -0.072953, 0.218714, 0.000000, 0.000000, 0.000000, 1.000000, 0.994725, -0.071505, 0.073547, 0.005788, 0.074031, 0.004129, -0.997247, 0.101166, 0.071005, 0.997432, 0.009401, 0.015807, 0.000000, 0.000000, 0.000000, 1.000000
-19.9413, 11.2480, -18.7570, 246.3681, 268.3773, -11.2484, 218.7095, 5.7925, 101.1647, 15.8073, 0.933617, -0.044905, -0.355448, 0.011248, 0.075440, 0.994510, 0.072512, -0.018757, 0.350241, -0.094513, 0.931879, 0.246368, 0.000000, 0.000000, 0.000000, 1.000000, 0.350202, -0.095001, 0.931844, 0.268377, -0.933617, 0.044905, 0.355447, -0.011248, -0.075612, -0.994464, -0.072969, 0.218710, 0.000000, 0.000000, 0.000000, 1.000000, 0.994725, -0.071505, 0.073547, 0.005793, 0.074031, 0.004134, -0.997247, 0.101165, 0.071004, 0.997432, 0.009406, 0.015807, 0.000000, 0.000000, 0.000000, 1.000000
-19.9321, 11.2414, -18.7488, 246.3692, 268.3784, -11.2419, 218.7014, 5.8010, 101.1623, 15.8075, 0.933673, -0.044913, -0.355300, 0.011241, 0.075445, 0.994508, 0.072541, -0.018749, 0.350091, -0.094535, 0.931933, 0.246369, 0.000000, 0.000000, 0.000000, 1.000000, 0.350052, -0.095023, 0.931898, 0.268378, -0.933673, 0.044914, 0.355298, -0.011242, -0.075616, -0.994461, -0.072998, 0.218701, 0.000000, 0.000000, 0.000000, 1.000000, 0.994725, -0.071504, 0.073547, 0.005801, 0.074031, 0.004146, -0.997247, 0.101162, 0.071002, 0.997432, 0.009417, 0.015808, 0.000000, 0.000000, 0.000000, 1.000000
-19.9273, 11.2378, -18.7454, 246.3693, 268.3785, -11.2382, 218.6980, 5.8054, 101.1612, 15.8076, 0.933702, -0.044917, -0.355222, 0.011238, 0.075445, 0.994507, 0.072555, -0.018745, 0.350011, -0.094545, 0.931962, 0.246369, 0.000000, 0.000000, 0.000000, 1.000000, 0.349973, -0.095032, 0.931927, 0.268378, -0.933703, 0.044917, 0.355220, -0.011238, -0.075617, -0.994460, -0.073012, 0.218698, 0.000000, 0.000000, 0.000000, 1.000000, 0.994725, -0.071504, 0.073547, 0.005805, 0.074031, 0.004152, -0.997247, 0.101161, 0.071001, 0.997432, 0.009423, 0.015808, 0.000000, 0.000000, 0.000000, 1.000000
-19.9118, 11.2255, -18.7383, 246.3680, 268.3771, -11.2260, 218.6909, 5.8190, 101.1579, 15.8073, 0.933798, -0.044925, -0.354970, 0.011226, 0.075440, 0.994504, 0.072592, -0.018738, 0.349758, -0.094566, 0.932055, 0.246368, 0.000000, 0.000000, 0.000000, 1.000000, 0.349719, -0.095053, 0.932020, 0.268377, -0.933798, 0.044925, 0.354968, -0.011226, -0.075612, -0.994458, -0.073049, 0.218691, 0.000000, 0.000000, 0.000000, 1.000000, 0.994725, -0.071502, 0.073546, 0.005819, 0.074032, 0.004171, -0.997247, 0.101158, 0.070998, 0.997432, 0.009443, 0.015807, 0.000000, 0.000000, 0.000000, 1.000000
-19.9006, 11.2163, -18.7358, 246.3657, 268.3749, -11.2167, 218.6884, 5.8286, 101.1558, 15.8068, 0.933867, -0.044928, -0.354788, 0.011216, 0.075432, 0.994504, 0.072614, -0.018736, 0.349576, -0.094574, 0.932123, 0.246366, 0.000000, 0.000000, 0.000000, 1.000000, 0.349537, -0.095061, 0.932088, 0.268375, -0.933867, 0.044928, 0.354786, -0.011217, -0.075604, -0.994457, -0.073071, 0.218688, 0.000000, 0.000000, 0.000000, 1.000000, 0.994725, -0.071501, 0.073545, 0.005829, 0.074033, 0.004186, -0.997247, 0.101156, 0.070996, 0.997432, 0.009457, 0.015807, 0.000000, 0.000000, 0.000000, 1.000000
-19.8948, 11.2113, -18.7352, 246.3642, 268.3734, -11.2118, 218.6879, 5.8334, 101.1548, 15.8065, 0.933902, -0.044929, -0.354694, 0.011211, 0.075427, 0.994503, 0.072624, -0.018735, 0.349481, -0.094577, 0.932158, 0.246364, 0.000000, 0.000000, 0.000000, 1.000000, 0.349442, -0.095064, 0.932123, 0.268373, -0.933903, 0.044929, 0.354692, -0.011212, -0.075598, -0.994457, -0.073080, 0.218688, 0.000000, 0.000000, 0.000000, 1.000000, 0.994726, -0.071500, 0.073545, 0.005833, 0.074033, 0.004193, -0.997247, 0.101155, 0.070995, 0.997432, 0.009464, 0.015807, 0.000000, 0.000000, 0.000000, 1.000000
-19.8827, 11.2009, -18.7352, 246.3605, 268.3696, -11.2014, 218.6879, 5.8434, 101.1529, 15.8058, 0.933977, -0.044930, -0.354497, 0.011201, 0.075413, 0.994503, 0.072642, -0.018735, 0.349285, -0.094579, 0.932231, 0.246361, 0.000000, 0.000000, 0.000000, 1.000000, 0.349246, -0.095066, 0.932196, 0.268370, -0.933978, 0.044930, 0.354496, -0.011201, -0.075584, -0.994456, -0.073098, 0.218688, 0.000000, 0.000000, 0.000000, 1.000000, 0.994726, -0.071499, 0.073545, 0.005843, 0.074033, 0.004208, -0.997247, 0.101153, 0.070993, 0.997432, 0.009479, 0.015806, 0.000000, 0.000000, 0.000000, 1.000000
-19.8701, 11.1897, -18.7367, 246.3559, 268.3650, -11.1902, 218.6895, 5.8537, 101.1510, 15.8048, 0.934055, -0.044929, -0.354292, 0.011190, 0.075396, 0.994503, 0.072658, -0.018737, 0.349080, -0.094578, 0.932308, 0.246356, 0.000000, 0.000000, 0.000000, 1.000000, 0.349041, -0.095065, 0.932273, 0.268365, -0.934056, 0.044929, 0.354290, -0.011190, -0.075567, -0.994457, -0.073114, 0.218690, 0.000000, 0.000000, 0.000000, 1.000000, 0.994726, -0.071498, 0.073544, 0.005854, 0.074034, 0.004225, -0.997247, 0.101151, 0.070990, 0.997432, 0.009496, 0.015805, 0.000000, 0.000000, 0.000000, 1.000000
-19.8636, 11.1839, -18.7380, 246.3533, 268.3624, -11.1843, 218.6909, 5.8589, 101.1500, 15.8043, 0.934095, -0.044928, -0.354186, 0.011184, 0.075386, 0.994503, 0.072665, -0.018738, 0.348974, -0.094576, 0.932348, 0.246353, 0.000000, 0.000000, 0.000000, 1.000000, 0.348935, -0.095063, 0.932313, 0.268362, -0.934096, 0.044928, 0.354184, -0.011184, -0.075557, -0.994457, -0.073121, 0.218691, 0.000000, 0.000000, 0.000000, 1.000000, 0.994726, -0.071497, 0.073544, 0.005859, 0.074034, 0.004233, -0.997247, 0.101150, 0.070989, 0.997432, 0.009504, 0.015804, 0.000000, 0.000000, 0.000000, 1.000000
-19.8433, 11.1653, -18.7437, 246.3443, 268.3534, -11.1658, 218.6967, 5.8751, 101.1473, 15.8025, 0.934221, -0.044923, -0.353855, 0.011165, 0.075352, 0.994504, 0.072684, -0.018744, 0.348645, -0.094567, 0.932472, 0.246344, 0.000000, 0.000000, 0.000000, 1.000000, 0.348606, -0.095053, 0.932437, 0.268353, -0.934222, 0.044923, 0.353853, -0.011166, -0.075523, -0.994458, -0.073140, 0.218697, 0.000000, 0.000000, 0.000000, 1.000000, 0.994726, -0.071495, 0.073543, 0.005875, 0.074035, 0.004259, -0.997247, 0.101147, 0.070985, 0.997432, 0.009530, 0.015803, 0.000000, 0.000000, 0.000000, 1.000000
-19.8292, 11.1522, -18.7489, 246.3374, 268.3465, -11.1527, 218.7020, 5.8861, 101.1456, 15.8011, 0.934308, -0.044918, -0.353624, 0.011152, 0.075327, 0.994506, 0.072695, -0.018749, 0.348416, -0.094557, 0.932558, 0.246337, 0.000000, 0.000000, 0.000000, 1.000000, 0.348378, -0.095043, 0.932523, 0.268347, -0.934309, 0.044919, 0.353623, -0.011153, -0.075497, -0.994459, -0.073151, 0.218702, 0.000000, 0.000000, 0.000000, 1.000000, 0.994726, -0.071494, 0.073542, 0.005886, 0.074036, 0.004277, -0.997246, 0.101146, 0.070982, 0.997432, 0.009548, 0.015801, 0.000000, 0.000000, 0.000000, 1.000000
-19.8220, 11.1455, -18.7518, 246.3338, 268.3429, -11.1460, 218.7050, 5.8918, 101.1447, 15.8004, 0.934353, -0.044916, -0.353507, 0.011145, 0.075313, 0.994506, 0.072700, -0.018752, 0.348299, -0.094551, 0.932603, 0.246334, 0.000000, 0.000000, 0.000000, 1.000000, 0.348261, -0.095037, 0.932568, 0.268343, -0.934354, 0.044916, 0.353505, -0.011146, -0.075483, -0.994460, -0.073156, 0.218705, 0.000000, 0.000000, 0.000000, 1.000000, 0.994726, -0.071493, 0.073542, 0.005892, 0.074036, 0.004287, -0.997246, 0.101145, 0.070981, 0.997432, 0.009557, 0.015800, 0.000000, 0.000000, 0.000000, 1.000000
-19.8147, 11.1386, -18.7550, 246.3300, 268.3391, -11.1391, 218.7082, 5.8975, 101.1438, 15.7997, 0.934398, -0.044913, -0.353387, 0.011139, 0.075299, 0.994507, 0.072705, -0.018755, 0.348181, -0.094545, 0.932648, 0.246330, 0.000000, 0.000000, 0.000000, 1.000000, 0.348142, -0.095030, 0.932613, 0.268339, -0.934399, 0.044913, 0.353386, -0.011139, -0.075469, -0.994461, -0.073160, 0.218708, 0.000000, 0.000000, 0.000000, 1.000000, 0.994726, -0.071492, 0.073541, 0.005897, 0.074036, 0.004296, -0.997246, 0.101144, 0.070979, 0.997432, 0.009566, 0.015800, 0.000000, 0.000000, 0.000000, 1.000000
-19.7922, 11.1174, -18.7655, 246.3181, 268.3272, -11.1179, 218.7188, 5.9148, 101.1412, 15.7973, 0.934537, -0.044903, -0.353021, 0.011117, 0.075254, 0.994509, 0.072718, -0.018766, 0.347817, -0.094524, 0.932785, 0.246318, 0.000000, 0.000000, 0.000000, 1.000000, 0.347779, -0.095009, 0.932750, 0.268327, -0.934538, 0.044904, 0.353019, -0.011118, -0.075424, -0.994463, -0.073173, 0.218719, 0.000000, 0.000000, 0.000000, 1.000000, 0.994727, -0.071490, 0.073540, 0.005915, 0.074037, 0.004325, -0.997246, 0.101141, 0.070975, 0.997432, 0.009595, 0.015797, 0.000000, 0.000000, 0.000000, 1.000000
-19.7690, 11.0953, -18.7772, 246.3053, 268.3144, -11.0958, 218.7307, 5.9326, 101.1387, 15.7947, 0.934681, -0.044893, -0.352643, 0.011095, 0.075206, 0.994512, 0.072730, -0.018777, 0.347442, -0.094500, 0.932927, 0.246305, 0.000000, 0.000000, 0.000000, 1.000000, 0.347404, -0.094984, 0.932893, 0.268314, -0.934681, 0.044893, 0.352641, -0.011096, -0.075375, -0.994466, -0.073184, 0.218731, 0.000000, 0.000000, 0.000000, 1.000000, 0.994727, -0.071487, 0.073539, 0.005933, 0.074038, 0.004355, -0.997246, 0.101139, 0.070970, 0.997432, 0.009625, 0.015795, 0.000000, 0.000000, 0.000000, 1.000000
-19.7612, 11.0884, -18.7780, 246.3025, 268.3116, -11.0888, 218.7315, 5.9390, 101.1375, 15.7942, 0.934729, -0.044892, -0.352515, 0.011088, 0.075196, 0.994512, 0.072740, -0.018778, 0.347315, -0.094500, 0.932975, 0.246302, 0.000000, 0.000000, 0.000000, 1.000000, 0.347276, -0.094984, 0.932940, 0.268312, -0.934729, 0.044892, 0.352513, -0.011089, -0.075365, -0.994466, -0.073194, 0.218731, 0.000000, 0.000000, 0.000000, 1.000000, 0.994727, -0.071487, 0.073539, 0.005939, 0.074039, 0.004365, -0.997246, 0.101137, 0.070969, 0.997432, 0.009635, 0.015794, 0.000000, 0.000000, 0.000000, 1.000000
-19.7533, 11.0814, -18.7790, 246.2996, 268.3087, -11.0818, 218.7325, 5.9454, 101.1363, 15.7936, 0.934777, -0.044891, -0.352386, 0.011081, 0.075185, 0.994512, 0.072750, -0.018779, 0.347187, -0.094499, 0.933023, 0.246300, 0.000000, 0.000000, 0.000000, 1.000000, 0.347148, -0.094983, 0.932988, 0.268309, -0.934778, 0.044892, 0.352384, -0.011082, -0.075354, -0.994466, -0.073204, 0.218732, 0.000000, 0.000000, 0.000000, 1.000000, 0.994727, -0.071486, 0.073538, 0.005945, 0.074039, 0.004375, -0.997246, 0.101136, 0.070967, 0.997432, 0.009645, 0.015794, 0.000000, 0.000000, 0.000000, 1.000000
-19.7454, 11.0743, -18.7801, 246.2966, 268.3057, -11.0747, 218.7337, 5.9518, 101.1351, 15.7930, 0.934826, -0.044891, -0.352257, 0.011074, 0.075173, 0.994512, 0.072759, -0.018780, 0.347058, -0.094497, 0.933071, 0.246297, 0.000000, 0.000000, 0.000000, 1.000000, 0.347019, -0.094982, 0.933036, 0.268306, -0.934827, 0.044891, 0.352255, -0.011075, -0.075342, -0.994466, -0.073213, 0.218734, 0.000000, 0.000000, 0.000000, 1.000000, 0.994727, -0.071485, 0.073538, 0.005952, 0.074039, 0.004385, -0.997246, 0.101135, 0.070966, 0.997432, 0.009655, 0.015793, 0.000000, 0.000000, 0.000000, 1.000000
-19.7294, 11.0599, -18.7831, 246.2902, 268.2993, -11.0603, 218.7366, 5.9647, 101.1328, 15.7917, 0.934924, -0.044888, -0.351996, 0.011060, 0.075150, 0.994513, 0.072777, -0.018783, 0.346798, -0.094494, 0.933168, 0.246290, 0.000000, 0.000000, 0.000000, 1.000000, 0.346760, -0.094978, 0.933133, 0.268299, -0.934925, 0.044888, 0.351994, -0.011060, -0.075318, -0.994467, -0.073231, 0.218737, 0.000000, 0.000000, 0.000000, 1.000000, 0.994727, -0.071483, 0.073537, 0.005965, 0.074040, 0.004406, -0.997246, 0.101133, 0.070962, 0.997432, 0.009675, 0.015792, 0.000000, 0.000000, 0.000000, 1.000000
-19.7214, 11.0526, -18.7848, 246.2869, 268.2960, -11.0530, 218.7384, 5.9711, 101.1316, 15.7910, 0.934974, -0.044887, -0.351865, 0.011053, 0.075137, 0.994513, 0.072786, -0.018785, 0.346667, -0.094491, 0.933217, 0.246287, 0.000000, 0.000000, 0.000000, 1.000000, 0.346629, -0.094975, 0.933182, 0.268296, -0.934974, 0.044887, 0.351863, -0.011053, -0.075306, -0.994467, -0.073240, 0.218738, 0.000000, 0.000000, 0.000000, 1.000000, 0.994727, -0.071482, 0.073537, 0.005971, 0.074040, 0.004416, -0.997245, 0.101132, 0.070961, 0.997432, 0.009685, 0.015791, 0.000000, 0.000000, 0.000000, 1.000000
-19.7053, 11.0379, -18.7887, 246.2800, 268.2891, -11.0383, 218.7424, 5.9840, 101.1294, 15.7897, 0.935073, -0.044883, -0.351602, 0.011038, 0.075111, 0.994514, 0.072802, -0.018789, 0.346405, -0.094485, 0.933314, 0.246280, 0.000000, 0.000000, 0.000000, 1.000000, 0.346367, -0.094968, 0.933280, 0.268289, -0.935074, 0.044884, 0.351600, -0.011038, -0.075280, -0.994468, -0.073256, 0.218742, 0.000000, 0.000000, 0.000000, 1.000000, 0.994728, -0.071481, 0.073536, 0.005984, 0.074041, 0.004437, -0.997245, 0.101129, 0.070958, 0.997432, 0.009706, 0.015790, 0.000000, 0.000000, 0.000000, 1.000000
-19.6972, 11.0305, -18.7909, 246.2765, 268.2856, -11.0309, 218.7446, 5.9904, 101.1283, 15.7889, 0.935123, -0.044881, -0.351470, 0.011030, 0.075098, 0.994514, 0.072810, -0.018791, 0.346274, -0.094481, 0.933364, 0.246276, 0.000000, 0.000000, 0.000000, 1.000000, 0.346236, -0.094964, 0.933329, 0.268286, -0.935123, 0.044882, 0.351468, -0.011031, -0.075266, -0.994468, -0.073264, 0.218745, 0.000000, 0.000000, 0.000000, 1.000000, 0.994728, -0.071480, 0.073536, 0.005990, 0.074042, 0.004447, -0.997245, 0.101128, 0.070956, 0.997432, 0.009716, 0.015789, 0.000000, 0.000000, 0.000000, 1.000000
-19.6891, 11.0230, -18.7932, 246.2729, 268.2819, -11.0235, 218.7469, 5.9968, 101.1272, 15.7882, 0.935172, -0.044879, -0.351338, 0.011023, 0.075084, 0.994515, 0.072817, -0.018793, 0.346143, -0.094477, 0.933413, 0.246273, 0.000000, 0.000000, 0.000000, 1.000000, 0.346105, -0.094960, 0.933378, 0.268282, -0.935173, 0.044880, 0.351336, -0.011024, -0.075253, -0.994469, -0.073271, 0.218747, 0.000000, 0.000000, 0.000000, 1.000000, 0.994728, -0.071479, 0.073535, 0.005997, 0.074042, 0.004458, -0.997245, 0.101127, 0.070954, 0.997432, 0.009726, 0.015788, 0.000000, 0.000000, 0.000000, 1.000000
-19.6649, 11.0006, -18.8009, 246.2617, 268.2708, -11.0011, 218.7546, 6.0160, 101.1239, 15.7860, 0.935321, -0.044873, -0.350942, 0.011001, 0.075042, 0.994517, 0.072839, -0.018801, 0.345749, -0.094463, 0.933560, 0.246262, 0.000000, 0.000000, 0.000000, 1.000000, 0.345711, -0.094946, 0.933525, 0.268271, -0.935322, 0.044873, 0.350940, -0.011001, -0.075210, -0.994471, -0.073292, 0.218755, 0.000000, 0.000000, 0.000000, 1.000000, 0.994728, -0.071476, 0.073534, 0.006016, 0.074043, 0.004489, -0.997245, 0.101124, 0.070949, 0.997432, 0.009757, 0.015786, 0.000000, 0.000000, 0.000000, 1.000000
-19.6408, 10.9783, -18.8092, 246.2502, 268.2593, -10.9787, 218.7630, 6.0350, 101.1208, 15.7837, 0.935470, -0.044865, -0.350548, 0.010978, 0.074999, 0.994518, 0.072858, -0.018809, 0.345358, -0.094447, 0.933706, 0.246250, 0.000000, 0.000000, 0.000000, 1.000000, 0.345319, -0.094930, 0.933672, 0.268259, -0.935470, 0.044865, 0.350546, -0.010979, -0.075167, -0.994472, -0.073312, 0.218763, 0.000000, 0.000000, 0.000000, 1.000000, 0.994728, -0.071474, 0.073533, 0.006035, 0.074044, 0.004520, -0.997245, 0.101121, 0.070945, 0.997432, 0.009788, 0.015784, 0.000000, 0.000000, 0.000000, 1.000000
-19.6249, 10.9645, -18.8084, 246.2456, 268.2547, -10.9650, 218.7623, 6.0482, 101.1181, 15.7828, 0.935567, -0.044866, -0.350289, 0.010965, 0.074982, 0.994518, 0.072883, -0.018808, 0.345098, -0.094452, 0.933802, 0.246246, 0.000000, 0.000000, 0.000000, 1.000000, 0.345060, -0.094935, 0.933767, 0.268255, -0.935567, 0.044866, 0.350287, -0.010965, -0.075149, -0.994472, -0.073337, 0.218762, 0.000000, 0.000000, 0.000000, 1.000000, 0.994728, -0.071472, 0.073532, 0.006048, 0.074045, 0.004540, -0.997245, 0.101118, 0.070941, 0.997432, 0.009808, 0.015783, 0.000000, 0.000000, 0.000000, 1.000000
-19.6170, 10.9577, -18.8084, 246.2432, 268.2523, -10.9581, 218.7622, 6.0547, 101.1168, 15.7823, 0.935615, -0.044866, -0.350160, 0.010958, 0.074973, 0.994518, 0.072895, -0.018808, 0.344970, -0.094454, 0.933849, 0.246243, 0.000000, 0.000000, 0.000000, 1.000000, 0.344932, -0.094937, 0.933814, 0.268252, -0.935615, 0.044867, 0.350159, -0.010958, -0.075140, -0.994472, -0.073349, 0.218762, 0.000000, 0.000000, 0.000000, 1.000000, 0.994729, -0.071471, 0.073532, 0.006055, 0.074045, 0.004550, -0.997245, 0.101117, 0.070940, 0.997432, 0.009818, 0.015782, 0.000000, 0.000000, 0.000000, 1.000000
-19.6015, 10.9440, -18.8087, 246.2383, 268.2473, -10.9445, 218.7626, 6.0675, 101.1142, 15.7813, 0.935710, -0.044867, -0.349907, 0.010944, 0.074954, 0.994517, 0.072918, -0.018809, 0.344717, -0.094456, 0.933942, 0.246238, 0.000000, 0.000000, 0.000000, 1.000000, 0.344679, -0.094939, 0.933907, 0.268247, -0.935710, 0.044867, 0.349905, -0.010944, -0.075121, -0.994471, -0.073371, 0.218763, 0.000000, 0.000000, 0.000000, 1.000000, 0.994729, -0.071470, 0.073531, 0.006067, 0.074046, 0.004570, -0.997244, 0.101114, 0.070937, 0.997432, 0.009838, 0.015781, 0.000000, 0.000000, 0.000000, 1.000000
-19.5862, 10.9305, -18.8097, 246.2330, 268.2421, -10.9309, 218.7636, 6.0800, 101.1118, 15.7803, 0.935803, -0.044866, -0.349657, 0.010930, 0.074934, 0.994517, 0.072938, -0.018810, 0.344467, -0.094457, 0.934034, 0.246233, 0.000000, 0.000000, 0.000000, 1.000000, 0.344429, -0.094940, 0.933999, 0.268242, -0.935804, 0.044866, 0.349655, -0.010931, -0.075101, -0.994471, -0.073392, 0.218764, 0.000000, 0.000000, 0.000000, 1.000000, 0.994729, -0.071468, 0.073531, 0.006080, 0.074046, 0.004590, -0.997244, 0.101112, 0.070934, 0.997432, 0.009857, 0.015780, 0.000000, 0.000000, 0.000000, 1.000000
-19.5786, 10.9238, -18.8105, 246.2303, 268.2394, -10.9242, 218.7643, 6.0861, 101.1106, 15.7797, 0.935849, -0.044865, -0.349533, 0.010924, 0.074924, 0.994517, 0.072948, -0.018810, 0.344344, -0.094457, 0.934080, 0.246230, 0.000000, 0.000000, 0.000000, 1.000000, 0.344306, -0.094940, 0.934045, 0.268239, -0.935850, 0.044866, 0.349532, -0.010924, -0.075091, -0.994471, -0.073402, 0.218764, 0.000000, 0.000000, 0.000000, 1.000000, 0.994729, -0.071467, 0.073530, 0.006086, 0.074047, 0.004599, -0.997244, 0.101111, 0.070932, 0.997432, 0.009867, 0.015780, 0.000000, 0.000000, 0.000000, 1.000000
-19.5638, 10.9105, -18.8124, 246.2248, 268.2339, -10.9109, 218.7663, 6.0982, 101.1083, 15.7786, 0.935940, -0.044864, -0.349290, 0.010910, 0.074903, 0.994518, 0.072966, -0.018812, 0.344102, -0.094455, 0.934169, 0.246225, 0.000000, 0.000000, 0.000000, 1.000000, 0.344064, -0.094938, 0.934134, 0.268234, -0.935941, 0.044864, 0.349288, -0.010911, -0.075070, -0.994472, -0.073420, 0.218766, 0.000000, 0.000000, 0.000000, 1.000000, 0.994729, -0.071466, 0.073530, 0.006098, 0.074047, 0.004618, -0.997244, 0.101108, 0.070929, 0.997432, 0.009886, 0.015779, 0.000000, 0.000000, 0.000000, 1.000000
-19.5420, 10.8909, -18.8162, 246.2162, 268.2253, -10.8913, 218.7701, 6.1157, 101.1051, 15.7769, 0.936073, -0.044861, -0.348935, 0.010891, 0.074870, 0.994518, 0.072991, -0.018816, 0.343748, -0.094450, 0.934300, 0.246216, 0.000000, 0.000000, 0.000000, 1.000000, 0.343710, -0.094933, 0.934265, 0.268225, -0.936073, 0.044861, 0.348933, -0.010891, -0.075037, -0.994472, -0.073445, 0.218770, 0.000000, 0.000000, 0.000000, 1.000000, 0.994729, -0.071463, 0.073529, 0.006116, 0.074048, 0.004646, -0.997244, 0.101105, 0.070925, 0.997432, 0.009913, 0.015777, 0.000000, 0.000000, 0.000000, 1.000000
-19.5211, 10.8734, -18.8112, 246.2121, 268.2212, -10.8738, 218.7650, 6.1336, 101.1010, 15.7761, 0.936200, -0.044866, -0.348593, 0.010873, 0.074854, 0.994517, 0.073032, -0.018811, 0.343405, -0.094466, 0.934425, 0.246212, 0.000000, 0.000000, 0.000000, 1.000000, 0.343367, -0.094949, 0.934390, 0.268221, -0.936200, 0.044866, 0.348591, -0.010874, -0.075021, -0.994471, -0.073486, 0.218765, 0.000000, 0.000000, 0.000000, 1.000000, 0.994730, -0.071461, 0.073528, 0.006134, 0.074049, 0.004673, -0.997244, 0.101101, 0.070920, 0.997432, 0.009940, 0.015776, 0.000000, 0.000000, 0.000000, 1.000000
-19.5076, 10.8630, -18.8027, 246.2120, 268.2211, -10.8635, 218.7564, 6.1456, 101.0978, 15.7760, 0.936281, -0.044875, -0.348373, 0.010863, 0.074854, 0.994514, 0.073069, -0.018803, 0.343183, -0.094490, 0.934504, 0.246212, 0.000000, 0.000000, 0.000000, 1.000000, 0.343145, -0.094973, 0.934469, 0.268221, -0.936282, 0.044875, 0.348372, -0.010863, -0.075021, -0.994468, -0.073523, 0.218756, 0.000000, 0.000000, 0.000000, 1.000000, 0.994730, -0.071459, 0.073527, 0.006146, 0.074050, 0.004690, -0.997244, 0.101098, 0.070918, 0.997432, 0.009957, 0.015776, 0.000000, 0.000000, 0.000000, 1.000000
-19.5011, 10.8579, -18.7990, 246.2117, 268.2208, -10.8583, 218.7527, 6.1515, 101.0964, 15.7760, 0.936321, -0.044879, -0.348266, 0.010858, 0.074852, 0.994513, 0.073086, -0.018799, 0.343075, -0.094500, 0.934542, 0.246212, 0.000000, 0.000000, 0.000000, 1.000000, 0.343037, -0.094984, 0.934507, 0.268221, -0.936321, 0.044879, 0.348264, -0.010858, -0.075019, -0.994467, -0.073540, 0.218753, 0.000000, 0.000000, 0.000000, 1.000000, 0.994730, -0.071459, 0.073527, 0.006151, 0.074050, 0.004698, -0.997243, 0.101096, 0.070916, 0.997432, 0.009965, 0.015776, 0.000000, 0.000000, 0.000000, 1.000000
-19.4882, 10.8477, -18.7929, 246.2107, 268.2198, -10.8481, 218.7464, 6.1628, 101.0935, 15.7758, 0.936398, -0.044886, -0.348056, 0.010848, 0.074848, 0.994511, 0.073116, -0.018793, 0.342864, -0.094518, 0.934618, 0.246211, 0.000000, 0.000000, 0.000000, 1.000000, 0.342826, -0.095002, 0.934583, 0.268220, -0.936399, 0.044886, 0.348055, -0.010848, -0.075015, -0.994465, -0.073572, 0.218746, 0.000000, 0.000000, 0.000000, 1.000000, 0.994730, -0.071457, 0.073526, 0.006163, 0.074051, 0.004714, -0.997243, 0.101094, 0.070914, 0.997433, 0.009981, 0.015776, 0.000000, 0.000000, 0.000000, 1.000000
-19.4758, 10.8376, -18.7884, 246.2091, 268.2182, -10.8380, 218.7418, 6.1736, 101.0910, 15.7754, 0.936474, -0.044891, -0.347854, 0.010838, 0.074842, 0.994509, 0.073144, -0.018788, 0.342660, -0.094531, 0.934691, 0.246209, 0.000000, 0.000000, 0.000000, 1.000000, 0.342622, -0.095016, 0.934656, 0.268218, -0.936474, 0.044891, 0.347852, -0.010838, -0.075009, -0.994463, -0.073599, 0.218742, 0.000000, 0.000000, 0.000000, 1.000000, 0.994730, -0.071456, 0.073526, 0.006174, 0.074051, 0.004730, -0.997243, 0.101091, 0.070911, 0.997433, 0.009997, 0.015775, 0.000000, 0.000000, 0.000000, 1.000000
-19.4697, 10.8326, -18.7867, 246.2080, 268.2171, -10.8330, 218.7400, 6.1787, 101.0898, 15.7752, 0.936510, -0.044892, -0.347755, 0.010833, 0.074838, 0.994509, 0.073156, -0.018787, 0.342561, -0.094536, 0.934727, 0.246208, 0.000000, 0.000000, 0.000000, 1.000000, 0.342523, -0.095021, 0.934692, 0.268217, -0.936511, 0.044893, 0.347753, -0.010833, -0.075005, -0.994462, -0.073612, 0.218740, 0.000000, 0.000000, 0.000000, 1.000000, 0.994730, -0.071455, 0.073525, 0.006179, 0.074051, 0.004738, -0.997243, 0.101090, 0.070910, 0.997433, 0.010004, 0.015775, 0.000000, 0.000000, 0.000000, 1.000000
-19.4579, 10.8227, -18.7844, 246.2055, 268.2146, -10.8231, 218.7376, 6.1888, 101.0875, 15.7747, 0.936582, -0.044895, -0.347562, 0.010823, 0.074828, 0.994508, 0.073178, -0.018784, 0.342368, -0.094544, 0.934797, 0.246206, 0.000000, 0.000000, 0.000000, 1.000000, 0.342329, -0.095030, 0.934762, 0.268215, -0.936582, 0.044895, 0.347560, -0.010823, -0.074995, -0.994462, -0.073634, 0.218738, 0.000000, 0.000000, 0.000000, 1.000000, 0.994730, -0.071454, 0.073525, 0.006189, 0.074052, 0.004753, -0.997243, 0.101088, 0.070908, 0.997433, 0.010019, 0.015775, 0.000000, 0.000000, 0.000000, 1.000000
-19.4409, 10.8081, -18.7835, 246.2008, 268.2099, -10.8085, 218.7366, 6.2029, 101.0846, 15.7737, 0.936684, -0.044897, -0.347285, 0.010808, 0.074810, 0.994507, 0.073205, -0.018783, 0.342090, -0.094550, 0.934898, 0.246201, 0.000000, 0.000000, 0.000000, 1.000000, 0.342052, -0.095036, 0.934863, 0.268210, -0.936685, 0.044897, 0.347283, -0.010809, -0.074977, -0.994461, -0.073661, 0.218737, 0.000000, 0.000000, 0.000000, 1.000000, 0.994731, -0.071452, 0.073524, 0.006203, 0.074053, 0.004774, -0.997243, 0.101085, 0.070904, 0.997433, 0.010040, 0.015774, 0.000000, 0.000000, 0.000000, 1.000000
-19.4302, 10.7985, -18.7845, 246.1970, 268.2062, -10.7990, 218.7375, 6.2116, 101.0829, 15.7729, 0.936750, -0.044896, -0.347108, 0.010799, 0.074795, 0.994507, 0.073219, -0.018784, 0.341915, -0.094549, 0.934962, 0.246197, 0.000000, 0.000000, 0.000000, 1.000000, 0.341876, -0.095036, 0.934927, 0.268206, -0.936750, 0.044896, 0.347107, -0.010799, -0.074962, -0.994461, -0.073676, 0.218738, 0.000000, 0.000000, 0.000000, 1.000000, 0.994731, -0.071451, 0.073524, 0.006212, 0.074053, 0.004788, -0.997243, 0.101083, 0.070902, 0.997433, 0.010054, 0.015773, 0.000000, 0.000000, 0.000000, 1.000000
-19.4198, 10.7891, -18.7866, 246.1928, 268.2020, -10.7896, 218.7396, 6.2200, 101.0814, 15.7721, 0.936813, -0.044895, -0.346938, 0.010789, 0.074779, 0.994508, 0.073230, -0.018787, 0.341745, -0.094546, 0.935025, 0.246193, 0.000000, 0.000000, 0.000000, 1.000000, 0.341707, -0.095033, 0.934989, 0.268202, -0.936813, 0.044895, 0.346937, -0.010790, -0.074947, -0.994461, -0.073687, 0.218740, 0.000000, 0.000000, 0.000000, 1.000000, 0.994731, -0.071450, 0.073523, 0.006220, 0.074054, 0.004802, -0.997243, 0.101081, 0.070900, 0.997433, 0.010067, 0.015772, 0.000000, 0.000000, 0.000000, 1.000000
-19.4147, 10.7845, -18.7880, 246.1906, 268.1998, -10.7850, 218.7410, 6.2240, 101.0807, 15.7716, 0.936844, -0.044893, -0.346855, 0.010785, 0.074771, 0.994508, 0.073234, -0.018788, 0.341663, -0.094544, 0.935055, 0.246191, 0.000000, 0.000000, 0.000000, 1.000000, 0.341624, -0.095030, 0.935020, 0.268200, -0.936844, 0.044894, 0.346854, -0.010785, -0.074938, -0.994462, -0.073692, 0.218741, 0.000000, 0.000000, 0.000000, 1.000000, 0.994731, -0.071449, 0.073523, 0.006224, 0.074054, 0.004808, -0.997243, 0.101081, 0.070899, 0.997433, 0.010074, 0.015772, 0.000000, 0.000000, 0.000000, 1.000000
-19.4097, 10.7799, -18.7897, 246.1883, 268.1974, -10.7804, 218.7427, 6.2279, 101.0800, 15.7711, 0.936874, -0.044892, -0.346774, 0.010780, 0.074762, 0.994508, 0.073238, -0.018790, 0.341582, -0.094541, 0.935085, 0.246188, 0.000000, 0.000000, 0.000000, 1.000000, 0.341544, -0.095027, 0.935050, 0.268197, -0.936874, 0.044892, 0.346772, -0.010780, -0.074929, -0.994462, -0.073696, 0.218743, 0.000000, 0.000000, 0.000000, 1.000000, 0.994731, -0.071449, 0.073523, 0.006228, 0.074054, 0.004814, -0.997243, 0.101080, 0.070898, 0.997433, 0.010080, 0.015771, 0.000000, 0.000000, 0.000000, 1.000000
-19.4000, 10.7708, -18.7937, 246.1834, 268.1926, -10.7713, 218.7466, 6.2355, 101.0788, 15.7702, 0.936933, -0.044888, -0.346615, 0.010771, 0.074744, 0.994509, 0.073245, -0.018794, 0.341424, -0.094533, 0.935143, 0.246183, 0.000000, 0.000000, 0.000000, 1.000000, 0.341386, -0.095019, 0.935108, 0.268193, -0.936933, 0.044889, 0.346614, -0.010771, -0.074911, -0.994463, -0.073702, 0.218747, 0.000000, 0.000000, 0.000000, 1.000000, 0.994731, -0.071447, 0.073522, 0.006235, 0.074055, 0.004827, -0.997243, 0.101079, 0.070896, 0.997433, 0.010093, 0.015770, 0.000000, 0.000000, 0.000000, 1.000000
-19.3953, 10.7664, -18.7960, 246.1809, 268.1901, -10.7668, 218.7489, 6.2391, 101.0782, 15.7696, 0.936961, -0.044886, -0.346538, 0.010766, 0.074734, 0.994510, 0.073247, -0.018796, 0.341348, -0.094528, 0.935172, 0.246181, 0.000000, 0.000000, 0.000000, 1.000000, 0.341309, -0.095015, 0.935136, 0.268190, -0.936962, 0.044886, 0.346536, -0.010767, -0.074901, -0.994463, -0.073705, 0.218749, 0.000000, 0.000000, 0.000000, 1.000000, 0.994731, -0.071447, 0.073522, 0.006239, 0.074055, 0.004833, -0.997242, 0.101078, 0.070895, 0.997433, 0.010099, 0.015770, 0.000000, 0.000000, 0.000000, 1.000000
-19.3861, 10.7575, -18.8011, 246.1757, 268.1848, -10.7579, 218.7540, 6.2461, 101.0772, 15.7686, 0.937017, -0.044882, -0.346387, 0.010757, 0.074714, 0.994511, 0.073251, -0.018801, 0.341198, -0.094517, 0.935227, 0.246176, 0.000000, 0.000000, 0.000000, 1.000000, 0.341160, -0.095004, 0.935192, 0.268185, -0.937018, 0.044882, 0.346385, -0.010758, -0.074881, -0.994465, -0.073709, 0.218754, 0.000000, 0.000000, 0.000000, 1.000000, 0.994731, -0.071446, 0.073522, 0.006246, 0.074055, 0.004845, -0.997242, 0.101077, 0.070893, 0.997433, 0.010110, 0.015769, 0.000000, 0.000000, 0.000000, 1.000000
-19.3816, 10.7531, -18.8039, 246.1730, 268.1821, -10.7536, 218.7568, 6.2495, 101.0768, 15.7680, 0.937045, -0.044879, -0.346314, 0.010753, 0.074704, 0.994512, 0.073252, -0.018804, 0.341125, -0.094511, 0.935255, 0.246173, 0.000000, 0.000000, 0.000000, 1.000000, 0.341087, -0.094998, 0.935219, 0.268182, -0.937045, 0.044879, 0.346312, -0.010754, -0.074871, -0.994465, -0.073710, 0.218757, 0.000000, 0.000000, 0.000000, 1.000000, 0.994731, -0.071445, 0.073521, 0.006250, 0.074055, 0.004851, -0.997242, 0.101077, 0.070892, 0.997433, 0.010116, 0.015768, 0.000000, 0.000000, 0.000000, 1.000000
-19.3728, 10.7445, -18.8098, 246.1675, 268.1766, -10.7450, 218.7627, 6.2561, 101.0759, 15.7669, 0.937098, -0.044873, -0.346170, 0.010745, 0.074683, 0.994513, 0.073253, -0.018810, 0.340984, -0.094498, 0.935308, 0.246167, 0.000000, 0.000000, 0.000000, 1.000000, 0.340945, -0.094985, 0.935272, 0.268177, -0.937099, 0.044874, 0.346168, -0.010745, -0.074850, -0.994467, -0.073711, 0.218763, 0.000000, 0.000000, 0.000000, 1.000000, 0.994731, -0.071444, 0.073521, 0.006256, 0.074056, 0.004862, -0.997242, 0.101076, 0.070890, 0.997433, 0.010127, 0.015767, 0.000000, 0.000000, 0.000000, 1.000000
