# Joint_4_Angle(deg), Cam_X(mm), Cam_Y(mm), Cam_Z(mm), Torso_X(mm), Torso_Y(mm), Torso_Z(mm), EE_X(mm), EE_Y(mm), EE_Z(mm), T_cam2marker_flat(16), T_torso2marker_flat(16), T_ee2marker_flat(16)
-15.0000, 39.6669, -11.1889, 259.9649, 281.9702, -39.6673, 211.1368, -8.6390, -87.0659, 30.2522, 0.996326, -0.060987, 0.060121, 0.039667, 0.048472, 0.980354, 0.191198, -0.011189, -0.070601, -0.187582, 0.979708, 0.259965, 0.000000, 0.000000, 0.000000, 1.000000, -0.070626, -0.188055, 0.979616, 0.281970, -0.996326, 0.060987, -0.060123, -0.039667, -0.048438, -0.980263, -0.191672, 0.211137, 0.000000, 0.000000, 0.000000, 1.000000, -0.997315, 0.070929, -0.018224, -0.008639, -0.020894, -0.037080, 0.999094, -0.087066, 0.070189, 0.996792, 0.038463, 0.030252, 0.000000, 0.000000, 0.000000, 1.000000
-15.0000, 39.6678, -11.1944, 259.9623, 281.9676, -39.6682, 211.1424, -8.6394, -87.0667, 30.2517, 0.996326, -0.060993, 0.060120, 0.039668, 0.048479, 0.980356, 0.191186, -0.011194, -0.070600, -0.187569, 0.979711, 0.259962, 0.000000, 0.000000, 0.000000, 1.000000, -0.070625, -0.188041, 0.979619, 0.281968, -0.996326, 0.060993, -0.060122, -0.039668, -0.048445, -0.980265, -0.191658, 0.211142, 0.000000, 0.000000, 0.000000, 1.000000, -0.997315, 0.070929, -0.018224, -0.008639, -0.020894, -0.037080, 0.999094, -0.087067, 0.070189, 0.996792, 0.038463, 0.030252, 0.000000, 0.000000, 0.000000, 1.000000
-14.9997, 39.6683, -11.1980, 259.9595, 281.9648, -39.6687, 211.1463, -8.6396, -87.0677, 30.2511, 0.996326, -0.060996, 0.060119, 0.039668, 0.048483, 0.980359, 0.191171, -0.011198, -0.070599, -0.187554, 0.979714, 0.259960, 0.000000, 0.000000, 0.000000, 1.000000, -0.070624, -0.188026, 0.979622, 0.281965, -0.996326, 0.060996, -0.060121, -0.039669, -0.048449, -0.980268, -0.191643, 0.211146, 0.000000, 0.000000, 0.000000, 1.000000, -0.997315, 0.070929, -0.018224, -0.008640, -0.020894, -0.037080, 0.999094, -0.087068, 0.070189, 0.996792, 0.038463, 0.030251, 0.000000, 0.000000, 0.000000, 1.000000
-14.9986, 39.6682, -11.1999, 259.9552, 281.9605, -39.6686, 211.1483, -8.6397, -87.0694, 30.2502, 0.996326, -0.060995, 0.060118, 0.039668, 0.048484, 0.980363, 0.191148, -0.011200, -0.070597, -0.187531, 0.979718, 0.259955, 0.000000, 0.000000, 0.000000, 1.000000, -0.070622, -0.188003, 0.979626, 0.281960, -0.996326, 0.060995, -0.060120, -0.039669, -0.048450, -0.980273, -0.191619, 0.211148, 0.000000, 0.000000, 0.000000, 1.000000, -0.997315, 0.070930, -0.018224, -0.008640, -0.020893, -0.037081, 0.999094, -0.087069, 0.070190, 0.996792, 0.038463, 0.030250, 0.000000, 0.000000, 0.000000, 1.000000
-14.9969, 39.6676, -11.2009, 259.9493, 281.9545, -39.6680, 211.1494, -8.6396, -87.0719, 30.2489, 0.996326, -0.060991, 0.060117, 0.039668, 0.048482, 0.980369, 0.191116, -0.011201, -0.070593, -0.187499, 0.979725, 0.259949, 0.000000, 0.000000, 0.000000, 1.000000, -0.070618, -0.187970, 0.979633, 0.281955, -0.996326, 0.060991, -0.060119, -0.039668, -0.048448, -0.980279, -0.191587, 0.211149, 0.000000, 0.000000, 0.000000, 1.000000, -0.997315, 0.070930, -0.018223, -0.008640, -0.020893, -0.037081, 0.999094, -0.087072, 0.070190, 0.996792, 0.038463, 0.030249, 0.000000, 0.000000, 0.000000, 1.000000
-14.9961, 39.6672, -11.2011, 259.9467, 281.9520, -39.6677, 211.1496, -8.6395, -87.0730, 30.2483, 0.996326, -0.060989, 0.060117, 0.039667, 0.048481, 0.980372, 0.191101, -0.011201, -0.070592, -0.187485, 0.979728, 0.259947, 0.000000, 0.000000, 0.000000, 1.000000, -0.070617, -0.187956, 0.979636, 0.281952, -0.996326, 0.060989, -0.060118, -0.039668, -0.048448, -0.980282, -0.191572, 0.211150, 0.000000, 0.000000, 0.000000, 1.000000, -0.997315, 0.070931, -0.018223, -0.008639, -0.020892, -0.037081, 0.999094, -0.087073, 0.070191, 0.996792, 0.038463, 0.030248, 0.000000, 0.000000, 0.000000, 1.000000
-14.9942, 39.6664, -11.2013, 259.9404, 281.9457, -39.6668, 211.1499, -8.6393, -87.0757, 30.2469, 0.996327, -0.060983, 0.060115, 0.039666, 0.048479, 0.980379, 0.191067, -0.011201, -0.070588, -0.187451, 0.979734, 0.259940, 0.000000, 0.000000, 0.000000, 1.000000, -0.070613, -0.187921, 0.979642, 0.281946, -0.996327, 0.060984, -0.060117, -0.039667, -0.048445, -0.980289, -0.191537, 0.211150, 0.000000, 0.000000, 0.000000, 1.000000, -0.997315, 0.070931, -0.018222, -0.008639, -0.020891, -0.037080, 0.999094, -0.087076, 0.070191, 0.996792, 0.038463, 0.030247, 0.000000, 0.000000, 0.000000, 1.000000
-14.9917, 39.6652, -11.2012, 259.9326, 281.9379, -39.6657, 211.1499, -8.6390, -87.0791, 30.2452, 0.996327, -0.060976, 0.060114, 0.039665, 0.048475, 0.980388, 0.191024, -0.011201, -0.070583, -0.187408, 0.979743, 0.259933, 0.000000, 0.000000, 0.000000, 1.000000, -0.070608, -0.187879, 0.979651, 0.281938, -0.996327, 0.060976, -0.060116, -0.039666, -0.048441, -0.980298, -0.191494, 0.211150, 0.000000, 0.000000, 0.000000, 1.000000, -0.997315, 0.070932, -0.018220, -0.008639, -0.020890, -0.037080, 0.999094, -0.087079, 0.070192, 0.996792, 0.038463, 0.030245, 0.000000, 0.000000, 0.000000, 1.000000
-14.9853, 39.6621, -11.2003, 259.9126, 281.9179, -39.6625, 211.1491, -8.6382, -87.0879, 30.2407, 0.996329, -0.060956, 0.060110, 0.039662, 0.048464, 0.980410, 0.190913, -0.011200, -0.070570, -0.187298, 0.979765, 0.259913, 0.000000, 0.000000, 0.000000, 1.000000, -0.070595, -0.187768, 0.979673, 0.281918, -0.996329, 0.060956, -0.060112, -0.039663, -0.048430, -0.980320, -0.191382, 0.211149, 0.000000, 0.000000, 0.000000, 1.000000, -0.997315, 0.070935, -0.018217, -0.008638, -0.020887, -0.037080, 0.999094, -0.087088, 0.070195, 0.996791, 0.038462, 0.030241, 0.000000, 0.000000, 0.000000, 1.000000
-14.9814, 39.6601, -11.1994, 259.9004, 281.9056, -39.6605, 211.1483, -8.6377, -87.0932, 30.2380, 0.996330, -0.060944, 0.060108, 0.039660, 0.048457, 0.980424, 0.190845, -0.011199, -0.070562, -0.187231, 0.979778, 0.259900, 0.000000, 0.000000, 0.000000, 1.000000, -0.070587, -0.187701, 0.979687, 0.281906, -0.996330, 0.060944, -0.060110, -0.039661, -0.048423, -0.980334, -0.191314, 0.211148, 0.000000, 0.000000, 0.000000, 1.000000, -0.997314, 0.070937, -0.018215, -0.008638, -0.020885, -0.037080, 0.999094, -0.087093, 0.070197, 0.996791, 0.038462, 0.030238, 0.000000, 0.000000, 0.000000, 1.000000
-14.9769, 39.6578, -11.1982, 259.8864, 281.8917, -39.6582, 211.1473, -8.6371, -87.0994, 30.2348, 0.996331, -0.060929, 0.060106, 0.039658, 0.048449, 0.980439, 0.190767, -0.011198, -0.070553, -0.187155, 0.979793, 0.259886, 0.000000, 0.000000, 0.000000, 1.000000, -0.070578, -0.187624, 0.979702, 0.281892, -0.996331, 0.060929, -0.060107, -0.039658, -0.048415, -0.980349, -0.191236, 0.211147, 0.000000, 0.000000, 0.000000, 1.000000, -0.997314, 0.070938, -0.018213, -0.008637, -0.020883, -0.037080, 0.999094, -0.087099, 0.070199, 0.996791, 0.038462, 0.030235, 0.000000, 0.000000, 0.000000, 1.000000
-14.9744, 39.6565, -11.1975, 259.8788, 281.8840, -39.6569, 211.1466, -8.6368, -87.1027, 30.2331, 0.996331, -0.060921, 0.060104, 0.039656, 0.048444, 0.980447, 0.190725, -0.011197, -0.070548, -0.187113, 0.979802, 0.259879, 0.000000, 0.000000, 0.000000, 1.000000, -0.070573, -0.187582, 0.979710, 0.281884, -0.996331, 0.060921, -0.060106, -0.039657, -0.048410, -0.980358, -0.191193, 0.211147, 0.000000, 0.000000, 0.000000, 1.000000, -0.997314, 0.070939, -0.018212, -0.008637, -0.020882, -0.037080, 0.999094, -0.087103, 0.070200, 0.996791, 0.038462, 0.030233, 0.000000, 0.000000, 0.000000, 1.000000
-14.9690, 39.6537, -11.1959, 259.8622, 281.8675, -39.6541, 211.1451, -8.6361, -87.1100, 30.2294, 0.996333, -0.060903, 0.060102, 0.039654, 0.048434, 0.980466, 0.190633, -0.011196, -0.070538, -0.187023, 0.979820, 0.259862, 0.000000, 0.000000, 0.000000, 1.000000, -0.070562, -0.187491, 0.979729, 0.281867, -0.996332, 0.060903, -0.060103, -0.039654, -0.048400, -0.980376, -0.191101, 0.211145, 0.000000, 0.000000, 0.000000, 1.000000, -0.997314, 0.070942, -0.018209, -0.008636, -0.020879, -0.037080, 0.999094, -0.087110, 0.070202, 0.996791, 0.038462, 0.030229, 0.000000, 0.000000, 0.000000, 1.000000
-14.9661, 39.6522, -11.1950, 259.8534, 281.8586, -39.6526, 211.1442, -8.6357, -87.1139, 30.2274, 0.996333, -0.060894, 0.060100, 0.039652, 0.048428, 0.980476, 0.190583, -0.011195, -0.070532, -0.186974, 0.979830, 0.259853, 0.000000, 0.000000, 0.000000, 1.000000, -0.070557, -0.187442, 0.979738, 0.281859, -0.996333, 0.060894, -0.060101, -0.039653, -0.048394, -0.980386, -0.191052, 0.211144, 0.000000, 0.000000, 0.000000, 1.000000, -0.997314, 0.070943, -0.018207, -0.008636, -0.020878, -0.037080, 0.999094, -0.087114, 0.070203, 0.996791, 0.038461, 0.030227, 0.000000, 0.000000, 0.000000, 1.000000
-14.9598, 39.6489, -11.1929, 259.8344, 281.8397, -39.6493, 211.1423, -8.6348, -87.1222, 30.2232, 0.996335, -0.060873, 0.060097, 0.039649, 0.048416, 0.980497, 0.190478, -0.011193, -0.070519, -0.186870, 0.979850, 0.259834, 0.000000, 0.000000, 0.000000, 1.000000, -0.070544, -0.187338, 0.979759, 0.281840, -0.996335, 0.060873, -0.060098, -0.039649, -0.048383, -0.980407, -0.190946, 0.211142, 0.000000, 0.000000, 0.000000, 1.000000, -0.997314, 0.070945, -0.018204, -0.008635, -0.020875, -0.037080, 0.999094, -0.087122, 0.070206, 0.996791, 0.038461, 0.030223, 0.000000, 0.000000, 0.000000, 1.000000
-14.9531, 39.6453, -11.1906, 259.8138, 281.8191, -39.6457, 211.1402, -8.6339, -87.1313, 30.2186, 0.996336, -0.060851, 0.060093, 0.039645, 0.048403, 0.980520, 0.190364, -0.011191, -0.070506, -0.186758, 0.979873, 0.259814, 0.000000, 0.000000, 0.000000, 1.000000, -0.070531, -0.187225, 0.979782, 0.281819, -0.996336, 0.060851, -0.060094, -0.039646, -0.048369, -0.980430, -0.190831, 0.211140, 0.000000, 0.000000, 0.000000, 1.000000, -0.997314, 0.070948, -0.018201, -0.008634, -0.020871, -0.037080, 0.999094, -0.087131, 0.070209, 0.996791, 0.038461, 0.030219, 0.000000, 0.000000, 0.000000, 1.000000
-14.9421, 39.6394, -11.1868, 259.7803, 281.7855, -39.6398, 211.1365, -8.6324, -87.1460, 30.2110, 0.996339, -0.060814, 0.060087, 0.039639, 0.048381, 0.980557, 0.190177, -0.011187, -0.070484, -0.186574, 0.979909, 0.259780, 0.000000, 0.000000, 0.000000, 1.000000, -0.070508, -0.187041, 0.979818, 0.281786, -0.996339, 0.060814, -0.060088, -0.039640, -0.048348, -0.980468, -0.190644, 0.211136, 0.000000, 0.000000, 0.000000, 1.000000, -0.997314, 0.070953, -0.018195, -0.008632, -0.020866, -0.037079, 0.999094, -0.087146, 0.070214, 0.996790, 0.038460, 0.030211, 0.000000, 0.000000, 0.000000, 1.000000
-14.9382, 39.6373, -11.1854, 259.7685, 281.7737, -39.6377, 211.1351, -8.6318, -87.1512, 30.2084, 0.996340, -0.060801, 0.060084, 0.039637, 0.048374, 0.980570, 0.190112, -0.011185, -0.070476, -0.186509, 0.979922, 0.259768, 0.000000, 0.000000, 0.000000, 1.000000, -0.070500, -0.186976, 0.979831, 0.281774, -0.996340, 0.060801, -0.060086, -0.039638, -0.048340, -0.980481, -0.190578, 0.211135, 0.000000, 0.000000, 0.000000, 1.000000, -0.997314, 0.070954, -0.018193, -0.008632, -0.020864, -0.037079, 0.999095, -0.087151, 0.070215, 0.996790, 0.038460, 0.030208, 0.000000, 0.000000, 0.000000, 1.000000
-14.9259, 39.6296, -11.1744, 259.7342, 281.7395, -39.6300, 211.1243, -8.6296, -87.1667, 30.2006, 0.996343, -0.060753, 0.060078, 0.039630, 0.048342, 0.980609, 0.189921, -0.011174, -0.070451, -0.186322, 0.979960, 0.259734, 0.000000, 0.000000, 0.000000, 1.000000, -0.070476, -0.186788, 0.979869, 0.281739, -0.996343, 0.060753, -0.060080, -0.039630, -0.048308, -0.980520, -0.190387, 0.211124, 0.000000, 0.000000, 0.000000, 1.000000, -0.997313, 0.070959, -0.018187, -0.008630, -0.020858, -0.037079, 0.999095, -0.087167, 0.070220, 0.996790, 0.038459, 0.030201, 0.000000, 0.000000, 0.000000, 1.000000
-14.9217, 39.6267, -11.1698, 259.7227, 281.7279, -39.6272, 211.1197, -8.6288, -87.1719, 30.1980, 0.996344, -0.060736, 0.060076, 0.039627, 0.048330, 0.980622, 0.189856, -0.011170, -0.070443, -0.186258, 0.979972, 0.259723, 0.000000, 0.000000, 0.000000, 1.000000, -0.070468, -0.186725, 0.979882, 0.281728, -0.996344, 0.060736, -0.060078, -0.039627, -0.048296, -0.980533, -0.190322, 0.211120, 0.000000, 0.000000, 0.000000, 1.000000, -0.997313, 0.070961, -0.018185, -0.008629, -0.020855, -0.037078, 0.999095, -0.087172, 0.070222, 0.996790, 0.038459, 0.030198, 0.000000, 0.000000, 0.000000, 1.000000
-14.9173, 39.6239, -11.1653, 259.7108, 281.7160, -39.6243, 211.1152, -8.6279, -87.1773, 30.1953, 0.996346, -0.060718, 0.060074, 0.039624, 0.048318, 0.980635, 0.189790, -0.011165, -0.070434, -0.186193, 0.979985, 0.259711, 0.000000, 0.000000, 0.000000, 1.000000, -0.070459, -0.186660, 0.979895, 0.281716, -0.996345, 0.060718, -0.060076, -0.039624, -0.048284, -0.980546, -0.190256, 0.211115, 0.000000, 0.000000, 0.000000, 1.000000, -0.997313, 0.070962, -0.018182, -0.008628, -0.020853, -0.037078, 0.999095, -0.087177, 0.070224, 0.996790, 0.038458, 0.030195, 0.000000, 0.000000, 0.000000, 1.000000
-14.9084, 39.6181, -11.1568, 259.6861, 281.6913, -39.6186, 211.1067, -8.6263, -87.1884, 30.1897, 0.996348, -0.060683, 0.060070, 0.039618, 0.048293, 0.980663, 0.189652, -0.011157, -0.070417, -0.186058, 0.980012, 0.259686, 0.000000, 0.000000, 0.000000, 1.000000, -0.070441, -0.186524, 0.979922, 0.281691, -0.996348, 0.060683, -0.060071, -0.039619, -0.048260, -0.980574, -0.190118, 0.211107, 0.000000, 0.000000, 0.000000, 1.000000, -0.997313, 0.070966, -0.018178, -0.008626, -0.020849, -0.037078, 0.999095, -0.087188, 0.070228, 0.996789, 0.038458, 0.030190, 0.000000, 0.000000, 0.000000, 1.000000
-14.9038, 39.6153, -11.1527, 259.6733, 281.6785, -39.6157, 211.1027, -8.6255, -87.1942, 30.1868, 0.996349, -0.060665, 0.060067, 0.039615, 0.048282, 0.980677, 0.189580, -0.011153, -0.070408, -0.185988, 0.980026, 0.259673, 0.000000, 0.000000, 0.000000, 1.000000, -0.070432, -0.186454, 0.979936, 0.281679, -0.996349, 0.060665, -0.060069, -0.039616, -0.048248, -0.980589, -0.190046, 0.211103, 0.000000, 0.000000, 0.000000, 1.000000, -0.997313, 0.070968, -0.018175, -0.008625, -0.020846, -0.037077, 0.999095, -0.087194, 0.070230, 0.996789, 0.038457, 0.030187, 0.000000, 0.000000, 0.000000, 1.000000
-14.8898, 39.6065, -11.1415, 259.6333, 281.6386, -39.6069, 211.0915, -8.6230, -87.2121, 30.1778, 0.996353, -0.060611, 0.060060, 0.039607, 0.048246, 0.980722, 0.189357, -0.011141, -0.070379, -0.185769, 0.980070, 0.259633, 0.000000, 0.000000, 0.000000, 1.000000, -0.070404, -0.186235, 0.979979, 0.281639, -0.996353, 0.060612, -0.060062, -0.039607, -0.048213, -0.980634, -0.189823, 0.211091, 0.000000, 0.000000, 0.000000, 1.000000, -0.997313, 0.070974, -0.018168, -0.008623, -0.020839, -0.037077, 0.999095, -0.087212, 0.070236, 0.996789, 0.038456, 0.030178, 0.000000, 0.000000, 0.000000, 1.000000
-14.8850, 39.6036, -11.1380, 259.6196, 281.6248, -39.6040, 211.0880, -8.6222, -87.2182, 30.1747, 0.996354, -0.060594, 0.060057, 0.039604, 0.048235, 0.980738, 0.189280, -0.011138, -0.070370, -0.185694, 0.980085, 0.259620, 0.000000, 0.000000, 0.000000, 1.000000, -0.070394, -0.186160, 0.979995, 0.281625, -0.996354, 0.060594, -0.060059, -0.039604, -0.048201, -0.980649, -0.189746, 0.211088, 0.000000, 0.000000, 0.000000, 1.000000, -0.997313, 0.070975, -0.018166, -0.008622, -0.020837, -0.037077, 0.999095, -0.087218, 0.070238, 0.996789, 0.038456, 0.030175, 0.000000, 0.000000, 0.000000, 1.000000
-14.8704, 39.5949, -11.1286, 259.5771, 281.5823, -39.5953, 211.0787, -8.6198, -87.2371, 30.1651, 0.996358, -0.060540, 0.060049, 0.039595, 0.048201, 0.980785, 0.189044, -0.011129, -0.070340, -0.185461, 0.980131, 0.259577, 0.000000, 0.000000, 0.000000, 1.000000, -0.070365, -0.185927, 0.980041, 0.281582, -0.996358, 0.060541, -0.060051, -0.039595, -0.048167, -0.980697, -0.189510, 0.211079, 0.000000, 0.000000, 0.000000, 1.000000, -0.997312, 0.070981, -0.018158, -0.008620, -0.020829, -0.037076, 0.999095, -0.087237, 0.070244, 0.996788, 0.038455, 0.030165, 0.000000, 0.000000, 0.000000, 1.000000
-14.8655, 39.5920, -11.1258, 259.5627, 281.5679, -39.5925, 211.0759, -8.6190, -87.2435, 30.1619, 0.996359, -0.060523, 0.060046, 0.039592, 0.048189, 0.980801, 0.188964, -0.011126, -0.070330, -0.185382, 0.980146, 0.259563, 0.000000, 0.000000, 0.000000, 1.000000, -0.070355, -0.185848, 0.980056, 0.281568, -0.996359, 0.060523, -0.060048, -0.039592, -0.048156, -0.980713, -0.189429, 0.211076, 0.000000, 0.000000, 0.000000, 1.000000, -0.997312, 0.070983, -0.018156, -0.008619, -0.020827, -0.037076, 0.999095, -0.087244, 0.070246, 0.996788, 0.038455, 0.030162, 0.000000, 0.000000, 0.000000, 1.000000
-14.8508, 39.5808, -11.1023, 259.5260, 281.5312, -39.5812, 211.0523, -8.6155, -87.2606, 30.1534, 0.996364, -0.060454, 0.060040, 0.039581, 0.048138, 0.980843, 0.188758, -0.011102, -0.070301, -0.185181, 0.980187, 0.259526, 0.000000, 0.000000, 0.000000, 1.000000, -0.070325, -0.185647, 0.980097, 0.281531, -0.996364, 0.060455, -0.060041, -0.039581, -0.048105, -0.980755, -0.189224, 0.211052, 0.000000, 0.000000, 0.000000, 1.000000, -0.997312, 0.070989, -0.018148, -0.008616, -0.020819, -0.037075, 0.999096, -0.087261, 0.070252, 0.996788, 0.038453, 0.030153, 0.000000, 0.000000, 0.000000, 1.000000
-14.8459, 39.5770, -11.0942, 259.5139, 281.5191, -39.5774, 211.0442, -8.6143, -87.2662, 30.1507, 0.996365, -0.060431, 0.060038, 0.039577, 0.048121, 0.980857, 0.188690, -0.011094, -0.070291, -0.185115, 0.980200, 0.259514, 0.000000, 0.000000, 0.000000, 1.000000, -0.070316, -0.185581, 0.980110, 0.281519, -0.996365, 0.060432, -0.060039, -0.039577, -0.048088, -0.980769, -0.189156, 0.211044, 0.000000, 0.000000, 0.000000, 1.000000, -0.997312, 0.070991, -0.018145, -0.008614, -0.020817, -0.037075, 0.999096, -0.087266, 0.070254, 0.996788, 0.038453, 0.030151, 0.000000, 0.000000, 0.000000, 1.000000
-14.8361, 39.5697, -11.0795, 259.4893, 281.4944, -39.5701, 211.0294, -8.6121, -87.2776, 30.1450, 0.996368, -0.060387, 0.060033, 0.039570, 0.048088, 0.980885, 0.188551, -0.011080, -0.070272, -0.184979, 0.980227, 0.259489, 0.000000, 0.000000, 0.000000, 1.000000, -0.070296, -0.185447, 0.980137, 0.281494, -0.996368, 0.060387, -0.060035, -0.039570, -0.048055, -0.980797, -0.189018, 0.211029, 0.000000, 0.000000, 0.000000, 1.000000, -0.997312, 0.070995, -0.018140, -0.008612, -0.020812, -0.037074, 0.999096, -0.087278, 0.070258, 0.996787, 0.038452, 0.030145, 0.000000, 0.000000, 0.000000, 1.000000
-14.8313, 39.5662, -11.0729, 259.4767, 281.4819, -39.5666, 211.0227, -8.6110, -87.2834, 30.1421, 0.996370, -0.060366, 0.060031, 0.039566, 0.048072, 0.980900, 0.188480, -0.011073, -0.070262, -0.184910, 0.980240, 0.259477, 0.000000, 0.000000, 0.000000, 1.000000, -0.070287, -0.185378, 0.980150, 0.281482, -0.996369, 0.060366, -0.060033, -0.039567, -0.048039, -0.980811, -0.188948, 0.211023, 0.000000, 0.000000, 0.000000, 1.000000, -0.997312, 0.070997, -0.018137, -0.008611, -0.020809, -0.037074, 0.999096, -0.087283, 0.070260, 0.996787, 0.038451, 0.030142, 0.000000, 0.000000, 0.000000, 1.000000
-14.8216, 39.5594, -11.0612, 259.4511, 281.4562, -39.5598, 211.0108, -8.6090, -87.2951, 30.1363, 0.996372, -0.060324, 0.060026, 0.039559, 0.048043, 0.980929, 0.188337, -0.011061, -0.070243, -0.184770, 0.980268, 0.259451, 0.000000, 0.000000, 0.000000, 1.000000, -0.070267, -0.185238, 0.980178, 0.281456, -0.996372, 0.060325, -0.060028, -0.039560, -0.048010, -0.980840, -0.188805, 0.211011, 0.000000, 0.000000, 0.000000, 1.000000, -0.997311, 0.071001, -0.018132, -0.008609, -0.020804, -0.037073, 0.999096, -0.087295, 0.070264, 0.996787, 0.038450, 0.030136, 0.000000, 0.000000, 0.000000, 1.000000
-14.8168, 39.5562, -11.0560, 259.4380, 281.4432, -39.5566, 211.0056, -8.6081, -87.3010, 30.1333, 0.996374, -0.060305, 0.060024, 0.039556, 0.048029, 0.980943, 0.188264, -0.011056, -0.070233, -0.184698, 0.980283, 0.259438, 0.000000, 0.000000, 0.000000, 1.000000, -0.070258, -0.185166, 0.980192, 0.281443, -0.996374, 0.060305, -0.060025, -0.039557, -0.047996, -0.980855, -0.188732, 0.211006, 0.000000, 0.000000, 0.000000, 1.000000, -0.997311, 0.071003, -0.018130, -0.008608, -0.020802, -0.037073, 0.999096, -0.087301, 0.070266, 0.996787, 0.038450, 0.030133, 0.000000, 0.000000, 0.000000, 1.000000
-14.8121, 39.5530, -11.0514, 259.4248, 281.4300, -39.5534, 211.0009, -8.6071, -87.3070, 30.1303, 0.996375, -0.060285, 0.060021, 0.039553, 0.048016, 0.980958, 0.188190, -0.011051, -0.070223, -0.184626, 0.980297, 0.259425, 0.000000, 0.000000, 0.000000, 1.000000, -0.070248, -0.185094, 0.980207, 0.281430, -0.996375, 0.060286, -0.060023, -0.039553, -0.047983, -0.980870, -0.188658, 0.211001, 0.000000, 0.000000, 0.000000, 1.000000, -0.997311, 0.071005, -0.018127, -0.008607, -0.020799, -0.037073, 0.999096, -0.087307, 0.070268, 0.996787, 0.038450, 0.030130, 0.000000, 0.000000, 0.000000, 1.000000
-14.8026, 39.5469, -11.0434, 259.3981, 281.4033, -39.5473, 210.9928, -8.6054, -87.3190, 30.1243, 0.996378, -0.060249, 0.060016, 0.039547, 0.047991, 0.980988, 0.188041, -0.011043, -0.070204, -0.184479, 0.980326, 0.259398, 0.000000, 0.000000, 0.000000, 1.000000, -0.070229, -0.184948, 0.980236, 0.281403, -0.996377, 0.060249, -0.060018, -0.039547, -0.047958, -0.980900, -0.188509, 0.210993, 0.000000, 0.000000, 0.000000, 1.000000, -0.997311, 0.071008, -0.018122, -0.008605, -0.020794, -0.037072, 0.999096, -0.087319, 0.070272, 0.996787, 0.038449, 0.030124, 0.000000, 0.000000, 0.000000, 1.000000
-14.7886, 39.5385, -11.0347, 259.3572, 281.3624, -39.5389, 210.9840, -8.6031, -87.3372, 30.1150, 0.996381, -0.060197, 0.060008, 0.039538, 0.047959, 0.981033, 0.187813, -0.011035, -0.070176, -0.184255, 0.980370, 0.259357, 0.000000, 0.000000, 0.000000, 1.000000, -0.070200, -0.184725, 0.980280, 0.281362, -0.996381, 0.060197, -0.060010, -0.039539, -0.047925, -0.980945, -0.188282, 0.210984, 0.000000, 0.000000, 0.000000, 1.000000, -0.997311, 0.071014, -0.018115, -0.008603, -0.020787, -0.037072, 0.999096, -0.087337, 0.070278, 0.996786, 0.038448, 0.030115, 0.000000, 0.000000, 0.000000, 1.000000
-14.7795, 39.5333, -11.0309, 259.3296, 281.3348, -39.5337, 210.9802, -8.6017, -87.3493, 30.1088, 0.996383, -0.060165, 0.060003, 0.039533, 0.047939, 0.981064, 0.187659, -0.011031, -0.070157, -0.184104, 0.980400, 0.259330, 0.000000, 0.000000, 0.000000, 1.000000, -0.070181, -0.184574, 0.980310, 0.281335, -0.996383, 0.060166, -0.060004, -0.039534, -0.047906, -0.980975, -0.188129, 0.210980, 0.000000, 0.000000, 0.000000, 1.000000, -0.997311, 0.071018, -0.018111, -0.008602, -0.020783, -0.037071, 0.999096, -0.087349, 0.070282, 0.996786, 0.038448, 0.030109, 0.000000, 0.000000, 0.000000, 1.000000
-14.7705, 39.5284, -11.0287, 259.3019, 281.3071, -39.5288, 210.9778, -8.6005, -87.3615, 30.1025, 0.996386, -0.060136, 0.059997, 0.039528, 0.047922, 0.981094, 0.187505, -0.011029, -0.070138, -0.183952, 0.980430, 0.259302, 0.000000, 0.000000, 0.000000, 1.000000, -0.070163, -0.184422, 0.980340, 0.281307, -0.996385, 0.060136, -0.059998, -0.039529, -0.047889, -0.981006, -0.187975, 0.210978, 0.000000, 0.000000, 0.000000, 1.000000, -0.997310, 0.071021, -0.018106, -0.008600, -0.020778, -0.037071, 0.999097, -0.087361, 0.070286, 0.996786, 0.038447, 0.030103, 0.000000, 0.000000, 0.000000, 1.000000
-14.7661, 39.5261, -11.0281, 259.2879, 281.2931, -39.5265, 210.9772, -8.5999, -87.3676, 30.0994, 0.996387, -0.060121, 0.059994, 0.039526, 0.047914, 0.981109, 0.187428, -0.011028, -0.070129, -0.183876, 0.980445, 0.259288, 0.000000, 0.000000, 0.000000, 1.000000, -0.070154, -0.184346, 0.980354, 0.281293, -0.996386, 0.060122, -0.059995, -0.039526, -0.047881, -0.981021, -0.187898, 0.210977, 0.000000, 0.000000, 0.000000, 1.000000, -0.997310, 0.071023, -0.018104, -0.008600, -0.020776, -0.037071, 0.999097, -0.087368, 0.070288, 0.996786, 0.038447, 0.030099, 0.000000, 0.000000, 0.000000, 1.000000
-14.7573, 39.5216, -11.0278, 259.2600, 281.2652, -39.5220, 210.9768, -8.5988, -87.3797, 30.0931, 0.996389, -0.060094, 0.059988, 0.039522, 0.047900, 0.981139, 0.187273, -0.011028, -0.070111, -0.183723, 0.980475, 0.259260, 0.000000, 0.000000, 0.000000, 1.000000, -0.070135, -0.184194, 0.980384, 0.281265, -0.996388, 0.060095, -0.059990, -0.039522, -0.047866, -0.981051, -0.187743, 0.210977, 0.000000, 0.000000, 0.000000, 1.000000, -0.997310, 0.071027, -0.018099, -0.008599, -0.020772, -0.037071, 0.999097, -0.087380, 0.070292, 0.996785, 0.038446, 0.030093, 0.000000, 0.000000, 0.000000, 1.000000
-14.7487, 39.5175, -11.0286, 259.2319, 281.2371, -39.5179, 210.9776, -8.5979, -87.3918, 30.0868, 0.996390, -0.060069, 0.059982, 0.039517, 0.047887, 0.981170, 0.187118, -0.011029, -0.070093, -0.183570, 0.980505, 0.259232, 0.000000, 0.000000, 0.000000, 1.000000, -0.070117, -0.184041, 0.980415, 0.281237, -0.996390, 0.060069, -0.059984, -0.039518, -0.047853, -0.981081, -0.187588, 0.210978, 0.000000, 0.000000, 0.000000, 1.000000, -0.997310, 0.071030, -0.018095, -0.008598, -0.020768, -0.037071, 0.999097, -0.087392, 0.070295, 0.996785, 0.038446, 0.030087, 0.000000, 0.000000, 0.000000, 1.000000
-14.7445, 39.5155, -11.0294, 259.2179, 281.2231, -39.5159, 210.9784, -8.5974, -87.3978, 30.0837, 0.996391, -0.060057, 0.059979, 0.039515, 0.047881, 0.981185, 0.187040, -0.011029, -0.070084, -0.183493, 0.980520, 0.259218, 0.000000, 0.000000, 0.000000, 1.000000, -0.070108, -0.183964, 0.980429, 0.281223, -0.996391, 0.060057, -0.059981, -0.039516, -0.047847, -0.981096, -0.187511, 0.210978, 0.000000, 0.000000, 0.000000, 1.000000, -0.997310, 0.071032, -0.018093, -0.008597, -0.020766, -0.037071, 0.999097, -0.087398, 0.070297, 0.996785, 0.038446, 0.030084, 0.000000, 0.000000, 0.000000, 1.000000
-14.7361, 39.5117, -11.0316, 259.1899, 281.1952, -39.5121, 210.9806, -8.5966, -87.4099, 30.0774, 0.996393, -0.060033, 0.059973, 0.039512, 0.047870, 0.981215, 0.186885, -0.011032, -0.070066, -0.183340, 0.980549, 0.259190, 0.000000, 0.000000, 0.000000, 1.000000, -0.070090, -0.183811, 0.980459, 0.281195, -0.996393, 0.060034, -0.059975, -0.039512, -0.047836, -0.981127, -0.187356, 0.210981, 0.000000, 0.000000, 0.000000, 1.000000, -0.997310, 0.071036, -0.018089, -0.008597, -0.020762, -0.037071, 0.999097, -0.087410, 0.070301, 0.996785, 0.038446, 0.030077, 0.000000, 0.000000, 0.000000, 1.000000
-14.7319, 39.5098, -11.0331, 259.1760, 281.1812, -39.5102, 210.9820, -8.5962, -87.4159, 30.0743, 0.996394, -0.060022, 0.059970, 0.039510, 0.047865, 0.981230, 0.186808, -0.011033, -0.070057, -0.183264, 0.980564, 0.259176, 0.000000, 0.000000, 0.000000, 1.000000, -0.070082, -0.183735, 0.980474, 0.281181, -0.996394, 0.060022, -0.059972, -0.039510, -0.047831, -0.981142, -0.187279, 0.210982, 0.000000, 0.000000, 0.000000, 1.000000, -0.997310, 0.071037, -0.018087, -0.008596, -0.020760, -0.037071, 0.999097, -0.087416, 0.070303, 0.996785, 0.038446, 0.030074, 0.000000, 0.000000, 0.000000, 1.000000
-14.7196, 39.5046, -11.0383, 259.1342, 281.1394, -39.5050, 210.9871, -8.5951, -87.4337, 30.0649, 0.996396, -0.059990, 0.059961, 0.039505, 0.047852, 0.981274, 0.186577, -0.011038, -0.070031, -0.183036, 0.980609, 0.259134, 0.000000, 0.000000, 0.000000, 1.000000, -0.070056, -0.183507, 0.980519, 0.281139, -0.996396, 0.059990, -0.059963, -0.039505, -0.047818, -0.981186, -0.187049, 0.210987, 0.000000, 0.000000, 0.000000, 1.000000, -0.997309, 0.071042, -0.018081, -0.008595, -0.020754, -0.037071, 0.999097, -0.087434, 0.070308, 0.996784, 0.038445, 0.030065, 0.000000, 0.000000, 0.000000, 1.000000
-14.7116, 39.5013, -11.0424, 259.1067, 281.1119, -39.5017, 210.9912, -8.5945, -87.4454, 30.0587, 0.996398, -0.059970, 0.059955, 0.039501, 0.047844, 0.981304, 0.186425, -0.011042, -0.070014, -0.182885, 0.980638, 0.259107, 0.000000, 0.000000, 0.000000, 1.000000, -0.070039, -0.183357, 0.980548, 0.281112, -0.996398, 0.059970, -0.059957, -0.039502, -0.047810, -0.981215, -0.186897, 0.210991, 0.000000, 0.000000, 0.000000, 1.000000, -0.997309, 0.071046, -0.018077, -0.008594, -0.020750, -0.037071, 0.999097, -0.087445, 0.070311, 0.996784, 0.038445, 0.030059, 0.000000, 0.000000, 0.000000, 1.000000
-14.7077, 39.4997, -11.0446, 259.0930, 281.0982, -39.5001, 210.9934, -8.5942, -87.4512, 30.0557, 0.996399, -0.059960, 0.059952, 0.039500, 0.047840, 0.981318, 0.186350, -0.011045, -0.070006, -0.182810, 0.980653, 0.259093, 0.000000, 0.000000, 0.000000, 1.000000, -0.070030, -0.183282, 0.980563, 0.281098, -0.996399, 0.059960, -0.059954, -0.039500, -0.047806, -0.981230, -0.186821, 0.210993, 0.000000, 0.000000, 0.000000, 1.000000, -0.997309, 0.071047, -0.018075, -0.008594, -0.020748, -0.037071, 0.999097, -0.087451, 0.070313, 0.996784, 0.038445, 0.030056, 0.000000, 0.000000, 0.000000, 1.000000
-14.6998, 39.4966, -11.0491, 259.0657, 281.0709, -39.4970, 210.9979, -8.5936, -87.4628, 30.0496, 0.996400, -0.059941, 0.059946, 0.039497, 0.047833, 0.981347, 0.186199, -0.011049, -0.069989, -0.182661, 0.980682, 0.259066, 0.000000, 0.000000, 0.000000, 1.000000, -0.070013, -0.183133, 0.980592, 0.281071, -0.996400, 0.059941, -0.059948, -0.039497, -0.047799, -0.981259, -0.186671, 0.210998, 0.000000, 0.000000, 0.000000, 1.000000, -0.997309, 0.071051, -0.018071, -0.008594, -0.020745, -0.037071, 0.999097, -0.087463, 0.070317, 0.996784, 0.038445, 0.030050, 0.000000, 0.000000, 0.000000, 1.000000
-14.6959, 39.4951, -11.0514, 259.0521, 281.0573, -39.4955, 211.0002, -8.5933, -87.4686, 30.0465, 0.996401, -0.059931, 0.059943, 0.039495, 0.047829, 0.981361, 0.186124, -0.011051, -0.069980, -0.182587, 0.980696, 0.259052, 0.000000, 0.000000, 0.000000, 1.000000, -0.070005, -0.183059, 0.980606, 0.281057, -0.996401, 0.059932, -0.059945, -0.039495, -0.047796, -0.981273, -0.186596, 0.211000, 0.000000, 0.000000, 0.000000, 1.000000, -0.997309, 0.071052, -0.018069, -0.008593, -0.020743, -0.037071, 0.999097, -0.087469, 0.070318, 0.996784, 0.038445, 0.030047, 0.000000, 0.000000, 0.000000, 1.000000
-14.6882, 39.4921, -11.0561, 259.0251, 281.0303, -39.4925, 211.0049, -8.5927, -87.4801, 30.0405, 0.996403, -0.059913, 0.059937, 0.039492, 0.047823, 0.981390, 0.185975, -0.011056, -0.069964, -0.182440, 0.980725, 0.259025, 0.000000, 0.000000, 0.000000, 1.000000, -0.069988, -0.182912, 0.980635, 0.281030, -0.996402, 0.059913, -0.059938, -0.039492, -0.047789, -0.981302, -0.186447, 0.211005, 0.000000, 0.000000, 0.000000, 1.000000, -0.997309, 0.071055, -0.018066, -0.008593, -0.020739, -0.037071, 0.999097, -0.087480, 0.070322, 0.996783, 0.038445, 0.030040, 0.000000, 0.000000, 0.000000, 1.000000
-14.6843, 39.4906, -11.0584, 259.0116, 281.0169, -39.4910, 211.0072, -8.5925, -87.4858, 30.0375, 0.996403, -0.059903, 0.059934, 0.039491, 0.047820, 0.981404, 0.185901, -0.011058, -0.069956, -0.182366, 0.980739, 0.259012, 0.000000, 0.000000, 0.000000, 1.000000, -0.069980, -0.182839, 0.980649, 0.281017, -0.996403, 0.059904, -0.059936, -0.039491, -0.047786, -0.981316, -0.186373, 0.211007, 0.000000, 0.000000, 0.000000, 1.000000, -0.997309, 0.071057, -0.018064, -0.008592, -0.020737, -0.037071, 0.999097, -0.087486, 0.070323, 0.996783, 0.038444, 0.030037, 0.000000, 0.000000, 0.000000, 1.000000
-14.6690, 39.4846, -11.0674, 258.9584, 280.9637, -39.4850, 211.0162, -8.5914, -87.5083, 30.0256, 0.996406, -0.059866, 0.059922, 0.039485, 0.047806, 0.981460, 0.185608, -0.011067, -0.069923, -0.182076, 0.980795, 0.258958, 0.000000, 0.000000, 0.000000, 1.000000, -0.069947, -0.182548, 0.980706, 0.280964, -0.996406, 0.059867, -0.059924, -0.039485, -0.047773, -0.981373, -0.186080, 0.211016, 0.000000, 0.000000, 0.000000, 1.000000, -0.997308, 0.071063, -0.018056, -0.008591, -0.020730, -0.037071, 0.999098, -0.087508, 0.070330, 0.996783, 0.038444, 0.030026, 0.000000, 0.000000, 0.000000, 1.000000
-14.6652, 39.4832, -11.0695, 258.9453, 280.9505, -39.4836, 211.0183, -8.5911, -87.5139, 30.0226, 0.996407, -0.059857, 0.059919, 0.039483, 0.047803, 0.981474, 0.185535, -0.011070, -0.069915, -0.182004, 0.980809, 0.258945, 0.000000, 0.000000, 0.000000, 1.000000, -0.069939, -0.182477, 0.980720, 0.280951, -0.996407, 0.059857, -0.059921, -0.039484, -0.047769, -0.981386, -0.186007, 0.211018, 0.000000, 0.000000, 0.000000, 1.000000, -0.997308, 0.071065, -0.018054, -0.008591, -0.020728, -0.037071, 0.999098, -0.087514, 0.070332, 0.996783, 0.038444, 0.030023, 0.000000, 0.000000, 0.000000, 1.000000
-14.6614, 39.4817, -11.0716, 258.9322, 280.9374, -39.4821, 211.0203, -8.5908, -87.5195, 30.0197, 0.996408, -0.059848, 0.059916, 0.039482, 0.047799, 0.981488, 0.185463, -0.011072, -0.069907, -0.181933, 0.980823, 0.258932, 0.000000, 0.000000, 0.000000, 1.000000, -0.069931, -0.182405, 0.980733, 0.280937, -0.996408, 0.059848, -0.059918, -0.039482, -0.047766, -0.981400, -0.185935, 0.211020, 0.000000, 0.000000, 0.000000, 1.000000, -0.997308, 0.071066, -0.018053, -0.008591, -0.020727, -0.037071, 0.999098, -0.087519, 0.070333, 0.996782, 0.038444, 0.030020, 0.000000, 0.000000, 0.000000, 1.000000
-14.6539, 39.4786, -11.0754, 258.9061, 280.9114, -39.4790, 211.0241, -8.5902, -87.5306, 30.0139, 0.996409, -0.059829, 0.059910, 0.039479, 0.047792, 0.981516, 0.185319, -0.011075, -0.069891, -0.181790, 0.980850, 0.258906, 0.000000, 0.000000, 0.000000, 1.000000, -0.069915, -0.182263, 0.980761, 0.280911, -0.996409, 0.059829, -0.059912, -0.039479, -0.047759, -0.981428, -0.185791, 0.211024, 0.000000, 0.000000, 0.000000, 1.000000, -0.997308, 0.071070, -0.018049, -0.008590, -0.020723, -0.037071, 0.999098, -0.087531, 0.070336, 0.996782, 0.038444, 0.030014, 0.000000, 0.000000, 0.000000, 1.000000
-14.6501, 39.4771, -11.0771, 258.8931, 280.8983, -39.4775, 211.0259, -8.5899, -87.5361, 30.0110, 0.996410, -0.059820, 0.059908, 0.039477, 0.047788, 0.981529, 0.185247, -0.011077, -0.069882, -0.181719, 0.980864, 0.258893, 0.000000, 0.000000, 0.000000, 1.000000, -0.069907, -0.182192, 0.980775, 0.280898, -0.996410, 0.059820, -0.059909, -0.039478, -0.047755, -0.981442, -0.185720, 0.211026, 0.000000, 0.000000, 0.000000, 1.000000, -0.997308, 0.071071, -0.018047, -0.008590, -0.020721, -0.037071, 0.999098, -0.087536, 0.070338, 0.996782, 0.038444, 0.030011, 0.000000, 0.000000, 0.000000, 1.000000
-14.6424, 39.4740, -11.0802, 258.8672, 280.8725, -39.4744, 211.0290, -8.5893, -87.5471, 30.0051, 0.996411, -0.059800, 0.059902, 0.039474, 0.047781, 0.981557, 0.185104, -0.011080, -0.069866, -0.181578, 0.980891, 0.258867, 0.000000, 0.000000, 0.000000, 1.000000, -0.069891, -0.182051, 0.980802, 0.280872, -0.996411, 0.059800, -0.059903, -0.039474, -0.047747, -0.981469, -0.185577, 0.211029, 0.000000, 0.000000, 0.000000, 1.000000, -0.997308, 0.071074, -0.018043, -0.008589, -0.020718, -0.037071, 0.999098, -0.087547, 0.070341, 0.996782, 0.038444, 0.030005, 0.000000, 0.000000, 0.000000, 1.000000
-14.6386, 39.4724, -11.0816, 258.8543, 280.8596, -39.4728, 211.0304, -8.5890, -87.5526, 30.0023, 0.996412, -0.059790, 0.059899, 0.039472, 0.047776, 0.981570, 0.185033, -0.011082, -0.069858, -0.181508, 0.980905, 0.258854, 0.000000, 0.000000, 0.000000, 1.000000, -0.069883, -0.181980, 0.980816, 0.280860, -0.996412, 0.059790, -0.059901, -0.039473, -0.047743, -0.981483, -0.185506, 0.211030, 0.000000, 0.000000, 0.000000, 1.000000, -0.997308, 0.071076, -0.018041, -0.008589, -0.020716, -0.037071, 0.999098, -0.087553, 0.070343, 0.996782, 0.038443, 0.030002, 0.000000, 0.000000, 0.000000, 1.000000
-14.6310, 39.4691, -11.0840, 258.8287, 280.8339, -39.4695, 211.0328, -8.5883, -87.5636, 29.9965, 0.996414, -0.059770, 0.059893, 0.039469, 0.047767, 0.981597, 0.184892, -0.011084, -0.069842, -0.181368, 0.980932, 0.258829, 0.000000, 0.000000, 0.000000, 1.000000, -0.069867, -0.181840, 0.980843, 0.280834, -0.996414, 0.059770, -0.059895, -0.039470, -0.047734, -0.981510, -0.185364, 0.211033, 0.000000, 0.000000, 0.000000, 1.000000, -0.997308, 0.071079, -0.018038, -0.008588, -0.020712, -0.037071, 0.999098, -0.087564, 0.070346, 0.996782, 0.038443, 0.029996, 0.000000, 0.000000, 0.000000, 1.000000
-14.6233, 39.4658, -11.0859, 258.8032, 280.8085, -39.4662, 211.0347, -8.5876, -87.5745, 29.9908, 0.996415, -0.059749, 0.059888, 0.039466, 0.047758, 0.981624, 0.184751, -0.011086, -0.069826, -0.181229, 0.980959, 0.258803, 0.000000, 0.000000, 0.000000, 1.000000, -0.069851, -0.181701, 0.980870, 0.280808, -0.996415, 0.059749, -0.059889, -0.039466, -0.047724, -0.981537, -0.185223, 0.211035, 0.000000, 0.000000, 0.000000, 1.000000, -0.997307, 0.071082, -0.018034, -0.008588, -0.020709, -0.037071, 0.999098, -0.087574, 0.070350, 0.996781, 0.038443, 0.029991, 0.000000, 0.000000, 0.000000, 1.000000
-14.6195, 39.4641, -11.0866, 258.7906, 280.7958, -39.4645, 211.0355, -8.5872, -87.5799, 29.9879, 0.996416, -0.059739, 0.059885, 0.039464, 0.047753, 0.981638, 0.184681, -0.011087, -0.069818, -0.181160, 0.980972, 0.258791, 0.000000, 0.000000, 0.000000, 1.000000, -0.069843, -0.181632, 0.980883, 0.280796, -0.996416, 0.059739, -0.059887, -0.039464, -0.047719, -0.981550, -0.185153, 0.211035, 0.000000, 0.000000, 0.000000, 1.000000, -0.997307, 0.071084, -0.018032, -0.008587, -0.020707, -0.037071, 0.999098, -0.087580, 0.070351, 0.996781, 0.038443, 0.029988, 0.000000, 0.000000, 0.000000, 1.000000
-14.6118, 39.4606, -11.0876, 258.7655, 280.7707, -39.4610, 211.0365, -8.5864, -87.5907, 29.9823, 0.996418, -0.059717, 0.059880, 0.039461, 0.047743, 0.981664, 0.184542, -0.011088, -0.069802, -0.181022, 0.980999, 0.258765, 0.000000, 0.000000, 0.000000, 1.000000, -0.069826, -0.181495, 0.980910, 0.280771, -0.996418, 0.059717, -0.059881, -0.039461, -0.047709, -0.981577, -0.185014, 0.211037, 0.000000, 0.000000, 0.000000, 1.000000, -0.997307, 0.071087, -0.018028, -0.008586, -0.020703, -0.037071, 0.999098, -0.087591, 0.070355, 0.996781, 0.038443, 0.029982, 0.000000, 0.000000, 0.000000, 1.000000
-14.6042, 39.4571, -11.0881, 258.7406, 280.7458, -39.4575, 211.0371, -8.5856, -87.6014, 29.9767, 0.996419, -0.059695, 0.059874, 0.039457, 0.047732, 0.981691, 0.184405, -0.011088, -0.069786, -0.180886, 0.981025, 0.258741, 0.000000, 0.000000, 0.000000, 1.000000, -0.069810, -0.181359, 0.980936, 0.280746, -0.996419, 0.059695, -0.059876, -0.039457, -0.047698, -0.981604, -0.184877, 0.211037, 0.000000, 0.000000, 0.000000, 1.000000, -0.997307, 0.071090, -0.018025, -0.008586, -0.020699, -0.037071, 0.999098, -0.087601, 0.070358, 0.996781, 0.038442, 0.029977, 0.000000, 0.000000, 0.000000, 1.000000
-14.6003, 39.4553, -11.0882, 258.7283, 280.7335, -39.4557, 211.0371, -8.5852, -87.6067, 29.9739, 0.996420, -0.059684, 0.059872, 0.039455, 0.047726, 0.981704, 0.184337, -0.011088, -0.069778, -0.180819, 0.981038, 0.258728, 0.000000, 0.000000, 0.000000, 1.000000, -0.069803, -0.181291, 0.980949, 0.280734, -0.996420, 0.059684, -0.059873, -0.039456, -0.047692, -0.981617, -0.184809, 0.211037, 0.000000, 0.000000, 0.000000, 1.000000, -0.997307, 0.071092, -0.018023, -0.008585, -0.020698, -0.037071, 0.999098, -0.087607, 0.070360, 0.996781, 0.038442, 0.029974, 0.000000, 0.000000, 0.000000, 1.000000
-14.5927, 39.4516, -11.0878, 258.7038, 280.7091, -39.4520, 211.0368, -8.5843, -87.6173, 29.9684, 0.996422, -0.059661, 0.059866, 0.039452, 0.047714, 0.981730, 0.184201, -0.011088, -0.069762, -0.180686, 0.981064, 0.258704, 0.000000, 0.000000, 0.000000, 1.000000, -0.069787, -0.181158, 0.980975, 0.280709, -0.996422, 0.059661, -0.059868, -0.039452, -0.047681, -0.981643, -0.184673, 0.211037, 0.000000, 0.000000, 0.000000, 1.000000, -0.997307, 0.071095, -0.018019, -0.008584, -0.020694, -0.037070, 0.999098, -0.087617, 0.070363, 0.996780, 0.038442, 0.029968, 0.000000, 0.000000, 0.000000, 1.000000
-14.5850, 39.4478, -11.0869, 258.6795, 280.6847, -39.4482, 211.0360, -8.5834, -87.6279, 29.9629, 0.996424, -0.059637, 0.059861, 0.039448, 0.047701, 0.981756, 0.184067, -0.011087, -0.069746, -0.180553, 0.981089, 0.258679, 0.000000, 0.000000, 0.000000, 1.000000, -0.069771, -0.181025, 0.981001, 0.280685, -0.996424, 0.059638, -0.059863, -0.039448, -0.047668, -0.981669, -0.184538, 0.211036, 0.000000, 0.000000, 0.000000, 1.000000, -0.997307, 0.071098, -0.018015, -0.008583, -0.020690, -0.037070, 0.999098, -0.087628, 0.070366, 0.996780, 0.038441, 0.029963, 0.000000, 0.000000, 0.000000, 1.000000
-14.5812, 39.4458, -11.0863, 258.6674, 280.6726, -39.4463, 211.0354, -8.5829, -87.6331, 29.9601, 0.996424, -0.059625, 0.059858, 0.039446, 0.047695, 0.981768, 0.183999, -0.011086, -0.069738, -0.180487, 0.981102, 0.258667, 0.000000, 0.000000, 0.000000, 1.000000, -0.069763, -0.180958, 0.981013, 0.280673, -0.996424, 0.059626, -0.059860, -0.039446, -0.047661, -0.981682, -0.184471, 0.211035, 0.000000, 0.000000, 0.000000, 1.000000, -0.997307, 0.071100, -0.018013, -0.008583, -0.020688, -0.037070, 0.999098, -0.087633, 0.070368, 0.996780, 0.038441, 0.029960, 0.000000, 0.000000, 0.000000, 1.000000
