# Joint_5_Angle(deg), Cam_X(mm), Cam_Y(mm), Cam_Z(mm), Torso_X(mm), Torso_Y(mm), Torso_Z(mm), EE_X(mm), EE_Y(mm), EE_Z(mm), T_cam2marker_flat(16), T_torso2marker_flat(16), T_ee2marker_flat(16)
-24.9992, -40.2541, 11.1870, 229.0474, 251.0431, 40.2538, 188.7994, 20.0847, -103.5497, 14.1101, 0.912775, 0.404674, 0.055508, -0.040254, -0.404806, 0.914355, -0.009354, 0.011187, -0.054539, -0.013932, 0.998414, 0.229047, 0.000000, 0.000000, 0.000000, 1.000000, -0.054386, -0.014280, 0.998418, 0.251043, -0.912775, -0.404674, -0.055509, 0.040254, 0.404827, -0.914349, 0.008974, 0.188799, 0.000000, 0.000000, 0.000000, 1.000000, -0.997155, 0.075092, 0.006522, 0.020085, 0.004972, -0.020808, 0.999771, -0.103550, 0.075210, 0.996960, 0.020375, 0.014110, 0.000000, 0.000000, 0.000000, 1.000000
-24.9998, -40.2545, 11.1788, 229.0445, 251.0403, 40.2541, 188.8078, 20.0843, -103.5507, 14.1093, 0.912774, 0.404675, 0.055509, -0.040254, -0.404806, 0.914355, -0.009373, 0.011179, -0.054548, -0.013915, 0.998414, 0.229044, 0.000000, 0.000000, 0.000000, 1.000000, -0.054396, -0.014263, 0.998418, 0.251040, -0.912774, -0.404675, -0.055511, 0.040254, 0.404827, -0.914349, 0.008994, 0.188808, 0.000000, 0.000000, 0.000000, 1.000000, -0.997155, 0.075092, 0.006522, 0.020084, 0.004972, -0.020808, 0.999771, -0.103551, 0.075210, 0.996960, 0.020375, 0.014109, 0.000000, 0.000000, 0.000000, 1.000000
-25.0004, -40.2569, 11.1864, 229.0474, 251.0432, 40.2566, 188.8001, 20.0857, -103.5498, 14.1096, 0.912768, 0.404690, 0.055509, -0.040257, -0.404822, 0.914348, -0.009355, 0.011186, -0.054541, -0.013932, 0.998414, 0.229047, 0.000000, 0.000000, 0.000000, 1.000000, -0.054388, -0.014280, 0.998418, 0.251043, -0.912767, -0.404690, -0.055511, 0.040257, 0.404843, -0.914342, 0.008976, 0.188800, 0.000000, 0.000000, 0.000000, 1.000000, -0.997155, 0.075091, 0.006522, 0.020086, 0.004973, -0.020807, 0.999771, -0.103550, 0.075210, 0.996960, 0.020375, 0.014110, 0.000000, 0.000000, 0.000000, 1.000000
-25.0005, -40.2585, 11.1944, 229.0504, 251.0462, 40.2582, 188.7921, 20.0868, -103.5489, 14.1101, 0.912763, 0.404700, 0.055509, -0.040259, -0.404833, 0.914343, -0.009337, 0.011194, -0.054533, -0.013949, 0.998415, 0.229050, 0.000000, 0.000000, 0.000000, 1.000000, -0.054380, -0.014297, 0.998418, 0.251046, -0.912763, -0.404700, -0.055510, 0.040258, 0.404853, -0.914338, 0.008958, 0.188792, 0.000000, 0.000000, 0.000000, 1.000000, -0.997155, 0.075091, 0.006523, 0.020087, 0.004973, -0.020807, 0.999771, -0.103549, 0.075210, 0.996960, 0.020374, 0.014110, 0.000000, 0.000000, 0.000000, 1.000000
-25.0005, -40.2598, 11.2034, 229.0538, 251.0496, 40.2595, 188.7830, 20.0878, -103.5478, 14.1107, 0.912760, 0.404708, 0.055508, -0.040260, -0.404842, 0.914339, -0.009316, 0.011203, -0.054524, -0.013969, 0.998415, 0.229054, 0.000000, 0.000000, 0.000000, 1.000000, -0.054371, -0.014317, 0.998418, 0.251050, -0.912760, -0.404708, -0.055510, 0.040259, 0.404863, -0.914334, 0.008937, 0.188783, 0.000000, 0.000000, 0.000000, 1.000000, -0.997155, 0.075091, 0.006523, 0.020088, 0.004973, -0.020806, 0.999771, -0.103548, 0.075210, 0.996960, 0.020374, 0.014111, 0.000000, 0.000000, 0.000000, 1.000000
-24.9999, -40.2592, 11.2087, 229.0557, 251.0515, 40.2589, 188.7776, 20.0880, -103.5472, 14.1112, 0.912761, 0.404706, 0.055507, -0.040259, -0.404840, 0.914340, -0.009304, 0.011209, -0.054518, -0.013979, 0.998415, 0.229056, 0.000000, 0.000000, 0.000000, 1.000000, -0.054365, -0.014328, 0.998418, 0.251052, -0.912761, -0.404705, -0.055509, 0.040259, 0.404861, -0.914335, 0.008924, 0.188778, 0.000000, 0.000000, 0.000000, 1.000000, -0.997155, 0.075091, 0.006522, 0.020088, 0.004973, -0.020807, 0.999771, -0.103547, 0.075210, 0.996960, 0.020374, 0.014111, 0.000000, 0.000000, 0.000000, 1.000000
-24.9986, -40.2561, 11.2104, 229.0562, 251.0520, 40.2558, 188.7759, 20.0870, -103.5469, 14.1119, 0.912769, 0.404688, 0.055506, -0.040256, -0.404823, 0.914348, -0.009300, 0.011210, -0.054516, -0.013982, 0.998415, 0.229056, 0.000000, 0.000000, 0.000000, 1.000000, -0.054363, -0.014330, 0.998418, 0.251052, -0.912769, -0.404688, -0.055508, 0.040256, 0.404843, -0.914343, 0.008920, 0.188776, 0.000000, 0.000000, 0.000000, 1.000000, -0.997155, 0.075092, 0.006522, 0.020087, 0.004972, -0.020807, 0.999771, -0.103547, 0.075210, 0.996960, 0.020375, 0.014112, 0.000000, 0.000000, 0.000000, 1.000000
-24.9955, -40.2491, 11.2168, 229.0582, 251.0539, 40.2488, 188.7692, 20.0849, -103.5459, 14.1137, 0.912786, 0.404649, 0.055503, -0.040249, -0.404784, 0.914365, -0.009284, 0.011217, -0.054507, -0.013992, 0.998415, 0.229058, 0.000000, 0.000000, 0.000000, 1.000000, -0.054353, -0.014342, 0.998419, 0.251054, -0.912786, -0.404649, -0.055504, 0.040249, 0.404805, -0.914360, 0.008903, 0.188769, 0.000000, 0.000000, 0.000000, 1.000000, -0.997155, 0.075092, 0.006520, 0.020085, 0.004970, -0.020809, 0.999771, -0.103546, 0.075211, 0.996959, 0.020377, 0.014114, 0.000000, 0.000000, 0.000000, 1.000000
-24.9944, -40.2465, 11.2179, 229.0584, 251.0542, 40.2462, 188.7680, 20.0841, -103.5457, 14.1142, 0.912793, 0.404635, 0.055502, -0.040247, -0.404770, 0.914371, -0.009281, 0.011218, -0.054505, -0.013994, 0.998415, 0.229058, 0.000000, 0.000000, 0.000000, 1.000000, -0.054351, -0.014343, 0.998419, 0.251054, -0.912793, -0.404635, -0.055503, 0.040246, 0.404791, -0.914366, 0.008900, 0.188768, 0.000000, 0.000000, 0.000000, 1.000000, -0.997155, 0.075092, 0.006519, 0.020084, 0.004969, -0.020810, 0.999771, -0.103546, 0.075211, 0.996959, 0.020378, 0.014114, 0.000000, 0.000000, 0.000000, 1.000000
-24.9919, -40.2401, 11.2186, 229.0583, 251.0541, 40.2397, 188.7673, 20.0819, -103.5454, 14.1154, 0.912809, 0.404598, 0.055499, -0.040240, -0.404734, 0.914388, -0.009279, 0.011219, -0.054502, -0.013992, 0.998416, 0.229058, 0.000000, 0.000000, 0.000000, 1.000000, -0.054349, -0.014343, 0.998419, 0.251054, -0.912809, -0.404598, -0.055501, 0.040240, 0.404754, -0.914382, 0.008897, 0.188767, 0.000000, 0.000000, 0.000000, 1.000000, -0.997155, 0.075092, 0.006518, 0.020082, 0.004968, -0.020812, 0.999771, -0.103545, 0.075211, 0.996959, 0.020380, 0.014115, 0.000000, 0.000000, 0.000000, 1.000000
-24.9904, -40.2362, 11.2181, 229.0579, 251.0536, 40.2358, 188.7677, 20.0805, -103.5454, 14.1160, 0.912819, 0.404576, 0.055498, -0.040236, -0.404711, 0.914397, -0.009280, 0.011218, -0.054501, -0.013990, 0.998416, 0.229058, 0.000000, 0.000000, 0.000000, 1.000000, -0.054348, -0.014340, 0.998419, 0.251054, -0.912819, -0.404576, -0.055499, 0.040236, 0.404732, -0.914392, 0.008898, 0.188768, 0.000000, 0.000000, 0.000000, 1.000000, -0.997155, 0.075093, 0.006517, 0.020080, 0.004967, -0.020813, 0.999771, -0.103545, 0.075211, 0.996959, 0.020381, 0.014116, 0.000000, 0.000000, 0.000000, 1.000000
-24.9869, -40.2269, 11.2155, 229.0564, 251.0522, 40.2266, 188.7702, 20.0770, -103.5454, 14.1174, 0.912842, 0.404523, 0.055495, -0.040227, -0.404658, 0.914421, -0.009285, 0.011216, -0.054501, -0.013981, 0.998416, 0.229056, 0.000000, 0.000000, 0.000000, 1.000000, -0.054348, -0.014332, 0.998419, 0.251052, -0.912842, -0.404523, -0.055496, 0.040227, 0.404679, -0.914415, 0.008902, 0.188770, 0.000000, 0.000000, 0.000000, 1.000000, -0.997155, 0.075093, 0.006515, 0.020077, 0.004965, -0.020816, 0.999771, -0.103545, 0.075212, 0.996959, 0.020384, 0.014117, 0.000000, 0.000000, 0.000000, 1.000000
-24.9805, -40.2093, 11.2078, 229.0526, 251.0483, 40.2090, 188.7778, 20.0703, -103.5458, 14.1196, 0.912887, 0.404422, 0.055489, -0.040209, -0.404556, 0.914466, -0.009300, 0.011208, -0.054504, -0.013958, 0.998416, 0.229053, 0.000000, 0.000000, 0.000000, 1.000000, -0.054350, -0.014310, 0.998419, 0.251048, -0.912887, -0.404422, -0.055490, 0.040209, 0.404577, -0.914460, 0.008917, 0.188778, 0.000000, 0.000000, 0.000000, 1.000000, -0.997155, 0.075094, 0.006512, 0.020070, 0.004961, -0.020821, 0.999771, -0.103546, 0.075212, 0.996959, 0.020389, 0.014120, 0.000000, 0.000000, 0.000000, 1.000000
-24.9780, -40.2024, 11.2043, 229.0509, 251.0466, 40.2021, 188.7813, 20.0676, -103.5461, 14.1205, 0.912905, 0.404383, 0.055487, -0.040202, -0.404516, 0.914483, -0.009308, 0.011204, -0.054506, -0.013948, 0.998416, 0.229051, 0.000000, 0.000000, 0.000000, 1.000000, -0.054352, -0.014300, 0.998419, 0.251047, -0.912905, -0.404383, -0.055488, 0.040202, 0.404537, -0.914478, 0.008925, 0.188781, 0.000000, 0.000000, 0.000000, 1.000000, -0.997155, 0.075094, 0.006510, 0.020068, 0.004959, -0.020823, 0.999771, -0.103546, 0.075213, 0.996959, 0.020391, 0.014120, 0.000000, 0.000000, 0.000000, 1.000000
-24.9663, -40.1695, 11.1855, 229.0420, 251.0378, 40.1692, 188.7999, 20.0548, -103.5474, 14.1244, 0.912989, 0.404194, 0.055476, -0.040170, -0.404325, 0.914568, -0.009347, 0.011185, -0.054515, -0.013897, 0.998416, 0.229042, 0.000000, 0.000000, 0.000000, 1.000000, -0.054361, -0.014249, 0.998420, 0.251038, -0.912989, -0.404194, -0.055478, 0.040169, 0.404346, -0.914562, 0.008963, 0.188800, 0.000000, 0.000000, 0.000000, 1.000000, -0.997155, 0.075096, 0.006504, 0.020055, 0.004952, -0.020832, 0.999771, -0.103547, 0.075214, 0.996959, 0.020401, 0.014124, 0.000000, 0.000000, 0.000000, 1.000000
-24.9629, -40.1600, 11.1798, 229.0394, 251.0351, 40.1597, 188.8056, 20.0511, -103.5478, 14.1255, 0.913014, 0.404139, 0.055473, -0.040160, -0.404269, 0.914592, -0.009359, 0.011180, -0.054518, -0.013881, 0.998416, 0.229039, 0.000000, 0.000000, 0.000000, 1.000000, -0.054364, -0.014233, 0.998420, 0.251035, -0.913014, -0.404139, -0.055475, 0.040160, 0.404290, -0.914587, 0.008975, 0.188806, 0.000000, 0.000000, 0.000000, 1.000000, -0.997155, 0.075096, 0.006502, 0.020051, 0.004950, -0.020835, 0.999771, -0.103548, 0.075214, 0.996959, 0.020404, 0.014125, 0.000000, 0.000000, 0.000000, 1.000000
-24.9594, -40.1499, 11.1736, 229.0365, 251.0323, 40.1496, 188.8117, 20.0471, -103.5483, 14.1266, 0.913040, 0.404081, 0.055470, -0.040150, -0.404211, 0.914618, -0.009372, 0.011174, -0.054521, -0.013864, 0.998416, 0.229037, 0.000000, 0.000000, 0.000000, 1.000000, -0.054367, -0.014217, 0.998420, 0.251032, -0.913039, -0.404081, -0.055472, 0.040150, 0.404231, -0.914613, 0.008988, 0.188812, 0.000000, 0.000000, 0.000000, 1.000000, -0.997155, 0.075097, 0.006500, 0.020047, 0.004947, -0.020838, 0.999771, -0.103548, 0.075215, 0.996959, 0.020407, 0.014127, 0.000000, 0.000000, 0.000000, 1.000000
-24.9517, -40.1281, 11.1602, 229.0303, 251.0260, 40.1278, 188.8251, 20.0385, -103.5492, 14.1291, 0.913095, 0.403956, 0.055464, -0.040128, -0.404083, 0.914674, -0.009401, 0.011160, -0.054529, -0.013828, 0.998416, 0.229030, 0.000000, 0.000000, 0.000000, 1.000000, -0.054374, -0.014181, 0.998420, 0.251026, -0.913095, -0.403956, -0.055465, 0.040128, 0.404104, -0.914668, 0.009016, 0.188825, 0.000000, 0.000000, 0.000000, 1.000000, -0.997155, 0.075098, 0.006495, 0.020039, 0.004943, -0.020844, 0.999771, -0.103549, 0.075216, 0.996958, 0.020414, 0.014129, 0.000000, 0.000000, 0.000000, 1.000000
-24.9475, -40.1164, 11.1529, 229.0269, 251.0226, 40.1160, 188.8323, 20.0339, -103.5498, 14.1304, 0.913125, 0.403889, 0.055460, -0.040116, -0.404015, 0.914704, -0.009416, 0.011153, -0.054532, -0.013809, 0.998417, 0.229027, 0.000000, 0.000000, 0.000000, 1.000000, -0.054378, -0.014161, 0.998420, 0.251023, -0.913125, -0.403889, -0.055461, 0.040116, 0.404036, -0.914699, 0.009032, 0.188832, 0.000000, 0.000000, 0.000000, 1.000000, -0.997155, 0.075098, 0.006493, 0.020034, 0.004940, -0.020847, 0.999770, -0.103550, 0.075216, 0.996958, 0.020417, 0.014130, 0.000000, 0.000000, 0.000000, 1.000000
-24.9386, -40.0912, 11.1374, 229.0196, 251.0154, 40.0908, 188.8478, 20.0240, -103.5509, 14.1333, 0.913190, 0.403744, 0.055452, -0.040091, -0.403868, 0.914768, -0.009449, 0.011137, -0.054541, -0.013767, 0.998417, 0.229020, 0.000000, 0.000000, 0.000000, 1.000000, -0.054386, -0.014120, 0.998420, 0.251015, -0.913190, -0.403744, -0.055454, 0.040091, 0.403889, -0.914763, 0.009064, 0.188848, 0.000000, 0.000000, 0.000000, 1.000000, -0.997155, 0.075099, 0.006488, 0.020024, 0.004934, -0.020855, 0.999770, -0.103551, 0.075217, 0.996958, 0.020425, 0.014133, 0.000000, 0.000000, 0.000000, 1.000000
-24.9289, -40.0637, 11.1206, 229.0118, 251.0076, 40.0634, 188.8645, 20.0132, -103.5521, 14.1364, 0.913260, 0.403586, 0.055443, -0.040064, -0.403708, 0.914839, -0.009484, 0.011121, -0.054550, -0.013721, 0.998417, 0.229012, 0.000000, 0.000000, 0.000000, 1.000000, -0.054395, -0.014075, 0.998420, 0.251008, -0.913260, -0.403586, -0.055445, 0.040063, 0.403729, -0.914833, 0.009099, 0.188865, 0.000000, 0.000000, 0.000000, 1.000000, -0.997155, 0.075101, 0.006483, 0.020013, 0.004928, -0.020862, 0.999770, -0.103552, 0.075219, 0.996958, 0.020433, 0.014136, 0.000000, 0.000000, 0.000000, 1.000000
-24.9238, -40.0491, 11.1118, 229.0077, 251.0034, 40.0488, 188.8733, 20.0075, -103.5528, 14.1381, 0.913297, 0.403503, 0.055439, -0.040049, -0.403623, 0.914876, -0.009503, 0.011112, -0.054554, -0.013698, 0.998417, 0.229008, 0.000000, 0.000000, 0.000000, 1.000000, -0.054400, -0.014051, 0.998420, 0.251003, -0.913297, -0.403503, -0.055440, 0.040049, 0.403644, -0.914871, 0.009118, 0.188873, 0.000000, 0.000000, 0.000000, 1.000000, -0.997155, 0.075101, 0.006480, 0.020007, 0.004925, -0.020867, 0.999770, -0.103553, 0.075219, 0.996958, 0.020437, 0.014138, 0.000000, 0.000000, 0.000000, 1.000000
-24.9073, -40.0024, 11.0840, 228.9945, 250.9903, 40.0020, 188.9012, 19.9891, -103.5548, 14.1435, 0.913417, 0.403234, 0.055424, -0.040002, -0.403351, 0.914995, -0.009561, 0.011084, -0.054568, -0.013622, 0.998417, 0.228995, 0.000000, 0.000000, 0.000000, 1.000000, -0.054414, -0.013975, 0.998421, 0.250990, -0.913417, -0.403234, -0.055426, 0.040002, 0.403372, -0.914990, 0.009176, 0.188901, 0.000000, 0.000000, 0.000000, 1.000000, -0.997155, 0.075103, 0.006470, 0.019989, 0.004915, -0.020880, 0.999770, -0.103555, 0.075221, 0.996957, 0.020452, 0.014143, 0.000000, 0.000000, 0.000000, 1.000000
-24.9014, -39.9858, 11.0743, 228.9899, 250.9857, 39.9854, 188.9109, 19.9827, -103.5555, 14.1454, 0.913459, 0.403139, 0.055419, -0.039986, -0.403254, 0.915038, -0.009582, 0.011074, -0.054573, -0.013595, 0.998417, 0.228990, 0.000000, 0.000000, 0.000000, 1.000000, -0.054419, -0.013949, 0.998421, 0.250986, -0.913459, -0.403139, -0.055420, 0.039985, 0.403275, -0.915032, 0.009197, 0.188911, 0.000000, 0.000000, 0.000000, 1.000000, -0.997155, 0.075104, 0.006467, 0.019983, 0.004911, -0.020885, 0.999770, -0.103555, 0.075222, 0.996957, 0.020457, 0.014145, 0.000000, 0.000000, 0.000000, 1.000000
-24.8828, -39.9338, 11.0475, 228.9768, 250.9726, 39.9334, 188.9376, 19.9626, -103.5572, 14.1518, 0.913592, 0.402841, 0.055402, -0.039934, -0.402953, 0.915170, -0.009637, 0.011048, -0.054584, -0.013520, 0.998418, 0.228977, 0.000000, 0.000000, 0.000000, 1.000000, -0.054430, -0.013874, 0.998421, 0.250973, -0.913592, -0.402841, -0.055403, 0.039933, 0.402974, -0.915165, 0.009252, 0.188938, 0.000000, 0.000000, 0.000000, 1.000000, -0.997155, 0.075106, 0.006457, 0.019963, 0.004899, -0.020900, 0.999770, -0.103557, 0.075224, 0.996956, 0.020472, 0.014152, 0.000000, 0.000000, 0.000000, 1.000000
-24.8763, -39.9159, 11.0404, 228.9731, 250.9689, 39.9156, 188.9446, 19.9558, -103.5575, 14.1542, 0.913637, 0.402739, 0.055396, -0.039916, -0.402850, 0.915215, -0.009651, 0.011040, -0.054586, -0.013499, 0.998418, 0.228973, 0.000000, 0.000000, 0.000000, 1.000000, -0.054432, -0.013853, 0.998421, 0.250969, -0.913637, -0.402739, -0.055397, 0.039916, 0.402871, -0.915210, 0.009266, 0.188945, 0.000000, 0.000000, 0.000000, 1.000000, -0.997155, 0.075107, 0.006453, 0.019956, 0.004895, -0.020905, 0.999769, -0.103557, 0.075225, 0.996956, 0.020478, 0.014154, 0.000000, 0.000000, 0.000000, 1.000000
-24.8628, -39.8789, 11.0255, 228.9653, 250.9610, 39.8786, 188.9595, 19.9418, -103.5582, 14.1590, 0.913731, 0.402528, 0.055383, -0.039879, -0.402636, 0.915309, -0.009681, 0.011025, -0.054590, -0.013453, 0.998418, 0.228965, 0.000000, 0.000000, 0.000000, 1.000000, -0.054435, -0.013808, 0.998422, 0.250961, -0.913731, -0.402528, -0.055385, 0.039879, 0.402657, -0.915304, 0.009295, 0.188959, 0.000000, 0.000000, 0.000000, 1.000000, -0.997154, 0.075109, 0.006445, 0.019942, 0.004887, -0.020915, 0.999769, -0.103558, 0.075227, 0.996956, 0.020489, 0.014159, 0.000000, 0.000000, 0.000000, 1.000000
-24.8559, -39.8598, 11.0176, 228.9612, 250.9570, 39.8595, 188.9673, 19.9346, -103.5586, 14.1616, 0.913779, 0.402419, 0.055377, -0.039860, -0.402526, 0.915357, -0.009697, 0.011018, -0.054592, -0.013430, 0.998418, 0.228961, 0.000000, 0.000000, 0.000000, 1.000000, -0.054438, -0.013784, 0.998422, 0.250957, -0.913779, -0.402419, -0.055378, 0.039859, 0.402547, -0.915352, 0.009311, 0.188967, 0.000000, 0.000000, 0.000000, 1.000000, -0.997154, 0.075110, 0.006441, 0.019935, 0.004882, -0.020921, 0.999769, -0.103559, 0.075227, 0.996956, 0.020495, 0.014162, 0.000000, 0.000000, 0.000000, 1.000000
-24.8416, -39.8204, 11.0011, 228.9526, 250.9484, 39.8201, 188.9838, 19.9196, -103.5594, 14.1667, 0.913879, 0.402193, 0.055364, -0.039820, -0.402298, 0.915457, -0.009730, 0.011001, -0.054597, -0.013381, 0.998419, 0.228953, 0.000000, 0.000000, 0.000000, 1.000000, -0.054442, -0.013735, 0.998422, 0.250948, -0.913879, -0.402193, -0.055365, 0.039820, 0.402319, -0.915452, 0.009344, 0.188984, 0.000000, 0.000000, 0.000000, 1.000000, -0.997154, 0.075112, 0.006433, 0.019920, 0.004874, -0.020932, 0.999769, -0.103559, 0.075229, 0.996955, 0.020506, 0.014167, 0.000000, 0.000000, 0.000000, 1.000000
-24.8267, -39.7796, 10.9836, 228.9437, 250.9395, 39.7792, 189.0011, 19.9041, -103.5603, 14.1720, 0.913983, 0.401960, 0.055350, -0.039780, -0.402062, 0.915560, -0.009765, 0.010984, -0.054602, -0.013329, 0.998419, 0.228944, 0.000000, 0.000000, 0.000000, 1.000000, -0.054447, -0.013684, 0.998423, 0.250939, -0.913983, -0.401960, -0.055352, 0.039779, 0.402083, -0.915555, 0.009379, 0.189001, 0.000000, 0.000000, 0.000000, 1.000000, -0.997154, 0.075114, 0.006425, 0.019904, 0.004864, -0.020944, 0.999769, -0.103560, 0.075231, 0.996955, 0.020519, 0.014172, 0.000000, 0.000000, 0.000000, 1.000000
-24.8192, -39.7586, 10.9746, 228.9391, 250.9348, 39.7583, 189.0102, 19.8961, -103.5608, 14.1747, 0.914036, 0.401840, 0.055343, -0.039759, -0.401941, 0.915613, -0.009784, 0.010975, -0.054604, -0.013302, 0.998419, 0.228939, 0.000000, 0.000000, 0.000000, 1.000000, -0.054450, -0.013657, 0.998423, 0.250935, -0.914036, -0.401840, -0.055345, 0.039758, 0.401962, -0.915608, 0.009397, 0.189010, 0.000000, 0.000000, 0.000000, 1.000000, -0.997154, 0.075115, 0.006421, 0.019896, 0.004860, -0.020950, 0.999769, -0.103561, 0.075232, 0.996955, 0.020525, 0.014175, 0.000000, 0.000000, 0.000000, 1.000000
-24.8114, -39.7373, 10.9653, 228.9343, 250.9301, 39.7370, 189.0194, 19.8880, -103.5613, 14.1775, 0.914090, 0.401718, 0.055336, -0.039737, -0.401818, 0.915667, -0.009802, 0.010965, -0.054607, -0.013275, 0.998420, 0.228934, 0.000000, 0.000000, 0.000000, 1.000000, -0.054453, -0.013630, 0.998423, 0.250930, -0.914090, -0.401718, -0.055338, 0.039737, 0.401839, -0.915662, 0.009415, 0.189019, 0.000000, 0.000000, 0.000000, 1.000000, -0.997154, 0.075116, 0.006416, 0.019888, 0.004855, -0.020956, 0.999769, -0.103561, 0.075233, 0.996955, 0.020531, 0.014177, 0.000000, 0.000000, 0.000000, 1.000000
-24.7877, -39.6717, 10.9366, 228.9197, 250.9155, 39.6713, 189.0480, 19.8630, -103.5629, 14.1859, 0.914256, 0.401343, 0.055315, -0.039672, -0.401439, 0.915833, -0.009861, 0.010937, -0.054616, -0.013190, 0.998420, 0.228920, 0.000000, 0.000000, 0.000000, 1.000000, -0.054462, -0.013546, 0.998424, 0.250915, -0.914256, -0.401343, -0.055316, 0.039671, 0.401460, -0.915828, 0.009473, 0.189048, 0.000000, 0.000000, 0.000000, 1.000000, -0.997154, 0.075119, 0.006403, 0.019863, 0.004840, -0.020974, 0.999768, -0.103563, 0.075236, 0.996954, 0.020551, 0.014186, 0.000000, 0.000000, 0.000000, 1.000000
-24.7796, -39.6493, 10.9267, 228.9147, 250.9105, 39.6490, 189.0579, 19.8545, -103.5634, 14.1888, 0.914312, 0.401215, 0.055307, -0.039649, -0.401310, 0.915889, -0.009881, 0.010927, -0.054620, -0.013161, 0.998420, 0.228915, 0.000000, 0.000000, 0.000000, 1.000000, -0.054465, -0.013517, 0.998424, 0.250910, -0.914312, -0.401215, -0.055309, 0.039649, 0.401331, -0.915884, 0.009493, 0.189058, 0.000000, 0.000000, 0.000000, 1.000000, -0.997154, 0.075120, 0.006399, 0.019854, 0.004835, -0.020981, 0.999768, -0.103563, 0.075237, 0.996954, 0.020558, 0.014189, 0.000000, 0.000000, 0.000000, 1.000000
-24.7633, -39.6040, 10.9066, 228.9045, 250.9003, 39.6037, 189.0779, 19.8372, -103.5645, 14.1946, 0.914427, 0.400956, 0.055293, -0.039604, -0.401048, 0.916003, -0.009922, 0.010907, -0.054626, -0.013102, 0.998421, 0.228905, 0.000000, 0.000000, 0.000000, 1.000000, -0.054472, -0.013459, 0.998425, 0.250900, -0.914427, -0.400956, -0.055294, 0.039604, 0.401069, -0.915998, 0.009534, 0.189078, 0.000000, 0.000000, 0.000000, 1.000000, -0.997154, 0.075122, 0.006389, 0.019837, 0.004825, -0.020994, 0.999768, -0.103564, 0.075239, 0.996953, 0.020572, 0.014195, 0.000000, 0.000000, 0.000000, 1.000000
-24.7467, -39.5580, 10.8862, 228.8941, 250.8900, 39.5577, 189.0984, 19.8197, -103.5656, 14.2004, 0.914543, 0.400694, 0.055278, -0.039558, -0.400782, 0.916119, -0.009963, 0.010886, -0.054633, -0.013043, 0.998421, 0.228894, 0.000000, 0.000000, 0.000000, 1.000000, -0.054479, -0.013399, 0.998425, 0.250890, -0.914543, -0.400694, -0.055279, 0.039558, 0.400803, -0.916114, 0.009575, 0.189098, 0.000000, 0.000000, 0.000000, 1.000000, -0.997154, 0.075124, 0.006380, 0.019820, 0.004814, -0.021007, 0.999768, -0.103566, 0.075241, 0.996953, 0.020585, 0.014200, 0.000000, 0.000000, 0.000000, 1.000000
-24.7383, -39.5348, 10.8758, 228.8889, 250.8847, 39.5345, 189.1087, 19.8108, -103.5662, 14.2034, 0.914601, 0.400561, 0.055270, -0.039535, -0.400648, 0.916178, -0.009984, 0.010876, -0.054636, -0.013012, 0.998422, 0.228889, 0.000000, 0.000000, 0.000000, 1.000000, -0.054482, -0.013369, 0.998425, 0.250885, -0.914601, -0.400561, -0.055272, 0.039534, 0.400669, -0.916172, 0.009596, 0.189109, 0.000000, 0.000000, 0.000000, 1.000000, -0.997154, 0.075125, 0.006375, 0.019811, 0.004809, -0.021013, 0.999768, -0.103566, 0.075242, 0.996953, 0.020592, 0.014203, 0.000000, 0.000000, 0.000000, 1.000000
-24.7215, -39.4880, 10.8550, 228.8783, 250.8742, 39.4876, 189.1296, 19.7930, -103.5673, 14.2093, 0.914720, 0.400294, 0.055255, -0.039488, -0.400378, 0.916295, -0.010027, 0.010855, -0.054643, -0.012951, 0.998422, 0.228878, 0.000000, 0.000000, 0.000000, 1.000000, -0.054489, -0.013308, 0.998426, 0.250874, -0.914719, -0.400294, -0.055256, 0.039488, 0.400399, -0.916290, 0.009639, 0.189130, 0.000000, 0.000000, 0.000000, 1.000000, -0.997154, 0.075127, 0.006366, 0.019793, 0.004798, -0.021027, 0.999767, -0.103567, 0.075244, 0.996952, 0.020606, 0.014209, 0.000000, 0.000000, 0.000000, 1.000000
-24.7130, -39.4644, 10.8445, 228.8730, 250.8689, 39.4641, 189.1400, 19.7840, -103.5679, 14.2123, 0.914779, 0.400159, 0.055247, -0.039464, -0.400242, 0.916355, -0.010048, 0.010844, -0.054647, -0.012920, 0.998422, 0.228873, 0.000000, 0.000000, 0.000000, 1.000000, -0.054493, -0.013277, 0.998426, 0.250869, -0.914779, -0.400159, -0.055249, 0.039464, 0.400263, -0.916349, 0.009660, 0.189140, 0.000000, 0.000000, 0.000000, 1.000000, -0.997154, 0.075128, 0.006361, 0.019784, 0.004793, -0.021033, 0.999767, -0.103568, 0.075245, 0.996952, 0.020613, 0.014212, 0.000000, 0.000000, 0.000000, 1.000000
-24.6959, -39.4170, 10.8234, 228.8624, 250.8582, 39.4167, 189.1611, 19.7659, -103.5691, 14.2183, 0.914898, 0.399889, 0.055232, -0.039417, -0.399968, 0.916474, -0.010091, 0.010823, -0.054654, -0.012859, 0.998423, 0.228862, 0.000000, 0.000000, 0.000000, 1.000000, -0.054500, -0.013216, 0.998426, 0.250858, -0.914898, -0.399889, -0.055234, 0.039417, 0.399989, -0.916469, 0.009703, 0.189161, 0.000000, 0.000000, 0.000000, 1.000000, -0.997153, 0.075131, 0.006351, 0.019766, 0.004782, -0.021047, 0.999767, -0.103569, 0.075247, 0.996952, 0.020628, 0.014218, 0.000000, 0.000000, 0.000000, 1.000000
-24.6788, -39.3695, 10.8023, 228.8517, 250.8475, 39.3692, 189.1822, 19.7478, -103.5703, 14.2244, 0.915018, 0.399617, 0.055217, -0.039369, -0.399694, 0.916593, -0.010134, 0.010802, -0.054661, -0.012797, 0.998423, 0.228852, 0.000000, 0.000000, 0.000000, 1.000000, -0.054507, -0.013154, 0.998427, 0.250848, -0.915018, -0.399617, -0.055218, 0.039369, 0.399715, -0.916588, 0.009746, 0.189182, 0.000000, 0.000000, 0.000000, 1.000000, -0.997153, 0.075133, 0.006342, 0.019748, 0.004771, -0.021060, 0.999767, -0.103570, 0.075249, 0.996951, 0.020642, 0.014224, 0.000000, 0.000000, 0.000000, 1.000000
-24.6531, -39.2981, 10.7707, 228.8357, 250.8315, 39.2978, 189.2138, 19.7207, -103.5720, 14.2334, 0.915197, 0.399210, 0.055194, -0.039298, -0.399282, 0.916772, -0.010198, 0.010771, -0.054672, -0.012704, 0.998424, 0.228836, 0.000000, 0.000000, 0.000000, 1.000000, -0.054518, -0.013061, 0.998427, 0.250832, -0.915197, -0.399210, -0.055195, 0.039298, 0.399303, -0.916767, 0.009810, 0.189214, 0.000000, 0.000000, 0.000000, 1.000000, -0.997153, 0.075136, 0.006327, 0.019721, 0.004755, -0.021081, 0.999766, -0.103572, 0.075252, 0.996950, 0.020663, 0.014233, 0.000000, 0.000000, 0.000000, 1.000000
-24.6446, -39.2744, 10.7603, 228.8304, 250.8263, 39.2740, 189.2242, 19.7116, -103.5726, 14.2364, 0.915256, 0.399074, 0.055186, -0.039274, -0.399145, 0.916831, -0.010220, 0.010760, -0.054675, -0.012674, 0.998424, 0.228830, 0.000000, 0.000000, 0.000000, 1.000000, -0.054521, -0.013031, 0.998428, 0.250826, -0.915256, -0.399074, -0.055188, 0.039274, 0.399166, -0.916826, 0.009831, 0.189224, 0.000000, 0.000000, 0.000000, 1.000000, -0.997153, 0.075137, 0.006322, 0.019712, 0.004750, -0.021087, 0.999766, -0.103573, 0.075253, 0.996950, 0.020670, 0.014236, 0.000000, 0.000000, 0.000000, 1.000000
-24.6275, -39.2270, 10.7396, 228.8199, 250.8157, 39.2267, 189.2449, 19.6936, -103.5737, 14.2424, 0.915375, 0.398804, 0.055171, -0.039227, -0.398871, 0.916949, -0.010262, 0.010740, -0.054682, -0.012613, 0.998424, 0.228820, 0.000000, 0.000000, 0.000000, 1.000000, -0.054528, -0.012970, 0.998428, 0.250816, -0.915375, -0.398804, -0.055173, 0.039227, 0.398893, -0.916944, 0.009874, 0.189245, 0.000000, 0.000000, 0.000000, 1.000000, -0.997153, 0.075139, 0.006313, 0.019694, 0.004739, -0.021101, 0.999766, -0.103574, 0.075255, 0.996950, 0.020685, 0.014242, 0.000000, 0.000000, 0.000000, 1.000000
-24.6106, -39.1800, 10.7191, 228.8095, 250.8053, 39.1797, 189.2654, 19.6757, -103.5748, 14.2484, 0.915493, 0.398536, 0.055156, -0.039180, -0.398600, 0.917067, -0.010303, 0.010719, -0.054688, -0.012553, 0.998425, 0.228809, 0.000000, 0.000000, 0.000000, 1.000000, -0.054535, -0.012910, 0.998428, 0.250805, -0.915493, -0.398535, -0.055158, 0.039180, 0.398621, -0.917062, 0.009915, 0.189265, 0.000000, 0.000000, 0.000000, 1.000000, -0.997153, 0.075142, 0.006303, 0.019676, 0.004729, -0.021114, 0.999766, -0.103575, 0.075257, 0.996949, 0.020699, 0.014248, 0.000000, 0.000000, 0.000000, 1.000000
-24.6021, -39.1566, 10.7090, 228.8043, 250.8002, 39.1562, 189.2755, 19.6668, -103.5753, 14.2514, 0.915552, 0.398402, 0.055149, -0.039157, -0.398465, 0.917125, -0.010324, 0.010709, -0.054691, -0.012523, 0.998425, 0.228804, 0.000000, 0.000000, 0.000000, 1.000000, -0.054538, -0.012880, 0.998429, 0.250800, -0.915551, -0.398402, -0.055150, 0.039156, 0.398486, -0.917121, 0.009936, 0.189276, 0.000000, 0.000000, 0.000000, 1.000000, -0.997153, 0.075143, 0.006298, 0.019667, 0.004723, -0.021121, 0.999766, -0.103575, 0.075258, 0.996949, 0.020706, 0.014251, 0.000000, 0.000000, 0.000000, 1.000000
-24.5854, -39.1100, 10.6890, 228.7941, 250.7900, 39.1097, 189.2955, 19.6491, -103.5764, 14.2573, 0.915668, 0.398136, 0.055134, -0.039110, -0.398196, 0.917242, -0.010365, 0.010689, -0.054698, -0.012463, 0.998425, 0.228794, 0.000000, 0.000000, 0.000000, 1.000000, -0.054544, -0.012820, 0.998429, 0.250790, -0.915668, -0.398136, -0.055135, 0.039110, 0.398218, -0.917237, 0.009977, 0.189296, 0.000000, 0.000000, 0.000000, 1.000000, -0.997153, 0.075145, 0.006289, 0.019649, 0.004713, -0.021134, 0.999766, -0.103576, 0.075260, 0.996949, 0.020720, 0.014257, 0.000000, 0.000000, 0.000000, 1.000000
-24.5770, -39.0869, 10.6792, 228.7890, 250.7849, 39.0866, 189.3054, 19.6404, -103.5769, 14.2603, 0.915726, 0.398004, 0.055127, -0.039087, -0.398063, 0.917299, -0.010385, 0.010679, -0.054701, -0.012434, 0.998425, 0.228789, 0.000000, 0.000000, 0.000000, 1.000000, -0.054548, -0.012791, 0.998429, 0.250785, -0.915726, -0.398004, -0.055128, 0.039087, 0.398084, -0.917294, 0.009997, 0.189305, 0.000000, 0.000000, 0.000000, 1.000000, -0.997153, 0.075146, 0.006284, 0.019640, 0.004707, -0.021140, 0.999765, -0.103577, 0.075261, 0.996948, 0.020727, 0.014260, 0.000000, 0.000000, 0.000000, 1.000000
-24.5606, -39.0412, 10.6598, 228.7791, 250.7750, 39.0409, 189.3248, 19.6230, -103.5780, 14.2661, 0.915840, 0.397744, 0.055112, -0.039041, -0.397800, 0.917413, -0.010424, 0.010660, -0.054707, -0.012377, 0.998426, 0.228779, 0.000000, 0.000000, 0.000000, 1.000000, -0.054554, -0.012734, 0.998430, 0.250775, -0.915840, -0.397744, -0.055114, 0.039041, 0.397821, -0.917408, 0.010036, 0.189325, 0.000000, 0.000000, 0.000000, 1.000000, -0.997153, 0.075148, 0.006275, 0.019623, 0.004697, -0.021153, 0.999765, -0.103578, 0.075263, 0.996948, 0.020740, 0.014266, 0.000000, 0.000000, 0.000000, 1.000000
-24.5443, -38.9962, 10.6409, 228.7693, 250.7653, 38.9958, 189.3438, 19.6059, -103.5790, 14.2719, 0.915952, 0.397487, 0.055098, -0.038996, -0.397540, 0.917525, -0.010463, 0.010641, -0.054712, -0.012320, 0.998426, 0.228769, 0.000000, 0.000000, 0.000000, 1.000000, -0.054559, -0.012677, 0.998430, 0.250765, -0.915952, -0.397487, -0.055099, 0.038996, 0.397561, -0.917520, 0.010075, 0.189344, 0.000000, 0.000000, 0.000000, 1.000000, -0.997153, 0.075150, 0.006266, 0.019606, 0.004687, -0.021166, 0.999765, -0.103579, 0.075265, 0.996948, 0.020754, 0.014272, 0.000000, 0.000000, 0.000000, 1.000000
-24.5205, -38.9300, 10.6134, 228.7552, 250.7511, 38.9297, 189.3713, 19.5809, -103.5804, 14.2803, 0.916117, 0.397110, 0.055077, -0.038930, -0.397159, 0.917689, -0.010518, 0.010613, -0.054720, -0.012238, 0.998427, 0.228755, 0.000000, 0.000000, 0.000000, 1.000000, -0.054568, -0.012595, 0.998431, 0.250751, -0.916117, -0.397110, -0.055078, 0.038930, 0.397180, -0.917685, 0.010131, 0.189371, 0.000000, 0.000000, 0.000000, 1.000000, -0.997152, 0.075153, 0.006252, 0.019581, 0.004672, -0.021185, 0.999765, -0.103580, 0.075268, 0.996947, 0.020773, 0.014280, 0.000000, 0.000000, 0.000000, 1.000000
-24.5049, -38.8870, 10.5958, 228.7460, 250.7419, 38.8866, 189.3890, 19.5646, -103.5813, 14.2859, 0.916224, 0.396864, 0.055063, -0.038887, -0.396911, 0.917796, -0.010554, 0.010596, -0.054725, -0.012185, 0.998427, 0.228746, 0.000000, 0.000000, 0.000000, 1.000000, -0.054573, -0.012542, 0.998431, 0.250742, -0.916224, -0.396864, -0.055065, 0.038887, 0.396932, -0.917792, 0.010167, 0.189389, 0.000000, 0.000000, 0.000000, 1.000000, -0.997152, 0.075155, 0.006243, 0.019565, 0.004662, -0.021197, 0.999764, -0.103581, 0.075270, 0.996947, 0.020786, 0.014286, 0.000000, 0.000000, 0.000000, 1.000000
-24.4973, -38.8657, 10.5871, 228.7415, 250.7374, 38.8654, 189.3977, 19.5565, -103.5817, 14.2886, 0.916277, 0.396743, 0.055056, -0.038866, -0.396789, 0.917849, -0.010572, 0.010587, -0.054728, -0.012159, 0.998427, 0.228742, 0.000000, 0.000000, 0.000000, 1.000000, -0.054575, -0.012515, 0.998431, 0.250737, -0.916277, -0.396743, -0.055058, 0.038865, 0.396810, -0.917844, 0.010185, 0.189398, 0.000000, 0.000000, 0.000000, 1.000000, -0.997152, 0.075156, 0.006239, 0.019557, 0.004657, -0.021203, 0.999764, -0.103582, 0.075271, 0.996946, 0.020793, 0.014289, 0.000000, 0.000000, 0.000000, 1.000000
-24.4822, -38.8240, 10.5703, 228.7327, 250.7287, 38.8236, 189.4146, 19.5407, -103.5825, 14.2940, 0.916381, 0.396505, 0.055043, -0.038824, -0.396548, 0.917953, -0.010606, 0.010570, -0.054732, -0.012108, 0.998428, 0.228733, 0.000000, 0.000000, 0.000000, 1.000000, -0.054580, -0.012464, 0.998432, 0.250729, -0.916381, -0.396505, -0.055044, 0.038824, 0.396569, -0.917948, 0.010219, 0.189415, 0.000000, 0.000000, 0.000000, 1.000000, -0.997152, 0.075158, 0.006230, 0.019541, 0.004648, -0.021215, 0.999764, -0.103583, 0.075272, 0.996946, 0.020805, 0.014294, 0.000000, 0.000000, 0.000000, 1.000000
-24.4748, -38.8035, 10.5621, 228.7284, 250.7244, 38.8031, 189.4228, 19.5330, -103.5829, 14.2966, 0.916432, 0.396388, 0.055037, -0.038803, -0.396430, 0.918004, -0.010622, 0.010562, -0.054734, -0.012083, 0.998428, 0.228728, 0.000000, 0.000000, 0.000000, 1.000000, -0.054582, -0.012439, 0.998432, 0.250724, -0.916432, -0.396388, -0.055038, 0.038803, 0.396451, -0.917999, 0.010236, 0.189423, 0.000000, 0.000000, 0.000000, 1.000000, -0.997152, 0.075159, 0.006226, 0.019533, 0.004643, -0.021221, 0.999764, -0.103583, 0.075273, 0.996946, 0.020811, 0.014297, 0.000000, 0.000000, 0.000000, 1.000000
-24.4602, -38.7632, 10.5461, 228.7200, 250.7160, 38.7628, 189.4389, 19.5178, -103.5837, 14.3018, 0.916532, 0.396158, 0.055024, -0.038763, -0.396198, 0.918103, -0.010655, 0.010546, -0.054738, -0.012035, 0.998428, 0.228720, 0.000000, 0.000000, 0.000000, 1.000000, -0.054586, -0.012391, 0.998432, 0.250716, -0.916532, -0.396158, -0.055025, 0.038763, 0.396219, -0.918099, 0.010268, 0.189439, 0.000000, 0.000000, 0.000000, 1.000000, -0.997152, 0.075161, 0.006218, 0.019518, 0.004634, -0.021232, 0.999764, -0.103584, 0.075275, 0.996945, 0.020823, 0.014302, 0.000000, 0.000000, 0.000000, 1.000000
-24.4530, -38.7434, 10.5383, 228.7159, 250.7119, 38.7430, 189.4467, 19.5103, -103.5841, 14.3044, 0.916581, 0.396045, 0.055017, -0.038743, -0.396084, 0.918152, -0.010671, 0.010538, -0.054740, -0.012011, 0.998428, 0.228716, 0.000000, 0.000000, 0.000000, 1.000000, -0.054589, -0.012367, 0.998432, 0.250712, -0.916581, -0.396045, -0.055019, 0.038743, 0.396105, -0.918148, 0.010284, 0.189447, 0.000000, 0.000000, 0.000000, 1.000000, -0.997152, 0.075162, 0.006214, 0.019510, 0.004629, -0.021238, 0.999764, -0.103584, 0.075276, 0.996945, 0.020829, 0.014304, 0.000000, 0.000000, 0.000000, 1.000000
-24.4390, -38.7045, 10.5231, 228.7079, 250.7039, 38.7042, 189.4620, 19.4956, -103.5848, 14.3094, 0.916678, 0.395824, 0.055005, -0.038705, -0.395860, 0.918248, -0.010701, 0.010523, -0.054744, -0.011965, 0.998429, 0.228708, 0.000000, 0.000000, 0.000000, 1.000000, -0.054592, -0.012320, 0.998433, 0.250704, -0.916677, -0.395824, -0.055007, 0.038704, 0.395881, -0.918244, 0.010315, 0.189462, 0.000000, 0.000000, 0.000000, 1.000000, -0.997152, 0.075163, 0.006206, 0.019496, 0.004621, -0.021249, 0.999764, -0.103585, 0.075278, 0.996945, 0.020841, 0.014309, 0.000000, 0.000000, 0.000000, 1.000000
-24.4321, -38.6855, 10.5157, 228.7040, 250.7000, 38.6851, 189.4694, 19.4884, -103.5852, 14.3119, 0.916725, 0.395715, 0.054999, -0.038685, -0.395751, 0.918296, -0.010716, 0.010516, -0.054746, -0.011942, 0.998429, 0.228704, 0.000000, 0.000000, 0.000000, 1.000000, -0.054594, -0.012297, 0.998433, 0.250700, -0.916725, -0.395715, -0.055000, 0.038685, 0.395772, -0.918291, 0.010330, 0.189469, 0.000000, 0.000000, 0.000000, 1.000000, -0.997152, 0.075164, 0.006202, 0.019488, 0.004616, -0.021254, 0.999763, -0.103585, 0.075278, 0.996945, 0.020846, 0.014312, 0.000000, 0.000000, 0.000000, 1.000000
-24.4119, -38.6297, 10.4943, 228.6927, 250.6887, 38.6294, 189.4909, 19.4674, -103.5862, 14.3192, 0.916863, 0.395398, 0.054981, -0.038630, -0.395430, 0.918433, -0.010759, 0.010494, -0.054751, -0.011876, 0.998429, 0.228693, 0.000000, 0.000000, 0.000000, 1.000000, -0.054600, -0.012231, 0.998433, 0.250689, -0.916863, -0.395398, -0.054983, 0.038629, 0.395451, -0.918429, 0.010374, 0.189491, 0.000000, 0.000000, 0.000000, 1.000000, -0.997152, 0.075167, 0.006191, 0.019467, 0.004603, -0.021270, 0.999763, -0.103586, 0.075281, 0.996944, 0.020863, 0.014319, 0.000000, 0.000000, 0.000000, 1.000000
-24.3989, -38.5938, 10.4807, 228.6854, 250.6814, 38.5935, 189.5046, 19.4539, -103.5868, 14.3238, 0.916952, 0.395193, 0.054970, -0.038594, -0.395223, 0.918522, -0.010787, 0.010481, -0.054754, -0.011835, 0.998430, 0.228685, 0.000000, 0.000000, 0.000000, 1.000000, -0.054603, -0.012189, 0.998434, 0.250681, -0.916952, -0.395193, -0.054971, 0.038593, 0.395244, -0.918517, 0.010402, 0.189505, 0.000000, 0.000000, 0.000000, 1.000000, -0.997152, 0.075169, 0.006183, 0.019454, 0.004595, -0.021280, 0.999763, -0.103587, 0.075282, 0.996944, 0.020874, 0.014324, 0.000000, 0.000000, 0.000000, 1.000000
-24.3925, -38.5768, 10.4775, 228.6832, 250.6792, 38.5765, 189.5078, 19.4477, -103.5867, 14.3264, 0.916994, 0.395096, 0.054964, -0.038577, -0.395126, 0.918564, -0.010792, 0.010478, -0.054752, -0.011821, 0.998430, 0.228683, 0.000000, 0.000000, 0.000000, 1.000000, -0.054601, -0.012176, 0.998434, 0.250679, -0.916994, -0.395096, -0.054965, 0.038576, 0.395147, -0.918559, 0.010407, 0.189508, 0.000000, 0.000000, 0.000000, 1.000000, -0.997152, 0.075169, 0.006180, 0.019448, 0.004591, -0.021285, 0.999763, -0.103587, 0.075283, 0.996944, 0.020879, 0.014326, 0.000000, 0.000000, 0.000000, 1.000000
-24.3802, -38.5447, 10.4778, 228.6812, 250.6772, 38.5444, 189.5075, 19.4364, -103.5857, 14.3317, 0.917073, 0.394915, 0.054952, -0.038545, -0.394944, 0.918642, -0.010788, 0.010478, -0.054741, -0.011810, 0.998431, 0.228681, 0.000000, 0.000000, 0.000000, 1.000000, -0.054590, -0.012165, 0.998435, 0.250677, -0.917073, -0.394915, -0.054953, 0.038544, 0.394965, -0.918637, 0.010403, 0.189507, 0.000000, 0.000000, 0.000000, 1.000000, -0.997152, 0.075171, 0.006173, 0.019436, 0.004584, -0.021294, 0.999763, -0.103586, 0.075285, 0.996943, 0.020888, 0.014332, 0.000000, 0.000000, 0.000000, 1.000000
-24.3682, -38.5135, 10.4772, 228.6790, 250.6750, 38.5132, 189.5079, 19.4255, -103.5849, 14.3368, 0.917149, 0.394738, 0.054941, -0.038514, -0.394767, 0.918718, -0.010785, 0.010477, -0.054732, -0.011797, 0.998431, 0.228679, 0.000000, 0.000000, 0.000000, 1.000000, -0.054581, -0.012152, 0.998435, 0.250675, -0.917149, -0.394738, -0.054942, 0.038513, 0.394788, -0.918713, 0.010400, 0.189508, 0.000000, 0.000000, 0.000000, 1.000000, -0.997151, 0.075173, 0.006166, 0.019425, 0.004576, -0.021302, 0.999763, -0.103585, 0.075286, 0.996943, 0.020898, 0.014337, 0.000000, 0.000000, 0.000000, 1.000000
-24.3624, -38.4983, 10.4766, 228.6779, 250.6739, 38.4980, 189.5085, 19.4201, -103.5845, 14.3392, 0.917187, 0.394652, 0.054935, -0.038498, -0.394681, 0.918755, -0.010785, 0.010477, -0.054728, -0.011790, 0.998432, 0.228678, 0.000000, 0.000000, 0.000000, 1.000000, -0.054577, -0.012145, 0.998436, 0.250674, -0.917187, -0.394652, -0.054937, 0.038498, 0.394702, -0.918750, 0.010399, 0.189508, 0.000000, 0.000000, 0.000000, 1.000000, -0.997151, 0.075173, 0.006163, 0.019420, 0.004572, -0.021307, 0.999763, -0.103585, 0.075287, 0.996943, 0.020902, 0.014339, 0.000000, 0.000000, 0.000000, 1.000000
-24.3510, -38.4685, 10.4748, 228.6753, 250.6713, 38.4681, 189.5103, 19.4095, -103.5839, 14.3440, 0.917260, 0.394483, 0.054925, -0.038468, -0.394511, 0.918828, -0.010786, 0.010475, -0.054721, -0.011775, 0.998432, 0.228675, 0.000000, 0.000000, 0.000000, 1.000000, -0.054570, -0.012130, 0.998436, 0.250671, -0.917260, -0.394483, -0.054926, 0.038468, 0.394532, -0.918823, 0.010400, 0.189510, 0.000000, 0.000000, 0.000000, 1.000000, -0.997151, 0.075175, 0.006156, 0.019409, 0.004565, -0.021315, 0.999762, -0.103584, 0.075288, 0.996943, 0.020911, 0.014344, 0.000000, 0.000000, 0.000000, 1.000000
-24.3455, -38.4539, 10.4735, 228.6739, 250.6699, 38.4535, 189.5116, 19.4042, -103.5837, 14.3463, 0.917296, 0.394400, 0.054919, -0.038454, -0.394428, 0.918863, -0.010788, 0.010473, -0.054718, -0.011766, 0.998433, 0.228674, 0.000000, 0.000000, 0.000000, 1.000000, -0.054567, -0.012122, 0.998437, 0.250670, -0.917296, -0.394400, -0.054921, 0.038454, 0.394449, -0.918859, 0.010402, 0.189512, 0.000000, 0.000000, 0.000000, 1.000000, -0.997151, 0.075175, 0.006153, 0.019404, 0.004562, -0.021319, 0.999762, -0.103584, 0.075289, 0.996942, 0.020915, 0.014346, 0.000000, 0.000000, 0.000000, 1.000000
