# Joint_4_Angle(deg), Cam_X(mm), Cam_Y(mm), Cam_Z(mm), Torso_X(mm), Torso_Y(mm), Torso_Z(mm), EE_X(mm), EE_Y(mm), EE_Z(mm), T_cam2marker_flat(16), T_torso2marker_flat(16), T_ee2marker_flat(16)
-14.9997, 0.1274, -3.9763, 197.8341, 219.8360, -0.1278, 203.9544, 22.8212, 110.5281, -0.0226, 0.995804, -0.091476, 0.002689, 0.000127, 0.090702, 0.982617, -0.161979, -0.003976, 0.012175, 0.161544, 0.986790, 0.197834, 0.000000, 0.000000, 0.000000, 1.000000, 0.012129, 0.161070, 0.986868, 0.219836, -0.995804, 0.091476, -0.002691, -0.000128, -0.090708, -0.982695, 0.161504, 0.203954, 0.000000, 0.000000, 0.000000, 1.000000, 0.995160, -0.061144, 0.076924, 0.022821, 0.078770, 0.028373, -0.996489, 0.110528, 0.058747, 0.997726, 0.033052, -0.000023, 0.000000, 0.000000, 0.000000, 1.000000
-14.9996, 0.1266, -3.9823, 197.8315, 219.8334, -0.1270, 203.9606, 22.8207, 110.5288, -0.0234, 0.995804, -0.091471, 0.002687, 0.000127, 0.090696, 0.982615, -0.161995, -0.003982, 0.012177, 0.161559, 0.986788, 0.197831, 0.000000, 0.000000, 0.000000, 1.000000, 0.012132, 0.161086, 0.986866, 0.219833, -0.995804, 0.091470, -0.002689, -0.000127, -0.090702, -0.982692, 0.161520, 0.203961, 0.000000, 0.000000, 0.000000, 1.000000, 0.995160, -0.061144, 0.076924, 0.022821, 0.078770, 0.028373, -0.996489, 0.110529, 0.058747, 0.997726, 0.033053, -0.000023, 0.000000, 0.000000, 0.000000, 1.000000
-14.9993, 0.1248, -3.9927, 197.8275, 219.8294, -0.1252, 203.9711, 22.8198, 110.5298, -0.0245, 0.995805, -0.091458, 0.002684, 0.000125, 0.090684, 0.982612, -0.162017, -0.003993, 0.012180, 0.161581, 0.986784, 0.197828, 0.000000, 0.000000, 0.000000, 1.000000, 0.012135, 0.161109, 0.986862, 0.219829, -0.995805, 0.091458, -0.002686, -0.000125, -0.090689, -0.982690, 0.161543, 0.203971, 0.000000, 0.000000, 0.000000, 1.000000, 0.995160, -0.061144, 0.076924, 0.022820, 0.078770, 0.028374, -0.996489, 0.110530, 0.058747, 0.997726, 0.033053, -0.000025, 0.000000, 0.000000, 0.000000, 1.000000
-14.9981, 0.1223, -4.0064, 197.8247, 219.8266, -0.1227, 203.9849, 22.8187, 110.5303, -0.0250, 0.995807, -0.091441, 0.002680, 0.000122, 0.090666, 0.982612, -0.162031, -0.004006, 0.012183, 0.161595, 0.986782, 0.197825, 0.000000, 0.000000, 0.000000, 1.000000, 0.012137, 0.161123, 0.986860, 0.219827, -0.995807, 0.091441, -0.002682, -0.000123, -0.090672, -0.982689, 0.161557, 0.203985, 0.000000, 0.000000, 0.000000, 1.000000, 0.995160, -0.061145, 0.076924, 0.022819, 0.078770, 0.028374, -0.996489, 0.110530, 0.058747, 0.997726, 0.033053, -0.000025, 0.000000, 0.000000, 0.000000, 1.000000
-14.9957, 0.1190, -4.0231, 197.8248, 219.8267, -0.1194, 204.0017, 22.8174, 110.5298, -0.0243, 0.995809, -0.091419, 0.002674, 0.000119, 0.090643, 0.982614, -0.162027, -0.004023, 0.012185, 0.161590, 0.986783, 0.197825, 0.000000, 0.000000, 0.000000, 1.000000, 0.012140, 0.161120, 0.986860, 0.219827, -0.995809, 0.091419, -0.002676, -0.000119, -0.090649, -0.982692, 0.161554, 0.204002, 0.000000, 0.000000, 0.000000, 1.000000, 0.995160, -0.061145, 0.076923, 0.022817, 0.078769, 0.028375, -0.996489, 0.110530, 0.058748, 0.997725, 0.033054, -0.000024, 0.000000, 0.000000, 0.000000, 1.000000
-14.9939, 0.1171, -4.0324, 197.8266, 219.8285, -0.1175, 204.0111, 22.8167, 110.5291, -0.0232, 0.995810, -0.091406, 0.002669, 0.000117, 0.090630, 0.982618, -0.162015, -0.004032, 0.012186, 0.161578, 0.986785, 0.197827, 0.000000, 0.000000, 0.000000, 1.000000, 0.012141, 0.161107, 0.986862, 0.219828, -0.995810, 0.091406, -0.002671, -0.000117, -0.090635, -0.982695, 0.161542, 0.204011, 0.000000, 0.000000, 0.000000, 1.000000, 0.995160, -0.061146, 0.076923, 0.022817, 0.078769, 0.028375, -0.996489, 0.110529, 0.058748, 0.997725, 0.033054, -0.000023, 0.000000, 0.000000, 0.000000, 1.000000
-14.9901, 0.1137, -4.0478, 197.8320, 219.8340, -0.1141, 204.0266, 22.8155, 110.5270, -0.0205, 0.995812, -0.091383, 0.002662, 0.000114, 0.090606, 0.982626, -0.161979, -0.004048, 0.012187, 0.161542, 0.986791, 0.197832, 0.000000, 0.000000, 0.000000, 1.000000, 0.012141, 0.161072, 0.986868, 0.219834, -0.995812, 0.091383, -0.002664, -0.000114, -0.090612, -0.982703, 0.161507, 0.204027, 0.000000, 0.000000, 0.000000, 1.000000, 0.995160, -0.061147, 0.076922, 0.022816, 0.078768, 0.028375, -0.996489, 0.110527, 0.058749, 0.997725, 0.033055, -0.000021, 0.000000, 0.000000, 0.000000, 1.000000
-14.9870, 0.1113, -4.0589, 197.8377, 219.8396, -0.1117, 204.0377, 22.8147, 110.5250, -0.0180, 0.995814, -0.091367, 0.002656, 0.000111, 0.090589, 0.982633, -0.161944, -0.004059, 0.012187, 0.161506, 0.986796, 0.197838, 0.000000, 0.000000, 0.000000, 1.000000, 0.012141, 0.161037, 0.986874, 0.219840, -0.995814, 0.091366, -0.002658, -0.000112, -0.090595, -0.982710, 0.161472, 0.204038, 0.000000, 0.000000, 0.000000, 1.000000, 0.995160, -0.061147, 0.076921, 0.022815, 0.078767, 0.028376, -0.996489, 0.110525, 0.058750, 0.997725, 0.033055, -0.000018, 0.000000, 0.000000, 0.000000, 1.000000
-14.9852, 0.1099, -4.0646, 197.8411, 219.8430, -0.1103, 204.0435, 22.8143, 110.5238, -0.0165, 0.995815, -0.091358, 0.002652, 0.000110, 0.090580, 0.982638, -0.161922, -0.004065, 0.012187, 0.161485, 0.986800, 0.197841, 0.000000, 0.000000, 0.000000, 1.000000, 0.012141, 0.161015, 0.986877, 0.219843, -0.995815, 0.091357, -0.002654, -0.000110, -0.090586, -0.982715, 0.161451, 0.204043, 0.000000, 0.000000, 0.000000, 1.000000, 0.995160, -0.061148, 0.076921, 0.022814, 0.078767, 0.028376, -0.996489, 0.110524, 0.058751, 0.997725, 0.033055, -0.000016, 0.000000, 0.000000, 0.000000, 1.000000
-14.9812, 0.1072, -4.0764, 197.8492, 219.8512, -0.1076, 204.0554, 22.8134, 110.5211, -0.0130, 0.995816, -0.091339, 0.002645, 0.000107, 0.090561, 0.982648, -0.161872, -0.004076, 0.012186, 0.161434, 0.986808, 0.197849, 0.000000, 0.000000, 0.000000, 1.000000, 0.012141, 0.160965, 0.986885, 0.219851, -0.995816, 0.091338, -0.002647, -0.000108, -0.090566, -0.982725, 0.161400, 0.204055, 0.000000, 0.000000, 0.000000, 1.000000, 0.995160, -0.061149, 0.076920, 0.022813, 0.078766, 0.028376, -0.996489, 0.110521, 0.058752, 0.997725, 0.033055, -0.000013, 0.000000, 0.000000, 0.000000, 1.000000
-14.9767, 0.1042, -4.0887, 197.8591, 219.8611, -0.1046, 204.0677, 22.8125, 110.5178, -0.0088, 0.995818, -0.091318, 0.002637, 0.000104, 0.090540, 0.982660, -0.161810, -0.004089, 0.012185, 0.161372, 0.986818, 0.197859, 0.000000, 0.000000, 0.000000, 1.000000, 0.012140, 0.160904, 0.986895, 0.219861, -0.995818, 0.091318, -0.002639, -0.000105, -0.090546, -0.982736, 0.161340, 0.204068, 0.000000, 0.000000, 0.000000, 1.000000, 0.995160, -0.061150, 0.076919, 0.022813, 0.078765, 0.028377, -0.996489, 0.110518, 0.058753, 0.997725, 0.033056, -0.000009, 0.000000, 0.000000, 0.000000, 1.000000
-14.9742, 0.1026, -4.0949, 197.8647, 219.8666, -0.1030, 204.0741, 22.8121, 110.5159, -0.0065, 0.995819, -0.091308, 0.002632, 0.000103, 0.090529, 0.982666, -0.161776, -0.004095, 0.012185, 0.161338, 0.986824, 0.197865, 0.000000, 0.000000, 0.000000, 1.000000, 0.012139, 0.160870, 0.986901, 0.219867, -0.995819, 0.091307, -0.002634, -0.000103, -0.090535, -0.982743, 0.161306, 0.204074, 0.000000, 0.000000, 0.000000, 1.000000, 0.995160, -0.061151, 0.076918, 0.022812, 0.078764, 0.028377, -0.996489, 0.110516, 0.058754, 0.997725, 0.033056, -0.000006, 0.000000, 0.000000, 0.000000, 1.000000
-14.9688, 0.0999, -4.1049, 197.8786, 219.8806, -0.1003, 204.0841, 22.8114, 110.5114, -0.0009, 0.995821, -0.091289, 0.002624, 0.000100, 0.090511, 0.982682, -0.161692, -0.004105, 0.012182, 0.161253, 0.986838, 0.197879, 0.000000, 0.000000, 0.000000, 1.000000, 0.012137, 0.160785, 0.986915, 0.219881, -0.995821, 0.091289, -0.002626, -0.000100, -0.090516, -0.982759, 0.161221, 0.204084, 0.000000, 0.000000, 0.000000, 1.000000, 0.995160, -0.061153, 0.076917, 0.022811, 0.078763, 0.028377, -0.996489, 0.110511, 0.058755, 0.997725, 0.033056, -0.000001, 0.000000, 0.000000, 0.000000, 1.000000
-14.9660, 0.0992, -4.1059, 197.8884, 219.8903, -0.0996, 204.0850, 22.8114, 110.5085, 0.0027, 0.995821, -0.091284, 0.002620, 0.000099, 0.090506, 0.982692, -0.161634, -0.004106, 0.012180, 0.161196, 0.986847, 0.197888, 0.000000, 0.000000, 0.000000, 1.000000, 0.012135, 0.160728, 0.986924, 0.219890, -0.995821, 0.091284, -0.002622, -0.000100, -0.090511, -0.982769, 0.161164, 0.204085, 0.000000, 0.000000, 0.000000, 1.000000, 0.995160, -0.061154, 0.076916, 0.022811, 0.078762, 0.028377, -0.996489, 0.110508, 0.058756, 0.997725, 0.033056, 0.000003, 0.000000, 0.000000, 0.000000, 1.000000
-14.9598, 0.0975, -4.1088, 197.9089, 219.9108, -0.0979, 204.0880, 22.8114, 110.5022, 0.0104, 0.995823, -0.091272, 0.002612, 0.000097, 0.090494, 0.982713, -0.161512, -0.004109, 0.012175, 0.161074, 0.986867, 0.197909, 0.000000, 0.000000, 0.000000, 1.000000, 0.012130, 0.160605, 0.986944, 0.219911, -0.995823, 0.091272, -0.002614, -0.000098, -0.090500, -0.982790, 0.161042, 0.204088, 0.000000, 0.000000, 0.000000, 1.000000, 0.995160, -0.061155, 0.076914, 0.022811, 0.078761, 0.028377, -0.996490, 0.110502, 0.058758, 0.997725, 0.033056, 0.000010, 0.000000, 0.000000, 0.000000, 1.000000
-14.9564, 0.0965, -4.1109, 197.9196, 219.9215, -0.0969, 204.0900, 22.8113, 110.4990, 0.0144, 0.995823, -0.091265, 0.002607, 0.000097, 0.090487, 0.982724, -0.161448, -0.004111, 0.012172, 0.161010, 0.986878, 0.197920, 0.000000, 0.000000, 0.000000, 1.000000, 0.012127, 0.160541, 0.986955, 0.219922, -0.995823, 0.091265, -0.002609, -0.000097, -0.090493, -0.982801, 0.160978, 0.204090, 0.000000, 0.000000, 0.000000, 1.000000, 0.995160, -0.061157, 0.076914, 0.022811, 0.078760, 0.028377, -0.996490, 0.110499, 0.058759, 0.997725, 0.033056, 0.000014, 0.000000, 0.000000, 0.000000, 1.000000
-14.9494, 0.0943, -4.1161, 197.9419, 219.9438, -0.0947, 204.0951, 22.8111, 110.4921, 0.0228, 0.995825, -0.091250, 0.002597, 0.000094, 0.090472, 0.982747, -0.161316, -0.004116, 0.012168, 0.160877, 0.986899, 0.197942, 0.000000, 0.000000, 0.000000, 1.000000, 0.012122, 0.160409, 0.986976, 0.219944, -0.995825, 0.091250, -0.002599, -0.000095, -0.090478, -0.982824, 0.160845, 0.204095, 0.000000, 0.000000, 0.000000, 1.000000, 0.995160, -0.061159, 0.076912, 0.022811, 0.078759, 0.028377, -0.996490, 0.110492, 0.058761, 0.997725, 0.033057, 0.000023, 0.000000, 0.000000, 0.000000, 1.000000
-14.9419, 0.0918, -4.1226, 197.9652, 219.9671, -0.0922, 204.1016, 22.8108, 110.4850, 0.0316, 0.995826, -0.091232, 0.002586, 0.000092, 0.090455, 0.982772, -0.161177, -0.004123, 0.012163, 0.160738, 0.986922, 0.197965, 0.000000, 0.000000, 0.000000, 1.000000, 0.012118, 0.160270, 0.986999, 0.219967, -0.995826, 0.091232, -0.002588, -0.000092, -0.090461, -0.982848, 0.160706, 0.204102, 0.000000, 0.000000, 0.000000, 1.000000, 0.995160, -0.061161, 0.076910, 0.022811, 0.078757, 0.028377, -0.996490, 0.110485, 0.058764, 0.997724, 0.033057, 0.000032, 0.000000, 0.000000, 0.000000, 1.000000
-14.9380, 0.0904, -4.1264, 197.9771, 219.9790, -0.0908, 204.1054, 22.8106, 110.4813, 0.0362, 0.995827, -0.091223, 0.002581, 0.000090, 0.090446, 0.982784, -0.161106, -0.004126, 0.012160, 0.160667, 0.986934, 0.197977, 0.000000, 0.000000, 0.000000, 1.000000, 0.012115, 0.160198, 0.987010, 0.219979, -0.995827, 0.091222, -0.002583, -0.000091, -0.090451, -0.982861, 0.160635, 0.204105, 0.000000, 0.000000, 0.000000, 1.000000, 0.995160, -0.061162, 0.076909, 0.022811, 0.078756, 0.028377, -0.996490, 0.110481, 0.058765, 0.997724, 0.033057, 0.000036, 0.000000, 0.000000, 0.000000, 1.000000
-14.9299, 0.0875, -4.1350, 198.0017, 220.0036, -0.0879, 204.1140, 22.8101, 110.4737, 0.0455, 0.995829, -0.091202, 0.002569, 0.000087, 0.090425, 0.982810, -0.160960, -0.004135, 0.012155, 0.160521, 0.986958, 0.198002, 0.000000, 0.000000, 0.000000, 1.000000, 0.012110, 0.160052, 0.987034, 0.220004, -0.995829, 0.091202, -0.002571, -0.000088, -0.090431, -0.982886, 0.160489, 0.204114, 0.000000, 0.000000, 0.000000, 1.000000, 0.995160, -0.061165, 0.076907, 0.022810, 0.078754, 0.028377, -0.996490, 0.110474, 0.058768, 0.997724, 0.033057, 0.000046, 0.000000, 0.000000, 0.000000, 1.000000
-14.9214, 0.0842, -4.1448, 198.0270, 220.0289, -0.0846, 204.1238, 22.8095, 110.4659, 0.0552, 0.995831, -0.091180, 0.002556, 0.000084, 0.090402, 0.982837, -0.160809, -0.004145, 0.012151, 0.160369, 0.986982, 0.198027, 0.000000, 0.000000, 0.000000, 1.000000, 0.012106, 0.159901, 0.987059, 0.220029, -0.995831, 0.091179, -0.002558, -0.000085, -0.090408, -0.982913, 0.160338, 0.204124, 0.000000, 0.000000, 0.000000, 1.000000, 0.995160, -0.061167, 0.076905, 0.022810, 0.078752, 0.028378, -0.996490, 0.110466, 0.058770, 0.997724, 0.033057, 0.000055, 0.000000, 0.000000, 0.000000, 1.000000
-14.9081, 0.0794, -4.1586, 198.0672, 220.0692, -0.0798, 204.1376, 22.8088, 110.4535, 0.0705, 0.995834, -0.091146, 0.002536, 0.000079, 0.090369, 0.982879, -0.160569, -0.004159, 0.012143, 0.160129, 0.987021, 0.198067, 0.000000, 0.000000, 0.000000, 1.000000, 0.012098, 0.159661, 0.987098, 0.220069, -0.995834, 0.091146, -0.002538, -0.000080, -0.090375, -0.982955, 0.160098, 0.204138, 0.000000, 0.000000, 0.000000, 1.000000, 0.995160, -0.061171, 0.076902, 0.022809, 0.078749, 0.028378, -0.996490, 0.110453, 0.058774, 0.997724, 0.033058, 0.000071, 0.000000, 0.000000, 0.000000, 1.000000
-14.9036, 0.0785, -4.1591, 198.0831, 220.0851, -0.0789, 204.1379, 22.8089, 110.4487, 0.0764, 0.995835, -0.091139, 0.002530, 0.000078, 0.090363, 0.982895, -0.160476, -0.004159, 0.012139, 0.160036, 0.987037, 0.198083, 0.000000, 0.000000, 0.000000, 1.000000, 0.012094, 0.159567, 0.987113, 0.220085, -0.995835, 0.091139, -0.002532, -0.000079, -0.090369, -0.982971, 0.160004, 0.204138, 0.000000, 0.000000, 0.000000, 1.000000, 0.995160, -0.061173, 0.076901, 0.022809, 0.078748, 0.028378, -0.996491, 0.110449, 0.058776, 0.997724, 0.033058, 0.000076, 0.000000, 0.000000, 0.000000, 1.000000
-14.8990, 0.0775, -4.1600, 198.0989, 220.1009, -0.0779, 204.1388, 22.8089, 110.4439, 0.0822, 0.995836, -0.091132, 0.002524, 0.000077, 0.090356, 0.982911, -0.160383, -0.004160, 0.012136, 0.159943, 0.987052, 0.198099, 0.000000, 0.000000, 0.000000, 1.000000, 0.012090, 0.159473, 0.987128, 0.220101, -0.995836, 0.091132, -0.002526, -0.000078, -0.090362, -0.982987, 0.159911, 0.204139, 0.000000, 0.000000, 0.000000, 1.000000, 0.995160, -0.061174, 0.076900, 0.022809, 0.078747, 0.028378, -0.996491, 0.110444, 0.058777, 0.997724, 0.033058, 0.000082, 0.000000, 0.000000, 0.000000, 1.000000
-14.8898, 0.0752, -4.1633, 198.1303, 220.1322, -0.0756, 204.1419, 22.8089, 110.4345, 0.0937, 0.995837, -0.091116, 0.002511, 0.000075, 0.090340, 0.982942, -0.160198, -0.004163, 0.012129, 0.159758, 0.987082, 0.198130, 0.000000, 0.000000, 0.000000, 1.000000, 0.012083, 0.159288, 0.987158, 0.220132, -0.995837, 0.091116, -0.002513, -0.000076, -0.090346, -0.983018, 0.159726, 0.204142, 0.000000, 0.000000, 0.000000, 1.000000, 0.995160, -0.061177, 0.076898, 0.022809, 0.078745, 0.028378, -0.996491, 0.110434, 0.058780, 0.997723, 0.033058, 0.000094, 0.000000, 0.000000, 0.000000, 1.000000
-14.8804, 0.0726, -4.1685, 198.1611, 220.1631, -0.0730, 204.1470, 22.8088, 110.4251, 0.1052, 0.995839, -0.091098, 0.002497, 0.000073, 0.090323, 0.982973, -0.160016, -0.004168, 0.012122, 0.159576, 0.987111, 0.198161, 0.000000, 0.000000, 0.000000, 1.000000, 0.012077, 0.159105, 0.987188, 0.220163, -0.995839, 0.091098, -0.002499, -0.000073, -0.090328, -0.983050, 0.159543, 0.204147, 0.000000, 0.000000, 0.000000, 1.000000, 0.995160, -0.061180, 0.076896, 0.022809, 0.078743, 0.028378, -0.996491, 0.110425, 0.058783, 0.997723, 0.033058, 0.000105, 0.000000, 0.000000, 0.000000, 1.000000
-14.8757, 0.0711, -4.1718, 198.1764, 220.1784, -0.0715, 204.1502, 22.8086, 110.4205, 0.1109, 0.995840, -0.091088, 0.002490, 0.000071, 0.090313, 0.982989, -0.159926, -0.004172, 0.012119, 0.159486, 0.987126, 0.198176, 0.000000, 0.000000, 0.000000, 1.000000, 0.012074, 0.159014, 0.987202, 0.220178, -0.995840, 0.091088, -0.002492, -0.000072, -0.090319, -0.983065, 0.159453, 0.204150, 0.000000, 0.000000, 0.000000, 1.000000, 0.995160, -0.061182, 0.076894, 0.022809, 0.078742, 0.028378, -0.996491, 0.110421, 0.058785, 0.997723, 0.033058, 0.000111, 0.000000, 0.000000, 0.000000, 1.000000
-14.8661, 0.0680, -4.1797, 198.2064, 220.2084, -0.0684, 204.1580, 22.8082, 110.4113, 0.1222, 0.995842, -0.091067, 0.002476, 0.000068, 0.090291, 0.983020, -0.159749, -0.004180, 0.012114, 0.159308, 0.987155, 0.198206, 0.000000, 0.000000, 0.000000, 1.000000, 0.012069, 0.158836, 0.987231, 0.220208, -0.995842, 0.091066, -0.002478, -0.000068, -0.090297, -0.983096, 0.159275, 0.204158, 0.000000, 0.000000, 0.000000, 1.000000, 0.995160, -0.061184, 0.076892, 0.022808, 0.078740, 0.028378, -0.996491, 0.110411, 0.058788, 0.997723, 0.033058, 0.000122, 0.000000, 0.000000, 0.000000, 1.000000
-14.8613, 0.0663, -4.1843, 198.2213, 220.2233, -0.0667, 204.1626, 22.8080, 110.4068, 0.1278, 0.995843, -0.091055, 0.002469, 0.000066, 0.090280, 0.983035, -0.159661, -0.004184, 0.012111, 0.159220, 0.987169, 0.198221, 0.000000, 0.000000, 0.000000, 1.000000, 0.012066, 0.158748, 0.987245, 0.220223, -0.995843, 0.091055, -0.002471, -0.000067, -0.090286, -0.983111, 0.159187, 0.204163, 0.000000, 0.000000, 0.000000, 1.000000, 0.995160, -0.061186, 0.076891, 0.022808, 0.078739, 0.028378, -0.996491, 0.110407, 0.058789, 0.997723, 0.033058, 0.000128, 0.000000, 0.000000, 0.000000, 1.000000
-14.8420, 0.0589, -4.2068, 198.2789, 220.2809, -0.0593, 204.1849, 22.8067, 110.3891, 0.1496, 0.995848, -0.091004, 0.002438, 0.000059, 0.090229, 0.983095, -0.159320, -0.004207, 0.012102, 0.158879, 0.987224, 0.198279, 0.000000, 0.000000, 0.000000, 1.000000, 0.012057, 0.158406, 0.987300, 0.220281, -0.995848, 0.091004, -0.002440, -0.000059, -0.090235, -0.983171, 0.158845, 0.204185, 0.000000, 0.000000, 0.000000, 1.000000, 0.995160, -0.061192, 0.076886, 0.022807, 0.078734, 0.028379, -0.996492, 0.110389, 0.058795, 0.997723, 0.033059, 0.000150, 0.000000, 0.000000, 0.000000, 1.000000
-14.8325, 0.0549, -4.2201, 198.3064, 220.3084, -0.0553, 204.1981, 22.8058, 110.3806, 0.1601, 0.995850, -0.090977, 0.002422, 0.000055, 0.090201, 0.983124, -0.159157, -0.004220, 0.012098, 0.158715, 0.987250, 0.198306, 0.000000, 0.000000, 0.000000, 1.000000, 0.012053, 0.158242, 0.987327, 0.220308, -0.995850, 0.090976, -0.002424, -0.000055, -0.090207, -0.983200, 0.158681, 0.204198, 0.000000, 0.000000, 0.000000, 1.000000, 0.995160, -0.061195, 0.076884, 0.022806, 0.078732, 0.028379, -0.996492, 0.110381, 0.058798, 0.997722, 0.033059, 0.000160, 0.000000, 0.000000, 0.000000, 1.000000
-14.8230, 0.0506, -4.2346, 198.3330, 220.3351, -0.0510, 204.2124, 22.8049, 110.3723, 0.1703, 0.995853, -0.090948, 0.002406, 0.000051, 0.090172, 0.983152, -0.158999, -0.004235, 0.012095, 0.158557, 0.987276, 0.198333, 0.000000, 0.000000, 0.000000, 1.000000, 0.012049, 0.158083, 0.987352, 0.220335, -0.995853, 0.090948, -0.002408, -0.000051, -0.090178, -0.983229, 0.158523, 0.204212, 0.000000, 0.000000, 0.000000, 1.000000, 0.995160, -0.061198, 0.076882, 0.022805, 0.078730, 0.028379, -0.996492, 0.110372, 0.058801, 0.997722, 0.033060, 0.000170, 0.000000, 0.000000, 0.000000, 1.000000
-14.8136, 0.0462, -4.2500, 198.3588, 220.3608, -0.0466, 204.2278, 22.8038, 110.3642, 0.1803, 0.995855, -0.090918, 0.002390, 0.000046, 0.090142, 0.983180, -0.158846, -0.004250, 0.012092, 0.158403, 0.987300, 0.198359, 0.000000, 0.000000, 0.000000, 1.000000, 0.012046, 0.157929, 0.987377, 0.220361, -0.995856, 0.090918, -0.002392, -0.000047, -0.090148, -0.983256, 0.158370, 0.204228, 0.000000, 0.000000, 0.000000, 1.000000, 0.995160, -0.061200, 0.076879, 0.022804, 0.078728, 0.028380, -0.996492, 0.110364, 0.058804, 0.997722, 0.033060, 0.000180, 0.000000, 0.000000, 0.000000, 1.000000
-14.8044, 0.0417, -4.2663, 198.3837, 220.3857, -0.0421, 204.2440, 22.8027, 110.3565, 0.1900, 0.995858, -0.090888, 0.002374, 0.000042, 0.090111, 0.983206, -0.158698, -0.004266, 0.012089, 0.158255, 0.987324, 0.198384, 0.000000, 0.000000, 0.000000, 1.000000, 0.012044, 0.157780, 0.987401, 0.220386, -0.995858, 0.090887, -0.002376, -0.000042, -0.090117, -0.983283, 0.158222, 0.204244, 0.000000, 0.000000, 0.000000, 1.000000, 0.995160, -0.061203, 0.076877, 0.022803, 0.078725, 0.028380, -0.996492, 0.110356, 0.058807, 0.997722, 0.033061, 0.000190, 0.000000, 0.000000, 0.000000, 1.000000
-14.7998, 0.0394, -4.2747, 198.3958, 220.3978, -0.0398, 204.2524, 22.8021, 110.3527, 0.1947, 0.995860, -0.090872, 0.002366, 0.000039, 0.090096, 0.983219, -0.158626, -0.004275, 0.012088, 0.158182, 0.987336, 0.198396, 0.000000, 0.000000, 0.000000, 1.000000, 0.012042, 0.157708, 0.987412, 0.220398, -0.995860, 0.090872, -0.002368, -0.000040, -0.090101, -0.983296, 0.158149, 0.204252, 0.000000, 0.000000, 0.000000, 1.000000, 0.995160, -0.061204, 0.076876, 0.022802, 0.078724, 0.028380, -0.996492, 0.110353, 0.058808, 0.997722, 0.033061, 0.000195, 0.000000, 0.000000, 0.000000, 1.000000
-14.7953, 0.0371, -4.2832, 198.4077, 220.4098, -0.0375, 204.2609, 22.8015, 110.3489, 0.1993, 0.995861, -0.090856, 0.002358, 0.000037, 0.090080, 0.983232, -0.158555, -0.004283, 0.012087, 0.158111, 0.987347, 0.198408, 0.000000, 0.000000, 0.000000, 1.000000, 0.012041, 0.157637, 0.987424, 0.220410, -0.995861, 0.090856, -0.002360, -0.000037, -0.090086, -0.983309, 0.158078, 0.204261, 0.000000, 0.000000, 0.000000, 1.000000, 0.995160, -0.061206, 0.076875, 0.022802, 0.078723, 0.028380, -0.996492, 0.110349, 0.058809, 0.997722, 0.033061, 0.000199, 0.000000, 0.000000, 0.000000, 1.000000
-14.7863, 0.0324, -4.3008, 198.4310, 220.4330, -0.0328, 204.2784, 22.8003, 110.3416, 0.2084, 0.995864, -0.090825, 0.002343, 0.000032, 0.090048, 0.983258, -0.158417, -0.004301, 0.012085, 0.157972, 0.987370, 0.198431, 0.000000, 0.000000, 0.000000, 1.000000, 0.012039, 0.157498, 0.987446, 0.220433, -0.995864, 0.090825, -0.002344, -0.000033, -0.090054, -0.983334, 0.157940, 0.204278, 0.000000, 0.000000, 0.000000, 1.000000, 0.995160, -0.061208, 0.076873, 0.022800, 0.078721, 0.028381, -0.996493, 0.110342, 0.058812, 0.997721, 0.033062, 0.000208, 0.000000, 0.000000, 0.000000, 1.000000
-14.7775, 0.0276, -4.3188, 198.4536, 220.4556, -0.0280, 204.2963, 22.7990, 110.3344, 0.2173, 0.995867, -0.090793, 0.002327, 0.000028, 0.090015, 0.983282, -0.158282, -0.004319, 0.012083, 0.157837, 0.987391, 0.198454, 0.000000, 0.000000, 0.000000, 1.000000, 0.012038, 0.157362, 0.987468, 0.220456, -0.995867, 0.090792, -0.002329, -0.000028, -0.090021, -0.983358, 0.157805, 0.204296, 0.000000, 0.000000, 0.000000, 1.000000, 0.995160, -0.061211, 0.076871, 0.022799, 0.078719, 0.028381, -0.996493, 0.110334, 0.058815, 0.997721, 0.033062, 0.000217, 0.000000, 0.000000, 0.000000, 1.000000
-14.7687, 0.0227, -4.3371, 198.4756, 220.4777, -0.0231, 204.3146, 22.7977, 110.3274, 0.2260, 0.995870, -0.090760, 0.002311, 0.000023, 0.089982, 0.983306, -0.158151, -0.004337, 0.012081, 0.157705, 0.987412, 0.198476, 0.000000, 0.000000, 0.000000, 1.000000, 0.012036, 0.157230, 0.987489, 0.220478, -0.995870, 0.090760, -0.002313, -0.000023, -0.089988, -0.983383, 0.157673, 0.204315, 0.000000, 0.000000, 0.000000, 1.000000, 0.995160, -0.061214, 0.076868, 0.022798, 0.078717, 0.028382, -0.996493, 0.110327, 0.058817, 0.997721, 0.033063, 0.000226, 0.000000, 0.000000, 0.000000, 1.000000
-14.7644, 0.0203, -4.3463, 198.4864, 220.4884, -0.0207, 204.3238, 22.7970, 110.3240, 0.2303, 0.995872, -0.090744, 0.002303, 0.000020, 0.089966, 0.983318, -0.158086, -0.004346, 0.012081, 0.157641, 0.987423, 0.198486, 0.000000, 0.000000, 0.000000, 1.000000, 0.012035, 0.157166, 0.987499, 0.220488, -0.995872, 0.090744, -0.002305, -0.000021, -0.089972, -0.983394, 0.157609, 0.204324, 0.000000, 0.000000, 0.000000, 1.000000, 0.995160, -0.061215, 0.076867, 0.022797, 0.078716, 0.028382, -0.996493, 0.110324, 0.058818, 0.997721, 0.033063, 0.000230, 0.000000, 0.000000, 0.000000, 1.000000
-14.7560, 0.0164, -4.3592, 198.5102, 220.5123, -0.0168, 204.3366, 22.7962, 110.3166, 0.2394, 0.995874, -0.090718, 0.002289, 0.000016, 0.089940, 0.983343, -0.157945, -0.004359, 0.012078, 0.157499, 0.987445, 0.198510, 0.000000, 0.000000, 0.000000, 1.000000, 0.012032, 0.157024, 0.987522, 0.220512, -0.995874, 0.090718, -0.002291, -0.000017, -0.089946, -0.983419, 0.157468, 0.204337, 0.000000, 0.000000, 0.000000, 1.000000, 0.995160, -0.061217, 0.076865, 0.022796, 0.078714, 0.028382, -0.996493, 0.110317, 0.058821, 0.997721, 0.033063, 0.000239, 0.000000, 0.000000, 0.000000, 1.000000
-14.7518, 0.0145, -4.3658, 198.5218, 220.5239, -0.0149, 204.3432, 22.7957, 110.3130, 0.2439, 0.995875, -0.090705, 0.002282, 0.000014, 0.089927, 0.983356, -0.157876, -0.004366, 0.012077, 0.157430, 0.987456, 0.198522, 0.000000, 0.000000, 0.000000, 1.000000, 0.012031, 0.156955, 0.987533, 0.220524, -0.995875, 0.090705, -0.002284, -0.000015, -0.089933, -0.983432, 0.157398, 0.204343, 0.000000, 0.000000, 0.000000, 1.000000, 0.995160, -0.061219, 0.076864, 0.022796, 0.078713, 0.028382, -0.996493, 0.110313, 0.058822, 0.997721, 0.033064, 0.000244, 0.000000, 0.000000, 0.000000, 1.000000
-14.7435, 0.0105, -4.3795, 198.5446, 220.5467, -0.0109, 204.3568, 22.7948, 110.3059, 0.2527, 0.995878, -0.090679, 0.002267, 0.000011, 0.089900, 0.983380, -0.157741, -0.004379, 0.012074, 0.157295, 0.987478, 0.198545, 0.000000, 0.000000, 0.000000, 1.000000, 0.012029, 0.156819, 0.987554, 0.220547, -0.995878, 0.090679, -0.002269, -0.000011, -0.089906, -0.983456, 0.157263, 0.204357, 0.000000, 0.000000, 0.000000, 1.000000, 0.995160, -0.061221, 0.076862, 0.022795, 0.078711, 0.028383, -0.996493, 0.110306, 0.058825, 0.997721, 0.033064, 0.000253, 0.000000, 0.000000, 0.000000, 1.000000
-14.7354, 0.0065, -4.3936, 198.5667, 220.5688, -0.0069, 204.3708, 22.7938, 110.2990, 0.2612, 0.995880, -0.090652, 0.002253, 0.000006, 0.089873, 0.983403, -0.157610, -0.004394, 0.012072, 0.157163, 0.987499, 0.198567, 0.000000, 0.000000, 0.000000, 1.000000, 0.012026, 0.156687, 0.987575, 0.220569, -0.995880, 0.090652, -0.002255, -0.000007, -0.089879, -0.983479, 0.157132, 0.204371, 0.000000, 0.000000, 0.000000, 1.000000, 0.995160, -0.061223, 0.076860, 0.022794, 0.078709, 0.028383, -0.996493, 0.110299, 0.058827, 0.997720, 0.033064, 0.000261, 0.000000, 0.000000, 0.000000, 1.000000
-14.7313, 0.0044, -4.4008, 198.5775, 220.5796, -0.0048, 204.3780, 22.7933, 110.2956, 0.2654, 0.995881, -0.090639, 0.002246, 0.000004, 0.089859, 0.983415, -0.157546, -0.004401, 0.012071, 0.157099, 0.987509, 0.198578, 0.000000, 0.000000, 0.000000, 1.000000, 0.012025, 0.156622, 0.987585, 0.220580, -0.995881, 0.090638, -0.002248, -0.000005, -0.089865, -0.983491, 0.157067, 0.204378, 0.000000, 0.000000, 0.000000, 1.000000, 0.995160, -0.061225, 0.076859, 0.022793, 0.078709, 0.028383, -0.996494, 0.110296, 0.058828, 0.997720, 0.033065, 0.000265, 0.000000, 0.000000, 0.000000, 1.000000
-14.7232, 0.0003, -4.4156, 198.5989, 220.6010, -0.0007, 204.3928, 22.7923, 110.2888, 0.2737, 0.995884, -0.090611, 0.002232, 0.000000, 0.089831, 0.983438, -0.157419, -0.004416, 0.012069, 0.156971, 0.987529, 0.198599, 0.000000, 0.000000, 0.000000, 1.000000, 0.012023, 0.156494, 0.987606, 0.220601, -0.995884, 0.090611, -0.002234, -0.000001, -0.089837, -0.983514, 0.156939, 0.204393, 0.000000, 0.000000, 0.000000, 1.000000, 0.995160, -0.061227, 0.076857, 0.022792, 0.078707, 0.028383, -0.996494, 0.110289, 0.058831, 0.997720, 0.033065, 0.000274, 0.000000, 0.000000, 0.000000, 1.000000
-14.7193, -0.0018, -4.4232, 198.6094, 220.6116, 0.0014, 204.4003, 22.7918, 110.2855, 0.2778, 0.995885, -0.090597, 0.002225, -0.000002, 0.089817, 0.983449, -0.157356, -0.004423, 0.012068, 0.156908, 0.987539, 0.198609, 0.000000, 0.000000, 0.000000, 1.000000, 0.012022, 0.156431, 0.987616, 0.220612, -0.995885, 0.090597, -0.002227, 0.000001, -0.089823, -0.983525, 0.156877, 0.204400, 0.000000, 0.000000, 0.000000, 1.000000, 0.995160, -0.061228, 0.076856, 0.022792, 0.078706, 0.028384, -0.996494, 0.110286, 0.058832, 0.997720, 0.033065, 0.000278, 0.000000, 0.000000, 0.000000, 1.000000
-14.7074, -0.0080, -4.4461, 198.6404, 220.6426, 0.0076, 204.4231, 22.7901, 110.2757, 0.2900, 0.995889, -0.090555, 0.002205, -0.000008, 0.089775, 0.983482, -0.157171, -0.004446, 0.012065, 0.156723, 0.987569, 0.198640, 0.000000, 0.000000, 0.000000, 1.000000, 0.012019, 0.156246, 0.987645, 0.220643, -0.995889, 0.090555, -0.002207, 0.000008, -0.089781, -0.983558, 0.156692, 0.204423, 0.000000, 0.000000, 0.000000, 1.000000, 0.995160, -0.061232, 0.076854, 0.022790, 0.078703, 0.028384, -0.996494, 0.110276, 0.058836, 0.997720, 0.033066, 0.000290, 0.000000, 0.000000, 0.000000, 1.000000
-14.6995, -0.0122, -4.4616, 198.6606, 220.6628, 0.0118, 204.4386, 22.7890, 110.2693, 0.2979, 0.995892, -0.090527, 0.002191, -0.000012, 0.089747, 0.983504, -0.157051, -0.004462, 0.012063, 0.156602, 0.987588, 0.198661, 0.000000, 0.000000, 0.000000, 1.000000, 0.012017, 0.156124, 0.987664, 0.220663, -0.995892, 0.090527, -0.002193, 0.000012, -0.089752, -0.983580, 0.156571, 0.204439, 0.000000, 0.000000, 0.000000, 1.000000, 0.995160, -0.061234, 0.076852, 0.022789, 0.078701, 0.028385, -0.996494, 0.110269, 0.058838, 0.997720, 0.033066, 0.000298, 0.000000, 0.000000, 0.000000, 1.000000
-14.6957, -0.0138, -4.4665, 198.6720, 220.6741, 0.0134, 204.4434, 22.7887, 110.2658, 0.3022, 0.995893, -0.090516, 0.002185, -0.000014, 0.089736, 0.983516, -0.156983, -0.004466, 0.012061, 0.156535, 0.987599, 0.198672, 0.000000, 0.000000, 0.000000, 1.000000, 0.012015, 0.156057, 0.987675, 0.220674, -0.995893, 0.090516, -0.002187, 0.000013, -0.089742, -0.983592, 0.156504, 0.204443, 0.000000, 0.000000, 0.000000, 1.000000, 0.995160, -0.061235, 0.076851, 0.022789, 0.078700, 0.028385, -0.996494, 0.110266, 0.058839, 0.997720, 0.033067, 0.000302, 0.000000, 0.000000, 0.000000, 1.000000
-14.6880, -0.0171, -4.4765, 198.6942, 220.6963, 0.0167, 204.4533, 22.7881, 110.2589, 0.3107, 0.995895, -0.090495, 0.002172, -0.000017, 0.089714, 0.983539, -0.156852, -0.004477, 0.012058, 0.156403, 0.987620, 0.198694, 0.000000, 0.000000, 0.000000, 1.000000, 0.012012, 0.155925, 0.987696, 0.220696, -0.995895, 0.090494, -0.002174, 0.000017, -0.089720, -0.983615, 0.156372, 0.204453, 0.000000, 0.000000, 0.000000, 1.000000, 0.995160, -0.061237, 0.076849, 0.022788, 0.078698, 0.028385, -0.996494, 0.110259, 0.058841, 0.997720, 0.033067, 0.000311, 0.000000, 0.000000, 0.000000, 1.000000
-14.6843, -0.0187, -4.4818, 198.7051, 220.7072, 0.0183, 204.4585, 22.7878, 110.2555, 0.3148, 0.995896, -0.090484, 0.002166, -0.000019, 0.089703, 0.983550, -0.156787, -0.004482, 0.012056, 0.156338, 0.987630, 0.198705, 0.000000, 0.000000, 0.000000, 1.000000, 0.012010, 0.155860, 0.987706, 0.220707, -0.995896, 0.090483, -0.002168, 0.000018, -0.089709, -0.983626, 0.156307, 0.204459, 0.000000, 0.000000, 0.000000, 1.000000, 0.995160, -0.061239, 0.076848, 0.022788, 0.078698, 0.028385, -0.996494, 0.110256, 0.058843, 0.997719, 0.033067, 0.000315, 0.000000, 0.000000, 0.000000, 1.000000
-14.6767, -0.0221, -4.4926, 198.7264, 220.7286, 0.0217, 204.4693, 22.7871, 110.2489, 0.3230, 0.995898, -0.090461, 0.002154, -0.000022, 0.089681, 0.983572, -0.156661, -0.004493, 0.012053, 0.156211, 0.987650, 0.198726, 0.000000, 0.000000, 0.000000, 1.000000, 0.012007, 0.155732, 0.987726, 0.220729, -0.995898, 0.090461, -0.002156, 0.000022, -0.089686, -0.983648, 0.156180, 0.204469, 0.000000, 0.000000, 0.000000, 1.000000, 0.995160, -0.061241, 0.076846, 0.022787, 0.078696, 0.028385, -0.996494, 0.110249, 0.058845, 0.997719, 0.033067, 0.000323, 0.000000, 0.000000, 0.000000, 1.000000
-14.6693, -0.0254, -4.5039, 198.7473, 220.7495, 0.0250, 204.4805, 22.7863, 110.2424, 0.3310, 0.995900, -0.090438, 0.002142, -0.000025, 0.089658, 0.983594, -0.156537, -0.004504, 0.012050, 0.156087, 0.987670, 0.198747, 0.000000, 0.000000, 0.000000, 1.000000, 0.012005, 0.155607, 0.987746, 0.220749, -0.995900, 0.090438, -0.002144, 0.000025, -0.089664, -0.983670, 0.156055, 0.204480, 0.000000, 0.000000, 0.000000, 1.000000, 0.995160, -0.061243, 0.076844, 0.022786, 0.078694, 0.028386, -0.996495, 0.110242, 0.058847, 0.997719, 0.033068, 0.000331, 0.000000, 0.000000, 0.000000, 1.000000
-14.6656, -0.0272, -4.5097, 198.7576, 220.7597, 0.0268, 204.4862, 22.7859, 110.2392, 0.3350, 0.995901, -0.090427, 0.002136, -0.000027, 0.089646, 0.983605, -0.156476, -0.004510, 0.012049, 0.156026, 0.987680, 0.198758, 0.000000, 0.000000, 0.000000, 1.000000, 0.012003, 0.155546, 0.987756, 0.220760, -0.995901, 0.090427, -0.002138, 0.000027, -0.089652, -0.983681, 0.155994, 0.204486, 0.000000, 0.000000, 0.000000, 1.000000, 0.995160, -0.061244, 0.076843, 0.022786, 0.078693, 0.028386, -0.996495, 0.110239, 0.058848, 0.997719, 0.033068, 0.000335, 0.000000, 0.000000, 0.000000, 1.000000
-14.6583, -0.0306, -4.5216, 198.7778, 220.7799, 0.0302, 204.4981, 22.7851, 110.2328, 0.3428, 0.995903, -0.090404, 0.002124, -0.000031, 0.089623, 0.983626, -0.156355, -0.004522, 0.012046, 0.155905, 0.987699, 0.198778, 0.000000, 0.000000, 0.000000, 1.000000, 0.012000, 0.155425, 0.987775, 0.220780, -0.995903, 0.090403, -0.002126, 0.000030, -0.089628, -0.983702, 0.155873, 0.204498, 0.000000, 0.000000, 0.000000, 1.000000, 0.995160, -0.061246, 0.076842, 0.022785, 0.078692, 0.028386, -0.996495, 0.110233, 0.058850, 0.997719, 0.033068, 0.000343, 0.000000, 0.000000, 0.000000, 1.000000
-14.6546, -0.0324, -4.5277, 198.7877, 220.7899, 0.0320, 204.5041, 22.7847, 110.2297, 0.3466, 0.995904, -0.090392, 0.002118, -0.000032, 0.089611, 0.983637, -0.156296, -0.004528, 0.012045, 0.155845, 0.987708, 0.198788, 0.000000, 0.000000, 0.000000, 1.000000, 0.011999, 0.155366, 0.987784, 0.220790, -0.995904, 0.090391, -0.002120, 0.000032, -0.089616, -0.983713, 0.155814, 0.204504, 0.000000, 0.000000, 0.000000, 1.000000, 0.995160, -0.061247, 0.076841, 0.022785, 0.078691, 0.028386, -0.996495, 0.110230, 0.058852, 0.997719, 0.033068, 0.000347, 0.000000, 0.000000, 0.000000, 1.000000
-14.6473, -0.0359, -4.5402, 198.8075, 220.8097, 0.0355, 204.5165, 22.7839, 110.2234, 0.3543, 0.995906, -0.090368, 0.002105, -0.000036, 0.089586, 0.983658, -0.156178, -0.004540, 0.012042, 0.155727, 0.987727, 0.198808, 0.000000, 0.000000, 0.000000, 1.000000, 0.011997, 0.155247, 0.987803, 0.220810, -0.995906, 0.090367, -0.002108, 0.000036, -0.089592, -0.983734, 0.155696, 0.204517, 0.000000, 0.000000, 0.000000, 1.000000, 0.995160, -0.061250, 0.076839, 0.022784, 0.078689, 0.028386, -0.996495, 0.110223, 0.058854, 0.997719, 0.033069, 0.000354, 0.000000, 0.000000, 0.000000, 1.000000
-14.6401, -0.0390, -4.5500, 198.8283, 220.8305, 0.0386, 204.5263, 22.7832, 110.2170, 0.3622, 0.995908, -0.090347, 0.002094, -0.000039, 0.089565, 0.983679, -0.156054, -0.004550, 0.012039, 0.155603, 0.987746, 0.198828, 0.000000, 0.000000, 0.000000, 1.000000, 0.011993, 0.155123, 0.987822, 0.220831, -0.995908, 0.090346, -0.002096, 0.000039, -0.089571, -0.983755, 0.155571, 0.204526, 0.000000, 0.000000, 0.000000, 1.000000, 0.995160, -0.061252, 0.076837, 0.022783, 0.078687, 0.028387, -0.996495, 0.110217, 0.058856, 0.997719, 0.033069, 0.000362, 0.000000, 0.000000, 0.000000, 1.000000
-14.6329, -0.0407, -4.5519, 198.8529, 220.8551, 0.0403, 204.5280, 22.7833, 110.2095, 0.3712, 0.995909, -0.090335, 0.002084, -0.000041, 0.089554, 0.983703, -0.155910, -0.004552, 0.012034, 0.155459, 0.987769, 0.198853, 0.000000, 0.000000, 0.000000, 1.000000, 0.011988, 0.154977, 0.987845, 0.220855, -0.995909, 0.090335, -0.002086, 0.000040, -0.089560, -0.983779, 0.155426, 0.204528, 0.000000, 0.000000, 0.000000, 1.000000, 0.995160, -0.061254, 0.076835, 0.022783, 0.078686, 0.028387, -0.996495, 0.110210, 0.058858, 0.997718, 0.033069, 0.000371, 0.000000, 0.000000, 0.000000, 1.000000
-14.6294, -0.0416, -4.5533, 198.8649, 220.8671, 0.0412, 204.5293, 22.7833, 110.2059, 0.3756, 0.995910, -0.090329, 0.002079, -0.000042, 0.089548, 0.983715, -0.155839, -0.004553, 0.012031, 0.155388, 0.987780, 0.198865, 0.000000, 0.000000, 0.000000, 1.000000, 0.011985, 0.154906, 0.987856, 0.220867, -0.995910, 0.090328, -0.002081, 0.000041, -0.089554, -0.983791, 0.155355, 0.204529, 0.000000, 0.000000, 0.000000, 1.000000, 0.995160, -0.061255, 0.076835, 0.022783, 0.078685, 0.028387, -0.996495, 0.110206, 0.058859, 0.997718, 0.033069, 0.000376, 0.000000, 0.000000, 0.000000, 1.000000
-14.6223, -0.0436, -4.5572, 198.8883, 220.8906, 0.0432, 204.5330, 22.7831, 110.1988, 0.3843, 0.995911, -0.090315, 0.002069, -0.000044, 0.089534, 0.983738, -0.155701, -0.004557, 0.012026, 0.155250, 0.987802, 0.198888, 0.000000, 0.000000, 0.000000, 1.000000, 0.011980, 0.154767, 0.987878, 0.220891, -0.995911, 0.090314, -0.002071, 0.000043, -0.089540, -0.983814, 0.155217, 0.204533, 0.000000, 0.000000, 0.000000, 1.000000, 0.995160, -0.061257, 0.076833, 0.022783, 0.078683, 0.028387, -0.996495, 0.110199, 0.058862, 0.997718, 0.033069, 0.000384, 0.000000, 0.000000, 0.000000, 1.000000
-14.6187, -0.0447, -4.5596, 198.8998, 220.9020, 0.0443, 204.5354, 22.7830, 110.1953, 0.3886, 0.995912, -0.090307, 0.002064, -0.000045, 0.089527, 0.983749, -0.155634, -0.004560, 0.012024, 0.155182, 0.987813, 0.198900, 0.000000, 0.000000, 0.000000, 1.000000, 0.011978, 0.154699, 0.987889, 0.220902, -0.995912, 0.090307, -0.002066, 0.000044, -0.089533, -0.983826, 0.155149, 0.204535, 0.000000, 0.000000, 0.000000, 1.000000, 0.995160, -0.061258, 0.076832, 0.022783, 0.078682, 0.028387, -0.996495, 0.110195, 0.058863, 0.997718, 0.033069, 0.000389, 0.000000, 0.000000, 0.000000, 1.000000
-14.6116, -0.0470, -4.5655, 198.9223, 220.9245, 0.0466, 204.5411, 22.7828, 110.1884, 0.3969, 0.995913, -0.090291, 0.002054, -0.000047, 0.089511, 0.983772, -0.155501, -0.004565, 0.012020, 0.155050, 0.987834, 0.198922, 0.000000, 0.000000, 0.000000, 1.000000, 0.011974, 0.154566, 0.987910, 0.220924, -0.995913, 0.090291, -0.002056, 0.000047, -0.089517, -0.983848, 0.155015, 0.204541, 0.000000, 0.000000, 0.000000, 1.000000, 0.995160, -0.061261, 0.076830, 0.022783, 0.078681, 0.028387, -0.996496, 0.110188, 0.058865, 0.997718, 0.033069, 0.000397, 0.000000, 0.000000, 0.000000, 1.000000
-14.6080, -0.0483, -4.5689, 198.9333, 220.9355, 0.0479, 204.5444, 22.7826, 110.1850, 0.4011, 0.995914, -0.090282, 0.002048, -0.000048, 0.089502, 0.983783, -0.155436, -0.004569, 0.012018, 0.154985, 0.987844, 0.198933, 0.000000, 0.000000, 0.000000, 1.000000, 0.011972, 0.154500, 0.987920, 0.220936, -0.995914, 0.090282, -0.002050, 0.000048, -0.089508, -0.983859, 0.154950, 0.204544, 0.000000, 0.000000, 0.000000, 1.000000, 0.995160, -0.061262, 0.076829, 0.022783, 0.078680, 0.028387, -0.996496, 0.110185, 0.058866, 0.997718, 0.033069, 0.000401, 0.000000, 0.000000, 0.000000, 1.000000
-14.6008, -0.0509, -4.5767, 198.9549, 220.9571, 0.0505, 204.5521, 22.7821, 110.1784, 0.4092, 0.995916, -0.090264, 0.002038, -0.000051, 0.089484, 0.983805, -0.155308, -0.004577, 0.012014, 0.154856, 0.987864, 0.198955, 0.000000, 0.000000, 0.000000, 1.000000, 0.011968, 0.154372, 0.987940, 0.220957, -0.995916, 0.090264, -0.002040, 0.000051, -0.089490, -0.983881, 0.154821, 0.204552, 0.000000, 0.000000, 0.000000, 1.000000, 0.995160, -0.061264, 0.076828, 0.022782, 0.078678, 0.028387, -0.996496, 0.110178, 0.058868, 0.997718, 0.033070, 0.000409, 0.000000, 0.000000, 0.000000, 1.000000
-14.5901, -0.0553, -4.5906, 198.9863, 220.9885, 0.0549, 204.5658, 22.7813, 110.1686, 0.4211, 0.995919, -0.090234, 0.002021, -0.000055, 0.089454, 0.983837, -0.155122, -0.004591, 0.012009, 0.154670, 0.987893, 0.198986, 0.000000, 0.000000, 0.000000, 1.000000, 0.011963, 0.154184, 0.987970, 0.220989, -0.995919, 0.090234, -0.002023, 0.000055, -0.089460, -0.983913, 0.154634, 0.204566, 0.000000, 0.000000, 0.000000, 1.000000, 0.995160, -0.061267, 0.076825, 0.022781, 0.078676, 0.028387, -0.996496, 0.110169, 0.058872, 0.997718, 0.033070, 0.000421, 0.000000, 0.000000, 0.000000, 1.000000
-14.5865, -0.0568, -4.5958, 198.9964, 220.9987, 0.0564, 204.5709, 22.7810, 110.1654, 0.4250, 0.995920, -0.090223, 0.002015, -0.000057, 0.089443, 0.983847, -0.155062, -0.004596, 0.012007, 0.154610, 0.987903, 0.198996, 0.000000, 0.000000, 0.000000, 1.000000, 0.011961, 0.154123, 0.987979, 0.220999, -0.995920, 0.090223, -0.002017, 0.000056, -0.089449, -0.983924, 0.154574, 0.204571, 0.000000, 0.000000, 0.000000, 1.000000, 0.995160, -0.061268, 0.076824, 0.022781, 0.078675, 0.028387, -0.996496, 0.110165, 0.058873, 0.997718, 0.033070, 0.000425, 0.000000, 0.000000, 0.000000, 1.000000
