# Joint_5_Angle(deg), Cam_X(mm), Cam_Y(mm), Cam_Z(mm), Torso_X(mm), Torso_Y(mm), Torso_Z(mm), EE_X(mm), EE_Y(mm), EE_Z(mm), T_cam2marker_flat(16), T_torso2marker_flat(16), T_ee2marker_flat(16)
-24.9997, -53.6670, 16.4037, 229.7957, 251.7461, 53.6657, 182.9848, 28.0233, -102.2290, 11.6688, 0.871065, 0.490833, 0.018136, -0.053667, -0.491142, 0.870804, 0.021905, 0.016404, -0.005041, -0.027988, 0.999596, 0.229796, 0.000000, 0.000000, 0.000000, 1.000000, -0.003582, -0.030587, 0.999526, 0.251746, -0.871065, -0.490833, -0.018142, 0.053666, 0.491155, -0.870717, -0.024885, 0.182985, 0.000000, 0.000000, 0.000000, 1.000000, -0.997124, 0.075207, 0.009393, 0.028023, 0.008419, -0.013257, 0.999877, -0.102229, 0.075322, 0.997080, 0.012586, 0.011669, 0.000000, 0.000000, 0.000000, 1.000000
-25.0010, -53.6724, 16.4196, 229.8015, 251.7519, 53.6711, 182.9688, 28.0262, -102.2272, 11.6690, 0.871047, 0.490865, 0.018138, -0.053672, -0.491175, 0.870785, 0.021941, 0.016420, -0.005024, -0.028021, 0.999595, 0.229802, 0.000000, 0.000000, 0.000000, 1.000000, -0.003564, -0.030619, 0.999525, 0.251752, -0.871047, -0.490865, -0.018143, 0.053671, 0.491187, -0.870697, -0.024921, 0.182969, 0.000000, 0.000000, 0.000000, 1.000000, -0.997124, 0.075207, 0.009394, 0.028026, 0.008420, -0.013255, 0.999877, -0.102227, 0.075322, 0.997080, 0.012584, 0.011669, 0.000000, 0.000000, 0.000000, 1.000000
-25.0013, -53.6748, 16.4313, 229.8057, 251.7560, 53.6735, 182.9570, 28.0278, -102.2258, 11.6694, 0.871039, 0.490880, 0.018138, -0.053675, -0.491189, 0.870776, 0.021968, 0.016431, -0.005010, -0.028044, 0.999594, 0.229806, 0.000000, 0.000000, 0.000000, 1.000000, -0.003551, -0.030643, 0.999524, 0.251756, -0.871039, -0.490879, -0.018143, 0.053673, 0.491202, -0.870688, -0.024948, 0.182957, 0.000000, 0.000000, 0.000000, 1.000000, -0.997124, 0.075207, 0.009394, 0.028028, 0.008420, -0.013255, 0.999877, -0.102226, 0.075322, 0.997080, 0.012583, 0.011669, 0.000000, 0.000000, 0.000000, 1.000000
-25.0015, -53.6768, 16.4415, 229.8094, 251.7596, 53.6755, 182.9466, 28.0292, -102.2246, 11.6698, 0.871032, 0.490892, 0.018138, -0.053677, -0.491202, 0.870768, 0.021991, 0.016442, -0.004999, -0.028064, 0.999594, 0.229809, 0.000000, 0.000000, 0.000000, 1.000000, -0.003539, -0.030664, 0.999523, 0.251760, -0.871032, -0.490892, -0.018144, 0.053675, 0.491214, -0.870681, -0.024972, 0.182947, 0.000000, 0.000000, 0.000000, 1.000000, -0.997124, 0.075207, 0.009394, 0.028029, 0.008420, -0.013254, 0.999877, -0.102225, 0.075322, 0.997080, 0.012583, 0.011670, 0.000000, 0.000000, 0.000000, 1.000000
-25.0016, -53.6788, 16.4537, 229.8138, 251.7640, 53.6775, 182.9342, 28.0308, -102.2231, 11.6704, 0.871024, 0.490905, 0.018138, -0.053679, -0.491214, 0.870760, 0.022019, 0.016454, -0.004984, -0.028089, 0.999593, 0.229814, 0.000000, 0.000000, 0.000000, 1.000000, -0.003524, -0.030689, 0.999523, 0.251764, -0.871024, -0.490905, -0.018144, 0.053678, 0.491227, -0.870673, -0.025001, 0.182934, 0.000000, 0.000000, 0.000000, 1.000000, -0.997124, 0.075206, 0.009394, 0.028031, 0.008420, -0.013253, 0.999877, -0.102223, 0.075322, 0.997080, 0.012582, 0.011670, 0.000000, 0.000000, 0.000000, 1.000000
-25.0015, -53.6793, 16.4598, 229.8161, 251.7662, 53.6780, 182.9281, 28.0314, -102.2223, 11.6708, 0.871022, 0.490908, 0.018138, -0.053679, -0.491218, 0.870758, 0.022033, 0.016460, -0.004977, -0.028101, 0.999593, 0.229816, 0.000000, 0.000000, 0.000000, 1.000000, -0.003517, -0.030701, 0.999522, 0.251766, -0.871022, -0.490908, -0.018143, 0.053678, 0.491231, -0.870670, -0.025015, 0.182928, 0.000000, 0.000000, 0.000000, 1.000000, -0.997124, 0.075206, 0.009394, 0.028031, 0.008420, -0.013253, 0.999877, -0.102222, 0.075322, 0.997080, 0.012582, 0.011671, 0.000000, 0.000000, 0.000000, 1.000000
-24.9998, -53.6764, 16.4672, 229.8188, 251.7689, 53.6751, 182.9204, 28.0309, -102.2213, 11.6720, 0.871031, 0.490893, 0.018136, -0.053676, -0.491203, 0.870766, 0.022050, 0.016467, -0.004967, -0.028115, 0.999592, 0.229819, 0.000000, 0.000000, 0.000000, 1.000000, -0.003506, -0.030716, 0.999522, 0.251769, -0.871031, -0.490893, -0.018141, 0.053675, 0.491215, -0.870678, -0.025034, 0.182920, 0.000000, 0.000000, 0.000000, 1.000000, -0.997124, 0.075207, 0.009393, 0.028031, 0.008419, -0.013254, 0.999877, -0.102221, 0.075322, 0.997080, 0.012583, 0.011672, 0.000000, 0.000000, 0.000000, 1.000000
-24.9978, -53.6715, 16.4665, 229.8185, 251.7687, 53.6702, 182.9209, 28.0292, -102.2212, 11.6730, 0.871047, 0.490865, 0.018133, -0.053671, -0.491175, 0.870782, 0.022049, 0.016467, -0.004967, -0.028112, 0.999592, 0.229819, 0.000000, 0.000000, 0.000000, 1.000000, -0.003505, -0.030715, 0.999522, 0.251769, -0.871047, -0.490865, -0.018139, 0.053670, 0.491188, -0.870694, -0.025033, 0.182921, 0.000000, 0.000000, 0.000000, 1.000000, -0.997124, 0.075207, 0.009392, 0.028029, 0.008418, -0.013256, 0.999877, -0.102221, 0.075322, 0.997080, 0.012584, 0.011673, 0.000000, 0.000000, 0.000000, 1.000000
-24.9960, -53.6666, 16.4640, 229.8176, 251.7677, 53.6653, 182.9234, 28.0273, -102.2214, 11.6739, 0.871062, 0.490838, 0.018130, -0.053667, -0.491147, 0.870798, 0.022044, 0.016464, -0.004968, -0.028106, 0.999593, 0.229818, 0.000000, 0.000000, 0.000000, 1.000000, -0.003506, -0.030709, 0.999522, 0.251768, -0.871062, -0.490838, -0.018136, 0.053665, 0.491160, -0.870710, -0.025028, 0.182923, 0.000000, 0.000000, 0.000000, 1.000000, -0.997124, 0.075207, 0.009391, 0.028027, 0.008417, -0.013257, 0.999877, -0.102221, 0.075322, 0.997080, 0.012586, 0.011674, 0.000000, 0.000000, 0.000000, 1.000000
-24.9936, -53.6602, 16.4597, 229.8160, 251.7661, 53.6589, 182.9276, 28.0248, -102.2217, 11.6750, 0.871083, 0.490802, 0.018127, -0.053660, -0.491111, 0.870818, 0.022035, 0.016460, -0.004971, -0.028097, 0.999593, 0.229816, 0.000000, 0.000000, 0.000000, 1.000000, -0.003509, -0.030700, 0.999522, 0.251766, -0.871083, -0.490801, -0.018133, 0.053659, 0.491124, -0.870730, -0.025020, 0.182928, 0.000000, 0.000000, 0.000000, 1.000000, -0.997124, 0.075208, 0.009390, 0.028025, 0.008416, -0.013259, 0.999877, -0.102222, 0.075323, 0.997080, 0.012588, 0.011675, 0.000000, 0.000000, 0.000000, 1.000000
-24.9907, -53.6521, 16.4538, 229.8137, 251.7639, 53.6508, 182.9334, 28.0217, -102.2222, 11.6762, 0.871109, 0.490756, 0.018123, -0.053652, -0.491065, 0.870844, 0.022022, 0.016454, -0.004975, -0.028083, 0.999593, 0.229814, 0.000000, 0.000000, 0.000000, 1.000000, -0.003513, -0.030687, 0.999523, 0.251764, -0.871109, -0.490756, -0.018129, 0.053651, 0.491078, -0.870757, -0.025007, 0.182933, 0.000000, 0.000000, 0.000000, 1.000000, -0.997124, 0.075208, 0.009389, 0.028022, 0.008414, -0.013262, 0.999877, -0.102222, 0.075323, 0.997080, 0.012591, 0.011676, 0.000000, 0.000000, 0.000000, 1.000000
-24.9850, -53.6365, 16.4418, 229.8091, 251.7593, 53.6352, 182.9453, 28.0155, -102.2232, 11.6787, 0.871159, 0.490667, 0.018115, -0.053636, -0.490976, 0.870895, 0.021996, 0.016442, -0.004983, -0.028057, 0.999594, 0.229809, 0.000000, 0.000000, 0.000000, 1.000000, -0.003522, -0.030660, 0.999524, 0.251759, -0.871159, -0.490667, -0.018121, 0.053635, 0.490989, -0.870808, -0.024982, 0.182945, 0.000000, 0.000000, 0.000000, 1.000000, -0.997124, 0.075209, 0.009386, 0.028015, 0.008411, -0.013267, 0.999877, -0.102223, 0.075324, 0.997080, 0.012596, 0.011679, 0.000000, 0.000000, 0.000000, 1.000000
-24.9803, -53.6236, 16.4318, 229.8053, 251.7555, 53.6223, 182.9553, 28.0104, -102.2240, 11.6807, 0.871200, 0.490594, 0.018109, -0.053624, -0.490903, 0.870937, 0.021975, 0.016432, -0.004991, -0.028034, 0.999595, 0.229805, 0.000000, 0.000000, 0.000000, 1.000000, -0.003529, -0.030638, 0.999524, 0.251755, -0.871200, -0.490594, -0.018114, 0.053622, 0.490915, -0.870850, -0.024961, 0.182955, 0.000000, 0.000000, 0.000000, 1.000000, -0.997124, 0.075210, 0.009384, 0.028010, 0.008409, -0.013271, 0.999877, -0.102224, 0.075325, 0.997079, 0.012600, 0.011681, 0.000000, 0.000000, 0.000000, 1.000000
-24.9718, -53.6003, 16.4140, 229.7984, 251.7486, 53.5990, 182.9731, 28.0012, -102.2254, 11.6843, 0.871275, 0.490461, 0.018096, -0.053600, -0.490770, 0.871013, 0.021937, 0.016414, -0.005003, -0.027994, 0.999596, 0.229798, 0.000000, 0.000000, 0.000000, 1.000000, -0.003542, -0.030599, 0.999525, 0.251749, -0.871275, -0.490461, -0.018102, 0.053599, 0.490782, -0.870926, -0.024923, 0.182973, 0.000000, 0.000000, 0.000000, 1.000000, -0.997124, 0.075211, 0.009380, 0.028001, 0.008404, -0.013278, 0.999877, -0.102225, 0.075327, 0.997079, 0.012608, 0.011684, 0.000000, 0.000000, 0.000000, 1.000000
-24.9614, -53.5719, 16.3929, 229.7901, 251.7404, 53.5706, 182.9941, 27.9901, -102.2271, 11.6888, 0.871366, 0.490301, 0.018081, -0.053572, -0.490608, 0.871105, 0.021892, 0.016393, -0.005017, -0.027947, 0.999597, 0.229790, 0.000000, 0.000000, 0.000000, 1.000000, -0.003556, -0.030552, 0.999527, 0.251740, -0.871366, -0.490300, -0.018087, 0.053571, 0.490621, -0.871018, -0.024879, 0.182994, 0.000000, 0.000000, 0.000000, 1.000000, -0.997123, 0.075213, 0.009375, 0.027990, 0.008398, -0.013287, 0.999876, -0.102227, 0.075328, 0.997079, 0.012617, 0.011689, 0.000000, 0.000000, 0.000000, 1.000000
-24.9401, -53.5137, 16.3514, 229.7738, 251.7242, 53.5124, 183.0355, 27.9673, -102.2303, 11.6982, 0.871552, 0.489970, 0.018050, -0.053514, -0.490276, 0.871294, 0.021804, 0.016351, -0.005044, -0.027853, 0.999599, 0.229774, 0.000000, 0.000000, 0.000000, 1.000000, -0.003584, -0.030459, 0.999530, 0.251724, -0.871552, -0.489970, -0.018056, 0.053512, 0.490289, -0.871207, -0.024791, 0.183035, 0.000000, 0.000000, 0.000000, 1.000000, -0.997123, 0.075217, 0.009365, 0.027967, 0.008387, -0.013306, 0.999876, -0.102230, 0.075332, 0.997078, 0.012637, 0.011698, 0.000000, 0.000000, 0.000000, 1.000000
-24.9302, -53.4879, 16.3398, 229.7689, 251.7193, 53.4866, 183.0470, 27.9578, -102.2308, 11.7028, 0.871634, 0.489825, 0.018036, -0.053488, -0.490130, 0.871377, 0.021781, 0.016340, -0.005047, -0.027825, 0.999600, 0.229769, 0.000000, 0.000000, 0.000000, 1.000000, -0.003587, -0.030432, 0.999530, 0.251719, -0.871634, -0.489824, -0.018041, 0.053487, 0.490143, -0.871290, -0.024769, 0.183047, 0.000000, 0.000000, 0.000000, 1.000000, -0.997123, 0.075218, 0.009360, 0.027958, 0.008381, -0.013314, 0.999876, -0.102231, 0.075334, 0.997078, 0.012645, 0.011703, 0.000000, 0.000000, 0.000000, 1.000000
-24.9140, -53.4453, 16.3195, 229.7604, 251.7109, 53.4440, 183.0671, 27.9418, -102.2319, 11.7105, 0.871770, 0.489584, 0.018012, -0.053445, -0.489889, 0.871514, 0.021740, 0.016320, -0.005054, -0.027776, 0.999601, 0.229760, 0.000000, 0.000000, 0.000000, 1.000000, -0.003594, -0.030384, 0.999532, 0.251711, -0.871770, -0.489584, -0.018017, 0.053444, 0.489902, -0.871427, -0.024728, 0.183067, 0.000000, 0.000000, 0.000000, 1.000000, -0.997123, 0.075221, 0.009352, 0.027942, 0.008373, -0.013327, 0.999876, -0.102232, 0.075336, 0.997078, 0.012659, 0.011710, 0.000000, 0.000000, 0.000000, 1.000000
-24.9023, -53.4143, 16.3040, 229.7540, 251.7045, 53.4130, 183.0825, 27.9302, -102.2328, 11.7160, 0.871869, 0.489409, 0.017994, -0.053414, -0.489713, 0.871613, 0.021709, 0.016304, -0.005060, -0.027739, 0.999602, 0.229754, 0.000000, 0.000000, 0.000000, 1.000000, -0.003600, -0.030348, 0.999533, 0.251705, -0.871869, -0.489409, -0.018000, 0.053413, 0.489726, -0.871526, -0.024698, 0.183083, 0.000000, 0.000000, 0.000000, 1.000000, -0.997123, 0.075223, 0.009346, 0.027930, 0.008366, -0.013337, 0.999876, -0.102233, 0.075338, 0.997078, 0.012669, 0.011716, 0.000000, 0.000000, 0.000000, 1.000000
-24.8898, -53.3812, 16.2871, 229.7470, 251.6976, 53.3799, 183.0994, 27.9178, -102.2338, 11.7218, 0.871974, 0.489222, 0.017976, -0.053381, -0.489526, 0.871719, 0.021674, 0.016287, -0.005066, -0.027699, 0.999603, 0.229747, 0.000000, 0.000000, 0.000000, 1.000000, -0.003607, -0.030309, 0.999534, 0.251698, -0.871974, -0.489222, -0.017982, 0.053380, 0.489539, -0.871633, -0.024663, 0.183099, 0.000000, 0.000000, 0.000000, 1.000000, -0.997123, 0.075225, 0.009340, 0.027918, 0.008359, -0.013348, 0.999876, -0.102234, 0.075340, 0.997077, 0.012680, 0.011722, 0.000000, 0.000000, 0.000000, 1.000000
-24.8766, -53.3462, 16.2687, 229.7395, 251.6901, 53.3449, 183.1177, 27.9046, -102.2348, 11.7280, 0.872085, 0.489024, 0.017956, -0.053346, -0.489327, 0.871832, 0.021637, 0.016269, -0.005074, -0.027656, 0.999605, 0.229739, 0.000000, 0.000000, 0.000000, 1.000000, -0.003616, -0.030266, 0.999535, 0.251690, -0.872085, -0.489024, -0.017962, 0.053345, 0.489340, -0.871745, -0.024626, 0.183118, 0.000000, 0.000000, 0.000000, 1.000000, -0.997123, 0.075227, 0.009334, 0.027905, 0.008352, -0.013359, 0.999876, -0.102235, 0.075343, 0.997077, 0.012692, 0.011728, 0.000000, 0.000000, 0.000000, 1.000000
-24.8555, -53.2901, 16.2387, 229.7272, 251.6779, 53.2888, 183.1476, 27.8834, -102.2366, 11.7377, 0.872264, 0.488707, 0.017926, -0.053290, -0.489009, 0.872012, 0.021575, 0.016239, -0.005087, -0.027585, 0.999607, 0.229727, 0.000000, 0.000000, 0.000000, 1.000000, -0.003629, -0.030196, 0.999537, 0.251678, -0.872264, -0.488707, -0.017931, 0.053289, 0.489022, -0.871925, -0.024566, 0.183148, 0.000000, 0.000000, 0.000000, 1.000000, -0.997123, 0.075231, 0.009324, 0.027883, 0.008341, -0.013376, 0.999876, -0.102237, 0.075346, 0.997076, 0.012710, 0.011738, 0.000000, 0.000000, 0.000000, 1.000000
-24.8406, -53.2505, 16.2173, 229.7185, 251.6692, 53.2492, 183.1690, 27.8684, -102.2380, 11.7446, 0.872389, 0.488484, 0.017904, -0.053251, -0.488785, 0.872139, 0.021531, 0.016217, -0.005097, -0.027535, 0.999608, 0.229718, 0.000000, 0.000000, 0.000000, 1.000000, -0.003640, -0.030147, 0.999539, 0.251669, -0.872389, -0.488483, -0.017910, 0.053249, 0.488798, -0.872052, -0.024522, 0.183169, 0.000000, 0.000000, 0.000000, 1.000000, -0.997122, 0.075233, 0.009317, 0.027868, 0.008332, -0.013389, 0.999876, -0.102238, 0.075349, 0.997076, 0.012723, 0.011745, 0.000000, 0.000000, 0.000000, 1.000000
-24.8251, -53.2092, 16.1947, 229.7093, 251.6601, 53.2079, 183.1915, 27.8528, -102.2394, 11.7517, 0.872520, 0.488250, 0.017881, -0.053209, -0.488551, 0.872271, 0.021485, 0.016195, -0.005107, -0.027482, 0.999609, 0.229709, 0.000000, 0.000000, 0.000000, 1.000000, -0.003650, -0.030095, 0.999540, 0.251660, -0.872520, -0.488250, -0.017887, 0.053208, 0.488564, -0.872185, -0.024476, 0.183191, 0.000000, 0.000000, 0.000000, 1.000000, -0.997122, 0.075236, 0.009309, 0.027853, 0.008324, -0.013402, 0.999876, -0.102239, 0.075351, 0.997076, 0.012737, 0.011752, 0.000000, 0.000000, 0.000000, 1.000000
-24.7840, -53.0995, 16.1344, 229.6847, 251.6357, 53.0982, 183.2517, 27.8113, -102.2431, 11.7706, 0.872868, 0.487631, 0.017822, -0.053100, -0.487929, 0.872622, 0.021361, 0.016134, -0.005135, -0.027341, 0.999613, 0.229685, 0.000000, 0.000000, 0.000000, 1.000000, -0.003680, -0.029955, 0.999544, 0.251636, -0.872868, -0.487630, -0.017827, 0.053098, 0.487942, -0.872536, -0.024352, 0.183252, 0.000000, 0.000000, 0.000000, 1.000000, -0.997122, 0.075243, 0.009290, 0.027811, 0.008301, -0.013436, 0.999875, -0.102243, 0.075358, 0.997075, 0.012773, 0.011771, 0.000000, 0.000000, 0.000000, 1.000000
-24.7669, -53.0537, 16.1090, 229.6744, 251.6255, 53.0524, 183.2770, 27.7939, -102.2447, 11.7785, 0.873013, 0.487372, 0.017797, -0.053054, -0.487669, 0.872768, 0.021308, 0.016109, -0.005147, -0.027281, 0.999615, 0.229674, 0.000000, 0.000000, 0.000000, 1.000000, -0.003692, -0.029897, 0.999546, 0.251625, -0.873013, -0.487371, -0.017802, 0.053052, 0.487682, -0.872683, -0.024301, 0.183277, 0.000000, 0.000000, 0.000000, 1.000000, -0.997122, 0.075246, 0.009281, 0.027794, 0.008292, -0.013451, 0.999875, -0.102245, 0.075361, 0.997074, 0.012788, 0.011779, 0.000000, 0.000000, 0.000000, 1.000000
-24.7494, -53.0069, 16.0832, 229.6639, 251.6150, 53.0056, 183.3028, 27.7762, -102.2464, 11.7865, 0.873161, 0.487107, 0.017771, -0.053007, -0.487404, 0.872918, 0.021255, 0.016083, -0.005159, -0.027221, 0.999616, 0.229664, 0.000000, 0.000000, 0.000000, 1.000000, -0.003705, -0.029837, 0.999548, 0.251615, -0.873161, -0.487107, -0.017777, 0.053006, 0.487417, -0.872832, -0.024248, 0.183303, 0.000000, 0.000000, 0.000000, 1.000000, -0.997122, 0.075249, 0.009273, 0.027776, 0.008282, -0.013466, 0.999875, -0.102246, 0.075364, 0.997074, 0.012804, 0.011787, 0.000000, 0.000000, 0.000000, 1.000000
-24.7315, -52.9592, 16.0570, 229.6532, 251.6044, 52.9579, 183.3290, 27.7582, -102.2480, 11.7947, 0.873312, 0.486838, 0.017745, -0.052959, -0.487134, 0.873070, 0.021201, 0.016057, -0.005172, -0.027160, 0.999618, 0.229653, 0.000000, 0.000000, 0.000000, 1.000000, -0.003718, -0.029776, 0.999550, 0.251604, -0.873312, -0.486838, -0.017751, 0.052958, 0.487147, -0.872985, -0.024194, 0.183329, 0.000000, 0.000000, 0.000000, 1.000000, -0.997122, 0.075252, 0.009264, 0.027758, 0.008273, -0.013481, 0.999875, -0.102248, 0.075367, 0.997073, 0.012819, 0.011795, 0.000000, 0.000000, 0.000000, 1.000000
-24.7135, -52.9109, 16.0304, 229.6424, 251.5937, 52.9096, 183.3555, 27.7399, -102.2497, 11.8030, 0.873464, 0.486565, 0.017719, -0.052911, -0.486860, 0.873224, 0.021146, 0.016030, -0.005184, -0.027097, 0.999619, 0.229642, 0.000000, 0.000000, 0.000000, 1.000000, -0.003731, -0.029715, 0.999551, 0.251594, -0.873464, -0.486565, -0.017725, 0.052910, 0.486874, -0.873139, -0.024139, 0.183355, 0.000000, 0.000000, 0.000000, 1.000000, -0.997121, 0.075255, 0.009256, 0.027740, 0.008263, -0.013496, 0.999875, -0.102250, 0.075370, 0.997073, 0.012835, 0.011803, 0.000000, 0.000000, 0.000000, 1.000000
-24.6952, -52.8620, 16.0037, 229.6315, 251.5829, 52.8607, 183.3822, 27.7214, -102.2513, 11.8114, 0.873619, 0.486289, 0.017693, -0.052862, -0.486583, 0.873380, 0.021091, 0.016004, -0.005196, -0.027035, 0.999621, 0.229632, 0.000000, 0.000000, 0.000000, 1.000000, -0.003744, -0.029653, 0.999553, 0.251583, -0.873619, -0.486289, -0.017699, 0.052861, 0.486597, -0.873295, -0.024084, 0.183382, 0.000000, 0.000000, 0.000000, 1.000000, -0.997121, 0.075258, 0.009247, 0.027721, 0.008253, -0.013511, 0.999875, -0.102251, 0.075373, 0.997073, 0.012851, 0.011811, 0.000000, 0.000000, 0.000000, 1.000000
-24.6767, -52.8126, 15.9768, 229.6206, 251.5720, 52.8113, 183.4091, 27.7027, -102.2530, 11.8199, 0.873774, 0.486011, 0.017666, -0.052813, -0.486304, 0.873537, 0.021036, 0.015977, -0.005209, -0.026972, 0.999623, 0.229621, 0.000000, 0.000000, 0.000000, 1.000000, -0.003757, -0.029590, 0.999555, 0.251572, -0.873774, -0.486010, -0.017672, 0.052811, 0.486317, -0.873452, -0.024029, 0.183409, 0.000000, 0.000000, 0.000000, 1.000000, -0.997121, 0.075261, 0.009238, 0.027703, 0.008243, -0.013527, 0.999875, -0.102253, 0.075376, 0.997072, 0.012867, 0.011820, 0.000000, 0.000000, 0.000000, 1.000000
-24.6582, -52.7629, 15.9499, 229.6096, 251.5611, 52.7616, 183.4360, 27.6840, -102.2547, 11.8284, 0.873931, 0.485730, 0.017640, -0.052763, -0.486022, 0.873695, 0.020980, 0.015950, -0.005221, -0.026908, 0.999624, 0.229610, 0.000000, 0.000000, 0.000000, 1.000000, -0.003770, -0.029528, 0.999557, 0.251561, -0.873931, -0.485730, -0.017645, 0.052762, 0.486036, -0.873610, -0.023974, 0.183436, 0.000000, 0.000000, 0.000000, 1.000000, -0.997121, 0.075264, 0.009229, 0.027684, 0.008232, -0.013542, 0.999874, -0.102255, 0.075380, 0.997072, 0.012884, 0.011828, 0.000000, 0.000000, 0.000000, 1.000000
-24.6396, -52.7131, 15.9231, 229.5987, 251.5503, 52.7118, 183.4628, 27.6652, -102.2564, 11.8369, 0.874087, 0.485449, 0.017613, -0.052713, -0.485741, 0.873853, 0.020925, 0.015923, -0.005233, -0.026845, 0.999626, 0.229599, 0.000000, 0.000000, 0.000000, 1.000000, -0.003783, -0.029465, 0.999559, 0.251550, -0.874087, -0.485449, -0.017619, 0.052712, 0.485754, -0.873768, -0.023919, 0.183463, 0.000000, 0.000000, 0.000000, 1.000000, -0.997121, 0.075267, 0.009220, 0.027665, 0.008222, -0.013558, 0.999874, -0.102256, 0.075383, 0.997071, 0.012900, 0.011837, 0.000000, 0.000000, 0.000000, 1.000000
-24.6209, -52.6633, 15.8964, 229.5878, 251.5395, 52.6620, 183.4894, 27.6464, -102.2580, 11.8455, 0.874244, 0.485168, 0.017586, -0.052663, -0.485459, 0.874011, 0.020870, 0.015896, -0.005245, -0.026783, 0.999628, 0.229588, 0.000000, 0.000000, 0.000000, 1.000000, -0.003796, -0.029403, 0.999560, 0.251539, -0.874244, -0.485168, -0.017592, 0.052662, 0.485472, -0.873926, -0.023864, 0.183489, 0.000000, 0.000000, 0.000000, 1.000000, -0.997121, 0.075270, 0.009211, 0.027646, 0.008212, -0.013573, 0.999874, -0.102258, 0.075386, 0.997071, 0.012916, 0.011845, 0.000000, 0.000000, 0.000000, 1.000000
-24.6023, -52.6136, 15.8700, 229.5770, 251.5287, 52.6123, 183.5159, 27.6276, -102.2596, 11.8540, 0.874400, 0.484888, 0.017559, -0.052614, -0.485177, 0.874168, 0.020815, 0.015870, -0.005257, -0.026720, 0.999629, 0.229577, 0.000000, 0.000000, 0.000000, 1.000000, -0.003808, -0.029341, 0.999562, 0.251529, -0.874400, -0.484888, -0.017565, 0.052612, 0.485191, -0.874084, -0.023809, 0.183516, 0.000000, 0.000000, 0.000000, 1.000000, -0.997120, 0.075273, 0.009202, 0.027628, 0.008202, -0.013589, 0.999874, -0.102260, 0.075389, 0.997070, 0.012933, 0.011854, 0.000000, 0.000000, 0.000000, 1.000000
-24.5746, -52.5394, 15.8309, 229.5610, 251.5128, 52.5381, 183.5550, 27.5997, -102.2620, 11.8668, 0.874633, 0.484470, 0.017520, -0.052539, -0.484758, 0.874403, 0.020735, 0.015831, -0.005274, -0.026628, 0.999631, 0.229561, 0.000000, 0.000000, 0.000000, 1.000000, -0.003827, -0.029250, 0.999565, 0.251513, -0.874633, -0.484469, -0.017525, 0.052538, 0.484771, -0.874319, -0.023729, 0.183555, 0.000000, 0.000000, 0.000000, 1.000000, -0.997120, 0.075278, 0.009189, 0.027600, 0.008186, -0.013612, 0.999874, -0.102262, 0.075394, 0.997070, 0.012957, 0.011867, 0.000000, 0.000000, 0.000000, 1.000000
-24.5563, -52.4904, 15.8054, 229.5505, 251.5024, 52.4891, 183.5805, 27.5813, -102.2635, 11.8752, 0.874786, 0.484193, 0.017493, -0.052490, -0.484481, 0.874558, 0.020682, 0.015805, -0.005285, -0.026568, 0.999633, 0.229551, 0.000000, 0.000000, 0.000000, 1.000000, -0.003839, -0.029190, 0.999567, 0.251502, -0.874786, -0.484193, -0.017499, 0.052489, 0.484494, -0.874474, -0.023676, 0.183581, 0.000000, 0.000000, 0.000000, 1.000000, -0.997120, 0.075281, 0.009180, 0.027581, 0.008176, -0.013628, 0.999874, -0.102264, 0.075397, 0.997069, 0.012973, 0.011875, 0.000000, 0.000000, 0.000000, 1.000000
-24.5381, -52.4418, 15.7802, 229.5402, 251.4922, 52.4405, 183.6057, 27.5630, -102.2650, 11.8836, 0.874938, 0.483919, 0.017467, -0.052442, -0.484206, 0.874711, 0.020630, 0.015780, -0.005296, -0.026508, 0.999635, 0.229540, 0.000000, 0.000000, 0.000000, 1.000000, -0.003850, -0.029131, 0.999568, 0.251492, -0.874938, -0.483919, -0.017473, 0.052441, 0.484219, -0.874628, -0.023625, 0.183606, 0.000000, 0.000000, 0.000000, 1.000000, -0.997120, 0.075284, 0.009171, 0.027563, 0.008166, -0.013643, 0.999874, -0.102265, 0.075400, 0.997069, 0.012989, 0.011884, 0.000000, 0.000000, 0.000000, 1.000000
-24.5201, -52.3937, 15.7555, 229.5300, 251.4821, 52.3924, 183.6305, 27.5449, -102.2665, 11.8919, 0.875089, 0.483648, 0.017442, -0.052394, -0.483934, 0.874863, 0.020579, 0.015755, -0.005306, -0.026449, 0.999636, 0.229530, 0.000000, 0.000000, 0.000000, 1.000000, -0.003861, -0.029073, 0.999570, 0.251482, -0.875089, -0.483648, -0.017447, 0.052392, 0.483947, -0.874780, -0.023574, 0.183630, 0.000000, 0.000000, 0.000000, 1.000000, -0.997120, 0.075287, 0.009162, 0.027545, 0.008156, -0.013658, 0.999873, -0.102267, 0.075403, 0.997068, 0.013004, 0.011892, 0.000000, 0.000000, 0.000000, 1.000000
-24.5023, -52.3462, 15.7312, 229.5201, 251.4722, 52.3449, 183.6547, 27.5271, -102.2679, 11.9001, 0.875237, 0.483381, 0.017416, -0.052346, -0.483665, 0.875012, 0.020530, 0.015731, -0.005316, -0.026392, 0.999638, 0.229520, 0.000000, 0.000000, 0.000000, 1.000000, -0.003872, -0.029016, 0.999571, 0.251472, -0.875237, -0.483381, -0.017422, 0.052345, 0.483679, -0.874929, -0.023524, 0.183655, 0.000000, 0.000000, 0.000000, 1.000000, -0.997120, 0.075290, 0.009154, 0.027527, 0.008146, -0.013673, 0.999873, -0.102268, 0.075406, 0.997068, 0.013020, 0.011900, 0.000000, 0.000000, 0.000000, 1.000000
-24.4848, -52.2995, 15.7076, 229.5103, 251.4625, 52.2982, 183.6784, 27.5096, -102.2693, 11.9082, 0.875383, 0.483117, 0.017391, -0.052299, -0.483401, 0.875159, 0.020481, 0.015708, -0.005326, -0.026336, 0.999639, 0.229510, 0.000000, 0.000000, 0.000000, 1.000000, -0.003882, -0.028960, 0.999573, 0.251463, -0.875383, -0.483117, -0.017397, 0.052298, 0.483415, -0.875077, -0.023475, 0.183678, 0.000000, 0.000000, 0.000000, 1.000000, -0.997120, 0.075293, 0.009145, 0.027510, 0.008137, -0.013687, 0.999873, -0.102269, 0.075409, 0.997068, 0.013035, 0.011908, 0.000000, 0.000000, 0.000000, 1.000000
-24.4675, -52.2535, 15.6845, 229.5008, 251.4530, 52.2522, 183.7015, 27.4923, -102.2707, 11.9161, 0.875526, 0.482858, 0.017367, -0.052253, -0.483141, 0.875304, 0.020433, 0.015684, -0.005335, -0.026281, 0.999640, 0.229501, 0.000000, 0.000000, 0.000000, 1.000000, -0.003892, -0.028905, 0.999575, 0.251453, -0.875526, -0.482858, -0.017373, 0.052252, 0.483154, -0.875222, -0.023428, 0.183702, 0.000000, 0.000000, 0.000000, 1.000000, -0.997119, 0.075296, 0.009137, 0.027492, 0.008127, -0.013702, 0.999873, -0.102271, 0.075412, 0.997067, 0.013050, 0.011916, 0.000000, 0.000000, 0.000000, 1.000000
-24.4506, -52.2083, 15.6620, 229.4915, 251.4438, 52.2070, 183.7241, 27.4754, -102.2720, 11.9239, 0.875667, 0.482603, 0.017343, -0.052208, -0.482885, 0.875446, 0.020387, 0.015662, -0.005344, -0.026227, 0.999642, 0.229491, 0.000000, 0.000000, 0.000000, 1.000000, -0.003902, -0.028852, 0.999576, 0.251444, -0.875667, -0.482603, -0.017348, 0.052207, 0.482899, -0.875364, -0.023382, 0.183724, 0.000000, 0.000000, 0.000000, 1.000000, -0.997119, 0.075299, 0.009128, 0.027475, 0.008118, -0.013716, 0.999873, -0.102272, 0.075414, 0.997067, 0.013065, 0.011924, 0.000000, 0.000000, 0.000000, 1.000000
-24.4340, -52.1639, 15.6400, 229.4824, 251.4348, 52.1626, 183.7460, 27.4588, -102.2732, 11.9316, 0.875805, 0.482353, 0.017319, -0.052164, -0.482635, 0.875586, 0.020342, 0.015640, -0.005352, -0.026174, 0.999643, 0.229482, 0.000000, 0.000000, 0.000000, 1.000000, -0.003911, -0.028800, 0.999578, 0.251435, -0.875805, -0.482353, -0.017325, 0.052163, 0.482649, -0.875503, -0.023336, 0.183746, 0.000000, 0.000000, 0.000000, 1.000000, -0.997119, 0.075302, 0.009120, 0.027459, 0.008109, -0.013730, 0.999873, -0.102273, 0.075417, 0.997066, 0.013079, 0.011932, 0.000000, 0.000000, 0.000000, 1.000000
-24.4177, -52.1205, 15.6187, 229.4736, 251.4260, 52.1192, 183.7674, 27.4425, -102.2745, 11.9391, 0.875941, 0.482109, 0.017296, -0.052121, -0.482389, 0.875722, 0.020298, 0.015619, -0.005361, -0.026123, 0.999644, 0.229474, 0.000000, 0.000000, 0.000000, 1.000000, -0.003920, -0.028749, 0.999579, 0.251426, -0.875940, -0.482109, -0.017302, 0.052119, 0.482403, -0.875640, -0.023293, 0.183767, 0.000000, 0.000000, 0.000000, 1.000000, -0.997119, 0.075304, 0.009112, 0.027443, 0.008100, -0.013743, 0.999873, -0.102274, 0.075420, 0.997066, 0.013094, 0.011939, 0.000000, 0.000000, 0.000000, 1.000000
-24.3862, -52.0367, 15.5780, 229.4566, 251.4092, 52.0354, 183.8082, 27.4112, -102.2768, 11.9537, 0.876201, 0.481637, 0.017251, -0.052037, -0.481915, 0.875985, 0.020214, 0.015578, -0.005376, -0.026026, 0.999647, 0.229457, 0.000000, 0.000000, 0.000000, 1.000000, -0.003937, -0.028652, 0.999582, 0.251409, -0.876201, -0.481636, -0.017257, 0.052035, 0.481929, -0.875903, -0.023209, 0.183808, 0.000000, 0.000000, 0.000000, 1.000000, -0.997119, 0.075310, 0.009097, 0.027411, 0.008082, -0.013769, 0.999873, -0.102277, 0.075425, 0.997065, 0.013121, 0.011954, 0.000000, 0.000000, 0.000000, 1.000000
-24.3711, -51.9963, 15.5586, 229.4485, 251.4012, 51.9950, 183.8276, 27.3961, -102.2778, 11.9607, 0.876327, 0.481409, 0.017230, -0.051996, -0.481688, 0.876111, 0.020175, 0.015559, -0.005383, -0.025979, 0.999648, 0.229449, 0.000000, 0.000000, 0.000000, 1.000000, -0.003945, -0.028606, 0.999583, 0.251401, -0.876326, -0.481409, -0.017235, 0.051995, 0.481701, -0.876029, -0.023169, 0.183828, 0.000000, 0.000000, 0.000000, 1.000000, -0.997119, 0.075312, 0.009090, 0.027396, 0.008074, -0.013782, 0.999872, -0.102278, 0.075428, 0.997065, 0.013134, 0.011961, 0.000000, 0.000000, 0.000000, 1.000000
-24.3564, -51.9582, 15.5466, 229.4431, 251.3958, 51.9569, 183.8395, 27.3823, -102.2781, 11.9679, 0.876445, 0.481195, 0.017209, -0.051958, -0.481473, 0.876229, 0.020152, 0.015547, -0.005382, -0.025947, 0.999649, 0.229443, 0.000000, 0.000000, 0.000000, 1.000000, -0.003944, -0.028575, 0.999584, 0.251396, -0.876445, -0.481195, -0.017214, 0.051957, 0.481487, -0.876148, -0.023146, 0.183840, 0.000000, 0.000000, 0.000000, 1.000000, -0.997118, 0.075315, 0.009083, 0.027382, 0.008066, -0.013794, 0.999872, -0.102278, 0.075430, 0.997064, 0.013147, 0.011968, 0.000000, 0.000000, 0.000000, 1.000000
-24.3421, -51.9210, 15.5346, 229.4378, 251.3905, 51.9197, 183.8515, 27.3688, -102.2783, 11.9748, 0.876560, 0.480986, 0.017188, -0.051921, -0.481263, 0.876345, 0.020128, 0.015535, -0.005381, -0.025916, 0.999650, 0.229438, 0.000000, 0.000000, 0.000000, 1.000000, -0.003944, -0.028544, 0.999585, 0.251390, -0.876560, -0.480986, -0.017194, 0.051920, 0.481277, -0.876264, -0.023123, 0.183852, 0.000000, 0.000000, 0.000000, 1.000000, -0.997118, 0.075317, 0.009076, 0.027369, 0.008058, -0.013805, 0.999872, -0.102278, 0.075433, 0.997064, 0.013159, 0.011975, 0.000000, 0.000000, 0.000000, 1.000000
-24.3281, -51.8846, 15.5225, 229.4324, 251.3851, 51.8833, 183.8636, 27.3556, -102.2786, 11.9816, 0.876672, 0.480782, 0.017168, -0.051885, -0.481058, 0.876458, 0.020105, 0.015522, -0.005381, -0.025884, 0.999650, 0.229432, 0.000000, 0.000000, 0.000000, 1.000000, -0.003945, -0.028513, 0.999586, 0.251385, -0.876672, -0.480782, -0.017174, 0.051883, 0.481072, -0.876377, -0.023100, 0.183864, 0.000000, 0.000000, 0.000000, 1.000000, -0.997118, 0.075319, 0.009069, 0.027356, 0.008050, -0.013817, 0.999872, -0.102279, 0.075435, 0.997064, 0.013171, 0.011982, 0.000000, 0.000000, 0.000000, 1.000000
-24.3146, -51.8492, 15.5102, 229.4270, 251.3797, 51.8479, 183.8759, 27.3427, -102.2790, 11.9881, 0.876782, 0.480583, 0.017149, -0.051849, -0.480859, 0.876568, 0.020081, 0.015510, -0.005382, -0.025852, 0.999651, 0.229427, 0.000000, 0.000000, 0.000000, 1.000000, -0.003946, -0.028482, 0.999587, 0.251380, -0.876782, -0.480583, -0.017154, 0.051848, 0.480873, -0.876487, -0.023076, 0.183876, 0.000000, 0.000000, 0.000000, 1.000000, -0.997118, 0.075321, 0.009062, 0.027343, 0.008043, -0.013828, 0.999872, -0.102279, 0.075437, 0.997063, 0.013182, 0.011988, 0.000000, 0.000000, 0.000000, 1.000000
-24.3014, -51.8147, 15.4977, 229.4215, 251.3743, 51.8134, 183.8883, 27.3301, -102.2794, 11.9944, 0.876888, 0.480389, 0.017130, -0.051815, -0.480664, 0.876675, 0.020056, 0.015498, -0.005383, -0.025820, 0.999652, 0.229422, 0.000000, 0.000000, 0.000000, 1.000000, -0.003947, -0.028450, 0.999587, 0.251374, -0.876888, -0.480389, -0.017136, 0.051813, 0.480678, -0.876594, -0.023051, 0.183888, 0.000000, 0.000000, 0.000000, 1.000000, -0.997118, 0.075324, 0.009056, 0.027330, 0.008035, -0.013838, 0.999872, -0.102279, 0.075439, 0.997063, 0.013193, 0.011994, 0.000000, 0.000000, 0.000000, 1.000000
-24.2885, -51.7810, 15.4850, 229.4160, 251.3689, 51.7797, 183.9010, 27.3177, -102.2799, 12.0005, 0.876992, 0.480200, 0.017112, -0.051781, -0.480474, 0.876780, 0.020030, 0.015485, -0.005385, -0.025788, 0.999653, 0.229416, 0.000000, 0.000000, 0.000000, 1.000000, -0.003950, -0.028418, 0.999588, 0.251369, -0.876992, -0.480199, -0.017117, 0.051780, 0.480488, -0.876699, -0.023026, 0.183901, 0.000000, 0.000000, 0.000000, 1.000000, -0.997118, 0.075326, 0.009049, 0.027318, 0.008028, -0.013849, 0.999872, -0.102280, 0.075441, 0.997063, 0.013204, 0.012001, 0.000000, 0.000000, 0.000000, 1.000000
-24.2760, -51.7481, 15.4720, 229.4104, 251.3633, 51.7468, 183.9140, 27.3056, -102.2805, 12.0064, 0.877094, 0.480014, 0.017094, -0.051748, -0.480288, 0.876882, 0.020004, 0.015472, -0.005387, -0.025756, 0.999654, 0.229410, 0.000000, 0.000000, 0.000000, 1.000000, -0.003953, -0.028386, 0.999589, 0.251363, -0.877094, -0.480014, -0.017100, 0.051747, 0.480302, -0.876801, -0.023000, 0.183914, 0.000000, 0.000000, 0.000000, 1.000000, -0.997118, 0.075328, 0.009043, 0.027306, 0.008021, -0.013859, 0.999872, -0.102280, 0.075444, 0.997063, 0.013215, 0.012006, 0.000000, 0.000000, 0.000000, 1.000000
-24.2578, -51.7003, 15.4521, 229.4020, 251.3549, 51.6990, 183.9339, 27.2880, -102.2814, 12.0150, 0.877242, 0.479745, 0.017068, -0.051700, -0.480018, 0.877031, 0.019964, 0.015452, -0.005392, -0.025706, 0.999655, 0.229402, 0.000000, 0.000000, 0.000000, 1.000000, -0.003958, -0.028337, 0.999591, 0.251355, -0.877242, -0.479745, -0.017074, 0.051699, 0.480032, -0.876950, -0.022960, 0.183934, 0.000000, 0.000000, 0.000000, 1.000000, -0.997118, 0.075331, 0.009034, 0.027288, 0.008011, -0.013874, 0.999872, -0.102281, 0.075447, 0.997062, 0.013231, 0.012015, 0.000000, 0.000000, 0.000000, 1.000000
-24.2519, -51.6847, 15.4453, 229.3991, 251.3521, 51.6834, 183.9406, 27.2822, -102.2817, 12.0177, 0.877290, 0.479657, 0.017060, -0.051685, -0.479930, 0.877080, 0.019950, 0.015445, -0.005394, -0.025689, 0.999655, 0.229399, 0.000000, 0.000000, 0.000000, 1.000000, -0.003960, -0.028321, 0.999591, 0.251352, -0.877290, -0.479657, -0.017066, 0.051683, 0.479944, -0.876999, -0.022946, 0.183941, 0.000000, 0.000000, 0.000000, 1.000000, -0.997118, 0.075332, 0.009032, 0.027282, 0.008008, -0.013879, 0.999872, -0.102282, 0.075448, 0.997062, 0.013236, 0.012018, 0.000000, 0.000000, 0.000000, 1.000000
-24.2236, -51.6094, 15.4108, 229.3846, 251.3377, 51.6081, 183.9751, 27.2541, -102.2836, 12.0309, 0.877523, 0.479233, 0.017020, -0.051609, -0.479504, 0.877314, 0.019878, 0.015411, -0.005406, -0.025605, 0.999658, 0.229385, 0.000000, 0.000000, 0.000000, 1.000000, -0.003973, -0.028237, 0.999593, 0.251338, -0.877523, -0.479232, -0.017026, 0.051608, 0.479518, -0.877234, -0.022875, 0.183975, 0.000000, 0.000000, 0.000000, 1.000000, -0.997117, 0.075337, 0.009018, 0.027254, 0.007992, -0.013902, 0.999871, -0.102284, 0.075452, 0.997061, 0.013260, 0.012031, 0.000000, 0.000000, 0.000000, 1.000000
-24.2127, -51.5804, 15.3967, 229.3787, 251.3318, 51.5791, 183.9892, 27.2433, -102.2844, 12.0358, 0.877612, 0.479069, 0.017005, -0.051580, -0.479340, 0.877405, 0.019849, 0.015397, -0.005411, -0.025571, 0.999658, 0.229379, 0.000000, 0.000000, 0.000000, 1.000000, -0.003979, -0.028204, 0.999594, 0.251332, -0.877612, -0.479069, -0.017010, 0.051579, 0.479355, -0.877324, -0.022846, 0.183989, 0.000000, 0.000000, 0.000000, 1.000000, -0.997117, 0.075338, 0.009012, 0.027243, 0.007986, -0.013911, 0.999871, -0.102284, 0.075454, 0.997061, 0.013270, 0.012036, 0.000000, 0.000000, 0.000000, 1.000000
-24.2021, -51.5520, 15.3824, 229.3728, 251.3259, 51.5507, 184.0035, 27.2326, -102.2853, 12.0407, 0.877700, 0.478909, 0.016990, -0.051552, -0.479180, 0.877493, 0.019819, 0.015382, -0.005417, -0.025536, 0.999659, 0.229373, 0.000000, 0.000000, 0.000000, 1.000000, -0.003985, -0.028169, 0.999595, 0.251326, -0.877700, -0.478909, -0.016996, 0.051551, 0.479194, -0.877413, -0.022816, 0.184004, 0.000000, 0.000000, 0.000000, 1.000000, -0.997117, 0.075340, 0.009007, 0.027233, 0.007980, -0.013920, 0.999871, -0.102285, 0.075456, 0.997061, 0.013279, 0.012041, 0.000000, 0.000000, 0.000000, 1.000000
-24.1916, -51.5241, 15.3680, 229.3668, 251.3200, 51.5229, 184.0179, 27.2221, -102.2862, 12.0454, 0.877786, 0.478752, 0.016975, -0.051524, -0.479022, 0.877580, 0.019789, 0.015368, -0.005423, -0.025502, 0.999660, 0.229367, 0.000000, 0.000000, 0.000000, 1.000000, -0.003992, -0.028135, 0.999596, 0.251320, -0.877786, -0.478751, -0.016981, 0.051523, 0.479036, -0.877500, -0.022785, 0.184018, 0.000000, 0.000000, 0.000000, 1.000000, -0.997117, 0.075342, 0.009002, 0.027222, 0.007974, -0.013929, 0.999871, -0.102286, 0.075458, 0.997060, 0.013288, 0.012045, 0.000000, 0.000000, 0.000000, 1.000000
-24.1814, -51.4967, 15.3535, 229.3608, 251.3140, 51.4954, 184.0325, 27.2117, -102.2872, 12.0500, 0.877871, 0.478597, 0.016961, -0.051497, -0.478866, 0.877665, 0.019758, 0.015353, -0.005430, -0.025467, 0.999661, 0.229361, 0.000000, 0.000000, 0.000000, 1.000000, -0.003999, -0.028101, 0.999597, 0.251314, -0.877871, -0.478597, -0.016967, 0.051495, 0.478880, -0.877585, -0.022755, 0.184032, 0.000000, 0.000000, 0.000000, 1.000000, -0.997117, 0.075344, 0.008997, 0.027212, 0.007969, -0.013937, 0.999871, -0.102287, 0.075459, 0.997060, 0.013297, 0.012050, 0.000000, 0.000000, 0.000000, 1.000000
-24.1714, -51.4697, 15.3389, 229.3548, 251.3081, 51.4684, 184.0471, 27.2015, -102.2881, 12.0545, 0.877954, 0.478444, 0.016947, -0.051470, -0.478713, 0.877750, 0.019727, 0.015339, -0.005437, -0.025432, 0.999662, 0.229355, 0.000000, 0.000000, 0.000000, 1.000000, -0.004006, -0.028066, 0.999598, 0.251308, -0.877954, -0.478444, -0.016952, 0.051468, 0.478727, -0.877669, -0.022724, 0.184047, 0.000000, 0.000000, 0.000000, 1.000000, -0.997117, 0.075345, 0.008992, 0.027201, 0.007963, -0.013946, 0.999871, -0.102288, 0.075461, 0.997060, 0.013306, 0.012055, 0.000000, 0.000000, 0.000000, 1.000000
-24.1614, -51.4430, 15.3242, 229.3487, 251.3020, 51.4417, 184.0618, 27.1914, -102.2891, 12.0590, 0.878037, 0.478293, 0.016933, -0.051443, -0.478562, 0.877833, 0.019696, 0.015324, -0.005444, -0.025397, 0.999663, 0.229349, 0.000000, 0.000000, 0.000000, 1.000000, -0.004014, -0.028031, 0.999599, 0.251302, -0.878037, -0.478293, -0.016938, 0.051442, 0.478576, -0.877753, -0.022693, 0.184062, 0.000000, 0.000000, 0.000000, 1.000000, -0.997117, 0.075347, 0.008987, 0.027191, 0.007958, -0.013954, 0.999871, -0.102289, 0.075463, 0.997060, 0.013314, 0.012059, 0.000000, 0.000000, 0.000000, 1.000000
-24.1516, -51.4165, 15.3094, 229.3426, 251.2960, 51.4152, 184.0766, 27.1813, -102.2901, 12.0633, 0.878119, 0.478143, 0.016919, -0.051416, -0.478411, 0.877916, 0.019665, 0.015309, -0.005451, -0.025362, 0.999663, 0.229343, 0.000000, 0.000000, 0.000000, 1.000000, -0.004022, -0.027997, 0.999600, 0.251296, -0.878119, -0.478143, -0.016925, 0.051415, 0.478425, -0.877836, -0.022661, 0.184077, 0.000000, 0.000000, 0.000000, 1.000000, -0.997117, 0.075349, 0.008982, 0.027181, 0.007952, -0.013962, 0.999871, -0.102290, 0.075464, 0.997060, 0.013323, 0.012063, 0.000000, 0.000000, 0.000000, 1.000000
-24.1417, -51.3900, 15.2944, 229.3365, 251.2899, 51.3887, 184.0915, 27.1712, -102.2911, 12.0677, 0.878201, 0.477993, 0.016905, -0.051390, -0.478261, 0.877998, 0.019633, 0.015294, -0.005458, -0.025327, 0.999664, 0.229336, 0.000000, 0.000000, 0.000000, 1.000000, -0.004029, -0.027961, 0.999601, 0.251290, -0.878201, -0.477993, -0.016911, 0.051389, 0.478275, -0.877919, -0.022630, 0.184092, 0.000000, 0.000000, 0.000000, 1.000000, -0.997117, 0.075350, 0.008978, 0.027171, 0.007947, -0.013971, 0.999871, -0.102291, 0.075466, 0.997059, 0.013332, 0.012068, 0.000000, 0.000000, 0.000000, 1.000000
-24.1320, -51.3636, 15.2795, 229.3303, 251.2837, 51.3623, 184.1065, 27.1612, -102.2922, 12.0720, 0.878282, 0.477844, 0.016891, -0.051364, -0.478111, 0.878081, 0.019601, 0.015279, -0.005466, -0.025291, 0.999665, 0.229330, 0.000000, 0.000000, 0.000000, 1.000000, -0.004037, -0.027926, 0.999602, 0.251284, -0.878282, -0.477844, -0.016897, 0.051362, 0.478125, -0.878001, -0.022598, 0.184107, 0.000000, 0.000000, 0.000000, 1.000000, -0.997117, 0.075352, 0.008973, 0.027161, 0.007941, -0.013979, 0.999871, -0.102292, 0.075468, 0.997059, 0.013340, 0.012072, 0.000000, 0.000000, 0.000000, 1.000000
-24.1222, -51.3372, 15.2645, 229.3241, 251.2776, 51.3359, 184.1216, 27.1511, -102.2932, 12.0764, 0.878364, 0.477695, 0.016877, -0.051337, -0.477961, 0.878163, 0.019569, 0.015264, -0.005473, -0.025255, 0.999666, 0.229324, 0.000000, 0.000000, 0.000000, 1.000000, -0.004045, -0.027891, 0.999603, 0.251278, -0.878364, -0.477694, -0.016883, 0.051336, 0.477976, -0.878083, -0.022566, 0.184122, 0.000000, 0.000000, 0.000000, 1.000000, -0.997117, 0.075353, 0.008968, 0.027151, 0.007936, -0.013987, 0.999871, -0.102293, 0.075469, 0.997059, 0.013349, 0.012076, 0.000000, 0.000000, 0.000000, 1.000000
