# Joint_5_Angle(deg), Cam_X(mm), Cam_Y(mm), Cam_Z(mm), Torso_X(mm), Torso_Y(mm), Torso_Z(mm), EE_X(mm), EE_Y(mm), EE_Z(mm), T_cam2marker_flat(16), T_torso2marker_flat(16), T_ee2marker_flat(16)
-25.0006, 66.4038, -3.3073, 255.2504, 277.2608, -66.4064, 202.3692, 47.9898, 93.7920, 5.5104, 0.888872, -0.456811, -0.035079, 0.066404, 0.456010, 0.874711, 0.164120, -0.003307, -0.044288, -0.161878, 0.985816, 0.255250, 0.000000, 0.000000, 0.000000, 1.000000, -0.046104, -0.165339, 0.985159, 0.277261, -0.888871, 0.456813, 0.035069, -0.066406, -0.455831, -0.874063, -0.168025, 0.202369, 0.000000, 0.000000, 0.000000, 1.000000, 0.994476, -0.066061, 0.081571, 0.047990, 0.083113, 0.020944, -0.996320, 0.093792, 0.064110, 0.997596, 0.026319, 0.005510, 0.000000, 0.000000, 0.000000, 1.000000
-25.0009, 66.4032, -3.3163, 255.2468, 277.2573, -66.4059, 202.3782, 47.9891, 93.7932, 5.5099, 0.888874, -0.456807, -0.035078, 0.066403, 0.456007, 0.874716, 0.164100, -0.003316, -0.044278, -0.161860, 0.985820, 0.255247, 0.000000, 0.000000, 0.000000, 1.000000, -0.046095, -0.165321, 0.985162, 0.277257, -0.888873, 0.456809, 0.035068, -0.066406, -0.455828, -0.874068, -0.168006, 0.202378, 0.000000, 0.000000, 0.000000, 1.000000, 0.994476, -0.066061, 0.081571, 0.047989, 0.083113, 0.020944, -0.996320, 0.093793, 0.064109, 0.997596, 0.026319, 0.005510, 0.000000, 0.000000, 0.000000, 1.000000
-25.0011, 66.4027, -3.3229, 255.2442, 277.2546, -66.4054, 202.3848, 47.9886, 93.7940, 5.5094, 0.888876, -0.456804, -0.035078, 0.066403, 0.456005, 0.874720, 0.164086, -0.003323, -0.044272, -0.161847, 0.985822, 0.255244, 0.000000, 0.000000, 0.000000, 1.000000, -0.046088, -0.165308, 0.985165, 0.277255, -0.888875, 0.456805, 0.035067, -0.066405, -0.455825, -0.874072, -0.167991, 0.202385, 0.000000, 0.000000, 0.000000, 1.000000, 0.994476, -0.066061, 0.081571, 0.047989, 0.083113, 0.020944, -0.996320, 0.093794, 0.064109, 0.997596, 0.026319, 0.005509, 0.000000, 0.000000, 0.000000, 1.000000
-25.0012, 66.4021, -3.3299, 255.2413, 277.2518, -66.4048, 202.3918, 47.9881, 93.7950, 5.5090, 0.888878, -0.456800, -0.035077, 0.066402, 0.456001, 0.874725, 0.164070, -0.003330, -0.044265, -0.161833, 0.985825, 0.255241, 0.000000, 0.000000, 0.000000, 1.000000, -0.046081, -0.165294, 0.985167, 0.277252, -0.888877, 0.456802, 0.035066, -0.066405, -0.455822, -0.874077, -0.167976, 0.202392, 0.000000, 0.000000, 0.000000, 1.000000, 0.994476, -0.066061, 0.081571, 0.047988, 0.083114, 0.020945, -0.996320, 0.093795, 0.064109, 0.997596, 0.026319, 0.005509, 0.000000, 0.000000, 0.000000, 1.000000
-25.0014, 66.4014, -3.3372, 255.2384, 277.2490, -66.4041, 202.3990, 47.9875, 93.7959, 5.5086, 0.888880, -0.456796, -0.035076, 0.066401, 0.455998, 0.874730, 0.164054, -0.003337, -0.044257, -0.161819, 0.985828, 0.255238, 0.000000, 0.000000, 0.000000, 1.000000, -0.046074, -0.165280, 0.985170, 0.277249, -0.888879, 0.456798, 0.035065, -0.066404, -0.455819, -0.874082, -0.167960, 0.202399, 0.000000, 0.000000, 0.000000, 1.000000, 0.994476, -0.066061, 0.081571, 0.047987, 0.083114, 0.020945, -0.996320, 0.093796, 0.064109, 0.997596, 0.026320, 0.005509, 0.000000, 0.000000, 0.000000, 1.000000
-25.0015, 66.4006, -3.3445, 255.2355, 277.2460, -66.4033, 202.4064, 47.9869, 93.7969, 5.5082, 0.888882, -0.456791, -0.035075, 0.066401, 0.455994, 0.874735, 0.164038, -0.003345, -0.044250, -0.161804, 0.985830, 0.255235, 0.000000, 0.000000, 0.000000, 1.000000, -0.046066, -0.165265, 0.985173, 0.277246, -0.888882, 0.456793, 0.035064, -0.066403, -0.455815, -0.874087, -0.167944, 0.202406, 0.000000, 0.000000, 0.000000, 1.000000, 0.994476, -0.066061, 0.081571, 0.047987, 0.083114, 0.020945, -0.996320, 0.093797, 0.064109, 0.997596, 0.026320, 0.005508, 0.000000, 0.000000, 0.000000, 1.000000
-25.0015, 66.3997, -3.3519, 255.2325, 277.2431, -66.4024, 202.4138, 47.9862, 93.7978, 5.5079, 0.888885, -0.456786, -0.035074, 0.066400, 0.455989, 0.874741, 0.164022, -0.003352, -0.044242, -0.161790, 0.985833, 0.255232, 0.000000, 0.000000, 0.000000, 1.000000, -0.046058, -0.165250, 0.985176, 0.277243, -0.888885, 0.456787, 0.035063, -0.066402, -0.455810, -0.874092, -0.167927, 0.202414, 0.000000, 0.000000, 0.000000, 1.000000, 0.994476, -0.066061, 0.081571, 0.047986, 0.083114, 0.020945, -0.996320, 0.093798, 0.064109, 0.997596, 0.026320, 0.005508, 0.000000, 0.000000, 0.000000, 1.000000
-25.0015, 66.3985, -3.3594, 255.2295, 277.2401, -66.4012, 202.4213, 47.9854, 93.7988, 5.5076, 0.888889, -0.456779, -0.035072, 0.066399, 0.455983, 0.874747, 0.164005, -0.003359, -0.044235, -0.161775, 0.985836, 0.255229, 0.000000, 0.000000, 0.000000, 1.000000, -0.046051, -0.165235, 0.985178, 0.277240, -0.888888, 0.456780, 0.035062, -0.066401, -0.455804, -0.874099, -0.167911, 0.202421, 0.000000, 0.000000, 0.000000, 1.000000, 0.994476, -0.066061, 0.081571, 0.047985, 0.083114, 0.020945, -0.996320, 0.093799, 0.064109, 0.997596, 0.026320, 0.005508, 0.000000, 0.000000, 0.000000, 1.000000
-25.0009, 66.3948, -3.3741, 255.2235, 277.2342, -66.3975, 202.4361, 47.9835, 93.8006, 5.5073, 0.888900, -0.456757, -0.035069, 0.066395, 0.455963, 0.874763, 0.163973, -0.003374, -0.044219, -0.161746, 0.985841, 0.255224, 0.000000, 0.000000, 0.000000, 1.000000, -0.046035, -0.165206, 0.985184, 0.277234, -0.888899, 0.456759, 0.035059, -0.066398, -0.455784, -0.874115, -0.167878, 0.202436, 0.000000, 0.000000, 0.000000, 1.000000, 0.994476, -0.066060, 0.081571, 0.047984, 0.083114, 0.020946, -0.996320, 0.093801, 0.064109, 0.997596, 0.026321, 0.005507, 0.000000, 0.000000, 0.000000, 1.000000
-24.9995, 66.3927, -3.3643, 255.2276, 277.2382, -66.3954, 202.4260, 47.9833, 93.7992, 5.5086, 0.888905, -0.456746, -0.035069, 0.066393, 0.455951, 0.874766, 0.163995, -0.003364, -0.044227, -0.161765, 0.985838, 0.255228, 0.000000, 0.000000, 0.000000, 1.000000, -0.046044, -0.165227, 0.985180, 0.277238, -0.888905, 0.456748, 0.035058, -0.066395, -0.455772, -0.874117, -0.167901, 0.202426, 0.000000, 0.000000, 0.000000, 1.000000, 0.994476, -0.066060, 0.081571, 0.047983, 0.083113, 0.020946, -0.996320, 0.093799, 0.064109, 0.997596, 0.026321, 0.005509, 0.000000, 0.000000, 0.000000, 1.000000
-24.9968, 66.3871, -3.3561, 255.2311, 277.2417, -66.3898, 202.4175, 47.9819, 93.7978, 5.5106, 0.888921, -0.456716, -0.035066, 0.066387, 0.455920, 0.874778, 0.164013, -0.003356, -0.044232, -0.161782, 0.985835, 0.255231, 0.000000, 0.000000, 0.000000, 1.000000, -0.046049, -0.165245, 0.985177, 0.277242, -0.888921, 0.456718, 0.035056, -0.066390, -0.455741, -0.874130, -0.167921, 0.202418, 0.000000, 0.000000, 0.000000, 1.000000, 0.994476, -0.066060, 0.081570, 0.047982, 0.083113, 0.020947, -0.996320, 0.093798, 0.064109, 0.997596, 0.026322, 0.005511, 0.000000, 0.000000, 0.000000, 1.000000
-24.9937, 66.3794, -3.3542, 255.2322, 277.2428, -66.3821, 202.4154, 47.9794, 93.7972, 5.5127, 0.888943, -0.456674, -0.035063, 0.066379, 0.455877, 0.874799, 0.164018, -0.003354, -0.044230, -0.161787, 0.985834, 0.255232, 0.000000, 0.000000, 0.000000, 1.000000, -0.046047, -0.165250, 0.985176, 0.277243, -0.888942, 0.456676, 0.035052, -0.066382, -0.455698, -0.874151, -0.167926, 0.202415, 0.000000, 0.000000, 0.000000, 1.000000, 0.994476, -0.066060, 0.081569, 0.047979, 0.083112, 0.020948, -0.996320, 0.093797, 0.064109, 0.997596, 0.026322, 0.005513, 0.000000, 0.000000, 0.000000, 1.000000
-24.9910, 66.3725, -3.3550, 255.2321, 277.2427, -66.3752, 202.4161, 47.9771, 93.7969, 5.5144, 0.888963, -0.456635, -0.035059, 0.066372, 0.455839, 0.874820, 0.164017, -0.003355, -0.044226, -0.161786, 0.985834, 0.255232, 0.000000, 0.000000, 0.000000, 1.000000, -0.046043, -0.165250, 0.985176, 0.277243, -0.888962, 0.456637, 0.035049, -0.066375, -0.455660, -0.874171, -0.167926, 0.202416, 0.000000, 0.000000, 0.000000, 1.000000, 0.994476, -0.066060, 0.081568, 0.047977, 0.083111, 0.020949, -0.996320, 0.093797, 0.064108, 0.997596, 0.026323, 0.005514, 0.000000, 0.000000, 0.000000, 1.000000
-24.9877, 66.3639, -3.3575, 255.2315, 277.2421, -66.3666, 202.4185, 47.9741, 93.7968, 5.5164, 0.888988, -0.456587, -0.035055, 0.066364, 0.455791, 0.874845, 0.164012, -0.003357, -0.044219, -0.161783, 0.985835, 0.255231, 0.000000, 0.000000, 0.000000, 1.000000, -0.046036, -0.165247, 0.985177, 0.277242, -0.888987, 0.456589, 0.035044, -0.066367, -0.455612, -0.874197, -0.167922, 0.202418, 0.000000, 0.000000, 0.000000, 1.000000, 0.994476, -0.066060, 0.081567, 0.047974, 0.083110, 0.020950, -0.996320, 0.093797, 0.064108, 0.997596, 0.026325, 0.005516, 0.000000, 0.000000, 0.000000, 1.000000
-24.9838, 66.3535, -3.3616, 255.2302, 277.2408, -66.3562, 202.4226, 47.9704, 93.7969, 5.5186, 0.889018, -0.456530, -0.035049, 0.066354, 0.455734, 0.874877, 0.164004, -0.003362, -0.044209, -0.161776, 0.985837, 0.255230, 0.000000, 0.000000, 0.000000, 1.000000, -0.046026, -0.165240, 0.985179, 0.277241, -0.889017, 0.456531, 0.035039, -0.066356, -0.455555, -0.874228, -0.167914, 0.202423, 0.000000, 0.000000, 0.000000, 1.000000, 0.994476, -0.066060, 0.081566, 0.047970, 0.083109, 0.020951, -0.996320, 0.093797, 0.064108, 0.997596, 0.026326, 0.005519, 0.000000, 0.000000, 0.000000, 1.000000
-24.9817, 66.3477, -3.3643, 255.2293, 277.2400, -66.3504, 202.4252, 47.9684, 93.7970, 5.5199, 0.889034, -0.456497, -0.035046, 0.066348, 0.455701, 0.874895, 0.163999, -0.003364, -0.044203, -0.161771, 0.985838, 0.255229, 0.000000, 0.000000, 0.000000, 1.000000, -0.046020, -0.165236, 0.985180, 0.277240, -0.889034, 0.456499, 0.035036, -0.066350, -0.455523, -0.874246, -0.167908, 0.202425, 0.000000, 0.000000, 0.000000, 1.000000, 0.994476, -0.066060, 0.081566, 0.047968, 0.083109, 0.020952, -0.996320, 0.093797, 0.064108, 0.997596, 0.026327, 0.005520, 0.000000, 0.000000, 0.000000, 1.000000
-24.9683, 66.3111, -3.3840, 255.2229, 277.2336, -66.3138, 202.4447, 47.9553, 93.7978, 5.5275, 0.889140, -0.456293, -0.035027, 0.066311, 0.455500, 0.875007, 0.163959, -0.003384, -0.044164, -0.161737, 0.985845, 0.255223, 0.000000, 0.000000, 0.000000, 1.000000, -0.045981, -0.165203, 0.985187, 0.277234, -0.889139, 0.456295, 0.035017, -0.066314, -0.455321, -0.874359, -0.167869, 0.202445, 0.000000, 0.000000, 0.000000, 1.000000, 0.994477, -0.066059, 0.081562, 0.047955, 0.083105, 0.020957, -0.996320, 0.093798, 0.064107, 0.997596, 0.026331, 0.005528, 0.000000, 0.000000, 0.000000, 1.000000
-24.9583, 66.2836, -3.4003, 255.2174, 277.2282, -66.2863, 202.4610, 47.9453, 93.7987, 5.5331, 0.889219, -0.456140, -0.035013, 0.066284, 0.455348, 0.875093, 0.163926, -0.003400, -0.044134, -0.161709, 0.985851, 0.255217, 0.000000, 0.000000, 0.000000, 1.000000, -0.045950, -0.165175, 0.985193, 0.277228, -0.889219, 0.456141, 0.035002, -0.066286, -0.455169, -0.874444, -0.167836, 0.202461, 0.000000, 0.000000, 0.000000, 1.000000, 0.994477, -0.066059, 0.081559, 0.047945, 0.083103, 0.020961, -0.996321, 0.093799, 0.064106, 0.997596, 0.026335, 0.005533, 0.000000, 0.000000, 0.000000, 1.000000
-24.9508, 66.2628, -3.4129, 255.2131, 277.2240, -66.2655, 202.4735, 47.9378, 93.7993, 5.5373, 0.889279, -0.456024, -0.035002, 0.066263, 0.455233, 0.875157, 0.163900, -0.003413, -0.044110, -0.161687, 0.985856, 0.255213, 0.000000, 0.000000, 0.000000, 1.000000, -0.045926, -0.165154, 0.985198, 0.277224, -0.889278, 0.456026, 0.034991, -0.066266, -0.455055, -0.874508, -0.167811, 0.202474, 0.000000, 0.000000, 0.000000, 1.000000, 0.994477, -0.066059, 0.081557, 0.047938, 0.083101, 0.020964, -0.996321, 0.093799, 0.064106, 0.997595, 0.026338, 0.005537, 0.000000, 0.000000, 0.000000, 1.000000
-24.9427, 66.2402, -3.4268, 255.2085, 277.2193, -66.2429, 202.4874, 47.9296, 93.8001, 5.5419, 0.889344, -0.455898, -0.034990, 0.066240, 0.455109, 0.875227, 0.163871, -0.003427, -0.044084, -0.161662, 0.985861, 0.255208, 0.000000, 0.000000, 0.000000, 1.000000, -0.045900, -0.165130, 0.985203, 0.277219, -0.889343, 0.455900, 0.034979, -0.066243, -0.454930, -0.874578, -0.167783, 0.202487, 0.000000, 0.000000, 0.000000, 1.000000, 0.994477, -0.066058, 0.081555, 0.047930, 0.083099, 0.020967, -0.996321, 0.093800, 0.064105, 0.997595, 0.026341, 0.005542, 0.000000, 0.000000, 0.000000, 1.000000
-24.9339, 66.2157, -3.4420, 255.2034, 277.2143, -66.2184, 202.5025, 47.9207, 93.8009, 5.5469, 0.889414, -0.455762, -0.034977, 0.066216, 0.454974, 0.875303, 0.163840, -0.003442, -0.044057, -0.161636, 0.985867, 0.255203, 0.000000, 0.000000, 0.000000, 1.000000, -0.045871, -0.165104, 0.985209, 0.277214, -0.889414, 0.455763, 0.034967, -0.066218, -0.454795, -0.874655, -0.167752, 0.202503, 0.000000, 0.000000, 0.000000, 1.000000, 0.994478, -0.066058, 0.081552, 0.047921, 0.083096, 0.020971, -0.996321, 0.093801, 0.064105, 0.997595, 0.026344, 0.005547, 0.000000, 0.000000, 0.000000, 1.000000
-24.9244, 66.1894, -3.4582, 255.1979, 277.2089, -66.1921, 202.5188, 47.9112, 93.8018, 5.5522, 0.889490, -0.455615, -0.034963, 0.066189, 0.454829, 0.875385, 0.163807, -0.003458, -0.044026, -0.161607, 0.985873, 0.255198, 0.000000, 0.000000, 0.000000, 1.000000, -0.045841, -0.165075, 0.985215, 0.277209, -0.889490, 0.455617, 0.034953, -0.066192, -0.454650, -0.874736, -0.167719, 0.202519, 0.000000, 0.000000, 0.000000, 1.000000, 0.994478, -0.066057, 0.081550, 0.047911, 0.083094, 0.020974, -0.996321, 0.093802, 0.064104, 0.997595, 0.026348, 0.005552, 0.000000, 0.000000, 0.000000, 1.000000
-24.9142, 66.1612, -3.4756, 255.1921, 277.2032, -66.1639, 202.5361, 47.9010, 93.8028, 5.5578, 0.889571, -0.455458, -0.034949, 0.066161, 0.454673, 0.875472, 0.163772, -0.003476, -0.043994, -0.161577, 0.985879, 0.255192, 0.000000, 0.000000, 0.000000, 1.000000, -0.045808, -0.165046, 0.985222, 0.277203, -0.889571, 0.455460, 0.034938, -0.066164, -0.454495, -0.874824, -0.167683, 0.202536, 0.000000, 0.000000, 0.000000, 1.000000, 0.994478, -0.066057, 0.081547, 0.047901, 0.083091, 0.020978, -0.996321, 0.093803, 0.064103, 0.997595, 0.026351, 0.005558, 0.000000, 0.000000, 0.000000, 1.000000
-24.9035, 66.1312, -3.4938, 255.1860, 277.1971, -66.1340, 202.5544, 47.8901, 93.8038, 5.5639, 0.889657, -0.455292, -0.034933, 0.066131, 0.454509, 0.875564, 0.163734, -0.003494, -0.043960, -0.161545, 0.985886, 0.255186, 0.000000, 0.000000, 0.000000, 1.000000, -0.045774, -0.165014, 0.985228, 0.277197, -0.889656, 0.455293, 0.034923, -0.066134, -0.454331, -0.874916, -0.167646, 0.202554, 0.000000, 0.000000, 0.000000, 1.000000, 0.994478, -0.066057, 0.081544, 0.047890, 0.083089, 0.020982, -0.996321, 0.093804, 0.064103, 0.997595, 0.026355, 0.005564, 0.000000, 0.000000, 0.000000, 1.000000
-24.8862, 66.0832, -3.5228, 255.1763, 277.1875, -66.0859, 202.5834, 47.8728, 93.8053, 5.5736, 0.889795, -0.455024, -0.034909, 0.066083, 0.454244, 0.875713, 0.163675, -0.003523, -0.043906, -0.161494, 0.985896, 0.255176, 0.000000, 0.000000, 0.000000, 1.000000, -0.045718, -0.164964, 0.985239, 0.277188, -0.889794, 0.455026, 0.034898, -0.066086, -0.454067, -0.875065, -0.167587, 0.202583, 0.000000, 0.000000, 0.000000, 1.000000, 0.994479, -0.066056, 0.081539, 0.047873, 0.083084, 0.020989, -0.996321, 0.093805, 0.064101, 0.997595, 0.026361, 0.005574, 0.000000, 0.000000, 0.000000, 1.000000
-24.8612, 66.0136, -3.5640, 255.1626, 277.1741, -66.0163, 202.6246, 47.8477, 93.8075, 5.5877, 0.889994, -0.454638, -0.034873, 0.066014, 0.453862, 0.875927, 0.163591, -0.003564, -0.043828, -0.161423, 0.985912, 0.255163, 0.000000, 0.000000, 0.000000, 1.000000, -0.045639, -0.164894, 0.985255, 0.277174, -0.889993, 0.454639, 0.034863, -0.066016, -0.453684, -0.875279, -0.167503, 0.202625, 0.000000, 0.000000, 0.000000, 1.000000, 0.994479, -0.066055, 0.081532, 0.047848, 0.083078, 0.020999, -0.996322, 0.093807, 0.064100, 0.997595, 0.026371, 0.005588, 0.000000, 0.000000, 0.000000, 1.000000
-24.8411, 65.9579, -3.5963, 255.1520, 277.1635, -65.9606, 202.6570, 47.8276, 93.8091, 5.5990, 0.890153, -0.454328, -0.034845, 0.065958, 0.453556, 0.876097, 0.163526, -0.003596, -0.043767, -0.161367, 0.985924, 0.255152, 0.000000, 0.000000, 0.000000, 1.000000, -0.045576, -0.164838, 0.985267, 0.277164, -0.890152, 0.454330, 0.034834, -0.065961, -0.453378, -0.875450, -0.167438, 0.202657, 0.000000, 0.000000, 0.000000, 1.000000, 0.994480, -0.066054, 0.081526, 0.047828, 0.083073, 0.021007, -0.996322, 0.093809, 0.064098, 0.997595, 0.026378, 0.005599, 0.000000, 0.000000, 0.000000, 1.000000
-24.8272, 65.9192, -3.6183, 255.1447, 277.1564, -65.9220, 202.6790, 47.8137, 93.8102, 5.6069, 0.890263, -0.454114, -0.034825, 0.065919, 0.453343, 0.876216, 0.163481, -0.003618, -0.043724, -0.161329, 0.985932, 0.255145, 0.000000, 0.000000, 0.000000, 1.000000, -0.045533, -0.164801, 0.985275, 0.277156, -0.890262, 0.454115, 0.034815, -0.065922, -0.453166, -0.875568, -0.167393, 0.202679, 0.000000, 0.000000, 0.000000, 1.000000, 0.994480, -0.066053, 0.081523, 0.047814, 0.083069, 0.021012, -0.996322, 0.093810, 0.064097, 0.997595, 0.026383, 0.005607, 0.000000, 0.000000, 0.000000, 1.000000
-24.8129, 65.8796, -3.6405, 255.1375, 277.1492, -65.8824, 202.7013, 47.7995, 93.8112, 5.6150, 0.890376, -0.453894, -0.034806, 0.065880, 0.453126, 0.876336, 0.163436, -0.003641, -0.043681, -0.161291, 0.985940, 0.255137, 0.000000, 0.000000, 0.000000, 1.000000, -0.045489, -0.164763, 0.985284, 0.277149, -0.890375, 0.453896, 0.034795, -0.065882, -0.452949, -0.875689, -0.167348, 0.202701, 0.000000, 0.000000, 0.000000, 1.000000, 0.994481, -0.066053, 0.081519, 0.047800, 0.083066, 0.021017, -0.996322, 0.093811, 0.064096, 0.997595, 0.026388, 0.005615, 0.000000, 0.000000, 0.000000, 1.000000
-24.7983, 65.8392, -3.6630, 255.1302, 277.1420, -65.8419, 202.7238, 47.7850, 93.8123, 5.6233, 0.890491, -0.453670, -0.034785, 0.065839, 0.452904, 0.876460, 0.163391, -0.003663, -0.043637, -0.161252, 0.985948, 0.255130, 0.000000, 0.000000, 0.000000, 1.000000, -0.045444, -0.164725, 0.985292, 0.277142, -0.890490, 0.453671, 0.034775, -0.065842, -0.452727, -0.875813, -0.167302, 0.202724, 0.000000, 0.000000, 0.000000, 1.000000, 0.994481, -0.066052, 0.081515, 0.047785, 0.083062, 0.021023, -0.996323, 0.093812, 0.064095, 0.997595, 0.026393, 0.005623, 0.000000, 0.000000, 0.000000, 1.000000
-24.7834, 65.7980, -3.6855, 255.1228, 277.1348, -65.8007, 202.7465, 47.7702, 93.8133, 5.6318, 0.890608, -0.453441, -0.034765, 0.065798, 0.452677, 0.876585, 0.163345, -0.003686, -0.043593, -0.161214, 0.985956, 0.255123, 0.000000, 0.000000, 0.000000, 1.000000, -0.045399, -0.164686, 0.985301, 0.277135, -0.890608, 0.453443, 0.034754, -0.065801, -0.452501, -0.875938, -0.167257, 0.202746, 0.000000, 0.000000, 0.000000, 1.000000, 0.994481, -0.066051, 0.081510, 0.047770, 0.083058, 0.021029, -0.996323, 0.093813, 0.064094, 0.997595, 0.026399, 0.005632, 0.000000, 0.000000, 0.000000, 1.000000
-24.7682, 65.7560, -3.7081, 255.1155, 277.1275, -65.7587, 202.7692, 47.7552, 93.8143, 5.6404, 0.890727, -0.453208, -0.034744, 0.065756, 0.452447, 0.876713, 0.163299, -0.003708, -0.043548, -0.161175, 0.985965, 0.255116, 0.000000, 0.000000, 0.000000, 1.000000, -0.045353, -0.164648, 0.985309, 0.277128, -0.890727, 0.453210, 0.034733, -0.065759, -0.452271, -0.876066, -0.167211, 0.202769, 0.000000, 0.000000, 0.000000, 1.000000, 0.994482, -0.066051, 0.081506, 0.047755, 0.083054, 0.021035, -0.996323, 0.093814, 0.064093, 0.997595, 0.026404, 0.005640, 0.000000, 0.000000, 0.000000, 1.000000
-24.7451, 65.6920, -3.7421, 255.1046, 277.1167, -65.6947, 202.8032, 47.7324, 93.8157, 5.6536, 0.890909, -0.452853, -0.034712, 0.065692, 0.452096, 0.876907, 0.163231, -0.003742, -0.043480, -0.161117, 0.985977, 0.255105, 0.000000, 0.000000, 0.000000, 1.000000, -0.045284, -0.164590, 0.985322, 0.277117, -0.890909, 0.452855, 0.034702, -0.065695, -0.451920, -0.876260, -0.167142, 0.202803, 0.000000, 0.000000, 0.000000, 1.000000, 0.994482, -0.066050, 0.081500, 0.047732, 0.083048, 0.021043, -0.996323, 0.093816, 0.064092, 0.997594, 0.026413, 0.005654, 0.000000, 0.000000, 0.000000, 1.000000
-24.7294, 65.6487, -3.7646, 255.0974, 277.1096, -65.6515, 202.8258, 47.7169, 93.8167, 5.6625, 0.891032, -0.452614, -0.034691, 0.065649, 0.451858, 0.877037, 0.163185, -0.003765, -0.043435, -0.161079, 0.985985, 0.255097, 0.000000, 0.000000, 0.000000, 1.000000, -0.045237, -0.164552, 0.985330, 0.277110, -0.891031, 0.452616, 0.034680, -0.065651, -0.451683, -0.876391, -0.167096, 0.202826, 0.000000, 0.000000, 0.000000, 1.000000, 0.994483, -0.066049, 0.081495, 0.047717, 0.083044, 0.021049, -0.996324, 0.093817, 0.064091, 0.997594, 0.026418, 0.005663, 0.000000, 0.000000, 0.000000, 1.000000
-24.7137, 65.6053, -3.7870, 255.0903, 277.1026, -65.6080, 202.8483, 47.7014, 93.8176, 5.6715, 0.891155, -0.452373, -0.034669, 0.065605, 0.451620, 0.877169, 0.163140, -0.003787, -0.043389, -0.161041, 0.985994, 0.255090, 0.000000, 0.000000, 0.000000, 1.000000, -0.045190, -0.164515, 0.985339, 0.277103, -0.891154, 0.452375, 0.034659, -0.065608, -0.451444, -0.876523, -0.167051, 0.202848, 0.000000, 0.000000, 0.000000, 1.000000, 0.994483, -0.066048, 0.081491, 0.047701, 0.083040, 0.021055, -0.996324, 0.093818, 0.064090, 0.997594, 0.026424, 0.005672, 0.000000, 0.000000, 0.000000, 1.000000
-24.7058, 65.5835, -3.7981, 255.0867, 277.0991, -65.5862, 202.8595, 47.6937, 93.8180, 5.6761, 0.891216, -0.452252, -0.034659, 0.065583, 0.451500, 0.877234, 0.163118, -0.003798, -0.043367, -0.161022, 0.985998, 0.255087, 0.000000, 0.000000, 0.000000, 1.000000, -0.045167, -0.164496, 0.985343, 0.277099, -0.891216, 0.452254, 0.034648, -0.065586, -0.451325, -0.876588, -0.167029, 0.202859, 0.000000, 0.000000, 0.000000, 1.000000, 0.994483, -0.066048, 0.081489, 0.047694, 0.083038, 0.021058, -0.996324, 0.093818, 0.064089, 0.997594, 0.026427, 0.005676, 0.000000, 0.000000, 0.000000, 1.000000
-24.6742, 65.4964, -3.8418, 255.0729, 277.0854, -65.4991, 202.9034, 47.6627, 93.8197, 5.6942, 0.891463, -0.451770, -0.034616, 0.065496, 0.451023, 0.877496, 0.163030, -0.003842, -0.043277, -0.160948, 0.986014, 0.255073, 0.000000, 0.000000, 0.000000, 1.000000, -0.045075, -0.164423, 0.985360, 0.277085, -0.891462, 0.451772, 0.034605, -0.065499, -0.450847, -0.876851, -0.166940, 0.202903, 0.000000, 0.000000, 0.000000, 1.000000, 0.994484, -0.066047, 0.081480, 0.047663, 0.083030, 0.021070, -0.996324, 0.093820, 0.064087, 0.997594, 0.026438, 0.005694, 0.000000, 0.000000, 0.000000, 1.000000
-24.6585, 65.4531, -3.8631, 255.0662, 277.0788, -65.4559, 202.9248, 47.6473, 93.8204, 5.7032, 0.891585, -0.451530, -0.034595, 0.065453, 0.450785, 0.877626, 0.162987, -0.003863, -0.043232, -0.160912, 0.986021, 0.255066, 0.000000, 0.000000, 0.000000, 1.000000, -0.045030, -0.164387, 0.985368, 0.277079, -0.891584, 0.451532, 0.034584, -0.065456, -0.450610, -0.876981, -0.166897, 0.202925, 0.000000, 0.000000, 0.000000, 1.000000, 0.994485, -0.066046, 0.081475, 0.047647, 0.083026, 0.021076, -0.996325, 0.093820, 0.064086, 0.997594, 0.026444, 0.005703, 0.000000, 0.000000, 0.000000, 1.000000
-24.6430, 65.4103, -3.8840, 255.0596, 277.0723, -65.4130, 202.9458, 47.6321, 93.8212, 5.7121, 0.891706, -0.451293, -0.034574, 0.065410, 0.450551, 0.877755, 0.162945, -0.003884, -0.043188, -0.160877, 0.986029, 0.255060, 0.000000, 0.000000, 0.000000, 1.000000, -0.044985, -0.164352, 0.985375, 0.277072, -0.891705, 0.451295, 0.034564, -0.065413, -0.450376, -0.877110, -0.166855, 0.202946, 0.000000, 0.000000, 0.000000, 1.000000, 0.994485, -0.066045, 0.081471, 0.047632, 0.083022, 0.021082, -0.996325, 0.093821, 0.064085, 0.997594, 0.026449, 0.005712, 0.000000, 0.000000, 0.000000, 1.000000
-24.6276, 65.3679, -3.9045, 255.0532, 277.0660, -65.3706, 202.9664, 47.6171, 93.8219, 5.7209, 0.891825, -0.451059, -0.034554, 0.065368, 0.450318, 0.877881, 0.162904, -0.003905, -0.043145, -0.160842, 0.986037, 0.255053, 0.000000, 0.000000, 0.000000, 1.000000, -0.044940, -0.164318, 0.985383, 0.277066, -0.891825, 0.451060, 0.034543, -0.065371, -0.450143, -0.877237, -0.166813, 0.202966, 0.000000, 0.000000, 0.000000, 1.000000, 0.994485, -0.066045, 0.081466, 0.047617, 0.083018, 0.021088, -0.996325, 0.093822, 0.064084, 0.997594, 0.026455, 0.005721, 0.000000, 0.000000, 0.000000, 1.000000
-24.6124, 65.3259, -3.9245, 255.0470, 277.0598, -65.3287, 202.9866, 47.6022, 93.8225, 5.7297, 0.891943, -0.450827, -0.034533, 0.065326, 0.450088, 0.878007, 0.162864, -0.003925, -0.043103, -0.160809, 0.986044, 0.255047, 0.000000, 0.000000, 0.000000, 1.000000, -0.044897, -0.164284, 0.985391, 0.277060, -0.891943, 0.450828, 0.034523, -0.065329, -0.449914, -0.877362, -0.166773, 0.202987, 0.000000, 0.000000, 0.000000, 1.000000, 0.994486, -0.066044, 0.081462, 0.047602, 0.083014, 0.021094, -0.996325, 0.093823, 0.064083, 0.997594, 0.026460, 0.005730, 0.000000, 0.000000, 0.000000, 1.000000
-24.5973, 65.2846, -3.9441, 255.0409, 277.0538, -65.2873, 203.0063, 47.5875, 93.8232, 5.7384, 0.892060, -0.450598, -0.034514, 0.065285, 0.449861, 0.878130, 0.162825, -0.003944, -0.043061, -0.160776, 0.986051, 0.255041, 0.000000, 0.000000, 0.000000, 1.000000, -0.044854, -0.164252, 0.985398, 0.277054, -0.892059, 0.450599, 0.034503, -0.065287, -0.449687, -0.877486, -0.166733, 0.203006, 0.000000, 0.000000, 0.000000, 1.000000, 0.994486, -0.066043, 0.081458, 0.047588, 0.083010, 0.021100, -0.996325, 0.093823, 0.064082, 0.997594, 0.026465, 0.005738, 0.000000, 0.000000, 0.000000, 1.000000
-24.5825, 65.2438, -3.9633, 255.0349, 277.0479, -65.2465, 203.0255, 47.5731, 93.8238, 5.7469, 0.892174, -0.450372, -0.034494, 0.065244, 0.449638, 0.878252, 0.162786, -0.003963, -0.043020, -0.160744, 0.986058, 0.255035, 0.000000, 0.000000, 0.000000, 1.000000, -0.044812, -0.164220, 0.985405, 0.277048, -0.892174, 0.450374, 0.034483, -0.065247, -0.449464, -0.877608, -0.166695, 0.203026, 0.000000, 0.000000, 0.000000, 1.000000, 0.994487, -0.066043, 0.081454, 0.047573, 0.083006, 0.021105, -0.996326, 0.093824, 0.064081, 0.997594, 0.026471, 0.005747, 0.000000, 0.000000, 0.000000, 1.000000
-24.5679, 65.2036, -3.9820, 255.0291, 277.0422, -65.2064, 203.0444, 47.5589, 93.8243, 5.7553, 0.892287, -0.450150, -0.034475, 0.065204, 0.449418, 0.878372, 0.162749, -0.003982, -0.042980, -0.160712, 0.986065, 0.255029, 0.000000, 0.000000, 0.000000, 1.000000, -0.044771, -0.164189, 0.985412, 0.277042, -0.892287, 0.450152, 0.034464, -0.065206, -0.449244, -0.877727, -0.166657, 0.203044, 0.000000, 0.000000, 0.000000, 1.000000, 0.994487, -0.066042, 0.081450, 0.047559, 0.083002, 0.021111, -0.996326, 0.093824, 0.064080, 0.997593, 0.026476, 0.005755, 0.000000, 0.000000, 0.000000, 1.000000
-24.5536, 65.1642, -4.0002, 255.0235, 277.0367, -65.1669, 203.0627, 47.5449, 93.8249, 5.7636, 0.892398, -0.449932, -0.034456, 0.065164, 0.449201, 0.878489, 0.162713, -0.004000, -0.042940, -0.160682, 0.986072, 0.255024, 0.000000, 0.000000, 0.000000, 1.000000, -0.044730, -0.164158, 0.985419, 0.277037, -0.892398, 0.449933, 0.034445, -0.065167, -0.449028, -0.877845, -0.166620, 0.203063, 0.000000, 0.000000, 0.000000, 1.000000, 0.994487, -0.066042, 0.081446, 0.047545, 0.082998, 0.021116, -0.996326, 0.093825, 0.064079, 0.997593, 0.026481, 0.005764, 0.000000, 0.000000, 0.000000, 1.000000
-24.5395, 65.1255, -4.0179, 255.0180, 277.0312, -65.1282, 203.0806, 47.5312, 93.8254, 5.7717, 0.892507, -0.449718, -0.034437, 0.065125, 0.448989, 0.878604, 0.162677, -0.004018, -0.042902, -0.160652, 0.986078, 0.255018, 0.000000, 0.000000, 0.000000, 1.000000, -0.044691, -0.164129, 0.985426, 0.277031, -0.892506, 0.449719, 0.034427, -0.065128, -0.448816, -0.877960, -0.166584, 0.203081, 0.000000, 0.000000, 0.000000, 1.000000, 0.994488, -0.066041, 0.081442, 0.047531, 0.082995, 0.021121, -0.996326, 0.093825, 0.064078, 0.997593, 0.026486, 0.005772, 0.000000, 0.000000, 0.000000, 1.000000
-24.5055, 65.0321, -4.0604, 255.0049, 277.0183, -65.0348, 203.1234, 47.4982, 93.8266, 5.7913, 0.892768, -0.449201, -0.034393, 0.065032, 0.448477, 0.878881, 0.162592, -0.004060, -0.042809, -0.160581, 0.986094, 0.255005, 0.000000, 0.000000, 0.000000, 1.000000, -0.044596, -0.164058, 0.985442, 0.277018, -0.892768, 0.449203, 0.034382, -0.065035, -0.448304, -0.878238, -0.166498, 0.203123, 0.000000, 0.000000, 0.000000, 1.000000, 0.994489, -0.066040, 0.081432, 0.047498, 0.082986, 0.021134, -0.996327, 0.093827, 0.064076, 0.997593, 0.026498, 0.005791, 0.000000, 0.000000, 0.000000, 1.000000
-24.4925, 64.9963, -4.0766, 255.0000, 277.0134, -64.9990, 203.1397, 47.4856, 93.8271, 5.7988, 0.892869, -0.449003, -0.034376, 0.064996, 0.448281, 0.878987, 0.162560, -0.004077, -0.042774, -0.160555, 0.986100, 0.255000, 0.000000, 0.000000, 0.000000, 1.000000, -0.044559, -0.164031, 0.985448, 0.277013, -0.892868, 0.449005, 0.034365, -0.064999, -0.448108, -0.878344, -0.166465, 0.203140, 0.000000, 0.000000, 0.000000, 1.000000, 0.994489, -0.066039, 0.081428, 0.047486, 0.082982, 0.021139, -0.996327, 0.093827, 0.064075, 0.997593, 0.026503, 0.005799, 0.000000, 0.000000, 0.000000, 1.000000
-24.4798, 64.9615, -4.0922, 254.9951, 277.0086, -64.9642, 203.1555, 47.4732, 93.8275, 5.8061, 0.892966, -0.448810, -0.034359, 0.064961, 0.448090, 0.879090, 0.162528, -0.004092, -0.042740, -0.160528, 0.986105, 0.254995, 0.000000, 0.000000, 0.000000, 1.000000, -0.044524, -0.164005, 0.985454, 0.277009, -0.892966, 0.448812, 0.034349, -0.064964, -0.447917, -0.878448, -0.166433, 0.203156, 0.000000, 0.000000, 0.000000, 1.000000, 0.994489, -0.066039, 0.081425, 0.047473, 0.082979, 0.021144, -0.996327, 0.093827, 0.064075, 0.997593, 0.026507, 0.005806, 0.000000, 0.000000, 0.000000, 1.000000
-24.4674, 64.9276, -4.1074, 254.9904, 277.0040, -64.9303, 203.1709, 47.4613, 93.8279, 5.8133, 0.893061, -0.448623, -0.034343, 0.064928, 0.447904, 0.879191, 0.162498, -0.004107, -0.042706, -0.160503, 0.986111, 0.254990, 0.000000, 0.000000, 0.000000, 1.000000, -0.044489, -0.163979, 0.985460, 0.277004, -0.893061, 0.448625, 0.034333, -0.064930, -0.447732, -0.878548, -0.166402, 0.203171, 0.000000, 0.000000, 0.000000, 1.000000, 0.994490, -0.066038, 0.081421, 0.047461, 0.082976, 0.021149, -0.996327, 0.093828, 0.064074, 0.997593, 0.026512, 0.005813, 0.000000, 0.000000, 0.000000, 1.000000
-24.4554, 64.8946, -4.1221, 254.9859, 276.9995, -64.8974, 203.1858, 47.4496, 93.8283, 5.8202, 0.893153, -0.448441, -0.034327, 0.064895, 0.447723, 0.879288, 0.162468, -0.004122, -0.042674, -0.160478, 0.986116, 0.254986, 0.000000, 0.000000, 0.000000, 1.000000, -0.044456, -0.163955, 0.985466, 0.277000, -0.893153, 0.448442, 0.034317, -0.064897, -0.447551, -0.878646, -0.166372, 0.203186, 0.000000, 0.000000, 0.000000, 1.000000, 0.994490, -0.066038, 0.081418, 0.047450, 0.082973, 0.021153, -0.996327, 0.093828, 0.064073, 0.997593, 0.026516, 0.005820, 0.000000, 0.000000, 0.000000, 1.000000
-24.4438, 64.8626, -4.1365, 254.9815, 276.9951, -64.8654, 203.2003, 47.4383, 93.8287, 5.8269, 0.893243, -0.448264, -0.034312, 0.064863, 0.447548, 0.879383, 0.162440, -0.004136, -0.042642, -0.160455, 0.986122, 0.254981, 0.000000, 0.000000, 0.000000, 1.000000, -0.044424, -0.163930, 0.985471, 0.276995, -0.893242, 0.448265, 0.034302, -0.064865, -0.447376, -0.878741, -0.166343, 0.203200, 0.000000, 0.000000, 0.000000, 1.000000, 0.994490, -0.066037, 0.081414, 0.047438, 0.082970, 0.021157, -0.996327, 0.093829, 0.064072, 0.997593, 0.026520, 0.005827, 0.000000, 0.000000, 0.000000, 1.000000
-24.4325, 64.8316, -4.1503, 254.9772, 276.9909, -64.8343, 203.2143, 47.4273, 93.8291, 5.8334, 0.893329, -0.448092, -0.034298, 0.064832, 0.447378, 0.879475, 0.162412, -0.004150, -0.042612, -0.160431, 0.986127, 0.254977, 0.000000, 0.000000, 0.000000, 1.000000, -0.044392, -0.163907, 0.985476, 0.276991, -0.893329, 0.448094, 0.034287, -0.064834, -0.447206, -0.878832, -0.166315, 0.203214, 0.000000, 0.000000, 0.000000, 1.000000, 0.994491, -0.066037, 0.081411, 0.047427, 0.082967, 0.021162, -0.996328, 0.093829, 0.064072, 0.997593, 0.026524, 0.005833, 0.000000, 0.000000, 0.000000, 1.000000
-24.4215, 64.8015, -4.1638, 254.9730, 276.9868, -64.8043, 203.2279, 47.4167, 93.8294, 5.8397, 0.893413, -0.447925, -0.034283, 0.064802, 0.447213, 0.879564, 0.162385, -0.004164, -0.042582, -0.160409, 0.986132, 0.254973, 0.000000, 0.000000, 0.000000, 1.000000, -0.044362, -0.163885, 0.985482, 0.276987, -0.893413, 0.447927, 0.034273, -0.064804, -0.447041, -0.878922, -0.166287, 0.203228, 0.000000, 0.000000, 0.000000, 1.000000, 0.994491, -0.066036, 0.081408, 0.047417, 0.082964, 0.021166, -0.996328, 0.093829, 0.064071, 0.997593, 0.026528, 0.005840, 0.000000, 0.000000, 0.000000, 1.000000
-24.4056, 64.7579, -4.1833, 254.9669, 276.9808, -64.7606, 203.2477, 47.4013, 93.8300, 5.8489, 0.893535, -0.447684, -0.034262, 0.064758, 0.446973, 0.879693, 0.162346, -0.004183, -0.042539, -0.160376, 0.986139, 0.254967, 0.000000, 0.000000, 0.000000, 1.000000, -0.044317, -0.163852, 0.985489, 0.276981, -0.893535, 0.447685, 0.034252, -0.064761, -0.446801, -0.879051, -0.166247, 0.203248, 0.000000, 0.000000, 0.000000, 1.000000, 0.994491, -0.066036, 0.081403, 0.047401, 0.082960, 0.021172, -0.996328, 0.093830, 0.064070, 0.997593, 0.026533, 0.005849, 0.000000, 0.000000, 0.000000, 1.000000
-24.3954, 64.7297, -4.1959, 254.9630, 276.9769, -64.7325, 203.2604, 47.3913, 93.8303, 5.8548, 0.893614, -0.447528, -0.034249, 0.064730, 0.446819, 0.879776, 0.162321, -0.004196, -0.042511, -0.160355, 0.986144, 0.254963, 0.000000, 0.000000, 0.000000, 1.000000, -0.044289, -0.163830, 0.985494, 0.276977, -0.893613, 0.447530, 0.034238, -0.064732, -0.446647, -0.879134, -0.166221, 0.203260, 0.000000, 0.000000, 0.000000, 1.000000, 0.994491, -0.066035, 0.081400, 0.047391, 0.082957, 0.021176, -0.996328, 0.093830, 0.064069, 0.997593, 0.026537, 0.005855, 0.000000, 0.000000, 0.000000, 1.000000
-24.3904, 64.7160, -4.2021, 254.9610, 276.9750, -64.7187, 203.2667, 47.3864, 93.8305, 5.8577, 0.893652, -0.447452, -0.034243, 0.064716, 0.446743, 0.879816, 0.162308, -0.004202, -0.042498, -0.160345, 0.986146, 0.254961, 0.000000, 0.000000, 0.000000, 1.000000, -0.044275, -0.163820, 0.985496, 0.276975, -0.893652, 0.447453, 0.034232, -0.064719, -0.446572, -0.879175, -0.166209, 0.203267, 0.000000, 0.000000, 0.000000, 1.000000, 0.994492, -0.066035, 0.081399, 0.047386, 0.082956, 0.021177, -0.996328, 0.093831, 0.064069, 0.997593, 0.026539, 0.005858, 0.000000, 0.000000, 0.000000, 1.000000
-24.3663, 64.6500, -4.2319, 254.9516, 276.9657, -64.6528, 203.2969, 47.3631, 93.8314, 5.8715, 0.893836, -0.447086, -0.034211, 0.064650, 0.446381, 0.880011, 0.162248, -0.004232, -0.042433, -0.160294, 0.986157, 0.254952, 0.000000, 0.000000, 0.000000, 1.000000, -0.044208, -0.163769, 0.985508, 0.276966, -0.893836, 0.447088, 0.034200, -0.064653, -0.446210, -0.879370, -0.166147, 0.203297, 0.000000, 0.000000, 0.000000, 1.000000, 0.994492, -0.066034, 0.081392, 0.047363, 0.082949, 0.021187, -0.996329, 0.093831, 0.064067, 0.997592, 0.026547, 0.005871, 0.000000, 0.000000, 0.000000, 1.000000
-24.3618, 64.6374, -4.2376, 254.9498, 276.9639, -64.6402, 203.3027, 47.3586, 93.8315, 5.8741, 0.893872, -0.447016, -0.034205, 0.064637, 0.446312, 0.880048, 0.162237, -0.004238, -0.042420, -0.160285, 0.986159, 0.254950, 0.000000, 0.000000, 0.000000, 1.000000, -0.044195, -0.163759, 0.985510, 0.276964, -0.893871, 0.447018, 0.034194, -0.064640, -0.446140, -0.879408, -0.166135, 0.203303, 0.000000, 0.000000, 0.000000, 1.000000, 0.994492, -0.066034, 0.081391, 0.047359, 0.082948, 0.021188, -0.996329, 0.093832, 0.064067, 0.997592, 0.026549, 0.005874, 0.000000, 0.000000, 0.000000, 1.000000
-24.3441, 64.5904, -4.2492, 254.9470, 276.9611, -64.5931, 203.3145, 47.3424, 93.8308, 5.8847, 0.894003, -0.446756, -0.034183, 0.064590, 0.446053, 0.880184, 0.162215, -0.004249, -0.042383, -0.160268, 0.986163, 0.254947, 0.000000, 0.000000, 0.000000, 1.000000, -0.044156, -0.163742, 0.985514, 0.276961, -0.894002, 0.446758, 0.034172, -0.064593, -0.445882, -0.879543, -0.166113, 0.203315, 0.000000, 0.000000, 0.000000, 1.000000, 0.994493, -0.066033, 0.081386, 0.047342, 0.082943, 0.021195, -0.996329, 0.093831, 0.064066, 0.997592, 0.026555, 0.005885, 0.000000, 0.000000, 0.000000, 1.000000
-24.3272, 64.5457, -4.2590, 254.9449, 276.9590, -64.5485, 203.3245, 47.3271, 93.8300, 5.8949, 0.894127, -0.446509, -0.034162, 0.064546, 0.445807, 0.880311, 0.162197, -0.004259, -0.042349, -0.160255, 0.986167, 0.254945, 0.000000, 0.000000, 0.000000, 1.000000, -0.044121, -0.163729, 0.985518, 0.276959, -0.894126, 0.446511, 0.034152, -0.064548, -0.445636, -0.879671, -0.166095, 0.203324, 0.000000, 0.000000, 0.000000, 1.000000, 0.994493, -0.066033, 0.081381, 0.047327, 0.082939, 0.021201, -0.996329, 0.093830, 0.064065, 0.997592, 0.026561, 0.005895, 0.000000, 0.000000, 0.000000, 1.000000
-24.3109, 64.5022, -4.2713, 254.9416, 276.9558, -64.5050, 203.3370, 47.3120, 93.8296, 5.9046, 0.894248, -0.446268, -0.034142, 0.064502, 0.445568, 0.880437, 0.162174, -0.004271, -0.042313, -0.160236, 0.986171, 0.254942, 0.000000, 0.000000, 0.000000, 1.000000, -0.044083, -0.163710, 0.985523, 0.276956, -0.894247, 0.446270, 0.034132, -0.064505, -0.445397, -0.879797, -0.166071, 0.203337, 0.000000, 0.000000, 0.000000, 1.000000, 0.994494, -0.066032, 0.081376, 0.047312, 0.082934, 0.021207, -0.996329, 0.093830, 0.064064, 0.997592, 0.026566, 0.005905, 0.000000, 0.000000, 0.000000, 1.000000
-24.2989, 64.4699, -4.2824, 254.9383, 276.9526, -64.4726, 203.3483, 47.3007, 93.8295, 5.9116, 0.894338, -0.446088, -0.034127, 0.064470, 0.445389, 0.880531, 0.162152, -0.004282, -0.042284, -0.160218, 0.986176, 0.254938, 0.000000, 0.000000, 0.000000, 1.000000, -0.044054, -0.163692, 0.985527, 0.276953, -0.894338, 0.446090, 0.034116, -0.064473, -0.445219, -0.879891, -0.166048, 0.203348, 0.000000, 0.000000, 0.000000, 1.000000, 0.994494, -0.066032, 0.081373, 0.047301, 0.082931, 0.021211, -0.996330, 0.093830, 0.064063, 0.997592, 0.026570, 0.005912, 0.000000, 0.000000, 0.000000, 1.000000
-24.2910, 64.4500, -4.2799, 254.9402, 276.9544, -64.4527, 203.3457, 47.2942, 93.8282, 5.9167, 0.894393, -0.445979, -0.034118, 0.064450, 0.445280, 0.880585, 0.162159, -0.004280, -0.042276, -0.160226, 0.986175, 0.254940, 0.000000, 0.000000, 0.000000, 1.000000, -0.044045, -0.163700, 0.985526, 0.276954, -0.894393, 0.445981, 0.034107, -0.064453, -0.445109, -0.879945, -0.166056, 0.203346, 0.000000, 0.000000, 0.000000, 1.000000, 0.994494, -0.066032, 0.081370, 0.047294, 0.082929, 0.021214, -0.996330, 0.093828, 0.064063, 0.997592, 0.026573, 0.005917, 0.000000, 0.000000, 0.000000, 1.000000
-24.2792, 64.4207, -4.2741, 254.9438, 276.9580, -64.4234, 203.3397, 47.2848, 93.8260, 5.9244, 0.894474, -0.445817, -0.034105, 0.064421, 0.445118, 0.880664, 0.162174, -0.004274, -0.042265, -0.160242, 0.986173, 0.254944, 0.000000, 0.000000, 0.000000, 1.000000, -0.044033, -0.163717, 0.985524, 0.276958, -0.894474, 0.445819, 0.034095, -0.064423, -0.444947, -0.880024, -0.166071, 0.203340, 0.000000, 0.000000, 0.000000, 1.000000, 0.994495, -0.066031, 0.081367, 0.047285, 0.082926, 0.021218, -0.996330, 0.093826, 0.064063, 0.997592, 0.026576, 0.005924, 0.000000, 0.000000, 0.000000, 1.000000
-24.2674, 64.3906, -4.2731, 254.9454, 276.9596, -64.3933, 203.3387, 47.2748, 93.8245, 5.9318, 0.894558, -0.445651, -0.034092, 0.064391, 0.444951, 0.880748, 0.162179, -0.004273, -0.042249, -0.160247, 0.986172, 0.254945, 0.000000, 0.000000, 0.000000, 1.000000, -0.044017, -0.163723, 0.985524, 0.276960, -0.894557, 0.445652, 0.034081, -0.064393, -0.444781, -0.880107, -0.166076, 0.203339, 0.000000, 0.000000, 0.000000, 1.000000, 0.994495, -0.066031, 0.081363, 0.047275, 0.082922, 0.021222, -0.996330, 0.093824, 0.064062, 0.997592, 0.026580, 0.005932, 0.000000, 0.000000, 0.000000, 1.000000
-24.2555, 64.3614, -4.2662, 254.9494, 276.9636, -64.3641, 203.3315, 47.2654, 93.8222, 5.9395, 0.894638, -0.445489, -0.034079, 0.064361, 0.444790, 0.880826, 0.162196, -0.004266, -0.042239, -0.160265, 0.986170, 0.254949, 0.000000, 0.000000, 0.000000, 1.000000, -0.044007, -0.163742, 0.985521, 0.276964, -0.894638, 0.445491, 0.034069, -0.064364, -0.444619, -0.880185, -0.166094, 0.203331, 0.000000, 0.000000, 0.000000, 1.000000, 0.994495, -0.066031, 0.081360, 0.047265, 0.082919, 0.021226, -0.996330, 0.093822, 0.064062, 0.997592, 0.026584, 0.005940, 0.000000, 0.000000, 0.000000, 1.000000
