# Joint_A_Angle(deg), Cam_X(mm), Cam_Y(mm), Cam_Z(mm), Torso_X(mm), Torso_Y(mm), Torso_Z(mm), EE_X(mm), EE_Y(mm), EE_Z(mm), T_cam2marker_flat(16), T_torso2marker_flat(16), T_ee2marker_flat(16)
-14.9995, 19.7254, 26.8290, 170.5847, 239.5890, -10.7256, 230.2130, 10.6041, 57.3494, -53.8865, 0.503327, -0.836392, -0.217047, 0.019725, 0.817661, 0.542243, -0.193399, 0.026829, 0.279449, -0.080127, 0.956811, 0.170585, 0.000000, 0.000000, 0.000000, 1.000000, 0.279331, -0.080205, 0.956839, 0.239589, -0.503328, 0.836392, 0.217046, -0.010726, -0.817701, -0.542231, 0.193261, 0.230213, 0.000000, 0.000000, 0.000000, 1.000000, 0.993193, -0.046372, 0.106853, 0.010604, 0.106418, -0.011766, -0.994252, 0.057349, 0.047362, 0.998855, -0.006751, -0.053887, 0.000000, 0.000000, 0.000000, 1.000000
-14.9995, 19.7263, 26.8335, 170.5869, 239.5913, -10.7265, 230.2085, 10.6041, 57.3495, -53.8866, 0.503325, -0.836394, -0.217045, 0.019726, 0.817667, 0.542238, -0.193384, 0.026834, 0.279436, -0.080135, 0.956815, 0.170587, 0.000000, 0.000000, 0.000000, 1.000000, 0.279317, -0.080213, 0.956843, 0.239591, -0.503325, 0.836395, 0.217044, -0.010726, -0.817708, -0.542227, 0.193246, 0.230208, 0.000000, 0.000000, 0.000000, 1.000000, 0.993193, -0.046372, 0.106853, 0.010604, 0.106417, -0.011766, -0.994252, 0.057349, 0.047362, 0.998855, -0.006751, -0.053887, 0.000000, 0.000000, 0.000000, 1.000000
-14.9995, 19.7265, 26.8346, 170.5875, 239.5919, -10.7267, 230.2073, 10.6041, 57.3495, -53.8866, 0.503324, -0.836395, -0.217045, 0.019726, 0.817669, 0.542237, -0.193381, 0.026835, 0.279432, -0.080137, 0.956815, 0.170588, 0.000000, 0.000000, 0.000000, 1.000000, 0.279314, -0.080215, 0.956843, 0.239592, -0.503324, 0.836395, 0.217044, -0.010727, -0.817709, -0.542226, 0.193242, 0.230207, 0.000000, 0.000000, 0.000000, 1.000000, 0.993193, -0.046372, 0.106853, 0.010604, 0.106417, -0.011766, -0.994252, 0.057349, 0.047362, 0.998855, -0.006751, -0.053887, 0.000000, 0.000000, 0.000000, 1.000000
-14.9995, 19.7270, 26.8370, 170.5888, 239.5931, -10.7271, 230.2049, 10.6041, 57.3495, -53.8866, 0.503322, -0.836396, -0.217044, 0.019727, 0.817672, 0.542235, -0.193373, 0.026837, 0.279425, -0.080142, 0.956817, 0.170589, 0.000000, 0.000000, 0.000000, 1.000000, 0.279306, -0.080220, 0.956845, 0.239593, -0.503323, 0.836396, 0.217043, -0.010727, -0.817713, -0.542223, 0.193235, 0.230205, 0.000000, 0.000000, 0.000000, 1.000000, 0.993193, -0.046372, 0.106853, 0.010604, 0.106417, -0.011766, -0.994252, 0.057350, 0.047362, 0.998855, -0.006751, -0.053887, 0.000000, 0.000000, 0.000000, 1.000000
-14.9995, 19.7271, 26.8375, 170.5890, 239.5934, -10.7272, 230.2045, 10.6041, 57.3495, -53.8866, 0.503322, -0.836397, -0.217044, 0.019727, 0.817673, 0.542234, -0.193372, 0.026837, 0.279424, -0.080143, 0.956817, 0.170589, 0.000000, 0.000000, 0.000000, 1.000000, 0.279305, -0.080220, 0.956846, 0.239593, -0.503322, 0.836397, 0.217043, -0.010727, -0.817714, -0.542223, 0.193233, 0.230204, 0.000000, 0.000000, 0.000000, 1.000000, 0.993193, -0.046372, 0.106853, 0.010604, 0.106417, -0.011766, -0.994252, 0.057350, 0.047362, 0.998855, -0.006751, -0.053887, 0.000000, 0.000000, 0.000000, 1.000000
-14.9995, 19.7271, 26.8378, 170.5892, 239.5936, -10.7273, 230.2042, 10.6041, 57.3495, -53.8866, 0.503322, -0.836397, -0.217044, 0.019727, 0.817674, 0.542234, -0.193371, 0.026838, 0.279423, -0.080143, 0.956818, 0.170589, 0.000000, 0.000000, 0.000000, 1.000000, 0.279304, -0.080221, 0.956846, 0.239594, -0.503322, 0.836397, 0.217043, -0.010727, -0.817714, -0.542222, 0.193232, 0.230204, 0.000000, 0.000000, 0.000000, 1.000000, 0.993193, -0.046372, 0.106853, 0.010604, 0.106417, -0.011766, -0.994252, 0.057350, 0.047362, 0.998855, -0.006751, -0.053887, 0.000000, 0.000000, 0.000000, 1.000000
-14.9995, 19.7272, 26.8379, 170.5894, 239.5937, -10.7274, 230.2040, 10.6041, 57.3495, -53.8866, 0.503321, -0.836397, -0.217044, 0.019727, 0.817674, 0.542233, -0.193370, 0.026838, 0.279422, -0.080144, 0.956818, 0.170589, 0.000000, 0.000000, 0.000000, 1.000000, 0.279304, -0.080222, 0.956846, 0.239594, -0.503321, 0.836397, 0.217043, -0.010727, -0.817715, -0.542222, 0.193231, 0.230204, 0.000000, 0.000000, 0.000000, 1.000000, 0.993193, -0.046372, 0.106853, 0.010604, 0.106417, -0.011766, -0.994252, 0.057350, 0.047362, 0.998855, -0.006751, -0.053887, 0.000000, 0.000000, 0.000000, 1.000000
-14.9995, 19.7271, 26.8378, 170.5893, 239.5937, -10.7273, 230.2042, 10.6041, 57.3495, -53.8866, 0.503321, -0.836397, -0.217043, 0.019727, 0.817674, 0.542233, -0.193370, 0.026838, 0.279422, -0.080144, 0.956818, 0.170589, 0.000000, 0.000000, 0.000000, 1.000000, 0.279304, -0.080221, 0.956846, 0.239594, -0.503321, 0.836397, 0.217043, -0.010727, -0.817715, -0.542222, 0.193231, 0.230204, 0.000000, 0.000000, 0.000000, 1.000000, 0.993193, -0.046372, 0.106853, 0.010604, 0.106417, -0.011766, -0.994252, 0.057350, 0.047362, 0.998855, -0.006751, -0.053887, 0.000000, 0.000000, 0.000000, 1.000000
-14.9993, 19.7270, 26.8371, 170.5890, 239.5934, -10.7272, 230.2049, 10.6041, 57.3495, -53.8866, 0.503322, -0.836397, -0.217043, 0.019727, 0.817674, 0.542234, -0.193370, 0.026837, 0.279422, -0.080143, 0.956818, 0.170589, 0.000000, 0.000000, 0.000000, 1.000000, 0.279303, -0.080220, 0.956846, 0.239593, -0.503322, 0.836397, 0.217042, -0.010727, -0.817714, -0.542222, 0.193232, 0.230205, 0.000000, 0.000000, 0.000000, 1.000000, 0.993193, -0.046372, 0.106853, 0.010604, 0.106417, -0.011766, -0.994252, 0.057350, 0.047362, 0.998855, -0.006751, -0.053887, 0.000000, 0.000000, 0.000000, 1.000000
-14.9990, 19.7267, 26.8358, 170.5885, 239.5928, -10.7269, 230.2062, 10.6041, 57.3495, -53.8866, 0.503323, -0.836397, -0.217041, 0.019727, 0.817673, 0.542234, -0.193370, 0.026836, 0.279421, -0.080141, 0.956818, 0.170588, 0.000000, 0.000000, 0.000000, 1.000000, 0.279302, -0.080218, 0.956847, 0.239593, -0.503323, 0.836397, 0.217040, -0.010727, -0.817714, -0.542223, 0.193232, 0.230206, 0.000000, 0.000000, 0.000000, 1.000000, 0.993193, -0.046372, 0.106853, 0.010604, 0.106417, -0.011766, -0.994252, 0.057349, 0.047362, 0.998855, -0.006751, -0.053887, 0.000000, 0.000000, 0.000000, 1.000000
-14.9990, 19.7267, 26.8358, 170.5885, 239.5928, -10.7269, 230.2062, 10.6041, 57.3495, -53.8866, 0.503323, -0.836397, -0.217041, 0.019727, 0.817673, 0.542234, -0.193370, 0.026836, 0.279421, -0.080141, 0.956818, 0.170588, 0.000000, 0.000000, 0.000000, 1.000000, 0.279302, -0.080218, 0.956847, 0.239593, -0.503323, 0.836397, 0.217040, -0.010727, -0.817714, -0.542223, 0.193232, 0.230206, 0.000000, 0.000000, 0.000000, 1.000000, 0.993193, -0.046372, 0.106853, 0.010604, 0.106417, -0.011766, -0.994252, 0.057349, 0.047362, 0.998855, -0.006751, -0.053887, 0.000000, 0.000000, 0.000000, 1.000000
-14.9978, 19.7259, 26.8337, 170.5875, 239.5918, -10.7261, 230.2083, 10.6042, 57.3493, -53.8866, 0.503328, -0.836397, -0.217030, 0.019726, 0.817676, 0.542235, -0.193358, 0.026834, 0.279405, -0.080138, 0.956823, 0.170587, 0.000000, 0.000000, 0.000000, 1.000000, 0.279286, -0.080216, 0.956851, 0.239592, -0.503328, 0.836397, 0.217029, -0.010726, -0.817716, -0.542223, 0.193219, 0.230208, 0.000000, 0.000000, 0.000000, 1.000000, 0.993193, -0.046372, 0.106853, 0.010604, 0.106417, -0.011766, -0.994252, 0.057349, 0.047363, 0.998855, -0.006751, -0.053887, 0.000000, 0.000000, 0.000000, 1.000000
-14.9969, 19.7266, 26.8389, 170.5899, 239.5943, -10.7268, 230.2029, 10.6042, 57.3493, -53.8866, 0.503328, -0.836399, -0.217019, 0.019727, 0.817687, 0.542229, -0.193326, 0.026839, 0.279371, -0.080147, 0.956832, 0.170590, 0.000000, 0.000000, 0.000000, 1.000000, 0.279252, -0.080225, 0.956861, 0.239594, -0.503328, 0.836400, 0.217018, -0.010727, -0.817728, -0.542217, 0.193187, 0.230203, 0.000000, 0.000000, 0.000000, 1.000000, 0.993193, -0.046372, 0.106853, 0.010604, 0.106417, -0.011767, -0.994252, 0.057349, 0.047363, 0.998855, -0.006752, -0.053887, 0.000000, 0.000000, 0.000000, 1.000000
-14.9957, 19.7269, 26.8429, 170.5918, 239.5962, -10.7271, 230.1988, 10.6042, 57.3492, -53.8867, 0.503329, -0.836402, -0.217005, 0.019727, 0.817698, 0.542224, -0.193293, 0.026843, 0.279336, -0.080154, 0.956842, 0.170592, 0.000000, 0.000000, 0.000000, 1.000000, 0.279216, -0.080233, 0.956870, 0.239596, -0.503330, 0.836402, 0.217004, -0.010727, -0.817739, -0.542212, 0.193154, 0.230199, 0.000000, 0.000000, 0.000000, 1.000000, 0.993193, -0.046372, 0.106853, 0.010604, 0.106417, -0.011767, -0.994252, 0.057349, 0.047363, 0.998855, -0.006752, -0.053887, 0.000000, 0.000000, 0.000000, 1.000000
-14.9950, 19.7269, 26.8444, 170.5925, 239.5969, -10.7271, 230.1972, 10.6043, 57.3492, -53.8867, 0.503331, -0.836403, -0.216997, 0.019727, 0.817704, 0.542222, -0.193277, 0.026844, 0.279318, -0.080157, 0.956847, 0.170593, 0.000000, 0.000000, 0.000000, 1.000000, 0.279198, -0.080236, 0.956875, 0.239597, -0.503331, 0.836403, 0.216997, -0.010727, -0.817745, -0.542210, 0.193137, 0.230197, 0.000000, 0.000000, 0.000000, 1.000000, 0.993193, -0.046372, 0.106853, 0.010604, 0.106417, -0.011767, -0.994252, 0.057349, 0.047363, 0.998855, -0.006752, -0.053887, 0.000000, 0.000000, 0.000000, 1.000000
-14.9941, 19.7269, 26.8456, 170.5931, 239.5975, -10.7271, 230.1959, 10.6043, 57.3491, -53.8867, 0.503333, -0.836404, -0.216989, 0.019727, 0.817709, 0.542220, -0.193260, 0.026846, 0.279299, -0.080160, 0.956852, 0.170593, 0.000000, 0.000000, 0.000000, 1.000000, 0.279179, -0.080239, 0.956881, 0.239597, -0.503333, 0.836404, 0.216988, -0.010727, -0.817750, -0.542208, 0.193120, 0.230196, 0.000000, 0.000000, 0.000000, 1.000000, 0.993193, -0.046372, 0.106853, 0.010604, 0.106417, -0.011767, -0.994252, 0.057349, 0.047363, 0.998855, -0.006752, -0.053887, 0.000000, 0.000000, 0.000000, 1.000000
-14.9911, 19.7262, 26.8472, 170.5937, 239.5982, -10.7264, 230.1941, 10.6044, 57.3489, -53.8867, 0.503342, -0.836407, -0.216959, 0.019726, 0.817725, 0.542216, -0.193206, 0.026847, 0.279238, -0.080164, 0.956870, 0.170594, 0.000000, 0.000000, 0.000000, 1.000000, 0.279117, -0.080243, 0.956899, 0.239598, -0.503342, 0.836407, 0.216958, -0.010726, -0.817766, -0.542204, 0.193065, 0.230194, 0.000000, 0.000000, 0.000000, 1.000000, 0.993193, -0.046373, 0.106853, 0.010604, 0.106417, -0.011768, -0.994252, 0.057349, 0.047363, 0.998855, -0.006753, -0.053887, 0.000000, 0.000000, 0.000000, 1.000000
-14.9911, 19.7262, 26.8472, 170.5937, 239.5982, -10.7264, 230.1941, 10.6044, 57.3489, -53.8867, 0.503342, -0.836407, -0.216959, 0.019726, 0.817725, 0.542216, -0.193206, 0.026847, 0.279238, -0.080164, 0.956870, 0.170594, 0.000000, 0.000000, 0.000000, 1.000000, 0.279117, -0.080243, 0.956899, 0.239598, -0.503342, 0.836407, 0.216958, -0.010726, -0.817766, -0.542204, 0.193065, 0.230194, 0.000000, 0.000000, 0.000000, 1.000000, 0.993193, -0.046373, 0.106853, 0.010604, 0.106417, -0.011768, -0.994252, 0.057349, 0.047363, 0.998855, -0.006753, -0.053887, 0.000000, 0.000000, 0.000000, 1.000000
-14.9872, 19.7247, 26.8460, 170.5930, 239.5975, -10.7249, 230.1951, 10.6045, 57.3485, -53.8867, 0.503355, -0.836408, -0.216921, 0.019725, 0.817740, 0.542213, -0.193148, 0.026846, 0.279168, -0.080164, 0.956890, 0.170593, 0.000000, 0.000000, 0.000000, 1.000000, 0.279046, -0.080243, 0.956919, 0.239597, -0.503355, 0.836409, 0.216921, -0.010725, -0.817782, -0.542201, 0.193006, 0.230195, 0.000000, 0.000000, 0.000000, 1.000000, 0.993193, -0.046373, 0.106852, 0.010605, 0.106417, -0.011768, -0.994252, 0.057348, 0.047364, 0.998855, -0.006753, -0.053887, 0.000000, 0.000000, 0.000000, 1.000000
-14.9841, 19.7232, 26.8438, 170.5917, 239.5962, -10.7234, 230.1973, 10.6046, 57.3481, -53.8867, 0.503366, -0.836409, -0.216892, 0.019723, 0.817751, 0.542212, -0.193105, 0.026844, 0.279116, -0.080161, 0.956906, 0.170592, 0.000000, 0.000000, 0.000000, 1.000000, 0.278994, -0.080241, 0.956935, 0.239596, -0.503366, 0.836409, 0.216891, -0.010723, -0.817793, -0.542200, 0.192962, 0.230197, 0.000000, 0.000000, 0.000000, 1.000000, 0.993193, -0.046373, 0.106852, 0.010605, 0.106417, -0.011768, -0.994252, 0.057348, 0.047364, 0.998855, -0.006753, -0.053887, 0.000000, 0.000000, 0.000000, 1.000000
-14.9805, 19.7214, 26.8405, 170.5899, 239.5944, -10.7216, 230.2005, 10.6048, 57.3477, -53.8867, 0.503379, -0.836410, -0.216858, 0.019721, 0.817762, 0.542211, -0.193059, 0.026840, 0.279059, -0.080157, 0.956923, 0.170590, 0.000000, 0.000000, 0.000000, 1.000000, 0.278937, -0.080237, 0.956952, 0.239594, -0.503380, 0.836410, 0.216858, -0.010722, -0.817804, -0.542200, 0.192916, 0.230201, 0.000000, 0.000000, 0.000000, 1.000000, 0.993193, -0.046373, 0.106852, 0.010605, 0.106417, -0.011769, -0.994252, 0.057348, 0.047364, 0.998855, -0.006754, -0.053887, 0.000000, 0.000000, 0.000000, 1.000000
-14.9766, 19.7193, 26.8362, 170.5876, 239.5921, -10.7195, 230.2047, 10.6049, 57.3473, -53.8867, 0.503395, -0.836410, -0.216822, 0.019719, 0.817774, 0.542212, -0.193010, 0.026836, 0.278999, -0.080151, 0.956941, 0.170588, 0.000000, 0.000000, 0.000000, 1.000000, 0.278876, -0.080231, 0.956970, 0.239592, -0.503395, 0.836410, 0.216821, -0.010720, -0.817815, -0.542200, 0.192867, 0.230205, 0.000000, 0.000000, 0.000000, 1.000000, 0.993193, -0.046374, 0.106853, 0.010605, 0.106417, -0.011769, -0.994252, 0.057347, 0.047365, 0.998855, -0.006754, -0.053887, 0.000000, 0.000000, 0.000000, 1.000000
-14.9745, 19.7182, 26.8337, 170.5863, 239.5908, -10.7184, 230.2072, 10.6050, 57.3470, -53.8866, 0.503403, -0.836410, -0.216802, 0.019718, 0.817779, 0.542212, -0.192984, 0.026834, 0.278967, -0.080148, 0.956950, 0.170586, 0.000000, 0.000000, 0.000000, 1.000000, 0.278844, -0.080228, 0.956979, 0.239591, -0.503403, 0.836410, 0.216802, -0.010718, -0.817821, -0.542200, 0.192841, 0.230207, 0.000000, 0.000000, 0.000000, 1.000000, 0.993193, -0.046374, 0.106853, 0.010605, 0.106417, -0.011769, -0.994252, 0.057347, 0.047365, 0.998855, -0.006754, -0.053887, 0.000000, 0.000000, 0.000000, 1.000000
-14.9701, 19.7156, 26.8281, 170.5832, 239.5878, -10.7158, 230.2127, 10.6051, 57.3465, -53.8866, 0.503421, -0.836410, -0.216761, 0.019716, 0.817791, 0.542213, -0.192931, 0.026828, 0.278901, -0.080140, 0.956970, 0.170583, 0.000000, 0.000000, 0.000000, 1.000000, 0.278777, -0.080221, 0.956999, 0.239588, -0.503421, 0.836410, 0.216760, -0.010716, -0.817833, -0.542201, 0.192788, 0.230213, 0.000000, 0.000000, 0.000000, 1.000000, 0.993193, -0.046374, 0.106853, 0.010605, 0.106417, -0.011769, -0.994252, 0.057347, 0.047365, 0.998855, -0.006754, -0.053887, 0.000000, 0.000000, 0.000000, 1.000000
-14.9653, 19.7129, 26.8218, 170.5798, 239.5844, -10.7130, 230.2189, 10.6053, 57.3460, -53.8866, 0.503440, -0.836410, -0.216717, 0.019713, 0.817803, 0.542215, -0.192875, 0.026822, 0.278830, -0.080131, 0.956992, 0.170580, 0.000000, 0.000000, 0.000000, 1.000000, 0.278706, -0.080212, 0.957021, 0.239584, -0.503440, 0.836410, 0.216716, -0.010713, -0.817845, -0.542203, 0.192731, 0.230219, 0.000000, 0.000000, 0.000000, 1.000000, 0.993193, -0.046375, 0.106853, 0.010605, 0.106417, -0.011769, -0.994252, 0.057346, 0.047366, 0.998855, -0.006754, -0.053887, 0.000000, 0.000000, 0.000000, 1.000000
-14.9627, 19.7114, 26.8184, 170.5780, 239.5825, -10.7116, 230.2223, 10.6054, 57.3457, -53.8865, 0.503450, -0.836410, -0.216694, 0.019711, 0.817810, 0.542216, -0.192846, 0.026818, 0.278793, -0.080126, 0.957003, 0.170578, 0.000000, 0.000000, 0.000000, 1.000000, 0.278669, -0.080207, 0.957032, 0.239583, -0.503450, 0.836410, 0.216693, -0.010712, -0.817852, -0.542204, 0.192702, 0.230222, 0.000000, 0.000000, 0.000000, 1.000000, 0.993193, -0.046375, 0.106853, 0.010605, 0.106417, -0.011769, -0.994252, 0.057346, 0.047366, 0.998855, -0.006754, -0.053887, 0.000000, 0.000000, 0.000000, 1.000000
-14.9547, 19.7066, 26.8073, 170.5720, 239.5765, -10.7068, 230.2333, 10.6057, 57.3447, -53.8865, 0.503483, -0.836409, -0.216619, 0.019707, 0.817829, 0.542219, -0.192753, 0.026807, 0.278675, -0.080110, 0.957038, 0.170572, 0.000000, 0.000000, 0.000000, 1.000000, 0.278551, -0.080191, 0.957068, 0.239577, -0.503484, 0.836410, 0.216618, -0.010707, -0.817871, -0.542207, 0.192608, 0.230233, 0.000000, 0.000000, 0.000000, 1.000000, 0.993193, -0.046375, 0.106853, 0.010606, 0.106417, -0.011770, -0.994252, 0.057345, 0.047366, 0.998855, -0.006754, -0.053886, 0.000000, 0.000000, 0.000000, 1.000000
-14.9547, 19.7066, 26.8073, 170.5720, 239.5765, -10.7068, 230.2333, 10.6057, 57.3447, -53.8865, 0.503483, -0.836409, -0.216619, 0.019707, 0.817829, 0.542219, -0.192753, 0.026807, 0.278675, -0.080110, 0.957038, 0.170572, 0.000000, 0.000000, 0.000000, 1.000000, 0.278551, -0.080191, 0.957068, 0.239577, -0.503484, 0.836410, 0.216618, -0.010707, -0.817871, -0.542207, 0.192608, 0.230233, 0.000000, 0.000000, 0.000000, 1.000000, 0.993193, -0.046375, 0.106853, 0.010606, 0.106417, -0.011770, -0.994252, 0.057345, 0.047366, 0.998855, -0.006754, -0.053886, 0.000000, 0.000000, 0.000000, 1.000000
-14.9399, 19.6977, 26.7868, 170.5607, 239.5653, -10.6979, 230.2537, 10.6063, 57.3430, -53.8863, 0.503545, -0.836408, -0.216482, 0.019698, 0.817865, 0.542226, -0.192582, 0.026787, 0.278459, -0.080080, 0.957104, 0.170561, 0.000000, 0.000000, 0.000000, 1.000000, 0.278335, -0.080161, 0.957133, 0.239565, -0.503545, 0.836408, 0.216482, -0.010698, -0.817907, -0.542214, 0.192437, 0.230254, 0.000000, 0.000000, 0.000000, 1.000000, 0.993193, -0.046376, 0.106853, 0.010606, 0.106417, -0.011770, -0.994252, 0.057343, 0.047368, 0.998855, -0.006755, -0.053886, 0.000000, 0.000000, 0.000000, 1.000000
-14.9399, 19.6977, 26.7868, 170.5607, 239.5653, -10.6979, 230.2537, 10.6063, 57.3430, -53.8863, 0.503545, -0.836408, -0.216482, 0.019698, 0.817865, 0.542226, -0.192582, 0.026787, 0.278459, -0.080080, 0.957104, 0.170561, 0.000000, 0.000000, 0.000000, 1.000000, 0.278335, -0.080161, 0.957133, 0.239565, -0.503545, 0.836408, 0.216482, -0.010698, -0.817907, -0.542214, 0.192437, 0.230254, 0.000000, 0.000000, 0.000000, 1.000000, 0.993193, -0.046376, 0.106853, 0.010606, 0.106417, -0.011770, -0.994252, 0.057343, 0.047368, 0.998855, -0.006755, -0.053886, 0.000000, 0.000000, 0.000000, 1.000000
-14.9337, 19.6940, 26.7781, 170.5560, 239.5606, -10.6941, 230.2623, 10.6065, 57.3423, -53.8863, 0.503571, -0.836407, -0.216424, 0.019694, 0.817880, 0.542229, -0.192510, 0.026778, 0.278368, -0.080067, 0.957131, 0.170556, 0.000000, 0.000000, 0.000000, 1.000000, 0.278244, -0.080149, 0.957161, 0.239561, -0.503571, 0.836407, 0.216424, -0.010694, -0.817922, -0.542217, 0.192365, 0.230262, 0.000000, 0.000000, 0.000000, 1.000000, 0.993193, -0.046377, 0.106853, 0.010606, 0.106417, -0.011770, -0.994252, 0.057342, 0.047368, 0.998855, -0.006755, -0.053886, 0.000000, 0.000000, 0.000000, 1.000000
-14.9272, 19.6901, 26.7694, 170.5511, 239.5557, -10.6903, 230.2710, 10.6067, 57.3415, -53.8862, 0.503598, -0.836406, -0.216365, 0.019690, 0.817896, 0.542232, -0.192435, 0.026769, 0.278274, -0.080054, 0.957160, 0.170551, 0.000000, 0.000000, 0.000000, 1.000000, 0.278149, -0.080136, 0.957189, 0.239556, -0.503598, 0.836406, 0.216364, -0.010690, -0.817938, -0.542220, 0.192290, 0.230271, 0.000000, 0.000000, 0.000000, 1.000000, 0.993193, -0.046377, 0.106853, 0.010607, 0.106417, -0.011771, -0.994252, 0.057342, 0.047369, 0.998855, -0.006755, -0.053886, 0.000000, 0.000000, 0.000000, 1.000000
-14.9240, 19.6882, 26.7650, 170.5487, 239.5533, -10.6883, 230.2754, 10.6069, 57.3411, -53.8862, 0.503611, -0.836406, -0.216335, 0.019688, 0.817903, 0.542234, -0.192397, 0.026765, 0.278226, -0.080048, 0.957174, 0.170549, 0.000000, 0.000000, 0.000000, 1.000000, 0.278101, -0.080129, 0.957204, 0.239553, -0.503612, 0.836406, 0.216334, -0.010688, -0.817946, -0.542221, 0.192251, 0.230275, 0.000000, 0.000000, 0.000000, 1.000000, 0.993193, -0.046378, 0.106853, 0.010607, 0.106417, -0.011771, -0.994252, 0.057341, 0.047369, 0.998855, -0.006755, -0.053886, 0.000000, 0.000000, 0.000000, 1.000000
-14.9173, 19.6842, 26.7561, 170.5438, 239.5483, -10.6844, 230.2842, 10.6071, 57.3404, -53.8861, 0.503639, -0.836405, -0.216273, 0.019684, 0.817920, 0.542237, -0.192319, 0.026756, 0.278127, -0.080035, 0.957204, 0.170544, 0.000000, 0.000000, 0.000000, 1.000000, 0.278003, -0.080116, 0.957234, 0.239548, -0.503639, 0.836405, 0.216272, -0.010684, -0.817962, -0.542225, 0.192173, 0.230284, 0.000000, 0.000000, 0.000000, 1.000000, 0.993193, -0.046378, 0.106853, 0.010607, 0.106418, -0.011771, -0.994252, 0.057340, 0.047369, 0.998855, -0.006755, -0.053886, 0.000000, 0.000000, 0.000000, 1.000000
-14.9106, 19.6802, 26.7474, 170.5388, 239.5434, -10.6804, 230.2930, 10.6074, 57.3396, -53.8861, 0.503667, -0.836404, -0.216210, 0.019680, 0.817937, 0.542240, -0.192239, 0.026747, 0.278027, -0.080022, 0.957234, 0.170539, 0.000000, 0.000000, 0.000000, 1.000000, 0.277902, -0.080104, 0.957264, 0.239543, -0.503668, 0.836405, 0.216209, -0.010680, -0.817979, -0.542228, 0.192093, 0.230293, 0.000000, 0.000000, 0.000000, 1.000000, 0.993193, -0.046379, 0.106853, 0.010607, 0.106418, -0.011771, -0.994252, 0.057340, 0.047370, 0.998855, -0.006755, -0.053886, 0.000000, 0.000000, 0.000000, 1.000000
-14.9072, 19.6782, 26.7430, 170.5364, 239.5410, -10.6784, 230.2973, 10.6075, 57.3392, -53.8860, 0.503682, -0.836404, -0.216178, 0.019678, 0.817945, 0.542241, -0.192198, 0.026743, 0.277976, -0.080015, 0.957250, 0.170536, 0.000000, 0.000000, 0.000000, 1.000000, 0.277851, -0.080097, 0.957279, 0.239541, -0.503682, 0.836404, 0.216177, -0.010678, -0.817987, -0.542229, 0.192052, 0.230297, 0.000000, 0.000000, 0.000000, 1.000000, 0.993193, -0.046379, 0.106853, 0.010607, 0.106418, -0.011771, -0.994252, 0.057339, 0.047370, 0.998855, -0.006755, -0.053886, 0.000000, 0.000000, 0.000000, 1.000000
-14.9003, 19.6742, 26.7344, 170.5315, 239.5361, -10.6744, 230.3059, 10.6077, 57.3384, -53.8860, 0.503710, -0.836403, -0.216114, 0.019674, 0.817963, 0.542244, -0.192115, 0.026734, 0.277872, -0.080003, 0.957281, 0.170532, 0.000000, 0.000000, 0.000000, 1.000000, 0.277747, -0.080085, 0.957310, 0.239536, -0.503711, 0.836404, 0.216113, -0.010674, -0.818005, -0.542232, 0.191969, 0.230306, 0.000000, 0.000000, 0.000000, 1.000000, 0.993192, -0.046379, 0.106853, 0.010608, 0.106418, -0.011771, -0.994252, 0.057338, 0.047371, 0.998855, -0.006756, -0.053886, 0.000000, 0.000000, 0.000000, 1.000000
-14.9003, 19.6742, 26.7344, 170.5315, 239.5361, -10.6744, 230.3059, 10.6077, 57.3384, -53.8860, 0.503710, -0.836403, -0.216114, 0.019674, 0.817963, 0.542244, -0.192115, 0.026734, 0.277872, -0.080003, 0.957281, 0.170532, 0.000000, 0.000000, 0.000000, 1.000000, 0.277747, -0.080085, 0.957310, 0.239536, -0.503711, 0.836404, 0.216113, -0.010674, -0.818005, -0.542232, 0.191969, 0.230306, 0.000000, 0.000000, 0.000000, 1.000000, 0.993192, -0.046379, 0.106853, 0.010608, 0.106418, -0.011771, -0.994252, 0.057338, 0.047371, 0.998855, -0.006756, -0.053886, 0.000000, 0.000000, 0.000000, 1.000000
-14.8864, 19.6662, 26.7179, 170.5220, 239.5266, -10.6664, 230.3225, 10.6082, 57.3367, -53.8859, 0.503768, -0.836402, -0.215983, 0.019666, 0.817999, 0.542250, -0.191944, 0.026718, 0.277659, -0.079979, 0.957345, 0.170522, 0.000000, 0.000000, 0.000000, 1.000000, 0.277534, -0.080061, 0.957374, 0.239527, -0.503769, 0.836402, 0.215982, -0.010666, -0.818041, -0.542238, 0.191798, 0.230322, 0.000000, 0.000000, 0.000000, 1.000000, 0.993192, -0.046380, 0.106854, 0.010608, 0.106418, -0.011772, -0.994252, 0.057337, 0.047372, 0.998854, -0.006756, -0.053886, 0.000000, 0.000000, 0.000000, 1.000000
-14.8795, 19.6623, 26.7100, 170.5175, 239.5221, -10.6625, 230.3304, 10.6085, 57.3359, -53.8858, 0.503797, -0.836402, -0.215918, 0.019662, 0.818018, 0.542252, -0.191858, 0.026710, 0.277552, -0.079967, 0.957377, 0.170517, 0.000000, 0.000000, 0.000000, 1.000000, 0.277427, -0.080049, 0.957406, 0.239522, -0.503797, 0.836402, 0.215917, -0.010662, -0.818060, -0.542240, 0.191712, 0.230330, 0.000000, 0.000000, 0.000000, 1.000000, 0.993192, -0.046381, 0.106854, 0.010609, 0.106418, -0.011772, -0.994252, 0.057336, 0.047372, 0.998854, -0.006756, -0.053886, 0.000000, 0.000000, 0.000000, 1.000000
-14.8760, 19.6603, 26.7061, 170.5152, 239.5198, -10.6605, 230.3342, 10.6086, 57.3355, -53.8858, 0.503812, -0.836401, -0.215885, 0.019660, 0.818027, 0.542253, -0.191814, 0.026706, 0.277498, -0.079962, 0.957393, 0.170515, 0.000000, 0.000000, 0.000000, 1.000000, 0.277373, -0.080044, 0.957422, 0.239520, -0.503812, 0.836402, 0.215884, -0.010661, -0.818070, -0.542241, 0.191668, 0.230334, 0.000000, 0.000000, 0.000000, 1.000000, 0.993192, -0.046381, 0.106854, 0.010609, 0.106418, -0.011772, -0.994252, 0.057336, 0.047373, 0.998854, -0.006756, -0.053886, 0.000000, 0.000000, 0.000000, 1.000000
-14.8690, 19.6565, 26.6987, 170.5109, 239.5155, -10.6567, 230.3417, 10.6089, 57.3347, -53.8857, 0.503840, -0.836401, -0.215820, 0.019656, 0.818047, 0.542255, -0.191726, 0.026699, 0.277389, -0.079951, 0.957425, 0.170511, 0.000000, 0.000000, 0.000000, 1.000000, 0.277264, -0.080033, 0.957455, 0.239515, -0.503841, 0.836401, 0.215819, -0.010657, -0.818089, -0.542243, 0.191580, 0.230342, 0.000000, 0.000000, 0.000000, 1.000000, 0.993192, -0.046382, 0.106854, 0.010609, 0.106418, -0.011773, -0.994252, 0.057335, 0.047373, 0.998854, -0.006757, -0.053886, 0.000000, 0.000000, 0.000000, 1.000000
-14.8621, 19.6527, 26.6916, 170.5067, 239.5113, -10.6529, 230.3488, 10.6091, 57.3339, -53.8857, 0.503869, -0.836401, -0.215754, 0.019653, 0.818066, 0.542257, -0.191637, 0.026692, 0.277279, -0.079941, 0.957458, 0.170507, 0.000000, 0.000000, 0.000000, 1.000000, 0.277155, -0.080023, 0.957487, 0.239511, -0.503869, 0.836401, 0.215753, -0.010653, -0.818108, -0.542245, 0.191491, 0.230349, 0.000000, 0.000000, 0.000000, 1.000000, 0.993192, -0.046382, 0.106854, 0.010609, 0.106418, -0.011773, -0.994252, 0.057334, 0.047374, 0.998854, -0.006757, -0.053886, 0.000000, 0.000000, 0.000000, 1.000000
-14.8586, 19.6508, 26.6881, 170.5046, 239.5092, -10.6510, 230.3523, 10.6093, 57.3335, -53.8857, 0.503883, -0.836401, -0.215721, 0.019651, 0.818076, 0.542258, -0.191592, 0.026688, 0.277224, -0.079936, 0.957474, 0.170505, 0.000000, 0.000000, 0.000000, 1.000000, 0.277100, -0.080018, 0.957503, 0.239509, -0.503883, 0.836401, 0.215720, -0.010651, -0.818118, -0.542246, 0.191447, 0.230352, 0.000000, 0.000000, 0.000000, 1.000000, 0.993192, -0.046383, 0.106854, 0.010609, 0.106418, -0.011773, -0.994252, 0.057334, 0.047374, 0.998854, -0.006757, -0.053886, 0.000000, 0.000000, 0.000000, 1.000000
-14.8518, 19.6471, 26.6815, 170.5007, 239.5053, -10.6473, 230.3589, 10.6095, 57.3328, -53.8856, 0.503911, -0.836401, -0.215656, 0.019647, 0.818096, 0.542260, -0.191503, 0.026681, 0.277114, -0.079927, 0.957507, 0.170501, 0.000000, 0.000000, 0.000000, 1.000000, 0.276990, -0.080009, 0.957536, 0.239505, -0.503911, 0.836401, 0.215655, -0.010647, -0.818138, -0.542248, 0.191357, 0.230359, 0.000000, 0.000000, 0.000000, 1.000000, 0.993192, -0.046383, 0.106854, 0.010610, 0.106418, -0.011773, -0.994252, 0.057333, 0.047375, 0.998854, -0.006757, -0.053886, 0.000000, 0.000000, 0.000000, 1.000000
-14.8484, 19.6453, 26.6783, 170.4988, 239.5033, -10.6455, 230.3621, 10.6096, 57.3324, -53.8856, 0.503925, -0.836401, -0.215624, 0.019645, 0.818106, 0.542261, -0.191458, 0.026678, 0.277060, -0.079923, 0.957523, 0.170499, 0.000000, 0.000000, 0.000000, 1.000000, 0.276935, -0.080004, 0.957552, 0.239503, -0.503925, 0.836401, 0.215623, -0.010645, -0.818148, -0.542248, 0.191312, 0.230362, 0.000000, 0.000000, 0.000000, 1.000000, 0.993192, -0.046383, 0.106854, 0.010610, 0.106418, -0.011773, -0.994252, 0.057332, 0.047375, 0.998854, -0.006757, -0.053886, 0.000000, 0.000000, 0.000000, 1.000000
-14.8349, 19.6382, 26.6664, 170.4915, 239.4961, -10.6384, 230.3741, 10.6101, 57.3308, -53.8855, 0.503980, -0.836401, -0.215495, 0.019638, 0.818147, 0.542263, -0.191278, 0.026666, 0.276840, -0.079907, 0.957588, 0.170492, 0.000000, 0.000000, 0.000000, 1.000000, 0.276716, -0.079988, 0.957617, 0.239496, -0.503980, 0.836401, 0.215494, -0.010638, -0.818189, -0.542251, 0.191133, 0.230374, 0.000000, 0.000000, 0.000000, 1.000000, 0.993192, -0.046384, 0.106854, 0.010610, 0.106418, -0.011774, -0.994252, 0.057331, 0.047376, 0.998854, -0.006758, -0.053886, 0.000000, 0.000000, 0.000000, 1.000000
-14.8316, 19.6365, 26.6637, 170.4898, 239.4944, -10.6367, 230.3768, 10.6103, 57.3305, -53.8855, 0.503993, -0.836401, -0.215464, 0.019637, 0.818157, 0.542263, -0.191233, 0.026664, 0.276786, -0.079903, 0.957604, 0.170490, 0.000000, 0.000000, 0.000000, 1.000000, 0.276661, -0.079984, 0.957633, 0.239494, -0.503993, 0.836401, 0.215463, -0.010637, -0.818199, -0.542251, 0.191088, 0.230377, 0.000000, 0.000000, 0.000000, 1.000000, 0.993192, -0.046385, 0.106854, 0.010610, 0.106418, -0.011774, -0.994252, 0.057330, 0.047376, 0.998854, -0.006758, -0.053885, 0.000000, 0.000000, 0.000000, 1.000000
-14.8250, 19.6336, 26.6605, 170.4876, 239.4922, -10.6338, 230.3800, 10.6105, 57.3298, -53.8855, 0.504018, -0.836402, -0.215400, 0.019634, 0.818180, 0.542262, -0.191137, 0.026661, 0.276671, -0.079899, 0.957637, 0.170488, 0.000000, 0.000000, 0.000000, 1.000000, 0.276547, -0.079981, 0.957666, 0.239492, -0.504018, 0.836402, 0.215399, -0.010634, -0.818222, -0.542250, 0.190992, 0.230380, 0.000000, 0.000000, 0.000000, 1.000000, 0.993192, -0.046385, 0.106854, 0.010610, 0.106418, -0.011775, -0.994252, 0.057330, 0.047377, 0.998854, -0.006758, -0.053885, 0.000000, 0.000000, 0.000000, 1.000000
-14.8218, 19.6323, 26.6601, 170.4870, 239.4916, -10.6325, 230.3804, 10.6106, 57.3294, -53.8855, 0.504030, -0.836403, -0.215368, 0.019632, 0.818193, 0.542260, -0.191086, 0.026660, 0.276611, -0.079900, 0.957655, 0.170487, 0.000000, 0.000000, 0.000000, 1.000000, 0.276486, -0.079981, 0.957684, 0.239492, -0.504030, 0.836403, 0.215367, -0.010633, -0.818235, -0.542248, 0.190941, 0.230380, 0.000000, 0.000000, 0.000000, 1.000000, 0.993192, -0.046386, 0.106854, 0.010611, 0.106418, -0.011775, -0.994252, 0.057329, 0.047377, 0.998854, -0.006759, -0.053885, 0.000000, 0.000000, 0.000000, 1.000000
-14.8153, 19.6298, 26.6590, 170.4857, 239.4903, -10.6300, 230.3815, 10.6108, 57.3287, -53.8855, 0.504054, -0.836405, -0.215305, 0.019630, 0.818219, 0.542257, -0.190985, 0.026659, 0.276491, -0.079900, 0.957689, 0.170486, 0.000000, 0.000000, 0.000000, 1.000000, 0.276367, -0.079981, 0.957718, 0.239490, -0.504054, 0.836405, 0.215304, -0.010630, -0.818261, -0.542245, 0.190840, 0.230381, 0.000000, 0.000000, 0.000000, 1.000000, 0.993192, -0.046386, 0.106854, 0.010611, 0.106418, -0.011776, -0.994252, 0.057329, 0.047378, 0.998854, -0.006759, -0.053885, 0.000000, 0.000000, 0.000000, 1.000000
-14.8089, 19.6273, 26.6577, 170.4845, 239.4891, -10.6274, 230.3827, 10.6111, 57.3281, -53.8855, 0.504077, -0.836407, -0.215242, 0.019627, 0.818244, 0.542254, -0.190885, 0.026658, 0.276374, -0.079900, 0.957723, 0.170484, 0.000000, 0.000000, 0.000000, 1.000000, 0.276249, -0.079981, 0.957752, 0.239489, -0.504077, 0.836407, 0.215241, -0.010627, -0.818286, -0.542241, 0.190740, 0.230383, 0.000000, 0.000000, 0.000000, 1.000000, 0.993192, -0.046387, 0.106854, 0.010611, 0.106418, -0.011776, -0.994252, 0.057328, 0.047378, 0.998854, -0.006760, -0.053885, 0.000000, 0.000000, 0.000000, 1.000000
-14.8057, 19.6260, 26.6570, 170.4838, 239.4884, -10.6262, 230.3834, 10.6112, 57.3277, -53.8855, 0.504089, -0.836408, -0.215211, 0.019626, 0.818257, 0.542252, -0.190836, 0.026657, 0.276316, -0.079900, 0.957740, 0.170484, 0.000000, 0.000000, 0.000000, 1.000000, 0.276191, -0.079981, 0.957769, 0.239488, -0.504089, 0.836408, 0.215210, -0.010626, -0.818299, -0.542240, 0.190691, 0.230383, 0.000000, 0.000000, 0.000000, 1.000000, 0.993192, -0.046387, 0.106854, 0.010611, 0.106418, -0.011776, -0.994252, 0.057328, 0.047379, 0.998854, -0.006760, -0.053885, 0.000000, 0.000000, 0.000000, 1.000000
-14.7994, 19.6234, 26.6555, 170.4824, 239.4870, -10.6236, 230.3849, 10.6114, 57.3271, -53.8855, 0.504112, -0.836410, -0.215150, 0.019623, 0.818281, 0.542249, -0.190739, 0.026655, 0.276201, -0.079899, 0.957773, 0.170482, 0.000000, 0.000000, 0.000000, 1.000000, 0.276076, -0.079981, 0.957802, 0.239487, -0.504112, 0.836410, 0.215149, -0.010624, -0.818323, -0.542237, 0.190593, 0.230385, 0.000000, 0.000000, 0.000000, 1.000000, 0.993192, -0.046387, 0.106854, 0.010611, 0.106418, -0.011777, -0.994252, 0.057327, 0.047379, 0.998854, -0.006760, -0.053885, 0.000000, 0.000000, 0.000000, 1.000000
-14.7963, 19.6222, 26.6546, 170.4817, 239.4863, -10.6223, 230.3858, 10.6115, 57.3268, -53.8855, 0.504123, -0.836411, -0.215119, 0.019622, 0.818294, 0.542248, -0.190691, 0.026655, 0.276144, -0.079899, 0.957789, 0.170482, 0.000000, 0.000000, 0.000000, 1.000000, 0.276019, -0.079980, 0.957819, 0.239486, -0.504123, 0.836411, 0.215118, -0.010622, -0.818335, -0.542236, 0.190546, 0.230386, 0.000000, 0.000000, 0.000000, 1.000000, 0.993192, -0.046388, 0.106854, 0.010612, 0.106418, -0.011777, -0.994252, 0.057327, 0.047379, 0.998854, -0.006761, -0.053885, 0.000000, 0.000000, 0.000000, 1.000000
-14.7839, 19.6170, 26.6505, 170.4785, 239.4831, -10.6172, 230.3899, 10.6119, 57.3254, -53.8854, 0.504168, -0.836415, -0.214999, 0.019617, 0.818341, 0.542242, -0.190504, 0.026650, 0.275922, -0.079896, 0.957854, 0.170479, 0.000000, 0.000000, 0.000000, 1.000000, 0.275797, -0.079978, 0.957883, 0.239483, -0.504169, 0.836415, 0.214998, -0.010617, -0.818382, -0.542230, 0.190359, 0.230390, 0.000000, 0.000000, 0.000000, 1.000000, 0.993192, -0.046389, 0.106853, 0.010612, 0.106417, -0.011778, -0.994252, 0.057325, 0.047381, 0.998854, -0.006761, -0.053885, 0.000000, 0.000000, 0.000000, 1.000000
-14.7809, 19.6157, 26.6493, 170.4777, 239.4823, -10.6159, 230.3911, 10.6120, 57.3251, -53.8854, 0.504179, -0.836416, -0.214970, 0.019616, 0.818352, 0.542241, -0.190459, 0.026649, 0.275868, -0.079895, 0.957869, 0.170478, 0.000000, 0.000000, 0.000000, 1.000000, 0.275743, -0.079977, 0.957898, 0.239482, -0.504180, 0.836416, 0.214969, -0.010616, -0.818394, -0.542229, 0.190313, 0.230391, 0.000000, 0.000000, 0.000000, 1.000000, 0.993192, -0.046389, 0.106853, 0.010612, 0.106417, -0.011778, -0.994252, 0.057325, 0.047381, 0.998854, -0.006762, -0.053885, 0.000000, 0.000000, 0.000000, 1.000000
-14.7749, 19.6131, 26.6468, 170.4759, 239.4805, -10.6133, 230.3936, 10.6123, 57.3245, -53.8854, 0.504201, -0.836417, -0.214912, 0.019613, 0.818374, 0.542239, -0.190370, 0.026647, 0.275763, -0.079893, 0.957900, 0.170476, 0.000000, 0.000000, 0.000000, 1.000000, 0.275638, -0.079975, 0.957929, 0.239481, -0.504202, 0.836417, 0.214911, -0.010613, -0.818416, -0.542227, 0.190225, 0.230394, 0.000000, 0.000000, 0.000000, 1.000000, 0.993192, -0.046390, 0.106853, 0.010612, 0.106417, -0.011779, -0.994252, 0.057324, 0.047381, 0.998854, -0.006762, -0.053885, 0.000000, 0.000000, 0.000000, 1.000000
-14.7719, 19.6118, 26.6454, 170.4750, 239.4796, -10.6120, 230.3949, 10.6124, 57.3242, -53.8854, 0.504212, -0.836418, -0.214883, 0.019612, 0.818385, 0.542238, -0.190327, 0.026645, 0.275711, -0.079892, 0.957915, 0.170475, 0.000000, 0.000000, 0.000000, 1.000000, 0.275586, -0.079974, 0.957944, 0.239480, -0.504212, 0.836418, 0.214882, -0.010612, -0.818427, -0.542226, 0.190181, 0.230395, 0.000000, 0.000000, 0.000000, 1.000000, 0.993192, -0.046390, 0.106853, 0.010612, 0.106417, -0.011779, -0.994252, 0.057324, 0.047382, 0.998854, -0.006762, -0.053885, 0.000000, 0.000000, 0.000000, 1.000000
-14.7660, 19.6092, 26.6425, 170.4731, 239.4777, -10.6094, 230.3979, 10.6126, 57.3235, -53.8854, 0.504234, -0.836420, -0.214826, 0.019609, 0.818406, 0.542236, -0.190241, 0.026643, 0.275608, -0.079889, 0.957945, 0.170473, 0.000000, 0.000000, 0.000000, 1.000000, 0.275483, -0.079971, 0.957974, 0.239478, -0.504234, 0.836420, 0.214826, -0.010609, -0.818448, -0.542224, 0.190096, 0.230398, 0.000000, 0.000000, 0.000000, 1.000000, 0.993192, -0.046390, 0.106853, 0.010613, 0.106417, -0.011780, -0.994252, 0.057324, 0.047382, 0.998854, -0.006763, -0.053885, 0.000000, 0.000000, 0.000000, 1.000000
-14.7631, 19.6079, 26.6410, 170.4721, 239.4767, -10.6081, 230.3994, 10.6127, 57.3232, -53.8854, 0.504245, -0.836420, -0.214798, 0.019608, 0.818416, 0.542235, -0.190199, 0.026641, 0.275558, -0.079888, 0.957959, 0.170472, 0.000000, 0.000000, 0.000000, 1.000000, 0.275433, -0.079969, 0.957988, 0.239477, -0.504245, 0.836420, 0.214798, -0.010608, -0.818458, -0.542223, 0.190053, 0.230399, 0.000000, 0.000000, 0.000000, 1.000000, 0.993192, -0.046390, 0.106853, 0.010613, 0.106417, -0.011780, -0.994252, 0.057323, 0.047383, 0.998854, -0.006763, -0.053885, 0.000000, 0.000000, 0.000000, 1.000000
-14.7544, 19.6040, 26.6360, 170.4690, 239.4736, -10.6042, 230.4044, 10.6130, 57.3223, -53.8854, 0.504276, -0.836422, -0.214715, 0.019604, 0.818447, 0.542233, -0.190076, 0.026636, 0.275409, -0.079882, 0.958002, 0.170469, 0.000000, 0.000000, 0.000000, 1.000000, 0.275284, -0.079964, 0.958031, 0.239474, -0.504277, 0.836423, 0.214715, -0.010604, -0.818489, -0.542220, 0.189930, 0.230404, 0.000000, 0.000000, 0.000000, 1.000000, 0.993192, -0.046391, 0.106853, 0.010613, 0.106417, -0.011780, -0.994252, 0.057322, 0.047383, 0.998854, -0.006763, -0.053885, 0.000000, 0.000000, 0.000000, 1.000000
-14.7516, 19.6027, 26.6343, 170.4679, 239.4725, -10.6028, 230.4062, 10.6131, 57.3220, -53.8854, 0.504287, -0.836423, -0.214688, 0.019603, 0.818457, 0.542232, -0.190035, 0.026634, 0.275361, -0.079881, 0.958016, 0.170468, 0.000000, 0.000000, 0.000000, 1.000000, 0.275236, -0.079962, 0.958046, 0.239472, -0.504287, 0.836423, 0.214687, -0.010603, -0.818498, -0.542220, 0.189890, 0.230406, 0.000000, 0.000000, 0.000000, 1.000000, 0.993192, -0.046391, 0.106853, 0.010613, 0.106417, -0.011781, -0.994252, 0.057322, 0.047384, 0.998854, -0.006764, -0.053885, 0.000000, 0.000000, 0.000000, 1.000000
-14.7487, 19.6013, 26.6324, 170.4667, 239.4713, -10.6015, 230.4080, 10.6132, 57.3217, -53.8854, 0.504297, -0.836424, -0.214661, 0.019601, 0.818466, 0.542231, -0.189995, 0.026632, 0.275313, -0.079879, 0.958030, 0.170467, 0.000000, 0.000000, 0.000000, 1.000000, 0.275188, -0.079960, 0.958060, 0.239471, -0.504298, 0.836424, 0.214660, -0.010602, -0.818508, -0.542219, 0.189850, 0.230408, 0.000000, 0.000000, 0.000000, 1.000000, 0.993192, -0.046392, 0.106853, 0.010613, 0.106417, -0.011781, -0.994252, 0.057322, 0.047384, 0.998854, -0.006764, -0.053885, 0.000000, 0.000000, 0.000000, 1.000000
-14.7374, 19.5960, 26.6246, 170.4620, 239.4666, -10.5962, 230.4159, 10.6136, 57.3204, -53.8853, 0.504339, -0.836426, -0.214554, 0.019596, 0.818504, 0.542229, -0.189839, 0.026625, 0.275124, -0.079870, 0.958085, 0.170462, 0.000000, 0.000000, 0.000000, 1.000000, 0.274999, -0.079951, 0.958114, 0.239467, -0.504339, 0.836426, 0.214553, -0.010596, -0.818546, -0.542217, 0.189694, 0.230416, 0.000000, 0.000000, 0.000000, 1.000000, 0.993192, -0.046393, 0.106853, 0.010614, 0.106417, -0.011782, -0.994252, 0.057320, 0.047385, 0.998854, -0.006764, -0.053885, 0.000000, 0.000000, 0.000000, 1.000000
-14.7319, 19.5933, 26.6205, 170.4595, 239.4641, -10.5935, 230.4201, 10.6138, 57.3198, -53.8853, 0.504360, -0.836427, -0.214501, 0.019593, 0.818522, 0.542228, -0.189764, 0.026620, 0.275032, -0.079865, 0.958112, 0.170460, 0.000000, 0.000000, 0.000000, 1.000000, 0.274908, -0.079946, 0.958141, 0.239464, -0.504360, 0.836427, 0.214500, -0.010594, -0.818564, -0.542216, 0.189619, 0.230420, 0.000000, 0.000000, 0.000000, 1.000000, 0.993192, -0.046393, 0.106853, 0.010614, 0.106417, -0.011782, -0.994252, 0.057320, 0.047385, 0.998854, -0.006765, -0.053885, 0.000000, 0.000000, 0.000000, 1.000000
-14.7292, 19.5924, 26.6205, 170.4593, 239.4639, -10.5926, 230.4200, 10.6139, 57.3196, -53.8853, 0.504369, -0.836429, -0.214474, 0.019592, 0.818534, 0.542226, -0.189720, 0.026620, 0.274981, -0.079866, 0.958127, 0.170459, 0.000000, 0.000000, 0.000000, 1.000000, 0.274856, -0.079947, 0.958156, 0.239464, -0.504369, 0.836429, 0.214473, -0.010593, -0.818576, -0.542213, 0.189575, 0.230420, 0.000000, 0.000000, 0.000000, 1.000000, 0.993192, -0.046393, 0.106853, 0.010614, 0.106417, -0.011782, -0.994252, 0.057320, 0.047386, 0.998854, -0.006765, -0.053885, 0.000000, 0.000000, 0.000000, 1.000000
