# Joint_4_Angle(deg), Cam_X(mm), Cam_Y(mm), Cam_Z(mm), Torso_X(mm), Torso_Y(mm), Torso_Z(mm), EE_X(mm), EE_Y(mm), EE_Z(mm), T_cam2marker_flat(16), T_torso2marker_flat(16), T_ee2marker_flat(16)
-15.0000, 25.0314, -11.6013, 261.2339, 283.2496, -25.0319, 211.3154, 0.3450, -86.1427, 30.5134, 0.999291, 0.036228, 0.010241, 0.025031, -0.037562, 0.977820, 0.206050, -0.011601, -0.002549, -0.206289, 0.978488, 0.261234, 0.000000, 0.000000, 0.000000, 1.000000, -0.002499, -0.207634, 0.978203, 0.283250, -0.999291, -0.036228, -0.010243, -0.025032, 0.037565, -0.977536, -0.207396, 0.211315, 0.000000, 0.000000, 0.000000, 1.000000, -0.997301, 0.072148, -0.013582, 0.000345, -0.015932, -0.032100, 0.999358, -0.086143, 0.071665, 0.996877, 0.033163, 0.030513, 0.000000, 0.000000, 0.000000, 1.000000
-15.0000, 25.0288, -11.5868, 261.2404, 283.2560, -25.0294, 211.3007, 0.3461, -86.1405, 30.5146, 0.999291, 0.036243, 0.010243, 0.025029, -0.037577, 0.977812, 0.206084, -0.011587, -0.002546, -0.206323, 0.978481, 0.261240, 0.000000, 0.000000, 0.000000, 1.000000, -0.002497, -0.207669, 0.978196, 0.283256, -0.999291, -0.036243, -0.010245, -0.025029, 0.037580, -0.977528, -0.207431, 0.211301, 0.000000, 0.000000, 0.000000, 1.000000, -0.997301, 0.072148, -0.013582, 0.000346, -0.015932, -0.032099, 0.999358, -0.086141, 0.071665, 0.996877, 0.033162, 0.030515, 0.000000, 0.000000, 0.000000, 1.000000
-14.9999, 25.0277, -11.5801, 261.2433, 283.2590, -25.0282, 211.2938, 0.3466, -86.1395, 30.5151, 0.999290, 0.036250, 0.010244, 0.025028, -0.037584, 0.977809, 0.206100, -0.011580, -0.002545, -0.206339, 0.978477, 0.261243, 0.000000, 0.000000, 0.000000, 1.000000, -0.002496, -0.207685, 0.978193, 0.283259, -0.999290, -0.036250, -0.010246, -0.025028, 0.037587, -0.977524, -0.207447, 0.211294, 0.000000, 0.000000, 0.000000, 1.000000, -0.997302, 0.072147, -0.013582, 0.000347, -0.015932, -0.032099, 0.999358, -0.086140, 0.071665, 0.996877, 0.033162, 0.030515, 0.000000, 0.000000, 0.000000, 1.000000
-14.9999, 25.0255, -11.5676, 261.2489, 283.2645, -25.0260, 211.2812, 0.3476, -86.1377, 30.5161, 0.999290, 0.036263, 0.010246, 0.025025, -0.037597, 0.977802, 0.206129, -0.011568, -0.002543, -0.206368, 0.978471, 0.261249, 0.000000, 0.000000, 0.000000, 1.000000, -0.002494, -0.207715, 0.978186, 0.283265, -0.999290, -0.036262, -0.010248, -0.025026, 0.037600, -0.977517, -0.207477, 0.211281, 0.000000, 0.000000, 0.000000, 1.000000, -0.997302, 0.072147, -0.013581, 0.000348, -0.015931, -0.032098, 0.999358, -0.086138, 0.071665, 0.996877, 0.033161, 0.030516, 0.000000, 0.000000, 0.000000, 1.000000
-14.9999, 25.0245, -11.5619, 261.2514, 283.2670, -25.0250, 211.2754, 0.3480, -86.1369, 30.5166, 0.999290, 0.036269, 0.010247, 0.025024, -0.037603, 0.977799, 0.206143, -0.011562, -0.002543, -0.206382, 0.978468, 0.261251, 0.000000, 0.000000, 0.000000, 1.000000, -0.002493, -0.207729, 0.978183, 0.283267, -0.999290, -0.036268, -0.010249, -0.025025, 0.037606, -0.977514, -0.207491, 0.211275, 0.000000, 0.000000, 0.000000, 1.000000, -0.997302, 0.072147, -0.013581, 0.000348, -0.015931, -0.032098, 0.999358, -0.086137, 0.071665, 0.996877, 0.033161, 0.030517, 0.000000, 0.000000, 0.000000, 1.000000
-14.9999, 25.0227, -11.5517, 261.2560, 283.2716, -25.0232, 211.2651, 0.3488, -86.1354, 30.5174, 0.999289, 0.036279, 0.010248, 0.025023, -0.037613, 0.977794, 0.206167, -0.011552, -0.002541, -0.206406, 0.978463, 0.261256, 0.000000, 0.000000, 0.000000, 1.000000, -0.002491, -0.207753, 0.978178, 0.283272, -0.999289, -0.036279, -0.010250, -0.025023, 0.037617, -0.977508, -0.207515, 0.211265, 0.000000, 0.000000, 0.000000, 1.000000, -0.997302, 0.072147, -0.013581, 0.000349, -0.015931, -0.032098, 0.999358, -0.086135, 0.071665, 0.996877, 0.033161, 0.030517, 0.000000, 0.000000, 0.000000, 1.000000
-14.9999, 25.0211, -11.5431, 261.2598, 283.2754, -25.0217, 211.2562, 0.3495, -86.1341, 30.5181, 0.999289, 0.036289, 0.010250, 0.025021, -0.037623, 0.977789, 0.206187, -0.011543, -0.002540, -0.206426, 0.978459, 0.261260, 0.000000, 0.000000, 0.000000, 1.000000, -0.002490, -0.207774, 0.978174, 0.283275, -0.999289, -0.036288, -0.010252, -0.025022, 0.037626, -0.977504, -0.207536, 0.211256, 0.000000, 0.000000, 0.000000, 1.000000, -0.997302, 0.072147, -0.013581, 0.000350, -0.015931, -0.032098, 0.999358, -0.086134, 0.071665, 0.996877, 0.033160, 0.030518, 0.000000, 0.000000, 0.000000, 1.000000
-14.9998, 25.0198, -11.5359, 261.2628, 283.2784, -25.0203, 211.2489, 0.3501, -86.1332, 30.5186, 0.999288, 0.036297, 0.010251, 0.025020, -0.037631, 0.977786, 0.206202, -0.011536, -0.002539, -0.206441, 0.978456, 0.261263, 0.000000, 0.000000, 0.000000, 1.000000, -0.002489, -0.207790, 0.978170, 0.283278, -0.999288, -0.036296, -0.010253, -0.025020, 0.037634, -0.977500, -0.207552, 0.211249, 0.000000, 0.000000, 0.000000, 1.000000, -0.997302, 0.072147, -0.013581, 0.000350, -0.015931, -0.032097, 0.999358, -0.086133, 0.071665, 0.996877, 0.033160, 0.030519, 0.000000, 0.000000, 0.000000, 1.000000
-14.9996, 25.0186, -11.5302, 261.2648, 283.2804, -25.0192, 211.2430, 0.3506, -86.1326, 30.5189, 0.999288, 0.036304, 0.010253, 0.025019, -0.037638, 0.977783, 0.206212, -0.011530, -0.002539, -0.206451, 0.978454, 0.261265, 0.000000, 0.000000, 0.000000, 1.000000, -0.002489, -0.207800, 0.978168, 0.283280, -0.999288, -0.036303, -0.010255, -0.025019, 0.037642, -0.977497, -0.207562, 0.211243, 0.000000, 0.000000, 0.000000, 1.000000, -0.997302, 0.072147, -0.013580, 0.000351, -0.015930, -0.032097, 0.999358, -0.086133, 0.071665, 0.996877, 0.033160, 0.030519, 0.000000, 0.000000, 0.000000, 1.000000
-14.9995, 25.0181, -11.5278, 261.2653, 283.2809, -25.0186, 211.2406, 0.3508, -86.1325, 30.5190, 0.999288, 0.036307, 0.010253, 0.025018, -0.037641, 0.977783, 0.206214, -0.011528, -0.002538, -0.206453, 0.978453, 0.261265, 0.000000, 0.000000, 0.000000, 1.000000, -0.002488, -0.207803, 0.978168, 0.283281, -0.999288, -0.036306, -0.010255, -0.025019, 0.037645, -0.977497, -0.207564, 0.211241, 0.000000, 0.000000, 0.000000, 1.000000, -0.997302, 0.072147, -0.013580, 0.000351, -0.015930, -0.032097, 0.999358, -0.086133, 0.071665, 0.996877, 0.033160, 0.030519, 0.000000, 0.000000, 0.000000, 1.000000
-14.9992, 25.0176, -11.5258, 261.2655, 283.2811, -25.0182, 211.2385, 0.3510, -86.1326, 30.5190, 0.999288, 0.036310, 0.010253, 0.025018, -0.037644, 0.977782, 0.206214, -0.011526, -0.002538, -0.206454, 0.978453, 0.261265, 0.000000, 0.000000, 0.000000, 1.000000, -0.002488, -0.207804, 0.978167, 0.283281, -0.999288, -0.036309, -0.010255, -0.025018, 0.037648, -0.977496, -0.207565, 0.211239, 0.000000, 0.000000, 0.000000, 1.000000, -0.997302, 0.072147, -0.013580, 0.000351, -0.015930, -0.032097, 0.999358, -0.086133, 0.071665, 0.996877, 0.033159, 0.030519, 0.000000, 0.000000, 0.000000, 1.000000
-14.9981, 25.0163, -11.5217, 261.2638, 283.2794, -25.0168, 211.2342, 0.3515, -86.1336, 30.5185, 0.999288, 0.036318, 0.010254, 0.025016, -0.037653, 0.977784, 0.206204, -0.011522, -0.002537, -0.206443, 0.978455, 0.261264, 0.000000, 0.000000, 0.000000, 1.000000, -0.002487, -0.207793, 0.978170, 0.283279, -0.999288, -0.036318, -0.010256, -0.025017, 0.037656, -0.977498, -0.207555, 0.211234, 0.000000, 0.000000, 0.000000, 1.000000, -0.997302, 0.072148, -0.013579, 0.000351, -0.015929, -0.032096, 0.999358, -0.086134, 0.071665, 0.996877, 0.033159, 0.030518, 0.000000, 0.000000, 0.000000, 1.000000
-14.9975, 25.0158, -11.5209, 261.2624, 283.2780, -25.0164, 211.2334, 0.3516, -86.1343, 30.5181, 0.999288, 0.036321, 0.010254, 0.025016, -0.037655, 0.977786, 0.206195, -0.011521, -0.002537, -0.206435, 0.978457, 0.261262, 0.000000, 0.000000, 0.000000, 1.000000, -0.002487, -0.207785, 0.978171, 0.283278, -0.999288, -0.036321, -0.010256, -0.025016, 0.037659, -0.977500, -0.207547, 0.211233, 0.000000, 0.000000, 0.000000, 1.000000, -0.997302, 0.072148, -0.013579, 0.000352, -0.015929, -0.032096, 0.999358, -0.086134, 0.071666, 0.996877, 0.033159, 0.030518, 0.000000, 0.000000, 0.000000, 1.000000
-14.9968, 25.0154, -11.5203, 261.2605, 283.2761, -25.0159, 211.2328, 0.3518, -86.1352, 30.5177, 0.999287, 0.036324, 0.010254, 0.025015, -0.037658, 0.977788, 0.206185, -0.011520, -0.002537, -0.206424, 0.978459, 0.261260, 0.000000, 0.000000, 0.000000, 1.000000, -0.002487, -0.207775, 0.978173, 0.283276, -0.999287, -0.036323, -0.010256, -0.025016, 0.037662, -0.977502, -0.207537, 0.211233, 0.000000, 0.000000, 0.000000, 1.000000, -0.997301, 0.072148, -0.013579, 0.000352, -0.015929, -0.032096, 0.999358, -0.086135, 0.071666, 0.996877, 0.033159, 0.030518, 0.000000, 0.000000, 0.000000, 1.000000
-14.9951, 25.0145, -11.5200, 261.2553, 283.2709, -25.0150, 211.2324, 0.3520, -86.1375, 30.5165, 0.999287, 0.036330, 0.010254, 0.025014, -0.037664, 0.977794, 0.206156, -0.011520, -0.002537, -0.206395, 0.978466, 0.261255, 0.000000, 0.000000, 0.000000, 1.000000, -0.002487, -0.207746, 0.978180, 0.283271, -0.999287, -0.036329, -0.010256, -0.025015, 0.037667, -0.977508, -0.207508, 0.211232, 0.000000, 0.000000, 0.000000, 1.000000, -0.997301, 0.072149, -0.013578, 0.000352, -0.015928, -0.032096, 0.999358, -0.086138, 0.071667, 0.996877, 0.033159, 0.030517, 0.000000, 0.000000, 0.000000, 1.000000
-14.9941, 25.0134, -11.5168, 261.2535, 283.2691, -25.0140, 211.2291, 0.3524, -86.1385, 30.5161, 0.999287, 0.036336, 0.010254, 0.025013, -0.037670, 0.977796, 0.206145, -0.011517, -0.002536, -0.206384, 0.978468, 0.261254, 0.000000, 0.000000, 0.000000, 1.000000, -0.002486, -0.207736, 0.978182, 0.283269, -0.999287, -0.036336, -0.010256, -0.025014, 0.037674, -0.977510, -0.207498, 0.211229, 0.000000, 0.000000, 0.000000, 1.000000, -0.997301, 0.072149, -0.013577, 0.000352, -0.015927, -0.032096, 0.999358, -0.086139, 0.071667, 0.996877, 0.033158, 0.030516, 0.000000, 0.000000, 0.000000, 1.000000
-14.9929, 25.0124, -11.5140, 261.2511, 283.2667, -25.0129, 211.2261, 0.3527, -86.1397, 30.5155, 0.999287, 0.036343, 0.010254, 0.025012, -0.037676, 0.977799, 0.206131, -0.011514, -0.002535, -0.206371, 0.978471, 0.261251, 0.000000, 0.000000, 0.000000, 1.000000, -0.002485, -0.207723, 0.978185, 0.283267, -0.999287, -0.036342, -0.010256, -0.025013, 0.037680, -0.977512, -0.207484, 0.211226, 0.000000, 0.000000, 0.000000, 1.000000, -0.997301, 0.072149, -0.013577, 0.000353, -0.015927, -0.032096, 0.999358, -0.086140, 0.071667, 0.996877, 0.033158, 0.030515, 0.000000, 0.000000, 0.000000, 1.000000
-14.9870, 25.0082, -11.5060, 261.2360, 283.2516, -25.0087, 211.2178, 0.3540, -86.1469, 30.5119, 0.999286, 0.036369, 0.010253, 0.025008, -0.037702, 0.977816, 0.206046, -0.011506, -0.002532, -0.206285, 0.978489, 0.261236, 0.000000, 0.000000, 0.000000, 1.000000, -0.002481, -0.207639, 0.978202, 0.283252, -0.999286, -0.036369, -0.010255, -0.025009, 0.037706, -0.977529, -0.207400, 0.211218, 0.000000, 0.000000, 0.000000, 1.000000, -0.997301, 0.072152, -0.013574, 0.000354, -0.015924, -0.032095, 0.999358, -0.086147, 0.071670, 0.996877, 0.033157, 0.030512, 0.000000, 0.000000, 0.000000, 1.000000
-14.9852, 25.0071, -11.5048, 261.2308, 283.2464, -25.0076, 211.2166, 0.3543, -86.1492, 30.5108, 0.999286, 0.036376, 0.010252, 0.025007, -0.037708, 0.977822, 0.206017, -0.011505, -0.002531, -0.206257, 0.978495, 0.261231, 0.000000, 0.000000, 0.000000, 1.000000, -0.002481, -0.207610, 0.978208, 0.283246, -0.999286, -0.036376, -0.010254, -0.025008, 0.037712, -0.977535, -0.207372, 0.211217, 0.000000, 0.000000, 0.000000, 1.000000, -0.997301, 0.072152, -0.013573, 0.000354, -0.015923, -0.032095, 0.999358, -0.086149, 0.071670, 0.996877, 0.033157, 0.030511, 0.000000, 0.000000, 0.000000, 1.000000
-14.9812, 25.0050, -11.5034, 261.2189, 283.2345, -25.0055, 211.2150, 0.3549, -86.1546, 30.5081, 0.999285, 0.036390, 0.010251, 0.025005, -0.037721, 0.977835, 0.205951, -0.011503, -0.002529, -0.206190, 0.978509, 0.261219, 0.000000, 0.000000, 0.000000, 1.000000, -0.002479, -0.207545, 0.978222, 0.283235, -0.999285, -0.036389, -0.010253, -0.025005, 0.037725, -0.977548, -0.207306, 0.211215, 0.000000, 0.000000, 0.000000, 1.000000, -0.997301, 0.072154, -0.013571, 0.000355, -0.015921, -0.032094, 0.999358, -0.086155, 0.071672, 0.996877, 0.033156, 0.030508, 0.000000, 0.000000, 0.000000, 1.000000
-14.9743, 25.0016, -11.5032, 261.1968, 283.2124, -25.0022, 211.2147, 0.3557, -86.1644, 30.5032, 0.999284, 0.036411, 0.010248, 0.025002, -0.037741, 0.977860, 0.205829, -0.011503, -0.002526, -0.206068, 0.978534, 0.261197, 0.000000, 0.000000, 0.000000, 1.000000, -0.002476, -0.207423, 0.978248, 0.283212, -0.999284, -0.036411, -0.010250, -0.025002, 0.037745, -0.977573, -0.207185, 0.211215, 0.000000, 0.000000, 0.000000, 1.000000, -0.997301, 0.072157, -0.013567, 0.000356, -0.015917, -0.032094, 0.999358, -0.086164, 0.071675, 0.996877, 0.033156, 0.030503, 0.000000, 0.000000, 0.000000, 1.000000
-14.9743, 25.0016, -11.5032, 261.1968, 283.2124, -25.0022, 211.2147, 0.3557, -86.1644, 30.5032, 0.999284, 0.036411, 0.010248, 0.025002, -0.037741, 0.977860, 0.205829, -0.011503, -0.002526, -0.206068, 0.978534, 0.261197, 0.000000, 0.000000, 0.000000, 1.000000, -0.002476, -0.207423, 0.978248, 0.283212, -0.999284, -0.036411, -0.010250, -0.025002, 0.037745, -0.977573, -0.207185, 0.211215, 0.000000, 0.000000, 0.000000, 1.000000, -0.997301, 0.072157, -0.013567, 0.000356, -0.015917, -0.032094, 0.999358, -0.086164, 0.071675, 0.996877, 0.033156, 0.030503, 0.000000, 0.000000, 0.000000, 1.000000
-14.9690, 24.9993, -11.5043, 261.1795, 283.1952, -24.9999, 211.2156, 0.3562, -86.1719, 30.4994, 0.999284, 0.036426, 0.010245, 0.024999, -0.037755, 0.977880, 0.205733, -0.011504, -0.002524, -0.205973, 0.978554, 0.261180, 0.000000, 0.000000, 0.000000, 1.000000, -0.002474, -0.207329, 0.978268, 0.283195, -0.999284, -0.036426, -0.010247, -0.025000, 0.037758, -0.977593, -0.207090, 0.211216, 0.000000, 0.000000, 0.000000, 1.000000, -0.997301, 0.072159, -0.013565, 0.000356, -0.015915, -0.032093, 0.999358, -0.086172, 0.071677, 0.996877, 0.033155, 0.030499, 0.000000, 0.000000, 0.000000, 1.000000
-14.9662, 24.9981, -11.5052, 261.1701, 283.1858, -24.9987, 211.2164, 0.3565, -86.1760, 30.4973, 0.999284, 0.036434, 0.010243, 0.024998, -0.037762, 0.977890, 0.205682, -0.011505, -0.002523, -0.205921, 0.978565, 0.261170, 0.000000, 0.000000, 0.000000, 1.000000, -0.002473, -0.207277, 0.978279, 0.283186, -0.999284, -0.036433, -0.010245, -0.024999, 0.037766, -0.977604, -0.207038, 0.211216, 0.000000, 0.000000, 0.000000, 1.000000, -0.997301, 0.072160, -0.013563, 0.000356, -0.015913, -0.032093, 0.999358, -0.086176, 0.071678, 0.996877, 0.033155, 0.030497, 0.000000, 0.000000, 0.000000, 1.000000
-14.9601, 24.9957, -11.5073, 261.1498, 283.1655, -24.9962, 211.2185, 0.3570, -86.1849, 30.4928, 0.999283, 0.036450, 0.010240, 0.024996, -0.037777, 0.977913, 0.205570, -0.011507, -0.002521, -0.205809, 0.978589, 0.261150, 0.000000, 0.000000, 0.000000, 1.000000, -0.002470, -0.207166, 0.978303, 0.283165, -0.999283, -0.036449, -0.010242, -0.024996, 0.037780, -0.977627, -0.206927, 0.211218, 0.000000, 0.000000, 0.000000, 1.000000, -0.997301, 0.072162, -0.013560, 0.000357, -0.015910, -0.032093, 0.999358, -0.086185, 0.071681, 0.996876, 0.033154, 0.030493, 0.000000, 0.000000, 0.000000, 1.000000
-14.9535, 24.9931, -11.5101, 261.1277, 283.1434, -24.9936, 211.2212, 0.3575, -86.1945, 30.4880, 0.999282, 0.036466, 0.010236, 0.024993, -0.037792, 0.977938, 0.205448, -0.011510, -0.002518, -0.205688, 0.978614, 0.261128, 0.000000, 0.000000, 0.000000, 1.000000, -0.002468, -0.207045, 0.978328, 0.283143, -0.999282, -0.036466, -0.010238, -0.024994, 0.037795, -0.977652, -0.206806, 0.211221, 0.000000, 0.000000, 0.000000, 1.000000, -0.997301, 0.072165, -0.013557, 0.000358, -0.015907, -0.032092, 0.999358, -0.086194, 0.071684, 0.996876, 0.033153, 0.030488, 0.000000, 0.000000, 0.000000, 1.000000
-14.9466, 24.9904, -11.5133, 261.1040, 283.1197, -24.9909, 211.2243, 0.3580, -86.2048, 30.4828, 0.999282, 0.036484, 0.010232, 0.024990, -0.037808, 0.977965, 0.205318, -0.011513, -0.002515, -0.205558, 0.978642, 0.261104, 0.000000, 0.000000, 0.000000, 1.000000, -0.002465, -0.206915, 0.978356, 0.283120, -0.999282, -0.036483, -0.010233, -0.024991, 0.037811, -0.977678, -0.206676, 0.211224, 0.000000, 0.000000, 0.000000, 1.000000, -0.997300, 0.072168, -0.013554, 0.000358, -0.015904, -0.032092, 0.999358, -0.086205, 0.071686, 0.996876, 0.033153, 0.030483, 0.000000, 0.000000, 0.000000, 1.000000
-14.9392, 24.9870, -11.5136, 261.0803, 283.0960, -24.9875, 211.2244, 0.3588, -86.2151, 30.4776, 0.999281, 0.036505, 0.010227, 0.024987, -0.037828, 0.977991, 0.205189, -0.011514, -0.002512, -0.205428, 0.978669, 0.261080, 0.000000, 0.000000, 0.000000, 1.000000, -0.002461, -0.206786, 0.978383, 0.283096, -0.999281, -0.036505, -0.010229, -0.024987, 0.037831, -0.977705, -0.206547, 0.211224, 0.000000, 0.000000, 0.000000, 1.000000, -0.997300, 0.072171, -0.013550, 0.000359, -0.015900, -0.032091, 0.999358, -0.086215, 0.071690, 0.996876, 0.033152, 0.030478, 0.000000, 0.000000, 0.000000, 1.000000
-14.9354, 24.9849, -11.5122, 261.0687, 283.0844, -24.9855, 211.2230, 0.3594, -86.2203, 30.4750, 0.999281, 0.036518, 0.010225, 0.024985, -0.037839, 0.978004, 0.205125, -0.011512, -0.002510, -0.205364, 0.978682, 0.261069, 0.000000, 0.000000, 0.000000, 1.000000, -0.002459, -0.206722, 0.978397, 0.283084, -0.999281, -0.036518, -0.010227, -0.024985, 0.037843, -0.977718, -0.206484, 0.211223, 0.000000, 0.000000, 0.000000, 1.000000, -0.997300, 0.072172, -0.013548, 0.000359, -0.015898, -0.032091, 0.999359, -0.086220, 0.071691, 0.996876, 0.033152, 0.030475, 0.000000, 0.000000, 0.000000, 1.000000
-14.9275, 24.9809, -11.5102, 261.0444, 283.0601, -24.9814, 211.2208, 0.3604, -86.2310, 30.4696, 0.999280, 0.036543, 0.010221, 0.024981, -0.037863, 0.978031, 0.204991, -0.011510, -0.002505, -0.205231, 0.978710, 0.261044, 0.000000, 0.000000, 0.000000, 1.000000, -0.002455, -0.206590, 0.978425, 0.283060, -0.999280, -0.036543, -0.010223, -0.024981, 0.037867, -0.977745, -0.206351, 0.211221, 0.000000, 0.000000, 0.000000, 1.000000, -0.997300, 0.072175, -0.013544, 0.000360, -0.015894, -0.032090, 0.999359, -0.086231, 0.071694, 0.996876, 0.033151, 0.030470, 0.000000, 0.000000, 0.000000, 1.000000
-14.9235, 24.9788, -11.5094, 261.0317, 283.0474, -24.9794, 211.2200, 0.3609, -86.2366, 30.4668, 0.999279, 0.036556, 0.010219, 0.024979, -0.037875, 0.978045, 0.204922, -0.011509, -0.002503, -0.205161, 0.978725, 0.261032, 0.000000, 0.000000, 0.000000, 1.000000, -0.002452, -0.206520, 0.978439, 0.283047, -0.999279, -0.036556, -0.010221, -0.024979, 0.037878, -0.977759, -0.206282, 0.211220, 0.000000, 0.000000, 0.000000, 1.000000, -0.997300, 0.072177, -0.013542, 0.000361, -0.015892, -0.032090, 0.999359, -0.086237, 0.071696, 0.996875, 0.033150, 0.030467, 0.000000, 0.000000, 0.000000, 1.000000
-14.9151, 24.9747, -11.5085, 261.0053, 283.0210, -24.9753, 211.2189, 0.3619, -86.2482, 30.4610, 0.999278, 0.036582, 0.010214, 0.024975, -0.037899, 0.978075, 0.204777, -0.011508, -0.002499, -0.205016, 0.978755, 0.261005, 0.000000, 0.000000, 0.000000, 1.000000, -0.002448, -0.206376, 0.978470, 0.283021, -0.999278, -0.036581, -0.010216, -0.024975, 0.037902, -0.977789, -0.206138, 0.211219, 0.000000, 0.000000, 0.000000, 1.000000, -0.997300, 0.072180, -0.013538, 0.000362, -0.015888, -0.032089, 0.999359, -0.086248, 0.071700, 0.996875, 0.033149, 0.030461, 0.000000, 0.000000, 0.000000, 1.000000
-14.9065, 24.9706, -11.5082, 260.9778, 282.9935, -24.9712, 211.2185, 0.3629, -86.2602, 30.4550, 0.999278, 0.036607, 0.010208, 0.024971, -0.037922, 0.978105, 0.204627, -0.011508, -0.002494, -0.204866, 0.978787, 0.260978, 0.000000, 0.000000, 0.000000, 1.000000, -0.002443, -0.206227, 0.978501, 0.282993, -0.999278, -0.036607, -0.010210, -0.024971, 0.037926, -0.977819, -0.205988, 0.211219, 0.000000, 0.000000, 0.000000, 1.000000, -0.997300, 0.072184, -0.013534, 0.000363, -0.015884, -0.032088, 0.999359, -0.086260, 0.071703, 0.996875, 0.033148, 0.030455, 0.000000, 0.000000, 0.000000, 1.000000
-14.9021, 24.9686, -11.5083, 260.9637, 282.9794, -24.9691, 211.2186, 0.3634, -86.2664, 30.4519, 0.999277, 0.036620, 0.010206, 0.024969, -0.037934, 0.978121, 0.204550, -0.011508, -0.002492, -0.204789, 0.978803, 0.260964, 0.000000, 0.000000, 0.000000, 1.000000, -0.002441, -0.206150, 0.978517, 0.282979, -0.999277, -0.036620, -0.010208, -0.024969, 0.037937, -0.977835, -0.205912, 0.211219, 0.000000, 0.000000, 0.000000, 1.000000, -0.997299, 0.072185, -0.013531, 0.000363, -0.015882, -0.032088, 0.999359, -0.086266, 0.071705, 0.996875, 0.033148, 0.030452, 0.000000, 0.000000, 0.000000, 1.000000
-14.8977, 24.9666, -11.5085, 260.9494, 282.9651, -24.9671, 211.2188, 0.3638, -86.2726, 30.4487, 0.999277, 0.036633, 0.010203, 0.024967, -0.037945, 0.978137, 0.204472, -0.011509, -0.002489, -0.204711, 0.978819, 0.260949, 0.000000, 0.000000, 0.000000, 1.000000, -0.002439, -0.206072, 0.978534, 0.282965, -0.999277, -0.036632, -0.010205, -0.024967, 0.037949, -0.977851, -0.205834, 0.211219, 0.000000, 0.000000, 0.000000, 1.000000, -0.997299, 0.072187, -0.013529, 0.000364, -0.015880, -0.032088, 0.999359, -0.086273, 0.071707, 0.996875, 0.033147, 0.030449, 0.000000, 0.000000, 0.000000, 1.000000
-14.8751, 24.9564, -11.5113, 260.8754, 282.8911, -24.9569, 211.2213, 0.3661, -86.3048, 30.4325, 0.999275, 0.036696, 0.010188, 0.024956, -0.038003, 0.978219, 0.204068, -0.011511, -0.002478, -0.204307, 0.978904, 0.260875, 0.000000, 0.000000, 0.000000, 1.000000, -0.002427, -0.205670, 0.978618, 0.282891, -0.999275, -0.036696, -0.010190, -0.024957, 0.038007, -0.977933, -0.205431, 0.211221, 0.000000, 0.000000, 0.000000, 1.000000, -0.997299, 0.072196, -0.013518, 0.000366, -0.015869, -0.032086, 0.999359, -0.086305, 0.071716, 0.996874, 0.033145, 0.030433, 0.000000, 0.000000, 0.000000, 1.000000
-14.8706, 24.9543, -11.5121, 260.8603, 282.8760, -24.9549, 211.2221, 0.3665, -86.3113, 30.4292, 0.999274, 0.036709, 0.010185, 0.024954, -0.038015, 0.978236, 0.203985, -0.011512, -0.002475, -0.204224, 0.978921, 0.260860, 0.000000, 0.000000, 0.000000, 1.000000, -0.002424, -0.205587, 0.978636, 0.282876, -0.999274, -0.036708, -0.010187, -0.024955, 0.038018, -0.977950, -0.205349, 0.211222, 0.000000, 0.000000, 0.000000, 1.000000, -0.997299, 0.072198, -0.013516, 0.000367, -0.015867, -0.032086, 0.999359, -0.086311, 0.071718, 0.996874, 0.033144, 0.030429, 0.000000, 0.000000, 0.000000, 1.000000
-14.8660, 24.9523, -11.5130, 260.8451, 282.8608, -24.9528, 211.2229, 0.3670, -86.3179, 30.4259, 0.999274, 0.036721, 0.010182, 0.024952, -0.038026, 0.978252, 0.203903, -0.011513, -0.002473, -0.204142, 0.978938, 0.260845, 0.000000, 0.000000, 0.000000, 1.000000, -0.002422, -0.205505, 0.978653, 0.282861, -0.999274, -0.036721, -0.010184, -0.024953, 0.038030, -0.977967, -0.205267, 0.211223, 0.000000, 0.000000, 0.000000, 1.000000, -0.997299, 0.072200, -0.013514, 0.000367, -0.015864, -0.032085, 0.999359, -0.086318, 0.071720, 0.996874, 0.033144, 0.030426, 0.000000, 0.000000, 0.000000, 1.000000
-14.8567, 24.9483, -11.5149, 260.8145, 282.8302, -24.9488, 211.2248, 0.3678, -86.3311, 30.4192, 0.999273, 0.036746, 0.010175, 0.024948, -0.038049, 0.978286, 0.203736, -0.011515, -0.002468, -0.203975, 0.978973, 0.260814, 0.000000, 0.000000, 0.000000, 1.000000, -0.002417, -0.205339, 0.978688, 0.282830, -0.999273, -0.036746, -0.010177, -0.024949, 0.038052, -0.978001, -0.205100, 0.211225, 0.000000, 0.000000, 0.000000, 1.000000, -0.997298, 0.072204, -0.013509, 0.000368, -0.015860, -0.032085, 0.999359, -0.086331, 0.071724, 0.996874, 0.033143, 0.030419, 0.000000, 0.000000, 0.000000, 1.000000
-14.8521, 24.9463, -11.5159, 260.7991, 282.8148, -24.9468, 211.2258, 0.3683, -86.3378, 30.4158, 0.999272, 0.036758, 0.010172, 0.024946, -0.038060, 0.978303, 0.203652, -0.011516, -0.002465, -0.203891, 0.978990, 0.260799, 0.000000, 0.000000, 0.000000, 1.000000, -0.002414, -0.205255, 0.978706, 0.282815, -0.999272, -0.036758, -0.010174, -0.024947, 0.038064, -0.978018, -0.205017, 0.211226, 0.000000, 0.000000, 0.000000, 1.000000, -0.997298, 0.072205, -0.013507, 0.000368, -0.015858, -0.032084, 0.999359, -0.086338, 0.071726, 0.996874, 0.033143, 0.030416, 0.000000, 0.000000, 0.000000, 1.000000
-14.8428, 24.9422, -11.5180, 260.7682, 282.7840, -24.9428, 211.2278, 0.3691, -86.3511, 30.4091, 0.999272, 0.036783, 0.010165, 0.024942, -0.038083, 0.978337, 0.203484, -0.011518, -0.002460, -0.203723, 0.979025, 0.260768, 0.000000, 0.000000, 0.000000, 1.000000, -0.002409, -0.205087, 0.978741, 0.282784, -0.999272, -0.036783, -0.010167, -0.024943, 0.038086, -0.978052, -0.204849, 0.211228, 0.000000, 0.000000, 0.000000, 1.000000, -0.997298, 0.072209, -0.013502, 0.000369, -0.015853, -0.032084, 0.999359, -0.086351, 0.071730, 0.996873, 0.033142, 0.030409, 0.000000, 0.000000, 0.000000, 1.000000
-14.8382, 24.9402, -11.5191, 260.7528, 282.7686, -24.9408, 211.2288, 0.3695, -86.3577, 30.4057, 0.999271, 0.036796, 0.010162, 0.024940, -0.038094, 0.978354, 0.203401, -0.011519, -0.002458, -0.203639, 0.979043, 0.260753, 0.000000, 0.000000, 0.000000, 1.000000, -0.002407, -0.205004, 0.978758, 0.282769, -0.999271, -0.036795, -0.010164, -0.024941, 0.038097, -0.978069, -0.204766, 0.211229, 0.000000, 0.000000, 0.000000, 1.000000, -0.997298, 0.072211, -0.013500, 0.000370, -0.015851, -0.032083, 0.999359, -0.086358, 0.071732, 0.996873, 0.033141, 0.030406, 0.000000, 0.000000, 0.000000, 1.000000
-14.8290, 24.9362, -11.5211, 260.7222, 282.7379, -24.9368, 211.2308, 0.3704, -86.3709, 30.3990, 0.999270, 0.036820, 0.010155, 0.024936, -0.038116, 0.978388, 0.203234, -0.011521, -0.002453, -0.203473, 0.979078, 0.260722, 0.000000, 0.000000, 0.000000, 1.000000, -0.002401, -0.204838, 0.978793, 0.282738, -0.999270, -0.036820, -0.010157, -0.024937, 0.038119, -0.978103, -0.204600, 0.211231, 0.000000, 0.000000, 0.000000, 1.000000, -0.997298, 0.072215, -0.013495, 0.000370, -0.015847, -0.032083, 0.999360, -0.086371, 0.071736, 0.996873, 0.033140, 0.030399, 0.000000, 0.000000, 0.000000, 1.000000
-14.8245, 24.9343, -11.5222, 260.7069, 282.7227, -24.9348, 211.2318, 0.3708, -86.3775, 30.3957, 0.999270, 0.036832, 0.010152, 0.024934, -0.038127, 0.978405, 0.203151, -0.011522, -0.002450, -0.203390, 0.979095, 0.260707, 0.000000, 0.000000, 0.000000, 1.000000, -0.002399, -0.204755, 0.978810, 0.282723, -0.999270, -0.036832, -0.010154, -0.024935, 0.038130, -0.978120, -0.204517, 0.211232, 0.000000, 0.000000, 0.000000, 1.000000, -0.997298, 0.072217, -0.013493, 0.000371, -0.015844, -0.032082, 0.999360, -0.086377, 0.071737, 0.996873, 0.033140, 0.030396, 0.000000, 0.000000, 0.000000, 1.000000
-14.8019, 24.9244, -11.5268, 260.6318, 282.6476, -24.9249, 211.2364, 0.3729, -86.4099, 30.3793, 0.999268, 0.036893, 0.010135, 0.024924, -0.038182, 0.978487, 0.202743, -0.011527, -0.002437, -0.202982, 0.979179, 0.260632, 0.000000, 0.000000, 0.000000, 1.000000, -0.002386, -0.204348, 0.978895, 0.282648, -0.999268, -0.036892, -0.010137, -0.024925, 0.038185, -0.978203, -0.204110, 0.211236, 0.000000, 0.000000, 0.000000, 1.000000, -0.997297, 0.072226, -0.013482, 0.000373, -0.015833, -0.032081, 0.999360, -0.086410, 0.071747, 0.996872, 0.033138, 0.030379, 0.000000, 0.000000, 0.000000, 1.000000
-14.7931, 24.9205, -11.5283, 260.6024, 282.6182, -24.9210, 211.2379, 0.3737, -86.4225, 30.3729, 0.999267, 0.036916, 0.010128, 0.024920, -0.038203, 0.978519, 0.202584, -0.011528, -0.002432, -0.202823, 0.979212, 0.260602, 0.000000, 0.000000, 0.000000, 1.000000, -0.002381, -0.204189, 0.978929, 0.282618, -0.999267, -0.036916, -0.010130, -0.024921, 0.038207, -0.978235, -0.203951, 0.211238, 0.000000, 0.000000, 0.000000, 1.000000, -0.997297, 0.072229, -0.013478, 0.000374, -0.015829, -0.032080, 0.999360, -0.086422, 0.071751, 0.996872, 0.033137, 0.030373, 0.000000, 0.000000, 0.000000, 1.000000
-14.7931, 24.9205, -11.5283, 260.6024, 282.6182, -24.9210, 211.2379, 0.3737, -86.4225, 30.3729, 0.999267, 0.036916, 0.010128, 0.024920, -0.038203, 0.978519, 0.202584, -0.011528, -0.002432, -0.202823, 0.979212, 0.260602, 0.000000, 0.000000, 0.000000, 1.000000, -0.002381, -0.204189, 0.978929, 0.282618, -0.999267, -0.036916, -0.010130, -0.024921, 0.038207, -0.978235, -0.203951, 0.211238, 0.000000, 0.000000, 0.000000, 1.000000, -0.997297, 0.072229, -0.013478, 0.000374, -0.015829, -0.032080, 0.999360, -0.086422, 0.071751, 0.996872, 0.033137, 0.030373, 0.000000, 0.000000, 0.000000, 1.000000
-14.7844, 24.9166, -11.5296, 260.5738, 282.5895, -24.9171, 211.2392, 0.3745, -86.4348, 30.3667, 0.999266, 0.036940, 0.010122, 0.024917, -0.038225, 0.978551, 0.202429, -0.011530, -0.002427, -0.202667, 0.979245, 0.260574, 0.000000, 0.000000, 0.000000, 1.000000, -0.002376, -0.204033, 0.978961, 0.282590, -0.999266, -0.036939, -0.010124, -0.024917, 0.038228, -0.978267, -0.203796, 0.211239, 0.000000, 0.000000, 0.000000, 1.000000, -0.997297, 0.072233, -0.013474, 0.000375, -0.015825, -0.032080, 0.999360, -0.086435, 0.071754, 0.996872, 0.033136, 0.030367, 0.000000, 0.000000, 0.000000, 1.000000
-14.7801, 24.9147, -11.5301, 260.5596, 282.5754, -24.9152, 211.2397, 0.3749, -86.4409, 30.3636, 0.999266, 0.036952, 0.010119, 0.024915, -0.038235, 0.978566, 0.202352, -0.011530, -0.002425, -0.202591, 0.979261, 0.260560, 0.000000, 0.000000, 0.000000, 1.000000, -0.002373, -0.203957, 0.978977, 0.282575, -0.999266, -0.036951, -0.010121, -0.024915, 0.038238, -0.978282, -0.203719, 0.211240, 0.000000, 0.000000, 0.000000, 1.000000, -0.997297, 0.072234, -0.013472, 0.000375, -0.015823, -0.032079, 0.999360, -0.086441, 0.071756, 0.996872, 0.033135, 0.030364, 0.000000, 0.000000, 0.000000, 1.000000
-14.7717, 24.9109, -11.5310, 260.5318, 282.5476, -24.9114, 211.2406, 0.3758, -86.4529, 30.3575, 0.999265, 0.036975, 0.010112, 0.024911, -0.038256, 0.978596, 0.202202, -0.011531, -0.002420, -0.202440, 0.979292, 0.260532, 0.000000, 0.000000, 0.000000, 1.000000, -0.002368, -0.203806, 0.979008, 0.282548, -0.999265, -0.036974, -0.010114, -0.024911, 0.038260, -0.978313, -0.203569, 0.211241, 0.000000, 0.000000, 0.000000, 1.000000, -0.997297, 0.072238, -0.013467, 0.000376, -0.015819, -0.032079, 0.999360, -0.086453, 0.071760, 0.996871, 0.033135, 0.030358, 0.000000, 0.000000, 0.000000, 1.000000
-14.7675, 24.9089, -11.5313, 260.5181, 282.5339, -24.9095, 211.2409, 0.3762, -86.4588, 30.3545, 0.999265, 0.036986, 0.010109, 0.024909, -0.038267, 0.978611, 0.202127, -0.011531, -0.002417, -0.202366, 0.979307, 0.260518, 0.000000, 0.000000, 0.000000, 1.000000, -0.002366, -0.203732, 0.979024, 0.282534, -0.999265, -0.036986, -0.010111, -0.024909, 0.038270, -0.978328, -0.203495, 0.211241, 0.000000, 0.000000, 0.000000, 1.000000, -0.997296, 0.072240, -0.013465, 0.000376, -0.015817, -0.032078, 0.999360, -0.086459, 0.071761, 0.996871, 0.033134, 0.030355, 0.000000, 0.000000, 0.000000, 1.000000
-14.7593, 24.9051, -11.5317, 260.4912, 282.5070, -24.9057, 211.2413, 0.3770, -86.4704, 30.3486, 0.999264, 0.037009, 0.010103, 0.024905, -0.038288, 0.978641, 0.201981, -0.011532, -0.002412, -0.202220, 0.979337, 0.260491, 0.000000, 0.000000, 0.000000, 1.000000, -0.002361, -0.203586, 0.979054, 0.282507, -0.999264, -0.037009, -0.010105, -0.024906, 0.038291, -0.978357, -0.203349, 0.211241, 0.000000, 0.000000, 0.000000, 1.000000, -0.997296, 0.072243, -0.013461, 0.000377, -0.015813, -0.032078, 0.999360, -0.086470, 0.071765, 0.996871, 0.033133, 0.030349, 0.000000, 0.000000, 0.000000, 1.000000
-14.7471, 24.8994, -11.5317, 260.4517, 282.4676, -24.9000, 211.2413, 0.3783, -86.4875, 30.3400, 0.999263, 0.037044, 0.010094, 0.024899, -0.038319, 0.978684, 0.201768, -0.011532, -0.002405, -0.202006, 0.979381, 0.260452, 0.000000, 0.000000, 0.000000, 1.000000, -0.002353, -0.203373, 0.979099, 0.282468, -0.999263, -0.037044, -0.010096, -0.024900, 0.038323, -0.978400, -0.203135, 0.211241, 0.000000, 0.000000, 0.000000, 1.000000, -0.997296, 0.072248, -0.013455, 0.000378, -0.015807, -0.032077, 0.999360, -0.086487, 0.071770, 0.996871, 0.033132, 0.030340, 0.000000, 0.000000, 0.000000, 1.000000
-14.7431, 24.8975, -11.5315, 260.4388, 282.4546, -24.8981, 211.2411, 0.3787, -86.4931, 30.3372, 0.999262, 0.037056, 0.010091, 0.024898, -0.038330, 0.978698, 0.201698, -0.011531, -0.002402, -0.201936, 0.979396, 0.260439, 0.000000, 0.000000, 0.000000, 1.000000, -0.002351, -0.203303, 0.979113, 0.282455, -0.999262, -0.037055, -0.010093, -0.024898, 0.038333, -0.978415, -0.203066, 0.211241, 0.000000, 0.000000, 0.000000, 1.000000, -0.997296, 0.072249, -0.013453, 0.000379, -0.015805, -0.032076, 0.999360, -0.086493, 0.071772, 0.996871, 0.033132, 0.030337, 0.000000, 0.000000, 0.000000, 1.000000
-14.7312, 24.8918, -11.5304, 260.4008, 282.4166, -24.8923, 211.2401, 0.3801, -86.5096, 30.3288, 0.999261, 0.037090, 0.010083, 0.024892, -0.038362, 0.978739, 0.201491, -0.011530, -0.002395, -0.201729, 0.979438, 0.260401, 0.000000, 0.000000, 0.000000, 1.000000, -0.002343, -0.203096, 0.979156, 0.282417, -0.999261, -0.037090, -0.010085, -0.024892, 0.038365, -0.978456, -0.202859, 0.211240, 0.000000, 0.000000, 0.000000, 1.000000, -0.997296, 0.072254, -0.013448, 0.000380, -0.015799, -0.032076, 0.999361, -0.086510, 0.071777, 0.996870, 0.033130, 0.030329, 0.000000, 0.000000, 0.000000, 1.000000
-14.7312, 24.8918, -11.5304, 260.4008, 282.4166, -24.8923, 211.2401, 0.3801, -86.5096, 30.3288, 0.999261, 0.037090, 0.010083, 0.024892, -0.038362, 0.978739, 0.201491, -0.011530, -0.002395, -0.201729, 0.979438, 0.260401, 0.000000, 0.000000, 0.000000, 1.000000, -0.002343, -0.203096, 0.979156, 0.282417, -0.999261, -0.037090, -0.010085, -0.024892, 0.038365, -0.978456, -0.202859, 0.211240, 0.000000, 0.000000, 0.000000, 1.000000, -0.997296, 0.072254, -0.013448, 0.000380, -0.015799, -0.032076, 0.999361, -0.086510, 0.071777, 0.996870, 0.033130, 0.030329, 0.000000, 0.000000, 0.000000, 1.000000
-14.7234, 24.8880, -11.5293, 260.3760, 282.3917, -24.8885, 211.2390, 0.3810, -86.5203, 30.3233, 0.999260, 0.037113, 0.010077, 0.024888, -0.038383, 0.978766, 0.201357, -0.011529, -0.002390, -0.201595, 0.979466, 0.260376, 0.000000, 0.000000, 0.000000, 1.000000, -0.002338, -0.202962, 0.979184, 0.282392, -0.999260, -0.037113, -0.010079, -0.024888, 0.038386, -0.978483, -0.202725, 0.211239, 0.000000, 0.000000, 0.000000, 1.000000, -0.997295, 0.072257, -0.013444, 0.000381, -0.015796, -0.032075, 0.999361, -0.086520, 0.071780, 0.996870, 0.033130, 0.030323, 0.000000, 0.000000, 0.000000, 1.000000
-14.7196, 24.8860, -11.5286, 260.3638, 282.3796, -24.8866, 211.2383, 0.3814, -86.5256, 30.3207, 0.999260, 0.037125, 0.010074, 0.024886, -0.038393, 0.978779, 0.201291, -0.011529, -0.002388, -0.201529, 0.979480, 0.260364, 0.000000, 0.000000, 0.000000, 1.000000, -0.002336, -0.202896, 0.979198, 0.282380, -0.999260, -0.037125, -0.010076, -0.024887, 0.038397, -0.978496, -0.202659, 0.211238, 0.000000, 0.000000, 0.000000, 1.000000, -0.997295, 0.072259, -0.013442, 0.000381, -0.015794, -0.032075, 0.999361, -0.086526, 0.071781, 0.996870, 0.033129, 0.030321, 0.000000, 0.000000, 0.000000, 1.000000
-14.7120, 24.8822, -11.5270, 260.3398, 282.3556, -24.8828, 211.2368, 0.3823, -86.5360, 30.3154, 0.999259, 0.037148, 0.010069, 0.024882, -0.038415, 0.978805, 0.201161, -0.011527, -0.002383, -0.201399, 0.979506, 0.260340, 0.000000, 0.000000, 0.000000, 1.000000, -0.002331, -0.202766, 0.979225, 0.282356, -0.999259, -0.037148, -0.010071, -0.024883, 0.038418, -0.978522, -0.202529, 0.211237, 0.000000, 0.000000, 0.000000, 1.000000, -0.997295, 0.072262, -0.013438, 0.000382, -0.015790, -0.032074, 0.999361, -0.086536, 0.071785, 0.996870, 0.033128, 0.030315, 0.000000, 0.000000, 0.000000, 1.000000
-14.7045, 24.8784, -11.5251, 260.3163, 282.3321, -24.8790, 211.2349, 0.3833, -86.5463, 30.3102, 0.999258, 0.037171, 0.010064, 0.024878, -0.038436, 0.978830, 0.201033, -0.011525, -0.002378, -0.201271, 0.979533, 0.260316, 0.000000, 0.000000, 0.000000, 1.000000, -0.002327, -0.202638, 0.979251, 0.282332, -0.999258, -0.037171, -0.010066, -0.024879, 0.038439, -0.978548, -0.202401, 0.211235, 0.000000, 0.000000, 0.000000, 1.000000, -0.997295, 0.072265, -0.013434, 0.000383, -0.015786, -0.032073, 0.999361, -0.086546, 0.071788, 0.996870, 0.033127, 0.030310, 0.000000, 0.000000, 0.000000, 1.000000
-14.7008, 24.8765, -11.5240, 260.3046, 282.3204, -24.8771, 211.2339, 0.3837, -86.5514, 30.3076, 0.999258, 0.037183, 0.010061, 0.024877, -0.038447, 0.978843, 0.200970, -0.011524, -0.002376, -0.201208, 0.979546, 0.260305, 0.000000, 0.000000, 0.000000, 1.000000, -0.002324, -0.202575, 0.979264, 0.282320, -0.999258, -0.037182, -0.010063, -0.024877, 0.038450, -0.978561, -0.202338, 0.211234, 0.000000, 0.000000, 0.000000, 1.000000, -0.997295, 0.072266, -0.013433, 0.000384, -0.015785, -0.032073, 0.999361, -0.086551, 0.071789, 0.996870, 0.033127, 0.030308, 0.000000, 0.000000, 0.000000, 1.000000
-14.6934, 24.8727, -11.5217, 260.2816, 282.2974, -24.8732, 211.2316, 0.3847, -86.5614, 30.3025, 0.999257, 0.037206, 0.010056, 0.024873, -0.038468, 0.978867, 0.200845, -0.011522, -0.002371, -0.201083, 0.979571, 0.260282, 0.000000, 0.000000, 0.000000, 1.000000, -0.002320, -0.202450, 0.979290, 0.282297, -0.999257, -0.037206, -0.010058, -0.024873, 0.038471, -0.978586, -0.202213, 0.211232, 0.000000, 0.000000, 0.000000, 1.000000, -0.997295, 0.072269, -0.013429, 0.000385, -0.015781, -0.032072, 0.999361, -0.086561, 0.071792, 0.996869, 0.033126, 0.030303, 0.000000, 0.000000, 0.000000, 1.000000
-14.6860, 24.8689, -11.5191, 260.2589, 282.2747, -24.8694, 211.2291, 0.3856, -86.5713, 30.2975, 0.999256, 0.037229, 0.010052, 0.024869, -0.038490, 0.978892, 0.200722, -0.011519, -0.002367, -0.200960, 0.979597, 0.260259, 0.000000, 0.000000, 0.000000, 1.000000, -0.002315, -0.202326, 0.979315, 0.282275, -0.999256, -0.037229, -0.010054, -0.024869, 0.038493, -0.978610, -0.202090, 0.211229, 0.000000, 0.000000, 0.000000, 1.000000, -0.997295, 0.072272, -0.013425, 0.000386, -0.015777, -0.032072, 0.999361, -0.086571, 0.071796, 0.996869, 0.033125, 0.030298, 0.000000, 0.000000, 0.000000, 1.000000
-14.6714, 24.8612, -11.5133, 260.2142, 282.2300, -24.8617, 211.2234, 0.3875, -86.5909, 30.2876, 0.999255, 0.037276, 0.010042, 0.024861, -0.038533, 0.978940, 0.200479, -0.011513, -0.002358, -0.200717, 0.979647, 0.260214, 0.000000, 0.000000, 0.000000, 1.000000, -0.002306, -0.202083, 0.979366, 0.282230, -0.999255, -0.037276, -0.010044, -0.024862, 0.038536, -0.978659, -0.201847, 0.211223, 0.000000, 0.000000, 0.000000, 1.000000, -0.997294, 0.072278, -0.013418, 0.000388, -0.015770, -0.032070, 0.999361, -0.086591, 0.071802, 0.996869, 0.033123, 0.030288, 0.000000, 0.000000, 0.000000, 1.000000
-14.6714, 24.8612, -11.5133, 260.2142, 282.2300, -24.8617, 211.2234, 0.3875, -86.5909, 30.2876, 0.999255, 0.037276, 0.010042, 0.024861, -0.038533, 0.978940, 0.200479, -0.011513, -0.002358, -0.200717, 0.979647, 0.260214, 0.000000, 0.000000, 0.000000, 1.000000, -0.002306, -0.202083, 0.979366, 0.282230, -0.999255, -0.037276, -0.010044, -0.024862, 0.038536, -0.978659, -0.201847, 0.211223, 0.000000, 0.000000, 0.000000, 1.000000, -0.997294, 0.072278, -0.013418, 0.000388, -0.015770, -0.032070, 0.999361, -0.086591, 0.071802, 0.996869, 0.033123, 0.030288, 0.000000, 0.000000, 0.000000, 1.000000
-14.6643, 24.8573, -11.5101, 260.1924, 282.2082, -24.8579, 211.2203, 0.3885, -86.6005, 30.2827, 0.999254, 0.037300, 0.010038, 0.024857, -0.038555, 0.978963, 0.200360, -0.011510, -0.002353, -0.200598, 0.979671, 0.260192, 0.000000, 0.000000, 0.000000, 1.000000, -0.002301, -0.201964, 0.979390, 0.282208, -0.999254, -0.037299, -0.010040, -0.024858, 0.038558, -0.978682, -0.201728, 0.211220, 0.000000, 0.000000, 0.000000, 1.000000, -0.997294, 0.072281, -0.013414, 0.000389, -0.015767, -0.032070, 0.999361, -0.086600, 0.071805, 0.996869, 0.033123, 0.030283, 0.000000, 0.000000, 0.000000, 1.000000
-14.6607, 24.8554, -11.5084, 260.1815, 282.1973, -24.8560, 211.2187, 0.3890, -86.6053, 30.2803, 0.999253, 0.037311, 0.010036, 0.024855, -0.038566, 0.978975, 0.200301, -0.011508, -0.002351, -0.200539, 0.979683, 0.260182, 0.000000, 0.000000, 0.000000, 1.000000, -0.002299, -0.201905, 0.979402, 0.282197, -0.999253, -0.037311, -0.010038, -0.024856, 0.038569, -0.978694, -0.201668, 0.211219, 0.000000, 0.000000, 0.000000, 1.000000, -0.997294, 0.072282, -0.013413, 0.000389, -0.015765, -0.032069, 0.999361, -0.086605, 0.071806, 0.996869, 0.033122, 0.030280, 0.000000, 0.000000, 0.000000, 1.000000
