camera_matrix:
- - 654.4871768863393
  - 0.0
  - 634.3854120390858
- - 0.0
  - 655.0404171187992
  - 354.0570497002889
- - 0.0
  - 0.0
  - 1.0
dist_coeffs:
- - -0.046928824384532906
  - 0.052936443813513805
  - -0.0005328187456099375
  - -0.0005815689556506086
  - -0.0167541254657725
height: 720
rms_error: 0.13880119188606588
width: 1280
