camera_matrix:
- - 653.1193280162385
  - 0.0
  - 637.3473059832402
- - 0.0
  - 654.5036069981438
  - 350.1286150689248
- - 0.0
  - 0.0
  - 1.0
dist_coeffs:
- - -0.05080470904848206
  - 0.06667490560681408
  - -0.001744790250165873
  - 0.0005576150243886562
  - -0.028022679061024118
height: 720
rms_error: 0.18331346774836266
width: 1280
