camera_matrix:
- - 656.9124854370402
  - 0.0
  - 627.3926619432883
- - 0.0
  - 657.7112622524429
  - 361.93323273961715
- - 0.0
  - 0.0
  - 1.0
dist_coeffs:
- -0.04790227808406566
- 0.05919229835214171
- 0.0
- 0.0
- -0.02176932981159873
height: 720
rms_error: 0.2105309796334233
width: 1280
