camera_matrix:
- - 659.0474183844638
  - 0.0
  - 626.639906548112
- - 0.0
  - 659.906393273226
  - 356.48560942182826
- - 0.0
  - 0.0
  - 1.0
dist_coeffs:
- -0.04877444332800146
- 0.06386774366650012
- -0.0023515070134175003
- -0.00010025655664980074
- -0.023916189340818468
height: 720
rms_error: 0.2409697397917853
width: 1280
