camera_matrix:
- - 648.9629010663339
  - 0.0
  - 643.8405655730912
- - 0.0
  - 649.3678102506213
  - 363.4243159582858
- - 0.0
  - 0.0
  - 1.0
dist_coeffs:
- - -0.053339353218752515
  - 0.055257695556121866
  - -0.0001882824736138129
  - 0.0015349709653990767
  - -0.01678348383796777
height: 720
width: 1280
