camera_matrix:
- - 648.066539941248
  - 0.0
  - 641.967085791552
- - 0.0
  - 649.119691071134
  - 363.25532161511455
- - 0.0
  - 0.0
  - 1.0
dist_coeffs:
- - -0.052569966256710406
  - 0.05320004365272341
  - -0.0004866636924000182
  - 0.0012557301997209586
  - -0.015872073122763515
height: 720
width: 1280