camera_matrix:
- - 653.6914086858459
  - 0.0
  - 640.878446317423
- - 0.0
  - 654.7281691296404
  - 361.51112167696766
- - 0.0
  - 0.0
  - 1.0
dist_coeffs:
- - -0.046749826372039616
  - 0.05101136836212115
  - -0.00018965926326557203
  - 0.0008531747943160966
  - -0.015385943232374886
height: 720
width: 1280
