camera_matrix:
- - 654.7078728884652
  - 0.0
  - 637.1654060252749
- - 0.0
  - 655.4028292573823
  - 360.5474214863003
- - 0.0
  - 0.0
  - 1.0
dist_coeffs:
- - -0.051127813073587186
  - 0.05904953327765806
  - -0.0009117131649761854
  - -0.0007554340527270096
  - -0.022380072134108333
height: 720
rms_error: 0.1335316364432373
width: 1280
