camera_matrix:
- - 645.4050837347359
  - 0.0
  - 642.8807178260896
- - 0.0
  - 646.1995611142014
  - 363.1623561845112
- - 0.0
  - 0.0
  - 1.0
dist_coeffs:
- - -0.0513258479896182
  - 0.05206627404402221
  - -0.0006709991355538892
  - 0.00064850642334651
  - -0.01664239204139171
height: 720
width: 1280
