camera_matrix:
- - 661.3193940166121
  - 0.0
  - 637.0385028440371
- - 0.0
  - 661.894624364369
  - 354.2969968112178
- - 0.0
  - 0.0
  - 1.0
dist_coeffs:
- -0.04789253604921091
- 0.061387601212494175
- 0.0
- 0.0
- -0.024591822099826695
height: 720
rms_error: 0.21601963085100956
width: 1280
