camera_matrix:
- - 653.8595182371367
  - 0.0
  - 636.3469393861185
- - 0.0
  - 654.3855224125919
  - 351.6651360966171
- - 0.0
  - 0.0
  - 1.0
dist_coeffs:
- - -0.050185445415585256
  - 0.06332810800542209
  - -0.001790456602757697
  - 0.00020322349848085082
  - -0.024684696182232423
height: 720
rms_error: 0.15474184462277443
width: 1280
