camera:
  Tf_to_marker_left: [0.00000, 0.05400, -0.05110, 89.23, 1.51, -0.00]
  Tf_to_marker_left_v12: [0.0, 0.054, -0.048, 90.0, 0.0, 0.0]
  Tf_to_marker_left_v13: [0.097, 0.0, -0.005, 90.0, 0.0, -90.0]
  Tf_to_marker_right: [0.00000, -0.05190, -0.04280, 90.22, 1.21, 180.00]
  Tf_to_marker_right_v12: [0.0, -0.054, -0.048, 90.0,0.0, 180.0]
  Tf_to_marker_right_v13: [0.097, 0.0, -0.005, 90.0, 0.0, -90.0]
  camera_mount_link: link_head_2
  fps: 30
  head_base_to_cam: [0.102, 0.009, 0.044, -90.0, 0.0, -90.0]
  height: 720
  mount_to_cam: [0.047, 0.009, 0.057, -90.0, 0.0, -90.0] # [0.023, 0.0, 0.066,0.0,90.0,0.0]
  width: 1280
joint_offset:
  left:
    joint3: 0.0
    joint5: 0.0
    joint6: 0.0
  right:
    joint3: 0.0
    joint5: 0.0
    joint6: 0.0
