camera:
  Tf_to_marker_left: [0.00000, 0.05450, -0.05000, 90.10, 0.09, 0.00]
  Tf_to_marker_left_v12: [0.0, 0.054, -0.048, 90.0, 0.0, 0.0]
  Tf_to_marker_left_v13: [0.097, 0.0, -0.005, 90.0, 0.0, -90.0]
  Tf_to_marker_right: [0.00000, -0.05390, -0.04600, 90.08, 0.10, 180.00]
  Tf_to_marker_right_v12: [0.0, -0.054, -0.048, 90.0,0.0, 180.0]
  Tf_to_marker_right_v13: [0.097, 0.0, -0.005, 90.0, 0.0, -90.0]
  camera_mount_link: link_head_2
  fps: 30
  head_base_to_cam: [0.102, 0.009, 0.044, -90.0, 0.0, -90.0]
  height: 720
  mount_to_cam: [0.047, 0.009, 0.057, -90.0, 0.0, -90.0] # [0.023, 0.0, 0.066,0.0,90.0,0.0]
  width: 1280
joint_offset:
  left:
    joint3: -0.7016393250198902
    joint5: 2.976005748097781
    joint6: -3.49950753092668
  right:
    joint3: -0.4971625175208523
    joint5: -5.367180225497985
    joint6: -2.349746586714213
thermal_compensation:
  enabled: false
  baseline_temp: 32.0
  focal_scale_per_deg: 0.00028
  pp_x_shift_per_deg: 0.035
  pp_y_shift_per_deg: -0.142

marker:

  plate:
    left_ids:
    - 7
    right_ids:
    - 8
    plate_size_mm: 80.0
